{"tonal": {"thpcp": [1, 0.914761543274, 0.63079726696, 0.542514503002, 0.439541369677, 0.441544950008, 0.727643728256, 0.87713509798, 0.767930448055, 0.69690400362, 0.579621434212, 0.520540654659, 0.615469872952, 0.556030273438, 0.44827914238, 0.579735100269, 0.595937669277, 0.464725226164, 0.455842316151, 0.462277710438, 0.504928410053, 0.746517062187, 0.834834158421, 0.627581596375, 0.504509925842, 0.47427123785, 0.522372722626, 0.752929031849, 0.726254880428, 0.49106451869, 0.547819554806, 0.582271337509, 0.423719584942, 0.416930288076, 0.530022859573, 0.70779299736], "hpcp": {"dmean2": [0.265481323004, 0.216912478209, 0.199865266681, 0.256824970245, 0.308378994465, 0.259897232056, 0.250713974237, 0.239839985967, 0.236761212349, 0.278636008501, 0.249931558967, 0.197475805879, 0.236540347338, 0.219488441944, 0.191313445568, 0.217807769775, 0.20889121294, 0.226209536195, 0.274385094643, 0.278507232666, 0.261568844318, 0.258851021528, 0.21005640924, 0.239039674401, 0.329451620579, 0.288499385118, 0.221591979265, 0.233213141561, 0.217048168182, 0.191281527281, 0.202163204551, 0.25305506587, 0.270937770605, 0.35992500186, 0.347857773304, 0.283240765333], "median": [0.0372483693063, 0.02768602781, 0.037531465292, 0.0632100254297, 0.0849104300141, 0.0782458633184, 0.0547385960817, 0.0386412553489, 0.0442354343832, 0.0518801026046, 0.0431984513998, 0.0355014540255, 0.0384693741798, 0.037835881114, 0.035770688206, 0.0317696072161, 0.0334763899446, 0.0375864766538, 0.0604901984334, 0.0604861490428, 0.0417480915785, 0.0253719110042, 0.0210107117891, 0.0391267240047, 0.0501772761345, 0.0471241921186, 0.0344275049865, 0.0386083759367, 0.0341134108603, 0.0270851552486, 0.0258831493556, 0.0304569751024, 0.0522975698113, 0.090302914381, 0.0880370885134, 0.0584120377898], "min": [0, 0, 0, 0, 0, 0, 0, 0, 0, 0, 0, 0, 0, 0, 0, 0, 0, 0, 0, 0, 0, 0, 0, 0, 0, 0, 0, 0, 0, 0, 0, 0, 0, 0, 0, 0], "dvar2": [0.138415023685, 0.111784011126, 0.10636819154, 0.110956452787, 0.150273099542, 0.122244410217, 0.129578337073, 0.124825567007, 0.11482603848, 0.146149665117, 0.125022649765, 0.0910568088293, 0.116846688092, 0.110794067383, 0.0821479186416, 0.110761165619, 0.092670366168, 0.106532596052, 0.122109830379, 0.130467310548, 0.127411603928, 0.150186672807, 0.11211309582, 0.114996150136, 0.192788258195, 0.138312533498, 0.10222183913, 0.110797449946, 0.110220335424, 0.0916565358639, 0.0915059372783, 0.137314781547, 0.124694749713, 0.172798782587, 0.150020688772, 0.147099852562], "dvar": [0.0515072904527, 0.0410438254476, 0.0405292063951, 0.0435635633767, 0.056043792516, 0.0457794517279, 0.047163579613, 0.0455096364021, 0.0428968369961, 0.054323989898, 0.0471247807145, 0.0345555283129, 0.0437397658825, 0.0408528037369, 0.0303955413401, 0.0408440120518, 0.0360340513289, 0.0410601571202, 0.0481319576502, 0.0528595112264, 0.0475252196193, 0.0564564876258, 0.044413022697, 0.04367961362, 0.0721519812942, 0.0540742687881, 0.0387874394655, 0.0416767820716, 0.0427553579211, 0.0335940271616, 0.0355233363807, 0.0549107939005, 0.0497754849494, 0.0715102702379, 0.0627498775721, 0.0536325573921], "dmean": [0.148914307356, 0.122290015221, 0.115522071719, 0.153334125876, 0.181043922901, 0.151121363044, 0.146500885487, 0.136456936598, 0.136391371489, 0.158349454403, 0.142470672727, 0.113554812968, 0.136042714119, 0.128638461232, 0.109618499875, 0.123656228185, 0.119519770145, 0.127785652876, 0.160270765424, 0.161605045199, 0.150697857141, 0.144607499242, 0.120796591043, 0.136623099446, 0.186134085059, 0.168119996786, 0.127458825707, 0.133492663503, 0.12785089016, 0.11049015075, 0.116922535002, 0.145075395703, 0.155024126172, 0.206423893571, 0.205475851893, 0.160722196102], "max": [1, 1, 1, 1, 1, 1, 1, 1, 1, 1, 1, 1, 1, 1, 1, 1, 1, 1, 1, 1, 1, 1, 1, 1, 1, 1, 1, 1, 1, 1, 1, 1, 1, 1, 1, 1], "var": [0.0528349690139, 0.0387630425394, 0.0362563244998, 0.0589936636388, 0.0790160894394, 0.063919365406, 0.0677349939942, 0.055080037564, 0.0422781519592, 0.0563118308783, 0.0488688647747, 0.0337627381086, 0.0523710176349, 0.0579632893205, 0.0343066602945, 0.0377314500511, 0.03694299981, 0.0419059917331, 0.066458106041, 0.088194437325, 0.0554062612355, 0.053888246417, 0.0522463321686, 0.0458021014929, 0.078777179122, 0.0713841542602, 0.0409874692559, 0.0490774475038, 0.0623063370585, 0.0347179025412, 0.0351424738765, 0.0541260950267, 0.0703905448318, 0.10446113348, 0.0855019018054, 0.0537559054792], "mean": [0.134822919965, 0.1092325598, 0.109730482101, 0.180830284953, 0.217981100082, 0.19084212184, 0.173190996051, 0.144044533372, 0.129362091422, 0.152953416109, 0.138181790709, 0.111404031515, 0.144072785974, 0.14809936285, 0.115491122007, 0.113283589482, 0.114882878959, 0.125482216477, 0.185520589352, 0.207468688488, 0.155963346362, 0.125378221273, 0.117863453925, 0.129817381501, 0.187114059925, 0.180485129356, 0.122036829591, 0.136141300201, 0.14470307529, 0.105300612748, 0.103613369167, 0.131718561053, 0.175897076726, 0.248514860868, 0.227331832051, 0.156762495637]}, "tuning_equal_tempered_deviation": 0.179580688477, "chords_changes_rate": 0.095657646656, "key_key": "G#", "tuning_diatonic_strength": 0.509663164616, "key_scale": "major", "chords_number_rate": 0.0113278795034, "tuning_frequency": 432.690917969, "tuning_nontempered_energy_ratio": 0.900111913681, "chords_histogram": [19.0056648254, 0.377595961094, 4.09062290192, 5.41220903397, 2.89490246773, 1.06985521317, 0.125865325332, 4.65701675415, 2.3914411068, 1.95091247559, 2.26557588577, 0.692259311676, 0, 0, 1.51038384438, 0.62932664156, 2.83196973801, 4.21648836136, 2.95783519745, 14.7891759872, 1.13278794289, 13.3417243958, 5.22341108322, 8.43297672272], "key_strength": 0.685431003571, "chords_key": "G#", "chords_strength": {"dmean2": 0.0182339083403, "median": 0.457396626472, "min": 0.24532879889, "dvar2": 0.00025402373285, "dvar": 0.000161578238476, "dmean": 0.0157707259059, "max": 0.723133385181, "var": 0.00822727847844, "mean": 0.459283202887}, "chords_scale": "major", "hpcp_entropy": {"dmean2": 1.24390161037, "median": 2.33132791519, "min": 0, "dvar2": 0.912414848804, "dvar": 0.349131315947, "dmean": 0.73269200325, "max": 4.39294147491, "var": 0.750801026821, "mean": 2.2752532959}}, "metadata": {"audio_properties": {"equal_loudness": 0, "codec": "mp3", "downmix": "mix", "sample_rate": 44100, "analysis_sample_rate": 44100, "bit_rate": 161924, "md5_encoded": "6c8cdfc05b1c88a547d6facec769174c", "length": 73.7175521851, "replay_gain": -10.7978553772, "lossless": false}, "version": {"essentia_build_sha": "26c37b627ab5a2028d412893e0969599b764ad4d", "essentia": "2.1-beta2", "extractor": "music 1.0", "essentia_git_sha": "v2.1_beta2"}, "tags": {"title": ["Intro"], "barcode": ["724381009727"], "media": ["CD"], "albumartist": ["N*E*R*D"], "musicbrainz_recordingid": ["0600db6d-9e89-4f34-8dfd-9193de53958a"], "mood": ["Funky; Sexy; Mellow; Chill"], "musicbrainz_albumartistid": ["3fb49f5a-fdc0-4789-9c84-22b38b3f3cb5"], "originalyear": ["2001"], "discnumber": ["1/1"], "album": ["In Search Of..."], "catalognumber": ["7243 8 10097 2 7"], "contentgroup": ["Soul"], "musicbrainz album type": ["album"], "musicbrainz album status": ["official"], "file_name": "02 Intro.mp3", "originaldate": ["2001-08-06"], "date": ["2001-08-06"], "genre": ["Soul; Rap; Alternative; Trip-Hop; Funk"], "musicbrainz album release country": ["GB"], "musicbrainz_releasegroupid": ["bd47b812-3e40-3d5c-927e-4ef236a7ea27"], "musicbrainz_artistid": ["3fb49f5a-fdc0-4789-9c84-22b38b3f3cb5"], "asin": ["B00005JRSZ"], "musicbrainz_albumid": ["52c73ac0-34b5-4e3c-9843-490cebd9e9f0"], "artist": ["N*E*R*D"], "artistsort": ["N.E.R.D"], "tracknumber": ["2/13"], "label": ["Virgin Records America"], "albumartistsort": ["N.E.R.D"], "script": ["Latn"]}}, "rhythm": {"bpm_histogram_first_peak_bpm": {"dmean2": 0, "median": 92, "min": 92, "dvar2": 0, "dvar": 0, "dmean": 0, "max": 92, "var": 0, "mean": 92}, "bpm": 92.0674743652, "bpm_histogram_second_peak_spread": {"dmean2": 0, "median": 0.46875, "min": 0.46875, "dvar2": 0, "dvar": 0, "dmean": 0, "max": 0.46875, "var": 0, "mean": 0.46875}, "bpm_histogram_first_peak_weight": {"dmean2": 0, "median": 0.387931019068, "min": 0.387931019068, "dvar2": 0, "dvar": 0, "dmean": 0, "max": 0.387931019068, "var": 0, "mean": 0.387931019068}, "onset_rate": 3.71601200104, "beats_position": [0.557278871536, 1.13777780533, 1.71827661991, 2.29877543449, 2.87927436829, 3.45977306366, 4.05188179016, 4.59755086899, 5.15482997894, 5.71210861206, 6.31582736969, 6.93115615845, 7.55809497833, 8.18503379822, 8.8119726181, 9.42730140686, 10.0310201645, 10.6347389221, 11.2152376175, 11.7957363129, 12.3762359619, 12.9567346573, 13.5836734772, 14.2106122971, 14.8491611481, 15.4296598434, 16.0101585388, 16.602268219, 17.1827659607, 17.7632656097, 18.3785934448, 19.0055332184, 19.6324710846, 20.247800827, 20.8631286621, 21.4784584045, 22.1053962708, 22.7671642303, 23.4289340973, 24.0907020569, 24.7524719238, 25.4142398834, 26.076007843, 26.7609977722, 27.4459857941, 28.142583847, 28.8275737762, 29.5125617981, 30.1859397888, 30.8593196869, 31.5094776154, 32.1596374512, 32.8097953796, 33.4599533081, 34.1101112366, 34.7602729797, 35.4104309082, 36.0838088989, 36.7339668274, 37.3841247559, 38.034286499, 38.6844444275, 39.3462142944, 39.9847602844, 40.6349182129, 41.3083000183, 41.9584579468, 42.6086158752, 43.2471656799, 43.9089317322, 44.5590934753, 45.2092514038, 45.8478012085, 46.5095672607, 47.1597251892, 47.8098869324, 48.4716529846, 49.1334228516, 49.78358078, 50.4337387085, 51.0722885132, 51.7108383179, 52.3609962463, 53.0111541748, 53.6497039795, 54.2882537842, 54.9384117126, 55.6001815796, 56.2619476318, 56.912109375, 57.5622673035, 58.2124252319, 58.8625831604, 59.5127410889, 60.162902832, 60.8246688843, 61.4864387512, 62.1365966797, 62.6706581116, 63.2163238525, 63.7387733459, 64.3308868408, 64.9229888916, 65.5034942627, 66.0839920044, 66.6761016846, 67.2565994263, 67.8487091064, 68.4059829712, 68.9748764038, 69.5553741455, 70.1242599487, 70.6815414429, 71.2504272461, 71.8193206787, 72.3882064819, 72.9570999146], "beats_loudness": {"dmean2": 0.0730795785785, "median": 0.0084064360708, "min": 1.61851616554e-07, "dvar2": 0.00924995262176, "dvar": 0.00349010480568, "dmean": 0.0417212918401, "max": 0.220551714301, "var": 0.00302428775467, "mean": 0.0310733150691}, "danceability": 1.280397892, "bpm_histogram_second_peak_weight": {"dmean2": 0, "median": 0.146551728249, "min": 0.146551728249, "dvar2": 0, "dvar": 0, "dmean": 0, "max": 0.146551728249, "var": 0, "mean": 0.146551728249}, "beats_count": 117, "bpm_histogram_second_peak_bpm": {"dmean2": 0, "median": 103, "min": 103, "dvar2": 0, "dvar": 0, "dmean": 0, "max": 103, "var": 0, "mean": 103}, "bpm_histogram_first_peak_spread": {"dmean2": 0, "median": 0.347826063633, "min": 0.347826063633, "dvar2": 0, "dvar": 0, "dmean": 0, "max": 0.347826063633, "var": 0, "mean": 0.347826063633}, "beats_loudness_band_ratio": {"dmean2": [0.627051234245, 0.285464167595, 0.271784633398, 0.13833424449, 0.325858831406, 0.419058859348], "median": [0.155312255025, 0.0449192635715, 0.0560886114836, 0.0382723212242, 0.0651888996363, 0.133639797568], "min": [0.000307251466438, 0.000127731065731, 3.82663019991e-05, 9.39644360187e-06, 4.7213761718e-06, 0.000212240571273], "dvar2": [0.257186949253, 0.133102864027, 0.0918361842632, 0.0274108499289, 0.0739727318287, 0.13500648737], "dvar": [0.107811823487, 0.0389566645026, 0.0381621643901, 0.0101364273578, 0.0231478493661, 0.0562438853085], "dmean": [0.339337438345, 0.156687110662, 0.1519947052, 0.0818791389465, 0.1687361449, 0.253812372684], "max": [0.995457649231, 0.948421359062, 0.853565335274, 0.570907950401, 0.623434364796, 0.97520428896], "var": [0.109538339078, 0.0391297452152, 0.038100682199, 0.0125219598413, 0.0242620613426, 0.0729106292129], "mean": [0.300608247519, 0.136568576097, 0.142698228359, 0.0842798277736, 0.130719467998, 0.231808632612]}}, "lowlevel": {"barkbands_spread": {"dmean2": 19.4469909668, "median": 29.6907157898, "min": 0.0587614327669, "dvar2": 445.835021973, "dvar": 190.324401855, "dmean": 12.1751461029, "max": 126.108642578, "var": 569.101135254, "mean": 32.2963943481}, "melbands_spread": {"dmean2": 31.2400379181, "median": 26.8453521729, "min": 0.119894482195, "dvar2": 1885.45324707, "dvar": 852.874572754, "dmean": 19.8349590302, "max": 284.756286621, "var": 2122.15722656, "mean": 43.6039123535}, "hfc": {"dmean2": 19.2088260651, "median": 4.26682901382, "min": 1.09965747975e-16, "dvar2": 2038.73046875, "dvar": 1025.83984375, "dmean": 13.0601701736, "max": 393.226043701, "var": 1804.43139648, "mean": 19.9196853638}, "barkbands_kurtosis": {"dmean2": 17.4965362549, "median": 1.3828098774, "min": -1.96524393559, "dvar2": 7182.97363281, "dvar": 3532.26611328, "dmean": 11.1315832138, "max": 1764.7565918, "var": 5741.40185547, "mean": 14.9782342911}, "gfcc": {"mean": [-146.469802856, 44.6738319397, -102.321372986, 28.3122940063, -63.9826393127, 19.2927703857, -43.3577384949, 6.87393379211, -16.7869110107, -1.70980715752, -14.1549873352, -0.710626006126, -18.6208839417], "icov": [[5.16895706824e-05, -2.35343031818e-05, 0.000131450287881, -3.62633254554e-05, 0.000107625790406, -0.000175204098923, 0.000176912726602, -0.000139873140142, 1.45205931403e-05, -3.98507618229e-05, -3.39125617757e-05, -0.00011744301446, -2.86308259092e-05], [-2.35343031818e-05, 0.000753427681047, -0.000292498007184, 0.000658378528897, -0.000527492549736, 0.000468678597827, -0.000241224654019, 0.000631316215731, -0.000653838273138, 0.000921192287933, -0.000621913000941, 0.000265173148364, -0.000527124386281], [0.000131450287881, -0.000292498007184, 0.00106255861465, -0.00047787357471, 0.00022745601018, -0.000782753515523, 0.000614688207861, -0.000826585222967, 0.000824981485493, -0.00086546089733, 0.000301703374134, -0.000660006247927, -1.86853376363e-05], [-3.62633254554e-05, 0.000658378528897, -0.00047787357471, 0.00205396208912, -0.00150558084715, 0.000515937921591, -0.000325138185872, 0.000536502804607, -0.00121408025734, 0.00134671549313, -0.000773836218286, -0.000302507687593, -0.000274593679933], [0.000107625790406, -0.000527492549736, 0.00022745601018, -0.00150558084715, 0.00374785717577, -0.00156990450341, 0.000517884327564, -0.00102545158006, 0.000415536400396, -0.000718796916772, 0.000679504009895, 3.93755399273e-05, 0.000209602018003], [-0.000175204098923, 0.000468678597827, -0.000782753515523, 0.000515937921591, -0.00156990450341, 0.00428629806265, -0.00172065827064, 0.000679883582052, -0.000975761853624, 0.000657607335597, -0.00019855586288, 0.00108009204268, 0.000148061473737], [0.000176912726602, -0.000241224654019, 0.000614688207861, -0.000325138185872, 0.000517884327564, -0.00172065827064, 0.00429501757026, -0.00173262343742, 0.000431620836025, -0.000781609152909, -0.00100724084768, -0.00123794737738, -0.000455898116343], [-0.000139873140142, 0.000631316215731, -0.000826585222967, 0.000536502804607, -0.00102545158006, 0.000679883582052, -0.00173262343742, 0.00615353463218, -0.00167526805308, -0.00149071111809, -0.000242952417466, 0.000962719728705, -0.000288785522571], [1.45205931403e-05, -0.000653838273138, 0.000824981485493, -0.00121408025734, 0.000415536400396, -0.000975761853624, 0.000431620836025, -0.00167526805308, 0.00614606169984, -0.00125768140424, -0.0010954606114, 0.000456244510133, 0.000264167087153], [-3.98507618229e-05, 0.000921192287933, -0.00086546089733, 0.00134671549313, -0.000718796916772, 0.000657607335597, -0.000781609152909, -0.00149071111809, -0.00125768140424, 0.0067529398948, -0.000971638655756, -0.00235769175924, -0.00032076597563], [-3.39125617757e-05, -0.000621913000941, 0.000301703374134, -0.000773836218286, 0.000679504009895, -0.00019855586288, -0.00100724084768, -0.000242952417466, -0.0010954606114, -0.000971638655756, 0.00721872737631, 6.47345514153e-05, -0.00115699821617], [-0.00011744301446, 0.000265173148364, -0.000660006247927, -0.000302507687593, 3.93755399273e-05, 0.00108009204268, -0.00123794737738, 0.000962719728705, 0.000456244510133, -0.00235769175924, 6.47345514153e-05, 0.0078707318753, -0.00238157599233], [-2.86308259092e-05, -0.000527124386281, -1.86853376363e-05, -0.000274593679933, 0.000209602018003, 0.000148061473737, -0.000455898116343, -0.000288785522571, 0.000264167087153, -0.00032076597563, -0.00115699821617, -0.00238157599233, 0.00864282436669]], "cov": [[36538.375, 434.853057861, -5260.53466797, -862.043151855, -1112.95275879, 180.255386353, -825.932617188, -210.136871338, 564.802978516, -562.180603027, 338.968780518, -266.155822754, 16.0233325958], [434.853057861, 2916.09106445, -506.383728027, -620.257995605, -126.049507141, -224.499465942, -192.437454224, -407.624725342, 67.9923858643, -487.347839355, 131.788833618, -235.595001221, 74.1806106567], [-5260.53466797, -506.383728027, 2667.60620117, 498.437286377, 413.973022461, 266.144592285, 254.228775024, 396.025085449, -130.998321533, 499.413970947, -50.499710083, 318.906036377, 88.9913864136], [-862.043151855, -620.257995605, 498.437286377, 1126.8503418, 440.495697021, 181.388381958, 131.969589233, 145.431991577, 137.101272583, 60.8801879883, 61.4260520935, 86.1360244751, 24.2517051697], [-1112.95275879, -126.049507141, 413.973022461, 440.495697021, 547.749694824, 205.595046997, 102.504104614, 133.638198853, 60.3603248596, 78.6576843262, 7.31789731979, 30.2160072327, 6.96208763123], [180.255386353, -224.499465942, 266.144592285, 181.388381958, 205.595046997, 416.027191162, 162.82862854, 118.020454407, 68.8009338379, 77.2463989258, 29.6120986938, 12.0206766129, 1.70318472385], [-825.932617188, -192.437454224, 254.228775024, 131.969589233, 102.504104614, 162.82862854, 452.898193359, 199.750350952, 58.029712677, 186.678619385, 91.0964584351, 115.923721313, 64.8514480591], [-210.136871338, -407.624725342, 396.025085449, 145.431991577, 133.638198853, 118.020454407, 199.750350952, 373.53692627, 78.4381637573, 240.719528198, 43.3503799438, 96.5445632935, 36.6177024841], [564.802978516, 67.9923858643, -130.998321533, 137.101272583, 60.3603248596, 68.8009338379, 58.029712677, 78.4381637573, 258.309906006, 29.8278636932, 81.1692428589, -12.3152370453, 13.8141670227], [-562.180603027, -487.347839355, 499.413970947, 60.8801879883, 78.6576843262, 77.2463989258, 186.678619385, 240.719528198, 29.8278636932, 415.220428467, 37.5547828674, 180.242385864, 55.2805328369], [338.968780518, 131.788833618, -50.499710083, 61.4260520935, 7.31789731979, 29.6120986938, 91.0964584351, 43.3503799438, 81.1692428589, 37.5547828674, 199.418273926, 23.2778491974, 48.5949554443], [-266.155822754, -235.595001221, 318.906036377, 86.1360244751, 30.2160072327, 12.0206766129, 115.923721313, 96.5445632935, -12.3152370453, 180.242385864, 23.2778491974, 242.471817017, 73.5739212036], [16.0233325958, 74.1806106567, 88.9913864136, 24.2517051697, 6.96208763123, 1.70318472385, 64.8514480591, 36.6177024841, 13.8141670227, 55.2805328369, 48.5949554443, 73.5739212036, 154.097915649]]}, "spectral_energyband_middle_low": {"dmean2": 0.00579810049385, "median": 0.000709733110853, "min": 2.20495508739e-22, "dvar2": 0.000325066008372, "dvar": 0.000127085630083, "dmean": 0.00371093000285, "max": 0.17367734015, "var": 0.000137153911055, "mean": 0.00499289529398}, "melbands_crest": {"dmean2": 6.45036125183, "median": 14.9010658264, "min": 1.5957878828, "dvar2": 34.5662574768, "dvar": 15.3202819824, "dmean": 4.09314107895, "max": 35.6671066284, "var": 62.782875061, "mean": 16.1749267578}, "spectral_kurtosis": {"dmean2": 2.51027107239, "median": 2.19958806038, "min": -1.23959779739, "dvar2": 10.0798740387, "dvar": 4.21026563644, "dmean": 1.56487238407, "max": 36.8849906921, "var": 13.1177005768, "mean": 3.13581442833}, "spectral_rms": {"dmean2": 0.000973894027993, "median": 0.00163559103385, "min": 3.13397506731e-12, "dvar2": 2.7985070119e-06, "dvar": 1.58489228852e-06, "dmean": 0.000750423991121, "max": 0.015591760166, "var": 8.48934632813e-06, "mean": 0.00275421026163}, "zerocrossingrate": {"dmean2": 0.029188266024, "median": 0.0986328125, "min": 0.00244140625, "dvar2": 0.00100082880817, "dvar": 0.000908338523004, "dmean": 0.0263837967068, "max": 0.5419921875, "var": 0.00680590281263, "mean": 0.114146657288}, "silence_rate_60dB": {"dmean2": 0.138626337051, "median": 1, "min": 0, "dvar2": 0.136424824595, "dvar": 0.0644915178418, "dmean": 0.0692913383245, "max": 1, "var": 0.249803140759, "mean": 0.513853907585}, "erbbands_kurtosis": {"dmean2": 4.2859992981, "median": 0.246327400208, "min": -1.91222679615, "dvar2": 115.309509277, "dvar": 52.5185546875, "dmean": 2.70074915886, "max": 139.005249023, "var": 96.2813644409, "mean": 2.82171654701}, "erbbands": {"dmean2": [0.137814447284, 0.533594071865, 0.818883478642, 1.50600135326, 2.31417274475, 2.45386767387, 4.79390954971, 11.3160123825, 10.8033485413, 32.8610458374, 51.8154449463, 30.7327156067, 14.1190595627, 16.8460845947, 18.5384178162, 21.6961708069, 16.5718536377, 14.9663915634, 18.7774810791, 12.0301303864, 15.0807590485, 17.2256278992, 13.0734386444, 12.3082962036, 14.4596776962, 10.0620803833, 12.4068212509, 15.504532814, 10.586974144, 18.7605228424, 15.2464609146, 12.3125562668, 5.94596004486, 3.20767188072, 1.47572314739, 0.571132838726, 0.221916601062, 0.0429001562297, 0.00197905953974, 5.12500373588e-05], "median": [0.000226262432989, 0.00395167293027, 0.0459862276912, 0.275163650513, 0.355084478855, 0.217338055372, 0.370732307434, 0.563134670258, 0.639294683933, 0.818486213684, 0.803861677647, 0.906557142735, 0.998989343643, 1.22492170334, 1.28373885155, 1.29066050053, 1.34847807884, 2.24870920181, 3.46126127243, 4.29902219772, 4.00412559509, 2.6455373764, 1.2478992939, 0.753016531467, 2.0637216568, 1.17125678062, 0.390351086855, 0.217942118645, 0.150939941406, 0.484408825636, 1.52810931206, 1.23380541801, 0.162403687835, 0.03601808846, 0.0116887856275, 0.00716572441161, 0.00444135256112, 0.000422428129241, 3.01471009152e-05, 6.60272871755e-06], "min": [4.96108186189e-22, 3.70937149965e-21, 1.13307483035e-20, 2.2597658297e-20, 1.91116251589e-20, 6.71022160718e-20, 5.70679788666e-20, 8.74196459971e-20, 7.25045132653e-20, 2.32197895599e-19, 2.284987439e-19, 6.55203042361e-19, 1.09603240621e-18, 5.23107882005e-19, 1.23617975624e-18, 1.52825557617e-18, 1.41974116373e-18, 2.18328801253e-18, 3.54166560969e-18, 5.71411073196e-18, 7.09865308587e-18, 7.34032300082e-18, 6.37544866273e-18, 9.1324404036e-18, 1.25578714208e-17, 9.69443435639e-18, 1.17505522419e-17, 1.42035580028e-17, 1.37461784093e-17, 1.2548886585e-17, 1.31058744407e-17, 1.20606721797e-17, 1.10578571349e-17, 1.08843411122e-17, 8.40202089756e-18, 5.5446871853e-18, 2.62851177338e-18, 9.41682571858e-19, 2.75196837641e-19, 3.0980618433e-20], "dvar2": [0.545443475246, 8.34692668915, 22.5483646393, 34.7507743835, 79.3832626343, 156.515853882, 368.403564453, 1410.77819824, 2183.3984375, 16224.8164062, 100887.695312, 23179.140625, 4965.58544922, 7448.99365234, 6298.97998047, 9800.73339844, 4623.17626953, 2586.02514648, 8359.9453125, 1642.50769043, 6279.76806641, 5963.53173828, 3201.02709961, 2418.56591797, 1798.28942871, 1580.53320312, 2193.58300781, 3383.58935547, 1297.00341797, 1979.00012207, 1312.55969238, 832.127807617, 381.642181396, 118.992012024, 20.8616104126, 3.14934921265, 0.476591736078, 0.0258611124009, 3.62398313882e-05, 1.7776267569e-08], "dvar": [0.39557403326, 5.33840751648, 7.97763490677, 12.1571617126, 29.734670639, 59.6972732544, 145.265853882, 647.887756348, 1277.68322754, 6700.18408203, 37311.4140625, 9556.69238281, 2683.60180664, 4191.76708984, 2705.4284668, 4287.38720703, 2359.69897461, 1178.52722168, 3197.95849609, 711.35949707, 2482.8671875, 2647.81347656, 1547.29858398, 1135.58105469, 875.692199707, 709.25378418, 1001.04864502, 1577.14599609, 619.17175293, 874.82623291, 578.429138184, 352.075622559, 160.511779785, 51.7363090515, 9.57001686096, 1.41545057297, 0.226852759719, 0.0118762552738, 1.8745113266e-05, 9.28894028362e-09], "dmean": [0.129160836339, 0.446017384529, 0.474442869425, 0.856535494328, 1.37553238869, 1.46742761135, 3.03469538689, 7.57914543152, 7.31048297882, 20.3804264069, 30.5510482788, 20.4727134705, 10.4384593964, 12.7526292801, 12.5632162094, 13.8698978424, 11.2622480392, 10.0034694672, 11.5693016052, 7.41788434982, 9.72525691986, 11.4252300262, 8.5938129425, 8.14663696289, 9.24377059937, 6.43070888519, 8.11136627197, 10.3429775238, 6.93478631973, 11.7315292358, 9.57863044739, 7.56806182861, 3.79529953003, 2.09708857536, 0.982968449593, 0.387161433697, 0.148007914424, 0.0289833974093, 0.00133080175146, 3.56944728992e-05], "max": [9.59854412079, 32.8994598389, 38.0601882935, 51.0524101257, 94.4223480225, 163.567993164, 325.262817383, 502.383728027, 1557.46936035, 1211.1784668, 3755.06445312, 1673.65649414, 2009.84179688, 2511.34448242, 1065.79418945, 1306.60876465, 1439.50549316, 757.697021484, 1220.33618164, 724.160949707, 1544.43676758, 1138.22912598, 810.423339844, 540.68371582, 497.802062988, 673.761535645, 528.458740234, 689.991882324, 339.657745361, 456.319488525, 351.065765381, 298.810058594, 208.845062256, 111.729736328, 36.603969574, 17.6303443909, 10.5724334717, 2.59220862389, 0.0719557330012, 0.0015304510016], "var": [1.34944391251, 14.9186449051, 6.15233802795, 8.44480800629, 28.259344101, 47.3382339478, 149.591964722, 1144.08459473, 3036.56542969, 6310.7265625, 25248.8359375, 10957.3828125, 5775.09179688, 15644.6835938, 5366.91308594, 5443.85449219, 6175.13232422, 2603.52587891, 2970.47705078, 758.539978027, 2189.07250977, 2916.79541016, 1947.36047363, 1534.91052246, 1292.03894043, 812.842102051, 1173.2434082, 1926.2208252, 859.307800293, 1294.97412109, 907.853515625, 468.133789062, 179.356430054, 61.3835792542, 12.1590299606, 1.7315518856, 0.293009191751, 0.0144130801782, 2.8044632927e-05, 1.68053588823e-08], "mean": [0.281155258417, 0.904881417751, 0.573867917061, 0.920698165894, 1.6223526001, 1.42238926888, 3.77269148827, 10.3306312561, 9.01361465454, 19.3184223175, 24.9737930298, 24.3488941193, 17.4461841583, 23.1242465973, 18.3915901184, 16.6804637909, 17.4959983826, 14.0324058533, 13.2242650986, 9.73371601105, 11.6371049881, 12.9262580872, 9.78498458862, 9.74335002899, 11.2584733963, 7.6192317009, 8.83054256439, 11.2216653824, 8.1020154953, 13.0857429504, 11.1527242661, 8.37995433807, 4.00063371658, 2.24555778503, 1.0777913332, 0.412014871836, 0.15971763432, 0.0315034762025, 0.00153613567818, 5.3327439673e-05]}, "spectral_strongpeak": {"dmean2": 0.729030430317, "median": 0.213778018951, "min": 0, "dvar2": 1.86597061157, "dvar": 0.742623865604, "dmean": 0.449019253254, "max": 9.35089015961, "var": 1.36513769627, "mean": 0.705076038837}, "spectral_energy": {"dmean2": 0.0104577317834, "median": 0.00274203671142, "min": 1.00673454323e-20, "dvar2": 0.000628200068604, "dvar": 0.00034681125544, "dmean": 0.00794051401317, "max": 0.249180555344, "var": 0.00114979117643, "mean": 0.0164768658578}, "average_loudness": 0.487980604172, "spectral_rolloff": {"dmean2": 2547.71435547, "median": 2002.58789062, "min": 64.599609375, "dvar2": 10009877, "dvar": 4544623, "dmean": 1495.27478027, "max": 19272.2167969, "var": 11701826, "mean": 3364.45898438}, "spectral_centroid": {"dmean2": 729.011901855, "median": 1644.10375977, "min": 59.7806739807, "dvar2": 627609.75, "dvar": 339784.5, "dmean": 479.862548828, "max": 11482.3251953, "var": 1514236.875, "mean": 1852.75317383}, "pitch_salience": {"dmean2": 0.13837364316, "median": 0.584935426712, "min": 0.0153484353796, "dvar2": 0.019353941083, "dvar": 0.00846854038537, "dmean": 0.0888796448708, "max": 0.972555220127, "var": 0.029544653371, "mean": 0.555281281471}, "spectral_energyband_middle_high": {"dmean2": 0.00235526426695, "median": 0.000762713490985, "min": 1.31049531764e-21, "dvar2": 3.66362946806e-05, "dvar": 2.00678587134e-05, "dmean": 0.00169548531994, "max": 0.0969908684492, "var": 6.74405455356e-05, "mean": 0.00322269042954}, "spectral_contrast_coeffs": {"dmean2": [0.0781038329005, 0.0853229239583, 0.0619222782552, 0.0516759268939, 0.0478286109865, 0.0539496615529], "median": [-0.6662555933, -0.770347476006, -0.810360431671, -0.795583724976, -0.791938602924, -0.784690380096], "min": [-0.983943998814, -0.972970962524, -0.992629289627, -0.969112932682, -0.970419585705, -0.965110123158], "dvar2": [0.0043555800803, 0.00662299478427, 0.00306868227199, 0.00200816779397, 0.00177136436105, 0.0029745104257], "dvar": [0.00170673860703, 0.00330812530592, 0.00151469686534, 0.000886541325599, 0.000699340249412, 0.00129916938022], "dmean": [0.0478445701301, 0.0560847483575, 0.0404402501881, 0.0327358171344, 0.0293852295727, 0.0347821898758], "max": [-0.326959997416, -0.285989969969, -0.430138736963, -0.529451727867, -0.475121170282, -0.382484138012], "var": [0.016619021073, 0.0149177536368, 0.00921690091491, 0.00503738876432, 0.00366155058146, 0.00912910420448], "mean": [-0.66309928894, -0.746305167675, -0.796355187893, -0.800643861294, -0.801401436329, -0.766515493393]}, "melbands_skewness": {"dmean2": 2.11165571213, "median": 2.19607925415, "min": -3.41074109077, "dvar2": 10.0692520142, "dvar": 5.06780576706, "dmean": 1.42203819752, "max": 38.1708183289, "var": 19.6830596924, "mean": 3.49111413956}, "spectral_spread": {"dmean2": 1561777, "median": 5627456, "min": 1720886.375, "dvar2": 2788998774780.0, "dvar": 1304168628220.0, "dmean": 999473.375, "max": 41851396, "var": 8491407769600.0, "mean": 6285476.5}, "dissonance": {"dmean2": 0.0378391779959, "median": 0.478539198637, "min": 0.153419643641, "dvar2": 0.00258890422992, "dvar": 0.00107482948806, "dmean": 0.0239478573203, "max": 0.5, "var": 0.00332440901548, "mean": 0.454171776772}, "spectral_skewness": {"dmean2": 0.455332964659, "median": 1.25642061234, "min": -0.431912124157, "dvar2": 0.207538992167, "dvar": 0.097241140902, "dmean": 0.298823714256, "max": 4.98712491989, "var": 0.452256947756, "mean": 1.39998602867}, "spectral_flux": {"dmean2": 0.0337185040116, "median": 0.0344291850924, "min": 6.58346016591e-11, "dvar2": 0.00324154086411, "dvar": 0.0015752784675, "dmean": 0.0218646191061, "max": 0.429263293743, "var": 0.00397795625031, "mean": 0.0575565621257}, "spectral_contrast_valleys": {"dmean2": [0.786587893963, 0.764400541782, 0.667364418507, 0.567283391953, 0.521122515202, 0.71086794138], "median": [-9.64442443848, -7.92556190491, -8.27287864685, -8.19452857971, -8.49018859863, -11.2524662018], "min": [-27.8071479797, -27.5905895233, -27.5050182343, -27.2378082275, -27.4479064941, -27.330488205], "dvar2": [0.486568778753, 0.5430752635, 0.451257228851, 0.338932096958, 0.341647297144, 0.607868313789], "dvar": [0.233902215958, 0.294412761927, 0.261322677135, 0.212233677506, 0.234173759818, 0.413548499346], "dmean": [0.49720838666, 0.509490132332, 0.458617478609, 0.390595972538, 0.391717404127, 0.578185081482], "max": [-4.95472097397, -4.98973894119, -5.28702926636, -5.36218690872, -4.98296165466, -7.14483642578], "var": [3.34475827217, 3.88167524338, 4.43774080276, 4.84642314911, 4.39360713959, 4.61007165909], "mean": [-9.56419467926, -8.53130435944, -9.01365375519, -9.16557693481, -9.09370326996, -11.2601556778]}, "erbbands_flatness_db": {"dmean2": 0.0392617732286, "median": 0.159303873777, "min": 0.0294687841088, "dvar2": 0.00165414379444, "dvar": 0.00082246697275, "dmean": 0.026954934001, "max": 0.435128867626, "var": 0.00464919302613, "mean": 0.162422686815}, "spectral_energyband_high": {"dmean2": 0.00195125921164, "median": 0.000170108163729, "min": 7.13130985334e-21, "dvar2": 2.54938877333e-05, "dvar": 1.26641070892e-05, "dmean": 0.00129184161779, "max": 0.0411808714271, "var": 1.98419747903e-05, "mean": 0.00161633396056}, "spectral_entropy": {"dmean2": 0.362096428871, "median": 7.76718664169, "min": 4.35773229599, "dvar2": 0.167339548469, "dvar": 0.0918469205499, "dmean": 0.250412851572, "max": 9.81534385681, "var": 0.55818104744, "mean": 7.6955332756}, "silence_rate_20dB": {"dmean2": 0, "median": 1, "min": 1, "dvar2": 0, "dvar": 0, "dmean": 0, "max": 1, "var": 0, "mean": 1}, "melbands_flatness_db": {"dmean2": 0.0538609623909, "median": 0.180694580078, "min": 0.00444562081248, "dvar2": 0.00292516732588, "dvar": 0.00170780019835, "dmean": 0.0383955165744, "max": 0.772650957108, "var": 0.0127990217879, "mean": 0.202625066042}, "barkbands": {"dmean2": [0.000176823014044, 0.00296134105884, 0.000708947249223, 0.00065126811387, 0.000696965085808, 0.00118206080515, 0.00102158833761, 0.00248675583862, 0.0013437498128, 0.000505874690134, 0.000458922266262, 0.000563240319025, 0.000389010325307, 0.000340792350471, 0.000300797779346, 0.000271612370852, 0.000326994340867, 0.000221012771362, 0.000281917076791, 0.00024041380675, 0.000358329562005, 0.000341736536939, 0.00060300109908, 0.00047293517855, 0.000243752481765, 0.000115717179142, 1.50041860252e-05], "median": [3.76307809802e-07, 9.47515218286e-06, 2.76080827462e-05, 0.000100997029222, 7.66687153373e-05, 6.8107736297e-05, 4.13908201153e-05, 2.95964964607e-05, 3.93561240344e-05, 2.63058827841e-05, 3.01678192045e-05, 2.8230886528e-05, 2.55533777818e-05, 4.8592544772e-05, 6.23735759291e-05, 7.48088205e-05, 4.20764081355e-05, 1.95928059838e-05, 2.05199448828e-05, 3.45755724993e-05, 7.09066489435e-06, 4.85508644488e-06, 5.27763404534e-05, 2.89323870675e-05, 1.78964910447e-06, 1.99884925678e-06, 8.64026290515e-08], "min": [1.30229141981e-24, 2.34444033669e-23, 3.79229418511e-24, 9.41400808539e-24, 2.31921130276e-23, 9.81191741459e-24, 7.08417761044e-24, 7.90348223572e-24, 2.92716052778e-23, 1.45294247458e-23, 3.3050769662e-23, 3.23760600852e-23, 2.75167936604e-23, 4.59773410666e-23, 8.85756816427e-23, 8.31109392297e-23, 1.24293795129e-22, 1.07364751751e-22, 2.06586893859e-22, 2.26066961944e-22, 2.65757368741e-22, 3.85085745167e-22, 4.53060564083e-22, 7.51853155616e-22, 1.05588575256e-21, 1.53903263853e-21, 1.99677138759e-21], "dvar2": [6.77288142015e-07, 0.000228353936109, 1.47942619151e-05, 5.65488790016e-06, 9.6392686828e-06, 1.3562193999e-05, 1.52819466166e-05, 0.000153255969053, 5.5137432355e-05, 5.91886737311e-06, 4.36896471001e-06, 5.88319107919e-06, 2.24219706979e-06, 1.90223056507e-06, 1.40373629165e-06, 1.44837542848e-06, 2.11881615542e-06, 9.51670926952e-07, 1.03171157662e-06, 7.38683013424e-07, 1.69187626398e-06, 1.21593495805e-06, 1.65677693076e-06, 1.54601127633e-06, 6.08431605542e-07, 1.21809179632e-07, 2.41344344509e-09], "dvar": [4.09844091109e-07, 0.000175490713445, 5.07653521709e-06, 1.99176656679e-06, 3.74206024389e-06, 6.25429493084e-06, 7.69729376771e-06, 5.8512268879e-05, 2.16160697164e-05, 3.49635183738e-06, 1.97141730496e-06, 2.67040650215e-06, 1.153813173e-06, 7.3129848488e-07, 5.78994729494e-07, 5.87395902585e-07, 9.03246132111e-07, 4.44001102551e-07, 4.87073805289e-07, 3.29184587144e-07, 7.98156179371e-07, 5.8207552911e-07, 7.19886998013e-07, 6.56855490888e-07, 2.74231922504e-07, 5.78188235068e-08, 1.17575904568e-09], "dmean": [0.00013644619321, 0.00275755790062, 0.000394516886445, 0.000369798246538, 0.000422475393862, 0.000794386840425, 0.000667818472721, 0.001486095367, 0.000871378986631, 0.000378025084501, 0.000312339572702, 0.000358022691216, 0.000262277986621, 0.000209157486097, 0.000183220778126, 0.000171270803548, 0.000212042636122, 0.000141567827086, 0.000186289908015, 0.000149827072164, 0.000240750930971, 0.000224572591833, 0.000370986643247, 0.000292843411444, 0.000161682051839, 7.81342387199e-05, 1.02151316241e-05], "max": [0.00952018704265, 0.2050640136, 0.0294557996094, 0.0232430845499, 0.0366898328066, 0.0499788410962, 0.086020976305, 0.130283370614, 0.092013977468, 0.0598567351699, 0.0374274253845, 0.0354397967458, 0.0307747833431, 0.0214701592922, 0.016191450879, 0.0228213146329, 0.0195816345513, 0.0120378769934, 0.0118491463363, 0.0129507947713, 0.0114571144804, 0.0102982763201, 0.0124710770324, 0.0122602777556, 0.00784155074507, 0.00493116863072, 0.000588740920648], "var": [1.51303527218e-06, 0.000609834678471, 3.4238958051e-06, 1.45354363212e-06, 3.45402258972e-06, 1.09257271106e-05, 1.16881537906e-05, 4.34960675193e-05, 2.09927984542e-05, 1.18518009913e-05, 4.21562162956e-06, 3.50079699274e-06, 3.20746880789e-06, 7.65114236856e-07, 6.17057366981e-07, 5.54993278001e-07, 9.34068737024e-07, 5.28512828168e-07, 7.04885735558e-07, 3.75031874e-07, 9.85218548522e-07, 8.26345115001e-07, 1.13786779821e-06, 8.06744822057e-07, 3.42472873172e-07, 7.60532827826e-08, 1.64552416138e-09], "mean": [0.000319952174323, 0.00597034255043, 0.000421355944127, 0.000395453273086, 0.000459480506834, 0.00108976860065, 0.00068767752964, 0.00121557433158, 0.00101317826193, 0.000675633898936, 0.000456847687019, 0.00040904810885, 0.000383500475436, 0.000243529051659, 0.000209661753615, 0.000204040086828, 0.000227930824622, 0.000159952571266, 0.000225304596825, 0.000176796849701, 0.000259188149357, 0.000261093839072, 0.000423781602876, 0.000314058852382, 0.000177127105417, 8.54358077049e-05, 1.11613935587e-05]}, "erbbands_skewness": {"dmean2": 0.979128837585, "median": 0.00204436806962, "min": -9.94976997375, "dvar2": 1.14809072018, "dvar": 0.554145634174, "dmean": 0.641804516315, "max": 10.7696275711, "var": 2.13116574287, "mean": 0.261732637882}, "erbbands_spread": {"dmean2": 24.9503631592, "median": 39.7652931213, "min": 1.00471794605, "dvar2": 793.821289062, "dvar": 336.956756592, "dmean": 15.7084827423, "max": 226.096923828, "var": 1136.16296387, "mean": 47.4543952942}, "melbands_kurtosis": {"dmean2": 44.8456077576, "median": 7.06761264801, "min": -1.88703501225, "dvar2": 22218.0761719, "dvar": 10153.8798828, "dmean": 29.0602874756, "max": 1992.16162109, "var": 21923.4277344, "mean": 45.8656616211}, "melbands": {"dmean2": [0.000988016952761, 0.000432420492871, 0.000288619834464, 0.000163876233273, 0.000152766529936, 0.000244461116381, 0.000172987041879, 0.000411683227867, 0.00041577234515, 0.000179046168341, 7.1555688919e-05, 7.1532354923e-05, 6.1297796492e-05, 6.36747427052e-05, 4.79226400785e-05, 3.64042134606e-05, 2.90494808723e-05, 3.42992934748e-05, 1.97524805117e-05, 1.7928014131e-05, 1.87197765626e-05, 1.93094419956e-05, 1.71125502675e-05, 8.41424025566e-06, 1.05714843812e-05, 1.17238196253e-05, 1.03347174445e-05, 6.31787952443e-06, 7.24270012142e-06, 9.4662536867e-06, 9.33703267947e-06, 6.18365857008e-06, 7.13882536729e-06, 1.28481460706e-05, 1.02046897155e-05, 8.00991711003e-06, 7.65142249293e-06, 4.32422621088e-06, 3.55631755156e-06, 2.47317188951e-06], "median": [2.2029325919e-06, 1.89335678442e-05, 5.65625305171e-05, 1.99450423679e-05, 1.17470790428e-05, 1.32839686557e-05, 9.54605275183e-06, 8.14414124761e-06, 5.65853133594e-06, 5.30760280526e-06, 4.30684758612e-06, 4.52238555226e-06, 4.1565626816e-06, 3.43047281604e-06, 2.60623664872e-06, 2.75466641142e-06, 3.79329048883e-06, 5.02125112689e-06, 4.61074796476e-06, 5.40229029866e-06, 3.85762223232e-06, 2.6766369956e-06, 1.34431775223e-06, 7.72074940869e-07, 4.67429032369e-07, 8.66740492711e-07, 1.94354743144e-06, 4.00361329866e-07, 2.23851429837e-07, 1.69398674643e-07, 9.93531870108e-08, 5.17121812038e-08, 1.05719891508e-07, 2.99611315313e-07, 5.32559568001e-07, 1.07763639789e-06, 4.56190321074e-07, 7.27699429603e-08, 1.83865580539e-08, 1.63127058528e-08], "min": [5.59562469242e-24, 6.12294901971e-24, 3.39334355952e-24, 3.31922218886e-24, 1.8074491501e-24, 2.02386505362e-24, 1.18436263094e-24, 2.9037760873e-24, 2.13380248431e-24, 4.08274645953e-24, 5.57078306809e-24, 1.68017255671e-24, 5.54187683794e-24, 2.01838799235e-24, 3.44080103714e-24, 3.62755912329e-24, 4.10981188276e-24, 4.82658865061e-24, 5.95277910068e-24, 6.87056985453e-24, 5.34306890146e-24, 7.55591958721e-24, 5.63385644176e-24, 4.84224162312e-24, 6.55175605842e-24, 1.00406050356e-23, 7.430401562e-24, 6.09808017967e-24, 6.71270301017e-24, 6.69927659757e-24, 7.65065389332e-24, 7.70563907613e-24, 5.67015587632e-24, 6.6783591618e-24, 7.21138458685e-24, 8.78732593823e-24, 6.53214931505e-24, 6.80865216208e-24, 8.20348603797e-24, 8.0518969487e-24], "dvar2": [2.68050243903e-05, 6.06699313721e-06, 1.23854829326e-06, 5.48549451196e-07, 3.99572854803e-07, 6.46851162855e-07, 4.55872424254e-07, 2.70093914878e-06, 