{"tonal": {"thpcp": [1, 0.914127826691, 0.41004255414, 0.200491085649, 0.185885667801, 0.232170552015, 0.296137630939, 0.343167424202, 0.394765615463, 0.455889195204, 0.416989833117, 0.356510549784, 0.367421209812, 0.372452229261, 0.538552939892, 0.880470752716, 0.825739979744, 0.465242296457, 0.287558317184, 0.249742373824, 0.381706595421, 0.620684921741, 0.567205250263, 0.344267964363, 0.298662632704, 0.302400410175, 0.299877434969, 0.317745983601, 0.338012039661, 0.400569111109, 0.510177791119, 0.505311846733, 0.392114669085, 0.329845935106, 0.338795185089, 0.558559477329], "hpcp": {"dmean2": [0.19365529716, 0.205304980278, 0.229205235839, 0.246456578374, 0.244763806462, 0.218822807074, 0.202839761972, 0.220766961575, 0.277163207531, 0.340986043215, 0.327139765024, 0.215622395277, 0.133670866489, 0.127317324281, 0.144608333707, 0.165415495634, 0.188544988632, 0.210582450032, 0.215000763535, 0.214074522257, 0.200217470527, 0.211689069867, 0.222318306565, 0.25537493825, 0.282096296549, 0.300778329372, 0.234612688422, 0.185036256909, 0.171022832394, 0.206474408507, 0.25922074914, 0.240582227707, 0.199224457145, 0.188809022307, 0.183700233698, 0.187177941203], "median": [0.0290104448795, 0.0295211579651, 0.0333790145814, 0.0423248596489, 0.0403349772096, 0.0357015244663, 0.0299889482558, 0.0277972836047, 0.0687154904008, 0.162480309606, 0.144666731358, 0.0483422353864, 0.0142609653994, 0.0131315793842, 0.0175864268094, 0.0238306075335, 0.0273057557642, 0.0346013307571, 0.0367352291942, 0.0297311656177, 0.0283373259008, 0.0299547053874, 0.0299570634961, 0.0497041642666, 0.10432048142, 0.102730765939, 0.0462879613042, 0.017949892208, 0.0157388839871, 0.0337015092373, 0.0641251951456, 0.0623109042645, 0.0310683920979, 0.0187212154269, 0.0202656574547, 0.024219237268], "min": [0, 0, 0, 0, 0, 0, 0, 0, 0, 0, 0, 0, 0, 0, 0, 0, 0, 0, 0, 0, 0, 0, 0, 0, 0, 0, 0, 0, 0, 0, 0, 0, 0, 0, 0, 0], "dvar2": [0.100450642407, 0.107694365084, 0.123547367752, 0.128999233246, 0.126089319587, 0.110676556826, 0.102764353156, 0.117549479008, 0.125195473433, 0.141607925296, 0.134960368276, 0.091086409986, 0.0635798871517, 0.0676945149899, 0.0734609737992, 0.0847170129418, 0.096122071147, 0.109191372991, 0.106639817357, 0.112869545817, 0.100378289819, 0.113093242049, 0.121472194791, 0.12821906805, 0.123662382364, 0.132583394647, 0.109682761133, 0.096374861896, 0.0932837128639, 0.0991535782814, 0.123342953622, 0.103452697396, 0.097324103117, 0.104587577283, 0.0960495248437, 0.101855389774], "dvar": [0.0362807735801, 0.039533033967, 0.0463428944349, 0.0505482181907, 0.0498135462403, 0.0409801974893, 0.0372595526278, 0.0429175756872, 0.0475174859166, 0.0591270290315, 0.0557424910367, 0.0341312550008, 0.0232540853322, 0.0242223516107, 0.0266492348164, 0.0318676754832, 0.0360372215509, 0.0409876815975, 0.0420040525496, 0.0431632623076, 0.0376316010952, 0.0414477623999, 0.0446753315628, 0.0480189658701, 0.0516527108848, 0.0527806915343, 0.0407212078571, 0.0350534841418, 0.0337001010776, 0.0370585881174, 0.0498727299273, 0.0414113886654, 0.0368124358356, 0.039991132915, 0.0361505299807, 0.0369298793375], "dmean": [0.109138116241, 0.116099946201, 0.129873782396, 0.142661958933, 0.141155004501, 0.125160932541, 0.11571507901, 0.124633304775, 0.160115167499, 0.200238078833, 0.193380028009, 0.124172948301, 0.0752330645919, 0.0707691535354, 0.0815014243126, 0.0945899561048, 0.107778422534, 0.119511671364, 0.124271064997, 0.123383104801, 0.113960511982, 0.119682051241, 0.12574622035, 0.148019313812, 0.167460516095, 0.176708087325, 0.134788170457, 0.104007951915, 0.0955526828766, 0.117722116411, 0.150474518538, 0.142275139689, 0.114529825747, 0.106491260231, 0.103211119771, 0.104606151581], "max": [1, 1, 1, 1, 1, 1, 1, 1, 1, 1, 1, 1, 1, 1, 1, 1, 1, 1, 1, 1, 1, 1, 1, 1, 1, 1, 1, 1, 1, 1, 1, 1, 1, 1, 1, 1], "var": [0.0324195362628, 0.0369054451585, 0.0479089580476, 0.0677156150341, 0.068267583847, 0.0431672148407, 0.0340229310095, 0.0381683297455, 0.0594793185592, 0.115789368749, 0.104846604168, 0.0368886105716, 0.0192070547491, 0.0188388191164, 0.0236673969775, 0.0331757105887, 0.040312346071, 0.0471890829504, 0.0603267028928, 0.0554144605994, 0.040475204587, 0.043526314199, 0.0438039116561, 0.0639072135091, 0.116987332702, 0.101564325392, 0.0518358834088, 0.0333587676287, 0.0284868329763, 0.0422479212284, 0.0817342922091, 0.0657399222255, 0.0368541590869, 0.0383691005409, 0.0362318232656, 0.0331991612911], "mean": [0.101027131081, 0.107470713556, 0.12736068666, 0.162210702896, 0.160663574934, 0.124672606587, 0.104874297976, 0.107719711959, 0.177593618631, 0.317949354649, 0.290646344423, 0.13037276268, 0.0637460127473, 0.059102229774, 0.073818475008, 0.0941567644477, 0.109109863639, 0.125515475869, 0.144949674606, 0.132581651211, 0.113352298737, 0.116821333766, 0.118420943618, 0.171232566237, 0.279945105314, 0.26254349947, 0.147923484445, 0.0914289802313, 0.0794054269791, 0.12136336416, 0.197346374393, 0.180342540145, 0.109459780157, 0.0949595943093, 0.0961480140686, 0.0953458324075]}, "tuning_equal_tempered_deviation": 0.153546452522, "chords_changes_rate": 0.0661605224013, "key_key": "F", "tuning_diatonic_strength": 0.733101665974, "key_scale": "major", "chords_number_rate": 0.00139448407572, "tuning_frequency": 434.946166992, "tuning_nontempered_energy_ratio": 0.86185914278, "chords_histogram": [29.2686710358, 0.201425477862, 7.60768508911, 0.356368154287, 0.0929656028748, 0.108459867537, 0, 0, 0.712736308575, 0.464828014374, 0.402850955725, 0.232414007187, 0.139448404312, 0, 0, 1.42547261715, 0.0464828014374, 26.96002388, 3.34676170349, 20.1580410004, 2.24666881561, 0.774713337421, 3.57917571068, 1.8748062849], "key_strength": 0.765132188797, "chords_key": "F", "chords_strength": {"dmean2": 0.0134709179401, "median": 0.53640806675, "min": -1, "dvar2": 0.000713913526852, "dvar": 0.000396663788706, "dmean": 0.0118973813951, "max": 0.794345319271, "var": 0.0244064740837, "mean": 0.532187223434}, "chords_scale": "major", "hpcp_entropy": {"dmean2": 1.19624590874, "median": 1.84015405178, "min": 0, "dvar2": 0.990543425083, "dvar": 0.369383811951, "dmean": 0.713383078575, "max": 4.51415586472, "var": 0.824066221714, "mean": 1.83736395836}}, "metadata": {"audio_properties": {"equal_loudness": 0, "codec": "mp3", "downmix": "mix", "sample_rate": 44100, "analysis_sample_rate": 44100, "bit_rate": 128011, "md5_encoded": "9e018cb6062417fcf4af9fd5056316a8", "length": 299.676727295, "replay_gain": -11.5255241394, "lossless": false}, "version": {"essentia_build_sha": "70f2e5ece6736b2c40cc944ad0e695b16b925413", "essentia": "2.1-beta2", "extractor": "music 1.0", "essentia_git_sha": "v2.1_beta2"}, "tags": {"title": ["Bhadra Shaila"], "musicbrainz_albumartistid": ["3a554bf1-f0af-470e-8c82-d38d535b887e"], "albumartist": ["M.M. Kreem"], "date": ["2006"], "genre": ["Tollywood"], "musicbrainz_releasegroupid": ["823774ca-9ba8-4a3a-86b6-61ea61d01c9e"], "musicbrainz album type": ["album/soundtrack"], "musicbrainz_recordingid": ["0600d70b-b557-4b27-b98e-520190aaf3e6"], "artistsort": ["Kreem, M.M."], "originaldate": ["2006"], "musicbrainz_albumid": ["366cbab0-7c0d-449b-ae4a-ebfc8db41641"], "artist": ["M.M. Kreem"], "tracknumber": ["15/19"], "composer": ["M. M. Keeravani"], "album": ["Sri Ramadasu"], "albumartistsort": ["Kreem, M.M."], "discnumber": ["1/1"], "musicbrainz_artistid": ["3a554bf1-f0af-470e-8c82-d38d535b887e"], "file_name": "Bhadra_Sheela.mp3"}}, "rhythm": {"bpm_histogram_first_peak_bpm": {"dmean2": 0, "median": 105, "min": 105, "dvar2": 0, "dvar": 0, "dmean": 0, "max": 105, "var": 0, "mean": 105}, "bpm": 106.222991943, "bpm_histogram_second_peak_spread": {"dmean2": 0, "median": 0.326923072338, "min": 0.326923072338, "dvar2": 0, "dvar": 0, "dmean": 0, "max": 0.326923072338, "var": 0, "mean": 0.326923072338}, "bpm_histogram_first_peak_weight": {"dmean2": 0, "median": 0.335664331913, "min": 0.335664331913, "dvar2": 0, "dvar": 0, "dmean": 0, "max": 0.335664331913, "var": 0, "mean": 0.335664331913}, "onset_rate": 3.91740274429, "beats_position": [0.46439909935, 0.952018141747, 1.43963718414, 1.92725622654, 2.40326523781, 2.87927436829, 3.36689329147, 3.84290242195, 4.31891155243, 4.79492044449, 5.27092981339, 5.7701587677, 6.29260778427, 6.81505680084, 7.32589578629, 7.84834432602, 8.38240337372, 8.90485286713, 9.4040813446, 9.89170074463, 10.379319191, 10.866938591, 11.354557991, 11.8537864685, 12.3414058685, 12.8290243149, 13.3050336838, 13.7810430527, 14.2454423904, 14.7098407745, 15.2671203613, 15.8243989944, 16.3816776276, 16.9389572144, 17.4962348938, 18.0535144806, 18.6224040985, 19.179681778, 19.7369613647, 20.2942390442, 20.8631286621, 21.43201828, 22.0009059906, 22.5697956085, 23.1270751953, 23.6843528748, 24.2532424927, 24.8221302032, 25.3910198212, 25.9599094391, 26.5287971497, 27.0976867676, 27.6665763855, 28.2354640961, 28.804353714, 29.3732414246, 29.9305210114, 30.4878005981, 31.0566883087, 31.6255779266, 32.1944656372, 32.7633552551, 33.3206329346, 33.8779144287, 34.4468002319, 35.0156898499, 35.572971344, 36.1418571472, 36.7107467651, 37.2796363831, 37.848526001, 38.4174156189, 38.9863014221, 39.5435829163, 40.1124725342, 40.6813583374, 41.2502479553, 41.8191375732, 42.3880271912, 42.9569168091, 43.5141944885, 44.071472168, 44.6403617859, 45.2092514038, 45.7781410217, 46.347026825, 46.9159164429, 47.4848060608, 48.0420837402, 48.5993652344, 49.1682548523, 49.7371406555, 50.3060302734, 50.8749198914, 51.4321975708, 51.9894790649, 52.5583648682, 53.1272544861, 53.6845359802, 54.2534217834, 54.8223114014, 55.3912010193, 55.9600906372, 56.5289802551, 57.0978660583, 57.6667556763, 58.2356452942, 58.8045349121, 59.37342453, 59.9307022095, 60.4879798889, 61.0452613831, 61.6141471863, 62.1830368042, 62.7403144836, 63.32081604, 63.889705658, 64.4585952759, 65.0158691406, 65.5847625732, 66.1536483765, 66.7225418091, 67.2914276123, 67.8603134155, 68.4292068481, 68.9980926514, 69.566986084, 70.1242599487, 70.6815414429, 71.238822937, 71.8077087402, 72.3765945435, 72.9338760376, 73.5027618408, 74.0716552734, 74.6289291382, 75.1978225708, 75.766708374, 76.3356018066, 76.9044876099, 77.4733810425, 78.0422668457, 78.6111526489, 79.1800460815, 79.7489318848, 80.3178253174, 80.8750991821, 81.4439926147, 82.012878418, 82.5701599121, 83.1390457153, 83.7079315186, 84.2768249512, 84.8457107544, 85.4029922485, 85.9718780518, 86.5407714844, 87.1096572876, 87.6785507202, 88.235824585, 88.7931060791, 89.3619918823, 89.9308853149, 90.4997711182, 91.0686569214, 91.637550354, 92.2064361572, 92.7637176514, 93.3326034546, 93.9014968872, 94.458770752, 95.0276641846, 95.5965499878, 96.1654434204, 96.7343292236, 97.2916107178, 97.860496521, 98.4293823242, 98.9866638184, 99.5439453125, 100.112831116, 100.681724548, 101.250610352, 101.819496155, 102.388389587, 102.957275391, 103.514556885, 104.083442688, 104.652336121, 105.221221924, 105.790107727, 106.35900116, 106.927886963, 107.485168457, 108.05405426, 108.622947693, 109.180221558, 109.74911499, 110.318000793, 110.886894226, 111.455780029, 112.013061523, 112.581947327, 113.15083313, 113.708114624, 114.277008057, 114.84589386, 115.414779663, 115.983673096, 116.54094696, 117.109840393, 117.678726196, 118.247619629, 118.816505432, 119.385391235, 119.954284668, 120.523170471, 121.103668213, 121.684173584, 122.276275635, 122.879997253, 123.460494995, 124.040992737, 124.644714355, 125.248435974, 125.828933716, 126.409431458, 126.978317261, 127.547210693, 128.116104126, 128.6849823, 129.253875732, 129.822769165, 130.3800354, 130.948928833, 131.517822266, 132.086715698, 132.655593872, 133.212875366, 133.781768799, 134.339050293, 134.907928467, 135.465209961, 136.034103394, 136.602996826, 137.171875, 137.740768433, 138.309661865, 138.878540039, 139.435821533, 140.004714966, 140.573608398, 141.142486572, 141.711380005, 142.268661499, 142.837554932, 143.406433105, 143.9637146, 144.532608032, 145.101501465, 145.670379639, 146.239273071, 146.796554565, 147.365432739, 147.934326172, 148.503219604, 149.072113037, 149.629379272, 150.198272705, 150.767166138, 151.324447632, 151.893325806, 152.462219238, 153.019500732, 153.588394165, 154.157272339, 154.726165771, 155.295059204, 155.863937378, 156.432830811, 157.001724243, 157.570602417, 158.127883911, 158.696777344, 159.265670776, 159.822952271, 160.391830444, 160.960723877, 161.518005371, 162.075286865, 162.644165039, 163.213058472, 163.770339966, 164.339233398, 164.896499634, 165.465393066, 166.034286499, 166.603164673, 167.183670044, 167.764175415, 168.32144165, 168.878723145, 169.447616577, 170.01651001, 170.573776245, 171.03817749, 171.502578735, 171.96697998, 172.419769287, 172.872558594, 173.336959839, 173.801361084, 174.265762329, 174.730148315, 175.194549561, 175.670562744, 176.158187866, 176.657409668, 177.14503479, 177.644256592, 178.155105591, 178.631103516, 179.095504761, 179.559906006, 180.024307251, 180.488708496, 180.953109741, 181.417495728, 181.881896973, 182.346298218, 182.799087524, 183.251876831, 183.716278076, 184.180679321, 184.645080566, 185.109481812, 185.573867798, 186.038269043, 186.502670288, 186.955459595, 187.408248901, 187.872650146, 188.337051392, 188.801452637, 189.265853882, 189.730239868, 190.183029175, 190.635818481, 191.100219727, 191.564620972, 192.029022217, 192.493423462, 192.957824707, 193.422225952, 193.886611938, 194.351013184, 194.80380249, 195.256591797, 195.720993042, 196.185394287, 196.649795532, 197.114196777, 197.578598022, 198.042984009, 198.495773315, 198.948562622, 199.412963867, 199.877365112, 200.341766357, 200.806167603, 201.270568848, 201.734954834, 202.187744141, 202.640533447, 203.104934692, 203.569335938, 204.033737183, 204.498138428, 204.962539673, 205.415328979, 205.879730225, 206.332519531, 206.796905518, 207.261306763, 207.725708008, 208.190109253, 208.654510498, 209.118911743, 209.583312988, 210.036102295, 210.488891602, 210.953277588, 211.417678833, 211.882080078, 212.346481323, 212.79927063, 213.263671875, 213.716461182, 214.180862427, 214.645263672, 215.109649658, 215.574050903, 216.038452148, 216.502853394, 216.9556427, 217.408432007, 217.872833252, 218.337234497, 218.801635742, 219.266021729, 219.730422974, 220.194824219, 220.647613525, 221.100402832, 221.564804077, 222.029205322, 222.493606567, 222.958007812, 223.422393799, 223.886795044, 224.339584351, 224.792373657, 225.256774902, 225.721176147, 226.185577393, 226.649978638, 227.114364624, 227.578765869, 228.043167114, 228.507568359, 228.960357666, 229.424758911, 229.877548218, 230.341949463, 230.806350708, 231.270736694, 231.735137939, 232.269195557, 232.803268433, 233.348922729, 233.894592285, 234.440261841, 234.985931396, 235.543212891, 236.100494385, 236.541671753, 236.982849121, 237.412414551, 237.841995239, 238.271560669, 238.701126099, 239.130691528, 239.571884155, 240.024673462, 240.477462769, 240.930252075, 241.383041382, 241.835830688, 242.381484985, 242.938766479, 243.484436035, 244.041717529, 244.575775146, 245.121444702, 245.655502319, 246.201171875, 246.735229492, 247.269287109, 247.803344727, 248.337417603, 248.87147522, 249.405532837, 249.939590454, 250.473648071, 251.007705688, 251.553375244, 252.0990448, 252.633102417, 253.167160034, 253.701217651, 254.235275269, 254.780944824, 255.338226318, 255.802627563, 256.255401611, 256.696594238, 257.126159668, 257.555725098, 257.985290527, 258.414855957, 258.844451904, 259.274017334, 259.703582764, 260.133148193, 260.551116943, 260.957458496, 261.387023926, 261.828216553, 262.257781982, 262.687347412, 263.116912842, 263.546478271, 263.976043701, 264.405609131, 264.835174561, 265.264770508, 265.68270874, 266.123901367, 266.565063477, 266.994628906, 267.424224854, 267.853790283, 268.283355713, 268.712921143, 269.24697876, 269.781036377, 270.315093994, 270.849151611, 271.383209229, 271.917266846, 272.451324463, 272.98538208, 273.519439697, 274.053497314, 274.587554932, 275.121612549, 275.655700684, 276.20135498, 276.735412598, 277.269470215, 277.803527832, 278.337585449, 278.871643066, 279.405700684, 279.939758301, 280.473815918, 281.019500732, 281.565155029, 282.110839844, 282.633270264, 283.167327881, 283.701385498, 284.235473633, 284.76953125, 285.29196167, 285.837646484, 286.371704102, 286.905761719, 287.439819336, 287.985473633, 288.51953125, 289.053588867, 289.587646484, 290.133331299, 290.667388916, 291.201446533, 291.631011963, 292.060577393, 292.490142822, 292.919708252, 293.360900879, 293.813690186, 294.278076172, 294.742492676, 295.206878662, 295.682891846, 296.14730835, 296.623291016, 297.099304199, 297.563720703, 298.039733887, 298.515716553, 298.991729736], "beats_loudness": {"dmean2": 0.0206042919308, "median": 0.018802575767, "min": 1.54351670334e-10, "dvar2": 0.000495510816108, "dvar": 0.000174437926034, "dmean": 0.0118814185262, "max": 0.140929654241, "var": 0.000246524665272, "mean": 0.0221085734665}, "danceability": 1.02489364147, "bpm_histogram_second_peak_weight": {"dmean2": 0, "median": 0.183566436172, "min": 0.183566436172, "dvar2": 0, "dvar": 0, "dmean": 0, "max": 0.183566436172, "var": 0, "mean": 0.183566436172}, "beats_count": 573, "bpm_histogram_second_peak_bpm": {"dmean2": 0, "median": 129, "min": 129, "dvar2": 0, "dvar": 0, "dmean": 0, "max": 129, "var": 0, "mean": 129}, "bpm_histogram_first_peak_spread": {"dmean2": 0, "median": 0.306859254837, "min": 0.306859254837, "dvar2": 0, "dvar": 0, "dmean": 0, "max": 0.306859254837, "var": 0, "mean": 0.306859254837}, "beats_loudness_band_ratio": {"dmean2": [0.327502757311, 0.227070584893, 0.294052064419, 0.242677330971, 0.192889779806, 0.152619436383], "median": [0.0878639668226, 0.129550307989, 0.229038625956, 0.135833576322, 0.101468756795, 0.0871867910028], "min": [4.56018424302e-05, 0.00025046186056, 0.000237558590015, 5.09000965394e-05, 0.00012040141155, 0.000127919702209], "dvar2": [0.0775893032551, 0.0562817826867, 0.0564069189131, 0.063224375248, 0.0392910912633, 0.0377134308219], "dvar": [0.0320610180497, 0.0192712731659, 0.0196081902832, 0.0209018755704, 0.0133221317083, 0.0133623592556], "dmean": [0.183074131608, 0.130747541785, 0.166903376579, 0.136507794261, 0.110330589116, 0.0836568102241], "max": [0.994722008705, 0.946097910404, 0.919435679913, 0.905772566795, 0.831561088562, 0.974392950535], "var": [0.0444217994809, 0.0249272435904, 0.0308360327035, 0.0236632209271, 0.0168326888233, 0.0166469085962], "mean": [0.176396757364, 0.17387264967, 0.271526962519, 0.170864373446, 0.139507114887, 0.119625814259]}}, "lowlevel": {"barkbands_spread": {"dmean2": 9.61962795258, "median": 20.4090957642, "min": 0.497956216335, "dvar2": 132.524002075, "dvar": 59.7910118103, "dmean": 6.33830213547, "max": 114.083618164, "var": 187.755889893, "mean": 23.0799541473}, "melbands_spread": {"dmean2": 14.5005121231, "median": 24.3582515717, "min": 0.374745607376, "dvar2": 371.943817139, "dvar": 175.944198608, "dmean": 9.46809864044, "max": 262.050537109, "var": 551.02520752, "mean": 29.9334449768}, "hfc": {"dmean2": 10.9937076569, "median": 13.8012142181, "min": 1.16411774583e-16, "dvar2": 756.889648438, "dvar": 335.300048828, "dmean": 7.91409540176, "max": 881.415466309, "var": 730.063842773, "mean": 20.7996921539}, "barkbands_kurtosis": {"dmean2": 4.38161468506, "median": 1.04034900665, "min": -1.92871785164, "dvar2": 176.590164185, "dvar": 66.1104049683, "dmean": 2.83936429024, "max": 456.960021973, "var": 227.193725586, "mean": 4.10048055649}, "gfcc": {"mean": [-38.5491294861, 61.390083313, -137.305236816, 23.3479404449, -78.4785690308, 4.13274812698, -47.0406265259, 6.5890083313, -27.4698791504, 4.59794378281, -19.214756012, -5.99258565903, -18.031709671], "icov": [[0.00017738789029, -0.000285476067802, 0.000421350967372, -0.000376948650228, 0.000505070900545, -0.000530145945959, 0.000598820042796, -0.000492819119245, 0.000465011893539, -0.00047132736654, 0.000425957987318, -0.000448632723419, 0.000506947108079], [-0.000285476067802, 0.00141647504643, -0.000919543555938, 0.000613788084593, -0.00128127343487, 0.00131924753077, -0.00147076207213, 0.00160117540509, -0.000960618490353, 0.00145192397758, -0.0013943411177, 0.00161509087775, -0.00117579882499], [0.000421350967372, -0.000919543555938, 0.00244727078825, -0.00183120265137, 0.00107106973883, -0.0019798129797, 0.00176762253977, -0.00135188363492, 0.00190997100435, -0.00137991958763, 0.00170035264455, -0.00209200847894, 0.00171519664582], [-0.000376948650228, 0.000613788084593, -0.00183120265137, 0.00407174276188, -0.002315180609, 0.00151884369552, -0.00109913665801, 0.00138352415524, -0.00292494031601, 0.002208793303, -0.000634390802588, 0.00145629339386, -0.00132383697201], [0.000505070900545, -0.00128127343487, 0.00107106973883, -0.002315180609, 0.00527346692979, -0.00225375639275, 0.00127973512281, -0.00302939908579, 0.00155261671171, -0.00224860105664, 0.00160462781787, -0.00159073946998, 0.00043526335503], [-0.000530145945959, 0.00131924753077, -0.0019798129797, 0.00151884369552, -0.00225375639275, 0.00663830526173, -0.00418928544968, 0.00199497397989, -0.00043948952225, 3.97254079871e-05, -0.0017312268028, 0.00341613707133, -0.00134883332066], [0.000598820042796, -0.00147076207213, 0.00176762253977, -0.00109913665801, 0.00127973512281, -0.00418928544968, 0.00757910590619, -0.0027116695419, 0.00128157122526, -0.00153746118303, 0.000894886383321, -0.00290373852476, 0.00262197735719], [-0.000492819119245, 0.00160117540509, -0.00135188363492, 0.00138352415524, -0.00302939908579, 0.00199497397989, -0.0027116695419, 0.00838618725538, -0.0028632178437, 0.000638257770333, -0.00212350604124, 0.00225364277139, -0.00164238444995], [0.000465011893539, -0.000960618490353, 0.00190997100435, -0.00292494031601, 0.00155261671171, -0.00043948952225, 0.00128157122526, -0.0028632178437, 0.00860473699868, -0.00335737201385, 0.00153989566024, -0.0010458114557, 0.00144432671368], [-0.00047132736654, 0.00145192397758, -0.00137991958763, 0.002208793303, -0.00224860105664, 3.97254079871e-05, -0.00153746118303, 0.000638257770333, -0.00335737201385, 0.00976314488798, -0.00294706318527, 0.0010760066798, -0.00220793741755], [0.000425957987318, -0.0013943411177, 0.00170035264455, -0.000634390802588, 0.00160462781787, -0.0017312268028, 0.000894886383321, -0.00212350604124, 0.00153989566024, -0.00294706318527, 0.00911233387887, -0.00197600643151, 8.02304930403e-05], [-0.000448632723419, 0.00161509087775, -0.00209200847894, 0.00145629339386, -0.00159073946998, 0.00341613707133, -0.00290373852476, 0.00225364277139, -0.0010458114557, 0.0010760066798, -0.00197600643151, 0.0088833430782, -0.00324662239291], [0.000506947108079, -0.00117579882499, 0.00171519664582, -0.00132383697201, 0.00043526335503, -0.00134883332066, 0.00262197735719, -0.00164238444995, 0.00144432671368, -0.00220793741755, 8.02304930403e-05, -0.00324662239291, 0.0108176246285]], "cov": [[15385.453125, 365.396362305, -1414.60217285, -236.97277832, -913.219055176, 111.316177368, -515.744812012, -23.602853775, -226.692398071, 72.4998703003, -153.494537354, -134.91368103, -308.240753174], [365.396362305, 1609.5369873, 217.593582153, 219.198394775, 184.746627808, -54.1905136108, 69.6955108643, -117.642776489, 18.1300582886, -135.338546753, 56.3648300171, -107.156196594, 38.5793952942], [-1414.60217285, 217.593582153, 1175.75927734, 380.586395264, 216.103805542, 122.147994995, 12.1909332275, -7.40637779236, -49.0389823914, -28.3681774139, -97.2191925049, 67.7521438599, -25.6362876892], [-236.97277832, 219.198394775, 380.586395264, 592.153991699, 222.781784058, -26.5452880859, -17.1547660828, 19.9339885712, 108.147285461, -53.7504997253, -60.8283615112, -8.87835788727, 14.3398733139], [-913.219055176, 184.746627808, 216.103805542, 222.781784058, 456.874664307, 98.231338501, 88.8297805786, 104.813224792, 52.8321456909, 51.7166175842, 7.46874475479, 0.164670959115, 47.6196327209], [111.316177368, -54.1905136108, 122.147994995, -26.5452880859, 98.231338501, 350.230316162, 146.014328003, 37.8432617188, -35.0132865906, 75.3856582642, 26.5045833588, -43.9334754944, -16.9713497162], [-515.744812012, 69.6955108643, 12.1909332275, -17.1547660828, 88.8297805786, 146.014328003, 272.518157959, 53.9667854309, 6.61428117752, 42.861869812, 43.0811195374, 4.90511274338, -6.49703741074], [-23.602853775, -117.642776489, -7.40637779236, 19.9339885712, 104.813224792, 37.8432617188, 53.9667854309, 207.776229858, 56.7227020264, 60.9770545959, 26.5733547211, -5.3636174202, 13.9649276733], [-226.692398071, 18.1300582886, -49.0389823914, 108.147285461, 52.8321456909, -35.0132865906, 6.61428117752, 56.7227020264, 195.117904663, 36.6347465515, 3.38999724388, -9.39571857452, 12.7025241852], [72.4998703003, -135.338546753, -28.3681774139, -53.7504997253, 51.7166175842, 75.3856582642, 42.861869812, 60.9770545959, 36.6347465515, 178.581176758, 46.113609314, 9.48194122314, 20.0617923737], [-153.494537354, 56.3648300171, -97.2191925049, -60.8283615112, 7.46874475479, 26.5045833588, 43.0811195374, 26.5733547211, 3.38999724388, 46.113609314, 161.068237305, 8.51330184937, 28.2069721222], [-134.91368103, -107.156196594, 67.7521438599, -8.87835788727, 0.164670959115, -43.9334754944, 4.90511274338, -5.3636174202, -9.39571857452, 9.48194122314, 8.51330184937, 173.325836182, 30.5042858124], [-308.240753174, 38.5793952942, -25.6362876892, 14.3398733139, 47.6196327209, -16.9713497162, -6.49703741074, 13.9649276733, 12.7025241852, 20.0617923737, 28.2069721222, 30.5042858124, 127.907188416]]}, "spectral_energyband_middle_low": {"dmean2": 0.00495686475188, "median": 0.00632360531017, "min": 2.99738719748e-22, "dvar2": 4.56435373053e-05, "dvar": 2.03430481633e-05, "dmean": 0.00325016840361, "max": 0.0717989653349, "var": 6.08177251706e-05, "mean": 0.0085451733321}, "melbands_crest": {"dmean2": 5.94402551651, "median": 13.3217458725, "min": 1.7464042902, "dvar2": 26.7529220581, "dvar": 11.0286340714, "dmean": 3.71146845818, "max": 33.8240127563, "var": 32.441368103, "mean": 14.1106243134}, "spectral_kurtosis": {"dmean2": 1.96346652508, "median": 3.1405377388, "min": -1.18415439129, "dvar2": 4.43819618225, "dvar": 1.71036601067, "dmean": 1.19617962837, "max": 27.0023708344, "var": 5.40493774414, "mean": 3.556214571}, "spectral_rms": {"dmean2": 0.000869858078659, "median": 0.00354337808676, "min": 3.22236117997e-12, "dvar2": 8.73078477071e-07, "dvar": 4.72482412306e-07, "dmean": 0.000617128098384, "max": 0.0126322591677, "var": 2.89486365546e-06, "mean": 0.00362019403838}, "zerocrossingrate": {"dmean2": 0.0164562314749, "median": 0.072265625, "min": 0.00341796875, "dvar2": 0.000369362911442, "dvar": 0.000332447903929, "dmean": 0.0146498372778, "max": 0.5634765625, "var": 0.00403736811131, "mean": 0.0849700570107}, "silence_rate_60dB": {"dmean2": 0.0917473882437, "median": 0, "min": 0, "dvar2": 0.0966635048389, "dvar": 0.0437627136707, "dmean": 0.0458701364696, "max": 1, "var": 0.109315380454, "mean": 0.124893471599}, "erbbands_kurtosis": {"dmean2": 1.64487242699, "median": -0.097017288208, "min": -1.82179427147, "dvar2": 5.83798408508, "dvar": 2.68656110764, "dmean": 1.04796731472, "max": 69.1452713013, "var": 7.68677473068, "mean": 0.639329373837}, "erbbands": {"dmean2": [0.00304253632203, 0.120825253427, 1.02234566212, 1.64203965664, 3.16265630722, 5.22825860977, 5.50732040405, 11.8233232498, 13.2611865997, 34.6187553406, 30.3461055756, 36.2874717712, 18.3865070343, 14.533747673, 31.2068386078, 23.1211986542, 34.9323501587, 41.6019287109, 31.9805679321, 30.4546127319, 20.6748447418, 20.916021347, 20.4781551361, 17.5227775574, 18.3966941833, 13.0531749725, 7.65949773788, 7.24188661575, 6.75971508026, 6.71180009842, 3.98410177231, 2.42073011398, 1.65741229057, 1.71467292309, 1.30384111404, 0.342883586884, 0.0562375374138, 0.00991452671587, 0.000206142387469, 1.61373354786e-05], "median": [0.000650559959468, 0.0191802885383, 0.141729295254, 0.437405258417, 0.878831028938, 1.16709923744, 1.83967781067, 3.69208288193, 4.38137626648, 8.96572971344, 8.47989940643, 8.77387809753, 4.99908304214, 4.11442232132, 5.95030450821, 4.76313829422, 6.14044141769, 8.3490486145, 7.75047445297, 6.59575891495, 4.94038915634, 5.39412069321, 6.56913852692, 5.438185215, 6.84448575974, 6.59231567383, 3.78192639351, 3.08591389656, 2.29621982574, 2.21565127373, 1.61160516739, 0.910914361477, 0.464233398438, 0.258134245872, 0.139356076717, 0.0414192266762, 0.00775789143518, 0.000858490820974, 3.34029027727e-05, 2.01830534934e-05], "min": [8.62840053721e-22, 1.24337645698e-20, 2.33358071338e-20, 4.71891320631e-20, 8.17590875067e-20, 2.5949754415e-19, 2.4435845873e-19, 1.66232270925e-19, 4.28508560323e-19, 9.44976198262e-19, 9.59195743184e-19, 1.86463260477e-18, 2.85324061579e-18, 4.53634946911e-18, 5.52238556881e-18, 5.29705205737e-18, 3.59076126059e-18, 2.27901783161e-18, 5.50610665435e-18, 5.5548544758e-18, 9.53722123635e-18, 6.1188621998e-18, 1.36197165557e-17, 1.41972466147e-17, 2.1036928476e-17, 1.75012756422e-17, 2.03532339212e-17, 1.80845736316e-17, 1.71613705848e-17, 1.24770211334e-17, 1.892433897e-17, 1.70298157802e-17, 1.88462647007e-17, 1.36950702279e-17, 8.04502049853e-18, 4.40395548976e-18, 2.99906594034e-18, 1.36273032495e-18, 3.29557596534e-19, 3.51496345696e-20], "dvar2": [6.65923289489e-05, 0.115920633078, 7.05112600327, 14.1486463547, 42.5224990845, 134.653411865, 151.52571106, 773.064208984, 882.432006836, 5860.77099609, 5708.70898438, 9280.14453125, 2572.3359375, 1300.1081543, 8261.21582031, 5008.98144531, 14260.640625, 25949.4355469, 13644.7802734, 15990.0761719, 9095.421875, 5253.32373047, 4511.3125, 3948.70336914, 6264.15478516, 2718.85742188, 808.775756836, 1420.6784668, 2066.34887695, 2146.79980469, 484.584503174, 92.1425628662, 21.5730819702, 34.4800376892, 32.1131858826, 1.55485832691, 0.0221145506948, 0.00119321339298, 5.24624056197e-07, 1.35834021808e-09], "dvar": [2.66312254098e-05, 0.0452313795686, 3.06868720055, 6.30496549606, 20.8789463043, 65.6386642456, 69.7476730347, 359.99307251, 380.979003906, 2472.80444336, 2370.97167969, 4031.05102539, 1190.34753418, 618.074890137, 3466.59326172, 2095.79663086, 6397.40771484, 15257.6611328, 6326.69873047, 8296.96679688, 4581.99707031, 2374.54296875, 2200.43554688, 2209.69604492, 2704.41552734, 1082.95361328, 319.720367432, 536.701660156, 759.98626709, 799.610778809, 203.790405273, 44.2370605469, 12.1176710129, 12.8224782944, 13.2865095139, 0.662381350994, 0.00984564330429, 0.000465861143311, 2.05381141427e-07, 5.70491431873e-10], "dmean": [0.00188244541641, 0.0762116014957, 0.644747972488, 1.05415558815, 2.10418367386, 3.43105745316, 3.60533189774, 7.64681625366, 8.40265083313, 22.0497875214, 19.5834960938, 23.9420795441, 12.1248636246, 9.51060009003, 20.0778446198, 14.7545948029, 23.1943626404, 28.7170581818, 21.2178325653, 20.3648014069, 14.3466825485, 13.8614854813, 13.7308492661, 12.0002412796, 12.2413434982, 8.51462841034, 4.96755313873, 4.66798877716, 4.47129011154, 4.35715293884, 2.67383670807, 1.64690005779, 1.21923220158, 1.0404804945, 0.848742008209, 0.232680171728, 0.0385194011033, 0.0061109107919, 0.000129704698338, 1.12825482574e-05], "max": [0.208821952343, 6.76833343506, 47.3039779663, 73.8023910522, 170.905792236, 268.629425049, 238.056625366, 523.35736084, 610.995727539, 1140.22460938, 1307.46472168, 1642.10205078, 1658.22692871, 902.993652344, 2454.6730957, 1916.5078125, 2661.01733398, 6742.46044922, 5110.95361328, 3673.86962891, 2585.01025391, 2873.84277344, 2112.71142578, 2891.91699219, 2285.99707031, 1930.73352051, 823.232543945, 1317.06286621, 1738.15087891, 1742.46044922, 797.519226074, 403.288085938, 204.817825317, 64.4153060913, 55.3392333984, 16.3134441376, 2.3516998291, 0.567723870277, 0.0119504909962, 0.00104782579001], "var": [0.000103934049548, 0.118065536022, 4.47071790695, 12.7210149765, 66.0831680298, 217.003723145, 204.594070435, 791.213134766, 755.386169434, 4763.22460938, 5092.32373047, 9051.48730469, 2818.37011719, 1449.28393555, 6855.59423828, 6718.95458984, 16680.6464844, 52413.5390625, 9519.99414062, 18293.2578125, 9232.16503906, 5364.71435547, 5554.2890625, 5874.18261719, 4528.83740234, 1420.9440918, 364.137237549, 486.669708252, 597.794128418, 662.771179199, 244.809249878, 92.395072937, 31.3335037231, 10.64478302, 12.885840416, 0.758359670639, 0.0127851003781, 0.000392868678318, 1.77913122457e-07, 9.05797936657e-10], "mean": [0.00347460433841, 0.123496085405, 0.84110558033, 1.73860991001, 3.83543276787, 6.62539482117, 6.64935827255, 12.7041845322, 13.415471077, 34.6230773926, 33.2201194763, 40.0259361267, 20.7052669525, 14.8469419479, 29.8029346466, 24.7357826233, 38.1892929077, 51.5639572144, 29.8606948853, 31.6250171661, 23.0566101074, 23.4274864197, 23.863243103, 20.4228229523, 20.6872692108, 14.8209571838, 8.44098567963, 7.58094978333, 7.15649557114, 6.41314983368, 4.10617017746, 2.55299210548, 1.87745070457, 1.10104501247, 0.883279681206, 0.271051079035, 0.0452987067401, 0.00583711406216, 0.000138822084409, 2.76949522231e-05]}, "spectral_strongpeak": {"dmean2": 1.15825378895, "median": 0.762374579906, "min": 0, "dvar2": 4.06776380539, "dvar": 1.73472046852, "dmean": 0.705965101719, "max": 31.4205551147, "var": 4.10447597504, "mean": 1.3777821064}, "spectral_energy": {"dmean2": 0.00738163106143, "median": 0.0128694167361, "min": 1.06432012714e-20, "dvar2": 9.82794808806e-05, "dvar": 4.919507046e-05, "dmean": 0.00512182246894, "max": 0.163563326001, "var": 0.000208920217119, "mean": 0.0164006371051}, "average_loudness": 0.630565345287, "spectral_rolloff": {"dmean2": 1219.83605957, "median": 1636.5234375, "min": 86.1328125, "dvar2": 4051632, "dvar": 1873307.75, "dmean": 752.238037109, "max": 18927.6855469, "var": 5489961, "mean": 2291.2277832}, "spectral_centroid": {"dmean2": 453.10534668, "median": 1525.0345459, "min": 124.459732056, "dvar2": 237046.5625, "dvar": 119327.5625, "dmean": 304.368133545, "max": 10776.5556641, "var": 608987, "mean": 1616.44458008}, "pitch_salience": {"dmean2": 0.116314798594, "median": 0.575190722942, "min": 0.0872254893184, "dvar2": 0.010771419853, "dvar": 0.00456001004204, "dmean": 0.0738991424441, "max": 0.903981864452, "var": 0.0146472835913, "mean": 0.566539764404}, "spectral_energyband_middle_high": {"dmean2": 0.00332196662202, "median": 0.00258020684123, "min": 1.66827880145e-21, "dvar2": 3.59226178261e-05, "dvar": 1.97401641344e-05, "dmean": 0.00235695787705, "max": 0.144505992532, "var": 9.16973149288e-05, "mean": 0.00576918944716}, "spectral_contrast_coeffs": {"dmean2": [0.0842719972134, 0.0858813226223, 0.0682952255011, 0.056750446558, 0.0454485379159, 0.0400143601], "median": [-0.588827371597, -0.686966180801, -0.752281546593, -0.769486427307, -0.778156757355, -0.738858103752], "min": [-0.952815890312, -0.963321685791, -0.972659885883, -0.96185028553, -0.95778220892, -0.957293272018], "dvar2": [0.00458943052217, 0.00502218259498, 0.00314747076482, 0.00219930801541, 0.00157639826648, 0.00119329069275], "dvar": [0.00186908710748, 0.00214158534072, 0.00138278258964, 0.00101742905099, 0.0007887436077, 0.000577516038902], "dmean": [0.0522745288908, 0.0538294278085, 0.0436984337866, 0.0366479381919, 0.0299737621099, 0.0269025228918], "max": [-0.240912586451, -0.354344248772, -0.38520398736, -0.394748866558, -0.41974323988, -0.453812748194], "var": [0.0122900046408, 0.00893720053136, 0.00776193803176, 0.00622131675482, 0.00466578034684, 0.00375887798145], "mean": [-0.58006310463, -0.684010505676, -0.739625930786, -0.755666971207, -0.763880729675, -0.732215702534]}, "melbands_skewness": {"dmean2": 1.05709660053, "median": 1.93631124496, "min": -2.36735677719, "dvar2": 1.33533751965, "dvar": 0.610957205296, "dmean": 0.701118290424, "max": 17.2998695374, "var": 2.66097784042, "mean": 2.18396377563}, "spectral_spread": {"dmean2": 752317, "median": 4534978, "min": 1744937.375, "dvar2": 712954937344, "dvar": 427337220096, "dmean": 535081, "max": 40418428, "var": 2216918515710.0, "mean": 4823524.5}, "dissonance": {"dmean2": 0.0354988202453, "median": 0.462819486856, "min": 0.209792330861, "dvar2": 0.00114929152187, "dvar": 0.000430813321145, "dmean": 0.0214734394103, "max": 0.499999940395, "var": 0.00107252970338, "mean": 0.455123722553}, "spectral_skewness": {"dmean2": 0.299227178097, "median": 1.36397838593, "min": -0.577606141567, "dvar2": 0.0727755352855, "dvar": 0.0313622280955, "dmean": 0.192197263241, "max": 3.81717205048, "var": 0.150951385498, "mean": 1.38546168804}, "spectral_flux": {"dmean2": 0.033009249717, "median": 0.0643742457032, "min": 1.03165892495e-10, "dvar2": 0.00136234343518, "dvar": 0.000545497226994, "dmean": 0.0211085844785, "max": 0.438922911882, "var": 0.00177458184771, "mean": 0.0705278292298}, "spectral_contrast_valleys": {"dmean2": [0.776717603207, 0.635038375854, 0.576401114464, 0.538422226906, 0.497391700745, 0.516222715378], "median": [-8.77302265167, -7.13109922409, -7.80918979645, -7.93930864334, -7.76909828186, -10.3022289276], "min": [-27.5147476196, -27.9955825806, -27.5094299316, -27.0726947784, -27.2600822449, -27.2966403961], "dvar2": [0.393253624439, 0.279955983162, 0.244011506438, 0.231366142631, 0.230029046535, 0.279102295637], "dvar": [0.167107462883, 0.131004855037, 0.126935482025, 0.133414447308, 0.135672569275, 0.164506986737], "dmean": [0.482619017363, 0.404143422842, 0.385970771313, 0.376570552588, 0.354948848486, 0.381375908852], "max": [-5.65801715851, -4.76220464706, -5.26699542999, -5.81777095795, -5.43354558945, -7.20730829239], "var": [2.55512475967, 1.88218057156, 1.75589096546, 1.72658538818, 1.62630677223, 1.62866234779], "mean": [-8.99217319489, -7.31833553314, -7.93903255463, -8.08510494232, -7.9304227829, -10.5338830948]}, "erbbands_flatness_db": {"dmean2": 0.0275484900922, "median": 0.174177333713, "min": 0.040495224297, "dvar2": 0.000639295030851, "dvar": 0.00032606642344, "dmean": 0.0190653260797, "max": 0.390979170799, "var": 0.00237394939177, "mean": 0.179192453623}, "spectral_energyband_high": {"dmean2": 0.000755241606385, "median": 0.000473969557788, "min": 7.59237822651e-21, "dvar2": 1.13009637062e-05, "dvar": 4.55297276858e-06, "dmean": 0.000524000555743, "max": 0.119615785778, "var": 4.95165795655e-06, "mean": 0.000946969201323}, "spectral_entropy": {"dmean2": 0.273898780346, "median": 7.57556056976, "min": 5.23941516876, "dvar2": 0.070516563952, "dvar": 0.0393072068691, "dmean": 0.194863051176, "max": 9.8009595871, "var": 0.249357193708, "mean": 7.51981544495}, "silence_rate_20dB": {"dmean2": 0, "median": 1, "min": 1, "dvar2": 0, "dvar": 0, "dmean": 0, "max": 1, "var": 0, "mean": 1}, "melbands_flatness_db": {"dmean2": 0.0402442924678, "median": 0.168082535267, "min": 0.00407651253045, "dvar2": 0.0015496002743, "dvar": 0.000800808309577, "dmean": 0.0279176626354, "max": 0.574580192566, "var": 0.00482942350209, "mean": 0.173624426126}, "barkbands": {"dmean2": [1.18718617159e-05, 0.000376433134079, 0.00108053314034, 0.000647149921861, 0.00131672993302, 0.00117911386769, 0.00128728395794, 0.00172104197554, 0.00152750266716, 0.000518403074238, 0.000733344524633, 0.00056282884907, 0.000760518072639, 0.00084113352932, 0.000513646751642, 0.00059704692103, 0.000410751526942, 0.000388105167076, 0.000395125156501, 0.000292835698929, 0.000185039956705, 0.000186176461284, 0.000160928524565, 9.65541548794e-05, 0.000163422650076, 4.35339206888e-05, 1.63942058862e-06], "median": [1.64275002135e-06, 4.97616565553e-05, 0.000103553073131, 0.000131210297695, 0.000429492152762, 0.000373026967281, 0.000293689023238, 0.000359649857273, 0.000315634824801, 9.20172678889e-05, 0.000123351841467, 7.87114404375e-05, 9.91388733382e-05, 0.000115120164992, 9.85162259894e-05, 8.96772980923e-05, 8.23823211249e-05, 0.000109949236503, 0.000113382237032, 0.000141410520882, 8.16264291643e-05, 6.48087952868e-05, 5.97367870796e-05, 3.57815515599e-05, 2.2954740416e-05, 5.76086176807e-06, 2.74950764378e-08], "min": [7.21934892655e-24, 4.85254501429e-23, 1.53240048926e-23, 2.40909569202e-23, 6.07256478924e-23, 2.10282580982e-23, 4.04376347795e-23, 4.56041940812e-23, 8.47317454673e-23, 9.96747210763e-23, 1.3931069016e-22, 1.27680469658e-22, 7.28819881309e-23, 5.11761868675e-23, 1.0125296669e-22, 