{"metadata": {"tags": {"album": ["Social Living"], "albumartist": ["Burning Spear"], "musicbrainz_recordingid": ["0607fcfd-6d35-4494-9424-e5c11a68ab12"], "artist": ["Burning Spear"], "date": ["1995"], "tracknumber": ["1"], "title": ["01 Marcus Children Suffer - Burning Spear - Social Living"], "file_name": "253924.mp3"}, "audio_properties": {"sample_rate": 44100, "downmix": "mix", "lossless": false, "analysis_sample_rate": 44100, "md5_encoded": "eef80699ee539aa4be6795422d48a149", "equal_loudness": 0, "replay_gain": -10.0646038055, "codec": "mp3", "bit_rate": 229652, "length": 278.857147217}, "version": {"extractor": "music 1.0", "essentia_build_sha": "70f2e5ece6736b2c40cc944ad0e695b16b925413", "essentia_git_sha": "v2.1_beta2", "essentia": "2.1-beta2"}}, "rhythm": {"beats_loudness_band_ratio": {"dvar2": [0.115689180791, 0.00832831300795, 0.034228336066, 0.0303570348769, 0.00923139881343, 0.0181548148394], "var": [0.06083265692, 0.00282665365376, 0.0161372534931, 0.0101647358388, 0.00294122425839, 0.00659380340949], "min": [0.00078789528925, 0.000201998162083, 9.15158598218e-05, 7.61892442824e-05, 2.57938136201e-05, 0.000154677705723], "dmean": [0.236366093159, 0.0408846847713, 0.0964298546314, 0.0907736122608, 0.0563552230597, 0.0511285811663], "mean": [0.729541182518, 0.0330549031496, 0.0863844081759, 0.0712305828929, 0.0395656824112, 0.0505681373179], "max": [0.997494459152, 0.597266733646, 0.796472549438, 0.65330862999, 0.423641085625, 0.781807899475], "dmean2": [0.428387880325, 0.0744162872434, 0.171963497996, 0.16964058578, 0.109300114214, 0.091298058629], "median": [0.796569645405, 0.0156661085784, 0.0385943241417, 0.0342857241631, 0.0211648419499, 0.0287739112973], "dvar": [0.040373776108, 0.00302643026225, 0.0136387236416, 0.0110703073442, 0.00308410497382, 0.00715889502317]}, "bpm_histogram_first_peak_weight": {"dvar2": 0, "var": 0, "min": 0.414634138346, "dmean": 0, "mean": 0.414634138346, "max": 0.414634138346, "dmean2": 0, "median": 0.414634138346, "dvar": 0}, "bpm": 114.743988037, "beats_count": 534, "bpm_histogram_first_peak_spread": {"dvar2": 0, "var": 0, "min": 0.562376260757, "dmean": 0, "mean": 0.562376260757, "max": 0.562376260757, "dmean2": 0, "median": 0.562376260757, "dvar": 0}, "danceability": 1.16738975048, "bpm_histogram_first_peak_bpm": {"dvar2": 0, "var": 0, "min": 115, "dmean": 0, "mean": 115, "max": 115, "dmean2": 0, "median": 115, "dvar": 0}, "beats_position": [0.476009070873, 0.975238084793, 1.43963718414, 1.92725622654, 2.39165520668, 2.85605430603, 3.34367346764, 3.85451245308, 4.3653512001, 4.87619018555, 5.38702917099, 5.89786815643, 6.40870714188, 6.91954612732, 7.4303855896, 7.94122457504, 8.46367359161, 8.98612213135, 9.49696159363, 10.0078001022, 10.5186395645, 11.0410881042, 11.5519275665, 12.0627660751, 12.5619955063, 13.0612239838, 13.5604534149, 14.0712919235, 14.5821313858, 15.0929698944, 15.6038093567, 16.114648819, 16.602268219, 17.0782756805, 17.5542850494, 18.0302944183, 18.5179138184, 19.0171432495, 19.5279808044, 20.0504302979, 20.5728797913, 21.0837192535, 21.5945568085, 22.0937862396, 22.6046257019, 23.1270751953, 23.6611328125, 24.1719722748, 24.6944217682, 25.2168693542, 25.7277088165, 26.2385482788, 26.7493877411, 27.2718353271, 27.7942848206, 28.3051242828, 28.8391838074, 29.3616313934, 29.8840808868, 30.3949203491, 30.9173698425, 31.4398174286, 31.9738769531, 32.4963264465, 33.0187759399, 33.5296134949, 34.0404510498, 34.5745124817, 35.0969619751, 35.6194114685, 36.1534690857, 36.6759185791, 37.1983680725, 37.7092056274, 38.2200431824, 38.7541046143, 39.2765541077, 39.7989997864, 40.309841156, 40.8206787109, 41.3315200806, 41.8423576355, 42.3531951904, 42.8640365601, 43.3864860535, 43.9089317322, 44.4429931641, 44.9770507812, 45.5111083984, 46.0219497681, 46.532787323, 47.0668487549, 47.5776863098, 48.1001358032, 48.6225852966, 49.1566429138, 49.6674804688, 50.1783218384, 50.7007713318, 51.2232208252, 51.7572784424, 52.2797279358, 52.8021774292, 53.3362350464, 53.8702926636, 54.392742157, 54.9268035889, 55.4376411438, 55.9600906372, 56.4941482544, 57.0282058716, 57.5390472412, 58.0498847961, 58.5375061035, 59.03673172, 59.5359611511, 60.0351905823, 60.5576400757, 61.0684814453, 61.590927124, 62.1133766174, 62.6358261108, 63.1582756042, 63.6691131592, 64.1915664673, 64.7256240845, 65.2480697632, 65.7821273804, 66.3045806885, 66.8270263672, 67.3378677368, 67.8487091064, 68.3711547852, 68.8936004639, 69.4276657104, 69.9617233276, 70.4841690063, 71.0066223145, 71.5174560547, 72.0515213013, 72.57396698, 73.0964126587, 73.6304779053, 74.152923584, 74.6753692627, 75.1978225708, 75.7202682495, 76.2311096191, 76.7419509888, 77.2643966675, 77.7868499756, 78.3209075928, 78.85496521, 79.3774108887, 79.8998641968, 80.433921814, 80.9447631836, 81.4672088623, 81.9896621704, 82.5121078491, 83.0345535278, 83.5453948975, 84.0678405762, 84.5902938843, 85.112739563, 85.6351928711, 86.1460266113, 86.656867981, 87.1677093506, 87.6785507202, 88.1893844604, 88.7002258301, 89.2226715088, 89.7451248169, 90.2791824341, 90.8132400513, 91.3472976685, 91.8697509766, 92.3921966553, 92.9030380249, 93.4254837036, 93.9595413208, 94.4819946289, 95.0160522461, 95.5384979248, 96.0725631714, 96.5950088501, 97.1290664673, 97.6399078369, 98.1507492065, 98.6615829468, 99.1956481934, 99.7064819336, 100.217323303, 100.739768982, 101.250610352, 101.77305603, 102.307121277, 102.817955017, 103.328796387, 103.816413879, 104.315643311, 104.814872742, 105.314102173, 105.813331604, 106.324172974, 106.858230591, 107.392288208, 107.926345825, 108.437187195, 108.948028564, 109.458862305, 109.981315613, 110.503761292, 111.037818909, 111.560272217, 112.082717896, 112.593559265, 113.116004944, 113.638458252, 114.160903931, 114.683357239, 115.205802917, 115.728248596, 116.250701904, 116.773147583, 117.295600891, 117.81804657, 118.340499878, 118.862945557, 119.397003174, 119.931060791, 120.453514099, 120.975959778, 121.510017395, 122.032470703, 122.554916382, 123.065757751, 123.599815369, 124.122268677, 124.644714355, 125.167160034, 125.678001404, 126.200454712, 126.722900391, 127.245346069, 127.767799377, 128.290252686, 128.801086426, 129.335144043, 129.86920166, 130.391647339, 130.914108276, 131.436553955, 131.958999634, 132.493057251, 133.01550293, 133.537963867, 134.072021484, 134.606079102, 135.140136719, 135.674194336, 136.196640015, 136.719085693, 137.253143311, 137.775604248, 138.298049927, 138.820495605, 139.342941284, 139.876998901, 140.399459839, 140.933517456, 141.467575073, 141.990020752, 142.500854492, 143.02331543, 143.545761108, 144.079818726, 144.613876343, 145.136322021, 145.6587677, 146.181228638, 146.692062378, 147.214508057, 147.736953735, 148.259414673, 148.79347229, 149.327529907, 149.861587524, 150.395645142, 150.929702759, 151.452148438, 151.974594116, 152.508651733, 153.042724609, 153.576782227, 154.110839844, 154.644897461, 155.178955078, 155.689788818, 156.223846436, 156.746307373, 157.268753052, 157.802810669, 158.336868286, 158.870925903, 159.381759644, 159.892608643, 160.42666626, 160.960723877, 161.471557617, 161.982406616, 162.493240356, 163.004074097, 163.514923096, 164.025756836, 164.536590576, 165.070648193, 165.604721069, 166.127166748, 166.649612427, 167.160446167, 167.671295166, 168.182128906, 168.716186523, 169.250244141, 169.784301758, 170.318359375, 170.852416992, 171.37487793, 171.897323608, 172.419769287, 172.942214966, 173.464660645, 173.987121582, 174.521179199, 175.055236816, 175.577682495, 176.100128174, 176.622589111, 177.156646729, 177.679092407, 178.213150024, 178.747207642, 179.258041382, 179.780502319, 180.302947998, 180.837005615, 181.347839355, 181.881896973, 182.41595459, 182.950012207, 183.472473145, 183.983306885, 184.505752563, 185.039810181, 185.562271118, 186.084716797, 186.618774414, 187.152832031, 187.686889648, 188.220947266, 188.755004883, 189.2890625, 189.799911499, 190.322357178, 190.844802856, 191.378860474, 191.912918091, 192.42376709, 192.93460083, 193.468658447, 194.002716064, 194.536773682, 195.05921936, 195.581680298, 196.115737915, 196.638183594, 197.160629272, 197.69468689, 198.228744507, 198.751205444, 199.273651123, 199.80770874, 200.341766357, 200.864212036, 201.398269653, 201.920715332, 202.454788208, 202.988845825, 203.522903442, 204.05696106, 204.591018677, 205.101852417, 205.612701416, 206.123535156, 206.657592773, 207.191650391, 207.702484131, 208.236557007, 208.759002686, 209.281448364, 209.792282104, 210.291519165, 210.802352905, 211.313186646, 211.835647583, 212.3697052, 212.903762817, 213.414596558, 213.925445557, 214.436279297, 214.947113037, 215.469558716, 215.992019653, 216.526077271, 217.060134888, 217.582580566, 218.105026245, 218.639083862, 219.173141479, 219.695602417, 220.218048096, 220.740493774, 221.262939453, 221.785385132, 222.307846069, 222.81867981, 223.352737427, 223.886795044, 224.420852661, 224.943313599, 225.465759277, 225.976593018, 226.510650635, 227.044708252, 227.555557251, 228.089614868, 228.612060547, 229.146118164, 229.668563843, 230.191009521, 230.713470459, 231.235916138, 231.758361816, 232.292419434, 232.826477051, 233.360534668, 233.882995605, 234.405441284, 234.939498901, 235.46194458, 235.984390259, 236.518447876, 237.052505493, 237.586578369, 238.109024048, 238.631469727, 239.142303467, 239.676361084, 240.198822021, 240.7212677, 241.243713379, 241.766159058, 242.300216675, 242.834274292, 243.356735229, 243.879180908, 244.413238525, 244.947296143, 245.48135376, 246.015411377, 246.549468994, 247.083526611, 247.59437561, 248.128433228, 248.650878906, 249.173324585, 249.707382202, 250.241439819, 250.763900757, 251.286346436, 251.820404053, 252.331237793, 252.86529541, 253.387756348, 253.910202026, 254.444259644, 254.966705322, 255.489151001, 256, 256.534057617, 257.056488037, 257.578948975, 258.113006592, 258.647064209, 259.169525146, 259.691955566, 260.202819824, 260.713653564, 261.236083984, 261.758544922, 262.269378662, 262.780212402, 263.30267334, 263.825134277, 264.335968018, 264.858398438, 265.380859375, 265.903320312, 266.425750732, 266.936584473, 267.447418213, 267.958282471, 268.457489014, 268.956726074, 269.467559814, 269.990020752, 270.512481689, 271.034912109, 271.557373047, 272.079803467, 272.602264404, 273.136322021, 273.658782959, 274.181213379, 274.715270996, 275.226104736, 275.736968994, 276.259399414, 276.781860352, 277.304290771, 277.826751709, 278.349212646], "beats_loudness": {"dvar2": 0.00331083312631, "var": 0.00179001200013, "min": 4.97461072335e-10, "dmean": 0.0384657680988, "mean": 0.0673493668437, "max": 0.224074348807, "dmean2": 0.0658823996782, "median": 0.0587147809565, "dvar": 0.00118201877922}, "bpm_histogram_second_peak_weight": {"dvar2": 0, "var": 0, "min": 0.030018761754, "dmean": 0, "mean": 0.030018761754, "max": 0.030018761754, "dmean2": 0, "median": 0.030018761754, "dvar": 0}, "bpm_histogram_second_peak_spread": {"dvar2": 0, "var": 0, "min": 0.272727310658, "dmean": 0, "mean": 0.272727310658, "max": 0.272727310658, "dmean2": 0, "median": 0.272727310658, "dvar": 0}, "bpm_histogram_second_peak_bpm": {"dvar2": 0, "var": 0, "min": 120, "dmean": 0, "mean": 120, "max": 120, "dmean2": 0, "median": 120, "dvar": 0}, "onset_rate": 4.3138127327}, "lowlevel": {"spectral_energyband_high": {"dvar2": 3.51393919118e-06, "var": 3.26544682139e-06, "min": 7.11958876868e-21, "dmean": 0.000585278321523, "mean": 0.000785710464697, "max": 0.0212078206241, "dmean2": 0.000838740961626, "median": 0.000131541266455, "dvar": 1.76292166998e-06}, "spectral_energyband_middle_low": {"dvar2": 3.82934558729e-05, "var": 0.000105539475044, "min": 1.91608318535e-22, "dmean": 0.00236052251421, "mean": 0.0063545727171, "max": 0.123084686697, "dmean2": 0.00357761909254, "median": 0.0028264047578, "dvar": 1.7089450921e-05}, "spectral_energy": {"dvar2": 0.00160317739937, "var": 0.00168013770599, "min": 9.85902112597e-21, "dmean": 0.0158070102334, "mean": 0.0362874604762, "max": 0.308568656445, "dmean2": 0.0237200763077, "median": 0.0228720027953, "dvar": 0.000779803434853}, "spectral_spread": {"dvar2": 4942021525500.0, "var": 12955589541900.0, "min": 1456943.5, "dmean": 1335972.875, "mean": 5827866.5, "max": 42241412, "dmean2": 1727707.25, "median": 4438522.5, "dvar": 3094707699710.0}, "spectral_energyband_low": {"dvar2": 0.00172179774381, "var": 0.00142122828402, "min": 7.10220544871e-24, "dmean": 0.013985668309, "mean": 0.024725381285, "max": 0.306473135948, "dmean2": 0.0214463118464, "median": 0.00607111724094, "dvar": 0.000802524387836}, "spectral_rolloff": {"dvar2": 6294261.5, "var": 5521324, "min": 43.06640625, "dmean": 669.123596191, "mean": 1466.03027344, "max": 19487.5488281, "dmean2": 1154.09472656, "median": 818.26171875, "dvar": 2747494.75}, "barkbands": {"dvar2": [1.84542441275e-05, 0.00163521035574, 2.37185795413e-05, 2.39963856075e-06, 2.17819820136e-06, 7.40526900245e-07, 1.10757318907e-05, 1.40186230055e-05, 8.19311935629e-06, 1.85080637038e-06, 7.5005373219e-06, 3.47933496414e-06, 7.32187891117e-06, 2.39591440732e-06, 3.55082562464e-07, 3.98563287263e-07, 2.52898018971e-07, 7.80495156505e-07, 1.4915152633e-06, 4.97573857672e-08, 1.94118836561e-08, 2.10242259158e-08, 1.22959761484e-07, 1.19411168953e-07, 3.60329210025e-07, 2.72320249906e-07, 1.8036578453e-08], "var": [9.46911131905e-06, 0.00114867568482, 9.5548639365e-06, 1.30016837829e-06, 9.72426960288e-07, 2.05954756893e-06, 1.6510964997e-05, 2.91931773972e-05, 2.26586707868e-05, 1.87746468328e-06, 5.90037461734e-06, 4.66402889288e-06, 1.46836619024e-05, 8.11485904251e-07, 6.33590445887e-07, 6.18748856596e-07, 3.93526903508e-07, 1.44871364682e-06, 2.46344939114e-06, 5.32172776957e-08, 1.70435328073e-08, 1.91785609616e-08, 9.6574915176e-08, 1.25091773384e-07, 3.29577972025e-07, 1.71484302314e-07, 9.5039451864e-09], "min": [1.68004298631e-25, 5.09620198092e-24, 1.35951450241e-24, 2.21791280617e-24, 8.19496397361e-24, 1.34578676466e-23, 9.48002548797e-24, 1.56973254274e-23, 1.19067391261e-23, 2.57492024964e-23, 2.75884411633e-23, 2.5340824983e-23, 3.65112405514e-23, 6.08773111346e-23, 4.49763901739e-23, 7.24973395535e-23, 7.39738473544e-23, 8.31034797609e-23, 1.24610601669e-22, 2.0474593232e-22, 2.92409608715e-22, 3.09247535503e-22, 4.40819765241e-22, 6.03469908713e-22, 8.67190123053e-22, 1.38703012304e-21, 2.0596615499e-21], "dmean": [0.00128503411543, 0.0128207467496, 0.00118909357116, 0.000477762398077, 0.000418790266849, 0.00027153181145, 0.000620072940364, 0.000782498973422, 0.000605731736869, 0.000301122898236, 0.000575485813897, 0.00042157547432, 0.000498677138239, 0.000307347305352, 0.000142174292705, 0.000156205001986, 0.000120566182886, 0.000163793243701, 0.00017567264149, 5.07066833961e-05, 3.79400371457e-05, 4.35439615103e-05, 8.83544198587e-05, 0.000100979399576, 0.000170302853803, 0.000135750917252, 3.43586616509e-05], "mean": [0.00141630903818, 0.0212125051767, 0.00170523545239, 0.000724738638382, 0.000594178738538, 0.000613456650171, 0.00131323363166, 0.00156462122686, 0.00133430107962, 0.000514032377396, 0.000886208203156, 0.000710164196789, 0.00099609605968, 0.000346667715348, 0.000241609464865, 0.000277134007774, 0.000221935435547, 0.000363126891898, 0.000414843554609, 8.77309430507e-05, 6.17828045506e-05, 6.63405153318e-05, 0.000108773179818, 0.000135158072226, 0.000208437719266, 0.000137052469654, 3.17229387292e-05], "max": [0.0329528264701, 0.283633977175, 0.0394197292626, 0.0198725312948, 0.0162267070264, 0.0190102383494, 0.0602765716612, 0.103185378015, 0.0627430975437, 0.0246112439781, 0.034607578069, 0.0337820872664, 0.0646489113569, 0.0203393697739, 0.0195342190564, 0.0227735918015, 0.0178021844476, 0.0309587586671, 0.042832005769, 0.00492041744292, 0.00304521387443, 0.00201709708199, 0.00961775425822, 0.00750944996253, 0.00714626023546, 0.00566828250885, 0.00118075730279], "dmean2": [0.00200940715149, 0.0202238094062, 0.00206341315061, 0.000790926918853, 0.000700485426933, 0.000406820763601, 0.00096307345666, 0.0011311218841, 0.000898591591977, 0.000465689954581, 0.000961473560892, 0.000678976473864, 0.000770620536059, 0.000524589209817, 0.00022243525018, 0.000234402803471, 0.00017812520673, 0.000241228248342, 0.000258217100054, 8.2216487499e-05, 5.94115663262e-05, 6.70891968184e-05, 0.000131949447677, 0.000145933619933, 0.000246128969593, 0.000202557435841, 5.23045782757e-05], "median": [0.000104198843474, 0.00428158836439, 0.00042645787471, 0.000241071538767, 0.000238136941334, 0.000151692482177, 0.000107122548798, 0.000104095874121, 8.97895733942e-05, 6.49004796287e-05, 0.000104402883153, 6.41175793135e-05, 8.25935348985e-05, 4.5959783165e-05, 3.16808291245e-05, 3.96887116949e-05, 3.37916135322e-05, 4.75333145005e-05, 5.54868493055e-05, 1.59501614689e-05, 1.80945426109e-05, 1.84787186299e-05, 1.26680970425e-05, 1.63233562489e-05, 1.60845174833e-05, 4.33925288235e-06, 7.08133200078e-07], "dvar": [8.03450529929e-06, 0.000721145188436, 8.59378360474e-06, 8.9300141326e-07, 7.95071571247e-07, 3.56357503506e-07, 4.22458788307e-06, 6.93947004038e-06, 4.18183344664e-06, 7.91370325715e-07, 2.7819717161e-06, 1.38770735703e-06, 3.12044858219e-06, 8.66314394443e-07, 1.63300569511e-07, 2.07196023894e-07, 1.29231395363e-07, 3.73465127268e-07, 6.84729911882e-07, 2.077413086e-08, 8.3718294519e-09, 9.23440879319e-09, 5.69334517309e-08, 5.9544383646e-08, 1.80635439051e-07, 1.28341710592e-07, 8.37166247436e-09]}, "melbands_skewness": {"dvar2": 11.4273281097, "var": 17.3809757233, "min": -3.66643691063, "dmean": 1.63397800922, "mean": 3.83758831024, "max": 35.7663192749, "dmean2": 2.40710878372, "median": 2.56826019287, "dvar": 5.73437643051}, "barkbands_skewness": {"dvar2": 5.0215420723, "var": 9.32771968842, "min": -6.21926403046, "dmean": 1.14914047718, "mean": 2.4650850296, "max": 23.8767089844, "dmean2": 1.7081297636, "median": 1.59318232536, "dvar": 2.39054441452}, "erbbands": {"dvar2": [4.10807704926, 45.7491455078, 36.3311424255, 26.5037593842, 22.9121265411, 24.7236919403, 23.032201767, 63.5325622559, 465.508758545, 4481.32470703, 9855.26464844, 5355.74267578, 1714.07006836, 3677.32641602, 8803.98535156, 6354.13964844, 12764.7001953, 7780.26953125, 1053.33984375, 1295.5592041, 838.285705566, 475.259521484, 1165.94873047, 5741.85888672, 689.928466797, 94.0744476318, 43.5719985962, 31.2728404999, 32.6359901428, 48.5447425842, 125.368461609, 43.3015403748, 51.4038848877, 54.5771980286, 17.2823734283, 6.35600376129, 0.80880510807, 0.0385234542191, 0.000629086338449, 6.90290050898e-07], "var": [2.29771256447, 34.5509796143, 16.8964481354, 15.0819826126, 8.0322227478, 14.5637893677, 37.9645805359, 146.799407959, 852.670471191, 6540.82714844, 21502.0273438, 14991.6826172, 1808.15539551, 3507.78930664, 5954.70996094, 9660.56933594, 30656.5703125, 2596.58813477, 645.904418945, 2973.15527344, 1201.79956055, 866.411315918, 2513.00097656, 10009.9228516, 1974.45227051, 100.806602478, 38.9890327454, 24.9153766632, 27.9934463501, 45.8689804077, 90.5942993164, 38.6749267578, 48.8903198242, 47.8891067505, 14.673078537, 4.45942974091, 0.461084425449, 0.0207347646356, 0.00032959372038, 3.87255852274e-07], "min": [1.30874952428e-22, 1.25921678396e-21, 1.82431776042e-21, 6.8034288679e-21, 2.062088081e-20, 3.4740060613e-20, 7.2904112587e-20, 1.080761812e-19, 6.82976536156e-20, 2.4202208709e-19, 5.36246095072e-19, 3.13462703916e-19, 1.00713923489e-18, 8.82253367159e-19, 1.2690042475e-18, 1.19656442234e-18, 1.49596203146e-18, 3.22444866902e-18, 2.70007881959e-18, 4.29692038644e-18, 4.7016966697e-18, 5.51641828787e-18, 3.83230668485e-18, 6.24217621757e-18, 9.2476037972e-18, 1.02061903219e-17, 1.08252812436e-17, 1.10620600396e-17, 1.13034867634e-17, 9.44637860712e-18, 1.04498851749e-17, 1.18954809027e-17, 9.77435902872e-18, 7.74067179985e-18, 5.81998860959e-18, 4.68070985679e-18, 2.35156612083e-18, 1.00808925182e-18, 2.67973948231e-19, 2.73847576815e-20], "dmean": [0.591692447662, 2.16809988022, 1.62953937054, 1.59533905983, 1.27704489231, 1.50984656811, 1.44713628292, 2.39048290253, 4.89517450333, 13.6522312164, 19.380449295, 15.0760746002, 8.99373531342, 13.5918989182, 20.6287555695, 18.729265213, 21.8881454468, 16.7916049957, 7.69314002991, 8.3775177002, 7.8963637352, 5.46267557144, 7.52633953094, 11.0280208588, 5.31582355499, 2.3005335331, 1.60629296303, 1.51597011089, 1.65039432049, 2.01861572266, 2.6957244873, 1.77000010014, 2.01020908356, 2.02858042717, 1.14049601555, 0.657482802868, 0.229022666812, 0.0505920425057, 0.00637631677091, 0.000220266752876], "mean": [0.78351777792, 4.01556110382, 2.81480622292, 2.61785912514, 1.69197118282, 2.17304635048, 2.66866707802, 5.36798191071, 11.4952688217, 28.2389240265, 41.7733955383, 34.5916519165, 16.5329608917, 23.2242298126, 32.3917770386, 36.3953514099, 45.3828773499, 19.9840431213, 11.4136676788, 16.1957378387, 14.7607154846, 11.19718647, 17.8892059326, 26.8211193085, 13.273150444, 4.28057146072, 2.63813376427, 2.46187329292, 2.52558612823, 2.67588114738, 3.22523713112, 2.3424744606, 2.62386894226, 2.5135114193, 1.34544718266, 0.701582610607, 0.222655758262, 0.0472363382578, 0.0058964365162, 0.00023682587198], "max": [14.1812038422, 44.5514640808, 42.1876487732, 42.5077552795, 45.964263916, 63.2170219421, 126.681121826, 142.723327637, 498.815948486, 842.025817871, 2856.34472656, 1666.11962891, 916.070373535, 1031.11401367, 989.854797363, 1513.3137207, 3168.14599609, 900.819335938, 609.591125488, 1385.4510498, 904.150695801, 706.744995117, 1296.47192383, 3191.28100586, 1104.015625, 217.644515991, 123.999198914, 116.736114502, 96.6656723022, 134.895675659, 303.213195801, 196.456161499, 128.249435425, 99.321395874, 60.4881744385, 34.1071853638, 10.3891410828, 1.91763579845, 0.219077274203, 0.00720144668594], "dmean2": [0.958656251431, 3.4569375515, 2.73772215843, 2.63778138161, 2.19724583626, 2.46099805832, 2.28556084633, 3.60177135468, 7.39360237122, 21.0668315887, 27.772605896, 22.0171298981, 13.8971214294, 22.0867271423, 34.6045951843, 29.5605220795, 33.4806251526, 28.7594909668, 12.5775241852, 12.6037454605, 11.8375082016, 7.99067878723, 10.959736824, 16.1009140015, 7.90964078903, 3.72865986824, 2.58217167854, 2.35505342484, 2.55601406097, 3.01770734787, 4.04132604599, 2.59178376198, 2.92003560066, 2.96105861664, 1.66974473, 0.973757386208, 0.344280570745, 0.0770790949464, 0.00968718901277, 0.000331132323481], "median": [0.102792978287, 0.899771869183, 0.879054903984, 0.906198203564, 0.787851333618, 0.788631379604, 1.00948047638, 1.3302770853, 1.64359068871, 2.68972635269, 3.29263424873, 2.66917681694, 2.74878835678, 3.49302721024, 4.88011550903, 4.81333732605, 4.84132003784, 3.17250990868, 2.07863473892, 1.96874201298, 2.65547275543, 1.99931967258, 2.50774097443, 3.55641937256, 2.15624785423, 0.852730453014, 0.633834838867, 0.822310328484, 0.716792464256, 0.449192643166, 0.35003900528, 0.28937843442, 0.277318567038, 0.201716467738, 0.0917199924588, 0.0266704894602, 0.00643212813884, 0.00146852759644, 0.000129011561512, 4.6599219786e-05], "dvar": [1.72457361221, 20.0364246368, 13.3808088303, 10.0877933502, 8.23601722717, 9.42158794403, 9.87481307983, 29.4263477325, 186.435073853, 1792.75402832, 4844.25390625, 2762.00976562, 728.07244873, 1471.87231445, 3163.57080078, 2569.00976562, 5742.24804688, 2797.81542969, 419.003295898, 626.704406738, 414.224090576, 250.946258545, 572.972900391, 2653.90429688, 349.42364502, 38.1518783569, 17.7867107391, 13.584610939, 14.042391777, 23.1863269806, 56.8274993896, 20.4096069336, 24.8984966278, 26.668598175, 8.522149086, 3.02472376823, 0.375011235476, 0.0179158262908, 0.000290394149488, 3.25635880927e-07]}, "silence_rate_30dB": {"dvar2": 0.148312315345, "var": 0.0681202933192, "min": 0, "dmean": 0.0681099072099, "mean": 0.926484048367, "max": 1, "dmean2": 0.136231154203, "median": 1, "dvar": 0.0634702220559}, "melbands_spread": {"dvar2": 457.919769287, "var": 614.40802002, "min": 0.199670493603, "dmean": 8.58967685699, "mean": 20.7464523315, "max": 308.454406738, "dmean2": 13.2823104858, "median": 14.5034351349, "dvar": 222.086364746}, "melbands_crest": {"dvar2": 41.4691429138, "var": 54.5139961243, "min": 1.00146508217, "dmean": 4.20910263062, "mean": 18.2585334778, "max": 38.303188324, "dmean2": 6.7138838768, "median": 17.857208252, "dvar": 18.4808635712}, "zerocrossingrate": {"dvar2": 0.000621225568466, "var": 0.00347627233714, "min": 0.00146484375, "dmean": 0.0154442833737, "mean": 0.0594378262758, "max": 0.52001953125, "dmean2": 0.0179756954312, "median": 0.04736328125, "dvar": 0.000539605563972}, "barkbands_kurtosis": {"dvar2": 3589.29663086, "var": 3519.67358398, "min": -1.93872439861, "dmean": 14.2445297241, "mean": 21.1679458618, "max": 862.858032227, "dmean2": 22.3823928833, "median": 3.33884191513, "dvar": 1590.71289062}, "spectral_flux": {"dvar2": 0.00519314734265, "var": 0.00470485957339, "min": 6.39813826919e-11, "dmean": 0.0363606549799, "mean": 0.0803343579173, "max": 0.394815653563, "dmean2": 0.05806703493, "median": 0.0575875155628, "dvar": 0.00227599474601}, "barkbands_crest": {"dvar2": 25.9083480835, "var": 36.5550346375, "min": 2.33614516258, "dmean": 3.28894925117, "mean": 14.4296789169, "max": 26.1435546875, "dmean2": 5.24359273911, "median": 14.228313446, "dvar": 11.3395442963}, "barkbands_flatness_db": {"dvar2": 0.0027654368896, "var": 0.0074495607987, "min": 0.0203582402319, "dmean": 0.0349909700453, "mean": 0.176180481911, "max": 0.528313398361, "dmean2": 0.0514041259885, "median": 0.160016044974, "dvar": 0.00143753911834}, "spectral_entropy": {"dvar2": 0.155297383666, "var": 0.415996342897, "min": 4.97829818726, "dmean": 0.27328568697, "mean": 7.42037916183, "max": 9.81991195679, "dmean2": 0.360990613699, "median": 7.43390703201, "dvar": 0.0875582396984}, "pitch_salience": {"dvar2": 0.017192196101, "var": 0.024964068085, "min": 0.0407313853502, "dmean": 0.0869980156422, "mean": 0.43685182929, "max": 0.996035277843, "dmean2": 0.136033132672, "median": 0.44059586525, "dvar": 0.00768038397655}, "erbbands_spread": {"dvar2": 727.867431641, "var": 1040.29309082, "min": 1.30292665958, "dmean": 13.5504541397, "mean": 39.2722206116, "max": 224.64453125, "dmean2": 19.7356033325, "median": 29.4449501038, "dvar": 374.153533936}, "dynamic_complexity": 5.04098939896, "spectral_contrast_valleys": {"dvar2": [0.463066607714, 0.319235861301, 0.369817614555, 0.43354293704, 0.380301088095, 0.576429724693], "var": [2.87184238434, 2.17319631577, 2.15587544441, 2.12414312363, 2.20929646492, 2.51333880424], "min": [-28.0021648407, -27.971031189, -27.8566608429, -27.4571399689, -27.450876236, -27.3670024872], "dmean": [0.473006784916, 0.402738153934, 0.39696508646, 0.407664179802, 0.363469451666, 0.498056262732], "mean": [-7.74198246002, -7.64797592163, -8.07822799683, -8.53963661194, -8.58981513977, -10.5461330414], "max": [-5.08319139481, -5.15569543839, -5.03758239746, -5.4723572731, -5.98529243469, -7.58078479767], "dmean2": [0.719653785229, 0.644442260265, 0.618630290031, 0.621256291866, 0.514277517796, 0.611494064331], "median": [-7.38337993622, -7.50508356094, -7.97058439255, -8.42858791351, -8.3865070343, -10.4517211914], "dvar": [0.23812378943, 0.143270984292, 0.179961159825, 0.207732394338, 0.188822180033, 0.327669531107]}, "hfc": {"dvar2": 519.209411621, "var": 716.409301758, "min": 1.08379328057e-16, "dmean": 8.74404239655, "mean": 19.9894523621, "max": 238.958267212, "dmean2": 12.4630718231, "median": 9.98059558868, "dvar": 254.179626465}, "spectral_kurtosis": {"dvar2": 14.9509687424, "var": 21.1020908356, "min": -1.36093974113, "dmean": 2.2121424675, "mean": 5.72635364532, "max": 38.8570976257, "dmean2": 3.26823115349, "median": 5.09819126129, "dvar": 6.68835163116}, "mfcc": {"mean": [-708.65838623, 117.102882385, 8.21378993988, 12.624540329, 12.8388128281, 5.61560249329, 11.9017190933, 11.8776006699, 2.84133028984, 3.7201898098, 11.6931676865, 5.5664100647, 6.22592353821], "cov": [[11855.5927734, -520.830993652, -579.913574219, 50.6651382446, -16.6021575928, -235.780929565, 221.554351807, 211.265563965, 36.5882720947, 83.7970733643, 192.043609619, -1.70912587643, -129.263137817], [-520.830993652, 1864.18432617, -127.162773132, 237.268783569, 119.775230408, 23.9508457184, 59.3119163513, 84.3070602417, 60.975025177, 9.38202381134, 49.6376342773, 29.6435375214, 31.3144016266], [-579.913574219, -127.162773132, 1673.64562988, 183.526580811, 248.959747314, 339.201629639, 94.7246246338, 103.010604858, 66.8260803223, 88.8121185303, 6.45169734955, 42.3079986572, 100.764823914], [50.6651382446, 237.268783569, 183.526580811, 561.037414551, 237.235656738, 90.0074386597, 36.8720664978, 32.1623764038, 34.9849891663, 103.219017029, 20.1172790527, -26.0660057068, -4.09587955475], [-16.6021575928, 119.775230408, 248.959747314, 237.235656738, 545.910461426, 277.607269287, 52.3028373718, 28.347902298, 111.495880127, 94.8178634644, -29.2927932739, -31.7405490875, -15.474240303], [-235.780929565, 23.9508457184, 339.201629639, 90.0074386597, 277.607269287, 426.450378418, 140.713912964, 54.9204940796, 72.3084487915, 48.6711120605, -22.986989975, -6.60195350647, 15.1592006683], [221.554351807, 59.3119163513, 94.7246246338, 36.8720664978, 52.3028373718, 140.713912964, 290.009338379, 144.180328369, 55.5046844482, -5.11547374725, 44.8864555359, 11.1567401886, -35.0135726929], [211.265563965, 84.3070602417, 103.010604858, 32.1623764038, 28.347902298, 54.9204940796, 144.180328369, 188.45715332, 68.8299407959, 18.4988155365, 48.0428390503, 25.8776817322, -2.84806585312], [36.5882720947, 60.975025177, 66.8260803223, 34.9849891663, 111.495880127, 72.3084487915, 55.5046844482, 68.8299407959, 152.126296997, 66.0563049316, 11.6953220367, 7.81865024567, -8.60785961151], [83.7970733643, 9.38202381134, 88.8121185303, 103.219017029, 94.8178634644, 48.6711120605, -5.11547374725, 18.4988155365, 66.0563049316, 187.040618896, 57.4982948303, 6.01020622253, 10.1911659241], [192.043609619, 49.6376342773, 6.45169734955, 20.1172790527, -29.2927932739, -22.986989975, 44.8864555359, 48.0428390503, 11.6953220367, 57.4982948303, 159.545455933, 62.3237609863, 2.98563146591], [-1.70912587643, 29.6435375214, 42.3079986572, -26.0660057068, -31.7405490875, -6.60195350647, 11.1567401886, 25.8776817322, 7.81865024567, 6.01020622253, 62.3237609863, 119.809417725, 53.4703369141], [-129.263137817, 31.3144016266, 100.764823914, -4.09587955475, -15.474240303, 15.1592006683, -35.0135726929, -2.84806585312, -8.60785961151, 10.1911659241, 2.98563146591, 53.4703369141, 135.786102295]], "icov": [[9.41355247051e-05, 3.94025155401e-05, 3.62277751265e-05, -9.58979308052e-06, -5.45096772839e-05, 8.79219878698e-05, -6.90399028827e-05, -0.000100562254374, 3.6963247112e-05, -3.4987271647e-05, -7.45516008465e-05, 2.75045549643e-05, 1.31913329824e-05], [3.94025155401e-05, 0.000625186017714, 0.000123352074297, -0.000289382209303, -0.000104199149064, 4.78763249703e-05, 8.8166518708e-07, -0.000239618879277, -0.000200734051759, 0.000271407247055, -0.000228685385082, -9.49870468503e-07, -0.000256645522313], [3.62277751265e-05, 0.000123352074297, 0.000808707787655, -0.00019127962878, -5.55017577426e-05, -0.00052860355936, 0.000130083892145, -0.000464714772534, 0.000105549588625, -9.53034104896e-05, 4.24734571425e-06, -0.000108753585664, -0.000466798839625], [-9.58979308052e-06, -0.000289382209303, -0.00019127962878, 0.00258992146701, -0.00112774246372, 0.000482158939121, -0.000362007296644, -0.000164175740792, 0.000892207492143, -0.00117564876564, -6.66339401505e-05, 0.000570502656046, -7.98547262093e-05], [-5.45096772839e-05, -0.000104199149064, -5.55017577426e-05, -0.00112774246372, 0.00387264648452, -0.00223159021698, 0.000776828557719, 0.000345314532751, -0.00175288855098, -0.000292161304969, 0.000490391161293, 9.98977484414e-05, 0.000738013128284], [8.79219878698e-05, 4.78763249703e-05, -0.00052860355936, 0.000482158939121, -0.00223159021698, 0.00511314207688, -0.00274151400663, 0.000806170341093, 8.11756617622e-05, -0.000671321118716, 0.000929579662625, 5.34663886356e-05, -0.00102165155113], [-6.90399028827e-05, 8.8166518708e-07, 0.000130083892145, -0.000362007296644, 0.000776828557719, -0.00274151400663, 0.00757940486073, -0.0046813422814, -0.000362330494681, 0.00163513387088, -0.00148452201393, 8.65261099534e-05, 0.00193031213712], [-0.000100562254374, -0.000239618879277, -0.000464714772534, -0.000164175740792, 0.000345314532751, 0.000806170341093, -0.0046813422814, 0.0107104787603, -0.00356550188735, 0.000504912692122, -0.00127995549701, -0.0003026300692, -0.000850297452416], [3.6963247112e-05, -0.000200734051759, 0.000105549588625, 0.000892207492143, -0.00175288855098, 8.11756617622e-05, -0.000362330494681, -0.00356550188735, 0.0110525107011, -0.0038447137922, 0.00190589192789, -0.00150048488285, 0.00119119556621], [-3.4987271647e-05, 0.000271407247055, -9.53034104896e-05, -0.00117564876564, -0.000292161304969, -0.000671321118716, 0.00163513387088, 0.000504912692122, -0.0038447137922, 0.00906252767891, -0.00436735339463, 0.00192622095346, -0.00117314537056], [-7.45516008465e-05, -0.000228685385082, 4.24734571425e-06, -6.66339401505e-05, 0.000490391161293, 0.000929579662625, -0.00148452201393, -0.00127995549701, 0.00190589192789, -0.00436735339463, 0.0112199168652, -0.00604411354288, 0.00210104510188], [2.75045549643e-05, -9.49870468503e-07, -0.000108753585664, 0.000570502656046, 9.98977484414e-05, 5.34663886356e-05, 8.65261099534e-05, -0.0003026300692, -0.00150048488285, 0.00192622095346, -0.00604411354288, 0.0142243150622, -0.00556239904836], [1.31913329824e-05, -0.000256645522313, -0.000466798839625, -7.98547262093e-05, 0.000738013128284, -0.00102165155113, 0.00193031213712, -0.000850297452416, 0.00119119556621, -0.00117314537056, 0.00210104510188, -0.00556239904836, 0.0107660833746]]}, "silence_rate_20dB": {"dvar2": 0, "var": 0, "min": 1, "dmean": 0, "mean": 1, "max": 1, "dmean2": 0, "median": 1, "dvar": 0}, "melbands_kurtosis": {"dvar2": 19126.8378906, "var": 14786.6386719, "min": -1.87539613247, "dmean": 34.8409309387, "mean": 49.7267456055, "max": 1669.51062012, "dmean2": 54.1791992188, "median": 9.39308452606, "dvar": 8436.578125}, "barkbands_spread": {"dvar2": 312.304016113, "var": 327.531311035, "min": 0.121173866093, "dmean": 8.27548313141, "mean": 20.2048187256, "max": 125.458587646, "dmean2": 12.8491821289, "median": 15.9563703537, "dvar": 139.658996582}, "erbbands_skewness": {"dvar2": 0.672391235828, "var": 1.45251631737, "min": -6.86964273453, "dmean": 0.524289131165, "mean": 0.506947815418, "max": 9.1719493866, "dmean2": 0.77715086937, "median": 0.476120233536, "dvar": 0.311997681856}, "average_loudness": 0.796161293983, "spectral_centroid": {"dvar2": 278830.5, "var": 766849.8125, "min": 102.401885986, "dmean": 264.412078857, "mean": 1327.85083008, "max": 11651.6552734, "dmean2": 391.879302979, "median": 1236.38952637, "dvar": 133861.15625}, "dissonance": {"dvar2": 0.00177800038364, "var": 0.00154933112208, "min": 0.200819283724, "dmean": 0.024683598429, "mean": 0.452954143286, "max": 0.499996602535, "dmean2": 0.0415246970952, "median": 0.463998109102, "dvar": 0.00065643718699}, "erbbands_flatness_db": {"dvar2": 0.00118335417937, "var": 0.00384347024374, "min": 0.0296949781477, "dmean": 0.0268921330571, "mean": 0.162269502878, "max": 0.440926134586, "dmean2": 0.0361266136169, "median": 0.159220173955, "dvar": 0.000685564999003}, "spectral_strongpeak": {"dvar2": 2.61640977859, "var": 2.9297811985, "min": 0, "dmean": 0.486876487732, "mean": 1.02974903584, "max": 22.4276809692, "dmean2": 0.814630568027, "median": 0.437215536833, "dvar": 1.14039027691}, "spectral_rms": {"dvar2": 4.54597329735e-06, "var": 1.04684177131e-05, "min": 3.10137983003e-12, "dmean": 0.00114862667397, "mean": 0.00499339634553, "max": 0.0173505786806, "dmean2": 0.00164310261607, "median": 0.00472378544509, "dvar": 2.5766833005e-06}, "silence_rate_60dB": {"dvar2": 0.100278228521, "var": 0.148562654853, "min": 0, "dmean": 0.0499583669007, "mean": 0.181500285864, "max": 1, "dmean2": 0.0999250560999, "median": 0, "dvar": 0.0474677570164}, "melbands": {"dvar2": [0.000195135260583, 1.7705209757e-05, 6.97955670148e-07, 1.21182580415e-07, 2.92454895856e-08, 3.32789333868e-08, 1.94240939777e-07, 4.22461795324e-07, 6.53392703498e-07, 1.89280711993e-07, 4.29151221226e-08, 5.5228930762e-08, 1.36704883857e-07, 5.6874263521e-08, 1.01563699673e-07, 3.40006920396e-08, 2.89957355903e-08, 3.65429264626e-09, 1.89650095628e-09, 2.93468960244e-09, 1.26125931921e-09, 5.84598924824e-10, 9.30442223268e-10, 2.05633465811e-09, 6.1104428184e-09, 1.02952579795e-09, 1.10811249066e-10, 4.83554550568e-11, 2.61029722143e-11, 1.21336213646e-11, 1.27699986002e-11, 1.22221104765e-11, 9.77164790056e-12, 2.19003842838e-11, 6.91938104036e-11, 1.62132147985e-11, 2.09720331379e-11, 2.08507308641e-11, 4.64343286044e-11, 4.1044057042e-11], "var": [0.000125046630274, 1.45984759001e-05, 3.71950363842e-07, 4.31972324577e-08, 4.01651298887e-08, 8.8372303253e-08, 3.3236531749e-07, 6.82996130763e-07, 1.42691396832e-06, 4.72585412581e-07, 4.41819949515e-08, 5.32905417572e-08, 9.76441896228e-08, 7.71709522951e-08, 1.79917606147e-07, 6.91180233048e-08, 9.53073175936e-09, 1.99873406714e-09, 3.4080924749e-09, 5.59193003014e-09, 1.58604485101e-09, 7.25213722408e-10, 1.7841539357e-09, 4.05548350457e-09, 8.21195111911e-09, 2.67932187548e-09, 2.18127099716e-10, 3.1436110659e-11, 2.12710404845e-11, 9.30345210592e-12, 9.10781953328e-12, 9.16286751335e-12, 9.42027705841e-12, 1.90850790033e-11, 4.39938571684e-11, 1.2137053515e-11, 1.71718281955e-11, 2.03979177299e-11, 3.62268340326e-11, 3.45093988108e-11], "min": [1.44698763971e-24, 1.18348285382e-24, 1.34316289496e-24, 2.38580193111e-24, 2.19656642729e-24, 2.31266190342e-24, 1.26104799675e-24, 2.67883673892e-24, 3.7499051388e-24, 1.70053680376e-24, 4.2976747686e-24, 3.02230638262e-24, 4.28342162976e-24, 2.98057879618e-24, 2.29112402856e-24, 4.21076359609e-24, 6.27567840742e-24, 3.59122655658e-24, 3.32327141189e-24, 4.82846811172e-24, 4.67647275908e-24, 4.14352424797e-24, 3.88003366157e-24, 3.5796448952e-24, 3.92043635613e-24, 5.55172339975e-24, 5.47696620721e-24, 6.10351464245e-24, 6.33251425792e-24, 5.28602439725e-24, 5.43143788893e-24, 5.83321460872e-24, 5.02975662131e-24, 4.67651417428e-24, 4.67272527535e-24, 4.47002588803e-24, 7.19538254339e-24, 6.38742055464e-24, 6.31391528435e-24, 5.6796833439e-24], "dmean": [0.00428603030741, 0.00139430863783, 0.000259137334069, 9.26876818994e-05, 5.60860717087e-05, 5.59982618142e-05, 9.06083223526e-05, 0.000144869700307, 0.00016080783098, 8.51248623803e-05, 4.32265223935e-05, 5.21280271641e-05, 7.74107247707e-05, 5.23931266798e-05, 5.63241446798e-05, 3.83525330108e-05, 3.27976922563e-05, 1.37838251248e-05, 9.64260289038e-06, 1.22353803818e-05, 9.76158207777e-06, 5.65832942812e-06, 6.83930056766e-06, 8.59387091623e-06, 1.02138865259e-05, 5.36915513294e-06, 2.46584590968e-06, 1.49119171056e-06, 1.12839074973e-06, 9.01068290204e-07, 9.34993749979e-07, 9.54324718805e-07, 9.03567240584e-07, 1.2687871731e-06, 1.90073660633e-06, 9.55727387009e-07, 1.21000562103e-06, 1.27020427954e-06, 1.80265010385e-06, 1.70849693859e-06], "mean": [0.00651529338211, 0.00284397997893, 0.000421438919147, 0.000127030172735, 0.000100236284197, 0.000126468221424, 0.000210292870179, 0.000301203341223, 0.000355113559635, 0.000188001591596, 7.50301769585e-05, 8.78066857695e-05, 0.000117981813673, 9.01124731172e-05, 0.000119897224067, 6.55530602671e-05, 3.61509301001e-05, 1.86603883776e-05, 1.70788007381e-05, 2.25697367569e-05, 1.6903200958e-05, 1.05281551441e-05, 1.32796330945e-05, 1.97071894945e-05, 2.27667660511e-05, 1.27005150716e-05, 5.12790620633e-06, 2.28287080972e-06, 1.71938813764e-06, 1.38972802688e-06, 1.43620457038e-06, 1.41205123327e-06, 1.28743363348e-06, 1.58726925292e-06, 2.14497231354e-06, 1.23002587316e-06, 1.53959433646e-06, 1.67510916071e-06, 2.20526908379e-06, 2.07768766813e-06], "max": [0.0986750498414, 0.0284234452993, 0.00689387321472, 0.00339019158855, 0.00352910580114, 0.00345946475863, 0.0100429756567, 0.00927716307342, 0.0220781993121, 0.00915991328657, 0.00460700970143, 0.0039566536434, 0.00491608120501, 0.00