{"tonal": {"thpcp": [1, 0.978288888931, 0.420258998871, 0.202400013804, 0.17227037251, 0.190371066332, 0.328859627247, 0.415221780539, 0.325093090534, 0.380270600319, 0.397854804993, 0.226695343852, 0.144250899553, 0.117573566735, 0.103695340455, 0.168219894171, 0.199657261372, 0.138161629438, 0.0919835492969, 0.0799557045102, 0.111151225865, 0.274331122637, 0.332447201014, 0.32963103056, 0.463422060013, 0.352846086025, 0.134894132614, 0.0979900509119, 0.0977196320891, 0.143794998527, 0.325060814619, 0.419381320477, 0.400384545326, 0.498297721148, 0.438263595104, 0.473834782839], "hpcp": {"dmean2": [0.396565705538, 0.373526632786, 0.299094796181, 0.204455807805, 0.175482466817, 0.180736169219, 0.235739827156, 0.264884263277, 0.254021376371, 0.267379045486, 0.237097173929, 0.159255772829, 0.112036235631, 0.0920921340585, 0.0803917422891, 0.111181244254, 0.117211394012, 0.0957813188434, 0.072713650763, 0.0654406771064, 0.083530113101, 0.146166831255, 0.172783434391, 0.176746860147, 0.224385559559, 0.182677492499, 0.111296378076, 0.0919443294406, 0.0877263918519, 0.120067767799, 0.192375615239, 0.192814216018, 0.278338968754, 0.370012700558, 0.297660470009, 0.373466670513], "median": [0.0979297161102, 0.100446775556, 0.037861302495, 0.0070504816249, 0.00530353328213, 0.00853149406612, 0.0208857078105, 0.0258505549282, 0.0229651052505, 0.0237054210156, 0.0242722779512, 0.0192253682762, 0.0112346298993, 0.00816985033453, 0.00756208878011, 0.0117516294122, 0.0135896038264, 0.0111458823085, 0.00756554491818, 0.00523797469214, 0.00857123360038, 0.0293730124831, 0.0362335443497, 0.0354690402746, 0.0219690650702, 0.0185141116381, 0.00816888269037, 0.00565347354859, 0.006277798675, 0.0118352007121, 0.0199555121362, 0.0217682681978, 0.0232579410076, 0.0119657898322, 0.0112151522189, 0.0488156974316], "min": [0, 0, 0, 0, 0, 0, 0, 0, 0, 0, 0, 0, 0, 0, 0, 0, 0, 0, 0, 0, 0, 0, 0, 0, 0, 0, 0, 0, 0, 0, 0, 0, 0, 0, 0, 0], "dvar2": [0.20511880517, 0.1804279387, 0.172293543816, 0.138872429729, 0.128625199199, 0.126406952739, 0.138653531671, 0.159478619695, 0.153670281172, 0.160688176751, 0.139974266291, 0.0749097317457, 0.0596716552973, 0.0481468290091, 0.0405801422894, 0.0589169636369, 0.0654742717743, 0.0505449548364, 0.0395056046546, 0.0361318178475, 0.0373227670789, 0.0613630712032, 0.0711463019252, 0.0597879774868, 0.119430415332, 0.0879641845822, 0.0566743314266, 0.0526876188815, 0.0470768846571, 0.0571190677583, 0.099900893867, 0.101268909872, 0.128688067198, 0.234024688601, 0.159063875675, 0.233414575458], "dvar": [0.0862164571881, 0.0757478252053, 0.0615253560245, 0.048075646162, 0.0440770536661, 0.0436286740005, 0.0499787628651, 0.0614226087928, 0.055902402848, 0.0608814433217, 0.0537375099957, 0.0261014159769, 0.0204631667584, 0.0159792918712, 0.0137049034238, 0.0209001041949, 0.0237148217857, 0.0173111204058, 0.013587619178, 0.0125610278919, 0.0128367701545, 0.0221347771585, 0.0276414025575, 0.024193065241, 0.0543135106564, 0.0357750058174, 0.0205232352018, 0.0186264142394, 0.0165642276406, 0.0202724225819, 0.0366425029933, 0.0425916835666, 0.0494345128536, 0.11113833636, 0.0734580606222, 0.0752281099558], "dmean": [0.219977870584, 0.208665043116, 0.164442181587, 0.107167616487, 0.0912071913481, 0.0949372202158, 0.128535166383, 0.144707143307, 0.137047171593, 0.145753800869, 0.129291564226, 0.0877333655953, 0.0610272064805, 0.0498441495001, 0.0434653833508, 0.0624034814537, 0.0656144395471, 0.0528331622481, 0.03936143592, 0.03538120538, 0.0455037616193, 0.0835433155298, 0.0995025634766, 0.0998407900333, 0.127503424883, 0.103206969798, 0.0607238411903, 0.0490767173469, 0.0468853637576, 0.0652847066522, 0.108846560121, 0.110127940774, 0.155659645796, 0.202207878232, 0.171525165439, 0.199679747224], "max": [1, 1, 1, 1, 1, 1, 1, 1, 1, 1, 1, 1, 1, 1, 1, 1, 1, 1, 1, 1, 1, 1, 1, 1, 1, 1, 1, 1, 1, 1, 1, 1, 1, 1, 1, 1], "var": [0.16069547832, 0.150685667992, 0.0552103370428, 0.0316613353789, 0.0289057791233, 0.0294556412846, 0.0466403625906, 0.0714563950896, 0.0444488674402, 0.0600432604551, 0.066677108407, 0.0222065579146, 0.0153446942568, 0.0117115257308, 0.00954510178417, 0.0195981021971, 0.0268255118281, 0.013545752503, 0.00905993394554, 0.0086428122595, 0.00987603329122, 0.0285233277828, 0.0380449518561, 0.0299861170352, 0.0905583426356, 0.0494469925761, 0.0148068005219, 0.0112384092063, 0.0101250875741, 0.0134927844629, 0.04437680915, 0.0756092369556, 0.0516310483217, 0.110007479787, 0.0793644338846, 0.0571647249162], "mean": [0.347029328346, 0.339494943619, 0.145842194557, 0.0702387392521, 0.0597828701138, 0.0660643428564, 0.114123933017, 0.144094139338, 0.11281684041, 0.131965056062, 0.138067290187, 0.0786699354649, 0.0500592924654, 0.0408014766872, 0.0359853245318, 0.0583772361279, 0.0692869275808, 0.0479461364448, 0.0319209881127, 0.0277469754219, 0.0385727360845, 0.0952009484172, 0.115368932486, 0.114391639829, 0.160821050406, 0.122447945178, 0.0468122214079, 0.0340054221451, 0.0339115783572, 0.0499010831118, 0.112805634737, 0.145537614822, 0.138945177197, 0.172923922539, 0.152090325952, 0.164434567094]}, "tuning_equal_tempered_deviation": 0.200201570988, "chords_changes_rate": 0.0486474707723, "key_key": "A", "tuning_diatonic_strength": 0.570742189884, "key_scale": "minor", "chords_number_rate": 0.00196335068904, "tuning_frequency": 434.193115234, "tuning_nontempered_energy_ratio": 0.889204323292, "chords_histogram": [23.2329845428, 6.65357780457, 8.31151866913, 13.1762657166, 0, 0.567190229893, 0, 8.35514831543, 0, 0.349040150642, 0, 0, 0, 0, 0, 1.57068061829, 5.56282711029, 0, 0, 0, 0, 0, 6.41361236572, 25.8071556091], "key_strength": 0.634141504765, "chords_key": "F", "chords_strength": {"dmean2": 0.00952240079641, "median": 0.608649253845, "min": 0.333456665277, "dvar2": 6.72450914863e-05, "dvar": 6.2889426772e-05, "dmean": 0.00913563743234, "max": 0.87325489521, "var": 0.0102185113356, "mean": 0.609019577503}, "chords_scale": "major", "hpcp_entropy": {"dmean2": 1.24718403816, "median": 1.96665143967, "min": 0, "dvar2": 0.93001306057, "dvar": 0.334441661835, "dmean": 0.723896503448, "max": 4.46426391602, "var": 0.514032185078, "mean": 1.98110806942}}, "metadata": {"audio_properties": {"equal_loudness": 0, "codec": "flac", "downmix": "mix", "sample_rate": 44100, "analysis_sample_rate": 44100, "bit_rate": 0, "md5_encoded": "ce5e757f44a71c91ae1737c337651024", "length": 212.800003052, "replay_gain": -12.7410449982, "lossless": true}, "version": {"essentia_build_sha": "2d9f1f26377add8aeb1075a9c2973f962c4f09fd", "essentia": "2.1-beta2", "extractor": "music 1.0", "essentia_git_sha": "v2.1_beta2-1-ge3940c0"}, "tags": {"title": ["Fly (remix)"], "barcode": ["4015121409720"], "media": ["CD"], "albumartist": ["Various Artists"], "tracktotal": ["12"], "musicbrainz_releasegroupid": ["e8496b82-f51d-32c5-acee-b9ece26cd40a"], "releasetype": ["album", "compilation"], "musicbrainz_recordingid": ["060df73e-bab0-465c-880e-dd5d5ea66c13"], "musicbrainz_albumartistid": ["89ad4ac3-39f7-470e-963a-56509c546377"], "originalyear": ["2000"], "musicbrainz_releasetrackid": ["91c9a994-0cfc-346a-9ae1-bcd39196e614"], "discnumber": ["2"], "catalognumber": ["302 4097-2"], "releasecountry": ["DE"], "file_name": "2-11 - Club Disciples - Fly (remix).flac", "compilation": ["1"], "originaldate": ["2000"], "albumartistsort": ["Various Artists"], "date": ["2000"], "genre": ["Dance"], "musicbrainz_albumid": ["99266c2d-9abb-4928-951d-f2d2206f7efb"], "disctotal": ["2"], "musicbrainz_artistid": ["1b1c4e38-84a2-4096-a9bd-d19ffaee76c8"], "asin": ["B00004SDQO"], "grouping": ["Dance"], "artist": ["Club Disciples"], "tracknumber": ["11"], "artistsort": ["Club Disciples"], "album": ["Trancemaster 2005"], "label": ["Vision Soundcarriers"], "releasestatus": ["official"], "totaldiscs": ["2"], "script": ["Latn"], "totaltracks": ["12"]}}, "rhythm": {"bpm_histogram_first_peak_bpm": {"dmean2": 0, "median": 140, "min": 140, "dvar2": 0, "dvar": 0, "dmean": 0, "max": 140, "var": 0, "mean": 140}, "bpm": 137.89881897, "bpm_histogram_second_peak_spread": {"dmean2": 0, "median": 0, "min": 0, "dvar2": 0, "dvar": 0, "dmean": 0, "max": 0, "var": 0, "mean": 0}, "bpm_histogram_first_peak_weight": {"dmean2": 0, "median": 0.503080070019, "min": 0.503080070019, "dvar2": 0, "dvar": 0, "dmean": 0, "max": 0.503080070019, "var": 0, "mean": 0.503080070019}, "onset_rate": 5.0135679245, "beats_position": [0.429569154978, 0.882358253002, 1.3235373497, 1.764716506, 2.19428563118, 2.62385487556, 3.06503391266, 3.50621318817, 3.93578219414, 4.3653512001, 4.80653047562, 5.23609972, 5.66566896439, 6.10684776306, 6.54802703857, 6.97759628296, 7.40716552734, 7.84834432602, 8.28952407837, 8.71909236908, 9.14866161346, 9.58984088898, 10.0310201645, 10.4605894089, 10.8901586533, 11.3313379288, 11.7609071732, 12.1904764175, 12.6316547394, 13.0728340149, 13.5024032593, 13.9319725037, 14.3731517792, 14.8027210236, 15.2322902679, 15.6734695435, 16.114648819, 16.5442180634, 16.9737873077, 17.4149665833, 17.8561439514, 18.2857131958, 18.7152824402, 19.1564617157, 19.5976409912, 20.0272102356, 20.45677948, 20.8979587555, 21.339138031, 21.7687072754, 22.1982765198, 22.6394557953, 23.0690250397, 23.4985942841, 23.9397735596, 24.3809528351, 24.8105201721, 25.2400894165, 25.681268692, 26.1224479675, 26.5520172119, 26.9815864563, 27.4227657318, 27.8639450073, 28.2935142517, 28.7230834961, 29.1642627716, 29.6054420471, 30.0350112915, 30.4645805359, 30.9057598114, 31.3469390869, 31.776506424, 32.2060775757, 32.6472549438, 33.0768241882, 33.5063934326, 33.9475746155, 34.3887519836, 34.8299331665, 35.2594985962, 35.6890678406, 36.1302490234, 36.5598182678, 36.9893875122, 37.4305648804, 37.8717460632, 38.3013153076, 38.730884552, 39.1720619202, 39.613243103, 40.0428123474, 40.4723815918, 40.91355896, 41.3547401428, 41.7843093872, 42.2138786316, 42.6434440613, 43.0730133057, 43.5141944885, 43.9437637329, 44.3849411011, 44.8145103455, 45.2556915283, 45.6968688965, 46.1380500793, 46.5676193237, 46.9971885681, 47.4383659363, 47.8679351807, 48.297504425, 48.7386856079, 49.1798629761, 49.6210403442, 50.0506095886, 50.480178833, 50.9213600159, 51.362537384, 51.7921066284, 52.2216758728, 52.6628570557, 53.0924263, 53.5219955444, 53.9631729126, 54.4043540955, 54.8339233398, 55.2634925842, 55.7046699524, 56.1342391968, 56.5638084412, 57.0049858093, 57.4461669922, 57.8873443604, 58.3169136047, 58.7464828491, 59.187664032, 59.6288414001, 60.0584106445, 60.4879798889, 60.9291610718, 61.3703384399, 61.7999076843, 62.2294769287, 62.6706581116, 63.1118354797, 63.5414047241, 63.9709739685, 64.4121551514, 64.8417205811, 65.2712936401, 65.7124710083, 66.1536483765, 66.5832214355, 67.0127868652, 67.4539642334, 67.895149231, 68.3247146606, 68.7542877197, 69.1954650879, 69.6366424561, 70.0662155151, 70.4957809448, 70.936958313, 71.3665313721, 71.7960968018, 72.2372741699, 72.6784591675, 73.1080245972, 73.5375976563, 73.9787750244, 74.4199523926, 74.8495254517, 75.2790908813, 75.7202682495, 76.1614532471, 76.5910186768, 77.0205917358, 77.461769104, 77.9029464722, 78.3325119019, 78.7620849609, 79.2032623291, 79.6444396973, 80.0740127563, 80.503578186, 80.9447631836, 81.3859405518, 81.8155059814, 82.2450790405, 82.6862564087, 83.1158294678, 83.5453948975, 83.9865722656, 84.4277572632, 84.8573226929, 85.2868881226, 85.7280731201, 86.1692504883, 86.598815918, 87.0283889771, 87.4695663452, 87.9107437134, 88.3403167725, 88.7698822021, 89.2110671997, 89.6406326294, 90.0702056885, 90.5113830566, 90.9525604248, 91.3821334839, 91.8116989136, 92.2528762817, 92.6940536499, 93.123626709, 93.5531921387, 93.9943771362, 94.4355545044, 94.8651199341, 95.2946929932, 95.7358703613, 96.1770477295, 96.6066207886, 97.0361862183, 97.4773712158, 97.918548584, 98.3365097046, 98.7776870728, 99.2188644409, 99.6484298706, 100.07800293, 100.519180298, 100.960357666, 101.389930725, 101.819496155, 102.260681152, 102.701858521, 103.13142395, 103.560997009, 104.002174377, 104.443351746, 104.872924805, 105.302490234, 105.743675232, 106.173240662, 106.602806091, 107.043991089, 107.485168457, 107.914733887, 108.344306946, 108.785484314, 109.226661682, 109.656234741, 110.085800171, 110.526985168, 110.968162537, 111.409339905, 111.827301025, 112.268478394, 112.709655762, 113.139228821, 113.56879425, 114.009971619, 114.439544678, 114.869110107, 115.310295105, 115.751472473, 116.181037903, 116.610610962, 117.05178833, 117.492965698, 117.922538757, 118.352104187, 118.793289185, 119.234466553, 119.664031982, 120.093605042, 120.53478241, 120.975959778, 121.405532837, 121.835098267, 122.276275635, 122.717460632, 123.147026062, 123.576599121, 124.017776489, 124.447341919, 124.876914978, 125.318092346, 125.759269714, 126.188842773, 126.618408203, 127.059593201, 127.500770569, 127.930335999, 128.359909058, 128.801086426, 129.242263794, 129.671829224, 130.101409912, 130.54258728, 130.983764648, 131.413330078, 131.842895508, 132.284072876, 132.725265503, 133.154830933, 133.584396362, 134.02557373, 134.45513916, 134.884719849, 135.325897217, 135.767074585, 136.196640015, 136.626205444, 137.067382813, 137.508575439, 137.938140869, 138.367706299, 138.808883667, 139.250061035, 139.679641724, 140.109207153, 140.550384521, 140.979949951, 141.409515381, 141.850692749, 142.291885376, 142.721450806, 143.151016235, 143.592193604, 144.033370972, 144.46295166, 144.89251709, 145.333694458, 145.774871826, 146.204437256, 146.634017944, 147.075195313, 147.516372681, 147.94593811, 148.37550354, 148.816680908, 149.246261597, 149.675827026, 150.117004395, 150.558181763, 150.987747192, 151.417327881, 151.858505249, 152.299682617, 152.729248047, 153.158813477, 153.599990845, 154.041183472, 154.470748901, 154.900314331, 155.341491699, 155.782669067, 156.212234497, 156.641815186, 157.082992554, 157.524169922, 157.953735352, 158.383300781, 158.824493408, 159.254058838, 159.683624268, 160.124801636, 160.565979004, 160.995559692, 161.425125122, 161.86630249, 162.307479858, 162.737045288, 163.166610718, 163.607803345, 164.048980713, 164.478546143, 164.908111572, 165.34928894, 165.790466309, 166.220046997, 166.649612427, 167.090789795, 167.531967163, 167.949935913, 168.391113281, 168.832290649, 169.261856079, 169.691421509, 170.132598877, 170.573776245, 171.003356934, 171.432922363, 171.874099731, 172.3152771, 172.744842529, 173.174423218, 173.615600586, 174.056777954, 174.486343384, 174.915908813, 175.35710144, 175.798278809, 176.227844238, 176.657409668, 177.098587036, 177.528152466, 177.957733154, 178.398910522, 178.840087891, 179.26965332, 179.69921875, 180.140411377, 180.581588745, 181.022766113, 181.452331543, 181.881896973, 182.311477661, 182.741043091, 183.182220459, 183.623397827, 184.052963257, 184.482528687, 184.923721313, 185.364898682, 185.794464111, 186.224029541, 186.665206909, 187.106384277, 187.535964966, 187.965530396, 188.406707764, 188.847885132, 189.277450562, 189.70703125, 190.148208618, 190.577774048, 191.007339478, 191.448516846, 191.889694214, 192.330886841, 192.760452271, 193.1900177, 193.631195068, 194.060760498, 194.490341187, 194.931518555, 195.361083984, 195.790649414, 196.231826782, 196.673019409, 197.114196777, 197.543762207, 197.973327637, 198.414505005, 198.844070435, 199.273651123, 199.714828491, 200.156005859, 200.585571289, 201.015136719, 201.456329346, 201.897506714, 202.327072144, 202.756637573, 203.197814941, 203.63899231, 204.068572998, 204.498138428, 204.939315796, 205.380493164, 205.810058594, 206.239639282, 206.68081665, 207.121994019, 207.551559448, 207.981124878, 208.422302246, 208.863494873, 209.293060303, 209.734237671, 210.175415039, 210.616592407, 211.057769775, 211.498947144, 211.940139771, 212.381317139], "beats_loudness": {"dmean2": 0.0124859120697, "median": 0.0320822447538, "min": 1.38507800784e-06, "dvar2": 0.000370643421775, "dvar": 0.000111367568024, "dmean": 0.00715364003554, "max": 0.140757292509, "var": 0.000256509956671, "mean": 0.0307779721916}, "danceability": 1.38587999344, "bpm_histogram_second_peak_weight": {"dmean2": 0, "median": 0.00205338816158, "min": 0.00205338816158, "dvar2": 0, "dvar": 0, "dmean": 0, "max": 0.00205338816158, "var": 0, "mean": 0.00205338816158}, "beats_count": 488, "bpm_histogram_second_peak_bpm": {"dmean2": 0, "median": 133, "min": 133, "dvar2": 0, "dvar": 0, "dmean": 0, "max": 133, "var": 0, "mean": 133}, "bpm_histogram_first_peak_spread": {"dmean2": 0, "median": 0.495884776115, "min": 0.495884776115, "dvar2": 0, "dvar": 0, "dmean": 0, "max": 0.495884776115, "var": 0, "mean": 0.495884776115}, "beats_loudness_band_ratio": {"dmean2": [0.156726911664, 0.123040467501, 0.202300518751, 0.0670976415277, 0.0336497500539, 0.144883736968], "median": [0.307344317436, 0.0726386457682, 0.204502075911, 0.0748572349548, 0.0328311100602, 0.268723130226], "min": [0.00373363494873, 0.00766682066023, 0.00388007448055, 0.0117764519528, 0.00206273747608, 0.00244691642001], "dvar2": [0.0267280228436, 0.016263877973, 0.0223808530718, 0.00469789793715, 0.00380624923855, 0.0153524391353], "dvar": [0.00951235182583, 0.00558426836506, 0.00736734410748, 0.00154864846263, 0.00124794698786, 0.0053315074183], "dmean": [0.0932889655232, 0.0690365880728, 0.111747741699, 0.0390427932143, 0.0187641829252, 0.0815092623234], "max": [0.907791674137, 0.530487239361, 0.89045727253, 0.349980741739, 0.400752842426, 0.642259716988], "var": [0.0316142775118, 0.00908321980387, 0.0331051424146, 0.00232101883739, 0.00130035262555, 0.0191382821649], "mean": [0.299320846796, 0.103462122381, 0.233324512839, 0.0845157131553, 0.0400024391711, 0.270008683205]}}, "lowlevel": {"barkbands_spread": {"dmean2": 15.1561498642, "median": 27.774646759, "min": 0.419525176287, "dvar2": 362.132324219, "dvar": 180.640335083, "dmean": 10.7833213806, "max": 119.063476563, "var": 564.192993164, "mean": 32.9076881409}, "melbands_spread": {"dmean2": 14.7553110123, "median": 15.9586725235, "min": 0.353407502174, "dvar2": 445.319671631, "dvar": 213.858093262, "dmean": 10.4059181213, "max": 195.834014893, "var": 630.806884766, "mean": 24.448343277}, "hfc": {"dmean2": 31.5441265106, "median": 22.6974182129, "min": 1.14012243557e-06, "dvar2": 2644.69018555, "dvar": 1109.21740723, "dmean": 20.9844074249, "max": 320.592407227, "var": 1455.16638184, "mean": 35.2421226501}, "barkbands_kurtosis": {"dmean2": 11.7657909393, "median": 4.22587585449, "min": -1.88891339302, "dvar2": 1259.76025391, "dvar": 527.138305664, "dmean": 7.96014642715, "max": 550.017456055, "var": 673.149780273, "mean": 10.7336549759}, "gfcc": {"mean": [33.60496521, 40.3973464966, -78.4113082886, 26.5930538177, -59.1494636536, 23.0580558777, -21.8521575928, 10.6429424286, -15.5486440659, 8.32550525665, -12.2740716934, 1.24628961086, -10.1334590912], "icov": [[0.000207142191357, 0.000152995096869, -0.000327021582052, 6.22262232355e-05, -7.96622625785e-05, 0.000162645679666, -0.000170930201421, -0.000190729493625, 0.000195641594473, -0.000109880958917, 0.00018747759168, -4.55333611171e-05, 0.000191863786313], [0.000152995096869, 0.00158667564392, 5.14355851919e-05, 0.000202661874937, -0.000682965735905, 0.000569188967347, -0.00130236602854, 0.00122116412967, -0.00191344448831, 0.00157493934967, -0.000856487138662, 0.000860875647049, 4.38870883954e-05], [-0.000327021582052, 5.14355851919e-05, 0.00327579141594, -0.000569448457099, -0.000679141492583, -0.00144081597682, 0.000208591343835, -5.96939426032e-05, 0.000540054752491, -0.00270775821991, 0.000920428137761, -0.00105580198579, 0.000729215797037], [6.22262232355e-05, 0.000202661874937, -0.000569448457099, 0.00504407892004, -0.00271459971555, -0.00273663597181, 0.00135851523373, -0.000696975796018, 0.0011921696132, 0.00122416380327, -0.00140563724563, 0.00124149315525, -0.000918164325412], [-7.96622625785e-05, -0.000682965735905, -0.000679141492583, -0.00271459971555, 0.00873628631234, -0.0028079636395, -0.0029429437127, 0.00214070663787, -0.0023373097647, 0.00163111370057, 0.000570456963032, -0.00226706010289, 0.000681106583215], [0.000162645679666, 0.000569188967347, -0.00144081597682, -0.00273663597181, -0.0028079636395, 0.0125400815159, -0.00476606516168, -0.00235750270076, 0.00234653078951, -0.00102833006531, 0.00298693333752, -9.65385625022e-05, -0.00102939363569], [-0.000170930201421, -0.00130236602854, 0.000208591343835, 0.00135851523373, -0.0029429437127, -0.00476606516168, 0.0155796203762, -0.00728329783306, -0.00104888482019, 0.000572110584471, -0.00327305612154, 0.00234112562612, -0.000216518310481], [-0.000190729493625, 0.00122116412967, -5.96939426032e-05, -0.000696975796018, 0.00214070663787, -0.00235750270076, -0.00728329783306, 0.0199664831161, -0.0115550691262, -0.000847328687087, 0.00225482089445, -0.000564151676372, -9.6992471299e-06], [0.000195641594473, -0.00191344448831, 0.000540054752491, 0.0011921696132, -0.0023373097647, 0.00234653078951, -0.00104888482019, -0.0115550691262, 0.0272268801928, -0.0129775386304, -0.00148126925342, 0.00221996358596, -0.00279880408198], [-0.000109880958917, 0.00157493934967, -0.00270775821991, 0.00122416380327, 0.00163111370057, -0.00102833006531, 0.000572110584471, -0.000847328687087, -0.0129775386304, 0.0308436565101, -0.01432053186, -0.00036474049557, 0.0053088334389], [0.00018747759168, -0.000856487138662, 0.000920428137761, -0.00140563724563, 0.000570456963032, 0.00298693333752, -0.00327305612154, 0.00225482089445, -0.00148126925342, -0.01432053186, 0.0316152796149, -0.0129722068086, -0.00322939106263], [-4.55333611171e-05, 0.000860875647049, -0.00105580198579, 0.00124149315525, -0.00226706010289, -9.65385625022e-05, 0.00234112562612, -0.000564151676372, 0.00221996358596, -0.00036474049557, -0.0129722068086, 0.0269746575505, -0.0121822701767], [0.000191863786313, 4.38870883954e-05, 0.000729215797037, -0.000918164325412, 0.000681106583215, -0.00102939363569, -0.000216518310481, -9.6992471299e-06, -0.00279880408198, 0.0053088334389, -0.00322939106263, -0.0121822701767, 0.0231024939567]], "cov": [[8283.19824219, -1103.70227051, 1402.2557373, 435.039031982, 392.520874023, 469.837249756, 286.436767578, 317.761901855, 31.6588439941, 196.645263672, -60.3642883301, 16.0952072144, -122.788963318], [-1103.70227051, 1065.68762207, -203.267547607, -48.7537765503, 87.315788269, -35.8448028564, 105.31603241, -5.94837236404, 91.6205749512, -31.9622268677, 31.8127346039, -29.0964298248, 15.9815330505], [1402.2557373, -203.267547607, 758.683227539, 312.527893066, 271.785888672, 289.15814209, 161.19418335, 135.848403931, 50.5279655457, 94.0743637085, 9.85262393951, 32.7966346741, -13.1718864441], [435.039031982, -48.7537765503, 312.527893066, 517.028381348, 301.348571777, 277.418640137, 125.66254425, 75.5413894653, 3.39080071449, -1.0721629858, -7.82647657394, 11.5726985931, 17.5150222778], [392.520874023, 87.315788269, 271.785888672, 301.348571777, 365.302032471, 242.246292114, 167.759552002, 88.9984054565, 48.5744094849, 18.5260791779, 7.49524927139, 20.0892963409, 14.8743457794], [469.837249756, -35.8448028564, 289.15814209, 277.418640137, 242.246292114, 303.258117676, 162.619125366, 109.02141571, 35.5831260681, 25.9602565765, -6.34878396988, 7.91646146774, 7.63721609116], [286.436767578, 105.31603241, 161.19418335, 125.66254425, 167.759552002, 162.619125366, 211.796676636, 126.539497375, 82.1072540283, 45.309803009, 23.7894535065, 5.16346883774, 7.24878263474], [317.761901855, -5.94837236404, 135.848403931, 75.5413894653, 88.9984054565, 109.02141571, 126.539497375, 159.086074829, 91.3264541626, 59.5724372864, 22.8104934692, 9.32217311859, 5.05202102661], [31.6588439941, 91.6205749512, 50.5279655457, 3.39080071449, 48.5744094849, 35.5831260681, 82.1072540283, 91.3264541626, 118.996810913, 66.9352493286, 41.6234664917, 14.2318592072, 11.4219732285], [196.645263672, -31.9622268677, 94.0743637085, -1.0721629858, 18.5260791779, 25.9602565765, 45.309803009, 59.5724372864, 66.9352493286, 94.5867614746, 49.2689666748, 24.7757434845, 2.80094575882], [-60.3642883301, 31.8127346039, 9.85262393951, -7.82647657394, 7.49524927139, -6.34878396988, 23.7894535065, 22.8104934692, 41.6234664917, 49.2689666748, 80.6080474854, 48.1748313904, 29.9394264221], [16.0952072144, -29.0964298248, 32.7966346741, 11.5726985931, 20.0892963409, 7.91646146774, 5.16346883774, 9.32217311859, 14.2318592072, 24.7757434845, 48.1748313904, 83.2735061646, 45.8353500366], [-122.788963318, 15.9815330505, -13.1718864441, 17.5150222778, 14.8743457794, 7.63721609116, 7.24878263474, 5.05202102661, 11.4219732285, 2.80094575882, 29.9394264221, 45.8353500366, 74.4532699585]]}, "spectral_energyband_middle_low": {"dmean2": 0.0124566853046, "median": 0.00650236662477, "min": 4.26919721797e-10, "dvar2": 0.00057987117907, "dvar": 0.000219431254664, "dmean": 0.00749793276191, "max": 0.0981327295303, "var": 0.00019448234525, "mean": 0.0101079093292}, "melbands_crest": {"dmean2": 6.39773035049, "median": 22.0524559021, "min": 3.09748983383, "dvar2": 36.5966453552, "dvar": 15.9215421677, "dmean": 4.2182059288, "max": 34.6756591797, "var": 53.7366294861, "mean": 21.0311107635}, "spectral_kurtosis": {"dmean2": 1.37167322636, "median": 1.51543617249, "min": -1.21490204334, "dvar2": 19.851108551, "dvar": 7.30952262878, "dmean": 0.834103167057, "max": 88.6424179077, "var": 14.5740509033, "mean": 2.19536972046}, "spectral_rms": {"dmean2": 0.00119676010218, "median": 0.0061568999663, "min": 1.05451874788e-06, "dvar2": 1.35732761919e-06, "dvar": 7.6680322536e-07, "dmean": 0.000909891328774, "max": 0.0121740028262, "var": 7.65718868934e-06, "mean": 0.00596198020503}, "zerocrossingrate": {"dmean2": 0.0258547700942, "median": 0.0615234375, "min": 0.00244140625, "dvar2": 0.000847587187309, "dvar": 0.000695691560395, "dmean": 0.0234755929559, "max": 0.32421875, "var": 0.00387756060809, "mean": 0.0825909674168}, "silence_rate_60dB": {"dmean2": 0.100829333067, "median": 0, "min": 0, "dvar2": 0.113372787833, "dvar": 0.047862727195, "dmean": 0.0504091642797, "max": 1, "var": 0.0667187571526, "mean": 0.071896135807}, "erbbands_kurtosis": {"dmean2": 1.39755153656, "median": -0.73347389698, "min": -1.82147443295, "dvar2": 13.0052871704, "dvar": 5.7668132782, "dmean": 0.890940845013, "max": 106.70249176, "var": 13.1850328445, "mean": -0.0246379282326}, "erbbands": {"dmean2": [0.371609121561, 2.53719139099, 9.23601055145, 14.0535621643, 19.9998550415, 16.4487495422, 9.96607303619, 12.1459388733, 20.6204299927, 35.5895004272, 22.8954429626, 44.165687561, 25.1703395844, 26.710893631, 30.08502388, 17.1176986694, 20.158908844, 18.4556369781, 13.0352935791, 13.2805147171, 10.1783971786, 8.20252990723, 8.1467962265, 9.39705467224, 10.7593679428, 13.2521734238, 12.6987304688, 16.9103507996, 15.7750406265, 16.4541034698, 13.6240816116, 10.2552585602, 8.496301651, 4.73755741119, 3.99963092804, 2.31563425064, 0.909877598286, 0.122152499855, 0.0321771539748, 0.00304352189414], "median": [0.686355113983, 2.40902876854, 1.65256333351, 1.65797019005, 2.83153867722, 2.75137042999, 2.07925987244, 3.02248215675, 7.34388160706, 11.3391284943, 8.78571510315, 13.6482486725, 8.10942554474, 9.39883899689, 8.76012516022, 6.91512298584, 9.68086719513, 7.58266687393, 5.27567577362, 6.33947753906, 4.8156671524, 4.95978593826, 4.86363887787, 5.9183921814, 7.03966283798, 8.56004524231, 9.32592391968, 10.1137599945, 10.4192352295, 9.810546875, 8.70078277588, 5.95836257935, 4.26379156113, 2.44435882568, 1.29284930229, 0.505063772202, 0.15528652072, 0.037663243711, 0.00612239167094, 0.000555657315999], "min": [2.36750796745e-09, 3.19379971359e-08, 2.68364086509e-08, 2.11989430454e-07, 2.08548968317e-07, 1.67072570889e-07, 3.60297377711e-07, 2.44174401587e-07, 7.1913859756e-07, 3.47203922502e-07, 9.15571376936e-07, 1.39818223488e-06, 1.21564323763e-06, 8.63835452947e-07, 1.37593769978e-06, 9.21280388866e-07, 5.75067133468e-07, 7.98842961558e-07, 7.88892634773e-07, 5.17186037996e-07, 7.43163468542e-07, 3.68819883079e-07, 2.88032310891e-07, 7.72253258674e-07, 5.24950962699e-07, 6.49441517453e-07, 4.35589356584e-07, 3.42961953947e-07, 3.40630833762e-07, 1.84467850772e-07, 2.19927670742e-07, 1.41380382956e-07, 2.92397324131e-08, 2.19659490597e-08, 1.2873157651e-08, 1.85758626259e-08, 5.25471577362e-09, 1.59429081048e-09, 4.91423624016e-10, 4.26784267649e-11], "dvar2": [0.221439555287, 25.8298492432, 617.28515625, 1620.24145508, 2765.24267578, 1362.31213379, 343.04309082, 335.154785156, 937.626281738, 3877.40014648, 1537.51953125, 4737.96337891, 1954.82519531, 1760.95263672, 2176.8684082, 723.73626709, 722.717407227, 762.259277344, 431.164978027, 330.820861816, 257.877990723, 135.326202393, 136.036117554, 154.532669067, 172.838180542, 288.45892334, 266.695220947, 466.054931641, 386.874450684, 510.631713867, 462.842376709, 280.421813965, 185.671112061, 64.4647369385, 78.986656189, 31.9556884766, 4.97408914566, 0.0653365552425, 0.00568135594949, 4.7377699957e-05], "dvar": [0.210106253624, 12.7393283844, 242.07913208, 590.828369141, 967.834716797, 479.040649414, 127.753410339, 140.832550049, 426.077270508, 1748.44152832, 731.117736816, 2236.7800293, 826.530822754, 747.041748047, 854.864929199, 295.200561523, 304.493560791, 291.987823486, 168.048309326, 128.235870361, 98.7721176147, 52.4665794373, 54.5549583435, 63.4618911743, 79.0751876831, 132.601486206, 119.30532074, 195.771591187, 171.888168335, 213.592697144, 206.294723511, 119.044326782, 81.3688964844, 28.7875823975, 31.3162097931, 12.3193397522, 1.96586728096, 0.0275622718036, 0.0022765470203, 1.84253585758e-05], "dmean": [0.3770160079, 2.00917005539, 5.57493925095, 7.90740442276, 11.0738143921, 9.22227096558, 5.80561113358, 7.56419563293, 13.3026847839, 23.1617450714, 14.4166669846, 28.6039276123, 15.6052837372, 16.4117469788, 18.2294750214, 10.5745162964, 12.5613508224, 11.3099222183, 7.89541912079, 8.07079696655, 6.177942276, 5.03956365585, 5.08107280731, 5.80553865433, 6.78556585312, 8.4174785614, 8.08896827698, 10.491235733, 10.0983219147, 10.2950487137, 8.7827835083, 6.61449432373, 5.41893959045, 3.13662528992, 2.53563737869, 1.42543852329, 0.568908751011, 0.0798199474812, 0.0203985031694, 0.0018964628689], "max": [4.38578128815, 26.1554489136, 99.1900177002, 162.284637451, 226.715103149, 283.924926758, 194.083129883, 158.681182861, 289.689025879, 816.018371582, 461.739715576, 599.193603516, 550.365112305, 482.257385254, 395.194000244, 196.52116394, 253.019363403, 263.155883789, 155.310440063, 170.139862061, 131.18788147, 156.211990356, 81.9267730713, 91.9217376709, 92.895652771, 174.132324219, 213.026245117, 127.773628235, 107.447814941, 132.448150635, 128.091018677, 190.574951172, 113.833732605, 46.9942398071, 76.7158813477, 43.6166229248, 17.8940315247, 1.81785571575, 0.491526454687, 0.0417376346886], "var": [0.939572870731, 28.892118454, 198.216201782, 389.676452637, 605.332519531, 367.798339844, 113.407981873, 182.724533081, 674.143981934, 2469.60522461, 1281.82922363, 4369.41552734, 1253.99450684, 1065.25402832, 1190.82275391, 343.86050415, 532.088317871, 353.740325928, 173.66456604, 154.26550293, 100.124519348, 64.209312439, 67.1215209961, 88.7175598145, 123.545837402, 213.559692383, 185.208847046, 263.462982178, 268.809753418, 275.848419189, 275.214050293, 156.92791748, 110.213195801, 43.0642280579, 32.9810523987, 10.9362487793, 1.77596986294, 0.0315833389759, 0.0021648388356, 1.68726764969e-05], "mean": [0.901632666588, 4.10431337357, 5.48262453079, 6.39830732346, 9.36299800873, 8.82039451599, 5.62623023987, 8.77068424225, 17.3172969818, 29.4554195404, 20.4514827728, 41.1848564148, 20.1565914154, 20.485212326, 22.1801452637, 13.0177145004, 18.7413482666, 14.5012788773, 9.47785186768, 10.3349523544, 7.76090288162, 7.24498319626, 7.20494794846, 8.75895214081, 10.8674974442, 13.6234674454, 13.5960330963, 15.7342967987, 16.1450939178, 15.4419870377, 13.7479305267, 10.2470006943, 8.07408714294, 4.97008228302, 3.24364757538, 1.59012806416, 0.598449587822, 0.102478556335, 0.0221189856529, 0.00201097503304]}, "spectral_strongpeak": {"dmean2": 0.33978292346, "median": 0.392489910126, "min": 0, "dvar2": 0.316226989031, "dvar": 0.123160153627, "dmean": 0.220807790756, "max": 4.54276990891, "var": 0.163514509797, "mean": 0.514818549156}, "spectral_energy": {"dmean2": 0.0158847533166, "median": 0.0388551056385, "min": 1.13981002414e-09, "dvar2": 0.000320620310958, "dvar": 0.000203146162676, "dmean": 0.011973420158, "max": 0.151911512017, "var": 0.00121506757569, "mean": 0.0442824959755}, "average_loudness": 0.937818109989, "spectral_rolloff": {"dmean2": 1901.06726074, "median": 689.0625, "min": 64.599609375, "dvar2": 9388957, "dvar": 4898038, "dmean": 1268.69067383, "max": 13845.8496094, "var": 9631155, "mean": 2265.16650391}, "spectral_centroid": {"dmean2": 546.556335449, "median": 1576.3269043, "min": 278.084106445, "dvar2": 279237.34375, "dvar": 142631.03125, "dmean": 380.693023682, "max": 11367.5654297, "var": 552220.375, "mean": 1678.8494873}, "pitch_salience": {"dmean2": 0.146563231945, "median": 0.433634459972, "min": 0.0552812330425, "dvar2": 0.0230819545686, "dvar": 0.0100511042401, "dmean": 0.0963638424873, "max": 0.897846281528, "var": 0.0289810076356, "mean": 0.444969803095}, "spectral_energyband_middle_high": {"dmean2": 0.00255098799244, "median": 0.00206546392292, "min": 2.21430984659e-10, "dvar2": 1.24843882077e-05, "dvar": 5.24533697899e-06, "dmean": 0.00164604454767, "max": 0.0222569461912, "var": 8.02763861429e-06, "mean": 0.00291487341747}, "spectral_contrast_coeffs": {"dmean2": [0.0958849415183, 0.0981258302927, 0.0812660604715, 0.0579443611205, 0.0381961464882, 0.0306255985051], "median": [-0.714799404144, -0.746443986893, -0.762980401516, -0.794097065926, -0.812489151955, -0.780393004417], "min": [-0.954395651817, -0.95550596714, -0.972553551197, -0.96367162466, -0.958320915699, -0.964304685593], "dvar2": [0.00819116365165, 0.00598498107865, 0.00398976355791, 0.00208739214577, 0.000993426307105, 0.000740415533073], "dvar": [0.00389169342816, 0.00229823449627, 0.0016398614971, 0.000877874728758, 0.000402334786486, 0.000320689956425], "dmean": [0.0619955286384, 0.0594483204186, 0.0507463812828, 0.0362014323473, 0.0238460861146, 0.019679421559], "max": [-0.301171690226, -0.454583287239, -0.494603067636, -0.623300611973, -0.692535638809, -0.583953976631], "var": [0.0121312411502, 0.00548627926037, 0.00424388796091, 0.00197221641429, 0.00108287995681, 0.000797722255811], "mean": [-0.690139532089, -0.741302669048, -0.756212294102, -0.790640115738, -0.808616518974, -0.77860480547]}, "melbands_skewness": {"dmean2": 2.05270719528, "median": 3.83682847023, "min": -1.10917973518, "dvar2": 6.38623332977, "dvar": 2.88394975662, "dmean": 1.43296122551, "max": 27.406961441, "var": 9.01760387421, "mean": 4.66742563248}, "spectral_spread": {"dmean2": 1090524.875, "median": 7550346.5, "min": 874648.3125, "dvar2": 1658076659710.0, "dvar": 856007311360, "dmean": 716049.3125, "max": 40402856, "var": 3226495090690.0, "mean": 7452700.5}, "dissonance": {"dmean2": 0.0328413546085, "median": 0.469912588596, "min": 0.228931948543, "dvar2": 0.00102712085936, "dvar": 0.000385211111279, "dmean": 0.0197310764343, "max": 0.500000119209, "var": 0.000954271643423, "mean": 0.462817162275}, "spectral_skewness": {"dmean2": 0.254627019167, "median": 1.11117196083, "min": -0.0287159644067, "dvar2": 0.129351377487, "dvar": 0.051389940083, "dmean": 0.161179289222, "max": 7.39906930923, "var": 0.22720207274, "mean": 1.18928599358}, "spectral_flux": {"dmean2": 0.0500856749713, "median": 0.0796064883471, "min": 2.74669600913e-05, "dvar2": 0.00265664397739, "dvar": 0.00196547503583, "dmean": 0.0368769951165, "max": 0.378051787615, "var": 0.00622717989609, "mean": 0.104417897761}, "spectral_contrast_valleys": {"dmean2": [0.721846044064, 0.932708203793, 0.788411915302, 0.66941088438, 0.522359728813, 0.543176054955], "median": [-6.57468223572, -6.75843906403, -7.2994260788, -7.766269207, -7.29559898376, -8.84075927734], "min": [-27.6409111023, -27.195892334, -27.1391220093, -27.2963161469, -27.2425727844, -27.1539955139], "dvar2": [0.474259883165, 0.650827884674, 0.544101476669, 0.436763733625, 0.287762373686, 0.448370546103], "dvar": [0.206279754639, 0.262963980436, 0.232579678297, 0.206072509289, 0.147832930088, 0.218383058906], "dmean": [0.444544702768, 0.568468749523, 0.486882418394, 0.43126142025, 0.352400541306, 0.381207793951], "max": [-5.32432365417, -4.68732500076, -5.10861825943, -5.68543958664, -5.88465213776, -7.3195438385], "var": [2.05935287476, 0.783195137978, 0.718114972115, 0.730176568031, 0.78744661808, 1.43299591541], "mean": [-7.13480186462, -6.82684755325, -7.3488650322, -7.84633874893, -7.47300720215, -9.08250617981]}, "erbbands_flatness_db": {"dmean2": 0.0229412037879, "median": 0.0819509923458, "min": 0.0357944630086, "dvar2": 0.000656128744595, "dvar": 0.000283312780084, "dmean": 0.0148964021355, "max": 0.484190613031, "var": 0.00247430917807, "mean": 0.0969710499048}, "spectral_energyband_high": {"dmean2": 0.00278101442382, "median": 0.00164606317412, "min": 4.28226447358e-11, "dvar2": 2.13786934182e-05, "dvar": 9.15620239539e-06, "dmean": 0.00183243420906, "max": 0.0270788241178, "var": 1.2073983271e-05, "mean": 0.0028582951054}, "spectral_entropy": {"dmean2": 0.24493059516, "median": 8.15684127808, "min": 4.91848516464, "dvar2": 0.0674241185188, "dvar": 0.0291912667453, "dmean": 0.166409313679, "max": 9.8228187561, "var": 0.19571249187, "mean": 8.0872220993}, "silence_rate_20dB": {"dmean2": 0, "median": 1, "min": 1, "dvar2": 0, "dvar": 0, "dmean": 0, "max": 1, "var": 0, "mean": 1}, "melbands_flatness_db": {"dmean2": 0.0501972138882, "median": 0.195643007755, "min": 0.0199852976948, "dvar2": 0.00257526221685, "dvar": 0.00133586733136, "dmean": 0.0379499383271, "max": 0.504007399082, "var": 0.00687088351697, "mean": 0.199220597744}, "barkbands": {"dmean2": [0.000901894934941, 0.0109904939309, 0.00918066408485, 0.00488566979766, 0.00549522135407, 0.00136160070542, 0.00177647045348, 0.00132880709134, 0.00159456324764, 0.000931801332626, 0.000705631799065, 0.000482449831907, 0.000424114085035, 0.000343882420566, 0.000246925512329, 0.000218364177272, 0.000171971172676, 0.000150564068463, 0.000190699429368, 0.000274309422821, 0.000386121566407, 0.000411153334426, 0.000494290550705, 0.000508865108714, 0.000474718079204, 0.000481680879602, 0.000192199615412], "median": [0.000679155229591, 0.0169075857848, 0.00081109337043, 0.000529594544787, 0.000919558107853, 0.000317346071824, 0.000610583112575, 0.000385671504773, 0.000485281547299, 0.000280640088022, 0.000185007011169, 0.000134146306664, 0.000192500578123, 0.000110319189844, 0.000105639410322, 8.98932339624e-05, 9.4541683211e-05, 8.14042650745e-05, 0.000129278836539, 0.000175778986886, 0.000248837051913, 0.000284799840301, 0.000319988816045, 0.000273211800959, 0.000203064701054, 9.28972585825e-05, 4.07113475376e-05], "min": [5.34468823365e-12, 1.18468346244e-10, 9.69709729182e-12, 8.34064484145e-11, 5.50531148447e-11, 3.5206601523e-11, 4.86693740864e-11, 1.2574196892e-11, 4.56826035333e-11, 2.30415304892e-11, 3.01171240724e-11, 2.78332426551e-11, 8.91454965402e-12, 1.26414304372e-11, 7.88296858345e-12, 1.46420913588e-11, 6.97932727237e-12, 4.35421056849e-12, 1.36567059744e-11, 1.24200242105e-11, 1.03831691509e-11, 7.3492982533e-12, 6.97170880054e-12, 4.07599214797e-12, 1.8876785985e-12, 3.75940251152e-12, 2.96558199005e-12], "dvar2": [1.32654975005e-06, 0.000336011260515, 0.000656069198158, 0.000198547408218, 0.000173792650457, 4.45818932349e-06, 7.89828118286e-06, 4.09532731283e-06, 5.91127491134e-06, 1.9755334506e-06, 1.12708687539e-06, 7.62481306538e-07, 3.23955902104e-07, 2.83654003397e-07, 1.28610565753e-07, 1.08898113638e-07, 5.81670143163e-08, 4.9035222105e-08, 5.37422550906e-08, 1.23646501038e-07, 2.38630462945e-07, 2.67116860186e-07, 5.55413976144e-07, 6.81644053202e-07, 8.89813065896e-07, 1.37890060614e-06, 1.80235204539e-07], "dvar": [7.04272963503e-07, 0.000192578503629, 0.00024953490356, 7.01098251739e-05, 6.03441512794e-05, 1.80947506578e-06, 3.60677108802e-06, 1.89458978639e-06, 2.72722832051e-06, 8.60666943936e-07, 4.3948685402e-07, 3.07423334789e-07, 1.