{"tonal": {"thpcp": [1, 0.777559816837, 0.31967368722, 0.198877468705, 0.172939002514, 0.221372276545, 0.328154176474, 0.299032509327, 0.273535698652, 0.433233082294, 0.762282252312, 0.945061802864, 0.527147173882, 0.14118693769, 0.155295565724, 0.22552190721, 0.222233369946, 0.18952421844, 0.247824907303, 0.312798291445, 0.412758439779, 0.58588540554, 0.481909364462, 0.248445168138, 0.20550878346, 0.165576115251, 0.137615725398, 0.165346994996, 0.190238803625, 0.239510387182, 0.343829870224, 0.341567188501, 0.26273471117, 0.245497718453, 0.275674700737, 0.583355844021], "hpcp": {"dmean2": [0.173310503364, 0.131069600582, 0.114154629409, 0.106350667775, 0.123000316322, 0.148952513933, 0.181422024965, 0.209364444017, 0.220604926348, 0.223981007934, 0.222186535597, 0.22354374826, 0.285150617361, 0.385359942913, 0.332045227289, 0.248301491141, 0.176598727703, 0.146410062909, 0.159060224891, 0.188752487302, 0.175858959556, 0.166418403387, 0.204740077257, 0.317776381969, 0.411888480186, 0.244551301003, 0.108487039804, 0.110420040786, 0.127944722772, 0.135666742921, 0.161326214671, 0.220065325499, 0.249862477183, 0.23720690608, 0.275810629129, 0.251220315695], "median": [0.0216193664819, 0.00969775486737, 0.00860920362175, 0.0103695383295, 0.0120287220925, 0.0148461405188, 0.0213148258626, 0.0277431365103, 0.0219951029867, 0.0159321576357, 0.0128397820517, 0.017965240404, 0.0649992227554, 0.123195618391, 0.0971083715558, 0.0276924129575, 0.0118915624917, 0.0105375833809, 0.0168158914894, 0.0248721633106, 0.0229248218238, 0.022173371166, 0.0212512556463, 0.102052420378, 0.0851299464703, 0.0520566366613, 0.0109980227426, 0.0109900161624, 0.0134381530806, 0.013842872344, 0.0115575604141, 0.00940153654665, 0.0121907629073, 0.0393556989729, 0.0720595866442, 0.0594698451459], "min": [5.12461592734e-05, 2.48153592111e-05, 1.60368726938e-05, 5.56616178073e-05, 3.17518497468e-05, 5.27555312146e-05, 9.44356215768e-05, 0.000148931954755, 6.34358875686e-05, 4.70816630695e-05, 5.3427349485e-05, 0.000107216437755, 0.000262251909589, 0.000211225516978, 0.000193769141333, 3.88677290175e-05, 4.1269682697e-05, 2.69553947874e-05, 7.1993432357e-05, 0.000154323308379, 0, 8.94767435966e-05, 3.87696127291e-05, 4.24179852416e-05, 7.9689292761e-05, 4.94409541716e-05, 3.67269458366e-05, 6.23187443125e-05, 3.13553246087e-05, 5.75417361688e-05, 6.22653315077e-05, 1.90153295989e-05, 2.05380365514e-05, 9.22198305489e-05, 0.000150191321154, 0.000126807964989], "dvar2": [0.0792445987463, 0.0669967457652, 0.0557383485138, 0.0477815903723, 0.0526000335813, 0.0872967019677, 0.101387754083, 0.108856871724, 0.119136318564, 0.127071976662, 0.137712433934, 0.1279630512, 0.126946732402, 0.196157976985, 0.148180514574, 0.134632393718, 0.100024670362, 0.0766845420003, 0.0749462023377, 0.088348813355, 0.0823849290609, 0.0761207267642, 0.104126118124, 0.120934002101, 0.232589125633, 0.0865228697658, 0.0561634935439, 0.0536947771907, 0.056653149426, 0.0663652047515, 0.0975744575262, 0.153531804681, 0.167315661907, 0.116042263806, 0.126397207379, 0.110833406448], "dvar": [0.0280285924673, 0.0246252305806, 0.0203210152686, 0.0172154027969, 0.0187665503472, 0.0302215386182, 0.0352276228368, 0.039302021265, 0.0426050424576, 0.0435715951025, 0.047764454037, 0.0456541329622, 0.0498063974082, 0.0838729217649, 0.0584083124995, 0.0465804748237, 0.0352901667356, 0.0271814614534, 0.0276259649545, 0.0350875966251, 0.0310740936548, 0.0279289763421, 0.0425730124116, 0.0496095828712, 0.106474235654, 0.0369292758405, 0.0198830123991, 0.0195851866156, 0.0221742764115, 0.024830237031, 0.0336672365665, 0.0549352690578, 0.0640440285206, 0.0432228147984, 0.050473228097, 0.0417943112552], "dmean": [0.0934483930469, 0.0714959278703, 0.0623459331691, 0.0570502243936, 0.0661984086037, 0.0791908949614, 0.0969765484333, 0.114705823362, 0.11900896579, 0.118070371449, 0.117215760052, 0.119615674019, 0.165217489004, 0.223391443491, 0.193059772253, 0.133797734976, 0.0933304876089, 0.0783272087574, 0.0866593644023, 0.105291813612, 0.0983295068145, 0.0931811630726, 0.116514161229, 0.177272886038, 0.222105816007, 0.134382590652, 0.0584646388888, 0.0604363977909, 0.0715018957853, 0.0750443041325, 0.0858328193426, 0.116862922907, 0.133222594857, 0.133048951626, 0.157286599278, 0.141953706741], "max": [1, 1, 1, 1, 1, 1, 1, 1, 1, 1, 1, 1, 1, 1, 1, 1, 1, 1, 1, 1, 1, 1, 1, 1, 1, 1, 1, 1, 1, 1, 1, 1, 1, 1, 1, 1], "var": [0.0265970807523, 0.0302834901959, 0.0206743013114, 0.0124996146187, 0.0150716081262, 0.0206273421645, 0.025331273675, 0.0453928858042, 0.0481943003833, 0.0310849715024, 0.0336607210338, 0.0360188931227, 0.0664881244302, 0.148923158646, 0.0998420119286, 0.0368535481393, 0.0246978420764, 0.0198425203562, 0.0235583633184, 0.0454036593437, 0.0375472418964, 0.0281978361309, 0.0723055228591, 0.0791869238019, 0.160803720355, 0.0478213764727, 0.0140104526654, 0.0165798440576, 0.0313613452017, 0.0300233159214, 0.022922758013, 0.037694554776, 0.0557093322277, 0.0493122190237, 0.0768727660179, 0.0544622428715], "mean": [0.083153963089, 0.0687832683325, 0.0554179064929, 0.0460596308112, 0.0553412176669, 0.0636724457145, 0.0801635161042, 0.115078985691, 0.114321671426, 0.0879366397858, 0.0821674615145, 0.0922676175833, 0.195247709751, 0.334697455168, 0.260247290134, 0.106993973255, 0.0665637850761, 0.05788224563, 0.0740927383304, 0.109832368791, 0.100085422397, 0.0915516987443, 0.145002007484, 0.255133926868, 0.316309779882, 0.17643481493, 0.0472549088299, 0.0519770309329, 0.07548160851, 0.074380941689, 0.0634332746267, 0.0829463675618, 0.104692794383, 0.13814920187, 0.196094363928, 0.161293834448]}, "tuning_equal_tempered_deviation": 0.323733478785, "chords_changes_rate": 0.0570497140288, "key_key": "C#", "tuning_diatonic_strength": 0.514115989208, "key_scale": "minor", "chords_number_rate": 0.00130399351474, "tuning_frequency": 434.193115234, "tuning_nontempered_energy_ratio": 0.922005057335, "chords_histogram": [26.5036678314, 8.72045612335, 1.74409127235, 0.488997548819, 0.57049715519, 1.28769361973, 6.40586805344, 41.7766914368, 0.847595751286, 0.896495521069, 0, 0, 0, 0.0814995914698, 0, 0, 0.016299918294, 0, 0.537897288799, 0, 0, 0, 2.51018738747, 7.61206197739], "key_strength": 0.514729917049, "chords_key": "C#", "chords_strength": {"dmean2": 0.00983158778399, "median": 0.540990233421, "min": 0.218721494079, "dvar2": 6.85837076162e-05, "dvar": 5.72836434003e-05, "dmean": 0.00931156985462, "max": 0.825505137444, "var": 0.0115956980735, "mean": 0.533504962921}, "chords_scale": "major", "hpcp_entropy": {"dmean2": 1.47180998325, "median": 2.08060932159, "min": 0.0391466319561, "dvar2": 1.2754932642, "dvar": 0.448274970055, "dmean": 0.844774901867, "max": 4.65572309494, "var": 0.835212290287, "mean": 2.13932204247}}, "metadata": {"audio_properties": {"equal_loudness": 0, "codec": "flac", "downmix": "mix", "sample_rate": 44100, "analysis_sample_rate": 44100, "bit_rate": 0, "md5_encoded": "83717b84eb349942a85406e7a9ce30f7", "length": 284.826660156, "replay_gain": -12.7385673523, "lossless": true}, "version": {"essentia_build_sha": "70f2e5ece6736b2c40cc944ad0e695b16b925413", "essentia": "2.1-beta2", "extractor": "music 1.0", "essentia_git_sha": "v2.1_beta2"}, "tags": {"title": ["Character"], "language": ["eng"], "media": ["CD"], "albumartist": ["Armin van Buuren"], "tracktotal": ["16"], "musicbrainz_releasegroupid": ["5b9312f0-fa27-42d0-9ba1-e07922a36958"], "musicbrainz_recordingid": ["06201f49-1139-4419-ac26-e32e52a3f42e"], "musicbrainz_albumartistid": ["477b8c0c-c5fc-4ad2-b5b2-191f0bf2a9df"], "discnumber": ["1"], "totaldiscs": ["2"], "album": ["Universal Religion Chapter 7"], "catalognumber": ["Arma367"], "releasecountry": ["NL"], "file_name": "01.02. Mark Sixma - Character.flac", "compilation": ["0"], "originaldate": ["2013-09-13"], "acoustid_fingerprint": ["AQADtFqSKEkSJVIUBcdXWM0Ocwxx-NFh3LCNHw_hIz9ufFCbw2cs5IJ1XMfRI0dzoU-Onoe5cLhynOiPhiv0ZcSJPMVz-D1Ow8cPfyKOH8eRGj3RJ4ePB9B09EHz5MiDRu3wBEdxNNfwZEZO-OHgQ3QQfmgPf8ZHWKfgR4cBx8VPPISPPMPxA40N7YePC-iJ_oOfHH0ydCUHcyGu4EefQZvGwM-IfDxuDW-CjeFxHvlViKVgJ8tR5h4u5UqgoymHjidyBvc-NI_xIDd69GjSFPqFvvBzfEVvfDnCSGrQLiN6Dle6wVyOI7zRKszhk4IeBXeQPjh6dId5fFGOm3CM54CPXhJCVfCLB5qOo7_gzMnxDD5jPMdFXOjRhxGaZ0dP4rgOo4cGnxmeB3nwBD66n-hhh0blrEIP_ziK8IdfQvtRHf7wBr3xoDnRJ8uKrjzSF0d-9OhpmGOKL8d76KFh9B7a0UjFMPgCPxVeI24SHD_MH_l1eGzxGCfB6EOeBT-hZek3lHzAXBOaG1_QHL3xyVB-of3hh0OrcNDRHz4z9Al66OnhBx_yw6fxyPDj4A5-_ED6os8uhPICvxLC48fRQzyDZxzSFz5--MjxU3jw9fBD4cvhH2fh59AJPyRepA8P_zh8PIfz4_DhH9heIZcu7IW5HGLgo-_R5_Cn4s2Rq8dz-PiPD76CfMEJPYSP_PhhaUzxHOaLT3iOA36MDz6DIx8u9BwaF9pr9IJz4cTRj9A6aUdz5nheVBtzbFx-vNDWPSiP9BqqJpfQ7Eeo7UqMMwe2H_oi4znC6Eduwg_S43BcKTjxrII__HiAeAr8Q27gL8GVI0cv9DCvFH3QTjr84tnRX8iFHuLz4x9y4oHVqcBf-Phl3FrxDOaLI24u-Awu6PBx9EePMG7w7OjKwy_6cXiQD82R58JxBnmCHyb0In0Gi2GFHz8O-Oizoyd83DHQH71gqiHyRIdz44RW9Tj6I9WDfuiJ9CH8KvDxHx9Ea4c5Bg982Cl-_IJ_jM6Oj3iRUqpx5GbhlCqORiHD4cuH8wr6Q4ub440x80J45vB7_PiFw9yEM8SzI31hLk6RukeI3vAZ6LmGHA98dKWI3vAZPBd--MV19Ahv-DGewy8e6Dhxw9KmI8-OE35hGb6AvHgOHb_h80hNWeiJC-2WwM-F4ymeI3Vx-ME9-AnuBf5SpMeVDj5y6fBb_ISe4t-G5_CHcNoS9DtsUXiB_mh3pK_w5IJOpA--ou_RC36MZ7hhNcen4g0O8yrOwU6LJzJ-HN-x_fg5vIftIh-4Q9uRCz-mjMnx6Iedo0dzJkJ__P6Q53igTd_w4EiPh9i4ww8u-EFeHe6gC35wUB2uHdQhPlRxHX6Okhl6Ij1z3EN4XK-IfcdxDu3QRFROhOfRVDiPS12C9-h9NN1xHnlRUoHIfEN_FT_cF_nRPBe6B712nDaOJtKPD2Hioyd0KcePL9HRaA_R58RdNA-Lei_-4HWHHg2XHcKR_0GR9j2Ss3CeD0_VoGGcHB_xd-iPw3aQDD3CvA1eIRe0H-mDnkbVHs0e_OgV_PhhqvhhF9GZoCa0GdFLNA_-osnGoDfqJDuu4_ARdiy0hEoQjieaUNOEPsd_uCqO90aYyyhXTH0PXYwLCjmHKc_x48WRF9qjo-kidNMRxs2KRzzRckdewhdqO4jw_MiR_8Y1PfgSHVaFNxEuWmjqHD2-B8x8GT6PSNdy6EfQ_IZV5Qh9vDa0RmHhEbVCnGEF7UeuDOfR4_nx8DgqZx7CpJFKJKPgpUOf3OjR4-Fw5Ue3PULz4M6IU_hwZT8e0cFnhOHQ4zEnnMmDw4-Q4w_6HnaCXg2OUA7sHJdxHeKPt8bxw04uHL6MN4e5GnrRW7iOFuI19DnyHz_6w8_xwqjFHHeOpzd2MHkRqUqQwNYS4uhxo7ke4Q6O5jt6HKdx5MvRkoUoL0hfvIdP7EKz_zh-9IsFH71a_MU7Cs0XHReaPEh8hDp89PhRZt_QHMdxfAdK7_hxDflJSH6O_MLpEz6Pn4P_48dZofmEBwebH70QJk-QbBWcoz_xRvgML8Rx4dHBSwiP5AwqShauRGCevMGUmcKP93Ad9CJcG41-4jiDKx--4znyHAk6o3mi4-RxPNKNuT-Ao8nR4wmyX9Az9MgP4w--48PR83gPlsGO5omiICd1JM9g9GFw5oeP4_CH4zSeFvl-nCnxSYQ2D3527MfxWwjzgu2OHk30pQRzgAICMMQAE84hwIwCYikFgAAGMUUEQ0wBIZQzgAEgNgNGMQOMUEo0pRQAVghjgGCAIeUBJUYpJYQRwDCEACEAGIKAAIAARAQASDEslBFAWcCAMIYpAQQCTBhggGIGMMAwFUgwoIQQCwAirAIAMCUVEIAxAJxAgBgkFJMAAOAkgMIABZAyhilGBGACKCeQYAIB6ogmRgAAvCIAKCMACAYwBJhiCAgACAVMAQaEkJQawAgARCBAkRBIAAUMOMwgxQRAgAhDKACAAUEIYEAZAIwiDAFlGGMGMGYYcoAxLwRAxigEhCMCCCUgAEQIQhQAjBCCgAGNEUacEsAIhoUQADAghGIAEGYUM0IwApygACgppAKCEQCIwkoBxhBjCBjhjFQCCAUUEAoYR0AShAgAgBHCEgasEAIRApkVzhAilABCAACEU844wQAACiAgmVKACcqAE0ogJgHzXgsFGLBKASWMEIICQRUzFAkEBFKCGMCIAkYhRABXwAAFEDCAKMSsYAAEw6hzDiBlBDFGEQWIMAgYApQBQiDFAJOCIYCAIso6hgBADCABlFOAAMwQIIgwQwgQgjGgDGAGGAwEAYApIJwzQElgABCEAeYIcIohBARARgBgFBBGEyARcEgAgTghFAEniEPGKYKoV0xAIgBVAABDKFDIAIaMQEYAIRYBQAghBAEUIUIQAQQAgokQTgkMDBKUCCWMKIIyQpAgCIBOBDGgAWAY8AoJgkyTyAgiEDMAGQGIUcQKqQQiUEhAgACMGKHgRUJgMCCxzChDiaGIAOCAJNAYQoSgBmqAiWPAteYIA4QBZABRRAgEADCACSs0IcQQw4h1BDlljNIIMOcYAEQawpCiwAsigATFEMA8cEggDLhViJgnoFASCIUUMUCDJixjChBGEZJCHKCAIgA"], "date": ["2013-09-13"], "genre": ["Trance"], "disctotal": ["2"], "discsubtitle": ["recorded live at Privilege Ibiza (August 12th 2013)"], "musicbrainz_artistid": ["73e17e61-3a7a-4653-a642-71a269e0ae84"], "asin": ["B00ELTOBE2"], "musicbrainz_albumid": ["58ff3b1c-62e4-4d64-a437-97c564d4299a"], "artist": ["Mark Sixma"], "tracknumber": ["2"], "artistsort": ["Sixma, Mark"], "bpm": ["0"], "label": ["Armada Music"], "albumartistsort": ["Buuren, van, Armin"], "acoustid_id": ["1382677f-c0cf-4a24-a677-c0dbe474d2fe"], "script": ["Latn"], "totaltracks": ["16"]}}, "rhythm": {"bpm_histogram_first_peak_bpm": {"dmean2": 0, "median": 133, "min": 133, "dvar2": 0, "dvar": 0, "dmean": 0, "max": 133, "var": 0, "mean": 133}, "bpm": 133.94039917, "bpm_histogram_second_peak_spread": {"dmean2": 0, "median": 0, "min": 0, "dvar2": 0, "dvar": 0, "dmean": 0, "max": 0, "var": 0, "mean": 0}, "bpm_histogram_first_peak_weight": {"dmean2": 0, "median": 0.487676054239, "min": 0.487676054239, "dvar2": 0, "dvar": 0, "dmean": 0, "max": 0.487676054239, "var": 0, "mean": 0.487676054239}, "onset_rate": 5.38549518585, "beats_position": [0.452789098024, 0.905578196049, 1.34675729275, 1.79954648018, 2.2523355484, 2.69351458549, 3.14630389214, 3.59909296036, 4.05188179016, 4.5046710968, 4.94585037231, 5.39863920212, 5.85142850876, 6.29260778427, 6.73378658295, 7.18657588959, 7.63936471939, 8.08054447174, 8.52172279358, 8.97451210022, 9.42730140686, 9.86848068237, 10.3096599579, 10.7624483109, 11.2152376175, 11.656416893, 12.1092061996, 12.5619955063, 13.0031747818, 13.4443531036, 13.8855323792, 14.3383216858, 14.7911109924, 15.2322902679, 15.6850786209, 16.1378688812, 16.5906581879, 17.0434455872, 17.4846248627, 17.9258041382, 18.3785934448, 18.8313827515, 19.272562027, 19.7137413025, 20.1665306091, 20.6193199158, 21.0604991913, 21.5132884979, 21.9660758972, 22.4072551727, 22.8484344482, 23.3012237549, 23.7540130615, 24.195192337, 24.6479816437, 25.1007709503, 25.5419502258, 25.9831295013, 26.4243087769, 26.8538761139, 27.2718353271, 27.7014045715, 28.142583847, 28.5837631226, 29.0249423981, 29.4777317047, 29.9305210114, 30.3717002869, 30.8128795624, 31.265668869, 31.7184581757, 32.1596374512, 32.6008148193, 33.053604126, 33.5063934326, 33.9475746155, 34.4003639221, 34.8531494141, 35.2943305969, 35.7471199036, 36.1999092102, 36.6410865784, 37.0822677612, 37.5350570679, 37.9878463745, 38.4290237427, 38.8818130493, 39.334602356, 39.7757797241, 40.2285690308, 40.6813583374, 41.1225395203, 41.5637168884, 42.0165061951, 42.4692955017, 42.9104766846, 43.3516540527, 43.8044433594, 44.257232666, 44.7100219727, 45.1628112793, 45.6039886475, 46.0451698303, 46.497959137, 46.9507484436, 47.3919258118, 47.8331069946, 48.2858963013, 48.7386856079, 49.1798629761, 49.6326522827, 50.0854415894, 50.5266189575, 50.9678001404, 51.420589447, 51.8733787537, 52.3145561218, 52.7673454285, 53.2201347351, 53.661315918, 54.1024932861, 54.5552825928, 55.0080718994, 55.4492492676, 55.8904304504, 56.3432197571, 56.7960090637, 57.2371864319, 57.6899757385, 58.1427650452, 58.583946228, 59.03673172, 59.4895210266, 59.9307022095, 60.3718795776, 60.8246688843, 61.2774581909, 61.7186393738, 62.1598167419, 62.6126060486, 63.0653953552, 63.5065765381, 63.95936203, 64.4121551514, 64.8533325195, 65.3061218262, 65.7589111328, 66.200088501, 66.6412658691, 67.0940551758, 67.5468444824, 67.98802948, 68.4292068481, 68.8819961548, 69.3347854614, 69.7875747681, 70.2403640747, 70.7047576904, 71.180770874, 71.6567764282, 72.1211776733, 72.57396698, 73.0267562866, 73.4679336548, 73.9207229614, 74.3735122681, 74.8146896362, 75.2558746338, 75.7086639404, 76.1614532471, 76.6026306152, 77.0554199219, 77.5082092285, 77.9493865967, 78.3905639648, 78.8433532715, 79.2845306396, 79.7373199463, 80.1901092529, 80.6428985596, 81.0840835571, 81.5252609253, 81.9780502319, 82.4308395386, 82.8720169067, 83.3248062134, 83.7659835815, 84.2071609497, 84.6367340088, 85.2172317505, 85.7977294922, 86.5175476074, 87.2373657227, 88.1313400269, 89.0253067017, 89.9308853149, 90.8248519897, 91.7188186646, 92.6243972778, 93.5183639526, 94.4123306274, 95.3063049316, 96.2002716064, 97.0942382812, 97.9882049561, 98.8821716309, 99.7761459351, 100.67011261, 101.564079285, 102.458045959, 103.352012634, 104.257591248, 105.151565552, 106.045532227, 106.939498901, 107.833465576, 108.739044189, 109.633010864, 110.526985168, 111.420951843, 112.314918518, 113.208885193, 114.102851868, 115.008430481, 115.902404785, 116.79637146, 117.690338135, 118.58430481, 119.489883423, 120.383850098, 121.277824402, 122.171791077, 123.065757751, 123.971336365, 124.86530304, 125.759269714, 126.653244019, 127.547210693, 128.441177368, 129.335144043, 130.240722656, 131.134689331, 132.028656006, 132.922622681, 133.816589355, 134.710571289, 135.604537964, 136.510116577, 137.404083252, 138.298049927, 139.192016602, 140.085983276, 140.979949951, 141.757827759, 142.547302246, 143.232284546, 143.917282104, 144.416503906, 144.915740967, 145.414962769, 145.867752075, 146.33215332, 146.796554565, 147.237731934, 147.69052124, 148.143310547, 148.596099854, 149.04888916, 149.490066528, 149.942855835, 150.395645142, 150.83682251, 151.289611816, 151.742401123, 152.183578491, 152.624755859, 153.065933228, 153.518722534, 153.971511841, 154.412689209, 154.865478516, 155.318267822, 155.759460449, 156.212234497, 156.665023804, 157.106216431, 157.547393799, 158.000183105, 158.452972412, 158.89414978, 159.346939087, 159.799728394, 160.240905762, 160.68208313, 161.134872437, 161.587661743, 162.028839111, 162.481628418, 162.922805786, 163.375595093, 163.828384399, 164.269561768, 164.722351074, 165.175140381, 165.627929688, 166.069107056, 166.510284424, 166.951477051, 167.404266357, 167.857055664, 168.298233032, 168.751022339, 169.203811646, 169.644989014, 170.086166382, 170.538955688, 170.991744995, 171.432922363, 171.88571167, 172.338500977, 172.779678345, 173.232467651, 173.685256958, 174.126434326, 174.567611694, 175.020401001, 175.473190308, 175.914367676, 176.355545044, 176.808334351, 177.261123657, 177.702316284, 178.155105591, 178.607894897, 179.049072266, 179.501861572, 179.954650879, 180.395828247, 180.837005615, 181.289794922, 181.742584229, 182.183761597, 182.636550903, 183.08934021, 183.530517578, 183.983306885, 184.436096191, 184.87727356, 185.318450928, 185.771240234, 186.224029541, 186.665206909, 187.106384277, 187.559173584, 188.011962891, 188.453155518, 188.905944824, 189.358734131, 189.799911499, 190.241088867, 190.693878174, 191.14666748, 191.587844849, 192.040634155, 192.493423462, 192.93460083, 193.375778198, 193.828567505, 194.281356812, 194.72253418, 195.175323486, 195.628112793, 196.069290161, 196.510467529, 196.963256836, 197.416046143, 197.857223511, 198.310012817, 198.762802124, 199.203994751, 199.656768799, 200.109558105, 200.550750732, 200.991928101, 201.444717407, 201.897506714, 202.338684082, 202.77986145, 203.232650757, 203.685440063, 204.126617432, 204.579406738, 205.032196045, 205.473373413, 205.914550781, 206.367340088, 206.820129395, 207.261306763, 207.714096069, 208.166885376, 208.608062744, 209.049255371, 209.502029419, 209.954818726, 210.396011353, 210.848800659, 211.301589966, 211.742767334, 212.195556641, 212.648345947, 213.089523315, 213.530700684, 213.98348999, 214.436279297, 214.877456665, 215.318634033, 215.77142334, 216.224212646, 216.665390015, 217.118179321, 217.570968628, 218.012145996, 218.464935303, 218.917724609, 219.358901978, 219.800079346, 220.252868652, 220.705657959, 221.146850586, 221.588027954, 222.052429199, 222.493606567, 222.934783936, 223.387573242, 223.840362549, 224.281539917, 224.722717285, 225.175506592, 225.628295898, 226.069473267, 226.522262573, 226.97505188, 227.416229248, 227.857406616, 228.310195923, 228.762985229, 229.204162598, 229.656951904, 230.109741211, 230.550918579, 231.003707886, 231.456497192, 231.897689819, 232.338867188, 232.791656494, 233.244445801, 233.685623169, 234.138412476, 234.591201782, 235.03237915, 235.473556519, 235.926345825, 236.379135132, 236.8203125, 237.261489868, 237.714279175, 238.167068481, 238.60824585, 239.061035156, 239.513824463, 239.955001831, 240.396179199, 240.848968506, 241.301757812, 241.742950439, 242.195739746, 242.648529053, 243.089706421, 243.542495728, 243.995285034, 244.436462402, 244.877639771, 245.330429077, 245.783218384, 246.224395752, 246.66557312, 247.118362427, 247.571151733, 248.012329102, 248.465118408, 248.917907715, 249.359085083, 249.800262451, 250.253051758, 250.705841064, 251.147018433, 251.599807739, 252.052597046, 252.493789673, 252.934967041, 253.387756348, 253.840545654, 254.293334961, 254.746124268, 255.210510254, 255.686523438, 256.162536621, 256.615325928, 257.068115234, 257.520904541, 257.973693848, 258.426483154, 258.879272461, 259.32043457, 259.773223877, 260.226013184, 260.667205811, 261.108398438, 261.561187744, 262.013977051, 262.45513916, 262.896331787, 263.349121094, 263.8019104, 264.24307251, 264.695861816, 265.148651123, 265.58984375, 266.042633057, 266.495422363, 266.936584473, 267.3777771, 267.830566406, 268.283355713, 268.724517822, 269.177307129, 269.630096436, 270.071289062, 270.512481689, 270.965270996, 271.418029785, 271.859222412, 272.312011719, 272.764801025, 273.205993652, 273.647155762, 274.099945068, 274.552734375, 274.993927002, 275.435089111, 275.887878418, 276.340667725, 276.781860352, 277.234649658, 277.687438965, 278.128601074, 278.569793701, 279.022583008, 279.475372314, 279.916534424, 280.357727051, 280.810516357, 281.263305664, 281.704498291, 282.1456604, 282.598449707, 283.051239014, 283.492431641, 283.93359375], "beats_loudness": {"dmean2": 0.0427879840136, "median": 0.0621858648956, "min": 0.000474778906209, "dvar2": 0.00163442280609, "dvar": 0.00054905586876, "dmean": 0.0246157366782, "max": 0.204816192389, "var": 0.00156299420632, "mean": 0.068815074861}, "danceability": 1.36938738823, "bpm_histogram_second_peak_weight": {"dmean2": 0, "median": 0.105633802712, "min": 0.105633802712, "dvar2": 0, "dvar": 0, "dmean": 0, "max": 0.105633802712, "var": 0, "mean": 0.105633802712}, "beats_count": 569, "bpm_histogram_second_peak_bpm": {"dmean2": 0, "median": 67, "min": 67, "dvar2": 0, "dvar": 0, "dmean": 0, "max": 67, "var": 0, "mean": 67}, "bpm_histogram_first_peak_spread": {"dmean2": 0, "median": 0.433537840843, "min": 0.433537840843, "dvar2": 0, "dvar": 0, "dmean": 0, "max": 0.433537840843, "var": 0, "mean": 0.433537840843}, "beats_loudness_band_ratio": {"dmean2": [0.281975805759, 0.183884039521, 0.177984431386, 0.0871429592371, 0.0663596689701, 0.0612416602671], "median": [0.560795366764, 0.0693430751562, 0.0733798369765, 0.0389555767179, 0.0493705198169, 0.0363741107285], "min": [1.75899676833e-05, 0.000661260623019, 0.00088353123283, 0.00212269835174, 0.000250143086305, 0.000137536640977], "dvar2": [0.0856456756592, 0.04950119555, 0.0382664129138, 0.0119987446815, 0.00524657825008, 0.00701275002211], "dvar": [0.0309518184513, 0.0192788168788, 0.0146926911548, 0.00463584950194, 0.00203276053071, 0.0026579273399], "dmean": [0.158148318529, 0.105659276247, 0.100141249597, 0.0480582676828, 0.0386337600648, 0.0350694730878], "max": [0.990687131882, 0.926181256771, 0.832412600517, 0.952599644661, 0.455053567886, 0.484479606152], "var": [0.118686817586, 0.0425870493054, 0.0325230360031, 0.0120622608811, 0.00576538266614, 0.00382052152418], "mean": [0.504094421864, 0.166140571237, 0.152083843946, 0.0789545923471, 0.072371147573, 0.0532085485756]}}, "lowlevel": {"barkbands_spread": {"dmean2": 16.9161891937, "median": 19.3545188904, "min": 0.362537264824, "dvar2": 413.325195312, "dvar": 172.092803955, "dmean": 10.442150116, "max": 113.911056519, "var": 347.050750732, "mean": 23.9386081696}, "melbands_spread": {"dmean2": 17.8207511902, "median": 15.2438049316, "min": 0.391787618399, "dvar2": 441.625549316, "dvar": 173.254852295, "dmean": 10.6700716019, "max": 141.808761597, "var": 333.477081299, "mean": 20.9470043182}, "hfc": {"dmean2": 24.7722949982, "median": 21.3838615417, "min": 0.18883754313, "dvar2": 1439.32458496, "dvar": 560.689880371, "dmean": 15.0483131409, "max": 278.208343506, "var": 1055.69750977, "mean": 32.1913604736}, "barkbands_kurtosis": {"dmean2": 16.850358963, "median": 3.20231223106, "min": -1.8358771801, "dvar2": 1355.23400879, "dvar": 527.51763916, "dmean": 10.691857338, "max": 516.130065918, "var": 656.69921875, "mean": 11.7895412445}, "gfcc": {"mean": [24.0357074738, 62.166683197, -96.9906768799, 13.6218070984, -40.2817955017, 13.8185253143, -28.0522060394, 10.1138410568, -14.6192340851, 9.75005626678, -11.4906110764, 5.80952167511, -10.2779483795], "icov": [[0.00041403574869, 0.000469686900033, -0.00016803163453, -0.000463536911411, -0.000166532685398, 5.96705540374e-05, 0.000411181361414, 0.000182940624654, 1.18707448564e-05, -0.00031676935032, -0.000132626271807, 0.000671951274853, -0.000343784602592], [0.000469686900033, 0.00135236640926, -0.000329543254338, -0.000359961617505, -0.00120315968525, 0.00121251482051, -2.82092496491e-05, 0.000647673616186, -4.74383814435e-05, 0.00048049169709, -0.00140529172495, 0.00164069514722, -0.000658123928588], [-0.00016803163453, -0.000329543254338, 0.00164493126795, 0.000167462058016, -0.00106708705425, -0.000930768554099, 0.00139605009463, -0.000926259730477, 0.000639713427518, -0.00139018148184, 0.000668062421028, -0.00058093725238, 0.000462462456198], [-0.000463536911411, -0.000359961617505, 0.000167462058016, 0.00453965133056, -0.000396030256525, -0.00398066081107, 0.000484891585074, 0.00220436486416, -0.00231431471184, 0.0017306227237, -0.00155878637452, 0.00215034955181, -0.000549734919332], [-0.000166532685398, -0.00120315968525, -0.00106708705425, -0.000396030256525, 0.00815485138446, -0.000785224372521, -0.00533725554124, 0.000221110632992, 0.00193592137657, -0.0038497436326, 0.00227519706823, -0.0019754213281, 0.000538274354767], [5.96705540374e-05, 0.00121251482051, -0.000930768554099, -0.00398066081107, -0.000785224372521, 0.0112626971677, -0.00395218329504, -0.0045961481519, 0.00254094623961, 0.00370621029288, -0.00576811935753, 0.00237861298956, -0.00112794118468], [0.000411181361414, -2.82092496491e-05, 0.00139605009463, 0.000484891585074, -0.00533725554124, -0.00395218329504, 0.018263021484, -0.00729570770636, -0.00468096556142, 0.00196463312022, -0.000582804903388, -0.000738839793485, -0.000292200566037], [0.000182940624654, 0.000647673616186, -0.000926259730477, 0.00220436486416, 0.000221110632992, -0.0045961481519, -0.00729570770636, 0.0231997668743, -0.00863562617451, -0.00609911233187, 0.00405971519649, 0.00309334555641, -0.00140847230796], [1.18707448564e-05, -4.74383814435e-05, 0.000639713427518, -0.00231431471184, 0.00193592137657, 0.00254094623961, -0.00468096556142, -0.00863562617451, 0.0211648009717, -0.0111529938877, -0.00124290364329, 0.00413821544498, -0.00303576234728], [-0.00031676935032, 0.00048049169709, -0.00139018148184, 0.0017306227237, -0.0038497436326, 0.00370621029288, 0.00196463312022, -0.00609911233187, -0.0111529938877, 0.0305119119585, -0.0123434532434, -0.00432270253077, 0.0080145848915], [-0.000132626271807, -0.00140529172495, 0.000668062421028, -0.00155878637452, 0.00227519706823, -0.00576811935753, -0.000582804903388, 0.00405971519649, -0.00124290364329, -0.0123434532434, 0.0239010881633, -0.0107573894784, -0.00332250748761], [0.000671951274853, 0.00164069514722, -0.00058093725238, 0.00215034955181, -0.0019754213281, 0.00237861298956, -0.000738839793485, 0.00309334555641, 0.00413821544498, -0.00432270253077, -0.0107573894784, 0.0262428242713, -0.0131275933236], [-0.000343784602592, -0.000658123928588, 0.000462462456198, -0.000549734919332, 0.000538274354767, -0.00112794118468, -0.000292200566037, -0.00140847230796, -0.00303576234728, 0.0080145848915, -0.00332250748761, -0.0131275933236, 0.022617995739]], "cov": [[7544.77539062, -2806.52832031, 410.057769775, 1487.46936035, -134.234954834, 952.363342285, 39.9931983948, 190.708969116, 197.915359497, 40.3858566284, 114.098564148, -210.829605103, 30.5123100281], [-2806.52832031, 2193.77929688, 161.11390686, -448.962432861, 276.7684021, -380.441833496, 14.0086727142, -88.8644866943, -58.9985466003, 23.6088466644, 9.874584198, 55.0823402405, -6.80692434311], [410.057769775, 161.11390686, 1020.48748779, 143.159317017, 284.916656494, 196.648849487, 104.496116638, 146.03678894, 93.7097320557, 143.650970459, 72.884437561, 11.398273468, -13.9975643158], [1487.46936035, -448.962432861, 143.159317017, 858.327270508, 99.6063919067, 514.822387695, 161.915542603, 129.840789795, 150.051544189, 31.3552036285, 131.890136719, -65.9770584106, 51.0705490112], [-134.234954834, 276.7684021, 284.916656494, 99.6063919067, 346.202697754, 146.012161255, 185.529220581, 134.809631348, 111.267272949, 114.025558472, 75.6226882935, 24.9603843689, 12.5679798126], [952.363342285, -380.441833496, 196.648849487, 514.822387695, 146.012161255, 502.60345459, 210.299377441, 184.29486084, 153.262893677, 70.2392654419, 134.093200684, -20.9747409821, 50.8864021301], [39.9931983948, 14.0086727142, 104.496116638, 161.915542603, 185.529220581, 210.299377441, 244.135482788, 174.963562012, 156.675567627, 98.1511611938, 83.2720489502, 6.49592399597, 25.1878185272], [190.708969116, -88.8644866943, 146.03678894, 129.840789795, 134.809631348, 184.29486084, 174.963562012, 208.222000122, 162.426269531, 107.707321167, 59.9744491577, -12.8557443619, 6.67555427551], [197.915359497, -58.9985466003, 93.7097320557, 150.051544189, 111.267272949, 153.262893677, 156.675567627, 162.426269531, 202.753952026, 118.011116028, 78.5816726685, -5.10077905655, 14.1359109879], [40.3858566284, 23.6088466644, 143.650970459, 31.3552036285, 114.025558472, 70.2392654419, 98.1511611938, 107.707321167, 118.011116028, 137.711624146, 81.0410079956, 29.725315094, 4.08922958374], [114.098564148, 9.874584198, 72.884437561, 131.890136719, 75.6226882935, 134.093200684, 83.2720489502, 59.9744491577, 78.5816726685, 81.0410079956, 150.410491943, 66.7622451782, 56.1094436646], [-210.829605103, 55.0823402405, 11.398273468, -65.9770584106, 24.9603843689, -20.9747409821, 6.49592399597, -12.8557443619, -5.10077905655, 29.725315094, 66.7622451782, 113.660209656, 58.7633628845], [30.5123100281, -6.80692434311, -13.9975643158, 51.0705490112, 12.5679798126, 50.8864021301, 25.1878185272, 6.67555427551, 14.1359109879, 4.08922958374, 56.1094436646, 58.7633628845, 91.7825775146]]}, "spectral_energyband_middle_low": {"dmean2": 0.0123879797757, "median": 0.00647046975791, "min": 2.28947992582e-05, "dvar2": 0.000553011661395, "dvar": 0.000197196961381, "dmean": 0.00734481401742, "max": 0.118977896869, "var": 0.000178707108716, "mean": 0.0107254683971}, "melbands_crest": {"dmean2": 7.57652902603, "median": 18.7419509888, "min": 3.13606190681, "dvar2": 45.0819778442, "dvar": 17.3700332642, "dmean": 4.6719493866, "max": 36.6764831543, "var": 65.8948287964, "mean": 19.3576793671}, "spectral_kurtosis": {"dmean2": 3.08844065666, "median": 3.32316088676, "min": -0.518834352493, "dvar2": 29.1057224274, "dvar": 13.0457820892, "dmean": 1.95880079269, "max": 83.1667175293, "var": 73.5856170654, "mean": 6.79367828369}, "spectral_rms": {"dmean2": 0.00247389543802, "median": 0.00595014449209, "min": 0.000501901609823, "dvar2": 6.99708243701e-06, "dvar": 2.70040368378e-06, "dmean": 0.00158219703007, "max": 0.0152142047882, "var": 9.08397032617e-06, "mean": 0.00623394176364}, "zerocrossingrate": {"dmean2": 0.0208436306566, "median": 0.05078125, "min": 0.00244140625, "dvar2": 0.000436515110778, "dvar": 0.000308241695166, "dmean": 0.0164569523185, "max": 0.30859375, "var": 0.00170960079413, "mean": 0.0612258054316}, "silence_rate_60dB": {"dmean2": 0.0427197143435, "median": 0, "min": 0, "dvar2": 0.0459532476962, "dvar": 0.0209029782563, "dmean": 0.0213581155986, "max": 1, "var": 0.0497328452766, "mean": 0.0524942949414}, "erbbands_kurtosis": {"dmean2": 1.55767822266, "median": -0.257494688034, "min": -1.69872963428, "dvar2": 9.68643474579, "dvar": 4.16367435455, "dmean": 0.991078615189, "max": 81.621963501, "var": 9.37414741516, "mean": 0.46659258008}, "erbbands": {"dmean2": [1.28473067284, 6.80901145935, 7.42333555222, 8.99518203735, 14.5822105408, 14.7821331024, 20.3412704468, 19.1958751678, 26.8770847321, 19.483707428, 34.4976806641, 34.2928924561, 19.0314922333, 21.161699295, 24.9653530121, 28.5942745209, 28.6832942963, 26.2283210754, 34.5860977173, 39.4213180542, 25.2539596558, 19.8561553955, 18.624671936, 15.8313798904, 14.5235614777, 14.1735754013, 13.4223871231, 11.9671401978, 10.5521202087, 10.2134542465, 9.59169101715, 8.99075984955, 6.24192714691, 3.43102526665, 2.22105288506, 1.21371531487, 0.511714816093, 0.141557320952, 0.0255019590259, 0.00174501060974], "median": [0.220495611429, 1.03762030602, 1.1203482151, 1.07471609116, 1.25126934052, 2.15335702896, 3.68410682678, 4.76170253754, 6.26792907715, 6.70085096359, 9.9991607666, 8.69327354431, 8.77042961121, 9.09419059753, 12.0074539185, 16.5258293152, 16.9206523895, 13.2874450684, 15.8089313507, 17.8825931549, 14.5721225739, 11.6385955811, 10.8787708282, 9.88873672485, 8.19215297699, 7.50557518005, 6.87689113617, 5.91545295715, 4.98162460327, 4.39406633377, 3.65566539764, 3.10692834854, 1.93120861053, 1.00132989883, 0.518429875374, 0.260351896286, 0.0907204896212, 0.0227207764983, 0.0034838388674, 0.000226168747758], "min": [1.25273871276e-07, 1.86557019788e-06, 1.20720123959e-05, 5.26417497895e-05, 0.000142763470649, 0.00051162193995, 0.002459829906, 0.00434539141133, 0.0149886412546, 0.0253242142498, 0.0594076253474, 0.0948505476117, 0.118821822107, 0.0997567623854, 0.0701563358307, 0.0532934553921, 0.0897595882416, 0.0616923980415, 0.0601006001234, 0.0555025152862, 0.0371135361493, 0.020628741011, 0.0109558142722, 0.0100232465193, 0.00584868574515, 0.00332849193364, 0.00195009482559, 0.000605570967309, 0.000464728072984, 0.000262598274276, 0.00035902421223, 0.00026671012165, 0.000210828118725, 0.00011713096319, 0.000107739426312, 0.000192073945072, 6.69079308864e-05, 1.26594677567e-05, 4.41820338892e-06, 7.82932488619e-07], "dvar2": [3.94434428215, 100.711898804, 342.993591309, 781.010437012, 1798.24853516, 1251.52050781, 1844.86889648, 1512.13684082, 3559.33666992, 1101.20996094, 4584.74902344, 8425.71875, 896.918395996, 1310.72741699, 2039.6114502, 1723.14538574, 1826.76538086, 2046.46569824, 4149.30419922, 6666.79736328, 1535.11950684, 916.973022461, 902.758056641, 630.219421387, 543.182067871, 538.117370605, 475.761138916, 382.505004883, 283.879058838, 294.32925415, 258.469055176, 237.595230103, 134.959030151, 40.3407707214, 16.6388435364, 5.14764928818, 1.01133131981, 0.0977637469769, 0.00418830662966, 2.00679896807e-05], "dvar": [1.42167568207, 42.6605377197, 138.162811279, 274.331298828, 618.626159668, 446.1043396, 827.214477539, 713.834350586, 1824.28320312, 459.71081543, 2211.78588867, 3774.53955078, 339.374420166, 500.655822754, 793.87121582, 668.139465332, 754.083862305, 800.990600586, 1681.03857422, 3054.73388672, 584.343139648, 355.177520752, 378.960662842, 253.755508423, 199.294464111, 198.761306763, 173.994216919, 137.948684692, 103.323379517, 106.208564758, 95.4437026978, 89.3339920044, 52.0639572144, 16.7916240692, 6.81376314163, 2.12591433525, 0.404351055622, 0.040030144155, 0.00171283714008, 8.07114975032e-06], "dmean": [0.778633654118, 4.3344912529, 4.60398626328, 5.06902647018, 7.88877058029, 8.35101127625, 12.6739883423, 11.8429479599, 17.3748188019, 11.7971134186, 21.8362579346, 21.3419723511, 11.2031393051, 12.5913639069, 14.799405098, 17.0969715118, 17.2629737854, 15.3697328568, 20.694896698, 24.6356697083, 14.9478292465, 11.7923851013, 11.2266654968, 9.47372722626, 8.43420314789, 8.22869300842, 7.75697135925, 6.94190597534, 6.10056066513, 5.90967750549, 5.58330917358, 5.23640489578, 3.69924521446, 2.10185623169, 1.33247375488, 0.729142606258, 0.307676374912, 0.0869051739573, 0.0157706476748, 0.00106371892616], "max": [10.1671590805, 53.9658622742, 106.56526947, 147.189178467, 214.590759277, 360.172912598, 705.633117676, 613.20098877, 1292.11437988, 531.121032715, 1179.2545166, 1525.1295166, 475.893371582, 658.900268555, 745.697387695, 402.683258057, 721.640014648, 720.537353516, 895.591369629, 1398.56762695, 542.840087891, 318.445037842, 331.615661621, 272.509185791, 166.666793823, 216.275680542, 156.145599365, 143.410171509, 131.772033691, 128.334136963, 154.839263916, 150.093887329, 140.735992432, 65.6696853638, 25.9826698303, 14.3105592728, 6.19324016571, 2.33691525459, 0.537202835083, 0.0370565243065], "var": [2.28274679184, 56.219543457, 124.153205872, 174.169036865, 360.221801758, 356.802215576, 1530.23120117, 1474.17089844, 3967.56054688, 966.632324219, 5003.85253906, 7929.41894531, 584.771972656, 929.843383789, 1382.20080566, 1250.07019043, 1492.98693848, 1312.4588623, 3465.42480469, 7134.97412109, 1076.50964355, 607.501037598, 868.963562012, 590.926513672, 320.196624756, 311.262786865, 296.674499512, 215.888961792, 172.879333496, 150.705749512, 141.702606201, 125.671012878, 70.3066177368, 25.5331707001, 9.02038097382, 2.73752045631, 0.489498198032, 0.0487099438906, 0.00188060349319, 8.86966881808e-06], "mean": [0.984038412571, 4.89397382736, 4.7604804039, 4.55381917953, 6.27650642395, 8.43207359314, 17.5086650848, 17.2333927155, 25.9399929047, 17.4292411804, 33.1485786438, 32.0010299683, 16.8828220367, 19.5145339966, 22.6549034119, 27.5705566406, 28.8178348541, 24.7230930328, 34.0877532959, 42.7140655518, 25.902425766, 19.7939872742, 20.3468894958, 17.9403362274, 14.1439228058, 13.5054969788, 12.8855676651, 11.2606525421, 9.97473239899, 9.14075279236, 8.40810775757, 7.58230304718, 5.36012125015, 3.13050723076, 1.79273712635, 0.958631277084, 0.400189906359, 0.114153712988, 0.0192660614848, 0.00134186272044]}, "spectral_strongpeak": {"dmean2": 0.699180841446, "median": 0.569109320641, "min": 0, "dvar2": 0.860538184643, "dvar": 0.34716039896, "dmean": 0.432129710913, "max": 10.0734195709, "var": 0.521088421345, "mean": 0.738713026047}, "spectral_energy": {"dmean2": 0.037836316973, "median": 0.0362893305719, "min": 0.000258202868281, "dvar2": 0.00218612793833, "dvar": 0.000826781673823, "dmean": 0.0239934045821, "max": 0.237258821726, "var": 0.00174513470847, "mean": 0.049144603312}, "average_loudness": 0.853951752186, "spectral_rolloff": {"dmean2": 1730.72595215, "median": 818.26171875, "min": 64.599609375, "dvar2": 6636369.5, "dvar": 2637893.75, "dmean": 985.841918945, "max": 12553.8574219, "var": 3286100.25, "mean": 1488.68139648}, "spectral_centroid": {"dmean2": 574.37121582, "median": 1407.76513672, "min": 164.264648438, "dvar2": 367094.21875, "dvar": 158362.46875, "dmean": 362.702423096, "max": 3895.80810547, "var": 531436.875, "mean": 1439.00183105}, "pitch_salience": {"dmean2": 0.201052457094, "median": 0.478654026985, "min": 0.0324278511107, "dvar2": 0.0340362712741, "dvar": 0.0148610929027, "dmean": 0.127300292253, "max": 0.896223843098, "var": 0.0366529375315, "mean": 0.456562548876}, "spectral_energyband_middle_high": {"dmean2": 0.00361907668412, "median": 0.0036527577322, "min": 3.67236971215e-05, "dvar2": 2.49170861935e-05, "dvar": 9.64318769547e-06, "dmean": 0.00221537891775, "max": 0.0349817723036, "var": 2.65335311269e-05, "mean": 0.00536953518167}, "spectral_contrast_coeffs": {"dmean2": [0.0986469760537, 0.0956470444798, 0.0701014846563, 0.0530496016145, 0.0346294716001, 0.0287119038403], "median": [-0.690676569939, -0.743384838104, -0.80403637886, -0.810474514961, -0.820295929909, -0.787459731102], "min": [-0.901055276394, -0.926300764084, -0.933095693588, -0.906918942928, -0.910424590111, -0.893786430359], "dvar2": [0.00814165268093, 0.00591313326731, 0.00306804222055, 0.00185498443898, 0.000866680813488, 0.000557381834369], "dvar": [0.00329535640776, 0.00238573574461, 0.00115210947115, 0.000762724783272, 0.000360327772796, 0.000236989042605], "dmean": [0.0619463808835, 0.0584449693561, 0.0419330596924, 0.0323389321566, 0.0212831478566, 0.0181073956192], "max": [-0.245232492685, -0.399649590254, -0.536428689957, -0.565538465977, -0.660092234612, -0.651440024376], "var": [0.0135486694053, 0.00703464867547, 0.00277908751741, 0.00219973293133, 0.00104134669527, 0.00126342044678], "mean": [-0.663646996021, -0.734339952469, -0.796165347099, -0.80218321085, -0.815685272217, -0.787801742554]}, "melbands_skewness": {"dmean2": 2.50374913216, "median": 2.67840504646, "min": -2.03874588013, "dvar2": 9.48165893555, "dvar": 3.80044841766, "dmean": 1.61696219444, "max": 25.0081958771, "var": 10.3049430847, "mean": 3.82019376755}, "spectral_spread": {"dmean2": 1074226.25, "median": 5516892.5, "min": 893058.6875, "dvar2": 1302160605180.0, "dvar": 660451164160, "dmean": 725581.0625, "max": 13713818, "var": 4255195856900.0, "mean": 5443346}, "dissonance": {"dmean2": 0.0283944439143, "median": 0.481762260199, "min": 0.242544993758, "dvar2": 0.000894841796253, "dvar": 0.00035361450864, "dmean": 0.0170044787228, "max": 0.500000119209, "var": 0.0009792863857, "mean": 0.471577644348}, "spectral_skewness": {"dmean2": 0.375126719475, "median": 1.462