{"tonal": {"thpcp": [1, 0.729716777802, 0.268929958344, 0.167530506849, 0.173913627863, 0.27835598588, 0.366283714771, 0.29737174511, 0.224215075374, 0.190327316523, 0.163981258869, 0.223947823048, 0.261397719383, 0.330013513565, 0.568746685982, 0.551501572132, 0.296850591898, 0.205332100391, 0.226105213165, 0.32049664855, 0.506300806999, 0.536745131016, 0.340063095093, 0.229663178325, 0.220129087567, 0.216317221522, 0.325949788094, 0.393179416656, 0.335356414318, 0.369257032871, 0.383515626192, 0.29426202178, 0.325229048729, 0.424424320459, 0.409243553877, 0.637770414352], "hpcp": {"dmean2": [0.231172665954, 0.192939251661, 0.156405255198, 0.153510928154, 0.14767575264, 0.174870491028, 0.191324859858, 0.191976070404, 0.21448148787, 0.216098561883, 0.207040593028, 0.219984278083, 0.246191218495, 0.247451543808, 0.291288346052, 0.311989367008, 0.298387438059, 0.180390253663, 0.128602802753, 0.134361296892, 0.164020553231, 0.1796156317, 0.168322592974, 0.160269677639, 0.136691749096, 0.124514117837, 0.152976170182, 0.165719032288, 0.197475060821, 0.22135797143, 0.247032731771, 0.206036269665, 0.17062446475, 0.172517225146, 0.217165321112, 0.242239192128], "median": [0.0864189565182, 0.0543859042227, 0.0283395200968, 0.0242435522377, 0.0261540170759, 0.0376866646111, 0.0432058870792, 0.037746284157, 0.0333673655987, 0.0315376184881, 0.0281480383128, 0.039987616241, 0.0529213398695, 0.0540117882192, 0.140596881509, 0.226092293859, 0.136271595955, 0.0334702506661, 0.0156691856682, 0.0166377555579, 0.024955695495, 0.0306041669101, 0.0314859487116, 0.0250553563237, 0.0193598810583, 0.0163766257465, 0.0312447436154, 0.0398976691067, 0.0424740538001, 0.0537292808294, 0.063665188849, 0.0349917933345, 0.0193005353212, 0.0226790811867, 0.0322029292583, 0.0688825026155], "min": [0, 0, 0, 0, 0, 0, 0, 0, 0, 0, 0, 0, 0, 0, 0, 0, 0, 0, 0, 0, 0, 0, 0, 0, 0, 0, 0, 0, 0, 0, 0, 0, 0, 0, 0, 0], "dvar2": [0.0867716521025, 0.0781084001064, 0.069692067802, 0.077911823988, 0.0734012648463, 0.0751660391688, 0.0817535147071, 0.0885952189565, 0.103053867817, 0.10883744061, 0.104721575975, 0.104873143137, 0.116286344826, 0.116162195802, 0.113055057824, 0.127905771136, 0.122471727431, 0.0732669681311, 0.0678473338485, 0.0737079754472, 0.0829770117998, 0.0869638845325, 0.0731818005443, 0.0734629034996, 0.0681965872645, 0.065461628139, 0.0770871788263, 0.0723391845822, 0.0872082859278, 0.105381600559, 0.115336947143, 0.094184152782, 0.0864347666502, 0.0791468173265, 0.100318908691, 0.105618335307], "dvar": [0.0364927202463, 0.0296534709632, 0.0262421201915, 0.0294209271669, 0.0274667963386, 0.0305215287954, 0.0343923792243, 0.0343374200165, 0.0413408689201, 0.0435585193336, 0.0394277982414, 0.0399968363345, 0.0473545156419, 0.0458208173513, 0.0438547208905, 0.0553265139461, 0.0483901724219, 0.0279411058873, 0.0256829541177, 0.0275275651366, 0.0317578390241, 0.0371500328183, 0.0295630451292, 0.027630129829, 0.0251384414732, 0.0238937158138, 0.0291919000447, 0.0273368582129, 0.030791150406, 0.0433190651238, 0.0452809259295, 0.0346527695656, 0.0318764485419, 0.0298885442317, 0.0380563139915, 0.0429117307067], "dmean": [0.139612033963, 0.112510465086, 0.0896153375506, 0.0882328599691, 0.0843682140112, 0.103088311851, 0.11386782676, 0.112019143999, 0.124522976577, 0.124562636018, 0.116046831012, 0.125954225659, 0.14462441206, 0.144815176725, 0.173587143421, 0.185484856367, 0.176282942295, 0.103620894253, 0.0728778839111, 0.0760998874903, 0.0954172089696, 0.106009282172, 0.0990226268768, 0.0911565124989, 0.0778451263905, 0.0699162185192, 0.0863969326019, 0.0947703793645, 0.112977944314, 0.129687726498, 0.147705703974, 0.117864400148, 0.0956674739718, 0.0979709178209, 0.122642181814, 0.14252781868], "max": [1, 1, 1, 1, 1, 1, 1, 1, 1, 1, 1, 1, 1, 1, 1, 1, 1, 1, 1, 1, 1, 1, 1, 1, 1, 1, 1, 1, 1, 1, 1, 1, 1, 1, 1, 1], "var": [0.0747612714767, 0.0381565839052, 0.0269620828331, 0.0288006383926, 0.0262804012746, 0.0444720573723, 0.0623704195023, 0.0479518771172, 0.0599758587778, 0.0692838430405, 0.0429365560412, 0.0427355319262, 0.0660510361195, 0.0564655698836, 0.0719612017274, 0.146477520466, 0.101843982935, 0.0306128319353, 0.0230682250112, 0.0232729222625, 0.0399402044713, 0.0645829737186, 0.0399936772883, 0.0276319645345, 0.0240557361394, 0.0201687961817, 0.0267736818641, 0.0283693838865, 0.0381879210472, 0.105649001896, 0.0873654931784, 0.0365789048374, 0.0264578294009, 0.028349019587, 0.0448417514563, 0.0788701474667], "mean": [0.212370961905, 0.134550884366, 0.0908695533872, 0.0870972573757, 0.0855890363455, 0.128966748714, 0.155567124486, 0.132688611746, 0.146101877093, 0.151743501425, 0.116429023445, 0.128681570292, 0.167929619551, 0.161923125386, 0.252343088388, 0.395664453506, 0.288722991943, 0.106406025589, 0.0662858635187, 0.0688114389777, 0.110135570168, 0.144925445318, 0.117659434676, 0.0887139365077, 0.0753057524562, 0.0648815557361, 0.0886081904173, 0.103425785899, 0.13057461381, 0.225032836199, 0.218209579587, 0.117453232408, 0.0812426134944, 0.0894617959857, 0.126809135079, 0.200325220823]}, "tuning_equal_tempered_deviation": 0.0830853059888, "chords_changes_rate": 0.0688298940659, "key_key": "G", "tuning_diatonic_strength": 0.66808116436, "key_scale": "major", "chords_number_rate": 0.00393313681707, "tuning_frequency": 442.804626465, "tuning_nontempered_energy_ratio": 0.768802165985, "chords_histogram": [36.6764984131, 7.44018363953, 13.6020975113, 0.884955763817, 8.29236316681, 2.16322517395, 0, 0, 1.40937399864, 0.0655522793531, 5.30973434448, 0, 1.93379223347, 0, 1.96656835079, 0.163880690932, 0, 5.53916740417, 0.0983284190297, 10.4228124619, 0, 0.688298940659, 2.65486717224, 0.688298940659], "key_strength": 0.80527228117, "chords_key": "G", "chords_strength": {"dmean2": 0.0111462613568, "median": 0.547636806965, "min": 0.240913957357, "dvar2": 9.35919306357e-05, "dvar": 7.37408990972e-05, "dmean": 0.0104479752481, "max": 0.780678570271, "var": 0.00847426149994, "mean": 0.547892212868}, "chords_scale": "major", "hpcp_entropy": {"dmean2": 1.03571045399, "median": 2.02573060989, "min": 0, "dvar2": 0.689161896706, "dvar": 0.256833970547, "dmean": 0.61564874649, "max": 4.18077707291, "var": 0.557825803757, "mean": 1.98563694954}}, "metadata": {"audio_properties": {"equal_loudness": 0, "codec": "mp3", "downmix": "mix", "sample_rate": 44100, "analysis_sample_rate": 44100, "bit_rate": 192000, "md5_encoded": "2280dd207374c753d0abcff88dddf1f3", "length": 141.609802246, "replay_gain": -5.23177528381, "lossless": false}, "version": {"essentia_build_sha": "2d9f1f26377add8aeb1075a9c2973f962c4f09fd", "essentia": "2.1-beta2", "extractor": "music 1.0", "essentia_git_sha": "v2.1_beta2-1-ge3940c0"}, "tags": {"title": ["Oh Lonesome Me"], "acoustid_fingerprint": ["AQADtEqSLFqSKEqSYRfn4Z44XIRjKRn8BMeFL0uFbbMRPhcS3Tlx7MmO23geND764OKLUEm-oPkFvcc5DX0EX1fQjxkuHfGUHHmewqca6GeQr_iPXeiFRj3-4dmHFs-Cdkxx5UKYSdA-5KdwZRa2VKxwNUmEH68IK9OCH_fQfBfeSIsCxwza48QZUqg-hHki7DxkXsHVRYUeU2AyvqiVB8-HH9rLJEiX4zqPR_AjweFR8gv25FFwbRifD-dbXDh_PEdypR1yWXjRcEyHUgqYi4QThsEvYzvKJR9-1A78HJZWRRIuP6jSHI-IK2nQR4aHSD1-o3fwfPhyjBbSNsEJV3iQUuvR49OV4Q9U8RHyZD3eo5aOKXGk4rwwX3gkfLXwyEIYR2uh-ciPHz_8NcWXhPiDJ8ePvLSheUsThGkUPcKHh4mPr0E6Hjov_EuCXDveKEETkfAPNL-E90uQ2Dvi50P5GF5-ok98XMkx0mHwI5tzJM-XBO-JC83Jo85znObwy8ef4Bf26EFy6chFNDxKHs945FA7WF0__EoFXduDsDm85-gZPNlxHSWPPni6zYi4PkiefOCdCD3xh_CJMe5QqQsufPjR8Ehy6kjj8OjeCW1CHakiIpmco8d5_EKTKU-CPB_05YivBT7GE7l04VGgJyZUSch79GgcHc-O2V9w40eYxMpRNUzBl_gDncHzH7qSFE88VHQDJnoG9cI96LeMy52gJdF2IiSTGbuNnMcZTFmPVtFxnRv-GLcQqnAlMGTGIzdmQ3WMR_iUXai0LUfzvDgd4pKFHuJOpJoyHnVM4pdQOd-E5jb2ET-yK0fS7ngjDpd4_BLaPfC0omcavEaS_whTo2dijDSesDK66UUTnDmeItB1lEtmpLfANPgGXjKekEOvB05WOBfxBKHFB8rVbEG-HJ4V4sTxRMenXMjlaEqIHr06XEyNXlfQnAtyZWEKnEpwMjmc6yHyD_oRhkcf3DgVjmiSsgv642gW9ELyLEH0XEGTBz91dNXxEb1Wws-Dhw-OZN6P-MGlSYPNC7Oc459xzvhlNH0WJBF35DVxZgwa9wRjPD1-CdOZI8yUQz-E6jIaRWI2fEry4Tp6NB_-9PhG5A2a6KIS1I6DB3WTwrOO8IdmEbnEotbx40MfnJh8HF9ycL-QHKE_ww6-4_BYvOAV3IVDSTrKLMd_ZO9xHtpzXDryhDjxBpWYdAou5cQotUJ4XRm0PI-hX8J5IleOcs3QRFKi4t2Nr16C6Bf0mAhjF7Ud4g5e-YgB6U6P3wFv4oc-HtdSPLcQ-jnewmOPTxEc6yijZMYlMU3Q-bh54c-J5CfSaUvR98d1cFQUPA-41cR5ITlyH33gjhX641bRD9FKQdyDUMf1BBe9YetxFrmcQ9KTMEKuJMSlE5XBJe-Qjjlqp9B71G5wBq7yotzx41cURdCOMPtxXWCWKUNzG5zx7BFC8kJz48txJoTE3agc6DizQ792eKLmwE4OTRSPRnmyoVKCg4-kQstZETlh5sRZweFQxVzxmPjTBHmNhHty4sdzfGtylJYLZ480lExx6kKeB8mNPsGPZznO67DGB5WWqMglBcnvZcEfXGDCR0Up4Z_x0E3RE9kpFHdMhGjydMJz5Orx59BSGaEc4umPHxuTMMcsY-KPHHoWZcdHOOSKvITzo6eDpkePWYrwHx6lGDF3qCHS5cKlK8LDCc2FGg_ysEGytOgpNNFzMJ2EHOsHzbqQNhoFH4dPhD90sUF07biu4QHF6bimFpN-NMePPIeOZsyO8IqDb7kyrOGR3Rn6FBw3hH9wjEcfBaXE41Gp44f_CcmRH34T_PiOKZMDL_RyTDfyQPMRZtONh1bwKpglKcej5EGcfYd-hA_B5Il4XMyV4kue4MaLUOOhJVK-4GfwLIN8IR0jB1fm4jiDpo6Dfhly5kSyaiSaUQquo9LzoJF23EGzZRNqIU-ExMdFPMd90EqWTbh4DU3Rh0WuB8nxCVddlJnEonmaEO-JlwmSdsiLvyiltvB5tA-SqiHi4AuaLokz9Lpx4EuOWISaE5HiE5cMd4mOHk92vCP6K2h6_IhzZUPyxRZuPbijJXh0lFKO5sGlXNjzIPkRJ4qiE98THc1R6gp-XMKPdgzh5OFxHvaZY0-R3AtSDn2ULEfzhQrq-MJJBieq_WiSPLiRd0Ly6EmwN7gYlGOPJgpzvMePN1URpr5QoqnoCeFzfEoYo5aEMIce8EyDZ5cRJuKH-hnOI_-hfUceBuWH8ziPkwcvNNYiUPtRLa9xKegjxZhSZceN406MUkly4xsuasG0H3-RTY-Q5Lk2NE2TRKjw5LimhMaXozmS_VGQk6mMVxO68LgQJlNVnIlyXHugw_uhR3iS4x-eJRKa76j1BXqOH_-IJvmGkklyIT_xHyePcxG8nfgV6MaVwVvmYFcq5TiOLCk7JPuD3QkaLnuKE9NZXM7xHqxOnMgPbZWIB76CNMTxHTh-_NiJRxMeKsCLf2iqq3iT44t04QtTZcLqHaEk5YbWB7k-9NGC5kms4DseHz-e5VLgPUGCfPgHezo-bQPLVQkaLrmCnjt-1HEj3IIvoR1D3Am-0BH-wC_yKPg06DnCH03won_AsMdzooeTfbjuYcoTXMqR_MjF4JnwikLzBKHIQ2byIKaO82jeIuyhI89SKcH5BFeOUc-CpmeMTkqq4n5wrmgYDXYeMDya9kSv4wgpNURCqh8uZTMcayOY_fiP3Q7yXRAZQtdwEVXyNPiC53jgh9D8IbyLF2fjGOZIKeiFE96R_0hOBc9e-LikBFdCDXfQSQkLn9gNIpBgxAgACGQEOSEFAEoAA5AAQhHDgAAKCAQQVgJQJKQCWgEECTBIQQCIYwQRQRAQSFBEBWGAGAUEMIAaYIAAAChDHDQAKAAEMEQI5QhySAFoEGQAGeEMQEAIhYgikAmmABKQIMWIIwIIJoQhwCBCpDCMCECYIQIAQRgQVAFCCAbIACCAAIQZgQByAjFjBBBAKAeEMkgxAoRAwDIgEEEOGyAAAoIZogxgygijDHFAEieYAJ4BiBDCBAiAGLGUAACERMwBAASBhngBiCGAESUEM8AxBhAVRADBhDLACIUcsIQxhJggiAlgBHPAACWUQoAgA4QTwiBEkaUAUHmMIVQQoYAwwBgQgBFAAMEcAYgwBAgQAiGCDBDEWUgEAUAoJyRRWIBlhEJAAAgQMAMoIIgygCjADHGCKaEEQAAIYwwRACAigEAAIECgIgIIoYABAgEABBFCIAAAE0JgoA0BwhEhpHBAMUEAIYoAA5gACAKhgEAGGGKAc0CxIoQAwAgwhEBEEUEAUcwCBAAQ0kBAHQPAAGGAII4CAICgBABJDBEIGEAUU4ILRAAwxgEDAGFEUMKQEEAwBVAQkhCGiCAEIYCMMhQaQCwAhIBLCAEUAKAiUBA5AZTUxBBAkAEWKAAIAEgwipBgAMAuBEFCAIWUBMwhAYwwhjGAABDUGSCgE0IRhAQDkggCiAISICKQEtQwYBBRAABjlGIEAIEQAsIRIoBAIDjhHCECISMkYEooQBgiRBAniBMAKSSMIUoYLBwgADKQjAFEMMGAYEAAjQESAIAikODECCUQY0IQY5ECBgCjlFAEGcAQhEIYCZAQXBACEIOQmOuIcsAKiIhQAAgigCCAAEGAQAgIgAhwDAEnhADIUQQEUlAxoQyxghElMAACIGCAYcYYZBgAgBlikCAEICQUEIQKggQgQAjAgEBKGQ0IEIQRQQw0RCJGrQE"], "date": ["1998"], "genre": ["Country"], "musicbrainz album type": ["Compilation"], "musicip_puid": ["07f458f4-7328-8744-644d-9b85fe6b0cf8"], "musicbrainz_recordingid": ["06243b08-f194-41b8-aff3-0ca47c1577c6"], "musicbrainz_albumid": ["1f8c18bc-f22a-4579-bdad-263b6b6864fc"], "artist": ["Gene Vincent"], "tracknumber": ["14"], "bpm": ["159.37"], "album": ["The Great Gene Vincent"], "musicbrainz album release country": ["Unknown"], "acoustid_id": ["e99e025e-fac0-45b9-9729-2e0442a0ae18"], "file_name": "Gene Vincent - Oh Lonesome Me.mp3"}}, "rhythm": {"bpm_histogram_first_peak_bpm": {"dmean2": 0, "median": 161, "min": 161, "dvar2": 0, "dvar": 0, "dmean": 0, "max": 161, "var": 0, "mean": 161}, "bpm": 161.573730469, "bpm_histogram_second_peak_spread": {"dmean2": 0, "median": 0.375000029802, "min": 0.375000029802, "dvar2": 0, "dvar": 0, "dmean": 0, "max": 0.375000029802, "var": 0, "mean": 0.375000029802}, "bpm_histogram_first_peak_weight": {"dmean2": 0, "median": 0.5522788167, "min": 0.5522788167, "dvar2": 0, "dvar": 0, "dmean": 0, "max": 0.5522788167, "var": 0, "mean": 0.5522788167}, "onset_rate": 4.03868913651, "beats_position": [0.394739210606, 0.812698423862, 1.21904754639, 1.62539684772, 2.02013611794, 2.41487526894, 2.79800438881, 3.1811337471, 3.56426286697, 3.94739222527, 4.31891155243, 4.69043064117, 5.06195020676, 5.4334692955, 5.80498838425, 6.17650794983, 6.5596370697, 6.94276618958, 7.31428575516, 7.69741487503, 8.08054447174, 8.46367359161, 8.83519268036, 9.2067117691, 9.58984088898, 9.97297000885, 10.3444900513, 10.71600914, 11.0875282288, 11.4706573486, 11.8421764374, 12.2136955261, 12.5852155685, 12.9799547195, 13.3514738083, 13.7346029282, 14.117732048, 14.4892511368, 14.8607711792, 15.2439002991, 15.6154193878, 15.9985485077, 16.3816776276, 16.7648067474, 17.1479358673, 17.5194549561, 17.8909740448, 18.2624931335, 18.6456241608, 19.0171432495, 19.3886623383, 19.760181427, 20.1317005157, 20.5032196045, 20.8747386932, 21.246257782, 21.6293869019, 22.0125160217, 22.3840351105, 22.7555541992, 23.1270751953, 23.4985942841, 23.8701133728, 24.2532424927, 24.6247615814, 25.0078907013, 25.37940979, 25.7509288788, 26.1224479675, 26.4939670563, 26.865486145, 27.2486171722, 27.6317462921, 28.0032653809, 28.3747844696, 28.7463035583, 29.1178226471, 29.4893417358, 29.8608608246, 30.2323799133, 30.6155090332, 30.9986381531, 31.3701572418, 31.7416782379, 32.1131973267, 32.4847145081, 32.8562355042, 33.2277526855, 33.6108856201, 33.99401474, 34.3655319214, 34.7370529175, 35.1201820374, 35.4916992188, 35.8632202148, 36.2347373962, 36.6178665161, 36.9893875122, 37.3725166321, 37.755645752, 38.1387748718, 38.5219039917, 38.8934249878, 39.2649421692, 39.6480712891, 40.0312004089, 40.402721405, 40.7858505249, 41.1573677063, 41.5404968262, 41.923625946, 42.3067550659, 42.6898841858, 43.0730133057, 43.4445343018, 43.8160552979, 44.1991844177, 44.5823135376, 44.953830719, 45.3253517151, 45.6968688965, 46.0799980164, 46.4631271362, 46.8346481323, 47.2061653137, 47.5776863098, 47.9492073059, 48.3207244873, 48.7038536072, 49.0869827271, 49.4701118469, 49.8532409668, 50.2247619629, 50.5962791443, 50.9678001404, 51.327709198, 51.6992263794, 52.0823554993, 52.4654884338, 52.8486175537, 53.2317466736, 53.603263855, 53.9863929749, 54.3579139709, 54.7294311523, 55.1009521484, 55.4724693298, 55.8555984497, 56.2387275696, 56.6102485657, 56.9933776855, 57.3765068054, 57.7480278015, 58.1195449829, 58.491065979, 58.8625831604, 59.2457122803, 59.6288414001, 60.0003623962, 60.3718795776, 60.7550086975, 61.1381378174, 61.5212669373, 61.9043960571, 62.2759170532, 62.6474380493, 63.0189552307, 63.3904762268, 63.7619934082, 64.1335144043, 64.5050354004, 64.8881607056, 65.2596817017, 65.6428070068, 66.0259399414, 66.409072876, 66.7921981812, 67.1753311157, 67.5468444824, 67.9183654785, 68.3014984131, 68.6846237183, 69.0561447144, 69.4276657104, 69.7991790771, 70.1823120117, 70.5654373169, 70.9485702515, 71.3200912476, 71.6916122437, 72.0747375488, 72.4462585449, 72.8293838501, 73.2125167847, 73.5956420898, 73.9787750244, 74.3619003296, 74.7334213257, 75.1049423218, 75.4764633179, 75.859588623, 76.2427215576, 76.6258468628, 76.9973678589, 77.368888855, 77.7287979126, 78.0887069702, 78.4602279663, 78.831741333, 79.2032623291, 79.5747833252, 79.9463043213, 80.3178253174, 80.7009506226, 81.0840835571, 81.4672088623, 81.8503417969, 82.2218551636, 82.5933761597, 82.9648971558, 83.3364181519, 83.7079315186, 84.0794525146, 84.4509735107, 84.8224945068, 85.1940155029, 85.5771408081, 85.9602737427, 86.3433990479, 86.7265319824, 87.0980453491, 87.4695663452, 87.8410873413, 88.2242126465, 88.6073455811, 88.9788665771, 89.3619918823, 89.7451248169, 90.1282501221, 90.5113830566, 90.8829040527, 91.2544174194, 91.6259384155, 92.0090713501, 92.3805847168, 92.7637176514, 93.1468429565, 93.5299758911, 93.9014968872, 94.2846221924, 94.667755127, 95.039276123, 95.4107894897, 95.7823104858, 96.1538314819, 96.525352478, 96.8968658447, 97.2683868408, 97.6399078369, 98.011428833, 98.3829498291, 98.7660751343, 99.1492080688, 99.5207214355, 99.8922424316, 100.263763428, 100.646888733, 101.030021667, 101.401542664, 101.77305603, 102.156188965, 102.53931427, 102.910835266, 103.282356262, 103.653877258, 104.037002563, 104.420135498, 104.803260803, 105.186393738, 105.557914734, 105.941040039, 106.324172974, 106.707298279, 107.090431213, 107.46194458, 107.833465576, 108.204986572, 108.576507568, 108.948028564, 109.319541931, 109.691062927, 110.062583923, 110.434104919, 110.805618286, 111.177139282, 111.571876526, 111.95500946, 112.338134766, 112.709655762, 113.081176758, 113.452697754, 113.82421875, 114.195732117, 114.567253113, 114.950386047, 115.333511353, 115.705032349, 116.076553345, 116.448066711, 116.819587708, 117.202720642, 117.585845947, 117.957366943, 118.328887939, 118.700408936, 119.083534241, 119.455055237, 119.838180542, 120.221313477, 120.604438782, 120.975959778, 121.347480774, 121.71900177, 122.090522766, 122.462036133, 122.833557129, 123.205078125, 123.576599121, 123.959724426, 124.342857361, 124.714370728, 125.085891724, 125.45741272, 125.828933716, 126.200454712, 126.571968079, 126.943489075, 127.315010071, 127.686531067, 128.058044434, 128.441177368, 128.824310303, 129.195831299, 129.578948975, 129.962081909, 130.333602905, 130.71673584, 131.099868774, 131.48298645, 131.866119385, 132.237640381, 132.609161377, 132.980682373, 133.352203369, 133.723709106, 134.095230103, 134.466751099, 134.849884033, 135.221405029, 135.604537964, 135.98765564, 136.370788574, 136.753921509, 137.137054443, 137.531784058, 137.926528931, 138.321273804, 138.716003418, 139.122360229, 139.528701782, 139.923446655, 140.31817627, 140.724533081, 141.130874634], "beats_loudness": {"dmean2": 0.0251199789345, "median": 0.0253849457949, "min": 2.67837374501e-09, "dvar2": 0.000521489186212, "dvar": 0.000173887427081, "dmean": 0.0146688055247, "max": 0.107036113739, "var": 0.000292085780529, "mean": 0.0272492654622}, "danceability": 1.10777187347, "bpm_histogram_second_peak_weight": {"dmean2": 0, "median": 0.0268096514046, "min": 0.0268096514046, "dvar2": 0, "dvar": 0, "dmean": 0, "max": 0.0268096514046, "var": 0, "mean": 0.0268096514046}, "beats_count": 374, "bpm_histogram_second_peak_bpm": {"dmean2": 0, "median": 152, "min": 152, "dvar2": 0, "dvar": 0, "dmean": 0, "max": 152, "var": 0, "mean": 152}, "bpm_histogram_first_peak_spread": {"dmean2": 0, "median": 0.416430592537, "min": 0.416430592537, "dvar2": 0, "dvar": 0, "dmean": 0, "max": 0.416430592537, "var": 0, "mean": 0.416430592537}, "beats_loudness_band_ratio": {"dmean2": [0.361535549164, 0.176378905773, 0.199117928743, 0.289314448833, 0.24596491456, 0.0625437274575], "median": [0.351728200912, 0.0970671549439, 0.0809492021799, 0.119433224201, 0.114980056882, 0.0434788838029], "min": [0.0165559407324, 0.00585931306705, 0.00263341260143, 0.00898884888738, 0.00595221528783, 0.00332702952437], "dvar2": [0.062004365027, 0.0248190313578, 0.0460846051574, 0.0632825791836, 0.0662659183145, 0.0101142264903], "dvar": [0.0223550125957, 0.00800675619394, 0.0174374803901, 0.0239737480879, 0.0226097926497, 0.00353714474477], "dmean": [0.207875981927, 0.100884862244, 0.117839731276, 0.1631629318, 0.141493543983, 0.0361285768449], "max": [0.907402992249, 0.625104725361, 0.78661185503, 0.832119584084, 0.878532886505, 0.776578307152], "var": [0.0370946079493, 0.00987065210938, 0.0265417713672, 0.0303269345313, 0.029253706336, 0.00265207164921], "mean": [0.362716585398, 0.12525293231, 0.147982925177, 0.190253779292, 0.175357669592, 0.0540561117232]}}, "lowlevel": {"barkbands_spread": {"dmean2": 8.21283245087, "median": 24.6861476898, "min": 2.62455391884, "dvar2": 76.9910125732, "dvar": 33.123210907, "dmean": 5.3533744812, "max": 117.288825989, "var": 147.151153564, "mean": 26.2518920898}, "melbands_spread": {"dmean2": 13.5346069336, "median": 29.6917266846, "min": 2.34957170486, "dvar2": 245.787078857, "dvar": 108.492362976, "dmean": 8.75689506531, "max": 190.404708862, "var": 463.692260742, "mean": 34.772819519}, "hfc": {"dmean2": 8.06499576569, "median": 15.3650979996, "min": 1.21200965041e-16, "dvar2": 136.592010498, "dvar": 67.885093689, "dmean": 5.86315488815, "max": 213.18157959, "var": 344.858856201, "mean": 20.7146282196}, "barkbands_kurtosis": {"dmean2": 2.4110417366, "median": 0.18392804265, "min": -1.87812006474, "dvar2": 15.417350769, "dvar": 6.01862668991, "dmean": 1.4896774292, "max": 46.6456871033, "var": 10.4123344421, "mean": 1.11627340317}, "gfcc": {"mean": [-17.7576026917, 84.4547348022, -130.928085327, 36.2773780823, -45.1522140503, 24.8681163788, -32.2988357544, 6.67063140869, -22.8400974274, -3.5567305088, -19.3685016632, -3.55927801132, -14.4662857056], "icov": [[0.000115585622552, -0.00022126758995, 0.000202040828299, -0.0002445045684, 0.000221424139454, -0.000385239254683, 0.000332132069161, -0.000289712101221, 0.000277536542853, -0.000250218756264, 0.000430097221397, -0.0002633096301, 0.000239967150264], [-0.00022126758995, 0.00315415905789, -0.000668558699545, 0.00108593213372, -0.00138519390021, 0.00141310482286, -0.0020029139705, 0.00160412827972, -0.00236447365023, 0.00282248225994, -0.00371988560073, 0.0035290052183, -0.00124512554612], [0.000202040828299, -0.000668558699545, 0.00302923284471, -0.00101761007681, 0.000630070571788, -0.000888059497811, 0.000108467989776, -0.000562598113902, 0.00232901680283, -0.00293358997442, 0.00273644900881, -0.0017050706083, 0.00167626549955], [-0.0002445045684, 0.00108593213372, -0.00101761007681, 0.00482350867242, -0.00313195213675, 0.000712796754669, 6.84958067723e-05, 0.00194357801229, -0.00155844551045, 0.000247756222961, -0.000790039717685, 0.00155531347264, -0.00198865053244], [0.000221424139454, -0.00138519390021, 0.000630070571788, -0.00313195213675, 0.00533263385296, -0.001127249212, 0.00171932496596, -0.00173434487078, 0.000510500976816, 0.000627952627838, 0.00170025485568, -0.00248376280069, 0.000978591153398], [-0.000385239254683, 0.00141310482286, -0.000888059497811, 0.000712796754669, -0.001127249212, 0.0117270071059, -0.00712880026549, 0.0013566421112, 0.000885902903974, 0.000779324618634, -0.00207004905678, 0.00289650633931, -0.00335619109683], [0.000332132069161, -0.0020029139705, 0.000108467989776, 6.84958067723e-05, 0.00171932496596, -0.00712880026549, 0.0135529469699, -0.00618233345449, 0.00309893488884, -0.000797572545707, -0.000957551586907, -0.000377370073693, 0.00202421098948], [-0.000289712101221, 0.00160412827972, -0.000562598113902, 0.00194357801229, -0.00173434487078, 0.0013566421112, -0.00618233345449, 0.0193276647478, -0.0109932897612, 0.00192997034173, -0.000669921166264, -0.000842807465233, 0.000117177522043], [0.000277536542853, -0.00236447365023, 0.00232901680283, -0.00155844551045, 0.000510500976816, 0.000885902903974, 0.00309893488884, -0.0109932897612, 0.0201360229403, -0.0105166742578, 0.00586665421724, 0.000147782557178, -0.00142029998824], [-0.000250218756264, 0.00282248225994, -0.00293358997442, 0.000247756222961, 0.000627952627838, 0.000779324618634, -0.000797572545707, 0.00192997034173, -0.0105166742578, 0.0234444458038, -0.0106872301549, 0.00392983155325, 0.00249736779369], [0.000430097221397, -0.00371988560073, 0.00273644900881, -0.000790039717685, 0.00170025485568, -0.00207004905678, -0.000957551586907, -0.000669921166264, 0.00586665421724, -0.0106872301549, 0.022507224232, -0.0105521818623, 0.00397789571434], [-0.0002633096301, 0.0035290052183, -0.0017050706083, 0.00155531347264, -0.00248376280069, 0.00289650633931, -0.000377370073693, -0.000842807465233, 0.000147782557178, 0.00392983155325, -0.0105521818623, 0.0226423535496, -0.00819533411413], [0.000239967150264, -0.00124512554612, 0.00167626549955, -0.00198865053244, 0.000978591153398, -0.00335619109683, 0.00202421098948, 0.000117177522043, -0.00142029998824, 0.00249736779369, 0.00397789571434, -0.00819533411413, 0.018577279523]], "cov": [[12584.1943359, 390.787872314, -517.362365723, 403.793640137, -0.839329600334, 208.964523315, -137.022537231, 52.7325439453, 24.9649047852, -42.9503173828, -142.461395264, -61.3272247314, 17.0734024048], [390.787872314, 571.865600586, -41.6125679016, -66.3440551758, 39.6038475037, 15.0120449066, 77.5429458618, 6.47184371948, 23.5217914581, -25.8583221436, 48.8778533936, -54.7197532654, -7.26152992249], [-517.362365723, -41.6125679016, 481.374786377, 39.4741210938, -21.2923755646, 26.4461746216, 28.2072315216, -17.7277145386, -43.3130874634, 40.5416870117, -11.0111751556, 2.59002447128, -37.6393890381], [403.793640137, -66.3440551758, 39.4741210938, 449.262573242, 254.663513184, -37.9769325256, -102.981872559, -26.0770740509, 24.5391635895, -13.5284700394, -50.7069854736, 12.4730768204, 46.0327529907], [-0.839329600334, 39.6038475037, -21.2923755646, 254.663513184, 384.732421875, -31.8513259888, -76.3147506714, 0.0770470649004, 25.0458545685, -35.3866233826, -36.7221488953, 22.5793647766, 38.6376914978], [208.964523315, 15.0120449066, 26.4461746216, -37.9769325256, -31.8513259888, 155.575424194, 93.0880355835, 5.64080190659, -30.468503952, -2.00158858299, 18.0028610229, -7.14055395126, 2.39564871788], [-137.022537231, 77.5429458618, 28.2072315216, -102.981872559, -76.3147506714, 93.0880355835, 173.523910522, 34.702747345, -17.7490673065, 9.62008666992, 38.5134239197, -11.7769651413, -20.9832572937], [52.7325439453, 6.47184371948, -17.7277145386, -26.0770740509, 0.0770470649004, 5.64080190659, 34.702747345, 93.7443618774, 53.6527557373, 15.4613866806, -0.4618229568, -0.953763723373, -3.09522986412], [24.9649047852, 23.5217914581, -43.3130874634, 24.5391635895, 25.0458545685, -30.468503952, -17.7490673065, 53.6527557373, 113.489494324, 32.7298088074, -14.5736246109, -11.406876564, 4.92612600327], [-42.9503173828, -25.8583221436, 40.5416870117, -13.5284700394, -35.3866233826, -2.00158858299, 9.62008666992, 15.4613866806, 32.7298088074, 80.0909194946, 25.2161216736, -5.74856853485, -22.1278152466], [-142.461395264, 48.8778533936, -11.0111751556, -50.7069854736, -36.7221488953, 18.0028610229, 38.5134239197, -0.4618229568, -14.5736246109, 25.2161216736, 88.1902999878, 19.7925224304, -12.9815683365], [-61.3272247314, -54.7197532654, 2.59002447128, 12.4730768204, 22.5793647766, -7.14055395126, -11.7769651413, -0.953763723373, -11.406876564, -5.74856853485, 19.7925224304, 73.9362258911, 25.3153839111], [17.0734024048, -7.26152992249, -37.6393890381, 46.0327529907, 38.6376914978, 2.39564871788, -20.9832572937, -3.09522986412, 4.92612600327, -22.1278152466, -12.9815683365, 25.3153839111, 79.4481430054]]}, "spectral_energyband_middle_low": {"dmean2": 0.00520185800269, "median": 0.00462950626388, "min": 3.33551090438e-22, "dvar2": 6.26870532869e-05, "dvar": 2.6178015105e-05, "dmean": 0.00334523548372, "max": 0.0826554447412, "var": 7.83529030741e-05, "mean": 0.00754953734577}, "melbands_crest": {"dmean2": 5.20545339584, "median": 12.422287941, "min": 2.20415401459, "dvar2": 20.5424900055, "dvar": 8.07030487061, "dmean": 3.16044831276, "max": 29.7929992676, "var": 20.2243843079, "mean": 13.0450782776}, "spectral_kurtosis": {"dmean2": 2.0821993351, "median": 3.98091936111, "min": -1.19824361801, "dvar2": 4.54423856735, "dvar": 1.66376340389, "dmean": 1.24044311047, "max": 25.0952548981, "var": 4.20929384232, "mean": 4.34152746201}, "spectral_rms": {"dmean2": 0.00099082372617, "median": 0.00421264115721, "min": 3.26807157724e-12, "dvar2": 1.17648710329e-06, "dvar": 5.35914182365e-07, "dmean": 0.000664232997224, "max": 0.011175439693, "var": 3.38545805789e-06, "mean": 0.00418893294409}, "zerocrossingrate": {"dmean2": 0.00982888229191, "median": 0.06103515625, "min": 0.009765625, "dvar2": 0.000125918362755, "dvar": 0.000105191800685, "dmean": 0.00835434067994, "max": 0.5146484375, "var": 0.00116971100215, "mean": 0.0663735121489}, "silence_rate_60dB": {"dmean2": 0.0406690724194, "median": 0, "min": 0, "dvar2": 0.0449170172215, "dvar": 0.019916927442, "dmean": 0.0203312020749, "max": 1, "var": 0.0801474004984, "mean": 0.0878688544035}, "erbbands_kurtosis": {"dmean2": 2.18685913086, "median": 1.16118121147, "min": -1.62521922588, "dvar2": 9.34082984924, "dvar": 4.42414855957, "dmean": 1.44334340096, "max": 72.3119354248, "var": 18.5852813721, "mean": 2.40919589996}, "erbbands": {"dmean2": [0.0495991334319, 0.705848813057, 2.60776638985, 5.03896856308, 7.49687385559, 6.58608484268, 3.79880952835, 2.0202422142, 5.26924991608, 10.4178113937, 43.7040405273, 18.4036655426, 19.861995697, 37.1519050598, 22.7478809357, 56.4720077515, 26.4776973724, 28.3395347595, 25.5243301392, 31.0071411133, 38.34425354, 32.7131958008, 16.2579536438, 10.0799674988, 7.08964252472, 6.38732814789, 5.17125892639, 3.50794219971, 3.79605078697, 2.36461853981, 1.83024787903, 1.44198322296, 0.615243315697, 0.281513780355, 0.110154941678, 0.0433735921979, 0.0162083972245, 0.00381603091955, 0.000352715462213, 1.67363850778e-05], "median": [0.02931378223, 0.529108762741, 1.34980773926, 1.74753284454, 3.12830305099, 3.3579287529, 1.80134963989, 1.13767051697, 2.171916008, 2.98262667656, 5.94200229645, 4.36191606522, 5.78523445129, 9.20548820496, 12.4440174103, 14.2610177994, 13.0857248306, 14.4851837158, 15.4425859451, 14.1083831787, 12.6345834732, 12.7476463318, 8.67055892944, 7.35889720917, 5.56586647034, 4.14457893372, 3.50144863129, 2.23176813126, 2.32385921478, 1.57895445824, 0.962771832943, 0.694303393364, 0.444730192423, 0.191494435072, 0.0639830827713, 0.0197476800531, 0.00575026683509, 0.00120325782336, 6.99341326253e-05, 2.65939142992e-05], "min": [6.92210828317e-22, 7.38149967689e-21, 4.38454159955e-20, 5.88816886819e-20, 1.80091226493e-20, 7.66556739329e-20, 2.70477798095e-19, 5.68845438109e-19, 1.13728834945e-18, 4.93471861814e-19, 1.20473148672e-18, 1.78980439899e-18, 4.57528775567e-18, 6.00986543766e-18, 4.24431045871e-18, 5.13606823451e-18, 3.16908133472e-18, 2.41459831748e-18, 4.7177476959e-18, 9.65021162648e-18, 8.97630675425e-18, 9.9069734517e-18, 1.08489468809e-17, 1.04229654091e-17, 1.86494139129e-17, 1.44794839485e-17, 1.44438920211e-17, 1.33367074624e-17, 1.80117569223e-17, 1.83503930846e-17, 1.84052186156e-17, 2.18572252915e-17, 1.50130601113e-17, 1.30878228782e-17, 9.43199310908e-18, 6.32323619528e-18, 3.50646328437e-18, 1.40664606745e-18, 2.97854684636e-19, 3.35802306096e-20], "dvar2": [0.00574219366536, 1.01810574532, 16.7953891754, 115.580612183, 173.826126099, 156.610412598, 42.8352928162, 13.3165082932, 241.811248779, 871.556335449, 15933.1416016, 2960.11621094, 3746.99536133, 11766.1552734, 3129.66503906, 37243.5039063, 4104.77880859, 3785.87109375, 4696.85839844, 5704.38818359, 15233.3212891, 6484.98779297, 1823.44140625, 556.076904297, 178.717147827, 233.240982056, 316.078369141, 148.172744751, 159.050064087, 53.1260757446, 89.3512191772, 33.4193992615, 3.1844098568, 0.553356707096, 0.0781948193908, 0.00702414987609, 0.00116826349404, 5.88064103795e-05, 5.22739071585e-07, 5.63267488207e-10], "dvar": [0.00218367390335, 0.368916988373, 6.11227941513, 43.039680481, 66.0323410034, 60.2889099121, 17.4753494263, 5.72511768341, 105.248382568, 384.958648682, 7067.05078125, 1410.83898926, 2179.97802734, 5902.05078125, 1435.1081543, 14798.6816406, 1877.22351074, 1730.95703125, 2019.84753418, 2842.96435547, 8856.24511719, 3305.05126953, 791.575256348, 265.618347168, 86.2536239624, 106.587753296, 122.161880493, 68.278678894, 67.6454849243, 23.0203704834, 35.5991439819, 14.9659423828, 1.53297388554, 0.267497986555, 0.0323489680886, 0.003104763804, 0.000492340186611, 2.51282399404e-05, 2.16372640693e-07, 2.51991233435e-10], "dmean": [0.0296677816659, 0.410908132792, 1.51102507114, 2.95180439949, 4.52895498276, 4.00835514069, 2.35459780693, 1.22300970554, 3.29785656929, 6.71140289307, 29.1574211121, 12.5350093842, 13.9001321793, 25.2484378815, 15.0266094208, 36.8354415894, 17.5327167511, 18.4224472046, 16.4499988556, 21.3058052063, 26.8249130249, 22.7965087891, 10.9558610916, 6.82087039948, 4.74879407883, 4.38778400421, 3.40459656715, 2.38492321968, 2.53267455101, 1.63083469868, 1.24536907673, 0.971881449223, 0.4196369946, 0.195442348719, 0.0784550011158, 0.0306517072022, 0.0111068394035, 0.0026519394014, 0.000226647258387, 1.13519008664e-05], "max": [0.555371463299, 6.3082447052, 26.7277488708, 83.0286254883, 98.3853683472, 140.833938599, 108.972084045, 71.3119125366, 323.85256958, 605.618530273, 1663.43078613, 1123.40136719, 2746.38745117, 1975.74157715, 1292.65991211, 3407.546875, 1163.63684082, 894.953369141, 1112.42126465, 1451.17138672, 6177.20556641, 1258.3885498, 1099.69372559, 628.239501953, 297.539459229, 262.23815918, 445.770690918, 376.800750732, 303.441619873, 137.269546509, 230.274108887, 106.956108093, 52.4499511719, 18.3982563019, 7.49447727203, 0.972362160683, 0.611582994461, 0.0558160580695, 0.00564784184098, 0.000220954359975], "var": [0.0036903496366, 0.599300146103, 8.14225196838, 42.4176483154, 93.0858535767, 78.2995147705, 40.5465888977, 8.77920341492, 167.14125061, 1244.06604004, 27034.5878906, 3724.88256836, 6804.68408203, 21282.0683594, 4331.93457031, 45205.5703125, 4769.44189453, 3883.0456543, 4203.61572266, 10954.1757813, 36591.3046875, 12826.0507813, 2674.75585938, 763.972961426, 339.62878418, 262.131195068, 174.844055176, 130.004776001, 123.925559998, 45.0370559692, 46.7127151489, 25.2984294891, 3.671200037, 0.598166465759, 0.0486140474677, 0.00465491227806, 0.000584057997912, 3.05938265228e-05, 2.24314121056e-07, 6.50187348405e-10], "mean": [0.051325827837, 0.75346493721, 2.35587501526, 4.0040769577, 6.74595928192, 6.18144845963, 3.90257549286, 1.95428693295, 5.04657077789, 13.2365036011, 59.0446014404, 22.7363758087, 26.7459163666, 50.2950630188, 31.0498256683, 73.2770004272, 35.3534126282, 34.1641960144, 33.2814674377, 46.8396568298, 59.986328125, 51.9083900452, 23.7312965393, 14.6099824905, 10.4792852402, 9.23338317871, 6.89388179779, 4.67657995224, 4.99012899399, 3.15171527863, 2.18559813499, 1.65303564072, 0.847521781921, 0.369228065014, 0.128390327096, 0.0443693064153, 0.0145302368328, 0.00333258393221, 0.000248694821494, 3.21251318383e-05]}, "spectral_strongpeak": {"dmean2": 1.63555550575, "median": 0.490714848042, "min": 0, "dvar2": 6.62113904953, "dvar": 2.84524416924, "dmean": 0.96832126379, "max": 28.0168037415, "var": 7.30923080444, "mean": 1.84964752197}, "spectral_energy": {"dmean2": 0.00991482939571, "median": 0.0181900002062, "min": 1.09473000064e-20, "dvar2": 0.000158903378178, "dvar": 6.85589038767e-05, "dmean": 0.00652165571228, "max": 0.12801271677, "var": 0.000273416895652, "mean": 0.0214559063315}, "average_loudness": 0.810039460659, "spectral_rolloff": {"dmean2": 562.128356934, "median": 1571.92382813, "min": 129.19921875, "dvar2": 732892, "dvar": 358419.96875, "dmean": 343.270568848, "max": 20305.8105469, "var": 1696950.125, "mean": 1763.91479492}, "spectral_centroid": {"dmean2": 337.004211426, "median": 1512.0994873, "min": 324.893585205, "dvar2": 136991.890625, "dvar": 68990.7734375, "dmean": 222.283737183, "max": 10913.2441406, "var": 357040.96875, "mean": 1589.29772949}, "pitch_salience": {"dmean2": 0.0972150489688, "median": 0.529274463654, "min": 0.20566637814, "dvar2": 0.0067293997854, "dvar": 0.00267864321359, "dmean": 0.0601246766746, "max": 0.938603043556, "var": 0.00912276562303, "mean": 0.530688822269}, "spectral_energyband_middle_high": {"dmean2": 0.00382178463042, "median": 0.00518529303372, "min": 1.72466733626e-21, "dvar2": 3.6538047425e-05, "dvar": 1.74193137354e-05, "dmean": 0.00269089825451, "max": 0.0920003354549, "var": 8.59677820699e-05, "mean": 0.00843333546072}, "spectral_contrast_coeffs": {"dmean2": [0.082530297339, 0.0726767480373, 0.0596759468317, 0.0466779023409, 0.0338485017419, 0.0250681694597], "median": [-0.663410604, -0.763230443001, -0.767221450806, -0.763343572617, -0.785114586353, -0.767387926579], "min": [-0.962451040745, -0.961754024029, -0.96532189846, -0.963224709034, -0.958403706551, -0.955912530422], "dvar2": [0.00466331280768, 0.00315536931157, 0.00225496897474, 0.00135920091998, 0.000734412518796, 0.000456261652289], "dvar": [0.00175047444645, 0.00126883538906, 0.000951651658397, 0.000567572365981, 0.00032318153535, 0.000200888345717], "dmean": [0.0499101467431, 0.0445523113012, 0.0373376049101, 0.0295283719897, 0.0214039105922, 0.0157222766429], "max": [-0.381327092648, -0.418325304985, -0.47033894062, -0.544806003571, -0.51430785656, -0.56502443552], "var": [0.00523526966572, 0.00820633582771, 0.00579152675346, 0.00323504721746, 0.00255856476724, 0.0011543178698], "mean": [-0.659447073936, -0.742307782173, -0.752284765244, -0.758104920387, -0.777186274529, -0.765913188457]}, "melbands_skewness": {"dmean2": 0.996192097664, "median": 1.4033074379, "min": -2.66396903992, "dvar2": 1.07840168476, "dvar": 0.458835154772, "dmean": 0.645324349403, "max": 8.81391620636, "var": 1.93664062023, "mean": 1.65266382694}, "spectral_spread": {"dmean2": 573697.4375, "median": 4127040.75, "min": 1760390, "dvar2": 470721429504, "dvar": 327202668544, "dmean": 407113.46875, "max": 41444460, "var": 1179741847550.0, "mean": 4200360.5}, "dissonance": {"dmean2": 0.0288740601391, "median": 0.478989303112, "min": 0.213409230113, "dvar2": 0.00114294269588, "dvar": 0.000415476650232, "dmean": 0.0169925075024, "max": 0.499989777803, "var": 0.000915421172976, "mean": 0.468742549419}, "spectral_skewness": {"dmean2": 0.267717599869, "median": 1.49407553673, "min": -0.00228997785598, "dvar2": 0.0578490160406, "dvar": 0.0235852170736, "dmean": 0.166667103767, "max": 3.09531593323, "var": 0.101053856313, "mean": 1.49999189377}, "spectral_flux": {"dmean2": 0.0304131414741, "median": 0.0645157247782, "min": 1.04629346853e-10, "dvar2": 0.00101984839421, "dvar": 0.000475768873002, "dmean": 0.0199101772159, "max": 0.294732481241, "var": 0.00150695908815, "mean": 0.0699994936585}, "spectral_contrast_valleys": {"dmean2": [0.713217556477, 0.580120444298, 0.467831075191, 0.379245638847, 0.302329182625, 0.337709635496], "median": [-7.19402742386, -7.15838956833, -7.30292606354, -7.48273563385, -7.46575069427, -10.0545120239], "min": [-26.8559837341, -26.8566112518, -27.120054245, -27.276391983, -27.3280391693, -27.31873703], "dvar2": [0.382619529963, 0.238034650683, 0.156097695231, 0.117048986256, 0.0891647934914, 0.138765141368], "dvar": [0.170134305954, 0.108373567462, 0.0777838900685, 0.0644073337317, 0.0606310926378, 0.0893857330084], "dmean": [0.439979285002, 0.355757117271, 0.29295912385, 0.240905806422, 0.213507637382, 0.274898171425], "max": [-5.69942712784, -5.48368597031, -5.23193407059, -5.93280029297, -5.87299108505, -7.70348119736], "var": [1.55724132061, 1.25461447239, 1.32897889614, 1.2905318737, 1.20873963833, 1.15586137772], "mean": [-7.46641206741, -7.33063411713, -7.48750829697, -7.66841697693, -7.64354324341, -10.2325325012]}, "erbbands_flatness_db": {"dmean2": 0.0271811876446, "median": 0.166801735759, "min": 0.0361853428185, "dvar2": 0.000605008506682, "dvar": 0.000327208690578, "dmean": 0.0193944070488, "max": 0.344929397106, "var": 0.0021043268498, "mean": 0.169790014625}, "spectral_energyband_high": {"dmean2": 0.000320222927257, "median": 0.000302482163534, "min": 7.79611507321e-21, "dvar2": 1.04293337699e-06, "dvar": 4.56671870097e-07, "dmean": 0.000232448306633, "max": 0.0198167599738, "var": 9.65995809565e-07, "mean": 0.000545942457393}, "spectral_entropy": {"dmean2": 0.195237725973, "median": 7.63578891754, "min": 6.19143295288, "dvar2": 0.0344245880842, "dvar": 0.0174107495695, "dmean": 0.13553377986, "max": 9.80281162262, "var": 0.0989909693599, "mean": 7.6090798378}, "silence_rate_20dB": {"dmean2": 0, "median": 1, "min": 1, "dvar2": 0, "dvar": 0, "dmean": 0, "max": 1, "var": 0, "mean": 1}, "melbands_flatness_db": {"dmean2": 0.0353239700198, "median": 0.171669885516, "min": 0.00603447901085, "dvar2": 0.00115045183338, "dvar": 0.000480310351122, "dmean": 0.0230504218489, "max": 0.352530688047, "var": 0.00192346808035, "mean": 0.173158884048}, "barkbands": {"dmean2": [6.97114082868e-05, 0.00263253087178, 0.00261328322813, 0.00186012126505, 0.0021083173342, 0.000302764063235, 0.000414305890445, 0.00172627938446, 0.000739346782211, 0.00112501019612, 0.0005905405269, 0.00130953546613, 0.000607485359069, 0.00051381875528, 0.000613832206, 0.000613909272943, 0.000806741998531, 0.000278001447441, 0.000167449208675, 0.000145356243593, 0.000100345248939, 9.82350393315e-05, 6.68103966746e-05, 4.94862724736e-05, 1.95175125555e-05, 8.96583514987e-06, 2.05962533073e-06], "median": [4.18169292971e-05, 0.00202290341258, 0.00101303