{"tonal": {"thpcp": [1, 0.895332872868, 0.448430895805, 0.302118003368, 0.239115029573, 0.317259907722, 0.464625716209, 0.370127081871, 0.434374928474, 0.653707683086, 0.481924802065, 0.272875756025, 0.285777837038, 0.247584506869, 0.273850083351, 0.375682324171, 0.289540171623, 0.15261900425, 0.122168719769, 0.135569140315, 0.35223916173, 0.687488913536, 0.666342020035, 0.515249669552, 0.591328084469, 0.476808637381, 0.271613419056, 0.275776177645, 0.284394472837, 0.401412248611, 0.558563768864, 0.410293698311, 0.216490447521, 0.204757750034, 0.270819962025, 0.556936681271], "hpcp": {"dmean2": [0.244976818562, 0.20492143929, 0.216944947839, 0.251894950867, 0.225036025047, 0.159174188972, 0.160377830267, 0.145516425371, 0.152194008231, 0.16540902853, 0.145895302296, 0.0930283367634, 0.0873765200377, 0.0940755829215, 0.170150116086, 0.261303454638, 0.265843778849, 0.264074027538, 0.273794412613, 0.253126472235, 0.198225215077, 0.171529248357, 0.188661932945, 0.228298038244, 0.250959932804, 0.221468582749, 0.172131732106, 0.179893165827, 0.22874212265, 0.341255784035, 0.40400582552, 0.399712413549, 0.295564115047, 0.183841824532, 0.162696287036, 0.196359142661], "median": [0.0775118917227, 0.0618854500353, 0.0722597166896, 0.116313941777, 0.094410084188, 0.054659832269, 0.0414452031255, 0.0372177921236, 0.0451092794538, 0.0568934120238, 0.0438153669238, 0.0237816274166, 0.018292395398, 0.0208592247218, 0.0603876076639, 0.139265999198, 0.138406172395, 0.103583097458, 0.103640757501, 0.0693664327264, 0.0327399969101, 0.0210581943393, 0.0246036536992, 0.0530282892287, 0.0884924605489, 0.0658307224512, 0.0272184275091, 0.0207581277937, 0.0267981868237, 0.111422210932, 0.27873685956, 0.236186429858, 0.0803904905915, 0.0268781799823, 0.0254891701043, 0.0555074326694], "min": [0, 0, 0, 0, 0, 0, 0, 0, 0, 0, 0, 0, 0, 0, 0, 0, 0, 0, 0, 0, 0, 0, 0, 0, 0, 0, 0, 0, 0, 0, 0, 0, 0, 0, 0, 0], "dvar2": [0.103147275746, 0.0780841708183, 0.078977137804, 0.090578764677, 0.0788907185197, 0.0547769032419, 0.0574287176132, 0.0511322766542, 0.0560419522226, 0.059127792716, 0.0536143146455, 0.0326255075634, 0.0318484567106, 0.0327147096395, 0.0553599558771, 0.0913239791989, 0.09266038239, 0.0929653272033, 0.110411904752, 0.105718545616, 0.0990316569805, 0.0792515873909, 0.0946240872145, 0.112536460161, 0.109785981476, 0.0986801758409, 0.0926067084074, 0.0971110016108, 0.123527064919, 0.141245529056, 0.146770268679, 0.146746143699, 0.124192886055, 0.0838083550334, 0.0713997706771, 0.0786589458585], "dvar": [0.0401778072119, 0.0306655783206, 0.0317018516362, 0.0389022193849, 0.0313575677574, 0.0209035146981, 0.0219940785319, 0.019836390391, 0.0223906040192, 0.0248151682317, 0.0210262350738, 0.0123785547912, 0.0112259835005, 0.0119459601119, 0.0212379340082, 0.0368188880384, 0.0366414934397, 0.0355095975101, 0.0462577193975, 0.0422644801438, 0.0365166924894, 0.0305235181004, 0.0339790806174, 0.0420703664422, 0.0452376641333, 0.0382546670735, 0.0333284027874, 0.0353847332299, 0.0456733852625, 0.0530312657356, 0.0608235634863, 0.0609628893435, 0.0458394028246, 0.0320278853178, 0.0260700248182, 0.0283510740846], "dmean": [0.145110443234, 0.121872834861, 0.128119707108, 0.150275573134, 0.134314209223, 0.0929637029767, 0.0947602465749, 0.0869757682085, 0.0910644903779, 0.101758480072, 0.0875167325139, 0.0539974719286, 0.0493925474584, 0.0543690063059, 0.101875342429, 0.155721276999, 0.161020383239, 0.155641913414, 0.161489054561, 0.148913621902, 0.111881695688, 0.0974998250604, 0.106751017272, 0.130534037948, 0.149109482765, 0.130946218967, 0.0958650633693, 0.0992274358869, 0.128431275487, 0.194571703672, 0.23897279799, 0.237019091845, 0.16924649477, 0.104592084885, 0.0913677811623, 0.113797485828], "max": [1, 1, 1, 1, 1, 1, 1, 1, 1, 1, 1, 1, 1, 1, 1, 1, 1, 1, 1, 1, 1, 1, 1, 1, 1, 1, 1, 1, 1, 1, 1, 1, 1, 1, 1, 1], "var": [0.0623628385365, 0.040590185672, 0.0524980127811, 0.0976414382458, 0.0536725968122, 0.0219184439629, 0.0315590202808, 0.0231392383575, 0.0289611071348, 0.0488343499601, 0.0312895029783, 0.0127043714747, 0.00919332168996, 0.010756011121, 0.0352776385844, 0.091041199863, 0.0826665312052, 0.0580841712654, 0.0872298330069, 0.0660119950771, 0.0333458893001, 0.0466198660433, 0.0417220517993, 0.0594142712653, 0.0857940018177, 0.0538312755525, 0.0282127205282, 0.0276165008545, 0.0411816500127, 0.0673882812262, 0.122896768153, 0.108291387558, 0.0530697107315, 0.05192591995, 0.0311808250844, 0.0317167341709], "mean": [0.185092583299, 0.147447243333, 0.173041597009, 0.26041701436, 0.191984012723, 0.108705297112, 0.113845095038, 0.0986300483346, 0.109093442559, 0.149660274386, 0.115343891084, 0.0607987158, 0.0486682578921, 0.0540065728128, 0.140321239829, 0.273874431849, 0.265450149775, 0.205259621143, 0.23556689918, 0.1899458915, 0.108202427626, 0.109860740602, 0.113294005394, 0.159910291433, 0.222514614463, 0.163448378444, 0.0862431302667, 0.0815691873431, 0.107886336744, 0.221866428852, 0.398369222879, 0.356673061848, 0.178641065955, 0.120354518294, 0.0952560678124, 0.126386582851]}, "tuning_equal_tempered_deviation": 0.0525743402541, "chords_changes_rate": 0.0740523040295, "key_key": "G", "tuning_diatonic_strength": 0.558994472027, "key_scale": "minor", "chords_number_rate": 0.00264472514391, "tuning_frequency": 441.782684326, "tuning_nontempered_energy_ratio": 0.762383699417, "chords_histogram": [29.9441661835, 2.29209518433, 9.0802230835, 2.29209518433, 0, 0.499559223652, 1.26359093189, 7.69908905029, 0, 0.38201585412, 0, 0.587716698647, 0, 0, 0.029385836795, 0, 0, 0, 0.23508669436, 0, 0.38201585412, 2.70349693298, 18.2486038208, 24.3608589172], "key_strength": 0.738303720951, "chords_key": "G", "chords_strength": {"dmean2": 0.0118629243225, "median": 0.511896014214, "min": -1, "dvar2": 0.00228299596347, "dvar": 0.00123731954955, "dmean": 0.0110505120829, "max": 0.814525067806, "var": 0.0237635411322, "mean": 0.505716502666}, "chords_scale": "minor", "hpcp_entropy": {"dmean2": 1.03707146645, "median": 2.09867167473, "min": 0, "dvar2": 0.767182528973, "dvar": 0.281668573618, "dmean": 0.619744002819, "max": 4.17187452316, "var": 0.571408867836, "mean": 2.04272246361}}, "metadata": {"audio_properties": {"equal_loudness": 0, "codec": "mp3", "downmix": "mix", "sample_rate": 44100, "analysis_sample_rate": 44100, "bit_rate": 128000, "md5_encoded": "d17ab7767083c36088f07645d947589d", "length": 157.96244812, "replay_gain": -5.09741973877, "lossless": false}, "version": {"essentia_build_sha": "2d9f1f26377add8aeb1075a9c2973f962c4f09fd", "essentia": "2.1-beta2", "extractor": "music 1.0", "essentia_git_sha": "v2.1_beta2-1-ge3940c0"}, "tags": {"title": ["You Didn't Say a Word"], "language": ["eng"], "acoustid_fingerprint": ["AQADtEnCRIkkVVCX44vMFKHFnLCuwLrx7vhXeOlRapoY7LrwLEcOPchzBddX3FlQpZQMX0fOHSK7yrjQHzmPX0h_qE1-fA4vhDm6HL_QRMzRo8-FPCL6WVDV4H9w02gmFn2OZzqe43kC1V_RMRmaUB0eQ8ulF2WoecGt4Lbx4-QSOJD9I0czhkelFCd8SR5-xCJXQnvmwzquw79wQefhkEL34MfdGFUPpylZaA_KxImONzN0H58O50bFKcctBR2sBnqKZgyejEnxQ5Rd4uKDM-iRHvGhnTvOSDh9NNeHNww8nujz4UefQ3SyoysqyZkOL-ON3Hgu9Ma1WPhdolFzhD_69Gi4DKeKnCl863ilnHij40ezK_jeIP0SIuyH_jDqI1dy_IUmPYMdpkO46MdH7fhzCX-CPIeWJTZCUkp8PAnewM8iPGVRiVkmo6mOH76e4MrS40Oz7Jh-5BAvIf7x70VPEluO-jiuIXzQpLkh_0MTJUfJZ_jQQzyNL1bgiyKOG2XWLHh6nDa0fBF6Hqfy4FTkoTmPUHFLFB_qakMfHd4DczkqG__xKIffCsmP-F_QPES7DCWlww9Dwm26IHxc6BIcH2qaH32KZt3xo5nEPEP45EcPP4xwirAj1IqE-0aY5EcfKlDFHjmpFN-Mo0dj7cQpKUeYE12yHZePntB99Az-EM0PTdTxTESzrAgXKg5OwZWO37iMUye-B4-LXvCHysXFYy9iarmQ8LjwC098NA-LnsZ44s6hX8MT5eLwC0cfMmj-iHhtPOiyMCW88PgD_8GP69iuIp8MH1ROgVnYgk6WEJWkBEzi47iOJw90o4-OKYqWHT--BdcTXEe7ovmOPMmDXzeuOMWo6Whq9AmOP6jTOEh46QhZDQ2nE8WFd_JRa3KGKaHyIYe-yUK-o8yN5mFwCbeRJyeRXMq64DmeHb14NOGJs8ERZpJptEpG4TsuH6FPfC_uw-hLfEXJ6whzBefCQXUeWDp-XGgoEfXwTbmxH9Zi6AJ_9A8alQlULgIfBWGmB31vHD88hime5MeD5tnxgcmPk2nwbMY3JQiVRoGWPQ8-1UI2SUcjp0N1TN_QXEmO8kdTJ8Z5Bd_RNYcdopfx6ME1BzqeHf9RxSyLxgkefErV4MmNM4rR84jzHMkkfBJ2PCPRjImCm-jyY5xyHS_-4LSOkgyaRTo-Hj88bcd75AvEUVdwJc_x4lrg5_jhH3myHNc_4jLRWEPqKDl8RimhPTn-CHfmoFGPNznKpYTyEBN_-DuJ6S90qRJ6I0zxY4_R5RIcZXg2duiN_DFUJ4vxIU-1DQ9DVB_eFLc8pNl-lPjGQ_-C_0X64xSa56i0Fk-EPtRhVTNCfZKhHc0TXAG07MfHUIgTprgoVBQjXCVOykFTtbh6HacE50dPfJWEMlkOP6nQDzlFHVp_VIlEIyfG4sF33EfILEoeCWFGb3jR_HiO7fjhJbrwMEhzB9q3DGeOfC1KG31i5NCeDenuHE32KcOj4yaap-iROz0uHuqPTxUeHflRiQ-aR8ZLhKlu9CneBs1N1J9Qibj44aKSFJr140FOSUrRhw7iozsqobmh58inoz9KxNcm3EEYj0fP4KmLhhNnlLtw3mg6CZVzJEf1wyrS3OilAz9S8hnyJ0bPFU1F4wmD8HiiCP3xRtAWHeeRfsGPnsafox--olLG42py9EIY9cO_QTuPML2RzxQuHc2DUw1ExanwHGm4KJrR4zl6qfhha7FwPYePPjyq-2hkjDQiM0qaZNCP5sgPj4XJHaWO_EQfB1rGKEae4SROsUcT1M_wIVeIyx36U_DkHPiHH9fh58ePpw6MkiyLK4mJSzoaPaj0VNC640-FPMwd7JRxOBKeSLPwC_6N_LiUQ6ySHHp-REru4gz24XKwWXuIH_mRHG8UPFuOYw8aH5WPiE1yGcmPh8evH31Y3CT8kwitK0h-PIuO68N1LbjDD5t-_Md94UpmhA_xH0duwYsiodR2vEOPH5NfvCMeHZUM_8h96Eir40tGwVdjXJEe_GhxXD3C9EUd4Qo8D_mCyzceBu6H5zlO9FkqHNMlaviNvDf0IJZyvEGzB21uPEoujJ_RJ_B59HhOnLlwoWp_NDLx40mOJw_yMEbyjHiPxwua3Cz67Lhz_LiOVyqmdkfS5Mii59hxYfrRnD044xE-RZaOKw9mEpeipETDoZyOW8gnGuKzPLjwEY3CDH1w8cd39Eb6hVzQ6NvxHO9xJXLxIbmGMF-CPsZJPaiUp4GdTCSsB29y5BShHykXZccpbcJdoTLxVUV-NP-hHX_QLPuR6_ARkqJw5Tjn43lw8Qv6w9mJ8yvyD0f4DLKf43rQv3jWIa90PDo8KXOGvPgHX5agyRe-Rsh__GhPHWeyBM7Ri8M74cmj4aQ1XEfuD5WIZsl1PC6uzMeD5keduDiVC90P58qHksGzxrjoQE9ioTqHxslwT-twC73QHJeho6lClOQN7WgS8RkiaX8MP0ZJE1eCfdtQVg_CLBF0ycjFvDg65krwqDgPq2GOWNs4tLkOVYxk9MipwUfoE3oR5jlO5_AulFlmVE9SNPXwZMd53DU-PLiFKf3R404W4SGPeBGPq2C4UA38C-9qeJKGMnvwTgOfFjoqJXzQhcf94Eqeo3mYYnJD6DaaRTrKjwgtOkJzVrgy5IeOSwuFn2jOCzWetMUZaOfRqEUveOwLTaSPXEmqonJTWMdRHk-OfIfeEWEUKqgeI_-hP0XYJMcPf6idSwBFgCCQACeUYIxzRRABRAhDAGCAAqAAEEIQAyAUQhQhAFCIKUWYIRYQgqhgwkjlAIJEGCCE4I4QB5gRRADiAGIQCmaQYAZIgQgQQAgjjEIKEQGkEwwBgQRRhClhBECAGQaAQFYAApiBQABFBIBAEQASAEgSAhDRSBgNCBFACMnAUsoIZ6gRDDggDBBCIQCYcAIIIIAwBhBlBHBAEAKQAsYAgAADjBhiBFFIMQIEAoB4AggVwgjmjHIEEAeQAQJ4wKAjBABBhUGCEMKYMEQwAQBAiiJmGULMIqMIMQooCxRBRjBFgBDCKIccAIIAQCgwBgCGEADEAAOMkSgiAhwhSAhHACEIAoSAMAYYIoxwAhikECFkAEYkMUQAgIQCTBhDiJaGEQYIBcCQRQARjADLEQBQAOIQA0wZICBzRCACGBKESWAAAQIgAYQxCjCAAFEAEIQcAE4woBQhAjICkBAGAGCAYcIQJIC2SCgDHQECCCEIIYYIAARoSiAhoADUIcCEQI4QgiwhAAgHEDYCCgCYQEQiwYx2AAgDAHBKQCSEJUoBgIgQigmjJSHCECmEUEo4BQEiSgBJEBLGKcKkAIYIwRiQgDiilGIGEaAFEEBAI4SASigBBGHeMECQUUQzBARBThmAhGBEGCCsQAwYQJggBAlEABHIKaMIMQghRQAgBAgBBCCEKEUEQUwAAQxxBBAHCCCUKsYZYcQYYwDClhgjkAPBAEaIUIoZwAQTFggjiBBCIICIEoQRgwQAFAJmECAGGCGQAAMCooQBjgskhAAAISIBAIYYgQSAQgFgKCAEgAYIAYAAZAAhxCJAARGOCIEooUIR4wgwShAiDKGKACWEYsARQgEByCkDEANECAIIIAwBYYBChFICiDBCEGQcoBRhCSQAAjkBmBFAeGaAEcphBIIBTggGhANOUSQYEAhKQhRiCiMFABIAMcsEQgYiAAAgRAAihKAUImMkAsIJwgyRFAA"], "date": ["1967"], "genre": ["Oldies"], "musicbrainz album type": ["Single"], "musicip_puid": ["f5bacc4f-ce5b-39bb-979f-6d22fb3402fb"], "musicbrainz_recordingid": ["063e505b-20bb-4cf1-ac88-5c2fa846c504"], "musicbrainz_albumartistid": ["b7ca2d13-2bbf-428d-8018-664c63054606"], "musicbrainz_albumid": ["18e63d50-ccaa-4467-8cb8-4e6fe368e913"], "artist": ["Yvonne Baker"], "tracknumber": ["01"], "bpm": ["130.79"], "album": ["You Didn't Say a Word / to Prove My Love Is True"], "musicbrainz album release country": ["United States"], "acoustid_id": ["798a1a2b-2e6d-4304-a374-87befc2404c1"], "musicbrainz_artistid": ["b7ca2d13-2bbf-428d-8018-664c63054606"], "file_name": "Yvonne Baker - You Didn't Say a Word.mp3"}}, "rhythm": {"bpm_histogram_first_peak_bpm": {"dmean2": 0, "median": 133, "min": 133, "dvar2": 0, "dvar": 0, "dmean": 0, "max": 133, "var": 0, "mean": 133}, "bpm": 131.715072632, "bpm_histogram_second_peak_spread": {"dmean2": 0, "median": 0.399999976158, "min": 0.399999976158, "dvar2": 0, "dvar": 0, "dmean": 0, "max": 0.399999976158, "var": 0, "mean": 0.399999976158}, "bpm_histogram_first_peak_weight": {"dmean2": 0, "median": 0.462209314108, "min": 0.462209314108, "dvar2": 0, "dvar": 0, "dmean": 0, "max": 0.462209314108, "var": 0, "mean": 0.462209314108}, "onset_rate": 3.77270197868, "beats_position": [0.417959183455, 0.835918366909, 1.25387752056, 1.69505667686, 2.14784574509, 2.60063481331, 3.05342388153, 3.50621318817, 3.97061228752, 4.42340135574, 4.87619018555, 5.32897949219, 5.78176879883, 6.23455762863, 6.68734693527, 7.12852573395, 7.59292507172, 8.04571437836, 8.498503685, 8.95129203796, 9.4040813446, 9.86848068237, 10.3096599579, 10.7624483109, 11.2152376175, 11.6796369553, 12.144036293, 12.6084346771, 13.0728340149, 13.5372333527, 13.9900226593, 14.4544210434, 14.90721035, 15.3716096878, 15.8127889633, 16.2539672852, 16.7067565918, 17.1595458984, 17.600725174, 18.0535144806, 18.5063037872, 18.970703125, 19.4234924316, 19.8762817383, 20.3406791687, 20.7934684753, 21.246257782, 21.7106571198, 22.1750564575, 22.6394557953, 23.0922451019, 23.5450344086, 23.9978218079, 24.4506111145, 24.9150104523, 25.3677997589, 25.8205890656, 26.2733783722, 26.7261676788, 27.1905670166, 27.6549663544, 28.1193637848, 28.5837631226, 29.0481624603, 29.4893417358, 29.9537410736, 30.3949203491, 30.8477096558, 31.3004989624, 31.753288269, 32.2060775757, 32.6588668823, 33.111656189, 33.5644454956, 34.0172348022, 34.4584121704, 34.8995895386, 35.3639907837, 35.8283882141, 36.2811775208, 36.7339668274, 37.1751480103, 37.6163253784, 38.0575065613, 38.5102958679, 38.9630813599, 39.427482605, 39.8918800354, 40.344669342, 40.7974586487, 41.2502479553, 41.703037262, 42.1442184448, 42.5970077515, 43.0614051819, 43.5141944885, 43.9553718567, 44.4081611633, 44.86095047, 45.3021316528, 45.743309021, 46.2077102661, 46.6721076965, 47.1248970032, 47.5776863098, 48.0304756165, 48.4832649231, 48.9244422913, 49.3888435364, 49.8532409668, 50.3176422119, 50.7704315186, 51.2232208252, 51.6760063171, 52.1287956238, 52.5699768066, 53.0343742371, 53.4987754822, 53.9631729126, 54.4159622192, 54.8687515259, 55.333152771, 55.7743301392, 56.2271194458, 56.6799087524, 57.1443061829, 57.608707428, 58.0731048584, 58.5375061035, 59.0019035339, 59.4546928406, 59.8958702087, 60.3486595154, 60.801448822, 61.2542381287, 61.7186393738, 62.1830368042, 62.6474380493, 63.1118354797, 63.5762329102, 64.0406341553, 64.5050354004, 64.9926528931, 65.4570541382, 65.9214477539, 66.385848999, 66.8618545532, 67.3146438599, 67.779045105, 68.2434463501, 68.7078475952, 69.1722412109, 69.6250305176, 70.0778198242, 70.5306091309, 70.9833984375, 71.4477996826, 71.9122009277, 72.3765945435, 72.8409957886, 73.2821731567, 73.7465744019, 74.210975647, 74.6521530151, 75.1165542603, 75.580947876, 76.0337371826, 76.4865264893, 76.9509277344, 77.4153289795, 77.8681182861, 78.3209075928, 78.7853012085, 79.2497024536, 79.7024917603, 80.1552810669, 80.619682312, 81.0840835571, 81.5368728638, 82.0012664795, 82.4540557861, 82.9068450928, 83.3596343994, 83.8240356445, 84.2768249512, 84.7296142578, 85.1940155029, 85.6468048096, 86.0995864868, 86.5639877319, 87.0283889771, 87.4927902222, 87.9571838379, 88.3983688354, 88.8627624512, 89.3155517578, 89.7683410645, 90.2211303711, 90.6739196777, 91.1383209229, 91.602722168, 92.0671157837, 92.5315170288, 92.9959182739, 93.460319519, 93.9247131348, 94.3891143799, 94.853515625, 95.3179092407, 95.7823104858, 96.246711731, 96.7111129761, 97.1755065918, 97.6399078369, 98.104309082, 98.5570983887, 99.0098876953, 99.462677002, 99.9154663086, 100.368255615, 100.821044922, 101.285438538, 101.738227844, 102.191017151, 102.655418396, 103.096595764, 103.537773132, 103.97895813, 104.431747437, 104.884536743, 105.348930359, 105.813331604, 106.266120911, 106.718910217, 107.160087585, 107.612876892, 108.065666199, 108.518455505, 108.971244812, 109.435646057, 109.876823425, 110.318000793, 110.759178162, 111.211967468, 111.664756775, 112.12915802, 112.581947327, 113.034736633, 113.48752594, 113.940315247, 114.393104553, 114.84589386, 115.298683167, 115.751472473, 116.20426178, 116.657051086, 117.109840393, 117.5626297, 118.003807068, 118.444984436, 118.897773743, 119.350563049, 119.803352356, 120.256141663, 120.708930969, 121.161720276, 121.614509583, 122.067298889, 122.508476257, 122.961265564, 123.414054871, 123.878456116, 124.331245422, 124.784034729, 125.225212097, 125.666389465, 126.119178772, 126.56036377, 127.013153076, 127.465942383, 127.91872406, 128.383132935, 128.847518921, 129.288711548, 129.729888916, 130.182678223, 130.635467529, 131.099868774, 131.552658081, 132.005432129, 132.446624756, 132.899414063, 133.352203369, 133.793380737, 134.257781982, 134.722167969, 135.174957275, 135.639358521, 136.092147827, 136.556549072, 136.99772644, 137.462127686, 137.926528931, 138.390930176, 138.855331421, 139.319732666, 139.784118652, 140.236907959, 140.689697266, 141.142486572, 141.606887817, 142.059677124, 142.524078369, 142.976867676, 143.429656982, 143.882446289, 144.335235596, 144.799636841, 145.264038086, 145.728439331, 146.181228638, 146.634017944, 147.075195313, 147.539596558, 147.980773926, 148.445159912, 148.909561157, 149.373962402, 149.838363647, 150.302764893, 150.755554199, 151.196731567, 151.661132813, 152.113922119, 152.578323364, 153.042724609, 153.518722534, 154.006347656, 154.505569458, 154.99319458, 155.480819702, 155.956817627, 156.432830811, 156.908843994, 157.384857178], "beats_loudness": {"dmean2": 0.0215964373201, "median": 0.0381506085396, "min": 1.86747908804e-10, "dvar2": 0.000254347367445, "dvar": 8.69008072186e-05, "dmean": 0.0121504785493, "max": 0.0839127078652, "var": 0.000178478439921, "mean": 0.0377372838557}, "danceability": 1.25925505161, "bpm_histogram_second_peak_weight": {"dmean2": 0, "median": 0.0174418613315, "min": 0.0174418613315, "dvar2": 0, "dvar": 0, "dmean": 0, "max": 0.0174418613315, "var": 0, "mean": 0.0174418613315}, "beats_count": 345, "bpm_histogram_second_peak_bpm": {"dmean2": 0, "median": 126, "min": 126, "dvar2": 0, "dvar": 0, "dmean": 0, "max": 126, "var": 0, "mean": 126}, "bpm_histogram_first_peak_spread": {"dmean2": 0, "median": 0.519637465477, "min": 0.519637465477, "dvar2": 0, "dvar": 0, "dmean": 0, "max": 0.519637465477, "var": 0, "mean": 0.519637465477}, "beats_loudness_band_ratio": {"dmean2": [0.334223210812, 0.254613339901, 0.252860218287, 0.230716496706, 0.157045185566, 0.0686229541898], "median": [0.223072126508, 0.218424245715, 0.210968360305, 0.149714902043, 0.0965918749571, 0.0455591902137], "min": [0.00826930627227, 0.00246244901791, 0.00337666762061, 0.00877854414284, 0.0107053657994, 0.00327921751887], "dvar2": [0.0657918080688, 0.0399964824319, 0.0383402854204, 0.0666211768985, 0.0189339760691, 0.00663332501426], "dvar": [0.024227771908, 0.0146320043132, 0.0139133138582, 0.0230718068779, 0.00573701830581, 0.00267734541558], "dmean": [0.18612267077, 0.147698581219, 0.145252645016, 0.133989095688, 0.0851356908679, 0.0395750515163], "max": [0.846074819565, 0.730445563793, 0.741655349731, 0.830396354198, 0.515088260174, 0.691137075424], "var": [0.0271101910621, 0.0216206051409, 0.0182449035347, 0.0207921955734, 0.00571276433766, 0.00506963161752], "mean": [0.252444714308, 0.242084100842, 0.236143887043, 0.185095459223, 0.115343771875, 0.0620761923492]}}, "lowlevel": {"barkbands_spread": {"dmean2": 6.18312168121, "median": 16.1095676422, "min": 0.927225589752, "dvar2": 59.0232620239, "dvar": 28.2268371582, "dmean": 4.24561452866, "max": 139.026901245, "var": 210.638244629, "mean": 18.5971565247}, "melbands_spread": {"dmean2": 8.29553318024, "median": 20.0056877136, "min": 0.756790995598, "dvar2": 89.2525024414, "dvar": 39.2979011536, "dmean": 5.53740358353, "max": 183.604949951, "var": 376.491699219, "mean": 23.2365436554}, "hfc": {"dmean2": 7.96403503418, "median": 21.1230144501, "min": 1.20653464119e-16, "dvar2": 82.8035430908, "dvar": 48.2826766968, "dmean": 6.0061879158, "max": 119.728797913, "var": 270.841064453, "mean": 24.0262298584}, "barkbands_kurtosis": {"dmean2": 3.10219335556, "median": 1.26656031609, "min": -1.90654432774, "dvar2": 44.283000946, "dvar": 17.6084156036, "dmean": 1.9874535799, "max": 141.218170166, "var": 29.8546943665, "mean": 2.60285663605}, "gfcc": {"mean": [-11.7769088745, 117.550666809, -149.232330322, 28.5723514557, -74.2256011963, 9.81364250183, -44.9917106628, -1.45003628731, -24.5946483612, -12.1939468384, -17.729845047, -15.7635040283, -6.70748138428], "icov": [[0.00040506827645, -0.00109725212678, 0.00109820486978, -0.000986516010016, 0.000833077472635, -0.00119825615548, 0.00151839852333, -0.00111041509081, 0.000890346767846, -0.000530960969627, 0.000741232768632, -0.000481955881696, 0.000943224586081], [-0.00109725212678, 0.00454806815833, -0.00272952020168, 0.00222604582086, -0.00182798062451, 0.00291296769865, -0.00407220283523, 0.00341548491269, -0.00389564433135, 0.00352695770562, -0.00346021773294, 0.00334683293477, -0.00341357267462], [0.00109820486978, -0.00272952020168, 0.00571553455666, -0.00424639973789, 0.00136361410841, -0.0032532918267, 0.00295564904809, -0.0024611603003, 0.00189130054787, -0.00114030414261, 0.00322111416608, -0.00408029882237, 0.00393389491364], [-0.000986516010016, 0.00222604582086, -0.00424639973789, 0.00804539211094, -0.00231224065647, 0.00300772092305, -0.00277799298055, 0.00156471808441, -0.00111217156518, 0.00185472215526, -0.0018657190958, 0.00195575971156, -0.00249005760998], [0.000833077472635, -0.00182798062451, 0.00136361410841, -0.00231224065647, 0.00821340177208, -0.00437676534057, 0.00114825798664, -0.00144257571083, -0.000519785797223, -0.00031692389166, -0.00052430969663, 0.00160026457161, 0.00134750118013], [-0.00119825615548, 0.00291296769865, -0.0032532918267, 0.00300772092305, -0.00437676534057, 0.0126085830852, -0.00784166250378, 0.00333970179781, -0.000986106228083, -0.00267606717534, 0.00232714647427, -0.00108813901898, -0.000403729151003], [0.00151839852333, -0.00407220283523, 0.00295564904809, -0.00277799298055, 0.00114825798664, -0.00784166250378, 0.0190034192055, -0.00789516791701, 0.00198585912585, 0.00182456092443, -0.00280759111047, 0.00244079018012, 0.000311226205667], [-0.00111041509081, 0.00341548491269, -0.0024611603003, 0.00156471808441, -0.00144257571083, 0.00333970179781, -0.00789516791701, 0.0172129832208, -0.0084340814501, 0.000273003272014, 0.00382467894815, -0.00515325507149, 0.00169158901554], [0.000890346767846, -0.00389564433135, 0.00189130054787, -0.00111217156518, -0.000519785797223, -0.000986106228083, 0.00198585912585, -0.0084340814501, 0.0190547630191, -0.0070485798642, -0.00203581852838, 0.00305549823679, -0.002879235195], [-0.000530960969627, 0.00352695770562, -0.00114030414261, 0.00185472215526, -0.00031692389166, -0.00267606717534, 0.00182456092443, 0.000273003272014, -0.0070485798642, 0.020858835429, -0.0075822873041, -0.00293002882972, 0.00440986501053], [0.000741232768632, -0.00346021773294, 0.00322111416608, -0.0018657190958, -0.00052430969663, 0.00232714647427, -0.00280759111047, 0.00382467894815, -0.00203581852838, -0.0075822873041, 0.0213268827647, -0.00810903590173, 0.0014796993928], [-0.000481955881696, 0.00334683293477, -0.00408029882237, 0.00195575971156, 0.00160026457161, -0.00108813901898, 0.00244079018012, -0.00515325507149, 0.00305549823679, -0.00293002882972, -0.00810903590173, 0.0258535966277, -0.0111041739583], [0.000943224586081, -0.00341357267462, 0.00393389491364, -0.00249005760998, 0.00134750118013, -0.000403729151003, 0.000311226205667, 0.00169158901554, -0.002879235195, 0.00440986501053, 0.0014796993928, -0.0111041739583, 0.0284746661782]], "cov": [[19616.0878906, 2119.93676758, -1645.9140625, 303.106964111, -989.333679199, 88.3112258911, -668.625671387, 53.367893219, -314.156158447, -149.270294189, -346.235229492, -210.88432312, -162.433929443], [2119.93676758, 1536.83666992, -291.161865234, 23.4721813202, 87.5290298462, -157.591369629, 128.59362793, -140.417694092, 154.531585693, -203.137588501, 138.820251465, -207.309829712, 115.879760742], [-1645.9140625, -291.161865234, 609.335998535, 142.575485229, 80.9884490967, 86.6954116821, 33.2550163269, 59.166885376, -14.1065998077, 35.3768119812, -39.8230476379, 78.8335418701, -32.6732635498], [303.106964111, 23.4721813202, 142.575485229, 225.820907593, 19.1598873138, 7.76758337021, -0.372490435839, 13.8078374863, -12.3490362167, -16.4296340942, -17.4359607697, 1.51183605194, -5.99770689011], [-989.333679199, 87.5290298462, 80.9884490967, 19.1598873138, 251.933425903, 41.5037994385, 91.8539886475, -4.854845047, 64.2373886108, -5.58794546127, 44.4615249634, -29.6902866364, 15.1742362976], [88.3112258911, -157.591369629, 86.6954116821, 7.76758337021, 41.5037994385, 180.097442627, 23.7295398712, 39.539894104, -14.7537021637, 46.7295532227, -35.4963798523, 28.4116954803, -30.9390869141], [-668.625671387, 128.59362793, 33.2550163269, -0.372490435839, 91.8539886475, 23.7295398712, 143.062789917, 11.8995265961, 52.747127533, -20.4616985321, 42.0387573242, -25.057516098, 23.2026786804], [53.367893219, -140.417694092, 59.166885376, 13.8078374863, -4.854845047, 39.539894104, 11.8995265961, 122.334068298, 19.9589958191, 35.8667869568, -26.8873939514, 37.5081176758, -19.6874694824], [-314.156158447, 154.531585693, -14.1065998077, -12.3490362167, 64.2373886108, -14.7537021637, 52.747127533, 19.9589958191, 120.09740448, 11.1470842361, 49.9711647034, -19.2219028473, 25.114233017], [-149.270294189, -203.137588501, 35.3768119812, -16.4296340942, -5.58794546127, 46.7295532227, -20.4616985321, 35.8667869568, 11.1470842361, 107.873123169, 9.23829746246, 44.647151947, -25.3603572845], [-346.235229492, 138.820251465, -39.8230476379, -17.4359607697, 44.4615249634, -35.4963798523, 42.0387573242, -26.8873939514, 49.9711647034, 9.23829746246, 106.424095154, -2.53802657127, 27.7204456329], [-210.88432312, -207.309829712, 78.8335418701, 1.51183605194, -29.6902866364, 28.4116954803, -25.057516098, 37.5081176758, -19.2219028473, 44.647151947, -2.53802657127, 92.7531051636, -1.32805049419], [-162.433929443, 115.879760742, -32.6732635498, -5.99770689011, 15.1742362976, -30.9390869141, 23.2026786804, -19.6874694824, 25.114233017, -25.3603572845, 27.7204456329, -1.32805049419, 62.6486167908]]}, "spectral_energyband_middle_low": {"dmean2": 0.0112576754764, "median": 0.0165649801493, "min": 3.4221351524e-22, "dvar2": 0.000170456492924, "dvar": 7.22233453416e-05, "dmean": 0.00734397070482, "max": 0.116797938943, "var": 0.000161157309776, "mean": 0.0191486887634}, "melbands_crest": {"dmean2": 5.45330810547, "median": 11.6972579956, "min": 2.05185437202, "dvar2": 21.574798584, "dvar": 8.78020477295, "dmean": 3.37165307999, "max": 33.2113990784, "var": 23.7599067688, "mean": 12.6365098953}, "spectral_kurtosis": {"dmean2": 3.23877906799, "median": 4.01088571548, "min": -1.23046314716, "dvar2": 11.8093957901, "dvar": 4.26925754547, "dmean": 1.91921782494, "max": 26.8227558136, "var": 9.14262676239, "mean": 4.81053876877}, "spectral_rms": {"dmean2": 0.00111212511547, "median": 0.0054703745991, "min": 3.23571096132e-12, "dvar2": 1.24207531371e-06, "dvar": 5.84750296184e-07, "dmean": 0.00075920537347, "max": 0.0110071832314, "var": 2.73064574685e-06, "mean": 0.00526437815279}, "zerocrossingrate": {"dmean2": 0.00926872994751, "median": 0.04931640625, "min": 0.00927734375, "dvar2": 0.000144256860949, "dvar": 0.000101632467704, "dmean": 0.008032345213, "max": 0.51416015625, "var": 0.00357897067443, "mean": 0.0590064637363}, "silence_rate_60dB": {"dmean2": 0.00940899737179, "median": 0, "min": 0, "dvar2": 0.0104959113523, "dvar": 0.00468239793554, "dmean": 0.00470380717888, "max": 1, "var": 0.0351197049022, "mean": 0.036449149251}, "erbbands_kurtosis": {"dmean2": 1.18963074684, "median": -0.0157180540264, "min": -1.63953733444, "dvar2": 2.80296015739, "dvar": 1.27987527847, "dmean": 0.789968132973, "max": 33.2261238098, "var": 4.34076786041, "mean": 0.516469240189}, "erbbands": {"dmean2": [0.00322246016003, 0.206920057535, 1.76577532291, 8.25877952576, 20.7467937469, 17.9439620972, 17.1435565948, 17.3796463013, 34.9734115601, 29.743347168, 31.7112998962, 34.1914024353, 66.3139724731, 40.6796798706, 32.3465843201, 36.353302002, 33.1180343628, 43.9695129395, 37.1538696289, 33.6846694946, 25.734292984, 17.2941856384, 15.2306041718, 10.653421402, 8.44866943359, 6.97522449493, 5.27623414993, 4.09901428223, 3.34104657173, 2.58150887489, 2.87780976295, 1.02734315395, 0.623135626316, 0.39690643549, 0.244139388204, 0.0615739636123, 0.00586734013632, 0.000130523985717, 1.19484584502e-05, 1.50812556967e-05], "median": [0.00263581075706, 0.150002837181, 1.50295519829, 4.71295070648, 7.52728796005, 9.08780670166, 10.6739816666, 11.6741428375, 18.0475959778, 20.1134338379, 25.2350273132, 26.5068130493, 34.1572647095, 29.4316310883, 19.700088501, 26.4852180481, 20.0049743652, 17.364440918, 22.7444286346, 24.8000240326, 19.7711410522, 14.1073551178, 12.5434093475, 8.57800865173, 6.87672185898, 5.96684026718, 4.05703687668, 2.57625341415, 1.75796508789, 1.27130508423, 0.946482896805, 0.485238522291, 0.266139656305, 0.113952346146, 0.0401518680155, 0.00910916458815, 0.000677899224684, 2.36904106714e-05, 2.0034813133e-05, 3.76274219889e-05], "min": [2.98067521076e-22, 1.54074909888e-21, 1.25530094406e-20, 1.480652004e-20, 3.71215362147e-20, 8.35976450521e-20, 1.29820478295e-19, 4.14987181687e-19, 8.71116931174e-19, 6.88439779759e-19, 5.14421141405e-19, 1.18778782925e-18, 1.11520335088e-18, 6.70168807593e-19, 2.47011226955e-18, 3.77818591173e-18, 5.40285797029e-18, 3.53769721071e-18, 4.06626975803e-18, 4.03427482553e-18, 5.47646215556e-18, 8.76531200515e-18, 8.59487557583e-18, 7.88053811526e-18, 1.04397836453e-17, 1.28766362232e-17, 1.41675127804e-17, 1.97929083917e-17, 1.83994581298e-17, 1.44338483941e-17, 1.41991276235e-17, 1.55016740448e-17, 1.4141130682e-17, 1.14268301461e-17, 7.96189050133e-18, 5.67103736951e-18, 3.0888961005e-18, 1.3888351111e-18, 3.33026792023e-19, 4.01662006414e-20], "dvar2": [2.7952970413e-05, 0.119942478836, 7.14190721512, 201.025161743, 1050.25061035, 679.747192383, 886.24810791, 984.138000488, 3787.49755859, 3476.37304688, 2479.1940918, 4019.43725586, 19731.4746094, 6904.60449219, 6130.171875, 3852.39941406, 7475.0625, 13606.2636719, 6614.43164063, 3649.64770508, 1806.40661621, 809.70526123, 582.629577637, 288.867889404, 166.914093018, 101.965019226, 79.2990188599, 47.596622467, 45.0323257446, 33.7288284302, 59.8275566101, 5.01562833786, 2.17046427727, 1.27217483521, 0.772915482521, 0.0323726274073, 0.000272267439868, 1.37169777759e-07, 4.84485507268e-10, 2.56871524051e-10], "dvar": [1.38869127113e-05, 0.0595240034163, 2.9614572525, 85.0760040283, 416.145233154, 291.225311279, 363.654724121, 403.031921387, 1518.26611328, 1503.94506836, 1178.31274414, 1987.28662109, 8305.43847656, 2868.25097656, 2499.63598633, 1976.55712891, 4277.85693359, 8792.6015625, 3081.09130859, 1781.66137695, 793.84552002, 371.726837158, 247.582229614, 131.650497437, 80.888458252, 47.7874832153, 36.4298973083, 23.3182220459, 22.1048774719, 16.1923389435, 28.6244564056, 2.42221689224, 1.01015651226, 0.596335291862, 0.358171284199, 0.0157408118248, 0.000127461084048, 6.61105588051e-08, 2.48995685181e-10, 1.18794141191e-10], "dmean": [0.00222916528583, 0.144672498107, 1.17362189293, 5.15221691132, 12.6204900742, 11.2972669601, 10.6328353882, 10.6970243454, 21.6871547699, 19.3594512939, 21.3082256317, 23.605682373, 42.3727073669, 27.2429008484, 20.8134632111, 23.3911304474, 23.0587558746, 31.376947403, 24.3433456421, 22.4007167816, 16.7759437561, 11.3957433701, 9.92817020416, 7.03931331635, 5.66720342636, 4.68825674057, 3.67877221107, 2.8794054985, 2.3189868927, 1.80503296852, 1.99063289165, 0.738477706909, 0.442787915468, 0.281619489193, 0.168139338493, 0.0429247431457, 0.00399026880041, 9.07738358364e-05, 8.67402741278e-06, 1.0308885976e-05], "max": [0.0580668635666, 3.68580937386, 28.3896484375, 181.419235229, 205.663482666, 249.366851807, 634.981323242, 536.413024902, 692.243835449, 906.859680176, 919.805419922, 1207.66235352, 2003.41943359, 1279.75427246, 2211.38793945, 2654.79052734, 1908.1907959, 3821.19335938, 1607.37402344, 1233.79321289, 491.977050781, 509.972106934, 439.546875, 268.611480713, 227.713150024, 130.152557373, 109.652503967, 90.5878829956, 124.028167725, 76.5533905029, 100.514595032, 28.5302944183, 18.1986980438, 15.4105482101, 12.1703424454, 2.37720727921, 0.224841177464, 0.00489854067564, 0.00028412300162, 0.000135526468512], "var": [3.53109462594e-05, 0.171922922134, 9.10929870605, 161.204421997, 471.379516602, 478.151611328, 812.458251953, 1154.68151855, 3007.42333984, 3408.64892578, 3023.22216797, 5182.2890625, 19468.359375, 5620.13427734, 5120.18945313, 10660.1337891, 15619.8710938, 60456.4140625, 8031.328125, 5806.32177734, 1967.5255127, 856.690246582, 691.139282227, 381.846832275, 202.573043823, 116.18863678, 71.3388824463, 53.5893745422, 55.052230835, 31.0471820831, 48.7541046143, 4.46867895126, 1.81608569622, 1.10722339153, 0.684551239014, 0.033455889672, 0.000234228660702, 1.30123581243e-07, 6.16041162527e-10, 3.87652993039e-10], "mean": [0.00473025487736, 0.306111752987, 2.6244623661, 8.31428432465, 15.780462265, 16.6792297363, 18.8151931763, 20.0664291382, 35.4342308044, 36.2592048645, 41.686580658, 47.5811347961, 76.3993225098, 51.877746582, 38.6639633179, 45.9072341919, 47.3878746033, 73.2151489258, 47.4409141541, 46.9300956726, 33.2921676636, 22.827413559, 20.0130252838, 14.3125219345, 11.2827425003, 9.52672958374, 7.02408504486, 5.32438564301, 4.27115249634, 3.21523094177, 3.26414203644, 1.30082821846, 0.770980596542, 0.468552857637, 0.258647799492, 0.0667556747794, 0.00577087281272, 0.000142044504173, 2.54897695413e-05, 3.82274847652e-05]}, "spectral_strongpeak": {"dmean2": 1.11574435234, "median": 0.760245740414, "min": 0, "dvar2": 2.03731393814, "dvar": 0.909038066864, "dmean": 0.685118913651, "max": 17.0102138519, "var": 3.38845515251, "mean": 1.39970445633}, "spectral_energy": {"dmean2": 0.0129504315555, "median": 0.0306731238961, "min": 1.07315706564e-20, "dvar2": 0.000197974950424, "dvar": 8.69735595188e-05, "dmean": 0.00866119749844, "max": 0.124187037349, "var": 0.00025800630101, "mean": 0.0312055666}, "average_loudness": 0.967028617859, "spectral_rolloff": {"dmean2": 562.578857422, "median": 1184.32617188, "min": 150.732421875, "dvar2": 760066.25, "dvar": 352945.8125, "dmean": 351.032928467, "max": 19315.2832031, "var": 5210508, "mean": 1557.23999023}, "spectral_centroid": {"dmean2": 295.921875, "median": 1092.9666748, "min": 207.546432495, "dvar2": 94548.7734375, "dvar": 46497.3398438, "dmean": 200.78704834, "max": 11541.6914063, "var": 314673.75, "mean": 1157.60754395}, "pitch_salience": {"dmean2": 0.109064131975, "median": 0.592274069786, "min": 0.071752011776, "dvar2": 0.00904203020036, "dvar": 0.00349835492671, "dmean": 0.0672938451171, "max": 0.898433446884, "var": 0.00984344631433, "mean": 0.584001421928}, "spectral_energyband_middle_high": {"dmean2": 0.00362035399303, "median": 0.0063132988289, "min": 1.35669192102e-21, "dvar2": 2.54940223385e-05, "dvar": 1.32369123094e-05, "dmean": 0.0026170166675, "max": 0.0742540359497, "var": 8.44974347274e-05, "mean": 0.00889656599611}, "spectral_contrast_coeffs": {"dmean2": [0.0998106896877, 0.0755063816905, 0.0618256404996, 0.0491077080369, 0.0344949550927, 0.0289088822901], "median": [-0.566203892231, -0.729113221169, -0.745805621147, -0.770129799843, -0.797421216965, -0.739580512047], "min": [-0.967344880104, -0.983797967434, -0.980509877205, -0.974258899689, -0.969393193722, -0.958849549294], "dvar2": [0.00714135402814, 0.00369612453505, 0.00249640946276, 0.00154315889813, 0.000764918397181, 0.000522789079696], "dvar": [0.00304877618328, 0.00142281455919, 0.000985679216683, 0.000621459214017, 0.00031333451625, 0.00020574159862], "dmean": [0.062692143023, 0.0461016856134, 0.0383320264518, 0.0305040683597, 0.0212868321687, 0.0176577344537], "max": [-0.209000453353, -0.42389190197, -0.507919371128, -0.539492487907, -0.616609156132, -0.648309350014], "var": [0.0095247020945, 0.00552793685347, 0.00439624208957, 0.00324617768638, 0.00153297325596, 0.0011849134462], "mean": [-0.557529807091, -0.725417017937, -0.743679404259, -0.766622066498, -0.796539604664, -0.743796825409]}, "melbands_skewness": {"dmean2": 0.852228403091, "median": 1.80899572372, "min": -2.39681005478, "dvar2": 0.832812905312, "dvar": 0.366808503866, "dmean": 0.568702995777, "max": 14.2315330505, "var": 1.59250843525, "mean": 1.91437339783}, "spectral_spread": {"dmean2": 541493.375, "median": 3577051, "min": 1617246.875, "dvar2": 592799793152, "dvar": 340409450496, "dmean": 394316.375, "max": 40816592, "var": 2193697144830.0, "mean": 3830542.25}, "dissonance": {"dmean2": 0.030837200582, "median": 0.468099713326, "min": 0.328119933605, "dvar2": 0.000794045627117, "dvar": 0.000295750622172, "dmean": 0.018594359979, "max": 0.500000119209, "var": 0.000647720356937, "mean": 0.462746977806}, "spectral_skewness": {"dmean2": 0.358562618494, "median": 1.52808713913, "min": -0.0535600930452, "dvar2": 0.105260759592, "dvar": 0.042779032141, "dmean": 0.223716646433, "max": 3.62378883362, "var": 0.154450416565, "mean": 1.59017372131}, "spectral_flux": {"dmean2": 0.0378502570093, "median": 0.0852917581797, "min": 6.69906283224e-11, "dvar2": 0.00138681835961, "dvar": 0.000618740625214, "dmean": 0.0245047770441, "max": 0.278887718916, "var": 0.00166096049361, "mean": 0.0896467640996}, "spectral_contrast_valleys": {"dmean2": [0.744993329048, 0.543943464756, 0.492707580328, 0.424828022718, 0.337801724672, 0.415047556162], "median": [-7.49595785141, -6.17806434631, -6.7976899147, -7.15961313248, -7.27090167999, -10.3243999481], "min": [-27.5703315735, -27.701461792, -27.6077232361, -27.3459682465, -27.2853736877, -27.3191509247], "dvar2": [0.380597829819, 0.219678640366, 0.19378067553, 0.145618125796, 0.108789123595, 0.163414418697], "dvar": [0.162521466613, 0.0974136739969, 0.0916954576969, 0.0751885399222, 0.0679744184017, 0.118058174849], "dmean": [0.468142837286, 0.336945563555, 0.313411146402, 0.280723899603, 0.244412466884, 0.339904606342], "max": [-5.89627170563, -4.6679983139, -5.24028301239, -5.56286907196, -5.82803297043, -8.38332557678], "var": [2.33818864822, 2.36076617241, 2.14786434174, 1.99834883213, 1.79793441296, 1.65156841278], "mean": [-7.81706094742, -6.42338323593, -7.0008225441, -7.41163682938, -7.49264621735, -10.4923343658]}, "erbbands_flatness_db": {"dmean2": 0.021572669968, "median": 0.186989217997, "min": 0.0477978438139, "dvar2": 0.000359466095688, "dvar": 0.000219134075451, "dmean": 0.0162599030882, "max": 0.344972252846, "var": 0.0018235713942, "mean": 0.187610641122}, "spectral_energyband_high": {"dmean2": 0.000347804976627, "median": 0.00027594625135, "min": 7.95317922319e-21, "dvar2": 3.92567642393e-07, "dvar": 2.15799545344e-07, "dmean": 0.000265513226623, "max": 0.00685593066737, "var": 5.38061954103e-07, "mean": 0.000566058675759}, "spectral_entropy": {"dmean2": 0.195956170559, "median": 7.50584936142, "min": 5.76756954193, "dvar2": 0.0350995212793, "dvar": 0.0190441738814, "dmean": 0.142128288746, "max": 9.80718803406, "var": 0.134286701679, "mean": 7.49922609329}, "silence_rate_20dB": {"dmean2": 0, "median": 1, "min": 1, "dvar2": 0, "dvar": 0, "dmean": 0, "max": 1, "var": 0, "mean": 1}, "melbands_flatness_db": {"dmean2": 0.0334730111063, "median": 0.180857077241, "min": 0.00766618782654, "dvar2": 0.000977725838311, "dvar": 0.00049328134628, "dmean": 0.0235379002988, "max": 0.417188823223, "var": 0.00294404290617, "mean": 0.185886517167}, "barkbands": {"dmean2": [3.92222455048e-06, 0.000632267328911, 0.00185183377471, 0.00434000790119, 0.00573197426274, 0.00223696953617, 0.00263064377941, 0.00129142333753, 0.00158881267998, 0.00200969586149, 0.000985020655207, 0.000850266136695, 0.000848671246786, 0.0008789949934, 0.000839658721816, 0.000484440068249, 0.000435365363955, 0.00026786068338, 0.000185482116649, 0.000155669462401, 0.000107745901914, 9.33674964472e-05, 8.82726817508e-05, 3.76711905119e-05, 3.32630952471e-05, 6.98283383826e-06, 2.25717911029e-09], "median": [7.40799976029e-07, 0.000377264688723, 0.00139288976789, 0.00173271237873, 0.00275638187304, 0.00151789432857, 0.00143508566543, 0.000834290985949, 0.00109368050471, 0.00121270061936, 0.000469289836474, 0.000568184826989, 0.000360276026186, 0.000276748585748, 0.00046824029414, 0.000335156742949, 0.000257138046436, 0.000205848817131, 0.000141659926157, 0.000127270788653, 7.63389543863e-05, 4.77335634059e-05, 3.