{"tonal": {"thpcp": [1, 0.915617763996, 0.449828445911, 0.396553337574, 0.419046282768, 0.335252523422, 0.602951645851, 0.949331462383, 0.898035049438, 0.805485665798, 0.810320913792, 0.70404779911, 0.538213968277, 0.405663311481, 0.379230409861, 0.486067324877, 0.480037093163, 0.35612526536, 0.37814950943, 0.458016961813, 0.427272677422, 0.516949653625, 0.688558995724, 0.583549022675, 0.561580359936, 0.740570306778, 0.579495608807, 0.41041123867, 0.485258758068, 0.43274846673, 0.38050609827, 0.354957610369, 0.259978234768, 0.272594690323, 0.319732695818, 0.534251093864], "hpcp": {"dmean2": [0.217377215624, 0.184783384204, 0.174369111657, 0.153039604425, 0.153906017542, 0.142325460911, 0.150177419186, 0.162267848849, 0.180648639798, 0.190478235483, 0.205511018634, 0.23728659749, 0.209695875645, 0.182168260217, 0.191860169172, 0.186590492725, 0.183023378253, 0.183814480901, 0.140690326691, 0.110157728195, 0.100789405406, 0.109420321882, 0.118704788387, 0.226162791252, 0.354531139135, 0.294502854347, 0.201137468219, 0.151441454887, 0.125911802053, 0.139018699527, 0.250530034304, 0.322504281998, 0.339678049088, 0.330924749374, 0.311933100224, 0.282491654158], "median": [0.0264901854098, 0.0174488127232, 0.0190439410508, 0.0232106857002, 0.0208942443132, 0.0225515905768, 0.0284399203956, 0.0245275646448, 0.0196941196918, 0.0244860034436, 0.0298498421907, 0.0321132540703, 0.0286897514015, 0.0221375748515, 0.0251058861613, 0.0250274091959, 0.0241618361324, 0.0207606144249, 0.0188323035836, 0.0148521307856, 0.0151049252599, 0.0159608703107, 0.0158906560391, 0.0286859497428, 0.0459714233875, 0.0527405031025, 0.0299545507878, 0.014550565742, 0.0121285067871, 0.0204038824886, 0.0285350102931, 0.0350462682545, 0.0544088892639, 0.0506537035108, 0.0405207760632, 0.0398480407894], "min": [0, 0, 0, 0, 0, 0, 0, 0, 0, 0, 0, 0, 0, 0, 0, 0, 0, 0, 0, 0, 0, 0, 0, 0, 0, 0, 0, 0, 0, 0, 0, 0, 0, 0, 0, 0], "dvar2": [0.126991391182, 0.115929670632, 0.108148127794, 0.0878141969442, 0.0944077447057, 0.0781988725066, 0.08063583076, 0.0932750478387, 0.117918200791, 0.10747551918, 0.105358816683, 0.135254725814, 0.104161851108, 0.0891686454415, 0.0948298126459, 0.100507266819, 0.112474888563, 0.114830672741, 0.0721444487572, 0.0508907623589, 0.0473690517247, 0.0539329722524, 0.0502398423851, 0.0934132859111, 0.19897775352, 0.132774710655, 0.10634444654, 0.0864551365376, 0.0644892454147, 0.0634072944522, 0.137012451887, 0.201621264219, 0.19983240962, 0.177868023515, 0.190399304032, 0.162494078279], "dvar": [0.0446623526514, 0.039760556072, 0.0363391153514, 0.0311041362584, 0.0333659760654, 0.0268284976482, 0.0275552924722, 0.0338454246521, 0.0419853441417, 0.0395821817219, 0.0422676876187, 0.0505937747657, 0.0398452095687, 0.0386734418571, 0.036637801677, 0.0344974957407, 0.0438764728606, 0.0414538122714, 0.0259353108704, 0.0201287362725, 0.0177561622113, 0.0193840488791, 0.0188229493797, 0.0366729125381, 0.0888530015945, 0.0572704747319, 0.0386699177325, 0.0312719680369, 0.0246294811368, 0.0233255438507, 0.0532481558621, 0.0813732892275, 0.0753811076283, 0.0686590373516, 0.0704792290926, 0.0601054318249], "dmean": [0.119775056839, 0.10178232193, 0.0956272557378, 0.0863699316978, 0.0876071825624, 0.079905949533, 0.0840586349368, 0.0916358232498, 0.100444033742, 0.109321780503, 0.118828222156, 0.135064214468, 0.120560072362, 0.107836790383, 0.111046791077, 0.105843864381, 0.104339942336, 0.102895721793, 0.0807289332151, 0.0648419260979, 0.0585013851523, 0.0619161576033, 0.0677243322134, 0.130578443408, 0.206301406026, 0.177291497588, 0.112430840731, 0.0838430970907, 0.0719810724258, 0.0785721242428, 0.144616961479, 0.182366341352, 0.193720296025, 0.187640249729, 0.173735409975, 0.15873926878], "max": [1, 1, 1, 1, 1, 1, 1, 1, 1, 1, 1, 1, 1, 1, 1, 1, 1, 1, 1, 1, 1, 1, 1, 1, 1, 1, 1, 1, 1, 1, 1, 1, 1, 1, 1, 1], "var": [0.0526473298669, 0.0379883870482, 0.0321720205247, 0.0504467375576, 0.0508554838598, 0.026407090947, 0.0255437642336, 0.0450496971607, 0.0429143533111, 0.0466269850731, 0.0741873458028, 0.0532087385654, 0.0467007793486, 0.0879724621773, 0.0547292269766, 0.0313161984086, 0.0516575239599, 0.0412120074034, 0.0308374576271, 0.0323601067066, 0.0168035905808, 0.0195456426591, 0.0250592119992, 0.0382927879691, 0.112716950476, 0.0851740837097, 0.0325347594917, 0.038955077529, 0.04647391662, 0.0228806361556, 0.0561958402395, 0.112120844424, 0.0886541008949, 0.0735674127936, 0.0841658264399, 0.0664091482759], "mean": [0.122712805867, 0.0924912467599, 0.0864645466208, 0.110823363066, 0.109448470175, 0.0811965689063, 0.0862180963159, 0.104427881539, 0.0974181815982, 0.117864541709, 0.15699146688, 0.133049190044, 0.128040343523, 0.168850049376, 0.132125020027, 0.0935737714171, 0.11063901335, 0.0986666604877, 0.0867554023862, 0.0809303447604, 0.0592750422657, 0.0621515996754, 0.0728990659118, 0.121809266508, 0.228000029922, 0.208760872483, 0.102560900152, 0.0904141739011, 0.0955425649881, 0.0764375850558, 0.137472987175, 0.216447606683, 0.204752013087, 0.183650761843, 0.184753194451, 0.160522922873]}, "tuning_equal_tempered_deviation": 0.25517553091, "chords_changes_rate": 0.0838404297829, "key_key": "F", "tuning_diatonic_strength": 0.535144090652, "key_scale": "minor", "chords_number_rate": 0.00144885538612, "tuning_frequency": 434.193115234, "tuning_nontempered_energy_ratio": 0.906580269337, "chords_histogram": [16.9322910309, 2.59828066826, 1.55510485172, 0.241475895047, 0.309089154005, 4.05679512024, 3.46759390831, 4.79088163376, 0.115908429027, 13.5516271591, 0.0386361442506, 3.70906972885, 0.0482951812446, 0.00965903606266, 2.6852118969, 0.521587967873, 3.0039601326, 0.0289771072567, 1.1204482317, 2.85907459259, 0.444315671921, 4.22099876404, 1.68067228794, 32.0100440979], "key_strength": 0.645851433277, "chords_key": "C#", "chords_strength": {"dmean2": 0.0127951009199, "median": 0.474113672972, "min": -1, "dvar2": 0.000570426345803, "dvar": 0.000310876203002, "dmean": 0.0115083791316, "max": 0.749760270119, "var": 0.0143408933654, "mean": 0.476561456919}, "chords_scale": "major", "hpcp_entropy": {"dmean2": 1.07677268982, "median": 2.616096735, "min": 0, "dvar2": 0.783280134201, "dvar": 0.301097631454, "dmean": 0.660162806511, "max": 4.7793712616, "var": 0.699928820133, "mean": 2.63606572151}}, "metadata": {"audio_properties": {"equal_loudness": 0, "codec": "mp3", "downmix": "mix", "sample_rate": 44100, "analysis_sample_rate": 44100, "bit_rate": 143033, "md5_encoded": "f027b15a5a0657581be119f9cc9da723", "length": 480.705291748, "replay_gain": -10.0349502563, "lossless": false}, "version": {"essentia_build_sha": "70f2e5ece6736b2c40cc944ad0e695b16b925413", "essentia": "2.1-beta2", "extractor": "music 1.0", "essentia_git_sha": "v2.1_beta2"}, "tags": {"title": ["Side Effect"], "barcode": ["5036742002045"], "media": ["CD"], "albumartist": ["Ed Rush & Optical"], "musicbrainz_recordingid": ["064695ac-2100-4647-911c-38f5611db206"], "musicbrainz_albumartistid": ["50c35b52-700a-4dc9-8d36-fd656b556886"], "originalyear": ["2005"], "discnumber": ["1/2"], "album": ["Virus Vaults"], "catalognumber": ["VRSCD 005"], "musicbrainz album release country": ["GB"], "musicbrainz album type": ["album/compilation"], "musicbrainz album status": ["official"], "file_name": "08. Ed Rush, Optical & Fierce - Side Effect.mp3", "originaldate": ["2005"], "date": ["2005"], "genre": ["Drum & Bass"], "musicbrainz_releasegroupid": ["0874ff2b-735a-3159-b40d-775641930295"], "script": ["Latn"], "asin": ["B000B6ETLO"], "musicbrainz_albumid": ["eab6c3bc-eea4-43a8-8db8-d02e57030991"], "artist": ["Ed Rush, Optical & Fierce"], "artistsort": ["Rush, Ed & Optical & Fierce"], "tracknumber": ["8/10"], "label": ["Virus Recordings"], "albumartistsort": ["Rush, Ed & Optical"], "musicbrainz_artistid": ["50c35b52-700a-4dc9-8d36-fd656b556886/90a60c2c-3a13-4670-b72e-5452a61b0e83"]}}, "rhythm": {"bpm_histogram_first_peak_bpm": {"dmean2": 0, "median": 85, "min": 85, "dvar2": 0, "dvar": 0, "dmean": 0, "max": 85, "var": 0, "mean": 85}, "bpm": 85.0382766724, "bpm_histogram_second_peak_spread": {"dmean2": 0, "median": 0.534482717514, "min": 0.534482717514, "dvar2": 0, "dvar": 0, "dmean": 0, "max": 0.534482717514, "var": 0, "mean": 0.534482717514}, "bpm_histogram_first_peak_weight": {"dmean2": 0, "median": 0.736111104488, "min": 0.736111104488, "dvar2": 0, "dvar": 0, "dmean": 0, "max": 0.736111104488, "var": 0, "mean": 0.736111104488}, "onset_rate": 3.46145486832, "beats_position": [0.545668900013, 1.10294783115, 1.67183673382, 2.24072551727, 2.80961441994, 3.41333317757, 4.02866220474, 4.62077093124, 5.21287965775, 5.80498838425, 6.38548755646, 6.96598625183, 7.53487491608, 8.10376358032, 8.67265319824, 9.24154186249, 9.81043052673, 10.3677091599, 10.9017686844, 11.4242172241, 11.9350566864, 12.4575052261, 12.9799547195, 13.5488433838, 14.1293420792, 14.6982307434, 15.301949501, 15.8940582275, 16.4861679077, 17.0782756805, 17.6703853607, 18.2508831024, 18.8313827515, 19.4234924316, 20.0156002045, 20.5960998535, 21.1765975952, 21.7687072754, 22.3027667999, 22.8368244171, 23.3708839417, 23.8933334351, 24.4157810211, 24.9382305145, 25.4606800079, 25.9831295013, 26.5055770874, 27.0280265808, 27.5388660431, 28.0497055054, 28.5605430603, 29.0829925537, 29.6054420471, 30.0698413849, 30.5226306915, 30.9754180908, 31.4514274597, 31.9274368286, 32.4034461975, 32.8794555664, 33.3554649353, 33.8314743042, 34.2958717346, 34.7602729797, 35.2246704102, 35.7355079651, 36.2347373962, 36.7455787659, 37.2680282593, 37.790473938, 38.3129234314, 38.823764801, 39.334602356, 39.8454399109, 40.3795013428, 40.9251708984, 41.4708366394, 42.0745582581, 42.6666641235, 43.1891136169, 43.7115631104, 44.2340126038, 44.7564620972, 45.2789115906, 45.7897491455, 46.3005905151, 46.8114280701, 47.322265625, 47.8331069946, 48.3323364258, 48.8315620422, 49.3307914734, 49.8300209045, 50.3408622742, 50.8516998291, 51.3509292603, 51.8501586914, 52.4190483093, 52.9879341125, 53.4987754822, 53.9980049133, 54.4972343445, 55.0080718994, 55.5189094543, 56.029750824, 56.5986366272, 57.1675262451, 57.736415863, 58.2588653564, 58.7813148499, 59.315372467, 59.8378219604, 60.3602714539, 60.8827209473, 61.4167785645, 61.9508361816, 62.5197257996, 63.0886154175, 63.6575050354, 64.2147827148, 64.7836685181, 65.3409500122, 65.8634033203, 66.385848999, 66.8966903687, 67.4075241089, 67.9183654785, 68.3943786621, 68.8703842163, 69.3463897705, 69.8224029541, 70.2868041992, 70.7628097534, 71.238822937, 71.7148284912, 72.1908340454, 72.666847229, 73.1428527832, 73.6188659668, 74.094871521, 74.6753692627, 75.2558746338, 75.8479766846, 76.4400863647, 77.0205917358, 77.6126937866, 78.2048034668, 78.7620849609, 79.3077545166, 79.8650360107, 80.4223098755, 80.9679794312, 81.5136489868, 82.0593185425, 82.6049880981, 83.1506576538, 83.742767334, 84.3232650757, 84.9153747559, 85.507484436, 86.0995864868, 86.7033081055, 87.3070297241, 88.0268478394, 88.7466659546, 89.4548721313, 90.1630859375, 90.8596801758, 91.5562820435, 92.2644882202, 92.972694397, 93.6692962646, 94.3775024414, 95.0857162476, 95.7823104858, 96.4905166626, 97.1987304688, 97.9069366455, 98.6151428223, 99.3117446899, 100.019950867, 100.728164673, 101.424758911, 102.132965088, 102.841178894, 103.549385071, 104.257591248, 104.954193115, 105.662399292, 106.370613098, 107.067207336, 107.775421143, 108.483627319, 109.191833496, 109.900039673, 110.596641541, 111.304847717, 112.013061523, 112.709655762, 113.417869568, 114.126075745, 114.834281921, 115.542495728, 116.239089966, 116.947296143, 117.655509949, 118.363716125, 119.071922302, 119.76852417, 120.476730347, 121.184944153, 121.881538391, 122.589744568, 123.297958374, 124.006164551, 124.714370728, 125.410972595, 126.119178772, 126.827392578, 127.523986816, 128.232192993, 128.94039917, 129.648620605, 130.356826782, 131.053421021, 131.761627197, 132.469833374, 133.166442871, 133.874649048, 134.582855225, 135.291061401, 135.999267578, 136.695877075, 137.404083252, 138.112289429, 138.808883667, 139.517089844, 140.225296021, 140.933517456, 141.641723633, 142.338317871, 143.046524048, 143.754730225, 144.46295166, 145.171157837, 145.867752075, 146.575958252, 147.284164429, 147.992385864, 148.700592041, 149.397186279, 150.105392456, 150.813598633, 151.51020813, 152.218414307, 152.926620483, 153.623214722, 154.331420898, 155.039627075, 155.747848511, 156.456054688, 157.152648926, 157.860855103, 158.569061279, 159.277282715, 159.985488892, 160.68208313, 161.390289307, 162.098495483, 162.79510498, 163.503311157, 164.211517334, 164.919723511, 165.627929688, 166.324539185, 167.032745361, 167.740951538, 168.437545776, 169.145751953, 169.85395813, 170.550567627, 171.258773804, 171.96697998, 172.675186157, 173.383392334, 174.080001831, 174.788208008, 175.496414185, 176.204620361, 176.912826538, 177.609436035, 178.317642212, 179.025848389, 179.722442627, 180.430648804, 181.138870239, 181.835464478, 182.543670654, 183.251876831, 183.960083008, 184.668289185, 185.37651062, 186.084716797, 186.781311035, 187.489517212, 188.197723389, 188.894332886, 189.602539062, 190.310745239, 191.007339478, 191.715545654, 192.42376709, 193.120361328, 193.828567505, 194.536773682, 195.244979858, 195.953201294, 196.649795532, 197.358001709, 198.066207886, 198.762802124, 199.47102356, 200.179229736, 200.887435913, 201.59564209, 202.303848267, 203.012054443, 203.70866394, 204.416870117, 205.125076294, 205.821670532, 206.529876709, 207.238098145, 207.934692383, 208.64289856, 209.351104736, 210.047698975, 210.75592041, 211.464126587, 212.172332764, 212.88053894, 213.588745117, 214.296951294, 214.993560791, 215.701766968, 216.409973145, 217.106567383, 217.81477356, 218.522994995, 219.219589233, 219.92779541, 220.636001587, 221.332611084, 222.052429199, 222.749023438, 223.468841553, 224.165435791, 224.873641968, 225.581848145, 226.278457642, 226.986663818, 227.694869995, 228.391464233, 229.099685669, 229.807891846, 230.516098022, 231.224304199, 231.920898438, 232.617507935, 233.325714111, 234.033920288, 234.742126465, 235.450332642, 236.14692688, 236.855148315, 237.563354492, 238.271560669, 238.979766846, 239.687973022, 240.396179199, 241.092788696, 241.800994873, 242.50920105, 243.217407227, 243.925613403, 244.6222229, 245.330429077, 246.038635254, 246.735229492, 247.455047607, 248.151657104, 248.859863281, 249.568069458, 250.276275635, 250.984481812, 251.681091309, 252.389297485, 253.097503662, 253.805709839, 254.513916016, 255.210510254, 255.918731689, 256.626922607, 257.335144043, 258.043365479, 258.739959717, 259.448150635, 260.15637207, 260.852966309, 261.561187744, 262.269378662, 262.977600098, 263.685791016, 264.382385254, 265.07901001, 265.787200928, 266.495422363, 267.203613281, 267.911834717, 268.608428955, 269.316650391, 270.024841309, 270.721435547, 271.429656982, 272.137878418, 272.834472656, 273.542663574, 274.25088501, 274.959075928, 275.667297363, 276.363891602, 277.072113037, 277.780303955, 278.476898193, 279.185119629, 279.893341064, 280.601531982, 281.309753418, 282.017944336, 282.726165771, 283.42276001, 284.130981445, 284.839172363, 285.535766602, 286.243988037, 286.952209473, 287.648803711, 288.368621826, 289.065216064, 289.773406982, 290.481628418, 291.189849854, 291.898040771, 292.59463501, 293.302856445, 294.011047363, 294.719268799, 295.427490234, 296.124084473, 296.832275391, 297.540496826, 298.237091064, 298.9453125, 299.653503418, 300.361724854, 301.069915771, 301.76651001, 302.474731445, 303.182952881, 303.891143799, 304.599365234, 305.307556152, 306.015777588, 306.712371826, 307.408966064, 308.12878418, 308.825378418, 309.533599854, 310.241821289, 310.938415527, 311.646606445, 312.354827881, 313.051422119, 313.759643555, 314.467834473, 315.176055908, 315.872650146, 316.580841064, 317.2890625, 317.997283936, 318.705474854, 319.413696289, 320.110290527, 320.818511963, 321.526702881, 322.234924316, 322.943115234, 323.639709473, 324.347930908, 325.056152344, 325.752746582, 326.4609375, 327.169158936, 327.877349854, 328.585571289, 329.282165527, 329.990386963, 330.698577881, 331.395172119, 332.103393555, 332.81161499, 333.519805908, 334.228027344, 334.924621582, 335.632843018, 336.341033936, 337.049255371, 337.757446289, 338.454040527, 339.150665283, 339.870483398, 340.567077637, 341.275268555, 341.98348999, 342.691680908, 343.399902344, 344.096496582, 344.79309082, 345.512908936, 346.209503174, 346.917724609, 347.625946045, 348.334136963, 349.042358398, 349.738952637, 350.435546875, 351.15536499, 351.851959229, 352.560180664, 353.268371582, 353.976593018, 354.684814453, 355.381408691, 356.089599609, 356.797821045, 357.494415283, 358.202636719, 358.910827637, 359.630645752, 360.32723999, 361.035461426, 361.743652344, 362.4402771, 363.148468018, 363.856689453, 364.553283691, 365.273101807, 365.969696045, 366.67791748, 367.386108398, 368.094329834, 368.802520752, 369.499145508, 370.207336426, 370.915557861, 371.6121521, 372.320343018, 373.028564453, 373.736785889, 374.444976807, 375.141571045, 375.84979248, 376.557983398, 377.254608154, 377.97442627, 378.671020508, 379.379211426, 380.087432861, 380.7840271, 381.503845215, 382.200439453, 382.908660889, 383.616851807, 384.325073242, 385.033294678, 385.741485596, 386.449707031, 387.14630127, 387.866119385, 388.562713623, 389.270935059, 389.979125977, 390.675720215, 391.372314453, 392.092132568, 392.788757324, 393.496948242, 394.216766357, 394.924987793, 395.621582031, 396.31817627, 397.026397705, 397.734588623, 398.442810059, 399.151000977, 399.847625732, 400.55581665, 401.264038086, 401.972229004, 402.680450439, 403.377044678, 404.085266113, 404.793457031, 405.501678467, 406.209869385, 406.91809082, 407.626281738, 408.322906494, 409.019500732, 409.72769165, 410.435913086, 411.144134521, 411.852325439, 412.548919678, 413.257141113, 413.965332031, 414.673553467, 415.381774902, 416.08996582, 416.798187256, 417.506378174, 418.214599609, 418.911193848, 419.607788086, 420.316009521, 421.024200439, 421.720794678, 422.429016113, 423.137237549, 423.833831787, 424.542022705, 425.250244141, 425.958435059, 426.666656494, 427.363250732, 428.071472168, 428.779663086, 429.476287842, 430.18447876, 430.892700195, 431.600891113, 432.309112549, 433.005706787, 433.713928223, 434.422119141, 435.130340576, 435.838531494, 436.535125732, 437.243347168, 437.951568604, 438.659759521, 439.367980957, 440.064575195, 440.772766113, 441.480987549, 442.189208984, 442.897399902, 443.593994141, 444.302215576, 445.010437012, 445.70703125, 446.426849365, 447.123443604, 447.831634521, 448.539855957, 449.248077393, 449.956268311, 450.652862549, 451.361083984, 452.069274902, 452.777496338, 453.485717773, 454.182312012, 454.89050293, 455.598724365, 456.295318604, 457.003540039, 457.711730957, 458.419952393, 459.128143311, 459.824768066, 460.532958984, 461.24118042, 461.949371338, 462.657592773, 463.354187012, 464.05078125, 464.759002686, 465.467193604, 466.175415039, 466.883605957, 467.580230713, 468.288421631, 468.996643066, 469.693237305, 470.401428223, 471.109649658, 471.806243896, 472.514465332, 473.22265625, 473.930877686, 474.66229248, 475.393737793, 475.962615967, 476.519897461, 477.077178955, 477.634460449, 478.191741943, 478.749023438, 479.317901611, 479.886779785], "beats_loudness": {"dmean2": 0.0258493311703, "median": 0.0385873317719, "min": 0, "dvar2": 0.00068372907117, "dvar": 0.000285811780486, "dmean": 0.0151444226503, "max": 0.138856992126, "var": 0.000666532258037, "mean": 0.0404833778739}, "danceability": 1.25710594654, "bpm_histogram_second_peak_weight": {"dmean2": 0, "median": 0.0375000014901, "min": 0.0375000014901, "dvar2": 0, "dvar": 0, "dmean": 0, "max": 0.0375000014901, "var": 0, "mean": 0.0375000014901}, "beats_count": 721, "bpm_histogram_second_peak_bpm": {"dmean2": 0, "median": 115, "min": 115, "dvar2": 0, "dvar": 0, "dmean": 0, "max": 115, "var": 0, "mean": 115}, "bpm_histogram_first_peak_spread": {"dmean2": 0, "median": 0.0363636612892, "min": 0.0363636612892, "dvar2": 0, "dvar": 0, "dmean": 0, "max": 0.0363636612892, "var": 0, "mean": 0.0363636612892}, "beats_loudness_band_ratio": {"dmean2": [0.254636675119, 0.228778064251, 0.128273174167, 0.0279797799885, 0.0797990188003, 0.0871181115508], "median": [0.448139637709, 0.226806983352, 0.031752564013, 0.0249825678766, 0.0976727232337, 0.114115059376], "min": [0, 0, 0, 0, 0, 0], "dvar2": [0.0467052310705, 0.0387733988464, 0.0404203943908, 0.00213825632818, 0.00853615999222, 0.0127511238679], "dvar": [0.0185633450747, 0.013740522787, 0.0135461911559, 0.000770253536757, 0.00380461942405, 0.00460053794086], "dmean": [0.152350321412, 0.133388891816, 0.0719353333116, 0.0165721364319, 0.0510061755776, 0.0514990389347], "max": [0.98658311367, 0.874603390694, 0.894539833069, 0.411706089973, 0.726949036121, 0.949756860733], "var": [0.043729994446, 0.031830560416, 0.0178996194154, 0.000891518662684, 0.00816766545177, 0.00855097360909], "mean": [0.468423038721, 0.263904213905, 0.0872083604336, 0.0302029587328, 0.102394625545, 0.111057892442]}}, "lowlevel": {"barkbands_spread": {"dmean2": 9.41337108612, "median": 9.63858795166, "min": 0.0235754884779, "dvar2": 161.866653442, "dvar": 89.5837173462, "dmean": 6.65627574921, "max": 96.7300720215, "var": 453.428619385, "mean": 19.9007377625}, "melbands_spread": {"dmean2": 10.2569980621, "median": 8.63145065308, "min": 0.105172730982, "dvar2": 299.56072998, "dvar": 135.700256348, "dmean": 6.87703418732, "max": 211.840545654, "var": 496.743438721, "mean": 17.2019042969}, "hfc": {"dmean2": 12.1376886368, "median": 9.42485427856, "min": 1.09802019153e-16, "dvar2": 467.446044922, "dvar": 207.268203735, "dmean": 8.20899486542, "max": 170.432113647, "var": 493.794921875, "mean": 19.0605716705}, "barkbands_kurtosis": {"dmean2": 17.8307857513, "median": 4.75528812408, "min": -1.90581095219, "dvar2": 2498.23852539, "dvar": 1342.77148438, "dmean": 12.2917356491, "max": 954.92388916, "var": 2957.12304688, "mean": 19.7145423889}, "gfcc": {"mean": [-49.4530181885, 105.709091187, -73.6819915771, 28.5819225311, -40.7529449463, 2.27035593987, -32.4438438416, -1.4805829525, -21.5586242676, -1.72042012215, -19.1288547516, 1.22451758385, -9.72971439362], "icov": [[0.000110388726171, 5.49712785869e-06, 0.000173698950675, -0.000116488496133, 7.88038887549e-05, -9.76458795776e-06, -5.44059776075e-06, 5.89613664488e-05, 0.000184652541066, -0.000329275004333, 0.000226845033467, -0.00046671149903, 0.000124253128888], [5.49712785869e-06, 0.000913369760383, -0.00030345475534, 0.00114353979006, -0.000237950109295, -0.000145562938997, -6.81288656779e-05, -4.62958269054e-06, -0.000522188202012, 0.000656627875287, -0.00203504785895, 0.00255916290917, -0.00157818174921], [0.000173698950675, -0.00030345475534, 0.00251401495188, -0.001281370176, 0.000885981542524, 3.68715445802e-05, -0.00129721872509, -2.22930957534e-05, -0.000354833260644, 6.68775737722e-06, -0.000479828682728, -0.00187549274415, 0.00140274874866], [-0.000116488496133, 0.00114353979006, -0.001281370176, 0.00305974995717, -0.000790018239059, -0.000904923072085, 0.00105287809856, -0.000913720054086, 0.000107106578071, -0.000514079234563, -0.00263627921231, 0.00418568216264, -0.00105087412521], [7.88038887549e-05, -0.000237950109295, 0.000885981542524, -0.000790018239059, 0.00233291136101, 0.000571268843487, -0.00125182769261, 0.00133306800853, -0.00205296487547, -0.00137245899532, 0.000524455739651, -0.000225858224439, 0.000535962870345], [-9.76458795776e-06, -0.000145562938997, 3.68715445802e-05, -0.000904923072085, 0.000571268843487, 0.00385883171111, -0.00168703461532, 0.000889054266736, -0.00212530628778, 0.000147555940202, 0.000970906403381, -0.00189092278015, 0.00103038107045], [-5.44059776075e-06, -6.81288656779e-05, -0.00129721872509, 0.00105287809856, -0.00125182769261, -0.00168703461532, 0.0107718845829, -0.00854093302041, 0.0043404949829, 0.00443793414161, -0.010092113167, 0.00486854789779, -0.00217485730536], [5.89613664488e-05, -4.62958269054e-06, -2.22930957534e-05, -0.000913720054086, 0.00133306800853, 0.000889054266736, -0.00854093302041, 0.0195176787674, -0.00424741720781, -0.0095010669902, 0.00993371754885, -0.00659514404833, 0.000806170573924], [0.000184652541066, -0.000522188202012, -0.000354833260644, 0.000107106578071, -0.00205296487547, -0.00212530628778, 0.0043404949829, -0.00424741720781, 0.0135073950514, -0.00368544249795, -0.000222051516175, 0.00197997014038, -0.00643641268834], [-0.000329275004333, 0.000656627875287, 6.68775737722e-06, -0.000514079234563, -0.00137245899532, 0.000147555940202, 0.00443793414161, -0.0095010669902, -0.00368544249795, 0.0219336152077, -0.0131383799016, 0.00217050360516, 0.00259826658294], [0.000226845033467, -0.00203504785895, -0.000479828682728, -0.00263627921231, 0.000524455739651, 0.000970906403381, -0.010092113167, 0.00993371754885, -0.000222051516175, -0.0131383799016, 0.0342091582716, -0.0204128567129, 0.00172095908783], [-0.00046671149903, 0.00255916290917, -0.00187549274415, 0.00418568216264, -0.000225858224439, -0.00189092278015, 0.00486854789779, -0.00659514404833, 0.00197997014038, 0.00217050360516, -0.0204128567129, 0.0342517457902, -0.0101682767272], [0.000124253128888, -0.00157818174921, 0.00140274874866, -0.00105087412521, 0.000535962870345, 0.00103038107045, -0.00217485730536, 0.000806170573924, -0.00643641268834, 0.00259826658294, 0.00172095908783, -0.0101682767272, 0.0214549507946]], "cov": [[16603.7558594, -5455.76025391, -491.41394043, 2079.21679688, -604.014099121, 144.363342285, -592.293823242, 122.570800781, -451.040466309, 464.82824707, -152.385696411, 224.044830322, -493.188873291], [-5455.76025391, 6060.9765625, -281.817993164, -2350.63696289, 411.932037354, -199.930526733, 444.036224365, -153.893249512, 327.759521484, -339.081237793, 173.813095093, -99.1148605347, 509.298980713], [-491.41394043, -281.817993164, 925.789489746, 455.313079834, -182.659423828, 187.660217285, 244.088180542, 124.220581055, -21.0952377319, 87.1052780151, 154.843414307, 87.3453140259, -28.3874187469], [2079.21679688, -2350.63696289, 455.313079834, 1570.43786621, 16.4350452423, 241.95916748, -76.4109344482, 134.844619751, -42.1839790344, 239.445373535, 26.3500576019, 33.7071495056, -190.43196106], [-604.014099121, 411.932037354, -182.659423828, 16.4350452423, 749.91607666, -28.3671264648, 15.9450893402, 3.80395364761, 175.461425781, 64.8903961182, 24.4602127075, -31.4686431885, 58.5518417358], [144.363342285, -199.930526733, 187.660217285, 241.95916748, -28.3671264648, 365.777038574, 87.6535720825, 55.9846382141, 42.6523475647, 50.9130516052, 51.8780250549, 39.7627983093, -4.72335481644], [-592.293823242, 444.036224365, 244.088180542, -76.4109344482, 15.9450893402, 87.6535720825, 319.91583252, 90.1203231812, -3.03852939606, 13.6805639267, 123.610321045, 46.1652832031, 50.2223510742], [122.570800781, -153.893249512, 124.220581055, 134.844619751, 3.80395364761, 55.9846382141, 90.1203231812, 127.573600769, 31.1775131226, 71.1613845825, 38.9983329773, 36.1020431519, 2.72840356827], [-451.040466309, 327.759521484, -21.0952377319, -42.1839790344, 175.461425781, 42.6523475647, -3.03852939606, 31.1775131226, 179.745758057, 41.3288993835, 19.8991622925, 1.85076868534, 66.3224411011], [464.82824707, -339.081237793, 87.1052780151, 239.445373535, 64.8903961182, 50.9130516052, 13.6805639267, 71.1613845825, 41.3288993835, 137.778594971, 54.177318573, 38.1430206299, -17.5095005035], [-152.385696411, 173.813095093, 154.843414307, 26.3500576019, 24.4602127075, 51.8780250549, 123.610321045, 38.9983329773, 19.8991622925, 54.177318573, 124.542556763, 62.2100296021, 31.6993103027], [224.044830322, -99.1148605347, 87.3453140259, 33.7071495056, -31.4686431885, 39.7627983093, 46.1652832031, 36.1020431519, 1.85076868534, 38.1430206299, 62.2100296021, 83.1556549072, 19.9081325531], [-493.188873291, 509.298980713, -28.3874187469, -190.43196106, 58.5518417358, -4.72335481644, 50.2223510742, 2.72840356827, 66.3224411011, -17.5095005035, 31.6993103027, 19.9081325531, 112.119125366]]}, "spectral_energyband_middle_low": {"dmean2": 0.0138016827404, "median": 0.0088394600898, "min": 1.77592304977e-22, "dvar2": 0.000510136364028, "dvar": 0.000189348706044, "dmean": 0.00824963022023, "max": 0.191263273358, "var": 0.000220851972699, "mean": 0.0137809766456}, "melbands_crest": {"dmean2": 6.09867572784, "median": 17.3316459656, "min": 1.57493650913, "dvar2": 31.0401554108, "dvar": 12.5078020096, "dmean": 3.8005399704, "max": 35.7237129211, "var": 53.8341941833, "mean": 18.4704761505}, "spectral_kurtosis": {"dmean2": 11.4382247925, "median": 5.06090402603, "min": -1.25408864021, "dvar2": 540.775512695, "dvar": 196.235214233, "dmean": 6.86552667618, "max": 665.504150391, "var": 1046.51867676, "mean": 18.8002681732}, "spectral_rms": {"dmean2": 0.0015383886639, "median": 0.00528312567621, "min": 3.11659292124e-12, "dvar2": 3.51615403815e-06, "dvar": 1.3954285123e-06, "dmean": 0.000975666800514, "max": 0.0150800263509, "var": 5.7810684666e-06, "mean": 0.005349135492}, "zerocrossingrate": {"dmean2": 0.0141359800473, "median": 0.03173828125, "min": 0.001953125, "dvar2": 0.00028241839027, "dvar": 0.000259935826762, "dmean": 0.0130866831169, "max": 0.53369140625, "var": 0.00311030633748, "mean": 0.0541974976659}, "silence_rate_60dB": {"dmean2": 0.0251183453947, "median": 0, "min": 0, "dvar2": 0.0316328369081, "dvar": 0.0123980864882, "dmean": 0.0125585664064, "max": 1, "var": 0.0263602267951, "mean": 0.0270962137729}, "erbbands_kurtosis": {"dmean2": 2.57131814957, "median": 0.00434994697571, "min": -1.91502988338, "dvar2": 23.4747314453, "dvar": 10.0426216125, "dmean": 1.61014461517, "max": 222.403274536, "var": 29.4488105774, "mean": 1.26229095459}, "erbbands": {"dmean2": [0.284076571465, 1.92013835907, 4.52841186523, 10.0000200272, 27.2119731903, 27.1267147064, 24.9928245544, 27.309753418, 13.9058713913, 9.39285564423, 7.89397144318, 12.3467693329, 10.9035148621, 8.36921215057, 8.22489643097, 6.07543516159, 5.86398172379, 10.657875061, 16.1916618347, 14.5733251572, 14.096997261, 15.0847234726, 16.0890445709, 14.4123182297, 17.4974002838, 18.646490097, 10.3964653015, 6.35626077652, 5.25750160217, 6.49182605743, 3.87722730637, 2.55194425583, 1.32985520363, 0.650185167789, 0.593760251999, 0.396677732468, 0.204045072198, 0.0576863475144, 0.00861085951328, 0.000260229047853], "median": [0.0917165353894, 0.627565443516, 1.05864775181, 4.95168685913, 9.56758880615, 7.7944984436, 7.64727497101, 6.82610797882, 4.21052503586, 3.59999847412, 3.0436425209, 5.31643772125, 5.64066791534, 3.22159075737, 3.75883674622, 2.63442468643, 2.08798599243, 2.41950416565, 2.50514793396, 2.20680141449, 2.24645280838, 2.14993786812, 1.20264661312, 1.21938610077, 1.14504957199, 1.25182104111, 1.09643959999, 0.628891468048, 0.513613045216, 0.553139805794, 0.412032604218, 0.277101576328, 0.119815066457, 0.0695365816355, 0.0502259545028, 0.0406095013022, 0.00987824425101, 0.00168008706532, 0.000107017986011, 5.96986865276e-05], "min": [6.89564016964e-23, 7.68898862056e-22, 3.40709151183e-21, 6.18178486611e-21, 1.48626956202e-20, 3.38865297743e-20, 6.08276375352e-20, 1.47680884533e-19, 1.39236740496e-19, 2.92478708588e-19, 4.90803583953e-19, 4.32941576322e-19, 5.63987664865e-19, 8.47356840163e-19, 8.55199649743e-19, 1.23005727554e-18, 1.40203267438e-18, 2.58188091391e-18, 2.09545590714e-18, 3.10568290385e-18, 4.70123055343e-18, 5.51490702889e-18, 6.6747205404e-18, 5.17605745404e-18, 8.73574691569e-18, 9.20191695761e-18, 8.02244260371e-18, 1.18902167253e-17, 1.08707141388e-17, 9.5104164486e-18, 1.24379848259e-17, 9.56518904004e-18, 9.87349497077e-18, 7.64383376554e-18, 5.15315323647e-18, 4.33102752464e-18, 2.5332081591e-18, 9.21923501771e-19, 2.62779693423e-19, 2.638209361e-20], "dvar2": [0.417337238789, 18.4980773926, 157.485046387, 259.028778076, 2408.97216797, 3222.69067383, 2170.29248047, 2861.32592773, 881.274780273, 325.731170654, 313.77822876, 629.810119629, 377.925628662, 228.019073486, 206.740936279, 117.80355835, 119.195404053, 394.784454346, 1496.69775391, 1333.28393555, 889.129150391, 998.205200195, 1233.89440918, 820.078918457, 1523.03430176, 1370.80200195, 381.257202148, 133.548370361, 88.0693283081, 153.784423828, 44.4731674194, 21.0367107391, 5.22081708908, 1.45609998703, 1.35573661327, 0.693982839584, 0.231515794992, 0.0186920147389, 0.000398242904339, 3.36414331059e-07], "dvar": [0.207273587584, 7.56857633591, 59.54870224, 93.1885299683, 842.470336914, 1099.51135254, 792.921142578, 1026.02624512, 328.915496826, 125.665603638, 121.389556885, 251.63899231, 148.740722656, 86.3321228027, 80.7182922363, 45.9457206726, 49.5213890076, 160.505020142, 589.111083984, 535.14074707, 428.678314209, 421.699188232, 508.198669434, 364.343200684, 609.989868164, 523.306640625, 183.699768066, 64.0131454468, 43.756061554, 75.9407806396, 20.4159126282, 9.12153244019, 2.19759225845, 0.666149377823, 0.636770665646, 0.332657724619, 0.101802714169, 0.00852787401527, 0.000194797685253, 1.60923818271e-07], "dmean": [0.225045785308, 1.2650667429, 2.66866874695, 6.19044494629, 15.6889057159, 15.1434812546, 14.4466819763, 15.3795948029, 8.55762958527, 5.76008987427, 4.84447526932, 7.89659786224, 6.73669576645, 4.96337652206, 4.97165155411, 3.66941905022, 3.55427742004, 6.51234340668, 9.90125179291, 8.75286006927, 9.39221954346, 9.38490200043, 9.92947864532, 9.31756782532, 10.7595891953, 10.9593276978, 6.97669553757, 4.41444587708, 3.53352212906, 4.36379432678, 2.57600522041, 1.64233195782, 0.821173369884, 0.42889085412, 0.398713290691, 0.271490424871, 0.138928592205, 0.0398328974843, 0.00608159601688, 0.00018182961503], "max": [8.35805130005, 45.2585220337, 98.2993927002, 124.192314148, 365.038024902, 458.576843262, 456.589477539, 395.859008789, 402.431518555, 222.655090332, 223.109085083, 313.911560059, 234.042358398, 148.957260132, 160.666213989, 162.253860474, 220.577255249, 276.021911621, 744.153625488, 975.620727539, 743.553161621, 305.287414551, 331.049468994, 265.242034912, 282.826202393, 226.586685181, 229.71244812, 103.522483826, 137.330490112, 238.633239746, 84.9361953735, 36.3989334106, 18.5111198425, 10.0376720428, 8.67384243011, 8.24568939209, 4.02244710922, 1.16766905785, 0.172257363796, 0.00491346837953], "var": [0.774744451046, 17.3030357361, 49.5829772949, 111.196746826, 730.295288086, 855.703125, 824.349609375, 1004.83258057, 699.882507324, 278.268310547, 204.018188477, 664.96496582, 354.867584229, 122.489509583, 142.644012451, 71.8194656372, 78.648651123, 455.668121338, 1407.88037109, 911.180419922, 733.51965332, 719.690490723, 709.609375, 712.027587891, 866.013793945, 807.635925293, 500.548431396, 187.985656738, 140.353500366, 262.574523926, 69.3907775879, 25.4016590118, 5.56086158752, 1.52635931969, 1.40431332588, 0.76432800293, 0.183583155274, 0.0165222510695, 0.000410572625697, 3.41494825307e-07], "mean": [0.561523079872, 2.73729491234, 3.12348294258, 8.38072013855, 18.7311573029, 17.9065284729, 17.8916893005, 17.8223171234, 13.418545723, 9.11666107178, 7.35163640976, 14.6708745956, 11.8089647293, 7.12877130508, 7.60226869583, 5.39862203598, 4.83314800262, 10.7245569229, 16.2873668671, 12.865483284, 13.6175394058, 14.1943378448, 12.830452919, 14.1952791214, 15.0736846924, 15.6569023132, 12.345656395, 7.92755460739, 7.22203874588, 9.29671764374, 5.39369678497, 3.26056814194, 1.50136506557, 0.76444208622, 0.683015167713, 0.480056792498, 0.220274344087, 0.0639690980315, 0.0100132450461, 0.000322026695358]}, "spectral_strongpeak": {"dmean2": 0.416737318039, "median": 0.494434326887, "min": 0, "dvar2": 0.486759275198, "dvar": 0.178229629993, "dmean": 0.245660156012, "max": 9.27604961395, "var": 0.245830103755, "mean": 0.577939033508}, "spectral_energy": {"dmean2": 0.0200927648693, "median": 0.0286092050374, "min": 9.95597978002e-21, "dvar2": 0.000878335617017, "dvar": 0.000332927447744, "dmean": 0.0124816913158, "max": 0.233092367649, "var": 0.000839138228912, "mean": 0.0352542549372}, "average_loudness": 0.811979532242, "spectral_rolloff": {"dmean2": 841.052246094, "median": 430.6640625, "min": 64.599609375, "dvar2": 2163128.5, "dvar": 1058947.125, "dmean": 524.913269043, "max": 19315.2832031, "var": 3935315.5, "mean": 1336.75708008}, "spectral_centroid": {"dmean2": 398.07925415, "median": 684.276977539, "min": 56.861831665, "dvar2": 248140.46875, "dvar": 142162.296875, "dmean": 281.248077393, "max": 11691.0820312, "var": 1025126.0625, "mean": 1107.6763916}, "pitch_salience": {"dmean2": 0.142824754119, "median": 0.531078577042, "min": 0.0324944481254, "dvar2": 0.0179584100842, "dvar": 0.0076082283631, "dmean": 0.0906164646149, "max": 0.944396793842, "var": 0.0289807617664, "mean": 0.514947772026}, "spectral_energyband_middle_high": {"dmean2": 0.00195775623433, "median": 0.00097800581716, "min": 1.31184635238e-21, "dvar2": 1.33881630973e-05, "dvar": 5.62603281651e-06, "dmean": 0.00126588740386, "max": 0.0409287363291, "var": 1.0811494576e-05, "mean": 0.00236336374655}, "spectral_contrast_coeffs": {"dmean2": [0.0966592654586, 0.087013758719, 0.0544257871807, 0.0461093224585, 0.030140677467, 0.0262081213295], "median": [-0.611750245094, -0.776249885559, -0.831644654274, -0.82987755537, -0.827850997448, -0.784457325935], "min": [-0.97386521101, -0.9810552001, -0.975774347782, -0.979839682579, -0.965883016586, -0.964330613613], "dvar2": [0.00679799309, 0.00500547001138, 0.00187542138156, 0.0015102205798, 0.000606244138908, 0.00053548271535], "dvar": [0.0027596578002, 0.00178116664756, 0.0006656171754, 0.000557591498364, 0.000238390173763, 0.000226528078201], "dmean": [0.0607527270913, 0.0513612963259, 0.0322156026959, 0.0275009889156, 0.0183744113892, 0.0163185745478], "max": [-0.297507405281, -0.452093452215, -0.423771798611, -0.510034680367, -0.501051127911, -0.663198709488], "var": [0.0107604814693, 0.00601793732494, 0.00601360714063, 0.00405882950872, 0.00253771082498, 0.00155151297804], "mean": [-0.613936066628, -0.760541856289, -0.81081289053, -0.815269112587, -0.820830523968, -0.781655192375]}, "melbands_skewness": {"dmean2": 1.74335718155, "median": 3.33296966553, "min": -3.30434393883, "dvar2": 4.64233922958, "dvar": 2.49106836319, "dmean": 1.18609297276, "max": 32.7666740417, "var": 13.2216510773, "mean": 4.25117444992}, "spectral_spread": {"dmean2": 902971.25, "median": 4742160, "min": 237892.953125, "dvar2": 1285687345150.0, "dvar": 703872499712, "dmean": 641454.9375, "max": 42439404, "var": 8297992159230.0, "mean": 4402897.5}, "dissonance": {"dmean2": 0.0290864147246, "median": 0.484194666147, "min": 0.0768619850278, "dvar2": 0.00148091826122, "dvar": 0.000529293436557, "dmean": 0.0171446334571, "max": 0.500000238419, "var": 0.00192246888764, "mean": 0.468274921179}, "spectral_skewness": {"dmean2": 0.850580155849, "median": 1.75223493576, "min": -0.0794987305999, "dvar2": 1.47763109207, "dvar": 0.551550269127, "dmean": 0.533564567566, "max": 23.6690883636, "var": 4.02435255051, "mean": 2.57328987122}, "spectral_flux": {"dmean2": 0.0436134152114, "median": 0.0712141394615, "min": 6.4170523062e-11, "dvar2": 0.0027242640499, "dvar": 0.00140842027031, "dmean": 0.0296888165176, "max": 0.393256813288, "var": 0.00378250260837, "mean": 0.0874424576759}, "spectral_contrast_valleys": {"dmean2": [0.641798496246, 0.703742682934, 0.65280598402, 0.620234012604, 0.579345464706, 0.56935185194], "median": [-6.85422086716, -6.80533742905, -7.44928359985, -8.14220046997, -8.08310317993, -10.5727367401], "min": [-28.151058197, -28.0602207184, -27.6445350647, -27.5943450928, -27.4666137695, -27.4527492523], "dvar2": [0.334790706635, 0.509598731995, 0.469059675932, 0.46361079812, 0.583016991615, 0.621079146862], "dvar": [0.136819928885, 0.22952516377, 0.217489257455, 0.220957845449, 0.309680700302, 0.347862899303], "dmean": [0.390755176544, 0.452293872833, 0.418007612228, 0.400023132563, 0.412260711193, 0.429061353207], "max": [-5.01021671295, -4.3934378624, -5.01710176468, -5.56779098511, -5.27954483032, -8.07427215576], "var": [2.17775201797, 2.07500290871, 2.15713953972, 2.15273666382, 3.56053900719, 4.36709117889], "mean": [-7.12526273727, -6.97355937958, 