{"tonal": {"thpcp": [1, 0.331926077604, 0.0760160014033, 0.0516972467303, 0.0444102995098, 0.133051618934, 0.210066497326, 0.150627538562, 0.105181246996, 0.0840833112597, 0.0666370615363, 0.190148428082, 0.213253930211, 0.35422578454, 0.717672586441, 0.533176124096, 0.168033450842, 0.0755451992154, 0.0274879150093, 0.0924749597907, 0.518936812878, 0.68762421608, 0.319979637861, 0.2554038167, 0.28389659524, 0.110509417951, 0.0238348655403, 0.0229650214314, 0.0332774147391, 0.123697318137, 0.152548268437, 0.0768233239651, 0.0589682906866, 0.0649342611432, 0.251249939203, 0.932536244392], "hpcp": {"dmean2": [0.0271147042513, 0.0238930378109, 0.0250044707209, 0.0490989871323, 0.0472191907465, 0.0388529933989, 0.0394259691238, 0.0707128942013, 0.203583613038, 0.243894860148, 0.253548502922, 0.219321906567, 0.0893298462033, 0.0591532215476, 0.0520673431456, 0.0655893310905, 0.0699514448643, 0.055729072541, 0.0546252988279, 0.0480250306427, 0.0380523912609, 0.0531760677695, 0.0448719002306, 0.0910315960646, 0.148768678308, 0.093364007771, 0.0502928160131, 0.0278465021402, 0.0330851562321, 0.0864781439304, 0.166312292218, 0.158154562116, 0.171727195382, 0.12897478044, 0.083952434361, 0.0582165271044], "median": [0.00100236479193, 0.00116332748439, 0.00392427342013, 0.0089471526444, 0.00778347998857, 0.00374963483773, 0.00221412279643, 0.00265482184477, 0.058493770659, 0.355460703373, 0.406245350838, 0.0942528769374, 0.000474508327898, 0.000216111497139, 0.00131171848625, 0.011462489143, 0.0179704986513, 0.00940451025963, 0.00444504991174, 0.00403827242553, 0.0093343667686, 0.0151435770094, 0.0123538710177, 0.0593418553472, 0.0886687338352, 0.112170517445, 0.00533137703314, 0.00134607136715, 0.000561519467738, 0.0129834990948, 0.124372646213, 0.167628377676, 0.0764366239309, 0.0122044570744, 0.00989750865847, 0.00457150861621], "min": [0, 0, 0, 0, 0, 0, 0, 0, 0, 0, 0, 0, 0, 0, 0, 0, 0, 0, 0, 0, 0, 0, 0, 0, 0, 0, 0, 0, 0, 0, 0, 0, 0, 0, 0, 0], "dvar2": [0.0152057465166, 0.0187768936157, 0.0136565016583, 0.0232673212886, 0.0175807382911, 0.0154889058322, 0.0180030893534, 0.034461658448, 0.0911650657654, 0.0876991823316, 0.090479105711, 0.102062955499, 0.0626710802317, 0.0496969893575, 0.0392466150224, 0.0425620488822, 0.0323522798717, 0.0267461538315, 0.0275817364454, 0.0242440737784, 0.0104852579534, 0.0170736201108, 0.0141821466386, 0.0214661248028, 0.0625302046537, 0.023784680292, 0.0170932877809, 0.0116341039538, 0.0168402306736, 0.0392308682203, 0.0644037202001, 0.0572526790202, 0.0779523327947, 0.0699456259608, 0.0357869751751, 0.0229580383748], "dvar": [0.00504626147449, 0.00619800528511, 0.00471506360918, 0.00826083868742, 0.00694725383073, 0.00553877418861, 0.00624353950843, 0.0114138256758, 0.0279937572777, 0.0317031219602, 0.0336960703135, 0.0312986634672, 0.0202918853611, 0.015893034637, 0.0123863629997, 0.0144245335832, 0.0118977483362, 0.00991242565215, 0.0101633612067, 0.00838790927082, 0.00365040428005, 0.00708524882793, 0.00618708319962, 0.00866055767983, 0.0260414406657, 0.0106095410883, 0.0062368507497, 0.00384537363425, 0.00538126286119, 0.0121375303715, 0.0215591043234, 0.0215623620898, 0.023273376748, 0.0227123387158, 0.0148608563468, 0.00745679950342], "dmean": [0.0144609985873, 0.0128259910271, 0.0142546109855, 0.0295775402337, 0.0295364763588, 0.022749569267, 0.0219525881112, 0.0378435142338, 0.110815480351, 0.147892698646, 0.151545345783, 0.121407657862, 0.0471805520356, 0.031394418329, 0.0277438051999, 0.0386509113014, 0.0422984547913, 0.0336017422378, 0.0317915268242, 0.0278406850994, 0.0224457494915, 0.0343519598246, 0.0285481307656, 0.0563799887896, 0.0913514494896, 0.0585273616016, 0.0300428234041, 0.0156622920185, 0.0173839442432, 0.0470185540617, 0.100833162665, 0.0986760407686, 0.0962343811989, 0.0740239620209, 0.0535282231867, 0.034523319453], "max": [1, 1, 1, 1, 1, 1, 1, 1, 1, 1, 1, 1, 1, 1, 1, 1, 1, 1, 1, 1, 0.844320058823, 1, 1, 1, 1, 1, 1, 1, 1, 1, 1, 1, 1, 1, 1, 1], "var": [0.00336437183432, 0.00423650909215, 0.00388872181065, 0.0247280616313, 0.0386488176882, 0.00920792482793, 0.00915778428316, 0.00881755538285, 0.0245716944337, 0.12653696537, 0.134293720126, 0.0327646322548, 0.0175352804363, 0.0135899744928, 0.00882471725345, 0.0269253365695, 0.0458377562463, 0.0326038897038, 0.0176078248769, 0.0142686516047, 0.00408816803247, 0.0397634506226, 0.057421091944, 0.0402952581644, 0.161810919642, 0.0941031649709, 0.0363610014319, 0.0223027691245, 0.00333520979621, 0.00907236523926, 0.0759560018778, 0.121686324477, 0.0346194021404, 0.0516898483038, 0.068318426609, 0.0122746005654], "mean": [0.0113275283948, 0.010914134793, 0.0158151034266, 0.0587871968746, 0.0724986195564, 0.0365103110671, 0.0280247014016, 0.0308600310236, 0.119406618178, 0.44318819046, 0.47525036335, 0.157747983932, 0.0361266322434, 0.0245691351593, 0.0211060103029, 0.0632328316569, 0.0998341813684, 0.0715857893229, 0.049987424165, 0.0399606227875, 0.0316692888737, 0.0903681069613, 0.101349011064, 0.168345928192, 0.341074168682, 0.253392159939, 0.0798579603434, 0.0359028838575, 0.013063641265, 0.0439487583935, 0.246624916792, 0.326793670654, 0.152070432901, 0.121380753815, 0.134921953082, 0.0525196418166]}, "tuning_equal_tempered_deviation": 0.221799254417, "chords_changes_rate": 0.0303643718362, "key_key": "F", "tuning_diatonic_strength": 0.570725917816, "key_scale": "minor", "chords_number_rate": 0.00231347605586, "tuning_frequency": 434.193115234, "tuning_nontempered_energy_ratio": 0.95937025547, "chords_histogram": [24.2914981842, 5.58126068115, 22.8455753326, 0.173510700464, 0.665124356747, 1.73510694504, 2.48698663712, 7.28744935989, 0.780798137188, 29.9016780853, 0, 3.58588790894, 0, 0, 0, 0.347021400928, 0, 0, 0, 0, 0, 0, 0.318102955818, 0], "key_strength": 0.820082604885, "chords_key": "C", "chords_strength": {"dmean2": 0.00471700448543, "median": 0.51097381115, "min": -1, "dvar2": 0.0010256706737, "dvar": 0.000558630854357, "dmean": 0.0057070935145, "max": 0.742980062962, "var": 0.0180137194693, "mean": 0.502986252308}, "chords_scale": "major", "hpcp_entropy": {"dmean2": 0.773409962654, "median": 1.72176742554, "min": 0, "dvar2": 0.444568991661, "dvar": 0.164238288999, "dmean": 0.459376752377, "max": 3.43056297302, "var": 0.446333020926, "mean": 1.63920783997}}, "metadata": {"audio_properties": {"equal_loudness": 0, "codec": "flac", "downmix": "mix", "sample_rate": 44100, "analysis_sample_rate": 44100, "bit_rate": 0, "md5_encoded": "c1728833645b7e8f316821ff2ea2d1a3", "length": 160.506668091, "replay_gain": -0.370336532593, "lossless": true}, "version": {"essentia_build_sha": "5c9e65ec81695c916afb4cba055c226bfc528ee6", "essentia": "2.1-beta1", "extractor": "music 1.0", "essentia_git_sha": "v2.1_beta1-28-g21ef5f4"}, "tags": {"title": ["Alonzo (reprise)"], "media": ["CD"], "albumartist": ["Mark Mancina"], "tracktotal": ["21"], "albumartistsort": ["Mancina, Mark"], "releasetype": ["album", "soundtrack"], "musicbrainz_recordingid": ["064d36e9-5cf5-438a-b047-dd94549f8a78"], "musicbrainz_releasegroupid": ["74fa3063-3a3d-3c99-8212-0ccd0debe6c0"], "musicbrainz_albumartistid": ["628abc89-3e26-4e2c-b33f-67544ccbb72c"], "musicbrainz_releasetrackid": ["bc7e460c-8590-3d51-9b20-7f1a41513e58"], "discnumber": ["2"], "catalognumber": ["AR 1023-CD"], "releasecountry": ["US"], "artists": ["Mark Mancina"], "date": ["2002"], "file_name": "CD2 01 Alonzo (reprise).flac", "disctotal": ["2"], "musicbrainz_artistid": ["628abc89-3e26-4e2c-b33f-67544ccbb72c"], "originaldate": ["2002"], "musicbrainz_albumid": ["5ff73deb-9d8a-4bfa-9f39-f34c39d81f80"], "tracknumber": ["1"], "artistsort": ["Mancina, Mark"], "album": ["Training Day"], "label": ["Arranged Records"], "totaltracks": ["21"], "totaldiscs": ["2"], "script": ["Latn"], "releasestatus": ["bootleg"]}}, "rhythm": {"bpm_histogram_first_peak_bpm": {"dmean2": 0, "median": 129, "min": 129, "dvar2": 0, "dvar": 0, "dmean": 0, "max": 129, "var": 0, "mean": 129}, "bpm": 129.613754272, "bpm_histogram_second_peak_spread": {"dmean2": 0, "median": 0.629032254219, "min": 0.629032254219, "dvar2": 0, "dvar": 0, "dmean": 0, "max": 0.629032254219, "var": 0, "mean": 0.629032254219}, "bpm_histogram_first_peak_weight": {"dmean2": 0, "median": 0.111464969814, "min": 0.111464969814, "dvar2": 0, "dvar": 0, "dmean": 0, "max": 0.111464969814, "var": 0, "mean": 0.111464969814}, "onset_rate": 0.1370549649, "beats_position": [0.371519267559, 0.754648506641, 1.13777780533, 1.50929701328, 1.89242625237, 2.26394557953, 2.6470746994, 2.99537420273, 3.34367346764, 3.69197273254, 4.04027223587, 4.45823097229, 4.87619018555, 5.2941493988, 5.71210861206, 6.13006782532, 6.54802703857, 6.96598625183, 7.38394546509, 7.77868461609, 8.17342376709, 8.56816291809, 8.99773216248, 9.42730140686, 9.86848068237, 10.2980499268, 10.7276191711, 11.1687984467, 11.5983667374, 12.0279359818, 12.4575052261, 12.8986845016, 13.3746938705, 13.8507022858, 14.3151016235, 14.7911109924, 15.2671203613, 15.7315187454, 16.2075271606, 16.6603164673, 17.1131057739, 17.5775051117, 18.0186843872, 18.4598636627, 18.9010429382, 19.3306121826, 19.7717914581, 20.2129707336, 20.642539978, 21.0837192535, 21.5132884979, 21.942855835, 22.3956451416, 22.8484344482, 23.3012237549, 23.7540130615, 24.1835823059, 24.6131515503, 25.0427207947, 25.5187301636, 25.9947395325, 26.470746994, 26.958366394, 27.4459857941, 27.9336051941, 28.4676647186, 29.0017223358, 29.5357818604, 30.0234012604, 30.5110206604, 30.9986381531, 31.4049873352, 31.8113365173, 32.2060775757, 32.6008148193, 32.9839439392, 33.3670730591, 33.750202179, 34.2029914856, 34.6557807922, 35.1085700989, 35.5613594055, 35.9793205261, 36.397277832, 36.8152389526, 37.244808197, 37.6859855652, 38.1155548096, 38.545124054, 38.9630813599, 39.3810424805, 39.7989997864, 40.216960907, 40.6465301514, 41.0644874573, 41.4940567017, 41.9700660706, 42.4344673157, 42.8988647461, 43.3864860535, 43.8624954224, 44.3385009766, 44.8377304077, 45.3369598389, 45.83618927, 46.3005905151, 46.7649879456, 47.229385376, 47.6937866211, 48.1581840515, 48.6109733582, 49.0753746033, 49.5281639099, 49.9925613403, 50.4569587708, 50.9097480774, 51.362537384, 51.8153266907, 52.2797279358, 52.7441253662, 53.2085266113, 53.6729240417, 54.1489334106, 54.6133308411, 55.0777320862, 55.5421295166, 56.0065307617, 56.4709281921, 56.9353294373, 57.3997268677, 57.8641242981, 58.305305481, 58.7580947876, 59.222492218, 59.6868934631, 60.1512908936, 60.6156921387, 61.0800895691, 61.5328788757, 61.9972763062, 62.4616775513, 62.9260749817, 63.3904762268, 63.8548736572, 64.2728347778, 64.7024002075, 65.1203613281, 65.5383224487, 65.9678878784, 66.385848999, 66.8154220581, 67.2449874878, 67.686164856, 68.1273422241, 68.5685272217, 69.0097045898, 69.450881958, 69.9036712646, 70.3564605713, 70.8092498779, 71.2620391846, 71.6800003052, 72.0979614258, 72.515914917, 72.9222640991, 73.3286132812, 73.7349624634, 74.1413116455, 74.5476608276, 74.9540100098, 75.3487548828, 75.7434921265, 76.1382293701, 76.5445785522, 76.9509277344, 77.3224487305, 77.7171859741, 78.1003189087, 78.4950561523, 78.8781814575, 79.2613143921, 79.6560516357, 80.0391845703, 80.526802063, 81.0144195557, 81.5020370483, 82.070930481, 82.6398162842, 83.2087097168, 83.8124237061, 84.4045333862, 84.9966430664, 85.5887527466, 86.1808624268, 86.7613601685, 87.3418579102, 87.9223556519, 88.4912490845, 89.0717468262, 89.6290206909, 90.1979141235, 90.7784118652, 91.3472976685, 91.9161911011, 92.4850769043, 93.0423583984, 93.6112442017, 94.2497940063, 94.8767318726, 95.5268936157, 96.1770477295, 96.8388214111, 97.5005874634, 98.1623535156, 98.8357315063, 99.497505188, 100.112831116, 100.728164673, 101.308662415, 101.889160156, 102.481269836, 103.061767578, 103.64226532, 104.222763062, 104.803260803, 105.383758545, 105.975868225, 106.556373596, 107.136871338, 107.728981018, 108.332695007, 108.924804688, 109.516914368, 110.132240295, 110.759178162, 111.386123657, 112.036277771, 112.686439514, 113.324989319, 113.963539124, 114.636917114, 115.310295105, 116.088157654, 116.866027832, 117.64389801, 118.421768188, 119.211242676, 120.000724792, 120.778594971, 121.55645752, 122.334327698, 123.112197876, 123.797187805, 124.482177734, 125.155555725, 125.828933716, 126.513923645, 127.198905945, 127.872291565, 128.545669556, 129.230651855, 129.834381104, 130.438095093, 130.995376587, 131.564254761, 132.121536255, 132.678817749, 133.236099243, 133.804992676, 134.37387085, 134.931152344, 135.500045776, 136.068939209, 136.649429321, 137.229934692, 137.822036743, 138.437362671, 139.052688599, 139.668029785, 140.202087402, 140.747756958, 141.305038452, 141.862304688, 142.43119812, 143.000091553, 143.568969727, 144.126251221, 144.683532715, 145.252426147, 145.809707642, 146.366973877, 146.924255371, 147.481536865, 148.050430298, 148.596099854, 149.095321655, 149.582946777, 150.058959961, 150.546569824, 151.034194946, 151.52180481, 152.032653809, 152.543487549, 153.054321289, 153.646438599, 154.238540649, 154.842269897, 155.445983887, 156.049697876, 156.641815186, 157.245529175, 157.837631226, 158.441360474, 159.033462524, 159.637191772], "beats_loudness": {"dmean2": 0.029254918918, "median": 0.0238492917269, "min": 0, "dvar2": 0.00214640027843, "dvar": 0.000779315130785, "dmean": 0.0180184543133, "max": 0.339839726686, "var": 0.00175737100653, "mean": 0.035905007273}, "danceability": 0.800693571568, "bpm_histogram_second_peak_weight": {"dmean2": 0, "median": 0.0732484087348, "min": 0.0732484087348, "dvar2": 0, "dvar": 0, "dmean": 0, "max": 0.0732484087348, "var": 0, "mean": 0.0732484087348}, "beats_count": 315, "bpm_histogram_second_peak_bpm": {"dmean2": 0, "median": 140, "min": 140, "dvar2": 0, "dvar": 0, "dmean": 0, "max": 140, "var": 0, "mean": 140}, "bpm_histogram_first_peak_spread": {"dmean2": 0, "median": 0.492753624916, "min": 0.492753624916, "dvar2": 0, "dvar": 0, "dmean": 0, "max": 0.492753624916, "var": 0, "mean": 0.492753624916}, "beats_loudness_band_ratio": {"dmean2": [0.247091427445, 0.224378585815, 0.155132994056, 0.0639988183975, 0.0133842844516, 0.0101571148261], "median": [0.60539740324, 0.182297468185, 0.11281247437, 0.0289400331676, 0.00612562987953, 0.000745617086068], "min": [0, 0, 0, 0, 0, 0], "dvar2": [0.0450443811715, 0.0491231717169, 0.0269484259188, 0.00792743638158, 0.000913805502933, 0.00229287007824], "dvar": [0.019624453038, 0.0184951797128, 0.0101064257324, 0.00293099926785, 0.000325278553646, 0.00100987195037], "dmean": [0.152032986283, 0.135537803173, 0.0929347574711, 0.0365294031799, 0.00795335695148, 0.00612558377907], "max": [0.993263304234, 0.963630139828, 0.778316378593, 0.496966153383, 0.208164915442, 0.513041913509], "var": [0.0828690081835, 0.0475194118917, 0.0242216717452, 0.00472598103806, 0.000343249441357, 0.00625596567988], "mean": [0.573615133762, 0.249577894807, 0.160389825702, 0.0536149814725, 0.0110393967479, 0.0186399873346]}}, "lowlevel": {"barkbands_spread": {"dmean2": 3.40504145622, "median": 7.18928050995, "min": 0.440519690514, "dvar2": 44.2362709045, "dvar": 16.6665859222, "dmean": 2.16302204132, "max": 124.431365967, "var": 323.860900879, "mean": 11.4773740768}, "melbands_spread": {"dmean2": 3.02310037613, "median": 7.79108381271, "min": 0.233084842563, "dvar2": 17.1441421509, "dvar": 7.60857057571, "dmean": 1.9705170393, "max": 168.435882568, "var": 171.599502563, "mean": 10.0125188828}, "hfc": {"dmean2": 2.02669548988, "median": 4.40285682678, "min": 1.07761463844e-16, "dvar2": 10.9041452408, "dvar": 5.08981323242, "dmean": 1.37285590172, "max": 94.2803497314, "var": 98.4077148438, "mean": 8.03212165833}, "barkbands_kurtosis": {"dmean2": 7.083091259, "median": 3.8970913887, "min": -1.83488190174, "dvar2": 199.011749268, "dvar": 70.6519927979, "dmean": 4.38954496384, "max": 168.515640259, "var": 212.564941406, "mean": 9.19514560699}, "gfcc": {"mean": [-128.668395996, 157.803024292, -94.0888137817, 2.97667455673, -32.2328262329, -5.32597255707, -17.3771781921, 1.67017316818, -10.5924777985, -1.98364973068, -0.834364116192, 6.23513412476, -4.3930811882], "icov": [[0.00051527901087, -0.00148816953879, 0.00107258069329, -0.0010952798184, 0.000875193218235, -0.000988282379694, 0.00077103509102, -0.00059919647174, 0.000771757797338, -0.000633941672277, 0.000660884776153, -0.00069500860991, -8.58595467434e-06], [-0.00148816953879, 0.00507583189756, -0.00267667323351, 0.00360136968084, -0.00272814161144, 0.00305881886743, -0.00298574171029, 0.0018541944446, -0.00305011239834, 0.0025483306963, -0.00270239682868, 0.00220502144657, 0.000424790661782], [0.00107258069329, -0.00267667323351, 0.00413099350408, -0.00202040094882, 0.000847266230267, -0.00212286552414, 0.000173920881934, -0.000156610607519, -8.70646545081e-05, -3.00075043924e-05, 0.00159857794642, -0.000720419862773, -0.000147682803799], [-0.0010952798184, 0.00360136968084, -0.00202040094882, 0.0094801960513, -0.00233703129925, 0.000914420816116, -0.00033301487565, -0.000415922520915, -0.00204755109735, 0.00163239589892, -0.00368932378478, 0.00534833176062, 0.00024361575197], [0.000875193218235, -0.00272814161144, 0.000847266230267, -0.00233703129925, 0.00685443263501, -0.00388007052243, 0.00111106270924, -0.000835183425806, 0.000781572540291, -0.00191215344239, 0.000995678943582, -0.00175522617064, -0.000837880768813], [-0.000988282379694, 0.00305881886743, -0.00212286552414, 0.000914420816116, -0.00388007052243, 0.0110330460593, -0.00720679434016, 0.00118646107148, 0.000245740287937, 0.000617635610979, -0.00139673915692, 0.00153489143122, 0.000246818817686], [0.00077103509102, -0.00298574171029, 0.000173920881934, -0.00033301487565, 0.00111106270924, -0.00720679434016, 0.0157291274518, -0.00686839828268, 0.00297461193986, -0.000524322036654, 0.00110828434117, -0.00160932692233, -0.00148254365195], [-0.00059919647174, 0.0018541944446, -0.000156610607519, -0.000415922520915, -0.000835183425806, 0.00118646107148, -0.00686839828268, 0.014241415076, -0.00844481401145, 0.00362474936992, -0.00193784304429, -0.00145459955093, -0.00207982840948], [0.000771757797338, -0.00305011239834, -8.70646545081e-05, -0.00204755109735, 0.000781572540291, 0.000245740287937, 0.00297461193986, -0.00844481401145, 0.0235902927816, -0.0134020373225, 0.00182810926344, 0.00110063957982, -0.000882298045326], [-0.000633941672277, 0.0025483306963, -3.00075043924e-05, 0.00163239589892, -0.00191215344239, 0.000617635610979, -0.000524322036654, 0.00362474936992, -0.0134020373225, 0.0244311969727, -0.00970827508718, 0.00178261101246, 0.00228921906091], [0.000660884776153, -0.00270239682868, 0.00159857794642, -0.00368932378478, 0.000995678943582, -0.00139673915692, 0.00110828434117, -0.00193784304429, 0.00182810926344, -0.00970827508718, 0.0196586195379, -0.0106498012319, 0.000512650294695], [-0.00069500860991, 0.00220502144657, -0.000720419862773, 0.00534833176062, -0.00175522617064, 0.00153489143122, -0.00160932692233, -0.00145459955093, 0.00110063957982, 0.00178261101246, -0.0106498012319, 0.0236832704395, -0.0077906511724], [-8.58595467434e-06, 0.000424790661782, -0.000147682803799, 0.00024361575197, -0.000837880768813, 0.000246818817686, -0.00148254365195, -0.00207982840948, -0.000882298045326, 0.00228921906091, 0.000512650294695, -0.0077906511724, 0.0164240058511]], "cov": [[25737.2539062, 5437.40820312, -3145.25366211, 108.465843201, -665.223571777, -118.639694214, -56.3510246277, 371.164825439, 85.2306442261, 201.482772827, 468.211303711, 280.394622803, -52.4230079651], [5437.40820312, 1755.24523926, -351.362060547, -83.9110565186, 19.3698482513, 3.31993436813, 100.061264038, 100.666519165, 69.3090667725, 32.7322349548, 122.457092285, 70.2651977539, 6.91694450378], [-3145.25366211, -351.362060547, 873.255126953, 3.51280784607, 195.818862915, 128.63230896, 117.918556213, -6.59635829926, 18.8559570312, -43.9791526794, -66.6783447266, -39.8800315857, 23.4162826538], [108.465843201, -83.9110565186, 3.51280784607, 175.950820923, 20.7798576355, 24.1232032776, -7.49407911301, 18.2181053162, 15.3838939667, 13.8575439453, 10.1017227173, -29.7148151398, -13.5386371613], [-665.223571777, 19.3698482513, 195.818862915, 20.7798576355, 290.58291626, 125.315002441, 91.1370315552, 45.8470001221, 26.3416576385, 11.9908924103, 20.8884525299, 21.8032112122, 37.0112800598], [-118.639694214, 3.31993436813, 128.63230896, 24.1232032776, 125.315002441, 220.771224976, 125.98651123, 56.6051864624, 1.48473310471, -4.66977119446, 12.8076820374, 17.971031189, 31.122095108], [-56.3510246277, 100.061264038, 117.918556213, -7.49407911301, 91.1370315552, 125.98651123, 177.979705811, 89.7537002563, 13.8934373856, -8.05513572693, 20.1993598938, 34.849029541, 46.5106964111], [371.164825439, 100.666519165, -6.59635829926, 18.2181053162, 45.8470001221, 56.6051864624, 89.7537002563, 157.858352661, 51.0680198669, 16.2385253906, 43.4511146545, 44.0933189392, 46.8802490234], [85.2306442261, 69.3090667725, 18.8559570312, 15.3838939667, 26.3416576385, 1.48473310471, 13.8934373856, 51.0680198669, 91.5623703003, 50.0503387451, 31.1893043518, 7.66641998291, 7.84146356583], [201.482772827, 32.7322349548, -43.9791526794, 13.8575439453, 11.9908924103, -4.66977119446, -8.05513572693, 16.2385253906, 50.0503387451, 87.1538696289, 50.1281356812, 12.1906957626, -4.57222557068], [468.211303711, 122.457092285, -66.6783447266, 10.1017227173, 20.8884525299, 12.8076820374, 20.1993598938, 43.4511146545, 31.1893043518, 50.1281356812, 113.966461182, 56.146774292, 22.2911720276], [280.394622803, 70.2651977539, -39.8800315857, -29.7148151398, 21.8032112122, 17.971031189, 34.849029541, 44.0933189392, 7.66641998291, 12.1906957626, 56.146774292, 95.4249343872, 50.2075500488], [-52.4230079651, 6.91694450378, 23.4162826538, -13.5386371613, 37.0112800598, 31.122095108, 46.5106964111, 46.8802490234, 7.84146356583, -4.57222557068, 22.2911720276, 50.2075500488, 96.8254547119]]}, "spectral_energyband_middle_low": {"dmean2": 0.00420648604631, "median": 0.00582638941705, "min": 1.80807777757e-22, "dvar2": 5.61771594221e-05, "dvar": 2.30802925216e-05, "dmean": 0.00277097662911, "max": 0.180581197143, "var": 0.000381915218895, "mean": 0.0130001539364}, "melbands_crest": {"dmean2": 4.4924082756, "median": 17.4489421844, "min": 1.61746275425, "dvar2": 22.0593414307, "dvar": 8.03546047211, "dmean": 2.80219078064, "max": 39.16664505, "var": 61.2514381409, "mean": 18.7283859253}, "spectral_kurtosis": {"dmean2": 9.90856838226, "median": 16.8050727844, "min": -1.25353586674, "dvar2": 85.8775482178, "dvar": 29.4393253326, "dmean": 5.68582010269, "max": 65.4744796753, "var": 112.739356995, "mean": 19.0133094788}, "spectral_rms": {"dmean2": 0.00130440795328, "median": 0.00466860644519, "min": 3.08307676264e-12, "dvar2": 4.80955259263e-06, "dvar": 1.52022471411e-06, "dmean": 0.000799955974799, "max": 0.0273347347975, "var": 1.07383102659e-05, "mean": 0.00509404763579}, "zerocrossingrate": {"dmean2": 0.00655230786651, "median": 0.0185546875, "min": 0.0009765625, "dvar2": 0.000338727870258, "dvar": 0.000192990497453, "dmean": 0.00501595437527, "max": 0.52197265625, "var": 0.00686996942386, "mean": 0.0378889031708}, "silence_rate_60dB": {"dmean2": 0.0167824067175, "median": 0, "min": 0, "dvar2": 0.0191052537411, "dvar": 0.00831805542111, "dmean": 0.00838998984545, "max": 1, "var": 0.110311336815, "mean": 0.126265540719}, "erbbands_kurtosis": {"dmean2": 1.49558782578, "median": 0.769904136658, "min": -1.89142274857, "dvar2": 3.49230194092, "dvar": 1.52015459538, "dmean": 0.981614470482, "max": 26.7923965454, "var": 7.91043233871, "mean": 1.5817694664}, "erbbands": {"dmean2": [0.413782149553, 1.49139380455, 2.23070168495, 2.70984196663, 4.7631855011, 3.70085144043, 6.36372375488, 18.9508876801, 30.5431613922, 8.22164535522, 4.5381603241, 6.38335466385, 10.6753349304, 7.5580496788, 9.11771678925, 6.41759443283, 3.88615846634, 5.87604475021, 2.42248392105, 2.79664468765, 1.90105390549, 1.90923452377, 2.33337426186, 1.59273612499, 0.531774938107, 0.33528226614, 0.148676618934, 0.0783278346062, 0.0315458104014, 0.0389024056494, 0.0173700153828, 0.0066369404085, 0.00739301135764, 0.002357914811, 0.000753849453758, 0.000342545768945, 8.49159259815e-05, 9.76924711722e-05, 1.20802242236e-05, 2.32264319493e-05], "median": [0.166936039925, 0.802955389023, 0.749737381935, 0.868346571922, 1.80072343349, 2.93801355362, 4.87980508804, 10.8681001663, 12.3662919998, 6.45051574707, 5.46164798737, 3.74219417572, 8.66333961487, 5.12174987793, 6.62592029572, 4.60575056076, 1.97974610329, 2.72074365616, 1.39638710022, 1.47468209267, 0.990979492664, 0.882725358009, 0.823170781136, 0.770195484161, 0.245609506965, 0.16864913702, 0.102519743145, 0.0580128915608, 0.029631126672, 0.0270390696824, 0.0147106377408, 0.00813132151961, 0.00405757129192, 0.00213652057573, 0.00107971101534, 0.000460098672193, 0.000258130283328, 0.000492601946462, 4.19192947447e-05, 2.6793746656e-05], "min": [5.42838665383e-23, 5.05396751979e-22, 2.29925695888e-21, 6.78089788973e-21, 1.59567631494e-20, 2.9864480368e-20, 2.98384694151e-20, 1.69162299752e-19, 1.0907913123e-19, 2.2223794309e-19, 2.83393939017e-19, 3.99835352515e-19, 4.5897331209e-19, 5.66119257605e-19, 9.02359232718e-19, 1.32416809537e-18, 1.99358344482e-18, 2.12604483939e-18, 3.21259103494e-18, 3.0130151006e-18, 3.54163500401e-18, 5.07468150689e-18, 5.02410644347e-18, 6.89818751878e-18, 5.71681643974e-18, 8.42631188343e-18, 1.13443825729e-17, 8.87346173434e-18, 1.01299780361e-17, 1.12141396768e-17, 1.21576036855e-17, 7.82705178968e-18, 1.01043379187e-17, 8.65809616287e-18, 6.67365885408e-18, 4.13402288123e-18, 2.46450874128e-18, 9.35305836516e-19, 2.75926049049e-19, 2.42638343109e-20], "dvar2": [1.21409976482, 22.2894916534, 52.300239563, 112.612373352, 169.174209595, 81.2093353271, 182.961242676, 1389.41430664, 4949.68554688, 302.060516357, 75.708770752, 289.924255371, 977.65826416, 533.311889648, 312.129882812, 148.722045898, 78.5117111206, 168.065460205, 23.4785251617, 27.5831756592, 14.1394414902, 27.037853241, 33.1246528625, 8.41563129425, 1.44781565666, 0.733031511307, 0.096973605454, 0.0265948008746, 0.00294418074191, 0.00567609304562, 0.00121377198957, 0.000116695759061, 0.000555600272492, 3.29001195496e-05, 1.96903829419e-06, 9.69504640125e-07, 2.19107523236e-08, 1.02427231141e-08, 5.96397708996e-10, 3.46614381641e-09], "dvar": [0.436509907246, 7.99046230316, 17.4775600433, 39.7965126038, 56.2938728333, 32.14087677, 85.8533554077, 777.874755859, 1766.81420898, 215.661911011, 47.4131889343, 293.887481689, 907.584472656, 536.533508301, 198.144866943, 83.5745773315, 33.0700721741, 79.1258850098, 10.2472763062, 10.7766685486, 5.2529168129, 9.85392284393, 12.3246936798, 3.0322329998, 0.558418214321, 0.248011097312, 0.0333004631102, 0.00941336713731, 0.00104882393498, 0.00209414935671, 0.000410137407016, 4.1822258936e-05, 0.000217616223381, 1.17921235869e-05, 7.1559384196e-07, 3.48863125055e-07, 8.12558909047e-09, 5.45860423529e-09, 1.8736215357e-10, 1.07632858182e-09], "dmean": [0.257926017046, 0.942826151848, 1.31789493561, 1.63749754429, 2.97600340843, 2.42143344879, 4.33069753647, 13.0849637985, 19.0317516327, 6.75565862656, 3.55446362495, 5.35583543777, 9.39972114563, 6.5896024704, 7.41644430161, 4.65357398987, 2.56533288956, 3.91501116753, 1.54911315441, 1.71546196938, 1.16195178032, 1.1656897068, 1.40788471699, 0.939213812351, 0.326098620892, 0.197786420584, 0.0875541567802, 0.0466449782252, 0.0187212210149, 0.0231636576355, 0.0101850824431, 0.00392407411709, 0.00447821244597, 0.00139214063529, 0.000451934785815, 0.000204254480195, 5.071632404e-05, 7.1835165727e-05, 7.33371189199e-06, 1.37203105623e-05], "max": [20.2239780426, 83.5340805054, 116.871711731, 315.335021973, 268.678588867, 384.209381104, 405.632202148, 1900.48449707, 1567.55310059, 771.36529541, 293.339935303, 1274.68591309, 1816.37988281, 1455.41931152, 323.045288086, 438.021453857, 166.272094727, 232.722229004, 63.6435394287, 62.1500282288, 50.9749450684, 99.2423171997, 88.4528656006, 32.758846283, 19.8791370392, 13.5824432373, 4.37727117538, 2.68891096115, 0.63896304369, 1.14811420441, 0.5005184412, 0.131019666791, 0.292036682367, 0.0839402526617, 0.0213118549436, 0.0218450725079, 0.00316929072142, 0.00351023394614, 0.000358937686542, 0.000829739263281], "var": [1.18699359894, 16.4869499207, 32.1485099792, 119.612098694, 334.4765625, 298.420806885, 909.386474609, 11329.5351562, 13206.6855469, 2168.23754883, 420.753204346, 3167.41992188, 7885.38964844, 4934.31591797, 1161.68835449, 569.589355469, 115.67591095, 253.77041626, 36.6251487732, 29.210439682, 13.7344865799, 26.0631065369, 32.3607368469, 6.22472333908, 2.19920802116, 0.618792295456, 0.0945176705718, 0.027165170759, 0.00529411900789, 0.00669506471604, 0.00157968292478, 0.00022948627884, 0.000391737208702, 3.26250956277e-05, 4.1507350943e-06, 7.67829817505e-07, 4.15342107374e-08, 2.42499027081e-07, 9.31740795629e-10, 3.34629013388e-09], "mean": [0.542363405228, 1.84572768211, 2.43342757225, 3.72271251678, 7.15170431137, 7.42043876648, 14.5206985474, 43.3013725281, 52.6622123718, 22.6381168365, 12.2640256882, 16.3961448669, 28.0303039551, 20.8747882843, 19.8962211609, 11.5377120972, 5.74245119095, 7.59316968918, 3.46259260178, 3.34683918953, 2.30710077286, 2.45841765404, 2.73058652878, 1.695114851, 0.772789955139, 0.428890436888, 0.204661846161, 0.113110512495, 0.0561820827425, 0.0534120947123, 0.0286781545728, 0.0130393374711, 0.00995269510895, 0.00418342044577, 0.0017980595585, 0.000745958881453, 0.000298818951705, 0.000612658739556, 4.68703765364e-05, 4.3115724111e-05]}, "spectral_strongpeak": {"dmean2": 0.424493074417, "median": 0.214901030064, "min": 0, "dvar2": 0.656939029694, "dvar": 0.262836575508, "dmean": 0.250771671534, "max": 10.2742214203, "var": 0.961863934994, "mean": 0.603428602219}, "spectral_energy": {"dmean2": 0.0215124767274, "median": 0.022340785712, "min": 9.74299692816e-21, "dvar2": 0.00300534046255, "dvar": 0.000932459428441, "dmean": 0.0126958983019, "max": 0.765867471695, "var": 0.00281622214243, "mean": 0.0376047082245}, "average_loudness": 0.0225478690118, "spectral_rolloff": {"dmean2": 339.366638184, "median": 409.130859375, "min": 21.533203125, "dvar2": 3840942.5, "dvar": 1313020.5, "dmean": 190.240814209, "max": 21425.5371094, "var": 16610551, "mean": 1342.13537598}, "spectral_centroid": {"dmean2": 114.597602844, "median": 524.249755859, "min": 145.698867798, "dvar2": 41708.9023438, "dvar": 20405.859375, "dmean": 72.9287414551, "max": 11736.9404297, "var": 1068814.375, "mean": 692.849243164}, "pitch_salience": {"dmean2": 0.0992969945073, "median": 0.456373631954, "min": 0.0401771217585, "dvar2": 0.00955047179013, "dvar": 0.00350239104591, "dmean": 0.0619672834873, "max": 0.860444784164, "var": 0.0210466831923, "mean": 0.446717977524}, "spectral_energyband_middle_high": {"dmean2": 0.000576739897951, "median": 0.000920068356209, "min": 1.20372964579e-21, "dvar2": 2.19480943997e-06, "dvar": 2.04124830816e-06, "dmean": 0.000474797649076, "max": 0.101138420403, "var": 2.16772823478e-05, "mean": 0.00203478778712}, "spectral_contrast_coeffs": {"dmean2": [0.0621433444321, 0.0597758591175, 0.0407710336149, 0.0390432775021, 0.0286037009209, 0.0185158420354], "median": [-0.710966348648, -0.687410235405, -0.710134327412, -0.744893789291, -0.755757331848, -0.782443284988], "min": [-0.977923691273, -0.974550187588, -0.975568771362, -0.969536185265, -0.96622210741, -0.964109301567], "dvar2": [0.00260917120613, 0.00226894579828, 0.0010853765998, 0.000956025440246, 0.000515524880029, 0.00020910341118], "dvar": [0.00093681603903, 0.000831387471408, 0.000446312013082, 0.000365806365153, 0.000183895870578, 7.44626013329e-05], "dmean": [0.037662088871, 0.0364554524422, 0.0263850148767, 0.0239779297262, 0.0172803327441, 0.0109665114433], "max": [-0.301631093025, -0.363657057285, -0.404583603144, -0.550127625465, -0.581379652023, -0.702482163906], "var": [0.00900348369032, 0.00914701540023, 0.00714149931446, 0.00482201017439, 0.00399979855865, 0.00175756798126], "mean": [-0.701742768288, -0.687070667744, -0.713530480862, -0.750132203102, -0.76143091917, -0.791160285473]}, "melbands_skewness": {"dmean2": 0.920423924923, "median": 2.15255975723, "min": -1.66961705685, "dvar2": 1.24156081676, "dvar": 0.46890938282, "dmean": 0.585642516613, "max": 15.6914863586, "var": 4.15022516251, "mean": 2.73139667511}, "spectral_spread": {"dmean2": 359490.40625, "median": 2158278.5, "min": 1012757.0625, "dvar2": 387755180032, "dvar": 175872966656, "dmean": 210073.921875, "max": 42572368, "var": 16032714457100.0, "mean": 2926452}, "dissonance": {"dmean2": 0.0482812076807, "median": 0.418133437634, "min": 0.192918255925, "dvar2": 0.00174065900501, "dvar": 0.000622965337243, "dmean": 0.0287482831627, "max": 0.499754816294, "var": 0.00203064410016, "mean": 0.414479762316}, "spectral_skewness": {"dmean2": 0.714746892452, "median": 3.00988793373, "min": -0.0869797244668, "dvar2": 0.391463845968, "dvar": 0.133487075567, "dmean": 0.412719666958, "max": 6.64836263657, "var": 0.863151788712, "mean": 3.10783314705}, "spectral_flux": {"dmean2": 0.0353618338704, "median": 0.049329765141, "min": 6.38863129065e-11, "dvar2": 0.00240567023866, "dvar": 0.000948887609411, "dmean": 0.0208573713899, "max": 0.625218868256, "var": 0.00366399739869, "mean": 0.0641222000122}, "spectral_contrast_valleys": {"dmean2": [0.491423100233, 0.433374971151, 0.371499300003, 0.311851888895, 0.218148007989, 0.154855251312], "median": [-6.92243862152, -6.94668102264, -8.04875564575, -9.05007362366, -9.63822841644, -12.5078878403], "min": [-28.1647224426, -28.3078861237, -27.716381073, -27.6634578705, -27.4409065247, -27.4628047943], "dvar2": [0.197213843465, 0.160265743732, 0.114796817303, 0.0948697701097, 0.0603725574911, 0.0419030115008], "dvar": [0.0815738290548, 0.067461617291, 0.0504459403455, 0.0416528470814, 0.0301275048405, 0.021946452558], "dmean": [0.296771615744, 0.261821329594, 0.223630800843, 0.18249464035, 0.127432152629, 0.0915101990104], "max": [-4.58323478699, -5.10962724686, -5.73679304123, -7.11052131653, -8.09272193909, -11.2256917953], "var": [6.24252748489, 6.05823040009, 5.13024759293, 4.34485673904, 3.73527026176, 2.48171901703], "mean": [-7.54899263382, -7.49224281311, -8.51927852631, -9.44814777374, -9.98272323608, -12.714641571]}, "erbbands_flatness_db": {"dmean2": 0.0158504676074, "median": 0.219895884395, "min": 0.0221558753401, "dvar2": 0.000232517413679, "dvar": 9.27404980757e-05, "dmean": 0.010614474304, "max": 0.365272462368, "var": 0.00285938964225, "mean": 0.213516548276}, "spectral_energyband_high": {"dmean2": 6.53303050058e-06, "median": 6.92194544172e-06, "min": 6.80046588109e-21, "dvar2": 2.60277688291e-10, "dvar": 8.83945347474e-11, "dmean": 3.85732892028e-06, "max": 0.000260768953012, "var": 3.14048204109e-10, "mean": 1.25198330352e-05}, "spectral_entropy": {"dmean2": 0.161630019546, "median": 6.46514511108, "min": 5.12112092972, "dvar2": 0.0238402280957, "dvar": 0.00932462792844, "dmean": 0.103337369859, "max": 9.82034111023, "var": 0.341944694519, "mean": 6.53887176514}, "silence_rate_20dB": {"dmean2": 0.00520833348855, "median": 1, "min": 0, "dvar2": 0.00633844453841, "dvar": 0.00259734690189, "dmean": 0.0026037900243, "max": 1, "var": 0.00388987595215, "mean": 0.996094882488}, "melbands_flatness_db": {"dmean2": 0.0302164182067, "median": 0.343788564205, "min": 0.00296023860574, "dvar2": 0.000946750980802, "dvar": 0.000356959615601, "dmean": 0.0193131640553, "max": 0.67245388031, "var": 0.00774646736681, "mean": 0.345643460751}, "barkbands": {"dmean2": [0.0134273832664, 0.00850917585194, 0.00173224124592, 0.00105571758468, 0.00126750220079, 0.00186060869601, 0.00163684808649, 0.000281662447378, 0.000251761201071, 0.000368127599359, 0.000235529601923, 0.000146763559314, 7.54446809879e-05, 0.00011730947881, 4.1008926928e-05, 5.19587374583e-05, 4.09764033975e-05, 3.81262725568e-05, 2.16502266994e-05, 8.53233723319e-06, 2.51840492638e-06, 1.01132434338e-06, 5.5443609881e-07, 3.50126583726e-07, 1.48093178609e-07, 5.16382847593e-08, 6.60380479189e-08], "median": [0.00128449616022, 0.00487731909379, 0.000493900384754, 0.000195990229258, 0.00104474346153, 0.00117765681352, 0.000556530838367, 0.000294256635243, 0.000125318925711, 0.000250799523201, 0.000174045329913, 8.12911166577e-05, 2.59281623585e-05, 4.89335034217e-05, 1.51044641825e-05, 1.52248912855e-05, 1.63525710377e-05, 1.25740207295e-05, 1.02492822407e-05, 3.6998867472e-06, 1.824340643e-06, 8.8411275101e-07, 4.41255679107e-07, 3.12146710257e-07, 1.58741229939e-07, 9.7532563359e-08, 3.81981976716e-07], "min": [5.54217088584e-25, 1.95326062209e-24, 9.85858208701e-25, 2.69708644431e-24, 7.72088144654e-24, 1.77147867054e-23, 1.09144380932e-23, 6.78188295612e-24, 1.75931648642e-23, 9.54423955451e-24, 1.78300739935e-23, 2.64826127909e-23, 2.98600955131e-23, 3.84677165705e-23, 3.94578032709e-23, 6.21269362282e-23, 8.19665418699e-23, 8.99296320133e-23, 1.50938070763e-22, 1.59771444879e-22, 1.9786808759e-22, 3.25867913387e-22, 4.54267256211e-22, 4.8365786589e-22, 8.83613576011e-22, 1.39998632406e-21, 1.84267567702e-21], "dvar2": [0.00176819681656, 0.000562100904062, 3.3940483263e-05, 1.16904566312e-05, 7.87163389759e-06, 1.28338169816e-05, 1.33358716994e-05, 2.36163288037e-07, 4.37057479985e-07, 1.87487319181e-06, 2.04627795597e-07, 8.21061760803e-08, 3.60743293015e-08, 6.33093506508e-08, 9.33644539458e-09, 1.48205012707e-08, 8.90267326525e-09, 7.51883710848e-09, 1.69557257124e-09, 4.63882626756e-10, 2.14201035381e-11, 2.96627306051e-12, 1.15095151292e-12, 6.29032795903e-13, 1.32078958773e-13, 1.67878270963e-14, 4.72585939295e-15], "dvar": [0.000543676083907, 0.000200024209335, 1.22200581245e-05, 4.59011334897e-06, 2.8969682262e-06, 7.00371356288e-06, 4.93489142173e-06, 2.0797756406e-07, 4.01481457857e-07, 1.8290885464e-06, 1.63974931411e-07, 4.16074215082e-08, 1.53371431111e-08, 2.92237114508e-08, 4.00272970325e-09, 5.43790035223e-09, 3.29344751471e-09, 2.80574341538e-09, 6.08615380315e-10, 1.58109345061e-10, 7.69315687543e-12, 1.08088624856e-12, 3.96961597707e-13, 2.45631938183e-13, 4.71269514569e-14, 6.07635135987e-15, 2.37397839424e-15], "dmean": [0.00754346791655, 0.00537116220221, 0.00103280995972, 0.000657307216898, 0.000818826199975, 0.00129702221602, 0.00103229121305, 0.000247667863732, 0.000207520992262, 0.000325122964568, 0.000197347224457, 0.000103576741822, 4.94399173476e-05, 7.73750871303e-05, 2.58248146565e-05, 3.13595155603e-05, 2.50651992246e-05, 2.29763063544e-05, 1.28979154397e-05, 5.05206526213e-06, 1.50054677306e-06, 6.03165005941e-07, 3.27190605276e-07, 2.10758528851e-07, 8.794994244e-08, 3.07241485586e-08, 4.78027395445e-08], "max": [0.4378452003, 0.378951191902, 0.110899209976, 0.112672567368, 0.088785611093, 0.151236534119, 0.0565666779876, 0.0159108862281, 0.0443625971675, 0.0893066748977, 0.0198500081897, 0.00847861357033, 0.00397568801418, 0.0045684510842, 0.00183169718366, 0.00174501992296, 0.00155149237253, 0.00127142714337, 0.000452271691756, 0.000295724807074, 6.28857233096e-05, 2.5057923267e-05, 1.42073413372e-05, 1.00914121504e-05, 6.69510336593e-06, 2.7287442208e-06, 2.28241447076e-06], "var": [0.000546776107512, 0.000509362667799, 2.06693657674e-05, 3.10303839797e-05, 2.17162396439e-05, 0.000103542624856, 2.87980110443e-05, 2.02965384233e-06, 4.17493765781e-06, 1.53705077537e-05, 1.56154885644e-06, 2.3257652515e-07, 5.12448750101e-08, 9.50044949377e-08, 1.22236318845e-08, 1.1080146578e-08, 8.07137734427e-09, 7.27733828754e-09, 1.58129398464e-09, 3.92991500453e-10, 2.27482078313e-11, 4.58265153255e-12, 1.61561454319e-12, 6.36109871374e-13, 1.44786621386e-13, 1.76239011313e-14, 1.00168625564e-13], "mean": [0.00941372849047, 0.011545705609, 0.00177944742609, 0.00169293733779, 0.00241562840529, 0.00449231686071, 0.00261273724027, 0.000801222631708, 0.000615224184003, 0.000922415056266, 0.000604796689004, 0.000231715603149, 0.000100436576759, 0.000143853132613, 5.01628601342e-05, 5.08313605678e-05, 4.68961479783e-05, 4.2380670493e-05, 2.46267318289e-05, 1.03006705103e-05, 3.47639593201e-06, 1.61851198754e-06, 9.25022277443e-07, 5