{"tonal": {"thpcp": [1, 0.619474649429, 0.174581006169, 0.0969643965364, 0.121165588498, 0.328476846218, 0.4794023633, 0.292150169611, 0.106025665998, 0.0812523216009, 0.114925086498, 0.26797875762, 0.371889621019, 0.319860130548, 0.482249855995, 0.633233606815, 0.405114978552, 0.220891907811, 0.154517307878, 0.136463284492, 0.359695225954, 0.536634624004, 0.354685366154, 0.160730883479, 0.137977868319, 0.175740927458, 0.376953452826, 0.49422159791, 0.39954739809, 0.502618014812, 0.539793729782, 0.278571516275, 0.156182318926, 0.183719113469, 0.234323278069, 0.640047907829], "hpcp": {"dmean2": [0.187739208341, 0.161929756403, 0.118972159922, 0.132817417383, 0.176732823253, 0.250664025545, 0.248548567295, 0.24250741303, 0.143543899059, 0.0895766839385, 0.0947965458035, 0.14460273087, 0.159837514162, 0.138673603535, 0.078931517899, 0.0692121163011, 0.0905665308237, 0.131280273199, 0.158763617277, 0.183019906282, 0.20541882515, 0.210038840771, 0.186749115586, 0.156943246722, 0.126602351665, 0.115103714168, 0.174872234464, 0.199069619179, 0.179693549871, 0.133047446609, 0.127322822809, 0.142313227057, 0.190330013633, 0.214632555842, 0.228860542178, 0.227152392268], "median": [0.0463576465845, 0.027277674526, 0.0171236973256, 0.0165974162519, 0.0333610251546, 0.175357073545, 0.289010494947, 0.164214074612, 0.0196987017989, 0.00752778351307, 0.0105794891715, 0.0369829647243, 0.059569247067, 0.0405908562243, 0.0140739306808, 0.00825420953333, 0.0113542219624, 0.0328565351665, 0.0481869839132, 0.0574254281819, 0.0897571071982, 0.105124853551, 0.0728549286723, 0.0284300874919, 0.0178668443114, 0.0144690945745, 0.0506645925343, 0.0797877833247, 0.0475410819054, 0.0155951976776, 0.00926900282502, 0.0151314148679, 0.0539253912866, 0.0797808393836, 0.0745467320085, 0.0664645060897], "min": [0, 0, 0, 0, 0, 0, 0, 0, 0, 0, 0, 0, 0, 0, 0, 0, 0, 0, 0, 0, 0, 0, 0, 0, 0, 0, 0, 0, 0, 0, 0, 0, 0, 0, 0, 0], "dvar2": [0.0827040597796, 0.0692619904876, 0.0545171312988, 0.0586423911154, 0.0801771730185, 0.0898459106684, 0.0940885320306, 0.0871203169227, 0.0683162286878, 0.0466455183923, 0.0455710366368, 0.0561336390674, 0.0618242956698, 0.0499569661915, 0.0301620103419, 0.0305352378637, 0.0389183647931, 0.05176294595, 0.0619262494147, 0.0707849040627, 0.0777064487338, 0.0815915241838, 0.0705510154366, 0.0721544474363, 0.0570573844016, 0.0524341650307, 0.0739985778928, 0.0819284617901, 0.0790949612856, 0.0634389221668, 0.0719117671251, 0.0706548839808, 0.083884395659, 0.0929159596562, 0.0928137972951, 0.0964059829712], "dvar": [0.0335007458925, 0.0260514896363, 0.0196551382542, 0.0223288517445, 0.0295906327665, 0.0349801369011, 0.0416872836649, 0.0329592339694, 0.0247197151184, 0.0170534551144, 0.016373520717, 0.0230346824974, 0.0274816676974, 0.0200898423791, 0.010939348489, 0.0108448788524, 0.0136482734233, 0.0193825084716, 0.0247805025429, 0.025939591229, 0.0293681379408, 0.034369174391, 0.0262875240296, 0.0270550940186, 0.0208950955421, 0.0192607827485, 0.0290171485394, 0.0345181003213, 0.0303797014058, 0.0240841396153, 0.0268269218504, 0.0265059247613, 0.0328378491104, 0.0378096550703, 0.0351623147726, 0.0369060710073], "dmean": [0.109914585948, 0.0935868397355, 0.0674543231726, 0.0759905204177, 0.100793935359, 0.150909692049, 0.148698583245, 0.144493997097, 0.0808712989092, 0.0499479956925, 0.0537098906934, 0.0882520973682, 0.0977783054113, 0.0844914168119, 0.0448925755918, 0.0389635786414, 0.0511451922357, 0.0773249641061, 0.0941116064787, 0.106304824352, 0.12266100198, 0.126488372684, 0.110673293471, 0.089885443449, 0.0711262747645, 0.0648436024785, 0.105382993817, 0.119923226535, 0.106210500002, 0.0753274932504, 0.0709434747696, 0.0804372727871, 0.113264322281, 0.129066213965, 0.13186827302, 0.131960481405], "max": [1, 1, 1, 1, 1, 1, 1, 1, 1, 1, 1, 1, 1, 1, 1, 1, 1, 1, 1, 1, 1, 1, 1, 1, 1, 1, 1, 1, 1, 1, 1, 1, 1, 1, 1, 1], "var": [0.112038590014, 0.0377723798156, 0.0183960068971, 0.0258648879826, 0.0293400734663, 0.0771814212203, 0.155476734042, 0.0756222084165, 0.0224691424519, 0.0133364014328, 0.0155892660841, 0.0481075122952, 0.0901750922203, 0.0366880707443, 0.00941777322441, 0.00816195737571, 0.012163897045, 0.0366371721029, 0.0621159672737, 0.0379308648407, 0.0665392056108, 0.112214975059, 0.0525306873024, 0.0298050604761, 0.0183456819504, 0.0170711316168, 0.0524201393127, 0.0962455496192, 0.0522821582854, 0.0236758906394, 0.0233189854771, 0.0272715091705, 0.0572433620691, 0.0835905447602, 0.0525390096009, 0.0848608613014], "mean": [0.23320351541, 0.120349407196, 0.0674744099379, 0.0793709531426, 0.101233132184, 0.27651566267, 0.432023376226, 0.267627537251, 0.0754230767488, 0.0418908856809, 0.052346367389, 0.14190967381, 0.207113027573, 0.126215696335, 0.0458055660129, 0.0351029038429, 0.0496503226459, 0.11577308923, 0.160665005445, 0.138187050819, 0.208343207836, 0.27357172966, 0.175019145012, 0.0954304710031, 0.0667550861835, 0.0589553266764, 0.155396744609, 0.231838703156, 0.153232365847, 0.0694395005703, 0.0596096627414, 0.0759241878986, 0.162852704525, 0.213515281677, 0.172613814473, 0.217142730951]}, "tuning_equal_tempered_deviation": 0.0256827939302, "chords_changes_rate": 0.0420795455575, "key_key": "E", "tuning_diatonic_strength": 0.726572573185, "key_scale": "major", "chords_number_rate": 0.00108592375182, "tuning_frequency": 440.763122559, "tuning_nontempered_energy_ratio": 0.689642369747, "chords_histogram": [34.4645042419, 6.63770866394, 21.2976779938, 0.637980163097, 2.66051316261, 0.244332835078, 0.271480917931, 0.0135740460828, 0.420795440674, 0, 0.257906883955, 0, 0, 0, 0.135740458965, 0.190036654472, 0, 0.488665670156, 0, 1.65603363514, 0.135740458965, 13.7369346619, 15.5694313049, 1.18094205856], "key_strength": 0.898536503315, "chords_key": "E", "chords_strength": {"dmean2": 0.00749070756137, "median": 0.573401510715, "min": 0.247622177005, "dvar2": 4.84699630761e-05, "dvar": 6.72858877806e-05, "dmean": 0.00956165511161, "max": 0.821890056133, "var": 0.0130011159927, "mean": 0.565221607685}, "chords_scale": "major", "hpcp_entropy": {"dmean2": 0.95402354002, "median": 1.90437304974, "min": 0, "dvar2": 0.613004267216, "dvar": 0.227639362216, "dmean": 0.566806852818, "max": 4.3670964241, "var": 0.454545199871, "mean": 1.88928472996}}, "metadata": {"audio_properties": {"equal_loudness": 0, "codec": "mp3", "downmix": "mix", "sample_rate": 44100, "analysis_sample_rate": 44100, "bit_rate": 192015, "md5_encoded": "ef819ce17d32995acb5283615c9cd474", "length": 342.073455811, "replay_gain": -5.85370635986, "lossless": false}, "version": {"essentia_build_sha": "2d9f1f26377add8aeb1075a9c2973f962c4f09fd", "essentia": "2.1-beta2", "extractor": "music 1.0", "essentia_git_sha": "v2.1_beta2-1-ge3940c0"}, "tags": {"title": ["Carry Me"], "acoustid_fingerprint": ["AQADtEkkRVESKRpxHH7R48eH6pB7OEeOHz-GFz564uSMSj-sb6hw_EfVXGi041EiIRaXI4nTgx_2HLWY6Wh-HD-eZ-NwKTtiJscHLWpQ-UKeY5ZjPDnBBH2GB_cRqRwXJMeH8ww24QR_dMdO3MItEj8-KkhG6UJ6otuPuFqh65ok5MHx41ka1MmFO7jQfMfz4CRxmojkgUmj6PiPHs6JT9C04ciH2vCBE_1EYcdx-0ZTH903hDl6Fr-P-oZ_nIN-a0hvjIdVpkdlPmDDHzmlILlUC1OuJih1fFmGkoRzPPBu1D-uHbuOSltwHAxy_0h-9KCxPcpROsUjXMLzZvjeoL_QTIeesMCTE01uDT9TXMyOOjou_EOYkUF_PEKtozl-6MdfPDoeVNOO98aLxloOXfgP18nx40edkmhO4hfGeCFOHc3UQ_LhMTtCTwkOPsdLTWiaF7nE41ECj8OPWsEjoT5e_GjWH5yL_DjIX-gVHd-OMgqDS0f850jgZ3gynDd-MWjOyGhZXMKZphLe7Lg__EJjo-ZxGsmeBWF6XJmOHz_RHHXEYz_e4PiFvmj2I2fwdIfqRGFQe0HqPnj04Eh_uDFqKHyH_-jKGG6O04c5E9KzCz2uJMtwiod8MMlRIj--4cM59A3RdMMf8Dl-TJSIi8d14cez6UG548ePZJIOUVdehHowK8lwSeAu43xweFKO5OGR-3gG78FPPFuN6snxMAlsH-HnHDpxhdiLPU9QjUejdjOO8EeqyEadZDl-_GKCD4p7-Dgp6FIy6CfuHJUehGGOJ7iO5kuK_NDys8jx6kMpZfCDH8_RVMyRp9iP_2ByovSH78SRBwd_1CnSEMxzID-OHyeaM9gmHn1c4npxlD6cU8MV4YKP70j3I_lxHZcoofzxrMEfvEjmF2niHU0afLmI-0J_JAuPPEMvNAuXBucmoodzvAkSfkbIBGv4A4wuTN7w7MiRPFEmtJfQ_PhxNEffozmSGaeIPAya83iyHN5xBX9Q_3h_fIgfFVPYo8eFbEyOb8R7NB9RdlZwPEPDJkG_gw-eVdglwpfxVMeF_xFxGl0qHeYz4mpWREqTHslFHM-ugOETHD2mPFrQJzmiH0mVBVzy4EHT5EQtskauHDoumoe-rEI-HqxSK3ge4TB3nOEW7PmK5Ef6SMS_o3c0NPkVrD1y8pAs5KSBB_ePhyDjC-0UuBvmoxFr_EHyDmHQ7riH70EzKbmFJ0eyjD3y8PiFH83ICHmSCUr3wvnxBc1YRL-DH32QLJx05JHCFc3LoMpOY0bPNGByC-eHxkWpZYiVHQka_eiTbQdHN7jQVGj3BTuRHGFChQ2eG1Z83Ief6EVvFOKPyj2uo5meoSeOi4evSMZlRM-hOGNsRGaWA86JjKNInGl8HL-M7LiT4_twJZMRMruELfkN7ceLP3ATKXgPfUijD5cV4TyaM0epRcXx5cV3hJTzClrIech_7MGZ5IIjmWBzNN8x6cdfXFrwJD3yBzrCPEtREldOPOnxREYTcQj_49BkHs0v5OTR8ChuZchTnEuO88afBhUvNPZx4cc1NOehNT9yNJGmBN2y4xdehDk0Hj9yEecRyonIY9MhUzs4rgRLZoPImyh11FECJt-hM8iPyw6apsnRH0efwX_R7A8iKlECmWmG-Md8tJMFHz2OP8EnovnQC5-DX2gXE8eeH36I8ERy8_j-oVw0Znh0fEYv9DvewviJNHSH5GzxHduOH1xN4kc5RcS35DjRY2dLeMyDinnw2dB3NMczWJESoWIyvFfQnD_6IDlyfA-FN_MxS-txNEmzoCRf7GOKsuOQ00j2FpfyYdfxCj_KJMePH1-EnmB-NPksDY8WIVbUPNAfZD969Whw4cdro_kO5niGU8ejxAquF9OtDX4W1DqSImePit_hK8dxuDeqNsOP70d-Q-NzpH0wxsN3MN7xS0TOB7vwCLrw4hGp4D0a7UF16Atx4fnRNIFO7E_QnKmQ58fz4tLRJeTRBM_B-niO48e1RkEILVcAPdCP2xByGb-x83giybiPKvBp9NGDx2gs_ThyJHwi1LpwPMdP7D8-oqmI5AsiJbmOPxPGRblwJddRHWF-JGHyTMKjHN8XXMxIRHsM3TnyxMN5eDlNXEL-QcqTD2GOMTlu7diXHT_oN2i-4y8i-tCs7Mhz_MLxpSKeKsSN_GgqBuHz4A-PR8XL4EAvIwzJQs8-nE_w44f2Iz3DoFZm1HngH32Y4-gHN8ezC5fFoXRU4Tz2HVd-ZH0M_UMkTieaHI-iY_-FX3ieEX0Ed9ODvgO3t0S-KCOS8ccxWTRuBQ2XB9WV4HqORwgrcUfC6Icf9FcS_MQTbDi34Dn4IeiPXDrOY-bkIDzqQEuP6BVRvcFLoXKWoc7RVB_yLKwEJjuhPcfoDj-6Bxd1_Ghe4MmFfYPGH2Fq4wq-5ARR6mDCJGZU_BL6YcrK4PiUJLimI3lZhM8k-EG1H6XGCv9x7rhCXMUD7zrS6kh-vGnRHVePa0d_NNdT5MyRvKj1w3w0lKRjPBUz3MaVIz6SRx5xPugMlyfSHMlM_NhzAeCAosQAJpRTRhDhiBKIIwWUdsRxAQgSjjECiCDcCKYIkUSQAgBnzgpBjHUGAQSMN1UxgShCTBECjBAICNLII0IDYIASwBCAiAEEiQCIEIpoQ6pgQBglQDUAAEcEQQQQIIQSxBEhECAAGagBYgwayQARihIGnDBEAMYQUgJ4SBgDhCAjhHEUKGuNAoQRBoRAiBADCBAICSIAAQICgRRighFlJCFACEDJQ8IAAggwylGChAIYAEJEAYx5JwwHAFhDGFGCMIsMYgwooAARwBlCglEGmocEMwQAAUR0ghnjDGOKGGAlMEQJIp0iTAghiAEEYcWIMQgKo6BghDLHgALEkQMcYAABLIxQAjhCmHECIUCcEAEpQJwwgjzmrEIKCEUEUhg4oKggDADglNHCIQAAIUgQMiQiTiFEDGNOIUOAEAwwoIgjxjEnEFPOeeUABkAABRwRRCBmAAMACKGEEiIBwIRGClDCgDAUMMCMFEIA4gBASglFhEDAKgGEUMQiZaQhgACFnEFKOMYAEshgADwTCBihiACGEE4BMYI4ZQBggBEEBAMcECGMQEIA4wTzAAHEmBFCCCAEYMQARZggyiEEFBBAOAGoo8gIoRRQCFgigDLECMwJAIBIAgVyhhFgCHMgCAQEAUAIJoQgSlACACaCUmEMEsgwoYypRgABBHQACCKgAQogYpAlECHBnBMGECGYIIYYEiQAwFBmCBEKUKAAAgCKRagQiDABEDHWAIOQItYA7YzihgHgAFBAIAOMgkwwYJBTRCuDJANCIACREAYIRoEBQBIjCFEKMCIEEcQiIowhAAEiEEHAKwgIAYAAgQiAwghhjACeGYoQEQIYACQZBAAGOENGAgWMMDICwABzAhgDIDIAAKUEkMIIgAQwgiliJBBOEGEkAUQSAIgATDBDjLNKYCGYgJwAIKhAxggCFCKOOEWBMFABABQACDhGhDDKAAKEEQgQoYAiADCGGANEMWKdAQA"], "date": ["1977"], "genre": ["Pop/Rock"], "musicbrainz album type": ["Album"], "musicip_puid": ["13ac1d70-e734-9f8d-0155-fd9e2c72258a"], "musicbrainz_recordingid": ["0664a0ac-5f58-4ce5-8338-929bf0b4eb0e"], "musicbrainz_albumartistid": ["c02a487f-4800-4fa9-864a-85c548c2498d"], "musicbrainz_albumid": ["0d71c10b-21fa-45ca-9688-fb8ac79cd6a9"], "artist": ["John Lodge"], "tracknumber": ["04"], "bpm": ["105.64"], "album": ["Natural Avenue"], "acoustid_id": ["79531fda-76d7-4a1a-b218-1e24b6f46042"], "musicbrainz_artistid": ["c02a487f-4800-4fa9-864a-85c548c2498d"], "file_name": "John Lodge - Carry Me.mp3"}}, "rhythm": {"bpm_histogram_first_peak_bpm": {"dmean2": 0, "median": 105, "min": 105, "dvar2": 0, "dvar": 0, "dmean": 0, "max": 105, "var": 0, "mean": 105}, "bpm": 105.707199097, "bpm_histogram_second_peak_spread": {"dmean2": 0, "median": 0.0555555745959, "min": 0.0555555745959, "dvar2": 0, "dvar": 0, "dmean": 0, "max": 0.0555555745959, "var": 0, "mean": 0.0555555745959}, "bpm_histogram_first_peak_weight": {"dmean2": 0, "median": 0.457429051399, "min": 0.457429051399, "dvar2": 0, "dvar": 0, "dmean": 0, "max": 0.457429051399, "var": 0, "mean": 0.457429051399}, "onset_rate": 3.24477934837, "beats_position": [0.592108845711, 1.19582760334, 1.79954648018, 2.41487526894, 3.03020405769, 3.64553284645, 4.2492518425, 4.85297060013, 5.44507932663, 6.025578022, 6.6176867485, 7.20979595184, 7.79029464722, 8.38240337372, 8.97451210022, 9.56662082672, 10.1703395844, 10.7508392334, 11.3429479599, 11.9350566864, 12.5271654129, 13.1192741394, 13.722992897, 14.3267116547, 14.9304304123, 15.5341491699, 16.1378688812, 16.7648067474, 17.3685264587, 17.9722442627, 18.575963974, 19.179681778, 19.7717914581, 20.363899231, 20.94439888, 21.5248966217, 22.0937862396, 22.6626758575, 23.2431735992, 23.8236732483, 24.40417099, 24.984670639, 25.553560257, 26.1340579987, 26.7029476166, 27.2834453583, 27.8639450073, 28.4444446564, 29.0249423981, 29.6054420471, 30.1859397888, 30.7664394379, 31.3469390869, 31.9274368286, 32.4963264465, 33.0768241882, 33.6457138062, 34.2262115479, 34.8067131042, 35.3872108459, 35.9561004639, 36.5249862671, 37.1054878235, 37.6859855652, 38.2664833069, 38.8469848633, 39.4158706665, 39.9847602844, 40.5536499023, 41.1225395203, 41.6914291382, 42.2603149414, 42.8408164978, 43.4213142395, 43.9902038574, 44.5707015991, 45.139591217, 45.708480835, 46.2773704529, 46.8462562561, 47.415145874, 47.9840354919, 48.5529251099, 49.1102027893, 49.6790924072, 50.2479820251, 50.8168716431, 51.3857574463, 51.9546470642, 52.5235366821, 53.0808143616, 53.6497039795, 54.2185935974, 54.7874832153, 55.3563690186, 55.936870575, 56.5173683167, 57.0978660583, 57.6783676147, 58.247253418, 58.8161430359, 59.3850326538, 59.9539222717, 60.5344200134, 61.1149177551, 61.6954193115, 62.2759170532, 62.8564147949, 63.4369163513, 64.0174102783, 64.5863037109, 65.1551895142, 65.7356872559, 66.316192627, 66.8966903687, 67.4771881104, 68.0576858521, 68.6265716553, 69.1954650879, 69.7643508911, 70.3332443237, 70.9137420654, 71.4942398071, 72.0631256104, 72.632019043, 73.2125167847, 73.7930145264, 74.3735122681, 74.9424057007, 75.5112915039, 76.0917892456, 76.6722869873, 77.252784729, 77.8332901001, 78.4137878418, 78.982673645, 79.5515594482, 80.1320648193, 80.712562561, 81.2814483643, 81.8503417969, 82.4192276001, 82.9881134033, 83.5570068359, 84.1258926392, 84.6947860718, 85.263671875, 85.8325576782, 86.4014511108, 86.9703369141, 87.5392303467, 88.1081161499, 88.6770019531, 89.2575073242, 89.8380050659, 90.4185028076, 90.9873886108, 91.5678863525, 92.1367797852, 92.7172775269, 93.2977752686, 93.8550567627, 94.4239425659, 94.9812240601, 95.5501098633, 96.1190032959, 96.6878890991, 97.2567749023, 97.825668335, 98.3829498291, 98.9634475708, 99.532333374, 100.101219177, 100.681724548, 101.250610352, 101.807891846, 102.376777649, 102.957275391, 103.537773132, 104.095054626, 104.66394043, 105.232833862, 105.801719666, 106.370613098, 106.927886963, 107.496780396, 108.065666199, 108.64616394, 109.215057373, 109.783943176, 110.364440918, 110.933334351, 111.502220154, 112.071105957, 112.63999939, 113.197273254, 113.766166687, 114.33505249, 114.903945923, 115.472831726, 116.03011322, 116.598999023, 117.167892456, 117.736778259, 118.305664063, 118.874557495, 119.443443298, 120.012336731, 120.581222534, 121.150108337, 121.71900177, 122.276275635, 122.845169067, 123.414054871, 123.971336365, 124.540222168, 125.109115601, 125.666389465, 126.223670959, 126.780952454, 127.338226318, 127.907119751, 128.476013184, 129.033279419, 129.61378479, 130.194290161, 130.763168335, 131.332061768, 131.912567139, 132.493057251, 133.061950684, 133.630844116, 134.211334229, 134.780227661, 135.349105835, 135.917999268, 136.4868927, 137.055786133, 137.624664307, 138.205169678, 138.77406311, 139.342941284, 139.923446655, 140.503936768, 141.0728302, 141.641723633, 142.222213745, 142.791107178, 143.36000061, 143.928878784, 144.497772217, 145.078277588, 145.647155762, 146.216049194, 146.796554565, 147.365432739, 147.934326172, 148.503219604, 149.072113037, 149.640991211, 150.198272705, 150.767166138, 151.324447632, 151.904937744, 152.485443115, 153.065933228, 153.63482666, 154.192108154, 154.761001587, 155.329879761, 155.898773193, 156.467666626, 157.0365448, 157.605438232, 158.174331665, 158.743209839, 159.312103271, 159.869384766, 160.42666626, 160.995559692, 161.564437866, 162.144943237, 162.71383667, 163.282714844, 163.863220215, 164.432098389, 165.000991821, 165.558273315, 166.127166748, 166.70765686, 167.288162231, 167.868652344, 168.437545776, 169.006439209, 169.575332642, 170.144210815, 170.713104248, 171.270385742, 171.827667236, 172.39654541, 172.965438843, 173.534332275, 174.103210449, 174.68371582, 175.264221191, 175.833099365, 176.401992798, 176.97088623, 177.539764404, 178.097045898, 178.67755127, 179.246429443, 179.815322876, 180.384216309, 180.953109741, 181.521987915, 182.090881348, 182.65977478, 183.228652954, 183.797546387, 184.378051758, 184.946929932, 185.527435303, 186.096328735, 186.665206909, 187.24571228, 187.826202393, 188.395095825, 188.963989258, 189.54447937, 190.124984741, 190.682266235, 191.239547729, 191.808425903, 192.377319336, 192.946212769, 193.515090942, 194.083984375, 194.652877808, 195.23336792, 195.790649414, 196.359542847, 196.928436279, 197.485717773, 198.042984009, 198.611877441, 199.180770874, 199.749649048, 200.31854248, 200.875823975, 201.444717407, 202.013595581, 202.570877075, 203.139770508, 203.70866394, 204.265930176, 204.834823608, 205.403717041, 205.984207153, 206.564712524, 207.145217896, 207.725708008, 208.29460144, 208.863494873, 209.432373047, 210.001266479, 210.570159912, 211.139038086, 211.69631958, 212.265213013, 212.834106445, 213.402984619, 213.971878052, 214.540771484, 215.109649658, 215.678543091, 216.247436523, 216.816329956, 217.396820068, 217.965713501, 218.546203613, 219.126708984, 219.707214355, 220.287704468, 220.868209839, 221.437088013, 222.005981445, 222.563262939, 223.132156372, 223.701034546, 224.269927979, 224.838821411, 225.407699585, 225.976593018, 226.54548645, 227.114364624, 227.694869995, 228.263763428, 228.832641602, 229.401535034, 229.970428467, 230.527709961, 231.084991455, 231.653869629, 232.222763062, 232.791656494, 233.360534668, 233.917816162, 234.475097656, 235.043991089, 235.601272583, 236.170150757, 236.739044189, 237.307937622, 237.865203857, 238.422485352, 238.979766846, 239.53704834, 240.094329834, 240.663208008, 241.220489502, 241.777770996, 242.346664429, 242.915557861, 243.472824097, 244.041717529, 244.610610962, 245.179489136, 245.73677063, 246.294052124, 246.851333618, 247.408615112, 247.977508545, 248.53477478, 249.103668213, 249.660949707, 250.22984314, 250.798721313, 251.356002808, 251.913284302, 252.458953857, 253.016235352, 253.573516846, 254.14239502, 254.699676514, 255.268569946, 255.82585144, 256.394744873, 256.952026367, 257.520904541, 258.089782715, 258.647064209, 259.204345703, 259.761627197, 260.318908691, 260.887786865, 261.456695557, 262.02557373, 262.594451904, 263.151733398, 263.72064209, 264.277923584, 264.846801758, 265.404083252, 265.961364746, 266.51864624, 267.087524414, 267.656402588, 268.225311279, 268.794189453, 269.351470947, 269.908752441, 270.466033936, 271.02331543, 271.580596924, 272.137878418, 272.695129395, 273.252410889, 273.809692383, 274.366973877, 274.935882568, 275.504760742, 276.062042236, 276.61932373, 277.176605225, 277.733886719, 278.291137695, 278.848419189, 279.405700684, 279.962982178, 280.520263672, 281.077545166, 281.63482666, 282.192108154, 282.749389648, 283.306671143, 283.863952637, 284.421234131, 284.978485107, 285.535766602, 286.093048096, 286.65032959, 287.207611084, 287.764892578, 288.322174072, 288.879455566, 289.436737061, 289.994018555, 290.551300049, 291.108551025, 291.66583252, 292.223114014, 292.780395508, 293.337677002, 293.883361816, 294.429016113, 294.986297607, 295.543579102, 296.100860596, 296.65814209, 297.203796387, 297.772705078, 298.341583252, 298.898864746, 299.45614624, 300.013427734, 300.570709229, 301.127990723, 301.685241699, 302.242523193, 302.811431885, 303.368713379, 303.925994873, 304.48324585, 305.040527344, 305.597808838, 306.155090332, 306.723999023, 307.292877197, 307.850158691, 308.407440186, 308.96472168, 309.522003174, 310.07925415, 310.636535645, 311.193817139, 311.751098633, 312.308380127, 312.854064941, 313.399719238, 313.957000732, 314.525878906, 315.094787598, 315.652069092, 316.209350586, 316.766601563, 317.323883057, 317.881164551, 318.438446045, 319.007354736, 319.57623291, 320.133514404, 320.702392578, 321.259674072, 321.816955566, 322.374237061, 322.931518555, 323.488800049, 324.057678223, 324.626556396, 325.195465088, 325.752746582, 326.310028076, 326.86730957, 327.424560547, 327.981842041, 328.539123535, 329.096405029, 329.653686523, 330.210968018, 330.768249512, 331.325531006, 331.8828125, 332.451690674, 333.008972168, 333.566253662, 334.135131836, 334.69241333, 335.249694824, 335.806976318, 336.364257813, 336.921539307, 337.478820801, 338.036102295, 338.593383789, 339.150665283, 339.70791626, 340.265197754, 340.822479248, 341.379760742], "beats_loudness": {"dmean2": 0.0215736851096, "median": 0.0218014977872, "min": 1.15855436889e-06, "dvar2": 0.000417871953687, "dvar": 0.000150923719048, "dmean": 0.0126257576048, "max": 0.0928247123957, "var": 0.000337398669217, "mean": 0.0251454357058}, "danceability": 1.02482771873, "bpm_histogram_second_peak_weight": {"dmean2": 0, "median": 0.0283806342632, "min": 0.0283806342632, "dvar2": 0, "dvar": 0, "dmean": 0, "max": 0.0283806342632, "var": 0, "mean": 0.0283806342632}, "beats_count": 600, "bpm_histogram_second_peak_bpm": {"dmean2": 0, "median": 99, "min": 99, "dvar2": 0, "dvar": 0, "dmean": 0, "max": 99, "var": 0, "mean": 99}, "bpm_histogram_first_peak_spread": {"dmean2": 0, "median": 0.523478209972, "min": 0.523478209972, "dvar2": 0, "dvar": 0, "dmean": 0, "max": 0.523478209972, "var": 0, "mean": 0.523478209972}, "beats_loudness_band_ratio": {"dmean2": [0.354674398899, 0.259153932333, 0.233322679996, 0.196445688605, 0.109272643924, 0.0778811424971], "median": [0.363478124142, 0.155379951, 0.137542143464, 0.0976707041264, 0.0627466738224, 0.0337011739612], "min": [0.0104848099872, 0.00651987828314, 0.00210238061845, 0.000956362928264, 0.00125937268604, 0.00010487405234], "dvar2": [0.0819928571582, 0.0493317395449, 0.041191637516, 0.044199809432, 0.0139775406569, 0.00998905207962], "dvar": [0.0284958016127, 0.0159765798599, 0.0167280901223, 0.0150892501697, 0.0052566989325, 0.00368691887707], "dmean": [0.211960762739, 0.14403809607, 0.136075899005, 0.114226594567, 0.0634675845504, 0.0428933799267], "max": [0.976722180843, 0.795857071877, 0.879528999329, 0.827274382114, 0.588452279568, 0.890655636787], "var": [0.0514272712171, 0.0185328330845, 0.0279024560004, 0.0204391796142, 0.00672442140058, 0.00365857849829], "mean": [0.399874985218, 0.181417420506, 0.188403397799, 0.145869836211, 0.0875836089253, 0.04718022421]}}, "lowlevel": {"barkbands_spread": {"dmean2": 7.14931678772, "median": 21.1965751648, "min": 0.901658117771, "dvar2": 74.4355621338, "dvar": 34.1421699524, "dmean": 4.64708185196, "max": 117.962837219, "var": 126.887512207, "mean": 22.2777481079}, "melbands_spread": {"dmean2": 9.46568012238, "median": 24.9340419769, "min": 0.823039710522, "dvar2": 146.580657959, "dvar": 71.0374450684, "dmean": 6.05734014511, "max": 268.070526123, "var": 297.516357422, "mean": 26.8488826752}, "hfc": {"dmean2": 6.27639102936, "median": 11.353474617, "min": 1.26670058258e-16, "dvar2": 145.512512207, "dvar": 69.5198440552, "dmean": 4.32638454437, "max": 313.470184326, "var": 384.724456787, "mean": 17.2244110107}, "barkbands_kurtosis": {"dmean2": 2.90389585495, "median": 0.643400549889, "min": -1.92778861523, "dvar2": 36.9441947937, "dvar": 16.3923358917, "dmean": 1.8423769474, "max": 129.111282349, "var": 51.0172462463, "mean": 2.68159842491}, "gfcc": {"mean": [-30.1638965607, 93.7424087524, -121.039268494, 30.4861488342, -51.6420211792, 10.3133926392, -35.704410553, 9.27873420715, -21.4278926849, 0.637720286846, -16.2265148163, -0.742660939693, -13.2294178009], "icov": [[0.000121754281281, -1.02157018773e-05, 0.000144773162901, -9.66464431258e-05, 0.000164214521646, -0.000152805965627, 0.000176284418558, -8.89506336534e-05, 1.06192983367e-05, -0.000148304738104, 0.000196743771085, -0.000301701220451, 0.000200911686989], [-1.02157018773e-05, 0.00215521361679, -8.80766310729e-05, 0.00108304049354, -0.00119447498582, 0.00114655925427, -0.000865364971105, 0.000544272304978, -0.00142995722126, 0.00165024667513, -0.00300821568817, 0.00273077306338, -0.00191587745212], [0.000144773162901, -8.80766310729e-05, 0.00233865319751, -0.000792823033407, -0.000433958746726, -0.000861779262777, 0.000628854264505, -0.00102965894621, 0.00065669126343, -0.00124047021382, 0.000702633347828, -0.000838479259983, 0.000490160135087], [-9.66464431258e-05, 0.00108304049354, -0.000792823033407, 0.00430356804281, -0.002384447027, 0.00125207088422, -0.000211365084397, 0.000131897759275, -0.000991291715764, 0.00181220006198, -0.00215834542178, 0.00110843207221, -0.00137107691262], [0.000164214521646, -0.00119447498582, -0.000433958746726, -0.002384447027, 0.00686810724437, -0.00201690848917, 1.40980018841e-05, 0.00143774645403, -0.000905937165953, -0.00117335142568, 0.00168396753725, -0.00121078651864, 0.000724584388081], [-0.000152805965627, 0.00114655925427, -0.000861779262777, 0.00125207088422, -0.00201690848917, 0.0075280922465, -0.00323856296018, -0.000182130825124, 0.00151727278717, -0.000830726115964, -0.00113406300079, 0.00138248526491, -0.00118879100773], [0.000176284418558, -0.000865364971105, 0.000628854264505, -0.000211365084397, 1.40980018841e-05, -0.00323856296018, 0.00814433488995, -0.00274103344418, 0.000508890603669, 0.00159729272127, -0.0018472581869, -0.000846512673888, 0.000685712031554], [-8.89506336534e-05, 0.000544272304978, -0.00102965894621, 0.000131897759275, 0.00143774645403, -0.000182130825124, -0.00274103344418, 0.0106922583655, -0.00433670682833, 0.000322498177411, 0.00221119611524, -0.000688210187946, -0.000496930268127], [1.06192983367e-05, -0.00142995722126, 0.00065669126343, -0.000991291715764, -0.000905937165953, 0.00151727278717, 0.000508890603669, -0.00433670682833, 0.0122326249257, -0.00505232205614, 0.000587919726968, 0.00123471068218, -0.000663435726892], [-0.000148304738104, 0.00165024667513, -0.00124047021382, 0.00181220006198, -0.00117335142568, -0.000830726115964, 0.00159729272127, 0.000322498177411, -0.00505232205614, 0.014458483085, -0.00798100885004, 0.0034503324423, 0.000592267140746], [0.000196743771085, -0.00300821568817, 0.000702633347828, -0.00215834542178, 0.00168396753725, -0.00113406300079, -0.0018472581869, 0.00221119611524, 0.000587919726968, -0.00798100885004, 0.0194373447448, -0.00952308252454, 0.00536015164107], [-0.000301701220451, 0.00273077306338, -0.000838479259983, 0.00110843207221, -0.00121078651864, 0.00138248526491, -0.000846512673888, -0.000688210187946, 0.00123471068218, 0.0034503324423, -0.00952308252454, 0.0193657819182, -0.00946456938982], [0.000200911686989, -0.00191587745212, 0.000490160135087, -0.00137107691262, 0.000724584388081, -0.00118879100773, 0.000685712031554, -0.000496930268127, -0.000663435726892, 0.000592267140746, 0.00536015164107, -0.00946456938982, 0.0163847692311]], "cov": [[10279.984375, -702.54486084, -517.918212891, -49.4186820984, -367.538360596, 38.1063652039, -230.048278809, 61.4610786438, -61.4268913269, 42.9628791809, -96.4601211548, 121.271614075, -68.7666015625], [-702.54486084, 1005.22515869, -102.816955566, -81.9893112183, 109.367370605, -91.0906677246, 86.1887741089, -34.6206436157, 120.354026794, -12.1635503769, 98.9553146362, -76.2263946533, 35.1770706177], [-517.918212891, -102.816955566, 604.075012207, 132.737106323, 105.532783508, 83.0660095215, -2.90160059929, 42.0211105347, -1.63176000118, 51.5294570923, 3.90063691139, 18.7657527924, -2.2446231842], [-49.4186820984, -81.9893112183, 132.737106323, 357.150390625, 116.165649414, -8.32239818573, -8.36043262482, 1.72512352467, 18.4516944885, -7.30021238327, 11.4623279572, 19.1428909302, 19.914522171], [-367.538360596, 109.367370605, 105.532783508, 116.165649414, 237.700683594, 42.4438018799, 22.6820335388, -17.6665077209, 29.8065414429, 19.3812351227, 19.1634941101, -3.45051693916, 7.18536329269], [38.1063652039, -91.0906677246, 83.0660095215, -8.32239818573, 42.4438018799, 208.632751465, 72.8594741821, 15.3046512604, -30.4108161926, 18.1486778259, 9.86791229248, 11.5454654694, -2.07110929489], [-230.048278809, 86.1887741089, -2.90160059929, -8.36043262482, 22.6820335388, 72.8594741821, 187.341308594, 34.9468193054, -0.91870367527, -14.3179540634, 28.146905899, 10.0776424408, 6.88254833221], [61.4610786438, -34.6206436157, 42.0211105347, 1.72512352467, -17.6665077209, 15.3046512604, 34.9468193054, 130.526657104, 37.6272926331, 3.58395195007, -16.0648212433, 4.31288814545, 7.61410093307], [-61.4268913269, 120.354026794, -1.63176000118, 18.4516944885, 29.8065414429, -30.4108161926, -0.91870367527, 37.6272926331, 137.047042847, 45.3253517151, 16.0111255646, -22.897485733, -0.479567736387], [42.9628791809, -12.1635503769, 51.5294570923, -7.30021238327, 19.3812351227, 18.1486778259, -14.3179540634, 3.58395195007, 45.3253517151, 124.503463745, 43.8029174805, -12.290678978, -27.0285758972], [-96.4601211548, 98.9553146362, 3.90063691139, 11.4623279572, 19.1634941101, 9.86791229248, 28.146905899, -16.0648212433, 16.0111255646, 43.8029174805, 103.528381348, 22.3656482697, -10.0847148895], [121.271614075, -76.2263946533, 18.7657527924, 19.1428909302, -3.45051693916, 11.5454654694, 10.0776424408, 4.31288814545, -22.897485733, -12.290678978, 22.3656482697, 97.7436218262, 40.0010147095], [-68.7666015625, 35.1770706177, -2.2446231842, 19.914522171, 7.18536329269, -2.07110929489, 6.88254833221, 7.61410093307, -0.479567736387, -27.0285758972, -10.0847148895, 40.0010147095, 94.560333252]]}, "spectral_energyband_middle_low": {"dmean2": 0.00381787354127, "median": 0.00572393415496, "min": 2.20058845828e-22, "dvar2": 3.27447087329e-05, "dvar": 1.46037245941e-05, "dmean": 0.00256661558524, "max": 0.0803823843598, "var": 7.11267857696e-05, "mean": 0.00816502701491}, "melbands_crest": {"dmean2": 4.47870492935, "median": 11.5270776749, "min": 1.75799632072, "dvar2": 16.3754482269, "dvar": 6.26284837723, "dmean": 2.74612998962, "max": 33.486656189, "var": 22.6869182587, "mean": 12.4366264343}, "spectral_kurtosis": {"dmean2": 2.48243951797, "median": 4.41439723969, "min": -1.19911682606, "dvar2": 9.45085716248, "dvar": 3.44203901291, "dmean": 1.47782969475, "max": 50.426776886, "var": 7.84283638, "mean": 4.99358797073}, "spectral_rms": {"dmean2": 0.000722566037439, "median": 0.00377560569905, "min": 3.2982143492e-12, "dvar2": 6.01769841069e-07, "dvar": 2.91313909884e-07, "dmean": 0.000494858482853, "max": 0.0108745507896, "var": 3.47102059095e-06, "mean": 0.00384784420021}, "zerocrossingrate": {"dmean2": 0.00975123979151, "median": 0.05810546875, "min": 0.00341796875, "dvar2": 0.0001382536866, "dvar": 0.000120156277262, "dmean": 0.00812498386949, "max": 0.4990234375, "var": 0.000820857123472, "mean": 0.0595444962382}, "silence_rate_60dB": {"dmean2": 0.045618083328, "median": 0, "min": 0, "dvar2": 0.049098175019, "dvar": 0.0222859755158, "dmean": 0.0228074938059, "max": 1, "var": 0.105404153466, "mean": 0.119731217623}, "erbbands_kurtosis": {"dmean2": 1.48271620274, "median": 0.0340742841363, "min": -1.73156428337, "dvar2": 5.11671447754, "dvar": 2.29166150093, "dmean": 0.951050519943, "max": 35.7808265686, "var": 5.64827775955, "mean": 0.691482186317}, "erbbands": {"dmean2": [0.062976360321, 0.562299668789, 1.6704968214, 2.10501170158, 4.26328372955, 5.58862733841, 6.15115594864, 7.75095653534, 13.9586544037, 21.275850296, 15.827047348, 17.9003257751, 22.7767658234, 29.136007309, 32.2045440674, 17.2890377045, 23.1810016632, 24.341676712, 22.7129688263, 25.2713871002, 21.0939998627, 24.8165016174, 16.6997261047, 10.2399644852, 10.3585996628, 8.38857936859, 3.76055431366, 3.0411465168, 3.0196492672, 2.13266038895, 1.78843533993, 1.22578418255, 0.837312400341, 0.445649951696, 0.196528822184, 0.0972059890628, 0.0508530326188, 0.0162799265236, 0.00181659369264, 5.09014898853e-05], "median": [0.0181295853108, 0.291916966438, 0.943814814091, 1.45426380634, 2.27369022369, 2.78445458412, 2.73615980148, 3.88220310211, 4.79622602463, 8.89386463165, 6.68536043167, 7.32320690155, 6.98573923111, 7.33910751343, 8.079246521, 5.46864032745, 6.96802854538, 8.08032989502, 7.63649749756, 9.10157775879, 6.9829492569, 8.23103904724, 7.95973920822, 5.79527997971, 5.06390762329, 4.05901098251, 1.98115479946, 1.72150313854, 1.75053989887, 1.06550300121, 0.692694962025, 0.439587593079, 0.291528403759, 0.137492910028, 0.0525783672929, 0.0188714507967, 0.00619342783466, 0.00117765308823, 7.86516247899e-05, 2.28828976105e-05], "min": [5.43204065754e-22, 1.30419523464e-21, 2.46120094941e-20, 1.00211780913e-19, 6.94549568407e-20, 1.45094264908e-19, 2.38888106544e-19, 2.48505657978e-19, 2.62073462126e-19, 3.26342009451e-19, 5.60529274423e-19, 1.98601453542e-18, 1.50371591913e-18, 1.93443175922e-18, 2.35544394354e-18, 5.85643377379e-18, 4.80241128596e-18, 3.43751902108e-18, 5.20610851211e-18, 5.4169845608e-18, 6.58480311268e-18, 5.62879656435e-18, 1.07196130563e-17, 1.75695296232e-17, 1.52027408976e-17, 1.79994186963e-17, 2.04639173046e-17, 2.45049493686e-17, 1.56785103705e-17, 2.12927241542e-17, 2.0964012505e-17, 1.91712143326e-17, 1.73307109999e-17, 1.11936388325e-17, 7.78690044274e-18, 6.8093524569e-18, 3.30353023751e-18, 1.3508156154e-18, 4.30998942653e-19, 3.82272569739e-20], "dvar2": [0.0274224374443, 1.8832103014, 8.64606189728, 14.8677845001, 78.8776168823, 142.104949951, 244.505249023, 361.031188965, 1143.72338867, 2799.50878906, 1484.79907227, 2799.91308594, 3557.65966797, 5944.31103516, 7418.58496094, 2362.11303711, 5303.59033203, 4379.24853516, 4393.15185547, 4563.17871094, 4078.3972168, 5914.03417969, 2491.53100586, 599.01184082, 702.898376465, 741.066345215, 118.051925659, 69.2908172607, 102.417663574, 100.265075684, 205.969940186, 49.931098938, 18.492149353, 2.39160776138, 0.528901994228, 0.191380485892, 0.118423618376, 0.0170082263649, 0.000349475740222, 2.23055650395e-07], "dvar": [0.0110163316131, 0.718506217003, 3.37780880928, 5.50579738617, 30.3426971436, 62.7737503052, 110.986099243, 148.597763062, 480.977478027, 1351.80297852, 651.773254395, 1261.17138672, 1504.71313477, 2401.7434082, 3093.1394043, 933.702331543, 2138.44506836, 1992.27038574, 1927.63317871, 1733.66174316, 1676.8951416, 2326.06713867, 1106.75170898, 255.145370483, 286.617095947, 286.646209717, 47.4846801758, 32.160320282, 48.4453582764, 42.80027771, 76.8063583374, 22.7429561615, 9.96569633484, 1.09425485134, 0.263710856438, 0.0932975113392, 0.0518041588366, 0.00708524603397, 0.000144202029333, 9.11496087497e-08], "dmean": [0.038629680872, 0.335985422134, 0.995720565319, 1.28765082359, 2.63542056084, 3.64391732216, 4.07630062103, 5.10314178467, 8.96618843079, 14.630147934, 10.5514202118, 12.2528629303, 14.8857069016, 18.4907989502, 19.9664993286, 10.9211759567, 15.2100753784, 15.9034986496, 14.5722856522, 15.4900197983, 13.4475355148, 15.4043054581, 10.6310949326, 6.30614423752, 6.52061223984, 5.20244503021, 2.33135533333, 1.92633771896, 1.95622205734, 1.37844645977, 1.16114497185, 0.818721354008, 0.585205316544, 0.308695375919, 0.137444242835, 0.0680797100067, 0.0347129665315, 0.0107559412718, 0.00115992734209, 3.3030690247e-05], "max": [2.7755715847, 21.9519329071, 60.6929130554, 58.7566070557, 132.037750244, 238.361358643, 330.346008301, 470.907196045, 663.737792969, 1516.36523438, 758.346130371, 1485.13146973, 1461.34631348, 1325.38806152, 1882.39465332, 957.700500488, 2259.98632813, 1586.07006836, 1947.50024414, 1663.65368652, 1491.2512207, 2147.98535156, 1937.62878418, 878.237487793, 665.592041016, 863.876220703, 311.577728271, 277.406829834, 420.830474854, 333.937866211, 668.137756348, 257.229156494, 228.923477173, 35.3179779053, 20.1371917725, 13.6150350571, 10.2676038742, 3.63036584854, 0.446195214987, 0.0113509772345], "var": [0.0145910456777, 0.816343545914, 6.8827586174, 8.8871679306, 52.0382652283, 199.053710938, 361.64352417, 340.145874023, 1301.47436523, 4975.20361328, 1473.42700195, 2797.85253906, 4875.51855469, 6048.91113281, 5891.13183594, 2997.76391602, 6053.88183594, 6329.08007813, 5107.078125, 3319.52026367, 6603.92431641, 7547.38037109, 3817.87109375, 722.030395508, 871.181335449, 751.908874512, 82.8298339844, 79.237121582, 123.343902588, 71.1857299805, 70.0308532715, 48.7140693665, 21.8933639526, 1.71738362312, 0.360101461411, 0.115330889821, 0.0521917715669, 0.00642713904381, 0.000124672675156, 7.8246280566e-08], "mean": [0.0623641051352, 0.550103485584, 1.72585320473, 2.35952210426, 4.6553850174, 7.42178440094, 8.70510482788, 10.1184473038, 17.2749042511, 31.9843788147, 20.522310257, 24.5105304718, 30.9321880341, 34.5962562561, 33.7837028503, 22.2976284027, 31.9712543488, 35.1953735352, 28.5125732422, 28.4211978912, 29.7035732269, 33.926815033, 24.1857795715, 14.0279817581, 13.8494777679, 10.8899888992, 4.68306446075, 3.98743391037, 4.09399366379, 2.54767847061, 1.90084826946, 1.37926638126, 0.924250662327, 0.473564088345, 0.199821949005, 0.0900992825627, 0.038591619581, 0.010391975753, 0.0010004438227, 4.77661233163e-05]}, "spectral_strongpeak": {"dmean2": 1.06377232075, "median": 0.521657049656, "min": 0, "dvar2": 2.92350935936, "dvar": 1.14145219326, "dmean": 0.624149978161, "max": 15.2089710236, "var": 2.10987329483, "mean": 1.12131297588}, "spectral_energy": {"dmean2": 0.00683752866462, "median": 0.0146115785465, "min": 1.11501733218e-20, "dvar2": 8.49296484375e-05, "dvar": 3.85438070225e-05, "dmean": 0.00460737710819, "max": 0.121212244034, "var": 0.000253692996921, "mean": 0.0187337193638}, "average_loudness": 0.354861080647, "spectral_rolloff": {"dmean2": 611.809387207, "median": 1335.05859375, "min": 64.599609375, "dvar2": 1064599.625, "dvar": 483837.125, "dmean": 360.15612793, "max": 18604.6875, "var": 1164047.75, "mean": 1488.88085938}, "spectral_centroid": {"dmean2": 325.109222412, "median": 1364.8260498, "min": 231.345306396, "dvar2": 116213.882813, "dvar": 57519.6757813, "dmean": 210.246704102, "max": 11075.1884766, "var": 332993.53125, "mean": 1399.98706055}, "pitch_salience": {"dmean2": 0.0961532965302, "median": 0.515524327755, "min": 0.138468503952, "dvar2": 0.00690926983953, "dvar": 0.00272281095386, "dmean": 0.0597094558179, "max": 0.843534529209, "var": 0.00993089284748, "mean": 0.512269616127}, "spectral_energyband_middle_high": {"dmean2": 0.00276145711541, "median": 0.00333564379252, "min": 1.40323042302e-21, "dvar2": 2.0251089154e-05, "dvar": 8.78865103005e-06, "dmean": 0.00181009620428, "max": 0.0770352780819, "var": 5.83437868045e-05, "mean": 0.00621944852173}, "spectral_contrast_coeffs": {"dmean2": [0.0760989785194, 0.0673211961985, 0.0613915249705, 0.0489595606923, 0.0369006060064, 0.0258376561105], "median": [-0.65579688549, -0.706150472164, -0.725798428059, -0.738268256187, -0.751884102821, -0.767200171947], "min": [-0.971647441387, -0.944036483765, -0.956830501556, -0.951082706451, -0.967277765274, -0.962055683136], "dvar2": [0.00367765594274, 0.00305697694421, 0.00242968229577, 0.0015468968777, 0.000890204391908, 0.000479457579786], "dvar": [0.00135914888233, 0.00122430676129, 0.0010056537576, 0.000615870056208, 0.000375476724003, 0.000214411003981], "dmean": [0.0460209473968, 0.042044185102, 0.0385881029069, 0.0304455682635, 0.0231928601861, 0.0166449677199], "max": [-0.355675518513, -0.402008444071, -0.407556980848, -0.513172626495, -0.520535111427, -0.556679546833], "var": [0.00594819942489, 0.0057539944537, 0.00556738208979, 0.00360614527017, 0.00268778158352, 0.00157008995302], "mean": [-0.654586613178, -0.703334391117, -0.720961391926, -0.736276268959, -0.748659849167, -0.765541493893]}, "melbands_skewness": {"dmean2": 0.866843879223, "median": 1.66359972954, "min": -1.97695231438, "dvar2": 0.965485453606, "dvar": 0.434696108103, "dmean": 0.56598675251, "max": 15.7944116592, "var": 2.58803939819, "mean": 2.02489423752}, "spectral_spread": {"dmean2": 663327.8125, "median": 3978573, "min": 1431820.25, "dvar2": 659134611456, "dvar": 406149103616, "dmean": 492077.96875, "max": 40350204, "var": 1537188560900.0, "mean": 4232931}, "dissonance": {"dmean2": 0.0337934866548, "median": 0.463491082191, "min": 0.2596398592, "dvar2": 0.001049918239, "dvar": 0.000386272848118, "dmean": 0.0201164633036, "max": 0.499853372574, "var": 0.000922264822293, "mean": 0.