{"tonal": {"thpcp": [1, 0.982268869877, 0.560537278652, 0.300719201565, 0.608148515224, 0.870381653309, 0.668813407421, 0.438981741667, 0.488370805979, 0.67616713047, 0.667089104652, 0.458805441856, 0.5784304142, 0.978983819485, 0.873003363609, 0.38920968771, 0.21594902873, 0.227072641253, 0.274459660053, 0.378794789314, 0.364401191473, 0.252336204052, 0.252132743597, 0.427107542753, 0.79179751873, 0.891609430313, 0.619336307049, 0.526510238647, 0.665923893452, 0.634684920311, 0.420528411865, 0.292814314365, 0.339607745409, 0.491531312466, 0.779433012009, 0.949980437756], "hpcp": {"dmean2": [0.297011971474, 0.28095266223, 0.173064857721, 0.125655084848, 0.120569914579, 0.130723446608, 0.14938826859, 0.154655501246, 0.134718775749, 0.13775010407, 0.186579868197, 0.285234123468, 0.308429151773, 0.228938728571, 0.188401252031, 0.220148906112, 0.213372215629, 0.1770734936, 0.139970555902, 0.140263095498, 0.169730305672, 0.236673161387, 0.258026063442, 0.279756367207, 0.407970696688, 0.240282803774, 0.131268903613, 0.237056687474, 0.295805305243, 0.277428090572, 0.192193850875, 0.178197771311, 0.239288926125, 0.243668958545, 0.192472577095, 0.217960774899], "median": [0.072427533567, 0.0576588623226, 0.0206989236176, 0.00919063575566, 0.0106009654701, 0.0142414430156, 0.0172826107591, 0.0146709447727, 0.0119397100061, 0.010491348803, 0.0220135562122, 0.0552264526486, 0.0755327492952, 0.0454772375524, 0.0277340281755, 0.0268418900669, 0.020773395896, 0.0134033039212, 0.0118875997141, 0.0114973252639, 0.0242674443871, 0.061098087579, 0.0627119913697, 0.0637365430593, 0.031916052103, 0.0198439080268, 0.0123248035088, 0.0362002551556, 0.0582169219851, 0.0351255387068, 0.0143287498504, 0.0167925339192, 0.0352490879595, 0.0425606630743, 0.0275972764939, 0.0379003360868], "min": [0, 0, 0, 0, 0, 0, 0, 0, 0, 0, 0, 0, 0, 0, 0, 0, 0, 0, 0, 0, 0, 0, 0, 0, 0, 0, 0, 0, 0, 0, 0, 0, 0, 0, 0, 0], "dvar2": [0.132353231311, 0.128981679678, 0.0888009145856, 0.0724194422364, 0.0707458630204, 0.0708768665791, 0.0790444985032, 0.088433496654, 0.0828562229872, 0.0822063684464, 0.0908206030726, 0.136102572083, 0.134556010365, 0.103607349098, 0.0916128382087, 0.111334070563, 0.111893884838, 0.107044130564, 0.0717453286052, 0.0738965347409, 0.0839952453971, 0.0986578390002, 0.112733669579, 0.0945405811071, 0.224284291267, 0.0835400670767, 0.0584562234581, 0.108172722161, 0.1294246912, 0.134604021907, 0.0906319841743, 0.084877692163, 0.107299737632, 0.111593678594, 0.0974742248654, 0.102459959686], "dvar": [0.0558564290404, 0.055107884109, 0.0328263007104, 0.0257218945771, 0.0252690594643, 0.0256168153137, 0.0303048677742, 0.0332042612135, 0.0290579907596, 0.029756968841, 0.0340465754271, 0.0541839003563, 0.0550484471023, 0.0405432581902, 0.0361709557474, 0.0447448119521, 0.0463123843074, 0.0412947237492, 0.0265671145171, 0.0287805758417, 0.0340159162879, 0.0408318154514, 0.0523566305637, 0.0463400669396, 0.112667545676, 0.0371492616832, 0.0213372390717, 0.0414453707635, 0.0610085017979, 0.0564212948084, 0.0346182882786, 0.0341890603304, 0.0476657450199, 0.0466280691326, 0.0366744361818, 0.0386870652437], "dmean": [0.174003526568, 0.165018960834, 0.0966814309359, 0.067791596055, 0.0660640224814, 0.0731188058853, 0.0857510715723, 0.0874481648207, 0.0737229511142, 0.075295753777, 0.105663359165, 0.165084943175, 0.179252415895, 0.133055716753, 0.108262062073, 0.128737553954, 0.123067013919, 0.0980539396405, 0.0779199823737, 0.0792512446642, 0.099090591073, 0.139639988542, 0.152391269803, 0.163927644491, 0.223296239972, 0.133447915316, 0.073352470994, 0.137248367071, 0.176392734051, 0.165262103081, 0.108363091946, 0.103370599449, 0.140838518739, 0.143027693033, 0.109536759555, 0.12469997257], "max": [1, 1, 1, 1, 1, 1, 1, 1, 1, 1, 1, 1, 1, 1, 1, 1, 1, 1, 1, 1, 1, 1, 1, 1, 1, 1, 1, 1, 1, 1, 1, 1, 1, 1, 1, 1], "var": [0.0899091213942, 0.0823029279709, 0.0310558769852, 0.0175600778311, 0.0182973742485, 0.0204214919358, 0.0347474478185, 0.0344990454614, 0.0205367375165, 0.0219992380589, 0.0328042060137, 0.0697925388813, 0.0740828216076, 0.0487706102431, 0.0490195006132, 0.0666912645102, 0.0676743686199, 0.0455222316086, 0.0225480608642, 0.0329502187669, 0.0483764372766, 0.0612034834921, 0.0960172563791, 0.0835048928857, 0.125488221645, 0.0418750010431, 0.0244207233191, 0.0487331859767, 0.0818743184209, 0.0622960366309, 0.0386017560959, 0.0457425378263, 0.0624819993973, 0.058283444494, 0.0374947302043, 0.0464226491749], "mean": [0.223149716854, 0.19899250567, 0.0887165144086, 0.0492234528065, 0.0517589710653, 0.0625603720546, 0.086342535913, 0.083061657846, 0.0575175508857, 0.0574711710215, 0.0973549559712, 0.180482432246, 0.203233584762, 0.141171604395, 0.120012812316, 0.151790782809, 0.144670173526, 0.0958553031087, 0.0667441338301, 0.077410236001, 0.112039715052, 0.177664071321, 0.21653868258, 0.227940142155, 0.223898500204, 0.127768948674, 0.068545974791, 0.138621464372, 0.198394924402, 0.152449429035, 0.100061558187, 0.111319310963, 0.154125630856, 0.152056381106, 0.104580178857, 0.131847515702]}, "tuning_equal_tempered_deviation": 0.136113509536, "chords_changes_rate": 0.0722296983004, "key_key": "A", "tuning_diatonic_strength": 0.452783107758, "key_scale": "major", "chords_number_rate": 0.00119635113515, "tuning_frequency": 434.193115234, "tuning_nontempered_energy_ratio": 0.848850548267, "chords_histogram": [45.4912528992, 7.41737699509, 0, 0.0299087781459, 0, 0, 0, 0, 0.732765078545, 0.927172124386, 2.34783911705, 0.912217736244, 0, 0.0598175562918, 0.0747719481587, 6.41543292999, 0, 1.86929869652, 12.1579179764, 0.403768509626, 0, 0.0448631681502, 19.2163906097, 1.8992074728], "key_strength": 0.55172419548, "chords_key": "A", "chords_strength": {"dmean2": 0.0140582704917, "median": 0.557403624058, "min": 0.256356060505, "dvar2": 0.00014289097453, "dvar": 0.000103482874692, "dmean": 0.0121372723952, "max": 0.773754060268, "var": 0.00731605384499, "mean": 0.549481391907}, "chords_scale": "major", "hpcp_entropy": {"dmean2": 1.07559537888, "median": 1.9398829937, "min": 0, "dvar2": 0.719695091248, "dvar": 0.260702043772, "dmean": 0.637994945049, "max": 4.14276981354, "var": 0.466964185238, "mean": 1.91807341576}}, "metadata": {"audio_properties": {"equal_loudness": 0, "codec": "flac", "downmix": "mix", "sample_rate": 44100, "analysis_sample_rate": 44100, "bit_rate": 0, "md5_encoded": "2fcefdb8316d2f3757a58fb2c7b57038", "length": 310.453338623, "replay_gain": -7.29035949707, "lossless": true}, "version": {"essentia_build_sha": "70f2e5ece6736b2c40cc944ad0e695b16b925413", "essentia": "2.1-beta2", "extractor": "music 1.0", "essentia_git_sha": "v2.1_beta2"}, "tags": {"title": ["Portas De Banda-Kamakore (The Banda Doors-New Times)"], "albumartist": ["Bonga"], "tracktotal": ["12"], "initialkey": ["11B"], "musicbrainz_recordingid": ["06682513-e0b8-46c3-b1cc-071b5b9e20d6"], "artistsort": ["Bonga"], "mood": ["Extremely bored"], "album": ["Paz Em Angola"], "musicbrainz_albumartistid": ["15b1dbc3-f113-44d5-88b0-7a258ae57dca"], "musicbrainz_releasetrackid": ["7009e111-89d1-3a2a-a948-1887a9cab450"], "discnumber": ["1"], "bpm": ["120"], "releasecountry": ["AO"], "file_name": "12-Portas De Banda-Kamakore (The Banda Doors-New Times).flac", "acoustid_fingerprint": ["AQADtFMUJdHCZUEppTx6JsF_OFfQp7iifQjVHUlWXsM7wruCF8-HMFmQ-Lh09InCHNvRH6UUJQcVD5aUq4j5SNClIOVFGc9XmNFRrqlwX-gPXjqaPBPe6MMzuTiDmAkNLaHToM-PnMeZy8jj4IaUJ0KzKTLI5AqeHc1z9DeO5sfEJ7j4oDmF6sfFIHweoplE48yXYruMH0-yo1q4wrLwI1krBMd3ND7-xVgn5JGhIsfTYHoe4VnkTbgpI4waHsl643rwEUcz4g-snB2qHz2NZp_wKEdTpfrQ8_ibBE-cDmHCnEi2Ek_hJ8NVHQ-PZ2jCFz-67cLjDfFt4UetC020hMczqSI-BZPoHM2zG1dyNEefVbi1UIHP48GjMkbPH-Je4Tm23UMVVg3uxEKvQeQyhL9wqsFI0VgboQn6zKhHB5tTnEgfxdCPaGmyw0nIoB0f4QxzNEdfG7-E8Dxu7ahynB30bD6eFs0Preuhf-gPJuRxSWXwRrnAWETjFDeeC16P4xbuUEcPR9OIygx-CvqSHI2yGtWeUTiPPpcoNG6O_YROhInCo6uOyoef5cWjRGic4xKNl1uG_vB7tEkf7FuGy5iiJ0UyWUJ-7MOlB31yoXl2nBT6HElaI3h044os1GuFC515hCEH_UIefB_R3_C64xmDRk1M3EfzYOJ6oQ2aMcXJJkIbp0K6IZkoPIf1OHgl4wpzXB_6WnDoNEcfI59mXMYb40Kf4YmkQ8su4U6EPszR9IZ2NPvx4iMa1dDEQFeeEPkzoc8JL4cvok7o4AqHKuXhKEyCfkge5MdR72i84fimISySHgcvSeiv4VE4CUyOUGKQ_PiDf_gePNPw42HQR2kQ5gme22j2oh4uNwiZpwmc_gg3HXoQ6haaVQ8evsJ19CmaOFeOOyLO8shTHE0eagbzMFDF5AV9CV2YBY3746-gnZhyB39mpM_xLzpiqcc7o5UiJxDPB58eNLqMizn60LBdaF8uXLdwHrE4TMrRjDzeSahfwVSQdssGXXAoHqkaHpVr4wna3EGYkcZ16McdPD9xFm3s48s36BaasdNxacfpZWiiopOa4-LSDE8OZT-u4n-RLjzGC88_hKmz5Th3Q0efTPg-9A-YpDquMbhID9pzBb6R5WGCJ_yFsmjy4zma77i2XGio7JilG80j9MZ3NI6L6cco7Ro6VTiSijrCf0B_eFKO3TT28Ehz4RfkDzFtY3Mmo36HtkYaM0eXQ_WRK4_wotdxMjueREJlNLdQHr8u1B_CfHhCpYH2C2mYoitDPPAf4dyOK3vxJBeaN6ic4z9yXridIj-aSsoRcsmh5wnyiUUTZ8FkPTG-o96OZmWF_IGmE2GS4-JxpQya7gv-wTdqi9h1VJFDFVOqLPh25DqSH0ePLc8jWPtxhsiXQryHHM9R5xOuZJNQbYQVBslk5PiTEM9p1EaZ53hy_EHjHn2O50czSUSfeXgqDqWcCnmChDneJQ2aX3gY4r1w6mjeBtUv_Mgv3JlAPij3Q-wWo9Px7MiSOg5CTTqO5pmFarfwiFAUuaiQS2rQH_4lw7-C_rijo2PgbOEQ_tBznMe1o4mDnil6ouEr3DGuCJXkEI2u4Bm-0ziajsN0Q48-6DxRazlunpiqHg_DBo9kNJEERaWM88LT4BRLNJvQJTn0B01flKvx_GDYC83IQwcdG2cuodKD5sPT45fR_EQbF08vvH1Qv2i-44nO4MHl4A2-oyGP3viyCw_DHBMl6mhk_PikxFBuDz38Q9E19NlgCTc9-KTQcoZ-NNYcXCn-Y9U5vBZ0GheNlDvKH28kIbZOPNDS4xfCLKeOZ5VQSkWYRM6Di4eeJ0JTI-QaPDueB3ZzPBE9vI9Q3Wi-4-mMPNGhJ4uEMHF2lHE1sAdzo3G0kchz6MwT3CJE13gmJhxi5w2KZkF5_AhfJB_xUKJwN8ONkjmaGq_wLXmwS0STL0h25LkwPLvQ6oXLoXLwDhXSHxctNNSFU5SIZwjDMQilFvcFXY-AO1F2PD-aiPih6Sny41GPZuKHfj3K_PDkdPiRTJRU5E8D_8Kz4eKJKxca28Sk5jr2HL-KP8Zv-BqyTqMCWREYMjPCVEzxXsGVo_kQ6rugUwijMEd17FEn9K0Odxd8SxOm4zreJHLRaNVwJ0ISHTl-fB_2HE2YBqdIxLGQvDgF_3ikxGj6KXhEFGGOpOLxXPiF87iS4eQ3PFtxn6gqVUZz5siP9ofHpBFYftBzJuBjIw2JrmWE5ntQhsfl4zkqfgphJxd6fXj2CM-EH6WtgYqWFuGzQ56OalwKJvWN68Phz9DZBpWbY0rSHDqHL4vR5xLMU4IPTWEf4T_Ks_BT9A_-CZeyC_F2PDm2H7fRw56MZzFyQj1yKVnwizCXHZ-mw8cl9DxiZ_hzQjUplFIWH18On9D6VDgtZfhgi8QTEleiJ9CjK3CNK2nxOyiLJvhT4eqcBFoY9MOZ409QUkeTFnJ-XInooX8quMoahDduDWfgbDqeDs2zLpjOHFd-NE2NPpJxGT-mnES9JRzO5EF3F1MuZfiP5AnCT9iqHHtenB8u4g3CQ10Q_rg4Cn1kFM6WRUe4Q5dy5GaEn8X0DI7IHM9-NLrQxFKP8sd1eBKPB88d5HIqJFOPRtNi4Ub1NWiWHu-L68kQxi4qJz70HBf-Fy-qw1uyBtV2HM26oGpvQLN4NFeQo3Kmo0lyXMXUN3gyDn4K98Zk8XhyVKQobGoknEdsIdlx7Ed92EZFJcSH_Eh2OBSNh7LgGybxRwgXHsk__MF_ND_KHF14wnGO5_CRR_Ck9Ch5PA8DzZQqOM0RusHfBFMeHe2O50KuQ4tdaM8fvJ_xAaGIAkIIIggB1AkImBCACWAUAgwYBIQiwAhCiADGACEkVYohBIBCSEAhgFEIGCIQMwgAC5JBQCgjATKAAMJAN0AIIAhhQAgiCKEUGIIQgAQogwASRAAAiKECCAAMEAAwJIAghAkikCSAKCaQIgIATgRhSDgFABJAAEQcERQJywwggBghgBBIOAWEIYQoIQAQQDCkCQIAASCEIQokoEAiBCECCFKEGuGAIRAAArgCSwAIAGBCAAsIYUIAjpAgShlRgCAgAGUQMkIygyQhCghDiCMAAAUNIAApAIAUQooChAICOaEYAUgAgRggwABggABEGQUBA8gJBaCQAgADCCECEgOIAMoggYgARAJCAAEIOWAAEkAIBIgAhAAoCAHQCIaQYEQaQgQiBCCAAQJAGkPIQcQARAwwShAjwBCEAIGIAowQgBAFhgAGCEFEGYCIM4AZTAxQCiDjMQAAAAK8VAR5ZhgABigAlAIEOEGMEcAQooACADBiLJIEKMYIAsIboAQARgEAlEAEMGGEAEhZhoBSSighCEFCEUOBggAYJoiSRAhhBBAKCAAAEI4wRYgVSgGhhEKKCIsAE0AQBwFASilkBGCIAQIAYQQgBIhhBBBijBJCIAihEgAIBpCjShCFLAJCKAAWMQIJo5BCTBBiACHACWekIsIQAoBigAhCAEFACCOQEQQpAAySEgAKPACAAI0QAFo0Y4QhSEBgkHLAMCMgJYgIIgQQQhhkgBAAKAAYAkAAISmgAhigCBIAQEKEABQAQAQSiAGiGHAAIcGEAYACgygRRBAgDAGAOAAIAsQAQQBhyChBABAIIOIAEAABI6BzCCACACHIGmIAYAIEhAghgCjgBCDCWECEYY4RIJwFhgBkjCFgEAAGEoBIbwQCCgukDBMCJKMMEA5RAARRDDkiABVCUIQEsQQoYQQRjBgkABBEAQ"], "date": ["1991"], "genre": ["International > Merengue"], "musicbrainz_albumid": ["cb3def09-1d5d-48b2-bfa8-d0c369911920"], "disctotal": ["1"], "musicbrainz_artistid": ["15b1dbc3-f113-44d5-88b0-7a258ae57dca"], "grouping": ["International"], "artist": ["Bonga"], "composer": ["Bonga"], "tracknumber": ["12"], "albumartistsort": ["Bonga"], "acoustid_id": ["32a3d7d4-18b7-4f24-b165-3f537642c7ca"], "script": ["Latin"], "musicbrainz_releasegroupid": ["f51f9028-c2b7-3751-a62a-3fe74d775720"]}}, "rhythm": {"bpm_histogram_first_peak_bpm": {"dmean2": 0, "median": 120, "min": 120, "dvar2": 0, "dvar": 0, "dmean": 0, "max": 120, "var": 0, "mean": 120}, "bpm": 119.380226135, "bpm_histogram_second_peak_spread": {"dmean2": 0, "median": 0.325581371784, "min": 0.325581371784, "dvar2": 0, "dvar": 0, "dmean": 0, "max": 0.325581371784, "var": 0, "mean": 0.325581371784}, "bpm_histogram_first_peak_weight": {"dmean2": 0, "median": 0.324278444052, "min": 0.324278444052, "dvar2": 0, "dvar": 0, "dmean": 0, "max": 0.324278444052, "var": 0, "mean": 0.324278444052}, "onset_rate": 5.96507263184, "beats_position": [0.557278871536, 1.10294783115, 1.66022670269, 2.18267560005, 2.69351458549, 3.19274377823, 3.69197273254, 4.20281171799, 4.71365070343, 5.21287965775, 5.71210861206, 6.21133756638, 6.71056699753, 7.22140598297, 7.73224496841, 8.24308395386, 8.75392246246, 9.26476192474, 9.76399040222, 10.2748298645, 10.774058342, 11.2848978043, 11.7957363129, 12.3065757751, 12.7941951752, 13.3050336838, 13.8042631149, 14.3034915924, 14.8027210236, 15.301949501, 15.8011789322, 16.3004074097, 16.8112468719, 17.3220863342, 17.8097057343, 18.3205432892, 18.8081626892, 19.3190021515, 19.8182315826, 20.3174591064, 20.8050785065, 21.3043079376, 21.8035373688, 22.3027667999, 22.8019943237, 23.3012237549, 23.800453186, 24.3112926483, 24.8221302032, 25.3329696655, 25.8321990967, 26.3314285278, 26.8190479279, 27.3298854828, 27.8175048828, 28.316734314, 28.8159637451, 29.3151912689, 29.8144207001, 30.3136501312, 30.8128795624, 31.3121089935, 31.8113365173, 32.322177887, 32.8330154419, 33.3438529968, 33.8546943665, 34.3423118591, 34.8299331665, 35.329158783, 35.8283882141, 36.3392295837, 36.8384590149, 37.3376846313, 37.8369140625, 38.3361434937, 38.8469848633, 39.3578224182, 39.8570518494, 40.3562812805, 40.8671188354, 41.3779602051, 41.8771858215, 42.3764152527, 42.8640365601, 43.374874115, 43.8741035461, 44.3849411011, 44.8841705322, 45.3833999634, 45.8826293945, 46.3934669495, 46.9043083191, 47.415145874, 47.9143753052, 48.4136047363, 48.9244422913, 49.4236717224, 49.9229011536, 50.4221305847, 50.9213600159, 51.420589447, 51.9082069397, 52.4074363708, 52.9182739258, 53.4175033569, 53.9167327881, 54.4159622192, 54.9151916504, 55.4260292053, 55.9252586365, 56.4244880676, 56.9237174988, 57.4229469299, 57.9221763611, 58.4214057922, 58.9206352234, 59.4198646545, 59.9307022095, 60.4299316406, 60.9291610718, 61.4283905029, 61.9276161194, 62.4268455505, 62.9260749817, 63.4253044128, 63.924533844, 64.4237594604, 64.9229888916, 65.4106140137, 65.8982315063, 66.3974609375, 66.8966903687, 67.3959197998, 67.895149231, 68.3943786621, 68.8936004639, 69.3812255859, 69.8804550171, 70.3796844482, 70.8789138794, 71.3781356812, 71.8889770508, 72.3998184204, 72.8990478516, 73.3982772827, 73.9091110229, 74.4083404541, 74.9075698853, 75.4067993164, 75.9060287476, 76.4168701172, 76.9160995483, 77.4153289795, 77.9261627197, 78.4253921509, 78.924621582, 79.4238510132, 79.9230804443, 80.433921814, 80.9447631836, 81.4439926147, 81.9432220459, 82.4424438477, 82.9416732788, 83.4525146484, 83.9401321411, 84.4393615723, 84.9385910034, 85.449432373, 85.9602737427, 86.4595031738, 86.9587249756, 87.4579544067, 87.9571838379, 88.456413269, 88.9556427002, 89.4664840698, 89.9773254395, 90.4881591797, 90.9990005493, 91.5098419189, 92.0090713501, 92.5083007812, 93.0191345215, 93.5299758911, 94.0408172607, 94.551651001, 95.0624923706, 95.5617218018, 96.0609512329, 96.5717926025, 97.0826263428, 97.5934677124, 98.104309082, 98.6035385132, 99.1027679443, 99.6136016846, 100.112831116, 100.612060547, 101.111289978, 101.610519409, 102.10974884, 102.608978271, 103.119819641, 103.619049072, 104.118278503, 104.617500305, 105.116729736, 105.615959167, 106.115188599, 106.61441803, 107.113647461, 107.612876892, 108.112106323, 108.622947693, 109.122177124, 109.621406555, 110.120635986, 110.619865417, 111.130699158, 111.629928589, 112.12915802, 112.63999939, 113.15083313, 113.650062561, 114.149291992, 114.648521423, 115.147750854, 115.658592224, 116.146209717, 116.645439148, 117.144668579, 117.655509949, 118.166343689, 118.66557312, 119.164802551, 119.675643921, 120.186485291, 120.697319031, 121.2081604, 121.71900177, 122.218231201, 122.717460632, 123.228294373, 123.739135742, 124.249977112, 124.760810852, 125.248435974, 125.736053467, 126.235282898, 126.734512329, 127.245346069, 127.732971191, 128.232192993, 128.731430054, 129.242263794, 129.753097534, 130.252334595, 130.751556396, 131.262405396, 131.761627197, 132.260864258, 132.771697998, 133.2709198, 133.77015686, 134.280990601, 134.7918396, 135.279449463, 135.790298462, 136.289520264, 136.788757324, 137.287979126, 137.787200928, 138.286437988, 138.797271729, 139.296508789, 139.807342529, 140.30657959, 140.805801392, 141.305038452, 141.804260254, 142.303482056, 142.802719116, 143.313552856, 143.824401855, 144.335235596, 144.846069336, 145.356918335, 145.867752075, 146.378585815, 146.889434814, 147.400268555, 147.911102295, 148.410339355, 148.909561157, 149.420410156, 149.931243896, 150.442077637, 150.941314697, 151.440536499, 151.93977356, 152.438995361, 152.938232422, 153.437454224, 153.948303223, 154.459136963, 154.958358765, 155.457595825, 155.956817627, 156.456054688, 156.966888428, 157.477722168, 157.988571167, 158.499404907, 159.010253906, 159.521087646, 160.031921387, 160.542770386, 161.041992188, 161.541213989, 162.052062988, 162.55128479, 163.050521851, 163.549743652, 164.048980713, 164.559814453, 165.059051514, 165.558273315, 166.057495117, 166.475463867, 166.893417358, 167.29977417, 167.717727661, 168.263397217, 168.809066772, 169.354736328, 169.900405884, 170.457687378, 171.003356934, 171.549026489, 172.094696045, 172.640365601, 173.186035156, 173.731704712, 174.288970947, 174.834640503, 175.380310059, 175.937591553, 176.494873047, 177.040542603, 177.586212158, 178.143493652, 178.700775146, 179.246429443, 179.792098999, 180.337768555, 180.88343811, 181.440719604, 181.98638916, 182.543670654, 183.100952148, 183.646621704, 184.203903198, 184.761169434, 185.318450928, 185.875732422, 186.433013916, 186.99029541, 187.547576904, 188.09324646, 188.650512695, 189.196182251, 189.741851807, 190.287521362, 190.844802856, 191.402084351, 191.959365845, 192.516647339, 193.073913574, 193.631195068, 194.188476562, 194.745758057, 195.291427612, 195.837097168, 196.394378662, 196.951644897, 197.497314453, 198.042984009, 198.600265503, 199.145935059, 199.691604614, 200.23727417, 200.782943726, 201.34022522, 201.897506714, 202.44317627, 202.988845825, 203.546112061, 204.103393555, 204.660675049, 205.217956543, 205.775238037, 206.332519531, 206.889785767, 207.447067261, 208.004348755, 208.561630249, 209.118911743, 209.676193237, 210.233459473, 210.790740967, 211.348022461, 211.905303955, 212.462585449, 213.019866943, 213.577133179, 214.134414673, 214.691696167, 215.248977661, 215.806259155, 216.363540649, 216.920806885, 217.478088379, 218.035369873, 218.592651367, 219.1615448, 219.730422974, 220.287704468, 220.844985962, 221.402267456, 221.95954895, 222.516815186, 223.07409668, 223.631378174, 224.188659668, 224.745941162, 225.303222656, 225.860488892, 226.417770386, 226.97505188, 227.532333374, 228.089614868, 228.646896362, 229.204162598, 229.761444092, 230.318725586, 230.87600708, 231.433288574, 231.990570068, 232.559448242, 233.128341675, 233.685623169, 234.242904663, 234.800170898, 235.357452393, 235.914733887, 236.472015381, 237.029296875, 237.586578369, 238.155456543, 238.724349976, 239.28163147, 239.838912964, 240.396179199, 240.953460693, 241.510742188, 242.068023682, 242.636917114, 243.205795288, 243.763076782, 244.320358276, 244.877639771, 245.434921265, 245.9921875, 246.549468994, 247.118362427, 247.687255859, 248.244537354, 248.801803589, 249.359085083, 249.916366577, 250.473648071, 251.030929565, 251.576599121, 252.122268677, 252.667938232, 253.213607788, 253.770874023, 254.328155518, 254.873825073, 255.442718506, 256, 256.557281494, 257.102935791, 257.648620605, 258.2059021, 258.763183594, 259.32043457, 259.877716064, 260.423400879, 260.969055176, 261.52633667, 262.083618164, 262.629302979, 263.174957275, 263.73223877, 264.289520264, 264.835174561, 265.380859375, 265.938140869, 266.495422363, 267.052703857, 267.598358154, 268.144042969, 268.701324463, 269.258575439, 269.804260254, 270.349914551, 270.907196045, 271.464477539, 272.021759033, 272.579040527, 273.136322021, 273.693603516, 274.25088501, 274.808166504, 275.365447998, 275.911102295, 276.479980469, 277.037261963, 277.594543457, 278.151824951, 278.709106445, 279.266387939, 279.823669434, 280.380950928, 280.938232422, 281.495513916, 282.05279541, 282.610076904, 283.167327881, 283.724609375, 284.281890869, 284.839172363, 285.396453857, 285.953735352, 286.511016846, 287.07989502, 287.648803711, 288.206085205, 288.763336182, 289.320617676, 289.87789917, 290.446807861, 291.015686035, 291.572967529, 292.130249023, 292.687530518, 293.244812012, 293.813690186, 294.382568359, 294.939849854, 295.497131348, 296.054412842, 296.623291016, 297.192199707, 297.749481201, 298.306762695, 298.864044189, 299.421295166, 299.990203857, 300.559082031, 301.116363525, 301.67364502, 302.242523193, 302.811431885, 303.368713379, 303.925994873, 304.494873047, 305.063751221, 305.632659912, 306.189941406, 306.75881958, 307.327697754, 307.896606445, 308.453857422, 309.011138916, 309.56842041, 310.137329102], "beats_loudness": {"dmean2": 0.079595386982, "median": 0.119589574635, "min": 7.98667265656e-09, "dvar2": 0.00530703924596, "dvar": 0.00172926171217, "dmean": 0.0456597059965, "max": 0.31772378087, "var": 0.00473276851699, "mean": 0.1313790977}, "danceability": 1.47440326214, "bpm_histogram_second_peak_weight": {"dmean2": 0, "median": 0.295415967703, "min": 0.295415967703, "dvar2": 0, "dvar": 0, "dmean": 0, "max": 0.295415967703, "var": 0, "mean": 0.295415967703}, "beats_count": 590, "bpm_histogram_second_peak_bpm": {"dmean2": 0, "median": 108, "min": 108, "dvar2": 0, "dvar": 0, "dmean": 0, "max": 108, "var": 0, "mean": 108}, "bpm_histogram_first_peak_spread": {"dmean2": 0, "median": 0.414110422134, "min": 0.414110422134, "dvar2": 0, "dvar": 0, "dmean": 0, "max": 0.414110422134, "var": 0, "mean": 0.414110422134}, "beats_loudness_band_ratio": {"dmean2": [0.191284283996, 0.0952593386173, 0.113049723208, 0.0937855094671, 0.0230531375855, 0.0137083316222], "median": [0.915998518467, 0.01925817132, 0.0300052072853, 0.0107359047979, 0.00335405534133, 0.00598344486207], "min": [0.000152102860739, 4.61181552964e-05, 6.8595581979e-05, 1.54763858973e-06, 2.30900423048e-06, 3.22623927786e-05], "dvar2": [0.0419009290636, 0.0104959793389, 0.01619788073, 0.0115284435451, 0.00114863214549, 0.000286992435576], "dvar": [0.0142435496673, 0.00295781739987, 0.00542756076902, 0.00393179710954, 0.00039860320976, 0.000110087035864], "dmean": [0.107437595725, 0.0488004684448, 0.063122048974, 0.0499730072916, 0.01263217628, 0.00802669581026], "max": [0.999511480331, 0.310209691525, 0.665341377258, 0.436282515526, 0.127047881484, 0.0948359295726], "var": [0.0201095454395, 0.00315411784686, 0.0063318121247, 0.00384667562321, 0.000397176801926, 0.000130912172608], "mean": [0.870569646358, 0.0450127907097, 0.0624701231718, 0.0386467203498, 0.0111502669752, 0.00978428218514]}}, "lowlevel": {"barkbands_spread": {"dmean2": 15.2642030716, "median": 19.4235668182, "min": 0.293987125158, "dvar2": 349.059570312, "dvar": 154.743499756, "dmean": 9.71516418457, "max": 122.281669617, "var": 318.931762695, "mean": 23.6120243073}, "melbands_spread": {"dmean2": 13.0704364777, "median": 16.6663513184, "min": 0.0937394574285, "dvar2": 439.997009277, "dvar": 206.393157959, "dmean": 8.35067462921, "max": 326.744537354, "var": 416.445495605, "mean": 20.3334980011}, "hfc": {"dmean2": 13.0649557114, "median": 15.2745780945, "min": 1.06195021991e-16, "dvar2": 298.995910645, "dvar": 136.015197754, "dmean": 9.37853622437, "max": 202.485061646, "var": 434.595336914, "mean": 21.0579032898}, "barkbands_kurtosis": {"dmean2": 15.3182382584, "median": 3.14740037918, "min": -1.89972043037, "dvar2": 1877.55895996, "dvar": 1005.54754639, "dmean": 10.903377533, "max": 838.86932373, "var": 2374.71606445, "mean": 16.306810379}, "gfcc": {"mean": [-16.6014595032, 54.1502304077, -90.7751235962, 12.5615091324, -69.202255249, 12.8736619949, -32.3029403687, 8.33627319336, -19.5039157867, 9.71186923981, -18.0190200806, -0.783195316792, -14.4570837021], "icov": [[8.9015935373e-05, -6.51391455904e-05, 0.000128494953969, -7.73465944803e-05, 5.11405123689e-05, -0.000108966494736, 4.97516048199e-05, -0.000196942506591, 0.000272752222372, -0.000297103426419, 0.000384499988286, -0.000237207495957, 0.000185899189091], [-6.51391455904e-05, 0.00130000710487, 5.58228020964e-05, -0.000167904465343, -0.0003934946144, -9.74920403678e-05, -0.0004824626958, 0.000634977244772, -0.000763619143981, 0.0010626972653, -0.000893369957339, 0.0019747603219, -0.000875545898452], [0.000128494953969, 5.58228020964e-05, 0.00130332214758, -0.000381315767299, -0.00075205595931, -0.000749506871216, 0.000492440769449, -0.000871133757755, 0.000595485267695, -0.000422739482019, 0.00184938823804, -0.00164888694417, 0.00110233062878], [-7.73465944803e-05, -0.000167904465343, -0.000381315767299, 0.00199221703224, -0.00064771057805, -0.000639964826405, -0.000377357355319, 0.000220194939175, -0.00130515103228, 0.00137669034302, -0.000573982368223, 0.00109124172013, -0.00101509829983], [5.11405123689e-05, -0.0003934946144, -0.00075205595931, -0.00064771057805, 0.00397396413609, 9.31267932174e-05, -0.000540477456525, -0.000762692361604, -0.000456493085949, -0.00137404084671, 0.000615121796727, 8.810734289e-05, 0.000502559414599], [-0.000108966494736, -9.74920403678e-05, -0.000749506871216, -0.000639964826405, 9.31267932174e-05, 0.00651436625049, -0.00182437838521, -0.00103117909748, -0.000564742309507, 0.000803092552815, -0.00292488280684, 0.00149195152335, 0.000719897507224], [4.97516048199e-05, -0.0004824626958, 0.000492440769449, -0.000377357355319, -0.000540477456525, -0.00182437838521, 0.00486033409834, -0.00120042136405, 0.000541900168173, -0.000367308151908, -0.00115367188118, -0.00176981138065, 0.00187940732576], [-0.000196942506591, 0.000634977244772, -0.000871133757755, 0.000220194939175, -0.000762692361604, -0.00103117909748, -0.00120042136405, 0.0119396252558, -0.00480943033472, 0.000376604031771, -0.00161638716236, 0.00191441096831, -0.00134450267069], [0.000272752222372, -0.000763619143981, 0.000595485267695, -0.00130515103228, -0.000456493085949, -0.000564742309507, 0.000541900168173, -0.00480943033472, 0.010925729759, -0.00559321418405, 0.00320153310895, -0.00361263332888, -0.00155941292178], [-0.000297103426419, 0.0010626972653, -0.000422739482019, 0.00137669034302, -0.00137404084671, 0.000803092552815, -0.000367308151908, 0.000376604031771, -0.00559321418405, 0.016444735229, -0.00726341223344, 0.00341112399474, 0.000615936238319], [0.000384499988286, -0.000893369957339, 0.00184938823804, -0.000573982368223, 0.000615121796727, -0.00292488280684, -0.00115367188118, -0.00161638716236, 0.00320153310895, -0.00726341223344, 0.0180325713009, -0.00895397737622, 3.68935616279e-06], [-0.000237207495957, 0.0019747603219, -0.00164888694417, 0.00109124172013, 8.810734289e-05, 0.00149195152335, -0.00176981138065, 0.00191441096831, -0.00361263332888, 0.00341112399474, -0.00895397737622, 0.0208519659936, -0.00746491504833], [0.000185899189091, -0.000875545898452, 0.00110233062878, -0.00101509829983, 0.000502559414599, 0.000719897507224, 0.00187940732576, -0.00134450267069, -0.00155941292178, 0.000615936238319, 3.68935616279e-06, -0.00746491504833, 0.0162857510149]], "cov": [[15677.7480469, 606.938415527, -1565.77404785, -5.05247735977, -424.137542725, 59.0303459167, 23.3683490753, -43.2831535339, -315.854003906, 41.6632461548, -133.996902466, -170.671035767, -146.472824097], [606.938415527, 1251.81433105, -57.7765731812, 433.49005127, 204.342575073, 170.928207397, 204.747894287, 43.9678840637, 102.846191406, -28.5625228882, 30.0154533386, -94.2695465088, 25.152545929], [-1565.77404785, -57.7765731812, 1797.40039062, 529.983581543, 524.491149902, 236.624038696, 57.3598556519, 193.117599487, 151.246520996, 7.99400091171, -106.140022278, 26.0896720886, -65.0176773071], [-5.05247735977, 433.49005127, 529.983581543, 1043.47875977, 384.855651855, 275.784912109, 217.634078979, 158.275817871, 207.796218872, -2.70234274864, 12.4208726883, -19.6387939453, 27.4093837738], [-424.137542725, 204.342575073, 524.491149902, 384.855651855, 512.307678223, 152.272964478, 136.264968872, 126.422996521, 139.775238037, 42.737247467, -5.95491123199, -6.55680751801, -14.7506656647], [59.0303459167, 170.928207397, 236.624038696, 275.784912109, 152.272964478, 302.223571777, 177.554946899, 94.4685592651, 79.9491119385, 22.7505073547, 49.9710578918, -0.755504846573, -14.6233177185], [23.3683490753, 204.747894287, 57.3598556519, 217.634078979, 136.264968872, 177.554946899, 363.674194336, 82.7518920898, 68.7260818481, 32.8715820312, 75.6955413818, 18.3840789795, -13.0199756622], [-43.2831535339, 43.9678840637, 193.117599487, 158.275817871, 126.422996521, 94.4685592651, 82.7518920898, 159.917663574, 106.079872131, 34.2416801453, 19.990026474, 12.2060508728, 9.67998123169], [-315.854003906, 102.846191406, 151.246520996, 207.796218872, 139.775238037, 79.9491119385, 68.7260818481, 106.079872131, 213.054794312, 56.9501190186, 24.2945747375, 28.4987201691, 36.1326293945], [41.6632461548, -28.5625228882, 7.99400091171, -2.70234274864, 42.737247467, 22.7505073547, 32.8715820312, 34.2416801453, 56.9501190186, 101.082763672, 41.571521759, 13.6382913589, 1.86041736603], [-133.996902466, 30.0154533386, -106.140022278, 12.4208726883, -5.95491123199, 49.9710578918, 75.6955413818, 19.990026474, 24.2945747375, 41.571521759, 121.005729675, 45.4254074097, 23.5397453308], [-170.671035767, -94.2695465088, 26.0896720886, -19.6387939453, -6.55680751801, -0.755504846573, 18.3840789795, 12.2060508728, 28.4987201691, 13.6382913589, 45.4254074097, 94.5739212036, 38.5646438599], [-146.472824097, 25.152545929, -65.0176773071, 27.4093837738, -14.7506656647, -14.6233177185, -13.0199756622, 9.67998123169, 36.1326293945, 1.86041736603, 23.5397453308, 38.5646438599, 95.0011672974]]}, "spectral_energyband_middle_low": {"dmean2": 0.00886223185807, "median": 0.0069663003087, "min": 1.4773190023e-22, "dvar2": 0.000175408946234, "dvar": 7.56520676077e-05, "dmean": 0.00594246201217, "max": 0.0994168892503, "var": 0.000155384172103, "mean": 0.0112434700131}, "melbands_crest": {"dmean2": 6.302318573, "median": 13.9991064072, "min": 1.73106682301, "dvar2": 29.9377422333, "dvar": 17.6550216675, "dmean": 4.24762678146, "max": 39.7650985718, "var": 61.908454895, "mean": 16.0358371735}, "spectral_kurtosis": {"dmean2": 1.65526115894, "median": 2.62030220032, "min": -1.29197800159, "dvar2": 2.70160055161, "dvar": 1.18759119511, "dmean": 1.08645522594, "max": 20.5369663239, "var": 3.76259589195, "mean": 2.81674551964}, "spectral_rms": {"dmean2": 0.00186547753401, "median": 0.00449498416856, "min": 3.10332206981e-12, "dvar2": 6.03184662396e-06, "dvar": 3.89951310353e-06, "dmean": 0.0014229202643, "max": 0.019715834409, "var": 1.17908402899e-05, "mean": 0.00505175627768}, "zerocrossingrate": {"dmean2": 0.0250398442149, "median": 0.0654296875, "min": 0, "dvar2": 0.000845168775413, "dvar": 0.000659963174257, "dmean": 0.0215153787285, "max": 0.5654296875, "var": 0.00401145638898, "mean": 0.0797535777092}, "silence_rate_60dB": {"dmean2": 0.0900523588061, "median": 0, "min": 0, "dvar2": 0.0952534005046, "dvar": 0.042992696166, "dmean": 0.0450228117406, "max": 1, "var": 0.111751079559, "mean": 0.128178283572}, "erbbands_kurtosis": {"dmean2": 2.29549622536, "median": 0.396271348, "min": -1.9215054512, "dvar2": 10.7599029541, "dvar": 4.81293010712, "dmean": 1.46032047272, "max": 88.4689941406, "var": 11.0878715515, "mean": 1.14908897877}, "erbbands": {"dmean2": [0.781021237373, 3.94411754608, 5.74699735641, 4.32160043716, 12.973865509, 6.18935012817, 6.15922403336, 8.26665019989, 19.2988491058, 33.8252639771, 70.9641876221, 40.0369491577, 55.7545433044, 27.4133396149, 26.7719173431, 51.8564376831, 45.8331947327, 20.8344841003, 20.5207843781, 13.5879745483, 9.55373001099, 7.72913074493, 6.31359577179, 7.69099330902, 8.5936088562, 10.2615242004, 10.4990062714, 10.2455482483, 7.88565397263, 4.81262683868, 3.14418244362, 2.48611283302, 1.99984192848, 1.52319562435, 0.855368077755, 0.525678396225, 0.296771496534, 0.0752556473017, 0.00955621059984, 0.000360280537279], "median": [0.00677632912993, 0.145323634148, 0.766830086708, 0.813921391964, 1.59728395939, 1.92960083485, 2.73516273499, 2.85357427597, 6.99459934235, 11.5931873322, 18.699634552, 8.15077972412, 9.40029716492, 7.41021537781, 5.428647995, 6.16023445129, 5.75680065155, 4.96628093719, 6.19544029236, 2.87317204475, 3.14207839966, 2.86822605133, 2.29758048058, 2.60421538353, 2.8998875618, 3.40525627136, 2.95811700821, 2.84353661537, 3.72195124626, 2.42620182037, 1.74569094181, 1.38194894791, 1.02150475979, 0.785447359085, 0.389793395996, 0.155457213521, 0.0530442744493, 0.00890181027353, 0.000896710436791, 8.79513390828e-05], "min": [1.00482539887e-22, 6.24891382418e-22, 4.83238267619e-21, 5.8589469359e-21, 1.25362186435e-20, 1.52994162875e-20, 4.0285841331e-20, 8.6806905496e-20, 1.41109205985e-19, 1.61783990859e-19, 3.48735546391e-19, 3.93138937715e-19, 9.56528292504e-19, 5.95563113401e-19, 1.02316741022e-18, 1.60197143082e-18, 1.46353365632e-18, 1.8065119998e-18, 2.58254038366e-18, 3.21833869943e-18, 4.81021408067e-18, 5.40762046267e-18, 6.58074785973e-18, 6.86232055383e-18, 7.41755437307e-18, 8.772213173e-18, 7.3990660592e-18, 1.02439602158e-17, 1.29326024363e-17, 1.51361727106e-17, 1.18588516908e-17, 1.24118053867e-17, 1.05449762038e-17, 8.50535064532e-18, 6.91526011304e-18, 4.58002956853e-18, 2.59543447505e-18, 9.07912819953e-19, 2.54148942611e-19, 2.62207223047e-20], "dvar2": [3.77796888351, 135.279144287, 279.48336792, 94.6904296875, 1066.59143066, 192.435714722, 196.778717041, 335.085083008, 1797.83679199, 5527.59960938, 30437.7617188, 9785.55664062, 27596.9765625, 3757.91455078, 6318.20996094, 45036.7617188, 21603.28125, 2116.12329102, 3004.9597168, 1589.95446777, 541.086791992, 269.994354248, 336.946685791, 277.287353516, 319.328430176, 400.329071045, 350.068878174, 413.845275879, 154.529022217, 65.5955810547, 27.4009113312, 37.0031776428, 34.3834114075, 9.37163829803, 2.52914214134, 0.617258548737, 0.22019854188, 0.0155699839815, 0.000312768795993, 4.01558139629e-07], "dvar": [2.51472687721, 50.7047348022, 98.5049743652, 35.7353820801, 480.059783936, 81.9588165283, 93.7593917847, 144.354705811, 800.590209961, 2166.10107422, 12297.6914062, 4254.51074219, 11086.1367188, 1509.06945801, 2632.86254883, 16712.6425781, 7498.89111328, 916.466552734, 1242.83325195, 883.44317627, 255.080062866, 126.081245422, 149.633377075, 121.460342407, 150.497283936, 169.058731079, 130.332336426, 154.836608887, 70.7078475952, 30.0875377655, 13.3172178268, 18.0072460175, 18.3524780273, 5.16314649582, 1.26952028275, 0.276331782341, 0.0922586247325, 0.00633295159787, 0.000124960322864, 1.62735460663e-07], "dmean": [0.588106095791, 2.36957216263, 3.12898564339, 2.55960774422, 8.7083158493, 3.97747421265, 4.0818529129, 5.16306495667, 12.422498703, 21.0107860565, 45.0184555054, 25.5170478821, 35.3492622375, 17.2199440002, 16.8430099487, 31.740240097, 28.0589408875, 13.2674770355, 13.1619911194, 9.3985414505, 6.32705450058, 5.08566045761, 4.1166229248, 4.70949316025, 5.48763370514, 6.43658304214, 6.14671278, 6.13965082169, 5.21290540695, 3.24134898186, 2.15629434586, 1.74657618999, 1.42251479626, 1.06107711792, 0.59126085043, 0.351789861917, 0.192510902882, 0.0475100651383, 0.00595424463972, 0.000233053855482], "max": [16.2270126343, 72.9526290894, 89.3218917847, 75.8707580566, 261.95614624, 247.485488892, 244.108505249, 345.923095703, 652.048339844, 825.138305664, 2221.42480469, 1555.80407715, 1556.55664062, 1003.04449463, 1748.49523926, 4550.57617188, 2511.00048828, 827.731750488, 1103.30151367, 851.759521484, 417.839111328, 276.187103271, 534.779418945, 547.343322754, 530.581665039, 444.188476562, 164.617767334, 332.077148438, 209.684875488, 81.800163269, 79.9524917603, 141.135726929, 141.671981812, 57.4507484436, 40.0223274231, 5.4420170784, 3.29421544075, 0.718796253204, 0.122405439615, 0.00401161983609], "var": [4.33456039429, 40.1631469727, 61.2223854065, 32.3505325317, 622.485961914, 116.021957397, 234.921463013, 275.824829102, 1551.1328125, 2829.51416016, 19322.9199219, 7611.02539062, 11172.8701172, 2002.84326172, 4748.14306641, 30659.984375, 12958.3583984, 1677.17687988, 1734.56359863, 2124.27880859, 558.668701172, 280.763549805, 251.483764648, 244.774917603, 347.20904541, 641.176208496, 188.724349976, 285.092681885, 200.199279785, 56.7467918396, 24.1206111908, 34.5884819031, 36.3492622375, 10.6053152084, 2.30343794823, 0.40639269352, 0.104520507157, 0.0061931614764, 0.000111910019768, 1.59354854645e-07], "mean": [0.71021771431, 2.33232617378, 3.02196574211, 2.79373669624, 10.5076370239, 5.88540124893, 7.29381990433, 8.37383937836, 19.486497879, 30.1867351532, 64.4905166626, 36.2859611511, 41.8525009155, 24.470489502, 25.5461616516, 46.8164901733, 41.22914505, 19.7346763611, 19.8436355591, 14.6892061234, 10.5874567032, 8.64943504333, 6.74141979218, 7.46911907196, 9.28413486481, 11.5946750641, 8.42877101898, 8.59584522247, 8.86403083801, 5.22217178345, 3.42966151237, 2.8191652298, 2.22640132904, 1.5785651207, 0.865419864655, 0.433191776276, 0.196761608124, 0.0424842126667, 0.00506392726675, 0.000239081986365]}, "spectral_strongpeak": {"dmean2": 0.884029686451, "median": 0.453921318054, "min": 0, "dvar2": 1.89019656181, "dvar": 0.738317906857, "dmean": 0.53743827343, "max": 14.2519931793, "var": 1.51655137539, "mean": 0.923913657665}, "spectral_energy": {"dmean2": 0.0293955374509, "median": 0.0207100063562, "min": 9.87137228961e-21, "dvar2": 0.00267581734806, "dvar": 0.00155032624025, "dmean": 0.0211943332106, "max": 0.39843198657, "var": 0.00295081012882, "mean": 0.0382436662912}, "average_loudness": 0.954147160053, "spectral_rolloff": {"dmean2": 1677.77331543, "median": 1055.12695312, "min": 21.533203125, "dvar2": 9401224, "dvar": 4043004.5, "dmean": 965.854858398, "max": 19401.4160156, "var": 7692516.5, "mean": 1857.73779297}, "spectral_centroid": {"dmean2": 550.138793945, "median": 1144.10498047, "min": 104.336853027, "dvar2": 489524, "dvar": 209596.34375, "dmean": 348.215698242, "max": 11668.4814453, "var": 692703.9375, "mean": 1279.86364746}, "pitch_salience": {"dmean2": 0.133966475725, "median": 0.518643736839, "min": 0.00990439485759, "dvar2": 0.0141804106534, "dvar": 0.00735968211666, "dmean": 0.0865771025419, "max": 0.93666434288, "var": 0.0247175358236, "mean": 0.497725725174}, "spectral_energyband_middle_high": {"dmean2": 0.00420461967587, "median": 0.00202488177456, "min": 1.12052933178e-21, "dvar2": 8.32001824165e-05, "dvar": 3.18780730595e-05, "dmean": 0.0027396644, "max": 0.103469200432, "var": 6.3891748141e-05, "mean": 0.00509963463992}, "spectral_contrast_coeffs": {"dmean2": [0.0910275578499, 0.0870249420404, 0.0739501193166, 0.0602318793535, 0.0412453711033, 0.0396458767354], "median": [-0.630970239639, -0.713050723076, -0.747404277325, -0.760065197945, -0.799755096436, -0.782966375351], "min": [-0.972923457623, -0.974469363689, -0.990509450436, -0.990280389786, -0.966268420219, -0.963964641094], "dvar2": [0.00542441802099, 0.0051072826609, 0.00366109260358, 0.00240269512869, 0.00119116902351, 0.00156154856086], "dvar": [0.00232740817592, 0.00202143099159, 0.00143357040361, 0.00104912591632, 0.000539046770427, 0.000603722175583], "dmean": [0.0579484216869, 0.0537724532187, 0.0454505980015, 0.0382126159966, 0.0264773759991, 0.0251394025981], "max": [-0.247926533222, -0.379693567753, -0.442893594503, -0.422265350819, -0.547608196735, -0.613390147686], "var": [0.0105118583888, 0.00683150952682, 0.00578521285206, 0.00537396082655, 0.00294443080202, 0.00241125072353], "mean": [-0.627107441425, -0.708792805672, -0.74497872591, -0.756146907806, -0.79216080904, -0.779881358147]}, "melbands_skewness": {"dmean2": 2.03856992722, "median": 2.65791845322, "min": -2.41570401192, "dvar2": 8.87891483307, "dvar": 6.88765621185, "dmean": 1.52180862427, "max": 52.6750450134, "var": 24.510187149, "mean": 4.12949323654}, "spectral_spread": {"dmean2": 1711608.125, "median": 6219932, 