{"metadata": {"tags": {"label": ["ECM"], "releasecountry": ["US"], "musicbrainz_releasetrackid": ["9f7fa484-5d5b-3987-af7e-9643012a2151"], "catalognumber": ["ECM 1310"], "genre": ["Jazz"], "releasetype": ["album", "live"], "tracknumber": ["5"], "disctotal": ["1"], "musicbrainz_albumartistid": ["8446fcca-109e-4c6d-a2ff-5a269b32b4c2", "d214235c-cf6f-4c8a-bf68-be027b7bb16e", "2c090b57-5e9d-49c5-9b71-6f0a331cc1ca"], "album": ["Trio Music, Live In Europe"], "script": ["Latn"], "albumartistsort": ["Corea, Chick / Vitou\u0161, Miroslav / Haynes, Roy"], "releasestatus": ["official"], "acoustid_id": ["9bbed785-abf3-4321-969d-9ab859fcaa83"], "musicbrainz_artistid": ["8446fcca-109e-4c6d-a2ff-5a269b32b4c2", "d214235c-cf6f-4c8a-bf68-be027b7bb16e", "2c090b57-5e9d-49c5-9b71-6f0a331cc1ca"], "musicbrainz_releasegroupid": ["43fb9c4e-03aa-31a3-9c9a-a10acd2d62b1"], "musicbrainz_recordingid": ["067a69d6-3d6d-4228-9ef0-6980b111f111"], "albumartist": ["Chick Corea / Miroslav Vitous / Roy Haynes"], "barcode": ["602517758315"], "originaldate": ["1984"], "totaltracks": ["7"], "artist": ["Chick Corea / Miroslav Vitous / Roy Haynes"], "musicbrainz_albumid": ["cf87ebe3-9941-3b0c-aa9e-f18adf1b39e9"], "artistsort": ["Corea, Chick / Vitou\u0161, Miroslav / Haynes, Roy"], "title": ["Transformation"], "asin": ["B0000261GR"], "tracktotal": ["7"], "totaldiscs": ["1"], "date": ["1986"], "media": ["CD"], "file_name": "05 Transformation .flac", "discnumber": ["1"]}, "audio_properties": {"sample_rate": 44100, "downmix": "mix", "lossless": true, "analysis_sample_rate": 44100, "md5_encoded": "74147858b0d6e1bdc3a523a41b09e7a3", "equal_loudness": 0, "replay_gain": -0.523963928223, "codec": "flac", "bit_rate": 0, "length": 308.466674805}, "version": {"extractor": "music 1.0", "essentia_build_sha": "2d9f1f26377add8aeb1075a9c2973f962c4f09fd", "essentia_git_sha": "v2.1_beta2-1-ge3940c0", "essentia": "2.1-beta2"}}, "rhythm": {"beats_loudness_band_ratio": {"dvar2": [0.104661762714, 0.0902773886919, 0.0540282614529, 0.0200195834041, 0.0035949263256, 0.00023646709451], "var": [0.115064576268, 0.0868844389915, 0.0480879433453, 0.0139628369361, 0.00980584416538, 0.000242160007474], "min": [0.00032883847598, 7.33058477635e-05, 0.00279840780422, 9.32906841626e-05, 1.55907819135e-05, 3.15716738442e-06], "dmean": [0.187383577228, 0.192808628082, 0.125389501452, 0.0546375177801, 0.0170417279005, 0.00232027866878], "mean": [0.37517285347, 0.374698698521, 0.187295213342, 0.0775215253234, 0.0358160659671, 0.0044911345467], "max": [0.979090750217, 0.966016530991, 0.971863090992, 0.824057817459, 0.641085743904, 0.138590291142], "dmean2": [0.325702697039, 0.325762540102, 0.210226386786, 0.0915982425213, 0.0289950240403, 0.00399106694385], "median": [0.269692003727, 0.31623890996, 0.0978658273816, 0.0333039797843, 0.0054722125642, 0.000384447979741], "dvar": [0.0458423160017, 0.0367699936032, 0.0224422216415, 0.00738503597677, 0.00139103166293, 8.48196359584e-05]}, "bpm_histogram_first_peak_weight": {"dvar2": 0, "var": 0, "min": 0.060897435993, "dmean": 0, "mean": 0.060897435993, "max": 0.060897435993, "dmean2": 0, "median": 0.060897435993, "dvar": 0}, "bpm": 110.885040283, "beats_count": 625, "bpm_histogram_first_peak_spread": {"dvar2": 0, "var": 0, "min": 0.563218355179, "dmean": 0, "mean": 0.563218355179, "max": 0.563218355179, "dmean2": 0, "median": 0.563218355179, "dvar": 0}, "danceability": 0.930022001266, "bpm_histogram_first_peak_bpm": {"dvar2": 0, "var": 0, "min": 110, "dmean": 0, "mean": 110, "max": 110, "dmean2": 0, "median": 110, "dvar": 0}, "beats_position": [0.708208620548, 1.45124709606, 2.18267560005, 2.91410422325, 3.62231278419, 4.33052158356, 5.05034017563, 5.75854873657, 6.39709758759, 7.03564596176, 7.66258478165, 8.27791404724, 8.90485286713, 9.47374153137, 10.0426301956, 10.5070295334, 10.95981884, 11.4242172241, 11.8770065308, 12.2369155884, 12.5852155685, 12.9451246262, 13.2818136215, 13.6301136017, 13.966802597, 14.3034915924, 14.6285715103, 14.9652605057, 15.301949501, 15.6386394501, 15.9753284454, 16.3236274719, 16.6719264984, 17.0202255249, 17.3569164276, 17.693605423, 18.0186843872, 18.3437633514, 18.6572322845, 18.9590930939, 19.272562027, 19.5976409912, 19.9227199554, 20.2594108582, 20.5960998535, 20.94439888, 21.2810878754, 21.6177768707, 21.9544658661, 22.3027667999, 22.6510658264, 22.9877548218, 23.312833786, 23.6495227814, 23.974603653, 24.3112926483, 24.6479816437, 24.984670639, 25.3329696655, 25.6928787231, 26.0295696259, 26.3662586212, 26.7261676788, 27.0744667053, 27.4227657318, 27.7942848206, 28.142583847, 28.4908847809, 28.8275737762, 29.1642627716, 29.5125617981, 29.8376407623, 30.1627197266, 30.4878005981, 30.8128795624, 31.1495685577, 31.5094776154, 31.869386673, 32.2292976379, 32.5892066956, 32.9955558777, 33.4019050598, 33.8082542419, 34.2726516724, 34.7370529175, 35.1782302856, 35.6426315308, 36.1070289612, 36.5830383301, 37.0474357605, 37.5002250671, 37.9530143738, 38.4058036804, 38.8353729248, 39.2649421692, 39.6829032898, 40.1124725342, 40.5072097778, 40.9019508362, 41.2966880798, 41.6798171997, 42.0745582581, 42.4576873779, 42.8408164978, 43.281993866, 43.7231750488, 44.164352417, 44.6055335999, 45.0351028442, 45.4762802124, 45.929069519, 46.3702468872, 46.7998161316, 47.229385376, 47.6705665588, 48.1233558655, 48.5529251099, 48.9824943542, 49.4236717224, 49.8648529053, 50.2944221497, 50.7472114563, 51.2116088867, 51.6643981934, 52.1287956238, 52.5699768066, 53.0111541748, 53.4639434814, 53.9283447266, 54.3811340332, 54.8339233398, 55.333152771, 55.8207702637, 56.3083877563, 56.8076171875, 57.2952384949, 57.7712478638, 58.2588653564, 58.7464828491, 59.2341041565, 59.7101135254, 60.1977310181, 60.6853485107, 61.0800895691, 61.463218689, 61.8579597473, 62.2410888672, 62.6242179871, 63.0073471069, 63.3904762268, 63.7852134705, 64.2496109009, 64.714012146, 65.1668014526, 65.6312026978, 66.0955963135, 66.5599975586, 67.0243988037, 67.4771881104, 67.9183654785, 68.3595428467, 68.8123321533, 69.2535171509, 69.7062988281, 70.0894317627, 70.4725646973, 70.844078064, 71.2155990601, 71.5871200562, 71.9586410522, 72.3301544189, 72.701675415, 73.0964126587, 73.4911575317, 73.8742828369, 74.303855896, 74.7450332642, 75.1745986938, 75.6041717529, 76.1614532471, 76.7187271118, 77.276008606, 77.8332901001, 78.3905639648, 78.9362335205, 79.4819030762, 80.0275726318, 80.5732421875, 81.1072998047, 81.6529693604, 82.2218551636, 82.7791366577, 83.3131942749, 83.8472518921, 84.3813171387, 84.9153747559, 85.4378204346, 85.9602737427, 86.4711074829, 86.9819488525, 87.5160064697, 88.0384597778, 88.5492935181, 89.0601348877, 89.5361404419, 90.000541687, 90.4649429321, 90.9409484863, 91.4169616699, 91.8813552856, 92.3457565308, 92.8101577759, 93.274559021, 93.7273483276, 94.1801376343, 94.6329269409, 95.0741043091, 95.5849380493, 96.0957794189, 96.7111129761, 97.3264389038, 97.9301605225, 98.5454864502, 99.1724243164, 99.7993621826, 100.41469574, 101.030021667, 101.680175781, 102.353561401, 103.05015564, 103.758361816, 104.420135498, 105.08190155, 105.604354858, 106.138412476, 106.672470093, 107.194915771, 107.71736908, 108.251426697, 108.773872375, 109.296325684, 109.818771362, 110.34122467, 110.863670349, 111.374511719, 111.908569336, 112.454238892, 112.999908447, 113.545578003, 114.091247559, 114.613693237, 115.136146545, 115.658592224, 116.192649841, 116.738319397, 117.283988953, 117.81804657, 118.352104187, 118.874557495, 119.397003174, 119.896232605, 120.395462036, 120.894691467, 121.405532837, 121.881538391, 122.369155884, 122.845169067, 123.33278656, 123.820404053, 124.319633484, 124.876914978, 125.434196472, 125.979858398, 126.502311707, 127.013153076, 127.523986816, 127.988388062, 128.452789307, 128.917190552, 129.404800415, 129.892425537, 130.368438721, 130.844436646, 131.320449829, 131.796463013, 132.260864258, 132.725265503, 133.189651489, 133.642440796, 134.106842041, 134.571243286, 135.035644531, 135.511657715, 135.98765564, 136.475280762, 136.974502563, 137.462127686, 137.949752808, 138.483810425, 139.017868042, 139.551925659, 140.085983276, 140.631652832, 141.270202637, 141.908752441, 142.558914185, 143.197463989, 143.847610474, 144.567428589, 145.287246704, 146.007064819, 146.726898193, 147.446716309, 148.166534424, 148.897949219, 149.629379272, 150.279541016, 150.929702759, 151.556640625, 152.160354614, 152.764083862, 153.37940979, 153.983123779, 154.586837769, 155.190567017, 155.805892944, 156.397994995, 156.990112305, 157.582214355, 158.174331665, 158.766433716, 159.358551025, 159.939041138, 160.519546509, 161.100036621, 161.668930054, 162.272644043, 162.887985229, 163.491699219, 164.118637085, 164.745574951, 165.407348633, 166.057495117, 166.684448242, 167.29977417, 167.915100098, 168.48399353, 169.052871704, 169.621765137, 170.190658569, 170.759536743, 171.328430176, 171.897323608, 172.489425659, 173.081542969, 173.67364502, 174.265762329, 174.85786438, 175.449981689, 176.04208374, 176.634185791, 177.179855347, 177.725524902, 178.25958252, 178.793640137, 179.327713013, 179.931427002, 180.535140991, 181.115646362, 181.661315918, 182.206985474, 182.752655029, 183.298324585, 183.843994141, 184.389663696, 184.95854187, 185.539047241, 186.084716797, 186.618774414, 187.141220093, 187.67527771, 188.197723389, 188.720184326, 189.347122192, 189.974060059, 190.589385986, 191.193099976, 191.796829224, 192.400543213, 193.004257202, 193.607971191, 194.223312378, 194.815414429, 195.407531738, 195.999633789, 196.58013916, 197.160629272, 197.706298828, 198.263580322, 198.809249878, 199.354919434, 199.900588989, 200.457870483, 201.003540039, 201.549209595, 202.09487915, 202.756637573, 203.430023193, 204.103393555, 204.765167236, 205.426940918, 206.100311279, 206.692428589, 207.28453064, 207.865036011, 208.480361938, 209.095687866, 209.711013794, 210.326339722, 210.953277588, 211.557006836, 212.160720825, 212.810882568, 213.461044312, 214.111190796, 214.772964478, 215.423126221, 216.038452148, 216.665390015, 217.292327881, 217.942489624, 218.546203613, 219.149932861, 219.753646851, 220.345748901, 220.937866211, 221.5415802, 222.145309448, 222.749023438, 223.271469116, 223.805526733, 224.339584351, 224.862030029, 225.396102905, 225.930160522, 226.46421814, 227.009887695, 227.590377808, 228.170883179, 228.751373291, 229.273834229, 229.796279907, 230.318725586, 230.852783203, 231.38684082, 231.920898438, 232.443344116, 232.965805054, 233.546295166, 234.126800537, 234.707290649, 235.287796021, 235.845077515, 236.379135132, 236.913192749, 237.447250366, 237.865203857, 238.294784546, 238.701126099, 239.10748291, 239.513824463, 239.943389893, 240.372970581, 240.744491577, 241.115997314, 241.475906372, 241.835830688, 242.195739746, 242.567245483, 242.938766479, 243.310287476, 243.716644287, 244.099761963, 244.494506836, 244.877639771, 245.249160767, 245.620681763, 245.9921875, 246.363708496, 246.735229492, 247.09513855, 247.466659546, 247.838180542, 248.174865723, 248.511566162, 248.836639404, 249.161712646, 249.486801147, 249.81187439, 250.113739014, 250.427200317, 250.74067688, 251.054138184, 251.379226685, 251.704299927, 252.029388428, 252.35446167, 252.772415161, 253.190383911, 253.608337402, 254.026306152, 254.432647705, 254.839004517, 255.256958008, 255.640090942, 256.023223877, 256.406341553, 256.789459229, 257.172607422, 257.555725098, 257.927246094, 258.310394287, 258.681884766, 259.053405762, 259.413330078, 259.784851074, 260.133148193, 260.493041992, 260.852966309, 261.224487305, 261.596008301, 261.9559021, 262.315826416, 262.675720215, 263.035644531, 263.39553833, 263.755462646, 264.115356445, 264.486877441, 264.870025635, 265.241546631, 265.613067627, 265.984588623, 266.332885742, 266.692779541, 267.052703857, 267.424224854, 267.79574585, 268.167236328, 268.538757324, 268.887084961, 269.23538208, 269.595275879, 269.955200195, 270.303497314, 270.675018311, 271.046539307, 271.418029785, 271.95211792, 272.451324463, 272.950561523, 273.542663574, 274.134765625, 274.738494873, 275.342224121, 275.945922852, 276.53805542, 277.130157471, 277.733886719, 278.256317139, 278.778778076, 279.289611816, 279.800445557, 280.322906494, 280.845336914, 281.379394531, 281.901855469, 282.377868652, 282.853881836, 283.32989502, 283.817504883, 284.293518066, 284.76953125, 285.257141113, 285.686706543, 286.116271973, 286.5574646, 287.056671143, 287.555908203, 288.043518066, 288.531158447, 289.018768311, 289.506378174, 290.110107422, 290.71383667, 291.305938721, 291.898040771, 292.490142822, 293.070648193, 293.651153564, 294.231658936, 294.777313232, 295.322998047, 295.868652344, 296.414337158, 296.959991455, 297.517272949, 298.062927246, 298.608612061, 299.119445801, 299.630279541, 300.187561035, 300.744842529, 301.290527344, 301.871002197, 302.439910889, 303.008789063, 303.600891113, 304.193023682, 304.773498535, 305.342407227, 305.9112854, 306.480163574, 307.049072266, 307.629577637], "beats_loudness": {"dvar2": 0.00294666900299, "var": 0.00108712341171, "min": 1.79810876944e-06, "dmean": 0.0185400452465, "mean": 0.0248761512339, "max": 0.443654388189, "dmean2": 0.0314206555486, "median": 0.0144553640857, "dvar": 0.00103657052387}, "bpm_histogram_second_peak_weight": {"dvar2": 0, "var": 0, "min": 0.0512820519507, "dmean": 0, "mean": 0.0512820519507, "max": 0.0512820519507, "dmean2": 0, "median": 0.0512820519507, "dvar": 0}, "bpm_histogram_second_peak_spread": {"dvar2": 0, "var": 0, "min": 0.304347842932, "dmean": 0, "mean": 0.304347842932, "max": 0.304347842932, "dmean2": 0, "median": 0.304347842932, "dvar": 0}, "bpm_histogram_second_peak_bpm": {"dvar2": 0, "var": 0, "min": 115, "dmean": 0, "mean": 115, "max": 115, "dmean2": 0, "median": 115, "dvar": 0}, "onset_rate": 2.48955631256}, "lowlevel": {"spectral_energyband_high": {"dvar2": 3.79557851815e-09, "var": 5.43843547973e-09, "min": 3.15569792519e-09, "dmean": 7.37502978154e-06, "mean": 2.02117007575e-05, "max": 0.00319359847344, "dmean2": 1.1193352293e-05, "median": 2.05464425562e-06, "dvar": 1.825547713e-09}, "spectral_energyband_middle_low": {"dvar2": 0.000199764908757, "var": 0.000568844843656, "min": 8.62564153437e-09, "dmean": 0.00497385114431, "mean": 0.0152410240844, "max": 0.680341303349, "dmean2": 0.00672400882468, "median": 0.00760074332356, "dvar": 0.00011012658797}, "spectral_energy": {"dvar2": 0.000290658470476, "var": 0.000933343835641, "min": 5.70700713354e-08, "dmean": 0.00651919329539, "mean": 0.0209899768233, "max": 0.816177248955, "dmean2": 0.00871264189482, "median": 0.0113075654954, "dvar": 0.000167226200574}, "spectral_spread": {"dvar2": 171441307648, "var": 1010607587330.0, "min": 421989.8125, "dmean": 279144.625, "mean": 2149507.75, "max": 13576582, "dmean2": 460110.9375, "median": 2001039.25, "dvar": 68579807232}, "spectral_energyband_low": {"dvar2": 9.39308883972e-05, "var": 0.000292858574539, "min": 1.30576127688e-08, "dmean": 0.00253415526822, "mean": 0.00706824334338, "max": 0.403833389282, "dmean2": 0.00337546761148, "median": 0.000718406168744, "dvar": 5.24852293893e-05}, "spectral_rolloff": {"dvar2": 89439.4921875, "var": 412663.59375, "min": 43.06640625, "dmean": 107.398864746, "mean": 635.284790039, "max": 14405.7128906, "dmean2": 186.469451904, "median": 409.130859375, "dvar": 40614.1679688}, "barkbands": {"dvar2": [1.14594818967e-07, 2.93348125524e-06, 4.59419097751e-05, 2.0024501282e-05, 5.92063006479e-05, 5.28263117303e-05, 8.05678428151e-06, 5.57634703e-05, 4.62876005258e-06, 5.85443835632e-08, 1.00471567066e-07, 3.0648336633e-06, 2.89441959467e-06, 1.68269264123e-06, 2.18316529299e-07, 3.85827796379e-08, 7.30131475279e-08, 1.62074851318e-08, 4.74883199431e-09, 1.16574105924e-09, 1.15958631586e-09, 1.39461983628e-10, 3.8160124366e-11, 2.61986456834e-11, 8.56335228422e-12, 1.14571752693e-12, 6.07533297216e-14], "var": [9.19097686847e-08, 2.72581128229e-05, 8.30449353089e-05, 8.53933670442e-05, 0.000108259344415, 7.73618885432e-05, 8.63345576363e-06, 0.000203758827411, 6.99331758369e-06, 9.85949810683e-08, 1.0044427512e-07, 4.26723454439e-06, 2.57134865933e-06, 2.21346590479e-06, 3.85819788562e-07, 4.73752059804e-08, 7.59507088333e-08, 1.65941873576e-08, 5.9008304909e-09, 1.35461653006e-09, 8.18187406715e-10, 1.80664705418e-10, 8.06319733204e-11, 5.57163828963e-11, 1.83693771999e-11, 1.7179081508e-12, 6.90407610639e-14], "min": [5.94385984876e-10, 6.60523635787e-09, 5.3886833884e-10, 1.3926411413e-10, 1.72419589717e-09, 8.74119443495e-10, 3.84286352739e-10, 7.21809279014e-10, 5.86227733024e-10, 6.44932385274e-10, 8.73366323706e-10, 3.51134593624e-10, 8.84964990178e-10, 5.57476009799e-10, 1.08503084295e-09, 1.29027577511e-09, 1.33920596834e-10, 9.36917543548e-10, 8.57149462519e-10, 4.19155266052e-10, 4.09191125428e-10, 4.24122209575e-10, 2.14747802874e-10, 4.16274098525e-10, 6.72041644556e-10, 2.56161619694e-10, 4.76904959967e-10], "dmean": [2.83182453131e-05, 0.000324865308357, 0.00148079975042, 0.00132102379575, 0.00204825773835, 0.00116584042553, 0.00050836999435, 0.0011949413456, 0.000333875505021, 6.0067679442e-05, 6.25589673291e-05, 0.000191930361325, 0.000228326010983, 0.000141702403198, 7.4353076343e-05, 2.42790447373e-05, 4.52876847703e-05, 1.56376572704e-05, 6.78035257806e-06, 4.47784805147e-06, 2.27813075071e-06, 1.7398926957e-06, 1.0625244613e-06, 8.45186264087e-07, 5.26063217876e-07, 1.92786032471e-07, 5.03063510848e-08], "mean": [4.72056417493e-05, 0.000882732099853, 0.00330256321467, 0.00390897551551, 0.00457867374644, 0.00287788826972, 0.000923109066207, 0.00227836240083, 0.000636947981548, 0.000117994844913, 0.000103977101389, 0.00030731636798, 0.000406263250625, 0.000265871087322, 0.000158308932441, 4.81475108245e-05, 8.00331690698e-05, 2.9011262086e-05, 1.25312308228e-05, 8.92320076673e-06, 4.63155402031e-06, 3.88874832424e-06, 2.77213916888e-06, 2.0506877263e-06, 1.31824288019e-06, 4.44474324013e-07, 1.26161637581e-07], "max": [0.0217234771699, 0.176974028349, 0.241461604834, 0.12538741529, 0.173978641629, 0.273364722729, 0.0918420180678, 0.6039711833, 0.0762693732977, 0.007037805859, 0.00970321893692, 0.131112754345, 0.0467513278127, 0.0480588376522, 0.0223668310791, 0.00587346032262, 0.00738731445745, 0.00332788191736, 0.00390769122168, 0.00215342547745, 0.00195516762324, 0.000427445862442, 0.00010596406355, 0.000101360965346, 5.9970687289e-05, 1.80001661647e-05, 5.01079011883e-06], "dmean2": [4.84874435642e-05, 0.000410264678067, 0.00210289540701, 0.00174397951923, 0.0029951450415, 0.00161921570543, 0.000770413898863, 0.00161868613213, 0.000497902627103, 8.90685623745e-05, 9.86998784356e-05, 0.000290466734441, 0.000354194373358, 0.000219086316065, 0.000112189438369, 4.00140161219e-05, 6.93155598128e-05, 2.44280308834e-05, 1.07499672595e-05, 7.02963961885e-06, 3.69868416783e-06, 2.76445234704e-06, 1.63858953783e-06, 1.32934587782e-06, 8.04449484804e-07, 2.98999964343e-07, 7.49468753725e-08], "median": [2.73069126706e-05, 6.39918434899e-05, 0.000199983813218, 0.000380597251933, 0.00121284625493, 0.000620450475253, 0.000153074448463, 0.000293595454423, 0.00012846084428, 2.72110992228e-05, 1.96425389731e-05, 5.2790666814e-05, 0.000135153124575, 4.78071524412e-05, 2.23794886551e-05, 4.17393175667e-06, 1.07252581074e-05, 2.71663066087e-06, 1.14110741833e-06, 1.01714908851e-06, 3.25579662785e-07, 3.13024543175e-07, 2.58634031525e-07, 1.4516145086e-07, 1.17759810792e-07, 5.9402335495e-08, 4.36529745684e-08], "dvar": [5.22109004919e-08, 3.24526308759e-06, 2.17004489969e-05, 1.27603025248e-05, 2.80956774077e-05, 2.0200452127e-05, 3.64105471817e-06, 4.29811225331e-05, 2.30294426729e-06, 3.04779810278e-08, 4.51258443945e-08, 1.72235604623e-06, 1.25536291762e-06, 7.58305645832e-07, 9.82245822456e-08, 1.4594082387e-08, 3.36340200136e-08, 7.1700436699e-09, 2.40514586025e-09, 5.87734805269e-10, 5.20550824668e-10, 5.70346513074e-11, 1.56104330851e-11, 1.08946410921e-11, 3.62025904047e-12, 4.58779010875e-13, 2.68227822765e-14]}, "melbands_skewness": {"dvar2": 0.904318094254, "var": 2.63994312286, "min": -3.50037693977, "dmean": 0.61812889576, "mean": 2.51651382446, "max": 12.2384290695, "dmean2": 0.930651128292, "median": 2.43568086624, "dvar": 0.386472046375}, "barkbands_skewness": {"dvar2": 0.674979627132, "var": 1.9535946846, "min": -4.0835185051, "dmean": 0.539735138416, "mean": 1.98356127739, "max": 11.084446907, "dmean2": 0.814692437649, "median": 1.99540615082, "dvar": 0.287279129028}, "erbbands": {"dvar2": [0.00125676137395, 0.284826129675, 32.0154037476, 200.579223633, 95.8056716919, 1862.14367676, 541.339599609, 5972.44580078, 3069.70336914, 2190.55273438, 38528.078125, 2342.81347656, 717.881408691, 75.5195083618, 265.978942871, 5790.59521484, 3216.61401367, 8268.09472656, 680.429077148, 209.618240356, 92.5948486328, 230.433807373, 42.6526947021, 29.4132499695, 11.8443212509, 1.54491615295, 4.68342447281, 0.255932569504, 0.22462567687, 0.072630725801, 0.0337275676429, 0.0210558529943, 0.00453566666692, 0.00123122055084, 0.000519866589457, 6.25043030595e-05, 2.77547223959e-06, 7.49563184854e-08, 1.64410540737e-09, 3.74745651177e-10], "var": [0.00157517089974, 2.67613911629, 95.3474731445, 631.727600098, 239.899780273, 3342.66992188, 1789.42272949, 6837.99316406, 3122.28613281, 4063.93530273, 144594.734375, 4721.47412109, 1837.7442627, 95.1895675659, 319.983184814, 10149.3769531, 3002.55883789, 10725.0869141, 1282.69543457, 236.688613892, 125.982276917, 186.942138672, 43.1652870178, 26.3635425568, 10.9896240234, 2.0666372776, 3.67787957191, 0.311079770327, 0.258087486029, 0.131593585014, 0.0622963197529, 0.0408251583576, 0.0104327900335, 0.00270507996902, 0.000889951945283, 9.77291128947e-05, 3.86793635698e-06, 8.3178441912e-08, 2.03290584366e-09, 1.23175281086e-09], "min": [3.28600009425e-07, 1.18122488857e-06, 1.20575828078e-06, 9.26484290176e-07, 4.77219600725e-06, 3.3275161968e-06, 4.29961346526e-06, 8.92018306331e-06, 8.13582573755e-06, 1.07778969323e-05, 1.89884522115e-05, 1.5705538317e-05, 3.04031018459e-05, 2.34444705711e-05, 4.04598140449e-05, 2.2002886908e-05, 4.75877241115e-05, 3.40620281349e-05, 7.28125596652e-05, 8.69969080668e-05, 8.7040469225e-05, 2.0232560928e-05, 7.65149452491e-05, 6.92976027494e-05, 2.2379846996e-05, 1.68751339515e-05, 1.4172871488e-05, 2.10539783438e-05, 1.34385682031e-05, 1.2181438251e-05, 7.03401610735e-06, 6.48787317914e-06, 8.92054231372e-06, 7.16113072485e-06, 4.49649678558e-06, 1.39534313348e-06, 4.1405590423e-07, 2.31722523836e-07, 6.58376961837e-08, 7.00249014329e-09], "dmean": [0.00390105764382, 0.104691118002, 1.21169090271, 3.85751724243, 3.06650066376, 10.2088289261, 6.8787946701, 10.6751279831, 8.18969345093, 9.24299812317, 30.319890976, 8.34724140167, 3.24788331985, 2.17141771317, 3.39484620094, 7.82626199722, 9.52729129791, 9.41820335388, 4.56421422958, 1.75776827335, 1.46795272827, 2.35235190392, 0.911048710346, 0.536443471909, 0.328798621893, 0.177886009216, 0.160827621818, 0.0517164804041, 0.0628617554903, 0.0460818111897, 0.0301270838827, 0.0266711041331, 0.0082033528015, 0.00501836743206, 0.0042693708092, 0.00144574441947, 0.000302601372823, 4.8202018661e-05, 9.55687573878e-06, 7.50732215238e-06], "mean": [0.00994159560651, 0.289125978947, 2.87578773499, 11.0885467529, 8.3355140686, 21.1018886566, 19.5295066833, 23.7798995972, 15.7115278244, 17.9643249512, 57.3635673523, 16.9215679169, 7.06343603134, 4.43593549728, 6.15426635742, 13.3939151764, 17.7412090302, 18.7278823853, 10.1299104691, 4.0239777565, 3.07810139656, 4.17157459259, 1.81815063953, 1.02347123623, 0.5918430686, 0.384481757879, 0.308478325605, 0.125630691648, 0.136485889554, 0.112194396555, 0.0767241120338, 0.0620865821838, 0.023195873946, 0.0135464118794, 0.0095640309155, 0.0031731359195, 0.000693408597726, 0.000122001059935, 2.79917130683e-05, 2.48590422416e-05], "max": [1.99514043331, 56.1123199463, 310.313842773, 338.433898926, 198.310348511, 1028.91467285, 1311.82641602, 2870.11010742, 2394.65869141, 1612.42907715, 17186.1484375, 3081.48120117, 1163.77331543, 268.76574707, 619.249023438, 6718.70654297, 1682.9251709, 2742.20996094, 1138.42871094, 498.26852417, 217.345718384, 343.659332275, 164.1224823, 229.935623169, 199.036087036, 67.6215515137, 131.042724609, 11.2547903061, 20.9849224091, 6.60826969147, 4.07136726379, 3.50611209869, 1.48139595985, 0.669387638569, 0.544115543365, 0.185517266393, 0.0282428711653, 0.00592428771779, 0.000809749704786, 0.000949434121139], "dmean2": [0.00574612012133, 0.132352903485, 1.67412531376, 5.18270635605, 4.50121355057, 14.8847236633, 9.29581737518, 15.2363052368, 12.1424312592, 13.4493846893, 41.1703033447, 11.807135582, 4.66091918945, 3.29524469376, 5.24985933304, 11.5943689346, 14.6810750961, 14.4964971542, 6.81854915619, 2.83112311363, 2.32117724419, 3.63169574738, 1.4230697155, 0.827807486057, 0.52286785841, 0.274671286345, 0.250399023294, 0.0867946445942, 0.100464224815, 0.0724950879812, 0.0464940220118, 0.0407517142594, 0.0133978761733, 0.00798359513283, 0.00646702339873, 0.00220092199743, 0.000466782774311, 7.46335426811e-05, 1.38610812428e-05, 1.00191409729e-05], "median": [0.00200856011361, 0.0259491316974, 0.215186625719, 1.06771397591, 2.29955816269, 3.76978683472, 6.05357265472, 4.0921664238, 2.95073771477, 3.69976139069, 7.3694152832, 4.06157636642, 1.2932986021, 1.17878365517, 1.64711022377, 3.05617952347, 6.46882915497, 3.90308618546, 1.80359077454, 0.647380590439, 0.338420391083, 0.567084789276, 0.239295318723, 0.0889612138271, 0.0621339604259, 0.0439065918326, 0.0309696346521, 0.00703191803768, 0.0106291584671, 0.00957319326699, 0.00710116513073, 0.00537944305688, 0.00118153588846, 0.00098550086841, 0.000968234671745, 0.000351829454303, 0.00010780194134, 3.67578213627e-05, 1.28146466523e-05, 1.41953551065e-05], "dvar": [0.000565862748772, 0.320877611637, 18.6274166107, 110.246383667, 43.0523109436, 899.221008301, 274.294158936, 2184.24169922, 1418.93188477, 1212.21777344, 29599.59375, 1293.09716797, 409.469360352, 34.2935256958, 125.306602478, 3613.33300781, 1339.37329102, 3622.29272461, 323.629089355, 71.2503356934, 37.8747215271, 98.325553894, 18.1890411377, 13.1394290924, 5.99193239212, 0.767248272896, 2.27905750275, 0.0892028659582, 0.0953710377216, 0.0304434560239, 0.0135986879468, 0.00944472569972, 0.00166771991644, 0.000461015937617, 0.000229695506277, 2.74031244771e-05, 1.11965925953e-06, 2.9349049413e-08, 7.07983671688e-10, 2.17571377581e-10]}, "silence_rate_30dB": {"dvar2": 0.0183642376214, "var": 0.0156325884163, "min": 0, "dmean": 0.00873165205121, "mean": 0.984118640423, "max": 1, "dmean2": 0.0174646191299, "median": 1, "dvar": 0.00865545962006}, "melbands_spread": {"dvar2": 21.8329105377, "var": 70.9762496948, "min": 0.298634469509, "dmean": 2.04735589027, "mean": 7.87603807449, "max": 96.2799987793, "dmean2": 3.18215227127, "median": 5.06714916229, "dvar": 8.69308948517}, "melbands_crest": {"dvar2": 19.5914363861, "var": 44.8852119446, "min": 3.23027253151, "dmean": 2.72127079964, "mean": 18.1072902679, "max": 34.7580566406, "dmean2": 4.28466892242, "median": 18.0088882446, "dvar": 7.81032371521}, "zerocrossingrate": {"dvar2": 1.94809435925e-05, "var": 0.000518981891219, "min": 0.001953125, "dmean": 0.00292579154484, "mean": 0.0247415192425, "max": 0.2880859375, "dmean2": 0.00367747386917, "median": 0.017578125, "dvar": 1.38423038152e-05}, "barkbands_kurtosis": {"dvar2": 74.084854126, "var": 100.259208679, "min": -1.73529970646, "dmean": 3.97847342491, "mean": 9.41785144806, "max": 160.161987305, "dmean2": 6.06120920181, "median": 6.6369600296, "dvar": 32.0373878479}, "spectral_flux": {"dvar2": 0.00102113245521, "var": 0.00129330856726, "min": 0.000223383351113, "dmean": 0.0147425159812, "mean": 0.044190235436, "max": 0.309532493353, "dmean2": 0.0241906736046, "median": 0.0344585217535, "dvar": 0.00038242636947}, "barkbands_crest": {"dvar2": 12.9863777161, "var": 25.185590744, "min": 3.1278758049, "dmean": 2.27212810516, "mean": 13.581161499, "max": 26.3637428284, "dmean2": 3.57915711403, "median": 13.2667121887, "dvar": 5.19744062424}, "barkbands_flatness_db": {"dvar2": 0.00114095711615, "var": 0.00610115891322, "min": 0.0234861895442, "dmean": 0.0222413409501, "mean": 0.265567362309, "max": 0.543977379799, "dmean2": 0.0324182994664, "median": 0.271130800247, "dvar": 0.000518541375641}, "spectral_entropy": {"dvar2": 0.0880752727389, "var": 0.529931426048, "min": 3.86586332321, "dmean": 0.19228759408, "mean": 6.08931112289, "max": 8.68385124207, "dmean2": 0.27641376853, "median": 6.00255632401, "dvar": 0.0415386930108}, "pitch_salience": {"dvar2": 0.0105218617246, "var": 0.0237334743142, "min": 0.0696318373084, "dmean": 0.0678718090057, "mean": 0.49526822567, "max": 0.86838889122, "dmean2": 0.105568498373, "median": 0.494627475739, "dvar": 0.00427963770926}, "erbbands_spread": {"dvar2": 26.4900798798, "var": 85.8450775146, "min": 0.433611303568, "dmean": 3.33163285255, "mean": 17.6157741547, "max": 122.215591431, "dmean2": 5.01955890656, "median": 17.1235809326, "dvar": 11.4237270355}, "dynamic_complexity": 5.47525215149, "spectral_contrast_valleys": {"dvar2": [0.271020382643, 0.184352010489, 0.167981877923, 0.162857532501, 0.115206606686, 0.0825700238347], "var": [1.20347428322, 1.22466480732, 1.29476559162, 1.46745753288, 1.14561331272, 0.783744871616], "min": [-14.0165653229, -13.1140394211, -13.2356872559, -13.0927553177, -13.2744941711, -15.1480808258], "dmean": [0.379092931747, 0.327227711678, 0.31034553051, 0.288543760777, 0.232619687915, 0.177978754044], "mean": [-8.52292633057, -7.52497816086, -8.6511964798, -9.21944141388, -9.91077899933, -12.5825061798], "max": [-5.05379772186, -4.9800825119, -5.79055213928, -5.70766401291, -6.39526796341, -9.31407833099], "dmean2": [0.631755530834, 0.530538797379, 0.488390833139, 0.444029301405, 0.355238586664, 0.264656841755], "median": [-8.49086475372, -7.34297990799, -8.52801418304, -9.13646507263, -9.90875244141, -12.7406949997], "dvar": [0.101635396481, 0.0765473917127, 0.075712017715, 0.0782973244786, 0.0554375648499, 0.0394269451499]}, "hfc": {"dvar2": 62.7460136414, "var": 213.350982666, "min": 8.52393714013e-05, "dmean": 2.33110618591, "mean": 7.71178722382, "max": 589.73248291, "dmean2": 3.14855098724, "median": 3.93387031555, "dvar": 39.8454933167}, "spectral_kurtosis": {"dvar2": 323.131225586, "var": 726.069763184, "min": 0.69085752964, "dmean": 10.0281095505, "mean": 33.5185775757, "max": 226.206069946, "dmean2": 16.8133029938, "median": 25.4075279236, "dvar": 124.631645203}, "mfcc": {"mean": [-804.469909668, 198.221450806, 0.410340040922, 1.37201988697, 7.63453149796, 4.38172054291, -9.59787368774, -8.82815361023, -16.7912998199, -0.888418853283, 2.28634190559, 3.1948184967, -6.18076705933], "cov": [[8161.06152344, -27.8083515167, -2269.19116211, -422.226745605, -415.16973877, -91.5574264526, -397.542388916, -2.75643372536, -448.3019104, -41.4494132996, -147.411117554, -8.8049325943, 35.6150512695], [-27.8083515167, 2612.92773438, 947.465515137, 176.951660156, 317.095214844, 153.643936157, 110.984283447, -158.117874146, -258.110626221, -230.677261353, -96.1524810791, -43.9638442993, -94.0901184082], [-2269.19116211, 947.465515137, 1498.57299805, 340.082946777, 207.883178711, 98.3176422119, 163.999771118, -35.070400238, 48.1674766541, -97.901512146, -11.2140598297, -36.4560775757, -52.1986465454], [-422.226745605, 176.951660156, 340.082946777, 248.38269043, 95.4479141235, 33.0402832031, 31.6405353546, -0.810776591301, -18.4605445862, -36.4781265259, -16.112575531, -11.833735466, -13.4751749039], [-415.16973877, 317.095214844, 207.883178711, 95.4479141235, 232.790481567, 113.756881714, 86.8082351685, 10.4817695618, 9.74774456024, -43.561668396, -14.2681474686, -3.29035043716, -5.00621843338], [-91.5574264526, 153.643936157, 98.3176422119, 33.0402832031, 113.756881714, 150.469558716, 95.9085693359, 21.068687439, 11.106880188, -14.9461565018, -18.5309200287, -21.5388851166, -1.3200211525], [-397.542388916, 110.984283447, 163.999771118, 31.6405353546, 86.8082351685, 95.9085693359, 158.870605469, 55.4943771362, 46.3383178711, 4.71685218811, 9.73245716095, -10.6164655685, -5.20585489273], [-2.75643372536, -158.117874146, -35.070400238, -0.810776591301, 10.4817695618, 21.068687439, 55.4943771362, 113.440559387, 78.7407531738, 28.2150688171, 34.316242218, 24.7951965332, 10.4685697556], [-448.3019104, -258.110626221, 48.1674766541, -18.4605445862, 9.74774456024, 11.106880188, 46.3383178711, 78.7407531738, 168.191589355, 80.7624511719, 48.6462974548, 25.6244716644, 22.623790741], [-41.4494132996, -230.677261353, -97.901512146, -36.4781265259, -43.561668396, -14.9461565018, 4.71685218811, 28.2150688171, 80.7624511719, 152.651641846, 81.6032180786, 23.9982261658, 12.9780158997], [-147.411117554, -96.1524810791, -11.2140598297, -16.112575531, -14.2681474686, -18.5309200287, 9.73245716095, 34.316242218, 48.6462974548, 81.6032180786, 124.534896851, 67.3021621704, 14.799621582], [-8.8049325943, -43.9638442993, -36.4560775757, -11.833735466, -3.29035043716, -21.5388851166, -10.6164655685, 24.7951965332, 25.6244716644, 23.9982261658, 67.3021621704, 124.20854187, 63.743270874], [35.6150512695, -94.0901184082, -52.1986465454, -13.4751749039, -5.00621843338, -1.3200211525, -5.20585489273, 10.4685697556, 22.623790741, 12.9780158997, 14.799621582, 63.743270874, 112.83972168]], "icov": [[0.000397241412429, -0.00029120099498, 0.00063924602, -0.000226109958021, 0.000679185206536, -0.00073429220356, 0.0007992121391, -0.00105363794137, 0.000713557528798, -0.000240748529905, 0.000343554973369, 3.78429431294e-05, -0.000125134349219], [-0.00029120099498, 0.00105294131208, -0.00109102157876, 0.000902077823412, -0.00143309938721, 0.000506047334056, -0.000666540116072, 0.000765215198044, 0.0011496541556, -5.06200303789e-05, 6.73455724609e-05, -0.000561100430787, 0.00049697374925], [0.00063924602, -0.00109102157876, 0.00292354705743, -0.00268740905449, 0.00195083534345, -0.000964676903095, -0.000202151670237, 0.00054678239394, -0.00191121792886, 0.00143478868995, -0.000711265543941, 0.000556328042876, -6.76193958498e-05], [-0.000226109958021, 0.000902077823412, -0.00268740905449, 0.0079297311604, -0.0037469912786, 0.00113241001964, 0.00105056725442, -0.00258681084961, 0.00401671929285, -0.00185638247058, 0.00136278697755, -0.000253249541856, 3.53045179509e-05], [0.000679185206536, -0.00143309938721, 0.00195083534345, -0.0037469912786, 0.0111465873197, -0.00682063261047, 2.5271294362e-05, 0.000479607610032, -0.00281480024569, 0.0028204896953, -0.00077300297562, -0.000909694586881, 0.000272277160548], [-0.00073429220356, 0.000506047334056, -0.000964676903095, 0.00113241001964, -0.00682063261047, 0.0165395792574, -0.00820739287883, 0.0014706691727, 0.000139476847835, -0.00108538882341, 0.00134116294794, 0.00180736533366, -0.00138151855208], [0.0007992121391, -0.000666540116072, -0.000202151670237, 0.00105056725442, 2.5271294362e-05, -0.00820739287883, 0.0163356941193, -0.00872130785137, 0.00200032209978, -0.00150564906653, -0.000304330926156, 0.00191631447524, -0.000578728213441], [-0.00105363794137, 0.000765215198044, 0.00054678239394, -0.00258681084961, 0.000479607610032, 0.0014706691727, -0.00872130785137, 0.0221990980208, -0.0115933883935, 0.00570223946124, -0.00439565395936, -0.00211962219328, 0.00193375255913], [0.000713557528798, 0.0011496541556, -0.00191121792886, 0.00401671929285, -0.00281480024569, 0.000139476847835, 0.00200032209978, -0.0115933883935, 0.0191530231386, -0.00897198263556, 0.00383576285094, -0.000827565672807, -0.00147021492012], [-0.000240748529905, -5.06200303789e-05, 0.00143478868995, -0.00185638247058, 0.0028204896953, -0.00108538882341, -0.00150564906653, 0.00570223946124, -0.00897198263556, 0.0168182048947, -0.0113189676777, 0.00405065063387, -0.000949371373281], [0.000343554973369, 6.73455724609e-05, -0.000711265543941, 0.00136278697755, -0.00077300297562, 0.00134116294794, -0.000304330926156, -0.00439565395936, 0.00383576285094, -0.0113189676777, 0.0215539857745, -0.0114823477343, 0.00434882100672], [3.78429431294e-05, -0.000561100430787, 0.000556328042876, -0.000253249541856, -0.000909694586881, 0.00180736533366, 0.00191631447524, -0.00211962219328, -0.000827565672807, 0.00405065063387, -0.0114823477343, 0.0195108707994, -0.00980254821479], [-0.000125134349219, 0.00049697374925, -6.76193958498e-05, 3.53045179509e-05, 0.000272277160548, -0.00138151855208, -0.000578728213441, 0.00193375255913, -0.00147021492012, -0.000949371373281, 0.00434882100672, -0.00980254821479, 0.014449827373]]}, "silence_rate_20dB": {"dvar2": 0.00120328727644, "var": 0.00105250929482, "min": 0, "dmean": 0.000602182932198, "mean": 0.998946249485, "max": 1, "dmean2": 0.00120445643552, "median": 1, "dvar": 0.000601909006946}, "melbands_kurtosis": {"dvar2": 163.608963013, "var": 253.976211548, "min": -1.85413038731, "dmean": 5.7453994751, "mean": 14.4433803558, "max": 227.783035278, "dmean2": 8.71534252167, "median": 9.81227684021, "dvar": 69.6720123291}, "barkbands_spread": {"dvar2": 12.4509391785, "var": 29.9486446381, "min": 0.330978929996, "dmean": 1.55868852139, "mean": 5.8728723526, "max": 111.347099304, "dmean2": 2.42108035088, "median": 4.34524726868, "dvar": 4.93381214142}, "erbbands_skewness": {"dvar2": 0.351913452148, "var": 0.864606797695, "min": -4.26087808609, "dmean": 0.370402485132, "mean": 0.967725098133, "max": 9.19557952881, "dmean2": 0.552932739258, "median": 0.828994452953, "dvar": 0.157431557775}, "average_loudness": 0.196380034089, "spectral_centroid": {"dvar2": 16557.1386719, "var": 234941.046875, "min": 118.851112366, "dmean": 61.9829750061, "mean": 544.41809082, "max": 3382.81176758, "dmean2": 93.5005645752, "median": 382.913757324, "dvar": 7162.41162109}, "dissonance": {"dvar2": 0.00296053593047, "var": 0.00358178489842, "min": 0.11753731221, "dmean": 0.0358091667295, "mean": 0.396445959806, "max": 0.500000178814, "dmean2": 0.0593468509614, "median": 0.399769961834, "dvar": 0.00107700994704}, "erbbands_flatness_db": {"dvar2": 0.000650884583592, "var": 0.00255749095231, "min": 0.0382569879293, "dmean": 0.0163089279085, "mean": 0.268486946821, "max": 0.514853298664, "dmean2": 0.0239513963461, "median": 0.264993369579, "dvar": 0.00029216351686}, "spectral_strongpeak": {"dvar2": 0.687417507172, "var": 1.3014742136, "min": 0, "dmean": 0.311767190695, "mean": 0.943127274513, "max": 20.0335941315, "dmean2": 0.472087323666, "median": 0.642275333405, "dvar": 0.311226636171}, "spectral_rms": {"dvar2": 1.18133061733e-06, "var": 6.07486799709e-06, "min": 7.46177693145e-06, "dmean": 0.000605845998507, "mean": 0.00379515811801, "max": 0.0282182656229, "dmean2": 0.000817772641312, "median": 0.00332141108811, "dvar": 6.11207497059e-07}, "silence_rate_60dB": {"dvar2": 0.0746573805809, "var": 0.157184034586, "min": 0, "dmean": 0.0337222442031, "mean": 0.195318385959, "max": 1, "dmean2": 0.0674495622516, "median": 0, "dvar": 0.0325828716159}, "melbands": {"dvar2": [1.16966788255e-07, 4.64777576781e-06, 4.13133784605e-06, 3.28521900883e-06, 1.06070274342e-06, 2.64965910901e-06, 5.84846304719e-07, 4.50470338365e-07, 2.28918247558e-06, 7.57393578965e-08, 1.85234156902e-08, 1.22488175158e-09, 2.27723551127e-09, 1.85076611814e-08, 4.37954632559e-08, 2.89165988931e-08, 2.71171831656e-08, 1.79381764998e-09, 8.71259564494e-10, 2.92425000881e-10, 1.66299862769e-10, 3.43998635133e-10, 8.82356965271e-11, 5.76265146712e-11, 2.57693120315e-11, 1.51585931307e-11, 1.55467110539e-12, 1.05052576881e-12, 5.19649948072e-12, 1.16758165636e-13, 9.48070764148e-14, 7.69561213257e-14, 7.67038139276e-14, 1.79379877244e-14, 1.21933484428e-14, 1.65331446179e-14, 6.67655213003e-15, 3.20444485935e-15, 1.60598537354e-15, 8.94460333674e-16], "var": [6.40709288291e-07, 1.68645146914e-05, 1.3317567209e-05, 5.09711753693e-06, 2.86160002361e-06, 3.24050120071e-06, 5.8958585214e-07, 9.15524026368e-07, 8.96211986401e-06, 1.2044760922e-07, 4.7032969519e-08, 1.55440971206e-09, 2.56446575086e-09, 3.50896769419e-08, 3.57042679866e-08, 3.22510906869e-08, 3.39486625478e-08, 2.96192581573e-09, 1.28132726651e-09, 3.23131049695e-10, 2.09011100094e-10, 2.80629186555e-10, 7.47347531083e-11, 5.395094