{"tonal": {"thpcp": [1, 0.969425618649, 0.512051522732, 0.638019680977, 0.648260474205, 0.20444893837, 0.0978794172406, 0.385767221451, 0.517975330353, 0.356184512377, 0.211843594909, 0.0750330239534, 0.0217231586576, 0.0295360628515, 0.222484707832, 0.495887219906, 0.361931711435, 0.206127494574, 0.243155121803, 0.133181735873, 0.0667076408863, 0.190646499395, 0.298622280359, 0.294212639332, 0.37696570158, 0.344046831131, 0.137389868498, 0.131282508373, 0.195979118347, 0.132391288877, 0.242393910885, 0.366422683001, 0.19675065577, 0.175416231155, 0.409318655729, 0.633403778076], "hpcp": {"dmean2": [0.0204863362014, 0.0306249316782, 0.0439098514616, 0.0288538187742, 0.0377030037344, 0.038286305964, 0.059366222471, 0.065958827734, 0.0834246203303, 0.0681870132685, 0.0648061111569, 0.0491948127747, 0.042736530304, 0.0272902287543, 0.0341950915754, 0.07046225667, 0.057309910655, 0.0696227997541, 0.0327855534852, 0.0171588752419, 0.00826833769679, 0.0113060325384, 0.0466677881777, 0.062050845474, 0.056482013315, 0.0304886866361, 0.0152023425326, 0.0228213183582, 0.0265561994165, 0.0493907816708, 0.0618470534682, 0.0571417920291, 0.0496267713606, 0.0423656702042, 0.0312904790044, 0.0198743231595], "median": [0.000136556904181, 0.000178161004442, 0.00023729375971, 0.00025571056176, 0.000340314320056, 0.000262748042587, 0.000259244174231, 0.00134775717743, 0.00607384881005, 0.00408961623907, 0.00885742343962, 0.000481596420286, 0.000172118045157, 0.000121602526633, 0.000104818383988, 0.0001956851047, 0.000289810763206, 0.00032985463622, 0.000174662054633, 0.000162191965501, 9.69666507444e-05, 0.000107681902591, 0.00029715578421, 0.000700825825334, 0.00076433212962, 0.00025933838333, 7.75968583184e-05, 9.61067562457e-05, 0.000248067168286, 0.000436238595285, 0.000390256871469, 0.00145875476301, 0.00033819078817, 0.000175093970029, 0.000305788067635, 0.000136374670547], "min": [0, 0, 0, 0, 0, 0, 0, 0, 0, 0, 0, 0, 0, 0, 0, 0, 0, 0, 0, 0, 0, 0, 0, 0, 0, 0, 0, 0, 0, 0, 0, 0, 0, 0, 0, 0], "dvar2": [0.0105372546241, 0.0114621082321, 0.0200187414885, 0.0149999763817, 0.0157780218869, 0.0109239602461, 0.0318603627384, 0.0239200331271, 0.0365004464984, 0.0244162417948, 0.0180225688964, 0.0139202168211, 0.0190196540207, 0.00669300789014, 0.0143953096122, 0.0456679537892, 0.0311744995415, 0.0353694781661, 0.0168933607638, 0.00487933633849, 0.00177592458203, 0.00377165572718, 0.0189098101109, 0.0429211109877, 0.0214330647141, 0.00963809993118, 0.00804689712822, 0.00816113874316, 0.0106539716944, 0.0217061210424, 0.036451049149, 0.0291313324124, 0.0190416071564, 0.020532220602, 0.0104587478563, 0.0071421386674], "dvar": [0.00491009978577, 0.00473083509132, 0.00837905425578, 0.00703649781644, 0.00618695141748, 0.00470945425332, 0.0137583129108, 0.00998712237924, 0.0150742055848, 0.0115135209635, 0.00763692893088, 0.00659106485546, 0.00804113596678, 0.00300949113443, 0.00515383575112, 0.0175785664469, 0.0133931962773, 0.0139643270522, 0.00696203764528, 0.00199163495563, 0.000642187194899, 0.00131923030131, 0.00757281389087, 0.0173846427351, 0.00881264079362, 0.00401779776439, 0.00330048869364, 0.00362281221896, 0.00405568489805, 0.00819760281593, 0.0132946353406, 0.0108332131058, 0.00817118119448, 0.00873181875795, 0.00414152210578, 0.00328359962441], "dmean": [0.011887030676, 0.0177998095751, 0.0264990329742, 0.01723209396, 0.0229355953634, 0.0226084329188, 0.0369643047452, 0.0401675663888, 0.0512286089361, 0.0420718230307, 0.040886182338, 0.0314073003829, 0.0268393754959, 0.0175140351057, 0.0193970277905, 0.0411508120596, 0.0345421023667, 0.0410299859941, 0.0191636960953, 0.0108507024124, 0.00462144194171, 0.00634956452996, 0.0275181643665, 0.0352855175734, 0.0337004251778, 0.0192001182586, 0.00881094951183, 0.0135400928557, 0.0155604565516, 0.0292124189436, 0.0364634208381, 0.0337502621114, 0.0309481397271, 0.0250963475555, 0.0188740603626, 0.0121328700334], "max": [1, 1, 1, 1, 1, 1, 1, 1, 1, 1, 1, 1, 1, 1, 1, 1, 1, 1, 1, 0.894597649574, 0.46240735054, 0.610899150372, 1, 1, 1, 1, 1, 1, 1, 1, 1, 1, 1, 1, 1, 1], "var": [0.0355998910964, 0.0138287534937, 0.0290577765554, 0.0656443014741, 0.0196593049914, 0.0179998073727, 0.0617133527994, 0.0769664496183, 0.126348599792, 0.130414888263, 0.0487409718335, 0.0908381417394, 0.104416131973, 0.0151545163244, 0.00740040326491, 0.0561753995717, 0.0820300579071, 0.0434171780944, 0.0328717455268, 0.00510308425874, 0.000610394519754, 0.00107810739428, 0.0214636754245, 0.0806245878339, 0.0439872816205, 0.0234778597951, 0.0468995384872, 0.0140519756824, 0.00400093384087, 0.0160425063223, 0.0336223877966, 0.0359900444746, 0.0483650714159, 0.0535950697958, 0.00991247780621, 0.0175494924188], "mean": [0.0440658181906, 0.0297681223601, 0.0545021630824, 0.082389973104, 0.0442392975092, 0.0394422598183, 0.0920351147652, 0.142420560122, 0.224849551916, 0.217974916101, 0.115134559572, 0.1434584409, 0.145761072636, 0.0459702536464, 0.0220081433654, 0.0867395848036, 0.116466514766, 0.0800879299641, 0.0476329363883, 0.0168711412698, 0.00488444231451, 0.00664117047563, 0.0500255860388, 0.111500017345, 0.0813801810145, 0.0463476739824, 0.0546733215451, 0.0299458540976, 0.0149991838261, 0.042866781354, 0.0671450868249, 0.0661535784602, 0.084760569036, 0.0773587748408, 0.0308920498937, 0.0295188128948]}, "tuning_equal_tempered_deviation": 0.158154726028, "chords_changes_rate": 0.0626688301563, "key_key": "C", "tuning_diatonic_strength": 0.401190638542, "key_scale": "major", "chords_number_rate": 0.0113452188671, "tuning_frequency": 443.316436768, "tuning_nontempered_energy_ratio": 0.842121839523, "chords_histogram": [6.5910320282, 2.37709355354, 14.5326852798, 9.07617473602, 3.2955160141, 4.15991353989, 2.21501898766, 2.26904368401, 2.16099405289, 0.756347894669, 3.72771477699, 3.07941651344, 0, 3.40356564522, 9.2922744751, 2.05294442177, 3.2955160141, 0.324149101973, 1.51269578934, 8.80605125427, 1.72879528999, 1.67477035522, 9.2922744751, 4.37601280212], "key_strength": 0.577994048595, "chords_key": "G", "chords_strength": {"dmean2": 0.00627943780273, "median": 0.446936249733, "min": -1, "dvar2": 0.00206543598324, "dvar": 0.00105583772529, "dmean": 0.00714761856943, "max": 0.699237287045, "var": 0.0152719141915, "mean": 0.448697656393}, "chords_scale": "major", "hpcp_entropy": {"dmean2": 0.767206311226, "median": 1.02878212929, "min": 0, "dvar2": 0.538330972195, "dvar": 0.211449488997, "dmean": 0.432415276766, "max": 4.40595054626, "var": 0.624957025051, "mean": 0.938146650791}}, "metadata": {"audio_properties": {"equal_loudness": 0, "codec": "flac", "downmix": "mix", "sample_rate": 44100, "analysis_sample_rate": 44100, "bit_rate": 0, "md5_encoded": "59c5661e10a830881f7f3a28d93fd978", "length": 85.8933334351, "replay_gain": -1.69666671753, "lossless": true}, "version": {"essentia_build_sha": "2d9f1f26377add8aeb1075a9c2973f962c4f09fd", "essentia": "2.1-beta2", "extractor": "music 1.0", "essentia_git_sha": "v2.1_beta2-1-ge3940c0"}, "tags": {"title": ["Wind"], "barcode": ["731452315922"], "media": ["CD"], "albumartist": ["Terje Rypdal"], "tracktotal": ["10"], "musicbrainz_releasegroupid": ["6e4eb3e5-2d7e-314a-a0b6-f8d9abeac493"], "releasetype": ["album"], "musicbrainz_recordingid": ["068796d5-8228-4de5-aadb-2eb7c4895492"], "musicbrainz_albumartistid": ["6a5e6105-b1c4-4c5c-97ae-5ee4b7f746b4"], "musicbrainz_releasetrackid": ["3139f585-4712-3fc5-b795-800d3d228d1c"], "discnumber": ["1"], "album": ["After The Rain"], "catalognumber": ["ECM 1083"], "releasecountry": ["DE"], "file_name": "04 Wind.flac", "originaldate": ["1976"], "albumartistsort": ["Rypdal, Terje"], "date": ["1995"], "genre": ["Jazz"], "disctotal": ["1"], "musicbrainz_artistid": ["6a5e6105-b1c4-4c5c-97ae-5ee4b7f746b4"], "asin": ["B0000073IC"], "musicbrainz_albumid": ["b27f0083-b0b5-3f40-84eb-7d1ad68d8cb5"], "tracknumber": ["4"], "artistsort": ["Rypdal, Terje"], "artist": ["Terje Rypdal"], "label": ["ECM"], "releasestatus": ["official"], "totaldiscs": ["1"], "script": ["Latn"], "totaltracks": ["10"]}}, "rhythm": {"bpm_histogram_first_peak_bpm": {"dmean2": 0, "median": 129, "min": 129, "dvar2": 0, "dvar": 0, "dmean": 0, "max": 129, "var": 0, "mean": 129}, "bpm": 129.308990479, "bpm_histogram_second_peak_spread": {"dmean2": 0, "median": 0.674418628216, "min": 0.674418628216, "dvar2": 0, "dvar": 0, "dmean": 0, "max": 0.674418628216, "var": 0, "mean": 0.674418628216}, "bpm_histogram_first_peak_weight": {"dmean2": 0, "median": 0.143646404147, "min": 0.143646404147, "dvar2": 0, "dvar": 0, "dmean": 0, "max": 0.143646404147, "var": 0, "mean": 0.143646404147}, "onset_rate": 2.44430947304, "beats_position": [0.452789098024, 0.917188167572, 1.38158726692, 1.84598636627, 2.31038546562, 2.77478456497, 3.23918366432, 3.70358276367, 4.1679816246, 4.6439909935, 5.10838985443, 5.58439922333, 6.06040811539, 6.53641700745, 7.01242637634, 7.50004529953, 7.98766422272, 8.46367359161, 8.96290206909, 9.46213150024, 9.96135997772, 10.4257593155, 10.8901586533, 11.354557991, 11.8189563751, 12.2833557129, 12.7477550507, 13.2005443573, 13.6649427414, 14.117732048, 14.5705213547, 15.0117006302, 15.4528799057, 15.8940582275, 16.3352375031, 16.7531967163, 17.1711559296, 17.5891151428, 18.0186843872, 18.4482536316, 18.877822876, 19.2957820892, 19.7369613647, 20.1781406403, 20.8050785065, 21.4087982178, 22.0125160217, 22.616235733, 23.219953537, 23.8468933105, 24.4738311768, 25.0891609192, 25.7160987854, 26.3546485901, 26.9235363007, 27.4924259186, 28.0729255676, 28.6650333405, 29.2571430206, 29.8376407623, 30.4065303802, 30.9754180908, 31.5559177399, 32.1480255127, 32.7517471313, 33.3554649353, 33.9475746155, 34.539680481, 35.1317901611, 35.7355079651, 36.3392295837, 36.9429473877, 37.5350570679, 38.1387748718, 38.730884552, 39.3229942322, 39.9151000977, 40.5304298401, 41.1457595825, 41.7262573242, 42.3067550659, 42.8872566223, 43.467754364, 44.0482521057, 44.6287536621, 45.2208595276, 45.8129692078, 46.3818588257, 46.9507484436, 47.5544662476, 48.1465759277, 48.7386856079, 49.2727432251, 49.8068008423, 50.3408622742, 50.7820396423, 51.2116088867, 51.6411781311, 52.0126991272, 52.3958282471, 52.7789573669, 53.1504745483, 53.510383606, 53.8702926636, 54.2418136597, 54.6249427795, 54.9848518372, 55.333152771, 55.6698417664, 56.029750824, 56.3780479431, 56.7379570007, 57.0978660583, 57.457775116, 57.8176841736, 58.305305481, 58.7929229736, 59.280544281, 59.7797737122, 60.2673912048, 60.766620636, 61.1845779419, 61.6025390625, 62.0204963684, 62.4616775513, 62.9028549194, 63.3556442261, 63.7968254089, 64.2263946533, 64.655960083, 65.0855331421, 65.5267105103, 65.9911117554, 66.4555053711, 66.9199066162, 67.3610839844, 67.813873291, 68.2782745361, 68.6614074707, 69.0329208374, 69.416053772, 69.7991790771, 70.1474838257, 70.4841690063, 70.8208618164, 71.1575469971, 71.5058517456, 71.8425369263, 72.1792297363, 72.515914917, 72.9570999146, 73.3750534058, 73.7930145264, 74.210975647, 74.6057128906, 75.0004501343, 75.3951950073, 75.7783203125, 76.1266174316, 76.4749221802, 76.8116073608, 77.15990448, 77.49659729, 77.8448944092, 78.1815872192, 78.5182723999, 78.8665771484, 79.2148742676, 79.5631713867, 79.9230804443, 80.3178253174, 80.712562561, 81.1072998047, 81.5020370483, 81.9664382935, 82.4308395386, 82.8836288452, 83.3364181519, 83.8008117676, 84.2652130127, 84.7296142578, 85.1940155029], "beats_loudness": {"dmean2": 0.0235744882375, "median": 0.003144554561, "min": 0, "dvar2": 0.00230375770479, "dvar": 0.000962875667028, "dmean": 0.01440577209, "max": 0.290083616972, "var": 0.001155440812, "mean": 0.0159532930702}, "danceability": 0.826998472214, "bpm_histogram_second_peak_weight": {"dmean2": 0, "median": 0.0773480683565, "min": 0.0773480683565, "dvar2": 0, "dvar": 0, "dmean": 0, "max": 0.0773480683565, "var": 0, "mean": 0.0773480683565}, "beats_count": 182, "bpm_histogram_second_peak_bpm": {"dmean2": 0, "median": 101, "min": 101, "dvar2": 0, "dvar": 0, "dmean": 0, "max": 101, "var": 0, "mean": 101}, "bpm_histogram_first_peak_spread": {"dmean2": 0, "median": 0.333333313465, "min": 0.333333313465, "dvar2": 0, "dvar": 0, "dmean": 0, "max": 0.333333313465, "var": 0, "mean": 0.333333313465}, "beats_loudness_band_ratio": {"dmean2": [0.0712208524346, 0.206121832132, 0.339167743921, 0.245481953025, 0.0393266603351, 0.00729326996952], "median": [0.000592492520809, 0.0247609689832, 0.342128455639, 0.121738106012, 0.00477736629546, 0.000156561174663], "min": [0, 0, 0, 0, 0, 0], "dvar2": [0.0416479259729, 0.0917808115482, 0.12248147279, 0.101749695837, 0.0171094145626, 0.000340587168466], "dvar": [0.0246733799577, 0.0383771285415, 0.0503506474197, 0.0374464429915, 0.00845118891448, 0.000139901909279], "dmean": [0.0459016300738, 0.122593544424, 0.191251933575, 0.139126524329, 0.0210262015462, 0.00423191767186], "max": [0.999066710472, 0.957877099514, 0.996259570122, 0.998395681381, 0.985175609589, 0.092016838491], "var": [0.0659428611398, 0.0902734771371, 0.11157464236, 0.0992889925838, 0.0260957237333, 0.00018217440811], "mean": [0.090106934309, 0.220271542668, 0.394024014473, 0.272362738848, 0.0409379266202, 0.00448525231332]}}, "lowlevel": {"barkbands_spread": {"dmean2": 2.05801129341, "median": 3.10868763924, "min": 0.0438469536602, "dvar2": 50.0250244141, "dvar": 16.1393032074, "dmean": 1.29617738724, "max": 113.228805542, "var": 55.3050003052, "mean": 5.45570039749}, "melbands_spread": {"dmean2": 2.51958370209, "median": 5.15894889832, "min": 0.0308111403137, "dvar2": 45.5202598572, "dvar": 19.283908844, "dmean": 1.64991688728, "max": 157.71975708, "var": 259.174316406, "mean": 8.1595697403}, "hfc": {"dmean2": 4.78931188583, "median": 1.18699586391, "min": 1.08038814194e-16, "dvar2": 323.465606689, "dvar": 150.410095215, "dmean": 3.7587223053, "max": 442.991271973, "var": 1055.0871582, "mean": 11.6520853043}, "barkbands_kurtosis": {"dmean2": 29.5315036774, "median": 3.78275775909, "min": -1.93656051159, "dvar2": 25561.3300781, "dvar": 9560.1171875, "dmean": 18.7275371552, "max": 3457.52514648, "var": 33245.0078125, "mean": 46.51304245}, "gfcc": {"mean": [-336.330657959, 94.6355133057, -150.497039795, -71.3708343506, -62.9984664917, -9.37019634247, -30.0515079498, -0.330874145031, -12.8661565781, 4.79991102219, 3.08219218254, 3.2707297802, -3.48863077164], "icov": [[0.000504497613292, -0.000400786520913, 0.00142980075907, -0.00058282352984, 0.00145646557212, -0.000574722827878, 0.000729908060748, -0.000533554935828, 0.000823239970487, 4.06539265896e-06, -0.000189250102267, -0.000232388934819, 0.000448036676971], [-0.000400786520913, 0.00477346591651, -0.00185371888801, 0.00404045544565, -0.000357967830496, 0.0032202443108, 0.000491360202432, 0.00319114048034, -0.00185992964543, 0.00271788449027, 0.000169630977325, 0.000813016609754, -0.00046803522855], [0.00142980075907, -0.00185371888801, 0.00542968977243, -0.00419382052496, 0.00563280982897, -0.00165626197122, 0.00158181739971, -0.000966809457168, 0.00117105606478, 0.000314988166792, -0.000444835284725, -0.00152202998288, 0.00126373476814], [-0.00058282352984, 0.00404045544565, -0.00419382052496, 0.00832776166499, -0.00497654872015, 0.00247725355439, 0.000308704940835, 0.00173686177004, 0.00103584944736, -0.00085010426119, 0.00396741786972, -0.000336051685736, 0.000756865832955], [0.00145646557212, -0.000357967830496, 0.00563280982897, -0.00497654872015, 0.0114658707753, -0.004733777605, 0.00229905499145, 0.00132032227702, -0.00176114658825, 0.00488319573924, -0.00396691029891, 0.000700652366504, 0.000724999059457], [-0.000574722827878, 0.0032202443108, -0.00165626197122, 0.00247725355439, -0.004733777605, 0.0132991485298, -0.00602973299101, 0.0025007983204, 0.00308650149964, -0.00527712330222, 0.00608183117583, -0.00496268318966, 0.00272100814618], [0.000729908060748, 0.000491360202432, 0.00158181739971, 0.000308704940835, 0.00229905499145, -0.00602973299101, 0.0107058435678, -0.00599435064942, -0.000463585398393, 0.00523633230478, -0.00641975877807, 0.00406283978373, -0.00209087622352], [-0.000533554935828, 0.00319114048034, -0.000966809457168, 0.00173686177004, 0.00132032227702, 0.0025007983204, -0.00599435064942, 0.0138740679249, -0.00772917596623, 0.00394070381299, 0.00437900237739, -0.00414754450321, 0.00365015072748], [0.000823239970487, -0.00185992964543, 0.00117105606478, 0.00103584944736, -0.00176114658825, 0.00308650149964, -0.000463585398393, -0.00772917596623, 0.0149615211412, -0.0117622464895, 0.00191156414803, 0.000450306280982, 0.000505738658831], [4.06539265896e-06, 0.00271788449027, 0.000314988166792, -0.00085010426119, 0.00488319573924, -0.00527712330222, 0.00523633230478, 0.00394070381299, -0.0117622464895, 0.021324031055, -0.0125481672585, 0.00664944434538, -0.000295421283226], [-0.000189250102267, 0.000169630977325, -0.000444835284725, 0.00396741786972, -0.00396691029891, 0.00608183117583, -0.00641975877807, 0.00437900237739, 0.00191156414803, -0.0125481672585, 0.0236060731113, -0.0160008408129, 0.006760597229], [-0.000232388934819, 0.000813016609754, -0.00152202998288, -0.000336051685736, 0.000700652366504, -0.00496268318966, 0.00406283978373, -0.00414754450321, 0.000450306280982, 0.00664944434538, -0.0160008408129, 0.0194827653468, -0.0100390072912], [0.000448036676971, -0.00046803522855, 0.00126373476814, 0.000756865832955, 0.000724999059457, 0.00272100814618, -0.00209087622352, 0.00365015072748, 0.000505738658831, -0.000295421283226, 0.006760597229, -0.0100390072912, 0.0129848690704]], "cov": [[25723.8027344, 3574.89453125, -8049.89501953, -5051.25244141, -1475.91662598, -801.707275391, -173.000259399, 187.670272827, 60.7510490417, 96.5934677124, 800.574951172, 44.4519958496, 106.313415527], [3574.89453125, 2727.58154297, -469.843170166, -1606.57165527, -1029.69628906, -1028.22399902, -644.436340332, -360.358062744, 101.772964478, -70.8614196777, 79.4150772095, -69.207611084, 284.394287109], [-8049.89501953, -469.843170166, 3532.51171875, 1735.66003418, -11.2383317947, -72.3192214966, -365.541168213, -293.977722168, -229.349945068, -151.385986328, -410.020874023, -27.1346664429, 53.4056625366], [-5051.25244141, -1606.57165527, 1735.66003418, 1875.30712891, 655.646972656, 484.696044922, 29.2833614349, -82.6936798096, -295.187164307, -114.821899414, -329.661529541, -34.9010124207, -118.521377563], [-1475.91662598, -1029.69628906, -11.2383317947, 655.646972656, 652.087402344, 439.859039307, 233.972869873, 61.0185050964, -72.1936340332, -13.7428455353, -21.2621650696, 27.8925247192, -96.2378387451], [-801.707275391, -1028.22399902, -72.3192214966, 484.696044922, 439.859039307, 537.469238281, 336.919586182, 148.204345703, -68.4391098022, 18.7457389832, 8.15225410461, 66.058883667, -105.289726257], [-173.000259399, -644.436340332, -365.541168213, 29.2833614349, 233.972869873, 336.919586182, 506.619995117, 302.136108398, 96.1545181274, 27.5669326782, 94.9604187012, 59.5882987976, -76.9007110596], [187.670272827, -360.358062744, -293.977722168, -82.6936798096, 61.0185050964, 148.204345703, 302.136108398, 344.554351807, 177.721282959, 55.7219467163, 51.2571334839, 9.45684242249, -93.7326278687], [60.7510490417, 101.772964478, -229.349945068, -295.187164307, -72.1936340332, -68.4391098022, 96.1545181274, 177.721282959, 365.744384766, 203.755935669, 108.877624512, -55.587600708, -84.2772216797], [96.5934677124, -70.8614196777, -151.385986328, -114.821899414, -13.7428455353, 18.7457389832, 27.5669326782, 55.7219467163, 203.755935669, 236.570724487, 123.583129883, -26.8368701935, -86.4926147461], [800.574951172, 79.4150772095, -410.020874023, -329.661529541, -21.2621650696, 8.15225410461, 94.9604187012, 51.2571334839, 108.877624512, 123.583129883, 242.268875122, 114.526519775, -4.30255126953], [44.4519958496, -69.207611084, -27.1346664429, -34.9010124207, 27.8925247192, 66.058883667, 59.5882987976, 9.45684242249, -55.587600708, -26.8368701935, 114.526519775, 212.733016968, 98.5799636841], [106.313415527, 284.394287109, 53.4056625366, -118.521377563, -96.2378387451, -105.289726257, -76.9007110596, -93.7326278687, -84.2772216797, -86.4926147461, -4.30255126953, 98.5799636841, 206.479293823]]}, "spectral_energyband_middle_low": {"dmean2": 0.0012234771857, "median": 0.000998851144686, "min": 1.40257727143e-22, "dvar2": 9.17180750548e-06, "dvar": 5.68883524465e-06, "dmean": 0.0010473880684, "max": 0.0553199648857, "var": 5.76820675633e-05, "mean": 0.00446593202651}, "melbands_crest": {"dmean2": 3.2896232605, "median": 21.7061367035, "min": 1.66972982883, "dvar2": 17.5501327515, "dvar": 7.06267929077, "dmean": 2.23791432381, "max": 39.9554100037, "var": 56.0841026306, "mean": 22.1943264008}, "spectral_kurtosis": {"dmean2": 18.2761726379, "median": 37.5923957825, "min": -1.25244355202, "dvar2": 414.993774414, "dvar": 160.308685303, "dmean": 11.2095870972, "max": 196.923934937, "var": 1072.78686523, "mean": 44.1719856262}, "spectral_rms": {"dmean2": 0.000439268042101, "median": 0.0014112375211, "min": 3.11275397819e-12, "dvar2": 8.67616222422e-07, "dvar": 4.47530965175e-07, "dmean": 0.000365238258382, "max": 0.02046880126, "var": 7.24787878426e-06, "mean": 0.00235942634754}, "zerocrossingrate": {"dmean2": 0.00464612990618, "median": 0.0302734375, "min": 0, "dvar2": 0.000207849050639, "dvar": 0.000121678800497, "dmean": 0.00350229628384, "max": 0.5185546875, "var": 0.00334021449089, "mean": 0.0405797213316}, "silence_rate_60dB": {"dmean2": 0.071370638907, "median": 1, "min": 0, "dvar2": 0.0733072012663, "dvar": 0.0344037264585, "dmean": 0.0356756746769, "max": 1, "var": 0.246542513371, "mean": 0.558767914772}, "erbbands_kurtosis": {"dmean2": 5.11781263351, "median": 1.23272514343, "min": -1.85136520863, "dvar2": 120.029525757, "dvar": 55.0376968384, "dmean": 3.42960953712, "max": 185.744445801, "var": 306.870788574, "mean": 7.49425363541}, "erbbands": {"dmean2": [7.44218596083e-06, 1.49784536916e-05, 5.26922049175e-05, 0.000220213842113, 0.00122984696645, 0.0519173108041, 0.167504504323, 0.515270888805, 3.53555941582, 15.0803852081, 6.64620304108, 3.20219516754, 3.87913012505, 27.9206829071, 123.331176758, 41.172832489, 6.33814620972, 9.48931598663, 4.89688444138, 0.887848258018, 0.8483273983, 1.61728739738, 0.30174818635, 0.498720467091, 0.148923203349, 0.0382524058223, 0.0217789504677, 0.0220404677093, 0.00243838969618, 0.0037275669165, 0.00152515375521, 0.00134507997427, 0.00061090325471, 0.000664696563035, 0.00140592979733, 0.000299959734548, 6.51752197882e-05, 1.16442442959e-05, 3.14938051815e-06, 5.83054770686e-06], "median": [4.28716612078e-06, 9.29759880819e-06, 4.51470623375e-05, 0.000286922382656, 0.000408423453337, 0.00205566361547, 0.0216546915472, 0.0795672759414, 0.122675158083, 0.980416178703, 1.13753688335, 0.269589424133, 0.526756048203, 0.795409023762, 0.998276293278, 0.647050917149, 0.517860710621, 0.360284924507, 0.265457540751, 0.0920027568936, 0.0554993338883, 0.0259525105357, 0.0124954758212, 0.00794336479157, 0.00422110361978, 0.00250606285408, 0.00121049862355, 0.000565965718124, 0.000363864906831, 0.000306804169668, 0.000254121434409, 0.000200000198674, 0.000145719895954, 0.000104195562017, 7.00168238836e-05, 3.63319340977e-05, 1.74731303559e-05, 6.32948786006e-06, 2.46013496508e-06, 2.46642844104e-06], "min": [5.58730804744e-23, 8.1256565793e-22, 2.56949702656e-21, 3.16046728908e-21, 7.94048797846e-21, 1.38040417611e-20, 3.36183843153e-20, 8.46507170577e-20, 1.69770251652e-19, 2.49317716695e-19, 1.96211726167e-19, 3.56497085477e-19, 7.04958679989e-19, 5.41661077856e-19, 1.1540626417e-18, 1.59167013706e-18, 1.43902253701e-18, 2.69617163197e-18, 1.65516131555e-18, 2.58278709027e-18, 4.45986793608e-18, 5.48552640071e-18, 5.70887757381e-18, 7.09038789719e-18, 7.37276171572e-18, 1.09841106746e-17, 1.01669199223e-17, 9.98161905736e-18, 1.02845590675e-17, 1.13894953492e-17, 1.16631498569e-17, 1.07062251381e-17, 9.98587655597e-18, 9.22757527303e-18, 6.1617796387e-18, 3.94146722875e-18, 1.90114311624e-18, 8.75226881445e-19, 2.79725599796e-19, 2.75404841253e-20], "dvar2": [1.83908097084e-10, 7.1323047468e-10, 1.42055043284e-08, 1.60831348239e-07, 1.11437329906e-05, 0.0274223368615, 0.210010841489, 3.40585684776, 271.212554932, 2093.81518555, 498.801513672, 266.578643799, 391.667388916, 16276.2109375, 493648.6875, 56561.2421875, 1483.68005371, 4025.18554688, 1522.42236328, 11.4402561188, 16.0805301666, 177.822906494, 3.03278827667, 10.6426334381, 1.70499229431, 0.0647017285228, 0.0221895053983, 0.0278614144772, 9.07780704438e-05, 0.000662985781673, 4.23102173954e-05, 7.21538526705e-05, 8.27873827802e-06, 6.99615929989e-06, 5.12409242219e-05, 2.36986943492e-06, 1.15459194205e-07, 3.08072967137e-09, 1.08358884365e-10, 4.34181690601e-10], "dvar": [7.04116001615e-11, 2.66796029713e-10, 5.36696331821e-09, 5.78120271655e-08, 1.07149671749e-05, 0.0272529572248, 0.281249493361, 3.25151085854, 129.189147949, 1357.81347656, 311.537384033, 188.894500732, 482.77255249, 11245.3837891, 221333.015625, 28400.5664063, 812.669067383, 1930.01525879, 721.002319336, 6.86283540726, 7.73395109177, 96.802947998, 1.38930308819, 6.78126478195, 1.00184702873, 0.0334924310446, 0.0100766643882, 0.0192708037794, 6.31791408523e-05, 0.000489438243676, 2.39256751229e-05, 2.81636584987e-05, 4.60241381006e-06, 3.95839333578e-06, 2.42276273639e-05, 1.48449771586e-06, 7.57706004606e-08, 2.02245886705e-09, 5.83150541744e-11, 2.02107289238e-10], "dmean": [4.26080941907e-06, 8.4845460151e-06, 3.0926817999e-05, 0.000137374066981, 0.00121491367463, 0.0554066412151, 0.184560105205, 0.51310056448, 2.9229054451, 12.6293926239, 5.4597697258, 2.83009028435, 3.76163554192, 23.1834526062, 94.0269927979, 30.9725723267, 5.00426673889, 6.72488117218, 3.36092185974, 0.655713021755, 0.621389627457, 1.18968260288, 0.214933425188, 0.396365821362, 0.117322459817, 0.0290267951787, 0.0157433971763, 0.0168337523937, 0.0019458446186, 0.0029316637665, 0.00113807071466, 0.000928985711653, 0.000469779071864, 0.000507752294652, 0.000988336512819, 0.000240784618654, 5.08984085172e-05, 8.93173091754e-06, 2.55645909419e-06, 4.62673733637e-06], "max": [0.000181976458407, 0.000321157916915, 0.00211362214759, 0.00630377233028, 0.195861920714, 7.68095302582, 19.7325057983, 91.0680618286, 349.885437012, 1077.47875977, 453.465118408, 435.230865479, 1543.9161377, 4070.35083008, 19423.453125, 8894.79882813, 1527.95043945, 2022.3059082, 1114.30554199, 85.9386062622, 82.9509658813, 300.631622314, 37.1424942017, 82.3139572144, 46.1675643921, 5.78727245331, 3.13533473015, 6.95439767838, 0.271552294493, 1.09016633034, 0.12879319489, 0.18780387938, 0.0989885851741, 0.0607038140297, 0.136430174112, 0.0430004931986, 0.00898785982281, 0.0010842573829, 0.000293154153042, 0.000515777035616], "var": [3.03767677678e-10, 2.57727228448e-10, 5.61971136293e-09, 2.92547952085e-07, 0.000571340497117, 1.08691823483, 5.5146856308, 91.8734970093, 1259.72302246, 16491.3554688, 2678.7890625, 1222.23059082, 3786.52441406, 77406.359375, 1361227.875, 243204.671875, 5404.24511719, 5200.26953125, 1750.77868652, 20.5077896118, 24.2663726807, 248.589935303, 5.11642456055, 27.7688694, 1.92798995972, 0.0612940192223, 0.0246564764529, 0.0469652563334, 0.000246872688876, 0.00156235718168, 7.08573061274e-05, 8.86389098014e-05, 1.12858278953e-05, 1.29514501168e-05, 6.74612238072e-05, 4.3569243644e-06, 2.16583828205e-07, 6.07082561999e-09, 4.14160511442e-10, 1.46895984265e-09], "mean": [1.32070244945e-05, 1.2478152712e-05, 5.89467199461e-05, 0.000433508655988, 0.00865079276264, 0.392184495926, 1.05832850933, 3.09836363792, 12.5049753189, 52.8270072937, 20.7734985352, 9.33791160583, 11.2154951096, 64.7960662842, 245.728530884, 87.330368042, 12.3196458817, 12.2608528137, 5.72476434708, 1.27837443352, 1.15915822983, 2.09044861794, 0.436769396067, 0.796219110489, 0.194849684834, 0.0461542345583, 0.0295543186367, 0.0285292379558, 0.00431462284178, 0.0056014386937, 0.00229505985044, 0.00196785992011, 0.000977710122243, 0.00105904974043, 0.00191827048548, 0.0004744042526, 0.000108495980385, 2.14616684389e-05, 9.27219025471e-06, 1.5632575014e-05]}, "spectral_strongpeak": {"dmean2": 0.691721081734, "median": 0.715095758438, "min": 0, "dvar2": 2.33230161667, "dvar": 1.10672223568, "dmean": 0.477605253458, "max": 26.1208057404, "var": 9.58884906769, "mean": 1.89248013496}, "spectral_energy": {"dmean2": 0.00489549199119, "median": 0.00204138131812, "min": 9.93146809202e-21, "dvar2": 0.000303565931972, "dvar": 0.000141099546454, "dmean": 0.00388724636286, "max": 0.429446101189, "var": 0.00102827628143, "mean": 0.0131351407617}, "average_loudness": 0.00431911228225, "spectral_rolloff": {"dmean2": 162.770294189, "median": 775.1953125, "min": 21.533203125, "dvar2": 689421.625, "dvar": 298871.8125, "dmean": 88.6465301514, "max": 19595.2148438, "var": 4697341, "mean": 1021.57623291}, "spectral_centroid": {"dmean2": 110.599586487, "median": 655.819763184, "min": 210.139663696, "dvar2": 122004.539063, "dvar": 55771.9765625, "dmean": 75.0036773682, "max": 11572.8359375, "var": 1650694.5, "mean": 949.124145508}, "pitch_salience": {"dmean2": 0.0843754783273, "median": 0.470055907965, "min": 0.0076380521059, "dvar2": 0.00974768400192, "dvar": 0.0041209240444, "dmean": 0.0578613169491, "max": 0.994073688984, "var": 0.0379333868623, "mean": 0.439848095179}, "spectral_energyband_middle_high": {"dmean2": 0.00412632338703, "median": 0.000234791106777, "min": 1.18851172376e-21, "dvar2": 0.000292659038678, "dvar": 0.000133049878059, "dmean": 0.0031795813702, "max": 0.427006542683, "var": 0.00090914365137, "mean": 0.00873793009669}, "spectral_contrast_coeffs": {"dmean2": [0.0618386380374, 0.0471550449729, 0.0493917167187, 0.0380786694586, 0.0245856586844, 0.0161124914885], "median": [-0.807187855244, -0.49893695116, -0.599527418613, -0.713814198971, -0.82943636179, -0.866966962814], "min": [-0.979152619839, -0.978947639465, -0.977006793022, -0.970213055611, -0.967524290085, -0.96530854702], "dvar2": [0.00275347568095, 0.00164108013269, 0.00186679349281, 0.00101808749605, 0.000453461136203, 0.000186134144315], "dvar": [0.000917359429877, 0.000718290684745, 0.00081611040514, 0.000448194332421, 0.000194522275706, 7.34136410756e-05], "dmean": [0.0364392511547, 0.0306798294187, 0.0323439352214, 0.0248691458255, 0.0153309153393, 0.00990322139114], "max": [-0.314073473215, -0.256871581078, -0.274841457605, -0.388947069645, -0.595375597477, -0.717850744724], "var": [0.0297487527132, 0.0330505855381, 0.0250803567469, 0.0107699753717, 0.00413252459839, 0.00110894220416], "mean": [-0.72759026289, -0.553816020489, -0.617646813393, -0.729877233505, -0.827317416668, -0.860114634037]}, "melbands_skewness": {"dmean2": 1.23828983307, "median": 1.64173805714, "min": -10.5193462372, "dvar2": 23.2791996002, "dvar": 8.88624286652, "dmean": 0.84354788065, "max": 147.894760132, "var": 39.6499938965, "mean": 2.91098666191}, "spectral_spread": {"dmean2": 607480.6875, "median": 1782890.625, "min": 507415.40625, "dvar2": 1475133440000.0, "dvar": 688635510784, "dmean": 370293.65625, "max": 42748216, "var": 25828545003500.0, "mean": 3264859.75}, "dissonance": {"dmean2": 0.100417740643, "median": 0.326476335526, "min": 0.0718393474817, "dvar2": 0.00938092265278, "dvar": 0.00337495305575, "dmean": 0.0578633211553, "max": 0.499994844198, "var": 0.00983723159879, "mean": 0.331197887659}, "spectral_skewness": {"dmean2": 1.13413584232, "median": 4.76448106766, "min": -0.0889749228954, "dvar2": 1.36140167713, "dvar": 0.503022968769, "dmean": 0.69204133749, "max": 11.5177536011, "var": 4.4540977478, "mean": 4.78815317154}, "spectral_flux": {"dmean2": 0.0157702974975, "median": 0.00838405173272, "min": 6.39181069184e-11, "dvar2": 0.000999499112368, "dvar": 0.000372254318791, "dmean": 0.00978647451848, "max": 0.283366858959, "var": 0.000911197217647, "mean": 0.0197309274226}, "spectral_contrast_valleys": {"dmean2": [0.831876456738, 0.571777164936, 0.487833172083, 0.363705575466, 0.27324834466, 0.225873574615], "median": [-11.9498300552, -10.5567150116, -10.486615181, -10.8327121735, -11.2006349564, -13.8527202606], "min": [-28.5509719849, -27.8961372375, -27.6693439484, -27.813041687, -27.4809398651, -27.3982219696], "dvar2": [0.5531270504, 0.275479137897, 0.219579651952, 0.148989751935, 0.123868137598, 0.107342809439], "dvar": [0.210713893175, 0.11879298836, 0.099518828094, 0.0783258453012, 0.0758384987712, 0.0634214282036], "dmean": [0.476816296577, 0.336618751287, 0.288916945457, 0.223996192217, 0.187923699617, 0.157353654504], "max": [-9.88716888428, -7.84272575378, -6.99195575714, -8.25829029083, -8.50726890564, -10.9235095978], "var": [3.82385921478, 5.10977268219, 5.56316804886, 5.24139261246, 4.61260032654, 3.0912976265], "mean": [-12.1875104904, -10.8856248856, -10.8784484863, -11.220284462, -11.5029993057, -13.855474472]}, "erbbands_flatness_db": {"dmean2": 0.0208240617067, "median": 0.41264629364, "min": 0.027239497751, "dvar2": 0.000686131359544, "dvar": 0.000354635558324, "dmean": 0.0154225705191, "max": 0.667041361332, "var": 0.0215848777443, "mean": 0.381096929312}, "spectral_energyband_high": {"dmean2": 1.07580342501e-06, "median": 1.0615745083e-07, "min": 6.82110743011e-21, "dvar2": 2.88465501486e-11, "dvar": 1.9312187266e-11, "dmean": 8.56028123053e-07, "max": 0.000187697063666, "var": 6.67996422066e-11, "mean": 1.80369431746e-06}, "spectral_entropy": {"dmean2": 0.225396484137, "median": 4.99333000183, "min": 3.6022605896, "dvar2": 0.0780374631286, "dvar": 0.0421634241939, "dmean": 0.166305810213, "max": 9.81604862213, "var": 1.77121245861, "mean": 5.42571878433}, "silence_rate_20dB": {"dmean2": 0.00216274661943, "median": 1, "min": 0, "dvar2": 0.00269877794199, "dvar": 0.00107991800178, "dmean": 0.00108108110726, "max": 1, "var": 0.00107962673064, "mean": 0.998919188976}, "melbands_flatness_db": {"dmean2": 0.0270265266299, "median": 0.4611133039, "min": 0.00274924538098, "dvar2": 0.00108814355917, "dvar": 0.000559981970582, "dmean": 0.020020769909, "max": 0.646503984928, "var": 0.0149352550507, "mean": 0.433135211468}, "barkbands": {"dmean2": [1.33836704208e-06, 9.13622528742e-08, 5.86121906565e-08, 8.96464555922e-08, 1.69499380718e-05, 4.14445494243e-05, 0.000533971469849, 0.000518421584275, 0.000177573369001, 0.000139985480928, 0.00290924683213, 0.000989892985672, 4.59124967165e-05, 0.000248000753345, 1.02380427052e-05, 1.52827215061e-05, 3.21720872307e-05, 8.64974026626e-06, 4.22604261985e-06, 5.5598502513e-07, 6.65639504405e-07, 6.56872458649e-08, 7.8456871222e-08, 4.7022485461e-08, 1.23242301697e-07, 4.29314432893e-08, 5.84486237187e-09], "median": [1.02371393496e-06, 4.10337008816e-08, 3.34938974333e-08, 6.53199094813e-08, 9.01865817582e-08, 6.2822482505e-07, 2.09192353395e-06, 2.02175178856e-05, 2.57362245293e-07, 2.01081934392e-06, 6.49956427878e-06, 8.06005209597e-06, 2.75823163065e-06, 1.89999286704e-06, 6.59458919472e-07, 5.11625955824e-07, 3.71997089132e-07, 1.96869706315e-07, 9.7103352914e-08, 4.87396043525e-08, 1.95907556844e-08, 9.72117586429e-09, 8.98289886919e-09, 8.83815420849e-09, 9.27873156087e-09, 8.75236505493e-09, 9.96871829528e-09], "min": [3.14045748236e-25, 5.89355891809e-24, 8.40233105091e-25, 9.0922530214e-25, 5.81954562138e-24, 1.16244460401e-23, 1.22271980917e-23, 5.7136856155e-24, 1.95883423993e-23, 1.56141069128e-23, 5.49139092329e-24, 3.48948424684e-23, 3.23431645854e-23, 3.94720437879e-23, 3.78664878093e-23, 6.03461363772e-23, 8.07511344069e-23, 1.03182955916e-22, 1.41483238337e-22, 2.10197604886e-22, 2.03176730208e-22, 2.80783237854e-22, 3.91695768464e-22, 6.42919012426e-22, 9.10047610747e-22, 1.27386117256e-21, 2.03023080298e-21], "dvar2": [5.56453060713e-12, 2.96773070257e-14, 1.58234783918e-14, 2.66790916074e-14, 3.12856229812e-09, 2.54216789841e-08, 4.296440693e-06, 3.19951118399e-06, 1.57443923854e-06, 7.39450968013e-07, 0.000260670058196, 2.83190947812e-05, 6.18478210868e-08, 3.69083045371e-06, 1.70175751268e-09, 5.62329738329e-09, 6.4729832161e-08, 5.43533795749e-09, 8.08379696515e-10, 1.33824600707e-11, 2.0731463421e-11, 7.80020511615e-14, 2.51900280149e-13, 6.2527450394e-14, 3.43207748462e-13, 4.89544623101e-14, 5.22485073734e-16], "dvar": [1.87863288294e-12, 1.17678787111e-14, 5.73603893265e-15, 9.16537675697e-15, 3.56906526555e-09, 2.34213874961e-08, 2.64805134975e-06, 1.98538646146e-06, 1.05774927306e-06, 5.28040516201e-07, 0.00011507137242, 1.49923444042e-05, 4.01760367197e-08, 1.7606179199e-06, 8.65591487376e-10, 3.38704397862e-09, 3.40151409262e-08, 2.84558843155e-09, 5.3928883581e-10, 5.67510274885e-12, 1.32436102016e-11, 4.45181882352e-14, 1.82472418252e-13, 2.70896925226e-14, 1.74207545091e-13, 3.3164938081e-14, 3.54132775604e-16], "dmean": [7.30932811166e-07, 5.40493800827e-08, 3.39654278037e-08, 5.17218836649e-08, 1.85041753866e-05, 4.19562347815e-05, 0.00045127311023, 0.000421697011916, 0.000152873632032, 0.000127579434775, 0.00222309026867, 0.000760723312851, 3.57929529855e-05, 0.000172651460161, 7.48323327571e-06, 1.13110727398e-05, 2.39314467763e-05, 6.16462330072e-06, 3.39800067195e-06, 3.92164366758e-07, 4.97738597005e-07, 5.02464310159e-08, 6.10726900163e-08, 3.39300036956e-08, 9.04168473426e-08, 3.36498651166e-08, 4.47309389529e-09], "max": [2.77438830381e-05, 2.37211429521e-06, 2.25112262342e-06, 2.24903055823e-06, 0.00218669231981, 0.00735667999834, 0.0432021692395, 0.038297932595, 0.0451470911503, 0.0371832177043, 0.424515098333, 0.192271173, 0.00993804354221, 0.0587044768035, 0.00101266568527, 0.00202855677344, 0.00521519780159, 0.00181207491551, 0.00117845938075, 7.44306889828e-05, 0.000171336636413, 9.16756835068e-06, 2.08104902413e-05, 4.93314473715e-06, 1.09532320494e-05, 6.64821709506e-06, 5.69517396798e-07], "var": [4.85544382478e-11, 1.20391037431e-14, 5.05478812087e-15, 1.10069407338e-14, 9.56960022336e-08, 6.3801911665e-07, 2.9370721677e-05, 1.90497430594e-05, 5.54161761102e-06, 2.08357505471e-06, 0.00076980952872, 0.000117789466458, 1.72092185835e-07, 4.51664209322e-06, 3.44177908396e-09, 8.63715232668e-09, 9.7145566258e-08, 1.1635271413e-08, 1.8130772439e-09, 8.72483422315e-12, 3.53682361176e-11, 1.59308235549e-13, 5.75272956441e-13, 8.43480084498e-14, 5.40596050997e-13, 9.4692164537e-14, 1.01571257068e-15], "mean": [4.56171210317e-06, 6.98420876688e-08, 4.75874415429e-08, 9.27158865238e-08, 0.000118258569273, 0.000248326832661, 0.00183107412886, 0.00168240361381, 0.000444904813776, 0.000318316218909, 0.00606267806143, 0.00195997115225, 6.8496534368e-05, 0.000296886631986, 1.55363522936e-05, 1.95168195205e-05, 4.27538325312e-05, 1.32466393552e-05, 5.98376527705e-06, 6.06497735589e-07, 8.93932906365e-07, 1.03983474276e-07, 1.16464903499e-07, 7.2306342247e-08, 1.84437951134e-07, 6.86305341446e-08, 1.51543577687e-08]}, "erbbands_skewness": {"dmean2": 0.666785299778, "median": 0.64618819952, "min": -5.58068943024, "dvar2": 0.644305109978, "dvar": 0.30342644453, "dmean": 0.470029175282, "max": 10.7554731369, "var": 3.42430853844, "mean": 1.10335147381}, "erbbands_spread": {"dmean2": 3.36570191383, "median": 6.51005554199, "min": 0.187417030334, "dvar2": 50.3369445801, "dvar": 20.19490242, "dmean": 2.26897597313, "max": 136.096725464, "var": 479.916168213, "mean": 14.3489627838}, "melbands_kurtosis": {"dmean2": 49.5550270081, "median": 4.37153530121, "min": -1.87817716599, "dvar2": 899572.625, "dvar": 316355.125, "dmean": 29.0147228241, "max": 26189.9902344, "var": 248598.234375, "mean": 63.4228897095}, "melbands": {"dmean2": [1.01790568863e-07, 2.35967476669e-08, 3.34184662165e-08, 1.16614330636e-06, 5.80111645831e-06, 1.00006709545e-05, 7.10050517228e-05, 0.000162723721587, 4.90043130412e-05, 1.99206224352e-05, 1.69726663444e-05, 7.87214667071e-05, 0.000439547467977, 0.000143927289173, 5.84119625273e-05, 5.33898855792e-06, 2.16688822547e-05, 1.24556836454e-05, 8.76805643202e-07, 1.31028218675e-06, 1.07880214273e-06, 2.34269009525e-06, 1.76975603949e-07, 4.57730862991e-07, 4.32563211916e-07, 9.03656243167e-08, 7.79226851932e-08, 1.97624530074e-08, 8.72034711108e-09, 2.62564636699e-08, 7.06399427841e-09, 1.06631459218e-09, 2.16281148546e-09, 2.16141704534e-09, 9.03121688545e-10, 7.37984506838e-10, 9.16353548597e-10, 4.453175328