{"tonal": {"thpcp": [1, 0.676959097385, 0.299825876951, 0.256708979607, 0.239844113588, 0.281576424837, 0.393256664276, 0.419632047415, 0.345724225044, 0.298521995544, 0.274539500475, 0.290104329586, 0.334715098143, 0.331355363131, 0.310273379087, 0.34225204587, 0.313162654638, 0.212997183204, 0.174631148577, 0.19397880137, 0.232725411654, 0.301067858934, 0.333286970854, 0.311467766762, 0.320315957069, 0.343461275101, 0.359456211329, 0.428677558899, 0.448285788298, 0.397768646479, 0.361708551645, 0.272974163294, 0.196182087064, 0.194532707334, 0.21692545712, 0.600828826427], "hpcp": {"dmean2": [0.267805099487, 0.277641713619, 0.257512778044, 0.241663441062, 0.222164303064, 0.172800466418, 0.16522090137, 0.190458700061, 0.208362326026, 0.235480457544, 0.256176531315, 0.269639164209, 0.297451853752, 0.330756902695, 0.331372141838, 0.316675186157, 0.307377070189, 0.288141936064, 0.260157555342, 0.217276155949, 0.178197994828, 0.185567736626, 0.209966018796, 0.360925227404, 0.532037496567, 0.402947336435, 0.289967209101, 0.253740221262, 0.217929854989, 0.231262072921, 0.273864090443, 0.299270927906, 0.287995100021, 0.264606803656, 0.25635650754, 0.254657864571], "median": [0.0310541130602, 0.0339077375829, 0.0373392179608, 0.0389442108572, 0.0344342403114, 0.0216792225838, 0.0135591123253, 0.0126118157059, 0.0190142691135, 0.025807434693, 0.0285870041698, 0.0223325174302, 0.0206559933722, 0.0215767044574, 0.0314815826714, 0.0465542934835, 0.0536353327334, 0.0498462282121, 0.0318035371602, 0.0219708494842, 0.0157385654747, 0.0133036496118, 0.015373040922, 0.108995757997, 0.161904200912, 0.153409332037, 0.0222876258194, 0.0146830994636, 0.0137045215815, 0.0231700036675, 0.036574229598, 0.0376514829695, 0.0297740101814, 0.0197692383081, 0.0192357581109, 0.0243596620858], "min": [0, 0, 0, 0, 0, 0, 0, 0, 0, 0, 0, 0, 0, 0, 0, 0, 0, 0, 0, 0, 0, 0, 0, 0, 0, 0, 0, 0, 0, 0, 0, 0, 0, 0, 0, 0], "dvar2": [0.142584130168, 0.149546325207, 0.123736195266, 0.115054987371, 0.102892398834, 0.0754124075174, 0.0850019156933, 0.11730953306, 0.111918509007, 0.122513383627, 0.133663490415, 0.153626546264, 0.178120598197, 0.206865668297, 0.189391985536, 0.155066177249, 0.145811453462, 0.13336700201, 0.126367270947, 0.113826535642, 0.0890462175012, 0.104667313397, 0.119087822735, 0.14498360455, 0.261253863573, 0.168322116137, 0.166839361191, 0.150983288884, 0.121411658823, 0.123510994017, 0.139230445027, 0.153731629252, 0.150800541043, 0.138763561845, 0.143979951739, 0.13454040885], "dvar": [0.0545422285795, 0.0556027553976, 0.0461521111429, 0.0432941168547, 0.0393189713359, 0.0275458171964, 0.0298409834504, 0.0412759259343, 0.0415922813118, 0.0484195575118, 0.0530414581299, 0.0565212294459, 0.0649253576994, 0.0754935592413, 0.0689026862383, 0.0588241890073, 0.056437343359, 0.0504797026515, 0.048268020153, 0.0412389673293, 0.0323564559221, 0.0369319133461, 0.0422665290534, 0.0568025484681, 0.120877355337, 0.0649376660585, 0.06006436795, 0.0543357729912, 0.0437583960593, 0.0450977943838, 0.0551210716367, 0.0602053105831, 0.0579946786165, 0.0537341237068, 0.0537441074848, 0.0500846356153], "dmean": [0.149801924825, 0.153878077865, 0.144381552935, 0.139610111713, 0.127839758992, 0.0986962392926, 0.091119684279, 0.103570379317, 0.115431897342, 0.133839517832, 0.146199807525, 0.150645390153, 0.162883758545, 0.180145129561, 0.181176960468, 0.177712664008, 0.17592780292, 0.164653345942, 0.148116707802, 0.121984653175, 0.0987613275647, 0.101674638689, 0.114211164415, 0.202244386077, 0.29364785552, 0.226702049375, 0.158308833838, 0.138158395886, 0.120043605566, 0.129544079304, 0.156788274646, 0.17004275322, 0.162512376904, 0.146631464362, 0.140277788043, 0.141022324562], "max": [1, 1, 1, 1, 1, 1, 1, 1, 1, 1, 1, 1, 1, 1, 1, 1, 1, 1, 1, 1, 1, 1, 1, 1, 1, 1, 1, 1, 1, 1, 1, 1, 1, 1, 1, 1], "var": [0.0537909008563, 0.0507203675807, 0.0406515076756, 0.0454286336899, 0.0414494164288, 0.0238355249166, 0.0221857409924, 0.0300373844802, 0.0341383107007, 0.0476624369621, 0.0552221126854, 0.0498079061508, 0.0548164062202, 0.0610133744776, 0.0573642849922, 0.065795391798, 0.0673091337085, 0.0532982125878, 0.0558428950608, 0.0384566858411, 0.0252071246505, 0.0267922375351, 0.0310115497559, 0.0675364509225, 0.176882103086, 0.0778937712312, 0.0469427220523, 0.0426041185856, 0.0375334061682, 0.0414269194007, 0.0666080191731, 0.0715004354715, 0.0540505498648, 0.0485481023788, 0.0441791974008, 0.0425417870283], "mean": [0.131515294313, 0.130195200443, 0.121911719441, 0.134476691484, 0.123046971858, 0.0836902409792, 0.0686155706644, 0.0762175917625, 0.0914418026805, 0.118294715881, 0.130954161286, 0.122381016612, 0.125857621431, 0.134951815009, 0.141236498952, 0.168434754014, 0.176139160991, 0.156290113926, 0.142121478915, 0.107256218791, 0.0770833045244, 0.0764352306724, 0.0852337256074, 0.236075937748, 0.392917126417, 0.265988826752, 0.117806725204, 0.100865356624, 0.0942388623953, 0.110636197031, 0.154517278075, 0.164880618453, 0.135840967298, 0.117294408381, 0.10787127167, 0.113986961544]}, "tuning_equal_tempered_deviation": 0.157643571496, "chords_changes_rate": 0.11078646034, "key_key": "A#", "tuning_diatonic_strength": 0.498954892159, "key_scale": "major", "chords_number_rate": 0.00243486720137, "tuning_frequency": 434.193115234, "tuning_nontempered_energy_ratio": 0.83431828022, "chords_histogram": [17.9693202972, 15.0231313705, 8.59508132935, 0, 3.38446545601, 0.462624788284, 6.18456315994, 0.535670816898, 0.730460166931, 0.292184084654, 0.0486973449588, 0.0243486724794, 0, 0, 0, 0, 0.146092042327, 14.8283414841, 8.57073307037, 4.18797159195, 0.17044070363, 3.8714389801, 0.706111490726, 14.268321991], "key_strength": 0.65952694416, "chords_key": "A#", "chords_strength": {"dmean2": 0.0186265558004, "median": 0.483421355486, "min": -1, "dvar2": 0.00320309633389, "dvar": 0.00116145738866, "dmean": 0.0146589577198, "max": 0.776463627815, "var": 0.00874637905508, "mean": 0.483775109053}, "chords_scale": "major", "hpcp_entropy": {"dmean2": 1.44604361057, "median": 2.26357269287, "min": 0, "dvar2": 1.35359287262, "dvar": 0.503633439541, "dmean": 0.862323403358, "max": 4.77716016769, "var": 0.855034410954, "mean": 2.30487585068}}, "metadata": {"audio_properties": {"equal_loudness": 0, "codec": "flac", "downmix": "mix", "sample_rate": 44100, "analysis_sample_rate": 44100, "bit_rate": 0, "md5_encoded": "2debdf9c8ad70b5fd492f840febaf4e9", "length": 190.679992676, "replay_gain": -15.7941570282, "lossless": true}, "version": {"essentia_build_sha": "70f2e5ece6736b2c40cc944ad0e695b16b925413", "essentia": "2.1-beta2", "extractor": "music 1.0", "essentia_git_sha": "v2.1_beta2"}, "tags": {"title": ["Nim\u00e9wo T\u00e9l\u00e9fon Aw"], "language": ["fra"], "media": ["Digital Media"], "albumartist": ["Admiral T"], "tracktotal": ["23"], "releasetype": ["album"], "musicbrainz_recordingid": ["069d4945-73b7-4b1b-b600-8550584bec02"], "musicbrainz_albumartistid": ["a19287e1-b752-4470-9969-278d31fe4ea3"], "discnumber": ["1"], "album": ["Face B"], "releasecountry": ["FR"], "compilation": ["1"], "albumartistsort": ["Admiral T"], "date": ["2012-06-25"], "file_name": "11. Admiral T - Nimewo Telefon Aw.flac", "disctotal": ["1"], "musicbrainz_artistid": ["a19287e1-b752-4470-9969-278d31fe4ea3"], "originaldate": ["2012-06-25"], "musicbrainz_albumid": ["1f15a8d1-cfac-415b-850e-180ad5b6e523"], "tracknumber": ["11"], "artistsort": ["Admiral T"], "artist": ["Admiral T"], "totaltracks": ["23"], "totaldiscs": ["1"], "script": ["Latn"], "releasestatus": ["official"]}}, "rhythm": {"bpm_histogram_first_peak_bpm": {"dmean2": 0, "median": 123, "min": 123, "dvar2": 0, "dvar": 0, "dmean": 0, "max": 123, "var": 0, "mean": 123}, "bpm": 123.78754425, "bpm_histogram_second_peak_spread": {"dmean2": 0, "median": 0.407407343388, "min": 0.407407343388, "dvar2": 0, "dvar": 0, "dmean": 0, "max": 0.407407343388, "var": 0, "mean": 0.407407343388}, "bpm_histogram_first_peak_weight": {"dmean2": 0, "median": 0.484848499298, "min": 0.484848499298, "dvar2": 0, "dvar": 0, "dmean": 0, "max": 0.484848499298, "var": 0, "mean": 0.484848499298}, "onset_rate": 5.61108732224, "beats_position": [0.638548731804, 1.28870749474, 1.95047616959, 2.58902478218, 3.23918366432, 3.90095233917, 4.53950119019, 5.17804956436, 5.8282084465, 6.47836732864, 7.12852573395, 7.77868461609, 8.4172334671, 9.05578231812, 9.70594120026, 10.3560991287, 10.9946479797, 11.6331968307, 12.2833557129, 12.933514595, 13.5836734772, 14.2222223282, 14.8607711792, 15.5109291077, 16.1494789124, 16.7880268097, 17.4381847382, 18.088344574, 18.7268924713, 19.365442276, 20.0272102356, 20.6773700714, 21.3159179688, 21.9660758972, 22.6046257019, 23.2431735992, 23.8933334351, 24.5434913635, 25.1936511993, 25.8438091278, 26.4823570251, 27.1209068298, 27.7710647583, 28.4212245941, 29.0597724915, 29.6983222961, 30.3484802246, 30.9986381531, 31.6487979889, 32.2873458862, 32.9258956909, 33.5760536194, 34.2262115479, 34.8763694763, 35.514919281, 36.1534690857, 36.8036270142, 37.4537849426, 38.0923347473, 38.730884552, 39.3810424805, 40.0312004089, 40.6813583374, 41.3315200806, 41.9932861328, 42.6666641235, 43.3516540527, 44.0366439819, 44.6984100342, 45.3485717773, 45.9987297058, 46.6488876343, 47.2990455627, 47.9375953674, 48.5877532959, 49.2379112244, 49.8764610291, 50.5150108337, 51.1535606384, 51.8037185669, 52.4538764954, 53.1040344238, 53.5916557312, 54.0792732239, 54.5901107788, 55.1125602722, 55.6466217041, 56.1458511353, 56.6334686279, 57.1210861206, 57.608707428, 58.0963249207, 58.583946228, 59.0599517822, 59.5359611511, 60.0235824585, 60.5111999512, 60.9988212585, 61.4748306274, 61.9624481201, 62.4500656128, 62.9376869202, 63.4136962891, 63.9013137817, 64.3889312744, 64.8765487671, 65.3641738892, 65.8517913818, 66.327796936, 66.8038101196, 67.2914276123, 67.779045105, 68.2666625977, 68.7542877197, 69.2419052124, 69.7295227051, 70.2171401978, 70.6931533813, 71.1691589355, 71.6451721191, 72.1211776733, 72.608795166, 73.0964126587, 73.5840377808, 74.0716552734, 74.5476608276, 75.0236740112, 75.5112915039, 75.9989089966, 76.4865264893, 76.9741516113, 77.461769104, 77.9377746582, 78.4137878418, 78.9014053345, 79.3890228271, 79.8766403198, 80.3526535034, 80.8286590576, 81.3162765503, 81.8039016724, 82.291519165, 82.7791366577, 83.2783660889, 83.77759552, 84.2884368896, 84.7992706299, 85.321723938, 85.8209533691, 86.3085708618, 86.807800293, 87.2838058472, 87.7714233398, 88.2590484619, 88.7466659546, 89.2110671997, 89.6986846924, 90.1863021851, 90.6739196777, 91.1615371704, 91.637550354, 92.1135559082, 92.6011810303, 93.0887985229, 93.5764160156, 94.0640335083, 94.551651001, 95.0276641846, 95.5036697388, 95.9912872314, 96.4789123535, 96.9665298462, 97.4541473389, 97.9417648315, 98.4177780151, 98.9053955078, 99.381401062, 99.8690261841, 100.356643677, 100.844261169, 101.320266724, 101.796279907, 102.2838974, 102.771514893, 103.259140015, 103.735145569, 104.211151123, 104.698776245, 105.186393738, 105.67401123, 106.161628723, 106.649246216, 107.125259399, 107.601264954, 108.088890076, 108.576507568, 109.064125061, 109.551742554, 110.039360046, 110.526985168, 111.002990723, 111.490608215, 111.966621399, 112.454238892, 112.941856384, 113.417869568, 113.893875122, 114.381492615, 114.869110107, 115.356735229, 115.832740784, 116.320358276, 116.807983398, 117.283988953, 117.771606445, 118.259223938, 118.74684906, 119.234466553, 119.710472107, 120.186485291, 120.674102783, 121.161720276, 121.626121521, 122.113739014, 122.601356506, 123.088973999, 123.576599121, 124.064216614, 124.551834106, 125.02784729, 125.503852844, 125.991470337, 126.47908783, 126.966712952, 127.454330444, 127.941947937, 128.417953491, 128.893966675, 129.381591797, 129.86920166, 130.356826782, 130.832824707, 131.308837891, 131.796463013, 132.284072876, 132.771697998, 133.25932312, 133.746932983, 134.234558105, 134.710571289, 135.186569214, 135.662582397, 136.161804199, 136.649429321, 137.125442505, 137.601455688, 138.089065552, 138.588302612, 139.064300537, 139.551925659, 140.027938843, 140.503936768, 140.99156189, 141.479187012, 141.966796875, 142.454421997, 142.94203186, 143.418045044, 143.894058228, 144.381668091, 144.869293213, 145.345306396, 145.82131958, 146.308929443, 146.796554565, 147.284164429, 147.771789551, 148.259414673, 148.758636475, 149.234649658, 149.710647583, 150.198272705, 150.674285889, 151.161895752, 151.649520874, 152.125534058, 152.601531982, 153.089157104, 153.576782227, 154.06439209, 154.540405273, 155.028030396, 155.50402832, 155.991653442, 156.479278564, 156.966888428, 157.45451355, 157.942123413, 158.418136597, 158.89414978, 159.381759644, 159.846160889, 160.333786011, 160.821395874, 161.309020996, 161.796646118, 162.284255981, 162.771881104, 163.259490967, 163.73550415, 164.223129272, 164.710739136, 165.186752319, 165.674377441, 166.161987305, 166.649612427, 167.137237549, 167.624847412, 168.100860596, 168.588470459, 169.064483643, 169.540496826, 170.01651001, 170.504119873, 170.991744995, 171.479354858, 171.96697998, 172.454605103, 172.942214966, 173.429840088, 173.917449951, 174.381851196, 174.869476318, 175.35710144, 175.833099365, 176.309112549, 176.796737671, 177.284347534, 177.771972656, 178.25958252, 178.735595703, 179.211608887, 179.69921875, 180.186843872, 180.674468994, 181.173690796, 181.649703979, 182.125717163, 182.601715088, 183.08934021, 183.576965332, 184.052963257, 184.552200317, 185.039810181, 185.515823364, 185.991836548, 186.479446411, 186.967071533, 187.477905273, 187.988754272, 188.487976074, 188.987213135, 189.486434937, 189.985671997], "beats_loudness": {"dmean2": 0.0498826988041, "median": 0.0499460101128, "min": 0, "dvar2": 0.00151354994159, "dvar": 0.000542373280041, "dmean": 0.0293959416449, "max": 0.141866907477, "var": 0.000907255569473, "mean": 0.0561197251081}, "danceability": 1.6097728014, "bpm_histogram_second_peak_weight": {"dmean2": 0, "median": 0.132231414318, "min": 0.132231414318, "dvar2": 0, "dvar": 0, "dmean": 0, "max": 0.132231414318, "var": 0, "mean": 0.132231414318}, "beats_count": 364, "bpm_histogram_second_peak_bpm": {"dmean2": 0, "median": 92, "min": 92, "dvar2": 0, "dvar": 0, "dmean": 0, "max": 92, "var": 0, "mean": 92}, "bpm_histogram_first_peak_spread": {"dmean2": 0, "median": 0.348148107529, "min": 0.348148107529, "dvar2": 0, "dvar": 0, "dmean": 0, "max": 0.348148107529, "var": 0, "mean": 0.348148107529}, "beats_loudness_band_ratio": {"dmean2": [0.547207891941, 0.12586595118, 0.246841996908, 0.172331795096, 0.168113201857, 0.280104279518], "median": [0.620402216911, 0.0275555495173, 0.0549606829882, 0.0219905171543, 0.0367215871811, 0.0660799443722], "min": [0, 0, 0, 0, 0, 0], "dvar2": [0.16145798564, 0.0303414650261, 0.0802637934685, 0.0444313436747, 0.0387958101928, 0.0881326943636], "dvar": [0.0595247708261, 0.0118456501514, 0.0273997783661, 0.0161639302969, 0.0139560066164, 0.0333157554269], "dmean": [0.312750905752, 0.0710663199425, 0.132419854403, 0.0944588407874, 0.0920034348965, 0.160911798477], "max": [0.993302822113, 0.872101783752, 0.818312644958, 0.7932061553, 0.685652494431, 0.975308001041], "var": [0.0936686769128, 0.0140598518774, 0.0209489315748, 0.0136223398149, 0.0124094039202, 0.0330576859415], "mean": [0.550489604473, 0.0693728774786, 0.105670318007, 0.0706632211804, 0.0786216706038, 0.141134768724]}}, "lowlevel": {"barkbands_spread": {"dmean2": 23.3431987762, "median": 30.0310916901, "min": 0.207453131676, "dvar2": 579.498962402, "dvar": 268.921936035, "dmean": 15.0949382782, "max": 127.708274841, "var": 610.110412598, "mean": 35.4694442749}, "melbands_spread": {"dmean2": 28.3385276794, "median": 23.8188247681, "min": 0.242236703634, "dvar2": 1545.00683594, "dvar": 722.343017578, "dmean": 18.4533233643, "max": 322.40222168, "var": 1666.05859375, "mean": 37.8198814392}, "hfc": {"dmean2": 35.3544578552, "median": 32.7138938904, "min": 1.09611833787e-16, "dvar2": 2245.32958984, "dvar": 1206.15783691, "dmean": 24.7916297913, "max": 512.677612305, "var": 3020.82739258, "mean": 48.4098777771}, "barkbands_kurtosis": {"dmean2": 12.2263469696, "median": 1.43935728073, "min": -1.97634422779, "dvar2": 1222.82946777, "dvar": 487.323944092, "dmean": 7.65475702286, "max": 1044.78979492, "var": 492.217102051, "mean": 7.28792142868}, "gfcc": {"mean": [22.6274394989, 37.2495231628, -90.9714660645, 34.5434188843, -47.1761016846, 15.5210790634, -33.52709198, 13.6680231094, -12.5697488785, 4.88905096054, -10.8536710739, 0.882913053036, -12.9828300476], "icov": [[6.90539382049e-05, -2.89701142719e-06, 3.64747393178e-05, -5.96383470111e-05, 4.45496152679e-05, -7.9412573541e-05, 8.27622570796e-05, -0.0001564642007, 9.25302738324e-05, -0.000127074978082, 0.000138914896525, -0.000129397623823, 0.000202525290661], [-2.89701142719e-06, 0.000774335523602, 0.000205183489015, -0.000115340801131, -0.000265248207143, 0.000333228003001, -0.000485591881443, 2.6341436751e-05, -0.0004732197267, 0.000491394195706, -0.000359238882083, 0.000254461367149, 0.000276372709777], [3.64747393178e-05, 0.000205183489015, 0.000810986675788, -8.57732957229e-05, -0.00042397735524, -0.000496268796269, 9.27513683564e-05, 1.80248862307e-05, -0.000240481182118, 0.000178504182259, 0.000105734441604, -0.000327937945258, 0.00076755770715], [-5.96383470111e-05, -0.000115340801131, -8.57732957229e-05, 0.00179765967187, -0.000378677243134, -0.000537753570825, 0.000398349424358, -6.44442479825e-05, -2.12453087443e-05, 5.57521998417e-05, -0.000653482449707, 0.00118715874851, -0.00157558289357], [4.45496152679e-05, -0.000265248207143, -0.00042397735524, -0.000378677243134, 0.00294330902398, -3.72440117644e-05, -0.000860327796545, 0.000533457787242, -0.0014123787405, -0.00073853234062, 0.000630687049124, -0.00122251384892, 0.000636007869616], [-7.9412573541e-05, 0.000333228003001, -0.000496268796269, -0.000537753570825, -3.72440117644e-05, 0.0042587434873, -0.00152319914196, -0.00145934149623, 0.00071320112329, -0.00117351731751, -0.000519606343005, 0.000787713506725, -0.000251999415923], [8.27622570796e-05, -0.000485591881443, 9.27513683564e-05, 0.000398349424358, -0.000860327796545, -0.00152319914196, 0.00454451423138, -0.00196480168961, 0.00110014912207, 0.000341329025105, -0.00103521929123, -0.000762203882914, -0.000718783121556], [-0.0001564642007, 2.6341436751e-05, 1.80248862307e-05, -6.44442479825e-05, 0.000533457787242, -0.00145934149623, -0.00196480168961, 0.00844490341842, -0.00376339093782, 0.0010502373334, -0.000374072988052, -0.00168026424944, -3.40508449881e-06], [9.25302738324e-05, -0.0004732197267, -0.000240481182118, -2.12453087443e-05, -0.0014123787405, 0.00071320112329, 0.00110014912207, -0.00376339093782, 0.00985655281693, -0.00533289602026, 7.97017419245e-05, 0.00167838623747, -0.00262135150842], [-0.000127074978082, 0.000491394195706, 0.000178504182259, 5.57521998417e-05, -0.00073853234062, -0.00117351731751, 0.000341329025105, 0.0010502373334, -0.00533289602026, 0.0118536306545, -0.00274795759469, 0.000456302135717, 0.00231597339734], [0.000138914896525, -0.000359238882083, 0.000105734441604, -0.000653482449707, 0.000630687049124, -0.000519606343005, -0.00103521929123, -0.000374072988052, 7.97017419245e-05, -0.00274795759469, 0.0108931437135, -0.00292623625137, -0.000206300988793], [-0.000129397623823, 0.000254461367149, -0.000327937945258, 0.00118715874851, -0.00122251384892, 0.000787713506725, -0.000762203882914, -0.00168026424944, 0.00167838623747, 0.000456302135717, -0.00292623625137, 0.012142364867, -0.00340654770844], [0.000202525290661, 0.000276372709777, 0.00076755770715, -0.00157558289357, 0.000636007869616, -0.000251999415923, -0.000718783121556, -3.40508449881e-06, -0.00262135150842, 0.00231597339734, -0.000206300988793, -0.00340654770844, 0.0135210398585]], "cov": [[18210.765625, -399.557403564, -404.301940918, 400.463989258, -352.938110352, 422.12802124, -244.620056152, 312.848052979, -99.5564727783, 181.652618408, -140.152709961, 26.185541153, -229.400039673], [-399.557403564, 1763.89611816, -388.760345459, 110.450294495, 205.202926636, -77.7762680054, 235.743560791, 74.3900985718, 115.180450439, -16.7531642914, 78.9332427979, 1.27875375748, 33.045337677], [-404.301940918, -388.760345459, 1829.97729492, 124.353912354, 373.13180542, 324.294128418, 108.050315857, 96.1168441772, 109.841636658, 92.839515686, 23.4693107605, 46.8660964966, -63.5710678101], [400.463989258, 110.450294495, 124.353912354, 759.305541992, 133.651031494, 164.697845459, 38.7601470947, 70.0168609619, 88.0999298096, 50.7548408508, 53.2203140259, -34.9758033752, 72.4127960205], [-352.938110352, 205.202926636, 373.13180542, 133.651031494, 579.280700684, 133.952468872, 177.822494507, 90.035697937, 154.413299561, 94.1989135742, 44.752696991, 50.1612930298, 7.33038568497], [422.12802124, -77.7762680054, 324.294128418, 164.697845459, 133.952468872, 446.770172119, 203.555526733, 150.642074585, 61.3284454346, 73.4223327637, 61.9235534668, 24.939781189, 15.4761161804], [-244.620056152, 235.743560791, 108.050315857, 38.7601470947, 177.822494507, 203.555526733, 437.54107666, 156.591583252, 47.3873252869, 20.5020713806, 82.7669906616, 69.3662185669, 40.3714637756], [312.848052979, 74.3900985718, 96.1168441772, 70.0168609619, 90.035697937, 150.642074585, 156.591583252, 230.064147949, 97.9987945557, 42.6100234985, 48.429485321, 42.4674491882, 26.5899829865], [-99.5564727783, 115.180450439, 109.841636658, 88.0999298096, 154.413299561, 61.3284454346, 47.3873252869, 97.9987945557, 221.557601929, 100.549453735, 35.4887008667, 0.416582256556, 25.9685211182], [181.652618408, -16.7531642914, 92.839515686, 50.7548408508, 94.1989135742, 73.4223327637, 20.5020713806, 42.6100234985, 100.549453735, 149.964279175, 37.2292366028, -1.55045688152, -9.71202659607], [-140.152709961, 78.9332427979, 23.4693107605, 53.2203140259, 44.752696991, 61.9235534668, 82.7669906616, 48.429485321, 35.4887008667, 37.2292366028, 127.91091156, 34.8126525879, 20.0422477722], [26.185541153, 1.27875375748, 46.8660964966, -34.9758033752, 50.1612930298, 24.939781189, 69.3662185669, 42.4674491882, 0.416582256556, -1.55045688152, 34.8126525879, 116.313911438, 24.8311481476], [-229.400039673, 33.045337677, -63.5710678101, 72.4127960205, 7.33038568497, 15.4761161804, 40.3714637756, 26.5899829865, 25.9685211182, -9.71202659607, 20.0422477722, 24.8311481476, 104.122802734]]}, "spectral_energyband_middle_low": {"dmean2": 0.0104887122288, "median": 0.00467693526298, "min": 1.75284552352e-22, "dvar2": 0.000253656704444, "dvar": 9.80883269222e-05, "dmean": 0.00635643070564, "max": 0.0999731943011, "var": 0.000113214518933, "mean": 0.0087253600359}, "melbands_crest": {"dmean2": 7.41619873047, "median": 18.4682884216, "min": 1.61964869499, "dvar2": 36.8705329895, "dvar": 16.3278675079, "dmean": 4.81496572495, "max": 35.2310829163, "var": 50.9633522034, "mean": 18.0970039368}, "spectral_kurtosis": {"dmean2": 1.84445333481, "median": 2.75873041153, "min": -1.27146160603, "dvar2": 3.10419130325, "dvar": 1.45913612843, "dmean": 1.22630631924, "max": 19.9735126495, "var": 4.59868907928, "mean": 2.83475351334}, "spectral_rms": {"dmean2": 0.00181802245788, "median": 0.00601092306897, "min": 3.12721484992e-12, "dvar2": 2.85557143798e-06, "dvar": 1.57613169449e-06, "dmean": 0.00124913069885, "max": 0.0120683116838, "var": 5.23594144397e-06, "mean": 0.00594229670241}, "zerocrossingrate": {"dmean2": 0.0340862050653, "median": 0.08251953125, "min": 0.00341796875, "dvar2": 0.00119985360652, "dvar": 0.0010017141467, "dmean": 0.0313297957182, "max": 0.525390625, "var": 0.00690226210281, "mean": 0.106001205742}, "silence_rate_60dB": {"dmean2": 0.03117768839, "median": 0, "min": 0, "dvar2": 0.0404390767217, "dvar": 0.0153450900689, "dmean": 0.0155869461596, "max": 1, "var": 0.0309945922345, "mean": 0.0320224016905}, "erbbands_kurtosis": {"dmean2": 2.87351179123, "median": 0.0298807621002, "min": -1.89554750919, "dvar2": 19.5012378693, "dvar": 9.13162517548, "dmean": 1.83396172523, "max": 44.4313240051, "var": 15.7449064255, "mean": 1.21911895275}, "erbbands": {"dmean2": [0.664235889912, 4.01300430298, 4.46839380264, 7.54127883911, 14.9575834274, 11.5086736679, 7.77591657639, 14.7659006119, 25.6396751404, 32.2435760498, 45.1047668457, 22.3640289307, 23.415517807, 25.9248962402, 25.0168647766, 29.0008029938, 39.3469047546, 39.7206878662, 35.1914787292, 28.3563404083, 35.8375167847, 47.5901107788, 42.1622161865, 35.8433952332, 26.2640857697, 18.6756896973, 17.3449039459, 13.7495756149, 16.5011253357, 14.524605751, 16.9644680023, 17.9052963257, 19.9121055603, 10.2245912552, 3.61937832832, 1.74968862534, 0.599540948868, 0.235536411405, 0.0495198182762, 0.00309267197736], "median": [0.35337883234, 1.41236877441, 2.10353803635, 1.3539249897, 1.48473489285, 2.50614237785, 2.35867738724, 2.9581155777, 4.18240451813, 6.44506549835, 8.37308216095, 5.14914941788, 4.67426586151, 4.08992147446, 3.71542239189, 4.99871349335, 6.60015535355, 9.26986789703, 9.14643573761, 8.3646774292, 11.085641861, 15.9269065857, 12.0719213486, 11.0037593842, 10.7220554352, 7.25863456726, 5.58919334412, 4.8474946022, 6.90255784988, 7.69049215317, 5.33993673325, 3.27735376358, 2.90094542503, 1.99632775784, 0.831623613834, 0.41428655386, 0.121938824654, 0.0239927060902, 0.00428716791794, 0.000309133029077], "min": [7.08719326791e-23, 7.10052817265e-22, 2.79317668083e-21, 4.00429289197e-21, 1.54634953168e-20, 2.86950860887e-20, 4.88615167782e-20, 7.73127913814e-20, 1.22567655286e-19, 1.57068053241e-19, 4.27546859463e-19, 4.56605921177e-19, 4.32584492791e-19, 5.57947075045e-19, 7.17987653516e-19, 1.26332068951e-18, 1.76137378775e-18, 1.85929418789e-18, 2.93967519954e-18, 3.3769414829e-18, 3.04362223083e-18, 5.28730414744e-18, 4.89424198243e-18, 6.28020584623e-18, 7.42721584262e-18, 9.1462940245e-18, 1.02233551468e-17, 9.06325253562e-18, 1.19641079422e-17, 1.2179648876e-17, 1.22086399021e-17, 1.0994518261e-17, 9.77343010489e-18, 8.56921974195e-18, 6.07240690942e-18, 4.38580466558e-18, 2.20715031204e-18, 1.00510250942e-18, 2.54476299338e-19, 2.71207513567e-20], "dvar2": [0.929103076458, 37.9315872192, 55.5262260437, 280.716888428, 983.229736328, 428.893341064, 204.416519165, 1025.17053223, 3716.47680664, 5249.15771484, 13167.6650391, 2770.34472656, 3847.92871094, 6139.63232422, 4757.21972656, 5215.27685547, 9323.43066406, 8236.26367188, 5046.67138672, 2649.54223633, 6631.79492188, 8268.24414062, 11234.0625, 5829.07617188, 2710.73071289, 1387.27050781, 1500.26452637, 952.584472656, 1325.59912109, 532.690979004, 1532.82141113, 2438.88208008, 3378.01171875, 661.112243652, 53.0269012451, 7.23661708832, 0.98931491375, 0.241743564606, 0.0113260438666, 4.39909636043e-05], "dvar": [0.410910159349, 19.4497013092, 21.8910827637, 101.319519043, 358.091705322, 163.207611084, 83.5952911377, 441.421203613, 1652.25158691, 2587.63964844, 6050.75488281, 1248.21594238, 1825.22180176, 2477.10595703, 2212.87280273, 2263.06591797, 3971.09521484, 3701.23706055, 2126.83691406, 1157.09692383, 2909.31030273, 3531.33862305, 4332.34619141, 2303.03417969, 1236.85522461, 589.084655762, 627.564758301, 430.388305664, 628.904174805, 246.039825439, 692.999938965, 1325.07983398, 1840.62304688, 350.011779785, 26.969121933, 3.16691350937, 0.411648660898, 0.0987487658858, 0.00468236906454, 1.79641501745e-05], "dmean": [0.442663699389, 2.70573306084, 2.76938009262, 4.22458171844, 8.39495372772, 6.72150039673, 4.70169019699, 8.85001945496, 15.4835166931, 20.572309494, 28.9758358002, 14.31316185, 14.967259407, 16.1938934326, 16.2701873779, 18.0592021942, 24.7220191956, 24.9610671997, 21.8015556335, 18.3127326965, 23.653295517, 30.1662635803, 25.7442951202, 22.687959671, 17.1964073181, 12.049241066, 11.2612295151, 9.26489925385, 11.0655527115, 9.84602928162, 11.173037529, 12.8031778336, 14.2371778488, 7.05423212051, 2.45508027077, 1.13171744347, 0.389961451292, 0.150932908058, 0.0324477031827, 0.00200010184199], "max": [5.0354347229, 30.4596862793, 47.5851669312, 96.7164306641, 271.247009277, 200.146286011, 227.868408203, 471.151916504, 1319.64550781, 958.118652344, 1326.98852539, 754.185546875, 1197.37683105, 1002.21472168, 1320.07678223, 1052.29040527, 1481.07141113, 1583.15148926, 714.76159668, 486.033996582, 1834.94360352, 1050.90039062, 1735.03125, 1019.01147461, 828.749145508, 820.716369629, 616.492858887, 530.607971191, 1186.44458008, 556.83807373, 898.920043945, 763.598571777, 762.970153809, 395.547180176, 129.511260986, 36.9707565308, 8.5816526413, 3.25097441673, 0.696974754333, 0.0388226173818], "var": [0.714375138283, 33.607006073, 28.8854293823, 68.7581939697, 286.820343018, 150.167800903, 108.041954041, 586.43371582, 2089.16040039, 4335.79296875, 9342.9609375, 1879.01538086, 3365.88745117, 3135.00317383, 5534.39697266, 2830.25732422, 6245.08398438, 5848.84570312, 2776.52050781, 1996.82336426, 5345.43359375, 6418.21337891, 4633.07177734, 2917.23999023, 1965.20458984, 947.877624512, 1012.01483154, 849.692199707, 1854.96447754, 513.271911621, 901.35168457, 2734.35131836, 3923.5546875, 764.830322266, 59.7359352112, 4.59648942947, 0.50671851635, 0.0932890623808, 0.00459447223693, 1.6697045794e-05], "mean": [0.663244664669, 3.7668364048, 4.00397634506, 3.67466545105, 7.54168510437, 6.70977163315, 5.76298427582, 9.88757133484, 16.2579555511, 25.2986774445, 36.2847442627, 17.7933597565, 19.1893959045, 19.3736019135, 21.8557243347, 21.1522941589, 29.1903953552, 30.893573761, 26.5293693542, 24.8168907166, 34.2275352478, 43.1455879211, 31.9510650635, 30.4092674255, 25.3743591309, 18.6055030823, 17.1092453003, 14.4465560913, 17.9425125122, 15.4534721375, 14.6745758057, 17.5958194733, 20.2055644989, 9.84271812439, 3.28390908241, 1.36959910393, 0.441738992929, 0.14322553575, 0.0304519142956, 0.00184229458682]}, "spectral_strongpeak": {"dmean2": 1.18635332584, "median": 0.378908991814, "min": 0, "dvar2": 6.09395122528, "dvar": 2.40645670891, "dmean": 0.704312324524, "max": 29.5356082916, "var": 2.75536751747, "mean": 0.898106873035}, "spectral_energy": {"dmean2": 0.0235742870718, "median": 0.0370344743133, "min": 1.00239588399e-20, "dvar2": 0.000586099980865, "dvar": 0.000303617038298, "dmean": 0.0159115418792, "max": 0.149285241961, "var": 0.000787539465819, "mean": 0.041560344398}, "average_loudness": 0.973894536495, "spectral_rolloff": {"dmean2": 2555.60595703, "median": 1571.92382812, "min": 64.599609375, "dvar2": 12401137, "dvar": 5779662.5, "dmean": 1528.8729248, "max": 19789.0136719, "var": 12324037, "mean": 2911.39770508}, "spectral_centroid": {"dmean2": 793.641235352, "median": 1826.55371094, "min": 163.21031189, "dvar2": 734082.125, "dvar": 376637.53125, "dmean": 532.016967773, "max": 11845.9560547, "var": 1946241.625, "mean": 2076.72363281}, "pitch_salience": {"dmean2": 0.170150920749, "median": 0.490374982357, "min": 0.0357783772051, "dvar2": 0.020182935521, "dvar": 0.0100658703595, "dmean": 0.11247985065, "max": 0.903542101383, "var": 0.0309889223427, "mean": 0.490489393473}, "spectral_energyband_middle_high": {"dmean2": 0.00453295838088, "median": 0.00356939714402, "min": 1.12239917194e-21, "dvar2": 3.30687253154e-05, "dvar": 1.59013543453e-05, "dmean": 0.00305597763509, "max": 0.0518602691591, "var": 4.15530084865e-05, "mean": 0.00585921527818}, "spectral_contrast_coeffs": {"dmean2": [0.103179886937, 0.099212564528, 0.073572434485, 0.0630683600903, 0.0512488670647, 0.0373008698225], "median": [-0.68273639679, -0.743207871914, -0.796750664711, -0.78985452652, -0.791020333767, -0.790749430656], "min": [-0.983382999897, -0.979988694191, -0.982723116875, -0.982106626034, -0.979770958424, -0.979557693005], "dvar2": [0.00858317594975, 0.00640555983409, 0.00373675837182, 0.00269352016039, 0.00185198546387, 0.00112421193626], "dvar": [0.00358751998283, 0.00302103441209, 0.00168511783704, 0.00126761372667, 0.000899709179066, 0.000573734403588], "dmean": [0.065961137414, 0.0632042512298, 0.0467485748231, 0.0412779599428, 0.0335729494691, 0.0249916259199], "max": [-0.257540613413, -0.356972455978, -0.456590950489, -0.48988905549, -0.568091571331, -0.558260560036], "var": [0.0116821881384, 0.00878361240029, 0.00554015580565, 0.00439998926595, 0.00301038217731, 0.00257362192497], "mean": [-0.664834201336, -0.729149639606, -0.782244324684, -0.778002619743, -0.781455814838, -0.781689763069]}, "melbands_skewness": {"dmean2": 2.5440094471, "median": 3.00125789642, "min": -5.22745609283, "dvar2": 7.12443637848, "dvar": 3.41999769211, "dmean": 1.72627830505, "max": 27.5633735657, "var": 10.0852975845, "mean": 3.74232053757}, "spectral_spread": {"dmean2": 2045151.375, "median": 6029242, "min": 1775839.5, "dvar2": 4595497041920.0, "dvar": 2469036818430.0, "dmean": 1444332.5, "max": 42904052, "var": 18974987255800.0, "mean": 6967126}, "dissonance": {"dmean2": 0.0302299465984, "median": 0.477709412575, "min": 0.22956636548, "dvar2": 0.000990616041236, "dvar": 0.000399506563554, "dmean": 0.0186163838953, "max": 0.500000059605, "var": 0.000785776472185, "mean": 0.469361543655}, "spectral_skewness": {"dmean2": 0.369176596403, "median": 1.30772638321, "min": -0.404701948166, "dvar2": 0.109829373658, "dvar": 0.0565045811236, "dmean": 0.253416568041, "max": 2.96496772766, "var": 0.24010668695, "mean": 1.25508892536}, "spectral_flux": {"dmean2": 0.0685512050986, "median": 0.121151715517, "min": 6.36345837135e-11, "dvar2": 0.00380780198611, "dvar": 0.00157481082715, "dmean": 0.0421118177474, "max": 0.320308983326, "var": 0.00319824158214, "mean": 0.127029806376}, "spectral_contrast_valleys": {"dmean2": [0.854708254337, 0.878500044346, 0.734638094902, 0.662223160267, 0.52672547102, 0.619241476059], "median": [-6.89755058289, -6.92505502701, -7.56062555313, -7.59933900833, -7.22058582306, -9.05648708344], "min": [-28.0586776733, -28.2358913422, -27.7873897552, -27.7532291412, -27.5619297028, -27.3977375031], "dvar2": [0.697346925735, 0.722358524799, 0.493609905243, 0.454854667187, 0.338695585728, 0.457900434732], "dvar": [0.384001553059, 0.308628886938, 0.22382992506, 0.213507205248, 0.180804267526, 0.259046345949], "dmean": [0.585739731789, 0.542751133442, 0.466564834118, 0.427115023136, 0.363737910986, 0.487637668848], "max": [-5.26517295837, -4.836977005, -4.9937582016, -5.51140022278, -5.31828784943, -6.88966751099], "var": [5.58709621429, 4.76586723328, 4.49991083145, 4.42093086243, 4.67222642899, 4.34580612183], "mean": [-7.5128159523, -7.16524362564, -7.7901096344, -7.82935905457, -7.41333675385, -9.31501197815]}, "erbbands_flatness_db": {"dmean2": 0.042457986623, "median": 0.119970358908, "min": 0.0316132381558, "dvar2": 0.00135904981289, "dvar": 0.000739224429708, "dmean": 0.0301041323692, "max": 0.340886563063, "var": 0.00267290580086, "mean": 0.127419561148}, "spectral_energyband_high": {"dmean2": 0.00322213233449, "median": 0.00162771448959, "min": 6.99191134087e-21, "dvar2": 2.50596331171e-05, "dvar": 1.47101200128e-05, "dmean": 0.00231248093769, "max": 0.0561316534877, "var": 3.88419139199e-05, "mean": 0.00377138657495}, "spectral_entropy": {"dmean2": 0.335894286633, "median": 7.97091388702, "min": 5.53500127792, "dvar2": 0.0987817272544, "dvar": 0.0528410710394, "dmean": 0.241153150797, "max": 9.81982707977, "var": 0.211725056171, "mean": 7.97644901276}, "silence_rate_20dB": {"dmean2": 0, "median": 1, "min": 1, "dvar2": 0, "dvar": 0, "dmean": 0, "max": 1, "var": 0, "mean": 1}, "melbands_flatness_db": {"dmean2": 0.0619709677994, "median": 0.193628117442, "min": 0.00369576411322, "dvar2": 0.00302197388373, "dvar": 0.00153829494957, "dmean": 0.043706741184, "max": 0.566001772881, "var": 0.00692405132577, "mean": 0.193832144141}, "barkbands": {"dmean2": [0.00149185676128, 0.0186133924872, 0.00375379878096, 0.00357157271355, 0.00373267428949, 0.0015538741136, 0.00191062258091, 0.00218460289761, 0.00101628887933, 0.00083713803906, 0.000684535771143, 0.000734143774025, 0.000925316882785, 0.000821435300168, 0.000648635148536, 0.000632842478808, 0.000920421967749, 0.000819993321784, 0.000606310146395, 0.000424234807724, 0.000380364886951, 0.00045787190902, 0.000535176484846, 0.00103027513251, 0.000704194942955, 0.00035496961209, 0.000297717982903], "median": [0.000716051319614, 0.00932949595153, 0.00108980445657, 0.000282223394606, 0.000830645789392, 0.000366308900993, 0.000295840553008, 0.000354744435754, 0.000175291308551, 0.000124992846395, 8.43942470965e-05, 0.000106108163891, 0.000125490681967, 0.000163947581314, 0.000158767550602, 0.000155403555254, 0.000275036349194, 0.00018937724235, 0.000224196337513, 0.000153022585437, 0.000125927530462, 0.000219281428144, 0.000189963800949, 0.000169048886164, 0.000148063874803, 7.85193769843e-05, 2.45768114837e-05], "min": [1.60377961177e-25, 2.87059127282e-24, 1.34444282178e-24, 8.33680629197e-25, 1.25505387661e-23, 8.59812317214e-24, 9.73362691406e-24, 1.19336384941e-23, 1.83918628649e-23, 1.50648987951e-23, 7.70023774551e-24, 1.60997091756e-23, 3.71127817015e-23, 3.62544694821e-23, 4.76629254064e-23, 4.14730936037e-23, 7.00207580733e-23, 1.0711124341e-22, 1.28423753336e-22, 1.72577749705e-22, 2.47633485081e-22, 3.38484815865e-22, 4.1616848042e-22, 6.01003815928e-22, 8.27557246304e-22, 1.12556955974e-21, 2.06393982658e-21], "dvar2": [4.76655577586e-06, 0.000721682154108, 4.31636326539e-05, 6.50757792755e-05, 4.77583271277e-05, 9.81656285148e-06, 2.15087184188e-05, 2.70598538918e-05, 6.76186937199e-06, 5.20003777638e-06, 3.3972280562e-06, 3.28330361299e-06, 5.27861675437e-06, 3.51219637196e-06, 1.56563623932e-06, 2.07715311262e-06, 3.13188297696e-06, 4.34504136138e-06, 1.5009894696e-06, 6.17634270839e-07, 7.40514337849e-07, 8.93469348284e-07, 1.16952071494e-06, 8.21789853944e-06, 2.4366913749e-06, 3.29589852299e-07, 4.14335346477e-07], "dvar": [2.09526797335e-06, 0.000369520217646, 1.66026784427e-05, 2.32057318499e-05, 1.77815654752e-05, 4.1615835471e-06, 9.82678011496e-06, 1.27125922518e-05, 3.01015188597e-06, 2.19301819016e-06, 1.562010425e-06, 1.39947724165e-06, 2.19215075958e-06, 1.54435269906e-06, 6.89227761086e-07, 8.8450980229e-07, 1.37328333949e-06, 1.66285303749e-06, 6.43147643586e-07, 2.60642735839e-07, 3.19858457942e-07, 4.19515799877e-07, 5.39847860637e-07, 4.69744281872e-06, 1.29190664211e-06, 1.41105672924e-07, 1.69971272612e-07], "dmean": [0.000970196269918, 0.0127033125609, 0.00221877777949, 0.00195063324645, 0.00216646492481, 0.000932360067964, 0.00116091838572, 0.00140870769974, 0.0006382628344, 0.000519435969181, 0.000442660355475, 0.000452727545053, 0.00057214795379, 0.000503818795551, 0.000407630897826, 0.000406160455896, 0.000580166641157, 0.00048730627168, 0.000398438278353, 0.000271634169621, 0.000247521238634, 0.00031176864286, 0.000356621487299, 0.000749622122385, 0.000477771041915, 0.000231229700148, 0.000193188199773], "max": [0.0163801964372, 0.144465118647, 0.0467150919139, 0.0640691965818, 0.0472687929869, 0.042070813477, 0.0752676576376, 0.0594917833805, 0.0375120192766, 0.0329687446356, 0.0273437667638, 0.0235669594258, 0.0280624516308, 0.0299033857882, 0.011178271845, 0.0271450523287, 0.0247997790575, 0.0330093689263, 0.0191897582263, 0.0120041938499, 0.0135306399316, 0.0332502499223, 0.022746225819, 0.0380258001387, 0.0238680373877, 0.00548046268523, 0.00397625006735], "var": [5.51469884158e-06, 0.000678827229422, 1.464991783e-05, 1.57696958922e-05, 1.57015383593e-05, 5.54644202566e-06, 1.37490151246e-05, 1.95226220967e-05, 4.20491369368e-06, 3.10811651616e-06, 3.07904565489e-06, 1.6567204284e-06, 3.01778936773e-06, 2.28942303693e-06, 1.02758485809e-06, 1.34581250677e-06, 2.65298558588e-06, 1.68085102814e-06, 9.40559800711e-07, 4.33737682215e-07, 5.50659706278e-07, 1.17677689104e-06, 7.40826067158e-07, 1.06644856714e-05, 2.940023478e-06, 1.79316629101e-07, 1.60608351507e-07], "mean": [0.00171601155307, 0.0191958807409, 0.00241511291824, 0.00147593091242, 0.00224817008711, 0.00106960663106, 0.00122687104158, 0.00172564538661, 0.000742363452446, 0.000596246158239, 0.000534039339982, 0.000494069361594, 0.000635961885564, 0.000569767609704, 0.000489917118102, 0.000522266258486, 0.000805917894468, 0.000566326430999, 0.000567212526221, 0.000404579302995, 0.000377745571313, 0.000514201