{"tonal": {"thpcp": [1, 0.999538958073, 0.737770557404, 0.524925768375, 0.411699712276, 0.39061152935, 0.419406443834, 0.447198361158, 0.597412884235, 0.847292661667, 0.853325724602, 0.624282956123, 0.449990749359, 0.392221063375, 0.430917590857, 0.495731860399, 0.576309740543, 0.648792803288, 0.589814841747, 0.503455221653, 0.556475222111, 0.658847272396, 0.633710861206, 0.508457541466, 0.415045648813, 0.381638169289, 0.398969352245, 0.438438653946, 0.524263441563, 0.741278231144, 0.921681284904, 0.790662884712, 0.60039383173, 0.62538343668, 0.66800737381, 0.766441881657], "hpcp": {"dmean2": [0.401112824678, 0.386986076832, 0.360462725163, 0.343107759953, 0.331130295992, 0.364147990942, 0.380972951651, 0.416703641415, 0.438167929649, 0.392616778612, 0.302259683609, 0.234837695956, 0.216952413321, 0.226838901639, 0.231719642878, 0.288810938597, 0.347311705351, 0.356035232544, 0.318528562784, 0.250848978758, 0.208200365305, 0.220849707723, 0.233242481947, 0.281679451466, 0.344570577145, 0.298818051815, 0.265950709581, 0.289044231176, 0.307565420866, 0.287051975727, 0.273019820452, 0.239586755633, 0.228122323751, 0.248864337802, 0.283291846514, 0.345503687859], "median": [0.0878050774336, 0.100007846951, 0.0948201864958, 0.0774823576212, 0.0680340006948, 0.0750934034586, 0.114138543606, 0.135750353336, 0.140639305115, 0.0968576595187, 0.064985960722, 0.0526430383325, 0.0534735508263, 0.0572190769017, 0.0625505074859, 0.0876076668501, 0.116139091551, 0.118135854602, 0.0891254544258, 0.0580517724156, 0.0510375276208, 0.0521141961217, 0.0533228106797, 0.0731067359447, 0.0791741907597, 0.0660554170609, 0.0608199797571, 0.0752874985337, 0.0861387997866, 0.0851051211357, 0.0663119852543, 0.0494366362691, 0.0452526621521, 0.0470586270094, 0.0495707988739, 0.0591009929776], "min": [0, 0, 0, 0, 0, 0, 0, 0, 0, 0, 0, 0, 0, 0, 0, 0, 0, 0, 0, 0, 0, 0, 0, 0, 0, 0, 0, 0, 0, 0, 0, 0, 0, 0, 0, 0], "dvar2": [0.183119416237, 0.175929784775, 0.160184398293, 0.16005551815, 0.163446828723, 0.180486023426, 0.166002050042, 0.180023923516, 0.188469409943, 0.175763696432, 0.147171482444, 0.105291672051, 0.0966655611992, 0.0987010523677, 0.0962751060724, 0.117312557995, 0.141342148185, 0.136682972312, 0.13273370266, 0.11066737026, 0.0778626129031, 0.0915496498346, 0.100445955992, 0.113901615143, 0.156921088696, 0.124981939793, 0.115869089961, 0.12648743391, 0.13032823801, 0.114194795489, 0.118209414184, 0.105549797416, 0.108953103423, 0.129883348942, 0.148743152618, 0.17604893446], "dvar": [0.0664117112756, 0.0703893899918, 0.061675477773, 0.0576093606651, 0.0615539290011, 0.067846044898, 0.0610930807889, 0.0717600360513, 0.0747976973653, 0.0645296797156, 0.0527906604111, 0.0381273441017, 0.035258885473, 0.036153126508, 0.0352073274553, 0.0428401716053, 0.0554224960506, 0.0568143576384, 0.0477010905743, 0.0395510606468, 0.0282661877573, 0.0331394933164, 0.0374189242721, 0.0417681336403, 0.0575266294181, 0.0476975589991, 0.0434221103787, 0.0456536076963, 0.0493303909898, 0.0442662984133, 0.0430372022092, 0.0379626564682, 0.0387283340096, 0.0460051968694, 0.0524610094726, 0.0627716630697], "dmean": [0.222553357482, 0.220105737448, 0.206777721643, 0.191015422344, 0.186102792621, 0.202757537365, 0.216382682323, 0.240331977606, 0.251040101051, 0.221686318517, 0.16825799644, 0.131686210632, 0.121744260192, 0.127883553505, 0.131090641022, 0.164780020714, 0.203271493316, 0.207153707743, 0.181914970279, 0.140450209379, 0.118025742471, 0.124583914876, 0.132947713137, 0.160225480795, 0.193040475249, 0.169965192676, 0.151969984174, 0.1645283252, 0.177542164922, 0.167124167085, 0.153950959444, 0.133127391338, 0.126661941409, 0.136451423168, 0.1546343714, 0.188439011574], "max": [1, 1, 1, 1, 1, 1, 1, 1, 1, 1, 1, 1, 1, 1, 1, 1, 1, 1, 1, 1, 1, 1, 1, 1, 1, 1, 1, 1, 1, 1, 1, 1, 1, 1, 1, 1], "var": [0.0732119679451, 0.106746703386, 0.0816794484854, 0.053506989032, 0.0658010840416, 0.0700822249055, 0.0686945542693, 0.105619378388, 0.10354179889, 0.0689969807863, 0.046559587121, 0.0314143560827, 0.0284970961511, 0.0310454331338, 0.0335060209036, 0.0462745167315, 0.0808514878154, 0.0846813693643, 0.0500925853848, 0.0356503389776, 0.0273614153266, 0.0350689403713, 0.0500141978264, 0.0506945513189, 0.0643981471658, 0.0578866414726, 0.044135119766, 0.0451951958239, 0.0605919323862, 0.0552228540182, 0.0404868386686, 0.0326983556151, 0.0308199226856, 0.0347651429474, 0.0399951413274, 0.0502618663013], "mean": [0.216923117638, 0.269715160131, 0.231374725699, 0.175695568323, 0.183008372784, 0.195481568575, 0.224286854267, 0.292633861303, 0.29249894619, 0.215896651149, 0.153611049056, 0.12047727406, 0.114306159317, 0.122732527554, 0.130865380168, 0.174823239446, 0.247946515679, 0.249712005258, 0.182686328888, 0.131682530046, 0.114777162671, 0.126101076603, 0.145067930222, 0.168647751212, 0.189858749509, 0.17259979248, 0.147328048944, 0.162843495607, 0.192801013589, 0.185445263982, 0.148791894317, 0.121456407011, 0.11168025434, 0.116751939058, 0.128301993012, 0.153417229652]}, "tuning_equal_tempered_deviation": 0.298933118582, "chords_changes_rate": 0.0995850637555, "key_key": "D", "tuning_diatonic_strength": 0.487867593765, "key_scale": "major", "chords_number_rate": 0.00311203324236, "tuning_frequency": 434.193115234, "tuning_nontempered_energy_ratio": 0.916023254395, "chords_histogram": [4.7977180481, 0, 0.959543585777, 0, 5.65352678299, 0, 5.91286325455, 0, 0.103734441102, 2.77489638329, 0.414937764406, 0.0259336102754, 0.959543585777, 1.86721992493, 0, 0.414937764406, 3.21576762199, 12.2147302628, 5.44605827332, 1.08921158314, 0.0778008326888, 2.28215765953, 8.92116165161, 42.8682556152], "key_strength": 0.4718927145, "chords_key": "B", "chords_strength": {"dmean2": 0.019798124209, "median": 0.5040127635, "min": 0.213144481182, "dvar2": 0.000267505092779, "dvar": 0.000161228133948, "dmean": 0.0157763510942, "max": 0.787291288376, "var": 0.00946474261582, "mean": 0.506217479706}, "chords_scale": "minor", "hpcp_entropy": {"dmean2": 1.21280503273, "median": 2.99202156067, "min": 0, "dvar2": 0.862616539001, "dvar": 0.314184486866, "dmean": 0.719331264496, "max": 4.65159273148, "var": 0.655397355556, "mean": 2.92264986038}}, "metadata": {"audio_properties": {"equal_loudness": 0, "codec": "mp3", "downmix": "mix", "sample_rate": 24000, "analysis_sample_rate": 44100, "bit_rate": 62029, "md5_encoded": "209016b2708cb1b416cbba749ed25432", "length": 178.991989136, "replay_gain": -14.5138816833, "lossless": false}, "version": {"essentia_build_sha": "70f2e5ece6736b2c40cc944ad0e695b16b925413", "essentia": "2.1-beta2", "extractor": "music 1.0", "essentia_git_sha": "v2.1_beta2"}, "tags": {"musicbrainz_recordingid": ["069ea716-fb90-41fd-9a40-0fecea27f81d"], "file_name": "1674448.mp3"}}, "rhythm": {"bpm_histogram_first_peak_bpm": {"dmean2": 0, "median": 112, "min": 112, "dvar2": 0, "dvar": 0, "dmean": 0, "max": 112, "var": 0, "mean": 112}, "bpm": 112.970176697, "bpm_histogram_second_peak_spread": {"dmean2": 0, "median": 0.375, "min": 0.375, "dvar2": 0, "dvar": 0, "dmean": 0, "max": 0.375, "var": 0, "mean": 0.375}, "bpm_histogram_first_peak_weight": {"dmean2": 0, "median": 0.601190447807, "min": 0.601190447807, "dvar2": 0, "dvar": 0, "dmean": 0, "max": 0.601190447807, "var": 0, "mean": 0.601190447807}, "onset_rate": 3.96057891846, "beats_position": [0.545668900013, 1.11455774307, 1.69505667686, 2.2523355484, 2.7863945961, 3.33206343651, 3.86612248421, 4.40018129349, 4.92263031006, 5.45668935776, 5.99074840546, 6.52480697632, 7.05886602402, 7.59292507172, 8.11537361145, 8.63782310486, 9.17188167572, 9.70594120026, 10.2399997711, 10.7624483109, 11.2848978043, 11.8189563751, 12.3530158997, 12.8870744705, 13.4095239639, 13.9319725037, 14.4660310745, 14.9884805679, 15.5225391388, 16.0565986633, 16.5906581879, 17.1363258362, 17.6703853607, 18.2044448853, 18.7268924713, 19.2493419647, 19.7834014893, 20.3058490753, 20.8282985687, 21.3623580933, 21.8964176178, 22.430475235, 22.9645347595, 23.4869842529, 24.009431839, 24.5434913635, 25.0659408569, 25.5883903503, 26.1224479675, 26.6565074921, 27.1905670166, 27.7246246338, 28.2586841583, 28.7927436829, 29.3268013, 29.8608608246, 30.3949203491, 30.9289798737, 31.4514274597, 31.9854869843, 32.5195465088, 33.0419960022, 33.5760536194, 34.1101112366, 34.6441726685, 35.1666221619, 35.6890678406, 36.2231292725, 36.7571868896, 37.2796363831, 37.8020858765, 38.3361434937, 38.8702049255, 39.3926506042, 39.9267120361, 40.4491615295, 40.9832191467, 41.5172767639, 42.0513381958, 42.585395813, 43.1194534302, 43.6535148621, 44.1875724792, 44.7216300964, 45.2440795898, 45.7665290833, 46.3005905151, 46.8346481323, 47.3687057495, 47.9259872437, 48.4716529846, 49.0173225403, 49.5397720337, 50.0738296509, 50.5962791443, 51.1187286377, 51.6411781311, 52.1752357483, 52.7092971802, 53.2317466736, 53.7658042908, 54.3114738464, 54.8455314636, 55.367980957, 55.8904304504, 56.4244880676, 56.946937561, 57.4809951782, 58.0266647339, 58.5491142273, 59.0831718445, 59.6056213379, 60.1396827698, 60.673740387, 61.2077980042, 61.7302474976, 62.252696991, 62.7867546082, 63.32081604, 63.8548736572, 64.3773193359, 64.899772644, 65.4338302612, 65.9446716309, 66.478729248, 67.0127868652, 67.5584564209, 68.1041259766, 68.6381835938, 69.1722412109, 69.7062988281, 70.2287521362, 70.7511978149, 71.2852630615, 71.8193206787, 72.3417663574, 72.8758239746, 73.3982772827, 73.9323348999, 74.4547805786, 74.9772338867, 75.5112915039, 76.0453491211, 76.5794067383, 77.1134643555, 77.6475296021, 78.1815872192, 78.7156448364, 79.2497024536, 79.7837600708, 80.3062133789, 80.8286590576, 81.3627166748, 81.8967819214, 82.4192276001, 82.9416732788, 83.4757385254, 84.0097961426, 84.5438537598, 85.077911377, 85.6119689941, 86.1460266113, 86.6800918579, 87.2141494751, 87.7482070923, 88.2822647095, 88.8395462036, 89.3736038208, 89.907661438, 90.4301147461, 90.9525604248, 91.4634017944, 91.9742355347, 92.4966888428, 93.0191345215, 93.5531921387, 94.0872573853, 94.6213150024, 95.1553726196, 95.6894302368, 96.223487854, 96.7459411621, 97.2683868408, 97.7908401489, 98.3132858276, 98.8473434448, 99.3930130005, 99.9154663086, 100.449523926, 100.971969604, 101.494422913, 102.02848053, 102.562538147, 103.084983826, 103.607437134, 104.141494751, 104.675552368, 105.209609985, 105.743675232, 106.266120911, 106.788566589, 107.322631836, 107.856689453, 108.39074707, 108.924804688, 109.447257996, 109.969703674, 110.503761292, 111.037818909, 111.571876526, 112.105941772, 112.63999939, 113.174057007, 113.696502686, 114.230567932, 114.753013611, 115.287071228, 115.821128845, 116.355194092, 116.889251709, 117.411697388, 117.934150696, 118.468208313, 118.990653992, 119.5131073, 120.047164917, 120.581222534, 121.115280151, 121.649337769, 122.183395386, 122.717460632, 123.25151825, 123.785575867, 124.319633484, 124.853691101, 125.376144409, 125.898590088, 126.421043396, 126.955101013, 127.477546692, 128.011611938, 128.545669556, 129.079727173, 129.61378479, 130.136230469, 130.658676147, 131.192733765, 131.726806641, 132.260864258, 132.794921875, 133.328979492, 133.863037109, 134.397094727, 134.919540405, 135.441986084, 135.964447021, 136.4868927, 137.020950317, 137.555007935, 138.077453613, 138.61151123, 139.145568848, 139.668029785, 140.190475464, 140.724533081, 141.258590698, 141.804260254, 142.338317871, 142.872375488, 143.394821167, 143.928878784, 144.451339722, 144.985397339, 145.519454956, 146.053512573, 146.58757019, 147.121627808, 147.655685425, 148.189743042, 148.723800659, 149.257858276, 149.780319214, 150.302764893, 150.83682251, 151.370880127, 151.893325806, 152.415786743, 152.94984436, 153.483901978, 154.006347656, 154.528793335, 155.062850952, 155.596908569, 156.130966187, 156.665023804, 157.210693359, 157.756362915, 158.302032471, 158.836090088, 159.358551025, 159.892608643, 160.42666626, 160.960723877, 161.494781494, 162.028839111, 162.55128479, 163.073745728, 163.607803345, 164.141860962, 164.675918579, 165.209976196, 165.744033813, 166.278091431, 166.800537109, 167.322982788, 167.857055664, 168.391113281, 168.925170898, 169.459228516, 169.993286133, 170.52734375, 171.061401367, 171.607070923, 172.164352417, 172.698410034, 173.220855713, 173.743301392, 174.219314575, 174.68371582, 175.148117065, 175.600906372, 176.053695679, 176.506484985, 176.959274292, 177.412063599, 177.876464844, 178.352462769], "beats_loudness": {"dmean2": 0.0232527907938, "median": 0.0376185365021, "min": 4.27669917258e-08, "dvar2": 0.000480209972011, "dvar": 0.000158945869771, "dmean": 0.0132346916944, "max": 0.128999903798, "var": 0.000222673581447, "mean": 0.0376798324287}, "danceability": 1.05427443981, "bpm_histogram_second_peak_weight": {"dmean2": 0, "median": 0.0148809524253, "min": 0.0148809524253, "dvar2": 0, "dvar": 0, "dmean": 0, "max": 0.0148809524253, "var": 0, "mean": 0.0148809524253}, "beats_count": 337, "bpm_histogram_second_peak_bpm": {"dmean2": 0, "median": 133, "min": 133, "dvar2": 0, "dvar": 0, "dmean": 0, "max": 133, "var": 0, "mean": 133}, "bpm_histogram_first_peak_spread": {"dmean2": 0, "median": 0.370716512203, "min": 0.370716512203, "dvar2": 0, "dvar": 0, "dmean": 0, "max": 0.370716512203, "var": 0, "mean": 0.370716512203}, "beats_loudness_band_ratio": {"dmean2": [0.482453674078, 0.164805531502, 0.190440103412, 0.153229728341, 0.167919412255, 0.143816500902], "median": [0.396156191826, 0.088802844286, 0.118083849549, 0.0842755660415, 0.126112997532, 0.0984402671456], "min": [0.000185180426342, 0.00119932217058, 0.00152392231394, 0.00177426508162, 0.00284115341492, 0.00389396119863], "dvar2": [0.117859445512, 0.0228073839098, 0.0223037283868, 0.0194093938917, 0.0199490133673, 0.0109788356349], "dvar": [0.034665428102, 0.00737849017605, 0.00824054237455, 0.00663329428062, 0.00743722263724, 0.00350270420313], "dmean": [0.26532548666, 0.0882184430957, 0.108565345407, 0.0890265107155, 0.0998761430383, 0.0759817957878], "max": [0.958636462688, 0.528222680092, 0.644888103008, 0.518558502197, 0.557376563549, 0.469830721617], "var": [0.0523824952543, 0.00821741018444, 0.0124806193635, 0.00834039784968, 0.0102151241153, 0.00401210132986], "mean": [0.422520726919, 0.113842353225, 0.140523314476, 0.107842065394, 0.148909002542, 0.103554055095]}}, "lowlevel": {"barkbands_spread": {"dmean2": 14.1568489075, "median": 34.3861846924, "min": 0.898503482342, "dvar2": 171.728973389, "dvar": 65.66746521, "dmean": 8.8236618042, "max": 92.5327758789, "var": 149.322387695, "mean": 34.0519523621}, "melbands_spread": {"dmean2": 20.0800933838, "median": 32.064743042, "min": 0.574188828468, "dvar2": 337.959777832, "dvar": 142.638656616, "dmean": 12.8284807205, "max": 184.685562134, "var": 350.334503174, "mean": 33.8090744019}, "hfc": {"dmean2": 16.2130966187, "median": 29.9684486389, "min": 1.09018884254e-16, "dvar2": 318.175628662, "dvar": 130.169433594, "dmean": 10.4474382401, "max": 122.378005981, "var": 290.640472412, "mean": 31.7558269501}, "barkbands_kurtosis": {"dmean2": 4.68784379959, "median": -0.148388743401, "min": -1.86626636982, "dvar2": 125.395645142, "dvar": 47.6661491394, "dmean": 2.83791422844, "max": 269.724029541, "var": 46.789691925, "mean": 1.68430888653}, "gfcc": {"mean": [9.90724849701, 100.898735046, -151.289535522, 77.4664077759, -63.608001709, 29.1793079376, -36.7073402405, 6.37635231018, -9.45726394653, -14.511300087, -0.841402590275, -18.4592189789, 4.35613489151], "icov": [[0.000158516719239, -0.000580691732466, 0.000646407948807, -0.000834671489429, 0.000586245965678, -0.000764463096857, 0.000536742561962, -0.000455782166682, 0.000335190386977, -0.000307281326968, 0.000339265592629, -0.000531442812644, 0.000173220876604], [-0.000580691732466, 0.00631726207212, -0.00350542739034, 0.00408696103841, -0.00429300963879, 0.00549670588225, -0.00383538100868, 0.00237142643891, -0.00148874893785, 0.00259912293404, -0.00372243509628, 0.0047609959729, -0.00260228407569], [0.000646407948807, -0.00350542739034, 0.00648169312626, -0.00550903007388, 0.00303890486248, -0.00506114540622, 0.00367785966955, -0.00267155095935, 0.00200964463875, -0.00200285553001, 0.000918638717849, -0.00160544516984, 0.00125509710051], [-0.000834671489429, 0.00408696103841, -0.00550903007388, 0.0094225667417, -0.00615398492664, 0.005311681889, -0.00415815133601, 0.00465827481821, -0.00310813682154, -2.71662247542e-05, 0.000401748373406, 0.00106424326077, -0.000848108029459], [0.000586245965678, -0.00429300963879, 0.00303890486248, -0.00615398492664, 0.0100551098585, -0.00720654288307, 0.00317393825389, -0.00276645692065, -0.000282187975245, 0.000148688195623, -0.00132999417838, 0.00159386219457, -0.00362127739936], [-0.000764463096857, 0.00549670588225, -0.00506114540622, 0.005311681889, -0.00720654288307, 0.0149378105998, -0.00713976239786, 0.000961381127127, 0.00159525673371, 0.00121600413695, -0.000178115122253, -0.000212403640035, 0.00404911069199], [0.000536742561962, -0.00383538100868, 0.00367785966955, -0.00415815133601, 0.00317393825389, -0.00713976239786, 0.0117702633142, -0.0050546862185, -0.000914926524274, 0.00376528548077, -0.00434472272173, 0.00208487221971, -0.00308292568661], [-0.000455782166682, 0.00237142643891, -0.00267155095935, 0.00465827481821, -0.00276645692065, 0.000961381127127, -0.0050546862185, 0.0154240652919, -0.00439890613779, -0.00389002053998, 0.00509889610112, 0.000980582088232, -0.00319232302718], [0.000335190386977, -0.00148874893785, 0.00200964463875, -0.00310813682154, -0.000282187975245, 0.00159525673371, -0.000914926524274, -0.00439890613779, 0.0156500581652, -0.00434607127681, -0.0022159027867, 7.44470235077e-05, 0.00420450465754], [-0.000307281326968, 0.00259912293404, -0.00200285553001, -2.71662247542e-05, 0.000148688195623, 0.00121600413695, 0.00376528548077, -0.00389002053998, -0.00434607127681, 0.0211998075247, -0.0150748779997, 0.00813466217369, -0.00429186597466], [0.000339265592629, -0.00372243509628, 0.000918638717849, 0.000401748373406, -0.00132999417838, -0.000178115122253, -0.00434472272173, 0.00509889610112, -0.0022159027867, -0.0150748779997, 0.0374281927943, -0.0246901139617, 0.00767226610333], [-0.000531442812644, 0.0047609959729, -0.00160544516984, 0.00106424326077, 0.00159386219457, -0.000212403640035, 0.00208487221971, 0.000980582088232, 7.44470235077e-05, 0.00813466217369, -0.0246901139617, 0.0432226136327, -0.0205899439752], [0.000173220876604, -0.00260228407569, 0.00125509710051, -0.000848108029459, -0.00362127739936, 0.00404911069199, -0.00308292568661, -0.00319232302718, 0.00420450465754, -0.00429186597466, 0.00767226610333, -0.0205899439752, 0.0326208658516]], "cov": [[15370.3232422, 270.271850586, -374.495697021, 788.691711426, 20.5692214966, 217.913604736, -117.573135376, 71.9018630981, -99.6171798706, 98.9358673096, -31.5932788849, 119.94858551, 55.0129470825], [270.271850586, 447.106964111, 65.7794113159, 47.5634117126, 147.593658447, -40.4168243408, 100.94178772, 4.32197523117, 42.6016197205, -12.3955898285, 37.0212516785, -12.5319137573, 40.5629234314], [-374.495697021, 65.7794113159, 428.579559326, 216.826080322, 108.829933167, 68.7372665405, -9.58198165894, 8.93968105316, 12.5495567322, 38.3881950378, 10.9874019623, -7.57636070251, -4.03104734421], [788.691711426, 47.5634117126, 216.826080322, 419.377532959, 192.336471558, 42.1072463989, 31.4516944885, -9.03933429718, 50.8003463745, 41.3550682068, 19.5892066956, 6.14011669159, 18.5415077209], [20.5692214966, 147.593658447, 108.829933167, 192.336471558, 307.417816162, 85.9009628296, 81.6770706177, 30.6285400391, 45.5418014526, 11.5716104507, 23.5304203033, -5.06520843506, 33.5800361633], [217.913604736, -40.4168243408, 68.7372665405, 42.1072463989, 85.9009628296, 176.917114258, 66.089225769, 31.8813972473, -13.6172609329, -9.57929420471, -6.07859325409, -3.67968988419, -9.38763523102], [-117.573135376, 100.94178772, -9.58198165894, 31.4516944885, 81.6770706177, 66.089225769, 197.357650757, 46.8231735229, 29.7091636658, -21.8214378357, 17.5754852295, -2.6474943161, 21.4558963776], [71.9018630981, 4.32197523117, 8.93968105316, -9.03933429718, 30.6285400391, 31.8813972473, 46.8231735229, 105.536636353, 26.5171127319, 15.5682735443, -6.77698802948, -7.05533981323, 9.35105609894], [-99.6171798706, 42.6016197205, 12.5495567322, 50.8003463745, 45.5418014526, -13.6172609329, 29.7091636658, 26.5171127319, 102.252120972, 33.1019325256, 22.3988552094, -3.93229293823, 0.339783608913], [98.9358673096, -12.3955898285, 38.3881950378, 41.3550682068, 11.5716104507, -9.57929420471, -21.8214378357, 15.5682735443, 33.1019325256, 90.5738677979, 35.2935371399, 8.53893470764, 4.75778961182], [-31.5932788849, 37.0212516785, 10.9874019623, 19.5892066956, 23.5304203033, -6.07859325409, 17.5754852295, -6.77698802948, 22.3988552094, 35.2935371399, 68.3567352295, 32.9170608521, 14.0283527374], [119.94858551, -12.5319137573, -7.57636070251, 6.14011669159, -5.06520843506, -3.67968988419, -2.6474943161, -7.05533981323, -3.93229293823, 8.53893470764, 32.9170608521, 56.1167221069, 27.0769138336], [55.0129470825, 40.5629234314, -4.03104734421, 18.5415077209, 33.5800361633, -9.38763523102, 21.4558963776, 9.35105609894, 0.339783608913, 4.75778961182, 14.0283527374, 27.0769138336, 56.4454116821]]}, "spectral_energyband_middle_low": {"dmean2": 0.00864064879715, "median": 0.00728866597638, "min": 2.15811618715e-22, "dvar2": 0.000110428489279, "dvar": 4.30275758845e-05, "dmean": 0.0052175372839, "max": 0.0888877660036, "var": 6.19435668341e-05, "mean": 0.009382606484}, "melbands_crest": {"dmean2": 7.31035995483, "median": 14.9119606018, "min": 1.9575715065, "dvar2": 35.0075721741, "dvar": 13.8567056656, "dmean": 4.56318950653, "max": 34.0067977905, "var": 30.9164581299, "mean": 15.275188446}, "spectral_kurtosis": {"dmean2": 1.9479777813, "median": 1.97574472427, "min": -1.31137263775, "dvar2": 3.53462481499, "dvar": 1.24415624142, "dmean": 1.13982713223, "max": 35.704284668, "var": 2.65448880196, "mean": 2.27387547493}, "spectral_rms": {"dmean2": 0.0017370658461, "median": 0.00575562473387, "min": 3.13079401813e-12, "dvar2": 2.84701900455e-06, "dvar": 1.13841997518e-06, "dmean": 0.00110957806464, "max": 0.0122304493561, "var": 3.57181738764e-06, "mean": 0.00570312375203}, "zerocrossingrate": {"dmean2": 0.0145510090515, "median": 0.07080078125, "min": 0.0107421875, "dvar2": 0.000186828183359, "dvar": 0.000124193597003, "dmean": 0.0123057765886, "max": 0.5126953125, "var": 0.000840271997731, "mean": 0.0737556740642}, "silence_rate_60dB": {"dmean2": 0.00726517895237, "median": 0, "min": 0, "dvar2": 0.00825050193816, "dvar": 0.00361902150325, "dmean": 0.00363211822696, "max": 1, "var": 0.0387109182775, "mean": 0.0403372235596}, "erbbands_kurtosis": {"dmean2": 1.46518790722, "median": 0.0336294174194, "min": -1.72727179527, "dvar2": 2.64926528931, "dvar": 1.10415136814, "dmean": 0.923990726471, "max": 15.4868373871, "var": 2.56375718117, "mean": 0.429116606712}, "erbbands": {"dmean2": [0.489073336124, 3.36263942719, 7.54735803604, 9.11142253876, 9.22154998779, 11.3228673935, 12.872335434, 18.4609336853, 23.13697052, 29.1278591156, 26.8190631866, 30.9076042175, 32.3568687439, 27.2229938507, 28.6420574188, 29.5012073517, 38.4202728271, 40.6312675476, 30.6854248047, 40.899887085, 63.6230354309, 48.798500061, 37.7369003296, 33.0809173584, 27.105550766, 26.4283981323, 19.6549873352, 22.6111755371, 16.0729618073, 9.90369796753, 6.2007021904, 3.78196763992, 2.1055366993, 1.08085620403, 0.134256318212, 0.00319514516741, 0.000184791817446, 2.66532624664e-05, 1.39434550874e-05, 2.65645703621e-05], "median": [0.0866295099258, 1.37272131443, 5.08890295029, 6.30491352081, 4.72495079041, 4.39082241058, 4.34129095078, 5.37970542908, 5.34590625763, 6.27681207657, 6.91239070892, 8.17802143097, 8.0687122345, 10.3135356903, 12.7399835587, 13.195640564, 17.8135910034, 21.6862945557, 20.312084198, 33.87474823, 55.9783477783, 48.0569267273, 37.9511947632, 35.094039917, 29.0346946716, 24.5906448364, 14.1133174896, 16.9173622131, 9.71634483337, 5.9056520462, 4.01344776154, 2.80990505219, 1.81386041641, 0.90592610836, 0.0966502130032, 0.0025571945589, 0.000186225312063, 3.13161290251e-05, 2.72382458206e-05, 4.43163371528e-05], "min": [1.21877028238e-22, 1.84464568358e-21, 1.1731659482e-20, 1.00393085332e-20, 1.98322852649e-20, 4.21535505307e-20, 7.80876528202e-20, 1.51826739612e-19, 1.72150114898e-19, 4.84551856281e-19, 8.46962843697e-19, 9.00530853371e-19, 9.6201911741e-19, 1.49128908139e-18, 1.42668637895e-18, 1.42904022478e-18, 2.65759503013e-18, 2.6331954768e-18, 2.11649111011e-18, 6.3801813766e-18, 6.41030729451e-18, 8.93054877713e-18, 8.98037979159e-18, 7.65462516381e-18, 1.08120819226e-17, 1.12835963784e-17, 1.37198823376e-17, 1.30859923275e-17, 1.37589881282e-17, 1.05823515326e-17, 1.27661133128e-17, 1.24300521638e-17, 1.2067795032e-17, 1.06370604311e-17, 8.73895554929e-18, 6.05277543194e-18, 2.82948833129e-18, 1.25096871161e-18, 3.02828366563e-19, 2.773889115e-20], "dvar2": [0.802628755569, 28.8461151123, 81.8061294556, 107.547729492, 148.682937622, 347.358001709, 587.829162598, 1272.88989258, 2315.05126953, 3880.76025391, 4376.85498047, 5963.953125, 6790.25976562, 3588.62890625, 3383.72460938, 3340.28808594, 5232.86669922, 4774.00976562, 2679.57714844, 3216.5222168, 7002.58789062, 3693.18994141, 2114.14599609, 1319.76989746, 1032.35131836, 1295.13391113, 780.37121582, 1021.47735596, 549.061096191, 181.328460693, 72.5400619507, 22.504863739, 6.38697433472, 2.03079295158, 0.031663749367, 1.72333639057e-05, 5.22019441007e-08, 9.6070162936e-10, 2.06562947302e-10, 8.15608580673e-10], "dvar": [0.32026848197, 10.5929222107, 30.3485717773, 40.0387039185, 56.1883010864, 129.995117188, 221.069869995, 474.459350586, 850.578552246, 1558.71643066, 1796.46887207, 2486.22680664, 2838.97973633, 1422.62597656, 1313.64428711, 1283.20678711, 2084.79443359, 1895.84057617, 1075.92822266, 1297.15161133, 2783.92407227, 1532.74157715, 849.704284668, 526.299926758, 391.641937256, 462.721832275, 285.260894775, 377.010528564, 206.992477417, 75.6257019043, 31.3800315857, 10.4269256592, 2.98386526108, 0.867780029774, 0.013598755002, 7.53629365136e-06, 2.36523032271e-08, 4.43928366289e-10, 8.54872700407e-11, 3.22777415906e-10], "dmean": [0.305391430855, 2.01224946976, 4.62064886093, 5.46425199509, 5.41296768188, 6.62226343155, 7.64340925217, 10.6974983215, 13.3933639526, 17.5836277008, 16.2945518494, 19.6417675018, 20.3935890198, 16.7440814972, 17.6592502594, 18.0867614746, 23.6794433594, 25.033782959, 18.9466934204, 25.341091156, 39.040348053, 30.4562244415, 23.2103595734, 20.2461204529, 16.5133686066, 15.6830749512, 11.6210079193, 13.3277435303, 9.63195705414, 6.17251062393, 3.95341563225, 2.48702120781, 1.41295170784, 0.698422372341, 0.0877818539739, 0.00210251798853, 0.000122571844258, 1.75711229531e-05, 9.04866465135e-06, 1.67189700733e-05], "max": [5.57721185684, 28.3638839722, 71.74168396, 71.354675293, 126.849983215, 172.42628479, 254.642059326, 352.841064453, 445.450744629, 694.27557373, 909.550720215, 891.071716309, 1273.23596191, 1094.84277344, 632.433532715, 686.878112793, 1009.14147949, 831.228637695, 668.149597168, 714.328186035, 1007.19274902, 724.85357666, 679.984741211, 335.957092285, 231.961959839, 251.627258301, 176.218948364, 189.29586792, 142.312698364, 106.723365784, 67.115196228, 48.402961731, 24.6580753326, 15.5141086578, 2.1505587101, 0.049706440419, 0.00239514908753, 0.000280231412034, 8.58459461597e-05, 0.000171926556504], "var": [0.328441441059, 10.3875980377, 44.2862892151, 60.4009513855, 66.6413879395, 124.418739319, 239.53805542, 392.197479248, 696.098876953, 1719.29711914, 2208.4309082, 4734.54394531, 4265.22460938, 2296.9675293, 2029.24536133, 1610.71850586, 2732.06469727, 2421.54248047, 1560.99328613, 2912.58959961, 5409.4609375, 3661.8293457, 1657.30249023, 989.839050293, 606.47869873, 501.148864746, 289.35043335, 390.892425537, 238.395568848, 121.611618042, 59.4192733765, 23.4531517029, 7.38423919678, 1.94096839428, 0.0276486147195, 1.64522407431e-05, 5.86981165895e-08, 1.16543230622e-09, 1.99689584313e-10, 5.92966398205e-10], "mean": [0.311018913984, 2.43987298012, 6.87563037872, 8.42779350281, 7.27908372879, 7.75572443008, 9.07788848877, 11.0937623978, 13.1936016083, 19.2618503571, 19.9988651276, 28.4039039612, 28.5475120544, 24.9600658417, 26.6797962189, 26.4078140259, 34.4606895447, 36.9179191589, 31.2042808533, 47.587146759, 74.3921203613, 63.7380523682, 46.6890830994, 40.4967346191, 33.2592277527, 28.2499675751, 18.7171993256, 22.0429801941, 15.1663408279, 10.131983757, 6.87925338745, 4.65232944489, 2.81615900993, 1.38218653202, 0.152033910155, 0.00391889130697, 0.00026857946068, 4.26376063842e-05, 2.89738036372e-05, 4.70979248348e-05]}, "spectral_strongpeak": {"dmean2": 0.685106217861, "median": 0.287466168404, "min": 0, "dvar2": 1.28528881073, "dvar": 0.493550270796, "dmean": 0.388833403587, "max": 8.60452461243, "var": 0.537314772606, "mean": 0.513235092163}, "spectral_energy": {"dmean2": 0.0234067905694, "median": 0.0339553952217, "min": 1.00469179486e-20, "dvar2": 0.000672709080391, "dvar": 0.000262319983449, "dmean": 0.0145790800452, "max": 0.153323471546, "var": 0.000441739801317, "mean": 0.0369997620583}, "average_loudness": 0.95933163166, "spectral_rolloff": {"dmean2": 1308.81359863, "median": 2174.85351562, "min": 64.599609375, "dvar2": 1672652.25, "dvar": 722393, "dmean": 807.356567383, "max": 18863.0859375, "var": 1667529.625, "mean": 2021.95654297}, "spectral_centroid": {"dmean2": 515.804016113, "median": 2050.12304688, "min": 318.561157227, "dvar2": 220986.921875, "dvar": 99492.453125, "dmean": 330.742340088, "max": 11509.8320312, "var": 295176.1875, "mean": 2006.87353516}, "pitch_salience": {"dmean2": 0.163499698043, "median": 0.576213657856, "min": 0.118934594095, "dvar2": 0.0204277522862, "dvar": 0.00770247727633, "dmean": 0.101206034422, "max": 0.923869788647, "var": 0.0152556365356, "mean": 0.563795983791}, "spectral_energyband_middle_high": {"dmean2": 0.0045062052086, "median": 0.00756620150059, "min": 1.45945457184e-21, "dvar2": 2.43456124736e-05, "dvar": 1.04651089714e-05, "dmean": 0.00295474310406, "max": 0.0816661342978, "var": 2.98923459923e-05, "mean": 0.0083551555872}, "spectral_contrast_coeffs": {"dmean2": [0.095546066761, 0.0879047065973, 0.0644962862134, 0.0575241968036, 0.0435545928776, 0.0510191731155], "median": [-0.664122462273, -0.781522035599, -0.818937063217, -0.793708980083, -0.785312891006, -0.696487545967], "min": [-0.971870601177, -0.974102735519, -0.973745048046, -0.96186798811, -0.961623251438, -0.965090811253], "dvar2": [0.00557381194085, 0.00490557821468, 0.00248826714233, 0.00207337690517, 0.00118420342915, 0.0021232215222], "dvar": [0.00206263386644, 0.00183650269173, 0.000942890532315, 0.000741485855542, 0.000451415224234, 0.000919717829674], "dmean": [0.0580677650869, 0.0527873635292, 0.0386773087084, 0.0346043780446, 0.0263609010726, 0.0330966562033], "max": [-0.3097409904, -0.443350583315, -0.453531622887, -0.566880345345, -0.552641093731, -0.392538398504], "var": [0.0058316718787, 0.00414491724223, 0.00332921068184, 0.00201763724908, 0.00143723201472, 0.00405760016292], "mean": [-0.660944342613, -0.774613201618, -0.808249533176, -0.79091489315, -0.783297121525, -0.690132141113]}, "melbands_skewness": {"dmean2": 1.75710213184, "median": 2.45641279221, "min": -0.710054814816, "dvar2": 3.56520104408, "dvar": 1.45673072338, "dmean": 1.13932788372, "max": 17.6586608887, "var": 3.4420940876, "mean": 2.91337227821}, "spectral_spread": {"dmean2": 589040.375, "median": 3884359, "min": 1352178.125, "dvar2": 1069406486530.0, "dvar": 513863090176, "dmean": 400326.90625, "max": 50902540, "var": 1594573848580.0, "mean": 3995950.25}, "dissonance": {"dmean2": 0.0157454740256, "median": 0.489828765392, "min": 0.283193320036, "dvar2": 0.000306933186948, "dvar": 0.000112224741315, "dmean": 0.0092248795554, "max": 0.5, "var": 0.000166768135387, "mean": 0.486352264881}, "spectral_skewness": {"dmean2": 0.317575126886, "median": 0.958118081093, "min": -0.0406847074628, "dvar2": 0.0810892358422, "dvar": 0.0303855072707, "dmean": 0.195341542363, "max": 3.83571696281, "var": 0.093843087554, "mean": 0.98163574934}, "spectral_flux": {"dmean2": 0.0462250299752, "median": 0.113577261567, "min": 6.89536691634e-11, "dvar2": 0.00182223331649, "dvar": 0.00081862078514, "dmean": 0.0294911675155, "max": 0.299942553043, "var": 0.00217767991126, "mean": 0.117241837084}, "spectral_contrast_valleys": {"dmean2": [0.68995141983, 0.752420961857, 0.577787816525, 0.493198335171, 0.458531349897, 0.57119256258], "median": [-6.60188674927, -6.53827571869, -6.84517478943, -6.8369550705, -6.49297475815, -9.84130859375], "min": [-27.8658447266, -27.5140762329, -27.367401123, -27.3804225922, -27.3015708923, -27.3282012939], "dvar2": [0.332603812218, 0.400531679392, 0.242211610079, 0.195016935468, 0.207692623138, 0.374972820282], "dvar": [0.144978731871, 0.178597137332, 0.121937416494, 0.10107768327, 0.106583923101, 0.19715872407], "dmean": [0.420446842909, 0.467832237482, 0.366803765297, 0.316167533398, 0.298615634441, 0.424969911575], "max": [-5.25664424896, -4.34661388397, -4.84371471405, -5.3606171608, -5.2178606987, -8.09540081024], "var": [2.19972538948, 1.60798215866, 1.58608734608, 1.6162071228, 1.82393550873, 1.8813201189], "mean": [-6.9519109726, -6.71956539154, -7.0287771225, -7.07955312729, -6.81005954742, -10.0671901703]}, "erbbands_flatness_db": {"dmean2": 0.0217642020434, "median": 0.15704908967, "min": 0.092957533896, "dvar2": 0.000337199686328, "dvar": 0.000147762155393, "dmean": 0.0141119994223, "max": 0.395283579826, "var": 0.000818644766696, "mean": 0.160968288779}, "spectral_energyband_high": {"dmean2": 0.00136666151229, "median": 0.00123547832482, "min": 7.59502294265e-21, "dvar2": 3.42432053912e-06, "dvar": 1.32379761908e-06, "dmean": 0.000846613256726, "max": 0.00985471718013, "var": 1.8661478407e-06, "mean": 0.00169050111435}, "spectral_entropy": {"dmean2": 0.150435462594, "median": 7.89985227585, "min": 6.46450424194, "dvar2": 0.020953817293, "dvar": 0.00952419824898, "dmean": 0.100373655558, "max": 9.80312156677, "var": 0.0358676277101, "mean": 7.89251422882}, "silence_rate_20dB": {"dmean2": 0, "median": 1, "min": 1, "dvar2": 0, "dvar": 0, "dmean": 0, "max": 1, "var": 0, "mean": 1}, "melbands_flatness_db": {"dmean2": 0.0564102940261, "median": 0.15033659339, "min": 0.00484774354845, "dvar2": 0.00267029111274, "dvar": 0.00108437321614, "dmean": 0.03681332618, "max": 0.458080559969, "var": 0.00301457406022, "mean": 0.158271282911}, "barkbands": {"dmean2": [0.000689032371156, 0.0150323882699, 0.00713482545689, 0.00312387221493, 0.00289276638068, 0.00212218402885, 0.00165726733394, 0.00136937340721, 0.00141178292688, 0.000990395899862, 0.000776564178523, 0.000765814620536, 0.000917009077966, 0.000756148481742, 0.000694855989423, 0.00113157951273, 0.00095491472166, 0.000697726674844, 0.000574820209295, 0.000571312208194, 0.000516568834428, 0.000421445787651, 0.000228514312766, 0.00014410939184, 5.76063321205e-05, 2.50949372393e-09, 2.62344479474e-09], "median": [5.17317785125e-05, 0.00508555583656, 0.00475260708481, 0.00151732098311, 0.00144271645695, 0.000674612238072, 0.000357994111255, 0.000269021082204, 0.000355514232069, 0.000246876268648, 0.000281557877315, 0.000303119450109, 0.000395516515709, 0.000372891488951, 0.000441454700194, 0.00091279350454, 0.000870216230396, 0.000658008386381, 0.000606371962931, 0.000530187564436, 0.000375444418751, 0.000264942122158, 0.000152976965182, 0.000121586606838, 4.58245995105e-05, 4.78643236157e-10, 4.89406959403e-10], "min": [1.38389067416e-25, 8.32413363596e-24, 8.20637563547e-24, 2.13277775399e-24, 1.69067217703e-23, 2.60351156652e-23, 1.65185643396e-23, 3.55707069376e-23, 4.17397980094e-23, 3.81322550483e-23, 3.33059188332e-23, 2.86329403335e-23, 6.2450609013e-23, 4.7265203826e-23, 6.5874416803e-23, 9.65547572635e-23, 1.53748851588e-22, 1.39834733615e-22, 1.78411458141e-22, 2.62790873084e-22, 3.96750410491e-22, 4.09937791933e-22, 4.51135339578e-22, 7.13209371602e-22, 1.08763426117e-21, 1.61301138313e-21, 2.08471304595e-21], "dvar2": [2.12390045817e-06, 0.000623501895461, 7.01643730281e-05, 1.39374524224e-05, 1.88093617908e-05, 1.59777646331e-05, 1.06455163404e-05, 1.04601504063e-05, 1.01759824247e-05, 5.53956351723e-06, 2.28816384151e-06, 2.34957383327e-06, 2.58925274466e-06, 1.75391051016e-06, 1.27190037347e-06, 2.29602119362e-06, 1.29024692797e-06, 6.95490484759e-07, 4.16256625613e-07, 5.87545969211e-07, 5.49642152237e-07, 3.53389509655e-07, 9.05094736936e-08, 3.03212104313e-08, 5.78153525055e-09, 8.84123477767e-18, 9.62894150421e-18], "dvar": [7.7170585655e-07, 0.000238286491367, 2.70216678473e-05, 5.01296653965e-06, 7.10108997737e-06, 5.96645531914e-06, 4.05340233556e-06, 4.2439637582e-06, 4.29380497735e-06, 2.25778308049e-06, 8.95592563666e-07, 8.89640944024e-07, 1.04037974324e-06, 6.93788422268e-07, 5.06314790982e-07, 9.31221279643e-07, 5.34405273811e-07, 2.74603536354e-07, 1.63224640914e-07, 2.10704456549e-07, 2.02816309525e-07, 1.34940876251e-07, 4.00394988276e-08, 1.42830574035e-08, 2.43042164172e-09, 2.87439141726e-18, 3.13020591388e-18], "dmean": [0.000421509263106, 0.00923334527761, 0.00440378673375, 0.00182942533866, 0.00170975562651, 0.00124176288955, 0.000975591712631, 0.00082878646208, 0.000889515620656, 0.000602746848017, 0.000470575498184, 0.000463029515231, 0.000562376400921, 0.000462453521322, 0.000422509096097, 0.000693506211974, 0.000590613286477, 0.000427224265877, 0.000352446804754, 0.000339924677974, 0.000305523193674, 0.000254275219049, 0.000146114514791, 9.66564693954e-05, 3.70644011127e-05, 1.36011601981e-09, 1.42233247402e-09], "max": [0.013079223223, 0.131702035666, 0.0701340511441, 0.0308746192604, 0.0425786450505, 0.0409712120891, 0.0313221029937, 0.0342502370477, 0.0397953242064, 0.0329871885478, 0.015702046454, 0.0211235880852, 0.0200484860688, 0.0179763007909, 0.0114560890943, 0.017442567274, 0.0132643319666, 0.0118938079104, 0.00577842956409, 0.00489557860419, 0.00477521214634, 0.00415740860626, 0.00246352120303, 0.00198278436437, 0.000780622474849, 1.76196213175e-08, 1.57533239786e-08], "var": [8.74840452525e-07, 0.000247268180829, 4.31149492215e-05, 6.47791421216e-06, 7.43989630791e-06, 5.35462049811e-06, 3.70822795048e-06, 4.73162117487e-06, 7.96023505245e-06, 3.3443175198e-06, 1.30067132886e-06, 1.02721924122e-06, 1.38504481129e-06, 8.13313022263e-07, 8.04896160389e-07, 1.86673707958e-06, 1.26956479107e-06, 4.98582323871e-07, 2.95427014407e-07, 2.32961056668e-07, 2.07689808462e-07, 1.65221649695e-07, 7.93231649254e-08, 3.49770630237e-08, 5.23297405408e-09, 2.52890661312e-18, 2.75905824483e-18], "mean": [0.000425452220952, 0.0107683409005, 0.00652759475634, 0.00232553621754, 0.00225103809498, 0.00136708305217, 0.000988528365269, 0.000914493692107, 0.0012585259974, 0.000814876344521, 0.000642743252683, 0.000632028502878, 0.000780722475611, 0.000638691824861, 0.000682692741975, 0.00125907338224, 0.00116560829338, 0.000815897481516, 0.000701540266164, 0.000612647738308, 0.000500532682054, 0.000404609570978, 0.000259483727859, 0.000192131396034, 6.99357697158e-05, 1.11587761253e-09, 1.15479836804e-09]}, "erbbands_skewness": {"dmean2": 0.532742738724, "median": -0.514637470245, "min": -3.37923502922, "dvar2": 0.221867322922, "dvar": 0.097319483757, "dmean": 0.346256673336, "max": 3.62969994545, "var": 0.42384120822, "mean": -0.470434546471}, "erbbands_spread": {"dmean2": 15.7282619476, "median": 39.3081970215, "min": 4.30563306808, "dvar2": 211.416641235, "dvar": 92.1755371094, "dmean": 10.1011543274, "max": 135.004760742, "var": 271.822174072, "mean": 41.6992149353}, "melbands_kurtosis": {"dmean2": 17.4869022369, "median": 6.1727347374, "min": -1.62138485909, "dvar2": 1184.24536133, "dvar": 466.154754639, "dmean": 10.8381643295, "max": 543.675231934, "var": 581.514404297, "mean": 13.329916954}, "melbands": {"dmean2": [0.00426741782576, 0.00382211082615, 0.00151243759319, 0.000707691477146, 0.000436414993601, 0.000416881346609, 0.00034350718488, 0.000313402299071, 0.000223228475079, 0.0