{"tonal": {"thpcp": [1, 0.621242761612, 0.140774592757, 0.0857776030898, 0.0872554853559, 0.362829059362, 0.675276696682, 0.520443618298, 0.649492621422, 0.787907540798, 0.346648454666, 0.140452295542, 0.188464835286, 0.175455272198, 0.372208565474, 0.564716696739, 0.327133536339, 0.0984914898872, 0.0798081159592, 0.133562132716, 0.521984696388, 0.822032749653, 0.573248326778, 0.491968840361, 0.50069051981, 0.256260156631, 0.250548034906, 0.37319791317, 0.338909685612, 0.685524225235, 0.850692152977, 0.38261064887, 0.123928613961, 0.106922350824, 0.125829696655, 0.543504536152], "hpcp": {"dmean2": [0.162695735693, 0.169186457992, 0.133076801896, 0.0879914090037, 0.0957918092608, 0.0976826399565, 0.11146581918, 0.129369184375, 0.166345670819, 0.142194136977, 0.128376170993, 0.0790278464556, 0.0657950490713, 0.0746838226914, 0.126403704286, 0.120985381305, 0.135008916259, 0.0747301578522, 0.049645639956, 0.0502569898963, 0.0904244631529, 0.114701919258, 0.127209797502, 0.138753280044, 0.119304083288, 0.0919173881412, 0.0663443133235, 0.0644674152136, 0.0780873075128, 0.115443579853, 0.114858880639, 0.103201046586, 0.0635576397181, 0.0549829490483, 0.0812672525644, 0.139321759343], "median": [0.0846181809902, 0.0780646800995, 0.0172104649246, 0.00921492278576, 0.00829492136836, 0.0137935224921, 0.0188404973596, 0.0280845221132, 0.0429796352983, 0.0475789047778, 0.0272684134543, 0.00683532562107, 0.00612753583118, 0.00982760451734, 0.0445413701236, 0.0688578039408, 0.0469814054668, 0.0124596916139, 0.00596126820892, 0.00588309392333, 0.0308890528977, 0.0552569627762, 0.0561893992126, 0.0636890828609, 0.0657984316349, 0.0247484333813, 0.00653695594519, 0.0046672495082, 0.00725891534239, 0.0236301571131, 0.0339965522289, 0.0207995846868, 0.00570284947753, 0.00431771576405, 0.00763734523207, 0.0448137894273], "min": [0, 0, 0, 0, 0, 0, 0, 0, 0, 0, 0, 0, 0, 0, 0, 0, 0, 0, 0, 0, 0, 0, 0, 0, 0, 0, 0, 0, 0, 0, 0, 0, 0, 0, 0, 0], "dvar2": [0.0746470317245, 0.0747273266315, 0.0787584409118, 0.0515037886798, 0.0498933717608, 0.0448216423392, 0.0570536069572, 0.0600028261542, 0.0864647179842, 0.081087231636, 0.0671013370156, 0.0519884340465, 0.0406852141023, 0.0403461568058, 0.0533998124301, 0.0599739477038, 0.0592260956764, 0.0360880605876, 0.0273388829082, 0.0200998988003, 0.028910510242, 0.0406864061952, 0.0433282479644, 0.0536948107183, 0.0465103276074, 0.0316589251161, 0.0295245461166, 0.0298537649214, 0.0346083492041, 0.0515818856657, 0.0520986765623, 0.0437177270651, 0.0340678729117, 0.0297028683126, 0.0375450775027, 0.059758361429], "dvar": [0.029422165826, 0.027162084356, 0.0281996950507, 0.0193876251578, 0.0172840021551, 0.0161970146, 0.0216908846051, 0.0214936491102, 0.0295235514641, 0.0298890490085, 0.023208886385, 0.0183246936649, 0.0145526640117, 0.0143828755245, 0.0193799193949, 0.0251516196877, 0.0216576457024, 0.0129911378026, 0.00971341133118, 0.00724566588178, 0.011271039024, 0.0183787737042, 0.0166249424219, 0.0205959007144, 0.0209864843637, 0.0126586118713, 0.0104951774701, 0.0118893263862, 0.0128305703402, 0.019100965932, 0.0214279871434, 0.0162814930081, 0.0120712518692, 0.0106420312077, 0.0135842980817, 0.0221767909825], "dmean": [0.0973969846964, 0.0993045046926, 0.0753383785486, 0.0500360429287, 0.0540754757822, 0.0560330674052, 0.0649533644319, 0.0739069655538, 0.0955064892769, 0.0824164301157, 0.0730955302715, 0.0433546751738, 0.0361383780837, 0.0416881218553, 0.0737189278007, 0.0725370794535, 0.0791535452008, 0.0419356077909, 0.0276369638741, 0.0281764641404, 0.0550376810133, 0.0706132724881, 0.0764226466417, 0.0826615914702, 0.0745871067047, 0.0559423938394, 0.0376709289849, 0.0379170849919, 0.0449205636978, 0.0671116709709, 0.0690475553274, 0.0604485347867, 0.0348997041583, 0.0297481138259, 0.0449261181056, 0.0823867693543], "max": [1, 1, 1, 1, 1, 1, 1, 1, 1, 1, 1, 1, 1, 1, 1, 1, 1, 1, 1, 1, 1, 1, 1, 1, 1, 1, 1, 1, 1, 1, 1, 1, 1, 1, 1, 1], "var": [0.101798132062, 0.0458623878658, 0.0778183862567, 0.0985037982464, 0.0255114566535, 0.0215817466378, 0.045813370496, 0.0277460776269, 0.0871287509799, 0.12798024714, 0.0307831205428, 0.0134893739596, 0.0109197720885, 0.0107132550329, 0.0462627075613, 0.152281463146, 0.0625431463122, 0.0104611702263, 0.00708984490484, 0.0057711196132, 0.0287540052086, 0.0916108861566, 0.0478675737977, 0.071493268013, 0.107601769269, 0.026707123965, 0.011302636005, 0.025826824829, 0.0166454575956, 0.0372882150114, 0.0795573666692, 0.030148210004, 0.00840463954955, 0.00738670071587, 0.0105616347864, 0.0531575866044], "mean": [0.240905761719, 0.167996734381, 0.144176885486, 0.146732866764, 0.075099863112, 0.0734258592129, 0.109369762242, 0.0993212163448, 0.200900420547, 0.249304711819, 0.112128265202, 0.0363186448812, 0.031334772706, 0.0368757806718, 0.159279987216, 0.29306101799, 0.182062029839, 0.0412555448711, 0.0251380726695, 0.0255711805075, 0.106331050396, 0.197897270322, 0.152521729469, 0.190340965986, 0.230904981494, 0.101589150727, 0.0411610938609, 0.0552316978574, 0.0514191016555, 0.109079822898, 0.165496453643, 0.0958700850606, 0.0288640167564, 0.0233886484057, 0.0391418561339, 0.152973368764]}, "tuning_equal_tempered_deviation": 0.0257549621165, "chords_changes_rate": 0.0441302470863, "key_key": "F", "tuning_diatonic_strength": 0.558883309364, "key_scale": "major", "chords_number_rate": 0.00142816337757, "tuning_frequency": 440.508636475, "tuning_nontempered_energy_ratio": 0.645949721336, "chords_histogram": [15.5384178162, 13.2533559799, 13.9531564713, 9.89717197418, 5.08426141739, 1.85661244392, 2.61353898048, 0, 0.38560411334, 0.214224502444, 0.314195930958, 0, 0.0142816342413, 0, 0, 0.128534704447, 0, 0, 0, 0.257069408894, 0, 3.38474726677, 13.6103973389, 19.494430542], "key_strength": 0.757190167904, "chords_key": "D", "chords_strength": {"dmean2": 0.00619962532073, "median": 0.533257246017, "min": 0.243155688047, "dvar2": 3.90577697544e-05, "dvar": 4.61934905616e-05, "dmean": 0.00823173485696, "max": 0.791680335999, "var": 0.00992575939745, "mean": 0.527561664581}, "chords_scale": "minor", "hpcp_entropy": {"dmean2": 0.78776037693, "median": 1.74446451664, "min": 0, "dvar2": 0.503790736198, "dvar": 0.192074209452, "dmean": 0.467969417572, "max": 4.2439365387, "var": 0.469306349754, "mean": 1.75542747974}}, "metadata": {"audio_properties": {"equal_loudness": 0, "codec": "flac", "downmix": "mix", "sample_rate": 44100, "analysis_sample_rate": 44100, "bit_rate": 0, "md5_encoded": "a9e09a3fddc382b45ed301c2b92aac3f", "length": 325.106658936, "replay_gain": -13.5008392334, "lossless": true}, "version": {"essentia_build_sha": "2d9f1f26377add8aeb1075a9c2973f962c4f09fd", "essentia": "2.1-beta2", "extractor": "music 1.0", "essentia_git_sha": "v2.1_beta2-1-ge3940c0"}, "tags": {"title": ["We Are What We Are"], "barcode": ["4527516016210"], "media": ["CD"], "albumartist": ["Sonata Arctica"], "tracktotal": ["12"], "musicbrainz_releasegroupid": ["364827ca-505b-4116-b50b-de305039e900"], "releasetype": ["album"], "musicbrainz_recordingid": ["06a2b72d-f386-46d7-a2d4-659fb4e6bedd"], "musicbrainz_albumartistid": ["319b1175-ced9-438f-986b-9239c3edd92d"], "originalyear": ["2016"], "musicbrainz_releasetrackid": ["6f321bb6-49bd-490e-876c-d81b08fda05c"], "discnumber": ["1"], "album": ["The Ninth Hour"], "catalognumber": ["MICP-11314"], "releasecountry": ["JP"], "file_name": "04 Sonata Arctica - We Are What We Are.flac", "originaldate": ["2016-10-05"], "date": ["2016-10-05"], "genre": ["Progressive Metal"], "disctotal": ["1"], "musicbrainz_artistid": ["319b1175-ced9-438f-986b-9239c3edd92d"], "asin": ["B01J0CLIBI"], "musicbrainz_albumid": ["fb19dfd2-1bb6-44e6-8162-a95b87d941a6"], "artist": ["Sonata Arctica"], "artistsort": ["Sonata Arctica"], "tracknumber": ["4"], "label": ["AVALON"], "albumartistsort": ["Sonata Arctica"], "script": ["Latn"], "releasestatus": ["official"]}}, "rhythm": {"bpm_histogram_first_peak_bpm": {"dmean2": 0, "median": 152, "min": 152, "dvar2": 0, "dvar": 0, "dmean": 0, "max": 152, "var": 0, "mean": 152}, "bpm": 149.960113525, "bpm_histogram_second_peak_spread": {"dmean2": 0, "median": 0.339130461216, "min": 0.339130461216, "dvar2": 0, "dvar": 0, "dmean": 0, "max": 0.339130461216, "var": 0, "mean": 0.339130461216}, "bpm_histogram_first_peak_weight": {"dmean2": 0, "median": 0.327510923147, "min": 0.327510923147, "dvar2": 0, "dvar": 0, "dmean": 0, "max": 0.327510923147, "var": 0, "mean": 0.327510923147}, "onset_rate": 2.4298286438, "beats_position": [0.603718817234, 1.20743763447, 1.8111563921, 2.41487526894, 3.01859402657, 3.62231278419, 4.22603178024, 4.841360569, 5.45668935776, 6.07201814651, 6.68734693527, 7.30267572403, 7.90639448166, 8.52172279358, 9.12544155121, 9.74077033997, 10.3560991287, 10.95981884, 11.5519275665, 12.144036293, 12.7477550507, 13.3514738083, 13.9551925659, 14.5705213547, 15.1974601746, 15.8243989944, 16.4397277832, 17.0550556183, 17.6703853607, 18.3089332581, 18.9474830627, 19.574420929, 20.1897506714, 20.8050785065, 21.4087982178, 22.0125160217, 22.616235733, 23.219953537, 23.8236732483, 24.4273910522, 25.0427207947, 25.6580486298, 26.2733783722, 26.8190479279, 27.353105545, 27.8871650696, 28.3051242828, 28.7230834961, 29.1410427094, 29.5473918915, 29.9537410736, 30.3600902557, 30.7664394379, 31.17278862, 31.5791378021, 31.9738769531, 32.3686180115, 32.7749671936, 33.1813163757, 33.5876655579, 33.99401474, 34.4003639221, 34.7951011658, 35.2014503479, 35.5961914063, 35.9909286499, 36.397277832, 36.8036270142, 37.1983680725, 37.5931053162, 37.9878463745, 38.3825836182, 38.7889328003, 39.1836738586, 39.5784111023, 39.9731521606, 40.3795013428, 40.7742385864, 41.1805877686, 41.5869369507, 41.9932861328, 42.3996353149, 42.8059844971, 43.2007255554, 43.6070747375, 44.0134239197, 44.4081611633, 44.8145103455, 45.2208595276, 45.6156005859, 46.0219497681, 46.4166870117, 46.8230361938, 47.229385376, 47.6357345581, 48.0304756165, 48.4252128601, 48.8315620422, 49.2263031006, 49.6210403442, 50.0157814026, 50.4221305847, 50.8284797668, 51.2232208252, 51.6179580688, 52.0126991272, 52.4074363708, 52.813785553, 53.2085266113, 53.6148757935, 54.0212249756, 54.4275741577, 54.8223114014, 55.2286605835, 55.6234016418, 56.0065307617, 56.4012680054, 56.7960090637, 57.2023582458, 57.5970954895, 58.0034446716, 58.4097938538, 58.8045349121, 59.2108840942, 59.6056213379, 60.0003623962, 60.4067115784, 60.8130607605, 61.2194099426, 61.6141471863, 62.0088882446, 62.4036254883, 62.7983665466, 63.2047157288, 63.6110649109, 64.0174102783, 64.4237594604, 64.8301086426, 65.2248535156, 65.6195907593, 66.0143280029, 66.4206771851, 66.8270263672, 67.2333755493, 67.6397247314, 68.0344696045, 68.4292068481, 68.8239440918, 69.2186813354, 69.6134262085, 70.0081634521, 70.4029006958, 70.8092498779, 71.2155990601, 71.6103363037, 72.0050811768, 72.3998184204, 72.7945556641, 73.1892929077, 73.5840377808, 73.9787750244, 74.3851242065, 74.7914733887, 75.1978225708, 75.6041717529, 76.0105209351, 76.4168701172, 76.8116073608, 77.2063446045, 77.6010894775, 77.9958267212, 78.3905639648, 78.7853012085, 79.1800460815, 79.5863952637, 79.9927444458, 80.3874816895, 80.7822189331, 81.1885681152, 81.5949172974, 82.0012664795, 82.4076156616, 82.8023605347, 83.2087097168, 83.6034469604, 84.0097961426, 84.4161453247, 84.8224945068, 85.2172317505, 85.6119689941, 86.2156906128, 86.8194122314, 87.4231262207, 88.0268478394, 88.6189575195, 89.2110671997, 89.8031692505, 90.3952789307, 90.9990005493, 91.602722168, 92.2064361572, 92.8101577759, 93.4138793945, 94.0175933838, 94.609703064, 95.2018127441, 95.7939224243, 96.3976364136, 97.0013580322, 97.6050796509, 98.2087936401, 98.8009033203, 99.404624939, 100.008346558, 100.623672485, 101.215782166, 101.807891846, 102.400001526, 103.003715515, 103.607437134, 104.211151123, 104.814872742, 105.406982422, 105.999092102, 106.602806091, 107.20652771, 107.787025452, 108.39074707, 108.994468689, 109.598182678, 110.213516235, 110.817230225, 111.420951843, 112.013061523, 112.605171204, 113.197273254, 113.800994873, 114.404716492, 115.008430481, 115.6121521, 116.215873718, 116.819587708, 117.411697388, 118.003807068, 118.595916748, 119.211242676, 119.814964294, 120.418685913, 121.010787964, 121.602897644, 122.218231201, 122.810340881, 123.402442932, 124.006164551, 124.598274231, 125.20199585, 125.805709839, 126.409431458, 127.013153076, 127.616867065, 128.208984375, 128.801086426, 129.404800415, 130.008529663, 130.612243652, 131.215957642, 131.81968689, 132.41178894, 133.003890991, 133.607620239, 134.211334229, 134.815048218, 135.407165527, 135.999267578, 136.591384888, 137.195098877, 137.787200928, 138.390930176, 138.994644165, 139.598358154, 140.190475464, 140.794189453, 141.386306763, 141.978408813, 142.570526123, 143.185852051, 143.801177979, 144.404891968, 145.031829834, 145.635559082, 146.227661133, 146.819763184, 147.411880493, 148.003982544, 148.607711792, 149.211425781, 149.815139771, 150.418869019, 151.022583008, 151.626296997, 152.218414307, 152.810516357, 153.414230347, 154.006347656, 154.598449707, 155.202178955, 155.805892944, 156.409606934, 157.013336182, 157.617050171, 158.209152222, 158.801269531, 159.404983521, 160.00869751, 160.600814819, 161.216140747, 161.808258057, 162.400360107, 163.004074097, 163.607803345, 164.211517334, 164.815231323, 165.418960571, 166.022674561, 166.614776611, 167.206893921, 167.81060791, 168.40272522, 168.994827271, 169.59854126, 170.202270508, 170.805984497, 171.409698486, 172.013427734, 172.617141724, 173.209243774, 173.801361084, 174.405075073, 175.008789063, 175.612518311, 176.204620361, 176.808334351, 177.412063599, 178.004165649, 178.607894897, 179.211608887, 179.815322876, 180.419036865, 181.011154175, 181.603256226, 182.206985474, 182.810699463, 183.414413452, 184.0181427, 184.621856689, 185.21395874, 185.817687988, 186.409790039, 187.013504028, 187.617233276, 188.209335327, 188.801452637, 189.405166626, 190.008880615, 190.612609863, 191.216323853, 191.808425903, 192.412155151, 193.015869141, 193.607971191, 194.200088501, 194.792190552, 195.3959198, 195.999633789, 196.614959717, 197.230285645, 197.857223511, 198.484161377, 199.111114502, 199.738052368, 200.376602173, 200.806167603, 201.212509155, 201.618865967, 202.013595581, 202.408340454, 202.803085327, 203.20942688, 203.615783691, 204.010513306, 204.405258179, 204.800003052, 205.206344604, 205.612701416, 206.00743103, 206.402175903, 206.796905518, 207.203262329, 207.609603882, 208.004348755, 208.410705566, 208.817047119, 209.211791992, 209.606521606, 210.012878418, 210.419219971, 210.813964844, 211.208709717, 211.603439331, 212.009796143, 212.416137695, 212.810882568, 213.205612183, 213.600357056, 213.995101929, 214.401443481, 214.796188354, 215.202529907, 215.59727478, 216.003631592, 216.409973145, 216.804718018, 217.21105957, 217.605804443, 218.000534058, 218.395278931, 218.801635742, 219.207977295, 219.602722168, 220.009063721, 220.403808594, 220.798538208, 221.193283081, 221.599639893, 221.994369507, 222.400726318, 222.807067871, 223.213424683, 223.608154297, 224.014511108, 224.409240723, 224.815597534, 225.210342407, 225.605072021, 226.011428833, 226.417770386, 226.812515259, 227.207244873, 227.601989746, 227.996734619, 228.391464233, 228.797821045, 229.204162598, 229.598907471, 229.993652344, 230.399993896, 230.806350708, 231.201080322, 231.607437134, 232.013778687, 232.420135498, 232.814865112, 233.221221924, 233.615966797, 234.010696411, 234.405441284, 234.811782837, 235.20652771, 235.612869263, 236.007614136, 236.402359009, 236.797088623, 237.191833496, 237.598175049, 238.00453186, 238.399276733, 238.805618286, 239.211975098, 239.606704712, 240.013061523, 240.419403076, 240.814147949, 241.208877563, 241.603622437, 241.99836731, 242.404708862, 242.811065674, 243.217407227, 243.6121521, 244.018493652, 244.413238525, 244.807983398, 245.202713013, 245.609069824, 246.015411377, 246.41015625, 246.804885864, 247.199630737, 247.605987549, 248.000717163, 248.395462036, 248.801803589, 249.2081604, 249.614501953, 250.009246826, 250.415603638, 250.82194519, 251.216690063, 251.611419678, 252.006164551, 252.412506104, 252.807250977, 253.20199585, 253.608337402, 254.026306152, 254.432647705, 254.839004517, 255.233734131, 255.628479004, 256.023223877, 256.41796875, 256.812683105, 257.207427979, 257.602172852, 258.008514404, 258.414855957, 258.821228027, 259.2159729, 259.622314453, 260.017059326, 260.411773682, 260.806518555, 261.201263428, 261.60760498, 262.013977051, 262.408691406, 262.803436279, 263.198181152, 263.604522705, 263.999267578, 264.405609131, 264.811981201, 265.218322754, 265.613067627, 266.007781982, 266.402526855, 266.808898926, 267.203613281, 267.598358154, 268.004699707, 268.411071777, 268.805786133, 269.212158203, 269.606903076, 270.001617432, 270.396362305, 270.802703857, 271.209075928, 271.603790283, 271.998535156, 272.393280029, 272.799621582, 273.205993652, 273.600708008, 273.995452881, 274.390197754, 274.796539307, 275.202911377, 275.597625732, 276.003997803, 276.410339355, 276.805084229, 277.211425781, 277.617767334, 278.012512207, 278.40725708, 278.802001953, 279.208343506, 279.614685059, 280.009429932, 280.404174805, 280.798919678, 281.193634033, 281.600006104, 282.006347656, 282.401092529, 282.807434082, 283.213775635, 283.608520508, 284.003265381, 284.398010254, 284.804351807, 285.210693359, 285.605438232, 286.000183105, 286.394927979, 286.801269531, 287.207611084, 287.602355957, 287.99710083, 288.403442383, 288.809783936, 289.216125488, 289.610870361, 290.017242432, 290.411956787, 290.80670166, 291.201446533, 291.596191406, 291.990936279, 292.397277832, 292.803619385, 293.198364258, 293.593109131, 293.999450684, 294.394195557, 294.800537109, 295.195281982, 295.590026855, 295.984771729, 296.391113281, 296.797454834, 297.203796387, 297.59854126, 298.004882813, 298.399627686, 298.805969238, 299.212341309, 299.607055664, 300.001800537, 300.39654541, 300.791290283, 301.197631836, 301.603973389, 301.998718262, 302.393463135, 302.788208008, 303.182952881, 303.589294434, 303.995635986, 304.390380859, 304.785125732, 305.191467285, 305.597808838, 306.004180908, 306.410522461, 306.805267334, 307.211608887, 307.617950439, 308.012695313, 308.407440186, 308.802185059, 309.208526611, 309.603271484, 310.009613037, 310.40435791, 310.799072266, 311.205444336, 311.600189209, 312.006530762, 312.401275635, 312.79598999, 313.202362061, 313.608703613, 314.003448486, 314.409790039, 314.816131592, 315.222503662, 315.628845215, 316.035186768, 316.453155518, 316.894317627, 317.335510254, 317.776672363, 318.22946167, 318.693878174, 319.15826416, 319.599456787, 320.052246094, 320.493408203, 320.992645264, 321.480255127, 321.967895508, 322.455505371, 322.943115234, 323.430755615, 323.918365479, 324.405975342], "beats_loudness": {"dmean2": 0.0371305570006, "median": 0.0416039153934, "min": 3.83710556662e-08, "dvar2": 0.00154182640836, "dvar": 0.000517328735441, "dmean": 0.0204006694257, "max": 0.163690701127, "var": 0.000880792387761, "mean": 0.0419283621013}, "danceability": 0.979960620403, "bpm_histogram_second_peak_weight": {"dmean2": 0, "median": 0.221251815557, "min": 0.221251815557, "dvar2": 0, "dvar": 0, "dmean": 0, "max": 0.221251815557, "var": 0, "mean": 0.221251815557}, "beats_count": 688, "bpm_histogram_second_peak_bpm": {"dmean2": 0, "median": 99, "min": 99, "dvar2": 0, "dvar": 0, "dmean": 0, "max": 99, "var": 0, "mean": 99}, "bpm_histogram_first_peak_spread": {"dmean2": 0, "median": 0.473067909479, "min": 0.473067909479, "dvar2": 0, "dvar": 0, "dmean": 0, "max": 0.473067909479, "var": 0, "mean": 0.473067909479}, "beats_loudness_band_ratio": {"dmean2": [0.284739673138, 0.169682666659, 0.124061606824, 0.183571562171, 0.104263558984, 0.0750423371792], "median": [0.515947699547, 0.0951279699802, 0.0566121526062, 0.115597650409, 0.0579817742109, 0.0250105932355], "min": [0.00890433136374, 0.00528035126626, 0.00186321698129, 0.000318901438732, 0.000237167128944, 3.61756829079e-05], "dvar2": [0.0534672029316, 0.0348470024765, 0.0209188833833, 0.0298448950052, 0.0152612635866, 0.0113604944199], "dvar": [0.0208337809891, 0.0125649310648, 0.00824624858797, 0.0112648708746, 0.0059565436095, 0.00486523844302], "dmean": [0.168324202299, 0.0985367149115, 0.0740432739258, 0.106589652598, 0.0614204071462, 0.0402593612671], "max": [0.975266516209, 0.957637190819, 0.674603581429, 0.858709216118, 0.600930213928, 0.956568956375], "var": [0.050752364099, 0.0284511540085, 0.0120067344978, 0.0215831045061, 0.0085176974535, 0.0047981175594], "mean": [0.501120984554, 0.150490790606, 0.0949965491891, 0.163156822324, 0.0852376520634, 0.0424394980073]}}, "lowlevel": {"barkbands_spread": {"dmean2": 5.96778964996, "median": 23.3823699951, "min": 0.238236859441, "dvar2": 75.5871810913, "dvar": 33.577457428, "dmean": 3.83282661438, "max": 116.352493286, "var": 202.98248291, "mean": 23.9293079376}, "melbands_spread": {"dmean2": 7.88055896759, "median": 24.1981906891, "min": 0.344298362732, "dvar2": 122.981437683, "dvar": 56.1162452698, "dmean": 5.08984470367, "max": 253.601348877, "var": 273.168670654, "mean": 25.1538143158}, "hfc": {"dmean2": 7.94990825653, "median": 17.1191177368, "min": 1.12876550228e-16, "dvar2": 280.297271729, "dvar": 116.898078918, "dmean": 5.23183631897, "max": 189.819671631, "var": 474.931365967, "mean": 23.0985813141}, "barkbands_kurtosis": {"dmean2": 2.84696388245, "median": 0.244161814451, "min": -1.92803406715, "dvar2": 50.6888313293, "dvar": 20.9617347717, "dmean": 1.80128324032, "max": 248.929901123, "var": 107.530677795, "mean": 3.28589725494}, "gfcc": {"mean": [-27.4704456329, 112.061325073, -119.873168945, 31.800359726, -38.0905303955, 19.3230819702, -29.9270439148, -0.156211689115, -23.7771472931, -2.54431343079, -16.9562835693, -6.84501123428, -6.51846933365], "icov": [[0.000360607460607, -0.00049498397857, 0.000496734224726, -0.000806625641417, 0.000535934988875, -0.000776986766141, 0.000436029338744, -0.000907259935047, 0.00088453583885, -0.00113473425154, 0.00114020111505, -0.000789894256741, 0.000820832850877], [-0.00049498397857, 0.00252702645957, -0.000729164923541, 0.00155155512039, -0.00136588956229, 0.0024938005954, -0.00211937073618, 0.0013691916829, -0.0025743492879, 0.00369262555614, -0.00402765301988, 0.00332999089733, -0.0017905018758], [0.000496734224726, -0.000729164923541, 0.00187288643792, -0.000927708751988, 0.000470918981591, -0.000818230444565, 0.000805514282547, -0.00154575589113, 0.00145402923226, -0.00173741590697, 0.00165601912886, -0.00216313055716, 0.00145766779315], [-0.000806625641417, 0.00155155512039, -0.000927708751988, 0.00426605250686, -0.00136038882192, 0.00110038707498, -0.00127615884412, 0.00119526311755, -0.00243344577029, 0.00266844406724, -0.00332865049131, 0.00238289008848, -0.00262124929577], [0.000535934988875, -0.00136588956229, 0.000470918981591, -0.00136038882192, 0.0050647938624, -0.00205020257272, 0.000198563866434, -0.000539143336937, 0.000216887157876, -0.0011578699341, 0.00236439495347, -0.00186106842011, 0.000943121034652], [-0.000776986766141, 0.0024938005954, -0.000818230444565, 0.00110038707498, -0.00205020257272, 0.00705370539799, -0.00334991398267, 0.000884074892383, -0.00187145767268, 0.00167458201759, -0.00493839243427, 0.00274263415486, -0.00109373766463], [0.000436029338744, -0.00211937073618, 0.000805514282547, -0.00127615884412, 0.000198563866434, -0.00334991398267, 0.00648004701361, -0.00175029644743, 0.00197336729616, -0.00156897737179, 0.00232808967121, -0.00130494125187, 0.00162336812355], [-0.000907259935047, 0.0013691916829, -0.00154575589113, 0.00119526311755, -0.000539143336937, 0.000884074892383, -0.00175029644743, 0.0074526341632, -0.0056651593186, 0.00420124037191, -0.00306599331088, -0.00134175701533, -0.00223198370077], [0.00088453583885, -0.0025743492879, 0.00145402923226, -0.00243344577029, 0.000216887157876, -0.00187145767268, 0.00197336729616, -0.0056651593186, 0.0160941630602, -0.00884173437953, 0.00585422618315, -6.16908364464e-05, 0.000962943071499], [-0.00113473425154, 0.00369262555614, -0.00173741590697, 0.00266844406724, -0.0011578699341, 0.00167458201759, -0.00156897737179, 0.00420124037191, -0.00884173437953, 0.0190982706845, -0.0110051576048, 0.00668505160138, -0.00303064845502], [0.00114020111505, -0.00402765301988, 0.00165601912886, -0.00332865049131, 0.00236439495347, -0.00493839243427, 0.00232808967121, -0.00306599331088, 0.00585422618315, -0.0110051576048, 0.0183960888535, -0.010758488439, 0.00509965978563], [-0.000789894256741, 0.00332999089733, -0.00216313055716, 0.00238289008848, -0.00186106842011, 0.00274263415486, -0.00130494125187, -0.00134175701533, -6.16908364464e-05, 0.00668505160138, -0.010758488439, 0.0195015408099, -0.00715484237298], [0.000820832850877, -0.0017905018758, 0.00145766779315, -0.00262124929577, 0.000943121034652, -0.00109373766463, 0.00162336812355, -0.00223198370077, 0.000962943071499, -0.00303064845502, 0.00509965978563, -0.00715484237298, 0.0141109954566]], "cov": [[16275.7021484, -1539.02001953, -1383.51965332, 2253.28662109, -500.837249756, 1703.23791504, 340.181213379, 1482.27404785, 154.388687134, 510.12286377, 391.533233643, 339.164794922, -90.2397994995], [-1539.02001953, 1591.23278809, -38.3810043335, -376.973602295, 212.858596802, -397.976196289, 201.170730591, -232.432830811, 51.2274780273, -173.460891724, -48.1061935425, -184.046325684, 3.70418262482], [-1383.51965332, -38.3810043335, 1003.01184082, -77.1280517578, 28.8025970459, -61.1848449707, -58.4309082031, 85.1297225952, -26.6735801697, -19.5642852783, 34.9796295166, 115.892379761, 14.9292068481], [2253.28662109, -376.973602295, -77.1280517578, 675.020568848, -9.96119976044, 298.697235107, 70.0414657593, 251.971359253, 50.6227493286, 83.1149597168, 91.7682189941, 77.1145706177, 30.3994045258], [-500.837249756, 212.858596802, 28.8025970459, -9.96119976044, 290.913452148, 9.28398609161, 70.7053756714, -27.0507793427, 25.9142131805, -25.2019786835, -10.6745223999, -17.0486679077, 8.21242809296], [1703.23791504, -397.976196289, -61.1848449707, 298.697235107, 9.28398609161, 483.010437012, 122.013832092, 206.071548462, 23.3451957703, 103.125411987, 114.548065186, 70.4506454468, -17.5135765076], [340.181213379, 201.170730591, -58.4309082031, 70.0414657593, 70.7053756714, 122.013832092, 279.494781494, 59.4966659546, 17.2885456085, -4.29463911057, 28.0595092773, -10.1086788177, -10.5952587128], [1482.27404785, -232.432830811, 85.1297225952, 251.971359253, -27.0507793427, 206.071548462, 59.4966659546, 417.203399658, 65.4291915894, 37.8180389404, 80.436958313, 124.714332581, 37.045135498], [154.388687134, 51.2274780273, -26.6735801697, 50.6227493286, 25.9142131805, 23.3451957703, 17.2885456085, 65.4291915894, 114.922180176, 35.0650024414, -3.23724794388, -16.3036956787, 10.7080202103], [510.12286377, -173.460891724, -19.5642852783, 83.1149597168, -25.2019786835, 103.125411987, -4.29463911057, 37.8180389404, 35.0650024414, 129.148345947, 58.3603363037, 7.77432584763, -9.87448787689], [391.533233643, -48.1061935425, 34.9796295166, 91.7682189941, -10.6745223999, 114.548065186, 28.0595092773, 80.436958313, -3.23724794388, 58.3603363037, 152.861907959, 70.1309356689, -3.2884888649], [339.164794922, -184.046325684, 115.892379761, 77.1145706177, -17.0486679077, 70.4506454468, -10.1086788177, 124.714332581, -16.3036956787, 7.77432584763, 70.1309356689, 146.296401978, 38.3757171631], [-90.2397994995, 3.70418262482, 14.9292068481, 30.3994045258, 8.21242809296, -17.5135765076, -10.5952587128, 37.045135498, 10.7080202103, -9.87448787689, -3.2884888649, 38.3757171631, 103.657844543]]}, "spectral_energyband_middle_low": {"dmean2": 0.00418930081651, "median": 0.00692093977705, "min": 2.17976606448e-22, "dvar2": 6.75874762237e-05, "dvar": 2.4724900868e-05, "dmean": 0.00260729715228, "max": 0.0905168429017, "var": 6.88406726113e-05, "mean": 0.00888882670552}, "melbands_crest": {"dmean2": 3.32318282127, "median": 14.5044622421, "min": 1.59630656242, "dvar2": 13.0875282288, "dvar": 5.02010202408, "dmean": 2.07884120941, "max": 33.238861084, "var": 20.8926353455, "mean": 15.0861825943}, "spectral_kurtosis": {"dmean2": 4.32557535172, "median": 4.67019462585, "min": -1.27992188931, "dvar2": 39.9792022705, "dvar": 13.4879779816, "dmean": 2.51778149605, "max": 75.7825775146, "var": 75.4870529175, "mean": 8.16321849823}, "spectral_rms": {"dmean2": 0.000748616759665, "median": 0.00546089233831, "min": 3.17165716433e-12, "dvar2": 1.15928719424e-06, "dvar": 5.01973318023e-07, "dmean": 0.000488138757646, "max": 0.0141195319593, "var": 4.85819282403e-06, "mean": 0.00516351684928}, "zerocrossingrate": {"dmean2": 0.00802265480161, "median": 0.04931640625, "min": 0.00244140625, "dvar2": 0.000153567772941, "dvar": 0.000113516602141, "dmean": 0.0065925642848, "max": 0.65380859375, "var": 0.00158326444216, "mean": 0.0525641404092}, "silence_rate_60dB": {"dmean2": 0.0194271840155, "median": 0, "min": 0, "dvar2": 0.0221838299185, "dvar": 0.00961606018245, "dmean": 0.00971289817244, "max": 1, "var": 0.0600230805576, "mean": 0.064129114151}, "erbbands_kurtosis": {"dmean2": 1.83374726772, "median": 0.781723737717, "min": -1.74425554276, "dvar2": 9.62320804596, "dvar": 4.4757270813, "dmean": 1.19767379761, "max": 84.2296218872, "var": 27.2410392761, "mean": 2.24988484383}, "erbbands": {"dmean2": [0.128632098436, 1.06871855259, 2.91446900368, 5.08859491348, 6.71523809433, 8.01559829712, 6.33349227905, 5.58213567734, 5.59502077103, 7.15427875519, 7.31559419632, 16.330165863, 18.4925689697, 27.6522197723, 26.7280731201, 29.6233196259, 51.8744049072, 41.8351593018, 34.0323600769, 27.126909256, 22.9420547485, 22.9723415375, 16.3126468658, 10.8730239868, 14.5640125275, 10.123550415, 7.35356330872, 7.04340553284, 5.87332391739, 3.74420881271, 3.188113451, 2.11808300018, 1.26658380032, 0.681962430477, 0.312225699425, 0.116745352745, 0.0315617918968, 0.00646007573232, 0.000748451391701, 4.475764581e-05], "median": [0.185984626412, 1.82805085182, 3.56714439392, 4.64215230942, 4.17032003403, 5.04441070557, 4.91183233261, 3.39961338043, 3.41624212265, 3.37169551849, 4.36664962769, 11.6650333405, 9.78659629822, 11.0689678192, 11.8450222015, 14.076880455, 31.7516422272, 18.9096431732, 16.6150398254, 16.172252655, 17.9165344238, 15.8242378235, 7.85760116577, 6.16783761978, 10.2829589844, 7.21926879883, 4.04032707214, 3.30547857285, 1.96396398544, 1.02259969711, 0.662393331528, 0.47746399045, 0.410018324852, 0.199155211449, 0.0639636591077, 0.0161542054266, 0.00259551522322, 0.000355290161679, 5.39360516996e-05, 4.31099724665e-05], "min": [1.50486678242e-22, 1.03522612916e-21, 3.67916971377e-21, 6.06110777735e-21, 2.28251927422e-20, 7.10368363647e-20, 1.19837817093e-19, 2.06836796512e-19, 1.52660369649e-19, 2.55279155671e-19, 5.62750254368e-19, 5.80163078346e-19, 9.79658226985e-19, 1.33848338645e-18, 1.89311677596e-18, 1.92699892103e-18, 1.32570210181e-18, 2.27192579184e-18, 3.48838028899e-18, 3.72206005281e-18, 2.38196294039e-18, 6.62997834107e-18, 8.44405656193e-18, 1.09162793828e-17, 8.49178240173e-18, 9.97313383864e-18, 1.1292772293e-17, 1.29167735081e-17, 1.22582351701e-17, 1.34947080584e-17, 1.23388555013e-17, 1.27775755546e-17, 1.27200757487e-17, 1.00967303386e-17, 6.56141458086e-18, 4.59977064744e-18, 2.90019945237e-18, 1.19859835607e-18, 2.71908148471e-19, 2.92809884564e-20], "dvar2": [0.255648702383, 7.9898891449, 34.6857566833, 106.830024719, 299.042999268, 478.901153564, 180.361557007, 169.001647949, 184.329208374, 309.786315918, 470.110595703, 1276.8112793, 1686.48266602, 3588.9855957, 3812.58959961, 5197.87890625, 9509.36035156, 9394.94628906, 8926.73535156, 4738.73632813, 2007.66967773, 2633.88696289, 1421.19506836, 598.202758789, 838.927429199, 604.453552246, 515.45880127, 469.670654297, 269.842498779, 186.926422119, 189.495941162, 92.0264587402, 25.0197658539, 6.18942546844, 2.03962612152, 0.213843181729, 0.0176488626748, 0.0007820117753, 9.19742888073e-06, 3.00350180282e-08], "dvar": [0.0961246266961, 3.20890545845, 13.5897006989, 41.8934936523, 108.193855286, 164.852462769, 70.9575881958, 70.4011917114, 80.3515625, 174.675628662, 194.628753662, 525.734802246, 756.679199219, 1568.79492188, 1642.83544922, 2293.49609375, 3994.94897461, 4006.47583008, 3952.76977539, 1998.84985352, 863.308166504, 1100.03051758, 620.529907227, 243.81803894, 320.178588867, 226.595993042, 187.142700195, 179.624389648, 113.709754944, 86.8934555054, 84.2813491821, 41.3351173401, 12.3001403809, 3.0428814888, 1.00941860676, 0.10856757313, 0.00822636019439, 0.000358360470273, 4.10002803619e-06, 1.27350068269e-08], "dmean": [0.0796139091253, 0.679524481297, 1.88523960114, 3.20290017128, 3.98682069778, 4.72369337082, 4.00838184357, 3.56466579437, 3.73645782471, 5.01343488693, 4.72487783432, 10.7206659317, 12.1131820679, 18.1652641296, 17.4196624756, 19.2199325562, 33.0500411987, 27.0300617218, 22.1848487854, 17.2248191833, 14.5925607681, 14.6529979706, 10.4593658447, 6.70273923874, 8.71181297302, 6.00396823883, 4.30427217484, 4.26094341278, 3.60524249077, 2.36805725098, 2.03030848503, 1.35538053513, 0.837629199028, 0.459692537785, 0.213185817003, 0.0788022130728, 0.0205570887774, 0.00410802755505, 0.000472934858408, 2.84043289867e-05], "max": [6.31462192535, 36.8108406067, 85.0137863159, 232.601867676, 173.591918945, 243.854415894, 198.052459717, 221.700836182, 371.402923584, 725.218688965, 410.197662354, 713.768432617, 829.529174805, 859.916015625, 826.649353027, 1139.99523926, 1724.85388184, 1753.23266602, 2372.18896484, 1784.45654297, 726.274780273, 1154.44665527, 637.730529785, 540.790466309, 360.380249023, 365.04675293, 298.375762939, 339.425476074, 309.260223389, 482.976654053, 288.331268311, 242.600570679, 169.139846802, 67.0870132446, 60.702041626, 20.9075336456, 5.26226520538, 0.968710362911, 0.086566798389, 0.00493772095069], "var": [0.11081559211, 5.49342679977, 41.1290092468, 207.543151855, 141.093048096, 175.685928345, 170.436462402, 177.184341431, 234.164077759, 1161.04907227, 383.953948975, 1582.09020996, 3680.44042969, 6563.45751953, 5316.89941406, 8064.89355469, 13831.8613281, 13921.5722656, 10373.0908203, 5328.72607422, 3340.93969727, 3793.16748047, 1994.45629883, 610.571044922, 685.629089355, 381.792236328, 230.772109985, 281.152923584, 232.285400391, 154.484741211, 158.685913086, 83.5856399536, 25.8798980713, 6.22595787048, 2.3804872036, 0.266639441252, 0.0160639286041, 0.00066433212487, 6.40616690362e-06, 1.73792926716e-08], "mean": [0.238663196564, 2.1482257843, 5.41569375992, 8.68733119965, 7.70114278793, 8.96099281311, 9.14474010468, 7.68672466278, 8.896443367, 12.4033184052, 10.2190656662, 25.8462562561, 29.5807285309, 42.3372993469, 36.5715484619, 43.3040008545, 73.0961914063, 58.903137207, 46.7775268555, 36.3982391357, 36.4428024292, 36.1370506287, 23.7356834412, 15.1880092621, 18.7197380066, 13.0215206146, 8.52517700195, 8.78735637665, 7.12568330765, 4.21967077255, 3.30010819435, 2.32373166084, 1.61329174042, 0.843856811523, 0.362278997898, 0.117879398167, 0.0276788044721, 0.00505128037184, 0.00054727634415, 6.29233327345e-05]}, "spectral_strongpeak": {"dmean2": 0.718784987926, "median": 0.337032824755, "min": 0, "dvar2": 2.66501522064, "dvar": 1.05101656914, "dmean": 0.407402276993, "max": 13.4051475525, "var": 1.73633980751, "mean": 0.813524842262}, "spectral_energy": {"dmean2": 0.00995759852231, "median": 0.0305668804795, "min": 1.0310894385e-20, "dvar2": 0.00033672171412, "dvar": 0.000140080956044, "dmean": 0.00636479305103, "max": 0.204345226288, "var": 0.000557260296773, "mean": 0.0323080383241}, "average_loudness": 0.818509936333, "spectral_rolloff": {"dmean2": 518.696472168, "median": 1335.05859375, "min": 86.1328125, "dvar2": 1367242.25, "dvar": 582623.375, "dmean": 306.940948486, "max": 21425.5371094, "var": 2749617.25, "mean": 1424.14599609}, "spectral_centroid": {"dmean2": 259.60848999, "median": 1323.92297363, "min": 155.385406494, "dvar2": 119109.140625, "dvar": 55656.2851563, "dmean": 166.252288818, "max": 11509.7753906, "var": 480501.53125, "mean": 1315.9498291}, "pitch_salience": {"dmean2": 0.0785462483764, "median": 0.46927946806, "min": 0.0828342139721, "dvar2": 0.00606360146776, "dvar": 0.00234502321109, "dmean": 0.0485943928361, "max": 0.937101900578, "var": 0.00922656897455, "mean": 0.470681250095}, "spectral_energyband_middle_high": {"dmean2": 0.0030057830736, "median": 0.00562075991184, "min": 1.47018610938e-21, "dvar2": 1.90303526324e-05, "dvar": 8.22112815513e-06, "dmean": 0.00197726255283, "max": 0.0502522811294, "var": 6.35042451904e-05, "mean": 0.00830606464297}, "spectral_contrast_coeffs": {"dmean2": [0.0669579878449, 0.0627283975482, 0.0553672537208, 0.0478717423975, 0.0324279889464, 0.0244273412973], "median": [-0.654506623745, -0.72729486227, -0.718881547451, -0.7360034585, -0.783882260323, -0.749525427818], "min": [-0.973105728626, -0.981021344662, -0.97006124258, -0.964964270592, -0.965852737427, -0.962752103806], "dvar2": [0.00319469510578, 0.00274621765129, 0.00195009622257, 0.0014629700454, 0.000699473021086, 0.000508416793309], "dvar": [0.00115710694809, 0.00107694673352, 0.000782968709245, 0.000566146685742, 0.000279098429019, 0.000223876675591], "dmean": [0.0400432646275, 0.0385604687035, 0.0341616794467, 0.0292825046927, 0.0198436249048, 0.0152317285538], "max": [-0.268326491117, -0.351860821247, -0.476671397686, -0.508059084415, -0.599670708179, -0.568053424358], "var": [0.0112983407453, 0.00584536371753, 0.00496212486178, 0.00458956230432, 0.00213300343603, 0.00293408543803], "mean": [-0.626548051834, -0.718767225742, -0.718939423561, -0.73496222496, -0.781058609486, -0.758847594261]}, "melbands_skewness": {"dmean2": 0.796311080456, "median": 2.09121346474, "min": -2.13395476341, "dvar2": 0.813533782959, "dvar": 0.358240514994, "dmean": 0.52140468359, "max": 12.2821321487, "var": 2.07615566254, "mean": 2.32595181465}, "spectral_spread": {"dmean2": 521259.65625, "median": 3632788.25, "min": 1190907.25, "dvar2": 444848603136, "dvar": 262792757248, "dmean": 357990.4375, "max": 43572044, "var": 3793399054340.0, "mean": 3838530.75}, "dissonance": {"dmean2": 0.031997885555, "median": 0.47011128068, "min": 0.197059094906, "dvar2": 0.00124581973068, "dvar": 0.000458924507257, "dmean": 0.0188720822334, "max": 0.500000119209, "var": 0.00172506179661, "mean": 0.455984264612}, "spectral_skewness": {"dmean2": 0.417278438807, "median": 1.59238946438, "min": -0.0506099648774, "dvar2": 0.226583749056, "dvar": 0.08070923388, "dmean": 0.24979814887, "max": 7.06637334824, "var": 0.855275630951, "mean": 1.89499819279}, "spectral_flux": {"dmean2": 0.0264540407807, "median": 0.0632373541594, "min": 6.65741836658e-11, "dvar2": 0.00110320397653, "dvar": 0.000486674020067, "dmean": 0.0166031979024, "max": 0.341153919697, "var": 0.0021012716461, "mean": 0.0671764165163}, "spectral_contrast_valleys": {"dmean2": [0.534343659878, 0.506715357304, 0.443511992693, 0.360684275627, 0.29051733017, 0.283756136894], "median": [-6.5927400589, -7.15714836121, -7.32655286789, -7.46430635452, -7.39840507507, -10.1770277023], "min": [-27.6923465729, -27.9559230804, -27.6015815735, -27.4369430542, -27.3776721954, -27.3472805023], "dvar2": [0.227596610785, 0.187074124813, 0.137532234192, 0.0981391593814, 0.114978536963, 0.161242455244], "dvar": [0.0889763757586, 0.0753071457148, 0.0581701919436, 0.0441007353365, 0.0566184520721, 0.0898374542594], "dmean": [0.319151103497, 0.306655615568, 0.269760131836, 0.221406504512, 0.183728307486, 0.19957433641], "max": [-5.08896160126, -5.03758811951, -5.47996425629, -5.52803707123, -5.46594524384, -7.21539735794], "var": [3.09347867966, 1.506254673, 1.82416272163, 1.79289138317, 2.65120625496, 2.85894393921], "mean": [-7.3355178833, -7.40920352936, -7.72181034088, -7.87234306335, -7.99793577194, -10.7820501328]}, "erbbands_flatness_db": {"dmean2": 0.020592296496, "median": 0.168774425983, "min": 0.033078122884, "dvar2": 0.000415028684074, "dvar": 0.000202421157155, "dmean": 0.0139874517918, "max": 0.39573392272, "var": 0.00463458197191, "mean": 0.187157958746}, "spectral_energyband_high": {