{"tonal": {"thpcp": [1, 0.913997232914, 0.572857499123, 0.299858152866, 0.248349219561, 0.257613867521, 0.296648681164, 0.3133880198, 0.28270688653, 0.33233320713, 0.428024977446, 0.377136975527, 0.251918405294, 0.191946461797, 0.183335289359, 0.366174936295, 0.55865752697, 0.460803717375, 0.381909221411, 0.420266509056, 0.426064610481, 0.710658073425, 0.961197912693, 0.770764112473, 0.538330852985, 0.319344073534, 0.146119505167, 0.137816727161, 0.200079590082, 0.325166136026, 0.425893872976, 0.403455376625, 0.299002975225, 0.270090043545, 0.432299017906, 0.762587845325], "hpcp": {"dmean2": [0.325621843338, 0.318099856377, 0.246462330222, 0.164340928197, 0.156596034765, 0.150821045041, 0.16151972115, 0.165942832828, 0.144787251949, 0.143098175526, 0.172044798732, 0.168470770121, 0.142404437065, 0.115013331175, 0.108552925289, 0.162450924516, 0.217596843839, 0.220017716289, 0.236543044448, 0.243488639593, 0.24313595891, 0.313133895397, 0.340662181377, 0.306421399117, 0.25080627203, 0.154562979937, 0.0874915719032, 0.0879336297512, 0.112505063415, 0.141202524304, 0.17654427886, 0.188478723168, 0.168461412191, 0.171177297831, 0.23153103888, 0.295935034752], "median": [0.0557204112411, 0.075103096664, 0.0322675034404, 0.0102593433112, 0.00537359155715, 0.00621874677017, 0.00971784070134, 0.0115288402885, 0.00952377542853, 0.00783410295844, 0.0104945786297, 0.0120802614838, 0.00973693560809, 0.00656312564388, 0.00620663817972, 0.0123116988689, 0.0153939286247, 0.0141323665157, 0.00811181031168, 0.00662910053506, 0.0130552425981, 0.0408684238791, 0.0464774593711, 0.0447039678693, 0.0135748721659, 0.00649674609303, 0.00272461422719, 0.00301349512301, 0.00421744678169, 0.00669308844954, 0.0101324105635, 0.0116383684799, 0.00990025792271, 0.00870675779879, 0.0154224541038, 0.0272999964654], "min": [0, 0, 0, 0, 0, 0, 0, 0, 0, 0, 0, 0, 0, 0, 0, 0, 0, 0, 0, 0, 0, 0, 0, 0, 0, 0, 0, 0, 0, 0, 0, 0, 0, 0, 0, 0], "dvar2": [0.159583762288, 0.140954524279, 0.127682417631, 0.0934204608202, 0.094438187778, 0.0866142511368, 0.0943631380796, 0.0950397253036, 0.0774491280317, 0.0730011463165, 0.0858158618212, 0.0937151387334, 0.0767050683498, 0.0598864629865, 0.0535744689405, 0.0865284129977, 0.130569919944, 0.117859587073, 0.157804191113, 0.166432142258, 0.154820516706, 0.168026611209, 0.187459275126, 0.153285637498, 0.158372879028, 0.0847298204899, 0.0458061695099, 0.0512575954199, 0.062906883657, 0.0794010236859, 0.0993446260691, 0.109264574945, 0.0921151638031, 0.0973640605807, 0.12716126442, 0.159254357219], "dvar": [0.068851262331, 0.0618023909628, 0.0491280332208, 0.0340982340276, 0.0340168885887, 0.0319858491421, 0.0350791662931, 0.0357668846846, 0.0287522450089, 0.0287751536816, 0.0351119935513, 0.0363167785108, 0.0282621793449, 0.0226756874472, 0.0202427003533, 0.0330683104694, 0.052446436137, 0.0453808270395, 0.0587673634291, 0.0621832124889, 0.056252989918, 0.0640169456601, 0.0827419087291, 0.0608738772571, 0.0612967647612, 0.0323222801089, 0.0173542536795, 0.01806813851, 0.0236491877586, 0.0307390224189, 0.038748010993, 0.042238689959, 0.0345897637308, 0.0356303527951, 0.0466463491321, 0.0646962299943], "dmean": [0.186886534095, 0.187461227179, 0.142409339547, 0.092029735446, 0.0859010443091, 0.0848311558366, 0.0903197005391, 0.0936505123973, 0.0813986808062, 0.0809528678656, 0.0999302044511, 0.0964787602425, 0.0802370086312, 0.0644575878978, 0.0608867257833, 0.0938238799572, 0.123197689652, 0.123434960842, 0.129968568683, 0.133926123381, 0.135010078549, 0.177939862013, 0.194228172302, 0.177237451077, 0.138615578413, 0.0847401022911, 0.0482749827206, 0.0477989055216, 0.0615883879364, 0.080252379179, 0.100763991475, 0.10655580461, 0.0937178432941, 0.0939968973398, 0.130701243877, 0.166878342628], "max": [1, 1, 1, 1, 1, 1, 1, 1, 1, 1, 1, 1, 1, 1, 1, 1, 1, 1, 1, 1, 1, 1, 1, 1, 1, 1, 1, 1, 1, 1, 1, 1, 1, 1, 1, 1], "var": [0.120059326291, 0.0995769575238, 0.0580650344491, 0.031010132283, 0.0257558487356, 0.0264869499952, 0.0312431510538, 0.0330045260489, 0.0277059748769, 0.0402613356709, 0.0506746023893, 0.0424601659179, 0.0233019199222, 0.0173751655966, 0.0157630555332, 0.0371184647083, 0.0770724862814, 0.0499572046101, 0.0475284345448, 0.0578926876187, 0.0498687103391, 0.075239174068, 0.127927288413, 0.0771576315165, 0.0771643593907, 0.0329844430089, 0.0151736494154, 0.0122456233948, 0.0220363736153, 0.0380855165422, 0.0535433031619, 0.0484051443636, 0.0298524107784, 0.0277512501925, 0.0445032194257, 0.0994717925787], "mean": [0.257027685642, 0.234922587872, 0.147240236402, 0.0770718455315, 0.0638326257467, 0.0662138983607, 0.0762469246984, 0.0805493965745, 0.0726634934545, 0.0854188352823, 0.110014267266, 0.096934646368, 0.064750008285, 0.0493355542421, 0.0471222437918, 0.0941170975566, 0.143590450287, 0.118439309299, 0.0981612429023, 0.10802012682, 0.109510399401, 0.182658806443, 0.247054472566, 0.198107719421, 0.13836593926, 0.0820802673697, 0.0375567600131, 0.0354227125645, 0.0514259934425, 0.0835767015815, 0.109466515481, 0.103699199855, 0.0768520459533, 0.0694206207991, 0.111112818122, 0.196006193757]}, "tuning_equal_tempered_deviation": 0.259113937616, "chords_changes_rate": 0.0634814575315, "key_key": "A", "tuning_diatonic_strength": 0.6301202178, "key_scale": "minor", "chords_number_rate": 0.00467758113518, "tuning_frequency": 434.193115234, "tuning_nontempered_energy_ratio": 0.928902626038, "chords_histogram": [40.3942527771, 4.14300012589, 2.97360515594, 1.10257267952, 1.30304038525, 4.87804889679, 0.300701647997, 8.28600025177, 2.77313733101, 1.30304038525, 0.0334112942219, 1.03575003147, 0.668225884438, 0, 0.233879044652, 0, 0.100233882666, 3.30771803856, 0, 2.0046775341, 0.100233882666, 0, 22.3521556854, 2.70631480217], "key_strength": 0.792999982834, "chords_key": "A", "chords_strength": {"dmean2": 0.013589238748, "median": 0.52197766304, "min": 0.283031910658, "dvar2": 0.00012673222227, "dvar": 9.1918722319e-05, "dmean": 0.012131688185, "max": 0.785642206669, "var": 0.0102612711489, "mean": 0.522427499294}, "chords_scale": "minor", "hpcp_entropy": {"dmean2": 1.08272993565, "median": 1.84581780434, "min": 0, "dvar2": 0.779050290585, "dvar": 0.286101013422, "dmean": 0.642717480659, "max": 4.49221944809, "var": 0.539053618908, "mean": 1.8965524435}}, "metadata": {"audio_properties": {"equal_loudness": 0, "codec": "mp3", "downmix": "mix", "sample_rate": 44100, "analysis_sample_rate": 44100, "bit_rate": 192000, "md5_encoded": "f226ce2b2762edcdb79500334ac63b8a", "length": 138.9453125, "replay_gain": -7.21575546265, "lossless": false}, "version": {"essentia_build_sha": "2d9f1f26377add8aeb1075a9c2973f962c4f09fd", "essentia": "2.1-beta2", "extractor": "music 1.0", "essentia_git_sha": "v2.1_beta2-1-ge3940c0"}, "tags": {"title": ["Version"], "media": ["7\" Vinyl"], "albumartist": ["Hue B."], "musicbrainz_recordingid": ["06ae3161-f6ef-4b29-91fa-e874ff679c9b"], "mood": ["Unknown"], "originalyear": ["2011"], "discnumber": ["1/1"], "album": ["Everyday Thing"], "catalognumber": ["TUF 101"], "contentgroup": ["Reggae"], "musicbrainz album type": ["single"], "musicbrainz album status": ["official"], "file_name": "02 - Version.mp3", "musicbrainz_albumartistid": ["89d77d74-1e42-4e61-b927-b484310ea90b"], "date": ["2011"], "genre": ["Dub", "Roots"], "musicbrainz album release country": ["GB"], "musicbrainz_releasegroupid": ["d819129d-e84f-4f5b-bb2b-5640cf373899"], "script": ["Latn"], "originaldate": ["2011"], "musicbrainz_albumid": ["ff8a42cb-1077-4799-a383-ffcf555ff7a5"], "artist": ["Tuff Scout All Stars"], "artistsort": ["Tuff Scout All Stars"], "tracknumber": ["2/2"], "label": ["Tuff Scout"], "albumartistsort": ["B., Hue"], "musicbrainz_artistid": ["fa6ff8c7-1d2b-4c40-a6a8-c2f81bebd2ab"]}}, "rhythm": {"bpm_histogram_first_peak_bpm": {"dmean2": 0, "median": 144, "min": 144, "dvar2": 0, "dvar": 0, "dmean": 0, "max": 144, "var": 0, "mean": 144}, "bpm": 141.989303589, "bpm_histogram_second_peak_spread": {"dmean2": 0, "median": 0, "min": 0, "dvar2": 0, "dvar": 0, "dmean": 0, "max": 0, "var": 0, "mean": 0}, "bpm_histogram_first_peak_weight": {"dmean2": 0, "median": 0.518404901028, "min": 0.518404901028, "dvar2": 0, "dvar": 0, "dmean": 0, "max": 0.518404901028, "var": 0, "mean": 0.518404901028}, "onset_rate": 3.63414406776, "beats_position": [0.429569154978, 0.870748281479, 1.31192743778, 1.75310659409, 2.18267560005, 2.61224484444, 3.04181408882, 3.45977306366, 3.90095233917, 4.34213161469, 4.78331041336, 5.22448968887, 5.66566896439, 6.09523820877, 6.53641700745, 6.96598625183, 7.39555549622, 7.81351470947, 8.24308395386, 8.67265319824, 9.10222244263, 9.53179073334, 9.96135997772, 10.3909292221, 10.8204984665, 11.2384576797, 11.6680269241, 12.0975961685, 12.5155553818, 12.933514595, 13.3746938705, 13.8042631149, 14.2338323593, 14.66340065, 15.0929698944, 15.5225391388, 15.9521083832, 16.3700675964, 16.7996368408, 17.2292060852, 17.6587753296, 18.088344574, 18.5179138184, 18.9474830627, 19.365442276, 19.7834014893, 20.2129707336, 20.642539978, 21.0604991913, 21.4784584045, 21.9080276489, 22.3375968933, 22.7555541992, 23.1735134125, 23.6030826569, 24.0326519012, 24.4506111145, 24.8801803589, 25.3097496033, 25.7393188477, 26.168888092, 26.5868473053, 27.0164165497, 27.4459857941, 27.8639450073, 28.2819042206, 28.711473465, 29.1410427094, 29.5590019226, 29.9769611359, 30.4065303802, 30.8360996246, 31.2540588379, 31.6720180511, 32.0899772644, 32.5195465088, 32.9491157532, 33.3670730591, 33.8082542419, 34.2262115479, 34.6557807922, 35.0853500366, 35.514919281, 35.9444885254, 36.362449646, 36.7804069519, 37.2215881348, 37.6627655029, 38.0807266235, 38.4986839294, 38.9282531738, 39.3578224182, 39.7757797241, 40.1937408447, 40.6116981506, 41.0296592712, 41.4476165771, 41.8655776978, 42.2835350037, 42.713104248, 43.1426734924, 43.560634613, 43.9785919189, 44.4081611633, 44.8261222839, 45.2556915283, 45.6852607727, 46.1148300171, 46.532787323, 46.9507484436, 47.3687057495, 47.7866668701, 48.204624176, 48.6225852966, 49.052154541, 49.4817237854, 49.9112930298, 50.3408622742, 50.7704315186, 51.2000007629, 51.6179580688, 52.0359191895, 52.4538764954, 52.871837616, 53.2897949219, 53.7077522278, 54.1257133484, 54.5436706543, 54.9616317749, 55.3795890808, 55.7975502014, 56.2271194458, 56.6566886902, 57.0862579346, 57.515827179, 57.9337844849, 58.3517456055, 58.7697029114, 59.187664032, 59.6056213379, 60.0235824585, 60.4531517029, 60.8827209473, 61.3006782532, 61.7186393738, 62.1365966797, 62.5545578003, 62.9725151062, 63.4020843506, 63.831653595, 64.2612228394, 64.6907958984, 65.0971450806, 65.5034942627, 65.9214477539, 66.3394088745, 66.7573699951, 67.1869354248, 67.6165084839, 68.0344696045, 68.4524230957, 68.8819961548, 69.3115615845, 69.7295227051, 70.1590881348, 70.5886611938, 71.029838562, 71.4594116211, 71.8773651123, 72.2953262329, 72.724899292, 73.1428527832, 73.5608139038, 73.9787750244, 74.396736145, 74.8146896362, 75.2326507568, 75.6506118774, 76.0801773071, 76.4981384277, 76.9277114868, 77.345664978, 77.7868499756, 78.2048034668, 78.6111526489, 79.0291137695, 79.4586868286, 79.8766403198, 80.2946014404, 80.712562561, 81.1537399292, 81.5717010498, 82.0012664795, 82.4308395386, 82.8487930298, 83.2667541504, 83.684715271, 84.1026763916, 84.5322418213, 84.9618148804, 85.3797683716, 85.7977294922, 86.2273025513, 86.656867981, 87.0748291016, 87.4927902222, 87.9107437134, 88.328704834, 88.7582778931, 89.1762313843, 89.6058044434, 90.035369873, 90.4533309937, 90.8712921143, 91.3008575439, 91.7188186646, 92.1367797852, 92.5547409058, 92.9959182739, 93.4138793945, 93.8318328857, 94.2614059448, 94.6909713745, 95.1089324951, 95.5268936157, 95.9448471069, 96.3628082275, 96.7807693481, 97.1987304688, 97.61668396, 98.046257019, 98.4642181396, 98.8937835693, 99.3117446899, 99.7297058105, 100.147659302, 100.565620422, 100.983581543, 101.413146973, 101.842720032, 102.260681152, 102.678634644, 103.108207703, 103.537773132, 103.955734253, 104.373695374, 104.791656494, 105.209609985, 105.627571106, 106.045532227, 106.475097656, 106.904670715, 107.322631836, 107.740585327, 108.170158386, 108.599723816, 109.017684937, 109.435646057, 109.865211487, 110.294784546, 110.712738037, 111.130699158, 111.560272217, 111.989837646, 112.407798767, 112.837364197, 113.266937256, 113.684898376, 114.102851868, 114.520812988, 114.938774109, 115.356735229, 115.797912598, 116.192649841, 116.610610962, 117.040176392, 117.469749451, 117.887710571, 118.317276001, 118.735237122, 119.153198242, 119.571151733, 120.000724792, 120.418685913, 120.836639404, 121.254600525, 121.672561646, 122.090522766, 122.520088196, 122.949661255, 123.379226685, 123.808792114, 124.226753235, 124.644714355, 125.062675476, 125.480628967, 125.898590088, 126.316551208, 126.734512329, 127.15246582, 127.570426941, 128, 128.42956543, 128.847518921, 129.265487671, 129.695053101, 130.12461853, 130.554199219, 130.983764648, 131.40171814, 131.831283569, 132.249252319, 132.678817749, 133.09677124, 133.526351929, 133.94430542, 134.350662231, 134.768615723, 135.186569214, 135.604537964, 136.022491455, 136.440444946, 136.846801758, 137.229934692, 137.613052368, 138.007797241, 138.414154053], "beats_loudness": {"dmean2": 0.0846395120025, "median": 0.0475110076368, "min": 1.78194473066e-11, "dvar2": 0.00588864460588, "dvar": 0.00218613934703, "dmean": 0.0527102872729, "max": 0.331403553486, "var": 0.00273418892175, "mean": 0.0608979202807}, "danceability": 1.35985350609, "bpm_histogram_second_peak_weight": {"dmean2": 0, "median": 0.0552147254348, "min": 0.0552147254348, "dvar2": 0, "dvar": 0, "dmean": 0, "max": 0.0552147254348, "var": 0, "mean": 0.0552147254348}, "beats_count": 327, "bpm_histogram_second_peak_bpm": {"dmean2": 0, "median": 136, "min": 136, "dvar2": 0, "dvar": 0, "dmean": 0, "max": 136, "var": 0, "mean": 136}, "bpm_histogram_first_peak_spread": {"dmean2": 0, "median": 0.444078952074, "min": 0.444078952074, "dvar2": 0, "dvar": 0, "dmean": 0, "max": 0.444078952074, "var": 0, "mean": 0.444078952074}, "beats_loudness_band_ratio": {"dmean2": [0.700766444206, 0.248122915626, 0.318001896143, 0.134182915092, 0.161455735564, 0.404468148947], "median": [0.588367164135, 0.0368707664311, 0.069066606462, 0.0269534196705, 0.0190969184041, 0.018072636798], "min": [0, 0, 0, 0, 0, 0], "dvar2": [0.230513423681, 0.0906341001391, 0.0814245566726, 0.0334968306124, 0.0525787062943, 0.198429748416], "dvar": [0.0865697488189, 0.0333963446319, 0.0303779318929, 0.0128480382264, 0.0161506626755, 0.0569364354014], "dmean": [0.399857699871, 0.130612358451, 0.177538156509, 0.0773416310549, 0.0852469354868, 0.203788727522], "max": [0.997479259968, 0.909916222095, 0.890842378139, 0.910145640373, 0.784561574459, 0.950689733028], "var": [0.122245915234, 0.0225683674216, 0.0356355383992, 0.0126850120723, 0.0123397177085, 0.041026905179], "mean": [0.517192602158, 0.0911776721478, 0.155661314726, 0.0710808560252, 0.06407841295, 0.113098479807]}}, "lowlevel": {"barkbands_spread": {"dmean2": 11.000998497, "median": 12.1954689026, "min": 0.162300691009, "dvar2": 261.46194458, "dvar": 123.480262756, "dmean": 7.31128454208, "max": 112.441963196, "var": 299.453155518, "mean": 17.818611145}, "melbands_spread": {"dmean2": 14.9017591476, "median": 11.7891130447, "min": 0.233926281333, "dvar2": 734.135070801, "dvar": 367.808654785, "dmean": 9.89672660828, "max": 230.33833313, "var": 742.411193848, "mean": 20.4209594727}, "hfc": {"dmean2": 15.6028928757, "median": 7.07283449173, "min": 1.08758381918e-16, "dvar2": 2112.12939453, "dvar": 1083.4017334, "dmean": 11.1650295258, "max": 730.577026367, "var": 1924.91784668, "mean": 19.137594223}, "barkbands_kurtosis": {"dmean2": 18.1228179932, "median": 3.53905725479, "min": -1.96415066719, "dvar2": 1994.31115723, "dvar": 878.375, "dmean": 11.8127689362, "max": 516.33972168, "var": 1726.66113281, "mean": 16.9511146545}, "gfcc": {"mean": [-81.582244873, 106.493431091, -114.706565857, 43.760433197, -52.7882041931, 30.4767723083, -24.8104171753, 13.9231281281, -2.38473320007, 3.26145076752, -11.4956293106, -10.6113653183, -4.82992982864], "icov": [[0.000130902510136, -0.000210757716559, 0.000183013253263, -0.000203411327675, 0.000223533192184, -0.000331224873662, 0.000186394507182, -0.000242933470872, 0.000108943095256, -0.000184897900908, 0.000263585767243, -0.00033424954745, 0.000434382556705], [-0.000210757716559, 0.0018507380737, -0.000730691303033, 0.00132228888106, -0.00105896079913, 0.00128452305216, -0.0003516273282, 0.000834764679894, -0.00132883747574, 0.00219768565148, -0.00209594098851, 0.00216683722101, -0.00185692030936], [0.000183013253263, -0.000730691303033, 0.00121506885625, -0.000859217601828, 0.000360449164873, -0.000774291867856, 0.00064259005012, -0.000897762191016, 0.000691693101544, -0.000714471563697, 0.000845227914397, -0.000714058871381, 0.00107373192441], [-0.000203411327675, 0.00132228888106, -0.000859217601828, 0.00206075026654, -0.000822319008876, 0.000602598825935, -0.000754085485823, 0.00136855442543, -0.000462243042421, 0.00123366271146, -0.00194343703333, 0.00211224565282, -0.00151567708235], [0.000223533192184, -0.00105896079913, 0.000360449164873, -0.000822319008876, 0.00253575667739, -0.00136433774605, -3.49089750671e-05, -0.000205845368328, 0.000197409637622, -0.000507469172589, 0.0012367204763, -0.00116224156227, 0.00102003733627], [-0.000331224873662, 0.00128452305216, -0.000774291867856, 0.000602598825935, -0.00136433774605, 0.00478037213907, -0.00218035676517, -9.46506115724e-05, 0.000408859516028, 0.000131123670144, -0.000133862369694, 0.00156162970234, -0.00150478701107], [0.000186394507182, -0.0003516273282, 0.00064259005012, -0.000754085485823, -3.49089750671e-05, -0.00218035676517, 0.00495720189065, -0.00217128871009, -0.000774854386691, 0.00211316929199, -0.00211232644506, 0.00112826318946, -0.000144516117871], [-0.000242933470872, 0.000834764679894, -0.000897762191016, 0.00136855442543, -0.000205845368328, -9.46506115724e-05, -0.00217128871009, 0.00981782563031, -0.00450863922015, -0.000158229580848, 0.00346119212918, -0.00265496666543, 0.000727834005374], [0.000108943095256, -0.00132883747574, 0.000691693101544, -0.000462243042421, 0.000197409637622, 0.000408859516028, -0.000774854386691, -0.00450863922015, 0.0108785256743, -0.00546649703756, -0.00211276323535, 0.00457236450166, -0.00162072642706], [-0.000184897900908, 0.00219768565148, -0.000714471563697, 0.00123366271146, -0.000507469172589, 0.000131123670144, 0.00211316929199, -0.000158229580848, -0.00546649703756, 0.0120229749009, -0.00491377012804, 0.00212094467133, 0.000663248589262], [0.000263585767243, -0.00209594098851, 0.000845227914397, -0.00194343703333, 0.0012367204763, -0.000133862369694, -0.00211232644506, 0.00346119212918, -0.00211276323535, -0.00491377012804, 0.0130746113136, -0.00897878780961, 0.00331166060641], [-0.00033424954745, 0.00216683722101, -0.000714058871381, 0.00211224565282, -0.00116224156227, 0.00156162970234, 0.00112826318946, -0.00265496666543, 0.00457236450166, 0.00212094467133, -0.00897878780961, 0.0139399562031, -0.00683036167175], [0.000434382556705, -0.00185692030936, 0.00107373192441, -0.00151567708235, 0.00102003733627, -0.00150478701107, -0.000144516117871, 0.000727834005374, -0.00162072642706, 0.000663248589262, 0.00331166060641, -0.00683036167175, 0.0131714688614]], "cov": [[13133.5322266, -698.943969727, -877.94543457, 64.7813644409, -729.514099121, 509.639526367, -258.751800537, 300.407531738, -72.6410751343, 181.515411377, -183.762557983, 61.0484352112, -297.581359863], [-698.943969727, 2269.93457031, 30.6038322449, -678.816955566, 366.515167236, -346.269683838, 102.103736877, -61.5744056702, 248.713943481, -176.56288147, 125.235687256, -118.537986755, 145.574203491], [-877.94543457, 30.6038322449, 1464.05871582, 426.762145996, 133.323883057, 145.270477295, -35.6840515137, 33.3053436279, -58.1645050049, -9.42624950409, -81.849105835, -70.9732589722, -55.8407936096], [64.7813644409, -678.816955566, 426.762145996, 1348.35766602, 167.250167847, 252.444168091, 198.371368408, -104.026130676, -62.4986839294, -17.0778026581, 37.6379547119, -85.1542510986, -14.1056585312], [-729.514099121, 366.515167236, 133.323883057, 167.250167847, 683.173278809, 157.761276245, 179.352203369, -3.11889195442, 36.360496521, -72.7058105469, -18.5689563751, -67.2790756226, 29.2792701721], [509.639526367, -346.269683838, 145.270477295, 252.444168091, 157.761276245, 481.067382813, 203.443878174, 78.0429153442, -15.2336521149, -5.6611995697, -76.5802841187, -61.292766571, -21.8753051758], [-258.751800537, 102.103736877, -35.6840515137, 198.371368408, 179.352203369, 203.443878174, 437.926025391, 62.9434623718, 85.5232696533, -53.7430801392, 29.2147846222, -72.867225647, 27.4413127899], [300.407531738, -61.5744056702, 33.3053436279, -104.026130676, -3.11889195442, 78.0429153442, 62.9434623718, 200.749649048, 81.8922042847, 38.1795272827, -57.6871337891, -23.1369476318, -23.8583469391], [-72.6410751343, 248.713943481, -58.1645050049, -62.4986839294, 36.360496521, -15.2336521149, 85.5232696533, 81.8922042847, 259.707427979, 94.3136672974, 33.5806999207, -101.950378418, -7.23839044571], [181.515411377, -176.56288147, -9.42624950409, -17.0778026581, -72.7058105469, -5.6611995697, -53.7430801392, 38.1795272827, 94.3136672974, 192.029907227, 42.8590621948, -15.2555017471, -46.5420379639], [-183.762557983, 125.235687256, -81.849105835, 37.6379547119, -18.5689563751, -76.5802841187, 29.2147846222, -57.6871337891, 33.5806999207, 42.8590621948, 208.603790283, 90.0307312012, 27.1295490265], [61.0484352112, -118.537986755, -70.9732589722, -85.1542510986, -67.2790756226, -61.292766571, -72.867225647, -23.1369476318, -101.950378418, -15.2555017471, 90.0307312012, 226.227996826, 58.8516197205], [-297.581359863, 145.574203491, -55.8407936096, -14.1056585312, 29.2792701721, -21.8753051758, 27.4413127899, -23.8583469391, -7.23839044571, -46.5420379639, 27.1295490265, 58.8516197205, 131.191192627]]}, "spectral_energyband_middle_low": {"dmean2": 0.00600931188092, "median": 0.00315432762727, "min": 2.08786869152e-22, "dvar2": 0.000167102756677, "dvar": 6.46833141218e-05, "dmean": 0.00379422004335, "max": 0.145068913698, "var": 9.02067185962e-05, "mean": 0.00689427601174}, "melbands_crest": {"dmean2": 6.17413377762, "median": 18.7807064056, "min": 1.85800993443, "dvar2": 32.5661888123, "dvar": 14.0976715088, "dmean": 3.90087509155, "max": 35.1411323547, "var": 39.3234558105, "mean": 18.4431419373}, "spectral_kurtosis": {"dmean2": 4.47583770752, "median": 4.66699314117, "min": -1.52909529209, "dvar2": 38.1884651184, "dvar": 14.70353508, "dmean": 2.72406601906, "max": 74.6549682617, "var": 42.7798118591, "mean": 6.29260778427}, "spectral_rms": {"dmean2": 0.00159770494793, "median": 0.00436165509745, "min": 3.11550590014e-12, "dvar2": 5.54388134333e-06, "dvar": 2.83940357804e-06, "dmean": 0.00115355325397, "max": 0.0183524154127, "var": 7.53312951929e-06, "mean": 0.00459854165092}, "zerocrossingrate": {"dmean2": 0.0146935684606, "median": 0.03369140625, "min": 0.001953125, "dvar2": 0.000455574598163, "dvar": 0.000420737167588, "dmean": 0.0139677487314, "max": 0.5234375, "var": 0.00273106642999, "mean": 0.0489712245762}, "silence_rate_60dB": {"dmean2": 0.123683772981, "median": 0, "min": 0, "dvar2": 0.127112671733, "dvar": 0.0580074079335, "dmean": 0.0618315525353, "max": 1, "var": 0.113464847207, "mean": 0.130492895842}, "erbbands_kurtosis": {"dmean2": 3.30985450745, "median": 0.849138021469, "min": -1.92499995232, "dvar2": 25.3506393433, "dvar": 10.9082927704, "dmean": 2.10198068619, "max": 54.4910087585, "var": 21.2130851746, "mean": 2.22541213036}, "erbbands": {"dmean2": [0.266807228327, 3.37443852425, 7.25632667542, 3.83838748932, 3.12192559242, 6.00962495804, 6.61126852036, 6.36136770248, 19.5998954773, 34.0472450256, 28.8485374451, 23.1312580109, 20.736749649, 28.9863605499, 22.5792331696, 17.1350059509, 28.8309268951, 38.3770256042, 36.5843086243, 23.7199306488, 26.1211147308, 23.6074447632, 12.73229599, 14.4863634109, 12.1450786591, 7.45072174072, 31.6435184479, 12.4575071335, 11.4355258942, 12.5826692581, 5.9473118782, 2.9355494976, 1.56778371334, 0.630582809448, 0.233077928424, 0.0710834264755, 0.0161866415292, 0.0022557831835, 8.17683103378e-05, 2.72362376563e-05], "median": [0.0801415815949, 1.1589127779, 2.18279623985, 1.01224148273, 0.757857501507, 0.638634622097, 0.454904824495, 0.479295998812, 1.35691702366, 3.32829165459, 3.50190210342, 4.20196247101, 3.00922942162, 2.33781027794, 1.99369478226, 1.60051834583, 2.20316410065, 2.74783277512, 3.73261141777, 2.59745121002, 2.12144994736, 1.8730250597, 0.848133683205, 0.829766690731, 0.68078482151, 0.406616389751, 0.800680696964, 0.421180069447, 0.352904826403, 0.399296969175, 0.239168584347, 0.152146086097, 0.0848246440291, 0.0388368666172, 0.0117391319945, 0.00203964812681, 0.000310415663989, 1.98193411052e-05, 1.28775436679e-05, 2.39701403189e-05], "min": [3.15630164911e-22, 1.52130197363e-21, 1.69391120204e-21, 5.59801305401e-21, 2.32231667833e-20, 4.28874988409e-20, 5.15499668601e-20, 1.13180396105e-19, 8.44984318145e-20, 2.15279454208e-19, 2.41907548424e-19, 4.10304408841e-19, 8.58583645629e-19, 1.03376493803e-18, 1.37657246871e-18, 1.455654244e-18, 1.85465246388e-18, 1.84854559622e-18, 2.85870869323e-18, 3.43647594633e-18, 5.64019263165e-18, 5.18621936787e-18, 7.27561845176e-18, 5.7673385636e-18, 6.40671898502e-18, 9.85726237843e-18, 1.15103745608e-17, 1.22350592237e-17, 1.15071262225e-17, 1.07159213492e-17, 1.22737158552e-17, 1.33597221086e-17, 1.10628400709e-17, 8.4731005276e-18, 6.57165424966e-18, 4.67355846681e-18, 2.43565668151e-18, 1.11311296207e-18, 2.11141728763e-19, 2.98686259646e-20], "dvar2": [0.36205214262, 103.327430725, 644.887695313, 219.953781128, 69.078742981, 361.734008789, 469.440582275, 481.980499268, 3349.85058594, 9562.984375, 7960.26855469, 3980.56152344, 4932.52832031, 13296.4648438, 9927.08691406, 6625.47167969, 18410.5253906, 36115.1367188, 21443.265625, 12682.1220703, 22366.2441406, 28009.5917969, 6380.81445313, 4120.24316406, 3455.1081543, 1198.15649414, 32599.2089844, 4271.70654297, 3005.86767578, 3401.00195313, 712.995300293, 114.017059326, 27.7916679382, 4.30233955383, 0.634843349457, 0.0674186497927, 0.00314575433731, 8.0664154666e-05, 1.27775223291e-07, 3.31457905567e-09], "dvar": [0.188162475824, 40.9905509949, 233.786239624, 76.892326355, 26.1400146484, 144.469192505, 178.308441162, 177.667556763, 1319.38122559, 3657.58984375, 3203.35400391, 1869.78295898, 2025.3215332, 5815.80126953, 4589.30664063, 2657.63110352, 6829.89160156, 14144.5537109, 7740.34912109, 5075.33740234, 11665.6728516, 12130.5683594, 2620.52636719, 1915.81530762, 1677.9876709, 535.712036133, 15091.2939453, 2163.078125, 1410.03222656, 1588.28381348, 335.876708984, 64.70337677, 14.6735477448, 2.0599296093, 0.305469602346, 0.0347474589944, 0.00165940122679, 3.84019913326e-05, 5.24617753683e-08, 1.52121770736e-09], "dmean": [0.19420351088, 2.14041614532, 4.33326435089, 2.24884462357, 1.87125301361, 3.66852355003, 3.92618441582, 3.76854944229, 12.1373348236, 21.068145752, 18.7820339203, 16.1861038208, 13.4887123108, 18.6925563812, 14.2714700699, 10.7647609711, 17.6192512512, 23.5932712555, 22.1863536835, 14.8271121979, 17.7800979614, 14.9460697174, 7.89188814163, 9.34398078918, 7.90462732315, 4.92511224747, 20.537311554, 8.50796985626, 7.81886148453, 8.50864887238, 4.10581541061, 2.11218857765, 1.12183320522, 0.44840195775, 0.166193142533, 0.0511259175837, 0.0118035618216, 0.00161764642689, 5.62107743463e-05, 1.85778408195e-05], "max": [4.0273475647, 68.240272522, 159.844848633, 101.306304932, 89.7899780273, 291.358612061, 212.881149292, 297.772094727, 925.109619141, 1460.67370605, 1463.42236328, 980.187438965, 924.469177246, 2527.20507813, 3213.60400391, 2116.49438477, 2557.64575195, 3110.54833984, 2523.09082031, 2228.85839844, 5685.83154297, 5589.86621094, 2829.88085938, 977.715393066, 1660.30615234, 607.34185791, 4214.84716797, 1726.55908203, 759.438903809, 934.053039551, 509.834472656, 188.235916138, 74.4321289063, 34.3083381653, 13.9867572784, 5.92689466476, 0.807043254375, 0.173594802618, 0.00753797730431, 0.000514818355441], "var": [0.382903188467, 36.041809082, 168.368774414, 49.7313652039, 27.5960597992, 140.423095703, 146.175964355, 150.015991211, 2142.80175781, 5224.17822266, 8428.84375, 5670.69921875, 4280.87695313, 12093.5, 5792.15087891, 3026.65625, 6581.71582031, 20129.8222656, 10218.2734375, 6173.05419922, 20828.2851563, 16050.7324219, 3581.31420898, 2581.49951172, 2337.9206543, 719.89831543, 18515.0234375, 3023.13256836, 1992.62341309, 2317.21630859, 534.150939941, 119.905479431, 27.6006088257, 3.70900583267, 0.573696315289, 0.082037076354, 0.00365558546036, 6.20734790573e-05, 6.42820339181e-08, 2.33173924613e-09], "mean": [0.351790904999, 2.92778944969, 5.39528942108, 2.53911709785, 2.29111504555, 4.13476228714, 3.86009812355, 4.23534250259, 17.6779079437, 29.3003959656, 36.3952445984, 33.0378379822, 23.4901657104, 29.4382457733, 17.9153404236, 12.8637828827, 20.8285236359, 30.8935203552, 28.4900951385, 18.9056529999, 22.4517593384, 17.185918808, 9.02394962311, 11.4606199265, 9.75714111328, 6.29150485992, 24.3976478577, 10.7150344849, 9.79332351685, 10.8827362061, 5.70807695389, 3.07163715363, 1.71562433243, 0.676008045673, 0.233274206519, 0.0704808011651, 0.0157492943108, 0.00197626254521, 7.33557099011e-05, 3.7757006794e-05]}, "spectral_strongpeak": {"dmean2": 0.997813463211, "median": 0.407932847738, "min": 0, "dvar2": 7.40749311447, "dvar": 3.1227414608, "dmean": 0.591278076172, "max": 40.4128646851, "var": 3.5033724308, "mean": 0.954511702061}, "spectral_energy": {"dmean2": 0.0215057078749, "median": 0.0194996371865, "min": 9.94903679431e-21, "dvar2": 0.00242211064324, "dvar": 0.00108229520265, "dmean": 0.0145326098427, "max": 0.345231473446, "var": 0.00145551655442, "mean": 0.0293967742473}, "average_loudness": 0.900472819805, "spectral_rolloff": {"dmean2": 950.348510742, "median": 624.462890625, "min": 64.599609375, "dvar2": 3157530.5, "dvar": 1580601.5, "dmean": 571.164001465, "max": 19336.8164063, "var": 4057672, "mean": 1273.46069336}, "spectral_centroid": {"dmean2": 444.810699463, "median": 873.124572754, "min": 115.530693054, "dvar2": 415830.03125, "dvar": 235824.34375, "dmean": 306.164520264, "max": 11397.3310547, "var": 1219574.75, "mean": 1250.41149902}, "pitch_salience": {"dmean2": 0.14244709909, "median": 0.415677905083, "min": 0.051093313843, "dvar2": 0.0209518633783, "dvar": 0.00900284014642, "dmean": 0.0906157270074, "max": 0.883187949657, "var": 0.020968252793, "mean": 0.419556707144}, "spectral_energyband_middle_high": {"dmean2": 0.0040145944804, "median": 0.000949419394601, "min": 1.192439519e-21, "dvar2": 0.00022591886227, "dvar": 9.61102268775e-05, "dmean": 0.00266588106751, "max": 0.287519007921, "var": 0.000155196466949, "mean": 0.00417210441083}, "spectral_contrast_coeffs": {"dmean2": [0.090695373714, 0.0847709476948, 0.0639617294073, 0.0529901720583, 0.0380416214466, 0.0280747413635], "median": [-0.668600261211, -0.723955631256, -0.76811081171, -0.79612493515, -0.803829193115, -0.783361315727], "min": [-0.97569578886, -0.975470066071, -0.974025249481, -0.971351146698, -0.967094600201, -0.96397125721], "dvar2": [0.00598060758784, 0.00516619114205, 0.00296509847976, 0.00198788149282, 0.00102520361543, 0.000689411943313], "dvar": [0.00263940729201, 0.00220510922372, 0.00136961136013, 0.00089531193953, 0.000452542444691, 0.000334114563884], "dmean": [0.0575478151441, 0.0530847497284, 0.0413662083447, 0.0335319526494, 0.0240131095052, 0.0176600310951], "max": [-0.308469712734, -0.275933921337, -0.422841489315, -0.458764761686, -0.563980400562, -0.555829823017], "var": [0.00775285996497, 0.013397725299, 0.00912318378687, 0.0050336541608, 0.00211194343865, 0.00311558158137], "mean": [-0.667309105396, -0.706937193871, -0.751672148705, -0.78208732605, -0.797711968422, -0.771023273468]}, "melbands_skewness": {"dmean2": 2.07571959496, "median": 2.64789438248, "min": -2.54010295868, "dvar2": 5.8792181015, "dvar": 2.98386001587, "dmean": 1.41957473755, "max": 19.4505233765, "var": 11.4872541428, "mean": 3.68145895004}, "spectral_spread": {"dmean2": 883770.5625, "median": 4012133, "min": 971633.4375, "dvar2": 1570496839680.0, "dvar": 967407042560, "dmean": 611248.5, "max": 42976076, "var": 8850139774980.0, "mean": 4536766}, "dissonance": {"dmean2": 0.0444734059274, "median": 0.458394348621, "min": 0.14041402936, "dvar2": 0.00222913105972, "dvar": 0.000841850880533, "dmean": 0.0270470473915, "max": 0.500000059605, "var": 0.00216438318603, "mean": 0.446246176958}, "spectral_skewness": {"dmean2": 0.51099139452, "median": 1.75969684124, "min": -0.238394483924, "dvar2": 0.326823979616, "dvar": 0.144323915243, "dmean": 0.327036440372, "max": 6.77109289169, "var": 0.78362506628, "mean": 1.74164354801}, "spectral_flux": {"dmean2": 0.0549336746335, "median": 0.0570760890841, "min": 6.49736514591e-11, "dvar2": 0.00472126016393, "dvar": 0.00255583273247, "dmean": 0.036737497896, "max": 0.527659535408, "var": 0.00563758146018, "mean": 0.0798102468252}, "spectral_contrast_valleys": {"dmean2": [0.729492843151, 0.848054289818, 0.697588980198, 0.608759999275, 0.50906676054, 0.516876161098], "median": [-7.6485953331, -7.74299955368, -8.21310043335, -8.41492271423, -8.64375305176, -10.9026975632], "min": [-27.6604156494, -27.8570728302, -27.6157417297, -27.5452747345, -27.4754619598, -27.3870220184], "dvar2": [0.439308106899, 0.73208719492, 0.538849651814, 0.508822321892, 0.466753423214, 0.58963561058], "dvar": [0.240854218602, 0.37135964632, 0.292253941298, 0.281618922949, 0.281359821558, 0.357511907816], "dmean": [0.480825990438, 0.542124450207, 0.454434126616, 0.407128512859, 0.361140698195, 0.398532569408], "max": [-5.204246521, -4.47594404221, -4.43994903564, -4.47506046295, -5.07872200012, -7.52405929565], "var": [2.54510188103, 2.73569512367, 2.59255576134, 2.54451990128, 2.47578930855, 2.64479660988], "mean": [-7.82151126862, -7.79760026932, -8.27553939819, -8.4038105011, -8.57105731964, -10.8727550507]}, "erbbands_flatness_db": {"dmean2": 0.0342081300914, "median": 0.19253668189, "min": 0.0540945604444, "dvar2": 0.00120825751219, "dvar": 0.000628591806162, "dmean": 0.0239320024848, "max": 0.43335339427, "var": 0.00396710680798, "mean": 0.200265541673}, "spectral_energyband_high": {"dmean2": 0.00129856995773, "median": 6.61744124955e-05, "min": 6.99335809915e-21, "dvar2": 3.35598888341e-05, "dvar": 1.77215570147e-05, "dmean": 0.000931213377044, "max": 0.118399128318, "var": 2.8548975024e-05, "mean": 0.00129818858113}, "spectral_entropy": {"dmean2": 0.358490526676, "median": 7.26508522034, "min": 4.99154090881, "dvar2": 0.177116960287, "dvar": 0.092764146626, "dmean": 0.24902035296, "max": 9.81596946716, "var": 0.427779406309, "mean": 7.23509931564}, "silence_rate_20dB": {"dmean2": 0, "median": 1, "min": 1, "dvar2": 0, "dvar": 0, "dmean": 0, "max": 1, "var": 0, "mean": 1}, "melbands_flatness_db": {"dmean2": 0.0624332278967, "median": 0.285683274269, "min": 0.00378973293118, "dvar2": 0.00443274434656, "dvar": 0.0026632337831, "dmean": 0.0452759377658, "max": 0.661966621876, "var": 0.0105867544189, "mean": 0.281570315361}, "barkbands": {"dmean2": [0.000173486841959, 0.0129503244534, 0.00547667220235, 0.000803587201517, 0.00144040829036, 0.000852806260809, 0.00192473328207, 0.00145712099038, 0.000974083843175, 0.00085194024723, 0.000629422953352, 0.00041227901238, 0.000638998753857, 0.00074992259033, 0.000706317834556, 0.000462702359073, 0.000411988381529, 0.00022315797105, 0.000331627088599, 0.000161633972311, 0.000634901982266, 0.000320593535434, 0.00026991328923, 0.000114434493298, 4.17610026489e-05, 1.10976779979e-05, 5.61077627026e-07], "median": [3.56363598257e-05, 0.0049744178541, 0.00104320165701, 0.000107066109194, 0.000186158838915, 4.05807077186e-05, 0.00010934315651, 0.000101525329228, 0.000150813604705, 7.59105605539e-05, 4.1787072405e-05, 2.56802995864e-05, 3.81819445465e-05, 4.26979386248e-05, 5.58842184546e-05, 3.19561404467e-05, 3.30226794176e-05, 1.12710795293e-05, 1.76799221663e-05, 7.84752683103e-06, 1.57555004989e-05, 1.04686132545e-05, 1.00074294096e-05, 6.17883461018e-06, 2.49465188062e-06, 2.2727586213e-07, 6.67024935286e-10], "min": [1.98413979337e-24, 8.59979555726e-24, 7.6692130294e-25, 4.08001345092e-24, 1.80020377822e-23, 1.80265950222e-23, 1.26065684007e-23, 6.06297192508e-24, 1.61776928093e-23, 2.35972625222e-23, 3.07510539521e-23, 2.47308209331e-23, 3.17364989949e-23, 3.79592357637e-23, 4.83646708241e-23, 9.10135016536e-23, 7.72882748467e-23, 1.35278033213e-22, 1.1122109513e-22, 2.11690533615e-22, 2.59633334249e-22, 3.62892248004e-22, 4.28340667296e-22, 7.0799572046e-22, 9.0291550037e-22, 1.36748323528e-21, 1.95884749911e-21], "dvar2": [1.20935013115e-07, 0.0013352612732, 0.000406315433793, 8.17318959889e-06, 1.5936762793e-05, 8.81408413989e-06, 3.26441659126e-05, 1.68251190189e-05, 7.14737780072e-06, 1.07266359919e-05, 6.78548030919e-06, 3.46691808772e-06, 9.26802749746e-06, 1.29793061205e-05, 1.07996611405e-05, 6.03652642894e-06, 8.2575415945e-06, 2.45919613917e-06, 2.41981797444e-06, 5.90699187342e-07, 1.38443801916e-05, 2.22107996706e-06, 1.57345436946e-06, 1.60129005167e-07, 1.79917929444e-08, 1.56876911461e-09, 7.93956046741e-12], "dvar": [7.37477563462e-08, 0.000554734375328, 0.00014356765314, 2.90486241283e-06, 6.40482494418e-06, 3.32307854478e-06, 1.25161086544e-05, 6.90463684805e-06, 3.3028359212e-06, 4.42543432655e-06, 3.07438949676e-06, 1.49006200445e-06, 3.42533462572e-06, 5.2048399084e-06, 3.76820844394e-06, 3.07443269776e-06, 3.68991368305e-06, 9.5315397175e-07, 1.18494415347e-06, 2.48498537303e-07, 6.5701060521e-06, 1.07583787212e-06, 7.40455391224e-07, 8.95942164902e-08, 8.82217587872e-09, 8.22898138519e-10, 3.22137910964e-12], "dmean": [0.000137540642754, 0.00861124321818, 0.00324472389184, 0.000472141866339, 0.000881812477019, 0.000507452175952, 0.00116617977619, 0.000934935349505, 0.000674932787661, 0.000544976035599, 0.000397082330892, 0.000262862275122, 0.000386191240977, 0.000463707197923, 0.000418537238147, 0.000308840128127, 0.000259412568994, 0.000138325733133, 0.000208211553399, 0.00010396468133, 0.000415620277636, 0.000221622598474, 0.000184162039659, 8.33668600535e-05, 2.98385566566e-05, 8.06210209703e-06, 3.51873239879e-07], "max": [0.00357600278221, 0.253797292709, 0.128820598125, 0.0260458514094, 0.0530543923378, 0.0358320996165, 0.0816604867578, 0.0682548284531, 0.0416887663305, 0.0646480768919, 0.0536943078041, 0.048996925354, 0.0539567358792, 0.0645206347108, 0.0532781332731, 0.0827271938324, 0.085683055222, 0.0539806783199, 0.0381358675659, 0.0127701405436, 0.0981299951673, 0.0203833226115, 0.0229740329087, 0.00616221548989, 0.00235536834225, 0.000815390259959, 4.6376226237e-05], "var": [3.53881489445e-07, 0.000578787294216, 0.000100901066617, 1.9598317067e-06, 7.12237715561e-06, 2.76999276139e-06, 1.86268334801e-05, 1.54470599227e-05, 9.81592893368e-06, 8.63718196342e-06, 4.02525847676e-06, 1.79372523235e-06, 3.20860749525e-06, 7.95944743004e-06, 3.87248155675e-06, 5.24447159478e-06, 5.49894093638e-06, 8.75285195434e-07, 1.66001950674e-06, 2.96701955449e-07, 8.15610655991e-06, 1.57495662734e-06, 1.16205444556e-06, 1.71182648501e-07, 1.70948464273e-08, 1.95386928858e-09, 3.35551638558e-12], "mean": [0.000306364934659, 0.0130189685151, 0.00381318060681, 0.000517874548677, 0.00105047959369, 0.000513557926752, 0.00162700179499, 0.00161972537171, 0.00132639624644, 0.000856136553921, 0.000475387088954, 0.000293942372082, 0.000439462659415, 0.000607234367635, 0.000484100863105, 0.000392088084482, 0.000315829121973, 0.000146174890688, 0.00026023038663, 0.000125124381157, 0.000492448103614, 0.000283051660517, 0.000250201090239, 0.000126140206703, 4.44459546998e-05, 1.09527254608e-05, 3.28508093617e-07]}, "erbbands_skewness": {"dmean2": 0.855392634869, "median": 0.482415378094, "min": -6.01164865494, "dvar2": 0.782954633236, "dvar": 0.357282757759, "dmean": 0.573546528816, "max": 6.60897207