{"metadata": {"tags": {"label": ["Soundway"], "mood": ["Glad"], "musicbrainz_releasetrackid": ["5ad2a643-9b6d-310b-893d-5e7bffd4de22"], "catalognumber": ["SNDWCD008"], "genre": ["Latin > Afro-Colombian"], "initialkey": ["2A"], "disctotal": ["1"], "releasecountry": ["CO"], "musicbrainz_albumartistid": ["89ad4ac3-39f7-470e-963a-56509c546377"], "album": ["Colombia! The Golden Age of Discos Fuentes. The Powerhouse of Colombian Music 1960-76"], "grouping": ["Latin"], "script": ["Latin"], "albumartistsort": ["Various Artists"], "acoustid_id": ["a9186178-0e9c-4360-8d5e-252807f5bf61"], "musicbrainz_artistid": ["edf0baf2-caff-4f5a-a78f-30a42f146dfe"], "musicbrainz_releasegroupid": ["f2bd7461-0b63-4669-a2b2-47342ea4fd49"], "musicbrainz_recordingid": ["06b5a405-fc22-4d0c-9796-3af55eb5297c"], "albumartist": ["Various Artists"], "barcode": ["827565019120"], "artist": ["Wganda Kenya"], "bpm": ["116"], "musicbrainz_albumid": ["123b539a-f2df-4b0d-b3d6-5028c0af4074"], "artistsort": ["Wganda Kenya"], "title": ["Tifit Hayed"], "tracknumber": ["7"], "tracktotal": ["20"], "language": ["Spanish; Castilia"], "compilation": ["1"], "date": ["1960"], "acoustid_fingerprint": ["AQADtFGUREykLEkiPIeWF7fQ_Kg-pLxxHekRV8YDy0gZ9EMN44QtkDdsMEfz4yX8HfcKnyBbw9Yg5UW_wHEO88FFOM6Oq7hwnNqh9fiFRkdHofho_PCPzhKO-oLIo0d_3IHJ4Xh4iCdwNEdnAifaHx-a_miP_nA1wSouwTYePIdJXMhDG1Zxot_xI0yXoT-grcvh_ngpPDs-4iH84zmsMsRHPNCDkszRZyU8_ugPfWgk4kGXGno9lCWMnMthBydyDc2Fpzs0HeeO5zAuxUFe4sTH4_pwhoV74tLhSjvyINnxE1eWD8e04k7QWMOP2EwD7ZkRfjx-PMO7TUWfRTl8IaQ2sZji5tC053hIC6GqG98Cz0fL47MwWzr-GHlGaGQQptLxkMMz407Qn9gfVMeTBHce4c1IZPkFc1D04Pyhb8F15HoQKQqnQ2cQZsebsMFxZ8KpgxOPJ8rxCwmfI1eGk-nwJocZymDJ7HgaVHRyIgwXJG9xPfhy-DseFWde8DKq_GjSMEhyJTLyx2i4XPiOKRyuj0HvF362HP6LkKQK9ToerQ-Yh0uRc2Hgg-FT9DnSWoXyZHi2InyO9wtuhE2U48WUdcHBPGzRhOLxJMeZR-jHY35x4jyaKhNy5_iyB813oZSESFlIJLtxHa_x6fhRLYcfIUeifDm-441xmFty_Hgqa3D-4FPxyDiK5sdxJjqeHWkYQz9CD83m48R5NEmZI9_QCuegG94aPDueoPoFv6gnFfqa4XkQWmgoG_yOJ0coOgOTLRmeQUdfo6mY4kkWXGge4wquNdC0TGGRb0Gfo8ni4B2eswhTFRqnEU-Eo3aOpgnxJMvxo_rgUBI0KloQD4f5C9cj7Ce6OYbDhOgTI9ATHk9yXIoL_ejJDM0tPEkSHz_-xUGZbIaWBv9wwedxK8GjSC50MsYDN6GRayxenfgTNNyOSvuQCye0jEGlRA_yJNdwNM_yoLqQ4zvmRFkMPiFeZDl8XIpRHzl0MYZd5HHw6qhyuCrKaccTHTdCf2i2ZNCjHXFyDj2aWHiyEbmCRD88Ocfz4zp6cQf1JaieBi9-3A1Cq4K2K4guL2jSHSWPKxcejkH48IF1Q1OP69Ae4Uly5JeCOj-u49lm9MGU57hP1Alc5WhyEW8PtlLx70SeG1U16PyQagqu4zq8rA7SnrgIHX-FMErxXKiQLA5JnAvCKkdzvDqqD2nCMAerDe2OH8rTFJ6MU8f1onuMpqJxRYe6E_mDbeTxpMHV40eTpkZIKcdzHHWYEFom5fj2II9RfUNT5fhy5AlV6EE6KTSuglNlIuehJXQcZCEzDs-O3SHqhAjz4corQS40PkQzcRb0JBlioUezPDh53Dm6w2mkHH3UAZEtKE7041GOQ38Kf4IqKceT6Hhp5IcVJTme4MmRlxCv5LikI09yfEfTF90SHv9wK2OQbxcaJqh56CWui0i5HFf04Tr-HH4iE_eR5ziZYpegXyh0OBfKaYee40dzIqSa4El0ZPyh6QHVJDvKRMOP_XBK4UmmQr9QQYwJTVIU5Xg-5MSU_SgTB9fxoYk1obNwyx8-4riG8CTUhviRjsejK_jhnBr27ciTbdFQUkcunEHzEKWW40nyI9cI7VMLfzwqCz--JLgfaLlSTGSG7Dv-IJKVoDcuHaq4EekXfDr-S-gPY8fhRzFyGf2hHz1MHvchPvBzfIEf4stxwg9x4tuhfUfhjsUf6AfVoZOmC33xw-fxJEOtHc_Rk7C2Qb2OH30G7UkemD9qMSSqH2GqHefRfXiPS8fNynBVPESay8KPrxCjhfhx7fjRTsLRo6lxLzlkfBKaEy2j4zsah0EfBT1sQfZw6uCPE84J7TpqvBmOB37Q6wI9og9xHv7RiSYeNE-FsCOYiwrC4Dva57AM_QS_4xxcRWiPh-gYwvGhoVVowT-uxfAfqMbxVRDPDs-Ow8_xwueF43hMHK4i0QieJiPSH8x19ApEjkd-KniUHdfMwfJRUcJznDl-PEK-HPqH8DDHGH0io40RZlag60GY5Onwo5SCRznuIP2gJxFyCY98NNGPG--C9jjCPoKWkcgbXWhy4-pQhse1HDlsQ56yIVa2CoWT8sKJNj5ePEe6F7pI9IP1HBVF4lNy6EJfI0x_rAlH4T96w--Diclm4eIDpEsOnTm-B6FyDw7FoMyCrw5eZDJ4EaqyCHkeNMepVigjRcb14TzMH2wv4ceUZE6HqjlyJdAlHBePJ0l2XD_0ozYlhImi5LguI5909E2LZokS4TyuZNDyLEetHY92XKqD-3B_vIqOC89WCX2IZgmPKyEepOvxBVdyFT_SZ4H640cEVqGKNoOH_kJ14hLaEzkv_BCZC6-O6kiTdyilII9yCT-0p2iMK5mQ5xOqw5c8XFsmlDl-MNmPMjseZ-gNP0efgEslvNSHnMfRG84FbUd9NJaNR4Km9RGaV6B5zC96eEr64Mmh54d_-CnqhEe-I7weHFqm6saTHOojB2eQLsOj7Di3K3iIDXkSSM1xZUckUx4uOA9CxXj0ID_iww-UMniiHD-q3EgrBmV45MuDQ3RTcNKGjPJR_vBxSRlaHeeRrzDjQK-O6kiTp0OdZHh05AAGlUAECAUVJc4QoRgQAgCiABLIWSGAMwZRgYRjggFmmSLCGQeAAwIo4JhCTDECjFDEAMGYMQwRhgxDQAAjFKGECIKMAM4gKhhiCDFAkGJGKeIAAAlhQQxjCAkCABACIEAYo0JCZYwwCiCDgGBKECOIQsoQ4QAKwhnCmEHKEAMIAAgCJgghhEBChBDAOSIAAEgQAoBARAghGFOCAOREUwAhBgghhlhkEABEKaOcENppQ4AxFiqHgAGEIIBYEQACCQwwwhBoCDAAAIOAAJQ4AABCwABEACFgAEKAYwAAgZBwgmCCLEMEIAWAUwwIQQATRgjJiHLIAAGEUAwAwhEAhBAiCCGIAgEEI4IgQQBRyAAAhBgIICMBUgIQhARxQAlEEGIKACaUEAYAQAQwADigEALIMIMUIU4gooQBQBFCgADAACUYII4SQABSRAhkACFKCACAEIAoYAgQhCBCkZLOOAIYIcwAIYgRyAGgACAEEAAcIARBQQQACgoCAISEAMcYIkAIQwgURgAojBFCKMqBoKARIQwxQhgiBPHMKGKIE8IgIYAiRBhgCBLCAAMAMhQQwZRjBggEFENGMMAAIgQQwYCgAgAlGGJCKCUAAAIQwgBQwhjAhCOCQAaUQwQII4hBQgBEhDPECMUMMIIRQBgiDgBAkAHWMaQEEoYKwIAFigHkKDAHIACMMMgAQBhiBEEmjEBcKECAIYYSIwAQABDHABAGEYA8cEAYRRQkAhAPACBAKACAAYAwQYgFwCFADDGCAQqAcaQIAhkRkiiiAAHEcGAIEUQQIIAiBAtCCSBCWGAMRAoAAAQiDhBAjRAUKAAQBcQxQ5hhCgEAkBGMCeiEUARaQJwSBCBkDCHAAYIAEwIACxkhzhiDkEGEEEiUMCYIoIAiRgBAiTEg"], "file_name": "07-Tifit Hayed.flac", "discnumber": ["1"]}, "audio_properties": {"sample_rate": 44100, "downmix": "mix", "lossless": true, "analysis_sample_rate": 44100, "md5_encoded": "c5f2212e1dc320386e715a13ca9b6ddd", "equal_loudness": 0, "replay_gain": -12.2410564423, "codec": "flac", "bit_rate": 0, "length": 220.399993896}, "version": {"extractor": "music 1.0", "essentia_build_sha": "70f2e5ece6736b2c40cc944ad0e695b16b925413", "essentia_git_sha": "v2.1_beta2", "essentia": "2.1-beta2"}}, "rhythm": {"beats_loudness_band_ratio": {"dvar2": [0.0594108141959, 0.000557450868655, 0.000484895484988, 0.00118803896476, 0.0252367239445, 0.0320602841675], "var": [0.044374756515, 0.000187989382539, 0.000171412029886, 0.000281341839582, 0.0208251234144, 0.0194397438318], "min": [0.000203082410735, 0.000120685559523, 0.000274283782346, 0.000512125319801, 0.00123773771338, 0.00403111102059], "dmean": [0.181438133121, 0.0136906392872, 0.00928617548198, 0.0143619524315, 0.0660917088389, 0.123619757593], "mean": [0.692981421947, 0.0183182135224, 0.0115992985666, 0.0126089509577, 0.0789974704385, 0.191935837269], "max": [0.958076417446, 0.0953588113189, 0.115212105215, 0.143332451582, 0.948569357395, 0.993716597557], "dmean2": [0.331008195877, 0.0245956573635, 0.0167833063751, 0.0271963216364, 0.12214922905, 0.221298247576], "median": [0.741508185863, 0.0149750970304, 0.00770302768797, 0.00578628666699, 0.0363806709647, 0.154584914446], "dvar": [0.0220184680074, 0.000181710565812, 0.000171543622855, 0.000363770202966, 0.0114373648539, 0.0109048429877]}, "bpm_histogram_first_peak_weight": {"dvar2": 0, "var": 0, "min": 0.524940609932, "dmean": 0, "mean": 0.524940609932, "max": 0.524940609932, "dmean2": 0, "median": 0.524940609932, "dvar": 0}, "bpm": 115.62828064, "beats_count": 422, "bpm_histogram_first_peak_spread": {"dvar2": 0, "var": 0, "min": 0.44611531496, "dmean": 0, "mean": 0.44611531496, "max": 0.44611531496, "dmean2": 0, "median": 0.44611531496, "dvar": 0}, "danceability": 1.40355598927, "bpm_histogram_first_peak_bpm": {"dvar2": 0, "var": 0, "min": 115, "dmean": 0, "mean": 115, "max": 115, "dmean2": 0, "median": 115, "dvar": 0}, "beats_position": [0.580498874187, 1.13777780533, 1.70666658878, 2.29877543449, 2.85605430603, 3.39011335373, 3.9125623703, 4.43501138687, 4.96907043457, 5.47990942001, 6.00235795975, 6.52480697632, 7.03564596176, 7.5464849472, 8.08054447174, 8.59138298035, 9.11383247375, 9.62467098236, 10.1471195221, 10.6579589844, 11.1687984467, 11.6796369553, 12.1904764175, 12.7013149261, 13.2121543884, 13.722992897, 14.2454423904, 14.7678909302, 15.2787294388, 15.7895689011, 16.3120174408, 16.8344669342, 17.3569164276, 17.8793640137, 18.4018135071, 18.9242630005, 19.4351024628, 19.9459400177, 20.4683895111, 20.9908390045, 21.5132884979, 22.0241260529, 22.5465755463, 23.0574150085, 23.5798625946, 24.102312088, 24.6131515503, 25.1239910126, 25.6464385986, 26.1572780609, 26.6797275543, 27.1905670166, 27.7014045715, 28.2238540649, 28.7463035583, 29.2571430206, 29.7679805756, 30.2788200378, 30.7896595001, 31.3121089935, 31.8345565796, 32.357006073, 32.8794555664, 33.3902931213, 33.901134491, 34.4235839844, 34.9460296631, 35.4684791565, 35.9909286499, 36.5017662048, 37.0126075745, 37.5350570679, 38.0575065613, 38.5683441162, 39.0791816711, 39.6016311646, 40.124080658, 40.6349182129, 41.1573677063, 41.6798171997, 42.1906585693, 42.713104248, 43.2355537415, 43.7463951111, 44.2688446045, 44.7912902832, 45.3137397766, 45.83618927, 46.347026825, 46.8578681946, 47.380317688, 47.9027671814, 48.4136047363, 48.9360542297, 49.4585037231, 49.9693412781, 50.480178833, 51.0026283264, 51.5250778198, 52.0591392517, 52.6164169312, 53.1736946106, 53.73097229, 54.2650337219, 54.7990913391, 55.333152771, 55.8555984497, 56.3780479431, 56.9004974365, 57.4345550537, 57.9570045471, 58.4794540405, 59.0019035339, 59.5243530273, 60.0468025208, 60.5692520142, 61.0916976929, 61.6141471863, 62.1365966797, 62.6590461731, 63.1814956665, 63.7039451599, 64.2263946533, 64.748840332, 65.2712936401, 65.7821273804, 66.29296875, 66.8038101196, 67.3378677368, 67.8487091064, 68.3595428467, 68.8819961548, 69.4044418335, 69.9268951416, 70.4493408203, 70.9601821899, 71.4942398071, 72.0166854858, 72.5391387939, 73.0731964111, 73.6304779053, 74.1761474609, 74.7334213257, 75.2790908813, 75.8131484985, 76.3356018066, 76.8580474854, 77.3921051025, 77.9145584106, 78.4253921509, 78.947845459, 79.4586868286, 79.9927444458, 80.503578186, 81.0144195557, 81.5368728638, 82.0593185425, 82.5701599121, 83.0809936523, 83.6034469604, 84.1258926392, 84.6367340088, 85.1475753784, 85.6700210571, 86.1924667358, 86.7033081055, 87.2257614136, 87.7482070923, 88.2590484619, 88.7698822021, 89.2923355103, 89.814781189, 90.3256225586, 90.8364639282, 91.3472976685, 91.8697509766, 92.3921966553, 92.9030380249, 93.4138793945, 93.9363250732, 94.458770752, 94.9812240601, 95.5036697388, 96.0145111084, 96.525352478, 97.0361862183, 97.5470275879, 98.0694732666, 98.5919265747, 99.1027679443, 99.6136016846, 100.124443054, 100.635284424, 101.146118164, 101.668571472, 102.191017151, 102.701858521, 103.21269989, 103.72353363, 104.234375, 104.74521637, 105.267662048, 105.790107727, 106.300949097, 106.811790466, 107.322631836, 107.833465576, 108.344306946, 108.855148315, 109.365982056, 109.876823425, 110.387664795, 110.898498535, 111.409339905, 111.920181274, 112.431015015, 112.941856384, 113.452697754, 113.975143433, 114.497596741, 115.008430481, 115.519271851, 116.03011322, 116.552558899, 117.075012207, 117.585845947, 118.096687317, 118.607528687, 119.118362427, 119.629203796, 120.140045166, 120.650878906, 121.161720276, 121.684173584, 122.206619263, 122.717460632, 123.228294373, 123.739135742, 124.261581421, 124.784034729, 125.294876099, 125.805709839, 126.328163147, 126.850608826, 127.361450195, 127.872291565, 128.383132935, 128.905578613, 129.428024292, 129.938858032, 130.46131897, 130.983764648, 131.494598389, 132.005432129, 132.516281128, 133.050338745, 133.561172485, 134.083618164, 134.606079102, 135.116912842, 135.627746582, 136.138595581, 136.649429321, 137.171875, 137.694335938, 138.205169678, 138.716003418, 139.226852417, 139.737686157, 140.260131836, 140.782577515, 141.293426514, 141.804260254, 142.326705933, 142.849151611, 143.36000061, 143.882446289, 144.393280029, 144.915740967, 145.426574707, 145.937408447, 146.448257446, 146.959091187, 147.469924927, 147.992385864, 148.503219604, 149.025665283, 149.536499023, 150.047348022, 150.569793701, 151.09223938, 151.603088379, 152.113922119, 152.636367798, 153.158813477, 153.669662476, 154.180496216, 154.691329956, 155.202178955, 155.724624634, 156.247070312, 156.757904053, 157.268753052, 157.79119873, 158.313644409, 158.824493408, 159.346939087, 159.869384766, 160.391830444, 160.914276123, 161.459945679, 162.005615234, 162.562896729, 163.108566284, 163.65423584, 164.188293457, 164.722351074, 165.256408691, 165.778869629, 166.301315308, 166.823760986, 167.346206665, 167.857055664, 168.379501343, 168.901947021, 169.436004639, 169.958450317, 170.480911255, 171.003356934, 171.525802612, 172.048248291, 172.57069397, 173.093154907, 173.615600586, 174.138046265, 174.660491943, 175.171340942, 175.682174683, 176.204620361, 176.72706604, 177.237915039, 177.748748779, 178.271194458, 178.793640137, 179.304489136, 179.826934814, 180.349380493, 180.871826172, 181.394287109, 181.916732788, 182.439178467, 182.961624146, 183.484085083, 184.006530762, 184.52897644, 185.051422119, 185.573867798, 186.096328735, 186.618774414, 187.141220093, 187.663665771, 188.18611145, 188.708572388, 189.231018066, 189.753463745, 190.275909424, 190.798370361, 191.32081604, 191.843261719, 192.365707397, 192.888153076, 193.410614014, 193.933059692, 194.455505371, 194.97795105, 195.488800049, 195.999633789, 196.522079468, 197.044525146, 197.566986084, 198.089431763, 198.611877441, 199.13432312, 199.656768799, 200.179229736, 200.701675415, 201.224121094, 201.734954834, 202.257415771, 202.77986145, 203.302307129, 203.824752808, 204.335601807, 204.834823608, 205.357269287, 205.879730225, 206.402175903, 206.936233521, 207.458679199, 207.981124878, 208.515182495, 209.037643433, 209.560089111, 210.08253479, 210.604980469, 211.127426147, 211.649887085, 212.172332764, 212.694778442, 213.22883606, 213.751281738, 214.273742676, 214.796188354, 215.318634033, 215.841079712, 216.363540649, 216.897598267, 217.454864502, 218.023757935, 218.604263306, 219.184753418, 219.765258789], "beats_loudness": {"dvar2": 0.000515842169989, "var": 0.000323154352373, "min": 4.05474265275e-10, "dmean": 0.0168286245316, "mean": 0.0454975180328, "max": 0.116101771593, "dmean2": 0.0298450216651, "median": 0.0476680248976, "dvar": 0.000174654851435}, "bpm_histogram_second_peak_weight": {"dvar2": 0, "var": 0, "min": 0.02137767151, "dmean": 0, "mean": 0.02137767151, "max": 0.02137767151, "dmean2": 0, "median": 0.02137767151, "dvar": 0}, "bpm_histogram_second_peak_spread": {"dvar2": 0, "var": 0, "min": 0.470588207245, "dmean": 0, "mean": 0.470588207245, "max": 0.470588207245, "dmean2": 0, "median": 0.470588207245, "dvar": 0}, "bpm_histogram_second_peak_bpm": {"dvar2": 0, "var": 0, "min": 108, "dmean": 0, "mean": 108, "max": 108, "dmean2": 0, "median": 108, "dvar": 0}, "onset_rate": 5.79814243317}, "lowlevel": {"spectral_energyband_high": {"dvar2": 1.29390391521e-05, "var": 1.10948476504e-05, "min": 7.5710960972e-21, "dmean": 0.00184227188583, "mean": 0.00267952750437, "max": 0.0220381524414, "dmean2": 0.00264343176968, "median": 0.00113327568397, "dvar": 5.79779180043e-06}, "spectral_energyband_middle_low": {"dvar2": 3.82377656933e-05, "var": 3.55576266884e-05, "min": 3.81183799316e-22, "dmean": 0.00162997411098, "mean": 0.00314235244878, "max": 0.0665364563465, "dmean2": 0.00260257045738, "median": 0.00108256854583, "dvar": 1.55581583385e-05}, "spectral_energy": {"dvar2": 0.000816232990474, "var": 0.000513283303007, "min": 1.07754661588e-20, "dmean": 0.0111617743969, "mean": 0.022384731099, "max": 0.14583234489, "dmean2": 0.0166807416826, "median": 0.016028765589, "dvar": 0.000333585951012}, "spectral_spread": {"dvar2": 1027945070590.0, "var": 4296962211840.0, "min": 886856.75, "dmean": 701603.3125, "mean": 5325026.5, "max": 40310072, "dmean2": 1029276.875, "median": 5065816, "dvar": 522164371456}, "spectral_energyband_low": {"dvar2": 0.000765852921177, "var": 0.00037811283255, "min": 1.13153753861e-22, "dmean": 0.00816376134753, "mean": 0.0137802409008, "max": 0.136506482959, "dmean2": 0.0130495699123, "median": 0.00640134001151, "dvar": 0.000303933717078}, "spectral_rolloff": {"dvar2": 8441725, "var": 11328991, "min": 86.1328125, "dmean": 1423.25280762, "mean": 3707.71020508, "max": 21748.5351562, "dmean2": 2328.31835938, "median": 3337.64648438, "dvar": 3898003.75}, "barkbands": {"dvar2": [1.05831406927e-06, 0.000558918341994, 6.9768706453e-05, 2.0652436433e-05, 7.11819893695e-06, 1.02961898563e-07, 2.38988384638e-08, 1.79999890548e-08, 9.95036728568e-08, 4.88184461744e-08, 1.08380085351e-07, 1.61482844874e-07, 5.65827882326e-08, 7.28566874386e-07, 4.85377313453e-07, 6.53909864923e-07, 4.54092241853e-06, 3.85076873499e-06, 9.99485109787e-07, 1.25852977817e-06, 1.65663811913e-06, 1.92991137737e-06, 6.13155350493e-07, 1.6528608171e-07, 1.94116509533e-08, 5.08916741637e-07, 2.83770518195e-09], "var": [4.10086329339e-07, 0.000238091903157, 4.06962863053e-05, 2.79255327769e-05, 1.88926367173e-06, 9.79360734732e-08, 1.56348409774e-08, 1.16423422014e-08, 6.765764482e-08, 4.5761904488e-08, 8.97814231848e-08, 1.49509006064e-07, 3.60788590115e-08, 4.40144503955e-07, 3.93297398205e-07, 5.47470165202e-07, 3.44276031683e-06, 4.02363957619e-06, 1.31943863835e-06, 1.57264628342e-06, 1.5914214373e-06, 9.52344294092e-07, 5.32674164333e-07, 8.29600637076e-08, 1.32033175504e-08, 1.58325690336e-07, 9.604036455e-10], "min": [4.78894105277e-24, 5.79549664448e-23, 2.65534777437e-23, 7.12537666008e-23, 2.43227857853e-23, 4.24868682193e-23, 9.16913540522e-23, 7.23297413211e-23, 7.31087256878e-23, 1.03999154007e-23, 1.15752842284e-22, 5.34075746012e-23, 1.6034660652e-22, 2.48675362078e-22, 1.51449492443e-22, 1.63395282551e-22, 3.0212633034e-22, 2.0806140742e-22, 1.86187316882e-22, 3.93792750076e-22, 6.63508711193e-22, 6.89699549578e-22, 5.02528781894e-22, 8.53634943103e-22, 8.65087032501e-22, 1.650460289e-21, 2.43565653773e-21], "dmean": [0.000260148895904, 0.00614892970771, 0.00223691621795, 0.000994845875539, 0.000601952895522, 0.000113267786219, 5.34547652933e-05, 3.93263690057e-05, 0.000100309516711, 6.1190854467e-05, 6.26849214314e-05, 8.32724836073e-05, 5.2393097576e-05, 0.00029936482315, 0.000153001587023, 0.000197216504603, 0.000668594264425, 0.000410716485931, 0.000347754132235, 0.000336218014127, 0.000564724206924, 0.000562557193916, 0.000356358505087, 0.000181998155313, 6.70533045195e-05, 0.000225522046094, 1.63395579875e-05], "mean": [0.000249715667451, 0.00863593723625, 0.00368843739852, 0.00204340112396, 0.000623867439572, 0.000180102972081, 7.75571897975e-05, 5.59199070267e-05, 0.00013964207028, 9.17097422644e-05, 9.49388850131e-05, 0.000141937372973, 7.5970958278e-05, 0.000373989663785, 0.000218438683078, 0.000287589471554, 0.00110036192928, 0.000667919754051, 0.000529759738129, 0.000574819743633, 0.000834002741612, 0.00066253519617, 0.000503724964801, 0.000217390625039, 8.4783139755e-05, 0.000216086089495, 1.41683312904e-05], "max": [0.00861613452435, 0.122000060976, 0.0589491128922, 0.0615072362125, 0.0228067301214, 0.00440549384803, 0.00210713013075, 0.0022563287057, 0.00519759394228, 0.0045152278617, 0.00466318940744, 0.0118875205517, 0.00564238149673, 0.015819741413, 0.0136726414785, 0.0228031165898, 0.0441101044416, 0.0376825891435, 0.0206672865897, 0.029701538384, 0.0144403735176, 0.0092106256634, 0.0071434462443, 0.00299070868641, 0.000987778650597, 0.00655656587332, 0.000450186111266], "dmean2": [0.000428153842222, 0.0101639200002, 0.00371458102018, 0.00156479200814, 0.00105752656236, 0.000185372962733, 8.98576690815e-05, 6.54657997075e-05, 0.000158306138474, 9.22296167118e-05, 9.82689743978e-05, 0.000124170881463, 8.26121249702e-05, 0.000470944331028, 0.000244655006099, 0.000309335795464, 0.00104299257509, 0.000640179379843, 0.000542835448869, 0.000511762744281, 0.000835264741909, 0.000874148798175, 0.000519761233591, 0.000282429624349, 0.00010130865121, 0.000366521941032, 2.65785965894e-05], "median": [2.21698155656e-05, 0.000955795694608, 0.000776253233198, 0.000225118303206, 0.000197482964722, 7.48042657506e-05, 3.58526813216e-05, 2.11981241591e-05, 4.8162703024e-05, 3.44644577126e-05, 1.23273457575e-05, 5.74390651309e-05, 2.45023293246e-05, 0.000133489491418, 6.22909210506e-05, 7.73729552748e-05, 0.000471086561447, 0.000241310510319, 0.0001578648953, 0.000155834713951, 0.000310618430376, 0.00022552711016, 0.000169893028215, 9.09592345124e-05, 3.0239996704e-05, 7.44063727325e-05, 2.65465359917e-06], "dvar": [4.30451279954e-07, 0.000215521780774, 2.67294799414e-05, 9.10814833333e-06, 2.55151985584e-06, 4.1618243074e-08, 9.33740551545e-09, 7.18463777361e-09, 4.21633856718e-08, 2.29324328416e-08, 4.45474164223e-08, 7.82104905284e-08, 2.25067626758e-08, 3.32454135332e-07, 2.10917775689e-07, 2.91548104769e-07, 1.89457557553e-06, 1.66363349763e-06, 4.61940743435e-07, 5.47447655208e-07, 7.66868879509e-07, 7.7299506529e-07, 2.77337960597e-07, 6.62806201035e-08, 8.42045100313e-09, 1.97488745357e-07, 1.13484033282e-09]}, "melbands_skewness": {"dvar2": 7.54998588562, "var": 12.2664165497, "min": -4.20178508759, "dmean": 1.45828843117, "mean": 3.19578480721, "max": 23.4203834534, "dmean2": 2.18693804741, "median": 2.56988859177, "dvar": 3.59584879875}, "barkbands_skewness": {"dvar2": 3.09586381912, "var": 5.58987188339, "min": -12.0113725662, "dmean": 0.953063905239, "mean": 0.827045559883, "max": 14.2412099838, "dmean2": 1.42667245865, "median": 0.587895214558, "dvar": 1.42255306244}, "erbbands": {"dvar2": [0.266147196293, 36.6461524963, 122.175865173, 119.079666138, 135.902923584, 58.4594535828, 8.18760490417, 8.07496452332, 4.73342227936, 4.61217308044, 15.1242637634, 44.9766426086, 55.2227134705, 69.7275238037, 273.033843994, 114.192443848, 94.3347091675, 314.30847168, 1735.69934082, 1440.23486328, 3863.12426758, 11500.0244141, 16470.7167969, 2710.78198242, 2906.25463867, 1338.56274414, 1498.94055176, 4123.68310547, 4268.58056641, 1000.8348999, 469.255401611, 145.702514648, 23.3022403717, 2.79431533813, 1.29767131805, 0.76592361927, 4.16475629807, 0.15104624629, 8.80937004695e-05, 7.53638857987e-08], "var": [0.0998435392976, 15.3621912003, 60.0334587097, 134.301269531, 66.2783508301, 15.7734460831, 5.92497301102, 7.11475086212, 2.66507959366, 3.13236093521, 11.227399826, 25.7749271393, 53.6930618286, 55.0414466858, 241.4949646, 103.444564819, 72.3117141724, 180.400527954, 1079.88586426, 1530.92749023, 3013.60913086, 11473.9667969, 17759.109375, 3963.68701172, 4132.72460938, 1663.37268066, 881.594604492, 4331.94482422, 1720.33886719, 805.661010742, 386.725799561, 78.9759216309, 11.84116745, 1.45617187023, 0.974214434624, 0.578939974308, 1.15931725502, 0.0441814027727, 3.01603085973e-05, 2.68251749702e-08], "min": [1.40399530255e-21, 1.41444637416e-20, 4.10831141946e-20, 1.18476691395e-19, 1.80524375097e-19, 7.85085714298e-20, 1.60438232626e-19, 4.37952429677e-19, 9.70484587197e-19, 1.61584438706e-18, 1.24614056178e-18, 1.01566302091e-18, 1.62766231647e-18, 1.02774688888e-18, 4.89771283228e-18, 3.00171974254e-18, 7.39896845189e-18, 1.32884480912e-17, 8.88264095759e-18, 6.81817268377e-18, 1.12802396795e-17, 1.80295446142e-17, 9.84375369185e-18, 1.24345693971e-17, 9.57856785927e-18, 1.90893151801e-17, 2.30819819936e-17, 2.87505911745e-17, 2.40049435037e-17, 1.82502099318e-17, 1.3891537204e-17, 1.57143537608e-17, 1.51295205241e-17, 1.01449872283e-17, 5.93307453909e-18, 4.80200017719e-18, 3.20636112416e-18, 1.33760740218e-18, 3.2337806622e-19, 3.75380539649e-20], "dmean": [0.129446804523, 1.56086194515, 2.99375987053, 2.75689387321, 2.7506480217, 1.73662650585, 1.00180840492, 0.870122253895, 0.682500839233, 0.779609382153, 1.20435750484, 2.09617257118, 1.84110915661, 2.13359761238, 2.73540949821, 2.82786130905, 2.25655889511, 5.64967060089, 15.302939415, 8.33151531219, 20.3836364746, 32.2428855896, 24.2295131683, 19.6325531006, 17.617515564, 12.3015222549, 13.8723249435, 28.3651161194, 23.3200416565, 13.930357933, 9.68608665466, 5.05753755569, 2.35776257515, 0.74651402235, 0.550239980221, 0.356442987919, 0.581103682518, 0.110907994211, 0.00306668435223, 9.32553521125e-05], "mean": [0.158966004848, 2.22457265854, 4.92311096191, 5.7933588028, 3.9391450882, 1.88433682919, 1.51421558857, 1.32714831829, 1.01810050011, 1.15577411652, 1.91418802738, 2.73037314415, 2.90154099464, 3.40470743179, 4.60753917694, 5.12351465225, 3.66638827324, 7.77928161621, 20.5930118561, 13.4722366333, 30.3357505798, 59.1806716919, 40.0673713684, 32.6998443604, 30.7190799713, 19.7578125, 19.2958068848, 41.1862373352, 26.4490699768, 19.0264949799, 13.4607248306, 6.24134874344, 2.88007855415, 0.918930590153, 0.694842457771, 0.456868767738, 0.508065581322, 0.0937733054161, 0.00269375462085, 0.00010361380555], "max": [2.97748637199, 30.0217952728, 66.0499649048, 127.326164246, 82.9806900024, 68.0948410034, 38.3201217651, 39.7301750183, 36.5189208984, 34.0647468567, 63.5019340515, 140.766464233, 146.518890381, 173.638366699, 260.945800781, 289.737609863, 250.710906982, 240.256332397, 707.054138184, 943.432800293, 2027.39611816, 2335.26513672, 2431.5769043, 1464.28149414, 1634.44812012, 1060.35205078, 362.613922119, 839.257995605, 482.206726074, 309.797729492, 200.721450806, 106.091583252, 33.9073677063, 11.0479860306, 8.15282154083, 8.24262237549, 20.4303283691, 2.89770627022, 0.0595559738576, 0.00465312879533], "dmean2": [0.210801482201, 2.61494612694, 5.00561571121, 4.3055305481, 4.63889932632, 3.07142949104, 1.62089085579, 1.45248687267, 1.14491939545, 1.305519104, 1.94693863392, 3.39137005806, 2.70600962639, 3.21653223038, 4.276055336, 4.25153779984, 3.48440718651, 8.81141376495, 23.8067054749, 12.6798801422, 32.3479919434, 48.6424369812, 37.4617805481, 30.3127307892, 26.8149051666, 18.6377182007, 21.4029083252, 41.7500610352, 36.6821479797, 20.6367969513, 14.1794805527, 7.79923820496, 3.63515114784, 1.15342247486, 0.829843699932, 0.529892086983, 0.966085970402, 0.183182567358, 0.00497516058385, 0.000145424535731], "median": [0.0157700050622, 0.356209635735, 1.30596041679, 1.149502635, 0.785426735878, 0.607429623604, 0.709091305733, 0.51899266243, 0.498886018991, 0.581290960312, 0.779183506966, 0.974938392639, 0.941910207272, 1.40408039093, 0.697794318199, 2.51023960114, 1.46239733696, 3.499096632, 8.49521827698, 4.36126041412, 13.2548885345, 23.6734867096, 14.5109844208, 12.8707113266, 9.81125926971, 6.73558235168, 8.11912631989, 13.6303787231, 8.81039428711, 6.09831571579, 4.53247261047, 2.22606277466, 1.49418878555, 0.359271138906, 0.232470571995, 0.114293299615, 0.163240328431, 0.0276548136026, 0.000648682122119, 5.09038145537e-05], "dvar": [0.103759340942, 13.9242334366, 46.0312957764, 50.5697021484, 50.8949699402, 20.8465690613, 3.34594464302, 3.1494102478, 1.80692148209, 1.83135843277, 6.12973737717, 18.3505687714, 26.434709549, 31.3232421875, 110.988777161, 53.8131103516, 38.4818153381, 135.470596313, 770.999755859, 663.725524902, 1775.52929688, 5087.38916016, 7211.26074219, 1269.31311035, 1316.71887207, 591.722473145, 606.850036621, 1983.13781738, 1638.7611084, 444.554992676, 209.60168457, 58.2636756897, 9.5949344635, 1.12959623337, 0.582222640514, 0.350901633501, 1.58275640011, 0.0586016252637, 3.53981886292e-05, 2.98608284766e-08]}, "silence_rate_30dB": {"dvar2": 0.00105300464202, "var": 0.000421241740696, "min": 0, "dmean": 0.000421407487011, "mean": 0.999578654766, "max": 1, "dmean2": 0.000842903798912, "median": 1, "dvar": 0.000421216594987}, "melbands_spread": {"dvar2": 1151.00244141, "var": 1516.91821289, "min": 0.588701546192, "dmean": 19.3289966583, "mean": 48.6188087463, "max": 261.279754639, "dmean2": 30.3568916321, "median": 40.7106742859, "dvar": 527.523742676}, "melbands_crest": {"dvar2": 26.9291553497, "var": 59.814994812, "min": 2.18894958496, "dmean": 3.29920458794, "mean": 16.511428833, "max": 34.2204360962, "dmean2": 5.10438919067, "median": 17.2076072693, "dvar": 14.3196144104}, "zerocrossingrate": {"dvar2": 0.000754650507588, "var": 0.00856967642903, "min": 0.005859375, "dmean": 0.0260454211384, "mean": 0.125671386719, "max": 0.8056640625, "dmean2": 0.0296301469207, "median": 0.1142578125, "dvar": 0.000589371775277}, "barkbands_kurtosis": {"dvar2": 346.700836182, "var": 377.57510376, "min": -1.91218590736, "dmean": 5.38075685501, "mean": 6.27620315552, "max": 221.031036377, "dmean2": 8.77009677887, "median": 0.915154933929, "dvar": 141.992996216}, "spectral_flux": {"dvar2": 0.00404563359916, "var": 0.00324272923172, "min": 1.03804943807e-10, "dmean": 0.0356820374727, "mean": 0.0754112526774, "max": 0.342741459608, "dmean2": 0.0528716295958, "median": 0.0591029934585, "dvar": 0.00188096088823}, "barkbands_crest": {"dvar2": 24.4310436249, "var": 33.179233551, "min": 2.44095253944, "dmean": 3.05739712715, "mean": 12.0227441788, "max": 25.269115448, "dmean2": 4.85565519333, "median": 11.1328144073, "dvar": 10.3572950363}, "barkbands_flatness_db": {"dvar2": 0.00209959596395, "var": 0.00309763103724, "min": 0.0197482518852, "dmean": 0.0297824908048, "mean": 0.133950874209, "max": 0.381566822529, "dmean2": 0.0439547151327, "median": 0.124454073608, "dvar": 0.000913938565645}, "spectral_entropy": {"dvar2": 0.100397832692, "var": 0.172176852822, "min": 6.21642255783, "dmean": 0.216587737203, "mean": 7.83360433578, "max": 9.80028820038, "dmean2": 0.304584383965, "median": 7.88912677765, "dvar": 0.0473598241806}, "pitch_salience": {"dvar2": 0.0166850294918, "var": 0.0236927364022, "min": 0.0568720586598, "dmean": 0.0820887386799, "mean": 0.475906580687, "max": 0.901880204678, "dmean2": 0.130895927548, "median": 0.470696717501, "dvar": 0.00674026599154}, "erbbands_spread": {"dvar2": 654.096740723, "var": 785.604553223, "min": 1.20931971073, "dmean": 13.3078594208, "mean": 41.7783546448, "max": 192.944793701, "dmean2": 20.894109726, "median": 33.7428970337, "dvar": 284.883422852}, "dynamic_complexity": 3.0094435215, "spectral_contrast_valleys": {"dvar2": [0.57260453701, 0.53941488266, 0.347174376249, 0.381249070168, 0.389987915754, 0.515745162964], "var": [3.11936378479, 1.92470932007, 1.79276525974, 1.75136137009, 1.76237094402, 1.71495270729], "min": [-27.5888767242, -27.119808197, -27.3061065674, -27.0176677704, -27.0868148804, -27.3116397858], "dmean": [0.557327032089, 0.514004468918, 0.428602486849, 0.445008069277, 0.457747817039, 0.546471953392], "mean": [-8.12207221985, -8.20048522949, -8.62822246552, -8.51520347595, -7.54815626144, -9.82241725922], "max": [-5.20304536819, -5.8642168045, -6.00530004501, -5.65723609924, -5.52105951309, -7.93240213394], "dmean2": [0.849086165428, 0.821099102497, 0.655605792999, 0.663789153099, 0.611381590366, 0.665964663029], "median": [-7.7802734375, -8.04989242554, -8.47831916809, -8.35650157928, -7.41501522064, -9.74459171295], "dvar": [0.300342381001, 0.230932846665, 0.158008605242, 0.170457392931, 0.182497560978, 0.239667981863]}, "hfc": {"dvar2": 939.127929688, "var": 990.387878418, "min": 1.13457733944e-16, "dmean": 17.2115001678, "mean": 29.9297676086, "max": 279.927581787, "dmean2": 24.2347145081, "median": 17.5620803833, "dvar": 429.015136719}, "spectral_kurtosis": {"dvar2": 9.28884792328, "var": 8.66966247559, "min": -1.21595275402, "dmean": 1.1283864975, "mean": 3.23151397705, "max": 54.6486434937, "dmean2": 1.8169645071, "median": 2.63922691345, "dvar": 3.43675780296}, "mfcc": {"mean": [-668.655700684, 45.8106803894, -0.257551014423, 46.1470489502, 15.1286840439, 18.5857486725, -3.57394957542, 16.0800743103, 3.58533501625, 1.85382568836, 1.24967181683, 2.53501868248, -7.50074720383], "cov": [[8117.13183594, -28.0298538208, 233.197158813, 601.284790039, -30.0062160492, 247.561264038, -3.73795294762, 167.172286987, 47.5885467529, 72.467086792, 130.561950684, -57.4644508362, -98.593132019], [-28.0298538208, 1268.55273438, 261.296051025, 186.303924561, 263.585205078, 194.167205811, 178.072540283, 124.857246399, 68.432220459, 10.4694309235, -13.2864437103, 33.4878959656, -52.4621734619], [233.197158813, 261.296051025, 1055.83764648, 421.407592773, 144.348220825, 318.668426514, 205.92590332, 127.986793518, 109.65448761, 79.3351135254, 53.6921005249, 7.61313295364, -24.0025653839], [601.284790039, 186.303924561, 421.407592773, 512.619445801, 215.200714111, 157.181243896, 83.5685806274, 71.5040512085, 62.5577659607, 49.0992431641, 24.2785015106, 5.37904930115, 6.13060331345], [-30.0062160492, 263.585205078, 144.348220825, 215.200714111, 313.442138672, 138.298782349, 63.6194610596, 67.4727020264, 54.1729049683, 28.1039333344, -11.7188663483, 6.10655784607, 8.41078472137], [247.561264038, 194.167205811, 318.668426514, 157.181243896, 138.298782349, 305.055084229, 187.471710205, 115.070587158, 95.9393386841, 27.0619087219, -3.84105110168, 7.88884878159, -8.45645523071], [-3.73795294762, 178.072540283, 205.92590332, 83.5685806274, 63.6194610596, 187.471710205, 240.607299805, 152.25680542, 78.1346740723, 24.9048957825, 12.1275587082, 12.0750083923, 0.57566422224], [167.172286987, 124.857246399, 127.986793518, 71.5040512085, 67.4727020264, 115.070587158, 152.25680542, 207.025863647, 90.7691497803, 39.3215103149, 19.2061519623, 24.8317337036, 33.2067337036], [47.5885467529, 68.432220459, 109.65448761, 62.5577659607, 54.1729049683, 95.9393386841, 78.1346740723, 90.7691497803, 122.601036072, 50.0081176758, 13.0098304749, 24.2644405365, 12.6936426163], [72.467086792, 10.4694309235, 79.3351135254, 49.0992431641, 28.1039333344, 27.0619087219, 24.9048957825, 39.3215103149, 50.0081176758, 107.401138306, 57.0857810974, 13.1415519714, 11.9442634583], [130.561950684, -13.2864437103, 53.6921005249, 24.2785015106, -11.7188663483, -3.84105110168, 12.1275587082, 19.2061519623, 13.0098304749, 57.0857810974, 112.771148682, 37.7157096863, -0.946837425232], [-57.4644508362, 33.4878959656, 7.61313295364, 5.37904930115, 6.10655784607, 7.88884878159, 12.0750083923, 24.8317337036, 24.2644405365, 13.1415519714, 37.7157096863, 94.3511657715, 39.1994094849], [-98.593132019, -52.4621734619, -24.0025653839, 6.13060331345, 8.41078472137, -8.45645523071, 0.57566422224, 33.2067337036, 12.6936426163, 11.9442634583, -0.946837425232, 39.1994094849, 111.243614197]], "icov": [[0.000177925889147, -1.28724259412e-05, 0.000160779178259, -0.000381198187824, 0.000370033463696, -0.000476193556096, 0.000501154689118, -0.000431562570157, 0.000169491657289, 6.34011121292e-06, -0.000233441533055, 0.00015589830582, 0.000192431733012], [-1.28724259412e-05, 0.00111273175571, -0.000142846402014, 0.000116332863399, -0.000924719264731, 0.000252617435763, -0.000651856709737, -0.000152170221554, 0.000221210488235, -9.6552157629e-06, 0.000468507525511, -0.000849599135108, 0.000893195159733], [0.000160779178259, -0.000142846402014, 0.00210177991539, -0.00172072334681, 0.00120547611732, -0.00204275548458, 0.000382510974305, -0.000349061680026, 0.000258716288954, -0.000479581853142, -0.000647202890832, 0.000311446783599, 0.000385957217077], [-0.000381198187824, 0.000116332863399, -0.00172072334681, 0.00475628953427, -0.00311339343898, 0.00134222093038, -0.000939976947848, 0.000982564059086, -0.000551753211766, 6.8451219704e-05, -9.21153550735e-05, 6.0893544287e-05, -0.000834019272588], [0.000370033463696, -0.000924719264731, 0.00120547611732, -0.00311339343898, 0.00704811699688, -0.00364889879711, 0.00277755595744, -0.00183899363037, 0.000525113136973, -0.00109741499182, 0.000530812132638, 0.000434701010818, -4.29027277278e-05], [-0.000476193556096, 0.000252617435763, -0.00204275548458, 0.00134222093038, -0.00364889879711, 0.0112512940541, -0.00740713439882, 0.00280424812809, -0.00378012377769, 0.000866986229084, 0.00182473671157, -0.000713982153684, 0.00012016112305], [0.000501154689118, -0.000651856709737, 0.000382510974305, -0.000939976947848, 0.00277755595744, -0.00740713439882, 0.0143786063418, -0.00817904155701, 0.00137275480665, 0.000573634868488, -0.0015054900432, 0.000938709068578, 0.00130326347426], [-0.000431562570157, -0.000152170221554, -0.000349061680026, 0.000982564059086, -0.00183899363037, 0.00280424812809, -0.00817904155701, 0.01322918199, -0.00565867964178, 0.000315388926538, -0.000719122414012, 0.000444339821115, -0.00368901272304], [0.000169491657289, 0.000221210488235, 0.000258716288954, -0.000551753211766, 0.000525113136973, -0.00378012377769, 0.00137275480665, -0.00565867964178, 0.0171787515283, -0.00711620505899, 0.00355000630952, -0.00402406649664, 0.00194780167658], [6.34011121292e-06, -9.6552157629e-06, -0.000479581853142, 6.8451219704e-05, -0.00109741499182, 0.000866986229084, 0.000573634868488, 0.000315388926538, -0.00711620505899, 0.0176035556942, -0.00950458087027, 0.00417743902653, -0.00268543208949], [-0.000233441533055, 0.000468507525511, -0.000647202890832, -9.21153550735e-05, 0.000530812132638, 0.00182473671157, -0.0015054900432, -0.000719122414012, 0.00355000630952, -0.00950458087027, 0.0170428622514, -0.00803307536989, 0.00379165448248], [0.00015589830582, -0.000849599135108, 0.000311446783599, 6.0893544287e-05, 0.000434701010818, -0.000713982153684, 0.000938709068578, 0.000444339821115, -0.00402406649664, 0.00417743902653, -0.00803307536989, 0.0171333812177, -0.00651839049533], [0.000192431733012, 0.000893195159733, 0.000385957217077, -0.000834019272588, -4.29027277278e-05, 0.00012016112305, 0.00130326347426, -0.00368901272304, 0.00194780167658, -0.00268543208949, 0.00379165448248, -0.00651839049533, 0.0132123818621]]}, "silence_rate_20dB": {"dvar2": 0, "var": 0, "min": 1, "dmean": 0, "mean": 1, "max": 1, "dmean2": 0, "median": 1, "dvar": 0}, "melbands_kurtosis": {"dvar2": 3877.59594727, "var": 2644.97167969, "min": -1.86843419075, "dmean": 19.1802215576, "mean": 26.0773620605, "max": 940.134338379, "dmean2": 30.8410396576, "median": 6.0432844162, "dvar": 1658.31152344}, "barkbands_spread": {"dvar2": 469.229156494, "var": 526.518920898, "min": 0.864816069603, "dmean": 13.5007171631, "mean": 36.5390739441, "max": 135.899475098, "dmean2": 20.7250347137, "median": 31.6191444397, "dvar": 212.726852417}, "erbbands_skewness": {"dvar2": 0.538583040237, "var": 0.641157388687, "min": -4.77743721008, "dmean": 0.462478131056, "mean": -0.860962033272, "max": 2.86892986298, "dmean2": 0.710112333298, "median": -0.832953155041, "dvar": 0.232140645385}, "average_loudness": 0.932985603809, "spectral_centroid": {"dvar2": 577485.75, "var": 823267.5625, "min": 221.424179077, "dmean": 446.521759033, "mean": 2582.08691406, "max": 10474.140625, "dmean2": 666.341308594, "median": 2719.91552734, "dvar": 265517.65625}, "dissonance": {"dvar2": 0.000184386022738, "var": 0.000103573722299, "min": 0.35043400526, "dmean": 0.00727859372273, "mean": 0.487944036722, "max": 0.499999582767, "dmean2": 0.012299221009, "median": 0.490839511156, "dvar": 6.91217355779e-05}, "erbbands_flatness_db": {"dvar2": 0.000920990773011, "var": 0.00262270565145, "min": 0.0536047443748, "dmean": 0.0225355047733, "mean": 0.14996765554, "max": 0.434249997139, "dmean2": 0.0330586321652, "median": 0.140673920512, "dvar": 0.000445306184702}, "spectral_strongpeak": {"dvar2": 5.14740467072, "var": 5.0791554451, "min": 0, "dmean": 0.734807491302, "mean": 1.34725987911, "max": 21.1050834656, "dmean2": 1.21836292744, "median": 0.566879689693, "dvar": 2.25838327408}, "spectral_rms": {"dvar2": 4.24826157541e-06, "var": 5.14202019986e-06, "min": 3.24232177565e-12, "dmean": 0.00109165732283, "mean": 0.00408616289496, "max": 0.0119279278442, "dmean2": 0.0015118541196, "median": 0.00395446829498, "dvar": 1.94331414605e-06}, "silence_rate_60dB": {"dvar2": 0.181308194995, "var": 0.123177781701, "min": 0, "dmean": 0.0958702042699, "mean": 0.143895506859, "max": 1, "dmean2": 0.191760614514, "median": 0, "dvar": 0.0866901800036}, "melbands": {"dvar2": [3.24539360008e-05, 4.07511288358e-05, 3.60371973329e-06, 5.29839439878e-07, 1.21335776981e-08, 3.63921182078e-09, 1.01767450023e-09, 4.91788942902e-10, 1.33634070476e-09, 1.97113680933e-09, 1.42276412873e-09, 1.11580311657e-09, 2.15230544498e-09, 3.06118841387e-09, 6.09850836497e-10, 6.63421706459e-10, 1.48659640153e-09, 7.65485363985e-09, 4.0916963151e-09, 2.64373523073e-09, 1.01871879821e-08, 1.73440373175e-08, 1.22169607764e-08, 7.56535012414e-09, 2.18118789697e-09, 1.44258305301e-09, 3.98552080227e-09, 5.5675131172e-10, 5.626277777e-10, 9.46385303457e-10, 1.51530554771e-09, 1.81958714762e-09, 5.21999998782e-10, 3.2989228016e-10, 2.30932661882e-10, 6.49634304684e-11, 6.40383301942e-11, 1.74388403024e-11, 6.16451638e-12, 1.43910621267e-12], "var": [1.33774819915e-05, 1.84588534466e-05, 3.50990740117e-06, 1.58708033382e-07, 6.60262911012e-09, 3.21776871814e-09, 6.19223394782e-10, 3.59781954229e-10, 1.10949482934e-09, 1.13955667125e-09, 1.40380929103e-09, 8.74654348948e-10, 1.87104554072e-09, 2.93340352009e-09, 4.51424675418e-10, 3.85298570826e-10, 8.5106333092e-10, 4.58016069516e-09, 3.5448732838e-09, 2.68488631328e-09, 6.36044905633e-09, 1.73869185716e-08, 1.17176721659e-08, 8.0096116406e-09, 3.11745917969e-09, 1.94473792625e-09, 4.5772861057e-09, 8.10309375154e-10, 