{"tonal": {"thpcp": [1, 0.574513375759, 0.226901605725, 0.330248624086, 0.35193747282, 0.300937265158, 0.362785071135, 0.403244435787, 0.406603932381, 0.453812688589, 0.45756867528, 0.449758052826, 0.494390934706, 0.461561948061, 0.357065528631, 0.38207039237, 0.427929669619, 0.479131191969, 0.68671900034, 0.713469207287, 0.490326195955, 0.403494685888, 0.371564537287, 0.294083714485, 0.285962104797, 0.291988164186, 0.307647556067, 0.369043648243, 0.374674767256, 0.31845086813, 0.278069257736, 0.253029286861, 0.339459717274, 0.61813056469, 0.667075753212, 0.789709806442], "hpcp": {"dmean2": [0.278970867395, 0.256706058979, 0.220658197999, 0.215625345707, 0.224262133241, 0.258590996265, 0.296811878681, 0.299116998911, 0.254951149225, 0.227097734809, 0.203263297677, 0.16488955915, 0.159951746464, 0.167642772198, 0.17455662787, 0.190490886569, 0.182220697403, 0.183068647981, 0.175507217646, 0.172469854355, 0.221518218517, 0.287204116583, 0.296315163374, 0.353967517614, 0.471588730812, 0.279858529568, 0.149693369865, 0.182686150074, 0.184965714812, 0.179638668895, 0.243591964245, 0.296637415886, 0.301356047392, 0.304939359426, 0.28739631176, 0.294351994991], "median": [0.0459358468652, 0.0417112708092, 0.0405291318893, 0.0358299538493, 0.0387630835176, 0.0661580637097, 0.108508273959, 0.109658554196, 0.0730658099055, 0.0455174967647, 0.0370589196682, 0.0350677445531, 0.0354991815984, 0.0370450243354, 0.0423074364662, 0.0484775006771, 0.0422841012478, 0.0393891558051, 0.0378371626139, 0.0309176035225, 0.0409573093057, 0.0757897123694, 0.0837123692036, 0.148740813136, 0.104910716414, 0.0715508460999, 0.0290224701166, 0.04753767699, 0.051520831883, 0.0405887924135, 0.0372751578689, 0.0369949527085, 0.0461300164461, 0.052856631577, 0.0467669889331, 0.0424456447363], "min": [0, 0, 0, 0, 0, 0, 0, 0, 0, 0, 0, 0, 0, 0, 0, 0, 0, 0, 0, 0, 0, 0, 0, 0, 0, 0, 0, 0, 0, 0, 0, 0, 0, 0, 0, 0], "dvar2": [0.155652076006, 0.141584992409, 0.110229372978, 0.109354048967, 0.119135953486, 0.114630252123, 0.119642026722, 0.122055649757, 0.11237154901, 0.113834321499, 0.101874537766, 0.0774320438504, 0.0789173617959, 0.0808419063687, 0.0853030085564, 0.0910059660673, 0.0863823145628, 0.0929190889001, 0.0900344178081, 0.0886578708887, 0.110231459141, 0.133265629411, 0.133338838816, 0.122516386211, 0.238072261214, 0.0929898023605, 0.0687332823873, 0.0838189274073, 0.0808182880282, 0.0768765583634, 0.139303609729, 0.183665975928, 0.179800882936, 0.173608705401, 0.159774690866, 0.177057877183], "dvar": [0.0591688789427, 0.0534992590547, 0.0400772877038, 0.0410888232291, 0.0450467690825, 0.0418225303292, 0.0465345084667, 0.0480286478996, 0.0407073460519, 0.0426267832518, 0.0388314798474, 0.0278332773596, 0.02868065238, 0.0297370925546, 0.030373968184, 0.0330662168562, 0.0327021814883, 0.0338338240981, 0.0321950688958, 0.0321238413453, 0.0404129587114, 0.0528852976859, 0.0533148236573, 0.0509949475527, 0.113215364516, 0.0397545099258, 0.0244750436395, 0.0309271011502, 0.0296385977417, 0.0273973736912, 0.0501425527036, 0.0666970461607, 0.0647139772773, 0.0635041296482, 0.0584765486419, 0.0639573410153], "dmean": [0.154885843396, 0.143626898527, 0.123378865421, 0.121121369302, 0.127004608512, 0.147099047899, 0.172360524535, 0.174231991172, 0.1463727355, 0.127738401294, 0.115074589849, 0.0933978930116, 0.0901273488998, 0.0934930443764, 0.0987394601107, 0.108366757631, 0.103751480579, 0.102234192193, 0.0966814756393, 0.0946445167065, 0.123969964683, 0.167962953448, 0.174155771732, 0.202260151505, 0.259118646383, 0.157810032368, 0.0829119235277, 0.103261120617, 0.105054065585, 0.100783377886, 0.134137183428, 0.160711064935, 0.164704531431, 0.168471753597, 0.157784894109, 0.160967692733], "max": [1, 1, 1, 1, 1, 1, 1, 1, 1, 1, 1, 1, 1, 1, 1, 1, 1, 1, 1, 1, 1, 1, 1, 1, 1, 1, 1, 1, 1, 1, 1, 1, 1, 1, 1, 1], "var": [0.0699480175972, 0.0632110387087, 0.0377106964588, 0.0480001494288, 0.0608151964843, 0.0495931394398, 0.0774286314845, 0.0834663882852, 0.0467039383948, 0.0471742972732, 0.0465050972998, 0.02850359492, 0.0279981773347, 0.0280106198043, 0.0273600295186, 0.0373150072992, 0.0439496487379, 0.0325299650431, 0.0255352985114, 0.024717502296, 0.0350846126676, 0.0797611549497, 0.0875675231218, 0.0758040472865, 0.157580181956, 0.0515619553626, 0.0191323086619, 0.0304330531508, 0.0319744981825, 0.0250906143337, 0.0442070066929, 0.055832311511, 0.050258051604, 0.0560910515487, 0.058023545891, 0.0593095123768], "mean": [0.167475119233, 0.156354293227, 0.120956085622, 0.129426494241, 0.144961342216, 0.162305876613, 0.232626333833, 0.241687968373, 0.166098192334, 0.136683985591, 0.125867635012, 0.099620975554, 0.0968697741628, 0.0989111065865, 0.104215733707, 0.125013679266, 0.126921221614, 0.107875354588, 0.0941960662603, 0.0857137739658, 0.114992111921, 0.209391966462, 0.225972175598, 0.267514497042, 0.338750392199, 0.194616630673, 0.0768630057573, 0.11187184602, 0.119218952954, 0.101942621171, 0.122893586755, 0.136599212885, 0.137737244368, 0.153729230165, 0.155001565814, 0.152355715632]}, "tuning_equal_tempered_deviation": 0.145403906703, "chords_changes_rate": 0.111610114574, "key_key": "A", "tuning_diatonic_strength": 0.369029760361, "key_scale": "minor", "chords_number_rate": 0.00249500991777, "tuning_frequency": 434.193115234, "tuning_nontempered_energy_ratio": 0.836954772472, "chords_histogram": [1.84630739689, 2.42847633362, 17.9640712738, 4.04191637039, 13.4564208984, 3.84231543541, 0.99800401926, 5.0565533638, 2.42847633362, 19.8103790283, 0.0998004004359, 0.798403203487, 0, 1.3140386343, 1.01463735104, 3.95874905586, 4.90685319901, 0.216234192252, 0.249501004815, 0, 0.049900200218, 5.30605459213, 9.5309381485, 0.681969404221], "key_strength": 0.60736566782, "chords_key": "E", "chords_strength": {"dmean2": 0.0145733682439, "median": 0.391245305538, "min": 0.171514004469, "dvar2": 0.000149513420183, "dvar": 9.4646573416e-05, "dmean": 0.0116727892309, "max": 0.774503529072, "var": 0.0129436291754, "mean": 0.407377064228}, "chords_scale": "major", "hpcp_entropy": {"dmean2": 1.23304462433, "median": 2.80144023895, "min": 0, "dvar2": 0.904770314693, "dvar": 0.32713380456, "dmean": 0.733613312244, "max": 4.64524459839, "var": 0.672325730324, "mean": 2.77175951004}}, "metadata": {"audio_properties": {"equal_loudness": 0, "codec": "mp3", "downmix": "mix", "sample_rate": 44100, "analysis_sample_rate": 44100, "bit_rate": 320000, "md5_encoded": "c698830b16b4ff2b84809c7793640f7b", "length": 279.118377686, "replay_gain": -10.7358627319, "lossless": false}, "version": {"essentia_build_sha": "70f2e5ece6736b2c40cc944ad0e695b16b925413", "essentia": "2.1-beta2", "extractor": "music 1.0", "essentia_git_sha": "v2.1_beta2"}, "tags": {"title": ["NORADRENALINE (instrumental)"], "tracknumber": ["4"], "encodedby": ["Lavf51.17.0"], "discnumber": ["1"], "musicbrainz_recordingid": ["06b7b0cd-b787-4610-ae70-9ed31a261d57"], "file_name": "2026582.mp3"}}, "rhythm": {"bpm_histogram_first_peak_bpm": {"dmean2": 0, "median": 126, "min": 126, "dvar2": 0, "dvar": 0, "dmean": 0, "max": 126, "var": 0, "mean": 126}, "bpm": 125.926498413, "bpm_histogram_second_peak_spread": {"dmean2": 0, "median": 0.0350876450539, "min": 0.0350876450539, "dvar2": 0, "dvar": 0, "dmean": 0, "max": 0.0350876450539, "var": 0, "mean": 0.0350876450539}, "bpm_histogram_first_peak_weight": {"dmean2": 0, "median": 0.469601690769, "min": 0.469601690769, "dvar2": 0, "dvar": 0, "dmean": 0, "max": 0.469601690769, "var": 0, "mean": 0.469601690769}, "onset_rate": 4.68584299088, "beats_position": [0.487619042397, 0.975238084793, 1.45124709606, 1.92725622654, 2.40326523781, 2.87927436829, 3.35528349876, 3.83129239082, 4.3073015213, 4.78331041336, 5.25931978226, 5.73532867432, 6.21133756638, 6.68734693527, 7.16335582733, 7.63936471939, 8.11537361145, 8.59138298035, 9.06739234924, 9.54340076447, 10.0194101334, 10.4954195023, 10.9714279175, 11.4474372864, 11.9234466553, 12.3994560242, 12.8754644394, 13.3514738083, 13.8274831772, 14.3034915924, 14.7795009613, 15.2555103302, 15.7315187454, 16.2075271606, 16.6719264984, 17.1479358673, 17.6239452362, 18.1115646362, 18.5875740051, 19.0635814667, 19.5395908356, 20.0156002045, 20.4799995422, 20.9560089111, 21.43201828, 21.9196376801, 22.3956451416, 22.8716545105, 23.3476638794, 23.8236732483, 24.2996826172, 24.7756919861, 25.2516994476, 25.7277088165, 26.2037181854, 26.6797275543, 27.1557369232, 27.6317462921, 28.1077537537, 28.5837631226, 29.0597724915, 29.5357818604, 30.0117912292, 30.4878005981, 30.9638080597, 31.4398174286, 31.9158267975, 32.391834259, 32.8794555664, 33.3554649353, 33.8314743042, 34.3074836731, 34.783493042, 35.2594985962, 35.7355079651, 36.211517334, 36.6875267029, 37.1635360718, 37.6395454407, 38.1155548096, 38.5915641785, 39.0675735474, 39.5435829163, 40.0195922852, 40.4956016541, 40.9716110229, 41.4476165771, 41.923625946, 42.3996353149, 42.8756446838, 43.3516540527, 43.8276634216, 44.3036727905, 44.7796821594, 45.2556915283, 45.7317008972, 46.2077102661, 46.683719635, 47.1597251892, 47.6357345581, 48.111743927, 48.5877532959, 49.0637626648, 49.5397720337, 50.0157814026, 50.4917907715, 50.9678001404, 51.4438095093, 51.9198188782, 52.3958282471, 52.871837616, 53.3478431702, 53.8238525391, 54.299861908, 54.7758712769, 55.2518806458, 55.7278900146, 56.2038993835, 56.6799087524, 57.1559181213, 57.6319274902, 58.1079368591, 58.583946228, 59.0599517822, 59.5359611511, 60.01197052, 60.4763717651, 60.952381134, 61.4399986267, 61.9276161194, 62.4152374268, 62.9028549194, 63.3904762268, 63.889705658, 64.3076629639, 64.7256240845, 65.1435852051, 65.5499343872, 65.9562835693, 66.3626327515, 66.7573699951, 67.1521072388, 67.5468444824, 67.9415893555, 68.3363265991, 68.7078475952, 69.0793609619, 69.4392700195, 69.7991790771, 70.1590881348, 70.5189971924, 70.8789138794, 71.238822937, 71.5987319946, 71.9586410522, 72.3185501099, 72.6784591675, 73.0383682251, 73.3982772827, 73.7697982788, 74.1297073364, 74.5012207031, 74.8727416992, 75.2326507568, 75.5925598145, 75.9524688721, 76.3239898682, 76.6955108643, 77.0554199219, 77.426940918, 77.7984542847, 78.1815872192, 78.5763244629, 79.0639419556, 79.5399551392, 80.0275726318, 80.503578186, 80.9795913696, 81.4439926147, 81.9199981689, 82.3960113525, 82.8720169067, 83.3480224609, 83.8240356445, 84.3000411987, 84.7760543823, 85.2520599365, 85.7396774292, 86.2156906128, 86.691696167, 87.1677093506, 87.6437149048, 88.1197280884, 88.5957336426, 89.0717468262, 89.5477523804, 90.023765564, 90.4997711182, 90.9757843018, 91.4634017944, 91.9394073486, 92.4154205322, 92.8798141479, 93.3558273315, 93.8318328857, 94.3078460693, 94.7838516235, 95.2598648071, 95.7358703613, 96.223487854, 96.6878890991, 97.1638946533, 97.6399078369, 98.1159133911, 98.5919265747, 99.0679321289, 99.5439453125, 100.031562805, 100.49596405, 100.983581543, 101.459587097, 101.935600281, 102.400001526, 102.887619019, 103.352012634, 103.828025818, 104.304031372, 104.780044556, 105.25605011, 105.732063293, 106.208068848, 106.684082031, 107.160087585, 107.647705078, 108.112106323, 108.588119507, 109.064125061, 109.551742554, 110.016143799, 110.503761292, 110.979774475, 111.455780029, 111.920181274, 112.396186829, 112.872200012, 113.359817505, 113.82421875, 114.300224304, 114.776237488, 115.26385498, 115.728248596, 116.215873718, 116.680267334, 117.167892456, 117.632286072, 118.119903564, 118.595916748, 119.071922302, 119.536323547, 120.02394104, 120.488342285, 120.975959778, 121.440361023, 121.916366577, 122.392379761, 122.879997253, 123.344398499, 123.820404053, 124.296417236, 124.772422791, 125.248435974, 125.736053467, 126.212059021, 126.688072205, 127.15246582, 127.628479004, 128.104492188, 128.592102051, 129.056503296, 129.544128418, 130.008529663, 130.496139526, 130.960540771, 131.436553955, 131.912567139, 132.400177002, 132.864578247, 133.352203369, 133.828201294, 134.304214478, 134.768615723, 135.244628906, 135.720626831, 136.208251953, 136.684265137, 137.160263062, 137.636276245, 138.112289429, 138.588302612, 139.064300537, 139.540313721, 140.016326904, 140.492340088, 140.968338013, 141.444351196, 141.92036438, 142.396362305, 142.872375488, 143.348388672, 143.824401855, 144.30039978, 144.776412964, 145.252426147, 145.728439331, 146.204437256, 146.680450439, 147.156463623, 147.632461548, 148.108474731, 148.584487915, 149.060501099, 149.536499023, 150.012512207, 150.488525391, 150.964538574, 151.440536499, 151.928161621, 152.427383423, 152.926620483, 153.425842285, 153.936691284, 154.435913086, 154.807434082, 155.178955078, 155.550476074, 155.933609009, 156.316726685, 156.688247681, 157.059768677, 157.431289673, 157.79119873, 158.162719727, 158.534240723, 158.905761719, 159.312103271, 159.706848145, 160.101577759, 160.496322632, 160.891067505, 161.285797119, 161.680541992, 162.075286865, 162.470016479, 162.864761353, 163.247894287, 163.73550415, 164.223129272, 164.710739136, 165.326080322, 165.94140625, 166.672836304, 167.415863037, 168.286621094, 169.16897583, 170.132598877, 171.084625244, 172.036636353, 172.98866272, 173.940673828, 174.892700195, 175.844711304, 176.808334351, 177.748748779, 178.700775146, 179.652786255, 180.604797363, 181.55682373, 182.508834839, 183.472473145, 184.436096191, 185.3881073, 186.340133667, 187.292144775, 188.244171143, 189.196182251, 190.148208618, 191.100219727, 192.052246094, 193.004257202, 193.956283569, 194.908294678, 195.860321045, 196.812332153, 197.764343262, 198.716369629, 199.668380737, 200.620407104, 201.572418213, 202.52444458, 203.476455688, 204.428482056, 205.380493164, 206.332519531, 207.28453064, 208.236557007, 209.188568115, 210.140579224, 211.092605591, 212.044616699, 212.996643066, 213.948654175, 214.900680542, 215.85269165, 216.804718018, 217.756729126, 218.708755493, 219.660766602, 220.61277771, 221.564804077, 222.516815186, 223.468841553, 224.420852661, 225.372879028, 226.324890137, 227.276916504, 228.228927612, 229.180953979, 230.144577026, 231.084991455, 232.037002563, 232.989013672, 233.941040039, 234.893051147, 235.845077515, 236.797088623, 237.74911499, 238.701126099, 239.653152466, 240.605163574, 241.557189941, 242.50920105, 243.461227417, 244.424850464, 245.388473511, 246.340499878, 247.292510986, 248.244537354, 249.184936523, 250.136962891, 251.100585938, 252.052597046, 253.004623413, 253.956634521, 254.908660889, 255.860671997, 256.812683105, 257.764709473, 258.71673584, 259.668762207, 260.620758057, 261.572784424, 262.524810791, 263.476806641, 264.428833008, 265.380859375, 266.332885742, 267.296508789, 268.260131836, 269.212158203, 270.164154053, 271.11618042, 272.091430664, 273.066650391, 274.041900635, 275.040344238, 276.038818359, 277.037261963, 278.035736084], "beats_loudness": {"dmean2": 0.0437822677195, "median": 0.0269066728652, "min": 7.4935080363e-09, "dvar2": 0.00272087124176, "dvar": 0.000792888284195, "dmean": 0.0246366877109, "max": 0.210148513317, "var": 0.000881198502611, "mean": 0.03778642416}, "danceability": 1.28140413761, "bpm_histogram_second_peak_weight": {"dmean2": 0, "median": 0.230607971549, "min": 0.230607971549, "dvar2": 0, "dvar": 0, "dmean": 0, "max": 0.230607971549, "var": 0, "mean": 0.230607971549}, "beats_count": 478, "bpm_histogram_second_peak_bpm": {"dmean2": 0, "median": 63, "min": 63, "dvar2": 0, "dvar": 0, "dmean": 0, "max": 63, "var": 0, "mean": 63}, "bpm_histogram_first_peak_spread": {"dmean2": 0, "median": 0.224913477898, "min": 0.224913477898, "dvar2": 0, "dvar": 0, "dmean": 0, "max": 0.224913477898, "var": 0, "mean": 0.224913477898}, "beats_loudness_band_ratio": {"dmean2": [0.422623217106, 0.107073694468, 0.0662302076817, 0.0876336172223, 0.100615911186, 0.278481781483], "median": [0.482569098473, 0.0564270243049, 0.0441752299666, 0.0524175390601, 0.070300668478, 0.180697530508], "min": [0.00317508750595, 0.00380797218531, 0.00283222738653, 0.00301298918203, 0.00456882966682, 0.0131127936766], "dvar2": [0.110629253089, 0.0157288238406, 0.00666861189529, 0.00927750207484, 0.0111191561446, 0.0652179121971], "dvar": [0.0330207422376, 0.00535668060184, 0.00256984471343, 0.00360952527262, 0.00373549689539, 0.0185916088521], "dmean": [0.22819583118, 0.060954272747, 0.0386733934283, 0.0509330257773, 0.0578401722014, 0.149720042944], "max": [0.939881980419, 0.574759304523, 0.502934813499, 0.636214733124, 0.457020223141, 0.778187811375], "var": [0.0605846047401, 0.00527353258803, 0.00559544749558, 0.0156657435, 0.00586907146499, 0.0202385224402], "mean": [0.478966742754, 0.0790910348296, 0.0693595781922, 0.100201204419, 0.0923028215766, 0.209169194102]}}, "lowlevel": {"barkbands_spread": {"dmean2": 20.9432277679, "median": 48.7388153076, "min": 1.55666351318, "dvar2": 456.196044922, "dvar": 194.87336731, "dmean": 12.9737215042, "max": 127.380584717, "var": 574.17364502, "mean": 48.4875297546}, "melbands_spread": {"dmean2": 22.8919849396, "median": 30.5791397095, "min": 0.793142974377, "dvar2": 636.77130127, "dvar": 287.623291016, "dmean": 14.44926548, "max": 236.894348145, "var": 904.774841309, "mean": 38.5817832947}, "hfc": {"dmean2": 30.4965286255, "median": 31.1892929077, "min": 1.04590251898e-16, "dvar2": 1566.39611816, "dvar": 700.883850098, "dmean": 20.6824760437, "max": 387.257720947, "var": 1935.05908203, "mean": 48.0068893433}, "barkbands_kurtosis": {"dmean2": 5.52270889282, "median": 0.0135539770126, "min": -1.89081263542, "dvar2": 140.14604187, "dvar": 53.1705055237, "dmean": 3.27811217308, "max": 164.302734375, "var": 66.58984375, "mean": 2.76840400696}, "gfcc": {"mean": [45.7750434875, 25.778011322, -83.1858215332, 35.0801887512, -39.1253967285, 14.7031641006, -24.3609161377, 9.1129989624, -18.2362174988, 1.19662213326, -18.9275283813, 1.24301695824, -12.2872314453], "icov": [[0.000109408465505, 0.000113299865916, 7.29361199774e-05, -0.000156623500516, 0.000219602428842, -0.000147180398926, -1.17181489259e-05, -7.76769884396e-05, 8.744095976e-05, -8.23921800475e-05, 0.000382533966331, -0.000464290467789, 0.000227588927373], [0.000113299865916, 0.00131185224745, 0.000526909134351, -0.000323734857375, 4.36941263615e-06, 0.000531862431671, -0.000313409778755, 7.27666702005e-06, -0.00025132537121, 0.00114068831317, -0.000841609726194, 0.000665887317155, -0.000568617426325], [7.29361199774e-05, 0.000526909134351, 0.00149932084605, 5.06469477841e-05, -0.000932951050345, -0.000415654358221, 0.000348400877556, -0.0011281928746, 0.000826871953905, -0.000604286906309, 0.00135707040317, -0.000797857297584, 0.00106227595825], [-0.000156623500516, -0.000323734857375, 5.06469477841e-05, 0.0046152533032, -0.00175873062108, -0.000481576746097, 0.000865663576405, -0.0010045877425, -0.000407571875257, -0.000519226654433, 0.000501059112139, -0.000496028224006, -1.50281566675e-05], [0.000219602428842, 4.36941263615e-06, -0.000932951050345, -0.00175873062108, 0.00823840498924, -0.00255719712004, -0.00181865121704, 0.00320100411773, -0.00344023457728, -0.00206676707603, 0.0035830095876, -0.00339694437571, 0.00237853708677], [-0.000147180398926, 0.000531862431671, -0.000415654358221, -0.000481576746097, -0.00255719712004, 0.0123995253816, -0.00279425922781, -0.00274915108457, 0.00153828563634, 0.00321519747376, -0.00500660901889, 0.00379712902941, -0.00295438198373], [-1.17181489259e-05, -0.000313409778755, 0.000348400877556, 0.000865663576405, -0.00181865121704, -0.00279425922781, 0.012034771964, -0.00659972475842, -0.000425980106229, 0.00138918042649, -0.000566531030927, -0.00320590939373, 2.13128896576e-05], [-7.76769884396e-05, 7.27666702005e-06, -0.0011281928746, -0.0010045877425, 0.00320100411773, -0.00274915108457, -0.00659972475842, 0.0230375938118, -0.00869400519878, -0.00337727833539, 0.00215434911661, 0.00335055263713, -0.00438354024664], [8.744095976e-05, -0.00025132537121, 0.000826871953905, -0.000407571875257, -0.00344023457728, 0.00153828563634, -0.000425980106229, -0.00869400519878, 0.0225265603513, -0.00680070649832, -0.00374703388661, 0.00143012474291, -0.000441351439804], [-8.23921800475e-05, 0.00114068831317, -0.000604286906309, -0.000519226654433, -0.00206676707603, 0.00321519747376, 0.00138918042649, -0.00337727833539, -0.00680070649832, 0.024546328932, -0.0109893558547, -0.00295974127948, 0.00432690046728], [0.000382533966331, -0.000841609726194, 0.00135707040317, 0.000501059112139, 0.0035830095876, -0.00500660901889, -0.000566531030927, 0.00215434911661, -0.00374703388661, -0.0109893558547, 0.0292041189969, -0.0106239290908, -0.00248007848859], [-0.000464290467789, 0.000665887317155, -0.000797857297584, -0.000496028224006, -0.00339694437571, 0.00379712902941, -0.00320590939373, 0.00335055263713, 0.00143012474291, -0.00295974127948, -0.0106239290908, 0.0296957846731, -0.0107268849388], [0.000227588927373, -0.000568617426325, 0.00106227595825, -1.50281566675e-05, 0.00237853708677, -0.00295438198373, 2.13128896576e-05, -0.00438354024664, -0.000441351439804, 0.00432690046728, -0.00248007848859, -0.0107268849388, 0.0250414945185]], "cov": [[12698.2275391, -1382.20373535, 179.532302856, 330.640197754, -121.175758362, 88.2868804932, -11.016327858, 36.1260910034, -99.8802947998, 38.5017700195, -152.137283325, 129.782546997, -93.8379058838], [-1382.20373535, 1341.99572754, -689.538085938, -24.0571231842, -130.550460815, -48.3633651733, 22.522567749, -11.9208755493, 16.7543525696, -74.8827209473, 69.0408859253, -28.5835571289, 84.6871643066], [179.532302856, -689.538085938, 1269.48364258, 65.0413208008, 240.14050293, 58.4827919006, 1.21421098709, 34.4306716919, -6.78777885437, 59.7510261536, -87.0467376709, 10.2940893173, -95.6412353516], [330.640197754, -24.0571231842, 65.0413208008, 269.958862305, 84.4324798584, 25.7822685242, 11.0686645508, 21.2516651154, 26.6150226593, 24.9099769592, -1.72076535225, 16.0711212158, -4.53681659698], [-121.175758362, -130.550460815, 240.14050293, 84.4324798584, 233.686187744, 42.6351089478, 37.2907295227, 11.6063280106, 38.1267089844, 39.954536438, -10.3198785782, 22.3745346069, -24.8350811005], [88.2868804932, -48.3633651733, 58.4827919006, 25.7822685242, 42.6351089478, 119.224960327, 49.3907585144, 32.1815071106, 11.7730445862, 1.45312809944, 13.4333200455, 5.57154846191, 14.9153213501], [-11.016327858, 22.522567749, 1.21421098709, 11.0686645508, 37.2907295227, 49.3907585144, 135.470916748, 53.1598052979, 32.508026123, 13.0890789032, 21.935585022, 21.5661468506, 21.7640743256], [36.1260910034, -11.9208755493, 34.4306716919, 21.2516651154, 11.6063280106, 32.1815071106, 53.1598052979, 82.9414672852, 40.3570251465, 22.3851203918, 13.6488647461, 6.72745370865, 16.1982002258], [-99.8802947998, 16.7543525696, -6.78777885437, 26.6150226593, 38.1267089844, 11.7730445862, 32.508026123, 40.3570251465, 83.099105835, 40.3174667358, 28.2867660522, 13.7333936691, 9.57910823822], [38.5017700195, -74.8827209473, 59.7510261536, 24.9099769592, 39.954536438, 1.45312809944, 13.0890789032, 22.3851203918, 40.3174667358, 80.9141921997, 31.9083786011, 23.5579242706, -4.30517959595], [-152.137283325, 69.0408859253, -87.0467376709, -1.72076535225, -10.3198785782, 13.4333200455, 21.935585022, 13.6488647461, 28.2867660522, 31.9083786011, 73.8907852173, 29.4616222382, 26.5010948181], [129.782546997, -28.5835571289, 10.2940893173, 16.0711212158, 22.3745346069, 5.57154846191, 21.5661468506, 6.72745370865, 13.7333936691, 23.5579242706, 29.4616222382, 60.6647262573, 22.5117378235], [-93.8379058838, 84.6871643066, -95.6412353516, -4.53681659698, -24.8350811005, 14.9153213501, 21.7640743256, 16.1982002258, 9.57910823822, -4.30517959595, 26.5010948181, 22.5117378235, 66.8801956177]]}, "spectral_energyband_middle_low": {"dmean2": 0.00972365401685, "median": 0.00406296178699, "min": 1.58128443251e-22, "dvar2": 0.000641347200144, "dvar": 0.000226046497119, "dmean": 0.00542404316366, "max": 0.129333525896, "var": 0.000143675322761, "mean": 0.00674286624417}, "melbands_crest": {"dmean2": 6.66656398773, "median": 16.8972511292, "min": 1.62127387524, "dvar2": 33.6263046265, "dvar": 13.7495336533, "dmean": 4.10541582108, "max": 36.1900100708, "var": 49.1519088745, "mean": 17.3890476227}, "spectral_kurtosis": {"dmean2": 1.28163254261, "median": 2.71506237984, "min": -1.26356816292, "dvar2": 2.57271170616, "dvar": 0.935038805008, "dmean": 0.780651450157, "max": 20.4608821869, "var": 2.24000167847, "mean": 2.84401655197}, "spectral_rms": {"dmean2": 0.00145673390944, "median": 0.0046073468402, "min": 3.12737552868e-12, "dvar2": 2.99942735182e-06, "dvar": 1.34099639126e-06, "dmean": 0.000936784839723, "max": 0.0148229105398, "var": 4.71559269499e-06, "mean": 0.00505464058369}, "zerocrossingrate": {"dmean2": 0.0252545401454, "median": 0.10498046875, "min": 0.00439453125, "dvar2": 0.000556268438231, "dvar": 0.000446688354714, "dmean": 0.0221577975899, "max": 0.52392578125, "var": 0.00362374144606, "mean": 0.11446134001}, "silence_rate_60dB": {"dmean2": 0.0119800334796, "median": 0, "min": 0, "dvar2": 0.0149973649532, "dvar": 0.00595332216471, "dmean": 0.00598951848224, "max": 1, "var": 0.0231451354921, "mean": 0.0237065386027}, "erbbands_kurtosis": {"dmean2": 1.17112743855, "median": -0.201209545135, "min": -1.7023345232, "dvar2": 2.82125163078, "dvar": 1.09179830551, "dmean": 0.727874755859, "max": 42.3551330566, "var": 2.00192117691, "mean": 0.124029628932}, "erbbands": {"dmean2": [0.37831479311, 2.0445420742, 5.4565243721, 12.0195026398, 16.8773040771, 12.3807601929, 9.28255271912, 8.13807106018, 7.58140707016, 12.7491188049, 10.8548984528, 13.3445730209, 13.9130706787, 18.3045406342, 17.817489624, 15.0333719254, 16.7070560455, 19.4265098572, 13.5285930634, 23.8343677521, 28.9348430634, 23.23072052, 21.4286899567, 18.7321205139, 19.9091281891, 25.7368679047, 18.4501914978, 19.0540122986, 20.2293376923, 16.2503032684, 18.7167053223, 11.2090759277, 8.69939136505, 6.86682796478, 5.26286745071, 1.83023059368, 0.744926333427, 0.200495168567, 0.0326912105083, 0.00204683025368], "median": [0.112364284694, 0.752274513245, 1.79029011726, 2.98079895973, 3.57947540283, 2.87614202499, 2.17699861526, 2.80629372597, 2.70189189911, 4.26139736176, 4.57273769379, 6.59770774841, 6.8000254631, 6.75590610504, 7.75402736664, 7.19782733917, 9.31797504425, 12.010181427, 9.91621589661, 13.6977796555, 18.3296546936, 17.9077472687, 15.7703838348, 15.3671474457, 16.2752361298, 17.046546936, 13.836605072, 12.5307073593, 11.2728595734, 9.29104232788, 7.25562667847, 5.32441902161, 3.68171525002, 2.22991967201, 1.71626520157, 1.21396589279, 0.667610645294, 0.224569275975, 0.0362783223391, 0.00208370923065], "min": [1.99643996504e-22, 9.15744271956e-22, 1.69181305922e-21, 6.20954186476e-21, 2.74504280673e-20, 1.96862507283e-20, 3.73813937117e-20, 9.65423560167e-20, 1.19740287329e-19, 1.38136939248e-19, 2.37226740133e-19, 4.77067784592e-19, 6.62052873315e-19, 7.579661714e-19, 1.59844929577e-18, 2.07048746035e-18, 1.51973158335e-18, 2.82800147414e-18, 2.19583572203e-18, 3.71418322543e-18, 4.35494545205e-18, 5.78332382894e-18, 8.24252806775e-18, 8.68400428684e-18, 6.50246472733e-18, 7.84504462236e-18, 1.0398742252e-17, 1.20876101436e-17, 1.25611726986e-17, 1.38579958573e-17, 1.52757693651e-17, 1.10879962877e-17, 1.15604206422e-17, 9.6677635719e-18, 6.00496315176e-18, 4.55358460435e-18, 2.35447614222e-18, 1.14809835929e-18, 2.85779863946e-19, 2.74785263587e-20], "dvar2": [0.438367336988, 13.4348154068, 159.003448486, 1056.70947266, 1923.55786133, 1124.05065918, 661.663452148, 367.509277344, 257.349517822, 978.931884766, 381.014404297, 570.797058105, 819.249023438, 1893.22912598, 2237.81054688, 1253.10095215, 3309.6171875, 1250.65600586, 370.954986572, 1472.67419434, 1760.44921875, 1021.57427979, 1128.60778809, 693.775939941, 689.48614502, 1269.11853027, 534.461608887, 608.85723877, 749.751403809, 515.982055664, 716.062133789, 240.752960205, 176.493453979, 123.030883789, 57.7185668945, 6.41818761826, 1.11287403107, 0.0768677741289, 0.00283218035474, 1.18032403407e-05], "dvar": [0.187650427222, 5.36942005157, 60.9880561829, 373.107635498, 663.458129883, 386.928619385, 227.980987549, 126.657775879, 89.9090957642, 352.424804688, 137.513504028, 222.259277344, 322.349090576, 726.339233398, 833.923706055, 479.067962646, 1195.38293457, 449.898223877, 154.291412354, 629.356262207, 692.876037598, 440.433166504, 480.620941162, 288.677307129, 289.572845459, 559.818847656, 238.277236938, 277.784454346, 344.55645752, 236.116912842, 307.632171631, 105.388580322, 72.1187438965, 48.1143531799, 22.1103363037, 2.74033761024, 0.464405924082, 0.0328076854348, 0.00116150942631, 4.92937215313e-06], "dmean": [0.241583451629, 1.26805853844, 3.26834154129, 6.66659784317, 9.20408916473, 6.77280187607, 5.08969020844, 4.58403968811, 4.2666721344, 7.51448774338, 6.2695441246, 8.03964614868, 8.52284622192, 11.1757793427, 11.3808488846, 9.13237857819, 10.1513252258, 11.89727211, 8.42770862579, 15.1865329742, 18.2068595886, 14.8998727798, 13.859210968, 12.1091527939, 13.2139520645, 16.7312641144, 11.7498254776, 12.5831708908, 13.2418861389, 10.8230047226, 11.7470979691, 7.14865732193, 5.52498483658, 4.18845415115, 3.14034771919, 1.14247691631, 0.47176489234, 0.126383081079, 0.0209121666849, 0.00132350460626], "max": [6.12657976151, 31.9424114227, 106.243507385, 172.453781128, 263.099487305, 193.240829468, 165.571731567, 122.73223877, 142.784896851, 724.026977539, 284.275543213, 521.870117188, 587.274536133, 956.437194824, 969.524047852, 1054.06103516, 2327.27612305, 989.550292969, 364.242431641, 562.632324219, 556.231506348, 607.392883301, 464.297058105, 420.449981689, 367.579467773, 310.92086792, 314.989318848, 193.07258606, 219.179916382, 245.110015869, 222.484466553, 106.541679382, 93.2325744629, 78.4446258545, 51.7096366882, 26.6821422577, 11.7128620148, 3.51574134827, 0.709942102432, 0.0489480644464], "var": [0.474308520555, 8.85734081268, 54.5725059509, 233.405929565, 404.213348389, 234.177536011, 141.32472229, 87.1556396484, 82.4578704834, 607.180847168, 172.570220947, 384.481506348, 608.482421875, 1660.24267578, 2123.91625977, 1338.87402344, 1838.35266113, 679.540405273, 342.516265869, 1265.61633301, 1684.38830566, 1088.88464355, 956.83770752, 851.767456055, 1073.85229492, 1388.71899414, 676.227661133, 755.782653809, 926.948730469, 692.449523926, 658.838684082, 237.663803101, 131.137680054, 73.4082489014, 28.8043670654, 5.66137075424, 1.09754157066, 0.10970788449, 0.00503577291965, 2.83172958007e-05], "mean": [0.433466166258, 1.92722570896, 3.97675156593, 6.57454061508, 8.51848602295, 6.46591520309, 4.9475312233, 5.22729873657, 5.35888385773, 10.5958442688, 8.87163162231, 12.623664856, 14.1574468613, 19.0540103912, 20.7940998077, 15.8621358871, 17.6162471771, 19.4681072235, 15.5269126892, 26.5342597961, 33.9725914001, 29.4388027191, 26.585269928, 25.9238357544, 29.1125144958, 32.1042289734, 23.6381874084, 24.2273044586, 25.2066631317, 21.0907211304, 19.0541477203, 12.0229473114, 8.18049144745, 5.69632291794, 3.91129541397, 1.93426597118, 0.894937396049, 0.27944919467, 0.0498320385814, 0.00322190555744]}, "spectral_strongpeak": {"dmean2": 0.491723358631, "median": 0.316677451134, "min": 0, "dvar2": 1.30387532711, "dvar": 0.463514894247, "dmean": 0.28220179677, "max": 13.2456903458, "var": 0.873081624508, "mean": 0.515811443329}, "spectral_energy": {"dmean2": 0.0184634570032, "median": 0.0217583402991, "min": 1.00249903922e-20, "dvar2": 0.000780228874646, "dvar": 0.000330720795318, "dmean": 0.0116501301527, "max": 0.225211650133, "var": 0.000739549228456, "mean": 0.0310216620564}, "average_loudness": 0.828540861607, "spectral_rolloff": {"dmean2": 2592.80688477, "median": 2799.31640625, "min": 64.599609375, "dvar2": 8926252, "dvar": 3896984.25, "dmean": 1554.32971191, "max": 19379.8828125, "var": 10046520, "mean": 3563.56176758}, "spectral_centroid": {"dmean2": 644.761352539, "median": 2260.92724609, "min": 187.958297729, "dvar2": 444460.84375, "dvar": 201147.53125, "dmean": 413.526824951, "max": 11726.265625, "var": 735598.9375, "mean": 2214.55517578}, "pitch_salience": {"dmean2": 0.152241021395, "median": 0.58276706934, "min": 0.0745014622808, "dvar2": 0.0206334255636, "dvar": 0.00837140344083, "dmean": 0.0930938273668, "max": 0.908760786057, "var": 0.0209113862365, "mean": 0.555583953857}, "spectral_energyband_middle_high": {"dmean2": 0.00250839581713, "median": 0.00370427872986, "min": 1.13932537541e-21, "dvar2": 1.16463097584e-05, "dvar": 5.10982181368e-06, "dmean": 0.0017349984264, "max": 0.057565510273, "var": 2.2827895009e-05, "mean": 0.0049785063602}, "spectral_contrast_coeffs": {"dmean2": [0.092740572989, 0.0724070966244, 0.058546602726, 0.0460272952914, 0.0328668504953, 0.0301684569567], "median": [-0.687305092812, -0.801768541336, -0.815870702267, -0.822197914124, -0.81204867363, -0.76672911644], "min": [-0.977600753307, -0.977540135384, -0.973499774933, -0.96864259243, -0.96529006958, -0.962373614311], "dvar2": [0.0068301698193, 0.00326190702617, 0.00198491988704, 0.00135407329071, 0.000681756937411, 0.000622729887255], "dvar": [0.00275797722861, 0.00117856089491, 0.000735846115276, 0.000509338569827, 0.000274464138784, 0.000286207767203], "dmean": [0.0572927854955, 0.042775105685, 0.0351345166564, 0.0275746919215, 0.0202477350831, 0.0195545330644], "max": [-0.295817732811, -0.559001922607, -0.6143206954, -0.549072623253, -0.638883709908, -0.559707164764], "var": [0.00744798965752, 0.00277456687763, 0.00196397071704, 0.00146348355338, 0.001139635453, 0.00206532655284], "mean": [-0.680465221405, -0.797631680965, -0.812588512897, -0.8188367486, -0.810786724091, -0.763603746891]}, "melbands_skewness": {"dmean2": 1.79436540604, "median": 3.1920542717, "min": -1.64851689339, "dvar2": 3.91851472855, "dvar": 1.62998831272, "dmean": 1.12578248978, "max": 18.1357269287, "var": 5.40693283081, "mean": 3.59488296509}, "spectral_spread": {"dmean2": 1129628.125, "median": 6785902, "min": 1831395.625, "dvar2": 1792905576450.0, "dvar": 783323168768, "dmean": 719405.8125, "max": 52679824, "var": 5645825212420.0, "mean": 6758248}, "dissonance": {"dmean2": 0.0138927465305, "median": 0.489953815937, "min": 0.370233207941, "dvar2": 0.000191820799955, "dvar": 7.02745237504e-05, "dmean": 0.00816807150841, "max": 0.500000119209, "var": 0.000108078078483, "mean": 0.487158596516}, "spectral_skewness": {"dmean2": 0.227285951376, "median": 1.27913069725, "min": -0.0636699721217, "dvar2": 0.0645987391472, "dvar": 0.0251126810908, "dmean": 0.140412792563, "max": 3.91309070587, "var": 0.0706054642797, "mean": 1.2772821188}, "spectral_flux": {"dmean2": 0.042178761214, "median": 0.0845484882593, "min": 6.45940731459e-11, "dvar2": 0.00249537429772, "dvar": 0.00144183309749, "dmean": 0.0277050863951, "max": 0.409511387348, "var": 0.00356569280848, "mean": 0.0979959666729}, "spectral_contrast_valleys": {"dmean2": [0.638240039349, 0.719769895077, 0.579961359501, 0.504036784172, 0.436411678791, 0.572965025902], "median": [-6.8317117691, -6.75832176208, -7.05967235565, -7.15324831009, -6.74197483063, -8.91775417328], "min": [-27.5555820465, -27.5538825989, -27.6705703735, -27.6599674225, -27.3707542419, -27.3729724884], "dvar2": [0.284372746944, 0.519808113575, 0.275841653347, 0.254976242781, 0.232753232121, 0.429164409637], "dvar": [0.118249379098, 0.189797386527, 0.120015650988, 0.118728548288, 0.121899142861, 0.192343860865], "dmean": [0.38850659132, 0.423321694136, 0.361602634192, 0.329499393702, 0.295265197754, 0.378822177649], "max": [-5.04808282852, -4.46673965454, -4.99213123322, -5.59597253799, -5.49712944031, -7.21472787857], "var": [1.70174455643, 1.5267482996, 1.59068882465, 1.53754901886, 1.68869817257, 1.98288476467], "mean": [-7.05784368515, -6.8664932251, -7.18984985352, -7.34533500671, -6.91262102127, -9.09060001373]}, "erbbands_flatness_db": {"dmean2": 0.018845634535, "median": 0.0757783129811, "min": 0.0189647674561, "dvar2": 0.00033012375934, "dvar": 0.000142699442222, "dmean": 0.0120582003146, "max": 0.315887510777, "var": 0.00198105233721, "mean": 0.0875646620989}, "spectral_energyband_high": {"dmean2": 0.00303022121079, "median": 0.00227939523757, "min": 7.35872797624e-21, "dvar2": 1.62914311659e-05, "dvar": 7.33012166165e-06, "dmean": 0.00201939395629, "max": 0.0333642289042, "var": 1.91830131371e-05, "mean": 0.00408491771668}, "spectral_entropy": {"dmean2": 0.217595160007, "median": 8.26556777954, "min": 6.05438137054, "dvar2": 0.0596922896802, "dvar": 0.0243714861572, "dmean": 0.135521888733, "max": 9.81448936462, "var": 0.0912968888879, "mean": 8.21026706696}, "silence_rate_20dB": {"dmean2": 0, "median": 1, "min": 1, "dvar2": 0, "dvar": 0, "dmean": 0, "max": 1, "var": 0, "mean": 1}, "melbands_flatness_db": {"dmean2": 0.05388475582, "median": 0.147921353579, "min": 0.00337039167061, "dvar2": 0.00273866229691, "dvar": 0.00121863919776, "dmean": 0.0340699665248, "max": 0.475026756525, "var": 0.00389875168912, "mean": 0.153589472175}, "barkbands": {"dmean2": [0.000791087048128, 0.0100170513615, 0.00572275882587, 0.00486905686557, 0.0041986471042, 0.00101871590596, 0.00066301424522, 0.000520908506587, 0.00059814681299, 0.000534696620889, 0.000506922777276, 0.000400442047976, 0.000408042687923, 0.000346163462382, 0.000357394688763, 0.000530204270035, 0.000480860151583, 0.000415995309595, 0.000364274776075, 0.000535373517778, 0.000446939433459, 0.000516751781106, 0.00059806095669, 0.00049908721121, 0.000661903584842, 0.000380187790142, 0.000194750886294], "median": [0.000177660695044, 0.00375108607113, 0.00145454565063, 0.000815200211946, 0.000991215347312, 0.000328338181134, 0.000222800532356, 0.00017929970636, 0.000303793261992, 0.000194707143237, 0.000174252563738, 0.00016166063142, 0.000198281835765, 0.000205547665246, 0.000209079429624, 0.000295953621389, 0.000308495073114, 0.000283171248157, 0.000295640493277, 0.000358039251296, 0.000324399734382, 0.00030590777169, 0.000265066191787, 0.000241207191721, 0.00021673089941, 0.000347658613464, 0.000222926813876], "min": [8.78211432866e-25, 4.64750618107e-24, 4.28184282327e-25, 1.29133019754e-24, 1.00893826719e-23, 4.74300449897e-24, 7.47331480638e-24, 7.33296698501e-24, 2.27623352955e-23, 1.54130041799e-23, 2.4278057372e-23, 4.6208606685e-23, 2.91095637815e-23, 4.85064859267e-23, 5.03291774473e-23, 5.55204091627e-23, 1.04574254117e-22, 1.62758147997e-22, 1.03918079616e-22, 1.84728113534e-22, 3.20454510042e-22, 3.71349240804e-22, 4.79052988174e-22, 7.64237691226e-22, 8.99307288455e-22, 1.35028773362e-21, 2.17260724643e-21], "dvar2": [2.50539710578e-06, 0.000287907809252, 0.000197745554033, 0.000182220857823, 0.000124707934447, 6.36895629214e-06, 2.27130863095e-06, 8.7401934934e-07, 1.05704782527e-06, 1.67034033893e-06, 1.58081002155e-06, 1.15284080948e-06, 1.6114902337e-06, 2.64338893885e-07, 3.30682922822e-07, 6.41246401756e-07, 5.16696502473e-07, 4.0899715259e-07, 2.21460894068e-07, 4.97902135521e-07, 3.18369558272e-07, 4.59576341427e-07, 6.95452399668e-07, 5.0340412372e-07, 9.67221126302e-07, 2.76375857311e-07, 8.96883491919e-08], "dvar": [1.06206380224e-06, 0.000113740679808, 7.2031201853e-05, 6.31328948657e-05, 4.28058119724e-05, 2.19502112486e-06, 8.07827007065e-07, 3.12691696536e-07, 4.14538220639e-07, 6.55420478779e-07, 5.83362179896e-07, 4.15620661443e-07, 5.73721877117e-07, 9.9813824761e-08, 1.34931639195e-07, 2.61191729578e-07, 2.13139529137e-07, 1.72504542206e-07, 9.10481574579e-08, 2.23685461265e-07, 1.48454532223e-07, 2.17322607909e-07, 3.15124793815e-07, 2.1077030965e-07, 3.78025674763e-07, 1.20109959312e-07, 3.81883040745e-08], "dmean": [0.000522406131495, 0.00617786450312, 0.00330687360838, 0.00266092806123, 0.00228998879902, 0.000568943098187, 0.000384521350497, 0.000299822568195, 0.000361721002264, 0.000326347973896, 0.000311506766593, 0.000242492300458, 0.000245183560764, 0.00020872920868, 0.000223008581088, 0.000330076582031, 0.000301240739645, 0.000265991926426, 0.000233510363614, 0.000347501249053, 0.000294245110126, 0.000342478364473, 0.000384849699913, 0.000320381572237, 0.00040330531192, 0.000243583242991, 0.000124537909869], "max": [0.0211803093553, 0.133495166898, 0.106400251389, 0.0767302811146, 0.0636760592461, 0.0168194174767, 0.0313853770494, 0.0107233664021, 0.021597035229