{"tonal": {"thpcp": [1, 0.567419469357, 0.240348264575, 0.180565282702, 0.201886862516, 0.339639008045, 0.358412235975, 0.273810237646, 0.379604369402, 0.409720689058, 0.305641740561, 0.338147342205, 0.325281411409, 0.269277662039, 0.391483277082, 0.448766022921, 0.319543689489, 0.198743954301, 0.147698432207, 0.329686045647, 0.715596318245, 0.687492609024, 0.395724862814, 0.27989500761, 0.199983730912, 0.173434570432, 0.220073878765, 0.234253764153, 0.234210819006, 0.334796458483, 0.379217088223, 0.28633031249, 0.208199262619, 0.180800497532, 0.266104966402, 0.756227314472], "hpcp": {"dmean2": [0.162505045533, 0.14351028204, 0.18614654243, 0.290631920099, 0.293228089809, 0.265186697245, 0.163820773363, 0.127596244216, 0.137852579355, 0.179304689169, 0.194223627448, 0.179975613952, 0.200701937079, 0.203092202544, 0.197572231293, 0.203695163131, 0.206397682428, 0.206575721502, 0.219786122441, 0.225312396884, 0.186593949795, 0.146072372794, 0.114816211164, 0.207759439945, 0.378834366798, 0.351547062397, 0.272875219584, 0.236383721232, 0.205937430263, 0.161070138216, 0.16812004149, 0.172722280025, 0.169617086649, 0.190508663654, 0.201842352748, 0.189377814531], "median": [0.0380871482193, 0.0369153358042, 0.0632251277566, 0.226877138019, 0.313668578863, 0.164651975036, 0.0532382801175, 0.0392914861441, 0.0420256927609, 0.0598048008978, 0.0632617846131, 0.0558319427073, 0.0527154691517, 0.0514340437949, 0.0625719949603, 0.0617731139064, 0.0602490492165, 0.0526255592704, 0.0663217157125, 0.0684047341347, 0.0507837161422, 0.0287989005446, 0.0209143720567, 0.0620214901865, 0.181825324893, 0.210635945201, 0.0698391124606, 0.0284767840058, 0.0215565524995, 0.0240855459124, 0.0321872718632, 0.0376849137247, 0.0441507361829, 0.0580975450575, 0.0526852793992, 0.0456927865744], "min": [0, 0, 0, 0, 0, 0, 0, 0, 0, 0, 0, 0, 0, 0, 0, 0, 0, 0, 0, 0, 0, 0, 0, 0, 0, 0, 0, 0, 0, 0, 0, 0, 0, 0, 0, 0], "dvar2": [0.0785075128078, 0.0655226036906, 0.0747217535973, 0.0986926630139, 0.115675620735, 0.0952467396855, 0.0587134771049, 0.0485814362764, 0.0545491240919, 0.068506360054, 0.0825511962175, 0.0743660330772, 0.0829824060202, 0.0902601405978, 0.0848805010319, 0.0912252143025, 0.0971413999796, 0.101642280817, 0.0947622805834, 0.102701716125, 0.0829450488091, 0.0663988217711, 0.0497730262578, 0.0671695396304, 0.16619259119, 0.129160001874, 0.135793432593, 0.135558828712, 0.140402212739, 0.0953861251473, 0.08898139745, 0.0879345983267, 0.0785086378455, 0.0773369222879, 0.0898419618607, 0.0889630839229], "dvar": [0.0285346154124, 0.0236608367413, 0.0270548108965, 0.040525496006, 0.0522619262338, 0.0361114181578, 0.0215176139027, 0.0179606862366, 0.0197555664927, 0.0271699409932, 0.0319139845669, 0.0271016899496, 0.0337532870471, 0.0368845202029, 0.0308087989688, 0.034306421876, 0.0355339087546, 0.0366290323436, 0.0367345437407, 0.0408647991717, 0.0318828932941, 0.0247471034527, 0.0187336411327, 0.0273049194366, 0.0724047869444, 0.0518906526268, 0.0565688721836, 0.0520916506648, 0.0496316850185, 0.0336159579456, 0.0324118956923, 0.0316814742982, 0.0282734669745, 0.029887450859, 0.0381171777844, 0.0340716131032], "dmean": [0.0919410288334, 0.0805069804192, 0.106609322131, 0.174838066101, 0.177470386028, 0.157497614622, 0.094396546483, 0.0729856416583, 0.0782900825143, 0.103762172163, 0.112351678312, 0.103205449879, 0.118243351579, 0.120158940554, 0.112664684653, 0.115852802992, 0.117873050272, 0.115910455585, 0.127559542656, 0.132482528687, 0.108715474606, 0.0831709131598, 0.0651709735394, 0.120321914554, 0.219996601343, 0.208223253489, 0.15758779645, 0.135550126433, 0.111278012395, 0.0881213471293, 0.0943965688348, 0.0975358039141, 0.0964785069227, 0.112606264651, 0.120915792882, 0.108862109482], "max": [1, 1, 1, 1, 1, 1, 1, 1, 1, 1, 1, 1, 1, 1, 1, 1, 1, 1, 1, 1, 1, 1, 1, 1, 1, 1, 1, 1, 1, 1, 1, 1, 1, 1, 1, 1], "var": [0.0250209383667, 0.0186324752867, 0.0251402650028, 0.0989923551679, 0.153305485845, 0.0617144368589, 0.0222827252001, 0.0164129436016, 0.0191422421485, 0.0513505265117, 0.0561978779733, 0.0302025824785, 0.0626208856702, 0.0766633599997, 0.0344128757715, 0.0497398711741, 0.0439880825579, 0.0337516218424, 0.0595924444497, 0.0785208418965, 0.0492359958589, 0.0276992768049, 0.0188806150109, 0.0358401238918, 0.107733599842, 0.0809812024236, 0.0643401220441, 0.051241196692, 0.0360817201436, 0.025386499241, 0.0330111384392, 0.0337105840445, 0.0264824330807, 0.0444247312844, 0.0659884884953, 0.0398880466819], "mean": [0.093011662364, 0.080771446228, 0.118880659342, 0.337839633226, 0.446743488312, 0.253490954638, 0.107374019921, 0.0806663632393, 0.0901916399598, 0.151731520891, 0.160118326545, 0.122322939336, 0.169585779309, 0.183040052652, 0.13654345274, 0.151065126061, 0.145317345858, 0.120298042893, 0.174892604351, 0.200483292341, 0.14275406301, 0.0887875705957, 0.0659833103418, 0.147285088897, 0.319687992334, 0.307132840157, 0.176787510514, 0.125041276217, 0.0893414318562, 0.0774807631969, 0.0983165726066, 0.104651346803, 0.104632161558, 0.149568140507, 0.169412761927, 0.127916201949]}, "tuning_equal_tempered_deviation": 0.181040793657, "chords_changes_rate": 0.0614167936146, "key_key": "A#", "tuning_diatonic_strength": 0.554307758808, "key_scale": "minor", "chords_number_rate": 0.00185091700405, "tuning_frequency": 434.193115234, "tuning_nontempered_energy_ratio": 0.921500921249, "chords_histogram": [32.4415283203, 7.84115743637, 5.09843492508, 5.09843492508, 1.95187616348, 5.33400630951, 2.30523300171, 29.6483249664, 0.0673060715199, 1.14420330524, 0.403836458921, 0.30287733674, 0, 0.555275142193, 0.201918229461, 0, 0, 0.959111571312, 1.41342759132, 0, 0.286050826311, 0, 4.94699668884, 0], "key_strength": 0.710599124432, "chords_key": "A#", "chords_strength": {"dmean2": 0.0104975095019, "median": 0.509335100651, "min": -1, "dvar2": 0.000765062053688, "dvar": 0.000411959830672, "dmean": 0.0100834732875, "max": 0.820360302925, "var": 0.0213615261018, "mean": 0.507705926895}, "chords_scale": "minor", "hpcp_entropy": {"dmean2": 1.07425189018, "median": 2.1775124073, "min": 0, "dvar2": 0.812135219574, "dvar": 0.29565757513, "dmean": 0.645406544209, "max": 4.66373252869, "var": 0.657728791237, "mean": 2.17186379433}}, "metadata": {"audio_properties": {"equal_loudness": 0, "codec": "mp3", "downmix": "mix", "sample_rate": 44100, "analysis_sample_rate": 44100, "bit_rate": 208010, "md5_encoded": "45849fab1e5bc9c7c40e8476519f868c", "length": 275.905303955, "replay_gain": -17.6422691345, "lossless": false}, "version": {"essentia_build_sha": "70f2e5ece6736b2c40cc944ad0e695b16b925413", "essentia": "2.1-beta2", "extractor": "music 1.0", "essentia_git_sha": "v2.1_beta2"}, "tags": {"title": ["Another Romeo & Juliet"], "artist": ["Pop Evil"], "albumartist": ["Pop Evil"], "date": ["2008"], "genre": ["Alternative"], "album": ["Lipstick on the Mirror"], "tracknumber": ["7"], "musicbrainz_recordingid": ["06b934b5-1cad-426e-87a1-155fd1b1a88e"], "file_name": "241758.mp3"}}, "rhythm": {"bpm_histogram_first_peak_bpm": {"dmean2": 0, "median": 161, "min": 161, "dvar2": 0, "dvar": 0, "dmean": 0, "max": 161, "var": 0, "mean": 161}, "bpm": 163.872756958, "bpm_histogram_second_peak_spread": {"dmean2": 0, "median": 0, "min": 0, "dvar2": 0, "dvar": 0, "dmean": 0, "max": 0, "var": 0, "mean": 0}, "bpm_histogram_first_peak_weight": {"dmean2": 0, "median": 0.485868096352, "min": 0.485868096352, "dvar2": 0, "dvar": 0, "dmean": 0, "max": 0.485868096352, "var": 0, "mean": 0.485868096352}, "onset_rate": 2.4064707756, "beats_position": [0.476009070873, 0.96362811327, 1.45124709606, 1.93886613846, 2.43809509277, 2.93732428551, 3.43655323982, 3.92417216301, 4.40018129349, 4.88780021667, 5.3754196167, 5.86303853989, 6.35065746307, 6.83827638626, 7.33750534058, 7.81351470947, 8.28952407837, 8.76553249359, 9.24154186249, 9.72916126251, 10.2167797089, 10.7276191711, 11.2384576797, 11.749297142, 12.144036293, 12.5503854752, 12.9567346573, 13.3630838394, 13.7462129593, 14.1293420792, 14.512471199, 14.8956003189, 15.2787294388, 15.6502494812, 16.0217685699, 16.3816776276, 16.7415866852, 17.1131057739, 17.4730148315, 17.8329238892, 18.2044448853, 18.575963974, 18.9474830627, 19.3073921204, 19.667301178, 20.0388202667, 20.3987293243, 20.758638382, 21.1301574707, 21.5016784668, 21.8615875244, 22.221496582, 22.5814056396, 22.9413146973, 23.312833786, 23.6843528748, 24.0558719635, 24.4273910522, 24.7873020172, 25.1472110748, 25.5187301636, 25.8902492523, 26.2501583099, 26.6100673676, 26.9815864563, 27.353105545, 27.7246246338, 28.0845336914, 28.4444446564, 28.804353714, 29.1642627716, 29.5357818604, 29.9073009491, 30.2788200378, 30.6503391266, 31.0102481842, 31.3701572418, 31.7300682068, 32.0899772644, 32.4614944458, 32.8330154419, 33.204536438, 33.5760536194, 33.935962677, 34.2958717346, 34.6673927307, 35.0273017883, 35.3872108459, 35.7587280273, 36.1302490234, 36.5017662048, 36.8616790771, 37.1983680725, 37.5466651917, 37.94140625, 38.3129234314, 38.6844444275, 39.0559616089, 39.4158706665, 39.7757797241, 40.1473007202, 40.5072097778, 40.8671188354, 41.2386398315, 41.6101570129, 41.981678009, 42.3531951904, 42.713104248, 43.0730133057, 43.4445343018, 43.8160552979, 44.1875724792, 44.5590934753, 44.919002533, 45.2905197144, 45.650428772, 45.9987297058, 46.3702468872, 46.7417678833, 47.1132888794, 47.4848060608, 47.8563270569, 48.2278442383, 48.5993652344, 48.959274292, 49.3191833496, 49.690700531, 50.0506095886, 50.4221305847, 50.7820396423, 51.1535606384, 51.5250778198, 51.8849868774, 52.2565078735, 52.6164169312, 52.9763259888, 53.3362350464, 53.7077522278, 54.0792732239, 54.4391822815, 54.7990913391, 55.1590003967, 55.5305213928, 55.8904304504, 56.2503395081, 56.6102485657, 56.9817695618, 57.3532867432, 57.7248077393, 58.0963249207, 58.4562339783, 58.8161430359, 59.187664032, 59.5475730896, 59.9074821472, 60.2673912048, 60.6273002625, 60.9756011963, 61.3471183777, 61.7186393738, 62.0901565552, 62.4616775513, 62.8331947327, 63.2047157288, 63.5762329102, 63.9477539062, 64.3076629639, 64.67918396, 65.0390930176, 65.4106140137, 65.7821273804, 66.1536483765, 66.5251693726, 66.8966903687, 67.2682037354, 67.6281204224, 67.9996337891, 68.3595428467, 68.7310638428, 69.0909729004, 69.450881958, 69.8107910156, 70.1707000732, 70.5422210693, 70.902130127, 71.2504272461, 71.6103363037, 71.9818572998, 72.3533782959, 72.7132873535, 73.0731964111, 73.4331054688, 73.7930145264, 74.1645355225, 74.5360565186, 74.9075698853, 75.2790908813, 75.6506118774, 76.0105209351, 76.3820419312, 76.7535552979, 77.1250762939, 77.4849853516, 77.8448944092, 78.2048034668, 78.5763244629, 78.947845459, 79.3193664551, 79.6908798218, 80.0507888794, 80.4223098755, 80.7822189331, 81.1421279907, 81.5020370483, 81.861946106, 82.2334671021, 82.5933761597, 82.9532852173, 83.3248062134, 83.684715271, 84.0562362671, 84.4161453247, 84.7760543823, 85.1475753784, 85.507484436, 85.8789978027, 86.2505187988, 86.6104278564, 86.9819488525, 87.3534698486, 87.7017669678, 88.0732879639, 88.44480896, 88.8163223267, 89.1762313843, 89.5361404419, 89.907661438, 90.2791824341, 90.6390914917, 90.9990005493, 91.3705215454, 91.7420425415, 92.1019515991, 92.4618606567, 92.8217697144, 93.1932830811, 93.5531921387, 93.9131011963, 94.2730178833, 94.64453125, 95.0044403076, 95.3643493652, 95.7358703613, 96.1073913574, 96.4789123535, 96.8620376587, 97.2451705933, 97.61668396, 97.9882049561, 98.3481140137, 98.7080230713, 99.0679321289, 99.4278411865, 99.7993621826, 100.170883179, 100.542404175, 100.902313232, 101.26222229, 101.633743286, 102.005256653, 102.36516571, 102.736686707, 103.108207703, 103.46811676, 103.828025818, 104.187934875, 104.547843933, 104.907752991, 105.279273987, 105.639183044, 106.010704041, 106.382217407, 106.742126465, 107.113647461, 107.485168457, 107.845077515, 108.204986572, 108.576507568, 108.948028564, 109.319541931, 109.679450989, 110.039360046, 110.399269104, 110.759178162, 111.130699158, 111.502220154, 111.862129211, 112.222038269, 112.581947327, 112.953468323, 113.324989319, 113.696502686, 114.056411743, 114.427932739, 114.787841797, 115.147750854, 115.519271851, 115.879180908, 116.239089966, 116.610610962, 116.982131958, 117.342041016, 117.725166321, 118.096687317, 118.456596375, 118.816505432, 119.164802551, 119.536323547, 119.907844543, 120.27936554, 120.650878906, 121.010787964, 121.38230896, 121.742218018, 122.102127075, 122.473648071, 122.845169067, 123.205078125, 123.576599121, 123.948112488, 124.319633484, 124.679542542, 125.039451599, 125.410972595, 125.782493591, 126.142402649, 126.502311707, 126.873832703, 127.245346069, 127.616867065, 127.976776123, 128.325073242, 128.6849823, 129.056503296, 129.428024292, 129.78793335, 130.159454346, 130.519363403, 130.890884399, 131.262405396, 131.610702515, 131.958999634, 132.33052063, 132.702041626, 133.073562622, 133.43347168, 133.793380737, 134.164901733, 134.536407471, 134.907928467, 135.279449463, 135.650970459, 136.010879517, 136.370788574, 136.74230957, 137.113830566, 137.473739624, 137.833648682, 138.193557739, 138.553466797, 138.924987793, 139.296508789, 139.668029785, 140.051147461, 140.411056519, 140.770965576, 141.130874634, 141.50239563, 141.873916626, 142.245437622, 142.593734741, 142.953643799, 143.313552856, 143.685073853, 144.056594849, 144.428115845, 144.788024902, 145.14793396, 145.519454956, 145.890975952, 146.262496948, 146.634017944, 147.005523682, 147.377044678, 147.736953735, 148.096862793, 148.468383789, 148.839904785, 149.199813843, 149.5597229, 149.931243896, 150.291152954, 150.651062012, 150.999359131, 151.34765625, 151.707565308, 152.067474365, 152.4506073, 152.822128296, 153.20526123, 153.576782227, 153.948303223, 154.31980896, 154.691329956, 155.051239014, 155.411148071, 155.771057129, 156.130966187, 156.502487183, 156.86239624, 157.222305298, 157.593826294, 157.953735352, 158.325256348, 158.685165405, 159.056686401, 159.428207397, 159.788116455, 160.148025513, 160.519546509, 160.891067505, 161.262588501, 161.634094238, 161.994003296, 162.353912354, 162.71383667, 163.073745728, 163.445251465, 163.805160522, 164.176681519, 164.548202515, 164.908111572, 165.279632568, 165.651153564, 166.022674561, 166.382583618, 166.742492676, 167.114013672, 167.473922729, 167.833831787, 168.193740845, 168.553649902, 168.925170898, 169.285079956, 169.644989014, 170.01651001, 170.388031006, 170.759536743, 171.131057739, 171.502578735, 171.874099731, 172.245620728, 172.605529785, 172.965438843, 173.3253479, 173.696868896, 174.068389893, 174.42829895, 174.788208008, 175.159729004, 175.519638062, 175.891159058, 176.251068115, 176.622589111, 176.982498169, 177.330795288, 177.702316284, 178.073822021, 178.445343018, 178.816864014, 179.176773071, 179.548294067, 179.919815063, 180.279724121, 180.639633179, 181.011154175, 181.371063232, 181.742584229, 182.114105225, 182.485626221, 182.845535278, 183.205444336, 183.553741455, 183.925262451, 184.285171509, 184.656692505, 185.016601562, 185.3881073, 185.759628296, 186.131149292, 186.49105835, 186.862579346, 187.222488403, 187.582397461, 187.942306519, 188.313827515, 188.685348511, 189.03364563, 189.405166626, 189.776687622, 190.148208618, 190.519729614, 190.89125061, 191.262756348, 191.645889282, 192.017410278, 192.377319336, 192.737228394, 193.097137451, 193.44543457, 193.816955566, 194.188476562, 194.559997559, 194.931518555, 195.303039551, 195.674560547, 196.046066284, 196.405975342, 196.765899658, 197.125808716, 197.485717773, 197.845626831, 198.19392395, 198.553833008, 198.913742065, 199.273651123, 199.656768799, 200.028289795, 200.399810791, 200.759719849, 201.119628906, 201.479537964, 201.85105896, 202.222579956, 202.594100952, 202.965621948, 203.337142944, 203.697052002, 204.05696106, 204.428482056, 204.800003052, 205.171508789, 205.543029785, 205.902938843, 206.2628479, 206.634368896, 207.005889893, 207.377410889, 207.737319946, 208.108840942, 208.46875, 208.828659058, 209.188568115, 209.560089111, 209.931610107, 210.303131104, 210.663040161, 211.034561157, 211.406066895, 211.765975952, 212.11428833, 212.462585449, 212.822494507, 213.182403564, 213.542312622, 213.913833618, 214.285354614, 214.645263672, 215.016769409, 215.388290405, 215.759811401, 216.131332397, 216.502853394, 216.87437439, 217.234283447, 217.594192505, 217.965713501, 218.325622559, 218.697143555, 219.057052612, 219.428573608, 219.800079346, 220.171600342, 220.531509399, 220.903030396, 221.262939453, 221.634460449, 222.005981445, 222.365890503, 222.725799561, 223.097320557, 223.457229614, 223.817138672, 224.177047729, 224.536956787, 224.908477783, 225.279998779, 225.651519775, 226.011428833, 226.371337891, 226.731246948, 227.102767944, 227.462677002, 227.834197998, 228.194107056, 228.554016113, 228.925521851, 229.285430908, 229.645339966, 230.016860962, 230.388381958, 230.759902954, 231.108200073, 231.479721069, 231.851242065, 232.222763062, 232.582672119, 232.942581177, 233.314102173, 233.67401123, 234.033920288, 234.405441284, 234.77696228, 235.148483276, 235.508392334, 235.868301392, 236.239807129, 236.611328125, 236.971237183, 237.33114624, 237.702667236, 238.074188232, 238.43409729, 238.794006348, 239.165527344, 239.53704834, 239.896957397, 240.256866455, 240.616775513, 240.97668457, 241.348205566, 241.719726562, 242.091247559, 242.462768555, 242.822677612, 243.19418335, 243.554092407, 243.925613403, 244.297134399, 244.668655396, 245.028564453, 245.388473511, 245.748382568, 246.108291626, 246.479812622, 246.851333618, 247.211242676, 247.582763672, 247.954284668, 248.325805664, 248.685714722, 249.045623779, 249.405532837, 249.765441895, 250.136962891, 250.496871948, 250.868392944, 251.239898682, 251.611419678, 251.982940674, 252.35446167, 252.714370728, 253.074279785, 253.445800781, 253.805709839, 254.177230835, 254.548751831, 254.908660889, 255.280181885, 255.651702881, 256.023223877, 256.394744873, 256.754638672, 257.114562988, 257.486083984, 257.845977783, 258.217498779, 258.589019775, 258.960540771, 259.332061768, 259.691955566, 260.051879883, 260.411773682, 260.771697998, 261.131591797, 261.503112793, 261.863037109, 262.222930908, 262.571228027, 262.931152344, 263.291046143, 263.662567139, 264.022491455, 264.394012451, 264.765533447, 265.137054443, 265.520172119, 265.891693115, 266.263214111, 266.634735107, 267.006256104, 267.3777771, 267.749298096, 268.120819092, 268.492340088, 268.863861084, 269.212158203, 269.572052002, 269.931976318, 270.280273438, 270.675018311, 271.058135986, 271.452880859, 271.835998535, 272.172698975, 272.520996094, 272.869293213, 273.217590332, 273.565887451, 273.91418457, 274.262481689, 274.610778809, 274.959075928, 275.307373047], "beats_loudness": {"dmean2": 0.025209935382, "median": 0.0374474599957, "min": 2.6557745586e-11, "dvar2": 0.000400619202992, "dvar": 0.000128696308821, "dmean": 0.0144652985036, "max": 0.0714184120297, "var": 0.000259879656369, "mean": 0.0359158404171}, "danceability": 1.11516189575, "bpm_histogram_second_peak_weight": {"dmean2": 0, "median": 0.406460285187, "min": 0.406460285187, "dvar2": 0, "dvar": 0, "dmean": 0, "max": 0.406460285187, "var": 0, "mean": 0.406460285187}, "beats_count": 744, "bpm_histogram_second_peak_bpm": {"dmean2": 0, "median": 167, "min": 167, "dvar2": 0, "dvar": 0, "dmean": 0, "max": 167, "var": 0, "mean": 167}, "bpm_histogram_first_peak_spread": {"dmean2": 0, "median": 0.0424403548241, "min": 0.0424403548241, "dvar2": 0, "dvar": 0, "dmean": 0, "max": 0.0424403548241, "var": 0, "mean": 0.0424403548241}, "beats_loudness_band_ratio": {"dmean2": [0.418580263853, 0.16470952332, 0.160935640335, 0.142927214503, 0.142479225993, 0.115964055061], "median": [0.489181399345, 0.0924684405327, 0.057213164866, 0.0664957463741, 0.102526709437, 0.0911625623703], "min": [0, 0, 0, 0, 0, 0], "dvar2": [0.0985059440136, 0.0203136149794, 0.0358516015112, 0.0224565677345, 0.01539462246, 0.0204301923513], "dvar": [0.0337396562099, 0.00772650307044, 0.0130780050531, 0.00814763456583, 0.00562061928213, 0.00720174284652], "dmean": [0.241351783276, 0.0968191698194, 0.0906822010875, 0.0828392654657, 0.081187300384, 0.0675256997347], "max": [0.957005441189, 0.691621541977, 0.738213419914, 0.905658304691, 0.840371668339, 0.965475320816], "var": [0.0567305460572, 0.0128042688593, 0.0144162951037, 0.0115233818069, 0.0153768407181, 0.00603872397915], "mean": [0.46136367321, 0.125810295343, 0.104843720794, 0.104799248278, 0.138780191541, 0.106037721038]}}, "lowlevel": {"barkbands_spread": {"dmean2": 10.4511651993, "median": 37.31640625, "min": 0.546389997005, "dvar2": 135.406616211, "dvar": 55.1963272095, "dmean": 6.51368999481, "max": 130.333023071, "var": 221.582351685, "mean": 36.9965286255}, "melbands_spread": {"dmean2": 15.9669523239, "median": 39.8506584167, "min": 0.651779055595, "dvar2": 282.785919189, "dvar": 117.429229736, "dmean": 10.0022802353, "max": 208.801254272, "var": 407.17401123, "mean": 41.0694618225}, "hfc": {"dmean2": 10.5874166489, "median": 35.7162208557, "min": 1.18762979225e-16, "dvar2": 207.902252197, "dvar": 99.4433441162, "dmean": 6.85014772415, "max": 182.086730957, "var": 397.966247559, "mean": 35.8739471436}, "barkbands_kurtosis": {"dmean2": 2.43531107903, "median": -0.490747690201, "min": -1.92792642117, "dvar2": 52.4036712646, "dvar": 17.6079483032, "dmean": 1.42809200287, "max": 174.526885986, "var": 34.9385452271, "mean": 1.01482975483}, "gfcc": {"mean": [33.9303283691, 49.5871353149, -117.139472961, 40.5797462463, -43.4418487549, 10.8835506439, -34.6959838867, 9.67785358429, -28.5532207489, -0.0393403843045, -22.3549575806, 1.41453552246, -12.4547195435], "icov": [[0.000157263726578, -0.000187064229976, 0.000225287760259, -0.000268150732154, 0.000290787487756, -0.000363481551176, 0.000498887267895, -0.000697565788869, 0.000748315302189, -0.000793665880337, 0.000962332938798, -0.000688388186973, 0.000606364745181], [-0.000187064229976, 0.0017808486009, -2.89084209726e-06, -0.00051138701383, -0.000664242310449, 0.00146390660666, -0.00175730476622, 0.00185846234672, -0.00211653951555, 0.00166838162113, -0.000911988958251, 0.000439148134319, -0.000818018452264], [0.000225287760259, -2.89084209726e-06, 0.00180204061326, -0.000549168733414, -0.000256092811469, -0.001012811088, 0.000930276699364, -0.000197658184334, 2.8260254112e-05, -0.00125104491599, 0.00303534697741, -0.00349582266062, 0.00232311361469], [-0.000268150732154, -0.00051138701383, -0.000549168733414, 0.00541191641241, -0.000306158151943, -0.0011015193304, -0.00028134114109, 0.00237910775468, -0.00256630009972, 0.00237317127176, -0.0024133217521, 0.0018498536665, -0.00224592769518], [0.000290787487756, -0.000664242310449, -0.000256092811469, -0.000306158151943, 0.00636894069612, -0.00146583467722, -0.0013714042725, 0.000959357363172, 0.000798537861556, -0.00302563072182, 0.00126271392219, -0.000262691581156, -0.0011451325845], [-0.000363481551176, 0.00146390660666, -0.001012811088, -0.0011015193304, -0.00146583467722, 0.0107177207246, -0.00548161193728, -0.00198567775078, 0.00192909536418, 4.09837775805e-05, -0.00187125557568, 0.00166984566022, -0.00155212066602], [0.000498887267895, -0.00175730476622, 0.000930276699364, -0.00028134114109, -0.0013714042725, -0.00548161193728, 0.0130305374041, -0.00560128781945, 0.00143101555295, 0.00233206013218, 0.000517990265507, -0.0038599986583, 0.00481189414859], [-0.000697565788869, 0.00185846234672, -0.000197658184334, 0.00237910775468, 0.000959357363172, -0.00198567775078, -0.00560128781945, 0.0165287032723, -0.0100401947275, 0.000771785911638, 0.000328122492647, 0.000372265989427, -0.00290273781866], [0.000748315302189, -0.00211653951555, 2.8260254112e-05, -0.00256630009972, 0.000798537861556, 0.00192909536418, 0.00143101555295, -0.0100401947275, 0.0183386262506, -0.0106384139508, 0.00345745985396, 0.000554346712306, 0.000947713037021], [-0.000793665880337, 0.00166838162113, -0.00125104491599, 0.00237317127176, -0.00302563072182, 4.09837775805e-05, 0.00233206013218, 0.000771785911638, -0.0106384139508, 0.024728378281, -0.0121048502624, 0.00130564591382, 0.00266902754083], [0.000962332938798, -0.000911988958251, 0.00303534697741, -0.0024133217521, 0.00126271392219, -0.00187125557568, 0.000517990265507, 0.000328122492647, 0.00345745985396, -0.0121048502624, 0.0232809521258, -0.00885589886457, 0.000520180386957], [-0.000688388186973, 0.000439148134319, -0.00349582266062, 0.0018498536665, -0.000262691581156, 0.00166984566022, -0.0038599986583, 0.000372265989427, 0.000554346712306, 0.00130564591382, -0.00885589886457, 0.02060995996, -0.00694185588509], [0.000606364745181, -0.000818018452264, 0.00232311361469, -0.00224592769518, -0.0011451325845, -0.00155212066602, 0.00481189414859, -0.00290273781866, 0.000947713037021, 0.00266902754083, 0.000520180386957, -0.00694185588509, 0.018184132874]], "cov": [[21680.5683594, -730.032287598, -197.133728027, -83.7832489014, -906.223510742, 599.183776855, -160.047790527, 834.081054688, -239.426116943, 295.550109863, -546.315429688, 188.219299316, -514.809143066], [-730.032287598, 1137.35998535, -272.562347412, 219.293395996, 109.741371155, -150.541030884, 55.1814880371, -142.415283203, 62.5759963989, -77.7281494141, 51.5211601257, -32.9281997681, 88.2427520752], [-197.133728027, -272.562347412, 1205.40625, -45.3341751099, 81.4911727905, 127.103286743, 41.1001014709, 68.2956848145, 39.417427063, 62.6582679749, -82.8115005493, 127.460647583, -109.500343323], [-83.7832489014, 219.293395996, -45.3341751099, 271.700042725, 34.688079834, -0.78138166666, 7.04438972473, -49.0398521423, 16.5658912659, -26.1234741211, 23.4447059631, -11.2600917816, 42.4353713989], [-906.223510742, 109.741371155, 81.4911727905, 34.688079834, 237.691741943, 23.4726448059, 53.4926300049, -34.6508255005, 14.6774024963, 5.27215385437, 26.7759456635, 10.0271091461, 27.8375015259], [599.183776855, -150.541030884, 127.103286743, -0.78138166666, 23.4726448059, 200.933029175, 86.7816238403, 82.349571228, -13.5325727463, 16.3952560425, -13.4517469406, 28.9090194702, -24.5569877625], [-160.047790527, 55.1814880371, 41.1001014709, 7.04438972473, 53.4926300049, 86.7816238403, 164.292449951, 55.1711959839, 12.8153095245, -10.1294670105, 5.22024393082, 21.9390907288, -11.4087219238], [834.081054688, -142.415283203, 68.2956848145, -49.0398521423, -34.6508255005, 82.349571228, 55.1711959839, 180.457351685, 62.2704277039, 45.4608726501, -26.4870567322, 20.3466300964, -31.3407592773], [-239.426116943, 62.5759963989, 39.417427063, 16.5658912659, 14.6774024963, -13.5325727463, 12.8153095245, 62.2704277039, 135.670761108, 51.265914917, 10.6274785995, -4.77706241608, -2.59579443932], [295.550109863, -77.7281494141, 62.6582679749, -26.1234741211, 5.27215385437, 16.3952560425, -10.1294670105, 45.4608726501, 51.265914917, 96.2167892456, 22.9881916046, 14.5699853897, -24.8043823242], [-546.315429688, 51.5211601257, -82.8115005493, 23.4447059631, 26.7759456635, -13.4517469406, 5.22024393082, -26.4870567322, 10.6274785995, 22.9881916046, 94.2030029297, 15.657169342, 28.2931098938], [188.219299316, -32.9281997681, 127.460647583, -11.2600917816, 10.0271091461, 28.9090194702, 21.9390907288, 20.3466300964, -4.77706241608, 14.5699853897, 15.657169342, 87.7053604126, 6.25367593765], [-514.809143066, 88.2427520752, -109.500343323, 42.4353713989, 27.8375015259, -24.5569877625, -11.4087219238, -31.3407592773, -2.59579443932, -24.8043823242, 28.2931098938, 6.25367593765, 98.3868103027]]}, "spectral_energyband_middle_low": {"dmean2": 0.00594463013113, "median": 0.00680552423, "min": 2.35856309259e-22, "dvar2": 7.70227125031e-05, "dvar": 3.39303333021e-05, "dmean": 0.00380264106207, "max": 0.0658124908805, "var": 9.54989009188e-05, "mean": 0.0100672580302}, "melbands_crest": {"dmean2": 5.40019130707, "median": 12.7634048462, "min": 1.76393055916, "dvar2": 25.8483505249, "dvar": 9.41963672638, "dmean": 3.29254627228, "max": 36.8021240234, "var": 24.7902793884, "mean": 13.311841011}, "spectral_kurtosis": {"dmean2": 1.79239046574, "median": 3.35430860519, "min": -1.20548641682, "dvar2": 15.596821785, "dvar": 4.89593839645, "dmean": 1.04486608505, "max": 65.6820297241, "var": 19.4261856079, "mean": 4.09479904175}, "spectral_rms": {"dmean2": 0.00092720153043, "median": 0.00516347307712, "min": 3.23579119228e-12, "dvar2": 1.16476417134e-06, "dvar": 4.74645759141e-07, "dmean": 0.000586751964875, "max": 0.00884836073965, "var": 2.3640091058e-06, "mean": 0.00500201480463}, "zerocrossingrate": {"dmean2": 0.013722544536, "median": 0.091796875, "min": 0.0029296875, "dvar2": 0.000223361173994, "dvar": 0.000198522757273, "dmean": 0.0117406928912, "max": 0.6787109375, "var": 0.00365423853509, "mean": 0.0992604643106}, "silence_rate_60dB": {"dmean2": 0.00572294229642, "median": 0, "min": 0, "dvar2": 0.00636482611299, "dvar": 0.00285253766924, "dmean": 0.00286123040132, "max": 1, "var": 0.0351871848106, "mean": 0.0365196913481}, "erbbands_kurtosis": {"dmean2": 0.981492877007, "median": -0.12605881691, "min": -1.75082170963, "dvar2": 3.5938668251, "dvar": 1.54416191578, "dmean": 0.62284976244, "max": 59.9373855591, "var": 6.04500007629, "mean": 0.308774232864}, "erbbands": {"dmean2": [0.119577750564, 1.27062726021, 4.1556391716, 6.43432426453, 12.2298746109, 7.84814357758, 5.80381774902, 6.35123682022, 9.71871948242, 17.2916946411, 19.3945980072, 24.7991085052, 17.7295665741, 29.5349292755, 27.6216621399, 24.3255729675, 20.9924430847, 21.8429431915, 28.1665878296, 39.3174247742, 35.642036438, 40.1120185852, 31.1405410767, 26.3823699951, 27.4502811432, 20.657705307, 13.3404951096, 11.9602336884, 9.35927677155, 6.79552030563, 4.98602771759, 3.55310940742, 2.46170759201, 1.8426939249, 1.18876421452, 0.49474388361, 0.153651848435, 0.0297644212842, 0.00335837574676, 9.70064356807e-05], "median": [0.0311351493001, 0.41273227334, 2.46671533585, 4.01371002197, 3.79979276657, 4.48894262314, 4.32590770721, 4.36364078522, 4.74400043488, 4.23478984833, 5.54015159607, 9.86969566345, 7.29115200043, 14.1347341537, 17.0246620178, 14.1639194489, 12.8915729523, 13.5345458984, 23.0130844116, 33.6948318481, 36.6228675842, 44.3972320557, 36.0424461365, 32.4896469116, 37.86120224, 25.0633354187, 16.9782867432, 14.2654037476, 13.2432832718, 7.85400104523, 4.75076770782, 3.19621992111, 2.40490913391, 1.67245221138, 0.885384559631, 0.418455332518, 0.123991236091, 0.0224345214665, 0.00227257842198, 0.000101472833194], "min": [4.55582647061e-22, 3.52272191028e-21, 3.96903908435e-20, 2.69434228973e-20, 2.68092079962e-20, 2.09176761218e-19, 2.32877269376e-19, 4.84147726853e-19, 3.48763592984e-19, 1.03423405284e-18, 5.79127138027e-19, 6.94994565728e-19, 5.84302290132e-19, 1.18487894522e-18, 1.30145247498e-18, 1.10151475251e-18, 2.6729857594e-18, 2.48977145757e-18, 5.0367044042e-18, 6.107154699e-18, 5.73332282886e-18, 1.09125504526e-17, 1.22195512415e-17, 1.26286681551e-17, 1.43092733395e-17, 1.84790097436e-17, 1.20153186939e-17, 2.07003205606e-17, 1.77830811876e-17, 1.6738274319e-17, 2.02259490229e-17, 1.71263295597e-17, 8.45242680255e-18, 1.18259042598e-17, 1.01376509635e-17, 6.70572947361e-18, 3.19993103566e-18, 1.13514553808e-18, 2.6989905601e-19, 3.29482193851e-20], "dvar2": [0.0590331479907, 7.4627289772, 65.1771240234, 92.6029052734, 792.463745117, 194.547210693, 108.02041626, 171.903915405, 512.630554199, 2345.43603516, 2843.61914062, 4346.171875, 2532.28369141, 4108.47705078, 3037.71044922, 2597.77392578, 1628.47131348, 2261.23852539, 2503.83154297, 4311.52929688, 2548.87988281, 2584.19726562, 1716.64318848, 1083.85375977, 980.627258301, 792.563293457, 301.697540283, 279.955810547, 144.701431274, 119.244613647, 101.872550964, 70.0960464478, 39.2264251709, 27.3977069855, 10.7056159973, 1.50823163986, 0.145878583193, 0.00483941892162, 5.62196073588e-05, 3.93019590206e-08], "dvar": [0.0212483741343, 2.5802795887, 23.2427310944, 33.8627700806, 333.521972656, 72.7110443115, 41.9150352478, 61.4237251282, 247.389297485, 995.664672852, 1337.62634277, 1882.95166016, 1011.45495605, 1655.97290039, 1232.16186523, 1082.09887695, 670.016174316, 896.086669922, 1042.03747559, 1707.77685547, 978.127502441, 1104.0723877, 676.510192871, 462.952484131, 400.274841309, 290.420440674, 110.646438599, 104.810623169, 59.2014579773, 49.4037704468, 47.8556480408, 34.0156669617, 19.5296554565, 14.8805809021, 5.24472045898, 0.778637230396, 0.0752193778753, 0.00256576295942, 2.84720026684e-05, 2.01270129452e-08], "dmean": [0.0719437599182, 0.724610209465, 2.44105696678, 3.78512263298, 7.61978578568, 4.73173236847, 3.53533005714, 3.85578489304, 6.28461933136, 11.4565095901, 12.8501062393, 16.1701259613, 11.2580928802, 19.0290164948, 17.4377059937, 15.3838863373, 13.1108503342, 13.6757078171, 17.5868644714, 24.3349266052, 21.9290866852, 24.6530132294, 19.1385574341, 16.4110183716, 16.8629302979, 12.1200704575, 7.83941888809, 6.96418094635, 5.60095024109, 4.01664590836, 3.07438778877, 2.24786543846, 1.59053277969, 1.2389986515, 0.784621655941, 0.334803372622, 0.10704125464, 0.0210573710501, 0.00237292703241, 6.89419684932e-05], "max": [1.39322924614, 15.2744054794, 50.4695625305, 59.4102401733, 197.948730469, 127.438369751, 137.301849365, 222.53364563, 416.761657715, 627.181274414, 837.016235352, 1188.98632812, 762.401672363, 766.08770752, 719.13885498, 902.50579834, 627.235534668, 726.6875, 665.299438477, 921.233886719, 862.598754883, 717.942810059, 495.007232666, 425.674591064, 549.793640137, 353.613433838, 182.819473267, 289.577148438, 226.910491943, 193.621627808, 232.551589966, 152.682632446, 117.328407288, 130.265167236, 60.4039649963, 27.3677864075, 7.23353528976, 1.33430469036, 0.194234788418, 0.00400777161121], "var": [0.0320312008262, 2.1196539402, 20.8776836395, 43.6430091858, 531.211486816, 133.677444458, 86.0749359131, 156.57862854, 713.729614258, 3143.04150391, 4154.29931641, 5590.97460938, 2523.97290039, 4552.52148438, 3053.80981445, 2699.78735352, 1677.6973877, 2087.35107422, 2128.44580078, 4407.85449219, 2837.45092773, 3010.31176758, 1724.57995605, 1504.75939941, 1231.85095215, 694.024475098, 241.973983765, 175.506774902, 172.66242981, 113.283195496, 112.534896851, 80.2716064453, 42.0838661194, 35.0498847961, 11.00669384, 1.95944344997, 0.198793768883, 0.00695379078388, 7.62131166994e-05, 5.5915077013e-08], "mean": [0.100548475981, 0.885475933552, 3.66518425941, 6.04137992859, 11.208322525, 8.41180896759, 7.09888315201, 8.85296440125, 12.5338449478, 22.7592430115, 24.0108184814, 31.5238342285, 20.6187267303, 37.311882019, 35.1793708801, 30.2149143219, 26.8176231384, 27.7149028778, 36.9429512024, 54.2391395569, 52.1257514954, 58.1878929138, 45.6578636169, 41.8103637695, 44.7232322693, 30.9452133179, 20.0977573395, 16.7516880035, 15.4061183929, 10.1039400101, 6.91257095337, 5.05043792725, 3.71764159203, 2.82203388214, 1.65967440605, 0.802386701107, 0.266119450331, 0.0511054731905, 0.00552589632571, 0.000183318828931]}, "spectral_strongpeak": {"dmean2": 1.1750125885, "median": 0.466938912868, "min": 0, "dvar2": 3.15426015854, "dvar": 1.22380423546, "dmean": 0.677508234978, "max": 13.2934341431, "var": 2.0516269207, "mean": 1.13683545589}, "spectral_energy": {"dmean2": 0.0106809707358, "median": 0.027327992022, "min": 1.07321029924e-20, "dvar2": 0.000187364581507, "dvar": 7.39633615012e-05, "dmean": 0.00667273066938, "max": 0.0802508220077, "var": 0.000202531329705, "mean": 0.0280687380582}, "average_loudness": 0.948687553406, "spectral_rolloff": {"dmean2": 1086.6652832, "median": 2605.51757812, "min": 64.599609375, "dvar2": 2065789.125, "dvar": 981478.4375, "dmean": 652.094482422, "max": 19078.4179688, "var": 4923702, "mean": 2806.95703125}, "spectral_centroid": {"dmean2": 386.23336792, "median": 2160.48901367, "min": 213.681396484, "dvar2": 169349.5625, "dvar": 71325.78125, "dmean": 242.902145386, "max": 10649.4345703, "var": 336784.65625, "mean": 2101.0793457}, "pitch_salience": {"dmean2": 0.111705243587, "median": 0.551080703735, "min": 0.0617945790291, "dvar2": 0.0125922812149, "dvar": 0.00451320782304, "dmean": 0.0672464221716, "max": 0.883644223213, "var": 0.0105808451772, "mean": 0.549980640411}, "spectral_energyband_middle_high": {"dmean2": 0.0030468730256, "median": 0.00774087477475, "min": 1.54096104372e-21, "dvar2": 1.16147339213e-05, "dvar": 4.88333898829e-06, "dmean": 0.00194713380188, "max": 0.0370953194797, "var": 3.05372341245e-05, "mean": 0.00854878220707}, "spectral_contrast_coeffs": {"dmean2": [0.0839508920908, 0.0752803236246, 0.0601082667708, 0.0492383539677, 0.0347130820155, 0.0277450662106], "median": [-0.647854030132, -0.732177078724, -0.769710838795, -0.770837783813, -0.77596861124, -0.743147313595], "min": [-0.964185476303, -0.962764501572, -0.97122836113, -0.967565178871, -0.964432179928, -0.963171064854], "dvar2": [0.00507807452232, 0.00372149026953, 0.0023942606058, 0.00168326636776, 0.000864679925144, 0.000637739314698], "dvar": [0.00197954941541, 0.00146087235771, 0.000964110135101, 0.000647069246043, 0.000351140071871, 0.000253897538641], "dmean": [0.0510141626, 0.0458230189979, 0.0368550866842, 0.0299618486315, 0.0212680380791, 0.0171305965632], "max": [-0.309746146202, -0.409419387579, -0.457186639309, -0.430345386267, -0.48060631752, -0.505312681198], "var": [0.00649657892063, 0.00691501563415, 0.0046597472392, 0.00320261646993, 0.00218845019117, 0.00249532423913], "mean": [-0.641443908215, -0.723588705063, -0.763928234577, -0.765105009079, -0.771695792675, -0.738925993443]}, "melbands_skewness": {"dmean2": 1.06207108498, "median": 1.90188241005, "min": -5.07794570923, "dvar2": 1.92061984539, "dvar": 0.731455981731, "dmean": 0.657502472401, "max": 18.2227897644, "var": 2.32545852661, "mean": 2.13647413254}, "spectral_spread": {"dmean2": 605718, "median": 4919483, "min": 1039853.5, "dvar2": 666573668352, "dvar": 454859882496, "dmean": 418034.59375, "max": 43380984, "var": 2699217862660.0, "mean": 5026580}, "dissonance": {"dmean2": 0.0167898815125, "median": 0.48468464613, "min": 0.323742061853, "dvar2": 0.000259033753537, "dvar": 9.351738845e-05, "dmean": 0.0098849516362, "max": 0.500000119209, "var": 0.000296508544125, "mean": 0.480294167995}, "spectral_skewness": {"dmean2": 0.249915853143, "median": 1.31316232681, "min": 0.0138269513845, "dvar2": 0.127549633384, "dvar": 0.042081207037, "dmean": 0.149342775345, "max": 6.62253427505, "var": 0.195946335793, "mean": 1.36039507389}, "spectral_flux": {"dmean2": 0.0323224179447, "median": 0.0849854201078, "min": 1.03595861056e-10, "dvar2": 0.00118320819456, "dvar": 0.000571468437556, "dmean": 0.0206243507564, "max": 0.240686029196, "var": 0.00162925722543, "mean": 0.0878571793437}, "spectral_contrast_valleys": {"dmean2": [0.596296668053, 0.565934836864, 0.462505072355, 0.388813763857, 0.335044503212, 0.322444796562], "median": [-6.97864151001, -6.84976863861, -7.00715303421, -7.06862068176, -6.59042930603, -9.13051795959], "min": [-27.0190410614, -27.1865940094, -27.1513576508, -27.2276287079, -27.2839698792, -27.3325557709], "dvar2": [0.250370949507, 0.227083697915, 0.167352870107, 0.132266446948, 0.140418633819, 0.177271366119], "dvar": [0.0988603085279, 0.0965400636196, 0.0753445625305, 0.063342615962, 0.0670071989298, 0.0861537605524], "dmean": [0.35537108779, 0.341843277216, 0.283433258533, 0.239549636841, 0.206671193242, 0.209395080805], "max": [-5.59531021118, -5.16301441193, -5.35620689392, -5.84581232071, -5.49729442596, -7.3574051857], "var": [2.9110584259, 2.23864817619, 2.24668741226, 2.24566793442, 2.31565451622, 2.90652251244], "mean": [-7.35451745987, -7.15766716003, -7.32115125656, -7.40040969849, -6.93810129166, -9.60568809509]}, "erbbands_flatness_db": {"dmean2": 0.017857151106, "median": 0.121272563934, "min": 0.0347366333008, "dvar2": 0.00029966517468, "dvar": 0.000144036035636, "dmean": 0.0117854420096, "max": 0.555769264698, "var": 0.00315039558336, "mean": 0.132735773921}, "spectral_energyband_high": {"dmean2": 0.00093947496498, "median": 0.00173028954305, "min": 7.6069459757e-21, "dvar2": 2.36090841099e-06, "dvar": 1.12603004254e-06, "dmean": 0.000592334370594, "max": 0.0214926972985, "var": 3.2514758459e-06, "mean": 0.00203802972101}, "spectral_entropy": {"dm