{"metadata": {"tags": {"albumartist": ["The Corries"], "musicbrainz_artistid": ["a816d0c7-addb-4642-9946-f4cdf3a8186f"], "artist": ["The Corries"], "genre": ["Folk"], "musicbrainz_albumid": ["eab221c2-bf03-498e-8103-ca6c5adb5875"], "discnumber": ["1/1"], "albumartistsort": ["Corries, The"], "title": ["Mothers, Daughters, Wives"], "tracknumber": ["8/13"], "musicbrainz_albumartistid": ["a816d0c7-addb-4642-9946-f4cdf3a8186f"], "album": ["Flower of Scotland"], "musicbrainz album type": ["album"], "script": ["Latn"], "encodedby": ["iTunes v7.0.2"], "artistsort": ["Corries, The"], "date": ["1990"], "musicbrainz_recordingid": ["06bdaa94-0c44-41b0-abb5-c929b6d215c3"], "file_name": "The Corries - Flower of Scotland - 08 - Mothers, Daughters, Wives.mp3", "language": ["eng"], "musicbrainz album status": ["official"]}, "audio_properties": {"sample_rate": 44100, "downmix": "mix", "lossless": false, "analysis_sample_rate": 44100, "md5_encoded": "4bf467643b08ba85f3329427e1484033", "equal_loudness": 0, "replay_gain": -4.89738464355, "codec": "mp3", "bit_rate": 192000, "length": 376.137145996}, "version": {"extractor": "music 1.0", "essentia_build_sha": "2d9f1f26377add8aeb1075a9c2973f962c4f09fd", "essentia_git_sha": "v2.1_beta2-1-ge3940c0", "essentia": "2.1-beta2"}}, "rhythm": {"beats_loudness_band_ratio": {"dvar2": [0.0690565481782, 0.093766912818, 0.0779517740011, 0.0160650573671, 0.00198401324451, 0.0212006215006], "var": [0.0349202752113, 0.0503080040216, 0.0400094501674, 0.0102611156181, 0.00307615054771, 0.00417410861701], "min": [0.00148722494487, 0.00987162068486, 0.00358125241473, 0.000308753427817, 0.000273501005722, 6.7173205025e-05], "dmean": [0.18552736938, 0.241679906845, 0.205578550696, 0.0632037073374, 0.0149144371971, 0.0185371600091], "mean": [0.266401141882, 0.464423388243, 0.263907939196, 0.0737065151334, 0.0220734402537, 0.0126206539571], "max": [0.881796240807, 0.962436318398, 0.834969043732, 0.548370540142, 0.461685150862, 0.77274954319], "dmean2": [0.324401170015, 0.432219386101, 0.358233332634, 0.109613202512, 0.0261821299791, 0.0353192053735], "median": [0.224412068725, 0.464423835278, 0.222743406892, 0.0322246700525, 0.00639409665018, 0.0015892253723], "dvar": [0.0247976183891, 0.0318451225758, 0.0274057872593, 0.00596058135852, 0.000709955289494, 0.00734948273748]}, "bpm_histogram_first_peak_weight": {"dvar2": 0, "var": 0, "min": 0.429618775845, "dmean": 0, "mean": 0.429618775845, "max": 0.429618775845, "dmean2": 0, "median": 0.429618775845, "dvar": 0}, "bpm": 109.701515198, "beats_count": 683, "bpm_histogram_first_peak_spread": {"dvar2": 0, "var": 0, "min": 0.528180360794, "dmean": 0, "mean": 0.528180360794, "max": 0.528180360794, "dmean2": 0, "median": 0.528180360794, "dvar": 0}, "danceability": 1.00844717026, "bpm_histogram_first_peak_bpm": {"dvar2": 0, "var": 0, "min": 110, "dmean": 0, "mean": 110, "max": 110, "dmean2": 0, "median": 110, "dvar": 0}, "beats_position": [0.545668900013, 1.10294783115, 1.67183673382, 2.24072551727, 2.80961441994, 3.3785033226, 3.94739222527, 4.51628112793, 5.08516979218, 5.65405893326, 6.24616765976, 6.84988641739, 7.45360517502, 8.05732440948, 8.66104316711, 9.24154186249, 9.82204055786, 10.3909292221, 10.95981884, 11.5287075043, 12.0859861374, 12.6432647705, 13.2005443573, 13.7462129593, 14.2918815613, 14.8375511169, 15.3948297501, 15.9521083832, 16.50938797, 17.0666656494, 17.6123352051, 18.1696147919, 18.7268924713, 19.272562027, 19.8298416138, 20.3871192932, 20.94439888, 21.5016784668, 22.0589561462, 22.616235733, 23.1735134125, 23.7307929993, 24.2880725861, 24.8453502655, 25.3910198212, 25.948299408, 26.5171871185, 27.0744667053, 27.620136261, 28.1658039093, 28.711473465, 29.2687530518, 29.8260307312, 30.383310318, 30.9405899048, 31.5094776154, 32.0667572021, 32.6240348816, 33.1929244995, 33.7618141174, 34.3190917969, 34.8763694763, 35.4336509705, 36.0025405884, 36.5598182678, 37.1287078857, 37.6975975037, 38.2664833069, 38.823764801, 39.369430542, 39.9151000977, 40.4723815918, 41.0296592712, 41.5985488892, 42.1442184448, 42.713104248, 43.2703857422, 43.8276634216, 44.3965530396, 44.953830719, 45.4995002747, 46.0451698303, 46.6024475098, 47.1597251892, 47.7170066833, 48.2742843628, 48.8199539185, 49.3656234741, 49.9229011536, 50.480178833, 51.0258483887, 51.5715179443, 52.1171875, 52.6628570557, 53.2085266113, 53.7658042908, 54.3114738464, 54.8687515259, 55.4260292053, 55.9833106995, 56.5405883789, 57.0978660583, 57.6667556763, 58.2356452942, 58.7929229736, 59.3502044678, 59.9074821472, 60.4647598267, 61.0220413208, 61.5793190002, 62.1482086182, 62.7054862976, 63.2511558533, 63.7852134705, 64.3424911499, 64.8881607056, 65.4338302612, 65.9911117554, 66.5483856201, 67.1056671143, 67.6629486084, 68.2202224731, 68.7658920288, 69.3115615845, 69.8688430786, 70.4261245728, 70.9833984375, 71.5406799316, 72.0979614258, 72.6552352905, 73.2125167847, 73.7697982788, 74.3270721436, 74.8843536377, 75.4416275024, 75.9872970581, 76.5329666138, 77.0902481079, 77.6475296021, 78.2048034668, 78.7504730225, 79.3193664551, 79.8766403198, 80.433921814, 80.9795913696, 81.5368728638, 82.08253479, 82.6282043457, 83.1854858398, 83.7311553955, 84.2884368896, 84.8457107544, 85.3913803101, 85.9486618042, 86.5059356689, 87.0748291016, 87.6437149048, 88.1893844604, 88.7234420776, 89.2691116333, 89.814781189, 90.3604507446, 90.9061203003, 91.4634017944, 92.0206756592, 92.5779571533, 93.1352386475, 93.6809082031, 94.2265777588, 94.7838516235, 95.3295211792, 95.8751907349, 96.4208602905, 96.9665298462, 97.5005874634, 98.046257019, 98.6035385132, 99.1492080688, 99.7064819336, 100.275375366, 100.832649231, 101.378318787, 101.923988342, 102.469657898, 103.015327454, 103.560997009, 104.106666565, 104.652336121, 105.209609985, 105.766891479, 106.312561035, 106.858230591, 107.392288208, 107.937957764, 108.472015381, 109.029296875, 109.574966431, 110.120635986, 110.666305542, 111.223579407, 111.769248962, 112.326530457, 112.872200012, 113.429473877, 113.986755371, 114.544036865, 115.10131073, 115.635368347, 116.181037903, 116.726707458, 117.272377014, 117.829658508, 118.386940002, 118.932601929, 119.478271484, 120.02394104, 120.569610596, 121.115280151, 121.649337769, 122.206619263, 122.763900757, 123.321174622, 123.878456116, 124.447341919, 125.004623413, 125.561904907, 126.119178772, 126.664848328, 127.222129822, 127.779411316, 128.336685181, 128.882354736, 129.428024292, 129.985305786, 130.530975342, 131.088256836, 131.633926392, 132.191192627, 132.736862183, 133.282531738, 133.828201294, 134.37387085, 134.919540405, 135.453598022, 135.999267578, 136.544937134, 137.090606689, 137.647888184, 138.193557739, 138.739227295, 139.296508789, 139.853790283, 140.411056519, 140.968338013, 141.514007568, 142.059677124, 142.60534668, 143.151016235, 143.696685791, 144.242355347, 144.776412964, 145.32208252, 145.867752075, 146.413421631, 146.959091187, 147.493148804, 148.038818359, 148.584487915, 149.141769409, 149.687438965, 150.233108521, 150.790390015, 151.34765625, 151.893325806, 152.4506073, 152.996276855, 153.55355835, 154.110839844, 154.656509399, 155.202178955, 155.759460449, 156.293518066, 156.839187622, 157.384857178, 157.930511475, 158.47618103, 159.010253906, 159.555908203, 160.101577759, 160.647247314, 161.19291687, 161.750198364, 162.29586792, 162.841537476, 163.375595093, 163.921264648, 164.466934204, 165.000991821, 165.546661377, 166.092330933, 166.62638855, 167.160446167, 167.694503784, 168.228561401, 168.762634277, 169.296691895, 169.85395813, 170.411239624, 170.968521118, 171.514190674, 172.059860229, 172.593917847, 173.127975464, 173.67364502, 174.207702637, 174.753372192, 175.299041748, 175.844711304, 176.390380859, 176.936050415, 177.470108032, 178.004165649, 178.549835205, 179.107116699, 179.664398193, 180.210067749, 180.755737305, 181.30140686, 181.835464478, 182.369522095, 182.91519165, 183.460861206, 183.994918823, 184.540588379, 185.086257935, 185.63192749, 186.177597046, 186.711654663, 187.24571228, 187.779769897, 188.313827515, 188.871109009, 189.416778564, 189.974060059, 190.519729614, 191.06539917, 191.611068726, 192.156738281, 192.702392578, 193.248062134, 193.793731689, 194.327789307, 194.861862183, 195.3959198, 195.941589355, 196.487258911, 197.044525146, 197.601806641, 198.147476196, 198.693145752, 199.238815308, 199.784484863, 200.31854248, 200.852600098, 201.386657715, 201.920715332, 202.466384888, 203.012054443, 203.557723999, 204.103393555, 204.64906311, 205.194732666, 205.740402222, 206.286071777, 206.820129395, 207.36579895, 207.911468506, 208.457138062, 209.002807617, 209.536865234, 210.070922852, 210.604980469, 211.139038086, 211.673095703, 212.207168579, 212.764434814, 213.298492432, 213.832565308, 214.366622925, 214.900680542, 215.446350098, 215.992019653, 216.549285889, 217.094955444, 217.640625, 218.186294556, 218.731964111, 219.277633667, 219.823303223, 220.380584717, 220.926254272, 221.471923828, 222.029205322, 222.586486816, 223.132156372, 223.677825928, 224.211883545, 224.76914978, 225.314819336, 225.860488892, 226.394546509, 226.951828003, 227.48588562, 228.031555176, 228.577224731, 229.111282349, 229.656951904, 230.20262146, 230.736679077, 231.293960571, 231.839630127, 232.385299683, 232.9193573, 233.465026855, 234.010696411, 234.556365967, 235.102035522, 235.659317017, 236.216598511, 236.773880005, 237.33114624, 237.888427734, 238.43409729, 238.979766846, 239.53704834, 240.094329834, 240.651611328, 241.208877563, 241.766159058, 242.300216675, 242.834274292, 243.391555786, 243.94883728, 244.494506836, 245.040176392, 245.574234009, 246.119903564, 246.66557312, 247.199630737, 247.733688354, 248.290969849, 248.836639404, 249.38230896, 249.927978516, 250.473648071, 251.030929565, 251.576599121, 252.122268677, 252.667938232, 253.213607788, 253.759277344, 254.293334961, 254.839004517, 255.373062134, 255.907119751, 256.452789307, 256.998443604, 257.544128418, 258.089782715, 258.635467529, 259.181121826, 259.726806641, 260.272460938, 260.818145752, 261.363800049, 261.909484863, 262.45513916, 262.989196777, 263.546478271, 264.092163086, 264.637817383, 265.195098877, 265.752380371, 266.298034668, 266.843719482, 267.3777771, 267.911834717, 268.457489014, 269.003173828, 269.537231445, 270.082885742, 270.628570557, 271.162628174, 271.696685791, 272.230743408, 272.764801025, 273.298858643, 273.82131958, 274.366973877, 274.912658691, 275.446716309, 275.980773926, 276.514831543, 277.06048584, 277.594543457, 278.140228271, 278.685882568, 279.219940186, 279.753997803, 280.28805542, 280.822113037, 281.356170654, 281.890258789, 282.435913086, 282.969970703, 283.515655518, 284.049713135, 284.583770752, 285.129425049, 285.675109863, 286.20916748, 286.743225098, 287.277282715, 287.811340332, 288.333770752, 288.867828369, 289.413513184, 289.95916748, 290.504852295, 291.038909912, 291.584564209, 292.118621826, 292.664306641, 293.198364258, 293.744018555, 294.289703369, 294.835357666, 295.369415283, 295.9034729, 296.437530518, 296.983215332, 297.528869629, 298.074554443, 298.631835938, 299.189117432, 299.746398926, 300.30368042, 300.837738037, 301.371795654, 301.917449951, 302.463134766, 303.008789063, 303.554473877, 304.111755371, 304.657409668, 305.203063965, 305.7371521, 306.271209717, 306.805267334, 307.339324951, 307.873382568, 308.407440186, 308.953094482, 309.498779297, 310.044433594, 310.590118408, 311.135772705, 311.68145752, 312.215515137, 312.749572754, 313.295227051, 313.840911865, 314.374969482, 314.9090271, 315.443084717, 315.977142334, 316.511199951, 317.045257568, 317.579315186, 318.113372803, 318.64743042, 319.181488037, 319.715545654, 320.249603271, 320.783660889, 321.329345703, 321.875, 322.409057617, 322.943115234, 323.488800049, 324.034454346, 324.568511963, 325.10256958, 325.636627197, 326.182312012, 326.716369629, 327.262023926, 327.796081543, 328.33013916, 328.864196777, 329.398284912, 329.943939209, 330.489593506, 331.03527832, 331.569335938, 332.103393555, 332.625854492, 333.159912109, 333.693969727, 334.239624023, 334.785308838, 335.330963135, 335.876647949, 336.410705566, 336.956359863, 337.502044678, 338.047698975, 338.593383789, 339.139038086, 339.6847229, 340.230377197, 340.776062012, 341.310119629, 341.855773926, 342.389831543, 342.935516357, 343.469573975, 344.003631592, 344.549285889, 345.094970703, 345.62902832, 346.163085938, 346.697143555, 347.231201172, 347.765258789, 348.299316406, 348.833374023, 349.367431641, 349.913085938, 350.447174072, 350.981231689, 351.526885986, 352.060943604, 352.595001221, 353.129058838, 353.674743652, 354.220397949, 354.777679443, 355.323364258, 355.869018555, 356.426300049, 356.971954346, 357.51763916, 358.074920654, 358.748291016, 359.421661377, 360.083435059, 360.74520874, 361.406982422, 362.068756104, 362.695678711, 363.345855713, 363.996002197, 364.588104248, 365.180206299, 365.783935547, 366.387664795, 366.979766846, 367.583496094, 368.187194824, 368.732879639, 369.290161133, 369.83581543, 370.381500244, 370.915557861, 371.461212158, 371.995269775, 372.529327393, 373.098236084, 373.667114258, 374.235992432, 374.804901123, 375.373779297], "beats_loudness": {"dvar2": 0.000865864509251, "var": 0.000585266738199, "min": 9.12199027425e-08, "dmean": 0.0162921715528, "mean": 0.0280310939997, "max": 0.145905271173, "dmean2": 0.0272374283522, "median": 0.0211021695286, "dvar": 0.000326169043547}, "bpm_histogram_second_peak_weight": {"dvar2": 0, "var": 0, "min": 0.0513196475804, "dmean": 0, "mean": 0.0513196475804, "max": 0.0513196475804, "dmean2": 0, "median": 0.0513196475804, "dvar": 0}, "bpm_histogram_second_peak_spread": {"dvar2": 0, "var": 0, "min": 0.146341457963, "dmean": 0, "mean": 0.146341457963, "max": 0.146341457963, "dmean2": 0, "median": 0.146341457963, "dvar": 0}, "bpm_histogram_second_peak_bpm": {"dvar2": 0, "var": 0, "min": 105, "dmean": 0, "mean": 105, "max": 105, "dmean2": 0, "median": 105, "dvar": 0}, "onset_rate": 3.30185961723}, "lowlevel": {"spectral_energyband_high": {"dvar2": 7.6321390452e-07, "var": 3.68166570297e-06, "min": 7.87883636564e-21, "dmean": 0.000122503130115, "mean": 0.000293808901915, "max": 0.05596761778, "dmean2": 0.000161471427418, "median": 1.47518649101e-05, "dvar": 5.63987043734e-07}, "spectral_energyband_middle_low": {"dvar2": 0.000122979778098, "var": 0.000279962609056, "min": 3.03066046694e-22, "dmean": 0.00497008347884, "mean": 0.0157253351063, "max": 0.191575050354, "dmean2": 0.0071124183014, "median": 0.0104135014117, "dvar": 6.11297509749e-05}, "spectral_energy": {"dvar2": 0.000140949923662, "var": 0.000363245955668, "min": 1.05764128993e-20, "dmean": 0.00548448460177, "mean": 0.0189983583987, "max": 0.196025967598, "dmean2": 0.00777318049222, "median": 0.0130824875087, "dvar": 7.189164171e-05}, "spectral_spread": {"dvar2": 653962838016, "var": 1544596226050.0, "min": 763492, "dmean": 466390.40625, "mean": 2938986.5, "max": 41990092, "dmean2": 699337.5625, "median": 2690340, "dvar": 368993337344}, "spectral_energyband_low": {"dvar2": 4.12130293626e-06, "var": 4.99574343849e-06, "min": 5.2046243648e-23, "dmean": 0.000682993500959, "mean": 0.00166883750353, "max": 0.0411552675068, "dmean2": 0.00107518420555, "median": 0.000993443303742, "dvar": 1.59267665367e-06}, "spectral_rolloff": {"dvar2": 722998.3125, "var": 1053089.875, "min": 172.265625, "dmean": 175.674835205, "mean": 745.953552246, "max": 18690.8203125, "dmean2": 297.054290771, "median": 473.73046875, "dvar": 359405.34375}, "barkbands": {"dvar2": [4.69004779458e-10, 1.797463689e-08, 1.68590713656e-06, 8.15915791463e-06, 5.12292826897e-05, 2.27487817028e-05, 1.80028946488e-05, 1.21939001474e-05, 2.34116419051e-06, 2.99783937407e-06, 5.24139522895e-06, 1.63679021625e-06, 8.6407044364e-07, 4.87739725941e-07, 3.92758153112e-07, 1.55408230285e-07, 7.95166812395e-08, 7.72113892822e-08, 2.55352823331e-08, 2.4490751116e-07, 2.5427900141e-07, 2.3483157463e-07, 4.25420552119e-08, 6.09013239838e-09, 3.81821296802e-10, 2.52629965558e-11, 2.76321175142e-13], "var": [2.66967004059e-10, 1.34222126746e-08, 1.89928596228e-06, 8.10979599919e-06, 3.86539504689e-05, 5.42678935744e-05, 2.62746707449e-05, 2.15537766053e-05, 2.69135921371e-06, 3.50788764081e-06, 4.51003597846e-06, 1.57044712523e-06, 7.28694658392e-07, 4.8574105449e-07, 5.15024964898e-07, 1.64729797802e-07, 7.01048605833e-08, 1.18312584618e-07, 2.59846171247e-08, 2.94376064858e-07, 4.6502836426e-07, 5.37665243883e-07, 1.4041677332e-07, 8.75497452313e-09, 6.00958394159e-10, 4.80552507509e-11, 2.14571565268e-13], "min": [6.19417369312e-24, 3.97697788262e-23, 9.40208839711e-24, 2.3969848233e-24, 4.67498630848e-23, 2.05693682434e-23, 7.61595789744e-23, 2.04220816015e-23, 1.25588536756e-22, 4.27760362282e-23, 1.05298021376e-23, 7.45936963884e-23, 7.07687622945e-23, 8.6314377148e-23, 1.76523884389e-22, 1.66806367592e-22, 2.961715286e-22, 2.11248670534e-22, 2.09178787871e-22, 3.6687795195e-22, 3.45945647737e-22, 5.34816139304e-22, 6.46642284437e-22, 9.25631463267e-22, 1.3531901359e-21, 1.6395317508e-21, 2.41554308376e-21], "dmean": [2.88752221422e-06, 2.64527261606e-05, 0.000338968413416, 0.00101575534791, 0.00237300852314, 0.00167820928618, 0.00103022938129, 0.000876288162544, 0.000289007090032, 0.000338197976816, 0.000311062438414, 0.000212335173273, 0.000123038655147, 7.94089937699e-05, 7.9032186477e-05, 5.08400044055e-05, 4.00807402912e-05, 5.7333654695e-05, 2.29356355703e-05, 4.36716472905e-05, 4.69625520054e-05, 4.64459808427e-05, 2.63196670858e-05, 9.80711774901e-06, 3.04503578263e-06, 8.17494139937e-07, 5.09237167989e-08], "mean": [2.81458665086e-06, 4.70789054816e-05, 0.000861113832798, 0.00207105535083, 0.00489161955193, 0.00404248479754, 0.00191848003305, 0.00200552260503, 0.000504814495798, 0.000601323496085, 0.000518505112268, 0.000344698637491, 0.000209543330129, 0.000143135068356, 0.000164412937011, 0.000103453246993, 7.24597557564e-05, 0.000122096884297, 3.73539114662e-05, 7.54555876483e-05, 9.07411813387e-05, 9.11762617761e-05, 5.32360900252e-05, 1.80351617018e-05, 5.94870471105e-06, 1.72008776644e-06, 8.40203782104e-08], "max": [0.000485483324155, 0.00316842459142, 0.0318652614951, 0.0447861626744, 0.105735577643, 0.105425924063, 0.0911616235971, 0.0696799606085, 0.0332902446389, 0.0354956164956, 0.0878319740295, 0.0340249538422, 0.0306522194296, 0.013345727697, 0.010609742254, 0.00662155542523, 0.0066955354996, 0.00599992694333, 0.0070616165176, 0.0210574120283, 0.0304458644241, 0.039313018322, 0.0122204590589, 0.00253290054388, 0.000716211798135, 0.00010349432705, 1.30971138788e-05], "dmean2": [4.35773881691e-06, 4.14550377172e-05, 0.000527086318471, 0.00162217963953, 0.00376677862369, 0.00225807353854, 0.00144920521416, 0.00122207368258, 0.00042812564061, 0.000508346362039, 0.000479435140733, 0.000330382637912, 0.000196934881387, 0.000131373788463, 0.000127418970806, 8.36562612676e-05, 6.48947388981e-05, 8.51694348967e-05, 3.53548784915e-05, 6.56638367218e-05, 6.86526764184e-05, 6.54337200103e-05, 3.53647774318e-05, 1.45977410284e-05, 4.61162198917e-06, 1.23580184663e-06, 8.57285797906e-08], "median": [3.10300066531e-07, 1.32030936584e-05, 0.000406151171774, 0.00114206003491, 0.00289272377267, 0.00137766823173, 0.00035049818689, 0.000386665167753, 6.45452528261e-05, 6.01756182732e-05, 3.15962570312e-05, 2.4433946237e-05, 2.05099477171e-05, 7.94036259322e-06, 8.65335096023e-06, 7.55158180255e-06, 7.37958635e-06, 1.29903946799e-05, 3.18610591421e-06, 1.15419697977e-06, 3.43968599736e-06, 3.97697704102e-06, 2.18812010644e-06, 5.98862129664e-07, 4.23383141879e-07, 9.05446313482e-08, 1.31099158196e-08], "dvar": [2.30987451388e-10, 7.9986186563e-09, 6.44301792363e-07, 3.10513746626e-06, 2.0243029212e-05, 1.32569284688e-05, 9.77496802079e-06, 5.5527520999e-06, 1.09496988898e-06, 1.36035259857e-06, 2.22370863412e-06, 7.35974936106e-07, 3.26060018097e-07, 1.70599008698e-07, 1.3966891288e-07, 5.30753325734e-08, 2.94748545571e-08, 3.46992869993e-08, 1.21353123106e-08, 1.03777736626e-07, 1.23405143881e-07, 1.29911029489e-07, 2.78622138694e-08, 3.0169124976e-09, 1.87919263483e-10, 1.14690730871e-11, 1.01919280036e-13]}, "melbands_skewness": {"dvar2": 1.33719348907, "var": 2.45297265053, "min": -1.35295045376, "dmean": 0.662051200867, "mean": 2.54031443596, "max": 13.9115629196, "dmean2": 0.991137385368, "median": 2.3117723465, "dvar": 0.596568286419}, "barkbands_skewness": {"dvar2": 1.16926264763, "var": 2.07351946831, "min": -3.88148021698, "dmean": 0.624621510506, "mean": 2.40751695633, "max": 14.9155263901, "dmean2": 0.939682662487, "median": 2.30349683762, "dvar": 0.511338174343}, "erbbands": {"dvar2": [2.23537808779e-05, 0.00216386816464, 0.843174874783, 24.4199409485, 288.459136963, 1090.93823242, 288.730255127, 2667.34155273, 5434.96777344, 2526.29418945, 6984.88867188, 1452.99279785, 2419.18554688, 7124.7734375, 3208.08203125, 2510.52319336, 1585.27050781, 1088.68127441, 1272.51696777, 618.097229004, 298.227294922, 185.825012207, 273.285705566, 54.3307151794, 170.946884155, 784.32623291, 338.726898193, 354.853179932, 589.608947754, 59.4800834656, 31.5784473419, 8.37063694, 1.02424478531, 0.11052069068, 0.00830688141286, 0.0010477717733, 7.11995307938e-05, 1.98010047825e-06, 3.70772923475e-09, 1.80784345827e-10], "var": [1.23333247757e-05, 0.00250640767626, 1.25044548512, 26.815038681, 252.484405518, 743.287719727, 579.191772461, 6884.84619141, 7783.99023438, 6035.33837891, 9310.58886719, 1727.51843262, 3802.65820313, 5412.18212891, 5086.18847656, 2374.89013672, 1485.70678711, 1270.05212402, 1395.8034668, 969.28503418, 371.834259033, 199.824401855, 447.266204834, 57.245223999, 203.249191284, 795.070983887, 826.891784668, 554.525085449, 1222.81298828, 188.529632568, 73.4752655029, 12.9006280899, 1.4183191061, 0.152239859104, 0.014537342824, 0.00180457811803, 0.000121287514048, 2.67849077318e-06, 4.01889721502e-09, 5.02455521634e-10], "min": [9.068547057e-22, 9.39588560906e-21, 1.56517887661e-20, 9.90690632083e-21, 7.5188972847e-20, 2.06656018774e-19, 7.33058057096e-20, 2.49557624922e-19, 1.16502206103e-18, 6.58274312276e-19, 7.54784059282e-19, 2.97166351459e-18, 1.47946308697e-18, 1.16749036798e-18, 1.16556593228e-18, 3.19054356969e-18, 2.81035957283e-18, 3.58523983e-18, 8.73617704961e-18, 1.00769284619e-17, 9.31461618016e-18, 1.81956672966e-17, 1.2554781074e-17, 9.17823643103e-18, 1.06660555931e-17, 1.88798416162e-17, 1.4184034886e-17, 1.52105776067e-17, 1.67465957559e-17, 2.37369005893e-17, 1.8853318897e-17, 1.6888200805e-17, 1.67693548033e-17, 1.24699578381e-17, 1.01870443994e-17, 5.85497669514e-18, 3.4305593302e-18, 1.17565495082e-18, 3.11538836907e-19, 4.01000714289e-20], "dmean": [0.000710130669177, 0.0106207234785, 0.253498196602, 1.81086361408, 5.79711198807, 9.92511558533, 6.25611400604, 16.9279594421, 17.3458938599, 14.2292480469, 16.0471935272, 6.90624666214, 8.96848773956, 11.2414474487, 10.3057489395, 8.00658321381, 5.64899873734, 3.95979690552, 3.95425748825, 3.26772928238, 2.18603944778, 2.03309369087, 3.3631002903, 1.43453598022, 1.5313038826, 2.25903058052, 1.79743087292, 1.69813144207, 2.0470392704, 0.908298254013, 0.663274824619, 0.34334680438, 0.122807152569, 0.0501830279827, 0.0151334395632, 0.00529316719621, 0.00124547199812, 0.000151136875502, 8.24545895739e-06, 6.31042939858e-06], "mean": [0.00103024346754, 0.0279776901007, 0.730395436287, 4.03644037247, 11.6307010651, 19.2767677307, 15.8968639374, 40.691570282, 33.6901664734, 34.2029762268, 35.0706253052, 13.5099811554, 18.5601119995, 18.9692058563, 19.2701072693, 13.9041948318, 10.1240653992, 7.99848604202, 8.22126865387, 7.63160419464, 4.85452127457, 4.19870328903, 7.36255407333, 2.82047438622, 2.58682394028, 3.79774689674, 3.48577594757, 3.37935185432, 3.92342948914, 1.93243968487, 1.28705048561, 0.621676146984, 0.225906223059, 0.0932249128819, 0.0300134979188, 0.0106606325135, 0.00258637638763, 0.000314985722071, 2.18733202928e-05, 2.24892683036e-05], "max": [0.0849471762776, 1.51236903667, 29.4461784363, 75.6633453369, 332.684814453, 559.165283203, 315.404602051, 1302.33093262, 2086.42700195, 1279.23596191, 1755.37475586, 1006.90466309, 1020.37945557, 3913.62304688, 1811.84240723, 1750.28869629, 1208.66760254, 782.624084473, 580.429382324, 458.554656982, 292.251708984, 285.84161377, 357.197174072, 275.511047363, 558.20703125, 977.292297363, 1495.72119141, 1324.79772949, 2047.49084473, 492.27520752, 277.524169922, 92.3925933838, 36.2000541687, 9.93147850037, 2.92623949051, 0.883597433567, 0.178567066789, 0.0329736731946, 0.00210804189555, 0.000220446730964], "dmean2": [0.00109079910908, 0.0166311766952, 0.393198519945, 2.88895273209, 9.38422012329, 15.7621507645, 9.05322933197, 22.3561859131, 23.8005008698, 19.4026317596, 23.2502155304, 10.0229263306, 13.1855297089, 17.3230934143, 15.3368377686, 12.5138101578, 8.90416049957, 6.39319086075, 6.56075334549, 5.20603847504, 3.57185530663, 3.22234964371, 5.02293395996, 2.15629482269, 2.27011919022, 3.43185806274, 2.5364575386, 2.50705814362, 2.94727635384, 1.26414692402, 0.910551607609, 0.502003729343, 0.18028780818, 0.0765567272902, 0.0226860493422, 0.00801216065884, 0.00190052785911, 0.000244267517701, 1.29240570459e-05, 8.93444848771e-06], "median": [0.000385612220271, 0.0115515459329, 0.36869803071, 2.50866651535, 6.56184053421, 10.3015537262, 7.54058170319, 11.7769165039, 7.77768564224, 9.63222312927, 5.73970794678, 2.09102725983, 1.40152788162, 2.28044271469, 1.52180695534, 1.12452077866, 1.11638855934, 0.712072193623, 0.478532850742, 0.450218647718, 0.407272577286, 0.50715816021, 0.815392494202, 0.40148037672, 0.112334564328, 0.0619394779205, 0.101298063993, 0.157961249352, 0.141679108143, 0.106465741992, 0.0475761033595, 0.0194051004946, 0.00754802906886, 0.00590787082911, 0.00216152751818, 0.000661049038172, 0.000119294869364, 2.09561221709e-05, 1.04681603261e-05, 1.52648663061e-05], "dvar": [1.02830672404e-05, 0.000934251176659, 0.347869813442, 9.31226348877, 111.350341797, 431.461730957, 138.555114746, 1603.67504883, 3079.22583008, 1369.79064941, 2924.71972656, 692.259094238, 1089.93945313, 3077.64794922, 1559.13623047, 1094.72436523, 607.225524902, 395.712036133, 428.200469971, 223.437942505, 102.77936554, 68.7406692505, 123.12853241, 24.0271663666, 83.9683303833, 316.35748291, 195.896179199, 157.177383423, 313.611755371, 35.895401001, 18.4200592041, 4.26623392105, 0.506596684456, 0.0534018613398, 0.0041448273696, 0.000498279579915, 3.04459099425e-05, 7.36285869607e-07, 1.47462098088e-09, 9.29928634097e-11]}, "silence_rate_30dB": {"dvar2": 0.0116368932649, "var": 0.00454693753272, "min": 0, "dmean": 0.00481511186808, "mean": 0.995432078838, "max": 1, "dmean2": 0.00963081885129, "median": 1, "dvar": 0.00479176500812}, "melbands_spread": {"dvar2": 119.505081177, "var": 291.776397705, "min": 0.396796762943, "dmean": 2.89840745926, "mean": 9.5394077301, "max": 196.411224365, "dmean2": 4.30861711502, "median": 5.34569644928, "dvar": 67.1374588013}, "melbands_crest": {"dvar2": 17.7506771088, "var": 22.0605049133, "min": 2.12767219543, "dmean": 2.75604772568, "mean": 14.8448543549, "max": 31.9446563721, "dmean2": 4.46654033661, "median": 14.3611631393, "dvar": 6.84722805023}, "zerocrossingrate": {"dvar2": 0.000101609875856, "var": 0.00092203024542, "min": 0.0068359375, "dmean": 0.00516772130504, "mean": 0.0302319936454, "max": 0.486328125, "dmean2": 0.00599960749969, "median": 0.02099609375, "dvar": 0.000104043305328}, "barkbands_kurtosis": {"dvar2": 268.986694336, "var": 240.18989563, "min": -1.92964875698, "dmean": 5.9679517746, "mean": 14.0305042267, "max": 394.581237793, "dmean2": 9.38025665283, "median": 10.0200862885, "dvar": 108.177787781}, "spectral_flux": {"dvar2": 0.000973774702288, "var": 0.00130329292733, "min": 1.02841686556e-10, "dmean": 0.0175292808563, "mean": 0.0510078668594, "max": 0.289455294609, "dmean2": 0.0281919818372, "median": 0.0422156713903, "dvar": 0.000390629022149}, "barkbands_crest": {"dvar2": 12.3333616257, "var": 17.0436496735, "min": 2.54328370094, "dmean": 2.34935283661, "mean": 11.9580392838, "max": 26.0242195129, "dmean2": 3.75149083138, "median": 11.3470525742, "dvar": 4.97790908813}, "barkbands_flatness_db": {"dvar2": 0.00103584688623, "var": 0.00347222411074, "min": 0.0305678211153, "dmean": 0.0224071126431, "mean": 0.25523391366, "max": 0.424914836884, "dmean2": 0.0332387201488, "median": 0.261395454407, "dvar": 0.000481976836454}, "spectral_entropy": {"dvar2": 0.118551380932, "var": 0.484775155783, "min": 4.31877708435, "dmean": 0.229604527354, "mean": 6.34179258347, "max": 9.78332042694, "dmean2": 0.327725738287, "median": 6.22356700897, "dvar": 0.061331693083}, "pitch_salience": {"dvar2": 0.00797277037054, "var": 0.0120102856308, "min": 0.154094457626, "dmean": 0.0597037374973, "mean": 0.568764805794, "max": 0.878705561161, "dmean2": 0.0961750149727, "median": 0.568399727345, "dvar": 0.00316447112709}, "erbbands_spread": {"dvar2": 220.432388306, "var": 301.173492432, "min": 1.90371406078, "dmean": 5.98387479782, "mean": 21.0369720459, "max": 135.973999023, "dmean2": 8.90481948853, "median": 15.6588726044, "dvar": 104.448677063}, "dynamic_complexity": 4.22274112701, "spectral_contrast_valleys": {"dvar2": [0.346053957939, 0.188710778952, 0.200377702713, 0.178390517831, 0.23710732162, 0.242917016149], "var": [0.727893233299, 0.815497457981, 1.10177445412, 1.11650538445, 1.32631194592, 1.25974798203], "min": [-26.4756412506, -27.7066802979, -27.5623283386, -27.3724060059, -27.407831192, -27.3545475006], "dmean": [0.389453321695, 0.309624046087, 0.333277314901, 0.314619362354, 0.336896181107, 0.318338930607], "mean": [-8.83155536652, -7.28904008865, -8.57637310028, -9.2051076889, -9.58788013458, -11.9656972885], "max": [-6.44950580597, -4.56783103943, -4.89638614655, -5.19470930099, -6.02206802368, -7.86220407486], "dmean2": [0.64084649086, 0.484099835157, 0.513323068619, 0.471738487482, 0.475023418665, 0.449610501528], "median": [-8.80825996399, -7.23642921448, -8.61766433716, -9.24053192139, -9.66266822815, -12.1097688675], "dvar": [0.138179123402, 0.0899969786406, 0.0988240540028, 0.0886899456382, 0.125391751528, 0.141664847732]}, "hfc": {"dvar2": 60.0416946411, "var": 273.020874023, "min": 1.16594469001e-16, "dmean": 2.93134784698, "mean": 10.2830133438, "max": 319.382904053, "dmean2": 3.95498466492, "median": 4.92510128021, "dvar": 36.8938903809}, "spectral_kurtosis": {"dvar2": 132.451156616, "var": 186.551483154, "min": -1.23115456104, "dmean": 6.4086151123, "mean": 16.0920372009, "max": 119.769569397, "dmean2": 10.3902568817, "median": 12.2961483002, "dvar": 55.3931922913}, "mfcc": {"mean": [-762.909179688, 172.211242676, 17.4272937775, 16.8822402954, -10.3904819489, -4.4564909935, -25.4718761444, -5.01869010925, -16.565486908, -24.1385688782, -4.50812196732, -8.00645065308, -12.8572616577], "cov": [[7135.20996094, -1529.82641602, -1074.53210449, -183.421600342, -616.205993652, 2.1790497303, -300.537719727, 136.71421814, -36.3177223206, 1.21452760696, 44.1950073242, 31.5592765808, -57.7785377502], [-1529.82641602, 2156.05834961, 88.9691696167, -290.661315918, 136.301483154, -203.232681274, -197.23147583, 183.454956055, 31.30859375, -262.070129395, 84.6952056885, -17.8725662231, -59.1712226868], [-1074.53210449, 88.9691696167, 713.881347656, 207.293304443, -5.97848749161, 72.7826156616, 105.641487122, -26.0704479218, -34.1245765686, 4.91676855087, -39.119392395, -7.90446805954, 19.9533061981], [-183.421600342, -290.661315918, 207.293304443, 480.689697266, 98.4779815674, 42.4791183472, 77.3907394409, -103.479553223, -33.7201690674, 52.0744819641, -41.7295379639, -13.4237537384, 3.99633002281], [-616.205993652, 136.301483154, -5.97848749161, 98.4779815674, 465.552825928, 44.8685722351, -42.1129760742, -118.185554504, 25.5013999939, 46.0200881958, -58.779258728, -6.69811582565, 24.1723976135], [2.1790497303, -203.232681274, 72.7826156616, 42.4791183472, 44.8685722351, 200.51864624, 58.114364624, -55.3702774048, 4.36667728424, 32.9372634888, -18.4263305664, 11.7721967697, 32.9466629028], [-300.537719727, -197.23147583, 105.641487122, 77.3907394409, -42.1129760742, 58.114364624, 354.704803467, -17.6203422546, -53.5931243896, 97.5957336426, -17.259885788, 32.2073287964, 35.8271064758], [136.71421814, 183.454956055, -26.0704479218, -103.479553223, -118.185554504, -55.3702774048, -17.6203422546, 259.309112549, 22.3143100739, -84.3854446411, 39.7355194092, -13.4999570847, -17.1950912476], [-36.3177223206, 31.30859375, -34.1245765686, -33.7201690674, 25.5013999939, 4.36667728424, -53.5931243896, 22.3143100739, 151.858840942, -1.11086153984, -13.2305164337, -11.3082017899, -13.0119943619], [1.21452760696, -262.070129395, 4.91676855087, 52.0744819641, 46.0200881958, 32.9372634888, 97.5957336426, -84.3854446411, -1.11086153984, 207.718765259, -9.19383335114, 8.32777404785, 22.1051158905], [44.1950073242, 84.6952056885, -39.119392395, -41.7295379639, -58.779258728, -18.4263305664, -17.259885788, 39.7355194092, -13.2305164337, -9.19383335114, 150.959838867, 39.6472816467, -31.1978263855], [31.5592765808, -17.8725662231, -7.90446805954, -13.4237537384, -6.69811582565, 11.7721967697, 32.2073287964, -13.4999570847, -11.3082017899, 8.32777404785, 39.6472816467, 109.465652466, 13.0606708527], [-57.7785377502, -59.1712226868, 19.9533061981, 3.99633002281, 24.1723976135, 32.9466629028, 35.8271064758, -17.1950912476, -13.0119943619, 22.1051158905, -31.1978263855, 13.0606708527, 97.1496429443]], "icov": [[0.000290346186375, 0.000163166318089, 0.000423827150371, -9.70724431681e-05, 0.000380443554604, -0.000198300753254, 0.000370371068129, -0.000187980942428, 0.000225137424422, -8.07641481515e-05, 0.000214912579395, -0.000190447739442, 0.000134885936859], [0.000163166318089, 0.000879789295141, -0.000129712774651, 0.000484197313199, -0.000385403400287, 0.00061873201048, 0.000165067162015, -0.000250273791607, 6.65252809995e-05, 0.000767314399127, -0.000361477461411, 4.05763785238e-05, 0.00013329234207], [0.000423827150371, -0.000129712774651, 0.00250853179023, -0.00109616748523, 0.000993138179183, -0.00110000441782, 0.000245114933932, -0.000317657890264, 0.000500247871969, -0.000201774091693, 0.000773288542405, -0.000251146208029, 7.72575440351e-05], [-9.70724431681e-05, 0.000484197313199, -0.00109616748523, 0.00316333328374, -0.000977967167273, 0.000583613466006, -0.000543865317013, 0.000714515976142, 0.000252655387158, 0.000431277236203, -0.0002050158364, 0.000549145566765, 0.000500682508573], [0.000380443554604, -0.000385403400287, 0.000993138179183, -0.000977967167273, 0.00364713184536, -0.00111952028237, 0.00107753498014, 0.000712565728463, -7.97727407189e-05, -0.00100876833312, 0.00131429883186, -0.000482259551063, -0.000265532435151], [-0.000198300753254, 0.00061873201048, -0.00110000441782, 0.000583613466006, -0.00111952028237, 0.00681531010196, -0.00111917313188, 0.00107226730324, -0.00104622647632, 0.000913411204237, -0.000825791677926, 0.00012272784079, -0.00159903953318], [0.000370371068129, 0.000165067162015, 0.000245114933932, -0.000543865317013, 0.00107753498014, -0.00111917313188, 0.0045697055757, -0.00104387884494, 0.00156293064356, -0.00215614074841, 0.0011461249087, -0.00148172164336, -0.000198515306693], [-0.000187980942428, -0.000250273791607, -0.000317657890264, 0.000714515976142, 0.000712565728463, 0.00107226730324, -0.00104387884494, 0.00588570581749, -0.00135268270969, 0.00200927164406, -0.00142450456042, 0.00133638724219, -0.000618086371105], [0.000225137424422, 6.65252809995e-05, 0.000500247871969, 0.000252655387158, -7.97727407189e-05, -0.00104622647632, 0.00156293064356, -0.00135268270969, 0.00780661730096, -0.00112625188194, 0.0014677781146, -0.000316785182804, 0.00143593829125], [-8.07641481515e-05, 0.000767314399127, -0.000201774091693, 0.000431277236203, -0.00100876833312, 0.000913411204237, -0.00215614074841, 0.00200927164406, -0.00112625188194, 0.00758113060147, -0.00144685921259, 0.000849782081787, -0.000919681508094], [0.000214912579395, -0.000361477461411, 0.000773288542405, -0.0002050158364, 0.00131429883186, -0.000825791677926, 0.0011461249087, -0.00142450456042, 0.0014677781146, -0.00144685921259, 0.00957793742418, -0.00402039987966, 0.00317757297307], [-0.000190447739442, 4.05763785238e-05, -0.000251146208029, 0.000549145566765, -0.000482259551063, 0.00012272784079, -0.00148172164336, 0.00133638724219, -0.000316785182804, 0.000849782081787, -0.00402039987966, 0.0114327520132, -0.00226208660752], [0.000134885936859, 0.00013329234207, 7.72575440351e-05, 0.000500682508573, -0.000265532435151, -0.00159903953318, -0.000198515306693, -0.000618086371105, 0.00143593829125, -0.000919681508094, 0.00317757297307, -0.00226208660752, 0.0127166267484]]}, "silence_rate_20dB": {"dvar2": 0, "var": 0, "min": 1, "dmean": 0, "mean": 1, "max": 1, "dmean2": 0, "median": 1, "dvar": 0}, "melbands_kurtosis": {"dvar2": 376.142608643, "var": 349.616699219, "min": -1.89840841293, "dmean": 7.51860904694, "mean": 17.3481121063, "max": 263.55557251, "dmean2": 11.6923189163, "median": 11.8671426773, "dvar": 155.702056885}, "barkbands_spread": {"dvar2": 60.5314292908, "var": 120.190719604, "min": 0.257700949907, "dmean": 2.37465429306, "mean": 7.46602392197, "max": 141.524597168, "dmean2": 3.52425122261, "median": 4.24760532379, "dvar": 32.2738304138}, "erbbands_skewness": {"dvar2": 0.462991327047, "var": 1.27392184734, "min": -5.64424228668, "dmean": 0.456039994955, "mean": 1.39632856846, "max": 8.42738819122, "dmean2": 0.677752137184, "median": 1.40176844597, "dvar": 0.226545289159}, "average_loudness": 0.41376388073, "spectral_centroid": {"dvar2": 118540.328125, "var": 369911.9375, "min": 188.481567383, "dmean": 111.361923218, "mean": 614.188293457, "max": 11240.2519531, "dmean2": 161.609146118, "median": 421.561950684, "dvar": 70892.8828125}, "dissonance": {"dvar2": 0.00290508661419, "var": 0.00477345800027, "min": 0.132697597146, "dmean": 0.0358430929482, "mean": 0.39146643877, "max": 0.500000119209, "dmean2": 0.0584637001157, "median": 0.400456994772, "dvar": 0.00112090015318}, "erbbands_flatness_db": {"dvar2": 0.000778391724452, "var": 0.00238514319062, "min": 0.0268409494311, "dmean": 0.0197148434818, "mean": 0.249595358968, "max": 0.414984881878, "dmean2": 0.0278178099543, "median": 0.253199487925, "dvar": 0.000393128575524}, "spectral_strongpeak": {"dvar2": 0.703732967377, "var": 0.921479165554, "min": 0, "dmean": 0.379001259804, "mean": 0.947275698185, "max": 14.4899206161, "dmean2": 0.60467851162, "median": 0.631007432938, "dvar": 0.301593065262}, "spectral_rms": {"dvar2": 7.90822412e-07, "var": 3.65154323845e-06, "min": 3.21223473168e-12, "dmean": 0.000572379271034, "mean": 0.00385790341534, "max": 0.0138291306794, "dmean2": 0.000803644594271, "median": 0.0035725904163, "dvar": 4.21275871076e-07}, "silence_rate_60dB": {"dvar2": 0.0663492381573, "var": 0.0929014980793, "min": 0, "dmean": 0.0302487816662, "mean": 0.103641971946, "max": 1, "dmean2": 0.0605012960732, "median": 0, "dvar": 0.0293344389647}, "melbands": {"dvar2": [1.07235020863e-09, 1.23983525668e-07, 1.20243578294e-06, 3.54779285772e-06, 4.2957466917e-07, 1.29507566271e-06, 1.0288553085e-06, 3.02270876773e-07, 4.22785319643e-07, 5.52403918164e-08, 6.05612697768e-08, 1.09687157135e-07, 5.75769050215e-08, 2.26078569199e-08, 1.10591420466e-08, 9.71261915339e-09, 4.61407712038e-09, 4.18483114828e-09, 2.19554130432e-09, 1.13658715772e-09, 4.19132645257e-10, 2.17510495726e-10, 3.91880305983e-10, 2.20144388829e-10, 3.82964840395e-11, 4.43662710736e-11, 3.56781493238e-10, 3.63157393046e-10, 7.77133635221e-11, 3.63252261604e-10, 7.84601064674e-11, 2.75818951012e-10, 6.05784936103e-11, 2.34201425614e-11, 1.04181082164e-11, 1.73449241081e-11, 1.41970853476e-12, 7.68242674337e-13, 2.68147971275e-13, 6.23177385888e-14], "var": [7.81801734462e-10, 1.67874560475e-07, 1.27529619931e-06, 2.1424859824e-06, 7.95137907517e-07, 3.11619237436e-06, 1.54638144068e-06, 7.76317108375e-07, 5.4586070064e-07, 6.35239274516e-08, 9.48152560909e-08, 8.29186816986e-08, 6.40235029437e-08, 2.4875722815e-08, 9.06231001352e-09, 7.56812834624e-09, 4.42400738265e-09, 3.70438391073e-09, 3.0