{"tonal": {"thpcp": [1, 0.818480372429, 0.684739470482, 0.619698107243, 0.545108020306, 0.54336053133, 0.567008256912, 0.538617789745, 0.532919824123, 0.504538714886, 0.437074482441, 0.465339541435, 0.486005485058, 0.508701264858, 0.552667915821, 0.429800599813, 0.35078778863, 0.436993181705, 0.499527305365, 0.582289934158, 0.801753759384, 0.895468294621, 0.728202044964, 0.591885924339, 0.576112926006, 0.557424664497, 0.525309026241, 0.487721085548, 0.440352171659, 0.435016900301, 0.461601853371, 0.508244693279, 0.570524275303, 0.608957469463, 0.745462298393, 0.972616791725], "hpcp": {"dmean2": [0.28573641181, 0.268884807825, 0.243284001946, 0.245019838214, 0.262406647205, 0.267194002867, 0.29468280077, 0.331745266914, 0.388268917799, 0.433612942696, 0.418871313334, 0.388822108507, 0.347604811192, 0.30288913846, 0.266612201929, 0.266996860504, 0.270722955465, 0.266683697701, 0.256818175316, 0.246301844716, 0.215232282877, 0.221228718758, 0.219158530235, 0.242318660021, 0.283682078123, 0.226260513067, 0.192554444075, 0.234751597047, 0.287958353758, 0.333144336939, 0.357411026955, 0.34575843811, 0.339549332857, 0.305488169193, 0.299269378185, 0.300546377897], "median": [0.0662075579166, 0.0627860873938, 0.0606411918998, 0.0587331652641, 0.062413662672, 0.0723121613264, 0.083260089159, 0.0892326384783, 0.114703088999, 0.145845144987, 0.154070615768, 0.120839312673, 0.095763631165, 0.0824662148952, 0.0754237920046, 0.0772569701076, 0.0838851928711, 0.0860468745232, 0.0863167345524, 0.0787786543369, 0.0658880919218, 0.063451141119, 0.0667395815253, 0.074490994215, 0.071035169065, 0.0626485496759, 0.0455002225935, 0.0492618009448, 0.054136171937, 0.0746998637915, 0.11209474504, 0.134745001793, 0.115202590823, 0.0940991938114, 0.0849046856165, 0.0750398784876], "min": [0, 0, 0, 0, 0, 0, 0, 0, 0, 0, 0, 0, 0, 0, 0, 0, 0, 0, 0, 0, 0, 0, 0, 0, 0, 0, 0, 0, 0, 0, 0, 0, 0, 0, 0, 0], "dvar2": [0.151163041592, 0.140311151743, 0.122685261071, 0.128513216972, 0.143437772989, 0.135966226459, 0.148646190763, 0.158067509532, 0.17812204361, 0.19958370924, 0.17851819098, 0.173265218735, 0.165796250105, 0.143492221832, 0.12536098063, 0.128809049726, 0.128892183304, 0.127296730876, 0.124345690012, 0.115969955921, 0.0933148786426, 0.0987483337522, 0.0984908863902, 0.0941417142749, 0.144140645862, 0.0939272046089, 0.0895919129252, 0.120017834008, 0.167071416974, 0.163055673242, 0.155119225383, 0.144109919667, 0.147275552154, 0.139428272843, 0.140850692987, 0.153944954276], "dvar": [0.054672781378, 0.0504738613963, 0.043823286891, 0.0452266857028, 0.0502184517682, 0.048959877342, 0.0536520443857, 0.0572793185711, 0.0637027993798, 0.0729885324836, 0.0685363560915, 0.0634243860841, 0.0592776909471, 0.0528828203678, 0.0458671525121, 0.047212459147, 0.046531252563, 0.0458394177258, 0.0443273819983, 0.0414146892726, 0.0334791056812, 0.0364487208426, 0.0368565283716, 0.0346059240401, 0.0522074699402, 0.0336225479841, 0.0318916253746, 0.0441095083952, 0.0606148540974, 0.0597692653537, 0.0585553534329, 0.055857270956, 0.0521144047379, 0.0490300282836, 0.0512667931616, 0.0551100894809], "dmean": [0.158156082034, 0.148585662246, 0.134862676263, 0.134147301316, 0.144690051675, 0.148896664381, 0.16471233964, 0.183311626315, 0.214461043477, 0.244268834591, 0.238790482283, 0.217850074172, 0.194767132401, 0.169569134712, 0.150452032685, 0.149388045073, 0.152007684112, 0.149345785379, 0.14437943697, 0.138123750687, 0.121388465166, 0.124702319503, 0.124321877956, 0.13765142858, 0.160904511809, 0.127371653914, 0.107668973505, 0.132245749235, 0.160581707954, 0.185305520892, 0.203119382262, 0.200346976519, 0.191607445478, 0.16973669827, 0.166371285915, 0.166167080402], "max": [1, 1, 1, 1, 1, 1, 1, 1, 1, 1, 1, 1, 1, 1, 1, 1, 1, 1, 1, 1, 1, 1, 1, 1, 1, 1, 1, 1, 1, 1, 1, 1, 1, 1, 1, 1], "var": [0.051223129034, 0.0453406535089, 0.0376484952867, 0.0377099961042, 0.0409890785813, 0.0430233627558, 0.0491545833647, 0.0527809597552, 0.0634434372187, 0.0957192927599, 0.0965218767524, 0.0767663419247, 0.0634701400995, 0.0575763508677, 0.0463832877576, 0.0497226156294, 0.0493351183832, 0.0426236204803, 0.0410912148654, 0.0394977480173, 0.0321509800851, 0.0415716059506, 0.0442761518061, 0.0405399501324, 0.0550846643746, 0.0317370593548, 0.02615002729, 0.0429993383586, 0.0542463846505, 0.0545801632106, 0.0754345059395, 0.08499250561, 0.0628282353282, 0.0466988272965, 0.0495994761586, 0.0515214242041], "mean": [0.155542925, 0.144413217902, 0.130387380719, 0.128807619214, 0.136679366231, 0.150490224361, 0.168931081891, 0.180311068892, 0.220729872584, 0.287989854813, 0.296097964048, 0.242350369692, 0.202749967575, 0.18349134922, 0.161405369639, 0.160887941718, 0.167889997363, 0.159483626485, 0.157796472311, 0.14939288795, 0.129416868091, 0.137786090374, 0.143905237317, 0.150625407696, 0.163643836975, 0.127263084054, 0.103867553174, 0.129392787814, 0.147909015417, 0.17241486907, 0.237397655845, 0.2651463449, 0.215619146824, 0.175256222486, 0.170585855842, 0.165052309632]}, "tuning_equal_tempered_deviation": 0.25904327631, "chords_changes_rate": 0.0964609384537, "key_key": "C", "tuning_diatonic_strength": 0.700317084789, "key_scale": "minor", "chords_number_rate": 0.00323694432154, "tuning_frequency": 434.193115234, "tuning_nontempered_energy_ratio": 0.909767329693, "chords_histogram": [29.6719894409, 0.345274060965, 0.474751830101, 0.539490699768, 1.07898139954, 0.258955538273, 1.2300388813, 22.9175662994, 2.33060002327, 6.15019416809, 1.79110920429, 2.24428129196, 1.33793699741, 1.72637033463, 6.10703516006, 0.668968498707, 2.09322404861, 0, 0, 0.56107032299, 0.0215796288103, 7.22917556763, 2.37375926971, 8.84764766693], "key_strength": 0.762578368187, "chords_key": "C", "chords_strength": {"dmean2": 0.0184312034398, "median": 0.518280506134, "min": -1, "dvar2": 0.0010632048361, "dvar": 0.000553946010768, "dmean": 0.014493339695, "max": 0.876098036766, "var": 0.0537187121809, "mean": 0.498108625412}, "chords_scale": "minor", "hpcp_entropy": {"dmean2": 1.13177406788, "median": 3.10464859009, "min": 0, "dvar2": 0.824856996536, "dvar": 0.288994431496, "dmean": 0.658059298992, "max": 4.64924716949, "var": 0.737684726715, "mean": 2.95236539841}}, "metadata": {"audio_properties": {"equal_loudness": 0, "codec": "mp3", "downmix": "mix", "sample_rate": 44100, "analysis_sample_rate": 44100, "bit_rate": 320000, "md5_encoded": "81dd0e7714e0ed089c97eb1f5224a5a5", "length": 215.118362427, "replay_gain": -14.7596035004, "lossless": false}, "version": {"essentia_build_sha": "2d9f1f26377add8aeb1075a9c2973f962c4f09fd", "essentia": "2.1-beta2", "extractor": "music 1.0", "essentia_git_sha": "v2.1_beta2-1-ge3940c0"}, "tags": {"title": ["Funeral Monolith"], "barcode": ["621617105225"], "media": ["CD"], "albumartist": ["The Secret"], "length": ["215120"], "isrc": ["GFR052"], "musicbrainz_recordingid": ["06c74027-615b-4ffb-9f28-80f40c5acd3a"], "originalyear": ["2008"], "discnumber": ["1/1"], "album": ["Disintoxication"], "catalognumber": ["GFR052"], "musicbrainz album release country": ["IT"], "musicbrainz album type": ["album"], "musicbrainz album status": ["official"], "file_name": "07 Funeral Monolith.mp3", "musicbrainz_albumartistid": ["2478c6b7-d46e-4e64-ab3c-ad3cf13df795"], "date": ["2008"], "genre": ["Grindcore/Black Metal"], "musicbrainz_releasegroupid": ["e45a6711-2623-3597-9bcb-369bb8faf5c5"], "musicbrainz_artistid": ["2478c6b7-d46e-4e64-ab3c-ad3cf13df795"], "originaldate": ["2008"], "musicbrainz_albumid": ["22eb3ac9-e8db-45a4-94da-05e5a52afbf8"], "artist": ["The Secret"], "artistsort": ["Secret, The"], "tracknumber": ["7/10"], "label": ["Goodfellow Records"], "albumartistsort": ["Secret, The"], "acoustid_id": ["08f26101-9197-4b88-a7fa-dedb8889797b"], "script": ["Latn"]}}, "rhythm": {"bpm_histogram_first_peak_bpm": {"dmean2": 0, "median": 129, "min": 129, "dvar2": 0, "dvar": 0, "dmean": 0, "max": 129, "var": 0, "mean": 129}, "bpm": 129.646499634, "bpm_histogram_second_peak_spread": {"dmean2": 0, "median": 0.609929084778, "min": 0.609929084778, "dvar2": 0, "dvar": 0, "dmean": 0, "max": 0.609929084778, "var": 0, "mean": 0.609929084778}, "bpm_histogram_first_peak_weight": {"dmean2": 0, "median": 0.22499999404, "min": 0.22499999404, "dvar2": 0, "dvar": 0, "dmean": 0, "max": 0.22499999404, "var": 0, "mean": 0.22499999404}, "onset_rate": 1.59901177883, "beats_position": [0.615328788757, 1.23065757751, 1.83437633514, 2.43809509277, 3.04181408882, 3.64553284645, 4.26086139679, 4.87619018555, 5.47990942001, 6.10684776306, 6.73378658295, 7.37233543396, 8.01088428497, 8.62621307373, 9.26476192474, 9.89170074463, 10.5186395645, 11.1455783844, 11.7725172043, 12.3994560242, 13.0147848129, 13.6185035706, 14.2338323593, 14.8491611481, 15.4644899368, 16.0914287567, 16.6951465607, 17.298866272, 17.8909740448, 18.483083725, 19.0751914978, 19.667301178, 20.2594108582, 20.851518631, 21.4436283112, 22.035736084, 22.6278457642, 23.219953537, 23.800453186, 24.3925609589, 24.984670639, 25.5767803192, 26.168888092, 26.7493877411, 27.3414955139, 27.9336051941, 28.5257129669, 29.1294326782, 29.7215423584, 30.3020401001, 30.8941497803, 31.4862575531, 32.0783653259, 32.6704750061, 33.2741928101, 33.8779144287, 34.4700202942, 35.0621299744, 35.6426315308, 36.211517334, 36.8036270142, 37.3957366943, 37.9878463745, 38.5683441162, 39.1720619202, 39.7641716003, 40.344669342, 40.9367790222, 41.5288887024, 42.1558265686, 42.7943763733, 43.3980941772, 43.9902038574, 44.5707015991, 45.011882782, 45.4530601501, 45.9058494568, 46.3702468872, 46.8346481323, 47.2990455627, 47.7634468079, 48.2162361145, 48.6690254211, 49.1334228516, 49.5978240967, 50.0506095886, 50.5033988953, 50.9678001404, 51.4321975708, 51.8965988159, 52.3493881226, 52.8021774292, 53.2665748596, 53.7193641663, 54.1721534729, 54.6249427795, 55.08934021, 55.5537414551, 56.0065307617, 56.4593200684, 56.912109375, 57.3765068054, 57.8409042358, 58.305305481, 58.7813148499, 59.2573242188, 59.7217216492, 60.1861228943, 60.6505203247, 61.1149177551, 61.5793190002, 62.0437164307, 62.5197257996, 62.9957351685, 63.4717445374, 63.9477539063, 64.4237594604, 64.899772644, 65.3757781982, 65.8517913818, 66.316192627, 66.7805862427, 67.2449874878, 67.7093887329, 68.1737823486, 68.6265716553, 69.0793609619, 69.543762207, 70.0081634521, 70.4725646973, 70.9253463745, 71.3781356812, 71.8193206787, 72.2837142944, 72.7481155396, 73.2357330322, 73.7233581543, 74.210975647, 74.6985931396, 75.1862106323, 75.6506118774, 76.1150131226, 76.5794067383, 77.0321960449, 77.49659729, 77.9493865967, 78.4021759033, 78.85496521, 79.3193664551, 79.7837600708, 80.2481613159, 80.712562561, 81.1769561768, 81.6297454834, 82.105758667, 82.5817642212, 83.0693893433, 83.5686187744, 84.0562362671, 84.5322418213, 85.0082550049, 85.4842605591, 85.9602737427, 86.4246673584, 86.900680542, 87.3766860962, 87.8410873413, 88.2938766479, 88.7466659546, 89.2110671997, 89.6754608154, 90.1398620605, 90.6042633057, 91.0686569214, 91.5330581665, 91.9974594116, 92.4734649658, 92.9494781494, 93.4254837036, 93.9131011963, 94.3891143799, 94.8767318726, 95.3411331177, 95.8055343628, 96.281539917, 96.7575454712, 97.2219467163, 97.6863479614, 98.1391372681, 98.6035385132, 99.0795440674, 99.5439453125, 100.008346558, 100.472740173, 100.937141418, 101.401542664, 101.877548218, 102.341949463, 102.817955017, 103.305580139, 103.781585693, 104.245986938, 104.710380554, 105.186393738, 105.650794983, 106.10358429, 106.556373596, 107.009155273, 107.46194458, 107.914733887, 108.367523193, 108.8203125, 109.273101807, 109.714286804, 110.17868042, 110.631469727, 111.084259033, 111.53704834, 111.989837646, 112.442626953, 112.89541626, 113.348205566, 113.800994873, 114.265396118, 114.706573486, 115.159362793, 115.6121521, 116.064941406, 116.517730713, 116.97052002, 117.423309326, 117.887710571, 118.340499878, 118.793289185, 119.246078491, 119.698867798, 120.140045166, 120.604438782, 121.068840027, 121.533241272, 121.997642517, 122.462036133, 122.926437378, 123.390838623, 123.855232239, 124.308021545, 124.760810852, 125.213600159, 125.666389465, 126.13079071, 126.595191956, 127.047981262, 127.500770569, 127.965164185, 128.42956543, 128.893966675, 129.35836792, 129.822769165, 130.28717041, 130.751556396, 131.204345703, 131.668746948, 132.144760132, 132.609161377, 133.073562622, 133.537963867, 134.002349854, 134.466751099, 134.931152344, 135.407165527, 135.883178711, 136.359176636, 136.846801758, 137.34602356, 137.822036743, 138.298049927, 138.78565979, 139.273284912, 139.900222778, 140.538772583, 141.177322388, 141.792648315, 142.407974243, 143.034912109, 143.661849976, 144.277191162, 144.89251709, 145.496231079, 146.111557007, 146.715286255, 147.330612183, 147.957550049, 148.584487915, 149.211425781, 149.861587524, 150.511749268, 151.161895752, 151.812057495, 152.462219238, 153.112380981, 153.750930786, 154.389480591, 155.016418457, 155.643356323, 156.270294189, 156.885620117, 157.500946045, 158.116271973, 158.731613159, 159.358551025, 159.973876953, 160.589202881, 161.216140747, 161.831466675, 162.446792603, 163.062133789, 163.677459717, 164.292785645, 164.908111572, 165.535049438, 166.161987305, 166.788925171, 167.415863037, 168.042816162, 168.669754028, 169.296691895, 169.923629761, 170.550567627, 171.177505493, 171.816055298, 172.442993164, 173.058319092, 173.662033081, 174.288970947, 174.904312134, 175.53125, 176.146575928, 176.785125732, 177.423675537, 178.062225342, 178.67755127, 179.304489136, 179.919815063, 180.535140991, 181.138870239, 181.754196167, 182.369522095, 182.996459961, 183.611785889, 184.227111816, 184.865661621, 185.492599487, 186.107940674, 186.73487854, 187.361816406, 187.988754272, 188.615692139, 189.242630005, 189.869567871, 190.496505737, 191.100219727, 191.715545654, 192.330886841, 192.946212769, 193.561538696, 194.188476563, 194.815414429, 195.442352295, 196.069290161, 196.696228027, 197.323165894, 197.961715698, 198.588653564, 199.203994751, 199.830932617, 200.457870483, 201.073196411, 201.688522339, 202.361907959, 203.03527832, 203.685440063, 204.335601807, 204.985748291, 205.635910034, 206.297683716, 206.959457397, 207.632827759, 208.259765625, 208.886703491, 209.513641357, 210.012878418, 210.51210022, 211.01133728, 211.429290771, 211.858856201, 212.276824951, 212.694778442, 213.112747192, 213.530700684, 213.948654175, 214.366622925], "beats_loudness": {"dmean2": 0.033188957721, "median": 0.0481968335807, "min": 0, "dvar2": 0.000805304211099, "dvar": 0.000264728732873, "dmean": 0.0189588516951, "max": 0.112341761589, "var": 0.000444368837634, "mean": 0.0495782345533}, "danceability": 1.00744795799, "bpm_histogram_second_peak_weight": {"dmean2": 0, "median": 0.13750000298, "min": 0.13750000298, "dvar2": 0, "dvar": 0, "dmean": 0, "max": 0.13750000298, "var": 0, "mean": 0.13750000298}, "beats_count": 401, "bpm_histogram_second_peak_bpm": {"dmean2": 0, "median": 96, "min": 96, "dvar2": 0, "dvar": 0, "dmean": 0, "max": 96, "var": 0, "mean": 96}, "bpm_histogram_first_peak_spread": {"dmean2": 0, "median": 0.50819671154, "min": 0.50819671154, "dvar2": 0, "dvar": 0, "dmean": 0, "max": 0.50819671154, "var": 0, "mean": 0.50819671154}, "beats_loudness_band_ratio": {"dmean2": [0.334546625614, 0.149086654186, 0.122729033232, 0.129823490977, 0.106223858893, 0.0571122765541], "median": [0.563143730164, 0.072720721364, 0.079715102911, 0.090499214828, 0.0912255495787, 0.0436298698187], "min": [0, 0, 0, 0, 0, 0], "dvar2": [0.0658164545894, 0.0153437936679, 0.014444777742, 0.0146510191262, 0.0118330316618, 0.0032385122031], "dvar": [0.0242145042866, 0.00623533781618, 0.00498202303424, 0.00520442891866, 0.00437263865024, 0.00120129447896], "dmean": [0.192795336246, 0.0861366018653, 0.0708217695355, 0.0726621523499, 0.0596713162959, 0.0323078818619], "max": [0.987273335457, 0.484751075506, 0.457522600889, 0.465233057737, 0.528093636036, 0.29408171773], "var": [0.0479713752866, 0.00925633125007, 0.00640078028664, 0.00680774264038, 0.00568609219044, 0.00174769735895], "mean": [0.555090427399, 0.109999984503, 0.100430905819, 0.106584571302, 0.105236232281, 0.0523895770311]}}, "lowlevel": {"barkbands_spread": {"dmean2": 9.45390605927, "median": 32.1503219604, "min": 0.399043411016, "dvar2": 76.6231918335, "dvar": 32.6875190735, "dmean": 5.81566572189, "max": 130.290847778, "var": 117.831428528, "mean": 31.1634407043}, "melbands_spread": {"dmean2": 14.3617124557, "median": 30.4446277618, "min": 0.399852782488, "dvar2": 157.805511475, "dvar": 63.9497108459, "dmean": 8.83523273468, "max": 190.471191406, "var": 427.403900146, "mean": 32.5470695496}, "hfc": {"dmean2": 9.51662063599, "median": 33.1259002686, "min": 1.06579409513e-16, "dvar2": 116.573432922, "dvar": 45.8852462769, "dmean": 5.83694171906, "max": 112.029800415, "var": 223.9793396, "mean": 32.8646202087}, "barkbands_kurtosis": {"dmean2": 2.96894574165, "median": 0.076428309083, "min": -1.84698784351, "dvar2": 20.7472400665, "dvar": 8.66856861115, "dmean": 1.82649970055, "max": 78.2833557129, "var": 35.1778259277, "mean": 1.88014054298}, "gfcc": {"mean": [28.4300498962, 82.8897399902, -119.613937378, 44.6292610168, -43.9030075073, 22.1060295105, -31.6729602814, 13.0559043884, -21.5379486084, 4.50000143051, -16.4757995605, -2.16736984253, -9.18682193756], "icov": [[0.000192898718524, -0.000475920271128, 0.000402008416131, -0.000268906645942, 0.000164178127307, -0.000514555489644, 0.000716035079677, -0.000795862521045, 0.000749443774112, -0.000977849238552, 0.00139586965088, -0.00147759355605, 0.000955483643338], [-0.000475920271128, 0.00276528205723, -0.000685103295837, 0.000258331361692, -0.00130354845896, 0.00191077915952, -0.00143970630597, 0.00155329180416, -0.00156237347983, 0.00449858559296, -0.00477992044762, 0.0058332439512, -0.00284387846477], [0.000402008416131, -0.000685103295837, 0.00341992499307, -0.000566398666706, -0.00184857181739, 0.00109398993663, 0.00013300064893, -0.000858205661643, -0.000255107675912, -0.00104018882848, 0.00339826080017, -0.00507141230628, 0.00353787699714], [-0.000268906645942, 0.000258331361692, -0.000566398666706, 0.00711809284985, 0.00172018771991, -0.00332978693768, 0.00285938917659, 0.00116170337424, -0.00276474654675, 0.000752869877033, -0.00417994149029, 0.00571150379255, -0.0034144197125], [0.000164178127307, -0.00130354845896, -0.00184857181739, 0.00172018771991, 0.0106013994664, -0.00306801265106, -0.00314750499092, 0.00419855909422, -0.000521271605976, -0.00376032246277, -0.000448781414889, 0.00157139101066, -0.00162970239762], [-0.000514555489644, 0.00191077915952, 0.00109398993663, -0.00332978693768, -0.00306801265106, 0.0166731346399, -0.00852752290666, -0.00317986845039, 0.00261316192336, 0.0016515472671, -0.00103181449231, -0.00378634873778, 0.00150461588055], [0.000716035079677, -0.00143970630597, 0.00013300064893, 0.00285938917659, -0.00314750499092, -0.00852752290666, 0.023695256561, -0.0113504827023, -0.000965386803728, 0.00599763216451, -0.00261100288481, -0.00155658402946, 0.000503238523379], [-0.000795862521045, 0.00155329180416, -0.000858205661643, 0.00116170337424, 0.00419855909422, -0.00317986845039, -0.0113504827023, 0.027565523982, -0.0112797152251, -0.0049773552455, 0.00370377115905, 0.00504034245387, -0.00688447477296], [0.000749443774112, -0.00156237347983, -0.000255107675912, -0.00276474654675, -0.000521271605976, 0.00261316192336, -0.000965386803728, -0.0112797152251, 0.0274946894497, -0.0122170355171, 0.00235667382367, -0.000117730800412, 0.00146551814396], [-0.000977849238552, 0.00449858559296, -0.00104018882848, 0.000752869877033, -0.00376032246277, 0.0016515472671, 0.00599763216451, -0.0049773552455, -0.0122170355171, 0.0378806814551, -0.0210465192795, 0.00319889793172, 0.00364744267426], [0.00139586965088, -0.00477992044762, 0.00339826080017, -0.00417994149029, -0.000448781414889, -0.00103181449231, -0.00261100288481, 0.00370377115905, 0.00235667382367, -0.0210465192795, 0.0435525476933, -0.0197922307998, 0.00122911960352], [-0.00147759355605, 0.0058332439512, -0.00507141230628, 0.00571150379255, 0.00157139101066, -0.00378634873778, -0.00155658402946, 0.00504034245387, -0.000117730800412, 0.00319889793172, -0.0197922307998, 0.044967725873, -0.017527597025], [0.000955483643338, -0.00284387846477, 0.00353787699714, -0.0034144197125, -0.00162970239762, 0.00150461588055, 0.000503238523379, -0.00688447477296, 0.00146551814396, 0.00364744267426, 0.00122911960352, -0.017527597025, 0.0353443659842]], "cov": [[39056.4921875, 351.522186279, -4064.7956543, 1412.81481934, -1727.76208496, 1163.49609375, -937.078979492, 691.841491699, -607.013183594, 363.307678223, -530.580871582, 258.223114014, -331.103790283], [351.522186279, 995.654846191, 12.3663215637, 18.2580223083, 100.478317261, -103.674476624, 8.37551403046, -69.8600234985, -13.878575325, -97.7001113892, 10.96276474, -100.412895203, 26.9360275269], [-4064.7956543, 12.3663215637, 851.256469727, -181.93270874, 259.38458252, -140.387496948, 103.581939697, -73.4095993042, 77.3601150513, -25.97615242, 41.7827339172, -1.81062090397, 7.38156557083], [1412.81481934, 18.2580223083, -181.93270874, 247.524261475, -92.5050354004, 58.3371505737, -55.9761314392, 26.381734848, -1.83834254742, 23.8515033722, -2.52341508865, -8.14710330963, -1.75213074684], [-1727.76208496, 100.478317261, 259.38458252, -92.5050354004, 223.620880127, -34.3691902161, 73.4548339844, -39.9564094543, 29.8941383362, -13.2992591858, 33.4061584473, -10.2424955368, 16.7293949127], [1163.49609375, -103.674476624, -140.387496948, 58.3371505737, -34.3691902161, 154.994491577, 28.0357837677, 60.189414978, -13.0244369507, 19.7195415497, -7.88353490829, 30.8886299133, -2.86828970909], [-937.078979492, 8.37551403046, 103.581939697, -55.9761314392, 73.4548339844, 28.0357837677, 117.03629303, 28.7344837189, 27.40583992, -14.2178611755, 15.6713638306, 2.24377393723, 17.2533454895], [691.841491699, -69.8600234985, -73.4095993042, 26.381734848, -39.9564094543, 60.189414978, 28.7344837189, 97.0509185791, 26.2081508636, 26.6207408905, -10.8006486893, 10.7697057724, 1.5452901125], [-607.013183594, -13.878575325, 77.3601150513, -1.83834254742, 29.8941383362, -13.0244369507, 27.40583992, 26.2081508636, 75.0958709717, 23.7431182861, 15.6867818832, -5.97807741165, 4.94532728195], [363.307678223, -97.7001113892, -25.97615242, 23.8515033722, -13.2992591858, 19.7195415497, -14.2178611755, 26.6207408905, 23.7431182861, 67.0005722046, 18.331205368, 17.2204093933, -8.83980369568], [-530.580871582, 10.96276474, 41.7827339172, -2.52341508865, 33.4061584473, -7.88353490829, 15.6713638306, -10.8006486893, 15.6867818832, 18.331205368, 53.3256492615, 13.1722145081, 12.4841079712], [258.223114014, -100.412895203, -1.81062090397, -8.14710330963, -10.2424955368, 30.8886299133, 2.24377393723, 10.7697057724, -5.97807741165, 17.2204093933, 13.1722145081, 54.7826042175, 9.79258346558], [-331.103790283, 26.9360275269, 7.38156557083, -1.75213074684, 16.7293949127, -2.86828970909, 17.2533454895, 1.5452901125, 4.94532728195, -8.83980369568, 12.4841079712, 9.79258346558, 44.5812568665]]}, "spectral_energyband_middle_low": {"dmean2": 0.00890263915062, "median": 0.00905699469149, "min": 1.62352534652e-22, "dvar2": 0.000137745446409, "dvar": 5.59555410291e-05, "dmean": 0.00538574019447, "max": 0.0716045722365, "var": 8.0944308138e-05, "mean": 0.0111783221364}, "melbands_crest": {"dmean2": 6.42803955078, "median": 13.8936424255, "min": 1.50490093231, "dvar2": 26.8026275635, "dvar": 10.3323535919, "dmean": 3.96008419991, "max": 32.7879524231, "var": 27.0451221466, "mean": 14.2155036926}, "spectral_kurtosis": {"dmean2": 2.1764330864, "median": 3.32683873177, "min": -1.26463472843, "dvar2": 25.0328540802, "dvar": 8.38557529449, "dmean": 1.24922204018, "max": 87.8319473267, "var": 46.572479248, "mean": 4.5360417366}, "spectral_rms": {"dmean2": 0.00152726506349, "median": 0.00627042492852, "min": 3.10363540423e-12, "dvar2": 1.9390045054e-06, "dvar": 8.29553755466e-07, "dmean": 0.000950461078901, "max": 0.0111481677741, "var": 3.39537086802e-06, "mean": 0.00609510578215}, "zerocrossingrate": {"dmean2": 0.011920039542, "median": 0.0673828125, "min": 0.00390625, "dvar2": 0.000114949049021, "dvar": 7.46968871681e-05, "dmean": 0.00922348257154, "max": 0.52783203125, "var": 0.00453008525074, "mean": 0.075066998601}, "silence_rate_60dB": {"dmean2": 0.00345423142426, "median": 0, "min": 0, "dvar2": 0.00473738415167, "dvar": 0.00172388495412, "dmean": 0.0017269293312, "max": 1, "var": 0.0390313267708, "mean": 0.0406863801181}, "erbbands_kurtosis": {"dmean2": 1.03007209301, "median": -0.0538906008005, "min": -1.63305735588, "dvar2": 2.55652165413, "dvar": 1.0504565239, "dmean": 0.623917162418, "max": 36.3204994202, "var": 6.34804153442, "mean": 0.404985070229}, "erbbands": {"dmean2": [0.480921506882, 3.37142896652, 8.04068660736, 10.7328414917, 17.9858322144, 8.83915042877, 12.5555257797, 15.7068710327, 18.1494960785, 27.1976089478, 22.2114067078, 32.3485603333, 34.7870635986, 38.3988647461, 42.9471054077, 40.3645362854, 33.7380599976, 42.619972229, 47.5757217407, 33.274269104, 55.161026001, 40.6713066101, 20.0508174896, 22.1401481628, 18.2704429626, 25.3331546783, 9.6921339035, 10.6074266434, 6.78568649292, 5.69106006622, 3.35844159126, 2.31132149696, 1.55100858212, 0.773527443409, 0.330537497997, 0.119749978185, 0.0403510145843, 0.00816959794611, 0.0008533798391, 3.6047447793e-05], "median": [0.168505012989, 1.98810255527, 5.16836261749, 6.62759399414, 5.56538009644, 4.84291362762, 6.62506055832, 7.59063339233, 9.99167442322, 11.2945308685, 12.5541419983, 17.8219356537, 20.8535270691, 21.6366653442, 25.2407302856, 26.2750740051, 28.0115642548, 40.4965820313, 47.2603340149, 33.4181213379, 64.0019454956, 51.2615737915, 26.9968795776, 29.1246452332, 26.7565841675, 30.819858551, 16.1030521393, 14.7011022568, 7.52036190033, 6.05741930008, 4.11535644531, 3.04088759422, 2.10377025604, 1.05475318432, 0.383981078863, 0.119586393237, 0.0317464992404, 0.00431557744741, 0.000169292863575, 6.12901640125e-05], "min": [7.92611086856e-23, 7.92958337115e-22, 1.05223250615e-21, 6.01671709746e-21, 1.09123629346e-20, 2.02765507241e-20, 1.66113861313e-20, 6.86511440805e-20, 1.08467844757e-19, 1.2199042539e-19, 1.63852524002e-19, 2.88797599766e-19, 3.73152780701e-19, 6.33081441047e-19, 8.217045735e-19, 1.12244624772e-18, 1.57734006013e-18, 1.9075703096e-18, 2.0847184824e-18, 3.07693155332e-18, 3.04205389639e-18, 4.64517210972e-18, 4.37306980645e-18, 6.00415292835e-18, 7.64422667633e-18, 7.69519423695e-18, 8.42270289441e-18, 9.17730668002e-18, 1.06283220951e-17, 1.09200695244e-17, 8.53483549825e-18, 9.36974859517e-18, 1.01516898728e-17, 7.70036659732e-18, 5.53442063313e-18, 4.29058790526e-18, 2.20820827605e-18, 9.02603561191e-19, 2.24667682742e-19, 2.45628875673e-20], "dvar2": [0.521166801453, 17.9979515076, 72.0670318604, 144.036209106, 903.863220215, 185.322952271, 348.849090576, 673.419494629, 627.341125488, 2767.64306641, 1199.59521484, 2800.88989258, 3094.82592773, 3765.88476563, 3995.72485352, 4070.25219727, 2117.64282227, 2492.81616211, 3076.47753906, 2058.43212891, 3588.83740234, 1796.14318848, 529.868469238, 563.400756836, 393.727508545, 934.339050293, 117.246009827, 145.27381897, 100.845970154, 107.236366272, 36.5772666931, 26.8514232635, 11.3261728287, 2.76979160309, 0.407900065184, 0.103248693049, 0.0171999838203, 0.000572753953747, 5.61488513995e-06, 3.45507733535e-09], "dvar": [0.215193256736, 7.24709844589, 25.7178707123, 51.901386261, 359.414916992, 67.7377929688, 129.655319214, 251.557098389, 237.004562378, 1078.17578125, 473.141815186, 1066.28051758, 1177.5057373, 1405.59179688, 1488.11413574, 1527.77758789, 785.295959473, 933.595336914, 1152.80688477, 781.355712891, 1283.87573242, 662.789123535, 192.608093262, 205.356658936, 144.024841309, 349.558868408, 42.6310043335, 58.0386314392, 37.1215858459, 38.7483100891, 13.6930103302, 11.427063942, 4.78436756134, 1.1376966238, 0.161677449942, 0.0424854680896, 0.00663722958416, 0.00021872355137, 2.34089793594e-06, 1.46301293302e-09], "dmean": [0.294109582901, 2.05939793587, 4.6986079216, 6.19458961487, 10.770359993, 5.18441820145, 7.3970284462, 9.12000846863, 10.6351194382, 15.9035816193, 13.1613969803, 19.1852359772, 20.7328777313, 23.0118045807, 25.4969425201, 24.1950149536, 20.2013072968, 25.521364212, 28.4138660431, 19.8386554718, 32.7575759888, 24.2485370636, 11.8983745575, 13.0111503601, 10.8452243805, 15.1227989197, 5.77502393723, 6.37731695175, 3.91754293442, 3.27203321457, 1.95507156849, 1.3771725893, 0.956895053387, 0.472839534283, 0.203756302595, 0.0741728022695, 0.0254191439599, 0.0051844692789, 0.00055081571918, 2.28796307056e-05], "max": [3.63824081421, 25.1069641113, 48.0249176025, 79.6121063232, 193.719650269, 105.296051025, 262.198913574, 234.109664917, 262.206390381, 592.557128906, 392.31350708, 685.073730469, 795.687683105, 861.530334473, 662.901733398, 602.329040527, 639.684997559, 506.90057373, 620.947692871, 723.80670166, 488.483642578, 424.68536377, 222.66116333, 264.195495605, 255.174758911, 406.046783447, 127.547660828, 243.88079834, 160.567169189, 185.446273804, 106.360710144, 129.747421265, 80.1604995728, 27.4921283722, 9.14355659485, 6.89555168152, 3.35410714149, 0.473704636097, 0.0318664424121, 0.000860136467963], "var": [0.243551060557, 9.24201583862, 33.5428962708, 58.0311355591, 394.930297852, 69.8032684326, 166.433303833, 240.854064941, 309.050048828, 1052.26672363, 754.998352051, 1687.94384766, 2239.19018555, 3067.55322266, 3586.44799805, 3822.90234375, 1822.70080566, 1881.69348145, 2501.47143555, 1978.17163086, 2860.63623047, 1490.44519043, 419.067718506, 481.490600586, 397.376281738, 978.588500977, 110.010749817, 161.163131714, 51.3342399597, 45.5853691101, 17.4696388245, 14.6895942688, 6.93336296082, 1.57379424572, 0.278444617987, 0.0615496486425, 0.0076579763554, 0.000323802960338, 4.94726236866e-06, 3.45369310928e-09], "mean": [0.341779470444, 2.89296483994, 6.70795679092, 8.59753990173, 12.3106489182, 7.26182746887, 10.5730352402, 11.9789428711, 15.037940979, 20.1939525604, 20.8582763672, 30.9908504486, 36.5267562866, 42.0580444336, 48.373588562, 48.6977310181, 41.4344215393, 51.23595047, 59.7827758789, 46.2526359558, 75.0240325928, 58.2053222656, 30.7159233093, 33.0512962341, 30.0611038208, 38.6480560303, 17.4161071777, 17.0120449066, 8.75870037079, 7.08666324615, 4.65193891525, 3.43075799942, 2.47476506233, 1.2148141861, 0.495737671852, 0.172321230173, 0.0536784566939, 0.0102295866236, 0.00101799191907, 7.43110504118e-05]}, "spectral_strongpeak": {"dmean2": 0.460555642843, "median": 0.28139179945, "min": 0, "dvar2": 0.450257182121, "dvar": 0.161201894283, "dmean": 0.262760996819, "max": 5.28433942795, "var": 0.156008034945, "mean": 0.388294398785}, "spectral_energy": {"dmean2": 0.0208891890943, "median": 0.0403011851013, "min": 9.87336673193e-21, "dvar2": 0.000421710370574, "dvar": 0.000179847877007, "dmean": 0.0129372403026, "max": 0.127388671041, "var": 0.000401891302317, "mean": 0.0415592491627}, "average_loudness": 0.960232853889, "spectral_rolloff": {"dmean2": 864.548583984, "median": 1787.25585938, "min": 64.599609375, "dvar2": 724927.375, "dvar": 325642, "dmean": 523.716064453, "max": 19702.8808594, "var": 6989649, "mean": 2076.7265625}, "spectral_centroid": {"dmean2": 391.118408203, "median": 1904.23608398, "min": 128.400177002, "dvar2": 147187.796875, "dvar": 64202.6601563, "dmean": 240.865844727, "max": 11807.5986328, "var": 2008756.875, "mean": 2024.27783203}, "pitch_salience": {"dmean2": 0.148889869452, "median": 0.609161973, "min": 0.125827357173, "dvar2": 0.015701059252, "dvar": 0.00615814886987, "dmean": 0.0907554998994, "max": 0.935958623886, "var": 0.0137709239498, "mean": 0.589966058731}, "spectral_energyband_middle_high": {"dmean2": 0.00352854421362, "median": 0.00928766280413, "min": 1.20276806852e-21, "dvar2": 1.28613673951e-05, "dvar": 5.18811930306e-06, "dmean": 0.00221370765939, "max": 0.0426325723529, "var": 3.76389143639e-05, "mean": 0.0102313039824}, "spectral_contrast_coeffs": {"dmean2": [0.0983716920018, 0.0823558866978, 0.0628387928009, 0.0454068556428, 0.0310042351484, 0.0262610949576], "median": [-0.681868553162, -0.791369438171, -0.810009717941, -0.807104706764, -0.796662688255, -0.737528920174], "min": [-0.989979565144, -0.98210132122, -0.982309997082, -0.973216891289, -0.9688398242, -0.96754693985], "dvar2": [0.00592429516837, 0.00414615496993, 0.00238579139113, 0.00122545904014, 0.000599622784648, 0.000479051232105], "dvar": [0.00216916925274, 0.00145369127858, 0.00082259089686, 0.000426676619099, 0.000206709839404, 0.000173498745426], "dmean": [0.0586411207914, 0.04822338745, 0.0365536212921, 0.0266325492412, 0.0183114632964, 0.0156509429216], "max": [-0.408115774393, -0.547437846661, -0.632114291191, -0.655765593052, -0.647037029266, -0.622485995293], "var": [0.005612146575, 0.00313573167659, 0.00217310828157, 0.00153963919729, 0.00127726281062, 0.00197535287589], "mean": [-0.681125700474, -0.78912550211, -0.809755563736, -0.809171259403, -0.800428450108, -0.745736777782]}, "melbands_skewness": {"dmean2": 1.20307314396, "median": 2.33416724205, "min": -1.10385227203, "dvar2": 1.20894777775, "dvar": 0.510595440865, "dmean": 0.751534044743, "max": 10.4339466095, "var": 1.73890817165, "mean": 2.51815009117}, "spectral_spread": {"dmean2": 532150.5625, "median": 4224197, "min": 978815.0625, "dvar2": 896586481664, "dvar": 454190039040, "dmean": 332889.46875, "max": 43115944, "var": 28069635031000.0, "mean": 4954667}, "dissonance": {"dmean2": 0.0148882409558, "median": 0.490032613277, "min": 0.216979712248, "dvar2": 0.000265912443865, "dvar": 9.38214579946e-05, "dmean": 0.00858750939369, "max": 0.500000119209, "var": 0.000155680347234, "mean": 0.487060695887}, "spectral_skewness": {"dmean2": 0.260995447636, "median": 1.2952054739, "min": -0.0939654558897, "dvar2": 0.118951708078, "dvar": 0.0406984053552, "dmean": 0.152628794312, "max": 7.69586610794, "var": 0.469680935144, "mean": 1.40270161629}, "spectral_flux": {"dmean2": 0.0435355715454, "median": 0.117890752852, "min": 6.48592290986e-11, "dvar2": 0.00186913716607, "dvar": 0.000707387051079, "dmean": 0.0262476187199, "max": 0.286657124758, "var": 0.0019900680054, "mean": 0.118812575936}, "spectral_contrast_valleys": {"dmean2": [0.638723731041, 0.58398103714, 0.468968749046, 0.370874196291, 0.288840502501, 0.262120038271], "median": [-6.40832042694, -6.14666938782, -6.4038438797, -6.54440069199, -6.44765758514, -9.29494476318], "min": [-28.2983589172, -28.2189826965, -27.7911872864, -27.6525440216, -27.6035404205, -27.4610691071], "dvar2": [0.262594074011, 0.221600413322, 0.146227568388, 0.099555760622, 0.0866189971566, 0.0973044857383], "dvar": [0.110448405147, 0.0929324924946, 0.0675880014896, 0.052238792181, 0.0484400577843, 0.0522697865963], "dmean": [0.377800613642, 0.347707688808, 0.281645148993, 0.223635867238, 0.175147041678, 0.162035033107], "max": [-5.14892578125, -4.64476442337, -4.98704004288, -5.45679521561, -5.60858058929, -7.7515296936], "var": [9.60964488983, 9.86276721954, 9.87358665466, 9.76296520233, 9.93674850464, 7.8896074295], "mean": [-6.96663475037, -6.70728158951, -6.97308254242, -7.13820791245, -7.08343601227, -9.94173908234]}, "erbbands_flatness_db": {"dmean2": 0.0165060479194, "median": 0.122892379761, "min": 0.0478565841913, "dvar2": 0.000189205689821, "dvar": 8.22858783067e-05, "dmean": 0.0104054640979, "max": 0.347032696009, "var": 0.00143942725845, "mean": 0.128983348608}, "spectral_energyband_high": {"dmean2": 0.000705473532435, "median": 0.00142592040356, "min": 7.03167336362e-21, "dvar2": 8.55643975228e-07, "dvar": 3.34511582878e-07, "dmean": 0.000421774719143, "max": 0.0127034150064, "var": 8.74566296716e-07, "mean": 0.00149856542703}, "spectral_entropy": {"dmean2": 0.114084526896, "median": 7.98323822021, "min": 4.64277791977, "dvar2": 0.0129486303777, "dvar": 0.00545070134103, "dmean": 0.0697038993239, "max": 9.8237991333, "var": 0.290805965662, "mean": 7.92628622055}, "silence_rate_20dB": {"dmean2": 0, "median": 1, "min": 1, "dvar2": 0, "dvar": 0, "dmean": 0, "max": 1, "var": 0, "mean": 1}, "melbands_flatness_db": {"dmean2": 0.0427071265876, "median": 0.148177757859, "min": 0.00277969823219, "dvar2": 0.00131034140941, "dvar": 0.000550767115783, "dmean": 0.0267122611403, "max": 0.646970629692, "var": 0.00702258571982, "mean": 0.163877531886}, "barkbands": {"dmean2": [0.000748056860175, 0.0144759938121, 0.00775798084214, 0.00407373066992, 0.0037640335504, 0.00187637272757, 0.00153813383076, 0.00104140781332, 0.00138439924922, 0.0012334753992, 0.00111712759826, 0.00108203466516, 0.000765590753872, 0.00110211921856, 0.000728811544832, 0.000934033188969, 0.000829082622658, 0.000390464119846, 0.000393671711208, 0.000466501864139, 0.000252069963608, 0.00020332801796, 0.000127903447719, 9.73323840299e-05, 5.31311925442e-05, 2.28913413594e-05, 4.32667275163e-06], "median": [0.000133669091156, 0.00805406924337, 0.00438048830256, 0.0018053924432, 0.00172499474138, 0.000983569771051, 0.000730149797164, 0.000517123262398, 0.000785222975537, 0.000666770210955, 0.000519569031894, 0.00065320788417, 0.000570234318729, 0.000951957248617, 0.000622518884484, 0.000982112134807, 0.000945149105974, 0.000486365344841, 0.00052104977658, 0.000612455711234, 0.000378688971978, 0.000216238200665, 0.000157526053954, 0.000136444694363, 7.41853873478e-05, 2.10964390135e-05, 7.78159915171e-07], "min": [1.31596112205e-25, 3.45143764316e-24, 7.0600171675e-25, 9.11729738298e-25, 6.56574808429e-24, 4.31711703447e-24, 9.97853351525e-24, 6.18566819484e-24, 7.75543276533e-24, 1.07054814612e-23, 1.14500920028e-23, 2.23352286465e-23, 2.32815745874e-23, 2.83983709656e-23, 3.96351234251e-23, 5.44190899192e-23, 6.84455732395e-23, 5.983566133e-23, 1.18209266791e-22, 1.56428933938e-22, 2.13141457079e-22, 2.84482604225e-22, 3.18147325397e-22, 4.97849435709e-22, 8.31445207228e-22, 1.30294416435e-21, 1.75775637829e-21], "dvar2": [1.83714655577e-06, 0.000337098201271, 6.78513461025e-05, 2.42144215008e-05, 3.4940399928e-05, 8.53797791933e-06, 6.15841008766e-06, 2.51770325121e-06, 4.72502188131e-06, 3.72066710952e-06, 2.9545808502e-06, 2.73305272458e-06, 1.08212850591e-06, 1.59597743732e-06, 9.53055348418e-07, 1.16667263228e-06, 7.46524790429e-07, 1.92928098386e-07, 1.6918447443e-07, 2.90203189479e-07, 7.90330076939e-08, 8.39531182351e-08, 5.78644474558e-08, 4.42726033612e-08, 1.33111086598e-08, 4.75652006671e-09, 1.39401726273e-10], "dvar": [6.61070941987e-07, 0.000146802995005, 2.4226403184e-05, 8.96469373401e-06, 1.39900821523e-05, 3.23932499668e-06, 2.367859679e-06, 9.93115918391e-07, 1.79427649982e-06, 1.36888445468e-06, 1.1038273442e-06, 1.01418663689e-06, 3.99712519084e-07, 5.95458402586e-07, 3.64687139154e-07, 4.20552169089e-07, 2.72939672641e-07, 6.93176218647e-08, 6.11391755001e-08, 1.10031926681e-07, 2.99500690915e-08, 3.09668166665e-08, 2.11870130329e-08, 1.9415860919e-08, 5.34697930377e-09, 1.89063276146e-09, 5.82569548158e-11], "dmean": [0.000430760206655, 0.00897766649723, 0.00451089255512, 0.00236846064217, 0.00227236957289, 0.0011001866078, 0.000905936351046, 0.000613934302237, 0.00082621537149, 0.000734557455871, 0.000662841717713, 0.000647034030408, 0.000457335729152, 0.000656697549857, 0.000435106572695, 0.000554538739379, 0.000492976920214, 0.000230334553635, 0.000233079088503, 0.00027974601835, 0.000150890409714, 0.000117106588732, 7.44866047171e-05, 5.94834673393e-05, 3.27400121023e-05, 1.45183985296e-05, 2.80229437521e-06], "max": [0.00929041486233, 0.100836008787, 0.0470661222935, 0.0277316607535, 0.0368232429028, 0.0276414882392, 0.0261423625052, 0.0185663867742, 0.0241095870733, 0.0210635252297, 0.0188356898725, 0.0132466638461, 0.0115670608357, 0.0108858514577, 0.0145392306149, 0.0135753024369, 0.00809690728784, 0.00442533241585, 0.00391594646499, 0.00648648804054, 0.00328996242024, 0.00400635926053, 0.00464136339724, 0.00472043920308, 0.00205591507256, 0.00163891678676, 0.000145658297697], "var": [5.4869383348e-07, 0.000199814705411, 2.98562281387e-05, 1.00812185337e-05, 1.64810189744e-05, 3.6930