{"tonal": {"thpcp": [1, 0.730055689812, 0.391133278608, 0.332906603813, 0.297480732203, 0.397123038769, 0.583472251892, 0.625471889973, 0.690058648586, 0.678869605064, 0.49608027935, 0.460954129696, 0.473735749722, 0.482994884253, 0.695246815681, 0.793332755566, 0.529663324356, 0.295116364956, 0.232057988644, 0.283679932356, 0.572637081146, 0.814791977406, 0.611867785454, 0.337947696447, 0.253805398941, 0.203559279442, 0.192328795791, 0.211117178202, 0.230993583798, 0.299496293068, 0.341111004353, 0.255129873753, 0.182673662901, 0.204213827848, 0.283696174622, 0.651283979416], "hpcp": {"dmean2": [0.236785262823, 0.223453074694, 0.23541405797, 0.24636849761, 0.22401766479, 0.151111155748, 0.121236354113, 0.146143749356, 0.209573939443, 0.243353262544, 0.208506688476, 0.148444086313, 0.129738509655, 0.107145041227, 0.0899249017239, 0.09599635005, 0.102777831256, 0.125441536307, 0.149948820472, 0.133113726974, 0.0982213616371, 0.108350925148, 0.146330401301, 0.227318197489, 0.274777054787, 0.247975498438, 0.195214092731, 0.190869793296, 0.175911813974, 0.191644117236, 0.229575827718, 0.250204205513, 0.271593660116, 0.264685481787, 0.220187544823, 0.217310428619], "median": [0.019694911316, 0.0215528551489, 0.0272239558399, 0.0305457599461, 0.0266581960022, 0.0160177089274, 0.0112674096599, 0.0158836003393, 0.045299552381, 0.0647335499525, 0.0424465686083, 0.0160431787372, 0.00883964262903, 0.00862772762775, 0.0104640191421, 0.0109235793352, 0.0142964217812, 0.0189355500042, 0.0179995931685, 0.00926747731864, 0.0057646529749, 0.00644277222455, 0.0138037893921, 0.0517813563347, 0.0807454809546, 0.054272018373, 0.0152687896043, 0.00914761517197, 0.0094792265445, 0.016662362963, 0.0250807031989, 0.0371652729809, 0.0371752977371, 0.0279889181256, 0.0208737663925, 0.0184886306524], "min": [0, 0, 0, 0, 0, 0, 0, 0, 0, 0, 0, 0, 0, 0, 0, 0, 0, 0, 0, 0, 0, 0, 0, 0, 0, 0, 0, 0, 0, 0, 0, 0, 0, 0, 0, 0], "dvar2": [0.153864443302, 0.125619605184, 0.132865339518, 0.136232063174, 0.123047463596, 0.0758583769202, 0.0615331381559, 0.0757517069578, 0.0970864295959, 0.11388489604, 0.097019046545, 0.0754766315222, 0.0725147649646, 0.0579545721412, 0.0413740612566, 0.0428793393075, 0.0432353131473, 0.051590308547, 0.0734551623464, 0.0718318372965, 0.0488839410245, 0.0541270598769, 0.0760190188885, 0.101647622883, 0.134267747402, 0.114980116487, 0.108476556838, 0.120935931802, 0.10211084038, 0.102379493415, 0.125896513462, 0.130363538861, 0.151025488973, 0.149318888783, 0.122753888369, 0.130428433418], "dvar": [0.0562412515283, 0.0473341904581, 0.0515221059322, 0.0543236099184, 0.0468807742, 0.0280327685177, 0.0230361949652, 0.0275772437453, 0.0369851328433, 0.0458212643862, 0.038377057761, 0.0282317083329, 0.0272205621004, 0.0215884074569, 0.0151846576482, 0.0156605280936, 0.0162048432976, 0.0197941698134, 0.0286362022161, 0.0266413409263, 0.018228482455, 0.0207827817649, 0.0283633265644, 0.0390908494592, 0.0547112189233, 0.0447471104562, 0.0394511185586, 0.0434663370252, 0.0373829714954, 0.0397171825171, 0.0521632768214, 0.0504032224417, 0.0590598806739, 0.0593256540596, 0.0471415407956, 0.0484160706401], "dmean": [0.13270162046, 0.127785384655, 0.135288789868, 0.141694664955, 0.128426492214, 0.085328258574, 0.0686119496822, 0.0828153640032, 0.122188158333, 0.143018454313, 0.122010938823, 0.0852931067348, 0.0736239403486, 0.0601962096989, 0.0510355308652, 0.0545366667211, 0.0591783449054, 0.0730642974377, 0.0872281938791, 0.0755784884095, 0.0558952912688, 0.0614977516234, 0.0831958279014, 0.133261024952, 0.160024851561, 0.144914567471, 0.109563231468, 0.105939783156, 0.0977838262916, 0.109404094517, 0.132924318314, 0.144889160991, 0.156798809767, 0.152489811182, 0.126384466887, 0.123028323054], "max": [1, 1, 1, 1, 1, 1, 1, 1, 1, 1, 1, 1, 1, 1, 1, 1, 1, 1, 1, 1, 1, 1, 1, 1, 1, 1, 1, 1, 1, 1, 1, 1, 1, 1, 1, 1], "var": [0.0584440790117, 0.0545119382441, 0.090060248971, 0.108009412885, 0.0584611333907, 0.0271181669086, 0.0220090243965, 0.0269228275865, 0.0569091811776, 0.0938892662525, 0.0652588605881, 0.0344658866525, 0.0273713711649, 0.0201854724437, 0.0168131198734, 0.0185503493994, 0.0174899175763, 0.0233726687729, 0.0324541404843, 0.0251806005836, 0.0168534219265, 0.0202794261277, 0.0279943216592, 0.0629326999187, 0.120740070939, 0.0761811435223, 0.0421638227999, 0.0401575192809, 0.0321705341339, 0.0423541925848, 0.0746795982122, 0.0689964666963, 0.0838016271591, 0.0891994610429, 0.0574041865766, 0.0559081993997], "mean": [0.125812143087, 0.128271132708, 0.184639841318, 0.210688963532, 0.140665084124, 0.0783753842115, 0.0616286881268, 0.0753381624818, 0.152077808976, 0.216387987137, 0.162496492267, 0.0897502973676, 0.0674042478204, 0.0540601573884, 0.0510776266456, 0.0560673438013, 0.0613460093737, 0.0795385837555, 0.0905903875828, 0.0677559897304, 0.0485134683549, 0.0542339868844, 0.075342476368, 0.172964423895, 0.265574514866, 0.193884178996, 0.103875033557, 0.0884115099907, 0.0790033042431, 0.105465754867, 0.154955357313, 0.166109398007, 0.183261990547, 0.180290460587, 0.131746277213, 0.122417666018]}, "tuning_equal_tempered_deviation": 0.0537954047322, "chords_changes_rate": 0.0835531428456, "key_key": "F", "tuning_diatonic_strength": 0.607474327087, "key_scale": "minor", "chords_number_rate": 0.00131885183509, "tuning_frequency": 436.960693359, "tuning_nontempered_energy_ratio": 0.78288859129, "chords_histogram": [28.7044219971, 2.36617541313, 2.30411171913, 4.43754863739, 3.7781226635, 6.23739337921, 2.32738566399, 13.8944921494, 3.05663299561, 5.05042648315, 2.14895272255, 0.589604318142, 0.0543056614697, 0.659425914288, 0.969743967056, 2.06361532211, 0.240496516228, 1.78432893753, 0.814584970474, 0.0698215663433, 2.63770365715, 1.33436775208, 10.2404966354, 4.2358417511], "key_strength": 0.656096816063, "chords_key": "F", "chords_strength": {"dmean2": 0.012390082702, "median": 0.496406912804, "min": -1, "dvar2": 0.000408749532653, "dvar": 0.000237861662754, "dmean": 0.0111619336531, "max": 0.801947534084, "var": 0.0280466135591, "mean": 0.480514675379}, "chords_scale": "minor", "hpcp_entropy": {"dmean2": 1.1332501173, "median": 1.5777579546, "min": 0, "dvar2": 0.841989398003, "dvar": 0.31823977828, "dmean": 0.665592312813, "max": 4.13403940201, "var": 0.704318106174, "mean": 1.48490583897}}, "metadata": {"audio_properties": {"equal_loudness": 0, "codec": "mp3", "downmix": "mix", "sample_rate": 44100, "analysis_sample_rate": 44100, "bit_rate": 194667, "md5_encoded": "b0772faf45739ea32385a41bc01d504d", "length": 598.543701172, "replay_gain": -11.1775989532, "lossless": false}, "version": {"essentia_build_sha": "2d9f1f26377add8aeb1075a9c2973f962c4f09fd", "essentia": "2.1-beta2", "extractor": "music 1.0", "essentia_git_sha": "v2.1_beta2-1-ge3940c0"}, "tags": {"title": ["Getme Getme/Aman Avdji"], "albumartist": ["Alim Qasimov Ens"], "musicbrainz_recordingid": ["06d049c9-a217-4377-90ff-2f5e0046405a"], "musicbrainz_albumartistid": ["12099172-a784-4032-898d-7760c4f2a36a"], "discnumber": ["1/1"], "album": ["WNS 37 - Azerbaijan: The Legendary Art Of Mugham"], "musicbrainz album release country": ["US"], "file_name": "03-Getme Getme_Aman Avdji.mp3", "originaldate": ["1998-12-10"], "date": ["1998-12-10"], "genre": ["Asia - Azerbaijan"], "musicbrainz_releasegroupid": ["fe0a90d3-0f64-399b-aa6a-15e29768f179"], "script": ["Latn"], "asin": ["B00000GVYP"], "musicbrainz_albumid": ["b2e345ea-2793-47da-a65e-5bced08c718f"], "artist": ["Alim Qasimov Ens"], "artistsort": ["Alim Qasimov Ens"], "tracknumber": ["3/5"], "label": ["World Network Series"], "albumartistsort": ["Alim Qasimov Ens"], "acoustid_id": ["7428e005-9f06-42c6-9b9c-c60e8a4b7330"], "musicbrainz_artistid": ["12099172-a784-4032-898d-7760c4f2a36a"]}}, "rhythm": {"bpm_histogram_first_peak_bpm": {"dmean2": 0, "median": 157, "min": 157, "dvar2": 0, "dvar": 0, "dmean": 0, "max": 157, "var": 0, "mean": 157}, "bpm": 154.63961792, "bpm_histogram_second_peak_spread": {"dmean2": 0, "median": 0.583333313465, "min": 0.583333313465, "dvar2": 0, "dvar": 0, "dmean": 0, "max": 0.583333313465, "var": 0, "mean": 0.583333313465}, "bpm_histogram_first_peak_weight": {"dmean2": 0, "median": 0.0680918470025, "min": 0.0680918470025, "dvar2": 0, "dvar": 0, "dmean": 0, "max": 0.0680918470025, "var": 0, "mean": 0.0680918470025}, "onset_rate": 3.58190608025, "beats_position": [0.452789098024, 0.9287981987, 1.39319729805, 1.86920630932, 2.34521532059, 2.80961441994, 3.36689329147, 3.93578219414, 4.52789115906, 5.11999988556, 5.71210861206, 6.29260778427, 6.88471651077, 7.47682523727, 8.05732440948, 8.63782310486, 9.22993183136, 9.82204055786, 10.4141492844, 10.9946479797, 11.5751476288, 12.1208162308, 12.6780948639, 13.235373497, 13.6881628036, 14.1409521103, 14.6053514481, 15.0697498322, 15.5341491699, 15.9985485077, 16.4629478455, 16.9389572144, 17.4033565521, 17.8677539825, 18.3205432892, 18.784942627, 19.2493419647, 19.5976409912, 19.9459400177, 20.2826309204, 20.6193199158, 20.9676189423, 21.3159179688, 21.6642169952, 22.0125160217, 22.3608150482, 22.7091159821, 23.0574150085, 23.405714035, 23.7772331238, 24.1255321503, 24.4738311768, 24.8221302032, 25.1820411682, 25.5651702881, 25.9250793457, 26.2849884033, 26.6332874298, 27.0164165497, 27.3879356384, 27.7710647583, 28.1541938782, 28.5141029358, 28.8740139008, 29.2339229584, 29.5822219849, 29.9305210114, 30.2788200378, 30.6387290955, 30.9986381531, 31.4630374908, 31.9158267975, 32.3802261353, 32.8678436279, 33.3554649353, 33.843082428, 34.3074836731, 34.783493042, 35.2711105347, 35.7703399658, 36.2579574585, 36.7339668274, 37.2099761963, 37.6859855652, 38.1736030579, 38.672832489, 39.1720619202, 39.6829032898, 40.1705207825, 40.6697502136, 41.1457595825, 41.703037262, 42.2487068176, 42.7943763733, 43.3516540527, 43.9089317322, 44.4662132263, 45.046710968, 45.6272087097, 46.2077102661, 46.7765960693, 47.3454856873, 47.9143753052, 48.4832649231, 49.0405426025, 49.5978240967, 50.1551017761, 50.723991394, 51.2928771973, 51.8501586914, 52.4074363708, 52.9763259888, 53.5336036682, 54.1024932861, 54.6713829041, 55.2634925842, 55.8555984497, 56.4477081299, 57.0282058716, 57.6203155518, 58.2124252319, 58.7929229736, 59.3618125916, 59.9307022095, 60.5111999512, 61.1033096313, 61.6954193115, 62.2991371155, 62.9028549194, 63.5065765381, 64.0406341553, 64.5746917725, 65.0971450806, 65.5150985718, 65.9330596924, 66.3626327515, 66.7921981812, 67.1637191772, 67.5352401733, 67.9183654785, 68.3014984131, 68.6730117798, 69.0561447144, 69.416053772, 69.7759628296, 70.1242599487, 70.4725646973, 70.8092498779, 71.145942688, 71.4826278687, 71.8193206787, 72.1676177979, 72.515914917, 72.8526077271, 73.2009048462, 73.5492019653, 73.8858947754, 74.2225799561, 74.5592727661, 74.8959655762, 75.2326507568, 75.5577316284, 75.8944168091, 76.2311096191, 76.5678024292, 76.9160995483, 77.252784729, 77.6010894775, 77.9377746582, 78.2860794067, 78.6459884644, 79.005897522, 79.3658065796, 79.7024917603, 80.0391845703, 80.3874816895, 80.7241744995, 81.0608596802, 81.4091567993, 81.8155059814, 82.2218551636, 82.6282043457, 83.0461654663, 83.4292984009, 83.8008117676, 84.1723327637, 84.5670700073, 84.9618148804, 85.3681640625, 85.7629013062, 86.1460266113, 86.5407714844, 86.9238967896, 87.3070297241, 87.6785507202, 88.0500640869, 88.421585083, 88.8047180176, 89.1994552612, 89.6058044434, 90.023765564, 90.4417190552, 90.9525604248, 91.4750061035, 91.9858474731, 92.4850769043, 92.9843063354, 93.4951477051, 93.9943771362, 94.4936065674, 95.1089324951, 95.7242584229, 96.3511962891, 96.9549179077, 97.5586395264, 98.1739654541, 98.7660751343, 99.3581848145, 100.031562805, 100.716552734, 101.413146973, 102.098136902, 102.748298645, 103.410064697, 104.095054626, 104.791656494, 105.476638794, 106.138412476, 106.800178528, 107.508384705, 108.204986572, 108.889976501, 109.574966431, 110.155464172, 110.735961914, 111.316459656, 111.780860901, 112.245262146, 112.709655762, 113.104400635, 113.499137878, 113.905487061, 114.300224304, 114.706573486, 115.112922668, 115.507659912, 115.914009094, 116.308753967, 116.703491211, 117.098228455, 117.458137512, 117.81804657, 118.177955627, 118.537864685, 118.909385681, 119.280906677, 119.652427673, 120.035552979, 120.418685913, 120.79019928, 121.161720276, 121.533241272, 121.916366577, 122.299499512, 122.671020508, 123.042533875, 123.425666809, 123.808792114, 124.191925049, 124.575057983, 124.969795227, 125.364532471, 125.759269714, 126.154014587, 126.537139893, 126.920272827, 127.315010071, 127.709747314, 128.104492188, 128.499221802, 128.882354736, 129.277099609, 129.648620605, 130.020126343, 130.391647339, 130.774780273, 131.157913208, 131.541046143, 131.935775757, 132.272476196, 132.609161377, 132.945846558, 133.282531738, 133.630844116, 134.002349854, 134.385482788, 134.757003784, 135.140136719, 135.534866333, 135.929611206, 136.324356079, 136.707473755, 137.090606689, 137.462127686, 137.84526062, 138.239990234, 138.634735107, 139.02947998, 139.435821533, 139.830566406, 140.213699341, 140.596817017, 140.99156189, 141.339859009, 141.688156128, 142.024856567, 142.361541748, 142.709838867, 143.058135986, 143.406433105, 143.754730225, 144.103042603, 144.451339722, 144.799636841, 145.159545898, 145.519454956, 145.879364014, 146.239273071, 146.610794067, 146.982315063, 147.342224121, 147.702133179, 148.062042236, 148.445159912, 148.816680908, 149.199813843, 149.571334839, 149.931243896, 150.302764893, 150.674285889, 151.045806885, 151.428924561, 151.823669434, 152.218414307, 152.601531982, 152.996276855, 153.37940979, 153.762542725, 154.1456604, 154.610061646, 155.086074829, 155.550476074, 156.026489258, 156.502487183, 156.978500366, 157.45451355, 157.918914795, 158.371704102, 158.836090088, 159.277282715, 159.718460083, 160.17124939, 160.612426758, 161.041992188, 161.471557617, 161.912734985, 162.353912354, 162.783493042, 163.213058472, 163.631011963, 164.048980713, 164.466934204, 164.884887695, 165.302856445, 165.720809937, 166.150375366, 166.579956055, 166.997909546, 167.427474976, 167.857055664, 168.275009155, 168.704574585, 169.122543335, 169.540496826, 169.958450317, 170.388031006, 170.805984497, 171.223937988, 171.641906738, 172.059860229, 172.419769287, 172.779678345, 173.139587402, 173.487884521, 173.824569702, 174.17288208, 174.521179199, 174.85786438, 175.194549561, 175.54284668, 175.891159058, 176.251068115, 176.610977173, 177.075378418, 177.551376343, 178.027389526, 178.596282959, 179.176773071, 179.757278442, 180.326171875, 180.88343811, 181.510375977, 182.137313843, 182.799087524, 183.472473145, 184.145843506, 184.807617188, 185.457778931, 186.119537354, 186.781311035, 187.326980591, 187.872650146, 188.429931641, 189.010421753, 189.579315186, 190.13659668, 190.693878174, 191.251159668, 191.808425903, 192.354095459, 192.911376953, 193.457046509, 194.002716064, 194.54838562, 195.082443237, 195.616500854, 196.138946533, 196.556915283, 196.974868774, 197.392837524, 197.7759552, 198.159088135, 198.542221069, 198.925354004, 199.30847168, 199.703216553, 200.086349487, 200.481079102, 200.852600098, 201.224121094, 201.607254028, 201.990386963, 202.396728516, 202.814697266, 203.221038818, 203.70866394, 204.196273804, 204.683898926, 205.148300171, 205.624298096, 206.088699341, 206.564712524, 207.052337646, 207.551559448, 208.03918457, 208.433914185, 208.817047119, 209.211791992, 209.606521606, 210.001266479, 210.384399414, 210.779129028, 211.162261963, 211.533782959, 211.916915894, 212.300048828, 212.671554565, 213.0546875, 213.449432373, 213.844161987, 214.204071045, 214.575592041, 214.947113037, 215.318634033, 215.701766968, 216.108108521, 216.502853394, 216.897598267, 217.257507324, 217.617416382, 217.988937378, 218.360443115, 218.74357605, 219.126708984, 219.49822998, 219.869750977, 220.241271973, 220.61277771, 220.984298706, 221.367431641, 221.750564575, 222.122085571, 222.505218506, 222.888336182, 223.248245239, 223.608154297, 223.968063354, 224.327972412, 224.676269531, 225.024581909, 225.372879028, 225.721176147, 226.069473267, 226.417770386, 226.766067505, 227.114364624, 227.462677002, 227.810974121, 228.15927124, 228.519180298, 228.937133789, 229.355102539, 229.77305603, 230.20262146, 230.574142456, 230.945663452, 231.328796387, 231.711929321, 232.095046997, 232.48979187, 232.884536743, 233.279266357, 233.662399292, 234.057144165, 234.451873779, 234.846618652, 235.229751587, 235.624481201, 236.007614136, 236.530059814, 237.052505493, 237.586578369, 238.132247925, 238.68951416, 239.211975098, 239.734420776, 240.256866455, 240.767700195, 241.278549194, 241.789382935, 242.300216675, 242.811065674, 243.321899414, 243.832733154, 244.343582153, 244.842803955, 245.249160767, 245.655502319, 246.061859131, 246.479812622, 246.83972168, 247.199630737, 247.559539795, 247.919448853, 248.267745972, 248.627655029, 248.987564087, 249.359085083, 249.707382202, 250.05569458, 250.415603638, 250.775512695, 251.135421753, 251.495330811, 251.855239868, 252.215148926, 252.633102417, 253.051055908, 253.469024658, 253.875366211, 254.339767456, 254.81578064, 255.291793823, 255.83744812, 256.371520996, 256.92880249, 257.486083984, 258.043365479, 258.600616455, 259.134674072, 259.680358887, 260.237640381, 260.806518555, 261.363800049, 261.874633789, 262.385467529, 262.896331787, 263.407165527, 263.917999268, 264.417236328, 264.916442871, 265.415679932, 265.914916992, 266.414154053, 266.924987793, 267.493865967, 268.051147461, 268.585205078, 269.119262695, 269.66494751, 270.222229004, 270.779510498, 271.348388672, 271.905670166, 272.451324463, 273.020233154, 273.507843018, 273.983856201, 274.471466064, 274.959075928, 275.446716309, 275.934326172, 276.421936035, 276.897949219, 277.362365723, 277.815155029, 278.198272705, 278.593017578, 278.999359131, 279.405700684, 279.812072754, 280.218414307, 280.624755859, 281.019500732, 281.425842285, 281.820587158, 282.238555908, 282.679718018, 283.132507324, 283.573699951, 284.038085938, 284.502502441, 284.966888428, 285.442901611, 285.895690918, 286.348480225, 286.812866211, 287.254058838, 287.695220947, 288.136413574, 288.658874512, 289.181304932, 289.86630249, 290.562896729, 291.271118164, 291.979309082, 292.699127197, 293.407348633, 294.103942871, 294.800537109, 295.497131348, 296.205352783, 296.925170898, 297.633361816, 298.353179932, 299.049804688, 299.757995605, 300.373321533, 300.988647461, 301.603973389, 302.207702637, 302.811431885, 303.310638428, 303.821502686, 304.320709229, 304.831573486, 305.342407227, 305.864837646, 306.387298584, 306.921356201, 307.432189941, 307.803710938, 308.163635254, 308.523529053, 308.883453369, 309.220123291, 309.55682373, 309.89352417, 310.230194092, 310.566894531, 310.891967773, 311.217041016, 311.542114258, 311.878814697, 312.227111816, 312.563812256, 312.912109375, 313.260406494, 313.597106934, 313.933776855, 314.270477295, 314.607147217, 314.955444336, 315.338592529, 315.744934082, 316.128051758, 316.511199951, 316.905944824, 317.2890625, 317.672180176, 318.066925049, 318.450073242, 318.833190918, 319.204711914, 319.622680664, 320.040618896, 320.458587646, 320.876556396, 321.317718506, 321.735687256, 322.153656006, 322.583221436, 323.001159668, 323.430755615, 323.848693848, 324.266662598, 324.696228027, 325.125793457, 325.52053833, 325.926879883, 326.333221436, 326.739593506, 327.169158936, 327.610321045, 328.028289795, 328.457855225, 328.887420654, 329.328613281, 329.758178711, 330.141296387, 330.52444458, 330.907562256, 331.290710449, 331.673828125, 332.045349121, 332.416870117, 332.788391113, 333.159912109, 333.531433105, 333.902954102, 334.2628479, 334.622772217, 334.982666016, 335.354187012, 335.853424072, 336.341033936, 336.840270996, 337.351104736, 337.850341797, 338.361175537, 338.872009277, 339.382843018, 339.893676758, 340.334869385, 340.787658691, 341.240447998, 341.681640625, 342.07635498, 342.471099854, 342.854248047, 343.237365723, 343.608886719, 343.980407715, 344.351928711, 344.71182251, 345.071746826, 345.420043945, 345.768341064, 346.279174805, 346.790008545, 347.312469482, 347.823303223, 348.34576416, 348.8565979, 349.367431641, 349.878265381, 350.389099121, 350.865112305, 351.341125488, 351.828735352, 352.327972412, 352.815582275, 353.303222656, 353.77923584, 354.255218506, 354.731231689, 355.24206543, 355.74130249, 356.240539551, 356.728149414, 357.227386475, 357.726623535, 358.237457275, 358.748291016, 359.247528076, 359.746765137, 360.257598877, 360.75680542, 361.25604248, 361.766876221, 362.277740479, 362.788574219, 363.299407959, 363.821838379, 364.355926514, 364.901580811, 365.447235107, 365.969696045, 366.480529785, 366.991363525, 367.61831665, 368.245239258, 368.872192383, 369.499145508, 370.126068115, 370.741394043, 371.368347168, 371.960449219, 372.54095459, 373.121429443, 373.690338135, 374.259216309, 374.828125, 375.397003174, 375.954284668, 376.534790039, 377.115264893, 377.684173584, 378.253051758, 378.821929932, 379.379211426, 379.948120117, 380.575042725, 381.20199585, 381.828918457, 382.421051025, 383.013153076, 383.605255127, 384.185760498, 384.777862549, 385.346740723, 385.927246094, 386.519348145, 387.111480713, 387.715179443, 388.260864258, 388.806518555, 389.340576172, 389.793365479, 390.234558105, 390.675720215, 391.128509521, 391.581298828, 392.022491455, 392.475280762, 392.928070068, 393.392456055, 393.868469238, 394.356079102, 394.843719482, 395.354553223, 395.865386963, 396.376220703, 396.887054443, 397.409515381, 397.955200195, 398.524078369, 399.081359863, 399.650238037, 400.312011719, 400.9737854, 401.705200195, 402.448242188, 403.19128418, 403.934326172, 404.677368164, 405.408782959, 406.151824951, 406.906463623, 407.568237305, 408.241638184, 408.903381348, 409.565155029, 410.261749268, 410.969970703, 411.666564941, 412.36315918, 413.071380615, 413.756378174, 414.441345215, 415.033447266, 415.613952637, 416.229278564, 416.833007813, 417.436737061, 418.028839111, 418.632568359, 419.247894287, 419.863220215, 420.478546143, 421.082244873, 421.685974121, 422.289703369, 422.8934021, 423.497131348, 424.089233398, 424.681365967, 425.308288574, 425.946838379, 426.52734375, 427.107849121, 427.688323975, 428.234008789, 428.779663086, 429.3253479, 429.987121582, 430.660491943, 431.333862305, 431.995635986, 432.657409668, 433.330780029, 433.934509277, 434.526611328, 435.118713379, 435.792114258, 436.465484619, 437.13885498, 437.812225342, 438.473999023, 439.135772705, 439.809143066, 440.447692871, 441.063018799, 441.701568604, 442.340118408, 442.99029541, 443.640441895, 444.313812256, 444.940765381, 445.544494629, 446.171417236, 446.786743164, 447.355651855, 447.912902832, 448.458587646, 449.004241943, 449.561523438, 450.118804932, 450.652862549, 451.186920166, 451.720977783, 452.2550354, 452.789093018, 453.334777832, 453.880432129, 454.426116943, 455.053039551, 455.691589355, 456.341766357, 457.015136719, 457.6769104, 458.350280762, 459.012054443, 459.604156494, 460.196258545, 460.753540039, 461.32244873, 461.891326904, 462.344116211, 462.785308838, 463.226470947, 463.656036377, 464.097229004, 464.550018311, 465.002807617, 465.443969727, 465.873565674, 466.303131104, 466.721069336, 467.139038086, 467.568603516, 467.986572266, 468.416137695, 468.857330322, 469.298492432, 469.762908936, 470.238891602, 470.703308105, 471.179321289, 471.643707275, 472.096496582, 472.560913086, 473.060119629, 473.54776001, 474.046966553, 474.56942749, 475.091888428, 475.602722168, 476.113555908, 476.624389648, 477.146850586, 477.657684326, 478.180114746, 478.690979004, 479.190185547, 479.689422607, 480.188659668, 480.676269531, 481.187103271, 481.674743652, 482.162353516, 482.649963379, 483.137573242, 483.625213623, 484.101226807, 484.577209473, 485.041625977, 485.51763916, 485.982025146, 486.45803833, 486.934051514, 487.410064697, 487.897674561, 488.385284424, 488.872924805, 489.360534668, 489.848144531, 490.335784912, 490.834991455, 491.334228516, 491.821838379, 492.274627686, 492.727416992, 493.191833496, 493.656219482, 494.120635986, 494.585021973, 495.049438477, 495.513824463, 495.989837646, 496.419403076, 496.848968506, 497.278533936, 497.708099365, 498.137664795, 498.578857422, 499.008422852, 499.379943848, 499.751464844, 500.12298584, 500.494506836, 500.889251709, 501.283996582, 501.667114258, 502.061859131, 502.456604004, 502.83972168, 503.211242676, 503.582763672, 503.954284668, 504.337402344, 504.732147217, 505.115264893, 505.544830322, 505.962799072, 506.380767822, 506.798706055, 507.216674805, 507.646240234, 508.075805664, 508.598266602, 509.097503662, 509.608337402, 510.119171143, 510.630004883, 511.129241943, 511.628479004, 512.139282227, 512.626953125, 513.114562988, 513.590576172, 514.066589355, 514.530944824, 515.018554688, 515.482971191, 515.947387695, 516.423400879, 516.899414063, 517.363769531, 517.828186035, 518.292602539, 518.757019043, 519.221374512, 519.685791016, 520.15020752, 520.614624023, 521.067382813, 521.531799316, 521.984558105, 522.448974609, 522.901733398, 523.354553223, 523.795715332, 524.248535156, 524.689697266, 525.130859375, 525.583679199, 526.036437988, 526.489257813, 526.930419922, 527.371582031, 527.824401855, 528.277160645, 528.729980469, 529.171142578, 529.623962402, 530.065124512, 530.529541016, 530.982299805, 531.435119629, 531.887878418, 532.340698242, 532.793457031, 533.246276855, 533.710632324, 534.186645508, 534.639465332, 535.150268555, 535.672729492, 536.19519043, 536.752441406, 537.309753418, 537.867004395, 538.354614258, 538.842285156, 539.32989502, 539.817504883, 540.305114746, 540.804321289, 541.350036621, 541.895690918, 542.510986328, 543.126342773, 543.741638184, 544.345397949, 544.94909668, 545.55279541, 546.168151855, 546.783508301, 547.340759277, 547.898010254, 548.455322266, 549.012573242, 549.569885254, 550.069091797, 550.579956055, 551.090759277, 551.613220215, 552.135681152, 552.65814209, 553.122558594, 553.586914063, 554.051330566, 554.51574707, 554.968505859, 555.421325684, 555.862487793, 556.326904297, 556.756469727, 557.186035156, 557.627197266, 558.045166016, 558.463134766, 558.881103516, 559.29901123, 559.72857666, 560.169799805, 560.599365234, 561.017333984, 561.446899414, 561.899658203, 562.364074707, 562.85168457, 563.316101074, 563.792114258, 564.256469727, 564.73248291, 565.196899414, 565.661315918, 566.137329102, 566.613342285, 567.077697754, 567.553710938, 568.041320801, 568.517333984, 568.981750488, 569.446166992, 569.910583496, 570.398193359, 570.885803223, 571.361816406, 571.83782959, 572.302185059, 572.766601563, 573.242614746, 573.71862793, 574.206237793, 574.682250977, 575.15826416, 575.634277344, 576.110290527, 576.586303711, 577.062316895, 577.538330078, 578.083984375, 578.606445313, 579.12890625, 579.662963867, 580.197021484, 580.731079102, 581.241882324, 581.752746582, 582.263549805, 582.762817383, 583.262023926, 583.761230469, 584.248901367, 584.74810791, 585.235717773, 585.700134277, 586.176147461, 586.640563965, 587.104919434, 587.580932617, 588.045349121, 588.49810791, 588.950927734, 589.415344238, 589.868103027, 590.320922852, 590.773681641, 591.238098145, 591.725708008, 592.213317871, 592.700927734, 593.223388672, 593.769042969, 594.314758301, 594.883605957, 595.440917969, 596.009765625, 596.578674316, 597.147583008, 597.716430664], "beats_loudness": {"dmean2": 0.02013310045, "median": 0.00572144985199, "min": 0, "dvar2": 0.000794414314441, "dvar": 0.000282401771983, "dmean": 0.0115535398945, "max": 0.108686558902, "var": 0.000342069251928, "mean": 0.0135248489678}, "danceability": 0.993206143379, "bpm_histogram_second_peak_weight": {"dmean2": 0, "median": 0.0633412525058, "min": 0.0633412525058, "dvar2": 0, "dvar": 0, "dmean": 0, "max": 0.0633412525058, "var": 0, "mean": 0.0633412525058}, "beats_count": 1264, "bpm_histogram_second_peak_bpm": {"dmean2": 0, "median": 129, "min": 129, "dvar2": 0, "dvar": 0, "dmean": 0, "max": 129, "var": 0, "mean": 129}, "bpm_histogram_first_peak_spread": {"dmean2": 0, "median": 0.402777761221, "min": 0.402777761221, "dvar2": 0, "dvar": 0, "dmean": 0, "max": 0.402777761221, "var": 0, "mean": 0.402777761221}, "beats_loudness_band_ratio": {"dmean2": [0.122690200806, 0.190589502454, 0.440281391144, 0.400576084852, 0.252289295197, 0.102556534111], "median": [0.00113950925879, 0.0336004123092, 0.301585078239, 0.196068435907, 0.104037858546, 0.0348484218121], "min": [0, 0, 0, 0, 0, 0], "dvar2": [0.0605019629002, 0.0689915493131, 0.118470087647, 0.131549984217, 0.0664410218596, 0.0195023939013], "dvar": [0.0211055707186, 0.0245594326407, 0.0430764183402, 0.0484020039439, 0.0244388263673, 0.0069175013341], "dmean": [0.0675926953554, 0.106805920601, 0.251742511988, 0.227928593755, 0.145491123199, 0.0583611093462], "max": [0.968733370304, 0.983542084694, 0.990930914879, 0.98363006115, 0.902958035469, 0.720386505127], "var": [0.0196659658104, 0.0270006265491, 0.0688523501158, 0.0736049935222, 0.0365766920149, 0.00716138398275], "mean": [0.0568133443594, 0.108008503914, 0.352165281773, 0.296980708838, 0.176207438111, 0.0647085160017]}}, "lowlevel": {"barkbands_spread": {"dmean2": 5.67281198502, "median": 12.4392786026, "min": 0.272894799709, "dvar2": 40.373500824, "dvar": 18.1665802002, "dmean": 3.71087241173, "max": 100.563522339, "var": 68.8163757324, "mean": 13.7961177826}, "melbands_spread": {"dmean2": 10.1537055969, "median": 18.4835262299, "min": 0.359492748976, "dvar2": 143.523208618, "dvar": 65.6010971069, "dmean": 6.62204217911, "max": 190.189590454, "var": 325.381103516, "mean": 22.4427642822}, "hfc": {"dmean2": 6.03921937943, "median": 3.90433239937, "min": 1.06282974452e-16, "dvar2": 147.279876709, "dvar": 78.7643280029, "dmean": 4.4394402504, "max": 194.974060059, "var": 426.31036377, "mean": 12.9247426987}, "barkbands_kurtosis": {"dmean2": 4.58835029602, "median": 0.969749450684, "min": -1.89171802998, "dvar2": 113.329040527, "dvar": 51.8949584961, "dmean": 2.93100953102, "max": 649.534606934, "var": 154.857727051, "mean": 3.56700730324}, "gfcc": {"mean": [-161.810317993, 56.4314460754, -194.08454895, -11.2720575333, -85.8257904053, -12.4735641479, -41.4782867432, 2.4230492115, -17.8279209137, 4.54815340042, -8.15466499329, -5.73995828629, -5.46264600754], "icov": [[0.000193867977941, -9.56838994171e-06, 0.000494199921377, -0.000175837398274, 0.000418202602305, -0.000179231908987, 0.000463891221443, -0.000116002658615, 0.000518406857736, 1.58076072694e-05, 0.000315773504553, 0.000104284350527, 0.000411449756939], [-9.56838994171e-06, 0.00119956640992, -0.00041483915993, 7.74049913161e-05, 4.21893419116e-05, 0.000722334953025, -0.000382605445338, 0.00104804127477, -0.000468350102892, 0.00104849599302, -8.80719526322e-05, 0.000566845061257, -0.000282265275018], [0.000494199921377, -0.00041483915993, 0.00221606902778, -0.00109336571768, 0.00087564723799, -0.000617800513282, 0.00129872525577, -0.000424679747084, 0.00156406953465, -6.23415035079e-05, 0.00113902997691, -0.000174208791577, 0.00138159911148], [-0.000175837398274, 7.74049913161e-05, -0.00109336571768, 0.00355764105916, -0.00086854363326, 0.000738738046493, 0.00029879109934, -0.000136812232086, 0.000110092740215, -0.000157962640515, 0.00083281006664, 0.000798284832854, -0.000351696682628], [0.000418202602305, 4.21893419116e-05, 0.00087564723799, -0.00086854363326, 0.00459616538137, -0.00156294438057, 0.000530940073077, -0.000205161675694, 0.000529135984834, 0.0003845593601, 0.000597075617407, 0.000784093223047, 0.000684342405293], [-0.000179231908987, 0.000722334953025, -0.000617800513282, 0.000738738046493, -0.00156294438057, 0.00632280856371, -0.00229211943224, 0.00123683945276, -0.000345672888216, 0.000625090906397, 0.000848543306347, -0.00059092551237, 0.0015115441056], [0.000463891221443, -0.000382605445338, 0.00129872525577, 0.00029879109934, 0.000530940073077, -0.00229211943224, 0.00562821887434, -0.0012528860243, 0.00254222354852, -0.000304570712615, 0.000129793217639, 0.000757506291848, 0.00017930562899], [-0.000116002658615, 0.00104804127477, -0.000424679747084, -0.000136812232086, -0.000205161675694, 0.00123683945276, -0.0012528860243, 0.00793814845383, -0.00243567791767, -4.80759044876e-05, -0.00128639256582, 0.000986144179478, -0.00109152169898], [0.000518406857736, -0.000468350102892, 0.00156406953465, 0.000110092740215, 0.000529135984834, -0.000345672888216, 0.00254222354852, -0.00243567791767, 0.00634402269498, -0.00162718247157, 0.0021764524281, -0.00209199055098, 0.00240468722768], [1.58076072694e-05, 0.00104849599302, -6.23415035079e-05, -0.000157962640515, 0.0003845593601, 0.000625090906397, -0.000304570712615, -4.80759044876e-05, -0.00162718247157, 0.00673672417179, -0.00262857112102, 0.00158099387772, -0.00115693931002], [0.000315773504553, -8.80719526322e-05, 0.00113902997691, 0.00083281006664, 0.000597075617407, 0.000848543306347, 0.000129793217639, -0.00128639256582, 0.0021764524281, -0.00262857112102, 0.00578486453742, -0.00102196342777, 0.00141248444561], [0.000104284350527, 0.000566845061257, -0.000174208791577, 0.000798284832854, 0.000784093223047, -0.00059092551237, 0.000757506291848, 0.000986144179478, -0.00209199055098, 0.00158099387772, -0.00102196342777, 0.00655468832701, -0.00187419168651], [0.000411449756939, -0.000282265275018, 0.00138159911148, -0.000351696682628, 0.000684342405293, 0.0015115441056, 0.00017930562899, -0.00109152169898, 0.00240468722768, -0.00115693931002, 0.00141248444561, -0.00187419168651, 0.00758871389553]], "cov": [[18644.6015625, -1232.2487793, -3312.27563477, -156.482299805, -868.99432373, -17.9952259064, -475.638580322, 0.518993139267, -523.706481934, 38.9448356628, -40.3453712463, -364.208862305, -278.228485107], [-1232.2487793, 1673.32763672, 924.575683594, 288.343322754, 69.5572891235, -36.8814201355, -45.794921875, -265.071594238, -99.5104675293, -384.85244751, -334.00201416, -108.468154907, -53.6458206177], [-3312.27563477, 924.575683594, 1993.11804199, 553.95300293, 179.573364258, 77.9974517822, -129.71673584, -196.920043945, -103.479652405, -332.456787109, -440.231048584, -71.3082504272, -133.770721436], [-156.482299805, 288.343322754, 553.95300293, 535.411071777, 88.96824646, -5.23787736893, -102.028327942, -69.5133743286, -74.4508514404, -128.893188477, -231.628753662, -104.954284668, -50.2636299133], [-868.99432373, 69.5572891235, 179.573364258, 88.96824646, 334.316040039, 98.0937042236, 41.0796546936, -26.0541133881, -7.0470290184, -60.5734405518, -78.5811233521, -40.298248291, -35.5998954773], [-17.9952259064, -36.8814201355, 77.9974517822, -5.23787736893, 98.0937042236, 268.049346924, 87.8640441895, -49.2624702454, -34.6353607178, -69.6621017456, -79.1886367798, -11.9060220718, -74.0839996338], [-475.638580322, -45.794921875, -129.71673584, -102.028327942, 41.0796546936, 87.8640441895, 334.042541504, 22.6537189484, -97.8923110962, 31.889289856, 83.8837127686, -36.2193527222, 28.4560546875], [0.518993139267, -265.071594238, -196.920043945, -69.5133743286, -26.0541133881, -49.2624702454, 22.6537189484, 207.012008667, 81.0374755859, 113.039123535, 114.826095581, 18.6969299316, 38.9436912537], [-523.706481934, -99.5104675293, -103.479652405, -74.4508514404, -7.0470290184, -34.6353607178, -97.8923110962, 81.0374755859, 345.05947876, 73.0283584595, 9.85508441925, 110.989204407, -11.0453233719], [38.9448356628, -384.85244751, -332.456787109, -128.893188477, -60.5734405518, -69.6621017456, 31.889289856, 113.039123535, 73.0283584595, 326.648040771, 225.810379028, 17.2091846466, 61.8490333557], [-40.3453712463, -334.00201416, -440.231048584, -231.628753662, -78.5811233521, -79.1886367798, 83.8837127686, 114.826095581, 9.85508441925, 225.810379028, 426.766967773, 54.2251472473, 61.8322982788], [-364.208862305, -108.468154907, -71.3082504272, -104.954284668, -40.298248291, -11.9060220718, -36.2193527222, 18.6969299316, 110.989204407, 17.2091846466, 54.2251472473, 237.602844238, 49.423084259], [-278.228485107, -53.6458206177, -133.770721436, -50.2636299133, -35.5998954773, -74.0839996338, 28.4560546875, 38.9436912537, -11.0453233719, 61.8490333557, 61.8322982788, 49.423084259, 203.411437988]]}, "spectral_energyband_middle_low": {"dmean2": 0.00297633605078, "median": 0.00119412515778, "min": 1.40103413329e-22, "dvar2": 7.3226983659e-05, "dvar": 3.1824081816e-05, "dmean": 0.00196089944802, "max": 0.137016281486, "var": 5.40991277376e-05, "mean": 0.00335186067969}, "melbands_crest": {"dmean2": 6.46479034424, "median": 15.4015140533, "min": 1.53299510479, "dvar2": 30.7915630341, "dvar": 12.7001256943, "dmean": 4.07118749619, "max": 35.1460533142, "var": 39.6597900391, "mean": 16.2780056}, "spectral_kurtosis": {"dmean2": 4.5662856102, "median": 5.6587266922, "min": -1.26758003235, "dvar2": 21.0533542633, "dvar": 7.24793481827, "dmean": 2.66631770134, "max": 66.9141540527, "var": 19.0991363525, "mean": 6.63163518906}, "spectral_rms": {"dmean2": 0.000696609495208, "median": 0.00188571109902, "min": 3.12141848827e-12, "dvar2": 9.49712443798e-07, "dvar": 5.00558655858e-07, "dmean": 0.0005053965142, "max": 0.0116588817909, "var": 3.94335620513e-06, "mean": 0.00244215759449}, "zerocrossingrate": {"dmean2": 0.0101604247466, "median": 0.0615234375, "min": 0.005859375, "dvar2": 0.000138255098136, "dvar": 0.00011149164493, "dmean": 0.00865099579096, "max": 0.5234375, "var": 0.00256961374544, "mean": 0.0685534849763}, "silence_rate_60dB": {"dmean2": 0.141676694155, "median": 0, "min": 0, "dvar2": 0.138567596674, "dvar": 0.0658095553517, "dmean": 0.0708355978131, "max": 1, "var": 0.248706385493, "mean": 0.464176267385}, "erbbands_kurtosis": {"dmean2": 2.58321452141, "median": 0.261123180389, "min": -1.88546049595, "dvar2": 19.3111534119, "dvar": 8.32146453857, "dmean": 1.64446866512, "max": 139.241668701, "var": 20.2587127686, "mean": 1.52209842205}, "erbbands": {"dmean2": [4.60066694359e-05, 0.00156467477791, 0.0475364401937, 0.434373021126, 1.28776621819, 1.09660625458, 1.4214066267, 3.4293422699, 9.02619934082, 17.5927639008, 13.9113531113, 16.1017513275, 41.0465240479, 51.572052002, 24.6584796906, 15.3377637863, 29.7606277466, 47.0450210571, 40.5781135559, 21.7248458862, 10.6032085419, 11.1729040146, 12.2642602921, 7.05003261566, 7.34682941437, 7.6592001915, 3.42943525314, 1.42997896671, 0.802468180656, 0.617384970188, 0.313794523478, 0.212316527963, 0.135091423988, 0.0394527167082, 0.0179562214762, 0.008599024266, 0.00149524060544, 0.000268799107289, 2.87534821837e-05, 7.47528838474e-06], "median": [7.27851647753e-06, 4.84101437905e-05, 0.000325068220263, 0.0018776638899, 0.00487503735349, 0.0149899255484, 0.0930040851235, 0.739626228809, 2.03006982803, 2.28540229797, 0.896769046783, 1.98064291477, 2.70920729637, 3.40520405769, 1.99818170071, 1.27928078175, 2.15853404999, 3.1948223114, 4.00669240952, 2.60018253326, 1.88809919357, 1.65971410275, 1.56660509109, 1.51193654537, 1.6073744297, 1.4818239212, 0.571849882603, 0.296053230762, 0.198732554913, 0.122299298644, 0.061601433903, 0.0576665177941, 0.0367161855102, 0.00935992319137, 0.00363559438847, 0.00138276920188, 0.000243369722739, 4.24044992542e-05, 4.81763117932e-06, 4.90174397783e-06], "min": [2.25362635373e-23, 2.29980696532e-22, 1.42966890062e-21, 5.66876648085e-21, 1.03518382097e-20, 1.8552779029e-20, 2.45186059395e-20, 6.13223238533e-20, 1.16503309872e-19, 1.41063038967e-19, 2.43088891586e-19, 2.90572470867e-19, 3.47433796752e-19, 5.56781319068e-19, 8.53982350074e-19, 9.66389215984e-19, 9.74899146728e-19, 1.41131033213e-18, 2.0235867332e-18, 1.99108597976e-18, 3.34150341109e-18, 3.468404084e-18, 5.79815559091e-18, 6.00484776007e-18, 5.89071916941e-18, 6.99445893437e-18, 9.56509887735e-18, 9.61921137867e-18, 1.03794978951e-17, 9.89290889975e-18, 1.0591022867e-17, 1.01780256492e-17, 9.95487961688e-18, 7.85175884739e-18, 5.61170742648e-18, 3.84268986949e-18, 2.15003411113e-18, 9.05138456178e-19, 2.43475003986e-19, 2.51533394283e-20], "dvar2": [9.78818164299e-08, 0.000186590725207, 0.179666981101, 10.76612854, 112.83795929, 155.829101563, 156.411300659, 166.413803101, 707.943969727, 4537.03417969, 7302.3046875, 7259.12792969, 35411.4375, 55007.046875, 10981.4853516, 4017.70288086, 20530.6542969, 41407.4296875, 