{"tonal": {"thpcp": [1, 0.678536653519, 0.238306745887, 0.101197138429, 0.10267354548, 0.367693096399, 0.573631107807, 0.4018009305, 0.397819399834, 0.498343169689, 0.2896669209, 0.17683032155, 0.211154177785, 0.198168084025, 0.507686793804, 0.813904285431, 0.488734126091, 0.171283885837, 0.137033611536, 0.170013532043, 0.501904129982, 0.740492224693, 0.447279423475, 0.134390950203, 0.0696430727839, 0.116221137345, 0.419046700001, 0.66690570116, 0.469778269529, 0.500153362751, 0.729396939278, 0.435625493526, 0.123108915985, 0.0959136262536, 0.171826824546, 0.611214518547], "hpcp": {"dmean2": [0.132328122854, 0.150655984879, 0.145245969296, 0.130832508206, 0.111482396722, 0.0577308610082, 0.0479167737067, 0.0868461579084, 0.157036229968, 0.173700243235, 0.172083646059, 0.090478643775, 0.0458171479404, 0.0512529015541, 0.111458361149, 0.135440275073, 0.128368631005, 0.115157745779, 0.105459026992, 0.088410153985, 0.0691152885556, 0.0736462771893, 0.0872079581022, 0.141066938639, 0.159588098526, 0.134465619922, 0.0765788778663, 0.0608811080456, 0.07863278687, 0.135768905282, 0.148314744234, 0.135690122843, 0.0709570273757, 0.0474099814892, 0.0746766552329, 0.128080755472], "median": [0.0185809545219, 0.0223253592849, 0.0252158716321, 0.0139949396253, 0.00848934892565, 0.00248797610402, 0.00143452687189, 0.0069111790508, 0.0529161803424, 0.0793808326125, 0.0608147829771, 0.0114196874201, 0.00204818323255, 0.00239988742396, 0.0153274480253, 0.0284286029637, 0.023404577747, 0.0127750262618, 0.0068432316184, 0.00865788385272, 0.00957854185253, 0.00825557392091, 0.011867614463, 0.0400955229998, 0.061066839844, 0.0396370366216, 0.00694335345179, 0.00285202497616, 0.00718241836876, 0.0383049249649, 0.0578407347202, 0.0272062327713, 0.00453380774707, 0.00184471253306, 0.00284238159657, 0.0111084217206], "min": [0, 0, 0, 0, 0, 0, 0, 0, 0, 0, 0, 0, 0, 0, 0, 0, 0, 0, 0, 0, 0, 0, 0, 0, 0, 0, 0, 0, 0, 0, 0, 0, 0, 0, 0, 0], "dvar2": [0.0629379674792, 0.0664557442069, 0.0565468743443, 0.0570007674396, 0.0488962121308, 0.0225148256868, 0.0243714265525, 0.0379067920148, 0.0618640892208, 0.0693558305502, 0.0665978342295, 0.0325524359941, 0.0186564698815, 0.0180586110801, 0.0459806360304, 0.0627716332674, 0.0583678074181, 0.0542158074677, 0.0566809214652, 0.0413205958903, 0.0255715306848, 0.0351199544966, 0.039324324578, 0.0541987977922, 0.0671337991953, 0.0454611033201, 0.0329428948462, 0.0336837805808, 0.0342272929847, 0.0518337711692, 0.059029519558, 0.0606441572309, 0.0374450385571, 0.029338048771, 0.0429487638175, 0.0634028241038], "dvar": [0.0270032007247, 0.025844572112, 0.0231952164322, 0.0260553825647, 0.0197897590697, 0.00827716290951, 0.0088577773422, 0.0136803723872, 0.0251057762653, 0.0299051497132, 0.02683596313, 0.0128824021667, 0.00667479028925, 0.00667329831049, 0.0181464497, 0.0256763137877, 0.0221505835652, 0.0211245417595, 0.0233145914972, 0.0166037660092, 0.0100532686338, 0.0135528426617, 0.0148784890771, 0.0215531773865, 0.0278111267835, 0.0187435764819, 0.0122483316809, 0.0125840920955, 0.0129649201408, 0.0211159959435, 0.024751579389, 0.0233283564448, 0.0137605816126, 0.0103682177141, 0.0153583977371, 0.0246371552348], "dmean": [0.0797815844417, 0.0893228501081, 0.0866591632366, 0.0801486372948, 0.0684543326497, 0.0336953178048, 0.0269732698798, 0.0497720241547, 0.096132978797, 0.1051197052, 0.104182347655, 0.0542883612216, 0.0264891777188, 0.0300878081471, 0.066824272275, 0.0809817686677, 0.0756767839193, 0.0683162212372, 0.0618389062583, 0.0528739839792, 0.0410310104489, 0.0438204072416, 0.0512116365135, 0.0862549468875, 0.0961055979133, 0.0829723551869, 0.0441828109324, 0.0345243699849, 0.0463763922453, 0.0814701020718, 0.090461820364, 0.0813930034637, 0.0402612611651, 0.02584214136, 0.0411080233753, 0.0763005688787], "max": [1, 1, 1, 1, 1, 1, 1, 1, 1, 1, 1, 1, 1, 1, 1, 1, 1, 1, 1, 1, 1, 1, 1, 1, 1, 1, 1, 1, 1, 1, 1, 1, 1, 1, 1, 1], "var": [0.108293794096, 0.0575588382781, 0.0581547506154, 0.120998688042, 0.057419475168, 0.00932274851948, 0.00888342130929, 0.0138031477109, 0.0680363401771, 0.140735074878, 0.0769535154104, 0.0220668446273, 0.00776266725734, 0.00737738888711, 0.0414442382753, 0.0839087367058, 0.0472123287618, 0.0561583824456, 0.0896604582667, 0.0389184653759, 0.0141748189926, 0.0247545856982, 0.0184295866638, 0.0507561042905, 0.112785555422, 0.0465031825006, 0.0163749177009, 0.0171918813139, 0.0153714222834, 0.0561925023794, 0.10295470804, 0.0504065454006, 0.0142046483234, 0.00746479537338, 0.0121228145435, 0.0538673661649], "mean": [0.197993218899, 0.139469355345, 0.148487210274, 0.216545820236, 0.129329964519, 0.0365489907563, 0.0284751616418, 0.0510125271976, 0.18145942688, 0.296883374453, 0.201446250081, 0.0707493126392, 0.0300437472761, 0.0304820686579, 0.109161965549, 0.170301541686, 0.119288019836, 0.118105962873, 0.147949799895, 0.0859972909093, 0.0524979829788, 0.062688164413, 0.058832809329, 0.150723770261, 0.241634652019, 0.145097032189, 0.0508513376117, 0.0406830012798, 0.0504741892219, 0.149006992579, 0.219839826226, 0.132789820433, 0.0398984402418, 0.0206758696586, 0.0345041230321, 0.124407999218]}, "tuning_equal_tempered_deviation": 0.0132451560348, "chords_changes_rate": 0.0685483887792, "key_key": "A#", "tuning_diatonic_strength": 0.669428288937, "key_scale": "major", "chords_number_rate": 0.00349462358281, "tuning_frequency": 446.399932861, "tuning_nontempered_energy_ratio": 0.707304596901, "chords_histogram": [10.24193573, 6.7473115921, 29.2473125458, 2.5, 5.37634420395, 0.887096762657, 0.994623661041, 1.02150535583, 6.50537633896, 0.161290317774, 0.107526883483, 0, 0.0268817208707, 0, 0.56451612711, 1.29032254219, 0, 2.12365579605, 0, 3.49462366104, 0.18817204237, 10.1344089508, 8.22580623627, 10.1612901688], "key_strength": 0.776055574417, "chords_key": "F", "chords_strength": {"dmean2": 0.00767221255228, "median": 0.501420974731, "min": 0.246782720089, "dvar2": 4.89383819513e-05, "dvar": 6.62949678372e-05, "dmean": 0.0101078692824, "max": 0.804822385311, "var": 0.00917821843177, "mean": 0.501228034496}, "chords_scale": "major", "hpcp_entropy": {"dmean2": 0.862857162952, "median": 1.60915637016, "min": 0, "dvar2": 0.515357792377, "dvar": 0.191240653396, "dmean": 0.506249725819, "max": 4.0181593895, "var": 0.435560286045, "mean": 1.55920565128}}, "metadata": {"audio_properties": {"equal_loudness": 0, "codec": "flac", "downmix": "mix", "sample_rate": 44100, "analysis_sample_rate": 44100, "bit_rate": 0, "md5_encoded": "45ef65fa6e6f4db206e1d02821fb5338", "length": 172.666671753, "replay_gain": -0.56263923645, "lossless": true}, "version": {"essentia_build_sha": "2d9f1f26377add8aeb1075a9c2973f962c4f09fd", "essentia": "2.1-beta2", "extractor": "music 1.0", "essentia_git_sha": "v2.1_beta2-1-ge3940c0"}, "tags": {"title": ["Zelus Familie"], "barcode": ["028947173120"], "media": ["CD"], "albumartist": ["Various Artists"], "tracktotal": ["24"], "musicbrainz_releasegroupid": ["f136efc6-0a2f-3b78-bb65-6fd62e030d00"], "performer": ["Early Music Consort of London, David Munrow"], "releasetype": ["album", "compilation"], "musicbrainz_recordingid": ["06d9593b-ab72-4581-9eb6-4e692b261a2a"], "musicbrainz_albumartistid": ["17274eb2-27bd-4cab-b617-410111f9f040", "dce3777d-cb49-49af-958b-4feccd9f659c"], "musicbrainz_releasetrackid": ["95a93910-c9a5-301b-9276-0462299ea285"], "discnumber": ["2"], "album": ["Music Of The Gothic Era (Disc2)"], "catalognumber": ["471 731-2"], "releasecountry": ["XE"], "file_name": "07 Anonymous- Zelus familie.flac", "originaldate": ["1976"], "date": ["2003"], "genre": ["Medi\u00e6val - Gothic"], "disctotal": ["2"], "musicbrainz_artistid": ["f731ccc4-e22a-43af-a747-64213329e088"], "asin": ["B00006L3IE"], "musicbrainz_albumid": ["7e84cb38-c824-4509-b9c2-8afe8c0bb01b"], "artist": ["[anonymous]"], "artistsort": ["[anonymous]"], "tracknumber": ["7"], "label": ["Archiv Produktion"], "albumartistsort": ["Early Music Consort of London, Munrow, David"], "acoustid_id": ["aebdd962-70a2-440f-8c90-18368b7528ac"], "script": ["Latn"], "releasestatus": ["official"]}}, "rhythm": {"bpm_histogram_first_peak_bpm": {"dmean2": 0, "median": 103, "min": 103, "dvar2": 0, "dvar": 0, "dmean": 0, "max": 103, "var": 0, "mean": 103}, "bpm": 103.676002502, "bpm_histogram_second_peak_spread": {"dmean2": 0, "median": 0.629629611969, "min": 0.629629611969, "dvar2": 0, "dvar": 0, "dmean": 0, "max": 0.629629611969, "var": 0, "mean": 0.629629611969}, "bpm_histogram_first_peak_weight": {"dmean2": 0, "median": 0.175675675273, "min": 0.175675675273, "dvar2": 0, "dvar": 0, "dmean": 0, "max": 0.175675675273, "var": 0, "mean": 0.175675675273}, "onset_rate": 1.44770765305, "beats_position": [0.510838985443, 1.03328800201, 1.5673469305, 2.08979582787, 2.62385487556, 3.15791368484, 3.69197273254, 4.22603178024, 4.78331041336, 5.34058952332, 5.89786815643, 6.45514726639, 7.03564596176, 7.60453510284, 8.17342376709, 8.73070240021, 9.287981987, 9.83365058899, 10.4025392532, 10.95981884, 11.5170974731, 12.0743761063, 12.6316547394, 13.1889343262, 13.6765527725, 14.1641721725, 14.6517915726, 15.1277999878, 15.6038093567, 16.0914287567, 16.5674381256, 17.0550556183, 17.5310649872, 18.0767345428, 18.6224040985, 19.1680717468, 19.7253513336, 20.2710208893, 20.8166885376, 21.3623580933, 21.9196376801, 22.4769153595, 23.0341949463, 23.5914726257, 24.1719722748, 24.7524719238, 25.3445796967, 25.9366893768, 26.5171871185, 27.0860767365, 27.6549663544, 28.2238540649, 28.8159637451, 29.3964614868, 29.9421310425, 30.4878005981, 31.0334682465, 31.6836280823, 32.3453979492, 33.0187759399, 33.6805419922, 34.3539237976, 35.0156898499, 35.6774597168, 36.3392295837, 37.0126075745, 37.6743774414, 38.3361434937, 39.0327415466, 39.7177314758, 40.4143295288, 41.1109275818, 41.8075294495, 42.5041275024, 43.1078453064, 43.7231750488, 44.3385009766, 44.8841705322, 45.4414520264, 45.9987297058, 46.5792274475, 47.1597251892, 47.7402267456, 48.3091163635, 48.8780021667, 49.4468917847, 50.0273895264, 50.6194992065, 51.2000007629, 51.7804985046, 52.3377761841, 52.8950538635, 53.4639434814, 54.0212249756, 54.5668907166, 55.182220459, 55.7975502014, 56.4244880676, 57.0398178101, 57.6551475525, 58.2356452942, 58.8161430359, 59.3966445923, 59.977142334, 60.5692520142, 61.1149177551, 61.6605873108, 62.2062568665, 62.7403144836, 63.2743759155, 63.8084335327, 64.3657150269, 64.8765487671, 65.4338302612, 65.9794998169, 66.536781311, 67.1056671143, 67.686164856, 68.2666625977, 68.8007278442, 69.3812255859, 69.9849395752, 70.5886611938, 71.1691589355, 71.7380523682, 72.3069381714, 72.8874359131, 73.4795455933, 74.0832672119, 74.6521530151, 75.2210388184, 75.8015441895, 76.3820419312, 76.9509277344, 77.5198135376, 78.0887069702, 78.6575927734, 79.2380905151, 79.8069839478, 80.375869751, 80.9447631836, 81.5020370483, 82.105758667, 82.7094802856, 83.3131942749, 83.9169158936, 84.5206298828, 85.112739563, 85.7048492432, 86.2273025513, 86.7381362915, 87.2605895996, 87.7714233398, 88.2822647095, 88.8047180176, 89.4084320068, 90.0121536255, 90.6158676147, 91.2079772949, 91.8000869751, 92.3921966553, 92.972694397, 93.5531921387, 94.1104736328, 94.6561431885, 95.2250289917, 95.7939224243, 96.3628082275, 96.9433059692, 97.5121994019, 98.0926971436, 98.6731948853, 99.253692627, 99.7993621826, 100.3334198, 100.867477417, 101.413146973, 101.958816528, 102.504486084, 103.05015564, 103.595825195, 104.141494751, 104.675552368, 105.232833862, 105.778503418, 106.324172974, 106.869842529, 107.403900146, 107.937957764, 108.553283691, 109.15700531, 109.772331238, 110.387664795, 111.002990723, 111.606712341, 112.222038269, 112.825759888, 113.406257629, 113.986755371, 114.567253113, 115.147750854, 115.728248596, 116.308753967, 116.877639771, 117.446525574, 118.027030945, 118.595916748, 119.164802551, 119.745300293, 120.325805664, 120.894691467, 121.475189209, 122.067298889, 122.647796631, 123.228294373, 123.820404053, 124.389297485, 125.062675476, 125.747665405, 126.374603271, 127.013153076, 127.651695251, 128.267028809, 128.882354736, 129.497680664, 130.101409912, 130.71673584, 131.308837891, 131.9009552, 132.504669189, 133.09677124, 133.68888855, 134.269378662, 134.861495972, 135.395553589, 135.929611206, 136.463668823, 137.044174194, 137.624664307, 138.205169678, 138.78565979, 139.366165161, 139.935058594, 140.503936768, 141.084442139, 141.676544189, 142.268661499, 142.883987427, 143.499313354, 144.114639282, 144.741577148, 145.380126953, 145.960632324, 146.541137695, 147.110015869, 147.678909302, 148.247802734, 148.851516724, 149.443618774, 150.047348022, 150.651062012, 151.254776001, 151.846893311, 152.438995361, 153.031112671, 153.63482666, 154.238540649, 154.819046021, 155.411148071, 156.003265381, 156.595367432, 157.187484741, 157.779586792, 158.371704102, 158.963806152, 159.613967896, 160.264129639, 160.902679443, 161.541213989, 162.191375732, 162.829925537, 163.468475342, 164.118637085, 164.780410767, 165.34928894, 165.929794312, 166.487075806, 167.0443573, 167.590026855, 168.135681152, 168.681350708, 169.238632202, 169.772689819, 170.295150757, 170.829208374, 171.363265991, 171.897323608], "beats_loudness": {"dmean2": 0.0206854790449, "median": 0.00837198272347, "min": 2.3242143925e-06, "dvar2": 0.000743503274862, "dvar": 0.00032481123344, "dmean": 0.0124154277146, "max": 0.176235169172, "var": 0.000427298073191, "mean": 0.0155984275043}, "danceability": 0.844821691513, "bpm_histogram_second_peak_weight": {"dmean2": 0, "median": 0.101351350546, "min": 0.101351350546, "dvar2": 0, "dvar": 0, "dmean": 0, "max": 0.101351350546, "var": 0, "mean": 0.101351350546}, "beats_count": 297, "bpm_histogram_second_peak_bpm": {"dmean2": 0, "median": 108, "min": 108, "dvar2": 0, "dvar": 0, "dmean": 0, "max": 108, "var": 0, "mean": 108}, "bpm_histogram_first_peak_spread": {"dmean2": 0, "median": 0.638888895512, "min": 0.638888895512, "dvar2": 0, "dvar": 0, "dmean": 0, "max": 0.638888895512, "var": 0, "mean": 0.638888895512}, "beats_loudness_band_ratio": {"dmean2": [0.0609319210052, 0.368317991495, 0.313278377056, 0.333993464708, 0.0744353532791, 0.0118017373607], "median": [0.0141901141033, 0.235139653087, 0.289856135845, 0.239596769214, 0.0176183525473, 0.00172383175232], "min": [0.000370148947695, 0.0028341433499, 0.00363680790178, 0.00160607311409, 0.0003339498071, 7.03378682374e-05], "dvar2": [0.013929114677, 0.101173780859, 0.0625851526856, 0.0787392035127, 0.00934584904462, 0.000418615556555], "dvar": [0.00587831251323, 0.0466578342021, 0.027017980814, 0.0346014089882, 0.00368405668996, 0.000145713624079], "dmean": [0.0375296659768, 0.22160127759, 0.192063838243, 0.203647524118, 0.0425921604037, 0.00658641569316], "max": [0.986058175564, 0.986939430237, 0.897037923336, 0.956797063351, 0.409210890532, 0.108538195491], "var": [0.0186844039708, 0.0832438319921, 0.0507990047336, 0.0652449131012, 0.00386229390278, 0.00011844621622], "mean": [0.0518583953381, 0.33266377449, 0.319410741329, 0.307124853134, 0.0433086529374, 0.00575246335939]}}, "lowlevel": {"barkbands_spread": {"dmean2": 2.26973509789, "median": 6.24149990082, "min": 0.348319172859, "dvar2": 7.60886287689, "dvar": 3.40084028244, "dmean": 1.50205755234, "max": 54.1271896362, "var": 24.7159118652, "mean": 7.37847661972}, "melbands_spread": {"dmean2": 3.43561768532, "median": 10.5185222626, "min": 0.232731834054, "dvar2": 15.1186323166, "dvar": 6.61448574066, "dmean": 2.28042554855, "max": 63.6083335876, "var": 47.4472007751, "mean": 11.4971485138}, "hfc": {"dmean2": 3.57655191422, "median": 5.43629646301, "min": 2.1701682229e-08, "dvar2": 64.9312667847, "dvar": 32.455745697, "dmean": 2.58484244347, "max": 307.522705078, "var": 424.863952637, "mean": 12.3479938507}, "barkbands_kurtosis": {"dmean2": 8.35520362854, "median": 2.21850395203, "min": -1.69432842731, "dvar2": 1823.88598633, "dvar": 589.903564453, "dmean": 5.04751062393, "max": 877.144287109, "var": 868.950256348, "mean": 8.29785060883}, "gfcc": {"mean": [-172.613540649, 167.07975769, -158.565979004, -39.0991516113, -51.84116745, -25.221906662, -38.8787879944, 8.08984470367, -26.9415893555, -42.2500038147, 2.04441905022, 2.30112862587, -4.87315034866], "icov": [[0.00100046792068, -0.000468847283628, 0.00225925282575, -0.000655861746054, 0.00142056832556, -0.000627589877695, 0.00127678841818, -0.00068735977402, 0.000811559788417, 0.000402171805035, 5.45451366634e-05, -7.07450408299e-06, -0.000291721895337], [-0.000468847283628, 0.00358681916259, -0.00232336716726, 0.00272995815612, -0.00212380848825, 0.00246475217864, -0.00115110178012, 0.00185181712732, -0.00207757623866, 0.00198967708275, 2.03582767426e-05, 0.000685495906509, 0.00108187377919], [0.00225925282575, -0.00232336716726, 0.00724943028763, -0.00300615723245, 0.00369315571152, -0.00243546068668, 0.00215474236757, -0.00232820189558, 0.00235043489374, -0.000737839611247, 0.00137353455648, -0.00133648666088, -0.00138081680052], [-0.000655861746054, 0.00272995815612, -0.00300615723245, 0.00465353624895, -0.00172976311296, 0.00195498438552, -0.000247510499321, 0.00170639157295, -0.00199690274894, 0.000745094614103, 0.00104008999187, -0.000487376819365, 0.00122735451441], [0.00142056832556, -0.00212380848825, 0.00369315571152, -0.00172976311296, 0.00646273884922, -0.00200170627795, 0.00299954344518, -0.00245614093728, 0.00182681926526, -0.00035238135024, -0.000209613892366, 0.00130134157371, -0.000641052378342], [-0.000627589877695, 0.00246475217864, -0.00243546068668, 0.00195498438552, -0.00200170627795, 0.00797328539193, -0.00301481760107, 0.00134328624699, -0.00158263160847, -0.00118061108515, 0.00151802471373, 0.000829127151519, 0.00241987966001], [0.00127678841818, -0.00115110178012, 0.00215474236757, -0.000247510499321, 0.00299954344518, -0.00301481760107, 0.00695908209309, -0.00373306544498, 0.00382253155112, 0.00071949523408, -0.000697198556736, -0.00134376180358, -8.31352881505e-05], [-0.00068735977402, 0.00185181712732, -0.00232820189558, 0.00170639157295, -0.00245614093728, 0.00134328624699, -0.00373306544498, 0.0101097626612, -0.00240448862314, 0.00172888371162, -0.000912573712412, 0.00287063000724, 0.00110315450002], [0.000811559788417, -0.00207757623866, 0.00235043489374, -0.00199690274894, 0.00182681926526, -0.00158263160847, 0.00382253155112, -0.00240448862314, 0.0114947427064, -0.00444900570437, 0.000477165740449, -0.000841172935907, 0.000582376902457], [0.000402171805035, 0.00198967708275, -0.000737839611247, 0.000745094614103, -0.00035238135024, -0.00118061108515, 0.00071949523408, 0.00172888371162, -0.00444900570437, 0.0084857782349, -0.00140384305269, 0.00178045290522, -0.000400908204028], [5.45451366634e-05, 2.03582767426e-05, 0.00137353455648, 0.00104008999187, -0.000209613892366, 0.00151802471373, -0.000697198556736, -0.000912573712412, 0.000477165740449, -0.00140384305269, 0.0100586460903, -0.00487727718428, 0.0012741262326], [-7.07450408299e-06, 0.000685495906509, -0.00133648666088, -0.000487376819365, 0.00130134157371, 0.000829127151519, -0.00134376180358, 0.00287063000724, -0.000841172935907, 0.00178045290522, -0.00487727718428, 0.0139611400664, -0.00450568366796], [-0.000291721895337, 0.00108187377919, -0.00138081680052, 0.00122735451441, -0.000641052378342, 0.00241987966001, -8.31352881505e-05, 0.00110315450002, 0.000582376902457, -0.000400908204028, 0.0012741262326, -0.00450568366796, 0.0109612736851]], "cov": [[6982.54638672, 64.8159713745, -2361.0637207, -486.603027344, -147.275512695, -441.729187012, -577.497375488, -74.6855697632, -168.194381714, -538.952453613, 232.517425537, -122.309494019, -59.544719696], [64.8159713745, 889.065429688, -90.9990005493, -452.781921387, 137.778442383, -168.126480103, 86.2846221924, 26.0061950684, -64.1620559692, -229.288040161, 51.9941062927, -33.6788139343, -28.4432258606], [-2361.0637207, -90.9990005493, 1096.96887207, 353.101043701, -82.0726470947, 166.549133301, 149.024932861, 0.23258818686, 59.5409469604, 199.337860107, -131.642669678, 83.6015625, 58.1275291443], [-486.603027344, -452.781921387, 353.101043701, 676.587463379, -34.1418571472, 45.4793548584, -171.852859497, -83.8430709839, 123.903587341, 177.843139648, -108.847320557, 34.5549888611, 22.3366470337], [-147.275512695, 137.778442383, -82.0726470947, -34.1418571472, 325.666351318, 6.62762546539, -84.3329391479, 29.6990737915, 32.4341392517, 15.3608884811, -14.7788553238, -79.6718292236, -42.2728805542], [-441.729187012, -168.126480103, 166.549133301, 45.4793548584, 6.62762546539, 260.772979736, 92.0423355103, 30.1755943298, 27.4372520447, 103.881538391, -51.3549995422, -31.4308013916, -43.4036407471], [-577.497375488, 86.2846221924, 149.024932861, -171.852859497, -84.3329391479, 92.0423355103, 445.346343994, 115.329994202, -135.083831787, -89.7898864746, 40.5889320374, 41.8095474243, -2.99014616013], [-74.6855697632, 26.0061950684, 0.23258818686, -83.8430709839, 29.6990737915, 30.1755943298, 115.329994202, 163.641983032, -25.7428779602, -38.8427009583, 11.1140422821, -34.0445709229, -30.9953575134], [-168.194381714, -64.1620559692, 59.5409469604, 123.903587341, 32.4341392517, 27.4372520447, -135.083831787, -25.7428779602, 188.109283447, 136.156555176, -33.805141449, -22.7775993347, -17.5586185455], [-538.952453613, -229.288040161, 199.337860107, 177.843139648, 15.3608884811, 103.881538391, -89.7898864746, -38.8427009583, 136.156555176, 297.631011963, -39.9806594849, -16.994972229, -4.00913238525], [232.517425537, 51.9941062927, -131.642669678, -108.847320557, -14.7788553238, -51.3549995422, 40.5889320374, 11.1140422821, -33.805141449, -39.9806594849, 156.623443604, 47.5738067627, 8.00684452057], [-122.309494019, -33.6788139343, 83.6015625, 34.5549888611, -79.6718292236, -31.4308013916, 41.8095474243, -34.0445709229, -22.7775993347, -16.994972229, 47.5738067627, 141.446014404, 65.9547424316], [-59.544719696, -28.4432258606, 58.1275291443, 22.3366470337, -42.2728805542, -43.4036407471, -2.99014616013, -30.9953575134, -17.5586185455, -4.00913238525, 8.00684452057, 65.9547424316, 134.447372437]]}, "spectral_energyband_middle_low": {"dmean2": 0.00315881078131, "median": 0.00492357322946, "min": 4.94234904738e-12, "dvar2": 2.88536211883e-05, "dvar": 1.38650539157e-05, "dmean": 0.00222545932047, "max": 0.116401501, "var": 9.33760238695e-05, "mean": 0.00810454878956}, "melbands_crest": {"dmean2": 4.30493736267, "median": 15.8235492706, "min": 4.70973300934, "dvar2": 17.8993301392, "dvar": 7.03989982605, "dmean": 2.77109479904, "max": 38.9505271912, "var": 40.1751022339, "mean": 16.68724823}, "spectral_kurtosis": {"dmean2": 22.221704483, "median": 24.5860118866, "min": -0.610096752644, "dvar2": 378.717071533, "dvar": 127.043426514, "dmean": 12.6763420105, "max": 133.462738037, "var": 454.281219482, "mean": 30.0102043152}, "spectral_rms": {"dmean2": 0.000540828099474, "median": 0.00282454583794, "min": 1.03516327954e-07, "dvar2": 4.12030999541e-07, "dvar": 1.96056674895e-07, "dmean": 0.000385430845199, "max": 0.016794776544, "var": 4.06862591262e-06, "mean": 0.00330243166536}, "zerocrossingrate": {"dmean2": 0.00377899222076, "median": 0.03662109375, "min": 0.0009765625, "dvar2": 1.99709611479e-05, "dvar": 1.35428854264e-05, "dmean": 0.00301018124446, "max": 0.1533203125, "var": 0.000130026994157, "mean": 0.0361815206707}, "silence_rate_60dB": {"dmean2": 0.0801506191492, "median": 0, "min": 0, "dvar2": 0.0834142640233, "dvar": 0.0384629070759, "dmean": 0.0400699190795, "max": 1, "var": 0.145720124245, "mean": 0.177063733339}, "erbbands_kurtosis": {"dmean2": 2.97674226761, "median": 1.75435626507, "min": -1.87834954262, "dvar2": 27.5441970825, "dvar": 11.5295314789, "dmean": 1.95481848717, "max": 84.3679656982, "var": 51.8365974426, "mean": 4.15695428848}, "erbbands": {"dmean2": [0.000876610516571, 0.00185159977991, 0.00673074042425, 0.0506758093834, 0.556034505367, 3.67901945114, 8.15600395203, 7.52435779572, 1.75772762299, 4.36313772202, 15.1536254883, 30.5477619171, 32.9041633606, 54.8464126587, 53.6053276062, 14.601067543, 4.32377767563, 7.24581575394, 3.98852658272, 2.01327681541, 2.25478386879, 4.14602565765, 4.7147102356, 4.10562419891, 1.02798783779, 0.0568443834782, 0.0261900704354, 0.0269407182932, 0.0241316072643, 0.0218415297568, 0.0222048629075, 0.0169235393405, 0.00988002493978, 0.00467105442658, 0.00183350790758, 0.000465049612103, 7.81829076004e-05, 9.2021200544e-06, 2.81775305666e-06, 5.47982972421e-06], "median": [0.00033478817204, 0.00104029860813, 0.00311108259484, 0.0683990567923, 0.627582252026, 3.61087226868, 4.74927425385, 2.12725710869, 1.40060377121, 2.90449714661, 6.90588521957, 14.9210834503, 18.5445232391, 14.9055833817, 18.4930706024, 5.70774936676, 1.7798833847, 1.10652685165, 0.674545109272, 0.635878801346, 0.971640110016, 2.11320781708, 2.15046477318, 1.59079289436, 0.369429200888, 0.0249095074832, 0.00383636122569, 0.00209131650627, 0.00223475554958, 0.00230133603327, 0.00284981261939, 0.00259583513252, 0.00113780447282, 0.000261192093603, 0.000170729792444, 7.40931573091e-05, 2.359435166e-05, 4.81595861856e-06, 5.00447731611e-06, 9.52490518102e-06], "min": [7.30299154483e-12, 9.17658310451e-11, 5.43386557972e-10, 1.87849380495e-09, 4.39086456083e-09, 7.12394498947e-09, 7.63996244046e-09, 4.8699404509e-09, 3.53468498915e-09, 9.97827509508e-09, 1.6277811099e-08, 8.25242452152e-09, 7.70526931149e-09, 2.55186396458e-08, 1.25717845023e-08, 3.80221898411e-08, 5.96107696538e-08, 1.40717979491e-08, 1.22863381691e-08, 1.47286920438e-08, 4.90930629482e-09, 2.26192686803e-09, 1.89645943394e-09, 8.1025071097e-09, 7.6332975496e-09, 4.46153469724e-09, 2.89172641388e-09, 1.2307305397e-08, 8.71372662914e-09, 3.87784160338e-09, 1.47744871892e-09, 1.15196097106e-09, 7.84487697025e-10, 1.60513424774e-09, 1.29301680474e-09, 6.91895651883e-10, 2.51780651883e-10, 1.85431461852e-10, 3.27381247112e-11, 4.4211314297e-12], "dvar2": [1.24392215639e-06, 5.21469837622e-06, 0.000309811672196, 0.00913175288588, 1.00617384911, 47.0731163025, 502.954345703, 779.042358398, 13.0191345215, 73.729888916, 1997.21289063, 8290.75585938, 7611.54931641, 32413.2851563, 48954.4960938, 3125.27978516, 221.577194214, 664.105163574, 289.874938965, 51.8877830505, 36.7600440979, 124.010025024, 309.896179199, 132.384872437, 16.0001163483, 0.0557506233454, 0.0812595784664, 0.0550025999546, 0.0270756296813, 0.0143668167293, 0.0196801461279, 0.0188351236284, 0.0111033543944, 0.00374004291371, 0.00057034229394, 3.36743614753e-05, 4.21619290591e-07, 5.11633491129e-09, 4.49481910025e-11, 1.09451676888e-10], "dvar": [4.20481313768e-07, 1.78040590981e-06, 0.000162002063007, 0.00393095891923, 0.400723665953, 19.4840164185, 214.748336792, 377.529846191, 6.78267335892, 31.2059421539, 905.153198242, 4254.89111328, 3782.35058594, 16255.1220703, 23012.6738281, 1520.11535645, 124.063529968, 273.651763916, 289.423614502, 32.6062240601, 18.2195510864, 59.7528991699, 141.363250732, 65.917427063, 7.32133579254, 0.0259161945432, 0.0363867618144, 0.0240158252418, 0.0134885841981, 0.00742742745206, 0.00876772683114, 0.00754213426262, 0.00422604614869, 0.00142460083589, 0.000219325709622, 1.23011623145e-05, 1.70956340639e-07, 2.4865089987e-09, 2.09296972115e-11, 5.34588102952e-11], "dmean": [0.000494282110594, 0.00106925191358, 0.00463778944686, 0.0335917957127, 0.365723520517, 2.49345850945, 5.56215667725, 5.55584526062, 1.24514269829, 2.98094701767, 10.2764635086, 21.5696258545, 23.0725917816, 38.4366836548, 36.900188446, 9.89039897919, 3.01702165604, 4.78067731857, 2.99065113068, 1.45985150337, 1.55627095699, 2.77692174911, 3.07460689545, 2.81347346306, 0.698103070259, 0.0383472517133, 0.0175723470747, 0.0185898374766, 0.0168904773891, 0.0150843979791, 0.0146435378119, 0.0111608533189, 0.00626017525792, 0.00305073708296, 0.00115892349277, 0.000288866576739, 4.92947037856e-05, 5.96153222432e-06, 2.00114254767e-06, 3.92001447835e-06], "max": [0.00864171236753, 0.0253451634198, 0.302699238062, 1.74146413803, 13.3104743958, 111.787490845, 774.252929688, 1144.93579102, 146.543823242, 166.886703491, 938.734436035, 2413.07983398, 2494.43823242, 4827.52685547, 10184.7890625, 2521.68334961, 683.301208496, 569.923706055, 1722.73168945, 289.242431641, 215.256240845, 428.405975342, 700.184509277, 408.210174561, 129.473403931, 6.63167905807, 13.177532196, 7.05006790161, 3.62379598618, 2.89644527435, 4.15806293488, 3.11295175552, 2.78076386452, 1.56610035896, 0.67624104023, 0.196162343025, 0.0146422376856, 0.00199079327285, 0.000162789816386, 0.000347723049344], "var": [5.89423393649e-07, 3.3662390706e-06, 0.000867032911628, 0.0182985309511, 1.78448009491, 128.510055542, 910.427124023, 3306.0390625, 54.5458869934, 95.2002944946, 3104.26147461, 22689.2402344, 27007.0722656, 129938.40625, 247243.140625, 11241.7363281, 1050.07910156, 1591.41491699, 1934.9309082, 191.715026855, 151.037582397, 354.298400879, 610.676391602, 407.76184082, 22.1789360046, 0.060220617801, 0.040844887495, 0.0278649888933, 0.0203628204763, 0.0145307611674, 0.0147808464244, 0.00964566320181, 0.0050198584795, 0.00147682637908, 0.000204081778065, 9.85911628959e-06, 2.00854657351e-07, 3.63324148545e-09, 1.54753099224e-10, 6.39734210051e-10], "mean": [0.000593110162299, 0.00163029308897, 0.0135030783713, 0.113156318665, 1.10424482822, 7.67141437531, 15.1128444672, 15.8180875778, 3.362190485, 6.12370634079, 22.2635097504, 56.59375, 72.5900039673, 124.362182617, 118.441543579, 29.515745163, 9.8903799057, 13.9467849731, 8.516664505, 4.42495536804, 5.28917551041, 8.46356201172, 9.28878879547, 8.68163299561, 1.90341186523, 0.0986258462071, 0.0271350666881, 0.0240890476853, 0.0236619971693, 0.0248185936362, 0.0255962815136, 0.0188690144569, 0.00867481250316, 0.0036706563551, 0.00143438740633, 0.000403927115258, 8.53735182318e-05, 1.24609250634e-05, 9.12792165764e-06, 1.80420865945e-05]}, "spectral_strongpeak": {"dmean2": 0.785824716091, "median": 1.12833738327, "min": 0, "dvar2": 1.13095080853, "dvar": 0.482217758894, "dmean": 0.499751091003, "max": 22.7529506683, "var": 4.92464780807, "mean": 1.91187644005}, "spectral_energy": {"dmean2": 0.00473244534805, "median": 0.00817751139402, "min": 1.09835205167e-11, "dvar2": 7.95970336185e-05, "dvar": 3.87093423342e-05, "dmean": 0.00338220619597, "max": 0.289116173983, "var": 0.000452744367067, "mean": 0.0153489923105}, "average_loudness": 0.0530331395566, "spectral_rolloff": {"dmean2": 181.518844604, "median": 947.4609375, "min": 21.533203125, "dvar2": 124441.0625, "dvar": 52371.203125, "dmean": 106.168037415, "max": 8247.21679688, "var": 194953.578125, "mean": 975.254516602}, "spectral_centroid": {"dmean2": 124.372253418, "median": 821.53125, "min": 180.97555542, "dvar2": 23375.3085938, "dvar": 9991.109375, "dmean": 83.9429092407, "max": 2913.77490234, "var": 86493.8828125, "mean": 840.747558594}, "pitch_salience": {"dmean2": 0.097009293735, "median": 0.486552506685, "min": 0.0394033230841, "dvar2": 0.00791520066559, "dvar": 0.00313636986539, "dmean": 0.0618137940764, "max": 0.881952822208, "var": 0.0185664054006, "mean": 0.47817876935}, "spectral_energyband_middle_high": {"dmean2": 0.00285964948125, "median": 0.00214419700205, "min": 3.86050046097e-12, "dvar2": 5.68901996303e-05, "dvar": 2.79510477412e-05, "dmean": 0.0020195255056, "max": 0.268065214157, "var": 0.000295782985631, "mean": 0.00792992021888}, "spectral_contrast_coeffs": {"dmean2": [0.0645600929856, 0.0620855912566, 0.0513609535992, 0.0388284362853, 0.0302597098053, 0.0204367171973], "median": [-0.502178430557, -0.640729784966, -0.649905502796, -0.721760749817, -0.639137387276, -0.833945274353], "min": [-0.929452896118, -0.938381195068, -0.958774209023, -0.979017853737, -0.964170277119, -0.92057210207], "dvar2": [0.00272940541618, 0.00276732258499, 0.00179462751839, 0.0010849746177, 0.000769385776948, 0.00031543453224], "dvar": [0.00104321399704, 0.00109689368401, 0.00077150168363, 0.000478134374134, 0.00039552920498, 0.000128941886942], "dmean": [0.038827881217, 0.0393536798656, 0.0328835509717, 0.0246431846172, 0.0200647581369, 0.0125033594668], "max": [-0.266874849796, -0.263596326113, -0.308419287205, -0.445229709148, -0.463691562414, -0.657965779305], "var": [0.0105890054256, 0.0121724363416, 0.0105331595987, 0.00616513378918, 0.00761659070849, 0.00120136037003], "mean": [-0.513519525528, -0.63354665041, -0.641017794609, -0.719455838203, -0.653210282326, -0.830669820309]}, "melbands_skewness": {"dmean2": 0.795544564724, "median": 0.814767062664, "min": -3.96323466301, "dvar2": 1.55207538605, "dvar": 0.622738599777, "dmean": 0.527995705605, "max": 27.2394962311, "var": 5.58614444733, "mean": 1.27118015289}, "spectral_spread": {"dmean2": 422192.75, "median": 1521814.25, "min": 554669, "dvar2": 266026614784, "dvar": 155395817472, "dmean": 264086, "max": 24196572, "var": 1334861365250.0, "mean": 1780958.125}, "dissonance": {"dmean2": 0.0654485672712, "median": 0.40893766284, "min": 0.125177934766, "dvar2": 0.00390843255445, "dvar": 0.00140840606764, "dmean": 0.0386634990573, "max": 0.499514818192, "var": 0.00412210589275, "mean": 0.395719617605}, "spectral_skewness": {"dmean2": 1.50709939003, "median": 3.09044504166, "min": 0.509168386459, "dvar2": 1.50933551788, "dvar": 0.496621280909, "dmean": 0.859946668148, "max": 9.19631671906, "var": 2.06289362907, "mean": 3.37137627602}, "spectral_flux": {"dmean2": 0.0186887737364, "median": 0.0308237485588, "min": 0.000386539904866, "dvar2": 0.00052744167624, "dvar": 0.000205414631637, "dmean": 0.011257134378, "max": 0.361475735903, "var": 0.000649922760203, "mean": 0.0363683737814}, "spectral_contrast_valleys": {"dmean2": [0.64011824131, 0.486851245165, 0.414652168751, 0.355777353048, 0.298661053181, 0.314131885767], "median": [-9.77940273285, -7.9881772995, -7.92614269257, -9.58449172974, -10.4252891541, -13.3765459061], "min": [-16.0999126434, -16.6813983917, -17.0695743561, -17.150560379, -17.7396430969, -19.1119689941], "dvar2": [0.244457229972, 0.158974424005, 0.11365494132, 0.0937146171927, 0.0905578732491, 0.12379527837], "dvar": [0.0844287276268, 0.0637279748917, 0.0461326390505, 0.0383848920465, 0.0435680747032, 0.0640686154366], "dmean": [0.370782166719, 0.301284193993, 0.256072491407, 0.217498719692, 0.191557094455, 0.205075845122], "max": [-8.32449150085, -5.7031545639, -5.3342051506, -6.75433397293, -7.32782173157, -9.21420860291], "var": [0.231457442045, 1.04665875435, 1.17761874199, 0.923355937004, 0.662237048149, 0.553503632545], "mean": [-9.80704593658, -8.11336135864, -8.10072040558, -9.66919803619, -10.4412984848, -13.297249794]}, "erbbands_flatness_db": {"dmean2": 0.0225588567555, "median": 0.338286399841, "min": 0.0360190048814, "dvar2": 0.000495388638228, "dvar": 0.00024045369355, "dmean": 0.0155462780967, "max": 0.546349525452, "var": 0.00527692912146, "mean": 0.340669184923}, "spectral_energyband_high": {"dmean2": 2.7491853416e-06, "median": 5.27586280441e-07, "min": 1.16181294186e-12, "dvar2": 3.35021399511e-10, "dvar": 1.66331184936e-10, "dmean": 1.94264748643e-06, "max": 0.000485037104227, "var": 2.93275237429e-10, "mean": 3.40051747116e-06}, "spectral_entropy": {"dmean2": 0.198684498668, "median": 6.16885662079, "min": 4.42441797256, "dvar2": 0.0417525582016, "dvar": 0.0204628203064, "dmean": 0.135970249772, "max": 8.68787002563, "var": 0.295292943716, "mean": 6.13712310791}, "silence_rate_20dB": {"dmean2": 0, "median": 1, "min": 1, "dvar2": 0, "dvar": 0, "dmean": 0, "max": 1, "var": 0, "mean": 1}, "melbands_flatness_db": {"dmean2": 0.0276206266135, "median": 0.355918556452, "min": 0.0903450027108, "dvar2": 0.000833930156659, "dvar": 0.000371100584744, "dmean": 0.0189370494336, "max": 0.549615561962, "var": 0.0040334481746, "mean": 0.356717556715}, "barkbands": {"dmean2": [1.67695616256e-05, 1.43228216984e-05, 8.8013102868e-06, 2.67434279522e-05, 0.000768964411691, 0.0010865299264, 0.000126437167637, 0.000550472759642, 0.00130975758657, 0.00127817643806, 0.00158659985755, 0.000701349345036, 0.000106668514491, 0.000138487288496, 6.49134162813e-05, 4.10509383073e-05, 8.63104505697e-05, 8.38361083879e-05, 5.99447594141e-05, 8.49485843446e-07, 6.57488499201e-07, 7.23976029349e-07, 7.33747981485e-07, 6.89415855959e-07, 3.2272831163e-07, 6.27065190884e-08, 4.44589742798e-09], "median": [5.84249391977e-06, 6.436012427e-06, 1.28171825509e-06, 3.22685518768e-05, 0.000854559359141, 0.000320328312228, 6.0799975472e-05, 0.000237246524193, 0.000530122080818, 0.000373531773221, 0.000336517638061, 0.000171598832821, 2.22263297474e-05, 1.13385640361e-05, 9.24137020775e-06, 1.09624206743e-05, 3.75934760086e-05, 3.26277659042e-05, 1.84062810149e-05, 2.00050450871e-07, 4.72677044172e-08, 6.11458261801e-08, 9.99878153607e-08, 9.5190067384e-08, 2.09580015564e-08, 1.18092264856e-08, 4.22691925905e-09], "min": [2.22036625875e-14, 3.42689987715e-13, 5.77260895335e-13, 8.09648626355e-13, 1.98973216375e-12, 6.9633957888e-13, 3.33916135844e-13, 7.29870970519e-13, 3.33525172541e-13, 5.23769829591e-13, 4.79584742145e-13, 6.96747238897e-13, 1.24194567391e-12, 2.39972131793e-13, 1.88276152481e-13, 1.67439480792e-13, 4.77117226749e-14, 3.36765730862e-14, 1.74434753209e-13, 1.0357905126e-13, 2.1495313667e-13, 2.33346789157e-13, 5.3282736296e-14, 5.12208277095e-14, 1.49513919041e-13, 1.49442551433e-13, 3.06494521603e-13], "dvar2": [4.04176442315e-10, 3.21584370244e-10, 6.87257251109e-10, 2.8343014602e-09, 1.78370282811e-06, 1.10811488412e-05, 6.78351881334e-08, 2.32438901548e-06, 1.59131068358e-05, 1.24580701595e-05, 3.80158307962e-05, 1.76280409505e-05, 1.52233965878e-07, 2.89724653157e-07, 9.03596273361e-08, 1.41394771447e-08, 4.32203748346e-08, 8.9748887433e-08, 3.03422567072e-08, 3.20188216218e-11, 4.87574529362e-11, 2.13660842491e-11, 1.76284646602e-11, 4.2062461153e-11, 1.68113179627e-11, 5.3524751905e-13, 9.03152797537e-16], "dvar": [1.61125654485e-10, 1.07712283537e-10, 3.56979890093e-10, 1.08719933056e-09, 7.78781441113e-07, 5.21422316524e-06, 3.01698612759e-08, 9.86126792668e-07, 7.97124630481e-06, 6.28126826996e-06, 1.89247348317e-05, 8.45188787935e-06, 8.90190889891e-08, 1.12073038849e-07, 8.75439809533e-08, 6.43792263944e-09, 1.95437692696e-08, 4.14054603937e-08, 1.51816816896e-08, 1.46125889167e-11, 2.18616427045e-11, 1.05260843444e-11, 8.33887126017e-12, 1.62406563892e-11, 6.50084933801e-12, 1.95504989151e-13, 4.11301332085e-16], "dmean": [9.52155551204e-06, 8.15275325294e-06, 6.21971639703e-06, 1.72219097294e-05, 0.000525352777913, 0.000769684789702, 8.44701353344e-05, 0.000370036461391, 0.000922501727473, 0.000885051558726, 0.00112108467147, 0.000473335472634, 7.42950360291e-05, 8.8810113084e-05, 4.99870293424e-05, 2.72256274911e-05, 5.66347225686e-05, 5.5043696193e-05, 4.04004131269e-05, 5.39926531928e-07, 4.52197383538e-07, 5.09454082476e-07, 4.92412311814e-07, 4.46619452532e-07, 2.09005534657e-07, 3.86456910917e-08, 2.85786772025e-09], "max": [0.000414531037677, 0.000169903534697, 0.000444273260655, 0.000754180364311, 0.0269168261439, 0.114154435694, 0.00589056918398, 0.0297004394233, 0.0929162800312, 0.0782710835338, 0.187398523092, 0.184041038156, 0.0184159148484, 0.0109806731343, 0.0291503183544, 0.0030110902153, 0.00616668118164, 0.010526586324, 0.00475437287241, 0.000243959584623, 0.000305402791128, 8.97828722373e-05, 0.000117709605547, 0.000163746692124, 9.93100038613e-05, 2.40478057094e-05, 8.34448940168e-07], "var": [2.20920920446e-10, 1.73246764157e-10, 2.05128114494e-09, 3.63188989994e-09, 5.97081452725e-06, 3.24100474245e-05, 1.07072281708e-07, 2.67680388788e-06, 4.01999568567e-05, 4.64076219941e-05, 0.000139109877637, 4.14243368141e-05, 8.12967414276e-07, 5.59343618534e-07, 5.61799765819e-07, 4.3136168415e-08, 1.16215410628e-07, 1.5319102431e-07, 7.66128138707e-08, 1.78504919179e-11, 2.47935248721e-11, 1.62983047197e-11, 1.55680329739e-11, 1.95252061047e-11, 6.58370320067e-12, 1.62311855037e-13, 5.50640025384e-16], "mean": [1.02477879409e-05, 1.05950302896e-05, 1.79808648682e-05, 4.97629735037e-05, 0.00168674939778, 0.00206118938513, 0.000178802118171, 0.000699251191691, 0.00233137351461, 0.00279098679312, 0.00326797994785, 0.00115677714348, 0.000214114654227, 0.000239354019868, 0.000127972714836, 7.7292374