{"tonal": {"thpcp": [1, 0.868936002254, 0.525957107544, 0.38806155324, 0.304094731808, 0.265884160995, 0.296238034964, 0.336891740561, 0.380290418863, 0.429912030697, 0.43221282959, 0.412657052279, 0.377115011215, 0.331515789032, 0.311690449715, 0.315983504057, 0.366481363773, 0.396118491888, 0.518166840076, 0.57613247633, 0.408767729998, 0.310244470835, 0.280009388924, 0.257825314999, 0.286664158106, 0.373912632465, 0.431880742311, 0.433623284101, 0.392126530409, 0.278076946735, 0.19907310605, 0.192444860935, 0.219525411725, 0.263760298491, 0.274996131659, 0.573310136795], "hpcp": {"dmean2": [0.282930195332, 0.246886998415, 0.247702181339, 0.257552176714, 0.26972335577, 0.28233319521, 0.311941474676, 0.330511182547, 0.283926546574, 0.25106176734, 0.23759740591, 0.216671571136, 0.222882449627, 0.248270511627, 0.26708599925, 0.273744225502, 0.264999032021, 0.204952850938, 0.155850216746, 0.146077439189, 0.16062887013, 0.18866199255, 0.198573768139, 0.351095974445, 0.549104034901, 0.387574166059, 0.310936868191, 0.26425075531, 0.204898700118, 0.189009353518, 0.223099261522, 0.24687230587, 0.269997626543, 0.292811959982, 0.302114605904, 0.300620317459], "median": [0.066009812057, 0.0602844171226, 0.056771080941, 0.0575760230422, 0.0527877733111, 0.0636786967516, 0.116398453712, 0.134182438254, 0.0901885405183, 0.0563278123736, 0.0498488768935, 0.05043695122, 0.0648393854499, 0.0733383670449, 0.0743359774351, 0.0774155780673, 0.0707777515054, 0.0442793704569, 0.032084800303, 0.0350709967315, 0.0441695228219, 0.0530772209167, 0.0546613149345, 0.164046376944, 0.301050543785, 0.284120261669, 0.126501709223, 0.082634486258, 0.0649666488171, 0.0517334453762, 0.0521685406566, 0.0607864297926, 0.0768182724714, 0.0949087589979, 0.0890908166766, 0.0736412405968], "min": [0, 0, 0, 0, 0, 0, 0, 0, 0, 0, 0, 0, 0, 0, 0, 0, 0, 0, 0, 0, 0, 0, 0, 0, 0, 0, 0, 0, 0, 0, 0, 0, 0, 0, 0, 0], "dvar2": [0.14399458468, 0.121609568596, 0.129472106695, 0.132414907217, 0.139787912369, 0.138555586338, 0.134905457497, 0.141651928425, 0.131162047386, 0.122788473964, 0.119317345321, 0.10444431752, 0.103411227465, 0.111541979015, 0.133780702949, 0.13110986352, 0.128516852856, 0.101469688118, 0.0773332342505, 0.0703936219215, 0.0671711340547, 0.0848305523396, 0.0785278305411, 0.119161337614, 0.251151442528, 0.122672587633, 0.115028075874, 0.104459442198, 0.0803997516632, 0.0796659514308, 0.10111630708, 0.117527186871, 0.12047509104, 0.127919092774, 0.140539214015, 0.144160553813], "dvar": [0.0529968626797, 0.0442311130464, 0.0458059236407, 0.0471702441573, 0.0545370392501, 0.0551096983254, 0.0496918857098, 0.0533171631396, 0.0467875152826, 0.0438728667796, 0.0421352386475, 0.0356219001114, 0.0358770899475, 0.0395675338805, 0.0483183264732, 0.047812871635, 0.0464246869087, 0.0349249131978, 0.0270484704524, 0.0245902556926, 0.0229836013168, 0.0297085382044, 0.0282803140581, 0.0429880954325, 0.0968583896756, 0.0463168248534, 0.0428655296564, 0.0396390222013, 0.028790216893, 0.0296606775373, 0.0368912778795, 0.0431232079864, 0.0442311167717, 0.0470363683999, 0.0507235974073, 0.0529312044382], "dmean": [0.157857090235, 0.136663302779, 0.137332111597, 0.142913013697, 0.155174911022, 0.162821829319, 0.180242836475, 0.190098896623, 0.159895956516, 0.140351861715, 0.131368607283, 0.119524270296, 0.124302752316, 0.142545640469, 0.151670187712, 0.15530949831, 0.149320736527, 0.114116735756, 0.0859601870179, 0.0814331620932, 0.0895681977272, 0.105682961643, 0.112150676548, 0.196599498391, 0.304150432348, 0.221959605813, 0.179408431053, 0.150898218155, 0.116160526872, 0.106918051839, 0.125076755881, 0.139426603913, 0.152754232287, 0.166965901852, 0.169239044189, 0.168795377016], "max": [1, 1, 1, 1, 1, 1, 1, 1, 1, 1, 1, 1, 1, 1, 1, 1, 1, 1, 1, 1, 1, 1, 1, 1, 1, 1, 1, 1, 1, 1, 1, 1, 1, 1, 1, 1], "var": [0.0545990429819, 0.0460286103189, 0.0410970412195, 0.0417080372572, 0.0592147447169, 0.0633915960789, 0.0651009529829, 0.0785746201873, 0.0488835200667, 0.0401056520641, 0.0359471924603, 0.028549734503, 0.0303966104984, 0.049058418721, 0.0675751715899, 0.0649269446731, 0.0558443926275, 0.035322394222, 0.0235427245498, 0.0202078074217, 0.0204949807376, 0.0276725199074, 0.0280637815595, 0.0523952171206, 0.139226198196, 0.100198484957, 0.0598231144249, 0.047192774713, 0.0328288115561, 0.0310437977314, 0.0368270017207, 0.0448400042951, 0.0478445477784, 0.0540428124368, 0.0597192086279, 0.0591061785817], "mean": [0.161789402366, 0.142226487398, 0.133721038699, 0.135562837124, 0.157227367163, 0.169942259789, 0.222303286195, 0.247171625495, 0.175369009376, 0.133100688457, 0.120129279792, 0.110611893237, 0.122984290123, 0.160415530205, 0.185284927487, 0.186032518744, 0.168229624629, 0.119300216436, 0.0854060947895, 0.0825624540448, 0.0941805168986, 0.113158106804, 0.117978490889, 0.245960786939, 0.429018735886, 0.372789829969, 0.225645452738, 0.16648568213, 0.13046233356, 0.114069283009, 0.127091661096, 0.144532874227, 0.163151711226, 0.18444031477, 0.18542739749, 0.177037611604]}, "tuning_equal_tempered_deviation": 0.21452075243, "chords_changes_rate": 0.103352919221, "key_key": "A#", "tuning_diatonic_strength": 0.334143310785, "key_scale": "major", "chords_number_rate": 0.00518492935225, "tuning_frequency": 434.193115234, "tuning_nontempered_energy_ratio": 0.856369793415, "chords_histogram": [19.4953327179, 9.33287239075, 4.04424476624, 0.829588651657, 0.967853426933, 6.70584154129, 8.15762138367, 1.83200824261, 0.34566193819, 2.31593489647, 2.48876595497, 1.90114068985, 8.53785037994, 0.034566193819, 0.656757712364, 0, 3.49118566513, 11.7525062561, 8.50328350067, 7.32803297043, 0, 0, 0, 1.2789491415], "key_strength": 0.3947057724, "chords_key": "A#", "chords_strength": {"dmean2": 0.0159967914224, "median": 0.454413443804, "min": -1, "dvar2": 0.00159652275033, "dvar": 0.000820393732283, "dmean": 0.0125779537484, "max": 0.789022982121, "var": 0.0100102350116, "mean": 0.463282853365}, "chords_scale": "major", "hpcp_entropy": {"dmean2": 1.16696977615, "median": 2.76982688904, "min": 0, "dvar2": 0.847139000893, "dvar": 0.296539068222, "dmean": 0.687792062759, "max": 4.53192043304, "var": 0.598362088203, "mean": 2.68909168243}}, "metadata": {"audio_properties": {"equal_loudness": 0, "codec": "mp3", "downmix": "mix", "sample_rate": 44100, "analysis_sample_rate": 44100, "bit_rate": 192000, "md5_encoded": "04f2459f0f652cb92ef3d52f6c2e69eb", "length": 134.269393921, "replay_gain": -0.391305923462, "lossless": false}, "version": {"essentia_build_sha": "e76a03f03bb3900de42a1fa0d9be1e72f12def64", "essentia": "2.1-beta1", "extractor": "music 1.0", "essentia_git_sha": "v2.1_beta1-28-g21ef5f4-dirty"}, "tags": {"title": ["Speed"], "replaygain_album_gain": ["+0.06 dB"], "albumartist": ["Samiam"], "date": ["1990"], "file_name": "07 - Samiam - Speed.mp3", "replaygain_track_gain": ["+0.12 dB"], "replaygain_track_peak": ["0.378910"], "acoustid_id": ["4bbe1219-8420-450e-9679-3ae819d6737c"], "musicbrainz_recordingid": ["06da82ea-6cdb-4b86-b9ed-595625220945"], "musicbrainz_albumartistid": ["787aa69f-f419-4e24-8c13-33511a20428d"], "musicbrainz_albumid": ["7f4265a5-f5dd-4ee5-bc1d-ba13139855b0"], "artist": ["Samiam"], "tracknumber": ["7/16"], "replaygain_album_peak": ["0.394395"], "album": ["Samiam"], "discnumber": ["1/1"], "musicbrainz_artistid": ["787aa69f-f419-4e24-8c13-33511a20428d"], "musicbrainz_releasegroupid": ["d2860fd5-9c1d-36cc-bade-c90c083b8347"]}}, "rhythm": {"bpm_histogram_first_peak_bpm": {"dmean2": 0, "median": 98, "min": 98, "dvar2": 0, "dvar": 0, "dmean": 0, "max": 98, "var": 0, "mean": 98}, "bpm": 97.2791671753, "bpm_histogram_second_peak_spread": {"dmean2": 0, "median": 0.488372147083, "min": 0.488372147083, "dvar2": 0, "dvar": 0, "dmean": 0, "max": 0.488372147083, "var": 0, "mean": 0.488372147083}, "bpm_histogram_first_peak_weight": {"dmean2": 0, "median": 0.453703701496, "min": 0.453703701496, "dvar2": 0, "dvar": 0, "dmean": 0, "max": 0.453703701496, "var": 0, "mean": 0.453703701496}, "onset_rate": 2.21922683716, "beats_position": [0.66176867485, 1.3235373497, 1.98530614376, 2.6470746994, 3.32045340538, 3.99383211136, 4.67882061005, 5.36380958557, 6.04879808426, 6.73378658295, 7.41877555847, 8.09215450287, 8.76553249359, 9.42730140686, 10.1006803513, 10.7624483109, 11.4242172241, 12.0859861374, 12.7477550507, 13.4095239639, 14.0712919235, 14.7214508057, 15.3832197189, 16.0449886322, 16.7183666229, 17.391746521, 18.0535144806, 18.7152824402, 19.3770523071, 20.0504302979, 20.7121982574, 21.3855781555, 22.0589561462, 22.7323360443, 23.405714035, 24.0790920258, 24.7524719238, 25.4258499146, 26.0992279053, 26.7609977722, 27.4227657318, 28.0845336914, 28.7230834961, 29.3732414246, 30.0001811981, 30.6271190643, 31.2424488068, 31.8577766418, 32.4847145081, 33.111656189, 33.7153739929, 34.3190917969, 34.9228096008, 35.5265312195, 36.1302490234, 36.7223587036, 37.3260765076, 37.9297943115, 38.545124054, 39.1720619202, 39.7989997864, 40.4259414673, 41.0528793335, 41.6798171997, 42.3067550659, 42.9336967468, 43.5374145508, 44.1411323547, 44.7448501587, 45.3369598389, 45.9406776428, 46.5560073853, 47.1713371277, 47.7866668701, 48.4136047363, 49.0289344788, 49.6442604065, 50.2595901489, 50.8749198914, 51.513469696, 52.152015686, 52.7789573669, 53.4058952332, 54.0212249756, 54.6365509033, 55.2634925842, 55.8904304504, 56.5173683167, 57.1443061829, 57.7596359253, 58.3749656677, 59.0019035339, 59.6288414001, 60.2557830811, 60.8711090088, 61.4864387512, 62.1133766174, 62.7403144836, 63.3672561646, 63.9941940308, 64.621131897, 65.2596817017, 65.8750076294, 66.4903411865, 67.1056671143, 67.7093887329, 68.3247146606, 68.9400405884, 69.543762207, 70.1474838257, 70.7511978149, 71.3781356812, 71.9934692383, 72.608795166, 73.2357330322, 73.8394546509, 74.4431762695, 75.0468902588, 75.673828125, 76.2891616821, 76.9044876099, 77.5082092285, 78.1235351562, 78.738861084, 79.3425827026, 79.9579086304, 80.5732421875, 81.1769561768, 81.7922897339, 82.4076156616, 83.0229492188, 83.6382751465, 84.2419967651, 84.8573226929, 85.4726486206, 86.0763702393, 86.691696167, 87.3070297241, 87.9339675903, 88.5492935181, 89.1646270752, 89.7799530029, 90.3952789307, 91.0106124878, 91.6143264771, 92.2296600342, 92.8449859619, 93.460319519, 94.0872573853, 94.702583313, 95.3295211792, 95.9448471069, 96.5717926025, 97.1755065918, 97.7792282104, 98.4061660767, 99.0331039429, 99.6600418091, 100.286979675, 100.902313232, 101.529251099, 102.144577026, 102.771514893, 103.38684845, 104.013786316, 104.629112244, 105.244445801, 105.859771729, 106.463493347, 107.078819275, 107.682540894, 108.297866821, 108.90158844, 109.493690491, 110.109024048, 110.712738037, 111.316459656, 111.908569336, 112.523895264, 113.139228821, 113.754554749, 114.381492615, 114.996826172, 115.623764038, 116.239089966, 116.842811584, 117.458137512, 118.07346344, 118.688796997, 119.304122925, 119.907844543, 120.53478241, 121.161720276, 121.788658142, 122.427207947, 123.07736969, 123.704307556, 124.331245422, 124.969795227, 125.608345032, 126.246894836, 126.769340515, 127.268569946, 127.791015625, 128.220581055, 128.650161743, 129.079727173, 129.520904541, 129.962081909, 130.403259277, 130.844436646, 131.285614014, 131.726806641, 132.167984009, 132.609161377, 133.050338745, 133.503128052], "beats_loudness": {"dmean2": 0.0232653282583, "median": 0.0436926819384, "min": 3.29958305123e-09, "dvar2": 0.000378891243599, "dvar": 0.000130027008709, "dmean": 0.0136354975402, "max": 0.0938161015511, "var": 0.000361346639693, "mean": 0.0434107705951}, "danceability": 1.02312743664, "bpm_histogram_second_peak_weight": {"dmean2": 0, "median": 0.101851850748, "min": 0.101851850748, "dvar2": 0, "dvar": 0, "dmean": 0, "max": 0.101851850748, "var": 0, "mean": 0.101851850748}, "beats_count": 217, "bpm_histogram_second_peak_bpm": {"dmean2": 0, "median": 91, "min": 91, "dvar2": 0, "dvar": 0, "dmean": 0, "max": 91, "var": 0, "mean": 91}, "bpm_histogram_first_peak_spread": {"dmean2": 0, "median": 0.375796198845, "min": 0.375796198845, "dvar2": 0, "dvar": 0, "dmean": 0, "max": 0.375796198845, "var": 0, "mean": 0.375796198845}, "beats_loudness_band_ratio": {"dmean2": [0.253879219294, 0.12106962502, 0.127205491066, 0.114141315222, 0.0382962748408, 0.159670233727], "median": [0.371557950974, 0.0689226388931, 0.11743298173, 0.159750759602, 0.0465978980064, 0.156023457646], "min": [0.0483861453831, 0.00139074283652, 0.00104401493445, 0.000285987509415, 8.11579448055e-05, 0.00691715581343], "dvar2": [0.0385844446719, 0.014258605428, 0.0149804959074, 0.010657068342, 0.0013804603368, 0.0219333972782], "dvar": [0.0147731238976, 0.00652928138152, 0.00488888146356, 0.00425126496702, 0.000523737864569, 0.00787659268826], "dmean": [0.146830871701, 0.0686142966151, 0.0729502663016, 0.0672978460789, 0.0222359057516, 0.0891389995813], "max": [0.974638283253, 0.556281447411, 0.451035439968, 0.477776288986, 0.172958120704, 0.6020616889], "var": [0.0559846274555, 0.00774887390435, 0.0069881323725, 0.00990832038224, 0.000993446446955, 0.0111158713698], "mean": [0.430601269007, 0.0949080884457, 0.128984183073, 0.157315656543, 0.0479720458388, 0.170524209738]}}, "lowlevel": {"barkbands_spread": {"dmean2": 8.42218017578, "median": 24.9207267761, "min": 0.28227865696, "dvar2": 71.9380722046, "dvar": 33.6203041077, "dmean": 5.51740789413, "max": 141.781494141, "var": 330.429931641, "mean": 26.5204563141}, "melbands_spread": {"dmean2": 9.67235469818, "median": 21.032283783, "min": 0.30064740777, "dvar2": 131.710708618, "dvar": 65.5338134766, "dmean": 6.2236623764, "max": 206.652297974, "var": 542.781616211, "mean": 24.2888870239}, "hfc": {"dmean2": 34.1938896179, "median": 82.5344238281, "min": 1.2372676435e-16, "dvar2": 2568.796875, "dvar": 1067.7668457, "dmean": 22.3484668732, "max": 869.424499512, "var": 3610.25170898, "mean": 92.0882492065}, "barkbands_kurtosis": {"dmean2": 8.54846858978, "median": 2.66701698303, "min": -1.90479898453, "dvar2": 596.679992676, "dvar": 234.570510864, "dmean": 5.18162727356, "max": 374.878082275, "var": 946.24041748, "mean": 10.6442956924}, "gfcc": {"mean": [6.51271629333, 88.5620803833, -92.5286254883, -1.41678214073, -20.8961257935, -4.26454591751, 7.85560941696, -20.1734809875, -0.791094839573, -3.37433385849, -0.736698627472, 1.64871132374, -12.9038715363], "icov": [[9.6681251307e-05, -0.000211622842471, 0.000329210568452, -0.000277606159216, 0.000456468987977, -0.000114434675197, -0.00016972143203, 0.000115669950901, -0.000128511906951, 0.000137497889227, -0.000215994034079, 3.12417651003e-05, 1.70466125837e-06], [-0.000211622842471, 0.00263359374367, -0.00253238482401, 0.00274055683985, -0.00325146061368, 0.00102446053643, -7.25579448044e-05, 0.00122010067571, -0.000523176800925, 0.000819410313852, -0.00157980620861, 0.00300445058383, -0.00178679416422], [0.000329210568452, -0.00253238482401, 0.00726845953614, -0.00650259433314, 0.00502149248496, -0.00484211742878, 0.00266535906121, -0.00162194517907, -0.00188086903654, 0.0020079689566, -0.00200330954976, 0.0013242601417, -0.000153832414071], [-0.000277606159216, 0.00274055683985, -0.00650259433314, 0.0114285182208, -0.00716332299635, 0.00572043750435, -0.00418434198946, -0.00220107124187, 0.0063833668828, -0.00515793496743, 0.00574055546895, -0.00475110067055, 0.00486163748428], [0.000456468987977, -0.00325146061368, 0.00502149248496, -0.00716332299635, 0.0167959593236, -0.00668401131406, 0.000202795708901, 0.000518153712619, -0.00769205437973, 0.012940634042, -0.0132196806371, 0.0105191050097, -0.00699413334951], [-0.000114434675197, 0.00102446053643, -0.00484211742878, 0.00572043750435, -0.00668401131406, 0.0128666386008, -0.00315756932832, -0.00411420082673, 0.00822537392378, -0.0121737821028, 0.0118631059304, -0.00891996454448, 0.00374481920153], [-0.00016972143203, -7.25579448044e-05, 0.00266535906121, -0.00418434198946, 0.000202795708901, -0.00315756932832, 0.0126742953435, 0.00292872358114, -0.00941057503223, 0.00681888405234, -0.00394654460251, 0.00218241009861, -9.30387068365e-06], [0.000115669950901, 0.00122010067571, -0.00162194517907, -0.00220107124187, 0.000518153712619, -0.00411420082673, 0.00292872358114, 0.0158054251224, -0.00673070782796, 0.000656807038467, -0.00446862680838, 0.0103793451563, -0.00642931880429], [-0.000128511906951, -0.000523176800925, -0.00188086903654, 0.0063833668828, -0.00769205437973, 0.00822537392378, -0.00941057503223, -0.00673070782796, 0.0290152914822, -0.0217983815819, 0.0148638878018, -0.0163703840226, 0.0117695750669], [0.000137497889227, 0.000819410313852, 0.0020079689566, -0.00515793496743, 0.012940634042, -0.0121737821028, 0.00681888405234, 0.000656807038467, -0.0217983815819, 0.0494683273137, -0.0349677726626, 0.0178200826049, -0.00971251353621], [-0.000215994034079, -0.00157980620861, -0.00200330954976, 0.00574055546895, -0.0132196806371, 0.0118631059304, -0.00394654460251, -0.00446862680838, 0.0148638878018, -0.0349677726626, 0.0535690188408, -0.0292126014829, 0.0070049664937], [3.12417651003e-05, 0.00300445058383, 0.0013242601417, -0.00475110067055, 0.0105191050097, -0.00891996454448, 0.00218241009861, 0.0103793451563, -0.0163703840226, 0.0178200826049, -0.0292126014829, 0.0439750812948, -0.0170673020184], [1.70466125837e-06, -0.00178679416422, -0.000153832414071, 0.00486163748428, -0.00699413334951, 0.00374481920153, -9.30387068365e-06, -0.00642931880429, 0.0117695750669, -0.00971251353621, 0.0070049664937, -0.0170673020184, 0.0269899647683]], "cov": [[20310.3554688, 828.06451416, -1965.51477051, -543.78302002, -118.483657837, -856.741027832, 842.793395996, -838.734069824, 337.108795166, -149.657409668, 179.618835449, 213.071258545, -83.7930831909], [828.06451416, 1331.18603516, 84.3705215454, -200.891647339, 292.010925293, -10.8717393875, -21.70221138, -14.2307100296, -2.5057682991, -31.6641540527, 54.8155174255, -89.5340652466, 117.378181458], [-1965.51477051, 84.3705215454, 721.140991211, 255.691070557, -6.87082099915, 237.581893921, -157.275238037, 203.948745728, -69.0584945679, 42.8600349426, -39.9299850464, -60.4004096985, -4.746342659], [-543.78302002, -200.891647339, 255.691070557, 306.874938965, 0.284651607275, 40.4207229614, 9.05986595154, 69.3141174316, -25.0600185394, -2.66380834579, -31.7835483551, -17.4659919739, -48.9307022095], [-118.483657837, 292.010925293, -6.87082099915, 0.284651607275, 193.516357422, 10.240152359, 25.2866840363, 12.7711734772, 5.67914485931, -21.8253479004, 19.1856327057, -30.1938800812, 36.6231880188], [-856.741027832, -10.8717393875, 237.581893921, 40.4207229614, 10.240152359, 223.639022827, -61.1399154663, 100.564559937, -28.8413181305, 38.0919876099, -17.956319809, -12.7188386917, 11.8682632446], [842.793395996, -21.70221138, -157.275238037, 9.05986595154, 25.2866840363, -61.1399154663, 181.929962158, -64.7452163696, 62.9298210144, -20.1103897095, 7.80543279648, 20.1853885651, -28.2830619812], [-838.734069824, -14.2307100296, 203.948745728, 69.3141174316, 12.7711734772, 100.564559937, -64.7452163696, 156.913772583, -9.07579803467, 33.265914917, -8.95921707153, -31.3581809998, 12.9249191284], [337.108795166, -2.5057682991, -69.0584945679, -25.0600185394, 5.67914485931, -28.8413181305, 62.9298210144, -9.07579803467, 92.5858230591, 23.9828834534, 16.3124866486, 20.6145629883, -15.6753559113], [-149.657409668, -31.6641540527, 42.8600349426, -2.66380834579, -21.8253479004, 38.0919876099, -20.1103897095, 33.265914917, 23.9828834534, 64.9909362793, 28.9979152679, 11.9729270935, 8.58792304993], [179.618835449, 54.8155174255, -39.9299850464, -31.7835483551, 19.1856327057, -17.956319809, 7.80543279648, -8.95921707153, 16.3124866486, 28.9979152679, 58.9092102051, 28.9019908905, 20.7554931641], [213.071258545, -89.5340652466, -60.4004096985, -17.4659919739, -30.1938800812, -12.7188386917, 20.1853885651, -31.3581809998, 20.6145629883, 11.9729270935, 28.9019908905, 66.9348220825, 13.4830627441], [-83.7930831909, 117.378181458, -4.746342659, -48.9307022095, 36.6231880188, 11.8682632446, -28.2830619812, 12.9249191284, -15.6753559113, 8.58792304993, 20.7554931641, 13.4830627441, 77.5916366577]]}, "spectral_energyband_middle_low": {"dmean2": 0.00624219560996, "median": 0.00823272392154, "min": 4.1191900663e-22, "dvar2": 6.59444340272e-05, "dvar": 2.91081687465e-05, "dmean": 0.00403716089204, "max": 0.0830507874489, "var": 0.000100248456874, "mean": 0.0109665552154}, "melbands_crest": {"dmean2": 7.33306598663, "median": 14.1776790619, "min": 2.93945002556, "dvar2": 42.9504356384, "dvar": 17.0762119293, "dmean": 4.47668504715, "max": 34.0615730286, "var": 38.8628540039, "mean": 15.1500110626}, "spectral_kurtosis": {"dmean2": 4.82259368896, "median": 11.9669914246, "min": -1.18165814877, "dvar2": 61.5770874023, "dvar": 24.719039917, "dmean": 3.15647387505, "max": 91.7292785645, "var": 70.8513717651, "mean": 13.6693916321}, "spectral_rms": {"dmean2": 0.0015723311808, "median": 0.00595150468871, "min": 3.27619702201e-12, "dvar2": 2.92837057714e-06, "dvar": 1.20304275697e-06, "dmean": 0.00100900116377, "max": 0.0147276921198, "var": 4.08819732911e-06, "mean": 0.00588855845854}, "zerocrossingrate": {"dmean2": 0.037021972239, "median": 0.19091796875, "min": 0.0205078125, "dvar2": 0.00108917325269, "dvar": 0.000642676022835, "dmean": 0.0293466057628, "max": 0.521484375, "var": 0.00439837528393, "mean": 0.193688943982}, "silence_rate_60dB": {"dmean2": 0.000691802124493, "median": 0, "min": 0, "dvar2": 0.000691323541105, "dvar": 0.000345721666235, "dmean": 0.000345841253875, "max": 1, "var": 0.0423010773957, "mean": 0.0442600287497}, "erbbands_kurtosis": {"dmean2": 1.84963774681, "median": 0.611577510834, "min": -1.70004248619, "dvar2": 19.9803066254, "dvar": 7.84916734695, "dmean": 1.13969790936, "max": 72.7416763306, "var": 13.2511968613, "mean": 1.3169709444}, "erbbands": {"dmean2": [0.630826711655, 2.78729963303, 4.61868476868, 4.17892932892, 7.89892101288, 7.40308666229, 12.6492338181, 16.1482467651, 27.9007148743, 31.5752792358, 17.2105636597, 29.2764854431, 44.7240905762, 54.5482749939, 47.9913864136, 63.9563751221, 62.9577560425, 37.7021751404, 20.0749130249, 18.4208583832, 9.87041950226, 7.63013267517, 7.80651426315, 10.7931814194, 9.84674263, 9.66326904297, 9.90669345856, 6.56793642044, 4.86669921875, 2.3938190937, 1.15968775749, 0.606546342373, 0.289984643459, 0.0626758858562, 0.0264352113008, 0.0389341302216, 0.0494174808264, 0.0424430780113, 0.0192213691771, 0.00452225934714], "median": [0.206509083509, 1.21878898144, 1.94274532795, 2.07762002945, 3.34282827377, 3.69946050644, 3.79264593124, 7.5475063324, 14.6844749451, 19.4515953064, 10.4408569336, 13.2570743561, 19.062292099, 34.2458190918, 40.1803321838, 48.2238006592, 48.845867157, 35.4790344238, 19.7623748779, 12.5869274139, 9.30323982239, 6.32952594757, 5.5472240448, 6.94481754303, 5.54567241669, 5.99522638321, 4.40518188477, 4.15129566193, 3.47123432159, 2.01612234116, 1.0575646162, 0.417628347874, 0.11021541059, 0.0235270503908, 0.0092002376914, 0.0172047168016, 0.0497437790036, 0.0657709762454, 0.0446455031633, 0.0116278473288], "min": [8.05037880167e-22, 4.13796576364e-21, 8.93814146797e-20, 9.2208375509e-20, 1.4449790646e-19, 1.22918974402e-19, 2.25580218054e-19, 4.82593506181e-19, 1.46743308912e-18, 1.74798069965e-18, 1.13969141253e-18, 1.27621178237e-18, 2.96250600483e-18, 1.50359287601e-18, 1.39763776039e-18, 5.30940434546e-18, 5.70439053258e-18, 6.15780007277e-18, 3.2669661661e-18, 7.43040958697e-18, 9.92186352991e-18, 8.72704166693e-18, 6.35326574665e-18, 1.04248174665e-17, 2.41912874434e-17, 1.07524761148e-17, 1.13937776632e-17, 1.74963208303e-17, 2.0829309451e-17, 1.94890088521e-17, 2.06473363336e-17, 1.94086366751e-17, 1.5743171079e-17, 9.15155075729e-18, 8.69065399178e-18, 6.59696390846e-18, 3.17302739983e-18, 1.30792981616e-18, 4.02230298882e-19, 3.5670674345e-20], "dvar2": [1.16363871098, 17.1519966125, 44.0331077576, 44.0098304749, 170.543014526, 159.425064087, 959.57800293, 1432.36730957, 2940.3527832, 2149.01733398, 1363.35083008, 3903.35327148, 9724.23828125, 9348.546875, 5047.71875, 9792.86035156, 8367.89746094, 4134.26074219, 823.182922363, 1282.75756836, 185.501464844, 133.333312988, 232.03868103, 732.07800293, 1027.23120117, 977.427246094, 2072.48608398, 674.304931641, 365.560394287, 41.1169509888, 7.55716371536, 1.54584658146, 0.225347131491, 0.00754983024672, 0.00165198824834, 0.00336577836424, 0.00566862942651, 0.00349578703754, 0.000760886468925, 3.65993182641e-05], "dvar": [0.437462389469, 6.40018081665, 16.1549129486, 17.3737754822, 66.4115982056, 65.6090621948, 435.587615967, 613.845153809, 1342.52563477, 865.129150391, 587.55670166, 1574.40222168, 4472.95703125, 3618.85327148, 1998.48144531, 3741.62402344, 3189.54443359, 1607.3013916, 326.748321533, 497.202911377, 73.525138855, 55.5979537964, 108.440971375, 344.21661377, 517.108032227, 567.562744141, 1187.49023438, 394.152526855, 186.203567505, 28.5842475891, 5.00455093384, 0.857394874096, 0.107134312391, 0.00332651729695, 0.000657048891298, 0.00162273645401, 0.00296966824681, 0.00194342958275, 0.00042871828191, 1.97635017685e-05], "dmean": [0.372259736061, 1.63401436806, 2.71723365784, 2.54670619965, 4.66360044479, 4.57087230682, 8.28688144684, 10.0544691086, 17.4334831238, 19.2594680786, 10.7907104492, 17.9061756134, 28.0703792572, 32.9516067505, 29.2489929199, 38.2308044434, 37.7119598389, 23.0389690399, 12.303565979, 11.2980966568, 6.06377983093, 4.85650730133, 5.10728406906, 7.21008968353, 6.77477502823, 6.89611244202, 7.29555511475, 4.77784442902, 3.53694295883, 1.82927072048, 0.858181416988, 0.431106626987, 0.191865608096, 0.0391328446567, 0.0159598458558, 0.0254436898977, 0.0349737778306, 0.0305268708616, 0.0142783857882, 0.00324388989247], "max": [7.96259307861, 29.3659896851, 46.1634216309, 66.3412475586, 148.533432007, 159.161193848, 431.947784424, 572.408935547, 914.264770508, 610.437133789, 739.483032227, 1128.11010742, 2017.85119629, 1541.36486816, 1086.85583496, 1526.04650879, 1114.63977051, 1206.54003906, 404.902740479, 493.955596924, 139.248901367, 161.898834229, 331.316864014, 679.183288574, 618.78918457, 583.462524414, 983.956481934, 732.799865723, 646.353088379, 199.838607788, 85.3320083618, 29.6984462738, 5.26612091064, 1.20066094398, 0.419592171907, 0.608678400517, 1.41127216816, 0.73502767086, 0.603338837624, 0.142442002892], "var": [0.385826528072, 7.20976781845, 21.8418865204, 24.8445339203, 95.6650009155, 144.196105957, 1669.31262207, 1143.12854004, 3764.78173828, 2057.47631836, 1343.63891602, 2335.02392578, 8252.46777344, 5970.76855469, 4509.04541016, 6723.24462891, 6609.21386719, 3569.28662109, 835.452392578, 1054.13427734, 195.424880981, 160.164901733, 334.253692627, 954.667785645, 1400.18066406, 1652.56799316, 2966.81958008, 1194.83312988, 462.763580322, 95.861656189, 16.6707286835, 2.49014735222, 0.212437689304, 0.00501243956387, 0.000719394069165, 0.00312768737786, 0.00850797165185, 0.0077684475109, 0.00306567503139, 0.000189937229152], "mean": [0.419267147779, 2.15831661224, 3.65412735939, 3.69749760628, 6.37767124176, 7.28835487366, 15.5603160858, 16.6770038605, 30.6570987701, 34.7151908875, 19.3132667542, 28.523859024, 44.9130477905, 57.0493774414, 58.1756668091, 70.5219497681, 71.4504852295, 49.3928413391, 27.4211101532, 22.5581607819, 13.4645900726, 10.4343767166, 11.5240859985, 15.6881847382, 14.0312728882, 14.2676563263, 13.7236776352, 9.96762180328, 7.1994767189, 3.86425042152, 1.88196074963, 0.838948667049, 0.29096403718, 0.0496492646635, 0.0179154761136, 0.0383289307356, 0.0765202343464, 0.0858895108104, 0.0535960942507, 0.0151302767918]}, "spectral_strongpeak": {"dmean2": 1.68984508514, "median": 0.274655103683, "min": 0, "dvar2": 93.4046401978, "dvar": 31.5699291229, "dmean": 0.907677710056, "max": 164.804275513, "var": 17.1330757141, "mean": 0.835930287838}, "spectral_energy": {"dmean2": 0.0220657624304, "median": 0.0363059192896, "min": 1.1001803454e-20, "dvar2": 0.00075507548172, "dvar": 0.000300343614072, "dmean": 0.0138694914058, "max": 0.222327545285, "var": 0.000551793491468, "mean": 0.0397324003279}, "average_loudness": 0.942265570164, "spectral_rolloff": {"dmean2": 5736.60253906, "median": 1550.390625, "min": 64.599609375, "dvar2": 89071704, "dvar": 35451228, "dmean": 3133.82763672, "max": 22050, "var": 45526972, "mean": 4628.43994141}, "spectral_centroid": {"dmean2": 265.445098877, "median": 1115.86035156, "min": 98.6262435913, "dvar2": 78712.5, "dvar": 52303.7695312, "dmean": 184.364532471, "max": 11577.0566406, "var": 516635.46875, "mean": 1209.31945801}, "pitch_salience": {"dmean2": 0.134713321924, "median": 0.585508346558, "min": 0.150168865919, "dvar2": 0.0148792611435, "dvar": 0.00580765632913, "dmean": 0.0835717841983, "max": 0.823172330856, "var": 0.0158672966063, "mean": 0.562037348747}, "spectral_energyband_middle_high": {"dmean2": 0.00375689938664, "median": 0.00698478147388, "min": 1.45483712284e-21, "dvar2": 2.38655175053e-05, "dvar": 9.81370885711e-06, "dmean": 0.00242053065449, "max": 0.0598360747099, "var": 4.83879884996e-05, "mean": 0.00831390358508}, "spectral_contrast_coeffs": {"dmean2": [0.0854817479849, 0.0814135298133, 0.0601181611419, 0.0488361902535, 0.031612560153, 0.0575479455292], "median": [-0.708343565464, -0.764982640743, -0.810454010963, -0.799437880516, -0.820724606514, -0.686833977699], "min": [-0.955424129963, -0.957709848881, -0.960797250271, -0.981708943844, -0.967391848564, -0.957281589508], "dvar2": [0.00459881871939, 0.00401798682287, 0.00223482749425, 0.00145778129809, 0.000708291132469, 0.00273748603649], "dvar": [0.00171064550523, 0.00146108376794, 0.000798923312686, 0.000508132798132, 0.000276451115496, 0.00111889641266], "dmean": [0.0518132857978, 0.0485777407885, 0.0358099043369, 0.0287249144167, 0.019398631528, 0.037054143846], "max": [-0.363441675901, -0.474159091711, -0.573926627636, -0.628124117851, -0.597775936127, -0.39929613471], "var": [0.00504576135427, 0.00506326369941, 0.00283912103623, 0.00229706778191, 0.00195946637541, 0.00822190009058], "mean": [-0.70316272974, -0.761369585991, -0.809229254723, -0.803942739964, -0.823920607567, -0.700600266457]}, "melbands_skewness": {"dmean2": 1.26587545872, "median": 1.80637407303, "min": -0.81704223156, "dvar2": 1.8569586277, "dvar": 0.718958377838, "dmean": 0.780664920807, "max": 9.84533214569, "var": 2.81207108498, "mean": 2.27718305588}, "spectral_spread": {"dmean2": 646884.75, "median": 4080044.5, "min": 1101040.25, "dvar2": 564079493120, "dvar": 336554393600, "dmean": 431152.84375, "max": 40297124, "var": 1713858019330.0, "mean": 4220782.5}, "dissonance": {"dmean2": 0.0261092893779, "median": 0.4790173769, "min": 0.321664452553, "dvar2": 0.000565698021092, "dvar": 0.00020555347146, "dmean": 0.0153643433005, "max": 0.5, "var": 0.000349283480318, "mean": 0.475168973207}, "spectral_skewness": {"dmean2": 0.413031667471, "median": 2.35113143921, "min": -0.0915165245533, "dvar2": 0.275336325169, "dvar": 0.115991547704, "dmean": 0.27743190527, "max": 7.37310647964, "var": 0.560530543327, "mean": 2.44123315811}, "spectral_flux": {"dmean2": 0.0432362779975, "median": 0.1071305722, "min": 1.04889479047e-10, "dvar2": 0.00192397029605, "dvar": 0.000912558753043, "dmean": 0.0267118252814, "max": 0.339484155178, "var": 0.00262654642574, "mean": 0.109979405999}, "spectral_contrast_valleys": {"dmean2": [0.671630084515, 0.592045426369, 0.483674496412, 0.429530471563, 0.378679424524, 0.847178161144], "median": [-6.63699150085, -6.24718809128, -6.27415180206, -6.85909557343, -7.29238653183, -10.8447532654], "min": [-27.3981895447, -27.4407253265, -27.2300128937, -27.4240722656, -27.398141861, -27.3807621002], "dvar2": [0.305446177721, 0.241985708475, 0.197378128767, 0.201027974486, 0.217949181795, 0.579452037811], "dvar": [0.131668582559, 0.105572231114, 0.090657427907, 0.0943419039249, 0.106822311878, 0.245240390301], "dmean": [0.409364879131, 0.35606649518, 0.296829074621, 0.26690864563, 0.2537304461, 0.541727304459], "max": [-5.03408193588, -4.80752038956, -4.89481782913, -5.5537610054, -5.32270479202, -9.01576805115], "var": [2.09607505798, 2.09202575684, 2.29475307465, 2.15251994133, 2.00708913803, 1.25211751461], "mean": [-6.8800239563, -6.5328168869, -6.6368432045, -7.23366308212, -7.61354398727, -11.0468893051]}, "erbbands_flatness_db": {"dmean2": 0.0288511831313, "median": 0.136772289872, "min": 0.0360021218657, "dvar2": 0.000775569758844, "dvar": 0.000326901412336, "dmean": 0.0190987493843, "max": 0.336609572172, "var": 0.00152907264419, "mean": 0.139061227441}, "spectral_energyband_high": {"dmean2": 0.000503039103933, "median": 0.000753350090235, "min": 7.75340379615e-21, "dvar2": 2.1462294626e-06, "dvar": 1.458961151e-06, "dmean": 0.000409781176131, "max": 0.0307742971927, "var": 5.56368104299e-06, "mean": 0.00119438220281}, "spectral_entropy": {"dmean2": 0.22531439364, "median": 7.71807098389, "min": 4.7455291748, "dvar2": 0.0949138924479, "dvar": 0.0367811992764, "dmean": 0.149249255657, "max": 9.80076599121, "var": 0.186350911856, "mean": 7.61938428879}, "silence_rate_20dB": {"dmean2": 0, "median": 1, "min": 1, "dvar2": 0, "dvar": 0, "dmean": 0, "max": 1, "var": 0, "mean": 1}, "melbands_flatness_db": {"dmean2": 0.0518563576043, "median": 0.20609292388, "min": 0.00747090997174, "dvar2": 0.00253054825589, "dvar": 0.0010242004646, "dmean": 0.0335199460387, "max": 0.689445078373, "var": 0.00804984662682, "mean": 0.227360680699}, "barkbands": {"dmean2": [0.00383264943957, 0.0146793564782, 0.00392032135278, 0.00146615202539, 0.00250713713467, 0.00186342303641, 0.00214401609264, 0.000911484705284, 0.00131186831277, 0.00168618536554, 0.00135641370434, 0.00149611802772, 0.0013698489638, 0.000688652915414, 0.000410553911934, 0.00023260670423, 0.000146723279613, 0.000173612119397, 0.000216782776988, 0.000205731310416, 0.000195572225493, 0.000123592777527, 4.38266433775e-05, 2.21038626478e-05, 4.28137127528e-06, 2.22994694923e-05, 0.000176487272256], "median": [0.000886624795385, 0.00651536229998, 0.00129523698706, 0.000637444783933, 0.00134740723297, 0.000761954463087, 0.00141801149584, 0.000482431234559, 0.000582790817134, 0.000766321434639, 0.000862859305926, 0.00110941799358, 0.000984425656497, 0.00058805628214, 0.00027096318081, 0.000172942207428, 0.000113624271762, 0.00011419828661, 0.000119209071272, 0.000120485361549, 0.00010308943456, 9.62980120676e-05, 3.97851217713e-05, 1.19332889881e-05, 1.27076532408e-06, 2.35699390032e-05, 0.000439139083028], "min": [1.39829981517e-23, 1.44404759456e-23, 1.0401491387e-22, 2.34151176946e-23, 3.6857537867e-23, 5.31676977772e-23, 1.01445208938e-22, 8.01289755882e-23, 7.19173437725e-23, 5.82540583239e-23, 4.07782996282e-23, 1.15146025233e-22, 1.27295189992e-22, 8.99339549711e-23, 1.22103425007e-22, 1.53811392481e-22, 1.43885023182e-22, 1.13646507937e-22, 4.30107109879e-22, 2.26392856161e-22, 3.35219386102e-22, 5.86255726827e-22, 7.19609419059e-22, 9.34858687233e-22, 1.11234093034e-21, 1.59373722667e-21, 2.67159486328e-21], "dvar2": [4.55381232314e-05, 0.000525293929968, 3.95731112803e-05, 5.97118150836e-06, 1.56256101036e-05, 1.64960511029e-05, 1.14250624392e-05, 2.69101951744e-06, 6.93174661137e-06, 1.02659187178e-05, 4.42587406724e-06, 4.84324345962e-06, 3.91291405322e-06, 1.2903425386e-06, 5.01654653817e-07, 1.46659260736e-07, 4.42660201827e-08, 1.33179085537e-07, 3.87988791317e-07, 5.07235824898e-07, 7.13579936473e-07, 2.11408533346e-07, 1.42082727805e-08, 1.52940393683e-09, 3.90048167376e-11, 1.09773379275e-09, 5.96256342078e-08], "dvar": [1.75514414877e-05, 0.000199318790692, 1.47539658428e-05, 2.35481002164e-06, 6.37507446299e-06, 7.16361910236e-06, 4.92935896546e-06, 1.1041779544e-06, 2.90815205517e-06, 4.2942606342e-06, 1.81260156751e-06, 1.80392726179e-06, 1.51852748331e-06, 4.88143086841e-07, 2.00149585794e-07, 5.4573284558e-08, 1.83487482985e-08, 6.13649575598e-08, 1.85796807273e-07, 2.84847374132e-07, 4.14078783706e-07, 1.14479604463e-07, 9.2284695441e-09, 7.86467946323e-10, 1.59166863717e-11, 5.83054882153e-10, 3.44288046961e-08], "dmean": [0.00223493506201, 0.00874718092382, 0.00231013819575, 0.00089023122564, 0.00154563295655, 0.00116859015543, 0.00133145041764, 0.000559058971703, 0.000814129889477, 0.00103670288809, 0.000825728347991, 0.000895076198503, 0.000820314278826, 0.000419053336373, 0.000249982404057, 0.000140444972203, 9.20086895349e-05, 0.000112309768156, 0.000145740981679, 0.000146929451148, 0.000144746998558, 9.08265501494e-05, 3.30346010742e-05, 1.52206166604e-05, 2.59034254668e-06, 1.5821582565e-05, 0.000131367996801], "max": [0.042475964874, 0.180861994624, 0.048888258636, 0.0321186482906, 0.0448989495635, 0.0591940358281, 0.0514773465693, 0.0278466138989, 0.0412685722113, 0.0453372821212, 0.0262154173106, 0.0322955027223, 0.028976554051, 0.0212934911251, 0.00853990297765, 0.00645247241482, 0.00323196896352, 0.00826302357018, 0.0133348917589, 0.0140141127631, 0.0164369083941, 0.0165221728384, 0.00402014702559, 0.000857613282278, 7.3667455581e-05, 0.000524238101207, 0.00621971162036], "var": [1.62016585818e-05, 0.000204756754101, 1.77030378836e-05, 3.55335851054e-06, 1.73415264726e-05, 1.45171461554e-05, 1.38141094794e-05, 2.32083243645e-06, 4.81785264128e-06, 7.50188792153e-06, 3.59221689905e-06, 3.21965308103e-06, 3.141575462e-06, 9.76363480731e-07, 4.30668393392e-07, 1.12555298415e-07, 4.95450045435e-08, 1.70919676634e-07, 5.00783755797e-07, 8.03128045845e-07, 1.1348836324e-06, 2.98524327036e-07, 2.83261503142e-08, 1.97818739167e-09, 1.83994052633e-11, 1.66547997615e-09, 3.29151077949e-07], "mean": [0.00235291640274, 0.0113703263924, 0.00286116939969, 0.00122000556439, 0.00262989779003, 0.00195871968754, 0.00248816306703, 0.000884507375304, 0.00126708601601, 0.00163589871954, 0.00142638466787, 0.00160224619322, 0.0014853302855, 0.000827945943456, 0.000468562007882, 0.000273526035016, 0.000185192242498, 0.000242419424467, 0.000297249964206, 0.00029894374893, 0.000288906012429, 0.000189734259038, 7.18605078873e-05, 2.66255974566e-05, 2.81010943581e-06, 3.51119233528e-05, 0.000562897126656]}, "erbbands_skewness": {"dmean2": 0.530049562454, "median": 0.366854995489, "min": -2.51657176018, "dvar2": 0.317945986986, "dvar": 0.128543451428, "dmean": 0.336891382933, "max": 6.58969402313, "var": 0.705386400223, "mean": 0.379845201969}, "erbbands_spread": {"dmean2": 8.84811973572, "median": 26.0283546448, "min": 3.07010149956, "dvar2": 72.5435409546, "dvar": 29.5536994934, "dmean": 5.67112779617, "max": 103.194442749, "var": 146.722076416, "mean": 28.1461315155}, "melbands_kurtosis": {"dmean2": 11.0891036987, "median": 3.82236456871, "min": -1.73695850372, "dvar2": 410.793579102, "dvar": 155.754425049, "dmean": 6.65240097046, "max": 284.595458984, "var": 773.87512207, "mean": 13.4264287949}, "melbands": {"dmean2": [0.00476791942492, 0.0026771298144, 0.000801698421128, 0.000532511854544, 0.000407832412748, 0.000368958892068, 0.000416430266341, 0.000308021553792, 0.000142730670632, 0.000197370871319, 0.00022914686997, 0.000227724114666, 0.000183378811926, 0.000167893333128, 0.000151129352162, 0.000126239654492, 7.21659889678e-05, 3.61321945093e-05, 3.27062953147e-05, 2.05814994843e-05, 1.14003960334e-05, 9.69649317994e-06, 6.96691768098e-06, 9.30426540435e-06, 9.8111704574e-06, 9.00807663129e-06, 6.87008923705e-06, 7.1503518484e-06, 7.56754434406e-06, 5.01593240188e-06, 3.81631252822e-06, 3.33888783643e-06, 2.02601472665e-06, 1.22115613976e-06, 7.93098138274e-07, 5.11630503297e-07, 3.61644737268e-07, 2.60560085508e-07, 1.02372972322e-07, 3.92821100093e-08], "median": [0.00192853191402, 0.00140954635572, 0.000439068127889, 0.000275736558251, 0.000138235584018, 0.000176675108378, 0.000251523219049, 0.00018785634893, 7.04364501871e-05, 8.41584624141e-05, 9.152750863e-05, 0.000130115920911, 0.000128446758026, 0.000125544931507, 0.000116323761176, 9.06705099624e-05, 5.96886129642e-05, 3.08896596835e-05, 1.94082731468e-05, 1.3504337403e-05, 9.58850523602e-06, 7.0484884418e-06, 3.89331671613e-06, 5.63188768865e-06, 5.5892051023e-06, 3.8281682464e-06, 3.85778412237e-06, 3.82448160963e-06, 2.60031629296e-06, 2.5505778467