{"tonal": {"thpcp": [1, 0.503323674202, 0.223167225718, 0.171483129263, 0.150017917156, 0.308483630419, 0.416312754154, 0.278605341911, 0.16278347373, 0.160942420363, 0.215440869331, 0.530933380127, 0.76205933094, 0.581582546234, 0.820998609066, 0.957119584084, 0.430228680372, 0.170736625791, 0.208668127656, 0.200755596161, 0.412598907948, 0.611781179905, 0.353558093309, 0.135543078184, 0.131639033556, 0.165057837963, 0.402271181345, 0.528468966484, 0.282021105289, 0.0981866270304, 0.099931307137, 0.156573906541, 0.264954447746, 0.349442064762, 0.429297804832, 0.856928467751], "hpcp": {"dmean2": [0.177502945065, 0.172544792295, 0.0988278388977, 0.0842935442924, 0.0990719944239, 0.132930442691, 0.141605570912, 0.12236765027, 0.0887241885066, 0.0837250724435, 0.103697307408, 0.123100601137, 0.125507935882, 0.109829008579, 0.0765291154385, 0.0769924819469, 0.10999429971, 0.14362424612, 0.176733061671, 0.221128940582, 0.26322811842, 0.264780759811, 0.211770132184, 0.154695108533, 0.121702969074, 0.105907052755, 0.119628816843, 0.133189842105, 0.125634893775, 0.116343826056, 0.119223214686, 0.142916187644, 0.188808470964, 0.200023531914, 0.232527151704, 0.246062591672], "median": [0.0339467525482, 0.0192198399454, 0.00170413730666, 0.00115153577644, 0.00202274438925, 0.0190334245563, 0.0248925182968, 0.0143343890086, 0.00155909033492, 0.00115667120554, 0.00247856858186, 0.0116244489327, 0.0146157834679, 0.00745527120307, 0.00105893064756, 0.00075085402932, 0.000994782778434, 0.0025750559289, 0.00316793401726, 0.0139220776036, 0.0788698345423, 0.109710894525, 0.0489568933845, 0.00295742275193, 0.00146958627738, 0.00111521233339, 0.00446362746879, 0.00662609469146, 0.00662594754249, 0.00211470387876, 0.0016441908665, 0.00315602892078, 0.0177794583142, 0.0260827858001, 0.0473952703178, 0.0448980629444], "min": [0, 0, 0, 0, 0, 0, 0, 0, 0, 0, 0, 0, 0, 0, 0, 0, 0, 0, 0, 0, 0, 0, 0, 0, 0, 0, 0, 0, 0, 0, 0, 0, 0, 0, 0, 0], "dvar2": [0.0877372249961, 0.0871202722192, 0.0624777898192, 0.0557950809598, 0.0595122091472, 0.0637465566397, 0.0743886455894, 0.0584648773074, 0.0553307160735, 0.0551157854497, 0.0664348080754, 0.065054371953, 0.0676707401872, 0.0568289384246, 0.0495655164123, 0.0474376156926, 0.0779731497169, 0.0923449769616, 0.11747007817, 0.132083237171, 0.137761160731, 0.131254449487, 0.105658911169, 0.106728740036, 0.0818643718958, 0.0769367814064, 0.0726049467921, 0.08289475739, 0.0739841461182, 0.0761569067836, 0.0791755840182, 0.0944868549705, 0.108563862741, 0.108996450901, 0.116028986871, 0.12397453934], "dvar": [0.0376778952777, 0.0302338693291, 0.0217896979302, 0.0202034115791, 0.0216169953346, 0.0248430911452, 0.0305823534727, 0.0224944185466, 0.0195261463523, 0.019610453397, 0.0235629975796, 0.0243950169533, 0.0276839304715, 0.0207463167608, 0.0175761803985, 0.0173431374133, 0.0286543201655, 0.0346713028848, 0.0444786511362, 0.0490020178258, 0.0550438389182, 0.0549774058163, 0.0394016578794, 0.0388830043375, 0.0292700883001, 0.0272107813507, 0.0277749598026, 0.033451654017, 0.0277931336313, 0.0274769756943, 0.0281489621848, 0.0339039415121, 0.0412246584892, 0.0445062331855, 0.042620703578, 0.0452715680003], "dmean": [0.102764755487, 0.0966735631227, 0.0535503588617, 0.0464004166424, 0.0555215850472, 0.0788706988096, 0.0858605504036, 0.0730110555887, 0.0482974797487, 0.0455490984023, 0.0574933923781, 0.071987785399, 0.0746223628521, 0.0624588988721, 0.0408366657794, 0.0417129993439, 0.0594020858407, 0.0805222690105, 0.100027650595, 0.125156626105, 0.156011387706, 0.158126026392, 0.121291801333, 0.0833460092545, 0.065495595336, 0.0576207861304, 0.0692678689957, 0.0767180621624, 0.0715104565024, 0.0635723620653, 0.0647937431931, 0.0791911631823, 0.108001351357, 0.116280503571, 0.131406828761, 0.138739153743], "max": [1, 1, 1, 1, 1, 1, 1, 1, 1, 1, 1, 1, 1, 1, 1, 1, 1, 1, 1, 1, 1, 1, 1, 1, 1, 1, 1, 1, 1, 1, 1, 1, 1, 1, 1, 1], "var": [0.145563662052, 0.0381097905338, 0.0218106415123, 0.0375362969935, 0.026999713853, 0.0438634231687, 0.0866623297334, 0.0353563763201, 0.0164902582765, 0.0181776694953, 0.0203921776265, 0.04892051965, 0.0783438459039, 0.0276934765279, 0.0118829403073, 0.0120312348008, 0.022801451385, 0.0354004018009, 0.0515532381833, 0.0542446002364, 0.0990070700645, 0.117427945137, 0.0432269200683, 0.0320729576051, 0.0232272204012, 0.021151740104, 0.0410145632923, 0.0657582432032, 0.0325548164546, 0.0198139920831, 0.0199087895453, 0.0277535300702, 0.063778206706, 0.114189997315, 0.0599138475955, 0.101015366614], "mean": [0.271149247885, 0.121882557869, 0.0483691990376, 0.0591150857508, 0.0568734891713, 0.116888098419, 0.173315867782, 0.100161999464, 0.0383989661932, 0.0372929647565, 0.0467604137957, 0.11396227777, 0.149713754654, 0.0798957720399, 0.0278159920126, 0.0283102542162, 0.0443569421768, 0.0750608369708, 0.0989959388971, 0.121618844569, 0.242765396833, 0.283297151327, 0.142590165138, 0.0632226392627, 0.0485806837678, 0.0424996502697, 0.0873925313354, 0.117940217257, 0.0789280980825, 0.0461160950363, 0.0455945283175, 0.0610337853432, 0.150411918759, 0.215889245272, 0.164760679007, 0.232586562634]}, "tuning_equal_tempered_deviation": 0.0615575164557, "chords_changes_rate": 0.0507569015026, "key_key": "A", "tuning_diatonic_strength": 0.573186039925, "key_scale": "major", "chords_number_rate": 0.00160284945741, "tuning_frequency": 440.763122559, "tuning_nontempered_energy_ratio": 0.651460051537, "chords_histogram": [27.105966568, 15.1736421585, 22.4755115509, 3.4194123745, 7.01691913605, 0.106856636703, 0.516473710537, 0, 0.67675870657, 0.0534283183515, 1.54942119122, 0.0178094394505, 0.498664289713, 0.338379353285, 0.391807645559, 0, 0, 4.64826345444, 0.623330354691, 1.51380228996, 0.035618878901, 0.142475515604, 0.106856636703, 13.588602066], "key_strength": 0.85160690546, "chords_key": "A", "chords_strength": {"dmean2": 0.00818964745849, "median": 0.534226834774, "min": -1, "dvar2": 0.000752613530494, "dvar": 0.000409389205743, "dmean": 0.00992934871465, "max": 0.78238928318, "var": 0.0305771995336, "mean": 0.515888571739}, "chords_scale": "major", "hpcp_entropy": {"dmean2": 0.857955813408, "median": 1.79346394539, "min": 0, "dvar2": 0.631043314934, "dvar": 0.235407993197, "dmean": 0.514282763004, "max": 4.34924650192, "var": 0.523171961308, "mean": 1.77155971527}}, "metadata": {"audio_properties": {"equal_loudness": 0, "codec": "flac", "downmix": "mix", "sample_rate": 44100, "analysis_sample_rate": 44100, "bit_rate": 0, "md5_encoded": "addd4c4dcfe4267302d1e5deac1729eb", "length": 260.679992676, "replay_gain": -9.03426742554, "lossless": true}, "version": {"essentia_build_sha": "2d9f1f26377add8aeb1075a9c2973f962c4f09fd", "essentia": "2.1-beta2", "extractor": "music 1.0", "essentia_git_sha": "v2.1_beta2-1-ge3940c0"}, "tags": {"title": ["The Ragpicker\u2019s Dream"], "barcode": ["044006329321"], "media": ["CD"], "albumartist": ["Mark Knopfler"], "tracktotal": ["12"], "language": ["eng"], "releasetype": ["album"], "musicbrainz_recordingid": ["06e2b65a-0a03-45d8-8c7b-4bbd3a9d4905"], "musicbrainz_albumartistid": ["e49f69da-17d5-4c5c-bac0-dadcb0e588f5"], "discnumber": ["1"], "catalognumber": ["063 293-2"], "releasecountry": ["DE"], "file_name": "110. The Ragpicker\u2019s Dream.flac", "originaldate": ["2002-09-30"], "albumartistsort": ["Knopfler, Mark"], "date": ["2002-09-30"], "genre": ["Folk/Rock"], "disctotal": ["2"], "releasestatus": ["official"], "musicbrainz_artistid": ["e49f69da-17d5-4c5c-bac0-dadcb0e588f5"], "asin": ["B00006JSGQ"], "musicbrainz_albumid": ["224a0fd2-95e2-4bec-bb49-555bd37e48c3"], "artist": ["Mark Knopfler"], "tracknumber": ["10"], "artistsort": ["Knopfler, Mark"], "album": ["The Ragpicker's Dream"], "label": ["Mercury Records"], "isrc": ["GBF080201262"], "totaldiscs": ["2"], "script": ["Latn"], "totaltracks": ["12"]}}, "rhythm": {"bpm_histogram_first_peak_bpm": {"dmean2": 0, "median": 120, "min": 120, "dvar2": 0, "dvar": 0, "dmean": 0, "max": 120, "var": 0, "mean": 120}, "bpm": 119.996635437, "bpm_histogram_second_peak_spread": {"dmean2": 0, "median": 0.187499985099, "min": 0.187499985099, "dvar2": 0, "dvar": 0, "dmean": 0, "max": 0.187499985099, "var": 0, "mean": 0.187499985099}, "bpm_histogram_first_peak_weight": {"dmean2": 0, "median": 0.446153849363, "min": 0.446153849363, "dvar2": 0, "dvar": 0, "dmean": 0, "max": 0.446153849363, "var": 0, "mean": 0.446153849363}, "onset_rate": 3.15686058998, "beats_position": [0.452789098024, 0.917188167572, 1.40480720997, 1.89242625237, 2.38004541397, 2.87927436829, 3.3785033226, 3.87773227692, 4.38857126236, 4.88780021667, 5.38702917099, 5.88625860214, 6.38548755646, 6.87310647964, 7.37233543396, 7.87156438828, 8.38240337372, 8.893242836, 9.39247131348, 9.8800907135, 10.379319191, 10.7624483109, 11.1571884155, 11.5635375977, 11.9698867798, 12.3646259308, 12.7593650818, 13.1541042328, 13.5372333527, 13.9203624725, 14.3034915924, 14.6982307434, 15.0813598633, 15.4644899368, 15.8476190567, 16.1959171295, 16.602268219, 17.0086174011, 17.4381847382, 17.9025840759, 18.3669834137, 18.8313827515, 19.2841720581, 19.7369613647, 20.1781406403, 20.6193199158, 21.0604991913, 21.5016784668, 21.9544658661, 22.5349655151, 23.1270751953, 23.707572937, 24.2996826172, 24.8801803589, 25.4026298523, 25.9134693146, 26.4243087769, 26.9119262695, 27.4111557007, 27.8987751007, 28.409614563, 28.9088420868, 29.4080715179, 29.9073009491, 30.4065303802, 30.9057598114, 31.4049873352, 31.9158267975, 32.4150543213, 32.9375038147, 33.4599533081, 33.9824028015, 34.4700202942, 34.9576416016, 35.4568710327, 35.9677085876, 36.4785499573, 36.96616745, 37.4421768188, 37.9181861877, 38.4058036804, 38.9050331116, 39.4042625427, 39.9034919739, 40.4143295288, 40.91355896, 41.4127883911, 41.9120178223, 42.4228553772, 42.9336967468, 43.4445343018, 43.9321517944, 44.4197731018, 44.919002533, 45.4298400879, 45.929069519, 46.4282989502, 46.9159164429, 47.415145874, 47.9143753052, 48.4136047363, 48.901222229, 49.3888435364, 49.8764610291, 50.3640823364, 50.8633079529, 51.362537384, 51.8733787537, 52.3842163086, 52.8950538635, 53.4058952332, 53.9167327881, 54.4275741577, 54.9384117126, 55.4376411438, 55.936870575, 56.4128799438, 56.912109375, 57.3997268677, 57.8989562988, 58.39818573, 58.8858032227, 59.3966445923, 59.9074821472, 60.4183197021, 60.9291610718, 61.4283905029, 61.9392280579, 62.438457489, 62.9376869202, 63.4369163513, 63.9361457825, 64.4353713989, 64.9229888916, 65.4106140137, 65.8982315063, 66.385848999, 66.8850784302, 67.3843078613, 67.8835372925, 68.3943786621, 68.8936004639, 69.392829895, 69.8920593262, 70.4029006958, 70.902130127, 71.4013595581, 71.9122009277, 72.423034668, 72.91065979, 73.4098815918, 73.9207229614, 74.4199523926, 74.9075698853, 75.4067993164, 75.9060287476, 76.3936462402, 76.8928756714, 77.3921051025, 77.9029464722, 78.4021759033, 78.9014053345, 79.4006347656, 79.8998641968, 80.3874816895, 80.8867111206, 81.3859405518, 81.8967819214, 82.3960113525, 82.8952331543, 83.3828582764, 83.8936920166, 84.4045333862, 84.9153747559, 85.4029922485, 85.9022216797, 86.4014511108, 86.8890686035, 87.3882980347, 87.8875274658, 88.3983688354, 88.8975982666, 89.3968200684, 89.8960494995, 90.3952789307, 90.8945083618, 91.393737793, 91.8929672241, 92.3921966553, 92.8798141479, 93.3790435791, 93.8898849487, 94.3891143799, 94.888343811, 95.3875732422, 95.8984146118, 96.4092483521, 96.9200897217, 97.4193191528, 97.9301605225, 98.4177780151, 98.9170074463, 99.4162368774, 99.9154663086, 100.403083801, 100.902313232, 101.401542664, 101.889160156, 102.388389587, 102.887619019, 103.38684845, 103.886077881, 104.396911621, 104.907752991, 105.406982422, 105.894599915, 106.405441284, 106.904670715, 107.403900146, 107.903129578, 108.39074707, 108.878364563, 109.377593994, 109.876823425, 110.387664795, 110.898498535, 111.409339905, 111.896957397, 112.38457489, 112.883804321, 113.383033752, 113.893875122, 114.404716492, 114.903945923, 115.414779663, 115.914009094, 116.401634216, 116.900856018, 117.400085449, 117.887710571, 118.398544312, 118.897773743, 119.397003174, 119.896232605, 120.407073975, 120.906303406, 121.393920898, 121.881538391, 122.392379761, 122.90322113, 123.414054871, 123.901672363, 124.400901794, 124.900131226, 125.387756348, 125.886978149, 126.386207581, 126.89704895, 127.40789032, 127.907119751, 128.417953491, 128.917190552, 129.428024292, 129.927261353, 130.426483154, 130.925704956, 131.424942017, 131.935775757, 132.435012817, 132.934234619, 133.421859741, 133.909469604, 134.408706665, 134.907928467, 135.407165527, 135.906387329, 136.40562439, 136.904846191, 137.404083252, 137.903305054, 138.402542114, 138.890151978, 139.389389038, 139.900222778, 140.411056519, 140.910293579, 141.397918701, 141.897140503, 142.384765625, 142.883987427, 143.383224487, 143.894058228, 144.404891968, 144.89251709, 145.391738892, 145.890975952, 146.401809692, 146.912643433, 147.423492432, 147.922714233, 148.421951294, 148.932785034, 149.443618774, 149.942855835, 150.442077637, 150.929702759, 151.417327881, 151.904937744, 152.404174805, 152.903396606, 153.402633667, 153.901855469, 154.401092529, 154.900314331, 155.399536133, 155.898773193, 156.386398315, 156.874008179, 157.373245239, 157.884078979, 158.383300781, 158.882537842, 159.381759644, 159.892608643, 160.391830444, 160.891067505, 161.378677368, 161.877914429, 162.37713623, 162.887985229, 163.39881897, 163.898040771, 164.397277832, 164.896499634, 165.407348633, 165.906570435, 166.405807495, 166.905029297, 167.404266357, 167.915100098, 168.425933838, 168.925170898, 169.4243927, 169.923629761, 170.411239624, 170.910476685, 171.409698486, 171.897323608, 172.373336792, 172.884170532, 173.383392334, 173.882629395, 174.381851196, 174.892700195, 175.415145874, 175.925979614, 176.425216675, 176.936050415, 177.446884155, 177.957733154, 178.468566895, 178.991012573, 179.513473511, 179.989471436, 180.453872681, 180.918273926, 181.405899048, 181.893508911, 182.381134033, 182.880355835, 183.379592896, 183.890426636, 184.401260376, 184.900497437, 185.399719238, 185.898956299, 186.409790039, 186.9090271, 187.41986084, 187.919082642, 188.418319702, 188.917541504, 189.405166626, 189.904388428, 190.403625488, 190.90284729, 191.402084351, 191.889694214, 192.388931274, 192.888153076, 193.399002075, 193.898223877, 194.385848999, 194.896682739, 195.407531738, 195.90675354, 196.405975342, 196.905212402, 197.404434204, 197.903671265, 198.402893066, 198.913742065, 199.412963867, 199.923812866, 200.411422729, 200.899047852, 201.386657715, 201.885894775, 202.385116577, 202.884353638, 203.383575439, 203.8828125, 204.382034302, 204.892883301, 205.392105103, 205.902938843, 206.402175903, 206.913009644, 207.423858643, 207.934692383, 208.422302246, 208.921539307, 209.420761108, 209.919998169, 210.419219971, 210.918457031, 211.417678833, 211.905303955, 212.404525757, 212.903762817, 213.391372681, 213.878997803, 214.378234863, 214.889068604, 215.388290405, 215.899139404, 216.386749268, 216.87437439, 217.38520813, 217.896057129, 218.406890869, 218.906112671, 219.405349731, 219.916183472, 220.427032471, 220.937866211, 221.425476074, 221.901489258, 222.377502441, 222.865127563, 223.375961304, 223.886795044, 224.386032104, 224.93170166, 225.488967896, 225.976593018, 226.46421814, 226.963439941, 227.462677002, 227.961898804, 228.461135864, 228.948745728, 229.43637085, 229.923980713, 230.423217773, 230.922439575, 231.410064697, 231.909286499, 232.40852356, 232.896133423, 233.406982422, 233.917816162, 234.428665161, 234.916275024, 235.415512085, 235.914733887, 236.425567627, 236.924804688, 237.424026489, 237.92326355, 238.422485352, 238.921722412, 239.432556152, 239.943389893, 240.454238892, 240.97668457, 241.499130249, 242.021575928, 242.555648804, 243.089706421, 243.623764038, 244.227478027, 244.842803955, 245.434921265, 246.015411377, 246.607528687, 247.199630737, 247.791748047, 248.418685913, 249.045623779, 249.660949707, 250.276275635, 250.903213501, 251.42565918, 251.936508179, 252.458953857, 252.946563721, 253.434188843, 253.921813965, 254.432647705, 254.943481445, 255.465942383, 255.953552246, 256.42956543, 256.905578613, 257.416412354, 257.927246094, 258.438079834, 258.948944092, 259.459777832, 259.970611572], "beats_loudness": {"dmean2": 0.0653380602598, "median": 0.030542742461, "min": 5.67765123805e-09, "dvar2": 0.00396607862785, "dvar": 0.00148725812323, "dmean": 0.0377325564623, "max": 0.213741481304, "var": 0.00196589785628, "mean": 0.0463142693043}, "danceability": 1.06437337399, "bpm_histogram_second_peak_weight": {"dmean2": 0, "median": 0.0250000003725, "min": 0.0250000003725, "dvar2": 0, "dvar": 0, "dmean": 0, "max": 0.0250000003725, "var": 0, "mean": 0.0250000003725}, "beats_count": 521, "bpm_histogram_second_peak_bpm": {"dmean2": 0, "median": 115, "min": 115, "dvar2": 0, "dvar": 0, "dmean": 0, "max": 115, "var": 0, "mean": 115}, "bpm_histogram_first_peak_spread": {"dmean2": 0, "median": 0.478651672602, "min": 0.478651672602, "dvar2": 0, "dvar": 0, "dmean": 0, "max": 0.478651672602, "var": 0, "mean": 0.478651672602}, "beats_loudness_band_ratio": {"dmean2": [0.422177553177, 0.395420968533, 0.156811162829, 0.0535995289683, 0.0148248402402, 0.0263086948544], "median": [0.653310656548, 0.263886004686, 0.0435766167939, 0.00778271071613, 0.00298746675253, 0.00296108145267], "min": [7.77243803896e-06, 1.59413120855e-05, 3.60852718586e-05, 9.35840507736e-05, 2.30341975112e-05, 2.34181188716e-05], "dvar2": [0.102030806243, 0.0954568088055, 0.0365446917713, 0.00947108212858, 0.000678687822074, 0.00461337063462], "dvar": [0.038893610239, 0.0327040962875, 0.0136069040745, 0.00338510074653, 0.000232903039432, 0.00199248548597], "dmean": [0.24529646337, 0.229690954089, 0.0921416431665, 0.0293653998524, 0.00808905530721, 0.0150694763288], "max": [0.992657780647, 0.916282296181, 0.749928534031, 0.451620727777, 0.135078072548, 0.995554447174], "var": [0.0649740919471, 0.0495361238718, 0.0143097704276, 0.00238323956728, 0.000158058028319, 0.0125040700659], "mean": [0.608681797981, 0.313331902027, 0.0905327424407, 0.0242575313896, 0.00697987480089, 0.0226146969944]}}, "lowlevel": {"barkbands_spread": {"dmean2": 4.02715158463, "median": 3.96765637398, "min": 0.121528834105, "dvar2": 83.7993240356, "dvar": 44.1729660034, "dmean": 2.69622182846, "max": 144.634643555, "var": 152.904434204, "mean": 7.36513757706}, "melbands_spread": {"dmean2": 4.2997879982, "median": 4.01246452332, "min": 0.214498624206, "dvar2": 158.897476196, "dvar": 83.0744781494, "dmean": 2.8843691349, "max": 194.683761597, "var": 346.111602783, "mean": 8.20474529266}, "hfc": {"dmean2": 3.70631718636, "median": 4.24312877655, "min": 1.0990323959e-16, "dvar2": 53.9656829834, "dvar": 29.4866256714, "dmean": 2.67602801323, "max": 129.304458618, "var": 113.612007141, "mean": 8.01400279999}, "barkbands_kurtosis": {"dmean2": 15.1713209152, "median": 13.9836521149, "min": -1.97069776058, "dvar2": 1971.45068359, "dvar": 762.411254883, "dmean": 9.68374824524, "max": 1741.65759277, "var": 8996.23242188, "mean": 27.4574699402}, "gfcc": {"mean": [-123.230209351, 136.871704102, -67.4502716064, 24.8722553253, -51.950843811, -1.0582190752, -39.7675132751, -9.56038570404, -23.4707698822, -6.38763713837, -14.8765506744, -1.49458801746, -9.62763881683], "icov": [[0.000266236049356, -0.000471367035061, 0.00049515865976, -0.000674175680615, 0.00051976449322, -0.000788494129665, 0.000524803763255, -0.000568731222302, 0.000675314455293, -0.000566922186408, 0.000505676551256, -0.000445172132459, 0.000400289718527], [-0.000471367035061, 0.00146927160677, -0.000706648395862, 0.00163306819741, -0.00106367887929, 0.00143038143869, -0.00085644540377, 0.00122206122614, -0.00148849072866, 0.0017236454878, -0.00117998826317, 0.000999242882244, -0.00124099431559], [0.00049515865976, -0.000706648395862, 0.00228095962666, -0.00123162264936, 0.000507686112542, -0.00155550835188, 0.000760225171689, -0.000969017273746, 0.0011729283724, -0.00123173219617, 0.00105687440373, -0.00115951872431, 0.000682828889694], [-0.000674175680615, 0.00163306819741, -0.00123162264936, 0.00419651158154, -0.00102456880268, 0.00138884538319, -0.000973376736511, 0.00130640680436, -0.00157307926565, 0.00155444559641, -0.0011715766741, 0.00208405009471, -0.00188970344607], [0.00051976449322, -0.00106367887929, 0.000507686112542, -0.00102456880268, 0.004386884626, -0.00163729477208, 0.00082246720558, -0.000853263016324, 0.000177288442501, -0.000657788361423, -0.000614508928265, 0.000640006968752, -8.76854319358e-05], [-0.000788494129665, 0.00143038143869, -0.00155550835188, 0.00138884538319, -0.00163729477208, 0.00730954576284, -0.00295758876018, 0.00127924280241, -0.00168929633219, -0.000668356951792, -0.000135338385007, -0.00066387077095, -0.000512295926455], [0.000524803763255, -0.00085644540377, 0.000760225171689, -0.000973376736511, 0.00082246720558, -0.00295758876018, 0.00598243065178, -0.00294693303294, 7.16166468919e-05, 0.00134551210795, -0.000590557290707, 0.000587582355365, -0.000565609370824], [-0.000568731222302, 0.00122206122614, -0.000969017273746, 0.00130640680436, -0.000853263016324, 0.00127924280241, -0.00294693303294, 0.00971295684576, -0.00248611113057, 0.000725248537492, -0.000436980830273, -0.000218838133151, -0.000301452790154], [0.000675314455293, -0.00148849072866, 0.0011729283724, -0.00157307926565, 0.000177288442501, -0.00168929633219, 7.16166468919e-05, -0.00248611113057, 0.00969032011926, -0.00365826953202, 0.00173101888504, -0.0010799333686, 4.13668094552e-05], [-0.000566922186408, 0.0017236454878, -0.00123173219617, 0.00155444559641, -0.000657788361423, -0.000668356951792, 0.00134551210795, 0.000725248537492, -0.00365826953202, 0.0114540541545, -0.0049323416315, 0.00134149799123, -0.000296786573017], [0.000505676551256, -0.00117998826317, 0.00105687440373, -0.0011715766741, -0.000614508928265, -0.000135338385007, -0.000590557290707, -0.000436980830273, 0.00173101888504, -0.0049323416315, 0.0141592537984, -0.00522082205862, 0.00206283968873], [-0.000445172132459, 0.000999242882244, -0.00115951872431, 0.00208405009471, 0.000640006968752, -0.00066387077095, 0.000587582355365, -0.000218838133151, -0.0010799333686, 0.00134149799123, -0.00522082205862, 0.0135349147022, -0.00369632802904], [0.000400289718527, -0.00124099431559, 0.000682828889694, -0.00188970344607, -8.76854319358e-05, -0.000512295926455, -0.000565609370824, -0.000301452790154, 4.13668094552e-05, -0.000296786573017, 0.00206283968873, -0.00369632802904, 0.0121489167213]], "cov": [[23681.1386719, 1095.26953125, -2061.31054688, 1212.32348633, -1513.06225586, 823.338806152, -904.089538574, 167.566574097, -614.44934082, 327.575897217, -279.799926758, 230.8984375, -250.233901978], [1095.26953125, 2505.46728516, -244.651779175, -472.774108887, 253.60697937, -213.50630188, 108.286094666, -81.838684082, 96.8347625732, -238.303482056, 28.3400783539, -47.7056427002, 130.415466309], [-2061.31054688, -244.651779175, 826.605712891, 20.2174301147, 112.073692322, 57.4767456055, 56.6926422119, 17.0176010132, 35.4068183899, 39.5377235413, 17.4645786285, 21.7860870361, 10.4144573212], [1212.32348633, -472.774108887, 20.2174301147, 527.449890137, -90.5206298828, 81.6873245239, -40.861125946, 16.8885936737, -33.3481407166, 42.7898979187, -30.5448741913, -14.142206192, -3.98121547699], [-1513.06225586, 253.60697937, 112.073692322, -90.5206298828, 411.417602539, -28.208240509, 82.5719451904, -7.32898902893, 79.489074707, -27.2790374756, 42.7691574097, -32.2559356689, 42.8090515137], [823.338806152, -213.50630188, 57.4767456055, 81.6873245239, -28.208240509, 279.652923584, 44.221282959, 40.950302124, 7.3174943924, 72.4629211426, 0.353528767824, 39.4888877869, -11.0981140137], [-904.089538574, 108.286094666, 56.6926422119, -40.861125946, 82.5719451904, 44.221282959, 306.227142334, 60.2055587769, 61.0727653503, -53.0720024109, 15.4747152328, -13.2412643433, 41.3583259583], [167.566574097, -81.838684082, 17.0176010132, 16.8885936737, -7.32898902893, 40.950302124, 60.2055587769, 140.63861084, 25.64336586, 13.0130348206, 0.591899096966, 13.4006958008, -0.0365268476307], [-614.44934082, 96.8347625732, 35.4068183899, -33.3481407166, 79.489074707, 7.3174943924, 61.0727653503, 25.64336586, 161.082901001, 17.7553539276, 13.7608385086, -1.78246319294, 24.3279056549], [327.575897217, -238.303482056, 39.5377235413, 42.7898979187, -27.2790374756, 72.4629211426, -53.0720024109, 13.0130348206, 17.7553539276, 162.601623535, 33.6589202881, 24.1303310394, -24.452911377], [-279.799926758, 28.3400783539, 17.4645786285, -30.5448741913, 42.7691574097, 0.353528767824, 15.4747152328, 0.591899096966, 13.7608385086, 33.6589202881, 102.634651184, 29.5258197784, -0.228347882628], [230.8984375, -47.7056427002, 21.7860870361, -14.142206192, -32.2559356689, 39.4888877869, -13.2412643433, 13.4006958008, -1.78246319294, 24.1303310394, 29.5258197784, 105.698013306, 12.9843053818], [-250.233901978, 130.415466309, 10.4144573212, -3.98121547699, 42.8090515137, -11.0981140137, 41.3583259583, -0.0365268476307, 24.3279056549, -24.452911377, -0.228347882628, 12.9843053818, 107.748519897]]}, "spectral_energyband_middle_low": {"dmean2": 0.00845998991281, "median": 0.00830105319619, "min": 2.14811393574e-22, "dvar2": 0.000300101208268, "dvar": 0.000141867873026, "dmean": 0.00580092426389, "max": 0.427978277206, "var": 0.000442597578513, "mean": 0.0159198250622}, "melbands_crest": {"dmean2": 4.61048030853, "median": 15.6868228912, "min": 1.57190644741, "dvar2": 19.1158828735, "dvar": 7.67648839951, "dmean": 2.87709879875, "max": 33.6019935608, "var": 29.9977874756, "mean": 16.4799938202}, "spectral_kurtosis": {"dmean2": 9.05005931854, "median": 10.7710533142, "min": -1.24100124836, "dvar2": 136.186279297, "dvar": 53.3720169067, "dmean": 5.5946893692, "max": 137.318603516, "var": 304.745452881, "mean": 16.5323638916}, "spectral_rms": {"dmean2": 0.00104284950066, "median": 0.00383572978899, "min": 3.16158384195e-12, "dvar2": 1.98717293642e-06, "dvar": 1.02691763004e-06, "dmean": 0.000729547580704, "max": 0.0206893794239, "var": 7.17136890671e-06, "mean": 0.00436447421089}, "zerocrossingrate": {"dmean2": 0.00744326598942, "median": 0.017578125, "min": 0.0029296875, "dvar2": 0.000191311395611, "dvar": 0.00016498468176, "dmean": 0.00629872828722, "max": 0.890625, "var": 0.0104495016858, "mean": 0.0375691726804}, "silence_rate_60dB": {"dmean2": 0.0498841963708, "median": 0, "min": 0, "dvar2": 0.0556010864675, "dvar": 0.0243198070675, "dmean": 0.0249398779124, "max": 1, "var": 0.115351431072, "mean": 0.133060202003}, "erbbands_kurtosis": {"dmean2": 3.757117033, "median": 2.98565769196, "min": -1.8839366436, "dvar2": 28.8652172089, "dvar": 12.9301795959, "dmean": 2.43475723267, "max": 104.557647705, "var": 49.2966308594, "mean": 5.08158159256}, "erbbands": {"dmean2": [0.110299706459, 0.907778143883, 3.83122682571, 9.82171154022, 13.3414058685, 9.18896865845, 20.120388031, 20.7194480896, 16.4491214752, 9.3383102417, 4.56077289581, 3.97574138641, 3.15704059601, 3.39706015587, 5.75793790817, 5.46986961365, 5.19846820831, 5.03929519653, 3.03540015221, 2.1134417057, 1.68171787262, 1.99610006809, 1.79522848129, 2.27210378647, 2.63720822334, 1.6753166914, 1.88357591629, 1.77227926254, 1.96339428425, 1.58056128025, 1.00398397446, 0.7116304636, 0.384000658989, 0.27142816782, 0.117238476872, 0.0468721464276, 0.0128495637327, 0.00200234819204, 0.000200743772439, 2.36637952185e-05], "median": [0.00876036845148, 0.231505036354, 1.70709013939, 4.07085084915, 7.3767118454, 7.87589931488, 8.78426265717, 8.83934020996, 4.76221847534, 3.82205152512, 1.4271042347, 1.68062973022, 1.34424746037, 1.10244011879, 1.35227155685, 0.808610796928, 0.717489719391, 0.565452575684, 0.567537784576, 0.62530618906, 0.43150216341, 0.361589729786, 0.2893242836, 0.213826447725, 0.160994946957, 0.116482138634, 0.0969963520765, 0.099476993084, 0.0987487584352, 0.0748144835234, 0.042369864881, 0.0231686085463, 0.0145568903536, 0.0104206707329, 0.00453821010888, 0.00202323310077, 0.000512726255693, 9.78316093097e-05, 2.64305053861e-05, 2.11766055145e-05], "min": [1.60721220787e-22, 5.01771879322e-22, 4.3489012627e-21, 1.2601674964e-20, 2.47374000583e-20, 3.72455292961e-20, 6.70437512046e-20, 1.23322729014e-19, 2.68341991904e-19, 2.39659581712e-19, 6.25031888012e-19, 9.73595096493e-19, 1.12476018209e-18, 6.82606243585e-19, 1.13636852461e-18, 1.47456700492e-18, 3.38411210483e-18, 2.91904386749e-18, 4.00367534672e-18, 4.56469777588e-18, 4.92186278385e-18, 5.73881820326e-18, 5.71172721102e-18, 9.53172462118e-18, 9.18565210522e-18, 1.12033797114e-17, 1.15516864421e-17, 1.40658373939e-17, 1.12142844334e-17, 1.17111370857e-17, 1.22872336408e-17, 1.28003147496e-17, 1.05148941265e-17, 9.91953501648e-18, 6.26583358309e-18, 4.66817062589e-18, 2.3410330097e-18, 1.1547067052e-18, 2.77458452833e-19, 3.01025597504e-20], "dvar2": [0.276654660702, 8.73895359039, 106.565582275, 594.266418457, 1099.48925781, 294.720062256, 3092.59326172, 2794.32519531, 3991.10595703, 1060.52075195, 776.257263184, 163.064620972, 235.552017212, 337.568511963, 797.49432373, 1824.1385498, 615.034973145, 530.261535645, 199.152633667, 55.5920028687, 51.4917984009, 60.0183372498, 272.459655762, 165.579208374, 186.542694092, 55.4587173462, 96.8757705688, 75.4017944336, 74.2666854858, 54.0454139709, 50.5507354736, 21.9812698364, 3.79679942131, 1.30222606659, 0.227014616132, 0.0334173515439, 0.00308447424322, 8.5364379629e-05, 8.93367882782e-07, 3.72433017759e-09], "dvar": [0.106981195509, 3.96342420578, 48.2325439453, 255.990585327, 465.018157959, 132.941665649, 1617.97509766, 1472.57543945, 2031.86230469, 510.213470459, 338.791595459, 101.679931641, 137.635757446, 213.510314941, 417.824493408, 899.219909668, 309.291046143, 258.014709473, 105.43775177, 23.2110996246, 22.8744544983, 28.3359146118, 120.088088989, 89.2353057861, 97.3937835693, 29.2572231293, 50.0481300354, 38.6378135681, 36.4544754028, 26.3926105499, 25.8615283966, 10.2415065765, 1.88655281067, 0.583275675774, 0.105917826295, 0.0163539815694, 0.00150116963778, 3.8454280002e-05, 4.27574406103e-07, 1.81164472313e-09], "dmean": [0.0720695480704, 0.60676586628, 2.4287583828, 6.28972482681, 8.56203269958, 6.07086229324, 13.8653583527, 14.2822828293, 11.5763015747, 6.47226667404, 3.31329464912, 3.00053548813, 2.35801720619, 2.56838345528, 4.21923542023, 3.83324337006, 3.6750357151, 3.52472519875, 2.09153556824, 1.39252007008, 1.12281012535, 1.32105207443, 1.20683991909, 1.58602356911, 1.87845146656, 1.14183819294, 1.2922283411, 1.22655761242, 1.32537710667, 1.08916270733, 0.723998725414, 0.503612697124, 0.262648463249, 0.179888144135, 0.0786464139819, 0.0321263596416, 0.00876646209508, 0.00134285993408, 0.000137911614729, 1.62165306392e-05], "max": [6.65217399597, 44.6767463684, 182.409210205, 633.778381348, 761.361450195, 287.105041504, 1193.71716309, 1384.31933594, 2078.48999023, 822.140991211, 656.020690918, 338.980834961, 593.910583496, 918.633911133, 728.166503906, 1891.6940918, 856.190246582, 785.051208496, 571.245910645, 142.5521698, 294.869934082, 275.735168457, 745.21282959, 804.492126465, 482.772094727, 179.254348755, 231.842819214, 222.433990479, 182.171356201, 209.287109375, 286.252655029, 185.391433716, 59.7003364563, 22.462053299, 8.95060157776, 3.70705413818, 1.39855611324, 0.153091579676, 0.0172951444983, 0.00129282765556], "var": [0.192682698369, 10.0594387054, 144.956085205, 532.323425293, 909.049621582, 439.612365723, 4147.63427734, 4540.51416016, 5990.23876953, 1009.9821167, 563.600402832, 405.380706787, 685.034790039, 613.510192871, 936.320068359, 2296.40893555, 950.675292969, 478.019226074, 198.215682983, 42.6981277466, 37.1636962891, 54.4839019775, 189.165161133, 229.142700195, 227.579223633, 53.9400558472, 78.9811096191, 67.3048782349, 59.6607589722, 44.5494842529, 49.842754364, 19.8349571228, 3.0831592083, 0.862437069416, 0.171021908522, 0.0292841307819, 0.002801990835, 5.55667866138e-05, 6.26280211691e-07, 3.76996123208e-09], "mean": [0.123241908848, 1.2088034153, 5.18075895309, 11.3582410812, 16.4683094025, 14.7597150803, 28.2977790833, 31.033372879, 23.0110473633, 12.7897205353, 6.63035440445, 7.41468334198, 6.59768009186, 5.48766708374, 7.95517396927, 6.64576053619, 6.18972921371, 5.29376173019, 3.2561519146, 2.43486690521, 1.87986457348, 2.08688616753, 1.96848404408, 2.43106579781, 2.75216841698, 1.59557723999, 1.69025969505, 1.62526738644, 1.8316642046, 1.48284244537, 0.9895221591, 0.647044301033, 0.341771036386, 0.242430508137, 0.107913829386, 0.0445044562221, 0.01190694049, 0.00170993327629, 0.000183597847354, 4.06944200222e-05]}, "spectral_strongpeak": {"dmean2": 0.437892794609, "median": 0.470128715038, "min": 4.66483629502e-10, "dvar2": 0.482183307409, "dvar": 0.206909447908, "dmean": 0.272364526987, "max": 9.75609302521, "var": 0.55517166853, "mean": 0.692975819111}, "spectral_energy": {"dmean2": 0.0131025724113, "median": 0.0150806456804, "min": 1.02455026879e-20, "dvar2": 0.000630611844826, "dvar": 0.000296486483421, "dmean": 0.00896649155766, "max": 0.438751667738, "var": 0.00104579166509, "mean": 0.0268751978874}, "average_loudness": 0.603548467159, "spectral_rolloff": {"dmean2": 295.857055664, "median": 322.998046875, "min": 64.599609375, "dvar2": 1173594.75, "dvar": 560985, "dmean": 175.983856201, "max": 21856.2011719, "var": 8437535, "mean": 882.318847656}, "spectral_centroid": {"dmean2": 168.598266602, "median": 348.358337402, "min": 128.430404663, "dvar2": 158468.265625, "dvar": 88570.5859375, "dmean": 114.351287842, "max": 11544.9707031, "var": 479564.15625, "mean": 523.520324707}, "pitch_salience": {"dmean2": 0.100382864475, "median": 0.554196357727, "min": 0.081815674901, "dvar2": 0.00876563973725, "dvar": 0.00359341315925, "dmean": 0.062709197402, "max": 0.948882699013, "var": 0.0160697121173, "mean": 0.545251309872}, "spectral_energyband_middle_high": {"dmean2": 0.000540440436453, "median": 0.000263584719505, "min": 1.2672822998e-21, "dvar2": 2.92423010251e-06, "dvar": 1.63009576681e-06, "dmean": 0.000397923315177, "max": 0.0511510819197, "var": 6.51108348393e-06, "mean": 0.000944183382671}, "spectral_contrast_coeffs": {"dmean2": [0.074697650969, 0.0630701482296, 0.048036582768, 0.043131493032, 0.0332331098616, 0.0262024998665], "median": [-0.588749527931, -0.65938937664, -0.756970643997, -0.789027094841, -0.815477609634, -0.792993426323], "min": [-0.984361708164, -0.98367524147, -0.993027210236, -0.985349178314, -0.967151284218, -0.962845683098], "dvar2": [0.00378534989432, 0.00299617042765, 0.00169831584208, 0.001371332095, 0.000977488118224, 0.000609475013334], "dvar": [0.00152094138321, 0.00133364030626, 0.000788288307376, 0.000619424390607, 0.000500702648424, 0.000294024182949], "dmean": [0.0456787124276, 0.0404483675957, 0.0309957694262, 0.0279710441828, 0.0222748573869, 0.0173123776913], "max": [-0.195873856544, -0.310195744038, -0.382894784212, -0.469232589006, -0.473601043224, -0.529029250145], "var": [0.0100446641445, 0.0095964660868, 0.00612824037671, 0.00398531369865, 0.00356027134694, 0.0023878889624], "mean": [-0.585793495178, -0.653541326523, -0.750689864159, -0.784267365932, -0.805816948414, -0.793359875679]}, "melbands_skewness": {"dmean2": 1.26687121391, "median": 2.90484595299, "min": -1.3441671133, "dvar2": 2.30059862137, "dvar": 1.04430735111, "dmean": 0.830156207085, "max": 16.8106536865, "var": 3.89770102501, "mean": 3.27552223206}, "spectral_spread": {"dmean2": 881078.1875, "median": 3442785.5, "min": 720233.3125, "dvar2": 1163910053890.0, "dvar": 599725768704, "dmean": 600379.3125, "max": 42184408, "var": 11153462788100.0, "mean": 4057984.25}, "dissonance": {"dmean2": 0.0472305454314, "median": 0.422041684389, "min": 0.156614542007, "dvar2": 0.00197614566423, "dvar": 0.000744817545637, "dmean": 0.0289711095393, "max": 0.500000059605, "var": 0.00250149425119, "mean": 0.415471464396}, "spectral_skewness": {"dmean2": 0.756341159344, "median": 2.74090719223, "min": -0.0793492421508, "dvar2": 0.607408881187, "dvar": 0.260879009962, "dmean": 0.493092030287, "max": 9.88671875, "var": 2.06196570396, "mean": 2.97820401192}, "spectral_flux": {"dmean2": 0.0343710929155, "median": 0.0435060113668, "min": 6.44916620107e-11, "dvar2": 0.00228010630235, "dvar": 0.000961274083238, "dmean": 0.0217573866248, "max": 0.566524863243, "var": 0.00252892775461, "mean": 0.0576555654407}, "spectral_contrast_valleys": {"dmean2": [0.635591328144, 0.484980762005, 0.48455119133, 0.476024121046, 0.425898939371, 0.42540153861], "median": [-7.36379432678, -7.42729282379, -8.62854194641, -9.23722839355, -9.3621339798, -11.7080183029], "min": [-27.7684497833, -27.9694766998, -27.5653591156, -27.6084194183, -27.5583019257, -27.4616336823], "dvar2": [0.310811340809, 0.192146807909, 0.206504106522, 0.224183067679, 0.222894772887, 0.276848345995], "dvar": [0.137746080756, 0.0902589783072, 0.097321882844, 0.111347109079, 0.126341059804, 0.168401584029], "dmean": [0.387948691845, 0.309518694878, 0.31316614151, 0.319654017687, 0.307799845934, 0.324713677168], "max": [-4.93886137009, -5.06943035126, -5.4892168045, -6.29136705399, -5.9503569603, -7.83656167984], "var": [3.09808659554, 2.79476666451, 2.60743761063, 2.59694194794, 2.58610296249, 2.65815472603], "mean": [-7.6461224556, -7.75041484833, -8.88404941559, -9.47569465637, -9.57259082794, -11.7829809189]}, "erbbands_flatness_db": {"dmean2": 0.0280799455941, "median": 0.207472264767, "min": 0.0103363674134, "dvar2": 0.000848021474667, "dvar": 0.000443946744781, "dmean": 0.0196700952947, "max": 0.406928598881, "var": 0.00353030255064, "mean": 0.206200093031}, "spectral_energyband_high": {"dmean2": 0.000175383684109, "median": 1.40543088492e-05, "min": 7.0493438479e-21, "dvar2": 5.4988612419e-07, "dvar": 3.28162514052e-07, "dmean": 0.000129411462694, "max": 0.0176607854664, "var": 7.238395483e-07, "mean": 0.000198121677386}, "spectral_entropy": {"dmean2": 0.345968157053, "median": 6.3642168045, "min": 3.61739206314, "dvar2": 0.136319428682, "dvar": 0.073789678514, "dmean": 0.241325318813, "max": 9.81367206573, "var": 0.62902879715, "mean": 6.44435834885}, "silence_rate_20dB": {"dmean2": 0.000356315693352, "median": 1, "min": 0, "dvar2": 0.000356300035492, "dvar": 0.00017807855329, "dmean": 0.000178141985089, "max": 1, "var": 0.000178062720806, "mean": 0.999821901321}, "melbands_flatness_db": {"dmean2": 0.0395890139043, "median": 0.353099882603, "min": 0.00395369203761, "dvar2": 0.00172769289929, "dvar": 0.00091026147129, "dmean": 0.0275455322117, "max": 0.630877494812, "var": 0.00842617172748, "mean": 0.348761618137}, "barkbands": {"dmean2": [0.0001993716578, 0.00376106379554, 0.00367653393187, 0.00467821164057, 0.00296551734209, 0.00294750882313, 0.00102818885352, 0.000252196390647, 0.000180309580173, 9.46071158978e-05, 0.000145330835949, 0.000151251195348, 0.000121844168461, 0.000110554232378, 3.96726754843e-05, 3.46682245436e-05, 3.66474559996e-05, 3.33381540258e-05, 5.73726392759e-05, 3.7667403376e-05, 4.4681954023e-05, 5.64210095035e-05, 3.53289178747e-05, 2.72715969913e-05, 1.96228756977e-05, 8.05497165857e-06, 1.28589010728e-06], "median": [4.14135547544e-06, 0.000732114072889, 0.00151555472985, 0.00113443622831, 0.00254157977179, 0.00111396051943, 0.000316459394526, 5.82720749662e-05, 7.85484080552e-05, 2.78191582765e-05, 2.18294444494e-05, 1.89415222849e-05, 1.27385483211e-05, 1.19400137919e-05, 9.58564123721e-06, 8.06427487987e-06, 6.32860837868e-06, 4.26611404691e-06, 3.65036021321e-06, 2.41894281316e-06, 2.24984069064e-06, 2.82801192952e-06, 1.59162811997e-06, 9.55637233346e-07, 7.94717379904e-07, 3.62235311968e-07, 9.70583755588e-08], "min": [6.24123634586e-24, 6.88177404596e-24, 2.66467865782e-24, 3.73235337809e-24, 2.04067398346e-23, 1.05937882233e-23, 1.32473064715e-23, 1.40121765389e-23, 5.17208322137e-23, 2.93575532511e-23, 2.45060050415e-23, 2.48034702893e-23, 7.09650056441e-23, 3.85567253242e-23, 7.94146462613e-23, 9.14669073474e-23, 8.42079102718e-23, 1.31214806328e-22, 1.67729663017e-22, 2.27795261524e-22, 3.10261366917e-22, 3.13884295821e-22, 4.3681204892e-22, 6.07844413801e-22, 9