{"tonal": {"thpcp": [1, 0.535450637341, 0.165484324098, 0.0926766693592, 0.115590520203, 0.286036670208, 0.345125079155, 0.397884875536, 0.879905700684, 0.900956988335, 0.346715539694, 0.14074075222, 0.128407806158, 0.130470886827, 0.222693771124, 0.249936580658, 0.185638040304, 0.154921427369, 0.15315644443, 0.234470307827, 0.674455404282, 0.867447376251, 0.614265739918, 0.678110957146, 0.596802294254, 0.282827496529, 0.209983333945, 0.216652050614, 0.245554611087, 0.509474337101, 0.574971616268, 0.281422674656, 0.171811848879, 0.172272115946, 0.227422699332, 0.726235032082], "hpcp": {"dmean2": [0.251241832972, 0.316448539495, 0.291105479002, 0.248932823539, 0.234090313315, 0.200940206647, 0.156420081854, 0.15003490448, 0.15128082037, 0.193105861545, 0.192638427019, 0.126673415303, 0.0991775989532, 0.0972636938095, 0.127340435982, 0.241352424026, 0.24146579206, 0.207999438047, 0.132301345468, 0.0707674100995, 0.0662353932858, 0.110165171325, 0.127971306443, 0.194445118308, 0.330159038305, 0.260947465897, 0.131226569414, 0.0835777297616, 0.0841118022799, 0.0866243839264, 0.117404207587, 0.132187783718, 0.118511170149, 0.118152782321, 0.129399046302, 0.155561134219], "median": [0.0979261472821, 0.135568827391, 0.09507086128, 0.0367021709681, 0.0270675905049, 0.0151105849072, 0.00903552491218, 0.00939894560724, 0.0196603797376, 0.0551060773432, 0.065962575376, 0.0329496972263, 0.0126061374322, 0.0126641634852, 0.0232569705695, 0.11452396214, 0.13519500196, 0.0589152611792, 0.0107062710449, 0.00682701962069, 0.0092853223905, 0.0249074306339, 0.0326083898544, 0.0470536798239, 0.123480968177, 0.128910139203, 0.0406115688384, 0.0130164558068, 0.0116142537445, 0.0110694719478, 0.0207184404135, 0.0229831673205, 0.0140666346997, 0.00732162501663, 0.00680042570457, 0.022000612691], "min": [0, 0, 0, 0, 0, 0, 0, 0, 0, 0, 0, 0, 0, 0, 0, 0, 0, 0, 0, 0, 0, 0, 0, 0, 0, 0, 0, 0, 0, 0, 0, 0, 0, 0, 0, 0], "dvar2": [0.118695154786, 0.153707996011, 0.158733353019, 0.150018617511, 0.1420173347, 0.139951422811, 0.117379061878, 0.111670397222, 0.0975847914815, 0.0958275049925, 0.0905575379729, 0.0581387020648, 0.0567028746009, 0.0482812486589, 0.0602892115712, 0.103357389569, 0.110231123865, 0.103262096643, 0.0847066864371, 0.0390309467912, 0.0322767049074, 0.0472139120102, 0.0559706166387, 0.0738914012909, 0.174732983112, 0.0949473306537, 0.049814760685, 0.0342624038458, 0.0447975061834, 0.0461517497897, 0.0682547613978, 0.0777197703719, 0.0741913020611, 0.0873136669397, 0.0978247821331, 0.097007624805], "dvar": [0.0441117063165, 0.0598148554564, 0.0558651722968, 0.0569829307497, 0.0536028146744, 0.0485421046615, 0.0415014773607, 0.0387898720801, 0.0337256528437, 0.0378064438701, 0.0358711332083, 0.0216798242182, 0.0209108106792, 0.0175601541996, 0.0221070721745, 0.0389593467116, 0.047098685056, 0.0394352413714, 0.0298246107996, 0.0136479642242, 0.0115368273109, 0.0184191167355, 0.022360894829, 0.0286020953208, 0.0732264742255, 0.0410321392119, 0.0184738431126, 0.0132044684142, 0.0163852460682, 0.0163643732667, 0.0246168281883, 0.0274113435298, 0.0254641417414, 0.0299628078938, 0.0330085083842, 0.0334626324475], "dmean": [0.145480960608, 0.182132646441, 0.16459082067, 0.14057521522, 0.134213909507, 0.110569342971, 0.0852357819676, 0.0824035927653, 0.0846268683672, 0.111583188176, 0.113849654794, 0.0734721273184, 0.0566579177976, 0.0552582032979, 0.0722230225801, 0.142624661326, 0.142178490758, 0.120402686298, 0.0722368061543, 0.0387631505728, 0.037739418447, 0.0658179447055, 0.0760866701603, 0.109339088202, 0.1885394454, 0.154163345695, 0.0773930624127, 0.0479751303792, 0.0473574325442, 0.0480799749494, 0.0672519877553, 0.0754504799843, 0.0657872408628, 0.064128279686, 0.0687397643924, 0.0849232673645], "max": [1, 1, 1, 1, 1, 1, 1, 1, 1, 1, 1, 1, 1, 1, 1, 1, 1, 1, 1, 1, 1, 1, 1, 1, 1, 1, 1, 1, 1, 1, 1, 1, 1, 1, 1, 1], "var": [0.0714555829763, 0.103680983186, 0.0615852847695, 0.113174639642, 0.0960542857647, 0.0376644842327, 0.0312751121819, 0.0319402851164, 0.0287217088044, 0.0628372728825, 0.0737327635288, 0.0224453918636, 0.0177389159799, 0.0162805002183, 0.019526489079, 0.0733091756701, 0.136017307639, 0.0607432834804, 0.019521465525, 0.00839912425727, 0.00898803584278, 0.0297640189528, 0.0411769598722, 0.0335533767939, 0.108173072338, 0.107338301837, 0.0265489146113, 0.0112166395411, 0.0116031300277, 0.0116849178448, 0.0234090723097, 0.0268524307758, 0.0190802104771, 0.0208941474557, 0.0207682345062, 0.0263602808118], "mean": [0.221075415611, 0.284335017204, 0.201346218586, 0.222273632884, 0.195621997118, 0.0927062109113, 0.0688290894032, 0.0710149854422, 0.0804887712002, 0.166997328401, 0.188466265798, 0.0922457352281, 0.056317102164, 0.0564679726958, 0.0745454281569, 0.238047927618, 0.327783584595, 0.175511926413, 0.0542430467904, 0.0303778909147, 0.0378886759281, 0.0937581285834, 0.113126337528, 0.130420133471, 0.288418650627, 0.295318901539, 0.113647662103, 0.0461325086653, 0.042089972645, 0.0427662171423, 0.072995364666, 0.0819251090288, 0.0608491003513, 0.050780698657, 0.0502021685243, 0.0768555179238]}, "tuning_equal_tempered_deviation": 0.206271544099, "chords_changes_rate": 0.0430667959154, "key_key": "A#", "tuning_diatonic_strength": 0.588348150253, "key_scale": "major", "chords_number_rate": 0.0010972431628, "tuning_frequency": 434.193115234, "tuning_nontempered_energy_ratio": 0.956737697124, "chords_histogram": [18.2142372131, 54.5466995239, 12.3851327896, 7.36524486542, 1.34412288666, 0, 0.63091480732, 0, 0.0274310801178, 0, 2.20820188522, 0, 0, 0, 0, 0, 0, 1.85159790516, 0, 0, 0, 0, 0.0274310801178, 1.39898502827], "key_strength": 0.773208558559, "chords_key": "D", "chords_strength": {"dmean2": 0.00849516317248, "median": 0.579575121403, "min": -1, "dvar2": 0.000572348246351, "dvar": 0.0003034643305, "dmean": 0.00797859951854, "max": 0.821837604046, "var": 0.0295458976179, "mean": 0.563712954521}, "chords_scale": "minor", "hpcp_entropy": {"dmean2": 0.999574244022, "median": 1.97487366199, "min": 0, "dvar2": 0.733288347721, "dvar": 0.30381077528, "dmean": 0.600279986858, "max": 4.60542297363, "var": 0.552233457565, "mean": 1.98553717136}}, "metadata": {"audio_properties": {"equal_loudness": 0, "codec": "flac", "downmix": "mix", "sample_rate": 44100, "analysis_sample_rate": 44100, "bit_rate": 0, "md5_encoded": "9b6b53c92878294df3733a5236a6f313", "length": 338.51776123, "replay_gain": -11.8698425293, "lossless": true}, "version": {"essentia_build_sha": "ca57ba49d9b1854bd80e60cf9ccf267278fb7d6b", "essentia": "2.1-beta1", "extractor": "music 1.0", "essentia_git_sha": "v2.1_beta1-28-g21ef5f4-dirty"}, "tags": {"title": ["Understand Me Now"], "discogs_artist_name": ["Pretty Lights"], "media": ["Digital Media"], "style": ["Electro, Hip Hop, Soul"], "tracktotal": ["6"], "musicbrainz_releasegroupid": ["9361a946-9d82-4695-8a1f-17e05a126bcd"], "releasetype": ["ep"], "musicbrainz_recordingid": ["06ec6f3b-b2c8-4aed-a55e-e81bac388f1e"], "discogs_country": ["US"], "mediatype": ["File MP3, EP"], "discogs_catalog": ["none"], "catalognumber": ["PLM004V1"], "musicbrainz_albumartistid": ["3a07764c-7cc5-42e9-8205-3de7532f4771"], "organization": ["Not On Label (Pretty Lights Self-Released)"], "albumartist": ["Pretty Lights"], "discnumber": ["1"], "album": ["Making Up a Changing Mind"], "discogs_date": ["2010-03-02"], "releasecountry": ["XW"], "file_name": "01-03 Understand Me Now.flac", "originaldate": ["2010-03-02"], "albumartistsort": ["Pretty Lights"], "date": ["2010-03-02"], "genre": ["Electronic, Funk / Soul, Hip Hop"], "disctotal": ["1"], "musicbrainz_artistid": ["3a07764c-7cc5-42e9-8205-3de7532f4771"], "asin": ["B003B8OTBE"], "musicbrainz_albumid": ["f3a962e3-0c46-4c3a-aeb9-a8efa29b4d51"], "discogs_release_id": ["2848581"], "tracknumber": ["3"], "artistsort": ["Pretty Lights"], "artist": ["Pretty Lights"], "label": ["Pretty Lights Music"], "releasestatus": ["official"], "totaldiscs": ["1"], "script": ["Latn"], "totaltracks": ["6"]}}, "rhythm": {"bpm_histogram_first_peak_bpm": {"dmean2": 0, "median": 96, "min": 96, "dvar2": 0, "dvar": 0, "dmean": 0, "max": 96, "var": 0, "mean": 96}, "bpm": 95.7108306885, "bpm_histogram_second_peak_spread": {"dmean2": 0, "median": 0.399999976158, "min": 0.399999976158, "dvar2": 0, "dvar": 0, "dmean": 0, "max": 0.399999976158, "var": 0, "mean": 0.399999976158}, "bpm_histogram_first_peak_weight": {"dmean2": 0, "median": 0.792910456657, "min": 0.792910456657, "dvar2": 0, "dvar": 0, "dmean": 0, "max": 0.792910456657, "var": 0, "mean": 0.792910456657}, "onset_rate": 3.18725967407, "beats_position": [0.626938760281, 1.26548755169, 1.90403628349, 2.53097510338, 3.15791368484, 3.78485250473, 4.42340135574, 5.06195020676, 5.70049858093, 6.35065746307, 7.00081634521, 7.65097475052, 8.31274318695, 8.97451210022, 9.62467098236, 10.2748298645, 10.9133787155, 11.5519275665, 12.1904764175, 12.8290243149, 13.4559631348, 14.0945119858, 14.7214508057, 15.3483896255, 15.9869384766, 16.6138763428, 17.2408161163, 17.8677539825, 18.4946937561, 19.1216316223, 19.7485713959, 20.363899231, 20.9908390045, 21.6177768707, 22.2447166443, 22.8716545105, 23.4985942841, 24.1255321503, 24.7524719238, 25.37940979, 26.0063495636, 26.6332874298, 27.2602272034, 27.8871650696, 28.5141029358, 29.1410427094, 29.7563705444, 30.3717002869, 30.9986381531, 31.6255779266, 32.2525177002, 32.8794555664, 33.5063934326, 34.1333312988, 34.7602729797, 35.3872108459, 36.0141487122, 36.6410865784, 37.2796363831, 37.9181861877, 38.545124054, 39.1604537964, 39.7873916626, 40.4143295288, 41.041267395, 41.6565971375, 42.2835350037, 42.9104766846, 43.5374145508, 44.164352417, 44.7912902832, 45.4182319641, 46.0451698303, 46.6721076965, 47.2990455627, 47.9259872437, 48.5529251099, 49.1798629761, 49.8068008423, 50.4337387085, 51.0606803894, 51.6760063171, 52.3145561218, 52.941493988, 53.5684356689, 54.1953735352, 54.8223114014, 55.4376411438, 56.06457901, 56.6799087524, 57.3068466187, 57.9337844849, 58.5607261658, 59.187664032, 59.8146018982, 60.4415397644, 61.0684814453, 61.6954193115, 62.3223571777, 62.9492950439, 63.5762329102, 64.2031707764, 64.8301086426, 65.4570541382, 66.0839920044, 66.7109298706, 67.3378677368, 67.964805603, 68.5917434692, 69.2186813354, 69.8456192017, 70.4725646973, 71.0995025635, 71.7148284912, 72.3533782959, 72.9803161621, 73.6072540283, 74.2341918945, 74.8611297607, 75.488067627, 76.1150131226, 76.7303390503, 77.368888855, 77.9958267212, 78.6227645874, 79.2497024536, 79.8766403198, 80.491973877, 81.1072998047, 81.7226257324, 82.3611755371, 82.9881134033, 83.6382751465, 84.2768249512, 84.8921508789, 85.507484436, 86.1228103638, 86.74974823, 87.3766860962, 88.0036239624, 88.6421737671, 89.2575073242, 89.8844451904, 90.5113830566, 91.1383209229, 91.7536468506, 92.3921966553, 93.0191345215, 93.6460723877, 94.2730178833, 94.8999557495, 95.5268936157, 96.1422195435, 96.7575454712, 97.3844909668, 98.011428833, 98.6383666992, 99.2653045654, 99.8922424316, 100.530792236, 101.169342041, 101.807891846, 102.44644165, 103.061767578, 103.677093506, 104.292427063, 104.907752991, 105.534690857, 106.161628723, 106.788566589, 107.415504456, 108.042449951, 108.669387817, 109.296325684, 109.92326355, 110.550201416, 111.177139282, 111.804077148, 112.431015015, 113.05796051, 113.684898376, 114.311836243, 114.938774109, 115.565711975, 116.192649841, 116.819587708, 117.446525574, 118.07346344, 118.700408936, 119.327346802, 119.954284668, 120.569610596, 121.184944153, 121.811882019, 122.438819885, 123.065757751, 123.692695618, 124.319633484, 124.94657135, 125.573509216, 126.200454712, 126.827392578, 127.454330444, 128.081268311, 128.708206177, 129.335144043, 129.962081909, 130.589019775, 131.215957642, 131.842895508, 132.469833374, 133.09677124, 133.723709106, 134.350662231, 134.977600098, 135.604537964, 136.23147583, 136.858413696, 137.485351562, 138.112289429, 138.739227295, 139.366165161, 139.993103027, 140.620040894, 141.24697876, 141.873916626, 142.500854492, 143.127792358, 143.754730225, 144.370071411, 144.985397339, 145.612335205, 146.239273071, 146.866210938, 147.493148804, 148.12008667, 148.747024536, 149.373962402, 150.000900269, 150.627838135, 151.254776001, 151.881713867, 152.508651733, 153.135604858, 153.762542725, 154.389480591, 155.016418457, 155.643356323, 156.270294189, 156.897232056, 157.524169922, 158.151107788, 158.778045654, 159.404983521, 160.031921387, 160.658859253, 161.285797119, 161.912734985, 162.539672852, 163.166610718, 163.793563843, 164.420501709, 165.047439575, 165.674377441, 166.301315308, 166.928253174, 167.543579102, 168.158905029, 168.785842896, 169.412780762, 170.039718628, 170.666656494, 171.293609619, 171.920547485, 172.547485352, 173.174423218, 173.801361084, 174.42829895, 175.055236816, 175.682174683, 176.309112549, 176.936050415, 177.562988281, 178.189926147, 178.816864014, 179.44380188, 180.070739746, 180.697677612, 181.324615479, 181.951568604, 182.57850647, 183.205444336, 183.832382202, 184.459320068, 185.086257935, 185.701583862, 186.31690979, 186.943847656, 187.570785522, 188.209335327, 188.847885132, 189.474822998, 190.101760864, 190.72869873, 191.355636597, 191.982574463, 192.609527588, 193.224853516, 193.840179443, 194.46711731, 195.094055176, 195.720993042, 196.359542847, 196.986480713, 197.625030518, 198.251968384, 198.87890625, 199.505844116, 200.132781982, 200.759719849, 201.386657715, 202.013595581, 202.640533447, 203.267486572, 203.894424438, 204.521362305, 205.148300171, 205.763626099, 206.390563965, 207.02911377, 207.656051636, 208.282989502, 208.909927368, 209.536865234, 210.163803101, 210.790740967, 211.417678833, 212.044616699, 212.671554565, 213.298492432, 213.925445557, 214.552383423, 215.179321289, 215.806259155, 216.433197021, 217.048522949, 217.663848877, 218.279174805, 218.906112671, 219.533050537, 220.148391724, 220.77532959, 221.402267456, 222.029205322, 222.656143188, 223.283081055, 223.910018921, 224.536956787, 225.163894653, 225.79083252, 226.417770386, 227.044708252, 227.671646118, 228.298583984, 228.925521851, 229.552474976, 230.179412842, 230.806350708, 231.433288574, 232.06022644, 232.687164307, 233.314102173, 233.941040039, 234.567977905, 235.194915771, 235.821853638, 236.460403442, 237.098953247, 237.737503052, 238.364440918, 238.991378784, 239.606704712, 240.22203064, 240.837371826, 241.464309692, 242.091247559, 242.706573486, 243.321899414, 243.94883728, 244.575775146, 245.202713013, 245.829650879, 246.456588745, 247.083526611, 247.710464478, 248.337417603, 248.964355469, 249.591293335, 250.218231201, 250.845169067, 251.472106934, 252.0990448, 252.725982666, 253.352920532, 253.979858398, 254.606796265, 255.233734131, 255.860671997, 256.487609863, 257.114562988, 257.741485596, 258.368438721, 258.995361328, 259.622314453, 260.249237061, 260.876190186, 261.503112793, 262.130065918, 262.756988525, 263.372344971, 263.999267578, 264.626220703, 265.253143311, 265.880096436, 266.507019043, 267.133972168, 267.760894775, 268.376220703, 269.003173828, 269.630096436, 270.257049561, 270.883972168, 271.510925293, 272.137878418, 272.764801025, 273.39175415, 274.018676758, 274.645629883, 275.27255249, 275.899505615, 276.526428223, 277.153381348, 277.780303955, 278.40725708, 279.034179688, 279.661132812, 280.28805542, 280.915008545, 281.541931152, 282.168884277, 282.795837402, 283.41116333, 284.026489258, 284.641815186, 285.28036499, 285.907287598, 286.534240723, 287.16116333, 287.788116455, 288.415039062, 289.041992188, 289.668914795, 290.29586792, 290.922821045, 291.549743652, 292.176696777, 292.803619385, 293.43057251, 294.057495117, 294.684448242, 295.31137085, 295.938323975, 296.565246582, 297.192199707, 297.819122314, 298.446075439, 299.072998047, 299.699951172, 300.326873779, 300.953826904, 301.580780029, 302.207702637, 302.834655762, 303.461578369, 304.088531494, 304.715454102, 305.342407227, 305.969329834, 306.596282959, 307.223205566, 307.850158691, 308.465484619, 309.080810547, 309.707763672, 310.334686279, 310.961639404, 311.588562012, 312.215515137, 312.842437744, 313.469390869, 314.096313477, 314.723266602, 315.350189209, 315.977142334, 316.604064941, 317.231018066, 317.857940674, 318.484893799, 319.111816406, 319.738769531, 320.365722656, 320.981048584, 321.596374512, 322.223297119, 322.850250244, 323.477172852, 324.104125977, 324.731048584, 325.346374512, 325.973327637, 326.600280762, 327.238800049, 327.877349854, 328.515899658, 329.16607666, 329.827850342, 330.477996826, 331.128143311, 331.801544189, 332.48651123, 333.194732666, 333.902954102, 334.645965576, 335.389007568, 336.155273438, 336.909912109, 337.664581299], "beats_loudness": {"dmean2": 0.0363277345896, "median": 0.0542150437832, "min": 0, "dvar2": 0.00110952893738, "dvar": 0.000369801331544, "dmean": 0.0210698358715, "max": 0.140283077955, "var": 0.00100596214179, "mean": 0.0511816479266}, "danceability": 1.10871970654, "bpm_histogram_second_peak_weight": {"dmean2": 0, "median": 0.00559701491147, "min": 0.00559701491147, "dvar2": 0, "dvar": 0, "dmean": 0, "max": 0.00559701491147, "var": 0, "mean": 0.00559701491147}, "beats_count": 537, "bpm_histogram_second_peak_bpm": {"dmean2": 0, "median": 91, "min": 91, "dvar2": 0, "dvar": 0, "dmean": 0, "max": 91, "var": 0, "mean": 91}, "bpm_histogram_first_peak_spread": {"dmean2": 0, "median": 0.188931286335, "min": 0.188931286335, "dvar2": 0, "dvar": 0, "dmean": 0, "max": 0.188931286335, "var": 0, "mean": 0.188931286335}, "beats_loudness_band_ratio": {"dmean2": [0.538324117661, 0.0535550676286, 0.118438273668, 0.196467131376, 0.269392758608, 0.200330212712], "median": [0.459399312735, 0.0231798999012, 0.0403670221567, 0.127950355411, 0.0993002802134, 0.0656355246902], "min": [0, 0, 0, 0, 0, 0], "dvar2": [0.133206367493, 0.00633191689849, 0.0267600119114, 0.0193870849907, 0.0258341357112, 0.019790282473], "dvar": [0.0399711951613, 0.00272710155696, 0.011794231832, 0.00711749400944, 0.00843560602516, 0.00561717152596], "dmean": [0.275884181261, 0.0302563775331, 0.0707127675414, 0.113576546311, 0.140024349093, 0.100950241089], "max": [0.95701944828, 0.663983404636, 0.871088862419, 0.825042665005, 0.676312983036, 0.328710854053], "var": [0.0915371105075, 0.00375658972189, 0.0342949666083, 0.0203347466886, 0.0135423373431, 0.00668760808185], "mean": [0.465722709894, 0.0403177179396, 0.130207210779, 0.156697914004, 0.122562967241, 0.0921485945582]}}, "lowlevel": {"barkbands_spread": {"dmean2": 7.69669151306, "median": 20.2948589325, "min": 1.0421102047, "dvar2": 73.9613113403, "dvar": 35.3763618469, "dmean": 5.08482408524, "max": 77.3465499878, "var": 194.057693481, "mean": 23.2740478516}, "melbands_spread": {"dmean2": 10.3259134293, "median": 20.9215202332, "min": 1.12162923813, "dvar2": 161.07460022, "dvar": 74.9168777466, "dmean": 6.60657167435, "max": 162.43031311, "var": 405.943756104, "mean": 26.2709884644}, "hfc": {"dmean2": 10.1237277985, "median": 20.934009552, "min": 1.04614961438e-16, "dvar2": 278.444976807, "dvar": 147.083221436, "dmean": 7.09570789337, "max": 160.156906128, "var": 568.200256348, "mean": 27.6130428314}, "barkbands_kurtosis": {"dmean2": 2.95989775658, "median": 1.03795170784, "min": -1.8192179203, "dvar2": 21.7500495911, "dvar": 9.00839519501, "dmean": 1.84376633167, "max": 80.5886459351, "var": 24.0919265747, "mean": 2.66000509262}, "gfcc": {"mean": [-24.8073692322, 99.6906661987, -136.455764771, 16.7873325348, -44.451499939, 17.7335681915, -11.4501485825, 7.0960392952, -8.01173305511, 2.0255651474, -6.8106675148, -3.32797622681, -9.98270511627], "icov": [[7.28943705326e-05, -4.66268902528e-05, 7.93237486505e-05, -0.000125544218463, 6.23306405032e-05, -0.000126635583001, 1.85345688806e-05, -0.000121463926916, 0.00011507763702, -0.000178764210432, 0.000156828158651, -0.000261705194134, 0.00026020698715], [-4.66268902528e-05, 0.000735845998861, -2.11625483644e-05, 0.000207333359867, -0.000328670721501, 0.000510457961354, -0.000236658001086, 0.000344864471117, -0.000459273898741, 0.00070957565913, -0.00069448776776, 0.00117579801008, -0.00035291997483], [7.93237486505e-05, -2.11625483644e-05, 0.000953152542934, -9.84246216831e-05, -0.000291297154035, -0.0004486173857, -0.000117914947623, -0.000230727950111, 8.19537672214e-05, -0.00107529864181, 0.000642400642391, -0.00102983159013, 0.000437365291873], [-0.000125544218463, 0.000207333359867, -9.84246216831e-05, 0.00165995350108, -3.03662782244e-05, -0.000737544207368, -0.000804989947937, -0.000268019473879, 0.000175467823283, 0.000676836003549, 0.000461936171632, 0.00053203717107, -9.57765223575e-05], [6.23306405032e-05, -0.000328670721501, -0.000291297154035, -3.03662782244e-05, 0.00253807287663, 0.000141676689964, 6.47491760901e-05, -0.00110188417602, 0.000393387279473, 0.000393422669731, -0.00032142654527, -0.000405199476518, 0.000514974293765], [-0.000126635583001, 0.000510457961354, -0.0004486173857, -0.000737544207368, 0.000141676689964, 0.00385804404505, -0.000303719163639, -0.00124419783242, 0.000104809972981, -0.000845394795761, -0.00098963000346, 0.000298133178148, -0.000303142849589], [1.85345688806e-05, -0.000236658001086, -0.000117914947623, -0.000804989947937, 6.47491760901e-05, -0.000303719163639, 0.00462935306132, 0.00035131018376, -0.00118995597586, 0.000190694307094, -0.00061192951398, -0.00127099629026, 0.000748998252675], [-0.000121463926916, 0.000344864471117, -0.000230727950111, -0.000268019473879, -0.00110188417602, -0.00124419783242, 0.00035131018376, 0.0083930529654, -0.000999261275865, -0.0011716412846, -0.000731409527361, 0.000479529786389, -0.001787570538], [0.00011507763702, -0.000459273898741, 8.19537672214e-05, 0.000175467823283, 0.000393387279473, 0.000104809972981, -0.00118995597586, -0.000999261275865, 0.00870306044817, -0.00305858883075, -0.000923157669604, 4.08165251429e-05, -0.00119542796165], [-0.000178764210432, 0.00070957565913, -0.00107529864181, 0.000676836003549, 0.000393422669731, -0.000845394795761, 0.000190694307094, -0.0011716412846, -0.00305858883075, 0.0132087320089, -0.00474606221542, -0.00180472526699, 0.0018527143402], [0.000156828158651, -0.00069448776776, 0.000642400642391, 0.000461936171632, -0.00032142654527, -0.00098963000346, -0.00061192951398, -0.000731409527361, -0.000923157669604, -0.00474606221542, 0.0134851122275, -0.00209610676393, -6.28511043033e-05], [-0.000261705194134, 0.00117579801008, -0.00102983159013, 0.00053203717107, -0.000405199476518, 0.000298133178148, -0.00127099629026, 0.000479529786389, 4.08165251429e-05, -0.00180472526699, -0.00209610676393, 0.0173743460327, -0.00702731404454], [0.00026020698715, -0.00035291997483, 0.000437365291873, -9.57765223575e-05, 0.000514974293765, -0.000303142849589, 0.000748998252675, -0.001787570538, -0.00119542796165, 0.0018527143402, -6.28511043033e-05, -0.00702731404454, 0.016060622409]], "cov": [[30146.9121094, -3973.98657227, 1054.78222656, 4137.77978516, -759.870727539, 2933.11938477, 629.692504883, 1048.30236816, -266.801818848, 803.318054199, -113.568031311, 565.780029297, -278.177307129], [-3973.98657227, 3568.0090332, -1204.96923828, -1215.33850098, 290.336364746, -1208.34326172, -155.763565063, -444.871917725, 54.8927688599, -434.964477539, 11.7240543365, -353.638458252, -6.4383854866], [1054.78222656, -1204.96923828, 2097.61572266, 574.758178711, 133.267700195, 730.186462402, 187.053543091, 309.828430176, 69.1890335083, 356.746795654, 57.0080871582, 247.9896698, 10.7348423004], [4137.77978516, -1215.33850098, 574.758178711, 1514.4979248, -105.366676331, 776.400939941, 247.837402344, 264.541748047, -47.4626808167, 160.615936279, -37.021938324, 127.084976196, -31.0460014343], [-759.870727539, 290.336364746, 133.267700195, -105.366676331, 485.652923584, -75.1607894897, -9.13249397278, 30.3182182312, 2.897585392, -19.2124710083, 20.4798774719, -8.3473443985, 0.102775767446], [2933.11938477, -1208.34326172, 730.186462402, 776.400939941, -75.1607894897, 909.138305664, 163.103729248, 285.546844482, 13.6158809662, 249.094360352, 43.9403381348, 162.475234985, -2.04140257835], [629.692504883, -155.763565063, 187.053543091, 247.837402344, -9.13249397278, 163.103729248, 285.537963867, 50.9005775452, 41.4946708679, 55.9577445984, 24.5378017426, 46.9534416199, -4.24638271332], [1048.30236816, -444.871917725, 309.828430176, 264.541748047, 30.3182182312, 285.546844482, 50.9005775452, 234.362365723, 27.6705474854, 111.955978394, 30.0656528473, 70.2898101807, 14.5265865326], [-266.801818848, 54.8927688599, 69.1890335083, -47.4626808167, 2.897585392, 13.6158809662, 41.4946708679, 27.6705474854, 156.370941162, 55.2221488953, 41.6554908752, 17.5045757294, 17.7612247467], [803.318054199, -434.964477539, 356.746795654, 160.615936279, -19.2124710083, 249.094360352, 55.9577445984, 111.955978394, 55.2221488953, 201.812240601, 59.8303756714, 82.5003738403, 1.00059056282], [-113.568031311, 11.7240543365, 57.0080871582, -37.021938324, 20.4798774719, 43.9403381348, 24.5378017426, 30.0656528473, 41.6554908752, 59.8303756714, 109.14944458, 26.3777046204, 10.8663949966], [565.780029297, -353.638458252, 247.9896698, 127.084976196, -8.3473443985, 162.475234985, 46.9534416199, 70.2898101807, 17.5045757294, 82.5003738403, 26.3777046204, 124.069061279, 32.2105484009], [-278.177307129, -6.4383854866, 10.7348423004, -31.0460014343, 0.102775767446, -2.04140257835, -4.24638271332, 14.5265865326, 17.7612247467, 1.00059056282, 10.8663949966, 32.2105484009, 83.2678833008]]}, "spectral_energyband_middle_low": {"dmean2": 0.00374797265977, "median": 0.00482999440283, "min": 1.75377410747e-22, "dvar2": 5.51458469999e-05, "dvar": 1.84216441994e-05, "dmean": 0.00220672716387, "max": 0.0582874119282, "var": 2.63720921794e-05, "mean": 0.00593820586801}, "melbands_crest": {"dmean2": 5.13559007645, "median": 17.9087638855, "min": 1.54516375065, "dvar2": 30.7169914246, "dvar": 12.5795478821, "dmean": 3.19321680069, "max": 37.6218681335, "var": 56.0641708374, "mean": 17.791885376}, "spectral_kurtosis": {"dmean2": 6.82948493958, "median": 3.73375463486, "min": -1.28554987907, "dvar2": 261.748718262, "dvar": 89.165977478, "dmean": 4.09606933594, "max": 291.382385254, "var": 347.949523926, "mean": 9.53191661835}, "spectral_rms": {"dmean2": 0.00102414342109, "median": 0.0062514571473, "min": 3.1136501797e-12, "dvar2": 1.686121891e-06, "dvar": 7.79018989761e-07, "dmean": 0.00065720785642, "max": 0.0119956806302, "var": 6.3817847149e-06, "mean": 0.00574306817725}, "zerocrossingrate": {"dmean2": 0.0101787783206, "median": 0.04833984375, "min": 0.001953125, "dvar2": 0.000198596317205, "dvar": 0.000132357658003, "dmean": 0.0087550682947, "max": 0.52734375, "var": 0.00293444260024, "mean": 0.0575000084937}, "silence_rate_60dB": {"dmean2": 0.0170119348913, "median": 0, "min": 0, "dvar2": 0.019329290837, "dvar": 0.00842979457229, "dmean": 0.00850538443774, "max": 1, "var": 0.0701030939817, "mean": 0.0758573412895}, "erbbands_kurtosis": {"dmean2": 1.42675411701, "median": 0.469207286835, "min": -1.78477454185, "dvar2": 3.32627487183, "dvar": 1.49963772297, "dmean": 0.914348781109, "max": 30.8206176758, "var": 4.46966981888, "mean": 1.00594043732}, "erbbands": {"dmean2": [0.373030841351, 2.22570967674, 4.80639028549, 4.29295825958, 4.70866966248, 2.59639883041, 2.88812756538, 5.1420674324, 7.7251291275, 12.55448246, 15.7318239212, 27.0514507294, 26.1432723999, 47.618637085, 32.672870636, 29.1488208771, 52.1853561401, 28.806848526, 46.2371406555, 21.0281124115, 23.9067134857, 22.0574893951, 24.0448188782, 22.6675739288, 25.0391273499, 16.5451812744, 14.5742254257, 10.6359357834, 11.2757301331, 8.54063606262, 5.06678628922, 2.48378276825, 1.20618784428, 0.871937215328, 0.382129907608, 0.142235293984, 0.0457503199577, 0.0125340530649, 0.00218248530291, 0.000164712429978], "median": [0.348607897758, 1.78238022327, 1.60878038406, 1.30650043488, 0.649607419968, 0.795415878296, 1.92184090614, 2.56254696846, 4.01776027679, 8.83464622498, 10.7899713516, 19.6264762878, 20.3300476074, 29.3327560425, 19.2869720459, 25.8223991394, 49.3227157593, 23.242231369, 22.8716926575, 11.039399147, 10.2359790802, 9.52850818634, 9.53518486023, 7.59939432144, 7.4905667305, 7.53838634491, 7.03566360474, 5.11846351624, 4.67257499695, 2.89577960968, 1.53459715843, 0.878945827484, 0.415860891342, 0.216194733977, 0.0740421414375, 0.0222335159779, 0.00664157047868, 0.00196259119548, 0.000368128967239, 8.16250103526e-05], "min": [5.93835872333e-23, 3.03343725732e-22, 1.24652362072e-21, 2.07086403109e-21, 1.17703964147e-20, 2.65290861898e-20, 4.15972747999e-20, 9.32870190277e-20, 8.31691784195e-20, 1.43773244545e-19, 1.98794688103e-19, 2.55769363581e-19, 4.61035886948e-19, 6.60122337162e-19, 8.289406978e-19, 1.09482058661e-18, 1.81276858716e-18, 1.93218699783e-18, 2.08117587463e-18, 2.48664078575e-18, 3.4176143672e-18, 4.06547525105e-18, 4.58110283538e-18, 4.74541316508e-18, 5.78494634371e-18, 7.74118878773e-18, 8.34047204254e-18, 9.79603116077e-18, 1.06890975363e-17, 1.11119861798e-17, 9.2087693218e-18, 1.11974868767e-17, 9.04172929608e-18, 7.91199579396e-18, 6.65538312563e-18, 3.75482550406e-18, 2.30002366968e-18, 9.58632122994e-19, 2.38347647411e-19, 2.541832803e-20], "dvar2": [0.364909440279, 13.8471193314, 180.950836182, 119.21446991, 204.15725708, 36.1893806458, 25.9447612762, 91.046081543, 168.099807739, 651.324401855, 978.011779785, 2549.60351562, 1667.06115723, 6666.32470703, 3758.87475586, 2834.9440918, 5709.14111328, 2393.49267578, 8691.03320312, 1672.24182129, 2417.62548828, 1944.92724609, 2103.99023438, 2116.89941406, 2756.55151367, 1070.02868652, 623.193908691, 415.93649292, 503.75201416, 225.902587891, 91.0656433105, 19.4252548218, 4.87713813782, 4.1524271965, 0.822780311108, 0.111385829747, 0.0130239911377, 0.00147085951176, 2.75126985798e-05, 3.28577783648e-07], "dvar": [0.162092626095, 5.8602180481, 68.3683242798, 43.3958358765, 67.6257553101, 12.1340456009, 9.74282550812, 42.0006713867, 79.6438980103, 258.892303467, 423.094360352, 1072.37902832, 704.24621582, 2795.94018555, 1790.94555664, 1395.1105957, 2460.7578125, 972.892578125, 3312.95483398, 729.524108887, 958.94317627, 764.196777344, 827.827941895, 996.077453613, 1270.49780273, 426.965393066, 316.257568359, 235.107452393, 255.651626587, 111.050163269, 45.3786354065, 12.1996259689, 3.21376609802, 2.39912509918, 0.4745400846, 0.0636202543974, 0.00706485798582, 0.0006598707987, 1.27438916024e-05, 1.53750292498e-07], "dmean": [0.244447544217, 1.44704008102, 2.81612062454, 2.48214244843, 2.58138513565, 1.46352684498, 1.74071121216, 3.17852687836, 4.91555976868, 7.88044548035, 9.92612266541, 17.4877967834, 16.4328937531, 30.0908718109, 21.0542602539, 19.0850200653, 32.709274292, 17.9064006805, 28.0341892242, 12.9464654922, 14.4522018433, 13.5337104797, 14.8677492142, 14.1816577911, 16.1813621521, 10.1541566849, 9.54216384888, 7.72202205658, 7.43865823746, 5.85950613022, 3.50787472725, 1.81938147545, 0.897032797337, 0.658550441265, 0.288808465004, 0.103407748044, 0.0326893888414, 0.00841965898871, 0.00146876752842, 0.000112505767902], "max": [4.2420372963, 27.0696926117, 108.911598206, 99.4794006348, 109.428985596, 54.6961364746, 70.1217498779, 199.62272644, 233.396728516, 671.514587402, 542.391723633, 799.106567383, 764.021484375, 1054.27148438, 815.220031738, 1212.28930664, 1339.79980469, 826.193969727, 1531.79211426, 841.353027344, 672.456237793, 565.577270508, 529.019714355, 750.512145996, 533.979736328, 270.152282715, 391.09854126, 259.115386963, 237.552688599, 219.031082153, 106.106712341, 56.3505134583, 28.6247234344, 16.720205307, 10.4800214767, 4.02241611481, 1.34169900417, 1.20580875874, 0.13703006506, 0.0170749966055], "var": [0.635918438435, 23.9094390869, 55.48097229, 41.2346916199, 44.846118927, 10.260638237, 15.5020923615, 107.417076111, 271.724884033, 1412.68591309, 1168.74865723, 3623.95483398, 1950.76794434, 6015.25878906, 4586.09619141, 4027.9831543, 7471.88134766, 2302.97436523, 8110.33886719, 1581.96447754, 2183.19580078, 1535.67858887, 1793.75170898, 1889.33947754, 2458.69213867, 877.625244141, 814.256530762, 654.704223633, 579.132385254, 292.68838501, 111.981620789, 34.1690101624, 9.35681056976, 4.7568025589, 0.970422685146, 0.123746387661, 0.0129762021825, 0.0018966763746, 5.41226254427e-05, 6.13217423506e-07], "mean": [0.660888850689, 4.0569934845, 3.81113386154, 3.41152405739, 2.56995797157, 1.82966470718, 3.10035252571, 5.79444503784, 10.1036701202, 19.1457843781, 22.3011722565, 37.7496681213, 33.8677558899, 54.0987701416, 42.2062530518, 42.9244804382, 72.9903106689, 37.6715011597, 51.9720802307, 25.2554321289, 27.1084079742, 26.1882381439, 27.3506031036, 24.8570842743, 27.3696746826, 18.8669147491, 18.1203861237, 14.9127216339, 13.8375082016, 10.734618187, 6.33981657028, 3.42950320244, 1.72048199177, 1.05806136131, 0.461554944515, 0.158891186118, 0.0487857796252, 0.0154932932928, 0.00343403662555, 0.000304313929519]}, "spectral_strongpeak": {"dmean2": 0.687735319138, "median": 0.532792925835, "min": 0, "dvar2": 1.5880023241, "dvar": 0.622475147247, "dmean": 0.399699747562, "max": 10.5666570663, "var": 1.12530636787, "mean": 0.876328229904}, "spectral_energy": {"dmean2": 0.0139787038788, "median": 0.040057733655, "min": 9.93718888606e-21, "dvar2": 0.00036581364111, "dvar": 0.000159305040142, "dmean": 0.00886838510633, "max": 0.147493764758, "var": 0.000763122341596, "mean": 0.0403486937284}, "average_loudness": 0.902761220932, "spectral_rolloff": {"dmean2": 631.666015625, "median": 1184.32617188, "min": 21.533203125, "dvar2": 814419.1875, "dvar": 407026.09375, "dmean": 389.74798584, "max": 19530.6152344, "var": 4185874, "mean": 1575.34118652}, "spectral_centroid": {"dmean2": 356.59552002, "median": 1598.34448242, "min": 120.481658936, "dvar2": 206461.046875, "dvar": 104546.695312, "dmean": 239.186187744, "max": 11718.1865234, "var": 1396676.25, "mean": 1738.57397461}, "pitch_salience": {"dmean2": 0.112182736397, "median": 0.462835222483, "min": 0.0948838368058, "dvar2": 0.0142742926255, "dvar": 0.00568229192868, "dmean": 0.0701027289033, "max": 0.988103032112, "var": 0.0209471322596, "mean": 0.461552381516}, "spectral_energyband_middle_high": {"dmean2": 0.00346007174812, "median": 0.00646790117025, "min": 1.15869525541e-21, "dvar2": 2.36194009631e-05, "dvar": 1.05426115624e-05, "dmean": 0.00225376780145, "max": 0.0437197238207, "var": 4.93924053444e-05, "mean": 0.00836245063692}, "spectral_contrast_coeffs": {"dmean2": [0.0771893039346, 0.0652090832591, 0.0617611333728, 0.0512083247304, 0.0360047630966, 0.0365856699646], "median": [-0.683676600456, -0.751796960831, -0.742419540882, -0.759091615677, -0.786957025528, -0.736636042595], "min": [-0.978621721268, -0.998907923698, -0.99678170681, -0.988449215889, -0.984758198261, -0.979920625687], "dvar2": [0.0044263494201, 0.00289906444959, 0.00248516630381, 0.00177661527414, 0.00086977367755, 0.00119252735749], "dvar": [0.00168435683008, 0.00111962237861, 0.000997391296551, 0.000705061887857, 0.000371748756152, 0.000554288795684], "dmean": [0.0466661080718, 0.0398205406964, 0.038360003382, 0.0315243303776, 0.0222756657749, 0.0244238898158], "max": [-0.348299860954, -0.467465013266, -0.458086162806, -0.537980556488, -0.481513291597, -0.502229213715], "var": [0.00718647241592, 0.00435157259926, 0.00456303032115, 0.00351211614907, 0.00271525024436, 0.00518667791039], "mean": [-0.681351959705, -0.749323368073, -0.740185499191, -0.758136332035, -0.783102929592, -0.736754179001]}, "melbands_skewness": {"dmean2": 1.05456328392, "median": 1.87722492218, "min": -2.22497153282, "dvar2": 1.85270273685, "dvar": 0.855159938335, "dmean": 0.687282323837, "max": 14.1717376709, "var": 3.80041384697, "mean": 2.2858247757}, "spectral_spread": {"dmean2": 700578, "median": 3975971, "min": 328301.09375, "dvar2": 1210663829500.0, "dvar": 721732632576, "dmean": 495773.78125, "max": 42872684, "var": 16920647565300.0, "mean": 4263336.5}, "dissonance": {"dmean2": 0.0323734693229, "median": 0.475157827139, "min": 0, "dvar2": 0.00126492639538, "dvar": 0.000469176506158, "dmean": 0.0191751439124, "max": 0.500000119209, "var": 0.00101760053076, "mean": 0.46610814333}, "spectral_skewness": {"dmean2": 0.599056839943, "median": 1.3540199995, "min": -0.0734859183431, "dvar2": 0.871488511562, "dvar": 0.314860582352, "dmean": 0.378091961145, "max": 13.3850593567, "var": 1.48804616928, "mean": 1.72996389866}, "spectral_flux": {"dmean2": 0.040819581598, "median": 0.0773753076792, "min": 6.36451585878e-11, "dvar2": 0.00238153687678, "dvar": 0.00111988303252, "dmean": 0.0261615850031, "max": 0.359053164721, "var": 0.00301640247926, "mean": 0.0852012932301}, "spectral_contrast_valleys": {"dmean2": [0.680698633194, 0.554513037205, 0.511693716049, 0.475137472153, 0.436157047749, 0.530815601349], "median": [-7.20163488388, -6.75925064087, -6.84606266022, -7.35108089447, -7.32547140121, -9.97957420349], "min": [-28.2209358215, -28.1930656433, -27.7767677307, -27.7764759064, -27.5989189148, -27.4127483368], "dvar2": [0.388716995716, 0.28274077177, 0.255725502968, 0.27643674612, 0.312553733587, 0.432551264763], "dvar": [0.192867830396, 0.134614244103, 0.126836657524, 0.137603461742, 0.176909059286, 0.235690742731], "dmean": [0.41896161437, 0.336427122355, 0.311917871237, 0.291584163904, 0.297003865242, 0.378520220518], "max": [-5.16716957092, -5.05623483658, -5.01286363602, -5.54252910614, -5.26537656784, -7.86186170578], "var": [6.70843887329, 4.95741987228, 5.12400388718, 5.14767360687, 6.2127366066, 7.24841451645], "mean": [-7.85876369476, -7.0488114357, -7.20154285431, -7.68951416016, -7.86773395538, -10.8738279343]}, "erbbands_flatness_db": {"dmean2": 0.0248104203492, "median": 0.16720443964, "min": 0.0443912409246, "dvar2": 0.000694553251378, "dvar": 0.000418492825702, "dmean": 0.017285708338, "max": 0.525922775269, "var": 0.00819343328476, "mean": 0.193227365613}, "spectral_energyband_high": {"dmean2": 0.000908896967303, "median": 0.000624778447673, "min": 6.92396943954e-21, "dvar2": 2.4420378395e-06, "dvar": 1.4383024336e-06, "dmean": 0.000656402611639, "max": 0.0141093628481, "var": 4.67475865662e-06, "mean": 0.00151165062562}, "spectral_entropy": {"dmean2": 0.205278068781, "median": 7.70317840576, "min": 4.9514040947, "dvar2": 0.0573007129133, "dvar": 0.0316032618284, "dmean": 0.143117561936, "max": 9.82566452026, "var": 0.413698911667, "mean": 7.56962013245}, "silence_rate_20dB": {"dmean2": 0, "median": 1, "min": 1, "dvar2": 0, "dvar": 0, "dmean": 0, "max": 1, "var": 0, "mean": 1}, "melbands_flatness_db": {"dmean2": 0.0388048328459, "median": 0.217465981841, "min": 0.00340481032617, "dvar2": 0.00194331957027, "dvar": 0.000910873699468, "dmean": 0.0258626360446, "max": 0.702652752399, "var": 0.00833803415298, "mean": 0.226451560855}, "barkbands": {"dmean2": [0.00275280955248, 0.00991753861308, 0.00404030131176, 0.00163234304637, 0.000939839344937, 0.000511375605129, 0.000611594005022, 0.000825270311907, 0.00103875552304, 0.00139149045572, 0.000781284819823, 0.000620747043286, 0.00113669363782, 0.000537512649316, 0.000828563002869, 0.000421082368121, 0.000489693367854, 0.000431529158959, 0.000497016706504, 0.000340976053849, 0.000293439166853, 0.000328477588482, 0.000186681718333, 8.92881289474e-05, 6.34574025753e-05, 2.7735479307e-05, 1.3715910427e-05], "median": [0.000316874997225, 0.0112744886428, 0.000828671094496, 0.000250027020229, 0.000251601479249, 0.000293798570056, 0.000298031722195, 0.000553348916583, 0.000721398508176, 0.000899090431631, 0.000331967195962, 0.000439675466623, 0.00104415428359, 0.000187576573808, 0.000374141323846, 0.000166696176166, 0.000180122879101, 0.000151479165652, 0.000138996736496, 0.000142857636092, 0.000145175654325, 0.000135304348078, 5.36675361218e-05, 3.18590391544e-05, 1.50541818584e-05, 4.3862955863e-06, 2.05790706787e-06], "min": [2.69551306124e-25, 8.74033428297e-25, 4.67644781135e-25, 4.77982753995e-25, 8.30173077511e-24, 9.11941192464e-24, 5.19677109672e-24, 8.1923370668e-24, 1.17726335611e-23, 1.1831202539e-23, 8.67292769634e-24, 2.71394278469e-23, 2.52207982186e-23, 3.2374365612e-23, 4.58634863499e-23, 6.18686189916e-23, 5.9108350508e-23, 8.98084440456e-23, 7