{"metadata": {"tags": {"releasecountry": ["US"], "musicbrainz_releasetrackid": ["b74bcdd2-0155-36e6-8d5e-63a2719d3836"], "genre": ["Country > Singer/Songwriter"], "initialkey": ["5B"], "disctotal": ["1"], "musicbrainz_albumartistid": ["3faa019a-ad91-4ddf-87d5-fdcbdfd8327c"], "album": ["Ultimate Collection"], "grouping": ["Country"], "script": ["Latin"], "albumartistsort": ["Walker, Jerry Jeff"], "acoustid_id": ["b81fd119-9d6f-4f3c-984e-5ab8ff4d1c38"], "musicbrainz_artistid": ["3faa019a-ad91-4ddf-87d5-fdcbdfd8327c"], "musicbrainz_releasegroupid": ["68212ad2-40a1-33e5-8812-8342cc908e2d"], "musicbrainz_recordingid": ["06fff6cd-6bab-4406-85ca-31b98e430d8f"], "albumartist": ["Jerry Jeff Walker"], "bpm": ["157.000000"], "artist": ["Jerry Jeff Walker"], "musicbrainz_albumid": ["84d897ba-f9c7-4066-a01a-930b3b65f24f"], "artistsort": ["Walker, Jerry Jeff"], "title": ["I Ain't Livin' Long Like This"], "tracknumber": ["20"], "tracktotal": ["20"], "language": ["English"], "compilation": ["1"], "acoustid_fingerprint": ["AQADtFKYhrrgE7EPWcSNV8dlHD5wPMCJH2oDa7iP_DB_VJJ2nB9qZUEaE0d7XEdPiLlUPAtRLTZulEczPMlQC_6hD86iHBp3nJqM0Tn6o6mIi_lwHc2hScxy3HjQPDgDccQlHD_8QDvao7Fx9ehhhQy2L5AlDbvgXdClEMeRKzp8VA_qwXSCXIPPQCfxH76Io8c_Q4uL0GKOloOfGH2OKR9aPEk5dJGkGL7R33gUXC-eIw8dtCOU4T2Cy-hT5BlOQmiXHT_mTsUn-MckRwm-HAj7w1sY_PAtPGWHExejBumhHykXHrU-lHfQ7LhyfEeeQ_typCee5TiOvPCPyZDZGOcOLUdLGhf65vAkHiWzBD007ThjdNthhw-0H28_BM2H8sF_5EejEJWz45pilEdzCZfCIz9m3BqYebhknAtC8tB-OE9QK3vw8MJz_NDiZIKUlcF57DwasahOnEfzK9CJ-4h89AU7CU0dtESPKV8-nEd4mMuCnkQkGw-NTM5y9MN1TBoHsbfwtMhLC1fwH3deuCJCkjkuaInIGD3RiRAd_A_-4IFO42Rwzhif48d9-Ee1Hj3MH-VxaM8KX0EfHg_CUziPH_mHBy4qPRXkH9-OtvCP-UiPD3VC4Y9xVIfVLBZqPDlu9A_CQN-SI1ewo_lk9MGLK0fzIJJM4cyhG32hS8J15MfD7PDT4ch1iCPOID8s_cg3WdgD_TB34Tn67HhaaMkv9HiO_MNl4RzC5CEupvgPh8LhivjxGjm-4Td-8NtB7ccjHFc7-Me-4kR4nD2-oyR87CJyJcrBSUh19EoxkYQW8sKlJzj6fAgTaziiH1eC84KUHOWL8DmaHUd8C7peoeTR9PjRXCil7NCP82jHo4kD3XiOPoR44j2cHe_hPYVWFauP8vBT6AtxHrUulPrQHGcO7SHMOHizHGlo5LA16Avy6NiC7sYVJcWH5jr4MHiw6bgY2GGM87hyof8Q_5CLSwnyC238Cs3KGD8i3cKnDNoDchJyBtHxcIfOLOgPC88DRZb04JMQWkfzLCGOumgoLRWeX8jRPAs0icjR7_CLwy_CZ4eOfJhUDbcUHFtETFyPIw80Hn4x_vhhUTyqbcMfHOHzwE5hfIGrIvzRt2ieQ3l2hDq8FV0eHEcLO3iUI61xeN0F_YG1CT8O88aPQ70EP9PRCuEa_ILdBCdCK9CP7jkcE2GJ2hfsBFeDFH5oaJSQC5eiXGiO8C50PKiu4XIF60eyX8eN8hSsH7_gJmvxDPmh46cEc0SlJ8WTC5qVE82D_zgDbYrwFQ7FOPjxHB80cgm-iEaeHF3gF0elEeiRPtAl-DPCLnrQB80sFT8mHnbUIsfZC2Ki5-iFH81R5iOO5jP64EZOZcOF_gtSzcJ-2OHx7BCZ44So-UKFPof4wBxx5IGp4maQhvgIPUYoKhPxBie67kjT5ugz6JHQBqkbhGR21Dp8psIzVLTxQ38R3tiO-4d_9OA-5BPe5ENHZTccEyGuoz3SF_VxHfpmDyWYvMOP61XRF-ISGTnhXzgX7LA1OEf34-KHHyFP-DweIt0xtlxwpGoW8D1UR4cn8UEu-ApK4T2-F5YXsLeIfA_6QLnwIrSiCOex59iHHj6OPA_EZ8cfpLqK2zgPV8cRWikUrUS-5Him42MOeN1hU8XwoxkzI_6hB5GeHn5w_bhCXMSDTguRQ_OD_LATHhfc49vQE7UKz3jo4XnwHxf64KgcwlaQUDvCKzl-NHWOPjk67fhTvMmQ_tCPME9xDv3hJM9R_eiROkuM5xD3HOEzHV-OqiEyJT_afId2NC-CsNDSLcaPcuGD9CP8IzM53JCPHN9Cwz_ypIROPUg5puiPyof5oGMyMM-D5sgdQ-dxtBa-g0_QKplR6xDPHPfQHze02GiXodaF9C1Iw4xz9IrRh8cZOMdx5MczwT8ew49x0aDOoJM-1MPJGI5I1MN3lGsOLefxG52lg81RdTJO6OilFOlnVDiPS0RJGvFV4cdFCZZy5ES_C32PJjRuoY9iWI_wF80z40bJXDCRnMiLH8yL48HxE3mP7-gPMVoi4Ud-lMePFu8lOEfYHTr6HD6DPHnw47dgvsSR4zi0PTFOoOrhZ8EPkQ_eHM_wC8cz6HjwDNaEM_Cz4zx-2IlglR7uIx9uYN_wRcvhF-Gy5HgKHa3g59AlxjhOuAqu4w4eQTzOQQ8eRH0suBvYT_hxvKgr5Ax05HnwN-hDo1mX4j0yaD_COCn6w5rQLjh8HLkiNKIPTT-OhsvAPFmCo2dgcjgP53nQaYeOS_AOPsg3ROgi4z7ESdmF4q6hR0P4LMG1w_uBFj_WaNPRpC7KGzn0F43DYNKBx3hwAMEUAkoigRSRBBjhgBACEUaYAMIKpAAiCBAGADEKCUABM4wCRBxQSggImAIIGQQAAEg5QYAwghCEBGAEIKaIIkAJgoRAhCgAAEGCGWUQMEQgYgxSRAAlHGKGAIUQEAIBxgQDAAgBiECMGAOIgAQAg4wgQhjDiCMGGOAAAkgBKLAAjGjBhEUGKICMAAAAJYABRDBEjBFSCKQYIQARUQQw1BFkhHBKEAcQAoIgIow1zAokhCFACMMQMVAYIAgTADEGGBRCCAeEFE4AZZhgCDlIgBJEgCuUSk4RCIRgxCkgFZMKIEQFEdIQgsBwxBjDgCCCEWoEMIAxI5ARSkgJgGACECMIRMAQpBQhQAiwCCLIECGYAUwgaAQxBCFAiRJAAAGAAgwBhQAVAkigCAEICEKIMIEpCIAhBlBgBTICEQSAssIxJhgAAgMqAMIAAIaYkIQAAggBSiniiAGACCQMYMRAIgUBCAEEDCLEESocQAY4hYQSiglCgADAMEQCEoAaQAAUghngBECIKWCgMkAIARhglhnFEDBESA1IAQAhIZxRRDlDAFCCIUeIAMY4BQSjTDghPAHIIIGQEpYoY4ASCgJABCHKKEUVYMAAgJwBAghAAEBAGaaQEA4QphQRAgmkCGAMAIKIAEABgIwCggCkGAFCCaMEMYABIokCCCAFkEAIEIQAQMgIJZBRBgghEEJAEAAYAFQxhYhBCCBikAAEGCCIF4IgQRQGVhAgABAECGAhYFAIJp1CwhiliDDMEUoUAEoKA5BhDBjBhHWEOMAMAIYJaRmijAEAFDAAMSUAAYYCQABhRiGmjUIEIQWVAoQRBAQSSgGLmBGEMMAEAwYoTwghCgAhADFCSAGEEgQYYwI"], "file_name": "20-I Ain't Livin' Long Like This.flac", "discnumber": ["1"]}, "audio_properties": {"sample_rate": 44100, "downmix": "mix", "lossless": true, "analysis_sample_rate": 44100, "md5_encoded": "912464818200a91accac8c598338b4f3", "equal_loudness": 0, "replay_gain": -9.24170303345, "codec": "flac", "bit_rate": 0, "length": 185.800003052}, "version": {"extractor": "music 1.0", "essentia_build_sha": "70f2e5ece6736b2c40cc944ad0e695b16b925413", "essentia_git_sha": "v2.1_beta2", "essentia": "2.1-beta2"}}, "rhythm": {"beats_loudness_band_ratio": {"dvar2": [0.0717125087976, 0.0289786700159, 0.0109431808814, 0.00843277946115, 0.0169262290001, 0.0090542929247], "var": [0.0333966389298, 0.0137237980962, 0.00568081531674, 0.0042912485078, 0.0122180869803, 0.00305353244767], "min": [0, 0, 0, 0, 0, 0], "dmean": [0.22975717485, 0.131398364902, 0.0668856725097, 0.0501611977816, 0.0808955729008, 0.0654577761889], "mean": [0.396813064814, 0.201602309942, 0.120048172772, 0.0911030769348, 0.161834537983, 0.0725119113922], "max": [0.854365408421, 0.698643624783, 0.493069022894, 0.482502818108, 0.761051893234, 0.417742341757], "dmean2": [0.421201020479, 0.233805194497, 0.114916726947, 0.0869979858398, 0.138049781322, 0.126820862293], "median": [0.371067106724, 0.181632250547, 0.101191230118, 0.0740335285664, 0.133963689208, 0.0575535446405], "dvar": [0.0215477515012, 0.00968819204718, 0.00387011258863, 0.00313068111427, 0.00626283837482, 0.00285829254426]}, "bpm_histogram_first_peak_weight": {"dvar2": 0, "var": 0, "min": 0.621621608734, "dmean": 0, "mean": 0.621621608734, "max": 0.621621608734, "dmean2": 0, "median": 0.621621608734, "dvar": 0}, "bpm": 155.408447266, "beats_count": 482, "bpm_histogram_first_peak_spread": {"dvar2": 0, "var": 0, "min": 0.180821895599, "dmean": 0, "mean": 0.180821895599, "max": 0.180821895599, "dmean2": 0, "median": 0.180821895599, "dvar": 0}, "danceability": 1.2385238409, "bpm_histogram_first_peak_bpm": {"dvar2": 0, "var": 0, "min": 157, "dmean": 0, "mean": 157, "max": 157, "dmean2": 0, "median": 157, "dvar": 0}, "beats_position": [0.406349211931, 0.824308395386, 1.26548755169, 1.70666658878, 2.11301589012, 2.50775504112, 2.90249419212, 3.28562355042, 3.66875267029, 4.06349182129, 4.446621418, 4.82975053787, 5.21287965775, 5.59600877762, 5.97913837433, 6.3622674942, 6.74539661407, 7.11691617966, 7.50004529953, 7.8831744194, 8.25469398499, 8.62621307373, 9.0093421936, 9.39247131348, 9.77560043335, 10.1471195221, 10.5302495956, 10.9133787155, 11.2965078354, 11.6796369553, 12.0627660751, 12.445895195, 12.8290243149, 13.2121543884, 13.5952835083, 13.9784126282, 14.361541748, 14.7446708679, 15.1161899567, 15.4993190765, 15.8824491501, 16.2655773163, 16.6487064362, 17.031835556, 17.4149665833, 17.786485672, 18.1580047607, 18.5411338806, 18.9242630005, 19.3073921204, 19.6905212402, 20.0736503601, 20.45677948, 20.8282985687, 21.1998176575, 21.5829467773, 21.9660758972, 22.3375968933, 22.7323360443, 23.1038551331, 23.4869842529, 23.8701133728, 24.2416324615, 24.6247615814, 25.0078907013, 25.4026298523, 25.7857589722, 26.168888092, 26.5520172119, 26.9351463318, 27.3182754517, 27.7014045715, 28.0729255676, 28.4560546875, 28.8391838074, 29.2107028961, 29.6054420471, 29.988571167, 30.3717002869, 30.7548294067, 31.1263484955, 31.5094776154, 31.9042167664, 32.2989578247, 32.6936950684, 33.0768241882, 33.4599533081, 33.8314743042, 34.2262115479, 34.5977325439, 34.9808616638, 35.3639907837, 35.7587280273, 36.1418571472, 36.5249862671, 36.908115387, 37.2912483215, 37.6743774414, 38.0575065613, 38.4522438049, 38.8469848633, 39.2301139832, 39.613243103, 40.0079803467, 40.402721405, 40.7858505249, 41.1689796448, 41.5521087646, 41.9352378845, 42.3183670044, 42.7014961243, 43.0962333679, 43.4909744263, 43.8741035461, 44.257232666, 44.6519737244, 45.046710968, 45.4298400879, 45.8129692078, 46.2077102661, 46.590839386, 46.9739685059, 47.3570976257, 47.7402267456, 48.1349639893, 48.5180931091, 48.901222229, 49.2727432251, 49.655872345, 50.0390014648, 50.4105224609, 50.7820396423, 51.1767807007, 51.5482978821, 51.931427002, 52.3145561218, 52.6860771179, 53.0808143616, 53.4639434814, 53.8470726013, 54.2302017212, 54.6133308411, 54.9964599609, 55.3795890808, 55.7511100769, 56.1458511353, 56.5173683167, 56.9004974365, 57.2836265564, 57.6551475525, 58.0498847961, 58.4214057922, 58.8161430359, 59.187664032, 59.5824012756, 59.9539222717, 60.3486595154, 60.7317886353, 61.1149177551, 61.4864387512, 61.8811798096, 62.2759170532, 62.6706581116, 63.0537872314, 63.4369163513, 63.8200454712, 64.2031707764, 64.5863037109, 64.9694290161, 65.3641738892, 65.7472991943, 66.1304321289, 66.5135574341, 66.8966903687, 67.2914276123, 67.6629486084, 68.0576858521, 68.4524230957, 68.8471679688, 69.2419052124, 69.6250305176, 70.0081634521, 70.4029006958, 70.7744216919, 71.1575469971, 71.5406799316, 71.9238052368, 72.3069381714, 72.6784591675, 73.0615844727, 73.4447174072, 73.8162307739, 74.1993637085, 74.5824966431, 74.9772338867, 75.3603591919, 75.7434921265, 76.1382293701, 76.5329666138, 76.9044876099, 77.2992248535, 77.6823577881, 78.0654830933, 78.4602279663, 78.8433532715, 79.2264862061, 79.5979995728, 79.9927444458, 80.3874816895, 80.7822189331, 81.1769561768, 81.5717010498, 81.9664382935, 82.349571228, 82.7326965332, 83.1274337769, 83.5105667114, 83.8936920166, 84.2768249512, 84.6599502563, 85.0314712524, 85.414604187, 85.7977294922, 86.1692504883, 86.5523757935, 86.935508728, 87.3302459717, 87.7133789062, 88.0965042114, 88.4912490845, 88.8743743896, 89.2575073242, 89.6522445679, 90.035369873, 90.4185028076, 90.7900238037, 91.1847610474, 91.5678863525, 91.9510192871, 92.3341445923, 92.7172775269, 93.100402832, 93.4835357666, 93.8782730103, 94.2497940063, 94.6329269409, 95.0160522461, 95.3991851807, 95.7823104858, 96.1654434204, 96.5485687256, 96.9317016602, 97.3148269653, 97.6863479614, 98.0694732666, 98.4526062012, 98.8473434448, 99.2304763794, 99.6136016846, 99.9851226807, 100.368255615, 100.75138092, 101.134513855, 101.51763916, 101.889160156, 102.272285461, 102.655418396, 103.026939392, 103.410064697, 103.793197632, 104.176322937, 104.559455872, 104.942581177, 105.325714111, 105.708839417, 106.091972351, 106.463493347, 106.846618652, 107.229751587, 107.624488831, 108.007614136, 108.39074707, 108.785484314, 109.15700531, 109.528526306, 109.911651611, 110.294784546, 110.677909851, 111.061042786, 111.432563782, 111.815689087, 112.198822021, 112.581947327, 112.965080261, 113.348205566, 113.731338501, 114.102851868, 114.474372864, 114.857505798, 115.240631104, 115.623764038, 116.006889343, 116.378410339, 116.761543274, 117.144668579, 117.516189575, 117.887710571, 118.259223938, 118.630744934, 119.013877869, 119.397003174, 119.76852417, 120.140045166, 120.511566162, 120.883079529, 121.254600525, 121.626121521, 121.997642517, 122.380767822, 122.763900757, 123.158638, 123.541763306, 123.92489624, 124.308021545, 124.69115448, 125.074279785, 125.469024658, 125.852149963, 126.235282898, 126.618408203, 127.001541138, 127.384666443, 127.767799377, 128.150924683, 128.545669556, 128.92880249, 129.311920166, 129.706665039, 130.101409912, 130.484527588, 130.867660522, 131.262405396, 131.65713501, 132.040267944, 132.423400879, 132.806533813, 133.189651489, 133.584396362, 133.967529297, 134.350662231, 134.745391846, 135.12852478, 135.511657715, 135.906387329, 136.301132202, 136.672653198, 137.067382812, 137.462127686, 137.856872559, 138.228393555, 138.623123169, 139.006256104, 139.389389038, 139.772521973, 140.155639648, 140.550384521, 140.933517456, 141.316635132, 141.711380005, 142.094512939, 142.489242554, 142.872375488, 143.267120361, 143.650253296, 144.033370972, 144.416503906, 144.799636841, 145.182769775, 145.57749939, 145.960632324, 146.343765259, 146.726898193, 147.121627808, 147.504760742, 147.899505615, 148.282623291, 148.665756226, 149.04888916, 149.443618774, 149.826751709, 150.209884644, 150.604629517, 150.999359131, 151.394104004, 151.788833618, 152.160354614, 152.53187561, 152.926620483, 153.309753418, 153.692871094, 154.087615967, 154.470748901, 154.853881836, 155.24861145, 155.631744385, 156.014877319, 156.397994995, 156.78112793, 157.175872803, 157.559005737, 157.942123413, 158.313644409, 158.708389282, 159.091522217, 159.474639893, 159.846160889, 160.240905762, 160.635650635, 161.030380249, 161.413513184, 161.796646118, 162.179763794, 162.562896729, 162.934417725, 163.329162598, 163.712280273, 164.095413208, 164.478546143, 164.861679077, 165.233200073, 165.604721069, 165.987838745, 166.37097168, 166.765716553, 167.160446167, 167.543579102, 167.926712036, 168.309844971, 168.704574585, 169.08770752, 169.470840454, 169.85395813, 170.248703003, 170.631835938, 171.014968872, 171.398086548, 171.781219482, 172.164352417, 172.547485352, 172.930603027, 173.313735962, 173.696868896, 174.080001831, 174.463119507, 174.846252441, 175.229385376, 175.612518311, 176.007247925, 176.401992798, 176.785125732, 177.168243408, 177.551376343, 177.934509277, 178.32925415, 178.723983765, 179.107116699, 179.490249634, 179.873382568, 180.256500244, 180.639633179, 181.022766113, 181.405899048, 181.789016724, 182.16053772, 182.543670654, 182.926803589, 183.321533203, 183.704666138, 184.099411011, 184.494140625, 184.900497437, 185.306838989], "beats_loudness": {"dvar2": 0.000332376192091, "var": 0.000272412144113, "min": 1.28006286126e-11, "dmean": 0.0139851560816, "mean": 0.0336288698018, "max": 0.0719598457217, "dmean2": 0.0232577975839, "median": 0.0339303836226, "dvar": 0.000113749498269}, "bpm_histogram_second_peak_weight": {"dvar2": 0, "var": 0, "min": 0.21829521656, "dmean": 0, "mean": 0.21829521656, "max": 0.21829521656, "dmean2": 0, "median": 0.21829521656, "dvar": 0}, "bpm_histogram_second_peak_spread": {"dvar2": 0, "var": 0, "min": 0.0277777314186, "dmean": 0, "mean": 0.0277777314186, "max": 0.0277777314186, "dmean2": 0, "median": 0.0277777314186, "dvar": 0}, "bpm_histogram_second_peak_bpm": {"dvar2": 0, "var": 0, "min": 152, "dmean": 0, "mean": 152, "max": 152, "dmean2": 0, "median": 152, "dvar": 0}, "onset_rate": 4.73582458496}, "lowlevel": {"spectral_energyband_high": {"dvar2": 5.63736080039e-07, "var": 6.59352679122e-07, "min": 7.15212346239e-21, "dmean": 0.000340224331012, "mean": 0.00057257025037, "max": 0.00768182100728, "dmean2": 0.000470432918519, "median": 0.000237617758103, "dvar": 2.95957335084e-07}, "spectral_energyband_middle_low": {"dvar2": 0.00032474467298, "var": 0.000115631635708, "min": 2.0849223907e-22, "dmean": 0.00597794400528, "mean": 0.013234958984, "max": 0.111564822495, "dmean2": 0.0101371137425, "median": 0.0112558538094, "dvar": 0.000115008173452}, "spectral_energy": {"dvar2": 0.0010672257049, "var": 0.000445798708824, "min": 1.00446528954e-20, "dmean": 0.0101900259033, "mean": 0.0253225769848, "max": 0.18711848557, "dmean2": 0.016492895782, "median": 0.0219257622957, "dvar": 0.000399476470193}, "spectral_spread": {"dvar2": 1104103473150.0, "var": 5788897116160.0, "min": 1102783.25, "dmean": 529652.75, "mean": 3514484.75, "max": 45895160, "dmean2": 709821.75, "median": 3189672.75, "dvar": 554165796864}, "spectral_energyband_low": {"dvar2": 0.000474547065096, "var": 0.000150743348058, "min": 1.01688793408e-23, "dmean": 0.00533493142575, "mean": 0.00755717791617, "max": 0.135915696621, "dmean2": 0.00891904253513, "median": 0.00459105614573, "dvar": 0.00017573373043}, "spectral_rolloff": {"dvar2": 1076865.375, "var": 2781761.25, "min": 172.265625, "dmean": 487.353363037, "mean": 1781.46228027, "max": 19444.4824219, "dmean2": 813.713500977, "median": 1722.65625, "dvar": 465834.25}, "barkbands": {"dvar2": [5.2112465454e-08, 6.48625646136e-05, 0.000157918650075, 0.000140337026096, 3.31673727487e-05, 1.04365244624e-05, 4.10653638028e-06, 2.01454417947e-06, 1.74654201146e-06, 8.65176446041e-07, 1.01688704035e-06, 8.09253890566e-07, 8.48963054523e-07, 8.45055751597e-07, 5.42868690445e-07, 1.23833365251e-06, 4.43087174062e-06, 4.31626887121e-07, 1.35950642743e-07, 2.40551770503e-07, 6.48832738648e-08, 1.95872722486e-08, 1.64380669077e-08, 8.29809998493e-09, 2.48326914587e-09, 8.10379230387e-09, 1.0975627518e-08], "var": [3.37133236883e-08, 3.31215451297e-05, 3.34726682922e-05, 3.71884016204e-05, 1.24359858091e-05, 6.58410090182e-06, 3.97489020543e-06, 1.73633009126e-06, 1.87077637293e-06, 1.14529359507e-06, 1.41180703395e-06, 7.772333106e-07, 7.95799905973e-07, 1.01297439414e-06, 4.93126776746e-07, 1.05298045128e-06, 5.53262907488e-06, 3.48963538954e-07, 2.10468087403e-07, 3.07024464519e-07, 6.47870663784e-08, 1.42562450733e-08, 1.20560779138e-08, 7.36306882132e-09, 2.20267404316e-09, 5.83892045825e-09, 6.90248214141e-09], "min": [9.60665048224e-25, 2.61487510786e-24, 3.38891016123e-24, 1.99219154872e-25, 7.19846698953e-24, 1.54378122777e-23, 1.1277629654e-23, 1.94886682462e-23, 1.26259294139e-23, 2.30567476517e-23, 2.58333108461e-23, 2.43189172115e-23, 4.2019995092e-23, 5.26463143614e-23, 4.62205184847e-23, 8.30685994871e-23, 1.14065677067e-22, 1.24624258429e-22, 1.76707013715e-22, 2.07103604063e-22, 3.10840681122e-22, 3.7555181208e-22, 4.62644226962e-22, 7.43052547627e-22, 1.00435286488e-21, 1.40733048024e-21, 2.08456723921e-21], "dmean": [5.36775041837e-05, 0.00189379940275, 0.00259302835912, 0.00331331184134, 0.00212377565913, 0.001211714698, 0.000756351451855, 0.00047553164768, 0.000508030992933, 0.000263551919488, 0.000280501204543, 0.000293926976155, 0.000350203888956, 0.000340407947078, 0.000301157357171, 0.000430506392149, 0.000812090584077, 0.000257474021055, 0.000153057553689, 0.000193290659809, 0.000104291408206, 5.26190815435e-05, 4.22596676799e-05, 3.02984662994e-05, 1.74187862285e-05, 2.60482847807e-05, 2.82455366687e-05], "mean": [5.60663575015e-05, 0.00230415654369, 0.00280016218312, 0.00443425122648, 0.00356786604971, 0.00210704258643, 0.00127864489332, 0.000770884624217, 0.000931208312977, 0.000477529712953, 0.000488673511427, 0.00050012167776, 0.000600781175308, 0.000630871858448, 0.000532162433956, 0.000779311056249, 0.00157964334358, 0.000428228988312, 0.000284728972474, 0.000355990661774, 0.000178125759703, 6.89325970598e-05, 5.42127418157e-05, 3.77695905627e-05, 2.11395708902e-05, 2.64732443611e-05, 2.75742095255e-05], "max": [0.0022696016822, 0.0566915534437, 0.0772503167391, 0.0683839321136, 0.0402138084173, 0.0457788407803, 0.0315418690443, 0.0252817682922, 0.0213922876865, 0.0235863961279, 0.0225346535444, 0.0127657484263, 0.0104467859492, 0.0102652814239, 0.0086503373459, 0.0163022521883, 0.0215222276747, 0.00605048704892, 0.00680866697803, 0.00654745381325, 0.00267187831923, 0.00143853924237, 0.00184177234769, 0.00140670558903, 0.000450775347417, 0.000922120525502, 0.00122601247858], "dmean2": [7.52917621867e-05, 0.00290053430945, 0.0047087050043, 0.00575525918975, 0.00353584717959, 0.00194509711582, 0.00120395480189, 0.000758935580961, 0.000800597073976, 0.000410277658375, 0.000443578901468, 0.00046733795898, 0.000558288185857, 0.000536615494639, 0.000483129377244, 0.000686247833073, 0.00128121813759, 0.000402997655328, 0.000236382591538, 0.000287797738565, 0.000156947629876, 7.59917165851e-05, 6.24070962658e-05, 4.36835180153e-05, 2.49515796895e-05, 3.73472103092e-05, 4.1639948904e-05], "median": [5.07363893121e-06, 0.000754818902351, 0.00149432464968, 0.00278500560671, 0.00265848822892, 0.00141281541437, 0.000714003515895, 0.000339810358128, 0.000485556403873, 0.000186563804164, 0.000164477824001, 0.000220779562369, 0.000289001123747, 0.000275474274531, 0.000290800642688, 0.000431060994742, 0.000715874892194, 0.00022016990988, 0.000145810990944, 0.000138406190672, 7.00812888681e-05, 1.94905896933e-05, 1.43524503073e-05, 7.38275821277e-06, 3.16623550134e-06, 8.43575662657e-07, 3.61849544106e-07], "dvar": [2.62032333609e-08, 2.91014421236e-05, 5.45396251255e-05, 4.87968645757e-05, 1.16885703392e-05, 3.97636040361e-06, 1.73157093286e-06, 8.49130458391e-07, 7.43524537938e-07, 3.60667485211e-07, 4.40702535798e-07, 3.25880392893e-07, 3.4869844967e-07, 3.53276561782e-07, 2.18855646494e-07, 4.92280264552e-07, 1.80943072792e-06, 1.76863579782e-07, 5.90115192267e-08, 1.12451637335e-07, 2.92121065115e-08, 9.11859565633e-09, 7.67710872651e-09, 4.18934353874e-09, 1.3014533895e-09, 4.13352507778e-09, 5.33342392472e-09]}, "melbands_skewness": {"dvar2": 1.30875778198, "var": 1.37323486805, "min": -0.533237159252, "dmean": 0.626958012581, "mean": 2.37897181511, "max": 8.80792140961, "dmean2": 0.977605104446, "median": 2.16080021858, "dvar": 0.499204158783}, "barkbands_skewness": {"dvar2": 0.683215558529, "var": 0.932767271996, "min": -2.13585662842, "dmean": 0.486587673426, "mean": 1.23052191734, "max": 6.30196428299, "dmean2": 0.75837957859, "median": 1.0845553875, "dvar": 0.269999295473}, "erbbands": {"dvar2": [0.0356714166701, 5.73497867584, 157.284698486, 822.443237305, 1286.90661621, 220.122650146, 384.348571777, 834.156982422, 640.985229492, 1022.69110107, 947.052307129, 881.337158203, 898.084228516, 1100.19360352, 929.011108398, 1266.64331055, 1368.9597168, 1014.88293457, 1742.38684082, 2282.02783203, 4019.68286133, 13670.0908203, 1792.34216309, 385.640777588, 387.968536377, 615.33190918, 174.89906311, 86.8146209717, 29.3650894165, 20.4049911499, 10.1272172928, 5.9014415741, 1.68812048435, 0.422793328762, 0.118728742003, 0.0638070777059, 0.0337524153292, 0.0115099586546, 0.000362905644579, 4.79841389733e-07], "var": [0.0279506593943, 1.99972176552, 33.0863571167, 204.776596069, 311.495147705, 152.311798096, 193.854980469, 529.018066406, 603.131591797, 770.820007324, 899.618713379, 977.572143555, 880.811462402, 1866.58251953, 907.665100098, 1130.3203125, 1314.3807373, 1128.09777832, 2248.54956055, 1863.9083252, 4517.39550781, 16827.8242188, 1799.09313965, 387.038238525, 555.600830078, 773.615600586, 222.072875977, 60.912322998, 20.2577323914, 12.5848560333, 7.83959817886, 4.65266656876, 1.41563749313, 0.384868502617, 0.0936504006386, 0.0463836342096, 0.0228382386267, 0.00733323534951, 0.000230597535847, 2.91005363806e-07], "min": [1.15762195019e-22, 6.56324245695e-22, 3.22530625337e-21, 2.34718274536e-21, 1.51207937428e-20, 3.61591729643e-20, 6.06542462617e-20, 1.29629683916e-19, 1.09865586122e-19, 1.82726989048e-19, 4.23338035259e-19, 3.5714202786e-19, 7.52623877113e-19, 6.70756157527e-19, 7.38423719236e-19, 1.1859421825e-18, 2.31789614758e-18, 2.0946382391e-18, 1.86050207838e-18, 3.25960777416e-18, 4.95670942152e-18, 6.03834526615e-18, 7.03750706781e-18, 6.36154334304e-18, 9.75480696058e-18, 9.89329188437e-18, 8.19082597074e-18, 1.29818602146e-17, 1.26320331258e-17, 1.41286419091e-17, 1.25428853896e-17, 1.17661826468e-17, 1.2941367242e-17, 9.47990341016e-18, 7.180711057e-18, 3.90970928349e-18, 2.58715460391e-18, 9.62582530805e-19, 2.76248778735e-19, 2.80583767369e-20], "dmean": [0.0485983788967, 0.506961882114, 2.43949007988, 7.58932781219, 9.71678829193, 7.06768608093, 8.07907676697, 9.04950904846, 9.78962230682, 10.8358469009, 11.0114116669, 10.5768127441, 8.21137237549, 10.1387834549, 8.39390659332, 12.2733097076, 13.5225524902, 12.7910041809, 15.2368621826, 17.0014820099, 28.0377006531, 43.4043884277, 17.4721260071, 7.950111866, 8.0935716629, 9.35774707794, 5.29424619675, 3.54056596756, 2.02463030815, 1.47484469414, 1.04925823212, 0.777061760426, 0.397198081017, 0.226188987494, 0.111999437213, 0.0733857527375, 0.0510066263378, 0.0294831190258, 0.00512689352036, 0.000186935634702], "mean": [0.0568897724152, 0.579697847366, 2.7901058197, 10.1535654068, 12.8416957855, 13.126584053, 14.005865097, 15.4917287827, 16.6768188477, 18.4040679932, 19.6255950928, 20.1854381561, 15.922961235, 20.1629943848, 15.6474485397, 21.7376594543, 24.7980365753, 25.736743927, 30.6277217865, 32.8562469482, 57.7863502502, 85.7933654785, 33.06224823, 15.1278810501, 15.376411438, 17.2558002472, 10.0062160492, 5.19040584564, 2.62279963493, 1.87575352192, 1.37497746944, 0.940649628639, 0.506949067116, 0.286404848099, 0.127690419555, 0.077584207058, 0.0508483946323, 0.0289008039981, 0.00501068960875, 0.000203603689442], "max": [1.71341669559, 17.0748405457, 85.2220840454, 184.827835083, 231.440917969, 175.639373779, 172.092391968, 568.469177246, 396.549102783, 503.957336426, 684.250305176, 594.077819824, 630.282348633, 793.100830078, 819.484741211, 496.52142334, 498.714233398, 384.480377197, 476.292724609, 958.263244629, 676.81640625, 1328.85253906, 429.028686523, 234.82572937, 277.667755127, 313.174591064, 205.848892212, 93.7688598633, 57.4563674927, 45.7136650085, 54.1758117676, 39.8928985596, 31.6583271027, 8.28703975677, 3.19724178314, 2.35100364685, 2.0244436264, 1.01308310032, 0.23058347404, 0.00980252586305], "dmean2": [0.0693852975965, 0.816714644432, 4.44872570038, 13.3021936417, 17.1363735199, 11.118057251, 13.2759990692, 14.7203941345, 15.6382102966, 17.2686443329, 17.3178844452, 16.6833667755, 12.9106531143, 15.7542734146, 13.2124938965, 19.3896541595, 21.1811256409, 20.1603603363, 23.7000102997, 27.2635269165, 44.3487167358, 68.9514007568, 27.0264587402, 12.279504776, 12.2338590622, 13.9567651749, 7.88677597046, 5.24279689789, 2.93410181999, 2.20824885368, 1.53887629509, 1.13922679424, 0.570112466812, 0.326104700565, 0.161192730069, 0.105042658746, 0.0736587196589, 0.0435574054718, 0.00753829721361, 0.000274113583146], "median": [0.0112745407969, 0.237914636731, 1.53544390202, 6.46014499664, 8.62353897095, 9.7594909668, 10.300368309, 10.0184688568, 9.66589164734, 10.4830169678, 10.7303943634, 10.369679451, 7.34693002701, 7.78763484955, 6.60071325302, 11.0278577805, 12.6251125336, 14.2726097107, 14.9289245605, 19.1797962189, 35.2903366089, 39.6995849609, 17.8816757202, 8.54748344421, 7.77171707153, 6.55903577805, 3.90931224823, 1.93987202644, 0.775638997555, 0.511216700077, 0.375991910696, 0.18761600554, 0.102137252688, 0.0483060404658, 0.0146116111428, 0.00437213620171, 0.00140666135121, 0.000365243904525, 7.84952135291e-05, 3.49792353518e-05], "dvar": [0.0201567672193, 2.26620078087, 54.4139862061, 285.235443115, 447.234344482, 82.5436630249, 137.041412354, 324.442718506, 271.768493652, 408.311676025, 410.27557373, 374.684082031, 340.130462646, 487.305969238, 383.233398438, 497.807373047, 569.251831055, 424.354278564, 743.277404785, 921.738342285, 1655.6229248, 5593.44677734, 744.371948242, 159.289215088, 173.117324829, 284.248504639, 81.4989013672, 38.0752868652, 13.4415864944, 8.9561252594, 4.80788183212, 2.87137460709, 0.820754945278, 0.216362461448, 0.0607280619442, 0.0324553437531, 0.0168363526464, 0.00559746939689, 0.000177504640305, 2.28612023534e-07]}, "silence_rate_30dB": {"dvar2": 0.00149876822252, "var": 0.000249851378612, "min": 0, "dmean": 0.000499875051901, "mean": 0.999750077724, "max": 1, "dmean2": 0.000999875017442, "median": 1, "dvar": 0.000499614106957}, "melbands_spread": {"dvar2": 182.255905151, "var": 274.527160645, "min": 1.29978334904, "dmean": 8.01362419128, "mean": 28.2634563446, "max": 149.910919189, "dmean2": 12.5410938263, "median": 26.3264884949, "dvar": 72.3121109009}, "melbands_crest": {"dvar2": 18.2685489655, "var": 19.3678302765, "min": 1.00017595291, "dmean": 2.96243453026, "mean": 12.6033401489, "max": 28.8162345886, "dmean2": 4.7210149765, "median": 11.9379053116, "dvar": 7.14631509781}, "zerocrossingrate": {"dvar2": 0.000190884587937, "var": 0.00165717757773, "min": 0.0068359375, "dmean": 0.0102919824421, "mean": 0.0632606372237, "max": 0.521484375, "dmean2": 0.0118968281895, "median": 0.05908203125, "dvar": 0.000125484308228}, "barkbands_kurtosis": {"dvar2": 27.7341041565, "var": 27.391664505, "min": -1.89840233326, "dmean": 2.00077843666, "mean": 1.96682560444, "max": 62.0365600586, "dmean2": 3.13704872131, "median": 0.153977870941, "dvar": 11.8682050705}, "spectral_flux": {"dvar2": 0.00238158879802, "var": 0.00293691037223, "min": 6.44879288858e-11, "dmean": 0.0247642528266, "mean": 0.0815937966108, "max": 0.365433096886, "dmean2": 0.0374244861305, "median": 0.0733498707414, "dvar": 0.0013528194977}, "barkbands_crest": {"dvar2": 7.83955192566, "var": 8.63380908966, "min": 2.60799431801, "dmean": 1.97569525242, "mean": 7.91344738007, "max": 21.1929588318, "dmean2": 3.14996242523, "median": 7.3594212532, "dvar": 3.16410923004}, "barkbands_flatness_db": {"dvar2": 0.00102100183722, "var": 0.00268510193564, "min": 0.0217837654054, "dmean": 0.0245661847293, "mean": 0.132193490863, "max": 0.396014362574, "dmean2": 0.0319168977439, "median": 0.12589263916, "dvar": 0.000548489042558}, "spectral_entropy": {"dvar2": 0.0605309009552, "var": 0.173527151346, "min": 5.24432229996, "dmean": 0.18532961607, "mean": 7.46214723587, "max": 9.80989742279, "dmean2": 0.235182747245, "median": 7.49490404129, "dvar": 0.034678183496}, "pitch_salience": {"dvar2": 0.0067482967861, "var": 0.00742307631299, "min": 0.30858695507, "dmean": 0.0619337297976, "mean": 0.635232746601, "max": 0.996098577976, "dmean2": 0.0991294682026, "median": 0.640936553478, "dvar": 0.0026676133275}, "erbbands_spread": {"dvar2": 144.686477661, "var": 194.460220337, "min": 6.76607227325, "dmean": 7.34966993332, "mean": 38.1730537415, "max": 127.492141724, "dmean2": 11.5453557968, "median": 36.4224205017, "dvar": 59.1348648071}, "dynamic_complexity": 3.49389743805, "spectral_contrast_valleys": {"dvar2": [0.297520130873, 0.246895372868, 0.210242569447, 0.182063773274, 0.273732990026, 0.524968802929], "var": [2.50742292404, 2.63782095909, 2.66587424278, 2.56385374069, 2.72686696053, 2.7704834938], "min": [-28.1208896637, -27.9714889526, -27.5144500732, -27.6513137817, -27.607175827, -27.4045505524], "dmean": [0.379515558481, 0.345961928368, 0.343298703432, 0.307833105326, 0.358039885759, 0.53356128931], "mean": [-7.36256217957, -6.58275985718, -7.51641654968, -7.59282588959, -7.56816625595, -11.0413484573], "max": [-5.20631217957, -4.78854370117, -5.24090766907, -5.80239105225, -5.5524559021, -8.1499414444], "dmean2": [0.610895991325, 0.558948218822, 0.514941751957, 0.443453431129, 0.467269510031, 0.628789126873], "median": [-7.09477138519, -6.28521966934, -7.23999786377, -7.29171466827, -7.23419618607, -10.7728862762], "dvar": [0.127931341529, 0.107074305415, 0.105561070144, 0.100303515792, 0.160102859139, 0.297871828079]}, "hfc": {"dvar2": 160.687866211, "var": 252.761550903, "min": 1.10571813283e-16, "dmean": 6.93372154236, "mean": 20.8716144562, "max": 97.3503189087, "dmean2": 9.80668830872, "median": 18.6388988495, "dvar": 81.070274353}, "spectral_kurtosis": {"dvar2": 41.45885849, "var": 32.6104736328, "min": -1.29042541981, "dmean": 2.827480793, "mean": 6.64612674713, "max": 85.4599990845, "dmean2": 4.71011447906, "median": 5.41035079956, "dvar": 16.2341880798}, "mfcc": {"mean": [-660.652709961, 144.553985596, -23.8714466095, 37.2785377502, 10.7399673462, -0.121235795319, -7.41195821762, -3.06332993507, -0.919789195061, -3.3976187706, -9.1688079834, 2.65828561783, -3.76580405235], "cov": [[11817.4609375, -200.93913269, -521.326049805, 172.578170776, -411.254699707, 201.557723999, 27.1037578583, 103.761207581, 40.1324882507, 125.643981934, -73.3577880859, 60.1010627747, 6.44332075119], [-200.93913269, 1618.82312012, -530.885803223, 225.324951172, 124.88583374, -136.831924438, -28.5700893402, -15.4846391678, 12.2198896408, -54.2013320923, -13.4668474197, 14.796453476, -40.3857078552], [-521.326049805, -530.885803223, 742.215820312, -153.327850342, -20.7288799286, 79.355178833, 23.0884017944, -48.345664978, -18.2341175079, 22.8830661774, -17.8348789215, -11.0864524841, 34.9644813538], [172.578170776, 225.324951172, -153.327850342, 271.086273193, 25.2370033264, -4.00775051117, 4.10431957245, -31.6986408234, 15.772143364, 6.13435173035, -9.53918361664, 19.4457302094, -17.9039096832], [-411.254699707, 124.88583374, -20.7288799286, 25.2370033264, 238.042312622, -21.8243999481, -49.0863952637, 28.4298267365, -6.43501758575, -27.4719028473, 30.3613910675, -10.3691368103, -13.9656848907], [201.557723999, -136.831924438, 79.355178833, -4.00775051117, -21.8243999481, 136.448516846, 8.57702445984, -12.9175729752, -3.75145316124, 20.4751281738, -1.19699287415, 8.25543212891, 14.2359113693], [27.1037578583, -28.5700893402, 23.0884017944, 4.10431957245, -49.0863952637, 8.57702445984, 108.966926575, 4.26993703842, 14.4631023407, 19.6442623138, -12.9516515732, 8.33177852631, 6.59481668472], [103.761207581, -15.4846391678, -48.345664978, -31.6986408234, 28.4298267365, -12.9175729752, 4.26993703842, 165.887741089, 4.64919090271, -28.1500072479, 23.9443626404, -9.05909633636, -1.50620746613], [40.1324882507, 12.2198896408, -18.2341175079, 15.772143364, -6.43501758575, -3.75145316124, 14.4631023407, 4.64919090271, 78.4682006836, 13.7252254486, -4.54372882843, 4.20466375351, -0.655428051949], [125.643981934, -54.2013320923, 22.8830661774, 6.13435173035, -27.4719028473, 20.4751281738, 19.6442623138, -28.1500072479, 13.7252254486, 91.7408905029, -1.1611956358, 0.090211622417, 4.81680297852], [-73.3577880859, -13.4668474197, -17.8348789215, -9.53918361664, 30.3613910675, -1.19699287415, -12.9516515732, 23.9443626404, -4.54372882843, -1.1611956358, 75.2063751221, 6.68260574341, -8.42518997192], [60.1010627747, 14.796453476, -11.0864524841, 19.4457302094, -10.3691368103, 8.25543212891, 8.33177852631, -9.05909633636, 4.20466375351, 0.090211622417, 6.68260574341, 66.8106002808, 9.41138935089], [6.44332075119, -40.3857078552, 34.9644813538, -17.9039096832, -13.9656848907, 14.2359113693, 6.59481668472, -1.50620746613, -0.655428051949, 4.81680297852, -8.42518997192, 9.41138935089, 59.3524017334]], "icov": [[0.000101413104858, 2.22800299525e-05, 8.98173238966e-05, -5.33322090632e-05, 0.000168801474501, -0.000152724082, 9.41518519539e-05, -0.00012867237092, 4.46165586254e-06, -0.000120541561046, 0.000112127272587, -6.59757497488e-05, 3.39855796483e-05], [2.22800299525e-05, 0.000948770146351, 0.000564186659176, -0.00038941076491, -0.000388485204894, 0.000512401224114, -8.94185432117e-05, 0.000260163971689, 2.40152712649e-05, 0.00028229347663, 0.000366935913917, -0.000145756814163, 4.81125025544e-05], [8.98173238966e-05, 0.000564186659176, 0.00213724607602, 0.000767441757489, -0.000364678242477, -0.000698889896739, -0.000426527229138, 0.000690274464432, 0.000213336898014, -2.59861135419e-05, 0.000591684773099, 9.04418702703e-05, -0.000432557892054], [-5.33322090632e-05, -0.00038941076491, 0.000767441757489, 0.00490301055834, -0.000762892654166, -0.000615701603238, -0.000529280223418, 0.00106035068166, -0.000610013317782, -0.00028626920539, 0.00074323604349, -0.00119317346253, 0.00113282096572], [0.000168801474501, -0.000388485204894, -0.000364678242477, -0.000762892654166, 0.00564892822877, 4.20863143518e-05, 0.00218087923713, -0.00103866530117, -5.79499865125e-05, 0.000545507646166, -0.00167605059687, 0.000673887378071, 0.00036277147592], [-0.000152724082, 0.000512401224114, -0.000698889896739, -0.000615701603238, 4.20863143518e-05, 0.00886974390596, -0.00012376383529, 0.000295012432616, 0.000601953535806, -0.00114626635332, -0.000355557160219, -0.000759534596, -0.00133543822449], [9.41518519539e-05, -8.94185432117e-05, -0.000426527229138, -0.000529280223418, 0.00218087923713, -0.00012376383529, 0.0110976174474, -0.00153427314945, -0.00131468567997, -0.00198204978369, 0.00140765856486, -0.00125213467982, -0.000163927819813], [-0.00012867237092, 0.000260163971689, 0.000690274464432, 0.00106035068166, -0.00103866530117, 0.000295012432616, -0.00153427314945, 0.0076146684587, -0.000907449284568, 0.00251151318662, -0.00223694229499, 0.00124892767053, -0.000576651422307], [4.46165586254e-06, 2.40152712649e-05, 0.000213336898014, -0.000610013317782, -5.79499865125e-05, 0.000601953535806, -0.00131468567997, -0.000907449284568, 0.0137199079618, -0.00220673950389, 0.000977013492957, -0.000835496524815, 0.000272970792139], [-0.000120541561046, 0.00028229347663, -2.59861135419e-05, -0.00028626920539, 0.000545507646166, -0.00114626635332, -0.00198204978369, 0.00251151318662, -0.00220673950389, 0.0132179120556, -0.0016157310456, 0.001322271768, -0.000714722205885], [0.000112127272587, 0.000366935913917, 0.000591684773099, 0.00074323604349, -0.00167605059687, -0.000355557160219, 0.00140765856486, -0.00223694229499, 0.000977013492957, -0.0016157310456, 0.015908267349, -0.00299314921722, 0.00246561528184], [-6.59757497488e-05, -0.000145756814163, 9.04418702703e-05, -0.00119317346253, 0.000673887378071, -0.000759534596, -0.00125213467982, 0.00124892767053, -0.000835496524815, 0.001322271768, -0.00299314921722, 0.0167451314628, -0.00319031649269], [3.39855796483e-05, 4.81125025544e-05, -0.000432557892054, 0.00113282096572, 0.00036277147592, -0.00133543822449, -0.000163927819813, -0.000576651422307, 0.000272970792139, -0.000714722205885, 0.00246561528184, -0.00319031649269, 0.0188002567738]]}, "silence_rate_20dB": {"dvar2": 0, "var": 0, "min": 1, "dmean": 0, "mean": 1, "max": 1, "dmean2": 0, "median": 1, "dvar": 0}, "melbands_kurtosis": {"dvar2": 170.157241821, "var": 117.605697632, "min": -1.82384181023, "dmean": 4.88632965088, "mean": 8.37763881683, "max": 119.349807739, "dmean2": 7.80999135971, "median": 4.83393621445, "dvar": 65.6932754517}, "barkbands_spread": {"dvar2": 89.1428451538, "var": 135.807495117, "min": 1.01315331459, "dmean": 5.7719244957, "mean": 25.2978115082, "max": 121.965446472, "dmean2": 8.75706195831, "median": 25.3822422028, "dvar": 39.4464187622}, "erbbands_skewness": {"dvar2": 0.305398911238, "var": 0.698731660843, "min": -4.45835351944, "dmean": 0.366354107857, "mean": -0.330240219831, "max": 2.99900841713, "dmean2": 0.564481317997, "median": -0.346018373966, "dvar": 0.134840577841}, "average_loudness": 0.937837004662, "spectral_centroid": {"dvar2": 224659.390625, "var": 569483.875, "min": 212.742614746, "dmean": 289.389251709, "mean": 1461.34729004, "max": 11505.0078125, "dmean2": 444.48538208, "median": 1451.81298828, "dvar": 99593.0859375}, "dissonance": {"dvar2": 0.000523225928191, "var": 0.00031051094993, "min": 0, "dmean": 0.0116910552606, "mean": 0.477578669786, "max": 0.500000059605, "dmean2": 0.0193788893521, "median": 0.481743454933, "dvar": 0.000190114253201}, "erbbands_flatness_db": {"dvar2": 0.000890698865987, "var": 0.00256253941916, "min": 0.031947825104, "dmean": 0.0234029088169, "mean": 0.170787796378, "max": 0.330955326557, "dmean2": 0.0300629474223, "median": 0.172855421901, "dvar": 0.000502789043821}, "spectral_strongpeak": {"dvar2": 3.95629262924, "var": 2.17266893387, "min": 0, "dmean": 0.560840725899, "mean": 0.806410551071, "max": 14.475525856, "dmean2": 0.991903543472, "median": 0.388621628284, "dvar": 1.57529473305}, "spectral_rms": {"dvar2": 3.85378780265e-06, "var": 3.76615071218e-06, "min": 3.13044121875e-12, "dmean": 0.000822781468742, "mean": 0.00457588443533, "max": 0.0135112777352, "dmean2": 0.00127372494899, "median": 0.00462503917515, "dvar": 1.53078121912e-06}, "silence_rate_60dB": {"dvar2": 0.0148280914873, "var": 0.0708384513855, "min": 0, "dmean": 0.00649837544188, "mean": 0.0767212286592, "max": 1, "dmean2": 0.0129983751103, "median": 0, "dvar": 0.00645588198677}, "melbands": {"dvar2": [3.2243615351e-06, 2.83231547655e-05, 2.87360235234e-05, 2.65114158537e-06, 3.43766345168e-07, 3.87843726912e-07, 1.56022707642e-07, 1.06356530694e-07, 6.2472579998e-08, 3.63219925248e-08, 2.34583463765e-08, 1.75089009957e-08, 1.56313362254e-08, 1.14559917108e-08, 1.30899486805e-08, 6.84701184639e-09, 4.38736869057e-09, 7.71991448545e-09, 4.90542229059e-09, 5.69564395647e-09, 8.64199822814e-09, 1.8515997624e-08, 6.60195453861e-09, 7.57857832046e-10, 3.0706881482e-10, 2.38450231782e-10, 3.86075477143e-10, 2.87967150125e-10, 1.02606992347e-10, 4.12884136602e-11, 3.25914017996e-11, 1.25039848267e-11, 4.81466949642e-12, 9.75077830978e-12, 3.61131675779e-12, 4.39210820491e-12, 1.60979909958e-12, 9.32890917293e-13, 6.38895132545e-13, 2.9687393494e-13], "var": [2.28282760872e-06, 6.60973455524e-06, 6.92