{"tonal": {"thpcp": [1, 0.417305618525, 0.0496933348477, 0.0363726355135, 0.104168824852, 0.537692785263, 0.803625881672, 0.477014452219, 0.319277137518, 0.248208478093, 0.0687617138028, 0.067214332521, 0.0954985171556, 0.07586491853, 0.337701529264, 0.505925118923, 0.215080469847, 0.031932476908, 0.0312494430691, 0.0677003934979, 0.340232521296, 0.472027927637, 0.285611391068, 0.197200641036, 0.143133580685, 0.0961194336414, 0.391792297363, 0.566092729568, 0.311937123537, 0.471119701862, 0.592393577099, 0.228514358401, 0.0546310208738, 0.0572729930282, 0.120604082942, 0.711811423302], "hpcp": {"dmean2": [0.0972007215023, 0.0863173753023, 0.0562908984721, 0.0507857240736, 0.0487981066108, 0.0824733152986, 0.0896712914109, 0.0920239239931, 0.0872806981206, 0.0809832438827, 0.06467461586, 0.0342730134726, 0.0324781797826, 0.0638174042106, 0.133281350136, 0.1230167225, 0.100218608975, 0.0439021661878, 0.0339026860893, 0.0649749711156, 0.128438934684, 0.136961713433, 0.13049569726, 0.0892229452729, 0.070605956018, 0.037266664207, 0.0303740184754, 0.0305987577885, 0.0346386171877, 0.0691197365522, 0.0803511813283, 0.0509667284787, 0.0173234026879, 0.0190943274647, 0.0394629836082, 0.08134958148], "median": [0.0298376381397, 0.0174747556448, 0.00174466101453, 0.000942106125876, 0.0023655788973, 0.00923517905176, 0.00969760119915, 0.0312992036343, 0.0155199002475, 0.0120198884979, 0.00457696197554, 0.000847170129418, 0.000600120401941, 0.00677515380085, 0.114804759622, 0.14774081111, 0.0385361239314, 0.00116832915228, 0.000839776941575, 0.00597514584661, 0.0524169132113, 0.068878531456, 0.0584262646735, 0.0127618163824, 0.00431145075709, 0.00120034744032, 0.00221986416727, 0.00223731528968, 0.00425674859434, 0.0163420606405, 0.0236517693847, 0.0121636707336, 0.0016080015339, 0.00140537973493, 0.00273425900377, 0.0199024491012], "min": [0, 0, 0, 0, 0, 0, 0, 0, 0, 0, 0, 0, 0, 0, 0, 0, 0, 0, 0, 0, 0, 0, 0, 0, 0, 0, 0, 0, 0, 0, 0, 0, 0, 0, 0, 0], "dvar2": [0.0406164079905, 0.0400628298521, 0.0287253241986, 0.0267520714551, 0.0206023398787, 0.0294201262295, 0.0433025695384, 0.0323095954955, 0.0346700958908, 0.0388724245131, 0.0279622711241, 0.0245139654726, 0.0275811590254, 0.0323006920516, 0.0527682378888, 0.0486373156309, 0.0431254841387, 0.0338708907366, 0.0281073246151, 0.035218603909, 0.0515273027122, 0.0617902316153, 0.0486071109772, 0.0474755465984, 0.0320299305022, 0.0171764139086, 0.0162217896432, 0.0123554272577, 0.0120870536193, 0.0214913282543, 0.0302517600358, 0.0142734618858, 0.00631038239226, 0.00761767895892, 0.0160295125097, 0.0303228273988], "dvar": [0.0169885586947, 0.0138631826267, 0.0120365368202, 0.0100648906082, 0.00718669733033, 0.0119100017473, 0.0186495687813, 0.012565520592, 0.0143729522824, 0.0177000239491, 0.0105031551793, 0.00849909242243, 0.00988309923559, 0.0119076110423, 0.0221747290343, 0.0234679095447, 0.0158870927989, 0.0109004927799, 0.00927988160402, 0.0123368212953, 0.0202883090824, 0.0259748250246, 0.019080074504, 0.0192228201777, 0.0135106705129, 0.00587969273329, 0.00548387737945, 0.00490679033101, 0.0043272357434, 0.0093417475, 0.0146337617189, 0.00567469932139, 0.00214625196531, 0.00264254189096, 0.00564337009564, 0.0126941595227], "dmean": [0.0613155812025, 0.0515163056552, 0.0341467820108, 0.0297422073781, 0.0287385005504, 0.0522497855127, 0.0553590133786, 0.0569714196026, 0.0547215715051, 0.0507848970592, 0.0394213274121, 0.018591510132, 0.0176504515111, 0.0367527455091, 0.0848847851157, 0.0798731967807, 0.0603379942477, 0.0236178468913, 0.018312426284, 0.0375996343791, 0.0812979266047, 0.0858971551061, 0.0814534947276, 0.0535891540349, 0.0423226840794, 0.0212001055479, 0.0174293406308, 0.0183612089604, 0.0200170967728, 0.0445944145322, 0.052081618458, 0.0314830839634, 0.00983907561749, 0.0106777902693, 0.0225060302764, 0.0507758930326], "max": [1, 1, 1, 1, 1, 1, 1, 1, 1, 1, 1, 1, 1, 1, 1, 1, 1, 1, 1, 1, 1, 1, 1, 1, 1, 1, 1, 1, 1, 1, 1, 1, 1, 1, 1, 1], "var": [0.0847489237785, 0.0359372608364, 0.0446539223194, 0.0280879531056, 0.00947301182896, 0.0595274828374, 0.117041759193, 0.0274973008782, 0.080811560154, 0.129255980253, 0.023482337594, 0.0113269137219, 0.0141509016976, 0.0118940575048, 0.0871500894427, 0.161361157894, 0.0444976389408, 0.00776589335874, 0.0061005926691, 0.0103056933731, 0.0665903538465, 0.135080948472, 0.049495909363, 0.063265606761, 0.0444482862949, 0.00644125044346, 0.00659190164879, 0.0145537471399, 0.00578366918489, 0.0431059151888, 0.0949549674988, 0.0187357850373, 0.00198117480613, 0.00220086146146, 0.00581088336185, 0.0513384640217], "mean": [0.17060187459, 0.103226602077, 0.0712728947401, 0.0517318025231, 0.0347397997975, 0.141602844, 0.20459908247, 0.112741328776, 0.17027361691, 0.214104816318, 0.0825904011726, 0.0197449214756, 0.0206997916102, 0.0435891188681, 0.257265210152, 0.361423254013, 0.150823950768, 0.0179603267461, 0.0131459161639, 0.0376490354538, 0.194334685802, 0.290449082851, 0.172404110432, 0.115394182503, 0.0897083133459, 0.0248520821333, 0.0242928229272, 0.0345153845847, 0.0274193454534, 0.122053183615, 0.182853102684, 0.077735081315, 0.0115411402658, 0.0112942755222, 0.0244684964418, 0.122967943549]}, "tuning_equal_tempered_deviation": 0.0799107626081, "chords_changes_rate": 0.0397756248713, "key_key": "G", "tuning_diatonic_strength": 0.472157567739, "key_scale": "major", "chords_number_rate": 0.00356960739009, "tuning_frequency": 441.782684326, "tuning_nontempered_energy_ratio": 0.659892082214, "chords_histogram": [7.77664470673, 1.42784297466, 4.25803184509, 2.01427841187, 5.30341672897, 1.22386538982, 1.6063233614, 0.101988777518, 0, 0, 0, 0, 0, 0, 0.535441100597, 0, 0, 5.27791929245, 1.04538500309, 11.3207550049, 7.36868953705, 13.462518692, 12.3406429291, 24.9362564087], "key_strength": 0.629777431488, "chords_key": "E", "chords_strength": {"dmean2": 0.00469840224832, "median": 0.487430691719, "min": 0.172299131751, "dvar2": 2.42272908508e-05, "dvar": 2.84897887468e-05, "dmean": 0.00649790791795, "max": 0.697810947895, "var": 0.00721290288493, "mean": 0.487208485603}, "chords_scale": "minor", "hpcp_entropy": {"dmean2": 0.659919977188, "median": 1.60079717636, "min": 0, "dvar2": 0.36908069253, "dvar": 0.144156113267, "dmean": 0.397357225418, "max": 3.96511936188, "var": 0.422376692295, "mean": 1.54178118706}}, "metadata": {"audio_properties": {"equal_loudness": 0, "codec": "flac", "downmix": "mix", "sample_rate": 44100, "analysis_sample_rate": 44100, "bit_rate": 0, "md5_encoded": "3703c81f613e34cca4920b9a37c69be2", "length": 182.053329468, "replay_gain": -10.8392505646, "lossless": true}, "version": {"essentia_build_sha": "2d9f1f26377add8aeb1075a9c2973f962c4f09fd", "essentia": "2.1-beta2", "extractor": "music 1.0", "essentia_git_sha": "v2.1_beta2-1-ge3940c0"}, "tags": {"title": ["Mother of All Cannibals"], "barcode": ["3411369972025"], "media": ["CD"], "albumartist": ["Daniel Licht"], "tracktotal": ["22"], "musicbrainz_releasegroupid": ["c584eb48-25b7-448c-8a00-c303056d2af5"], "releasetype": ["album", "soundtrack"], "musicbrainz_recordingid": ["0a004663-1e52-4919-a334-5622c28259d3"], "mood": ["Melancholy"], "musicbrainz_albumartistid": ["9bd61217-cf25-4baf-90a8-28866a000a99"], "originalyear": ["2010"], "musicbrainz_releasetrackid": ["78cdac5b-afdf-48e1-9366-ac498245a68e"], "discnumber": ["1"], "totaldiscs": ["1"], "catalognumber": ["699 720-2"], "releasecountry": ["FR"], "file_name": "02 - Mother of All Cannibals.flac", "originaldate": ["2010-07-06"], "albumartistsort": ["Licht, Daniel"], "date": ["2010-07-06"], "genre": ["Ambient"], "disctotal": ["1"], "musicbrainz_artistid": ["9bd61217-cf25-4baf-90a8-28866a000a99"], "asin": ["B00439GWZQ"], "musicbrainz_albumid": ["cbae8318-50f1-4971-8416-a1af311a4203"], "artist": ["Daniel Licht"], "tracknumber": ["2"], "artistsort": ["Licht, Daniel"], "album": ["Dexter: Seasons 2 / 3: From the Showtime Original Series"], "label": ["Milan"], "releasestatus": ["official"], "acoustid_id": ["3b75cf8c-df6b-4290-8c2e-aad87b8af865"], "script": ["Latn"], "totaltracks": ["22"]}}, "rhythm": {"bpm_histogram_first_peak_bpm": {"dmean2": 0, "median": 115, "min": 115, "dvar2": 0, "dvar": 0, "dmean": 0, "max": 115, "var": 0, "mean": 115}, "bpm": 114.282234192, "bpm_histogram_second_peak_spread": {"dmean2": 0, "median": 0.41666662693, "min": 0.41666662693, "dvar2": 0, "dvar": 0, "dmean": 0, "max": 0.41666662693, "var": 0, "mean": 0.41666662693}, "bpm_histogram_first_peak_weight": {"dmean2": 0, "median": 0.325203239918, "min": 0.325203239918, "dvar2": 0, "dvar": 0, "dmean": 0, "max": 0.325203239918, "var": 0, "mean": 0.325203239918}, "onset_rate": 2.86706590652, "beats_position": [0.53405892849, 1.06811785698, 1.59056687355, 2.11301589012, 2.6470746994, 3.1811337471, 3.69197273254, 4.20281171799, 4.72526073456, 5.24770975113, 5.78176879883, 6.30421733856, 6.82666635513, 7.3491153717, 7.87156438828, 8.40562343597, 8.91646194458, 9.43891143799, 9.96135997772, 10.4838094711, 11.0062580109, 11.5287075043, 12.051156044, 12.5736055374, 13.0960540771, 13.6185035706, 14.1409521103, 14.66340065, 15.1858501434, 15.7199087143, 16.242357254, 16.7648067474, 17.2872562408, 17.8097057343, 18.3437633514, 18.8662128448, 19.3886623383, 19.9111099243, 20.4335594177, 20.9560089111, 21.4784584045, 22.0009059906, 22.5349655151, 23.0574150085, 23.5682544708, 24.102312088, 24.6247615814, 25.1472110748, 25.6580486298, 26.1921081543, 26.7145576477, 27.2370071411, 27.747844696, 28.2819042206, 28.804353714, 29.3268013, 29.8376407623, 30.3600902557, 30.8825397491, 31.4165973663, 31.9506568909, 32.4847145081, 32.9955558777, 33.5180053711, 34.0404510498, 34.5629005432, 35.0853500366, 35.60779953, 36.1302490234, 36.6526985168, 37.1751480103, 37.6975975037, 38.2200431824, 38.7424926758, 39.2649421692, 39.7989997864, 40.309841156, 40.8438987732, 41.3779602051, 41.88879776, 42.4112472534, 42.9453048706, 43.467754364, 43.9902038574, 44.5126533508, 45.0351028442, 45.5575485229, 46.0799980164, 46.6024475098, 47.1365089417, 47.6473464966, 48.1814041138, 48.6922454834, 49.2263031006, 49.748752594, 50.2712020874, 50.7820396423, 51.3044891357, 51.8269386292, 52.3609962463, 52.871837616, 53.4058952332, 53.9283447266, 54.45079422, 54.9732398987, 55.4956893921, 56.0181388855, 56.5405883789, 57.0630378723, 57.5854873657, 58.1079368591, 58.6303825378, 59.1528320313, 59.6752815247, 60.1977310181, 60.7201805115, 61.2426300049, 61.7766876221, 62.2991371155, 62.8215866089, 63.3440361023, 63.8664855957, 64.3889312744, 64.9113845825, 65.4338302612, 65.9678878784, 66.4903411865, 67.0127868652, 67.5236282349, 68.0460739136, 68.5685272217, 69.0909729004, 69.6134262085, 70.1358718872, 70.6583175659, 71.180770874, 71.7032165527, 72.2372741699, 72.759727478, 73.2821731567, 73.8046264648, 74.3270721436, 74.8611297607, 75.3951950073, 75.9060287476, 76.4400863647, 76.9625396729, 77.4849853516, 77.9958267212, 78.5298843384, 79.0523376465, 79.5747833252, 80.0856246948, 80.619682312, 81.1421279907, 81.6645812988, 82.1754150391, 82.7094802856, 83.2319259644, 83.7543716431, 84.2652130127, 84.7876663208, 85.3101119995, 85.8441696167, 86.3550109863, 86.8890686035, 87.4115142822, 87.9339675903, 88.456413269, 88.9788665771, 89.5013122559, 90.023765564, 90.5462112427, 91.0918807983, 91.6259384155, 92.1832199097, 92.7288894653, 93.274559021, 93.7389526367, 94.2033538818, 94.667755127, 95.1321487427, 95.5965499878, 96.0609512329, 96.5137405396, 96.9781417847, 97.4309310913, 97.8837203979, 98.3481140137, 98.8241271973, 99.288520813, 99.7529220581, 100.217323303, 100.681724548, 101.146118164, 101.610519409, 102.074920654, 102.53931427, 103.003715515, 103.46811676, 103.932518005, 104.396911621, 104.861312866, 105.325714111, 105.755279541, 106.1848526, 106.61441803, 107.043991089, 107.473556519, 107.903129578, 108.321083069, 108.750656128, 109.15700531, 109.574966431, 109.992919922, 110.410881042, 110.840454102, 111.270019531, 111.69959259, 112.12915802, 112.570335388, 113.011520386, 113.441085815, 113.870658875, 114.311836243, 114.764625549, 115.217414856, 115.670204163, 116.076553345, 116.482902527, 116.889251709, 117.400085449, 117.887710571, 118.375328064, 118.862945557, 119.350563049, 119.838180542, 120.325805664, 120.813423157, 121.277824402, 121.765441895, 122.253059387, 122.74067688, 123.228294373, 123.692695618, 124.157096863, 124.621498108, 125.097503662, 125.573509216, 126.026298523, 126.47908783, 126.920272827, 127.338226318, 127.767799377, 128.185760498, 128.615325928, 129.033279419, 129.404800415, 129.764709473, 130.113006592, 130.496139526, 130.937316895, 131.378494263, 131.831283569, 132.272476196, 132.713653564, 133.154830933, 133.596008301, 134.095230103, 134.582855225, 135.058868408, 135.534866333, 136.010879517, 136.510116577, 136.986114502, 137.485351563, 137.984573364, 138.518630981, 139.064300537, 139.609970093, 140.236907959, 140.852249146, 141.467575073, 142.082901001, 142.68661499, 143.290344238, 143.905670166, 144.451339722, 144.985397339, 145.519454956, 146.065124512, 146.599182129, 147.110015869, 147.562805176, 148.015594482, 148.479995728, 148.932785034, 149.385574341, 149.838363647, 150.302764893, 150.755554199, 151.208343506, 151.579864502, 151.951385498, 152.322906494, 152.694412231, 153.077545166, 153.460678101, 153.843811035, 154.226928711, 154.610061646, 154.99319458, 155.364715576, 155.747848511, 156.142578125, 156.537322998, 156.932067871, 157.315185547, 157.70993042, 158.104675293, 158.499404907, 158.905761719, 159.312103271, 159.695236206, 160.078369141, 160.473098755, 160.867843628, 161.262588501, 161.657318115, 162.052062988, 162.446792603, 162.829925537, 163.213058472, 163.619400024, 164.025756836, 164.432098389, 164.8384552, 165.244796753, 165.651153564, 166.069107056, 166.510284424, 166.96307373, 167.415863037, 167.857055664, 168.40272522, 168.948379517, 169.494049072, 170.039718628, 170.585388184, 171.131057739, 171.676727295, 172.222396851, 172.744842529, 173.267303467, 173.789749146, 174.34703064, 174.904312134, 175.473190308, 176.04208374, 176.610977173, 177.098587036, 177.597824097, 178.097045898, 178.561447144, 179.025848389, 179.490249634, 179.954650879, 180.419036865, 180.88343811, 181.347839355], "beats_loudness": {"dmean2": 0.0366268381476, "median": 0.0270827338099, "min": 4.98534369342e-09, "dvar2": 0.00140435656067, "dvar": 0.000509580830112, "dmean": 0.0211475975811, "max": 0.160001650453, "var": 0.00093397393357, "mean": 0.0353032946587}, "danceability": 0.910059988499, "bpm_histogram_second_peak_weight": {"dmean2": 0, "median": 0.0948509499431, "min": 0.0948509499431, "dvar2": 0, "dvar": 0, "dmean": 0, "max": 0.0948509499431, "var": 0, "mean": 0.0948509499431}, "beats_count": 370, "bpm_histogram_second_peak_bpm": {"dmean2": 0, "median": 129, "min": 129, "dvar2": 0, "dvar": 0, "dmean": 0, "max": 129, "var": 0, "mean": 129}, "bpm_histogram_first_peak_spread": {"dmean2": 0, "median": 0.340659379959, "min": 0.340659379959, "dvar2": 0, "dvar": 0, "dmean": 0, "max": 0.340659379959, "var": 0, "mean": 0.340659379959}, "beats_loudness_band_ratio": {"dmean2": [0.365778595209, 0.343938618898, 0.213310986757, 0.134332239628, 0.0617186129093, 0.00851777847856], "median": [0.439608931541, 0.156138330698, 0.102998793125, 0.0455885566771, 0.00952434446663, 0.000772576371673], "min": [0.0137459971011, 0.00237631634809, 2.76323353319e-05, 1.29546051539e-05, 1.58393486345e-05, 2.48273136094e-06], "dvar2": [0.0854901522398, 0.104442410171, 0.0519319362938, 0.030990479514, 0.0102000767365, 0.000197560439119], "dvar": [0.0369445756078, 0.0362364500761, 0.021279161796, 0.0114619042724, 0.00388266309164, 7.89433979662e-05], "dmean": [0.21870881319, 0.202165201306, 0.127312868834, 0.0782303735614, 0.0360786244273, 0.00502249086276], "max": [0.990492105484, 0.949959814548, 0.945040285587, 0.762941598892, 0.497943133116, 0.146616533399], "var": [0.0956626757979, 0.0590661540627, 0.049668982625, 0.0189063251019, 0.00501949479803, 0.000201994844247], "mean": [0.458410590887, 0.260613322258, 0.193262785673, 0.0996612533927, 0.0388713367283, 0.00593754602596]}}, "lowlevel": {"barkbands_spread": {"dmean2": 3.38957476616, "median": 7.11274433136, "min": 0.0438514053822, "dvar2": 42.3602561951, "dvar": 17.3237953186, "dmean": 2.19709253311, "max": 116.262191772, "var": 83.6652755737, "mean": 9.3666305542}, "melbands_spread": {"dmean2": 3.70022416115, "median": 8.04586601257, "min": 0.248107984662, "dvar2": 55.4716415405, "dvar": 22.2215461731, "dmean": 2.42909884453, "max": 157.198272705, "var": 127.955558777, "mean": 10.9872503281}, "hfc": {"dmean2": 3.2439262867, "median": 7.14611530304, "min": 1.08681321772e-16, "dvar2": 38.7873535156, "dvar": 19.8912734985, "dmean": 2.27480840683, "max": 100.207817078, "var": 182.248077393, "mean": 11.9769115448}, "barkbands_kurtosis": {"dmean2": 8.0476064682, "median": 3.67112803459, "min": -1.93152654171, "dvar2": 1422.50073242, "dvar": 580.133789063, "dmean": 5.18076181412, "max": 1680.3626709, "var": 841.965454102, "mean": 11.0372562408}, "gfcc": {"mean": [-128.566680908, 168.880203247, -93.9521789551, 4.57470655441, -31.2193565369, 3.92977070808, -34.1074867249, -5.76427316666, -16.1934318542, -5.28553247452, -9.6940908432, -0.720402002335, -2.89003443718], "icov": [[0.000222218382987, -0.000585557136219, 0.00034858554136, -0.000506039126776, 0.00074476771988, -0.000716459355317, 0.000583711080253, -0.000604428583756, 0.000435726251453, -0.000448790378869, 0.000514904677402, -0.00034616724588, 5.52279198018e-05], [-0.000585557136219, 0.00317789032124, -0.00124605931342, 0.00246535078622, -0.00243839621544, 0.00216733524576, -0.00196195021272, 0.00184567295946, -0.00198446237482, 0.0031510272529, -0.00366906146519, 0.00278809317388, -0.00144373707008], [0.00034858554136, -0.00124605931342, 0.00182484055404, -0.00156840262935, 0.000468894548248, -0.00125173362903, 0.00100866553839, -0.00151284679305, 0.00187758624088, -0.00128855998628, 0.0014873968903, -0.000808309239801, 0.000252384896157], [-0.000506039126776, 0.00246535078622, -0.00156840262935, 0.00388124980964, -0.00210696249269, 0.00165913323872, -0.00089201395167, 0.00149044184946, -0.00141154136509, 0.002319436986, -0.00287965685129, 0.00132272567134, -0.000946420710534], [0.00074476771988, -0.00243839621544, 0.000468894548248, -0.00210696249269, 0.00625669676811, -0.0031302231364, 0.00184269924648, -0.000990492524579, -0.000299532141071, -0.000740973628126, 0.00175773282535, -0.00106588320341, -7.90809936007e-05], [-0.000716459355317, 0.00216733524576, -0.00125173362903, 0.00165913323872, -0.0031302231364, 0.00690568611026, -0.00310434191488, 0.000239503016928, 0.00130978750531, -0.00109655864071, -0.000274272373645, -0.000146203892655, -0.000279026950011], [0.000583711080253, -0.00196195021272, 0.00100866553839, -0.00089201395167, 0.00184269924648, -0.00310434191488, 0.00536161987111, -0.0030443391297, -0.000439295254182, 0.00147056800779, -0.000126184007968, 0.000687957275659, -9.42655606195e-06], [-0.000604428583756, 0.00184567295946, -0.00151284679305, 0.00149044184946, -0.000990492524579, 0.000239503016928, -0.0030443391297, 0.00803957507014, -0.0046861320734, 0.000592316500843, -0.000210405036341, 0.000127991006593, 0.00117647380102], [0.000435726251453, -0.00198446237482, 0.00187758624088, -0.00141154136509, -0.000299532141071, 0.00130978750531, -0.000439295254182, -0.0046861320734, 0.01256990619, -0.00628292374313, 0.00266494089738, -0.00129132869188, 6.47699489491e-05], [-0.000448790378869, 0.0031510272529, -0.00128855998628, 0.002319436986, -0.000740973628126, -0.00109655864071, 0.00147056800779, 0.000592316500843, -0.00628292374313, 0.0132415490225, -0.0065538296476, 0.00292141153477, -0.00154478778131], [0.000514904677402, -0.00366906146519, 0.0014873968903, -0.00287965685129, 0.00175773282535, -0.000274272373645, -0.000126184007968, -0.000210405036341, 0.00266494089738, -0.0065538296476, 0.0141090918332, -0.00626236991957, 0.00331939989701], [-0.00034616724588, 0.00278809317388, -0.000808309239801, 0.00132272567134, -0.00106588320341, -0.000146203892655, 0.000687957275659, 0.000127991006593, -0.00129132869188, 0.00292141153477, -0.00626236991957, 0.0127302045003, -0.00260472623631], [5.52279198018e-05, -0.00144373707008, 0.000252384896157, -0.000946420710534, -7.90809936007e-05, -0.000279026950011, -9.42655606195e-06, 0.00117647380102, 6.47699489491e-05, -0.00154478778131, 0.00331939989701, -0.00260472623631, 0.00862268172204]], "cov": [[19882.1894531, -2281.03540039, -716.632019043, 851.082885742, -1533.35241699, 1315.84667969, -1303.82885742, 775.328125, -297.777526855, 772.573120117, -173.209655762, 541.999938965, -102.520523071], [-2281.03540039, 3855.38916016, -462.015991211, -1192.1640625, 514.625366211, -633.828796387, 1125.48095703, -242.324295044, 247.246520996, -607.108581543, 210.532196045, -523.187316895, 211.596954346], [-716.632019043, -462.015991211, 1369.40466309, 537.337158203, 194.255187988, 219.072280884, -208.648971558, 54.3936309814, -147.607116699, 57.3166694641, -58.29845047, 87.0518875122, 7.46550941467], [851.082885742, -1192.1640625, 537.337158203, 927.500915527, -25.3248348236, 180.487091064, -431.128356934, 10.3275117874, -126.365089417, 147.122634888, -27.9349212646, 180.15461731, -22.7773914337], [-1533.35241699, 514.625366211, 194.255187988, -25.3248348236, 421.581268311, -38.5077323914, 155.331192017, -54.3834495544, 43.2067680359, -95.8477172852, 16.3948040009, -67.00365448, 53.6842155457], [1315.84667969, -633.828796387, 219.072280884, 180.487091064, -38.5077323914, 450.453552246, -76.9298629761, 164.637176514, -53.7194099426, 142.740539551, -54.2598419189, 102.853935242, -31.5447998047], [-1303.82885742, 1125.48095703, -208.648971558, -431.128356934, 155.331192017, -76.9298629761, 755.446044922, 91.9800415039, 146.245635986, -204.049728394, 48.5541267395, -188.443130493, 29.5227851868], [775.328125, -242.324295044, 54.3936309814, 10.3275117874, -54.3834495544, 164.637176514, 91.9800415039, 318.511932373, 84.2360076904, 86.1155014038, -30.7463207245, 29.3245391846, -49.036567688], [-297.777526855, 247.246520996, -147.607116699, -126.365089417, 43.2067680359, -53.7194099426, 146.245635986, 84.2360076904, 182.852249146, 21.7307777405, 17.2516212463, -41.2730255127, 4.49104166031], [772.573120117, -607.108581543, 57.3166694641, 147.122634888, -95.8477172852, 142.740539551, -204.049728394, 86.1155014038, 21.7307777405, 241.824371338, 8.04752826691, 89.9939193726, -33.1137962341], [-173.209655762, 210.532196045, -58.29845047, -27.9349212646, 16.3948040009, -54.2598419189, 48.5541267395, -30.7463207245, 17.2516212463, 8.04752826691, 137.642959595, 12.3203277588, -10.3106565475], [541.999938965, -523.187316895, 87.0518875122, 180.15461731, -67.00365448, 102.853935242, -188.443130493, 29.3245391846, -41.2730255127, 89.9939193726, 12.3203277588, 179.434631348, -9.44553375244], [-102.520523071, 211.596954346, 7.46550941467, -22.7773914337, 53.6842155457, -31.5447998047, 29.5227851868, -49.036567688, 4.49104166031, -33.1137962341, -10.3106565475, -9.44553375244, 150.684066772]]}, "spectral_energyband_middle_low": {"dmean2": 0.00424518063664, "median": 0.0103304814547, "min": 1.69578033538e-22, "dvar2": 4.94095038448e-05, "dvar": 2.36309861066e-05, "dmean": 0.00288711604662, "max": 0.120994135737, "var": 0.00027808645973, "mean": 0.0155400820076}, "melbands_crest": {"dmean2": 2.94628167152, "median": 15.6118736267, "min": 1.91124272346, "dvar2": 11.0262699127, "dvar": 4.31078910828, "dmean": 1.92470085621, "max": 33.1503257751, "var": 28.7666091919, "mean": 16.1142082214}, "spectral_kurtosis": {"dmean2": 20.9339370728, "median": 17.3450813293, "min": -1.2319393158, "dvar2": 764.385070801, "dvar": 259.577850342, "dmean": 12.2323265076, "max": 263.376342773, "var": 1593.89648438, "mean": 36.0207939148}, "spectral_rms": {"dmean2": 0.000687692197971, "median": 0.00472335610539, "min": 3.16190216371e-12, "dvar2": 1.20590777897e-06, "dvar": 5.24229108123e-07, "dmean": 0.000459420785774, "max": 0.0136201828718, "var": 6.82032714394e-06, "mean": 0.00480821402743}, "zerocrossingrate": {"dmean2": 0.00534194614738, "median": 0.02294921875, "min": 0.0029296875, "dvar2": 5.76789498155e-05, "dvar": 3.89257547795e-05, "dmean": 0.00421811221167, "max": 0.51708984375, "var": 0.000990329077467, "mean": 0.0288111474365}, "silence_rate_60dB": {"dmean2": 0.0258928574622, "median": 0, "min": 0, "dvar2": 0.0290498342365, "dvar": 0.012838059105, "dmean": 0.0130085451528, "max": 1, "var": 0.118191108108, "mean": 0.136954858899}, "erbbands_kurtosis": {"dmean2": 2.84663128853, "median": 0.740541934967, "min": -1.95080757141, "dvar2": 48.8760032654, "dvar": 23.2236709595, "dmean": 1.90301060677, "max": 205.431335449, "var": 78.242729187, "mean": 3.44925284386}, "erbbands": {"dmean2": [0.0886720791459, 1.25666832924, 1.8322031498, 3.1952726841, 5.04634523392, 6.07323694229, 10.5451250076, 9.43562221527, 9.63520145416, 6.91711854935, 11.8874158859, 8.6329202652, 13.6715564728, 13.8044977188, 20.8044052124, 12.6270599365, 7.28611087799, 10.4541492462, 8.81094551086, 8.5945148468, 5.5295009613, 7.6578040123, 2.2298014164, 0.964089095592, 0.775136947632, 0.903152942657, 0.641669273376, 1.31575524807, 1.38120353222, 0.676788270473, 0.520237207413, 0.300056487322, 0.248107478023, 0.174566581845, 0.128812134266, 0.0471869371831, 0.0120278550312, 0.00238424981944, 0.000144527351949, 1.15780685519e-05], "median": [0.0222868472338, 0.435462921858, 1.30235886574, 2.16948246956, 2.87131309509, 5.51073408127, 8.87176513672, 7.45098304749, 4.87407875061, 4.07931852341, 2.93754506111, 2.36855864525, 3.70721006393, 4.34696483612, 4.54769706726, 2.40060138702, 2.37691426277, 1.50690710545, 1.76884770393, 2.07080626488, 1.16781949997, 0.701798498631, 0.422386288643, 0.224271208048, 0.171980917454, 0.0796203240752, 0.0454672984779, 0.0422716885805, 0.0225006230175, 0.0150405829772, 0.00823484919965, 0.0044967290014, 0.00224382895976, 0.00126403861213, 0.000553546706215, 0.000206127704587, 5.35905346624e-05, 1.03741022031e-05, 1.75399545697e-05, 2.70805812761e-05], "min": [1.29694134938e-22, 5.89890192033e-22, 6.46297861455e-21, 1.12095768451e-20, 1.2306486192e-20, 6.20260929958e-20, 5.15377013226e-20, 7.22617163685e-20, 1.07155509791e-19, 1.44878577563e-19, 1.55929542526e-19, 5.23098886416e-19, 6.12492140118e-19, 1.1651214261e-18, 1.04113098139e-18, 1.43022826293e-18, 1.9807844792e-18, 3.24259370294e-18, 2.4027448193e-18, 2.61448216981e-18, 4.39047161859e-18, 7.44482651787e-18, 5.77622827365e-18, 7.75370982066e-18, 1.02929193819e-17, 1.10618590347e-17, 1.14145961449e-17, 9.78318835458e-18, 1.18139167584e-17, 1.11735027748e-17, 1.3571908825e-17, 9.86724644842e-18, 9.61385042112e-18, 9.76493826872e-18, 8.03735915169e-18, 4.61862540233e-18, 2.27135917312e-18, 1.09202730108e-18, 2.76227452985e-19, 3.16617499686e-20], "dvar2": [0.0899886265397, 16.9943256378, 21.3451385498, 82.9462585449, 174.832122803, 138.925262451, 446.322021484, 677.444824219, 802.087463379, 401.222198486, 3299.42480469, 1277.01220703, 5834.48486328, 11494.1728516, 9386.09082031, 2051.25439453, 573.291259766, 1721.18676758, 571.113525391, 633.21887207, 341.723144531, 1812.76171875, 70.234954834, 5.91731452942, 4.52465105057, 35.1732902527, 14.4589595795, 34.8664283752, 82.4667816162, 7.34985113144, 3.20601201057, 0.852766275406, 0.601257801056, 0.254269599915, 0.140793636441, 0.024959500879, 0.00142337568104, 4.89608100906e-05, 2.24521045311e-07, 4.69225769351e-10], "dvar": [0.0320163778961, 6.50542402267, 8.64848041534, 29.7150707245, 56.4731025696, 61.6380996704, 226.488113403, 294.341918945, 506.962097168, 266.576293945, 1923.16760254, 837.082458496, 5308.36132813, 5875.86035156, 5145.24902344, 941.97833252, 303.415435791, 890.651855469, 310.44519043, 259.383209229, 141.221588135, 651.904907227, 27.0994777679, 2.28816580772, 1.69773328304, 12.1596946716, 5.39992761612, 12.4257555008, 28.9883079529, 2.72818994522, 1.28601920605, 0.423124849796, 0.263770252466, 0.106105431914, 0.0619950033724, 0.0142195466906, 0.000859589374159, 2.26523425226e-05, 9.42982367746e-08, 2.01248406828e-10], "dmean": [0.0547505989671, 0.800631165504, 1.20493268967, 2.03184318542, 2.93150782585, 3.98995709419, 7.68893480301, 6.15154886246, 7.01508903503, 5.39865493774, 9.22696685791, 6.9285902977, 11.7982139587, 10.0854787827, 15.3644504547, 8.98881912231, 5.23647165298, 7.58403348923, 6.30103683472, 5.58384466171, 3.3814535141, 4.43914604187, 1.36982476711, 0.582435786724, 0.461858123541, 0.519248723984, 0.382728517056, 0.765434205532, 0.794192969799, 0.411374598742, 0.318852424622, 0.19395364821, 0.152216210961, 0.10754879564, 0.0785502716899, 0.0305572543293, 0.00808660406619, 0.00156923569739, 8.73945464264e-05, 7.6409387475e-06], "max": [3.43587589264, 44.5172691345, 59.8024635315, 328.012878418, 136.017272949, 299.231536865, 682.232727051, 655.289001465, 1112.45910645, 1030.49182129, 2735.77905273, 1241.71191406, 3871.87817383, 4059.44824219, 3638.66137695, 966.852355957, 732.384216309, 756.544555664, 508.866119385, 406.03112793, 552.37713623, 389.708374023, 93.5548400879, 25.9438362122, 26.3416843414, 76.8547286987, 84.5553970337, 85.5638427734, 124.530700684, 29.3514175415, 28.5003395081, 25.0860919952, 16.7133712769, 8.44173908234, 7.04716777802, 5.80113077164, 1.59042394161, 0.1383613199, 0.00960666779429, 0.000275888276519], "var": [0.112446986139, 18.9002361298, 31.3727989197, 671.731018066, 127.33657074, 424.731231689, 3041.89086914, 1679.5020752, 5634.95556641, 3318.66894531, 22825.7285156, 9763.41796875, 39905.1210938, 12561.0957031, 23598.1542969, 10115.328125, 1406.02575684, 2834.33959961, 1429.20385742, 864.82019043, 472.967926025, 549.650146484, 38.8773880005, 4.74127817154, 2.17540025711, 7.45787620544, 5.72365283966, 14.352930069, 20.762008667, 4.46991062164, 3.83181667328, 2.0917725563, 0.613281369209, 0.411937683821, 0.166469067335, 0.0355716645718, 0.00210252939723, 3.5905311961e-05, 1.14748253566e-07, 1.16739484746e-09], "mean": [0.171694129705, 2.23107552528, 3.57321691513, 8.36487483978, 6.89597702026, 12.7184104919, 30.5620288849, 20.9508056641, 29.4509239197, 20.5773582458, 47.2621154785, 32.4326286316, 42.1547889709, 23.7222042084, 44.8083953857, 33.3698806763, 14.3799028397, 16.7459564209, 15.188498497, 13.5431632996, 8.68204593658, 6.04533004761, 2.3883368969, 1.08218073845, 0.699405968189, 0.570269465446, 0.514245688915, 1.00543963909, 0.895091176033, 0.632381677628, 0.564367890358, 0.396942138672, 0.232270419598, 0.202520117164, 0.125583156943, 0.0475797951221, 0.0123444376513, 0.00183285644744, 9.81869452517e-05, 3.66568201571e-05]}, "spectral_strongpeak": {"dmean2": 0.470808953047, "median": 0.636855006218, "min": 0, "dvar2": 0.905366718769, "dvar": 0.414891839027, "dmean": 0.288171052933, "max": 11.654624939, "var": 1.9397405386, "mean": 1.14951598644}, "spectral_energy": {"dmean2": 0.00888183619827, "median": 0.022867847234, "min": 1.02475657927e-20, "dvar2": 0.000317473080941, "dvar": 0.000130016036564, "dmean": 0.00584643706679, "max": 0.190147101879, "var": 0.000810079509392, "mean": 0.0306876301765}, "average_loudness": 0.247770398855, "spectral_rolloff": {"dmean2": 227.033355713, "median": 452.197265625, "min": 64.599609375, "dvar2": 437556.1875, "dvar": 192225.25, "dmean": 127.71395874, "max": 19207.6171875, "var": 1317625.375, "mean": 699.808227539}, "spectral_centroid": {"dmean2": 133.437194824, "median": 495.832824707, "min": 132.936889648, "dvar2": 80131.171875, "dvar": 42270.9804688, "dmean": 87.7423171997, "max": 11441.0390625, "var": 374042.34375, "mean": 612.266235352}, "pitch_salience": {"dmean2": 0.0744662582874, "median": 0.461827367544, "min": 0.0448234602809, "dvar2": 0.0068064420484, "dvar": 0.00259144208394, "dmean": 0.0472840815783, "max": 0.8091121912, "var": 0.0138307064772, "mean": 0.460145771503}, "spectral_energyband_middle_high": {"dmean2": 0.00135666609276, "median": 0.00113785895519, "min": 1.34422594972e-21, "dvar2": 1.79481721716e-05, "dvar": 9.62994090514e-06, "dmean": 0.000978415948339, "max": 0.109499171376, "var": 5.138270717e-05, "mean": 0.00371905951761}, "spectral_contrast_coeffs": {"dmean2": [0.059971190989, 0.0569204837084, 0.0495646595955, 0.0446697659791, 0.0308955367655, 0.0311581324786], "median": [-0.629454016685, -0.654784321785, -0.735126018524, -0.745292663574, -0.797638773918, -0.808120965958], "min": [-0.982135593891, -0.973425745964, -0.974654912949, -0.969552576542, -0.963421404362, -0.962331831455], "dvar2": [0.00287273223512, 0.00238538486883, 0.00182022352237, 0.00154855113942, 0.000799565343186, 0.00112190155778], "dvar": [0.00107106438372, 0.000980337848887, 0.000768644560594, 0.000670790090226, 0.000325008993968, 0.000426133658038], "dmean": [0.0362805277109, 0.0353454239666, 0.0314189642668, 0.0279658734798, 0.0189704019576, 0.018817493692], "max": [-0.297334969044, -0.361691623926, -0.390966415405, -0.463196635246, -0.610419988632, -0.609435558319], "var": [0.0101626357064, 0.0108192451298, 0.00913969054818, 0.00528476154432, 0.00226485007443, 0.0019579899963], "mean": [-0.61802560091, -0.656179785728, -0.723945736885, -0.73863607645, -0.792721807957, -0.803019583225]}, "melbands_skewness": {"dmean2": 0.842668235302, "median": 2.13853096962, "min": -3.71509861946, "dvar2": 1.75028574467, "dvar": 0.682687520981, "dmean": 0.554956912994, "max": 15.0647668839, "var": 4.2060084343, "mean": 2.44736862183}, "spectral_spread": {"dmean2": 873228.4375, "median": 2185686.25, "min": 355167.71875, "dvar2": 2209459994620.0, "dvar": 1065338142720.0, "dmean": 559364.8125, "max": 45051312, "var": 7020476891140.0, "mean": 2881690}, "dissonance": {"dmean2": 0.0510586723685, "median": 0.420521825552, "min": 0.112842172384, "dvar2": 0.0024500254076, "dvar": 0.000896503159311, "dmean": 0.0306920465082, "max": 0.499567568302, "var": 0.0032773995772, "mean": 0.409923702478}, "spectral_skewness": {"dmean2": 1.35415840149, "median": 3.20862984657, "min": -0.0564467385411, "dvar2": 2.24142360687, "dvar": 0.761441588402, "dmean": 0.80044478178, "max": 13.0080394745, "var": 4.76755905151, "mean": 3.94572329521}, "spectral_flux": {"dmean2": 0.0242284927517, "median": 0.0335964411497, "min": 6.61273119595e-11, "dvar2": 0.00148996210191, "dvar": 0.000618641788606, "dmean": 0.0149747934192, "max": 0.316145658493, "var": 0.0013338138815, "mean": 0.0417063347995}, "spectral_contrast_valleys": {"dmean2": [0.534700870514, 0.49901497364, 0.499308466911, 0.460462987423, 0.382513076067, 0.504179894924], "median": [-7.19762897491, -7.36528205872, -8.20413589478, -9.09138965607, -9.56716918945, -12.6514225006], "min": [-27.9052181244, -28.1776123047, -27.7759552002, -27.6357631683, -27.469751358, -27.366859436], "dvar2": [0.308259278536, 0.250800788403, 0.305502563715, 0.302551180124, 0.287666469812, 0.430528432131], "dvar": [0.154981866479, 0.131464242935, 0.163655593991, 0.162396922708, 0.167933389544, 0.234118014574], "dmean": [0.32381105423, 0.30442032218, 0.313552200794, 0.295949339867, 0.263313621283, 0.35108089447], "max": [-5.33969926834, -4.95150852203, -5.47372055054, -6.30768013, -6.86923885345, -8.52243614197], "var": [2.60492920876, 2.56503653526, 2.49892997742, 2.42388939857, 2.65060830116, 3.66819381714], "mean": [-7.53879165649, -7.62707471848, -8.42940139771, -9.17757225037, -9.76734542847, -12.4964542389]}, "erbbands_flatness_db": {"dmean2": 0.0260394364595, "median": 0.262620985508, "min": 0.0253329593688, "dvar2": 0.00106021785177, "dvar": 0.000540793349501, "dmean": 0.0185367912054, "max": 0.525911390781, "var": 0.00792489293963, "mean": 0.260736733675}, "spectral_energyband_high": {"dmean2": 0.00010865162767, "median": 4.96900020153e-06, "min": 7.03766880747e-21, "dvar2": 1.36077360935e-07, "dvar": 5.26775956189e-08, "dmean": 6.68046341161e-05, "max": 0.0042132018134, "var": 1.08516779562e-07, "mean": 0.000112885514682}, "spectral_entropy": {"dmean2": 0.296518683434, "median": 6.24110126495, "min": 3.37232899666, "dvar2": 0.188467308879, "dvar": 0.0898755341768, "dmean": 0.205921247602, "max": 9.81205940247, "var": 0.628557324409, "mean": 6.2713599205}, "silence_rate_20dB": {"dmean2": 0, "median": 1, "min": 1, "dvar2": 0, "dvar": 0, "dmean": 0, "max": 1, "var": 0, "mean": 1}, "melbands_flatness_db": {"dmean2": 0.0335510373116, "median": 0.37969660759, "min": 0.00355705362745, "dvar2": 0.00205788202584, "dvar": 0.00101890438236, "dmean": 0.0236323084682, "max": 0.769964814186, "var": 0.0129787586629, "mean": 0.373983919621}, "barkbands": {"dmean2": [4.13164416386e-05, 0.00485996576026, 0.0015777569497, 0.00132333626971, 0.00194210698828, 0.00119574833661, 0.000494885898661, 0.000543674454093, 0.000326095207129, 0.00055781530682, 0.000461790914414, 0.000266498769633, 0.000142548975418, 0.000210576356039, 0.000180413539056, 0.000153737637447, 0.000134247631649, 2.43877821049e-05, 1.72703203134e-05, 1.84432192327e-05, 2.42924361373e-05, 2.99105431623e-05, 2.18478344323e-05, 1.45690228237e-05, 1.67900216184e-05, 7.65647200751e-06, 9.01306236756e-07], "median": [5.34550144948e-06, 0.00160158448853, 0.00107646803372, 0.000695436669048, 0.00181892479304, 0.0012002249714, 0.00029943609843, 0.000120454831631, 6.18702179054e-05, 0.000118674004625, 8.01576825324e-05, 3.12334741466e-05, 3.34206633852e-05, 2.16726821236e-05, 2.87231778202e-05, 2.19032117457e-05, 1.35224399855e-05, 5.10676545673e-06, 3.74005958292e-06, 1.6255621631e-06, 1.16140211048e-06, 6.17720388618e-07, 3.30054490405e-07, 1.71618950162e-07, 9.37666868595e-08, 2.78191905068e-08, 7.0155077303e-09], "min": [1.30359491385e-24, 5.43798267343e-24, 5.61255759175e-24, 5.41561610018e-24, 1.41788754699e-23, 7.74547024096e-24, 6.09093033886e-24, 3.7583487115e-24, 2.35835568528e-23, 1.71890109121e-23, 2.0091504706e-23, 3.4078595468e-23, 4.96786259468e-23, 3.96822247321e-23, 4.64395378264e-23, 5.26602929766e-23, 1.03862796244e-22, 1.0259574048e-22, 1.66233654575e-22, 2.213401074e-22, 2.36882333307e-22, 3.45847248383e-22, 5.05706793248e-22, 6.69779865088e-22, 9.97288003313e-22, 1.36434081733e-21, 2.08647868074e-21], "dvar2": [2.37826256466e-08, 0.000258670741459, 1.69484519574e-05, 1.10616101665e-05, 1.29451254907e-05, 8.09088305687e-06, 1.57181204941e-06, 4.96579241371e-06, 2.02562773666e-06, 1.15871298476e-05, 4.08987943956e-06, 1.09566303763e-06, 2.32446538462e-07, 6.81683502535e-07, 2.92251542078e-07, 3.63633745337e-07, 4.55030999547e-07, 7.04329838896e-09, 2.22512830383e-09, 1.43483500636e-08, 1.18515695036e-08, 2.9443592453e-08, 7.95466181813e-09, 1.93594340558e-09, 2.30597452244e-09, 5.79054859617e-10, 8.91670765002e-12], "dvar": [8.39937097652e-09, 9.78002790362e-05, 6.06704952588e-06, 4.0477643779e-06, 5.03682167619e-06, 3.89481783714e-06, 9.38863365718e-07, 3.06105516756e-06, 1.56021326347e-06, 7.27038423065e-06, 2.46097829404e-06, 4.77935373056e-07, 1.24151924297e-07, 3.49963755752e-07, 1.68600678307e-07, 1.41779423757e-07, 1.64271682479e-07, 2.96479774065e-09, 8.08471178892e-10, 4.97450480808e-09, 4.31281899083e-09, 1.05193107558e-08, 2.97560553975e-09, 9.30718446757e-10, 9.81921877141e-10, 3.57157525777e-10, 3.82363194926e-12], "dmean": [2.40691260842e-05, 0.00308434013277, 0.0010165234562, 0.000823342707008, 0.0012344220886, 0.000832082587294, 0.000365265033906, 0.000432234344771, 0.000267743278528, 0.000435727095464, 0.000346434506355, 0.000183883763384, 0.00010187785665, 0.000151520493091, 0.000129140389618, 9.37864388106e-05, 7.86464515841e-05, 1.55943507707e-05, 1.00618217402e-05, 1.06827756099e-05, 1.4431906493e-05, 1.74736105691e-05, 1.32174691316e-05, 9.35803564062e-06, 1.02132389657e-05, 5.11645612278e-06, 5.37942753454e-07], "max": [0.00268112402409, 0.16998514533, 0.0850365012884, 0.118372276425, 0.0642652660608, 0.0743717625737, 0.0438698716462, 0.0993339270353, 0.0797907263041, 0.106745287776, 0.0772161260247, 0.0236071962863, 0.014899302274, 0.0151046784595, 0.00827870611101, 0.0149841252714, 0.00608228845522, 0.00132357515395, 0.000506427022628, 0.00162030034699, 0.0015668409178, 0.00234567187726, 0.000885216111783, 0.00123260135297, 0.000994464033283, 0.00102383666672, 6.63548635202e-05],