{"tonal": {"thpcp": [1, 0.607573568821, 0.243916764855, 0.230553716421, 0.2201782763, 0.218087598681, 0.270874381065, 0.293484926224, 0.263847231865, 0.279249340296, 0.28914052248, 0.29953199625, 0.344698280096, 0.333157658577, 0.290489792824, 0.257747292519, 0.226438313723, 0.239760681987, 0.322587788105, 0.339123815298, 0.303046345711, 0.336510628462, 0.317279785872, 0.249992400408, 0.229111805558, 0.222950562835, 0.261563509703, 0.331716835499, 0.365090429783, 0.385095775127, 0.404190391302, 0.400974571705, 0.513153493404, 0.735737800598, 0.68947070837, 0.793829083443], "hpcp": {"dmean2": [0.271412223577, 0.260225653648, 0.240238457918, 0.218163728714, 0.189679056406, 0.183053910732, 0.214470073581, 0.233971565962, 0.229485720396, 0.254471927881, 0.252598822117, 0.201350942254, 0.196790277958, 0.177374005318, 0.200813367963, 0.260143339634, 0.27621948719, 0.290352731943, 0.360240906477, 0.377823770046, 0.418718546629, 0.466188818216, 0.433888971806, 0.53269892931, 0.731413841248, 0.443895101547, 0.207550987601, 0.183070614934, 0.168253794312, 0.163695260882, 0.207085952163, 0.241128221154, 0.213566869497, 0.206827044487, 0.232638597488, 0.25278660655], "median": [0.0450965315104, 0.0470192357898, 0.0467877537012, 0.0408304594457, 0.037281088531, 0.0399010293186, 0.059050694108, 0.0609107688069, 0.0530597083271, 0.0418957322836, 0.0409353896976, 0.0384677350521, 0.032661318779, 0.0323837734759, 0.0394164286554, 0.0465580485761, 0.042711455375, 0.0420607924461, 0.046135134995, 0.0445011891425, 0.0688667371869, 0.134975731373, 0.126818358898, 0.2243591398, 0.188811436296, 0.118529371917, 0.0326212234795, 0.0364145636559, 0.0361483693123, 0.0343218520284, 0.0392183326185, 0.0400328561664, 0.0397651903331, 0.0414069145918, 0.0397735647857, 0.0414570942521], "min": [0, 0, 0, 0, 0, 0, 0, 0, 0, 0, 0, 0, 0, 0, 0, 0, 0, 0, 0, 0, 0, 0, 0, 0, 0, 0, 0, 0, 0, 0, 0, 0, 0, 0, 0, 0], "dvar2": [0.13257317245, 0.144471570849, 0.125113323331, 0.107422634959, 0.101782821119, 0.077001363039, 0.0844600722194, 0.100033648312, 0.101298429072, 0.14673307538, 0.1438690871, 0.0981309935451, 0.100288510323, 0.0898137837648, 0.0952501669526, 0.14339697361, 0.131024569273, 0.145666867495, 0.204456493258, 0.214400172234, 0.19833342731, 0.207852512598, 0.194441869855, 0.178883910179, 0.342007607222, 0.15158110857, 0.10805400461, 0.0801207572222, 0.0707923397422, 0.0656185597181, 0.109248638153, 0.141780272126, 0.114541225135, 0.0965902209282, 0.125274866819, 0.1418222785], "dvar": [0.0501215830445, 0.0525785572827, 0.0437550768256, 0.0371228158474, 0.0350703261793, 0.0277312751859, 0.0322415605187, 0.0378002822399, 0.0372503250837, 0.0555021725595, 0.0536650195718, 0.0350866094232, 0.0336272343993, 0.0311246104538, 0.0354194156826, 0.0518394820392, 0.0533939637244, 0.0588026642799, 0.0770957767963, 0.0784550756216, 0.0744749903679, 0.0828886702657, 0.0723207965493, 0.0650126263499, 0.138232156634, 0.0582529455423, 0.0377794839442, 0.0285620037466, 0.0261425878853, 0.0238392520696, 0.0379852391779, 0.0502974316478, 0.0410474836826, 0.0370167419314, 0.045986533165, 0.0508498847485], "dmean": [0.153590559959, 0.147228524089, 0.133475318551, 0.11959079653, 0.104742258787, 0.102645576, 0.121695011854, 0.133697077632, 0.130488812923, 0.144754633307, 0.141524404287, 0.112244009972, 0.108437754214, 0.0983205586672, 0.113196976483, 0.148517400026, 0.154610112309, 0.163742169738, 0.196769207716, 0.206272050738, 0.233369678259, 0.268897026777, 0.251089036465, 0.297125577927, 0.39561265707, 0.243740648031, 0.114003062248, 0.102046459913, 0.0953229516745, 0.0916267931461, 0.115412056446, 0.132846042514, 0.118258185685, 0.117361709476, 0.131377384067, 0.141100391746], "max": [1, 1, 1, 1, 1, 1, 1, 1, 1, 1, 1, 1, 1, 1, 1, 1, 1, 1, 1, 1, 1, 1, 1, 1, 1, 1, 1, 1, 1, 1, 1, 1, 1, 1, 1, 1], "var": [0.0463213101029, 0.0456476137042, 0.0345480330288, 0.0271912422031, 0.025201164186, 0.0234176274389, 0.0332512445748, 0.0367078408599, 0.0325142256916, 0.052823856473, 0.0484233982861, 0.027046808973, 0.0247747823596, 0.0258536636829, 0.0303179938346, 0.0456872470677, 0.0560459829867, 0.0624745897949, 0.0669044777751, 0.0643768534064, 0.0761939138174, 0.110506236553, 0.0966163128614, 0.0820119082928, 0.162714093924, 0.0653621181846, 0.0304614342749, 0.0223911609501, 0.0209654718637, 0.0204817745835, 0.0319376140833, 0.0394556224346, 0.0328245982528, 0.0352651141584, 0.0397324860096, 0.0411547981203], "mean": [0.1362285465, 0.13166756928, 0.114804752171, 0.101864561439, 0.0894909054041, 0.094756051898, 0.127490237355, 0.134025454521, 0.119767248631, 0.132992699742, 0.125392451882, 0.0987997427583, 0.0905475020409, 0.0881125107408, 0.103372775018, 0.131098136306, 0.144287750125, 0.152194082737, 0.1597404778, 0.158469557762, 0.202803894877, 0.290771663189, 0.272486388683, 0.313729971647, 0.395210981369, 0.240119755268, 0.0963985845447, 0.0911173596978, 0.0870168730617, 0.086190611124, 0.107052527368, 0.115988470614, 0.104275323451, 0.110362403095, 0.114271506667, 0.118378333747]}, "tuning_equal_tempered_deviation": 0.10839471966, "chords_changes_rate": 0.117179743946, "key_key": "A", "tuning_diatonic_strength": 0.414648681879, "key_scale": "minor", "chords_number_rate": 0.0119165843353, "tuning_frequency": 434.193115234, "tuning_nontempered_energy_ratio": 0.822563529015, "chords_histogram": [21.251241684, 12.6117181778, 4.46871900558, 0, 0, 1.39026808739, 0, 5.46176767349, 3.77358484268, 13.9026813507, 0, 0.0993048623204, 0, 0, 3.77358484268, 0.297914594412, 1.09235358238, 0, 0, 0, 0, 11.9165840149, 18.6693153381, 1.29096329212], "key_strength": 0.568026125431, "chords_key": "A", "chords_strength": {"dmean2": 0.0186080876738, "median": 0.395670443773, "min": 0.216907858849, "dvar2": 0.000260402099229, "dvar": 0.000134371744934, "dmean": 0.0137123232707, "max": 0.636406838894, "var": 0.0107331126928, "mean": 0.405917555094}, "chords_scale": "minor", "hpcp_entropy": {"dmean2": 1.3048940897, "median": 2.96555709839, "min": 0, "dvar2": 1.02475273609, "dvar": 0.37651515007, "dmean": 0.769410908222, "max": 4.76953077316, "var": 0.668553709984, "mean": 2.86234211922}}, "metadata": {"audio_properties": {"equal_loudness": 0, "codec": "mp3", "downmix": "mix", "sample_rate": 44100, "analysis_sample_rate": 44100, "bit_rate": 143425, "md5_encoded": "c2cda309b05f05b5853dd5159fe2095f", "length": 46.6808166504, "replay_gain": -9.8891658783, "lossless": false}, "version": {"essentia_build_sha": "2d9f1f26377add8aeb1075a9c2973f962c4f09fd", "essentia": "2.1-beta2", "extractor": "music 1.0", "essentia_git_sha": "v2.1_beta2-1-ge3940c0"}, "tags": {"title": ["B.O.S."], "media": ["7\" Vinyl"], "albumartist": ["Blemish On Society"], "musicbrainz_recordingid": ["0a03beef-2a0d-4561-adb6-6d82732aa7cf"], "musicbrainz_albumartistid": ["549223d6-7f6a-4f35-b4e4-500902a452ba"], "discnumber": ["1/1"], "album": ["The New Beginning"], "catalognumber": ["001"], "musicbrainz album release country": ["US"], "musicbrainz album type": ["ep"], "musicbrainz album status": ["official"], "file_name": "01 - B.O.S..mp3", "date": ["1988"], "genre": ["Hardcore Punk"], "script": ["Latn"], "originaldate": ["1988"], "musicbrainz_albumid": ["d6610980-b8b5-4f6c-b198-cc381baca6db"], "artist": ["Blemish on Society"], "artistsort": ["Blemish On Society"], "tracknumber": ["1/10"], "label": ["Kickboot Records"], "albumartistsort": ["Blemish On Society"], "musicbrainz_artistid": ["549223d6-7f6a-4f35-b4e4-500902a452ba"]}}, "rhythm": {"bpm_histogram_first_peak_bpm": {"dmean2": 0, "median": 126, "min": 126, "dvar2": 0, "dvar": 0, "dmean": 0, "max": 126, "var": 0, "mean": 126}, "bpm": 126.313911438, "bpm_histogram_second_peak_spread": {"dmean2": 0, "median": 0.636363625526, "min": 0.636363625526, "dvar2": 0, "dvar": 0, "dmean": 0, "max": 0.636363625526, "var": 0, "mean": 0.636363625526}, "bpm_histogram_first_peak_weight": {"dmean2": 0, "median": 0.473684221506, "min": 0.473684221506, "dvar2": 0, "dvar": 0, "dmean": 0, "max": 0.473684221506, "var": 0, "mean": 0.473684221506}, "onset_rate": 2.76258897781, "beats_position": [0.49922901392, 1.01006805897, 1.53251695633, 2.04335594177, 2.56580495834, 3.08825397491, 3.62231278419, 4.15637159348, 4.66721057892, 5.17804956436, 5.67727899551, 6.17650794983, 6.67573690414, 7.17496585846, 7.66258478165, 8.15020370483, 8.63782310486, 9.12544155121, 9.6014509201, 10.077460289, 10.5650787354, 11.0294780731, 11.5170974731, 11.9931058884, 12.4691152573, 12.9567346573, 13.4327430725, 13.9087524414, 14.3731517792, 14.8259410858, 15.2787294388, 15.7315187454, 16.1959171295, 16.6719264984, 17.1363258362, 17.600725174, 18.0767345428, 18.5527439117, 19.0171432495, 19.4815406799, 19.9575500488, 20.4219493866, 20.8979587555, 21.3623580933, 21.826757431, 22.2911567688, 22.7671642303, 23.2431735992, 23.7307929993, 24.2068023682, 24.6828117371, 25.158821106, 25.6348285675, 26.1108379364, 26.5868473053, 27.0628566742, 27.5388660431, 28.014875412, 28.4908847809, 28.9785022736, 29.4661216736, 29.9421310425, 30.4181404114, 30.8941497803, 31.3701572418, 31.8577766418, 32.3453979492, 32.8097953796, 33.2741928101, 33.750202179, 34.2262115479, 34.7022209167, 35.1782302856, 35.6426315308, 36.1070289612, 36.5714263916, 37.0358276367, 37.5002250671, 37.9646263123, 38.4290237427, 38.9050331116, 39.3810424805, 39.8570518494, 40.3330612183, 40.8206787109, 41.2966880798, 41.7726974487, 42.2603149414, 42.7363243103, 43.2123336792, 43.6883430481, 44.164352417, 44.6403617859, 45.1163711548, 45.5923805237, 46.0683898926], "beats_loudness": {"dmean2": 0.0525697208941, "median": 0.0474741309881, "min": 4.39423183707e-06, "dvar2": 0.00195935345255, "dvar": 0.000580503721721, "dmean": 0.0294740609825, "max": 0.143234416842, "var": 0.000946344342083, "mean": 0.0502801090479}, "danceability": 1.2290353775, "bpm_histogram_second_peak_weight": {"dmean2": 0, "median": 0.0421052649617, "min": 0.0421052649617, "dvar2": 0, "dvar": 0, "dmean": 0, "max": 0.0421052649617, "var": 0, "mean": 0.0421052649617}, "beats_count": 96, "bpm_histogram_second_peak_bpm": {"dmean2": 0, "median": 117, "min": 117, "dvar2": 0, "dvar": 0, "dmean": 0, "max": 117, "var": 0, "mean": 117}, "bpm_histogram_first_peak_spread": {"dmean2": 0, "median": 0.430379748344, "min": 0.430379748344, "dvar2": 0, "dvar": 0, "dmean": 0, "max": 0.430379748344, "var": 0, "mean": 0.430379748344}, "beats_loudness_band_ratio": {"dmean2": [0.430338382721, 0.0882032960653, 0.087381914258, 0.117758356035, 0.113469675183, 0.125395014882], "median": [0.716140270233, 0.0419646054506, 0.037280343473, 0.0405040979385, 0.0634618401527, 0.0659623146057], "min": [0.126277253032, 0.00394711317495, 0.00191831984557, 0.00192578951828, 0.000367019994883, 2.91367850878e-05], "dvar2": [0.0933538377285, 0.00439076824114, 0.00781936850399, 0.0224447268993, 0.00974195078015, 0.0132206715643], "dvar": [0.0302658863366, 0.00149159808643, 0.00288585643284, 0.00685098441318, 0.00274964352138, 0.00381322344765], "dmean": [0.229073509574, 0.0455552600324, 0.0516938343644, 0.0640234723687, 0.063288487494, 0.0693100020289], "max": [0.96299046278, 0.211926475167, 0.291821837425, 0.501740038395, 0.325968444347, 0.32121142745], "var": [0.0466144531965, 0.00159954710398, 0.00407009618357, 0.00632641650736, 0.0033804345876, 0.00413341959938], "mean": [0.668946564198, 0.0487476624548, 0.0621597059071, 0.0680920779705, 0.0791325494647, 0.0873707607388]}}, "lowlevel": {"barkbands_spread": {"dmean2": 14.2785196304, "median": 37.3046112061, "min": 0.425668120384, "dvar2": 155.78894043, "dvar": 72.7984848022, "dmean": 9.30888080597, "max": 98.3221969604, "var": 290.082336426, "mean": 35.9335174561}, "melbands_spread": {"dmean2": 18.5153961182, "median": 29.5022926331, "min": 0.283690094948, "dvar2": 291.119628906, "dvar": 144.851913452, "dmean": 12.3128709793, "max": 138.765441895, "var": 453.9168396, "mean": 31.8249034882}, "hfc": {"dmean2": 8.81142711639, "median": 25.2844619751, "min": 1.15335778042e-16, "dvar2": 94.789642334, "dvar": 51.8110580444, "dmean": 6.27741622925, "max": 108.81817627, "var": 332.073181152, "mean": 28.3535938263}, "barkbands_kurtosis": {"dmean2": 10.7098331451, "median": 0.33257830143, "min": -1.82513988018, "dvar2": 3551.38354492, "dvar": 1061.65917969, "dmean": 6.36585521698, "max": 970.280212402, "var": 1387.18859863, "mean": 6.7530465126}, "gfcc": {"mean": [33.3320808411, 50.1078910828, -100.196350098, 44.4157829285, -30.8463363647, 15.580078125, -22.7274188995, 15.8286275864, -27.7980899811, 5.80996656418, -23.8909721375, 4.55213880539, -19.8494853973], "icov": [[0.00024065146863, -0.000605956825893, 0.00115098396782, -0.00124369305559, 0.00134492537472, -0.00110680994112, 0.000657362223137, -0.000327669316903, 0.000198672205443, -0.000277701008599, 0.000296898535453, -0.000121035023767, -8.74353208928e-05], [-0.000605956825893, 0.00510777067393, -0.0039936164394, 0.00586951710284, -0.00602227356285, 0.00512864580378, -0.00363041437231, 0.00287282140926, -0.00400029402226, 0.00588482012972, -0.00511241238564, 0.00454457476735, -0.00110766617581], [0.00115098396782, -0.0039936164394, 0.0109306732193, -0.0113295661286, 0.0118039473891, -0.0109112411737, 0.0039429878816, 0.00226956955157, -0.00427986262366, 0.00262382999063, -0.00375776528381, 0.00532086286694, -0.00465249177068], [-0.00124369305559, 0.00586951710284, -0.0113295661286, 0.0194367896765, -0.0180760007352, 0.0115053057671, -0.00472032930702, -0.000110546025098, 0.00437491666526, -0.0068784551695, 0.00814146082848, -0.00767728546634, 0.00673285266384], [0.00134492537472, -0.00602227356285, 0.0118039473891, -0.0180760007352, 0.0266498960555, -0.0165328457952, 0.00243507605046, 0.00340111553669, -0.00906422268599, 0.0138090392575, -0.0132596017793, 0.00804838165641, -0.00551512045786], [-0.00110680994112, 0.00512864580378, -0.0109112411737, 0.0115053057671, -0.0165328457952, 0.0262730699033, -0.00725434953347, -0.00389312650077, 0.0102789513767, -0.0104095861316, 0.00299364724196, -0.000157752452651, -0.00140071345959], [0.000657362223137, -0.00363041437231, 0.0039429878816, -0.00472032930702, 0.00243507605046, -0.00725434953347, 0.0177302863449, -0.00797679740936, -0.00209310068749, 0.00191192107741, 0.00280956784263, -0.00329202204011, 0.00417946698144], [-0.000327669316903, 0.00287282140926, 0.00226956955157, -0.000110546025098, 0.00340111553669, -0.00389312650077, -0.00797679740936, 0.0218617804348, -0.0130282510072, 0.00681563466787, -0.00624563731253, 0.00759426178411, -0.00765526480973], [0.000198672205443, -0.00400029402226, -0.00427986262366, 0.00437491666526, -0.00906422268599, 0.0102789513767, -0.00209310068749, -0.0130282510072, 0.0357335470617, -0.0314051359892, 0.0175276212394, -0.0116441491991, 0.00362829514779], [-0.000277701008599, 0.00588482012972, 0.00262382999063, -0.0068784551695, 0.0138090392575, -0.0104095861316, 0.00191192107741, 0.00681563466787, -0.0314051359892, 0.0595949329436, -0.0414853356779, 0.0206915587187, -0.00562873622403], [0.000296898535453, -0.00511241238564, -0.00375776528381, 0.00814146082848, -0.0132596017793, 0.00299364724196, 0.00280956784263, -0.00624563731253, 0.0175276212394, -0.0414853356779, 0.0547093637288, -0.0362408421934, 0.0122585268691], [-0.000121035023767, 0.00454457476735, 0.00532086286694, -0.00767728546634, 0.00804838165641, -0.000157752452651, -0.00329202204011, 0.00759426178411, -0.0116441491991, 0.0206915587187, -0.0362408421934, 0.0562133230269, -0.0290976166725], [-8.74353208928e-05, -0.00110766617581, -0.00465249177068, 0.00673285266384, -0.00551512045786, -0.00140071345959, 0.00417946698144, -0.00765526480973, 0.00362829514779, -0.00562873622403, 0.0122585268691, -0.0290976166725, 0.0412809625268]], "cov": [[11391.2460938, -373.666229248, -1292.45910645, -108.463432312, -391.601318359, -120.782470703, -139.332489014, 155.939819336, -217.089080811, -67.4484329224, -188.294906616, 24.2631626129, -44.3635215759], [-373.666229248, 912.506469727, 59.9088172913, -123.967552185, 176.321029663, -47.5056724548, 99.0059432983, -37.5284919739, 77.7773666382, -78.7114486694, 28.4081687927, -51.8885383606, -6.95360851288], [-1292.45910645, 59.9088172913, 492.803619385, 146.455566406, 32.6420478821, 85.098449707, -10.1932868958, -41.3015098572, 42.9070663452, 48.4480018616, 35.3046035767, -12.1933279037, 14.9014835358], [-108.463432312, -123.967552185, 146.455566406, 239.667510986, 85.4791183472, 35.7339477539, 7.79679822922, -14.451166153, 0.612111926079, 18.3658809662, 1.63548195362, 8.78467273712, -8.81941699982], [-391.601318359, 176.321029663, 32.6420478821, 85.4791183472, 193.986251831, 41.6608581543, 53.1683502197, -6.82497644424, 24.8454799652, -15.933382988, 29.4075107574, 0.745026886463, 1.75669145584], [-120.782470703, -47.5056724548, 85.098449707, 35.7339477539, 41.6608581543, 104.837783813, 22.7602005005, 18.4071159363, 2.13715004921, 25.7658500671, 21.2780246735, 4.97617149353, 12.9788160324], [-139.332489014, 99.0059432983, -10.1932868958, 7.79679822922, 53.1683502197, 22.7602005005, 112.405532837, 44.4922447205, 30.61652565, -8.34007263184, 0.134740129113, -5.24049377441, -2.87513375282], [155.939819336, -37.5284919739, -41.3015098572, -14.451166153, -6.82497644424, 18.4071159363, 44.4922447205, 98.5108337402, 38.8266029358, 19.6885280609, 5.04362726212, 6.23863887787, 12.6734619141], [-217.089080811, 77.7773666382, 42.9070663452, 0.612111926079, 24.8454799652, 2.13715004921, 30.61652565, 38.8266029358, 91.3357315063, 43.6911659241, 26.3228168488, 6.49450159073, 8.54604053497], [-67.4484329224, -78.7114486694, 48.4480018616, 18.3658809662, -15.933382988, 25.7658500671, -8.34007263184, 19.6885280609, 43.6911659241, 82.7788391113, 50.5361213684, 19.4917736053, 9.63013839722], [-188.294906616, 28.4081687927, 35.3046035767, 1.63548195362, 29.4075107574, 21.2780246735, 0.134740129113, 5.04362726212, 26.3228168488, 50.5361213684, 81.545715332, 37.1690788269, 16.2092266083], [24.2631626129, -51.8885383606, -12.1933279037, 8.78467273712, 0.745026886463, 4.97617149353, -5.24049377441, 6.23863887787, 6.49450159073, 19.4917736053, 37.1690788269, 55.9149742126, 28.2700653076], [-44.3635215759, -6.95360851288, 14.9014835358, -8.81941699982, 1.75669145584, 12.9788160324, -2.87513375282, 12.6734619141, 8.54604053497, 9.63013839722, 16.2092266083, 28.2700653076, 46.0531692505]]}, "spectral_energyband_middle_low": {"dmean2": 0.00823918078095, "median": 0.00558097753674, "min": 2.39820505702e-22, "dvar2": 0.000216228261706, "dvar": 8.45461981953e-05, "dmean": 0.00504564167932, "max": 0.142450153828, "var": 0.000110698245408, "mean": 0.00870613753796}, "melbands_crest": {"dmean2": 7.91832256317, "median": 16.7016143799, "min": 2.04857325554, "dvar2": 38.9418563843, "dvar": 18.5418319702, "dmean": 5.30413770676, "max": 39.4981765747, "var": 55.3235664368, "mean": 17.9097251892}, "spectral_kurtosis": {"dmean2": 1.63073933125, "median": 4.16763687134, "min": -1.20406234264, "dvar2": 11.7929544449, "dvar": 5.43220090866, "dmean": 1.00920689106, "max": 72.0179901123, "var": 25.4134025574, "mean": 4.78799009323}, "spectral_rms": {"dmean2": 0.00199593021534, "median": 0.00512141361833, "min": 3.16979493868e-12, "dvar2": 4.28085877502e-06, "dvar": 2.08182973438e-06, "dmean": 0.00134730897844, "max": 0.0143579933792, "var": 6.58352155369e-06, "mean": 0.0055582197383}, "zerocrossingrate": {"dmean2": 0.0178385414183, "median": 0.07958984375, "min": 0.001953125, "dvar2": 0.000335573568009, "dvar": 0.000300926098134, "dmean": 0.0158831011504, "max": 0.498046875, "var": 0.00163245666772, "mean": 0.0814718604088}, "silence_rate_60dB": {"dmean2": 0.00995024852455, "median": 0, "min": 0, "dvar2": 0.0128364861012, "dvar": 0.00494799017906, "dmean": 0.00497265020385, "max": 1, "var": 0.040006749332, "mean": 0.0417495034635}, "erbbands_kurtosis": {"dmean2": 1.18326044083, "median": 0.00765544641763, "min": -1.66966891289, "dvar2": 1.79475843906, "dvar": 0.697753787041, "dmean": 0.71305847168, "max": 13.8254232407, "var": 1.67550325394, "mean": 0.257410556078}, "erbbands": {"dmean2": [0.837700664997, 4.7500243187, 7.57443475723, 12.0316705704, 10.5871295929, 5.7908539772, 6.07156801224, 9.01327800751, 12.4608678818, 11.0404558182, 18.9292106628, 38.1865844727, 33.5887947083, 23.0246601105, 20.0417747498, 18.0230102539, 18.243724823, 26.9426040649, 26.1259727478, 25.4680709839, 33.50233078, 25.2895889282, 24.7649478912, 24.7194328308, 27.480638504, 19.3014831543, 12.1088161469, 7.99184370041, 5.40709781647, 4.79960823059, 2.69166517258, 1.57641041279, 1.06471955776, 0.724905371666, 0.250933259726, 0.269469887018, 0.162038505077, 0.0576287843287, 0.00122160208412, 4.50816041848e-05], "median": [0.137046962976, 1.15549230576, 1.78025627136, 3.83855390549, 4.3366727829, 3.9792971611, 2.75687861443, 1.82297039032, 1.76725578308, 3.18715810776, 5.85943317413, 9.93602561951, 9.91285705566, 9.88871097565, 11.9745979309, 12.1273670197, 14.2391014099, 18.3890571594, 17.3034572601, 17.9958305359, 29.3545227051, 27.1836433411, 32.1650810242, 36.8984222412, 38.8376235962, 29.0569496155, 16.6463775635, 9.22587680817, 6.22799015045, 5.11737155914, 3.51428484917, 2.55792093277, 1.71687459946, 0.938581466675, 0.364594757557, 0.45373493433, 0.316888809204, 0.0908507406712, 0.00181012589019, 9.27229120862e-05], "min": [1.30034024179e-21, 3.68088183223e-21, 8.59012283514e-21, 9.38477440855e-21, 4.83786080904e-20, 7.73166494035e-20, 1.70289643529e-19, 1.53941052032e-19, 1.94185573106e-19, 8.25739612227e-19, 5.26349706223e-19, 2.82603898814e-18, 3.29292205974e-18, 2.94831303308e-18, 1.50428057329e-18, 2.97648266884e-18, 5.33282017424e-18, 6.43432076129e-18, 5.32704562638e-18, 4.11692009489e-18, 1.29956559328e-17, 1.39049540735e-17, 9.31753943645e-18, 8.73399991024e-18, 1.28642988244e-17, 2.09189013831e-17, 1.45042927494e-17, 1.6703082747e-17, 1.69704754974e-17, 1.79392446154e-17, 1.58606555414e-17, 1.58990631916e-17, 1.54027250456e-17, 1.0592951025e-17, 8.98756799111e-18, 5.64120055122e-18, 3.15627864679e-18, 1.57026446056e-18, 3.6182591223e-19, 3.17873618683e-20], "dvar2": [1.78550136089, 63.7095222473, 158.495544434, 618.273193359, 508.269714355, 48.9936790466, 167.546524048, 889.232299805, 3977.3515625, 2950.88085938, 3754.44042969, 14957.6152344, 9951.73046875, 3832.93481445, 2159.40795898, 1439.47375488, 1116.55541992, 2061.44824219, 2345.94433594, 1881.59851074, 1941.10327148, 846.227844238, 729.581298828, 693.433105469, 956.248901367, 455.06072998, 185.164260864, 131.782943726, 53.4482498169, 59.4151115417, 13.7770137787, 3.72971868515, 1.80245614052, 1.01198756695, 0.10917404294, 0.118039168417, 0.0391374267638, 0.00517376558855, 2.49929144047e-06, 2.19647655619e-09], "dvar": [0.912668347359, 24.9280281067, 56.8934898376, 233.902709961, 184.345779419, 18.0773391724, 71.0932617188, 345.224273682, 1628.82165527, 1107.26696777, 1580.49023438, 6187.68652344, 4579.75537109, 1668.73937988, 941.178955078, 615.825195313, 468.904083252, 884.358947754, 1039.91149902, 758.095947266, 770.815002441, 324.559906006, 273.375305176, 248.574417114, 367.161712646, 175.845443726, 84.3220825195, 55.0844573975, 24.3263282776, 26.7723045349, 6.03276968002, 1.72301375866, 0.877429902554, 0.445178836584, 0.0534382611513, 0.0535572618246, 0.0188650414348, 0.00227696076035, 1.06413074263e-06, 1.07139652705e-09], "dmean": [0.565867245197, 2.85690498352, 4.27027893066, 7.16558456421, 6.21696186066, 3.39950060844, 3.6421854496, 5.68079471588, 7.69653606415, 6.57136106491, 11.3783912659, 23.1757888794, 21.383682251, 14.7286329269, 12.4543094635, 11.131193161, 11.4482526779, 16.6160545349, 16.8596839905, 15.650932312, 19.8418331146, 14.9632911682, 14.7651023865, 14.8274917603, 16.4688549042, 11.6956481934, 7.7040271759, 5.1276884079, 3.50580954552, 3.163449049, 1.73686516285, 1.02089703083, 0.710395336151, 0.466165155172, 0.168746933341, 0.179479166865, 0.106997691095, 0.0367447212338, 0.000770987186115, 3.04352124658e-05], "max": [7.99471235275, 36.5208244324, 75.3379135132, 239.120422363, 232.105178833, 41.2957115173, 178.968978882, 396.751251221, 756.141052246, 765.366333008, 747.725097656, 1614.78149414, 1442.0526123, 783.981201172, 850.678649902, 599.36126709, 444.788909912, 475.246826172, 663.511169434, 519.268188477, 590.171386719, 255.448394775, 201.749145508, 197.211166382, 246.814147949, 160.647171021, 125.867286682, 135.267150879, 65.4678039551, 88.1854400635, 42.6237106323, 20.6548461914, 13.234913826, 8.61780929565, 3.54938364029, 3.53589510918, 2.63688731194, 1.01756989956, 0.0225982684642, 0.000561736058444], "var": [1.26046168804, 23.9018516541, 48.6763687134, 244.609222412, 179.221725464, 26.7358989716, 115.551628113, 431.785766602, 1748.78869629, 866.303771973, 1564.51391602, 6565.90917969, 7428.58496094, 2936.79882813, 1314.68676758, 918.315002441, 693.887390137, 1278.72705078, 1624.74731445, 1724.4901123, 1820.99060059, 647.592163086, 643.248901367, 641.366882324, 1056.01416016, 532.633239746, 275.310028076, 157.313247681, 72.5885009766, 72.1016159058, 18.2698745728, 6.80643415451, 3.84362626076, 1.49264633656, 0.211877629161, 0.235019132495, 0.0971769466996, 0.00872307643294, 3.66678068531e-06, 4.41833680753e-09], "mean": [0.640386879444, 3.00913763046, 4.30815458298, 8.68716907501, 8.13696861267, 5.47263526917, 5.28085279465, 6.99955892563, 8.60382080078, 7.63090133667, 14.4057092667, 28.8062210083, 29.7707977295, 22.5610198975, 19.7391414642, 18.2917861938, 20.305109024, 27.1963291168, 28.0177078247, 29.0660114288, 38.1870117188, 31.9082717896, 35.7009391785, 39.1147041321, 43.7548980713, 32.3712997437, 20.5950603485, 12.8334569931, 8.54747009277, 7.51757478714, 4.59488677979, 3.06999349594, 2.13569092751, 1.24591970444, 0.47216668725, 0.557902216911, 0.380415588617, 0.111461803317, 0.00225079571828, 0.000102824771602]}, "spectral_strongpeak": {"dmean2": 0.552982151508, "median": 0.298309147358, "min": 0, "dvar2": 0.858244776726, "dvar": 0.342503279448, "dmean": 0.336928337812, "max": 9.27055358887, "var": 0.447457700968, "mean": 0.477934747934}, "spectral_energy": {"dmean2": 0.0287704020739, "median": 0.0268846191466, "min": 1.02987895984e-20, "dvar2": 0.00128004211001, "dvar": 0.0005791176809, "dmean": 0.0189221575856, "max": 0.211305782199, "var": 0.00110167067032, "mean": 0.0384142585099}, "average_loudness": 0.937975645065, "spectral_rolloff": {"dmean2": 1233.54150391, "median": 2153.3203125, "min": 21.533203125, "dvar2": 1532695.5, "dvar": 881255.875, "dmean": 786.417175293, "max": 18604.6875, "var": 2419975.5, "mean": 2009.92150879}, "spectral_centroid": {"dmean2": 493.856933594, "median": 2277.82006836, "min": 151.565261841, "dvar2": 234831.40625, "dvar": 122038.320313, "dmean": 311.31640625, "max": 10974.0546875, "var": 404920.84375, "mean": 2200.5}, "pitch_salience": {"dmean2": 0.171351224184, "median": 0.577490925789, "min": 0.0392592847347, "dvar2": 0.0200240500271, "dvar": 0.00934159103781, "dmean": 0.109369911253, "max": 0.965728402138, "var": 0.0234536379576, "mean": 0.534670770168}, "spectral_energyband_middle_high": {"dmean2": 0.00271267606877, "median": 0.00522260647267, "min": 1.48623686658e-21, "dvar2": 1.37184597406e-05, "dvar": 7.52809637561e-06, "dmean": 0.00183975917753, "max": 0.064317330718, "var": 3.12381707772e-05, "mean": 0.00632304651663}, "spectral_contrast_coeffs": {"dmean2": [0.0936817526817, 0.0821355879307, 0.0637997463346, 0.0481304526329, 0.0326413102448, 0.0286389067769], "median": [-0.688615620136, -0.782958745956, -0.80887067318, -0.811106026173, -0.798727333546, -0.741747379303], "min": [-0.959413588047, -0.957532584667, -0.964335441589, -0.962128818035, -0.964140176773, -0.960800170898], "dvar2": [0.00548191508278, 0.00461352011189, 0.00264845276251, 0.00142125051934, 0.000668654101901, 0.000483400654048], "dvar": [0.00216285907663, 0.00181590311695, 0.000979138188995, 0.000517698645126, 0.000238749969867, 0.000186628458323], "dmean": [0.0569696873426, 0.0500922165811, 0.0385270640254, 0.0283369850367, 0.0191801656038, 0.0171959269792], "max": [-0.430073201656, -0.460464715958, -0.57109439373, -0.662972688675, -0.712551832199, -0.648672401905], "var": [0.00562073336914, 0.00473963143304, 0.00272622634657, 0.00128724006936, 0.000769640319049, 0.00144389551133], "mean": [-0.686673045158, -0.775544583797, -0.803578436375, -0.81043612957, -0.801263928413, -0.746269285679]}, "melbands_skewness": {"dmean2": 2.03750348091, "median": 2.96528720856, "min": -0.0626604929566, "dvar2": 5.98008394241, "dvar": 2.62144327164, "dmean": 1.36202991009, "max": 35.7666358948, "var": 8.90387248993, "mean": 3.70401740074}, "spectral_spread": {"dmean2": 553839.6875, "median": 4553353, "min": 1101827.875, "dvar2": 916212482048, "dvar": 762779729920, "dmean": 359607.25, "max": 41050760, "var": 2183595294720.0, "mean": 4718649.5}, "dissonance": {"dmean2": 0.0117142973468, "median": 0.491365134716, "min": 0.0877873450518, "dvar2": 0.00022860369063, "dvar": 0.000133012814331, "dmean": 0.00703225377947, "max": 0.499840557575, "var": 0.000190499675227, "mean": 0.488117605448}, "spectral_skewness": {"dmean2": 0.213572397828, "median": 1.35619747639, "min": 0.0383731611073, "dvar2": 0.0849772691727, "dvar": 0.0378962159157, "dmean": 0.131759464741, "max": 6.59176683426, "var": 0.265929549932, "mean": 1.40316390991}, "spectral_flux": {"dmean2": 0.0625762268901, "median": 0.104290321469, "min": 1.01482953985e-10, "dvar2": 0.00417350558564, "dvar": 0.00178949406836, "dmean": 0.0383225791156, "max": 0.350750684738, "var": 0.00420862482861, "mean": 0.116121701896}, "spectral_contrast_valleys": {"dmean2": [0.675069153309, 0.620549857616, 0.500864923, 0.423360943794, 0.31091889739, 0.308527469635], "median": [-6.70508718491, -6.88617134094, -6.88126993179, -6.92761516571, -6.42225980759, -9.37236785889], "min": [-27.2521820068, -27.4292793274, -27.2492675781, -27.1920070648, -27.1013317108, -27.212896347], "dvar2": [0.418726921082, 0.393840670586, 0.308237940073, 0.244624242187, 0.208282709122, 0.162522345781], "dvar": [0.262746304274, 0.244483098388, 0.207131639123, 0.18499019742, 0.169120326638, 0.135988891125], "dmean": [0.418106466532, 0.377824902534, 0.312938451767, 0.267802625895, 0.192570656538, 0.212772682309], "max": [-5.16539716721, -5.21789264679, -5.34055948257, -5.68299674988, -5.57250499725, -8.31910133362], "var": [1.07158029079, 1.20251595974, 1.47501385212, 1.43465018272, 1.52117669582, 1.38080406189], "mean": [-6.84162664413, -7.10883045197, -7.17227983475, -7.22667312622, -6.75944566727, -9.68699359894]}, "erbbands_flatness_db": {"dmean2": 0.0168003775179, "median": 0.103745214641, "min": 0.0427587106824, "dvar2": 0.000213934850763, "dvar": 9.89217223832e-05, "dmean": 0.0110525041819, "max": 0.270980715752, "var": 0.000701170414686, "mean": 0.107117563486}, "spectral_energyband_high": {"dmean2": 0.000560062937438, "median": 0.00129695585929, "min": 7.58797655937e-21, "dvar2": 4.18876169306e-07, "dvar": 2.4836114676e-07, "dmean": 0.000407259911299, "max": 0.00805422477424, "var": 1.45467151924e-06, "mean": 0.00156558281742}, "spectral_entropy": {"dmean2": 0.136844292283, "median": 8.02194404602, "min": 5.34107542038, "dvar2": 0.020368296653, "dvar": 0.00993626657873, "dmean": 0.084883697331, "max": 9.81226348877, "var": 0.117256969213, "mean": 7.96560811996}, "silence_rate_20dB": {"dmean2": 0, "median": 1, "min": 1, "dvar2": 0, "dvar": 0, "dmean": 0, "max": 1, "var": 0, "mean": 1}, "melbands_flatness_db": {"dmean2": 0.0559862665832, "median": 0.160717129707, "min": 0.00737502239645, "dvar2": 0.0023788146209, "dvar": 0.00122617185116, "dmean": 0.0380224063993, "max": 0.558079957962, "var": 0.00678410287946, "mean": 0.177680492401}, "barkbands": {"dmean2": [0.0032721424941, 0.0216158293188, 0.00617882562801, 0.00521093560383, 0.00174535659607, 0.00105709861964, 0.000784943287726, 0.000825459661428, 0.00157253223006, 0.000948608038016, 0.000553563877475, 0.000507949385792, 0.000444630364655, 0.000564489688259, 0.000472918880405, 0.000677189324051, 0.000461294519482, 0.000483206968056, 0.000509463658091, 0.000424659170676, 0.000241785193793, 0.000151196858496, 9.94567453745e-05, 6.31578150205e-05, 4.72443098261e-05, 7.59989197832e-05, 2.20922393055e-05], "median": [0.000409698608564, 0.00570539617911, 0.00119795254432, 0.00144600355998, 0.00113828573376, 0.000237489439314, 0.000151136511704, 0.000175679277163, 0.000449819606729, 0.00027329538716, 0.000262267916696, 0.000279790896457, 0.00030152805266, 0.000358217337634, 0.000296386046102, 0.000493356434163, 0.000464574433863, 0.000620940234512, 0.000748465128709, 0.000611354596913, 0.000305699300952, 0.000171104707988, 0.000127690393128, 0.000112379537313, 6.640914944e-05, 0.000163522257935, 1.63817494467e-05], "min": [2.69556201006e-23, 2.56778042736e-23, 6.1934637183e-24, 2.10203328072e-24, 2.77142360787e-23, 1.96924736166e-23, 3.70015144485e-23, 7.87316788885e-24, 1.24256308459e-22, 1.1242474541e-22, 4.25856904026e-23, 6.5292792813e-23, 1.41888763329e-22, 9.39686440243e-23, 7.83431522709e-23, 1.49712079942e-22, 3.14210568692e-22, 1.41160373346e-22, 2.04320073649e-22, 4.14417057749e-22, 3.77343069071e-22, 5.01003465691e-22, 5.40649065189e-22, 8.59293738988e-22, 1.10777911812e-21, 1.68381448927e-21, 2.45192509627e-21], "dvar2": [3.12561096507e-05, 0.00109787913971, 0.000105598912342, 0.000148635343066, 6.50467563901e-06, 8.73519729794e-06, 1.40226375152e-05, 1.42566086652e-05, 2.01105904125e-05, 8.12753842183e-06, 1.58967702646e-06, 1.32469165237e-06, 7.61056071497e-07, 9.78274442787e-07, 5.82523512094e-07, 9.62894546319e-07, 2.67728864856e-07, 2.53874446798e-07, 3.18155315426e-07, 2.3271817895e-07, 9.78950822628e-08, 4.44796768306e-08, 1.96349763115e-08, 5.92801541188e-09, 4.01265509709e-09, 8.93082496844e-09, 9.50738598959e-10], "dvar": [1.4651366655e-05, 0.000501519825775, 3.73978546122e-05, 5.63398789382e-05, 2.25497774409e-06, 3.46523711414e-06, 5.55432461624e-06, 5.30646002517e-06, 8.62686465553e-06, 4.15262957176e-06, 6.37092966826e-07, 5.45849445643e-07, 3.1299254033e-07, 4.29538829394e-07, 2.52441537896e-07, 4.01786508064e-07, 1.06984607839e-07, 9.4748834556e-08, 1.18182619246e-07, 9.1499899213e-08, 4.28577493494e-08, 2.07175112621e-08, 8.86235085318e-09, 2.91677704212e-09, 1.9089128056e-09, 4.55036808233e-09, 3.62990831837e-10], "dmean": [0.00215599103831, 0.0138858426362, 0.00342036131769, 0.0031406392809, 0.00101219362114, 0.000657350115944, 0.000478463131003, 0.000487065699417, 0.000966690655332, 0.000606478075497, 0.000339588179486, 0.000306508882204, 0.000276372709777, 0.000341750244843, 0.000299882085528, 0.00040312675992, 0.000272961216979, 0.0002849867451, 0.000303209555568, 0.000257909268839, 0.000157706774189, 9.88151732599e-05, 6.50939546176e-05, 4.23520432378e-05, 3.13084710797e-05, 5.2096296713e-05, 1.3015798686e-05], "max": [0.0310867801309, 0.19237627089, 0.062771320343, 0.123507559299, 0.0165560245514, 0.0350503139198, 0.0433079265058, 0.059982534498, 0.05314636603, 0.0525263808668, 0.0153652597219, 0.0133135179058, 0.0121227297932, 0.0152057632804, 0.00621226383373, 0.0174459051341, 0.00549058383331, 0.00390371563844, 0.00639017345384, 0.00403258902952, 0.00360879162326, 0.00208030315116, 0.00189257843886, 0.000796007458121, 0.000555835547857, 0.00122148124501, 0.000410409440519], "var": [1.77150159288e-05, 0.000651161477435, 2.99344992527e-05, 5.79306542932e-05, 2.56577118307e-06, 4.38486995336e-06, 5.31527120984e-06, 3.97719895773e-06, 1.03709407995e-05, 7.87181579653e-06, 8.54564063957e-07, 6.95888388691e-07, 4.13598485238e-07, 5.99408849666e-07, 4.82203688534e-07, 9.19012393297e-07, 2.11135230188e-07, 2.35318111663e-07, 2.92682983627e-07, 2.82363060933e-07, 1.3612216776e-07, 6.35075423361e-08, 2.68665818481e-08, 1.37636355646e-08, 7.37406846696e-09, 2.50578562344e-08, 6.54495957431e-10], "mean": [0.00220614834689, 0.0165825746953, 0.00318340305239, 0.00371517194435, 0.00159368943423, 0.000814557948615, 0.000535049883183, 0.000542555004358, 0.00124184694141, 0.00084936741041, 0.000488883059006, 0.000453488813946, 0.000448607257567, 0.00053865252994, 0.000497036031447, 0.000712595647201, 0.000549671240151, 0.000686666753609, 0.000808677461464, 0.00069873634493, 0.000410530919908, 0.000242925540078, 0.000171502659214, 0.00013543269597, 8.80208972376e-05, 0.000194791486138, 2.3669028451e-05]}, "erbbands_skewness": {"dmean2": 0.461189836264, "median": -0.599244892597, "min": -2.38815188408, "dvar2": 0.162578582764, "dvar": 0.0717270970345, "dmean": 0.29523986578, "max": 3.58910107613, "var": 0.39557248354, "mean": -0.522082149982}, "erbbands_spread": {"dmean2": 14.9243335724, "median": 41.380695343, "min": 10.3612041473, "dvar2": 195.269088745, "dvar": 76.479019165, "dmean": 9.37607574463, "max": 140.855041504, "var": 318.012298584, "mean": 45.1335220337}, "melbands_kurtosis": {"dmean2": 29.7484130859, "median": 9.11637878418, "min": -1.287727952, "dvar2": 9955.234375, "dvar": 3545.48266602, "dmean": 18.1755523682, "max": 1784.75476074, "var": 5840.77734375, "mean": 26.5192317963}, "melbands": {"dmean2": [0.00645545171574, 0.00441400427371, 0.00204113731161, 0.000499040412251, 0.000211691192817, 0.000208940866287, 0.000175197637873, 0.000131516542751, 0.000162630734849, 0.000249560398515, 0.000168875980307, 9.89288819255e-05, 7.29499370209e-05, 5.55426886422e-05, 4.69000042358e-05, 4.34968424088e-05, 5.5486922065e-05, 4.70270861115e-05, 3.41319137078e-05, 4.67554455099e-05, 4.06015496992e-05, 2.89894214802e-05, 2.32348138525e-05, 2.63301917585e-05, 2.26899755944e-05, 2.17104916374e-05, 2.08883775485e-05, 1.31668939503e-05, 8.8210845206e-06, 8.00760153652e-06, 4.29917918154e-06, 3.61469346899e-06, 3.39758503287e-06, 2.63440711024e-06, 1.88748663277e-06, 1.17803836019e-06, 1.03959223452e-06, 8.84817040969e-07, 7.39966139918e-07, 6.5447943598e-07], "median": [0.00150601100177, 0.00129322311841, 0.00073588261148, 0.000311941897962, 0.00011980754789, 4.22291486757e-05, 2.73738587566e-05, 3.63898034266e-05, 5.21258407389e-05, 6.19807251496e-05, 4.77039138786e-05, 3.85147905035e-05, 3.87508262065e-05, 3.01812015095e-05, 2.96245434583e-05, 3.02033749904e-05, 3.36004522978e-05, 2.76951868727e-05, 2.06830882234e-05, 2.94115270663e-05, 3.30973525706e-05, 2.70210002782e-05, 2.60765082203e-05, 3.06071451632e-05, 2.83360022877e-05, 2.7264964956e-05, 2.51516394201e-05, 1.70457897184e-05, 1.03476249933e-05, 7.67337587604e-06, 4.15906652051e-06, 3.49739138983e-06, 3.01096633848e-06, 2.64652567239e-06, 2.0986437903e-06, 1.58913348969e-06, 1.49303014041e-06, 1.23247423289e-06, 9.73640226221e-07, 7.17612920198e-07], "min": [1.1662211967e-23, 5.08498319556e-24, 2.09352364092e-24, 5.3370569925e-24, 5.27494090154e-24, 3.37332148088e-24, 4.04503378066e-24, 7.43398456823e-24, 6.24883583739e-24, 1.82404709909e-23, 1.70729473848e-23, 1.30929461139e-23, 4.32570181327e-24, 7.45771192653e-24, 7.88266104098e-24, 1.57443352264e-23, 1.05657276521e-23, 8.52212115709e-24, 5.00970219937e-24, 6.90156498835e-24, 1.89627441471e-23, 1.63444232948e-23, 9.52863430809e-24, 6.99120719732e-24, 6.86276407587e-24, 8.51448735011e-24, 9.41248400612e-24, 1.56249900378e-23, 1.00087263775e-23, 5.25368898875e-24, 1.17771963326e-23, 9.58389007019e-24, 9.26199143351e-24, 9.8616322177e-24, 8.56450034264e-24, 9.92066583468e-24, 9.57960655548e-24, 1.01773887834e-23, 1.02895679595e-23, 8.37206719114e-24], "dvar2": [9.7655254649e-05, 5.15280262334e-05, 1.85069711733e-05, 7.06534649453e-07, 1.42236146417e-07, 4.1275788476e-07, 7.31274496957e-07, 5.22741913755e-07, 2.58295671074e-07, 6.53173685805e-07, 2.58795040509e-07, 7.37053369448e-08, 2.33776233927e-08, 1.69827210073e-08, 1.14076055269e-08, 5.60808288697e-09, 9.25784338079e-09, 9.1638776567e-09, 3.35032801502e-09, 7.01196878339e-09, 2.73700817566e-09, 1.17759091367e-09, 6.30939689383e-10, 8.14554257378e-10, 5.66284297232e-10, 6.47731979164e-10, 6.09351458181e-10, 2.14108189511e-10, 9.33188804009e-11, 1.30298563605e-10, 3.7037074796e-11, 2.37360305022e-11, 3.06943637174e-11, 1.62645747565e-11, 6.89809320775e-12, 2.31975723353e-12, 1.60259078143e-12, 1.22707356429e-12, 9.68261928969e-13, 8.2972815901e-13], "dvar": [4.82472678414e-05, 1.95401407836e-05, 6