{"tonal": {"thpcp": [1, 0.847172439098, 0.477301537991, 0.252837091684, 0.128898069263, 0.105743423104, 0.123572155833, 0.118098758161, 0.108221255243, 0.112781077623, 0.133849784732, 0.228321492672, 0.230646103621, 0.120677262545, 0.0875749289989, 0.0941697582603, 0.0914131999016, 0.0834781974554, 0.0803378373384, 0.132242143154, 0.408224850893, 0.679781496525, 0.500302791595, 0.201341316104, 0.103114970028, 0.0687377154827, 0.0531210936606, 0.0542241968215, 0.0741550028324, 0.107470087707, 0.129738688469, 0.123661719263, 0.104457080364, 0.0973777398467, 0.180336117744, 0.587149918079], "hpcp": {"dmean2": [0.0858026072383, 0.0860574841499, 0.0880743637681, 0.0970303490758, 0.15257370472, 0.288469076157, 0.323791861534, 0.299541682005, 0.195882901549, 0.115710064769, 0.0773991644382, 0.0612672194839, 0.0635181516409, 0.0732439309359, 0.0854772478342, 0.101106129587, 0.107486523688, 0.114478759468, 0.12926800549, 0.199898779392, 0.343662172556, 0.341884553432, 0.412691056728, 0.383591026068, 0.275311619043, 0.165788024664, 0.125895097852, 0.124401137233, 0.126523911953, 0.121954739094, 0.11680663377, 0.129563063383, 0.158324852586, 0.150426477194, 0.113458260894, 0.0907062888145], "median": [0.00912427157164, 0.0112391356379, 0.0106326714158, 0.00792639702559, 0.0185137838125, 0.140442863107, 0.278965592384, 0.175840511918, 0.0241454653442, 0.00638788985088, 0.00603037141263, 0.00519407168031, 0.00431355088949, 0.00991559494287, 0.0201009511948, 0.0206538550556, 0.0101630873978, 0.00812716968358, 0.00928343087435, 0.0354139655828, 0.258181452751, 0.594292461872, 0.447643607855, 0.130893737078, 0.0330183207989, 0.00842770934105, 0.00987394712865, 0.0156595036387, 0.0130259729922, 0.00684979464859, 0.00666958466172, 0.0212097279727, 0.0519769787788, 0.0567782372236, 0.0250861924142, 0.00951224844903], "min": [0, 0, 0, 0, 0, 0, 0, 0, 0, 0, 0, 0, 0, 0, 0, 0, 0, 0, 0, 0, 0, 0, 0, 0, 0, 0, 0, 0, 0, 0, 0, 0, 0, 0, 0, 0], "dvar2": [0.0419698059559, 0.0418632030487, 0.0436798818409, 0.0513953119516, 0.0664131715894, 0.111174814403, 0.118501842022, 0.110262155533, 0.0880678966641, 0.0616318844259, 0.0389195531607, 0.0295081138611, 0.0360860750079, 0.0402592048049, 0.0366661511362, 0.0469789654016, 0.0600780062377, 0.0635087862611, 0.0750778019428, 0.0905686840415, 0.124866455793, 0.139716759324, 0.151247993112, 0.176236450672, 0.165806561708, 0.104023709893, 0.0735613405704, 0.0684105679393, 0.0669175088406, 0.0686885938048, 0.0705800503492, 0.0611864514649, 0.0629710555077, 0.0560160242021, 0.0448027402163, 0.0452328361571], "dvar": [0.0157091524452, 0.0155564192683, 0.0161684770137, 0.0184208918363, 0.0240534134209, 0.0401800088584, 0.047749184072, 0.0414452552795, 0.032297283411, 0.0227641798556, 0.0141291925684, 0.0107850311324, 0.0133562479168, 0.0146670090035, 0.01378077548, 0.0174736753106, 0.021993720904, 0.0226933024824, 0.0258349832147, 0.0319463685155, 0.0461466871202, 0.0563114620745, 0.0602675899863, 0.0669760257006, 0.0595752298832, 0.0376975908875, 0.026240311563, 0.0246962420642, 0.0243970565498, 0.0252320487052, 0.0254831593484, 0.0217683557421, 0.0231124646962, 0.0208244882524, 0.0160066559911, 0.0160844139755], "dmean": [0.048784699291, 0.049405477941, 0.0494484677911, 0.0534738712013, 0.0847542658448, 0.167780786753, 0.197295516729, 0.177066549659, 0.111181870103, 0.0641542747617, 0.0429239571095, 0.0340142920613, 0.0352679602802, 0.0413044691086, 0.0498114861548, 0.0582647435367, 0.0602957494557, 0.0629311576486, 0.0697184726596, 0.111358031631, 0.201598495245, 0.201360672712, 0.241806551814, 0.222611531615, 0.154537826777, 0.0913514569402, 0.0693407356739, 0.0701206028461, 0.0704631283879, 0.0679479911923, 0.0644776672125, 0.0722614228725, 0.0928726866841, 0.0890191346407, 0.0640646293759, 0.051103848964], "max": [1, 1, 1, 1, 1, 1, 1, 1, 1, 1, 1, 1, 1, 1, 1, 1, 1, 1, 1, 1, 1, 1, 1, 1, 1, 1, 1, 1, 1, 1, 1, 1, 1, 1, 1, 1], "var": [0.0195533260703, 0.0163365025073, 0.0154711157084, 0.0154622560367, 0.0224711298943, 0.0593327432871, 0.109233736992, 0.0807986408472, 0.0423908084631, 0.02381850034, 0.0132476054132, 0.00949091371149, 0.0114528620616, 0.0157303195447, 0.0191913601011, 0.0277986284345, 0.0323209129274, 0.023394998163, 0.0194181874394, 0.0280550029129, 0.0884635969996, 0.149223849177, 0.12119679898, 0.0945269241929, 0.0580297783017, 0.0310594495386, 0.0214105211198, 0.0234912801534, 0.0226502437145, 0.0233487561345, 0.0270508732647, 0.0230835508555, 0.0364785604179, 0.0357227511704, 0.0158331431448, 0.0162035245448], "mean": [0.0530870594084, 0.0515330843627, 0.0470598191023, 0.0452894791961, 0.0745499059558, 0.230131804943, 0.383218586445, 0.282039642334, 0.113503724337, 0.0581298135221, 0.0387500524521, 0.029946371913, 0.0305682327598, 0.0418039821088, 0.0605849586427, 0.0731386095285, 0.0697127953172, 0.0588864125311, 0.0548955202103, 0.101662300527, 0.330998659134, 0.563737869263, 0.477583199739, 0.269072949886, 0.142533838749, 0.0726647228003, 0.0596115700901, 0.0696623027325, 0.0665767416358, 0.0610084198415, 0.0635789632797, 0.0754561945796, 0.128713473678, 0.130023941398, 0.0680303424597, 0.0493693053722]}, "tuning_equal_tempered_deviation": 0.0677022561431, "chords_changes_rate": 0.0347871221602, "key_key": "E", "tuning_diatonic_strength": 0.657702386379, "key_scale": "major", "chords_number_rate": 0.00129802699666, "tuning_frequency": 439.238189697, "tuning_nontempered_energy_ratio": 0.790849268436, "chords_histogram": [61.9937705994, 0, 1.96002078056, 0, 0, 0.025960540399, 0, 0.0908618867397, 0.0129802701995, 0, 1.54465210438, 0.441329181194, 1.70041537285, 0.428348898888, 0.0389408096671, 1.92107999325, 1.02544128895, 19.5353069305, 0.155763238668, 4.71183776855, 0.687954306602, 0, 1.89511942863, 1.83021807671], "key_strength": 0.691370725632, "chords_key": "E", "chords_strength": {"dmean2": 0.0081258751452, "median": 0.614044308662, "min": 0.301058322191, "dvar2": 5.52759847778e-05, "dvar": 4.55728950328e-05, "dmean": 0.00748953223228, "max": 0.84591794014, "var": 0.00977293588221, "mean": 0.613447070122}, "chords_scale": "major", "hpcp_entropy": {"dmean2": 1.09784543514, "median": 2.05873012543, "min": 0, "dvar2": 0.780774056911, "dvar": 0.272758871317, "dmean": 0.641698300838, "max": 4.41367530823, "var": 0.573971986771, "mean": 2.05459475517}}, "metadata": {"audio_properties": {"equal_loudness": 0, "codec": "flac", "downmix": "mix", "sample_rate": 44100, "analysis_sample_rate": 44100, "bit_rate": 0, "md5_encoded": "665d81d53619d3c5f0dc52f76735749b", "length": 357.706665039, "replay_gain": -16.6922512054, "lossless": true}, "version": {"essentia_build_sha": "70f2e5ece6736b2c40cc944ad0e695b16b925413", "essentia": "2.1-beta2", "extractor": "music 1.0", "essentia_git_sha": "v2.1_beta2"}, "tags": {"title": ["Jesus Is in My Body - My Body Has Let Me Down"], "language": ["eng"], "media": ["12\" Vinyl"], "albumartist": ["Slim Cessna's Auto Club"], "tracktotal": ["7"], "musicbrainz_releasegroupid": ["4ee67178-aed4-3645-9a4f-015de3872ab7"], "musicbrainz_recordingid": ["0a040502-68e2-48d1-91f1-2dab5c7e5391"], "musicbrainz_albumartistid": ["3b0addc1-bd1d-409d-9abb-f541c231f8d9"], "discnumber": ["2"], "album": ["Jesus Let Me Down, The Live Tragedie in Four Acts"], "catalognumber": ["Virus 417"], "file_name": "Slim Cessna's Auto Club - Jesus Let Me Down, The Live Tragedie in Four Acts - 02 - Jesus Is in My Body - My Body Has Let Me Down.flac", "compilation": ["0"], "albumartistsort": ["Slim Cessna's Auto Club"], "date": ["2005"], "genre": ["Country"], "disctotal": ["2"], "discsubtitle": ["Act Three / Act Four"], "musicbrainz_artistid": ["3b0addc1-bd1d-409d-9abb-f541c231f8d9"], "originaldate": ["2005"], "musicbrainz_albumid": ["1e7b1a1f-456c-49b0-95ab-b75a55096efd"], "copyright": ["SCACUNINCORPORATED"], "artist": ["Slim Cessna's Auto Club"], "tracknumber": ["2"], "artistsort": ["Slim Cessna's Auto Club"], "bpm": ["0"], "label": ["Alternative Tentacles"], "isrc": ["QM-6QS-14-00036"], "totaldiscs": ["2"], "script": ["Latn"], "totaltracks": ["7"]}}, "rhythm": {"bpm_histogram_first_peak_bpm": {"dmean2": 0, "median": 123, "min": 123, "dvar2": 0, "dvar": 0, "dmean": 0, "max": 123, "var": 0, "mean": 123}, "bpm": 123.587806702, "bpm_histogram_second_peak_spread": {"dmean2": 0, "median": 0.278481006622, "min": 0.278481006622, "dvar2": 0, "dvar": 0, "dmean": 0, "max": 0.278481006622, "var": 0, "mean": 0.278481006622}, "bpm_histogram_first_peak_weight": {"dmean2": 0, "median": 0.354309171438, "min": 0.354309171438, "dvar2": 0, "dvar": 0, "dmean": 0, "max": 0.354309171438, "var": 0, "mean": 0.354309171438}, "onset_rate": 2.21118569374, "beats_position": [0.476009070873, 0.96362811327, 1.45124709606, 1.92725622654, 2.40326523781, 2.87927436829, 3.33206343651, 3.78485250473, 4.22603178024, 4.66721057892, 5.0967798233, 5.53795909882, 6.11845779419, 6.6989569664, 7.27945566177, 7.85995435715, 8.44045352936, 9.03256225586, 9.62467098236, 10.2167797089, 10.8088884354, 11.4009971619, 12.0395460129, 12.6780948639, 13.3166437149, 13.873922348, 14.4312019348, 14.9768705368, 15.5225391388, 16.0565986633, 16.6138763428, 17.1711559296, 17.8329238892, 18.4598636627, 19.0984115601, 19.7369613647, 20.3755092621, 21.0140590668, 21.6526069641, 22.2911567688, 22.9297046661, 23.5682544708, 24.1487522125, 24.7292518616, 25.3445796967, 25.948299408, 26.5520172119, 27.1673469543, 27.7826747894, 28.3399543762, 28.897233963, 29.4545116425, 30.0117912292, 30.5806789398, 31.1495685577, 31.66040802, 32.171245575, 32.6820869446, 33.1697044373, 33.6573219299, 34.1449432373, 34.6441726685, 35.1434020996, 35.6426315308, 36.1418571472, 36.6410865784, 37.1287078857, 37.6163253784, 38.1039466858, 38.5915641785, 39.0791816711, 39.5668029785, 40.0544204712, 40.5072097778, 40.9483909607, 41.3895683289, 41.8423576355, 42.3067550659, 42.771156311, 43.2239456177, 43.6767349243, 44.129524231, 44.5823135376, 45.0351028442, 45.4878921509, 45.9522895813, 46.3354187012, 46.718547821, 47.1016769409, 47.4848060608, 47.8679351807, 48.2510643005, 48.6341934204, 49.0869827271, 49.5281639099, 49.9693412781, 50.4221305847, 50.8633079529, 51.3044891357, 51.7456665039, 52.1868476868, 52.6280250549, 53.0808143616, 53.5800437927, 54.0792732239, 54.5668907166, 55.0545120239, 55.5421295166, 56.029750824, 56.5173683167, 57.0049858093, 57.4809951782, 58.0034446716, 58.525894165, 59.0599517822, 59.6056213379, 60.162902832, 60.7317886353, 61.3006782532, 61.8579597473, 62.4036254883, 62.9492950439, 63.4949645996, 64.0522460938, 64.6095199585, 65.1668014526, 65.7821273804, 66.3974609375, 67.0243988037, 67.6397247314, 68.2550582886, 68.8703842163, 69.485710144, 70.0546035767, 70.6234893799, 71.1923828125, 71.7612686157, 72.3301544189, 72.8874359131, 73.4447174072, 74.001991272, 74.5360565186, 75.0585021973, 75.5925598145, 76.0917892456, 76.5794067383, 77.0670318604, 77.554649353, 78.0422668457, 78.5414962769, 79.040725708, 79.5399551392, 80.0391845703, 80.526802063, 81.0144195557, 81.5020370483, 81.9896621704, 82.4772796631, 82.9532852173, 83.44090271, 83.9169158936, 84.4045333862, 84.9037628174, 85.4029922485, 85.9022216797, 86.3782272339, 86.865852356, 87.3534698486, 87.8410873413, 88.3170928955, 88.8047180176, 89.3039474487, 89.8031692505, 90.3023986816, 90.7784118652, 91.2660293579, 91.7420425415, 92.2412643433, 92.7288894653, 93.216506958, 93.7041244507, 94.1917419434, 94.6909713745, 95.1785888672, 95.6662139893, 96.1538314819, 96.6414489746, 97.1290664673, 97.61668396, 98.104309082, 98.5919265747, 99.0795440674, 99.5671615601, 100.054779053, 100.542404175, 101.041633606, 101.529251099, 102.016868591, 102.492874146, 102.980499268, 103.46811676, 103.944122314, 104.420135498, 104.907752991, 105.395370483, 105.871383667, 106.347389221, 106.835006714, 107.322631836, 107.810249329, 108.297866821, 108.785484314, 109.273101807, 109.74911499, 110.225120544, 110.712738037, 111.200363159, 111.69959259, 112.198822021, 112.698051453, 113.197273254, 113.684898376, 114.172515869, 114.660133362, 115.159362793, 115.658592224, 116.157821655, 116.657051086, 117.144668579, 117.632286072, 118.119903564, 118.607528687, 119.095146179, 119.571151733, 120.047164917, 120.53478241, 121.022399902, 121.498413086, 121.97441864, 122.450431824, 122.926437378, 123.414054871, 123.901672363, 124.389297485, 124.888526917, 125.387756348, 125.87537384, 126.362991333, 126.850608826, 127.349838257, 127.849067688, 128.359909058, 128.859130859, 129.35836792, 129.857589722, 130.356826782, 130.844436646, 131.343673706, 131.842895508, 132.33052063, 132.818145752, 133.305755615, 133.793380737, 134.280990601, 134.780227661, 135.279449463, 135.767074585, 136.266296387, 136.765533447, 137.253143311, 137.740768433, 138.216781616, 138.704391479, 139.192016602, 139.691238403, 140.178863525, 140.666488647, 141.142486572, 141.618499756, 142.082901001, 142.570526123, 143.046524048, 143.53414917, 144.033370972, 144.520996094, 145.008621216, 145.484619141, 145.960632324, 146.448257446, 146.93586731, 147.423492432, 147.911102295, 148.398727417, 148.874740601, 149.350738525, 149.838363647, 150.314376831, 150.790390015, 151.277999878, 151.765625, 152.253234863, 152.740859985, 153.216873169, 153.704483032, 154.180496216, 154.656509399, 155.144119263, 155.631744385, 156.119369507, 156.595367432, 157.059768677, 157.53578186, 158.011795044, 158.499404907, 158.998641968, 159.49786377, 159.985488892, 160.484710693, 160.983947754, 161.471557617, 161.959182739, 162.446792603, 162.934417725, 163.422042847, 163.90965271, 164.397277832, 164.884887695, 165.372512817, 165.860137939, 166.336135864, 166.835372925, 167.322982788, 167.81060791, 168.298233032, 168.785842896, 169.273468018, 169.749481201, 170.237091064, 170.713104248, 171.20072937, 171.676727295, 172.14112854, 172.617141724, 173.093154907, 173.569152832, 174.056777954, 174.544403076, 175.032012939, 175.519638062, 176.007247925, 176.494873047, 176.982498169, 177.458496094, 177.946121216, 178.433731079, 178.921356201, 179.397369385, 179.86177063, 180.349380493, 180.837005615, 181.324615479, 181.812240601, 182.299865723, 182.787475586, 183.275100708, 183.751113892, 184.238723755, 184.714736938, 185.202362061, 185.689971924, 186.177597046, 186.665206909, 187.152832031, 187.628845215, 188.10484314, 188.592468262, 189.080093384, 189.567703247, 190.055328369, 190.542938232, 191.030563354, 191.518188477, 192.00579834, 192.493423462, 192.981033325, 193.468658447, 193.956283569, 194.443893433, 194.931518555, 195.419128418, 195.883529663, 196.359542847, 196.847167969, 197.323165894, 197.810791016, 198.298416138, 198.786026001, 199.273651123, 199.761260986, 200.248886108, 200.73651123, 201.224121094, 201.711746216, 202.187744141, 202.675369263, 203.139770508, 203.615783691, 204.091781616, 204.579406738, 205.06703186, 205.554641724, 206.042266846, 206.529876709, 207.005889893, 207.493515015, 207.981124878, 208.46875, 208.956375122, 209.443984985, 209.931610107, 210.419219971, 210.906845093, 211.394470215, 211.882080078, 212.3697052, 212.845703125, 213.321716309, 213.786117554, 214.262130737, 214.738143921, 215.214141846, 215.678543091, 216.154556274, 216.61895752, 217.083358765, 217.547744751, 218.023757935, 218.499771118, 218.975784302, 219.451782227, 219.951019287, 220.450241089, 220.937866211, 221.425476074, 221.913101196, 222.38911438, 222.865127563, 223.32951355, 223.793914795, 224.269927979, 224.757553101, 225.245162964, 225.732788086, 226.220397949, 226.708023071, 227.184036255, 227.671646118, 228.170883179, 228.646896362, 229.134506226, 229.622131348, 230.098129272, 230.574142456, 231.05015564, 231.537780762, 232.013778687, 232.48979187, 232.965805054, 233.430206299, 233.894592285, 234.370605469, 234.835006714, 235.311019897, 235.787017822, 236.263031006, 236.750656128, 237.238265991, 237.714279175, 238.201904297, 238.677902222, 239.142303467, 239.606704712, 240.082717896, 240.558731079, 241.023132324, 241.510742188, 241.975143433, 242.462768555, 242.961990356, 243.461227417, 243.937225342, 244.401626587, 244.877639771, 245.342041016, 245.81803894, 246.294052124, 246.770065308, 247.246078491, 247.733688354, 248.221313477, 248.69732666, 249.161712646, 249.63772583, 250.113739014, 250.589752197, 251.077362061, 251.541763306, 252.029388428, 252.505386353, 252.981399536, 253.45741272, 253.933425903, 254.39781189, 254.862213135, 255.349838257, 255.82585144, 256.290252686, 256.754638672, 257.219055176, 257.695037842, 258.159454346, 258.647064209, 259.134674072, 259.622314453, 260.086700439, 260.562713623, 261.050323486, 261.52633667, 262.013977051, 262.501586914, 262.977600098, 263.453613281, 263.929595947, 264.405609131, 264.881622314, 265.346038818, 265.822021484, 266.298034668, 266.797271729, 267.284881592, 267.760894775, 268.236907959, 268.724517822, 269.188934326, 269.653320312, 270.129333496, 270.616943359, 271.092956543, 271.557373047, 272.021759033, 272.486175537, 272.962158203, 273.438171387, 273.91418457, 274.390197754, 274.877807617, 275.353820801, 275.829833984, 276.294250488, 276.758636475, 277.223022461, 277.687438965, 278.175048828, 278.662658691, 279.127075195, 279.591461182, 280.055877686, 280.531890869, 281.007873535, 281.483886719, 281.959899902, 282.424316406, 282.900299072, 283.364715576, 283.84072876, 284.305114746, 284.76953125, 285.257141113, 285.756378174, 286.255584717, 286.743225098, 287.242431641, 287.741668701, 288.229278564, 288.716918945, 289.204528809, 289.692138672, 290.179779053, 290.667388916, 291.1434021, 291.631011963, 292.107025146, 292.59463501, 293.082275391, 293.581481934, 294.080718994, 294.568328857, 295.055969238, 295.531982422, 296.019592285, 296.507202148, 297.006439209, 297.494049072, 297.981658936, 298.469299316, 298.9453125, 299.421295166, 299.89730835, 300.373321533, 300.849334717, 301.33694458, 301.847808838, 302.358642578, 302.869476318, 303.368713379, 303.867919922, 304.367156982, 304.877990723, 305.377227783, 305.888061523, 306.398895264, 306.909759521, 307.432189941, 307.954650879, 308.477081299, 309.011138916, 309.56842041, 310.125701904, 310.682983398, 311.240264893, 311.797546387, 312.296783447, 312.79598999, 313.295227051, 313.771240234, 314.247253418, 314.723266602, 315.187652588, 315.652069092, 316.139678955, 316.615692139, 317.091705322, 317.579315186, 318.078552246, 318.55456543, 319.030548096, 319.506561279, 319.982574463, 320.470184326, 320.969421387, 321.45703125, 321.944671631, 322.420684814, 322.908294678, 323.384307861, 323.848693848, 324.324707031, 324.812316895, 325.288330078, 325.775970459, 326.263580322, 326.739593506, 327.215606689, 327.691589355, 328.167602539, 328.643615723, 329.119628906, 329.59564209, 330.071655273, 330.547668457, 331.023681641, 331.499664307, 331.97567749, 332.451690674, 332.881256104, 333.310821533, 333.740386963, 334.16998291, 334.622772217, 335.087158203, 335.551544189, 335.923065186, 336.294586182, 336.666107178, 337.049255371, 337.40914917, 337.769073486, 338.140594482, 338.500488281, 338.860412598, 339.231933594, 339.60345459, 339.998168945, 340.404541016, 340.799255371, 341.194000244, 341.600341797, 342.064758301, 342.517547607, 342.970336914, 343.469573975, 343.968780518, 344.456420898, 344.944030762, 345.443267822, 345.942474365, 346.383666992, 346.813232422, 347.254425049, 347.707214355, 348.160003662, 348.601165771, 349.053955078, 349.495147705, 349.936309814, 350.377502441, 350.818664551, 351.259857178, 351.701049805, 352.142211914, 352.595001221, 353.047790527, 353.500579834, 353.895324707, 354.29006958, 354.684814453, 355.079528809, 355.474273682, 355.869018555, 356.263763428, 356.658508301, 357.053222656], "beats_loudness": {"dmean2": 0.0248458124697, "median": 0.0499864630401, "min": 9.30843180313e-10, "dvar2": 0.000391124456655, "dvar": 0.000137816459755, "dmean": 0.0143990274519, "max": 0.10773781687, "var": 0.000328989466652, "mean": 0.0493755452335}, "danceability": 1.14902305603, "bpm_histogram_second_peak_weight": {"dmean2": 0, "median": 0.0779753774405, "min": 0.0779753774405, "dvar2": 0, "dvar": 0, "dmean": 0, "max": 0.0779753774405, "var": 0, "mean": 0.0779753774405}, "beats_count": 732, "bpm_histogram_second_peak_bpm": {"dmean2": 0, "median": 129, "min": 129, "dvar2": 0, "dvar": 0, "dmean": 0, "max": 129, "var": 0, "mean": 129}, "bpm_histogram_first_peak_spread": {"dmean2": 0, "median": 0.478873252869, "min": 0.478873252869, "dvar2": 0, "dvar": 0, "dmean": 0, "max": 0.478873252869, "var": 0, "mean": 0.478873252869}, "beats_loudness_band_ratio": {"dmean2": [0.272087842226, 0.210998848081, 0.170535564423, 0.0936716347933, 0.0457553230226, 0.0492437817156], "median": [0.62539255619, 0.17279471457, 0.0599228776991, 0.025069668889, 0.0196593161672, 0.0155225154012], "min": [0.000179689159268, 0.000133783454658, 0.000163744931342, 0.000679693475831, 0.000291294127237, 0.000103271428088], "dvar2": [0.0553975179791, 0.0366305522621, 0.0380499139428, 0.0234850011766, 0.00599181838334, 0.00634927116334], "dvar": [0.0206621419638, 0.012654912658, 0.0139043675736, 0.00799147132784, 0.00265028886497, 0.0029715411365], "dmean": [0.156015634537, 0.12285553664, 0.0967853069305, 0.0528703220189, 0.0263913460076, 0.0280389748514], "max": [0.980270981789, 0.939948737621, 0.957689464092, 0.798895716667, 0.774191200733, 0.903344452381], "var": [0.049152109772, 0.0202672854066, 0.0159242413938, 0.0107006030157, 0.00402964092791, 0.00295345089398], "mean": [0.59928894043, 0.202013358474, 0.109777405858, 0.0609894692898, 0.036389876157, 0.0339468382299]}}, "lowlevel": {"barkbands_spread": {"dmean2": 4.80988311768, "median": 10.6659355164, "min": 0.318415164948, "dvar2": 44.5287513733, "dvar": 21.6714744568, "dmean": 3.22678279877, "max": 121.430969238, "var": 117.810317993, "mean": 13.6523427963}, "melbands_spread": {"dmean2": 4.62535810471, "median": 8.60350894928, "min": 0.361500859261, "dvar2": 41.5908088684, "dvar": 18.3797168732, "dmean": 3.10308384895, "max": 142.333068848, "var": 124.406059265, "mean": 12.0375318527}, "hfc": {"dmean2": 5.24697875977, "median": 14.6356077194, "min": 1.07415861166e-16, "dvar2": 63.6711845398, "dvar": 32.8999710083, "dmean": 3.59356689453, "max": 156.389862061, "var": 188.055923462, "mean": 18.5403137207}, "barkbands_kurtosis": {"dmean2": 5.45106172562, "median": 6.54966545105, "min": -1.90242254734, "dvar2": 49.371421814, "dvar": 22.0134601593, "dmean": 3.60057640076, "max": 170.155105591, "var": 90.7010116577, "mean": 9.04025363922}, "gfcc": {"mean": [-3.63016295433, 125.453201294, -98.9805679321, 39.9632034302, -46.8165206909, 1.57739388943, -27.910118103, 3.16073012352, -22.2952747345, -5.98425769806, -14.6831350327, -4.8705368042, -10.5581979752], "icov": [[0.000344528263668, -0.000390675384551, 0.000400253251428, -0.000743760960177, 0.000649660476483, -0.000527136551682, 0.000447519443696, -0.000633884686977, 0.000676273135468, -0.000530313118361, 0.000896518060472, -0.000824150221888, 0.000801440502983], [-0.000390675384551, 0.00239981198683, -0.00125818152446, 0.00155939883552, -0.00171865429729, 0.00170939555392, -0.000965053215623, 0.0021022928413, -0.00194473820738, 0.00220224168152, -0.00303333834745, 0.00350579200312, -0.00274066976272], [0.000400253251428, -0.00125818152446, 0.00208116043359, -0.00113956141286, 0.000753658881877, -0.00213752430864, 0.00187595398165, -0.000755346147344, 0.00143149041105, -0.00171676150057, 0.00200923904777, -0.00202231109142, 0.00186017423403], [-0.000743760960177, 0.00155939883552, -0.00113956141286, 0.00437264656648, -0.00196241284721, 0.00144291995093, -0.000346501474269, 0.00116757838987, -0.00186082546134, 0.00161439517979, -0.00265885284171, 0.00271577737294, -0.00196751975454], [0.000649660476483, -0.00171865429729, 0.000753658881877, -0.00196241284721, 0.00661717029288, -0.000728317245375, 0.000339668564266, -0.00260237441398, 0.0026041851379, -0.000823904760182, 0.00184975436423, -0.0020931547042, 0.00186086283065], [-0.000527136551682, 0.00170939555392, -0.00213752430864, 0.00144291995093, -0.000728317245375, 0.00810916814953, -0.00353139522485, -0.000432241737144, -9.41323742154e-05, 0.000742869917303, -0.00105279148556, 0.00112421519589, -0.00184073997661], [0.000447519443696, -0.000965053215623, 0.00187595398165, -0.000346501474269, 0.000339668564266, -0.00353139522485, 0.00918933749199, -0.000156880938448, -0.0010960168438, 0.000725664081983, 0.00245464686304, -0.00210494967178, 0.00191978248768], [-0.000633884686977, 0.0021022928413, -0.000755346147344, 0.00116757838987, -0.00260237441398, -0.000432241737144, -0.000156880938448, 0.00994215812534, -0.00210335408337, 0.000561081455089, -0.00262431311421, 0.00428052060306, -0.00189582724124], [0.000676273135468, -0.00194473820738, 0.00143149041105, -0.00186082546134, 0.0026041851379, -9.41323742154e-05, -0.0010960168438, -0.00210335408337, 0.0124094290659, -0.00481804227456, 0.00388701050542, -0.00183259020559, 0.00275914743543], [-0.000530313118361, 0.00220224168152, -0.00171676150057, 0.00161439517979, -0.000823904760182, 0.000742869917303, 0.000725664081983, 0.000561081455089, -0.00481804227456, 0.0173376407474, -0.00619687279686, 0.00163427996449, 0.00023810188577], [0.000896518060472, -0.00303333834745, 0.00200923904777, -0.00265885284171, 0.00184975436423, -0.00105279148556, 0.00245464686304, -0.00262431311421, 0.00388701050542, -0.00619687279686, 0.0173164010048, -0.00642869668081, 0.00393112329766], [-0.000824150221888, 0.00350579200312, -0.00202231109142, 0.00271577737294, -0.0020931547042, 0.00112421519589, -0.00210494967178, 0.00428052060306, -0.00183259020559, 0.00163427996449, -0.00642869668081, 0.018612973392, -0.00558917503804], [0.000801440502983, -0.00274066976272, 0.00186017423403, -0.00196751975454, 0.00186086283065, -0.00184073997661, 0.00191978248768, -0.00189582724124, 0.00275914743543, 0.00023810188577, 0.00393112329766, -0.00558917503804, 0.0158401299268]], "cov": [[7349.20947266, -1124.36889648, -290.855377197, 883.998901367, -345.374176025, 301.860229492, -184.215789795, 354.384460449, -146.165786743, 136.827560425, -111.718009949, 92.6952590942, -198.187973022], [-1124.36889648, 1513.01318359, 198.718475342, -229.454269409, 178.948394775, -223.348617554, 10.0526428223, -198.272857666, 57.4858665466, -108.749908447, 75.8671722412, -120.324455261, 125.244308472], [-290.855377197, 198.718475342, 1049.6015625, 47.4377975464, 38.8261985779, 142.843887329, -125.175743103, -0.609141767025, -58.0006942749, 49.1788139343, 1.82481241226, 21.7653923035, -24.5413703918], [883.998901367, -229.454269409, 47.4377975464, 438.371002197, 15.6957874298, 14.909705162, -54.32239151, 55.3642654419, -11.6739749908, 19.7928714752, 5.15500688553, -2.42628264427, -22.8478412628], [-345.374176025, 178.948394775, 38.8261985779, 15.6957874298, 225.397613525, -23.4651165009, 1.51060688496, 8.31108570099, -17.1374225616, -19.0040969849, 11.5256881714, -14.2334823608, 12.8199682236], [301.860229492, -223.348617554, 142.843887329, 14.909705162, -23.4651165009, 227.73374939, 34.242805481, 52.5586662292, -24.4443569183, 18.9933624268, -23.2658081055, 26.5452079773, -18.3653793335], [-184.215789795, 10.0526428223, -125.175743103, -54.32239151, 1.51060688496, 34.242805481, 165.539413452, -11.0026721954, 28.0965709686, -21.6270980835, -19.4884414673, 2.31930780411, 2.5202357769], [354.384460449, -198.272857666, -0.609141767025, 55.3642654419, 8.31108570099, 52.5586662292, -11.0026721954, 157.766555786, -3.59702515602, 22.165145874, -5.29794549942, -5.04350996017, -20.1114616394], [-146.165786743, 57.4858665466, -58.0006942749, -11.6739749908, -17.1374225616, -24.4443569183, 28.0965709686, -3.59702515602, 114.169502258, 13.6339740753, -5.60534763336, -11.6715459824, -4.77926301956], [136.827560425, -108.749908447, 49.1788139343, 19.7928714752, -19.0040969849, 18.9933624268, -21.6270980835, 22.165145874, 13.6339740753, 86.7795715332, 18.2956752777, 11.1125831604, -23.6406803131], [-111.718009949, 75.8671722412, 1.82481241226, 5.15500688553, 11.5256881714, -23.2658081055, -19.4884414673, -5.29794549942, -5.60534763336, 18.2956752777, 88.4461364746, 10.0690021515, -0.820677995682], [92.6952590942, -120.324455261, 21.7653923035, -2.42628264427, -14.2334823608, 26.5452079773, 2.31930780411, -5.04350996017, -11.6715459824, 11.1125831604, 10.0690021515, 84.155090332, 4.56734228134], [-198.187973022, 125.244308472, -24.5413703918, -22.8478412628, 12.8199682236, -18.3653793335, 2.5202357769, -20.1114616394, -4.77926301956, -23.6406803131, -0.820677995682, 4.56734228134, 91.5224761963]]}, "spectral_energyband_middle_low": {"dmean2": 0.00872784946114, "median": 0.0199176818132, "min": 1.39973623622e-22, "dvar2": 9.34424242587e-05, "dvar": 3.66029016732e-05, "dmean": 0.00562482420355, "max": 0.0918457582593, "var": 0.000131004984723, "mean": 0.021352738142}, "melbands_crest": {"dmean2": 4.12761640549, "median": 14.4980859756, "min": 1.76766455173, "dvar2": 15.8716039658, "dvar": 6.0083065033, "dmean": 2.64840555191, "max": 36.5095825195, "var": 18.9626235962, "mean": 15.0079154968}, "spectral_kurtosis": {"dmean2": 4.39863920212, "median": 4.70683431625, "min": -1.24837958813, "dvar2": 42.1842803955, "dvar": 14.5511837006, "dmean": 2.55979728699, "max": 83.9758224487, "var": 52.8580436707, "mean": 7.28472566605}, "spectral_rms": {"dmean2": 0.000998330186121, "median": 0.00665635429323, "min": 3.14313765987e-12, "dvar2": 1.15620423458e-06, "dvar": 4.50146359299e-07, "dmean": 0.000666449312121, "max": 0.0109625617042, "var": 2.36082428273e-06, "mean": 0.00646283710375}, "zerocrossingrate": {"dmean2": 0.00661897659302, "median": 0.0283203125, "min": 0.00390625, "dvar2": 5.80210653425e-05, "dvar": 5.33133352292e-05, "dmean": 0.00543188350275, "max": 0.7919921875, "var": 0.0014998113038, "mean": 0.0348243713379}, "silence_rate_60dB": {"dmean2": 0.00519311893731, "median": 0, "min": 0, "dvar2": 0.00607475964352, "dvar": 0.00258961133659, "dmean": 0.0025963911321, "max": 1, "var": 0.0203343629837, "mean": 0.0207697805017}, "erbbands_kurtosis": {"dmean2": 1.44715559483, "median": -0.124895572662, "min": -1.89769160748, "dvar2": 3.94114756584, "dvar": 1.67903470993, "dmean": 0.925823628902, "max": 31.0431213379, "var": 6.94657039642, "mean": 0.746031820774}, "erbbands": {"dmean2": [0.110823743045, 1.88895761967, 5.7243847847, 9.94868755341, 13.3491106033, 19.6835308075, 16.0270442963, 18.0966777802, 16.6932525635, 28.0276889801, 21.9136581421, 29.0440177917, 32.9966049194, 19.16913414, 11.557721138, 10.5614109039, 13.2099237442, 11.5250358582, 11.3247241974, 8.86845397949, 8.90140533447, 13.9646120071, 11.2195367813, 9.89924240112, 13.3798656464, 7.94872236252, 5.14168024063, 3.95785689354, 4.14031648636, 3.13592839241, 1.76070201397, 1.04816091061, 0.470062732697, 0.200320586562, 0.101339258254, 0.0498974137008, 0.0156073207036, 0.00333005166613, 0.00040201281081, 3.87122636312e-05], "median": [0.116127930582, 2.59870243073, 7.15321683884, 14.0776987076, 15.4720697403, 17.9974250793, 16.2663917542, 15.0033445358, 9.20877075195, 12.5548410416, 6.99298906326, 9.72283172607, 11.4451179504, 7.90637779236, 5.63082361221, 5.3659863472, 6.30506563187, 5.01868247986, 6.68724250793, 5.29027414322, 5.87085485458, 9.72806072235, 7.48774814606, 7.21517086029, 7.98592615128, 4.83461046219, 2.65785074234, 1.26550078392, 1.18653404713, 0.805432736874, 0.42407014966, 0.292678356171, 0.161059349775, 0.0825770795345, 0.0396256037056, 0.0163751300424, 0.00469770189375, 0.000894651806448, 0.000123881822219, 6.22993684374e-05], "min": [1.96521811259e-22, 5.56186873475e-22, 1.49246071406e-21, 5.9210282949e-21, 1.65269038489e-20, 2.46251636045e-20, 8.19944074663e-20, 1.74188339626e-19, 3.75422254109e-19, 1.74806049673e-19, 4.67683213748e-19, 5.44906262495e-19, 9.30572192063e-19, 9.82933241825e-19, 1.30635165895e-18, 1.22881619442e-18, 2.20216075859e-18, 1.44735224578e-18, 2.73185062013e-18, 4.7495722292e-18, 2.51200627923e-18, 4.83180680338e-18, 7.01216556257e-18, 8.60688210242e-18, 9.28864684483e-18, 1.07855972537e-17, 1.34152896206e-17, 1.38639275695e-17, 1.49025835231e-17, 1.31431141119e-17, 1.44743967877e-17, 1.2144892401e-17, 1.02803379648e-17, 9.2967929195e-18, 6.75708870425e-18, 4.46001351987e-18, 2.66569085358e-18, 1.08487239558e-18, 2.87895636856e-19, 2.80308212828e-20], "dvar2": [0.0547888502479, 7.7954659462, 79.9970779419, 178.08984375, 318.045654297, 839.462280273, 682.884643555, 844.232299805, 1439.89135742, 4733.48242188, 5590.68896484, 6653.76806641, 6501.15917969, 3161.86962891, 851.808166504, 832.63671875, 1022.48565674, 889.296264648, 751.919067383, 437.686462402, 318.702636719, 1010.69726562, 479.172973633, 309.467132568, 657.749572754, 218.542373657, 136.855880737, 139.287094116, 173.320770264, 206.063583374, 64.9338378906, 28.708366394, 4.15528726578, 0.281608253717, 0.12113763392, 0.0709030777216, 0.00757261598483, 0.000254134036368, 1.59659441579e-06, 9.00579522067e-09], "dvar": [0.0214742459357, 3.09185695648, 29.5530147552, 67.7194137573, 119.121528625, 330.953857422, 276.520599365, 376.465240479, 606.499145508, 2049.97387695, 2397.36230469, 3100.79711914, 3088.23974609, 1749.03430176, 359.512084961, 367.78125, 432.313720703, 384.900268555, 322.258148193, 209.218399048, 141.228500366, 409.006500244, 211.504882812, 135.39932251, 313.668121338, 94.1979751587, 60.0527420044, 63.2949638367, 83.6092910767, 96.2402496338, 32.1495285034, 13.8252677917, 1.87518298626, 0.12450863421, 0.0550085231662, 0.0344144292176, 0.0036884713918, 0.000107657338958, 6.57068937926e-07, 3.70865316235e-09], "dmean": [0.0711334571242, 1.28506553173, 3.78927588463, 6.55116701126, 8.40385818481, 12.7137050629, 10.3275938034, 12.0114431381, 10.3515453339, 18.0567207336, 14.0097045898, 19.450258255, 22.0075149536, 13.1635169983, 7.3935136795, 6.66024160385, 8.25216674805, 7.34800624847, 7.1298251152, 5.69047212601, 5.60892534256, 8.63885688782, 7.28555011749, 6.3372130394, 8.78199005127, 5.0916428566, 3.27704715729, 2.54167580605, 2.70158267021, 2.07396101952, 1.18944585323, 0.716032981873, 0.307793080807, 0.130452483892, 0.0663210377097, 0.0328204855323, 0.0102687450126, 0.00212324876338, 0.000255541381193, 2.5094836019e-05], "max": [2.72424602509, 18.4169559479, 78.6323623657, 151.564224243, 179.924102783, 344.618469238, 684.919006348, 627.885681152, 724.036071777, 1021.52593994, 1735.2331543, 1364.01184082, 1395.47180176, 1882.8885498, 936.078308105, 1160.73583984, 683.214172363, 512.651123047, 672.099365234, 546.311218262, 790.605407715, 823.260742188, 472.294830322, 298.665344238, 457.807830811, 252.734649658, 244.27961731, 273.792327881, 291.728881836, 378.981872559, 227.772460938, 192.888900757, 75.287147522, 11.9347009659, 13.732919693, 10.2573022842, 3.80498218536, 0.556211590767, 0.0229929722846, 0.00183747452684], "var": [0.0247699245811, 6.28902101517, 56.3148765564, 213.717346191, 348.490386963, 758.371887207, 579.835571289, 944.210571289, 1043.51879883, 3744.4387207, 3914.82177734, 6975.28076172, 15092.3144531, 6587.55224609, 1063.70349121, 1377.14978027, 838.096435547, 890.846435547, 650.30090332, 547.973571777, 523.492980957, 887.596679688, 947.029541016, 577.374206543, 1125.65246582, 333.066009521, 152.203613281, 131.023300171, 197.214736938, 198.367553711, 77.4550552368, 29.0475654602, 3.63685441017, 0.254571169615, 0.131088450551, 0.0738064199686, 0.00711836852133, 0.000187631623703, 1.174884801e-06, 6.70307809258e-09], "mean": [0.146610736847, 3.11287164688, 9.14637756348, 17.680437088, 20.7776107788, 26.3511276245, 22.5632858276, 25.2042140961, 17.9810791016, 30.0548229218, 22.1846942902, 34.5030632019, 46.9603347778, 27.3744678497, 14.9134492874, 13.0918169022, 14.6588401794, 14.0220193863, 13.8488922119, 11.8563623428, 12.7197809219, 18.9295043945, 18.8984680176, 16.6732521057, 21.1128387451, 12.3068332672, 7.35185956955, 4.89560508728, 5.26471281052, 3.86365461349, 2.18752574921, 1.25615096092, 0.551182866096, 0.245960116386, 0.118161350489, 0.0541028007865, 0.016733860597, 0.00353799923323, 0.000455646164482, 7.95395390014e-05]}, "spectral_strongpeak": {"dmean2": 0.632693648338, "median": 0.480912208557, "min": 0, "dvar2": 1.04856038094, "dvar": 0.428685605526, "dmean": 0.369130641222, "max": 8.37727642059, "var": 0.784109652042, "mean": 0.773966252804}, "spectral_energy": {"dmean2": 0.0139273330569, "median": 0.0454147309065, "min": 1.01262973991e-20, "dvar2": 0.00025207811268, "dvar": 9.73531932686e-05, "dmean": 0.00923694111407, "max": 0.123182207346, "var": 0.000317168480251, "mean": 0.0452322885394}, "average_loudness": 0.968091666698, "spectral_rolloff": {"dmean2": 344.256713867, "median": 409.130859375, "min": 86.1328125, "dvar2": 546139.5625, "dvar": 240544.453125, "dmean": 205.091766357, "max": 21490.1367188, "var": 1539389.375, "mean": 721.176269531}, "spectral_centroid": {"dmean2": 249.997253418, "median": 797.706481934, "min": 170.773269653, "dvar2": 103926.929688, "dvar": 48790.0117188, "dmean": 167.392944336, "max": 11562.6533203, "var": 454629.03125, "mean": 932.936767578}, "pitch_salience": {"dmean2": 0.101438224316, "median": 0.557353138924, "min": 0.101964749396, "dvar2": 0.00883711501956, "dvar": 0.00340962526388, "dmean": 0.0645402818918, "max": 0.942134916782, "var": 0.0109398262575, "mean": 0.551927924156}, "spectral_energyband_middle_high": {"dmean2": 0.00171056110412, "median": 0.00254462938756, "min": 1.30746488007e-21, "dvar2": 7.00062537362e-06, "dvar": 3.72671820514e-06, "dmean": 0.00118655257393, "max": 0.0685660094023, "var": 2.42066125793e-05, "mean": 0.00410667154938}, "spectral_contrast_coeffs": {"dmean2": [0.0734228640795, 0.0751566886902, 0.0620322972536, 0.0455107539892, 0.0335475429893, 0.0299552641809], "median": [-0.622663915157, -0.718812942505, -0.76773494482, -0.804422557354, -0.803786575794, -0.754735350609], "min": [-0.973333120346, -0.974794209003, -0.974046111107, -0.970756828785, -0.964413285255, -0.962442100048], "dvar2": [0.00387137243524, 0.00360551360063, 0.00240550632589, 0.00124807213433, 0.000713947811164, 0.000855886610225], "dvar": [0.00138416944537, 0.00137516018003, 0.000971209199633, 0.000471609237138, 0.000298992061289, 0.000356065895176], "dmean": [0.044816210866, 0.0464283563197, 0.0386118851602, 0.0275289732963, 0.0206866469234, 0.018692182377], "max": [-0.295954197645, -0.431387394667, -0.489202618599, -0.598397493362, -0.611363768578, -0.537901341915], "var": [0.00459962338209, 0.00539653841406, 0.00510617392138, 0.00182427687105, 0.00173901312519, 0.00246341875754], "mean": [-0.620791494846, -0.715356826782, -0.757277488708, -0.799314498901, -0.799687027931, -0.754313349724]}, "melbands_skewness": {"dmean2": 0.998615860939, "median": 3.21758127213, "min": -1.47956776619, "dvar2": 0.920882880688, "dvar": 0.403526544571, "dmean": 0.659786999226, "max": 13.3069324493, "var": 2.38609027863, "mean": 3.42089509964}, "spectral_spread": {"dmean2": 556682.375, "median": 3717734.5, "min": 750103.625, "dvar2": 485777145856, "dvar": 257026998272, "dmean": 367329.9375, "max": 42077308, "var": 2957578600450.0, "mean": 3812360.25}, "dissonance": {"dmean2": 0.0336470119655, "median": 0.463396340609, "min": 0.21742901206, "dvar2": 0.00111834378913, "dvar": 0.000414107576944, "dmean": 0.0200544409454, "max": 0.499974995852, "var": 0.00121119059622, "mean": 0.454170018435}, "spectral_skewness": {"dmean2": 0.4561419487, "median": 1.53206062317, "min": -0.193149775267, "dvar2": 0.258065313101, "dvar": 0.0978298559785, "dmean": 0.279232352972, "max": 6.80130290985, "var": 0.807559907436, "mean": 1.81886303425}, "spectral_flux": {"dmean2": 0.035681117326, "median": 0.0804403498769, "min": 6.46699499507e-11, "dvar2": 0.00115281832404, "dvar": 0.000477480149129, "dmean": 0.0220544189215, "max": 0.272623538971, "var": 0.00159875757527, "mean": 0.0847396180034}, "spectral_contrast_valleys": {"dmean2": [0.545948863029, 0.514104604721, 0.448762267828, 0.37483727932, 0.312202811241, 0.358231991529], "median": [-6.24820566177, -6.44866132736, -7.30631828308, -7.69670152664, -7.39275360107, -10.459151268], "min": [-27.7023773193, -27.958234787, -27.4447746277, -27.4811840057, -27.4310703278, -27.3652877808], "dvar2": [0.235774844885, 0.177839517593, 0.132