{"tonal": {"thpcp": [1, 0.758247435093, 0.401676028967, 0.40560528636, 0.281653016806, 0.241021424532, 0.291859567165, 0.223305419087, 0.378905892372, 0.6250680089, 0.418531149626, 0.259867668152, 0.324932187796, 0.31054982543, 0.583699941635, 0.823240399361, 0.518556296825, 0.236200705171, 0.243763923645, 0.247592046857, 0.389583975077, 0.592270195484, 0.448248535395, 0.374666780233, 0.447780400515, 0.282624602318, 0.15744484961, 0.147155508399, 0.134689107537, 0.310139328241, 0.469655424356, 0.314674645662, 0.229224070907, 0.318960160017, 0.294157087803, 0.54317510128], "hpcp": {"dmean2": [0.194399520755, 0.201391294599, 0.155766353011, 0.132986485958, 0.132189065218, 0.167416870594, 0.172545284033, 0.165478572249, 0.159215807915, 0.145823076367, 0.10711389035, 0.0702114105225, 0.0694902613759, 0.0668131411076, 0.102812461555, 0.123272538185, 0.119514234364, 0.115367218852, 0.113583132625, 0.131329059601, 0.19787286222, 0.223681479692, 0.22318944335, 0.18186917901, 0.150581479073, 0.125110059977, 0.111456491053, 0.116934232414, 0.0978678837419, 0.128576532006, 0.162116259336, 0.139294534922, 0.117913067341, 0.130039200187, 0.159994617105, 0.232399091125], "median": [0.0996617823839, 0.0681647658348, 0.0265214405954, 0.0206817798316, 0.0217440463603, 0.053448446095, 0.0718276798725, 0.0631411075592, 0.0461770929396, 0.0405258312821, 0.0307649224997, 0.021811183542, 0.0210159905255, 0.0199824050069, 0.028032604605, 0.0332946479321, 0.029619820416, 0.0258371718228, 0.0236514806747, 0.0269567687064, 0.10024985671, 0.182575494051, 0.147937655449, 0.0588545948267, 0.0307688713074, 0.0287318844348, 0.0346610471606, 0.033560782671, 0.0307755880058, 0.0542501434684, 0.067241564393, 0.0503554195166, 0.0339639857411, 0.0327536165714, 0.0380355715752, 0.0788368880749], "min": [0, 0, 0, 0, 0, 0, 0, 0, 0, 0, 0, 0, 0, 0, 0, 0, 0, 0, 0, 0, 0, 0, 0, 0, 0, 0, 0, 0, 0, 0, 0, 0, 0, 0, 0, 0], "dvar2": [0.0807334333658, 0.0828276872635, 0.068215623498, 0.0591952688992, 0.0566105097532, 0.0617218017578, 0.0650919377804, 0.0593760721385, 0.0611489489675, 0.0539275631309, 0.0341487675905, 0.0212869532406, 0.0227237157524, 0.0206068269908, 0.0343370996416, 0.0502587594092, 0.0482012555003, 0.0496004000306, 0.0546997785568, 0.0526563040912, 0.0703286901116, 0.0865567624569, 0.0730357691646, 0.0692506358027, 0.069124110043, 0.0539490617812, 0.0421378389001, 0.0438925735652, 0.0342902317643, 0.0427648052573, 0.0647753551602, 0.0449085608125, 0.0484066940844, 0.0539758987725, 0.0654261559248, 0.100984945893], "dvar": [0.0317809358239, 0.0296459626406, 0.0245882831514, 0.0219219494611, 0.0213318280876, 0.022580165416, 0.0264200083911, 0.0221013836563, 0.0231442581862, 0.0228955633938, 0.0141279892996, 0.00802274979651, 0.0083760721609, 0.0076636406593, 0.0133935539052, 0.0202463008463, 0.0178742129356, 0.0180423948914, 0.0205708164722, 0.0194878689945, 0.0258181821555, 0.0356894284487, 0.0282485913485, 0.025569492951, 0.0264523774385, 0.0198220834136, 0.015481678769, 0.0171380937099, 0.0126843042672, 0.0156300645322, 0.0261261239648, 0.0170368589461, 0.0174788776785, 0.020898539573, 0.0239030513912, 0.0361589901149], "dmean": [0.115394383669, 0.117457173765, 0.0871570035815, 0.0766075626016, 0.0759851783514, 0.0980891883373, 0.10430817306, 0.0989975035191, 0.0937171950936, 0.0882285609841, 0.0647813752294, 0.0413415618241, 0.0406502634287, 0.0393546111882, 0.0628399327397, 0.0738115608692, 0.0701678544283, 0.0665697455406, 0.0651301592588, 0.0753982141614, 0.117733679712, 0.136367067695, 0.134296238422, 0.105399675667, 0.0873126760125, 0.0725780650973, 0.065230794251, 0.0693815201521, 0.0574847683311, 0.0770173221827, 0.096907556057, 0.0832516252995, 0.0686142221093, 0.0764838531613, 0.0921328887343, 0.135173693299], "max": [1, 1, 1, 1, 1, 1, 1, 1, 1, 1, 1, 1, 1, 1, 1, 1, 1, 1, 1, 1, 1, 1, 1, 1, 1, 1, 1, 1, 1, 1, 1, 1, 1, 1, 1, 1], "var": [0.130652084947, 0.060050342232, 0.0235325563699, 0.031932644546, 0.0308584570885, 0.0388897620142, 0.0890468657017, 0.048495836556, 0.0430264100432, 0.0697206631303, 0.0310190562159, 0.0129405753687, 0.0098120989278, 0.00903728790581, 0.0377399213612, 0.0850855112076, 0.0387783236802, 0.0221997816116, 0.0565915256739, 0.0374315902591, 0.0498144179583, 0.135320305824, 0.0820464864373, 0.0412435345352, 0.0679549351335, 0.032936245203, 0.0197683647275, 0.0339504815638, 0.0185940116644, 0.0353665463626, 0.101752430201, 0.0457756370306, 0.0265067052096, 0.044936299324, 0.0324360467494, 0.0699828788638], "mean": [0.294116258621, 0.185262814164, 0.0843866094947, 0.0870886966586, 0.0884563550353, 0.139185324311, 0.211598336697, 0.160144209862, 0.133855909109, 0.159976959229, 0.100972317159, 0.0562497749925, 0.0525737404823, 0.0481199100614, 0.110802404583, 0.16779217124, 0.112422719598, 0.0818940922618, 0.113953791559, 0.105092488229, 0.194058284163, 0.357266545296, 0.270896434784, 0.14350540936, 0.144909203053, 0.10062520206, 0.0861088931561, 0.104271657765, 0.0797795578837, 0.135370403528, 0.223315879703, 0.149527177215, 0.092842027545, 0.116087399423, 0.110949061811, 0.208536460996]}, "tuning_equal_tempered_deviation": 0.0301830470562, "chords_changes_rate": 0.0453899018466, "key_key": "A", "tuning_diatonic_strength": 0.518975436687, "key_scale": "minor", "chords_number_rate": 0.0020146954339, "tuning_frequency": 438.731048584, "tuning_nontempered_energy_ratio": 0.687820911407, "chords_histogram": [18.0493011475, 13.1073713303, 11.5548706055, 3.21166157722, 3.29461956024, 4.37307405472, 0.165916100144, 12.5385160446, 1.05475234985, 5.60559368134, 0.829580485821, 2.70206212997, 0.782175898552, 0, 0, 0, 1.36288225651, 1.25622189045, 3.33017301559, 3.88717699051, 0.22517183423, 2.25171852112, 5.65299844742, 4.7641620636], "key_strength": 0.797205507755, "chords_key": "A", "chords_strength": {"dmean2": 0.00739931734279, "median": 0.507900357246, "min": -1, "dvar2": 0.000580492254812, "dvar": 0.000321439671097, "dmean": 0.00835183821619, "max": 0.778404772282, "var": 0.0181389003992, "mean": 0.505621016026}, "chords_scale": "minor", "hpcp_entropy": {"dmean2": 0.929561138153, "median": 1.86807918549, "min": 0, "dvar2": 0.599504292011, "dvar": 0.230438828468, "dmean": 0.558385193348, "max": 4.45281028748, "var": 0.568962872028, "mean": 1.84136259556}}, "metadata": {"audio_properties": {"equal_loudness": 0, "codec": "mp3", "downmix": "mix", "sample_rate": 44100, "analysis_sample_rate": 44100, "bit_rate": 128008, "md5_encoded": "0ae3ebfac1fd8fa873f36cee0db4901a", "length": 391.784484863, "replay_gain": -12.9977169037, "lossless": false}, "version": {"essentia_build_sha": "70f2e5ece6736b2c40cc944ad0e695b16b925413", "essentia": "2.1-beta2", "extractor": "music 1.0", "essentia_git_sha": "v2.1_beta2"}, "tags": {"title": ["Cabeza de Mojado"], "media": ["Digital Media"], "albumartist": ["Various Artists"], "musicbrainz_recordingid": ["0a054808-2c55-41d5-bde8-e1b65b007b14"], "originalyear": ["2006"], "discnumber": ["2/4"], "album": ["SXSW 2006 Showcasing Artists"], "musicbrainz album release country": ["US"], "musicbrainz album type": ["other/compilation"], "musicbrainz album status": ["promotion"], "musicbrainz_albumartistid": ["89ad4ac3-39f7-470e-963a-56509c546377"], "date": ["2006"], "file_name": "2-95 Friends of Dean Martinez - Cabeza de Mojado.mp3", "musicbrainz_releasegroupid": ["5d62dc10-8354-4bd2-b073-79ec37d76c2c"], "script": ["Latn"], "originaldate": ["2006"], "musicbrainz_albumid": ["0051d35d-fe62-46f2-ad75-504174ae5809"], "artist": ["Friends of Dean Martinez"], "artistsort": ["Friends of Dean Martinez"], "tracknumber": ["95/203"], "label": ["[no label]"], "albumartistsort": ["Various Artists"], "acoustid_id": ["b01aec3f-3745-47fc-b41a-2646a7ddf326"], "musicbrainz_artistid": ["51573fd2-0b3e-4434-9d8c-cf58ffad7fd7"]}}, "rhythm": {"bpm_histogram_first_peak_bpm": {"dmean2": 0, "median": 161, "min": 161, "dvar2": 0, "dvar": 0, "dmean": 0, "max": 161, "var": 0, "mean": 161}, "bpm": 162.201309204, "bpm_histogram_second_peak_spread": {"dmean2": 0, "median": 0.608058571815, "min": 0.608058571815, "dvar2": 0, "dvar": 0, "dmean": 0, "max": 0.608058571815, "var": 0, "mean": 0.608058571815}, "bpm_histogram_first_peak_weight": {"dmean2": 0, "median": 0.183551847935, "min": 0.183551847935, "dvar2": 0, "dvar": 0, "dmean": 0, "max": 0.183551847935, "var": 0, "mean": 0.183551847935}, "onset_rate": 2.63143181801, "beats_position": [0.487619042397, 0.986848056316, 1.47446703911, 1.9620860815, 2.4497051239, 2.93732428551, 3.3785033226, 3.8196823597, 4.26086139679, 4.7020406723, 5.15482997894, 5.60761880875, 6.04879808426, 6.5015873909, 6.93115615845, 7.36072540283, 7.80190467834, 8.24308395386, 8.68426322937, 9.12544155121, 9.56662082672, 10.0078001022, 10.4489793777, 10.8901586533, 11.3313379288, 11.7725172043, 12.2136955261, 12.6548748016, 13.0960540771, 13.5256233215, 13.9551925659, 14.3847618103, 14.8143310547, 15.2090702057, 15.6038093567, 15.9985485077, 16.3932876587, 16.7880268097, 17.1827659607, 17.5775051117, 17.9722442627, 18.3669834137, 18.7617225647, 19.1564617157, 19.574420929, 19.9923801422, 20.4103393555, 20.851518631, 21.2926979065, 21.733877182, 22.1750564575, 22.616235733, 23.0458049774, 23.4753742218, 23.9165534973, 24.3461227417, 24.7756919861, 25.2052612305, 25.6348285675, 26.076007843, 26.5287971497, 26.9815864563, 27.4227657318, 27.8639450073, 28.3051242828, 28.7463035583, 29.2107028961, 29.7215423584, 30.2207698822, 30.7083892822, 31.2076187134, 31.7068481445, 32.2060775757, 32.6936950684, 33.1813163757, 33.6573219299, 34.1449432373, 34.6209526062, 35.0969619751, 35.572971344, 36.0489807129, 36.5249862671, 36.9893875122, 37.4770050049, 37.9530143738, 38.4290237427, 38.9050331116, 39.3810424805, 39.8686599731, 40.3562812805, 40.8438987732, 41.3315200806, 41.8191375732, 42.2951469421, 42.771156311, 43.2471656799, 43.7231750488, 44.1991844177, 44.6751937866, 45.1511993408, 45.6272087097, 46.1148300171, 46.590839386, 47.0668487549, 47.5544662476, 48.0304756165, 48.5064849854, 48.9824943542, 49.4585037231, 49.9461212158, 50.4337387085, 50.9097480774, 51.3857574463, 51.8617668152, 52.3377761841, 52.813785553, 53.2897949219, 53.7541923523, 54.2185935974, 54.6829910278, 55.1473922729, 55.6234016418, 56.0994110107, 56.5754165649, 57.0514259338, 57.5274353027, 57.9802246094, 58.4446258545, 58.9090232849, 59.37342453, 59.8262138367, 60.2673912048, 60.708568573, 61.1613578796, 61.6141471863, 62.0553283691, 62.5081176758, 62.9609069824, 63.4136962891, 63.889705658, 64.3541030884, 64.806892395, 65.2712936401, 65.7240829468, 66.1768722534, 66.6180496216, 67.0592269897, 67.5004043579, 67.9415893555, 68.3827667236, 68.8239440918, 69.26512146, 69.7062988281, 70.1590881348, 70.6118774414, 71.053062439, 71.4826278687, 71.9122009277, 72.3533782959, 72.8061676025, 73.2589569092, 73.7001342773, 74.152923584, 74.5824966431, 75.0236740112, 75.4648513794, 75.9060287476, 76.3472061157, 76.7883911133, 77.217956543, 77.6475296021, 78.0887069702, 78.5298843384, 78.9710617065, 79.4122467041, 79.8418121338, 80.2713851929, 80.7009506226, 81.1305236816, 81.5717010498, 82.0012664795, 82.4308395386, 82.8836288452, 83.3248062134, 83.7543716431, 84.1955566406, 84.6367340088, 85.0662994385, 85.4958724976, 85.9138336182, 86.3317871094, 86.7613601685, 87.1909255981, 87.6088867188, 88.0500640869, 88.4680252075, 88.8859863281, 89.3039474487, 89.7219009399, 90.1630859375, 90.5810394287, 91.0106124878, 91.4401779175, 91.8813552856, 92.3109283447, 92.7404937744, 93.181678772, 93.6112442017, 94.0408172607, 94.458770752, 94.8767318726, 95.3179092407, 95.7474822998, 96.1770477295, 96.6066207886, 97.0477981567, 97.4773712158, 97.918548584, 98.3829498291, 98.8241271973, 99.2653045654, 99.683265686, 100.124443054, 100.554008484, 100.983581543, 101.401542664, 101.831108093, 102.260681152, 102.690246582, 103.119819641, 103.537773132, 103.97895813, 104.373695374, 104.791656494, 105.221221924, 105.650794983, 106.080360413, 106.509933472, 106.939498901, 107.36907196, 107.810249329, 108.251426697, 108.692604065, 109.110565186, 109.528526306, 109.946479797, 110.364440918, 110.782402039, 111.200363159, 111.629928589, 112.059501648, 112.477455139, 112.89541626, 113.31337738, 113.74294281, 114.172515869, 114.59047699, 115.008430481, 115.449615479, 115.879180908, 116.308753967, 116.726707458, 117.133056641, 117.5626297, 118.003807068, 118.456596375, 118.955825806, 119.443443298, 119.942672729, 120.581222534, 121.2081604, 121.835098267, 122.427207947, 123.019317627, 123.623039246, 124.238365173, 124.830474854, 125.422584534, 126.014694214, 126.606803894, 127.198905945, 127.779411316, 128.359909058, 128.94039917, 129.520904541, 130.101409912, 130.681900024, 131.250793457, 131.81968689, 132.388565063, 132.957458496, 133.537963867, 134.106842041, 134.675735474, 135.244628906, 135.801895142, 136.370788574, 136.928070068, 137.485351562, 138.065841675, 138.646347046, 139.215240479, 139.784118652, 140.341400146, 140.921905518, 141.490783691, 142.059677124, 142.640182495, 143.209060669, 143.777954102, 144.358459473, 144.938949585, 145.531066895, 146.123168945, 146.703674316, 147.295776367, 147.887893677, 148.468383789, 149.04888916, 149.617782593, 150.186660767, 150.755554199, 151.324447632, 151.881713867, 152.4506073, 153.019500732, 153.599990845, 154.168884277, 154.749389648, 155.329879761, 155.910385132, 156.479278564, 157.059768677, 157.628662109, 158.197555542, 158.754821777, 159.335327148, 159.904220581, 160.473098755, 161.030380249, 161.587661743, 162.144943237, 162.702224731, 163.247894287, 163.805160522, 164.374053955, 164.931335449, 165.51184082, 166.092330933, 166.672836304, 167.230117798, 167.787384033, 168.344665527, 168.91355896, 169.482452393, 170.051330566, 170.631835938, 171.20072937, 171.757995605, 172.3152771, 172.895782471, 173.476272583, 174.033554077, 174.590835571, 175.148117065, 175.70539856, 176.262680054, 176.819946289, 177.388839722, 177.957733154, 178.364074707, 178.770431519, 179.176773071, 179.583129883, 179.966262817, 180.349380493, 180.720901489, 181.092422485, 181.463943481, 181.835464478, 182.206985474, 182.590103149, 182.973236084, 183.34475708, 183.716278076, 184.087799072, 184.459320068, 184.830841064, 185.21395874, 185.585479736, 185.957000732, 186.328521729, 186.711654663, 187.083175659, 187.454696655, 187.837814331, 188.220947266, 188.615692139, 188.998809814, 189.381942749, 189.765075684, 190.148208618, 190.519729614, 190.89125061, 191.262756348, 191.634277344, 192.00579834, 192.400543213, 192.795272827, 193.178405762, 193.561538696, 193.933059692, 194.304580688, 194.676101685, 195.047622681, 195.419128418, 195.790649414, 196.16217041, 196.533691406, 196.905212402, 197.276733398, 197.648254395, 198.019775391, 198.391296387, 198.762802124, 199.122711182, 199.482620239, 199.854141235, 200.225662231, 200.597183228, 200.968704224, 201.351837158, 201.723358154, 202.10647583, 202.477996826, 202.849517822, 203.221038818, 203.580947876, 203.940856934, 204.300765991, 204.660675049, 205.032196045, 205.403717041, 205.775238037, 206.146759033, 206.518280029, 206.901397705, 207.272918701, 207.656051636, 208.015960693, 208.399093628, 208.770614624, 209.142120361, 209.513641357, 209.885162354, 210.279907227, 210.663040161, 211.046157837, 211.429290771, 211.800811768, 212.183944702, 212.555465698, 212.938583374, 213.321716309, 213.693237305, 214.064758301, 214.436279297, 214.807800293, 215.190933228, 215.574050903, 215.945571899, 216.317092896, 216.688613892, 217.060134888, 217.431655884, 217.80317688, 218.174682617, 218.557815552, 218.940948486, 219.324081421, 219.707214355, 220.067123413, 220.427032471, 220.798538208, 221.181671143, 221.553192139, 221.924713135, 222.296234131, 222.656143188, 223.027664185, 223.399185181, 223.770706177, 224.142211914, 224.51373291, 224.896865845, 225.268386841, 225.651519775, 226.034637451, 226.406158447, 226.777679443, 227.160812378, 227.532333374, 227.90385437, 228.275375366, 228.646896362, 229.0184021, 229.389923096, 229.761444092, 230.132965088, 230.504486084, 230.87600708, 231.259140015, 231.630645752, 232.013778687, 232.385299683, 232.756820679, 233.128341675, 233.499862671, 233.871383667, 234.242904663, 234.6144104, 234.985931396, 235.357452393, 235.728973389, 236.112106323, 236.495239258, 236.889968872, 237.261489868, 237.633010864, 238.00453186, 238.376052856, 238.747573853, 239.119094849, 239.490600586, 239.862121582, 240.233642578, 240.616775513, 240.988296509, 241.371429443, 241.742950439, 242.114456177, 242.485977173, 242.857498169, 243.229019165, 243.600540161, 243.972061157, 244.331970215, 244.691879272, 245.063400269, 245.434921265, 245.806442261, 246.201171875, 246.58430481, 246.967437744, 247.35055542, 247.733688354, 248.128433228, 248.499954224, 248.883071899, 249.254592896, 249.626113892, 250.009246826, 250.380767822, 250.763900757, 251.147018433, 251.530151367, 251.913284302, 252.296417236, 252.679534912, 253.062667847, 253.445800781, 253.817321777, 254.188842773, 254.56036377, 254.931884766, 255.303390503, 255.674911499, 256.046447754, 256.42956543, 256.812683105, 257.195831299, 257.578948975, 257.96206665, 258.345214844, 258.71673584, 259.088256836, 259.459777832, 259.842895508, 260.226013184, 260.59753418, 260.980682373, 261.363800049, 261.735321045, 262.118438721, 262.513183594, 262.919555664, 263.291046143, 263.662567139, 264.034088135, 264.394012451, 264.75390625, 265.113830566, 265.473724365, 265.822021484, 266.181945801, 266.5418396, 266.901763916, 267.261688232, 267.609985352, 267.96987915, 268.329803467, 268.701324463, 269.072814941, 269.432739258, 269.792633057, 270.164154053, 270.535675049, 270.918823242, 271.301940918, 271.673461914, 272.242340088, 272.811248779, 273.40335083, 273.983856201, 274.552734375, 275.133239746, 275.713745117, 276.294250488, 276.863128662, 277.432006836, 277.98928833, 278.569793701, 279.150299072, 279.719177246, 280.28805542, 280.845336914, 281.391021729, 281.936676025, 282.49395752, 283.051239014, 283.608520508, 284.165802002, 284.723083496, 285.28036499, 285.849243164, 286.418121338, 286.975402832, 287.532684326, 288.08996582, 288.647247314, 289.204528809, 289.761810303, 290.330688477, 290.887969971, 291.445251465, 292.014129639, 292.58303833, 293.151916504, 293.709197998, 294.289703369, 294.858581543, 295.427490234, 295.996368408, 296.565246582, 297.122528076, 297.703033447, 298.271911621, 298.852416992, 299.421295166, 300.001800537, 300.570709229, 301.139587402, 301.720092773, 302.300598145, 302.892700195, 303.473205566, 304.04208374, 304.622589111, 305.203063965, 305.783569336, 306.364074707, 306.944580078, 307.525085449, 308.105560303, 308.686065674, 309.278167725, 309.858673096, 310.450775146, 311.054504395, 311.658233643, 312.227111816, 312.79598999, 313.353271484, 313.910552979, 314.467834473, 315.036743164, 315.593994141, 316.162902832, 316.720184326, 317.2890625, 317.857940674, 318.438446045, 319.018951416, 319.599456787, 320.168334961, 320.737213135, 321.306121826, 321.875, 322.443908691, 323.001159668, 323.558441162, 324.127349854, 324.696228027, 325.265106201, 325.822387695, 326.402893066, 326.97177124, 327.540679932, 328.097961426, 328.65524292, 329.212524414, 329.781402588, 330.350280762, 330.919189453, 331.499664307, 332.068572998, 332.637451172, 333.206329346, 333.775238037, 334.344116211, 334.901397705, 335.470275879, 336.05078125, 336.619689941, 337.188568115, 337.757446289, 338.33795166, 338.918457031, 339.498962402, 340.079437256, 340.659942627, 341.228851318, 341.797729492, 342.355010986, 342.92388916, 343.492797852, 344.050048828, 344.607330322, 345.164611816, 345.733520508, 346.302398682, 346.859680176, 347.42855835, 347.997467041, 348.566345215, 349.135223389, 349.692504883, 350.261413574, 350.818664551, 351.387573242, 351.944854736, 352.50213623, 353.059417725, 353.616668701, 354.197174072, 354.777679443, 355.346557617, 355.927062988, 356.507568359, 357.076446533, 357.633728027, 358.214233398, 358.806335449, 359.3984375, 359.978942871, 360.559448242, 361.151550293, 361.743652344, 362.335784912, 362.927886963, 363.508392334, 364.088867188, 364.657775879, 365.226654053, 365.807159424, 366.387664795, 366.968170166, 367.54864502, 368.117553711, 368.686431885, 369.243713379, 369.812591553, 370.381500244, 370.961975098, 371.542480469, 372.12298584, 372.691864014, 373.260772705, 373.829650879, 374.398529053, 374.979034424, 375.559539795, 376.070373535, 376.581207275, 377.092071533, 377.533233643, 377.962799072, 378.392364502, 378.821929932, 379.251525879, 379.681091309, 380.099029541, 380.528594971, 380.946563721, 381.37612915, 381.80569458, 382.246887207, 382.688079834, 383.117645264, 383.48916626, 383.860687256, 384.232177734, 384.60369873, 384.975219727, 385.346740723, 385.718261719, 386.089782715, 386.461303711, 386.844451904, 387.22756958, 387.610687256, 387.982208252, 388.353729248, 388.725250244, 389.10836792, 389.491516113, 389.886260986, 390.280975342, 390.675720215, 391.070465088], "beats_loudness": {"dmean2": 0.0195083823055, "median": 0.0306214019656, "min": 3.39029387897e-10, "dvar2": 0.000343999825418, "dvar": 0.000114304930321, "dmean": 0.0111792776734, "max": 0.12093115598, "var": 0.000264656322543, "mean": 0.0311532635242}, "danceability": 1.03524661064, "bpm_histogram_second_peak_weight": {"dmean2": 0, "median": 0.12753278017, "min": 0.12753278017, "dvar2": 0, "dvar": 0, "dmean": 0, "max": 0.12753278017, "var": 0, "mean": 0.12753278017}, "beats_count": 840, "bpm_histogram_second_peak_bpm": {"dmean2": 0, "median": 105, "min": 105, "dvar2": 0, "dvar": 0, "dmean": 0, "max": 105, "var": 0, "mean": 105}, "bpm_histogram_first_peak_spread": {"dmean2": 0, "median": 0.324561417103, "min": 0.324561417103, "dvar2": 0, "dvar": 0, "dmean": 0, "max": 0.324561417103, "var": 0, "mean": 0.324561417103}, "beats_loudness_band_ratio": {"dmean2": [0.254038363695, 0.245160445571, 0.237021550536, 0.129523217678, 0.0804960280657, 0.0439420677722], "median": [0.187798947096, 0.230989187956, 0.266765236855, 0.0903171598911, 0.0535771548748, 0.0211410112679], "min": [0.000952725473326, 0.000895899254829, 0.00274373637512, 0.00193380331621, 0.00130694382824, 0.000169785751496], "dvar2": [0.0437382049859, 0.0415923781693, 0.0416325107217, 0.0218740552664, 0.0105135114864, 0.00276334490627], "dvar": [0.0185748822987, 0.0161579139531, 0.0160447787493, 0.0083016846329, 0.00414575915784, 0.00102578045335], "dmean": [0.152934089303, 0.145887106657, 0.1419903934, 0.0759468972683, 0.0483466684818, 0.0243315640837], "max": [0.899995088577, 0.918046355247, 0.96680355072, 0.861191272736, 0.721741199493, 0.370276480913], "var": [0.0322763770819, 0.0361985638738, 0.0489838793874, 0.0154707208276, 0.00608799932525, 0.00134354061447], "mean": [0.227920621634, 0.269321650267, 0.32583424449, 0.132186040282, 0.0747745782137, 0.0326273180544]}}, "lowlevel": {"barkbands_spread": {"dmean2": 4.84043121338, "median": 13.0439891815, "min": 0.284370839596, "dvar2": 27.8192634583, "dvar": 12.109005928, "dmean": 3.07540655136, "max": 148.738082886, "var": 115.179359436, "mean": 14.9244327545}, "melbands_spread": {"dmean2": 6.7361164093, "median": 16.2585430145, "min": 0.537544608116, "dvar2": 55.4621047974, "dvar": 22.2529163361, "dmean": 4.21508646011, "max": 147.716247559, "var": 173.501602173, "mean": 18.8068065643}, "hfc": {"dmean2": 6.28029632568, "median": 19.2251968384, "min": 1.22217483987e-16, "dvar2": 61.6910133362, "dvar": 28.830411911, "dmean": 4.20252943039, "max": 150.115692139, "var": 204.168426514, "mean": 20.3746871948}, "barkbands_kurtosis": {"dmean2": 4.27942991257, "median": 1.99024915695, "min": -1.93377971649, "dvar2": 82.5807189941, "dvar": 37.3822937012, "dmean": 2.71015334129, "max": 251.707092285, "var": 110.654510498, "mean": 4.97260475159}, "gfcc": {"mean": [-19.9727115631, 110.024642944, -129.164199829, 13.542675972, -63.7400970459, 0.633636653423, -42.5642204285, 12.0082263947, -25.1214351654, -3.42799448967, -17.2426815033, -4.44079351425, -10.7182559967], "icov": [[0.000178346512257, -0.000367412227206, 0.000423331162892, -0.000249835575232, 0.000371026544599, -0.000267445459031, 0.000336569035426, -0.000646411092021, 0.000663692248054, -0.000903684005607, 0.000805324409157, -0.00057001010282, 0.000459447182948], [-0.000367412227206, 0.00259645981714, -0.00123879662715, 0.000670451030601, -0.000989614985883, 0.000665369734634, 1.66234585777e-05, 0.0013040433405, -0.00231428677216, 0.00490320427343, -0.00513847405091, 0.00415532058105, -0.00239265733398], [0.000423331162892, -0.00123879662715, 0.00374839408323, -0.00214350526221, 0.00190262717661, -0.000450768449809, -0.00174803682603, 0.000478664005641, 0.000455672910903, -0.00388415949419, 0.00560070155188, -0.00404105149209, 0.00256219343282], [-0.000249835575232, 0.000670451030601, -0.00214350526221, 0.00578684406355, -0.00216116360389, -0.00122214807197, 0.00141382776201, -0.000256767874816, -0.000202382958378, 0.000409563421272, -0.000948107452132, 0.000903369102161, -0.000845887116157], [0.000371026544599, -0.000989614985883, 0.00190262717661, -0.00216116360389, 0.00660635856912, -0.00311450404115, 0.00080749875633, -0.000834366015624, -0.00117014534771, 0.00125938514248, -0.00155928358436, -0.000932898255996, 0.00104194472078], [-0.000267445459031, 0.000665369734634, -0.000450768449809, -0.00122214807197, -0.00311450404115, 0.0159776899964, -0.0099369334057, 0.00324489688501, 0.0030761344824, -0.00583571754396, 0.00550457369536, -0.00344747677445, 0.000786058313679], [0.000336569035426, 1.66234585777e-05, -0.00174803682603, 0.00141382776201, 0.00080749875633, -0.0099369334057, 0.0192002095282, -0.0106959259138, -0.000170188490301, 0.00757215730846, -0.00964468065649, 0.00731425685808, -0.00320196105167], [-0.000646411092021, 0.0013040433405, 0.000478664005641, -0.000256767874816, -0.000834366015624, 0.00324489688501, -0.0106959259138, 0.0174344964325, -0.00785179715604, -0.00121662928723, 0.0059942509979, -0.00519010238349, 0.00211426941678], [0.000663692248054, -0.00231428677216, 0.000455672910903, -0.000202382958378, -0.00117014534771, 0.0030761344824, -0.000170188490301, -0.00785179715604, 0.020096199587, -0.0125613771379, 0.00441875681281, 0.0047450219281, -0.0030197892338], [-0.000903684005607, 0.00490320427343, -0.00388415949419, 0.000409563421272, 0.00125938514248, -0.00583571754396, 0.00757215730846, -0.00121662928723, -0.0125613771379, 0.0288518760353, -0.0213449820876, 0.00766067951918, 0.00105790351517], [0.000805324409157, -0.00513847405091, 0.00560070155188, -0.000948107452132, -0.00155928358436, 0.00550457369536, -0.00964468065649, 0.0059942509979, 0.00441875681281, -0.0213449820876, 0.0333144925535, -0.0186849031597, 0.00750543735921], [-0.00057001010282, 0.00415532058105, -0.00404105149209, 0.000903369102161, -0.000932898255996, -0.00344747677445, 0.00731425685808, -0.00519010238349, 0.0047450219281, 0.00766067951918, -0.0186849031597, 0.0302932485938, -0.0140305906534], [0.000459447182948, -0.00239265733398, 0.00256219343282, -0.000845887116157, 0.00104194472078, 0.000786058313679, -0.00320196105167, 0.00211426941678, -0.0030197892338, 0.00105790351517, 0.00750543735921, -0.0140305906534, 0.022026848048]], "cov": [[13885.6494141, -116.287132263, -680.658203125, 205.086120605, -472.697021484, 100.178489685, -317.269775391, 320.983154297, -210.031921387, 337.828277588, -63.2214279175, 113.118247986, -224.783599854], [-116.287132263, 1257.02258301, -237.167739868, -158.090682983, 164.750762939, -136.667007446, 21.1858062744, -113.876342773, 39.1170501709, -187.978607178, 87.2902069092, -97.9229660034, 93.8529052734], [-680.658203125, -237.167739868, 716.034667969, 200.8934021, -115.84236145, 92.5955810547, 58.2785644531, 48.6960296631, 32.6645889282, 66.7431716919, -92.8348693848, 12.6033067703, -40.23387146], [205.086120605, -158.090682983, 200.8934021, 287.579711914, 29.8356685638, 69.9170684814, 3.33910179138, 30.4077987671, 5.24321365356, 51.8065071106, -20.8932819366, 20.0508060455, -21.992729187], [-472.697021484, 164.750762939, -115.84236145, 29.8356685638, 269.875793457, 26.0082759857, 31.2052459717, -12.8603153229, 18.6044178009, -29.0719738007, 50.4105873108, -1.33703100681, 20.3711395264], [100.178489685, -136.667007446, 92.5955810547, 69.9170684814, 26.0082759857, 137.768722534, 64.9101486206, 37.3935470581, -8.0675163269, 32.7001304626, -11.5015478134, 18.2420215607, -12.4588365555], [-317.269775391, 21.1858062744, 58.2785644531, 3.33910179138, 31.2052459717, 64.9101486206, 147.077575684, 71.7340545654, 28.0765781403, -15.1631069183, -1.21016347408, -12.8601846695, 9.76854038239], [320.983154297, -113.876342773, 48.6960296631, 30.4077987671, -12.8603153229, 37.3935470581, 71.7340545654, 151.842773438, 55.6949462891, 35.2380485535, -28.8017902374, -2.08240270615, -14.0041999817], [-210.031921387, 39.1170501709, 32.6645889282, 5.24321365356, 18.6044178009, -8.0675163269, 28.0765781403, 55.6949462891, 121.566101074, 47.5210494995, 1.95850527287, -35.0737609863, -5.4495549202], [337.828277588, -187.978607178, 66.7431716919, 51.8065071106, -29.0719738007, 32.7001304626, -15.1631069183, 35.2380485535, 47.5210494995, 148.692565918, 41.1011619568, 10.8761663437, -46.3215789795], [-63.2214279175, 87.2902069092, -92.8348693848, -20.8932819366, 50.4105873108, -11.5015478134, -1.21016347408, -28.8017902374, 1.95850527287, 41.1011619568, 111.213653564, 28.5805568695, 0.0160653758794], [113.118247986, -97.9229660034, 12.6033067703, 20.0508060455, -1.33703100681, 18.2420215607, -12.8601846695, -2.08240270615, -35.0737609863, 10.8761663437, 28.5805568695, 85.7371520996, 23.5935459137], [-224.783599854, 93.8529052734, -40.23387146, -21.992729187, 20.3711395264, -12.4588365555, 9.76854038239, -14.0041999817, -5.4495549202, -46.3215789795, 0.0160653758794, 23.5935459137, 82.8639068604]]}, "spectral_energyband_middle_low": {"dmean2": 0.0080875037238, "median": 0.015770893544, "min": 2.2674429685e-22, "dvar2": 8.73804820003e-05, "dvar": 3.93821537727e-05, "dmean": 0.0052140164189, "max": 0.194760411978, "var": 0.000249638862442, "mean": 0.0187717713416}, "melbands_crest": {"dmean2": 5.13913345337, "median": 12.8057785034, "min": 2.11846137047, "dvar2": 21.1030101776, "dvar": 8.18077468872, "dmean": 3.14178133011, "max": 36.4560089111, "var": 37.1975784302, "mean": 14.2135562897}, "spectral_kurtosis": {"dmean2": 3.87019944191, "median": 6.12945365906, "min": -1.18040323257, "dvar2": 26.0299816132, "dvar": 8.76100349426, "dmean": 2.24059319496, "max": 54.3594856262, "var": 26.3591060638, "mean": 7.39618587494}, "spectral_rms": {"dmean2": 0.00110492983367, "median": 0.00501684751362, "min": 3.21622502936e-12, "dvar2": 2.20597712541e-06, "dvar": 8.59003023379e-07, "dmean": 0.000697809853591, "max": 0.0138611393049, "var": 3.64742845704e-06, "mean": 0.00487027037889}, "zerocrossingrate": {"dmean2": 0.00689127156511, "median": 0.0439453125, "min": 0.00830078125, "dvar2": 4.97426881338e-05, "dvar": 3.87600521208e-05, "dmean": 0.00551596051082, "max": 0.50927734375, "var": 0.000662543636281, "mean": 0.0485775880516}, "silence_rate_60dB": {"dmean2": 0.018729256466, "median": 0, "min": 0, "dvar2": 0.0231101103127, "dvar": 0.00927885249257, "dmean": 0.00936407316476, "max": 1, "var": 0.0644997209311, "mean": 0.0692781805992}, "erbbands_kurtosis": {"dmean2": 2.4577190876, "median": 0.425594329834, "min": -1.70830690861, "dvar2": 29.8921260834, "dvar": 15.1283245087, "dmean": 1.61857998371, "max": 191.961456299, "var": 78.5306777954, "mean": 2.68848061562}, "erbbands": {"dmean2": [0.0825362429023, 1.1926035881, 3.18779325485, 3.46859622002, 6.12211275101, 16.7300033569, 14.251543045, 21.2023773193, 16.7094726562, 36.1926879883, 44.1457443237, 52.963218689, 62.2144737244, 20.3418674469, 23.2459011078, 11.6470813751, 25.8620910645, 28.7871417999, 17.1889152527, 18.7906951904, 15.3007879257, 14.417131424, 19.22356987, 10.1714897156, 7.51319551468, 4.38404750824, 2.53248858452, 1.84610962868, 1.45086467266, 1.23316514492, 0.823989510536, 0.5637409091, 0.43273884058, 0.277938276529, 0.157851666212, 0.0707970038056, 0.0319821834564, 0.0118531882763, 0.000822601723485, 2.5320230634e-05], "median": [0.00834474060684, 0.127765655518, 0.515676021576, 1.00394034386, 3.11937856674, 9.31310462952, 10.3786792755, 12.1340827942, 8.9538564682, 16.743106842, 22.3934249878, 33.9427261353, 34.2610702515, 16.9069633484, 12.9153184891, 8.08503818512, 13.6187400818, 19.87358284, 13.7623748779, 10.9144172668, 9.4742641449, 11.1374549866, 13.3776416779, 9.92596626282, 7.10655117035, 3.85390424728, 1.66436839104, 0.953186154366, 0.730201244354, 0.544590651989, 0.390284955502, 0.288718342781, 0.178248167038, 0.105437770486, 0.0604345574975, 0.019344156608, 0.00386219704524, 0.000522439368069, 3.07070549752e-05, 3.29870526912e-05], "min": [1.41628961772e-21, 1.34431939124e-20, 2.8482012764e-20, 1.32050272883e-19, 6.9909486125e-20, 2.0885776677e-19, 2.04583104159e-19, 2.00110124997e-19, 2.24996461186e-19, 3.4880086781e-19, 5.31790745196e-19, 1.56552502585e-18, 1.25528835217e-18, 2.25936939693e-18, 4.96154718733e-18, 5.81481169973e-18, 3.24137154358e-18, 3.24390023471e-18, 5.18364849052e-18, 5.21258409553e-18, 5.23282851384e-18, 1.26581017228e-17, 6.82327514738e-18, 1.92370148959e-17, 1.0377606133e-17, 1.91141289441e-17, 2.02583943553e-17, 1.55660601293e-17, 1.4491554168e-17, 1.32295743382e-17, 1.24263182705e-17, 1.25865175126e-17, 1.57931791101e-17, 1.51667056014e-17, 9.06268260818e-18, 6.63970557148e-18, 4.04945565772e-18, 1.37473168166e-18, 3.8477412547e-19, 3.35945123998e-20], "dvar2": [0.0657432302833, 14.5539674759, 104.390869141, 100.973609924, 95.7730331421, 585.89855957, 545.801025391, 1470.87316895, 1287.05004883, 5761.07714844, 15474.2421875, 13676.2910156, 19424.4921875, 1810.45275879, 3516.68774414, 1007.00720215, 4279.91210938, 3163.15014648, 997.235412598, 1942.34570312, 3847.01049805, 593.225402832, 1178.55126953, 273.078186035, 153.374633789, 57.5310592651, 32.0114326477, 29.5426502228, 15.1398935318, 12.548116684, 4.7415728569, 2.0154967308, 1.76780509949, 0.82839679718, 0.269241601229, 0.0801227614284, 0.0259021781385, 0.00465209921822, 2.54394981312e-05, 5.70272673528e-09], "dvar": [0.0256884489208, 5.13428020477, 36.1257705688, 35.1520729065, 35.3860015869, 196.944900513, 210.358581543, 507.805206299, 484.284240723, 2467.69018555, 9819.78125, 6628.57128906, 9957.38574219, 887.170166016, 1534.8894043, 606.24822998, 2102.79077148, 1237.35510254, 384.617095947, 871.985839844, 1946.14294434, 228.836471558, 487.75869751, 103.868782043, 58.1302719116, 21.9228649139, 12.218413353, 11.6725969315, 5.86545944214, 5.10512447357, 2.06946778297, 0.904919803143, 0.715700209141, 0.335707634687, 0.114788606763, 0.033004399389, 0.010125881061, 0.00171531713568, 9.17511260923e-06, 2.15283457727e-09], "dmean": [0.0491270720959, 0.657203197479, 1.75069367886, 1.93030822277, 3.61883831024, 9.70181274414, 8.75889873505, 12.5316553116, 10.0948944092, 22.8561515808, 30.9220199585, 35.4132766724, 42.2609176636, 13.5193271637, 14.9410495758, 7.71524477005, 16.7302856445, 17.546049118, 10.5022182465, 11.8632593155, 9.8224439621, 8.82165241241, 11.7630796432, 6.18587446213, 4.55217695236, 2.62746286392, 1.53092503548, 1.12538051605, 0.882063627243, 0.769406199455, 0.520425379276, 0.364898443222, 0.276871293783, 0.180361285806, 0.104945734143, 0.0474225319922, 0.0209269057959, 0.00715379975736, 0.000466720957775, 1.55794532475e-05], "max": [1.83626377583, 21.1623134613, 68.6752624512, 96.6924743652, 106.436958313, 245.832000732, 421.193115234, 885.045959473, 650.989746094, 1507.48474121, 5174.38183594, 3300.13427734, 3555.34643555, 1245.35949707, 1886.91638184, 1455.68774414, 2350.46533203, 1323.05480957, 635.541687012, 1185.57373047, 3182.82568359, 337.363067627, 834.108703613, 331.56842041, 198.806930542, 88.6801147461, 89.9436645508, 205.773284912, 93.9263534546, 127.913253784, 54.2298660278, 35.4074440002, 29.1563682556, 19.4584712982, 9.52838516235, 5.67949295044, 3.15264201164, 1.35328876972, 0.102749921381, 0.00148492038716], "var": [0.0204659514129, 3.17276787758, 22.4279212952, 25.1475143433, 88.1938095093, 464.030944824, 1129.6932373, 1284.28222656, 1453.44726562, 11681.8183594, 89315.46875, 39335.6367188, 59055.8125, 4718.32519531, 6266.76074219, 3735.83154297, 8345.44238281, 3883.29101562, 1236.51489258, 3076.8984375, 8130.64160156, 705.631652832, 1550.86425781, 334.880981445, 177.150695801, 54.2931213379, 27.2399692535, 22.9494915009, 12.5446529388, 11.6147241592, 5.68490028381, 2.80211019516, 1.58581471443, 0.671945750713, 0.240373849869, 0.0533680729568, 0.0110348984599, 0.00125866942108, 5.94574294155e-06, 2.15407913728e-09], "mean": [0.0439290516078, 0.541888475418, 1.64138770103, 2.29792332649, 6.42619371414, 16.6211071014, 20.8664970398, 23.6916885376, 20.5002593994, 51.1448783875, 86.3281402588, 92.9641342163, 104.177314758, 35.0620574951, 33.0780754089, 19.0896186829, 35.3673362732, 37.0613708496, 23.2334976196, 25.5050010681, 22.8896560669, 19.9864768982, 26.3428630829, 15.4461021423, 11.0092916489, 6.10527658463, 3.4515542984, 2.42184185982, 1.96612620354, 1.73130869865, 1.20709609985, 0.892562270164, 0.623127281666, 0.382129758596, 0.221185982227, 0.0901115015149, 0.0302351024002, 0.00678965635598, 0.000360705598723, 3.9534548705e-05]}, "spectral_strongpeak": {"dmean2": 1.0604134798, "median": 1.18756079674, "min": 0, "dvar2": 1.85289156437, "dvar": 0.786933422089, "dmean": 0.65879368782, "max": 19.9596576691, "var": 3.24771666527, "mean": 1.79883909225}, "spectral_energy": {"dmean2": 0.0135405045003, "median": 0.0257979799062, "min": 1.06027057721e-20, "dvar2": 0.000520503905136, "dvar": 0.000196458422579, "dmean": 0.00839187484235, "max": 0.196934476495, "var": 0.000415683054598, "mean": 0.0280511695892}, "average_loudness": 0.624431967735, "spectral_rolloff": {"dmean2": 406.918701172, "median": 882.861328125, "min": 21.533203125, "dvar2": 373626.75, "dvar": 161753.96875, "dmean": 240.251190186, "max": 19035.3515625, "var": 865327.3125, "mean": 1179.54980469}, "spectral_centroid": {"dmean2": 232.677307129, "median": 984.24987793, "min": 241.444458008, "dvar2": 59514.4140625, "dvar": 26561.546875, "dmean": 145.402389526, "max": 11745.6240234, "var": 254325.484375, "mean": 1071.75305176}, "pitch_salience": {"dmean2": 0.11168486625, "median": 0.582402348518, "min": 0.0699241086841, "dvar2": 0.00988583546132, "dvar": 0.00373738212511, "dmean": 0.0683940723538, "max": 0.894355893135, "var": 0.0179608650506, "mean": 0.560959160328}, "spectral_energyband_middle_high": {"dmean2": 0.00236923783086, "median": 0.00456777680665, "min": 1.43086453607e-21, "dvar2": 1.14931835924e-05, "dvar": 5.40733663001e-06, "dmean": 0.0015815210063, "max": 0.0682999268174, "var": 3.83182596124e-05, "mean": 0.00623016338795}, "spectral_contrast_coeffs": {"dmean2": [0.0927845239639, 0.0767985507846, 0.0621075332165, 0.0454578772187, 0.0338936559856, 0.0250391680747], "median": [-0.608284235001, -0.731942713261, -0.739235401154, -0.792536497116, -0.786344230175, -0.787738740444], "min": [-0.967842817307, -0.967725992203, -0.973253667355, -0.954500377178, -0.959861755371, -0.959777057171], "dvar2": [0.00514873024076, 0.00358533672988, 0.00238650548272, 0.00129824189935, 0.000739121169318, 0.000514521030709], "dvar": [0.00184519065078, 0.00127188267652, 0.000883084489033, 0.000470951839816, 0.000273181998637, 0.000185463592061], "dmean": [0.0550351440907, 0.0458348244429, 0.0376975350082, 0.0272658988833, 0.0202991180122, 0.0147201027721], "max": [-0.313174188137, -0.378606170416, -0.443621724844, -0.469746351242, -0.595108032227, -0.635650515556], "var": [0.00706728966907, 0.00645112106577, 0.00569135416299, 0.00310360477306, 0.00189689989202, 0.000745509751141], "mean": [-0.607432186604, -0.725115895271, -0.731150627136, -0.78685182333, -0.786053955555, -0.787891983986]}, "melbands_skewness": {"dmean2": 0.910075426102, "median": 1.61348152161, "min": -2.93996071815, "dvar2": 1.05751812458, "dvar": 0.405865311623, "dmean": 0.563179373741, "max": 10.4307136536, "var": 1.70249795914, "mean": 1.77798354626}, "spectral_spread": {"dmean2": 518468.34375, "