{"tonal": {"thpcp": [1, 0.595400989056, 0.215463548899, 0.3457685709, 0.189684733748, 0.0246275663376, 0.0176979396492, 0.019362129271, 0.151157453656, 0.325625568628, 0.206535339355, 0.162717849016, 0.312938511372, 0.204767107964, 0.337933182716, 0.709151804447, 0.434767186642, 0.0807247981429, 0.110720060766, 0.0701732486486, 0.0525119304657, 0.103189885616, 0.0669957771897, 0.0157531443983, 0.0190001353621, 0.0124961240217, 0.00862004049122, 0.0109552759677, 0.0288487095386, 0.371453344822, 0.809963166714, 0.496591687202, 0.0435001477599, 0.0153526160866, 0.0225603617728, 0.46478626132], "hpcp": {"dmean2": [0.0150985317305, 0.0243155360222, 0.114968679845, 0.147575929761, 0.179635822773, 0.0946336165071, 0.0951991230249, 0.0689815208316, 0.0237168800086, 0.0164916701615, 0.0201856717467, 0.0491038821638, 0.0504042990506, 0.0608142390847, 0.0572091974318, 0.051388207823, 0.0761722028255, 0.112779647112, 0.1231315732, 0.1156219244, 0.0563778541982, 0.0613809227943, 0.0393003076315, 0.0278165135533, 0.0449849739671, 0.0295921768993, 0.00811373628676, 0.0101963626221, 0.00791845843196, 0.00676037417725, 0.00841776840389, 0.0343988575041, 0.167037367821, 0.238055184484, 0.196819618344, 0.0344083458185], "median": [0.00251534115523, 0.00319348811172, 0.0790333151817, 0.237923264503, 0.177967995405, 0.0168485157192, 0.00668914802372, 0.00608827313408, 0.00359697383828, 0.00277460366488, 0.00250084511936, 0.00361103913747, 0.00382793019526, 0.00358977913857, 0.00428368523717, 0.00377803994343, 0.00527143431827, 0.0276042353362, 0.0364130064845, 0.0304034873843, 0.0108923995867, 0.00342464749701, 0.00426359288394, 0.00631402852014, 0.0047735250555, 0.0028786486946, 0.00279556401074, 0.00255569629371, 0.00198962003924, 0.0018307636492, 0.00197625369765, 0.00251844222657, 0.0842862129211, 0.212662622333, 0.127310246229, 0.00850989483297], "min": [2.74032809102e-05, 3.54130206688e-05, 0.000510609068442, 0.000625509594101, 0.000777884037234, 0.000135514739668, 2.47131301876e-05, 1.95094871742e-05, 2.30591613217e-05, 1.8855325834e-05, 1.51789909069e-05, 2.13881230593e-05, 2.35799670918e-05, 4.22973789682e-05, 6.39226855128e-05, 6.17797013547e-06, 3.52978668161e-06, 6.29560190646e-06, 2.03744421015e-05, 5.8730853425e-07, 6.10020033491e-05, 2.60805427388e-06, 2.63976653514e-05, 6.41079604975e-05, 6.55011754134e-05, 5.99965005676e-06, 2.60532997345e-05, 1.53489072545e-05, 3.72391878045e-05, 2.61755249085e-05, 2.13597322727e-05, 2.17270971916e-05, 0.000229397555813, 0.000501167378388, 0.000326552777551, 7.08470470272e-05], "dvar2": [0.00114580534864, 0.00526161072776, 0.0260697286576, 0.048947095871, 0.0527514442801, 0.0283858273178, 0.0392063222826, 0.0219187308103, 0.00605453969911, 0.00246974430047, 0.00245801382698, 0.0163905452937, 0.0238730236888, 0.0221791174263, 0.0167178735137, 0.017829855904, 0.0217966176569, 0.0357924513519, 0.0511729754508, 0.0333558470011, 0.0161602515727, 0.0306043811142, 0.0101360082626, 0.00330895930529, 0.0197527185082, 0.00875346921384, 0.000164454395417, 0.000466462690383, 0.000182460789802, 0.000136878647027, 0.000370624038624, 0.00540530961007, 0.0489002354443, 0.0784554481506, 0.0529490374029, 0.00390284950845], "dvar": [0.000394152390072, 0.00179930694867, 0.00946061406285, 0.0221792422235, 0.0195928364992, 0.0109428260475, 0.019428126514, 0.00889537110925, 0.00207689637318, 0.000868328788783, 0.000857842736878, 0.00548944948241, 0.00969149824232, 0.0082605406642, 0.00630620773882, 0.00807261932641, 0.00806627515703, 0.0133517058566, 0.0273229554296, 0.0141892218962, 0.00603401660919, 0.0115200178698, 0.00386701454408, 0.00155133975204, 0.0099279191345, 0.00442034285516, 8.385188994e-05, 0.000252825033385, 8.62094166223e-05, 4.85596719955e-05, 0.000135382273584, 0.00177652784623, 0.0175595469773, 0.037734605372, 0.0206332262605, 0.00139801087789], "dmean": [0.00819476693869, 0.0132764168084, 0.0711016580462, 0.0942384898663, 0.109717071056, 0.0562602318823, 0.0608434788883, 0.0432549007237, 0.0130395069718, 0.00920758303255, 0.0111476741731, 0.027825653553, 0.0280057620257, 0.0361694470048, 0.0329952575266, 0.0297798682004, 0.0435385033488, 0.067762054503, 0.0787887349725, 0.0717916786671, 0.0330187752843, 0.0367899648845, 0.0230065975338, 0.0172123964876, 0.030051311478, 0.0200944524258, 0.00517474021763, 0.00649479962885, 0.00477873859927, 0.00384969171137, 0.0048356554471, 0.0181416850537, 0.0982566848397, 0.148121073842, 0.120500572026, 0.0195370260626], "max": [0.24221034348, 0.548581838608, 1, 1, 1, 1, 1, 1, 0.689625501633, 0.56714618206, 0.492105960846, 0.847348928452, 1, 1, 1, 1, 1, 1, 1, 1, 1, 1, 0.962616920471, 0.407850652933, 1, 0.714912712574, 0.14986936748, 0.294338881969, 0.151408284903, 0.0989911854267, 0.22675280273, 0.3852442801, 1, 1, 1, 0.450614184141], "var": [0.000241591696977, 0.00105014303699, 0.0506405159831, 0.168634921312, 0.0526190139353, 0.0276118125767, 0.0866802111268, 0.0280062034726, 0.00122112128884, 0.000531482277438, 0.000565276248381, 0.0230237524956, 0.108986765146, 0.0425639785826, 0.0248702466488, 0.100713424385, 0.0344451628625, 0.0394147075713, 0.167229786515, 0.0642777755857, 0.00653845723718, 0.0179181545973, 0.00638632010669, 0.00296759279445, 0.0205712653697, 0.0090263215825, 0.000166204394191, 0.000503183284309, 0.000138004179462, 3.88377593481e-05, 0.000103896330984, 0.00116095575504, 0.0353798083961, 0.130532175303, 0.0522754751146, 0.00111916731112], "mean": [0.00675895065069, 0.00993214268237, 0.204620972276, 0.440247476101, 0.262123793364, 0.0948572829366, 0.152223736048, 0.0835082232952, 0.0108422236517, 0.00779147353023, 0.00852412823588, 0.0665466859937, 0.143355831504, 0.0909266620874, 0.0716361254454, 0.13777038455, 0.0901482030749, 0.148774236441, 0.312202304602, 0.191405162215, 0.0355388894677, 0.0487442277372, 0.0308935940266, 0.0231182444841, 0.0454290881753, 0.0294947214425, 0.00693528167903, 0.00836476124823, 0.00550138717517, 0.00379495089874, 0.00482303276658, 0.0127005716786, 0.163531392813, 0.356584250927, 0.218623235822, 0.0191508308053]}, "tuning_equal_tempered_deviation": 0.023962976411, "chords_changes_rate": 0.0162733923644, "key_key": "G#", "tuning_diatonic_strength": 0.53518652916, "key_scale": "minor", "chords_number_rate": 0.00569568760693, "tuning_frequency": 441.527557373, "tuning_nontempered_energy_ratio": 0.605344235897, "chords_histogram": [38.4052085876, 0, 19.8535385132, 3.41741251945, 7.97396278381, 9.76403617859, 0, 0.162733927369, 0, 0.976403594017, 0, 14.4019527435, 0, 0, 0, 0, 0, 0, 0, 0, 0, 0, 5.04475164413, 0], "key_strength": 0.713561952114, "chords_key": "G#", "chords_strength": {"dmean2": 0.00362747395411, "median": 0.560968577862, "min": 0.246363759041, "dvar2": 1.26912227643e-05, "dvar": 2.02413320949e-05, "dmean": 0.00380701967515, "max": 0.702922523022, "var": 0.0186269506812, "mean": 0.512263119221}, "chords_scale": "minor", "hpcp_entropy": {"dmean2": 0.712930142879, "median": 1.14275431633, "min": 0.0464902892709, "dvar2": 0.428126901388, "dvar": 0.176403716207, "dmean": 0.416185289621, "max": 2.90364408493, "var": 0.320509582758, "mean": 1.19282221794}}, "metadata": {"audio_properties": {"equal_loudness": 0, "codec": "flac", "downmix": "mix", "sample_rate": 44100, "analysis_sample_rate": 44100, "bit_rate": 0, "md5_encoded": "b70d6ba41b410d2b5f9f7c1f59e53c47", "length": 57, "replay_gain": 7.4216594696, "lossless": true}, "version": {"essentia_build_sha": "2d9f1f26377add8aeb1075a9c2973f962c4f09fd", "essentia": "2.1-beta2", "extractor": "music 1.0", "essentia_git_sha": "v2.1_beta2-1-ge3940c0"}, "tags": {"title": ["Section: 45"], "barcode": ["016861394424"], "media": ["CD"], "albumartist": ["Simeon ten Holt"], "tracktotal": ["92"], "musicbrainz_releasegroupid": ["5e7414a9-9312-39b1-9ba4-b6f432f61e94"], "performer": ["Kees Wieringa & Polo De Haas (Piano)"], "releasetype": ["album"], "musicbrainz_recordingid": ["0a0f63ba-4f2c-453c-bbcb-1f76beb525a3"], "musicbrainz_albumartistid": ["e5460370-96aa-40bc-804b-8f722950e16f"], "discnumber": ["1"], "album": ["Canto Ostinato"], "catalognumber": ["EC 3944-2"], "releasecountry": ["NL"], "file_name": "23 - 45.flac", "date": ["1996"], "genre": ["Classical"], "disctotal": ["1"], "musicbrainz_artistid": ["e5460370-96aa-40bc-804b-8f722950e16f"], "originaldate": ["1996"], "musicbrainz_albumid": ["bf9b2644-ef0f-3f51-b173-ae1e308abbdf"], "artist": ["Simeon Ten Holt"], "artistsort": ["Holt, ten, Simeon"], "tracknumber": ["23"], "label": ["Emergo Classics"], "albumartistsort": ["Holt, ten, Simeon"], "acoustid_id": ["e49ba260-cf43-4170-b97b-08f644fd77a0"], "script": ["Latn"], "releasestatus": ["official"]}}, "rhythm": {"bpm_histogram_first_peak_bpm": {"dmean2": 0, "median": 65, "min": 65, "dvar2": 0, "dvar": 0, "dmean": 0, "max": 65, "var": 0, "mean": 65}, "bpm": 64.1190185547, "bpm_histogram_second_peak_spread": {"dmean2": 0, "median": 0, "min": 0, "dvar2": 0, "dvar": 0, "dmean": 0, "max": 0, "var": 0, "mean": 0}, "bpm_histogram_first_peak_weight": {"dmean2": 0, "median": 0.796610176563, "min": 0.796610176563, "dvar2": 0, "dvar": 0, "dmean": 0, "max": 0.796610176563, "var": 0, "mean": 0.796610176563}, "onset_rate": 3.27974677086, "beats_position": [0.96362811327, 1.91564619541, 2.85605430603, 3.78485250473, 4.72526073456, 5.66566896439, 6.60607719421, 7.5464849472, 8.498503685, 9.45052146912, 10.4025392532, 11.354557991, 12.3065757751, 13.2469835281, 14.1873922348, 15.1277999878, 16.0682086945, 17.0086174011, 17.9490242004, 18.877822876, 19.8298416138, 20.758638382, 21.6874370575, 22.616235733, 23.5450344086, 24.4738311768, 25.4026298523, 26.3198184967, 27.2370071411, 28.1658039093, 29.0946025848, 30.0234012604, 30.9638080597, 31.9042167664, 32.8330154419, 33.7618141174, 34.7138328552, 35.6658477783, 36.5946464539, 37.5466651917, 38.4754638672, 39.4042625427, 40.3330612183, 41.2618598938, 42.1674385071, 43.0962333679, 44.0250320435, 44.953830719, 45.8826293945, 46.8230361938, 47.7518348694, 48.6806335449, 49.6094322205, 50.5266189575, 51.4554176331, 52.4074363708, 53.3478431702, 54.2882537842, 55.240272522, 56.1806793213], "beats_loudness": {"dmean2": 0.0253595877439, "median": 0.0209048297256, "min": 0.00494350912049, "dvar2": 0.000745225232095, "dvar": 0.000268306815997, "dmean": 0.0147145260125, "max": 0.0923189148307, "var": 0.000413381523686, "mean": 0.0289771668613}, "danceability": 1.36024832726, "bpm_histogram_second_peak_weight": {"dmean2": 0, "median": 0, "min": 0, "dvar2": 0, "dvar": 0, "dmean": 0, "max": 0, "var": 0, "mean": 0}, "beats_count": 60, "bpm_histogram_second_peak_bpm": {"dmean2": 0, "median": 0, "min": 0, "dvar2": 0, "dvar": 0, "dmean": 0, "max": 0, "var": 0, "mean": 0}, "bpm_histogram_first_peak_spread": {"dmean2": 0, "median": 0.203389823437, "min": 0.203389823437, "dvar2": 0, "dvar": 0, "dmean": 0, "max": 0.203389823437, "var": 0, "mean": 0.203389823437}, "beats_loudness_band_ratio": {"dmean2": [0.0325653217733, 0.151898756623, 0.221839949489, 0.203428447247, 0.0521517246962, 0.000427216407843], "median": [0.0134802479297, 0.105820551515, 0.350813984871, 0.358582884073, 0.0338823348284, 0.000375428993721], "min": [0.00176606653258, 0.0108898896724, 0.0656542479992, 0.0185710415244, 0.00586302159354, 4.4732925744e-05], "dvar2": [0.00163904915098, 0.0289516337216, 0.0391119383276, 0.0289002005011, 0.00261400872841, 2.16038472445e-07], "dvar": [0.000959286116995, 0.0106191132218, 0.013049156405, 0.0140632158145, 0.000945702311583, 7.99544395136e-08], "dmean": [0.0205043684691, 0.0916112139821, 0.134433239698, 0.121952086687, 0.0296259336174, 0.000246961542871], "max": [0.20666821301, 0.566329240799, 0.885989367962, 0.862627029419, 0.205130681396, 0.00154706055764], "var": [0.00145654683001, 0.0138668352738, 0.071115501225, 0.0668510124087, 0.00114277831744, 8.59614530668e-08], "mean": [0.0279121343046, 0.14537486434, 0.434617936611, 0.375651091337, 0.0442948006094, 0.000414418173023]}}, "lowlevel": {"barkbands_spread": {"dmean2": 3.22178769112, "median": 8.29274559021, "min": 0.953160345554, "dvar2": 11.7052545547, "dvar": 4.55141448975, "dmean": 2.07548499107, "max": 29.8593482971, "var": 15.5015573502, "mean": 8.7472448349}, "melbands_spread": {"dmean2": 4.12430381775, "median": 12.9193496704, "min": 1.07462024689, "dvar2": 17.3521614075, "dvar": 7.73493432999, "dmean": 2.83745908737, "max": 42.4722709656, "var": 47.8239707947, "mean": 13.8214797974}, "hfc": {"dmean2": 4.60546588898, "median": 11.1366710663, "min": 0.632469058037, "dvar2": 40.0847930908, "dvar": 23.3010482788, "dmean": 3.49964237213, "max": 117.740188599, "var": 113.244926453, "mean": 13.8971233368}, "barkbands_kurtosis": {"dmean2": 2.14462327957, "median": 0.392465829849, "min": -1.65508067608, "dvar2": 9.17600536346, "dvar": 4.59247398376, "dmean": 1.46601617336, "max": 48.5571212769, "var": 16.551071167, "mean": 1.73201525211}, "gfcc": {"mean": [-173.505462646, 216.052856445, -152.089584351, -83.5332794189, -18.3697681427, -25.9226531982, -33.6797637939, -28.4112815857, 0.711246430874, 2.92808198929, 1.52523374557, -11.6284809113, 5.09871673584], "icov": [[0.00631639827043, -0.011718891561, 0.0113665340468, -0.00870073866099, 0.0127359060571, -0.00882153306156, 0.0110990554094, -0.010597858578, 0.00958094932139, -0.00773658743128, 0.00680208345875, -0.00407604780048, 0.00304243853316], [-0.011718891561, 0.0381411574781, -0.0275372993201, 0.0232560466975, -0.0305010098964, 0.0278524998575, -0.0293396115303, 0.0293019618839, -0.0259290151298, 0.0234164260328, -0.0135762225837, 0.0112958103418, -0.00733200460672], [0.0113665340468, -0.0275372993201, 0.028608256951, -0.0183195602149, 0.0259049572051, -0.0228508040309, 0.0301100108773, -0.025498509407, 0.0240052007139, -0.0185570959002, 0.0133157344535, -0.0108767459169, 0.00625833217055], [-0.00870073866099, 0.0232560466975, -0.0183195602149, 0.0239288397133, -0.0230220705271, 0.0219924468547, -0.0243931747973, 0.0265866108239, -0.0219132527709, 0.0218511484563, -0.0150896860287, 0.0117543218657, -0.00583665398881], [0.0127359060571, -0.0305010098964, 0.0259049572051, -0.0230220705271, 0.0439815111458, -0.0371110998094, 0.0368116870522, -0.0332897678018, 0.0316623710096, -0.0280232615769, 0.0197115689516, -0.0114534785971, 0.00555594079196], [-0.00882153306156, 0.0278524998575, -0.0228508040309, 0.0219924468547, -0.0371110998094, 0.0478807166219, -0.0452557131648, 0.0433221459389, -0.0360587835312, 0.031310915947, -0.0175749976188, 0.0105397487059, -0.0033446836751], [0.0110990554094, -0.0293396115303, 0.0301100108773, -0.0243931747973, 0.0368116870522, -0.0452557131648, 0.0638301298022, -0.0598107166588, 0.0534070581198, -0.0394135899842, 0.02309441939, -0.0171598587185, 0.0085385274142], [-0.010597858578, 0.0293019618839, -0.025498509407, 0.0265866108239, -0.0332897678018, 0.0433221459389, -0.0598107166588, 0.0778354778886, -0.0694258362055, 0.0531211197376, -0.0346028022468, 0.0205156616867, -0.0109236845747], [0.00958094932139, -0.0259290151298, 0.0240052007139, -0.0219132527709, 0.0316623710096, -0.0360587835312, 0.0534070581198, -0.0694258362055, 0.0877882540226, -0.0733364596963, 0.0494270063937, -0.0292551144958, 0.014703899622], [-0.00773658743128, 0.0234164260328, -0.0185570959002, 0.0218511484563, -0.0280232615769, 0.031310915947, -0.0394135899842, 0.0531211197376, -0.0733364596963, 0.0822425037622, -0.0581107474864, 0.0363420471549, -0.0141960131004], [0.00680208345875, -0.0135762225837, 0.0133157344535, -0.0150896860287, 0.0197115689516, -0.0175749976188, 0.02309441939, -0.0346028022468, 0.0494270063937, -0.0581107474864, 0.058575861156, -0.0368056334555, 0.0225888006389], [-0.00407604780048, 0.0112958103418, -0.0108767459169, 0.0117543218657, -0.0114534785971, 0.0105397487059, -0.0171598587185, 0.0205156616867, -0.0292551144958, 0.0363420471549, -0.0368056334555, 0.0416784211993, -0.0215704012662], [0.00304243853316, -0.00733200460672, 0.00625833217055, -0.00583665398881, 0.00555594079196, -0.0033446836751, 0.0085385274142, -0.0109236845747, 0.014703899622, -0.0141960131004, 0.0225888006389, -0.0215704012662, 0.0239820554852]], "cov": [[1017.85876465, -14.1852836609, -306.464019775, 82.5521621704, -212.561309814, -144.139541626, 49.4765205383, 74.0687789917, 33.2334632874, -19.3821487427, -50.9286613464, -52.73179245, -19.4442157745], [-14.1852836609, 174.971435547, 139.634094238, -40.9516029358, 36.050037384, -24.800037384, -71.013420105, -38.0278396606, -24.3677940369, -66.4693222046, -77.6211547852, 9.28732872009, 62.0989494324], [-306.464019775, 139.634094238, 313.503112793, -5.93880414963, 55.4408149719, 2.54085993767, -118.239692688, -77.2005615234, -46.6961555481, -66.4283447266, -52.8440093994, 27.2103557587, 56.3127746582], [82.5521621704, -40.9516029358, -5.93880414963, 153.403137207, 11.700173378, -3.66168093681, -2.09115076065, -38.1730194092, -39.9645042419, -29.5257320404, -9.29057121277, -14.9163618088, -1.61283826828], [-212.561309814, 36.050037384, 55.4408149719, 11.700173378, 157.042144775, 89.6530532837, -23.200761795, -50.6710281372, -34.4433860779, -29.1543560028, -29.9881324768, 2.77231931686, 22.2687015533], [-144.139541626, -24.800037384, 2.54085993767, -3.66168093681, 89.6530532837, 142.814376831, 55.2701835632, -28.7116699219, -37.8077354431, -19.1991901398, 6.80322122574, 11.3794412613, -8.81581783295], [49.4765205383, -71.013420105, -118.239692688, -2.09115076065, -23.200761795, 55.2701835632, 151.401168823, 69.358543396, -3.46755337715, 22.8673915863, 54.8876533508, 10.3844995499, -33.5662155151], [74.0687789917, -38.0278396606, -77.2005615234, -38.1730194092, -50.6710281372, -28.7116699219, 69.358543396, 118.989151001, 74.9499511719, 48.1177062988, 36.6109619141, 2.98557400703, -22.1968727112], [33.2334632874, -24.3677940369, -46.6961555481, -39.9645042419, -34.4433860779, -37.8077354431, -3.46755337715, 74.9499511719, 128.694412231, 101.021018982, 30.3049793243, -18.6994667053, -35.5961456299], [-19.3821487427, -66.4693222046, -66.4283447266, -29.5257320404, -29.1543560028, -19.1991901398, 22.8673915863, 48.1177062988, 101.021018982, 168.682647705, 114.175765991, -30.785358429, -87.1810073853], [-50.9286613464, -77.6211547852, -52.8440093994, -9.29057121277, -29.9881324768, 6.80322122574, 54.8876533508, 36.6109619141, 30.3049793243, 114.175765991, 157.508377075, 15.9449892044, -85.7221832275], [-52.73179245, 9.28732872009, 27.2103557587, -14.9163618088, 2.77231931686, 11.3794412613, 10.3844995499, 2.98557400703, -18.6994667053, -30.785358429, 15.9449892044, 81.3893051147, 48.833404541], [-19.4442157745, 62.0989494324, 56.3127746582, -1.61283826828, 22.2687015533, -8.81581783295, -33.5662155151, -22.1968727112, -35.5961456299, -87.1810073853, -85.7221832275, 48.833404541, 138.397293091]]}, "spectral_energyband_middle_low": {"dmean2": 0.00514497095719, "median": 0.00888657942414, "min": 0.000344057218172, "dvar2": 4.96090033266e-05, "dvar": 3.34231554007e-05, "dmean": 0.00395660474896, "max": 0.117670089006, "var": 0.000239628803683, "mean": 0.014575811103}, "melbands_crest": {"dmean2": 4.08536338806, "median": 14.4855155945, "min": 5.29013252258, "dvar2": 12.5530662537, "dvar": 5.79164791107, "dmean": 2.73648738861, "max": 30.2306652069, "var": 22.3455448151, "mean": 14.90645504}, "spectral_kurtosis": {"dmean2": 43.6727752686, "median": 100.536384583, "min": 1.98109388351, "dvar2": 1096.94750977, "dvar": 419.602508545, "dmean": 25.3370227814, "max": 179.298950195, "var": 861.965209961, "mean": 97.6371002197}, "spectral_rms": {"dmean2": 0.000692193454597, "median": 0.00387354660779, "min": 0.001164739253, "dvar2": 5.41974259249e-07, "dvar": 3.56456808959e-07, "dmean": 0.000535674334969, "max": 0.010958744213, "var": 2.7697551559e-06, "mean": 0.00418571848422}, "zerocrossingrate": {"dmean2": 0.00414859969169, "median": 0.03759765625, "min": 0.0087890625, "dvar2": 1.20000195238e-05, "dvar": 9.22595427255e-06, "dmean": 0.00348300673068, "max": 0.0673828125, "var": 0.000116150622489, "mean": 0.0380032323301}, "silence_rate_60dB": {"dmean2": 0.0277098622173, "median": 0, "min": 0, "dvar2": 0.0359077043831, "dvar": 0.0136580010876, "dmean": 0.0138492872939, "max": 1, "var": 0.0120653733611, "mean": 0.0122149838135}, "erbbands_kurtosis": {"dmean2": 1.29475808144, "median": -0.558901429176, "min": -1.83274126053, "dvar2": 3.36986875534, "dvar": 1.58804416656, "dmean": 0.872885465622, "max": 22.3022994995, "var": 4.16655015945, "mean": 0.0687813237309}, "erbbands": {"dmean2": [0.00432334747165, 0.00588729791343, 0.0288122780621, 0.115551650524, 1.38678884506, 9.78757667542, 13.7648038864, 6.7810177803, 27.4917201996, 31.810628891, 25.6275558472, 10.6529273987, 18.1279792786, 25.4671154022, 18.0649280548, 34.9523849487, 27.5093154907, 8.05633449554, 23.7709636688, 30.0006427765, 1.30100309849, 0.302159130573, 0.121423959732, 0.0623673088849, 0.0924465581775, 0.0480472631752, 0.00454913172871, 0.00216071563773, 0.00343369669281, 0.000695187831298, 0.000389297580114, 0.000477118126582, 0.000159415663802, 9.9832082924e-05, 5.47795352759e-05, 2.99386665574e-05, 1.39480407597e-05, 7.69940925238e-06, 1.28690535348e-05, 8.13544920675e-06], "median": [0.00214699096978, 0.00359031721018, 0.0142980255187, 0.0628301650286, 0.334322780371, 2.03288888931, 6.34279918671, 5.72862243652, 26.600479126, 27.7593898773, 14.559876442, 9.51007175446, 8.41966438293, 15.4384717941, 6.86954784393, 25.3553924561, 19.7272262573, 6.13046741486, 27.6307945251, 25.0009880066, 1.27714705467, 0.234218716621, 0.0636311769485, 0.030584814027, 0.0284217745066, 0.00914877466857, 0.00141698727384, 0.000982717145234, 0.000728136627004, 0.000256619183347, 0.00015258321946, 0.000105179060483, 7.09177111275e-05, 4.96115899296e-05, 3.26549925376e-05, 2.02695227927e-05, 1.21376669995e-05, 1.76197427209e-05, 5.01945978613e-05, 2.7647940442e-05], "min": [1.68624428625e-05, 0.000144013785757, 0.000543288653716, 0.0032668216154, 0.0117052337155, 0.0319017283618, 0.0937348678708, 0.200814276934, 0.290943711996, 0.0913993939757, 0.0634244680405, 0.136383920908, 0.193152800202, 0.370900005102, 0.32986369729, 0.195718660951, 0.203594580293, 0.226951241493, 0.407805770636, 0.0706493109465, 0.0239670984447, 0.00745449448004, 0.00288101169281, 0.000972824986093, 0.000956012518145, 0.000524246948771, 0.000154201392434, 0.00010860151815, 7.34924105927e-05, 6.00046623731e-05, 3.77505093638e-05, 3.33629395755e-05, 2.74828689726e-05, 2.01757247851e-05, 1.4008510334e-05, 7.41613303035e-06, 4.58764634459e-06, 1.12714606075e-05, 2.77738672594e-05, 9.70654582488e-06], "dvar2": [1.77485926542e-05, 3.28719397658e-05, 0.00106265535578, 0.0228032469749, 9.28203010559, 646.815063477, 1009.41760254, 88.7486343384, 1644.29370117, 3343.11499023, 2721.29345703, 324.849151611, 1523.1237793, 1834.20532227, 3622.85986328, 6834.88085938, 4197.63085938, 499.98034668, 1154.66552734, 4108.67529297, 5.67416763306, 0.266986876726, 0.0687815696001, 0.0165594741702, 0.0639852881432, 0.0215781703591, 0.000712657056283, 0.000245151517447, 0.00028187353746, 0.000103208803921, 6.46063490422e-05, 3.79446610168e-05, 1.90653336176e-05, 8.83778375282e-06, 3.39342523148e-06, 1.03398872398e-06, 2.22907331704e-07, 2.8246530448e-08, 1.42630784961e-09, 9.67220678549e-11], "dvar": [5.93716094954e-06, 1.17465287985e-05, 0.000378537428332, 0.00910247676075, 5.34992980957, 447.470062256, 526.19744873, 45.1447296143, 1116.29272461, 2554.95141602, 1589.29882813, 161.852432251, 696.156494141, 1099.52941895, 2197.50561523, 4207.30908203, 2391.56689453, 302.160797119, 551.803283691, 1717.61083984, 2.38964819908, 0.101258970797, 0.0269941315055, 0.00835848227143, 0.0284624304622, 0.00941750593483, 0.000480529095512, 0.000241239511524, 0.000212451108382, 0.000103678175947, 6.49157373118e-05, 3.76436910301e-05, 1.9362416424e-05, 8.97849895409e-06, 3.44919590134e-06, 1.05102924408e-06, 2.26584873531e-07, 2.87052976944e-08, 1.40244660329e-09, 6.51068018942e-11], "dmean": [0.00243702833541, 0.00333658210002, 0.0165254492313, 0.0692729279399, 0.985216319561, 7.46048784256, 9.44361877441, 4.64089775085, 21.0157623291, 24.9201011658, 19.0810718536, 7.538834095, 12.570224762, 18.6140632629, 13.0924291611, 25.4166965485, 19.1966590881, 5.85142946243, 16.4993076324, 21.5395565033, 0.893998503685, 0.184190139174, 0.0746607109904, 0.0394187755883, 0.059051502496, 0.0303071644157, 0.00300711253658, 0.00147210177965, 0.00214496976696, 0.000503069546539, 0.000305928027956, 0.000338520592777, 0.000133216628456, 8.57393388287e-05, 4.85136515636e-05, 2.68048097496e-05, 1.2621665519e-05, 5.98546421315e-06, 8.11312111182e-06, 6.08576237937e-06], "max": [0.0210887175053, 0.0310259964317, 0.211826995015, 1.53522062302, 55.3954391479, 480.887268066, 493.918151855, 107.578010559, 796.360351563, 1493.9329834, 913.943237305, 252.625167847, 339.086212158, 431.24520874, 1657.55969238, 2337.70141602, 2002.03833008, 731.051025391, 621.467041016, 852.67578125, 27.1882152557, 4.58495998383, 3.65317106247, 2.91818594933, 3.23678278923, 1.79592752457, 0.914295196533, 0.770024955273, 0.635172843933, 0.506972372532, 0.401293247938, 0.304504483938, 0.219865396619, 0.14975579083, 0.0928430631757, 0.0512643530965, 0.0238093584776, 0.00848393701017, 0.00193670927547, 0.000212882514461], "var": [6.65985953674e-06, 1.30046073537e-05, 0.000441011798102, 0.0204479321837, 25.2948684692, 2175.21240234, 1201.45825195, 142.234054565, 8143.85351563, 24288.0683594, 13874.3271484, 755.831176758, 1402.73742676, 3200.48486328, 7860.61816406, 16707.2636719, 7072.06201172, 993.915283203, 1633.57824707, 2989.09082031, 4.4437918663, 0.144452899694, 0.047282859683, 0.0170469712466, 0.0467013157904, 0.0149316648021, 0.000512000406161, 0.000246876355959, 0.00021858283435, 0.000105458879261, 6.59227152937e-05, 3.83683582186e-05, 1.96820583369e-05, 9.12759060157e-06, 3.5072200717e-06, 1.06920140297e-06, 2.30602097417e-07, 2.91917459094e-08, 1.55092039211e-09, 3.94840438123e-10], "mean": [0.00292322575115, 0.00456111133099, 0.0210128799081, 0.109614595771, 2.09552192688, 16.3426399231, 16.5304336548, 9.85908603668, 62.6436271667, 86.416557312, 58.6008300781, 19.942817688, 22.585319519, 36.5105667114, 29.3124294281, 63.7100105286, 42.9637031555, 14.22681427, 38.3587226868, 43.9669456482, 1.94876289368, 0.348877906799, 0.135815665126, 0.066057421267, 0.0899786278605, 0.0442402511835, 0.00464318692684, 0.00221241870895, 0.00268776901066, 0.000705656013452, 0.000436145055573, 0.00043536387966, 0.000189110302017, 0.000128542131279, 7.68496684032e-05, 4.54467954114e-05, 2.39920609602e-05, 2.14290776057e-05, 5.26233779965e-05, 3.37407800544e-05]}, "spectral_strongpeak": {"dmean2": 1.0270421505, "median": 1.9411418438, "min": 0, "dvar2": 1.68163073063, "dvar": 0.780646026134, "dmean": 0.670778572559, "max": 13.7709598541, "var": 2.35779237747, "mean": 2.23709464073}, "spectral_energy": {"dmean2": 0.00660706823692, "median": 0.0153794726357, "min": 0.00139053282328, "dvar2": 7.26936414139e-05, "dvar": 4.68100843136e-05, "dmean": 0.00507791433483, "max": 0.123096428812, "var": 0.000295117875794, "mean": 0.0207972507924}, "average_loudness": 0.873615264893, "spectral_rolloff": {"dmean2": 291.023651123, "median": 1184.32617188, "min": 258.3984375, "dvar2": 129632.546875, "dvar": 61773.9023438, "dmean": 167.914733887, "max": 1894.921875, "var": 176151.3125, "mean": 1133.08850098}, "spectral_centroid": {"dmean2": 119.494132996, "median": 727.440185547, "min": 305.544281006, "dvar2": 14649.8662109, "dvar": 6716.87548828, "dmean": 82.2338867188, "max": 1366.30810547, "var": 44893.2148438, "mean": 760.338500977}, "pitch_salience": {"dmean2": 0.0824482887983, "median": 0.458623111248, "min": 0.124461390078, "dvar2": 0.00485494825989, "dvar": 0.0022142843809, "dmean": 0.0548957660794, "max": 0.754877448082, "var": 0.0093098571524, "mean": 0.461835741997}, "spectral_energyband_middle_high": {"dmean2": 0.00292528956197, "median": 0.00437319930643, "min": 0.000234598730458, "dvar2": 1.90915143321e-05, "dvar": 1.0909428056e-05, "dmean": 0.00214062561281, "max": 0.0998493283987, "var": 3.69485169358e-05, "mean": 0.00595930637792}, "spectral_contrast_coeffs": {"dmean2": [0.0869226679206, 0.070367872715, 0.0640826895833, 0.0541834942997, 0.0312225390226, 0.0466685518622], "median": [-0.589296579361, -0.641106009483, -0.726999640465, -0.636101961136, -0.750712633133, -0.851497173309], "min": [-0.804905772209, -0.890068411827, -0.909544050694, -0.866251528263, -0.921689093113, -0.953074932098], "dvar2": [0.00493620196357, 0.00314200506546, 0.00250078365207, 0.00258875428699, 0.000623944331892, 0.0014273696579], "dvar": [0.00210234033875, 0.00129893131088, 0.00101924419869, 0.00116231606808, 0.00025450924295, 0.000527225201949], "dmean": [0.0543693266809, 0.0444319136441, 0.0410965941846, 0.0349043272436, 0.0189739000052, 0.0269942153245], "max": [-0.252990782261, -0.355031907558, -0.481742233038, -0.527773797512, -0.661899387836, -0.732728421688], "var": [0.0115542011335, 0.0070315641351, 0.00552066555247, 0.00290205026977, 0.000875225116033, 0.0010119745275], "mean": [-0.575154185295, -0.63747215271, -0.724584877491, -0.641911029816, -0.750500798225, -0.849262237549]}, "melbands_skewness": {"dmean2": 0.619020700455, "median": 1.22643089294, "min": -2.19317770004, "dvar2": 0.267491549253, "dvar": 0.134846016765, "dmean": 0.436706930399, "max": 6.3726849556, "var": 1.40546703339, "mean": 1.24251484871}, "spectral_spread": {"dmean2": 412487.0625, "median": 829173.9375, "min": 446447.34375, "dvar2": 311538810880, "dvar": 298926866432, "dmean": 238601.234375, "max": 29293536, "var": 380634300416, "mean": 886092.625}, "dissonance": {"dmean2": 0.0838392972946, "median": 0.377897322178, "min": 0.169132307172, "dvar2": 0.00450772792101, "dvar": 0.00156384962611, "dmean": 0.0491022281349, "max": 0.499460846186, "var": 0.00313839782029, "mean": 0.372749596834}, "spectral_skewness": {"dmean2": 2.78854560852, "median": 6.62079334259, "min": 1.73568284512, "dvar2": 3.87138772011, "dvar": 1.43787693977, "dmean": 1.58463609219, "max": 10.6738243103, "var": 2.73744225502, "mean": 6.53314208984}, "spectral_flux": {"dmean2": 0.0261882320046, "median": 0.0411972403526, "min": 0.0127717647702, "dvar2": 0.000886895344593, "dvar": 0.000372002628865, "dmean": 0.0159666128457, "max": 0.238416582346, "var": 0.000561923196074, "mean": 0.0470980256796}, "spectral_contrast_valleys": {"dmean2": [0.674737751484, 0.579936504364, 0.552420973778, 0.52356415987, 0.462906599045, 0.740296006203], "median": [-9.00798034668, -6.83577680588, -7.63754081726, -8.66731071472, -11.2153253555, -14.174325943], "min": [-10.5710363388, -8.62357711792, -9.12099647522, -10.1333560944, -12.2199335098, -14.7548208237], "dvar2": [0.273656696081, 0.216873213649, 0.206732958555, 0.285601019859, 0.272500038147, 0.391701191664], "dvar": [0.0933722928166, 0.0938893780112, 0.0885427743196, 0.13665522635, 0.125032499433, 0.132669642568], "dmean": [0.391239255667, 0.35471701622, 0.341730237007, 0.332542568445, 0.295151114464, 0.416700720787], "max": [-7.88658094406, -5.43682384491, -5.93050193787, -6.51695537567, -7.98686265945, -8.76962566376], "var": [0.146969735622, 0.252123713493, 0.186739653349, 0.296574115753, 0.271034508944, 0.218011066318], "mean": [-9.01838111877, -6.85573291779, -7.62222719193, -8.6314458847, -11.1299982071, -14.0431718826]}, "erbbands_flatness_db": {"dmean2": 0.0221946276724, "median": 0.401808738708, "min": 0.191253557801, "dvar2": 0.000418402691139, "dvar": 0.000209538688068, "dmean": 0.0148506658152, "max": 0.493823379278, "var": 0.000859253865201, "mean": 0.400765955448}, "spectral_energyband_high": {"dmean2": 2.54191064641e-07, "median": 4.52027393294e-07, "min": 2.65324246129e-07, "dvar2": 5.79757943042e-12, "dvar": 5.61459776241e-12, "dmean": 1.75986087925e-07, "max": 0.000117037336167, "var": 5.77052858622e-12, "mean": 5.90990396176e-07}, "spectral_entropy": {"dmean2": 0.262814968824, "median": 5.70325088501, "min": 4.55646467209, "dvar2": 0.0858062207699, "dvar": 0.0404115766287, "dmean": 0.174303516746, "max": 8.33119106293, "var": 0.10852817446, "mean": 5.70827674866}, "silence_rate_20dB": {"dmean2": 0, "median": 1, "min": 1, "dvar2": 0, "dvar": 0, "dmean": 0, "max": 1, "var": 0, "mean": 1}, "melbands_flatness_db": {"dmean2": 0.0297603774816, "median": 0.432093590498, "min": 0.211462840438, "dvar2": 0.00087564723799, "dvar": 0.000417169911088, "dmean": 0.0199335031211, "max": 0.564282178879, "var": 0.00205360376276, "mean": 0.435041934252}, "barkbands": {"dmean2": [0.000426732003689, 5.45553011762e-05, 3.4710894397e-05, 5.32012563781e-05, 0.0021154943388, 0.00116634520236, 0.00259730964899, 0.00100081029814, 0.000502424198203, 0.000820332439616, 0.000435947498772, 0.00109274720307, 0.0006200922071, 0.000303454435198, 0.000749167578761, 1.39258117997e-05, 5.40217752132e-06, 1.80138181349e-06, 1.23409904518e-06, 1.89276420315e-06, 5.84756847388e-08, 6.49345821557e-08, 1.2690748008e-08, 1.62427138406e-08, 7.9687554333e-09, 7.12924874691e-09, 1.03843852628e-07], "median": [0.000125089136418, 2.9862863812e-05, 1.50785754158e-05, 1.88559934031e-05, 0.000568064395338, 0.000666575797368, 0.00250022718683, 0.000388337182812, 0.000363247178029, 0.000295455625746, 0.00013756476983, 0.000602466519922, 0.000341070292052, 0.000159029077622, 0.000605750246905, 3.74625096811e-06, 2.59404214376e-06, 6.0232684973e-07, 4.92470348945e-07, 2.68763642453e-07, 2.2882082007e-08, 1.2883830891e-08, 4.6330290715e-09, 3.81205511601e-09, 2.99228997136e-09, 3.12977133099e-09, 4.28487169302e-07], "min": [7.72896981971e-08, 7.94307084107e-07, 1.76498261339e-07, 2.54204167049e-07, 5.86692976867e-06, 1.01677587736e-05, 1.97089466383e-05, 8.06567413747e-07, 2.39820292336e-06, 1.73563353201e-06, 2.23800793719e-06, 1.72910927176e-06, 4.2446936277e-06, 3.50520440406e-06, 6.41805058876e-07, 4.39509015848e-08, 3.78078048868e-08, 8.9546565718e-09, 7.35854044365e-09, 1.33697755089e-08, 2.32693597724e-09, 1.89389948169e-09, 1.34309652289e-09, 1.4500042278e-09, 1.50805257171e-09, 1.78588455135e-09, 2.83241149646e-07], "dvar2": [2.1102601977e-07, 2.80252776541e-09, 1.63144797671e-09, 5.55218271359e-09, 2.44436032517e-05, 3.62708442481e-06, 1.67077123479e-05, 3.85813700632e-06, 9.03344357539e-07, 3.26388862959e-06, 8.30708643207e-07, 1.02827625597e-05, 2.62471326096e-06, 2.6959742172e-07, 2.49342087955e-06, 1.09993392172e-09, 1.21289894794e-10, 1.66875679941e-11, 9.12893892424e-12, 3.67476084284e-11, 1.91531998052e-13, 1.60385322644e-13, 8.30746197744e-14, 7.53590305392e-14, 6.8829822755e-14, 6.53233638514e-14, 7.27517004973e-14], "dvar": [7.2839867471e-08, 9.45688749532e-10, 5.84409409754e-10, 2.02659244941e-09, 1.54558219947e-05, 1.90615571682e-06, 1.35840409712e-05, 2.22195149036e-06, 4.77334253901e-07, 1.50202731675e-06, 5.96491076976e-07, 6.40826465315e-06, 1.50335779381e-06, 1.68252256572e-07, 1.04611672214e-06, 4.16247675217e-10, 4.56118753878e-11, 6.42788730229e-12, 5.47638627155e-12, 1.56286112524e-11, 1.80807354765e-13, 1.38156304973e-13, 8.38636411292e-14, 7.59479013967e-14, 6.99410554429e-14, 6.63912284524e-14, 7.2708271424e-14], "dmean": [0.000235461076954, 3.07971567963e-05, 1.99430905923e-05, 3.0521357985e-05, 0.00156972068362, 0.000781429989729, 0.00206307182088, 0.000732657907065, 0.000352796894731, 0.000567998387851, 0.000327926594764, 0.000804673938546, 0.00042305822717, 0.000224598436034, 0.00053854851285, 8.44705755298e-06, 3.23986409967e-06, 1.09697168682e-06, 8.07522496871e-07, 1.18140133054e-06, 3.92998522614e-08, 4.15059560055e-08, 1.01324468815e-08, 1.20550351923e-08, 6.97664548355e-09, 6.37348973598e-09, 6.27286880217e-08], "max": [0.00254391040653, 0.000259336666204, 0.000257329142187, 0.000519551394973, 0.0818416699767, 0.0279868468642, 0.11241440475, 0.0332597531378, 0.0179490093142, 0.0173677243292, 0.0114370351657, 0.0927609056234, 0.0514419004321, 0.0137492567301, 0.0205275993794, 0.000316179270158, 0.000125595543068, 5.00259338878e-05, 9.26548600546e-05, 7.67828969401e-05, 2.08190031117e-05, 1.7400512661e-05, 1.44441091834e-05, 1.37388024086e-05, 1.32139884954e-05, 1.28759184008e-05, 1.39771409522e-05], "var": [7.23240347611e-08, 1.03849528976e-09, 6.69430455513e-10, 2.28009389147e-09, 6.68820866849e-05, 4.55780218545e-06, 0.000137924755109, 1.87710538739e-05, 2.15937052417e-06, 2.92631079901e-06, 2.16025887312e-06, 2.46722429438e-05, 4.37661810793e-06, 7.0549344855e-07, 1.83632130302e-06, 7.27171101111e-10, 5.45250303241e-11, 1.27705242214e-11, 1.17450884088e-11, 2.43174230752e-11, 1.8321155953e-13, 1.411979393e-13, 8.516534781e-14, 7.72592845819e-14, 7.10646954694e-14, 6.74711751313e-14, 7.7303763976e-14], "mean": [0.000220784626435, 3.88761072827e-05, 2.30889254453e-05, 3.40605583915e-05, 0.00329903396778, 0.00134543736931, 0.00701548391953, 0.00202630506828, 0.000822988979053, 0.000950130342972, 0.000657531141769, 0.00194879830815, 0.000854349986184, 0.000462340947706, 0.001074113301, 1.35000836963e-05, 4.97875225847e-06, 1.86723934803e-06, 1.14889780889e-06, 1.6667138425e-06, 5.45624061488e-08, 5.10826332345e-08, 1.36150539731e-08, 1.5260008368e-08, 9.29010024464e-09, 8.86543993772e-09, 4.36512152646e-07]}, "erbbands_skewness": {"dmean2": 0.480847835541, "median": 0.0453157573938, "min": -2.8479745388, "dvar2": 0.198543533683, "dvar": 0.0967071130872, "dmean": 0.34379658103, "max": 4.41810560226, "var": 0.894601404667, "mean": 0.0537267066538}, "erbbands_spread": {"dmean2": 3.9109389782, "median": 13.9442148209, "min": 2.04565668106, "dvar2": 12.8316364288, "dvar": 6.35110092163, "dmean": 2.67470145226, "max": 37.422454834, "var": 35.9598808289, "mean": 14.5312767029}, "melbands_kurtosis": {"dmean2": 2.60993623734, "median": 1.2070581913, "min": -1.75755083561, "dvar2": 12.2696914673, "dvar": 6.49557209015, "dmean": 1.84291386604, "max": 57.5222892761, "var": 34.2029457092, "mean": 3.27615332603}, "melbands": {"dmean2": [3.99667333113e-05, 1.14488693725e-05, 3.42047533195e-05, 0.000372014037566, 0.000484899966978, 0.000183365744306, 0.000453204673249, 0.00030837583472, 0.000205260352232, 5.88523434999e-05, 0.000101835874375, 0.000114983638923, 5.37391970283e-05, 0.000105223160062, 0.000104573278804, 4.65003868158e-05, 1.26580334836e-05, 3.3367821743e-05, 8.2606660726e-05, 4.17183673562e-06, 6.43539976863e-07, 3.33923622975e-07, 1.29805115989e-07, 9.7770104901e-08, 4.89365490353e-08, 5.78950860586e-08, 1.21652760754e-07, 7.91733700822e-09, 3.03185609951e-09, 1.2244631975e-09, 1.26805110856e-09, 1.78783199356e-09, 1.25641452797e-09, 2.32308172698e-10, 2.34559122125e-10, 2.78171319312e-10, 2.54542664724e-10, 1.11672275593e-10, 8.6306212177e-11, 8.62234519894e-11], "median": [2.25342519116e-05, 6.38721439827e-06, 1.27050980154e-05, 6.91764653311e-05, 0.000225148920435, 0.000137823546538, 0.000429048348451, 0.000288280425593, 0.000105215585791, 4.49209583167e-05, 3.56206437573e-05, 6.93626352586e-05, 2.27071068366e-05, 2.52988393186e-05, 5.77359714953e-05, 1.08117155833e-05, 8.76410558703e-06, 1.78340887942e-05, 6.63587852614e-05, 3.19809942084e-06, 2.20171841647e-07, 1.52262217057e-07, 7.49706714487e-08, 2.56949128641e-08, 2.11708801601e-08, 2.14813624666e-08, 1.54480197523e-08, 2.48727394236e-09, 5.60699819907e-10, 4.43893394264e-10, 4.67981764452e-10, 3.16903780995e-10, 2.34815417111e-10, 8.1752535297e-11, 7.21911280754e-11, 5.42252215352e-11, 4.96914315251e-11, 3.7945344783e-11, 3.19780799063e-11, 2.9022451109e-11], "min": [3.02630610349e-07, 2.91799608476e-07, 5.11541998094e-07, 1.20432389394e-06, 7.86933185282e-07, 1.46440800108e-06, 3.84012309951e-06, 4.9242936484e-07, 5.720243621e-07, 3.29166311985e-07, 4.74180836818e-07, 1.27927876292e-06, 5.90472325257e-07, 1.70977600078e-07, 8.31308966553e-07, 1.72096605411e-07, 2.59559271854e-07, 1.1155263735e-07, 3.74525690461e-08, 2.52791050315e-08, 2.70205458008e-09, 2.3340349653e-09, 1.38641653713e-09, 4.88991569458e-10, 3.58669788314e-10, 2.24832805151e-10, 3.96327082264e-10, 9.07697389474e-11, 5.72001335186e-11, 4.51180620642e-11, 3.69903621622e-11, 3.00433219969e-11, 3.18561531321e-11, 2.03899657575e-11, 1.51714734525e-11, 1.56810571472e-11, 1.38907886929e-11, 1.13083084563e-1