{"metadata": {"tags": {"album": ["\u00b8\u00a1\u00d4\u00ea"], "albumartist": ["\u00cd\u00f5\u00b7\u00c6"], "filetype": ["audio/mp3"], "genre": ["Other"], "artist": ["\u00cd\u00f5\u00b7\u00c6"], "date": ["1996"], "tracknumber": ["10"], "title": ["N\ta"], "file_name": "252504.mp3", "musicbrainz_recordingid": ["0a136ae0-ab4a-4ff1-a11a-5ef141c5db51"]}, "audio_properties": {"sample_rate": 44100, "downmix": "mix", "lossless": false, "analysis_sample_rate": 44100, "md5_encoded": "0a4f073376ef1a79dae39e56e5f5970d", "equal_loudness": 0, "replay_gain": -6.32916069031, "codec": "mp3", "bit_rate": 192000, "length": 232.071838379}, "version": {"extractor": "music 1.0", "essentia_build_sha": "70f2e5ece6736b2c40cc944ad0e695b16b925413", "essentia_git_sha": "v2.1_beta2", "essentia": "2.1-beta2"}}, "rhythm": {"beats_loudness_band_ratio": {"dvar2": [0.144936621189, 0.0267614461482, 0.0805193409324, 0.0738360434771, 0.00435316376388, 0.0006887644995], "var": [0.156035885215, 0.00773689802736, 0.0639700815082, 0.0526748374104, 0.00119709887076, 0.000258813990513], "min": [0, 0, 0, 0, 0, 0], "dmean": [0.177828773856, 0.0715405642986, 0.138115331531, 0.105913065374, 0.0251569915563, 0.0110824629664], "mean": [0.562789261341, 0.0657929554582, 0.189785256982, 0.146992996335, 0.0239595975727, 0.0108618959785], "max": [0.999015390873, 0.730416893959, 0.987719774246, 0.980777144432, 0.276611059904, 0.116101741791], "dmean2": [0.32767406106, 0.135862454772, 0.249359175563, 0.185355827212, 0.0449087172747, 0.0188922118396], "median": [0.759058713913, 0.0353524163365, 0.0614486671984, 0.0354556404054, 0.0132767409086, 0.00425827410072], "dvar": [0.0562440790236, 0.00911188032478, 0.0298228505999, 0.0276491567492, 0.00155184627511, 0.000262903224211]}, "bpm_histogram_first_peak_weight": {"dvar2": 0, "var": 0, "min": 0.575371563435, "dmean": 0, "mean": 0.575371563435, "max": 0.575371563435, "dmean2": 0, "median": 0.575371563435, "dvar": 0}, "bpm": 114.973419189, "beats_count": 472, "bpm_histogram_first_peak_spread": {"dvar2": 0, "var": 0, "min": 0.227920293808, "dmean": 0, "mean": 0.227920293808, "max": 0.227920293808, "dmean2": 0, "median": 0.227920293808, "dvar": 0}, "danceability": 1.31632804871, "bpm_histogram_first_peak_bpm": {"dvar2": 0, "var": 0, "min": 115, "dmean": 0, "mean": 115, "max": 115, "dmean2": 0, "median": 115, "dvar": 0}, "beats_position": [0.510838985443, 1.03328800201, 1.55573689938, 2.08979582787, 2.62385487556, 3.1811337471, 3.73841261864, 4.3073015213, 4.87619018555, 5.44507932663, 5.97913837433, 6.5015873909, 7.02403593063, 7.5464849472, 8.06893444061, 8.59138298035, 9.11383247375, 9.63628101349, 10.1587295532, 10.6811790466, 11.2036275864, 11.7260770798, 12.2485256195, 12.7709751129, 13.2934236526, 13.8158731461, 14.3383216858, 14.8607711792, 15.3832197189, 15.9056682587, 16.4281177521, 16.9505672455, 17.4730148315, 17.995464325, 18.5179138184, 19.0403633118, 19.5512008667, 20.0852603912, 20.6077098846, 21.1301574707, 21.640996933, 22.1750564575, 22.6858959198, 23.2083435059, 23.7307929993, 24.2532424927, 24.7756919861, 25.3097496033, 25.8321990967, 26.3546485901, 26.8770961761, 27.3995456696, 27.9103851318, 28.4328346252, 28.9552822113, 29.4777317047, 30.0001811981, 30.5226306915, 31.0450782776, 31.567527771, 32.0899772644, 32.6124267578, 33.1348762512, 33.6573219299, 34.1681632996, 34.690612793, 35.2246704102, 35.7355079651, 36.2579574585, 36.7804069519, 37.3028564453, 37.8253059387, 38.3477554321, 38.8702049255, 39.3926506042, 39.9151000977, 40.4259414673, 40.9483909607, 41.4708366394, 42.0048980713, 42.5273475647, 43.0497932434, 43.560634613, 44.0830841064, 44.6055335999, 45.1163711548, 45.6388206482, 46.1612701416, 46.683719635, 47.2061653137, 47.7286148071, 48.2510643005, 48.7735137939, 49.2959632874, 49.8184127808, 50.3408622742, 50.8633079529, 51.3857574463, 51.9198188782, 52.4422683716, 52.9647140503, 53.4871635437, 54.0096130371, 54.5204544067, 55.0429000854, 55.5653495789, 56.0877990723, 56.6102485657, 57.1326980591, 57.6551475525, 58.1775970459, 58.7000427246, 59.2108840942, 59.7333335876, 60.2557830811, 60.7782287598, 61.3006782532, 61.8347396851, 62.3571853638, 62.8796348572, 63.4020843506, 63.924533844, 64.4353713989, 64.957824707, 65.4802703857, 66.0027160645, 66.5251693726, 67.0360107422, 67.5584564209, 68.0809020996, 68.6149673462, 69.1374130249, 69.659866333, 70.1823120117, 70.7047576904, 71.2272109985, 71.7496566772, 72.2721099854, 72.7945556641, 73.3053970337, 73.8278427124, 74.3502960205, 74.8611297607, 75.3835830688, 75.9060287476, 76.4284820557, 76.9509277344, 77.4849853516, 78.0074386597, 78.5298843384, 79.0523376465, 79.5747833252, 80.0972290039, 80.619682312, 81.1305236816, 81.6529693604, 82.1754150391, 82.7094802856, 83.2203140259, 83.7543716431, 84.2652130127, 84.7876663208, 85.3101119995, 85.8441696167, 86.3666229248, 86.8890686035, 87.3999099731, 87.9107437134, 88.44480896, 88.9672546387, 89.4897003174, 90.000541687, 90.5229949951, 91.0454406738, 91.5678863525, 92.0903396606, 92.6127853394, 93.1352386475, 93.6576843262, 94.1801376343, 94.702583313, 95.2250289917, 95.7358703613, 96.2583236694, 96.7807693481, 97.3148269653, 97.8372802734, 98.3597259521, 98.8821716309, 99.404624939, 99.9154663086, 100.437911987, 100.960357666, 101.482810974, 102.005256653, 102.516098022, 103.038543701, 103.560997009, 104.083442688, 104.605895996, 105.128341675, 105.650794983, 106.173240662, 106.69568634, 107.218139648, 107.740585327, 108.263038635, 108.785484314, 109.307937622, 109.830383301, 110.352828979, 110.875282288, 111.397727966, 111.920181274, 112.431015015, 112.953468323, 113.475914001, 114.009971619, 114.532424927, 115.054870605, 115.577323914, 116.099769592, 116.610610962, 117.133056641, 117.655509949, 118.189567566, 118.700408936, 119.222854614, 119.745300293, 120.27936554, 120.79019928, 121.312652588, 121.835098267, 122.345939636, 122.879997253, 123.390838623, 123.913284302, 124.447341919, 124.969795227, 125.480628967, 126.003082275, 126.525527954, 127.047981262, 127.570426941, 128.081268311, 128.603713989, 129.126159668, 129.660217285, 130.182678223, 130.705123901, 131.22756958, 131.750015259, 132.272476196, 132.794921875, 133.317367554, 133.839813232, 134.362258911, 134.884719849, 135.395553589, 135.917999268, 136.440444946, 136.962905884, 137.485351562, 138.007797241, 138.53024292, 139.052688599, 139.575149536, 140.097595215, 140.620040894, 141.142486572, 141.66494751, 142.187393188, 142.709838867, 143.243896484, 143.754730225, 144.277191162, 144.799636841, 145.32208252, 145.83291626, 146.355377197, 146.877822876, 147.400268555, 147.922714233, 148.445159912, 148.96762085, 149.490066528, 150.000900269, 150.534957886, 151.045806885, 151.568252563, 152.090698242, 152.624755859, 153.147201538, 153.669662476, 154.180496216, 154.702941895, 155.225387573, 155.747848511, 156.270294189, 156.78112793, 157.303573608, 157.826034546, 158.336868286, 158.859313965, 159.381759644, 159.915817261, 160.449890137, 160.972335815, 161.494781494, 162.017227173, 162.539672852, 163.050521851, 163.572967529, 164.095413208, 164.617858887, 165.140319824, 165.662765503, 166.185211182, 166.696044922, 167.218505859, 167.740951538, 168.263397217, 168.785842896, 169.308303833, 169.830749512, 170.35319519, 170.875640869, 171.398086548, 171.920547485, 172.442993164, 172.965438843, 173.49949646, 174.021942139, 174.544403076, 175.055236816, 175.577682495, 176.100128174, 176.622589111, 177.14503479, 177.65586853, 178.178314209, 178.700775146, 179.223220825, 179.745666504, 180.268112183, 180.790557861, 181.30140686, 181.823852539, 182.346298218, 182.880355835, 183.402801514, 183.925262451, 184.470932007, 185.028198242, 185.573867798, 186.084716797, 186.595550537, 187.106384277, 187.617233276, 188.128067017, 188.627304077, 188.998809814, 189.370330811, 189.741851807, 190.124984741, 190.484893799, 190.844802856, 191.216323853, 191.587844849, 191.959365845, 192.330886841, 192.702392578, 193.073913574, 193.44543457, 193.816955566, 194.200088501, 194.583221436, 194.954742432, 195.326248169, 195.697769165, 196.069290161, 196.405975342, 196.742675781, 197.079360962, 197.416046143, 197.799179077, 198.182312012, 198.577041626, 198.971786499, 199.366531372, 199.761260986, 200.156005859, 200.539138794, 200.875823975, 201.212509155, 201.549209595, 201.885894775, 202.222579956, 202.570877075, 202.919174194, 203.267486572, 203.63899231, 204.010513306, 204.382034302, 204.753555298, 205.136688232, 205.519821167, 205.914550781, 206.297683716, 206.657592773, 207.017501831, 207.389022827, 207.748931885, 208.155273438, 208.561630249, 208.956375122, 209.351104736, 209.745849609, 210.152191162, 210.558547974, 210.964889526, 211.348022461, 211.731155396, 212.11428833, 212.509017944, 212.892150879, 213.286895752, 213.670013428, 214.053146362, 214.436279297, 214.807800293, 215.179321289, 215.550842285, 215.922348022, 216.293869019, 216.677001953, 217.083358765, 217.489700317, 217.896057129, 218.302398682, 218.708755493, 219.115097046, 219.521453857, 219.92779541, 220.276092529, 220.61277771, 220.949478149, 221.28616333, 221.634460449, 221.994369507, 222.354278564, 222.702575684, 223.062484741, 223.422393799, 223.782302856, 224.142211914, 224.583404541, 225.024581909, 225.465759277, 225.953369141, 226.440994263, 226.928619385, 227.40461731, 227.869018555, 228.356643677, 228.84425354, 229.273834229, 229.715011597, 230.144577026, 230.574142456, 231.003707886, 231.433288574], "beats_loudness": {"dvar2": 0.0154777476564, "var": 0.0076915496029, "min": 0, "dmean": 0.070169351995, "mean": 0.0865818560123, "max": 0.438614994287, "dmean2": 0.117873139679, "median": 0.0529118552804, "dvar": 0.00539669021964}, "bpm_histogram_second_peak_weight": {"dvar2": 0, "var": 0, "min": 0.0530785545707, "dmean": 0, "mean": 0.0530785545707, "max": 0.0530785545707, "dmean2": 0, "median": 0.0530785545707, "dvar": 0}, "bpm_histogram_second_peak_spread": {"dvar2": 0, "var": 0, "min": 0.404761910439, "dmean": 0, "mean": 0.404761910439, "max": 0.404761910439, "dmean2": 0, "median": 0.404761910439, "dvar": 0}, "bpm_histogram_second_peak_bpm": {"dvar2": 0, "var": 0, "min": 161, "dmean": 0, "mean": 161, "max": 161, "dmean2": 0, "median": 161, "dvar": 0}, "onset_rate": 3.16696429253}, "lowlevel": {"spectral_energyband_high": {"dvar2": 2.86625504486e-06, "var": 1.23055008316e-06, "min": 6.77618320257e-21, "dmean": 0.000317713391269, "mean": 0.000300006911857, "max": 0.0135470815003, "dmean2": 0.000513846054673, "median": 3.73635339201e-05, "dvar": 1.21464108815e-06}, "spectral_energyband_middle_low": {"dvar2": 0.000171340085217, "var": 0.000112045912829, "min": 1.44718893335e-22, "dmean": 0.00363282416947, "mean": 0.00917737651616, "max": 0.117336645722, "dmean2": 0.00557622965425, "median": 0.00659181177616, "dvar": 6.51911323075e-05}, "spectral_energy": {"dvar2": 0.00512020289898, "var": 0.00357564399019, "min": 9.76798602215e-21, "dmean": 0.0218056272715, "mean": 0.0397040657699, "max": 0.606715261936, "dmean2": 0.0339542143047, "median": 0.0207968037575, "dvar": 0.00232134968974}, "spectral_spread": {"dvar2": 1470026219520.0, "var": 28845805666300.0, "min": 1359712, "dmean": 519312, "mean": 4285381.5, "max": 42557152, "dmean2": 804340.125, "median": 3150323.5, "dvar": 661524054016}, "spectral_energyband_low": {"dvar2": 0.0047859554179, "var": 0.00292528537102, "min": 1.26159732004e-23, "dmean": 0.0193560775369, "mean": 0.0270654000342, "max": 0.577028334141, "dmean2": 0.0307017974555, "median": 0.00698919501156, "dvar": 0.00215386529453}, "spectral_rolloff": {"dvar2": 1353237.875, "var": 6868801, "min": 64.599609375, "dmean": 269.664550781, "mean": 1161.06408691, "max": 20887.2070312, "dmean2": 481.096221924, "median": 753.662109375, "dvar": 516899.53125}, "barkbands": {"dvar2": [3.95773749915e-05, 0.00129367387854, 0.00162648491096, 6.06390349276e-05, 4.10912653024e-05, 8.05328909337e-06, 1.17347042305e-06, 2.48402307079e-06, 1.25068459056e-06, 1.8556975192e-05, 1.33742169055e-05, 6.16330225967e-06, 8.89320347142e-07, 2.52910865584e-07, 7.97551464871e-08, 1.08258348064e-07, 1.99054213113e-07, 1.84669062264e-07, 6.25466896054e-07, 2.76351499906e-07, 3.02256751183e-07, 2.39110846678e-07, 8.0983156181e-08, 2.88659762759e-08, 8.23430834629e-09, 5.24899590459e-09, 1.05713484841e-11], "var": [1.66759073181e-05, 0.000960813602433, 0.000490478647407, 1.91617000382e-05, 1.21211905935e-05, 1.04794007711e-05, 4.32662045569e-06, 4.74623448099e-06, 3.07568825519e-06, 3.06685287796e-05, 1.32338946059e-05, 5.25565974385e-06, 7.52000062221e-07, 1.67986527799e-07, 5.34796527063e-08, 6.68983943797e-08, 1.45749524449e-07, 8.59039772649e-08, 3.21480428056e-07, 1.00127252267e-07, 1.04934365197e-07, 9.08125485921e-08, 3.33486731563e-08, 1.49554395534e-08, 2.89691848288e-09, 1.31818034266e-09, 2.3802999502e-12], "min": [3.19050799508e-25, 2.14525812516e-24, 9.48339786834e-25, 2.99102035633e-25, 8.61868167619e-24, 5.22413273721e-24, 2.17000824163e-24, 1.55392818782e-24, 9.16138484683e-24, 3.60270329946e-24, 1.04531011918e-23, 2.08552987671e-23, 3.67708704525e-23, 3.29795860093e-23, 3.42555211919e-23, 5.81327252058e-23, 6.19666018269e-23, 7.22315565374e-23, 1.04766016737e-22, 1.6180859928e-22, 2.19852530303e-22, 3.12210219384e-22, 3.57272478646e-22, 5.9936167258e-22, 8.12144797482e-22, 1.25875714942e-21, 1.84945589232e-21], "dmean": [0.00138883281033, 0.0118510518223, 0.00797826237977, 0.00139712472446, 0.000989898224361, 0.000907311332412, 0.000529918819666, 0.00054880627431, 0.000357100972906, 0.0009709566948, 0.000727990758605, 0.000423926539952, 0.000221231850446, 0.000118136886158, 9.54378774622e-05, 0.000102155361674, 0.000127729945234, 0.000122077617561, 0.000185208264156, 0.000103707003291, 8.44696041895e-05, 7.94821680756e-05, 4.97845721839e-05, 2.85966125375e-05, 1.89460497495e-05, 1.14258109534e-05, 3.29864008108e-07], "mean": [0.00138428609353, 0.0158089604229, 0.00870037078857, 0.00188705243636, 0.00143015489448, 0.00207255105488, 0.00144704396371, 0.00122116215061, 0.000694661750458, 0.00156548281666, 0.00112306536175, 0.000623806670774, 0.000322893756675, 0.00016538563068, 0.000135469104862, 0.000149906831211, 0.000197575020138, 0.000157831673278, 0.000255240971455, 0.000112949179311, 7.74563523009e-05, 6.93295587553e-05, 4.52898966614e-05, 3.02611279039e-05, 1.71060873981e-05, 8.29334840091e-06, 2.08614210351e-07], "max": [0.0396182015538, 0.254796743393, 0.353883177042, 0.0963102728128, 0.0645747408271, 0.0315059907734, 0.0201265681535, 0.0243488643318, 0.0411932133138, 0.111623868346, 0.0776850655675, 0.0498967319727, 0.0157898180187, 0.00917926058173, 0.00285484199412, 0.00463819038123, 0.00593224400654, 0.00388519489206, 0.00701436400414, 0.00765953492373, 0.00676196161658, 0.00565583817661, 0.0028282860294, 0.00220643728971, 0.000995957641862, 0.00119915208779, 5.70631018491e-05], "dmean2": [0.00222300039604, 0.018627082929, 0.0140193048865, 0.00240169814788, 0.00170948309824, 0.00131167029031, 0.000642953091301, 0.000711807981133, 0.00048858858645, 0.00132100505289, 0.00107188103721, 0.00062366342172, 0.000329940958181, 0.000188203208381, 0.000156160152983, 0.000170343511854, 0.000215334657696, 0.000214085812331, 0.000334048294462, 0.000179222857696, 0.000139645097079, 0.000130834276206, 8.21964058559e-05, 4.54523869848e-05, 3.14619755954e-05, 2.00068880076e-05, 5.98822964548e-07], "median": [1.40695956361e-05, 0.00434564054012, 0.00167448073626, 0.000161863979883, 0.000399303389713, 0.000691149733029, 0.000662244390696, 0.000237066356931, 7.75711523602e-05, 0.000100559424027, 0.000137229159009, 5.13365921506e-05, 4.92437611683e-05, 4.58400681964e-05, 4.65709563287e-05, 5.73951328988e-05, 4.39576760982e-05, 5.11687649123e-05, 4.25209764217e-05, 1.79093294719e-05, 8.36572326079e-06, 5.70280008105e-06, 2.85450187221e-06, 2.18139666686e-06, 1.08798133169e-06, 2.45623624551e-07, 1.11618314591e-09], "dvar": [1.60671334015e-05, 0.000635305652395, 0.000585805624723, 2.23153292609e-05, 1.47997197928e-05, 3.22026812682e-06, 7.62490344641e-07, 1.25256008232e-06, 7.49434605041e-07, 1.11604440463e-05, 6.33440777165e-06, 2.84879388346e-06, 3.90825590557e-07, 1.04974148485e-07, 3.09648555685e-08, 4.13121199472e-08, 7.80321016691e-08, 6.3623510016e-08, 2.0114129029e-07, 1.05425201014e-07, 1.19693893907e-07, 9.7683930278e-08, 3.41481971589e-08, 1.31879387411e-08, 3.24818949515e-09, 1.93217619682e-09, 3.81514264625e-12]}, "melbands_skewness": {"dvar2": 3.03838896751, "var": 5.60821771622, "min": -3.23022532463, "dmean": 1.0319955349, "mean": 2.67415761948, "max": 23.3036994934, "dmean2": 1.56186020374, "median": 2.15914940834, "dvar": 1.41631829739}, "barkbands_skewness": {"dvar2": 1.85874342918, "var": 3.64244604111, "min": -3.22082161903, "dmean": 0.810225486755, "mean": 1.94053637981, "max": 15.9667482376, "dmean2": 1.21304178238, "median": 1.60440552235, "dvar": 0.865351915359}, "erbbands": {"dvar2": [3.6629743576, 47.9919166565, 1419.49926758, 1866.93054199, 84.1926193237, 648.282104492, 1309.98779297, 923.041503906, 285.452484131, 628.518859863, 1194.88781738, 767.921875, 6473.97070312, 20969.6035156, 21599.7871094, 13958.6572266, 2083.85620117, 592.640930176, 283.224975586, 252.71522522, 339.799865723, 357.441040039, 404.27130127, 1312.71057129, 1282.70227051, 653.220458984, 510.462219238, 440.249908447, 366.630371094, 160.17755127, 55.0317611694, 17.9427547455, 6.00487756729, 0.719222843647, 0.752142608166, 0.142393171787, 0.0165074225515, 0.00052469689399, 2.05856693469e-07, 6.6069802962e-09], "var": [2.0847761631, 29.3338546753, 465.834320068, 534.090942383, 54.5098800659, 170.740402222, 648.412475586, 992.517333984, 1094.36950684, 1720.93237305, 2001.41552734, 2094.39111328, 12508.5058594, 30892.8378906, 21570.7460938, 11842.9248047, 1802.48242188, 445.580169678, 216.046524048, 156.703948975, 217.67729187, 245.702682495, 236.93107605, 708.469238281, 520.232910156, 227.78263855, 177.378448486, 167.535598755, 133.623214722, 64.9281082153, 22.0129966736, 8.4789648056, 3.24941802025, 0.385840803385, 0.194092750549, 0.0382299497724, 0.0039423131384, 0.000112602749141, 4.78312571772e-08, 4.62878713137e-09], "min": [9.04067350888e-23, 3.15827392759e-22, 1.76101925846e-21, 3.63671208389e-21, 1.14793976679e-20, 2.57424083467e-20, 2.11339363537e-20, 6.08098660768e-20, 8.87694108864e-20, 4.86884389286e-20, 8.89999874821e-20, 2.98326617025e-19, 5.29012090422e-19, 3.57102840179e-19, 9.08253618365e-19, 1.18702682308e-18, 1.77635651018e-18, 1.90347576556e-18, 2.25740236144e-18, 2.74340178379e-18, 3.25728794613e-18, 4.76665226807e-18, 4.47384191176e-18, 5.15387081565e-18, 6.63474869166e-18, 8.14100984553e-18, 6.5532209433e-18, 1.02908621837e-17, 8.85009057331e-18, 1.03930131991e-17, 1.07534025571e-17, 1.07254248273e-17, 8.97993724996e-18, 7.70178273053e-18, 6.13090719029e-18, 3.81423278847e-18, 2.23382440526e-18, 8.31442040274e-19, 2.52067859587e-19, 2.46962769034e-20], "dmean": [0.480835288763, 2.35444951057, 8.52700519562, 7.22810554504, 2.29392242432, 3.56675553322, 5.32129001617, 8.94144153595, 7.56691551208, 10.5344600677, 10.256149292, 8.23667240143, 18.3603591919, 32.5792007446, 31.168302536, 18.7346935272, 10.8816413879, 5.60715866089, 5.38516521454, 5.10428571701, 5.78147220612, 5.52390909195, 6.19352197647, 8.67967414856, 8.05704212189, 5.11753225327, 3.5925784111, 3.33360910416, 2.93723726273, 2.12243556976, 1.31304442883, 0.712326645851, 0.4205070436, 0.18047682941, 0.15673443675, 0.0652388781309, 0.018134817481, 0.00281821656972, 6.44343090244e-05, 2.54414717347e-05], "mean": [0.555227339268, 3.13954114914, 9.7228012085, 8.53326797485, 4.46971988678, 4.70821380615, 8.2335395813, 19.6514110565, 21.9902439117, 26.2797527313, 21.9178314209, 16.5293083191, 31.3428688049, 52.3342056274, 49.8199920654, 28.7909221649, 16.5267944336, 8.89357280731, 8.08372211456, 7.57977581024, 8.89908504486, 8.57312774658, 9.44316864014, 12.2809448242, 10.4373378754, 5.87059116364, 3.38052606583, 3.0243947506, 2.55648374557, 1.89083015919, 1.2021689415, 0.73831307888, 0.443116933107, 0.201072096825, 0.116803631186, 0.0479650832713, 0.013011242263, 0.00183329347055, 5.73429897486e-05, 4.60824485344e-05], "max": [12.494433403, 64.5575485229, 342.554901123, 409.334686279, 108.574989319, 264.189971924, 371.510375977, 390.054260254, 305.073394775, 499.907745361, 659.08001709, 1160.12402344, 3006.99487305, 4155.84228516, 2966.64501953, 2573.06420898, 770.243774414, 482.63092041, 209.958740234, 205.628128052, 232.330032349, 208.827011108, 182.385040283, 322.254699707, 267.465515137, 250.265609741, 298.153167725, 231.494918823, 276.38973999, 133.841552734, 71.8815536499, 55.1780281067, 28.4286136627, 10.803273201, 9.88812541962, 5.25375270844, 2.25637626648, 0.410698205233, 0.00789577141404, 0.000682143843733], "dmean2": [0.726711153984, 3.8777680397, 15.0005626678, 12.5139274597, 3.82607889175, 6.21309804916, 8.73154449463, 12.8613977432, 9.58830070496, 13.0454120636, 13.4668302536, 10.990111351, 24.6853313446, 45.5854644775, 45.3492736816, 27.4367179871, 16.1708755493, 8.96244430542, 8.67387485504, 8.39826202393, 9.62830543518, 9.22412395477, 10.6495933533, 15.4207382202, 14.4677934647, 8.86986637115, 6.00629472733, 5.48291635513, 4.82247257233, 3.49202227592, 2.17040228844, 1.1438267231, 0.662643313408, 0.281403392553, 0.272625952959, 0.114241175354, 0.0317347161472, 0.00511495489627, 0.00011186622578, 3.92885158362e-05], "median": [0.0562315918505, 1.10363507271, 2.52831292152, 0.928233981133, 0.760530054569, 1.49679231644, 1.6948363781, 6.60583209991, 8.82154655457, 9.94671058655, 4.42294597626, 2.61376571655, 4.60371351242, 6.26584434509, 9.8584651947, 4.29080057144, 3.41182231903, 3.20139217377, 2.54306340218, 3.16986036301, 3.29541158676, 2.5146188736, 3.6985616684, 2.5212469101, 1.95902180672, 1.06573343277, 0.434390723705, 0.240983039141, 0.203756272793, 0.143170893192, 0.0845188647509, 0.0523428916931, 0.0301162078977, 0.01479161717, 0.00487281288952, 0.0015669669956, 0.000369353423594, 4.01651886932e-05, 1.37332081067e-05, 2.4381932235e-05], "dvar": [1.68757605553, 20.6002197266, 510.390350342, 682.145202637, 32.0916671753, 231.117263794, 479.322570801, 375.290710449, 167.675140381, 347.453765869, 613.710083008, 490.895355225, 4480.06298828, 12339.8203125, 10232.8359375, 6418.64794922, 916.479064941, 241.321105957, 114.394737244, 98.2007751465, 132.58265686, 145.6900177, 147.338928223, 418.309387207, 431.454376221, 246.286010742, 199.794174194, 180.091415405, 147.635864258, 67.22681427, 22.9413814545, 7.91194438934, 2.79004621506, 0.323629438877, 0.27742600441, 0.0532759055495, 0.00600227480754, 0.000186681965715, 7.43156078897e-08, 2.99970248641e-09]}, "silence_rate_30dB": {"dvar2": 0.119762130082, "var": 0.0836438238621, "min": 0, "dmean": 0.0642321184278, "mean": 0.907863140106, "max": 1, "dmean2": 0.128477081656, "median": 1, "dvar": 0.060112234205}, "melbands_spread": {"dvar2": 78.282119751, "var": 367.660003662, "min": 0.259226471186, "dmean": 4.52018165588, "mean": 15.2736597061, "max": 168.839401245, "dmean2": 7.18233203888, "median": 10.581372261, "dvar": 32.2877883911}, "melbands_crest": {"dvar2": 26.8904933929, "var": 34.3947029114, "min": 1.53756165504, "dmean": 3.77212834358, "mean": 16.3787403107, "max": 36.0127601624, "dmean2": 6.21887254715, "median": 15.8274765015, "dvar": 10.5256261826}, "zerocrossingrate": {"dvar2": 0.000150181207573, "var": 0.00467910058796, "min": 0.001953125, "dmean": 0.00648165866733, "mean": 0.0465420037508, "max": 0.5263671875, "dmean2": 0.00844525266439, "median": 0.0361328125, "dvar": 8.47924820846e-05}, "barkbands_kurtosis": {"dvar2": 637.112854004, "var": 632.207885742, "min": -1.79311645031, "dmean": 7.22977113724, "mean": 10.6386871338, "max": 547.619567871, "dmean2": 11.1064386368, "median": 3.8701043129, "dvar": 291.436279297}, "spectral_flux": {"dvar2": 0.00838482566178, "var": 0.00707951327786, "min": 6.39376399048e-11, "dmean": 0.0365224927664, "mean": 0.0840749293566, "max": 0.729744553566, "dmean2": 0.0595644265413, "median": 0.0578028857708, "dvar": 0.00360317877494}, "barkbands_crest": {"dvar2": 15.225689888, "var": 20.9254264832, "min": 2.95109653473, "dmean": 2.91500043869, "mean": 12.4892969131, "max": 26.8294658661, "dmean2": 4.68367958069, "median": 11.7278242111, "dvar": 6.18150138855}, "barkbands_flatness_db": {"dvar2": 0.00259205489419, "var": 0.00526759913191, "min": 0.0534868985415, "dmean": 0.0327461026609, "mean": 0.231273472309, "max": 0.52977925539, "dmean2": 0.0510016717017, "median": 0.228288888931, "dvar": 0.00111661292613}, "spectral_entropy": {"dvar2": 0.204532682896, "var": 0.580395102501, "min": 4.59541559219, "dmean": 0.252876520157, "mean": 6.805996418, "max": 9.82317733765, "dmean2": 0.373236209154, "median": 6.7395772934, "dvar": 0.0956557616591}, "pitch_salience": {"dvar2": 0.0102578625083, "var": 0.0125816790387, "min": 0.0438490100205, "dmean": 0.0693590566516, "mean": 0.433722764254, "max": 0.981110095978, "dmean2": 0.115266449749, "median": 0.432065963745, "dvar": 0.00388479232788}, "erbbands_spread": {"dvar2": 265.185211182, "var": 386.582397461, "min": 0.839133918285, "dmean": 8.61592102051, "mean": 28.3788452148, "max": 120.998413086, "dmean2": 12.9779968262, "median": 24.6705284119, "dvar": 119.732017517}, "dynamic_complexity": 4.86595916748, "spectral_contrast_valleys": {"dvar2": [0.369142562151, 0.312508136034, 0.291882514954, 0.395988881588, 0.473556399345, 0.646326839924], "var": [12.3830003738, 9.96368026733, 8.46731472015, 8.45976829529, 8.7534532547, 7.13579797745], "min": [-28.3544826508, -28.3292064667, -28.2116069794, -27.7238254547, -27.5113201141, -27.4119873047], "dmean": [0.404427438974, 0.36411434412, 0.356226354837, 0.375776380301, 0.370786398649, 0.408369511366], "mean": [-8.4024105072, -8.28838157654, -9.0436372757, -9.53392601013, -9.3489484787, -12.0572967529], "max": [-4.72131967545, -4.64087820053, -5.46646738052, -5.98251056671, -5.51018810272, -7.95505237579], "dmean2": [0.655073523521, 0.575636446476, 0.552232205868, 0.560799300671, 0.51932489872, 0.560252547264], "median": [-7.39653015137, -7.48087215424, -8.47620391846, -8.92643737793, -8.8333530426, -11.6269769669], "dvar": [0.18810659647, 0.155447334051, 0.154113158584, 0.2046200037, 0.260121762753, 0.343312174082]}, "hfc": {"dvar2": 401.858184814, "var": 292.583374023, "min": 1.05803739092e-16, "dmean": 6.26996612549, "mean": 13.6150417328, "max": 173.704330444, "dmean2": 9.48719120026, "median": 8.74759483337, "dvar": 169.70753479}, "spectral_kurtosis": {"dvar2": 40.370300293, "var": 39.75390625, "min": -1.26322078705, "dmean": 3.48046135902, "mean": 8.08827495575, "max": 55.7842330933, "dmean2": 5.96114587784, "median": 6.42643165588, "dvar": 14.7142744064}, "mfcc": {"mean": [-738.178894043, 140.294631958, -8.09094905853, 22.5625648499, 2.20698308945, -1.77571618557, 4.46639585495, 8.84629154205, -2.37376642227, 4.26082468033, 2.60649991035, 3.65809869766, 8.84974002838], "cov": [[17200.8203125, 2998.51489258, 723.373535156, 2175.28833008, 905.923583984, 612.654968262, 349.712768555, 228.001602173, -176.797393799, 87.4369277954, 27.7147827148, 92.5656509399, -35.0401878357], [2998.51489258, 2484.70092773, -219.662078857, 633.08972168, 203.441345215, -122.31262207, -88.6672058105, -201.332748413, -267.623046875, -28.3971672058, 74.0339355469, 148.650054932, 218.226135254], [723.373535156, -219.662078857, 1537.23144531, 639.601745605, 498.421508789, 541.996276855, 80.7995986938, 120.890861511, 245.363510132, 143.098388672, 70.5543136597, 69.8851242065, -64.0933990479], [2175.28833008, 633.08972168, 639.601745605, 1157.9152832, 647.169067383, 481.417114258, 192.094329834, 1.11867809296, -26.7677116394, 32.4330406189, 49.1619606018, 114.578826904, 137.190933228], [905.923583984, 203.441345215, 498.421508789, 647.169067383, 556.69317627, 425.972595215, 210.409423828, 64.9019546509, 15.2421112061, 22.4322853088, 18.6641845703, 52.8510627747, 86.2299957275], [612.654968262, -122.31262207, 541.996276855, 481.417114258, 425.972595215, 587.135375977, 325.495300293, 128.002960205, 24.0306682587, -3.65697216988, -1.10691869259, 34.6374855042, 65.9448623657], [349.712768555, -88.6672058105, 80.7995986938, 192.094329834, 210.409423828, 325.495300293, 385.330474854, 149.858444214, -35.7456054688, -53.26820755, -33.0980415344, -12.8665485382, 67.6563568115], [228.001602173, -201.332748413, 120.890861511, 1.11867809296, 64.9019546509, 128.002960205, 149.858444214, 261.233001709, 103.103820801, -19.7898921967, -51.185295105, -48.1458358765, -41.1334381104], [-176.797393799, -267.623046875, 245.363510132, -26.7677116394, 15.2421112061, 24.0306682587, -35.7456054688, 103.103820801, 248.080810547, 93.0915527344, -2.89440464973, -26.58253479, -79.1971054077], [87.4369277954, -28.3971672058, 143.098388672, 32.4330406189, 22.4322853088, -3.65697216988, -53.26820755, -19.7898921967, 93.0915527344, 177.826568604, 85.3241424561, -8.65205764771, -50.0727462769], [27.7147827148, 74.0339355469, 70.5543136597, 49.1619606018, 18.6641845703, -1.10691869259, -33.0980415344, -51.185295105, -2.89440464973, 85.3241424561, 139.49055481, 46.0286254883, -5.98480415344], [92.5656509399, 148.650054932, 69.8851242065, 114.578826904, 52.8510627747, 34.6374855042, -12.8665485382, -48.1458358765, -26.58253479, -8.65205764771, 46.0286254883, 202.414047241, 107.665504456], [-35.0401878357, 218.226135254, -64.0933990479, 137.190933228, 86.2299957275, 65.9448623657, 67.6563568115, -41.1334381104, -79.1971054077, -50.0727462769, -5.98480415344, 107.665504456, 203.732894897]], "icov": [[0.000105648505269, -0.000109531523776, 1.71173996932e-05, -0.000235692670685, 0.000154743160238, -3.87567961297e-05, -3.89799970435e-05, -0.000181986877578, 0.000120292250358, -0.000154055698658, 0.000156721376698, -0.000100214041595, 0.000289304065518], [-0.000109531523776, 0.000783969357144, 5.66117378185e-05, -0.000308128888719, -0.00023605232127, 0.000600891129579, 0.000168049446074, 2.50285156653e-05, 0.000443508848548, 4.43446151621e-06, -0.000274073187029, 7.17522561899e-05, -0.000651095295325], [1.71173996932e-05, 5.66117378185e-05, 0.00168268964626, -0.00038044701796, -0.000300082523609, -0.0016775947297, 0.00119688769337, -0.000188039339264, -0.000945966690779, -0.000122219658806, -0.00023818736372, -0.000542710069567, 0.000844487396535], [-0.000235692670685, -0.000308128888719, -0.00038044701796, 0.00372893107124, -0.0032878566999, -0.000390242901631, 0.000261779205175, 0.000895595818292, -0.000157358168508, 0.000293421471724, -0.000273218378425, -6.96086644894e-05, -0.000689691922162], [0.000154743160238, -0.00023605232127, -0.000300082523609, -0.0032878566999, 0.00810699537396, -0.00278522446752, -0.000277849670965, -0.000641296384856, -6.64477629471e-05, -0.000754972279537, 0.000268606148893, 0.000490255129989, -0.000630489783362], [-3.87567961297e-05, 0.000600891129579, -0.0016775947297, -0.000390242901631, -0.00278522446752, 0.00842289719731, -0.00487386761233, 0.000346796354279, 0.000511018326506, 0.000240786554059, 3.49032197846e-05, -0.000307811598759, -0.000352713774191], [-3.89799970435e-05, 0.000168049446074, 0.00119688769337, 0.000261779205175, -0.000277849670965, -0.00487386761233, 0.0084517262876, -0.00365257915109, 0.00177738838829, -2.39945729845e-05, -0.000548367970623, 0.00123181566596, -0.00181744748261], [-0.000181986877578, 2.50285156653e-05, -0.000188039339264, 0.000895595818292, -0.000641296384856, 0.000346796354279, -0.00365257915109, 0.00838943757117, -0.00431998632848, 0.00234386720695, 0.000515027088113, 0.000335353717674, 0.00108027469832], [0.000120292250358, 0.000443508848548, -0.000945966690779, -0.000157358168508, -6.64477629471e-05, 0.000511018326506, 0.00177738838829, -0.00431998632848, 0.00980389956385, -0.00557064311579, 0.00312182330526, -0.00106179795694, 0.000849035859574], [-0.000154055698658, 4.43446151621e-06, -0.000122219658806, 0.000293421471724, -0.000754972279537, 0.000240786554059, -2.39945729845e-05, 0.00234386720695, -0.00557064311579, 0.0128653086722, -0.00776809919626, 0.00221034372225, 5.57464991289e-05], [0.000156721376698, -0.000274073187029, -0.00023818736372, -0.000273218378425, 0.000268606148893, 3.49032197846e-05, -0.000548367970623, 0.000515027088113, 0.00312182330526, -0.00776809919626, 0.0137392738834, -0.00393256079406, 0.00237682508305], [-0.000100214041595, 7.17522561899e-05, -0.000542710069567, -6.96086644894e-05, 0.000490255129989, -0.000307811598759, 0.00123181566596, 0.000335353717674, -0.00106179795694, 0.00221034372225, -0.00393256079406, 0.00895696971565, -0.00538563914597], [0.000289304065518, -0.000651095295325, 0.000844487396535, -0.000689691922162, -0.000630489783362, -0.000352713774191, -0.00181744748261, 0.00108027469832, 0.000849035859574, 5.57464991289e-05, 0.00237682508305, -0.00538563914597, 0.0108480164781]]}, "silence_rate_20dB": {"dvar2": 0.0188343115151, "var": 0.00368811422959, "min": 0, "dmean": 0.00660330150276, "mean": 0.996298491955, "max": 1, "dmean2": 0.0132079245523, "median": 1, "dvar": 0.00655965646729}, "melbands_kurtosis": {"dvar2": 1831.53857422, "var": 1968.48156738, "min": -1.86127817631, "dmean": 13.0968933105, "mean": 21.3416843414, "max": 1115.11254883, "dmean2": 20.2899551392, "median": 7.9521985054, "dvar": 840.947998047}, "barkbands_spread": {"dvar2": 78.0108718872, "var": 86.1290130615, "min": 0.230593636632, "dmean": 4.19114303589, "mean": 12.3738937378, "max": 117.227149963, "dmean2": 6.68537044525, "median": 10.0465240479, "dvar": 32.061832428}, "erbbands_skewness": {"dvar2": 0.8375223279, "var": 1.10552430153, "min": -4.62100791931, "dmean": 0.502029836178, "mean": 0.817626595497, "max": 8.59054851532, "dmean2": 0.778293788433, "median": 0.695343196392, "dvar": 0.333976447582}, "average_loudness": 0.761040866375, "spectral_centroid": {"dvar2": 194873.15625, "var": 2178439.25, "min": 114.188781738, "dmean": 215.706253052, "mean": 1195.99719238, "max": 11823.5058594, "dmean2": 353.903503418, "median": 959.960571289, "dvar": 79444.0390625}, "dissonance": {"dvar2": 0.00216538296081, "var": 0.00282081938349, "min": 0.184691131115, "dmean": 0.0296100787818, "mean": 0.420851141214, "max": 0.499830156565, "dmean2": 0.0479595325887, "median": 0.431455671787, "dvar": 0.000826474279165}, "erbbands_flatness_db": {"dvar2": 0.00165152538102, "var": 0.00627573905513, "min": 0.0484860613942, "dmean": 0.0268993694335, "mean": 0.225927650928, "max": 0.512137532234, "dmean2": 0.0377321727574, "median": 0.218350037932, "dvar": 0.000830533739645}, "spectral_strongpeak": {"dvar2": 2.03010010719, "var": 1.549934268, "min": 0, "dmean": 0.567377746105, "mean": 0.959836542606, "max": 11.7875137329, "dmean2": 0.938496887684, "median": 0.474345684052, "dvar": 0.869873583317}, "spectral_rms": {"dvar2": 8.12923371996e-06, "var": 1.33911571538e-05, "min": 3.08702802904e-12, "dmean": 0.00130540539976, "mean": 0.0050343349576, "max": 0.0243293512613, "dmean2": 0.00198349356651, "median": 0.00450439378619, "dvar": 4.08690402764e-06}, "silence_rate_60dB": {"dvar2": 0.0676872432232, "var": 0.136405095458, "min": 0, "dmean": 0.029814908281, "mean": 0.162965193391, "max": 1, "dmean2": 0.0596357807517, "median": 0, "dvar": 0.0289274528623}, "melbands": {"dvar2": [0.000154853551066, 0.000243188813329, 4.12178960687e-05, 7.35808782792e-07, 2.12127724808e-06, 3.8098744426e-07, 6.40297486143e-08, 7.97645753892e-08, 7.29882358996e-08, 2.89130692721e-08, 1.6559532412e-07, 4.05972343742e-07, 2.90601434472e-07, 9.70671720779e-08, 2.42009967621e-08, 6.80707490375e-09, 2.65331623339e-09, 9.85327486269e-10, 3.94063864873e-10, 6.29531704543e-10, 6.46379005875e-10, 4.46059467141e-10, 7.34062199914e-10, 6.51272313856e-10, 1.07825637308e-09, 9.62569468577e-10, 4.91266083369e-10, 3.22805893127e-10, 1.87273543895e-10, 2.72588424055e-10, 1.31602312381e-10, 1.42928363589e-10, 7.58204055096e-11, 4.61473602387e-11, 2.28508063166e-11, 9.68363063347e-12, 6.44867015689e-12, 4.15378668961e-12, 1.21365396032e-12, 3.81396330533e-13], "var": [0.000103339996713, 9.13853218663e-05, 1.24172156575e-05, 2.94131382361e-07, 7.58507837872e-07, 4.58098668332e-07, 2.32598765137e-07, 2.05397896025e-07, 1.27245471049e-07, 7.35138456776e-08, 3.1846929005e-07, 5.92585195136e-07, 2.87976860136e-07, 8.64150209168e-08, 2.34881749606e-08, 6.10479355956e-09, 1.70306335701e-09, 7.7477713134e-10, 2.32643238007e-10, 3.70200731181e-10, 3.76299491567e-10, 2.73519373817e-10, 3.7919567486e-10, 2.90012430737e-10, 5.2155874064e-10, 4.01293109853e-10, 1.58317386978e-10, 1.13063766682e-10, 7.37698097053e-11, 7.80858572247e-11, 5.40295551354e-11, 5.04029942783e-11, 2.72331931311e-11, 1.84039779944e-11, 8.46951155042e-12, 4.08706879104e-12, 3.02643934219e-12, 2.15330964864e-12, 6.15429202825e-13, 1.93499391315e-13], "min": [1.06757285861e-24, 1.128901765e-24, 7.19178356273e-25, 1.32645679314e-24, 8.99112499765e-25, 1.20571374299e-24, 1.29426397124e-24, 7.3037258834e-25, 9.02514265204e-25, 1.58913672635e-24, 2.20547030033e-24, 1.12438711404e-24, 2.42296891545e-24, 2.69514111332e-24, 3.31278429501e-24, 3.24015367425e-24, 2.74821390009e-24, 2.76910688116e-24, 3.62492235571e-24, 2.31414082041e-24, 3.03500704319e-24, 4.09356371469e-24, 1.99104469287e-24, 2.9845489359e-24, 3.20856906412e-24, 3.32593026757e-24, 4.62001201194e-24, 4.64371530999e-24, 3.41683938715e-24, 4.42565403984e-24, 4.62272135472e-24, 4.2088999122e-24, 4.62675716711e-24, 4.90243604892e-24, 4.75345138393e-24, 5.08990884305e-24, 6.28042301133e-24, 5.6188452076e-24, 5.98143526192e-24, 5.41380763656e-24], "dmean": [0.00359319476411, 0.0039295158349, 0.00110643752851, 0.000177314024768, 0.000194420063053, 0.000191733575775, 0.000116662122309, 0.000114754548122, 7.92902501416e-05, 5.24954957655e-05, 9.37862423598e-05, 0.000135692578624, 0.000109272448753, 6.06386747677e-05, 2.87832026515e-05, 2.00112062885e-05, 1.06521847556e-05, 9.4784236353e-06, 6.26713790552e-06, 7.7363465607e-06, 7.49206992623e-06, 5.61060369364e-06, 7.79232323112e-06, 6.92099229127e-06, 7.50981780584e-06, 6.90054139341e-06, 4.54731798527e-06, 3.41027794093e-06, 2.20723995881e-06, 2.26450583796e-06, 1.85679334663e-06, 1.7920232267e-06, 1.3526538396e-06, 1.1207149555e-06, 8.25502070256e-07, 5.22549328252e-07, 4.09130706203e-07, 3.25587876659e-07, 2.06619716892e-07, 1.30294850464e-07], "mean": [0.0045311152935, 0.00485756341368, 0.00141066906508, 0.000294844881864, 0.000281451793853, 0.000438958930317, 0.000331802351866, 0.000280934997136, 0.000165434656083, 0.000101579847978, 0.000157148300787, 0.000213197607081, 0.00017048920563, 9.23519983189e-05, 4.38872521045e-05, 3.03333672491e-05, 1.53176806634e-05, 1.37164088301e-05, 8.78355604073e-06, 1.10761875476e-05, 1.07252599264e-05, 8.16359352029e-06, 1.0431193914e-05, 8.8971819423e-06, 9.88942792901e-06, 8.92451771506e-06, 5.37146297575e-06, 3.59507316716e-06, 2.07688526643e-06, 1.9319279545e-06, 1.69807901784e-06, 1.53945336479e-06, 1.16985506793e-06, 9.93236653812e-07, 7.228160257e-07, 5.33587012796e-07, 4.19713529709e-07, 3.29341332872e-07, 2.33671073602e-07, 1.42532670111e-07], "max": [0.0868373066187, 0.150338202715, 0.0598210729659, 0.00823185965419, 0.0137858241796, 0.00754337804392, 0.00458441209048, 0.00604209536687, 0.00520098861307, 0.00624028313905, 0.0151719199494, 0.0184563957155, 0.0115159461275, 0.00534049980342, 0.00322974147275, 0.00153787783347, 0.00109815876931, 0.00048703327775, 0.000312712567393, 0.000442827586085, 0.000325551402057, 0.000270870368695, 0.000380371202482, 0.000250902754487, 0.000294666853733, 0.000265464157565, 0.00020342314383, 0.000235820334638, 0.000286186550511, 0.000235169951338, 0.000118225740152, 0.000192262610653, 0.000103197198769, 8.15433013486e-05, 4.3249958253e-05, 4.49357285106e-05, 3.63803701475e-05, 2.43919075729e-05, 1.57709855557e-05, 6.44218425805e-06], "dmean2": [0.00548723572865, 0.00679204007611, 0.00190735678189, 0.000304223853163, 0.000325002154568, 0.000272823235719, 0.000147174680023, 0.00014396145707, 0.00010384756024, 7.11370666977e-05, 0.000126436032588, 0.000189515500097, 0.000160569266882, 8.85832414497e-05, 4.20859469159e-05, 3.02647622448e-05, 1.7142674551e