{"tonal": {"thpcp": [1, 0.532839536667, 0.204427808523, 0.129588514566, 0.10341424495, 0.270774483681, 0.404701560736, 0.25811702013, 0.114199228585, 0.0929904878139, 0.123315170407, 0.277363628149, 0.383180528879, 0.295748233795, 0.324493467808, 0.361860334873, 0.201698020101, 0.11640701443, 0.131945461035, 0.178357467055, 0.542391479015, 0.765110135078, 0.395626306534, 0.108092203736, 0.0856960192323, 0.100170515478, 0.269395291805, 0.45397284627, 0.320787370205, 0.118329435587, 0.0679858475924, 0.0714408308268, 0.15088211, 0.221345767379, 0.291543662548, 0.763175427914], "hpcp": {"dmean2": [0.198282584548, 0.200017258525, 0.180189430714, 0.164297550917, 0.141358748078, 0.122764475644, 0.13998439908, 0.176379084587, 0.244793012738, 0.255018383265, 0.210622623563, 0.121918402612, 0.0982942581177, 0.108702838421, 0.153341293335, 0.181219890714, 0.167090907693, 0.10572001338, 0.0748959258199, 0.0777920559049, 0.119081936777, 0.150249898434, 0.195773884654, 0.307983756065, 0.295518875122, 0.273813933134, 0.189548701048, 0.144272342324, 0.118416517973, 0.163251772523, 0.182144090533, 0.158303722739, 0.123106762767, 0.111979842186, 0.136162370443, 0.189137369394], "median": [0.0503503419459, 0.037844017148, 0.0179734490812, 0.0122621711344, 0.0094615034759, 0.0098630990833, 0.00963041558862, 0.0183156114072, 0.125664502382, 0.202620103955, 0.0994314551353, 0.00775387883186, 0.00404142495245, 0.00649150134996, 0.0271544139832, 0.0408887863159, 0.0306660141796, 0.0120252138004, 0.00544745242223, 0.00434656022117, 0.0123973535374, 0.0176647417247, 0.0612246505916, 0.218447953463, 0.303766667843, 0.148442223668, 0.00927950907499, 0.00417356193066, 0.00565307261422, 0.0351329706609, 0.0601860396564, 0.0351038649678, 0.0052615753375, 0.00457338290289, 0.00780908204615, 0.0340939201415], "min": [0, 0, 0, 0, 0, 0, 0, 0, 0, 0, 0, 0, 0, 0, 0, 0, 0, 0, 0, 0, 0, 0, 0, 0, 0, 0, 0, 0, 0, 0, 0, 0, 0, 0, 0, 0], "dvar2": [0.098379060626, 0.101155795157, 0.090587861836, 0.0831752121449, 0.0706075057387, 0.0774846374989, 0.0923654437065, 0.107047103345, 0.10137963295, 0.106314629316, 0.0926419794559, 0.0733427628875, 0.0614069476724, 0.0626954138279, 0.0771192535758, 0.0916965529323, 0.0769058018923, 0.048983566463, 0.0400415696204, 0.0422942601144, 0.0650640055537, 0.07993812114, 0.0842957571149, 0.127405524254, 0.131944000721, 0.113015405834, 0.10903327167, 0.0933138653636, 0.0679468438029, 0.0808348432183, 0.0832333490252, 0.0788478776813, 0.0773593559861, 0.0691245272756, 0.081966675818, 0.0998563989997], "dvar": [0.0396980457008, 0.0366755463183, 0.0335174202919, 0.0354057513177, 0.0255944561213, 0.0271326974034, 0.0334162116051, 0.0392999649048, 0.0389506928623, 0.0442553982139, 0.0342452600598, 0.0264040827751, 0.022340586409, 0.0223913174123, 0.0284658391029, 0.0402119345963, 0.0312599427998, 0.0179785694927, 0.0140746645629, 0.0153874456882, 0.0246615130454, 0.0304657053202, 0.0312259439379, 0.0472857393324, 0.0549470745027, 0.0428626015782, 0.0444679968059, 0.0342690832913, 0.0236865673214, 0.029821747914, 0.0345698557794, 0.030619090423, 0.0279030278325, 0.0242122914642, 0.0289146136492, 0.0376199558377], "dmean": [0.115895725787, 0.114441871643, 0.104456737638, 0.0967796444893, 0.0795031562448, 0.0665722712874, 0.0760977491736, 0.0971398502588, 0.14517916739, 0.152069658041, 0.122306391597, 0.0660215839744, 0.0530075915158, 0.0594701617956, 0.0887681171298, 0.10851226002, 0.0983367487788, 0.0595238283277, 0.0403668358922, 0.0427963994443, 0.0671825483441, 0.0852096006274, 0.111512057483, 0.177503034472, 0.173001766205, 0.159688264132, 0.107382521033, 0.0786714479327, 0.0639898627996, 0.0951061546803, 0.109378881752, 0.0930904522538, 0.0669752955437, 0.0599590912461, 0.0740393996239, 0.106846727431], "max": [1, 1, 1, 1, 1, 1, 1, 1, 1, 1, 1, 1, 1, 1, 1, 1, 1, 1, 1, 1, 1, 1, 1, 1, 1, 1, 1, 1, 1, 1, 1, 1, 1, 1, 1, 1], "var": [0.0706007182598, 0.0447825565934, 0.0625931024551, 0.086613535881, 0.0302231963724, 0.0188178066164, 0.0238862931728, 0.0297027379274, 0.0693163797259, 0.114799506962, 0.0423454605043, 0.018246198073, 0.0156858563423, 0.0156452544034, 0.040034212172, 0.0983477830887, 0.0547555200756, 0.0151061862707, 0.0093941912055, 0.0109218368307, 0.0247484315187, 0.0410471595824, 0.0361763723195, 0.103315807879, 0.156144291162, 0.0625780373812, 0.0437707640231, 0.0261319056153, 0.0163600388914, 0.0413790680468, 0.0717351958156, 0.0398908257484, 0.0218562595546, 0.0160731561482, 0.0207314323634, 0.0455694645643], "mean": [0.170029476285, 0.131232976913, 0.143988147378, 0.160569027066, 0.0894998759031, 0.0516535229981, 0.0585484281182, 0.0791429281235, 0.240676492453, 0.339503884315, 0.175552070141, 0.04796397686, 0.0380260720849, 0.0444488674402, 0.119539320469, 0.201442301273, 0.142343640327, 0.0525065623224, 0.0301674995571, 0.0317005850375, 0.0669512301683, 0.0982182100415, 0.129367262125, 0.338645398617, 0.443732053041, 0.236437991261, 0.0907111689448, 0.0575025752187, 0.0458882153034, 0.120151311159, 0.179579049349, 0.114534795284, 0.0506738573313, 0.0412628613412, 0.0547188930213, 0.123075127602]}, "tuning_equal_tempered_deviation": 0.0112298866734, "chords_changes_rate": 0.0468997024, "key_key": "F", "tuning_diatonic_strength": 0.71274459362, "key_scale": "major", "chords_number_rate": 0.00140523444861, "tuning_frequency": 440.254241943, "tuning_nontempered_energy_ratio": 0.650147497654, "chords_histogram": [50.0966110229, 0.755313515663, 13.4902515411, 0, 4.2157034874, 0.228350609541, 0.0702617242932, 0, 0, 0, 0, 0, 0, 0, 0, 0.597224652767, 0, 7.00860691071, 0, 2.96855783463, 0, 1.86193573475, 11.5580539703, 7.14913034439], "key_strength": 0.884736478329, "chords_key": "F", "chords_strength": {"dmean2": 0.00708565348759, "median": 0.512251973152, "min": 0.23979896307, "dvar2": 4.48272330686e-05, "dvar": 4.34077046521e-05, "dmean": 0.00774552626535, "max": 0.733844399452, "var": 0.00762509414926, "mean": 0.508017122746}, "chords_scale": "major", "hpcp_entropy": {"dmean2": 0.920358479023, "median": 1.83469104767, "min": 0, "dvar2": 0.628119826317, "dvar": 0.240814357996, "dmean": 0.557360589504, "max": 4.36625862122, "var": 0.516063511372, "mean": 1.81114292145}}, "metadata": {"audio_properties": {"equal_loudness": 0, "codec": "mp3", "downmix": "mix", "sample_rate": 44100, "analysis_sample_rate": 44100, "bit_rate": 128000, "md5_encoded": "047b76ba1af08c3fd4bb6fc06fe6dba5", "length": 264.333068848, "replay_gain": -6.01142120361, "lossless": false}, "version": {"essentia_build_sha": "2d9f1f26377add8aeb1075a9c2973f962c4f09fd", "essentia": "2.1-beta2", "extractor": "music 1.0", "essentia_git_sha": "v2.1_beta2-1-ge3940c0"}, "tags": {"title": ["It's All the Same to Me"], "acoustid_fingerprint": ["AQADtDGVRLkSrFNO9A_ESAd36Elq3EHvQj2O_mhqvNmFeiyc5eBn4Qt-nMYpPN1h9sP5QC-sqcWP8xCP3Ed__NjZoznRH2eO_9h99OFxGn6OvHgzHU0dPMcN5odr9Ivx6IOO5ujD4MdDaG_Q_kEfozkI5skiQUvFD_GOHtSl5uglXAIPhvvgKvgnvEyRQ5yJN3HRjsdfQqeO8PAP-jiuExfSD_qRB37R39jl4Ud5Y8pxJkd-nDnEPMbTHTp-nEeP5gH3Q97woil66HhOND8qiRc6Fo0U6AyNoycJHxdR_1CbRMe14GRgKUqO78iH4w3R44OjI4e1o1p1nMGeC22qo7mMY9x-aDmFUkf2F031oT-uJMepH-v2o1VwHf5V9MfJ48mRHLmUSRR8lNExRZEm_PjQnLkQ7sOhKzmhJ8oMf8OF8DEazSTOo38cNBPeoA-oH8zDo_fhIdKUG3qOZ8anNfDDDzcenVECPflh5sPDhwTu44euCX4-XDysZKmgHldxodmLfEf94yG-GeHyKmieRYJKwU2yIw-aMXnQH7t_NFdTtFyH5sEk__hSVAtHeEc_Ihd5qGJG5E-Fho-KPsezaDPu4JouOM6VID8BPz_e4sqHPwrEnXiI-Mtx4lSKpr1QbVJW5IkP9R3C50W7o3zwhHB3-Dz-oB_GB2DyHBMphLmESUwYQ55y3GCeC6rxw3UkdEqEcxHaQ0rU4ztkhtDRUM3RZ_hxdFLCI8yHH1keiBd-sESeI98Gc1Egukde0DsQHuchMxmF8GjK4cG54Lgloq_R8CXy9qjMQ9TU4wqPxodyXfjw-cIk9cGPf4UnEfmio_QV4yPYZ0SljIf_4U8OPwdP1AquHMePlkuDppTxXMj_BKOzB80FzcfTD98OvccnuHEHhSeeFM0vMFfxC8_RbJk49A-u_PjA6EOz4Myx61uRhtFS7NLwotnngP-ML-g7cDvy6WiTDx6ZLZh-PDmON0G5Gg2jQLWOk0SOPsP2JQPTRwt--DL-HESOZNUwZdI0PDT-4Qn-wVGONz9OoTea4kb0HGJy40X2PDgaG9Vj4jqD7hbSX3hDHD2O8nhl-EEXPtA7hDuaEaeLUoLZw-MvhFakIzkeDW_I4D2uT0fzDO163CzSs9C8HE11BbmYYItEPHm04w88HWemhVjLHLngWKbwBFfcQEd4MHlwPM2EK3twPciS_NCu4btxLfmQ50Fz1GLw4bTRbMtstPuQS88yaF6J1IW7lygphUHrp2h-XMeVJriOPguD5pGE4yY-LZh6OC-u40G8ZcelHN2UcXigo3awjTrq4eQh_Whvw5MqaMeLrnA1HX0iDkcfyDnCrk1wlcjy9PCFkjSeKEd_fC-uE_7xLriJd8ePa6rgL0h59C_-CE1oC_2MnLgCUZ7xF3lQO1XQxLRwBvEvKJeOVI2S49bx_MaLOw_8CTtJPIuOB82IPj2Ry0he_OiYXPhoNO1E4z3e5KjoF02mbkhePB_COEwTMDt-HA0lIlyP84JOhHksox6u4zTKZkbzxeCOT8yRXHMQK_vwHfUVNP-IX0_wXMGRKJluhE6F68gPPw_0y0IeHpckWG-H4_yRE5r1IczzgGeOL3Hx_uCoI02arBGePAJCPmierDgewvUqvNmRx2kI0bEk5FKig8mFnj7qJA-aOrgIXoZnhccfxEuOh_iO5jm648eV8Gh69DqYxETZR6j34g0P5eVgRT8qTofq40kRZg-mZ-gJanIchE3y4N4OHXcWdJowhbFwJsf7QrlEKWiOLJ-xRzkuPXiOHs1zXEieF-eKND8e8vhyTI_QHFk6xkEydsb7gMmP8vgDVrsIP0i-psjzH1eS47qCZ0qM48kRKjm0-PhxhfBO0Ef6H396vDvO7nDcY8-Le5iCUFotyIpyVO7hQ8ePo6Jy4cHRHP1x6fjRH-6P8MGH0D2sJcnwHeGnAz-a_aioPHhwJkFPwsuSo9SD48efLrgeBc2P8kIb5Uh3_DiMF_UePIdOonlyoSeOb0ff4coDj4mCiseFRtSCSol45B_6obmPH0-y4fIxeofHPPiS41GiNcfFw49UHKcaBnmUWbiNLpSM5oOeYr0U5CgXGg0zjvgphAsh5hJKHS9RbUd6DswbITf-oG-gpRriMT92Hr9Q-5giptJxKgOYvDGmL8ePQD8iiUoCN5EcotOjJDiDI8_B_xCb-Yj9IPp3_B2e5Sgp6dDyEG8Oq8WV46FQXhDVXuj14aKEyypa2UGY_QriNBfuQ0sdIuQd_MHUXvhBPUaPmJClIzwPajqFnhZy5dBP4lKDMNGN8PHwI_mLUymuHc6P5xL6a2j24dhzaFRdmNNQ9sfNBP_w_KiEMA_0Iyca7ZiQ8xDjHFKt4M6OvPvR67i0B17ECvUTHHePUAnzoeE96MoZ1Id4Bu8sqNsu5LMFbylqZRZ-dGGuocmj4hlqw86jw8epHs1ybcFzJBM1hDkp3IMvXAwz7GGDZsfDTYZzHSk_EhrxPMH_4LtwJ_CCWU7x9PghJQ-Km8LDPLiSr6j-o9GoDP_wC3ouhHzh--g1PCOYeDkqnsHDL0HysESYRsfFolGZ44-Vo7yM5nuKx0F-6IefLAt0gj-aB_oa3Mhxu8gxiWI6aD_WR8iD45MBAJRQRAhhuDFAAEMAZUoIQZBxhDFygEAWIQKEIlQQQoAADAkkgDOGAKIAQMAxAYAQAAipgSAMUGCES0IQQRxhTgCiLAIcCWOYMUgJo4wxghGlgFJIGUAYA8YIAISmABFEBFEkBOYcYsoJBYgDADGBCFEMEAEAIQwIIogjxihhmHSAQAgUUGAQA5ClAggkmCCQGQOIAMYAIggQziACgKGIAUSUYIA4IIEQgACADBAQGQMIE0whIYSAgABGlFFKAUQQQAAJY5BCgAlCDGBQAQSooEIg44RgiAJgHACEKOEEYYwB0QggAgiiBCBMGAiEQUAJAgAYQhBmAEKEYGEsIkAQAAACwAAgGAMCEWYUQYgILggUQjmAgBEMCKAIEwwRSAZQzhADiHHMgEKMAAIAYIhkhCBAEDFEMG4sAkxQJ4QAWAkFAALAKSAEAUIYq4BghHABWEKCAUKEEIAIRx0yAgghFBQEASEQIEwhRQlTCghmBANEBKGgAIAgxpBQAkjACAXIAESwAI4ACJ1BBAIhADFECAEINcwQITQAQhgmhACIEYA4okggZBgAQgADCAFEAAAAAIERRhEQwAhgAAFAAUAIMIgAZYwDDBFBhDFCEMgEIkg4gIQXlADAgAHAGCQENEIIBQQGABFkpBCQEOIsAMgoJ4xwQGENhRDEMACAAAAgwASlRCjMJDJOEGEAIAAJYIA0QoJJrFAWECMcQ4ABIowwSBGjiSMKCePgQgBIQIwyRGjGhFISCEAAUkYRJASlSCCAGCLIQAGQAZQQJYyQDACnFAIAQCCEEYRBARAhRAkOOFkEAGMIMAIQhpQVhCADAREICEKAEQ4ZKQVDygBhFFBCEAkAA8IgwIQwRAoCBEOKCAAQBUAYAwAAAgGAEAVKACAUIAIQCAwDQAAABAQKKCIMYQAhBABDAAFmAFIAAQIAAAoBJ5EQjCABgEMEAOAAQcYgAAQwACDQQEFEcQU"], "date": ["1997"], "genre": ["Country"], "musicbrainz album type": ["Compilation"], "musicip_puid": ["b1a00f06-9d5c-4166-5bad-64fa9ba7b82b"], "musicbrainz_recordingid": ["d782e34c-29be-4dc1-b07e-8bbea5941438"], "musicbrainz_albumid": ["d007d8a3-cde1-466c-9d4a-83dd8bb30836"], "artist": ["Billy Ray Cyrus"], "tracknumber": ["01/12"], "bpm": ["108.01"], "album": ["The Best of Billy Ray Cyrus: Cover to Cover"], "musicbrainz album release country": ["United States"], "acoustid_id": ["a46ac2b1-52bc-4273-950d-6350a38e948d"], "file_name": "Billy Ray Cyrus - It's All the Same to Me.mp3"}}, "rhythm": {"bpm_histogram_first_peak_bpm": {"dmean2": 0, "median": 108, "min": 108, "dvar2": 0, "dvar": 0, "dmean": 0, "max": 108, "var": 0, "mean": 108}, "bpm": 107.917938232, "bpm_histogram_second_peak_spread": {"dmean2": 0, "median": 0.100000023842, "min": 0.100000023842, "dvar2": 0, "dvar": 0, "dmean": 0, "max": 0.100000023842, "var": 0, "mean": 0.100000023842}, "bpm_histogram_first_peak_weight": {"dmean2": 0, "median": 0.784355163574, "min": 0.784355163574, "dvar2": 0, "dvar": 0, "dmean": 0, "max": 0.784355163574, "var": 0, "mean": 0.784355163574}, "onset_rate": 3.20411491394, "beats_position": [0.603718817234, 1.20743763447, 1.77632653713, 2.34521532059, 2.90249419212, 3.44816327095, 3.99383211136, 4.55111122131, 5.10838985443, 5.66566896439, 6.2229475975, 6.78022670746, 7.33750534058, 7.89478445053, 8.45206356049, 9.0093421936, 9.56662082672, 10.1239004135, 10.6695690155, 11.2152376175, 11.7725172043, 12.3297958374, 12.8870744705, 13.4443531036, 14.0016326904, 14.5589113235, 15.1161899567, 15.6734695435, 16.2307472229, 16.7880268097, 17.3453063965, 17.8909740448, 18.4366436005, 18.9939231873, 19.5512008667, 20.1084804535, 20.6657600403, 21.2230377197, 21.7803173065, 22.3375968933, 22.8948745728, 23.4521541595, 24.009431839, 24.5667114258, 25.1123809814, 25.6580486298, 26.2153282166, 26.7726078033, 27.3298854828, 27.8871650696, 28.4444446564, 29.0017223358, 29.5590019226, 30.1162815094, 30.6735591888, 31.2308387756, 31.7881164551, 32.3337860107, 32.8794555664, 33.4367332458, 33.99401474, 34.5512924194, 35.1085700989, 35.6658477783, 36.2231292725, 36.7804069519, 37.3376846313, 37.8949661255, 38.4406356812, 38.9863014221, 39.5435829163, 40.1008605957, 40.6697502136, 41.2270278931, 41.7726974487, 42.3299751282, 42.8872566223, 43.4445343018, 44.0018119812, 44.5590934753, 45.139591217, 45.6968688965, 46.2541503906, 46.8114280701, 47.3687057495, 47.9259872437, 48.4832649231, 49.0405426025, 49.5978240967, 50.1551017761, 50.7123794556, 51.269657135, 51.8269386292, 52.3609962463, 52.9298858643, 53.4755554199, 54.0444450378, 54.6133308411, 55.1590003967, 55.7046699524, 56.2619476318, 56.819229126, 57.3765068054, 57.9105644226, 58.4446258545, 59.0019035339, 59.5591812134, 60.1164627075, 60.673740387, 61.2310180664, 61.7882995605, 62.34557724, 62.9028549194, 63.4601364136, 64.0058059692, 64.563079834, 65.1087493896, 65.6660308838, 66.2233123779, 66.7805862427, 67.3378677368, 67.895149231, 68.4524230957, 69.0097045898, 69.566986084, 70.1242599487, 70.6815414429, 71.238822937, 71.7960968018, 72.3533782959, 72.91065979, 73.4563217163, 74.001991272, 74.5592727661, 75.1165542603, 75.673828125, 76.2311096191, 76.7883911133, 77.3340606689, 77.8797302246, 78.4370040894, 78.9942855835, 79.5515594482, 80.1088409424, 80.6661224365, 81.2233963013, 81.7806777954, 82.3379592896, 82.8952331543, 83.4525146484, 84.0097961426, 84.5670700073, 85.1243515015, 85.6816329956, 86.2273025513, 86.784576416, 87.3302459717, 87.8875274658, 88.44480896, 89.0020828247, 89.5593643188, 90.116645813, 90.6739196777, 91.2312011719, 91.788482666, 92.3457565308, 92.9030380249, 93.460319519, 94.0175933838, 94.5632629395, 95.1089324951, 95.6662139893, 96.223487854, 96.7807693481, 97.3380508423, 97.895324707, 98.4526062012, 99.0098876953, 99.5671615601, 100.112831116, 100.658500671, 101.215782166, 101.77305603, 102.330337524, 102.887619019, 103.444892883, 104.002174377, 104.559455872, 105.116729736, 105.67401123, 106.219680786, 106.765350342, 107.322631836, 107.879905701, 108.448799133, 109.017684937, 109.574966431, 110.109024048, 110.677909851, 111.223579407, 111.804077148, 112.361358643, 112.907028198, 113.452697754, 114.009971619, 114.567253113, 115.124534607, 115.670204163, 116.215873718, 116.773147583, 117.330429077, 117.887710571, 118.444984436, 119.00226593, 119.559547424, 120.116821289, 120.674102783, 121.231384277, 121.788658142, 122.345939636, 122.90322113, 123.460494995, 124.017776489, 124.575057983, 125.12071991, 125.678001404, 126.235282898, 126.780952454, 127.338226318, 127.895507813, 128.452789307, 129.010070801, 129.567337036, 130.12461853, 130.681900024, 131.22756958, 131.773239136, 132.33052063, 132.887802124, 133.445083618, 134.002349854, 134.559631348, 135.116912842, 135.674194336, 136.23147583, 136.788757324, 137.34602356, 137.903305054, 138.460586548, 139.006256104, 139.551925659, 140.109207153, 140.666488647, 141.223754883, 141.781036377, 142.338317871, 142.895599365, 143.452880859, 144.010162354, 144.567428589, 145.113098145, 145.670379639, 146.216049194, 146.773330688, 147.330612183, 147.887893677, 148.445159912, 149.002441406, 149.5597229, 150.117004395, 150.674285889, 151.231567383, 151.788833618, 152.346115112, 152.891784668, 153.437454224, 153.994735718, 154.552017212, 155.109298706, 155.6665802, 156.223846436, 156.78112793, 157.338409424, 157.895690918, 158.464584351, 159.010253906, 159.567520142, 160.124801636, 160.68208313, 161.239364624, 161.773422241, 162.330703735, 162.887985229, 163.445251465, 164.002532959, 164.559814453, 165.117095947, 165.674377441, 166.231658936, 166.788925171, 167.334594727, 167.891876221, 168.437545776, 168.994827271, 169.552108765, 170.109390259, 170.666656494, 171.223937988, 171.781219482, 172.338500977, 172.895782471, 173.453063965, 174.0103302, 174.567611694, 175.11328125, 175.658950806, 176.2162323, 176.773513794, 177.342407227, 177.899673462, 178.445343018, 179.002624512, 179.559906006, 180.1171875, 180.674468994, 181.231735229, 181.789016724, 182.346298218, 182.903579712, 183.449249268, 183.994918823, 184.552200317, 185.109481812, 185.666748047, 186.224029541, 186.781311035, 187.338592529, 187.895874023, 188.453155518, 188.987213135, 189.54447937, 190.101760864, 190.659042358, 191.216323853, 191.773605347, 192.330886841, 192.888153076, 193.44543457, 194.002716064, 194.54838562, 195.094055176, 195.65133667, 196.208618164, 196.765899658, 197.323165894, 197.880447388, 198.437728882, 198.995010376, 199.55229187, 200.109558105, 200.6668396, 201.224121094, 201.781402588, 202.338684082, 202.884353638, 203.430023193, 203.987304688, 204.544570923, 205.101852417, 205.659133911, 206.216415405, 206.773696899, 207.330978394, 207.888244629, 208.445526123, 209.002807617, 209.560089111, 210.117370605, 210.6746521, 211.231918335, 211.789199829, 212.334869385, 212.892150879, 213.461044312, 214.018310547, 214.575592041, 215.121261597, 215.666931152, 216.224212646, 216.781494141, 217.338775635, 217.896057129, 218.453323364, 219.010604858, 219.556274414, 220.113555908, 220.659225464, 221.216506958, 221.773788452, 222.331054688, 222.888336182, 223.445617676, 224.00289917, 224.548568726, 225.094238281, 225.651519775, 226.20880127, 226.766067505, 227.323348999, 227.880630493, 228.437911987, 228.995193481, 229.552474976, 230.109741211, 230.667022705, 231.224304199, 231.781585693, 232.338867188, 232.896133423, 233.453414917, 233.999084473, 234.544754028, 235.102035522, 235.659317017, 236.216598511, 236.773880005, 237.33114624, 237.888427734, 238.445709229, 239.002990723, 239.560272217, 240.117553711, 240.674819946, 241.23210144, 241.777770996, 242.33505249, 242.880722046, 243.43800354, 243.995285034, 244.55255127, 245.109832764, 245.667114258, 246.224395752, 246.781677246, 247.33895874, 247.896224976, 248.45350647, 249.010787964, 249.568069458, 250.113739014, 250.659408569, 251.216690063, 251.773956299, 252.331237793, 252.888519287, 253.445800781, 254.003082275, 254.56036377, 255.117630005, 255.674911499, 256.220581055, 256.777862549, 257.335144043, 257.892425537, 258.461303711, 259.030212402, 259.599090576, 260.179595947, 260.760070801, 261.340576172, 261.921081543, 262.501586914, 263.082092285, 263.662567139], "beats_loudness": {"dmean2": 0.0340754687786, "median": 0.0412661284208, "min": 1.09134754567e-08, "dvar2": 0.00087682105368, "dvar": 0.000293873425107, "dmean": 0.0191660095006, "max": 0.12877689302, "var": 0.00051155150868, "mean": 0.043123267591}, "danceability": 1.0363240242, "bpm_histogram_second_peak_weight": {"dmean2": 0, "median": 0.0190274845809, "min": 0.0190274845809, "dvar2": 0, "dvar": 0, "dmean": 0, "max": 0.0190274845809, "var": 0, "mean": 0.0190274845809}, "beats_count": 474, "bpm_histogram_second_peak_bpm": {"dmean2": 0, "median": 103, "min": 103, "dvar2": 0, "dvar": 0, "dmean": 0, "max": 103, "var": 0, "mean": 103}, "bpm_histogram_first_peak_spread": {"dmean2": 0, "median": 0.198704123497, "min": 0.198704123497, "dvar2": 0, "dvar": 0, "dmean": 0, "max": 0.198704123497, "var": 0, "mean": 0.198704123497}, "beats_loudness_band_ratio": {"dmean2": [0.367029219866, 0.249889537692, 0.233900368214, 0.101336821914, 0.0739581733942, 0.078971683979], "median": [0.592891335487, 0.156928151846, 0.1118824929, 0.0395394563675, 0.0302405357361, 0.0361148193479], "min": [0.00124030862935, 0.00470709288493, 0.00135105801746, 0.0027007451281, 0.00157075945754, 0.00367165869102], "dvar2": [0.0737507790327, 0.0350695513189, 0.050085708499, 0.0200631134212, 0.00674799038097, 0.00273051043041], "dvar": [0.0259842909873, 0.0120449764654, 0.0188173577189, 0.00750336702913, 0.0023422986269, 0.000851057178807], "dmean": [0.21313790977, 0.137404561043, 0.133106425405, 0.0566065497696, 0.0398788638413, 0.0415438637137], "max": [0.976318180561, 0.669199407101, 0.868790328503, 0.639507472515, 0.461471766233, 0.167831331491], "var": [0.0479917675257, 0.0197633337229, 0.0211270879954, 0.00640876451507, 0.00227249227464, 0.00102141755633], "mean": [0.568536698818, 0.191124781966, 0.160117179155, 0.0631915926933, 0.0427792146802, 0.0425815545022]}}, "lowlevel": {"barkbands_spread": {"dmean2": 6.9410238266, "median": 14.6507692337, "min": 0.92508906126, "dvar2": 96.330657959, "dvar": 47.5862503052, "dmean": 4.53282833099, "max": 102.875083923, "var": 188.845977783, "mean": 18.325044632}, "melbands_spread": {"dmean2": 7.49000644684, "median": 13.514257431, "min": 0.840744078159, "dvar2": 138.764251709, "dvar": 79.4272537231, "dmean": 4.97382068634, "max": 220.757034302, "var": 278.208618164, "mean": 17.5538063049}, "hfc": {"dmean2": 6.60915184021, "median": 10.2994909286, "min": 1.11838961338e-16, "dvar2": 170.412155151, "dvar": 80.0017852783, "dmean": 4.61890363693, "max": 179.41973877, "var": 318.447021484, "mean": 16.0456352234}, "barkbands_kurtosis": {"dmean2": 4.43882226944, "median": 3.70190548897, "min": -1.93046629429, "dvar2": 56.8626785278, "dvar": 22.2673664093, "dmean": 2.81297779083, "max": 94.0567703247, "var": 56.3324508667, "mean": 5.81641054153}, "gfcc": {"mean": [-36.3270111084, 114.508903503, -102.523277283, 37.3986587524, -63.47315979, 17.9394035339, -39.681022644, 17.0758609772, -23.3641281128, 0.389048337936, -10.9370536804, -3.26252579689, -6.51524686813], "icov": [[0.000121571443742, -0.000277683429886, 0.000251603283687, -0.000330526585458, 0.000314782082569, -0.000301416468574, 0.000302892818581, -0.000413099944126, 0.000128477215185, -0.000300562125631, 0.00035138669773, -0.000164321609191, 0.00039964527241], [-0.000277683429886, 0.00443429732695, -0.00153413158841, 0.00337367597967, -0.00332268816419, 0.00272025750019, -0.00297929020599, 0.00271350238472, -0.00287258042954, 0.00339724542573, -0.00340278306976, 0.00287636904977, -0.00233579496853], [0.000251603283687, -0.00153413158841, 0.00233737006783, -0.00134733342566, 0.00114177830983, -0.00173498841468, 0.00148317264393, -0.00106834701728, 0.00139418465551, -0.00143064628355, 0.00154548161663, -0.00130630133208, 0.00147056067362], [-0.000330526585458, 0.00337367597967, -0.00134733342566, 0.00513820303604, -0.00238639395684, 0.00176506140269, -0.00196931185201, 0.00245436071418, -0.00191031652503, 0.00263469386846, -0.00219265697524, 0.00278430967592, -0.00294504011981], [0.000314782082569, -0.00332268816419, 0.00114177830983, -0.00238639395684, 0.0060597085394, -0.00128500990104, 0.00112734013237, -0.00246535777114, 0.00161787914112, -0.00231945910491, 0.00308939185925, -0.00216203113087, 0.00127386674285], [-0.000301416468574, 0.00272025750019, -0.00173498841468, 0.00176506140269, -0.00128500990104, 0.00791679788381, -0.00241147889756, 0.000940419733524, -0.0014516125666, 0.00139894953463, -0.00221871375106, 0.00164676469285, 8.03859147709e-05], [0.000302892818581, -0.00297929020599, 0.00148317264393, -0.00196931185201, 0.00112734013237, -0.00241147889756, 0.00683262990788, -0.00218693143688, 0.00276040751487, -0.00260363332927, 0.00198325375095, -0.000926177017391, 0.00161108362954], [-0.000413099944126, 0.00271350238472, -0.00106834701728, 0.00245436071418, -0.00246535777114, 0.000940419733524, -0.00218693143688, 0.0104124015197, -0.00302705541253, 0.00210780394264, -0.000780662987381, 0.00111717858817, -0.000607912195846], [0.000128477215185, -0.00287258042954, 0.00139418465551, -0.00191031652503, 0.00161787914112, -0.0014516125666, 0.00276040751487, -0.00302705541253, 0.0117843067273, -0.00276607181877, 0.00147881079465, 0.0017153036315, -0.00162984803319], [-0.000300562125631, 0.00339724542573, -0.00143064628355, 0.00263469386846, -0.00231945910491, 0.00139894953463, -0.00260363332927, 0.00210780394264, -0.00276607181877, 0.0125817507505, -0.00232984684408, 0.000229227807722, 0.00155089015607], [0.00035138669773, -0.00340278306976, 0.00154548161663, -0.00219265697524, 0.00308939185925, -0.00221871375106, 0.00198325375095, -0.000780662987381, 0.00147881079465, -0.00232984684408, 0.010915953666, -0.00222394871525, 0.00107402715366], [-0.000164321609191, 0.00287636904977, -0.00130630133208, 0.00278430967592, -0.00216203113087, 0.00164676469285, -0.000926177017391, 0.00111717858817, 0.0017153036315, 0.000229227807722, -0.00222394871525, 0.0132704870775, -0.00494015822187], [0.00039964527241, -0.00233579496853, 0.00147056067362, -0.00294504011981, 0.00127386674285, 8.03859147709e-05, 0.00161108362954, -0.000607912195846, -0.00162984803319, 0.00155089015607, 0.00107402715366, -0.00494015822187, 0.0169672686607]], "cov": [[15825.1396484, -1662.30969238, -756.722839355, 653.789428711, -671.428161621, 465.362792969, -404.206970215, 469.679779053, 50.1820335388, 259.156585693, -332.520507813, -84.0732955933, -341.405029297], [-1662.30969238, 1597.80078125, -37.3283157349, -399.266815186, 418.06652832, -249.749053955, 259.440124512, -110.520996094, 142.174285889, -166.222229004, 164.852752686, -102.445075989, 122.83757019], [-756.722839355, -37.3283157349, 713.306152344, 16.1530284882, -20.4532718658, 89.7042999268, -40.3556594849, -4.87953090668, -59.7394714355, 34.2518157959, -27.3229732513, 37.1204910278, -37.8980140686], [653.789428711, -399.266815186, 16.1530284882, 447.596191406, -55.2775382996, 35.4749679565, -51.7610588074, -1.68016588688, -2.70412421227, -0.343730807304, -29.6354064941, -14.6542310715, 12.1434240341], [-671.428161621, 418.06652832, -20.4532718658, -55.2775382996, 353.703399658, -66.1477584839, 89.6453552246, -0.8737424016, 24.0919570923, -27.1036319733, -0.0119728064165, -7.39533281326, 33.3997612], [465.362792969, -249.749053955, 89.7042999268, 35.4749679565, -66.1477584839, 209.711456299, -4.5326051712, 30.2821121216, -22.9779777527, 36.8769111633, -17.8112888336, 4.33945989609, -44.6590080261], [-404.206970215, 259.440124512, -40.3556594849, -51.7610588074, 89.6453552246, -4.5326051712, 249.048538208, 0.263880223036, -6.80611419678, -3.9289484024, 13.9143037796, -17.3638973236, 3.17149376869], [469.679779053, -110.520996094, -4.87953090668, -1.68016588688, -0.8737424016, 30.2821121216, 0.263880223036, 137.691040039, 11.6344251633, 13.7813472748, -29.6928081512, 0.183562293649, -19.5251102448], [50.1820335388, 142.174285889, -59.7394714355, -2.70412421227, 24.0919570923, -22.9779777527, -6.80611419678, 11.6344251633, 128.395339966, -11.8137969971, 11.6306686401, -35.3828277588, 24.8369483948], [259.156585693, -166.222229004, 34.2518157959, -0.343730807304, -27.1036319733, 36.8769111633, -3.9289484024, 13.7813472748, -11.8137969971, 121.267669678, -13.9364948273, 15.9579381943, -35.9791717529], [-332.520507813, 164.852752686, -27.3229732513, -29.6354064941, -0.0119728064165, -17.8112888336, 13.9143037796, -29.6928081512, 11.6306686401, -13.9364948273, 136.541717529, -2.10263442993, 18.5868301392], [-84.0732955933, -102.445075989, 37.1204910278, -14.6542310715, -7.39533281326, 4.33945989609, -17.3638973236, 0.183562293649, -35.3828277588, 15.9579381943, -2.10263442993, 108.367324829, 11.1340303421], [-341.405029297, 122.83757019, -37.8980140686, 12.1434240341, 33.3997612, -44.6590080261, 3.17149376869, -19.5251102448, 24.8369483948, -35.9791717529, 18.5868301392, 11.1340303421, 93.7242050171]]}, "spectral_energyband_middle_low": {"dmean2": 0.0061583542265, "median": 0.0100717656314, "min": 2.83226560959e-22, "dvar2": 6.88895306666e-05, "dvar": 3.00841202261e-05, "dmean": 0.00404597073793, "max": 0.132907763124, "var": 0.000173882624949, "mean": 0.0140349697322}, "melbands_crest": {"dmean2": 4.34741640091, "median": 12.3565397263, "min": 1.75866448879, "dvar2": 17.8311386108, "dvar": 6.70991230011, "dmean": 2.63789463043, "max": 30.1833744049, "var": 16.2645072937, "mean": 12.9395246506}, "spectral_kurtosis": {"dmean2": 3.4030122757, "median": 3.81825947762, "min": -1.2229487896, "dvar2": 41.3962097168, "dvar": 19.4436302185, "dmean": 2.16182374954, "max": 141.949066162, "var": 63.9557762146, "mean": 5.90744972229}, "spectral_rms": {"dmean2": 0.000991400913335, "median": 0.0044219493866, "min": 3.18574116739e-12, "dvar2": 1.76505454874e-06, "dvar": 7.86425005117e-07, "dmean": 0.000648533401545, "max": 0.0119888102636, "var": 3.90343120671e-06, "mean": 0.0045593236573}, "zerocrossingrate": {"dmean2": 0.00992759875953, "median": 0.04150390625, "min": 0.00341796875, "dvar2": 0.000157985312399, "dvar": 0.000135003370815, "dmean": 0.00847608037293, "max": 0.51318359375, "var": 0.00107094226405, "mean": 0.0478064455092}, "silence_rate_60dB": {"dmean2": 0.0105420360342, "median": 0, "min": 0, "dvar2": 0.0116629740223, "dvar": 0.00524227740243, "dmean": 0.00527055514976, "max": 1, "var": 0.0685642808676, "mean": 0.0740447938442}, "erbbands_kurtosis": {"dmean2": 1.52805793285, "median": 0.285434633493, "min": -1.81098616123, "dvar2": 4.72288179398, "dvar": 2.20313930511, "dmean": 1.01416301727, "max": 32.9839401245, "var": 7.6049618721, "mean": 1.15039694309}, "erbbands": {"dmean2": [0.199718415737, 1.25082755089, 1.56886744499, 4.65891695023, 11.2316274643, 8.91142845154, 8.01131820679, 12.7992315292, 16.4625282288, 18.6713218689, 17.8054065704, 22.2723426819, 17.0124340057, 11.8164863586, 14.164232254, 11.0191955566, 16.9420089722, 12.0779476166, 12.7984333038, 10.7783479691, 10.2055206299, 10.9413862228, 9.33998012543, 7.13818502426, 9.08352661133, 9.71385478973, 6.87204408646, 5.66520643234, 4.1507062912, 4.08628845215, 3.40088176727, 1.84852516651, 1.29895532131, 0.692576885223, 0.338723510504, 0.143491595984, 0.0302951391786, 0.00143236934673, 3.67071770597e-05, 1.47206392285e-05], "median": [0.113069705665, 0.867725968361, 1.31668138504, 2.52679777145, 5.58402633667, 6.56389760971, 5.18216466904, 7.31308507919, 6.98635005951, 10.4798946381, 7.92457914352, 11.1798524857, 12.2447538376, 6.5324177742, 6.10342931747, 3.82711100578, 5.35168361664, 4.01059627533, 4.38262367249, 3.43760967255, 3.82429051399, 4.63307714462, 4.21282720566, 3.56791806221, 3.65899205208, 2.80281019211, 1.35013699532, 0.938801169395, 0.82308870554, 1.07466638088, 1.08071672916, 0.677183270454, 0.517124712467, 0.308121204376, 0.129913806915, 0.0303457509726, 0.0046349670738, 0.000177438734681, 2.122269143e-05, 2.55746745097e-05], "min": [2.85210123306e-22, 1.42932881953e-21, 3.2933854796e-21, 1.51281721293e-20, 7.52954788132e-20, 1.47423178998e-19, 7.29445475018e-20, 5.28140810743e-19, 4.81235327314e-19, 3.40397384871e-19, 5.85927286445e-19, 5.17525757039e-19, 9.67961376136e-19, 1.91864563761e-18, 1.10885194794e-18, 1.70032372264e-18, 3.98036250192e-18, 2.90806780115e-18, 4.41027473605e-18, 4.55381331979e-18, 6.93083840551e-18, 7.50762524279e-18, 1.25654343331e-17, 8.19167300369e-18, 1.48504843794e-17, 1.12332930438e-17, 1.24202765433e-17, 1.29908591124e-17, 1.47746765849e-17, 1.52670922405e-17, 1.49678943955e-17, 1.51415990154e-17, 1.02783593488e-17, 1.12962679582e-17, 8.02318872062e-18, 4.53318963917e-18, 2.81793509968e-18, 1.20235106771e-18, 2.91551051381e-19, 3.03881567816e-20], "dvar2": [0.276253312826, 10.3336181641, 11.6424818039, 80.3090515137, 382.88269043, 235.766159058, 340.389373779, 776.964050293, 2055.59887695, 2011.46899414, 2983.42675781, 3204.55419922, 3537.35351563, 1387.01733398, 1522.33276367, 2083.44628906, 2971.03613281, 1365.0168457, 1462.12866211, 1300.60375977, 848.74029541, 787.256347656, 437.065887451, 235.296600342, 444.944488525, 647.270996094, 365.255249023, 356.4815979, 207.464294434, 161.068969727, 130.569198608, 32.6569595337, 13.9098997116, 3.33287382126, 0.609694719315, 0.182895600796, 0.0088677899912, 2.60914457613e-05, 1.26278010271e-08, 5.87687953857e-10], "dvar": [0.0997210144997, 3.99392819405, 4.4744682312, 29.0764083862, 148.72492981, 94.2638702393, 155.928222656, 347.025878906, 1013.7298584, 1027.43212891, 1605.27929688, 1908.88769531, 1746.47277832, 762.818603516, 703.291442871, 1076.65063477, 1416.27612305, 597.780273438, 742.580993652, 574.11315918, 354.849822998, 325.873168945, 188.741104126, 99.707244873, 197.783752441, 291.039733887, 157.481582642, 150.780059814, 84.4845199585, 75.1936035156, 74.0545196533, 18.3011550903, 8.35262203217, 1.83971047401, 0.295399010181, 0.0733041912317, 0.00342563958839, 9.81716402748e-06, 4.91796203761e-09, 2.51733162093e-10], "dmean": [0.114517219365, 0.75283062458, 0.9506752491, 2.75230288506, 6.85491752625, 5.58246517181, 5.29705667496, 8.51018047333, 10.875084877, 12.7344350815, 12.7013273239, 16.1812381744, 12.343003273, 8.20119190216, 9.54061794281, 7.54291200638, 10.8865013123, 7.81425619125, 8.34797000885, 7.11566829681, 6.60489845276, 7.0293970108, 5.90312290192, 4.48337650299, 5.70421123505, 6.04983711243, 4.23206281662, 3.5363919735, 2.59470391273, 2.66640329361, 2.32156467438, 1.25760281086, 0.900778114796, 0.489473432302, 0.237045034766, 0.0945130065084, 0.0196824222803, 0.000910007627681, 2.46736763074e-05, 9.61832301982e-06], "max": [3.49140024185, 29.1635780334, 42.6404800415, 93.707901001, 202.91734314, 218.635070801, 694.328979492, 660.224182129, 1290.76330566, 1681.15991211, 1817.46325684, 1853.86218262, 2015.31140137, 1608.71350098, 762.801757813, 1818.86022949, 1386.63647461, 1056.68701172, 1301.58557129, 1363.22949219, 907.498779297, 883.158447266, 507.984832764, 259.892150879, 599.243347168, 616.081604004, 582.834533691, 418.858642578, 224.786376953, 224.834579468, 404.094696045, 180.673706055, 116.244361877, 48.52110672, 16.1290626526, 7.90554952621, 1.41162478924, 0.108775511384, 0.00189060589764, 0.000196641645744], "var": [0.0811944156885, 3.57086157799, 4.87562084198, 36.2885665894, 290.922851563, 414.776275635, 802.163452148, 1375.98449707, 3601.07470703, 7000.69140625, 11105.4746094, 10979.5078125, 7297.42578125, 3286.68554688, 2398.05664063, 2619.38525391, 3455.46801758, 1787.88952637, 2732.05078125, 1755.70874023, 1731.0111084, 1491.36157227, 589.709716797, 249.183929443, 419.606231689, 589.679504395, 297.047393799, 250.28427124, 126.828544617, 169.546936035, 214.492584229, 56.4648399353, 27.0762634277, 5.18464136124, 0.657793819904, 0.0818003043532, 0.00324089196511, 8.24559720058e-06, 5.27572741049e-09, 6.84631351611e-10], "mean": [0.170900925994, 1.2370506525, 1.85753595829, 4.36173152924, 11.7762136459, 13.6967182159, 13.7152118683, 20.4323253632, 24.4702129364, 31.8072032928, 34.6496620178, 42.7630348206, 31.7062454224, 19.3146286011, 19.3951148987, 14.7712697983, 18.9283828735, 14.5721702576, 16.4004211426, 14.1023588181, 14.8761339188, 15.9735794067, 12.0058078766, 8.78514099121, 10.4355392456, 10.0812015533, 5.97752094269, 4.87497234344, 3.74281287193, 4.35656833649, 4.21965837479, 2.45980262756, 1.77355623245, 0.919348478317, 0.405393838882, 0.125539496541, 0.0245552696288, 0.00109060481191, 4.38445276814e-05, 3.26527806465e-05]}, "spectral_strongpeak": {"dmean2": 0.605675339699, "median": 0.395899534225, "min": 4.08480360647e-09, "dvar2": 1.02272260189, "dvar": 0.429875701666, "dmean": 0.364016324282, "max": 11.2514543533, "var": 1.27102708817, "mean": 0.84241181612}, "spectral_energy": {"dmean2": 0.0113714290783, "median": 0.0200424771756, "min": 1.04026702355e-20, "dvar2": 0.000341783481417, "dvar": 0.000143109748024, "dmean": 0.00729073770344, "max": 0.147324874997, "var": 0.000393506343244, "mean": 0.0253080222756}, "average_loudness": 0.552393138409, "spectral_rolloff": {"dmean2": 558.008361816, "median": 689.0625, "min": 86.1328125, "dvar2": 1158600.75, "dvar": 558356.125, "dmean": 337.597259521, "max": 19121.484375, "var": 1574955.5, "mean": 1022.45269775}, "spectral_centroid": {"dmean2": 316.021270752, "median": 864.374206543, "min": 177.350662231, "dvar2": 191960.890625, "dvar": 98707.7421875, "dmean": 208.359863281, "max": 11234.109375, "var": 439622.84375, "mean": 1028.41503906}, "pitch_salience": {"dmean2": 0.103239409626, "median": 0.558070600033, "min": 0.157221570611, "dvar2": 0.0104023134336, "dvar": 0.00374993984587, "dmean": 0.0619522333145, "max": 0.869775772095, "var": 0.00826896820217, "mean": 0.555407464504}, "spectral_energyband_middle_high": {"dmean2": 0.0015051983064, "median": 0.00173615373205, "min": 1.58177511661e-21, "dvar2": 7.94699917606e-06, "dvar": 4.0074151002e-06, "dmean": 0.0010348954238, "max": 0.0632520094514, "var": 2.82460205199e-05, "mean": 0.00343993073329}, "spectral_contrast_coeffs": {"dmean2": [0.0724289044738, 0.0677080452442, 0.0546357035637, 0.0457300171256, 0.0345249287784, 0.0300045162439], "median": [-0.675667345524, -0.709477543831, -0.739189863205, -0.78622084856, -0.796318054199, -0.792339086533], "min": [-0.970788955688, -0.959372162819, -0.970277369022, -0.966981828213, -0.962836802006, -0.962912559509], "dvar2": [0.00376544008031, 0.00309745687991, 0.00192379963119, 0.00135901651811, 0.000911251932848, 0.000872037839144], "dvar": [0.00141950428952, 0.00126241974067, 0.000830680248328, 0.000590168579947, 0.000409662025049, 0.000366238324204], "dmean": [0.0439152568579, 0.0418206937611, 0.0350034013391, 0.0288786999881, 0.0219841953367, 0.01901111193], "max": [-0.322234362364, -0.38945543766, -0.490750193596, -0.441714257002, -0.541133880615, -0.565932393074], "var": [0.00603277701885, 0.00685037346557, 0.00474563799798, 0.00346796750091, 0.00266903126612, 0.00176547945011], "mean": [-0.669529974461, -0.701865136623, -0.736901879311, -0.77994799614, -0.789977192879, -0.789054691792]}, "melbands_skewness": {"dmean2": 0.931343793869, "median": 2.44705247879, "min": -0.995734572411, "dvar2": 1.26204359531, "dvar": 0.562318265438, "dmean": 0.621649801731, "max": 13.9229202271, "var": 2.36395192146, "mean": 2.73094272614}, "spectral_spread": {"dmean2": 730043.875, "median": 4806690, "min": 660417.25, "dvar2": 853349957632, "dvar": 501294825472, "dmean": 545782, "max": 40976112, "var": 2834118475780.0, "mean": 4769810.5}, "dissonance": {"dmean2": 0.0323556773365, "median": 0.461207181215, "min": 0.192607045174, "dvar2": 0.00101702101529, "dvar": 0.000390849105315, "dmean": 0.0196838732809, "max": 0.5, "var": 0.00117320974823, "mean": 0.452808439732}, "spectral_skewness": {"dmean2": 0.404270738363, "median": 1.6522693634, "min": -0.106006301939, "dvar2": 0.308628827333, "dvar": 0.14305216074, "dmean": 0.262612730265, "max": 9.28404426575, "var": 0.659674108028, "mean": 1.79626357555}, "spectral_flux": {"dmean2": 0.0326141417027, "median": 0.0558643117547, "min": 6.33046254306e-11, "dvar2": 0.00160548218992, "dvar": 0.000769480946474, "dmean": 0.0212254449725, "max": 0.355144262314, "var": 0.00202822801657, "mean": 0.0652924329042}, "spectral_contrast_valleys": {"dmean2": [0.517450630665, 0.536605894566, 0.488821566105, 0.484601348639, 0.447500824928, 0.45588234067], "median": [-6.68550252914, -6.82011127472, -7.54600667953, -8.0740776062, -7.85561084747, -10.0920619965], "min": [-27.5822181702, -27.5402507782, -27.5482616425, -27.5207748413, -27.1891155243, -27.2927379608], "dvar2": [0.244537219405, 0.238113984466, 0.195082500577, 0.241410955787, 0.335614442825, 0.436743229628], "dvar": [0.10931237787, 0.110942594707, 0.102942340076, 0.135250762105, 0.181094303727, 0.2687061131], "dmean": [0.313797384501, 0.331746399403, 0.318124592304, 0.326774895191, 0.313682794571, 0.359713822603], "max": [-5.12362623215, -4.77391815186, -5.4958319664, -5.79241991043, -5.54923200607, -7.23746061325], "var": [1.41006100178, 1.4850910902, 1.45385754108, 1.62597799301, 1.82832896709, 2.52815032005], "mean": [-6.97398042679, -7.03348970413, -7.75674533844, -8.30487155914, -8.13560581207, -10.5140676498]}, "erbbands_flatness_db": {"dmean2": 0.0227244403213, "median": 0.15442609787, "min": 0.0489285103977, "dvar2": 0.000665870204102, "dvar": 0.000416323775426, "dmean": 0.0175282079726, "max": 0.392045587301, "var": 0.00229450967163, "mean": 0.160049900413}, "spectral_energyband_high": {"dmean2": 0.00051909807371, "median": 0.000223454742809, "min": 7.30292155767e-21, "dvar2": 2.1377406938e-06, "dvar": 1.0662247405e-06, 