{"tonal": {"thpcp": [1, 0.454919397831, 0.055781468749, 0.056832883507, 0.0428764335811, 0.391340643167, 0.664503097534, 0.305635035038, 0.051515262574, 0.0634904205799, 0.0374404042959, 0.147602826357, 0.239805147052, 0.138761371374, 0.367592155933, 0.532850503922, 0.212622687221, 0.0262982863933, 0.0232090298086, 0.0401691831648, 0.393945515156, 0.666472375393, 0.321050018072, 0.0519549436867, 0.0677364468575, 0.0511993989348, 0.267306506634, 0.494740247726, 0.304515182972, 0.228668034077, 0.280942350626, 0.130399599671, 0.0731046795845, 0.0892346352339, 0.072995737195, 0.606372594833], "hpcp": {"dmean2": [0.117092266679, 0.069397225976, 0.0288411080837, 0.0232727024704, 0.019402641803, 0.0396393798292, 0.0576906241477, 0.054196588695, 0.082960061729, 0.0848814770579, 0.0614089742303, 0.0249079894274, 0.0236424673349, 0.0350686088204, 0.0930578187108, 0.099682725966, 0.079757809639, 0.0316563732922, 0.0258922446519, 0.0300252586603, 0.058235514909, 0.0644589364529, 0.0965065434575, 0.106201671064, 0.0844151899219, 0.0455354675651, 0.0245219990611, 0.0339806042612, 0.0531757585704, 0.0967128276825, 0.104130081832, 0.0845657587051, 0.0463543236256, 0.0492789000273, 0.0417466200888, 0.0885673090816], "median": [0.0581435263157, 0.0290240123868, 0.000459885341115, 0.000369864690583, 0.00179793313146, 0.0126419421285, 0.018615545705, 0.0228045769036, 0.025250941515, 0.0218722261488, 0.0102574564517, 0.000915187527426, 0.000649201334454, 0.00246416614391, 0.0295856557786, 0.0427076593041, 0.0213971827179, 0.00114176934585, 0.000584288325626, 0.00117879826576, 0.0115106031299, 0.0207884721458, 0.0226641856134, 0.00551399961114, 0.00229940935969, 0.00118583731819, 0.00153570936527, 0.00172820931766, 0.00544979050756, 0.0797696709633, 0.121394366026, 0.0575321428478, 0.00100122450385, 0.000567224575207, 0.00177873810753, 0.0343788154423], "min": [0, 0, 0, 0, 0, 0, 0, 0, 0, 0, 0, 0, 0, 0, 0, 0, 0, 0, 0, 0, 0, 0, 0, 0, 0, 0, 0, 0, 0, 0, 0, 0, 0, 0, 0, 0], "dvar2": [0.0716534778476, 0.0328797213733, 0.0160576961935, 0.0105209946632, 0.00736665399745, 0.0127223180607, 0.0260440856218, 0.0167827680707, 0.0323274098337, 0.0376174971461, 0.0225465707481, 0.0125034432858, 0.015570669435, 0.015194799751, 0.0396735519171, 0.0496037974954, 0.0268606543541, 0.0109362015501, 0.0146528128535, 0.0130621343851, 0.0198921803385, 0.0272591821849, 0.0449490845203, 0.082000285387, 0.0449070744216, 0.0181587263942, 0.00644546188414, 0.0118169859052, 0.0260682571679, 0.0387496836483, 0.066185362637, 0.0375540480018, 0.0347199290991, 0.0509359277785, 0.0311951767653, 0.0444567613304], "dvar": [0.0302683822811, 0.0120518226177, 0.0056266351603, 0.00404541566968, 0.00260379584506, 0.00514186546206, 0.0112551338971, 0.00593893276528, 0.0127043575048, 0.0174578037113, 0.00864042621106, 0.00438011810184, 0.00520111294463, 0.00518236774951, 0.0153591949493, 0.0240209624171, 0.0116703305393, 0.0040394612588, 0.00595130305737, 0.0047486256808, 0.0076085398905, 0.0138874016702, 0.0162345115095, 0.0290273651481, 0.0186996050179, 0.00689961621538, 0.00263804732822, 0.00476602092385, 0.00902401097119, 0.0154318120331, 0.0296756215394, 0.0140687087551, 0.0119133898988, 0.0168716907501, 0.0101134162396, 0.0168674979359], "dmean": [0.0742274522781, 0.0435274578631, 0.01635427773, 0.0136193241924, 0.0112510835752, 0.0251062810421, 0.0372870638967, 0.032028388232, 0.0524124205112, 0.0589317195117, 0.0376450940967, 0.0135014392436, 0.0126346247271, 0.0189624670893, 0.0568867363036, 0.0621003881097, 0.0484066158533, 0.017858337611, 0.0141561804339, 0.016483720392, 0.0363314151764, 0.0429943501949, 0.0557180270553, 0.0610594004393, 0.0512102246284, 0.0276663620025, 0.0147751700133, 0.0204106383026, 0.0291808396578, 0.0587017536163, 0.0638961791992, 0.0516383051872, 0.0249777603894, 0.025812048465, 0.0221737716347, 0.055207554251], "max": [1, 1, 1, 1, 0.836303412914, 0.848020136356, 1, 0.923038184643, 1, 1, 1, 1, 1, 1, 1, 1, 1, 0.898876428604, 1, 1, 1, 1, 1, 1, 1, 1, 1, 1, 1, 1, 1, 1, 1, 1, 1, 1], "var": [0.136670321226, 0.0302231777459, 0.0076465154998, 0.0135636245832, 0.00319696543738, 0.0163253229111, 0.0442535951734, 0.0107314428315, 0.0511311255395, 0.106103517115, 0.0192444045097, 0.00272210291587, 0.00284347636625, 0.00354877277277, 0.0543149858713, 0.152268111706, 0.0389225929976, 0.00653266441077, 0.019811809063, 0.00772935897112, 0.0343558639288, 0.113268002868, 0.0384052619338, 0.0395507067442, 0.0553697906435, 0.0132399359718, 0.0102308122441, 0.014192558825, 0.00738030020148, 0.076298750937, 0.205402359366, 0.0444423668087, 0.00890809949487, 0.0138586135581, 0.00716470601037, 0.0490397550166], "mean": [0.276376456022, 0.127118036151, 0.0214259438217, 0.0264065843076, 0.0155720068142, 0.0613901540637, 0.0997384339571, 0.0577128604054, 0.152886897326, 0.221620246768, 0.0884328559041, 0.0109378378838, 0.00965297129005, 0.0167069453746, 0.163847640157, 0.277195513248, 0.133529350162, 0.0216088127345, 0.0281725674868, 0.0212945714593, 0.111176647246, 0.205769628286, 0.126652270555, 0.0951063483953, 0.116847991943, 0.0542350821197, 0.0304052960128, 0.0371139757335, 0.0303599853069, 0.252199143171, 0.415914475918, 0.189207568765, 0.0232003200799, 0.0236376188695, 0.0178329292685, 0.162764236331]}, "tuning_equal_tempered_deviation": 0.010622237809, "chords_changes_rate": 0.0424270071089, "key_key": "C", "tuning_diatonic_strength": 0.573533773422, "key_scale": "major", "chords_number_rate": 0.00456204358488, "tuning_frequency": 442.548919678, "tuning_nontempered_energy_ratio": 0.593039274216, "chords_histogram": [34.0784683228, 5.01824808121, 11.3594894409, 0.182481750846, 2.5091240406, 0, 3.87773728371, 0, 0, 0, 0, 0, 0, 0, 0, 0, 0, 1.36861312389, 0, 0.912408769131, 3.28467154503, 9.03284645081, 16.2864971161, 12.0894165039], "key_strength": 0.79192841053, "chords_key": "C", "chords_strength": {"dmean2": 0.00537421181798, "median": 0.452240973711, "min": -1, "dvar2": 0.00177304213867, "dvar": 0.000911486276891, "dmean": 0.00854715425521, "max": 0.648095071316, "var": 0.0786634385586, "mean": 0.409078389406}, "chords_scale": "major", "hpcp_entropy": {"dmean2": 0.390648365021, "median": 1.57873558998, "min": 0, "dvar2": 0.307249039412, "dvar": 0.122590795159, "dmean": 0.237581476569, "max": 3.71724629402, "var": 0.435118347406, "mean": 1.4062936306}}, "metadata": {"audio_properties": {"equal_loudness": 0, "codec": "flac", "downmix": "mix", "analysis_sample_rate": 44100, "bit_rate": 0, "md5_encoded": "83ff466ff92879ff51354d6a95cae0a3", "length": 101.733329773, "replay_gain": 5.15916633606, "lossless": true}, "version": {"essentia_build_sha": "7598a69e7b456135ce4c070efb04a3d0ebb71fdd", "essentia": "2.1-beta1", "extractor": "music 1.0", "essentia_git_sha": "v2.1_beta1-6-g5578087"}, "tags": {"title": ["Caresse"], "barcode": ["706301050729"], "media": ["CD"], "albumartist": ["Erik Satie"], "tracktotal": ["49"], "musicbrainz_releasegroupid": ["0ecb878c-79dd-36ba-9194-fd959e44bde9"], "performer": ["Michel Legrand (piano)"], "releasetype": ["album"], "musicbrainz_recordingid": ["0a1e9743-826b-4faa-9770-7b79a740ce3b"], "composer": ["Erik Satie"], "musicbrainz_albumartistid": ["e1d521ea-5b97-4981-987c-ba988b2a87d7"], "musicbrainz_releasetrackid": ["12390e14-b8fe-3bfd-a6e5-4291ae7d0249"], "discnumber": ["1"], "album": ["\u0152uvres pour piano"], "catalognumber": ["0630-10507-2"], "releasecountry": ["FR"], "originaldate": ["1995"], "albumartistsort": ["Satie, Erik"], "date": ["1995"], "file_name": "43 Caresse.flac", "musicbrainz_albumid": ["24f261f5-0126-4692-9f3e-1959684e52fb"], "disctotal": ["1"], "musicbrainz_artistid": ["e1d521ea-5b97-4981-987c-ba988b2a87d7"], "asin": ["B00004UQ5Q"], "musicbrainz_workid": ["baf5f82c-d74a-3d15-8c44-c7941cfe40c8"], "tracknumber": ["43"], "artistsort": ["Satie, Erik"], "artist": ["Erik Satie"], "label": ["Erato"], "releasestatus": ["official"], "totaldiscs": ["1"], "script": ["Latn"], "totaltracks": ["49"]}}, "rhythm": {"bpm_histogram_first_peak_bpm": {"dmean2": 0, "median": 161, "min": 161, "dvar2": 0, "dvar": 0, "dmean": 0, "max": 161, "var": 0, "mean": 161}, "bpm": 163.679931641, "bpm_histogram_second_peak_spread": {"dmean2": 0, "median": 0, "min": 0, "dvar2": 0, "dvar": 0, "dmean": 0, "max": 0, "var": 0, "mean": 0}, "bpm_histogram_first_peak_weight": {"dmean2": 0, "median": 0.120192311704, "min": 0.120192311704, "dvar2": 0, "dvar": 0, "dmean": 0, "max": 0.120192311704, "var": 0, "mean": 0.120192311704}, "onset_rate": 1.08108282089, "beats_position": [0.696598649025, 1.39319729805, 2.08979582787, 2.7863945961, 3.47138309479, 4.15637159348, 4.82975053787, 5.50312900543, 6.18811798096, 6.8963265419, 7.61614513397, 8.34757328033, 9.07900238037, 9.82204055786, 10.5766887665, 11.3313379288, 12.0395460129, 12.7361450195, 13.4675731659, 14.1757822037, 14.8723802567, 15.545759201, 16.2307472229, 16.9273471832, 17.6239452362, 18.3785934448, 19.1448516846, 19.9111099243, 20.6773700714, 21.4087982178, 22.1634464264, 22.8948745728, 23.6379127502, 24.3809528351, 25.1123809814, 25.8438091278, 26.5752372742, 27.3298854828, 28.0961437225, 28.8391838074, 29.593832016, 30.3136501312, 31.0450782776, 31.776506424, 32.4963264465, 33.204536438, 33.901134491, 34.4351921082, 34.9692497253, 35.514919281, 35.9328804016, 36.3508377075, 36.7804069519, 37.2215881348, 37.6511573792, 38.0807266235, 38.5102958679, 38.9398651123, 39.3810424805, 39.8222198486, 40.2634010315, 40.6929702759, 41.1225395203, 41.5637168884, 42.0048980713, 42.4460754395, 42.8640365601, 43.2703857422, 43.6767349243, 44.0946922302, 44.5242614746, 44.953830719, 45.3717918396, 45.8129692078, 46.2193183899, 46.6372795105, 47.0552368164, 47.4848060608, 47.9956436157, 48.4948730469, 48.994102478, 49.3540115356, 49.7255325317, 50.0854415894, 50.4569587708, 50.8284797668, 51.2000007629, 51.5715179443, 51.9546470642, 52.3145561218, 52.6744651794, 53.0343742371, 53.4058952332, 53.789024353, 54.1721534729, 54.5552825928, 54.9384117126, 55.333152771, 55.7046699524, 56.0761909485, 56.4361000061, 56.819229126, 57.1907463074, 57.5622673035, 57.9337844849, 58.305305481, 58.6768226624, 59.0483436584, 59.4198646545, 59.8378219604, 60.2557830811, 60.673740387, 61.0568695068, 61.4399986267, 61.8231277466, 62.2062568665, 62.5661659241, 62.9260749817, 63.2975959778, 63.6691131592, 64.0522460938, 64.4353713989, 64.8301086426, 65.2248535156, 65.5731506348, 65.9446716309, 66.316192627, 66.6761016846, 67.0360107422, 67.4075241089, 67.7674331665, 68.1273422241, 68.4756469727, 68.8239440918, 69.1838531494, 69.543762207, 69.9268951416, 70.3100204468, 70.6699295044, 71.0414505005, 71.4710159302, 71.9005889893, 72.3301544189, 72.7713394165, 73.1660766602, 73.5608139038, 73.9671630859, 74.3502960205, 74.7334213257, 75.1165542603, 75.5112915039, 75.9060287476, 76.2775497437, 76.6606826782, 77.0205917358, 77.3921051025, 77.7520141602, 78.1119232178, 78.4602279663, 78.8665771484, 79.2729263306, 79.6676635742, 80.0856246948, 80.526802063, 80.9447631836, 81.3627166748, 81.8503417969, 82.3263473511, 82.8139648438, 83.2203140259, 83.6150588989, 83.9865722656, 84.3580932617, 84.7528305054, 85.1475753784, 85.5307006836, 85.9138336182, 86.3201828003, 86.7381362915, 87.1444854736, 87.5624465942, 87.9571838379, 88.3751449585, 88.7931060791, 89.2342834473, 89.6870727539, 90.1398620605, 90.5694351196, 91.0454406738, 91.5098419189, 91.9742355347, 92.4502487183, 92.9262542725, 93.4022674561, 93.8666687012, 94.3310623169, 94.7838516235, 95.2250289917, 95.6662139893, 96.1190032959, 96.5717926025, 97.0361862183, 97.5121994019, 98.0810852051, 98.6383666992, 99.1956481934, 99.7529220581, 100.310203552, 100.879089355], "beats_loudness": {"dmean2": 0.04729501158, "median": 0.0118261277676, "min": 0, "dvar2": 0.00453669531271, "dvar": 0.00153146870434, "dmean": 0.0266115069389, "max": 0.291369825602, "var": 0.00143457460217, "mean": 0.026027392596}, "danceability": 0.914800167084, "bpm_histogram_second_peak_weight": {"dmean2": 0, "median": 0.0865384638309, "min": 0.0865384638309, "dvar2": 0, "dvar": 0, "dmean": 0, "max": 0.0865384638309, "var": 0, "mean": 0.0865384638309}, "beats_count": 209, "bpm_histogram_second_peak_bpm": {"dmean2": 0, "median": 167, "min": 167, "dvar2": 0, "dvar": 0, "dmean": 0, "max": 167, "var": 0, "mean": 167}, "bpm_histogram_first_peak_spread": {"dmean2": 0, "median": 0.444444417953, "min": 0.444444417953, "dvar2": 0, "dvar": 0, "dmean": 0, "max": 0.444444417953, "var": 0, "mean": 0.444444417953}, "beats_loudness_band_ratio": {"dmean2": [0.27695274353, 0.3027587533, 0.357519388199, 0.0988679751754, 0.00471873395145, 0.000312085932819], "median": [0.204138040543, 0.291353046894, 0.366948843002, 0.0161598324776, 0.00080424034968, 3.48346475221e-05], "min": [0, 0, 0, 0, 0, 0], "dvar2": [0.0596837066114, 0.0641626119614, 0.0946676954627, 0.0486969873309, 0.000308536953526, 7.0470088076e-07], "dvar": [0.0276923142374, 0.0254669487476, 0.0346198193729, 0.0195298232138, 0.000107921732706, 2.68491504585e-07], "dmean": [0.172871559858, 0.180184915662, 0.215277254581, 0.0582207664847, 0.00261377333663, 0.000181121853529], "max": [0.999914169312, 0.845322132111, 0.964696466923, 0.938036859035, 0.113222368062, 0.00479007093236], "var": [0.0868536233902, 0.0525661408901, 0.0712188184261, 0.0199929326773, 6.6560380219e-05, 2.45717103553e-07], "mean": [0.308914780617, 0.31911662221, 0.385878562927, 0.0572171993554, 0.00237107439898, 0.000164914687048]}}, "lowlevel": {"barkbands_spread": {"dmean2": 0.992627382278, "median": 5.68595457077, "min": 0.00306499144062, "dvar2": 4.13383436203, "dvar": 1.58609580994, "dmean": 0.635411918163, "max": 37.852230072, "var": 25.6954879761, "mean": 6.26798963547}, "melbands_spread": {"dmean2": 1.9122428894, "median": 5.26452922821, "min": 8.61528892671e-09, "dvar2": 43.044178009, "dvar": 16.937166214, "dmean": 1.16759693623, "max": 157.925323486, "var": 728.658325195, "mean": 11.1132116318}, "hfc": {"dmean2": 2.11502146721, "median": 2.30701589584, "min": 1.07580529665e-16, "dvar2": 80.8376922607, "dvar": 48.2679595947, "dmean": 1.64934074879, "max": 281.279754639, "var": 193.642044067, "mean": 6.8125576973}, "barkbands_kurtosis": {"dmean2": 40.7753257751, "median": 1.06423377991, "min": -1.6608080864, "dvar2": 318662.875, "dvar": 94228.5, "dmean": 22.7202377319, "max": 12059.7119141, "var": 111747.492188, "mean": 45.5382804871}, "gfcc": {"mean": [-283.979309082, 189.033691406, -59.7415122986, -51.4354972839, -49.5887260437, -14.2258939743, -30.8401737213, -4.00198030472, -7.89626979828, 0.0781215801835, -3.84094405174, 1.94732820988, -1.26237463951], "icov": [[0.000566309026908, -0.00171840575058, 0.00153679144569, -0.00142242340371, 0.00171742867678, -0.00115884805564, 0.00130466604605, -0.00167597748805, 0.000858893035911, -0.0013431959087, 0.00115378166083, -0.000692492874805, 0.000298228755128], [-0.00171840575058, 0.0061101145111, -0.00417341524735, 0.00523372273892, -0.0049385256134, 0.00300760217942, -0.002926124027, 0.00490094488487, -0.00257608736865, 0.00524690374732, -0.0040648705326, 0.00254285894334, -1.30209182316e-05], [0.00153679144569, -0.00417341524735, 0.00787725672126, -0.00696417782456, 0.00848150067031, -0.00753728300333, 0.00385218695737, -4.41439879069e-05, -0.00382471922785, 0.00218340824358, -0.00112598692067, -0.00122092396487, 0.00277027976699], [-0.00142242340371, 0.00523372273892, -0.00696417782456, 0.0139532433823, -0.0123996790498, 0.00769098429009, -0.00535741867498, -0.00269974512048, 0.0104304449633, -0.00918241403997, 0.0081299059093, -0.00731195043772, 0.00409078737721], [0.00171742867678, -0.0049385256134, 0.00848150067031, -0.0123996790498, 0.0170646645129, -0.0105703137815, 0.00495905335993, 0.000518740736879, -0.0113320956007, 0.0133108329028, -0.0113559961319, 0.00814751628786, -0.00125034712255], [-0.00115884805564, 0.00300760217942, -0.00753728300333, 0.00769098429009, -0.0105703137815, 0.0162327326834, -0.00791594013572, 0.000791659869719, 0.00599418580532, -0.0111919073388, 0.0125090973452, -0.00986585766077, 0.00234358920716], [0.00130466604605, -0.002926124027, 0.00385218695737, -0.00535741867498, 0.00495905335993, -0.00791594013572, 0.0190289337188, -0.0132182268426, 0.0043995315209, 0.000438760500401, -0.00454445788637, 0.011388277635, -0.00712383864447], [-0.00167597748805, 0.00490094488487, -4.41439879069e-05, -0.00269974512048, 0.000518740736879, 0.000791659869719, -0.0132182268426, 0.0336424857378, -0.0214084014297, 0.016161551699, -0.00649086711928, -0.00162873743102, 0.0068079540506], [0.000858893035911, -0.00257608736865, -0.00382471922785, 0.0104304449633, -0.0113320956007, 0.00599418580532, 0.0043995315209, -0.0214084014297, 0.0388979315758, -0.029047826305, 0.0179380159825, -0.00726536102593, -0.00368047086522], [-0.0013431959087, 0.00524690374732, 0.00218340824358, -0.00918241403997, 0.0133108329028, -0.0111919073388, 0.000438760500401, 0.016161551699, -0.029047826305, 0.0503984130919, -0.0380970351398, 0.0219310540706, -0.00333130848594], [0.00115378166083, -0.0040648705326, -0.00112598692067, 0.0081299059093, -0.0113559961319, 0.0125090973452, -0.00454445788637, -0.00649086711928, 0.0179380159825, -0.0380970351398, 0.0542748682201, -0.0297981780022, 0.00951345171779], [-0.000692492874805, 0.00254285894334, -0.00122092396487, -0.00731195043772, 0.00814751628786, -0.00986585766077, 0.011388277635, -0.00162873743102, -0.00726536102593, 0.0219310540706, -0.0297981780022, 0.0392029844224, -0.0210219975561], [0.000298228755128, -1.30209182316e-05, 0.00277027976699, 0.00409078737721, -0.00125034712255, 0.00234358920716, -0.00712383864447, 0.0068079540506, -0.00368047086522, -0.00333130848594, 0.00951345171779, -0.0210219975561, 0.0299555119127]], "cov": [[46377.0664062, 11932.5732422, -4894.61279297, -3808.41992188, -1917.81921387, -1595.56469727, -1585.2598877, -350.348083496, -255.073623657, -333.381011963, -193.190963745, -392.168518066, -18.6587238312], [11932.5732422, 3757.6887207, -1257.08984375, -1314.26477051, -432.441558838, -480.222381592, -470.363861084, -174.202911377, -5.74814081192, -149.62600708, -31.1978626251, -154.5809021, 9.90352058411], [-4894.61279297, -1257.08984375, 1248.63830566, 535.360839844, -17.2691116333, 386.57244873, 96.0731811523, -5.61745262146, 2.98878097534, 78.9725189209, 17.7954368591, 159.332305908, -31.9278717041], [-3808.41992188, -1314.26477051, 535.360839844, 792.477478027, 296.275177002, 224.496032715, 221.383880615, 114.703636169, -40.1826133728, 35.5690422058, -2.96913504601, 56.3130760193, -59.5249977112], [-1917.81921387, -432.441558838, -17.2691116333, 296.275177002, 424.268432617, 72.8583221436, 136.250564575, 79.4122619629, 36.2040863037, -36.0576019287, -0.309850156307, -43.0624198914, -23.2777481079], [-1595.56469727, -480.222381592, 386.57244873, 224.496032715, 72.8583221436, 261.701843262, 89.6513061523, 26.6165924072, 4.86486911774, 32.6696395874, -10.0031003952, 53.3720703125, -8.03078556061], [-1585.2598877, -470.363861084, 96.0731811523, 221.383880615, 136.250564575, 89.6513061523, 199.599075317, 80.0630187988, 3.99177742004, 7.0405664444, -9.87104701996, -31.4203090668, -13.2363481522], [-350.348083496, -174.202911377, -5.61745262146, 114.703636169, 79.4122619629, 26.6165924072, 80.0630187988, 95.3073348999, 23.3651790619, -6.94833087921, -9.79057216644, -10.0082807541, -14.9365558624], [-255.073623657, -5.74814081192, 2.98878097534, -40.1826133728, 36.2040863037, 4.86486911774, 3.99177742004, 23.3651790619, 79.197517395, 24.0202827454, 5.74043130875, -6.93431377411, 10.2300710678], [-333.381011963, -149.62600708, 78.9725189209, 35.5690422058, -36.0576019287, 32.6696395874, 7.0405664444, -6.94833087921, 24.0202827454, 82.9985275269, 31.3066730499, 6.57309150696, -2.86258244514], [-193.190963745, -31.1978626251, 17.7954368591, -2.96913504601, -0.309850156307, -10.0031003952, -9.87104701996, -9.79057216644, 5.74043130875, 31.3066730499, 55.7781639099, 28.8905105591, 8.06394100189], [-392.168518066, -154.5809021, 159.332305908, 56.3130760193, -43.0624198914, 53.3720703125, -31.4203090668, -10.0082807541, -6.93431377411, 6.57309150696, 28.8905105591, 114.19354248, 41.083065033], [-18.6587238312, 9.90352058411, -31.9278717041, -59.5249977112, -23.2777481079, -8.03078556061, -13.2363481522, -14.9365558624, 10.2300710678, -2.86258244514, 8.06394100189, 41.083065033, 71.7665481567]]}, "spectral_energyband_middle_low": {"dmean2": 0.00320497294888, "median": 0.00499638868496, "min": 1.37680310307e-22, "dvar2": 8.55283797137e-05, "dvar": 5.90275194554e-05, "dmean": 0.00247839139774, "max": 0.25478976965, "var": 0.000409694359405, "mean": 0.0119596980512}, "melbands_crest": {"dmean2": 2.27493047714, "median": 13.2383432388, "min": 1.49049127102, "dvar2": 9.51418304443, "dvar": 4.23114347458, "dmean": 1.44043207169, "max": 40, "var": 56.913860321, "mean": 15.2262487411}, "spectral_kurtosis": {"dmean2": 31.183921814, "median": 107.518188477, "min": -1.27812218666, "dvar2": 1004.61151123, "dvar": 385.336425781, "dmean": 18.617521286, "max": 266.704711914, "var": 3372.22924805, "mean": 104.344146729}, "spectral_rms": {"dmean2": 0.000354130344931, "median": 0.00267697917297, "min": 3.08886943801e-12, "dvar2": 6.05575223744e-07, "dvar": 4.23566746122e-07, "dmean": 0.000277982326224, "max": 0.0177190657705, "var": 5.01606018588e-06, "mean": 0.00311146024615}, "zerocrossingrate": {"dmean2": 0.00308828684501, "median": 0.01806640625, "min": 0, "dvar2": 0.000250916433288, "dvar": 0.000120144781249, "dmean": 0.00204226817004, "max": 0.5234375, "var": 0.0102675314993, "mean": 0.0401934683323}, "silence_rate_60dB": {"dmean2": 0.0438256114721, "median": 0, "min": 0, "dvar2": 0.0428192541003, "dvar": 0.0214284714311, "dmean": 0.0219078045338, "max": 1, "var": 0.213230326772, "mean": 0.30823636055}, "erbbands_kurtosis": {"dmean2": 2.81977963448, "median": 3.22125816345, "min": -1.82034933567, "dvar2": 316.313812256, "dvar": 137.978317261, "dmean": 1.86123216152, "max": 319.90246582, "var": 309.918579102, "mean": 6.14276266098}, "erbbands": {"dmean2": [0.00311098992825, 0.0569925159216, 0.17345546186, 0.328720569611, 0.637314021587, 1.53473639488, 4.17016601562, 12.7854337692, 14.2871284485, 9.16497898102, 26.9977912903, 17.5389671326, 16.6855316162, 21.4046192169, 2.91540336609, 1.47235918045, 0.916236996651, 0.664178848267, 0.703800678253, 0.321767479181, 0.166529104114, 0.191917359829, 0.103922881186, 0.0192556418478, 0.0352893099189, 0.0136259179562, 0.00389463966712, 0.00206186412834, 0.000541815592442, 0.00027237914037, 0.000170717030414, 0.000118991090858, 8.58770508785e-05, 6.13819720456e-05, 3.98560732719e-05, 2.33057180594e-05, 1.03939864857e-05, 9.40504469327e-06, 2.18605759983e-06, 4.32770184489e-06], "median": [0.00382979819551, 0.00972808897495, 0.043195284903, 0.203342720866, 0.464962482452, 2.08360362053, 4.63239574432, 8.73307228088, 15.8563594818, 7.83103847504, 4.07414770126, 3.49886894226, 2.18404197693, 1.53264343739, 0.939215004444, 0.516775667667, 0.306099116802, 0.128565832973, 0.12872479856, 0.0517996475101, 0.0319089367986, 0.010347109288, 0.00444327108562, 0.00156569783576, 0.000955981959123, 0.000516199565027, 0.000383569975384, 0.000372556678485, 0.000352169998223, 0.000327833549818, 0.000316734804073, 0.000290132127702, 0.000237315151026, 0.000190081918845, 0.000132582485094, 8.1524514826e-05, 4.58238173451e-05, 4.68924845336e-05, 7.16922158972e-06, 8.39295353217e-06], "min": [1.13578855226e-22, 5.43015748879e-22, 1.56050146913e-21, 6.53583149687e-21, 9.67802043701e-21, 1.67702096557e-20, 3.04536882269e-20, 4.81316785217e-20, 6.26475447428e-20, 1.2024370428e-19, 2.80330346371e-19, 3.68524162336e-19, 5.48558936984e-19, 8.25254470798e-19, 7.96863098934e-19, 9.14196704271e-19, 1.41684747915e-18, 2.06329677928e-18, 2.49072478323e-18, 2.37071452483e-18, 3.75196759504e-18, 3.62636849083e-18, 5.26611467528e-18, 6.16107736236e-18, 4.00463363546e-18, 7.10877777657e-18, 6.88226263763e-18, 9.39967019947e-18, 1.00025111581e-17, 1.10863262101e-17, 8.92549222205e-18, 9.2889595191e-18, 9.55695362986e-18, 8.45880684661e-18, 6.2104273713e-18, 3.90631370708e-18, 1.83432698187e-18, 8.83430962158e-19, 2.49054880055e-19, 2.7861821175e-20], "dvar2": [5.98804435867e-05, 0.0271007511765, 0.294022202492, 0.648143053055, 2.61323833466, 11.1304121017, 183.059356689, 1229.95178223, 1798.54602051, 627.799926758, 20494.5761719, 8322.44921875, 12311.6855469, 94741.8515625, 339.36618042, 31.4532032013, 13.5801877975, 7.16201448441, 14.6267127991, 1.88018035889, 0.433221340179, 2.63950705528, 0.40518322587, 0.0113433562219, 0.0479112863541, 0.024524377659, 0.00102827639785, 0.000432354223449, 8.9476843641e-06, 2.12867507798e-06, 5.04639444898e-07, 2.47123548291e-08, 7.57429230447e-09, 3.10320324992e-09, 1.27095034497e-09, 4.01322197696e-10, 8.59173565626e-11, 8.04492722439e-11, 3.7738964731e-11, 2.04059519282e-10], "dvar": [3.77448886866e-05, 0.0160095896572, 0.123429395258, 0.295209884644, 1.39492166042, 5.02736759186, 123.064727783, 634.115661621, 1129.15075684, 295.278869629, 13713.4160156, 4154.68701172, 7144.90576172, 52822.9023438, 192.340301514, 20.2099933624, 7.32117557526, 4.83573579788, 11.1325035095, 0.9378002882, 0.229122027755, 1.19393992424, 0.204061001539, 0.00487569021061, 0.0290332995355, 0.0117864292115, 0.000564869958907, 0.000240873603616, 5.34401715413e-06, 1.16730927857e-06, 2.39544419856e-07, 1.08573505742e-08, 2.72663136514e-09, 1.11161058136e-09, 4.46679471189e-10, 1.48877590811e-10, 3.42673528442e-11, 3.22727886082e-11, 2.44724449039e-11, 1.30960506328e-10], "dmean": [0.0020628971979, 0.0391365885735, 0.111422501504, 0.212490588427, 0.452369958162, 1.03537929058, 2.98769497871, 8.14263725281, 10.3702077866, 6.40026426315, 21.5014457703, 13.1729459763, 11.9624843597, 15.8236036301, 2.16615247726, 1.11757624149, 0.623718142509, 0.501506388187, 0.524576961994, 0.219659656286, 0.117769896984, 0.131775528193, 0.0735549554229, 0.0130795901641, 0.0265293437988, 0.0102124447003, 0.00297409202904, 0.00155282160267, 0.000379355740733, 0.000180049333721, 0.000104989885585, 7.05347483745e-05, 4.96070970257e-05, 3.56968594133e-05, 2.32614565903e-05, 1.36035032483e-05, 6.18145122644e-06, 6.25607117399e-06, 1.63088736826e-06, 3.37902633873e-06], "max": [0.342504769564, 4.96662139893, 13.1559505463, 18.7387084961, 28.7892112732, 43.8244895935, 432.434265137, 1229.8392334, 1780.11657715, 457.105651855, 3115.08618164, 2746.70776367, 2776.78930664, 11935.8710938, 621.80682373, 143.66809082, 108.046920776, 66.847946167, 166.155273438, 32.2890777588, 16.6769313812, 57.8335762024, 19.6179084778, 1.92263662815, 7.46257019043, 6.15967273712, 1.12472677231, 1.04060745239, 0.12620434165, 0.0662755966187, 0.0301985666156, 0.00413131294772, 0.00108273106162, 0.000903055071831, 0.000441174546722, 0.000291552016279, 0.000156865164172, 0.00012611495913, 0.000171523963218, 0.000377912452677], "var": [0.000420429918449, 0.175086423755, 0.732716977596, 1.58299100399, 6.09597063065, 30.5801792145, 486.216918945, 5871.26171875, 13605.0429688, 1515.04431152, 59764.6796875, 13763.0976562, 37683.140625, 142788.125, 549.538818359, 104.848228455, 28.7222862244, 22.574508667, 34.1874732971, 2.39772033691, 0.702566385269, 1.93029975891, 0.993567585945, 0.0166798960418, 0.0793410167098, 0.0177167654037, 0.00129581987858, 0.000444268924184, 1.1818976418e-05, 2.1869216198e-06, 3.27578987935e-07, 2.77698486428e-08, 8.69004868065e-09, 4.53947146539e-09, 2.12375117492e-09, 8.60382542989e-10, 2.62123212025e-10, 8.77935057986e-10, 1.3747677996e-10, 7.06798453098e-10], "mean": [0.00880276877433, 0.149822697043, 0.364428579807, 0.683054029942, 1.40540611744, 4.08449363708, 10.0205593109, 32.5172843933, 51.8688774109, 21.0549793243, 64.257232666, 36.131362915, 41.5052680969, 37.8384284973, 5.27905702591, 3.4936478138, 1.68735766411, 1.32576751709, 1.26030993462, 0.459745079279, 0.289934128523, 0.231397017837, 0.161768361926, 0.0291826147586, 0.0462717041373, 0.015884488821, 0.00556526798755, 0.0024337999057, 0.000792894919869, 0.000481695838971, 0.000364958948921, 0.0003027432831, 0.000237816828303, 0.000188446167158, 0.000131732784212, 8.15136227175e-05, 4.55291337857e-05, 4.88539553771e-05, 1.05936678665e-05, 1.71461470018e-05]}, "spectral_strongpeak": {"dmean2": 0.340575993061, "median": 0.407417416573, "min": 0, "dvar2": 0.700321733952, "dvar": 0.390331953764, "dmean": 0.233196571469, "max": 19.3628101349, "var": 2.50310182571, "mean": 1.06147825718}, "spectral_energy": {"dmean2": 0.00381810055114, "median": 0.00734537281096, "min": 9.77964167553e-21, "dvar2": 0.00015401658311, "dvar": 9.93309804471e-05, "dmean": 0.00298118009232, "max": 0.321814417839, "var": 0.000547172618099, "mean": 0.0150646567345}, "average_loudness": 0.246443480253, "spectral_rolloff": {"dmean2": 80.2636489868, "median": 452.197265625, "min": 21.533203125, "dvar2": 366232.6875, "dvar": 175585.90625, "dmean": 45.4199905396, "max": 19659.8144531, "var": 14664836, "mean": 1315.44006348}, "spectral_centroid": {"dmean2": 73.388999939, "median": 420.731903076, "min": 160.68157959, "dvar2": 128939.34375, "dvar": 61604.7617188, "dmean": 44.5582122803, "max": 11786.5517578, "var": 4920499, "mean": 952.088195801}, "pitch_salience": {"dmean2": 0.0513089075685, "median": 0.497970014811, "min": 1.64816756296e-05, "dvar2": 0.00445025926456, "dvar": 0.00203878129832, "dmean": 0.032382119447, "max": 0.835049390793, "var": 0.0298051852733, "mean": 0.491967260838}, "spectral_energyband_middle_high": {"dmean2": 0.000779032590799, "median": 0.000128210522234, "min": 1.1073358414e-21, "dvar2": 6.77320567775e-05, "dvar": 3.74947339878e-05, "dmean": 0.0005866913707, "max": 0.31399422884, "var": 0.000106166138721, "mean": 0.00168347021099}, "spectral_contrast_coeffs": {"dmean2": [0.055965591222, 0.0425501465797, 0.0355583876371, 0.0293313730508, 0.0203002672642, 0.0168002955616], "median": [-0.602876484394, -0.675817966461, -0.740428447723, -0.753733158112, -0.835551381111, -0.883368074894], "min": [-0.983199477196, -0.998483896255, -0.997038900852, -0.992895483971, -0.984670460224, -0.965078175068], "dvar2": [0.00233129085973, 0.0018371976912, 0.00131560210139, 0.000830879318528, 0.000359546334948, 0.000331631192239], "dvar": [0.000887570902705, 0.000767294026446, 0.000598833779804, 0.000361807382433, 0.000212270955672, 0.000129615858896], "dmean": [0.0338774137199, 0.0261058099568, 0.022411333397, 0.0183671023697, 0.0131142688915, 0.0098867919296], "max": [-0.352776408195, -0.385957539082, -0.393733233213, -0.583617031574, -0.615481674671, -0.689653217793], "var": [0.0158708635718, 0.011488892138, 0.0102976132184, 0.00605757720768, 0.00529634393752, 0.000664801744279], "mean": [-0.623467743397, -0.685542464256, -0.73890632391, -0.764721512794, -0.827387154102, -0.88225120306]}, "melbands_skewness": {"dmean2": 92.2864532471, "median": 0.241195321083, "min": -4.82525157928, "dvar2": 3356346.75, "dvar": 1456070.5, "dmean": 47.166557312, "max": 33278.1953125, "var": 2775637.25, "mean": 86.1105117798}, "spectral_spread": {"dmean2": 629091.6875, "median": 1016277.0625, "min": 340088.625, "dvar2": 2993492852740.0, "dvar": 1336285724670.0, "dmean": 359477.59375, "max": 51980368, "var": 72556769968100.0, "mean": 3448993.75}, "dissonance": {"dmean2": 0.0587053522468, "median": 0.380371272564, "min": 0, "dvar2": 0.00546375708655, "dvar": 0.00199817446992, "dmean": 0.0340858772397, "max": 0.5, "var": 0.00633568363264, "mean": 0.374990850687}, "spectral_skewness": {"dmean2": 1.54887652397, "median": 8.32573699951, "min": -0.0896637290716, "dvar2": 2.29597234726, "dvar": 0.843921124935, "dmean": 0.900501668453, "max": 13.8497314453, "var": 9.3752450943, "mean": 7.75105142593}, "spectral_flux": {"dmean2": 0.0139043852687, "median": 0.0125694852322, "min": 0, "dvar2": 0.00127768947277, "dvar": 0.000539828441106, "dmean": 0.00877084955573, "max": 0.383295238018, "var": 0.000905891822185, "mean": 0.0216485094279}, "spectral_contrast_valleys": {"dmean2": [0.649580538273, 0.436471581459, 0.394505500793, 0.398961395025, 0.308302164078, 0.263432651758], "median": [-8.8488368988, -7.02962112427, -8.65425872803, -10.7120771408, -11.8337926865, -13.6194267273], "min": [-28.2495384216, -28.0402698517, -27.8210544586, -27.8166446686, -27.5079994202, -27.4306488037], "dvar2": [0.469223499298, 0.492058157921, 0.453382134438, 0.474057734013, 0.453474670649, 0.351661980152], "dvar": [0.226170420647, 0.260627657175, 0.239999115467, 0.242180809379, 0.218913033605, 0.162791028619], "dmean": [0.394808113575, 0.269760847092, 0.246899411082, 0.245852068067, 0.188617736101, 0.151036605239], "max": [-6.19370651245, -4.74044513702, -6.10397958755, -7.19876480103, -8.56698799133, -12.2073020935], "var": [16.9233417511, 20.1927051544, 17.0974311829, 13.7419319153, 11.2733812332, 8.73012161255], "mean": [-9.74928379059, -8.25597286224, -9.71691894531, -11.4970436096, -12.4919633865, -14.2608985901]}, "erbbands_flatness_db": {"dmean2": 0.016083361581, "median": 0.3597266078, "min": 0.0256519019604, "dvar2": 0.00067912862869, "dvar": 0.00035336005385, "dmean": 0.0108709624037, "max": 0.524023473263, "var": 0.0109623968601, "mean": 0.337828695774}, "spectral_energyband_high": {"dmean2": 1.352183574e-07, "median": 1.33864858753e-07, "min": 3.61031747958e-22, "dvar2": 7.38845291372e-13, "dvar": 4.52417861204e-13, "dmean": 1.01149552734e-07, "max": 3.70876077795e-05, "var": 1.13518005759e-12, "mean": 2.89723658398e-07}, "spectral_entropy": {"dmean2": 0.135700508952, "median": 5.3840970993, "min": 4.20947647095, "dvar2": 0.040334649384, "dvar": 0.0196541901678, "dmean": 0.0896148681641, "max": 9.82891654968, "var": 1.31436038017, "mean": 5.71682739258}, "silence_rate_20dB": {"dmean2": 0, "median": 1, "min": 1, "dvar2": 0, "dvar": 0, "dmean": 0, "max": 1, "var": 0, "mean": 1}, "melbands_flatness_db": {"dmean2": 0.018814522773, "median": 0.471915513277, "min": 0.00258259219117, "dvar2": 0.00154474854935, "dvar": 0.000718663970474, "dmean": 0.0122134173289, "max": 1, "var": 0.0126288346946, "mean": 0.450358510017}, "barkbands": {"dmean2": [8.59778374434e-05, 0.000208135345019, 0.000156859023264, 0.000149208513903, 0.000412494875491, 0.00135847146157, 0.000782263465226, 0.000968024251051, 0.000765184522606, 0.000826452102046, 6.39400823275e-05, 3.76821808459e-05, 1.80611241376e-05, 1.5213034203e-05, 9.81027187663e-06, 4.33644754594e-06, 3.55631732418e-06, 1.37634935982e-06, 5.29404076133e-07, 3.30918680902e-07, 5.80259502669e-08, 1.16541158945e-08, 6.67830546419e-09, 4.79187356461e-09, 4.73573402715e-09, 4.56993465292e-09, 6.7833663131e-09], "median": [0.00122752110474, 3.02233656839e-05, 2.93004577543e-05, 8.11976278783e-05, 0.000540476758033, 0.00095361674903, 0.000944553408772, 0.000190110178664, 0.000102768201032, 5.49575925106e-05, 1.64769007824e-05, 1.21982739074e-05, 3.86214242099e-06, 1.27524344862e-06, 1.61337334248e-06, 6.4748587647e-07, 1.78105935333e-07, 5.96679399223e-08, 1.97874143737e-08, 9.44722522433e-09, 8.98349483691e-09, 9.64577040463e-09, 1.08839852686e-08, 1.36865647704e-08, 1.73363083888e-08, 1.9732349088e-08, 3.97190369483e-08], "min": [1.80595282887e-25, 2.42503297e-24, 1.1390084044e-25, 8.43587144445e-25, 4.99511458351e-24, 4.24638263811e-24, 4.7884622142e-24, 1.0321830004e-23, 1.07469660785e-23, 1.12366798844e-23, 5.70712505378e-24, 1.05166463043e-23, 2.86855857548e-23, 2.97853556755e-23, 3.46052737182e-23, 5.37440963525e-23, 5.71669070223e-23, 8.76648439089e-23, 6.48705187259e-23, 1.0894410177e-22, 6.84333364291e-23, 5.68584750301e-23, 2.86617526892e-23, 4.00870649932e-23, 3.35684359652e-23, 3.23420380921e-23, 5.04868391878e-23], "dvar2": [9.02039865025e-09, 3.62131828524e-07, 2.95825770991e-07, 1.13068828966e-07, 9.28187432692e-07, 1.50258620124e-05, 4.81365668747e-06, 2.03238032555e-05, 2.76821374428e-05, 6.9449255534e-05, 1.31882487153e-07, 2.00327097133e-08, 6.42898223546e-09, 6.41854835948e-09, 2.08988581996e-09, 3.37355782198e-10, 5.98255445183e-10, 7.90586138222e-11, 9.41192696696e-12, 1.78631484604e-11, 2.5150934395e-13, 3.20417846749e-15, 1.83140445185e-15, 2.80214711692e-17, 1.86380633405e-17, 1.67056685136e-17, 3.93604861671e-17], "dvar": [2.65982236236e-09, 2.16449649315e-07, 1.17689367585e-07, 4.73853383198e-08, 4.23797871463e-07, 8.56425776874e-06, 2.4394207685e-06, 1.44353998621e-05, 1.34981100928e-05, 3.86264327972e-05, 5.63726132441e-08, 1.20656382663e-08, 3.05256975253e-09, 5.06632424901e-09, 1.24434873516e-09, 1.74723333024e-10, 2.72648126298e-10, 3.9856191264e-11, 5.56867833096e-12, 8.58600603809e-12, 1.27641996907e-13, 1.6433923602e-15, 8.51353238802e-16, 1.00712415952e-17, 6.14736229421e-18, 5.43415600313e-18, 1.52592174811e-17], "dmean": [4.74405060231e-05, 0.00014252885012, 9.87785024336e-05, 9.5275179774e-05, 0.000278476451058, 0.000903163047042, 0.000555315462407, 0.000759762944654, 0.00055425055325, 0.000609141192399, 4.42599266535e-05, 2.79252253677e-05, 1.20551476357e-05, 1.18084308269e-05, 6.71292991683e-06, 2.92840945804e-06, 2.44254283643e-06, 9.77569243332e-07, 3.88852811284e-07, 2.52581372706e-07, 4.2674834333e-08, 7.62972618418e-09, 4.15249612473e-09, 2.79343304044e-09, 2.75631251156e-09, 2.6368529582e-09, 4.37743752357e-09], "max": [0.00204257736914, 0.0192775167525, 0.0113797998056, 0.00492555554956, 0.0199766736478, 0.13235142827, 0.0592650659382, 0.113357618451, 0.175881817937, 0.3084821105, 0.00782539695501, 0.00359907583334, 0.00239837006666, 0.00347860693, 0.00138801475987, 0.000404261547374, 0.000824295973871, 0.000271909753792, 0.000104244914837, 0.000167561476701, 1.65668316185e-05, 1.37667132094e-06, 1.79448738891e-06, 6.70689175308e-08, 5.08663120513e-08, 4.28565201105e-08, 9.15254361189e-08], "var": [3.79319232024e-07, 2.38249185713e-06, 5.34063929081e-07, 3.06107182269e-07, 2.09255358641e-06, 7.62819472584e-05, 2.22389571718e-05, 7.05883212504e-05, 3.54413969035e-05, 0.000116664268717, 1.01869630953e-07, 5.35453139605e-08, 9.54715506651e-09, 1.83664496944e-08, 3.62988195057e-09, 4.53435816672e-10, 4.65851524023e-10, 1.90527163491e-10, 1.56297873949e-11, 1.26712841608e-11, 2.42546705376e-13, 3.39836055889e-15, 1.00884260408e-15, 2.75713906174e-17, 2.7146547346e-17, 3.06089351386e-17, 3.98326534339e-16], "mean": [0.00105359288864, 0.000540510052815, 0.000286688504275, 0.000300340121612, 0.00106005056296, 0.00374129717238, 0.00246735685505, 0.00229823729023, 0.00129387143534, 0.00176561973058, 9.07225112314e-05, 8.08927943581e-05, 2.81478551187e-05, 2.77671842923e-05, 1.55482848641e-05, 6.22703510089e-06, 4.40698386228e-06, 2.14316105485e-06, 7.18874673566e-07, 3.75572341227e-07, 7.09462710802e-08, 1.78016641428e-08, 1.2941107741e-08, 1.36520474925e-08, 1.68297642489e-08, 1.89984614707e-08, 4.03753048772e-08]}, "erbbands_skewness": {"dmean2": 0.394876360893, "median": 0.936181366444, "min": -3.97759771347, "dvar2": 1.12361764908, "dvar": 0.488306373358, "dmean": 0.261585116386, "max": 16.6366786957, "var": 1.90091311932, "mean": 0.905364573002}, "erbbands_spread": {"dmean2": 2.39108490944, "median": 5.27603960037, "min": 0.462985724211, "dvar2": 116.932426453, "dvar": 43.9459381104, "dmean": 1.49363124371, "max": 196.625656128, "var": 418.973571777, "mean": 11.366191864}, "melbands_kurtosis": {"dmean2": 5547662, "median": 1.72704839706, "min": -1.57583558559, "dvar2": 13034877851000000, "dvar": 5593056199840000.0, "dmean": 2775302, "max": 2023996032, "var": 10255330709600000, "mean": 5083724}, "melbands": {"dmean2": [4.54871005786e-05, 8.38634223328e-05, 6.26439141342e-05, 6.73823960824e-05, 0.000131833789055, 0.000289093266474, 0.000208600293263, 0.000105202409031, 0.000232013364439, 9.6718336863e-05, 8.26868563308e-05, 9.24971245695e-05, 8.98468988453e-06, 4.43310273113e-06, 3.2517341424e-06, 1.42277417581e-06, 1.37992742566e-06, 1.21112998386e-06, 6.07752326687e-07, 3.85973237371e-07, 1.72424876155e-07, 2.21431790237e-07, 1.27010011397e-07, 5.92096149887e-08, 1.24148762382e-08, 2.04289172245e-08, 2.5899778322e-08, 5.7705320522e-09, 3.16589110483e-09, 1.31987343277e-09, 1.10904652129e-09, 2.76758838069e-10, 2.73852274191e-10, 1.54454810053e-10, 1.16768469893e-10, 9.99879068431