{"tonal": {"thpcp": [1, 0.564335763454, 0.0244919005781, 0.00420733820647, 0.00255004316568, 0.00952347833663, 0.0201146602631, 0.0308525506407, 0.321374565363, 0.655766069889, 0.372616827488, 0.251752495766, 0.606725990772, 0.401637911797, 0.406573742628, 0.769486069679, 0.399596244097, 0.0113813308999, 0.00289605231956, 0.00346051133238, 0.121824339032, 0.289374560118, 0.180062457919, 0.128304585814, 0.253769427538, 0.14730463922, 0.0329259820282, 0.0269793532789, 0.0143083492294, 0.176350384951, 0.343607902527, 0.182926446199, 0.0133348666131, 0.0159477554262, 0.0161942895502, 0.46337556839], "hpcp": {"dmean2": [0.00852840486914, 0.0118852714077, 0.112113662064, 0.112733893096, 0.12410145998, 0.0248975846916, 0.00261236727238, 0.00219836039469, 0.0063438960351, 0.0127216782421, 0.0262121465057, 0.0766842588782, 0.0716252177954, 0.0936385691166, 0.0916786268353, 0.179239362478, 0.144565105438, 0.108099043369, 0.15886490047, 0.107678703964, 0.0132726952434, 0.00329854968004, 0.00352322729304, 0.0446200408041, 0.0763616412878, 0.0545597337186, 0.0572152249515, 0.0803599432111, 0.0510585568845, 0.0131357256323, 0.00765717402101, 0.0116180358455, 0.0545957460999, 0.0804922431707, 0.063542611897, 0.011911646463], "median": [0.00132158142515, 0.0016752644442, 0.17843747139, 0.413494646549, 0.242278829217, 0.00451550167054, 0.000358321238309, 0.000424548605224, 0.00126572605222, 0.00179261527956, 0.00419814186171, 0.0100487228483, 0.0112388990819, 0.00682922406122, 0.0807118415833, 0.202244997025, 0.133770570159, 0.130769520998, 0.248293533921, 0.128888487816, 0.00208986504003, 0.000326836714521, 0.000641357211862, 0.00708181411028, 0.0171207152307, 0.0123467706144, 0.0217446088791, 0.0250506512821, 0.0167648438364, 0.0067395856604, 0.00549242179841, 0.0035611204803, 0.00264860875905, 0.00279001053423, 0.00383827509359, 0.00209544785321], "min": [2.21995269385e-05, 4.679972335e-06, 5.97907383053e-05, 8.15141684143e-05, 0.0004710672074, 4.78461006423e-05, 2.22667131311e-06, 8.53714936966e-06, 1.02534741018e-05, 1.50013311213e-05, 5.9287390286e-06, 6.92661415087e-05, 4.85684831801e-05, 1.7056507204e-05, 0.00019841932226, 0.000331441493472, 0.000332242954755, 0.00151855417062, 0.00108651386108, 0.000416314287577, 4.14060996263e-05, 4.79375512441e-06, 7.74676936999e-06, 0.000271531258477, 0.000321759085637, 0.000185519340448, 8.64217872731e-05, 9.30798414629e-05, 6.02011423325e-05, 4.53227839898e-05, 6.61426092847e-05, 1.51295198521e-05, 1.48163626363e-05, 3.62848586519e-05, 2.96212674584e-05, 4.85683813167e-05], "dvar2": [0.000978794996627, 0.000964533071965, 0.0202976465225, 0.041648697108, 0.0256192982197, 0.00195831432939, 4.4648466428e-05, 3.51398812199e-05, 0.000173659762368, 0.000719633360859, 0.0029006972909, 0.018585132435, 0.0250292364508, 0.0311579294503, 0.0113741159439, 0.047051820904, 0.027814231813, 0.0152016896755, 0.0397782176733, 0.013896512799, 0.00150771287736, 6.3081868575e-05, 4.48247010354e-05, 0.00781942531466, 0.020812086761, 0.0122189251706, 0.0094170505181, 0.0203333497047, 0.00814033579081, 0.000570345669985, 0.000133190740598, 0.000310183881084, 0.00975861400366, 0.0274313855916, 0.0168012864888, 0.000568459334318], "dvar": [0.000497770728543, 0.000401084311306, 0.00931883882731, 0.0256415363401, 0.0112957442179, 0.00075266364729, 2.92297390843e-05, 1.38677560244e-05, 6.13814700046e-05, 0.000255416816799, 0.000979646458291, 0.00710523314774, 0.0141774900258, 0.0119318719953, 0.00535454507917, 0.023660171777, 0.0125265903771, 0.00766357872635, 0.0249731950462, 0.00787251256406, 0.000501509290189, 2.17504330067e-05, 1.51725398609e-05, 0.00365465157665, 0.0144276842475, 0.00746869621798, 0.00467207562178, 0.0111145768315, 0.00375606142916, 0.000254135375144, 8.70480507729e-05, 0.000129870590172, 0.00448703020811, 0.0143028022721, 0.00713967205957, 0.000238073102082], "dmean": [0.00543504673988, 0.00677355611697, 0.0707070454955, 0.0728327482939, 0.0768329650164, 0.0140113607049, 0.00158382358495, 0.00127829518169, 0.00357533898205, 0.00725157745183, 0.0146788870916, 0.0477498807013, 0.0468994267285, 0.0547629371285, 0.058105237782, 0.120059125125, 0.0923711210489, 0.0731678530574, 0.115500852466, 0.0730121210217, 0.00725215533748, 0.00183343433309, 0.00196567969397, 0.0291896667331, 0.0562810823321, 0.0397399701178, 0.0391882024705, 0.0554599389434, 0.0335403978825, 0.00838136486709, 0.00537169631571, 0.00675155688077, 0.0361655578017, 0.0568621605635, 0.0410653837025, 0.00677683390677], "max": [0.480207979679, 0.304116129875, 0.908136665821, 1, 1, 0.270822107792, 0.102903559804, 0.0574472136796, 0.0890757963061, 0.1648542732, 0.217736065388, 0.869247078896, 1, 0.948738455772, 0.859447181225, 1, 0.906408786774, 0.774919569492, 1, 1, 0.328890681267, 0.0510072000325, 0.0410551913083, 0.638199865818, 1, 0.81291860342, 0.627763688564, 1, 0.74251884222, 0.224924653769, 0.216894119978, 0.110485687852, 0.671175003052, 1, 0.841186463833, 0.228791445494], "var": [0.00144602672663, 0.000848971307278, 0.0478678382933, 0.205506011844, 0.0687633156776, 0.000617240613792, 3.23859021591e-05, 1.55531870405e-05, 8.67082926561e-05, 0.0003677290224, 0.00087208522018, 0.0476558208466, 0.190078675747, 0.0638896524906, 0.0172421559691, 0.0935656055808, 0.0403799414635, 0.035843078047, 0.132059216499, 0.0352332256734, 0.000275465485174, 1.35056043291e-05, 1.06130783024e-05, 0.0122224828228, 0.0713256597519, 0.0291181895882, 0.00997056439519, 0.0387304723263, 0.0126020926982, 0.000668165972456, 0.000476707093185, 0.000120945536764, 0.0217456258833, 0.0858549699187, 0.0264374390244, 0.000305313180434], "mean": [0.00800312962383, 0.00812684837729, 0.232537716627, 0.501834213734, 0.283203005791, 0.0122908735648, 0.00211138627492, 0.00127969891764, 0.00477920705453, 0.0100942244753, 0.015482865274, 0.161276757717, 0.329085856676, 0.186991870403, 0.126338019967, 0.304475873709, 0.201555639505, 0.204032614827, 0.386154443026, 0.200531065464, 0.00571154104546, 0.00145333819091, 0.00173660297878, 0.0611356198788, 0.145218059421, 0.0903614982963, 0.0643876343966, 0.127350181341, 0.0739225074649, 0.0165233835578, 0.0135391624644, 0.00718041928485, 0.0884986594319, 0.172434195876, 0.0917987525463, 0.00669189216569]}, "tuning_equal_tempered_deviation": 0.021360244602, "chords_changes_rate": 0.0135135138407, "key_key": "D#", "tuning_diatonic_strength": 0.393083453178, "key_scale": "minor", "chords_number_rate": 0.00772200757638, "tuning_frequency": 440.763122559, "tuning_nontempered_energy_ratio": 0.586898505688, "chords_histogram": [51.3513526917, 0, 0, 37.0656356812, 0, 0, 0, 0, 3.0888030529, 8.49420833588, 0, 0, 0, 0, 0, 0, 0, 0, 0, 0, 0, 0, 0, 0], "key_strength": 0.666068077087, "chords_key": "D#", "chords_strength": {"dmean2": 0.00273307529278, "median": 0.498864710331, "min": 0.260707855225, "dvar2": 8.17240379547e-06, "dvar": 1.52763150254e-05, "dmean": 0.00414480268955, "max": 0.557638466358, "var": 0.00298585533164, "mean": 0.481705307961}, "chords_scale": "minor", "hpcp_entropy": {"dmean2": 0.480467259884, "median": 1.46539473534, "min": 0.0454540289938, "dvar2": 0.185785606503, "dvar": 0.0926656499505, "dmean": 0.307273805141, "max": 2.49826931953, "var": 0.324852705002, "mean": 1.33908259869}}, "metadata": {"audio_properties": {"equal_loudness": 0, "codec": "flac", "downmix": "mix", "sample_rate": 44100, "analysis_sample_rate": 44100, "bit_rate": 0, "md5_encoded": "288636a374265f60bb3cb4418c6ca4ff", "length": 24, "replay_gain": -0.230669021606, "lossless": true}, "version": {"essentia_build_sha": "2d9f1f26377add8aeb1075a9c2973f962c4f09fd", "essentia": "2.1-beta2", "extractor": "music 1.0", "essentia_git_sha": "v2.1_beta2-1-ge3940c0"}, "tags": {"title": ["Section: 65"], "barcode": ["016861394424"], "media": ["CD"], "albumartist": ["Simeon ten Holt"], "tracktotal": ["92"], "musicbrainz_releasegroupid": ["5e7414a9-9312-39b1-9ba4-b6f432f61e94"], "performer": ["Kees Wieringa & Polo De Haas (Piano)"], "releasetype": ["album"], "musicbrainz_recordingid": ["0a201526-74ab-4400-99f2-12a22b0aa041"], "musicbrainz_albumartistid": ["e5460370-96aa-40bc-804b-8f722950e16f"], "discnumber": ["1"], "album": ["Canto Ostinato"], "catalognumber": ["EC 3944-2"], "releasecountry": ["NL"], "file_name": "29 - 65.flac", "date": ["1996"], "genre": ["Classical"], "disctotal": ["1"], "musicbrainz_artistid": ["e5460370-96aa-40bc-804b-8f722950e16f"], "originaldate": ["1996"], "musicbrainz_albumid": ["bf9b2644-ef0f-3f51-b173-ae1e308abbdf"], "artist": ["Simeon Ten Holt"], "artistsort": ["Holt, ten, Simeon"], "tracknumber": ["29"], "label": ["Emergo Classics"], "albumartistsort": ["Holt, ten, Simeon"], "acoustid_id": ["435fc424-534c-4e69-85ca-e16b4e371194"], "script": ["Latn"], "releasestatus": ["official"]}}, "rhythm": {"bpm_histogram_first_peak_bpm": {"dmean2": 0, "median": 152, "min": 152, "dvar2": 0, "dvar": 0, "dmean": 0, "max": 152, "var": 0, "mean": 152}, "bpm": 152.181945801, "bpm_histogram_second_peak_spread": {"dmean2": 0, "median": 0, "min": 0, "dvar2": 0, "dvar": 0, "dmean": 0, "max": 0, "var": 0, "mean": 0}, "bpm_histogram_first_peak_weight": {"dmean2": 0, "median": 0.762711882591, "min": 0.762711882591, "dvar2": 0, "dvar": 0, "dmean": 0, "max": 0.762711882591, "var": 0, "mean": 0.762711882591}, "onset_rate": 2.87248134613, "beats_position": [0.371519267559, 0.754648506641, 1.13777780533, 1.53251695633, 1.91564619541, 2.31038546562, 2.70512461662, 3.09986400604, 3.48299312592, 3.87773227692, 4.27247142792, 4.65560102463, 5.0387301445, 5.4334692955, 5.81659841537, 6.2229475975, 6.6176867485, 7.01242637634, 7.40716552734, 7.80190467834, 8.19664382935, 8.60299301147, 9.0093421936, 9.4040813446, 9.79882049561, 10.1935596466, 10.5882987976, 10.9830379486, 11.3777770996, 11.7725172043, 12.1672563553, 12.5619955063, 12.9567346573, 13.3514738083, 13.7462129593, 14.1409521103, 14.5356912613, 14.9304304123, 15.3251695633, 15.7199087143, 16.114648819, 16.50938797, 16.904127121, 17.298866272, 17.693605423, 18.088344574, 18.483083725, 18.877822876, 19.272562027, 19.6789112091, 20.0852603912, 20.4799995422, 20.8747386932, 21.2694778442, 21.6526069641, 22.0473461151, 22.4420852661, 22.8368244171, 23.2431735992, 23.6379127502], "beats_loudness": {"dmean2": 0.0217955652624, "median": 0.0321690738201, "min": 0.0112268449739, "dvar2": 0.000272603501799, "dvar": 0.000104154431028, "dmean": 0.0135528072715, "max": 0.0752492621541, "var": 0.00017429998843, "mean": 0.0334502607584}, "danceability": 1.34896707535, "bpm_histogram_second_peak_weight": {"dmean2": 0, "median": 0.135593220592, "min": 0.135593220592, "dvar2": 0, "dvar": 0, "dmean": 0, "max": 0.135593220592, "var": 0, "mean": 0.135593220592}, "beats_count": 60, "bpm_histogram_second_peak_bpm": {"dmean2": 0, "median": 157, "min": 157, "dvar2": 0, "dvar": 0, "dmean": 0, "max": 157, "var": 0, "mean": 157}, "bpm_histogram_first_peak_spread": {"dmean2": 0, "median": 0.117647081614, "min": 0.117647081614, "dvar2": 0, "dvar": 0, "dmean": 0, "max": 0.117647081614, "var": 0, "mean": 0.117647081614}, "beats_loudness_band_ratio": {"dmean2": [0.0790889039636, 0.422482430935, 0.426898866892, 0.0603926591575, 0.0095359319821, 0.000445015175501], "median": [0.0519361495972, 0.428943753242, 0.473182052374, 0.0431650541723, 0.00562400370836, 0.000129293679493], "min": [0.0130451079458, 0.0849687978625, 0.106093451381, 0.0111441845074, 0.00120319321286, 2.40009030676e-05], "dvar2": [0.00452973833308, 0.074629791081, 0.081996537745, 0.00279835145921, 5.0584319979e-05, 1.75644373712e-07], "dvar": [0.00167900649831, 0.0221689864993, 0.0227820109576, 0.000908873800654, 1.86171182577e-05, 6.57118732761e-08], "dmean": [0.0443558320403, 0.226961344481, 0.237209245563, 0.034663233906, 0.00541335577145, 0.00026048233849], "max": [0.203488886356, 0.689138770103, 0.88215559721, 0.169622510672, 0.0192011203617, 0.00120303151198], "var": [0.00182660063729, 0.0256522092968, 0.0305461082608, 0.00110332749318, 2.32257625612e-05, 6.46961879625e-08], "mean": [0.0641086399555, 0.4038374722, 0.500297367573, 0.0514134652913, 0.00705952988937, 0.000232215184951]}}, "lowlevel": {"barkbands_spread": {"dmean2": 0.720382153988, "median": 3.24595689774, "min": 0.958189427853, "dvar2": 0.480286747217, "dvar": 0.221449330449, "dmean": 0.499251514673, "max": 9.16340351105, "var": 1.43262767792, "mean": 3.35491037369}, "melbands_spread": {"dmean2": 0.961348831654, "median": 5.20220851898, "min": 1.7751557827, "dvar2": 0.876769423485, "dvar": 0.399008005857, "dmean": 0.679023742676, "max": 12.514708519, "var": 2.75767588615, "mean": 5.31347846985}, "hfc": {"dmean2": 3.41115951538, "median": 13.1523933411, "min": 0.542410671711, "dvar2": 11.7080898285, "dvar": 6.27012729645, "dmean": 2.53034353256, "max": 49.2963600159, "var": 39.3884010315, "mean": 14.5568418503}, "barkbands_kurtosis": {"dmean2": 1.86099374294, "median": 4.20213842392, "min": -0.365221053362, "dvar2": 3.71798586845, "dvar": 1.86798703671, "dmean": 1.33299255371, "max": 30.4166374207, "var": 13.6330575943, "mean": 5.14129638672}, "gfcc": {"mean": [-149.770233154, 244.601135254, -142.315078735, -58.8877029419, -34.1902580261, -58.7977409363, -30.063123703, -19.0693531036, -13.5030412674, -12.841629982, -7.40874052048, -17.7257061005, -7.1970615387], "icov": [[0.00491841230541, -0.00835383869708, 0.00765788508579, -0.00889371428639, 0.0113636897877, -0.0075493841432, 0.0115735698491, -0.00858349911869, 0.00550792226568, -0.00532936630771, 0.00231089396402, -0.00338288629428, 0.00227973144501], [-0.00835383869708, 0.0725641325116, -0.0395384468138, 0.0406741276383, -0.0717578977346, 0.0446814931929, -0.066642343998, 0.0567332915962, -0.043675892055, 0.046288266778, -0.0292770452797, 0.0248743742704, -0.0165942143649], [0.00765788508579, -0.0395384468138, 0.0342822186649, -0.0229988209903, 0.0437545441091, -0.0323834232986, 0.0479969605803, -0.0382670871913, 0.029590152204, -0.0257712397724, 0.0145826842636, -0.011625405401, 0.00988660659641], [-0.00889371428639, 0.0406741276383, -0.0229988209903, 0.0372123457491, -0.0453913547099, 0.028538538143, -0.0468986406922, 0.039239924401, -0.0274234972894, 0.0299197509885, -0.0157957989722, 0.0113143129274, -0.00600735936314], [0.0113636897877, -0.0717578977346, 0.0437545441091, -0.0453913547099, 0.0877681076527, -0.0515809245408, 0.0733650103211, -0.0622249320149, 0.0505252368748, -0.048988673836, 0.0327420905232, -0.0208007134497, 0.0153478300199], [-0.0075493841432, 0.0446814931929, -0.0323834232986, 0.028538538143, -0.0515809245408, 0.0527285002172, -0.0534680746496, 0.0454220212996, -0.0357147306204, 0.0383753217757, -0.0225707720965, 0.0170479584485, -0.00832736771554], [0.0115735698491, -0.066642343998, 0.0479969605803, -0.0468986406922, 0.0733650103211, -0.0534680746496, 0.0981381982565, -0.0721126720309, 0.0576900802553, -0.0551675185561, 0.0362060852349, -0.0297297760844, 0.0191418137401], [-0.00858349911869, 0.0567332915962, -0.0382670871913, 0.039239924401, -0.0622249320149, 0.0454220212996, -0.0721126720309, 0.0823635160923, -0.0550142116845, 0.0484510622919, -0.0345411710441, 0.0268761068583, -0.0176583491266], [0.00550792226568, -0.043675892055, 0.029590152204, -0.0274234972894, 0.0505252368748, -0.0357147306204, 0.0576900802553, -0.0550142116845, 0.075060673058, -0.0600250214338, 0.0437388792634, -0.0347906909883, 0.0252798814327], [-0.00532936630771, 0.046288266778, -0.0257712397724, 0.0299197509885, -0.048988673836, 0.0383753217757, -0.0551675185561, 0.0484510622919, -0.0600250214338, 0.0749478340149, -0.0445148125291, 0.037865396589, -0.0175735279918], [0.00231089396402, -0.0292770452797, 0.0145826842636, -0.0157957989722, 0.0327420905232, -0.0225707720965, 0.0362060852349, -0.0345411710441, 0.0437388792634, -0.0445148125291, 0.0588112063706, -0.0375061035156, 0.0192948393524], [-0.00338288629428, 0.0248743742704, -0.011625405401, 0.0113143129274, -0.0208007134497, 0.0170479584485, -0.0297297760844, 0.0268761068583, -0.0347906909883, 0.037865396589, -0.0375061035156, 0.0605903454125, -0.0299302842468], [0.00227973144501, -0.0165942143649, 0.00988660659641, -0.00600735936314, 0.0153478300199, -0.00832736771554, 0.0191418137401, -0.0176583491266, 0.0252798814327, -0.0175735279918, 0.0192948393524, -0.0299302842468, 0.0394463762641]], "cov": [[610.381774902, -136.181335449, -182.163345337, 203.812469482, -51.6443748474, -5.13089466095, 35.6865692139, -21.6627922058, 25.217168808, -8.36509895325, 9.25973415375, 47.0159606934, -12.6162347794], [-136.181335449, 128.070571899, 72.3028564453, -65.2582321167, 63.8505935669, 6.80873155594, -9.91475868225, -2.02438163757, -22.3775024414, -13.3362731934, -3.87972021103, -20.6440963745, 8.81977176666], [-182.163345337, 72.3028564453, 208.880645752, -98.3918228149, -3.62924766541, 30.2669487, -56.2731208801, 11.7282896042, -21.1514110565, -11.8378677368, 14.1218519211, -19.8436698914, 0.283430159092], [203.812469482, -65.2582321167, -98.3918228149, 177.133972168, 11.5336227417, 0.647154688835, 43.7907981873, -20.8803806305, 1.14156281948, -13.5350236893, -9.64438915253, 18.7769794464, -10.3401870728], [-51.6443748474, 63.8505935669, -3.62924766541, 11.5336227417, 91.5855484009, 16.8339805603, 0.35023394227, -1.83050298691, -14.2735948563, -7.48999071121, -13.2322320938, -16.2699813843, -0.620418667793], [-5.13089466095, 6.80873155594, 30.2669487, 0.647154688835, 16.8339805603, 61.8891296387, 3.80952119827, -6.77645301819, -7.27153587341, -14.2049922943, -0.988052129745, -3.16682815552, -6.28115463257], [35.6865692139, -9.91475868225, -56.2731208801, 43.7907981873, 0.35023394227, 3.80952119827, 63.3397789001, 10.2651071548, -1.65063691139, 2.32532858849, -4.57543754578, 6.66679430008, -1.54331219196], [-21.6627922058, -2.02438163757, 11.7282896042, -20.8803806305, -1.83050298691, -6.77645301819, 10.2651071548, 45.5895195007, 14.5109548569, 7.25599908829, 3.54268288612, -2.49196100235, -0.700996339321], [25.217168808, -22.3775024414, -21.1514110565, 1.14156281948, -14.2735948563, -7.27153587341, -1.65063691139, 14.5109548569, 60.6435928345, 32.6886482239, -8.6945476532, -2.79329609871, -16.2487049103], [-8.36509895325, -13.3362731934, -11.8378677368, -13.5350236893, -7.48999071121, -14.2049922943, 2.32532858849, 7.25599908829, 32.6886482239, 56.8242607117, 9.33916187286, -12.0421037674, -11.5247325897], [9.25973415375, -3.87972021103, 14.1218519211, -9.64438915253, -13.2322320938, -0.988052129745, -4.57543754578, 3.54268288612, -8.6945476532, 9.33916187286, 43.2483787537, 15.3797340393, 1.81820476055], [47.0159606934, -20.6440963745, -19.8436698914, 18.7769794464, -16.2699813843, -3.16682815552, 6.66679430008, -2.49196100235, -2.79329609871, -12.0421037674, 15.3797340393, 46.0941467285, 21.6192913055], [-12.6162347794, 8.81977176666, 0.283430159092, -10.3401870728, -0.620418667793, -6.28115463257, -1.54331219196, -0.700996339321, -16.2487049103, -11.5247325897, 1.81820476055, 21.6192913055, 48.2884407043]]}, "spectral_energyband_middle_low": {"dmean2": 0.00683079380542, "median": 0.0266798175871, "min": 0.00110629783012, "dvar2": 4.2001298425e-05, "dvar": 2.45996725425e-05, "dmean": 0.00516856973991, "max": 0.110261403024, "var": 0.000185848854017, "mean": 0.0297740940005}, "melbands_crest": {"dmean2": 2.96762108803, "median": 12.5929288864, "min": 6.3225069046, "dvar2": 8.11882781982, "dvar": 3.59359359741, "dmean": 1.97897291183, "max": 26.5216579437, "var": 14.731844902, "mean": 13.2799425125}, "spectral_kurtosis": {"dmean2": 53.9710693359, "median": 92.9034118652, "min": 7.77057647705, "dvar2": 1753.50695801, "dvar": 720.228149414, "dmean": 31.1849880219, "max": 196.088043213, "var": 1592.95019531, "mean": 91.48021698}, "spectral_rms": {"dmean2": 0.000610795163084, "median": 0.00529423821718, "min": 0.00110796245281, "dvar2": 2.89197430448e-07, "dvar": 1.68769204834e-07, "dmean": 0.000459068920463, "max": 0.0105730239302, "var": 1.32995637614e-06, "mean": 0.00544739328325}, "zerocrossingrate": {"dmean2": 0.00197770446539, "median": 0.02294921875, "min": 0.00537109375, "dvar2": 2.67579002866e-06, "dvar": 1.65212645697e-06, "dmean": 0.00151489966083, "max": 0.033203125, "var": 1.10203009172e-05, "mean": 0.0229742228985}, "silence_rate_60dB": {"dmean2": 0, "median": 0, "min": 0, "dvar2": 0, "dvar": 0, "dmean": 0, "max": 0, "var": 0, "mean": 0}, "erbbands_kurtosis": {"dmean2": 1.61893451214, "median": 2.60133814812, "min": -1.03431451321, "dvar2": 2.70368266106, "dvar": 1.31666231155, "dmean": 1.10136950016, "max": 16.5773487091, "var": 7.24951505661, "mean": 3.23540902138}, "erbbands": {"dmean2": [0.00160592363682, 0.00692385761067, 0.201641067863, 1.26580762863, 1.96201109886, 7.54023933411, 17.6673183441, 19.0795516968, 27.1325073242, 34.6904220581, 97.822479248, 25.6193199158, 8.04413795471, 4.82554197311, 7.02048158646, 7.64060783386, 3.76111459732, 1.72353482246, 2.73764204979, 2.24014878273, 1.2785961628, 0.797497868538, 0.509381651878, 0.202741056681, 0.082658983767, 0.0390422008932, 0.0170235149562, 0.00521135469899, 0.00239991210401, 0.000592520635109, 0.000196250184672, 0.000150314022903, 9.05066699488e-05, 5.32060439582e-05, 3.27394373016e-05, 1.85010976566e-05, 8.85736335476e-06, 3.18793308907e-06, 4.35485708294e-06, 7.89025307313e-06], "median": [0.000914843054488, 0.00504638114944, 0.148521602154, 1.9720928669, 3.15956664085, 14.5491714478, 26.6332435608, 38.4016571045, 59.8954124451, 65.6121063232, 124.614883423, 45.3628005981, 19.5114688873, 10.2625656128, 7.52391195297, 12.0592708588, 6.46890163422, 4.01149129868, 2.98326826096, 1.89694321156, 1.64217150211, 0.924116849899, 0.285125851631, 0.194840610027, 0.0727425813675, 0.0309145115316, 0.00779039599001, 0.00222720764577, 0.000793208077084, 0.000336775789037, 0.00010362204921, 7.52519263187e-05, 4.921668733e-05, 3.38326535712e-05, 2.59425160039e-05, 1.91708568309e-05, 1.13777450679e-05, 4.85973259856e-06, 2.09471181734e-05, 3.38839381584e-05], "min": [8.10371420812e-05, 0.000664184452035, 0.00474716117606, 0.0733584538102, 0.202376946807, 0.579042851925, 0.719576895237, 0.276244342327, 1.35637283325, 1.22006559372, 1.99633467197, 1.58238196373, 1.0658493042, 0.492665916681, 0.522248983383, 0.875147461891, 0.387768179178, 0.186207666993, 0.153447657824, 0.133991673589, 0.0864821299911, 0.0497817583382, 0.0197426844388, 0.018648467958, 0.00839850585908, 0.00275188591331, 0.000891735428013, 0.000211353821214, 6.82710378896e-05, 4.08362138842e-05, 1.91858835024e-05, 1.62276337505e-05, 1.19905726024e-05, 8.74554280017e-06, 6.65482411932e-06, 4.89655394631e-06, 2.99558701045e-06, 2.6610457553e-06, 9.92985042103e-06, 4.7425928642e-06], "dvar2": [2.64620189228e-06, 9.25074709812e-05, 0.122847363353, 2.65158343315, 6.68297433853, 81.4707565308, 584.404174805, 566.100402832, 1302.76184082, 1355.00646973, 14756.7490234, 1272.60620117, 69.3143539429, 35.0128517151, 102.859397888, 86.7465133667, 20.3715934753, 3.75119614601, 13.6145458221, 8.85385608673, 3.89314818382, 1.19845438004, 1.13368165493, 0.114555999637, 0.0136173535138, 0.00633661774918, 0.00196014670655, 0.000231399928452, 0.000130593718495, 8.44275018608e-06, 3.87102090826e-06, 2.19737398766e-06, 1.12897191684e-06, 5.08300558977e-07, 1.96600367985e-07, 5.92336206751e-08, 1.26665060662e-08, 1.61184465775e-09, 9.05391386863e-11, 5.56402354746e-11], "dvar": [8.94923573469e-07, 3.62401078746e-05, 0.0575690455735, 1.25510466099, 2.52422475815, 49.9760398865, 602.497558594, 307.413269043, 653.351196289, 798.983947754, 7587.50048828, 551.02520752, 39.2841949463, 21.5579948425, 53.0768852234, 50.6663017273, 11.0543632507, 2.36194014549, 5.61498832703, 3.85960745811, 1.91304326057, 0.756263911724, 0.492242574692, 0.054955124855, 0.00814620498568, 0.00319586438127, 0.000994539237581, 0.000122254190501, 6.67726635584e-05, 7.44569479139e-06, 3.82644157071e-06, 2.19337175622e-06, 1.12801274099e-06, 5.09183564645e-07, 1.96990114887e-07, 5.93584879027e-08, 1.26935315592e-08, 1.61312163627e-09, 8.57234283558e-11, 3.30233618229e-11], "dmean": [0.000918579171412, 0.00417540082708, 0.134052798152, 0.847581207752, 1.24393713474, 5.33635854721, 15.9699964523, 14.4699001312, 20.3300056458, 25.6150627136, 68.6564788818, 17.6125259399, 6.23241186142, 3.73943138123, 4.52123737335, 5.4690322876, 2.7467443943, 1.32147693634, 1.763194561, 1.43788468838, 0.94017380476, 0.585079133511, 0.332466363907, 0.137617439032, 0.0565969757736, 0.0280012600124, 0.0121729373932, 0.00344760040753, 0.00171052839141, 0.000435834139353, 0.000152385473484, 0.000116497598356, 6.99895681464e-05, 4.11347355112e-05, 2.54523711192e-05, 1.44731884575e-05, 6.95995822753e-06, 2.43252884502e-06, 3.1630106605e-06, 5.96101017436e-06], "max": [0.0078526744619, 0.0835688263178, 4.07801198959, 18.1503238678, 33.0291976929, 179.20753479, 609.327636719, 436.06817627, 614.604858398, 627.780639648, 1585.05151367, 387.662994385, 124.634292603, 77.7296218872, 121.978660583, 135.188217163, 46.141998291, 28.1937541962, 24.6214809418, 24.4486618042, 21.4124183655, 16.1679515839, 10.0788602829, 5.2235455513, 1.78379619122, 0.807028591633, 0.429464042187, 0.269733965397, 0.202100098133, 0.0817815363407, 0.0625192150474, 0.0475137718022, 0.0341164954007, 0.0229310467839, 0.0142693473026, 0.00783832371235, 0.00362724461593, 0.0012937480351, 0.000309817987727, 0.000128654370201], "var": [9.73224473455e-07, 7.12172986823e-05, 0.157697528601, 4.13517189026, 8.78487873077, 317.3175354, 5710.80810547, 2495.29931641, 4512.60546875, 11032.5537109, 27397.8378906, 1509.41638184, 250.549880981, 100.142715454, 202.662078857, 210.067016602, 43.0410499573, 17.7858810425, 13.0231895447, 7.34442710876, 6.42231369019, 2.97289061546, 1.20118701458, 0.146080374718, 0.0270302072167, 0.00629384024069, 0.00253671198152, 0.000237383501371, 8.97032005014e-05, 9.04768421606e-06, 3.86956526199e-06, 2.22510698222e-06, 1.1355703009e-06, 5.11195196395e-07, 1.97834864935e-07, 5.96391487306e-08, 1.27607355793e-08, 1.61981750235e-09, 1.2558187823e-10, 2.43078251971e-10], "mean": [0.00122384470887, 0.00808491185308, 0.298751413822, 2.45392990112, 3.95670437813, 19.1592483521, 56.0420341492, 54.382938385, 79.5448684692, 104.989120483, 173.563476563, 54.5888557434, 23.1906909943, 12.709189415, 12.4276914597, 16.4478549957, 8.46666240692, 5.25518131256, 4.13318777084, 2.6654984951, 2.45967841148, 1.57967579365, 0.685526311398, 0.323135852814, 0.130962565541, 0.0558724999428, 0.0251106284559, 0.00646275095642, 0.00269211782143, 0.000920698803384, 0.000239596804022, 0.000192324747331, 0.000110092238174, 6.47826527711e-05, 4.50767183793e-05, 2.99314197036e-05, 1.65464134625e-05, 6.58595354253e-06, 2.26869033213e-05, 3.73823095288e-05]}, "spectral_strongpeak": {"dmean2": 0.560837388039, "median": 1.67802357674, "min": 0.0366097912192, "dvar2": 0.358818292618, "dvar": 0.132946789265, "dmean": 0.366377711296, "max": 5.28267097473, "var": 0.583928108215, "mean": 1.76490783691}, "spectral_energy": {"dmean2": 0.00701182475314, "median": 0.0287296827883, "min": 0.00125827023294, "dvar2": 4.37510461779e-05, "dvar": 2.61551103904e-05, "dmean": 0.00529939029366, "max": 0.114583559334, "var": 0.000194311956875, "mean": 0.031779166311}, "average_loudness": 0.982930243015, "spectral_rolloff": {"dmean2": 47.3188209534, "median": 602.9296875, "min": 344.53125, "dvar2": 5739.0703125, "dvar": 2565.21240234, "dmean": 27.655796051, "max": 1098.19335938, "var": 4971.7890625, "mean": 598.687805176}, "spectral_centroid": {"dmean2": 28.8200473785, "median": 483.52130127, "min": 343.937652588, "dvar2": 759.671081543, "dvar": 403.497528076, "dmean": 21.1289672852, "max": 628.497802734, "var": 3068.24316406, "mean": 478.706207275}, "pitch_salience": {"dmean2": 0.0685703381896, "median": 0.613491356373, "min": 0.300812751055, "dvar2": 0.0032609931659, "dvar": 0.00155009340961, "dmean": 0.0458916537464, "max": 0.851149499416, "var": 0.00744625367224, "mean": 0.607320308685}, "spectral_energyband_middle_high": {"dmean2": 0.000454236840596, "median": 0.0012977408478, "min": 0.000110361492261, "dvar2": 2.31281390484e-07, "dvar": 1.43692545862e-07, "dmean": 0.000332835537847, "max": 0.00566820194945, "var": 7.12976429895e-07, "mean": 0.00150329130702}, "spectral_contrast_coeffs": {"dmean2": [0.0647354722023, 0.0572495721281, 0.0469294711947, 0.043636277318, 0.0317852087319, 0.0857235565782], "median": [-0.44209587574, -0.639091908932, -0.687533974648, -0.708020329475, -0.695543885231, -0.827867329121], "min": [-0.729581415653, -0.849719762802, -0.900410354137, -0.874790906906, -0.897830963135, -0.951509416103], "dvar2": [0.00240255356766, 0.00220808037557, 0.00161049840972, 0.00139300595038, 0.000922859355342, 0.00377539801411], "dvar": [0.000955228228122, 0.000850697397254, 0.000658915902022, 0.000576406135224, 0.000401699799113, 0.00137792783789], "dmean": [0.0398563854396, 0.0352205112576, 0.0293252971023, 0.0273273326457, 0.0203484408557, 0.0493555665016], "max": [-0.27236789465, -0.39368391037, -0.557036161423, -0.61189687252, -0.610535681248, -0.660867512226], "var": [0.00337841059081, 0.00341006880626, 0.00195460859686, 0.00138293660711, 0.000885796849616, 0.00303315278143], "mean": [-0.442290335894, -0.634444177151, -0.688524603844, -0.707472383976, -0.697114348412, -0.826871275902]}, "melbands_skewness": {"dmean2": 0.433891922235, "median": 0.996354162693, "min": -0.462289899588, "dvar2": 0.126078620553, "dvar": 0.0642319098115, "dmean": 0.298617273569, "max": 2.97736358643, "var": 0.366988778114, "mean": 1.03671324253}, "spectral_spread": {"dmean2": 433178.25, "median": 859103.75, "min": 401263.3125, "dvar2": 140181078016, "dvar": 54115606528, "dmean": 248577.375, "max": 4703881.5, "var": 76895731712, "mean": 887010.9375}, "dissonance": {"dmean2": 0.0786568820477, "median": 0.342803120613, "min": 0.173225715756, "dvar2": 0.00383498053998, "dvar": 0.00153341190889, "dmean": 0.0474239140749, "max": 0.49877974391, "var": 0.0044395676814, "mean": 0.345313221216}, "spectral_skewness": {"dmean2": 3.10114264488, "median": 6.50680780411, "min": 2.01079678535, "dvar2": 5.00429821014, "dvar": 1.91254627705, "dmean": 1.77505707741, "max": 11.3029165268, "var": 4.06685018539, "mean": 6.44836950302}, "spectral_flux": {"dmean2": 0.0219837818295, "median": 0.0432098098099, "min": 0.0158277843148, "dvar2": 0.000373595801648, "dvar": 0.000161326868692, "dmean": 0.0139026036486, "max": 0.144077926874, "var": 0.000315564364428, "mean": 0.0471631363034}, "spectral_contrast_valleys": {"dmean2": [0.740291714668, 0.423820376396, 0.446146607399, 0.446095496416, 0.409883886576, 1.41276299953], "median": [-9.03855609894, -5.92035388947, -7.7385559082, -8.99299621582, -10.6738004684, -14.0711746216], "min": [-10.5100688934, -7.50847864151, -8.83394145966, -10.0905580521, -12.2143297195, -15.3993873596], "dvar2": [0.323826819658, 0.115241773427, 0.138889506459, 0.153328284621, 0.23926307261, 1.08782684803], "dvar": [0.112943448126, 0.0440661534667, 0.0569331198931, 0.0684279724956, 0.113133519888, 0.35245642066], "dmean": [0.436037540436, 0.255592554808, 0.271612852812, 0.281117320061, 0.263121426105, 0.801995396614], "max": [-7.5769405365, -4.8631772995, -6.59050416946, -7.44260883331, -8.20410728455, -10.6731081009], "var": [0.20548582077, 0.133145436645, 0.141515597701, 0.167805448174, 0.295117974281, 0.527911603451], "mean": [-9.02925205231, -5.9491071701, -7.74996042252, -8.96406650543, -10.6467723846, -14.0626268387]}, "erbbands_flatness_db": {"dmean2": 0.019198032096, "median": 0.391829997301, "min": 0.202535480261, "dvar2": 0.00029963394627, "dvar": 0.000162070748047, "dmean": 0.0126530006528, "max": 0.465282708406, "var": 0.000701844634023, "mean": 0.391101211309}, "spectral_energyband_high": {"dmean2": 6.63857065319e-07, "median": 3.28115675075e-07, "min": 8.01123363203e-08, "dvar2": 4.46371542159e-12, "dvar": 2.31070414539e-12, "dmean": 4.87233762669e-07, "max": 2.17404049181e-05, "var": 4.03677482066e-12, "mean": 9.62032572716e-07}, "spectral_entropy": {"dmean2": 0.171832814813, "median": 5.74087572098, "min": 5.00126695633, "dvar2": 0.0310901664197, "dvar": 0.0152751430869, "dmean": 0.116192050278, "max": 6.87824201584, "var": 0.0624865628779, "mean": 5.73287725449}, "silence_rate_20dB": {"dmean2": 0, "median": 1, "min": 1, "dvar2": 0, "dvar": 0, "dmean": 0, "max": 1, "var": 0, "mean": 1}, "melbands_flatness_db": {"dmean2": 0.0259061381221, "median": 0.452818930149, "min": 0.274395495653, "dvar2": 0.000571404292714, "dvar": 0.000305091874907, "dmean": 0.0170886479318, "max": 0.540572762489, "var": 0.00135007931385, "mean": 0.45243114233}, "barkbands": {"dmean2": [0.000163191420143, 2.75098645943e-05, 0.000308413087623, 0.00048302297364, 0.00187200936489, 0.00218638591468, 0.00259867450222, 0.00352514651604, 0.00126650917809, 0.0001638331305, 0.000158104419825, 0.000245215545874, 8.32356163301e-05, 3.00714546029e-05, 7.16556314728e-05, 2.03600793611e-05, 1.81287487067e-05, 8.04324554338e-06, 2.8152185223e-06, 9.01911789697e-07, 2.13133887428e-07, 6.80702356703e-08, 6.93837121091e-09, 6.21596374373e-09, 4.5644656943e-09, 4.43089875901e-09, 2.0012940638e-08], "median": [4.52954991488e-05, 1.57698705152e-05, 0.000172962027136, 0.000748150399886, 0.00336325587705, 0.0043930131942, 0.00584734370932, 0.00381965469569, 0.0020161208231, 0.00029367004754, 0.000219156645471, 0.000340411294019, 0.000125786988065, 5.32135236426e-05, 5.2511197282e-05, 1.95995417016e-05, 1.95334450837e-05, 3.41471354659e-06, 2.81228994936e-06, 7.32702460482e-07, 1.00559788052e-07, 2.03703258705e-08, 2.94912694265e-09, 2.15193529662e-09, 1.1051348725e-09, 1.07128683702e-09, 7.5052213333e-08], "min": [4.00390433697e-07, 5.41920712749e-07, 1.16523892757e-06, 1.3019745893e-05, 9.61723635555e-05, 3.49410183844e-05, 2.49947770499e-05, 6.56827178318e-05, 7.11479369784e-05, 4.6649347496e-06, 3.62258538189e-06, 1.3807493815e-05, 1.85837370736e-06, 2.70813438874e-06, 2.5509864372e-06, 5.65352024751e-07, 7.22290224076e-07, 6.97897917235e-08, 2.86578085706e-07, 6.12666966049e-08, 8.97395580068e-09, 1.67539049301e-09, 3.40050404501e-10, 3.81422532447e-10, 3.02698616172e-10, 3.7671696318e-10, 4.90335025916e-08], "dvar2": [3.24458540035e-08, 7.9853890167e-10, 2.88514485192e-07, 2.98132533771e-07, 7.23642097e-06, 6.37711900708e-06, 9.56580333877e-06, 2.12391569221e-05, 3.97556277676e-06, 3.58710074977e-08, 4.15240890561e-08, 9.8566694362e-08, 1.05559099239e-08, 1.36076883095e-09, 7.27961957381e-09, 1.00362917976e-09, 6.52899234677e-10, 2.64866489852e-10, 1.52300550643e-11, 3.1982123113e-12, 2.15238837495e-13, 1.27317088621e-13, 5.05439170945e-15, 4.43414844569e-15, 3.96188819056e-15, 3.71999336852e-15, 4.17400091067e-15], "dvar": [1.15590523819e-08, 2.76037193103e-10, 1.4061579634e-07, 1.41195087622e-07, 5.62848617847e-06, 5.29000817551e-06, 5.4943448049e-06, 1.0931581528e-05, 1.69913653281e-06, 2.42533531036e-08, 2.31152199603e-08, 5.32760857652e-08, 5.43746825343e-09, 8.02825916857e-10, 2.9468283369e-09, 5.16020892682e-10, 4.08438199928e-10, 1.07706718544e-10, 8.21001513301e-12, 1.54443916423e-12, 1.1494386172e-13, 6.33768889148e-14, 5.03272121853e-15, 4.4275441298e-15, 3.96812531767e-15, 3.72569686487e-15, 4.01513395218e-15], "dmean": [9.0443805675e-05, 1.5765785065e-05, 0.000208003781154, 0.0003140544286, 0.00142274517566, 0.00183983542956, 0.00198635947891, 0.00245096371509, 0.000872556993272, 0.000127874460304, 0.000116275979963, 0.000166342710145, 5.94721605012e-05, 2.39851888182e-05, 4.37839516962e-05, 1.49637508002e-05, 1.30479565996e-05, 4.96790744364e-06, 1.91285448636e-06, 6.39560482796e-07, 1.43036899658e-07, 4.85121383065e-08, 5.42009370719e-09, 4.81953943421e-09, 3.50263218429e-09, 3.38514549725e-09, 1.24905694676e-08], "max": [0.000866441288963, 0.000150413747178, 0.00630943104625, 0.00584547687322, 0.0715971663594, 0.0591360218823, 0.0479108691216, 0.0557483881712, 0.0243844464421, 0.00356664136052, 0.00209036562592, 0.00506917852908, 0.000980477198027, 0.000358834979124, 0.000549147021957, 0.000317087804433, 0.000425416510552, 0.000137685594382, 4.76372806588e-05, 1.74516262632e-05, 6.22148854745e-06, 6.31806369711e-06, 2.27240866479e-06, 2.13513112612e-06, 2.02247952075e-06, 1.95976053874e-06, 2.10080861507e-06], "var": [1.08082707229e-08, 3.15566073272e-10, 4.26543493859e-07, 5.4455750842e-07, 4.30141444667e-05, 5.63801295357e-05, 6.42650047666e-05, 4.22718185291e-05, 5.1292581702e-06, 1.82572108542e-07, 9.03719552525e-08, 2.10151682722e-07, 2.04607459864e-08, 5.41406919297e-09, 4.90279417065e-09, 1.70439584668e-09, 1.3684581246e-09, 2.3252245962e-10, 2.28426184218e-11, 3.08696492847e-12, 2.80520588312e-13, 8.02184179e-14, 5.09107797694e-15, 4.47911361321e-15, 3.98278406986e-15, 3.73927268543e-15, 4.06785158875e-15], "mean": [8.34166421555e-05, 2.09950630961e-05, 0.000442995893536, 0.000896481564268, 0.005146170035, 0.00705693662167, 0.00809967610985, 0.00581740960479, 0.00259523908608, 0.000430299609434, 0.000312316493364, 0.000470990664326, 0.00016973791935, 8.08959448477e-05, 7.44686913094e-05, 3.42951643688e-05, 3.18509155477e-05, 8.92004300113e-06, 4.37963581135e-06, 1.28365445562e-06, 2.77155464801e-07, 7.52508029223e-08, 7.78678455049e-09, 6.91857593438e-09, 3.85076592835e-09, 3.74487862942e-09, 7.73892239181e-08]}, "erbbands_skewness": {"dmean2": 0.291698843241, "median": 1.12631320953, "min": -0.366669237614, "dvar2": 0.058556098491, "dvar": 0.0296608582139, "dmean": 0.205424904823, "max": 3.12020921707, "var": 0.23783390224, "mean": 1.16619443893}, "erbbands_spread": {"dmean2": 1.98514032364, "median": 7.59273290634, "min": 1.9336129427, "dvar2": 3.45442891121, "dvar": 1.6460069418, "dmean": 1.37034749985, "max": 23.1788806915, "var": 8.75653553009, "mean": 7.91982460022}, "melbands_kurtosis": {"dmean2": 1.74806916714, "median": 3.70159339905, "min": -0.608025074005, "dvar2": 2.88406252861, "dvar": 1.40506672859, "dmean": 1.25808906555, "max": 17.1851997375, "var": 8.05466461182, "mean": 4.3132610321}, "melbands": {"dmean2": [1.54807512445e-05, 7.64886135585e-05, 0.000199950693059, 0.00032058529905, 0.000547727628145, 0.00041384078213, 0.000466246012365, 0.000405897735618, 0.000784678617492, 0.000127592036733, 3.99185846618e-05, 2.02075534617e-05, 1.91374019778e-05, 3.08153248625e-05, 1.32245459099e-05, 1.0561907402e-05, 2.45483533945e-06, 3.71943974642e-06, 6.22579409537e-06, 1.1530548818e-06, 1.66850850292e-06, 1.03590218714e-06, 5.10940139975e-07, 4.57306754242e-07, 1.59360936891e-07, 9.51534815385e-08, 4.05853590735e-08, 2.58480312709e-08, 1.40383464853e-08, 6.47483178184e-09, 2.18161200216e-09, 1.83733483983e-09, 7.00949021049e-10, 1.93592128439e-10, 1.14981704713e-10, 9.09692668416e-11, 9.93933060855e-11, 6.91239426809e-11, 4.87785783987e-11, 4.2674329348e-11], "median": [9.12544510356e-06, 4.20408068749e-05, 0.000317705853377, 0.000583517423365, 0.000916706281714, 0.000882129184902, 0.00108255853411, 0.0008144719759, 0.00104276428465, 0.000231575671933, 9.16485078051e-05, 4.14881287725e-05, 2.73552959698e-05, 3.34952346748e-05, 1.91465314856e-05, 1.46311567732e-05, 5.20560479345e-06, 3.55912038685e-06, 3.72199770027e-06, 9.1942212066e-07, 2.11205110645e-06, 1.07632070012e-06, 2.73270387652e-07, 2.06251812074e-07, 1.53833866534e-07, 5.57783437216e-08, 3.82286380329e-08, 1.39653941744e-08, 5.52002399345e-09, 2.16377649132e-09, 8.74105787751e-10, 3.82793075016e-10, 2.88413876115e-10, 9.99845831129e-11, 4.43179694332e-11, 3.14486839348e-11, 3.33365973715e-11, 2.26162734374e-11, 1.26564618161e-11, 1.05786351901e-11], "min": [5.66962569337e-07, 1.14440740617e-06, 7.51206107452e-06, 1.49988863996e-05, 1.38002169479e-05, 4.41084239355e-06, 1.43064635267e-05, 6.25979600954e-06, 1.84302352864e-05, 8.34444836073e-06, 3.08779499392e-06, 6.69085181926e-07, 9.45874148783e-07, 2.5272934181e-06, 4.57506018847e-07, 4.78258584735e-07, 2.60951480868e-07, 1.8623569531e-07, 1.6813434911e-07, 7.21291470995e-08, 8.16968679374e-08, 4.1142726559e-08, 1.53706469774e-08, 7.99563526499e-09, 1.2605429589e-08, 2.01765049113e-09, 1.38598488242e-09, 8.59185111945e-10, 4.55123272403e-10, 1.82464515719e-10, 5.77831602011e-11, 2.52021615382e-11, 1.9829015166e-11, 1.07488740131e-