{"metadata": {"tags": {"album": ["Covers Volume 1"], "albumartist": ["Karmin"], "tracknumber": ["7"], "musicbrainz_recordingid": ["0a25c813-345e-4d5b-bf01-9c24efcdb110"], "artist": ["Karmin"], "date": ["2011"], "discnumber": ["1"], "title": ["Grenade (Bruno Mars Cover)"], "file_name": "2233486.mp3"}, "audio_properties": {"sample_rate": 44100, "downmix": "mix", "lossless": false, "analysis_sample_rate": 44100, "md5_encoded": "328fd3c9f6a62edd80d5c08c4f59d246", "equal_loudness": 0, "replay_gain": -11.2515144348, "codec": "mp3", "bit_rate": 320000, "length": 193.018768311}, "version": {"extractor": "music 1.0", "essentia_build_sha": "70f2e5ece6736b2c40cc944ad0e695b16b925413", "essentia_git_sha": "v2.1_beta2", "essentia": "2.1-beta2"}}, "rhythm": {"beats_loudness_band_ratio": {"dvar2": [0.221423566341, 0.109145797789, 0.0474316701293, 0.0440762601793, 0.0280225425959, 0.0791430771351], "var": [0.105892688036, 0.0530881844461, 0.0178575254977, 0.0126524008811, 0.0096415001899, 0.0225806310773], "min": [2.2467186227e-06, 0.000206366443308, 0.000341017788742, 0.000157189031597, 0.000302429456497, 1.13383603093e-05], "dmean": [0.355705231428, 0.198801591992, 0.109220847487, 0.0860751718283, 0.0837343558669, 0.124966412783], "mean": [0.477510541677, 0.208742499352, 0.10989099741, 0.0765628516674, 0.0707713663578, 0.0942997261882], "max": [0.990731418133, 0.897067368031, 0.879586935043, 0.880573093891, 0.59132540226, 0.997364640236], "dmean2": [0.674767315388, 0.363871783018, 0.193448185921, 0.157075196505, 0.151197880507, 0.233444899321], "median": [0.491309523582, 0.109644807875, 0.0686387270689, 0.0331733711064, 0.0344291627407, 0.044996637851], "dvar": [0.0690009891987, 0.0360869392753, 0.0172626171261, 0.0158409550786, 0.0102006830275, 0.0276196692139]}, "bpm_histogram_first_peak_weight": {"dvar2": 0, "var": 0, "min": 0.655555546284, "dmean": 0, "mean": 0.655555546284, "max": 0.655555546284, "dmean2": 0, "median": 0.655555546284, "dvar": 0}, "bpm": 111.926277161, "beats_count": 361, "bpm_histogram_first_peak_spread": {"dvar2": 0, "var": 0, "min": 0.315942049026, "dmean": 0, "mean": 0.315942049026, "max": 0.315942049026, "dmean2": 0, "median": 0.315942049026, "dvar": 0}, "danceability": 1.42426884174, "bpm_histogram_first_peak_bpm": {"dvar2": 0, "var": 0, "min": 112, "dmean": 0, "mean": 112, "max": 112, "dmean2": 0, "median": 112, "dvar": 0}, "beats_position": [0.510838985443, 1.05650794506, 1.60217678547, 2.13623571396, 2.68190479279, 3.21596360207, 3.76163268089, 4.3073015213, 4.88780021667, 5.4334692955, 5.9675283432, 6.52480697632, 7.07047605515, 7.61614513397, 8.15020370483, 8.68426322937, 9.21832180023, 9.76399040222, 10.3096599579, 10.8437185287, 11.3777770996, 11.9118366241, 12.445895195, 12.9799547195, 13.5140132904, 14.0480718613, 14.5821313858, 15.1161899567, 15.6502494812, 16.1843090057, 16.7183666229, 17.2408161163, 17.786485672, 18.3205432892, 18.8662128448, 19.4002723694, 19.9343299866, 20.4683895111, 21.0024490356, 21.548116684, 22.0821762085, 22.616235733, 23.1502952576, 23.6843528748, 24.2184123993, 24.7524719238, 25.286529541, 25.8205890656, 26.3546485901, 26.9003162384, 27.4343757629, 27.9684352875, 28.4908847809, 29.0249423981, 29.5590019226, 30.1046714783, 30.6387290955, 31.17278862, 31.6952381134, 32.2292976379, 32.7633552551, 33.3090248108, 33.8546943665, 34.3771438599, 34.8995895386, 35.4336509705, 35.9677085876, 36.5133781433, 37.059047699, 37.6047172546, 38.1503829956, 38.6844444275, 39.2185020447, 39.7525634766, 40.2866210938, 40.8206787109, 41.3547401428, 41.88879776, 42.4228553772, 42.9569168091, 43.4909744263, 44.0250320435, 44.5590934753, 45.0931510925, 45.6272087097, 46.1612701416, 46.6953277588, 47.229385376, 47.7634468079, 48.297504425, 48.8315620422, 49.3656234741, 49.8996810913, 50.4337387085, 50.9794082642, 51.513469696, 52.0591392517, 52.5931968689, 53.1272544861, 53.6729240417, 54.2185935974, 54.7526512146, 55.2867126465, 55.8207702637, 56.3548278809, 56.8888893127, 57.4229469299, 57.9570045471, 58.491065979, 59.0251235962, 59.5591812134, 60.0932426453, 60.6156921387, 61.1497497559, 61.6954193115, 62.2294769287, 62.7635345459, 63.2975959778, 63.8432655334, 64.3773193359, 64.899772644, 65.4338302612, 65.9678878784, 66.5019454956, 67.0476150513, 67.5932846069, 68.1273422241, 68.6730117798, 69.2186813354, 69.7643508911, 70.2868041992, 70.8092498779, 71.3433074951, 71.8773651123, 72.423034668, 72.9570999146, 73.4911575317, 74.0368270874, 74.5708847046, 75.1165542603, 75.6506118774, 76.1846694946, 76.7071151733, 77.2295684814, 77.7636260986, 78.2976837158, 78.831741333, 79.3658065796, 79.9114761353, 80.4571380615, 80.9912033081, 81.5252609253, 82.0593185425, 82.5933761597, 83.1274337769, 83.661491394, 84.1955566406, 84.7412261963, 85.2868881226, 85.8209533691, 86.3550109863, 86.900680542, 87.4463500977, 87.9804077148, 88.5028533936, 89.0253067017, 89.5593643188, 90.093421936, 90.6158676147, 91.1615371704, 91.695602417, 92.2412643433, 92.7637176514, 93.2977752686, 93.8434448242, 94.3891143799, 94.9231719971, 95.4572296143, 95.9912872314, 96.525352478, 97.0594100952, 97.6050796509, 98.1507492065, 98.6964187622, 99.2304763794, 99.7645339966, 100.310203552, 100.855873108, 101.378318787, 101.912376404, 102.44644165, 102.957275391, 103.479728699, 104.002174377, 104.536231995, 105.070289612, 105.615959167, 106.161628723, 106.69568634, 107.241355896, 107.787025452, 108.321083069, 108.855148315, 109.389205933, 109.92326355, 110.457321167, 110.991378784, 111.525436401, 112.059501648, 112.593559265, 113.127616882, 113.6616745, 114.195732117, 114.729797363, 115.26385498, 115.797912598, 116.331970215, 116.877639771, 117.423309326, 117.957366943, 118.491424561, 119.025482178, 119.559547424, 120.093605042, 120.627662659, 121.161720276, 121.695777893, 122.22983551, 122.763900757, 123.297958374, 123.84362793, 124.389297485, 124.923355103, 125.45741272, 125.991470337, 126.525527954, 127.059593201, 127.593650818, 128.127700806, 128.661773682, 129.195831299, 129.729888916, 130.263946533, 130.79800415, 131.332061768, 131.877731323, 132.423400879, 132.957458496, 133.491516113, 134.02557373, 134.559631348, 135.093688965, 135.627746582, 136.161804199, 136.695877075, 137.241546631, 137.787200928, 138.321273804, 138.855331421, 139.389389038, 139.923446655, 140.457504272, 140.99156189, 141.50239563, 142.036453247, 142.570526123, 143.10458374, 143.638641357, 144.184310913, 144.706756592, 145.240814209, 145.774871826, 146.308929443, 146.842987061, 147.400268555, 147.94593811, 148.479995728, 149.025665283, 149.571334839, 150.093780518, 150.651062012, 151.196731567, 151.742401123, 152.27645874, 152.810516357, 153.356185913, 153.89024353, 154.412689209, 154.946762085, 155.480819702, 156.014877319, 156.548934937, 157.082992554, 157.617050171, 158.151107788, 158.685165405, 159.219223022, 159.75328064, 160.287338257, 160.821395874, 161.35546875, 161.889526367, 162.423583984, 162.957641602, 163.491699219, 164.025756836, 164.559814453, 165.09387207, 165.627929688, 166.161987305, 166.70765686, 167.253326416, 167.787384033, 168.32144165, 168.855514526, 169.401168823, 169.935241699, 170.480911255, 171.014968872, 171.549026489, 172.083084106, 172.617141724, 173.151199341, 173.685256958, 174.207702637, 174.730148315, 175.264221191, 175.798278809, 176.332336426, 176.866394043, 177.40045166, 177.946121216, 178.491790771, 179.025848389, 179.559906006, 180.093963623, 180.639633179, 181.185302734, 181.719360352, 182.24180603, 182.764266968, 183.298324585, 183.843994141, 184.389663696, 184.923721313, 185.457778931, 185.991836548, 186.537506104, 187.083175659, 187.524353027, 187.953918457, 188.383483887, 188.813064575, 189.254241943, 189.695419312, 190.13659668, 190.589385986, 191.030563354, 191.471740723, 191.924530029, 192.365707397], "beats_loudness": {"dvar2": 0.00193708576262, "var": 0.000732505752239, "min": 6.29760354975e-10, "dmean": 0.0357797555625, "mean": 0.0363543219864, "max": 0.128077045083, "dmean2": 0.0693655461073, "median": 0.0273785870522, "dvar": 0.000574700185098}, "bpm_histogram_second_peak_weight": {"dvar2": 0, "var": 0, "min": 0.0194444451481, "dmean": 0, "mean": 0.0194444451481, "max": 0.0194444451481, "dmean2": 0, "median": 0.0194444451481, "dvar": 0}, "bpm_histogram_second_peak_spread": {"dvar2": 0, "var": 0, "min": 0.416666686535, "dmean": 0, "mean": 0.416666686535, "max": 0.416666686535, "dmean2": 0, "median": 0.416666686535, "dvar": 0}, "bpm_histogram_second_peak_bpm": {"dvar2": 0, "var": 0, "min": 136, "dmean": 0, "mean": 136, "max": 136, "dmean2": 0, "median": 136, "dvar": 0}, "onset_rate": 4.24266386032}, "lowlevel": {"spectral_energyband_high": {"dvar2": 2.35215029534e-05, "var": 9.25668427953e-06, "min": 7.82738153101e-21, "dmean": 0.000994766131043, "mean": 0.00122465239838, "max": 0.0378827229142, "dmean2": 0.0016359979054, "median": 0.000346289627487, "dvar": 8.91079889698e-06}, "spectral_energyband_middle_low": {"dvar2": 3.32473900926e-05, "var": 3.22193845932e-05, "min": 2.64460506657e-22, "dmean": 0.00247465097345, "mean": 0.00687126955017, "max": 0.0552204065025, "dmean2": 0.00380262895487, "median": 0.00558833545074, "dvar": 1.42640283229e-05}, "spectral_energy": {"dvar2": 0.00312171387486, "var": 0.00119476695545, "min": 1.08095873591e-20, "dmean": 0.0148435011506, "mean": 0.0228023044765, "max": 0.304397135973, "dmean2": 0.0234062410891, "median": 0.0135741848499, "dvar": 0.00123929174151}, "spectral_spread": {"dvar2": 2911879036930.0, "var": 5720581865470.0, "min": 462151.125, "dmean": 737443.4375, "mean": 4576444, "max": 39436648, "dmean2": 1066474.25, "median": 4168902, "dvar": 1679896739840.0}, "spectral_energyband_low": {"dvar2": 0.00329508888535, "var": 0.00110483192839, "min": 1.14044447243e-22, "dmean": 0.01209639851, "mean": 0.0102671366185, "max": 0.301093250513, "dmean2": 0.0195305477828, "median": 0.000779507041443, "dvar": 0.00130609760527}, "spectral_rolloff": {"dvar2": 4925900, "var": 5040145.5, "min": 21.533203125, "dmean": 819.071105957, "mean": 2202.07739258, "max": 18647.7539062, "dmean2": 1356.82910156, "median": 1571.92382812, "dvar": 2443032.25}, "barkbands": {"dvar2": [3.79718514409e-08, 0.000638875411823, 0.0011296182638, 5.21601668879e-06, 4.14367787016e-06, 1.24060597955e-05, 2.80962217403e-06, 7.46815942421e-07, 6.44271312922e-06, 5.76550064579e-06, 1.16000671824e-06, 8.92838727395e-07, 2.0721186047e-06, 1.31872081965e-06, 1.50626033246e-06, 1.7720200276e-06, 1.54566123456e-06, 1.36315907184e-06, 2.36468645198e-06, 2.88363185064e-06, 2.2546873879e-06, 4.16382903268e-07, 5.75625790589e-07, 7.35942705887e-07, 9.63018010225e-07, 1.77009013669e-07, 7.66083196879e-09], "var": [1.44840761607e-08, 0.00026477695792, 0.000296029407764, 3.24551069752e-06, 3.51889002559e-06, 8.71406064107e-06, 1.83111683327e-06, 6.43675605261e-07, 4.34326784671e-06, 8.24204380478e-06, 2.19043977268e-06, 1.14602687518e-06, 1.98319980882e-06, 1.68542931078e-06, 1.12531711238e-06, 1.61158277479e-06, 9.95563027573e-07, 1.36239168569e-06, 2.16834064304e-06, 1.39099461194e-06, 5.44427393834e-07, 1.16706132758e-07, 2.34811011524e-07, 6.52835296933e-07, 6.38835331301e-07, 7.99350843295e-08, 3.99932620354e-09], "min": [7.9558973097e-24, 9.09131774791e-23, 1.22052811691e-23, 1.51119590813e-23, 4.91763582085e-23, 7.77420213285e-23, 2.2419445859e-23, 5.71761398503e-23, 3.22342386716e-23, 5.39465243717e-23, 6.55296972092e-23, 9.31923607173e-23, 1.58122801318e-22, 1.65411333346e-22, 2.02043484186e-22, 1.53173109345e-22, 9.89554692574e-23, 3.37692496594e-22, 4.23429282409e-22, 1.61172259898e-22, 3.78249792106e-22, 6.89444892656e-22, 5.91307516334e-22, 8.20600932002e-22, 9.6747819926e-22, 1.96508608883e-21, 2.56138637525e-21], "dmean": [4.16930743086e-05, 0.0057618287392, 0.00631994288415, 0.00068102881778, 0.000642972707283, 0.00103676703293, 0.000359800644219, 0.000204024181585, 0.000552500772756, 0.000493431580253, 0.000267042196356, 0.000210102865822, 0.000265288283117, 0.000255299702985, 0.00023142407008, 0.000261031731497, 0.000251878198469, 0.0003311962937, 0.000435490423115, 0.000412242632592, 0.000234562336118, 9.00390950846e-05, 0.000124710117234, 0.000156406487804, 0.000140796139021, 6.50397560094e-05, 1.43835977724e-05], "mean": [4.48789978691e-05, 0.00513401813805, 0.00466124992818, 0.000892065931112, 0.00134471256752, 0.00231920182705, 0.000665434985422, 0.000360371166607, 0.000926856999286, 0.00100707483944, 0.000515983439982, 0.000344332802342, 0.000389028718928, 0.000380105135264, 0.000305778405163, 0.00038636039244, 0.000359118159395, 0.000565994007047, 0.000718649593182, 0.00062949891435, 0.000215492007555, 7.52395717427e-05, 0.000127728562802, 0.000191548955627, 0.000157810733072, 6.74855473335e-05, 1.59987102961e-05], "max": [0.00425733346492, 0.145139634609, 0.183263286948, 0.0262320581824, 0.0310376025736, 0.0497267842293, 0.0299803223461, 0.0121734850109, 0.0497418791056, 0.0440697744489, 0.0381547287107, 0.013709185645, 0.0236739255488, 0.0203511677682, 0.0194937959313, 0.0207901299, 0.0244765747339, 0.0156430862844, 0.0285035464913, 0.012833523564, 0.0154503686354, 0.00958168599755, 0.00816754437983, 0.0176432412118, 0.0173429194838, 0.00661181751639, 0.00142393715214], "dmean2": [6.94982954883e-05, 0.00885307881981, 0.0108531443402, 0.00106991548091, 0.00100761547219, 0.00162292469759, 0.000569088733755, 0.000317344587529, 0.000827043491881, 0.00068400229793, 0.000374799972633, 0.000314696371788, 0.000398155680159, 0.000377484189812, 0.00036208567326, 0.000398407923058, 0.000393380614696, 0.000506324868184, 0.000666058273055, 0.000659688317683, 0.000411114335293, 0.000155709276441, 0.000206868775422, 0.000245233793976, 0.00022294028895, 0.000107275904156, 2.34849467233e-05], "median": [6.93415177011e-06, 0.000221471724217, 0.000263619032921, 0.000232036371017, 0.000759349321015, 0.00150310434401, 0.000184428514331, 0.000123946840176, 0.000222672504606, 7.45832003304e-05, 9.56671283348e-05, 5.20158246218e-05, 3.81856661988e-05, 2.23242495849e-05, 4.42876698799e-05, 4.5331329602e-05, 5.14129023941e-05, 0.000114685375593, 0.000219839974307, 0.000183217547601, 3.45799562638e-05, 5.92774358665e-06, 1.88382291526e-05, 2.64914506261e-05, 1.72067411768e-05, 9.32720558922e-06, 2.58694240074e-06], "dvar": [1.48171812597e-08, 0.000269529642537, 0.000420729251346, 2.26296765504e-06, 1.7623704025e-06, 5.13545910508e-06, 1.11406563974e-06, 3.30203164367e-07, 2.71526073448e-06, 2.95384825222e-06, 6.63797038669e-07, 4.34393996329e-07, 9.82081473921e-07, 6.88017451012e-07, 6.80723701407e-07, 8.23332243272e-07, 6.47052331715e-07, 5.96692018462e-07, 1.09267989501e-06, 1.08402150545e-06, 7.99635870408e-07, 1.51382081981e-07, 2.20593918243e-07, 3.49786517972e-07, 4.26756884053e-07, 7.22511472873e-08, 3.14699777348e-09]}, "melbands_skewness": {"dvar2": 5.8655295372, "var": 5.47899580002, "min": -5.80272340775, "dmean": 1.11103582382, "mean": 2.59156799316, "max": 21.9777317047, "dmean2": 1.60294544697, "median": 2.02559161186, "dvar": 2.66481375694}, "barkbands_skewness": {"dvar2": 3.21399188042, "var": 3.62830758095, "min": -6.0764875412, "dmean": 0.899757385254, "mean": 1.48262548447, "max": 12.9585943222, "dmean2": 1.29220926762, "median": 1.11161470413, "dvar": 1.48485040665}, "erbbands": {"dvar2": [0.0256473105401, 60.5939064026, 1546.90661621, 323.340087891, 70.4067230225, 46.396736145, 335.215270996, 1379.26000977, 766.390686035, 213.961975098, 534.23828125, 4299.47314453, 4450.03564453, 2976.26098633, 1576.46606445, 1327.70532227, 3286.67041016, 2951.86865234, 2715.74658203, 4446.78125, 4721.65185547, 3959.99536133, 2471.12207031, 7627.33642578, 4655.93603516, 6292.59667969, 7845.98046875, 1342.41723633, 521.516662598, 565.619628906, 450.293487549, 245.681396484, 300.409942627, 182.281356812, 36.3656082153, 5.69593429565, 0.413888037205, 0.0186422131956, 0.000208521334571, 3.56578482297e-07], "var": [0.0119076734409, 23.9507846832, 452.642272949, 83.0060424805, 45.326713562, 41.6885375977, 344.584381104, 958.639953613, 487.029266357, 163.007629395, 460.958709717, 2823.06762695, 7168.80322266, 4794.01123047, 3183.2902832, 1900.10534668, 3471.27563477, 4318.45068359, 2395.85424805, 4475.10693359, 4577.48046875, 2624.57104492, 2636.47363281, 7760.26464844, 3192.07641602, 3227.31787109, 2112.80493164, 319.220733643, 141.972961426, 175.797805786, 202.039520264, 178.237213135, 263.557891846, 128.577926636, 21.3808670044, 2.64570307732, 0.185967519879, 0.00944280903786, 0.000109227774374, 2.10965637848e-07], "min": [1.76414602541e-21, 2.33916595966e-20, 2.07742759616e-20, 3.25001847611e-20, 9.90509557077e-20, 2.08968066135e-19, 4.7319466647e-19, 4.78764125234e-19, 3.23351829085e-19, 4.20402500512e-19, 1.49824484316e-18, 8.23322797272e-19, 1.08697260715e-18, 2.98055136348e-18, 2.60296822927e-18, 4.15070297828e-18, 7.29433754902e-18, 8.98045837375e-18, 8.08892724544e-18, 1.3169407702e-17, 5.84136709252e-18, 6.31100508916e-18, 1.11780886641e-17, 2.53292596644e-17, 2.01693351274e-17, 8.13114902545e-18, 1.31374892837e-17, 1.65697296517e-17, 2.56189333518e-17, 2.07663858218e-17, 1.52854837743e-17, 1.53230824418e-17, 1.38366330908e-17, 9.45985834238e-18, 7.29593566197e-18, 6.86695276526e-18, 3.92548568572e-18, 1.36220258372e-18, 3.06862578109e-19, 4.20509769036e-20], "dmean": [0.0387682802975, 1.7413482666, 7.75873279572, 3.69385695457, 2.32357692719, 1.97229206562, 4.9672498703, 10.1411371231, 6.01641702652, 3.58269095421, 5.14762783051, 13.7984409332, 14.364490509, 11.8409662247, 10.0097646713, 8.1481218338, 10.8998880386, 12.537940979, 11.0993690491, 11.8942909241, 13.6210250854, 12.6150684357, 13.4931640625, 25.0134906769, 16.785993576, 19.4048938751, 14.9946737289, 5.34615898132, 3.14737915993, 3.43724703789, 3.64932870865, 3.0279610157, 2.7431447506, 1.83311867714, 0.869221508503, 0.359268635511, 0.103977188468, 0.0227088592947, 0.00239082612097, 0.000110936023702], "mean": [0.0394066050649, 1.51793158054, 5.98644590378, 3.40912389755, 3.59737420082, 4.45089912415, 10.6645393372, 22.369134903, 11.9396495819, 6.8689198494, 9.61328601837, 24.2876586914, 28.3981075287, 25.8427009583, 20.9584350586, 15.3061075211, 17.9246311188, 20.23478508, 16.3281707764, 18.9660015106, 21.6816577911, 19.1918754578, 24.8564472198, 45.0353012085, 29.1712474823, 30.5198631287, 17.1028327942, 4.75862216949, 2.66707444191, 3.07246804237, 3.82731318474, 3.5927336216, 3.37666988373, 2.13417434692, 0.909688651562, 0.359866499901, 0.108656063676, 0.0248256288469, 0.00267365202308, 0.000141060329042], "max": [0.950746774673, 43.0483474731, 215.216064453, 86.9376068115, 131.435531616, 155.686767578, 296.472564697, 570.463806152, 473.323669434, 227.06300354, 393.155487061, 1393.55432129, 1744.02819824, 1247.21264648, 1191.28149414, 668.675598145, 1195.1907959, 1177.07727051, 1186.0357666, 1364.60119629, 1169.07324219, 1353.05664062, 1093.92700195, 1507.90649414, 1467.87219238, 738.384399414, 897.187194824, 333.333282471, 343.070526123, 278.14276123, 224.254272461, 281.494354248, 439.35244751, 236.38470459, 121.641281128, 37.1140480042, 9.79076576233, 2.37784075737, 0.255684524775, 0.00879227276891], "dmean2": [0.0598713569343, 2.70431232452, 12.974562645, 6.41205263138, 3.61666440964, 3.08956050873, 7.76870012283, 15.8992233276, 9.46718502045, 5.6028175354, 7.96263694763, 20.8127555847, 19.6887893677, 16.4942035675, 13.7055988312, 11.9292545319, 15.6730394363, 18.1196632385, 17.0993213654, 17.3084373474, 20.5732002258, 19.4848365784, 19.9540748596, 37.6872940063, 25.5433578491, 30.7693977356, 25.691362381, 9.36654376984, 5.45780944824, 5.90916919708, 6.02906942368, 4.8464756012, 4.26958942413, 2.86672925949, 1.39920389652, 0.592544257641, 0.171455517411, 0.0370515957475, 0.00390256568789, 0.000177173365955], "median": [0.00339284911752, 0.0595736019313, 0.292215168476, 0.737005829811, 1.49053692818, 2.58281707764, 5.57784891129, 14.0555591583, 4.77234315872, 2.54071712494, 3.67259573936, 6.58883094788, 4.39091205597, 3.67535018921, 5.83935308456, 2.98233413696, 2.56849312782, 1.9569144249, 2.91649627686, 3.04123473167, 2.86360359192, 3.23964571953, 5.75849628448, 13.5015525818, 10.4742507935, 9.18156242371, 4.11739444733, 0.819433689117, 0.262271046638, 0.322527319193, 0.579856514931, 0.535338044167, 0.43307647109, 0.221375718713, 0.104394540191, 0.0410803183913, 0.0159960389137, 0.00393006624654, 0.000446358317276, 4.37931666966e-05], "dvar": [0.0110565023497, 25.2083377838, 592.851501465, 117.898506165, 30.3089103699, 19.9667453766, 152.657897949, 572.906555176, 307.009063721, 88.9700393677, 239.936538696, 1773.33410645, 2411.37231445, 1490.61462402, 902.72467041, 639.125, 1536.04907227, 1579.91918945, 1245.20617676, 2163.8527832, 2138.9609375, 1701.62658691, 1127.45825195, 3482.29345703, 1986.50976562, 2386.1105957, 2800.08203125, 475.630432129, 188.33833313, 207.987442017, 176.28805542, 110.715843201, 142.7784729, 81.1283416748, 15.7159767151, 2.34962511063, 0.167733475566, 0.00770171266049, 8.55218750075e-05, 1.52070498416e-07]}, "silence_rate_30dB": {"dvar2": 0.150183916092, "var": 0.0468847677112, "min": 0, "dmean": 0.0666426047683, "mean": 0.950685620308, "max": 1, "dmean2": 0.133301258087, "median": 1, "dvar": 0.0622070208192}, "melbands_spread": {"dvar2": 1041.29516602, "var": 1050.21044922, "min": 0.376835733652, "dmean": 13.0835132599, "mean": 32.355670929, "max": 299.104064941, "dmean2": 19.460981369, "median": 24.5208702087, "dvar": 488.087158203}, "melbands_crest": {"dvar2": 30.1763687134, "var": 46.2373771667, "min": 2.1302523613, "dmean": 3.67345619202, "mean": 15.1516284943, "max": 36.6536026001, "dmean2": 5.5613284111, "median": 13.737197876, "dvar": 14.4095478058}, "zerocrossingrate": {"dvar2": 0.000722956494428, "var": 0.00385004491545, "min": 0.00439453125, "dmean": 0.0171888750046, "mean": 0.076409265399, "max": 0.49853515625, "dmean2": 0.0187826734036, "median": 0.0654296875, "dvar": 0.000671905290801}, "barkbands_kurtosis": {"dvar2": 849.525695801, "var": 372.491577148, "min": -1.94115138054, "dmean": 6.86403512955, "mean": 7.1146736145, "max": 305.543395996, "dmean2": 11.0288696289, "median": 1.09494423866, "dvar": 345.597595215}, "spectral_flux": {"dvar2": 0.0077194548212, "var": 0.00531865702942, "min": 1.03969166609e-10, "dmean": 0.0382428206503, "mean": 0.0843897983432, "max": 0.477684825659, "dmean2": 0.0605686157942, "median": 0.0675069242716, "dvar": 0.00321533507667}, "barkbands_crest": {"dvar2": 13.9197511673, "var": 24.6954975128, "min": 2.50371384621, "dmean": 2.59551787376, "mean": 10.9799585342, "max": 26.0655956268, "dmean2": 4.0275220871, "median": 9.92953777313, "dvar": 6.16452264786}, "barkbands_flatness_db": {"dvar2": 0.002588897245, "var": 0.00643845414743, "min": 0.0203587897122, "dmean": 0.0299785789102, "mean": 0.163219630718, "max": 0.524191260338, "dmean2": 0.0439921543002, "median": 0.142369911075, "dvar": 0.00116961169988}, "spectral_entropy": {"dvar2": 0.194022625685, "var": 0.526687145233, "min": 4.2507853508, "dmean": 0.2771692276, "mean": 7.0812792778, "max": 9.79747486115, "dmean2": 0.40333122015, "median": 7.108335495, "dvar": 0.0942439958453}, "pitch_salience": {"dvar2": 0.0173900611699, "var": 0.0227346103638, "min": 0.0729351937771, "dmean": 0.0859315693378, "mean": 0.514861226082, "max": 0.888239383698, "dmean2": 0.130326673388, "median": 0.525895953178, "dvar": 0.00793052930385}, "erbbands_spread": {"dvar2": 515.368103027, "var": 473.192016602, "min": 2.60450744629, "dmean": 10.7669649124, "mean": 37.6704216003, "max": 203.417572021, "dmean2": 16.4585800171, "median": 34.1278076172, "dvar": 213.916259766}, "dynamic_complexity": 3.32758688927, "spectral_contrast_valleys": {"dvar2": [0.546966254711, 0.434498041868, 0.381899505854, 0.4627995193, 0.511585772038, 0.604965031147], "var": [3.01957774162, 2.24724364281, 2.04214000702, 2.01864099503, 2.35823249817, 2.7835662365], "min": [-26.9190616608, -27.5488471985, -27.795091629, -27.5868835449, -27.1756362915, -27.1998405457], "dmean": [0.506866753101, 0.410714566708, 0.376784026623, 0.415264695883, 0.458169043064, 0.49185615778], "mean": [-8.32801628113, -7.70431995392, -8.42597961426, -8.91878223419, -8.32177734375, -10.808757782], "max": [-5.3783493042, -5.03400325775, -5.76224327087, -5.82708930969, -5.05249357224, -7.16945028305], "dmean2": [0.803082287312, 0.645380854607, 0.587729990482, 0.630169928074, 0.673088431358, 0.669376969337], "median": [-7.88774871826, -7.39764499664, -8.16568946838, -8.67802238464, -8.09387493134, -10.5337944031], "dvar": [0.257085949183, 0.211011499166, 0.179889753461, 0.224235266447, 0.254707038403, 0.328911662102]}, "hfc": {"dvar2": 1536.91552734, "var": 841.200439453, "min": 1.1785805687e-16, "dmean": 10.9525814056, "mean": 21.99077034, "max": 385.467071533, "dmean2": 17.0256137848, "median": 14.4459438324, "dvar": 601.295959473}, "spectral_kurtosis": {"dvar2": 150.617614746, "var": 275.567810059, "min": -1.49165809155, "dmean": 3.03461575508, "mean": 8.71157932281, "max": 183.605102539, "dmean2": 4.96718645096, "median": 5.23351860046, "dvar": 59.6130485535}, "mfcc": {"mean": [-695.803283691, 110.931060791, -3.89839363098, 23.913482666, 3.88801407814, -22.5436153412, 8.55686759949, -4.18765258789, -12.3438644409, 4.0458240509, -14.1093730927, -1.71276402473, -0.465958833694], "cov": [[10457.2539062, -479.366241455, 87.9420547485, 985.326477051, 178.94128418, 245.903015137, 818.498962402, 378.808410645, 127.127784729, 649.073852539, 46.7470817566, -8.62644863129, -197.299041748], [-479.366241455, 2566.35498047, -67.4027938843, -72.7850799561, 151.326721191, -7.14888715744, 63.0549468994, -41.9703369141, -103.224311829, -82.1251449585, -21.9680900574, -74.729927063, -33.2206764221], [87.9420547485, -67.4027938843, 1194.96569824, 58.3878097534, 20.0305538177, 330.146392822, -88.8254928589, 82.707901001, 60.5751342773, -75.6203308105, 83.5578613281, 6.28513622284, -34.6196594238], [985.326477051, -72.7850799561, 58.3878097534, 641.988708496, 155.825469971, 29.6691932678, 117.521430969, 140.40486145, 95.2049942017, 53.2659263611, 23.8684501648, 89.4465713501, -13.4730176926], [178.94128418, 151.326721191, 20.0305538177, 155.825469971, 331.911468506, 27.3940658569, 14.7132577896, 86.3335723877, 61.7043914795, 12.1249628067, 6.95951461792, 46.4574775696, -0.950602531433], [245.903015137, -7.14888715744, 330.146392822, 29.6691932678, 27.3940658569, 506.441772461, 77.9052276611, 98.5980529785, 88.5325088501, 81.3474731445, 129.728942871, -33.3790359497, -20.4296016693], [818.498962402, 63.0549468994, -88.8254928589, 117.521430969, 14.7132577896, 77.9052276611, 436.329559326, 26.5138816833, -12.7504339218, 177.11680603, 47.6134872437, -17.1480808258, 5.29694652557], [378.808410645, -41.9703369141, 82.707901001, 140.40486145, 86.3335723877, 98.5980529785, 26.5138816833, 252.071884155, 84.2109985352, 32.1588745117, 49.5455665588, 25.1317481995, 4.94847774506], [127.127784729, -103.224311829, 60.5751342773, 95.2049942017, 61.7043914795, 88.5325088501, -12.7504339218, 84.2109985352, 217.414459229, 14.955078125, 40.2480316162, 24.7901420593, 0.131213992834], [649.073852539, -82.1251449585, -75.6203308105, 53.2659263611, 12.1249628067, 81.3474731445, 177.11680603, 32.1588745117, 14.955078125, 262.727935791, 24.1812782288, -15.0913562775, -4.09944534302], [46.7470817566, -21.9680900574, 83.5578613281, 23.8684501648, 6.95951461792, 129.728942871, 47.6134872437, 49.5455665588, 40.2480316162, 24.1812782288, 165.173919678, 26.2360401154, 14.425822258], [-8.62644863129, -74.729927063, 6.28513622284, 89.4465713501, 46.4574775696, -33.3790359497, -17.1480808258, 25.1317481995, 24.7901420593, -15.0913562775, 26.2360401154, 143.013702393, 39.4039459229], [-197.299041748, -33.2206764221, -34.6196594238, -13.4730176926, -0.950602531433, -20.4296016693, 5.29694652557, 4.94847774506, 0.131213992834, -4.09944534302, 14.425822258, 39.4039459229, 116.460830688]], "icov": [[0.000143783719977, 2.01088932954e-05, -2.62894627667e-05, -0.000154321169248, 2.31699359574e-05, 2.88732189802e-05, -0.000153918430442, -0.000117906281957, 2.0460702217e-05, -0.000218958070036, 5.83286418987e-05, 2.06438689929e-05, 0.000218979941565], [2.01088932954e-05, 0.000441992975539, 2.96209454973e-05, 3.62267564924e-05, -0.000309097027639, -3.89390297642e-05, -0.000166352721862, 2.80028398265e-05, 0.000217253007577, 0.000229035111261, -1.67632952071e-05, 0.000236704872805, 9.99709736789e-05], [-2.62894627667e-05, 2.96209454973e-05, 0.00113674253225, -8.9409390057e-05, 3.5583962017e-05, -0.000844864698593, 0.000243865040829, -7.20528114471e-05, 0.000117665433208, 0.000514095299877, -3.36322627845e-05, -0.000165871708305, 0.000213786872337], [-0.000154321169248, 3.62267564924e-05, -8.9409390057e-05, 0.00243475451134, -0.000622561958153, 0.00016122944362, -0.00055715983035, -0.000671892543323, -0.000512984232046, 0.000249653239734, 0.000253115256783, -0.001285388018, 0.000493995088618], [2.31699359574e-05, -0.000309097027639, 3.5583962017e-05, -0.000622561958153, 0.0038966066204, -0.000108958971396, 7.54176217015e-05, -0.000830412842333, -0.000600142288022, -0.000175201785169, 0.000481150113046, -0.000965200306382, 0.000195664702915], [2.88732189802e-05, -3.89390297642e-05, -0.000844864698593, 0.00016122944362, -0.000108958971396, 0.00354610895738, -0.000245953822741, -0.000527597381733, -0.000786579912528, -0.000916465476621, -0.00204712362029, 0.00118127546739, 0.000282608001726], [-0.000153918430442, -0.000166352721862, 0.000243865040829, -0.00055715983035, 7.54176217015e-05, -0.000245953822741, 0.00375079596415, 0.000280550942989, 0.000606228946708, -0.00190607481636, -0.000902128464077, 0.000608695263509, -0.000687200692482], [-0.000117906281957, 2.80028398265e-05, -7.20528114471e-05, -0.000671892543323, -0.000830412842333, -0.000527597381733, 0.000280550942989, 0.00556301977485, -0.00114921701606, -0.000115355294838, -0.000801950343885, 0.000129351639771, -0.000586567970458], [2.0460702217e-05, 0.000217253007577, 0.000117665433208, -0.000512984232046, -0.000600142288022, -0.000786579912528, 0.000606228946708, -0.00114921701606, 0.00599667709321, -0.000145327896462, -0.000555851787794, -0.000263017398538, 9.66152510955e-05], [-0.000218958070036, 0.000229035111261, 0.000514095299877, 0.000249653239734, -0.000175201785169, -0.000916465476621, -0.00190607481636, -0.000115355294838, -0.000145327896462, 0.00610587839037, 0.000222103757551, 0.000212998143979, -7.89939585957e-05], [5.83286418987e-05, -1.67632952071e-05, -3.36322627845e-05, 0.000253115256783, 0.000481150113046, -0.00204712362029, -0.000902128464077, -0.000801950343885, -0.000555851787794, 0.000222103757551, 0.00858194194734, -0.00207490404136, -0.000519308610819], [2.06438689929e-05, 0.000236704872805, -0.000165871708305, -0.001285388018, -0.000965200306382, 0.00118127546739, 0.000608695263509, 0.000129351639771, -0.000263017398538, 0.000212998143979, -0.00207490404136, 0.00984175782651, -0.00299445772544], [0.000218979941565, 9.99709736789e-05, 0.000213786872337, 0.000493995088618, 0.000195664702915, 0.000282608001726, -0.000687200692482, -0.000586567970458, 9.66152510955e-05, -7.89939585957e-05, -0.000519308610819, -0.00299445772544, 0.0102887218818]]}, "silence_rate_20dB": {"dvar2": 0, "var": 0, "min": 1, "dmean": 0, "mean": 1, "max": 1, "dmean2": 0, "median": 1, "dvar": 0}, "melbands_kurtosis": {"dvar2": 4318.34375, "var": 1802.28027344, "min": -1.93693327904, "dmean": 15.5949020386, "mean": 17.9941177368, "max": 738.452270508, "dmean2": 24.6550045013, "median": 5.35791540146, "dvar": 1763.33911133}, "barkbands_spread": {"dvar2": 271.906616211, "var": 277.439300537, "min": 0.303720533848, "dmean": 7.86808681488, "mean": 23.4016456604, "max": 115.482437134, "dmean2": 12.1563310623, "median": 21.4164772034, "dvar": 119.618354797}, "erbbands_skewness": {"dvar2": 0.710223853588, "var": 1.36308348179, "min": -6.70959568024, "dmean": 0.493426561356, "mean": 0.227621614933, "max": 6.88198757172, "dmean2": 0.723677992821, "median": 0.231942489743, "dvar": 0.335963666439}, "average_loudness": 0.906494498253, "spectral_centroid": {"dvar2": 537858.0625, "var": 991545.875, "min": 131.276168823, "dmean": 389.729705811, "mean": 1705.71252441, "max": 11233.1884766, "dmean2": 564.95300293, "median": 1677.39331055, "dvar": 271657.59375}, "dissonance": {"dvar2": 0.00139420048799, "var": 0.00211050151847, "min": 0.215134069324, "dmean": 0.0226742252707, "mean": 0.44505494833, "max": 0.500000059605, "dmean2": 0.0369352325797, "median": 0.458819270134, "dvar": 0.000554067781195}, "erbbands_flatness_db": {"dvar2": 0.00132292066701, "var": 0.00484685087577, "min": 0.0480744168162, "dmean": 0.0231307074428, "mean": 0.189383432269, "max": 0.47492608428, "dmean2": 0.0328646413982, "median": 0.178080201149, "dvar": 0.000639514706563}, "spectral_strongpeak": {"dvar2": 4.62274599075, "var": 3.12100434303, "min": 0, "dmean": 0.773721039295, "mean": 1.41185295582, "max": 15.7787284851, "dmean2": 1.30433917046, "median": 0.793950259686, "dvar": 1.88623011112}, "spectral_rms": {"dvar2": 7.9643805293e-06, "var": 6.14489863437e-06, "min": 3.24745113613e-12, "dmean": 0.001103263814, "mean": 0.00401262752712, "max": 0.0172328986228, "dmean2": 0.00159068917856, "median": 0.00363910803571, "dvar": 3.52859683517e-06}, "silence_rate_60dB": {"dvar2": 0.0860969349742, "var": 0.093597844243, "min": 0, "dmean": 0.0404186211526, "mean": 0.104522489011, "max": 1, "dmean2": 0.080846965313, "median": 0, "dvar": 0.0387881882489}, "melbands": {"dvar2": [1.59396222443e-05, 0.000298503815429, 8.52607809065e-06, 2.23553811907e-07, 2.75273237094e-07, 5.72990416003e-07, 1.51150501893e-07, 2.30734737983e-08, 5.47563629993e-08, 1.68373532006e-07, 1.21926689189e-07, 6.2312267346e-08, 1.78440924259e-08, 1.06607656036e-08, 1.73021383887e-08, 1.91815825445e-08, 1.36408857543e-08, 8.57580140234e-09, 7.93700483115e-09, 9.45711953193e-09, 8.40168734584e-09, 5.90477622353e-09, 3.03622771369e-09, 2.93906743387e-09, 7.14444992056e-09, 3.99592758882e-09, 2.49255194262e-09, 3.53884122006e-09, 4.22578816384e-09, 1.25080779068e-09, 3.12830261695e-10, 1.68921848731e-10, 1.940146932e-10, 2.15045953267e-10, 2.07379377559e-10, 8.51830897486e-11, 1.15639033071e-10, 1.68092539887e-10, 1.53801485436e-10, 1.4999343434e-10], "var": [6.93628362569e-06, 9.63135462371e-05, 2.41112206822e-06, 1.60911397984e-07, 3.0287469599e-07, 3.94557304162e-07, 1.00681027959e-07, 1.92242239905e-08, 4.0037718918e-08, 1.20855418118e-07, 1.86889920428e-07, 9.60788852922e-08, 4.04992803738e-08, 1.54812891395e-08, 1.92978202307e-08, 2.16835207567e-08, 1.92855136305e-08, 8.1589579537e-09, 6.20706241961e-09, 8.95179752547e-09, 7.01799018898e-09, 3.58191321048e-09, 2.74450173698e-09, 2.93346502644e-09, 6.69281119414e-09, 3.21200999132e-09, 1.1948170231e-09, 1.79213166529e-09, 1.25261823136e-09, 3.05491881791e-10, 7.50593545651e-11, 4.47171535911e-11, 5.47802601891e-11, 6.42664393924e-11, 7.901101301e-11, 5.53513970769e-11, 8.23370191472e-11, 1.29719221476e-10, 1.46515383159e-10, 8.75706035464e-11], "min": [2.36056733572e-23, 1.90996935557e-23, 7.81421000252e-24, 1.04715573815e-23, 1.46817806079e-23, 1.21077724392e-23, 5.41278645611e-24, 5.23006654894e-24, 1.15724332851e-23, 5.21995690201e-24, 5.04807988798e-24, 1.16217228922e-23, 7.97919789426e-24, 1.03323960069e-23, 1.349141159e-23, 1.70830653148e-23, 1.56410465127e-23, 1.21555781989e-23, 1.59668807764e-23, 1.43815732795e-23, 5.60985968746e-24, 5.98090120309e-24, 7.77830184297e-24, 1.47228991937e-23, 2.15110362391e-23, 1.37362377274e-23, 1.06068044283e-23, 4.46011148418e-24, 6.63027651191e-24, 1.04166826392e-23, 9.75103155221e-24, 1.39393189234e-23, 1.44666045965e-23, 1.20484832313e-23, 9.82247000692e-24, 6.49816400396e-24, 1.04306762428e-23, 1.00033376687e-23, 7.77321921216e-24, 8.14323994178e-24], "dmean": [0.000930444512051, 0.0035557472147, 0.000649352208711, 0.000139815107104, 0.000152725348016, 0.00021359101811, 8.6718100647e-05, 3.7791854993e-05, 4.8223471822e-05, 8.93149044714e-05, 7.42605043342e-05, 5.1511102356e-05, 3.44335239788e-05, 2.45710234594e-05, 2.46554081968e-05, 2.60867000179e-05, 2.54775641224e-05, 1.99600272026e-05, 1.60644631251e-05, 1.83305364772e-05, 1.69591239683e-05, 1.48427243403e-05, 1.26453442135e-05, 1.53005512402e-05, 2.3166569008e-05, 1.54418048623e-05, 1.10188930194e-05, 1.4270876818e-05, 1.17172121463e-05, 5.21327410752e-06, 2.44154443862e-06, 1.69155850926e-06, 1.87455486866e-06, 2.02401793103e-06, 2.30335149354e-06, 1.77945685209e-06, 1.95082861865e-06, 2.01756552087e-06, 1.77984713901e-06, 1.54004021624e-06], "mean": [0.000864192144945, 0.00287151150405, 0.000643504085019, 0.000282637658529, 0.000344926811522, 0.000473809050163, 0.000170132043422, 7.09918895154e-05, 8.33542580949e-05, 0.000155271685799, 0.000141160533531, 0.000107428822957, 6.90608940204e-05, 4.37228154624e-05, 3.82536745747e-05, 3.88424996345e-05, 3.83223014069e-05, 2.69018564723e-05, 2.16241260205e-05, 2.78002062259e-05, 2.46348463406e-05, 1.9454419089e-05, 2.05652577279e-05, 2.62485700659e-05, 3.85864550481e-05, 2.43642043642e-05, 1.7092032067e-05, 2.13943349081e-05, 1.3282983673e-05, 4.70507211503e-06, 1.98853217626e-06, 1.426335416e-06, 1.50941707489e-06, 1.81653979325e-06, 2.28257499657e-06, 2.05918922802e-06, 2.24325958698e-06, 2.39430778493e-06, 2.17730507757e-06, 1.699586619e-06], "max": [0.0233987160027, 0.0921251475811, 0.0143961785361, 0.00557279027998, 0.00822673272341, 0.0113557074219, 0.00692804856226, 0.00238275714219, 0.00376759609208, 0.00798410736024, 0.00864145345986, 0.00596661027521, 0.00491863675416, 0.00205870671198, 0.00262531335466, 0.00284416344948, 0.00267449021339, 0.00194777513389, 0.00186704553198, 0.00211952091195, 0.00149772875011, 0.00150869577192, 0.000956749543548, 0.000924884574488, 0.00148233340587, 0.00121743883938, 0.000872485572472, 0.000521121837664, 0.000612554897089, 0.000404029560741, 0.000176222689333, 0.000246806419455, 0.000188779420569, 0.00019739412528, 0.000175409964868, 0.000130753382109, 0.000232925827731, 0.00027354559279, 0.000362497085007, 0.000211876467802], "dmean2": [0.00142413470894, 0.0058056851849, 0.00110208289698, 0.00022043393983, 0.000237343672779, 0.000333718286129, 0.000136467890115, 5.91095304117e-05, 7.52995911171e-05, 0.00013278433471, 0.000101874582469, 7.20985917724e-05, 4.64930235466e-05, 3.50201553374e-05, 3.70838315575e-05, 3.79209122912e-05, 3.72275753762e-05, 3.07790760417e-05, 2.45187948167e-05, 2.70449781965e-05, 2.61247569142e-05, 2.33332903008e-05, 1.91975177586e-05, 2.33824575844e-05, 3.52032730007e-05, 2.35788866121e-05, 1.745440386e-05, 2.29329234571e-05, 1.98994457605e-05, 9.14834163268e-06, 4.29457895734e-06, 2.94424944514e-06, 3.27038651449e-06, 3.50384243575e-06, 3.89492106478e-06, 2.84482439383e-06, 3.11849612444e-06, 3.16784462484e-06, 2.73296018349e-06, 2.44940792982e-06], "median": [4.91019236506e-05, 0.000132878310978, 0.000153041590238, 0.000164084252901, 0.000192238396266, 0.000304350251099, 6.30426075077e-05, 2.43060676439e-05, 2.83253448288e-05, 3.76243224309e-05, 1.72929539985e-05, 9.82518031378e-06, 1.47508399095e-05, 9.74328213488e-06, 4.76791547044e-06, 3.85371686207e-06, 2.26683096116e-06, 3.52778533852e-06, 2.879985459e-06, 3.71426813217e-06, 2.68973485618e-06, 3.01237173517e-06, 3.1866234167e-06, 5.77727769269e-06, 9.78979551292e-06, 6.6585107561e-06, 5.34153559784e-06, 5.53620657229e-06, 2.71837120636e-06, 6.39404674985e-07, 1.90495995867e-07, 1.09977548846e-07, 9.83164767376e-08, 1.85970876032e-07, 3.10149175675e-07, 3.36347312668e-07, 2.80692404431e-07, 2.83346651031e-07, 2.45148214617e-07, 1.49839934238e-07], "dvar": [6.80573839418e-06, 0.000117331612273, 3.14848421112e-06, 9.19190199511e-08, 1.26576310322e-07, 2.37070636899e-07, 6.05356618166e-08, 9.85647918839e-09, 2.37913262424e-08, 7.10443828211e-08, 6.5105140834e-08, 3.12724210971e-08, 1.08922355579e-08, 5.75734171449e-09, 7.83893927547e-09, 9.43762579197e-09, 7.35256122653e-09, 4.08321554346e-09, 3.58297125302e-09, 4.52606441215e-09, 3.67001540269e-09, 2.56438315027e-09, 1.35921318645e-09, 1.30184096836e-09, 3.22992810275e-09, 1.84649961987e-09, 9.5864893801e-10, 1.345011