{"tonal": {"thpcp": [1, 0.692443430424, 0.203664466739, 0.134063586593, 0.154734790325, 0.3628295362, 0.631466031075, 0.485896646976, 0.256945490837, 0.193115487695, 0.139973267913, 0.277905762196, 0.556777596474, 0.515677988529, 0.610612154007, 0.950278937817, 0.605034828186, 0.187665969133, 0.180889591575, 0.209753394127, 0.520012021065, 0.856236457825, 0.566859543324, 0.184912249446, 0.142996758223, 0.168479457498, 0.400157004595, 0.796412169933, 0.663398683071, 0.274268269539, 0.178158909082, 0.154233172536, 0.304219782352, 0.559123158455, 0.503723680973, 0.616333544254], "hpcp": {"dmean2": [0.228639692068, 0.190595448017, 0.114888191223, 0.102647602558, 0.123425193131, 0.172378242016, 0.208438575268, 0.200395256281, 0.147237405181, 0.121460050344, 0.104053542018, 0.135585337877, 0.168814986944, 0.194286957383, 0.217792958021, 0.236756846309, 0.207114756107, 0.119033850729, 0.0848515927792, 0.0923491045833, 0.134779185057, 0.155455127358, 0.167192101479, 0.169674217701, 0.144614592195, 0.101709321141, 0.131350964308, 0.155931204557, 0.163887277246, 0.181869000196, 0.161653667688, 0.171648040414, 0.122424133122, 0.110370747745, 0.125726178288, 0.186252042651], "median": [0.115964025259, 0.0755989328027, 0.0127349663526, 0.00467017944902, 0.00531782954931, 0.0323405563831, 0.0751454234123, 0.0598504841328, 0.0148159023374, 0.00561870913953, 0.00472991541028, 0.01767218858, 0.0330410338938, 0.035679794848, 0.0964317321777, 0.157276809216, 0.098122343421, 0.0152694098651, 0.00557895191014, 0.00538303330541, 0.0182763971388, 0.0325750261545, 0.0295981392264, 0.0118201170117, 0.00600331136957, 0.00456886924803, 0.013684315607, 0.0285099558532, 0.0289334394038, 0.056245598942, 0.0259719751775, 0.0203174427152, 0.0104207564145, 0.00811119563878, 0.0128270350397, 0.061340149492], "min": [0, 0, 0, 0, 0, 0, 0, 0, 0, 0, 0, 0, 0, 0, 0, 0, 0, 0, 0, 0, 0, 0, 0, 0, 0, 0, 0, 0, 0, 0, 0, 0, 0, 0, 0, 0], "dvar2": [0.0950575247407, 0.0726174935699, 0.0640580579638, 0.0660815164447, 0.08436024189, 0.0900419056416, 0.10432907939, 0.0943325459957, 0.0855117216706, 0.0847659409046, 0.0624846294522, 0.0699943751097, 0.0844249725342, 0.0950126722455, 0.0859964862466, 0.0978778004646, 0.0841721817851, 0.059662014246, 0.0523449741304, 0.0530527792871, 0.0681306868792, 0.0764497295022, 0.0819595083594, 0.108481749892, 0.0949245840311, 0.0661616995931, 0.0722099542618, 0.0799893438816, 0.0845977440476, 0.0857319757342, 0.106590129435, 0.0954033657908, 0.0731417909265, 0.0659588947892, 0.0703285858035, 0.0824083015323], "dvar": [0.0371838435531, 0.0269197560847, 0.0227669533342, 0.0233639981598, 0.0297143161297, 0.0324866510928, 0.0412201844156, 0.0358153954148, 0.0304565727711, 0.0300273466855, 0.0228260159492, 0.0263718962669, 0.0337845347822, 0.0364003293216, 0.0313961431384, 0.0409290827811, 0.0325636714697, 0.021607529372, 0.0188544541597, 0.0196847096086, 0.0247547291219, 0.0305023584515, 0.0299734976143, 0.0382813662291, 0.0333851650357, 0.0237345751375, 0.0267850086093, 0.0313742868602, 0.0327422060072, 0.0308653265238, 0.0405353941023, 0.0337155163288, 0.0255439523607, 0.0237132031471, 0.0249089170247, 0.0297528896481], "dmean": [0.136264264584, 0.1124766469, 0.0635110288858, 0.0557230822742, 0.0668336078525, 0.0980813130736, 0.122404627502, 0.117695756257, 0.082819275558, 0.0664980858564, 0.0575313195586, 0.0784044414759, 0.101340174675, 0.112825617194, 0.127608045936, 0.143845230341, 0.123624362051, 0.0662534311414, 0.0468581356108, 0.0517454519868, 0.078246422112, 0.092251226306, 0.0973547101021, 0.0931957960129, 0.0783347710967, 0.0552880354226, 0.0752854496241, 0.0906878039241, 0.0952349379659, 0.105443462729, 0.0904065743089, 0.0966509431601, 0.0674915090203, 0.0610516965389, 0.0698213353753, 0.108040437102], "max": [1, 1, 1, 1, 1, 1, 1, 1, 1, 1, 1, 1, 1, 1, 1, 1, 1, 1, 1, 1, 1, 1, 1, 1, 1, 1, 1, 1, 1, 1, 1, 1, 1, 1, 1, 1], "var": [0.0937809944153, 0.0462848693132, 0.0173804871738, 0.0161301977932, 0.0210631098598, 0.0386664420366, 0.10306622833, 0.0776072219014, 0.028930908069, 0.022632073611, 0.0180953163654, 0.0307228937745, 0.0732529759407, 0.0559678375721, 0.0456116497517, 0.105576127768, 0.0626892223954, 0.0186157003045, 0.0152884973213, 0.0181442126632, 0.038286909461, 0.0897153988481, 0.0534406974912, 0.0303786471486, 0.0236957427114, 0.0166572965682, 0.0290596522391, 0.0799224898219, 0.0717365220189, 0.05442186445, 0.162550449371, 0.0711414292455, 0.0188687331975, 0.0189076270908, 0.0204021986574, 0.0460289753973], "mean": [0.252752631903, 0.167331382632, 0.054584287107, 0.0422112420201, 0.0497334860265, 0.118122428656, 0.235093072057, 0.195828795433, 0.0809613093734, 0.052590765059, 0.0455281250179, 0.0898027047515, 0.165047690272, 0.148694306612, 0.181935623288, 0.295190215111, 0.204402521253, 0.0601197555661, 0.0395742580295, 0.0456761978567, 0.107103727758, 0.186402589083, 0.143431931734, 0.0758477970958, 0.0570058003068, 0.0413187406957, 0.0820350646973, 0.164355292916, 0.152223095298, 0.180246725678, 0.280513048172, 0.178600355983, 0.055397156626, 0.0533968359232, 0.0619171485305, 0.153502464294]}, "tuning_equal_tempered_deviation": 0.0557314381003, "chords_changes_rate": 0.0470029488206, "key_key": "G", "tuning_diatonic_strength": 0.650976896286, "key_scale": "major", "chords_number_rate": 0.00163773342501, "tuning_frequency": 438.984558105, "tuning_nontempered_energy_ratio": 0.678981900215, "chords_histogram": [27.2682609558, 13.9371109009, 20.6845722198, 3.65214538574, 20.8483467102, 0.867998719215, 1.11365866661, 0, 0, 0, 1.17916798592, 0.14739599824, 0.131018668413, 0.409433335066, 0, 0, 0, 2.7022600174, 0.556829333305, 1.42482805252, 0, 0.311169356108, 0.769734680653, 3.9960694313], "key_strength": 0.834894895554, "chords_key": "G", "chords_strength": {"dmean2": 0.00769418198615, "median": 0.522523581982, "min": -1, "dvar2": 0.000713901943527, "dvar": 0.000383797800168, "dmean": 0.00844222586602, "max": 0.766719818115, "var": 0.0316894724965, "mean": 0.499632149935}, "chords_scale": "major", "hpcp_entropy": {"dmean2": 0.916335463524, "median": 1.8810390234, "min": 0, "dvar2": 0.603641986847, "dvar": 0.22012296319, "dmean": 0.537096619606, "max": 4.16219520569, "var": 0.486213207245, "mean": 1.88671267033}}, "metadata": {"audio_properties": {"equal_loudness": 0, "codec": "mp3", "downmix": "mix", "sample_rate": 44100, "analysis_sample_rate": 44100, "bit_rate": 320000, "md5_encoded": "8f6794dbbbec1bba1b57a60b00fb7a19", "length": 283.50692749, "replay_gain": -11.9076423645, "lossless": false}, "version": {"essentia_build_sha": "70f2e5ece6736b2c40cc944ad0e695b16b925413", "essentia": "2.1-beta2", "extractor": "music 1.0", "essentia_git_sha": "v2.1_beta2"}, "tags": {"title": ["Weight of the World"], "artist": ["Drew Holcomb & The Neighbors"], "albumartist": ["Drew Holcomb & The Neighbors"], "date": ["2011"], "file_name": "2205039.mp3", "album": ["Chasing Someday"], "tracknumber": ["12"], "discnumber": ["1"], "musicbrainz_recordingid": ["0a26287b-bad4-42f5-99ca-a60005421e28"]}}, "rhythm": {"bpm_histogram_first_peak_bpm": {"dmean2": 0, "median": 140, "min": 140, "dvar2": 0, "dvar": 0, "dmean": 0, "max": 140, "var": 0, "mean": 140}, "bpm": 138.001846313, "bpm_histogram_second_peak_spread": {"dmean2": 0, "median": 0.574468076229, "min": 0.574468076229, "dvar2": 0, "dvar": 0, "dmean": 0, "max": 0.574468076229, "var": 0, "mean": 0.574468076229}, "bpm_histogram_first_peak_weight": {"dmean2": 0, "median": 0.42812499404, "min": 0.42812499404, "dvar2": 0, "dvar": 0, "dmean": 0, "max": 0.42812499404, "var": 0, "mean": 0.42812499404}, "onset_rate": 2.65230226517, "beats_position": [0.452789098024, 0.917188167572, 1.39319729805, 1.88081634045, 2.36843538284, 2.8444442749, 3.29723358154, 3.73841261864, 4.17959165573, 4.60916090012, 5.0387301445, 5.46829938889, 5.89786815643, 6.35065746307, 6.79183673859, 7.22140598297, 7.65097475052, 8.08054447174, 8.51011276245, 8.95129203796, 9.38086128235, 9.81043052673, 10.2399997711, 10.6695690155, 11.110748291, 11.5403175354, 11.9814968109, 12.4226751328, 12.8638544083, 13.2934236526, 13.7346029282, 14.1757822037, 14.6053514481, 15.0349206924, 15.4644899368, 15.9056682587, 16.3352375031, 16.7764167786, 17.2175960541, 17.6471652985, 18.088344574, 18.5179138184, 18.9474830627, 19.3886623383, 19.8298416138, 20.2710208893, 20.7005901337, 21.1301574707, 21.5597267151, 21.9892959595, 22.430475235, 22.8600444794, 23.2896137238, 23.7307929993, 24.1603622437, 24.589931488, 25.0311107635, 25.4722900391, 25.9134693146, 26.343038559, 26.7842178345, 27.2137870789, 27.6433563232, 28.0729255676, 28.5024929047, 28.9436721802, 29.3732414246, 29.8144207001, 30.2555999756, 30.6967792511, 31.1379585266, 31.5791378021, 32.0203170776, 32.4614944458, 32.8910636902, 33.3206329346, 33.750202179, 34.1797714233, 34.6093406677, 35.0389099121, 35.4684791565, 35.9096603394, 36.3508377075, 36.7804069519, 37.2099761963, 37.6395454407, 38.0807266235, 38.5102958679, 38.9398651123, 39.3810424805, 39.8222198486, 40.2634010315, 40.6929702759, 41.1225395203, 41.5521087646, 41.981678009, 42.4228553772, 42.8524246216, 43.281993866, 43.7231750488, 44.164352417, 44.6055335999, 45.0583229065, 45.5111083984, 45.9522895813, 46.4050788879, 46.8578681946, 47.3106575012, 47.7750549316, 48.2510643005, 48.7154655457, 49.1914749146, 49.6674804688, 50.1551017761, 50.6194992065, 51.0839004517, 51.5366897583, 51.9894790649, 52.4190483093, 52.8486175537, 53.2897949219, 53.73097229, 54.1721534729, 54.6133308411, 55.0545120239, 55.4840812683, 55.9136505127, 56.3432197571, 56.7727890015, 57.2139663696, 57.6551475525, 58.0963249207, 58.5375061035, 58.9670753479, 59.3966445923, 59.8378219604, 60.2673912048, 60.6969604492, 61.1265296936, 61.556098938, 61.9972763062, 62.438457489, 62.8680267334, 63.2975959778, 63.7387733459, 64.1799545288, 64.621131897, 65.0507049561, 65.4802703857, 65.9214477539, 66.351020813, 66.7805862427, 67.2217712402, 67.6629486084, 68.0925140381, 68.5220870972, 68.9632644653, 69.392829895, 69.8224029541, 70.2635803223, 70.6931533813, 71.122718811, 71.5638961792, 72.0050811768, 72.4346466064, 72.8642196655, 73.3053970337, 73.7465744019, 74.18775177, 74.6173248291, 75.0468902588, 75.4764633179, 75.917640686, 76.3472061157, 76.7883911133, 77.217956543, 77.6475296021, 78.0887069702, 78.5298843384, 78.9594573975, 79.3890228271, 79.8302001953, 80.2713851929, 80.7009506226, 81.1305236816, 81.5717010498, 82.0012664795, 82.4308395386, 82.8720169067, 83.3015823364, 83.7311553955, 84.1607208252, 84.5902938843, 85.0314712524, 85.4726486206, 85.9138336182, 86.3433990479, 86.784576416, 87.2141494751, 87.6553268433, 88.0848999023, 88.514465332, 88.9440383911, 89.3852157593, 89.8263931274, 90.2675704956, 90.6971435547, 91.1267089844, 91.5562820435, 91.9974594116, 92.4270248413, 92.8565979004, 93.2977752686, 93.7273483276, 94.1569137573, 94.5980911255, 95.039276123, 95.4804534912, 95.9100189209, 96.33959198, 96.7807693481, 97.2103347778, 97.6399078369, 98.0810852051, 98.5222625732, 98.9518356323, 99.381401062, 99.8225860596, 100.263763428, 100.693328857, 101.122901917, 101.564079285, 101.993652344, 102.423217773, 102.864395142, 103.305580139, 103.746757507, 104.187934875, 104.617500305, 105.047073364, 105.476638794, 105.906211853, 106.335777283, 106.765350342, 107.20652771, 107.647705078, 108.088890076, 108.530067444, 108.959632874, 109.389205933, 109.830383301, 110.25995636, 110.68952179, 111.119087219, 111.548660278, 111.989837646, 112.431015015, 112.872200012, 113.301765442, 113.731338501, 114.172515869, 114.613693237, 115.043266296, 115.472831726, 115.902404785, 116.331970215, 116.773147583, 117.214332581, 117.655509949, 118.096687317, 118.526252747, 118.955825806, 119.385391235, 119.814964294, 120.256141663, 120.685714722, 121.115280151, 121.55645752, 121.997642517, 122.438819885, 122.868385315, 123.297958374, 123.739135742, 124.18031311, 124.609886169, 125.039451599, 125.480628967, 125.921813965, 126.351379395, 126.780952454, 127.222129822, 127.651695251, 128.081268311, 128.522445679, 128.952011108, 129.381591797, 129.822769165, 130.263946533, 130.693511963, 131.123077393, 131.564254761, 131.993835449, 132.423400879, 132.864578247, 133.294143677, 133.735321045, 134.164901733, 134.606079102, 135.04725647, 135.488433838, 135.917999268, 136.347564697, 136.788757324, 137.218322754, 137.647888184, 138.089065552, 138.518630981, 138.959823608, 139.389389038, 139.830566406, 140.260131836, 140.689697266, 141.130874634, 141.560455322, 141.990020752, 142.43119812, 142.872375488, 143.313552856, 143.743133545, 144.172698975, 144.613876343, 145.043441772, 145.473007202, 145.914199829, 146.355377197, 146.796554565, 147.226119995, 147.655685425, 148.096862793, 148.526443481, 148.956008911, 149.397186279, 149.826751709, 150.256317139, 150.685897827, 151.127075195, 151.556640625, 151.997817993, 152.438995361, 152.86857605, 153.298141479, 153.739318848, 154.180496216, 154.610061646, 155.039627075, 155.480819702, 155.92199707, 156.3515625, 156.78112793, 157.222305298, 157.663482666, 158.093063354, 158.522628784, 158.963806152, 159.393371582, 159.822952271, 160.264129639, 160.705307007, 161.134872437, 161.564437866, 162.005615234, 162.446792603, 162.864761353, 163.305938721, 163.747116089, 164.176681519, 164.606262207, 165.047439575, 165.488616943, 165.918182373, 166.347747803, 166.788925171, 167.218505859, 167.648071289, 168.089248657, 168.530426025, 168.959991455, 169.389572144, 169.830749512, 170.260314941, 170.689880371, 171.131057739, 171.572235107, 172.013427734, 172.442993164, 172.872558594, 173.313735962, 173.743301392, 174.17288208, 174.614059448, 175.055236816, 175.473190308, 175.914367676, 176.355545044, 176.785125732, 177.214691162, 177.65586853, 178.097045898, 178.526611328, 178.956192017, 179.397369385, 179.826934814, 180.256500244, 180.697677612, 181.138870239, 181.568435669, 181.998001099, 182.439178467, 182.880355835, 183.309921265, 183.739501953, 184.180679321, 184.610244751, 185.039810181, 185.480987549, 185.922180176, 186.363357544, 186.781311035, 187.222488403, 187.652053833, 188.081634521, 188.52281189, 188.952377319, 189.381942749, 189.823120117, 190.264297485, 190.705490112, 191.135055542, 191.564620972, 192.00579834, 192.446975708, 192.864944458, 193.306121826, 193.747299194, 194.176864624, 194.606430054, 195.036010742, 195.47718811, 195.918365479, 196.347930908, 196.789108276, 197.230285645, 197.648254395, 198.089431763, 198.518997192, 198.948562622, 199.38973999, 199.830932617, 200.272109985, 200.690063477, 201.131240845, 201.572418213, 202.001998901, 202.431564331, 202.872741699, 203.313919067, 203.755096436, 204.184661865, 204.614242554, 205.055419922, 205.484985352, 205.914550781, 206.355728149, 206.785308838, 207.214874268, 207.656051636, 208.085617065, 208.515182495, 208.956375122, 209.39755249, 209.82711792, 210.25668335, 210.697860718, 211.139038086, 211.568618774, 211.998184204, 212.439361572, 212.868927002, 213.298492432, 213.739685059, 214.169250488, 214.610427856, 215.039993286, 215.481170654, 215.910751343, 216.340316772, 216.781494141, 217.21105957, 217.640625, 218.081817627, 218.522994995, 218.964172363, 219.393737793, 219.8465271, 220.287704468, 220.728881836, 221.170059204, 221.599639893, 222.029205322, 222.47038269, 222.911560059, 223.341125488, 223.770706177, 224.200271606, 224.629837036, 225.059402466, 225.488967896, 225.930160522, 226.371337891, 226.812515259, 227.253692627, 227.694869995, 228.136047363, 228.565612793, 228.995193481, 229.424758911, 229.854324341, 230.283889771, 230.725082397, 231.166259766, 231.607437134, 232.048614502, 232.48979187, 232.930969238, 233.33732605, 233.743667603, 234.150024414, 234.544754028, 234.985931396, 235.427108765, 235.868301392, 236.30947876, 236.750656128, 237.191833496, 237.633010864, 238.074188232, 238.515365601, 238.956542969, 239.420944214, 239.885345459, 240.361358643, 240.837371826, 241.324981689, 241.800994873, 242.288604736, 242.76461792, 243.240631104, 243.716644287, 244.20425415, 244.691879272, 245.179489136, 245.643890381, 246.108291626, 246.572692871, 247.037094116, 247.501495361, 247.977508545, 248.465118408, 248.941131592, 249.417144775, 249.8931427, 250.369155884, 250.856781006, 251.286346436, 251.704299927, 252.122268677, 252.540222168, 252.958175659, 253.364532471, 253.770874023, 254.188842773, 254.618408203, 255.036361694, 255.454330444, 255.883895874, 256.313476562, 256.743041992, 257.184204102, 257.625396729, 258.066558838, 258.507751465, 258.948944092, 259.390106201, 259.831298828, 260.260864258, 260.690429688, 261.119995117, 261.549560547, 261.990753174, 262.431915283, 262.87310791, 263.31427002, 263.755462646, 264.196624756, 264.637817383, 265.07901001, 265.520172119, 266.007781982, 266.495422363, 266.983032227, 267.517089844, 268.051147461, 268.585205078, 269.119262695, 269.653320312, 270.17578125, 270.709838867, 271.232299805, 271.766357422, 272.288787842, 272.811248779, 273.345306396, 273.856140137, 274.366973877, 274.877807617, 275.330596924, 275.78338623, 276.236175537, 276.700592041, 277.176605225, 277.652587891, 278.117004395, 278.593017578, 279.069030762, 279.614685059, 280.160369873, 280.70602417, 281.251708984, 281.797363281, 282.343048096, 282.888702393], "beats_loudness": {"dmean2": 0.0262685641646, "median": 0.0264088585973, "min": 4.67210103938e-10, "dvar2": 0.000617271813098, "dvar": 0.000204398602364, "dmean": 0.0146534983069, "max": 0.0959381461143, "var": 0.000414440582972, "mean": 0.0312682837248}, "danceability": 1.06172573566, "bpm_histogram_second_peak_weight": {"dmean2": 0, "median": 0.03125, "min": 0.03125, "dvar2": 0, "dvar": 0, "dmean": 0, "max": 0.03125, "var": 0, "mean": 0.03125}, "beats_count": 641, "bpm_histogram_second_peak_bpm": {"dmean2": 0, "median": 126, "min": 126, "dvar2": 0, "dvar": 0, "dmean": 0, "max": 126, "var": 0, "mean": 126}, "bpm_histogram_first_peak_spread": {"dmean2": 0, "median": 0.503623187542, "min": 0.503623187542, "dvar2": 0, "dvar": 0, "dmean": 0, "max": 0.503623187542, "var": 0, "mean": 0.503623187542}, "beats_loudness_band_ratio": {"dmean2": [0.340020865202, 0.179700195789, 0.210306182504, 0.0949344113469, 0.0836149156094, 0.0557361543179], "median": [0.525185108185, 0.140909224749, 0.136767968535, 0.0387857668102, 0.0257797185332, 0.0226611625403], "min": [0.00133532378823, 0.001806658227, 0.00350570003502, 0.000193380590645, 0.000161892225151, 1.13596133815e-05], "dvar2": [0.0743228420615, 0.0252872165293, 0.0429727807641, 0.011804997921, 0.0122156189755, 0.00728350644931], "dvar": [0.0259926170111, 0.00972017087042, 0.0152657208964, 0.00421909429133, 0.00435176678002, 0.0026940361131], "dmean": [0.196085855365, 0.10532104969, 0.123919889331, 0.0532892234623, 0.0482499375939, 0.0316294468939], "max": [0.97912889719, 0.83905929327, 0.795564949512, 0.502306342125, 0.51787686348, 0.727365553379], "var": [0.0624265857041, 0.016571611166, 0.0239812172949, 0.00523671368137, 0.00587971694767, 0.00427718413994], "mean": [0.518308699131, 0.172278568149, 0.17836971581, 0.0632886812091, 0.0564503967762, 0.0422549769282]}}, "lowlevel": {"barkbands_spread": {"dmean2": 6.18497228622, "median": 12.9851713181, "min": 0.722091019154, "dvar2": 79.1467895508, "dvar": 37.8751525879, "dmean": 4.04226255417, "max": 143.640350342, "var": 324.008331299, "mean": 18.3324928284}, "melbands_spread": {"dmean2": 6.34119224548, "median": 11.5734977722, "min": 0.532328426838, "dvar2": 110.902809143, "dvar": 51.0551147461, "dmean": 4.0340924263, "max": 193.511230469, "var": 367.229949951, "mean": 16.9965572357}, "hfc": {"dmean2": 5.57867908478, "median": 9.81894207001, "min": 1.15401992195e-16, "dvar2": 106.170318604, "dvar": 49.4054985046, "dmean": 3.74041795731, "max": 124.711982727, "var": 334.717498779, "mean": 16.7760810852}, "barkbands_kurtosis": {"dmean2": 5.9223408699, "median": 4.5392947197, "min": -1.91346096992, "dvar2": 107.70652771, "dvar": 42.2894172668, "dmean": 3.70955777168, "max": 127.293319702, "var": 152.277908325, "mean": 8.32729053497}, "gfcc": {"mean": [-47.0376625061, 113.583862305, -96.8344039917, 24.0577945709, -48.2810440063, -5.00935268402, -33.8210334778, 13.0630121231, -23.2539672852, 2.28544831276, -17.5427360535, -6.16761064529, -9.88908195496], "icov": [[0.000105617502413, -0.000205383359571, 0.000175868510269, -0.000228281511227, 0.000213161343709, -0.000222010305151, 0.000224390620133, -0.000256239291048, 0.00025261886185, -0.00037629637518, 0.000346170185367, -0.00036958133569, 0.000241156158154], [-0.000205383359571, 0.00144015729893, -0.000107958599983, 0.000531329016667, -0.00100309529807, 0.00124073785264, -0.00074089714326, 0.0007276305696, -0.000879296509083, 0.00156684871763, -0.0014546449529, 0.00232210871764, -0.00106995319948], [0.000175868510269, -0.000107958599983, 0.00189101730939, -0.000655584910419, -0.000143706100062, -6.70573717798e-05, 0.000524807313923, -0.00101014156826, 0.000876226637047, -0.000432775414083, 0.000729185936507, -0.00076025375165, 0.000498980924021], [-0.000228281511227, 0.000531329016667, -0.000655584910419, 0.00339860795066, -0.000625839922577, 0.000992637011223, -0.000495735264849, 0.000180205432116, -0.00124596129172, 0.000445002806373, 4.90872080263e-05, 0.000406067178119, -0.00157851714175], [0.000213161343709, -0.00100309529807, -0.000143706100062, -0.000625839922577, 0.00511016882956, -0.000753694446757, -0.000676285417285, 4.75757842651e-05, -0.000979878706858, -0.00107148045208, 0.000620574632194, -0.000326360459439, -0.000265583978035], [-0.000222010305151, 0.00124073785264, -6.70573717798e-05, 0.000992637011223, -0.000753694446757, 0.00467406120151, -6.72992828186e-05, -0.000946440384723, -0.00158369576093, 0.00053924130043, -0.00179378839675, 0.000315146899084, -0.00090136815561], [0.000224390620133, -0.00074089714326, 0.000524807313923, -0.000495735264849, -0.000676285417285, -6.72992828186e-05, 0.00428687734529, -0.000142829419929, -0.000346773740603, -0.000906713772565, -0.000322473002598, -0.000379093486117, -0.000171445397427], [-0.000256239291048, 0.0007276305696, -0.00101014156826, 0.000180205432116, 4.75757842651e-05, -0.000946440384723, -0.000142829419929, 0.00853901915252, -0.00129575899336, 0.000535456638318, -0.000567894370761, -0.00018783613632, 0.000942953978665], [0.00025261886185, -0.000879296509083, 0.000876226637047, -0.00124596129172, -0.000979878706858, -0.00158369576093, -0.000346773740603, -0.00129575899336, 0.00947849173099, -0.00312256254256, 0.00143119134009, -0.00161347107496, -0.000669550325256], [-0.00037629637518, 0.00156684871763, -0.000432775414083, 0.000445002806373, -0.00107148045208, 0.00053924130043, -0.000906713772565, 0.000535456638318, -0.00312256254256, 0.0130763277411, -0.00334903970361, 0.00295165693387, -0.000388713699067], [0.000346170185367, -0.0014546449529, 0.000729185936507, 4.90872080263e-05, 0.000620574632194, -0.00179378839675, -0.000322473002598, -0.000567894370761, 0.00143119134009, -0.00334903970361, 0.0138352755457, -0.00435517495498, 0.000238831125898], [-0.00036958133569, 0.00232210871764, -0.00076025375165, 0.000406067178119, -0.000326360459439, 0.000315146899084, -0.000379093486117, -0.00018783613632, -0.00161347107496, 0.00295165693387, -0.00435517495498, 0.0148759894073, -0.0045775519684], [0.000241156158154, -0.00106995319948, 0.000498980924021, -0.00157851714175, -0.000265583978035, -0.00090136815561, -0.000171445397427, 0.000942953978665, -0.000669550325256, -0.000388713699067, 0.000238831125898, -0.0045775519684, 0.0151053052396]], "cov": [[23317.5800781, -1341.92321777, -750.030151367, 544.792724609, -1213.57873535, 932.935058594, -1418.73364258, 753.833251953, -345.937805176, 267.671325684, -282.822814941, 397.42666626, -297.974731445], [-1341.92321777, 3254.67114258, -453.816375732, -29.4707870483, 645.951477051, -734.197692871, 724.792236328, -427.914825439, 172.143936157, -130.558197021, 96.1419143677, -403.033203125, 146.972518921], [-750.030151367, -453.816375732, 759.230529785, 82.5790405273, -40.3016166687, 49.7594947815, -127.259384155, 101.466903687, -54.135345459, 0.513022899628, -34.4493408203, 60.9433746338, -25.5124511719], [544.792724609, -29.4707870483, 82.5790405273, 395.994018555, 36.7559700012, -29.8850898743, 15.8665847778, 17.7708377838, 42.7712554932, 14.1972932816, -22.3702297211, 19.4448261261, 34.3099060059], [-1213.57873535, 645.951477051, -40.3016166687, 36.7559700012, 404.98236084, -125.351882935, 248.16847229, -99.4973297119, 102.264015198, -3.58700656891, 30.3623981476, -78.5500640869, 59.12657547], [932.935058594, -734.197692871, 49.7594947815, -29.8850898743, -125.351882935, 457.392333984, -171.839767456, 149.47026062, 8.35085296631, 48.8008918762, 11.2106018066, 113.988166809, -21.8658561707], [-1418.73364258, 724.792236328, -127.259384155, 15.8665847778, 248.16847229, -171.839767456, 486.963470459, -122.55456543, 95.8428039551, -8.49038982391, 50.1464157104, -89.1148529053, 63.3692779541], [753.833251953, -427.914825439, 101.466903687, 17.7708377838, -99.4973297119, 149.47026062, -122.55456543, 203.898239136, -10.2419986725, 23.3026943207, -12.0064992905, 65.6767883301, -30.5513248444], [-345.937805176, 172.143936157, -54.135345459, 42.7712554932, 102.264015198, 8.35085296631, 95.8428039551, -10.2419986725, 162.972442627, 26.6757011414, 14.1866207123, -8.27483558655, 33.1761474609], [267.671325684, -130.558197021, 0.513022899628, 14.1972932816, -3.58700656891, 48.8008918762, -8.49038982391, 23.3026943207, 26.6757011414, 102.498390198, 12.1847047806, 10.5467395782, -3.93303799629], [-282.822814941, 96.1419143677, -34.4493408203, -22.3702297211, 30.3623981476, 11.2106018066, 50.1464157104, -12.0064992905, 14.1866207123, 12.1847047806, 96.6424102783, 10.4736919403, 15.2353658676], [397.42666626, -403.033203125, 60.9433746338, 19.4448261261, -78.5500640869, 113.988166809, -89.1148529053, 65.6767883301, -8.27483558655, 10.5467395782, 10.4736919403, 139.368789673, 7.40909862518], [-297.974731445, 146.972518921, -25.5124511719, 34.3099060059, 59.12657547, -21.8658561707, 63.3692779541, -30.5513248444, 33.1761474609, -3.93303799629, 15.2353658676, 7.40909862518, 91.5326766968]]}, "spectral_energyband_middle_low": {"dmean2": 0.00520124752074, "median": 0.00924661010504, "min": 2.33728530517e-22, "dvar2": 4.96203028888e-05, "dvar": 1.87792047655e-05, "dmean": 0.00322591047734, "max": 0.0769914314151, "var": 9.90408370853e-05, "mean": 0.0116651151329}, "melbands_crest": {"dmean2": 4.45414876938, "median": 15.2894792557, "min": 2.24867010117, "dvar2": 21.6601715088, "dvar": 7.87030553818, "dmean": 2.72560715675, "max": 32.8022766113, "var": 39.2267456055, "mean": 16.2468948364}, "spectral_kurtosis": {"dmean2": 4.60359764099, "median": 5.5952205658, "min": -1.1969717741, "dvar2": 55.4050865173, "dvar": 18.8709983826, "dmean": 2.72372889519, "max": 141.108718872, "var": 74.0041427612, "mean": 7.78622293472}, "spectral_rms": {"dmean2": 0.000934040755965, "median": 0.00459634279832, "min": 3.17602194544e-12, "dvar2": 1.24430493997e-06, "dvar": 5.09304584284e-07, "dmean": 0.000582499138545, "max": 0.0114546166733, "var": 3.3295805224e-06, "mean": 0.0046246428974}, "zerocrossingrate": {"dmean2": 0.0100061865523, "median": 0.0390625, "min": 0.00390625, "dvar2": 0.000163984193932, "dvar": 0.000134754794999, "dmean": 0.00823287758976, "max": 0.546875, "var": 0.00285327644087, "mean": 0.0519351959229}, "silence_rate_60dB": {"dmean2": 0.0131050860509, "median": 0, "min": 0, "dvar2": 0.0157153848559, "dvar": 0.00651065493003, "dmean": 0.00655200658366, "max": 1, "var": 0.0519326664507, "mean": 0.054950453341}, "erbbands_kurtosis": {"dmean2": 1.48255193233, "median": 0.237822532654, "min": -1.8065546751, "dvar2": 4.50455713272, "dvar": 1.84286081791, "dmean": 0.947601437569, "max": 50.0924491882, "var": 6.56360054016, "mean": 1.0189293623}, "erbbands": {"dmean2": [0.130537137389, 1.13191092014, 3.4144384861, 4.87580394745, 4.93299341202, 6.36582660675, 15.0834178925, 10.5814113617, 16.7089958191, 19.9402217865, 32.3773574829, 20.1303005219, 13.8749704361, 18.5473861694, 13.3224058151, 15.2809829712, 9.80474662781, 11.1410808563, 14.8420696259, 17.6177806854, 16.2027816772, 14.2630577087, 9.16296291351, 7.58683538437, 8.65988826752, 5.6498208046, 4.19477272034, 2.39878869057, 3.0224814415, 2.28252363205, 1.41956961155, 1.38767385483, 1.42702937126, 1.05443358421, 0.681243002415, 0.26161891222, 0.0624050311744, 0.00918666180223, 0.00126334605739, 9.0575995273e-05], "median": [0.0196302831173, 0.614331483841, 3.51253533363, 3.71244001389, 3.5786216259, 4.75538015366, 10.2597227097, 7.25369691849, 12.4396762848, 12.7401237488, 15.8815460205, 6.34835004807, 5.47355127335, 7.59140825272, 3.55544257164, 3.25750946999, 2.68034315109, 2.74502277374, 3.94260334969, 4.44858884811, 4.00515651703, 4.99985933304, 3.56271219254, 2.87175369263, 3.29433512688, 2.07163095474, 1.51829099655, 0.520841896534, 0.444274753332, 0.278326183558, 0.201423227787, 0.170759931207, 0.214108034968, 0.172852918506, 0.121019646525, 0.0471912175417, 0.0105291120708, 0.00139546266291, 0.000125247519463, 3.48615831172e-05], "min": [8.77094113946e-23, 2.55073541512e-21, 9.76442526811e-21, 2.83923541404e-20, 3.47403804992e-20, 8.01245527669e-20, 1.66260692334e-19, 1.88832111881e-19, 2.34308188438e-19, 2.8241166204e-19, 4.74994869977e-19, 5.54667355615e-19, 7.7225535459e-19, 1.44972635754e-18, 1.90241821515e-18, 1.37281448379e-18, 2.35657924893e-18, 2.7407221322e-18, 6.84614545054e-18, 6.17605801684e-18, 1.02934338882e-17, 5.23152818592e-18, 8.27784371682e-18, 7.8948425496e-18, 8.74832667845e-18, 9.28610905471e-18, 1.45925628469e-17, 1.63617896806e-17, 1.3490144503e-17, 1.70810877433e-17, 1.60492179795e-17, 1.43212376798e-17, 1.11116958394e-17, 9.60693353683e-18, 7.62966829755e-18, 5.9910268128e-18, 2.93999945434e-18, 1.21430775667e-18, 3.04100647894e-19, 3.40269307585e-20], "dvar2": [0.122601315379, 6.53208303452, 39.3397140503, 65.4301757812, 65.9612808228, 100.583328247, 706.997375488, 427.444915771, 1101.42333984, 2635.30029297, 5938.40039062, 3647.11010742, 1545.23657227, 1433.25305176, 2040.81164551, 2044.89807129, 927.874694824, 1140.96118164, 2160.62011719, 2755.98291016, 2840.921875, 1371.17041016, 610.397888184, 366.155456543, 502.191986084, 200.138214111, 112.234031677, 45.9375648499, 82.5875549316, 46.4159126282, 17.085193634, 13.1037473679, 15.4605379105, 8.61792564392, 3.49037313461, 0.395922988653, 0.0312913954258, 0.000690306886099, 1.39278754432e-05, 7.10796967951e-08], "dvar": [0.0505147948861, 2.35649704933, 13.3272390366, 21.2787075043, 23.3033676147, 35.6552467346, 253.487319946, 176.179458618, 480.007324219, 1198.25976562, 2370.8828125, 1712.49682617, 642.137512207, 589.546875, 770.951049805, 810.246032715, 424.717407227, 480.70880127, 881.713684082, 1185.6965332, 1187.59326172, 595.609191895, 302.901489258, 153.163528442, 206.836380005, 82.3342666626, 45.6363067627, 21.580789566, 39.5047950745, 22.36926651, 8.39976501465, 6.15033388138, 8.07666015625, 4.31762933731, 1.58773434162, 0.171425044537, 0.0130968326703, 0.000310873467242, 6.29201167612e-06, 3.05002743062e-08], "dmean": [0.079210549593, 0.659472644329, 1.99137079716, 2.80460715294, 2.94390392303, 3.81918382645, 9.41271400452, 6.74041843414, 11.2286319733, 13.6173782349, 21.3439903259, 13.6397409439, 9.0787858963, 11.8254413605, 8.28903865814, 9.5880651474, 6.19638538361, 6.94742584229, 9.16242408752, 11.1591014862, 10.3490943909, 9.11130428314, 5.81205224991, 4.73799228668, 5.47106742859, 3.55765414238, 2.66279983521, 1.59110605717, 2.03281164169, 1.55743336678, 0.965143620968, 0.919642031193, 0.958489239216, 0.712243258953, 0.455158501863, 0.171764060855, 0.0412766747177, 0.00629192218184, 0.000852292170748, 5.95361889282e-05], "max": [2.80652427673, 20.3761348724, 60.8457183838, 67.3190994263, 78.3955612183, 96.7753753662, 274.269897461, 308.834320068, 603.44909668, 1224.27893066, 1430.01550293, 1774.6965332, 1105.57299805, 739.838378906, 848.792297363, 989.531921387, 985.207336426, 718.917602539, 868.410461426, 997.346130371, 974.012084961, 724.416320801, 1139.77038574, 473.749633789, 391.67489624, 407.488983154, 170.688491821, 118.488143921, 196.215682983, 143.115753174, 124.530380249, 73.0457458496, 104.329711914, 74.3278656006, 48.670791626, 8.69914627075, 3.01599979401, 0.419823497534, 0.0408927686512, 0.00294396653771], "var": [0.0584457740188, 2.85032868385, 27.4846630096, 42.8245506287, 53.7983512878, 92.3186035156, 598.125854492, 472.328430176, 1167.27868652, 3568.54760742, 8297.46777344, 14189.4882812, 2295.58520508, 1492.99060059, 1374.08190918, 1967.73120117, 1148.16918945, 986.443237305, 1506.3795166, 2570.22509766, 3293.42163086, 2327.24511719, 1082.99365234, 535.559448242, 624.644836426, 275.887115479, 153.081466675, 63.4510116577, 134.686386108, 79.8870315552, 27.1376724243, 17.3020648956, 24.6765365601, 14.142159462, 4.5168299675, 0.412688612938, 0.020441127941, 0.000483772164444, 9.08310539671e-06, 3.69069326212e-08], "mean": [0.105069480836, 1.21701312065, 5.04320764542, 5.81362771988, 5.99157476425, 7.9663028717, 18.4541568756, 14.7338123322, 22.8669815063, 30.7687206268, 44.6991920471, 36.084728241, 20.4435958862, 21.6094245911, 15.4928665161, 18.5003910065, 11.920044899, 12.2893180847, 15.2789068222, 20.1846370697, 21.0546798706, 21.0574703217, 13.7772312164, 11.2438020706, 12.4042272568, 8.32394886017, 6.0925860405, 3.25587701797, 4.3126335144, 3.30885457993, 1.9101729393, 1.75188493729, 1.87537288666, 1.45206308365, 0.925317406654, 0.316132128239, 0.0669243037701, 0.00963446125388, 0.00114501814824, 9.26390930545e-05]}, "spectral_strongpeak": {"dmean2": 0.585521876812, "median": 0.43785148859, "min": 0, "dvar2": 1.36964857578, "dvar": 0.505018651485, "dmean": 0.339693814516, "max": 12.4447755814, "var": 0.921948492527, "mean": 0.744495689869}, "spectral_energy": {"dmean2": 0.0102642299607, "median": 0.0216545239091, "min": 1.03392931756e-20, "dvar2": 0.00021173460118, "dvar": 8.42704757815e-05, "dmean": 0.00635690288618, "max": 0.134488448501, "var": 0.000316550431307, "mean": 0.0253349933773}, "average_loudness": 0.706775248051, "spectral_rolloff": {"dmean2": 550.295532227, "median": 581.396484375, "min": 64.599609375, "dvar2": 1565907, "dvar": 696282.875, "dmean": 327.314422607, "max": 19767.4804688, "var": 4273324.5, "mean": 1178.79541016}, "spectral_centroid": {"dmean2": 239.619979858, "median": 795.922790527, "min": 165.700408936, "dvar2": 104767.609375, "dvar": 54177.4882812, "dmean": 154.729034424, "max": 11628.7509766, "var": 457275.15625, "mean": 983.012756348}, "pitch_salience": {"dmean2": 0.107871845365, "median": 0.519778907299, "min": 0.104203894734, "dvar2": 0.0110885463655, "dvar": 0.00402003247291, "dmean": 0.0652936920524, "max": 0.871468663216, "var": 0.0181519743055, "mean": 0.507265806198}, "spectral_energyband_middle_high": {"dmean2": 0.00158175581601, "median": 0.00147716072388, "min": 1.37207180566e-21, "dvar2": 1.09812381197e-05, "dvar": 4.68580356028e-06, "dmean": 0.00103002751712, "max": 0.0413757897913, "var": 2.58168838627e-05, "mean": 0.00354286632501}, "spectral_contrast_coeffs": {"dmean2": [0.07750133425, 0.065977551043, 0.0564007870853, 0.0457161515951, 0.0315418690443, 0.0259737558663], "median": [-0.617745757103, -0.714423537254, -0.759251177311, -0.792618632317, -0.787299752235, -0.790266275406], "min": [-0.961842417717, -0.98174738884, -0.995003461838, -0.988394856453, -0.993041336536, -0.968328535557], "dvar2": [0.0039958669804, 0.00284650339745, 0.00195182568859, 0.00129936216399, 0.000668230117299, 0.000586842710618], "dvar": [0.00151949259453, 0.0010629465105, 0.000738108239602, 0.000491024344228, 0.000263246300165, 0.000261394161498], "dmean": [0.04718028754, 0.0405127182603, 0.0347080752254, 0.0273930747062, 0.0194040089846, 0.016511503607], "max": [-0.283214986324, -0.479986965656, -0.4707069695, -0.592419326305, -0.580437123775, -0.535866260529], "var": [0.00877281930298, 0.00421992968768, 0.00358490739018, 0.00261608976871, 0.00205904338509, 0.00237438967451], "mean": [-0.612449347973, -0.712840020657, -0.7555809021, -0.788774728775, -0.785357356071, -0.786407053471]}, "melbands_skewness": {"dmean2": 1.06413662434, "median": 2.65514826775, "min": -1.40419244766, "dvar2": 1.48634588718, "dvar": 0.583344042301, "dmean": 0.680979430676, "max": 15.8670835495, "var": 3.1257019043, "mean": 3.02124023438}, "spectral_spread": {"dmean2": 736860.125, "median": 4182968, "min": 602480.5, "dvar2": 1028190437380.0, "dvar": 599995908096, "dmean": 514551.03125, "max": 41088888, "var": 5328275505150.0, "mean": 4585980.5}, "dissonance": {"dmean2": 0.0344582460821, "median": 0.459867030382, "min": 0.237893015146, "dvar2": 0.00103590684012, "dvar": 0.000381378806196, "dmean": 0.0207348838449, "max": 0.500000059605, "var": 0.00121671624947, "mean": 0.451296806335}, "spectral_skewness": {"dmean2": 0.45644775033, "median": 1.87831866741, "min": -0.0594402849674, "dvar2": 0.314290463924, "dvar": 0.113180495799, "dmean": 0.27939209342, "max": 9.12326049805, "var": 0.553841650486, "mean": 1.98771929741}, "spectral_flux": {"dmean2": 0.0274491347373, "median": 0.0596809275448, "min": 6.67042740488e-11, "dvar2": 0.00103305617813, "dvar": 0.000473138061352, "dmean": 0.0175076089799, "max": 0.303798615932, "var": 0.00183568533976, "mean": 0.0657143816352}, "spectral_contrast_valleys": {"dmean2": [0.675545930862, 0.494210243225, 0.453396141529, 0.391957581043, 0.310930192471, 0.337485700846], "median": [-7.21407747269, -6.54580831528, -7.72732639313, -8.16540431976, -7.87376976013, -10.5014877319], "min": [-27.5578861237, -27.9962081909, -27.3210506439, -27.4191474915, -27.2388782501, -27.2869853973], "dvar2": [0.331058949232, 0.174491614103, 0.155066236854, 0.136127218604, 0.120480962098, 0.18693010509], "dvar": [0.144106820226, 0.0724894627929, 0.0683788955212, 0.0644099935889, 0.0643564611673, 0.11216801405], "dmean": [0.416431516409, 0.298869043589, 0.273213386536, 0.240202456713, 0.203004568815, 0.250191360712], "max": [-5.15475559235, -4.56147861481, -5.28620386124, -5.29927158356, -5.72762727737, -7.6094660759], "var": [2.72856354713, 2.45885062218, 2.28223705292, 2.37076544762, 2.33321380615, 3.60895252228], "mean": [-7.52272605896, -6.81718254089, -7.88132429123, -8.39621639252, -8.20560359955, -11.0164194107]}, "erbbands_flatness_db": {"dmean2": 0.0209236573428, "median": 0.158341467381, "min": 0.0477688908577, "dvar2": 0.000409686384955, "dvar": 0.000215764186578, "dmean": 0.0147583279759, "max": 0.376589089632, "var": 0.00342757790349, "mean": 0.168062254786}, "spectral_energyband_high": {"dmean2": 0.000343727850122, "median": 0.000162766737049, "min": 7.59738250766e-21, "dvar2": 6.18001081421e-07, "dvar": 3.25715802774e-07, "dmean": 0.000239403627347, "max": 0.0127447508276, "var": 1.45681019603e-06, "mean": 0.000669944740366}, "spectral_entropy": {"dmean2": 0.21183411777, "median": 7.31564426422, "min": 4.98413515091, "dvar2": 0.0523333437741, "dvar": 0.0255722366273, "dmean": 0.14433708787, "max": 9.79744148254, "var": 0.459497123957, "mean": 7.21296882629}, "silence_rate_20dB": {"dmean2": 0, "median": 1, "min": 1, "dvar2": 0, "dvar": 0, "dmean": 0, "max": 1, "var": 0, "mean": 1}, "melbands_flatness_db": {"dmean2": 0.0340048372746, "median": 0.246068015695, "min": 0.00659899879247, "dvar2": 0.00127754569985, "dvar": 0.000561698863748, "dmean": 0.0219027325511, "max": 0.573991656303, "var": 0.0111635895446, "mean": 0.261443853378}, "barkbands": {"dmean2": [0.000256347237155, 0.0046347565949, 0.00325890514068, 0.00161876517814, 0.00198442302644, 0.00143376435153, 0.00128147099167, 0.00138900929596, 0.000862956221681, 0.000588464667089, 0.000306024361635, 0.000405245722504, 0.000235595478443, 0.000228033532039, 0.000344656087691, 0.000310290663037, 0.000279248430161, 0.000170955434442, 0.000172705782461, 0.000123331090435, 8.17114778329e-05, 8.04792653071e-05, 5.23920243722e-05, 7.51628394937e-05, 9.0216533863e-05, 4.15145696024e-05, 7.43211603549e-06], "median": [4.79679101772e-06, 0.00218778126873, 0.00315326103009, 0.000948078290094, 0.00171331129968, 0.00116863450967, 0.0009091