{"tonal": {"thpcp": [1, 0.847916841507, 0.41438934207, 0.240660697222, 0.211505144835, 0.307533591986, 0.424370706081, 0.402091771364, 0.451055526733, 0.516210079193, 0.356588602066, 0.281149655581, 0.324806451797, 0.332288652658, 0.56465536356, 0.763430833817, 0.53139603138, 0.286725997925, 0.243220686913, 0.272820740938, 0.520625948906, 0.80057156086, 0.664111852646, 0.424952894449, 0.361435383558, 0.303193151951, 0.303291708231, 0.32912042737, 0.361700326204, 0.576492130756, 0.723894894123, 0.537199556828, 0.378032386303, 0.359976798296, 0.382443577051, 0.635186493397], "hpcp": {"dmean2": [0.317626059055, 0.271657586098, 0.219671592116, 0.194366872311, 0.176618888974, 0.158121332526, 0.168237432837, 0.209020584822, 0.283662438393, 0.305335253477, 0.277918756008, 0.263258576393, 0.256013810635, 0.270990908146, 0.316849201918, 0.361107051373, 0.34316599369, 0.249693959951, 0.175972759724, 0.154491394758, 0.178270488977, 0.204819977283, 0.20939643681, 0.234758853912, 0.237255170941, 0.194478824735, 0.162348464131, 0.193207010627, 0.218061596155, 0.284274369478, 0.304974973202, 0.249340906739, 0.188487559557, 0.162981048226, 0.191594526172, 0.273115903139], "median": [0.133586004376, 0.118641652167, 0.0669816583395, 0.037498831749, 0.030639372766, 0.0438423976302, 0.0492617487907, 0.055914580822, 0.0932703018188, 0.104926377535, 0.0775533393025, 0.043169323355, 0.0392070189118, 0.0445881858468, 0.124441847205, 0.236716553569, 0.185047119856, 0.0601728260517, 0.0245505161583, 0.023394882679, 0.0417788997293, 0.0573846697807, 0.0562822297215, 0.0631674826145, 0.0533631443977, 0.0424828901887, 0.044161863625, 0.048053715378, 0.0491701066494, 0.0689683333039, 0.0773583352566, 0.0640276521444, 0.0350807234645, 0.0277211554348, 0.033004462719, 0.0847782492638], "min": [0, 0, 0, 0, 0, 0, 0, 0, 0, 0, 0, 0, 0, 0, 0, 0, 0, 0, 0, 0, 0, 0, 0, 0, 0, 0, 0, 0, 0, 0, 0, 0, 0, 0, 0, 0], "dvar2": [0.144701778889, 0.104556880891, 0.0964895784855, 0.100001551211, 0.0905621424317, 0.0652628540993, 0.0712988600135, 0.0886882171035, 0.120375588536, 0.13258728385, 0.122608594596, 0.142630741, 0.139494806528, 0.139990061522, 0.134126707911, 0.143675744534, 0.136954724789, 0.107535943389, 0.0938743054867, 0.0828133374453, 0.0775399729609, 0.0936064124107, 0.0975749492645, 0.115120582283, 0.127896130085, 0.094117231667, 0.0681956782937, 0.0928293988109, 0.102778919041, 0.139774546027, 0.169838681817, 0.11154717952, 0.0862401276827, 0.0721825808287, 0.0952228233218, 0.115097038448], "dvar": [0.0536808595061, 0.0382083691657, 0.0343980640173, 0.0354327224195, 0.0315580591559, 0.0234805718064, 0.0256547052413, 0.0315558351576, 0.043797545135, 0.0510936938226, 0.0444775223732, 0.0504574067891, 0.0497776158154, 0.050593174994, 0.0490369200706, 0.0548344142735, 0.0515385270119, 0.039235919714, 0.0332287363708, 0.0289473328739, 0.0278584156185, 0.0342529676855, 0.0342543646693, 0.0413190051913, 0.048531897366, 0.0334374606609, 0.0245641767979, 0.0334140174091, 0.0366921424866, 0.0507223308086, 0.0638654083014, 0.0402972884476, 0.0306054279208, 0.0263549312949, 0.0341761857271, 0.0410345047712], "dmean": [0.181506618857, 0.158144772053, 0.126944631338, 0.107866480947, 0.0980275645852, 0.0895664766431, 0.0946818590164, 0.116946548223, 0.161329507828, 0.174835801125, 0.158720254898, 0.144250944257, 0.139081075788, 0.148284599185, 0.179536551237, 0.208005651832, 0.199005901814, 0.142139017582, 0.096055097878, 0.0846337974072, 0.100243210793, 0.116532973945, 0.117838434875, 0.133598461747, 0.136050283909, 0.110587738454, 0.0913970246911, 0.107692420483, 0.120886743069, 0.160382136703, 0.171584382653, 0.143630295992, 0.103877618909, 0.0904573872685, 0.105344735086, 0.155187919736], "max": [1, 1, 1, 1, 1, 1, 1, 1, 1, 1, 1, 1, 1, 1, 1, 1, 1, 1, 1, 1, 1, 1, 1, 1, 1, 1, 1, 1, 1, 1, 1, 1, 1, 1, 1, 1], "var": [0.104572393, 0.071848154068, 0.0439433567226, 0.0530690774322, 0.0380039662123, 0.032894525677, 0.0339242741466, 0.0350290574133, 0.0638781934977, 0.0963597297668, 0.0608868151903, 0.0466146878898, 0.0454529896379, 0.0471096634865, 0.0647898167372, 0.112694919109, 0.0916179940104, 0.0426901765168, 0.027548218146, 0.0215877518058, 0.0285531897098, 0.0493749268353, 0.0443982109427, 0.0511194355786, 0.0757443606853, 0.0402697212994, 0.0245887562633, 0.0326039083302, 0.0331924408674, 0.0725072398782, 0.124043934047, 0.0642362236977, 0.0286918673664, 0.0249639414251, 0.029186276719, 0.052835598588], "mean": [0.289652556181, 0.24028044939, 0.153751015663, 0.130769923329, 0.109697461128, 0.109733119607, 0.119078144431, 0.130865782499, 0.208579003811, 0.261910378933, 0.194362670183, 0.136774837971, 0.130242198706, 0.138370841742, 0.22981505096, 0.361807197332, 0.30678242445, 0.149929046631, 0.0870727747679, 0.0765240862966, 0.111267872155, 0.153540372849, 0.145479694009, 0.163195133209, 0.186768531799, 0.129016324878, 0.101721972227, 0.117517314851, 0.120224431157, 0.204296380281, 0.276214778423, 0.192262917757, 0.103739529848, 0.0879989936948, 0.0987085103989, 0.188366219401]}, "tuning_equal_tempered_deviation": 0.0655651390553, "chords_changes_rate": 0.0658951327205, "key_key": "G", "tuning_diatonic_strength": 0.614574611187, "key_scale": "minor", "chords_number_rate": 0.00259801605716, "tuning_frequency": 440, "tuning_nontempered_energy_ratio": 0.7464838624, "chords_histogram": [9.47094917297, 1.39348137379, 20.5715637207, 7.03826189041, 4.15682554245, 12.4940958023, 1.91308450699, 10.7463388443, 0.779404819012, 21.8941898346, 0.118091635406, 4.81813907623, 0, 0.18894661963, 0, 0, 0, 0, 0, 0, 0.0236183274537, 0, 4.22768068314, 0.165328294039], "key_strength": 0.686741292477, "chords_key": "D", "chords_strength": {"dmean2": 0.0105110350996, "median": 0.532159090042, "min": -1, "dvar2": 0.000825935276225, "dvar": 0.000455770641565, "dmean": 0.0102083310485, "max": 0.801805794239, "var": 0.0230033826083, "mean": 0.525655686855}, "chords_scale": "major", "hpcp_entropy": {"dmean2": 1.1196321249, "median": 2.19966697693, "min": 0, "dvar2": 0.836512863636, "dvar": 0.293760836124, "dmean": 0.66012853384, "max": 4.62030315399, "var": 0.631032824516, "mean": 2.20836806297}}, "metadata": {"audio_properties": {"equal_loudness": 0, "codec": "flac", "downmix": "mix", "sample_rate": 44100, "analysis_sample_rate": 44100, "bit_rate": 0, "md5_encoded": "ef828b8f5fe8c4668fe678e2653c4846", "length": 196.559997559, "replay_gain": -14.5896930695, "lossless": true}, "version": {"essentia_build_sha": "70f2e5ece6736b2c40cc944ad0e695b16b925413", "essentia": "2.1-beta2", "extractor": "music 1.0", "essentia_git_sha": "v2.1_beta2"}, "tags": {"title": ["Dividing Lines"], "language": ["eng"], "albumartist": ["Kaura"], "date": ["2005"], "genre": ["Portalternativo / Tool / Sun Stoner / Underrated / Alternative Progressive Rock / Progressive Rock"], "tracktotal": ["5"], "albumartistsort": ["Kaura"], "releasetype": ["ep"], "musicbrainz_artistid": ["4da922a7-d1e8-457d-9bce-133110644940"], "musicbrainz_recordingid": ["0a363c6a-3906-432a-b9c3-88a37f773977"], "releasecountry": ["US"], "musicbrainz_albumartistid": ["4da922a7-d1e8-457d-9bce-133110644940"], "musicbrainz_albumid": ["832e87e8-b529-4011-9229-07e5b59734e7"], "artist": ["Kaura"], "tracknumber": ["4"], "artistsort": ["Kaura"], "album": ["Kaura"], "releasestatus": ["official"], "script": ["Latn"], "file_name": "04. Dividing Lines.flac"}}, "rhythm": {"bpm_histogram_first_peak_bpm": {"dmean2": 0, "median": 115, "min": 115, "dvar2": 0, "dvar": 0, "dmean": 0, "max": 115, "var": 0, "mean": 115}, "bpm": 114.909126282, "bpm_histogram_second_peak_spread": {"dmean2": 0, "median": 0.250000059605, "min": 0.250000059605, "dvar2": 0, "dvar": 0, "dmean": 0, "max": 0.250000059605, "var": 0, "mean": 0.250000059605}, "bpm_histogram_first_peak_weight": {"dmean2": 0, "median": 0.711229920387, "min": 0.711229920387, "dvar2": 0, "dvar": 0, "dmean": 0, "max": 0.711229920387, "var": 0, "mean": 0.711229920387}, "onset_rate": 3.98819541931, "beats_position": [0.510838985443, 1.03328800201, 1.55573689938, 2.07818579674, 2.60063481331, 3.13469386101, 3.66875267029, 4.20281171799, 4.74848079681, 5.28253936768, 5.81659841537, 6.33904743195, 6.84988641739, 7.38394546509, 7.90639448166, 8.42884349823, 8.95129203796, 9.47374153137, 9.98458003998, 10.5070295334, 11.0294780731, 11.5519275665, 12.0743761063, 12.5968255997, 13.1192741394, 13.6417226791, 14.1641721725, 14.6866207123, 15.2090702057, 15.7315187454, 16.2539672852, 16.7764167786, 17.298866272, 17.8213157654, 18.3437633514, 18.8546028137, 19.365442276, 19.8878898621, 20.4103393555, 20.9327888489, 21.4552383423, 21.9776859283, 22.5001354218, 23.0341949463, 23.5566444397, 24.0790920258, 24.589931488, 25.1123809814, 25.6348285675, 26.168888092, 26.6913375854, 27.2137870789, 27.7246246338, 28.2470741272, 28.7695236206, 29.291973114, 29.8144207001, 30.3368701935, 30.8593196869, 31.3817672729, 31.9042167664, 32.4266662598, 32.9491157532, 33.4715652466, 33.99401474, 34.5164604187, 35.0389099121, 35.5613594055, 36.0838088989, 36.6062583923, 37.1287078857, 37.6511573792, 38.1736030579, 38.6960525513, 39.2185020447, 39.7409515381, 40.2634010315, 40.7742385864, 41.2850799561, 41.8075294495, 42.3299751282, 42.8524246216, 43.374874115, 43.8973236084, 44.4197731018, 44.9422225952, 45.4646720886, 45.9755096436, 46.5095672607, 47.0204086304, 47.5428581238, 48.0653038025, 48.5761451721, 49.1102027893, 49.6442604065, 50.1667098999, 50.6891593933, 51.2116088867, 51.7340583801, 52.2448959351, 52.7673454285, 53.2897949219, 53.8122444153, 54.3346939087, 54.8455314636, 55.3795890808, 55.9020385742, 56.4244880676, 56.9353294373, 57.4693870544, 57.9918365479, 58.5142860413, 59.0251235962, 59.5475730896, 60.070022583, 60.5924720764, 61.1149177551, 61.6373672485, 62.1598167419, 62.6822662354, 63.2047157288, 63.7271652222, 64.2496109009, 64.7836685181, 65.2945098877, 65.8169631958, 66.3394088745, 66.8618545532, 67.3843078613, 67.90675354, 68.4292068481, 68.9516525269, 69.474105835, 69.9849395752, 70.4957809448, 71.029838562, 71.5638961792, 72.0863494873, 72.608795166, 73.1312484741, 73.6536941528, 74.1761474609, 74.6985931396, 75.2094345093, 75.731880188, 76.2543258667, 76.7767791748, 77.2992248535, 77.8216781616, 78.3441238403, 78.8665771484, 79.3890228271, 79.8998641968, 80.4223098755, 80.9447631836, 81.4788208008, 81.9896621704, 82.5121078491, 83.0345535278, 83.5453948975, 84.0794525146, 84.6019058228, 85.1243515015, 85.6468048096, 86.1692504883, 86.691696167, 87.2141494751, 87.7365951538, 88.2590484619, 88.7814941406, 89.3039474487, 89.814781189, 90.3488388062, 90.8712921143, 91.393737793, 91.9045791626, 92.4270248413, 92.9494781494, 93.4719238281, 93.9943771362, 94.5168228149, 95.039276123, 95.5501098633, 96.0725631714, 96.5833969116, 97.1058502197, 97.61668396, 98.1275253296, 98.6383666992, 99.1492080688, 99.6600418091, 100.182495117, 100.704940796, 101.238998413, 101.77305603, 102.307121277, 102.841178894, 103.375236511, 103.909294128, 104.431747437, 104.954193115, 105.476638794, 105.999092102, 106.521537781, 107.043991089, 107.566436768, 108.088890076, 108.611335754, 109.133781433, 109.644622803, 110.167076111, 110.68952179, 111.211967468, 111.734420776, 112.245262146, 112.767707825, 113.290153503, 113.82421875, 114.33505249, 114.857505798, 115.379951477, 115.914009094, 116.424850464, 116.947296143, 117.469749451, 117.992195129, 118.514648438, 119.037094116, 119.559547424, 120.070381165, 120.592834473, 121.115280151, 121.626121521, 122.1485672, 122.671020508, 123.193466187, 123.715919495, 124.238365173, 124.760810852, 125.28326416, 125.805709839, 126.328163147, 126.850608826, 127.373062134, 127.895507812, 128.417953491, 128.94039917, 129.451248169, 129.962081909, 130.484527588, 131.018585205, 131.541046143, 132.07510376, 132.597549438, 133.119995117, 133.642440796, 134.164901733, 134.675735474, 135.198181152, 135.709014893, 136.23147583, 136.765533447, 137.287979126, 137.810424805, 138.321273804, 138.843719482, 139.366165161, 139.88861084, 140.411056519, 140.933517456, 141.455963135, 141.978408813, 142.500854492, 143.034912109, 143.557373047, 144.079818726, 144.590652466, 145.113098145, 145.635559082, 146.146392822, 146.657226562, 147.19128418, 147.713745117, 148.236190796, 148.747024536, 149.281082153, 149.815139771, 150.337600708, 150.860046387, 151.370880127, 151.881713867, 152.415786743, 152.926620483, 153.460678101, 153.983123779, 154.505569458, 155.016418457, 155.538864136, 156.061309814, 156.583755493, 157.106216431, 157.628662109, 158.151107788, 158.673553467, 159.195999146, 159.718460083, 160.240905762, 160.76335144, 161.285797119, 161.796646118, 162.330703735, 162.853149414, 163.387207031, 163.90965271, 164.432098389, 164.954559326, 165.477005005, 165.999450684, 166.521896362, 167.0443573, 167.566802979, 168.089248657, 168.600082397, 169.110931396, 169.633377075, 170.155822754, 170.678268433, 171.20072937, 171.723175049, 172.245620728, 172.756454468, 173.278915405, 173.801361084, 174.323806763, 174.85786438, 175.380310059, 175.902755737, 176.425216675, 176.959274292, 177.481719971, 178.004165649, 178.526611328, 179.049072266, 179.559906006, 180.070739746, 180.593200684, 181.115646362, 181.649703979, 182.183761597, 182.717819214, 183.240264893, 183.762710571, 184.27355957, 184.784393311, 185.306838989, 185.829299927, 186.351745605, 186.874191284, 187.396636963, 187.919082642, 188.441543579, 188.963989258, 189.486434937, 190.008880615, 190.542938232, 191.07699585, 191.599456787, 192.168334961, 192.725616455, 193.248062134, 193.770523071, 194.29296875, 194.815414429, 195.361083984, 195.90675354], "beats_loudness": {"dmean2": 0.0213520005345, "median": 0.0399711988866, "min": 0, "dvar2": 0.000376799987862, "dvar": 0.000135295777, "dmean": 0.0125179253519, "max": 0.0941268876195, "var": 0.000294746307191, "mean": 0.03928739205}, "danceability": 0.871093511581, "bpm_histogram_second_peak_weight": {"dmean2": 0, "median": 0.00802139006555, "min": 0.00802139006555, "dvar2": 0, "dvar": 0, "dmean": 0, "max": 0.00802139006555, "var": 0, "mean": 0.00802139006555}, "beats_count": 375, "bpm_histogram_second_peak_bpm": {"dmean2": 0, "median": 110, "min": 110, "dvar2": 0, "dvar": 0, "dmean": 0, "max": 110, "var": 0, "mean": 110}, "bpm_histogram_first_peak_spread": {"dmean2": 0, "median": 0.279132783413, "min": 0.279132783413, "dvar2": 0, "dvar": 0, "dmean": 0, "max": 0.279132783413, "var": 0, "mean": 0.279132783413}, "beats_loudness_band_ratio": {"dmean2": [0.396344870329, 0.153766542673, 0.154179930687, 0.191288128495, 0.17684520781, 0.0961376950145], "median": [0.401462465525, 0.0819387510419, 0.0925178825855, 0.116778813303, 0.14361999929, 0.0497659295797], "min": [0, 0, 0, 0, 0, 0], "dvar2": [0.0845281407237, 0.0166280437261, 0.0141110690311, 0.0328404158354, 0.0225303769112, 0.00574727030471], "dvar": [0.0268996097147, 0.00510661303997, 0.00488033564761, 0.0127095393836, 0.00863577891141, 0.00197604927234], "dmean": [0.21173620224, 0.0822099968791, 0.0869624614716, 0.109373115003, 0.0978885218501, 0.050222530961], "max": [0.957626760006, 0.559356331825, 0.559145629406, 0.877486526966, 0.719361841679, 0.298419982195], "var": [0.0501318611205, 0.00604682881385, 0.00825421418995, 0.0235536620021, 0.0207242295146, 0.00209621200338], "mean": [0.398335963488, 0.098966255784, 0.115379184484, 0.16969960928, 0.185979515314, 0.0634082406759]}}, "lowlevel": {"barkbands_spread": {"dmean2": 8.96439647675, "median": 27.8042030334, "min": 0.22357493639, "dvar2": 84.4052810669, "dvar": 35.8946876526, "dmean": 5.73688220978, "max": 96.5963592529, "var": 143.052124023, "mean": 27.8478069305}, "melbands_spread": {"dmean2": 14.2976169586, "median": 29.9720497131, "min": 0.34907206893, "dvar2": 203.223114014, "dvar": 82.9917907715, "dmean": 9.01887226105, "max": 155.983062744, "var": 316.44732666, "mean": 31.9489631653}, "hfc": {"dmean2": 12.6646080017, "median": 29.1833667755, "min": 1.03169122519e-16, "dvar2": 219.305023193, "dvar": 96.3320007324, "dmean": 8.3168592453, "max": 145.206390381, "var": 386.543457031, "mean": 31.0548229218}, "barkbands_kurtosis": {"dmean2": 2.74710559845, "median": -0.191787958145, "min": -1.87719428539, "dvar2": 23.0296859741, "dvar": 8.96539592743, "dmean": 1.66117691994, "max": 54.6073875427, "var": 12.229850769, "mean": 0.924275398254}, "gfcc": {"mean": [3.03596282005, 90.6528396606, -138.404907227, 34.2708435059, -33.6819992065, 11.3918199539, -27.9387683868, 6.04525947571, -17.3799915314, -0.558507621288, -18.2036476135, -4.18506813049, -14.4569044113], "icov": [[0.000118944626593, -0.000150259351358, 0.000143995101098, -0.000312461168505, 0.000137760027428, -0.000288511510007, 0.000171213017893, -0.000415919872466, 0.000526577699929, -0.000618388701696, 0.000875717785675, -0.000487759010866, 0.000659782905132], [-0.000150259351358, 0.00191766046919, 0.000241058878601, -0.000756074674428, -0.000408993015299, 0.00102966988925, -0.00108640256803, 1.67241905729e-05, -0.00105469522532, 0.00204372615553, -0.0026157386601, 0.00162386021111, -0.000306399626425], [0.000143995101098, 0.000241058878601, 0.00145429826807, -0.00105896568857, -0.000146536287502, -0.00110522645991, 0.0001263981394, -0.00129621103406, 0.000723592820577, -0.00182058173232, 0.00155559426639, -0.00168271036819, 0.00157039018814], [-0.000312461168505, -0.000756074674428, -0.00105896568857, 0.00456296186894, 0.000275064638117, -0.00151739851572, 0.000869301322382, 0.00108819874004, -0.00316110346466, 0.00145477894694, -0.00129654898774, 0.00182404520456, -0.00207215780392], [0.000137760027428, -0.000408993015299, -0.000146536287502, 0.000275064638117, 0.00430298317224, 0.000958207703661, -0.00149884109851, -0.00104217079934, 7.81418711995e-05, -0.00134411954787, 0.00110242667142, -0.000884373905137, 0.000940490979701], [-0.000288511510007, 0.00102966988925, -0.00110522645991, -0.00151739851572, 0.000958207703661, 0.00933357700706, -0.0031660348177, -0.00153873115778, 0.00126275664661, 0.000397757423343, -0.00321801169775, 0.00239151762798, -0.00177953962702], [0.000171213017893, -0.00108640256803, 0.0001263981394, 0.000869301322382, -0.00149884109851, -0.0031660348177, 0.0104610156268, -0.00236336677335, -0.000587926246226, 0.00113569921814, -0.00142656755634, 0.00061566894874, 0.000492790481076], [-0.000415919872466, 1.67241905729e-05, -0.00129621103406, 0.00108819874004, -0.00104217079934, -0.00153873115778, -0.00236336677335, 0.015522306785, -0.00396138010547, 0.000974831171334, 0.000851078948472, 0.000218249464524, -0.00121212995145], [0.000526577699929, -0.00105469522532, 0.000723592820577, -0.00316110346466, 7.81418711995e-05, 0.00126275664661, -0.000587926246226, -0.00396138010547, 0.0157317183912, -0.00659975130111, 0.00387236871757, 0.00132343557198, -0.00094153394457], [-0.000618388701696, 0.00204372615553, -0.00182058173232, 0.00145477894694, -0.00134411954787, 0.000397757423343, 0.00113569921814, 0.000974831171334, -0.00659975130111, 0.0215272270143, -0.00855533778667, 0.000888390582986, 0.000154585941345], [0.000875717785675, -0.0026157386601, 0.00155559426639, -0.00129654898774, 0.00110242667142, -0.00321801169775, -0.00142656755634, 0.000851078948472, 0.00387236871757, -0.00855533778667, 0.0242399536073, -0.00849548820406, 0.00369948404841], [-0.000487759010866, 0.00162386021111, -0.00168271036819, 0.00182404520456, -0.000884373905137, 0.00239151762798, 0.00061566894874, 0.000218249464524, 0.00132343557198, 0.000888390582986, -0.00849548820406, 0.0223428253084, -0.0110050244257], [0.000659782905132, -0.000306399626425, 0.00157039018814, -0.00207215780392, 0.000940490979701, -0.00177953962702, 0.000492790481076, -0.00121212995145, -0.00094153394457, 0.000154585941345, 0.00369948404841, -0.0110050244257, 0.0243202149868]], "cov": [[30793.0136719, 513.060119629, 2046.41931152, 2357.37011719, -837.540649414, 1325.46557617, -334.997528076, 766.544921875, -218.020599365, 435.311401367, -658.14630127, -97.8980712891, -541.229553223], [513.060119629, 1118.87036133, -458.245483398, 210.265304565, 49.3353691101, -56.8298988342, 114.997947693, -0.905099213123, 83.7326583862, -92.4849090576, 60.208896637, -101.150810242, -11.8597698212], [2046.41931152, -458.245483398, 1747.7557373, 416.453552246, -11.8658561707, 349.314941406, -20.0448513031, 192.581115723, 7.70057439804, 175.080657959, -80.4403457642, 68.829208374, -60.0722007751], [2357.37011719, 210.265304565, 416.453552246, 591.930114746, -87.0871658325, 197.022384644, -6.81893587112, 84.3806304932, 67.4789352417, 37.8681144714, -37.7392120361, -37.9709358215, -24.7025146484], [-837.540649414, 49.3353691101, -11.8658561707, -87.0871658325, 302.081573486, -56.3052978516, 56.919467926, 10.1898031235, 20.1028156281, 3.73586583138, 13.1041135788, 4.90846347809, 1.22432267666], [1325.46557617, -56.8298988342, 349.314941406, 197.022384644, -56.3052978516, 246.282501221, 28.8432121277, 71.3837127686, -5.77406930923, 39.5108833313, -14.721657753, -2.88571977615, -18.8129062653], [-334.997528076, 114.997947693, -20.0448513031, -6.81893587112, 56.919467926, 28.8432121277, 141.836685181, 22.1690483093, 17.1527271271, -12.5755243301, 22.3066482544, -13.2504711151, 0.745459139347], [766.544921875, -0.905099213123, 192.581115723, 84.3806304932, 10.1898031235, 71.3837127686, 22.1690483093, 110.148391724, 19.8003997803, 23.0042762756, -22.8307323456, -1.58590126038, -12.8072977066], [-218.020599365, 83.7326583862, 7.70057439804, 67.4789352417, 20.1028156281, -5.77406930923, 17.1527271271, 19.8003997803, 103.52381897, 13.6399087906, -0.600942373276, -18.2844867706, 7.39988899231], [435.311401367, -92.4849090576, 175.080657959, 37.8681144714, 3.73586583138, 39.5108833313, -12.5755243301, 23.0042762756, 13.6399087906, 83.8021316528, 2.50704669952, 13.7122612, -11.0866174698], [-658.14630127, 60.208896637, -80.4403457642, -37.7392120361, 13.1041135788, -14.721657753, 22.3066482544, -22.8307323456, -0.600942373276, 2.50704669952, 78.9540405273, 16.1921138763, 12.6958761215], [-97.8980712891, -101.150810242, 68.829208374, -37.9709358215, 4.90846347809, -2.88571977615, -13.2504711151, -1.58590126038, -18.2844867706, 13.7122612, 16.1921138763, 78.5240631104, 25.7648105621], [-541.229553223, -11.8597698212, -60.0722007751, -24.7025146484, 1.22432267666, -18.8129062653, 0.745459139347, -12.8072977066, 7.39988899231, -11.0866174698, 12.6958761215, 25.7648105621, 65.4329528809]]}, "spectral_energyband_middle_low": {"dmean2": 0.00555821368471, "median": 0.00862104538828, "min": 1.5168924305e-22, "dvar2": 4.02822479373e-05, "dvar": 1.5745872588e-05, "dmean": 0.00345058599487, "max": 0.0511793084443, "var": 4.03903250117e-05, "mean": 0.00952916964889}, "melbands_crest": {"dmean2": 5.60189390182, "median": 13.8781070709, "min": 1.58095884323, "dvar2": 22.3316001892, "dvar": 8.77713680267, "dmean": 3.43117165565, "max": 31.7952442169, "var": 24.0224952698, "mean": 14.0164384842}, "spectral_kurtosis": {"dmean2": 4.05557203293, "median": 4.94245386124, "min": -1.24680137634, "dvar2": 62.9076194763, "dvar": 21.0777740479, "dmean": 2.36774659157, "max": 119.574989319, "var": 31.1257190704, "mean": 5.9666686058}, "spectral_rms": {"dmean2": 0.00152100459673, "median": 0.00588525086641, "min": 3.10416102545e-12, "dvar2": 2.8580527669e-06, "dvar": 1.12538134545e-06, "dmean": 0.000963732949458, "max": 0.0119959618896, "var": 4.34294997831e-06, "mean": 0.00562788266689}, "zerocrossingrate": {"dmean2": 0.0113223567605, "median": 0.06005859375, "min": 0.001953125, "dvar2": 0.000114296984975, "dvar": 8.95217453944e-05, "dmean": 0.00913765374571, "max": 0.52734375, "var": 0.00233435863629, "mean": 0.068081125617}, "silence_rate_60dB": {"dmean2": 0.000945067906287, "median": 0, "min": 0, "dvar2": 0.000944177329075, "dvar": 0.000472269573947, "dmean": 0.0004724781611, "max": 1, "var": 0.0813094452024, "mean": 0.0892878249288}, "erbbands_kurtosis": {"dmean2": 1.4723136425, "median": 0.276085853577, "min": -1.58323693275, "dvar2": 3.91334223747, "dvar": 1.52611899376, "dmean": 0.900152742863, "max": 25.5849056244, "var": 3.50416254997, "mean": 0.776347696781}, "erbbands": {"dmean2": [0.260541766882, 3.62763476372, 8.0235824585, 8.46549320221, 6.90318775177, 6.22843885422, 7.0954246521, 13.2871007919, 12.6536312103, 16.8898696899, 30.5918807983, 26.4214897156, 24.9449729919, 35.9164237976, 42.5754508972, 49.3870277405, 50.3094902039, 57.350982666, 69.8906173706, 59.2760887146, 46.2351646423, 34.7117004395, 30.8879623413, 24.5688076019, 27.3718204498, 19.0985946655, 13.3137817383, 10.4313135147, 10.6307544708, 5.7495803833, 3.12233161926, 1.61502826214, 0.948469281197, 0.722337424755, 0.354888647795, 0.134547561407, 0.0487887188792, 0.0130527708679, 0.00169603759423, 0.000107927909994], "median": [0.0593813844025, 1.3847566843, 6.06232404709, 6.78820371628, 5.12105894089, 3.83397293091, 4.52611398697, 5.10171604156, 5.10056400299, 8.94392776489, 16.7419967651, 12.1540517807, 11.4362640381, 16.8261489868, 18.4328765869, 20.5819721222, 22.8579559326, 31.6096229553, 42.1071281433, 47.9948158264, 46.6527519226, 37.8754463196, 33.8759536743, 26.0914993286, 22.9232215881, 11.3747491837, 6.63302230835, 5.12681770325, 4.04849433899, 2.57537078857, 1.30844855309, 0.656375169754, 0.35009971261, 0.215530082583, 0.1045589149, 0.0337873287499, 0.0100268442184, 0.00183149066288, 0.000208743309486, 6.53645547573e-05], "min": [5.87881171567e-23, 8.23661661827e-22, 1.81998980443e-21, 3.93460373316e-21, 1.50731985458e-20, 2.38706327142e-20, 2.26498886135e-20, 8.70732641156e-20, 1.29167328728e-19, 9.2861201958e-20, 1.90721547496e-19, 5.01202329927e-19, 5.76928078368e-19, 9.542884942e-19, 1.31999093667e-18, 9.714316056e-19, 1.81349361096e-18, 2.19158484087e-18, 3.09275675921e-18, 2.97503241443e-18, 4.16179174799e-18, 4.32265108017e-18, 5.84927369841e-18, 6.54438872231e-18, 8.81988193734e-18, 8.72010162159e-18, 8.5861049798e-18, 9.95246838539e-18, 1.16555861173e-17, 1.15522017757e-17, 1.16872547271e-17, 1.04605442243e-17, 9.30128781895e-18, 7.90385799109e-18, 6.71815496718e-18, 4.45421705173e-18, 2.43856566893e-18, 8.45216872219e-19, 2.31690161799e-19, 2.65329119001e-20], "dvar2": [0.226991117001, 34.236782074, 132.092132568, 103.848144531, 70.0206604004, 87.7457962036, 98.8832321167, 606.030700684, 703.86920166, 825.079650879, 2658.71508789, 4066.91259766, 2838.32910156, 7318.62255859, 14791.9658203, 13893.3691406, 11859.2294922, 13713.6308594, 24983.1738281, 10530.0371094, 4410.13818359, 2474.86376953, 1800.67163086, 1110.36633301, 1088.06433105, 729.436096191, 432.481933594, 321.194671631, 319.058898926, 144.523635864, 64.5701293945, 31.3925457001, 13.1493625641, 11.602766037, 2.49282956123, 0.362273663282, 0.0258574392647, 0.00155373790767, 2.03573126782e-05, 6.28967242733e-08], "dvar": [0.0887534767389, 12.891415596, 47.1461219788, 40.2915420532, 26.8448047638, 32.7468147278, 38.6619682312, 231.402603149, 263.577026367, 330.051330566, 1174.61132812, 1777.15771484, 1287.29748535, 2998.33178711, 5757.80761719, 5655.0703125, 4491.421875, 5540.52539062, 9956.14941406, 4251.35742188, 1839.44274902, 945.143554688, 732.824157715, 451.408355713, 426.750396729, 288.06262207, 172.195404053, 137.959121704, 142.086456299, 59.4886169434, 28.5537090302, 15.4475240707, 6.0285243988, 5.02486038208, 1.09441459179, 0.163811653852, 0.0118773868307, 0.000734935631044, 1.08971180452e-05, 3.32834950711e-08], "dmean": [0.147609546781, 2.11454486847, 4.69844102859, 5.18401956558, 4.19346284866, 3.71763563156, 4.30875921249, 7.78850030899, 7.57426357269, 10.2999858856, 19.8745384216, 17.0805492401, 16.0415611267, 22.5449390411, 26.1933345795, 30.733625412, 30.7761363983, 35.4150238037, 43.6562919617, 37.1877174377, 28.4974746704, 21.3331871033, 18.9063262939, 15.0834007263, 16.4517211914, 11.3437223434, 7.98957967758, 6.38436794281, 6.40995264053, 3.57634782791, 2.02867865562, 1.09201264381, 0.637404561043, 0.486720830202, 0.243869632483, 0.093923650682, 0.0338280908763, 0.00901835784316, 0.00122384820133, 7.57538946345e-05], "max": [1.95011949539, 26.3950080872, 69.6822967529, 69.3843002319, 63.5662155151, 89.4032363892, 104.626571655, 285.539886475, 251.335540771, 334.439483643, 597.34387207, 1214.08557129, 1008.75549316, 1621.62939453, 2291.27587891, 1742.52893066, 1564.65209961, 1596.37854004, 2846.01489258, 1245.64550781, 1261.33740234, 840.870849609, 987.629516602, 546.984924316, 318.810058594, 286.914215088, 271.127838135, 262.514343262, 278.421356201, 197.443405151, 140.244552612, 139.014709473, 65.541847229, 76.9676208496, 35.9542388916, 20.1829452515, 2.91247296333, 0.771667003632, 0.0451797321439, 0.00389342335984], "var": [0.0696355551481, 10.7848072052, 50.7234802246, 69.7905197144, 43.7615127563, 44.4250640869, 65.3383789062, 392.983825684, 388.049621582, 654.325744629, 2721.99707031, 5053.48730469, 3797.24926758, 7782.93457031, 11774.8339844, 12643.7919922, 12268.6435547, 12666.9326172, 21280.53125, 9706.94335938, 5844.44287109, 2391.56640625, 1283.18945312, 838.544433594, 616.989074707, 445.527679443, 258.470611572, 259.223602295, 278.315490723, 111.254135132, 59.676990509, 32.2159233093, 11.0440788269, 9.36178588867, 2.29493498802, 0.332668066025, 0.0279533471912, 0.00166454608552, 2.58826621575e-05, 8.7893894829e-08], "mean": [0.147215545177, 2.37228441238, 7.56776952744, 8.91697406769, 6.88349246979, 5.71568727493, 7.0958070755, 11.3361825943, 11.3365573883, 16.7131671906, 35.0079421997, 31.910150528, 32.6041603088, 42.4785346985, 45.6685333252, 53.1718063354, 60.6551704407, 67.4635925293, 82.455581665, 75.3943023682, 64.3244934082, 47.873966217, 40.2467727661, 31.6903820038, 28.2871017456, 18.0138015747, 12.1022825241, 9.8209810257, 9.14593696594, 5.59196567535, 3.27753686905, 1.9072676897, 1.10270106792, 0.825502753258, 0.456793695688, 0.180395573378, 0.065631300211, 0.0166712682694, 0.00228168745525, 0.00017332661082]}, "spectral_strongpeak": {"dmean2": 1.26594519615, "median": 0.370608597994, "min": 1.86751274167e-11, "dvar2": 4.92462587357, "dvar": 1.98248922825, "dmean": 0.714148342609, "max": 12.637550354, "var": 2.59278416634, "mean": 0.962416768074}, "spectral_energy": {"dmean2": 0.0211867112666, "median": 0.0355020835996, "min": 9.87671180509e-21, "dvar2": 0.000690401822794, "dvar": 0.000266622955678, "dmean": 0.0130732534453, "max": 0.147500678897, "var": 0.000434364337707, "mean": 0.0369166396558}, "average_loudness": 0.959971964359, "spectral_rolloff": {"dmean2": 818.077880859, "median": 1765.72265625, "min": 86.1328125, "dvar2": 1132175.75, "dvar": 493500.25, "dmean": 500.535186768, "max": 19939.7460938, "var": 3552129.25, "mean": 1931.23217773}, "spectral_centroid": {"dmean2": 373.014892578, "median": 1753.74414062, "min": 104.789421082, "dvar2": 139981.921875, "dvar": 64166.53125, "dmean": 245.519287109, "max": 11590.5039062, "var": 959906, "mean": 1829.30603027}, "pitch_salience": {"dmean2": 0.133251607418, "median": 0.535372316837, "min": 0.125960856676, "dvar2": 0.0151335550472, "dvar": 0.0056860554032, "dmean": 0.0810752958059, "max": 0.985224545002, "var": 0.0137621629983, "mean": 0.543759346008}, "spectral_energyband_middle_high": {"dmean2": 0.00487449765205, "median": 0.00911592692137, "min": 1.18865641978e-21, "dvar2": 3.56413511327e-05, "dvar": 1.43933930303e-05, "dmean": 0.00313343969174, "max": 0.0610936358571, "var": 7.4497089372e-05, "mean": 0.0111428042874}, "spectral_contrast_coeffs": {"dmean2": [0.086225412786, 0.0750738829374, 0.061346475035, 0.0501508302987, 0.040484752506, 0.0376549102366], "median": [-0.654326200485, -0.764501929283, -0.784274756908, -0.784087300301, -0.769885182381, -0.720707654953], "min": [-0.983920931816, -0.982824206352, -0.985144674778, -0.989806652069, -0.976573705673, -0.965017020702], "dvar2": [0.00472045410424, 0.00357179739513, 0.00243479339406, 0.00155050924513, 0.00119662459474, 0.00123506900854], "dvar": [0.00167976110242, 0.00132502079941, 0.000928338326048, 0.000600487750489, 0.00045694882283, 0.000501680769958], "dmean": [0.051183976233, 0.04533386603, 0.0375428460538, 0.0303012039512, 0.0249283127487, 0.0233293548226], "max": [-0.389097988605, -0.445587545633, -0.523197412491, -0.530178189278, -0.571992635727, -0.593369543552], "var": [0.00456445245072, 0.00469873147085, 0.00482794642448, 0.00299141276628, 0.00158274243586, 0.00241083581932], "mean": [-0.656740665436, -0.761294007301, -0.774562358856, -0.778777837753, -0.771158754826, -0.724790930748]}, "melbands_skewness": {"dmean2": 1.24404597282, "median": 1.8707473278, "min": -4.0837097168, "dvar2": 1.79381000996, "dvar": 0.702176392078, "dmean": 0.782411396503, "max": 12.6231565475, "var": 2.31142640114, "mean": 2.00382971764}, "spectral_spread": {"dmean2": 571323.125, "median": 3419753.75, "min": 405800.625, "dvar2": 592966582272, "dvar": 319978504192, "dmean": 390974.28125, "max": 42799416, "var": 13305712214000.0, "mean": 3843188}, "dissonance": {"dmean2": 0.019394736737, "median": 0.485173970461, "min": 0, "dvar2": 0.000593532982748, "dvar": 0.000214445695747, "dmean": 0.0115131130442, "max": 0.500000059605, "var": 0.000285009882646, "mean": 0.481176316738}, "spectral_skewness": {"dmean2": 0.474787533283, "median": 1.43623614311, "min": -0.0734673067927, "dvar2": 0.360174655914, "dvar": 0.126945629716, "dmean": 0.285856544971, "max": 9.13229751587, "var": 0.235534220934, "mean": 1.47176885605}, "spectral_flux": {"dmean2": 0.0456525683403, "median": 0.0982538089156, "min": 6.34225033602e-11, "dvar2": 0.00208987249061, "dvar": 0.00101107673254, "dmean": 0.0291436072439, "max": 0.309490889311, "var": 0.00257101282477, "mean": 0.103549957275}, "spectral_contrast_valleys": {"dmean2": [0.685683727264, 0.587357401848, 0.489351719618, 0.419405758381, 0.492253482342, 0.482443898916], "median": [-6.69688653946, -6.45648288727, -6.8071603775, -6.67293787003, -6.8081035614, -10.1437644958], "min": [-28.3465900421, -28.0411872864, -27.7062606812, -27.7240791321, -27.5703601837, -27.4736404419], "dvar2": [0.299669712782, 0.244631648064, 0.174331128597, 0.153725102544, 0.24974501133, 0.286254525185], "dvar": [0.121899910271, 0.100211940706, 0.0800236091018, 0.0797835215926, 0.123094037175, 0.15294303], "dmean": [0.414587467909, 0.355741202831, 0.305409520864, 0.272757142782, 0.339629590511, 0.343486905098], "max": [-5.27531003952, -4.39955759048, -4.90291070938, -5.51949930191, -5.34597635269, -7.46894645691], "var": [6.92901659012, 5.22515201569, 4.6839261055, 4.58726787567, 5.14731788635, 5.35333299637], "mean": [-7.38071060181, -6.90712404251, -7.20151662827, -7.08084821701, -7.26524353027, -10.6849088669]}, "erbbands_flatness_db": {"dmean2": 0.0244034230709, "median": 0.154413446784, "min": 0.040244333446, "dvar2": 0.000618115242105, "dvar": 0.000284922512947, "dmean": 0.0161695871502, "max": 0.544326841831, "var": 0.00424636807293, "mean": 0.166371494532}, "spectral_energyband_high": {"dmean2": 0.00082013302017, "median": 0.000547275005374, "min": 6.85667054189e-21, "dvar2": 1.75504328581e-06, "dvar": 8.42010933866e-07, "dmean": 0.000527021649759, "max": 0.0168848969042, "var": 2.21107893594e-06, "mean": 0.000997003284283}, "spectral_entropy": {"dmean2": 0.191272541881, "median": 7.71392250061, "min": 3.97354531288, "dvar2": 0.0410541668534, "dvar": 0.0208525974303, "dmean": 0.131891787052, "max": 9.82495212555, "var": 0.114445149899, "mean": 7.72349309921}, "silence_rate_20dB": {"dmean2": 0, "median": 1, "min": 1, "dvar2": 0, "dvar": 0, "dmean": 0, "max": 1, "var": 0, "mean": 1}, "melbands_flatness_db": {"dmean2": 0.0444603823125, "median": 0.177004903555, "min": 0.00243388186209, "dvar2": 0.00187417678535, "dvar": 0.000795620202553, "dmean": 0.0282952599227, "max": 0.840705633163, "var": 0.00256238132715, "mean": 0.179965004325}, "barkbands": {"dmean2": [0.000100366210972, 0.0141015062109, 0.00710879731923, 0.00251317583025, 0.0019062057836, 0.00136795104481, 0.000899590551853, 0.00133401644416, 0.000979957636446, 0.00117061997298, 0.000898984551895, 0.00119588675443, 0.00119046773762, 0.00116676813923, 0.0014147462789, 0.00103446969297, 0.000791775470134, 0.000567979644984, 0.000504905707203, 0.000412610475905, 0.000282111839624, 0.000278061896097, 0.000116928036732, 6.21423896519e-05, 5.4543834267e-05, 2.71960743703e-05, 1.03021275208e-05], "median": [1.24544294522e-05, 0.00477840518579, 0.00525393011048, 0.00174162490293, 0.00138180749491, 0.000672979687806, 0.000392850255594, 0.000645432563033, 0.00037202538806, 0.000495712331031, 0.000345242850017, 0.000424469966674, 0.000482667062897, 0.000543414789718, 0.000856629863847, 0.000801098882221, 0.000709954183549, 0.00059901032364, 0.000487881130539, 0.000231965561397, 0.000142099816003, 0.000110270731966, 4.98784793308e-05, 2.50212397077e-05, 1.71306055563e-05, 6.15260796621e-06, 1.19209187233e-06], "min": [4.85019837003e-25, 2.29397221086e-24, 8.12027876463e-25, 9.23383974882e-25, 1.12658850928e-23, 1.20151262479e-23, 4.85249878704e-24, 7.79158389403e-24, 2.01134034847e-23, 1.53166858411e-23, 2.67870089707e-23, 1.76875173616e-23, 3.00694844409e-23, 3.86248829064e-23, 5.38909191442e-23, 6.12385273876e-23, 8.14931874614e-23, 7.2806200686e-23, 1.58116932192e-22, 1.91753771864e-22, 2.67473955315e-22, 2.93733456153e-22, 3.93062100795e-22, 5.99915818967e-22, 9.33181202917e-22, 1.34756738781e-21, 1.86382128922e-21], "dvar2": [4.1442842047e-08, 0.000538806780241, 9.18332370929e-05, 9.36327796808e-06, 6.66109963277e-06, 5.37640335097e-06, 3.08782159664e-06, 4.69786664326e-06, 5.13095483257e-06, 5.73115994484e-06, 6.25488246442e-06, 8.07090691524e-06, 6.18060948909e-06, 6.59167517369e-06, 8.7913713287e-06, 2.93767175208e-06, 1.36958612984e-06, 5.52512574359e-07, 4.2846170345e-07, 3.18729121318e-07, 2.05645619644e-07, 2.2662925403e-07, 8.28008310805e-08, 5.03912218619e-08, 6.38515160745e-08, 1.01190904545e-08, 7.1932099166e-10], "dvar": [1.62666839998e-08, 0.000204924232094, 3.27434172505e-05, 3.70267594008e-06, 2.51503456639e-06, 2.03121703635e-06, 1.16189653454e-06, 2.05263563657e-06, 2.23527285925e-06, 2.43175531978e-06, 2.48688616011e-06, 3.31515093421e-06, 2.37491917687e-06, 2.66715483122e-06, 3.54463236363e-06, 1.20990432606e-06, 5.09006611082e-07, 2.28658095125e-07, 1.70013677803e-07, 1.26044142235e-07, 8.41609590907e-08, 9.95623992139e-08, 3.66299808263e-08, 2.47326532588e-08, 2.8048942724e-08, 4.71216798914e-09, 3.9771005933e-10], "dmean": [5.97268881393e-05, 0.00820376630872, 0.00420852564275, 0.00155471614562, 0.00115095090587, 0.000814645958599, 0.000534572522156, 0.000860795553308, 0.00063264957862, 0.000740628107451, 0.000549005751964, 0.000740780844353, 0.000733367516659, 0.00071483606007, 0.000886041321792, 0.000632723618764, 0.000477088469779, 0.000348198140273, 0.000307594105834, 0.000244790193392, 0.000170427039848, 0.000168130543898, 7.6435826486e-05, 4.23042001785e-05, 3.75650306523e-05, 1.89569163922e-05, 7.46448813516e-06], "max": [0.00208569015376, 0.102648310363, 0.0565488114953, 0.0295229200274, 0.0216102097183, 0.023374883458, 0.0177940931171, 0.020696984604, 0.0391048043966, 0.0384009703994, 0.0482406802475, 0.0362556502223, 0.0289736706764, 0.0463976040483, 0.0456672757864, 0.0209902003407, 0.0177597254515, 0.0170023739338, 0.00788205582649, 0.00561356404796, 0.00557110551745, 0.00702891871333, 0.00498386844993, 0.00526409642771, 0.00521877035499, 0.00261592445895, 0.000412236171542], "var": [1.35640600973e-08, 0.000169507591636, 4.02615914936e-05, 6.74419425195e-06, 3.67683469449e-06, 3.41328814102e-06, 1.74392221197e-06, 4.83769963466e-06, 6.14067494098e-06, 7.12273640602e-06, 4.38474990005e-06, 6.74309831084e-06, 6.60135037833e-06, 4.79777736473e-06, 7.18281353329e-06, 3.40488986694e-06, 1.20586719277e-06, 4.13355252249e-07, 2.69315108881e-07, 1.90732563965e-07, 1.38769848945e-07, 1.88830497905e-07, 7.88704994648e-08, 5.03021411191e-08, 5.6782951674e-08, 1.05870423539e-08, 1.00620556331e-09], "mean": [5.37852029083e-05, 0.00878467038274, 0.0066813537851, 0.00249089882709, 0.00188788177911, 0.00126631348394, 0.00080156972399, 0.00147736107465, 0.00111028039828, 0.00144371984061, 0.000869442417752, 0.00117679941468, 0.00135647843126, 0.00116660702042, 0.00161522987764, 0.00127208023332, 