{"tonal": {"thpcp": [1, 0.738382458687, 0.244074985385, 0.177036106586, 0.272005319595, 0.350758045912, 0.315858453512, 0.204369023442, 0.210759848356, 0.311827838421, 0.280135095119, 0.210470065475, 0.19848947227, 0.209247857332, 0.496146380901, 0.845987558365, 0.697569608688, 0.395937561989, 0.29473900795, 0.281693279743, 0.330996930599, 0.331246316433, 0.244819074869, 0.242625832558, 0.338042587042, 0.417258292437, 0.459176301956, 0.370068252087, 0.209152922034, 0.206199795008, 0.392925798893, 0.442688465118, 0.312349230051, 0.29893130064, 0.32032379508, 0.582835793495], "hpcp": {"dmean2": [0.27719771862, 0.261139601469, 0.19808781147, 0.202197566628, 0.19006447494, 0.167013287544, 0.146381184459, 0.125768467784, 0.132290661335, 0.151194736362, 0.155398100615, 0.154460966587, 0.139484345913, 0.104195579886, 0.099906027317, 0.136589854956, 0.14932757616, 0.156636431813, 0.15206579864, 0.145636156201, 0.19114343822, 0.233161196113, 0.199659228325, 0.135711237788, 0.112829498947, 0.122949324548, 0.124704003334, 0.119828499854, 0.0910493209958, 0.103506550193, 0.137687087059, 0.125272288918, 0.117510296404, 0.116457693279, 0.134329169989, 0.214752718806], "median": [0.0344015583396, 0.0315882712603, 0.0073817204684, 0.00253471359611, 0.00205512414686, 0.0039740819484, 0.004392684903, 0.00404153158888, 0.00202281353995, 0.00277035846375, 0.00614307215437, 0.00885872915387, 0.00653429608792, 0.00374480849132, 0.00270686997101, 0.00289548025467, 0.00271936692297, 0.0027343891561, 0.00146072043572, 0.00239583593793, 0.0407621636987, 0.0606856755912, 0.0418323241174, 0.00408074771985, 0.000369813613361, 0.000595564721152, 0.00221417075954, 0.00310311582871, 0.00367836491205, 0.00431350525469, 0.0044257575646, 0.00375599320978, 0.00380470161326, 0.00274942070246, 0.00425981683657, 0.0168872177601], "min": [0, 0, 0, 0, 0, 0, 0, 0, 0, 0, 0, 0, 0, 0, 0, 0, 0, 0, 0, 0, 0, 0, 0, 0, 0, 0, 0, 0, 0, 0, 0, 0, 0, 0, 0, 0], "dvar2": [0.167580217123, 0.157443419099, 0.122553050518, 0.150485768914, 0.142567738891, 0.116972111166, 0.0937941372395, 0.0790519937873, 0.0858786329627, 0.089143909514, 0.0863123312593, 0.0874379351735, 0.0791337937117, 0.0559123046696, 0.0529835633934, 0.0797068402171, 0.0871947407722, 0.0975447818637, 0.0941635370255, 0.0873119756579, 0.0876545011997, 0.111664317548, 0.0906476452947, 0.07283706218, 0.0637260600924, 0.0763049572706, 0.0714329257607, 0.0691428184509, 0.0432591289282, 0.0581393428147, 0.0893904864788, 0.0779819115996, 0.0798879489303, 0.0727925598621, 0.0828312560916, 0.118450596929], "dvar": [0.0674911960959, 0.0577428452671, 0.0464684925973, 0.0533646903932, 0.0502253957093, 0.0420772470534, 0.0355971865356, 0.0289973262697, 0.0311579406261, 0.0352122373879, 0.0368551835418, 0.0350229516625, 0.0314225442708, 0.021837156266, 0.020195029676, 0.0327721014619, 0.0375076346099, 0.0375420004129, 0.0355045869946, 0.03332939744, 0.0349105969071, 0.0513271465898, 0.037964951247, 0.0266777202487, 0.0238071251661, 0.0309381391853, 0.0305972043425, 0.0271671339869, 0.0165239833295, 0.020828993991, 0.0325919985771, 0.029821773991, 0.0286641474813, 0.0265068151057, 0.0303660165519, 0.0463713370264], "dmean": [0.158810466528, 0.148963972926, 0.113087438047, 0.109283484519, 0.102587915957, 0.0925996825099, 0.0828138366342, 0.0709153711796, 0.0734364911914, 0.086831651628, 0.0901598408818, 0.0893865004182, 0.0812731906772, 0.0596008375287, 0.0575752072036, 0.0799341797829, 0.0853714719415, 0.0886073336005, 0.0836386531591, 0.0824280306697, 0.112363532186, 0.138864681125, 0.119114786386, 0.0749250501394, 0.0620097257197, 0.0694099143147, 0.0720110088587, 0.0698514133692, 0.0514633283019, 0.0575870908797, 0.0777517855167, 0.070512868464, 0.0654333457351, 0.0639447569847, 0.0742666497827, 0.124426439404], "max": [1, 1, 1, 1, 1, 1, 1, 1, 1, 1, 1, 1, 1, 1, 1, 1, 1, 1, 1, 1, 1, 1, 1, 1, 1, 1, 1, 1, 1, 1, 1, 1, 1, 1, 1, 1], "var": [0.121153078973, 0.0867974683642, 0.0557516776025, 0.044144552201, 0.0423023216426, 0.0488569587469, 0.0481934994459, 0.0314190424979, 0.0327154621482, 0.0464031733572, 0.061881262809, 0.0685850158334, 0.0507830008864, 0.0234886929393, 0.0218396112323, 0.0613667666912, 0.075057297945, 0.0430978424847, 0.0422104038298, 0.0468284338713, 0.0557464361191, 0.134411051869, 0.0846369117498, 0.02796488069, 0.0219894759357, 0.0455898530781, 0.0536569580436, 0.0448666587472, 0.0229491665959, 0.0216709356755, 0.0392529331148, 0.0389660857618, 0.0279123559594, 0.024281013757, 0.024991536513, 0.0562651865184], "mean": [0.235341891646, 0.194054096937, 0.110144287348, 0.0819922611117, 0.0783631280065, 0.0920787081122, 0.0921480879188, 0.0681052356958, 0.0674951076508, 0.0940387099981, 0.116075411439, 0.127736419439, 0.102947801352, 0.0581834129989, 0.0573618933558, 0.109306454659, 0.123149730265, 0.086891181767, 0.0831585004926, 0.0891095921397, 0.162136748433, 0.278185993433, 0.20540766418, 0.0678982436657, 0.0492489635944, 0.07566806674, 0.0975759774446, 0.0878673940897, 0.0568526014686, 0.0586304366589, 0.0867461338639, 0.0779296606779, 0.0585498251021, 0.0552169904113, 0.0582098215818, 0.138020977378]}, "tuning_equal_tempered_deviation": 0.109776929021, "chords_changes_rate": 0.0786136910319, "key_key": "A", "tuning_diatonic_strength": 0.539250731468, "key_scale": "major", "chords_number_rate": 0.00479008164257, "tuning_frequency": 431.443084717, "tuning_nontempered_energy_ratio": 0.751925230026, "chords_histogram": [32.3189620972, 3.86024236679, 1.60608625412, 1.07072412968, 2.25415611267, 2.45139479637, 1.32431674004, 0.112707808614, 0, 0.507185101509, 1.85967874527, 2.00056362152, 0.197238653898, 0.873485505581, 0.873485505581, 8.17131614685, 3.24034929276, 16.4553394318, 7.91772317886, 2.22597908974, 1.23978590965, 2.2823331356, 6.67793750763, 0.479008167982], "key_strength": 0.682721197605, "chords_key": "A", "chords_strength": {"dmean2": 0.0119553441182, "median": 0.496997356415, "min": 0.195985108614, "dvar2": 0.000139209834742, "dvar": 0.000107367901364, "dmean": 0.0117387995124, "max": 0.792833328247, "var": 0.0120813474059, "mean": 0.499411612749}, "chords_scale": "major", "hpcp_entropy": {"dmean2": 0.955271959305, "median": 1.64032828808, "min": 0, "dvar2": 0.65784662962, "dvar": 0.248208507895, "dmean": 0.56111484766, "max": 4.10238409042, "var": 0.513788044453, "mean": 1.6390863657}}, "metadata": {"audio_properties": {"equal_loudness": 0, "codec": "mp3", "downmix": "mix", "sample_rate": 44100, "analysis_sample_rate": 44100, "bit_rate": 160025, "md5_encoded": "db2235d9fb74e6d11d22602ecd238541", "length": 164.728164673, "replay_gain": -9.00922012329, "lossless": false}, "version": {"essentia_build_sha": "70f2e5ece6736b2c40cc944ad0e695b16b925413", "essentia": "2.1-beta2", "extractor": "music 1.0", "essentia_git_sha": "v2.1_beta2"}, "tags": {"title": ["I'm a Country Boy"], "media": ["CD"], "albumartist": ["Mike Bloomfield"], "musicbrainz_recordingid": ["0a3d4d30-cb9e-473e-898d-fb5de6636429"], "encoding": ["Lavf56.36.100"], "originalyear": ["2014"], "discnumber": ["1/3"], "album": ["From His Head to His Heart to His Hands"], "musicbrainz album type": ["album/compilation"], "musicbrainz album status": ["official"], "musicbrainz_albumartistid": ["1be2e508-905c-4d90-9bf2-7ab55f78b3e6"], "date": ["2014"], "file_name": "Mike Bloomfield - I'm a Country Boy - Early 1964 Hammond Audition.mp3", "musicbrainz_releasegroupid": ["58951fda-fe81-47a5-8b8d-3da2ebac0d0b"], "script": ["Latn"], "originaldate": ["2014"], "musicbrainz_albumid": ["a3ebab99-ef93-4288-89c9-3b217e2dc71f"], "artist": ["Mike Bloomfield"], "artistsort": ["Bloomfield, Mike"], "tracknumber": ["1/16"], "musicbrainz album release country": ["US"], "albumartistsort": ["Bloomfield, Mike"], "musicbrainz_artistid": ["1be2e508-905c-4d90-9bf2-7ab55f78b3e6"]}}, "rhythm": {"bpm_histogram_first_peak_bpm": {"dmean2": 0, "median": 96, "min": 96, "dvar2": 0, "dvar": 0, "dmean": 0, "max": 96, "var": 0, "mean": 96}, "bpm": 90.0943145752, "bpm_histogram_second_peak_spread": {"dmean2": 0, "median": 0.608695626259, "min": 0.608695626259, "dvar2": 0, "dvar": 0, "dmean": 0, "max": 0.608695626259, "var": 0, "mean": 0.608695626259}, "bpm_histogram_first_peak_weight": {"dmean2": 0, "median": 0.158536583185, "min": 0.158536583185, "dvar2": 0, "dvar": 0, "dmean": 0, "max": 0.158536583185, "var": 0, "mean": 0.158536583185}, "onset_rate": 3.7330288887, "beats_position": [0.789478421211, 1.60217678547, 2.41487526894, 3.21596360207, 4.01705217361, 4.79492044449, 5.56117916107, 6.31582736969, 7.05886602402, 7.80190467834, 8.53333282471, 9.26476192474, 9.98458003998, 10.71600914, 11.4474372864, 12.1672563553, 12.8986845016, 13.6068935394, 14.3267116547, 15.0581407547, 15.7895689011, 16.4513378143, 17.1131057739, 17.7632656097, 18.4250335693, 19.0984115601, 19.7834014893, 20.45677948, 21.1301574707, 21.826757431, 22.523355484, 23.219953537, 23.9397735596, 24.6363716125, 25.3329696655, 26.0295696259, 26.7261676788, 27.3879356384, 28.0729255676, 28.7695236206, 29.4661216736, 30.1627197266, 30.8593196869, 31.5443077087, 32.2525177002, 32.9491157532, 33.6457138062, 34.3423118591, 35.0389099121, 35.7355079651, 36.4321098328, 37.1403160095, 37.848526001, 38.5683441162, 39.2881622314, 39.9847602844, 40.6929702759, 41.4011802673, 42.0977783203, 42.8059844971, 43.5141944885, 44.2340126038, 44.9306106567, 45.6388206482, 46.3354187012, 47.0204086304, 47.6937866211, 48.3671646118, 49.0405426025, 49.7023124695, 50.3640823364, 51.0374603271, 51.7108383179, 52.3842163086, 53.0808143616, 53.789024353, 54.4740142822, 55.1473922729, 55.8207702637, 56.4941482544, 57.1791381836, 57.8525161743, 58.5375061035, 59.2341041565, 59.9307022095, 60.6505203247, 61.3471183777, 62.0437164307, 62.7287063599, 63.4136962891, 64.0986862183, 64.7836685181, 65.4570541382, 66.1304321289, 66.7805862427, 67.4307479858, 68.0925140381, 68.7542877197, 69.416053772, 70.0778198242, 70.7047576904, 71.3665313721, 71.9818572998, 72.608795166, 73.2357330322, 73.8858947754, 74.5360565186, 75.1629943848, 75.789932251, 76.4168701172, 77.0438079834, 77.6707458496, 78.2976837158, 78.947845459, 79.5979995728, 80.2249450684, 80.8867111206, 81.5600891113, 82.2450790405, 82.9300689697, 83.6034469604, 84.2884368896, 84.9618148804, 85.6351928711, 86.2969589233, 86.9703369141, 87.6321105957, 88.2822647095, 88.9440383911, 89.6058044434, 90.2559585571, 90.9177322388, 91.579498291, 92.2528762817, 92.9262542725, 93.5996322632, 94.2730178833, 94.9347839355, 95.5849380493, 96.246711731, 96.8968658447, 97.5354156494, 98.1855773926, 98.8357315063, 99.497505188, 100.15927124, 100.821044922, 101.471199036, 102.132965088, 102.771514893, 103.398452759, 104.013786316, 104.629112244, 105.267662048, 105.882987976, 106.509933472, 107.113647461, 107.740585327, 108.344306946, 108.959632874, 109.574966431, 110.190292358, 110.828842163, 111.479003906, 112.12915802, 112.779319763, 113.429473877, 114.07963562, 114.753013611, 115.414779663, 116.099769592, 116.773147583, 117.423309326, 118.07346344, 118.723625183, 119.362174988, 120.000724792, 120.639274597, 121.277824402, 121.927978516, 122.56652832, 123.216690063, 123.855232239, 124.505393982, 125.132331848, 125.759269714, 126.397819519, 127.024757385, 127.66330719, 128.301864624, 128.94039917, 129.578948975, 130.205886841, 130.844436646, 131.48298645, 132.121536255, 132.771697998, 133.421859741, 134.060409546, 134.698959351, 135.325897217, 135.952835083, 136.579772949, 137.206710815, 137.822036743, 138.437362671, 139.052688599, 139.668029785, 140.294967651, 140.921905518, 141.548843384, 142.17578125, 142.791107178, 143.406433105, 144.033370972, 144.63710022, 145.264038086, 145.890975952, 146.517913818, 147.121627808, 147.725341797, 148.352294922, 148.979232788, 149.582946777, 150.198272705, 150.813598633, 151.417327881, 152.044265747, 152.671203613, 153.286529541, 153.901855469, 154.528793335, 155.155731201, 155.794281006, 156.397994995, 157.013336182, 157.628662109, 158.243988037, 158.847702026, 159.451431274, 160.078369141, 160.705307007, 161.332244873, 161.959182739, 162.597732544, 163.236282349, 163.874832153], "beats_loudness": {"dmean2": 0.0844883173704, "median": 0.0592137090862, "min": 8.69091365985e-07, "dvar2": 0.00560803106055, "dvar": 0.00224944134243, "dmean": 0.0500838942826, "max": 0.290495306253, "var": 0.00349476467818, "mean": 0.0764245763421}, "danceability": 1.22625291348, "bpm_histogram_second_peak_weight": {"dmean2": 0, "median": 0.146341472864, "min": 0.146341472864, "dvar2": 0, "dvar": 0, "dmean": 0, "max": 0.146341472864, "var": 0, "mean": 0.146341472864}, "beats_count": 247, "bpm_histogram_second_peak_bpm": {"dmean2": 0, "median": 86, "min": 86, "dvar2": 0, "dvar": 0, "dmean": 0, "max": 86, "var": 0, "mean": 86}, "bpm_histogram_first_peak_spread": {"dmean2": 0, "median": 0.674999952316, "min": 0.674999952316, "dvar2": 0, "dvar": 0, "dmean": 0, "max": 0.674999952316, "var": 0, "mean": 0.674999952316}, "beats_loudness_band_ratio": {"dmean2": [0.46915268898, 0.223191693425, 0.323603659868, 0.103298746049, 0.016256140545, 0.0232638046145], "median": [0.642494678497, 0.100676506758, 0.178906217217, 0.0149135282263, 0.00121646467596, 0.000979794072919], "min": [0.000328881549649, 0.001885200385, 0.00119605637155, 5.39403008588e-05, 2.61611535279e-06, 4.71136672786e-06], "dvar2": [0.132038369775, 0.0490036420524, 0.0743509531021, 0.0286730956286, 0.000996841466986, 0.00430287932977], "dvar": [0.0534234717488, 0.0187918040901, 0.0278390068561, 0.00989248324186, 0.000425511942012, 0.00186206260696], "dmean": [0.271383881569, 0.128869771957, 0.186355352402, 0.0571512542665, 0.00963679794222, 0.0140652433038], "max": [0.99320435524, 0.990874528885, 0.858969032764, 0.74973732233, 0.193069502711, 0.407057464123], "var": [0.100031241775, 0.0283831767738, 0.0384157709777, 0.00695774285123, 0.000431335705798, 0.00189011741895], "mean": [0.579792976379, 0.157869055867, 0.218902021646, 0.043714877218, 0.00793251395226, 0.0111915534362]}}, "lowlevel": {"barkbands_spread": {"dmean2": 3.05876350403, "median": 4.44810533524, "min": 0.185921773314, "dvar2": 37.645652771, "dvar": 18.0087413788, "dmean": 2.0156314373, "max": 124.306877136, "var": 167.505966187, "mean": 7.25548601151}, "melbands_spread": {"dmean2": 3.60211324692, "median": 5.4654378891, "min": 0.222263500094, "dvar2": 60.8143424988, "dvar": 29.6410808563, "dmean": 2.36346673965, "max": 165.321762085, "var": 67.1538467407, "mean": 7.28063583374}, "hfc": {"dmean2": 4.55233001709, "median": 6.33354759216, "min": 1.16199976641e-16, "dvar2": 58.3506164551, "dvar": 30.673707962, "dmean": 3.36040973663, "max": 111.49533844, "var": 114.852661133, "mean": 10.0661048889}, "barkbands_kurtosis": {"dmean2": 10.2159757614, "median": 4.09829616547, "min": -1.9345266819, "dvar2": 601.132507324, "dvar": 250.562057495, "dmean": 6.45312023163, "max": 396.243774414, "var": 517.674133301, "mean": 10.9561309814}, "gfcc": {"mean": [-153.389694214, 173.577133179, -57.2890815735, 5.23882627487, -51.0707092285, -34.8016052246, -0.853129088879, 20.0647201538, -31.1112709045, 2.58288502693, -24.2262153625, -1.60697638988, 1.22407984734], "icov": [[0.000833973521367, -0.00187124125659, 0.00155625853222, -0.00163075211458, 0.00116897851694, -0.00103770359419, 0.000797414919361, -0.000681686680764, 0.00064258481143, -4.02063233196e-05, 0.000531118188519, -5.76665443077e-05, 0.000123791280203], [-0.00187124125659, 0.00612273532897, -0.00369554013014, 0.00499408645555, -0.00413247104734, 0.00356653844938, -0.00381839857437, 0.00288980035111, -0.00286843068898, 0.00233756378293, -0.00230343849398, 0.001369117992, -0.00117329193745], [0.00155625853222, -0.00369554013014, 0.00362121197395, -0.00350647931919, 0.00274592125788, -0.0030420110561, 0.00208199559711, -0.00131204922218, 0.000565163907595, 0.000714419758879, -8.52450102684e-05, 0.000650597736239, -0.00034137480543], [-0.00163075211458, 0.00499408645555, -0.00350647931919, 0.00624779425561, -0.00475960876793, 0.0037885310594, -0.00348829268478, 0.00213068863377, -0.00139028625563, 0.00111486844253, 0.000257342471741, -0.000817132939119, 0.00139446370304], [0.00116897851694, -0.00413247104734, 0.00274592125788, -0.00475960876793, 0.00691815419123, -0.00450565712526, 0.00292230141349, -0.00206920108758, 0.000609718437772, -0.000658677890897, -0.000140990901855, 0.00216154637747, -0.00144611194264], [-0.00103770359419, 0.00356653844938, -0.0030420110561, 0.0037885310594, -0.00450565712526, 0.00795479584485, -0.00408636732027, 0.00174371828325, 0.000191239189007, 0.000327346468112, 0.000807010452263, -0.000832603371236, 0.00207637413405], [0.000797414919361, -0.00381839857437, 0.00208199559711, -0.00348829268478, 0.00292230141349, -0.00408636732027, 0.00770341046154, -0.00309298513457, 0.00191925582476, -0.00134221743792, 0.000474865315482, -0.000117807496281, 0.000690588785801], [-0.000681686680764, 0.00288980035111, -0.00131204922218, 0.00213068863377, -0.00206920108758, 0.00174371828325, -0.00309298513457, 0.00911092013121, -0.00353402853943, 0.00259662582539, -0.00282851047814, 0.00131872785278, -0.00134375900961], [0.00064258481143, -0.00286843068898, 0.000565163907595, -0.00139028625563, 0.000609718437772, 0.000191239189007, 0.00191925582476, -0.00353402853943, 0.0104835974053, -0.00429055187851, 0.00452977558598, -0.00223052431829, 0.00143580161966], [-4.02063233196e-05, 0.00233756378293, 0.000714419758879, 0.00111486844253, -0.000658677890897, 0.000327346468112, -0.00134221743792, 0.00259662582539, -0.00429055187851, 0.0127359488979, -0.00508928531781, 0.00392512744293, -0.00399135937914], [0.000531118188519, -0.00230343849398, -8.52450102684e-05, 0.000257342471741, -0.000140990901855, 0.000807010452263, 0.000474865315482, -0.00282851047814, 0.00452977558598, -0.00508928531781, 0.0146971298382, -0.00475797569379, 0.00343785202131], [-5.76665443077e-05, 0.001369117992, 0.000650597736239, -0.000817132939119, 0.00216154637747, -0.000832603371236, -0.000117807496281, 0.00131872785278, -0.00223052431829, 0.00392512744293, -0.00475797569379, 0.012279227376, -0.00375594571233], [0.000123791280203, -0.00117329193745, -0.00034137480543, 0.00139446370304, -0.00144611194264, 0.00207637413405, 0.000690588785801, -0.00134375900961, 0.00143580161966, -0.00399135937914, 0.00343785202131, -0.00375594571233, 0.0111809307709]], "cov": [[10123.1152344, 1529.05224609, -3251.59228516, 253.97644043, 270.361663818, -334.215301514, 420.458465576, -33.1297645569, -62.4134025574, -92.4061737061, -176.001068115, -47.0867195129, -2.16950154305], [1529.05224609, 1742.08044434, 401.323303223, -424.700042725, 296.538818359, 2.49153065681, 228.210571289, 3.93779683113, 123.778320312, -102.376983643, 66.3187561035, -167.298965454, 126.336387634], [-3251.59228516, 401.323303223, 2424.46459961, 135.132324219, 145.453475952, 346.659545898, 34.1662559509, 31.9602069855, 69.8999023438, -160.795822144, 77.3252410889, -100.562545776, -32.4834518433], [253.97644043, -424.700042725, 135.132324219, 833.931152344, 205.480667114, 86.2915267944, 84.768409729, -0.36366418004, -33.8265113831, -72.1233978271, -73.2156295776, 14.3351669312, -136.062286377], [270.361663818, 296.538818359, 145.453475952, 205.480667114, 449.859924316, 140.834121704, 75.8700637817, 26.5204486847, 26.0096702576, -26.6561031342, -12.7444438934, -89.7779769897, -1.62633728981], [-334.215301514, 2.49153065681, 346.659545898, 86.2915267944, 140.834121704, 322.548950195, 106.192649841, 3.45415115356, -30.8557682037, -42.4507293701, -6.41953468323, -30.7157821655, -63.5804290771], [420.458465576, 228.210571289, 34.1662559509, 84.768409729, 75.8700637817, 106.192649841, 271.238983154, 37.5639533997, -13.8460006714, -32.4336242676, 4.39478158951, -27.7182064056, -32.8453903198], [-33.1297645569, 3.93779683113, 31.9602069855, -0.36366418004, 26.5204486847, 3.45415115356, 37.5639533997, 149.544631958, 32.0576286316, -7.3615193367, 13.3030920029, -6.9521021843, 7.07207489014], [-62.4134025574, 123.778320312, 69.8999023438, -33.8265113831, 26.0096702576, -30.8557682037, -13.8460006714, 32.0576286316, 148.443328857, 25.1548957825, -14.7486658096, -9.3995923996, 25.1296882629], [-92.4061737061, -102.376983643, -160.795822144, -72.1233978271, -26.6561031342, -42.4507293701, -32.4336242676, -7.3615193367, 25.1548957825, 139.907043457, 19.6792011261, -3.47697663307, 39.4147148132], [-176.001068115, 66.3187561035, 77.3252410889, -73.2156295776, -12.7444438934, -6.41953468323, 4.39478158951, 13.3030920029, -14.7486658096, 19.6792011261, 104.920692444, 15.9191417694, 3.27747750282], [-47.0867195129, -167.298965454, -100.562545776, 14.3351669312, -89.7779769897, -30.7157821655, -27.7182064056, -6.9521021843, -9.3995923996, -3.47697663307, 15.9191417694, 129.489425659, 11.6459960938], [-2.16950154305, 126.336387634, -32.4834518433, -136.062286377, -1.62633728981, -63.5804290771, -32.8453903198, 7.07207489014, 25.1296882629, 39.4147148132, 3.27747750282, 11.6459960938, 146.920227051]]}, "spectral_energyband_middle_low": {"dmean2": 0.00685544824228, "median": 0.00911829993129, "min": 3.04283088676e-22, "dvar2": 0.000132704924908, "dvar": 6.31897128187e-05, "dmean": 0.00470722839236, "max": 0.151284784079, "var": 0.000223352108151, "mean": 0.0137638794258}, "melbands_crest": {"dmean2": 5.24091339111, "median": 16.151884079, "min": 2.35233783722, "dvar2": 26.5841751099, "dvar": 11.3195800781, "dmean": 3.26798796654, "max": 33.770275116, "var": 37.5748062134, "mean": 17.1014881134}, "spectral_kurtosis": {"dmean2": 18.6726570129, "median": 24.8924255371, "min": -1.20978796482, "dvar2": 426.573394775, "dvar": 189.599899292, "dmean": 11.8004922867, "max": 183.67578125, "var": 827.737243652, "mean": 33.1551132202}, "spectral_rms": {"dmean2": 0.00140210706741, "median": 0.00476451031864, "min": 3.19012264521e-12, "dvar2": 3.15909164783e-06, "dvar": 1.80294455276e-06, "dmean": 0.00103027175646, "max": 0.0194816756994, "var": 8.48149102239e-06, "mean": 0.0050830100663}, "zerocrossingrate": {"dmean2": 0.00508565502241, "median": 0.01708984375, "min": 0.0029296875, "dvar2": 0.000140369418659, "dvar": 9.8358039395e-05, "dmean": 0.00421353336424, "max": 0.51611328125, "var": 0.000977271120064, "mean": 0.0228223316371}, "silence_rate_60dB": {"dmean2": 0.054694108665, "median": 0, "min": 0, "dvar2": 0.0590323060751, "dvar": 0.0265955552459, "dmean": 0.027343198657, "max": 1, "var": 0.0825214460492, "mean": 0.0907553583384}, "erbbands_kurtosis": {"dmean2": 4.33319950104, "median": 3.20779848099, "min": -1.89842629433, "dvar2": 76.2136764526, "dvar": 32.7377967834, "dmean": 2.79997682571, "max": 226.279388428, "var": 68.2277374268, "mean": 5.45230436325}, "erbbands": {"dmean2": [0.0528086423874, 1.87031137943, 12.1206455231, 7.02954959869, 5.08743286133, 8.68939685822, 12.6573467255, 11.7481813431, 16.7754306793, 21.5221576691, 39.9883766174, 42.2884597778, 22.5249710083, 18.4144020081, 13.6321153641, 4.59406805038, 0.497038036585, 0.701231002808, 0.827030301094, 1.3912229538, 1.67592453957, 1.7003070116, 3.34267687798, 4.2023396492, 4.2309885025, 2.57851624489, 1.59179711342, 0.941332101822, 0.471834748983, 0.128271237016, 0.0104459030554, 0.00314901070669, 0.00556866871193, 0.0104120234028, 0.00837059970945, 0.00429627811536, 0.00107519084122, 0.000164120792761, 1.68518236023e-05, 2.08487963391e-05], "median": [0.028330847621, 0.800306677818, 3.00045967102, 3.4384098053, 2.71248531342, 3.21391010284, 7.42079782486, 7.25592422485, 6.53240251541, 8.55435943604, 11.2466506958, 10.280872345, 5.48404312134, 3.19779634476, 2.13172531128, 0.558253109455, 0.0526731982827, 0.0389147549868, 0.0451509766281, 0.106195420027, 0.13605594635, 0.0726044774055, 0.103742703795, 0.129251539707, 0.16633567214, 0.098536118865, 0.0850923508406, 0.0349519103765, 0.00929875858128, 0.00171793717891, 0.00022399117006, 0.000368787965272, 0.000706180348061, 0.000893872638699, 0.000841750646941, 0.000611916417256, 0.000343111692928, 0.000131078209961, 2.40322369791e-05, 2.61217755906e-05], "min": [9.59887161163e-22, 3.90835286561e-21, 5.56194507124e-21, 5.17681842143e-20, 3.11335660669e-20, 1.44785726539e-19, 3.01590077186e-19, 3.31807812143e-19, 8.40458670842e-19, 1.52530336856e-18, 1.99952301521e-18, 9.69891912288e-19, 3.76533571262e-19, 2.12204190561e-18, 3.25035968812e-18, 3.87903825356e-18, 4.73213939779e-18, 1.15241297472e-17, 6.34424947797e-18, 5.2930145888e-18, 1.64439766919e-17, 1.40868924492e-17, 8.3150362387e-18, 8.72949508462e-18, 1.35416108535e-17, 7.77343063365e-18, 8.75318388301e-18, 2.24200042387e-17, 1.70608532512e-17, 1.7810804973e-17, 1.95135661901e-17, 1.40035324958e-17, 1.44776393357e-17, 1.11110200329e-17, 9.48453810314e-18, 6.79836460323e-18, 3.59098335859e-18, 1.39941516473e-18, 3.40067701698e-19, 3.2055391005e-20], "dvar2": [0.00913323741406, 11.6783018112, 648.774597168, 198.451721191, 134.01991272, 582.274291992, 635.013183594, 825.126403809, 2752.84521484, 4235.31152344, 12728.6005859, 14517.5361328, 8347.58398438, 4522.28369141, 2395.32397461, 254.447280884, 4.6044883728, 11.6865692139, 13.7914047241, 44.7215270996, 49.3773269653, 58.6610565186, 289.339447021, 305.730102539, 410.458526611, 169.153274536, 49.3748664856, 22.0052757263, 7.56015110016, 0.772117972374, 0.00420754449442, 0.000316047633532, 0.000601408188231, 0.00398969883099, 0.00221048598178, 0.000666253676172, 3.69142289856e-05, 7.38349058338e-07, 1.55440582628e-09, 1.12586395762e-09], "dvar": [0.00419706478715, 5.73193979263, 372.502502441, 94.4084243774, 57.9478988647, 248.545562744, 299.419647217, 389.135162354, 1249.6081543, 2162.81665039, 5938.83251953, 6563.046875, 3880.91210938, 2519.00708008, 1141.10778809, 123.077613831, 2.54222202301, 5.55359315872, 6.24697828293, 21.2267951965, 24.6800041199, 32.9611320496, 142.948959351, 152.247650146, 173.15222168, 72.8323669434, 21.5838375092, 10.0987453461, 3.34423089027, 0.352249920368, 0.00186916871462, 0.000148398379679, 0.000254718703218, 0.00165968399961, 0.000883382512257, 0.000242263908149, 1.37266479214e-05, 2.8364425475e-07, 6.20527407236e-10, 6.45479614203e-10], "dmean": [0.035485625267, 1.25949060917, 8.58206748962, 4.84599637985, 3.20504665375, 5.57738304138, 8.29864406586, 7.84121465683, 11.5565223694, 14.7181310654, 26.3376064301, 28.0518894196, 15.2341709137, 12.9081201553, 9.12745571136, 3.1252117157, 0.356241613626, 0.488864809275, 0.567616462708, 0.938846826553, 1.19392096996, 1.2366809845, 2.35559844971, 2.89157509804, 2.86147236824, 1.69442200661, 1.05866408348, 0.619062364101, 0.318469703197, 0.0899830088019, 0.00694768549874, 0.00203579245135, 0.00353638641536, 0.00668716337532, 0.00528060039505, 0.00258212559856, 0.000647214590572, 9.99547119136e-05, 1.0764990293e-05, 1.5195188098e-05], "max": [0.925809264183, 27.3391170502, 321.40637207, 156.961990356, 230.492446899, 821.25, 504.250946045, 591.691040039, 1502.1875, 1475.70031738, 1504.75427246, 2025.16442871, 3015.11889648, 2272.62011719, 914.94140625, 247.504257202, 67.4499359131, 85.0439758301, 95.0505599976, 140.351760864, 156.26864624, 298.102264404, 391.937683105, 364.807250977, 494.555786133, 328.190917969, 199.317016602, 125.341560364, 85.2091751099, 25.0395126343, 1.14740276337, 0.467883229256, 0.666277825832, 1.85214197636, 1.10737729073, 0.575179457664, 0.103233799338, 0.0168049614877, 0.000840264430735, 0.000422025215812], "var": [0.0129937110469, 12.6685113907, 865.168701172, 209.990325928, 119.982261658, 1338.64562988, 862.457458496, 1001.85687256, 2997.27587891, 5757.45117188, 15575.1005859, 16691.6445312, 6408.02294922, 5596.03027344, 2633.35253906, 301.918548584, 12.0126600266, 10.2839574814, 17.6297740936, 34.7841758728, 62.5516586304, 105.659790039, 321.832641602, 344.830963135, 253.362335205, 110.491950989, 35.5549850464, 15.650604248, 5.90553712845, 0.629114806652, 0.00389646948315, 0.000269074662356, 0.00049032404786, 0.00189235457219, 0.00105792656541, 0.000209342950257, 1.18854522952e-05, 2.62721812305e-07, 7.97878374481e-10, 1.9442771837e-09], "mean": [0.077087238431, 2.31244468689, 13.5438995361, 9.13821983337, 5.81136274338, 10.1920375824, 17.9887771606, 19.1374130249, 26.5767402649, 30.9941234589, 56.7459487915, 57.9924278259, 29.4392108917, 24.0129871368, 16.3789978027, 5.73574495316, 0.758276820183, 0.822255790234, 0.99237960577, 1.41886687279, 2.0346968174, 2.09171104431, 3.8178153038, 4.43923425674, 3.95686173439, 2.25298428535, 1.44627809525, 0.847884356976, 0.450298190117, 0.127418324351, 0.0101421223953, 0.00283218547702, 0.00464093498886, 0.00845427811146, 0.00687071448192, 0.00332569796592, 0.000980509561487, 0.000206296390388, 2.99792700389e-05, 3.91304747609e-05]}, "spectral_strongpeak": {"dmean2": 0.663101136684, "median": 0.613045275211, "min": 0, "dvar2": 0.961474657059, "dvar": 0.425929844379, "dmean": 0.405659556389, "max": 8.7073135376, "var": 0.959338128567, "mean": 0.941212713718}, "spectral_energy": {"dmean2": 0.0190365724266, "median": 0.0232680756599, "min": 1.04313049019e-20, "dvar2": 0.000953571521677, "dvar": 0.000546623603441, "dmean": 0.0138569492847, "max": 0.389024049044, "var": 0.00162458140403, "mean": 0.0351765230298}, "average_loudness": 0.598555207253, "spectral_rolloff": {"dmean2": 274.688598633, "median": 495.263671875, "min": 86.1328125, "dvar2": 778750.125, "dvar": 369323.9375, "dmean": 161.973907471, "max": 19422.9492188, "var": 2196571.75, "mean": 685.079284668}, "spectral_centroid": {"dmean2": 159.156890869, "median": 425.000427246, "min": 97.6418991089, "dvar2": 101991.804688, "dvar": 57208, "dmean": 110.496650696, "max": 10836.5986328, "var": 247818.703125, "mean": 543.305725098}, "pitch_salience": {"dmean2": 0.120134316385, "median": 0.462435603142, "min": 0.0372147299349, "dvar2": 0.014798653312, "dvar": 0.00625357311219, "dmean": 0.0761626362801, "max": 0.921461343765, "var": 0.0191211570054, "mean": 0.460295647383}, "spectral_energyband_middle_high": {"dmean2": 0.00110546906944, "median": 0.000293247692753, "min": 1.54454057896e-21, "dvar2": 1.12117322715e-05, "dvar": 5.7085262597e-06, "dmean": 0.000780962291174, "max": 0.0766312852502, "var": 1.45144340422e-05, "mean": 0.00168204982765}, "spectral_contrast_coeffs": {"dmean2": [0.0773589089513, 0.0771505534649, 0.0633402988315, 0.0457670725882, 0.0374344065785, 0.0577160939574], "median": [-0.621044993401, -0.659560620785, -0.705333411694, -0.779032468796, -0.810237467289, -0.756488204002], "min": [-0.95906919241, -0.971904098988, -0.960717082024, -0.968335092068, -0.96138638258, -0.961420953274], "dvar2": [0.00422405358404, 0.00511188618839, 0.00313056819141, 0.00160686229356, 0.00121755560394, 0.00313534797169], "dvar": [0.00167558935937, 0.00241461000405, 0.00158576481044, 0.000766352692153, 0.000617528974544, 0.00148859107867], "dmean": [0.04753196612, 0.0501068904996, 0.0417504683137, 0.0301657095551, 0.0253357421607, 0.0382414236665], "max": [-0.182279527187, -0.284968078136, -0.390946894884, -0.528863489628, -0.562914013863, -0.333935916424], "var": [0.00916470400989, 0.0131733352318, 0.00918648112565, 0.00577419903129, 0.00425724172965, 0.0093147624284], "mean": [-0.612008988857, -0.656674265862, -0.699917256832, -0.773378551006, -0.799541294575, -0.734748363495]}, "melbands_skewness": {"dmean2": 1.1602846384, "median": 1.71647644043, "min": -2.32452511787, "dvar2": 2.02996969223, "dvar": 0.929653704166, "dmean": 0.767250180244, "max": 16.7942466736, "var": 3.71400642395, "mean": 2.10601377487}, "spectral_spread": {"dmean2": 610061.5625, "median": 2035331.25, "min": 545943.8125, "dvar2": 561151541248, "dvar": 298077356032, "dmean": 392320.53125, "max": 40937472, "var": 2476241059840.0, "mean": 2336150.5}, "dissonance": {"dmean2": 0.0760715156794, "median": 0.366935372353, "min": 0.0773681923747, "dvar2": 0.00525558413938, "dvar": 0.00204499205574, "dmean": 0.0460915975273, "max": 0.499999910593, "var": 0.00723301526159, "mean": 0.359248012304}, "spectral_skewness": {"dmean2": 1.27541196346, "median": 3.87524652481, "min": -0.500595927238, "dvar2": 1.5731934309, "dvar": 0.723034203053, "dmean": 0.828107655048, "max": 11.669629097, "var": 4.52678632736, "mean": 4.08763360977}, "spectral_flux": {"dmean2": 0.054650016129, "median": 0.0527138821781, "min": 1.02133759783e-10, "dvar2": 0.00467979768291, "dvar": 0.00188408163376, "dmean": 0.0341066718102, "max": 0.451808989048, "var": 0.00343849183992, "mean": 0.0692258402705}, "spectral_contrast_valleys": {"dmean2": [0.679418504238, 0.665807962418, 0.718721985817, 0.57033354044, 0.523482501507, 0.543879270554], "median": [-7.3412361145, -7.17990636826, -8.58929729462, -10.7863407135, -9.88242340088, -13.4933891296], "min": [-27.6953086853, -26.871049881, -27.4482326508, -27.1346874237, -27.2833690643, -27.1804828644], "dvar2": [0.34609490633, 0.398477703333, 0.524446964264, 0.290783017874, 0.278848320246, 0.368260353804], "dvar": [0.164660319686, 0.185394093394, 0.243944227695, 0.159681618214, 0.162058979273, 0.142790824175], "dmean": [0.41733494401, 0.422095060349, 0.474151283503, 0.393209069967, 0.378416001797, 0.320487141609], "max": [-5.48985910416, -4.35472106934, -4.93105554581, -6.68559026718, -6.05585575104, -10.7793884277], "var": [1.64234721661, 1.46347141266, 1.89530932903, 1.70179224014, 1.64281892776, 0.262988269329], "mean": [-7.63733053207, -7.28391933441, -8.65142440796, -10.8092927933, -9.80517864227, -13.4547204971]}, "erbbands_flatness_db": {"dmean2": 0.0303883049637, "median": 0.296918839216, "min": 0.047086622566, "dvar2": 0.0011097319657, "dvar": 0.000540747889318, "dmean": 0.0209875069559, "max": 0.443595021963, "var": 0.00387964979745, "mean": 0.290510237217}, "spectral_energyband_high": {"dmean2": 6.09491398791e-05, "median": 3.53552150045e-06, "min": 7.57148787708e-21, "dvar2": 6.25332177151e-08, "dvar": 2.8651438555e-08, "dmean": 4.09975109505e-05, "max": 0.00558547582477, "var": 5.258417346e-08, "mean": 6.07148540439e-05}, "spectral_entropy": {"dmean2": 0.363983035088, "median": 5.73554420471, "min": 3.76994276047, "dvar2": 0.165810570121, "dvar": 0.081825338304, "dmean": 0.256162434816, "max": 9.79930210114, "var": 0.610699653625, "mean": 5.85009431839}, "silence_rate_20dB": {"dmean2": 0.000563856796362, "median": 1, "min": 0, "dvar2": 0.000563481939025, "dvar": 0.000281837652437, "dmean": 0.000281888642348, "max": 1, "var": 0.000281797954813, "mean": 0.999718129635}, "melbands_flatness_db": {"dmean2": 0.0518955625594, "median": 0.454860389233, "min": 0.00763145647943, "dvar2": 0.00310784345493, "dvar": 0.00163831340615, "dmean": 0.0360873900354, "max": 0.806307673454, "var": 0.0114465625957, "mean": 0.454986393452}, "barkbands": {"dmean2": [4.8014553613e-06, 0.00601492309943, 0.0110847530887, 0.00152557867114, 0.0021597337909, 0.00162663520314, 0.00132121145725, 0.00154985359404, 0.00193634338211, 0.000767455436289, 0.000354189774953, 0.000183372947504, 8.09232551546e-06, 1.85712979146e-05, 2.18008190132e-05, 3.16427467624e-05, 3.32627023454e-05, 6.95881462889e-05, 8.55462349136e-05, 6.107189256e-05, 3.16205187119e-05, 1.10657956611e-05, 8.05145020877e-07, 2.45981937042e-07, 1.04191224182e-06, 7.06867808731e-07, 7.3275280954e-08], "median": [9.29937641558e-07, 0.00250402744859, 0.00208327407017, 0.000721384887584, 0.00100632477552, 0.000928123597987, 0.000405821105232, 0.000239765780861, 0.000405801780289, 9.97759852908e-05, 3.13429554808e-05, 1.44052828546e-05, 2.15286675598e-07, 7.64715480273e-07, 8.34335310174e-07, 2.22393146032e-06, 8.93521018952e-07, 1.93471487364e-06, 2.97354745271e-06, 2.07233506444e-06, 1.45505839555e-06, 1.81220229933e-07, 7.92796228666e-09, 2.97626776558e-08, 9.87775763406e-08, 1.73931852032e-07, 7.7099457485e-08], "min": [2.52044956191e-23, 2.17142862513e-23, 7.28507129515e-24, 2.00739983048e-23, 2.68645729303e-23, 4.65000245252e-23, 6.08635407786e-23, 1.00134582808e-22, 4.71957304238e-23, 2.23615371577e-23, 9.27833836696e-23, 7.54788109458e-23, 8.2376282535e-23, 2.18676559574e-22, 8.28030184194e-23, 2.904220074e-22, 2.02116475907e-22, 1.26339204171e-22, 2.57724063666e-22, 1.89114369493e-22, 4.02478701866e-22, 4.59733140895e-22, 7.32487365077e-22, 7.5110170565e-22, 1.15418372834e-21, 1.79667223728e-21, 2.32416486962e-21], "dvar2": [1.19882437311e-10, 0.000124284488265, 0.000584796478506, 1.01321293187e-05, 2.59960397671e-05, 1.2952011275e-05, 1.80950573849e-05, 1.81363793672e-05, 2.83084045805e-05, 9.50532194111e-06, 1.77729509687e-06, 5.05085267832e-07, 1.76532322094e-09, 7.57420703934e-09, 1.3079755945e-08, 2.22386695725e-08, 2.08881516528e-08, 1.01105470662e-07, 1.20637722034e-07, 1.46684257629e-07, 2.21816094381e-08, 4.22935864108e-09, 3.03506907107e-11, 1.33048108121e-12, 3.46389722461e-11, 1.70156267548e-11, 7.00419336788e-14], "dvar": [5.14185360956e-11, 5.73971919948e-05, 0.000325239059748, 4.37495418737e-06, 1.13845417218e-05, 6.02048658038e-06, 8.20630702947e-06, 8.92463958735e-06, 1.29326072056e-05, 4.67407153337e-06, 8.37454422253e-07, 2.25044388458e-07, 9.69461511069e-10, 3.29600147175e-09, 5.67167957044e-09, 9.86696413463e-09, 1.10789404317e-08, 5.40630686885e-08, 5.5769604046e-08, 5.85772497175e-08, 9.70964553204e-09, 1.88248350241e-09, 1.29128530785e-11, 5.69420487324e-13, 1.41596031775e-11, 6.24998403725e-12, 2.70320485424e-14], "dmean": [2.93631865134e-06, 0.00399364111945, 0.00786662474275, 0.00095030979719, 0.00139078928623, 0.0010904482333, 0.000903594540432, 0.00103213882539, 0.00128688104451, 0.000526211282704, 0.000237692365772, 0.000122910307255, 5.69917710891e-06, 1.24756570585e-05, 1.44722416735e-05, 2.18195127673e-05, 2.27618711506e-05, 4.83676012664e-05, 5.80613959755e-05, 4.00293647544e-05, 2.09083391383e-05, 7.51472998672e-06, 5.1278192359e-07, 1.53843785711e-07, 6.67771473672e-07, 4.2896098762e-07, 4.35310312241e-08], "max": [0.000171304403921, 0.0883315727115, 0.300056427717, 0.0602244585752, 0.150949552655, 0.0572253055871, 0.0820525884628, 0.0539265573025, 0.0790849104524, 0.0853422656655, 0.0222019422799, 0.0118862576783, 0.00165778480005, 0.00178627541754, 0.00222604582086, 0.00277121621184, 0.00451906770468, 0.00805042404681, 0.00507291452959, 0.0129397204146, 0.00365909002721, 0.00206285179593, 0.000113105750643, 3.53839604941e-05, 0.00012958739535, 7.84794974606e-05, 5.77911168875e-06], "var": [7.52156670281e-11, 0.000126355022076, 0.000753699743655, 8.96665733308e-06, 5.38470303582e-05, 1.68718361238e-05, 1.77887086465e-05, 2.45231403824e-05, 3.33255302394e-05, 8.53045094118e-06, 1.74676199549e-06, 4.5992055675e-07, 5.08886843775e-09, 6.31496899217e-09, 9.98752369696e-09, 1.87877446933e-08, 3.1912719578e-08, 1.25294107534e-07, 1.02262411872e-07, 7.0678133568e-08, 1.47556535879e-08, 3.26738658352e-09, 2.23401453586e-11, 1.14598868589e-12, 1.73214134008e-11, 5.46697105988e-12, 2.36591548761e-14], "mean": [4.16856391894e-06, 0.00742042716593, 0.0123577322811, 0.00169552583247, 0.00263654184528, 0.00259530451149, 0.00190457317512, 0.00207534641959, 0.00259190099314, 0.000947833934333, 0.000364314269973, 0.000209340039873, 1.06795796455e-05, 2.104365376e-05, 2.04313982977e-05, 3.45032131008e-05, 3.5326462239e-05, 7.63077550801e-05, 8.31147990539e-05, 5.11201724294e-05, 2.80967560684e-05, 1.05453664219e-05, 6.48778382129e-07, 1.98909830829e-07, 8.7820239969e-07, 6.16144575361e-07, 8.91570408612e-08]}, "erbbands_skewness": {"dmean2": 0.763473570347, "median": 0.868461787701, "min": -3.83587217331, "dvar2": 0.754198312759, "dvar": 0.341216146946, "dmean": 0.507772743702, "max": 11.0875310898, "var": 1.52606081963, "mean": 0.976661860943}, "erbbands_spread": {"dmean2": 7.15496492386, "median": 10.4360561371, "min": 0.964057862759, "dvar2": 166.861923218, "dvar": 71.1430969238, "dmean": 4.61665678024, "max": 160.792495728, "var": 297.583770752, "mean": 15.7229986191}, "melbands_kurtosis": {"dmean2": 13.4482517242, "median": 5.71086072922, "min": -1.70489454269, "dvar2": 877.688476562, "dvar": 385.767456055, "dmean": 8.58393383026, "max": 475.6355896, "var": 961.32019043, "mean": 14.8588066101}, "melbands": {"dmean2": [0.00104809331242, 0.00492357509211, 0.00117707671598, 0.000492197752465, 0.000415991409682, 0.000273878627922, 0.000260304484982, 0.000247718155151, 0.00036496063