{"tonal": {"thpcp": [1, 0.779462516308, 0.560063838959, 0.582636237144, 0.549380600452, 0.516615688801, 0.550534367561, 0.53180783987, 0.591375648975, 0.652476370335, 0.521520495415, 0.52172088623, 0.65307945013, 0.58782094717, 0.461986750364, 0.411961346865, 0.402664929628, 0.438118517399, 0.557246923447, 0.640832424164, 0.690033137798, 0.781104922295, 0.744912326336, 0.718932569027, 0.821296572685, 0.83447521925, 0.698040008545, 0.578617870808, 0.527227640152, 0.496424078941, 0.460014253855, 0.37424120307, 0.373765051365, 0.52901250124, 0.609478473663, 0.796363294125], "hpcp": {"dmean2": [0.267082810402, 0.258682757616, 0.229255273938, 0.212939873338, 0.223963707685, 0.267798095942, 0.319640755653, 0.368635028601, 0.396510273218, 0.41182115674, 0.392659187317, 0.402539491653, 0.396311432123, 0.396941870451, 0.3622366786, 0.32992297411, 0.30684787035, 0.287669211626, 0.249508485198, 0.205165877938, 0.210168510675, 0.262351125479, 0.310173541307, 0.447334110737, 0.542817652225, 0.401953518391, 0.378434568644, 0.423491626978, 0.362615913153, 0.297847628593, 0.329152166843, 0.317119300365, 0.303468197584, 0.314287006855, 0.253162801266, 0.236242309213], "median": [0.0787338018417, 0.0816878974438, 0.0674217566848, 0.0538918450475, 0.0459435284138, 0.0411049090326, 0.0402499400079, 0.0467674173415, 0.0768721997738, 0.0765320584178, 0.0797849968076, 0.0779977813363, 0.0901604071259, 0.0902913659811, 0.0846407487988, 0.0568168014288, 0.0453644730151, 0.0445697493851, 0.0505832545459, 0.038093611598, 0.0330666713417, 0.0370434820652, 0.0517964698374, 0.100120052695, 0.120690241456, 0.0884563922882, 0.035102609545, 0.0315308049321, 0.0425171256065, 0.054159861058, 0.0623242147267, 0.0621962510049, 0.0664678215981, 0.0630190372467, 0.0613266415894, 0.0659212172031], "min": [0, 0, 0, 0, 0, 0, 0, 0, 0, 0, 0, 0, 0, 0, 0, 0, 0, 0, 0, 0, 0, 0, 0, 0, 0, 0, 0, 0, 0, 0, 0, 0, 0, 0, 0, 0], "dvar2": [0.106863312423, 0.0943543463945, 0.0799456387758, 0.0832787975669, 0.107742123306, 0.138123735785, 0.16961222887, 0.18618196249, 0.191213160753, 0.19112212956, 0.180422574282, 0.194225698709, 0.185893803835, 0.185236334801, 0.171805247664, 0.170434936881, 0.161585047841, 0.154759019613, 0.11441873014, 0.0954741686583, 0.0877737402916, 0.119866356254, 0.137001559138, 0.197552591562, 0.253139555454, 0.17970071733, 0.216830044985, 0.257586061954, 0.201548218727, 0.141371548176, 0.166230872273, 0.146383136511, 0.129721209407, 0.142849907279, 0.0956927388906, 0.0856673270464], "dvar": [0.0414243973792, 0.035435654223, 0.0289777051657, 0.0303230341524, 0.0389701128006, 0.0494108609855, 0.0621599070728, 0.0697554424405, 0.0676791146398, 0.0703694373369, 0.0649191662669, 0.0696533769369, 0.0695241317153, 0.0689365044236, 0.0618929676712, 0.0623489171267, 0.057297732681, 0.0542141906917, 0.0418298132718, 0.0343633815646, 0.0312584787607, 0.0449139215052, 0.0524328239262, 0.0693809613585, 0.0895977690816, 0.0645894780755, 0.0751797556877, 0.0895480290055, 0.0716964453459, 0.0499522462487, 0.0567761175334, 0.0502695813775, 0.0469638779759, 0.0537221468985, 0.0360227711499, 0.0313069187105], "dmean": [0.150147289038, 0.146684423089, 0.128432571888, 0.118427872658, 0.123604685068, 0.14579962194, 0.174190565944, 0.200003325939, 0.219541162252, 0.228443443775, 0.219283595681, 0.221793979406, 0.221134588122, 0.221360445023, 0.200076147914, 0.180128276348, 0.169136196375, 0.156623184681, 0.136657327414, 0.113161087036, 0.116014897823, 0.148577779531, 0.174644842744, 0.246178328991, 0.300445973873, 0.225185573101, 0.202706083655, 0.224636211991, 0.194991290569, 0.162292093039, 0.179734602571, 0.173531621695, 0.169449239969, 0.176698237658, 0.143361315131, 0.132794857025], "max": [1, 1, 1, 1, 1, 1, 1, 1, 1, 1, 1, 1, 1, 1, 1, 1, 1, 1, 1, 1, 1, 1, 1, 1, 1, 1, 1, 1, 1, 1, 1, 1, 1, 1, 1, 1], "var": [0.059583004564, 0.0396728403866, 0.0247760880738, 0.025182409212, 0.0308100022376, 0.0375288017094, 0.0595043003559, 0.0714712813497, 0.0620220266283, 0.0783492848277, 0.0681956484914, 0.0650435835123, 0.0783308520913, 0.0808564648032, 0.0590281896293, 0.0549561977386, 0.0519898273051, 0.0471298471093, 0.0371914505959, 0.0281022377312, 0.0270938649774, 0.0534127578139, 0.0578537918627, 0.0694564133883, 0.100500635803, 0.0727574303746, 0.0628101676702, 0.0704170912504, 0.0569963417947, 0.0417656414211, 0.0466719269753, 0.0407065562904, 0.047409709543, 0.063933365047, 0.037720952183, 0.0356416888535], "mean": [0.176858589053, 0.1591861099, 0.125109314919, 0.111562073231, 0.109044544399, 0.118645623326, 0.150906443596, 0.173541992903, 0.186865910888, 0.211528792977, 0.201727584004, 0.194692075253, 0.222412973642, 0.225981846452, 0.189034223557, 0.156693860888, 0.142777010798, 0.134435191751, 0.124575145543, 0.101347193122, 0.101218245924, 0.143260359764, 0.165051132441, 0.215660870075, 0.270807147026, 0.211084023118, 0.151669293642, 0.157782062888, 0.148776188493, 0.139903217554, 0.149088636041, 0.144017368555, 0.160148754716, 0.176695257425, 0.141231477261, 0.14128574729]}, "tuning_equal_tempered_deviation": 0.170140624046, "chords_changes_rate": 0.0758017525077, "key_key": "F", "tuning_diatonic_strength": 0.560713410378, "key_scale": "minor", "chords_number_rate": 0.00249895872548, "tuning_frequency": 434.193115234, "tuning_nontempered_energy_ratio": 0.866362512112, "chords_histogram": [0, 0, 0.0832986235619, 0, 0.208246558905, 0.45814242959, 19.8667221069, 6.83048725128, 3.49854230881, 0, 0, 0.124947935343, 0, 3.54019165039, 48.0216560364, 15.6601419449, 0.79133695364, 0.0832986235619, 0, 0, 0, 0, 0.124947935343, 0.708038330078], "key_strength": 0.609881699085, "chords_key": "F#", "chords_strength": {"dmean2": 0.0181141756475, "median": 0.490425169468, "min": 0.272100359201, "dvar2": 0.000252339697909, "dvar": 0.000149782455992, "dmean": 0.0138299707323, "max": 0.850291252136, "var": 0.00562940258533, "mean": 0.494277328253}, "chords_scale": "minor", "hpcp_entropy": {"dmean2": 1.16766500473, "median": 3.2548122406, "min": 0, "dvar2": 0.870093464851, "dvar": 0.313509255648, "dmean": 0.689736008644, "max": 4.70887470245, "var": 0.751186490059, "mean": 3.08176612854}}, "metadata": {"audio_properties": {"equal_loudness": 0, "codec": "vorbis", "downmix": "mix", "sample_rate": 44100, "analysis_sample_rate": 44100, "bit_rate": 256000, "md5_encoded": "a5c6fd8bf9581d24a8eaaac09956f250", "length": 111.434013367, "replay_gain": -11.5727024078, "lossless": false}, "version": {"essentia_build_sha": "70f2e5ece6736b2c40cc944ad0e695b16b925413", "essentia": "2.1-beta2", "extractor": "music 1.0", "essentia_git_sha": "v2.1_beta2"}, "tags": {"title": ["False Prediction"], "barcode": ["037613631420"], "albumartist": ["Various Artists"], "tracktotal": ["12"], "language": ["eng"], "releasetype": ["ep"], "musicbrainz_recordingid": ["0a52ef24-6b50-460a-9f1e-0fbfa30dab21"], "album": ["Mutilate the Corpse / In Partibus Infidelium"], "musicbrainz_albumartistid": ["89ad4ac3-39f7-470e-963a-56509c546377"], "discnumber": ["0"], "bpm": ["0"], "catalognumber": ["Slap A Ham #15"], "releasecountry": ["US"], "compilation": ["1"], "albumartistsort": ["Various Artists"], "date": ["1992"], "file_name": "04-false_prediction.ogg", "disctotal": ["0"], "musicbrainz_artistid": ["3cdcb6d5-74ab-4189-bb94-dfcb213490f7"], "musicbrainz_albumid": ["f8cccaad-00a7-404d-8584-31b2997d7048"], "tracknumber": ["4"], "artistsort": ["Monastery"], "artist": ["Monastery"], "label": ["Slap a Ham Records"], "releasestatus": ["official"], "totaldiscs": ["0"], "script": ["Latn"], "totaltracks": ["12"]}}, "rhythm": {"bpm_histogram_first_peak_bpm": {"dmean2": 0, "median": 140, "min": 140, "dvar2": 0, "dvar": 0, "dmean": 0, "max": 140, "var": 0, "mean": 140}, "bpm": 90.9839096069, "bpm_histogram_second_peak_spread": {"dmean2": 0, "median": 0, "min": 0, "dvar2": 0, "dvar": 0, "dmean": 0, "max": 0, "var": 0, "mean": 0}, "bpm_histogram_first_peak_weight": {"dmean2": 0, "median": 0.0960698723793, "min": 0.0960698723793, "dvar2": 0, "dvar": 0, "dmean": 0, "max": 0.0960698723793, "var": 0, "mean": 0.0960698723793}, "onset_rate": 1.79443359375, "beats_position": [0.626938760281, 1.26548755169, 1.90403628349, 2.56580495834, 3.22757363319, 3.90095233917, 4.55111122131, 5.20126962662, 5.87464857101, 6.53641700745, 7.19818592072, 7.84834432602, 8.498503685, 9.16027164459, 9.82204055786, 10.47219944, 11.1339683533, 11.7957363129, 12.4110651016, 13.0263938904, 13.6533327103, 14.2802715302, 14.90721035, 15.5341491699, 16.1494789124, 16.7531967163, 17.3685264587, 17.8445339203, 18.3205432892, 18.784942627, 19.2493419647, 19.574420929, 19.8994998932, 20.2245807648, 20.5728797913, 20.9211788177, 21.2694778442, 21.6061668396, 21.942855835, 22.2795467377, 22.616235733, 22.9529247284, 23.2896137238, 23.614692688, 23.9397735596, 24.2648525238, 24.6015415192, 24.9382305145, 25.2633094788, 25.5883903503, 25.9250793457, 26.2617683411, 26.5984573364, 26.9351463318, 27.2602272034, 27.5853061676, 27.921995163, 28.2470741272, 28.5837631226, 28.9204521179, 29.2571430206, 29.5822219849, 29.9073009491, 30.2439899445, 30.5806789398, 30.9173698425, 31.2540588379, 31.5907478333, 31.9390468597, 32.2757377625, 32.6240348816, 33.0303840637, 33.4367332458, 33.843082428, 34.2494316101, 34.6673927307, 35.0853500366, 35.4916992188, 35.8980484009, 36.3160095215, 36.7339668274, 37.151927948, 37.5698852539, 37.976234436, 38.3941955566, 38.8121528625, 39.2301139832, 39.6596832275, 40.0776405334, 40.4956016541, 40.9251708984, 41.3547401428, 41.7843093872, 42.2022666931, 42.6318359375, 43.0497932434, 43.467754364, 43.8857116699, 44.3036727905, 44.7332420349, 45.1628112793, 45.5807685852, 45.9987297058, 46.439907074, 46.8694763184, 47.3106575012, 47.7402267456, 48.16979599, 48.5993652344, 49.0289344788, 49.4585037231, 49.8996810913, 50.3408622742, 50.7820396423, 51.2232208252, 51.6643981934, 52.0939674377, 52.5235366821, 52.9647140503, 53.4058952332, 53.8470726013, 54.2882537842, 54.7178230286, 55.1473922729, 55.5769615173, 56.0065307617, 56.4477081299, 56.8888893127, 57.3300666809, 57.7596359253, 58.1892051697, 58.6187744141, 59.0599517822, 59.4430847168, 59.8146018982, 60.1861228943, 60.5692520142, 60.952381134, 61.3238983154, 61.6954193115, 62.0785484314, 62.4500656128, 62.8215866089, 63.1814956665, 63.5414047241, 63.9013137817, 64.2728347778, 64.6443557739, 65.0158691406, 65.3990020752, 65.7821273804, 66.1536483765, 66.5251693726, 66.9082946777, 67.2914276123, 67.6745529175, 68.0576858521, 68.5336914062, 69.0097045898, 69.485710144, 69.9617233276, 70.4377288818, 70.9253463745, 71.4013595581, 71.8657608032, 72.3301544189, 72.8061676025, 73.2821731567, 73.7697982788, 74.245803833, 74.7450332642, 75.2326507568, 75.7086639404, 76.1962814331, 76.6838989258, 77.1831283569, 77.6707458496, 78.1583633423, 78.6575927734, 79.1684341431, 79.6908798218, 80.2017211914, 80.7357788086, 81.2698364258, 81.7922897339, 82.3147354126, 82.8371887207, 83.3828582764, 83.9169158936, 84.4509735107, 85.0082550049, 85.5655288696, 86.2156906128, 86.877456665, 87.5392303467, 88.1893844604, 88.8511581421, 89.5245361328, 90.1979141235, 90.8712921143, 91.544670105, 92.2064361572, 92.8565979004, 93.5067520142, 94.1569137573, 94.8186798096, 95.4804534912, 96.1422195435, 96.8039855957, 97.4657592773, 98.1275253296, 98.7776870728, 99.4278411865, 100.07800293, 100.728164673, 101.378318787, 102.02848053, 102.690246582, 103.340408325, 103.97895813, 104.617500305, 105.279273987, 105.929428101, 106.602806091, 107.287796021, 107.97278595, 108.64616394, 109.33115387, 110.00453186, 110.677909851], "beats_loudness": {"dmean2": 0.0331660434604, "median": 0.0398929342628, "min": 0, "dvar2": 0.000637206539977, "dvar": 0.000232342048548, "dmean": 0.0185603275895, "max": 0.0892923101783, "var": 0.000336633063853, "mean": 0.0406207740307}, "danceability": 1.10265874863, "bpm_histogram_second_peak_weight": {"dmean2": 0, "median": 0.0960698723793, "min": 0.0960698723793, "dvar2": 0, "dvar": 0, "dmean": 0, "max": 0.0960698723793, "var": 0, "mean": 0.0960698723793}, "beats_count": 230, "bpm_histogram_second_peak_bpm": {"dmean2": 0, "median": 178, "min": 178, "dvar2": 0, "dvar": 0, "dmean": 0, "max": 178, "var": 0, "mean": 178}, "bpm_histogram_first_peak_spread": {"dmean2": 0, "median": 0.600000023842, "min": 0.600000023842, "dvar2": 0, "dvar": 0, "dmean": 0, "max": 0.600000023842, "var": 0, "mean": 0.600000023842}, "beats_loudness_band_ratio": {"dmean2": [0.315118342638, 0.235786825418, 0.0915889590979, 0.0428846217692, 0.0452186912298, 0.130413413048], "median": [0.536814808846, 0.264410078526, 0.0436123609543, 0.027375638485, 0.0374527946115, 0.11005166918], "min": [0, 0, 0, 0, 0, 0], "dvar2": [0.0548831932247, 0.0352210402489, 0.0122623052448, 0.00196707411669, 0.00178204034455, 0.0136448666453], "dvar": [0.0202858168632, 0.0122416196391, 0.00441986043006, 0.000639788573608, 0.000580125954002, 0.00464978767559], "dmean": [0.18407844007, 0.135585606098, 0.0533834286034, 0.0235670171678, 0.0254038553685, 0.0726234167814], "max": [0.876630067825, 0.730101823807, 0.472994089127, 0.15544167161, 0.158932194114, 0.574594080448], "var": [0.0313425473869, 0.0192721001804, 0.00443637836725, 0.000539430708159, 0.000538653810509, 0.00480559561402], "mean": [0.512966513634, 0.282574385405, 0.0654979646206, 0.0337121337652, 0.0430682525039, 0.124625697732]}}, "lowlevel": {"barkbands_spread": {"dmean2": 15.3717050552, "median": 34.4421348572, "min": 6.95137023926, "dvar2": 160.393661499, "dvar": 63.4259490967, "dmean": 9.50254440308, "max": 110.812080383, "var": 170.41166687, "mean": 35.5723266602}, "melbands_spread": {"dmean2": 17.4145774841, "median": 22.9460277557, "min": 2.61180353165, "dvar2": 235.289459229, "dvar": 94.1358184814, "dmean": 10.8952503204, "max": 153.854705811, "var": 337.028625488, "mean": 27.2733650208}, "hfc": {"dmean2": 6.71768903732, "median": 29.9752349854, "min": 1.08197712281e-16, "dvar2": 51.827495575, "dvar": 26.2886199951, "dmean": 4.65953636169, "max": 114.155593872, "var": 211.720031738, "mean": 30.919511795}, "barkbands_kurtosis": {"dmean2": 4.2451505661, "median": 1.37979984283, "min": -1.78977692127, "dvar2": 17.6245937347, "dvar": 6.80413961411, "dmean": 2.5843911171, "max": 28.1301231384, "var": 11.1681671143, "mean": 2.21004772186}, "gfcc": {"mean": [28.5340251923, 70.1761169434, -105.976707458, 67.5976409912, -65.8679428101, 7.90100717545, -38.7584953308, 6.06001758575, -36.1037025452, -3.22970056534, -15.7974643707, -1.31864571571, -4.87296772003], "icov": [[0.000704841862898, -0.00191717280541, 0.00133905757684, -0.00231800344773, 0.00170806166716, -0.00120494433213, 0.00146384967957, -0.00201223394834, 0.00289380503818, -0.00260222144425, 0.00287092640065, -0.00337903713807, 0.0024683799129], [-0.00191717280541, 0.0110434051603, -0.00145901634824, 0.00155219761655, -0.00441284291446, 0.0065981624648, -0.00862357206643, 0.00612997310236, -0.00883653573692, 0.00694928085431, -0.00920114479959, 0.0119894249365, -0.00709078693762], [0.00133905757684, -0.00145901634824, 0.00938827823848, -0.00371727347374, -0.00200981390662, -0.00538574997336, 0.00426619080827, -0.00420184945688, 0.00136715918779, -0.0030888041947, 0.00657595135272, -0.00907444581389, 0.00798645988107], [-0.00231800344773, 0.00155219761655, -0.00371727347374, 0.0195064786822, -0.00786451622844, -0.00439421785995, 0.00115972873755, 0.00638442672789, -0.00838465150446, 0.00957332458347, -0.00945549178869, 0.0119144385681, -0.0108894938603], [0.00170806166716, -0.00441284291446, -0.00200981390662, -0.00786451622844, 0.0158822629601, -0.000838295207359, -0.00509142968804, -0.000658488133922, 0.0114050656557, -0.0107970675454, 0.00549966702238, -0.00488823372871, -0.00100990082137], [-0.00120494433213, 0.0065981624648, -0.00538574997336, -0.00439421785995, -0.000838295207359, 0.0208320952952, -0.00184617936611, -0.00818564090878, -0.00763912638649, 0.00950339715928, -0.0072832647711, 0.00280750333332, -0.00144212599844], [0.00146384967957, -0.00862357206643, 0.00426619080827, 0.00115972873755, -0.00509142968804, -0.00184617936611, 0.0252083633095, -0.0108471168205, -0.00415142159909, 0.0025232648477, 0.00764483306557, -0.0115123102441, 0.00578040070832], [-0.00201223394834, 0.00612997310236, -0.00420184945688, 0.00638442672789, -0.000658488133922, -0.00818564090878, -0.0108471168205, 0.032848931849, -0.0101909479126, -0.00574460066855, -0.0012791051995, 0.00933728739619, -0.0119461072609], [0.00289380503818, -0.00883653573692, 0.00136715918779, -0.00838465150446, 0.0114050656557, -0.00763912638649, -0.00415142159909, -0.0101909479126, 0.0391406193376, -0.0197351574898, -0.00142087915447, -0.00261175190099, 0.0126168783754], [-0.00260222144425, 0.00694928085431, -0.0030888041947, 0.00957332458347, -0.0107970675454, 0.00950339715928, 0.0025232648477, -0.00574460066855, -0.0197351574898, 0.0434209033847, -0.0223567523062, 0.00140036223456, 0.00125576148275], [0.00287092640065, -0.00920114479959, 0.00657595135272, -0.00945549178869, 0.00549966702238, -0.0072832647711, 0.00764483306557, -0.0012791051995, -0.00142087915447, -0.0223567523062, 0.0532121993601, -0.0251581817865, -0.00432446459308], [-0.00337903713807, 0.0119894249365, -0.00907444581389, 0.0119144385681, -0.00488823372871, 0.00280750333332, -0.0115123102441, 0.00933728739619, -0.00261175190099, 0.00140036223456, -0.0251581817865, 0.0555768422782, -0.0232516229153], [0.0024683799129, -0.00709078693762, 0.00798645988107, -0.0108894938603, -0.00100990082137, -0.00144212599844, 0.00578040070832, -0.0119461072609, 0.0126168783754, 0.00125576148275, -0.00432446459308, -0.0232516229153, 0.0426272898912]], "cov": [[22833.4277344, 950.000305176, -1552.50061035, 1292.88391113, -1486.68164062, 572.589538574, -846.302978516, 362.778259277, -507.885559082, 48.7788848877, -290.267486572, 8.98444747925, -218.10105896], [950.000305176, 672.395629883, -363.80380249, 106.670829773, 66.0778808594, -219.114898682, 130.240600586, -113.249000549, -12.5617027283, -52.6044807434, 21.5610408783, -67.9981384277, 67.3672332764], [-1552.50061035, -363.80380249, 521.067565918, -31.6411418915, 117.91759491, 201.616760254, -1.77391922474, 106.05695343, 81.2186126709, 53.6638908386, 17.7217655182, 55.8436279297, -30.1096782684], [1292.88391113, 106.670829773, -31.6411418915, 215.254272461, -10.5902795792, 89.3544845581, -35.8748283386, 27.8849372864, -11.1045379639, -6.85284328461, 8.95931720734, 0.414245575666, 23.8697128296], [-1486.68164062, 66.0778808594, 117.91759491, -10.5902795792, 264.413970947, -48.9319839478, 110.388763428, -30.6597747803, 21.0993919373, 3.75591468811, 37.2800178528, 12.4801435471, 57.563041687], [572.589538574, -219.114898682, 201.616760254, 89.3544845581, -48.9319839478, 259.353607178, -57.2336997986, 129.570755005, 43.2645149231, 38.8511505127, 8.11975669861, 39.2656059265, -24.5731983185], [-846.302978516, 130.240600586, -1.77391922474, -35.8748283386, 110.388763428, -57.2336997986, 141.687835693, -9.18044376373, 44.1408805847, -2.3936920166, 22.1767292023, -5.10315942764, 27.2033748627], [362.778259277, -113.249000549, 106.05695343, 27.8849372864, -30.6597747803, 129.570755005, -9.18044376373, 120.677307129, 44.3622283936, 46.6429634094, 10.0619478226, 26.4681682587, -12.9172172546], [-507.885559082, -12.5617027283, 81.2186126709, -11.1045379639, 21.0993919373, 43.2645149231, 44.1408805847, 44.3622283936, 97.3281555176, 39.9617385864, 32.6221961975, 4.40862035751, -6.59351158142], [48.7788848877, -52.6044807434, 53.6638908386, -6.85284328461, 3.75591468811, 38.8511505127, -2.3936920166, 46.6429634094, 39.9617385864, 71.1074981689, 29.469039917, 25.7101669312, -5.48958921432], [-290.267486572, 21.5610408783, 17.7217655182, 8.95931720734, 37.2800178528, 8.11975669861, 22.1767292023, 10.0619478226, 32.6221961975, 29.469039917, 58.7938613892, 23.905424118, 28.8141345978], [8.98444747925, -67.9981384277, 55.8436279297, 0.414245575666, 12.4801435471, 39.2656059265, -5.10315942764, 26.4681682587, 4.40862035751, 25.7101669312, 23.905424118, 53.3429412842, 17.0050563812], [-218.10105896, 67.3672332764, -30.1096782684, 23.8697128296, 57.563041687, -24.5731983185, 27.2033748627, -12.9172172546, -6.59351158142, -5.48958921432, 28.8141345978, 17.0050563812, 66.569190979]]}, "spectral_energyband_middle_low": {"dmean2": 0.015777669847, "median": 0.0148853696883, "min": 1.5529919677e-22, "dvar2": 0.000369093526388, "dvar": 0.000133883280796, "dmean": 0.00919794011861, "max": 0.13531447947, "var": 0.000173398948391, "mean": 0.0183534380049}, "melbands_crest": {"dmean2": 6.5384554863, "median": 13.5444498062, "min": 1.54940712452, "dvar2": 25.5447025299, "dvar": 9.57828712463, "dmean": 3.88216519356, "max": 36.6401023865, "var": 17.8886318207, "mean": 13.8832521439}, "spectral_kurtosis": {"dmean2": 0.990453958511, "median": 1.66663122177, "min": -1.25653243065, "dvar2": 1.2885440588, "dvar": 0.41490277648, "dmean": 0.569582819939, "max": 10.4349193573, "var": 0.787234961987, "mean": 1.78342306614}, "spectral_rms": {"dmean2": 0.00183411163744, "median": 0.00559830572456, "min": 3.13133676974e-12, "dvar2": 2.77556750916e-06, "dvar": 1.07904634206e-06, "dmean": 0.00114368868526, "max": 0.0124667445198, "var": 3.23533686242e-06, "mean": 0.00567056052387}, "zerocrossingrate": {"dmean2": 0.0181599110365, "median": 0.08056640625, "min": 0.02001953125, "dvar2": 0.000272466131719, "dvar": 0.000161810894497, "dmean": 0.0140189612284, "max": 0.5234375, "var": 0.00289221922867, "mean": 0.0892026051879}, "silence_rate_60dB": {"dmean2": 0.000833506986964, "median": 0, "min": 0, "dvar2": 0.000832832593005, "dvar": 0.000416496477555, "dmean": 0.000416666676756, "max": 1, "var": 0.0294839460403, "mean": 0.0304103307426}, "erbbands_kurtosis": {"dmean2": 0.753915786743, "median": -1.16438770294, "min": -1.82919502258, "dvar2": 0.571257650852, "dvar": 0.21729016304, "dmean": 0.447520434856, "max": 3.82567501068, "var": 0.405253201723, "mean": -0.976080298424}, "erbbands": {"dmean2": [0.378795981407, 2.99041700363, 5.62740087509, 12.7920923233, 42.2058982849, 28.9947814941, 25.9252681732, 17.6112136841, 12.287861824, 12.1919050217, 21.1747894287, 12.7325000763, 17.3626251221, 9.1442193985, 6.87134695053, 8.98998260498, 6.92561101913, 6.92930173874, 7.87647724152, 6.40450382233, 10.5979261398, 14.7680978775, 10.8245439529, 21.9640331268, 42.2552719116, 12.4632329941, 17.0334148407, 13.3690319061, 9.46158981323, 6.53744649887, 4.10949754715, 2.84079861641, 1.52536261082, 1.1673014164, 1.13639748096, 0.244739905, 0.0242691766471, 0.00329752266407, 0.00015569885727, 2.87149941869e-05], "median": [0.074133567512, 0.668818831444, 2.03465199471, 6.21660995483, 16.5011882782, 20.7977275848, 18.5972290039, 13.5036659241, 8.18011760712, 4.9076423645, 3.25212025642, 5.03653907776, 13.1319532394, 8.18131923676, 5.6766242981, 6.85797691345, 6.43666696548, 6.8568611145, 8.34617614746, 8.07897567749, 14.4290180206, 20.0914993286, 17.3498363495, 37.6743927002, 64.4023742676, 24.7567043304, 28.2973155975, 23.8144207001, 15.9789209366, 11.9029874802, 7.88036394119, 5.26330137253, 2.63874149323, 1.62932097912, 0.891322433949, 0.140407696366, 0.0150258643553, 0.00174084771425, 0.000154465902597, 5.42755697097e-05], "min": [3.8679109205e-23, 3.20924418706e-22, 3.1367882343e-21, 6.5597866151e-21, 1.46348283641e-20, 3.20898062421e-20, 4.44812884732e-20, 8.72050507893e-20, 1.47584582615e-19, 2.30707910671e-19, 1.87552993386e-19, 4.71584300914e-19, 4.96105604884e-19, 8.38559102264e-19, 7.6970308881e-19, 1.0112004849e-18, 2.19305515441e-18, 1.88878214275e-18, 3.23116785714e-18, 3.53928994697e-18, 4.41964917393e-18, 4.53407679038e-18, 6.13753290699e-18, 6.87182485907e-18, 8.5491349695e-18, 8.3308568951e-18, 9.4832766527e-18, 1.0452930854e-17, 1.11809019054e-17, 9.65206202951e-18, 1.27678247495e-17, 1.01137545428e-17, 9.40218482853e-18, 8.04186397731e-18, 6.91756836053e-18, 3.30465603032e-18, 2.26372078055e-18, 1.0566311053e-18, 2.52997688144e-19, 2.80849337582e-20], "dvar2": [0.237340763211, 14.1238918304, 42.8196029663, 260.231781006, 3293.68798828, 850.115722656, 1057.26367188, 366.370025635, 247.844055176, 768.247497559, 4298.453125, 860.315734863, 387.970489502, 102.444297791, 94.8223953247, 187.655944824, 112.053497314, 144.224060059, 177.565887451, 108.32069397, 103.971122742, 225.754379272, 120.936141968, 377.859954834, 1388.29174805, 176.000198364, 292.903045654, 169.488616943, 155.050979614, 75.6496658325, 32.2234916687, 13.9057941437, 4.82467460632, 4.99503993988, 7.23241424561, 0.518938601017, 0.00317674782127, 4.42717828264e-05, 8.95277452173e-08, 9.95193372155e-10], "dvar": [0.0946640893817, 5.90922260284, 15.4090414047, 97.6946258545, 1175.546875, 303.551269531, 389.782043457, 137.536148071, 91.0107192993, 278.955474854, 1627.93811035, 309.682800293, 141.049621582, 39.2396621704, 37.4441452026, 71.7077560425, 44.5478096008, 49.089641571, 58.8692588806, 38.3714294434, 36.7948570251, 79.4381027222, 42.9375762939, 136.10333252, 498.713592529, 65.8593063354, 116.636238098, 61.8849143982, 64.5665206909, 32.0119514465, 14.4519205093, 6.79230165482, 2.29803466797, 2.57061696053, 3.41197419167, 0.208271488547, 0.00135190552101, 2.24591385631e-05, 4.56022810624e-08, 3.96030930272e-10], "dmean": [0.22873519361, 1.89072859287, 3.1540184021, 7.59493875504, 24.0217208862, 16.8575744629, 15.3129653931, 10.5837240219, 7.24124002457, 7.31172370911, 12.9713888168, 7.65427827835, 10.1608819962, 5.50072717667, 4.08167695999, 5.39052391052, 4.12561559677, 4.08524799347, 4.60876655579, 3.75965094566, 6.16255378723, 8.69397830963, 6.43043470383, 12.9361934662, 25.1290531158, 7.5460858345, 10.2813968658, 8.07870674133, 6.00825166702, 4.27013254166, 2.78660583496, 1.97072780132, 1.05507719517, 0.833374977112, 0.795210123062, 0.164242610335, 0.0167044308037, 0.00234415871091, 0.000109143700683, 1.79880462383e-05], "max": [2.00961685181, 18.5897159576, 34.2547302246, 97.9129333496, 404.243865967, 189.403045654, 378.020721436, 216.829650879, 190.903579712, 329.964080811, 1315.00146484, 350.225402832, 233.32484436, 102.96144104, 139.434890747, 148.208633423, 222.24067688, 298.707427979, 306.870666504, 363.044616699, 129.678390503, 178.451400757, 111.443916321, 159.251556396, 260.887390137, 195.344543457, 252.251556396, 163.485244751, 226.341522217, 154.59135437, 127.701057434, 70.3898696899, 44.1394462585, 56.0398139954, 44.8832435608, 9.60629844666, 0.583378255367, 0.0813065767288, 0.00435395399109, 0.000336437398801], "var": [0.105328023434, 7.46333122253, 13.8399963379, 113.045509338, 1135.10693359, 417.177490234, 506.754272461, 214.765472412, 140.350738525, 497.80682373, 2602.76538086, 655.088806152, 262.983947754, 81.2802886963, 84.3782119751, 154.319366455, 86.4279937744, 96.7320709229, 116.617790222, 165.694580078, 76.2812194824, 151.13458252, 101.508674622, 318.371795654, 1117.65234375, 208.108520508, 347.320739746, 207.210708618, 279.048919678, 128.693771362, 67.670501709, 40.3805427551, 13.5838317871, 8.20113182068, 7.0149474144, 0.280657678843, 0.00231873104349, 5.65920599911e-05, 1.18184296127e-07, 9.03622787707e-10], "mean": [0.229667648673, 2.00855350494, 3.34078526497, 9.67849159241, 27.8523483276, 25.9889411926, 24.3595485687, 17.3433456421, 11.4337301254, 11.4501304626, 19.6043872833, 13.4137916565, 17.6955070496, 10.5422344208, 8.18456459045, 10.5766839981, 8.78363895416, 8.71569442749, 9.78058338165, 9.2900390625, 15.5217514038, 21.9511737823, 18.7114925385, 39.4385528564, 68.8643875122, 26.7775115967, 31.5280284882, 25.9356193542, 19.2666320801, 13.8600502014, 9.42304039001, 6.81191730499, 3.64178228378, 2.46304798126, 1.78537750244, 0.311584621668, 0.0335240736604, 0.00478626880795, 0.00028198043583, 5.7991270296e-05]}, "spectral_strongpeak": {"dmean2": 0.52732872963, "median": 0.404945373535, "min": 0, "dvar2": 0.288950562477, "dvar": 0.105232737958, "dmean": 0.305289715528, "max": 3.8402864933, "var": 0.136018127203, "mean": 0.506480097771}, "spectral_energy": {"dmean2": 0.0243449211121, "median": 0.0321245528758, "min": 1.00504019623e-20, "dvar2": 0.000625050452072, "dvar": 0.000239188098931, "dmean": 0.0149549562484, "max": 0.159305214882, "var": 0.000422699813498, "mean": 0.0362753011286}, "average_loudness": 0.966514408588, "spectral_rolloff": {"dmean2": 2000.62219238, "median": 1851.85546875, "min": 64.599609375, "dvar2": 3411295.25, "dvar": 1539729.875, "dmean": 1186.46484375, "max": 19595.2148438, "var": 6006551, "mean": 2261.85742188}, "spectral_centroid": {"dmean2": 663.506469727, "median": 1956.0925293, "min": 596.426025391, "dvar2": 286470.96875, "dvar": 116179.171875, "dmean": 400.74395752, "max": 11709.15625, "var": 1175631.25, "mean": 2055.71923828}, "pitch_salience": {"dmean2": 0.145393282175, "median": 0.65895730257, "min": 0.117646805942, "dvar2": 0.014425534755, "dvar": 0.0055599315092, "dmean": 0.0892502218485, "max": 0.84833407402, "var": 0.00998290348798, "mean": 0.6409252882}, "spectral_energyband_middle_high": {"dmean2": 0.00123376213014, "median": 0.00392083637416, "min": 1.27312698918e-21, "dvar2": 1.3006313111e-06, "dvar": 5.06192407101e-07, "dmean": 0.000772512285039, "max": 0.0210949108005, "var": 2.70519240075e-06, "mean": 0.00398907763883}, "spectral_contrast_coeffs": {"dmean2": [0.114820457995, 0.0891636386514, 0.0595851279795, 0.0394127629697, 0.032663449645, 0.0239602960646], "median": [-0.604427933693, -0.737591862679, -0.816752433777, -0.836923599243, -0.787514686584, -0.730523347855], "min": [-0.970502376556, -0.977688789368, -0.977261066437, -0.969815015793, -0.967480957508, -0.96437227726], "dvar2": [0.00781837664545, 0.00478740502149, 0.00211125705391, 0.000905105378479, 0.000642658036668, 0.000351954629878], "dvar": [0.0028879949823, 0.00168035470415, 0.00072880712105, 0.000310726522002, 0.000218705958105, 0.000139914540341], "dmean": [0.0688528642058, 0.0529780462384, 0.0350770354271, 0.0228112451732, 0.0193148236722, 0.0147467041388], "max": [-0.359581232071, -0.481670409441, -0.652938783169, -0.715917944908, -0.700716972351, -0.579229712486], "var": [0.00861380342394, 0.00442259013653, 0.0015975049464, 0.00077492184937, 0.000899801729247, 0.00241327495314], "mean": [-0.609283745289, -0.735983550549, -0.816624581814, -0.837085187435, -0.789825499058, -0.727228581905]}, "melbands_skewness": {"dmean2": 1.68415784836, "median": 3.82436442375, "min": -0.212298557162, "dvar2": 2.01292443275, "dvar": 0.771921098232, "dmean": 1.05693542957, "max": 16.5411434174, "var": 1.88525462151, "mean": 3.92166471481}, "spectral_spread": {"dmean2": 598672.3125, "median": 5181882.5, "min": 2431104.75, "dvar2": 1140740849660.0, "dvar": 575335628800, "dmean": 390131, "max": 43961848, "var": 15814940950500.0, "mean": 5589970}, "dissonance": {"dmean2": 0.0122442506254, "median": 0.487443745136, "min": 0.427075088024, "dvar2": 0.000115808121336, "dvar": 4.02304758609e-05, "dmean": 0.00711428886279, "max": 0.500000119209, "var": 5.89592345932e-05, "mean": 0.486231297255}, "spectral_skewness": {"dmean2": 0.160920217633, "median": 0.906883716583, "min": -0.111862510443, "dvar2": 0.0228280890733, "dvar": 0.00816365797073, "dmean": 0.096776984632, "max": 1.80300533772, "var": 0.0494597628713, "mean": 0.874607503414}, "spectral_flux": {"dmean2": 0.0474695377052, "median": 0.113247707486, "min": 6.30994076434e-11, "dvar2": 0.0019322799053, "dvar": 0.000755654764362, "dmean": 0.0284658726305, "max": 0.305438905954, "var": 0.00204771244898, "mean": 0.115076847374}, "spectral_contrast_valleys": {"dmean2": [0.844498097897, 0.571520805359, 0.456875234842, 0.351132631302, 0.246099725366, 0.214767470956], "median": [-6.54076385498, -6.63442993164, -7.00476789474, -7.26081180573, -6.46961927414, -9.0194683075], "min": [-27.8900375366, -28.2089614868, -27.7932548523, -27.6391735077, -27.645318985, -27.4764995575], "dvar2": [0.523764431477, 0.289810299873, 0.224122345448, 0.163942486048, 0.138616174459, 0.133816152811], "dvar": [0.226015239954, 0.135766208172, 0.107511714101, 0.0857410430908, 0.0797152519226, 0.0776779428124], "dmean": [0.521314620972, 0.341676026583, 0.271039515734, 0.20945930481, 0.149589657784, 0.156756341457], "max": [-5.04845714569, -4.79989147186, -5.53629159927, -5.69813299179, -5.72342920303, -7.83365917206], "var": [5.7954454422, 5.73710918427, 5.34537363052, 5.1524066925, 5.53363704681, 4.79735946655], "mean": [-6.93417406082, -6.88911008835, -7.29864931107, -7.59171772003, -6.82374048233, -9.50271129608]}, "erbbands_flatness_db": {"dmean2": 0.0149515811354, "median": 0.113662965596, "min": 0.0244168974459, "dvar2": 0.00014584804012, "dvar": 6.40127109364e-05, "dmean": 0.00958445854485, "max": 0.223944112659, "var": 0.00078211579239, "mean": 0.118388816714}, "spectral_energyband_high": {"dmean2": 0.000651745998766, "median": 0.00216862559319, "min": 7.19608601168e-21, "dvar2": 5.19347452155e-07, "dvar": 2.83992335426e-07, "dmean": 0.000467036676127, "max": 0.0123399700969, "var": 2.31920193983e-06, "mean": 0.0023953889031}, "spectral_entropy": {"dmean2": 0.153725609183, "median": 7.98356533051, "min": 7.03527498245, "dvar2": 0.0173505824059, "dvar": 0.0069061294198, "dmean": 0.0950151979923, "max": 9.81998729706, "var": 0.0861138477921, "mean": 7.96886539459}, "silence_rate_20dB": {"dmean2": 0, "median": 1, "min": 1, "dvar2": 0, "dvar": 0, "dmean": 0, "max": 1, "var": 0, "mean": 1}, "melbands_flatness_db": {"dmean2": 0.0511457584798, "median": 0.166184291244, "min": 0.00343341846019, "dvar2": 0.00164358108304, "dvar": 0.000652344198897, "dmean": 0.0327471643686, "max": 0.345278829336, "var": 0.00223072478548, "mean": 0.165853485465}, "barkbands": {"dmean2": [0.000304517830955, 0.0126191126183, 0.00456284312531, 0.00742724398151, 0.00983124133199, 0.00230868626386, 0.000873054959811, 0.000894547323696, 0.000593054108322, 0.000505862932187, 0.000161837975611, 0.000233820959693, 0.000163461780176, 0.000150010062498, 0.000140054529766, 0.000177082940354, 0.000275152589893, 0.000279447005596, 0.000709496962372, 0.000360569363693, 0.000341182167176, 0.000242797992541, 0.000158791401191, 0.000103796090116, 0.000126133265439, 2.61805416812e-05, 1.24762880205e-06], "median": [0.000129379011923, 0.00293198693544, 0.00160415074788, 0.0027734793257, 0.00690727028996, 0.00173587352037, 0.000487175886519, 0.0001382008777, 0.000232538557611, 0.000415492366301, 0.000114154776384, 0.000170693558175, 0.00013630205649, 0.000136533402838, 0.000152233129484, 0.000212611630559, 0.00035871527507, 0.000378031720174, 0.00115958973765, 0.000555621809326, 0.000684927625116, 0.000431134249084, 0.000298649916658, 0.000199386617169, 0.00013507604308, 1.34132515086e-05, 6.86032194608e-07], "min": [2.86004578024e-25, 1.10278238321e-24, 1.76997332672e-24, 3.26859250432e-24, 1.42629049335e-23, 9.44008072717e-24, 9.38626463622e-24, 5.62636739076e-24, 1.81447158987e-23, 1.39053032412e-23, 1.63340387298e-23, 2.2470018154e-23, 4.50724197896e-23, 3.30483241932e-23, 5.46739551005e-23, 8.00662958561e-23, 7.01976837971e-23, 1.04135931444e-22, 1.52596395225e-22, 1.76146215653e-22, 2.62059819906e-22, 3.31673500509e-22, 4.35269264181e-22, 6.72713821811e-22, 7.87140809794e-22, 1.37193347101e-21, 2.00595196148e-21], "dvar2": [1.32198209712e-07, 0.000242480964516, 2.59500757238e-05, 0.000108191015897, 0.000121835990285, 7.65388358559e-06, 1.71822023276e-06, 6.65421703161e-06, 1.66244558386e-06, 2.92648820732e-07, 5.16979064002e-08, 1.16468228839e-07, 6.91589860935e-08, 7.55719398171e-08, 3.77370170668e-08, 3.06034486641e-08, 7.39778656111e-08, 6.42713828825e-08, 3.79419617502e-07, 1.32982037826e-07, 9.93828805917e-08, 9.69296678477e-08, 4.58657396507e-08, 1.93006179927e-08, 7.43722949892e-08, 5.97552185511e-09, 6.90780592449e-12], "dvar": [5.22852126039e-08, 0.000104803912109, 9.26356096898e-06, 3.97240946768e-05, 4.34060384578e-05, 2.86731938104e-06, 6.32183343896e-07, 2.55740542343e-06, 6.15509804902e-07, 1.05444023291e-07, 2.00734522338e-08, 4.36195328746e-08, 2.67691930844e-08, 2.48294611538e-08, 1.31753923327e-08, 1.09825499806e-08, 2.5766267342e-08, 2.30047056959e-08, 1.38967195085e-07, 4.81375757033e-08, 3.82814171473e-08, 4.06858973179e-08, 2.02128536131e-08, 9.80833014808e-09, 3.7385863294e-08, 2.32856556259e-09, 3.42598865943e-12], "dmean": [0.000189612183021, 0.00797239970416, 0.0025714256335, 0.00435783853754, 0.00569420354441, 0.00137902563438, 0.000509848992806, 0.000549430551473, 0.000354636198608, 0.000299201521557, 9.67452724581e-05, 0.00013936306641, 9.6850853879e-05, 8.74326506164e-05, 8.20160566946e-05, 0.000103130572825, 0.000162357231602, 0.000163743985468, 0.000418870098656, 0.000214708124986, 0.000207427045098, 0.000155897039804, 0.000105727180198, 7.32810804038e-05, 9.13463372854e-05, 1.72797717823e-05, 8.51352524478e-07], "max": [0.00172644539271, 0.0738223046064, 0.0353607535362, 0.0645688697696, 0.0679199770093, 0.0303726810962, 0.0194028075784, 0.0479565784335, 0.0135262655094, 0.00500809028745, 0.00303470855579, 0.00323208491318, 0.00634294562042, 0.00595006160438, 0.00558125413954, 0.00332684093155, 0.00277784559876, 0.00201027514413, 0.00433077150956, 0.00429477868602, 0.00395632628351, 0.00532630365342, 0.00442857434973, 0.00251516979188, 0.00438328739256, 0.00115535000805, 3.54711628461e-05], "var": [8.13926632759e-08, 0.000137223716592, 9.33483170229e-06, 4.12443514506e-05, 5.29785647814e-05, 4.22658013122e-06, 1.02407989289e-06, 4.29499732491e-06, 1.33569528771e-06, 1.77835545401e-07, 4.16152694527e-08, 9.20859619669e-08, 4.65948843953e-08, 4.60721985007e-08, 5.31005177606e-08, 2.24256631043e-08, 4.95479071105e-08, 4.94972276499e-08, 3.24985109046e-07, 1.28411571154e-07, 1.32560117549e-07, 1.85986550605e-07, 9.1089027876e-08, 6.60622703208e-08, 9.62626955925e-08, 2.86946733041e-09, 7.62538296395e-12], "mean": [0.000247837218922, 0.00870611611754, 0.00270013744012, 0.00496720056981, 0.00874603260309, 0.00225476990454, 0.000762755284086, 0.00080641603563, 0.000596710073296, 0.000523974420503, 0.000167922727996, 0.000261078763288, 0.000187305457075, 0.000170571613126, 0.000178524525836, 0.000232444261201, 0.000389629974961, 0.000408207764849, 0.00122556090355, 0.000611971016042, 0.000728402403183, 0.00051240529865, 0.000353245384758, 0.000265300273895, 0.000237670814386, 3.14602293656e-05, 1.75040031536e-06]}, "erbbands_skewness": {"dmean2": 0.501457929611, "median": -0.431815236807, "min": -1.7463542223, "dvar2": 0.157382637262, "dvar": 0.0597455278039, "dmean": 0.30146664381, "max": 2.1599047184, "var": 0.181832045317, "mean": -0.409515410662}, "erbbands_spread": {"dmean2": 18.0482330322, "median": 70.0219497681, "min": 24.277053833, "dvar2": 217.851837158, "dvar": 81.4705047607, "dmean": 10.9434127808, "max": 130.808654785, "var": 201.400650024, "mean": 70.2904129028}, "melbands_kurtosis": {"dmean2": 18.3606700897, "median": 16.1140556335, "min": -1.38979959488, "dvar2": 357.916595459, "dvar": 139.872756958, "dmean": 11.2885284424, "max": 313.46383667, "var": 227.276367188, "mean": 19.6741085052}, "melbands": {"dmean2": [0.00346682523377, 0.0031577530317, 0.00320238480344, 0.00240674056113, 0.000969692948274, 0.000388979242416, 0.00018227333203, 0.000141646392876, 0.000166124518728, 8.0256468209e-05, 8.82774838828e-05, 4.12178778788e-05, 2.25134190259e-05, 2.59829921561e-05, 2.22197595576e-05, 1.56479127327e-05, 1.35738309837e-05, 1.42954986586e-05, 1.04016016849e-05, 1.08192525659e-05, 1.46432630572e-05, 1.73925873241e-05, 1.50254818436e-05, 1.19816804727e-05, 2.02004448511e-05, 3.7723864807e-05, 2.33000155276e-05, 8.0931267803e-06, 1.33329749588e-05, 8.7486960183e-06, 7.96157382865e-06, 6.56899464957e-06, 5.26518351762e-06, 3.94447943108e-06, 2.59198372987e-06, 2.70707482741e-06, 1.88987417005e-06, 1.35722621053e-06, 8.28144607112e-07, 1.26373197418e-06], "median": [0.000785190728493, 0.00122525624465, 0.00150047952775, 0.00148435146548, 0.0007622729172, 0.000300856423564, 0.000117221410619, 4.6113247663e-05, 2.44402290264e-05, 3.4297019738e-05, 6.63709943183e-05, 3.41427876265e-05, 1.71997708094e-05, 1.81503000931e-05, 1.63789427461e-05, 1.32125405798e-05, 1.21431803564e-05, 1.32607356136e-05, 1.07370979094e-05, 1.15265265777e-05