{"metadata": {"tags": {"replaygain_track_peak": ["0.999969"], "genre": ["Rap & Hip-Hop"], "album": ["Turntable Torture"], "musicbrainz album type": ["compilation"], "script": ["Latn"], "albumartistsort": ["Rectangle, DJ"], "musicbrainz album release country": ["US"], "musicbrainz_artistid": ["a6a4c910-2b22-4a6f-aebe-805b176c47b8/c2d25856-a09a-4d15-b404-77dd19c19e63"], "musicbrainz_recordingid": ["0a55c303-5b5f-4d1a-b4f2-077e57656209"], "albumartist": ["DJ Rectangle"], "originaldate": ["2002"], "musicbrainz album status": ["official"], "artist": ["Fat Joe"], "musicbrainz_albumid": ["0d6fb3b3-0893-4165-aaaf-85e2ce7fc602"], "discnumber": ["1/1"], "title": ["We Thuggin' (feat. R. Kelly)"], "tracknumber": ["42/48"], "musicbrainz_albumartistid": ["901fc9df-8e2f-4d9c-8e5a-d9b67afc7823"], "replaygain_album_gain": ["-8.39 dB"], "replaygain_track_gain": ["-9.07 dB"], "artistsort": ["Fat Joe feat. Kelly, R."], "date": ["2002"], "file_name": "42-Fat Joe-We Thuggin' (feat. R. Kelly).mp3"}, "audio_properties": {"sample_rate": 44100, "downmix": "mix", "lossless": false, "analysis_sample_rate": 44100, "md5_encoded": "c6156e0e59cf1da3070899470207f056", "equal_loudness": 0, "replay_gain": -10.8860092163, "codec": "mp3", "bit_rate": 192000, "length": 167.235916138}, "version": {"extractor": "music 1.0", "essentia_build_sha": "ca57ba49d9b1854bd80e60cf9ccf267278fb7d6b", "essentia_git_sha": "v2.1_beta1-28-g21ef5f4-dirty", "essentia": "2.1-beta1"}}, "rhythm": {"beats_loudness_band_ratio": {"dvar2": [0.105262257159, 0.0680060610175, 0.0556209944189, 0.0187281426042, 0.0179629195482, 0.019779201597], "var": [0.0983498468995, 0.0379009582102, 0.020110104233, 0.00672374526039, 0.00529607385397, 0.00695904204622], "min": [0.00391019880772, 0.00304461899213, 0.00206125318073, 0.00189570919611, 0.00332299666479, 0.00370271480642], "dmean": [0.298090159893, 0.182788804173, 0.145119458437, 0.0738145336509, 0.0593654252589, 0.0672051459551], "mean": [0.442696511745, 0.235973626375, 0.143988832831, 0.0767393112183, 0.0648896098137, 0.0816606357694], "max": [0.974415481091, 0.816304206848, 0.701135337353, 0.532463669777, 0.504681169987, 0.545849144459], "dmean2": [0.519740462303, 0.315277904272, 0.26155346632, 0.131561264396, 0.105189599097, 0.118947990239], "median": [0.409362971783, 0.184585809708, 0.0988890379667, 0.0490454398096, 0.0451190024614, 0.0559939332306], "dvar": [0.0547359660268, 0.0268507748842, 0.019120298326, 0.00687775947154, 0.0062419064343, 0.00695311604068]}, "bpm_histogram_first_peak_weight": {"dvar2": 0, "var": 0, "min": 0.829710125923, "dmean": 0, "mean": 0.829710125923, "max": 0.829710125923, "dmean2": 0, "median": 0.829710125923, "dvar": 0}, "bpm": 99.46509552, "beats_count": 277, "bpm_histogram_first_peak_spread": {"dvar2": 0, "var": 0, "min": 0.158088207245, "dmean": 0, "mean": 0.158088207245, "max": 0.158088207245, "dmean2": 0, "median": 0.158088207245, "dvar": 0}, "danceability": 1.2671006918, "bpm_histogram_first_peak_bpm": {"dvar2": 0, "var": 0, "min": 99, "dmean": 0, "mean": 99, "max": 99, "dmean2": 0, "median": 99, "dvar": 0}, "beats_position": [0.53405892849, 1.09133780003, 1.64861679077, 2.21750569344, 2.7863945961, 3.39011335373, 3.99383211136, 4.59755086899, 5.20126962662, 5.81659841537, 6.43192720413, 7.03564596176, 7.63936471939, 8.24308395386, 8.84680271149, 9.45052146912, 10.0542402267, 10.6579589844, 11.261677742, 11.8653964996, 12.4691152573, 13.084444046, 13.6997728348, 14.3034915924, 14.90721035, 15.5109291077, 16.114648819, 16.7183666229, 17.3220863342, 17.9258041382, 18.5295238495, 19.1332416534, 19.7369613647, 20.3406791687, 20.94439888, 21.548116684, 22.1518363953, 22.7787742615, 23.3824939728, 23.9862117767, 24.589931488, 25.1936511993, 25.7973690033, 26.4010887146, 27.0048065186, 27.6085262299, 28.2122440338, 28.8159637451, 29.4080715179, 30.0234012604, 30.6271190643, 31.2308387756, 31.8229465485, 32.4266662598, 33.0303840637, 33.6341018677, 34.2262115479, 34.8299331665, 35.422039032, 36.0257606506, 36.6178665161, 37.2215881348, 37.8253059387, 38.4290237427, 39.0327415466, 39.6364631653, 40.2401809692, 40.8438987732, 41.4476165771, 42.0513381958, 42.6434440613, 43.2471656799, 43.8392753601, 44.4429931641, 45.046710968, 45.650428772, 46.2541503906, 46.8694763184, 47.4615859985, 48.0653038025, 48.6690254211, 49.2727432251, 49.8764610291, 50.480178833, 51.0839004517, 51.6876182556, 52.2913360596, 52.8950538635, 53.4871635437, 54.0908851624, 54.6829910278, 55.2867126465, 55.8904304504, 56.5057601929, 57.0978660583, 57.701587677, 58.305305481, 58.9090232849, 59.5127410889, 60.1164627075, 60.7201805115, 61.3238983154, 61.9276161194, 62.531337738, 63.1234474182, 63.7271652222, 64.3308868408, 64.9229888916, 65.5267105103, 66.142036438, 66.7341461182, 67.3378677368, 67.9415893555, 68.5453033447, 69.1490249634, 69.7527389526, 70.3564605713, 70.9601821899, 71.5638961792, 72.1676177979, 72.7713394165, 73.3750534058, 73.9671630859, 74.5592727661, 75.1629943848, 75.766708374, 76.3704299927, 76.9741516113, 77.5778656006, 78.1815872192, 78.7853012085, 79.3890228271, 79.9927444458, 80.5964584351, 81.2001800537, 81.8039016724, 82.4076156616, 83.0113372803, 83.6150588989, 84.2303848267, 84.8341064453, 85.449432373, 86.0647583008, 86.6800918579, 87.3070297241, 87.9107437134, 88.514465332, 89.1297912598, 89.7219009399, 90.3372344971, 90.9409484863, 91.5562820435, 92.1483917236, 92.7404937744, 93.3326034546, 93.9479370117, 94.5400466919, 95.1437606812, 95.7358703613, 96.33959198, 96.9433059692, 97.5470275879, 98.1507492065, 98.7544631958, 99.3581848145, 99.9619064331, 100.565620422, 101.169342041, 101.761451721, 102.376777649, 102.980499268, 103.584213257, 104.176322937, 104.780044556, 105.372154236, 105.975868225, 106.579589844, 107.183311462, 107.787025452, 108.402359009, 108.994468689, 109.598182678, 110.201904297, 110.817230225, 111.409339905, 112.013061523, 112.616775513, 113.220497131, 113.812606812, 114.404716492, 115.008430481, 115.6121521, 116.227478027, 116.819587708, 117.423309326, 118.027030945, 118.630744934, 119.234466553, 119.838180542, 120.441902161, 121.045623779, 121.649337769, 122.241447449, 122.845169067, 123.437278748, 124.040992737, 124.644714355, 125.248435974, 125.852149963, 126.455871582, 127.059593201, 127.686531067, 128.290252686, 128.917190552, 129.520904541, 130.12461853, 130.728347778, 131.332061768, 131.935775757, 132.539505005, 133.143218994, 133.746932983, 134.350662231, 134.954376221, 135.55809021, 136.161804199, 136.765533447, 137.369247437, 137.972961426, 138.576690674, 139.157180786, 139.760910034, 140.364624023, 140.968338013, 141.572067261, 142.17578125, 142.779495239, 143.383224487, 143.986938477, 144.590652466, 145.194366455, 145.798095703, 146.401809692, 147.005523682, 147.60925293, 148.212966919, 148.805084229, 149.408798218, 150.000900269, 150.604629517, 151.208343506, 151.812057495, 152.415786743, 153.019500732, 153.623214722, 154.226928711, 154.830657959, 155.434371948, 156.038085938, 156.641815186, 157.245529175, 157.849243164, 158.441360474, 159.045074463, 159.637191772, 160.240905762, 160.844619751, 161.459945679, 162.063674927, 162.679000854, 163.282714844, 163.874832153, 164.466934204, 165.070648193, 165.674377441, 166.278091431, 166.88180542], "beats_loudness": {"dvar2": 0.00380957825109, "var": 0.00245299516246, "min": 0.00417559221387, "dmean": 0.0450299158692, "mean": 0.065575376153, "max": 0.255289644003, "dmean2": 0.0756074562669, "median": 0.0503648743033, "dvar": 0.00161229458172}, "bpm_histogram_second_peak_weight": {"dvar2": 0, "var": 0, "min": 0.00724637694657, "dmean": 0, "mean": 0.00724637694657, "max": 0.00724637694657, "dmean2": 0, "median": 0.00724637694657, "dvar": 0}, "bpm_histogram_second_peak_spread": {"dvar2": 0, "var": 0, "min": 0.5, "dmean": 0, "mean": 0.5, "max": 0.5, "dmean2": 0, "median": 0.5, "dvar": 0}, "bpm_histogram_second_peak_bpm": {"dvar2": 0, "var": 0, "min": 105, "dmean": 0, "mean": 105, "max": 105, "dmean2": 0, "median": 105, "dvar": 0}, "onset_rate": 4.63368940353}, "lowlevel": {"spectral_energyband_high": {"dvar2": 8.96660594663e-07, "var": 1.06546428924e-06, "min": 1.32504718309e-09, "dmean": 0.00041104236152, "mean": 0.000687981490046, "max": 0.00703006098047, "dmean2": 0.000549997319467, "median": 0.000245918752626, "dvar": 4.72255464956e-07}, "spectral_energyband_middle_low": {"dvar2": 0.000335809134413, "var": 0.000323737593135, "min": 5.80562042884e-10, "dmean": 0.00904407445341, "mean": 0.0150759853423, "max": 0.245997011662, "dmean2": 0.0135030662641, "median": 0.00894112698734, "dvar": 0.000154334615218}, "spectral_energy": {"dvar2": 0.00235913530923, "var": 0.00194160745014, "min": 4.75566031e-09, "dmean": 0.02146060206, "mean": 0.0411920100451, "max": 0.383730113506, "dmean2": 0.0327428244054, "median": 0.0266676656902, "dvar": 0.000987522769719}, "spectral_spread": {"dvar2": 570467352576, "var": 918346137600, "min": 1236992.625, "dmean": 559554.5, "mean": 4031216, "max": 23149162, "dmean2": 834762.875, "median": 4024016.5, "dvar": 280704548864}, "spectral_energyband_low": {"dvar2": 0.0018577077426, "var": 0.00109389657155, "min": 4.426209399e-11, "dmean": 0.0129152890295, "mean": 0.019424000755, "max": 0.326089471579, "dmean2": 0.0205538813025, "median": 0.00407690834254, "dvar": 0.000743013515603}, "spectral_rolloff": {"dvar2": 65241956, "var": 40244812, "min": 21.533203125, "dmean": 2346.65356445, "mean": 3549.14306641, "max": 22050, "dmean2": 4251.44873047, "median": 882.861328125, "dvar": 27565158}, "barkbands": {"dvar2": [0.000783633324318, 0.000985439517535, 7.66565935919e-05, 7.06047503627e-05, 0.000136303977342, 7.24883502699e-05, 1.64482826222e-05, 2.27650107263e-05, 1.62684573297e-05, 4.69857741336e-06, 2.72497959486e-06, 1.94730614567e-06, 4.89499484502e-07, 1.18128002669e-06, 4.22157512503e-07, 3.12475435749e-07, 7.91335310169e-07, 1.79242931608e-07, 4.45239543012e-08, 4.98168404306e-08, 5.52927161834e-08, 7.81427722529e-09, 1.80588954901e-09, 2.76944289723e-09, 5.06770216069e-11, 1.2105416225e-08, 3.85913637047e-07], "var": [0.000460464390926, 0.000391663284972, 3.14750614052e-05, 4.3249954615e-05, 9.1055262601e-05, 4.35232250311e-05, 9.18963542063e-06, 1.1666975297e-05, 7.90155445429e-06, 2.41157340497e-06, 1.31431386308e-06, 1.20956963201e-06, 2.76739001492e-07, 4.77900812257e-07, 2.67529600251e-07, 2.03589351599e-07, 8.10810661278e-07, 1.30119559572e-07, 3.95089791994e-08, 5.25673691243e-08, 5.20188940811e-08, 7.78629694054e-09, 1.66601010765e-09, 2.60674770658e-09, 2.0816761509e-11, 1.2766339097e-08, 3.17802289374e-07], "min": [5.59243298372e-13, 7.71725652132e-12, 3.13057149648e-11, 8.75554836965e-12, 1.53064436126e-10, 3.257201453e-11, 8.63259255746e-11, 4.21286061592e-11, 1.61843649593e-10, 3.69438646342e-10, 9.5504673614e-11, 6.03778971264e-11, 7.0273947772e-10, 1.72197478499e-10, 1.36171504628e-10, 3.72199319976e-11, 9.4229200831e-11, 1.77389464229e-10, 6.7089674094e-11, 1.69314104403e-10, 9.37954158786e-11, 4.26613466775e-11, 7.69000071954e-11, 1.15808314327e-10, 1.41042646312e-12, 1.26109234166e-10, 8.79939399123e-10], "dmean": [0.0073707010597, 0.00692106503993, 0.00239923177287, 0.00217269524001, 0.00400604261085, 0.00270094000734, 0.00111017003655, 0.00124143098947, 0.00113672739826, 0.000627909554169, 0.000473811320262, 0.000426965940278, 0.000235237734159, 0.000305233348627, 0.000228919976507, 0.000188603837159, 0.00024484450114, 0.000115889852168, 7.13990229997e-05, 8.70825533639e-05, 9.4703907962e-05, 3.47709210473e-05, 1.63041313499e-05, 1.9198814698e-05, 2.26866973208e-06, 4.20845826739e-05, 0.00022078207985], "mean": [0.00927525386214, 0.00913449563086, 0.00233789090998, 0.00243221479468, 0.00521883927286, 0.00316313840449, 0.00137587299105, 0.00137150066439, 0.00126807612833, 0.000742684409488, 0.00055416917894, 0.00054747168906, 0.000328412803356, 0.000367910746718, 0.000314192933729, 0.000268128031166, 0.000383891252568, 0.000168174345163, 0.000103864156699, 0.000130375789013, 0.000142030432471, 5.16994550708e-05, 2.34158815147e-05, 2.52123463724e-05, 2.13810244531e-06, 5.81289350521e-05, 0.00037063768832], "max": [0.265509217978, 0.2313400805, 0.123350337148, 0.113291963935, 0.231328845024, 0.117181554437, 0.0495871193707, 0.0466875433922, 0.0495722517371, 0.0228888019919, 0.0204944591969, 0.0170706361532, 0.0088529875502, 0.00847814418375, 0.0073454612866, 0.00541845988482, 0.0104852281511, 0.00544137554243, 0.00283124973066, 0.00293263420463, 0.00197818735614, 0.00127368920948, 0.000723777979147, 0.000997690483928, 8.97546124179e-05, 0.00117451453116, 0.00472607836127], "dmean2": [0.0118956454098, 0.011711855419, 0.00394170312211, 0.00336264213547, 0.0062652551569, 0.00424452172592, 0.00177052803338, 0.00201766495593, 0.00184791837819, 0.00100452627521, 0.000772037252318, 0.000662883045152, 0.000371685164282, 0.000499592802953, 0.00036059867125, 0.000296971207717, 0.000367801374523, 0.000173814143636, 0.000106261955807, 0.000124010999571, 0.00013365902123, 4.87471297674e-05, 2.31532740145e-05, 2.69893716904e-05, 3.78209233531e-06, 5.76936581638e-05, 0.000310155941406], "median": [0.000230379839195, 0.000639348407276, 0.000513114966452, 0.000448530743597, 0.00182297406718, 0.000925866537727, 0.000378829194233, 0.000253545353189, 0.000290214025881, 0.000185906741535, 0.000124419981148, 0.000149225757923, 0.000152126187459, 0.00012854221859, 0.000131668610265, 0.000103032820334, 8.91618838068e-05, 5.09118981427e-05, 3.25929613609e-05, 4.35653346358e-05, 4.41748161393e-05, 1.7067486624e-05, 6.90310571372e-06, 4.48251375929e-06, 5.75290869165e-07, 1.06205607153e-05, 0.000159388087923], "dvar": [0.000317423371598, 0.00036377098877, 3.09176612063e-05, 3.17287776852e-05, 5.97863509029e-05, 3.1622723327e-05, 6.56395559417e-06, 9.35758816922e-06, 6.49482035442e-06, 1.92213406081e-06, 1.07847517938e-06, 8.24882590678e-07, 1.95707499984e-07, 4.48091412864e-07, 1.77670543167e-07, 1.33308205363e-07, 4.00160558911e-07, 8.16839715867e-08, 2.15987210339e-08, 2.53642173931e-08, 2.69043134438e-08, 3.93570376289e-09, 9.10564013079e-10, 1.47192147359e-09, 2.05328219705e-11, 6.4247291931e-09, 1.77782908395e-07]}, "melbands_skewness": {"dvar2": 6.4775557518, "var": 6.46694326401, "min": -2.42371845245, "dmean": 1.35088419914, "mean": 2.98876595497, "max": 29.6229381561, "dmean2": 2.08603096008, "median": 2.43709087372, "dvar": 2.86960124969}, "barkbands_skewness": {"dvar2": 3.33652281761, "var": 4.08661699295, "min": -2.19531202316, "dmean": 1.09315335751, "mean": 2.50291395187, "max": 17.2593784332, "dmean2": 1.67228198051, "median": 2.14569044113, "dvar": 1.51540195942}, "erbbands": {"dvar2": [3.13021206856, 21.1887569427, 70.891418457, 420.328552246, 451.442352295, 2042.01794434, 9234.28808594, 3584.72705078, 3830.33251953, 4023.66552734, 12246.4189453, 8470.33203125, 5763.67431641, 3642.77587891, 3317.74389648, 2664.48950195, 952.251586914, 2102.72875977, 1751.10339355, 920.065795898, 1528.64099121, 1630.60583496, 563.952697754, 147.943954468, 110.461845398, 109.625617981, 136.388198853, 55.9532623291, 11.4183034897, 3.20781707764, 1.31551134586, 1.08629119396, 0.832118570805, 0.0101696494967, 0.0024790961761, 0.0553819127381, 0.0666199922562, 0.0189284924418, 0.00460449466482, 0.000157132424647], "var": [1.38364732265, 6.66514873505, 26.5726909637, 240.789306641, 240.153930664, 1156.42883301, 6624.515625, 1573.68664551, 2062.41381836, 2098.74047852, 6311.35693359, 4039.95605469, 2849.59399414, 2022.05786133, 1847.40478516, 1624.62939453, 556.596191406, 950.528808594, 971.971252441, 513.250549316, 1590.66186523, 1446.45715332, 451.95300293, 139.898132324, 104.442245483, 115.423080444, 118.25378418, 53.3767585754, 11.9548854828, 3.06267261505, 1.20687484741, 0.988213896751, 0.73379945755, 0.00663390103728, 0.00114726717584, 0.0484693236649, 0.0674983710051, 0.0209263414145, 0.00476751057431, 0.000117837582366], "min": [9.14361711346e-11, 2.67915400975e-09, 2.88095129974e-08, 3.9865369672e-08, 2.02831813567e-07, 7.16545855539e-07, 2.01154904289e-07, 3.92756021483e-07, 1.26689894842e-06, 7.28299198727e-07, 1.56183455147e-06, 3.11590133606e-06, 8.32749992696e-06, 1.11784011096e-05, 3.57771978088e-06, 6.10081406194e-06, 3.55147167284e-05, 1.01592095234e-05, 4.78151059724e-06, 7.99356530479e-06, 3.84181112167e-06, 4.0042737055e-06, 7.48927959648e-06, 7.08663992555e-06, 5.44479189557e-06, 8.38907089928e-06, 3.6164174162e-06, 3.53341488335e-06, 2.01461079996e-06, 2.00102908821e-06, 1.8281367602e-06, 2.30782848121e-06, 1.78305037934e-06, 1.81890982276e-07, 2.98692839351e-08, 3.54780610223e-07, 2.32555393609e-07, 2.03835526236e-07, 1.51264273995e-07, 1.53580153039e-08], "dmean": [0.397165745497, 0.926705896854, 2.24879455566, 5.83749198914, 6.53672552109, 13.8837146759, 31.2372207642, 16.9404087067, 16.5594673157, 17.0511379242, 29.1779556274, 26.2163467407, 20.490852356, 18.5714073181, 17.1397819519, 16.0004482269, 10.4321231842, 13.3401641846, 13.9549055099, 10.4029960632, 11.4914655685, 11.5525407791, 6.88710069656, 3.96169471741, 3.66236829758, 4.12237787247, 4.61320352554, 2.91594099998, 1.35617756844, 0.731731593609, 0.425546199083, 0.36719250679, 0.328670412302, 0.0419680289924, 0.0177373625338, 0.0869138389826, 0.0957149639726, 0.0564639605582, 0.0282921269536, 0.00416544079781], "mean": [0.549941897392, 1.05174124241, 2.27666831017, 6.60409259796, 8.25633811951, 17.4917621613, 36.7912750244, 19.91522789, 20.4636955261, 21.358953476, 32.5152587891, 29.4295921326, 24.4604225159, 23.5747661591, 22.1001834869, 21.3251781464, 15.2698020935, 18.0733203888, 18.9428710938, 14.676527977, 18.6962795258, 18.4156131744, 10.4299850464, 5.93165874481, 5.44314336777, 6.19099617004, 6.81801462173, 4.29501152039, 2.02909660339, 1.07557606697, 0.612698197365, 0.488124191761, 0.420162409544, 0.0502650737762, 0.0192653015256, 0.109951928258, 0.12917432189, 0.0860994309187, 0.0459785535932, 0.0073780096136], "max": [13.6848106384, 40.8858566284, 98.7386322021, 214.305557251, 305.525695801, 925.928405762, 1288.47131348, 934.578613281, 722.984558105, 762.618652344, 1148.01721191, 1061.39343262, 923.433776855, 583.33416748, 795.841308594, 605.885375977, 398.279876709, 353.014465332, 439.262908936, 443.313232422, 503.259429932, 440.210845947, 306.659240723, 126.711830139, 127.335746765, 153.040542603, 93.8999099731, 85.4510345459, 41.2455291748, 22.9856090546, 19.1357307434, 19.5598659515, 15.210729599, 1.34881567955, 0.638008654118, 2.02818703651, 3.06561303139, 1.27295553684, 0.44702655077, 0.0915791839361], "dmean2": [0.671728312969, 1.59015977383, 3.72735881805, 9.06482887268, 10.3234291077, 22.0614471436, 47.3501281738, 27.486240387, 26.609577179, 26.9391860962, 46.651763916, 42.4759292603, 32.6638450623, 29.4611701965, 26.9263057709, 25.003900528, 16.2337245941, 21.4830551147, 21.8326873779, 16.4600887299, 17.150144577, 17.359916687, 10.1394510269, 5.80341291428, 5.32262992859, 5.89146518707, 6.65157699585, 4.13497161865, 1.90229833126, 1.02745866776, 0.608677506447, 0.518554985523, 0.469032406807, 0.0648319870234, 0.0286862626672, 0.124809831381, 0.1315433532, 0.0759138464928, 0.0389884747565, 0.00598439387977], "median": [0.0206740684807, 0.147377371788, 0.606961250305, 1.47645664215, 2.62444162369, 5.96271324158, 9.2639837265, 6.68141841888, 5.65676355362, 6.34919548035, 5.93073940277, 7.15079498291, 6.78885746002, 5.77719497681, 5.82210445404, 6.3530921936, 7.36559104919, 8.33724498749, 7.83787345886, 6.64430046082, 6.09550189972, 5.18616104126, 3.42750883102, 1.86795663834, 1.77232789993, 2.06346654892, 2.15899419785, 1.32540798187, 0.672329604626, 0.339810311794, 0.177721902728, 0.104091532528, 0.0659746453166, 0.0159918181598, 0.00723289418966, 0.0162356123328, 0.0222953725606, 0.0239175334573, 0.0166058372706, 0.0037818220444], "dvar": [1.15547025204, 7.70206022263, 27.7095985413, 185.131454468, 180.096008301, 864.678405762, 4324.62451172, 1411.37902832, 1533.58117676, 1607.60632324, 5043.1875, 3407.60986328, 2311.31445312, 1451.04931641, 1370.60534668, 1104.15368652, 386.252258301, 805.184204102, 704.114257812, 378.580291748, 785.59942627, 768.683227539, 263.348480225, 74.9412841797, 54.4960746765, 56.0535888672, 64.3839035034, 27.6551094055, 5.84267282486, 1.59837937355, 0.670085847378, 0.570449888706, 0.429410964251, 0.00459378492087, 0.00102174037602, 0.0276821888983, 0.034740101546, 0.0100090373307, 0.00226903567091, 7.01480530552e-05]}, "silence_rate_30dB": {"dvar2": 0.140812709928, "var": 0.0719216912985, "min": 0, "dmean": 0.0660835728049, "mean": 0.921987771988, "max": 1, "dmean2": 0.13218550384, "median": 1, "dvar": 0.0617140047252}, "melbands_spread": {"dvar2": 505.822387695, "var": 509.36730957, "min": 0.0916044265032, "dmean": 9.54507446289, "mean": 19.7498130798, "max": 181.452026367, "dmean2": 14.6612672806, "median": 12.3902616501, "dvar": 233.806015015}, "melbands_crest": {"dvar2": 48.3543968201, "var": 67.6552505493, "min": 2.55784654617, "dmean": 5.19852590561, "mean": 17.8387832642, "max": 39.4768867493, "dmean2": 8.38829803467, "median": 16.3134918213, "dvar": 20.6094551086}, "zerocrossingrate": {"dvar2": 0.00148875766899, "var": 0.00815849378705, "min": 0.009765625, "dmean": 0.0329155661166, "mean": 0.136018320918, "max": 0.67822265625, "dmean2": 0.038748729974, "median": 0.109375, "dvar": 0.00120810512453}, "barkbands_kurtosis": {"dvar2": 1325.81982422, "var": 798.566345215, "min": -1.71933245659, "dmean": 10.998041153, "mean": 14.6882200241, "max": 406.374145508, "dmean2": 17.6076755524, "median": 6.37526798248, "dvar": 568.212463379}, "spectral_flux": {"dvar2": 0.00514285452664, "var": 0.00455029029399, "min": 6.89612934366e-05, "dmean": 0.0411489009857, "mean": 0.114787772298, "max": 0.523585379124, "dmean2": 0.0663948580623, "median": 0.103023253381, "dvar": 0.00219214125536}, "barkbands_crest": {"dvar2": 24.4388885498, "var": 22.3709506989, "min": 2.37477111816, "dmean": 3.6896071434, "mean": 11.3362903595, "max": 25.3091316223, "dmean2": 6.10679864883, "median": 10.7914791107, "dvar": 9.71653175354}, "barkbands_flatness_db": {"dvar2": 0.0025701825507, "var": 0.00414894707501, "min": 0.0287668965757, "dmean": 0.0369377844036, "mean": 0.153811529279, "max": 0.503161251545, "dmean2": 0.0568719953299, "median": 0.147092103958, "dvar": 0.00111937872134}, "spectral_entropy": {"dvar2": 0.121056303382, "var": 0.231020063162, "min": 5.08596372604, "dmean": 0.251792550087, "mean": 7.42193126678, "max": 8.75502204895, "dmean2": 0.366921424866, "median": 7.49105882645, "dvar": 0.0601063109934}, "pitch_salience": {"dvar2": 0.0219213608652, "var": 0.0266207735986, "min": 0.0457179620862, "dmean": 0.10933124274, "mean": 0.532051682472, "max": 0.8860861063, "dmean2": 0.178012892604, "median": 0.556290745735, "dvar": 0.00905977841467}, "erbbands_spread": {"dvar2": 249.327026367, "var": 269.314849854, "min": 2.13644742966, "dmean": 10.3732357025, "mean": 31.4505329132, "max": 111.968765259, "dmean2": 16.0732860565, "median": 28.6946182251, "dvar": 113.508369446}, "dynamic_complexity": 3.11928319931, "spectral_contrast_valleys": {"dvar2": [0.503201842308, 0.410384863615, 0.352715432644, 0.262461334467, 0.329568862915, 0.747409284115], "var": [1.36879920959, 0.856021404266, 0.768896281719, 0.609148144722, 0.752948582172, 0.882968187332], "min": [-15.9036979675, -14.3188705444, -13.7840099335, -14.2954540253, -14.3100662231, -17.2725887299], "dmean": [0.535648822784, 0.508477210999, 0.47082722187, 0.38226249814, 0.409926623106, 0.626533150673], "mean": [-7.45054864883, -6.66309785843, -7.2311463356, -7.58780384064, -7.73351144791, -11.0943422318], "max": [-4.88721036911, -4.46403408051, -5.02200889587, -5.64644956589, -5.69070291519, -8.95015048981], "dmean2": [0.821319460869, 0.762426972389, 0.688157141209, 0.544202923775, 0.554037570953, 0.955960452557], "median": [-7.40003299713, -6.53993988037, -7.15716934204, -7.49950838089, -7.68603420258, -10.9953708649], "dvar": [0.250601172447, 0.210465356708, 0.180116862059, 0.140551522374, 0.171592965722, 0.308730721474]}, "hfc": {"dvar2": 1787.38476562, "var": 2280.39135742, "min": 4.12347435486e-05, "dmean": 19.7950706482, "mean": 43.5828361511, "max": 497.617034912, "dmean2": 28.0164051056, "median": 29.080619812, "dvar": 873.931884766}, "spectral_kurtosis": {"dvar2": 47.3853187561, "var": 45.7005691528, "min": 2.72162389755, "dmean": 3.75677204132, "mean": 13.9120664597, "max": 96.5540771484, "dmean2": 5.67488050461, "median": 12.3343582153, "dvar": 18.8369140625}, "mfcc": {"mean": [-683.23638916, 147.699493408, -11.6384801865, 30.6906375885, -3.84630990028, 14.15928936, -7.02625894547, -0.600600421429, -0.169345125556, 0.893933773041, -8.20112323761, 4.34204673767, -6.10622406006], "cov": [[5643.15380859, -263.881744385, -262.537841797, 58.8690910339, -26.0973644257, -105.834518433, -84.1758880615, 175.477081299, -66.6533508301, 100.313156128, -125.606086731, 226.936248779, -170.86038208], [-263.881744385, 1733.21630859, 146.131942749, -403.257263184, 40.0853767395, -15.7681932449, -33.8397254944, -65.4978179932, 44.8688163757, -72.3566665649, 92.9692230225, -128.546539307, 89.7628555298], [-262.537841797, 146.131942749, 581.21472168, 103.075622559, 21.0196914673, -2.87092232704, 37.4302978516, -42.0884361267, 33.7019958496, 37.6464195251, 83.1420669556, -14.3961181641, 37.4968757629], [58.8690910339, -403.257263184, 103.075622559, 388.964813232, 64.9699249268, 40.5499992371, 23.6568012238, 8.15498065948, -3.71138453484, 49.5704345703, 10.5496530533, 75.6302261353, -5.69682693481], [-26.0973644257, 40.0853767395, 21.0196914673, 64.9699249268, 301.086975098, 100.780403137, 102.593887329, 78.2521896362, 36.9642372131, 9.79809856415, 38.7451019287, 36.1591453552, 53.8091163635], [-105.834518433, -15.7681932449, -2.87092232704, 40.5499992371, 100.780403137, 258.007232666, 185.534469604, 99.212020874, 23.356502533, -2.9219622612, -15.8858203888, -13.016699791, 18.8139057159], [-84.1758880615, -33.8397254944, 37.4302978516, 23.6568012238, 102.593887329, 185.534469604, 320.881469727, 157.508895874, 60.1638298035, 2.96209836006, -6.65395641327, -5.21195983887, 36.0372085571], [175.477081299, -65.4978179932, -42.0884361267, 8.15498065948, 78.2521896362, 99.212020874, 157.508895874, 224.391708374, 80.0615005493, 27.3212871552, -6.14559698105, 23.2588672638, 20.3056621552], [-66.6533508301, 44.8688163757, 33.7019958496, -3.71138453484, 36.9642372131, 23.356502533, 60.1638298035, 80.0615005493, 135.044494629, 55.1251792908, 36.5062026978, 17.2205257416, 24.5078735352], [100.313156128, -72.3566665649, 37.6464195251, 49.5704345703, 9.79809856415, -2.9219622612, 2.96209836006, 27.3212871552, 55.1251792908, 127.154258728, 63.9482765198, 41.9587554932, 5.86927843094], [-125.606086731, 92.9692230225, 83.1420669556, 10.5496530533, 38.7451019287, -15.8858203888, -6.65395641327, -6.14559698105, 36.5062026978, 63.9482765198, 139.120666504, 58.792049408, 37.9718894958], [226.936248779, -128.546539307, -14.3961181641, 75.6302261353, 36.1591453552, -13.016699791, -5.21195983887, 23.2588672638, 17.2205257416, 41.9587554932, 58.792049408, 141.542251587, 27.7496852875], [-170.86038208, 89.7628555298, 37.4968757629, -5.69682693481, 53.8091163635, 18.8139057159, 36.0372085571, 20.3056621552, 24.5078735352, 5.86927843094, 37.9718894958, 27.7496852875, 94.263671875]], "icov": [[0.000252718396951, -9.13227340789e-05, -2.22107792069e-05, 5.8682893723e-05, -6.48110508337e-05, 0.000139068608405, 3.5180724808e-05, -0.000325701432303, 0.000342341983924, -0.000420702563133, 0.000571023963857, -0.000696711067576, 0.000535632309038], [-9.13227340789e-05, 0.00103276164737, -0.000244357885094, 0.000909282476641, -0.000220619287575, -0.000265205453616, 0.000286672933726, 0.000318701495416, -0.000533600745257, 0.000791354803368, -0.00106859568041, 0.00098841811996, -0.000767260673456], [-2.22107792069e-05, -0.000244357885094, 0.00238038180396, -0.00115725235082, 0.00023929195595, 0.000409045926062, -0.00076255510794, 0.00074485182995, -0.00046183145605, 2.83991485048e-05, -0.0014923568815, 0.00127929833252, -0.000568693212699], [5.8682893723e-05, 0.000909282476641, -0.00115725235082, 0.00454684533179, -0.00100723607466, -0.000786600750871, 0.000300471845549, 0.000490427773912, 0.000436617614469, -0.00112559960689, 0.00110407732427, -0.00199290574528, 0.000585571338888], [-6.48110508337e-05, -0.000220619287575, 0.00023929195595, -0.00100723607466, 0.00470737181604, -0.00117880303878, -0.000231481768424, -0.000783163646702, -0.000262176909018, 0.000916965887882, -0.0013257508399, -8.29279597383e-05, -0.0016885829391], [0.000139068608405, -0.000265205453616, 0.000409045926062, -0.000786600750871, -0.00117880303878, 0.00743014318869, -0.00376978446729, -0.0006957242731, 0.00108118529897, -0.000638658471871, 0.000724488752894, 0.000645870401058, 0.000352053233655], [3.5180724808e-05, 0.000286672933726, -0.00076255510794, 0.000300471845549, -0.000231481768424, -0.00376978446729, 0.00737588107586, -0.00335142551921, -0.000690952001605, 0.000921492872294, -6.00193779974e-05, 0.000555661215913, -0.00111818872392], [-0.000325701432303, 0.000318701495416, 0.00074485182995, 0.000490427773912, -0.000783163646702, -0.0006957242731, -0.00335142551921, 0.00956887193024, -0.00425991415977, -0.000377834425308, 0.00111835123971, -0.000675457064062, -0.000475172681035], [0.000342341983924, -0.000533600745257, -0.00046183145605, 0.000436617614469, -0.000262176909018, 0.00108118529897, -0.000690952001605, -0.00425991415977, 0.012765831314, -0.00508379563689, 0.000221158217755, -0.000515583727974, -0.000485386815853], [-0.000420702563133, 0.000791354803368, 2.83991485048e-05, -0.00112559960689, 0.000916965887882, -0.000638658471871, 0.000921492872294, -0.000377834425308, -0.00508379563689, 0.0144599508494, -0.00703791994601, 0.000913736934308, 0.00072516297223], [0.000571023963857, -0.00106859568041, -0.0014923568815, 0.00110407732427, -0.0013257508399, 0.000724488752894, -6.00193779974e-05, 0.00111835123971, 0.000221158217755, -0.00703791994601, 0.0160501562059, -0.00682591693476, -0.000968084670603], [-0.000696711067576, 0.00098841811996, 0.00127929833252, -0.00199290574528, -8.29279597383e-05, 0.000645870401058, 0.000555661215913, -0.000675457064062, -0.000515583727974, 0.000913736934308, -0.00682591693476, 0.013949370943, -0.00426154863089], [0.000535632309038, -0.000767260673456, -0.000568693212699, 0.000585571338888, -0.0016885829391, 0.000352053233655, -0.00111818872392, -0.000475172681035, -0.000485386815853, 0.00072516297223, -0.000968084670603, -0.00426154863089, 0.015720680356]]}, "silence_rate_20dB": {"dvar2": 0, "var": 0, "min": 1, "dmean": 0, "mean": 1, "max": 1, "dmean2": 0, "median": 1, "dvar": 0}, "melbands_kurtosis": {"dvar2": 8311.00292969, "var": 3504.94311523, "min": -1.8476626873, "dmean": 18.389623642, "mean": 22.2885761261, "max": 1465.51293945, "dmean2": 29.8405342102, "median": 8.7198600769, "dvar": 3234.15942383}, "barkbands_spread": {"dvar2": 294.45022583, "var": 310.202575684, "min": 0.321338564157, "dmean": 9.11612033844, "mean": 21.1787586212, "max": 111.275253296, "dmean2": 14.1985645294, "median": 15.7603263855, "dvar": 133.642868042}, "erbbands_skewness": {"dvar2": 0.58041280508, "var": 1.0758254528, "min": -3.01674437523, "dmean": 0.55985045433, "mean": 0.392468363047, "max": 6.95606422424, "dmean2": 0.841711342335, "median": 0.310422956944, "dvar": 0.273774117231}, "average_loudness": 0.857090175152, "spectral_centroid": {"dvar2": 320564.78125, "var": 652907.75, "min": 143.809127808, "dmean": 343.472412109, "mean": 1135.71887207, "max": 4698.48779297, "dmean2": 493.201721191, "median": 873.465820312, "dvar": 188874.921875}, "dissonance": {"dvar2": 0.00163911771961, "var": 0.0014200595906, "min": 0.199635669589, "dmean": 0.024521317333, "mean": 0.459927409887, "max": 0.500000059605, "dmean2": 0.0399576388299, "median": 0.471669495106, "dvar": 0.000671044399496}, "erbbands_flatness_db": {"dvar2": 0.00129736762028, "var": 0.00231771706603, "min": 0.0468491278589, "dmean": 0.0284928940237, "mean": 0.150424391031, "max": 0.358347773552, "dmean2": 0.0420564040542, "median": 0.144286185503, "dvar": 0.000629326619674}, "spectral_strongpeak": {"dvar2": 101.31967926, "var": 28.5374660492, "min": 0, "dmean": 1.24666547775, "mean": 1.19537961483, "max": 104.380058289, "dmean2": 2.26208996773, "median": 0.383997857571, "dvar": 36.8424835205}, "spectral_rms": {"dvar2": 5.80820551477e-06, "var": 9.80541517492e-06, "min": 2.15398904402e-06, "dmean": 0.00156083912589, "mean": 0.00551199819893, "max": 0.0193486642092, "dmean2": 0.00225428701378, "median": 0.00510070938617, "dvar": 2.74251669907e-06}, "silence_rate_60dB": {"dvar2": 0.122968927026, "var": 0.0795762389898, "min": 0, "dmean": 0.0590031929314, "mean": 0.0871737897396, "max": 1, "dmean2": 0.11802276969, "median": 0, "dvar": 0.0555196143687}, "melbands": {"dvar2": [0.000152908483869, 1.90190548892e-05, 1.06336392491e-05, 3.31124988406e-06, 9.69902248471e-06, 1.82435053375e-06, 7.90547233009e-07, 5.78109904836e-07, 8.09544985714e-07, 3.16317908755e-07, 1.48116527043e-07, 6.54418883528e-08, 4.36282228122e-08, 3.25119735578e-08, 1.05532498296e-08, 3.37656058669e-09, 9.97910998279e-09, 6.19898798959e-09, 2.48431342165e-09, 1.6778127776e-09, 3.04961855768e-09, 2.77908851487e-09, 6.99128144266e-10, 3.57124607664e-10, 9.9035002421e-11, 7.04664451789e-11, 7.15878606394e-11, 5.90421739277e-11, 6.1668177509e-11, 4.17941861675e-11, 1.83665478659e-11, 5.44492489291e-12, 1.79698768886e-12, 9.43123400557e-13, 4.69617183682e-13, 4.26752546061e-13, 4.73332148216e-13, 6.08586586074e-13, 8.50218401e-14, 4.36700329693e-15], "var": [7.50363105908e-05, 6.74046759741e-06, 6.27612234894e-06, 1.91984872799e-06, 6.95012931828e-06, 8.8652558361e-07, 4.35187104131e-07, 2.98414732924e-07, 4.05918569868e-07, 1.50227648987e-07, 7.19752009104e-08, 3.57083607128e-08, 2.27033147837e-08, 1.89414670615e-08, 6.05920513763e-09, 2.16230167105e-09, 4.11921430299e-09, 3.07630299012e-09, 1.48681245093e-09, 8.6457863091e-10, 3.45728157214e-09, 2.39942221647e-09, 5.32932475927e-10, 2.48410070292e-10, 8.38098340727e-11, 5.45553081877e-11, 6.54686235779e-11, 5.13841573457e-11, 4.85415180274e-11, 3.35928472539e-11, 1.62311726559e-11, 4.91300012825e-12, 1.53211254447e-12, 7.89342766497e-13, 4.14713754874e-13, 3.29047200728e-13, 4.0148188051e-13, 5.22320468127e-13, 5.62317018307e-14, 1.7738256932e-15], "min": [1.39986351504e-12, 1.13188755244e-11, 8.7764595938e-12, 3.63023049121e-11, 1.27153461371e-11, 8.84412161561e-12, 1.91013645873e-11, 6.68727833525e-12, 1.46708374615e-11, 2.18693969184e-11, 4.18959450466e-11, 4.72211401925e-11, 1.17159068905e-11, 7.82237729452e-12, 5.6526176101e-11, 5.62644930646e-11, 1.60312006725e-11, 7.53212769933e-12, 1.04894643319e-11, 5.94635538725e-12, 5.25945086094e-12, 4.91224769195e-12, 3.0261830368e-12, 1.03480210512e-11, 5.25462963072e-12, 1.97933531544e-12, 6.88698533965e-12, 5.17169597078e-12, 1.59661021383e-12, 2.70716066751e-12, 1.61146139835e-12, 9.47994612498e-13, 1.00864358098e-12, 1.30175438571e-12, 8.40031332255e-13, 1.38951339584e-12, 1.4518595744e-12, 4.64901012652e-13, 5.95981651617e-13, 1.40196150045e-14], "dmean": [0.00291451765224, 0.00113007763866, 0.000981494202279, 0.000632445793599, 0.00103810429573, 0.000409563916037, 0.000245041621383, 0.000206402764888, 0.000240074878093, 0.000158923328854, 0.000103046571894, 7.67535384512e-05, 6.09591952525e-05, 5.26235307916e-05, 3.25949258695e-05, 2.07956309168e-05, 2.76564842352e-05, 2.47911448241e-05, 1.65160836332e-05, 1.35582185976e-05, 1.50334417413e-05, 1.40761785588e-05, 8.2235355876e-06, 5.14366456628e-06, 3.17270746564e-06, 2.70101168098e-06, 2.82317409983e-06, 2.88534624815e-06, 2.99393627756e-06, 2.47332286563e-06, 1.56707528731e-06, 8.51878041885e-07, 5.22378115875e-07, 3.74569395944e-07, 2.55259692494e-07, 2.11851954646e-07, 2.37286187144e-07, 2.76641458186e-07, 1.00246253965e-07, 2.09125907702e-08], "mean": [0.00422700494528, 0.00122248020489, 0.00115763244685, 0.000828854274005, 0.00125032500364, 0.000483944168082, 0.000303752545733, 0.000248661468504, 0.000265534210484, 0.000176349116373, 0.000119544733025, 9.51190741034e-05, 7.50719264033e-05, 6.51611117064e-05, 4.30065556429e-05, 3.01855234284e-05, 3.4559485357e-05, 3.16420300805e-05, 2.23008592002e-05, 1.81646028068e-05, 2.38950742641e-05, 2.1669860871e-05, 1.21099528769e-05, 7.20545267541e-06, 4.49061053587e-06, 3.82945927413e-06, 4.04474621973e-06, 4.09552376368e-06, 4.29374040323e-06, 3.53565428668e-06, 2.18227864934e-06, 1.22503695366e-06, 7.48756804114e-07, 5.28226451024e-07, 3.59559720664e-07, 2.84878609591e-07, 3.0314072319e-07, 3.48706606701e-07, 1.20169744378e-07, 1.95985130347e-08], "max": [0.0958617180586, 0.0370403192937, 0.0378123484552, 0.026009703055, 0.0498992986977, 0.0184327438474, 0.0110141523182, 0.00774442777038, 0.0095717664808, 0.00579173350707, 0.0044756247662, 0.00220420421101, 0.00274193217047, 0.00218880502507, 0.0011869125301, 0.000691063760314, 0.000791623198893, 0.000753083848394, 0.000734171539079, 0.000398209813284, 0.000729560793843, 0.000602815358434, 0.000344472267898, 0.000256453320617, 0.000112184039608, 0.000102643054561, 0.000126639584778, 0.000108473708679, 6.82808968122e-05, 6.39198915451e-05, 5.57797284273e-05, 3.24095417454e-05, 1.64098382811e-05, 1.18414245662e-05, 1.00616734926e-05, 1.20577924463e-05, 1.19171772894e-05, 1.1307168279e-05, 5.50303411728e-06, 8.30640260574e-07], "dmean2": [0.00481200916693, 0.00187845493201, 0.00151942158118, 0.00100782257505, 0.00158211786766, 0.000658422650304, 0.000392511254176, 0.000328137248289, 0.000385027524317, 0.000258725573076, 0.000165183620993, 0.000122473851661, 9.75761868176e-05, 8.11986683402e-05, 5.12820333824e-05, 3.31958981405e-05, 4.51792657259e-05, 3.9341950469e-05, 2.61691548076e-05, 2.17608903768e-05, 2.22544003918e-05, 2.13443636312e-05, 1.24176949612e-05, 7.81827202445e-06, 4.7308340072e-06, 4.13277530242e-06, 4.0812383304e-06, 4.25035250373e-06, 4.42309101345e-06, 3.54899179911e-06, 2.28107910516e-06, 1.22253356949e-06, 7.55941925945e-07, 5.38319739007e-07, 3.70969559071e-07, 3.08019792783e-07, 3.41143504556e-07, 3.97018965259e-07, 1.49240761971e-07, 3.49017490464e-08], "median": [0.000198188470677, 0.000340218946803, 0.000301761028823, 0.00031578441849, 0.000348770234268, 0.000156050169608, 8.28154952615e-05, 6.63864484522e-05, 4.81679780933e-05, 4.09475978813e-05, 3.11807307298e-05, 2.17245051317e-05, 1.84770433407e-05, 1.69972627191e-05, 1.37006627483e-05, 1.46064430737e-05, 1.39190815389e-05, 1.19299656944e-05, 9.35858588491e-06, 7.48210368329e-06, 6.34637672192e-06, 5.16004138262e-06, 4.16854982177e-06, 2.03665513254e-06, 1.3661065168e-06, 1.16609999168e-06, 1.3129904346e-06, 1.3123944882e-06, 1.3638124301e-06, 1.0361529803e-06, 6.48711420581e-07, 3.98334833562e-07, 2.43095598762e-07, 1.60088191592e-07, 1.05002882833e-07, 7.24778743688e-08, 5.78457672873e-08, 5.18587377485e-08, 2.42327722333e-08, 5.16544762519e-09], "dvar": [5.82913889957e-05, 7.22086542737e-06, 4.66014671474e-06, 1.35987147587e-06, 4.50078005088e-06, 7.33223771476e-07, 3.15587499244e-07, 2.31916061466e-07, 3.29760666773e-07, 1.2614815148e-07, 5.94264122356e-08, 2.61841659466e-08, 1.76491052883e-08, 1.36844509058e-08, 4.37425207167e-09, 1.371875058e-09, 3.77184683487e-09, 2.44586817466e-09, 1.05393704875e-09, 6.68433086659e-10, 1.66094760168e-09, 1.30432875611e-09, 3.18256310194e-10, 1.59665017319e-10, 4.81078649139e-11, 3.25327195738e-11, 3.50881303179e-11, 2.8168828381e-11, 2.81512244071e-11, 1.93268526183e-11, 8.83185365119e-12, 2.64817009467e-12, 8.53787364159e-13, 4.50243195591e-13, 2.34355883224e-13, 2.0851380247e-13, 2.41206550176e-13, 3.0983202115e-13, 3.91521328704e-14, 1.76382615162e-15]}, "spectral_skewness": {"dvar2": 0.260723084211, "var": 0.421859741211, "min": 0.963279008865, "dmean": 0.357147961855, "mean": 2.53163003922, "max": 7.44799995422, "dmean2": 0.521531224251, "median": 2.43446111679, "dvar": 0.118476912379}, "melbands_flatness_db": {"dvar2": 0.00348513759673, "var": 0.0071953330189, "min": 0.0238934252411, "dmean": 0.0447500906885, "mean": 0