{"metadata": {"tags": {"musicbrainz_recordingid": ["0a5ab7fa-39c6-40c4-9f5e-c6e345b333b6"], "file_name": "1674124.mp3"}, "audio_properties": {"sample_rate": 24000, "downmix": "mix", "lossless": false, "analysis_sample_rate": 44100, "md5_encoded": "391612ff3767a6220c2df1da5c73630c", "equal_loudness": 0, "replay_gain": -6.60060691833, "codec": "mp3", "bit_rate": 63748, "length": 187.103988647}, "version": {"extractor": "music 1.0", "essentia_build_sha": "70f2e5ece6736b2c40cc944ad0e695b16b925413", "essentia_git_sha": "v2.1_beta2", "essentia": "2.1-beta2"}}, "rhythm": {"beats_loudness_band_ratio": {"dvar2": [0.0699075907469, 0.0392544977367, 0.030973026529, 0.060548491776, 0.0179006438702, 0.00158574979287], "var": [0.0641965419054, 0.0163669399917, 0.0167936310172, 0.0210041571409, 0.00512697221711, 0.000408035033615], "min": [0, 0, 0, 0, 0, 0], "dmean": [0.179916039109, 0.119787059724, 0.0916768908501, 0.119963817298, 0.0438904352486, 0.0152718648314], "mean": [0.631357848644, 0.148900032043, 0.107025653124, 0.10784226656, 0.0320826582611, 0.0122628593817], "max": [0.996126413345, 0.696695387363, 0.782497227192, 0.680594563484, 0.57572555542, 0.12593626976], "dmean2": [0.303339749575, 0.21453024447, 0.153854459524, 0.214458554983, 0.0789677202702, 0.0285618919879], "median": [0.665764451027, 0.109229572117, 0.0631659030914, 0.0441939607263, 0.00719254650176, 0.00470215175301], "dvar": [0.0252764318138, 0.0145222200081, 0.0117154074833, 0.0217389632016, 0.00630638469011, 0.000506234413479]}, "bpm_histogram_first_peak_weight": {"dvar2": 0, "var": 0, "min": 0.613718390465, "dmean": 0, "mean": 0.613718390465, "max": 0.613718390465, "dmean2": 0, "median": 0.613718390465, "dvar": 0}, "bpm": 83.3454208374, "beats_count": 278, "bpm_histogram_first_peak_spread": {"dvar2": 0, "var": 0, "min": 0.257641971111, "dmean": 0, "mean": 0.257641971111, "max": 0.257641971111, "dmean2": 0, "median": 0.257641971111, "dvar": 0}, "danceability": 1.1720225811, "bpm_histogram_first_peak_bpm": {"dvar2": 0, "var": 0, "min": 83, "dmean": 0, "mean": 83, "max": 83, "dmean2": 0, "median": 83, "dvar": 0}, "beats_position": [0.777868449688, 1.54412698746, 2.28716540337, 3.01859402657, 3.76163268089, 4.5046710968, 5.24770975113, 5.99074840546, 6.72217655182, 7.45360517502, 8.18503379822, 8.91646194458, 9.63628101349, 10.3560991287, 11.0759181976, 11.7957363129, 12.5271654129, 13.2585935593, 13.9900226593, 14.7214508057, 15.4528799057, 16.1843090057, 16.9157371521, 17.6355552673, 18.3669834137, 19.0868015289, 19.8066215515, 20.5264396667, 21.246257782, 21.9660758972, 22.6858959198, 23.405714035, 24.1255321503, 24.8569602966, 25.5883903503, 26.3082084656, 27.0280265808, 27.747844696, 28.4792747498, 29.2107028961, 29.9305210114, 30.6503391266, 31.3701572418, 32.0899772644, 32.8097953796, 33.5296134949, 34.2610435486, 34.9924697876, 35.7122879028, 36.4321098328, 37.151927948, 37.8601341248, 38.5683441162, 39.2765541077, 39.9847602844, 40.7045783997, 41.4360084534, 42.1674385071, 42.8872566223, 43.6070747375, 44.3268928528, 45.0583229065, 45.7781410217, 46.5095672607, 47.229385376, 47.9492073059, 48.6806335449, 49.4120635986, 50.1318817139, 50.8516998291, 51.5831298828, 52.302947998, 53.0343742371, 53.7541923523, 54.4740142822, 55.1938323975, 55.9020385742, 56.6102485657, 57.3300666809, 58.0614967346, 58.7929229736, 59.5243530273, 60.2557830811, 60.9872093201, 61.7070274353, 62.438457489, 63.1582756042, 63.8780937195, 64.6095199585, 65.3409500122, 66.0723800659, 66.8038101196, 67.5236282349, 68.2434463501, 68.9748764038, 69.7062988281, 70.4377288818, 71.1691589355, 71.9005889893, 72.6204071045, 73.3518371582, 74.0832672119, 74.8146896362, 75.5345077515, 76.2543258667, 76.9741516113, 77.6939697266, 78.4137878418, 79.133605957, 79.8534240723, 80.584854126, 81.3162765503, 82.0360946655, 82.7559204102, 83.4757385254, 84.2071609497, 84.9385910034, 85.6584091187, 86.3782272339, 87.0980453491, 87.8178634644, 88.537689209, 89.2575073242, 89.9773254395, 90.6971435547, 91.4169616699, 92.1367797852, 92.8449859619, 93.5531921387, 94.2614059448, 94.9580001831, 95.6662139893, 96.3860321045, 97.1174621582, 97.8488845825, 98.5687026978, 99.2769165039, 99.9851226807, 100.693328857, 101.401542664, 102.121360779, 102.841178894, 103.549385071, 104.257591248, 104.965805054, 105.67401123, 106.393829346, 107.113647461, 107.833465576, 108.553283691, 109.273101807, 109.992919922, 110.712738037, 111.432563782, 112.152381897, 112.872200012, 113.592018127, 114.311836243, 115.020042419, 115.739860535, 116.471290588, 117.191108704, 117.910926819, 118.630744934, 119.362174988, 120.093605042, 120.813423157, 121.533241272, 122.253059387, 122.972877502, 123.692695618, 124.412513733, 125.132331848, 125.852149963, 126.571968079, 127.291786194, 128.011611938, 128.731430054, 129.43963623, 130.147842407, 130.856048584, 131.564254761, 132.284072876, 132.980682373, 133.68888855, 134.397094727, 135.093688965, 135.790298462, 136.4868927, 137.195098877, 137.903305054, 138.61151123, 139.319732666, 140.016326904, 140.712921143, 141.432739258, 142.152557373, 142.883987427, 143.61541748, 144.335235596, 145.043441772, 145.751647949, 146.459854126, 147.168075562, 147.887893677, 148.607711792, 149.315917969, 150.024124146, 150.732330322, 151.440536499, 152.137145996, 152.845352173, 153.55355835, 154.273376465, 154.99319458, 155.713012695, 156.432830811, 157.152648926, 157.860855103, 158.569061279, 159.277282715, 159.985488892, 160.693695068, 161.401901245, 162.12171936, 162.841537476, 163.561355591, 164.269561768, 164.989379883, 165.709197998, 166.429016113, 167.067565918, 167.717727661, 168.251785278, 168.785842896, 169.308303833, 169.668212891, 170.028121948, 170.388031006, 170.747940063, 171.119445801, 171.479354858, 171.839263916, 172.199172974, 172.55909729, 172.919006348, 173.267303467, 173.615600586, 173.987121582, 174.335418701, 174.695327759, 175.055236816, 175.415145874, 175.775054932, 176.146575928, 176.506484985, 176.866394043, 177.226303101, 177.586212158, 177.957733154, 178.34085083, 178.723983765, 179.118728638, 179.501861572, 179.94303894, 180.37260437, 180.8021698, 181.30140686, 181.789016724, 182.276641846, 182.775863647, 183.26348877, 183.739501953, 184.227111816, 184.726348877, 185.21395874, 185.736419678, 186.258865356], "beats_loudness": {"dvar2": 0.00149098562542, "var": 0.00114294176456, "min": 0, "dmean": 0.0214112326503, "mean": 0.0462306961417, "max": 0.228853955865, "dmean2": 0.0356418043375, "median": 0.0396564565599, "dvar": 0.000578964594752}, "bpm_histogram_second_peak_weight": {"dvar2": 0, "var": 0, "min": 0.0613718405366, "dmean": 0, "mean": 0.0613718405366, "max": 0.0613718405366, "dmean2": 0, "median": 0.0613718405366, "dvar": 0}, "bpm_histogram_second_peak_spread": {"dvar2": 0, "var": 0, "min": 0, "dmean": 0, "mean": 0, "max": 0, "dmean2": 0, "median": 0, "dvar": 0}, "bpm_histogram_second_peak_bpm": {"dvar2": 0, "var": 0, "min": 167, "dmean": 0, "mean": 167, "max": 167, "dmean2": 0, "median": 167, "dvar": 0}, "onset_rate": 4.11505031586}, "lowlevel": {"spectral_energyband_high": {"dvar2": 2.49565175636e-07, "var": 1.86093160437e-07, "min": 7.12782018513e-21, "dmean": 0.000104275175545, "mean": 0.000157382179168, "max": 0.00801707617939, "dmean2": 0.000152717679157, "median": 2.36268206208e-05, "dvar": 1.08548029232e-07}, "spectral_energyband_middle_low": {"dvar2": 0.000200414564461, "var": 0.000184790464118, "min": 1.5600707637e-22, "dmean": 0.00415650987998, "mean": 0.00953908264637, "max": 0.196343943477, "dmean2": 0.00625120382756, "median": 0.00557680428028, "dvar": 8.6766325694e-05}, "spectral_energy": {"dvar2": 0.00207069516182, "var": 0.00102797092404, "min": 9.82102170879e-21, "dmean": 0.0117125697434, "mean": 0.0236487649381, "max": 0.377799630165, "dmean2": 0.0189700312912, "median": 0.013782822527, "dvar": 0.000792126578745}, "spectral_spread": {"dvar2": 1616393535490.0, "var": 17928825077800.0, "min": 824208.5, "dmean": 585705.875, "mean": 3652845, "max": 42588668, "dmean2": 836190.5, "median": 2861455.25, "dvar": 900483776512}, "spectral_energyband_low": {"dvar2": 0.00177085155156, "var": 0.000500877853483, "min": 1.17236058558e-23, "dmean": 0.00801123958081, "mean": 0.00976367946714, "max": 0.314582407475, "dmean2": 0.0140335131437, "median": 0.00358609645627, "dvar": 0.000642899132799}, "spectral_rolloff": {"dvar2": 1007217.3125, "var": 4343545.5, "min": 43.06640625, "dmean": 233.07649231, "mean": 1044.27880859, "max": 19509.0820312, "dmean2": 400.423461914, "median": 732.12890625, "dvar": 438409.65625}, "barkbands": {"dvar2": [5.57097223464e-07, 0.00115634431131, 0.000132090848638, 2.62318717432e-05, 4.10513202951e-05, 1.47810278577e-05, 1.00055167422e-05, 2.7617500109e-06, 5.53921818209e-05, 5.53238032808e-06, 1.56377882377e-05, 7.53815947974e-06, 3.77513288186e-06, 4.00586441174e-06, 1.40583506436e-06, 1.00397301139e-06, 2.73825378372e-07, 1.82600601306e-07, 7.36452037131e-08, 8.99603946891e-08, 2.56520795716e-08, 2.4795447473e-08, 1.27617854062e-08, 5.75773073663e-09, 1.29128630011e-09, 1.08534558425e-17, 1.23104418472e-17], "var": [4.18476673758e-07, 0.000277803483186, 4.75208798889e-05, 1.00497745734e-05, 1.59982428158e-05, 1.13257437988e-05, 5.22712070961e-06, 3.73843136003e-06, 7.09505475243e-05, 7.49063201511e-06, 1.89133825188e-05, 9.63549700828e-06, 5.16289674124e-06, 6.93579340805e-06, 1.29367708723e-06, 1.66370762145e-06, 4.3979326847e-07, 2.4753597927e-07, 6.57605312426e-08, 9.74816956045e-08, 1.36063889045e-08, 1.42306353368e-08, 8.83492656811e-09, 3.99810318186e-09, 8.92231177829e-10, 2.4378462286e-18, 2.7535517035e-18], "min": [4.79192768016e-25, 3.5461853599e-24, 2.26558248738e-24, 1.05715062554e-24, 9.93347220262e-24, 6.39938639128e-24, 5.5207227439e-24, 7.91310397218e-24, 1.37450272156e-23, 1.11125100224e-23, 1.97516413399e-23, 2.8237664222e-23, 3.01028658789e-23, 3.07648116863e-23, 5.17942404541e-23, 4.48768233059e-23, 4.92968298905e-23, 9.53469102434e-23, 1.39493112667e-22, 1.18004629961e-22, 2.65175605912e-22, 2.8207903971e-22, 4.2288927241e-22, 6.47850036794e-22, 8.97893043868e-22, 1.30783192127e-21, 1.9925639948e-21], "dmean": [0.000187465018826, 0.0059411698021, 0.00207175896503, 0.0011680808384, 0.00145076576155, 0.000928757479414, 0.000633182469755, 0.000355896132533, 0.00105848675594, 0.000531363417394, 0.000493183848448, 0.00062396528665, 0.00031592923915, 0.000256311614066, 0.000207958873943, 0.000137575683766, 7.99133485998e-05, 8.57521008584e-05, 5.51869197807e-05, 5.98443875788e-05, 2.5586978154e-05, 2.23636707233e-05, 2.14010124182e-05, 1.33560351969e-05, 5.63048160984e-06, 9.3929386491e-10, 9.9856989344e-10], "mean": [0.000207784061786, 0.00577503209934, 0.00298195704818, 0.00168930157088, 0.00229739723727, 0.00158116070088, 0.0010212402558, 0.000641406106297, 0.00210655434057, 0.00105799280573, 0.000877773622051, 0.00123867741786, 0.000569527735934, 0.00044894835446, 0.000301803898765, 0.000245502335019, 0.000145057740156, 0.000150555744767, 9.0690831712e-05, 0.000105415288999, 3.16769255733e-05, 2.91254291369e-05, 2.93488828902e-05, 1.79923044925e-05, 6.84799988449e-06, 7.06979474963e-10, 7.49389272858e-10], "max": [0.00641961628571, 0.206632941961, 0.173271179199, 0.0864811912179, 0.103672631085, 0.0576900430024, 0.0456502512097, 0.0452105738223, 0.149689227343, 0.0408087410033, 0.0971487089992, 0.0411957986653, 0.0498104095459, 0.0966955423355, 0.0246296972036, 0.0344423390925, 0.0176780391484, 0.0127672962844, 0.00528037082404, 0.00516419066116, 0.00219419738278, 0.00433295639232, 0.00148441537749, 0.00135895784479, 0.00116848561447, 3.04675786822e-08, 3.23445057404e-08], "dmean2": [0.000260418251855, 0.0107556032017, 0.00356244225986, 0.00192768732086, 0.0023374997545, 0.00142385740764, 0.00101615849417, 0.000541287299711, 0.00156145985238, 0.00080725341104, 0.000743658805732, 0.000950307701714, 0.000462638185127, 0.000374077208107, 0.000308422022499, 0.000197995294002, 0.000119136413559, 0.000129670239403, 8.62093511387e-05, 9.06931163627e-05, 4.1396200686e-05, 3.38162426488e-05, 3.21657462337e-05, 1.96695418708e-05, 8.24945072964e-06, 1.75362890875e-09, 1.86434268024e-09], "median": [4.76946070194e-06, 0.00133200210985, 0.000987725332379, 0.000727408041712, 0.00120806542691, 0.000374696624931, 0.000211153528653, 0.000119814161735, 0.000133373832796, 0.000120282122225, 1.80433507921e-05, 0.000303688895656, 2.85201058432e-05, 2.13118892134e-05, 2.52024183283e-05, 1.0727731933e-05, 9.73013356997e-06, 1.07283112811e-05, 8.1388225226e-06, 1.08192316475e-05, 3.72101862922e-06, 2.50056359619e-06, 3.10058226205e-06, 2.16102102968e-06, 5.84831582273e-07, 1.8614199071e-10, 1.93328686393e-10], "dvar": [2.93270375096e-07, 0.00041031013825, 4.83197582071e-05, 9.77448507911e-06, 1.53611672431e-05, 6.45288855594e-06, 3.96349196308e-06, 1.37584947879e-06, 2.64201080427e-05, 2.56548105426e-06, 7.62950185162e-06, 3.26189206135e-06, 1.82520363978e-06, 1.99977216653e-06, 6.8542902909e-07, 5.60539888284e-07, 1.35031655191e-07, 8.49280255011e-08, 3.07770626762e-08, 3.86597669433e-08, 1.03272954632e-08, 1.05695994179e-08, 5.66677771374e-09, 2.65797361898e-09, 6.38957664556e-10, 3.31588728188e-18, 3.75755478649e-18]}, "melbands_skewness": {"dvar2": 2.98075580597, "var": 4.48455810547, "min": -2.47403645515, "dmean": 0.812810897827, "mean": 2.32452917099, "max": 20.6570930481, "dmean2": 1.25238752365, "median": 2.00334501266, "dvar": 1.26553189754}, "barkbands_skewness": {"dvar2": 1.93009328842, "var": 3.08895397186, "min": -2.33364081383, "dmean": 0.670137643814, "mean": 1.63805377483, "max": 14.4808950424, "dmean2": 1.03553891182, "median": 1.42391061783, "dvar": 0.77797806263}, "erbbands": {"dvar2": [0.646683871746, 66.6181106567, 204.382583618, 161.855957031, 834.591125488, 209.547729492, 246.297180176, 1710.05114746, 2580.67456055, 941.413085938, 1393.05871582, 19897.6035156, 20741.9277344, 4235.66601562, 28228.5234375, 6032.60498047, 5229.16455078, 5328.09716797, 8000.96875, 1739.80529785, 3094.6262207, 639.068481445, 424.120880127, 199.310943604, 199.896316528, 226.029693604, 64.3290252686, 31.7834510803, 45.5461006165, 20.2823543549, 9.60247802734, 4.35439682007, 1.15918815136, 0.46891695261, 0.00842838734388, 4.56042062069e-06, 1.34756126258e-08, 2.057293641e-10, 4.21136819861e-10, 2.45472153715e-09], "var": [0.162667423487, 15.8190441132, 70.906829834, 64.9480819702, 309.016265869, 94.4403381348, 211.303619385, 1270.86022949, 1383.04736328, 848.070800781, 1782.59667969, 24529.8984375, 25147.578125, 6332.51416016, 38042.6367188, 11444.8486328, 9905.68066406, 6091.81152344, 15337.0693359, 2195.47265625, 5136.23486328, 1249.97155762, 781.051940918, 342.217132568, 160.235824585, 265.747131348, 35.8633728027, 16.3753948212, 21.3610305786, 13.1855049133, 6.43146133423, 2.6769592762, 0.938721656799, 0.336262792349, 0.00507419882342, 2.9696736874e-06, 1.02852393269e-08, 1.90432780656e-10, 2.69603839254e-10, 1.32082511595e-09], "min": [9.02365872579e-23, 1.03675205121e-21, 2.59848712209e-21, 7.61451338584e-21, 7.48009895968e-21, 3.35445422898e-20, 4.52984912196e-20, 5.92477419523e-20, 1.06878837263e-19, 1.15601217715e-19, 1.86323492803e-19, 3.53815365931e-19, 4.25101610175e-19, 1.1784758435e-18, 9.89147229382e-19, 1.26019229243e-18, 1.75510458588e-18, 1.58640409848e-18, 2.52806454326e-18, 3.03774469898e-18, 2.49543764477e-18, 2.74444961483e-18, 6.4449438283e-18, 6.41217879065e-18, 6.50350201182e-18, 6.59058014208e-18, 1.04876575504e-17, 9.20695200599e-18, 1.08748773388e-17, 1.21315565952e-17, 1.15124789083e-17, 1.16265595225e-17, 1.10073503139e-17, 8.3182490082e-18, 6.36015988347e-18, 4.1416999445e-18, 2.29676354409e-18, 9.48395349324e-19, 2.51981884502e-19, 2.45526544384e-20], "dmean": [0.139896914363, 1.42565357685, 2.70643830299, 2.82362413406, 6.10516643524, 3.38209795952, 3.85803985596, 9.65805530548, 10.3100137711, 7.95123243332, 7.14433097839, 18.4143295288, 25.8273448944, 14.5166282654, 26.2418384552, 18.745967865, 13.5000171661, 9.30341243744, 14.4665346146, 6.81834220886, 6.77393627167, 4.20958757401, 4.39663410187, 3.19507884979, 2.87871932983, 2.86115789413, 1.3371219635, 0.859715282917, 0.819682538509, 0.783866524696, 0.575013041496, 0.351564139128, 0.189798086882, 0.106916591525, 0.0136166214943, 0.000336259079631, 2.22595790547e-05, 3.30905368173e-06, 5.78039862376e-06, 1.30566468215e-05], "mean": [0.122043207288, 1.42781186104, 3.65644288063, 4.66158533096, 8.09407043457, 5.86528491974, 6.95608329773, 16.6099300385, 17.0627689362, 14.317111969, 13.3741054535, 36.5257492065, 51.0986709595, 30.8069725037, 51.8778877258, 40.5180511475, 27.3729801178, 16.9063625336, 26.2670612335, 12.2590856552, 12.4283485413, 8.39323425293, 8.52024459839, 6.23475217819, 5.04107379913, 5.0869383812, 1.85525643826, 1.05575466156, 1.06637430191, 0.980099201202, 0.801034390926, 0.4887586236, 0.251688450575, 0.132062420249, 0.0161447878927, 0.000420150812715, 3.43222964148e-05, 5.93551203565e-06, 1.25687547552e-05, 2.71985663858e-05], "max": [4.23381471634, 50.8092689514, 173.336715698, 188.008575439, 425.87512207, 236.974121094, 278.35446167, 652.519714355, 731.929626465, 454.739349365, 862.494262695, 2992.1784668, 3045.87084961, 1207.0402832, 4148.41699219, 1750.86157227, 2134.60327148, 3706.70263672, 4648.72460938, 942.823303223, 2333.98071289, 737.669921875, 483.857849121, 498.093566895, 228.612808228, 333.156890869, 122.716156006, 76.3630905151, 195.391723633, 83.2685317993, 51.4555892944, 40.6303024292, 25.6269359589, 23.8576202393, 1.98406863213, 0.0505918003619, 0.00310376659036, 0.000384450744605, 0.000185461569345, 0.000423047051299], "dmean2": [0.245003134012, 2.61394739151, 4.72500133514, 4.69140338898, 9.84791755676, 5.5887928009, 6.10981178284, 14.787653923, 16.2366256714, 12.3298244476, 10.6206741333, 27.4581642151, 36.9080352783, 21.1295700073, 38.5923576355, 27.4746932983, 19.2799568176, 13.6088142395, 20.3226032257, 9.81313800812, 9.53413009644, 6.07174777985, 6.53617858887, 4.73549175262, 4.47453737259, 4.2603020668, 2.11956882477, 1.36706387997, 1.24853873253, 1.20737016201, 0.856074631214, 0.524138092995, 0.279913008213, 0.154448211193, 0.0202098991722, 0.00049037853023, 3.15486140607e-05, 4.70084796689e-06, 9.07906724024e-06, 2.09960908251e-05], "median": [0.0187260825187, 0.364244252443, 1.18878829479, 2.12775683403, 3.42899250984, 3.08656525612, 2.5454351902, 3.86641168594, 4.00310373306, 4.11562728882, 2.69588422775, 2.94948554039, 7.04511833191, 3.36210346222, 8.06988334656, 9.8153553009, 2.04601740837, 1.29405713081, 1.71387207508, 1.08427667618, 0.659451782703, 0.58458417654, 0.586755990982, 0.522792339325, 0.503601849079, 0.508607983589, 0.286248445511, 0.103847622871, 0.087426148355, 0.0897667855024, 0.0877697840333, 0.0592249110341, 0.0275783557445, 0.0120165757835, 0.00125381513499, 4.77038083773e-05, 9.45224746829e-06, 1.82338214927e-06, 7.19012314221e-06, 1.57296344696e-05], "dvar": [0.236151129007, 23.3765773773, 74.676651001, 59.7992935181, 319.944091797, 76.4020767212, 101.660095215, 744.72088623, 1044.81774902, 399.160705566, 711.340515137, 9077.83203125, 10138.7451172, 1975.36132812, 14405.375, 2925.19042969, 2715.63525391, 2472.51123047, 4392.54443359, 809.885070801, 1793.73693848, 319.872619629, 201.969985962, 98.0927658081, 80.6719436646, 102.25365448, 26.0021972656, 12.6696567535, 18.1857910156, 8.98399162292, 4.25270986557, 1.89733505249, 0.585373818874, 0.236067935824, 0.00392471672967, 2.18150580622e-06, 6.7159309225e-09, 1.0527332478e-10, 1.66482577724e-10, 9.45926226237e-10]}, "silence_rate_30dB": {"dvar2": 0.0611665025353, "var": 0.0266701206565, "min": 0, "dmean": 0.0268056597561, "mean": 0.972577214241, "max": 1, "dmean2": 0.0536179728806, "median": 1, "dvar": 0.0260865855962}, "melbands_spread": {"dvar2": 102.335289001, "var": 325.871063232, "min": 0.307591468096, "dmean": 4.21549654007, "mean": 15.6181812286, "max": 236.712097168, "dmean2": 6.40075302124, "median": 10.9362030029, "dvar": 49.001209259}, "melbands_crest": {"dvar2": 18.6294021606, "var": 29.1235847473, "min": 1.46507966518, "dmean": 2.8078045845, "mean": 14.4337749481, "max": 36.5167236328, "dmean2": 4.50236415863, "median": 13.6276130676, "dvar": 7.46821498871}, "zerocrossingrate": {"dvar2": 0.000115248563816, "var": 0.0030790946912, "min": 0.00390625, "dmean": 0.0061260573566, "mean": 0.0385331399739, "max": 0.52880859375, "dmean2": 0.00735573237762, "median": 0.029296875, "dvar": 0.000102480058558}, "barkbands_kurtosis": {"dvar2": 408.484710693, "var": 651.226745605, "min": -1.94848155975, "dmean": 5.17403125763, "mean": 9.33752346039, "max": 390.016601562, "dmean2": 8.48477649689, "median": 3.09783792496, "dvar": 152.95980835}, "spectral_flux": {"dvar2": 0.00541120488197, "var": 0.00485258409753, "min": 6.35752631095e-11, "dmean": 0.0308337062597, "mean": 0.0693068951368, "max": 0.500050127506, "dmean2": 0.0486737079918, "median": 0.0481662675738, "dvar": 0.00263571669348}, "barkbands_crest": {"dvar2": 19.0680465698, "var": 17.3561115265, "min": 3.09507870674, "dmean": 2.51710677147, "mean": 11.0381174088, "max": 26.0390262604, "dmean2": 4.14229249954, "median": 10.2591495514, "dvar": 7.09568500519}, "barkbands_flatness_db": {"dvar2": 0.00210850359872, "var": 0.00424011563882, "min": 0.0591370947659, "dmean": 0.0283796042204, "mean": 0.252380639315, "max": 0.527184069157, "dmean2": 0.0455955192447, "median": 0.246713429689, "dvar": 0.000806061958428}, "spectral_entropy": {"dvar2": 0.124774068594, "var": 0.418431699276, "min": 4.94467687607, "dmean": 0.225974500179, "mean": 6.67747974396, "max": 9.82714176178, "dmean2": 0.320092141628, "median": 6.62576150894, "dvar": 0.0657997578382}, "pitch_salience": {"dvar2": 0.0119411852211, "var": 0.0139324273914, "min": 0.0672022253275, "dmean": 0.0684248209, "mean": 0.488495230675, "max": 0.987596452236, "dmean2": 0.1104888767, "median": 0.489370703697, "dvar": 0.00456032622606}, "erbbands_spread": {"dvar2": 267.04699707, "var": 365.291381836, "min": 1.20373558998, "dmean": 7.2763171196, "mean": 25.2451915741, "max": 184.117355347, "dmean2": 10.9259033203, "median": 21.0183315277, "dvar": 130.604705811}, "dynamic_complexity": 4.88581609726, "spectral_contrast_valleys": {"dvar2": [0.414762616158, 0.281253755093, 0.29682919383, 0.262220531702, 0.309514641762, 0.390446811914], "var": [5.58202028275, 5.49199771881, 5.62380027771, 5.10539388657, 5.24194383621, 4.41087627411], "min": [-28.0945892334, -28.1405162811, -27.6500205994, -27.8244819641, -27.5529823303, -27.394657135], "dmean": [0.438219696283, 0.371894150972, 0.375554472208, 0.361874729395, 0.393810451031, 0.499724268913], "mean": [-7.76432228088, -7.74692869186, -8.51479816437, -9.39340209961, -9.58840084076, -12.1445541382], "max": [-4.71195936203, -4.60759687424, -4.81850671768, -5.7611989975, -5.76284980774, -8.25958919525], "dmean2": [0.687495589256, 0.58979254961, 0.577455997467, 0.530126094818, 0.518366634846, 0.594579815865], "median": [-7.36489343643, -7.45739793777, -8.19844532013, -9.10495376587, -9.27602386475, -12.0147390366], "dvar": [0.211060285568, 0.125165447593, 0.137976288795, 0.134982571006, 0.179466575384, 0.242830008268]}, "hfc": {"dvar2": 133.66015625, "var": 344.342834473, "min": 1.05242043751e-16, "dmean": 4.12478065491, "mean": 12.4822502136, "max": 237.5337677, "dmean2": 5.92915916443, "median": 4.94174766541, "dvar": 64.5614776611}, "spectral_kurtosis": {"dvar2": 110.544868469, "var": 114.879829407, "min": -1.4286314249, "dmean": 5.47273683548, "mean": 11.082280159, "max": 87.6567993164, "dmean2": 9.05318832397, "median": 8.128698349, "dvar": 41.5725364685}, "mfcc": {"mean": [-742.660461426, 165.109161377, 12.4702157974, 17.5831756592, 1.56414997578, 4.48914051056, 9.26478862762, 7.68914413452, -7.51518583298, 3.64539957047, -8.3985080719, -1.58569324017, 2.5384581089], "cov": [[11791.1894531, -82.0922088623, -1398.50598145, -106.000808716, -356.152862549, 89.3683700562, 79.0986862183, 307.969940186, -397.747833252, 173.268371582, -109.931648254, -152.517822266, 30.1812324524], [-82.0922088623, 1780.93432617, -123.627944946, -68.7043762207, -27.2342128754, -69.1480712891, 88.1853408813, -7.15577173233, -23.6822719574, 14.2657661438, -39.6815681458, -39.8026390076, -36.6453132629], [-1398.50598145, -123.627944946, 1023.03771973, 172.388885498, 88.6687240601, 169.397750854, 0.419907152653, -12.7097959518, 197.3853302, -54.9735527039, 76.4754943848, 77.1292800903, -13.0015974045], [-106.000808716, -68.7043762207, 172.388885498, 363.801086426, 164.197540283, 49.95936203, -1.80250096321, 22.3947906494, 76.5018920898, 22.6430206299, 32.5640258789, 61.6249694824, 50.1689414978], [-356.152862549, -27.2342128754, 88.6687240601, 164.197540283, 325.094482422, -23.9992465973, -14.50740242, -29.2078266144, 39.3940811157, 49.6101799011, 2.87489128113, 69.1713943481, 31.9423122406], [89.3683700562, -69.1480712891, 169.397750854, 49.95936203, -23.9992465973, 295.005218506, 84.9297637939, 80.7789154053, 41.3311386108, -15.856470108, 79.8626785278, -4.66577386856, -6.2119345665], [79.0986862183, 88.1853408813, 0.419907152653, -1.80250096321, -14.50740242, 84.9297637939, 243.845809937, 66.3363571167, -55.3508110046, 29.0837402344, 21.8476753235, 4.25209712982, 9.86325836182], [307.969940186, -7.15577173233, -12.7097959518, 22.3947906494, -29.2078266144, 80.7789154053, 66.3363571167, 179.527709961, 31.1907939911, 3.73306107521, 21.7834510803, -13.2851791382, 18.1108436584], [-397.747833252, -23.6822719574, 197.3853302, 76.5018920898, 39.3940811157, 41.3311386108, -55.3508110046, 31.1907939911, 250.14201355, 22.4419727325, 22.2446422577, -0.666824400425, -25.1592655182], [173.268371582, 14.2657661438, -54.9735527039, 22.6430206299, 49.6101799011, -15.856470108, 29.0837402344, 3.73306107521, 22.4419727325, 165.840484619, 22.4387054443, -7.88052606583, -18.238368988], [-109.931648254, -39.6815681458, 76.4754943848, 32.5640258789, 2.87489128113, 79.8626785278, 21.8476753235, 21.7834510803, 22.2446422577, 22.4387054443, 134.007141113, 13.9141340256, -4.34085416794], [-152.517822266, -39.8026390076, 77.1292800903, 61.6249694824, 69.1713943481, -4.66577386856, 4.25209712982, -13.2851791382, -0.666824400425, -7.88052606583, 13.9141340256, 126.290275574, 47.0674934387], [30.1812324524, -36.6453132629, -13.0015974045, 50.1689414978, 31.9423122406, -6.2119345665, 9.86325836182, 18.1108436584, -25.1592655182, -18.238368988, -4.34085416794, 47.0674934387, 120.242347717]], "icov": [[0.00011835310579, 8.72517284733e-06, 0.000139346098877, -9.03659092728e-05, 0.000123921665363, -0.000138094270369, 0.000107439809653, -0.000185514902114, 0.000162547832588, -0.000169834005646, 0.000139609604958, -2.72759170912e-05, 2.87656403088e-05], [8.72517284733e-06, 0.000596775091253, 5.84470217291e-05, 2.85412297671e-05, -5.10763402417e-06, 0.000180606148206, -0.000338071375154, 4.96716565976e-05, -9.10540475161e-05, 5.53798672627e-05, 8.23166265036e-05, 0.000111730594654, 0.000153617089381], [0.000139346098877, 5.84470217291e-05, 0.00165377592202, -0.000435756664956, 4.08818923461e-05, -0.000773669918999, -0.0001805282227, 0.000425399804953, -0.000913468829822, 0.000546279305127, -0.000137536699185, -0.000719928881153, 0.000411943125073], [-9.03659092728e-05, 2.85412297671e-05, -0.000435756664956, 0.00431227032095, -0.0018615439767, -0.000356243632268, 7.71908744355e-05, -0.000288830779027, -0.00079706532415, -0.000127664170577, -0.000422787474236, -0.000433419132605, -0.00133341457695], [0.000123921665363, -5.10763402417e-06, 4.08818923461e-05, -0.0018615439767, 0.00480017298833, 0.000169463281054, 0.00019132043235, 0.000509991019499, -1.46202746691e-05, -0.00150687899441, 0.000630625523627, -0.00164200470317, -0.000176574598299], [-0.000138094270369, 0.000180606148206, -0.000773669918999, -0.000356243632268, 0.000169463281054, 0.00571077037603, -0.00171158008743, -0.00127645884641, -0.000506055192091, 0.00125516136177, -0.00264685507864, 0.000789806712419, 0.000417135190219], [0.000107439809653, -0.000338071375154, -0.0001805282227, 7.71908744355e-05, 0.00019132043235, -0.00171158008743, 0.0060619325377, -0.00210393685848, 0.00222951197065, -0.00178537878674, 0.000434666057117, -0.000628866255283, -4.37819871877e-05], [-0.000185514902114, 4.96716565976e-05, 0.000425399804953, -0.000288830779027, 0.000509991019499, -0.00127645884641, -0.00210393685848, 0.00804190244526, -0.00205572275445, 0.00047065858962, -0.000422191777034, 0.000988870742731, -0.00177296763286], [0.000162547832588, -9.10540475161e-05, -0.000913468829822, -0.00079706532415, -1.46202746691e-05, -0.000506055192091, 0.00222951197065, -0.00205572275445, 0.00628183782101, -0.00148576917127, 0.000316069636028, 0.000242824928137, 0.00127512554172], [-0.000169834005646, 5.53798672627e-05, 0.000546279305127, -0.000127664170577, -0.00150687899441, 0.00125516136177, -0.00178537878674, 0.00047065858962, -0.00148576917127, 0.0079211788252, -0.00202520191669, 0.000774703687057, 0.00122679199558], [0.000139609604958, 8.23166265036e-05, -0.000137536699185, -0.000422787474236, 0.000630625523627, -0.00264685507864, 0.000434666057117, -0.000422191777034, 0.000316069636028, -0.00202520191669, 0.0097963148728, -0.00142473191954, 0.000545543793123], [-2.72759170912e-05, 0.000111730594654, -0.000719928881153, -0.000433419132605, -0.00164200470317, 0.000789806712419, -0.000628866255283, 0.000988870742731, 0.000242824928137, 0.000774703687057, -0.00142473191954, 0.0112319532782, -0.00375620741397], [2.87656403088e-05, 0.000153617089381, 0.000411943125073, -0.00133341457695, -0.000176574598299, 0.000417135190219, -4.37819871877e-05, -0.00177296763286, 0.00127512554172, 0.00122679199558, 0.000545543793123, -0.00375620741397, 0.0112390154973]]}, "silence_rate_20dB": {"dvar2": 0, "var": 0, "min": 1, "dmean": 0, "mean": 1, "max": 1, "dmean2": 0, "median": 1, "dvar": 0}, "melbands_kurtosis": {"dvar2": 1827.02270508, "var": 2014.60144043, "min": -1.74629998207, "dmean": 9.8564081192, "mean": 17.544927597, "max": 789.497436523, "dmean2": 16.1741962433, "median": 5.9879617691, "dvar": 695.251647949}, "barkbands_spread": {"dvar2": 80.8830566406, "var": 94.4826812744, "min": 0.325198680162, "dmean": 3.41124606133, "mean": 11.6861133575, "max": 108.368087769, "dmean2": 5.22782373428, "median": 9.06372451782, "dvar": 36.4893569946}, "erbbands_skewness": {"dvar2": 0.466987758875, "var": 1.0472663641, "min": -4.29975891113, "dmean": 0.444394290447, "mean": 0.555122971535, "max": 7.19896173477, "dmean2": 0.664332926273, "median": 0.486055493355, "dvar": 0.208147674799}, "average_loudness": 0.330804109573, "spectral_centroid": {"dvar2": 141393.53125, "var": 1423345.5, "min": 106.567604065, "dmean": 153.778610229, "mean": 874.97076416, "max": 11813.1669922, "dmean2": 229.432250977, "median": 631.240722656, "dvar": 65670.2734375}, "dissonance": {"dvar2": 0.00341210258193, "var": 0.00258486298844, "min": 0.178579479456, "dmean": 0.0378333367407, "mean": 0.414720416069, "max": 0.49996098876, "dmean2": 0.0638559162617, "median": 0.422759652138, "dvar": 0.00122842227574}, "erbbands_flatness_db": {"dvar2": 0.000915083684959, "var": 0.00266012176871, "min": 0.085663639009, "dmean": 0.0212560165673, "mean": 0.234517782927, "max": 0.428409457207, "dmean2": 0.029895093292, "median": 0.235718682408, "dvar": 0.000495502201375}, "spectral_strongpeak": {"dvar2": 2.81916308403, "var": 2.97175836563, "min": 0, "dmean": 0.559164404869, "mean": 1.15259027481, "max": 18.0756778717, "dmean2": 0.914433181286, "median": 0.467646092176, "dvar": 1.22961735725}, "spectral_rms": {"dvar2": 6.40290363663e-06, "var": 6.44359215585e-06, "min": 3.09539741929e-12, "dmean": 0.000917302735616, "mean": 0.00407779542729, "max": 0.0191985666752, "dmean2": 0.00138859846629, "median": 0.0036669683177, "dvar": 2.66426764028e-06}, "silence_rate_60dB": {"dvar2": 0.0813142731786, "var": 0.12463439256, "min": 0, "dmean": 0.0389674864709, "mean": 0.145923808217, "max": 1, "dmean2": 0.0779446437955, "median": 0, "dvar": 0.0374545566738}, "melbands": {"dvar2": [7.16000868124e-05, 7.40558098187e-05, 6.48089644528e-06, 2.82522751149e-06, 2.42296977149e-07, 7.5412424394e-07, 5.31603006948e-07, 1.05969427011e-07, 1.10867489411e-07, 1.07208813915e-06, 5.35367917109e-07, 7.65099912314e-08, 3.75043924805e-07, 1.21238713291e-07, 4.23051744747e-08, 2.74714242465e-08, 1.85748110226e-08, 3.34315863881e-08, 6.47839071277e-09, 4.60188820384e-09, 4.16492085265e-09, 6.32719154847e-10, 1.23004495478e-09, 5.55779589018e-10, 1.49898940482e-10, 1.14085574321e-10, 1.43174749834e-10, 1.04634786946e-10, 3.49314500936e-11, 1.39353468001e-11, 1.1026462729e-11, 2.10038028636e-11, 7.20740828131e-12, 6.99068537433e-12, 4.36679251786e-12, 2.31415342618e-12, 1.65787414179e-12, 7.13020246144e-13, 4.31839107659e-13, 3.69652604967e-13], "var": [1.7210995793e-05, 2.18777131522e-05, 2.55151394413e-06, 9.64120658864e-07, 2.33506540326e-07, 5.59157399493e-07, 2.83646670596e-07, 1.1865013505e-07, 1.43889295146e-07, 1.33417461257e-06, 6.57390955894e-07, 1.17500803754e-07, 4.55767889207e-07, 1.41478594173e-07, 1.2771285185e-07, 4.30659454764e-08, 2.20082565505e-08, 7.06676388518e-08, 6.04252736736e-09, 6.7617138555e-09, 6.08641359534e-09, 9.01623609106e-10, 2.1239332515e-09, 8.33876745432e-10, 2.1877416545e-10, 1.01077139714e-10, 1.32385130636e-10, 1.09748411747e-10, 1.87740552271e-11, 7.18157000881e-12, 5.33455397911e-12, 8.22785676396e-12, 4.86078885475e-12, 3.96985786258e-12, 2.51150185718e-12, 1.64560791209e-12, 8.69122536527e-13, 5.15576676404e-13, 3.17710918338e-13, 2.44528789578e-13], "min": [1.27806767078e-24, 1.45034148185e-24, 1.54564682464e-24, 7.71192787527e-25, 1.3965215452e-24, 1.4642438734e-24, 1.34856816988e-24, 1.20181095227e-24, 1.45468593607e-24, 2.23315281e-24, 1.81724088608e-24, 4.80246252311e-24, 3.58527184003e-24, 2.27559392113e-24, 3.32939060593e-24, 2.88394136313e-24, 2.59065589478e-24, 3.45249984437e-24, 3.70606695501e-24, 3.71277108941e-24, 2.44607662351e-24, 2.49101507105e-24, 3.39187075621e-24, 3.67224020496e-24, 4.77930353909e-24, 4.49344677388e-24, 4.21345440064e-24, 3.70050745778e-24, 4.7436525482e-24, 5.38087861022e-24, 4.56379738941e-24, 5.27441630903e-24, 5.36195068166e-24, 6.14786282482e-24, 5.8495018254e-24, 6.90100016395e-24, 6.56465985067e-24, 7.24949130174e-24, 6.78485459515e-24, 6.45116998211e-24], "dmean": [0.00146884366404, 0.00162076717243, 0.000597630161792, 0.000346171291312, 0.000133320718305, 0.000205892094527, 0.00015188557154, 8.54789614095e-05, 5.81096282986e-05, 0.000141786964377, 0.000133916197228, 6.09171947872e-05, 8.18877160782e-05, 8.21817666292e-05, 3.71583882952e-05, 2.76761566056e-05, 1.72794570972e-05, 2.6906878702e-05, 1.31966007757e-05, 9.0250177891e-06, 7.56776580602e-06, 3.91877483708e-06, 5.62259947401e-06, 4.45368232249e-06, 2.62582557298e-06, 2.22090238822e-06, 2.39542760028e-06, 1.87346790881e-06, 9.64178525464e-07, 5.71581324493e-07, 4.92819367537e-07, 4.77404682897e-07, 4.54046983123e-07, 4.43186820576e-07, 3.52782535629e-07, 2.85367605102e-07, 2.02728259069e-07, 1.42357606592e-07, 1.09541439031e-07, 8.88314701797e-08], "mean": [0.00136839761399, 0.00199857680127, 0.000948661821894, 0.000504756579176, 0.000249647360761, 0.000351710856194, 0.000252835714491, 0.000157597125508, 0.000103912330815, 0.000278913823422, 0.00026211453951, 0.000124911719467, 0.000154909459525, 0.000157520596986, 8.05555318948e-05, 4.5647197112e-05, 2.89617382805e-05, 4.83974872623e-05, 1.94991553144e-05, 1.64973771462e-05, 1.24877415146e-05, 6.95430935593e-06, 9.50936373556e-06, 7.94448351371e-06, 4.58418162452e-06, 3.67822849512e-06, 3.97977555622e-06, 3.16682758239e-06, 1.25581732391e-06, 6.77923765124e-07, 5.72830629153e-07, 6.09383221217e-07, 5.58383362659e-07, 5.34536070518e-07, 4.73987682881e-07, 3.91780019982e-07, 2.63456172434e-07, 1.83848840152e-07, 1.35186695616e-07, 1.06128354105e-07], "max": [0.0491595491767, 0.0741074085236, 0.0302953515202, 0.0280739758164, 0.00747244758531, 0.0133678391576, 0.00977087393403, 0.00678100856021, 0.00668478384614, 0.0188938882202, 0.0148022640496, 0.00506561389193, 0.0151552520692, 0.00530768791214, 0.00647331727669, 0.00531991571188, 0.00690725678578, 0.0104392450303, 0.00173531111795, 0.00225861044601, 0.00265335361473, 0.000615076860413, 0.00118029676378, 0.000678427983075, 0.000391931534978, 0.000182185336598, 0.000149755112943, 0.000206705881283, 0.00010254947847, 4.21097211074e-05, 4.34857647633e-05, 0.000133794004796, 5.27382435394e-05, 4.3169966375e-05, 3.73490620404e-05, 2.96215403068e-05, 2.67301838903e-05, 1.99305104616e-05, 1.98197431018e-05, 2.01926959562e-05], "dmean2": [0.00262592034414, 0.00288448669016, 0.000973699847236, 0.000565530732274, 0.000211903548916, 0.000314806413371, 0.000237636864767, 0.000132126049721, 8.67108392413e-05, 0.000209048681427, 0.000191046885448, 8.93143514986e-05, 0.000120575256005, 0.000121984725411, 5.20889407198e-05, 3.88396365452e-05, 2.55813993135e-05, 3.76239440811e-05, 1.89253460121e-05, 1.28887995743e-05, 1.07047808342e-05, 5.82503344049e-06, 8.08717595646e-06, 6.56684869682e-06, 3.94235530621e-06, 3.46590354638e-06, 3.70028737962e-06, 2.82489941128e-06, 1.53688074533e-06, 9.23613583836e-07, 7.96683252702e-07, 7.37884647606e-07, 7.08303275587e-07, 6.98784617725e-07, 5.36917525551e-07, 4.30075886015e-07, 3.08075129851e-07, 2.15044806851e-07, 1.5737256831e-07, 1.30965446488e-07], "median": [0.000282052613329, 0.000650777015835, 0.000491138664074, 0.000257808074821, 9.43725099205e-05, 7.99946647021e-05, 6.59587458358e-05, 4.05492137361e-05, 1.51074418682e-05, 1.73220196302e-05, 3.42340827046e-05, 1.03208458313e-05, 1.46753573063e-05, 4.0547176468e-05, 4.01243505621e-06, 2.7579703783e-06, 1.60633612722e-06, 2.40062672674e-06, 1.66218137565e-06, 8.07405456271e-07, 6.62647153149e-07, 5.32549393029e-07, 4.99313500768e-07, 4.9713514727e-07, 3.77096426973e-07, 3.22642989659e-07, 3.78471156637e-07, 2.88972614726e-07, 1.80901835733e-07, 6.51979803479e-08, 4.35612292904e-08, 4.38465761476e-08, 4.57712410196e-08, 4.51931860823e-08, 4.88878519889e-08, 4.21868371348e-08, 3.11203685044e-08, 1.94470217707e-08, 1.21804877296e-08, 8.6148901346e-09], "dvar": [2.56112016359e-05, 2.65860562649e-05, 2.43455951932e-06, 1.05024275854e-06, 1.00491071464e-07, 3.28468217958e-07, 2.14256417053e-07, 4.7718209828e-08, 5.93443552077e-08, 4.95982135362e-07, 2.64458122956e-07, 3.57555229868e-08, 1.84421935501e-07, 5.56006263253e-08, 2.41693491887e-08, 1.59473163563e-08, 8.89888518429e-09, 1.86833002402e-08, 3.14934567314e-09, 2.36422836863e-09, 2.37233166445e-09, 3.04849728794e-10, 6.79463429964e-10, 2.71857703016e-10, 7.28504201408e-11, 4.68136709952e-11, 6.158348137e-11, 4.63359559055e-11, 1.42192143476e-11, 5.47034249496e-12, 4.36958151953e-12, 8.00746708524e-12, 3.29128044263e-12, 2.94174515476e-12, 1.85266624091e-12, 1.06442534908e-12, 6.84111675728e-13, 3.40032011879e-13, 2.16757642109e-13, 1.80913321975e-13]}, "spectral_skewness": {"dvar2": 0.616446256638, "var": 1.11129450798, "min": -0.427821308374, "dmean": 0.504763782024, "mean": 2.33745455742, "max": 7.61787939072, "dmean2": 0.798594594002, "median": 2.20486664772, "dvar": 0.255765795708}, "melbands_flatness_db": {"dvar2": 0.00246719899587, "var": 0.00831760466099, "min": 0.000226922275033, "dmean": 0.0290476344526, "mean": 0.296381503344, "max": 0.615934431553, "dmean2": 0.0431832261384, "median": 0.291716307402, "dvar": 0.00107309047598}, "spectral_decrease": {"dvar2": 1.41793527129e-16, "var": 6.68470394865e-17, "min": -9.6999137611e-08, "dmean": 3.01927438606e-09, "mean": -5.96587357293e-09, "max": 1.53627254803e-28, "dmean2": 4.90962603905e-09, "median": -3.51466789006e-09, "dvar": 5.40199166404e-17}, "erbbands_crest": {"dvar2": 18.0177154541, "var": 27.1039009094, "min": 2.63286566734, "dmean": 2.81469464302, "mean": 11.9415912628, "max": 33.3135414124, "dmean2": 4.41484355927, "median": 10.8619327545, "dvar": 7.86207675934}, "gfcc": {"mean": [-121.425460815, 162.542648315, -123.422042847, 36.8534889221, -64.1206970215, 17.3818206787, -24.7649860382, -5.55575370789, -13.2437944412, -22.6165027618, 9.92437553406, -21.6941242218, 5.57835483551