{"metadata": {"tags": {"album": ["wellness lounge no.3"], "albumartist": ["Various Artists"], "genre": ["New Age"], "artist": ["Various Artists"], "date": ["2004"], "tracknumber": ["5"], "title": ["\u00c7\u00fa\u00c4\u00bf 5"], "file_name": "247284.mp3", "musicbrainz_recordingid": ["0a5c4dd1-ab5c-458c-8f8f-cb2e81d1d3cf"], "length": ["180600"]}, "audio_properties": {"sample_rate": 44100, "downmix": "mix", "lossless": false, "analysis_sample_rate": 44100, "md5_encoded": "69f6d625400a00e748499c4aa7ebfa18", "equal_loudness": 0, "replay_gain": -10.1731071472, "codec": "mp3", "bit_rate": 256000, "length": 180.558364868}, "version": {"extractor": "music 1.0", "essentia_build_sha": "70f2e5ece6736b2c40cc944ad0e695b16b925413", "essentia_git_sha": "v2.1_beta2", "essentia": "2.1-beta2"}}, "rhythm": {"beats_loudness_band_ratio": {"dvar2": [0.0504161976278, 0.055098656565, 0.0202224384993, 0.00869931746274, 0.0244088526815, 2.26217343879e-05], "var": [0.118939764798, 0.0898387357593, 0.0285097435117, 0.0309831537306, 0.0104061318561, 9.44230305322e-06], "min": [7.85927113611e-05, 5.98457654633e-06, 0.000247792777373, 0.00110210571438, 4.67658210255e-05, 2.46386798608e-06], "dmean": [0.112926460803, 0.14419016242, 0.0922098606825, 0.0290591269732, 0.0363867580891, 0.00123031297699], "mean": [0.435746282339, 0.402283072472, 0.19979557395, 0.0717147886753, 0.0403292477131, 0.00112900999375], "max": [0.979001939297, 0.98398822546, 0.80668514967, 0.950982749462, 0.739776849747, 0.0277911573648], "dmean2": [0.198121398687, 0.256067425013, 0.154950916767, 0.0505391545594, 0.0665398240089, 0.00208434090018], "median": [0.52125120163, 0.308514386415, 0.134630709887, 0.0166509021074, 0.00603156210855, 0.000171790801687], "dvar": [0.0175775028765, 0.018118629232, 0.0072172684595, 0.00342390197329, 0.00856228172779, 9.63347065408e-06]}, "bpm_histogram_first_peak_weight": {"dvar2": 0, "var": 0, "min": 0.535947740078, "dmean": 0, "mean": 0.535947740078, "max": 0.535947740078, "dmean2": 0, "median": 0.535947740078, "dvar": 0}, "bpm": 101.998588562, "beats_count": 307, "bpm_histogram_first_peak_spread": {"dvar2": 0, "var": 0, "min": 0.392592668533, "dmean": 0, "mean": 0.392592668533, "max": 0.392592668533, "dmean2": 0, "median": 0.392592668533, "dvar": 0}, "danceability": 1.10530567169, "bpm_histogram_first_peak_bpm": {"dvar2": 0, "var": 0, "min": 101, "dmean": 0, "mean": 101, "max": 101, "dmean2": 0, "median": 101, "dvar": 0}, "beats_position": [0.510838985443, 1.03328800201, 1.5673469305, 2.10140585899, 2.63546490669, 3.1811337471, 3.72680258751, 4.27247142792, 4.81814050674, 5.36380958557, 5.90947818756, 6.45514726639, 6.98920631409, 7.53487491608, 8.08054447174, 8.62621307373, 9.17188167572, 9.71755123138, 10.4025392532, 11.0643081665, 11.7260770798, 12.387845993, 13.0496139526, 13.7113828659, 14.361541748, 14.9884805679, 15.6154193878, 16.242357254, 16.8576869965, 17.4846248627, 18.088344574, 18.6920623779, 19.2957820892, 19.8994998932, 20.5032196045, 21.1069393158, 21.6990470886, 22.2911567688, 22.8832645416, 23.4753742218, 24.0558719635, 24.6479816437, 25.2400894165, 25.8205890656, 26.4126987457, 27.0048065186, 27.5853061676, 28.1774139404, 28.7695236206, 29.3500213623, 29.9421310425, 30.5342407227, 31.1147384644, 31.7068481445, 32.2989578247, 32.8794555664, 33.4715652466, 34.0636711121, 34.6441726685, 35.2246704102, 35.8167800903, 36.4088897705, 36.9893875122, 37.5814971924, 38.1736030579, 38.765712738, 39.3578224182, 39.9383201599, 40.5304298401, 41.1225395203, 41.703037262, 42.2951469421, 42.8872566223, 43.467754364, 44.0598640442, 44.6519737244, 45.2324714661, 45.8129692078, 46.4050788879, 46.9971885681, 47.5776863098, 48.16979599, 48.7619056702, 49.3540115356, 49.9461212158, 50.5266189575, 51.1071205139, 51.6992263794, 52.2913360596, 52.871837616, 53.4639434814, 54.0560531616, 54.6481628418, 55.2286605835, 55.8207702637, 56.4012680054, 56.9933776855, 57.5854873657, 58.1659851074, 58.7580947876, 59.3502044678, 59.9423103333, 60.5344200134, 61.1149177551, 61.7070274353, 62.2991371155, 62.8796348572, 63.4717445374, 64.0638504028, 64.6443557739, 65.2248535156, 65.8169631958, 66.409072876, 66.9895706177, 67.5816802979, 68.1737823486, 68.7542877197, 69.3463897705, 69.9268951416, 70.5189971924, 71.0995025635, 71.6916122437, 72.2837142944, 72.8758239746, 73.4679336548, 74.0484313965, 74.6289291382, 75.2210388184, 75.8131484985, 76.4052581787, 76.9973678589, 77.5894775391, 78.1815872192, 78.7620849609, 79.3425827026, 79.9346923828, 80.5151901245, 81.1072998047, 81.6877975464, 82.291519165, 82.8952331543, 83.4757385254, 84.0562362671, 84.6367340088, 85.228843689, 85.8209533691, 86.4130630493, 87.0051651001, 87.5856704712, 88.1661682129, 88.7466659546, 89.3387756348, 89.9308853149, 90.5229949951, 91.1150970459, 91.7072067261, 92.2993164062, 92.8798141479, 93.4719238281, 94.0640335083, 94.64453125, 95.2366409302, 95.8171386719, 96.4092483521, 97.0129699707, 97.5934677124, 98.1739654541, 98.7544631958, 99.346572876, 99.9386825562, 100.530792236, 101.122901917, 101.703399658, 102.2838974, 102.87600708, 103.46811676, 104.048614502, 104.640724182, 105.232833862, 105.824943542, 106.405441284, 106.997550964, 107.578048706, 108.170158386, 108.762268066, 109.342765808, 109.934875488, 110.51537323, 111.10748291, 111.69959259, 112.291702271, 112.872200012, 113.452697754, 114.044807434, 114.636917114, 115.229019165, 115.821128845, 116.413238525, 117.005348206, 117.585845947, 118.166343689, 118.74684906, 119.350563049, 119.942672729, 120.53478241, 121.115280151, 121.707389832, 122.287887573, 122.879997253, 123.460494995, 124.052604675, 124.644714355, 125.225212097, 125.817321777, 126.397819519, 126.989929199, 127.582038879, 128.17414856, 128.76625061, 129.35836792, 129.938858032, 130.519363403, 131.099868774, 131.691970825, 132.284072876, 132.876190186, 133.468292236, 134.060409546, 134.652511597, 135.233016968, 135.81350708, 136.40562439, 136.99772644, 137.578231812, 138.170333862, 138.762451172, 139.354553223, 139.946670532, 140.527160645, 141.107666016, 141.688156128, 142.280273438, 142.872375488, 143.464492798, 144.056594849, 144.648712158, 145.240814209, 145.82131958, 146.401809692, 146.993927002, 147.586029053, 148.166534424, 148.747024536, 149.339141846, 149.931243896, 150.523345947, 151.115463257, 151.707565308, 152.299682617, 152.880172729, 153.460678101, 154.052780151, 154.644897461, 155.225387573, 155.817504883, 156.409606934, 156.990112305, 157.582214355, 158.174331665, 158.754821777, 159.346939087, 159.939041138, 160.519546509, 161.11164856, 161.703765869, 162.284255981, 162.864761353, 163.456863403, 164.048980713, 164.641082764, 165.233200073, 165.813690186, 166.405807495, 166.997909546, 167.578414917, 168.170516968, 168.762634277, 169.34312439, 169.935241699, 170.52734375, 171.107849121, 171.699951172, 172.292053223, 172.802902222, 173.3253479, 173.836181641, 174.335418701, 174.834640503, 175.345489502, 175.867935181, 176.378768921, 176.947662354, 177.516555786, 178.08543396, 178.654327393, 179.234832764, 179.803710938], "beats_loudness": {"dvar2": 0.00709824031219, "var": 0.00311298854649, "min": 1.19975833712e-08, "dmean": 0.0326225087047, "mean": 0.062644675374, "max": 0.305315941572, "dmean2": 0.0591406598687, "median": 0.0580883733928, "dvar": 0.00230923597701}, "bpm_histogram_second_peak_weight": {"dvar2": 0, "var": 0, "min": 0.0392156876624, "dmean": 0, "mean": 0.0392156876624, "max": 0.0392156876624, "dmean2": 0, "median": 0.0392156876624, "dvar": 0}, "bpm_histogram_second_peak_spread": {"dvar2": 0, "var": 0, "min": 0.25, "dmean": 0, "mean": 0.25, "max": 0.25, "dmean2": 0, "median": 0.25, "dvar": 0}, "bpm_histogram_second_peak_bpm": {"dvar2": 0, "var": 0, "min": 110, "dmean": 0, "mean": 110, "max": 110, "dmean2": 0, "median": 110, "dvar": 0}, "onset_rate": 2.87977004051}, "lowlevel": {"spectral_energyband_high": {"dvar2": 5.23617949e-08, "var": 2.79289498195e-08, "min": 7.41558856542e-21, "dmean": 4.17265946453e-05, "mean": 4.79544542031e-05, "max": 0.00241410220042, "dmean2": 7.04891790519e-05, "median": 1.74161675659e-06, "dvar": 2.01853183057e-08}, "spectral_energyband_middle_low": {"dvar2": 0.000378387223464, "var": 0.00021551141981, "min": 3.79366213303e-22, "dmean": 0.00538559025154, "mean": 0.0145803932101, "max": 0.200269326568, "dmean2": 0.00861036032438, "median": 0.0117165977135, "dvar": 0.000140446412843}, "spectral_energy": {"dvar2": 0.00111998408101, "var": 0.00223139370792, "min": 1.05874950192e-20, "dmean": 0.0123866088688, "mean": 0.0514470897615, "max": 0.316742539406, "dmean2": 0.0192497055978, "median": 0.0445748381317, "dvar": 0.000449276762083}, "spectral_spread": {"dvar2": 906351149056, "var": 1459667075070.0, "min": 192447.8125, "dmean": 425924.5625, "mean": 1757195.75, "max": 40599492, "dmean2": 698872.875, "median": 1555579.5, "dvar": 431901835264}, "spectral_energyband_low": {"dvar2": 0.000709884450771, "var": 0.00163358810823, "min": 5.99463353595e-23, "dmean": 0.00871373713017, "mean": 0.0356294736266, "max": 0.284380465746, "dmean2": 0.013341804035, "median": 0.0257370360196, "dvar": 0.000294399185805}, "spectral_rolloff": {"dvar2": 360909.1875, "var": 791296.5625, "min": 21.533203125, "dmean": 120.404663086, "mean": 597.863830566, "max": 18949.21875, "dmean2": 211.793548584, "median": 387.59765625, "dvar": 171865.828125}, "barkbands": {"dvar2": [5.33229467692e-06, 0.000565462280065, 8.76500635059e-05, 2.69819543064e-06, 1.97151221073e-05, 8.07678661658e-05, 4.68334001198e-05, 6.54456016491e-06, 4.56024972664e-05, 6.06709409112e-06, 5.76507488859e-07, 1.73776939505e-07, 5.52901973094e-08, 5.20597325249e-08, 1.52355440264e-07, 6.61044836647e-08, 3.95405095333e-06, 1.31570967454e-08, 7.8653075164e-09, 8.72807692787e-09, 5.86156367888e-09, 1.32202637726e-09, 5.41612710236e-09, 1.70220990081e-10, 1.18805321137e-09, 3.08218145451e-10, 7.14486542847e-12], "var": [2.29558918363e-06, 0.00124169350602, 0.000183079173439, 2.47689467869e-06, 1.40698411997e-05, 5.04522467963e-05, 1.51590002133e-05, 3.90050809074e-06, 9.26412212721e-06, 1.31199419684e-06, 2.36925629338e-07, 9.41460740478e-08, 1.99689953462e-08, 8.45943972649e-08, 3.57025271569e-07, 6.22064035838e-08, 8.88349768502e-06, 4.24768353824e-09, 7.58271934131e-09, 1.66071767449e-09, 1.37110123255e-09, 1.79626102881e-09, 7.17923187565e-09, 3.1506942888e-11, 2.16330869884e-10, 5.59255419752e-11, 1.25745171654e-12], "min": [1.37029399086e-24, 2.21365445612e-23, 1.91051824498e-23, 4.42327309985e-23, 6.59150967822e-23, 4.46249242416e-23, 4.19253223171e-23, 2.93670984681e-23, 1.3044051095e-22, 6.87819750839e-23, 6.28529280747e-23, 5.38201677873e-23, 9.85487830618e-23, 8.86236254531e-23, 1.3901507558e-22, 2.42670679085e-22, 1.42528838757e-22, 2.75345247292e-22, 2.48612682346e-22, 3.81272378929e-22, 4.49444122771e-22, 3.84667661509e-22, 6.84283697609e-22, 6.74718008137e-22, 1.17896178626e-21, 1.51197720859e-21, 2.55705377445e-21], "dmean": [0.000209593825275, 0.00709242001176, 0.00241094897501, 0.000378506840207, 0.00155303045176, 0.00259478017688, 0.0013235664228, 0.000442912016297, 0.00056370900711, 0.000273264333373, 0.00019707591855, 0.000108774387627, 5.71731070522e-05, 4.60856244899e-05, 0.000107524356281, 5.00633832416e-05, 0.00036906535388, 2.02924511541e-05, 1.52563743541e-05, 1.51406229634e-05, 1.05855069705e-05, 7.97196207714e-06, 1.28431356643e-05, 1.54832002863e-06, 3.22419714394e-06, 1.98926227313e-06, 2.60558010723e-07], "mean": [0.000515224470291, 0.0279393345118, 0.00655667716637, 0.000854525889736, 0.00307342875749, 0.00684268586338, 0.00248231878504, 0.000767053337768, 0.000404315447668, 0.000305528490571, 0.000249423872447, 0.000148751569213, 8.21559078759e-05, 7.24443525542e-05, 0.000266229297267, 8.48393465276e-05, 0.000713650311809, 2.08269866562e-05, 1.54675562953e-05, 9.73841360974e-06, 8.44007354317e-06, 1.22911615108e-05, 1.73269327206e-05, 1.05139383777e-06, 2.04551201932e-06, 1.21740231407e-06, 1.47348259816e-07], "max": [0.0451252311468, 0.280579954386, 0.194559276104, 0.015738395974, 0.059678401798, 0.0953470766544, 0.0751474127173, 0.030468409881, 0.0644751638174, 0.0231112185866, 0.0056562111713, 0.00426807254553, 0.00153515045531, 0.00752144586295, 0.0156014999375, 0.00301401130855, 0.0647765621543, 0.0010831769323, 0.00352065986954, 0.000616803532466, 0.000725121644791, 0.000683201244101, 0.00173243985046, 0.00012766054715, 0.000390900473576, 0.000174122484168, 2.78317602351e-05], "dmean2": [0.000361413869541, 0.010802376084, 0.00360224605538, 0.000599925522693, 0.0025294192601, 0.00400587823242, 0.00207425304689, 0.000627695408184, 0.00103584025055, 0.000482146948343, 0.000323430460412, 0.000170197788975, 9.99659459922e-05, 7.13188201189e-05, 0.000171608713572, 7.96432286734e-05, 0.000484044343466, 3.58738179784e-05, 2.53273392445e-05, 2.88127357635e-05, 1.88942831301e-05, 1.249883735e-05, 1.87115965673e-05, 2.94941855827e-06, 6.18992226009e-06, 3.84019631383e-06, 5.06381411469e-07], "median": [2.63806832663e-05, 0.0140209915116, 0.000968738750089, 0.000148702500155, 0.00192791584413, 0.00527213141322, 0.00143042474519, 0.00019582969253, 5.28466516698e-05, 0.000102833248093, 9.19021331356e-05, 5.02228394907e-05, 2.8936752642e-05, 9.22687831917e-06, 1.43820052472e-05, 2.98283771372e-06, 2.25265175686e-05, 1.78376615168e-06, 7.6885908129e-07, 7.23944538095e-07, 3.19583932651e-07, 4.03379544878e-07, 1.58257137173e-07, 6.26247214086e-08, 4.24278852051e-08, 3.62447600821e-08, 5.43827871624e-09], "dvar": [1.8329485556e-06, 0.000238485139562, 4.10264947277e-05, 1.04583102711e-06, 7.6673914009e-06, 2.94578767353e-05, 1.66029713e-05, 2.75396723737e-06, 1.59764767886e-05, 2.07948164643e-06, 2.19776808308e-07, 6.77178562114e-08, 1.98047622746e-08, 2.63995119099e-08, 7.18359345342e-08, 2.65404231925e-08, 2.47666707764e-06, 4.71578509575e-09, 3.63096752665e-09, 3.00784530616e-09, 2.04554484462e-09, 6.22401685746e-10, 3.15710901866e-09, 5.8041540324e-11, 4.02128275123e-10, 1.046867662e-10, 2.41807398757e-12]}, "melbands_skewness": {"dvar2": 1.19829177856, "var": 3.20188808441, "min": -2.5909705162, "dmean": 0.624500155449, "mean": 2.65313243866, "max": 16.0931987762, "dmean2": 0.909656405449, "median": 2.43814945221, "dvar": 0.506717085838}, "barkbands_skewness": {"dvar2": 1.33086240292, "var": 3.56732034683, "min": -4.65589666367, "dmean": 0.599112093449, "mean": 2.30825424194, "max": 25.9462566376, "dmean2": 0.862612128258, "median": 2.02527236938, "dvar": 0.606161117554}, "erbbands": {"dvar2": [0.608895897865, 28.2588367462, 117.431694031, 52.2300758362, 116.560348511, 350.8046875, 1497.2454834, 7195.99365234, 19157.2597656, 984.493530273, 7083.95361328, 33000.9882812, 5344.64013672, 5791.51855469, 1409.82836914, 201.779571533, 123.515136719, 122.066078186, 391.476409912, 266.130615234, 301.906097412, 19027.75, 89.9460754395, 39.4341392517, 17.1768302917, 19.6483268738, 14.825340271, 6.4353556633, 2.16516280174, 14.8551807404, 0.336312949657, 0.0928061902523, 0.0442374907434, 0.0691036581993, 0.100954040885, 0.0151199176908, 0.000474867410958, 1.59337632795e-05, 2.36344149585e-07, 2.85465806549e-09], "var": [1.73586416245, 56.5666313171, 275.524414062, 74.2568969727, 83.4570236206, 211.25201416, 1202.60412598, 3371.70117188, 8045.40429688, 368.779663086, 3498.8918457, 6984.19726562, 1175.42675781, 1221.1060791, 431.539489746, 117.582580566, 56.555316925, 255.606674194, 381.776062012, 613.096618652, 466.380584717, 42087.9765625, 149.649703979, 64.2514266968, 3.7244758606, 3.7311861515, 2.687322855, 3.04619312286, 3.16554403305, 20.8764724731, 0.301293045282, 0.0279529001564, 0.00818999111652, 0.0127046462148, 0.0179533287883, 0.00277395010926, 8.61456719576e-05, 2.84003817796e-06, 4.23165751329e-08, 2.96691182733e-09], "min": [1.23372615113e-21, 2.76007067513e-21, 1.53340948653e-20, 9.23358259468e-20, 2.51427234052e-19, 1.42656137128e-19, 3.16598519769e-19, 3.01379947461e-19, 7.3845256716e-19, 3.58404848312e-19, 8.06906467438e-19, 3.73909955984e-18, 2.59371848886e-18, 1.32285660051e-18, 3.43708992114e-18, 1.95624968185e-18, 3.26122884137e-18, 3.62200263156e-18, 7.88442255542e-18, 8.61615314273e-18, 1.36761186929e-17, 7.84877686128e-18, 1.35769703432e-17, 1.17144160297e-17, 1.75440028295e-17, 1.82159679632e-17, 1.31125506154e-17, 2.08825699562e-17, 1.36186445296e-17, 1.85757137747e-17, 1.62085991399e-17, 1.36785820368e-17, 1.37102250039e-17, 1.2065038039e-17, 8.41039775562e-18, 5.16653246929e-18, 3.2692101003e-18, 1.24958566563e-18, 4.05258658804e-19, 3.58266172775e-20], "dmean": [0.186654910445, 1.68494033813, 2.99863171577, 1.78807008266, 2.3815639019, 6.76101064682, 12.075217247, 20.9733085632, 31.0503807068, 6.10910320282, 12.488817215, 15.3737211227, 8.29227733612, 8.84143733978, 8.25033187866, 3.97702622414, 2.78901529312, 2.52136230469, 5.21408891678, 3.98685908318, 4.60001277924, 24.694776535, 2.14908671379, 1.17923247814, 0.615370750427, 0.698957085609, 0.508333146572, 0.434643745422, 0.308670163155, 0.657349765301, 0.116977035999, 0.0436231121421, 0.0253823511302, 0.0288023557514, 0.0267114136368, 0.0123228700832, 0.00268632150255, 0.000436032074504, 4.8641461035e-05, 1.61472798936e-05], "mean": [0.80191475153, 6.19249534607, 9.1624288559, 4.83544588089, 4.32999801636, 12.1247673035, 30.7226829529, 47.6276512146, 61.9788742065, 12.6392393112, 20.3727378845, 11.6991481781, 10.1024780273, 8.87146091461, 8.76756668091, 5.82033061981, 4.38101768494, 4.81003093719, 10.4248628616, 10.1902313232, 9.4074010849, 45.8479270935, 3.38992571831, 1.49672579765, 0.493516653776, 0.458916515112, 0.30056065321, 0.443602383137, 0.479947507381, 0.943816781044, 0.147844254971, 0.0437110327184, 0.0172451566905, 0.0181120876223, 0.016532253474, 0.00779501069337, 0.00164442940149, 0.000266397779342, 4.83570001961e-05, 5.80908599659e-05], "max": [12.7658596039, 58.6867752075, 210.279968262, 118.147796631, 201.634506226, 167.32661438, 420.104095459, 981.937316895, 1734.17272949, 404.330718994, 885.840393066, 1819.02185059, 678.097595215, 691.663146973, 217.227127075, 151.105529785, 92.2363510132, 416.712493896, 336.963043213, 527.855834961, 316.454986572, 4544.26855469, 265.880310059, 312.135131836, 31.5125617981, 31.2296619415, 36.3427810669, 27.2659721375, 29.5362548828, 92.2771759033, 8.90531539917, 3.74705600739, 1.79969131947, 2.6384806633, 3.75582790375, 1.42411494255, 0.167546063662, 0.0340332239866, 0.00599020393565, 0.000476689252537], "dmean2": [0.275863617659, 2.57002091408, 4.60121822357, 2.62769508362, 3.63034892082, 11.403626442, 20.3356018066, 31.7643013, 45.5718421936, 9.81637954712, 18.0068531036, 27.8023796082, 14.4839515686, 15.7754917145, 13.8069190979, 6.20523309708, 4.64782619476, 3.82073712349, 8.7643289566, 6.20947599411, 6.48053693771, 32.3407897949, 3.21539664268, 1.86235117912, 1.11236214638, 1.32611429691, 0.979808449745, 0.713547646999, 0.487628728151, 0.932772815228, 0.187004134059, 0.0786168351769, 0.048445802182, 0.0553416982293, 0.0515283495188, 0.0236565358937, 0.00519871665165, 0.000846317503601, 9.22782928683e-05, 2.59788448602e-05], "median": [0.139980360866, 3.76796770096, 2.84413027763, 1.1163482666, 1.49609315395, 7.39189147949, 18.4272956848, 33.3762893677, 35.1922607422, 6.59031057358, 4.64201116562, 1.89501321316, 3.37284588814, 2.8731379509, 2.3443775177, 2.37691569328, 1.73608446121, 0.877326607704, 0.831590652466, 0.696874260902, 1.24854302406, 1.07059586048, 0.200395002961, 0.0805978104472, 0.052283257246, 0.0345698222518, 0.0141624556854, 0.0128524079919, 0.0152413221076, 0.0102325901389, 0.00412451615557, 0.00197600456886, 0.000966391642578, 0.000475239241496, 0.000361682032235, 0.000218005676288, 7.38303278922e-05, 1.70404109667e-05, 2.42677178903e-05, 5.05359239469e-05], "dvar": [0.270173817873, 11.7474746704, 51.1187133789, 23.3982963562, 53.1904449463, 121.955375671, 490.63659668, 2638.86181641, 6974.43457031, 353.237182617, 2857.26708984, 11644.9599609, 1824.32836914, 2001.29040527, 528.532775879, 79.4247970581, 45.5163650513, 67.9806594849, 141.189620972, 124.905441284, 148.099395752, 11967.9140625, 48.9236793518, 21.4072532654, 6.01635551453, 6.75798273087, 5.05918169022, 2.51505708694, 1.04837596416, 8.75996208191, 0.153519496322, 0.0325188413262, 0.0150775015354, 0.0234719645232, 0.0340856537223, 0.00512799154967, 0.000161638337886, 5.41443023394e-06, 7.99313824018e-08, 1.05745023848e-09]}, "silence_rate_30dB": {"dvar2": 0.144224718213, "var": 0.100244954228, "min": 0, "dmean": 0.0648148134351, "mean": 0.886974394321, "max": 1, "dmean2": 0.12964630127, "median": 1, "dvar": 0.0606182031333}, "melbands_spread": {"dvar2": 49.9382247925, "var": 131.071304321, "min": 0.159087687731, "dmean": 2.2224843502, "mean": 7.91293954849, "max": 158.45954895, "dmean2": 3.29090619087, "median": 4.61549901962, "dvar": 22.3582801819}, "melbands_crest": {"dvar2": 13.0565376282, "var": 34.3023414612, "min": 2.35159134865, "dmean": 2.17779159546, "mean": 18.8421707153, "max": 38.2486610413, "dmean2": 3.3411822319, "median": 18.2711315155, "dvar": 5.35896682739}, "zerocrossingrate": {"dvar2": 5.12910628458e-05, "var": 0.000738346076105, "min": 0.001953125, "dmean": 0.00338619528338, "mean": 0.0230030249804, "max": 0.515625, "dmean2": 0.0040887510404, "median": 0.0166015625, "dvar": 4.66172277811e-05}, "barkbands_kurtosis": {"dvar2": 798.523620605, "var": 1091.62084961, "min": -1.96477258205, "dmean": 6.03927659988, "mean": 13.7580509186, "max": 974.798461914, "dmean2": 8.82358360291, "median": 6.76122760773, "dvar": 383.634002686}, "spectral_flux": {"dvar2": 0.00362775172107, "var": 0.00290554575622, "min": 1.02895553189e-10, "dmean": 0.0248544961214, "mean": 0.0583738908172, "max": 0.503344595432, "dmean2": 0.0401303172112, "median": 0.0442724451423, "dvar": 0.0015584747307}, "barkbands_crest": {"dvar2": 10.4651641846, "var": 24.4991970062, "min": 3.76067948341, "dmean": 1.96570265293, "mean": 15.2157859802, "max": 26.6472873688, "dmean2": 3.0108590126, "median": 14.6762313843, "dvar": 4.41867351532}, "barkbands_flatness_db": {"dvar2": 0.00450912583619, "var": 0.0103403748944, "min": 0.055443059653, "dmean": 0.0341223999858, "mean": 0.358921319246, "max": 0.627568006516, "dmean2": 0.0515169017017, "median": 0.349305927753, "dvar": 0.00193505967036}, "spectral_entropy": {"dvar2": 0.385805815458, "var": 0.631081998348, "min": 3.55695414543, "dmean": 0.26215711236, "mean": 5.73542976379, "max": 9.77211475372, "dmean2": 0.402732431889, "median": 5.81640195847, "dvar": 0.158120259643}, "pitch_salience": {"dvar2": 0.00974870659411, "var": 0.0167484860867, "min": 0.024848330766, "dmean": 0.0573593899608, "mean": 0.399590879679, "max": 0.901962935925, "dmean2": 0.0888026058674, "median": 0.402064949274, "dvar": 0.00381244928576}, "erbbands_spread": {"dvar2": 73.7808685303, "var": 229.329391479, "min": 0.764794707298, "dmean": 4.21847200394, "mean": 20.4913291931, "max": 135.778335571, "dmean2": 6.35164451599, "median": 16.9749889374, "dvar": 32.1893501282}, "dynamic_complexity": 4.58085298538, "spectral_contrast_valleys": {"dvar2": [0.380071848631, 0.446849763393, 0.647512078285, 0.807955801487, 1.42656075954, 1.52217197418], "var": [7.0948767662, 4.24167108536, 2.89718580246, 3.08889055252, 2.98329234123, 2.3558177948], "min": [-27.2281360626, -27.2297363281, -27.0844554901, -27.5930633545, -27.4577178955, -27.2690258026], "dmean": [0.381199389696, 0.374590933323, 0.434960126877, 0.412156492472, 0.520846188068, 0.603266596794], "mean": [-8.08389949799, -7.43530893326, -8.74755954742, -9.57023620605, -10.494184494, -13.4785614014], "max": [-4.80690002441, -4.12253141403, -5.25981807709, -5.83937215805, -6.18059110641, -8.72172641754], "dmean2": [0.641880095005, 0.619909226894, 0.709649503231, 0.657785832882, 0.799922645092, 0.976712346077], "median": [-7.20888757706, -6.9311542511, -8.27110481262, -9.30940437317, -10.11531353, -13.1289386749], "dvar": [0.141930550337, 0.180485337973, 0.275487542152, 0.351142853498, 0.634936273098, 0.630545794964]}, "hfc": {"dvar2": 215.561325073, "var": 161.117980957, "min": 1.19204706907e-16, "dmean": 3.92091560364, "mean": 11.4353237152, "max": 176.644241333, "dmean2": 6.0924706459, "median": 8.86144161224, "dvar": 85.6067504883}, "spectral_kurtosis": {"dvar2": 2807.66699219, "var": 4732.77001953, "min": -1.16841375828, "dmean": 24.4994297028, "mean": 61.9277229309, "max": 385.147827148, "dmean2": 41.1033172607, "median": 31.9517364502, "dvar": 1093.17260742}, "mfcc": {"mean": [-803.551391602, 208.947647095, 15.4704256058, 16.1617889404, 9.75866222382, 2.84237146378, -20.7057056427, 0.245638862252, -4.97967433929, -11.313284874, -2.90270185471, 0.799642026424, 10.3852434158], "cov": [[12676.1582031, 3051.90844727, -1044.53015137, 1626.04760742, 1058.02770996, 1283.20996094, -14.233420372, 1004.60736084, 559.382202148, 289.89352417, 643.850097656, 519.380371094, 700.538452148], [3051.90844727, 4076.17016602, 602.817321777, 143.720092773, 701.290771484, 317.567993164, 207.293212891, -287.536529541, 344.068878174, 761.749206543, 155.979507446, -45.2095184326, 190.764221191], [-1044.53015137, 602.817321777, 1136.98303223, 68.9340591431, -200.749908447, -166.248138428, -23.373506546, -236.20022583, 43.4340248108, 221.914459229, 19.9156455994, -66.160736084, -22.3626441956], [1626.04760742, 143.720092773, 68.9340591431, 646.544433594, 166.81439209, 218.475708008, 14.0869655609, 324.928649902, 132.876342773, -3.27170562744, 206.123306274, 158.625183105, 134.389007568], [1058.02770996, 701.290771484, -200.749908447, 166.81439209, 540.326965332, 342.872650146, 155.01399231, 141.857147217, 195.654785156, 185.669509888, 101.932502747, 60.9079170227, 75.4070510864], [1283.20996094, 317.567993164, -166.248138428, 218.475708008, 342.872650146, 545.786865234, 226.811218262, 327.302978516, 194.700286865, 96.2237167358, 135.916702271, 114.0259552, 155.130477905], [-14.233420372, 207.293212891, -23.373506546, 14.0869655609, 155.01399231, 226.811218262, 536.203857422, 143.971557617, 153.634216309, 191.418228149, 50.2066116333, 115.553459167, 86.6087799072], [1004.60736084, -287.536529541, -236.20022583, 324.928649902, 141.857147217, 327.302978516, 143.971557617, 589.956481934, 130.960418701, -140.276489258, 164.57989502, 238.849197388, 180.923492432], [559.382202148, 344.068878174, 43.4340248108, 132.876342773, 195.654785156, 194.700286865, 153.634216309, 130.960418701, 277.994232178, 205.25567627, 81.0754165649, 41.7355575562, 84.877784729], [289.89352417, 761.749206543, 221.914459229, -3.27170562744, 185.669509888, 96.2237167358, 191.418228149, -140.276489258, 205.25567627, 441.363189697, 45.5441055298, -56.918548584, 17.3694839478], [643.850097656, 155.979507446, 19.9156455994, 206.123306274, 101.932502747, 135.916702271, 50.2066116333, 164.57989502, 81.0754165649, 45.5441055298, 208.33416748, 121.409729004, 55.7651138306], [519.380371094, -45.2095184326, -66.160736084, 158.625183105, 60.9079170227, 114.0259552, 115.553459167, 238.849197388, 41.7355575562, -56.918548584, 121.409729004, 244.756332397, 141.111099243], [700.538452148, 190.764221191, -22.3626441956, 134.389007568, 75.4070510864, 155.130477905, 86.6087799072, 180.923492432, 84.877784729, 17.3694839478, 55.7651138306, 141.111099243, 211.845169067]], "icov": [[0.00032490916783, -0.000337808567565, 0.000599477731157, -0.000766357348766, 0.00060683733318, -0.000567307870369, 0.00040705545689, 5.93215881963e-05, -3.64655934391e-05, -0.000275534635875, 0.000169209582964, -0.000373427610612, 2.95412269224e-06], [-0.000337808567565, 0.000894764263649, -0.000895609497093, 0.000876557955053, -0.00142481096555, 0.000697139301337, -0.000362223741831, 0.000217455119127, 0.000331771705532, -0.000167241916643, -0.000532695732545, 0.000708461622708, -0.000831115932669], [0.000599477731157, -0.000895609497093, 0.0025956465397, -0.00198529683985, 0.00243955641054, -0.00113114784472, 0.000788528530393, 0.000566423870623, -0.000437622220488, -0.00108450755943, 0.000338759884471, -0.00100530066993, 0.000356077711331], [-0.000766357348766, 0.000876557955053, -0.00198529683985, 0.00485561834648, -0.00225639296696, 0.00160005060025, -0.00045702335774, -0.00135624432005, -9.37409349717e-05, 0.00089666293934, -0.00238797720522, 0.00138805783354, -0.000900298531633], [0.00060683733318, -0.00142481096555, 0.00243955641054, -0.00225639296696, 0.0066971774213, -0.00369657902047, 0.00118050933816, 0.000621936225798, -0.00156312074978, -0.00135980849154, 0.00135510601103, -0.0026586856693, 0.00242652487941], [-0.000567307870369, 0.000697139301337, -0.00113114784472, 0.00160005060025, -0.00369657902047, 0.00662800343707, -0.00197902740911, -0.00228827353567, 0.000194712265511, 0.00072284048656, -0.0021819784306, 0.00379150151275, -0.00274905189872], [0.00040705545689, -0.000362223741831, 0.000788528530393, -0.00045702335774, 0.00118050933816, -0.00197902740911, 0.00408009300008, -0.000684650090989, -7.3508665082e-05, -0.00274215149693, 0.0019054816803, -0.00336848571897, 0.00129538157489], [5.93215881963e-05, 0.000217455119127, 0.000566423870623, -0.00135624432005, 0.000621936225798, -0.00228827353567, -0.000684650090989, 0.00692093931139, -0.00302701978944, 0.00332622602582, -0.00123079482, -0.00210753479041, -0.000980461132713], [-3.64655934391e-05, 0.000331771705532, -0.000437622220488, -9.37409349717e-05, -0.00156312074978, 0.000194712265511, -7.3508665082e-05, -0.00302701978944, 0.00971251074225, -0.00486855348572, -0.000170689905644, 0.00162440934218, -0.00166517379694], [-0.000275534635875, -0.000167241916643, -0.00108450755943, 0.00089666293934, -0.00135980849154, 0.00072284048656, -0.00274215149693, 0.00332622602582, -0.00486855348572, 0.00893369596452, -0.00295032910071, 0.00284162559547, -0.00128453411162], [0.000169209582964, -0.000532695732545, 0.000338759884471, -0.00238797720522, 0.00135510601103, -0.0021819784306, 0.0019054816803, -0.00123079482, -0.000170689905644, -0.00295032910071, 0.0118752997369, -0.00715903192759, 0.00481131998822], [-0.000373427610612, 0.000708461622708, -0.00100530066993, 0.00138805783354, -0.0026586856693, 0.00379150151275, -0.00336848571897, -0.00210753479041, 0.00162440934218, 0.00284162559547, -0.00715903192759, 0.0149133382365, -0.00797595549375], [2.95412269224e-06, -0.000831115932669, 0.000356077711331, -0.000900298531633, 0.00242652487941, -0.00274905189872, 0.00129538157489, -0.000980461132713, -0.00166517379694, -0.00128453411162, 0.00481131998822, -0.00797595549375, 0.0123436963186]]}, "silence_rate_20dB": {"dvar2": 0, "var": 0, "min": 1, "dmean": 0, "mean": 1, "max": 1, "dmean2": 0, "median": 1, "dvar": 0}, "melbands_kurtosis": {"dvar2": 464.273254395, "var": 627.617797852, "min": -1.93179190159, "dmean": 6.75055456161, "mean": 17.0254688263, "max": 424.35244751, "dmean2": 10.1423873901, "median": 9.99522399902, "dvar": 189.862854004}, "barkbands_spread": {"dvar2": 25.3478317261, "var": 83.1577224731, "min": 0.0976365432143, "dmean": 1.81775403023, "mean": 6.97606086731, "max": 151.951553345, "dmean2": 2.7585670948, "median": 4.4935708046, "dvar": 12.5776596069}, "erbbands_skewness": {"dvar2": 0.342672348022, "var": 1.2468906641, "min": -8.35596466064, "dmean": 0.396195709705, "mean": 0.826137125492, "max": 5.74283075333, "dmean2": 0.560549080372, "median": 0.839895904064, "dvar": 0.161721691489}, "average_loudness": 0.751547813416, "spectral_centroid": {"dvar2": 60588.4375, "var": 262471.75, "min": 90.9986953735, "dmean": 91.1721725464, "mean": 605.211791992, "max": 11148.2744141, "dmean2": 136.643722534, "median": 407.792297363, "dvar": 29938.3222656}, "dissonance": {"dvar2": 0.00314003112726, "var": 0.00724414922297, "min": 0.0604490227997, "dmean": 0.0372217819095, "mean": 0.384021490812, "max": 0.499945819378, "dmean2": 0.0618817172945, "median": 0.407651901245, "dvar": 0.00116833054926}, "erbbands_flatness_db": {"dvar2": 0.00281207729131, "var": 0.00965222809464, "min": 0.0385685153306, "dmean": 0.024504231289, "mean": 0.315416783094, "max": 0.56970590353, "dmean2": 0.0368564389646, "median": 0.293823748827, "dvar": 0.00116959644947}, "spectral_strongpeak": {"dvar2": 2.00931167603, "var": 2.10770797729, "min": 0, "dmean": 0.295204877853, "mean": 0.931036055088, "max": 25.6476478577, "dmean2": 0.467995285988, "median": 0.637640595436, "dvar": 0.843371868134}, "spectral_rms": {"dvar2": 3.01298746308e-06, "var": 1.22128349176e-05, "min": 3.21391719661e-12, "dmean": 0.000763695861679, "mean": 0.00616274494678, "max": 0.0175788830966, "dmean2": 0.00115162821021, "median": 0.00659451633692, "dvar": 1.18954915251e-06}, "silence_rate_60dB": {"dvar2": 0.0359578505158, "var": 0.100838206708, "min": 0, "dmean": 0.0164609048516, "mean": 0.113797090948, "max": 1, "dmean2": 0.0329260453582, "median": 0, "dvar": 0.0161929875612}, "melbands": {"dvar2": [4.55493609479e-05, 3.02003882098e-05, 1.26473980799e-06, 1.04206378637e-06, 1.27461805732e-06, 3.9671358536e-06, 3.55275915354e-06, 7.45283443848e-08, 5.91047296439e-07, 1.23500376503e-06, 1.15535904399e-07, 1.13529644352e-07, 1.15772236242e-08, 3.81962284024e-09, 1.20045307028e-09, 5.20658627323e-10, 5.13087294873e-10, 9.7298202828e-10, 8.66083649242e-10, 4.36012531635e-10, 3.50663525994e-10, 3.20640900497e-08, 3.26251831106e-10, 2.73201513495e-11, 2.8367761265e-11, 9.32849630875e-12, 9.41123741438e-12, 8.78944226429e-12, 6.883982967e-12, 3.49531081162e-12, 2.23092659797e-12, 7.26847618551e-13, 7.51702465464e-13, 7.21096533179e-12, 8.669059665e-14, 8.98615288626e-14, 2.82007236167e-14, 2.04625135196e-14, 2.24219565305e-14, 6.08134555083e-14], "var": [0.000112550042104, 6.38186393189e-05, 1.92572156266e-06, 7.12948860837e-07, 9.92764512375e-07, 2.1084981654e-06, 1.51936001203e-06, 3.40182353398e-08, 2.4242552854e-07, 2.51279317354e-07, 2.53032634845e-08, 2.32479759887e-08, 3.73866715364e-09, 1.24058385786e-09, 1.40475731047e-09, 1.93219398814e-10, 1.29037269758e-09, 6.3230171099e-10, 2.87815860034e-09, 8.32599933442e-10, 3.3799088528e-10, 6.94519286526e-08, 7.31386395891e-10, 1.09944449378e-11, 5.30234363361e-11, 1.94478591217e-12, 1.88280185713e-12, 1.67193895447e-12, 1.2521219955e-12, 6.20748894994e-13, 2.0224731178e-12, 7.88250758069e-13, 1.52545337473e-12, 9.30723293574e-12, 2.59217408145e-14, 7.04251110553e-14, 5.62367958868e-15, 3.82930720553e-15, 4.03083159027e-15, 1.16105999394e-14], "min": [7.59941027777e-24, 6.23958447113e-24, 2.13355825297e-23, 1.52217196099e-23, 9.34878427689e-24, 8.21181877571e-24, 1.01054312582e-23, 4.67331455445e-24, 6.40648495614e-24, 2.43103154721e-23, 1.22042935153e-23, 5.34044081136e-24, 1.0597561345e-23, 7.37394752017e-24, 4.34837170353e-24, 9.97580721196e-24, 5.86063659707e-24, 1.36745551155e-23, 9.96175759924e-24, 1.33248641203e-23, 1.65259843653e-23, 7.31549371596e-24, 9.99155050904e-24, 1.415851497e-23, 8.45098168065e-24, 1.0767777018e-23, 1.54941621899e-23, 1.06580204337e-23, 7.21371882627e-24, 1.14700501837e-23, 1.26350754673e-23, 7.39801172209e-24, 7.32484171768e-24, 1.18895514247e-23, 9.76516005102e-24, 9.35082269347e-24, 7.43669114999e-24, 9.22334277118e-24, 9.77107098578e-24, 1.05570422935e-23], "dmean": [0.00185401143972, 0.00176137918606, 0.000299386359984, 0.000314394623274, 0.000371795438696, 0.00052375899395, 0.000422242155764, 5.78165381739e-05, 0.000104753795313, 9.09194568521e-05, 3.92559195461e-05, 3.64370680472e-05, 2.51122983173e-05, 1.45521371451e-05, 9.58210239332e-06, 5.55422639081e-06, 4.86064072902e-06, 7.6963169704e-06, 6.71997122481e-06, 4.64271852252e-06, 4.43853923571e-06, 3.18440615956e-05, 3.76389334633e-06, 9.69554207586e-07, 9.62012336458e-07, 4.39578826672e-07, 4.47798839787e-07, 4.76182975717e-07, 3.7158105215e-07, 1.97481327291e-07, 2.99947345184e-07, 1.72307153434e-07, 1.84316476748e-07, 4.40124608758e-07, 4.41583942745e-08, 4.74082639812e-08, 2.07079473569e-08, 1.73727947583e-08, 1.78901178316e-08, 2.66723425568e-08], "mean": [0.00760890822858, 0.0061210966669, 0.000819822831545, 0.000553507066797, 0.000948623404838, 0.00125067122281, 0.000863834633492, 0.00011820448708, 0.000156679874635, 6.40262587694e-05, 4.80494200019e-05, 3.43567844538e-05, 2.85888654616e-05, 1.63416043506e-05, 1.6244030121e-05, 7.49596483729e-06, 8.84842938831e-06, 1.37876977533e-05, 1.72046893567e-05, 1.05724948298e-05, 7.64094420447e-06, 5.96514910285e-05, 6.03704893365e-06, 1.06262086774e-06, 1.18204582122e-06, 3.27247136056e-07, 3.02111317296e-07, 3.11275925924e-07, 2.10619617746e-07, 1.16127949923e-07, 3.46136204143e-07, 2.44393049798e-07, 3.1570280612e-07, 5.9548142417e-07, 3.7612188919e-08, 5.55360024634e-08, 1.52541765885e-08, 1.18533316495e-08, 1.03526538453e-08, 1.72812395505e-08], "max": [0.0884523317218, 0.0857247337699, 0.0185446180403, 0.014953029342, 0.0130464415997, 0.0218925476074, 0.0233555100858, 0.00374078354798, 0.00778205599636, 0.0110610760748, 0.00309759099036, 0.0030836770311, 0.000639259582385, 0.000355944124749, 0.000622711027972, 0.000167545469594, 0.000957491225563, 0.000409914413467, 0.00170526653528, 0.000302905391436, 0.000357908778824, 0.0056886668317, 0.000675305258483, 8.45041067805e-05, 0.00029092701152, 2.52079462371e-05, 2.39364908339e-05, 2.13977291423e-05, 2.16340031329e-05, 1.83574047696e-05, 2.59651860688e-05, 1.47886421473e-05, 1.92669376702e-05, 6.34060415905e-05, 2.79765049527e-06, 8.46919556352e-06, 1.75918228251e-06, 1.18026366636e-06, 1.30298724343e-06, 2.51487654168e-06], "dmean2": [0.00277719763108, 0.00271064252593, 0.000440350238932, 0.00051767466357, 0.000629565271083, 0.000785948650446, 0.000616741832346, 9.05380002223e-05, 0.000156311813043, 0.000167417703778, 6.86576386215e-05, 6.56511692796e-05, 4.19433563366e-05, 2.37049989664e-05, 1.43854986163e-05, 9.77758736553e-06, 7.16193744665e-06, 1.32622326419e-05, 1.01994146462e-05, 7.40013047107e-06, 6.28126508673e-06, 4.1839262849e-05, 5.17502394359e-06, 1.68200472217e-06, 1.50802418375e-06, 8.03002023986e-07, 8.35281355194e-07, 9.04746343622e-07, 7.19156503237e-07, 3.79779464765e-07, 4.60382551637e-07, 2.76183186543e-07, 2.68026354888e-07, 6.28914904155e-07, 7.93418664102e-08, 8.15894125594e-08, 3.87335070684e-08, 3.30451825903e-08, 3.45577042538e-08, 5.09903337331e-08], "median": [0.00254621333443, 0.0036010844633, 0.000194784428459, 0.000257199048065, 0.000644268118776, 0.000895022822078, 0.00049639417557, 6.17452824372e-05, 3.46578599419e-05, 8.97221798368e-06, 1.56732094183e-05, 9.68922358879e-06, 9.58292093856e-06, 5.31095565748e-06, 5.1924971558e-06, 1.67500377302e-06, 1.24031134874e-06, 1.00473903331e-06, 9.91237925518e-07, 2.72510476407e-07, 8.87178657649e-07, 1.21741766179e-06, 2.23693959356e-07, 9.14880899927e-08, 4.26579980228e-08, 2.67356483619e-08, 2.48587888052e-08, 1.91885671796e-08, 7.14619563524e-09, 5.61886537298e-09, 6.63692789615e-09, 8.0851263462e-09, 7.28930160676e-09, 4.71404115743e-09, 1.56586632549e-09, 1.4725343167e-09, 7.7195194681e-10, 6.18647189032e-10, 4.04995342818e-10, 3.01836666772e-10], "dvar": [1.98306897801e-05, 1.21441962619e-05, 5.78242918436e-07, 4.17432858058e-07, 4.24312162295e-07, 1.47032869791e-06, 1.29439888497e-06, 2.77844485197e-08, 2.29568840382e-07, 4.32903675573e-07, 3.91620673668e-08, 3.90732424194e-08, 4.33043334525e-09, 1.44230793975e-09, 5.41808709009e-10, 1.8889334541e-10, 3.12314368811e-10, 3.33138988617e-10, 5.24558563253e-10, 1.9173296284e-10, 1.5960421873e-10, 1.98362251069e-08, 2.1498137992e-10, 1.01011525533e-11, 1.65434367594e-11, 3.25849330157e-12, 3.27188406576e-12, 3.01981226483e-12, 2.35488408287e-12, 1.18519213541e-12, 1.05419687736e-12, 3.23503376864e-13, 4.28767481589e-13, 4.20491766406e-12, 3.12370267185e-14, 3.61345373382e-14, 9.70569822699e-15, 6.97837495661e-15, 7.63806623879e-15, 2.06873380866e-14]}, "spectral_skewness": {"dvar2": 4.93769168854, "var": 9.95556926727, "min": -0.00374442432076, "dmean": 1.24409532547, "mean": 5.08808326721, "max": 16.121301651, "dmean2": 2.09484791756, "median": 3.97625184059, "dvar": 1.96407675743}, "melbands_flatness_db": {"dvar2": 0.00585955940187, "var": 0.0139937065542, "min": 0.00507596135139, "dmean": 0.0369765423238, "mean": 0.462751448154, "max": 0.765370309353, "dmean2": 0.0547554157674, "median": 0.456033438444, "dvar": 0.002504770876