{"tonal": {"thpcp": [1, 0.750302016735, 0.350085347891, 0.257259696722, 0.26573202014, 0.329236358404, 0.346609979868, 0.292668908834, 0.337774217129, 0.446033149958, 0.423680782318, 0.398358613253, 0.464093476534, 0.472215354443, 0.469439595938, 0.418269515038, 0.318191587925, 0.263436347246, 0.219173192978, 0.387123256922, 0.646114766598, 0.597039341927, 0.376643508673, 0.295019000769, 0.35373339057, 0.323720753193, 0.248587340117, 0.274329781532, 0.326915413141, 0.385471910238, 0.404587477446, 0.359880506992, 0.327989459038, 0.347724974155, 0.383857816458, 0.665120244026], "hpcp": {"dmean2": [0.254050672054, 0.280161321163, 0.2930085361, 0.3303604424, 0.34268528223, 0.334697008133, 0.23168553412, 0.16957488656, 0.188702821732, 0.216373294592, 0.21108277142, 0.19724868238, 0.207187816501, 0.241157606244, 0.248953446746, 0.243942588568, 0.263221532106, 0.260504066944, 0.260126978159, 0.227557688951, 0.188213929534, 0.169991075993, 0.142674386501, 0.295959740877, 0.494686752558, 0.348554134369, 0.198213890195, 0.189833492041, 0.184244677424, 0.17771473527, 0.187185406685, 0.236487552524, 0.258444458246, 0.27357429266, 0.279823303223, 0.261702388525], "median": [0.0324880219996, 0.0346376150846, 0.0427403450012, 0.123794086277, 0.188391327858, 0.143334209919, 0.0400314033031, 0.0209404304624, 0.0200225748122, 0.0290289483964, 0.0357211828232, 0.0329413041472, 0.0365327596664, 0.0416881516576, 0.0441663227975, 0.0530812889338, 0.0617096498609, 0.0542182587087, 0.036776393652, 0.0301447212696, 0.0245442651212, 0.0187606364489, 0.014840722084, 0.0366122685373, 0.0752818286419, 0.104615271091, 0.0508035309613, 0.0347411446273, 0.0285598821938, 0.0277674905956, 0.0258160103112, 0.0221960581839, 0.029633237049, 0.0413343645632, 0.044401332736, 0.0348137132823], "min": [1.81114046427e-05, 1.33281364469e-05, 1.3650337678e-05, 0.00025510173873, 0.000205310905585, 0.000215075429878, 4.69205260742e-05, 2.20418442041e-05, 1.12697616714e-05, 3.60188168997e-05, 7.12713081157e-05, 4.3424708565e-05, 3.56394411938e-05, 2.60318156506e-05, 5.92097821936e-05, 0.000115797774924, 9.19952217373e-05, 5.69465701119e-05, 4.09610220231e-05, 2.94395067613e-05, 1.82785170182e-05, 2.63893616648e-05, 1.26474951685e-05, 2.21459285967e-05, 3.61801103281e-05, 0.000106428691652, 0.000102846148366, 6.95645439919e-06, 1.31001224872e-05, 2.13820367208e-05, 1.54915287567e-05, 6.48064315101e-06, 1.25693686641e-05, 3.63162253052e-05, 2.28310873354e-05, 1.44585383168e-05], "dvar2": [0.156388178468, 0.181016802788, 0.168433845043, 0.143716111779, 0.143010213971, 0.138173252344, 0.115267120302, 0.0884741917253, 0.108686454594, 0.129083499312, 0.118077524006, 0.104907535017, 0.109933972359, 0.12807688117, 0.13702352345, 0.125653162599, 0.130703359842, 0.135283976793, 0.142124414444, 0.118448063731, 0.0959471389651, 0.0923534557223, 0.0740625411272, 0.121713347733, 0.357965350151, 0.127296045423, 0.0852401554585, 0.100321277976, 0.0921642407775, 0.0839680805802, 0.105989553034, 0.157968595624, 0.16483913362, 0.161351427436, 0.161785170436, 0.15793722868], "dvar": [0.053383462131, 0.0626629814506, 0.0590580329299, 0.0526868775487, 0.066121250391, 0.0536021031439, 0.0412789471447, 0.0311227478087, 0.0382232628763, 0.0464432090521, 0.0428111441433, 0.0366843901575, 0.0400650277734, 0.0495111756027, 0.0499566718936, 0.0453410446644, 0.0463929437101, 0.0488681457937, 0.056738063693, 0.0482424646616, 0.0372287221253, 0.0355794392526, 0.0270251594484, 0.0433536469936, 0.123006097972, 0.0471282787621, 0.0331151410937, 0.036612238735, 0.0380041003227, 0.0349002070725, 0.0361138321459, 0.0543403588235, 0.0600337944925, 0.0594662092626, 0.059456396848, 0.0568246431649], "dmean": [0.138434141874, 0.151254624128, 0.159772574902, 0.190074488521, 0.198459222913, 0.194006711245, 0.128815591335, 0.0936110839248, 0.103913709521, 0.118879511952, 0.117422707379, 0.109163299203, 0.117316029966, 0.139240279794, 0.140224680305, 0.135381296277, 0.146906733513, 0.148872375488, 0.149675875902, 0.130760446191, 0.107638962567, 0.0952104851604, 0.0801391899586, 0.159212857485, 0.262592822313, 0.192094892263, 0.114821791649, 0.106198884547, 0.104354433715, 0.101842015982, 0.101907841861, 0.126446679235, 0.141007527709, 0.151223570108, 0.154200181365, 0.144574254751], "max": [1, 1, 1, 1, 1, 1, 1, 1, 1, 1, 1, 1, 1, 1, 1, 1, 1, 1, 1, 1, 1, 1, 1, 1, 1, 1, 1, 1, 1, 1, 1, 1, 1, 1, 1, 1], "var": [0.0417167209089, 0.0466562472284, 0.0490682832897, 0.0717333629727, 0.138263463974, 0.0844076946378, 0.0394586138427, 0.0304204840213, 0.0338319465518, 0.0454721935093, 0.0468754172325, 0.0322531685233, 0.0414811037481, 0.062990039587, 0.0561992861331, 0.0453024879098, 0.0557135008276, 0.0599274300039, 0.0728802904487, 0.0657939463854, 0.0438955873251, 0.0373481698334, 0.02824857831, 0.041905131191, 0.101989984512, 0.0611468665302, 0.0410179272294, 0.0335999503732, 0.0558966733515, 0.0481633208692, 0.0261864569038, 0.0373247228563, 0.0452941469848, 0.0503044016659, 0.0525643378496, 0.0488177835941], "mean": [0.116928525269, 0.123964257538, 0.136845648289, 0.237115949392, 0.356500864029, 0.267483323812, 0.124805726111, 0.091713309288, 0.0947336927056, 0.117373049259, 0.123566761613, 0.104336723685, 0.120416797698, 0.15901120007, 0.151042565703, 0.142015188932, 0.165449723601, 0.168345183134, 0.167355626822, 0.149113446474, 0.113435573876, 0.09391528368, 0.0781354308128, 0.138009771705, 0.230340465903, 0.212845042348, 0.134273737669, 0.105174526572, 0.126106262207, 0.115406729281, 0.0886216014624, 0.0977988094091, 0.116545632482, 0.137421071529, 0.144235789776, 0.128297716379]}, "tuning_equal_tempered_deviation": 0.337590783834, "chords_changes_rate": 0.0609925799072, "key_key": "D#", "tuning_diatonic_strength": 0.572278916836, "key_scale": "minor", "chords_number_rate": 0.0025510203559, "tuning_frequency": 434.193115234, "tuning_nontempered_energy_ratio": 0.941260278225, "chords_histogram": [6.93413734436, 18.6224498749, 7.39795923233, 0.533395171165, 1.5769944191, 4.10482358932, 1.4842300415, 5.47309827805, 2.17996287346, 47.3562164307, 1.15955471992, 0.695732831955, 0, 0, 0, 1.34508347511, 0.046382188797, 0.278293132782, 0, 0.0695732831955, 0.208719849586, 0.046382188797, 0.417439699173, 0.0695732831955], "key_strength": 0.694248318672, "chords_key": "A#", "chords_strength": {"dmean2": 0.0130983572453, "median": 0.564330160618, "min": 0.232557326555, "dvar2": 0.00013776140986, "dvar": 9.84819998848e-05, "dmean": 0.0114997876808, "max": 0.84050732851, "var": 0.0151387164369, "mean": 0.561240017414}, "chords_scale": "major", "hpcp_entropy": {"dmean2": 1.21932423115, "median": 2.32107210159, "min": 0.0469241850078, "dvar2": 0.826674699783, "dvar": 0.316154450178, "dmean": 0.725413739681, "max": 4.65109014511, "var": 0.649796664715, "mean": 2.37753605843}}, "metadata": {"audio_properties": {"equal_loudness": 0, "codec": "mp3", "downmix": "mix", "sample_rate": 44100, "analysis_sample_rate": 44100, "bit_rate": 192000, "md5_encoded": "530bec1b9deee5845d38a48c00e2fa3c", "length": 200.202453613, "replay_gain": -13.8794956207, "lossless": false}, "version": {"essentia_build_sha": "26c37b627ab5a2028d412893e0969599b764ad4d", "essentia": "2.1-beta2", "extractor": "music 1.0", "essentia_git_sha": "v2.1_beta2"}, "tags": {"title": ["Love Sensation 2006"], "barcode": ["602498412671"], "media": ["CD"], "albumartist": ["Various Artists"], "musicbrainz_recordingid": ["0a60a9ae-e9ef-44f2-b538-13d4920eb576"], "musicbrainz_albumartistid": ["89ad4ac3-39f7-470e-963a-56509c546377"], "originalyear": ["2006"], "discnumber": ["2/2"], "album": ["Clubland 9"], "catalognumber": ["984 126-7"], "contentgroup": ["Dance"], "musicbrainz album type": ["album"], "musicbrainz album status": ["official"], "file_name": "2-04 Eddie Thoneick & Kurd Maverick - Love Sensation 2006.mp3", "originaldate": ["2006-06-26"], "date": ["2006-06-26"], "genre": ["Dance; House; Club; Disco"], "musicbrainz album release country": ["GB"], "musicbrainz_releasegroupid": ["a47435e2-7c63-375c-a5cd-e826e5252424"], "musicbrainz_artistid": ["57093e0b-a916-4f1a-9127-187ee604e564"], "asin": ["B000G1R2S6"], "musicbrainz_albumid": ["5d49baf8-0746-489c-a2c2-4d4f49aac019"], "artist": ["Eddie Thoneick & Kurd Maverick"], "artistsort": ["Thoneick, Eddie & Maverick, Kurd"], "tracknumber": ["4/21"], "label": ["Universal Music TV"], "albumartistsort": ["Various Artists"], "script": ["Latn"]}}, "rhythm": {"bpm_histogram_first_peak_bpm": {"dmean2": 0, "median": 133, "min": 133, "dvar2": 0, "dvar": 0, "dmean": 0, "max": 133, "var": 0, "mean": 133}, "bpm": 130.925445557, "bpm_histogram_second_peak_spread": {"dmean2": 0, "median": 0.189189195633, "min": 0.189189195633, "dvar2": 0, "dvar": 0, "dmean": 0, "max": 0.189189195633, "var": 0, "mean": 0.189189195633}, "bpm_histogram_first_peak_weight": {"dmean2": 0, "median": 0.427906990051, "min": 0.427906990051, "dvar2": 0, "dvar": 0, "dmean": 0, "max": 0.427906990051, "var": 0, "mean": 0.427906990051}, "onset_rate": 3.84088897705, "beats_position": [0.476009070873, 0.952018141747, 1.42802715302, 1.92725622654, 2.42648530006, 2.92571425438, 3.42494320869, 3.9125623703, 4.38857126236, 4.85297060013, 5.31736946106, 5.7701587677, 6.2229475975, 6.68734693527, 7.14013576508, 7.59292507172, 8.05732440948, 8.52172279358, 8.97451210022, 9.42730140686, 9.89170074463, 10.3560991287, 10.8088884354, 11.261677742, 11.7260770798, 12.1788663864, 12.6316547394, 13.0960540771, 13.5604534149, 14.0132427216, 14.4660310745, 14.9304304123, 15.3832197189, 15.8476190567, 16.3120174408, 16.7764167786, 17.2292060852, 17.6819953918, 18.1347846985, 18.5991840363, 19.0635814667, 19.5163707733, 19.96916008, 20.4335594177, 20.8863487244, 21.3507480621, 21.8151473999, 22.2795467377, 22.7439460754, 23.1967334747, 23.6611328125, 24.1255321503, 24.589931488, 25.0543308258, 25.5303401947, 26.0063495636, 26.4823570251, 26.958366394, 27.4343757629, 27.9103851318, 28.3863945007, 28.8624038696, 29.3268013, 29.8028106689, 30.2788200378, 30.7548294067, 31.265668869, 31.7648983002, 32.264125824, 32.7517471313, 33.2277526855, 33.7153739929, 34.1797714233, 34.6441726685, 35.0969619751, 35.5613594055, 36.0141487122, 36.4669380188, 36.9197273254, 37.3725166321, 37.8253059387, 38.2664833069, 38.730884552, 39.2068939209, 39.6829032898, 40.1937408447, 40.7045783997, 41.2154197693, 41.7146492004, 42.2022666931, 42.6898841858, 43.1891136169, 43.6999549866, 44.2107925415, 44.6751937866, 45.139591217, 45.6039886475, 46.0567779541, 46.5095672607, 46.9623565674, 47.415145874, 47.8795471191, 48.3323364258, 48.7851219177, 49.2611312866, 49.7371406555, 50.2015419006, 50.6659393311, 51.1187286377, 51.5715179443, 52.0359191895, 52.4887046814, 52.941493988, 53.4058952332, 53.8702926636, 54.3346939087, 54.7874832153, 55.240272522, 55.6930618286, 56.157459259, 56.6102485657, 57.0746459961, 57.5390472412, 57.9918365479, 58.4446258545, 58.9090232849, 59.37342453, 59.8378219604, 60.3022193909, 60.766620636, 61.3935585022, 62.0088882446, 62.6242179871, 63.2395439148, 63.8548736572, 64.4934234619, 65.1319732666, 65.6079788208, 66.0955963135, 66.5716094971, 67.0360107422, 67.5120162964, 67.9996337891, 68.4640350342, 68.9168243408, 69.3696136475, 69.8224029541, 70.2868041992, 70.7511978149, 71.2155990601, 71.6800003052, 72.1560058594, 72.6204071045, 73.0731964111, 73.5375976562, 74.001991272, 74.4663925171, 74.9307937622, 75.3835830688, 75.8363723755, 76.3007659912, 76.7651672363, 77.2295684814, 77.6823577881, 78.1351470947, 78.5995483398, 79.0523376465, 79.5051269531, 79.9695205688, 80.433921814, 80.8867111206, 81.3395004272, 81.8039016724, 82.2682952881, 82.7210845947, 83.1738739014, 83.6382751465, 84.0910644531, 84.5438537598, 85.0082550049, 85.4726486206, 85.9254379272, 86.3782272339, 86.842628479, 87.2954177856, 87.7482070923, 88.2126083374, 88.6770019531, 89.1297912598, 89.5825805664, 90.0469818115, 90.5113830566, 90.9641723633, 91.4169616699, 91.8813552856, 92.3457565308, 92.7985458374, 93.251335144, 93.7157363892, 94.1685256958, 94.6213150024, 95.0857162476, 95.5501098633, 96.0028991699, 96.4556884766, 96.9200897217, 97.3844909668, 97.8372802734, 98.2900695801, 98.7544631958, 99.2188644409, 99.6716537476, 100.124443054, 100.588844299, 101.041633606, 101.494422913, 101.958816528, 102.423217773, 102.87600708, 103.328796387, 103.781585693, 104.234375, 104.698776245, 105.151565552, 105.615959167, 106.068748474, 106.533149719, 106.997550964, 107.450340271, 107.903129578, 108.367523193, 108.8203125, 109.273101807, 109.737503052, 110.201904297, 110.666305542, 111.119087219, 111.571876526, 112.036277771, 112.500679016, 112.953468323, 113.406257629, 113.859046936, 114.311836243, 114.776237488, 115.240631104, 115.69342041, 116.146209717, 116.610610962, 117.075012207, 117.527801514, 117.98059082, 118.444984436, 118.909385681, 119.362174988, 119.814964294, 120.27936554, 120.732154846, 121.184944153, 121.649337769, 122.102127075, 122.554916382, 123.019317627, 123.483718872, 123.936508179, 124.389297485, 124.853691101, 125.318092346, 125.770881653, 126.223670959, 126.688072205, 127.140861511, 127.593650818, 128.058044434, 128.522445679, 128.986846924, 129.43963623, 129.892425537, 130.345214844, 130.79800415, 131.250793457, 131.726806641, 132.191192627, 132.643981934, 133.09677124, 133.561172485, 134.02557373, 134.478363037, 134.931152344, 135.372329712, 135.836730957, 136.301132202, 136.765533447, 137.229934692, 137.694335938, 138.147125244, 138.599899292, 139.064300537, 139.517089844, 139.96987915, 140.434280396, 140.898681641, 141.351470947, 141.804260254, 142.268661499, 142.721450806, 143.174240112, 143.638641357, 144.103042603, 144.555831909, 145.008621216, 145.473007202, 145.925796509, 146.378585815, 146.842987061, 147.307388306, 147.760177612, 148.212966919, 148.677368164, 149.141769409, 149.594558716, 150.047348022, 150.511749268, 150.964538574, 151.417327881, 151.881713867, 152.346115112, 152.798904419, 153.251693726, 153.716094971, 154.168884277, 154.621673584, 155.086074829, 155.550476074, 156.003265381, 156.456054688, 156.920455933, 157.384857178, 157.837631226, 158.290420532, 158.754821777, 159.207611084, 159.660400391, 160.124801636, 160.577590942, 161.030380249, 161.494781494, 161.959182739, 162.423583984, 162.899581909, 163.375595093, 163.781951904, 164.188293457, 164.594650269, 165.000991821, 165.407348633, 165.813690186, 166.208435059, 166.603164673, 167.009521484, 167.415863037, 167.822219849, 168.298233032, 168.774230957, 169.250244141, 169.714645386, 170.179046631, 170.643447876, 171.096237183, 171.560638428, 172.025024414, 172.477813721, 172.930603027, 173.383392334, 173.836181641, 174.288970947, 174.753372192, 175.229385376, 175.682174683, 176.146575928, 176.610977173, 177.075378418, 177.528152466, 177.980941772, 178.445343018, 178.898132324, 179.350921631, 179.815322876, 180.279724121, 180.732513428, 181.185302734, 181.649703979, 182.114105225, 182.566894531, 183.019683838, 183.484085083, 183.948471069, 184.401260376, 184.854049683, 185.318450928, 185.771240234, 186.224029541, 186.688430786, 187.152832031, 187.605621338, 188.058410645, 188.52281189, 188.975601196, 189.428390503, 189.892791748, 190.357177734, 190.809967041, 191.262756348, 191.727157593, 192.179946899, 192.632736206, 193.097137451, 193.561538696, 194.014328003, 194.46711731, 194.931518555, 195.384307861, 195.837097168, 196.301498413, 196.765899658, 197.218673706, 197.671463013, 198.135864258, 198.588653564, 199.041442871, 199.505844116], "beats_loudness": {"dmean2": 0.011515644379, "median": 0.0226907823235, "min": 0.00575107196346, "dvar2": 0.000165134217241, "dvar": 6.89169464749e-05, "dmean": 0.00672607682645, "max": 0.109182521701, "var": 0.000114066555398, "mean": 0.0235462617129}, "danceability": 1.33528113365, "bpm_histogram_second_peak_weight": {"dmean2": 0, "median": 0.0697674453259, "min": 0.0697674453259, "dvar2": 0, "dvar": 0, "dmean": 0, "max": 0.0697674453259, "var": 0, "mean": 0.0697674453259}, "beats_count": 431, "bpm_histogram_second_peak_bpm": {"dmean2": 0, "median": 126, "min": 126, "dvar2": 0, "dvar": 0, "dmean": 0, "max": 126, "var": 0, "mean": 126}, "bpm_histogram_first_peak_spread": {"dmean2": 0, "median": 0.490304708481, "min": 0.490304708481, "dvar2": 0, "dvar": 0, "dmean": 0, "max": 0.490304708481, "var": 0, "mean": 0.490304708481}, "beats_loudness_band_ratio": {"dmean2": [0.254421442747, 0.090203307569, 0.124105989933, 0.121463350952, 0.159848958254, 0.13311162591], "median": [0.325221270323, 0.063045412302, 0.0557656362653, 0.0729537978768, 0.0868528783321, 0.253904849291], "min": [0.00185035541654, 0.000894453783985, 0.000435031281086, 0.00059753190726, 0.00312443682924, 0.0146820275113], "dvar2": [0.0462069921196, 0.0106921717525, 0.0214735269547, 0.0218460503966, 0.0355809703469, 0.0184513758868], "dvar": [0.018456377089, 0.00338090443984, 0.00828872900456, 0.00771771371365, 0.0133412620053, 0.00697633670643], "dmean": [0.146945640445, 0.051418941468, 0.0693012028933, 0.069580078125, 0.0923544317484, 0.0803571045399], "max": [0.979051232338, 0.441120833158, 0.595362901688, 0.633984565735, 0.708081126213, 0.736508727074], "var": [0.0452370420098, 0.00446052802727, 0.0108276922256, 0.0104749547318, 0.0187519844621, 0.0136240245774], "mean": [0.338728904724, 0.0765512734652, 0.0943674445152, 0.107422567904, 0.144980490208, 0.249626219273]}}, "lowlevel": {"barkbands_spread": {"dmean2": 16.247549057, "median": 36.9767799377, "min": 0.258666038513, "dvar2": 301.549072266, "dvar": 131.807556152, "dmean": 10.7707462311, "max": 116.21421051, "var": 415.792877197, "mean": 38.0649642944}, "melbands_spread": {"dmean2": 20.1683120728, "median": 37.2610816956, "min": 0.235960513353, "dvar2": 555.086975098, "dvar": 242.565429688, "dmean": 12.8712711334, "max": 263.934326172, "var": 930.386779785, "mean": 41.4903335571}, "hfc": {"dmean2": 17.8367176056, "median": 31.4662723541, "min": 1.00246898e-05, "dvar2": 543.842102051, "dvar": 239.603881836, "dmean": 11.6626548767, "max": 216.164505005, "var": 630.606567383, "mean": 36.6179237366}, "barkbands_kurtosis": {"dmean2": 8.14894580841, "median": 0.0930216312408, "min": -1.93175303936, "dvar2": 901.603881836, "dvar": 633.643920898, "dmean": 6.19376564026, "max": 868.014282227, "var": 1836.78503418, "mean": 9.38722991943}, "gfcc": {"mean": [38.552898407, 30.698600769, -104.237754822, 47.6135864258, -46.0225334167, 20.3141994476, -29.8949756622, 16.1412029266, -25.1057262421, 10.3481092453, -16.6403331757, 5.30341911316, -15.1640615463], "icov": [[0.000756011984777, 0.000201782851946, -3.2283613109e-05, -0.000206067546969, 0.000295262259897, -0.000177798690856, 0.000145249272464, -3.76113894163e-05, 0.000446000864031, -0.000259005842963, 0.000449248647783, -0.000554777448997, 0.00060905754799], [0.000201782851946, 0.00141581962816, -4.5902801503e-05, -0.000579015817493, 0.000266345130512, 0.000397338357288, 0.000357155950041, -2.82437413262e-05, -0.000761914474424, 0.000370051449863, -0.00108534819447, 0.000468999118311, -0.00052502786275], [-3.2283613109e-05, -4.5902801503e-05, 0.00114194338676, -0.000655294628814, 0.000111108274723, -0.00036254877341, -0.000392239133362, -0.000256536557572, 0.000868939911015, -0.00108495296445, 0.00151940458454, -0.000927515269723, -0.000191319486476], [-0.000206067546969, -0.000579015817493, -0.000655294628814, 0.00373110082, -0.000974847120233, -0.000558470317628, -0.000578256556764, 0.00137540115975, -0.0016383753391, 0.000610306393355, -9.40274694585e-05, 0.000449304206995, -0.000634806696326], [0.000295262259897, 0.000266345130512, 0.000111108274723, -0.000974847120233, 0.003502773121, -0.00123070715927, -0.00084789696848, -6.3331288402e-05, 0.000443644617917, -0.000330521550495, -0.000443017663201, 0.000753389496822, -1.7553455109e-05], [-0.000177798690856, 0.000397338357288, -0.00036254877341, -0.000558470317628, -0.00123070715927, 0.00786325056106, -0.00326287280768, 0.000336244789651, -1.41333684951e-05, -0.00131815206259, -0.00106299214531, 0.000422457815148, -0.000641201040708], [0.000145249272464, 0.000357155950041, -0.000392239133362, -0.000578256556764, -0.00084789696848, -0.00326287280768, 0.00968601088971, -0.00195065315347, -0.000978576368652, 0.00206136936322, -0.00172831781674, -0.00049830955686, -0.000209337667911], [-3.76113894163e-05, -2.82437413262e-05, -0.000256536557572, 0.00137540115975, -6.3331288402e-05, 0.000336244789651, -0.00195065315347, 0.00939762499183, -0.00271177920513, -0.000964776671026, -0.00143090263009, -0.000701069657225, -0.0018863985315], [0.000446000864031, -0.000761914474424, 0.000868939911015, -0.0016383753391, 0.000443644617917, -1.41333684951e-05, -0.000978576368652, -0.00271177920513, 0.0107562402263, -0.00551634607837, 0.00201843935065, 0.000619194586761, -0.00210605072789], [-0.000259005842963, 0.000370051449863, -0.00108495296445, 0.000610306393355, -0.000330521550495, -0.00131815206259, 0.00206136936322, -0.000964776671026, -0.00551634607837, 0.0147036677226, -0.0061714774929, -0.00220717373304, 0.00145047111437], [0.000449248647783, -0.00108534819447, 0.00151940458454, -9.40274694585e-05, -0.000443017663201, -0.00106299214531, -0.00172831781674, -0.00143090263009, 0.00201843935065, -0.0061714774929, 0.0150394970551, -0.00423926394433, 0.000769382051658], [-0.000554777448997, 0.000468999118311, -0.000927515269723, 0.000449304206995, 0.000753389496822, 0.000422457815148, -0.00049830955686, -0.000701069657225, 0.000619194586761, -0.00220717373304, -0.00423926394433, 0.0177904330194, -0.00758746964857], [0.00060905754799, -0.00052502786275, -0.000191319486476, -0.000634806696326, -1.7553455109e-05, -0.000641201040708, -0.000209337667911, -0.0018863985315, -0.00210605072789, 0.00145047111437, 0.000769382051658, -0.00758746964857, 0.0199268572032]], "cov": [[1705.36425781, -388.27722168, 222.266174316, -27.5325870514, -149.098999023, -4.79685401917, -59.7444419861, -71.0915756226, -149.190658569, -30.8661880493, -101.904937744, 25.4617500305, -68.6320266724], [-388.27722168, 993.766296387, -44.8392486572, 168.904510498, -7.27489805222, -28.4573001862, -0.829909682274, 47.9704589844, 145.515426636, 44.9393539429, 88.1831817627, 3.64924955368, 56.7046775818], [222.266174316, -44.8392486572, 1362.49768066, 274.204101562, 79.0099105835, 148.56086731, 109.139190674, 25.1761550903, -14.0163078308, 70.3298950195, -66.1150283813, 84.2972869873, 50.2712440491], [-27.5325870514, 168.904510498, 274.204101562, 446.806274414, 153.925430298, 103.1068573, 83.362121582, -8.16477870941, 77.451133728, 29.0676403046, 11.0583791733, 9.15220069885, 34.842212677], [-149.098999023, -7.27489805222, 79.0099105835, 153.925430298, 414.440979004, 130.449462891, 103.013893127, 20.2846107483, 32.4901351929, 31.6739959717, 39.3358230591, -2.00675272942, 16.4381828308], [-4.79685401917, -28.4573001862, 148.56086731, 103.1068573, 130.449462891, 219.944625854, 106.976119995, 30.9567050934, 34.4819259644, 47.1811408997, 38.3180580139, 22.6865386963, 22.723279953], [-59.7444419861, -0.829909682274, 109.139190674, 83.362121582, 103.013893127, 106.976119995, 175.929794312, 51.148273468, 41.2528457642, 26.3691005707, 37.4953231812, 23.5040302277, 25.6733112335], [-71.0915756226, 47.9704589844, 25.1761550903, -8.16477870941, 20.2846107483, 30.9567050934, 51.148273468, 161.234451294, 71.7981567383, 55.3131561279, 48.1515350342, 35.1269989014, 35.3112411499], [-149.190658569, 145.515426636, -14.0163078308, 77.451133728, 32.4901351929, 34.4819259644, 41.2528457642, 71.7981567383, 181.022567749, 77.5616531372, 43.2334747314, 20.8008651733, 38.8325538635], [-30.8661880493, 44.9393539429, 70.3298950195, 29.0676403046, 31.6739959717, 47.1811408997, 26.3691005707, 55.3131561279, 77.5616531372, 135.556564331, 65.2451324463, 40.2599525452, 21.9288673401], [-101.904937744, 88.1831817627, -66.1150283813, 11.0583791733, 39.3358230591, 38.3180580139, 37.4953231812, 48.1515350342, 43.2334747314, 65.2451324463, 125.562705994, 36.2468566895, 20.1491680145], [25.4617500305, 3.64924955368, 84.2972869873, 9.15220069885, -2.00675272942, 22.6865386963, 23.5040302277, 35.1269989014, 20.8008651733, 40.2599525452, 36.2468566895, 91.5371932983, 37.4419708252], [-68.6320266724, 56.7046775818, 50.2712440491, 34.842212677, 16.4381828308, 22.723279953, 25.6733112335, 35.3112411499, 38.8325538635, 21.9288673401, 20.1491680145, 37.4419708252, 75.7126922607]]}, "spectral_energyband_middle_low": {"dmean2": 0.00640143733472, "median": 0.00287649501115, "min": 7.9314804724e-10, "dvar2": 0.000270722841378, "dvar": 9.80269323918e-05, "dmean": 0.00372473243624, "max": 0.102130576968, "var": 7.20526004443e-05, "mean": 0.00508894957602}, "melbands_crest": {"dmean2": 6.44849872589, "median": 15.0574245453, "min": 2.36805343628, "dvar2": 41.3801002502, "dvar": 16.6177597046, "dmean": 4.09168148041, "max": 36.802570343, "var": 72.3382034302, "mean": 17.011844635}, "spectral_kurtosis": {"dmean2": 1.27861475945, "median": 2.34238958359, "min": -1.27746534348, "dvar2": 2.3246307373, "dvar": 0.957600414753, "dmean": 0.808195590973, "max": 19.9242134094, "var": 3.82600307465, "mean": 2.82176160812}, "spectral_rms": {"dmean2": 0.00117511535063, "median": 0.00487474957481, "min": 1.72618797478e-06, "dvar2": 2.34012713918e-06, "dvar": 9.92034983938e-07, "dmean": 0.000821181398351, "max": 0.0111485440284, "var": 4.44498118668e-06, "mean": 0.00529691996053}, "zerocrossingrate": {"dmean2": 0.0232061315328, "median": 0.10595703125, "min": 0.00244140625, "dvar2": 0.000652261544019, "dvar": 0.000478073430713, "dmean": 0.0201283786446, "max": 0.46533203125, "var": 0.00374468788505, "mean": 0.110261246562}, "silence_rate_60dB": {"dmean2": 0.0165874026716, "median": 0, "min": 0, "dvar2": 0.0181677937508, "dvar": 0.008280091919, "dmean": 0.00835073087364, "max": 1, "var": 0.0160870440304, "mean": 0.0163516178727}, "erbbands_kurtosis": {"dmean2": 1.32484650612, "median": -0.177644729614, "min": -1.81234252453, "dvar2": 3.03750491142, "dvar": 1.37170684338, "dmean": 0.878130078316, "max": 18.2877464294, "var": 3.37385129929, "mean": 0.367951601744}, "erbbands": {"dmean2": [0.460837304592, 2.10232806206, 4.99458789825, 8.22040176392, 10.6746759415, 7.55207967758, 5.73614311218, 5.42103672028, 6.63114786148, 7.10715341568, 10.5261831284, 9.97098827362, 7.29204750061, 15.8449497223, 18.544095993, 23.3772068024, 21.9575576782, 14.2805299759, 20.4272289276, 31.4994487762, 33.3097343445, 34.1139259338, 32.2672767639, 34.2562828064, 33.6875953674, 24.8785476685, 19.8495426178, 16.7197723389, 12.9079732895, 8.33532142639, 5.94838571548, 5.04553699493, 5.36912155151, 4.07580566406, 2.23069500923, 1.46564590931, 0.854349732399, 0.229994148016, 0.0084576876834, 0.000437745737145], "median": [0.105537712574, 0.764460086823, 1.38759315014, 1.35154104233, 1.18991041183, 1.60841953754, 1.6715682745, 2.42069411278, 2.55395698547, 3.56936097145, 4.85361719131, 4.22477769852, 3.38370227814, 5.80837059021, 6.46219730377, 9.98662567139, 9.5287437439, 7.5886888504, 11.5872507095, 13.2528333664, 14.1737241745, 14.4730634689, 18.3722953796, 19.9690551758, 21.7215003967, 19.187417984, 18.416425705, 16.0779743195, 12.7053613663, 8.5259809494, 5.60192871094, 4.12116909027, 2.74597430229, 1.79764127731, 0.842016577721, 0.350265353918, 0.127836421132, 0.0280271247029, 0.000902515603229, 8.33452650113e-05], "min": [2.22701371233e-10, 8.75692185431e-10, 6.65931709776e-09, 1.3151016276e-08, 7.31023206413e-08, 2.48534092862e-07, 8.09365872101e-08, 4.48367472927e-07, 1.49921640968e-06, 5.18028684837e-07, 8.1024006704e-07, 3.4688703181e-06, 3.32356739818e-06, 3.8736238821e-06, 2.52079559004e-07, 4.67408341365e-07, 1.20145762139e-06, 1.34017573146e-05, 6.18073863734e-06, 3.73832062905e-06, 1.20752893054e-05, 4.42684995505e-06, 5.76662478124e-06, 7.78796220402e-06, 9.03038380784e-06, 4.99950692756e-06, 3.53211726178e-06, 2.67478185378e-06, 6.51091568216e-06, 2.96584607895e-06, 2.21994537242e-06, 2.69001657216e-06, 4.08864980272e-06, 1.79568519343e-06, 8.36830906792e-07, 5.50737468075e-07, 1.32722462354e-07, 8.57890611883e-08, 2.91710122724e-09, 8.45745140587e-11], "dvar2": [0.928849458694, 16.4150676727, 208.340744019, 495.499816895, 1122.95568848, 391.534423828, 186.264099121, 150.878555298, 309.972717285, 250.935180664, 352.438812256, 701.525146484, 542.637878418, 1960.4720459, 2462.68237305, 2528.88525391, 2364.78173828, 1532.62744141, 1839.0234375, 6231.83544922, 6093.04003906, 8751.25878906, 6605.90771484, 4365.60498047, 4591.73535156, 1814.43041992, 1242.48962402, 640.238342285, 335.530029297, 199.847000122, 72.3301849365, 86.5713424683, 242.149963379, 88.6251754761, 23.9460830688, 10.1023387909, 2.90875816345, 0.238770037889, 0.000426218553912, 3.57235899173e-06], "dvar": [0.459069013596, 9.56762695312, 81.9987640381, 193.044921875, 396.875244141, 137.115737915, 67.3782806396, 56.8951721191, 127.417510986, 102.513656616, 158.353927612, 308.961914062, 230.629364014, 843.777648926, 1102.46166992, 1342.41723633, 1145.57141113, 701.616882324, 812.968261719, 2630.55688477, 2793.39526367, 4024.59936523, 2675.15112305, 1990.07421875, 1956.78942871, 750.474975586, 533.934570312, 262.08782959, 139.702926636, 85.4875946045, 34.4266357422, 42.0600700378, 105.255523682, 43.1749839783, 10.3347396851, 4.16580724716, 1.18762075901, 0.0944863036275, 0.000161331001436, 1.29324268983e-06], "dmean": [0.363868534565, 1.6063066721, 3.08959150314, 4.9157910347, 5.89399337769, 4.41922521591, 3.27286720276, 3.39301800728, 4.067091465, 4.63422012329, 6.96527719498, 6.36243629456, 4.7111825943, 10.0013666153, 11.8072662354, 15.9295864105, 14.6822633743, 9.08438587189, 12.8797874451, 20.4110088348, 20.9123668671, 21.8321094513, 19.9723300934, 21.9495182037, 21.5251979828, 15.5194559097, 12.1903610229, 10.1559114456, 8.01402187347, 5.2085852623, 3.90741610527, 3.35265135765, 3.54882597923, 2.61007881165, 1.44871020317, 0.916550457478, 0.518510937691, 0.138086676598, 0.00519503559917, 0.000269574084086], "max": [5.2978720665, 28.8851413727, 79.5920944214, 150.486343384, 199.461853027, 133.181945801, 122.683685303, 218.7784729, 272.73550415, 247.89289856, 425.644500732, 497.626647949, 439.24206543, 900.707885742, 634.718200684, 1069.0213623, 624.983764648, 845.349182129, 675.213012695, 1428.7467041, 1633.98010254, 1376.37060547, 1239.47436523, 1384.55700684, 946.754760742, 589.135498047, 697.658569336, 358.435882568, 266.675140381, 377.038757324, 120.515411377, 221.168563843, 389.564666748, 186.990737915, 78.5709838867, 46.1295280457, 14.2351398468, 3.29167556763, 0.279644042253, 0.0350058935583], "var": [1.33052408695, 24.7459392548, 72.0636672974, 154.452285767, 247.523071289, 123.794242859, 58.0306358337, 70.2373886108, 155.989562988, 143.050094604, 303.231292725, 715.604492188, 338.602539062, 1529.62451172, 2016.01855469, 3889.10717773, 3897.80224609, 1067.85424805, 1593.69360352, 4628.99267578, 5085.63769531, 6523.23193359, 3881.57397461, 5041.16796875, 3722.19580078, 1473.55651855, 963.3828125, 521.850036621, 340.413848877, 190.571762085, 79.1947860718, 89.4783096313, 173.42906189, 87.4350891113, 17.180896759, 5.45695304871, 1.3027099371, 0.0923160985112, 0.000319737649988, 3.01840555039e-06], "mean": [0.610328674316, 2.76325440407, 3.75369548798, 4.92466926575, 4.90266466141, 5.80687189102, 4.04026412964, 5.13952112198, 5.74092817307, 7.34685897827, 10.6823768616, 10.2021284103, 7.26462364197, 14.7264766693, 17.9987850189, 28.2344532013, 28.6492424011, 14.9006757736, 22.781003952, 35.6390190125, 35.2105903625, 35.8241043091, 35.2408294678, 44.964466095, 41.9316139221, 30.7580337524, 25.509601593, 21.9518165588, 18.0442314148, 11.8768482208, 8.39749622345, 6.7574429512, 5.98254060745, 4.21407413483, 2.15821194649, 1.15657126904, 0.559016287327, 0.138643607497, 0.0061742560938, 0.000400235352572]}, "spectral_strongpeak": {"dmean2": 1.13151836395, "median": 0.467782378197, "min": 0, "dvar2": 4.5258641243, "dvar": 1.79868805408, "dmean": 0.682200908661, "max": 17.768491745, "var": 2.93049740791, "mean": 1.10406672955}, "spectral_energy": {"dmean2": 0.0139515055344, "median": 0.0243572611362, "min": 3.05421798963e-09, "dvar2": 0.000418156152591, "dvar": 0.000185167809832, "dmean": 0.0100003080443, "max": 0.127397283912, "var": 0.000750259321649, "mean": 0.0333150401711}, "average_loudness": 0.922270596027, "spectral_rolloff": {"dmean2": 2009.96264648, "median": 2993.11523438, "min": 64.599609375, "dvar2": 7679317.5, "dvar": 3416778, "dmean": 1225.2286377, "max": 15891.5039062, "var": 8050708.5, "mean": 3185.94140625}, "spectral_centroid": {"dmean2": 479.396179199, "median": 2539.72167969, "min": 165.189056396, "dvar2": 246561.1875, "dvar": 117526.4375, "dmean": 328.502471924, "max": 5918.6640625, "var": 470908.53125, "mean": 2421.11987305}, "pitch_salience": {"dmean2": 0.139199286699, "median": 0.548098325729, "min": 0.0258485805243, "dvar2": 0.021339610219, "dvar": 0.00870732311159, "dmean": 0.0895949155092, "max": 0.847570121288, "var": 0.0356033444405, "mean": 0.502513706684}, "spectral_energyband_middle_high": {"dmean2": 0.00250379275531, "median": 0.00358819658868, "min": 1.1162597513e-09, "dvar2": 1.12438438009e-05, "dvar": 5.63167668588e-06, "dmean": 0.00168152886909, "max": 0.0440039895475, "var": 3.37549936376e-05, "mean": 0.00607554567978}, "spectral_contrast_coeffs": {"dmean2": [0.0892030522227, 0.0724316462874, 0.0638149380684, 0.0534531399608, 0.041279938072, 0.0347918570042], "median": [-0.70493555069, -0.778240680695, -0.801386773586, -0.794771671295, -0.788386762142, -0.750628471375], "min": [-0.913782656193, -0.945125162601, -0.926656842232, -0.914094984531, -0.895533621311, -0.871391654015], "dvar2": [0.00612246757373, 0.00349076837301, 0.00263714883476, 0.00196861242875, 0.00122377509251, 0.000922896142583], "dvar": [0.00265589845367, 0.00132518261671, 0.00108902715147, 0.00079918676056, 0.000544052454643, 0.000374951952836], "dmean": [0.0564685240388, 0.0440997965634, 0.0396352186799, 0.0330913439393, 0.02588121593, 0.021592579782], "max": [-0.309569388628, -0.431953459978, -0.467182308435, -0.474723309278, -0.539414823055, -0.597239851952], "var": [0.00829561147839, 0.00377688021399, 0.00406453106552, 0.00345281325281, 0.00267457659356, 0.0013513682643], "mean": [-0.687310576439, -0.771922767162, -0.789731621742, -0.782266616821, -0.775826513767, -0.750700950623]}, "melbands_skewness": {"dmean2": 1.7130767107, "median": 2.57989406586, "min": -2.07102274895, "dvar2": 5.38249921799, "dvar": 2.88114070892, "dmean": 1.22721016407, "max": 31.9755535126, "var": 18.4288139343, "mean": 3.82625818253}, "spectral_spread": {"dmean2": 1239767.25, "median": 5657831, "min": 1858303.75, "dvar2": 2071385866240.0, "dvar": 996192747520, "dmean": 855664.125, "max": 15838950, "var": 3796275298300.0, "mean": 5811564}, "dissonance": {"dmean2": 0.0168301574886, "median": 0.487124085426, "min": 0.349657326937, "dvar2": 0.000296726357192, "dvar": 0.000107739047962, "dmean": 0.00998608861119, "max": 0.500000059605, "var": 0.000216327505768, "mean": 0.483122289181}, "spectral_skewness": {"dmean2": 0.232808619738, "median": 1.12876057625, "min": -0.0960788205266, "dvar2": 0.0496394410729, "dvar": 0.021636588499, "dmean": 0.147906690836, "max": 2.88531327248, "var": 0.0966452136636, "mean": 1.17594575882}, "spectral_flux": {"dmean2": 0.0448148362339, "median": 0.0912525728345, "min": 5.52649798919e-05, "dvar2": 0.00212760758586, "dvar": 0.00118523708079, "dmean": 0.0308442041278, "max": 0.400363862514, "var": 0.00309421843849, "mean": 0.104961305857}, "spectral_contrast_valleys": {"dmean2": [0.642694652081, 0.644835293293, 0.526377916336, 0.448683798313, 0.390753805637, 0.395205289125], "median": [-7.07137870789, -7.01742076874, -7.35530805588, -7.44568014145, -6.83522891998, -9.02383518219], "min": [-15.5761947632, -14.3831701279, -15.9653406143, -14.8038549423, -14.3531141281, -16.3635082245], "dvar2": [0.304083049297, 0.367079883814, 0.198097735643, 0.180010035634, 0.165008991957, 0.179770961404], "dvar": [0.120679780841, 0.148949325085, 0.0853407382965, 0.0765122249722, 0.0721285045147, 0.0943808630109], "dmean": [0.38478243351, 0.394492387772, 0.326390832663, 0.278483897448, 0.244883432984, 0.274524837732], "max": [-5.46712732315, -5.17453813553, -5.74913167953, -5.75578212738, -5.55588817596, -7.32213973999], "var": [0.861136496067, 0.395698130131, 0.332247048616, 0.338899195194, 0.290019989014, 0.485132128], "mean": [-7.24412441254, -7.04413414001, -7.43452262878, -7.48708581924, -6.9049243927, -9.09966468811]}, "erbbands_flatness_db": {"dmean2": 0.0237577967346, "median": 0.111013785005, "min": 0.0389852151275, "dvar2": 0.000495602434967, "dvar": 0.000265660171863, "dmean": 0.0165434312075, "max": 0.31617552042, "var": 0.0021915899124, "mean": 0.121552526951}, "spectral_energyband_high": {"dmean2": 0.0016866652295, "median": 0.00198038993403, "min": 8.48657089048e-10, "dvar2": 5.02759121446e-06, "dvar": 2.31517060456e-06, "dmean": 0.00110842380673, "max": 0.0221821516752, "var": 5.95576830165e-06, "mean": 0.00270134024322}, "spectral_entropy": {"dmean2": 0.223029315472, "median": 8.08670425415, "min": 6.29521560669, "dvar2": 0.0665269643068, "dvar": 0.0312064569443, "dmean": 0.156738325953, "max": 8.89438915253, "var": 0.122907295823, "mean": 8.02955055237}, "silence_rate_20dB": {"dmean2": 0, "median": 1, "min": 1, "dvar2": 0, "dvar": 0, "dmean": 0, "max": 1, "var": 0, "mean": 1}, "melbands_flatness_db": {"dmean2": 0.0448202043772, "median": 0.135290190578, "min": 0.0172931496054, "dvar2": 0.00266079138964, "dvar": 0.00127003353555, "dmean": 0.0311141293496, "max": 0.545157194138, "var": 0.00834366679192, "mean": 0.163134872913}, "barkbands": {"dmean2": [0.00119314168114, 0.0107007212937, 0.00474160164595, 0.00369274104014, 0.00255523109809, 0.00062591599999, 0.000524368777405, 0.000430075073382, 0.000411141634686, 0.000325431086821, 0.000467750214739, 0.000624467735179, 0.000542457448319, 0.000308520568069, 0.000617758661974, 0.00062542874366, 0.000712333188858, 0.000612466188613, 0.000731867097784, 0.000572499644477, 0.000467005156679, 0.000324900465785, 0.000219150882913, 0.000273317069514, 0.00033054332016, 0.000453511776868, 5.51626944798e-05], "median": [0.000128552492242, 0.00371000450104, 0.00089992856374, 0.000304120709188, 0.00043622078374, 0.000266603921773, 0.000207060715184, 0.000166811107192, 0.000168059355929, 8.41597939143e-05, 0.000156469657668, 0.000201521674171, 0.000194524996914, 0.00010973103781, 0.000259401364019, 0.000195331056602, 0.000244650087552, 0.000319397513522, 0.00040493204142, 0.000408260908443, 0.000441199808847, 0.00033883046126, 0.00021294078033, 0.000182916061021, 0.000142822391354, 7.47226367821e-05, 7.48957472751e-06], "min": [1.44605421387e-11, 4.5083958268e-12, 6.79609233473e-12, 4.45121023374e-12, 5.35205803287e-11, 2.94579603766e-11, 7.74021471917e-11, 3.105537702e-11, 1.44048800665e-10, 1.44790596179e-10, 6.02972706487e-12, 9.79931327055e-12, 1.29173000421e-11, 2.76339451322e-10, 6.79702197304e-11, 1.82516307623e-10, 7.11047748458e-11, 1.00654345969e-10, 2.02508634861e-10, 1.04584771399e-10, 7.24943508001e-11, 1.58237339898e-10, 9.9440171375e-11, 1.87698495635e-10, 1.21373869288e-10, 9.41312826297e-12, 2.32436357488e-12], "dvar2": [6.28442785455e-06, 0.00042211447726, 0.000187844809261, 0.000131418069941, 5.52350284124e-05, 1.80425570306e-06, 1.23414417885e-06, 6.64581307319e-07, 1.00963973182e-06, 1.10651740215e-06, 1.20956917726e-06, 1.84809596249e-06, 1.47192633904e-06, 7.50909805447e-07, 1.61199409376e-06, 2.53511302617e-06, 3.85672456105e-06, 2.07768152904e-06, 1.88215597063e-06, 8.28356576221e-07, 5.50747415673e-07, 2.10115132404e-07, 1.10176124224e-07, 4.51901058796e-07, 5.12323936164e-07, 8.71697125149e-07, 1.90930311561e-08], "dvar": [2.94562892122e-06, 0.000216928427108, 7.00248565408e-05, 4.64541481051e-05, 1.95156408154e-05, 6.72261819545e-07, 5.47549518615e-07, 2.87400780508e-07, 4.49695221505e-07, 4.81084953208e-07, 5.12048643486e-07, 9.71499275693e-07, 6.86768430569e-07, 3.23769995703e-07, 7.43800171676e-07, 1.10723783564e-06, 1.76827722953e-06, 8.9022313432e-07, 8.41464043333e-07, 3.44758262