{"metadata": {"tags": {"album": ["Sleepers"], "albumartist": ["Big Pooh"], "genre": ["Rap"], "artist": ["Big Pooh"], "date": ["2005"], "tracknumber": ["12"], "title": ["the jungle"], "file_name": "50355.mp3", "musicbrainz_recordingid": ["0a602f2d-eef9-4351-baee-b3192a4f2957"]}, "audio_properties": {"sample_rate": 44100, "downmix": "mix", "lossless": false, "analysis_sample_rate": 44100, "md5_encoded": "e85b3a3316a635892ece4510405e3ee5", "equal_loudness": 0, "replay_gain": -14.216003418, "codec": "mp3", "bit_rate": 256000, "length": 212.035919189}, "version": {"extractor": "music 1.0", "essentia_build_sha": "70f2e5ece6736b2c40cc944ad0e695b16b925413", "essentia_git_sha": "v2.1_beta2", "essentia": "2.1-beta2"}}, "rhythm": {"beats_loudness_band_ratio": {"dvar2": [0.0888877511024, 0.0896067172289, 0.0205934178084, 0.0265548042953, 0.0132820252329, 0.0108760436997], "var": [0.106958419085, 0.0758581906557, 0.0103041352704, 0.00689731398597, 0.0029048868455, 0.0067545901984], "min": [0.00195609894581, 0.0159555450082, 0.00088816753123, 0.000270916119916, 0.000108564570837, 0.000112060224637], "dmean": [0.584264755249, 0.500347077847, 0.0908761993051, 0.0492925830185, 0.0388201139867, 0.141672745347], "mean": [0.572477221489, 0.307868540287, 0.0889490991831, 0.0416201278567, 0.029559917748, 0.0764901563525], "max": [0.990034043789, 0.806146204472, 0.728629171848, 0.802312910557, 0.821535110474, 0.357028275728], "dmean2": [1.16713058949, 1.00197577477, 0.162739619613, 0.0912037864327, 0.0764285102487, 0.283612072468], "median": [0.474990189075, 0.198579087853, 0.0629352852702, 0.0229032151401, 0.022500673309, 0.0341752916574], "dvar": [0.0273949857801, 0.0281482823193, 0.00657477136701, 0.00835902709514, 0.00462091341615, 0.00345274829306]}, "bpm_histogram_first_peak_weight": {"dvar2": 0, "var": 0, "min": 0.875, "dmean": 0, "mean": 0.875, "max": 0.875, "dmean2": 0, "median": 0.875, "dvar": 0}, "bpm": 75.2704620361, "beats_count": 265, "bpm_histogram_first_peak_spread": {"dvar2": 0, "var": 0, "min": 0.121672987938, "dmean": 0, "mean": 0.121672987938, "max": 0.121672987938, "dmean2": 0, "median": 0.121672987938, "dvar": 0}, "danceability": 1.30986690521, "bpm_histogram_first_peak_bpm": {"dvar2": 0, "var": 0, "min": 76, "dmean": 0, "mean": 76, "max": 76, "dmean2": 0, "median": 76, "dvar": 0}, "beats_position": [0.835918366909, 1.68344664574, 2.49614500999, 3.30884337425, 4.1099319458, 4.91102027893, 5.70049858093, 6.48997735977, 7.2910656929, 8.08054447174, 8.87002277374, 9.65950107574, 10.47219944, 11.2848978043, 12.0743761063, 12.8638544083, 13.6533327103, 14.4660310745, 15.2671203613, 16.0682086945, 16.8576869965, 17.6703853607, 18.4598636627, 19.2493419647, 20.0388202667, 20.8282985687, 21.6177768707, 22.4072551727, 23.2083435059, 24.009431839, 24.7989120483, 25.6000003815, 26.4010887146, 27.2137870789, 28.0032653809, 28.8159637451, 29.6054420471, 30.4065303802, 31.1960086823, 31.9970970154, 32.7865753174, 33.5760536194, 34.3655319214, 35.1550102234, 35.9677085876, 36.7571868896, 37.5466651917, 38.3593635559, 39.1488418579, 39.9615402222, 40.7510185242, 41.5521087646, 42.3531951904, 43.1658935547, 43.9553718567, 44.7448501587, 45.5343284607, 46.3354187012, 47.1248970032, 47.9259872437, 48.7154655457, 49.5281639099, 50.3176422119, 51.1071205139, 51.9082069397, 52.7092971802, 53.510383606, 54.3114738464, 55.1125602722, 55.9136505127, 56.7031288147, 57.4926071167, 58.2936935425, 59.094783783, 59.884262085, 60.673740387, 61.4748306274, 62.2759170532, 63.0653953552, 63.8664855957, 64.6675720215, 65.4686584473, 66.2697525024, 67.0708389282, 67.871925354, 68.6730117798, 69.4624938965, 70.2403640747, 71.0414505005, 71.8425369263, 72.632019043, 73.4214935303, 74.2225799561, 75.0236740112, 75.8131484985, 76.6142425537, 77.4153289795, 78.2048034668, 79.005897522, 79.8069839478, 80.6080703735, 81.4091567993, 82.198638916, 82.9997253418, 83.8008117676, 84.5902938843, 85.3797683716, 86.1692504883, 86.9819488525, 87.7714233398, 88.5609054565, 89.3736038208, 90.1630859375, 90.9757843018, 91.7652587891, 92.5663452148, 93.36743927, 94.1569137573, 94.946395874, 95.7474822998, 96.5485687256, 97.3380508423, 98.1275253296, 98.9170074463, 99.7297058105, 100.530792236, 101.320266724, 102.121360779, 102.910835266, 103.72353363, 104.513015747, 105.325714111, 106.115188599, 106.916282654, 107.705757141, 108.506843567, 109.296325684, 110.085800171, 110.875282288, 111.676368713, 112.477455139, 113.290153503, 114.07963562, 114.869110107, 115.681808472, 116.471290588, 117.260765076, 118.07346344, 118.862945557, 119.675643921, 120.453514099, 121.266212463, 122.055686951, 122.856781006, 123.646255493, 124.43573761, 125.236824036, 126.037910461, 126.827392578, 127.628479004, 128.417953491, 129.219039917, 130.020126343, 130.821228027, 131.622314453, 132.423400879, 133.212875366, 134.002349854, 134.7918396, 135.604537964, 136.394012451, 137.183486938, 137.984573364, 138.78565979, 139.575149536, 140.364624023, 141.165710449, 141.966796875, 142.767883301, 143.568969727, 144.370071411, 145.171157837, 145.960632324, 146.76171875, 147.562805176, 148.352294922, 149.141769409, 149.931243896, 150.732330322, 151.533416748, 152.322906494, 153.135604858, 153.925079346, 154.726165771, 155.527252197, 156.316726685, 157.11781311, 157.918914795, 158.708389282, 159.509475708, 160.310562134, 161.100036621, 161.889526367, 162.679000854, 163.48008728, 164.281173706, 165.082260132, 165.883346558, 166.672836304, 167.485534668, 168.275009155, 169.08770752, 169.877182007, 170.678268433, 171.467758179, 172.268844604, 173.058319092, 173.847793579, 174.637283325, 175.426757812, 176.239456177, 177.040542603, 177.841629028, 178.631103516, 179.420593262, 180.233291626, 181.022766113, 181.823852539, 182.624938965, 183.437637329, 184.227111816, 185.016601562, 185.80607605, 186.607162476, 187.396636963, 188.197723389, 188.987213135, 189.799911499, 190.589385986, 191.378860474, 192.179946899, 192.981033325, 193.78213501, 194.583221436, 195.384307861, 196.185394287, 196.974868774, 197.764343262, 198.565444946, 199.366531372, 200.156005859, 200.957092285, 201.758178711, 202.547653198, 203.337142944, 204.13822937, 204.939315796, 205.740402222, 206.541488647, 207.342575073, 208.143676758, 208.933151245, 209.722625732, 210.51210022, 211.301589966], "beats_loudness": {"dvar2": 0.00658000819385, "var": 0.00436431309208, "min": 2.79127343674e-05, "dmean": 0.110223211348, "mean": 0.0893807113171, "max": 0.233959317207, "dmean2": 0.220188394189, "median": 0.056650288403, "dvar": 0.00204941933043}, "bpm_histogram_second_peak_weight": {"dvar2": 0, "var": 0, "min": 0.00378787890077, "dmean": 0, "mean": 0.00378787890077, "max": 0.00378787890077, "dmean2": 0, "median": 0.00378787890077, "dvar": 0}, "bpm_histogram_second_peak_spread": {"dvar2": 0, "var": 0, "min": 0, "dmean": 0, "mean": 0, "max": 0, "dmean2": 0, "median": 0, "dvar": 0}, "bpm_histogram_second_peak_bpm": {"dvar2": 0, "var": 0, "min": 71, "dmean": 0, "mean": 71, "max": 71, "dmean2": 0, "median": 71, "dvar": 0}, "onset_rate": 4.48937511444}, "lowlevel": {"spectral_energyband_high": {"dvar2": 3.40645942742e-06, "var": 3.12491465593e-06, "min": 7.92586772269e-21, "dmean": 0.000540653185453, "mean": 0.000729255727492, "max": 0.0221551731229, "dmean2": 0.000774781685323, "median": 0.000138295887155, "dvar": 1.78192499334e-06}, "spectral_energyband_middle_low": {"dvar2": 0.00122214492876, "var": 0.000377397169359, "min": 5.07593950481e-22, "dmean": 0.0101239252836, "mean": 0.0162278711796, "max": 0.193306326866, "dmean2": 0.0168952960521, "median": 0.0122253634036, "dvar": 0.000441792130005}, "spectral_energy": {"dvar2": 0.00235002534464, "var": 0.00147391087376, "min": 1.05124186851e-20, "dmean": 0.0163040142506, "mean": 0.0316334627569, "max": 0.280504465103, "dmean2": 0.024926872924, "median": 0.022226087749, "dvar": 0.00106674816925}, "spectral_spread": {"dvar2": 2785150238720.0, "var": 5319635763200.0, "min": 403763.0625, "dmean": 905686.75, "mean": 4562801, "max": 40912324, "dmean2": 1251833.125, "median": 3956489, "dvar": 1711335669760.0}, "spectral_energyband_low": {"dvar2": 0.00131637323648, "var": 0.000948390865233, "min": 8.63558775425e-23, "dmean": 0.00803607609123, "mean": 0.0124358385801, "max": 0.259335964918, "dmean2": 0.0118570011109, "median": 0.000437565468019, "dvar": 0.00066884647822}, "spectral_rolloff": {"dvar2": 4943340.5, "var": 4135890, "min": 43.06640625, "dmean": 668.181091309, "mean": 1399.69689941, "max": 17937.1582031, "dmean2": 1119.7512207, "median": 753.662109375, "dvar": 2424135.25}, "barkbands": {"dvar2": [2.00558545771e-07, 0.00103486876469, 0.000291277247015, 0.000252551370068, 0.000703456928022, 2.98364138871e-05, 2.84380439552e-05, 2.38909451582e-05, 1.29553900479e-05, 7.63330535847e-06, 2.01813463718e-06, 2.3126663109e-06, 1.60124477588e-06, 8.76010290085e-07, 2.56241037278e-07, 3.00273256926e-07, 1.43541029729e-07, 5.92677409372e-08, 6.84540992779e-08, 4.9219892162e-08, 2.28537615499e-07, 2.2872418981e-07, 1.89689728813e-07, 2.17490054411e-07, 8.76628689639e-08, 3.6308961171e-08, 1.01642827488e-08], "var": [2.91945696063e-07, 0.000558010477107, 6.55814146739e-05, 5.25620525877e-05, 0.000181610055733, 2.10760408663e-05, 2.05566102522e-05, 2.02811588679e-05, 1.25673723232e-05, 6.54701261738e-06, 1.22046378692e-06, 1.65537335306e-06, 1.35163099912e-06, 1.25830729303e-06, 2.42836676989e-07, 2.17509253275e-07, 1.23412121411e-07, 5.94900839701e-08, 4.51551898095e-08, 4.22449879522e-08, 1.95610951437e-07, 2.13633725821e-07, 1.44039120187e-07, 1.13471706698e-07, 5.1639094778e-08, 1.58231543423e-08, 2.65526534093e-09], "min": [9.72159236763e-23, 2.83027925783e-23, 2.06764387563e-24, 2.67365250282e-23, 6.04181057353e-23, 4.7521204967e-23, 3.2954247797e-23, 8.22779273573e-23, 2.34904097349e-22, 9.05696253994e-23, 4.46430901305e-23, 1.01801729891e-22, 3.62176075898e-23, 9.73159512391e-23, 1.88095779671e-22, 6.34748407688e-23, 1.53140317975e-22, 2.38305589841e-22, 2.15517682831e-22, 4.24807125799e-22, 4.09698760768e-22, 6.14193570263e-22, 6.41804156329e-22, 8.87714340053e-22, 1.32044662756e-21, 1.85965145883e-21, 2.01634866858e-21], "dmean": [9.59205644904e-05, 0.00629414385185, 0.00270196422935, 0.00257313880138, 0.00476174801588, 0.00164892245084, 0.00184632453602, 0.00134091125801, 0.00111670978367, 0.000615739438217, 0.000301256950479, 0.000396497111069, 0.000294792029308, 0.000269938173005, 0.000140562056913, 0.000140888005262, 0.000129105479573, 7.90916237747e-05, 8.2070575445e-05, 6.73795657349e-05, 0.000118478666991, 0.000118155701784, 0.000105927079858, 9.85477454378e-05, 6.94247355568e-05, 4.28401945101e-05, 1.49239913299e-05], "mean": [0.000116144998174, 0.00868672970682, 0.00249202479608, 0.00215498544276, 0.00490278424695, 0.00241648009978, 0.00240083807148, 0.00197732425295, 0.0020025302656, 0.000997053808533, 0.000415400834754, 0.000559674168471, 0.00043971548439, 0.000402676931117, 0.000204030759051, 0.000209727237234, 0.000213334147702, 0.000140788586577, 0.00011721332703, 0.000108157350041, 0.000154332490638, 0.000151600062964, 0.000126788712805, 0.000109555840027, 7.78694593464e-05, 4.3938482122e-05, 1.17418267109e-05], "max": [0.011568297632, 0.247765392065, 0.0899526327848, 0.0867762714624, 0.171255320311, 0.0589642636478, 0.0554555244744, 0.0725621432066, 0.0532165840268, 0.0735296234488, 0.024595765397, 0.027229225263, 0.0247999746352, 0.0230393987149, 0.0124885737896, 0.0115954708308, 0.00463483668864, 0.00499664386734, 0.00456455536187, 0.00446055503562, 0.00778901576996, 0.00839152187109, 0.00539920246229, 0.00501840095967, 0.00302822352387, 0.00182755256537, 0.00153447268531], "dmean2": [0.000142914243042, 0.00976597517729, 0.00493430439383, 0.00471604475752, 0.00812525488436, 0.00259793875739, 0.00284906453453, 0.00199138303287, 0.00158717634622, 0.000911163690034, 0.000473084801342, 0.000604888133239, 0.00043306167936, 0.000394044443965, 0.000215251289774, 0.00021272446611, 0.000197996923816, 0.000121302131447, 0.000133041612571, 0.000101817393443, 0.00017800576461, 0.000174275133759, 0.00015497408458, 0.000147706829011, 0.000102965575934, 6.61037847749e-05, 2.51748024311e-05], "median": [1.82876246981e-05, 9.51245965553e-05, 0.000135869020596, 0.000325209111907, 0.00146809313446, 0.000721072370652, 0.000582351873163, 0.000377376156393, 0.000603683234658, 0.000222952177864, 8.47350311233e-05, 0.000166644458659, 0.000103104910522, 0.000109799519123, 5.54848156753e-05, 7.6764372352e-05, 8.14729573904e-05, 5.4171490774e-05, 3.93738155253e-05, 3.27611924149e-05, 3.22730775224e-05, 1.85180888366e-05, 1.22740812003e-05, 1.1549041119e-05, 5.89244518778e-06, 4.25359394285e-06, 5.97415692027e-07], "dvar": [1.22505582567e-07, 0.000475960085168, 0.000100174009276, 8.66402260726e-05, 0.000258520653006, 1.24026737467e-05, 1.28830715767e-05, 1.05254639493e-05, 5.7004840528e-06, 3.20746926263e-06, 8.27873179787e-07, 1.03232105175e-06, 7.82481833994e-07, 5.55730423457e-07, 1.37735653993e-07, 1.45517716987e-07, 5.98673395302e-08, 2.81644343403e-08, 2.78803984344e-08, 2.23558007661e-08, 1.10692546684e-07, 1.17671760336e-07, 9.37163449066e-08, 9.65623385696e-08, 4.10451832522e-08, 1.52446464341e-08, 3.76141429115e-09]}, "melbands_skewness": {"dvar2": 3.67637205124, "var": 4.27204036713, "min": -4.7054848671, "dmean": 1.04044079781, "mean": 2.69321513176, "max": 18.4691524506, "dmean2": 1.54852354527, "median": 2.41380810738, "dvar": 1.68685019016}, "barkbands_skewness": {"dvar2": 2.05249762535, "var": 2.69330024719, "min": -5.90163040161, "dmean": 0.83930850029, "mean": 1.83585989475, "max": 14.5547504425, "dmean2": 1.22494888306, "median": 1.70277106762, "dvar": 1.00490868092}, "erbbands": {"dvar2": [0.399906367064, 66.48487854, 280.247131348, 1625.53930664, 6301.24755859, 7007.38476562, 521.250610352, 3429.02758789, 6961.92333984, 4387.43359375, 13280.7373047, 7608.52050781, 3734.44799805, 5700.24267578, 3079.04833984, 3392.19433594, 3405.84301758, 1906.59204102, 4179.30908203, 798.480712891, 416.733001709, 377.697692871, 199.93321228, 120.766990662, 150.560440063, 110.961151123, 223.951721191, 549.369628906, 358.302398682, 195.459503174, 153.987182617, 94.3607788086, 63.7801322937, 14.9402494431, 3.96279716492, 0.68710488081, 0.143114641309, 0.0167299155146, 0.000283305475023, 5.82041081998e-07], "var": [0.227129667997, 35.5164871216, 86.5956115723, 351.512176514, 1545.51013184, 1882.18981934, 649.15411377, 2182.19238281, 4960.03222656, 3239.28344727, 11096.0146484, 6957.328125, 6331.98535156, 4328.64404297, 1959.12780762, 2875.80541992, 3028.68994141, 2345.4296875, 4001.47192383, 565.445922852, 360.519134521, 357.391784668, 200.408798218, 109.25315094, 117.814682007, 92.1619796753, 187.096557617, 422.422576904, 329.950042725, 172.581253052, 107.611625671, 49.4887046814, 33.1086082458, 8.62444114685, 2.20970654488, 0.398348450661, 0.0513138063252, 0.0047279628925, 7.53999847802e-05, 1.62135805226e-07], "min": [2.35074471109e-21, 1.33473902012e-21, 3.41208367607e-21, 4.59063688035e-20, 1.9808335155e-19, 1.78578781673e-19, 2.20367351683e-19, 4.17502017544e-19, 5.00878126826e-19, 7.12599399006e-19, 2.38214926282e-18, 6.05688279727e-18, 2.96516642447e-18, 2.54668396526e-18, 2.98107228047e-18, 4.43262474261e-18, 2.18946353619e-18, 3.81381175354e-18, 8.86278945007e-18, 6.75121448113e-18, 4.22438119622e-18, 9.35043310069e-18, 1.13743612527e-17, 1.13646675231e-17, 1.08438812269e-17, 1.85246585329e-17, 2.02369224009e-17, 1.94024179312e-17, 1.98479572615e-17, 2.06975991364e-17, 1.65149057751e-17, 2.08821844901e-17, 1.40941501319e-17, 1.20733495498e-17, 9.98611395681e-18, 7.18531845301e-18, 3.60053522671e-18, 1.13064546875e-18, 2.88503304414e-19, 3.01506590105e-20], "dmean": [0.127269342542, 1.59132313728, 2.81223011017, 6.54756641388, 15.0340137482, 15.0690202713, 6.69100522995, 16.7946510315, 29.2211799622, 20.2654800415, 33.0158309937, 24.6644706726, 19.3417301178, 14.5638923645, 12.8785667419, 15.5826749802, 13.2547082901, 10.5750207901, 13.1747303009, 6.46778726578, 6.83695650101, 6.7977437973, 4.49251842499, 3.55879163742, 3.88047194481, 3.17767000198, 3.56952166557, 5.6014046669, 4.44467020035, 3.43843722343, 2.91424059868, 2.11272740364, 1.61681413651, 0.855629086494, 0.466370522976, 0.205175861716, 0.074758797884, 0.0205067321658, 0.00257343961857, 0.000125139384181], "mean": [0.167880862951, 2.21151781082, 3.30647778511, 5.83157253265, 13.7054262161, 15.0330533981, 11.4305047989, 23.4223251343, 39.9639930725, 27.2189388275, 53.6187820435, 44.2127342224, 35.8568611145, 22.9630413055, 19.2161922455, 23.7902336121, 21.218536377, 16.9316635132, 19.2963562012, 9.94601917267, 11.2067422867, 12.0438671112, 8.54314041138, 6.13392353058, 5.91709947586, 5.11175394058, 4.84779548645, 7.12809658051, 5.72251701355, 4.27616977692, 3.43949842453, 2.35846924782, 1.78842437267, 0.950524866581, 0.517560422421, 0.227815359831, 0.0719595253468, 0.017329543829, 0.00204747449607, 0.000122204670333], "max": [5.555747509, 60.1238288879, 95.3015975952, 202.505325317, 453.187957764, 547.046813965, 394.237213135, 739.578918457, 1002.29394531, 706.346801758, 1761.09545898, 1701.51757812, 796.317565918, 1970.43688965, 1096.66027832, 1171.43811035, 1380.45263672, 1253.35351562, 1864.10913086, 606.309753418, 225.149490356, 251.147964478, 299.515777588, 219.497558594, 242.212356567, 227.826705933, 399.160461426, 399.856628418, 355.674194336, 213.0287323, 162.90222168, 108.764419556, 101.611167908, 43.3120803833, 24.3739852905, 10.1529531479, 4.13659620285, 1.72300982475, 0.228068202734, 0.0111548854038], "dmean2": [0.193206459284, 2.46272444725, 4.71621656418, 11.9932813644, 26.2329330444, 25.6285495758, 10.249083519, 26.4316005707, 45.1682319641, 30.8401813507, 47.9356155396, 34.8096466064, 26.7012615204, 22.1432819366, 19.8237571716, 23.1138248444, 19.12251091, 15.3401737213, 20.0461177826, 9.81137561798, 10.2127017975, 10.2891111374, 6.75500917435, 5.54879140854, 6.20547580719, 4.77670574188, 5.31928157806, 8.54437828064, 6.5456905365, 5.01984596252, 4.32754898071, 3.14750671387, 2.43418335915, 1.27404439449, 0.68642604351, 0.306906878948, 0.117775462568, 0.0338458530605, 0.00432340893894, 0.000207070756005], "median": [0.00281680678017, 0.0230526328087, 0.127280116081, 0.797430694103, 3.66893959045, 3.33507943153, 3.70339274406, 6.84131765366, 11.9079694748, 8.68629932404, 15.5604991913, 14.3680639267, 8.78607273102, 6.5354757309, 5.73512363434, 8.04867362976, 5.288022995, 4.14365291595, 5.62103366852, 3.21512389183, 4.6747803688, 5.05707406998, 3.49066185951, 2.37419819832, 1.91158497334, 1.580499053, 1.22253262997, 1.3904941082, 0.734860360622, 0.434262931347, 0.33868381381, 0.273431032896, 0.158500850201, 0.0649507716298, 0.0422013178468, 0.0215939953923, 0.00664900336415, 0.00114368251525, 0.000120638687804, 3.66694257536e-05], "dvar": [0.187556892633, 30.4501476288, 104.738830566, 554.923461914, 2290.87890625, 2592.30737305, 229.881866455, 1445.05725098, 3075.09985352, 2000.07836914, 5846.30517578, 3392.87158203, 1958.73913574, 2346.68041992, 1311.08251953, 1572.31604004, 1668.92944336, 1091.44250488, 2416.34350586, 375.340393066, 190.292388916, 162.318649292, 92.4080123901, 53.9513473511, 64.9424133301, 51.1168479919, 111.865463257, 250.503341675, 183.732025146, 99.8403625488, 74.4104766846, 41.5094413757, 28.4943408966, 6.96484947205, 1.80857384205, 0.314955621958, 0.0572169572115, 0.00631599267945, 0.000105489853013, 2.19101281118e-07]}, "silence_rate_30dB": {"dvar2": 0.10230666399, "var": 0.0484176576138, "min": 0, "dmean": 0.0501533076167, "mean": 0.9489762187, "max": 1, "dmean2": 0.100317597389, "median": 1, "dvar": 0.0476342216134}, "melbands_spread": {"dvar2": 691.583007812, "var": 741.651672363, "min": 0.466273725033, "dmean": 8.50276088715, "mean": 18.7784805298, "max": 240.019790649, "dmean2": 13.0004777908, "median": 11.7463216782, "dvar": 370.012359619}, "melbands_crest": {"dvar2": 30.7175655365, "var": 30.1661891937, "min": 2.32339191437, "dmean": 3.8124730587, "mean": 15.3332643509, "max": 36.0672454834, "dmean2": 5.9885802269, "median": 14.6697969437, "dvar": 12.6762599945}, "zerocrossingrate": {"dvar2": 0.00068343518069, "var": 0.00288332230411, "min": 0.00390625, "dmean": 0.0152804972604, "mean": 0.0550544187427, "max": 0.49072265625, "dmean2": 0.0167666394264, "median": 0.0390625, "dvar": 0.000679223565385}, "barkbands_kurtosis": {"dvar2": 636.549072266, "var": 300.579071045, "min": -1.90984213352, "dmean": 6.4885597229, "mean": 8.31382274628, "max": 373.090332031, "dmean2": 10.0683231354, "median": 3.97968482971, "dvar": 263.888519287}, "spectral_flux": {"dvar2": 0.00699889333919, "var": 0.00567965675145, "min": 1.02530088586e-10, "dmean": 0.039873663336, "mean": 0.0951527431607, "max": 0.474992632866, "dmean2": 0.0640043094754, "median": 0.0794600173831, "dvar": 0.00319012836553}, "barkbands_crest": {"dvar2": 25.9712600708, "var": 22.4683094025, "min": 2.51685428619, "dmean": 3.44721579552, "mean": 11.9881887436, "max": 26.4023361206, "dmean2": 5.47727584839, "median": 11.0408744812, "dvar": 10.4367418289}, "barkbands_flatness_db": {"dvar2": 0.00191346940119, "var": 0.00379179185256, "min": 0.0197135694325, "dmean": 0.0300595033914, "mean": 0.167795971036, "max": 0.492651492357, "dmean2": 0.0443394966424, "median": 0.163005173206, "dvar": 0.000913388794288}, "spectral_entropy": {"dvar2": 0.190243527293, "var": 0.387465029955, "min": 4.60255813599, "dmean": 0.285537093878, "mean": 7.20988512039, "max": 9.80903339386, "dmean2": 0.410770446062, "median": 7.18821525574, "dvar": 0.10007853061}, "pitch_salience": {"dvar2": 0.0166210383177, "var": 0.0143619086593, "min": 0.0988528504968, "dmean": 0.0862334147096, "mean": 0.540779709816, "max": 0.892091929913, "dmean2": 0.13745687902, "median": 0.540701508522, "dvar": 0.00649548089132}, "erbbands_spread": {"dvar2": 540.938110352, "var": 620.409423828, "min": 0.289344727993, "dmean": 11.6825838089, "mean": 33.7864151001, "max": 176.017456055, "dmean2": 17.3931770325, "median": 27.6140213013, "dvar": 255.255477905}, "dynamic_complexity": 3.02217078209, "spectral_contrast_valleys": {"dvar2": [0.47477850318, 0.429629504681, 0.404371142387, 0.41789034009, 0.45846709609, 0.549741268158], "var": [1.84947633743, 0.744143188, 0.843438446522, 0.902409315109, 1.01414513588, 1.60901963711], "min": [-27.1711502075, -27.739156723, -26.9975013733, -27.0411949158, -27.3370018005, -27.2535896301], "dmean": [0.454389929771, 0.432799935341, 0.446507006884, 0.4499309659, 0.42329749465, 0.476133197546], "mean": [-7.95596837997, -6.93617773056, -7.90376758575, -8.47875785828, -8.2559337616, -10.6224718094], "max": [-4.92167425156, -4.74651861191, -5.63559436798, -5.97531414032, -5.69398832321, -7.56328868866], "dmean2": [0.717248499393, 0.68070179224, 0.675630092621, 0.659769296646, 0.602402746677, 0.619704008102], "median": [-8.19705867767, -6.85278606415, -7.85172319412, -8.37436199188, -8.1402797699, -10.6005115509], "dvar": [0.260379999876, 0.211840197444, 0.211118757725, 0.218193382025, 0.241926833987, 0.335183680058]}, "hfc": {"dvar2": 385.095184326, "var": 293.426025391, "min": 1.08800475485e-16, "dmean": 8.14573383331, "mean": 17.5295143127, "max": 153.198745728, "dmean2": 12.042632103, "median": 13.7504196167, "dvar": 172.897079468}, "spectral_kurtosis": {"dvar2": 99.2691345215, "var": 180.869354248, "min": -1.26285541058, "dmean": 3.50148010254, "mean": 8.38619232178, "max": 247.549987793, "dmean2": 5.48104333878, "median": 5.62718772888, "dvar": 43.0361938477}, "mfcc": {"mean": [-684.741699219, 134.979690552, 3.54529643059, 15.6031150818, -7.30847883224, -5.08823490143, -8.01279735565, -0.526971936226, -2.02092075348, -3.28195667267, -0.751661300659, 3.82849240303, -4.29692983627], "cov": [[6308.04492188, -1041.39892578, 58.2052688599, 468.085021973, 65.3638916016, 245.253646851, 15.7321949005, 64.9885025024, 17.2377300262, 102.423461914, -34.7183761597, -40.6996574402, -99.0955657959], [-1041.39892578, 2493, -679.917297363, -163.597351074, 67.0474395752, -0.634875237942, 216.603012085, 103.140602112, 158.242324829, 102.399452209, 90.3718566895, 109.786079407, 61.5796165466], [58.2052688599, -679.917297363, 1206.54760742, 416.141204834, 178.714691162, 131.769088745, 49.3413391113, 95.8461227417, 16.6461486816, -56.2451057434, -10.5164756775, -55.0476989746, 1.23297071457], [468.085021973, -163.597351074, 416.141204834, 882.817687988, 311.300964355, 87.5139923096, 2.1734483242, 54.4019088745, 36.1233596802, -40.2994384766, -37.25440979, 6.2401843071, 19.4297962189], [65.3638916016, 67.0474395752, 178.714691162, 311.300964355, 530.060791016, 157.201431274, 76.3917694092, 48.0470581055, 39.4467926025, 88.8534469604, 29.1916980743, 0.858422577381, 19.7791652679], [245.253646851, -0.634875237942, 131.769088745, 87.5139923096, 157.201431274, 370.14465332, 145.882553101, 52.0700645447, 110.798500061, 58.293636322, 57.5868797302, -2.35328531265, -27.358247757], [15.7321949005, 216.603012085, 49.3413391113, 2.1734483242, 76.3917694092, 145.882553101, 340.339416504, 129.504653931, 53.7167243958, 70.7952423096, 57.6845970154, -18.0808429718, 1.50682604313], [64.9885025024, 103.140602112, 95.8461227417, 54.4019088745, 48.0470581055, 52.0700645447, 129.504653931, 197.681869507, 80.6106643677, 40.8536071777, 38.4755325317, -6.68422651291, 6.82234621048], [17.2377300262, 158.242324829, 16.6461486816, 36.1233596802, 39.4467926025, 110.798500061, 53.7167243958, 80.6106643677, 204.737106323, 74.4342193604, 45.9823951721, 21.738609314, -14.9397754669], [102.423461914, 102.399452209, -56.2451057434, -40.2994384766, 88.8534469604, 58.293636322, 70.7952423096, 40.8536071777, 74.4342193604, 180.779296875, 72.7137374878, -2.34698224068, -12.1650886536], [-34.7183761597, 90.3718566895, -10.5164756775, -37.25440979, 29.1916980743, 57.5868797302, 57.6845970154, 38.4755325317, 45.9823951721, 72.7137374878, 135.33253479, 28.2111377716, -2.50539398193], [-40.6996574402, 109.786079407, -55.0476989746, 6.2401843071, 0.858422577381, -2.35328531265, -18.0808429718, -6.68422651291, 21.738609314, -2.34698224068, 28.2111377716, 106.911338806, 28.3751010895], [-99.0955657959, 61.5796165466, 1.23297071457, 19.4297962189, 19.7791652679, -27.358247757, 1.50682604313, 6.82234621048, -14.9397754669, -12.1650886536, -2.50539398193, 28.3751010895, 92.8725891113]], "icov": [[0.000198577006813, 9.75666989689e-05, 9.87639723462e-05, -0.000155704372446, 0.000102123813122, -0.000176229485078, 2.89031686407e-05, -0.000156787791639, 0.000132419285364, -0.000244340131758, 0.000141065116622, -7.9108744103e-05, 0.000133111447212], [9.75666989689e-05, 0.000635248899926, 0.000395849987399, -5.16750733368e-05, -0.00014302272757, 0.000152575652464, -0.000415083399275, -0.000117971598229, -0.00041876162868, 7.88260949776e-05, -3.91993125959e-05, -0.000337565666996, -0.000175699242391], [9.87639723462e-05, 0.000395849987399, 0.00136004842352, -0.00049028446665, -0.000140529169585, -0.000274134828942, -0.000100871075119, -0.000589556118939, -8.77257625689e-05, 0.000490337144583, -0.000238668275415, 0.000437455717474, -0.000168430269696], [-0.000155704372446, -5.16750733368e-05, -0.00049028446665, 0.00190178724006, -0.00112990266643, 0.000226280884817, 0.000119283729873, -0.000126039187307, -0.000515280582476, 0.000913027382921, 0.000356729986379, -0.000293338322081, -7.2667877248e-05], [0.000102123813122, -0.00014302272757, -0.000140529169585, -0.00112990266643, 0.00325579498895, -0.0012845924357, 0.000233387894696, -0.000223732145969, 0.00104673602618, -0.00213615573011, 0.000392202869989, -2.42345649895e-05, -0.000710546504706], [-0.000176229485078, 0.000152575652464, -0.000274134828942, 0.000226280884817, -0.0012845924357, 0.00486263772473, -0.00201371079311, 0.00143572606612, -0.00262896157801, 0.00112110294867, -0.00115974538494, 9.80299082585e-05, 0.00096301821759], [2.89031686407e-05, -0.000415083399275, -0.000100871075119, 0.000119283729873, 0.000233387894696, -0.00201371079311, 0.00529135484248, -0.00303931068629, 0.0015278296778, -0.00112597097177, -0.000387497799238, 0.000913865573239, -0.000414418725995], [-0.000156787791639, -0.000117971598229, -0.000589556118939, -0.000126039187307, -0.000223732145969, 0.00143572606612, -0.00303931068629, 0.00870047044009, -0.00332982325926, 0.000632825773209, -0.00124182575382, 0.00111275049858, -0.00100034184288], [0.000132419285364, -0.00041876162868, -8.77257625689e-05, -0.000515280582476, 0.00104673602618, -0.00262896157801, 0.0015278296778, -0.00332982325926, 0.00879129767418, -0.00326578039676, 0.000543263333384, -0.00190745492, 0.00133423449006], [-0.000244340131758, 7.88260949776e-05, 0.000490337144583, 0.000913027382921, -0.00213615573011, 0.00112110294867, -0.00112597097177, 0.000632825773209, -0.00326578039676, 0.0100520160049, -0.00420425878838, 0.00181187270209, 0.000370816705981], [0.000141065116622, -3.91993125959e-05, -0.000238668275415, 0.000356729986379, 0.000392202869989, -0.00115974538494, -0.000387497799238, -0.00124182575382, 0.000543263333384, -0.00420425878838, 0.0112954434007, -0.00359530490823, 0.000717258197255], [-7.9108744103e-05, -0.000337565666996, 0.000437455717474, -0.000293338322081, -2.42345649895e-05, 9.80299082585e-05, 0.000913865573239, 0.00111275049858, -0.00190745492, 0.00181187270209, -0.00359530490823, 0.0125412410125, -0.00386574072763], [0.000133111447212, -0.000175699242391, -0.000168430269696, -7.2667877248e-05, -0.000710546504706, 0.00096301821759, -0.000414418725995, -0.00100034184288, 0.00133423449006, 0.000370816705981, 0.000717258197255, -0.00386574072763, 0.013022265397]]}, "silence_rate_20dB": {"dvar2": 0, "var": 0, "min": 1, "dmean": 0, "mean": 1, "max": 1, "dmean2": 0, "median": 1, "dvar": 0}, "melbands_kurtosis": {"dvar2": 1605.74279785, "var": 1029.23303223, "min": -1.88906896114, "dmean": 12.5165090561, "mean": 18.392868042, "max": 567.348083496, "dmean2": 19.5827217102, "median": 9.37056446075, "dvar": 714.740905762}, "barkbands_spread": {"dvar2": 269.167663574, "var": 252.587081909, "min": 0.162528783083, "dmean": 6.88003396988, "mean": 16.230178833, "max": 111.339927673, "dmean2": 10.6006708145, "median": 11.2101535797, "dvar": 125.34828186}, "erbbands_skewness": {"dvar2": 0.786469757557, "var": 1.19061815739, "min": -7.96353816986, "dmean": 0.592096447945, "mean": 0.746219694614, "max": 6.29519271851, "dmean2": 0.887806653976, "median": 0.751123964787, "dvar": 0.380158364773}, "average_loudness": 0.92043286562, "spectral_centroid": {"dvar2": 430092.65625, "var": 572612.25, "min": 136.60597229, "dmean": 298.601318359, "mean": 1059.17504883, "max": 10873.9931641, "dmean2": 448.740783691, "median": 851.078125, "dvar": 235658.625}, "dissonance": {"dvar2": 0.00231752777472, "var": 0.00249499734491, "min": 0.141143158078, "dmean": 0.0311960801482, "mean": 0.42834597826, "max": 0.500000059605, "dmean2": 0.049743052572, "median": 0.439345568419, "dvar": 0.000973716087174}, "erbbands_flatness_db": {"dvar2": 0.00150955223944, "var": 0.00433264859021, "min": 0.0492838844657, "dmean": 0.0275507047772, "mean": 0.187635570765, "max": 0.601655721664, "dmean2": 0.0389065258205, "median": 0.185850456357, "dvar": 0.000824827875476}, "spectral_strongpeak": {"dvar2": 1.35101795197, "var": 1.14070987701, "min": 0, "dmean": 0.564831912518, "mean": 1.12960612774, "max": 12.0061941147, "dmean2": 0.920465290546, "median": 0.745345413685, "dvar": 0.572439789772}, "spectral_rms": {"dvar2": 6.71280895403e-06, "var": 7.45536681279e-06, "min": 3.20250184878e-12, "dmean": 0.00121644232422, "mean": 0.00483802519739, "max": 0.0165427587926, "dmean2": 0.00177402724512, "median": 0.00465660681948, "dvar": 3.24696588905e-06}, "silence_rate_60dB": {"dvar2": 0.0966258123517, "var": 0.0983524620533, "min": 0, "dmean": 0.047306176275, "mean": 0.110587976873, "max": 1, "dmean2": 0.0946227163076, "median": 0, "dvar": 0.0450653545558}, "melbands": {"dvar2": [5.99832128501e-05, 6.50934525765e-05, 5.36712504982e-05, 5.22853661096e-05, 7.66735126945e-07, 1.53545704507e-06, 1.38983205034e-06, 5.60531532301e-07, 7.6305877883e-07, 2.63430877112e-07, 1.03670409146e-07, 1.2634583868e-07, 3.8480845177e-08, 4.20847285909e-08, 2.04699066586e-08, 1.24196528617e-08, 7.52285433947e-09, 1.83146884325e-08, 7.4996653332e-10, 2.04725703057e-09, 8.02711619396e-10, 4.81657769225e-10, 3.76671388524e-10, 1.47054729505e-10, 9.04739408392e-11, 1.49739387556e-10, 5.77575140492e-11, 6.09880340674e-11, 9.10663280895e-11, 1.4496166767e-10, 2.28618360354e-10, 1.41918171659e-10, 7.87434631389e-11, 7.04625940928e-11, 6.01628677432e-11, 4.75902095509e-11, 3.45987127837e-11, 3.41443817664e-11, 2.36691499733e-11, 8.86072899081e-12], "var": [3.33924581355e-05, 3.41182385455e-05, 1.17569634313e-05, 1.31925280584e-05, 6.99427857853e-07, 1.01465184343e-06, 1.02279659586e-06, 4.42945861323e-07, 6.82631991822e-07, 2.48461390129e-07, 1.57227361797e-07, 9.32338366511e-08, 2.41101965059e-08, 2.9728365547e-08, 1.81323684956e-08, 1.01058628132e-08, 7.92300891561e-09, 1.66680891311e-08, 6.30092644727e-10, 1.36604416667e-09, 6.17696227501e-10, 4.26056107061e-10, 3.19567733387e-10, 1.30192745473e-10, 7.19849665987e-11, 9.67783977956e-11, 5.28754470763e-11, 4.25673211957e-11, 7.59881949031e-11, 1.083068496e-10, 1.60260166249e-10, 1.17439266645e-10, 6.76412467704e-11, 5.47123908679e-11, 4.15391228359e-11, 2.50966192272e-11, 1.71008797401e-11, 1.75568934391e-11, 1.21389868643e-11, 4.975896431e-12], "min": [1.88367835709e-23, 1.25440687261e-24, 1.2672122742e-23, 1.44654544373e-23, 7.70934514466e-24, 9.98020747809e-24, 7.13754010638e-24, 1.04159213885e-23, 2.09678565965e-23, 3.8243954597e-23, 1.37314430308e-23, 1.07163937741e-23, 7.70776742285e-24, 1.1592822973e-23, 7.85830101623e-24, 3.79699934598e-24, 7.5551630696e-24, 1.36088272249e-23, 1.35576664397e-23, 5.39942867441e-24, 4.76209611616e-24, 9.28464436327e-24, 1.18873000157e-23, 9.75128556542e-24, 9.06658269868e-24, 8.58200753271e-24, 6.47854858312e-24, 1.46760771435e-23, 1.34515614925e-23, 1.11486824504e-23, 1.1621945351e-23, 1.08400903195e-23, 1.24341912489e-23, 1.14516586805e-23, 8.78749633219e-24, 1.07052471695e-23, 1.43527104367e-23, 9.6209894097e-24, 1.05930214505e-23, 9.83964587541e-24], "dmean": [0.00153557385784, 0.00159698945936, 0.00131836289074, 0.00124845921528, 0.000270491029369, 0.000375266856281, 0.000426361191785, 0.000233086451772, 0.00027106172638, 0.00014619261492, 9.83893187367e-05, 6.46493863314e-05, 4.25619655289e-05, 5.18524066138e-05, 3.42181556334e-05, 2.4550496164e-05, 1.94468193513e-05, 2.62517478404e-05, 8.39334734337e-06, 8.67736071086e-06, 9.06007244339e-06, 7.52085543354e-06, 5.96761583438e-06, 3.639409897e-06, 2.92245294986e-06, 3.74496312361e-06, 2.42193573285e-06, 2.14637566387e-06, 2.06487243304e-06, 2.89097579298e-06, 3.48180196852e-06, 2.71281078312e-06, 2.04397156267e-06, 1.9762287593e-06, 1.77546712621e-06, 1.49858135501e-06, 1.23927657114e-06, 1.19087815165e-06, 9.38679306728e-07, 6.68813015636e-07], "mean": [0.00209994218312, 0.00228049652651, 0.00117400323506, 0.00118305685464, 0.000410950306104, 0.00053020863561, 0.000586542068049, 0.000312782882247, 0.000450464984169, 0.000259778986219, 0.000174410655745, 9.62463964242e-05, 6.01378415013e-05, 7.39600873203e-05, 5.09961828357e-05, 3.83259830414e-05, 2.82224245893e-05, 3.60433332389e-05, 1.22403625937e-05, 1.23471054394e-05, 1.37994738907e-05, 1.23543231894e-05, 1.02915764728e-05, 6.32280716673e-06, 4.71856310469e-06, 5.15437113791e-06, 3.71507735508e-06, 3.24672078023e-06, 2.73302998721e-06, 3.56528880729e-06, 4.36025538875e-06, 3.40074529959e-06, 2.51401411333e-06, 2.36062555814e-06, 2.05533001463e-06, 1.66720997186e-06, 1.34685581088e-06, 1.3060313222e-06, 1.01727573565e-06, 7.31287229883e-07], "max": [0.0641497001052, 0.0552172251046, 0.0368190482259, 0.0466135591269, 0.0117098856717, 0.014322604984, 0.0130652273074, 0.0104153081775, 0.0120029347017, 0.0102452011779, 0.0052432641387, 0.00960322562605, 0.00402485253289, 0.00405959878117, 0.00337791838683, 0.00258039543405, 0.00234307185747, 0.00386079424061, 0.000599553284701, 0.00107820285484, 0.000341094011674, 0.000316173915053, 0.000336713448633, 0.000209442994674, 0.000201516784728, 0.000201412884053, 9.41190883168e-05, 0.000183769720024, 0.000384549552109, 0.000173006817931, 0.000282695837086, 0.000220602800255, 0.000154183100676, 0.000145170721225, 0.000113904650789, 8.49876814755e-05, 7.06245991751e-05, 7.6383294072e-05, 6.61888043396e-05, 3.30976727128e-05], "dmean2": [0.00237073563039, 0.00242995214649, 0.00238786684349, 0.0021552441176, 0.000424115307396, 0.000587754882872, 0.000658838893287, 0.0003560280893, 0.000393378781155, 0.000205732416362, 0.000137705763336, 9.94934089249e-05, 6.62399179419e-05, 7.92125356384e-05, 5.08595039719e-05, 3.64555562555e-05, 2.86042886728e-05, 4.02550431318e-05, 1.30170628836e-05, 1.31737933771e-05, 1.37741581057e-05, 1.14502463475e-05, 9.1805932243e-06, 5.61003753319e-06, 4.60755427412e-06, 6.14969121671e-06, 3.74775345335e-06, 3.29006002175e-06, 3.10045561491e-06, 4.41123665951e-06, 5.37183223059e-06, 4.05015680371e-06, 3.00027591038e-06, 2.94117853628e-06, 2.66565166385e-06, 2.26479096455e-06, 1.87774890037e-06, 1.80741790246e-06, 1.41249290664e-06, 1.0075893897e-06], "median": [2.99187558994e-05, 5.59249456273e-05, 0.000250308017712, 0.000296391546726, 0.000124702666653, 0.000152263251948, 0.000172895452124, 7.78352477937e-05, 0.000127982813865, 7.64398937463e-05, 3.49040710717e-05, 2.33392402151e-05, 1.38777932079e-05, 2.32606307691e-05, 1.4047548575e-05, 8.27487656352e-06, 4.94444566357e-06, 8.51408549352e-06, 2.94336405204e-06, 3.75536228603e-06, 5.2904124459e-06, 4.88594923809e-06, 3.81542849937e-06, 2.24337304644e-06, 1.66570703186e-06, 1.53217467869e-06, 1.00647105228e-06, 9.51597087351e-07, 6.80062100855e-07, 6.79873721765e-07, 8.35073706185e-07, 4.12139343098e-07, 2.55363516999e-07, 2.14388791164e-07, 1.84576933293e-07, 1.82164797025e-07, 1.55314481276e-07, 1.16380270754e-07, 6.66999042664e-08, 4.70995296098e-08], "dvar": [2.78848692687e-05, 2.92670683848e-05, 1.8522823666e-05, 1.91949184227e-05, 3.21065272146e-07, 6.46428304663e-07, 6.20155560682e-07, 2.52885826058e-07, 3.4057626408e-07, 1.18958190853e-07, 5.21931866615e-08, 5.15720479655e-08, 1.62076503329e-08, 1.86524360402e-08, 1.00481027943e-08, 5.73008618332e-09, 4.20240509058e-09, 1.04768629328e-08, 3.33895328053e-10, 1.0080254409e-09, 3.5522965125e-10, 2.08389874801e-10, 1.56576043797e-10, 6.54010248735e-11, 3.94014092187e-11, 6.02973157515e-11, 2.61186419714e-11, 2.67810218446e-11, 4.76015546425e-11, 6.67665436827e-11, 9.9760637251e-11, 6.96696381142e-11, 3.94699099793e-11, 3.43463209262e-11, 2.89262606923e-11, 2.08500109539e-11, 1.49734981358e-11, 1.51150654493e-11, 1.06733788474e-11, 4.06393972294e-12]}, "spectral_skewness": {"dvar2": 0.545554161072, "var": 1.03853392601, "min": -0.108035698533, "dmean": 0.41462007165, "mean": 1.974827528, "max": 11.8050870895, "dmean2": 0.623115479946, "median": 1.84517121315, "dvar": 0.243175163865}, "melbands_flatness_db": {"dvar2": 0.00291734538041, "var": 0.00671047950163, "min": 0.00834790803492, "dmean": 0.0367020107806, "mean": 0.243269994855, "max": 0.615088880062, "dmean2": 0.0521471947432, "median": 0.238751873374, "dvar": 0.00150607479736}, "spectral_decrease": {"dvar2": 1.57879807763e-16, "var": 9.92479621605e-17, "min": -7.35449035005e-08, "dmean": 4.16863121799e-09, "mean": -7.96016497162e-09, "max": 2.51398663172e-12, "dmean2": 6.37643937651e-09, "median": -5.48499734521e-09, "dvar": 7.1938309687e-17}, "erbbands_crest": {"dvar2": 25.5080490112, "var": 27.6009674072, "min": 2.74015760422, "dmean": 3.55359435081, "mean": 11.1916627884, "max": 34.2385864258, "dmean2": 5.65466976166, "median": 10.04778862, "dvar": 10.9284934998}, "gfcc": {"mean": [-33.6024551392, 92.9991912842, -108.414840698, 10.0893802643, -62.3840522766, -2.02411818504, -36.5794258118, 4.89619731903, -21.2864055634, 2.01063489914, -17.3074893951, 0.439161598682, -12.3339729309], "cov": [[6423.63769531, -828.46673584, 354.466094971, 1009.52319336, -175.605834961, 365.79888916, -103.38709259, 51.720573