{"tonal": {"thpcp": [1, 0.538314640522, 0.376171439886, 0.372847080231, 0.248952016234, 0.296070873737, 0.29166084528, 0.165533646941, 0.250504374504, 0.327874094248, 0.295194357634, 0.415077447891, 0.468269467354, 0.297794878483, 0.309070020914, 0.406440705061, 0.331648170948, 0.309129476547, 0.326538950205, 0.416621685028, 0.827457606792, 0.848729908466, 0.565090537071, 0.604595720768, 0.444351792336, 0.169163912535, 0.156874671578, 0.195001125336, 0.165554299951, 0.222928702831, 0.243225470185, 0.239863425493, 0.327389121056, 0.307090222836, 0.395724117756, 0.890597164631], "hpcp": {"dmean2": [0.264751911163, 0.239686265588, 0.185611873865, 0.142870306969, 0.118801422417, 0.128768205643, 0.121390603483, 0.0874846801162, 0.109215453267, 0.144453346729, 0.160503312945, 0.180669695139, 0.183870747685, 0.170724660158, 0.190299496055, 0.249624148011, 0.224145069718, 0.181145191193, 0.213607490063, 0.256809681654, 0.300780683756, 0.311909168959, 0.306673407555, 0.308677941561, 0.261792719364, 0.110957190394, 0.0757183805108, 0.0816342532635, 0.0760198310018, 0.0970407500863, 0.122328348458, 0.189396768808, 0.269794881344, 0.215221509337, 0.199717640877, 0.242926761508], "median": [0.130126744509, 0.0904011651874, 0.026095924899, 0.0156570766121, 0.0207070428878, 0.0311378668994, 0.0288098007441, 0.020827902481, 0.0234300456941, 0.0309519637376, 0.0448570288718, 0.0536327473819, 0.0343396775424, 0.0213252473623, 0.0295552592725, 0.034418169409, 0.0324568152428, 0.0247775483876, 0.0188997816294, 0.0521812699735, 0.117886066437, 0.139988273382, 0.0708656236529, 0.0271026752889, 0.0183470416814, 0.0137028666213, 0.00807011220604, 0.0104802045971, 0.0168790891767, 0.0166316851974, 0.0131908990443, 0.0153298284858, 0.0210331268609, 0.0257658232003, 0.0454402789474, 0.0876395404339], "min": [1.91664239537e-05, 1.91877024918e-05, 2.14297906496e-05, 2.51092315011e-05, 3.13208911393e-05, 3.42205712514e-05, 2.96263006021e-05, 2.79869000224e-05, 1.77269830601e-05, 9.91754950519e-06, 2.81028478639e-05, 3.24051434291e-05, 3.30702059728e-05, 2.93517459795e-05, 5.00125788676e-05, 6.90224478603e-05, 7.87634562585e-05, 2.51468864008e-05, 1.48638237079e-05, 1.12450406959e-05, 1.77167748916e-05, 2.03147119464e-05, 1.85206099559e-05, 1.14055019367e-05, 6.63769151288e-06, 6.23587584414e-06, 8.87819351192e-06, 1.01087398434e-05, 2.03031540877e-05, 2.07877455978e-05, 2.07932498597e-05, 7.28873783373e-06, 3.80238884645e-06, 0, 9.08561014512e-06, 1.87085333891e-05], "dvar2": [0.102398321033, 0.0869005769491, 0.0806350409985, 0.0655168890953, 0.0442231297493, 0.0550026036799, 0.047402434051, 0.0350397005677, 0.0415386371315, 0.0663510933518, 0.078432187438, 0.0792408138514, 0.103282667696, 0.101893365383, 0.103500150144, 0.186733543873, 0.151994153857, 0.106857985258, 0.142700076103, 0.150214791298, 0.142063945532, 0.132228329778, 0.155823558569, 0.197256341577, 0.155345290899, 0.0506033413112, 0.0315815061331, 0.0354062914848, 0.0246363691986, 0.0432075858116, 0.0670781731606, 0.116642221808, 0.220685586333, 0.117355264723, 0.0845571011305, 0.102637805045], "dvar": [0.0456775687635, 0.0320773683488, 0.0291613228619, 0.0247731786221, 0.0156500767916, 0.0208269059658, 0.0183708183467, 0.0125516755506, 0.0157316327095, 0.0249563772231, 0.0281725935638, 0.0293004028499, 0.0378708131611, 0.0346340090036, 0.0346626266837, 0.0639784485102, 0.0525139942765, 0.0395959988236, 0.0538672953844, 0.0533433705568, 0.0560007542372, 0.0537711493671, 0.0564049705863, 0.0726527944207, 0.0564700216055, 0.0177967157215, 0.0117331407964, 0.0136983850971, 0.00890679378062, 0.0174469519407, 0.0253673456609, 0.0403892099857, 0.0778442919254, 0.0422529652715, 0.029489075765, 0.0435317903757], "dmean": [0.1556378901, 0.14051400125, 0.103118292987, 0.0792197287083, 0.067170932889, 0.0747356638312, 0.0706482902169, 0.048868894577, 0.0626331940293, 0.0831279084086, 0.0897092819214, 0.103773064911, 0.101445294917, 0.0921447202563, 0.103172600269, 0.135193362832, 0.121293827891, 0.103475570679, 0.117035314441, 0.140192583203, 0.174439758062, 0.182145997882, 0.172441348433, 0.171042412519, 0.146855860949, 0.0604678168893, 0.0434806868434, 0.0476698130369, 0.0443069562316, 0.0558948330581, 0.0685513913631, 0.100500375032, 0.143408745527, 0.117848858237, 0.113718271255, 0.143064066768], "max": [1, 1, 1, 1, 1, 1, 1, 1, 1, 1, 1, 1, 1, 1, 1, 1, 1, 1, 1, 1, 1, 1, 1, 1, 1, 1, 1, 1, 1, 1, 1, 1, 1, 1, 1, 1], "var": [0.142668709159, 0.0476443842053, 0.0502152368426, 0.068709731102, 0.0219133812934, 0.0328913033009, 0.0317559503019, 0.0112415961921, 0.0262293256819, 0.0403633005917, 0.0260228663683, 0.0440508127213, 0.0773829966784, 0.033448971808, 0.0328386165202, 0.0611887201667, 0.0418026335537, 0.0416513085365, 0.0524655394256, 0.0447435155511, 0.112644247711, 0.109362103045, 0.0674128755927, 0.105774030089, 0.0642263144255, 0.0141441747546, 0.0165790133178, 0.0259059220552, 0.0105125131086, 0.0311573613435, 0.036029279232, 0.0301708653569, 0.0525826998055, 0.0368738546968, 0.0350081063807, 0.130419120193], "mean": [0.335179746151, 0.180432155728, 0.126085042953, 0.124970793724, 0.0834436714649, 0.0992369651794, 0.0977588072419, 0.0554835237563, 0.0839639902115, 0.109896756709, 0.0989431738853, 0.139125555754, 0.156954437494, 0.0998148098588, 0.103594012558, 0.136230692267, 0.111161746085, 0.103613942862, 0.109449237585, 0.139643147588, 0.277347028255, 0.284477084875, 0.189406901598, 0.202648237348, 0.14893771708, 0.0567003153265, 0.0525812134147, 0.0653604269028, 0.0554904490709, 0.0747211873531, 0.0815242528915, 0.0803973600268, 0.109734199941, 0.102930426598, 0.132638707757, 0.29851013422]}, "tuning_equal_tempered_deviation": 0.160017803311, "chords_changes_rate": 0.0238465517759, "key_key": "A", "tuning_diatonic_strength": 0.519919157028, "key_scale": "minor", "chords_number_rate": 0.00207361322828, "tuning_frequency": 440, "tuning_nontempered_energy_ratio": 0.866144061089, "chords_histogram": [7.03300523758, 0.27648177743, 11.3875932693, 2.21185421944, 0, 0, 10.592707634, 4.99395179749, 0, 0.777604997158, 6.4109210968, 0, 1.50336956978, 0.32832211256, 9.29669952393, 0, 0.0172801110893, 28.9096240997, 0, 9.00293731689, 0.0172801110893, 4.33730792999, 2.9030585289, 0], "key_strength": 0.718134343624, "chords_key": "G#", "chords_strength": {"dmean2": 0.00550820305943, "median": 0.595387041569, "min": 0.294287830591, "dvar2": 2.32174952544e-05, "dvar": 1.75779659912e-05, "dmean": 0.00470126420259, "max": 0.757215499878, "var": 0.00661020260304, "mean": 0.576272308826}, "chords_scale": "major", "hpcp_entropy": {"dmean2": 1.0824893713, "median": 1.97387123108, "min": 0.0448930710554, "dvar2": 0.82140648365, "dvar": 0.293592125177, "dmean": 0.635436892509, "max": 4.44737195969, "var": 0.50710105896, "mean": 1.97422158718}}, "metadata": {"audio_properties": {"equal_loudness": 0, "codec": "flac", "downmix": "mix", "sample_rate": 44100, "analysis_sample_rate": 44100, "bit_rate": 0, "md5_encoded": "e95b01a923c9f611669335929b41aefe", "length": 268.666656494, "replay_gain": -3.68989562988, "lossless": true}, "version": {"essentia_build_sha": "70f2e5ece6736b2c40cc944ad0e695b16b925413", "essentia": "2.1-beta2", "extractor": "music 1.0", "essentia_git_sha": "v2.1_beta2"}, "tags": {"title": ["Pain"], "media": ["CD"], "albumartist": ["Klaus Schulze"], "tracktotal": ["15"], "initialkey": ["F"], "releasetype": ["album", "compilation"], "musicbrainz_recordingid": ["0a62e6d5-bd62-4bf8-be92-39131cad4d52"], "mood": ["Cool", "Relaxed", "Chill"], "musicbrainz_albumartistid": ["2e710b0c-6ff3-4c21-87d5-16ebbbca212c"], "originalyear": ["1991"], "musicbrainz_releasegroupid": ["bee7a9c5-4328-3d52-aab5-8bcf033cc18f"], "discnumber": ["1"], "album": ["2001"], "catalognumber": ["511 295-2"], "releasecountry": ["DE"], "file_name": "Schulze, Klaus - Pain.flac", "musicip_puid": ["5a6774d8-1bbd-a0ba-0d9e-a414cbb17c63"], "albumartistsort": ["Schulze, Klaus"], "date": ["1991-11-01"], "genre": ["Ambient", "Instrumental"], "musicbrainz_albumid": ["10e06791-01ae-4df9-bdb1-9be73717f5a1"], "disctotal": ["1"], "musicbrainz_artistid": ["2e710b0c-6ff3-4c21-87d5-16ebbbca212c"], "originaldate": ["1991"], "grouping": ["Electronic"], "musicbrainz_releasetrackid": ["1cf9fc28-b9f7-3215-a904-a5587d9403b9"], "artist": ["Klaus Schulze"], "tracknumber": ["11"], "artistsort": ["Schulze, Klaus"], "bpm": ["123"], "label": ["Brain"], "releasestatus": ["official"], "totaldiscs": ["1"], "script": ["Latn"], "totaltracks": ["15"]}}, "rhythm": {"bpm_histogram_first_peak_bpm": {"dmean2": 0, "median": 123, "min": 123, "dvar2": 0, "dvar": 0, "dmean": 0, "max": 123, "var": 0, "mean": 123}, "bpm": 122.26599884, "bpm_histogram_second_peak_spread": {"dmean2": 0, "median": 0, "min": 0, "dvar2": 0, "dvar": 0, "dmean": 0, "max": 0, "var": 0, "mean": 0}, "bpm_histogram_first_peak_weight": {"dmean2": 0, "median": 0.721611738205, "min": 0.721611738205, "dvar2": 0, "dvar": 0, "dmean": 0, "max": 0.721611738205, "var": 0, "mean": 0.721611738205}, "onset_rate": 4.07905483246, "beats_position": [0.406349211931, 0.847528338432, 1.30031740665, 1.78793644905, 2.27555561066, 2.76317453384, 3.25079369545, 3.73841261864, 4.22603178024, 4.72526073456, 5.22448968887, 5.71210861206, 6.19972801208, 6.68734693527, 7.17496585846, 7.66258478165, 8.16181373596, 8.64943313599, 9.14866161346, 9.63628101349, 10.1239004135, 10.6115188599, 11.0991382599, 11.5867567062, 12.0859861374, 12.5736055374, 13.0728340149, 13.5604534149, 14.0480718613, 14.5356912613, 15.0233106613, 15.5225391388, 16.0217685699, 16.50938797, 16.99700737, 17.4846248627, 17.9722442627, 18.4598636627, 18.9590930939, 19.4467124939, 19.9459400177, 20.4335594177, 20.9211788177, 21.4087982178, 21.8964176178, 22.3956451416, 22.8948745728, 23.3824939728, 23.8701133728, 24.3577327728, 24.8453502655, 25.3329696655, 25.8321990967, 26.3198184967, 26.8190479279, 27.3066654205, 27.7942848206, 28.2819042206, 28.7695236206, 29.2687530518, 29.7679805756, 30.2555999756, 30.7432193756, 31.2308387756, 31.7184581757, 32.2060775757, 32.6936950684, 33.1929244995, 33.6921539307, 34.1797714233, 34.6673927307, 35.1550102234, 35.6426315308, 36.1302490234, 36.6294784546, 37.1170959473, 37.6163253784, 38.1039466858, 38.5915641785, 39.0791816711, 39.5668029785, 40.0660324097, 40.5652618408, 41.0528793335, 41.5404968262, 42.0281181335, 42.5157356262, 43.0033569336, 43.50258255, 44.0018119812, 44.4894332886, 44.9770507812, 45.4646720886, 45.9522895813, 46.439907074, 46.9391365051, 47.4383659363, 47.9259872437, 48.4136047363, 48.901222229, 49.3888435364, 49.8764610291, 50.3756904602, 50.8633079529, 51.362537384, 51.8501586914, 52.3377761841, 52.8253974915, 53.3130149841, 53.8122444153, 54.3114738464, 54.7990913391, 55.2867126465, 55.7743301392, 56.2619476318, 56.7495689392, 57.2487983704, 57.736415863, 58.2356452942, 58.7232627869, 59.2108840942, 59.6985015869, 60.1861228943, 60.6853485107, 61.1845779419, 61.6721992493, 62.1598167419, 62.6474380493, 63.135055542, 63.6226730347, 64.1102905273, 64.6095199585, 65.1087493896, 65.5963668823, 66.0839920044, 66.5716094971, 67.0592269897, 67.5468444824, 68.0460739136, 68.5336914062, 69.0329208374, 69.5205459595, 70.0081634521, 70.4957809448, 70.9833984375, 71.4826278687, 71.9818572998, 72.4694747925, 72.9570999146, 73.4447174072, 73.9323348999, 74.4199523926, 74.9191818237, 75.4184112549, 75.9060287476, 76.3936462402, 76.8812713623, 77.368888855, 77.8565063477, 78.3557357788, 78.85496521, 79.3425827026, 79.8302001953, 80.3178253174, 80.8054428101, 81.2930603027, 81.7806777954, 82.2799072266, 82.7791366577, 83.2667541504, 83.7543716431, 84.2419967651, 84.7296142578, 85.2172317505, 85.7164611816, 86.2040786743, 86.7033081055, 87.1909255981, 87.6785507202, 88.1661682129, 88.6537857056, 89.1530151367, 89.6522445679, 90.1398620605, 90.6274795532, 91.1150970459, 91.602722168, 92.0903396606, 92.5779571533, 93.0771865845, 93.5764160156, 94.0640335083, 94.551651001, 95.039276123, 95.5268936157, 96.0145111084, 96.5137405396, 97.0013580322, 97.5005874634, 97.9882049561, 98.4758224487, 98.9634475708, 99.4510650635, 99.9502944946, 100.449523926, 100.937141418, 101.424758911, 101.912376404, 102.400001526, 102.887619019, 103.375236511, 103.874465942, 104.373695374, 104.861312866, 105.348930359, 105.836547852, 106.324172974, 106.811790466, 107.311019897, 107.810249329, 108.297866821, 108.785484314, 109.273101807, 109.760726929, 110.25995636, 110.747573853, 111.246803284, 111.734420776, 112.222038269, 112.709655762, 113.197273254, 113.684898376, 114.184127808, 114.683357239, 115.170974731, 115.658592224, 116.146209717, 116.633827209, 117.121452332, 117.620681763, 118.119903564, 118.607528687, 119.095146179, 119.582763672, 120.070381165, 120.557998657, 121.057228088, 121.54485321, 122.044082642, 122.531700134, 123.019317627, 123.50693512, 123.994552612, 124.482177734, 124.981407166, 125.480628967, 125.968254089, 126.455871582, 126.943489075, 127.431106567, 127.930335999, 128.42956543, 128.917190552, 129.404800415, 129.892425537, 130.3800354, 130.867660522, 131.366897583, 131.866119385, 132.353744507, 132.84135437, 133.328979492, 133.816589355, 134.304214478, 134.803451538, 135.30267334, 135.790298462, 136.277908325, 136.765533447, 137.253143311, 137.740768433, 138.239990234, 138.739227295, 139.226852417, 139.71446228, 140.202087402, 140.689697266, 141.177322388, 141.676544189, 142.164169312, 142.663391113, 143.151016235, 143.638641357, 144.126251221, 144.613876343, 145.113098145, 145.612335205, 146.099945068, 146.58757019, 147.075195312, 147.562805176, 148.050430298, 148.5496521, 149.037277222, 149.536499023, 150.024124146, 150.511749268, 150.999359131, 151.486984253, 151.986206055, 152.485443115, 152.973052979, 153.460678101, 153.948303223, 154.435913086, 154.923538208, 155.42276001, 155.910385132, 156.409606934, 156.897232056, 157.384857178, 157.872467041, 158.360092163, 158.847702026, 159.346939087, 159.83454895, 160.333786011, 160.821395874, 161.309020996, 161.796646118, 162.284255981, 162.783493042, 163.282714844, 163.770339966, 164.257949829, 164.745574951, 165.233200073, 165.720809937, 166.220046997, 166.70765686, 167.206893921, 167.694503784, 168.182128906, 168.669754028, 169.157363892, 169.656600952, 170.155822754, 170.643447876, 171.131057739, 171.618682861, 172.106307983, 172.593917847, 173.093154907, 173.580764771, 174.080001831, 174.567611694, 175.055236816, 175.54284668, 176.030471802, 176.529708862, 177.028930664, 177.516555786, 178.004165649, 178.491790771, 178.979400635, 179.467025757, 179.966262817, 180.453872681, 180.953109741, 181.440719604, 181.928344727, 182.41595459, 182.903579712, 183.402801514, 183.902038574, 184.389663696, 184.87727356, 185.364898682, 185.852508545, 186.340133667, 186.839355469, 187.326980591, 187.826202393, 188.313827515, 188.801452637, 189.2890625, 189.776687622, 190.275909424, 190.775146484, 191.262756348, 191.75038147, 192.238006592, 192.725616455, 193.213241577, 193.712463379, 194.200088501, 194.699310303, 195.186935425, 195.674560547, 196.16217041, 196.649795532, 197.149017334, 197.648254395, 198.135864258, 198.62348938, 199.111114502, 199.598724365, 200.086349487, 200.585571289, 201.073196411, 201.572418213, 202.060043335, 202.547653198, 203.03527832, 203.522903442, 204.022125244, 204.521362305, 205.008972168, 205.49659729, 205.984207153, 206.471832275, 206.959457397, 207.458679199, 207.946304321, 208.445526123, 208.933151245, 209.420761108, 209.90838623, 210.396011353, 210.895233154, 211.394470215, 211.882080078, 212.3697052, 212.857315063, 213.344940186, 213.832565308, 214.343399048, 214.831008911, 215.318634033, 215.806259155, 216.293869019, 216.781494141, 217.269119263, 217.768341064, 218.267562866, 218.755187988, 219.24281311, 219.730422974, 220.218048096, 220.705657959, 221.20489502, 221.692520142, 222.191741943, 222.679367065, 223.166976929, 223.654602051, 224.142211914, 224.641448975, 225.140670776, 225.628295898, 226.115921021, 226.603530884, 227.091156006, 227.578765869, 228.089614868, 228.577224731, 229.064849854, 229.552474976, 230.040084839, 230.527709961, 231.015319824, 231.514556885, 232.013778687, 232.501403809, 232.989013672, 233.476638794, 233.964263916, 234.451873779, 234.95111084, 235.438720703, 235.937957764, 236.425567627, 236.913192749, 237.400817871, 237.888427734, 238.376052856, 238.875274658, 239.36289978, 239.862121582, 240.349746704, 240.837371826, 241.324981689, 241.812606812, 242.311828613, 242.811065674, 243.298675537, 243.786300659, 244.273925781, 244.761535645, 245.249160767, 245.748382568, 246.247619629, 246.735229492, 247.222854614, 247.710464478, 248.1980896, 248.685714722, 249.184936523, 249.684173584, 250.171783447, 250.659408569, 251.147018433, 251.634643555, 252.122268677, 252.621490479, 253.120727539, 253.608337402, 254.095962524, 254.583572388, 255.07119751, 255.558822632, 256.058044434, 256.557281494, 257.044891357, 257.532501221, 258.020141602, 258.507751465, 258.995361328, 259.494598389, 259.993835449, 260.481445312, 260.969055176, 261.456695557, 261.94430542, 262.431915283, 262.931152344, 263.430389404, 263.917999268, 264.405609131, 264.893249512, 265.380859375, 265.868469238, 266.367706299, 266.866943359, 267.354553223, 267.842163086, 268.329803467], "beats_loudness": {"dmean2": 0.409740924835, "median": 0.0859296321869, "min": 0.00246315426193, "dvar2": 0.0476394668221, "dvar": 0.0142589034513, "dmean": 0.205082833767, "max": 0.681009292603, "var": 0.0172207709402, "mean": 0.12754227221}, "danceability": 2.42861962318, "bpm_histogram_second_peak_weight": {"dmean2": 0, "median": 0.0036630036775, "min": 0.0036630036775, "dvar2": 0, "dvar": 0, "dmean": 0, "max": 0.0036630036775, "var": 0, "mean": 0.0036630036775}, "beats_count": 547, "bpm_histogram_second_peak_bpm": {"dmean2": 0, "median": 117, "min": 117, "dvar2": 0, "dvar": 0, "dmean": 0, "max": 117, "var": 0, "mean": 117}, "bpm_histogram_first_peak_spread": {"dmean2": 0, "median": 0.273062705994, "min": 0.273062705994, "dvar2": 0, "dvar": 0, "dmean": 0, "max": 0.273062705994, "var": 0, "mean": 0.273062705994}, "beats_loudness_band_ratio": {"dmean2": [1.48716974258, 0.101806238294, 0.160612806678, 0.12634909153, 0.138124704361, 0.990687251091], "median": [0.795852303505, 0.0101991165429, 0.0102136600763, 0.0116152977571, 0.00917472038418, 0.150731027126], "min": [0.00373236020096, 7.42256224839e-06, 8.20183686301e-06, 9.91430806607e-06, 0.000135109192342, 0.00114374177065], "dvar2": [0.219597458839, 0.0104390745983, 0.0216537620872, 0.0122422976419, 0.0121685406193, 0.255638837814], "dvar": [0.0579803101718, 0.00323980045505, 0.00626597926021, 0.00350960646756, 0.00342437252402, 0.0701387226582], "dmean": [0.743549525738, 0.0511505194008, 0.0803200602531, 0.0631661638618, 0.0689529925585, 0.495781630278], "max": [0.998412072659, 0.318851590157, 0.524681210518, 0.359561741352, 0.375065892935, 0.987179636955], "var": [0.166637450457, 0.00245665549301, 0.00509735615924, 0.00296970363706, 0.00306687853299, 0.0953924208879], "mean": [0.543478369713, 0.0317502208054, 0.0469149760902, 0.038680203259, 0.0392450764775, 0.308444440365]}}, "lowlevel": {"barkbands_spread": {"dmean2": 22.0848731995, "median": 38.6050872803, "min": 0.393754422665, "dvar2": 662.536071777, "dvar": 293.305450439, "dmean": 14.1782550812, "max": 130.101409912, "var": 543.137084961, "mean": 41.7377166748}, "melbands_spread": {"dmean2": 43.0606079102, "median": 42.7777023315, "min": 0.305497705936, "dvar2": 3531.39282227, "dvar": 1485.1796875, "dmean": 27.0490722656, "max": 312.69052124, "var": 2761.94165039, "mean": 56.0980072021}, "hfc": {"dmean2": 94.4229049683, "median": 15.649772644, "min": 0.0293705929071, "dvar2": 30411.6445312, "dvar": 11507.1699219, "dmean": 55.0761871338, "max": 1091.18200684, "var": 11135.5087891, "mean": 60.4534072876}, "barkbands_kurtosis": {"dmean2": 17.693944931, "median": -0.0856378078461, "min": -1.96820437908, "dvar2": 5742.67089844, "dvar": 2256.51489258, "dmean": 10.9057130814, "max": 1141.50512695, "var": 2331.88378906, "mean": 9.73996734619}, "gfcc": {"mean": [1.09938311577, 12.7891016006, -95.3796005249, 39.0488510132, -62.4929237366, 31.7649497986, -32.7674674988, 21.2171115875, -22.1302890778, 11.6231975555, -19.2445011139, 3.64048314095, -11.4031791687], "icov": [[0.000365657178918, -0.000191824437934, 5.27961710759e-05, 0.00046111602569, -0.000734222063329, 0.000564320653211, -0.000460885174107, -4.95061249239e-05, 0.000426295620855, -0.000715740316082, 0.00132970546838, -0.000998488510959, 0.000445388403023], [-0.000191824437934, 0.00103560579009, 0.000231163226999, 0.000407799874665, -0.000668790889904, -0.000333164614858, -0.000870371877681, 0.00149853038602, -0.00120809965301, 0.00220996234566, -0.00284399208613, 0.00211470271461, -0.000842652691063], [5.27961710759e-05, 0.000231163226999, 0.00207552989013, -0.00120366783813, -0.000286547408905, -0.00247416179627, 0.000862077635247, -0.000419514050009, 0.00093150237808, -0.00175861094613, 0.00210327282548, -0.0026564814616, 0.00160466181114], [0.00046111602569, 0.000407799874665, -0.00120366783813, 0.00462320726365, -0.00382688688114, 0.00305675854906, -0.00378126883879, 0.00346805993468, -0.00288633047603, 0.00316435517743, -0.00237670727074, 0.0018809401663, -0.00165920949075], [-0.000734222063329, -0.000668790889904, -0.000286547408905, -0.00382688688114, 0.00860542058945, -0.00463149510324, 0.00351682584733, -0.00566587084904, 0.00419807946309, -0.0012408758048, 0.00130474916659, 0.000338519312209, 0.000962511345278], [0.000564320653211, -0.000333164614858, -0.00247416179627, 0.00305675854906, -0.00463149510324, 0.0117972483858, -0.00798605196178, 0.00547114480287, -0.00505109038204, 0.00209037354216, 0.000947617343627, 0.000186781122466, -3.75483432435e-05], [-0.000460885174107, -0.000870371877681, 0.000862077635247, -0.00378126883879, 0.00351682584733, -0.00798605196178, 0.0189414396882, -0.0140853561461, 0.00600188691169, -0.00301977456547, -0.0008263104246, 0.00319944205694, -0.00197570421733], [-4.95061249239e-05, 0.00149853038602, -0.000419514050009, 0.00346805993468, -0.00566587084904, 0.00547114480287, -0.0140853561461, 0.0273614432663, -0.0165845938027, 0.00466437172145, 0.000125439590192, -0.0022959408816, 0.0017760557821], [0.000426295620855, -0.00120809965301, 0.00093150237808, -0.00288633047603, 0.00419807946309, -0.00505109038204, 0.00600188691169, -0.0165845938027, 0.0258704926819, -0.0163388699293, 0.000991134438664, 0.00213473313488, -0.00140436983202], [-0.000715740316082, 0.00220996234566, -0.00175861094613, 0.00316435517743, -0.0012408758048, 0.00209037354216, -0.00301977456547, 0.00466437172145, -0.0163388699293, 0.0290007162839, -0.0157439038157, 0.000775330583565, 0.000992844696157], [0.00132970546838, -0.00284399208613, 0.00210327282548, -0.00237670727074, 0.00130474916659, 0.000947617343627, -0.0008263104246, 0.000125439590192, 0.000991134438664, -0.0157439038157, 0.0324557758868, -0.0167765971273, 0.00201955670491], [-0.000998488510959, 0.00211470271461, -0.0026564814616, 0.0018809401663, 0.000338519312209, 0.000186781122466, 0.00319944205694, -0.0022959408816, 0.00213473313488, 0.000775330583565, -0.0167765971273, 0.0266032051295, -0.0104066785425], [0.000445388403023, -0.000842652691063, 0.00160466181114, -0.00165920949075, 0.000962511345278, -3.75483432435e-05, -0.00197570421733, 0.0017760557821, -0.00140436983202, 0.000992844696157, 0.00201955670491, -0.0104066785425, 0.017749030143]], "cov": [[6486.09179688, 942.901123047, -66.3406600952, -502.808654785, 630.838928223, 43.4505653381, 69.168800354, 14.734462738, -348.162078857, -226.522384644, -384.749084473, -114.009605408, -224.838088989], [942.901123047, 2790.99414062, -777.696899414, 25.8062324524, 248.595504761, 121.059265137, 150.739395142, -132.150939941, -160.222381592, -313.669189453, -54.6643981934, -298.510864258, 34.4096603394], [-66.3406600952, -777.696899414, 1899.75866699, 611.835327148, 582.331115723, 524.687316895, 175.288925171, 129.760635376, 41.9708175659, 53.8141365051, -116.427207947, 56.7983207703, -126.897285461], [-502.808654785, 25.8062324524, 611.835327148, 753.066711426, 393.879486084, 216.659896851, 151.814056396, 32.3869895935, -6.39930295944, -77.6290588379, -52.6182632446, -68.9690704346, -8.93282413483], [630.838928223, 248.595504761, 582.331115723, 393.879486084, 572.095703125, 295.762329102, 143.822113037, 52.9965629578, -72.0038528442, -112.004760742, -138.866424561, -97.9185028076, -80.5901565552], [43.4505653381, 121.059265137, 524.687316895, 216.659896851, 295.762329102, 352.572570801, 155.510818481, 62.2022399902, 23.1325626373, -24.9329528809, -63.1371803284, -49.0782737732, -45.098903656], [69.168800354, 150.739395142, 175.288925171, 151.814056396, 143.822113037, 155.510818481, 181.538818359, 91.8497009277, 44.7651252747, 2.35272908211, -13.7118806839, -34.9676399231, -8.2203207016], [14.734462738, -132.150939941, 129.760635376, 32.3869895935, 52.9965629578, 62.2022399902, 91.8497009277, 144.956100464, 112.168663025, 75.8226699829, 26.3234977722, 25.1187343597, -6.00452899933], [-348.162078857, -160.222381592, 41.9708175659, -6.39930295944, -72.0038528442, 23.1325626373, 44.7651252747, 112.168663025, 201.552825928, 152.718948364, 97.5323257446, 60.5068397522, 26.233455658], [-226.522384644, -313.669189453, 53.8141365051, -77.6290588379, -112.004760742, -24.9329528809, 2.35272908211, 75.8226699829, 152.718948364, 197.270187378, 120.186843872, 102.70741272, 24.9594841003], [-384.749084473, -54.6643981934, -116.427207947, -52.6182632446, -138.866424561, -63.1371803284, -13.7118806839, 26.3234977722, 97.5323257446, 120.186843872, 153.586685181, 95.284614563, 55.2893486023], [-114.009605408, -298.510864258, 56.7983207703, -68.9690704346, -97.9185028076, -49.0782737732, -34.9676399231, 25.1187343597, 60.5068397522, 102.70741272, 95.284614563, 147.604904175, 50.6514282227], [-224.838088989, 34.4096603394, -126.897285461, -8.93282413483, -80.5901565552, -45.098903656, -8.2203207016, -6.00452899933, 26.233455658, 24.9594841003, 55.2893486023, 50.6514282227, 102.301597595]]}, "spectral_energyband_middle_low": {"dmean2": 0.00168525020126, "median": 0.00191135657951, "min": 3.16020809521e-08, "dvar2": 1.37147326313e-05, "dvar": 6.06695721217e-06, "dmean": 0.00112819508649, "max": 0.0570660680532, "var": 1.2687142771e-05, "mean": 0.0029159176629}, "melbands_crest": {"dmean2": 5.94933700562, "median": 13.7170162201, "min": 2.35696458817, "dvar2": 30.7520198822, "dvar": 12.8506479263, "dmean": 3.63782191277, "max": 36.2519073486, "var": 45.9799804688, "mean": 14.8363494873}, "spectral_kurtosis": {"dmean2": 0.861966311932, "median": 1.23346924782, "min": -0.907801389694, "dvar2": 0.713489055634, "dvar": 0.337165594101, "dmean": 0.569500148296, "max": 7.64752292633, "var": 1.34581851959, "mean": 1.29316759109}, "spectral_rms": {"dmean2": 0.0023683749605, "median": 0.00331104593351, "min": 0.000233158367337, "dvar2": 1.76370922418e-05, "dvar": 1.02633775896e-05, "dmean": 0.00178956985474, "max": 0.0349297635257, "var": 2.63702204393e-05, "mean": 0.00490820640698}, "zerocrossingrate": {"dmean2": 0.0480442158878, "median": 0.12646484375, "min": 0.0048828125, "dvar2": 0.00247446098365, "dvar": 0.00174381490797, "dmean": 0.0400333218277, "max": 0.49365234375, "var": 0.00840657390654, "mean": 0.146293908358}, "silence_rate_60dB": {"dmean2": 0.0891097635031, "median": 0, "min": 0, "dvar2": 0.0911894366145, "dvar": 0.0426015593112, "dmean": 0.0445942431688, "max": 1, "var": 0.0895668119192, "mean": 0.0994642227888}, "erbbands_kurtosis": {"dmean2": 2.36445736885, "median": -0.336948156357, "min": -1.93034315109, "dvar2": 21.8601570129, "dvar": 9.11361408234, "dmean": 1.44146704674, "max": 50.3301849365, "var": 20.4177703857, "mean": 0.833471596241}, "erbbands": {"dmean2": [1.19309651852, 14.4750833511, 10.6116018295, 3.53062200546, 2.18302559853, 1.96685528755, 1.16509628296, 1.13513946533, 1.66784989834, 3.18309545517, 5.22145748138, 9.59431266785, 9.07355976105, 15.0734081268, 10.3736839294, 6.33094549179, 9.07413196564, 8.65232658386, 17.9218635559, 13.1281299591, 17.9449768066, 25.318901062, 19.4967727661, 15.8145217896, 24.9957008362, 35.7508163452, 28.6922149658, 26.3372440338, 23.9284896851, 29.7403793335, 24.6794109344, 33.0540962219, 47.7525939941, 17.2975673676, 12.3433990479, 9.14958095551, 7.52917480469, 0.721954524517, 0.0190931353718, 0.000628738955129], "median": [0.0162446573377, 0.249519735575, 0.911572694778, 0.506022930145, 0.652564764023, 0.948467254639, 0.941350460052, 1.37059283257, 1.28005313873, 2.25864124298, 3.93578386307, 4.95936203003, 4.84780025482, 6.77446222305, 5.05363988876, 4.23016643524, 4.89025306702, 4.74753665924, 7.25557279587, 5.2659778595, 4.61749219894, 4.93313503265, 5.15588665009, 4.78754997253, 6.08166313171, 7.27416753769, 7.9554233551, 7.3228521347, 5.38182067871, 5.91161394119, 3.76833224297, 3.48345947266, 2.85581445694, 1.39050209522, 0.58747369051, 0.215893238783, 0.0885356664658, 0.00694733625278, 0.000219579276745, 3.16340083373e-05], "min": [1.44986406667e-05, 1.10214068627e-05, 2.8649745218e-05, 1.8362492483e-05, 1.15019329314e-05, 7.08178004061e-06, 7.2801353781e-06, 8.59870669956e-06, 1.45498543134e-05, 2.64727113972e-05, 2.65658636636e-05, 3.43340398103e-05, 2.94171913993e-05, 1.90657701751e-05, 4.80466042063e-05, 3.00720585074e-05, 5.65386289963e-05, 5.97391481278e-05, 0.00014276317961, 0.000100841440144, 0.000437865470303, 0.000692200381309, 0.00145846081432, 0.00333874416538, 0.00836967024952, 0.0155367236584, 0.0264315530658, 0.0298564750701, 0.038908097893, 0.0259366426617, 0.0109955547377, 0.00308906985447, 0.00152309564874, 0.000353823765181, 8.04455848993e-05, 2.41471461777e-05, 1.30954731503e-05, 3.10498398903e-06, 2.45518748443e-07, 9.76998890678e-08], "dvar2": [15.5565767288, 2463.53466797, 896.067565918, 167.068664551, 30.6155090332, 15.9290990829, 5.80292224884, 3.81794142723, 9.42999744415, 56.386505127, 173.49017334, 586.698547363, 481.98248291, 1434.24316406, 897.282653809, 191.883789062, 350.719116211, 322.229431152, 1379.57617188, 841.541381836, 2400.05688477, 4353.47753906, 2435.61523438, 1294.14746094, 4257.08007812, 12335.125, 5511.23339844, 4434.59960938, 2119.76489258, 3117.91455078, 2411.72265625, 3754.87841797, 7865.78027344, 985.619384766, 489.640869141, 268.865112305, 197.636672974, 1.78424370289, 0.0012984132627, 1.32579816636e-06], "dvar": [6.21425580978, 1119.34008789, 527.655151367, 79.7482147217, 12.1596975327, 6.47663831711, 2.67798137665, 2.16417765617, 4.41989374161, 23.7909259796, 68.8452224731, 228.187683105, 178.71546936, 565.687194824, 322.961517334, 69.8509063721, 148.511154175, 131.791778564, 609.752197266, 327.621795654, 842.495117188, 1551.99291992, 875.053161621, 575.698303223, 1915.13024902, 4384.48388672, 1981.23669434, 1645.90649414, 779.406799316, 1215.1463623, 876.053466797, 1379.07714844, 2947.37060547, 395.660400391, 195.265991211, 103.901748657, 73.7361984253, 0.674287855625, 0.000486569944769, 5.09242909175e-07], "dmean": [0.746177613735, 9.25748062134, 7.46169662476, 2.4130218029, 1.41379404068, 1.26408529282, 0.803816795349, 0.878695249557, 1.18683540821, 2.16750526428, 3.53992009163, 6.48205852509, 5.58207798004, 9.52728176117, 6.44128847122, 3.9188606739, 6.05563259125, 5.30090284348, 11.7622394562, 8.04370689392, 10.2847166061, 14.6076307297, 11.4149055481, 9.93960380554, 15.5257282257, 20.1296577454, 16.2764148712, 15.1125249863, 13.8025226593, 17.9343338013, 14.2828474045, 18.9904022217, 27.2409744263, 10.5642127991, 7.33324623108, 5.2682056427, 4.25342035294, 0.406468749046, 0.010689903982, 0.000359793630196], "max": [23.5881080627, 305.018829346, 219.18963623, 216.151702881, 86.9241409302, 46.7425537109, 54.4638442993, 39.3235740662, 56.4826049805, 164.627243042, 326.48135376, 335.761413574, 432.536712646, 686.8984375, 568.297485352, 338.433197021, 326.685211182, 331.672393799, 755.091491699, 668.208190918, 328.133331299, 382.986633301, 341.016174316, 566.742614746, 946.098449707, 622.722167969, 480.046203613, 782.594360352, 290.263153076, 361.443572998, 318.795074463, 418.327545166, 536.873413086, 231.114700317, 145.199539185, 95.4819412231, 80.386390686, 7.6970744133, 0.223369777203, 0.00759684294462], "var": [6.65697193146, 1155.77416992, 767.045349121, 120.295280457, 21.4259624481, 15.9902029037, 10.8785037994, 9.54648971558, 13.4558162689, 58.1717338562, 146.95930481, 456.117126465, 334.385681152, 1110.3503418, 539.074645996, 129.780471802, 343.699615479, 284.417572021, 1526.48925781, 460.71862793, 598.993286133, 1255.01989746, 703.411743164, 956.01574707, 3126.52148438, 3056.67016602, 1443.29638672, 1362.30529785, 747.537841797, 1472.06774902, 750.51184082, 1281.04455566, 2285.98852539, 469.466247559, 206.262008667, 102.030265808, 60.8067169189, 0.553637504578, 0.000394178146962, 5.21901313277e-07], "mean": [0.739085733891, 8.81618022919, 8.90809822083, 3.28256201744, 2.42041516304, 2.44267725945, 2.03071331978, 2.3060772419, 2.63306331635, 4.566842556, 7.21574831009, 12.3018064499, 10.0130882263, 16.3569602966, 10.6898994446, 7.40229511261, 11.0335950851, 9.44168949127, 20.8444576263, 12.0250501633, 11.7348356247, 17.0110473633, 13.4624090195, 14.3459148407, 20.7255764008, 22.0184173584, 18.8688812256, 17.5646533966, 15.5321989059, 21.0270938873, 14.3943777084, 18.8968429565, 22.6371936798, 11.0885486603, 7.00332641602, 4.75865459442, 3.37857675552, 0.320888251066, 0.00841162726283, 0.00034916162258]}, "spectral_strongpeak": {"dmean2": 1.41825199127, "median": 0.42768317461, "min": 0, "dvar2": 6.81369304657, "dvar": 2.65056037903, "dmean": 0.831973791122, "max": 17.2039051056, "var": 3.54241991043, "mean": 1.09198713303}, "spectral_energy": {"dmean2": 0.0623300001025, "median": 0.0112371016294, "min": 5.57218954782e-05, "dvar2": 0.0346454158425, "dvar": 0.0162870567292, "dmean": 0.0425421521068, "max": 1.25059056282, "var": 0.0207802690566, "mean": 0.0517222210765}, "average_loudness": 0.924646794796, "spectral_rolloff": {"dmean2": 3654.01928711, "median": 3660.64453125, "min": 64.599609375, "dvar2": 19102444, "dvar": 9813782, "dmean": 2341.28393555, "max": 14341.1132812, "var": 18349676, "mean": 4816.94384766}, "spectral_centroid": {"dmean2": 849.469421387, "median": 2352.52001953, "min": 125.906593323, "dvar2": 944799.5, "dvar": 445001.40625, "dmean": 570.75201416, "max": 7349.01660156, "var": 1417922.625, "mean": 2442.2487793}, "pitch_salience": {"dmean2": 0.148282304406, "median": 0.528087437153, "min": 0.0154459094629, "dvar2": 0.0232086051255, "dvar": 0.0106761371717, "dmean": 0.0938470438123, "max": 0.873236119747, "var": 0.0306395869702, "mean": 0.4880887568}, "spectral_energyband_middle_high": {"dmean2": 0.00234304182231, "median": 0.00185953150503, "min": 3.57988369615e-07, "dvar2": 2.61006734945e-05, "dvar": 9.32367584028e-06, "dmean": 0.00140407448635, "max": 0.0288173891604, "var": 1.17905219668e-05, "mean": 0.00302189122885}, "spectral_contrast_coeffs": {"dmean2": [0.0768510401249, 0.060931507498, 0.0631680712104, 0.0525095723569, 0.0370070487261, 0.0271717496216], "median": [-0.664362967014, -0.726771056652, -0.753910005093, -0.755276799202, -0.784237265587, -0.788499832153], "min": [-0.914785146713, -0.952811956406, -0.958637297153, -0.930101752281, -0.894241213799, -0.868505179882], "dvar2": [0.00390058732592, 0.00250028911978, 0.00255822902545, 0.00179573695641, 0.00102650024928, 0.000626877183095], "dvar": [0.00169918697793, 0.00099810725078, 0.000983306556009, 0.000707764062099, 0.000453910324723, 0.000266698974883], "dmean": [0.049979954958, 0.0383574664593, 0.0388617105782, 0.032345470041, 0.0232389811426, 0.0168277602643], "max": [-0.328078836203, -0.478064715862, -0.46398666501, -0.534990370274, -0.544035375118, -0.623879790306], "var": [0.00801218301058, 0.00532658258453, 0.00460184225813, 0.00347628095187, 0.0027829927858, 0.00103684177157], "mean": [-0.663675427437, -0.727280080318, -0.75150847435, -0.756790041924, -0.774145543575, -0.788000643253]}, "melbands_skewness": {"dmean2": 2.30665373802, "median": 2.09580659866, "min": -5.64280319214, "dvar2": 13.293847084, "dvar": 6.88110494614, "dmean": 1.5165989399, "max": 33.4778594971, "var": 17.8597927094, "mean": 3.52756547928}, "spectral_spread": {"dmean2": 1508218.5, "median": 7040387, "min": 3099729.5, "dvar2": 2673802477570.0, "dvar": 1684459225090.0, "dmean": 1140535.375, "max": 15756067, "var": 6035340787710.0, "mean": 7628906}, "dissonance": {"dmean2": 0.0205008443445, "median": 0.477999269962, "min": 0.349430024624, "dvar2": 0.000400102202548, "dvar": 0.000153212342411, "dmean": 0.0123554086313, "max": 0.499999970198, "var": 0.000320308870869, "mean": 0.474532335997}, "spectral_skewness": {"dmean2": 0.229342937469, "median": 0.995169937611, "min": -0.137382820249, "dvar2": 0.0465030483902, "dvar": 0.0228948295116, "dmean": 0.152953147888, "max": 1.95755779743, "var": 0.123330004513, "mean": 0.971741139889}, "spectral_flux": {"dmean2": 0.0839580595493, "median": 0.0585183426738, "min": 0.00249736849219, "dvar2": 0.0237818714231, "dvar": 0.00885262899101, "dmean": 0.0545530989766, "max": 0.83459931612, "var": 0.0160724241287, "mean": 0.104701951146}, "spectral_contrast_valleys": {"dmean2": [0.679654061794, 0.526286900043, 0.547377288342, 0.533371150494, 0.493490159512, 0.606952250004], "median": [-7.77924537659, -7.55822372437, -7.70229911804, -8.16524505615, -7.65983009338, -9.1823348999], "min": [-12.7252988815, -12.6813344955, -13.0859575272, -12.9694051743, -11.0276136398, -13.0209789276], "dvar2": [0.352490991354, 0.19740870595, 0.23989033699, 0.342957139015, 0.573101639748, 0.677925407887], "dvar": [0.18749782443, 0.0813679173589, 0.0950868725777, 0.143736377358, 0.249137654901, 0.316388070583], "dmean": [0.429763674736, 0.324425727129, 0.333601951599, 0.334623336792, 0.323192149401, 0.428684860468], "max": [-5.15015363693, -6.08359241486, -6.12171316147, -5.94856739044, -4.73804235458, -6.6794719696], "var": [1.85000133514, 0.967038333416, 1.34872412682, 0.97907435894, 0.667319595814, 0.611639082432], "mean": [-8.13269329071, -7.75556707382, -8.0352973938, -8.34911823273, -7.69892024994, -8.96995353699]}, "erbbands_flatness_db": {"dmean2": 0.024538077414, "median": 0.118368059397, "min": 0.0506435446441, "dvar2": 0.000617409707047, "dvar": 0.000287311006105, "dmean": 0.0168068688363, "max": 0.40669670701, "var": 0.00213937740773, "mean": 0.128407076001}, "spectral_energyband_high": {"dmean2": 0.00920879002661, "median": 0.0010879272595, "min": 2.99594262287e-06, "dvar2": 0.000298646948067, "dvar": 0.000112489651656, "dmean": 0.00533822830766, "max": 0.107173293829, "var": 0.000100507881143, "mean": 0.00531866541132}, "spectral_entropy": {"dmean2": 0.284153848886, "median": 8.10607433319, "min": 6.40580940247, "dvar2": 0.0924862623215, "dvar": 0.0481071397662, "dmean": 0.19996535778, "max": 8.97185325623, "var": 0.140409991145, "mean": 8.12457180023}, "silence_rate_20dB": {"dmean2": 0.0912705287337, "median": 1, "min": 0, "dvar2": 0.087940171361, "dvar": 0.0435442700982, "dmean": 0.0456313192844, "max": 1, "var": 0.048307068646, "mean": 0.949101269245}, "melbands_flatness_db": {"dmean2": 0.0570673532784, "median": 0.13061222434, "min": 0.0172678250819, "dvar2": 0.00438921246678, "dvar": 0.00239627691917, "dmean": 0.0383679866791, "max": 0.649058461189, "var": 0.00954067800194, "mean": 0.159893244505}, "barkbands": {"dmean2": [0.000322043255437, 0.0572530552745, 0.00549413682893, 0.000775528838858, 0.000582684646361, 0.000146950915223, 0.000156431313371, 0.000198631663807, 0.00041194393998, 0.000449926883448, 0.000288691400783, 0.000181433366379, 0.000203959221835, 0.000190613165614, 0.000369179848349, 0.000247886957368, 0.000511145568453, 0.000356229022145, 0.000370945839677, 0.000774804851972, 0.000664954714011, 0.000752563297283, 0.000850405660458, 0.00234816689044, 0.00154398195446, 0.00297724502161, 0.000105428189272], "median": [1.26083541545e-05, 0.000940110418014, 0.000550538883545, 5.77406099183e-05, 0.000277190702036, 0.000156748574227, 0.000102998586954, 9.92987988866e-05, 0.000222405811655, 0.000