{"metadata": {"tags": {"albumartist": ["Disco Montego"], "musicbrainz_artistid": ["5211287d-89ce-45bc-a632-ad3d1a8f10a4"], "artist": ["Disco Montego"], "genre": ["Pop"], "musicbrainz_albumid": ["f05fbd1f-d6a2-44f1-bf4d-7e8ff6810553"], "discnumber": ["1/1"], "title": ["Beautiful (feat. Katie Underwood)"], "tracknumber": ["5/12"], "musicbrainz_albumartistid": ["5211287d-89ce-45bc-a632-ad3d1a8f10a4"], "album": ["Disco Montego"], "musicbrainz album type": ["album"], "script": ["Latn"], "albumartistsort": ["Disco Montego"], "artistsort": ["Disco Montego"], "date": ["2002"], "file_name": "Beautiful (feat. Katie Underwood) - Disco Montego.mp3", "musicbrainz_recordingid": ["0a67c7ef-33a5-4ba9-a19b-29ec22585a7d"], "musicbrainz album status": ["official"]}, "audio_properties": {"sample_rate": 44100, "downmix": "mix", "lossless": false, "analysis_sample_rate": 44100, "md5_encoded": "6c4a8025d4b09556f04a07df57cf52f4", "equal_loudness": 0, "replay_gain": -13.5734519958, "codec": "mp3", "bit_rate": 128000, "length": 222.693878174}, "version": {"extractor": "music 1.0", "essentia_build_sha": "70f2e5ece6736b2c40cc944ad0e695b16b925413", "essentia_git_sha": "v2.1_beta2", "essentia": "2.1-beta2"}}, "rhythm": {"beats_loudness_band_ratio": {"dvar2": [0.0250776167959, 0.0217704195529, 0.0281996931881, 0.00439142622054, 0.0132312094793, 0.00836111139506], "var": [0.0677696466446, 0.0121535072103, 0.0107593638822, 0.00131312233862, 0.00635168980807, 0.00250830873847], "min": [0, 0, 0, 0, 0, 0], "dmean": [0.0663828924298, 0.0477078445256, 0.0465578697622, 0.0179422255605, 0.0255876351148, 0.0244367048144], "mean": [0.822309076786, 0.0636109039187, 0.0497603863478, 0.0199120678008, 0.0308223795146, 0.0192747991532], "max": [0.992796063423, 0.858018875122, 0.767637610435, 0.325855076313, 0.767654955387, 0.730857014656], "dmean2": [0.115914128721, 0.0841655284166, 0.084322988987, 0.0324157252908, 0.0435771346092, 0.045921113342], "median": [0.912572443485, 0.0301238298416, 0.0185803882778, 0.00982231739908, 0.0121012404561, 0.0108747882769], "dvar": [0.0118080917746, 0.00729810679331, 0.00870312284678, 0.00133977027144, 0.00486136507243, 0.00314133893698]}, "bpm_histogram_first_peak_weight": {"dvar2": 0, "var": 0, "min": 0.563043475151, "dmean": 0, "mean": 0.563043475151, "max": 0.563043475151, "dmean2": 0, "median": 0.563043475151, "dvar": 0}, "bpm": 125.003608704, "beats_count": 461, "bpm_histogram_first_peak_spread": {"dvar2": 0, "var": 0, "min": 0.404597699642, "dmean": 0, "mean": 0.404597699642, "max": 0.404597699642, "dmean2": 0, "median": 0.404597699642, "dvar": 0}, "danceability": 1.52765321732, "bpm_histogram_first_peak_bpm": {"dvar2": 0, "var": 0, "min": 126, "dmean": 0, "mean": 126, "max": 126, "dmean2": 0, "median": 126, "dvar": 0}, "beats_position": [0.487619042397, 0.99845802784, 1.53251695633, 2.07818579674, 2.62385487556, 3.12308382988, 3.61070299149, 4.08671188354, 4.57433080673, 5.06195020676, 5.52634906769, 6.01396799088, 6.48997735977, 6.96598625183, 7.45360517502, 7.94122457504, 8.40562343597, 8.893242836, 9.38086128235, 9.85687065125, 10.3328800201, 10.8204984665, 11.2848978043, 11.7725172043, 12.2601356506, 12.7361450195, 13.2121543884, 13.6997728348, 14.1757822037, 14.6517915726, 15.1394100189, 15.6154193878, 16.0914287567, 16.5558280945, 17.0434455872, 17.5310649872, 18.0186843872, 18.4946937561, 18.970703125, 19.4467124939, 19.9227199554, 20.4103393555, 20.8979587555, 21.3739681244, 21.8499774933, 22.3143768311, 22.8019943237, 23.2896137238, 23.7772331238, 24.2532424927, 24.7292518616, 25.2052612305, 25.681268692, 26.168888092, 26.6448974609, 27.132516861, 27.6085262299, 28.0961437225, 28.5721530914, 29.0481624603, 29.5357818604, 30.0117912292, 30.4878005981, 30.9754180908, 31.4514274597, 31.9274368286, 32.4150543213, 32.8910636902, 33.3670730591, 33.8546943665, 34.3423118591, 34.818321228, 35.2943305969, 35.7703399658, 36.2463493347, 36.7339668274, 37.2099761963, 37.6859855652, 38.1736030579, 38.6496124268, 39.1256217957, 39.613243103, 40.1008605957, 40.5768699646, 41.0528793335, 41.5288887024, 42.0048980713, 42.492515564, 42.9685249329, 43.4445343018, 43.9321517944, 44.4081611633, 44.8841705322, 45.3717918396, 45.8594093323, 46.3354187012, 46.8114280701, 47.2990455627, 47.7634468079, 48.2510643005, 48.7386856079, 49.2146911621, 49.690700531, 50.1667098999, 50.6427192688, 51.1303405762, 51.6179580688, 52.0939674377, 52.5699768066, 53.0459861755, 53.5219955444, 54.0096130371, 54.4972343445, 54.9732398987, 55.4492492676, 55.9252586365, 56.4012680054, 56.8888893127, 57.3765068054, 57.8525161743, 58.3285255432, 58.8161430359, 59.2921524048, 59.7681617737, 60.2557830811, 60.7317886353, 61.2077980042, 61.6954193115, 62.1714286804, 62.6590461731, 63.135055542, 63.6110649109, 64.0870742798, 64.5746917725, 65.0507049561, 65.5267105103, 66.0143280029, 66.4903411865, 66.9663467407, 67.4539642334, 67.929977417, 68.4059829712, 68.8936004639, 69.3812255859, 69.8456192017, 70.3216323853, 70.8092498779, 71.2852630615, 71.7728805542, 72.2604980469, 72.7365036011, 73.2125167847, 73.6885223389, 74.1645355225, 74.6521530151, 75.1281585693, 75.6041717529, 76.0917892456, 76.5794067383, 77.0554199219, 77.5314254761, 78.0074386597, 78.4834442139, 78.9594573975, 79.4354629517, 79.9114761353, 80.3874816895, 80.8750991821, 81.3627166748, 81.8503417969, 82.3379592896, 82.8139648438, 83.2899780273, 83.77759552, 84.2536010742, 84.7296142578, 85.2172317505, 85.6932373047, 86.1692504883, 86.6452560425, 87.1212692261, 87.6088867188, 88.0965042114, 88.572517395, 89.0485229492, 89.5245361328, 90.000541687, 90.4881591797, 90.9757843018, 91.451789856, 91.9277954102, 92.4154205322, 92.8914260864, 93.36743927, 93.8550567627, 94.3426742554, 94.8070755005, 95.2946929932, 95.7823104858, 96.2583236694, 96.7343292236, 97.2103347778, 97.6863479614, 98.1739654541, 98.6615829468, 99.1375961304, 99.6136016846, 100.089614868, 100.565620422, 101.053237915, 101.540863037, 102.016868591, 102.492874146, 102.968887329, 103.444892883, 103.932518005, 104.40852356, 104.884536743, 105.372154236, 105.84815979, 106.324172974, 106.811790466, 107.287796021, 107.763809204, 108.251426697, 108.727432251, 109.203445435, 109.691062927, 110.17868042, 110.654693604, 111.130699158, 111.606712341, 112.082717896, 112.570335388, 113.05796051, 113.533966064, 114.009971619, 114.497596741, 114.973602295, 115.449615479, 115.937232971, 116.413238525, 116.889251709, 117.365257263, 117.841270447, 118.328887939, 118.816505432, 119.292518616, 119.76852417, 120.256141663, 120.732154846, 121.2081604, 121.695777893, 122.171791077, 122.647796631, 123.135414124, 123.611427307, 124.0990448, 124.575057983, 125.051063538, 125.527069092, 126.014694214, 126.502311707, 126.978317261, 127.454330444, 127.930335999, 128.406341553, 128.893966675, 129.369979858, 129.845977783, 130.333602905, 130.809616089, 131.285614014, 131.773239136, 132.249252319, 132.725265503, 133.212875366, 133.68888855, 134.164901733, 134.652511597, 135.12852478, 135.604537964, 136.092147827, 136.579772949, 137.055786133, 137.555007935, 138.054244995, 138.565078735, 139.087524414, 139.609970093, 140.120819092, 140.631652832, 141.130874634, 141.618499756, 142.106124878, 142.593734741, 143.081359863, 143.557373047, 144.033370972, 144.509384155, 144.985397339, 145.473007202, 145.949020386, 146.425033569, 146.901046753, 147.377044678, 147.8646698, 148.340682983, 148.816680908, 149.30430603, 149.803527832, 150.32598877, 150.848434448, 151.370880127, 151.893325806, 152.392562866, 152.880172729, 153.367797852, 153.843811035, 154.331420898, 154.807434082, 155.283447266, 155.771057129, 156.247070312, 156.734695435, 157.210693359, 157.686706543, 158.174331665, 158.650344849, 159.126342773, 159.613967896, 160.089981079, 160.565979004, 161.053604126, 161.52961731, 162.005615234, 162.493240356, 162.980865479, 163.456863403, 163.932876587, 164.408889771, 164.884887695, 165.372512817, 165.860137939, 166.336135864, 166.812149048, 167.288162231, 167.764175415, 168.251785278, 168.7394104, 169.215423584, 169.691421509, 170.179046631, 170.655059814, 171.131057739, 171.618682861, 172.094696045, 172.57069397, 173.046707153, 173.522720337, 174.0103302, 174.497955322, 174.973968506, 175.449981689, 175.937591553, 176.413604736, 176.88961792, 177.377227783, 177.853240967, 178.32925415, 178.805252075, 179.281265259, 179.768890381, 180.256500244, 180.732513428, 181.208526611, 181.684524536, 182.172149658, 182.648162842, 183.135772705, 183.611785889, 184.087799072, 184.575408936, 185.051422119, 185.527435303, 186.015060425, 186.49105835, 186.967071533, 187.454696655, 187.942306519, 188.418319702, 188.894332886, 189.370330811, 189.846343994, 190.333969116, 190.821578979, 191.297592163, 191.773605347, 192.24961853, 192.725616455, 193.213241577, 193.70085144, 194.165252686, 194.652877808, 195.140487671, 195.616500854, 196.092514038, 196.58013916, 197.056137085, 197.532150269, 198.008163452, 198.484161377, 198.971786499, 199.459411621, 199.935409546, 200.411422729, 200.887435913, 201.363449097, 201.85105896, 202.338684082, 202.814697266, 203.29069519, 203.766708374, 204.242721558, 204.730331421, 205.217956543, 205.693969727, 206.169967651, 206.657592773, 207.133605957, 207.609603882, 208.074005127, 208.561630249, 209.049255371, 209.525253296, 210.001266479, 210.488891602, 210.976501465, 211.452514648, 211.928527832, 212.416137695, 212.892150879, 213.368164062, 213.855773926, 214.343399048, 214.807800293, 215.272201538, 215.748199463, 216.224212646, 216.70022583, 217.176239014, 217.663848877, 218.151473999, 218.627471924, 219.115097046, 219.614334106, 220.113555908, 220.61277771, 221.112014771, 221.611236572, 222.110473633], "beats_loudness": {"dvar2": 0.000781271781307, "var": 0.0014671725221, "min": 6.61973809102e-11, "dmean": 0.0210032593459, "mean": 0.112480856478, "max": 0.179132089019, "dmean2": 0.0365937314928, "median": 0.120239332318, "dvar": 0.000331429066136}, "bpm_histogram_second_peak_weight": {"dvar2": 0, "var": 0, "min": 0.0260869562626, "dmean": 0, "mean": 0.0260869562626, "max": 0.0260869562626, "dmean2": 0, "median": 0.0260869562626, "dvar": 0}, "bpm_histogram_second_peak_spread": {"dvar2": 0, "var": 0, "min": 0.25, "dmean": 0, "mean": 0.25, "max": 0.25, "dmean2": 0, "median": 0.25, "dvar": 0}, "bpm_histogram_second_peak_bpm": {"dvar2": 0, "var": 0, "min": 120, "dmean": 0, "mean": 120, "max": 120, "dmean2": 0, "median": 120, "dvar": 0}, "onset_rate": 4.46760940552}, "lowlevel": {"spectral_energyband_high": {"dvar2": 5.11761345479e-06, "var": 3.06051128973e-06, "min": 7.40564947337e-21, "dmean": 0.000845067203045, "mean": 0.00102270580828, "max": 0.0191557817161, "dmean2": 0.00126534688752, "median": 0.000312773569021, "dvar": 2.21086270358e-06}, "spectral_energyband_middle_low": {"dvar2": 0.000312914635288, "var": 0.000172852916876, "min": 1.62820070422e-22, "dmean": 0.00691161118448, "mean": 0.0153851862997, "max": 0.0981450229883, "dmean2": 0.0111942617223, "median": 0.0124927964061, "dvar": 0.00011788142001}, "spectral_energy": {"dvar2": 0.00121111189947, "var": 0.00165097485296, "min": 1.02628242054e-20, "dmean": 0.017210572958, "mean": 0.0411636903882, "max": 0.197731688619, "dmean2": 0.0252762585878, "median": 0.0286198221147, "dvar": 0.000682159734424}, "spectral_spread": {"dvar2": 1846070607870.0, "var": 6072268488700.0, "min": 753683.4375, "dmean": 841014.125, "mean": 5419368.5, "max": 41756100, "dmean2": 1140820.625, "median": 5223044, "dvar": 1131368415230.0}, "spectral_energyband_low": {"dvar2": 0.00123512384016, "var": 0.00154462142382, "min": 3.02057364964e-23, "dmean": 0.0134649369866, "mean": 0.0229825545102, "max": 0.191907256842, "dmean2": 0.0196266248822, "median": 0.00822206400335, "dvar": 0.000723987992387}, "spectral_rolloff": {"dvar2": 4256736.5, "var": 6471590, "min": 64.599609375, "dmean": 700.727966309, "mean": 1556.27478027, "max": 19143.0175781, "dmean2": 1185.80908203, "median": 753.662109375, "dvar": 1961695.5}, "barkbands": {"dvar2": [4.68645993124e-07, 0.00105205178261, 0.00107279722579, 0.000159622941283, 3.16101068165e-05, 2.83925146505e-05, 5.32662488695e-06, 8.37816969579e-06, 1.10141927507e-05, 5.843827239e-06, 5.09704295837e-06, 3.24007100971e-06, 4.13410532474e-07, 1.05370509118e-06, 2.45326577897e-06, 2.99144608107e-06, 7.01140777437e-07, 2.80870324332e-07, 2.72450421335e-07, 2.92423464998e-07, 1.15724610339e-07, 3.09838213752e-07, 2.6247715823e-07, 2.68521290536e-07, 1.33537511715e-07, 4.25300292761e-08, 9.3800377757e-15], "var": [2.53678905437e-07, 0.000851503980812, 0.000377665361157, 4.75784399896e-05, 2.2700509362e-05, 1.99921923922e-05, 4.53997063232e-06, 1.16598466775e-05, 1.07221831058e-05, 3.2601183193e-06, 2.48798505709e-06, 3.46916726812e-06, 2.91781475426e-07, 4.50204254321e-07, 3.50536379301e-06, 2.9745115171e-06, 3.61181605513e-07, 1.44271865565e-07, 1.5407339049e-07, 1.01971153299e-07, 5.34988160439e-08, 1.32069388314e-07, 1.43378343864e-07, 1.87315976063e-07, 8.76000996186e-08, 4.25996660169e-08, 1.90074087485e-15], "min": [1.09635296962e-24, 4.78428716786e-24, 1.92165293777e-24, 2.49609316592e-24, 2.41840772169e-23, 1.17616494619e-23, 6.15285789207e-24, 8.34569241564e-24, 1.90216547017e-23, 2.34582242099e-23, 1.51519164638e-23, 1.91951141707e-23, 5.02157360936e-23, 4.17037092007e-23, 7.50983149323e-23, 9.155519666e-23, 8.20460906036e-23, 9.07145864793e-23, 1.48601464762e-22, 2.30309115104e-22, 3.7636425046e-22, 3.77913548034e-22, 4.75705845042e-22, 5.97368340979e-22, 8.85022771888e-22, 1.49995067699e-21, 2.0316476729e-21], "dmean": [0.000224924704526, 0.0106363249943, 0.00826166663319, 0.00286666420288, 0.00208686664701, 0.00205963593908, 0.000666947627906, 0.000857703736983, 0.000963463040534, 0.000612118979916, 0.000492705206852, 0.000400986202294, 0.000178665475687, 0.000271502736723, 0.000384679908166, 0.000461933203042, 0.000264319620328, 0.000168845319422, 0.0001616737718, 0.000173265390913, 0.000121180957649, 0.000177835929208, 0.000148263818119, 0.000168860904523, 0.000112285852083, 7.06222272129e-05, 1.03899484571e-08], "mean": [0.000258927000687, 0.0118303690106, 0.00838400237262, 0.00380972726271, 0.00383329112083, 0.00350165716372, 0.00094339059433, 0.00143794505857, 0.00155245291535, 0.000836558116134, 0.000644143496174, 0.000549730088096, 0.000239009823417, 0.00031433723052, 0.000557280553039, 0.000614573131315, 0.00032406806713, 0.000222834321903, 0.000224144416279, 0.000166909900145, 0.000125660240883, 0.000181175637408, 0.000189881800907, 0.000208424957236, 0.000126903614728, 8.62409142428e-05, 6.65221255858e-09], "max": [0.0062595163472, 0.155301570892, 0.162652909756, 0.0793600827456, 0.0667842254043, 0.0453085079789, 0.0456200540066, 0.0474441163242, 0.0555435679853, 0.0393597856164, 0.0257254578173, 0.0342244841158, 0.00737965712324, 0.0148205999285, 0.0415574535728, 0.0491847209632, 0.00820037629455, 0.00685119209811, 0.0106269391254, 0.00307771773078, 0.00248832302168, 0.00752332806587, 0.00635536434129, 0.00558232748881, 0.00463997712359, 0.00335653498769, 1.83372890206e-06], "dmean2": [0.000357051263563, 0.015055488795, 0.0133110089228, 0.00510137015954, 0.00335134356283, 0.00329142669216, 0.00106127292383, 0.00127451913431, 0.00147006718908, 0.000987233361229, 0.000798764114734, 0.000607213180047, 0.000294539320748, 0.000458388123661, 0.000603434047662, 0.000740093528293, 0.000433832901763, 0.000274098594673, 0.000257739797235, 0.00028419829323, 0.000188683596207, 0.000278362713289, 0.000226783900871, 0.0002595501428, 0.000172100233613, 9.95851005428e-05, 1.92713827118e-08], "median": [5.79974148422e-05, 0.001054686727, 0.00251066242345, 0.000691023946274, 0.00229487055913, 0.00192485563457, 0.000299286912195, 0.000305688357912, 0.000372779730242, 0.00025817239657, 0.000160668627359, 0.000124351325212, 5.55261140107e-05, 7.57526431698e-05, 0.000129937950987, 0.000149327330291, 0.000108817665023, 8.77553466125e-05, 9.42322294577e-05, 3.9542446757e-05, 2.75550119113e-05, 3.66810600099e-05, 6.33663585177e-05, 5.99335471634e-05, 2.1144762286e-05, 1.58265738719e-05, 5.62294877327e-10], "dvar": [1.95075315901e-07, 0.000596297730226, 0.000434011395555, 5.70207594137e-05, 1.25050592032e-05, 1.09109087134e-05, 2.30191585615e-06, 4.02154000767e-06, 4.85884766022e-06, 2.35563970818e-06, 1.94921653929e-06, 2.01005491363e-06, 1.67994087974e-07, 3.94709246621e-07, 1.18859441045e-06, 1.38227323987e-06, 2.7880295761e-07, 1.11794079771e-07, 1.14199195878e-07, 1.15240830212e-07, 4.89237699242e-08, 1.25529126649e-07, 1.05972411291e-07, 1.17143926559e-07, 5.79758250296e-08, 2.19433022863e-08, 3.27706289974e-15]}, "melbands_skewness": {"dvar2": 4.46923828125, "var": 7.69774150848, "min": -3.40938854218, "dmean": 1.32902085781, "mean": 3.5609228611, "max": 19.9806041718, "dmean2": 1.88600289822, "median": 2.81195950508, "dvar": 2.43418836594}, "barkbands_skewness": {"dvar2": 2.86795687675, "var": 4.53768730164, "min": -6.48917531967, "dmean": 1.03214561939, "mean": 2.28762483597, "max": 27.506570816, "dmean2": 1.47020208836, "median": 1.81317186356, "dvar": 1.48758625984}, "erbbands": {"dvar2": [1.06553578377, 60.3513183594, 741.202697754, 2099.01123047, 398.859161377, 472.58795166, 2029.2043457, 2261.60302734, 1654.5916748, 514.290222168, 6176.59423828, 8016.83691406, 4237.75537109, 4296.07568359, 12449.5195312, 7858.22998047, 740.15814209, 1878.30297852, 4517.03027344, 8515.57226562, 3981.20800781, 1826.6517334, 775.439758301, 1319.57043457, 201.785491943, 633.572265625, 254.046661377, 267.855499268, 319.451263428, 278.211395264, 242.446212769, 102.824806213, 101.446975708, 34.2388496399, 3.02607178688, 0.762983620167, 0.204094022512, 0.00339998910204, 8.52498715176e-07, 2.78639911144e-09], "var": [0.577777147293, 49.2027397156, 382.117462158, 600.296508789, 193.968414307, 280.967956543, 1723.81213379, 1620.71337891, 1269.52929688, 428.927154541, 8388.92578125, 8386.80566406, 2375.33642578, 2371.79077148, 5558.50439453, 7937.64453125, 652.052612305, 735.158691406, 3235.76904297, 18788.0019531, 3256.9934082, 874.538513184, 387.58972168, 802.508056641, 124.402992249, 231.681838989, 113.466758728, 103.108352661, 140.294998169, 142.059753418, 122.929954529, 71.042098999, 63.6477737427, 20.5785522461, 2.19517016411, 0.653676986694, 0.182184398174, 0.00230258144438, 6.44638703307e-07, 3.33452265799e-09], "min": [1.57339872646e-22, 1.37406826746e-21, 3.55579580619e-21, 1.08064757383e-20, 3.71894458043e-20, 5.15436369897e-20, 7.71468059593e-20, 1.04126471323e-19, 6.19643129438e-20, 2.31319145445e-19, 2.62497650684e-19, 4.27350636712e-19, 9.61552897737e-19, 1.07616487206e-18, 1.04141077523e-18, 1.00394642112e-18, 1.78129539882e-18, 3.0387551001e-18, 3.36854994238e-18, 4.34143180239e-18, 5.72558248628e-18, 4.85584673994e-18, 4.96404609996e-18, 6.68425379696e-18, 7.02913848156e-18, 1.05956037932e-17, 1.29057736603e-17, 1.47427027456e-17, 1.33856765547e-17, 1.41259883137e-17, 1.23946992916e-17, 1.19828700529e-17, 1.06808033963e-17, 9.37408384876e-18, 6.30866623597e-18, 5.08040476955e-18, 2.49844485989e-18, 1.09962816033e-18, 2.86634780958e-19, 2.97268969677e-20], "dmean": [0.292431265116, 2.62538743019, 7.83680820465, 10.7033977509, 5.82743215561, 6.85087919235, 16.2353553772, 17.0697383881, 11.6821937561, 7.52461624146, 22.2962493896, 25.5208282471, 16.8673915863, 16.0060920715, 22.0353813171, 18.043466568, 8.12942886353, 11.3939304352, 18.9052066803, 22.6893787384, 18.8180446625, 13.3947381973, 8.48800849915, 10.3876876831, 5.75362253189, 8.15016746521, 5.66569280624, 5.45005083084, 5.82953596115, 5.11450386047, 4.30894327164, 3.48638057709, 2.9327340126, 1.66297972202, 0.597728908062, 0.282538682222, 0.152903094888, 0.014083080925, 0.000253133126535, 2.88145765808e-05], "mean": [0.290532439947, 2.88211727142, 9.00252151489, 12.8186540604, 10.1499967575, 11.912648201, 27.0787239075, 27.6256999969, 17.7096443176, 11.8767719269, 38.5471725464, 43.844745636, 25.5944099426, 22.0859203339, 29.8487644196, 25.5816459656, 12.240281105, 14.3437042236, 26.596124649, 35.60206604, 26.3994178772, 16.7462329865, 11.6151285172, 15.025387764, 7.96412801743, 8.04821109772, 5.88991641998, 5.18411970139, 5.96562194824, 6.06130504608, 5.38268852234, 4.33411979675, 3.53065490723, 1.80379033089, 0.705028891563, 0.352528512478, 0.176394656301, 0.0161895267665, 0.000312207004754, 6.19604688836e-05], "max": [5.07055664062, 40.078250885, 144.232772827, 221.047943115, 146.417648315, 346.203735352, 505.335998535, 430.713989258, 654.382751465, 414.082733154, 1290.18859863, 1480.17004395, 795.534057617, 1500.32324219, 1430.47949219, 1741.56054688, 359.91317749, 499.356750488, 909.944641113, 2847.92358398, 1581.78112793, 455.588439941, 365.076202393, 757.572570801, 135.532058716, 138.158065796, 117.433883667, 99.5710906982, 194.235427856, 313.908905029, 187.28364563, 147.292633057, 116.395072937, 76.3602294922, 20.3610458374, 15.50436306, 6.89821863174, 1.74578428268, 0.0265897288918, 0.000768564990722], "dmean2": [0.442929655313, 3.48356842995, 11.5893545151, 18.7041721344, 9.80399799347, 11.1466464996, 25.3078994751, 27.6235084534, 18.5484199524, 11.7771520615, 33.151424408, 38.2887382507, 27.1818408966, 25.6937427521, 35.6723556519, 26.5051136017, 13.1646947861, 19.1225357056, 30.5297470093, 34.4288825989, 30.1779842377, 22.0035057068, 13.6036310196, 16.6004695892, 9.10605716705, 13.2969846725, 8.84370136261, 8.75569152832, 9.13199901581, 7.8103852272, 6.64603853226, 5.27818059921, 4.60721826553, 2.62420916557, 0.888304293156, 0.399996161461, 0.219404727221, 0.0200416706502, 0.000356399803422, 4.1519626393e-05], "median": [0.0236184895039, 0.26329934597, 2.50734615326, 3.80041146278, 4.20129299164, 6.88058042526, 12.088344574, 13.7174377441, 6.84548187256, 4.46823215485, 9.20887947083, 11.6959896088, 9.80585384369, 7.29645729065, 8.45244789124, 6.20132064819, 3.5795314312, 4.64182376862, 7.81906700134, 8.61088752747, 8.21937561035, 6.12602949142, 4.89584541321, 6.19786405563, 3.5177898407, 2.00560665131, 1.39755558968, 0.93285793066, 1.15900492668, 1.7869348526, 1.72494029999, 1.31113481522, 0.846705436707, 0.298061341047, 0.125946909189, 0.0732205957174, 0.0275314617902, 0.00229551875964, 6.79751683492e-05, 4.08932864957e-05], "dvar": [0.508584976196, 33.4474487305, 339.522705078, 775.363647461, 148.184967041, 183.165206909, 864.365234375, 847.206359863, 692.223022461, 230.566207886, 2915.10620117, 3608.43212891, 1622.03747559, 1738.23376465, 4749.27929688, 4746.84570312, 320.07220459, 694.593261719, 1812.76513672, 4605.03857422, 1716.94384766, 704.919555664, 309.446960449, 558.127746582, 83.9841995239, 253.317092896, 107.202674866, 106.80292511, 130.309326172, 114.724365234, 95.6299514771, 45.1690177917, 42.6191558838, 14.3642864227, 1.36803591251, 0.376189082861, 0.10087621212, 0.00150417943951, 3.88472443547e-07, 1.42753675547e-09]}, "silence_rate_30dB": {"dvar2": 0.146240800619, "var": 0.103379264474, "min": 0, "dmean": 0.0871650502086, "mean": 0.88292324543, "max": 1, "dmean2": 0.174348279834, "median": 1, "dvar": 0.079557530582}, "melbands_spread": {"dvar2": 458.944824219, "var": 530.40802002, "min": 0.26939946413, "dmean": 8.59745407104, "mean": 19.8405799866, "max": 259.18963623, "dmean2": 13.3780479431, "median": 13.8489151001, "dvar": 199.550735474}, "melbands_crest": {"dvar2": 35.9612121582, "var": 42.7314834595, "min": 1.53529858589, "dmean": 4.11698532104, "mean": 16.4803123474, "max": 35.0094451904, "dmean2": 6.68177890778, "median": 15.3071784973, "dvar": 15.1020994186}, "zerocrossingrate": {"dvar2": 0.000480228627566, "var": 0.00438042264432, "min": 0.0029296875, "dmean": 0.0163695644587, "mean": 0.0634730532765, "max": 0.515625, "dmean2": 0.0185173153877, "median": 0.04736328125, "dvar": 0.000409984932048}, "barkbands_kurtosis": {"dvar2": 1239.28173828, "var": 958.571228027, "min": -1.93441343307, "dmean": 9.71467590332, "mean": 12.3853702545, "max": 947.468688965, "dmean2": 14.5073957443, "median": 3.91069078445, "dvar": 598.344909668}, "spectral_flux": {"dvar2": 0.00474782614037, "var": 0.00684231333435, "min": 6.45055883708e-11, "dmean": 0.0430162139237, "mean": 0.111156754196, "max": 0.413951814175, "dmean2": 0.0661509186029, "median": 0.0853287130594, "dvar": 0.0024504265748}, "barkbands_crest": {"dvar2": 23.4445838928, "var": 29.4019889832, "min": 2.33970141411, "dmean": 3.3802895546, "mean": 11.6328830719, "max": 26.3130111694, "dmean2": 5.36264562607, "median": 10.1713886261, "dvar": 11.4645032883}, "barkbands_flatness_db": {"dvar2": 0.00246214051731, "var": 0.00444055395201, "min": 0.0418771095574, "dmean": 0.0370876155794, "mean": 0.181641221046, "max": 0.573592841625, "dmean2": 0.0514035783708, "median": 0.173884928226, "dvar": 0.00127025262918}, "spectral_entropy": {"dvar2": 0.20591135323, "var": 0.396845638752, "min": 3.77344202995, "dmean": 0.296442180872, "mean": 7.39774942398, "max": 9.81148719788, "dmean2": 0.402729809284, "median": 7.4288444519, "dvar": 0.116026617587}, "pitch_salience": {"dvar2": 0.0166881997138, "var": 0.0244193635881, "min": 0.0641030594707, "dmean": 0.0933027938008, "mean": 0.501344740391, "max": 0.900085449219, "dmean2": 0.14230120182, "median": 0.531881451607, "dvar": 0.00868560839444}, "erbbands_spread": {"dvar2": 392.960998535, "var": 642.493164062, "min": 0.686570644379, "dmean": 13.1641597748, "mean": 43.1542930603, "max": 157.87677002, "dmean2": 18.6974983215, "median": 37.2664489746, "dvar": 205.98840332}, "dynamic_complexity": 2.91832828522, "spectral_contrast_valleys": {"dvar2": [0.442123740911, 0.520528793335, 0.506823599339, 0.430150270462, 0.467072784901, 0.576784312725], "var": [4.4870557785, 2.93022322655, 2.8228623867, 2.59321117401, 2.649477005, 2.66544270515], "min": [-27.8045864105, -27.7915153503, -27.695514679, -27.5880355835, -27.4317512512, -27.3358821869], "dmean": [0.497058302164, 0.507706224918, 0.501572668552, 0.465465813875, 0.497666209936, 0.533035516739], "mean": [-7.89152479172, -7.18647050858, -7.68597698212, -8.16616153717, -8.08383560181, -10.1243944168], "max": [-5.19467735291, -4.60517024994, -5.01567983627, -5.62269687653, -5.4868683815, -7.44608592987], "dmean2": [0.723516702652, 0.782035052776, 0.744129478931, 0.668797850609, 0.636774301529, 0.642476320267], "median": [-7.25580358505, -6.94920492172, -7.43607521057, -7.95701885223, -7.90227270126, -9.97781562805], "dvar": [0.258382678032, 0.241875678301, 0.245992332697, 0.218168497086, 0.265497744083, 0.341114014387]}, "hfc": {"dvar2": 515.848449707, "var": 409.893188477, "min": 1.05877781683e-16, "dmean": 10.9240598679, "mean": 22.0956382751, "max": 167.843963623, "dmean2": 15.8242616653, "median": 16.306016922, "dvar": 221.505966187}, "spectral_kurtosis": {"dvar2": 49.6849136353, "var": 59.4705162048, "min": -1.29998409748, "dmean": 2.4760966301, "mean": 5.69596099854, "max": 160.27293396, "dmean2": 3.65646624565, "median": 4.05308389664, "dvar": 26.7573604584}, "mfcc": {"mean": [-665.354309082, 113.559204102, 14.2450695038, 13.4680862427, 9.31110191345, -2.20364379883, -8.5975522995, 5.19999313354, -3.94255423546, 1.38839685917, -7.41381883621, -6.25064849854, -0.887251198292], "cov": [[11520.8945312, 193.806182861, 246.460098267, 409.698455811, 226.004226685, 335.026702881, 286.418365479, 341.980041504, 152.651672363, 88.7600326538, -92.2689437866, -56.9454421997, -98.3690643311], [193.806182861, 1934.93603516, 99.2760925293, 44.7707138062, 195.814834595, 55.1870384216, 138.964385986, 93.29322052, -1.22132670879, 23.4951972961, 4.87322378159, -29.7049160004, -5.81163644791], [246.460098267, 99.2760925293, 985.361999512, 342.670532227, 71.0418930054, 181.843521118, 159.966033936, 64.1121826172, 66.5790557861, -25.5491161346, 33.7471084595, 47.852191925, -6.43500614166], [409.698455811, 44.7707138062, 342.670532227, 687.926879883, 237.119934082, 189.419891357, 111.422142029, 107.050430298, 106.250015259, -23.0445613861, 15.8246994019, 47.445930481, -13.8052682877], [226.004226685, 195.814834595, 71.0418930054, 237.119934082, 364.314178467, 159.89604187, 74.4901580811, 92.687789917, 54.8211555481, 20.6182537079, 4.41051626205, 2.57428455353, -5.28408002853], [335.026702881, 55.1870384216, 181.843521118, 189.419891357, 159.89604187, 371.595916748, 233.751724243, 74.5312194824, 99.4823913574, 48.8593177795, 41.8074989319, 18.9504737854, 11.5001440048], [286.418365479, 138.964385986, 159.966033936, 111.422142029, 74.4901580811, 233.751724243, 365.14074707, 133.797592163, 107.567077637, 36.0707817078, 53.2923851013, 37.0959472656, 17.4445323944], [341.980041504, 93.29322052, 64.1121826172, 107.050430298, 92.687789917, 74.5312194824, 133.797592163, 248.483810425, 120.013069153, 46.1360588074, 30.8400001526, 27.965801239, 11.0234460831], [152.651672363, -1.22132670879, 66.5790557861, 106.250015259, 54.8211555481, 99.4823913574, 107.567077637, 120.013069153, 212.485137939, 80.4935455322, 45.6959228516, 30.6584815979, 18.0508270264], [88.7600326538, 23.4951972961, -25.5491161346, -23.0445613861, 20.6182537079, 48.8593177795, 36.0707817078, 46.1360588074, 80.4935455322, 203.843582153, 80.5634307861, 4.84598875046, 16.9827270508], [-92.2689437866, 4.87322378159, 33.7471084595, 15.8246994019, 4.41051626205, 41.8074989319, 53.2923851013, 30.8400001526, 45.6959228516, 80.5634307861, 157.442565918, 74.3866500854, 30.1994380951], [-56.9454421997, -29.7049160004, 47.852191925, 47.445930481, 2.57428455353, 18.9504737854, 37.0959472656, 27.965801239, 30.6584815979, 4.84598875046, 74.3866500854, 135.360778809, 63.3800315857], [-98.3690643311, -5.81163644791, -6.43500614166, -13.8052682877, -5.28408002853, 11.5001440048, 17.4445323944, 11.0234460831, 18.0508270264, 16.9827270508, 30.1994380951, 63.3800315857, 114.017173767]], "icov": [[9.49757086346e-05, -2.57102738033e-06, 1.05902472569e-06, -3.55392548954e-05, 2.56249095401e-05, -6.87358624418e-05, -3.8413340917e-06, -0.000126104758237, 4.68081962026e-05, -7.63219941291e-05, 0.000125445862068, -2.9054181141e-05, 8.53485471453e-05], [-2.57102738033e-06, 0.000584626861382, -7.25685968064e-05, 8.67569033289e-05, -0.000409943662817, 0.000262241112068, -0.000331470451783, -7.64955257182e-05, 0.000187740777619, -5.85750531172e-05, -6.26018299954e-05, 0.000235748739215, -8.88136055437e-05], [1.05902472569e-06, -7.25685968064e-05, 0.00133629702032, -0.000636238604784, 0.000385297520552, -0.000375486473786, -0.000207816759939, 9.9531835076e-06, 3.26061126543e-05, 0.000213438572246, -0.000122213692521, -0.000201323520741, 0.000189489408513], [-3.55392548954e-05, 8.67569033289e-05, -0.000636238604784, 0.00253637973219, -0.00128898292314, -0.000432497879956, 0.000300802174024, -0.00015820346016, -0.000778522109613, 0.000666214968078, 8.8658198365e-05, -0.000830010452773, 0.000660042802338], [2.56249095401e-05, -0.000409943662817, 0.000385297520552, -0.00128898292314, 0.00466967374086, -0.00200869957916, 0.00100697833113, -0.00135767052416, 0.000500526570249, -0.000254263606621, 0.000315721321385, 0.00012291999883, 6.97788855177e-05], [-6.87358624418e-05, 0.000262241112068, -0.000375486473786, -0.000432497879956, -0.00200869957916, 0.00627419212833, -0.00363860395737, 0.00161536771338, -0.000867361668497, -0.000622774998192, -0.000315004988806, 0.000797045649961, -0.000574445468374], [-3.8413340917e-06, -0.000331470451783, -0.000207816759939, 0.000300802174024, 0.00100697833113, -0.00363860395737, 0.0060264384374, -0.00224292697385, -0.00050786009524, 0.000748403428588, -0.000723268545698, -0.000350524293026, 6.83126418153e-05], [-0.000126104758237, -7.64955257182e-05, 9.9531835076e-06, -0.00015820346016, -0.00135767052416, 0.00161536771338, -0.00224292697385, 0.00702374568209, -0.00292729609646, -0.000293563469313, 0.000156548441737, -0.000487655634061, 4.37315138697e-05], [4.68081962026e-05, 0.000187740777619, 3.26061126543e-05, -0.000778522109613, 0.000500526570249, -0.000867361668497, -0.00050786009524, -0.00292729609646, 0.00826145056635, -0.00258204690181, 0.000345607375493, -0.000697805953678, -0.000198044261197], [-7.63219941291e-05, -5.85750531172e-05, 0.000213438572246, 0.000666214968078, -0.000254263606621, -0.000622774998192, 0.000748403428588, -0.000293563469313, -0.00258204690181, 0.00811114721, -0.0048147928901, 0.00313149043359, -0.00127603264991], [0.000125445862068, -6.26018299954e-05, -0.000122213692521, 8.8658198365e-05, 0.000315721321385, -0.000315004988806, -0.000723268545698, 0.000156548441737, 0.000345607375493, -0.0048147928901, 0.0121290264651, -0.00708320410922, 0.00163808383513], [-2.9054181141e-05, 0.000235748739215, -0.000201323520741, -0.000830010452773, 0.00012291999883, 0.000797045649961, -0.000350524293026, -0.000487655634061, -0.000697805953678, 0.00313149043359, -0.00708320410922, 0.0150666991249, -0.00695397518575], [8.53485471453e-05, -8.88136055437e-05, 0.000189489408513, 0.000660042802338, 6.97788855177e-05, -0.000574445468374, 6.83126418153e-05, 4.37315138697e-05, -0.000198044261197, -0.00127603264991, 0.00163808383513, -0.00695397518575, 0.0126299522817]]}, "silence_rate_20dB": {"dvar2": 0, "var": 0, "min": 1, "dmean": 0, "mean": 1, "max": 1, "dmean2": 0, "median": 1, "dvar": 0}, "melbands_kurtosis": {"dvar2": 3075.21069336, "var": 2548.3059082, "min": -1.8876670599, "dmean": 20.5016651154, "mean": 30.1469478607, "max": 620.818481445, "dmean2": 30.1825695038, "median": 11.6128330231, "dvar": 1444.01782227}, "barkbands_spread": {"dvar2": 210.357513428, "var": 233.183074951, "min": 0.150061517954, "dmean": 7.79738998413, "mean": 18.6305541992, "max": 122.397445679, "dmean2": 11.6520652771, "median": 14.8572425842, "dvar": 100.231269836}, "erbbands_skewness": {"dvar2": 0.873597562313, "var": 1.18207645416, "min": -4.58698320389, "dmean": 0.558037698269, "mean": 0.564089000225, "max": 12.2785291672, "dmean2": 0.828445017338, "median": 0.436411827803, "dvar": 0.410680472851}, "average_loudness": 0.960689663887, "spectral_centroid": {"dvar2": 356529.625, "var": 619751, "min": 129.185409546, "dmean": 308.375457764, "mean": 1099.15466309, "max": 11486.0136719, "dmean2": 470.431182861, "median": 934.106079102, "dvar": 168101.375}, "dissonance": {"dvar2": 0.00165929808281, "var": 0.0012772702612, "min": 0.120500937104, "dmean": 0.0249139424413, "mean": 0.454022556543, "max": 0.500000059605, "dmean2": 0.0400430187583, "median": 0.462307542562, "dvar": 0.000653150840662}, "erbbands_flatness_db": {"dvar2": 0.00120477005839, "var": 0.00340986996889, "min": 0.041025634855, "dmean": 0.0262416731566, "mean": 0.163650542498, "max": 0.521147787571, "dmean2": 0.0350205488503, "median": 0.156139403582, "dvar": 0.000750265084207}, "spectral_strongpeak": {"dvar2": 1.57134950161, "var": 1.64560317993, "min": 0, "dmean": 0.524407625198, "mean": 1.02222549915, "max": 17.5093345642, "dmean2": 0.860979139805, "median": 0.717776894569, "dvar": 0.716232061386}, "spectral_rms": {"dvar2": 3.77848459721e-06, "var": 8.53802976053e-06, "min": 3.1642553161e-12, "dmean": 0.00121054996271, "mean": 0.00562331546098, "max": 0.0138891674578, "dmean2": 0.00173408002593, "median": 0.00528410589322, "dvar": 2.42057603828e-06}, "silence_rate_60dB": {"dvar2": 0.0461876653135, "var": 0.0563589148223, "min": 0, "dmean": 0.0210614111274, "mean": 0.0599457882345, "max": 1, "dmean2": 0.0421272143722, "median": 0, "dvar": 0.0206168983132}, "melbands": {"dvar2": [8.31027209642e-05, 8.05328600109e-05, 4.64194090455e-05, 1.41598036407e-06, 1.97312465389e-06, 1.01977718714e-06, 3.09790692654e-07, 8.60659596924e-08, 4.38762583599e-07, 2.84252791971e-07, 1.11311997841e-07, 8.17522050056e-08, 1.18238027369e-07, 4.77326800308e-08, 1.66292952741e-08, 4.79599959746e-09, 7.53145190657e-09, 1.34114612749e-08, 9.36080812863e-09, 2.774517327e-08, 4.01915833947e-09, 2.93123969541e-09, 8.60975124528e-10, 8.00090826925e-10, 1.22829502125e-09, 1.38822481288e-10, 1.43213635395e-10, 4.26271629106e-10, 1.49346437994e-10, 5.75396535973e-11, 1.35183586547e-10, 1.08355185935e-10, 1.62673791104e-10, 7.86140111342e-11, 1.22610088749e-10, 4.45570698393e-11, 4.22394827448e-11, 5.11662448521e-11, 5.45669447127e-11, 2.22534681654e-11], "var": [5.76223064854e-05, 8.12231519376e-05, 1.42539174703e-05, 9.75278112492e-07, 1.5739498167e-06, 7.11536529252e-07, 2.66339839072e-07, 7.56597842155e-08, 5.35797084922e-07, 3.19944888361e-07, 6.05506471629e-08, 4.50780603956e-08, 5.43946967468e-08, 4.85347655399e-08, 1.41923788277e-08, 3.17075521394e-09, 2.98267721632e-09, 8.86063578065e-09, 1.49536614202e-08, 3.7280084797e-08, 2.30007612956e-09, 1.43807776798e-09, 4.28022783883e-10, 3.39993311282e-10, 6.91696644406e-10, 9.3049810912e-11, 5.58640182724e-11, 1.4257328651e-10, 5.90315921145e-11, 2.76120810244e-11, 4.46110613728e-11, 4.25438226315e-11, 6.99304919527e-11, 3.99139644947e-11, 5.42765277167e-11, 2.67793651837e-11, 2.83415114294e-11, 3.20443012403e-11, 2.92269090874e-11, 1.25717439931e-11], "min": [1.96345783259e-24, 1.51225739936e-24, 4.12327497739e-24, 5.0262024085e-24, 3.44295383855e-24, 2.14304043994e-24, 1.04381286118e-24, 2.69744655932e-24, 2.19702258611e-24, 2.74701266214e-24, 4.29218666328e-24, 3.75799411852e-24, 1.85370124826e-24, 3.81080914499e-24, 3.15874776479e-24, 4.51679271794e-24, 4.62108407391e-24, 4.07605849677e-24, 4.58694966811e-24, 5.72968726453e-24, 5.72432577139e-24, 4.23760695497e-24, 3.74376858982e-24, 4.70500112486e-24, 5.03073244225e-24, 5.51485677421e-24, 3.72704986622e-24, 7.42716171026e-24, 7.17080400417e-24, 8.00923850639e-24, 8.18920528901e-24, 6.52152059764e-24, 5.58081698437e-24, 7.84759065172e-24, 7.01613204648e-24, 8.01502006797e-24, 7.04518579362e-24, 7.73738757212e-24, 7.60149523715e-24, 6.6597246895e-24], "dmean": [0.00281092035584, 0.00317226070911, 0.00167213066015, 0.000398000964196, 0.000512888189405, 0.000374377705157, 0.0001661546994, 9.45627180045e-05, 0.00018747219292, 0.00015442923177, 8.41344590299e-05, 6.73447793815e-05, 7.09520463715e-05, 5.13205486641e-05, 2.87994753307e-05, 1.84733162314e-05, 2.27555810852e-05, 3.2204650779e-05, 2.36636551563e-05, 4.143019396e-05, 1.94141084648e-05, 1.63891090779e-05, 9.0979210654e-06, 7.97810844233e-06, 9.21923583519e-06, 4.70202803626e-06, 3.86465717384e-06, 6.29798296359e-06, 4.07717061535e-06, 2.69127167485e-06, 3.62886703442e-06, 3.32544914272e-06, 3.67440975424e-06, 2.58260638475e-06, 2.70250893664e-06, 2.27150508181e-06, 2.1105140604e-06, 2.16865214497e-06, 1.75113768819e-06, 1.35006121127e-06], "mean": [0.00299709918909, 0.00450899964198, 0.00213746447116, 0.00074983399827, 0.000866024172865, 0.000614366552327, 0.000248988275416, 0.000146276972373, 0.000315948302159, 0.000260067463387, 0.000120845506899, 8.86852212716e-05, 9.30250171223e-05, 7.37927985028e-05, 4.00453209295e-05, 2.46469880949e-05, 2.64094869635e-05, 4.32656379417e-05, 3.38613681379e-05, 5.89399642195e-05, 2.50557568506e-05, 1.94093663595e-05, 1.09857082862e-05, 1.07331643449e-05, 1.27370858536e-05, 6.43859220872e-06, 4.47462616648e-06, 5.77274158786e-06, 4.03340118282e-06, 2.80595418189e-06, 3.20789331454e-06, 3.23520043821e-06, 3.84434451917e-06, 3.17391345561e-06, 3.2496006952e-06, 2.81096231447e-06, 2.54814722211e-06, 2.58638942796e-06, 1.97369604393e-06, 1.39073563332e-06], "max": [0.0415768288076, 0.0535756424069, 0.0336553603411, 0.0171853490174, 0.0143463127315, 0.00839102268219, 0.0103031275794, 0.00491705676541, 0.0102324550971, 0.00802115537226, 0.00393095286563, 0.00659739598632, 0.00405180081725, 0.00392184453085, 0.00229318416677, 0.000868220929988, 0.00108265201561, 0.00155551719945, 0.00272081419826, 0.00510886171833, 0.00109229981899, 0.000668134365696, 0.00041431793943, 0.000426800572313, 0.000753556087147, 0.000153632354341, 0.000142397097079, 9.97625902528e-05, 9.4221701147e-05, 6.29871865385e-05, 6.87962892698e-05, 9.36809083214e-05, 0.000222430302529, 0.00014788772387, 0.00012536077702, 9.4594557595e-05, 0.000100155382825, 8.27232433949e-05, 0.000149465122377, 6.29411806585e-05], "dmean2": [0.0041329539381, 0.00433714175597, 0.00287220068276, 0.000652620976325, 0.000802288588602, 0.000604970613495, 0.00026309734676, 0.000145440120832, 0.000280927168205, 0.000231899059145, 0.000136482747621, 0.000108215768705, 0.000115194823593, 7.77743