{"tonal": {"thpcp": [1, 0.941295742989, 0.837263166904, 0.784453988075, 0.831891715527, 0.897365272045, 0.851355910301, 0.769805252552, 0.737340450287, 0.69455498457, 0.683765649796, 0.715360760689, 0.693419933319, 0.650901794434, 0.661264359951, 0.674438238144, 0.701184391975, 0.773361504078, 0.814689815044, 0.794703483582, 0.742167711258, 0.729897201061, 0.792469382286, 0.872786045074, 0.895148694515, 0.815454125404, 0.753960907459, 0.842655062675, 0.955859065056, 0.952581703663, 0.957485854626, 0.947567760944, 0.878653824329, 0.884439051151, 0.924541890621, 0.970838367939], "hpcp": {"dmean2": [0.280682057142, 0.267691612244, 0.2622808218, 0.265480399132, 0.276809930801, 0.271834641695, 0.252040058374, 0.265852302313, 0.276513934135, 0.287964522839, 0.305226862431, 0.312136352062, 0.321672856808, 0.302088797092, 0.291010528803, 0.305601298809, 0.320049792528, 0.339996159077, 0.314778923988, 0.285340547562, 0.308976203203, 0.342039555311, 0.334082007408, 0.334748357534, 0.339190483093, 0.319728940725, 0.320110023022, 0.322429418564, 0.333755403757, 0.35862082243, 0.340200185776, 0.297985464334, 0.282808601856, 0.304839015007, 0.321383327246, 0.300181895494], "median": [0.0631350278854, 0.0551489591599, 0.0527118593454, 0.0528948158026, 0.0530103780329, 0.0498731657863, 0.0478743761778, 0.0477746501565, 0.0474727153778, 0.0499922186136, 0.0544907003641, 0.0593127943575, 0.0576883517206, 0.0551931448281, 0.0532662570477, 0.061939664185, 0.0679182261229, 0.0744142532349, 0.0666794031858, 0.0618851110339, 0.067534506321, 0.080400839448, 0.0834857076406, 0.083443492651, 0.0808460265398, 0.0729021281004, 0.0654010176659, 0.0756695494056, 0.085799574852, 0.0902864933014, 0.0802316144109, 0.0694094449282, 0.0657795667648, 0.0691251531243, 0.0776055753231, 0.0730717107654], "min": [0, 0, 0, 0, 0, 0, 0, 0, 0, 0, 0, 0, 0, 0, 0, 0, 0, 0, 0, 0, 0, 0, 0, 0, 0, 0, 0, 0, 0, 0, 0, 0, 0, 0, 0, 0], "dvar2": [0.126207441092, 0.120550222695, 0.121773801744, 0.122736029327, 0.129557967186, 0.126668155193, 0.118177294731, 0.127018332481, 0.13608160615, 0.140978574753, 0.15003991127, 0.146631881595, 0.164200201631, 0.149467736483, 0.137670248747, 0.148484230042, 0.151206061244, 0.161304876208, 0.146892473102, 0.13009417057, 0.144606038928, 0.159503176808, 0.146452009678, 0.149838536978, 0.153969019651, 0.147922664881, 0.15400968492, 0.143885850906, 0.14979660511, 0.163334131241, 0.160794958472, 0.138792648911, 0.125197023153, 0.140626877546, 0.147471442819, 0.131926059723], "dvar": [0.0469775274396, 0.0452359765768, 0.0459402017295, 0.0461990199983, 0.0496286265552, 0.0482272207737, 0.0441126935184, 0.0474526509643, 0.0504645369947, 0.051959592849, 0.056600600481, 0.0571071505547, 0.0611512772739, 0.0568455159664, 0.0525660663843, 0.0567992180586, 0.0600332580507, 0.0628120601177, 0.0558954887092, 0.0482408180833, 0.0552704334259, 0.0614983923733, 0.0567903183401, 0.0583878308535, 0.0594007633626, 0.0559824630618, 0.0582902804017, 0.0547781325877, 0.0578422769904, 0.0629456490278, 0.0608713291585, 0.0528600402176, 0.0463178195059, 0.0524002499878, 0.0562510751188, 0.0514180473983], "dmean": [0.160493507981, 0.152900159359, 0.14866900444, 0.150406733155, 0.156805947423, 0.154479131103, 0.143453940749, 0.149776488543, 0.155402034521, 0.161871820688, 0.1729683429, 0.176756531, 0.18189868331, 0.170556738973, 0.164228573442, 0.17387714982, 0.18425540626, 0.192648530006, 0.17808675766, 0.162394970655, 0.176134884357, 0.195969954133, 0.192000105977, 0.192462071776, 0.193781688809, 0.182864576578, 0.181527987123, 0.184383481741, 0.191726833582, 0.204311326146, 0.194156304002, 0.170881062746, 0.161619067192, 0.172917485237, 0.183461725712, 0.172349467874], "max": [1, 1, 1, 1, 1, 1, 1, 1, 1, 1, 1, 1, 1, 1, 1, 1, 1, 1, 1, 1, 1, 1, 1, 1, 1, 1, 1, 1, 1, 1, 1, 1, 1, 1, 1, 1], "var": [0.0528164468706, 0.0522459372878, 0.0493791438639, 0.0479557812214, 0.0532135367393, 0.0509904697537, 0.0459132529795, 0.0481750629842, 0.0485832430422, 0.0515419505537, 0.0601413920522, 0.0643234476447, 0.0617360584438, 0.0564942546189, 0.0539849735796, 0.0602282322943, 0.0680380314589, 0.0682452842593, 0.059037681669, 0.0511687844992, 0.0632449910045, 0.0744117647409, 0.069500207901, 0.0716463550925, 0.0709482803941, 0.0645197704434, 0.0680654272437, 0.0690441951156, 0.0716243758798, 0.075226970017, 0.0706056579947, 0.0602021105587, 0.0529233030975, 0.0593639872968, 0.0665327236056, 0.0615079291165], "mean": [0.163454830647, 0.156561493874, 0.147476747632, 0.145185813308, 0.151894494891, 0.147235736251, 0.138207748532, 0.140408053994, 0.143205299973, 0.148884385824, 0.16420994699, 0.172985300422, 0.168741539121, 0.157586485147, 0.154981046915, 0.168267175555, 0.185321033001, 0.19006934762, 0.173147588968, 0.160090565681, 0.178923234344, 0.202960148454, 0.202264249325, 0.203305572271, 0.201199635863, 0.186566948891, 0.187795341015, 0.19631049037, 0.206140741706, 0.212332710624, 0.199867874384, 0.177778363228, 0.166565239429, 0.17663782835, 0.190540000796, 0.180770710111]}, "tuning_equal_tempered_deviation": 0.231934681535, "chords_changes_rate": 0.171294480562, "key_key": "F#", "tuning_diatonic_strength": 0.212028577924, "key_scale": "minor", "chords_number_rate": 0.00430191634223, "tuning_frequency": 441.272583008, "tuning_nontempered_energy_ratio": 0.899035334587, "chords_histogram": [2.7375831604, 6.12045383453, 8.70160388947, 5.14274549484, 0.860383272171, 0.958154082298, 6.53109121323, 3.93038725853, 2.93312478065, 1.60344147682, 3.93038725853, 5.41650390625, 2.95267891884, 5.18185377121, 4.88854122162, 4.26280784607, 2.15095806122, 3.91083312035, 3.32420802116, 4.7907705307, 2.20962071419, 4.02815818787, 5.96402025223, 7.46969127655], "key_strength": 0.14110134542, "chords_key": "C#", "chords_strength": {"dmean2": 0.0291366036981, "median": 0.415583968163, "min": 0.179351165891, "dvar2": 0.000520720961504, "dvar": 0.000295443809591, "dmean": 0.0219730194658, "max": 0.740735888481, "var": 0.00900857709348, "mean": 0.422453403473}, "chords_scale": "minor", "hpcp_entropy": {"dmean2": 1.29753029346, "median": 2.17311811447, "min": 0, "dvar2": 1.00850570202, "dvar": 0.376588374376, "dmean": 0.775839388371, "max": 4.36134386063, "var": 0.844630897045, "mean": 2.15530323982}}, "metadata": {"audio_properties": {"equal_loudness": 0, "codec": "flac", "downmix": "mix", "sample_rate": 44100, "analysis_sample_rate": 44100, "bit_rate": 0, "md5_encoded": "aa81ac9e10930c28b057618b74e00fea", "length": 237.42666626, "replay_gain": -14.4011421204, "lossless": true}, "version": {"essentia_build_sha": "70f2e5ece6736b2c40cc944ad0e695b16b925413", "essentia": "2.1-beta2", "extractor": "music 1.0", "essentia_git_sha": "v2.1_beta2"}, "tags": {"title": ["Genetic Engineering"], "language": ["eng"], "media": ["CD"], "albumartist": ["Paul F. Tompkins"], "tracktotal": ["15"], "musicbrainz_releasegroupid": ["debfe3dd-2ef0-31d1-bf0b-46678bfd0208"], "releasetype": ["spokenword", "other"], "musicbrainz_recordingid": ["0a67f741-7097-43be-bc02-90076dc1a48d"], "musicbrainz_discid": ["6RjXwYc51sf24SV0M92jrzj2xL0-"], "musicbrainz_albumartistid": ["c16b8352-7fc4-4b27-83ae-44fd0b2cfda5"], "musicbrainz_releasetrackid": ["98c66142-d01a-38af-bfd4-07f5001a968b"], "discnumber": ["1"], "totaldiscs": ["1"], "album": ["Impersonal"], "catalognumber": ["AST004"], "releasecountry": ["US"], "file_name": "1-11 Genetic Engineering.flac", "originaldate": ["2007"], "date": ["2007"], "genre": ["Comedy"], "musicbrainz_albumid": ["9983603a-8903-4e81-b392-2a69f7fdff7d"], "disctotal": ["1"], "musicbrainz_artistid": ["c16b8352-7fc4-4b27-83ae-44fd0b2cfda5"], "asin": ["B000TAMRUC"], "grouping": ["Non-Music"], "tracknumber": ["11"], "artistsort": ["Tompkins, Paul F."], "artist": ["Paul F. Tompkins"], "label": ["ASpecialThing Records"], "albumartistsort": ["Tompkins, Paul F."], "acoustid_id": ["d463f001-c029-4ef9-9607-54477a0be8c6"], "script": ["Latn"], "releasestatus": ["official"]}}, "rhythm": {"bpm_histogram_first_peak_bpm": {"dmean2": 0, "median": 144, "min": 144, "dvar2": 0, "dvar": 0, "dmean": 0, "max": 144, "var": 0, "mean": 144}, "bpm": 144.013687134, "bpm_histogram_second_peak_spread": {"dmean2": 0, "median": 0.522388100624, "min": 0.522388100624, "dvar2": 0, "dvar": 0, "dmean": 0, "max": 0.522388100624, "var": 0, "mean": 0.522388100624}, "bpm_histogram_first_peak_weight": {"dmean2": 0, "median": 0.0704225376248, "min": 0.0704225376248, "dvar2": 0, "dvar": 0, "dmean": 0, "max": 0.0704225376248, "var": 0, "mean": 0.0704225376248}, "onset_rate": 4.27884531021, "beats_position": [0.708208620548, 1.4164172411, 2.12462592125, 2.83283448219, 3.54104304314, 4.26086139679, 4.94585037231, 5.61922883987, 6.17650794983, 6.73378658295, 7.2910656929, 7.84834432602, 8.40562343597, 8.91646194458, 9.43891143799, 9.93814086914, 10.4489793777, 10.9714279175, 11.4938774109, 12.0047159195, 12.5155553818, 13.0496139526, 13.572063446, 14.0829019547, 14.5937414169, 15.1161899567, 15.6386394501, 16.1494789124, 16.7067565918, 17.2872562408, 17.9025840759, 18.5295238495, 19.1564617157, 19.7950115204, 20.4335594177, 21.0488891602, 21.6642169952, 22.2679367065, 22.8136043549, 23.3592739105, 23.9049434662, 24.4506111145, 24.9962806702, 25.5187301636, 26.0295696259, 26.5520172119, 27.0744667053, 27.6085262299, 28.1309738159, 28.6418132782, 29.1410427094, 29.6518821716, 30.1627197266, 30.6735591888, 31.17278862, 31.6255779266, 32.0783653259, 32.5195465088, 32.9723358154, 33.4135131836, 33.8663024902, 34.3190917969, 34.783493042, 35.2478904724, 35.7819480896, 36.3160095215, 36.8500671387, 37.3725166321, 37.9065742493, 38.4638557434, 39.0211334229, 39.5784111023, 40.1589126587, 40.7277984619, 41.2850799561, 41.88879776, 42.4809074402, 43.0730133057, 43.6535148621, 44.2340126038, 44.8029022217, 45.3717918396, 45.9406776428, 46.4863471985, 47.0320167542, 47.6357345581, 48.2394561768, 48.8431739807, 49.4468917847, 50.0390014648, 50.631111145, 51.2232208252, 51.8269386292, 52.302947998, 52.7789573669, 53.2433547974, 53.7077522278, 54.1721534729, 54.6249427795, 55.0777320862, 55.5305213928, 55.971698761, 56.4244880676, 56.854057312, 57.2836265564, 57.7131958008, 58.1775970459, 58.6303825378, 59.094783783, 59.5940132141, 60.0932426453, 60.5808601379, 61.0684814453, 61.556098938, 62.0437164307, 62.5197257996, 63.0073471069, 63.4949645996, 64.0174102783, 64.5514755249, 65.0623092651, 65.6079788208, 66.142036438, 66.6761016846, 67.1869354248, 67.686164856, 68.1737823486, 68.6730117798, 69.1722412109, 69.6830825806, 70.1823120117, 70.6815414429, 71.1923828125, 71.7496566772, 72.3069381714, 72.8990478516, 73.5027618408, 74.1180953979, 74.7682495117, 75.4184112549, 76.068572998, 76.6955108643, 77.2876205444, 77.8797302246, 78.4602279663, 78.889793396, 79.3193664551, 79.7373199463, 80.1552810669, 80.5732421875, 80.9912033081, 81.4091567993, 81.8155059814, 82.2218551636, 82.6282043457, 83.0345535278, 83.44090271, 83.8472518921, 84.2652130127, 84.6831741333, 85.112739563, 85.5307006836, 85.9370498657, 86.3433990479, 86.74974823, 87.1793212891, 87.5856704712, 88.1197280884, 88.6421737671, 89.1530151367, 89.7683410645, 90.3720626831, 90.9757843018, 91.579498291, 92.1599960327, 92.7521057129, 93.3442153931, 93.9943771362, 94.64453125, 95.2714691162, 95.8984146118, 96.525352478, 97.1522903442, 97.7560043335, 98.3597259521, 98.9518356323, 99.5671615601, 100.170883179, 100.762992859, 101.331878662, 101.912376404, 102.492874146, 103.015327454, 103.526168823, 104.048614502, 104.571060181, 105.08190155, 105.627571106, 106.173240662, 106.718910217, 107.252967834, 107.79863739, 108.344306946, 108.889976501, 109.424034119, 109.958091736, 110.376052856, 110.794013977, 111.200363159, 111.687980652, 112.175598145, 112.663215637, 113.104400635, 113.545578003, 113.975143433, 114.416320801, 114.857505798, 115.287071228, 115.705032349, 116.122993469, 116.564170837, 117.005348206, 117.434921265, 117.852874756, 118.294059753, 118.723625183, 119.17641449, 119.629203796, 120.093605042, 120.557998657, 121.022399902, 121.486801147, 121.951202393, 122.415596008, 122.868385315, 123.321174622, 123.704307556, 124.087432861, 124.482177734, 124.86530304, 125.248435974, 125.643173218, 126.014694214, 126.397819519, 126.757728577, 127.117637634, 127.477546692, 127.83745575, 128.220581055, 128.603713989, 128.975234985, 129.416412354, 129.86920166, 130.321990967, 130.774780273, 131.22756958, 131.691970825, 132.15637207, 132.5859375, 133.01550293, 133.421859741, 133.816589355, 134.211334229, 134.606079102, 135.000808716, 135.349105835, 135.685806274, 136.022491455, 136.359176636, 136.707473755, 137.090606689, 137.473739624, 137.856872559, 138.239990234, 138.623123169, 138.994644165, 139.342941284, 139.71446228, 140.085983276, 140.457504272, 140.829025269, 141.235366821, 141.618499756, 142.013244629, 142.396362305, 142.791107178, 143.185852051, 143.580581665, 143.9637146, 144.46295166, 144.962173462, 145.449798584, 145.937408447, 146.425033569, 146.924255371, 147.423492432, 147.911102295, 148.398727417, 148.886352539, 149.350738525, 149.826751709, 150.279541016, 150.743942261, 151.208343506, 151.812057495, 152.404174805, 153.007888794, 153.611602783, 154.215332031, 154.819046021, 155.411148071, 156.003265381, 156.595367432, 157.187484741, 157.640274048, 158.093063354, 158.5574646, 159.045074463, 159.521087646, 160.00869751, 160.496322632, 160.983947754, 161.483169556, 161.970794678, 162.458404541, 162.934417725, 163.422042847, 163.886444092, 164.350830078, 164.803619385, 165.26802063, 165.720809937, 166.161987305, 166.556732178, 166.96307373, 167.369430542, 167.775772095, 168.193740845, 168.611694336, 169.018051147, 169.436004639, 169.85395813, 170.283538818, 170.689880371, 171.107849121, 171.525802612, 171.932144165, 172.350112915, 172.744842529, 173.139587402, 173.545944214, 173.987121582, 174.42829895, 174.869476318, 175.380310059, 175.891159058, 176.401992798, 176.912826538, 177.435287476, 177.957733154, 178.480178833, 179.002624512, 179.536682129, 180.024307251, 180.500320435, 180.976318359, 181.394287109, 181.812240601, 182.230194092, 182.648162842, 183.077728271, 183.507293701, 183.93687439, 184.366439819, 184.761169434, 185.179138184, 185.597091675, 186.003448486, 186.409790039, 186.839355469, 187.222488403, 187.628845215, 188.046798706, 188.464752197, 188.871109009, 189.277450562, 189.683807373, 190.078552246, 190.461669922, 190.844802856, 191.239547729, 191.634277344, 192.029022217, 192.42376709, 192.806884766, 193.213241577, 193.631195068, 194.03755188, 194.443893433, 194.838638306, 195.22177124, 195.604888916, 195.976409912, 196.347930908, 196.719451904, 197.0909729, 197.462493896, 197.822402954, 198.205535889, 198.577041626, 198.936950684, 199.30847168, 199.691604614, 200.086349487, 200.469467163, 200.852600098, 201.224121094, 201.59564209, 201.967163086, 202.373504639, 202.768249512, 203.162994385, 203.557723999, 204.033737183, 204.498138428, 204.962539673, 205.438537598, 205.92616272, 206.42539978, 206.913009644, 207.400634766, 207.87663269, 208.29460144, 208.700942993, 209.107299805, 209.513641357, 209.931610107, 210.349563599, 210.76751709, 211.18548584, 211.603439331, 212.033004761, 212.462585449, 212.892150879, 213.333328247, 213.762893677, 214.15763855, 214.552383423, 214.947113037, 215.330245972, 215.724990845, 216.119720459, 216.502853394, 216.885986328, 217.257507324, 217.62902832, 217.988937378, 218.360443115, 218.685531616, 219.045440674, 219.405349731, 219.753646851, 220.10194397, 220.450241089, 220.798538208, 221.146850586, 221.495147705, 221.831832886, 222.180130005, 222.528427124, 222.958007812, 223.399185181, 223.840362549, 224.397644043, 224.93170166, 225.465759277, 225.999816895, 226.522262573, 227.05632019, 227.601989746, 228.136047363, 228.658493042, 229.169342041, 229.680175781, 230.214233398, 230.701858521, 231.201080322, 231.700317383, 232.187927246, 232.675552368, 233.16317749, 233.662399292, 234.161621094, 234.660858154, 235.160079956, 235.659317017, 236.158538818, 236.64616394], "beats_loudness": {"dmean2": 0.0307522881776, "median": 0.00836508534849, "min": 5.45906573279e-07, "dvar2": 0.00100950477645, "dvar": 0.000400260672905, "dmean": 0.0175543725491, "max": 0.199585229158, "var": 0.000612190342508, "mean": 0.0183572173119}, "danceability": 1.0941722393, "bpm_histogram_second_peak_weight": {"dmean2": 0, "median": 0.0643863156438, "min": 0.0643863156438, "dvar2": 0, "dvar": 0, "dmean": 0, "max": 0.0643863156438, "var": 0, "mean": 0.0643863156438}, "beats_count": 498, "bpm_histogram_second_peak_bpm": {"dmean2": 0, "median": 123, "min": 123, "dvar2": 0, "dvar": 0, "dmean": 0, "max": 123, "var": 0, "mean": 123}, "bpm_histogram_first_peak_spread": {"dmean2": 0, "median": 0.619565188885, "min": 0.619565188885, "dvar2": 0, "dvar": 0, "dmean": 0, "max": 0.619565188885, "var": 0, "mean": 0.619565188885}, "beats_loudness_band_ratio": {"dmean2": [0.258841067553, 0.329370260239, 0.427912831306, 0.33716610074, 0.191171050072, 0.183244422078], "median": [0.0118491631001, 0.0975141301751, 0.303642332554, 0.142304942012, 0.0850500613451, 0.017605330795], "min": [8.33821559354e-07, 0.000342798302881, 0.000351946713636, 0.000113455440442, 7.24612909835e-05, 6.75755654811e-05], "dvar2": [0.110170774162, 0.109703496099, 0.0999799445271, 0.091219983995, 0.0287043619901, 0.129247486591], "dvar": [0.0399602130055, 0.0390186049044, 0.0346143096685, 0.034388281405, 0.0106494184583, 0.0432168580592], "dmean": [0.143718495965, 0.185851112008, 0.245748251677, 0.198599085212, 0.108605310321, 0.0958406105638], "max": [0.946324706078, 0.978699862957, 0.953360557556, 0.890346288681, 0.528303086758, 0.991138160229], "var": [0.041056394577, 0.0430524013937, 0.0497304946184, 0.0574296675622, 0.0141597418115, 0.0255176499486], "mean": [0.125140547752, 0.18124909699, 0.324960410595, 0.24011656642, 0.121149927378, 0.0636575520039]}}, "lowlevel": {"barkbands_spread": {"dmean2": 8.74420928955, "median": 10.1050415039, "min": 0.141928002238, "dvar2": 192.407180786, "dvar": 82.270980835, "dmean": 5.5658197403, "max": 95.9505767822, "var": 164.778106689, "mean": 13.8902111053}, "melbands_spread": {"dmean2": 15.7851343155, "median": 15.1849431992, "min": 0.23183734715, "dvar2": 1031.81433105, "dvar": 445.341186523, "dmean": 9.90101528168, "max": 239.884811401, "var": 682.091247559, "mean": 21.3035964966}, "hfc": {"dmean2": 6.89605903625, "median": 4.72589349747, "min": 1.16504101174e-16, "dvar2": 171.794937134, "dvar": 94.508026123, "dmean": 5.11601114273, "max": 243.621002197, "var": 409.70111084, "mean": 11.7839775085}, "barkbands_kurtosis": {"dmean2": 9.36646842957, "median": 1.6699795723, "min": -1.95192050934, "dvar2": 889.963012695, "dvar": 368.981170654, "dmean": 6.00341653824, "max": 740.096130371, "var": 467.437652588, "mean": 6.95431661606}, "gfcc": {"mean": [-150.580062866, 67.4072036743, -158.230697632, -14.3382043839, -82.1834640503, -16.469751358, -53.1084938049, -8.43138122559, -26.6215229034, -10.1723861694, -18.3556747437, -13.4202528, -15.8871335983], "icov": [[0.000289677438559, -0.000501621281728, 0.000617370358668, -0.000627404486295, 0.000793872401118, -0.00064564839704, 0.000631247705314, -0.000486501783598, 0.000596024096012, -0.000211846563616, 0.000346197310137, -0.000171070583747, 0.000118637217383], [-0.000501621281728, 0.00180945685133, -0.00147620192729, 0.00139450782444, -0.00182020105422, 0.00171751622111, -0.00173084181733, 0.00176871137228, -0.00196628272533, 0.00207464164123, -0.00139167602174, 0.00188137136865, -0.000414357433328], [0.000617370358668, -0.00147620192729, 0.00218845601194, -0.00207996857353, 0.00157387566287, -0.00171359349042, 0.00144858949352, -0.00122175947763, 0.00167426571716, -0.00144862791058, 0.00139692297671, -0.00129445886705, 0.000527581607457], [-0.000627404486295, 0.00139450782444, -0.00207996857353, 0.00288621266373, -0.00171356031206, 0.00138923211489, -0.00125236425083, 0.00143037131056, -0.0020528268069, 0.00122859957628, -0.000199858477572, 0.00070302397944, -0.000416575523559], [0.000793872401118, -0.00182020105422, 0.00157387566287, -0.00171356031206, 0.00477510550991, -0.00261120195501, 0.00287341349758, -0.00227280217223, 0.00186611898243, -0.00125006271992, 0.00138436234556, -0.00110289012082, 0.00141263310798], [-0.00064564839704, 0.00171751622111, -0.00171359349042, 0.00138923211489, -0.00261120195501, 0.00631429208443, -0.00297760311514, 0.00152134138625, -0.000878498191014, -0.000503609597217, -0.000429832085501, 0.00165413075592, 4.95288404636e-05], [0.000631247705314, -0.00173084181733, 0.00144858949352, -0.00125236425083, 0.00287341349758, -0.00297760311514, 0.00616890192032, -0.00295245763846, 0.00410693790764, -0.00118117535021, 0.0019296866376, -0.00236938195303, 0.000900972518139], [-0.000486501783598, 0.00176871137228, -0.00122175947763, 0.00143037131056, -0.00227280217223, 0.00152134138625, -0.00295245763846, 0.00867942627519, -0.00326550099999, 0.00210929429159, -0.00110911193769, 0.00226807128638, 0.000604564556852], [0.000596024096012, -0.00196628272533, 0.00167426571716, -0.0020528268069, 0.00186611898243, -0.000878498191014, 0.00410693790764, -0.00326550099999, 0.0103408405557, -0.00345953088254, 0.00274399272166, -0.00200165621936, 0.000740607501939], [-0.000211846563616, 0.00207464164123, -0.00144862791058, 0.00122859957628, -0.00125006271992, -0.000503609597217, -0.00118117535021, 0.00210929429159, -0.00345953088254, 0.0118070747703, -0.00461134314537, 0.00347898202017, -0.00104132678825], [0.000346197310137, -0.00139167602174, 0.00139692297671, -0.000199858477572, 0.00138436234556, -0.000429832085501, 0.0019296866376, -0.00110911193769, 0.00274399272166, -0.00461134314537, 0.0125703299418, -0.00431756861508, 0.00173488503788], [-0.000171070583747, 0.00188137136865, -0.00129445886705, 0.00070302397944, -0.00110289012082, 0.00165413075592, -0.00236938195303, 0.00226807128638, -0.00200165621936, 0.00347898202017, -0.00431756861508, 0.0118981506675, -0.00293419556692], [0.000118637217383, -0.000414357433328, 0.000527581607457, -0.000416575523559, 0.00141263310798, 4.95288404636e-05, 0.000900972518139, 0.000604564556852, 0.000740607501939, -0.00104132678825, 0.00173488503788, -0.00293419556692, 0.00888305716217]], "cov": [[14364.2900391, 1178.06311035, -2602.42016602, 194.291046143, -1146.3861084, -109.178138733, -161.320632935, -44.3614578247, -67.5449295044, -374.077545166, -65.9988327026, -288.28503418, 108.523895264], [1178.06311035, 2493.43408203, 727.675415039, 103.844062805, 280.64654541, -211.974945068, -24.6741447449, -108.294044495, 118.791557312, -237.275985718, -44.3049468994, -174.082443237, -57.9165916443], [-2602.42016602, 727.675415039, 2976.30029297, 1398.1973877, 379.334381104, 184.829437256, -43.2642707825, -50.7938423157, 104.223731995, 46.3252296448, -179.222625732, 24.3314094543, -56.2280349731], [194.291046143, 103.844062805, 1398.1973877, 1445.33984375, 153.562957764, 79.4169006348, -105.38343811, -36.526802063, 118.831108093, -5.18309688568, -152.256912231, 7.80034065247, -2.90342545509], [-1146.3861084, 280.64654541, 379.334381104, 153.562957764, 555.010314941, 67.2119903564, -99.8271484375, 34.9221572876, 55.3999786377, 16.3839378357, -25.5553245544, -37.0146827698, -77.7474060059], [-109.178138733, -211.974945068, 184.829437256, 79.4169006348, 67.2119903564, 305.982116699, 94.5108337402, 19.13048172, -41.7651596069, 56.9321136475, -19.5121650696, -11.6365756989, -28.8419246674], [-161.320632935, -24.6741447449, -43.2642707825, -105.38343811, -99.8271484375, 94.5108337402, 354.037719727, 40.4726829529, -109.026351929, -12.5170574188, -2.48672175407, 25.9376964569, -8.00812721252], [-44.3614578247, -108.294044495, -50.7938423157, -36.526802063, 34.9221572876, 19.13048172, 40.4726829529, 164.406478882, 14.2745943069, -0.79820984602, -5.50111913681, -16.2683868408, -29.6925354004], [-67.5449295044, 118.791557312, 104.223731995, 118.831108093, 55.3999786377, -41.7651596069, -109.026351929, 14.2745943069, 172.380874634, 14.9743318558, -20.0235767365, -12.9667100906, -5.65368127823], [-374.077545166, -237.275985718, 46.3252296448, -5.18309688568, 16.3839378357, 56.9321136475, -12.5170574188, -0.79820984602, 14.9743318558, 145.405334473, 30.911359787, -0.275839924812, -0.996715068817], [-65.9988327026, -44.3049468994, -179.222625732, -152.256912231, -25.5553245544, -19.5121650696, -2.48672175407, -5.50111913681, -20.0235767365, 30.911359787, 121.495498657, 27.5892982483, -2.20386266708], [-288.28503418, -174.082443237, 24.3314094543, 7.80034065247, -37.0146827698, -11.6365756989, 25.9376964569, -16.2683868408, -12.9667100906, -0.275839924812, 27.5892982483, 133.560379028, 38.8555717468], [108.523895264, -57.9165916443, -56.2280349731, -2.90342545509, -77.7474060059, -28.8419246674, -8.00812721252, -29.6925354004, -5.65368127823, -0.996715068817, -2.20386266708, 38.8555717468, 140.603393555]]}, "spectral_energyband_middle_low": {"dmean2": 0.00581998704001, "median": 0.00157304445747, "min": 2.7633456722e-22, "dvar2": 0.00011991737847, "dvar": 6.07219444646e-05, "dmean": 0.00413372321054, "max": 0.134733065963, "var": 0.000204612195375, "mean": 0.00859732273966}, "melbands_crest": {"dmean2": 6.89964532852, "median": 12.6403856277, "min": 1.58341646194, "dvar2": 34.4297561646, "dvar": 13.9848575592, "dmean": 4.28300952911, "max": 34.0612564087, "var": 36.9644088745, "mean": 13.8202419281}, "spectral_kurtosis": {"dmean2": 5.11811256409, "median": 7.25620651245, "min": -1.26137721539, "dvar2": 36.1311912537, "dvar": 15.7512731552, "dmean": 3.21621894836, "max": 75.9590988159, "var": 39.1213989258, "mean": 8.27175331116}, "spectral_rms": {"dmean2": 0.000894536555279, "median": 0.00227387063205, "min": 3.22838088727e-12, "dvar2": 1.04988021121e-06, "dvar": 6.66564574203e-07, "dmean": 0.000673490052577, "max": 0.014459987171, "var": 5.18413253303e-06, "mean": 0.00273296865635}, "zerocrossingrate": {"dmean2": 0.0147628076375, "median": 0.05615234375, "min": 0.005859375, "dvar2": 0.000463212985778, "dvar": 0.00047215030645, "dmean": 0.0133765470237, "max": 0.521484375, "var": 0.00283500901423, "mean": 0.0656478777528}, "silence_rate_60dB": {"dmean2": 0.194816619158, "median": 0, "min": 0, "dvar2": 0.178971633315, "dvar": 0.0879049524665, "dmean": 0.0973987877369, "max": 1, "var": 0.236932501197, "mean": 0.385743618011}, "erbbands_kurtosis": {"dmean2": 3.67901968956, "median": 0.520540475845, "min": -1.84001004696, "dvar2": 42.5520820618, "dvar": 17.5827770233, "dmean": 2.31557703018, "max": 117.030830383, "var": 27.214963913, "mean": 2.20681357384}, "erbbands": {"dmean2": [0.000146640784806, 0.00747239170596, 0.178924560547, 1.34677100182, 2.62952589989, 3.26310515404, 9.68341350555, 14.8935556412, 16.0538349152, 23.7036266327, 46.472038269, 46.4686393738, 44.8497695923, 23.4662094116, 30.8891773224, 20.6265850067, 24.5397090912, 29.4779224396, 24.1227855682, 12.477098465, 7.60877132416, 10.0921382904, 7.55662345886, 5.76676893234, 4.45917320251, 3.35944843292, 3.26718091965, 3.72926306725, 4.00939035416, 2.50823163986, 1.72611320019, 1.07291567326, 1.04271221161, 0.428563565016, 0.080232180655, 0.0208102352917, 0.00387645955198, 0.000378464406822, 5.12598599016e-05, 1.23009840536e-05], "median": [3.68209771295e-06, 5.30915604031e-05, 0.000992177752778, 0.0109399696812, 0.0530947111547, 0.138860300183, 0.376352667809, 0.714802920818, 1.39522302151, 2.2509829998, 3.43409943581, 4.0368938446, 3.24066972733, 2.19343018532, 1.95549368858, 1.73324418068, 2.49820661545, 3.69797039032, 3.17016363144, 1.5960226059, 1.17838537693, 1.63335835934, 1.6233830452, 1.17757844925, 0.804082393646, 0.428086489439, 0.198927655816, 0.145090118051, 0.129933312535, 0.0956763774157, 0.0596989132464, 0.0351300016046, 0.0263489391655, 0.0156735666096, 0.00524396030232, 0.00138658855576, 0.000331219169311, 6.76558993291e-05, 1.89670918189e-05, 9.63560978562e-06], "min": [1.23465804199e-21, 3.28444421456e-21, 1.22197768227e-20, 4.08158734644e-20, 1.07856855553e-19, 1.54202466955e-19, 6.6523784179e-20, 2.68589189661e-19, 4.60085353026e-19, 4.77481788489e-19, 6.7304036509e-19, 1.68255960539e-18, 1.47386173005e-18, 2.4928936508e-18, 2.7878377195e-18, 4.63310685331e-18, 4.30831852169e-18, 6.60330879735e-18, 5.57473782978e-18, 4.07715793643e-18, 5.92816149984e-18, 7.81842264153e-18, 1.02636926093e-17, 6.27674202741e-18, 1.33506884692e-17, 1.35996342648e-17, 1.30979541863e-17, 1.52468478222e-17, 1.1465927665e-17, 1.91259692074e-17, 2.14757246299e-17, 1.34570126107e-17, 1.13108892027e-17, 1.20037017694e-17, 7.89587404382e-18, 4.17653748318e-18, 3.38565086757e-18, 1.14504647642e-18, 2.91270740551e-19, 3.69370652446e-20], "dvar2": [3.81384012371e-07, 0.00114003557246, 0.400706142187, 14.2288999557, 44.3475799561, 96.760925293, 1252.81286621, 2878.60253906, 2840.63427734, 4536.39257812, 23281.7539062, 27298.7792969, 33849.0976562, 6853.265625, 26585.7304688, 6874.6015625, 8807.48046875, 6323.22167969, 4518.19238281, 1516.82495117, 861.414978027, 742.903564453, 363.901916504, 465.019073486, 234.645324707, 128.09135437, 172.650543213, 282.299713135, 308.128051758, 168.144577026, 100.043731689, 42.2301025391, 47.8327941895, 9.07151985168, 0.218266353011, 0.011153569445, 0.000364337174688, 3.02103853755e-06, 9.51366203594e-08, 1.84730608588e-09], "dvar": [1.47930762751e-07, 0.000430536660133, 0.172496780753, 6.87941265106, 21.4712924957, 42.4405517578, 569.149902344, 1273.08728027, 1309.03283691, 2202.70458984, 10552.7177734, 13259.2900391, 18601.1132812, 3583.36010742, 12830.3203125, 4200.55371094, 3921.44702148, 2857.0703125, 2024.74731445, 744.286804199, 427.439666748, 369.085754395, 179.46282959, 256.627929688, 119.84727478, 57.9856796265, 82.3836975098, 132.283309937, 147.297821045, 77.1484680176, 49.5724372864, 21.0961856842, 22.7462100983, 3.95659279823, 0.100940056145, 0.0054684584029, 0.000166562851518, 1.26187660499e-06, 3.46538193696e-08, 7.11501524364e-10], "dmean": [9.24670894165e-05, 0.00464817555621, 0.119311019778, 0.937139034271, 1.83430635929, 2.1734931469, 6.4308848381, 9.90550327301, 10.7379207611, 15.8106708527, 31.1776504517, 31.7472457886, 31.666967392, 16.2062969208, 20.9178714752, 14.3737421036, 16.2435188293, 19.3041801453, 15.9008836746, 8.51584815979, 5.36730194092, 6.86700868607, 5.11353778839, 4.02388477325, 3.08905720711, 2.24023008347, 2.20078253746, 2.5808904171, 2.74531602859, 1.68605303764, 1.17001771927, 0.724229514599, 0.708818674088, 0.28893494606, 0.0554345436394, 0.014428329654, 0.0026134995278, 0.000248856958933, 3.24704451486e-05, 8.43446650833e-06], "max": [0.00735952891409, 0.438606142998, 8.68527317047, 56.2427139282, 72.4016342163, 117.997367859, 752.673339844, 971.454040527, 1171.92712402, 982.906494141, 2687.26879883, 2937.19140625, 4288.93701172, 2208.62988281, 7565.06787109, 4269.59521484, 1898.64233398, 1553.74658203, 1495.07458496, 801.147460938, 1253.16711426, 1173.13391113, 438.68939209, 733.432250977, 406.947875977, 233.604797363, 222.902984619, 360.60534668, 388.48336792, 219.414291382, 250.810333252, 182.766479492, 249.820739746, 72.2150115967, 9.99459648132, 2.98641467094, 0.385512769222, 0.0267408844084, 0.00716136116534, 0.00134322349913], "var": [1.49589013176e-07, 0.000435078167357, 0.377404868603, 19.6555080414, 53.8584747314, 76.4039001465, 1043.4465332, 2183.16601562, 2581.95166016, 4132.69482422, 17380.8320312, 21971.4609375, 34031.078125, 7942.18847656, 51896.859375, 16789.7988281, 5508.140625, 4617.95654297, 3723.80786133, 1643.95068359, 1238.3795166, 1142.28479004, 380.064178467, 614.616088867, 279.266387939, 91.9223632812, 151.143386841, 244.035476685, 251.561340332, 138.150802612, 110.919952393, 46.8834533691, 46.5737838745, 6.41342687607, 0.174914926291, 0.0116947265342, 0.000271993747447, 1.64331379437e-06, 2.86141599304e-08, 1.08939046672e-09], "mean": [0.000123113844893, 0.00583853106946, 0.189516380429, 1.71928203106, 3.30155777931, 3.40141415596, 8.85837364197, 13.5324201584, 14.7411527634, 21.3965702057, 39.5607452393, 41.1831359863, 41.9375915527, 23.3773708344, 31.3832111359, 22.1774368286, 21.0354728699, 25.8341217041, 22.1431007385, 12.6322574615, 8.71204185486, 10.6517543793, 7.88244104385, 6.2584810257, 4.71756267548, 3.01436972618, 3.00871229172, 3.56203007698, 3.64309287071, 2.24869465828, 1.57712543011, 0.983333289623, 0.928185284138, 0.368786901236, 0.0712172761559, 0.018715094775, 0.00331706926227, 0.000333987554768, 4.85382734041e-05, 1.92458828678e-05]}, "spectral_strongpeak": {"dmean2": 0.879132807255, "median": 0.519609332085, "min": 0, "dvar2": 1.64769983292, "dvar": 0.702596664429, "dmean": 0.559517681599, "max": 16.6897640228, "var": 1.9540886879, "mean": 1.02107620239}, "spectral_energy": {"dmean2": 0.00712372735143, "median": 0.00529975024983, "min": 1.06830036838e-20, "dvar2": 0.000141213007737, "dvar": 7.83393043093e-05, "dmean": 0.00520456954837, "max": 0.21431851387, "var": 0.000389190361602, "mean": 0.0129696018994}, "average_loudness": 0.10216139257, "spectral_rolloff": {"dmean2": 1022.70983887, "median": 1507.32421875, "min": 129.19921875, "dvar2": 3390465, "dvar": 1634002.75, "dmean": 610.295959473, "max": 19250.6835938, "var": 3416950.75, "mean": 1799.94152832}, "spectral_centroid": {"dmean2": 487.365875244, "median": 1200.47875977, "min": 149.211730957, "dvar2": 468780.90625, "dvar": 251801.9375, "dmean": 325.946533203, "max": 10568.5146484, "var": 753521.75, "mean": 1315.21008301}, "pitch_salience": {"dmean2": 0.150129795074, "median": 0.640597701073, "min": 0.0497074089944, "dvar2": 0.0165431816131, "dvar": 0.00717121455818, "dmean": 0.0938511490822, "max": 0.978603243828, "var": 0.0191809926182, "mean": 0.611485183239}, "spectral_energyband_middle_high": {"dmean2": 0.00270108575933, "median": 0.00096296222182, "min": 1.33910019661e-21, "dvar2": 4.4292613893e-05, "dvar": 2.40225872403e-05, "dmean": 0.0019545131363, "max": 0.207878440619, "var": 0.000108404077764, "mean": 0.00402428768575}, "spectral_contrast_coeffs": {"dmean2": [0.0954989790916, 0.0948023572564, 0.0747650489211, 0.0594844222069, 0.0494310744107, 0.0339881107211], "median": [-0.550216376781, -0.754311680794, -0.791828036308, -0.795533239841, -0.795965969563, -0.798922538757], "min": [-0.966259896755, -0.980257153511, -0.969947934151, -0.973843097687, -0.970545113087, -0.962375938892], "dvar2": [0.00606788042933, 0.0058429101482, 0.00371632631868, 0.00247121369466, 0.00180715997703, 0.000948269269429], "dvar": [0.00285321287811, 0.00286750425585, 0.00184207572602, 0.00122062454466, 0.000932633585762, 0.000534795050044], "dmean": [0.0617945566773, 0.0621898509562, 0.0493644550443, 0.0398707129061, 0.0337614454329, 0.0243364796042], "max": [-0.184662640095, -0.234307095408, -0.303470939398, -0.409193694592, -0.482668042183, -0.552471399307], "var": [0.018977412954, 0.0185050051659, 0.0108558088541, 0.00627710856497, 0.00479399226606, 0.00379824941047], "mean": [-0.530301690102, -0.712506353855, -0.767977356911, -0.783084511757, -0.78760176897, -0.788152813911]}, "melbands_skewness": {"dmean2": 1.45212721825, "median": 1.44793200493, "min": -4.05789470673, "dvar2": 3.24601078033, "dvar": 1.41110575199, "dmean": 0.953910112381, "max": 18.1987628937, "var": 3.57081389427, "mean": 1.88630199432}, "spectral_spread": {"dmean2": 882831.125, "median": 3188277, "min": 1169922.5, "dvar2": 1416807055360.0, "dvar": 753612816384, "dmean": 608009.0625, "max": 40314448, "var": 2998537289730.0, "mean": 3689052.25}, "dissonance": {"dmean2": 0.0503444820642, "median": 0.464914321899, "min": 0.106700927019, "dvar2": 0.00285149249248, "dvar": 0.00117312301882, "dmean": 0.0310250520706, "max": 0.500000059605, "var": 0.00392191531137, "mean": 0.441579788923}, "spectral_skewness": {"dmean2": 0.580386519432, "median": 1.97187173367, "min": -0.233495697379, "dvar2": 0.329958230257, "dvar": 0.166245192289, "dmean": 0.387546867132, "max": 6.9753575325, "var": 0.615749239922, "mean": 2.00098538399}, "spectral_flux": {"dmean2": 0.030807711184, "median": 0.0504662282765, "min": 6.86020823482e-11, "dvar2": 0.0013787667267, "dvar": 0.000620202568825, "dmean": 0.0200963634998, "max": 0.441626518965, "var": 0.00266469502822, "mean": 0.060715470463}, "spectral_contrast_valleys": {"dmean2": [1.09020042419, 0.769873440266, 0.676981389523, 0.589400291443, 0.524591803551, 0.490712255239], "median": [-11.2490415573, -7.63110160828, -8.05997180939, -8.35025215149, -8.60830211639, -11.4479627609], "min": [-27.478263855, -27.6703205109, -27.2655124664, -27.5379943848, -27.4163780212, -27.2695274353], "dvar2": [0.740891754627, 0.460473805666, 0.360806882381, 0.303987383842, 0.283823549747, 0.327487260103], "dvar": [0.309680044651, 0.207828804851, 0.174956023693, 0.159393489361, 0.156899452209, 0.199063554406], "dmean": [0.67989218235, 0.498012125492, 0.458343535662, 0.413579702377, 0.379466116428, 0.367723375559], "max": [-6.8135933876, -4.61956214905, -4.88309526443, -5.74488830566, -5.68491792679, -7.19745922089], "var": [1.84741294384, 1.48269855976, 2.07364630699, 1.88009107113, 1.62813222408, 1.40398728848], "mean": [-11.1124649048, -7.86197137833, -8.31059455872, -8.61188602448, -8.86222171783, -11.4924592972]}, "erbbands_flatness_db": {"dmean2": 0.0407345555723, "median": 0.248255684972, "min": 0.0424868986011, "dvar2": 0.00144884374458, "dvar": 0.000752153922804, "dmean": 0.0288207810372, "max": 0.439532548189, "var": 0.00464728754014, "mean": 0.239895775914}, "spectral_energyband_high": {"dmean2": 0.000321843865095, "median": 2.34088729485e-05, "min": 7.74372239025e-21, "dvar2": 1.99325882022e-06, "dvar": 1.03138222585e-06, "dmean": 0.000227707001613, "max": 0.0300057176501, "var": 2.35903485191e-06, "mean": 0.000340767961461}, "spectral_entropy": {"dmean2": 0.351244032383, "median": 7.36421489716, "min": 4.20343589783, "dvar2": 0.143073126674, "dvar": 0.0848612859845, "dmean": 0.250592559576, "max": 9.80562877655, "var": 0.435123324394, "mean": 7.23786592484}, "silence_rate_20dB": {"dmean2": 0, "median": 1, "min": 1, "dvar2": 0, "dvar": 0, "dmean": 0, "max": 1, "var": 0, "mean": 1}, "melbands_flatness_db": {"dmean2": 0.0502812564373, "median": 0.213601201773, "min": 0.00311539974064, "dvar2": 0.00267282756977, "dvar": 0.00145693100058, "dmean": 0.0354982204735, "max": 0.591671228409, "var": 0.00763869285583, "mean": 0.229672417045}, "barkbands": {"dmean2": [2.68034661133e-08, 1.67115431395e-05, 0.000248027296038, 0.000662484089844, 0.00108758406714, 0.00173908448778, 0.00111788907088, 0.00204796739854, 0.0020784153603, 0.00124438188504, 0.000699038908351, 0.000650477944873, 0.000586524954997, 0.000643804552965, 0.000388320651837, 0.000160337367561, 0.00018933886895, 0.000136335293064, 0.000105991362943, 7.16256254236e-05, 8.62862652866e-05, 0.000103889593447, 6.45072796033e-05, 5.50173390366e-05, 2.37590229517e-05, 2.86942417915e-06, 3.1176600146e-07], "median": [1.06961339785e-09, 3.61207952437e-08, 6.29791600204e-07, 3.65282448911e-06, 3.64467741747e-05, 6.46846019663e-05, 8.78853388713e-05, 0.00010287873738, 0.000149153958773, 6.26582332188e-05, 3.63670369552e-05, 3.44581385434e-05, 4.79330738017e-05, 6.58757417114e-05, 3.69968038285e-05, 1.78669542947e-05, 2.58009513345e-05, 2.61513669102e-05, 1.83567008207e-05, 8.58999737829e-06, 3.63978642781e-06, 3.49958054358e-06, 2.29719353229e-06, 1.62576441198e-06, 1.08393180653e-06, 2.19127855416e-07, 7.42698986755e-08], "min": [9.8057366894e-24, 2.39116709246e-23, 1.25308969184e-23, 2.15997531142e-23, 4.1246712612e-23, 2.74568339207e-23, 3.40387011943e-23, 2.5037433812e-23, 7.48106583809e-23, 3.70499189536e-23, 9.84163554039e-23, 9.29308059956e-23, 7.80484275258e-23, 1.08770539749e-22, 7.23963022488e-23, 8.75367392088e-23, 1.37534907465e-22, 1.8622635603e-22, 1.80840127365e-22, 2.68241889318e-22, 3.34461499031e-22, 3.01491379353e-22, 7.03640249008e-22, 6.33439655892e-22, 1.10000511478e-21, 1.71372314706e-21, 2.20459264051e-21], "dvar2": [5.97982052059e-15, 7.57626938963e-09, 7.64542619436e-07, 3.25490327668e-06, 7.62336048865e-06, 3.09807037411e-05, 1.23217123473e-05, 4.30975669587e-05, 4.59178118035e-05, 3.13244090648e-05, 1.21882667372e-05, 9.54063671088e-06, 4.6702102