{"metadata": {"tags": {"album": ["Fitzpleasure (Remixes)"], "albumartist": ["Alt-J"], "tracknumber": ["1"], "musicbrainz_recordingid": ["0a68a845-3b39-49bb-b196-0195da9336e3"], "artist": ["Alt-J"], "date": ["2013"], "discnumber": ["1"], "title": ["Fitzpleasure (Dave Sitek Remix)"], "file_name": "2086899.mp3"}, "audio_properties": {"sample_rate": 44100, "downmix": "mix", "lossless": false, "analysis_sample_rate": 44100, "md5_encoded": "615250ed5d68f2a61fca03203d1f65d9", "equal_loudness": 0, "replay_gain": -11.482793808, "codec": "mp3", "bit_rate": 320000, "length": 198.217147827}, "version": {"extractor": "music 1.0", "essentia_build_sha": "70f2e5ece6736b2c40cc944ad0e695b16b925413", "essentia_git_sha": "v2.1_beta2", "essentia": "2.1-beta2"}}, "rhythm": {"beats_loudness_band_ratio": {"dvar2": [0.0951678529382, 0.0375065617263, 0.0438655465841, 0.041273906827, 0.0274714007974, 0.0580277591944], "var": [0.129068523645, 0.0282100010663, 0.0325780771673, 0.029598146677, 0.0114208189771, 0.0250544473529], "min": [0, 0, 0, 0, 0, 0], "dmean": [0.169394850731, 0.109240010381, 0.0908446535468, 0.076209411025, 0.0728599354625, 0.105889774859], "mean": [0.431995034218, 0.141380503774, 0.136583179235, 0.104330450296, 0.0791359171271, 0.124118387699], "max": [0.985966980457, 0.901046037674, 0.87130355835, 0.932200372219, 0.835502445698, 0.95789462328], "dmean2": [0.314654290676, 0.195844531059, 0.15707744658, 0.135099157691, 0.130199313164, 0.192731946707], "median": [0.4658446908, 0.0759225189686, 0.0579554028809, 0.0246588774025, 0.0440976172686, 0.0694612264633], "dvar": [0.0383226536214, 0.0154755273834, 0.0165633428842, 0.014760332182, 0.00989943183959, 0.0204275250435]}, "bpm_histogram_first_peak_weight": {"dvar2": 0, "var": 0, "min": 0.757961809635, "dmean": 0, "mean": 0.757961809635, "max": 0.757961809635, "dmean2": 0, "median": 0.757961809635, "dvar": 0}, "bpm": 143.675109863, "beats_count": 472, "bpm_histogram_first_peak_spread": {"dvar2": 0, "var": 0, "min": 0.217105269432, "dmean": 0, "mean": 0.217105269432, "max": 0.217105269432, "dmean2": 0, "median": 0.217105269432, "dvar": 0}, "danceability": 0.825227618217, "bpm_histogram_first_peak_bpm": {"dvar2": 0, "var": 0, "min": 144, "dmean": 0, "mean": 144, "max": 144, "dmean2": 0, "median": 144, "dvar": 0}, "beats_position": [0.441179126501, 0.882358253002, 1.31192743778, 1.74149656296, 2.15945577621, 2.57741498947, 2.99537420273, 3.41333317757, 3.83129239082, 4.2492518425, 4.66721057892, 5.08516979218, 5.50312900543, 5.92108821869, 6.32743740082, 6.73378658295, 7.1517457962, 7.56970500946, 7.98766422272, 8.39401340485, 8.80036258698, 9.21832180023, 9.63628101349, 10.0426301956, 10.4605894089, 10.8785486221, 11.3081178665, 11.7376871109, 12.144036293, 12.5503854752, 12.9683446884, 13.3979139328, 13.8158731461, 14.2338323593, 14.6517915726, 15.0697498322, 15.4760990143, 15.8940582275, 16.3004074097, 16.7183666229, 17.1363258362, 17.5542850494, 17.9722442627, 18.390203476, 18.8081626892, 19.2261219025, 19.6440811157, 20.062040329, 20.4799995422, 20.8979587555, 21.3159179688, 21.733877182, 22.1518363953, 22.5697956085, 22.9761447906, 23.3941040039, 23.800453186, 24.2184123993, 24.6363716125, 25.0543308258, 25.4722900391, 25.8902492523, 26.3082084656, 26.7261676788, 27.1441268921, 27.5620861053, 27.9800453186, 28.3980045319, 28.8275737762, 29.2571430206, 29.6634922028, 30.0698413849, 30.4878005981, 30.9057598114, 31.3121089935, 31.7300682068, 32.1364173889, 32.5543746948, 32.9723358154, 33.3902931213, 33.8082542419, 34.2262115479, 34.6441726685, 35.0621299744, 35.480091095, 35.8980484009, 36.3160095215, 36.7339668274, 37.1635360718, 37.5931053162, 38.0226745605, 38.4522438049, 38.8818130493, 39.3113822937, 39.7409515381, 40.1705207825, 40.5884780884, 41.0180473328, 41.4360084534, 41.8655776978, 42.2951469421, 42.7247161865, 43.1658935547, 43.5954627991, 44.0250320435, 44.4546012878, 44.919002533, 45.3833999634, 45.8478012085, 46.2773704529, 46.7069396973, 47.1365089417, 47.5544662476, 47.9724235535, 48.3903846741, 48.80834198, 49.2263031006, 49.6442604065, 50.0622215271, 50.480178833, 50.8981399536, 51.3160972595, 51.7340583801, 52.152015686, 52.5699768066, 52.9763259888, 53.3942832947, 53.8006324768, 54.2185935974, 54.6365509033, 55.0545120239, 55.4724693298, 55.8904304504, 56.3083877563, 56.726348877, 57.1443061829, 57.5622673035, 57.9802246094, 58.39818573, 58.8161430359, 59.2341041565, 59.6520614624, 60.070022583, 60.4879798889, 60.894329071, 61.3006782532, 61.7186393738, 62.1365966797, 62.5545578003, 62.9725151062, 63.3788642883, 63.7968254089, 64.2263946533, 64.6443557739, 65.0623092651, 65.4802703857, 65.8982315063, 66.316192627, 66.7341461182, 67.1521072388, 67.5700683594, 67.98802948, 68.4059829712, 68.8239440918, 69.2419052124, 69.6482543945, 70.0546035767, 70.4725646973, 70.8905181885, 71.3084793091, 71.7264404297, 72.1444015503, 72.5623550415, 72.9803161621, 73.3982772827, 73.8162307739, 74.2341918945, 74.6521530151, 75.0701141357, 75.488067627, 75.9060287476, 76.3123779297, 76.7187271118, 77.1366882324, 77.554649353, 77.9726028442, 78.3905639648, 78.8085250854, 79.2264862061, 79.6444396973, 80.0624008179, 80.4803619385, 80.8983230591, 81.3162765503, 81.7342376709, 82.1521987915, 82.5701599121, 82.9881134033, 83.4060745239, 83.8240356445, 84.2419967651, 84.6483459473, 85.0546951294, 85.4726486206, 85.8906097412, 86.3085708618, 86.7265319824, 87.1444854736, 87.5624465942, 87.9804077148, 88.3983688354, 88.8163223267, 89.2342834473, 89.6522445679, 90.0702056885, 90.4765548706, 90.8945083618, 91.3008575439, 91.7188186646, 92.1367797852, 92.5547409058, 92.972694397, 93.3906555176, 93.7970046997, 94.2033538818, 94.6213150024, 95.039276123, 95.4572296143, 95.8751907349, 96.2931518555, 96.7111129761, 97.1290664673, 97.5470275879, 97.9649887085, 98.3829498291, 98.8009033203, 99.2188644409, 99.6368255615, 100.054779053, 100.472740173, 100.890701294, 101.308662415, 101.726615906, 102.144577026, 102.562538147, 102.980499268, 103.398452759, 103.816413879, 104.234375, 104.652336121, 105.070289612, 105.488250732, 105.906211853, 106.324172974, 106.730522156, 107.136871338, 107.554824829, 107.97278595, 108.39074707, 108.808708191, 109.226661682, 109.644622803, 110.062583923, 110.480545044, 110.898498535, 111.316459656, 111.734420776, 112.152381897, 112.570335388, 112.988296509, 113.406257629, 113.82421875, 114.242172241, 114.660133362, 115.078094482, 115.496055603, 115.914009094, 116.331970215, 116.738319397, 117.156280518, 117.574241638, 117.992195129, 118.41015625, 118.816505432, 119.234466553, 119.652427673, 120.070381165, 120.488342285, 120.906303406, 121.324264526, 121.742218018, 122.160179138, 122.578140259, 122.99609375, 123.414054871, 123.832015991, 124.249977112, 124.667930603, 125.085891724, 125.503852844, 125.910202026, 126.316551208, 126.734512329, 127.15246582, 127.570426941, 127.988388062, 128.406341553, 128.824310303, 129.242263794, 129.660217285, 130.078186035, 130.496139526, 130.914108276, 131.332061768, 131.750015259, 132.167984009, 132.5859375, 133.027114868, 133.468292236, 133.94430542, 134.420318604, 134.896316528, 135.349105835, 135.801895142, 136.243087769, 136.672653198, 137.102218628, 137.531784058, 137.961364746, 138.390930176, 138.808883667, 139.226852417, 139.644805908, 140.062759399, 140.480728149, 140.898681641, 141.316635132, 141.734603882, 142.152557373, 142.570526123, 142.976867676, 143.383224487, 143.801177979, 144.21913147, 144.63710022, 145.055053711, 145.473007202, 145.890975952, 146.308929443, 146.726898193, 147.144851685, 147.562805176, 147.980773926, 148.398727417, 148.816680908, 149.234649658, 149.652603149, 150.070556641, 150.488525391, 150.906478882, 151.301223755, 151.730789185, 152.160354614, 152.589935303, 153.019500732, 153.425842285, 153.832199097, 154.238540649, 154.656509399, 155.062850952, 155.480819702, 155.898773193, 156.316726685, 156.734695435, 157.141036987, 157.559005737, 157.96534729, 158.383300781, 158.801269531, 159.219223022, 159.637191772, 160.055145264, 160.473098755, 160.891067505, 161.309020996, 161.726974487, 162.144943237, 162.562896729, 162.980865479, 163.387207031, 163.816772461, 164.234741211, 164.652694702, 165.070648193, 165.477005005, 165.894958496, 166.301315308, 166.719268799, 167.137237549, 167.55519104, 167.973144531, 168.391113281, 168.809066772, 169.227020264, 169.644989014, 170.062942505, 170.480911255, 170.898864746, 171.316818237, 171.734786987, 172.152740479, 172.57069397, 172.977050781, 173.383392334, 173.801361084, 174.219314575, 174.637283325, 175.055236816, 175.473190308, 175.891159058, 176.309112549, 176.72706604, 177.14503479, 177.562988281, 177.969345093, 178.387298584, 178.816864014, 179.234832764, 179.641174316, 180.047531128, 180.465484619, 180.88343811, 181.30140686, 181.719360352, 182.137313843, 182.555282593, 182.973236084, 183.391204834, 183.809158325, 184.227111816, 184.645080566, 185.063034058, 185.480987549, 185.898956299, 186.31690979, 186.73487854, 187.152832031, 187.559173584, 187.965530396, 188.383483887, 188.801452637, 189.219406128, 189.637359619, 190.055328369, 190.47328186, 190.89125061, 191.309204102, 191.727157593, 192.145126343, 192.563079834, 192.981033325, 193.399002075, 193.805343628, 194.223312378, 194.664489746, 195.094055176, 195.523620605, 195.953201294, 196.382766724, 196.812332153, 197.241897583, 197.671463013], "beats_loudness": {"dvar2": 0.00176056381315, "var": 0.00330492551439, "min": 0, "dmean": 0.0244300682098, "mean": 0.0657284408808, "max": 0.199503928423, "dmean2": 0.04174086079, "median": 0.0444684773684, "dvar": 0.000690633896738}, "bpm_histogram_second_peak_weight": {"dvar2": 0, "var": 0, "min": 0.012738853693, "dmean": 0, "mean": 0.012738853693, "max": 0.012738853693, "dmean2": 0, "median": 0.012738853693, "dvar": 0}, "bpm_histogram_second_peak_spread": {"dvar2": 0, "var": 0, "min": 0.25, "dmean": 0, "mean": 0.25, "max": 0.25, "dmean2": 0, "median": 0.25, "dvar": 0}, "bpm_histogram_second_peak_bpm": {"dvar2": 0, "var": 0, "min": 136, "dmean": 0, "mean": 136, "max": 136, "dmean2": 0, "median": 136, "dvar": 0}, "onset_rate": 3.78350758553}, "lowlevel": {"spectral_energyband_high": {"dvar2": 1.17074678201e-05, "var": 1.1875016753e-05, "min": 7.26761370865e-21, "dmean": 0.00110240653157, "mean": 0.00242070341483, "max": 0.0437313988805, "dmean2": 0.00165098323487, "median": 0.00107407628093, "dvar": 5.51165885554e-06}, "spectral_energyband_middle_low": {"dvar2": 0.000123425299535, "var": 0.000121271034004, "min": 1.92224955328e-22, "dmean": 0.00401304615662, "mean": 0.00955526530743, "max": 0.0869955718517, "dmean2": 0.00637915031984, "median": 0.00585776893422, "dvar": 5.14405801368e-05}, "spectral_energy": {"dvar2": 0.00127246789634, "var": 0.00326747167856, "min": 1.01892277491e-20, "dmean": 0.0126040568575, "mean": 0.0602839700878, "max": 0.295947015285, "dmean2": 0.0210027396679, "median": 0.034551076591, "dvar": 0.000434884714196}, "spectral_spread": {"dvar2": 1133074710530.0, "var": 11021764788200.0, "min": 500529.875, "dmean": 576558.4375, "mean": 6171215.5, "max": 42006812, "dmean2": 844649.6875, "median": 5632215.5, "dvar": 649185787904}, "spectral_energyband_low": {"dvar2": 0.00114819745068, "var": 0.00267349486239, "min": 1.86341299375e-23, "dmean": 0.00967322662473, "mean": 0.0440308228135, "max": 0.260241746902, "dmean2": 0.0167551506311, "median": 0.00292309210636, "dvar": 0.000372018810594}, "spectral_rolloff": {"dvar2": 2436549.75, "var": 8538757, "min": 43.06640625, "dmean": 509.256072998, "mean": 1954.05383301, "max": 19379.8828125, "dmean2": 855.004699707, "median": 947.4609375, "dvar": 1115485.75}, "barkbands": {"dvar2": [8.90690535016e-06, 0.000916521763429, 6.61928715999e-05, 2.64860154857e-05, 5.30205979885e-05, 9.20870661503e-06, 3.01740078612e-06, 2.80815606857e-06, 5.3223670875e-06, 2.0978543489e-06, 2.16356238525e-06, 1.0338701486e-06, 3.7299696487e-07, 1.14834517717e-06, 3.85089720112e-07, 3.1612097473e-07, 6.76588683746e-07, 1.21883772408e-06, 9.65612343862e-07, 9.54778897722e-07, 1.45928220263e-06, 1.6369971263e-06, 2.94478297747e-07, 6.9292337912e-07, 3.05571973058e-07, 1.6271110681e-08, 1.21316623414e-09], "var": [0.000115399845527, 0.00176032644231, 1.32588565975e-05, 8.0276886365e-06, 4.07997467846e-05, 1.43716160892e-05, 4.43558656116e-06, 1.15696129797e-05, 5.74015621169e-06, 2.22891344492e-06, 1.92143215827e-05, 2.38639859163e-06, 6.34109653674e-07, 1.18814989492e-06, 3.69117600485e-07, 2.48720652962e-07, 3.77392865403e-07, 6.22391723937e-07, 5.17397779731e-07, 6.18189687884e-07, 9.86015493254e-07, 7.90971284914e-07, 2.62580471144e-07, 6.52522260225e-07, 4.9903786703e-07, 1.31514141799e-08, 8.69417093874e-10], "min": [1.79142975169e-24, 2.93842009725e-24, 2.25626702617e-24, 1.56486140553e-24, 7.95403244252e-24, 1.29400025504e-23, 1.66609095568e-23, 5.2645942019e-24, 2.50649271923e-23, 1.90078385919e-23, 2.04134940616e-23, 1.99467503076e-23, 2.74621161334e-23, 4.59777228753e-23, 5.63418026916e-23, 6.47827405953e-23, 9.87413660968e-23, 1.09365025327e-22, 1.68836251852e-22, 1.78473595137e-22, 2.47688616992e-22, 3.53087148714e-22, 4.03368006853e-22, 6.33356958026e-22, 9.27653168616e-22, 1.36157412436e-21, 1.8911410696e-21], "dmean": [0.00085238320753, 0.0085664531216, 0.00122580758762, 0.00108340429142, 0.00204855529591, 0.000787420023698, 0.000574089586735, 0.000423654739279, 0.000581227184739, 0.000265426118858, 0.000370632857084, 0.000247154617682, 0.000184770586202, 0.000304606393911, 0.000200687922188, 0.00015139739844, 0.000205006333999, 0.000261174049228, 0.000202589624678, 0.000211441307329, 0.000282448163489, 0.000344694417436, 0.000168704253156, 0.000191609637113, 0.000149589162902, 3.20763028867e-05, 8.70888197824e-06], "mean": [0.00815463997424, 0.0347412899137, 0.000970038119704, 0.00103628518991, 0.00365044479258, 0.001707902411, 0.00105467811227, 0.000968439970165, 0.00105242850259, 0.000489945407026, 0.00105006038211, 0.000527286843862, 0.000351723341737, 0.000475280307001, 0.000320609658957, 0.000246247829637, 0.000305169494823, 0.000339069840265, 0.000275348313153, 0.000325134024024, 0.000418347655796, 0.000497743545566, 0.000323444692185, 0.000461165589513, 0.000462638708996, 6.4121260948e-05, 1.34031188281e-05], "max": [0.0393476113677, 0.227290540934, 0.0629836916924, 0.037049446255, 0.0715543925762, 0.0541019961238, 0.0319042019546, 0.0481511950493, 0.0381403826177, 0.0294110123068, 0.066730722785, 0.0257248077542, 0.0134596973658, 0.0198924802244, 0.0108262430876, 0.00820106081665, 0.00966086331755, 0.0123489182442, 0.0132443252951, 0.0127342995256, 0.0138490982354, 0.0117488875985, 0.0124877961352, 0.0293633416295, 0.00936752930284, 0.00138647633139, 0.000312226795359], "dmean2": [0.0013125090627, 0.0150835486129, 0.00227524735965, 0.00189952144865, 0.00329650030471, 0.00123135943431, 0.000871421536431, 0.000640580139589, 0.00092079321621, 0.000407297717175, 0.000556427461561, 0.000374733266653, 0.000289782445179, 0.000451260711998, 0.000306364992866, 0.000241336689214, 0.0003219122882, 0.000406555220252, 0.000305010791635, 0.000313305965392, 0.000426960992627, 0.00055924069602, 0.000273431593087, 0.000308024144033, 0.000239774541114, 4.9588848924e-05, 1.30330145112e-05], "median": [2.10082525882e-05, 0.00133869168349, 0.000223387702135, 0.000180153758265, 0.00119639874902, 0.000636367592961, 0.000374302937416, 0.000224210089073, 0.000254857470281, 0.000104072467366, 0.000137167560752, 0.000128479805426, 0.000133002424263, 0.000115202368761, 9.79747856036e-05, 7.69605103415e-05, 0.000106908017187, 9.43593331613e-05, 6.56597549096e-05, 0.0001064362732, 0.000119228745461, 0.000169586477568, 0.000109702392365, 9.08794609131e-05, 4.53580796602e-05, 1.07457854028e-05, 1.99764645004e-06], "dvar": [4.27960867455e-06, 0.00029273115797, 2.28966146096e-05, 9.78244679573e-06, 2.19716130232e-05, 4.59865395896e-06, 1.4984398149e-06, 1.43550062148e-06, 2.20332776735e-06, 8.71714519235e-07, 1.02396290913e-06, 5.36819527497e-07, 1.73539177695e-07, 5.60708883768e-07, 1.78388276595e-07, 1.36764384706e-07, 2.81704359395e-07, 5.21046786162e-07, 4.33179963011e-07, 4.50676850505e-07, 6.87258534526e-07, 6.69563121392e-07, 1.27714642417e-07, 3.06593761934e-07, 1.38977142683e-07, 7.14322512252e-09, 5.52249634911e-10]}, "melbands_skewness": {"dvar2": 7.37768173218, "var": 19.7957839966, "min": -2.61860132217, "dmean": 1.24985194206, "mean": 4.78507614136, "max": 34.0870361328, "dmean2": 1.86825871468, "median": 3.63047766685, "dvar": 3.52905058861}, "barkbands_skewness": {"dvar2": 2.38828134537, "var": 6.7268652916, "min": -5.56361484528, "dmean": 0.775549352169, "mean": 2.48566794395, "max": 18.7810096741, "dmean2": 1.13184046745, "median": 2.00141763687, "dvar": 1.20018064976}, "erbbands": {"dvar2": [1.99091696739, 28.9421482086, 84.5923995972, 186.045257568, 251.122421265, 1450.19909668, 523.605407715, 923.831604004, 337.317108154, 1415.77185059, 1675.50439453, 2671.27954102, 1299.34106445, 2221.63842773, 2750.23291016, 2223.09765625, 674.134521484, 800.330200195, 5045.09667969, 827.27722168, 1185.20202637, 2369.19970703, 3833.39575195, 2879.69238281, 2044.40539551, 1760.16540527, 2708.98779297, 2303.87573242, 3153.23510742, 774.513183594, 284.530578613, 335.490936279, 198.422866821, 82.471282959, 6.06185007095, 0.648798882961, 0.0297481324524, 0.00131577195134, 3.28827518388e-05, 1.65259336882e-07], "var": [6.49977684021, 20.463552475, 17.7208786011, 45.682849884, 96.8745422363, 1025.53625488, 1935.54785156, 870.861999512, 310.257019043, 2204.31298828, 8195.03027344, 2535.19018555, 1801.59899902, 2170.44775391, 44931.9414062, 5783.92285156, 1232.06384277, 1267.61853027, 4320.92871094, 708.446411133, 834.670837402, 1217.43395996, 1866.06237793, 1630.64306641, 1209.86877441, 1271.6072998, 1748.36633301, 1374.56762695, 1342.07250977, 471.183013916, 243.313049316, 282.374389648, 195.818069458, 127.322776794, 9.48402309418, 0.626316845417, 0.0203964263201, 0.000851957476698, 2.19128960453e-05, 1.45010801589e-07], "min": [7.11565978699e-23, 6.67788451997e-22, 2.74905136113e-21, 7.69453745554e-21, 1.10123863575e-20, 2.81571214226e-20, 6.23264564934e-20, 1.33948393895e-19, 1.83230173354e-19, 2.33477492308e-19, 2.67757950693e-19, 5.56342396355e-19, 7.55412147861e-19, 6.46485127391e-19, 7.49872157407e-19, 1.21412856867e-18, 1.30806816212e-18, 2.0143498141e-18, 2.90782068094e-18, 3.6956035081e-18, 4.20259822196e-18, 6.02998371093e-18, 6.17594014361e-18, 7.89373578194e-18, 7.68730458827e-18, 8.7221149792e-18, 9.21040300351e-18, 9.14133424954e-18, 1.21749438726e-17, 1.16042636962e-17, 1.06309897526e-17, 1.32070460742e-17, 1.02997907713e-17, 9.31183685331e-18, 6.47365981686e-18, 4.6389484028e-18, 2.48090118627e-18, 9.40054990605e-19, 2.29922967969e-19, 2.82561149086e-20], "dmean": [0.415271699429, 1.33018839359, 1.39440083504, 2.58798885345, 3.99846673012, 9.39344787598, 7.4795832634, 6.51536893845, 6.00934743881, 10.4853410721, 10.2367744446, 12.5098772049, 8.27654075623, 9.81045436859, 13.9854946136, 10.4728937149, 7.98134422302, 9.46148586273, 18.1322345734, 8.00573444366, 8.86057758331, 11.2777404785, 14.2157840729, 11.5334835052, 9.66184425354, 9.57643985748, 10.2973155975, 12.1876296997, 14.4293985367, 8.12817955017, 4.40151405334, 3.74648141861, 3.38683414459, 2.4446618557, 0.672831773758, 0.203014269471, 0.041187081486, 0.00866829976439, 0.00141286558937, 0.000111213055789], "mean": [2.13659977913, 3.23081040382, 1.32488262653, 2.45390343666, 4.91603851318, 15.6475849152, 18.9320907593, 11.8400230408, 10.6368589401, 20.4397716522, 25.243555069, 23.0414600372, 16.3810386658, 20.463262558, 45.2210884094, 25.0345230103, 16.6330089569, 18.3513717651, 26.6413402557, 13.7602596283, 14.5577058792, 16.9391002655, 19.2889595032, 15.7381782532, 13.8923463821, 15.2914390564, 14.9568452835, 18.1395645142, 18.4385433197, 14.7364683151, 8.42374992371, 7.94982433319, 8.60982608795, 7.43830680847, 1.96600997448, 0.46606490016, 0.0735834315419, 0.0131716690958, 0.00221152161248, 0.000235909203184], "max": [8.32004833221, 47.0562362671, 77.9891357422, 110.593955994, 150.448379517, 403.524078369, 404.330230713, 574.899230957, 389.325622559, 793.435241699, 1303.10412598, 743.000793457, 847.631225586, 883.671325684, 3314.73803711, 1268.12585449, 625.300842285, 956.766906738, 811.605712891, 400.497436523, 413.921325684, 631.461608887, 705.96472168, 868.394775391, 486.256744385, 571.457641602, 787.425109863, 457.98223877, 514.840332031, 281.705474854, 530.465515137, 930.021179199, 271.375701904, 159.139709473, 51.2591400146, 10.7993135452, 1.55013167858, 0.293961435556, 0.0562283433974, 0.00441518239677], "dmean2": [0.729043066502, 2.32113957405, 2.56296992302, 4.62920236588, 6.81472635269, 14.9192886353, 11.6277656555, 10.2197647095, 9.64828300476, 15.6475095749, 15.3060102463, 19.990530014, 12.6529006958, 15.1098585129, 20.6574344635, 15.5280227661, 12.5562810898, 14.4062223434, 26.8928508759, 12.504981041, 14.0509786606, 17.647726059, 22.210691452, 17.4249954224, 14.4197244644, 14.1881780624, 15.1456890106, 18.4711723328, 23.5996990204, 13.266418457, 7.01907587051, 6.1696434021, 5.31605291367, 3.94174575806, 1.02955377102, 0.318323254585, 0.0620731897652, 0.0130142197013, 0.00213878415525, 0.000166948113474], "median": [0.0382457301021, 0.272138237953, 0.497386217117, 0.64459747076, 1.56530308723, 3.95963978767, 6.24848175049, 4.94930076599, 4.99883794785, 5.87303256989, 6.06888580322, 6.44929790497, 4.18064117432, 5.76479434967, 6.42385101318, 6.08710384369, 7.41716051102, 6.26921463013, 6.55604982376, 4.79473304749, 5.16946220398, 5.88797664642, 6.16545677185, 4.29819965363, 3.30247473717, 5.20603847504, 3.83021330833, 5.77568721771, 5.16146707535, 5.88306999207, 2.63110780716, 1.82285189629, 1.42208957672, 0.681156396866, 0.235155552626, 0.0742604658008, 0.0134950298816, 0.00193221471272, 0.000362575345207, 0.000121185279568], "dvar": [0.629775464535, 9.73329353333, 29.3466682434, 66.2476959229, 97.2024536133, 600.734436035, 222.567001343, 480.056488037, 135.416976929, 733.697631836, 891.845031738, 1064.33630371, 594.48449707, 902.629089355, 1431.74597168, 1176.4140625, 312.648895264, 383.594726562, 2504.26489258, 357.153259277, 502.787689209, 966.797912598, 1614.46142578, 1334.07275391, 935.113037109, 862.186340332, 1300.35510254, 992.311950684, 1265.01416016, 311.09387207, 128.045837402, 157.575836182, 84.424621582, 36.4744911194, 2.80112600327, 0.286316335201, 0.0129282902926, 0.000580774794798, 1.44317646118e-05, 7.65887122611e-08]}, "silence_rate_30dB": {"dvar2": 0.111913338304, "var": 0.23384064436, "min": 0, "dmean": 0.0461520440876, "mean": 0.627196073532, "max": 1, "dmean2": 0.0923148989677, "median": 1, "dvar": 0.0440248399973}, "melbands_spread": {"dvar2": 378.005401611, "var": 873.881530762, "min": 0.340736269951, "dmean": 7.46819591522, "mean": 24.5670528412, "max": 263.128173828, "dmean2": 11.3209457397, "median": 15.561088562, "dvar": 180.985900879}, "melbands_crest": {"dvar2": 24.5062980652, "var": 107.769180298, "min": 1.78662538528, "dmean": 2.7183110714, "mean": 21.9863033295, "max": 38.0213623047, "dmean2": 4.31836080551, "median": 21.8807792664, "dvar": 10.3930597305}, "zerocrossingrate": {"dvar2": 0.000240373599809, "var": 0.00501133222133, "min": 0.00146484375, "dmean": 0.011317692697, "mean": 0.0728957951069, "max": 0.525390625, "dmean2": 0.0132936518639, "median": 0.05224609375, "dvar": 0.000200663125725}, "barkbands_kurtosis": {"dvar2": 1070.05993652, "var": 1132.66638184, "min": -1.93133985996, "dmean": 8.34768486023, "mean": 14.8651695251, "max": 433.574066162, "dmean2": 12.2499427795, "median": 4.02531814575, "dvar": 506.198486328}, "spectral_flux": {"dvar2": 0.00239349226467, "var": 0.00310198450461, "min": 6.31395422057e-11, "dmean": 0.0239237956703, "mean": 0.0734764635563, "max": 0.478741645813, "dmean2": 0.0373764038086, "median": 0.0621104538441, "dvar": 0.00124244356994}, "barkbands_crest": {"dvar2": 13.5477046967, "var": 30.2691802979, "min": 2.65671110153, "dmean": 2.21047091484, "mean": 13.5272579193, "max": 26.60181427, "dmean2": 3.61765813828, "median": 13.8948040009, "dvar": 5.52364826202}, "barkbands_flatness_db": {"dvar2": 0.00152662093751, "var": 0.00544297555462, "min": 0.0259428303689, "dmean": 0.0240560602397, "mean": 0.175082981586, "max": 0.500485658646, "dmean2": 0.0356487520039, "median": 0.16300457716, "dvar": 0.000751104962546}, "spectral_entropy": {"dvar2": 0.0609313063323, "var": 0.334627866745, "min": 4.35559940338, "dmean": 0.150866627693, "mean": 7.75725364685, "max": 9.81977367401, "dmean2": 0.220406934619, "median": 7.80854701996, "dvar": 0.032591778785}, "pitch_salience": {"dvar2": 0.0135100996122, "var": 0.0355803184211, "min": 0.0462183728814, "dmean": 0.0693627595901, "mean": 0.43734934926, "max": 0.932907044888, "dmean2": 0.110285848379, "median": 0.445348501205, "dvar": 0.00565309729427}, "erbbands_spread": {"dvar2": 355.208404541, "var": 976.185180664, "min": 0.866806030273, "dmean": 11.0875043869, "mean": 53.7413520813, "max": 168.097091675, "dmean2": 16.6955356598, "median": 49.6208496094, "dvar": 160.335586548}, "dynamic_complexity": 4.53653764725, "spectral_contrast_valleys": {"dvar2": [0.503459393978, 0.453138232231, 0.412040233612, 0.304220050573, 0.254843860865, 0.290899783373], "var": [6.20971536636, 3.23988294601, 3.03583836555, 3.06869506836, 3.17635798454, 4.22073078156], "min": [-28.0107364655, -28.0597305298, -27.7597923279, -27.5432491302, -27.3997459412, -27.3860282898], "dmean": [0.467622965574, 0.412082731724, 0.379012823105, 0.340076297522, 0.329948157072, 0.300485730171], "mean": [-8.13154888153, -7.18138837814, -7.82555818558, -8.13901138306, -7.90976381302, -10.1169347763], "max": [-4.75291347504, -4.92348623276, -5.35495615005, -5.6310839653, -4.79405593872, -7.26510000229], "dmean2": [0.748899996281, 0.66538387537, 0.607866883278, 0.528200507164, 0.469512254, 0.422894209623], "median": [-7.4583234787, -6.77070426941, -7.43861103058, -7.74796962738, -7.70848941803, -9.67652416229], "dvar": [0.248535349965, 0.211565449834, 0.199201926589, 0.161951526999, 0.157205864787, 0.16932362318]}, "hfc": {"dvar2": 852.782104492, "var": 1117.30700684, "min": 1.09764451918e-16, "dmean": 10.669090271, "mean": 30.8714389801, "max": 350.207275391, "dmean2": 15.4537525177, "median": 20.2351932526, "dvar": 416.418945312}, "spectral_kurtosis": {"dvar2": 25.5260715485, "var": 25.6140289307, "min": -1.4114664793, "dmean": 1.38620090485, "mean": 3.20198225975, "max": 134.558517456, "dmean2": 2.28774857521, "median": 1.53656363487, "dvar": 8.99613952637}, "mfcc": {"mean": [-664.98059082, 92.9580535889, 9.60800933838, 14.9488267899, -1.88765919209, 2.79068684578, -4.34304857254, 0.314416408539, -2.49249815941, -3.6491997242, 1.89958393574, 1.07677400112, -1.51110053062], "cov": [[14387.2871094, -582.719543457, 1940.88745117, 930.997680664, 703.383972168, 1103.2298584, 592.344116211, 364.367523193, 681.861633301, 431.732513428, 453.127593994, 125.908851624, 206.248458862], [-582.719543457, 2050.39477539, -642.795776367, 115.359848022, -75.7161865234, 411.371551514, 64.9906692505, 135.278335571, -3.29887700081, -51.8184204102, -70.5132751465, -12.6919345856, 35.5342826843], [1940.88745117, -642.795776367, 1508.90283203, 287.791015625, 330.227935791, 251.502166748, 240.313537598, 177.102523804, 238.450469971, 161.234237671, 247.128707886, 66.2900543213, 47.0925369263], [930.997680664, 115.359848022, 287.791015625, 1179.72595215, 249.24949646, 565.942077637, 113.826271057, 210.671630859, 259.053985596, 34.8798561096, 138.532974243, 22.9731636047, 29.3376750946], [703.383972168, -75.7161865234, 330.227935791, 249.24949646, 535.363769531, 215.487930298, 195.565353394, 137.113876343, 173.699081421, 151.020492554, 110.501052856, 18.8006782532, 41.1414489746], [1103.2298584, 411.371551514, 251.502166748, 565.942077637, 215.487930298, 909.808898926, 235.778045654, 317.413452148, 314.651184082, 92.1136779785, 184.123291016, 25.050737381, 83.3295898438], [592.344116211, 64.9906692505, 240.313537598, 113.826271057, 195.565353394, 235.778045654, 300.500762939, 172.641159058, 148.636383057, 101.18837738, 87.1601791382, 44.873008728, 46.2712516785], [364.367523193, 135.278335571, 177.102523804, 210.671630859, 137.113876343, 317.413452148, 172.641159058, 331.07723999, 167.996200562, 77.4872360229, 139.819641113, 32.3472938538, 48.3855781555], [681.861633301, -3.29887700081, 238.450469971, 259.053985596, 173.699081421, 314.651184082, 148.636383057, 167.996200562, 269.916748047, 121.140678406, 138.915878296, 37.9280586243, 38.8339767456], [431.732513428, -51.8184204102, 161.234237671, 34.8798561096, 151.020492554, 92.1136779785, 101.18837738, 77.4872360229, 121.140678406, 195.844360352, 108.575691223, 18.0484790802, 13.0699357986], [453.127593994, -70.5132751465, 247.128707886, 138.532974243, 110.501052856, 184.123291016, 87.1601791382, 139.819641113, 138.915878296, 108.575691223, 217.133346558, 40.5461463928, 14.671916008], [125.908851624, -12.6919345856, 66.2900543213, 22.9731636047, 18.8006782532, 25.050737381, 44.873008728, 32.3472938538, 37.9280586243, 18.0484790802, 40.5461463928, 98.9287109375, 42.780380249], [206.248458862, 35.5342826843, 47.0925369263, 29.3376750946, 41.1414489746, 83.3295898438, 46.2712516785, 48.3855781555, 38.8339767456, 13.0699357986, 14.671916008, 42.780380249, 106.611953735]], "icov": [[9.35463540372e-05, 1.0076117178e-05, -8.86164561962e-05, -1.79813014256e-05, 9.07189132704e-06, -7.30318934075e-05, -5.30191173311e-05, 9.70197870629e-05, -5.29441567778e-05, -8.15891035018e-05, 1.28304009195e-05, 2.35598745348e-05, -8.96099954844e-05], [1.0076117178e-05, 0.000722644501366, 0.000328757305397, 1.71370375028e-05, 5.4303494835e-05, -0.000511855818331, -0.000178201851668, -0.000210040714592, 0.000393922236981, -0.000113055713882, 0.000268232804956, -0.000127155537484, 2.59811458818e-05], [-8.86164561962e-05, 0.000328757305397, 0.00116736174095, -5.98465521762e-05, -0.000247791729635, -1.10166392915e-05, -0.000485431548441, 3.86394531233e-05, -1.14623890113e-05, 0.000209451143746, -0.000777895504143, -5.7363515225e-05, -3.13669152092e-05], [-1.79813014256e-05, 1.71370375028e-05, -5.98465521762e-05, 0.00140981865115, -0.000488383870106, -0.000692813307978, 0.000553821970243, -0.000133750945679, -0.000735731271561, 0.000742564559914, 3.01671971101e-05, -0.000285716727376, 0.000505327945575], [9.07189132704e-06, 5.4303494835e-05, -0.000247791729635, -0.000488383870106, 0.0031379070133, 0.00016078077897, -0.00125564739574, 7.55332803237e-05, -0.000323635205859, -0.00151826743968, 0.000176563218702, 0.000795587024186, -0.000657224969473], [-7.30318934075e-05, -0.000511855818331, -1.10166392915e-05, -0.000692813307978, 0.00016078077897, 0.00309419073164, -0.00066196883563, -0.000739334791433, -0.0020176009275, 0.000885316811036, -0.000855781487189, 0.00138943991624, -0.00116364099085], [-5.30191173311e-05, -0.000178201851668, -0.000485431548441, 0.000553821970243, -0.00125564739574, -0.00066196883563, 0.00686916289851, -0.00220389245078, -0.000842258101329, -0.00124302948825, 0.00162627268583, -0.00198396551423, 0.000276339851553], [9.70197870629e-05, -0.000210040714592, 3.86394531233e-05, -0.000133750945679, 7.55332803237e-05, -0.000739334791433, -0.00220389245078, 0.00648480840027, -0.00104224332608, 0.000732527172659, -0.00269929575734, 0.000795311178081, -0.00119362922851], [-5.29441567778e-05, 0.000393922236981, -1.14623890113e-05, -0.000735731271561, -0.000323635205859, -0.0020176009275, -0.000842258101329, -0.00104224332608, 0.0105399079621, -0.00330330827273, -0.00123555259779, -0.00133629585616, -8.89608782018e-06], [-8.15891035018e-05, -0.000113055713882, 0.000209451143746, 0.000742564559914, -0.00151826743968, 0.000885316811036, -0.00124302948825, 0.000732527172659, -0.00330330827273, 0.0100088175386, -0.00362398452125, 0.00107169314288, 4.45451551059e-05], [1.28304009195e-05, 0.000268232804956, -0.000777895504143, 3.01671971101e-05, 0.000176563218702, -0.000855781487189, 0.00162627268583, -0.00269929575734, -0.00123555259779, -0.00362398452125, 0.0102985976264, -0.00312098464929, 0.00207048933953], [2.35598745348e-05, -0.000127155537484, -5.7363515225e-05, -0.000285716727376, 0.000795587024186, 0.00138943991624, -0.00198396551423, 0.000795311178081, -0.00133629585616, 0.00107169314288, -0.00312098464929, 0.0144017441198, -0.00578627223149], [-8.96099954844e-05, 2.59811458818e-05, -3.13669152092e-05, 0.000505327945575, -0.000657224969473, -0.00116364099085, 0.000276339851553, -0.00119362922851, -8.89608782018e-06, 4.45451551059e-05, 0.00207048933953, -0.00578627223149, 0.013038947247]]}, "silence_rate_20dB": {"dvar2": 0, "var": 0, "min": 1, "dmean": 0, "mean": 1, "max": 1, "dmean2": 0, "median": 1, "dvar": 0}, "melbands_kurtosis": {"dvar2": 13240.2197266, "var": 14710.4423828, "min": -1.96389985085, "dmean": 28.6167507172, "mean": 56.5152206421, "max": 1524.19677734, "dmean2": 42.959564209, "median": 17.190662384, "dvar": 6256.10009766}, "barkbands_spread": {"dvar2": 152.878112793, "var": 379.446868896, "min": 0.279697149992, "dmean": 6.50825595856, "mean": 24.15092659, "max": 113.546989441, "dmean2": 9.91895008087, "median": 18.8841533661, "dvar": 69.6035766602}, "erbbands_skewness": {"dvar2": 0.429028004408, "var": 1.07367837429, "min": -7.71743869781, "dmean": 0.408121228218, "mean": 0.156251236796, "max": 7.84595489502, "dmean2": 0.589736580849, "median": 0.0886117517948, "dvar": 0.20762014389}, "average_loudness": 0.739852011204, "spectral_centroid": {"dvar2": 319400.0625, "var": 950068.1875, "min": 162.575546265, "dmean": 327.161315918, "mean": 1683.20080566, "max": 11511.8496094, "dmean2": 481.621643066, "median": 1497.40332031, "dvar": 164040.734375}, "dissonance": {"dvar2": 0.0012923454633, "var": 0.00130260956939, "min": 0.0818378776312, "dmean": 0.0176607295871, "mean": 0.464356184006, "max": 0.500000059605, "dmean2": 0.0294709913433, "median": 0.47613722086, "dvar": 0.000485155091155}, "erbbands_flatness_db": {"dvar2": 0.000564457091969, "var": 0.0049985894002, "min": 0.049993339926, "dmean": 0.0154250804335, "mean": 0.157702356577, "max": 0.467399179935, "dmean2": 0.0228989161551, "median": 0.148781955242, "dvar": 0.000284669891698}, "spectral_strongpeak": {"dvar2": 0.877380251884, "var": 1.48328983784, "min": 0, "dmean": 0.274795651436, "mean": 0.919311404228, "max": 12.5270338058, "dmean2": 0.45086362958, "median": 0.526017546654, "dvar": 0.368427842855}, "spectral_rms": {"dvar2": 2.69728548119e-06, "var": 1.74015585799e-05, "min": 3.15288919105e-12, "dmean": 0.000742684176657, "mean": 0.00643522804603, "max": 0.0169920213521, "dmean2": 0.00118665327318, "median": 0.00580589100718, "dvar": 1.00897409538e-06}, "silence_rate_60dB": {"dvar2": 0.0614528693259, "var": 0.131831511855, "min": 0, "dmean": 0.0283471941948, "mean": 0.15624268353, "max": 1, "dmean2": 0.0567010305822, "median": 0, "dvar": 0.0275464039296}, "melbands": {"dvar2": [9.84205471468e-05, 2.43116064667e-05, 5.80880669077e-06, 2.69175825451e-06, 9.39151618695e-07, 3.92885340261e-07, 8.38279134996e-08, 1.41773952578e-07, 1.18058800069e-07, 1.05007089246e-07, 3.54402018843e-08, 4.49832882055e-08, 4.4019554224e-08, 1.41766633988e-08, 6.73597888579e-09, 3.13718273581e-09, 3.27999316596e-09, 2.25481109339e-08, 1.36366984371e-09, 1.29265154136e-09, 2.07778172445e-09, 2.47807552256e-09, 2.64858135424e-09, 3.69884456397e-09, 2.06589101381e-09, 1.27299570885e-09, 1.00317409935e-09, 8.31865631934e-10, 1.20066012688e-09, 1.10987852242e-09, 7.09021619194e-10, 1.15698695069e-09, 6.45744568928e-10, 1.64354599375e-10, 1.14691478537e-10, 9.72578129144e-11, 1.48978357428e-10, 1.02581186601e-10, 1.44105505306e-10, 5.33605590269e-11], "var": [0.000262112851487, 8.19800243335e-06, 1.58194518463e-06, 1.74008073373e-06, 1.94575886781e-06, 3.94523794967e-07, 8.77433379287e-08, 2.25711005442e-07, 4.6661202191e-07, 1.00589822694e-07, 4.91520424362e-08, 4.12753635715e-08, 3.4785199432e-07, 9.63957305089e-08, 1.24901609055e-08, 4.50942705399e-09, 4.68125582742e-09, 1.80891444046e-08, 1.08021802614e-09, 1.15987497384e-09, 1.32935162878e-09, 1.26281607393e-09, 1.44224743259e-09, 1.73012959515e-09, 1.10294517963e-09, 6.64620136703e-10, 6.11402095618e-10, 5.64824853555e-10, 7.27221893815e-10, 6.60190180302e-10, 4.20286278002e-10, 4.76482353573e-10, 2.87030399448e-10, 1.12552536735e-10, 8.57827212042e-11, 9.45217168424e-11, 1.10765167871e-10, 9.61200424809e-11, 1.17131457311e-10, 9.05713698485e-11], "min": [1.29265193398e-24, 1.05325887887e-24, 1.20296051982e-24, 1.18272091279e-24, 2.02924981816e-24, 3.31258155776e-24, 3.94496874699e-24, 2.55861630911e-24, 2.95968246244e-24, 3.37750086596e-24, 3.69398712796e-24, 2.14851829006e-24, 2.27943922362e-24, 2.01312234581e-24, 3.43973923036e-24, 2.34527361046e-24, 3.59916723045e-24, 3.20435102486e-24, 4.79888306676e-24, 4.78383593942e-24, 4.46927055372e-24, 5.13158120923e-24, 5.00619255721e-24, 5.53841452742e-24, 5.27133186289e-24, 6.81306741656e-24, 4.06835566446e-24, 5.40987674266e-24, 5.55710461442e-24, 4.30621773777e-24, 5.07439747107e-24, 6.17414885347e-24, 6.51521759901e-24, 6.702092831e-24, 5.63139480131e-24, 6.17466792395e-24, 7.69966187705e-24, 6.58043075789e-24, 7.55347806271e-24, 7.15945545118e-24], "dmean": [0.00289919483475, 0.000980796292424, 0.000486915028887, 0.00044706769404, 0.00030907560722, 0.00014301664487, 9.77972958935e-05, 0.000106775667518, 9.0078166977e-05, 7.75742300902e-05, 4.28017774539e-05, 4.06883482356e-05, 5.27795818925e-05, 3.05009471049e-05, 2.28832304856e-05, 1.70562343556e-05, 1.80251554411e-05, 3.60058002116e-05, 1.10249220597e-05, 9.88027841231e-06, 1.15762259156e-05, 1.15758448374e-05, 1.26143750094e-05, 1.3982589735e-05, 9.33809678827e-06, 7.41255280445e-06, 6.86125258653e-06, 6.61245030642e-06, 6.53242841508e-06, 7.05856837158e-06, 7.089308383e-06, 8.63339300849e-06, 6.66720279696e-06, 3.87480395148e-06, 2.81614256892e-06, 2.08577239391e-06, 2.50830953519e-06, 2.39856854023e-06, 2.58536510955e-06, 2.10480607166e-06], "mean": [0.0135902250186, 0.00162425846793, 0.000485752301756, 0.000692420755513, 0.000713342917152, 0.000270350603387, 0.000176587127498, 0.000214740328374, 0.000207887889701, 0.00013899091573, 8.14464801806e-05, 7.87725366536e-05, 0.000147114231368, 8.2867074525e-05, 4.76583372802e-05, 3.23884814861e-05, 3.29586982843e-05, 4.99361594848e-05, 1.81601408258e-05, 1.64673128893e-05, 1.74797078216e-05, 1.66712561622e-05, 1.8046299374e-05, 1.73116368387e-05, 1.21985467558e-05, 9.98342147795e-06, 1.00654388007e-05, 1.01519590316e-05, 9.02956344362e-06, 9.98850100586e-06, 1.05003500721e-05, 1.07990563265e-05, 9.1101264843e-06, 7.50828803575e-06, 4.77474077343e-06, 4.37858807345e-06, 5.0018438742e-06, 5.85434736422e-06, 6.60057230562e-06, 6.21065737505e-06], "max": [0.0681167244911, 0.0445409566164, 0.0181223321706, 0.0148554304615, 0.0119427749887, 0.0117273973301, 0.00607255566865, 0.00718751177192, 0.00945055391639, 0.00442320015281, 0.0043092914857, 0.00416097138077, 0.00892211776227, 0.00402322411537, 0.00154441583436, 0.00140521675348, 0.00205172970891, 0.00177864509169, 0.000499987101648, 0.000599729944952, 0.000582051870879, 0.000622513354756, 0.000781671726145, 0.000747127982322, 0.000770075304899, 0.000462274882011, 0.000358996563591, 0.000372146401787, 0.000545991177205, 0.000659739715047, 0.000245635106694, 0.000321268365951, 0.000206623561098, 0.000135865571792, 0.000219690962695, 0.000574902049266, 0.000532052072231, 0.000187439931324, 0.000251650868449, 0.000100066172308], "dmean2": [0.00510187540203, 0.00173287093639, 0.000859146297444, 0.000728678540327, 0.000477358786156, 0.000224850533414, 0.000154688896146, 0.000160060662893, 0.000136372909765, 0.00012384315778, 6.52123781038e-05, 6.25735556241e-05, 7.93252838776e-05, 4.42036180175e-05, 3.54820731445e-05, 2.72333491012e-05, 2.80964632111e-05, 5.3664578445e-05, 1.72965901584e-05, 1.57957529154e-05, 1.85725166375e-05, 1.84187465493e-05, 1.98795096367e-05, 2.18752666115e-05, 1.4284451936e-05, 1.12830002763e-05, 1.0538643437e-05, 9.91093475022e-06, 9.70129531197e-06, 1.09