{"tonal": {"thpcp": [1, 0.986448526382, 0.429698646069, 0.174666985869, 0.121676750481, 0.101657934487, 0.111839070916, 0.113625176251, 0.0803126245737, 0.119431875646, 0.189714118838, 0.145333975554, 0.0978440120816, 0.0904084444046, 0.069596990943, 0.113979049027, 0.179442822933, 0.154681056738, 0.0964349657297, 0.0732838734984, 0.0895084664226, 0.218947082758, 0.270989984274, 0.143470615149, 0.0552274137735, 0.036265771836, 0.0363424867392, 0.0418787300587, 0.0508517287672, 0.218757405877, 0.427796274424, 0.319398522377, 0.14477789402, 0.164363861084, 0.241094201803, 0.476552695036], "hpcp": {"dmean2": [0.164061069489, 0.148818343878, 0.109570793808, 0.138149887323, 0.193776249886, 0.145728111267, 0.106955982745, 0.0990886166692, 0.0847623348236, 0.128449469805, 0.189933001995, 0.151782721281, 0.0974019914865, 0.0880899056792, 0.100488752127, 0.187511652708, 0.220252871513, 0.143721446395, 0.0803026109934, 0.0549797564745, 0.0554518140852, 0.0691613033414, 0.082175694406, 0.245406478643, 0.449367702007, 0.327311635017, 0.205442279577, 0.272743612528, 0.357057034969, 0.462831169367, 0.563705384731, 0.569088876247, 0.417082488537, 0.267073988914, 0.199477389455, 0.171054854989], "median": [0.011934700422, 0.0157329607755, 0.0115336803719, 0.0110819125548, 0.0139957619831, 0.0185260158032, 0.0174498241395, 0.0155731169507, 0.0102706318721, 0.0129840560257, 0.0185491517186, 0.01932182163, 0.0108543364331, 0.00691714370623, 0.0150997312739, 0.0542863197625, 0.0709067881107, 0.0348626151681, 0.00715935137123, 0.00433138897642, 0.00358047848567, 0.00355012668297, 0.00422784453258, 0.0359466150403, 0.072245977819, 0.0658414661884, 0.0150322737172, 0.0100829321891, 0.0211206208915, 0.187845662236, 0.609928488731, 0.610955953598, 0.158670216799, 0.0162792894989, 0.00681980326772, 0.00551994284615], "min": [0, 0, 0, 0, 0, 0, 0, 0, 0, 0, 0, 0, 0, 0, 0, 0, 0, 0, 0, 0, 0, 0, 0, 0, 0, 0, 0, 0, 0, 0, 0, 0, 0, 0, 0, 0], "dvar2": [0.0999504178762, 0.0783678218722, 0.051439717412, 0.0623800680041, 0.107114069164, 0.0615578144789, 0.0418313518167, 0.0406164452434, 0.0347263999283, 0.0576726719737, 0.10058940202, 0.0623953156173, 0.0382659062743, 0.0414289608598, 0.0374222621322, 0.0693301931024, 0.084058240056, 0.05052017048, 0.0288050007075, 0.0206217411906, 0.0223299060017, 0.0327334702015, 0.0415920205414, 0.0771245807409, 0.217397645116, 0.117317683995, 0.102196313441, 0.162037909031, 0.195528507233, 0.171086832881, 0.189204141498, 0.1930193156, 0.153740659356, 0.145385980606, 0.126044243574, 0.116079770029], "dvar": [0.0358137488365, 0.0282058268785, 0.0183807294816, 0.0237290617079, 0.047619882971, 0.0246366169304, 0.0154810938984, 0.0150394840166, 0.0129995914176, 0.0228880643845, 0.0439202263951, 0.0260025840253, 0.0160784423351, 0.016088815406, 0.0143048483878, 0.0285136904567, 0.0364153794944, 0.0187449660152, 0.0101550668478, 0.00713469227776, 0.00792890787125, 0.0114534618333, 0.0145060094073, 0.0310844779015, 0.0935312733054, 0.0498845241964, 0.0373098142445, 0.0590358749032, 0.0727621167898, 0.0635475739837, 0.0832367166877, 0.0809332951903, 0.0563642978668, 0.0537217184901, 0.0462558493018, 0.0421797297895], "dmean": [0.0889075249434, 0.0820260941982, 0.0595432631671, 0.0786034166813, 0.112174041569, 0.0848775953054, 0.0605598911643, 0.056141808629, 0.0474615730345, 0.074179597199, 0.111144639552, 0.0893481001258, 0.0557649433613, 0.0495594032109, 0.0564421601593, 0.112394243479, 0.131710752845, 0.0828590989113, 0.0433698631823, 0.0292655266821, 0.0297428723425, 0.0365681834519, 0.0438097752631, 0.138950169086, 0.256379306316, 0.190402433276, 0.112209394574, 0.145060911775, 0.194259420037, 0.26325327158, 0.323299646378, 0.32810562849, 0.238631278276, 0.14446811378, 0.107169568539, 0.0909811407328], "max": [1, 1, 1, 1, 1, 1, 1, 1, 1, 1, 1, 1, 1, 1, 1, 1, 1, 1, 1, 1, 1, 1, 1, 1, 1, 1, 1, 1, 1, 1, 1, 1, 1, 1, 1, 1], "var": [0.0242500659078, 0.0201575178653, 0.0125346099958, 0.0216137059033, 0.0548659898341, 0.0264123864472, 0.0135487066582, 0.0127537250519, 0.0111327823251, 0.0210478957742, 0.0468073748052, 0.0312318876386, 0.0206668041646, 0.0162242278457, 0.0142029831186, 0.0369370989501, 0.0504836030304, 0.0178720932454, 0.00712505215779, 0.00479493290186, 0.00546120712534, 0.00722443824634, 0.0089944312349, 0.0323269404471, 0.108556739986, 0.0588034726679, 0.0277367513627, 0.0419298410416, 0.0600038468838, 0.0754118785262, 0.135836467147, 0.133610665798, 0.0637647584081, 0.040765196085, 0.0314987190068, 0.027688741684], "mean": [0.0639696642756, 0.0649912804365, 0.0459371805191, 0.0683125928044, 0.108512602746, 0.0831280648708, 0.0559647753835, 0.0517117828131, 0.0398080572486, 0.0651936903596, 0.102637633681, 0.0884744077921, 0.0551588311791, 0.0419168807566, 0.0511970147491, 0.125233262777, 0.15500074625, 0.082062266767, 0.0315889529884, 0.0207432806492, 0.0207871608436, 0.0239537786692, 0.029086150229, 0.125124767423, 0.244690731168, 0.182689428329, 0.0828099995852, 0.0940127745271, 0.137900963426, 0.272578418255, 0.57197958231, 0.564228415489, 0.24577884376, 0.0999059528112, 0.0695966184139, 0.0581462644041]}, "tuning_equal_tempered_deviation": 0.243843331933, "chords_changes_rate": 0.0356110185385, "key_key": "C", "tuning_diatonic_strength": 0.567538321018, "key_scale": "minor", "chords_number_rate": 0.000608735368587, "tuning_frequency": 434.193115234, "tuning_nontempered_energy_ratio": 0.928840041161, "chords_histogram": [3.80459594727, 0, 73.7635040283, 0, 0, 0.304367661476, 0, 13.5900163651, 0, 8.3244562149, 0, 0, 0, 0, 0, 0, 0, 0, 0, 0, 0, 0, 0.213057368994, 0], "key_strength": 0.597309350967, "chords_key": "G", "chords_strength": {"dmean2": 0.00971988774836, "median": 0.527249276638, "min": 0.359046965837, "dvar2": 7.49024839024e-05, "dvar": 5.00835303683e-05, "dmean": 0.00813299231231, "max": 0.73848003149, "var": 0.00366649520583, "mean": 0.527489125729}, "chords_scale": "minor", "hpcp_entropy": {"dmean2": 1.32018494606, "median": 1.86281096935, "min": 0, "dvar2": 1.0896499157, "dvar": 0.384419173002, "dmean": 0.765723466873, "max": 4.19185638428, "var": 0.605630159378, "mean": 1.8575220108}}, "metadata": {"audio_properties": {"equal_loudness": 0, "codec": "mp3", "downmix": "mix", "sample_rate": 44100, "analysis_sample_rate": 44100, "bit_rate": 192016, "md5_encoded": "5268365b598e5ce0c92ec9501a91b5c4", "length": 305.110198975, "replay_gain": -13.4612102509, "lossless": false}, "version": {"essentia_build_sha": "70f2e5ece6736b2c40cc944ad0e695b16b925413", "essentia": "2.1-beta2", "extractor": "music 1.0", "essentia_git_sha": "v2.1_beta2"}, "tags": {"title": ["Otis Taylor - (2007) Definition Of a Circle - 12 - Lifetime of freedom"], "artist": ["Otis Taylor"], "copyright": ["Collectie Monumentenzorg \u00a9"], "albumartist": ["Otis Taylor"], "date": ["2007"], "genre": ["Blues"], "album": ["Definition of a Circle"], "tracknumber": ["12"], "musicbrainz_recordingid": ["0a692feb-e9cf-4bee-a378-821154903e94"], "file_name": "326803.mp3"}}, "rhythm": {"bpm_histogram_first_peak_bpm": {"dmean2": 0, "median": 120, "min": 120, "dvar2": 0, "dvar": 0, "dmean": 0, "max": 120, "var": 0, "mean": 120}, "bpm": 121.021583557, "bpm_histogram_second_peak_spread": {"dmean2": 0, "median": 0.199999988079, "min": 0.199999988079, "dvar2": 0, "dvar": 0, "dmean": 0, "max": 0.199999988079, "var": 0, "mean": 0.199999988079}, "bpm_histogram_first_peak_weight": {"dmean2": 0, "median": 0.561174571514, "min": 0.561174571514, "dvar2": 0, "dvar": 0, "dmean": 0, "max": 0.561174571514, "var": 0, "mean": 0.561174571514}, "onset_rate": 4.64732408524, "beats_position": [0.49922901392, 1.01006805897, 1.52090704441, 2.02013611794, 2.51936507225, 3.01859402657, 3.52943301201, 4.04027223587, 4.5627207756, 5.07355976105, 5.5727891922, 6.07201814651, 6.5596370697, 7.05886602402, 7.55809497833, 8.05732440948, 8.54494285583, 9.03256225586, 9.52018165588, 10.0078001022, 10.5070295334, 11.0062580109, 11.4938774109, 11.9931058884, 12.4807252884, 12.9683446884, 13.4675731659, 13.9551925659, 14.4544210434, 14.9420404434, 15.4412698746, 15.9288883209, 16.4165077209, 16.904127121, 17.391746521, 17.8909740448, 18.3785934448, 18.877822876, 19.365442276, 19.8646717072, 20.363899231, 20.8631286621, 21.3623580933, 21.8499774933, 22.3492050171, 22.8484344482, 23.3476638794, 23.8468933105, 24.3345127106, 24.8221302032, 25.3097496033, 25.7973690033, 26.2849884033, 26.7842178345, 27.2834453583, 27.7710647583, 28.2702941895, 28.7811336517, 29.2803630829, 29.7679805756, 30.2672100067, 30.7664394379, 31.265668869, 31.7648983002, 32.264125824, 32.7633552551, 33.2625846863, 33.7618141174, 34.2494316101, 34.7486610413, 35.2478904724, 35.7355079651, 36.2231292725, 36.7339668274, 37.2215881348, 37.7092056274, 38.2084350586, 38.7076644897, 39.1952819824, 39.6945114136, 40.1937408447, 40.6813583374, 41.1805877686, 41.6798171997, 42.1790466309, 42.678276062, 43.1658935547, 43.6651229858, 44.164352417, 44.6519737244, 45.1511993408, 45.650428772, 46.1496582031, 46.6488876343, 47.1365089417, 47.6357345581, 48.1349639893, 48.6458053589, 49.1334228516, 49.6326522827, 50.1318817139, 50.631111145, 51.1303405762, 51.6179580688, 52.1171875, 52.6164169312, 53.1040344238, 53.603263855, 54.1024932861, 54.6017227173, 55.1009521484, 55.5885696411, 56.0877990723, 56.5870285034, 57.0746459961, 57.5622673035, 58.0614967346, 58.5607261658, 59.0483436584, 59.5475730896, 60.0468025208, 60.5460319519, 61.0452613831, 61.5328788757, 62.0321083069, 62.531337738, 63.0189552307, 63.5181846619, 64.0174102783, 64.5166397095, 65.0158691406, 65.5150985718, 66.0143280029, 66.5135574341, 67.0127868652, 67.5004043579, 67.9996337891, 68.4988632202, 68.9864807129, 69.485710144, 69.9849395752, 70.4841690063, 70.9833984375, 71.4710159302, 71.9586410522, 72.4578704834, 72.9570999146, 73.4679336548, 73.9555511475, 74.4431762695, 74.9424057007, 75.4416275024, 75.9292526245, 76.4284820557, 76.9277114868, 77.426940918, 77.9261627197, 78.4137878418, 78.9130172729, 79.4122467041, 79.8998641968, 80.3990936279, 80.8983230591, 81.3859405518, 81.8851699829, 82.3843994141, 82.8952331543, 83.3944625854, 83.8936920166, 84.3813171387, 84.8689346313, 85.3681640625, 85.8673934937, 86.3550109863, 86.8542404175, 87.3534698486, 87.8410873413, 88.328704834, 88.8395462036, 89.3387756348, 89.8380050659, 90.3372344971, 90.8364639282, 91.3356933594, 91.8349151611, 92.3341445923, 92.8333740234, 93.3209991455, 93.8202285767, 94.3194503784, 94.8070755005, 95.3179092407, 95.8171386719, 96.316368103, 96.8039855957, 97.3032150269, 97.802444458, 98.3016738892, 98.8009033203, 99.288520813, 99.7993621826, 100.298591614, 100.797821045, 101.285438538, 101.796279907, 102.295509338, 102.79473877, 103.282356262, 103.793197632, 104.280815125, 104.780044556, 105.279273987, 105.778503418, 106.277732849, 106.77696228, 107.276191711, 107.775421143, 108.263038635, 108.762268066, 109.273101807, 109.760726929, 110.248344421, 110.747573853, 111.246803284, 111.746032715, 112.245262146, 112.732879639, 113.23210907, 113.731338501, 114.230567932, 114.729797363, 115.217414856, 115.716644287, 116.215873718, 116.715103149, 117.214332581, 117.713554382, 118.212783813, 118.700408936, 119.188026428, 119.687255859, 120.186485291, 120.685714722, 121.184944153, 121.695777893, 122.195007324, 122.694236755, 123.181854248, 123.681083679, 124.18031311, 124.667930603, 125.155555725, 125.654785156, 126.154014587, 126.653244019, 127.15246582, 127.651695251, 128.150924683, 128.650161743, 129.149383545, 129.660217285, 130.159454346, 130.658676147, 131.157913208, 131.65713501, 132.144760132, 132.632385254, 133.119995117, 133.619232178, 134.118453979, 134.61769104, 135.116912842, 135.616149902, 136.115371704, 136.614593506, 137.113830566, 137.601455688, 138.089065552, 138.588302612, 139.087524414, 139.586761475, 140.085983276, 140.585220337, 141.084442139, 141.595275879, 142.082901001, 142.582122803, 143.081359863, 143.580581665, 144.068206787, 144.567428589, 145.078277588, 145.589111328, 146.099945068, 146.599182129, 147.098403931, 147.597640991, 148.096862793, 148.584487915, 149.083709717, 149.571334839, 150.058959961, 150.558181763, 151.057418823, 151.556640625, 152.044265747, 152.543487549, 153.042724609, 153.541946411, 154.041183472, 154.540405273, 155.039627075, 155.538864136, 156.038085938, 156.537322998, 157.0365448, 157.547393799, 158.035003662, 158.522628784, 159.021850586, 159.521087646, 160.00869751, 160.50793457, 161.007156372, 161.506393433, 162.005615234, 162.504852295, 163.004074097, 163.503311157, 164.002532959, 164.50177002, 165.000991821, 165.488616943, 165.999450684, 166.498687744, 166.997909546, 167.497146606, 167.996368408, 168.48399353, 168.983215332, 169.482452393, 169.981674194, 170.480911255, 170.991744995, 171.490966797, 171.990203857, 172.489425659, 172.98866272, 173.487884521, 173.987121582, 174.486343384, 174.985580444, 175.484802246, 175.984039307, 176.483261108, 176.982498169, 177.481719971, 177.980941772, 178.491790771, 178.991012573, 179.490249634, 179.977859497, 180.477096558, 180.976318359, 181.487167358, 181.98638916, 182.485626221, 182.973236084, 183.472473145, 183.971694946, 184.470932007, 184.970153809, 185.469390869, 185.968612671, 186.456237793, 186.943847656, 187.443084717, 187.942306519, 188.441543579, 188.940765381, 189.440002441, 189.939224243, 190.426849365, 190.937683105, 191.436920166, 191.936141968, 192.43536377, 192.93460083, 193.433822632, 193.933059692, 194.432281494, 194.919906616, 195.419128418, 195.90675354, 196.405975342, 196.905212402, 197.404434204, 197.903671265, 198.391296387, 198.87890625, 199.378143311, 199.877365112, 200.376602173, 200.875823975, 201.375045776, 201.874282837, 202.373504639, 202.872741699, 203.360351562, 203.859588623, 204.358810425, 204.869659424, 205.357269287, 205.856506348, 206.355728149, 206.843353271, 207.342575073, 207.830200195, 208.317825317, 208.817047119, 209.31628418, 209.815505981, 210.303131104, 210.802352905, 211.301589966, 211.812423706, 212.300048828, 212.787658691, 213.286895752, 213.786117554, 214.285354614, 214.784576416, 215.272201538, 215.759811401, 216.259048462, 216.758270264, 217.257507324, 217.756729126, 218.244354248, 218.755187988, 219.254425049, 219.753646851, 220.241271973, 220.728881836, 221.216506958, 221.71572876, 222.21496582, 222.702575684, 223.190200806, 223.689422607, 224.188659668, 224.676269531, 225.175506592, 225.663131714, 226.150741577, 226.626754761, 227.125976562, 227.625213623, 228.112823486, 228.600448608, 229.099685669, 229.598907471, 230.086532593, 230.585754395, 231.084991455, 231.572601318, 232.06022644, 232.547836304, 233.047073364, 233.546295166, 234.033920288, 234.521530151, 235.009155273, 235.508392334, 236.007614136, 236.495239258, 236.982849121, 237.470474243, 237.958084106, 238.445709229, 238.933334351, 239.420944214, 239.908569336, 240.396179199, 240.883804321, 241.371429443, 241.859039307, 242.346664429, 242.834274292, 243.321899414, 243.809524536, 244.297134399, 244.784759521, 245.272369385, 245.759994507, 246.247619629, 246.735229492, 247.222854614, 247.710464478, 248.1980896, 248.685714722, 249.173324585, 249.660949707, 250.14855957, 250.647796631, 251.147018433, 251.634643555, 252.110656738, 252.586654663, 253.074279785, 253.561904907, 254.049514771, 254.548751831, 255.036361694, 255.523986816, 256.023223877, 256.51083374, 256.998443604, 257.486083984, 257.96206665, 258.449707031, 258.948944092, 259.436553955, 259.924163818, 260.411773682, 260.899414062, 261.387023926, 261.874633789, 262.36227417, 262.849884033, 263.337493896, 263.825134277, 264.312744141, 264.800354004, 265.287963867, 265.775604248, 266.263214111, 266.750823975, 267.250061035, 267.749298096, 268.236907959, 268.724517822, 269.223754883, 269.722991943, 270.210601807, 270.69821167, 271.185852051, 271.673461914, 272.172698975, 272.671936035, 273.159545898, 273.647155762, 274.134765625, 274.622406006, 275.110015869, 275.597625732, 276.096862793, 276.596099854, 277.083709717, 277.57131958, 278.058959961, 278.546569824, 279.034179688, 279.521820068, 280.009429932, 280.497039795, 280.984680176, 281.483886719, 281.983123779, 282.470733643, 282.958374023, 283.457580566, 283.956817627, 284.44442749, 284.932067871, 285.431274414, 285.930511475, 286.418121338, 286.917358398, 287.416595459, 287.904205322, 288.391845703, 288.891052246, 289.390289307, 289.87789917, 290.37713623, 290.876373291, 291.363983154, 291.863220215, 292.362457275, 292.850067139, 293.349304199, 293.848510742, 294.336151123, 294.835357666, 295.322998047, 295.82220459, 296.333068848, 296.843902588, 297.401184082, 297.946838379, 298.492523193, 298.9453125, 299.409698486, 299.862487793, 300.373321533, 300.884155273, 301.395019531, 301.905853271, 302.416687012, 302.927520752, 303.438354492, 303.949188232, 304.46005249], "beats_loudness": {"dmean2": 0.0435314066708, "median": 0.0565472096205, "min": 7.62518492792e-09, "dvar2": 0.0013164349366, "dvar": 0.000445464684162, "dmean": 0.024996234104, "max": 0.131115168333, "var": 0.000773447973188, "mean": 0.0570356696844}, "danceability": 1.32246685028, "bpm_histogram_second_peak_weight": {"dmean2": 0, "median": 0.00652528554201, "min": 0.00652528554201, "dvar2": 0, "dvar": 0, "dmean": 0, "max": 0.00652528554201, "var": 0, "mean": 0.00652528554201}, "beats_count": 614, "bpm_histogram_second_peak_bpm": {"dmean2": 0, "median": 126, "min": 126, "dvar2": 0, "dvar": 0, "dmean": 0, "max": 126, "var": 0, "mean": 126}, "bpm_histogram_first_peak_spread": {"dmean2": 0, "median": 0.428571403027, "min": 0.428571403027, "dvar2": 0, "dvar": 0, "dmean": 0, "max": 0.428571403027, "var": 0, "mean": 0.428571403027}, "beats_loudness_band_ratio": {"dmean2": [0.46294811368, 0.503822565079, 0.203276649117, 0.10896743834, 0.0459470488131, 0.0162757374346], "median": [0.728033840656, 0.185132682323, 0.0890312120318, 0.0301062054932, 0.0146700320765, 0.00379385752603], "min": [0.00885303039104, 0.0067535424605, 0.00210804003291, 0.0001883496152, 6.8501694841e-06, 2.2231663479e-06], "dvar2": [0.122046217322, 0.103325262666, 0.0345303826034, 0.022831114009, 0.005177102983, 0.000173107226146], "dvar": [0.0400768220425, 0.0321650840342, 0.0131997903809, 0.00776497879997, 0.00160013732966, 6.29061978543e-05], "dmean": [0.254685789347, 0.258940517902, 0.114351406693, 0.0597739182413, 0.0248626321554, 0.0083691412583], "max": [0.995259821415, 0.785224676132, 0.673392891884, 0.529575645924, 0.422188103199, 0.0552448369563], "var": [0.05406203866, 0.0359424836934, 0.0145704550669, 0.00596172688529, 0.00177981564775, 5.9080117353e-05], "mean": [0.671572506428, 0.232998326421, 0.129642799497, 0.0563305914402, 0.028386566788, 0.00657802540809]}}, "lowlevel": {"barkbands_spread": {"dmean2": 5.78183698654, "median": 9.98278045654, "min": 0.392251700163, "dvar2": 52.8835716248, "dvar": 22.2901039124, "dmean": 3.7583258152, "max": 136.718994141, "var": 50.741771698, "mean": 11.2332782745}, "melbands_spread": {"dmean2": 6.97664690018, "median": 10.0835599899, "min": 0.319941401482, "dvar2": 75.1426620483, "dvar": 32.5440750122, "dmean": 4.58604478836, "max": 173.738372803, "var": 89.5635681152, "mean": 12.2233161926}, "hfc": {"dmean2": 5.12559270859, "median": 8.42784500122, "min": 1.05556240035e-16, "dvar2": 45.6128120422, "dvar": 22.9139785767, "dmean": 3.66366195679, "max": 103.28452301, "var": 118.228759766, "mean": 11.1788806915}, "barkbands_kurtosis": {"dmean2": 7.88990116119, "median": 4.41583538055, "min": -1.93083059788, "dvar2": 157.583236694, "dvar": 65.2889862061, "dmean": 5.09964513779, "max": 415.958953857, "var": 228.638702393, "mean": 8.57716751099}, "gfcc": {"mean": [-56.1406707764, 139.106399536, -108.111686707, 13.3769302368, -36.4184837341, 5.76225042343, -30.8959999084, 2.44047999382, -15.0607500076, -0.267633706331, -16.4417800903, 0.833509683609, -5.83155012131], "icov": [[0.000167793230503, -0.00022616572096, 0.000201678732992, -0.000324180931784, 0.000173322667251, -0.000300458807033, 0.000364321196685, -0.000496553315315, 0.000691571389325, -0.000731045438442, 0.000567446229979, -0.000343266030541, 0.000248554919381], [-0.00022616572096, 0.00295969215222, -0.000582896056585, 0.0013161537936, -0.00145834451541, 0.00116732355673, -0.00163910503034, 0.00295693427324, -0.00343270599842, 0.00377314514481, -0.00369841512293, 0.00328192464076, -0.00182460865472], [0.000201678732992, -0.000582896056585, 0.00189673132263, -0.000972991925664, -0.000236360749113, -0.00157490104903, -0.000245533214184, -0.000886889582034, 0.00184289366007, -0.0024176670704, 0.00220729014836, -0.00190024194308, 0.00081956764916], [-0.000324180931784, 0.0013161537936, -0.000972991925664, 0.00452999584377, -0.000910820032004, -0.000712497509085, -2.40071149165e-05, 0.00310127390549, -0.00324732391164, 0.00302622560412, -0.00242463615723, 0.00288871792145, -0.00165023608133], [0.000173322667251, -0.00145834451541, -0.000236360749113, -0.000910820032004, 0.00522890500724, -0.00100860581733, -0.00103642104659, -0.00213382625952, -0.000254853774095, 0.000266688875854, 0.00222296779975, -0.00162772042677, 0.000324271473801], [-0.000300458807033, 0.00116732355673, -0.00157490104903, -0.000712497509085, -0.00100860581733, 0.010073187761, -0.00245439168066, -0.000625625078101, -0.00142041069921, 0.00116899190471, -0.000609495502431, -0.00129380694125, 0.000429226085544], [0.000364321196685, -0.00163910503034, -0.000245533214184, -2.40071149165e-05, -0.00103642104659, -0.00245439168066, 0.0111577147618, -0.00512062385678, 0.000969203538261, -8.57165214256e-05, -0.00260298838839, 0.0029369618278, -0.000198281981284], [-0.000496553315315, 0.00295693427324, -0.000886889582034, 0.00310127390549, -0.00213382625952, -0.000625625078101, -0.00512062385678, 0.0182180497795, -0.0079725086689, 0.00194174866192, -0.0014481729595, -0.0013852402335, 0.000143263969221], [0.000691571389325, -0.00343270599842, 0.00184289366007, -0.00324732391164, -0.000254853774095, -0.00142041069921, 0.000969203538261, -0.0079725086689, 0.0191625021398, -0.00816929712892, 0.00259861629456, -0.00236150482669, -0.000531550787855], [-0.000731045438442, 0.00377314514481, -0.0024176670704, 0.00302622560412, 0.000266688875854, 0.00116899190471, -8.57165214256e-05, 0.00194174866192, -0.00816929712892, 0.0179586037993, -0.0105202365667, 0.00414198962972, -0.000292423035717], [0.000567446229979, -0.00369841512293, 0.00220729014836, -0.00242463615723, 0.00222296779975, -0.000609495502431, -0.00260298838839, -0.0014481729595, 0.00259861629456, -0.0105202365667, 0.0225586220622, -0.00760514568537, -0.000702880963217], [-0.000343266030541, 0.00328192464076, -0.00190024194308, 0.00288871792145, -0.00162772042677, -0.00129380694125, 0.0029369618278, -0.0013852402335, -0.00236150482669, 0.00414198962972, -0.00760514568537, 0.0181812401861, -0.00622566463426], [0.000248554919381, -0.00182460865472, 0.00081956764916, -0.00165023608133, 0.000324271473801, 0.000429226085544, -0.000198281981284, 0.000143263969221, -0.000531550787855, -0.000292423035717, -0.000702880963217, -0.00622566463426, 0.0184636730701]], "cov": [[13178.4082031, -2322.69213867, -75.1823272705, 271.086761475, -933.31463623, 280.331787109, -867.576538086, 85.4259262085, -473.666503906, 487.292907715, -296.105773926, 302.956695557, -294.515197754], [-2322.69213867, 1845.39294434, -309.437469482, -7.71764230728, 443.309387207, -171.805282593, 375.642974854, -111.430290222, 214.234893799, -256.124511719, 155.98664856, -246.016799927, 152.881027222], [-75.1823272705, -309.437469482, 1149.26367188, 128.938308716, 162.714752197, 264.459136963, 65.9683761597, 120.222267151, -9.44623661041, 97.5292892456, -52.232421875, 128.442016602, -35.6935081482], [271.086761475, -7.71764230728, 128.938308716, 350.945648193, 54.1454162598, 59.5703430176, 1.18418169022, -27.6376800537, 19.1907691956, -21.2589359283, -6.95918703079, -20.3797893524, 12.2018108368], [-933.31463623, 443.309387207, 162.714752197, 54.1454162598, 419.727844238, 56.2038612366, 175.476654053, 49.6656188965, 92.5351715088, -74.2660369873, 18.5063400269, -21.2162342072, 41.8488960266], [280.331787109, -171.805282593, 264.459136963, 59.5703430176, 56.2038612366, 193.529418945, 29.4522037506, 62.1025619507, 6.40895175934, 34.8540687561, -13.7703838348, 55.6513061523, -13.8410387039], [-867.576538086, 375.642974854, 65.9683761597, 1.18418169022, 175.476654053, 29.4522037506, 233.860153198, 43.1173858643, 74.8911132812, -40.0556411743, 49.4878768921, -43.2410545349, 33.2141304016], [85.4259262085, -111.430290222, 120.222267151, -27.6376800537, 49.6656188965, 62.1025619507, 43.1173858643, 120.9349823, 34.9119377136, 37.0091590881, 2.58092784882, 44.9572677612, -5.91124629974], [-473.666503906, 214.234893799, -9.44623661041, 19.1907691956, 92.5351715088, 6.40895175934, 74.8911132812, 34.9119377136, 121.266220093, 6.64765787125, 37.8928527832, -12.2066545486, 29.3642196655], [487.292907715, -256.124511719, 97.5292892456, -21.2589359283, -74.2660369873, 34.8540687561, -40.0556411743, 37.0091590881, 6.64765787125, 145.742050171, 21.2526016235, 43.737575531, -20.2666625977], [-296.105773926, 155.98664856, -52.232421875, -6.95918703079, 18.5063400269, -13.7703838348, 49.4878768921, 2.58092784882, 37.8928527832, 21.2526016235, 92.8689651489, 3.16763234138, 27.6349315643], [302.956695557, -246.016799927, 128.442016602, -20.3797893524, -21.2162342072, 55.6513061523, -43.2410545349, 44.9572677612, -12.2066545486, 43.737575531, 3.16763234138, 125.835243225, 5.24434947968], [-294.515197754, 152.881027222, -35.6935081482, 12.2018108368, 41.8488960266, -13.8410387039, 33.2141304016, -5.91124629974, 29.3642196655, -20.2666625977, 27.6349315643, 5.24434947968, 79.2420501709]]}, "spectral_energyband_middle_low": {"dmean2": 0.0101993009448, "median": 0.00858839601278, "min": 2.39934985196e-22, "dvar2": 0.000204515774385, "dvar": 9.06725472305e-05, "dmean": 0.00672821886837, "max": 0.108077779412, "var": 0.000250503449934, "mean": 0.014642409049}, "melbands_crest": {"dmean2": 6.21822309494, "median": 15.3901433945, "min": 1.70976698399, "dvar2": 29.6092281342, "dvar": 13.0330238342, "dmean": 3.95058035851, "max": 38.2767677307, "var": 35.1038551331, "mean": 16.0772018433}, "spectral_kurtosis": {"dmean2": 7.84259986877, "median": 8.71622562408, "min": -1.18854343891, "dvar2": 134.650527954, "dvar": 48.2475128174, "dmean": 4.7385725975, "max": 202.261108398, "var": 191.479858398, "mean": 11.8330860138}, "spectral_rms": {"dmean2": 0.00162255309988, "median": 0.00467372313142, "min": 3.19024277481e-12, "dvar2": 3.24021743836e-06, "dvar": 1.75800209945e-06, "dmean": 0.00119005085435, "max": 0.0132009182125, "var": 7.66480934544e-06, "mean": 0.00517688505352}, "zerocrossingrate": {"dmean2": 0.00732696894556, "median": 0.0283203125, "min": 0.001953125, "dvar2": 6.26447072136e-05, "dvar": 4.94785381306e-05, "dmean": 0.00615814048797, "max": 0.56982421875, "var": 0.000653401075397, "mean": 0.0309269186109}, "silence_rate_60dB": {"dmean2": 0.0325747765601, "median": 0, "min": 0, "dvar2": 0.0407967418432, "dvar": 0.0160178560764, "dmean": 0.016286149621, "max": 1, "var": 0.0791063904762, "mean": 0.0865991935134}, "erbbands_kurtosis": {"dmean2": 1.39694416523, "median": -0.196573019028, "min": -1.73647773266, "dvar2": 2.85777544975, "dvar": 1.21857213974, "dmean": 0.882510602474, "max": 25.6966571808, "var": 2.87498307228, "mean": 0.271256059408}, "erbbands": {"dmean2": [0.406501144171, 2.25927782059, 6.62850093842, 6.69067001343, 20.6074047089, 9.7881155014, 12.1892337799, 34.5390625, 29.7273426056, 29.9237575531, 27.1290168762, 9.47893428802, 25.1384315491, 16.5595359802, 16.1211071014, 15.2687063217, 12.6694974899, 11.9824876785, 11.9100551605, 14.2820882797, 10.675737381, 4.36235380173, 3.28552246094, 3.30754780769, 3.09962105751, 1.9559315443, 1.37554335594, 1.2403178215, 0.927522480488, 0.657856822014, 0.369122385979, 0.246688768268, 0.160383746028, 0.105991639197, 0.0681898370385, 0.0496098250151, 0.0265102945268, 0.00717666186392, 0.000775618187618, 3.4112654248e-05], "median": [0.0432660505176, 0.333552122116, 1.12031590939, 1.65855646133, 5.78281831741, 3.06970596313, 4.81589889526, 9.59424877167, 9.00901889801, 5.2096118927, 7.10297203064, 5.18831586838, 11.2152442932, 9.1136713028, 9.66772556305, 7.7045583725, 3.98617625237, 6.09269571304, 7.80296802521, 11.1266975403, 7.9719414711, 3.19847941399, 2.02908873558, 1.60059738159, 1.0212148428, 0.696909964085, 0.366604804993, 0.365893244743, 0.255008459091, 0.175462052226, 0.0996157750487, 0.0659305676818, 0.0416565015912, 0.0237849522382, 0.011846313253, 0.00614497577772, 0.00244795810431, 0.000583051762078, 4.83980184072e-05, 3.37151104759e-05], "min": [2.96699043043e-22, 5.92992250597e-21, 1.71185334729e-20, 1.38322886865e-20, 3.76837896179e-20, 1.92173572589e-19, 3.07312564363e-19, 1.13416685416e-19, 1.58029301737e-19, 5.38266483718e-19, 1.68817543797e-18, 1.62769436972e-18, 1.92283530741e-18, 3.77472374728e-18, 7.04006057436e-18, 5.82347724383e-18, 3.52271200673e-18, 3.02246687987e-18, 4.26412763824e-18, 1.50501541987e-17, 2.32113166455e-17, 1.65246301104e-17, 9.89785543981e-18, 1.64344293733e-17, 1.27682242777e-17, 1.79473460224e-17, 1.82099791756e-17, 2.10971670769e-17, 2.14998303273e-17, 2.15933215888e-17, 1.62525737156e-17, 1.59680533634e-17, 1.67045352761e-17, 1.15968513308e-17, 9.67857234096e-18, 6.20911587643e-18, 3.01083072339e-18, 9.44604277179e-19, 2.42293893469e-19, 3.49058327776e-20], "dvar2": [0.619080126286, 19.1200084686, 134.763000488, 120.416252136, 1210.23864746, 398.741577148, 621.10949707, 4607.00488281, 3384.71118164, 7376.98632812, 4996.58398438, 1081.07751465, 5647.35742188, 1731.10266113, 2224.75415039, 1600.51257324, 2388.74731445, 753.65802002, 555.106994629, 421.499328613, 196.503341675, 69.8908462524, 33.2420806885, 58.9006233215, 75.734046936, 25.8273029327, 20.1750888824, 10.7869644165, 12.2048444748, 4.4440279007, 1.75842177868, 1.07287526131, 0.37365758419, 0.0718157216907, 0.0231651253998, 0.0125679839402, 0.00381503463723, 0.000263299618382, 3.63348362953e-06, 3.38499384078e-09], "dvar": [0.282698333263, 7.70308160782, 59.2584915161, 45.7382507324, 534.023071289, 181.993362427, 286.510345459, 1703.5423584, 1482.71704102, 3844.54248047, 2837.10327148, 564.14465332, 3332.94311523, 805.837524414, 1017.24987793, 913.742797852, 1422.72387695, 368.270294189, 304.4190979, 187.239654541, 77.472694397, 28.352388382, 12.6086969376, 27.3248996735, 38.9143562317, 11.1736602783, 7.68625974655, 4.19062328339, 4.6659617424, 1.72814774513, 0.687857985497, 0.420161157846, 0.15239751339, 0.0324351005256, 0.0103659676388, 0.00553459953517, 0.00167448329739, 0.000117389150546, 1.58693796948e-06, 1.48892420615e-09], "dmean": [0.260886877775, 1.44987761974, 4.29499864578, 4.03899431229, 13.0844593048, 6.30717039108, 7.75172042847, 20.5813732147, 19.4229602814, 20.7187137604, 19.142244339, 6.21854925156, 17.3314723969, 11.1598291397, 10.2674121857, 9.79667568207, 8.8187046051, 7.887799263, 7.7694439888, 8.96903991699, 6.64303302765, 2.66477274895, 1.99752807617, 2.05123972893, 2.03850412369, 1.25420200825, 0.850338220596, 0.766969919205, 0.587167441845, 0.422362536192, 0.238714531064, 0.16408161819, 0.109540164471, 0.0735453888774, 0.0482934638858, 0.0349026322365, 0.018578466028, 0.00504101719707, 0.000532101432327, 2.43425929511e-05], "max": [6.47091627121, 34.0077590942, 106.239074707, 99.6094512939, 311.944793701, 333.507385254, 527.467041016, 623.569335938, 893.33416748, 1500.64367676, 2100.08300781, 1359.61083984, 2913.79516602, 1515.38818359, 1392.16650391, 2390.69702148, 1508.15405273, 908.540039062, 861.624206543, 564.755004883, 141.21321106, 330.492767334, 84.4668273926, 267.829589844, 232.032791138, 105.923927307, 126.808036804, 77.287940979, 85.5730667114, 48.142791748, 35.2506637573, 22.7219619751, 11.7909107208, 7.07798194885, 2.11843204498, 1.27532124519, 0.703184008598, 0.200302571058, 0.0241783447564, 0.000728501006961], "var": [0.366510361433, 11.8920068741, 141.47996521, 64.5912399292, 944.215820312, 502.192626953, 1173.26464844, 1761.44128418, 2807.15478516, 9719.265625, 10424.5224609, 1223.35717773, 13241.7382812, 1841.703125, 2014.39575195, 3464.01220703, 4807.60791016, 882.049316406, 965.78692627, 511.187133789, 196.868362427, 51.8791465759, 19.9831771851, 63.7751083374, 129.29864502, 26.9208316803, 8.33932685852, 4.3689827919, 4.33227682114, 1.72069430351, 0.680991470814, 0.414077281952, 0.177623942494, 0.0561003871262, 0.0156133659184, 0.00747901480645, 0.00212047481909, 0.000151346393977, 1.90024422864e-06, 2.5152919747e-09], "mean": [0.333056092262, 2.20149850845, 7.54015350342, 5.55728673935, 18.0175266266, 11.4594335556, 14.5860786438, 24.1069011688, 28.0724220276, 33.926700592, 32.9270706177, 11.1592884064, 31.5911750793, 20.7220745087, 18.4303531647, 17.0042285919, 15.6021137238, 13.0415220261, 14.4433860779, 17.1366271973, 12.4976491928, 4.93071269989, 3.38941121101, 3.35030698776, 3.46740722656, 2.04144597054, 1.14663517475, 0.975639939308, 0.743227243423, 0.541139781475, 0.321386784315, 0.223674952984, 0.152062252164, 0.099608913064, 0.0601511523128, 0.0403882265091, 0.0205300524831, 0.00557405082509, 0.000564685848076, 4.98229201185e-05]}, "spectral_strongpeak": {"dmean2": 0.624183773994, "median": 0.48695269227, "min": 0, "dvar2": 0.580892503262, "dvar": 0.274572938681, "dmean": 0.388679385185, "max": 10.2200737, "var": 0.825199007988, "mean": 0.742284476757}, "spectral_energy": {"dmean2": 0.0206797085702, "median": 0.02238978073, "min": 1.04320900772e-20, "dvar2": 0.00069417868508, "dvar": 0.000344376952853, "dmean": 0.0146096562967, "max": 0.178620859981, "var": 0.001020869473, "mean": 0.035326577723}, "average_loudness": 0.915841817856, "spectral_rolloff": {"dmean2": 427.935699463, "median": 516.796875, "min": 43.06640625, "dvar2": 419570.34375, "dvar": 182464.953125, "dmean": 262.536010742, "max": 18518.5546875, "var": 706307, "mean": 704.642578125}, "spectral_centroid": {"dmean2": 255.54876709, "median": 660.343444824, "min": 127.868156433, "dvar2": 90405.4765625, "dvar": 40649.2148438, "dmean": 168.306228638, "max": 10880.7402344, "var": 130036.59375, "mean": 711.799682617}, "pitch_salience": {"dmean2": 0.144147053361, "median": 0.535083711147, "min": 0.065364472568, "dvar2": 0.015502601862, "dvar": 0.00626909825951, "dmean": 0.0886154100299, "max": 0.85904532671, "var": 0.0141240376979, "mean": 0.526534378529}, "spectral_energyband_middle_high": {"dmean2": 0.0015188526595, "median": 0.00193633057643, "min": 2.12542503393e-21, "dvar2": 7.71574468672e-06, "dvar": 4.67591371489e-06, "dmean": 0.00105220603291, "max": 0.102925293148, "var": 2.53311554843e-05, "mean": 0.00302293617278}, "spectral_contrast_coeffs": {"dmean2": [0.0932072177529, 0.0937442556024, 0.0660180300474, 0.0523888766766, 0.0350349470973, 0.0358672626317], "median": [-0.639250636101, -0.698415994644, -0.776075065136, -0.773998856544, -0.809467077255, -0.78241032362], "min": [-0.975989043713, -0.966319262981, -0.964177787304, -0.950863540173, -0.960839211941, -0.962246119976], "dvar2": [0.00594591442496, 0.00601476803422, 0.00266844360158, 0.00169270229526, 0.000792027858552, 0.00128789863084], "dvar": [0.00251464475878, 0.00243922718801, 0.00111560267396, 0.000722869532183, 0.000329479051288, 0.000490731385071], "dmean": [0.0597837902606, 0.0584709718823, 0.0417630746961, 0.0333540588617, 0.0221191681921, 0.0223558880389], "max": [-0.262019693851, -0.397492170334, -0.45672506094, -0.538778603077, -0.617630362511, -0.64720416069], "var": [0.0085790194571, 0.00679458677769, 0.00376816722564, 0.00250619743019, 0.00124434044119, 0.00122801528778], "mean": [-0.631118357182, -0.693905949593, -0.770937740803, -0.771424412727, -0.806834042072, -0.782273173332]}, "melbands_skewness": {"dmean2": 1.42510735989, "median": 2.49693441391, "min": -1.05462622643, "dvar2": 2.44809913635, "dvar": 1.09871923923, "dmean": 0.950398147106, "max": 21.5819091797, "var": 3.26818656921, "mean": 2.91680407524}, "spectral_spread": {"dmean2": 719878.1875, "median": 3104095.5, "min": 474767.4375, "dvar2": 702631444480, "dvar": 391849017344, "dmean": 541485.3125, "max": 40429060, "var": 1690012090370.0, "mean": 3299391}, "dissonance": {"dmean2": 0.0432287491858, "median": 0.451838046312, "min": 0.177751511335, "dvar2": 0.00140699732583, "dvar": 0.000531531695742, "dmean": 0.0261669512838, "max": 0.5, "var": 0.00147005158942, "mean": 0.444441884756}, "spectral_skewness": {"dmean2": 0.699693739414, "median": 2.23529052734, "min": 0.0194675642997, "dvar2": 0.672639369965, "dvar": 0.248304888606, "dmean": 0.434495151043, "max": 11.9687299728, "var": 0.877117455006, "mean": 2.38870692253}, "spectral_flux": {"dmean2": 0.0554348602891, "median": 0.0751732811332, "min": 1.0213760393e-10, "dvar2": 0.00297080748715, "dvar": 0.00150847621262, "dmean": 0.0365053117275, "max": 0.314683437347, "var": 0.0035196559038, "mean": 0.0919409021735}, "spectral_contrast_valleys": {"dmean2": [0.680926978588, 0.671351015568, 0.606327533722, 0.551791131496, 0.549081921577, 0.539302051067], "median": [-7.26207780838, -6.83272790909, -7.23327541351, -7.80174303055, -8.24127864838, -11.1082448959], "min": [-26.8935718536, -27.3642730713, -27.025762558, -27.5169334412, -27.2138385773, -27.18409729], "dvar2": [0.333468675613, 0.32417973876, 0.264038324356, 0.240516871214, 0.357804864645, 0.416072845459], "dvar": [0.156099781394, 0.138734430075, 0.118273384869, 0.118196509778, 0.175124168396, 0.212970763445], "dmean": [0.4413882792, 0.423150628805, 0.383113056421, 0.366611123085, 0.38115644455, 0.419115304947], "max": [-5.09927988052, -4.48075866699, -5.30837106705, -6.19995927811, -6.16874170303, -8.50922012329], "var": [1.37024438381, 1.16214025021, 1.08584964275, 1.27470481396, 1.44961094856, 2.34921455383], "mean": [-7.29076242447, -6.96678113937, -7.38902997971, -7.9818148613, -8.44303798676, -11.4175453186]}, "erbbands_flatness_db": {"dmean2": 0.030622959137, "median": 0.183097690344, "min": 0.0332337543368, "dvar2": 0.000912822899409, "dvar": 0.000476948160212, "dmean": 0.0226866602898, "max": 0.369618713856, "var": 0.0027098080609, "mean": 0.18778540194}, "spectral_energyband_high": {"dmean2": 0.000105861588963, "median": 3.86330248148e-05, "min": 7.32797850632e-21, "dvar2": 9.61660475696e-08, "dvar": 3.82488458683e-08, "dmean": 7.26368889445e-05, "max": 0.00688064284623, "var": 4.47190693365e-08, "mean": 0.000108154548798}, "spectral_entropy": {"dmean2": 0.324531584978, "median": 7.12731456757, "min": 4.64293813705, "dvar2": 0.0950448811054, "dvar": 0.045981708914, "dmean": 0.2253100425, "max": 9.81059455872, "var": 0.216821789742, "mean": 7.07302427292}, "silence_rate_20dB": {"dmean2": 0, "median": 1, "min": 1, "dvar2": 0, "dvar": 0, "dmean": 0, "max": 1, "var": 0, "mean": 1}, "melbands_flatness_db": {"dmean2": 0.0484545901418, "median": 0.276608854532, "min": 0.00995697267354, "dvar2": 0.00214130547829, "dvar": 0.0010525714606, "dmean": 0.0339281447232, "max": 0.723669290543, "var": 0.0081783849746, "mean": 0.28894931078}, "barkbands": {"dmean2": [0.00258099567145, 0.0106180170551, 0.00567651866004, 0.00300416513346, 0.00472839502618, 0.00340926228091, 0.00179669971112, 0.00154857826419, 0.000406186358305, 0.00075324671343, 0.000489665952045, 0.00037806094042, 0.000274226855254, 0.000257203035289, 0.000282691908069, 0.000237062122324, 8.90793089638e-05, 6.34491079836e-05, 6.57681957819e-05, 4.27390077675e-05, 3.18292441079e-05, 2.48977812589e-05, 1.43751667565e-05, 1.02005697045e-05, 9.26601387619e-06, 1.33111125251e-05, 4.24427616963e-06], "median": [0.000345917593222, 0.00153465301264, 0.00083149241982, 0.000690024520736, 0.00174618209712, 0.00126747984905, 0.000477311463328, 0.00029447543784, 0.000158600741997, 0.000371268892195, 0.000243496207986, 0.000177569279913, 6.51476875646e-05, 0.000105824612547, 0.000177457084646, 0.000171602368937, 5.45925249753e-05, 3.40720616805e-05, 2.51069650403e-05, 1.43929673868e-05, 8.7722301032e-06, 6.87936289978e-06, 3.8310349737e-06, 2.77601702692e-06, 1.91919866666e-06, 1.39222765938e-06, 1.92860369452e-07], "min": [1.12435524406e-23, 2.17037928