{"metadata": {"tags": {"label": ["EMI"], "title": ["Chorando baixinho"], "originalyear": ["2000"], "album": ["Bach in Brazil"], "musicbrainz album type": ["album"], "script": ["Latn"], "albumartistsort": ["Camerata Brasil"], "musicbrainz album release country": ["US"], "musicbrainz_artistid": ["4bbc8d2f-4bd2-485a-b97b-8c7b821585b4"], "musicbrainz_releasegroupid": ["82e233c6-8058-32c1-bfab-d2240b9db43c"], "musicbrainz_recordingid": ["0a6e9793-650b-47a2-9887-adac2130fdf5"], "albumartist": ["Camerata Brasil"], "barcode": ["724355693921"], "originaldate": ["2000"], "musicbrainz album status": ["official"], "artist": ["Camerata Brasil"], "musicbrainz_albumid": ["7820e802-9e8a-4ec1-bef6-7bd5346a588d"], "artistsort": ["Camerata Brasil"], "catalognumber": ["7243 5 56939 2 1"], "tracknumber": ["5/14"], "musicbrainz_albumartistid": ["4bbc8d2f-4bd2-485a-b97b-8c7b821585b4"], "encoding": ["Lavf56.36.100"], "discnumber": ["1/1"], "date": ["2000"], "media": ["CD"], "file_name": "Abel Ferreira - Chorando Baixinho.mp3"}, "audio_properties": {"sample_rate": 44100, "downmix": "mix", "lossless": false, "analysis_sample_rate": 44100, "md5_encoded": "17e6c4145058caca78c23f46debe73e9", "equal_loudness": 0, "replay_gain": -9.65452384949, "codec": "mp3", "bit_rate": 160016, "length": 257.253875732}, "version": {"extractor": "music 1.0", "essentia_build_sha": "70f2e5ece6736b2c40cc944ad0e695b16b925413", "essentia_git_sha": "v2.1_beta2", "essentia": "2.1-beta2"}}, "rhythm": {"beats_loudness_band_ratio": {"dvar2": [0.121508777142, 0.0490736961365, 0.12327914685, 0.0534558258951, 0.00793663226068, 0.00015675193572], "var": [0.0694211944938, 0.0388088002801, 0.0510873384774, 0.0533217601478, 0.00238791736774, 5.52889723622e-05], "min": [0, 0, 0, 0, 0, 0], "dmean": [0.254198104143, 0.143303722143, 0.177687689662, 0.128731042147, 0.0278810076416, 0.00603919290006], "mean": [0.359062701464, 0.245223537087, 0.197056800127, 0.203456535935, 0.0251797121018, 0.00628585368395], "max": [0.996612668037, 0.895922660828, 0.951665759087, 0.999928176403, 0.507061004639, 0.0602297447622], "dmean2": [0.449926406145, 0.248978227377, 0.315798729658, 0.226502284408, 0.0496778041124, 0.0105463741347], "median": [0.316702723503, 0.224141195416, 0.112920902669, 0.122222498059, 0.00798779912293, 0.00415550358593], "dvar": [0.0399585179985, 0.017742311582, 0.0435354635119, 0.0207421518862, 0.00283154589124, 5.68507566641e-05]}, "bpm_histogram_first_peak_weight": {"dvar2": 0, "var": 0, "min": 0.541832685471, "dmean": 0, "mean": 0.541832685471, "max": 0.541832685471, "dmean2": 0, "median": 0.541832685471, "dvar": 0}, "bpm": 117.616668701, "beats_count": 503, "bpm_histogram_first_peak_spread": {"dvar2": 0, "var": 0, "min": 0.380410015583, "dmean": 0, "mean": 0.380410015583, "max": 0.380410015583, "dmean2": 0, "median": 0.380410015583, "dvar": 0}, "danceability": 0.938432812691, "bpm_histogram_first_peak_bpm": {"dvar2": 0, "var": 0, "min": 117, "dmean": 0, "mean": 117, "max": 117, "dmean2": 0, "median": 117, "dvar": 0}, "beats_position": [0.476009070873, 0.96362811327, 1.46285712719, 1.95047616959, 2.43809509277, 2.92571425438, 3.42494320869, 3.94739222527, 4.48145103455, 5.00390005112, 5.52634906769, 6.03718805313, 6.54802703857, 7.04725599289, 7.5464849472, 8.05732440948, 8.56816291809, 9.07900238037, 9.58984088898, 10.1006803513, 10.5882987976, 11.0759181976, 11.5751476288, 12.0743761063, 12.5736055374, 13.0960540771, 13.6068935394, 14.117732048, 14.6285715103, 15.1277999878, 15.6270294189, 16.1262588501, 16.6254863739, 17.1247158051, 17.6355552673, 18.1463947296, 18.6456241608, 19.1564617157, 19.667301178, 20.1781406403, 20.6889801025, 21.1998176575, 21.7106571198, 22.2098865509, 22.7091159821, 23.2083435059, 23.707572937, 24.2068023682, 24.7060317993, 25.2168693542, 25.7277088165, 26.2385482788, 26.7493877411, 27.2486171722, 27.747844696, 28.2470741272, 28.7463035583, 29.2571430206, 29.7679805756, 30.2672100067, 30.7664394379, 31.265668869, 31.7648983002, 32.2757377625, 32.7865753174, 33.2974128723, 33.8082542419, 34.3190917969, 34.8299331665, 35.329158783, 35.8283882141, 36.3392295837, 36.8500671387, 37.3609046936, 37.8717460632, 38.3709754944, 38.8702049255, 39.3810424805, 39.8918800354, 40.4143295288, 40.9367790222, 41.4476165771, 41.9468460083, 42.4576873779, 42.9569168091, 43.467754364, 43.9785919189, 44.4894332886, 45.0002708435, 45.5111083984, 46.0219497681, 46.532787323, 47.0436286926, 47.5544662476, 48.0653038025, 48.5761451721, 49.0869827271, 49.5978240967, 50.1086616516, 50.6194992065, 51.1303405762, 51.6411781311, 52.152015686, 52.6628570557, 53.1736946106, 53.6845359802, 54.1953735352, 54.7062110901, 55.2170524597, 55.7278900146, 56.2387275696, 56.7495689392, 57.2604064941, 57.7596359253, 58.2588653564, 58.7580947876, 59.2573242188, 59.7681617737, 60.2906112671, 60.8130607605, 61.3238983154, 61.8347396851, 62.34557724, 62.8564147949, 63.3672561646, 63.889705658, 64.3889312744, 64.899772644, 65.4106140137, 65.9214477539, 66.4322891235, 66.9431304932, 67.4539642334, 67.964805603, 68.4756469727, 68.9864807129, 69.4973220825, 70.0081634521, 70.5189971924, 71.0414505005, 71.5406799316, 72.0515213013, 72.5623550415, 73.0964126587, 73.6072540283, 74.1180953979, 74.6289291382, 75.1397705078, 75.6506118774, 76.1498413086, 76.6490707397, 77.15990448, 77.6707458496, 78.1815872192, 78.6924285889, 79.1916503906, 79.7024917603, 80.2017211914, 80.712562561, 81.2233963013, 81.7574615479, 82.2799072266, 82.8023605347, 83.2899780273, 83.7892074585, 84.2884368896, 84.7992706299, 85.3101119995, 85.8209533691, 86.3317871094, 86.842628479, 87.3534698486, 87.8643035889, 88.36353302, 88.8627624512, 89.3736038208, 89.872833252, 90.3604507446, 90.8596801758, 91.3705215454, 91.8929672241, 92.4154205322, 92.9262542725, 93.4370956421, 93.9479370117, 94.4703826904, 94.9928359985, 95.5036697388, 96.0145111084, 96.525352478, 97.0245819092, 97.5238113403, 98.0230331421, 98.5222625732, 99.0331039429, 99.532333374, 100.043174744, 100.554008484, 101.076461792, 101.587303162, 102.10974884, 102.632194519, 103.143035889, 103.653877258, 104.153106689, 104.66394043, 105.174781799, 105.697235107, 106.208068848, 106.718910217, 107.229751587, 107.740585327, 108.251426697, 108.762268066, 109.273101807, 109.772331238, 110.25995636, 110.7707901, 111.28163147, 111.792472839, 112.30330658, 112.814147949, 113.336593628, 113.847434998, 114.358276367, 114.869110107, 115.379951477, 115.902404785, 116.424850464, 116.935691833, 117.446525574, 117.945755005, 118.468208313, 118.979042053, 119.489883423, 120.000724792, 120.511566162, 121.022399902, 121.533241272, 122.044082642, 122.554916382, 123.065757751, 123.576599121, 124.087432861, 124.598274231, 125.097503662, 125.596733093, 126.107574463, 126.606803894, 127.106025696, 127.616867065, 128.139312744, 128.661773682, 129.172607422, 129.683441162, 130.194290161, 130.693511963, 131.204345703, 131.726806641, 132.249252319, 132.771697998, 133.282531738, 133.793380737, 134.292602539, 134.803451538, 135.314285278, 135.825119019, 136.347564697, 136.858413696, 137.380859375, 137.891693115, 138.414154053, 138.924987793, 139.447433472, 139.958267212, 140.480728149, 141.003173828, 141.514007568, 142.036453247, 142.547302246, 143.058135986, 143.580581665, 144.103042603, 144.625488281, 145.14793396, 145.6587677, 146.169616699, 146.692062378, 147.19128418, 147.69052124, 148.189743042, 148.700592041, 149.211425781, 149.710647583, 150.221496582, 150.732330322, 151.243179321, 151.765625, 152.288070679, 152.810516357, 153.321365356, 153.832199097, 154.354644775, 154.865478516, 155.387939453, 155.898773193, 156.409606934, 156.920455933, 157.431289673, 157.942123413, 158.452972412, 158.975418091, 159.49786377, 160.00869751, 160.519546509, 161.030380249, 161.541213989, 162.052062988, 162.562896729, 163.062133789, 163.572967529, 164.08380127, 164.58303833, 165.09387207, 165.604721069, 166.103942871, 166.614776611, 167.114013672, 167.624847412, 168.147293091, 168.669754028, 169.192199707, 169.714645386, 170.225479126, 170.736328125, 171.247161865, 171.757995605, 172.280456543, 172.791290283, 173.313735962, 173.824569702, 174.335418701, 174.846252441, 175.35710144, 175.867935181, 176.378768921, 176.88961792, 177.388839722, 177.888076782, 178.387298584, 178.886520386, 179.397369385, 179.908203125, 180.419036865, 180.929885864, 181.440719604, 181.951568604, 182.450790405, 182.950012207, 183.460861206, 183.971694946, 184.482528687, 184.993377686, 185.504211426, 186.015060425, 186.525894165, 187.036727905, 187.547576904, 188.058410645, 188.557632446, 189.056869507, 189.567703247, 190.066940308, 190.577774048, 191.088607788, 191.599456787, 192.110290527, 192.609527588, 193.120361328, 193.631195068, 194.153640747, 194.664489746, 195.175323486, 195.674560547, 196.173782349, 196.673019409, 197.183853149, 197.69468689, 198.205535889, 198.727981567, 199.238815308, 199.749649048, 200.260498047, 200.782943726, 201.293777466, 201.804626465, 202.315460205, 202.826293945, 203.337142944, 203.859588623, 204.382034302, 204.892883301, 205.403717041, 205.914550781, 206.413787842, 206.936233521, 207.447067261, 207.95791626, 208.480361938, 208.991195679, 209.513641357, 210.024490356, 210.535324097, 211.034561157, 211.533782959, 212.033004761, 212.54385376, 213.066299438, 213.565536499, 214.064758301, 214.587203979, 215.109649658, 215.620498657, 216.142944336, 216.665390015, 217.187835693, 217.698684692, 218.197906494, 218.708755493, 219.219589233, 219.742034912, 220.264480591, 220.77532959, 221.28616333, 221.79699707, 222.307846069, 222.81867981, 223.32951355, 223.840362549, 224.351196289, 224.862030029, 225.372879028, 225.87210083, 226.371337891, 226.882171631, 227.416229248, 227.950286865, 228.461135864, 228.983581543, 229.529251099, 230.074920654, 230.562530518, 231.061767578, 231.56098938, 232.013778687, 232.466567993, 232.9193573, 233.383758545, 233.836547852, 234.289337158, 234.730514526, 235.287796021, 235.845077515, 236.413970947, 236.99446106, 237.586578369, 238.225112915, 238.85206604, 239.490600586, 240.140762329, 240.790924072, 241.452697754, 242.091247559, 242.706573486, 243.333511353, 243.879180908, 244.436462402, 244.97052002, 245.434921265, 245.89932251, 246.363708496, 246.828109741, 247.292510986, 247.756912231, 248.221313477, 248.685714722, 249.161712646, 249.626113892, 250.102127075, 250.578140259, 251.042541504, 251.472106934, 251.890060425, 252.308029175, 252.749206543, 253.190383911, 253.631561279, 254.061126709, 254.513916016, 254.966705322, 255.477539062, 255.988388062, 256.51083374], "beats_loudness": {"dvar2": 0.000709216226824, "var": 0.000460063107312, "min": 0, "dmean": 0.0163086615503, "mean": 0.0263417884707, "max": 0.135281220078, "dmean2": 0.0281053874642, "median": 0.0205410402268, "dvar": 0.000250640499871}, "bpm_histogram_second_peak_weight": {"dvar2": 0, "var": 0, "min": 0.0219123512506, "dmean": 0, "mean": 0.0219123512506, "max": 0.0219123512506, "dmean2": 0, "median": 0.0219123512506, "dvar": 0}, "bpm_histogram_second_peak_spread": {"dvar2": 0, "var": 0, "min": 0.476190447807, "dmean": 0, "mean": 0.476190447807, "max": 0.476190447807, "dmean2": 0, "median": 0.476190447807, "dvar": 0}, "bpm_histogram_second_peak_bpm": {"dvar2": 0, "var": 0, "min": 129, "dmean": 0, "mean": 129, "max": 129, "dmean2": 0, "median": 129, "dvar": 0}, "onset_rate": 3.95311498642}, "lowlevel": {"spectral_energyband_high": {"dvar2": 7.20914128394e-09, "var": 6.57916165991e-09, "min": 6.9659149283e-21, "dmean": 2.95789159281e-05, "mean": 4.55889094155e-05, "max": 0.002096778946, "dmean2": 3.95600036427e-05, "median": 1.35798609335e-05, "dvar": 3.44351547277e-09}, "spectral_energyband_middle_low": {"dvar2": 4.30629770563e-05, "var": 0.000162729891599, "min": 1.54922815455e-22, "dmean": 0.00297460658476, "mean": 0.0103912949562, "max": 0.123558938503, "dmean2": 0.00426696101204, "median": 0.00665100617334, "dvar": 2.52885838563e-05}, "spectral_energy": {"dvar2": 0.000109366352262, "var": 0.000350103218807, "min": 1.00255324217e-20, "dmean": 0.00521653145552, "mean": 0.0206001345068, "max": 0.150407224894, "dmean2": 0.0074191391468, "median": 0.01508622244, "dvar": 5.87159083807e-05}, "spectral_spread": {"dvar2": 1427022413820.0, "var": 17654435807200.0, "min": 467395.1875, "dmean": 812742.6875, "mean": 3764689, "max": 42403032, "dmean2": 1020339.625, "median": 2830989.5, "dvar": 893309026304}, "spectral_energyband_low": {"dvar2": 4.486304897e-05, "var": 3.35020376951e-05, "min": 1.68474720054e-23, "dmean": 0.00211066449992, "mean": 0.00438100751489, "max": 0.0842350572348, "dmean2": 0.00342126074247, "median": 0.00222785491496, "dvar": 1.78815844265e-05}, "spectral_rolloff": {"dvar2": 171857.375, "var": 3806720.75, "min": 86.1328125, "dmean": 130.082885742, "mean": 989.514282227, "max": 19789.0136719, "dmean2": 225.614730835, "median": 753.662109375, "dvar": 88095.25}, "barkbands": {"dvar2": [5.03801722562e-10, 1.63333897945e-05, 1.51599824676e-05, 1.49045911257e-06, 7.26238113202e-06, 4.39045516032e-06, 1.73680768967e-06, 7.86193595559e-06, 2.59155622189e-05, 2.02128740057e-05, 4.55351982964e-06, 2.86770682578e-06, 1.30352646011e-06, 4.87533327487e-07, 9.6374799341e-07, 2.93102146998e-07, 6.34482555384e-09, 6.27681462362e-09, 2.62717136934e-08, 6.81772727162e-09, 7.72692243522e-10, 2.08718736738e-10, 1.1915429754e-10, 4.2283671009e-10, 2.9953461933e-10, 1.17971452052e-10, 2.90216310185e-12], "var": [6.96907309639e-10, 1.46356742334e-05, 9.84457165032e-06, 9.11127472136e-07, 1.14237518574e-05, 9.73894748313e-06, 6.36342520011e-06, 2.38357788476e-05, 0.000104744671262, 9.07639187062e-05, 1.60717809194e-05, 2.89110612357e-05, 3.74950241167e-06, 7.99805377483e-07, 3.58502347808e-06, 5.48003981748e-07, 1.97306295746e-08, 1.24927925782e-08, 4.15083150074e-08, 1.19404885979e-08, 1.31730126807e-09, 1.65809713182e-10, 7.54960954863e-11, 2.44020720297e-10, 1.89812596196e-10, 7.60264629029e-11, 2.04406066726e-12], "min": [1.30217318929e-25, 3.63770239542e-25, 5.46332325229e-25, 8.67051516248e-25, 4.96746974195e-24, 1.00369597093e-23, 1.21978209115e-23, 5.84598192804e-24, 8.45108028827e-24, 1.84563995756e-23, 1.38547561898e-23, 1.21691118966e-23, 1.916447008e-23, 3.09581898931e-23, 3.86354978187e-23, 5.07122514583e-23, 5.26338819135e-23, 9.02062634447e-23, 8.89276650677e-23, 1.78189718807e-22, 2.26895455221e-22, 2.6233653969e-22, 3.96721228949e-22, 5.5852058909e-22, 8.476017349e-22, 1.39346318905e-21, 1.90834384141e-21], "dmean": [5.70104839426e-06, 0.00115119025577, 0.0010864729993, 0.000385596620617, 0.00102251279168, 0.000741008494515, 0.000360929610906, 0.000463859090814, 0.000849389412906, 0.000702773162629, 0.000339719408657, 0.000314963952405, 0.000226172211114, 0.000122620200273, 0.000142601042171, 4.73534455523e-05, 1.51734266183e-05, 1.34658102979e-05, 2.43130707531e-05, 1.01137138699e-05, 6.10997312833e-06, 3.57472617907e-06, 3.55926817974e-06, 6.58316321278e-06, 5.7166444094e-06, 3.74398155145e-06, 6.07186848356e-07], "mean": [9.84988037089e-06, 0.00254784664139, 0.00158012576867, 0.000587077753153, 0.00243870681152, 0.001839393517, 0.000983618781902, 0.00128637405578, 0.00266458303668, 0.00264636869542, 0.000897327729035, 0.00158874236513, 0.000564313493669, 0.000276003265753, 0.000400046119466, 0.000114788279461, 3.45795233443e-05, 2.79665728158e-05, 5.21073234268e-05, 1.95999054995e-05, 1.14184904305e-05, 5.50184222448e-06, 4.45110345026e-06, 7.47735703044e-06, 6.55210033074e-06, 4.57693022327e-06, 7.45737395391e-07], "max": [0.000373207149096, 0.0366149060428, 0.0651656314731, 0.0147696537897, 0.0321672186255, 0.030770521611, 0.0299021136016, 0.065054230392, 0.120612226427, 0.106015354395, 0.0827596336603, 0.0528771243989, 0.0338769443333, 0.0220091380179, 0.0357839614153, 0.0215203072876, 0.00295270071365, 0.00303291203454, 0.00622021779418, 0.00278066424653, 0.000653931172565, 0.000427600723924, 0.000167688471265, 0.000199540052563, 0.000161341144121, 0.000114582791866, 1.82832900464e-05], "dmean2": [9.43935265241e-06, 0.00185216893442, 0.00175782083534, 0.000642641040031, 0.00160377146676, 0.00111797673162, 0.000530425226316, 0.000671414250974, 0.0010930034332, 0.000951504567638, 0.00045497607789, 0.000404710270232, 0.000309940834995, 0.000170226441696, 0.000194463413209, 6.42683953629e-05, 2.13286220969e-05, 1.95803477254e-05, 3.37114106514e-05, 1.43138431667e-05, 8.71337124408e-06, 5.24220422449e-06, 5.05281741425e-06, 9.1971587608e-06, 7.81492235546e-06, 5.01763452121e-06, 8.40238442379e-07], "median": [1.88095702924e-06, 0.000774057698436, 0.000556013779715, 0.000253173027886, 0.00108144723345, 0.000417317729443, 0.000201571732759, 0.000117893847346, 0.000147526588989, 9.90257103695e-05, 6.32213632343e-05, 0.000108925116365, 7.82162678661e-05, 2.47565349127e-05, 2.43843096541e-05, 8.98241796676e-06, 6.75859701005e-06, 4.71043767902e-06, 4.96817074236e-06, 2.71216003966e-06, 2.4456819574e-06, 1.76664002538e-06, 1.0093617675e-06, 1.0534613466e-06, 9.56090161708e-07, 9.41152961786e-07, 1.47364829672e-07], "dvar": [1.85149090504e-10, 6.22420702712e-06, 6.61275862512e-06, 5.47076240309e-07, 3.02470766655e-06, 2.07227049032e-06, 8.78793684933e-07, 4.45427485829e-06, 1.76297326107e-05, 1.17575673357e-05, 2.84497014036e-06, 1.65524591011e-06, 8.29181828976e-07, 2.58796632124e-07, 5.2536114481e-07, 1.54810379627e-07, 4.12634015845e-09, 3.43008310644e-09, 1.42657787805e-08, 3.79914810722e-09, 4.2918812948e-10, 9.75201863707e-11, 5.45265325946e-11, 1.94268462428e-10, 1.43056885782e-10, 5.49861545185e-11, 1.38477077027e-12]}, "melbands_skewness": {"dvar2": 1.14959847927, "var": 3.01872396469, "min": -4.95533275604, "dmean": 0.553073763847, "mean": 1.65837550163, "max": 26.6744289398, "dmean2": 0.815012454987, "median": 1.46786391735, "dvar": 0.556482374668}, "barkbands_skewness": {"dvar2": 3.35943841934, "var": 23.7121982574, "min": -4.20463752747, "dmean": 0.601474821568, "mean": 1.83594703674, "max": 121.660797119, "dmean2": 0.85590839386, "median": 1.12218368053, "dvar": 1.61071956158}, "erbbands": {"dvar2": [0.00274647795595, 1.30280101299, 19.6483688354, 11.859336853, 50.4071235657, 127.292930603, 317.87020874, 371.754058838, 476.49508667, 503.576019287, 4886.06152344, 19500.0664062, 11532.1328125, 21613.6523438, 3508.00146484, 4127.64453125, 3129.42553711, 448.674163818, 2863.54858398, 1235.07116699, 440.625427246, 9.3114938736, 16.1358261108, 67.4293136597, 31.6641464233, 16.4194469452, 2.36362266541, 0.578665316105, 0.194564759731, 0.251703411341, 0.0784993842244, 0.154949873686, 0.126313507557, 0.0251388587058, 0.0186950508505, 0.00596449105069, 0.000228778924793, 9.2036643764e-06, 7.8322713648e-08, 1.72815733945e-10], "var": [0.00520684849471, 1.02876627445, 12.5052852631, 6.1962761879, 43.3597068787, 182.713928223, 844.965698242, 828.694702148, 891.661193848, 3523.23388672, 16925.453125, 75850.3828125, 53315.140625, 94639.296875, 14879.0322266, 63205.0351562, 8860.48144531, 1020.29632568, 5553.45898438, 8525.90136719, 1164.21374512, 26.4384613037, 25.8924179077, 115.684997559, 57.9960174561, 34.0824890137, 3.7907230854, 0.752524018288, 0.172616273165, 0.196640536189, 0.0494038872421, 0.0856006145477, 0.0724398419261, 0.0150228617713, 0.0119769265875, 0.00335086416453, 0.00016203582345, 7.9141709648e-06, 4.99796968256e-08, 5.25475996049e-10], "min": [5.93694382241e-23, 5.76186277093e-22, 1.40864455843e-21, 2.49220572248e-21, 8.83003671673e-21, 1.7934653776e-20, 3.84960066624e-20, 7.03908923168e-20, 1.39227292543e-19, 1.19804031935e-19, 2.59475959906e-19, 2.04014430413e-19, 5.82168681139e-19, 7.07657925424e-19, 7.86294470742e-19, 9.28598849314e-19, 1.25308246827e-18, 1.75930128672e-18, 2.10049777976e-18, 2.44810347499e-18, 2.06079186959e-18, 3.51972050804e-18, 4.82922641346e-18, 5.0763193245e-18, 4.81077656349e-18, 8.73459134438e-18, 8.04563509372e-18, 9.30831058235e-18, 9.41386958186e-18, 1.22407841407e-17, 1.20921794893e-17, 1.01802226409e-17, 9.92428799628e-18, 9.26286279796e-18, 6.2481054482e-18, 4.05405602269e-18, 2.37562901164e-18, 9.66144163727e-19, 2.44524722033e-19, 2.77134230345e-20], "dmean": [0.0150121999905, 0.324831783772, 1.26670181751, 1.02648198605, 2.32262372971, 3.69062209129, 5.57772922516, 5.99547481537, 5.82968616486, 5.3106212616, 12.4307203293, 21.7287864685, 16.3486404419, 22.3368434906, 12.6596403122, 13.0000095367, 11.4917783737, 5.42654132843, 8.46433448792, 4.93098449707, 2.08461546898, 0.672665297985, 0.773954987526, 1.19860577583, 0.939509689808, 0.501009106636, 0.291059166193, 0.180846720934, 0.11833845824, 0.135618135333, 0.0904950425029, 0.121883161366, 0.112780064344, 0.0512951500714, 0.0449816584587, 0.0241716876626, 0.0054792072624, 0.00120554259047, 9.52602422331e-05, 6.67416134092e-06], "mean": [0.041021168232, 0.691364943981, 1.9793639183, 1.72389543056, 4.29459238052, 8.21505260468, 15.671037674, 13.8537273407, 13.4083175659, 17.7682762146, 37.2821846008, 68.8140716553, 55.7949867249, 86.1268844604, 39.0713119507, 73.7420272827, 31.6359825134, 13.7348871231, 21.4089374542, 15.369096756, 5.24224233627, 1.63614165783, 1.62908923626, 2.53555965424, 2.02952361107, 1.05081033707, 0.560826778412, 0.308591246605, 0.181672647595, 0.189027383924, 0.115137718618, 0.139354109764, 0.127018466592, 0.059572070837, 0.0512228123844, 0.0272895675153, 0.00699812406674, 0.00160894310102, 0.000122349199955, 2.55419181485e-05], "max": [0.68184363842, 10.2848901749, 63.6422271729, 46.8498039246, 143.614303589, 136.934692383, 273.869476318, 326.767089844, 411.061187744, 874.269226074, 1784.85559082, 3533.34741211, 3943.71850586, 3460.59765625, 2841.35107422, 2038.06811523, 1772.95715332, 403.866485596, 1510.57971191, 2328.46923828, 1147.04382324, 94.4481124878, 101.175308228, 314.245666504, 173.53956604, 173.234771729, 37.7007484436, 26.6850852966, 18.4728870392, 15.5142202377, 5.6126832962, 4.17305278778, 3.12445878983, 1.40781331062, 1.17689704895, 0.902857780457, 0.166248604655, 0.0332804881036, 0.00301288021728, 0.000181969749974], "dmean2": [0.0222089346498, 0.52731525898, 2.05835485458, 1.69660556316, 3.75247883797, 5.81990718842, 8.19599056244, 9.1756362915, 8.8962726593, 7.31909751892, 17.5222244263, 27.9774188995, 21.4624595642, 30.6973705292, 16.8561573029, 16.4568080902, 15.5330190659, 7.43427371979, 11.5593147278, 6.65515327454, 2.81890296936, 0.950648605824, 1.11767494678, 1.65573859215, 1.29522871971, 0.703688681126, 0.423267483711, 0.257143050432, 0.174601435661, 0.195779249072, 0.127801537514, 0.172024264932, 0.159627988935, 0.0710833519697, 0.0615223683417, 0.0332851968706, 0.0072734542191, 0.00156745733693, 0.000134391812026, 9.33042156248e-06], "median": [0.00884825736284, 0.227499097586, 0.907638430595, 0.981906235218, 1.98630714417, 3.01733016968, 3.46032547951, 3.3146007061, 3.22914838791, 3.26348686218, 4.0692243576, 4.57121276855, 4.94368457794, 7.348695755, 6.63755321503, 7.50156211853, 6.61818790436, 3.24799013138, 2.09658503532, 1.27328908443, 0.701118648052, 0.408435702324, 0.333427131176, 0.295953512192, 0.219780802727, 0.150869995356, 0.108428545296, 0.088335737586, 0.0632378458977, 0.0470044091344, 0.0275935549289, 0.0212832037359, 0.016855455935, 0.0100631769747, 0.00710943248123, 0.0042737936601, 0.00162594695576, 0.00039067864418, 3.35646836902e-05, 1.87612240552e-05], "dvar": [0.00131555763073, 0.485834032297, 8.24020004272, 4.61617136002, 19.2881336212, 52.9416007996, 154.954864502, 178.407730103, 213.174301147, 328.138366699, 2839.89282227, 13168.0703125, 7888.63476562, 12483.265625, 2258.2355957, 2295.83276367, 1993.44116211, 265.895446777, 1523.86584473, 777.285827637, 278.329376221, 5.6953086853, 8.32595062256, 38.8707733154, 17.4229354858, 9.3612203598, 1.28291165829, 0.286443859339, 0.0959472730756, 0.112774632871, 0.035755392164, 0.0698886662722, 0.0581206344068, 0.0116586014628, 0.00898104906082, 0.00269930996001, 0.000109327687824, 4.67196741738e-06, 3.59463285804e-08, 9.4450912369e-11]}, "silence_rate_30dB": {"dvar2": 0.0050335819833, "var": 0.00270042242482, "min": 0, "dmean": 0.0023467822466, "mean": 0.997292399406, "max": 1, "dmean2": 0.00469398824498, "median": 1, "dvar": 0.00234142737463}, "melbands_spread": {"dvar2": 27.4516162872, "var": 213.555328369, "min": 0.22791467607, "dmean": 2.66714596748, "mean": 13.4652318954, "max": 168.110778809, "dmean2": 4.02431154251, "median": 11.1402225494, "dvar": 12.7627716064}, "melbands_crest": {"dvar2": 19.823474884, "var": 31.4306526184, "min": 1.48765981197, "dmean": 2.75945663452, "mean": 16.4490451813, "max": 34.2751541138, "dmean2": 4.44097471237, "median": 15.7075500488, "dvar": 7.91300344467}, "zerocrossingrate": {"dvar2": 7.85483425716e-05, "var": 0.002663328778, "min": 0.0029296875, "dmean": 0.00451154401526, "mean": 0.0357409976423, "max": 0.53369140625, "dmean2": 0.00553862936795, "median": 0.02880859375, "dvar": 4.81899805891e-05}, "barkbands_kurtosis": {"dvar2": 97795.3359375, "var": 100671.328125, "min": -1.97715187073, "dmean": 12.8762788773, "mean": 32.2041091919, "max": 17802.6308594, "dmean2": 18.6744937897, "median": 2.5934407711, "dvar": 35131.5429688}, "spectral_flux": {"dvar2": 0.00179863453377, "var": 0.00118361623026, "min": 6.23529838872e-11, "dmean": 0.0201777983457, "mean": 0.0460128523409, "max": 0.329770356417, "dmean2": 0.0331571511924, "median": 0.0376980602741, "dvar": 0.000685768609401}, "barkbands_crest": {"dvar2": 11.9920873642, "var": 27.832698822, "min": 3.66744685173, "dmean": 2.11588573456, "mean": 13.2151851654, "max": 26.9978027344, "dmean2": 3.37774825096, "median": 11.9561014175, "dvar": 4.88314056396}, "barkbands_flatness_db": {"dvar2": 0.000884658598807, "var": 0.0110558243468, "min": 0.0548709854484, "dmean": 0.0232251416892, "mean": 0.248034998775, "max": 0.780058920383, "dmean2": 0.0322168767452, "median": 0.227265059948, "dvar": 0.000463864387712}, "spectral_entropy": {"dvar2": 0.104745872319, "var": 0.818541526794, "min": 2.49960637093, "dmean": 0.241192907095, "mean": 6.27406930923, "max": 9.82770061493, "dmean2": 0.324970185757, "median": 6.36445617676, "dvar": 0.0560306757689}, "pitch_salience": {"dvar2": 0.00915022566915, "var": 0.0174941141158, "min": 0.00585152022541, "dmean": 0.0573406741023, "mean": 0.457477986813, "max": 0.939402461052, "dmean2": 0.092899762094, "median": 0.460809588432, "dvar": 0.00358957774006}, "erbbands_spread": {"dvar2": 82.1428909302, "var": 153.645599365, "min": 0.140336349607, "dmean": 3.80600428581, "mean": 17.566078186, "max": 231.87487793, "dmean2": 5.47875070572, "median": 16.1920089722, "dvar": 39.9685211182}, "dynamic_complexity": 3.99353861809, "spectral_contrast_valleys": {"dvar2": [0.418831914663, 0.221416443586, 0.239728391171, 0.22434926033, 0.194889843464, 0.247618168592], "var": [5.41214370728, 5.60234832764, 4.77318382263, 4.22081613541, 4.07101869583, 3.68706703186], "min": [-28.4500350952, -28.1690654755, -27.6925544739, -27.7267799377, -27.4506645203, -27.5075874329], "dmean": [0.423252224922, 0.327463805676, 0.317438870668, 0.320652842522, 0.331976503134, 0.43753066659], "mean": [-8.06867027283, -7.77669429779, -8.6567401886, -9.55205154419, -9.8530292511, -11.8749361038], "max": [-5.66108942032, -5.45232534409, -5.72913551331, -6.89007759094, -7.45274925232, -9.28926277161], "dmean2": [0.706500291824, 0.53145468235, 0.516288101673, 0.513132274151, 0.465664327145, 0.518807113171], "median": [-7.61362743378, -7.29343509674, -8.2725725174, -9.21248531342, -9.54519271851, -11.7498455048], "dvar": [0.158608779311, 0.0946043357253, 0.101129189134, 0.0976501107216, 0.101092420518, 0.163943693042]}, "hfc": {"dvar2": 54.9116477966, "var": 260.301879883, "min": 1.06800789515e-16, "dmean": 2.89987421036, "mean": 12.5807237625, "max": 151.133255005, "dmean2": 3.85667467117, "median": 6.42266559601, "dvar": 33.9859237671}, "spectral_kurtosis": {"dvar2": 205.701293945, "var": 538.145141602, "min": -1.26930832863, "dmean": 7.13880777359, "mean": 20.9905281067, "max": 177.627822876, "dmean2": 11.0884599686, "median": 14.4839963913, "dvar": 70.5845413208}, "mfcc": {"mean": [-764.358032227, 174.259338379, 8.91679477692, 0.412015557289, 0.766953825951, 9.10305690765, 9.26060295105, 0.860148906708, -5.08119487762, -1.87486183643, -2.58213400841, -2.54072594643, -1.20458388329], "cov": [[9318.96191406, 1438.85107422, -64.6858596802, 226.937423706, -191.326568604, -349.765228271, -406.118774414, -337.99420166, 48.8258743286, 600.925598145, 181.305511475, -530.41418457, -505.289367676], [1438.85107422, 2205.87158203, 240.5990448, 70.4207839966, 68.7516403198, 24.6741027832, -79.3401031494, -122.182098389, -61.9996681213, 27.8387355804, 67.9232788086, -137.991317749, -176.711700439], [-64.6858596802, 240.5990448, 1280.35656738, 223.782928467, 183.195892334, 86.2495117188, -13.2855291367, 35.5770378113, 49.8435554504, -11.465722084, 26.8354320526, 104.843193054, -31.4286346436], [226.937423706, 70.4207839966, 223.782928467, 388.016021729, 93.7092819214, -10.7869415283, -24.0103549957, -1.19962382317, 55.4993171692, 92.3310928345, 76.756690979, 39.2931404114, 29.3700275421], [-191.326568604, 68.7516403198, 183.195892334, 93.7092819214, 278.015136719, 92.9555130005, 38.0600471497, 26.1762504578, -38.0757675171, -47.1627082825, 22.9040031433, 101.460739136, 86.657913208], [-349.765228271, 24.6741027832, 86.2495117188, -10.7869415283, 92.9555130005, 197.667404175, 118.424240112, 48.6595344543, -8.09106445312, -84.827583313, -43.2120094299, 67.4373168945, 73.5341491699], [-406.118774414, -79.3401031494, -13.2855291367, -24.0103549957, 38.0600471497, 118.424240112, 208.065826416, 107.260185242, 19.0385475159, -44.7853317261, -55.1844139099, 43.2318000793, 69.6470565796], [-337.99420166, -122.182098389, 35.5770378113, -1.19962382317, 26.1762504578, 48.6595344543, 107.260185242, 177.762145996, 81.5273590088, -14.3926334381, -17.6140861511, 39.3124237061, 53.5326728821], [48.8258743286, -61.9996681213, 49.8435554504, 55.4993171692, -38.0757675171, -8.09106445312, 19.0385475159, 81.5273590088, 190.295394897, 122.230873108, -2.85856199265, -41.857509613, -21.5756893158], [600.925598145, 27.8387355804, -11.465722084, 92.3310928345, -47.1627082825, -84.827583313, -44.7853317261, -14.3926334381, 122.230873108, 292.576843262, 105.565010071, -130.927658081, -113.18913269], [181.305511475, 67.9232788086, 26.8354320526, 76.756690979, 22.9040031433, -43.2120094299, -55.1844139099, -17.6140861511, -2.85856199265, 105.565010071, 219.919784546, 86.2144165039, -18.6400489807], [-530.41418457, -137.991317749, 104.843193054, 39.2931404114, 101.460739136, 67.4373168945, 43.2318000793, 39.3124237061, -41.857509613, -130.927658081, 86.2144165039, 352.019226074, 213.545623779], [-505.289367676, -176.711700439, -31.4286346436, 29.3700275421, 86.657913208, 73.5341491699, 69.6470565796, 53.5326728821, -21.5756893158, -113.18913269, -18.6400489807, 213.545623779, 290.523376465]], "icov": [[0.000152811888256, -8.75062905834e-05, 1.9407041691e-05, -5.32208941877e-05, 4.26861843152e-05, 1.65048550116e-05, 0.000171629159013, 7.46493287807e-06, 0.000171132938704, -0.000370717374608, 0.000161344243679, -3.99036762246e-05, 6.85585982865e-05], [-8.75062905834e-05, 0.000585148693062, -9.61374462349e-05, -2.03126073757e-05, -0.000167864141986, -0.000191588231246, -0.000144851830555, 0.000376620388124, -0.000210837053601, 0.000575891055632, -0.00056847196538, 0.000461691815872, 9.21468890738e-05], [1.9407041691e-05, -9.61374462349e-05, 0.00109926913865, -0.000547003524844, -0.000458448514109, -0.000486083124997, 0.000573512807023, -0.000369801651686, -0.000152913489728, -0.000159110859386, 0.000649101799354, -0.000905929307919, 0.000974118476734], [-5.32208941877e-05, -2.03126073757e-05, -0.000547003524844, 0.00373353529721, -0.00116653100122, 0.0006683410611, -0.00028494108119, 0.000848446798045, -0.00122838444076, -0.000476268993225, -0.000950476736762, 0.00035079033114, -0.00104637537152], [4.26861843152e-05, -0.000167864141986, -0.000458448514109, -0.00116653100122, 0.00584196578711, -0.00261559942737, 0.00109530251939, -0.00164850521833, 0.00261875311844, -0.00122299196664, 0.000268903124379, -0.000560659274925, -0.000851510616485], [1.65048550116e-05, -0.000191588231246, -0.000486083124997, 0.0006683410611, -0.00261559942737, 0.0107083851472, -0.00622523482889, 0.00263487943448, -0.00264119287021, 0.00309794023633, -0.000944774597883, 0.000671503483318, -0.000674694194458], [0.000171629159013, -0.000144851830555, 0.000573512807023, -0.00028494108119, 0.00109530251939, -0.00622523482889, 0.0122156469151, -0.00715847546235, 0.00402021547779, -0.00425556628034, 0.00402503041551, -0.00207123812288, 0.000362049031537], [7.46493287807e-06, 0.000376620388124, -0.000369801651686, 0.000848446798045, -0.00164850521833, 0.00263487943448, -0.00715847546235, 0.0136039499193, -0.00837173126638, 0.00510788150132, -0.00391775090247, 0.00217681215145, -0.00133258698042], [0.000171132938704, -0.000210837053601, -0.000152913489728, -0.00122838444076, 0.00261875311844, -0.00264119287021, 0.00402021547779, -0.00837173126638, 0.0147482361645, -0.00956154521555, 0.00607462739572, -0.00330624240451, 0.000933276198339], [-0.000370717374608, 0.000575891055632, -0.000159110859386, -0.000476268993225, -0.00122299196664, 0.00309794023633, -0.00425556628034, 0.00510788150132, -0.00956154521555, 0.0145988399163, -0.00956582184881, 0.00691859284416, -0.0013253610814], [0.000161344243679, -0.00056847196538, 0.000649101799354, -0.000950476736762, 0.000268903124379, -0.000944774597883, 0.00402503041551, -0.00391775090247, 0.00607462739572, -0.00956582184881, 0.013703700155, -0.0086059095338, 0.00394619395956], [-3.99036762246e-05, 0.000461691815872, -0.000905929307919, 0.00035079033114, -0.000560659274925, 0.000671503483318, -0.00207123812288, 0.00217681215145, -0.00330624240451, 0.00691859284416, -0.0086059095338, 0.0113147078082, -0.00624825805426], [6.85585982865e-05, 9.21468890738e-05, 0.000974118476734, -0.00104637537152, -0.000851510616485, -0.000674694194458, 0.000362049031537, -0.00133258698042, 0.000933276198339, -0.0013253610814, 0.00394619395956, -0.00624825805426, 0.00881086476147]]}, "silence_rate_20dB": {"dvar2": 0, "var": 0, "min": 1, "dmean": 0, "mean": 1, "max": 1, "dmean2": 0, "median": 1, "dvar": 0}, "melbands_kurtosis": {"dvar2": 443.939147949, "var": 2604.40771484, "min": -1.9740883112, "dmean": 5.39284133911, "mean": 11.4574375153, "max": 1222.84716797, "dmean2": 7.90914344788, "median": 3.24588394165, "dvar": 223.777938843}, "barkbands_spread": {"dvar2": 17.1839046478, "var": 27.2388763428, "min": 0.00349879311398, "dmean": 1.92082536221, "mean": 9.09683609009, "max": 136.921112061, "dmean2": 2.92019820213, "median": 8.579870224, "dvar": 7.21305036545}, "erbbands_skewness": {"dvar2": 0.398938596249, "var": 3.56622409821, "min": -13.5664291382, "dmean": 0.416540443897, "mean": 0.458551704884, "max": 7.36105823517, "dmean2": 0.584986686707, "median": 0.443981081247, "dvar": 0.207230344415}, "average_loudness": 0.524680793285, "spectral_centroid": {"dvar2": 53445.3554688, "var": 1194215.625, "min": 90.8431625366, "dmean": 78.3954391479, "mean": 751.596740723, "max": 11785.2431641, "dmean2": 116.546958923, "median": 576.389709473, "dvar": 25391.3886719}, "dissonance": {"dvar2": 0.00471054343507, "var": 0.00444257631898, "min": 0.0699848756194, "dmean": 0.0428043827415, "mean": 0.387490183115, "max": 0.499999970198, "dmean2": 0.072709903121, "median": 0.398838698864, "dvar": 0.00172590278089}, "erbbands_flatness_db": {"dvar2": 0.000886763853487, "var": 0.0108542852104, "min": 0.0570308603346, "dmean": 0.0244280938059, "mean": 0.25074878335, "max": 0.748325943947, "dmean2": 0.0306062139571, "median": 0.235194921494, "dvar": 0.000567501119804}, "spectral_strongpeak": {"dvar2": 1.26485264301, "var": 4.95470809937, "min": 0, "dmean": 0.444627255201, "mean": 1.67103827, "max": 15.5284233093, "dmean2": 0.702218949795, "median": 0.744788944721, "dvar": 0.622093379498}, "spectral_rms": {"dvar2": 8.59809119902e-07, "var": 3.61852039532e-06, "min": 3.12746031329e-12, "dmean": 0.000570800097194, "mean": 0.00405944837257, "max": 0.0121135776863, "dmean2": 0.000803627364803, "median": 0.00383643922396, "dvar": 4.72307391419e-07}, "silence_rate_60dB": {"dvar2": 0.0689903721213, "var": 0.0712934657931, "min": 0, "dmean": 0.0306886900216, "mean": 0.0772563144565, "max": 1, "dmean2": 0.0613829195499, "median": 0, "dvar": 0.0297490693629}, "melbands": {"dvar2": [6.06732271535e-07, 3.86170859201e-06, 3.90039929243e-07, 3.71963920998e-07, 3.12403699354e-07, 1.71267814153e-07, 9.42895681533e-08, 7.52818891669e-08, 3.42449482105e-07, 6.5898120738e-07, 2.93044422506e-07, 4.13409026123e-07, 4.92211782444e-08, 4.68498271289e-08, 1.14356391023e-08, 1.35092159681e-08, 1.98235294846e-09, 9.26178334026e-09, 4.15453627056e-09, 1.47365508685e-09, 4.85825435437e-10, 1.52547054849e-11, 1.92356755524e-11, 2.34701078017e-11, 6.14179401781e-11, 3.96487599696e-11, 1.3763292589e-11, 6.25335590601e-12, 1.90519843825e-12, 4.73340117102e-13, 1.5999488789e-13, 6.89291424502e-14, 1.80519837902e-13, 6.6714327476e-14, 2.96798718415e-14, 2.53157836084e-14, 1.00222124165e-13, 1.09413563279e-13, 2.23507515528e-14, 2.11458709023e-14], "var": [7.86922839779e-07, 2.39103997046e-06, 2.61553509517e-07, 4.37040426959e-07, 7.96712015472e-07, 3.70577794229e-07, 2.06818441484e-07, 4.35701139168e-07, 1.39508335906e-06, 2.64348909695e-06, 1.38178370435e-06, 1.76575042588e-06, 1.9482972391e-07, 4.03044310815e-07, 8.8012541255e-08, 3.77691975473e-08, 3.98963839743e-09, 1.35745858998e-08, 2.6121778518e-08, 7.70005303963e-09, 1.27771249137e-09, 5.29507826474e-11, 2.54494533086e-11, 4.03218500256e-11, 1.01939255648e-10, 6.1859802003e-11, 2.22327850574e-11, 1.28170841995e-11, 3.1855551183e-12, 5.5742107978e-13, 1.67549500207e-13, 5.16584930214e-14, 1.18145754681e-13, 4.86613922985e-14, 1.79808865551e-14, 1.40960876801e-14, 4.94071743153e-14, 5.75147636223e-14, 1.218487049e-14, 1.10335790729e-14], "min": [8.57177837335e-25, 1.48975474761e-24, 5.26074032056e-25, 6.94636499081e-25, 1.63195037704e-24, 1.4921987373e-24, 2.54673290844e-24, 8.64494226408e-25, 2.01861755088e-24, 1.07691287312e-24, 2.48116357886e-24, 2.54424129127e-24, 2.61831473862e-24, 2.05160810836e-24, 2.27930215903e-24, 2.66566512838e-24, 2.10793849624e-24, 3.08498966458e-24, 3.0428950606e-24, 3.29742182053e-24, 1.23935175806e-24, 3.10795577211e-24, 3.28350138378e-24, 3.87639661837e-24, 2.75267254192e-24, 2.95499899525e-24, 3.83101700037e-24, 5.13246828332e-24, 4.41954865086e-24, 5.21444670859e-24, 5.18888485425e-24, 4.957476452e-24, 4.85914375688e-24, 5.93548174761e-24, 6.15113265327e-24, 5.4621435108e-24, 5.83759475889e-24, 6.79421600751e-24, 6.23202166163e-24, 6.90190577626e-24], "dmean": [0.000227621610975, 0.000577584956773, 0.000208184690564, 0.000214425439481, 0.00018617574824, 0.000135716094519, 8.51646691444e-05, 6.24475214863e-05, 0.000111692723294, 0.000129011066747, 8.20898130769e-05, 9.51208276092e-05, 4.36348091171e-05, 3.86935062124e-05, 2.71377211902e-05, 2.14374649659e-05, 9.55119776336e-06, 1.44340883708e-05, 8.77173624758e-06, 4.66353276352e-06, 2.07376479011e-06, 7.34818627279e-07, 7.24424523924e-07, 7.36872948437e-07, 1.05439426079e-06, 8.90231376616e-07, 4.52511272897e-07, 2.96537933764e-07, 2.13205808564e-07, 1.41104294471e-07, 9.43056974734e-08, 6.65529000798e-08, 7.70840387077e-08, 7.86478580039e-08, 5.21575529433e-08, 5.07066744149e-08, 9.01780694562e-08, 9.94588589265e-08, 4.62393998646e-08, 4.32101110448e-08], "mean": [0.00056029035477, 0.00102693366352, 0.000375568517484, 0.000443890166935, 0.000519032531884, 0.000315236015012, 0.000205310891033, 0.000200336391572, 0.000343377905665, 0.000408942141803, 0.000272644596407, 0.000363913626643, 0.000119829041068, 0.000188720528968, 0.000108937136247, 5.43655369256e-05, 2.22734524868e-05, 3.36891462211e-05, 2.71065873676e-05, 1.29146310428e-05, 4.82034010929e-06, 1.69604561506e-06, 1.36637208925e-06, 1.55037366767e-06, 2.12090458263e-06, 1.87413172625e-06, 9.25187350731e-07, 5.82035738717e-07, 3.95646054585e-07, 2.32937708233e-07, 1.49560719365e-07, 9.62834647567e-08, 1.09117280545e-07, 1.02