{"tonal": {"thpcp": [1, 0.529801189899, 0.36528262496, 0.380602836609, 0.371940761805, 0.394234776497, 0.448615074158, 0.53049325943, 0.604564547539, 0.544270575047, 0.424099564552, 0.422101467848, 0.430818617344, 0.428080290556, 0.554574429989, 0.508553981781, 0.308742642403, 0.251962929964, 0.26730594039, 0.373143523932, 0.720230519772, 0.811988413334, 0.457599550486, 0.276139467955, 0.29171410203, 0.374303609133, 0.554166615009, 0.546553194523, 0.479308605194, 0.586497545242, 0.531720995903, 0.323992818594, 0.272210985422, 0.315039336681, 0.45925334096, 0.944388568401], "hpcp": {"dmean2": [0.234480679035, 0.249389156699, 0.283261060715, 0.305465340614, 0.314390987158, 0.267244338989, 0.244377344847, 0.266037940979, 0.251234024763, 0.247455283999, 0.242204189301, 0.192706242204, 0.170438855886, 0.174966201186, 0.216986060143, 0.287853091955, 0.304841130972, 0.227835550904, 0.176760539412, 0.192229792476, 0.254238218069, 0.314236342907, 0.296879053116, 0.296998172998, 0.367893487215, 0.269642561674, 0.154852777719, 0.137477010489, 0.174629837275, 0.224194601178, 0.330581277609, 0.357167214155, 0.260864794254, 0.214885130525, 0.227844953537, 0.233218058944], "median": [0.0652877315879, 0.0969216376543, 0.112059019506, 0.110392585397, 0.101432077587, 0.0850074961782, 0.0888884738088, 0.0796842053533, 0.0947292745113, 0.0964771807194, 0.0909355357289, 0.0626216083765, 0.0461344644427, 0.0448686815798, 0.0858351886272, 0.196597203612, 0.218820214272, 0.113328821957, 0.0389409437776, 0.0344520397484, 0.056931283325, 0.0858531594276, 0.0866523906589, 0.120051197708, 0.131184354424, 0.109473839402, 0.0503909289837, 0.0441968105733, 0.0476243831217, 0.113834820688, 0.271860718727, 0.288519382477, 0.123607806861, 0.0524588897824, 0.0518217869103, 0.0454318672419], "min": [0.00059247732861, 0, 0, 0, 0, 0, 0.00274621462449, 0.00182515394408, 0.000675306771882, 0.000761218427215, 0.000880815146957, 2.61605168816e-06, 0, 0, 0, 0, 0.00214284704998, 0.00158753700089, 0.000549861113541, 0.000514782033861, 0.000819844310172, 0.0010119844228, 0.00110593100544, 0, 0, 0, 0.00050246011233, 0.000910632428713, 0.000927892222535, 0.000904086977243, 0.00157295085955, 0.000639141420834, 0.00125610583927, 0.000488049379783, 0.000871180847753, 0.000817199761514], "dvar2": [0.107474185526, 0.104441531003, 0.111545808613, 0.134957224131, 0.138518571854, 0.11928845197, 0.0907500311732, 0.126079753041, 0.105039961636, 0.110625118017, 0.0996273458004, 0.0832889676094, 0.0721670985222, 0.0718755796552, 0.0793621018529, 0.0902252346277, 0.105734862387, 0.0843493193388, 0.0730320066214, 0.093877106905, 0.125855475664, 0.164201855659, 0.152068883181, 0.106059975922, 0.158284321427, 0.0867269337177, 0.0547621026635, 0.0397069677711, 0.0645890906453, 0.0706494003534, 0.11864925921, 0.133851572871, 0.0890091136098, 0.086798787117, 0.106935091317, 0.109785459936], "dvar": [0.039409596473, 0.0383515171707, 0.0426509529352, 0.0544794760644, 0.052360124886, 0.0436271764338, 0.0345384292305, 0.0463184155524, 0.037298515439, 0.0432877987623, 0.0376280657947, 0.0304199364036, 0.0261193793267, 0.0263089425862, 0.0285572391003, 0.0353674553335, 0.0420444197953, 0.0304672904313, 0.0268994867802, 0.0348036102951, 0.046038184315, 0.0630458295345, 0.0567813292146, 0.0379098802805, 0.0577513091266, 0.0347265414894, 0.0202769692987, 0.0149987712502, 0.0236983317882, 0.0255079325289, 0.0488671772182, 0.0559614151716, 0.032796446234, 0.0316012389958, 0.0395381636918, 0.039917781949], "dmean": [0.131606027484, 0.14276021719, 0.164511159062, 0.179896399379, 0.179833635688, 0.151590391994, 0.140142396092, 0.151436895132, 0.144028604031, 0.145024955273, 0.140861883759, 0.109116829932, 0.0949934273958, 0.0975882038474, 0.123644098639, 0.171844810247, 0.181510999799, 0.12999920547, 0.100705243647, 0.107985921204, 0.14151725173, 0.180243000388, 0.169680193067, 0.166796535254, 0.206989273429, 0.155784770846, 0.089266911149, 0.0792070776224, 0.10005261004, 0.131206035614, 0.200100854039, 0.212244853377, 0.15021276474, 0.121153861284, 0.127611160278, 0.129725143313], "max": [1, 1, 1, 1, 1, 1, 1, 1, 1, 1, 1, 1, 1, 1, 1, 1, 1, 1, 1, 1, 1, 1, 1, 1, 1, 1, 1, 1, 1, 1, 1, 1, 1, 1, 1, 1], "var": [0.0484102480114, 0.0474479719996, 0.059816185385, 0.0857800617814, 0.0699313655496, 0.0481409467757, 0.0432634055614, 0.0528454855084, 0.0406952649355, 0.0819773450494, 0.0665018260479, 0.0282052233815, 0.0218967236578, 0.0250339787453, 0.0313665606081, 0.0667633488774, 0.0900854468346, 0.0375794619322, 0.0301080308855, 0.0381966866553, 0.0448502525687, 0.0831409171224, 0.0828014314175, 0.0417078435421, 0.069951556623, 0.0643307417631, 0.0355074740946, 0.0266393572092, 0.0356213115156, 0.0398092754185, 0.117412380874, 0.127390265465, 0.0552335828543, 0.0467964597046, 0.0526468940079, 0.052155777812], "mean": [0.158662155271, 0.180547833443, 0.213500201702, 0.243310630322, 0.219044968486, 0.170681416988, 0.169877275825, 0.173385545611, 0.172283485532, 0.223191812634, 0.204670608044, 0.12425532937, 0.101403996348, 0.107578888535, 0.150173857808, 0.289861112833, 0.326789617538, 0.184163689613, 0.111133992672, 0.117402091622, 0.150640740991, 0.223027676344, 0.219963610172, 0.192900627851, 0.236039474607, 0.213994309306, 0.130392864347, 0.109552949667, 0.126789480448, 0.184829264879, 0.380074858665, 0.402456015348, 0.213221669197, 0.147010192275, 0.153175905347, 0.149689793587]}, "tuning_equal_tempered_deviation": 0.240031629801, "chords_changes_rate": 0.0367139205337, "key_key": "C", "tuning_diatonic_strength": 0.54684472084, "key_scale": "major", "chords_number_rate": 0.00363504188135, "tuning_frequency": 434.193115234, "tuning_nontempered_energy_ratio": 0.920115709305, "chords_histogram": [11.6321334839, 1.74482011795, 19.992729187, 0, 4.39840078354, 0, 0.218102514744, 0.799709200859, 12.3227920532, 0.945110857487, 0, 0, 0, 0, 0, 0, 0, 4.94365692139, 3.08978557587, 22.8280620575, 13.813158989, 2.94438385963, 0.327153772116, 0], "key_strength": 0.616132855415, "chords_key": "G", "chords_strength": {"dmean2": 0.00914535019547, "median": 0.569999754429, "min": 0.305679053068, "dvar2": 6.58973222016e-05, "dvar": 5.37307496415e-05, "dmean": 0.00827616732568, "max": 0.780628800392, "var": 0.00706549966708, "mean": 0.55888491869}, "chords_scale": "minor", "hpcp_entropy": {"dmean2": 1.08758544922, "median": 2.34430861473, "min": 0.0551336407661, "dvar2": 0.768080890179, "dvar": 0.26810836792, "dmean": 0.646617412567, "max": 4.5625538826, "var": 0.513523519039, "mean": 2.34236979485}}, "metadata": {"audio_properties": {"equal_loudness": 0, "codec": "flac", "downmix": "mix", "sample_rate": 44100, "analysis_sample_rate": 44100, "bit_rate": 0, "md5_encoded": "dc039cba6bcaee2ee4b56b9f4b8eefa5", "length": 127.666664124, "replay_gain": -8.375, "lossless": true}, "version": {"essentia_build_sha": "2d9f1f26377add8aeb1075a9c2973f962c4f09fd", "essentia": "2.1-beta2", "extractor": "music 1.0", "essentia_git_sha": "v2.1_beta2-1-ge3940c0"}, "tags": {"title": ["Dope Sucks"], "albumartist": ["Herman Brood & His Wild Romance"], "tracktotal": ["14"], "musicbrainz_releasegroupid": ["f0d9e429-3437-3f51-b6f6-765f1777cabd"], "releasetype": ["album", "live"], "musicbrainz_recordingid": ["0a72a3d7-715f-4ced-abb3-41e3df4433d7"], "musicbrainz_albumartistid": ["940e6450-5075-463c-9269-35a116cede39"], "discnumber": ["1"], "album": ["Cha Cha"], "releasecountry": ["NL"], "file_name": "09 - Dope Sucks.flac", "originaldate": ["1978"], "date": ["1978"], "genre": ["Rock"], "disctotal": ["1"], "musicbrainz_artistid": ["940e6450-5075-463c-9269-35a116cede39"], "asin": ["B001SPCPV8"], "musicbrainz_albumid": ["b43c77b6-43cf-4fc3-9e00-4b1ca90e3e18"], "artist": ["Herman Brood & His Wild Romance"], "artistsort": ["Brood, Herman & His Wild Romance"], "tracknumber": ["9"], "albumartistsort": ["Brood, Herman & His Wild Romance"], "acoustid_id": ["624b5d17-3da4-47da-91aa-3325ee79ab78"], "script": ["Latn"], "releasestatus": ["official"]}}, "rhythm": {"bpm_histogram_first_peak_bpm": {"dmean2": 0, "median": 110, "min": 110, "dvar2": 0, "dvar": 0, "dmean": 0, "max": 110, "var": 0, "mean": 110}, "bpm": 109.962944031, "bpm_histogram_second_peak_spread": {"dmean2": 0, "median": 0, "min": 0, "dvar2": 0, "dvar": 0, "dmean": 0, "max": 0, "var": 0, "mean": 0}, "bpm_histogram_first_peak_weight": {"dmean2": 0, "median": 0.435684651136, "min": 0.435684651136, "dvar2": 0, "dvar": 0, "dmean": 0, "max": 0.435684651136, "var": 0, "mean": 0.435684651136}, "onset_rate": 3.51642417908, "beats_position": [0.545668900013, 1.11455774307, 1.66022670269, 2.20589566231, 2.73995471001, 3.27401351929, 3.80807256699, 4.34213161469, 4.88780021667, 5.4334692955, 5.9675283432, 6.51319694519, 7.05886602402, 7.60453510284, 8.15020370483, 8.68426322937, 9.21832180023, 9.75238037109, 10.2980499268, 10.8437185287, 11.3777770996, 11.9118366241, 12.4691152573, 13.0031747818, 13.5372333527, 14.0712919235, 14.6169614792, 15.1742401123, 15.7315187454, 16.3004074097, 16.8344669342, 17.3685264587, 17.9025840759, 18.4482536316, 18.9939231873, 19.5395908356, 20.0852603912, 20.642539978, 21.1998176575, 21.7570972443, 22.3259868622, 22.8948745728, 23.4753742218, 24.0326519012, 24.589931488, 25.1472110748, 25.7044887543, 26.2617683411, 26.8074378967, 27.3647155762, 27.921995163, 28.4676647186, 29.0017223358, 29.5590019226, 30.1046714783, 30.6503391266, 31.1843986511, 31.7300682068, 32.2757377625, 32.8330154419, 33.3786849976, 33.9243545532, 34.4700202942, 35.0156898499, 35.5613594055, 36.1070289612, 36.6410865784, 37.186756134, 37.7324256897, 38.2897033691, 38.8353729248, 39.3810424805, 39.9383201599, 40.4839897156, 41.0296592712, 41.5753288269, 42.1209983826, 42.678276062, 43.2355537415, 43.7928352356, 44.350112915, 44.9073905945, 45.4646720886, 46.0219497681, 46.5792274475, 47.1365089417, 47.6937866211, 48.2278442383, 48.7851219177, 49.3307914734, 49.8764610291, 50.4337387085, 50.9794082642, 51.5250778198, 52.0823554993, 52.6396369934, 53.1969146729, 53.7541923523, 54.3114738464, 54.8687515259, 55.4260292053, 55.9833106995, 56.5405883789, 57.0978660583, 57.643535614, 58.1892051697, 58.7464828491, 59.280544281, 59.8262138367, 60.3718795776, 60.9175491333, 61.463218689, 62.0088882446, 62.5545578003, 63.0886154175, 63.6458930969, 64.1915664673, 64.7372360229, 65.2945098877, 65.8401794434, 66.385848999, 66.9199066162, 67.4655761719, 68.0112457275, 68.5569152832, 69.1025848389, 69.6482543945, 70.1939239502, 70.7395935059, 71.2852630615, 71.8309249878, 72.3765945435, 72.9222640991, 73.4679336548, 74.001991272, 74.5592727661, 75.1049423218, 75.6506118774, 76.2078933716, 76.7535552979, 77.2992248535, 77.8448944092, 78.3905639648, 78.924621582, 79.4586868286, 79.9927444458, 80.5384140015, 81.0840835571, 81.6181411743, 82.1521987915, 82.6862564087, 83.2203140259, 83.7543716431, 84.3000411987, 84.8457107544, 85.3797683716, 85.9138336182, 86.4595031738, 87.0051651001, 87.5392303467, 88.0732879639, 88.6305618286, 89.1762313843, 89.7219009399, 90.2675704956, 90.8132400513, 91.3589096069, 91.9045791626, 92.4502487183, 92.9843063354, 93.5299758911, 94.0756454468, 94.6213150024, 95.1553726196, 95.7010421753, 96.246711731, 96.7807693481, 97.3148269653, 97.8488845825, 98.3829498291, 98.9170074463, 99.4510650635, 99.9967346191, 100.542404175, 101.08807373, 101.622131348, 102.144577026, 102.678634644, 103.21269989, 103.769973755, 104.315643311, 104.861312866, 105.41859436, 105.952651978, 106.498321533, 107.043991089, 107.589660645, 108.1353302, 108.680992126, 109.226661682, 109.760726929, 110.306388855, 110.852058411, 111.386123657, 111.931785583, 112.477455139, 113.011520386, 113.545578003, 114.091247559, 114.636917114, 115.194190979, 115.739860535, 116.181037903, 116.610610962, 117.05178833, 117.400085449, 117.736778259, 118.07346344, 118.41015625, 118.758453369, 119.095146179, 119.43183136, 119.76852417, 120.116821289, 120.453514099, 120.79019928, 121.12689209, 121.463577271, 121.800270081, 122.136962891, 122.473648071, 122.798728943, 123.123809814, 123.553375244, 123.982948303, 124.412513733, 124.853691101, 125.294876099, 125.736053467, 126.177230835, 126.606803894, 127.036369324], "beats_loudness": {"dmean2": 0.0214870925993, "median": 0.0411174446344, "min": 0.00274454429746, "dvar2": 0.000345170323271, "dvar": 0.000122613695567, "dmean": 0.0123277222738, "max": 0.0905971899629, "var": 0.000346840912243, "mean": 0.0398367680609}, "danceability": 1.13819611073, "bpm_histogram_second_peak_weight": {"dmean2": 0, "median": 0.0539419092238, "min": 0.0539419092238, "dvar2": 0, "dvar": 0, "dmean": 0, "max": 0.0539419092238, "var": 0, "mean": 0.0539419092238}, "beats_count": 242, "bpm_histogram_second_peak_bpm": {"dmean2": 0, "median": 178, "min": 178, "dvar2": 0, "dvar": 0, "dmean": 0, "max": 178, "var": 0, "mean": 178}, "bpm_histogram_first_peak_spread": {"dmean2": 0, "median": 0.487804889679, "min": 0.487804889679, "dvar2": 0, "dvar": 0, "dmean": 0, "max": 0.487804889679, "var": 0, "mean": 0.487804889679}, "beats_loudness_band_ratio": {"dmean2": [0.25472086668, 0.182951584458, 0.155238479376, 0.0985380113125, 0.081795245409, 0.0826078653336], "median": [0.353502362967, 0.212953284383, 0.15354681015, 0.0761215314269, 0.066542878747, 0.0854623317719], "min": [0.00193075288553, 0.00184414815158, 0.0162909906358, 0.00824908912182, 0.0127357654274, 0.0140334209427], "dvar2": [0.0458342954516, 0.0215725246817, 0.0162211451679, 0.00857734680176, 0.00532358931378, 0.00662016542628], "dvar": [0.0150404358283, 0.00753147620708, 0.00629500346258, 0.00302856392227, 0.0020264131017, 0.00238779303618], "dmean": [0.148922339082, 0.106062091887, 0.0913665220141, 0.0557193644345, 0.0477655157447, 0.047319483012], "max": [0.756630957127, 0.657580316067, 0.672139167786, 0.385296314955, 0.448550462723, 0.655041456223], "var": [0.0382982268929, 0.0185797270387, 0.00980952568352, 0.00590074434876, 0.00743150664493, 0.0112885702401], "mean": [0.334606051445, 0.222098454833, 0.173277080059, 0.0980713367462, 0.0994131937623, 0.121419638395]}}, "lowlevel": {"barkbands_spread": {"dmean2": 10.0505542755, "median": 28.7721595764, "min": 4.7528553009, "dvar2": 120.69203949, "dvar": 55.5628738403, "dmean": 6.44460630417, "max": 108.603179932, "var": 182.164779663, "mean": 30.8536071777}, "melbands_spread": {"dmean2": 14.6170387268, "median": 29.1710166931, "min": 3.16458940506, "dvar2": 438.597595215, "dvar": 213.136154175, "dmean": 9.21636009216, "max": 255.484451294, "var": 562.436035156, "mean": 34.7683029175}, "hfc": {"dmean2": 11.65483284, "median": 26.4154777527, "min": 0.00184811430518, "dvar2": 288.804748535, "dvar": 145.687423706, "dmean": 8.15735244751, "max": 212.144348145, "var": 477.072540283, "mean": 30.5671958923}, "barkbands_kurtosis": {"dmean2": 2.43728971481, "median": 0.579254150391, "min": -1.9453536272, "dvar2": 11.6492052078, "dvar": 4.71567058563, "dmean": 1.48878991604, "max": 36.4223327637, "var": 9.4740819931, "mean": 1.45822668076}, "gfcc": {"mean": [45.2840805054, 64.9354553223, -120.503112793, 36.0193710327, -65.8692398071, 12.9846382141, -31.3994808197, 7.27580738068, -17.581079483, -0.364773035049, -15.7598466873, -3.52629184723, -11.8987140656], "icov": [[0.000683919119183, -0.000125758349895, -0.000204940224648, 0.00020001779194, -0.000413767149439, -0.00034349487396, 0.000895076373126, -0.000487786397571, 0.000105259416159, -8.53986930451e-05, 0.000339189980878, 0.000217467764742, 0.000584466790315], [-0.000125758349895, 0.00172744505107, -0.000155259345775, -0.000568438437767, -0.000300984916976, 0.000436583446572, -0.00144873512909, 0.00121219130233, -0.00102795357816, -0.00134070101194, 0.000286375608994, 0.000690402230248, -0.00098409364], [-0.000204940224648, -0.000155259345775, 0.00113208033144, -0.000140016694786, -0.000471534382086, -0.000377446354833, 0.00105731363874, -3.26966219291e-05, 0.000434490939369, -0.00144274241757, 0.00134376459755, -0.00206100428477, 0.00156348501332], [0.00020001779194, -0.000568438437767, -0.000140016694786, 0.00484662689269, -0.000140558957355, -0.00197241036221, 0.000460986571852, -0.000840919732582, -0.00116221420467, 0.00309952674434, -0.00233575538732, 0.00235420605168, -0.000632752722595], [-0.000413767149439, -0.000300984916976, -0.000471534382086, -0.000140558957355, 0.00604070490226, -0.000515755265951, -0.00309406826273, 0.00144162983634, 0.000707113998942, -0.00169941550121, 0.00211154995486, -0.000662286765873, -5.24725619471e-05], [-0.00034349487396, 0.000436583446572, -0.000377446354833, -0.00197241036221, -0.000515755265951, 0.00885028857738, -0.00126051180996, -0.000470671482617, 0.000252901256317, -0.00125357799698, -0.00153847748879, 0.00160368101206, -4.08959567721e-05], [0.000895076373126, -0.00144873512909, 0.00105731363874, 0.000460986571852, -0.00309406826273, -0.00126051180996, 0.0134433470666, -0.00704249413684, -0.00119032035582, 0.00258027226664, -0.00124182365835, -0.000511549238581, 0.00139627291355], [-0.000487786397571, 0.00121219130233, -3.26966219291e-05, -0.000840919732582, 0.00144162983634, -0.000470671482617, -0.00704249413684, 0.0172375328839, -0.00480218278244, -0.00196962780319, 0.00182057032362, 0.000678174255881, -0.000803043774795], [0.000105259416159, -0.00102795357816, 0.000434490939369, -0.00116221420467, 0.000707113998942, 0.000252901256317, -0.00119032035582, -0.00480218278244, 0.0162053201348, -0.00713994773105, 0.00117320613936, -0.00272836745717, 0.00198905076832], [-8.53986930451e-05, -0.00134070101194, -0.00144274241757, 0.00309952674434, -0.00169941550121, -0.00125357799698, 0.00258027226664, -0.00196962780319, -0.00713994773105, 0.0245046522468, -0.0101301940158, 0.00258275587112, -0.000741583760828], [0.000339189980878, 0.000286375608994, 0.00134376459755, -0.00233575538732, 0.00211154995486, -0.00153847748879, -0.00124182365835, 0.00182057032362, 0.00117320613936, -0.0101301940158, 0.0240875072777, -0.0121157970279, 0.00258983345702], [0.000217467764742, 0.000690402230248, -0.00206100428477, 0.00235420605168, -0.000662286765873, 0.00160368101206, -0.000511549238581, 0.000678174255881, -0.00272836745717, 0.00258275587112, -0.0121157970279, 0.033709090203, -0.0147379385307], [0.000584466790315, -0.00098409364, 0.00156348501332, -0.000632752722595, -5.24725619471e-05, -4.08959567721e-05, 0.00139627291355, -0.000803043774795, 0.00198905076832, -0.000741583760828, 0.00258983345702, -0.0147379385307, 0.0273153372109]], "cov": [[2427.51611328, 121.292098999, 1066.27856445, -97.2671508789, 220.10836792, 95.6432647705, -205.145523071, -34.6780319214, -31.1225128174, 80.0267181396, -99.3119354248, -40.7915420532, -108.978164673], [121.292098999, 831.420898438, 143.458389282, 81.594291687, 118.31388855, 19.0608520508, 96.1875228882, 12.3171844482, 89.3330154419, 73.6223373413, 6.80435085297, -3.93595457077, 9.46329116821], [1066.27856445, 143.458389282, 1791.31298828, -71.5206451416, 201.963516235, 75.4454879761, -195.470993042, -65.192565918, -21.0556812286, 120.467300415, -64.6569290161, 32.0811500549, -85.0157699585], [-97.2671508789, 81.594291687, -71.5206451416, 277.773345947, 0.374054431915, 60.7318878174, 36.87525177, 25.4129276276, 24.8537425995, -17.5032215118, 17.6822929382, -17.4485759735, 1.12707901001], [220.10836792, 118.31388855, 201.963516235, 0.374054431915, 236.228561401, 30.106678009, 34.0947265625, -0.0174835193902, 6.58621501923, 26.1062431335, -22.0785732269, -2.58035755157, -12.3127470016], [95.6432647705, 19.0608520508, 75.4454879761, 60.7318878174, 30.106678009, 142.090591431, 16.0237808228, 16.0015048981, 10.8280801773, 14.3426628113, 8.48554611206, -8.48521995544, -10.1312074661], [-205.145523071, 96.1875228882, -195.470993042, 36.87525177, 34.0947265625, 16.0237808228, 158.032180786, 60.858089447, 39.5567893982, -3.00793266296, 12.4126987457, -2.64223694801, 8.13345718384], [-34.6780319214, 12.3171844482, -65.192565918, 25.4129276276, -0.0174835193902, 16.0015048981, 60.858089447, 94.4953308105, 39.8347930908, 8.91150569916, 3.4037296772, -3.65788316727, 0.242004558444], [-31.1225128174, 89.3330154419, -21.0556812286, 24.8537425995, 6.58621501923, 10.8280801773, 39.5567893982, 39.8347930908, 99.3957672119, 34.8968429565, 14.6685647964, 5.44923210144, 0.102179989219], [80.0267181396, 73.6223373413, 120.467300415, -17.5032215118, 26.1062431335, 14.3426628113, -3.00793266296, 8.91150569916, 34.8968429565, 76.6633453369, 23.3721675873, 10.185423851, -3.05360484123], [-99.3119354248, 6.80435085297, -64.6569290161, 17.6822929382, -22.0785732269, 8.48554611206, 12.4126987457, 3.4037296772, 14.6685647964, 23.3721675873, 71.3830566406, 24.9794769287, 12.1924657822], [-40.7915420532, -3.93595457077, 32.0811500549, -17.4485759735, -2.58035755157, -8.48521995544, -2.64223694801, -3.65788316727, 5.44923210144, 10.185423851, 24.9794769287, 52.9653282166, 24.5891151428], [-108.978164673, 9.46329116821, -85.0157699585, 1.12707901001, -12.3127470016, -10.1312074661, 8.13345718384, 0.242004558444, 0.102179989219, -3.05360484123, 12.1924657822, 24.5891151428, 55.7476921082]]}, "spectral_energyband_middle_low": {"dmean2": 0.00864729750901, "median": 0.0113510973752, "min": 7.8072702081e-08, "dvar2": 0.000179490962182, "dvar": 7.84798685345e-05, "dmean": 0.00554177816957, "max": 0.0893869921565, "var": 0.000136774091516, "mean": 0.013701970689}, "melbands_crest": {"dmean2": 5.39940500259, "median": 9.81837463379, "min": 3.07228922844, "dvar2": 23.627368927, "dvar": 9.73463726044, "dmean": 3.2743678093, "max": 29.9915065765, "var": 19.2483558655, "mean": 10.8662462234}, "spectral_kurtosis": {"dmean2": 1.32883417606, "median": 2.42501497269, "min": -1.12873208523, "dvar2": 1.84102213383, "dvar": 0.661515891552, "dmean": 0.808563828468, "max": 12.2945289612, "var": 1.7998021841, "mean": 2.55252337456}, "spectral_rms": {"dmean2": 0.00118795654271, "median": 0.00504231918603, "min": 2.43752037932e-05, "dvar2": 1.67153882558e-06, "dvar": 8.11314919247e-07, "dmean": 0.000787621189374, "max": 0.0105004282668, "var": 2.45778437602e-06, "mean": 0.00496729835868}, "zerocrossingrate": {"dmean2": 0.0141114881262, "median": 0.08349609375, "min": 0.01123046875, "dvar2": 0.000227459371672, "dvar": 0.000203416246222, "dmean": 0.0120044024661, "max": 0.345703125, "var": 0.00153772300109, "mean": 0.0894057154655}, "silence_rate_60dB": {"dmean2": 0.00763914128765, "median": 0, "min": 0, "dvar2": 0.00903567392379, "dvar": 0.00380429835059, "dmean": 0.00381887611002, "max": 1, "var": 0.0100781349465, "mean": 0.0101818181574}, "erbbands_kurtosis": {"dmean2": 0.932389676571, "median": -0.543342471123, "min": -1.70746243, "dvar2": 1.96642923355, "dvar": 0.858210921288, "dmean": 0.588384985924, "max": 21.7435626984, "var": 1.75146436691, "mean": -0.232529431581}, "erbbands": {"dmean2": [0.146848469973, 1.18784308434, 2.80469751358, 8.52741622925, 11.5258054733, 15.8058738708, 11.2793769836, 13.4328517914, 15.5398368835, 25.2600040436, 29.6756343842, 26.7784328461, 32.5630722046, 18.1049232483, 19.5138301849, 22.2499580383, 23.0994033813, 25.5361614227, 29.9085597992, 21.4496612549, 18.9801597595, 20.7492427826, 22.1523189545, 20.2532749176, 18.5343742371, 17.4245796204, 12.7370080948, 6.88311100006, 8.06401443481, 7.73952579498, 10.0591659546, 8.60105895996, 4.21596050262, 1.54718530178, 0.498707145452, 0.180700659752, 0.0661935210228, 0.0276605635881, 0.0043099662289, 0.000182888208656], "median": [0.0649348944426, 0.456223487854, 1.4005048275, 3.34162020683, 4.49637317657, 7.1921005249, 5.51413345337, 9.83972167969, 11.2295303345, 11.871178627, 24.9905414581, 20.8236579895, 22.3172531128, 13.8805027008, 13.4945449829, 14.0662593842, 14.4985218048, 15.5576934814, 17.9969291687, 16.8979415894, 16.1157302856, 17.5112495422, 21.0629577637, 16.6271305084, 16.107170105, 17.0189590454, 15.3173027039, 11.6101694107, 9.20175743103, 7.68455553055, 5.63791561127, 3.4634475708, 1.69706583023, 0.683259010315, 0.248487964272, 0.0811172574759, 0.0244328342378, 0.00623715296388, 0.000814990024082, 7.34057975933e-05], "min": [8.58287307892e-08, 5.00476858178e-07, 1.80963957064e-06, 4.87146144224e-06, 1.15844713946e-05, 2.64895425062e-05, 5.85881753068e-05, 0.000114907452371, 0.000174861183041, 0.000184566757525, 0.000196571927518, 0.000514189770911, 0.0010554328328, 0.000837136351038, 0.000742459436879, 0.00226923823357, 0.00177783542313, 0.00105291127693, 0.00106553349178, 0.00109231995884, 0.000819072127342, 0.00274881208315, 0.00325291184708, 0.00246439292096, 0.00278830947354, 0.00466939201578, 0.00145398429595, 0.00190373486839, 0.00142848945688, 0.000391806359403, 0.000469526741654, 0.000183284500963, 9.96230737655e-05, 6.31218135823e-05, 3.17731246469e-05, 1.58064995048e-05, 8.84064320417e-06, 3.20342201121e-06, 7.1827435022e-07, 7.13581655987e-08], "dvar2": [0.0683343037963, 5.21647405624, 23.7234897614, 250.218399048, 613.083007813, 686.038635254, 504.38381958, 509.327270508, 748.548400879, 2913.66088867, 2170.62939453, 1740.3536377, 2897.45605469, 981.58782959, 1202.6262207, 1239.23168945, 1795.57263184, 1911.77246094, 3083.23779297, 992.405029297, 757.159057617, 1048.56738281, 792.435974121, 1263.14709473, 825.193725586, 623.658630371, 233.539382935, 48.66614151, 114.909805298, 134.9818573, 686.364562988, 716.561828613, 171.777236938, 19.5099239349, 1.90381228924, 0.347932726145, 0.0184704996645, 0.00334598659538, 8.3386337792e-05, 1.46157177028e-07], "dvar": [0.0301694311202, 2.18577980995, 9.06084728241, 103.902900696, 239.609603882, 275.003753662, 180.560806274, 201.648101807, 321.208099365, 1276.74462891, 1072.70739746, 734.403137207, 1246.58520508, 419.04977417, 495.780731201, 501.829772949, 731.051574707, 843.86541748, 1260.30737305, 440.05645752, 312.327026367, 419.705841064, 315.944244385, 491.955047607, 312.441833496, 248.172958374, 93.369644165, 20.2094917297, 46.7987518311, 61.9654350281, 325.928039551, 339.809661865, 89.3503646851, 9.9137468338, 0.852008759975, 0.150418311357, 0.00943613611162, 0.00149199634325, 3.79662706109e-05, 6.58463363834e-08], "dmean": [0.0928740948439, 0.710431396961, 1.65801608562, 5.18616962433, 7.04464101791, 9.7059879303, 6.61472702026, 8.53499698639, 10.3018684387, 16.029964447, 19.8408508301, 17.3933734894, 21.0385456085, 11.3910961151, 12.2663192749, 13.8951654434, 14.516500473, 16.3249912262, 18.7659626007, 13.812833786, 12.0371208191, 12.9113378525, 13.9605283737, 12.409784317, 11.2994766235, 10.6194610596, 7.98535585403, 4.2917175293, 5.07151031494, 4.96507740021, 6.568795681, 5.57593154907, 2.83398342133, 1.07302427292, 0.350375503302, 0.130791187286, 0.0467935428023, 0.0185749456286, 0.00291607528925, 0.000124821381178], "max": [2.03785610199, 16.9813747406, 41.0310783386, 110.334243774, 164.115341187, 244.503417969, 157.521759033, 214.944747925, 511.394073486, 791.594482422, 1074.06994629, 416.127349854, 976.799438477, 599.952575684, 364.412628174, 474.479827881, 614.075805664, 632.004150391, 608.035095215, 644.047729492, 481.425262451, 665.150939941, 301.383056641, 699.022155762, 487.783081055, 385.45324707, 177.750488281, 52.3202705383, 99.3945388794, 127.601890564, 338.683135986, 465.426757813, 226.611740112, 105.416717529, 42.9878311157, 17.163236618, 2.42274856567, 0.564350545406, 0.101210720837, 0.00399750238284], "var": [0.0388558581471, 2.2030043602, 10.3376293182, 105.959648132, 231.373275757, 422.501037598, 189.358047485, 458.630554199, 986.51751709, 2308.83227539, 3649.73413086, 2583.81274414, 3157.11791992, 851.40447998, 897.42956543, 1243.39587402, 1334.55566406, 1832.88867188, 2599.31445313, 1095.49584961, 857.558166504, 1151.66955566, 1096.85998535, 1862.59020996, 1054.4354248, 551.844848633, 289.191558838, 63.2810287476, 113.025894165, 164.777130127, 752.631530762, 692.799560547, 184.639160156, 19.5428962708, 1.5984967947, 0.255122840405, 0.0218952130526, 0.00247583654709, 5.85342531849e-05, 1.03655068528e-07], "mean": [0.125010669231, 0.861533045769, 2.28553080559, 6.3217663765, 9.16014385223, 14.4524250031, 9.96653842926, 17.5082798004, 22.7126617432, 26.4795913696, 46.2763595581, 38.8298072815, 41.5450897217, 22.2011432648, 22.3607158661, 26.8155517578, 26.8335037231, 30.0757408142, 34.6596450806, 28.3450508118, 25.4555625916, 27.5385360718, 31.7557411194, 29.6917667389, 26.4662723541, 24.0318832397, 20.1402301788, 12.7548007965, 12.1353721619, 11.4543361664, 12.4657783508, 9.62916278839, 4.8539352417, 1.96558594704, 0.714411914349, 0.259240478277, 0.0840977057815, 0.0261388253421, 0.00386210693978, 0.000195592190721]}, "spectral_strongpeak": {"dmean2": 0.9999345541, "median": 0.521733283997, "min": 0.00062617182266, "dvar2": 1.96143257618, "dvar": 0.769405007362, "dmean": 0.57166904211, "max": 14.4489049911, "var": 1.05486881733, "mean": 0.885967314243}, "spectral_energy": {"dmean2": 0.0136878108606, "median": 0.0260606110096, "min": 6.09004302987e-07, "dvar2": 0.000298187718727, "dvar": 0.000136982198455, "dmean": 0.00892776064575, "max": 0.11301548034, "var": 0.000277495419141, "mean": 0.0278102196753}, "average_loudness": 0.957291245461, "spectral_rolloff": {"dmean2": 1071.53869629, "median": 1808.7890625, "min": 86.1328125, "dvar2": 2112381.5, "dvar": 1007358.5625, "dmean": 654.268981934, "max": 10163.671875, "var": 2718159.5, "mean": 2210.57519531}, "spectral_centroid": {"dmean2": 420.773010254, "median": 1661.62548828, "min": 460.086242676, "dvar2": 184555.65625, "dvar": 87446.9375, "dmean": 271.528625488, "max": 4902.87158203, "var": 528919.75, "mean": 1794.23986816}, "pitch_salience": {"dmean2": 0.105881199241, "median": 0.645202159882, "min": 0.224564015865, "dvar2": 0.00921521056443, "dvar": 0.00352748436853, "dmean": 0.0646749064326, "max": 0.962505996227, "var": 0.00765773840249, "mean": 0.634897053242}, "spectral_energyband_middle_high": {"dmean2": 0.00246737478301, "median": 0.00467170448974, "min": 3.79024612585e-07, "dvar2": 8.41939163365e-06, "dvar": 4.08772484661e-06, "dmean": 0.0016791834496, "max": 0.0378016531467, "var": 2.37654076045e-05, "mean": 0.00606924109161}, "spectral_contrast_coeffs": {"dmean2": [0.0895153284073, 0.0746183171868, 0.0621927641332, 0.0445760339499, 0.0336219295859, 0.0288914870471], "median": [-0.662819743156, -0.732997238636, -0.781692564487, -0.805515050888, -0.799847185612, -0.745987653732], "min": [-0.889053046703, -0.965102910995, -0.945724546909, -0.971379697323, -0.921675384045, -0.875138103962], "dvar2": [0.00541545404121, 0.00358007336035, 0.00230820314027, 0.00115667795762, 0.000726692960598, 0.000643566309009], "dvar": [0.00240905024111, 0.00137263629586, 0.000871494528838, 0.000472863874165, 0.00029707129579, 0.000296773330774], "dmean": [0.0555512160063, 0.0459314323962, 0.0377439558506, 0.0275579784065, 0.0205518957227, 0.0185237266123], "max": [-0.340502351522, -0.456389605999, -0.541984677315, -0.606707811356, -0.608820557594, -0.597985744476], "var": [0.00653518270701, 0.00496590696275, 0.00259103579447, 0.00164969009347, 0.00100425444543, 0.00203383574262], "mean": [-0.653046369553, -0.728305339813, -0.777551591396, -0.800225138664, -0.797255218029, -0.739680409431]}, "melbands_skewness": {"dmean2": 0.975159883499, "median": 2.14381074905, "min": -1.04731154442, "dvar2": 1.14686179161, "dvar": 0.487618714571, "dmean": 0.622309505939, "max": 9.73170185089, "var": 1.66492187977, "mean": 2.25770998001}, "spectral_spread": {"dmean2": 676281.6875, "median": 5053268, "min": 2091119.875, "dvar2": 458607853568, "dvar": 269099810816, "dmean": 484602.1875, "max": 17968146, "var": 2483297452030.0, "mean": 5152839}, "dissonance": {"dmean2": 0.0204380340874, "median": 0.481629252434, "min": 0.0522939935327, "dvar2": 0.000395169394324, "dvar": 0.000165241086506, "dmean": 0.0120329782367, "max": 0.500000119209, "var": 0.000328723603161, "mean": 0.477667301893}, "spectral_skewness": {"dmean2": 0.237606465816, "median": 1.16446089745, "min": 0.0456024333835, "dvar2": 0.0478257909417, "dvar": 0.0209406651556, "dmean": 0.152240008116, "max": 2.98926925659, "var": 0.0906946957111, "mean": 1.16053688526}, "spectral_flux": {"dmean2": 0.0378231927752, "median": 0.0834434330463, "min": 0.0210930965841, "dvar2": 0.00160767533816, "dvar": 0.000750077655539, "dmean": 0.0244203694165, "max": 0.275858879089, "var": 0.00153210747521, "mean": 0.0902470126748}, "spectral_contrast_valleys": {"dmean2": [0.621820509434, 0.558732569218, 0.492738574743, 0.402893006802, 0.361512511969, 0.400410830975], "median": [-6.84485197067, -6.40274763107, -6.78199386597, -7.0930724144, -6.80018615723, -9.33616638184], "min": [-12.9531669617, -11.5846157074, -11.2239809036, -10.7647657394, -10.7730674744, -13.0607652664], "dvar2": [0.248814806342, 0.203499808908, 0.150866314769, 0.111142724752, 0.12731961906, 0.202618405223], "dvar": [0.0996143221855, 0.0825488120317, 0.0649623423815, 0.0528710260987, 0.0584346950054, 0.0985485911369], "dmean": [0.379250109196, 0.344791352749, 0.305897384882, 0.26165252924, 0.234127417207, 0.280029177666], "max": [-5.38371515274, -4.72654867172, -5.29813671112, -5.46968698502, -5.48506069183, -7.14691638947], "var": [1.26280665398, 0.378443837166, 0.257206469774, 0.271925806999, 0.248690381646, 0.484352588654], "mean": [-7.1617102623, -6.48997211456, -6.82003927231, -7.1174454689, -6.84057474136, -9.35965538025]}, "erbbands_flatness_db": {"dmean2": 0.0199596136808, "median": 0.121523141861, "min": 0.0471879728138, "dvar2": 0.000329175702063, "dvar": 0.000164505225257, "dmean": 0.0136270476505, "max": 0.27865037322, "var": 0.00198889826424, "mean": 0.130294173956}, "spectral_energyband_high": {"dmean2": 0.00103919685353, "median": 0.00145981716923, "min": 1.54982885192e-07, "dvar2": 3.6083051782e-06, "dvar": 1.86534680324e-06, "dmean": 0.000709710351657, "max": 0.022562244907, "var": 5.31715431862e-06, "mean": 0.00201396550983}, "spectral_entropy": {"dmean2": 0.166946977377, "median": 7.94514560699, "min": 7.14373111725, "dvar2": 0.0250050481409, "dvar": 0.0108448555693, "dmean": 0.108129635453, "max": 8.84495258331, "var": 0.0452567487955, "mean": 7.94650936127}, "silence_rate_20dB": {"dmean2": 0, "median": 1, "min": 1, "dvar2": 0, "dvar": 0, "dmean": 0, "max": 1, "var": 0, "mean": 1}, "melbands_flatness_db": {"dmean2": 0.0364682339132, "median": 0.13478064537, "min": 0.0365309342742, "dvar2": 0.00121642171871, "dvar": 0.00048774870811, "dmean": 0.0225793626159, "max": 0.312024712563, "var": 0.00190105382353, "mean": 0.137340396643}, "barkbands": {"dmean2": [0.000186758552445, 0.00496586225927, 0.00270676449873, 0.00413508759812, 0.00362834823318, 0.00156613078434, 0.00131731410511, 0.00137556099799, 0.00110153516289, 0.000903159787413, 0.000461446034024, 0.000545053859241, 0.000531997124199, 0.000603841675911, 0.000496581953485, 0.000389010296203, 0.000398208590923, 0.00042903679423, 0.000393198453821, 0.000377852731617, 0.000219272260438, 0.000215204810956, 0.000326225010213, 0.000321091240039, 9.8071701359e-05, 3.87337677239e-05, 2.45891569648e-05], "median": [9.90233602352e-05, 0.00213328027166, 0.00124698714353, 0.00108243012801, 0.0021532450337, 0.00115580670536, 0.000771187653299, 0.00100579473656, 0.000695138354786, 0.000617828336544, 0.000283050001599, 0.000314818054903, 0.000300015031826, 0.000287139206193, 0.000324552587699, 0.000276363949524, 0.000299955223454, 0.000370898895198, 0.000297739432426, 0.000372093520127, 0.000329345522914, 0.0002561348374, 0.000213896972127, 0.000129901134642, 4.64982658741e-05, 1.5395691662e-05, 4.47749698651e-06], "min": [1.52538359721e-09, 2.41410957891e-09, 1.78344583546e-09, 2.01218353091e-09, 7.22385262719e-09, 1.23730510282e-08, 1.28725101689e-08, 7.79168818354e-09, 2.42950051188e-08, 3.49289450696e-08, 1.17794733967e-08, 5.157989591e-08, 3.53905100781e-08, 2.19816360669e-08, 1.78528338779e-08, 1.67207794277e-08, 4.52721984345e-08, 5.55497514654e-08, 5.26397450074e-08, 8.36559621575e-08, 4.26804902531e-08, 3.01066869213e-08, 1.49940824201e-08, 5.74664316133e-09, 4.88585572e-09, 4.45961356732e-09, 5.0638884197e-09], "dvar2": [8.01074335754e-08, 8.50034703035e-05, 2.22291509999e-05, 8.23616501293e-05, 3.42624589393e-05, 6.59949682813e-06, 6.54690029478e-06, 4.78107585877e-06, 2.79303230855e-06, 2.17896308641e-06, 6.03484522799e-07, 7.70538235884e-07, 9.19612261896e-07, 1.25744736579e-06, 6.45511249786e-07, 3.44162174315e-07, 3.50381441194e-07, 3.25144412727e-07, 4.3426581442e-07, 2.62771493453e-07, 5.21368690443e-08, 7.9178242629e-08, 5.99714041982e-07, 9.64749688137e-07, 7.60173861636e-08, 9.25767640325e-09, 2.73972977638e-09], "dvar": [3.89477925467e-08, 3.7015081034e-05, 8.55234975461e-06, 3.40261321981e-05, 1.35326372401e-05, 2.58088630289e-06, 2.71339968094e-06, 2.19460957851e-06, 1.16928015359e-06, 9.77392346613e-07, 2.51467213275e-07, 3.01333642483e-07, 3.75179212142e-07, 5.2879966006e-07, 2.73976667131e-07, 1.40669087045e-07, 1.4088297462e-07, 1.28973425717e-07, 1.68106979004e-07, 1.05613537471e-07, 2.10754951269e-08, 3.37543077933e-08, 2.88602592491e-07, 4.89238345835e-07, 3.70566226593e-08, 4.29799840163e-09, 1.22737919828e-09], "dmean": [0.000122283279779, 0.00303006800823, 0.00159466220066, 0.00253165559843, 0.00220160349272, 0.000992355984636, 0.000834647740703, 0.000906487635802, 0.000708221341483, 0.00058528810041, 0.000287905684672, 0.000337321718689, 0.000334289914463, 0.000375539821107, 0.000312808959279, 0.000246523151873, 0.000246427603997, 0.000267734838417, 0.000237995074713, 0.000233130442211, 0.000137959199492, 0.000136245958856, 0.000214325817069, 0.000212370796362, 6.92458124831e-05, 2.75509082712e-05, 1.6588563085e-05], "max": [0.00318389944732, 0.065128788352, 0.0464054122567, 0.060760512948, 0.0399835817516, 0.0216598752886, 0.0360231138766, 0.039236266166, 0.0154486363754, 0.0315779149532, 0.00778828561306, 0.0101056750864, 0.0119138015434, 0.0132532576099, 0.009800828062, 0.00707520404831, 0.00982503034174, 0.00752194691449, 0.0105065414682, 0.00675569614395, 0.00225177756511, 0.00281674601138, 0.00993739627302, 0.0159473493695, 0.00736583117396, 0.00229740841314, 0.000535793253221], "var": [6.57964136508e-08, 4.2127983761e-05, 1.06574816527e-05, 3.20890176226e-05, 1.93262512767e-05, 5.73185161556e-06, 5.29609133082e-06, 6.10254164712e-06, 3.82681037081e-06, 2.57362034972e-06, 4.47947485327e-07, 7.35629953397e-07, 6.72931832923e-07, 1.06745301309e-06, 5.51082450784e-07, 3.42752798588e-07, 3.67175488236e-07, 4.44497629815e-07, 5.98526810336e-07, 2.54642372965e-07, 7.54779776457e-08, 8.86403270783e-08, 6.98765859397e-07, 1.02898002297e-06, 7.1069287344e-08, 8.61586713086e-09, 1.9057706524e-09], "mean": [0.000187603480299, 0.00399715267122, 0.00216294475831, 0.00265878182836, 0.00353331072256, 0.00201090890914, 0.00147820624989, 0.0019409552915, 0.00144563883077, 0.00113710423466, 0.000485430238768, 0.000628941517789, 0.000582976615988, 0.000631328322925, 0.000572778692003, 0.000481722614495, 0.000491112994496, 0.000583769346122, 0.00055032299133, 0.000522258866113, 0.000389225693652, 0.000338598329108, 0.000426306942245, 0.00036542234011, 0.000134173853439, 5.12744190928e-05, 2.19509493036e-05]}, "erbbands_skewness": {"dmean2": 0.442897856236, "median": 0.176151394844, "min": -4.01450872421, "dvar2": 0.180717498064, "dvar": 0.089659512043, "dmean": 0.296610593796, "max": 4.08127260208, "var": 0.468143433332, "mean": 0.142830327153}, "erbbands_spread": {"dmean2": 12.3318223953, "median": 42.9851379395, "min": 8.42900848389, "dvar2": 162.19960022, "dvar": 75.6261749268, "dmean": 8.09300136566, "max": 127.82522583, "var": 332.685821533, "mean": 46.1503486633}, "melbands_kurtosis": {"dmean2": 7.61408138275, "median": 6.20337867737, "min": -1.82849442959, "dvar2": 142.262863159, "dvar": 56.783039093, "dmean": 4.71300125122, "max": 120.658477783, "var": 102.388656616, "mean": 8.73523235321}, "melbands": {"dmean2": [0.00133676524274, 0.00141025253106, 0.00159096159041, 0.000892558600754, 0.000459384085843, 0.000302639440633, 0.00024696206674, 0.000269935117103, 0.000231136073126, 0.000174631510163, 0.000162942131283, 7.63640127843e-05, 6.22602747171e-05, 6.52331800666e-05, 5.25208379258e-05, 5.66526141483e-05, 5.06364558532e-05, 5.39511383977e-05, 3.51904527633e-05, 3.0215092