{"metadata": {"tags": {"album": ["Ladies Edition"], "albumartist": ["H-Town"], "musicbrainz_recordingid": ["0a750a3a-24ca-4039-ba5b-16ed7d84a5b8"], "artist": ["H-Town"], "date": ["1997"], "tracknumber": ["7"], "title": ["Ways To Treat A Woman"], "file_name": "266656.mp3"}, "audio_properties": {"sample_rate": 44100, "downmix": "mix", "lossless": false, "analysis_sample_rate": 44100, "md5_encoded": "1fbae2fe0887b7915026cf9d55685adb", "equal_loudness": 0, "replay_gain": -10.631816864, "codec": "mp3", "bit_rate": 192000, "length": 225.854690552}, "version": {"extractor": "music 1.0", "essentia_build_sha": "70f2e5ece6736b2c40cc944ad0e695b16b925413", "essentia_git_sha": "v2.1_beta2", "essentia": "2.1-beta2"}}, "rhythm": {"beats_loudness_band_ratio": {"dvar2": [0.223888754845, 0.0295117758214, 0.0658648014069, 0.0287342518568, 0.0120949903503, 0.0446418821812], "var": [0.105003885925, 0.0176026616246, 0.0224715508521, 0.00702507514507, 0.0090237846598, 0.0253476239741], "min": [0.000291143107461, 0.000507416436449, 0.000413423549617, 0.000115480615932, 3.21613260894e-05, 0.00112663360778], "dmean": [0.40370029211, 0.179057970643, 0.153448417783, 0.0644877776504, 0.127044141293, 0.22653734684], "mean": [0.350033074617, 0.187148839235, 0.123622059822, 0.0537770986557, 0.0933114811778, 0.233383372426], "max": [0.995432734489, 0.598575413227, 0.789440751076, 0.627258896828, 0.886647880077, 0.675082981586], "dmean2": [0.711066484451, 0.314948350191, 0.267961651087, 0.11867184937, 0.242221206427, 0.408878266811], "median": [0.198608294129, 0.199237540364, 0.0607345588505, 0.0309902876616, 0.0975327044725, 0.260839730501], "dvar": [0.0923355817795, 0.00923499371856, 0.0249722395092, 0.0101299798116, 0.00414712214842, 0.0142740588635]}, "bpm_histogram_first_peak_weight": {"dvar2": 0, "var": 0, "min": 0.98760330677, "dmean": 0, "mean": 0.98760330677, "max": 0.98760330677, "dmean2": 0, "median": 0.98760330677, "dvar": 0}, "bpm": 64.8038253784, "beats_count": 243, "bpm_histogram_first_peak_spread": {"dvar2": 0, "var": 0, "min": 0.00416666269302, "dmean": 0, "mean": 0.00416666269302, "max": 0.00416666269302, "dmean2": 0, "median": 0.00416666269302, "dvar": 0}, "danceability": 1.32453119755, "bpm_histogram_first_peak_bpm": {"dvar2": 0, "var": 0, "min": 65, "dmean": 0, "mean": 65, "max": 65, "dmean2": 0, "median": 65, "dvar": 0}, "beats_position": [0.986848056316, 1.99691605568, 3.00698399544, 3.95900225639, 4.8994102478, 5.8282084465, 6.7570066452, 7.67419481277, 8.59138298035, 9.52018165588, 10.4489793777, 11.3777770996, 12.3065757751, 13.2237634659, 14.1409521103, 15.0697498322, 15.9985485077, 16.9273471832, 17.8561439514, 18.7733325958, 19.6905212402, 20.6193199158, 21.548116684, 22.4769153595, 23.405714035, 24.3229026794, 25.2400894165, 26.168888092, 27.0976867676, 28.0264854431, 28.9552822113, 29.8724708557, 30.7896595001, 31.7184581757, 32.6472549438, 33.5760536194, 34.5048522949, 35.422039032, 36.3392295837, 37.2680282593, 38.1968231201, 39.1256217957, 40.0544204712, 40.9832191467, 41.9004058838, 42.8175964355, 43.7463951111, 44.6751937866, 45.6039886475, 46.532787323, 47.4499778748, 48.3671646118, 49.2959632874, 50.2247619629, 51.1535606384, 52.0823554993, 52.999546051, 53.9167327881, 54.8455314636, 55.7743301392, 56.7031288147, 57.6203155518, 58.5375061035, 59.4663009644, 60.3950996399, 61.3238983154, 62.252696991, 63.169883728, 64.0870742798, 65.0158691406, 65.9446716309, 66.8734664917, 67.8022689819, 68.7310638428, 69.6482543945, 70.5770492554, 71.4942398071, 72.423034668, 73.3518371582, 74.280632019, 75.1978225708, 76.1150131226, 77.0438079834, 77.9726028442, 78.9014053345, 79.8302001953, 80.7473907471, 81.6645812988, 82.5933761597, 83.5221786499, 84.4509735107, 85.3797683716, 86.2969589233, 87.2141494751, 88.1429443359, 89.0717468262, 90.000541687, 90.9293441772, 91.8581390381, 92.7753295898, 93.6925125122, 94.6213150024, 95.5501098633, 96.4789123535, 97.4077072144, 98.3248977661, 99.2420806885, 100.170883179, 101.09967804, 102.02848053, 102.957275391, 103.874465942, 104.791656494, 105.720451355, 106.649246216, 107.578048706, 108.506843567, 109.424034119, 110.34122467, 111.270019531, 112.198822021, 113.127616882, 114.056411743, 114.973602295, 115.890792847, 116.819587708, 117.748390198, 118.677185059, 119.605987549, 120.523170471, 121.440361023, 122.369155884, 123.297958374, 124.226753235, 125.155555725, 126.072738647, 126.989929199, 127.91872406, 128.847518921, 129.776321411, 130.705123901, 131.622314453, 132.539505005, 133.468292236, 134.397094727, 135.325897217, 136.254684448, 137.171875, 138.089065552, 139.017868042, 139.946670532, 140.875457764, 141.792648315, 142.709838867, 143.638641357, 144.567428589, 145.496231079, 146.425033569, 147.35383606, 148.271011353, 149.188201904, 150.117004395, 151.045806885, 151.974594116, 152.903396606, 153.820587158, 154.73777771, 155.6665802, 156.595367432, 157.524169922, 158.452972412, 159.370162964, 160.287338257, 161.216140747, 162.144943237, 163.073745728, 164.002532959, 164.919723511, 165.836914062, 166.765716553, 167.694503784, 168.623306274, 169.552108765, 170.469299316, 171.386474609, 172.3152771, 173.24407959, 174.17288208, 175.101669312, 176.018859863, 176.936050415, 177.864852905, 178.793640137, 179.722442627, 180.651245117, 181.568435669, 182.485626221, 183.414413452, 184.343215942, 185.272018433, 186.200805664, 187.117996216, 188.035186768, 188.963989258, 189.892791748, 190.821578979, 191.75038147, 192.667572021, 193.584762573, 194.513549805, 195.442352295, 196.371154785, 197.299957275, 198.217132568, 199.13432312, 200.06312561, 200.991928101, 201.920715332, 202.849517822, 203.766708374, 204.683898926, 205.612701416, 206.541488647, 207.470291138, 208.399093628, 209.31628418, 210.233459473, 211.162261963, 212.091064453, 213.019866943, 213.948654175, 214.865844727, 215.783035278, 216.711837769, 217.640625, 218.56942749, 219.49822998, 220.415420532, 221.332611084, 222.261398315, 223.190200806, 224.130615234, 225.071014404], "beats_loudness": {"dvar2": 0.0065263682045, "var": 0.00291163125075, "min": 9.16777853632e-09, "dmean": 0.0606319606304, "mean": 0.0526521094143, "max": 0.215603142977, "dmean2": 0.0977295488119, "median": 0.0371117927134, "dvar": 0.00253109261394}, "bpm_histogram_second_peak_weight": {"dvar2": 0, "var": 0, "min": 0.00826446246356, "dmean": 0, "mean": 0.00826446246356, "max": 0.00826446246356, "dmean2": 0, "median": 0.00826446246356, "dvar": 0}, "bpm_histogram_second_peak_spread": {"dvar2": 0, "var": 0, "min": 0, "dmean": 0, "mean": 0, "max": 0, "dmean2": 0, "median": 0, "dvar": 0}, "bpm_histogram_second_peak_bpm": {"dvar2": 0, "var": 0, "min": 59, "dmean": 0, "mean": 59, "max": 59, "dmean2": 0, "median": 59, "dvar": 0}, "onset_rate": 3.8207461834}, "lowlevel": {"spectral_energyband_high": {"dvar2": 2.23250244744e-05, "var": 8.77973798197e-06, "min": 7.36742064282e-21, "dmean": 0.000908464717213, "mean": 0.000880193256307, "max": 0.0309726949781, "dmean2": 0.00141542765778, "median": 9.28348308662e-05, "dvar": 9.10180460778e-06}, "spectral_energyband_middle_low": {"dvar2": 0.000201316419407, "var": 6.74102266203e-05, "min": 2.32326630025e-22, "dmean": 0.00300906621851, "mean": 0.00512505695224, "max": 0.0935231819749, "dmean2": 0.00497184554115, "median": 0.00265661207959, "dvar": 7.33065608074e-05}, "spectral_energy": {"dvar2": 0.00199901591986, "var": 0.0015796526568, "min": 1.03937941998e-20, "dmean": 0.0136832389981, "mean": 0.0241640526801, "max": 0.264966011047, "dmean2": 0.0197406299412, "median": 0.00903094746172, "dvar": 0.000927958521061}, "spectral_spread": {"dvar2": 2143251595260.0, "var": 5054625480700.0, "min": 698524.75, "dmean": 782928.125, "mean": 4495287.5, "max": 48387380, "dmean2": 1081567.375, "median": 3941721, "dvar": 1350911131650.0}, "spectral_energyband_low": {"dvar2": 0.00106470868923, "var": 0.00118291156832, "min": 1.13979214757e-23, "dmean": 0.00912907719612, "mean": 0.0146112814546, "max": 0.256594210863, "dmean2": 0.0125852385536, "median": 0.000208091078093, "dvar": 0.00057811953593}, "spectral_rolloff": {"dvar2": 7025221, "var": 6166720.5, "min": 43.06640625, "dmean": 873.834472656, "mean": 1910.01660156, "max": 19616.7480469, "dmean2": 1428.15405273, "median": 1076.66015625, "dvar": 3543819.75}, "barkbands": {"dvar2": [9.90435182757e-07, 0.000589234405197, 0.000252114987234, 1.3300403225e-05, 3.22842315654e-05, 3.28859641741e-06, 7.25214204067e-06, 1.02403755591e-05, 5.60090302315e-06, 3.89880005969e-06, 8.0155376736e-07, 2.88579781227e-06, 6.09778362559e-06, 4.23234496338e-06, 1.45581998368e-06, 2.75178922493e-06, 1.98046382138e-05, 6.05188370173e-06, 4.43271005679e-07, 5.25858354194e-07, 7.9470817127e-07, 2.15997238229e-06, 8.11105849152e-07, 5.64598394703e-07, 3.05378677012e-07, 1.59868093874e-07, 4.63453675437e-09], "var": [9.93404114524e-07, 0.000726440106519, 0.000104536949948, 2.98073359772e-06, 1.31856559165e-05, 3.31470914716e-06, 2.09972859011e-06, 4.21749928137e-06, 6.02525869908e-06, 1.79183882665e-06, 4.37746933812e-07, 4.89452668262e-06, 5.1329316193e-06, 1.06841116576e-05, 9.14251074846e-07, 9.20962293094e-07, 5.81057383897e-06, 1.5912944491e-06, 3.18618504025e-07, 1.95734216391e-07, 2.57680994764e-07, 5.60903060887e-07, 2.56689560274e-07, 2.17365624167e-07, 1.74942897502e-07, 7.94597809772e-08, 1.28460797555e-09], "min": [9.95115885854e-25, 3.06713340356e-24, 1.94612853065e-24, 2.81405144238e-24, 9.50754411178e-24, 2.21893856201e-23, 1.56017375738e-23, 1.24841237776e-23, 1.74962185921e-23, 2.50238196505e-23, 1.50196686662e-23, 3.28621751076e-23, 3.06943190758e-23, 6.44343038889e-23, 6.04721395519e-23, 8.35492997684e-23, 1.36605162313e-22, 1.03092823824e-22, 1.71164363399e-22, 2.60691038951e-22, 2.96145199578e-22, 2.77905397541e-22, 5.19163775792e-22, 6.48160027575e-22, 9.76863043947e-22, 1.57205796585e-21, 2.07060674884e-21], "dmean": [0.000262567860773, 0.00692999921739, 0.00267890794203, 0.000684254977386, 0.001139953034, 0.000412093475461, 0.000442483462393, 0.000568634830415, 0.000479463167721, 0.000319012935506, 0.000152727487148, 0.00035632099025, 0.00037732772762, 0.000318735808833, 0.000277488754364, 0.000239131928538, 0.000583487912081, 0.000328395806719, 0.000171744351974, 0.000149588959175, 0.000160845127539, 0.000214460655116, 0.000153023720486, 0.000140961637953, 0.000118917880172, 8.77429847606e-05, 1.15081647891e-05], "mean": [0.00046307084267, 0.0115957632661, 0.00225009070709, 0.000611925323028, 0.00174850819167, 0.000583462591749, 0.000539441767614, 0.00070972047979, 0.000778100569732, 0.000369149289327, 0.000176705812919, 0.000514866202138, 0.000609328912105, 0.000557519728318, 0.000380061275791, 0.000234078077483, 0.000519165769219, 0.000292116339551, 0.000259594613453, 0.000173902997631, 0.000152647378854, 0.000180340590305, 0.000132086861413, 0.000126391780213, 0.000119896154501, 7.75183725636e-05, 8.57259692566e-06], "max": [0.0109026608989, 0.199514552951, 0.122263357043, 0.0355150438845, 0.0497105382383, 0.0411806479096, 0.0203855633736, 0.0348574593663, 0.0384465381503, 0.0269165132195, 0.0103456014767, 0.0299594253302, 0.0751573592424, 0.0855526253581, 0.0129808830097, 0.0384414717555, 0.0300565101206, 0.0164002515376, 0.0161024071276, 0.00626682396978, 0.00703254668042, 0.0101635344326, 0.00647933175787, 0.0039129871875, 0.00324570084922, 0.0022929883562, 0.000410309352446], "dmean2": [0.000375477451598, 0.0101160621271, 0.00431745592505, 0.00125363876577, 0.0018174322322, 0.000653888855595, 0.000736270507332, 0.000915926648304, 0.000720953452401, 0.000518885091878, 0.000246352516115, 0.000475689041195, 0.000581103609875, 0.000422402576078, 0.000450527906651, 0.000399028358515, 0.000984650338069, 0.000555355625693, 0.00026231573429, 0.000246181414695, 0.00026548616006, 0.000363139988622, 0.000247785064857, 0.000221323192818, 0.000185601020348, 0.00013655606017, 1.94987514988e-05], "median": [1.93175037566e-06, 6.37655393803e-05, 1.10058790597e-05, 8.00949492259e-05, 0.000449532759376, 9.54943461693e-05, 9.88211031654e-05, 8.62957240315e-05, 0.000101807374449, 3.94030721509e-05, 1.1543634173e-05, 1.39608036989e-05, 2.08535966522e-05, 1.83579759323e-05, 4.71489620395e-05, 2.41628404183e-05, 3.79699922632e-05, 3.36499251716e-05, 4.21801996708e-05, 2.40672088694e-05, 1.50058767758e-05, 1.19251144497e-05, 8.23740447231e-06, 4.93127845402e-06, 3.58640454579e-06, 1.33555795401e-06, 1.63234901152e-08], "dvar": [4.14717874264e-07, 0.000343720777892, 0.000112894653284, 4.61048603029e-06, 1.23235904539e-05, 1.46562410919e-06, 2.56367843576e-06, 3.86550163967e-06, 2.49778645411e-06, 1.52640495799e-06, 3.14111986199e-07, 1.80635174729e-06, 2.94046799354e-06, 2.97188671539e-06, 5.73452950903e-07, 1.08242363694e-06, 7.75634816819e-06, 2.25479311666e-06, 1.99400190581e-07, 2.03032726631e-07, 3.09919244046e-07, 7.89550767877e-07, 3.10856819397e-07, 2.29468113844e-07, 1.45047522437e-07, 7.30699838414e-08, 1.76496728344e-09]}, "melbands_skewness": {"dvar2": 7.51472043991, "var": 11.4250040054, "min": -4.51175498962, "dmean": 1.16635787487, "mean": 2.9825592041, "max": 40.1878967285, "dmean2": 1.71049594879, "median": 2.03273653984, "dvar": 3.5948741436}, "barkbands_skewness": {"dvar2": 11.9210987091, "var": 11.8048238754, "min": -6.33034467697, "dmean": 1.11593472958, "mean": 2.06869149208, "max": 48.293094635, "dmean2": 1.60949242115, "median": 1.29546511173, "dvar": 5.39408874512}, "erbbands": {"dvar2": [0.542834401131, 39.5610542297, 459.628509521, 148.015762329, 160.480484009, 525.669189453, 182.45942688, 303.032196045, 941.768432617, 4017.93017578, 3756.96679688, 3334.88574219, 2389.71386719, 2782.30249023, 1412.06530762, 7020.01074219, 8692.56054688, 8372.10351562, 4131.72949219, 3236.06347656, 12483.15625, 70672.5234375, 25863.2851562, 2492.5612793, 1228.18383789, 1024.60656738, 881.169250488, 1923.76721191, 2439.17578125, 2308.76245117, 490.298126221, 266.829620361, 140.614547729, 38.6448097229, 14.6712417603, 4.46314620972, 0.430652976036, 0.0158315859735, 0.000158093578648, 4.0650917299e-07], "var": [0.480439037085, 45.4265441895, 224.441711426, 40.8239860535, 63.2886581421, 220.990829468, 231.569259644, 177.992523193, 332.619689941, 1141.66333008, 2240.96166992, 3222.59985352, 2087.94726562, 954.576965332, 701.985412598, 11116.3876953, 8941.23144531, 27788.3457031, 4134.37451172, 1801.01721191, 3940.734375, 19825.4492188, 7246.73095703, 1119.11169434, 694.448059082, 433.106689453, 353.101806641, 542.130371094, 659.264831543, 571.277709961, 161.268859863, 108.130897522, 55.0764427185, 22.7800998688, 7.70824575424, 1.97817993164, 0.228146120906, 0.00791522394866, 4.02057885367e-05, 1.00575931583e-07], "min": [6.81406879659e-23, 8.81947097882e-22, 2.7764929164e-21, 1.21496611489e-20, 1.79441631218e-20, 4.23631018755e-20, 1.01380593581e-19, 1.17826837626e-19, 1.95433556006e-19, 2.09269741489e-19, 3.25073786475e-19, 5.19708273085e-19, 9.94984022579e-19, 8.90211154844e-19, 1.52176655106e-18, 1.58158783937e-18, 1.76184755544e-18, 3.16306917923e-18, 2.77788673673e-18, 4.09870020113e-18, 5.57610515933e-18, 7.85371016646e-18, 6.43081930575e-18, 9.19947098454e-18, 9.09462170599e-18, 1.082845679e-17, 1.06759064871e-17, 1.58325032764e-17, 1.19427724727e-17, 1.01280804838e-17, 1.49970955255e-17, 1.08676494346e-17, 1.05266450542e-17, 9.17401284682e-18, 7.24437501285e-18, 5.04760871262e-18, 3.02157890148e-18, 9.29909103404e-19, 2.87473697196e-19, 3.08254348264e-20], "dmean": [0.207316935062, 1.64160966873, 3.85814404488, 2.16845178604, 3.00168132782, 4.34856748581, 2.85913562775, 3.64061808586, 5.41205120087, 9.29545497894, 11.8999090195, 11.0466842651, 8.51441669464, 7.91777420044, 6.37023830414, 16.4781608582, 16.1456871033, 15.3816137314, 13.5688591003, 12.8461437225, 15.1309242249, 32.9806098938, 21.110004425, 10.3153820038, 7.71526479721, 6.85839128494, 6.08833694458, 7.05454206467, 7.53389978409, 6.83480119705, 3.78914690018, 3.09286665916, 2.24019360542, 1.33745026588, 0.819295108318, 0.448254734278, 0.144782468677, 0.0270307715982, 0.00188029441051, 9.90366679616e-05], "mean": [0.341354250908, 2.48162794113, 3.60346984863, 1.96690022945, 3.94531011581, 6.28449296951, 4.85180425644, 4.77034330368, 7.40102815628, 10.7372255325, 17.7974281311, 18.2687797546, 12.1954450607, 8.63566970825, 8.00902843475, 27.2508869171, 30.5437431335, 28.8888397217, 19.3427429199, 17.7503547668, 14.8185167313, 28.5500869751, 19.2412967682, 14.6426715851, 10.5158424377, 8.41002655029, 6.61786031723, 6.14665460587, 6.39166927338, 5.5139169693, 3.35115170479, 2.8371322155, 2.00715231895, 1.37307238579, 0.796575605869, 0.392427682877, 0.127437546849, 0.0237042997032, 0.00136834126897, 8.75809564604e-05], "max": [6.48842525482, 49.3397331238, 147.874160767, 94.5320587158, 98.3925170898, 237.0440979, 222.881271362, 332.769256592, 271.435333252, 415.068450928, 1099.59460449, 1121.2109375, 971.546264648, 432.129058838, 491.319763184, 1448.25085449, 2276.33935547, 4676.65527344, 1520.98608398, 572.384521484, 2430.42407227, 1808.43457031, 978.485412598, 428.375091553, 1010.65087891, 419.021179199, 245.06401062, 375.001190186, 376.197906494, 399.333496094, 155.692520142, 91.3847961426, 67.0762481689, 39.0351333618, 23.635717392, 12.9554386139, 4.0678691864, 0.83828318119, 0.0761566311121, 0.00408741598949], "dmean2": [0.312061488628, 2.33275771141, 5.92844724655, 3.71940255165, 4.9688873291, 6.91454839706, 4.54057645798, 5.87109994888, 8.85782337189, 15.6725111008, 18.9062232971, 16.5661468506, 13.1513748169, 13.1557226181, 10.1840839386, 22.4213523865, 24.1715450287, 19.342256546, 20.9283561707, 20.4390163422, 25.2629108429, 55.9663963318, 35.3549308777, 16.0735988617, 12.0723562241, 11.0321149826, 9.79724502563, 11.8260288239, 12.6778001785, 11.7013835907, 6.1107134819, 4.86050128937, 3.50539302826, 2.0729663372, 1.28006339073, 0.705708861351, 0.223216727376, 0.0423947200179, 0.00321814510971, 0.000166598678334], "median": [0.00157727743499, 0.0138146225363, 0.0238736979663, 0.229605734348, 1.08504652977, 1.25936579704, 0.612725973129, 1.02649092674, 1.51386475563, 2.03357648849, 2.93483781815, 2.88247346878, 1.91334629059, 0.998294830322, 0.841516375542, 0.922776460648, 1.25640034676, 1.48494243622, 2.116314888, 2.28821206093, 2.0155377388, 2.10246157646, 2.27280282974, 2.27026677132, 1.95233225822, 1.25782942772, 0.849879324436, 0.454752087593, 0.401324361563, 0.397685527802, 0.215868487954, 0.11662799865, 0.0680107548833, 0.0400653928518, 0.0218918696046, 0.00826482474804, 0.0020574752707, 0.000176649075001, 1.6387028154e-05, 1.40148022183e-05], "dvar": [0.233603522182, 24.0526504517, 214.460708618, 55.2747764587, 61.7035713196, 201.335586548, 79.4667892456, 124.176864624, 338.243377686, 1432.55871582, 1480.59204102, 1476.36193848, 1078.6282959, 1019.9173584, 536.223266602, 4020.49145508, 3882.12597656, 7214.82470703, 1998.66430664, 1279.76379395, 4851.12451172, 27285.6933594, 9882.49414062, 991.651184082, 546.590759277, 408.334075928, 360, 721.542602539, 904.457885742, 836.373168945, 187.962509155, 109.068664551, 57.89894104, 18.3736686707, 6.75509786606, 1.95799362659, 0.202444389462, 0.00720243388787, 5.90635754634e-05, 1.50434715351e-07]}, "silence_rate_30dB": {"dvar2": 0.104369938374, "var": 0.0561582036316, "min": 0, "dmean": 0.0514033101499, "mean": 0.940275490284, "max": 1, "dmean2": 0.102817192674, "median": 1, "dvar": 0.0487661547959}, "melbands_spread": {"dvar2": 858.489929199, "var": 874.941894531, "min": 0.0688492953777, "dmean": 11.0796031952, "mean": 27.0385322571, "max": 232.151748657, "dmean2": 16.88920784, "median": 17.5924568176, "dvar": 404.634368896}, "melbands_crest": {"dvar2": 31.3267745972, "var": 61.810295105, "min": 1.60500001907, "dmean": 3.73644042015, "mean": 17.2409706116, "max": 38.7403373718, "dmean2": 5.86568880081, "median": 15.7842407227, "dvar": 13.3563899994}, "zerocrossingrate": {"dvar2": 0.000974067603238, "var": 0.00353401084431, "min": 0.00146484375, "dmean": 0.0182279460132, "mean": 0.0650933906436, "max": 0.5283203125, "dmean2": 0.0205920040607, "median": 0.04931640625, "dvar": 0.000797333661467}, "barkbands_kurtosis": {"dvar2": 68312.828125, "var": 22368.1308594, "min": -1.9267231226, "dmean": 23.8127803802, "mean": 25.0558261871, "max": 5682.55615234, "dmean2": 37.9464302063, "median": 2.18166089058, "dvar": 26383.0703125}, "spectral_flux": {"dvar2": 0.00694546476007, "var": 0.00589727889746, "min": 6.41312836169e-11, "dmean": 0.0342722088099, "mean": 0.0725598558784, "max": 0.464950472116, "dmean2": 0.0542698130012, "median": 0.0483248196542, "dvar": 0.0030090266373}, "barkbands_crest": {"dvar2": 17.3519897461, "var": 33.785068512, "min": 2.44622826576, "dmean": 2.94488048553, "mean": 12.6500768661, "max": 26.8115558624, "dmean2": 4.47300958633, "median": 11.5104351044, "dvar": 7.74562597275}, "barkbands_flatness_db": {"dvar2": 0.00283775269054, "var": 0.00985455140471, "min": 0.0240818969905, "dmean": 0.0336018204689, "mean": 0.192918911576, "max": 0.726571440697, "dmean2": 0.0470187664032, "median": 0.17804390192, "dvar": 0.00171870156191}, "spectral_entropy": {"dvar2": 0.21027097106, "var": 0.517147302628, "min": 3.586789608, "dmean": 0.282016515732, "mean": 7.1836605072, "max": 9.80476284027, "dmean2": 0.394624590874, "median": 7.19234323502, "dvar": 0.129374518991}, "pitch_salience": {"dvar2": 0.0153304738924, "var": 0.0338645428419, "min": 0.0164892654866, "dmean": 0.0796729177237, "mean": 0.487651586533, "max": 0.936397731304, "dmean2": 0.121511243284, "median": 0.512799263, "dvar": 0.0070708594285}, "erbbands_spread": {"dvar2": 482.61428833, "var": 490.704833984, "min": 0.866221308708, "dmean": 10.5643606186, "mean": 34.2199935913, "max": 182.715072632, "dmean2": 15.9737062454, "median": 29.6355285645, "dvar": 207.725280762}, "dynamic_complexity": 5.64147758484, "spectral_contrast_valleys": {"dvar2": [0.609193444252, 0.575888156891, 0.650725483894, 0.554709255695, 0.606523156166, 0.739540934563], "var": [2.48112106323, 1.73109149933, 1.81218659878, 1.94961261749, 2.17991614342, 2.62334179878], "min": [-27.7188949585, -27.5609016418, -27.5192050934, -27.397562027, -27.4670276642, -27.3690643311], "dmean": [0.451622009277, 0.43840277195, 0.46056380868, 0.446641415358, 0.46553337574, 0.499927461147], "mean": [-8.59919166565, -7.98252153397, -8.89731407166, -9.02737998962, -8.77404403687, -11.1863183975], "max": [-4.98754453659, -4.20628118515, -4.82593297958, -5.26275968552, -5.05707645416, -7.35635662079], "dmean2": [0.711179435253, 0.679086923599, 0.69747787714, 0.648409962654, 0.641160607338, 0.6302947402], "median": [-8.77261734009, -7.90284729004, -8.79871559143, -8.86104202271, -8.60907936096, -11.1379241943], "dvar": [0.313012212515, 0.274885356426, 0.316923469305, 0.293380945921, 0.355555027723, 0.50804233551]}, "hfc": {"dvar2": 3974.51293945, "var": 1518.54956055, "min": 1.10817585187e-16, "dmean": 12.4109640121, "mean": 16.8536643982, "max": 403.037017822, "dmean2": 19.0733585358, "median": 5.87844133377, "dvar": 1586.20800781}, "spectral_kurtosis": {"dvar2": 53.2499008179, "var": 91.9028167725, "min": -1.25133979321, "dmean": 2.82687568665, "mean": 6.71443319321, "max": 195.376083374, "dmean2": 4.46871137619, "median": 4.49642086029, "dvar": 26.459564209}, "mfcc": {"mean": [-741.742248535, 112.986686707, 0.309604555368, 26.8612594604, 2.54566860199, -1.95205914974, -6.62279891968, 0.948744833469, -1.3008633852, 6.26063489914, 3.66205906868, -3.06346607208, -2.41850447655], "cov": [[12916.2988281, -1652.3425293, -1294.2791748, 264.659240723, 173.956863403, 176.16178894, -56.9544448853, 61.0937156677, -104.70867157, 69.0862197876, 148.811920166, 82.1335296631, 22.7897090912], [-1652.3425293, 2439.56396484, 351.55758667, -76.8890304565, 113.346801758, 13.6202802658, 152.360870361, 135.604522705, -9.05248737335, 46.6612701416, 1.28414952755, -2.30637717247, 55.7005500793], [-1294.2791748, 351.55758667, 1446.24414062, 84.596321106, 96.8653564453, 90.69190979, 117.627609253, 109.53453064, 138.851852417, -9.06440639496, -43.2500114441, 14.2907161713, 10.1301898956], [264.659240723, -76.8890304565, 84.596321106, 848.775756836, 246.944015503, 319.952697754, 151.075592041, 101.650085449, 163.370803833, 106.218589783, 121.397567749, 130.098052979, 107.655189514], [173.956863403, 113.346801758, 96.8653564453, 246.944015503, 586.323547363, 134.416534424, 32.3528366089, 121.83139801, 108.20287323, 119.212142944, 28.838388443, 27.3044910431, 33.2540626526], [176.16178894, 13.6202802658, 90.69190979, 319.952697754, 134.416534424, 482.907531738, 264.010803223, 74.5255203247, 164.634735107, 84.4139480591, 146.673980713, 118.880935669, 68.4442367554], [-56.9544448853, 152.360870361, 117.627609253, 151.075592041, 32.3528366089, 264.010803223, 424.805969238, 95.0197143555, 116.094772339, 76.8050079346, 118.456535339, 129.274505615, 75.8982925415], [61.0937156677, 135.604522705, 109.53453064, 101.650085449, 121.83139801, 74.5255203247, 95.0197143555, 275.687530518, 79.6379394531, 37.6066246033, 22.5264396667, 18.8971633911, 43.1307525635], [-104.70867157, -9.05248737335, 138.851852417, 163.370803833, 108.20287323, 164.634735107, 116.094772339, 79.6379394531, 287.358917236, 103.979484558, 69.9696502686, 51.8869781494, -0.691102206707], [69.0862197876, 46.6612701416, -9.06440639496, 106.218589783, 119.212142944, 84.4139480591, 76.8050079346, 37.6066246033, 103.979484558, 237.357131958, 95.4672546387, 33.7645263672, 2.5036008358], [148.811920166, 1.28414952755, -43.2500114441, 121.397567749, 28.838388443, 146.673980713, 118.456535339, 22.5264396667, 69.9696502686, 95.4672546387, 210.539855957, 82.0482635498, 23.7199459076], [82.1335296631, -2.30637717247, 14.2907161713, 130.098052979, 27.3044910431, 118.880935669, 129.274505615, 18.8971633911, 51.8869781494, 33.7645263672, 82.0482635498, 200.7318573, 80.5073165894], [22.7897090912, 55.7005500793, 10.1301898956, 107.655189514, 33.2540626526, 68.4442367554, 75.8982925415, 43.1307525635, -0.691102206707, 2.5036008358, 23.7199459076, 80.5073165894, 158.618637085]], "icov": [[9.48804517975e-05, 5.86079222558e-05, 7.28730810806e-05, -6.49870025882e-06, -3.4039869206e-05, -4.44301658717e-05, 1.31167089421e-05, -7.31618638383e-05, 7.31078616809e-05, -1.21796610983e-05, -2.3860427973e-05, -2.59492171608e-05, 2.27188957069e-05], [5.86079222558e-05, 0.000493559113238, -5.82930370001e-05, 8.92872776603e-05, -0.000108475876914, 3.57648059435e-05, -0.000186115285032, -0.000186861361726, 0.000190897437278, -0.000108530242869, -2.86503745883e-05, 9.23549232539e-05, -0.000131486667669], [7.28730810806e-05, -5.82930370001e-05, 0.000850469048601, -3.65635351045e-05, -7.58106543799e-05, -4.93892621307e-05, -0.000157323505846, -0.000180166403879, -0.000339044054272, 0.0001969676523, 0.000319468585076, -2.70081054623e-05, 0.000103322599898], [-6.49870025882e-06, 8.92872776603e-05, -3.65635351045e-05, 0.00185766397044, -0.000426188285928, -0.000891011324711, 0.000327999296132, -0.000135728885652, -0.000308103568386, -0.000136096510687, -0.000187467361684, -0.000336322089424, -0.00073556631105], [-3.4039869206e-05, -0.000108475876914, -7.58106543799e-05, -0.000426188285928, 0.00236873957328, -0.000465963035822, 0.000576841528527, -0.000715758418664, -0.000153016240802, -0.00102495332249, 0.000544772832654, -3.05630965158e-05, -9.02897591004e-05], [-4.44301658717e-05, 3.57648059435e-05, -4.93892621307e-05, -0.000891011324711, -0.000465963035822, 0.0045507280156, -0.00194557511713, 0.000380383717129, -0.00113612180576, 0.000654891540762, -0.00143066549208, 6.12853182247e-05, -0.00026918007643], [1.31167089421e-05, -0.000186115285032, -0.000157323505846, 0.000327999296132, 0.000576841528527, -0.00194557511713, 0.00453787855804, -0.000896805140655, -0.000234737992287, -0.000544798967894, -0.000476541317767, -0.00139749154914, -0.00056987022981], [-7.31618638383e-05, -0.000186861361726, -0.000180166403879, -0.000135728885652, -0.000715758418664, 0.000380383717129, -0.000896805140655, 0.00475802691653, -0.000992219313048, 0.000218494300498, -3.76679527108e-05, 0.000811888312455, -0.00111319869757], [7.31078616809e-05, 0.000190897437278, -0.000339044054272, -0.000308103568386, -0.000153016240802, -0.00113612180576, -0.000234737992287, -0.000992219313048, 0.00562449730933, -0.00163463456556, 6.82330719428e-05, -0.000643776147626, 0.00142451666761], [-1.21796610983e-05, -0.000108530242869, 0.0001969676523, -0.000136096510687, -0.00102495332249, 0.000654891540762, -0.000544798967894, 0.000218494300498, -0.00163463456556, 0.00636675162241, -0.00243118521757, 0.000377816410037, 0.000317401718348], [-2.3860427973e-05, -2.86503745883e-05, 0.000319468585076, -0.000187467361684, 0.000544772832654, -0.00143066549208, -0.000476541317767, -3.76679527108e-05, 6.82330719428e-05, -0.00243118521757, 0.00788352172822, -0.00191793474369, 0.000694926769938], [-2.59492171608e-05, 9.23549232539e-05, -2.70081054623e-05, -0.000336322089424, -3.05630965158e-05, 6.12853182247e-05, -0.00139749154914, 0.000811888312455, -0.000643776147626, 0.000377816410037, -0.00191793474369, 0.00819617602974, -0.00325277354568], [2.27188957069e-05, -0.000131486667669, 0.000103322599898, -0.00073556631105, -9.02897591004e-05, -0.00026918007643, -0.00056987022981, -0.00111319869757, 0.00142451666761, 0.000317401718348, 0.000694926769938, -0.00325277354568, 0.00909865926951]]}, "silence_rate_20dB": {"dvar2": 0, "var": 0, "min": 1, "dmean": 0, "mean": 1, "max": 1, "dmean2": 0, "median": 1, "dvar": 0}, "melbands_kurtosis": {"dvar2": 13367.0527344, "var": 11073.8037109, "min": -1.86666142941, "dmean": 22.4339904785, "mean": 33.370765686, "max": 2160.32861328, "dmean2": 33.7007408142, "median": 5.93444347382, "dvar": 6131.3046875}, "barkbands_spread": {"dvar2": 274.586730957, "var": 317.256256104, "min": 0.0131760407239, "dmean": 7.67274141312, "mean": 20.4541492462, "max": 118.133735657, "dmean2": 11.2952156067, "median": 15.7015705109, "dvar": 133.086791992}, "erbbands_skewness": {"dvar2": 1.05068421364, "var": 1.87358009815, "min": -4.50684165955, "dmean": 0.563943743706, "mean": 0.400011956692, "max": 12.8232469559, "dmean2": 0.809215247631, "median": 0.283189594746, "dvar": 0.566195309162}, "average_loudness": 0.830752491951, "spectral_centroid": {"dvar2": 465912.75, "var": 926463.25, "min": 62.2426681519, "dmean": 336.802215576, "mean": 1467.13439941, "max": 11230.0625, "dmean2": 494.096801758, "median": 1349.6361084, "dvar": 245338.03125}, "dissonance": {"dvar2": 0.00177363085095, "var": 0.0024002934806, "min": 0.190299168229, "dmean": 0.0257824212313, "mean": 0.440771758556, "max": 0.5, "dmean2": 0.0416303724051, "median": 0.453453600407, "dvar": 0.000721034419257}, "erbbands_flatness_db": {"dvar2": 0.00124373054132, "var": 0.00342470011674, "min": 0.0367516241968, "dmean": 0.0240576304495, "mean": 0.193660959601, "max": 0.441438257694, "dmean2": 0.0336214117706, "median": 0.192490369081, "dvar": 0.000738899339922}, "spectral_strongpeak": {"dvar2": 1.85091245174, "var": 1.61400997639, "min": 0, "dmean": 0.430348277092, "mean": 0.869112312794, "max": 16.657869339, "dmean2": 0.693540751934, "median": 0.432860374451, "dvar": 0.782654345036}, "spectral_rms": {"dvar2": 6.22074458079e-06, "var": 9.58429154707e-06, "min": 3.18438179471e-12, "dmean": 0.00104614358861, "mean": 0.00374036328867, "max": 0.0160780418664, "dmean2": 0.00143997254781, "median": 0.00296827917919, "dvar": 3.18707725455e-06}, "silence_rate_60dB": {"dvar2": 0.121217034757, "var": 0.204485476017, "min": 0, "dmean": 0.0631232634187, "mean": 0.286698192358, "max": 1, "dmean2": 0.126259505749, "median": 0, "dvar": 0.0591424070299}, "melbands": {"dvar2": [3.89892666135e-05, 9.59617027547e-05, 3.99386362915e-06, 1.90668731648e-06, 3.00766259898e-07, 1.43049518897e-07, 2.44016575834e-07, 5.25130531059e-07, 2.35728961684e-07, 1.14972301901e-07, 6.64620145585e-08, 5.60295525531e-08, 1.47650496274e-08, 2.65357122942e-08, 6.30424423775e-08, 3.43771233702e-08, 3.43665860214e-08, 1.47034819875e-08, 1.13535003621e-08, 6.64665833483e-09, 1.7242438588e-08, 5.93582960562e-08, 8.97770604524e-08, 5.5984630265e-09, 1.44538736535e-09, 8.18413170567e-10, 6.18591289303e-10, 4.4143283473e-10, 4.80654627211e-10, 2.17289672366e-10, 9.47216749481e-10, 6.14072015459e-10, 1.26439558823e-09, 5.59159440972e-10, 1.51435156082e-10, 1.30326222036e-10, 1.00484065513e-10, 7.87750628617e-11, 4.22807067135e-11, 2.49277525705e-11], "var": [4.35510264651e-05, 6.8679190008e-05, 1.22128051316e-06, 7.47182980376e-07, 2.71312671885e-07, 9.68575406546e-08, 7.96308441409e-08, 1.55578661065e-07, 1.80703352726e-07, 1.05084367874e-07, 5.34601447555e-08, 1.8030156923e-08, 7.72991537445e-09, 2.95648003856e-08, 9.16578883903e-08, 4.45530332627e-08, 1.16228839886e-07, 1.84470607678e-08, 5.88847193228e-09, 2.77309397667e-09, 5.73639136192e-09, 1.75110077549e-08, 2.34107631059e-08, 1.68044311799e-09, 7.36234906373e-10, 5.1847320881e-10, 2.23999957472e-10, 1.95358021426e-10, 1.74126463248e-10, 9.06570166159e-11, 2.46174552965e-10, 1.81888906714e-10, 2.8634214444e-10, 1.45807504959e-10, 4.92157876952e-11, 5.26184894267e-11, 3.70457831078e-11, 2.8209341113e-11, 2.27936489128e-11, 1.44534922225e-11], "min": [9.81804745547e-25, 1.05775794983e-24, 2.39191323654e-24, 2.08504141403e-24, 3.61780604149e-24, 2.59140255162e-24, 3.68973358996e-24, 2.20207839565e-24, 2.21641120944e-24, 2.83310696919e-24, 4.40477486383e-24, 3.24024991528e-24, 3.4875698392e-24, 4.41752640593e-24, 3.12267512774e-24, 3.8732612907e-24, 5.57074520276e-24, 3.88733062495e-24, 4.14862660031e-24, 4.80036099766e-24, 6.36379101509e-24, 7.44484954947e-24, 7.04155151143e-24, 4.94178955847e-24, 6.80457138461e-24, 5.80467993205e-24, 5.40102454002e-24, 6.96939046012e-24, 5.59186655907e-24, 7.30152062274e-24, 7.52801757699e-24, 7.02515582637e-24, 4.72852219604e-24, 6.15695996878e-24, 8.27400546973e-24, 5.75587705215e-24, 5.52247204296e-24, 6.83949110144e-24, 7.09696977888e-24, 7.63534210315e-24], "dmean": [0.00185429176781, 0.00209275516681, 0.000396914867451, 0.000282544933725, 0.000112979752885, 8.19554479676e-05, 8.4068356955e-05, 0.000108052699943, 9.87918610917e-05, 6.50389847578e-05, 4.34480098193e-05, 3.48094763467e-05, 2.0403022063e-05, 3.14561402774e-05, 4.6940484026e-05, 2.90461848635e-05, 3.05631256197e-05, 2.26780957746e-05, 2.21588234126e-05, 1.51910071509e-05, 1.8102258764e-05, 3.13734126394e-05, 3.63741783076e-05, 1.11395247586e-05, 8.32911791804e-06, 6.26849941909e-06, 5.16039972354e-06, 4.55268946098e-06, 4.26207043347e-06, 3.2443742839e-06, 4.58173826701e-06, 4.12333019995e-06, 4.52169979326e-06, 3.59516320714e-06, 2.12402142097e-06, 2.04745742849e-06, 1.86825218407e-06, 1.62245987667e-06, 1.35360960485e-06, 1.07912171643e-06], "mean": [0.00313533074223, 0.00246377103031, 0.000393019668991, 0.00040050354437, 0.000192641702597, 0.000110603650683, 0.000112132314825, 0.000123608799186, 0.00015981431352, 0.000102935729956, 5.881971083e-05, 3.54078038072e-05, 2.44615512202e-05, 4.15729882661e-05, 9.8532444099e-05, 4.45048135589e-05, 5.70682750549e-05, 3.02225143969e-05, 2.84769375867e-05, 1.82535204658e-05, 1.69190116139e-05, 2.75194488495e-05, 2.97348324239e-05, 1.12185189209e-05, 1.19671603898e-05, 8.68092229211e-06, 6.1382847889e-06, 5.34981518285e-06, 4.39414998255e-06, 3.28711939801e-06, 3.74791125068e-06, 3.59730620403e-06, 3.50329469256e-06, 2.92347863251e-06, 1.8678683773e-06, 1.90348532669e-06, 1.64833988947e-06, 1.40046415709e-06, 1.34204310598e-06, 1.09596828679e-06], "max": [0.0593641363084, 0.0683606266975, 0.0159092936665, 0.0123972203583, 0.00596444541588, 0.00757355382666, 0.00385056156665, 0.00453801313415, 0.00927144195884, 0.0067377910018, 0.0049518304877, 0.00184571999125, 0.00138179888017, 0.00274007790722, 0.00394665682688, 0.00821490865201, 0.00817939452827, 0.00365914381109, 0.00130508921575, 0.0015726700658, 0.00278013036586, 0.00163637660444, 0.00193866528571, 0.000615291472059, 0.00032954919152, 0.00093676924007, 0.000217690801946, 0.000265234470135, 0.000173537308001, 0.000142336080899, 0.000258549087448, 0.000201637798455, 0.000240973080508, 0.00020650717488, 8.74758261489e-05, 9.93396097329e-05, 5.41126610187e-05, 4.93131337862e-05, 3.94178605347e-05, 3.3123724279e-05], "dmean2": [0.00267860176973, 0.00292646721937, 0.000669625587761, 0.000448645674624, 0.000182580697583, 0.000130745538627, 0.000138601273648, 0.000181576106115, 0.000155152622028, 9.72344278125e-05, 6.77195494063e-05, 5.84097688261e-05, 3.28206915583e-05, 4.51467785751e-05, 7.02748657204e-05, 4.20037213189e-05, 3.89885826735e-05, 3.45041698893e-05, 3.61232196155e-05, 2.4507926355e-05, 3.03931410599e-05, 5.27202100784e-05, 6.27487243037e-05, 1.80779261427e-05, 1.29319987536e-05, 9.71163171926e-06, 8.49597108754e-06, 7.32496482669e-06, 6.96585766491e-06, 5.1681217883e-06, 7.80364553066e-06, 6.81877099851e-06, 7.92606533651e-06, 6.11563791608e-06, 3.44874888469e-06, 3.23499170918e-06, 2.97284736916e-06, 2.59002922576e-06, 2.09284758057e-06, 1.69721067778e-06], "median": [1.72258260136e-05, 1.50404575834e-05, 6.41040096525e-05, 0.000108262087451, 2.49606127909e-05, 2.05407923204e-05, 2.18299355765e-05, 2.00573558686e-05, 2.41813577304e-05, 1.50912928802e-05, 6.61192916596e-06, 3.11590838464e-06, 1.80168763109e-06, 1.70892462847e-06, 2.64895311375e-06, 1.95625079868e-06, 1.72877309979e-06, 2.45679166255e-06, 3.08610697175e-06, 2.24699692808e-06, 1.84627833733e-06, 1.8262693402e-06, 2.07037601285e-06, 1.38499069635e-06, 1.5618774114e-06, 1.4633221781e-06, 8.54874144807e-07, 6.40025177745e-07, 5.00835596995e-07, 3.20878939419e-07, 2.04484990718e-07, 1.91497235846e-07, 2.02461336585e-07, 1.97919533207e-07, 1.25468943679e-07, 6.70718662832e-08, 5.94872702209e-08, 4.38307239392e-08, 3.3898047036e-08, 2.82021854758e-08], "dvar": [1.97040790226e-05, 4.96255561302e-05, 1.52774930484e-06, 7.40317602776e-07, 1.18584630115e-07, 5.97515565914e-08, 8.67905427526e-08, 1.88061974882e-07, 9.43827345168e-08, 5.13826421411e-08, 2.95265678574e-08, 2.04736974041e-08, 5.69739455614e-09, 1.43524596652e-08, 2.75330194199e-08, 2.04783638935e-08, 2.83731313999e-08, 8.05871547271e-09, 4.43570202791e-09, 2.66044164476e-09, 6.80903422534e-09, 2.32797692234e-08, 3.38287655666e-08, 2.13677275873e-09, 5.79969905434e-10, 3.7890032778e-10, 2.33091240753e-10, 1.80824841212e-10, 1.90288299007e-10, 9.0229740346e-11, 3.47732648232e-10, 2.32847574555e-10, 4.48575454559e-10, 2.05735595227e-10, 5.81351390638e-11, 5.24827507842e-11, 4.01817155937e-11, 3.16938246481e-11, 1.95003162923e-11, 1.17114547227e-11]}, "spectral_skewness": {"dvar2": 0.412525117397, "var": 0.959722518921, "min": -0.0529315881431, "dmean": 0.349304288626, "mean": 1.74295449257, "max": 12.4151802063, "dmean2": 0.531451702118, "median": 1.51729238033, "dvar": 0.211032122374}, "melbands_flatness_db": {"dvar2": 0.00427742535248, "var": 0.0163340717554, "min": 0.0041434969753, "dmean": 0.0402148552239, "mean": 0.247620552778, "max": 0.877244532108, "dmean2": 0.0551364831626, "median": 0.225151538849, "dvar": 0.00258747674525}, "spectral_decrease": {"dvar2": 1.18465591252e-16, "var": 1.01643397805e-16, "min": -6.86707011255e-08, "dmean": 3.36795080713e-09, "mean": -5.99736527107e-09, "max": 1.58300367331e-28, "dmean2": 4.84756101926e-09, "median": -2.12754924789e-09, "dvar": 5.65833559761e-17}, "erbbands_crest": {"dvar2": 21.5162944794, "var": 32.1098365784, "min": 2.55744743347, "dmean": 3.22071266174, "mean": 11.9173555374, "max": 33.5404930115, "dmean2": 4.9728679657, "median": 10.5791292191, "dvar": 9.3961391449}, "gfcc": {"mean": [-98.689704895, 83.8975448608, -116.665748596, 31.4451351166, -58.2924499512, 4.52635288239, -38.0104598999, 10.0631093979, -19.5358028412, 3.04951381683, -16.4228439331, -4.17208099365, -12.271938324], "cov": [[16519.7636719, -1911.12927246, -839.792053223, 382.970672607, -74.1930618286, 460.691375732, -434.558380127, 322.923065186, -232.925109863, 292.242553711, -129.129776001, 200.227600098, -292.331420898], [-1911.12927246, 2701.87304688, 400.89855957, -116.185073853, 364.140258789, -26.4273300171, 383.506530762, -90.0336608887, 196.396743774, -146.649490356, 259.72946167, -121.07187