{"tonal": {"thpcp": [1, 0.628902733326, 0.161818727851, 0.114506274462, 0.138567134738, 0.48272511363, 0.884223937988, 0.600109815598, 0.178190365434, 0.122113130987, 0.118226312101, 0.26292720437, 0.444219142199, 0.352895915508, 0.560419023037, 0.933803141117, 0.59145963192, 0.174501508474, 0.128325849771, 0.12692591548, 0.378235697746, 0.703065097332, 0.498990535736, 0.186072155833, 0.133231371641, 0.11746108532, 0.350386023521, 0.630084693432, 0.489213049412, 0.588565587997, 0.843623280525, 0.484823584557, 0.150652214885, 0.131862863898, 0.137470602989, 0.545909047127], "hpcp": {"dmean2": [0.217591300607, 0.203463807702, 0.111130170524, 0.0741075277328, 0.0731446817517, 0.103320211172, 0.13544023037, 0.149633705616, 0.203872516751, 0.21098664403, 0.201211094856, 0.115435123444, 0.0892009213567, 0.0964616760612, 0.143048644066, 0.184816271067, 0.178471654654, 0.104367852211, 0.0858541801572, 0.0860434547067, 0.137158662081, 0.152291968465, 0.181654289365, 0.230185955763, 0.210499599576, 0.172120243311, 0.108780741692, 0.0929268598557, 0.0977085754275, 0.168109074235, 0.1986990273, 0.18722102046, 0.104930408299, 0.0852670148015, 0.111336797476, 0.187470972538], "median": [0.121119238436, 0.0844960510731, 0.0145999733359, 0.00487298471853, 0.005477625411, 0.0187207460403, 0.0272416714579, 0.0290074795485, 0.0665692016482, 0.114444345236, 0.0713553279638, 0.0106004346162, 0.00507359625772, 0.00592847634107, 0.0397327579558, 0.0821315571666, 0.0605755746365, 0.0144213763997, 0.00622950308025, 0.00641596829519, 0.0294355545193, 0.0484055392444, 0.0552547760308, 0.0546277463436, 0.0500816814601, 0.0274996086955, 0.00831378810108, 0.00580325070769, 0.00680919736624, 0.0602634586394, 0.11746237427, 0.0789656639099, 0.00932767800987, 0.00320769147947, 0.00538697699085, 0.0577875003219], "min": [0, 0, 0, 0, 0, 0, 0, 0, 0, 0, 0, 0, 0, 0, 0, 0, 0, 0, 0, 0, 0, 0, 0, 0, 0, 0, 0, 0, 0, 0, 0, 0, 0, 0, 0, 0], "dvar2": [0.0912170559168, 0.0908794477582, 0.0596121922135, 0.045657698065, 0.0425175949931, 0.0510851964355, 0.0639364942908, 0.0742720514536, 0.0984501838684, 0.0951090827584, 0.0960615724325, 0.0653652176261, 0.059347614646, 0.0631314143538, 0.0643766000867, 0.0770755782723, 0.0821131467819, 0.0532925091684, 0.0540861412883, 0.0462391674519, 0.0618697032332, 0.0648806095123, 0.0718424245715, 0.10900529474, 0.106428265572, 0.0774663984776, 0.0587087348104, 0.0567163154483, 0.0549503900111, 0.0680430233479, 0.0904043838382, 0.0824256315827, 0.0617840476334, 0.055045850575, 0.0689261630177, 0.0956683307886], "dvar": [0.0405095592141, 0.0332550778985, 0.0205264184624, 0.0159026496112, 0.0147448964417, 0.0185032598674, 0.0264188628644, 0.0270309075713, 0.0354238860309, 0.0410029366612, 0.0349416285753, 0.0227043647319, 0.0205329041928, 0.0219841245562, 0.0235030502081, 0.032221686095, 0.0300840865821, 0.0192164015025, 0.0185721497983, 0.0159219838679, 0.0228366479278, 0.0286214314401, 0.027537567541, 0.040881536901, 0.0452616810799, 0.0289073474705, 0.0207348372787, 0.0203471910208, 0.0194923579693, 0.0253007113934, 0.0386137254536, 0.0305733140558, 0.0209254175425, 0.0188352111727, 0.0233600698411, 0.0330392532051], "dmean": [0.134943246841, 0.120346583426, 0.0612963810563, 0.0405744537711, 0.0402126982808, 0.059876639396, 0.0809205323458, 0.086256146431, 0.11745236814, 0.126832574606, 0.118189774454, 0.062998868525, 0.0482079051435, 0.0520277805626, 0.083459764719, 0.110660716891, 0.104654580355, 0.0590873174369, 0.0474406592548, 0.0461387038231, 0.0792096927762, 0.0925104767084, 0.106049954891, 0.133062973619, 0.123442962766, 0.0997099652886, 0.0594189018011, 0.0507584698498, 0.0532733350992, 0.0997871086001, 0.120264083147, 0.112543821335, 0.0579251199961, 0.0457967892289, 0.0596607774496, 0.10955914855], "max": [1, 1, 1, 1, 1, 1, 1, 1, 1, 1, 1, 1, 1, 1, 1, 1, 1, 1, 1, 1, 1, 1, 1, 1, 1, 1, 1, 1, 1, 1, 1, 1, 1, 1, 1, 1], "var": [0.110120125115, 0.055594380945, 0.0169371627271, 0.0156977083534, 0.0135850859806, 0.0256120190024, 0.0647422373295, 0.0368474386632, 0.0527942739427, 0.128174811602, 0.0566034764051, 0.0191873721778, 0.0157624613494, 0.0153736090288, 0.0334851369262, 0.0912394523621, 0.0481137782335, 0.0169901773334, 0.013622270897, 0.0116149317473, 0.0335479229689, 0.094126097858, 0.0499161891639, 0.0631288588047, 0.134001135826, 0.0539005771279, 0.0151817649603, 0.0153568517417, 0.0144023690373, 0.0498659089208, 0.139489620924, 0.0583859011531, 0.016948942095, 0.0148830395192, 0.0160789173096, 0.0434946864843], "mean": [0.279684454203, 0.189817741513, 0.0563625060022, 0.0386249944568, 0.0373955741525, 0.0831651911139, 0.14050874114, 0.111622750759, 0.177263349295, 0.295366615057, 0.187081649899, 0.0551957003772, 0.0405901074409, 0.0401473008096, 0.119637846947, 0.222383022308, 0.157833203673, 0.0588555559516, 0.0421417504549, 0.0371535308659, 0.110828854144, 0.19929894805, 0.154740542173, 0.186166241765, 0.266842275858, 0.153352126479, 0.0476520508528, 0.0417088866234, 0.0434826426208, 0.172673761845, 0.316305011511, 0.198925092816, 0.0511840768158, 0.0362189076841, 0.0438294783235, 0.152688369155]}, "tuning_equal_tempered_deviation": 0.00587862916291, "chords_changes_rate": 0.0288166776299, "key_key": "C", "tuning_diatonic_strength": 0.594086110592, "key_scale": "major", "chords_number_rate": 0.000858369108755, "tuning_frequency": 439.238189697, "tuning_nontempered_energy_ratio": 0.631299853325, "chords_histogram": [21.5695896149, 4.65971803665, 18.2587375641, 0, 0.41692212224, 0, 0, 0, 0.772532165051, 0, 0, 0, 0, 0.490496635437, 0, 0.171673819423, 0, 0.380134880543, 0.0490496642888, 0.748007357121, 1.21397912502, 11.7964439392, 28.3752307892, 11.097486496], "key_strength": 0.794865787029, "chords_key": "F", "chords_strength": {"dmean2": 0.00622147042304, "median": 0.55432087183, "min": 0.238717421889, "dvar2": 3.95372626372e-05, "dvar": 4.82981704408e-05, "dmean": 0.00789310410619, "max": 0.814288914204, "var": 0.0130624482408, "mean": 0.548173367977}, "chords_scale": "major", "hpcp_entropy": {"dmean2": 0.844942033291, "median": 1.62026047707, "min": 0, "dvar2": 0.563758730888, "dvar": 0.219540894032, "dmean": 0.505095124245, "max": 4.18873167038, "var": 0.526138603687, "mean": 1.59132134914}}, "metadata": {"audio_properties": {"equal_loudness": 0, "codec": "flac", "downmix": "mix", "sample_rate": 44100, "analysis_sample_rate": 44100, "bit_rate": 0, "md5_encoded": "00908c53b90dbc3e09e68cd7861aa3a2", "length": 378.626678467, "replay_gain": -14.0643119812, "lossless": true}, "version": {"essentia_build_sha": "ca57ba49d9b1854bd80e60cf9ccf267278fb7d6b", "essentia": "2.1-beta1", "extractor": "music 1.0", "essentia_git_sha": "v2.1_beta1-28-g21ef5f4-dirty"}, "tags": {"title": ["In the Morning of the Magicians"], "albumartist": ["The Flaming Lips"], "date": ["2002"], "file_name": "05 - In the Morning of the Magicians.flac", "tracktotal": ["11"], "musicbrainz_recordingid": ["0a7a6dff-40f0-4eda-ac91-171012974606"], "musicbrainz_albumartistid": ["1f43d76f-8edf-44f6-aaf1-b65f05ad9402"], "musicbrainz_albumid": ["e4b614df-b855-49eb-b4e4-28f1c361ffe8"], "artist": ["The Flaming Lips"], "tracknumber": ["5"], "artistsort": ["Flaming Lips, The"], "album": ["Yoshimi Battles the Pink Robots"], "albumartistsort": ["Flaming Lips, The"], "acoustid_id": ["61b0a53a-b75a-4e8a-857e-6b0ecfec758d"], "musicbrainz_artistid": ["1f43d76f-8edf-44f6-aaf1-b65f05ad9402"], "totaltracks": ["11"]}}, "rhythm": {"bpm_histogram_first_peak_bpm": {"dmean2": 0, "median": 133, "min": 133, "dvar2": 0, "dvar": 0, "dmean": 0, "max": 133, "var": 0, "mean": 133}, "bpm": 133.824523926, "bpm_histogram_second_peak_spread": {"dmean2": 0, "median": 0.17605638504, "min": 0.17605638504, "dvar2": 0, "dvar": 0, "dmean": 0, "max": 0.17605638504, "var": 0, "mean": 0.17605638504}, "bpm_histogram_first_peak_weight": {"dmean2": 0, "median": 0.274580329657, "min": 0.274580329657, "dvar2": 0, "dvar": 0, "dmean": 0, "max": 0.274580329657, "var": 0, "mean": 0.274580329657}, "onset_rate": 3.27217006683, "beats_position": [0.429569154978, 0.859138309956, 1.28870749474, 1.71827661991, 2.14784574509, 2.57741498947, 3.00698399544, 3.43655323982, 3.88934230804, 4.34213161469, 4.74848079681, 5.15482997894, 5.58439922333, 6.00235795975, 6.420317173, 6.84988641739, 7.24462556839, 7.63936471939, 8.01088428497, 8.40562343597, 8.78875255585, 9.17188167572, 9.56662082672, 9.93814086914, 10.321269989, 10.7043991089, 11.0875282288, 11.4706573486, 11.8653964996, 12.2485256195, 12.6316547394, 13.0263938904, 13.3979139328, 13.7810430527, 14.1641721725, 14.5473012924, 14.9304304123, 15.3251695633, 15.7199087143, 16.0914287567, 16.4745578766, 16.8576869965, 17.2408161163, 17.6239452362, 18.0070743561, 18.390203476, 18.784942627, 19.1680717468, 19.5512008667, 19.9459400177, 20.3174591064, 20.7005901337, 21.0837192535, 21.4668483734, 21.8499774933, 22.2331066132, 22.616235733, 22.9993648529, 23.3824939728, 23.7772331238, 24.1719722748, 24.5667114258, 24.9614505768, 25.3329696655, 25.7044887543, 26.0876178741, 26.470746994, 26.8538761139, 27.2370071411, 27.620136261, 28.0032653809, 28.3863945007, 28.7695236206, 29.1642627716, 29.5473918915, 29.9305210114, 30.3136501312, 30.6967792511, 31.079908371, 31.4514274597, 31.8461666107, 32.2292976379, 32.6240348816, 33.0071640015, 33.4019050598, 33.7966423035, 34.1797714233, 34.5512924194, 34.9228096008, 35.3059387207, 35.6890678406, 36.0838088989, 36.4669380188, 36.8500671387, 37.2331962585, 37.6163253784, 38.0110664368, 38.4058036804, 38.7889328003, 39.1720619202, 39.55519104, 39.9499320984, 40.3562812805, 40.7626304626, 41.1689796448, 41.5753288269, 41.981678009, 42.3880271912, 42.7943763733, 43.340045929, 43.8857116699, 44.4429931641, 45.0234909058, 45.6039886475, 46.1728782654, 46.7417678833, 47.3106575012, 47.8795471191, 48.4368247986, 48.994102478, 49.5513839722, 50.0970497131, 50.6543312073, 51.2116088867, 51.7804985046, 52.3377761841, 52.8950538635, 53.4523353577, 54.0096130371, 54.5668907166, 55.1241722107, 55.6814498901, 56.2387275696, 56.726348877, 57.2139663696, 57.6899757385, 58.1659851074, 58.6536026001, 59.1412239075, 59.5940132141, 60.0468025208, 60.4995918274, 60.9756011963, 61.4399986267, 61.9043960571, 62.380405426, 62.8331947327, 63.2859840393, 63.7387733459, 64.1915664673, 64.6443557739, 65.0855331421, 65.5383224487, 65.9911117554, 66.4322891235, 66.8850784302, 67.3262557983, 67.779045105, 68.2202224731, 68.6730117798, 69.1258010864, 69.566986084, 70.0081634521, 70.4493408203, 70.902130127, 71.3549194336, 71.8077087402, 72.2604980469, 72.701675415, 73.1544647217, 73.6072540283, 74.0484313965, 74.489616394, 74.9307937622, 75.3719711304, 75.8131484985, 76.2659378052, 76.7187271118, 77.1715164185, 77.6243057251, 78.0654830933, 78.5066680908, 78.9594573975, 79.4006347656, 79.8534240723, 80.2946014404, 80.7473907471, 81.2001800537, 81.6413574219, 82.08253479, 82.5237197876, 82.9648971558, 83.4176864624, 83.870475769, 84.3232650757, 84.7760543823, 85.228843689, 85.6816329956, 86.1228103638, 86.5755996704, 87.0167770386, 87.4695663452, 87.9223556519, 88.3751449585, 88.8163223267, 89.2575073242, 89.7102966309, 90.1630859375, 90.6042633057, 91.0570526123, 91.5098419189, 91.9510192871, 92.3921966553, 92.8333740234, 93.274559021, 93.7157363892, 94.1685256958, 94.6329269409, 95.0857162476, 95.5384979248, 95.9796829224, 96.4208602905, 96.8736495972, 97.3148269653, 97.7560043335, 98.1971893311, 98.6499786377, 99.1027679443, 99.5439453125, 99.9967346191, 100.449523926, 100.890701294, 101.343490601, 101.796279907, 102.249069214, 102.690246582, 103.143035889, 103.584213257, 104.037002563, 104.48979187, 104.930976868, 105.372154236, 105.813331604, 106.254508972, 106.69568634, 107.148475647, 107.601264954, 108.05405426, 108.506843567, 108.959632874, 109.41242218, 109.853607178, 110.294784546, 110.724349976, 111.177139282, 111.61831665, 112.059501648, 112.512290955, 112.965080261, 113.417869568, 113.870658875, 114.323448181, 114.776237488, 115.217414856, 115.658592224, 116.099769592, 116.54094696, 116.982131958, 117.446525574, 117.89931488, 118.352104187, 118.793289185, 119.234466553, 119.675643921, 120.128433228, 120.569610596, 121.022399902, 121.475189209, 121.927978516, 122.380767822, 122.833557129, 123.274734497, 123.715919495, 124.168708801, 124.609886169, 125.051063538, 125.503852844, 125.956642151, 126.409431458, 126.850608826, 127.291786194, 127.7445755, 128.197372437, 128.638549805, 129.091339111, 129.544128418, 129.985305786, 130.438095093, 130.879272461, 131.320449829, 131.773239136, 132.226028442, 132.678817749, 133.119995117, 133.572784424, 134.013961792, 134.466751099, 134.919540405, 135.360717773, 135.801895142, 136.254684448, 136.695877075, 137.148666382, 137.58984375, 138.042633057, 138.483810425, 138.936599731, 139.389389038, 139.830566406, 140.271743774, 140.724533081, 141.177322388, 141.618499756, 142.059677124, 142.512466431, 142.953643799, 143.406433105, 143.859222412, 144.312011719, 144.753189087, 145.194366455, 145.635559082, 146.088348389, 146.529525757, 146.982315063, 147.43510437, 147.887893677, 148.329071045, 148.770248413, 149.22303772, 149.675827026, 150.117004395, 150.569793701, 151.022583008, 151.463760376, 151.904937744, 152.357727051, 152.810516357, 153.263305664, 153.716094971, 154.157272339, 154.610061646, 155.062850952, 155.50402832, 155.945205688, 156.386398315, 156.839187622, 157.28036499, 157.733154297, 158.185943604, 158.63873291, 159.079910278, 159.521087646, 159.962265015, 160.415054321, 160.856231689, 161.309020996, 161.761810303, 162.214599609, 162.667388916, 163.120178223, 163.584579468, 164.048980713, 164.513381958, 164.954559326, 165.395736694, 165.825302124, 166.266479492, 166.696044922, 167.114013672, 167.531967163, 167.926712036, 168.309844971, 168.716186523, 169.122543335, 169.528884888, 169.958450317, 170.364807129, 170.759536743, 171.131057739, 171.525802612, 171.908935547, 172.292053223, 172.675186157, 173.058319092, 173.441452026, 173.824569702, 174.219314575, 174.60244751, 174.985580444, 175.36869812, 175.751831055, 176.134963989, 176.518096924, 176.9012146, 177.284347534, 177.667480469, 178.050613403, 178.445343018, 178.840087891, 179.211608887, 179.594741821, 179.977859497, 180.360992432, 180.744125366, 181.127258301, 181.510375977, 181.90512085, 182.276641846, 182.671386719, 183.066116333, 183.437637329, 183.820770264, 184.215499878, 184.598632812, 184.981765747, 185.353286743, 185.736419678, 186.131149292, 186.514282227, 186.9090271, 187.292144775, 187.67527771, 188.058410645, 188.429931641, 188.813064575, 189.196182251, 189.590927124, 189.974060059, 190.357177734, 190.740310669, 191.123443604, 191.506576538, 191.889694214, 192.272827148, 192.655960083, 193.039093018, 193.433822632, 193.828567505, 194.211700439, 194.594833374, 194.97795105, 195.349472046, 195.73260498, 196.115737915, 196.498855591, 196.881988525, 197.276733398, 197.648254395, 198.042984009, 198.426116943, 198.809249878, 199.203994751, 199.587112427, 199.970245361, 200.364990234, 200.73651123, 201.119628906, 201.502761841, 201.874282837, 202.257415771, 202.640533447, 203.023666382, 203.406799316, 203.801544189, 204.196273804, 204.591018677, 204.985748291, 205.368881226, 205.75201416, 206.135147095, 206.576324463, 207.017501831, 207.447067261, 207.87663269, 208.387481689, 208.89831543, 209.39755249, 209.885162354, 210.384399414, 210.883621216, 211.44090271, 211.998184204, 212.509017944, 213.019866943, 213.530700684, 213.995101929, 214.459503174, 214.92388916, 215.388290405, 215.864303589, 216.328704834, 216.793106079, 217.245895386, 217.698684692, 218.151473999, 218.604263306, 219.057052612, 219.49822998, 219.951019287, 220.380584717, 220.821762085, 221.274551392, 221.727340698, 222.168518066, 222.621307373, 223.062484741, 223.503662109, 223.956451416, 224.409240723, 224.862030029, 225.303222656, 225.744400024, 226.185577393, 226.626754761, 227.079544067, 227.532333374, 227.985122681, 228.426300049, 228.879089355, 229.320266724, 229.761444092, 230.214233398, 230.667022705, 231.119812012, 231.56098938, 232.013778687, 232.466567993, 232.9193573, 233.372146606, 233.824935913, 234.27772522, 234.730514526, 235.194915771, 235.659317017, 236.123718262, 236.576507568, 237.017684937, 237.447250366, 237.900039673, 238.329605103, 238.770782471, 239.211975098, 239.653152466, 240.094329834, 240.535507202, 240.97668457, 241.417861938, 241.859039307, 242.300216675, 242.753005981, 243.205795288, 243.635375977, 244.099761963, 244.55255127, 244.993743896, 245.446533203, 245.89932251, 246.363708496, 246.804885864, 247.246078491, 247.687255859, 248.128433228, 248.581222534, 249.034011841, 249.475189209, 249.927978516, 250.369155884, 250.810333252, 251.263122559, 251.704299927, 252.145477295, 252.598266602, 253.051055908, 253.492233276, 253.933425903, 254.374603271, 254.81578064, 255.256958008, 255.698135376, 256.150939941, 256.603729248, 257.068115234, 257.520904541, 257.973693848, 258.426483154, 258.879272461, 259.332061768, 259.773223877, 260.214416504, 260.655609131, 261.108398438, 261.549560547, 262.013977051, 262.45513916, 262.896331787, 263.337493896, 263.778686523, 264.23147583, 264.684265137, 265.137054443, 265.58984375, 266.031005859, 266.483795166, 266.924987793, 267.366149902, 267.818939209, 268.271728516, 268.724517822, 269.165710449, 269.618499756, 270.071289062, 270.512481689, 270.965270996, 271.406433105, 271.847625732, 272.288787842, 272.741577148, 273.194366455, 273.647155762, 274.088348389, 274.529510498, 274.970703125, 275.423492432, 275.864654541, 276.317443848, 276.770233154, 277.223022461, 277.664215088, 278.105377197, 278.558166504, 279.010955811, 279.452148438, 279.904937744, 280.346130371, 280.798919678, 281.240081787, 281.692871094, 282.134063721, 282.586853027, 283.039642334, 283.492431641, 283.945220947, 284.386383057, 284.827575684, 285.28036499, 285.7215271, 286.174316406, 286.627105713, 287.06829834, 287.509460449, 287.962249756, 288.415039062, 288.856231689, 289.309020996, 289.761810303, 290.20300293, 290.644165039, 291.085357666, 291.526519775, 291.967712402, 292.420501709, 292.873291016, 293.326080322, 293.778869629, 294.220031738, 294.672821045, 295.125610352, 295.566802979, 296.019592285, 296.472381592, 296.913543701, 297.354736328, 297.807525635, 298.260314941, 298.713104248, 299.165893555, 299.618682861, 300.083068848, 300.535858154, 300.988647461, 301.453063965, 301.905853271, 302.358642578, 302.811431885, 303.252593994, 303.693786621, 304.146575928, 304.738677979, 305.31918335, 305.899688721, 306.480163574, 307.060668945, 307.641174316, 308.21005249, 308.778961182, 309.359436035, 309.939941406, 310.520446777, 311.100952148, 311.669830322, 312.238739014, 312.819213867, 313.399719238, 313.980224609, 314.56072998, 315.129608154, 315.698486328, 316.278991699, 316.85949707, 317.440002441, 318.020507812, 318.600982666, 319.169891357, 319.738769531, 320.319274902, 320.899780273, 321.468658447, 322.037536621, 322.618041992, 323.198547363, 323.779052734, 324.359527588, 324.940032959, 325.50894165, 326.077819824, 326.658325195, 327.238800049, 327.81930542, 328.388214111, 328.957092285, 329.537597656, 330.118103027, 330.710205078, 331.279083252, 331.859588623, 332.428466797, 332.997375488, 333.577850342, 334.158355713, 334.738861084, 335.307739258, 335.876647949, 336.457122803, 337.026031494, 337.606536865, 338.175415039, 338.75592041, 339.336425781, 339.916900635, 340.497406006, 341.077911377, 341.658416748, 342.227294922, 342.796173096, 343.376678467, 343.957183838, 344.537689209, 345.11819458, 345.687072754, 346.255950928, 346.836456299, 347.393737793, 347.93939209, 348.485076904, 349.030731201, 349.576416016, 350.122070312, 350.690979004, 351.259857178, 351.828735352, 352.409240723, 352.989746094, 353.570251465, 354.150756836, 354.731231689, 355.311737061, 355.880615234, 356.449523926, 357.030029297, 357.61050415, 358.179412842, 358.748291016, 359.328796387, 359.909301758, 360.489776611, 361.070281982, 361.639190674, 362.208068848, 362.788574219, 363.369049072, 363.949554443, 364.530059814, 365.110565186, 365.691070557, 366.27154541, 366.852050781, 367.444152832, 368.0362854, 368.547119141, 369.034729004, 369.522338867, 370.021575928, 370.439544678, 370.857513428, 371.26385498, 371.646972656, 372.03012085, 372.401611328, 372.773132324, 373.14465332, 373.516174316, 373.887695312, 374.259216309, 374.607513428, 374.944213867, 375.280914307, 375.617584229, 375.954284668, 376.29095459, 376.627655029, 376.964355469, 377.301025391, 377.63772583, 377.97442627], "beats_loudness": {"dmean2": 0.0385473035276, "median": 0.0326724387705, "min": 7.01635653968e-05, "dvar2": 0.00135823129676, "dvar": 0.000466562720248, "dmean": 0.0216717794538, "max": 0.145612716675, "var": 0.00075531512266, "mean": 0.0388861075044}, "danceability": 1.07237911224, "bpm_histogram_second_peak_weight": {"dmean2": 0, "median": 0.140287771821, "min": 0.140287771821, "dvar2": 0, "dvar": 0, "dmean": 0, "max": 0.140287771821, "var": 0, "mean": 0.140287771821}, "beats_count": 835, "bpm_histogram_second_peak_bpm": {"dmean2": 0, "median": 157, "min": 157, "dvar2": 0, "dvar": 0, "dmean": 0, "max": 157, "var": 0, "mean": 157}, "bpm_histogram_first_peak_spread": {"dmean2": 0, "median": 0.474770665169, "min": 0.474770665169, "dvar2": 0, "dvar": 0, "dmean": 0, "max": 0.474770665169, "var": 0, "mean": 0.474770665169}, "beats_loudness_band_ratio": {"dmean2": [0.415161669254, 0.254991978407, 0.276664763689, 0.187654793262, 0.0766599327326, 0.108469851315], "median": [0.229804098606, 0.147175595164, 0.204586654902, 0.100622683764, 0.0237158704549, 0.012687522918], "min": [0.000109319851617, 0.00519067235291, 0.00591957196593, 0.00298391096294, 0.000281717802864, 5.08827215526e-05], "dvar2": [0.142874121666, 0.0683176666498, 0.0656616538763, 0.0454181060195, 0.0199339892715, 0.0358779579401], "dvar": [0.0541763231158, 0.0255780834705, 0.0235112179071, 0.0170633979142, 0.00750333070755, 0.0126891126856], "dmean": [0.241877034307, 0.145880430937, 0.158617123961, 0.109830446541, 0.0429015383124, 0.0599678866565], "max": [0.961299359798, 0.900183141232, 0.911717891693, 0.857547819614, 0.721449911594, 0.781433045864], "var": [0.086807012558, 0.0408465266228, 0.0344731099904, 0.02516855672, 0.00773055804893, 0.0127624422312], "mean": [0.335589796305, 0.218346714973, 0.247374296188, 0.152745425701, 0.0498208217323, 0.055341668427]}}, "lowlevel": {"barkbands_spread": {"dmean2": 6.04063177109, "median": 12.0903759003, "min": 0.810264885426, "dvar2": 81.8013763428, "dvar": 42.7075004578, "dmean": 4.13288831711, "max": 98.0313339233, "var": 188.281799316, "mean": 16.1157741547}, "melbands_spread": {"dmean2": 7.21804618835, "median": 15.0063247681, "min": 0.831079721451, "dvar2": 138.933547974, "dvar": 68.5000076294, "dmean": 4.7971906662, "max": 222.675079346, "var": 244.299667358, "mean": 18.4319725037}, "hfc": {"dmean2": 9.31751728058, "median": 14.8097076416, "min": 8.36434480789e-07, "dvar2": 357.103637695, "dvar": 168.350814819, "dmean": 6.5549621582, "max": 291.094177246, "var": 786.351623535, "mean": 23.0293655396}, "barkbands_kurtosis": {"dmean2": 3.90016794205, "median": 2.32134413719, "min": -1.92032814026, "dvar2": 57.1979827881, "dvar": 25.3240032196, "dmean": 2.56236290932, "max": 169.300292969, "var": 59.1233825684, "mean": 4.39317989349}, "gfcc": {"mean": [-13.458026886, 107.916763306, -121.326713562, 5.50079488754, -68.0299987793, 3.95214867592, -28.1860237122, -1.17601680756, -18.9386520386, -0.413577705622, -11.9161682129, -2.76697516441, -7.54537248611], "icov": [[0.000531628029421, 0.000455512548797, -0.000241096655373, -0.000265235139523, -0.000323672284139, -0.000132065644721, 0.000409196742112, -0.00035328080412, -6.30583963357e-05, 0.000348413130268, -7.86623932072e-05, 0.000121400044009, -8.96069923328e-06], [0.000455512548797, 0.00179741624743, -0.000305810535792, 1.95191860257e-05, -0.000932678056415, -7.17397706467e-05, 0.000210378362681, 5.17171501997e-05, -0.00151863798965, 0.00299712293781, -0.00231331842951, 0.0012346978765, -0.000429121399065], [-0.000241096655373, -0.000305810535792, 0.00137068785261, -0.000383880164009, 0.000408738822443, -0.000920774706174, -0.000331896007992, -0.000262223969912, 0.000188057791092, -0.000785300682765, 0.00105627265293, -0.00101665081456, 0.000941231730394], [-0.000265235139523, 1.95191860257e-05, -0.000383880164009, 0.00287690386176, -0.00017547243624, -0.000717146205716, 0.000183330543223, -0.000735517940484, 0.000211988124647, 0.000682789715938, -0.000960340839811, 0.000825669791084, -0.000486146775074], [-0.000323672284139, -0.000932678056415, 0.000408738822443, -0.00017547243624, 0.00420289626345, -0.00112356361933, -0.00115518132225, 0.00134180416353, -0.00172329123598, -0.000533660931978, 0.000705255195498, -0.000458131107735, -0.000543829577509], [-0.000132065644721, -7.17397706467e-05, -0.000920774706174, -0.000717146205716, -0.00112356361933, 0.00614855764434, -0.000968471053056, -0.00192945136223, 0.000881311134435, -0.00285257096402, 0.00129057094455, 0.000577444734517, 0.000382816273486], [0.000409196742112, 0.000210378362681, -0.000331896007992, 0.000183330543223, -0.00115518132225, -0.000968471053056, 0.00684106629342, -0.00232289894484, -0.000786242599133, 0.00229776697233, -0.00271766004153, 0.000832095684018, -6.9725800131e-05], [-0.00035328080412, 5.17171501997e-05, -0.000262223969912, -0.000735517940484, 0.00134180416353, -0.00192945136223, -0.00232289894484, 0.00957326032221, -0.00285894679837, 0.000409076979849, 0.00227173906751, -0.0042612538673, 0.00130110455211], [-6.30583963357e-05, -0.00151863798965, 0.000188057791092, 0.000211988124647, -0.00172329123598, 0.000881311134435, -0.000786242599133, -0.00285894679837, 0.0131082646549, -0.00698865391314, -3.81351383112e-05, 0.00285095209256, -0.00365921761841], [0.000348413130268, 0.00299712293781, -0.000785300682765, 0.000682789715938, -0.000533660931978, -0.00285257096402, 0.00229776697233, 0.000409076979849, -0.00698865391314, 0.0168548692018, -0.00871746707708, 0.00294825527817, -0.0018532393733], [-7.86623932072e-05, -0.00231331842951, 0.00105627265293, -0.000960340839811, 0.000705255195498, 0.00129057094455, -0.00271766004153, 0.00227173906751, -3.81351383112e-05, -0.00871746707708, 0.0172782223672, -0.00823436677456, 0.00505268806592], [0.000121400044009, 0.0012346978765, -0.00101665081456, 0.000825669791084, -0.000458131107735, 0.000577444734517, 0.000832095684018, -0.0042612538673, 0.00285095209256, 0.00294825527817, -0.00823436677456, 0.017185876146, -0.00865309406072], [-8.96069923328e-06, -0.000429121399065, 0.000941231730394, -0.000486146775074, -0.000543829577509, 0.000382816273486, -6.9725800131e-05, 0.00130110455211, -0.00365921761841, -0.0018532393733, 0.00505268806592, -0.00865309406072, 0.015061522834]], "cov": [[5037.95849609, -1892.89172363, 1741.6484375, 854.744262695, -167.462875366, 708.283813477, -131.779129028, 508.531799316, -149.561325073, 173.197845459, -269.186737061, 97.8044967651, -69.3042678833], [-1892.89172363, 1833.40075684, -620.793884277, -255.619949341, 375.007751465, -247.899719238, 152.112670898, -202.086166382, 192.046142578, -157.135757446, 187.005905151, -77.1307067871, 39.9322433472], [1741.6484375, -620.793884277, 1774.42871094, 520.171875, -90.0756835938, 537.689819336, 68.1270446777, 344.115081787, -46.1833152771, 106.348693848, -117.144874573, 68.6019592285, -76.5028533936], [854.744262695, -255.619949341, 520.171875, 569.674865723, 8.56653594971, 239.608016968, 26.5336532593, 157.404418945, -11.0984983444, 34.9638137817, -34.8819160461, 15.8507423401, -17.7350120544], [-167.462875366, 375.007751465, -90.0756835938, 8.56653594971, 413.216552734, 53.6805610657, 89.7610931396, -22.2926445007, 122.662902832, 23.9060249329, 45.0301589966, -13.8561763763, 42.0631408691], [708.283813477, -247.899719238, 537.689819336, 239.608016968, 53.6805610657, 401.781707764, 65.2717514038, 170.666000366, 21.9949073792, 86.3282241821, -38.1539726257, 14.251871109, -18.2706069946], [-131.779129028, 152.112670898, 68.1270446777, 26.5336532593, 89.7610931396, 65.2717514038, 216.682479858, 60.2312545776, 46.8605651855, -1.82600176334, 37.5644798279, 8.89937210083, 1.9077231884], [508.531799316, -202.086166382, 344.115081787, 157.404418945, -22.2926445007, 170.666000366, 60.2312545776, 230.649261475, 17.8348674774, 32.876083374, -29.8286418915, 48.5900726318, -0.36723652482], [-149.561325073, 192.046142578, -46.1833152771, -11.0984983444, 122.662902832, 21.9949073792, 46.8605651855, 17.8348674774, 168.580688477, 66.4412994385, 43.7503890991, -8.50353431702, 40.026550293], [173.197845459, -157.135757446, 106.348693848, 34.9638137817, 23.9060249329, 86.3282241821, -1.82600176334, 32.876083374, 66.4412994385, 149.870727539, 39.6566009521, 9.21835231781, 12.5043916702], [-269.186737061, 187.005905151, -117.144874573, -34.8819160461, 45.0301589966, -38.1539726257, 37.5644798279, -29.8286418915, 43.7503890991, 39.6566009521, 129.251342773, 26.3641986847, 4.00447416306], [97.8044967651, -77.1307067871, 68.6019592285, 15.8507423401, -13.8561763763, 14.251871109, 8.89937210083, 48.5900726318, -8.50353431702, 9.21835231781, 26.3641986847, 111.346260071, 43.2604980469], [-69.3042678833, 39.9322433472, -76.5028533936, -17.7350120544, 42.0631408691, -18.2706069946, 1.9077231884, -0.36723652482, 40.026550293, 12.5043916702, 4.00447416306, 43.2604980469, 108.496559143]]}, "spectral_energyband_middle_low": {"dmean2": 0.00789844151586, "median": 0.0106199691072, "min": 1.20016996341e-10, "dvar2": 0.000202401410206, "dvar": 8.28354386613e-05, "dmean": 0.00502545293421, "max": 0.140420332551, "var": 0.000185994358617, "mean": 0.0151517903432}, "melbands_crest": {"dmean2": 4.41950798035, "median": 13.5187759399, "min": 3.12021541595, "dvar2": 19.3159484863, "dvar": 8.52095413208, "dmean": 2.83797597885, "max": 34.2682876587, "var": 32.4002075195, "mean": 14.4681787491}, "spectral_kurtosis": {"dmean2": 5.19357919693, "median": 5.90357112885, "min": -0.140867233276, "dvar2": 67.6250915527, "dvar": 24.776632309, "dmean": 3.14933872223, "max": 238.248382568, "var": 125.548271179, "mean": 8.40453624725}, "spectral_rms": {"dmean2": 0.000949833658524, "median": 0.00492611574009, "min": 7.94170261997e-07, "dvar2": 1.4187820625e-06, "dvar": 6.77830996665e-07, "dmean": 0.000643346749712, "max": 0.0143389841542, "var": 4.06057279179e-06, "mean": 0.00515548139811}, "zerocrossingrate": {"dmean2": 0.0101624242961, "median": 0.04248046875, "min": 0.00341796875, "dvar2": 0.000186124860193, "dvar": 0.000181495037396, "dmean": 0.00917790271342, "max": 0.35595703125, "var": 0.00142888841219, "mean": 0.0522028282285}, "silence_rate_60dB": {"dmean2": 0.00453820684925, "median": 0, "min": 0, "dvar2": 0.00550051778555, "dvar": 0.00226421072148, "dmean": 0.0022689641919, "max": 1, "var": 0.012890576385, "mean": 0.01306107454}, "erbbands_kurtosis": {"dmean2": 2.06067156792, "median": 1.01046514511, "min": -1.75768172741, "dvar2": 7.68721437454, "dvar": 3.39859676361, "dmean": 1.34370553493, "max": 47.4701843262, "var": 11.1683559418, "mean": 1.94665968418}, "erbbands": {"dmean2": [0.13523465395, 1.25399029255, 3.5361032486, 6.43671941757, 11.5931110382, 10.9444570541, 10.7774019241, 18.213218689, 18.1859054565, 22.6137714386, 26.2719707489, 38.0702438354, 29.5476093292, 41.1652069092, 26.9840698242, 22.2453937531, 20.3478794098, 22.1512508392, 17.194393158, 14.9809465408, 11.356212616, 8.7695980072, 6.72800540924, 8.55201911926, 6.15903711319, 7.59982156754, 9.74848461151, 7.51717042923, 7.22500753403, 5.99780893326, 3.46750879288, 2.50667023659, 2.40368199348, 1.76458108425, 0.839993178844, 0.269996196032, 0.0731456801295, 0.0177298951894, 0.0033231661655, 0.000186536461115], "median": [0.00691474694759, 0.15512907505, 0.475335687399, 1.01642012596, 2.60593175888, 3.93862891197, 6.71538448334, 12.9162254333, 16.8145656586, 19.46717453, 22.6707935333, 20.5114707947, 18.5594062805, 21.927734375, 17.7737789154, 14.4574623108, 11.3272972107, 7.44831705093, 7.15331268311, 5.08781242371, 4.18132972717, 3.59086227417, 2.93611502647, 2.54654073715, 2.44676780701, 2.00653982162, 1.53157520294, 0.943959355354, 0.996725082397, 0.662245512009, 0.408386141062, 0.236262068152, 0.125881165266, 0.0736751407385, 0.0293038673699, 0.00881542824209, 0.00233472324908, 0.000575214857236, 0.00010102892702, 4.24046047556e-05], "min": [4.30581681421e-11, 2.78573275558e-10, 1.1783830578e-09, 3.84178511226e-09, 1.08944879784e-08, 2.77587677289e-08, 6.40258619455e-08, 1.33026730964e-07, 2.4641852292e-07, 4.03850179964e-07, 5.94578466462e-07, 8.54694576446e-07, 1.39520261655e-06, 2.59200896835e-06, 4.36003347204e-06, 5.27032125319e-06, 4.00200178774e-06, 2.85010014522e-06, 3.73763919015e-06, 2.7428818612e-06, 9.85401698017e-07, 3.0521070471e-07, 3.63172688367e-07, 1.78646772042e-07, 7.10576628649e-08, 8.69269314308e-08, 2.32716260484e-07, 1.55951184411e-07, 2.15074855703e-08, 3.19666249027e-08, 7.3832695513e-09, 5.9725833168e-09, 4.70548267018e-09, 2.37677877379e-09, 2.75428879704e-09, 2.45154385681e-09, 9.823567515e-10, 5.56511559058e-10, 9.57341914076e-11, 6.37981638005e-12], "dvar2": [0.151806473732, 12.9690551758, 100.399147034, 358.756530762, 1069.72644043, 1005.96270752, 514.967895508, 1426.90356445, 864.829772949, 1882.39611816, 3424.54516602, 8523.41894531, 5494.08789062, 11203.8447266, 2675.03686523, 2982.25512695, 1862.64990234, 5762.54296875, 2291.2409668, 1941.32885742, 909.348571777, 530.213195801, 425.084655762, 1423.90332031, 330.404571533, 609.176696777, 1105.80175781, 641.965515137, 428.034210205, 369.662017822, 103.438285828, 58.2924308777, 111.166038513, 25.3183555603, 5.85849046707, 0.632509589195, 0.0489761903882, 0.00311452965252, 0.000133649999043, 3.76268275204e-07], "dvar": [0.0644036456943, 5.28505897522, 42.1162376404, 144.33656311, 400.621185303, 409.765838623, 207.762084961, 569.401367188, 412.12008667, 739.054199219, 1962.27612305, 4295.45947266, 2778.0065918, 4174.54199219, 1175.88330078, 1322.36230469, 985.96105957, 3147.77807617, 1097.64953613, 975.230285645, 380.654724121, 219.096435547, 161.871231079, 496.007659912, 132.882583618, 238.702316284, 502.518463135, 285.722930908, 203.508377075, 157.638153076, 47.4211883545, 26.0606403351, 53.3182640076, 12.8689079285, 2.77834892273, 0.314427554607, 0.0244976244867, 0.00149956077803, 6.08065529377e-05, 1.72358767259e-07], "dmean": [0.0902885049582, 0.832322180271, 2.31741523743, 3.89971327782, 6.76423168182, 6.5185213089, 6.71564292908, 11.3032197952, 12.2927274704, 14.4519577026, 17.8119792938, 26.2581348419, 20.1258926392, 25.5039691925, 17.6304283142, 14.5984344482, 13.9623069763, 15.9091701508, 11.6464538574, 10.2108135223, 7.23501729965, 5.37076282501, 4.02273654938, 4.90514278412, 3.78885245323, 4.67468070984, 6.37210035324, 4.94099140167, 4.73304080963, 3.92371964455, 2.32374596596, 1.66170859337, 1.66417825222, 1.22501659393, 0.57461887598, 0.185199663043, 0.0506216473877, 0.0120403459296, 0.00222409470007, 0.000125289618154], "max": [4.40829133987, 47.5991897583, 113.801307678, 203.117675781, 383.932373047, 427.686126709, 442.014770508, 1062.89697266, 530.37902832, 1008.27166748, 2180.11279297, 2852.78588867, 2725.88769531, 2750.65795898, 1164.22094727, 2362.76025391, 1395.36132812, 4184.94189453, 1475.43737793, 1425.43237305, 604.649414062, 464.361053467, 461.095550537, 429.005126953, 445.842346191, 525.597045898, 672.325866699, 635.29888916, 336.541748047, 328.238037109, 146.863357544, 215.809402466, 404.796905518, 130.73449707, 52.6369132996, 17.6593742371, 6.56788492203, 0.94833445549, 0.188898354769, 0.00725756259635], "var": [0.133160337806, 9.19576931, 66.5388412476, 190.569458008, 478.700805664, 810.377990723, 585.099609375, 1685.26013184, 1748.73522949, 1840.93762207, 8463.890625, 17985.984375, 8042.14501953, 6594.67822266, 4665.86279297, 5483.74951172, 5082.796875, 12926.3515625, 5548.15478516, 4741.17431641, 1058.87182617, 413.438537598, 234.49710083, 502.199523926, 374.328430176, 827.385009766, 1579.55554199, 850.31652832, 730.009277344, 434.094177246, 152.290985107, 125.199981689, 138.785903931, 35.6936454773, 8.59491729736, 0.886324167252, 0.0642600283027, 0.00394195364788, 0.000117970063002, 3.27067823491e-07], "mean": [0.153837069869, 1.42717957497, 3.9668879509, 5.730448246, 9.39991664886, 11.7426176071, 15.1832046509, 26.0458774567, 30.1058750153, 32.0800018311, 43.2495536804, 60.3464813232, 44.461063385, 48.8802452087, 39.6678657532, 33.1010131836, 32.0156745911, 37.5029945374, 26.2705116272, 22.8490428925, 15.0498743057, 9.75161266327, 6.95039558411, 7.37601995468, 7.13341140747, 9.30837726593, 11.6165733337, 9.14130496979, 8.85520648956, 6.50677871704, 4.25534391403, 3.25969290733, 3.0200612545, 1.9539475441, 0.960083127022, 0.305454015732, 0.0792341604829, 0.0188862495124, 0.00327365216799, 0.000221814028919]}, "spectral_strongpeak": {"dmean2": 0.915757000446, "median": 0.905956029892, "min": 0, "dvar2": 1.89698767662, "dvar": 0.804149627686, "dmean": 0.555070459843, "max": 17.136592865, "var": 2.37690210342, "mean": 1.44487273693}, "spectral_energy": {"dmean2": 0.0120898885652, "median": 0.0248732827604, "min": 6.46474096477e-10, "dvar2": 0.000348239438608, "dvar": 0.000155501722475, "dmean": 0.00802748277783, "max": 0.210746631026, "var": 0.0005692759878, "mean": 0.0314056351781}, "average_loudness": 0.84502273798, "spectral_rolloff": {"dmean2": 568.328918457, "median": 904.39453125, "min": 64.599609375, "dvar2": 1386612.5, "dvar": 697129.625, "dmean": 345.898284912, "max": 12037.0605469, "var": 2025847.5, "mean": 1313.10266113}, "spectral_centroid": {"dmean2": 263.535919189, "median": 882.294189453, "min": 194.43170166, "dvar2": 160228.390625, "dvar": 79986.3046875, "dmean": 175.816192627, "max": 4670.87304688, "var": 347486.71875, "mean": 1030.7611084}, "pitch_salience": {"dmean2": 0.0995871797204, "median": 0.530861496925, "min": 0.0832481831312, "dvar2": 0.00902591366321, "dvar": 0.00401572557166, "dmean": 0.0645302310586, "max": 0.989605545998, "var": 0.0164586361498, "mean": 0.524677157402}, "spectral_energyband_middle_high": {"dmean2": 0.00257458700798, "median": 0.00416611228138, "min": 5.1976689619e-10, "dvar2": 1.67545313161e-05, "dvar": 7.11028633305e-06, "dmean": 0.00169554539025, "max": 0.0912674218416, "var": 2.8633774491e-05, "mean": 0.00562723632902}, "spectral_contrast_coeffs": {"dmean2": [0.0738848671317, 0.0653222277761, 0.0589906238019, 0.0489005148411, 0.0357733182609, 0.0286831464618], "median": [-0.607217729092, -0.71369433403, -0.710962593555, -0.739887058735, -0.776220262051, -0.755809366703], "min": [-0.981874704361, -0.979056656361, -0.968323528767, -0.96733134985, -0.949936330318, -0.91043305397], "dvar2": [0.00397483771667, 0.00280621740967, 0.00240900716744, 0.00160144257825, 0.000920454214793, 0.000692967034411], "dvar": [0.00172989757266, 0.00103429285809, 0.000915233918931, 0.000629225512967, 0.000382118159905, 0.000336539960699], "dmean": [0.0464436560869, 0.0396129190922, 0.0363996401429, 0.030094454065, 0.0223201531917, 0.0183788612485], "max": [-0.233097702265, -0.380305826664, -0.402512192726, -0.446652114391, -0.523004353046, -0.597344875336], "var": [0.00880971457809, 0.00571996020153, 0.00461015570909, 0.00550290290266, 0.00341525417753, 0.00207737693563], "mean": [-0.603130340576, -0.705820500851, -0.706979095936, -0.729567110538, -0.767552793026, -0.754676580429]}, "melbands_skewness": {"dmean2": 0.872949898243, "median": 1.73769831657, "min": -2.01828932762, "dvar2": 0.964122056961, "dvar": 0.470477700233, "dmean": 0.59317779541, "max": 12.165140152, "var": 2.24408316612, "mean": 1.96974134445}, "spectral_spread": {"dmean2": 825948.3125, "median": 3638264, "min": 432794.5625, "dvar2": 1120472793090.0, "dvar": 627202064384, "dmean": 607942.5625, "max": 14123405, "var": 4134037356540.0, "mean": 4193370.25}, "dissonance": {"dmean2": 0.0426014810801, "median": 0.450159460306, "min": 0.0105061456561, "dvar2": 0.00168953533284, "dvar": 0.000625649176072, "dmean": 0.0252897106111, "max": 0.500000059605, "var": 0.00144910998642, "mean": 0.442488700151}, "