{"tonal": {"thpcp": [1, 0.833303570747, 0.551415145397, 0.481289148331, 0.538931012154, 0.791800618172, 0.988057732582, 0.798141419888, 0.560460567474, 0.521967768669, 0.45756238699, 0.381630271673, 0.393852293491, 0.519678652287, 0.656592965126, 0.790910124779, 0.72945946455, 0.542150020599, 0.467247873545, 0.387450456619, 0.398672729731, 0.430694192648, 0.380553662777, 0.406050175428, 0.431411981583, 0.378586918116, 0.55025947094, 0.951223015785, 0.797527551651, 0.324056744576, 0.267782568932, 0.29886302352, 0.295000076294, 0.433962494135, 0.626089453697, 0.819115519524], "hpcp": {"dmean2": [0.363412976265, 0.346029728651, 0.282242655754, 0.254940599203, 0.273534744978, 0.31870508194, 0.323522627354, 0.30486959219, 0.271164596081, 0.2621755898, 0.237460538745, 0.205279693007, 0.20010560751, 0.23765848577, 0.286630660295, 0.312479645014, 0.308277547359, 0.25119176507, 0.209693089128, 0.16730594635, 0.163284286857, 0.172912061214, 0.165555015206, 0.193274572492, 0.228910252452, 0.17991964519, 0.185027018189, 0.251007676125, 0.213287726045, 0.123684644699, 0.118330970407, 0.136588066816, 0.141977578402, 0.201996177435, 0.265219956636, 0.315084159374], "median": [0.118160501122, 0.0880448669195, 0.0459923371673, 0.0338572487235, 0.0471854135394, 0.0767597705126, 0.106582298875, 0.0806583166122, 0.0451057441533, 0.0304425898939, 0.0221898667514, 0.019264895469, 0.0260983053595, 0.0343852713704, 0.054531916976, 0.0775411128998, 0.0707595348358, 0.0387413315475, 0.0259553939104, 0.0212532877922, 0.0195476729423, 0.0235147047788, 0.0227857194841, 0.0283704064786, 0.0254097282887, 0.0245122071356, 0.0529629029334, 0.0855457633734, 0.0642085373402, 0.0277375746518, 0.0128329386935, 0.0136093776673, 0.0151667427272, 0.0238432679325, 0.0373516082764, 0.0799966976047], "min": [0, 0, 0, 0, 0, 0, 0, 0, 0, 0, 0, 0, 0, 0, 0, 0, 0, 0, 0, 0, 0, 0, 0, 0, 0, 0, 0, 0, 0, 0, 0, 0, 0, 0, 0, 0], "dvar2": [0.173504441977, 0.180166110396, 0.168642371893, 0.144049152732, 0.145178109407, 0.149481028318, 0.160607933998, 0.148963809013, 0.14886751771, 0.148265257478, 0.145649239421, 0.122873552144, 0.115045093, 0.123753070831, 0.153580501676, 0.157501727343, 0.160769954324, 0.133743360639, 0.111837647855, 0.0832591503859, 0.0825865417719, 0.0874300971627, 0.0816506072879, 0.0872095897794, 0.133054539561, 0.0785148143768, 0.0726878717542, 0.102032676339, 0.0838322713971, 0.0420031100512, 0.0510717183352, 0.0657967254519, 0.065847247839, 0.108694955707, 0.13821901381, 0.158247172832], "dvar": [0.0685579329729, 0.0656588599086, 0.0596903339028, 0.0519379153848, 0.0515701770782, 0.0582926236093, 0.0653673410416, 0.0559392459691, 0.0542683824897, 0.053781632334, 0.0523473657668, 0.0438347011805, 0.0413893312216, 0.0467402227223, 0.0572466626763, 0.0605259537697, 0.0592669174075, 0.0475282967091, 0.0404837988317, 0.0308890640736, 0.0313355997205, 0.0324851125479, 0.0299087297171, 0.0321947596967, 0.0488559268415, 0.0291195642203, 0.0301271118224, 0.0467454530299, 0.0371488109231, 0.0157859921455, 0.0195022933185, 0.0248935949057, 0.0239491891116, 0.0404054708779, 0.0529409907758, 0.0611113645136], "dmean": [0.207749575377, 0.193911164999, 0.155970141292, 0.140819489956, 0.152680501342, 0.182289719582, 0.187379047275, 0.173760101199, 0.152772426605, 0.147616893053, 0.131969332695, 0.112952962518, 0.111095786095, 0.136030897498, 0.163943991065, 0.178705140948, 0.17544336617, 0.141926333308, 0.118253625929, 0.0952819958329, 0.0942405760288, 0.099690541625, 0.0940513536334, 0.108505412936, 0.126732066274, 0.101290531456, 0.110106483102, 0.151456430554, 0.128267690539, 0.0722743347287, 0.0681231245399, 0.0779945328832, 0.0806597024202, 0.114139772952, 0.152404889464, 0.18148778379], "max": [1, 1, 1, 1, 1, 1, 1, 1, 1, 1, 1, 1, 1, 1, 1, 1, 1, 1, 1, 1, 1, 1, 1, 1, 1, 1, 1, 1, 1, 1, 1, 1, 1, 1, 1, 1], "var": [0.105215065181, 0.0847652852535, 0.0560208670795, 0.0475884154439, 0.0481587648392, 0.0788613408804, 0.109940208495, 0.0803211480379, 0.0534816235304, 0.052618958056, 0.04787851125, 0.0361538119614, 0.0354280434549, 0.0509748384356, 0.0678278878331, 0.0826197639108, 0.0723233520985, 0.0493677034974, 0.0455669425428, 0.0332393348217, 0.0407094806433, 0.0429084040225, 0.0331636555493, 0.0340158678591, 0.0437963828444, 0.0298598762602, 0.045879997313, 0.109444610775, 0.0883308053017, 0.0198730565608, 0.0212534870952, 0.026335850358, 0.0221574325114, 0.0413355007768, 0.0663022994995, 0.0845017135143], "mean": [0.268692016602, 0.223902016878, 0.148160845041, 0.129318550229, 0.144806459546, 0.212750509381, 0.265483230352, 0.214454233646, 0.150591284037, 0.140248566866, 0.122943356633, 0.102541007102, 0.105824969709, 0.139633506536, 0.176421284676, 0.212511241436, 0.195999935269, 0.145671382546, 0.12554576993, 0.104104846716, 0.10712017864, 0.115724094212, 0.102251730859, 0.109102442861, 0.115916952491, 0.101723283529, 0.147850319743, 0.255586028099, 0.214289292693, 0.0870714634657, 0.0719510391355, 0.0803021118045, 0.0792641639709, 0.116602256894, 0.168225243688, 0.220089793205]}, "tuning_equal_tempered_deviation": 0.167925298214, "chords_changes_rate": 0.068603888154, "key_key": "D", "tuning_diatonic_strength": 0.586608290672, "key_scale": "major", "chords_number_rate": 0.00349573954009, "tuning_frequency": 434.193115234, "tuning_nontempered_energy_ratio": 0.851711988449, "chords_histogram": [20.952589035, 2.01005029678, 5.24360942841, 16.2988853455, 7.05702447891, 2.49071455002, 3.29910421371, 1.42014420033, 0.0873934924603, 0.30587720871, 4.45706796646, 2.18483734131, 0.589906036854, 0, 0.458815813065, 1.44199252129, 0.0218483731151, 4.78479337692, 2.35962414742, 2.70919823647, 0.371422320604, 0.0218483731151, 2.33777594566, 19.0954780579], "key_strength": 0.566865563393, "chords_key": "D", "chords_strength": {"dmean2": 0.0130385560915, "median": 0.54552012682, "min": 0.219609633088, "dvar2": 0.000126888699015, "dvar": 9.85909136944e-05, "dmean": 0.0113947289065, "max": 0.824809193611, "var": 0.0135682392865, "mean": 0.546076357365}, "chords_scale": "major", "hpcp_entropy": {"dmean2": 1.18358671665, "median": 2.45258426666, "min": 0, "dvar2": 0.833475768566, "dvar": 0.306585818529, "dmean": 0.69682353735, "max": 4.60875082016, "var": 0.646289765835, "mean": 2.45597863197}}, "metadata": {"audio_properties": {"equal_loudness": 0, "codec": "mp3", "downmix": "mix", "sample_rate": 44100, "analysis_sample_rate": 44100, "bit_rate": 162260, "md5_encoded": "85cfced04bde70782ef6b85c29d30111", "length": 212.479995728, "replay_gain": -15.5807781219, "lossless": false}, "version": {"essentia_build_sha": "2d9f1f26377add8aeb1075a9c2973f962c4f09fd", "essentia": "2.1-beta2", "extractor": "music 1.0", "essentia_git_sha": "v2.1_beta2-1-ge3940c0"}, "tags": {"title": ["Get Up, Stand Up and Dub"], "barcode": ["3596971234720"], "media": ["CD"], "albumartist": ["Various Artists"], "musicbrainz_recordingid": ["0a803b63-9739-4e79-855a-11e0fa24949c"], "musicbrainz_albumartistid": ["89ad4ac3-39f7-470e-963a-56509c546377"], "originalyear": ["2007"], "discnumber": ["1/4"], "album": ["Dub Anthology"], "catalognumber": ["3123472"], "contentgroup": ["Reggae"], "musicbrainz album type": ["album", "compilation"], "musicbrainz album status": ["official"], "file_name": "114 - The Wailers Band - Get Up, Stand Up and Dub.mp3", "originaldate": ["2007"], "date": ["2007"], "genre": ["Reggae", "Roots Reggae", "Progressive Rock"], "musicbrainz album release country": ["FR"], "musicbrainz_releasegroupid": ["0ae5b478-a387-3dc4-8f33-7330858f3ef0"], "musicbrainz_artistid": ["1e46801d-c27b-4f07-a50d-51597a26df60"], "asin": ["B000OQF3F2"], "musicbrainz_albumid": ["627270ca-4951-4ed6-a312-827371f49c45"], "artist": ["The Wailers Band"], "artistsort": ["Wailers Band, The"], "tracknumber": ["14/15"], "label": ["Wagram Music"], "albumartistsort": ["Various Artists"], "acoustid_id": ["f8727ec0-9c05-4857-b26c-6d53b35be58f"], "script": ["Latn"]}}, "rhythm": {"bpm_histogram_first_peak_bpm": {"dmean2": 0, "median": 144, "min": 144, "dvar2": 0, "dvar": 0, "dmean": 0, "max": 144, "var": 0, "mean": 144}, "bpm": 144.56918335, "bpm_histogram_second_peak_spread": {"dmean2": 0, "median": 0, "min": 0, "dvar2": 0, "dvar": 0, "dmean": 0, "max": 0, "var": 0, "mean": 0}, "bpm_histogram_first_peak_weight": {"dmean2": 0, "median": 0.645098030567, "min": 0.645098030567, "dvar2": 0, "dvar": 0, "dmean": 0, "max": 0.645098030567, "var": 0, "mean": 0.645098030567}, "onset_rate": 4.30593490601, "beats_position": [0.429569154978, 0.859138309956, 1.26548755169, 1.69505667686, 2.12462592125, 2.55419492722, 2.99537420273, 3.42494320869, 3.84290242195, 4.27247142792, 4.71365070343, 5.16644001007, 5.60761880875, 6.03718805313, 6.45514726639, 6.87310647964, 7.30267572403, 7.72063493729, 8.15020370483, 8.56816291809, 8.98612213135, 9.41569137573, 9.84526062012, 10.2748298645, 10.7043991089, 11.1223583221, 11.5519275665, 11.9814968109, 12.3994560242, 12.8174142838, 13.235373497, 13.6533327103, 14.0712919235, 14.4892511368, 14.9188203812, 15.3483896255, 15.7663488388, 16.1843090057, 16.602268219, 17.0202255249, 17.4381847382, 17.8561439514, 18.2741031647, 18.6920623779, 19.1100215912, 19.5279808044, 19.9459400177, 20.363899231, 20.7818584442, 21.1998176575, 21.6177768707, 22.035736084, 22.4536952972, 22.8716545105, 23.2896137238, 23.707572937, 24.1255321503, 24.5434913635, 24.9614505768, 25.37940979, 25.7973690033, 26.2153282166, 26.6332874298, 27.0512466431, 27.4692058563, 27.8871650696, 28.3051242828, 28.7230834961, 29.1410427094, 29.5590019226, 29.9769611359, 30.3949203491, 30.8128795624, 31.2308387756, 31.6487979889, 32.0551452637, 32.4614944458, 32.8794555664, 33.2974128723, 33.7153739929, 34.121723175, 34.5280723572, 34.9460296631, 35.3639907837, 35.7819480896, 36.1999092102, 36.6178665161, 37.0358276367, 37.4537849426, 37.8717460632, 38.2897033691, 38.7076644897, 39.1024017334, 39.5087509155, 39.9151000977, 40.3330612183, 40.7510185242, 41.1689796448, 41.5869369507, 42.0048980713, 42.4228553772, 42.8408164978, 43.2587738037, 43.6651229858, 44.0830841064, 44.4894332886, 44.9073905945, 45.3253517151, 45.743309021, 46.1612701416, 46.5792274475, 46.9971885681, 47.415145874, 47.8214950562, 48.2278442383, 48.6458053589, 49.0637626648, 49.4817237854, 49.8880729675, 50.2944221497, 50.7123794556, 51.1187286377, 51.5250778198, 51.9430389404, 52.3609962463, 52.7789573669, 53.1969146729, 53.6148757935, 54.0212249756, 54.4275741577, 54.8455314636, 55.2634925842, 55.6814498901, 56.0994110107, 56.5173683167, 56.9353294373, 57.3532867432, 57.7712478638, 58.1892051697, 58.6071662903, 59.0135154724, 59.4198646545, 59.8378219604, 60.2557830811, 60.673740387, 61.0916976929, 61.5096588135, 61.9276161194, 62.3339653015, 62.7403144836, 63.1582756042, 63.5762329102, 63.9941940308, 64.4121551514, 64.8301086426, 65.2480697632, 65.6660308838, 66.0839920044, 66.5019454956, 66.9199066162, 67.3378677368, 67.7558288574, 68.1737823486, 68.5917434692, 68.9980926514, 69.4044418335, 69.8340148926, 70.2519683838, 70.6699295044, 71.0762786865, 71.4942398071, 71.9122009277, 72.3301544189, 72.7481155396, 73.1660766602, 73.5956420898, 74.001991272, 74.4199523926, 74.8379135132, 75.2558746338, 75.673828125, 76.0917892456, 76.5097503662, 76.9277114868, 77.3340606689, 77.7404098511, 78.1583633423, 78.5763244629, 78.982673645, 79.4006347656, 79.8069839478, 80.2249450684, 80.6428985596, 81.0608596802, 81.4788208008, 81.8967819214, 82.3147354126, 82.7326965332, 83.1506576538, 83.5686187744, 83.9865722656, 84.4045333862, 84.8224945068, 85.2404556274, 85.6468048096, 86.0531539917, 86.4711074829, 86.8890686035, 87.3070297241, 87.7133789063, 88.1197280884, 88.5260772705, 88.9324264526, 89.3503875732, 89.7683410645, 90.1863021851, 90.6042633057, 91.0106124878, 91.428565979, 91.8465270996, 92.2528762817, 92.6708374023, 93.0887985229, 93.5067520142, 93.9131011963, 94.3194503784, 94.737411499, 95.1437606812, 95.5617218018, 95.9796829224, 96.3976364136, 96.8155975342, 97.2335586548, 97.6515197754, 98.0694732666, 98.4874343872, 98.9053955078, 99.3233566284, 99.7413101196, 100.147659302, 100.565620422, 100.983581543, 101.389930725, 101.796279907, 102.214241028, 102.632194519, 103.05015564, 103.46811676, 103.886077881, 104.304031372, 104.721992493, 105.139953613, 105.557914734, 105.975868225, 106.393829346, 106.800178528, 107.20652771, 107.612876892, 108.019226074, 108.425575256, 108.831924438, 109.249885559, 109.66784668, 110.074195862, 110.492149353, 110.898498535, 111.316459656, 111.734420776, 112.140769958, 112.547119141, 112.953468323, 113.359817505, 113.754554749, 114.149291992, 114.555641174, 114.961990356, 115.379951477, 115.797912598, 116.215873718, 116.610610962, 117.005348206, 117.411697388, 117.81804657, 118.23600769, 118.642356873, 119.048706055, 119.466667175, 119.873016357, 120.27936554, 120.697319031, 121.115280151, 121.533241272, 121.951202393, 122.357551575, 122.763900757, 123.181854248, 123.599815369, 124.017776489, 124.43573761, 124.842086792, 125.248435974, 125.654785156, 126.072738647, 126.47908783, 126.885437012, 127.291786194, 127.709747314, 128.127700806, 128.545669556, 128.952011108, 129.35836792, 129.776321411, 130.194290161, 130.600631714, 131.006988525, 131.424942017, 131.842895508, 132.249252319, 132.655593872, 133.073562622, 133.491516113, 133.909469604, 134.327438354, 134.745391846, 135.163360596, 135.55809021, 135.97605896, 136.382400513, 136.788757324, 137.206710815, 137.624664307, 138.031021118, 138.448974609, 138.855331421, 139.273284912, 139.679641724, 140.085983276, 140.503936768, 140.921905518, 141.32824707, 141.734603882, 142.152557373, 142.570526123, 142.976867676, 143.394821167, 143.801177979, 144.21913147, 144.63710022, 145.055053711, 145.473007202, 145.879364014, 146.285705566, 146.703674316, 147.110015869, 147.516372681, 147.934326172, 148.352294922, 148.770248413, 149.188201904, 149.594558716, 150.000900269, 150.418869019, 150.83682251, 151.254776001, 151.672744751, 152.090698242, 152.508651733, 152.915008545, 153.321365356, 153.739318848, 154.157272339, 154.575241089, 154.981582642, 155.387939453, 155.805892944, 156.223846436, 156.641815186, 157.059768677, 157.477722168, 157.907302856, 158.313644409, 158.720001221, 159.126342773, 159.544311523, 159.962265015, 160.357009888, 160.774963379, 161.19291687, 161.599273682, 162.005615234, 162.423583984, 162.829925537, 163.247894287, 163.65423584, 164.072189331, 164.478546143, 164.884887695, 165.291244507, 165.69758606, 166.11555481, 166.521896362, 166.939865112, 167.346206665, 167.764175415, 168.170516968, 168.576873779, 168.994827271, 169.412780762, 169.830749512, 170.248703003, 170.666656494, 171.084625244, 171.479354858, 171.897323608, 172.3152771, 172.73324585, 173.151199341, 173.569152832, 173.987121582, 174.393463135, 174.799819946, 175.217773438, 175.635726929, 176.053695679, 176.47164917, 176.878005981, 177.284347534, 177.702316284, 178.120269775, 178.515014648, 178.93296814, 179.339309692, 179.745666504, 180.163619995, 180.581588745, 180.999542236, 181.417495728, 181.823852539, 182.230194092, 182.648162842, 183.066116333, 183.472473145, 183.878814697, 184.27355957, 184.691513062, 185.109481812, 185.527435303, 185.945388794, 186.363357544, 186.781311035, 187.199264526, 187.605621338, 188.011962891, 188.429931641, 188.847885132, 189.265853882, 189.683807373, 190.090148926, 190.508117676, 190.926071167, 191.344039917, 191.75038147, 192.156738281, 192.551467896, 192.957824707, 193.352554321, 193.770523071, 194.188476563, 194.606430054, 195.024398804, 195.442352295, 195.860321045, 196.278274536, 196.684616089, 197.0909729, 197.508926392, 197.926895142, 198.344848633, 198.751205444, 199.157546997, 199.575500488, 199.993469238, 200.399810791, 200.806167603, 201.212509155, 201.618865967, 202.036819458, 202.454788208, 202.872741699, 203.29069519, 203.697052002, 204.115005493, 204.521362305, 204.939315796, 205.357269287, 205.775238037, 206.193191528, 206.611160278, 207.02911377, 207.447067261, 207.853424072, 208.271377563, 208.700942993, 209.118911743, 209.525253296, 209.931610107, 210.349563599, 210.75592041, 211.162261963, 211.580215454, 212.009796143], "beats_loudness": {"dmean2": 0.0823360681534, "median": 0.0385574884713, "min": 5.28737675864e-09, "dvar2": 0.00335450377315, "dvar": 0.00119263888337, "dmean": 0.046725448221, "max": 0.159647881985, "var": 0.00156511855312, "mean": 0.0481481291354}, "danceability": 1.22339880466, "bpm_histogram_second_peak_weight": {"dmean2": 0, "median": 0.0235294122249, "min": 0.0235294122249, "dvar2": 0, "dvar": 0, "dmean": 0, "max": 0.0235294122249, "var": 0, "mean": 0.0235294122249}, "beats_count": 511, "bpm_histogram_second_peak_bpm": {"dmean2": 0, "median": 152, "min": 152, "dvar2": 0, "dvar": 0, "dmean": 0, "max": 152, "var": 0, "mean": 152}, "bpm_histogram_first_peak_spread": {"dmean2": 0, "median": 0.334008097649, "min": 0.334008097649, "dvar2": 0, "dvar": 0, "dmean": 0, "max": 0.334008097649, "var": 0, "mean": 0.334008097649}, "beats_loudness_band_ratio": {"dmean2": [0.994440257549, 0.103018946946, 0.149352952838, 0.157433256507, 0.264528721571, 0.549058675766], "median": [0.636768877506, 0.00828513130546, 0.0146029535681, 0.0263892635703, 0.0743455588818, 0.0449058189988], "min": [3.11224430334e-05, 1.77111032826e-05, 2.04450243473e-05, 2.0640241928e-05, 2.01982747967e-05, 3.26874624079e-06], "dvar2": [0.392958670855, 0.0422887951136, 0.0441019050777, 0.0311794150621, 0.0479133576155, 0.237482428551], "dvar": [0.140436932445, 0.0140567505732, 0.014743976295, 0.0112150786445, 0.0193802956492, 0.0739767327905], "dmean": [0.526856839657, 0.055949497968, 0.0824494957924, 0.0892285183072, 0.149398133159, 0.283506542444], "max": [0.999826192856, 0.808003306389, 0.774615764618, 0.667852044106, 0.850704431534, 0.999436199665], "var": [0.177740767598, 0.0107724098489, 0.0141207342967, 0.0128633081913, 0.0237878542393, 0.0634764581919], "mean": [0.521696746349, 0.0417450293899, 0.0649477690458, 0.0781059637666, 0.128303572536, 0.174316972494]}}, "lowlevel": {"barkbands_spread": {"dmean2": 14.4722032547, "median": 19.5601081848, "min": 0.0269291736186, "dvar2": 286.275177002, "dvar": 124.757675171, "dmean": 9.21922397614, "max": 120.120697021, "var": 317.828765869, "mean": 22.7376537323}, "melbands_spread": {"dmean2": 22.4339237213, "median": 28.5445213318, "min": 0.175698399544, "dvar2": 759.842834473, "dvar": 352.100311279, "dmean": 14.4196071625, "max": 210.15637207, "var": 1247.06518555, "mean": 36.9853401184}, "hfc": {"dmean2": 14.4016427994, "median": 7.05305480957, "min": 1.17787144331e-16, "dvar2": 773.946166992, "dvar": 346.874206543, "dmean": 9.73549079895, "max": 202.705459595, "var": 699.884216309, "mean": 18.1225624084}, "barkbands_kurtosis": {"dmean2": 64.7123031616, "median": 1.24261569977, "min": -1.93574619293, "dvar2": 50774.7617188, "dvar": 25970.59375, "dmean": 44.3849868774, "max": 4640.47412109, "var": 78547.375, "mean": 72.2063980103}, "gfcc": {"mean": [-107.836624146, 83.7825698853, -145.968780518, 53.8739967346, -20.1992473602, 17.3408508301, -9.31986236572, 11.2762308121, -8.46138095856, 8.66581726074, -13.103676796, 0.709031283855, -8.59244346619], "icov": [[9.61848782026e-05, -9.14331903914e-05, 6.64060789859e-05, -3.21084662573e-05, 6.33026866126e-05, -0.00035301069147, 0.000401571451221, -0.000283837405732, 0.000204360330827, -0.000123849677038, -0.000117546012916, 0.000116615541629, 5.26663689016e-06], [-9.14331903914e-05, 0.00106841058005, -4.13804809796e-06, 0.000286561378743, -0.000378870492568, 0.000689433712978, -0.000658195000142, 0.00113814137876, -0.000793000333942, 0.000977241899818, -0.000940407800954, 0.00109672883991, -0.000929790898226], [6.64060789859e-05, -4.13804809796e-06, 0.000753526226617, -0.000193178362679, -0.000531920231879, 3.97389922e-05, -3.03398337564e-05, 3.75719064323e-05, 0.000436594651546, -0.000597586215008, 0.000557672290597, 6.29796631983e-05, 0.000377793650841], [-3.21084662573e-05, 0.000286561378743, -0.000193178362679, 0.00141514814459, -0.000641225196887, -0.000492149905767, -0.000113711343147, 0.000483589334181, -0.000356282253051, 0.000561452878173, -0.000188013378647, 0.000412212568335, 0.000297741236864], [6.33026866126e-05, -0.000378870492568, -0.000531920231879, -0.000641225196887, 0.00331484200433, -0.000704088131897, -2.78107418126e-05, -0.00129508436657, -0.000541453831829, 0.0015498836292, -0.00202372134663, 0.00139109452721, -0.00113142677583], [-0.00035301069147, 0.000689433712978, 3.97389922e-05, -0.000492149905767, -0.000704088131897, 0.00836164224893, -0.00611543888226, 0.0018106198404, 0.000140442571137, -0.00282963155769, 0.00440601957962, -0.00263487594202, 0.000674055074342], [0.000401571451221, -0.000658195000142, -3.03398337564e-05, -0.000113711343147, -2.78107418126e-05, -0.00611543888226, 0.0106648076326, -0.00453778216615, -0.000749662111048, 0.00314519344829, -0.00684892199934, 0.00607369281352, -0.00165262247901], [-0.000283837405732, 0.00113814137876, 3.75719064323e-05, 0.000483589334181, -0.00129508436657, 0.0018106198404, -0.00453778216615, 0.0121208596975, -0.00505458237603, -0.0023895141203, 0.00695668114349, -0.00655226316303, 0.00395394722], [0.000204360330827, -0.000793000333942, 0.000436594651546, -0.000356282253051, -0.000541453831829, 0.000140442571137, -0.000749662111048, -0.00505458237603, 0.0111637124792, -0.00195566145703, -0.002996976953, 0.00259737973101, -0.00412563513964], [-0.000123849677038, 0.000977241899818, -0.000597586215008, 0.000561452878173, 0.0015498836292, -0.00282963155769, 0.00314519344829, -0.0023895141203, -0.00195566145703, 0.0148537913337, -0.00781211396679, 0.00139447301626, 0.00132015021518], [-0.000117546012916, -0.000940407800954, 0.000557672290597, -0.000188013378647, -0.00202372134663, 0.00440601957962, -0.00684892199934, 0.00695668114349, -0.002996976953, -0.00781211396679, 0.0215034857392, -0.0118026779965, 0.000723833334632], [0.000116615541629, 0.00109672883991, 6.29796631983e-05, 0.000412212568335, 0.00139109452721, -0.00263487594202, 0.00607369281352, -0.00655226316303, 0.00259737973101, 0.00139447301626, -0.0118026779965, 0.0230378750712, -0.00762338005006], [5.26663689016e-06, -0.000929790898226, 0.000377793650841, 0.000297741236864, -0.00113142677583, 0.000674055074342, -0.00165262247901, 0.00395394722, -0.00412563513964, 0.00132015021518, 0.000723833334632, -0.00762338005006, 0.0212135203183]], "cov": [[19054.2382813, -1866.18505859, -1898.34399414, -663.860534668, -1622.67053223, 371.207092285, -1155.82543945, 284.442749023, -665.484375, 477.608306885, -378.30847168, 278.279693604, -331.035614014], [-1866.18505859, 3181.18310547, -41.5107841492, 9.37932014465, 820.039611816, -205.548553467, 501.113922119, -335.163146973, 389.208953857, -282.359283447, 357.41494751, -184.601379395, 307.011016846], [-1898.34399414, -41.5107841492, 2042.23120117, 568.350585938, 514.892883301, 103.469230652, 180.418197632, 18.5592861176, 3.44877076149, -32.9448280334, -48.1397781372, -103.21308136, -43.6527442932], [-663.860534668, 9.37932014465, 568.350585938, 1113.80981445, 444.503570557, 181.284591675, 224.081604004, 14.1442775726, 75.7611618042, -60.9073257446, 6.55851697922, -82.4635696411, -3.74449396133], [-1622.67053223, 820.039611816, 514.892883301, 444.503570557, 859.721801758, 77.9287796021, 367.752258301, -12.9761486053, 218.177612305, -119.664596558, 133.442901611, -97.9009170532, 105.525054932], [371.207092285, -205.548553467, 103.469230652, 181.284591675, 77.9287796021, 282.545227051, 144.750335693, 69.6203765869, 14.2567157745, 30.7337379456, -27.2637310028, -11.1634988785, -22.2311248779], [-1155.82543945, 501.113922119, 180.418197632, 224.081604004, 367.752258301, 144.750335693, 413.137298584, 31.1188163757, 171.531723022, -61.1466369629, 99.8464202881, -71.029510498, 65.5249633789], [284.442749023, -335.163146973, 18.5592861176, 14.1442775726, -12.9761486053, 69.6203765869, 31.1188163757, 197.139526367, 36.9941673279, 47.0546340942, -42.9542732239, 29.869020462, -36.0484199524], [-665.484375, 389.208953857, 3.44877076149, 75.7611618042, 218.177612305, 14.2567157745, 171.531723022, 36.9941673279, 220.808456421, -13.7194833755, 86.7129669189, -20.1199417114, 67.3586120605], [477.608306885, -282.359283447, -32.9448280334, -60.9073257446, -119.664596558, 30.7337379456, -61.1466369629, 47.0546340942, -13.7194833755, 130.196716309, 6.68264245987, 40.0955963135, -28.5353527069], [-378.30847168, 357.41494751, -48.1397781372, 6.55851697922, 133.442901611, -27.2637310028, 99.8464202881, -42.9542732239, 86.7129669189, 6.68264245987, 149.327545166, 21.1219787598, 59.2362709045], [278.279693604, -184.601379395, -103.21308136, -82.4635696411, -97.9009170532, -11.1634988785, -71.029510498, 29.869020462, -20.1199417114, 40.0955963135, 21.1219787598, 97.2786941528, 6.69739246368], [-331.035614014, 307.011016846, -43.6527442932, -3.74449396133, 105.525054932, -22.2311248779, 65.5249633789, -36.0484199524, 67.3586120605, -28.5353527069, 59.2362709045, 6.69739246368, 94.9278640747]]}, "spectral_energyband_middle_low": {"dmean2": 0.00241155549884, "median": 0.000422339944635, "min": 3.8935629732e-22, "dvar2": 2.68681087618e-05, "dvar": 1.31886736199e-05, "dmean": 0.001616100315, "max": 0.0593638755381, "var": 2.71469998552e-05, "mean": 0.00241022882983}, "melbands_crest": {"dmean2": 6.24416446686, "median": 17.383556366, "min": 1.60565793514, "dvar2": 36.3567276001, "dvar": 16.414390564, "dmean": 4.03670072556, "max": 36.6874313354, "var": 77.3333282471, "mean": 17.4708480835}, "spectral_kurtosis": {"dmean2": 5.33209943771, "median": 4.45145225525, "min": -1.26803255081, "dvar2": 46.3620414734, "dvar": 16.613817215, "dmean": 3.07820773125, "max": 102.017951965, "var": 36.2453689575, "mean": 6.19932842255}, "spectral_rms": {"dmean2": 0.00144405348692, "median": 0.00319122849032, "min": 3.28108937589e-12, "dvar2": 3.10093128064e-06, "dvar": 1.99111195798e-06, "dmean": 0.00109557330143, "max": 0.0129318032414, "var": 9.76382307272e-06, "mean": 0.00409811129794}, "zerocrossingrate": {"dmean2": 0.0186916198581, "median": 0.06201171875, "min": 0.001953125, "dvar2": 0.000651600945275, "dvar": 0.000589198840316, "dmean": 0.0172948464751, "max": 0.794921875, "var": 0.00603305548429, "mean": 0.0746702700853}, "silence_rate_60dB": {"dmean2": 0.188852459192, "median": 0, "min": 0, "dvar2": 0.173724129796, "dvar": 0.085498072207, "dmean": 0.094415910542, "max": 1, "var": 0.200112476945, "mean": 0.276660829782}, "erbbands_kurtosis": {"dmean2": 3.60745692253, "median": 0.930233836174, "min": -1.93944323063, "dvar2": 56.7688369751, "dvar": 26.3650550842, "dmean": 2.29096722603, "max": 130.709197998, "var": 50.0260887146, "mean": 2.51227092743}, "erbbands": {"dmean2": [0.364843338728, 2.82752776146, 2.59556651115, 1.93470025063, 1.20860683918, 1.71964585781, 1.90965735912, 6.47895002365, 5.5421795845, 6.24636173248, 7.87236261368, 13.5050773621, 13.729429245, 20.1617069244, 16.297662735, 27.348985672, 20.6005916595, 46.6727256775, 57.793598175, 27.4208946228, 28.0815258026, 38.7451095581, 24.8023452759, 15.1070642471, 15.3629407883, 11.0247974396, 10.9324026108, 7.15963411331, 4.11846208572, 3.99472332001, 2.67721819878, 1.67952287197, 0.933455109596, 0.625942468643, 0.77654927969, 1.0164911747, 0.430378913879, 0.029490403831, 0.000925729575101, 5.16208892805e-05], "median": [0.0308128464967, 0.205371230841, 0.162343859673, 0.13964304328, 0.162662446499, 0.11323788017, 0.0979634672403, 0.110546939075, 0.176219373941, 0.300009429455, 0.480244934559, 0.763969063759, 0.709671914577, 1.44626033306, 1.83503651619, 1.90009427071, 2.65343475342, 4.91450691223, 7.83034038544, 6.48016738892, 5.3628745079, 6.18403625488, 6.33552932739, 5.13253116608, 4.01273775101, 2.60989928246, 2.51795554161, 1.23941600323, 0.608476758003, 0.351623028517, 0.126000732183, 0.0436342693865, 0.0145878549665, 0.00565364956856, 0.00305735133588, 0.00184083986096, 0.000552195240743, 5.6023884099e-05, 1.50853948071e-05, 1.6762449377e-05], "min": [4.94014839647e-22, 1.00708116745e-20, 3.39209126996e-20, 1.1477669959e-19, 1.63126336972e-19, 2.67651787231e-19, 3.97629132574e-19, 4.73869852645e-19, 8.04947652049e-19, 1.26617704756e-18, 1.22605320438e-18, 1.37485213984e-18, 2.03103259949e-18, 1.20149907168e-18, 2.11798644586e-18, 3.10225796252e-18, 4.89904087075e-18, 4.12756177347e-18, 6.77299042435e-18, 1.01070568614e-17, 1.07831405273e-17, 1.32883273228e-17, 9.30624924827e-18, 1.11332116344e-17, 1.25960689671e-17, 1.59381028078e-17, 1.86876875599e-17, 1.64617858905e-17, 1.98797458124e-17, 2.59188690419e-17, 2.93432296874e-17, 1.58734569885e-17, 1.76871199647e-17, 1.40092201897e-17, 9.14945054571e-18, 6.19777729819e-18, 3.1113426804e-18, 1.25646439621e-18, 3.12925114066e-19, 3.61191742581e-20], "dvar2": [0.507996082306, 36.7117614746, 65.9830932617, 44.9830818176, 10.6789236069, 40.6903953552, 45.2592353821, 641.30065918, 373.696929932, 395.353393555, 627.599243164, 2670.23046875, 2398.36987305, 5020.92675781, 2588.3125, 14747.3242188, 2506.78613281, 15930.1435547, 26291.8671875, 5942.26269531, 8763.97851563, 13630.9267578, 4683.47412109, 968.40625, 1140.08886719, 565.516418457, 733.814575195, 319.779846191, 107.94442749, 119.828102112, 66.1842727661, 30.9142551422, 10.7420701981, 5.06648015976, 8.35834884644, 14.1783456802, 2.69983363152, 0.0136508056894, 1.32287250381e-05, 1.87608630853e-08], "dvar": [0.314309746027, 18.9519081116, 26.0802288055, 15.92993927, 4.39213991165, 18.1940917969, 22.2631797791, 362.310394287, 167.390136719, 174.446273804, 241.13470459, 1036.5480957, 1207.80761719, 2261.49975586, 988.33984375, 5272.73925781, 1088.2409668, 7397.81640625, 11523.1230469, 2245.04638672, 3126.18701172, 5632.01025391, 2017.49584961, 397.449279785, 461.607574463, 239.358917236, 330.117431641, 137.313903809, 47.7430114746, 52.1967849731, 29.3106384277, 13.4061088562, 4.60303211212, 2.20253777504, 3.60465931892, 6.09564256668, 1.13760948181, 0.00569561915472, 5.49640844838e-06, 7.95640353601e-09], "dmean": [0.257218331099, 1.9485656023, 1.64860033989, 1.10882103443, 0.749317705631, 1.07120573521, 1.25115132332, 4.44106340408, 3.5500023365, 4.0212020874, 4.76727199554, 8.79763412476, 9.67359828949, 13.2978782654, 9.93835735321, 16.7089385986, 13.1095294952, 30.25548172, 37.6880111694, 16.9171619415, 16.730682373, 23.9101028442, 15.4022750854, 9.47207164764, 9.85753822327, 6.97343206406, 7.2495970726, 4.57415962219, 2.72742915154, 2.63166475296, 1.76835429668, 1.0987637043, 0.608096837997, 0.412817686796, 0.507790029049, 0.654042899609, 0.274739027023, 0.0187738556415, 0.000592186755966, 3.46802044078e-05], "max": [6.76867628098, 37.25258255, 77.7101745605, 53.2312545776, 46.5621948242, 127.94367218, 214.519180298, 509.222412109, 445.16116333, 307.767578125, 440.408752441, 822.422973633, 1139.67480469, 1656.50097656, 679.350402832, 3290.66333008, 722.981628418, 2246.71069336, 2881.31958008, 1270.16052246, 1495.3302002, 2054.57714844, 3044.28149414, 386.502227783, 542.264770508, 234.772872925, 683.822021484, 184.5834198, 118.390312195, 90.0697402954, 72.0460968018, 48.6104545593, 31.5378055573, 21.8756256104, 26.479839325, 30.8784236908, 12.6200628281, 1.07193291187, 0.0361186824739, 0.00126510753762], "var": [1.22196304798, 46.4431152344, 26.7556648254, 11.1164064407, 4.42858362198, 23.9397544861, 50.7184638977, 633.772277832, 223.396850586, 253.65435791, 256.060638428, 1921.51721191, 3123.13500977, 4768.15039063, 1360.13720703, 10148.1992188, 2782.75439453, 22771.8417969, 44367.8828125, 3436.27416992, 2906.46704102, 11266.4501953, 4514.70947266, 694.893005371, 884.336547852, 332.171295166, 476.531311035, 167.375976563, 57.2257843018, 59.8336982727, 34.2748260498, 14.6463956833, 5.00931549072, 2.43911719322, 3.81568241119, 6.16817522049, 1.07221317291, 0.00515801087022, 4.98127519677e-06, 8.80711592544e-09], "mean": [0.531573116779, 3.59813475609, 2.26285982132, 1.17710232735, 0.840402960777, 1.16432332993, 1.66105496883, 5.46435451508, 3.83201336861, 4.64632368088, 5.07958173752, 12.953291893, 17.066411972, 19.9682369232, 12.8987951279, 23.0056915283, 21.0038719177, 52.6181259155, 75.975112915, 27.4312934875, 20.8950080872, 35.4735717773, 24.8765869141, 14.9793519974, 15.2124023438, 9.71376895905, 9.98472881317, 5.65525531769, 3.28761959076, 2.9352786541, 1.91096377373, 1.13454687595, 0.617664575577, 0.409397482872, 0.487603038549, 0.608504652977, 0.244090661407, 0.0163893867284, 0.000524788280018, 5.1236616855e-05]}, "spectral_strongpeak": {"dmean2": 1.07852983475, "median": 0.488144218922, "min": 0, "dvar2": 3.76551532745, "dvar": 1.62487602234, "dmean": 0.658753097057, "max": 18.7759990692, "var": 3.92756414413, "mean": 1.16395676136}, "spectral_energy": {"dmean2": 0.016245059669, "median": 0.0104385372251, "min": 1.10346863067e-20, "dvar2": 0.00066311378032, "dvar": 0.000378090073355, "dmean": 0.011779143475, "max": 0.171412333846, "var": 0.00121741835028, "mean": 0.0272221975029}, "average_loudness": 0.880990564823, "spectral_rolloff": {"dmean2": 1244.09741211, "median": 1765.72265625, "min": 43.06640625, "dvar2": 4831992, "dvar": 2484911.25, "dmean": 777.282348633, "max": 19229.1503906, "var": 7086402, "mean": 2248.48754883}, "spectral_centroid": {"dmean2": 497.374053955, "median": 2083.9050293, "min": 71.8866958618, "dvar2": 307386.75, "dvar": 181976.46875, "dmean": 345.10357666, "max": 11055.4726563, "var": 969046.375, "mean": 2035.9786377}, "pitch_salience": {"dmean2": 0.151689678431, "median": 0.467340648174, "min": 0.0203211829066, "dvar2": 0.0227869767696, "dvar": 0.0107445344329, "dmean": 0.0980369374156, "max": 0.962008774281, "var": 0.0456350892782, "mean": 0.432878613472}, "spectral_energyband_middle_high": {"dmean2": 0.00401834072545, "median": 0.0012952653924, "min": 1.53433057315e-21, "dvar2": 5.92073774897e-05, "dvar": 2.59674998233e-05, "dmean": 0.00261733075604, "max": 0.0786998569965, "var": 0.000104744503915, "mean": 0.00577955460176}, "spectral_contrast_coeffs": {"dmean2": [0.0878903493285, 0.0767787620425, 0.0572299361229, 0.0495932251215, 0.0376088619232, 0.0300283171237], "median": [-0.71819794178, -0.809882521629, -0.828644394875, -0.806427180767, -0.801135838032, -0.706717789173], "min": [-0.966995358467, -0.972918987274, -0.974364697933, -0.959790885448, -0.957079529762, -0.957116603851], "dvar2": [0.00489964196458, 0.00391214154661, 0.00220762914978, 0.0016821246827, 0.00108786195051, 0.000743145006709], "dvar": [0.00211383518763, 0.00156544498168, 0.000960068427958, 0.000677088042721, 0.000430933374446, 0.000321894389344], "dmean": [0.0554950907826, 0.0471763424575, 0.0355354882777, 0.0303851589561, 0.0228451527655, 0.0188848525286], "max": [-0.371859967709, -0.372502118349, -0.494878470898, -0.493880033493, -0.538478672504, -0.523589253426], "var": [0.00799213722348, 0.00603011762723, 0.00675930548459, 0.0047270222567, 0.00232109148055, 0.00215097749606], "mean": [-0.710360825062, -0.794238090515, -0.80463963747, -0.792432248592, -0.796461760998, -0.708526194096]}, "melbands_skewness": {"dmean2": 2.59599971771, "median": 1.70190489292, "min": -2.94013905525, "dvar2": 10.9064340591, "dvar": 5.36897993088, "dmean": 1.79803538322, "max": 24.8837432861, "var": 26.4261703491, "mean": 3.93918037415}, "spectral_spread": {"dmean2": 742299.125, "median": 2929063.5, "min": 740784.4375, "dvar2": 1053018816510.0, "dvar": 615696171008, "dmean": 512453.09375, "max": 43302700, "var": 4180063289340.0, "mean": 3317105.75}, "dissonance": {"dmean2": 0.0180712267756, "median": 0.491329014301, "min": 0.218923211098, "dvar2": 0.000597189646214, "dvar": 0.00022255924705, "dmean": 0.0107010779902, "max": 0.500000059605, "var": 0.000466028141091, "mean": 0.482882469893}, "spectral_skewness": {"dmean2": 0.547835707664, "median": 1.22249698639, "min": -0.03800560534, "dvar2": 0.334867805243, "dvar": 0.125437483191, "dmean": 0.327277749777, "max": 7.87760257721, "var": 0.439300149679, "mean": 1.32048797607}, "spectral_flux": {"dmean2": 0.0497031360865, "median": 0.0522831566632, "min": 1.05046117638e-10, "dvar2": 0.00356620363891, "dvar": 0.00164898391813, "dmean": 0.0317179299891, "max": 0.3511903584, "var": 0.00332882837392, "mean": 0.0694434568286}, "spectral_contrast_valleys": {"dmean2": [0.789279878139, 0.868135750294, 0.723279774189, 0.617832422256, 0.538678646088, 0.700346291065], "median": [-8.26005363464, -8.25118732452, -8.05362892151, -7.81858587265, -7.60040187836, -11.6369018555], "min": [-26.8442840576, -27.5217723846, -27.1156177521, -27.2616958618, -27.2938194275, -27.3985271454], "dvar2": [0.434443354607, 0.63791936636, 0.509380996227, 0.414373040199, 0.394507080317, 0.817643523216], "dvar": [0.2158536762, 0.301614403725, 0.257250636816, 0.210857912898, 0.213532373309, 0.49754434824], "dmean": [0.505422472954, 0.565094649792, 0.471752732992, 0.399617612362, 0.371344089508, 0.559595525265], "max": [-5.37858629227, -4.94717884064, -5.36573457718, -5.37918758392, -5.35438966751, -7.90003252029], "var": [1.83863413334, 1.87514293194, 2.00067400932, 1.96956884861, 2.01975417137, 2.86022400856], "mean": [-8.33098888397, -8.27609443665, -8.2507276535, -8.04766654968, -7.84420776367, -11.6854305267]}, "erbbands_flatness_db": {"dmean2": 0.0363506153226, "median": 0.201946109533, "min": 0.0343938022852, "dvar2": 0.00145335507113, "dvar": 0.000747745390981, "dmean": 0.0250031724572, "max": 0.433260053396, "var": 0.00318896723911, "mean": 0.205153569579}, "spectral_energyband_high": {"dmean2": 0.000874755205587, "median": 0.000113508984214, "min": 8.15052803836e-21, "dvar2": 6.10925053479e-06, "dvar": 2.74138346867e-06, "dmean": 0.000588451919612, "max": 0.0178922079504, "var": 3.34271885549e-06, "mean": 0.000702139455825}, "spectral_entropy": {"dmean2": 0.278416574001, "median": 7.64644670486, "min": 4.18231964111, "dvar2": 0.115819871426, "dvar": 0.0650780871511, "dmean": 0.194297492504, "max": 9.78490352631, "var": 0.300145536661, "mean": 7.54546737671}, "silence_rate_20dB": {"dmean2": 0, "median": 1, "min": 1, "dvar2": 0, "dvar": 0, "dmean": 0, "max": 1, "var": 0, "mean": 1}, "melbands_flatness_db": {"dmean2": 0.0716815218329, "median": 0.214204370975, "min": 0.00322211231105, "dvar2": 0.00548955379054, "dvar": 0.00338891195133, "dmean": 0.0523054786026, "max": 0.823222517967, "var": 0.0243797414005, "mean": 0.250004351139}, "barkbands": {"dmean2": [0.000281040120171, 0.0124652897939, 0.00182083959226, 0.000519025081303, 0.000434548506746, 0.000579046434723, 0.000440296775196, 0.000292581273243, 0.000712424342055, 0.000495417159982, 0.000415758579038, 0.000618078629486, 0.000643192848656, 0.000947685970459, 0.000949039647821, 0.000439907453256, 0.000683828780893, 0.000417978473706, 0.000330307288095, 0.000239978020545, 0.000220570975216, 0.000120282093121, 9.85722872429e-05, 6.54701289022e-05, 8.03904113127e-05, 0.000228143675486, 3.96529685531e-06], "median": [2.32760430663e-05, 0.0010355997365, 7.06202336005e-05, 3.60516423825e-05, 4.67898280476e-05, 1.23111749417e-05, 1.53282489919e-05, 1.45276089825e-05, 3.39925245498e-05, 2.5016037398e-05, 3.45579246641e-05, 4.04001766583e-05, 5.41099288967e-05, 0.000108537919004, 0.000133652371005, 7.82177885412e-05, 0.000110194363515, 0.000106233012048, 9.0766021458e-05, 5.53815516469e-05, 4.62027164758e-05, 1.59188730322e-05, 5.46605815543e-06, 1.3067067357e-06, 4.52323092759e-07, 3.47283503288e-07, 8.7333313914e-09], "min": [1.35281740859e-23, 3.53876880522e-23, 2.77849369484e-23, 5.74040954084e-23, 7.48628935946e-23, 5.45429789467e-23, 6.06766690965e-23, 6.11018146373e-23, 7.32015020411e-23, 4.67666752884e-23, 4.27519601933e-23, 7.07605644519e-23, 1.1233533276e-22, 6.61588737345e-23, 2.03352930179e-22, 1.80168522745e-22, 2.45517772755e-22, 1.52983189504e-22, 2.12419340117e-22, 3.72782140374e-22, 4.2452126785e-22, 5.85749139287e-22, 1.01235436308e-21, 9.15883313423e-22, 1.23964000784e-21, 1.65344639889e-21, 2.42803480347e-21], "dvar2": [4.96739460232e-07, 0.000636814336758, 4.50653933513e-05, 2.85095848085e-06, 1.75881871201e-06, 4.91595119456e-06, 2.25236681217e-06, 8.30996555123e-07, 6.80221728544e-06, 4.23043820774e-06, 1.69778343206e-06, 7.172710