{"tonal": {"thpcp": [1, 0.987543702126, 0.580328941345, 0.403340518475, 0.369289368391, 0.382818222046, 0.588039219379, 0.631430149078, 0.666822433472, 0.857067286968, 0.570548534393, 0.305588841438, 0.61946105957, 0.741985857487, 0.498114049435, 0.483947604895, 0.48039239645, 0.359102249146, 0.371871501207, 0.39952814579, 0.463373363018, 0.690903127193, 0.659955501556, 0.36849591136, 0.253043681383, 0.283419728279, 0.394270002842, 0.667421162128, 0.676061570644, 0.352025866508, 0.21127961576, 0.199513345957, 0.261873245239, 0.5126298666, 0.676349878311, 0.71431261301], "hpcp": {"dmean2": [0.270599424839, 0.257332801819, 0.174886003137, 0.145060628653, 0.162316143513, 0.193777561188, 0.236920073628, 0.242235824466, 0.154061302543, 0.123804084957, 0.124976471066, 0.153909191489, 0.226478308439, 0.298279196024, 0.308165729046, 0.354956507683, 0.351688832045, 0.289510190487, 0.244698882103, 0.201501622796, 0.211992248893, 0.22369235754, 0.231364101171, 0.282529860735, 0.417288243771, 0.274121671915, 0.144165992737, 0.211345821619, 0.250972479582, 0.182645499706, 0.190380290151, 0.213986501098, 0.191540628672, 0.221938088536, 0.249532625079, 0.241775795817], "median": [0.0391987636685, 0.0362195633352, 0.0199052207172, 0.0104574281722, 0.0102638546377, 0.0184799451381, 0.0333927795291, 0.0292882695794, 0.0190449096262, 0.00834013521671, 0.00724171008915, 0.00961389765143, 0.023066688329, 0.0318285524845, 0.045287951827, 0.0560035929084, 0.0624935403466, 0.0281215216964, 0.0116352140903, 0.00942112971097, 0.011800436303, 0.0254541449249, 0.024784212932, 0.0381370559335, 0.0254099816084, 0.0176412202418, 0.0121845426038, 0.0349637567997, 0.0406761020422, 0.0270801149309, 0.0124330222607, 0.0119735449553, 0.0117863044143, 0.0116859916598, 0.0114452680573, 0.0181874111295], "min": [0, 0, 0, 0, 0, 0, 0, 0, 0, 0, 0, 0, 0, 0, 0, 0, 0, 0, 0, 0, 0, 0, 0, 0, 0, 0, 0, 0, 0, 0, 0, 0, 0, 0, 0, 0], "dvar2": [0.138994500041, 0.128883242607, 0.0929658934474, 0.0846975371242, 0.0944884866476, 0.102977797389, 0.111735120416, 0.120978564024, 0.067419745028, 0.070299603045, 0.0688250362873, 0.0854874178767, 0.112254500389, 0.150413691998, 0.144789516926, 0.170961633325, 0.168680548668, 0.162450492382, 0.15798419714, 0.120197251439, 0.135140433908, 0.110231161118, 0.122464545071, 0.103834748268, 0.261191338301, 0.110541447997, 0.0697740539908, 0.0837507620454, 0.114067442715, 0.0709794014692, 0.107924610376, 0.130054414272, 0.108691982925, 0.139429777861, 0.157622814178, 0.141155898571], "dvar": [0.054378092289, 0.0510886907578, 0.0335447154939, 0.0303564723581, 0.034616574645, 0.0388394445181, 0.0463595502079, 0.0514045283198, 0.0250788871199, 0.0254086107016, 0.024653268978, 0.0303758345544, 0.0439644902945, 0.0615043751895, 0.0566324926913, 0.0720664858818, 0.0701741725206, 0.060244359076, 0.0582264624536, 0.048007555306, 0.0486097745597, 0.0449722185731, 0.0545128881931, 0.0437787808478, 0.12452635169, 0.051540505141, 0.0282187070698, 0.0352439321578, 0.0531577132642, 0.0310899615288, 0.0430613048375, 0.0499306879938, 0.0400084927678, 0.0518629550934, 0.0577703751624, 0.052004750818], "dmean": [0.156726583838, 0.150542318821, 0.0989616438746, 0.0798110738397, 0.0897937566042, 0.110374800861, 0.140144184232, 0.142049923539, 0.0883476138115, 0.0678055584431, 0.0671794489026, 0.0837409794331, 0.130897879601, 0.170869737864, 0.176142707467, 0.205307707191, 0.203149110079, 0.16015073657, 0.132561460137, 0.110098697245, 0.115899808705, 0.129060983658, 0.133058294654, 0.156190469861, 0.22230142355, 0.149012684822, 0.0830805301666, 0.127352356911, 0.150806292892, 0.110016033053, 0.108477778733, 0.122376434505, 0.107081227005, 0.121555075049, 0.135418072343, 0.133788257837], "max": [1, 1, 1, 1, 1, 1, 1, 1, 1, 1, 1, 1, 1, 1, 1, 1, 1, 1, 1, 1, 1, 1, 1, 1, 1, 1, 1, 1, 1, 1, 1, 1, 1, 1, 1, 1], "var": [0.0671466961503, 0.0636374726892, 0.029024835676, 0.0221545398235, 0.0263700988144, 0.0359554290771, 0.0671875476837, 0.0740558132529, 0.0240412484854, 0.0182147938758, 0.0165936965495, 0.0215615183115, 0.0466209277511, 0.0690851956606, 0.0645649954677, 0.104564875364, 0.102063037455, 0.0546476952732, 0.0437308363616, 0.0428189337254, 0.0415417142212, 0.0571721866727, 0.0752991735935, 0.0486828014255, 0.12343147397, 0.053644310683, 0.0280048623681, 0.0525276400149, 0.079192571342, 0.0416269414127, 0.0593509972095, 0.0538513846695, 0.0331069044769, 0.0390706583858, 0.0422740653157, 0.0446998476982], "mean": [0.163872346282, 0.156532004476, 0.0874019637704, 0.0600183419883, 0.0672231093049, 0.0935152098536, 0.158302754164, 0.160352140665, 0.0834955051541, 0.0501125045121, 0.0473217144608, 0.0621125921607, 0.121588468552, 0.160420522094, 0.16942474246, 0.237185701728, 0.234231248498, 0.137645721436, 0.0956666022539, 0.0875901579857, 0.0907990112901, 0.139474496245, 0.149766206741, 0.158160746098, 0.203284099698, 0.135325953364, 0.0724813044071, 0.146927312016, 0.175988435745, 0.118145532906, 0.114785455167, 0.113942205906, 0.0851739197969, 0.0882026031613, 0.0947623625398, 0.109905533493]}, "tuning_equal_tempered_deviation": 0.202344983816, "chords_changes_rate": 0.0982272624969, "key_key": "D", "tuning_diatonic_strength": 0.644861996174, "key_scale": "major", "chords_number_rate": 0.00145306601189, "tuning_frequency": 434.193115234, "tuning_nontempered_energy_ratio": 0.918167233467, "chords_histogram": [25.0217952728, 10.0697469711, 5.52165079117, 2.12147641182, 1.59837257862, 0.14530660212, 0.0435919798911, 0.305143862963, 1.9180470705, 0.523103773594, 0.421389132738, 0, 0, 0, 0.058122638613, 0.973554193974, 0.610287725925, 24.3824462891, 0, 0, 0.116245277226, 1.62743389606, 8.22435379028, 16.3179302216], "key_strength": 0.655685901642, "chords_key": "D", "chords_strength": {"dmean2": 0.0149364424869, "median": 0.481126189232, "min": -1, "dvar2": 0.000691839610226, "dvar": 0.000369879126083, "dmean": 0.0127830244601, "max": 0.787707328796, "var": 0.0195853654295, "mean": 0.482176929712}, "chords_scale": "major", "hpcp_entropy": {"dmean2": 1.29124629498, "median": 2.01704573631, "min": 0, "dvar2": 1.03367447853, "dvar": 0.408755451441, "dmean": 0.774566173553, "max": 4.53484916687, "var": 0.830702543259, "mean": 2.00570750237}}, "metadata": {"audio_properties": {"equal_loudness": 0, "codec": "flac", "downmix": "mix", "sample_rate": 44100, "analysis_sample_rate": 44100, "bit_rate": 0, "md5_encoded": "e72a78b08dd5137b491825a489dcb622", "length": 319.506652832, "replay_gain": -15.3358097076, "lossless": true}, "version": {"essentia_build_sha": "2d9f1f26377add8aeb1075a9c2973f962c4f09fd", "essentia": "2.1-beta2", "extractor": "music 1.0", "essentia_git_sha": "v2.1_beta2-1-ge3940c0"}, "tags": {"title": ["DNA (Joe Nina mix)"], "barcode": ["829171101428"], "media": ["CD"], "albumartist": ["Qkumba Zoo"], "tracktotal": ["13"], "musicbrainz_releasegroupid": ["4b59037b-250f-4984-ad06-cbf209709f3c"], "releasetype": ["album", "compilation"], "musicbrainz_recordingid": ["0a85ecc1-f8c4-4fcc-9dc4-ebdf3c66fbff"], "musicbrainz_albumartistid": ["5cbd9528-7193-4af0-bbb8-50ad60b85270"], "originalyear": ["2011"], "musicbrainz_releasetrackid": ["4bcea313-c4f3-33fa-9127-1469cad77b00"], "discnumber": ["1"], "totaldiscs": ["1"], "album": ["letthelightin"], "catalognumber": ["102064"], "releasecountry": ["ZA"], "file_name": "10. Qkumba Zoo - DNA (Joe Nina mix).flac", "originaldate": ["2011-07-24"], "albumartistsort": ["Qkumba Zoo"], "date": ["2011-07-24"], "genre": ["Synthpop"], "disctotal": ["1"], "musicbrainz_artistid": ["5cbd9528-7193-4af0-bbb8-50ad60b85270"], "asin": ["B0059ZXR8I"], "musicbrainz_albumid": ["b61c796a-8500-49da-a88d-7a28cbdeb466"], "tracknumber": ["10"], "artistsort": ["Qkumba Zoo"], "artist": ["Qkumba Zoo"], "label": ["Souvenir Records"], "releasestatus": ["official"], "acoustid_id": ["09d58033-3f88-4207-b77a-db416d2a6761"], "script": ["Latn"], "totaltracks": ["13"]}}, "rhythm": {"bpm_histogram_first_peak_bpm": {"dmean2": 0, "median": 115, "min": 115, "dvar2": 0, "dvar": 0, "dmean": 0, "max": 115, "var": 0, "mean": 115}, "bpm": 115.999168396, "bpm_histogram_second_peak_spread": {"dmean2": 0, "median": 0, "min": 0, "dvar2": 0, "dvar": 0, "dmean": 0, "max": 0, "var": 0, "mean": 0}, "bpm_histogram_first_peak_weight": {"dmean2": 0, "median": 0.512195110321, "min": 0.512195110321, "dvar2": 0, "dvar": 0, "dmean": 0, "max": 0.512195110321, "var": 0, "mean": 0.512195110321}, "onset_rate": 5.26398468018, "beats_position": [0.545668900013, 1.07972788811, 1.60217678547, 2.11301589012, 2.63546490669, 3.15791368484, 3.66875267029, 4.19120168686, 4.7020406723, 5.21287965775, 5.73532867432, 6.25777769089, 6.78022670746, 7.2910656929, 7.80190467834, 8.32435321808, 8.84680271149, 9.35764122009, 9.86848068237, 10.3909292221, 10.9133787155, 11.4242172241, 11.9466667175, 12.4691152573, 12.9799547195, 13.4907932281, 14.0132427216, 14.5356912613, 15.0697498322, 15.6386394501, 16.2075271606, 16.7764167786, 17.3453063965, 17.8793640137, 18.4018135071, 18.9242630005, 19.4351024628, 19.9575500488, 20.4799995422, 20.9908390045, 21.5016784668, 22.0241260529, 22.5465755463, 23.0574150085, 23.5798625946, 24.102312088, 24.6131515503, 25.1239910126, 25.6464385986, 26.168888092, 26.6797275543, 27.2021770477, 27.7246246338, 28.2354640961, 28.7463035583, 29.2687530518, 29.7912006378, 30.3020401001, 30.8244895935, 31.3469390869, 31.8577766418, 32.3686180115, 32.8910636902, 33.4135131836, 33.9243545532, 34.4351921082, 34.9576416016, 35.480091095, 35.9909286499, 36.5017662048, 37.0242156982, 37.5466651917, 38.0575065613, 38.5683441162, 39.0907936096, 39.613243103, 40.124080658, 40.6349182129, 41.1573677063, 41.6798171997, 42.1906585693, 42.713104248, 43.2355537415, 43.7463951111, 44.257232666, 44.7796821594, 45.3021316528, 45.8129692078, 46.3354187012, 46.8578681946, 47.3687057495, 47.8795471191, 48.4019927979, 48.9244422913, 49.4352836609, 49.9577331543, 50.480178833, 50.9910202026, 51.5018577576, 52.024307251, 52.5467567444, 53.0575942993, 53.5684356689, 54.0908851624, 54.6133308411, 55.1241722107, 55.6466217041, 56.1690673828, 56.6799087524, 57.1907463074, 57.7131958008, 58.2356452942, 58.7464828491, 59.2689323425, 59.7913818359, 60.3022193909, 60.8130607605, 61.3355102539, 61.8579597473, 62.3687973022, 62.8796348572, 63.3904762268, 63.9013137817, 64.4121551514, 64.9229888916, 65.4338302612, 65.9562835693, 66.478729248, 66.9895706177, 67.5004043579, 68.022857666, 68.5453033447, 69.0561447144, 69.5785903931, 70.1010437012, 70.6118774414, 71.122718811, 71.6451721191, 72.1676177979, 72.6784591675, 73.1892929077, 73.7117462158, 74.2341918945, 74.7450332642, 75.2674789429, 75.789932251, 76.3007659912, 76.8116073608, 77.3340606689, 77.8565063477, 78.3673477173, 78.8781814575, 79.4006347656, 79.9230804443, 80.433921814, 80.9563674927, 81.4788208008, 81.9896621704, 82.5004959106, 83.0345535278, 83.5453948975, 84.0562362671, 84.5670700073, 85.1011352539, 85.6119689941, 86.1228103638, 86.6452560425, 87.1677093506, 87.6785507202, 88.1893844604, 88.7118377686, 89.2342834473, 89.7451248169, 90.2675704956, 90.7900238037, 91.3008575439, 91.8116989136, 92.3341445923, 92.8449859619, 93.36743927, 93.8782730103, 94.4007263184, 94.9231719971, 95.4340133667, 95.9448471069, 96.467300415, 96.9897460938, 97.5005874634, 98.011428833, 98.5338745117, 99.0563278198, 99.5671615601, 100.089614868, 100.612060547, 101.122901917, 101.633743286, 102.156188965, 102.678634644, 103.189476013, 103.711929321, 104.234375, 104.74521637, 105.25605011, 105.778503418, 106.300949097, 106.811790466, 107.334236145, 107.856689453, 108.367523193, 108.878364563, 109.400817871, 109.92326355, 110.434104919, 110.94493866, 111.467391968, 111.989837646, 112.500679016, 113.011520386, 113.533966064, 114.056411743, 114.567253113, 115.089706421, 115.6121521, 116.122993469, 116.633827209, 117.156280518, 117.678726196, 118.189567566, 118.700408936, 119.222854614, 119.745300293, 120.256141663, 120.778594971, 121.301040649, 121.811882019, 122.322715759, 122.845169067, 123.367614746, 123.878456116, 124.400901794, 124.923355103, 125.434196472, 125.945030212, 126.467483521, 126.989929199, 127.500770569, 128.011611938, 128.534057617, 129.056503296, 129.567337036, 130.089797974, 130.612243652, 131.123077393, 131.633926392, 132.15637207, 132.678817749, 133.189651489, 133.700500488, 134.222946167, 134.745391846, 135.256240845, 135.778686523, 136.301132202, 136.811965942, 137.322814941, 137.84526062, 138.367706299, 138.878540039, 139.389389038, 139.911834717, 140.434280396, 140.945129395, 141.467575073, 141.990020752, 142.500854492, 143.02331543, 143.545761108, 144.056594849, 144.567428589, 145.089889526, 145.612335205, 146.123168945, 146.634017944, 147.168075562, 147.678909302, 148.189743042, 148.700592041, 149.234649658, 149.745483398, 150.256317139, 150.778778076, 151.301223755, 151.812057495, 152.334503174, 152.856964111, 153.367797852, 153.878631592, 154.401092529, 154.923538208, 155.434371948, 155.945205688, 156.467666626, 156.990112305, 157.500946045, 158.011795044, 158.534240723, 159.056686401, 159.567520142, 160.078369141, 160.600814819, 161.123260498, 161.634094238, 162.156555176, 162.679000854, 163.189834595, 163.700683594, 164.223129272, 164.745574951, 165.256408691, 165.778869629, 166.301315308, 166.812149048, 167.322982788, 167.845443726, 168.367889404, 168.878723145, 169.389572144, 169.923629761, 170.434463501, 170.945297241, 171.467758179, 171.990203857, 172.501037598, 173.011871338, 173.534332275, 174.056777954, 174.567611694, 175.078460693, 175.600906372, 176.123352051, 176.634185791, 177.156646729, 177.679092407, 178.189926147, 178.700775146, 179.223220825, 179.745666504, 180.256500244, 180.767349243, 181.289794922, 181.812240601, 182.323074341, 182.845535278, 183.367980957, 183.878814697, 184.389663696, 184.912109375, 185.434555054, 185.945388794, 186.467849731, 186.99029541, 187.50112915, 188.011962891, 188.534423828, 189.056869507, 189.567703247, 190.078552246, 190.600997925, 191.123443604, 191.634277344, 192.145126343, 192.667572021, 193.1900177, 193.70085144, 194.211700439, 194.734146118, 195.256591797, 195.767440796, 196.289886475, 196.812332153, 197.323165894, 197.845626831, 198.36807251, 198.87890625, 199.401351929, 199.923812866, 200.434646606, 200.945480347, 201.456329346, 201.978775024, 202.501220703, 203.012054443, 203.534515381, 204.05696106, 204.5677948, 205.07862854, 205.601089478, 206.123535156, 206.634368896, 207.156814575, 207.679275513, 208.190109253, 208.700942993, 209.223403931, 209.745849609, 210.25668335, 210.76751709, 211.289978027, 211.812423706, 212.323257446, 212.834106445, 213.368164063, 213.878997803, 214.389831543, 214.91229248, 215.434738159, 215.945571899, 216.45640564, 216.978866577, 217.501312256, 218.012145996, 218.534591675, 219.057052612, 219.567886353, 220.090332031, 220.61277771, 221.123626709, 221.634460449, 222.145309448, 222.667755127, 223.190200806, 223.701034546, 224.223495483, 224.745941162, 225.256774902, 225.767608643, 226.29006958, 226.812515259, 227.323348999, 227.834197998, 228.356643677, 228.879089355, 229.389923096, 229.912384033, 230.434829712, 230.945663452, 231.456497192, 231.967346191, 232.48979187, 233.012237549, 233.523086548, 234.045532227, 234.567977905, 235.078811646, 235.589660645, 236.112106323, 236.634552002, 237.145385742, 237.66784668, 238.190292358, 238.701126099, 239.211975098, 239.734420776, 240.256866455, 240.767700195, 241.278549194, 241.800994873, 242.323440552, 242.834274292, 243.356735229, 243.879180908, 244.390014648, 244.900863647, 245.423309326, 245.945755005, 246.456588745, 246.967437744, 247.489883423, 248.012329102, 248.523162842, 249.045623779, 249.568069458, 250.078903198, 250.589752197, 251.123809814, 251.634643555, 252.145477295, 252.667938232, 253.190383911, 253.701217651, 254.212051392, 254.734512329, 255.256958008, 255.767791748, 256.278625488, 256.812683105, 257.323547363, 257.834381104, 258.345214844, 258.879272461, 259.390106201, 259.900939941, 260.423400879, 260.945831299, 261.456695557, 261.979125977, 262.501586914, 263.012420654, 263.523254395, 264.045715332, 264.568145752, 265.090606689, 265.613067627, 266.123901367, 266.634735107, 267.157196045, 267.679626465, 268.190460205, 268.701324463, 269.223754883, 269.74621582, 270.257049561, 270.767883301, 271.290344238, 271.812774658, 272.323608398, 272.834472656, 273.356903076, 273.879364014, 274.390197754, 274.901031494, 275.423492432, 275.945922852, 276.456787109, 276.979217529, 277.501678467, 278.012512207, 278.523345947, 279.045806885, 279.568237305, 280.079101563, 280.589935303, 281.112365723, 281.63482666, 282.1456604, 282.668121338, 283.190551758, 283.701385498, 284.212249756, 284.734680176, 285.257141113, 285.767974854, 286.278808594, 286.801269531, 287.323699951, 287.834564209, 288.356994629, 288.879455566, 289.390289307, 289.901123047, 290.423583984, 290.946014404, 291.456878662, 291.967712402, 292.490142822, 293.01260376, 293.5234375, 294.045898438, 294.568328857, 295.079193115, 295.590026855, 296.112457275, 296.634918213, 297.145751953, 297.656585693, 298.190643311, 298.701477051, 299.212341309, 299.723175049, 300.245605469, 300.768066406, 301.278900146, 301.801361084, 302.323791504, 302.834655762, 303.357086182, 303.879547119, 304.390380859, 304.9012146, 305.423675537, 305.946105957, 306.456970215, 306.967803955, 307.490234375, 308.012695313, 308.523529053, 309.034362793, 309.55682373, 310.07925415, 310.590118408, 311.112548828, 311.635009766, 312.145843506, 312.656677246, 313.179138184, 313.701568604, 314.212432861, 314.723266602, 315.245697021, 315.768157959, 316.290618896, 316.813049316, 317.335510254, 317.857940674, 318.380401611, 318.902862549], "beats_loudness": {"dmean2": 0.0282217524946, "median": 0.0330165624619, "min": 7.90012777419e-10, "dvar2": 0.000576536287554, "dvar": 0.000224983261432, "dmean": 0.0175939146429, "max": 0.120931133628, "var": 0.000501272908878, "mean": 0.0360466949642}, "danceability": 1.49764680862, "bpm_histogram_second_peak_weight": {"dmean2": 0, "median": 0.00650406489149, "min": 0.00650406489149, "dvar2": 0, "dvar": 0, "dmean": 0, "max": 0.00650406489149, "var": 0, "mean": 0.00650406489149}, "beats_count": 616, "bpm_histogram_second_peak_bpm": {"dmean2": 0, "median": 105, "min": 105, "dvar2": 0, "dvar": 0, "dmean": 0, "max": 105, "var": 0, "mean": 105}, "bpm_histogram_first_peak_spread": {"dmean2": 0, "median": 0.48445174098, "min": 0.48445174098, "dvar2": 0, "dvar": 0, "dmean": 0, "max": 0.48445174098, "var": 0, "mean": 0.48445174098}, "beats_loudness_band_ratio": {"dmean2": [0.25673186779, 0.276359528303, 0.168226525187, 0.0971715077758, 0.108621679246, 0.221514701843], "median": [0.194590389729, 0.248540222645, 0.0993219763041, 0.0558468177915, 0.0831796228886, 0.18498326838], "min": [3.14393109875e-05, 0.000268975796644, 0.000145689497003, 1.12125953819e-05, 4.44070974481e-06, 8.55679172673e-05], "dvar2": [0.0592131055892, 0.0483435168862, 0.0246575456113, 0.0111095830798, 0.0128832655028, 0.0558489747345], "dvar": [0.0239226818085, 0.0162403285503, 0.00843801628798, 0.00409215642139, 0.00463208369911, 0.0195777695626], "dmean": [0.15337793529, 0.167695015669, 0.0927549675107, 0.0566843003035, 0.0629467889667, 0.128021731973], "max": [0.998954415321, 0.976212441921, 0.767148077488, 0.476410329342, 0.515785396099, 0.99482613802], "var": [0.0545420274138, 0.0231864657253, 0.00934522692114, 0.00578915234655, 0.00716867297888, 0.0276020374149], "mean": [0.248088389635, 0.256262779236, 0.122787870467, 0.0803465917706, 0.106868833303, 0.227153077722]}}, "lowlevel": {"barkbands_spread": {"dmean2": 17.0648040771, "median": 21.4205570221, "min": 0.183326736093, "dvar2": 422.459991455, "dvar": 199.48236084, "dmean": 11.335398674, "max": 132.008911133, "var": 552.532287598, "mean": 27.5726318359}, "melbands_spread": {"dmean2": 19.7590656281, "median": 16.6603240967, "min": 0.11302511394, "dvar2": 1017.14605713, "dvar": 448.355255127, "dmean": 12.736989975, "max": 261.09588623, "var": 1014.70214844, "mean": 26.9092082977}, "hfc": {"dmean2": 27.0044994354, "median": 13.5164985657, "min": 1.18557375212e-16, "dvar2": 1817.52453613, "dvar": 872.70501709, "dmean": 19.515499115, "max": 219.637741089, "var": 1307.84069824, "mean": 27.5735054016}, "barkbands_kurtosis": {"dmean2": 19.3613986969, "median": 2.82268095016, "min": -1.94903433323, "dvar2": 2414.67089844, "dvar": 1260.93859863, "dmean": 13.3773899078, "max": 1242.37792969, "var": 2489.1496582, "mean": 17.8825550079}, "gfcc": {"mean": [-34.5509757996, 47.2414016724, -88.7138519287, 18.4812507629, -51.3858528137, 1.64215493202, -45.9154891968, 4.36163282394, -19.5945110321, 1.48628985882, -12.8778886795, 4.26062822342, -5.65899372101], "icov": [[7.98703622422e-05, -4.02909317927e-05, 0.000122335652122, -0.000162791009643, 0.000134799280204, -0.000205567426747, 0.000181942581548, -0.00026928720763, 0.000288366223685, -0.000396027840907, 0.000363554572687, -0.000162793410709, 3.8928927097e-05], [-4.02909317927e-05, 0.000546493334696, -0.000161283198395, 0.000277293816907, -0.000647792650852, 0.000227392432862, -7.06601058482e-05, 0.000197853252757, -0.000333247386152, 0.000960914010648, -0.00119443924632, 0.0008069279138, -0.000162335214554], [0.000122335652122, -0.000161283198395, 0.0014313479187, -0.0010440206388, 0.000262479559751, -0.000843395013362, 5.47704366909e-05, 9.74863651209e-05, 0.000174662025529, -0.00137860060204, 0.00158490578178, -0.00154640316032, 0.00107167416718], [-0.000162791009643, 0.000277293816907, -0.0010440206388, 0.00213193916716, -0.00075055990601, 0.000561463239137, -0.000279443658656, -0.000176596076926, -0.000751654210035, 0.00117362302262, -0.00102759699803, 0.00132586725522, -0.000291437841952], [0.000134799280204, -0.000647792650852, 0.000262479559751, -0.00075055990601, 0.00355507479981, -0.00109823956154, -0.00119872414507, -0.00113964779302, 0.000180199029273, -0.00113667955156, 0.00141168653499, -0.00125399383251, 0.000293948542094], [-0.000205567426747, 0.000227392432862, -0.000843395013362, 0.000561463239137, -0.00109823956154, 0.00498716905713, -0.00256273592822, 0.000249885924859, -0.000439353229012, -8.47907649586e-05, -0.0011635896517, 0.00131027307361, -0.000595027056988], [0.000181942581548, -7.06601058482e-05, 5.47704366909e-05, -0.000279443658656, -0.00119872414507, -0.00256273592822, 0.0065588997677, -0.00192115467507, 0.00145570200402, -0.00226107891649, -0.000255617051153, 0.000667134299874, 0.000190987513633], [-0.00026928720763, 0.000197853252757, 9.74863651209e-05, -0.000176596076926, -0.00113964779302, 0.000249885924859, -0.00192115467507, 0.0081331320107, -0.00545514235273, 0.00374240078963, -0.00157185678836, -0.000321293482557, -0.000290137366392], [0.000288366223685, -0.000333247386152, 0.000174662025529, -0.000751654210035, 0.000180199029273, -0.000439353229012, 0.00145570200402, -0.00545514235273, 0.0109080625698, -0.00480382144451, 0.00145771156531, -0.00164540112019, -0.000897934252862], [-0.000396027840907, 0.000960914010648, -0.00137860060204, 0.00117362302262, -0.00113667955156, -8.47907649586e-05, -0.00226107891649, 0.00374240078963, -0.00480382144451, 0.0139825418591, -0.00671567255631, 0.00184942991473, -0.000269048759947], [0.000363554572687, -0.00119443924632, 0.00158490578178, -0.00102759699803, 0.00141168653499, -0.0011635896517, -0.000255617051153, -0.00157185678836, 0.00145771156531, -0.00671567255631, 0.0141799589619, -0.00650690915063, 0.00063584005693], [-0.000162793410709, 0.0008069279138, -0.00154640316032, 0.00132586725522, -0.00125399383251, 0.00131027307361, 0.000667134299874, -0.000321293482557, -0.00164540112019, 0.00184942991473, -0.00650690915063, 0.0175239741802, -0.00929958838969], [3.8928927097e-05, -0.000162335214554, 0.00107167416718, -0.000291437841952, 0.000293948542094, -0.000595027056988, 0.000190987513633, -0.000290137366392, -0.000897934252862, -0.000269048759947, 0.00063584005693, -0.00929958838969, 0.0174453984946]], "cov": [[21051.5742188, -874.296203613, -376.389282227, 1027.71459961, -392.8465271, 419.36831665, -260.472167969, 360.00012207, -170.17729187, 156.319961548, -336.631835938, -89.9467849731, -27.0861377716], [-874.296203613, 3159.72900391, 85.7220611572, -0.95957672596, 725.155517578, 206.449798584, 301.348358154, 203.650619507, 134.446517944, -25.6658611298, 218.498626709, -14.5438261032, 11.7899055481], [-376.389282227, 85.7220611572, 1803.32983398, 858.064453125, 473.257080078, 479.357208252, 377.347625732, 135.752975464, 160.545074463, 198.252319336, -14.8987131119, 29.243719101, -60.8515548706], [1027.71459961, -0.95957672596, 858.064453125, 1079.23547363, 384.214019775, 279.780578613, 249.536560059, 203.436843872, 142.418060303, 87.3726501465, -9.19553565979, -10.6978788376, -29.9531345367], [-392.8465271, 725.155517578, 473.257080078, 384.214019775, 823.461669922, 397.565002441, 412.794525146, 251.532562256, 171.039825439, 117.773925781, 85.7122573853, 34.669506073, 10.2971410751], [419.36831665, 206.449798584, 479.357208252, 279.780578613, 397.565002441, 541.790283203, 352.482452393, 149.127990723, 102.791778564, 136.724395752, 59.0506591797, 7.81757879257, -3.97149062157], [-260.472167969, 301.348358154, 377.347625732, 249.536560059, 412.794525146, 352.482452393, 453.699829102, 166.094619751, 102.269493103, 122.30355072, 74.4083404541, 9.74106025696, -3.13329172134], [360.00012207, 203.650619507, 135.752975464, 203.436843872, 251.532562256, 149.127990723, 166.094619751, 305.503967285, 156.848922729, 30.8342857361, 47.6708717346, 41.2888336182, 29.0826950073], [-170.17729187, 134.446517944, 160.545074463, 142.418060303, 171.039825439, 102.791778564, 102.269493103, 156.848922729, 206.470367432, 68.0947494507, 49.4529457092, 45.9826202393, 30.6476020813], [156.319961548, -25.6658611298, 198.252319336, 87.3726501465, 117.773925781, 136.724395752, 122.30355072, 30.8342857361, 68.0947494507, 163.001022339, 64.2645187378, 24.5703620911, 7.320271492], [-336.631835938, 218.498626709, -14.8987131119, -9.19553565979, 85.7122573853, 59.0506591797, 74.4083404541, 47.6708717346, 49.4529457092, 64.2645187378, 151.799255371, 57.5805854797, 32.7922935486], [-89.9467849731, -14.5438261032, 29.243719101, -10.6978788376, 34.669506073, 7.81757879257, 9.74106025696, 41.2888336182, 45.9826202393, 24.5703620911, 57.5805854797, 118.733840942, 62.2930145264], [-27.0861377716, 11.7899055481, -60.8515548706, -29.9531345367, 10.2971410751, -3.97149062157, -3.13329172134, 29.0826950073, 30.6476020813, 7.320271492, 32.7922935486, 62.2930145264, 94.6402053833]]}, "spectral_energyband_middle_low": {"dmean2": 0.0155931953341, "median": 0.00496268738061, "min": 3.94459230256e-22, "dvar2": 0.00087698007701, "dvar": 0.000324064341839, "dmean": 0.00916361622512, "max": 0.110071003437, "var": 0.000263014255324, "mean": 0.0102545013651}, "melbands_crest": {"dmean2": 6.38075256348, "median": 16.765663147, "min": 1.55002176762, "dvar2": 33.5889091492, "dvar": 17.9920501709, "dmean": 4.39751529694, "max": 39.3010520935, "var": 71.6772689819, "mean": 18.5904178619}, "spectral_kurtosis": {"dmean2": 3.45538306236, "median": 3.65805768967, "min": -1.5067666769, "dvar2": 46.136631012, "dvar": 24.1530723572, "dmean": 2.30133771896, "max": 165.392425537, "var": 62.3669052124, "mean": 5.36765003204}, "spectral_rms": {"dmean2": 0.00195639696904, "median": 0.00414336984977, "min": 3.21746470612e-12, "dvar2": 5.51815719518e-06, "dvar": 3.19037917507e-06, "dmean": 0.0014692483237, "max": 0.0124526228756, "var": 1.03032443803e-05, "mean": 0.00498307822272}, "zerocrossingrate": {"dmean2": 0.0282905045897, "median": 0.064453125, "min": 0.001953125, "dvar2": 0.00105962145608, "dvar": 0.000894307973795, "dmean": 0.0265120640397, "max": 0.90380859375, "var": 0.0104689775035, "mean": 0.0931621640921}, "silence_rate_60dB": {"dmean2": 0.134011626244, "median": 0, "min": 0, "dvar2": 0.130863845348, "dvar": 0.0625199973583, "dmean": 0.0670009478927, "max": 1, "var": 0.112458094954, "mean": 0.129123672843}, "erbbands_kurtosis": {"dmean2": 2.80557346344, "median": -0.32338809967, "min": -1.91669476032, "dvar2": 33.040222168, "dvar": 14.7088298798, "dmean": 1.77232027054, "max": 86.2535095215, "var": 21.5756893158, "mean": 0.95372658968}, "erbbands": {"dmean2": [0.550852477551, 2.53948116302, 3.78031826019, 9.35511302948, 23.8349876404, 33.7529830933, 29.6607666016, 14.3809766769, 10.9853115082, 12.8412075043, 19.7611980438, 9.30753135681, 9.08555221558, 19.659406662, 8.01036167145, 7.36597967148, 8.85303783417, 15.5152692795, 27.630903244, 21.9480247498, 25.9941139221, 19.8591842651, 16.339006424, 11.559928894, 12.4982538223, 13.6556720734, 9.84729957581, 11.7870121002, 15.2453784943, 12.8519296646, 12.9979372025, 7.50795221329, 5.7687830925, 4.79737710953, 4.38742685318, 1.80140864849, 0.540466427803, 0.0893503800035, 0.0203740429133, 0.00201192498207], "median": [0.0241553802043, 0.373642742634, 0.730281949043, 0.48445636034, 0.998816013336, 3.62534475327, 9.21953678131, 4.39802932739, 2.77316951752, 3.10427951813, 5.53801631927, 2.54676389694, 2.4167175293, 4.10789680481, 2.13646292686, 2.1870880127, 2.35148620605, 3.67612457275, 5.81644916534, 5.10949802399, 5.90200901031, 5.11803722382, 4.88181734085, 5.10587215424, 4.68675041199, 2.2959830761, 1.36996674538, 1.54763221741, 1.70768332481, 1.30417943001, 1.66737413406, 0.799163937569, 0.645713090897, 0.506196737289, 0.453153729439, 0.18316873908, 0.0325529873371, 0.00470073614269, 0.00103437516373, 0.000194823456695], "min": [3.05366895208e-22, 5.93981676547e-21, 1.98772809822e-20, 2.13691367599e-20, 9.70539930749e-20, 4.57360206498e-19, 3.36448605573e-19, 4.36571399946e-19, 9.80683000366e-19, 8.38894834195e-19, 7.27237342222e-19, 3.6638728598e-18, 1.37868219287e-18, 3.81042486252e-18, 2.77692038298e-18, 3.0499379616e-18, 5.31011282565e-18, 4.2183274749e-18, 6.18072166114e-18, 9.86037919498e-18, 1.36333774435e-17, 1.03268768004e-17, 6.70196497464e-18, 1.22121272955e-17, 1.0938808474e-17, 1.84055312898e-17, 1.64102806625e-17, 1.64131724859e-17, 1.30479974404e-17, 1.97111333163e-17, 1.75993230145e-17, 1.32555205125e-17, 1.65864006498e-17, 1.32807693735e-17, 9.16156708733e-18, 5.42100838089e-18, 3.0223287407e-18, 1.25889320528e-18, 3.89159604433e-19, 3.53150157622e-20], "dvar2": [1.18853366375, 29.5464839935, 78.8735046387, 700.220397949, 2771.55053711, 4916.66796875, 3056.95898438, 685.320861816, 466.215759277, 656.549072266, 1233.78039551, 340.148010254, 664.493286133, 2590.90454102, 431.867889404, 199.582733154, 355.528137207, 885.058410645, 5576.52246094, 1811.44921875, 2940.06152344, 1428.5814209, 874.293457031, 330.096252441, 358.859039307, 569.002319336, 268.271453857, 420.091522217, 859.104797363, 629.348999023, 593.347900391, 173.910446167, 105.554214478, 90.428817749, 62.6222839355, 9.95439815521, 1.02926027775, 0.0259953606874, 0.00137941166759, 1.31483711812e-05], "dvar": [0.992412507534, 13.6458740234, 29.8711185455, 244.236694336, 998.742736816, 1804.10571289, 1169.9564209, 254.07673645, 193.618179321, 290.236206055, 556.022033691, 165.72833252, 310.013366699, 1185.00219727, 237.182876587, 97.2576370239, 153.314559937, 425.909637451, 2707.92529297, 843.720092773, 1380.21264648, 583.627258301, 349.083831787, 151.921676636, 171.609191895, 230.506378174, 122.296928406, 184.681854248, 372.752624512, 275.187255859, 279.55380249, 90.4391555786, 56.1133460999, 43.0059127808, 27.0902709961, 4.59494447708, 0.459723055363, 0.0118396729231, 0.000634469266515, 6.16679153609e-06], "dmean": [0.473066180944, 1.77895379066, 2.32649970055, 5.03944444656, 13.0846719742, 19.1626224518, 18.0862293243, 8.6628780365, 6.84356021881, 8.44063186646, 12.9713258743, 6.29660415649, 6.22565460205, 13.4743795395, 5.77530813217, 5.32255887985, 6.01509094238, 10.5667848587, 18.686914444, 14.8839216232, 17.1263084412, 12.9181051254, 10.6143913269, 7.78114318848, 8.5965719223, 8.79767417908, 6.53563499451, 7.93070602417, 10.5531949997, 8.51063251495, 8.89484596252, 5.37747907639, 4.12508249283, 3.39767003059, 2.9115653038, 1.2093757391, 0.361949294806, 0.0599466003478, 0.0137223182246, 0.00137657125015], "max": [7.3893032074, 30.9704151154, 46.7154159546, 103.687171936, 192.812606812, 367.275299072, 456.134460449, 250.866989136, 499.7394104, 434.725616455, 366.860900879, 270.444915771, 1187.64880371, 1483.90356445, 762.288330078, 269.884857178, 301.371124268, 828.809204102, 2860.52294922, 844.923339844, 1558.4173584, 667.571838379, 258.360015869, 348.353240967, 145.714996338, 173.820800781, 129.916442871, 163.829055786, 242.428024292, 228.313537598, 164.892745972, 127.535614014, 154.735671997, 60.8402709961, 47.0743942261, 19.7732391357, 6.49933433533, 1.2539845705, 0.231628060341, 0.0223579648882], "var": [2.70179486275, 22.5799121857, 26.8081665039, 145.878601074, 641.83203125, 1367.41088867, 1467.06225586, 340.249816895, 408.501953125, 448.319824219, 1375.74682617, 585.301574707, 860.082763672, 4132.97070313, 691.665893555, 316.16796875, 283.018096924, 814.253540039, 7451.72167969, 1995.00158691, 2932.16967773, 1198.01855469, 607.383483887, 381.773132324, 300.351409912, 271.135253906, 167.885757446, 240.764282227, 510.033752441, 359.635894775, 364.119537354, 138.057510376, 83.5699462891, 56.4608192444, 30.7592697144, 5.49653482437, 0.504540324211, 0.0133994808421, 0.000711862288881, 7.26679036234e-06], "mean": [0.749426364899, 2.58853554726, 2.80659556389, 3.82820129395, 9.43807029724, 16.5445022583, 24.3122901917, 11.5717926025, 9.52286624908, 10.4711351395, 20.2996292114, 11.0566196442, 10.6369838715, 22.8372898102, 9.03737640381, 9.06751251221, 8.84717273712, 15.4461221695, 28.9645595551, 21.4229679108, 23.8707485199, 19.5215816498, 15.852142334, 12.6582574844, 12.2522573471, 10.0606336594, 7.46738052368, 8.97119808197, 12.1250228882, 9.28669261932, 10.0024185181, 6.37089014053, 4.81820058823, 3.73043704033, 2.88300490379, 1.20485162735, 0.344089537859, 0.0594514831901, 0.0131821958348, 0.00138060119934]}, "spectral_strongpeak": {"dmean2": 0.628363490105, "median": 0.495352596045, "min": 0, "dvar2": 1.2034958601, "dvar": 0.479761809111, "dmean": 0.378920972347, "max": 15.6865062714, "var": 0.757349073887, "mean": 0.701188385487}, "spectral_energy": {"dmean2": 0.0245498027653, "median": 0.0175967011601, "min": 1.06108814508e-20, "dvar2": 0.00108297017869, "dvar": 0.000596854661126, "dmean": 0.0177877359092, "max": 0.158944517374, "var": 0.00159598689061, "mean": 0.0360128767788}, "average_loudness": 0.957653284073, "spectral_rolloff": {"dmean2": 2046.38098145, "median": 947.4609375, "min": 21.533203125, "dvar2": 9683495, "dvar": 4767514, "dmean": 1275.94799805, "max": 21554.7363281, "var": 13072208, "mean": 2570.92553711}, "spectral_centroid": {"dmean2": 650.016113281, "median": 1370.24816895, "min": 95.7509460449, "dvar2": 635075.9375, "dvar": 295533.4375, "dmean": 432.728240967, "max": 10826.1035156, "var": 825129.625, "mean": 1476.95251465}, "pitch_salience": {"dmean2": 0.159501120448, "median": 0.520706295967, "min": 0.0301055163145, "dvar2": 0.0246644448489, "dvar": 0.0122850593179, "dmean": 0.105496659875, "max": 0.994200706482, "var": 0.0361896455288, "mean": 0.484485656023}, "spectral_energyband_middle_high": {"dmean2": 0.00231470703147, "median": 0.00164681917522, "min": 1.47990992444e-21, "dvar2": 1.14544918688e-05, "dvar": 5.93179356656e-06, "dmean": 0.00171925825998, "max": 0.0640172958374, "var": 2.29515517276e-05, "mean": 0.00351742678322}, "spectral_contrast_coeffs": {"dmean2": [0.0973586887121, 0.0878833308816, 0.0772651433945, 0.0634040534496, 0.0478456988931, 0.034599609673], "median": [-0.615629196167, -0.721011757851, -0.775620698929, -0.772836506367, -0.78898370266, -0.797911047935], "min": [-0.994195997715, -0.986955046654, -0.994384348392, -0.992613017559, -0.990629732609, -0.987261176109], "dvar2": [0.0086603583768, 0.00577458273619, 0.00428977143019, 0.00294188945554, 0.00188152829651, 0.0012842908036], "dvar": [0.00378844677471, 0.00258125993423, 0.00200037355535, 0.00139317475259, 0.000934031326324, 0.00055291026365], "dmean": [0.0630571171641, 0.0555928535759, 0.0501330196857, 0.0417277850211, 0.031920902431, 0.0222067348659], "max": [-0.229150295258, -0.304719924927, -0.371953189373, -0.427606135607, -0.482550024986, -0.600264549255], "var": [0.0173967778683, 0.0101542817429, 0.00904335826635, 0.00627056974918, 0.00413503544405, 0.00148836756125], "mean": [-0.595999836922, -0.708880722523, -0.759440004826, -0.762682259083, -0.778361678123, -0.797923028469]}, "melbands_skewness": {"dmean2": 2.13294458389, "median": 3.33868646622, "min": -2.78664112091, "dvar2": 6.48694181442, "dvar": 3.47147512436, "dmean": 1.51290738583, "max": 28.6369171143, "var": 12.1605472565, "mean": 4.19250106812}, "spectral_spread": {"dmean2": 1729591.875, "median": 6135252, "min": 531787.9375, "dvar2": 3966197301250.0, "dvar": 1960475754500.0, "dmean": 1185691.75, "max": 39180684, "var": 6943072059390.0, "mean": 6339176}, "dissonance": {"dmean2": 0.0362745411694, "median": 0.466921627522, "min": 0.142144724727, "dvar2": 0.00186721025966, "dvar": 0.000744833960198, "dmean": 0.0226456001401, "max": 0.500000178814, "var": 0.00158544373699, "mean": 0.455038666725}, "spectral_skewness": {"dmean2": 0.502804994583, "median": 1.58030200005, "min": -0.364957153797, "dvar2": 0.442176282406, "dvar": 0.220315635204, "dmean": 0.336069464684, "max": 10.3327913284, "var": 0.682522892952, "mean": 1.68833148479}, "spectral_flux": {"dmean2": 0.0777800902724, "median": 0.0755084082484, "min": 1.03009135943e-10, "dvar2": 0.0068318056874, "dvar": 0.00352666946128, "dmean": 0.0533236600459, "max": 0.433689653873, "var": 0.00665073329583, "mean": 0.100884214044}, "spectral_contrast_valleys": {"dmean2": [0.923030972481, 0.991643667221, 0.941915869713, 0.864034414291, 0.810342848301, 0.750464558601], "median": [-7.584628582, -7.27892875671, -8.28223800659, -8.41895198822, -8.03615188599, -9.81998062134], "min": [-27.456615448, -27.3743534088, -27.2339000702, -27.25806427, -27.1510467529, -27.1928462982], "dvar2": [0.872786581516, 0.998307406902, 0.860427260399, 0.777073979378, 0.772422492504, 0.727622807026], "dvar": [0.520078480244, 0.485317111015, 0.428223699331, 0.413754552603, 0.435864657164, 0.472858816385], "dmean": [0.654675424099, 0.666488409042, 0.647049963474, 0.634542882442, 0.636812984943, 0.621040642262], "max": [-5.01745176315, -4.63807868958, -5.57184648514, -5.87181901932, -5.49799823761, -7.41039323807], "var": [4.48495674133, 2.31898641586, 2.03066182137, 2.16980028152, 2.44589591026, 2.78111720085], "mean": [-8.34722328186, -7.44568252563, -8.37089729309, -8.52164745331, -8.20234966278, -10.0604658127]}, "erbbands_flatness_db": {"dmean2": 0.0388130284846, "median": 0.128783777356, "min": 0.0250217858702, "dvar2": 0.00169723946601, "dvar": 0.000949657754973, "dmean": 0.0280807632953, "max": 0.384819716215, "var": 0.0040846480988, "mean": 0.141980081797}, "spectral_energyband_high": {"dmean2": 0.00232704961672, "median": 0.000360695354175, "min": 7.56841583814e-21, "dvar2": 1.59023020387e-05, "dvar": 7.70121187088e-06, "dmean": 0.00164393952582, "max": 0.0196096897125, "var": 1.09580523713e-05, "mean": 0.00190630042925}, "spectral_entropy": {"dmean2": 0.481904447079, "median": 7.71137332916, "min": 4.36712646484, "dvar2": 0.287384569645, "dvar": 0.151124358177, "dmean": 0.346210211515, "max": 9.82848834991, "var": 0.546061992645, "mean": 7.5724105835}, "silence_rate_20dB": {"dmean2": 0, "median": 1, "min": 1, "dvar2": 0, "dvar": 0, "dmean": 0, "max": 1, "var": 0, "mean": 1}, "melbands_flatness_db": {"dmean2": 0.0623774416745, "median": 0.218351900578, "min": 0.00291818310507, "dvar2": 0.00388046796434, "dvar": 0.00222886819392, "dmean": 0.045973226428, "max": 0.720281302929, "var": 0.012129724957, "mean": 0.232312038541}, "barkbands": {"dmean2": [0.00137857196387, 0.0122530516237, 0.00345600349829, 0.00378698157147, 0.00969412922859, 0.00214952067472, 0.000769125472289, 0.000843964575324, 0.000417929521063, 0.000544728827663, 0.000254565587966, 0.000178185466211, 0.000258207350271, 0.000315107841743, 0.000533155864105, 0.000485275901156, 0.00