{"tonal": {"thpcp": [1, 0.955456137657, 0.865356206894, 0.450215965509, 0.238172724843, 0.518926024437, 0.552701234818, 0.31981241703, 0.546316206455, 0.797821104527, 0.520662724972, 0.415856271982, 0.32670634985, 0.0781203359365, 0.039788633585, 0.0408071056008, 0.031162545085, 0.0329790264368, 0.0279770903289, 0.0263610109687, 0.145616903901, 0.210089191794, 0.0873928889632, 0.0072810119018, 0.00954421330243, 0.0494217649102, 0.114707417786, 0.182506754994, 0.383251100779, 0.589744389057, 0.524468839169, 0.378178030252, 0.368722110987, 0.452537178993, 0.592216312885, 0.868652462959], "hpcp": {"dmean2": [0.232009276748, 0.133083254099, 0.206073671579, 0.202371940017, 0.181596517563, 0.218460336328, 0.192239433527, 0.172122046351, 0.158132433891, 0.123321101069, 0.0295546464622, 0.015452452004, 0.0151472846046, 0.0116119273007, 0.0125047033653, 0.00988826435059, 0.0099172545597, 0.050182774663, 0.0701773017645, 0.0291462130845, 0.00334021192975, 0.00388238229789, 0.0317642390728, 0.103281877935, 0.194322317839, 0.285233527422, 0.290112763643, 0.244989424944, 0.305073976517, 0.403744786978, 0.504072368145, 0.57664513588, 0.483633428812, 0.4426471591, 0.586889147758, 0.466553330421], "median": [0.0648936331272, 0.0248679034412, 0.0884130448103, 0.0919837206602, 0.0346184819937, 0.0892076194286, 0.124045714736, 0.0962358936667, 0.0761197656393, 0.0592774562538, 0.0137329269201, 0.00559482350945, 0.0074582900852, 0.00632961094379, 0.00419387593865, 0.00293027609587, 0.00451103132218, 0.0291288979352, 0.0430377088487, 0.0163385625929, 0.00105495960452, 0.0014522158308, 0.00564258079976, 0.00881788507104, 0.00809870194644, 0.0406571850181, 0.0978424102068, 0.0767509490252, 0.0155883980915, 0.00210881000385, 0.00444729719311, 0.0221946202219, 0.121086701751, 0.146556317806, 0.180161684752, 0.14771130681], "min": [0, 0, 0, 0, 0, 0, 0, 0, 0, 0, 0, 0, 0, 0, 0, 0, 0, 0, 0, 0, 0, 0, 0, 0, 0, 0, 0, 0, 0, 0, 0, 0, 0, 0, 0, 0], "dvar2": [0.120718054473, 0.0664833709598, 0.0784353241324, 0.0722420066595, 0.0899536758661, 0.0887622833252, 0.0656768158078, 0.0501422174275, 0.0445011816919, 0.0296561326832, 0.00196999893524, 0.00122060975991, 0.000579109240789, 0.000276643899269, 0.00100796343759, 0.00073705217801, 0.000211732316529, 0.00479654455557, 0.00996127258986, 0.00210533593781, 4.81814931845e-05, 9.40116296988e-05, 0.00952569860965, 0.0750565305352, 0.173179805279, 0.200456216931, 0.143488913774, 0.128001511097, 0.258328408003, 0.34753382206, 0.377465039492, 0.393516540527, 0.272380173206, 0.236321777105, 0.327406167984, 0.242521181703], "dvar": [0.0397164970636, 0.0223460625857, 0.0271162483841, 0.0265120789409, 0.0298903044313, 0.0300167072564, 0.026507511735, 0.0179605670273, 0.0165008399636, 0.0108085675165, 0.00074298097752, 0.000457749556517, 0.000224322619033, 0.000103464524727, 0.000371715170331, 0.000277967425063, 8.92132302397e-05, 0.00213733338751, 0.00422614160925, 0.000863780733198, 1.77487399924e-05, 3.32323397743e-05, 0.00316782109439, 0.0236083287746, 0.0512416213751, 0.0608874075115, 0.0481892898679, 0.0420089960098, 0.0782871544361, 0.106182165444, 0.118328608572, 0.123730406165, 0.0897736623883, 0.0824910178781, 0.101378411055, 0.0799849331379], "dmean": [0.127877891064, 0.0728259906173, 0.117372773588, 0.117315344512, 0.101058743894, 0.124926604331, 0.117028094828, 0.101242989302, 0.0929821804166, 0.0722513198853, 0.0174894351512, 0.00924672745168, 0.00911102909595, 0.0068541537039, 0.00734364753589, 0.00587276229635, 0.00610416242853, 0.0319213867188, 0.0443912819028, 0.0181638468057, 0.00192586053163, 0.00223662378266, 0.0170873049647, 0.0534489229321, 0.0995726212859, 0.154643148184, 0.164441198111, 0.138744905591, 0.162110477686, 0.207366794348, 0.258455574512, 0.300285637379, 0.264395534992, 0.242236688733, 0.313828140497, 0.254000365734], "max": [1, 1, 1, 1, 1, 1, 1, 1, 1, 1, 0.532209098339, 0.837288796902, 0.411255508661, 0.189177423716, 0.603019177914, 0.529449462891, 0.171547889709, 0.853695333004, 1, 0.566015183926, 0.139450952411, 0.223268330097, 0.881419897079, 1, 1, 1, 1, 1, 1, 1, 1, 1, 1, 1, 1, 1], "var": [0.0414152108133, 0.0242700893432, 0.0502706728876, 0.0573167614639, 0.0359903872013, 0.0510224848986, 0.103448696434, 0.0393083393574, 0.0328083187342, 0.0213442500681, 0.00148416298907, 0.000961666926742, 0.000412126275478, 0.000177215304575, 0.000714500434697, 0.000593907549046, 0.000171705905814, 0.00399808678776, 0.00835390482098, 0.00178705749568, 2.27522286878e-05, 3.9736929466e-05, 0.00198417622596, 0.0131075242534, 0.0292511023581, 0.048931542784, 0.0634824931622, 0.0609369501472, 0.0667781531811, 0.0764420479536, 0.0885822847486, 0.10331517458, 0.117019236088, 0.138989672065, 0.11037889868, 0.10515075922], "mean": [0.153762340546, 0.0813431739807, 0.17722889781, 0.18876414001, 0.109225586057, 0.186583474278, 0.272479981184, 0.177822038531, 0.142027467489, 0.111580073833, 0.0266804508865, 0.0135890189558, 0.0139368576929, 0.0106429494917, 0.0112633323297, 0.00955502036959, 0.00900308042765, 0.0497325658798, 0.0717517957091, 0.0298473089933, 0.00248668529093, 0.00325963669457, 0.0168790239841, 0.039176043123, 0.0623315647244, 0.130891814828, 0.201415494084, 0.179121926427, 0.129159212112, 0.12592972815, 0.154555097222, 0.202259749174, 0.296671032906, 0.341530174017, 0.326317101717, 0.295545250177]}, "tuning_equal_tempered_deviation": 0.180059701204, "chords_changes_rate": 0.0639847591519, "key_key": "G#", "tuning_diatonic_strength": 0.167778939009, "key_scale": "minor", "chords_number_rate": 0.00123263115529, "tuning_frequency": 440, "tuning_nontempered_energy_ratio": 0.890616357327, "chords_histogram": [24.3948898315, 2.85746312141, 3.45136713982, 0.0224114749581, 0, 5.36754798889, 27.3195877075, 7.23890638351, 0, 0.672344267368, 0.717167198658, 0.011205737479, 7.54146099091, 1.82653522491, 0, 0, 0.72837293148, 2.30838179588, 0.190497532487, 1.61362612247, 0, 0.257731944323, 0.011205737479, 13.4692964554], "key_strength": 0.29563292861, "chords_key": "F", "chords_strength": {"dmean2": 0.00848694611341, "median": 0.356973111629, "min": -1, "dvar2": 0.000555663718842, "dvar": 0.000251705903793, "dmean": 0.00716981012374, "max": 0.645611822605, "var": 0.0100200418383, "mean": 0.358095765114}, "chords_scale": "minor", "hpcp_entropy": {"dmean2": 0.928193330765, "median": 2.01106357574, "min": 0, "dvar2": 0.577462553978, "dvar": 0.201823070645, "dmean": 0.543094992638, "max": 3.86163043976, "var": 0.363384008408, "mean": 1.97396028042}}, "metadata": {"audio_properties": {"equal_loudness": 0, "codec": "flac", "downmix": "mix", "sample_rate": 44100, "analysis_sample_rate": 44100, "bit_rate": 0, "md5_encoded": "97821748e0e53933f76b503ab59c69c6", "length": 414.346679688, "replay_gain": -5.22869300842, "lossless": true}, "version": {"essentia_build_sha": "70f2e5ece6736b2c40cc944ad0e695b16b925413", "essentia": "2.1-beta2", "extractor": "music 1.0", "essentia_git_sha": "v2.1_beta2"}, "tags": {"title": ["Night"], "language": ["eng"], "media": ["CD"], "albumartist": ["Nick Parkin"], "tracktotal": ["9"], "musicbrainz_releasegroupid": ["6aafea3e-5174-3953-bf0b-c9b537881167"], "releasetype": ["album"], "musicbrainz_recordingid": ["0a8cbcfb-d03c-48f4-b88c-abd3ea4f62c1"], "musicbrainz_albumartistid": ["526fbc57-f881-4c89-98e2-d27816a6f55b"], "musicbrainz_releasetrackid": ["7d536ba0-6a6d-3037-ac94-42e735393f10"], "discnumber": ["1"], "totaldiscs": ["1"], "album": ["Descent"], "catalognumber": ["HSL013"], "releasecountry": ["IT"], "file_name": "01_Night.flac", "albumartistsort": ["Parkin, Nick"], "date": ["1997"], "genre": ["Ambient; Dark Ambient; Ethno-Ambient; Published By Hic Sunt Leones"], "disctotal": ["1"], "musicbrainz_artistid": ["526fbc57-f881-4c89-98e2-d27816a6f55b"], "originaldate": ["1997"], "musicbrainz_albumid": ["c35fc079-bf53-4bec-9233-db4725ae12d6"], "tracknumber": ["1"], "artistsort": ["Parkin, Nick"], "artist": ["Nick Parkin"], "label": ["Hic Sunt Leones"], "releasestatus": ["official"], "acoustid_id": ["c59dcb5c-f0ff-4ad5-82cf-b86589cd3f1b"], "script": ["Latn"], "totaltracks": ["9"]}}, "rhythm": {"bpm_histogram_first_peak_bpm": {"dmean2": 0, "median": 123, "min": 123, "dvar2": 0, "dvar": 0, "dmean": 0, "max": 123, "var": 0, "mean": 123}, "bpm": 123.050209045, "bpm_histogram_second_peak_spread": {"dmean2": 0, "median": 0.58333337307, "min": 0.58333337307, "dvar2": 0, "dvar": 0, "dmean": 0, "max": 0.58333337307, "var": 0, "mean": 0.58333337307}, "bpm_histogram_first_peak_weight": {"dmean2": 0, "median": 0.100227788091, "min": 0.100227788091, "dvar2": 0, "dvar": 0, "dmean": 0, "max": 0.100227788091, "var": 0, "mean": 0.100227788091}, "onset_rate": 0.0627473592758, "beats_position": [0.452789098024, 0.917188167572, 1.38158726692, 1.84598636627, 2.29877543449, 2.76317453384, 3.22757363319, 3.69197273254, 4.15637159348, 4.62077093124, 5.07355976105, 5.52634906769, 6.01396799088, 6.5015873909, 6.98920631409, 7.47682523727, 7.96444416046, 8.45206356049, 8.93968200684, 9.43891143799, 9.92653083801, 10.4141492844, 10.9133787155, 11.4009971619, 11.8886165619, 12.387845993, 12.8754644394, 13.3630838394, 13.722992897, 14.0945119858, 14.4544210434, 14.8143310547, 15.1858501434, 15.5573692322, 15.9404983521, 16.3236274719, 16.6951465607, 17.0666656494, 17.4381847382, 17.8097057343, 18.181224823, 18.5527439117, 18.9242630005, 19.2957820892, 19.6789112091, 20.062040329, 20.45677948, 20.9211788177, 21.3855781555, 21.8499774933, 22.3492050171, 22.8484344482, 23.3476638794, 23.8817234039, 24.4157810211, 24.9498405457, 25.4955101013, 26.0411777496, 26.5868473053, 27.132516861, 27.6781845093, 28.2354640961, 28.7927436829, 29.3384113312, 29.8492507935, 30.3484802246, 30.8593196869, 31.3701572418, 31.869386673, 32.3686180115, 32.8794555664, 33.3902931213, 33.8895225525, 34.3771438599, 34.8647613525, 35.3523788452, 35.8980484009, 36.4321098328, 36.9777755737, 37.4653968811, 37.9530143738, 38.4406356812, 38.8702049255, 39.2997741699, 39.7293434143, 40.1589126587, 40.5884780884, 41.0180473328, 41.4476165771, 41.8771858215, 42.3067550659, 42.7247161865, 43.1310653687, 43.5374145508, 43.9553718567, 44.3733329773, 44.7448501587, 45.1163711548, 45.4762802124, 45.83618927, 46.2077102661, 46.5792274475, 46.9391365051, 47.2990455627, 47.6705665588, 48.0420837402, 48.4136047363, 48.7851219177, 49.1682548523, 49.5513839722, 49.934513092, 50.3176422119, 50.723991394, 51.1303405762, 51.5250778198, 51.9198188782, 52.3145561218, 52.7092971802, 53.1040344238, 53.6148757935, 54.1373214722, 54.6713829041, 55.2054405212, 55.7395019531, 56.2735595703, 56.819229126, 57.3765068054, 57.9337844849, 58.4678459167, 59.0019035339, 59.5591812134, 60.1164627075, 60.6621322632, 61.1961898804, 61.741859436, 62.2759170532, 62.8099746704, 63.3440361023, 63.8780937195, 64.3308868408, 64.772064209, 65.2132415771, 65.6428070068, 66.0607681274, 66.4903411865, 66.9199066162, 67.3378677368, 67.7558288574, 68.1737823486, 68.6033554077, 69.0329208374, 69.4624938965, 69.9501113892, 70.4377288818, 70.9253463745, 71.4013595581, 71.8773651123, 72.3533782959, 72.817779541, 73.2821731567, 73.7465744019, 74.1993637085, 74.6637649536, 75.1281585693, 75.580947876, 76.1498413086, 76.7187271118, 77.276008606, 77.8332901001, 78.3905639648, 78.947845459, 79.5051269531, 80.0624008179, 80.6661224365, 81.2698364258, 81.8851699829, 82.5004959106, 83.1274337769, 83.7659835815, 84.4045333862, 85.0314712524, 85.6584091187, 86.2853469849, 86.9122848511, 87.5276184082, 88.1429443359, 88.7582778931, 89.3736038208, 89.9889297485, 90.6042633057, 91.2312011719, 91.8581390381, 92.5199050903, 93.181678772, 93.8202285767, 94.458770752, 95.0973205566, 95.5965499878, 96.0957794189, 96.5950088501, 97.1058502197, 97.61668396, 98.1159133911, 98.6151428223, 99.1143722534, 99.6484298706, 100.170883179, 100.704940796, 101.238998413, 101.784667969, 102.318725586, 102.899223328, 103.46811676, 104.025398254, 104.582672119, 105.139953613, 105.708839417, 106.266120911, 106.835006714, 107.322631836, 107.810249329, 108.297866821, 108.808708191, 109.307937622, 109.807167053, 110.294784546, 110.794013977, 111.293243408, 111.804077148, 112.30330658, 112.814147949, 113.31337738, 113.812606812, 114.427932739, 115.020042419, 115.6121521, 116.20426178, 116.79637146, 117.400085449, 117.992195129, 118.58430481, 119.17641449, 119.76852417, 120.499954224, 121.231384277, 121.962806702, 122.694236755, 123.414054871, 124.133872986, 124.853691101, 125.573509216, 126.293327332, 126.908660889, 127.523986816, 128.150924683, 128.777862549, 129.288711548, 129.78793335, 130.28717041, 130.786392212, 131.285614014, 131.784851074, 132.272476196, 132.76008606, 133.247711182, 133.735321045, 134.19972229, 134.652511597, 135.105300903, 135.523269653, 135.929611206, 136.335968018, 136.788757324, 137.241546631, 137.694335938, 138.239990234, 138.78565979, 139.331329346, 139.795730591, 140.271743774, 140.73614502, 141.212158203, 141.699768066, 142.17578125, 142.651794434, 143.058135986, 143.476104736, 143.882446289, 144.288803101, 144.695144653, 145.101501465, 145.507843018, 145.914199829, 146.308929443, 146.703674316, 147.098403931, 147.493148804, 147.887893677, 148.294235229, 148.700592041, 149.106933594, 149.513290405, 149.919631958, 150.32598877, 150.720718384, 151.115463257, 151.614685059, 152.113922119, 152.613143921, 153.135604858, 153.658050537, 154.180496216, 154.679718018, 155.178955078, 155.689788818, 156.17741394, 156.665023804, 157.141036987, 157.617050171, 158.093063354, 158.569061279, 159.045074463, 159.521087646, 159.985488892, 160.461486816, 160.9375, 161.413513184, 161.889526367, 162.37713623, 162.876373291, 163.375595093, 163.886444092, 164.397277832, 164.908111572, 165.442169189, 165.964630127, 166.498687744, 167.0443573, 167.590026855, 168.147293091, 168.692962646, 169.250244141, 169.807525635, 170.364807129, 170.910476685, 171.45614624, 172.001815796, 172.547485352, 173.104751587, 173.662033081, 174.207702637, 174.753372192, 175.310653687, 175.833099365, 176.343948364, 176.854782104, 177.354003906, 177.864852905, 178.375686646, 178.886520386, 179.397369385, 179.896591187, 180.395828247, 180.88343811, 181.382675171, 181.881896973, 182.381134033, 182.880355835, 183.391204834, 183.890426636, 184.412872314, 184.935317993, 185.446166992, 185.922180176, 186.386566162, 186.862579346, 187.350204468, 187.826202393, 188.313827515, 188.801452637, 189.2890625, 189.765075684, 190.252700806, 190.740310669, 191.239547729, 191.75038147, 192.26121521, 192.772064209, 193.259674072, 193.758911133, 194.258132935, 194.757369995, 195.256591797, 195.744216919, 196.243438721, 196.742675781, 197.230285645, 197.648254395, 198.066207886, 198.484161377, 198.902130127, 199.320083618, 199.738052368, 200.144393921, 200.562347412, 200.945480347, 201.328613281, 201.711746216, 202.09487915, 202.477996826, 202.849517822, 203.221038818, 203.592559814, 203.964080811, 204.335601807, 204.707122803, 205.07862854, 205.461761475, 205.844894409, 206.216415405, 206.622756958, 207.02911377, 207.447067261, 207.865036011, 208.306213379, 208.747390747, 209.188568115, 209.629745483, 210.070922852, 210.51210022, 210.941680908, 211.382858276, 211.824035645, 212.253601074, 212.683166504, 213.112747192, 213.542312622, 213.960266113, 214.366622925, 214.784576416, 215.202529907, 215.620498657, 216.050064087, 216.479629517, 216.967254639, 217.454864502, 217.942489624, 218.430114746, 218.906112671, 219.382125854, 219.858139038, 220.334152222, 220.821762085, 221.309387207, 221.820220947, 222.342666626, 222.865127563, 223.387573242, 223.910018921, 224.490524292, 225.082626343, 225.674728394, 226.20880127, 226.742858887, 227.288528442, 227.787750244, 228.286987305, 228.786209106, 229.285430908, 229.784667969, 230.272293091, 230.783126831, 231.293960571, 231.80480957, 232.315643311, 232.826477051, 233.348922729, 233.871383667, 234.393829346, 234.985931396, 235.566436768, 236.14692688, 236.680999756, 237.226669312, 237.772338867, 238.317993164, 238.86366272, 239.36289978, 239.862121582, 240.361358643, 240.837371826, 241.313369751, 241.789382935, 242.277008057, 242.76461792, 243.252243042, 243.728256226, 244.215866089, 244.703491211, 245.191101074, 245.667114258, 246.15473938, 246.642349243, 247.09513855, 247.547927856, 248.000717163, 248.337417603, 248.674102783, 249.010787964, 249.347473145, 249.695770264, 250.044082642, 250.392379761, 250.752288818, 251.100585938, 251.495330811, 251.890060425, 252.273193359, 252.656326294, 253.03944397, 253.434188843, 253.817321777, 254.200454712, 254.583572388, 254.966705322, 255.349838257, 255.732971191, 256.116088867, 256.487609863, 256.859130859, 257.230651855, 257.602172852, 257.973693848, 258.345214844, 258.739959717, 259.123077393, 259.506195068, 259.877716064, 260.249237061, 260.620758057, 260.992279053, 261.363800049, 261.735321045, 262.095245361, 262.45513916, 262.826660156, 263.291046143, 263.743835449, 264.208251953, 264.684265137, 265.171875, 265.647888184, 266.11227417, 266.565063477, 267.017852783, 267.47064209, 267.911834717, 268.352996826, 268.794189453, 269.188934326, 269.583679199, 269.978393555, 270.373138428, 270.767883301, 271.162628174, 271.568969727, 271.975311279, 272.38168335, 272.788024902, 273.205993652, 273.670379639, 274.134765625, 274.599182129, 275.086791992, 275.562805176, 276.038818359, 276.514831543, 276.990844727, 277.46685791, 277.942840576, 278.41885376, 278.894866943, 279.382476807, 279.870117188, 280.357727051, 280.845336914, 281.332977295, 281.808959961, 282.296600342, 282.714538574, 283.120910645, 283.527252197, 283.93359375, 284.3515625, 284.757904053, 285.164245605, 285.582214355, 286.000183105, 286.429748535, 286.859313965, 287.277282715, 287.695220947, 288.113189697, 288.554382324, 288.983947754, 289.413513184, 289.843078613, 290.28427124, 290.72543335, 291.154998779, 291.619415283, 292.08380127, 292.548217773, 293.047424316, 293.546661377, 294.045898438, 294.498687744, 294.96307373, 295.415863037, 295.868652344, 296.32144165, 296.774230957, 297.227020264, 297.67980957, 298.132598877, 298.585388184, 299.026580811, 299.45614624, 299.89730835, 300.3152771, 300.744842529, 301.174407959, 301.603973389, 302.033569336, 302.463134766, 302.881072998, 303.310638428, 303.740234375, 304.158172607, 304.576141357, 305.028930664, 305.481719971, 305.92288208, 306.364074707, 306.816864014, 307.26965332, 307.722442627, 308.175231934, 308.62802124, 309.080810547, 309.4871521, 309.89352417, 310.299865723, 310.752655029, 311.193817139, 311.646606445, 312.099395752, 312.552185059, 313.004974365, 313.457763672, 313.910552979, 314.363342285, 314.816131592, 315.280548096, 315.744934082, 316.209350586, 316.673736572, 317.138122559, 317.602539062, 318.078552246, 318.55456543, 319.030548096, 319.506561279, 319.982574463, 320.458587646, 320.93460083, 321.410614014, 321.886627197, 322.374237061, 322.850250244, 323.337860107, 323.813873291, 324.301483154, 324.777496338, 325.265106201, 325.752746582, 326.228759766, 326.704742432, 327.180755615, 327.656768799, 328.132781982, 328.550750732, 328.968688965, 329.375061035, 329.792999268, 330.210968018, 330.628936768, 331.046875, 331.46484375, 331.8828125, 332.300750732, 332.718719482, 333.136688232, 333.566253662, 333.984222412, 334.390563965, 334.808532715, 335.214874268, 335.632843018, 336.085632324, 336.526794434, 336.967987061, 337.420776367, 337.873565674, 338.32635498, 338.779144287, 339.162261963, 339.545379639, 339.928527832, 340.311645508, 340.694763184, 341.077911377, 341.449432373, 341.832550049, 342.215698242, 342.587219238, 342.970336914, 343.423126221, 343.875915527, 344.328704834, 344.781494141, 345.245880127, 345.698669434, 346.163085938, 346.650695801, 347.126708984, 347.602722168, 348.090332031, 348.577941895, 349.065582275, 349.471923828, 349.878265381, 350.284606934, 350.702575684, 351.085693359, 351.480438232, 351.875183105, 352.304748535, 352.734313965, 353.163879395, 353.593475342, 354.023040771, 354.452606201, 354.882171631, 355.311737061, 355.74130249, 356.17086792, 356.612060547, 357.041625977, 357.471191406, 357.912384033, 358.353546143, 358.79473877, 359.235900879, 359.642272949, 360.048614502, 360.443359375, 360.849700928, 361.244445801, 361.639190674, 362.033905029, 362.428649902, 362.823394775, 363.218139648, 363.612884521, 364.112091064, 364.611328125, 365.098937988, 365.586578369, 366.074188232, 366.561798096, 367.061035156, 367.54864502, 368.0362854, 368.523895264, 368.999908447, 369.487518311, 369.975128174, 370.474365234, 370.973602295, 371.472839355, 371.960449219, 372.448059082, 372.935699463, 373.353637695, 373.783203125, 374.201171875, 374.630737305, 375.060302734, 375.489868164, 375.919464111, 376.383850098, 376.848236084, 377.312652588, 377.695770264, 378.078918457, 378.473632812, 378.856781006, 379.251525879, 379.646240234, 380.040985107, 380.43572998, 380.830474854, 381.225219727, 381.619934082, 382.014678955, 382.409423828, 382.804168701, 383.187286377, 383.58203125, 383.976776123, 384.371520996, 384.754638672, 385.149383545, 385.544128418, 385.938873291, 386.333587646, 386.72833252, 387.111480713, 387.506195068, 387.982208252, 388.458221436, 388.934234619, 389.410247803, 389.886260986, 390.36227417, 390.826660156, 391.267852783, 391.709014893, 392.15020752, 392.591369629, 393.032562256, 393.473724365, 393.926513672, 394.379302979, 394.832092285, 395.296508789, 395.760894775, 396.213684082, 396.678100586, 397.142486572, 397.595275879, 398.059661865, 398.524078369, 398.988464355, 399.441253662, 399.940490723, 400.439727783, 400.938934326, 401.554290771, 402.157989502, 402.77331543, 403.388641357, 404.003997803, 404.584472656, 405.164978027, 405.745483398, 406.32598877, 406.906463623, 407.556640625, 408.206787109, 408.903381348, 409.588378906, 410.250152588, 410.900299072, 411.562072754, 412.223846436, 412.87399292, 413.524169922], "beats_loudness": {"dmean2": 0.0342836119235, "median": 0.0297199748456, "min": 0, "dvar2": 0.00161845481489, "dvar": 0.000574383127969, "dmean": 0.0202087908983, "max": 0.222282811999, "var": 0.00110261095688, "mean": 0.0368974469602}, "danceability": 0.892402052879, "bpm_histogram_second_peak_weight": {"dmean2": 0, "median": 0.0683371275663, "min": 0.0683371275663, "dvar2": 0, "dvar": 0, "dmean": 0, "max": 0.0683371275663, "var": 0, "mean": 0.0683371275663}, "beats_count": 879, "bpm_histogram_second_peak_bpm": {"dmean2": 0, "median": 133, "min": 133, "dvar2": 0, "dvar": 0, "dmean": 0, "max": 133, "var": 0, "mean": 133}, "bpm_histogram_first_peak_spread": {"dmean2": 0, "median": 0.608888864517, "min": 0.608888864517, "dvar2": 0, "dvar": 0, "dmean": 0, "max": 0.608888864517, "var": 0, "mean": 0.608888864517}, "beats_loudness_band_ratio": {"dmean2": [0.363298416138, 0.216183394194, 0.128416523337, 0.215492472053, 0.0293120574206, 0.013128480874], "median": [0.475877314806, 0.117088660598, 0.0917340740561, 0.187655597925, 0.0195548515767, 0.00615261495113], "min": [0, 0, 0, 0, 0, 0], "dvar2": [0.0852352380753, 0.0389238260686, 0.0136420568451, 0.0328728482127, 0.00103765248787, 0.000780357338954], "dvar": [0.0306396260858, 0.0144318891689, 0.00471886945888, 0.0117516499013, 0.000370603898773, 0.000283496920019], "dmean": [0.208488509059, 0.12538599968, 0.0747868269682, 0.126131892204, 0.0173798017204, 0.00774563476443], "max": [0.995619654655, 0.89588958025, 0.489246487617, 0.753945171833, 0.165481075644, 0.311873674393], "var": [0.0574388727546, 0.020584769547, 0.00613827910274, 0.0213387999684, 0.000527127063833, 0.000322499836329], "mean": [0.483261376619, 0.164687141776, 0.109356127679, 0.217345386744, 0.0262544993311, 0.0106057394296]}}, "lowlevel": {"barkbands_spread": {"dmean2": 4.53039121628, "median": 12.650510788, "min": 0.271009087563, "dvar2": 16.1047725677, "dvar": 5.7576789856, "dmean": 2.703094244, "max": 72.4508056641, "var": 23.6965274811, "mean": 12.8119192123}, "melbands_spread": {"dmean2": 7.12622356415, "median": 14.8483524323, "min": 0.312913417816, "dvar2": 40.1917648315, "dvar": 14.8080062866, "dmean": 4.25977659225, "max": 168.169448853, "var": 120.278648376, "mean": 15.7658033371}, "hfc": {"dmean2": 4.59844779968, "median": 13.2981433868, "min": 1.06562839431e-16, "dvar2": 33.083065033, "dvar": 14.5173606873, "dmean": 2.99283027649, "max": 116.600112915, "var": 164.540222168, "mean": 15.3015832901}, "barkbands_kurtosis": {"dmean2": 5.14934158325, "median": 1.17559790611, "min": -1.6491099596, "dvar2": 1280.07873535, "dvar": 439.019836426, "dmean": 3.10547709465, "max": 2013.42578125, "var": 865.938964844, "mean": 5.28977870941}, "gfcc": {"mean": [-84.0791931152, 147.566543579, -116.260383606, 14.1317205429, -42.4389038086, 13.4621505737, -10.7437114716, 6.36577653885, -21.8299350739, -23.7235031128, -14.8936195374, -11.7536554337, 3.57965326309], "icov": [[0.000581206171773, -0.00211404822767, 0.00136611692142, -0.00218257447705, 0.00187624548562, -0.00153393018991, 0.00113633542787, -0.000697875279002, 0.00027279072674, 0.000445762212621, 4.77602443425e-05, 4.98793633597e-05, 7.07640210749e-05], [-0.00211404822767, 0.0107347667217, -0.00437186378986, 0.00895257573575, -0.00763369677588, 0.00724780512974, -0.00610116589814, 0.00525832781568, -0.00359140103683, 0.00199077045545, -0.00304856267758, 0.0032024611719, -0.00149864901323], [0.00136611692142, -0.00437186378986, 0.00619683647528, -0.0049225515686, 0.00219907448627, -0.00347725744359, 0.00156768492889, -0.000780635862611, 0.00119062291924, -0.00167242484167, 0.00190643384121, -0.00161819392815, 0.000492373947054], [-0.00218257447705, 0.00895257573575, -0.0049225515686, 0.015868647024, -0.008923785761, 0.00361198093742, -0.00176326290239, 0.00177002802957, -0.00231514312327, 0.00364469899796, -0.00493315979838, 0.00338289071806, -0.000398986332584], [0.00187624548562, -0.00763369677588, 0.00219907448627, -0.008923785761, 0.01724652946, -0.00491449749097, 0.000466509023681, -0.00329410424456, 0.000932391907554, 0.000669964589179, 0.00169763341546, -0.00317321997136, 0.000921322032809], [-0.00153393018991, 0.00724780512974, -0.00347725744359, 0.00361198093742, -0.00491449749097, 0.0209993943572, -0.0100189168006, 0.00380731350742, -0.00553811760619, 0.00183312781155, -0.000143130077049, 0.00279093766585, -0.00410666968673], [0.00113633542787, -0.00610116589814, 0.00156768492889, -0.00176326290239, 0.000466509023681, -0.0100189168006, 0.0220128167421, -0.010465557687, 0.00256719905883, -0.00139494310133, -0.000475950713735, 0.0033078501001, 0.00245611718856], [-0.000697875279002, 0.00525832781568, -0.000780635862611, 0.00177002802957, -0.00329410424456, 0.00380731350742, -0.010465557687, 0.0263425558805, -0.00859371293336, 0.000222759466851, -0.00233676051721, 0.00182560156099, 0.00218409416266], [0.00027279072674, -0.00359140103683, 0.00119062291924, -0.00231514312327, 0.000932391907554, -0.00553811760619, 0.00256719905883, -0.00859371293336, 0.0230657942593, -0.00754103483632, 0.00746815931052, -0.00400735158473, 0.00344780297019], [0.000445762212621, 0.00199077045545, -0.00167242484167, 0.00364469899796, 0.000669964589179, 0.00183312781155, -0.00139494310133, 0.000222759466851, -0.00754103483632, 0.0289860125631, -0.0149208903313, 0.00683719245717, -8.73116514413e-05], [4.77602443425e-05, -0.00304856267758, 0.00190643384121, -0.00493315979838, 0.00169763341546, -0.000143130077049, -0.000475950713735, -0.00233676051721, 0.00746815931052, -0.0149208903313, 0.0243055317551, -0.00519611267373, 0.00834783539176], [4.98793633597e-05, 0.0032024611719, -0.00161819392815, 0.00338289071806, -0.00317321997136, 0.00279093766585, 0.0033078501001, 0.00182560156099, -0.00400735158473, 0.00683719245717, -0.00519611267373, 0.02748115547, -0.00648041954264], [7.07640210749e-05, -0.00149864901323, 0.000492373947054, -0.000398986332584, 0.000921322032809, -0.00410666968673, 0.00245611718856, 0.00218409416266, 0.00344780297019, -8.73116514413e-05, 0.00834783539176, -0.00648041954264, 0.0329496562481]], "cov": [[27195.0175781, 2793.99169922, -3202.39257812, 967.43927002, -893.93371582, 157.92779541, -276.862854004, -172.045776367, 23.0435600281, -656.616577148, 250.276351929, -535.506103516, 32.0832939148], [2793.99169922, 616.906555176, -241.069885254, -2.99544644356, -28.8695964813, -18.0592041016, 26.0392055511, -33.6441230774, 14.3312397003, -57.4407958984, 34.6156539917, -70.2035827637, 0.240799441934], [-3202.39257812, -241.069885254, 633.061340332, -67.4496154785, 140.965179443, 4.9443154335, 49.9866523743, 17.1855945587, 5.00761032104, 78.8139190674, -33.5746421814, 62.381072998, -2.0944006443], [967.43927002, -2.99544644356, -67.4496154785, 188.340087891, 4.40563726425, 26.1005210876, -13.9274206161, 7.22377872467, 1.99438786507, -29.1957302094, 20.4104728699, -19.1461105347, -4.45891714096], [-893.93371582, -28.8695964813, 140.965179443, 4.40563726425, 135.248199463, 11.4921207428, 36.5409164429, 17.282409668, 9.97861289978, 15.736746788, -7.64509820938, 16.9412822723, -3.39877510071], [157.92779541, -18.0592041016, 4.9443154335, 26.1005210876, 11.4921207428, 84.0855026245, 31.0977611542, 13.0074920654, 17.3032722473, -6.16784667969, -8.81946849823, -9.44668292999, 4.60950517654], [-276.862854004, 26.0392055511, 49.9866523743, -13.9274206161, 36.5409164429, 31.0977611542, 96.0798187256, 35.7827949524, 15.0656223297, 20.8588066101, 9.3349981308, -14.9646434784, -12.6457681656], [-172.045776367, -33.6441230774, 17.1855945587, 7.22377872467, 17.282409668, 13.0074920654, 35.7827949524, 64.0350341797, 22.5355587006, 16.4918117523, 8.27443218231, -5.76596450806, -12.648806572], [23.0435600281, 14.3312397003, 5.00761032104, 1.99438786507, 9.97861289978, 17.3032722473, 15.0656223297, 22.5355587006, 62.0905990601, 10.581360817, -7.58730363846, -1.79057657719, -5.08651304245], [-656.616577148, -57.4407958984, 78.8139190674, -29.1957302094, 15.736746788, -6.16784667969, 20.8588066101, 16.4918117523, 10.581360817, 77.0064544678, 32.1936569214, -0.274362564087, -15.7038631439], [250.276351929, 34.6156539917, -33.5746421814, 20.4104728699, -7.64509820938, -8.81946849823, 9.3349981308, 8.27443218231, -7.58730363846, 32.1936569214, 80.7590942383, -9.62942123413, -21.8190460205], [-535.506103516, -70.2035827637, 62.381072998, -19.1461105347, 16.9412822723, -9.44668292999, -14.9646434784, -5.76596450806, -1.79057657719, -0.274362564087, -9.62942123413, 57.1347007751, 10.5029020309], [32.0832939148, 0.240799441934, -2.0944006443, -4.45891714096, -3.39877510071, 4.60950517654, -12.6457681656, -12.648806572, -5.08651304245, -15.7038631439, -21.8190460205, 10.5029020309, 40.8034820557]]}, "spectral_energyband_middle_low": {"dmean2": 0.005227252841, "median": 0.00708257500082, "min": 1.64185670691e-22, "dvar2": 6.32304290775e-05, "dvar": 2.32411603065e-05, "dmean": 0.0031877416186, "max": 0.162861689925, "var": 0.000123300633277, "mean": 0.00992828607559}, "melbands_crest": {"dmean2": 7.65207576752, "median": 19.0111942291, "min": 1.66693556309, "dvar2": 39.3510665894, "dvar": 14.4040594101, "dmean": 4.49474287033, "max": 39.9596977234, "var": 39.4850082397, "mean": 18.7217273712}, "spectral_kurtosis": {"dmean2": 6.2689614296, "median": 9.37017631531, "min": -1.25643360615, "dvar2": 37.7407531738, "dvar": 12.1228542328, "dmean": 3.52614140511, "max": 100.648796082, "var": 38.6207847595, "mean": 10.7840604782}, "spectral_rms": {"dmean2": 0.00155243836343, "median": 0.00545121869072, "min": 3.1386722648e-12, "dvar2": 2.49507957051e-06, "dvar": 9.33827436711e-07, "dmean": 0.00094782729866, "max": 0.0196795277297, "var": 8.62656361278e-06, "mean": 0.00531482696533}, "zerocrossingrate": {"dmean2": 0.00644600205123, "median": 0.0283203125, "min": 0, "dvar2": 5.87881622778e-05, "dvar": 3.21849511238e-05, "dmean": 0.00447048898786, "max": 0.52783203125, "var": 0.00130952498876, "mean": 0.0313930436969}, "silence_rate_60dB": {"dmean2": 0.011208249256, "median": 0, "min": 0, "dvar2": 0.0144417593256, "dvar": 0.00557156885043, "dmean": 0.0056038107723, "max": 1, "var": 0.130198329687, "mean": 0.153872013092}, "erbbands_kurtosis": {"dmean2": 1.77558064461, "median": 1.01999855042, "min": -1.59622609615, "dvar2": 3.19025993347, "dvar": 1.26837205887, "dmean": 1.10080063343, "max": 21.7116355896, "var": 4.23863697052, "mean": 1.54892957211}, "erbbands": {"dmean2": [0.0333253704011, 2.35217142105, 15.9514856339, 5.95011329651, 4.43342113495, 23.2756729126, 6.24882650375, 2.29296588898, 2.89244389534, 8.41871356964, 6.79951381683, 36.4552459717, 45.9474639893, 77.8345336914, 70.3417053223, 11.8002176285, 4.7116484642, 3.50005125999, 4.76202106476, 20.8713932037, 8.27260303497, 2.70803260803, 4.78194284439, 1.50611841679, 9.71568584442, 0.930582404137, 0.513857662678, 0.103123679757, 0.22018763423, 0.158555284142, 0.067588031292, 0.0745406597853, 0.0313731245697, 0.0203138273209, 0.00183383107651, 0.000270843593171, 0.000134008208988, 7.00788805261e-05, 1.76409284904e-05, 2.35616535065e-05], "median": [0.0206298343837, 1.28466320038, 8.09763050079, 2.69187021255, 2.99763512611, 11.9501781464, 5.96362781525, 2.37013578415, 3.29917240143, 6.57359790802, 7.02949333191, 23.2645149231, 47.997379303, 95.5436172485, 55.1938896179, 12.0002803802, 4.26841926575, 3.65317726135, 5.31670618057, 16.8590354919, 6.55522918701, 1.49990987778, 1.0476140976, 1.88989341259, 9.12869644165, 1.10400867462, 0.598710179329, 0.153321906924, 0.27378898859, 0.182555377483, 0.0912817716599, 0.084738612175, 0.0397204644978, 0.0239611454308, 0.00338671077043, 0.000848025956657, 0.000425116915721, 0.000210106489249, 6.07134461461e-05, 3.91515932279e-05], "min": [1.2776647443e-22, 4.79718206176e-22, 2.91763383959e-21, 3.57367954796e-21, 9.43398115368e-21, 2.14643659279e-20, 3.41846766863e-20, 7.08156172496e-20, 6.70222315839e-20, 1.8466902818e-19, 2.34090381443e-19, 3.77619349213e-19, 5.3930490558e-19, 8.19617751911e-19, 6.33968126964e-19, 7.74565153053e-19, 1.80902600848e-18, 2.01898678182e-18, 2.19603838128e-18, 2.65765003764e-18, 3.55289706805e-18, 4.72803740913e-18, 5.54866344251e-18, 5.78135637985e-18, 6.84667277818e-18, 9.78415698307e-18, 8.11924424207e-18, 1.02559973481e-17, 1.146134343e-17, 1.05063658944e-17, 9.77376345868e-18, 9.31464761303e-18, 1.05646184346e-17, 8.43703876161e-18, 6.30985406733e-18, 4.12968597328e-18, 2.30831036506e-18, 9.60510856961e-19, 2.58269697929e-19, 2.59567256735e-20], "dvar2": [0.00212134118192, 10.6356801987, 448.284942627, 65.2040100098, 44.3390541077, 1874.73339844, 87.7302017212, 12.904964447, 24.982465744, 154.877105713, 100.01008606, 3040.34301758, 4619.83398438, 11961.2539062, 14642.6748047, 342.297607422, 46.545791626, 27.3726787567, 47.879360199, 1038.27441406, 184.176803589, 36.3112297058, 149.48348999, 5.09682321548, 208.474395752, 1.9005843401, 0.938388586044, 0.0340775772929, 0.134491309524, 0.0720453560352, 0.0128106847405, 0.0243577212095, 0.00316848466173, 0.00141974631697, 8.4823659563e-06, 1.36044036481e-07, 2.62850843313e-08, 6.54296528069e-09, 4.01117000726e-10, 9.15906406274e-10], "dvar": [0.00089721014956, 4.44860649109, 161.847808838, 19.1679401398, 13.584854126, 681.793151855, 31.2858505249, 4.90521478653, 18.6185512543, 64.2937393188, 67.6166000366, 1236.21386719, 1910.36413574, 6075.3984375, 6769.24755859, 133.024139404, 22.9451522827, 12.110616684, 18.6395759583, 398.850158691, 71.9659042358, 11.8136539459, 48.9848976135, 1.72015297413, 70.1667785645, 0.660794377327, 0.34938916564, 0.0132174352184, 0.0510439313948, 0.0284039583057, 0.00496995961294, 0.010628355667, 0.00143421569373, 0.000571978918742, 3.55645261152e-06, 5.0602046997e-08, 9.63550128574e-09, 2.59103583033e-09, 1.56474971869e-10, 3.44584610845e-10], "dmean": [0.0215251855552, 1.50809633732, 9.41724967957, 3.2108232975, 2.44781422615, 14.1497039795, 3.79969358444, 1.45957410336, 2.40486860275, 5.28816795349, 5.37968683243, 22.5643024445, 29.3161048889, 54.2139282227, 47.0625267029, 7.23401021957, 3.17208456993, 2.30278229713, 2.96021008492, 12.7219848633, 5.06789493561, 1.54504537582, 2.71238660812, 0.87363409996, 5.59471416473, 0.539799392223, 0.31222987175, 0.0643060430884, 0.133697733283, 0.0969169810414, 0.0415242612362, 0.0461478419602, 0.0199086815119, 0.0125361336395, 0.00114672083873, 0.000164813129231, 8.03635630291e-05, 4.31657754234e-05, 1.09132333819e-05, 1.43465440487e-05], "max": [0.518424034119, 33.6347808838, 217.260513306, 58.7642860413, 96.1337356567, 797.130065918, 161.717163086, 69.9316635132, 216.195465088, 379.087646484, 221.27142334, 805.407653809, 1046.86279297, 2632.57910156, 2650.44213867, 275.192016602, 119.52973938, 74.0945358276, 126.432312012, 447.85836792, 247.295333862, 73.6625213623, 156.204040527, 26.5037689209, 170.562026978, 17.4066562653, 30.4177837372, 3.9314455986, 8.98449993134, 5.63344192505, 2.34134578705, 5.55987548828, 1.95501577854, 0.992671191692, 0.0699328705668, 0.00928723812103, 0.00283416709863, 0.00159694289323, 0.000407746381825, 0.000451761181466], "var": [0.00233800988644, 10.0772027969, 387.664611816, 30.9096641541, 35.8662147522, 2600.03442383, 193.949508667, 22.4687995911, 117.766197205, 273.127044678, 329.425262451, 3249.4543457, 7989.09521484, 33280.0429688, 19751.0136719, 479.258270264, 74.4026031494, 37.6090087891, 50.5627632141, 1049.17858887, 215.479431152, 29.1374092102, 102.585906982, 6.59203672409, 241.251205444, 2.47910428047, 1.27922272682, 0.0947479382157, 0.241683453321, 0.132010668516, 0.032812744379, 0.0379115380347, 0.00711733847857, 0.00277015147731, 2.98321810988e-05, 7.59697627473e-07, 1.06963746305e-07, 2.66628372714e-08, 1.89049198518e-09, 1.58423074659e-09], "mean": [0.0376480668783, 2.43255138397, 15.0177907944, 4.54801273346, 4.70600986481, 30.1179332733, 10.5411586761, 3.77238512039, 6.74838924408, 11.2609462738, 13.217092514, 40.9425926208, 74.1171188354, 147.995986938, 98.7366104126, 17.9993057251, 6.88911151886, 5.39567422867, 6.96411418915, 26.4746265411, 11.1933546066, 3.43986344337, 4.61752271652, 2.51984524727, 13.6579761505, 1.50296926498, 0.922832548618, 0.254375308752, 0.41731891036, 0.291455566883, 0.14729860425, 0.140452504158, 0.0666996985674, 0.0396770723164, 0.00496804807335, 0.000985147198662, 0.000436398520833, 0.000222392496653, 6.2279345002e-05, 4.63288852188e-05]}, "spectral_strongpeak": {"dmean2": 0.726879715919, "median": 0.559563159943, "min": 0, "dvar2": 1.47010505199, "dvar": 0.544145286083, "dmean": 0.412513583899, "max": 9.00716972351, "var": 0.958816170692, "mean": 0.817070484161}, "spectral_energy": {"dmean2": 0.0216397102922, "median": 0.0304586794227, "min": 1.00975447948e-20, "dvar2": 0.000776478496846, "dvar": 0.000291595380986, "dmean": 0.0131536899135, "max": 0.396965920925, "var": 0.00119514123071, "mean": 0.0377953760326}, "average_loudness": 0.249185577035, "spectral_rolloff": {"dmean2": 297.823699951, "median": 861.328125, "min": 21.533203125, "dvar2": 180888.3125, "dvar": 77912.296875, "dmean": 168.345916748, "max": 19509.0820312, "var": 1810845.875, "mean": 861.290771484}, "spectral_centroid": {"dmean2": 239.521469116, "median": 797.253540039, "min": 151.767227173, "dvar2": 63664.9140625, "dvar": 24435.890625, "dmean": 140.167266846, "max": 11908.3671875, "var": 646396.5, "mean": 891.53137207}, "pitch_salience": {"dmean2": 0.133509233594, "median": 0.478647172451, "min": 0.00443536881357, "dvar2": 0.0127326007932, "dvar": 0.00463636592031, "dmean": 0.0799179673195, "max": 0.980486512184, "var": 0.0136186312884, "mean": 0.465474098921}, "spectral_energyband_middle_high": {"dmean2": 0.0030094939284, "median": 0.00609061354771, "min": 1.20736390905e-21, "dvar2": 1.77609035745e-05, "dvar": 9.0750227173e-06, "dmean": 0.00210911571048, "max": 0.0984766036272, "var": 6.85863487888e-05, "mean": 0.00805904623121}, "spectral_contrast_coeffs": {"dmean2": [0.0820064172149, 0.0501392669976, 0.0527346096933, 0.0414609089494, 0.0323252528906, 0.016524149105], "median": [-0.575992822647, -0.751999795437, -0.712427794933, -0.757331728935, -0.744738578796, -0.768721818924], "min": [-0.98273563385, -0.990637660027, -0.99237293005, -0.997929513454, -0.968964934349, -0.966241121292], "dvar2": [0.00427597993985, 0.00160134409089, 0.00172248587478, 0.00105294073001, 0.00063416530611