{"tonal": {"thpcp": [1, 0.546158373356, 0.225218936801, 0.162779986858, 0.162505954504, 0.313338786364, 0.475664705038, 0.316125184298, 0.111181929708, 0.0840212926269, 0.0931152552366, 0.231530085206, 0.322837918997, 0.24028454721, 0.468386858702, 0.693021655083, 0.387753009796, 0.11005589366, 0.0769186168909, 0.114951178432, 0.376784384251, 0.588462412357, 0.413995683193, 0.214150562882, 0.148084059358, 0.144502639771, 0.281010717154, 0.36168512702, 0.28166487813, 0.279148429632, 0.283593505621, 0.186050906777, 0.143392965198, 0.160065948963, 0.270804405212, 0.776582062244], "hpcp": {"dmean2": [0.321231812239, 0.312562823296, 0.224720820785, 0.171344578266, 0.167812436819, 0.192102193832, 0.154901728034, 0.150796473026, 0.0991562306881, 0.0735972374678, 0.0777442902327, 0.125541180372, 0.160458356142, 0.148475646973, 0.185990303755, 0.206546887755, 0.165158167481, 0.0986306220293, 0.0762459412217, 0.105011545122, 0.180526509881, 0.207397133112, 0.216498330235, 0.189139261842, 0.143062770367, 0.141201481223, 0.174532219768, 0.19724394381, 0.207476049662, 0.216845616698, 0.179716110229, 0.142477780581, 0.137835159898, 0.147655308247, 0.212436497211, 0.297854542732], "median": [0.282085239887, 0.14338940382, 0.0148530118167, 0.00545126013458, 0.00723025854677, 0.0193197354674, 0.0242081880569, 0.0184165295213, 0.00837664119899, 0.00427748402581, 0.00602616369724, 0.0252319872379, 0.036541454494, 0.0363588519394, 0.0631632804871, 0.0866276472807, 0.0486698672175, 0.00633317418396, 0.00315010361373, 0.00623853970319, 0.0520916767418, 0.0915377959609, 0.073793053627, 0.0164173990488, 0.0081033827737, 0.00749839609489, 0.0284997932613, 0.0417606458068, 0.0282673500478, 0.0116751529276, 0.0101190060377, 0.00861196778715, 0.0092216860503, 0.0111789721996, 0.0314544886351, 0.162215918303], "min": [0, 0, 0, 0, 0, 0, 0, 0, 0, 0, 0, 0, 0, 0, 0, 0, 0, 0, 0, 0, 0, 0, 0, 0, 0, 0, 0, 0, 0, 0, 0, 0, 0, 0, 0, 0], "dvar2": [0.13189265132, 0.137573316693, 0.131483882666, 0.10012678057, 0.0984608232975, 0.100987069309, 0.0814114063978, 0.069397225976, 0.0529592372477, 0.0348442308605, 0.0328481681645, 0.0518741086125, 0.0700378939509, 0.059102371335, 0.0670479461551, 0.0884059220552, 0.0666820928454, 0.0529425367713, 0.0399642884731, 0.0508156046271, 0.07623385638, 0.0895378962159, 0.0917410477996, 0.100747451186, 0.0784845426679, 0.0881386622787, 0.0879359021783, 0.102335095406, 0.110807783902, 0.134811967611, 0.10907907784, 0.0820412635803, 0.0784710049629, 0.0868506804109, 0.103563077748, 0.12580755353], "dvar": [0.0562573261559, 0.0500211678445, 0.047754380852, 0.0366296730936, 0.0355788581073, 0.0375761575997, 0.0358409173787, 0.0266569610685, 0.0191075876355, 0.0128205446526, 0.0121794175357, 0.0205988660455, 0.028560012579, 0.0229517221451, 0.0275581981987, 0.0399683602154, 0.0265555810183, 0.0192094817758, 0.0144915198907, 0.0184179469943, 0.0291153900325, 0.0385807454586, 0.0345123447478, 0.03733426705, 0.0288560055196, 0.0318307541311, 0.034161657095, 0.0402495600283, 0.0410834439099, 0.0504707545042, 0.0419412925839, 0.0299286544323, 0.0283074490726, 0.031026661396, 0.0370122231543, 0.0505720451474], "dmean": [0.190455108881, 0.179462984204, 0.123466059566, 0.0935708060861, 0.0922276377678, 0.108281686902, 0.0926748141646, 0.0883441716433, 0.0549700148404, 0.0409878715873, 0.0436976365745, 0.0742942765355, 0.0952361002564, 0.0871030688286, 0.111684188247, 0.123756624758, 0.0987153947353, 0.0546317435801, 0.0418776869774, 0.0586637966335, 0.106964379549, 0.126028135419, 0.125903472304, 0.105902977288, 0.0790536552668, 0.0775448009372, 0.101069703698, 0.115706652403, 0.116750441492, 0.119577467442, 0.101002074778, 0.079336181283, 0.0751333683729, 0.0812075585127, 0.117862336338, 0.174896597862], "max": [1, 1, 1, 1, 1, 1, 1, 1, 1, 1, 1, 1, 1, 1, 1, 1, 1, 1, 1, 1, 1, 1, 1, 1, 1, 1, 1, 1, 1, 1, 1, 1, 1, 1, 1, 1], "var": [0.141175314784, 0.0614777989686, 0.0377306602895, 0.0279407929629, 0.0270395688713, 0.0488291420043, 0.109956890345, 0.0534626729786, 0.0145546803251, 0.0105880275369, 0.0105966962874, 0.0312747620046, 0.0509483516216, 0.0270163193345, 0.0643278360367, 0.13214302063, 0.0493634045124, 0.0161266997457, 0.0107416342944, 0.0150397140533, 0.0495056696236, 0.102610915899, 0.0515527315438, 0.0322490334511, 0.0232298467308, 0.0244439281523, 0.0426158942282, 0.0591729283333, 0.0426570512354, 0.0563736744225, 0.0625524148345, 0.0312531813979, 0.0206901337951, 0.0235305596143, 0.0338059552014, 0.119590677321], "mean": [0.415791988373, 0.227088287473, 0.0936442315578, 0.0676826164126, 0.0675686746836, 0.130283758044, 0.197777569294, 0.131442323327, 0.0462285540998, 0.0349353812635, 0.0387165769935, 0.0962683558464, 0.134233415127, 0.0999083891511, 0.194751501083, 0.288152843714, 0.161224588752, 0.0457603596151, 0.0319821462035, 0.0477957800031, 0.156663924456, 0.244677960873, 0.172136083245, 0.0890420898795, 0.0615721680224, 0.0600830428302, 0.116842009127, 0.150385782123, 0.117114000022, 0.116067685187, 0.117915906012, 0.0773584768176, 0.0596216470003, 0.0665541365743, 0.11259829998, 0.32289659977]}, "tuning_equal_tempered_deviation": 0.0271290801466, "chords_changes_rate": 0.0443037971854, "key_key": "D", "tuning_diatonic_strength": 0.679004669189, "key_scale": "major", "chords_number_rate": 0.00183748465497, "tuning_frequency": 444.598632813, "tuning_nontempered_energy_ratio": 0.664480924606, "chords_histogram": [39.9959182739, 3.06247448921, 35.6880340576, 1.18415677547, 0.0816659852862, 0, 0, 0, 0.510412395, 0.122498981655, 0.551245391369, 0, 0, 0, 0, 1.63331973553, 0, 1.89873421192, 0, 1.55165374279, 0.469579428434, 0.959575355053, 6.98244190216, 5.30828905106], "key_strength": 0.882291734219, "chords_key": "D", "chords_strength": {"dmean2": 0.00809107255191, "median": 0.559110164642, "min": 0.317307561636, "dvar2": 5.61660017411e-05, "dvar": 5.46546907572e-05, "dmean": 0.00865680817515, "max": 0.77250033617, "var": 0.00724454643205, "mean": 0.556059062481}, "chords_scale": "major", "hpcp_entropy": {"dmean2": 0.977508664131, "median": 1.89480829239, "min": 0, "dvar2": 0.663374483585, "dvar": 0.25693371892, "dmean": 0.589458763599, "max": 4.26917648315, "var": 0.523395121098, "mean": 1.86951291561}}, "metadata": {"audio_properties": {"equal_loudness": 0, "codec": "flac", "downmix": "mix", "sample_rate": 44100, "analysis_sample_rate": 44100, "bit_rate": 0, "md5_encoded": "07d542105a0707985eaf2355b36586e3", "length": 227.373336792, "replay_gain": -9.78483963013, "lossless": true}, "version": {"essentia_build_sha": "2d9f1f26377add8aeb1075a9c2973f962c4f09fd", "essentia": "2.1-beta2", "extractor": "music 1.0", "essentia_git_sha": "v2.1_beta2-1-ge3940c0"}, "tags": {"title": ["Go Home Girl"], "barcode": ["081227997052"], "media": ["CD"], "albumartist": ["Arthur Alexander"], "tracktotal": ["26"], "albumartistsort": ["Alexander, Arthur"], "performer": ["Jim Spake (saxophone)", "Mike Leech (bass)", "Gene Chrisman (drums)", "Reggie Young (guitar)", "Dan Penn (acoustic guitar)", "Gary Nicholson (acoustic guitar)", "Ashley Cleveland (vocals)", "Dan Penn (vocals)", "Thomas Cain (vocals)", "Donnie Fritts (maracas)", "Thomas Cain (cowbell)", "Tommy Spurlock (pedal steel guitar)", "Spooner Oldham (piano)", "Arthur Alexander (lead vocals)"], "releasetype": ["album", "compilation"], "musicbrainz_recordingid": ["0aa3b327-4e0a-4fce-9ffa-41a463827d58"], "artistsort": ["Alexander, Arthur"], "musicbrainz_albumid": ["c0bc76e4-69a8-4d99-b3dc-2999cfc59534"], "mixer": ["Ben Vaughn", "Donivan Cowart"], "musicbrainz_albumartistid": ["749896c9-578c-459c-9487-22f5376172ab"], "musicbrainz_releasegroupid": ["5f782db3-bf55-4785-8385-ad8324327a8f"], "originalyear": ["2007"], "lyricist": ["Arthur Alexander"], "producer": ["Ben Vaughn", "Danny Kahn", "David Gorman", "Michael Nieves"], "discnumber": ["1"], "album": ["Lonely Just Like Me: The Final Chapter"], "catalognumber": ["R2 271932"], "releasecountry": ["US"], "engineer": ["Donivan Cowart"], "file_name": "02 Go Home Girl .flac", "originaldate": ["2007"], "work": ["Go Home Girl"], "date": ["2007"], "genre": ["Country Soul"], "composersort": ["Alexander, Arthur"], "disctotal": ["1"], "releasestatus": ["official"], "musicbrainz_artistid": ["749896c9-578c-459c-9487-22f5376172ab"], "asin": ["B000SM7QZW"], "musicbrainz_workid": ["b8562b0c-29dc-4b43-bda7-ae02750e01dd"], "musicbrainz_releasetrackid": ["9634bedd-e2e2-3615-98cd-d54983d60da7"], "artist": ["Arthur Alexander"], "tracknumber": ["2"], "composer": ["Arthur Alexander"], "bpm": ["113"], "label": ["Hacktone Records"], "isrc": ["USNO19347502"], "totaldiscs": ["1"], "script": ["Latn"], "totaltracks": ["26"]}}, "rhythm": {"bpm_histogram_first_peak_bpm": {"dmean2": 0, "median": 112, "min": 112, "dvar2": 0, "dvar": 0, "dmean": 0, "max": 112, "var": 0, "mean": 112}, "bpm": 112.924407959, "bpm_histogram_second_peak_spread": {"dmean2": 0, "median": 0, "min": 0, "dvar2": 0, "dvar": 0, "dmean": 0, "max": 0, "var": 0, "mean": 0}, "bpm_histogram_first_peak_weight": {"dmean2": 0, "median": 0.730046927929, "min": 0.730046927929, "dvar2": 0, "dvar": 0, "dmean": 0, "max": 0.730046927929, "var": 0, "mean": 0.730046927929}, "onset_rate": 3.98868894577, "beats_position": [0.580498874187, 1.16099774837, 1.74149656296, 2.29877543449, 2.83283448219, 3.36689329147, 3.90095233917, 4.43501138687, 4.95746040344, 5.47990942001, 6.01396799088, 6.54802703857, 7.07047605515, 7.59292507172, 8.12698364258, 8.66104316711, 9.19510173798, 9.72916126251, 10.2632198334, 10.7972784042, 11.3313379288, 11.8537864685, 12.387845993, 12.9102945328, 13.4443531036, 13.9784126282, 14.512471199, 15.0465307236, 15.5689792633, 16.0914287567, 16.6254863739, 17.1595458984, 17.693605423, 18.2276649475, 18.7617225647, 19.2957820892, 19.8298416138, 20.363899231, 20.8979587555, 21.43201828, 21.9544658661, 22.4769153595, 23.010974884, 23.5450344086, 24.0790920258, 24.6015415192, 25.1239910126, 25.6580486298, 26.1921081543, 26.7261676788, 27.2602272034, 27.7942848206, 28.3283443451, 28.8624038696, 29.3964614868, 29.9305210114, 30.4645805359, 30.9870281219, 31.5210876465, 32.0435371399, 32.5775947571, 33.111656189, 33.6457138062, 34.1797714233, 34.7138328552, 35.2478904724, 35.7819480896, 36.3160095215, 36.8384590149, 37.3609046936, 37.8949661255, 38.4290237427, 38.9630813599, 39.4971427917, 40.0312004089, 40.5536499023, 41.0877075195, 41.6101570129, 42.1442184448, 42.678276062, 43.2123336792, 43.7463951111, 44.2804527283, 44.8145103455, 45.3485717773, 45.8710212708, 46.4050788879, 46.9275283813, 47.4615859985, 47.9956436157, 48.5297050476, 49.0637626648, 49.5862121582, 50.1086616516, 50.6427192688, 51.1651687622, 51.7108383179, 52.2448959351, 52.7789573669, 53.3130149841, 53.8470726013, 54.3811340332, 54.9151916504, 55.4492492676, 55.9833106995, 56.5057601929, 57.0398178101, 57.5622673035, 58.0963249207, 58.6303825378, 59.1644439697, 59.6752815247, 60.2093429565, 60.7434005737, 61.2774581909, 61.8115196228, 62.34557724, 62.8680267334, 63.3904762268, 63.924533844, 64.4585952759, 64.9926528931, 65.5267105103, 66.0607681274, 66.5948257446, 67.1288909912, 67.6629486084, 68.1970062256, 68.7194519043, 69.2419052124, 69.7759628296, 70.3100204468, 70.8556900024, 71.3781356812, 71.9122009277, 72.4462585449, 72.9803161621, 73.5143737793, 74.0484313965, 74.5592727661, 75.0933303833, 75.6273880005, 76.1614532471, 76.6955108643, 77.2295684814, 77.7520141602, 78.2744674683, 78.8085250854, 79.3425827026, 79.8766403198, 80.410697937, 80.9447631836, 81.4788208008, 82.012878418, 82.5353240967, 83.0577774048, 83.591835022, 84.1258926392, 84.6599502563, 85.1940155029, 85.7164611816, 86.2389068604, 86.7729721069, 87.3070297241, 87.8410873413, 88.3751449585, 88.9092025757, 89.4432601929, 89.9773254395, 90.5113830566, 91.0338287354, 91.5562820435, 92.0903396606, 92.6243972778, 93.158454895, 93.6925125122, 94.2265777588, 94.737411499, 95.2714691162, 95.8055343628, 96.33959198, 96.8736495972, 97.4077072144, 97.9417648315, 98.4758224487, 99.0098876953, 99.532333374, 100.054779053, 100.588844299, 101.111289978, 101.645347595, 102.179405212, 102.713470459, 103.235916138, 103.769973755, 104.304031372, 104.838096619, 105.372154236, 105.894599915, 106.428657532, 106.95111084, 107.473556519, 107.996009827, 108.530067444, 109.052513123, 109.574966431, 110.109024048, 110.631469727, 111.153923035, 111.687980652, 112.222038269, 112.756095886, 113.290153503, 113.82421875, 114.346664429, 114.880722046, 115.414779663, 115.937232971, 116.471290588, 116.993736267, 117.516189575, 118.050247192, 118.58430481, 119.118362427, 119.652427673, 120.186485291, 120.720542908, 121.254600525, 121.788658142, 122.322715759, 122.856781006, 123.390838623, 123.913284302, 124.43573761, 124.969795227, 125.503852844, 126.037910461, 126.571968079, 127.106025696, 127.628479004, 128.162536621, 128.6849823, 129.219039917, 129.753097534, 130.28717041, 130.821228027, 131.355285645, 131.877731323, 132.41178894, 132.934234619, 133.468292236, 134.002349854, 134.536407471, 135.070480347, 135.604537964, 136.138595581, 136.672653198, 137.195098877, 137.729156494, 138.263214111, 138.797271729, 139.319732666, 139.853790283, 140.3878479, 140.921905518, 141.455963135, 141.990020752, 142.524078369, 143.046524048, 143.568969727, 144.103042603, 144.63710022, 145.171157837, 145.693603516, 146.216049194, 146.750106812, 147.284164429, 147.829833984, 148.363891602, 148.909561157, 149.443618774, 149.966079712, 150.500137329, 151.022583008, 151.556640625, 152.090698242, 152.624755859, 153.147201538, 153.669662476, 154.203720093, 154.73777771, 155.260223389, 155.805892944, 156.339950562, 156.874008179, 157.408065796, 157.942123413, 158.464584351, 158.998641968, 159.521087646, 160.055145264, 160.589202881, 161.11164856, 161.634094238, 162.168167114, 162.702224731, 163.236282349, 163.770339966, 164.304397583, 164.826843262, 165.34928894, 165.883346558, 166.417419434, 166.951477051, 167.485534668, 168.019592285, 168.553649902, 169.08770752, 169.610153198, 170.132598877, 170.666656494, 171.20072937, 171.734786987, 172.257232666, 172.779678345, 173.313735962, 173.847793579, 174.381851196, 174.915908813, 175.449981689, 175.984039307, 176.518096924, 177.052154541, 177.586212158, 178.108657837, 178.631103516, 179.165161133, 179.69921875, 180.233291626, 180.767349243, 181.30140686, 181.835464478, 182.369522095, 182.903579712, 183.426025391, 183.948471069, 184.482528687, 185.016601563, 185.55065918, 186.084716797, 186.607162476, 187.129608154, 187.663665771, 188.197723389, 188.731781006, 189.265853882, 189.799911499, 190.333969116, 190.868026733, 191.402084351, 191.924530029, 192.446975708, 192.981033325, 193.515090942, 194.049163818, 194.583221436, 195.117279053, 195.65133667, 196.173782349, 196.696228027, 197.230285645, 197.764343262, 198.298416138, 198.832473755, 199.366531372, 199.900588989, 200.434646606, 200.957092285, 201.491149902, 202.013595581, 202.547653198, 203.081726074, 203.615783691, 204.149841309, 204.672286987, 205.194732666, 205.728790283, 206.2628479, 206.796905518, 207.330978394, 207.865036011, 208.399093628, 208.921539307, 209.443984985, 209.978042603, 210.51210022, 211.046157837, 211.580215454, 212.11428833, 212.648345947, 213.182403564, 213.704849243, 214.227294922, 214.761352539, 215.295410156, 215.829467773, 216.351928711, 216.87437439, 217.408432007, 217.942489624, 218.476547241, 219.010604858, 219.544662476, 220.078720093, 220.61277771, 221.146850586, 221.680908203, 222.21496582, 222.737411499, 223.259857178, 223.793914795, 224.327972412, 224.862030029, 225.396102905, 225.930160522, 226.452606201, 226.986663818], "beats_loudness": {"dmean2": 0.0533406659961, "median": 0.0500188842416, "min": 2.74164676739e-07, "dvar2": 0.00178138713818, "dvar": 0.000542889814824, "dmean": 0.0288294497877, "max": 0.165404036641, "var": 0.000902669096831, "mean": 0.0509172268212}, "danceability": 1.35635745525, "bpm_histogram_second_peak_weight": {"dmean2": 0, "median": 0.00704225338995, "min": 0.00704225338995, "dvar2": 0, "dvar": 0, "dmean": 0, "max": 0.00704225338995, "var": 0, "mean": 0.00704225338995}, "beats_count": 427, "bpm_histogram_second_peak_bpm": {"dmean2": 0, "median": 117, "min": 117, "dvar2": 0, "dvar": 0, "dmean": 0, "max": 117, "var": 0, "mean": 117}, "bpm_histogram_first_peak_spread": {"dmean2": 0, "median": 0.261282652617, "min": 0.261282652617, "dvar2": 0, "dvar": 0, "dmean": 0, "max": 0.261282652617, "var": 0, "mean": 0.261282652617}, "beats_loudness_band_ratio": {"dmean2": [0.714264512062, 0.456731289625, 0.202050581574, 0.119577050209, 0.0834569483995, 0.152492567897], "median": [0.545124590397, 0.193773880601, 0.0936225429177, 0.0440310314298, 0.0255669467151, 0.0330683998764], "min": [0.0318779908121, 0.0176936816424, 0.0016183698317, 0.00124411867, 0.00079082173761, 0.000739835668355], "dvar2": [0.123668320477, 0.0549654066563, 0.0293207317591, 0.0113653549924, 0.00503404112533, 0.0054799169302], "dvar": [0.0420514903963, 0.0197721403092, 0.0102935461327, 0.00392218632624, 0.00182455126196, 0.00200773635879], "dmean": [0.367518007755, 0.235476031899, 0.110820561647, 0.065340436995, 0.0440382547677, 0.0767596438527], "max": [0.969849467278, 0.827053189278, 0.5587028265, 0.543999552727, 0.360342860222, 0.230414807796], "var": [0.0606939643621, 0.0274753533304, 0.0118112387136, 0.00429905438796, 0.00183770642616, 0.0024947905913], "mean": [0.543667912483, 0.243837162852, 0.124238200486, 0.0606397539377, 0.036279283464, 0.051033899188]}}, "lowlevel": {"barkbands_spread": {"dmean2": 8.52046585083, "median": 12.1576328278, "min": 1.08488225937, "dvar2": 183.554718018, "dvar": 75.3624801636, "dmean": 5.44035339355, "max": 150.243484497, "var": 135.068588257, "mean": 15.4274272919}, "melbands_spread": {"dmean2": 6.15352106094, "median": 10.6626672745, "min": 0.871514201164, "dvar2": 80.4090270996, "dvar": 37.1344146729, "dmean": 4.07312822342, "max": 187.827682495, "var": 136.768463135, "mean": 13.6646652222}, "hfc": {"dmean2": 7.32985305786, "median": 7.67297554016, "min": 1.24536302854e-16, "dvar2": 147.572570801, "dvar": 77.2304992676, "dmean": 5.34583950043, "max": 150.640350342, "var": 251.842529297, "mean": 13.7891693115}, "barkbands_kurtosis": {"dmean2": 7.03049278259, "median": 6.60459709167, "min": -1.90131568909, "dvar2": 110.441085815, "dvar": 44.8917388916, "dmean": 4.45176887512, "max": 104.119476318, "var": 103.285057068, "mean": 9.44456863403}, "gfcc": {"mean": [-39.7842330933, 98.2291641235, -85.5628814697, 24.9904823303, -57.4693565369, 13.040348053, -38.625541687, 7.52146577835, -26.5044116974, 1.8366342783, -17.5169391632, 0.491772949696, -8.85918235779], "icov": [[0.000124840968056, -0.000187646437553, 0.00022611876193, -0.000323563319398, 0.000343821797287, -0.000476021115901, 0.000453523127362, -0.000674651586451, 0.000384804501664, -0.000469908089144, 0.000547985488083, -0.000297624355881, 0.000238540160353], [-0.000187646437553, 0.0021221821662, -6.87918363838e-05, 0.000733028515242, -0.00153283763211, 0.00142875860911, -0.00192081718706, 0.000938006152865, -0.00134371954482, 0.00192103371955, -0.00278381258249, 0.00143046095036, -0.00194254424423], [0.00022611876193, -6.87918363838e-05, 0.00225152820349, -0.000819021021016, -0.000125676335301, -0.00186508568004, 0.00118702836335, -0.00209995429032, 0.00118537491653, -0.000483868992887, 0.000737141934223, -0.0020694299601, 0.000706079707015], [-0.000323563319398, 0.000733028515242, -0.000819021021016, 0.00411133328453, -0.00202139373869, 0.00151762622409, -0.00129428214859, 0.00245462427847, -0.00155843701214, 0.000905157532543, -0.00130241911393, 0.000883627624717, -0.000939658319112], [0.000343821797287, -0.00153283763211, -0.000125676335301, -0.00202139373869, 0.00648050894961, -0.00301581341773, 0.00134770362638, -0.00207176292315, -0.000964662875049, -0.00239396328107, 0.00235910131596, -0.000747866753954, 0.00121018313803], [-0.000476021115901, 0.00142875860911, -0.00186508568004, 0.00151762622409, -0.00301581341773, 0.00924399774522, -0.00500886375085, 0.00302131054923, -0.000132077839226, 0.0018681230722, -0.00358070340008, 0.00378285138868, -0.00141750450712], [0.000453523127362, -0.00192081718706, 0.00118702836335, -0.00129428214859, 0.00134770362638, -0.00500886375085, 0.012750745751, -0.008141242899, 0.00232856604271, -0.000876209058333, 0.00305524771102, -0.00257472181693, 0.00160634843633], [-0.000674651586451, 0.000938006152865, -0.00209995429032, 0.00245462427847, -0.00207176292315, 0.00302131054923, -0.008141242899, 0.0172549877316, -0.00581242935732, 0.00165228394326, -0.00179310399108, 0.00243505765684, -0.000813565158751], [0.000384804501664, -0.00134371954482, 0.00118537491653, -0.00155843701214, -0.000964662875049, -0.000132077839226, 0.00232856604271, -0.00581242935732, 0.017489399761, -0.00758157251403, 0.00317204021849, -0.00198281672783, 0.0010219408432], [-0.000469908089144, 0.00192103371955, -0.000483868992887, 0.000905157532543, -0.00239396328107, 0.0018681230722, -0.000876209058333, 0.00165228394326, -0.00758157251403, 0.0190050024539, -0.00742234569043, 0.00266070850194, -0.000777427572757], [0.000547985488083, -0.00278381258249, 0.000737141934223, -0.00130241911393, 0.00235910131596, -0.00358070340008, 0.00305524771102, -0.00179310399108, 0.00317204021849, -0.00742234569043, 0.0178012661636, -0.0050775706768, 0.00330861029215], [-0.000297624355881, 0.00143046095036, -0.0020694299601, 0.000883627624717, -0.000747866753954, 0.00378285138868, -0.00257472181693, 0.00243505765684, -0.00198281672783, 0.00266070850194, -0.0050775706768, 0.0157624017447, -0.00463049765676], [0.000238540160353, -0.00194254424423, 0.000706079707015, -0.000939658319112, 0.00121018313803, -0.00141750450712, 0.00160634843633, -0.000813565158751, 0.0010219408432, -0.000777427572757, 0.00330861029215, -0.00463049765676, 0.0179904997349]], "cov": [[16521.2402344, 276.292388916, -941.799682617, 512.844726563, -336.085540771, 229.802612305, -28.0456256866, 309.013885498, -48.8592529297, 149.315185547, -211.684356689, -102.108695984, -46.4066810608], [276.292388916, 882.345275879, -99.4276275635, -18.4155750275, 147.154312134, -2.28578519821, 111.573776245, 56.9091110229, 56.2158889771, -10.7627277374, 67.5447387695, -23.093870163, 55.057094574], [-941.799682617, -99.4276275635, 777.084411621, 85.4637985229, 144.080764771, 140.256698608, 39.6094551086, 52.8014373779, -6.58461046219, -1.65904128551, 15.0734167099, 61.0895042419, -10.8189897537], [512.844726563, -18.4155750275, 85.4637985229, 353.523986816, 98.9202346802, 14.6031208038, -3.22134423256, -4.53005695343, 27.201543808, 20.8330593109, -1.75197005272, 3.92705202103, 1.58953154087], [-336.085540771, 147.154312134, 144.080764771, 98.9202346802, 297.808410645, 82.8820114136, 48.4902153015, 43.3365936279, 53.0833778381, 29.1317195892, 8.89702701569, -6.56090211868, -1.09652745724], [229.802612305, -2.28578519821, 140.256698608, 14.6031208038, 82.8820114136, 210.863876343, 70.1887054443, 30.1370811462, -9.37553691864, 0.964320421219, 8.44225788116, -18.5964546204, -7.66576099396], [-28.0456256866, 111.573776245, 39.6094551086, -3.22134423256, 48.4902153015, 70.1887054443, 156.503295898, 69.3142089844, 8.38929462433, -7.08812475204, -1.16567218304, -2.84341406822, 0.825026512146], [309.013885498, 56.9091110229, 52.8014373779, -4.53005695343, 43.3365936279, 30.1370811462, 69.3142089844, 115.848861694, 30.280828476, 9.65064811707, -5.03254795074, -4.28553819656, -3.2326169014], [-48.8592529297, 56.2158889771, -6.58461046219, 27.201543808, 53.0833778381, -9.37553691864, 8.38929462433, 30.280828476, 91.7545623779, 34.9614486694, 3.37484169006, -0.120506197214, 0.354809701443], [149.315185547, -10.7627277374, -1.65904128551, 20.8330593109, 29.1317195892, 0.964320421219, -7.08812475204, 9.65064811707, 34.9614486694, 81.4225006104, 21.7728233337, -3.21251535416, -6.10152578354], [-211.684356689, 67.5447387695, 15.0734167099, -1.75197005272, 8.89702701569, 8.44225788116, -1.16567218304, -5.03254795074, 3.37484169006, 21.7728233337, 85.7473144531, 14.7576999664, -1.86200463772], [-102.108695984, -23.093870163, 61.0895042419, 3.92705202103, -6.56090211868, -18.5964546204, -2.84341406822, -4.28553819656, -0.120506197214, -3.21251535416, 14.7576999664, 85.3995895386, 14.8385677338], [-46.4066810608, 55.057094574, -10.8189897537, 1.58953154087, -1.09652745724, -7.66576099396, 0.825026512146, -3.2326169014, 0.354809701443, -6.10152578354, -1.86200463772, 14.8385677338, 65.7804641724]]}, "spectral_energyband_middle_low": {"dmean2": 0.00733942911029, "median": 0.00943533889949, "min": 3.77488976784e-22, "dvar2": 0.000128712170408, "dvar": 5.64996480534e-05, "dmean": 0.00476199574769, "max": 0.134210512042, "var": 0.000176605914021, "mean": 0.0131382104009}, "melbands_crest": {"dmean2": 4.76816320419, "median": 12.3804588318, "min": 2.43607807159, "dvar2": 21.8870983124, "dvar": 8.35490989685, "dmean": 2.91207456589, "max": 34.7605361938, "var": 19.2166500092, "mean": 13.1365871429}, "spectral_kurtosis": {"dmean2": 2.55564975739, "median": 4.63593864441, "min": -1.17809009552, "dvar2": 6.96013069153, "dvar": 2.88432717323, "dmean": 1.6758544445, "max": 26.9215297699, "var": 8.34059619904, "mean": 5.04159498215}, "spectral_rms": {"dmean2": 0.0012900379952, "median": 0.00428767455742, "min": 3.26134540381e-12, "dvar2": 4.30653699368e-06, "dvar": 1.90509126696e-06, "dmean": 0.000869207666256, "max": 0.0154301878065, "var": 6.29389523965e-06, "mean": 0.00447632838041}, "zerocrossingrate": {"dmean2": 0.0152732999995, "median": 0.04150390625, "min": 0.0029296875, "dvar2": 0.000375387258828, "dvar": 0.00027479804703, "dmean": 0.0121839959174, "max": 0.81298828125, "var": 0.00151699513663, "mean": 0.0500312298536}, "silence_rate_60dB": {"dmean2": 0.0355392172933, "median": 0, "min": 0, "dvar2": 0.0399933606386, "dvar": 0.01745133847, "dmean": 0.0177677925676, "max": 1, "var": 0.110278010368, "mean": 0.126199707389}, "erbbands_kurtosis": {"dmean2": 1.67436528206, "median": 0.398931205273, "min": -1.73125231266, "dvar2": 6.20826625824, "dvar": 2.7160847187, "dmean": 1.09437954426, "max": 49.4507789612, "var": 8.76356983185, "mean": 1.24189209938}, "erbbands": {"dmean2": [0.16352237761, 1.73605549335, 6.48041629791, 7.21065759659, 10.7540512085, 13.5358524323, 10.9879045486, 15.6497077942, 17.8429412842, 14.8603849411, 22.3637161255, 26.2650985718, 19.4552764893, 20.667963028, 13.5234613419, 14.982000351, 15.1578588486, 12.7518901825, 10.1217441559, 10.7655916214, 10.6920280457, 6.5191192627, 5.74347734451, 6.45101881027, 7.04078197479, 4.6829199791, 4.40123701096, 3.63572382927, 3.2857632637, 2.13030219078, 1.85288453102, 2.14762234688, 1.29230797291, 0.67587697506, 0.407460957766, 0.403665244579, 0.084419362247, 0.0133102545515, 0.00109282904305, 7.87254175521e-05], "median": [0.0589537620544, 0.695886135101, 1.54510974884, 4.14797115326, 5.9786605835, 6.68831539154, 8.05155467987, 8.92562484741, 7.33463096619, 5.49305915833, 7.49161338806, 6.49742126465, 5.13357400894, 5.58055591583, 3.89567756653, 5.47775745392, 2.91447710991, 2.85725545883, 2.57847166061, 3.0798330307, 2.96294975281, 2.18077373505, 1.44236755371, 1.51844954491, 1.51279187202, 1.29590654373, 0.975562214851, 0.950518965721, 0.73506975174, 0.407923161983, 0.404551565647, 0.491329193115, 0.242816895247, 0.142895430326, 0.0846218392253, 0.0369892045856, 0.00809401925653, 0.00133922602981, 0.000117057119496, 3.27204579662e-05], "min": [8.10777556383e-22, 6.27881945275e-21, 1.49626891547e-20, 1.1603555216e-19, 1.88422166339e-19, 1.63868434304e-19, 1.53550907126e-19, 1.78466556528e-19, 3.00516319203e-19, 8.07024495772e-19, 1.93600464315e-18, 2.32468109656e-18, 4.14484281724e-18, 4.50890154843e-18, 1.91593806867e-18, 1.31889037287e-18, 3.41236631981e-18, 3.68911344901e-18, 6.95675356051e-18, 6.79183525307e-18, 7.86547598349e-18, 8.04021044327e-18, 7.30753687006e-18, 6.99088137823e-18, 1.44320931168e-17, 2.25751634693e-17, 2.04460518577e-17, 1.2434701746e-17, 1.48488217463e-17, 1.61390630289e-17, 1.45246959864e-17, 1.68116055346e-17, 1.21450288858e-17, 1.54571766909e-17, 1.10671935225e-17, 7.53250848998e-18, 3.35516512609e-18, 1.35909496955e-18, 3.19361303014e-19, 3.76606220984e-20], "dvar2": [0.183081328869, 25.9535484314, 414.589569092, 243.986846924, 375.144134521, 758.414733887, 410.450286865, 1086.38208008, 3460.91137695, 3037.90258789, 5928.92431641, 5653.76953125, 3526.91552734, 6398.75537109, 2415.19726563, 2345.71459961, 5107.66162109, 2857.89233398, 1251.02453613, 1143.55456543, 843.990844727, 308.079162598, 359.258026123, 462.978210449, 1053.13439941, 119.901077271, 96.7905654907, 83.7385177612, 71.8675079346, 29.0915374756, 16.8191795349, 18.8504924774, 6.70695209503, 1.51840531826, 0.511735856533, 2.43332886696, 0.0416433438659, 0.000727090169676, 6.09058588452e-06, 7.89908867205e-08], "dvar": [0.0768933519721, 9.6803855896, 148.427902222, 86.370552063, 143.322647095, 274.501464844, 172.690231323, 486.095275879, 1711.50378418, 1439.48547363, 3022.78027344, 3155.1809082, 1953.85766602, 3354.59057617, 1237.20153809, 1274.41967773, 2574.71630859, 1670.43066406, 730.863708496, 510.74911499, 370.129058838, 149.497619629, 175.946334839, 214.344192505, 493.287445068, 58.2269668579, 44.5110244751, 39.4945640564, 33.8599777222, 14.3524837494, 7.79011011124, 8.68138599396, 3.13944911957, 0.739974439144, 0.222557902336, 1.01380574703, 0.0171106271446, 0.000291542208288, 2.41426232606e-06, 3.21548192517e-08], "dmean": [0.103926114738, 1.03110945225, 3.64877104759, 4.12775087357, 6.42740106583, 8.03912830353, 7.18230342865, 10.2129297256, 12.13326931, 10.1504945755, 15.6285495758, 17.8688354492, 13.9057760239, 14.9651250839, 9.53406429291, 10.5371484756, 10.5681381226, 8.71148681641, 7.22351264954, 7.13549518585, 6.91655158997, 4.31111478806, 3.83118677139, 4.32239961624, 4.74024581909, 3.10928654671, 2.85153031349, 2.47060608864, 2.26199746132, 1.49817764759, 1.26457560062, 1.41166007519, 0.84178352356, 0.446922451258, 0.267050653696, 0.257406711578, 0.0525816641748, 0.00806404929608, 0.000661578844301, 4.99338384543e-05], "max": [3.08136463165, 29.5752544403, 134.178878784, 149.690963745, 184.495132446, 238.274734497, 380.562225342, 667.482116699, 1201.14660645, 1362.95825195, 1880.65686035, 2933.53125, 1230.5958252, 2275.64575195, 1344.85754395, 1481.78271484, 2279.68334961, 2782.84887695, 1125.22692871, 1041.57312012, 742.789794922, 444.173217773, 420.096466064, 569.621765137, 1466.46704102, 230.234924316, 130.905273438, 197.064300537, 159.837478638, 48.017742157, 110.320281982, 99.9196548462, 85.8058242798, 38.5521202087, 5.17646360397, 19.2481002808, 2.06789469719, 0.219026580453, 0.024702757597, 0.00321751786396], "var": [0.095026768744, 8.6247959137, 101.943840027, 86.869644165, 177.5703125, 331.086090088, 571.429138184, 1384.04968262, 4712.78417969, 3605.86889648, 10042.1933594, 11527.7402344, 6204.82373047, 12938.9238281, 3278.08032227, 4192.48339844, 5934.08349609, 3744.64355469, 2193.86303711, 1196.19348145, 947.871276855, 415.472900391, 496.205322266, 488.554931641, 811.875061035, 103.624938965, 73.9792404175, 86.3005828857, 67.0105133057, 22.0476703644, 13.0329408646, 13.9833345413, 5.52627229691, 1.33528161049, 0.295885562897, 1.0546400547, 0.0166390389204, 0.000268092000624, 2.15972067963e-06, 3.13778016903e-08], "mean": [0.162111312151, 1.39604079723, 4.37691402435, 6.81733322144, 10.0550746918, 12.4610404968, 16.1214885712, 20.8648395538, 25.5194015503, 20.8570690155, 32.1972465515, 32.2215881348, 27.7419376373, 31.622045517, 17.8229160309, 20.3974456787, 18.5257587433, 14.7923460007, 12.7471494675, 12.2420682907, 12.1300106049, 7.98040342331, 7.03369903564, 7.19310760498, 7.60160541534, 4.75118207932, 4.02174425125, 3.91009712219, 3.38218665123, 1.95758986473, 1.60257101059, 1.75644111633, 0.996792793274, 0.550370872021, 0.314924955368, 0.264240264893, 0.0487817414105, 0.00719496235251, 0.000600809929892, 6.93255278748e-05]}, "spectral_strongpeak": {"dmean2": 0.647150576115, "median": 0.385081529617, "min": 0, "dvar2": 1.15571463108, "dvar": 0.52074187994, "dmean": 0.391935288906, "max": 12.2605648041, "var": 1.37729430199, "mean": 0.763414919376}, "spectral_energy": {"dmean2": 0.0172565598041, "median": 0.0188437569886, "min": 1.09022832865e-20, "dvar2": 0.00127288023941, "dvar": 0.000503442715853, "dmean": 0.011044385843, "max": 0.24404296279, "var": 0.000813510618173, "mean": 0.0269896220416}, "average_loudness": 0.887839317322, "spectral_rolloff": {"dmean2": 632.786315918, "median": 559.86328125, "min": 64.599609375, "dvar2": 3347858.25, "dvar": 1278977.125, "dmean": 368.356781006, "max": 21360.9375, "var": 1949844.625, "mean": 884.154785156}, "spectral_centroid": {"dmean2": 259.403686523, "median": 704.663330078, "min": 225.935287476, "dvar2": 99881.046875, "dvar": 50715.0820313, "dmean": 172.711685181, "max": 11100.4228516, "var": 208033.515625, "mean": 827.374572754}, "pitch_salience": {"dmean2": 0.107389688492, "median": 0.596169829369, "min": 0.177265614271, "dvar2": 0.00978112220764, "dvar": 0.00397912599146, "dmean": 0.0661729425192, "max": 0.928183853626, "var": 0.0102620236576, "mean": 0.5861094594}, "spectral_energyband_middle_high": {"dmean2": 0.00175663107075, "median": 0.00104430736974, "min": 1.39320217076e-21, "dvar2": 1.38196492117e-05, "dvar": 8.11116115074e-06, "dmean": 0.00131573784165, "max": 0.0721665918827, "var": 3.82076541428e-05, "mean": 0.00336475623772}, "spectral_contrast_coeffs": {"dmean2": [0.0816860646009, 0.0695332586765, 0.0574538782239, 0.0423032604158, 0.0336004048586, 0.0329185239971], "median": [-0.652676701546, -0.708319783211, -0.765744924545, -0.799112439156, -0.812350749969, -0.800293147564], "min": [-0.997016906738, -0.966203391552, -0.956984579563, -0.965397953987, -0.96177303791, -0.956392765045], "dvar2": [0.00512660760432, 0.00347083271481, 0.00239669834264, 0.00125451339409, 0.000860863539856, 0.000969504006207], "dvar": [0.00194413482677, 0.00142461596988, 0.00106290227268, 0.000569720112253, 0.000410011300119, 0.000418946205173], "dmean": [0.0490804985166, 0.043651483953, 0.0368112549186, 0.0268867406994, 0.0217331126332, 0.0212905500084], "max": [-0.334054470062, -0.359467089176, -0.410512268543, -0.514529049397, -0.572808146477, -0.603817105293], "var": [0.00669697392732, 0.00722469389439, 0.00578835979104, 0.00374539988115, 0.00276754004881, 0.00187737029046], "mean": [-0.646808803082, -0.700592279434, -0.752657771111, -0.787809669971, -0.803449809551, -0.798599243164]}, "melbands_skewness": {"dmean2": 1.27480304241, "median": 2.96312665939, "min": -1.22933864594, "dvar2": 2.44708561897, "dvar": 1.02828931808, "dmean": 0.8384578228, "max": 14.4791603088, "var": 3.27640557289, "mean": 3.19484066963}, "spectral_spread": {"dmean2": 1516652.5, "median": 5006210, "min": 2265683, "dvar2": 4159689981950.0, "dvar": 1728324173820.0, "dmean": 1027050.4375, "max": 39716744, "var": 3093034172420.0, "mean": 5363952}, "dissonance": {"dmean2": 0.0374167189002, "median": 0.460119575262, "min": 0.206581458449, "dvar2": 0.00137127935886, "dvar": 0.000541898829397, "dmean": 0.0227479450405, "max": 0.500000059605, "var": 0.0014622269664, "mean": 0.450128793716}, "spectral_skewness": {"dmean2": 0.376087784767, "median": 1.8279030323, "min": -0.00698741525412, "dvar2": 0.139980658889, "dvar": 0.0629308596253, "dmean": 0.251711457968, "max": 4.11699676514, "var": 0.253021359444, "mean": 1.84464335442}, "spectral_flux": {"dmean2": 0.0446568951011, "median": 0.0529220327735, "min": 1.04413998281e-10, "dvar2": 0.00438248785213, "dvar": 0.00198761979118, "dmean": 0.0285399183631, "max": 0.403558254242, "var": 0.0038449827116, "mean": 0.0712698996067}, "spectral_contrast_valleys": {"dmean2": [0.611309528351, 0.54147040844, 0.480152219534, 0.462919145823, 0.454295247793, 0.582150995731], "median": [-6.76948070526, -6.87323522568, -7.61576128006, -8.22350120544, -8.18896198273, -10.3173074722], "min": [-27.9306106567, -27.1295871735, -27.4823207855, -27.1122627258, -27.2391166687, -27.337020874], "dvar2": [0.363501012325, 0.234520182014, 0.183800086379, 0.244654640555, 0.338428467512, 0.398220419884], "dvar": [0.189142152667, 0.109342768788, 0.0959083288908, 0.125998169184, 0.177370935678, 0.193505346775], "dmean": [0.391543537378, 0.334465503693, 0.307320564985, 0.304512143135, 0.318779230118, 0.444812744856], "max": [-4.97401380539, -4.77496671677, -5.39716959, -6.05469751358, -5.81180334091, -7.76898574829], "var": [1.92592346668, 1.57935059071, 1.5967489481, 1.64420115948, 1.66884088516, 1.62522041798], "mean": [-7.2154211998, -7.13184309006, -7.84636640549, -8.44123458862, -8.37153911591, -10.4338741302]}, "erbbands_flatness_db": {"dmean2": 0.0272690057755, "median": 0.134041160345, "min": 0.0472050234675, "dvar2": 0.000713621207979, "dvar": 0.000366443215171, "dmean": 0.0198002420366, "max": 0.324232518673, "var": 0.00174252560828, "mean": 0.137495711446}, "spectral_energyband_high": {"dmean2": 0.000434736168245, "median": 0.000137963856105, "min": 7.93565010279e-21, "dvar2": 6.88794102643e-07, "dvar": 3.51122935172e-07, "dmean": 0.000305106310407, "max": 0.00946218986064, "var": 6.53080007851e-07, "mean": 0.000452365202364}, "spectral_entropy": {"dmean2": 0.315739750862, "median": 7.31867170334, "min": 5.74193668365, "dvar2": 0.102016322315, "dvar": 0.0501622371376, "dmean": 0.221116214991, "max": 9.80173587799, "var": 0.201977148652, "mean": 7.36082983017}, "silence_rate_20dB": {"dmean2": 0, "median": 1, "min": 1, "dvar2": 0, "dvar": 0, "dmean": 0, "max": 1, "var": 0, "mean": 1}, "melbands_flatness_db": {"dmean2": 0.0385468192399, "median": 0.237770169973, "min": 0.00737471692264, "dvar2": 0.00155241822358, "dvar": 0.000759477261454, "dmean": 0.0262375567108, "max": 0.456159204245, "var": 0.00358738517389, "mean": 0.234946042299}, "barkbands": {"dmean2": [0.000234517254285, 0.00650833221152, 0.00558667816222, 0.00257375417277, 0.00364394206554, 0.00169491081033, 0.00121468654834, 0.000950786517933, 0.00104703940451, 0.000656000047456, 0.000410980515881, 0.00039796094643, 0.000306357978843, 0.000248866825132, 0.000203505944228, 0.000226221498451, 0.000132256842335, 0.000118815616588, 0.000137508861371, 9.98918403639e-05, 9.62483027251e-05, 8.80424922798e-05, 6.43781386316e-05, 8.81777959876e-05, 5.72373755858e-05, 6.54232499073e-05, 7.19635454516e-06], "median": [3.25232103933e-05, 0.00292597245425, 0.00136722344905, 0.00142898131162, 0.00220551341772, 0.00122289173305, 0.000391846493585, 0.000256416620687, 0.00023571755446, 0.000178970338311, 5.17733387824e-05, 0.000139294628752, 4.64918266516e-05, 5.2956998843e-05, 4.87347715534e-05, 5.65182272112e-05, 3.6481913412e-05, 2.48511933023e-05, 2.96697762678e-05, 2.62221656158e-05, 2.33556856983e-05, 1.89695201698e-05, 1.32981440402e-05, 1.93058967852e-05, 1.23032286865e-05, 5.93849017605e-06, 6.60106138639e-07], "min": [7.41381418374e-24, 2.99414617823e-23, 7.39017991102e-24, 7.33556202184e-23, 4.40623906855e-23, 1.89212011541e-23, 3.26954193786e-23, 7.20451139956e-23, 1.15985537319e-22, 1.42861056483e-22, 7.54211609909e-23, 3.02300775885e-23, 9.21899078334e-23, 9.02109524339e-23, 1.30016318353e-22, 1.03105136365e-22, 1.84030823602e-22, 1.35680162948e-22, 1.70505632988e-22, 5.1185379937e-22, 3.67038374704e-22, 4.37571728282e-22, 4.96325533145e-22, 8.05283550385e-22, 1.49097346513e-21, 1.92161568776e-21, 2.37291460554e-21], "dvar2": [3.5745907212e-07, 0.000314522796543, 0.000289019022603, 2.43687663897e-05, 4.94120322401e-05, 1.07235055111e-05, 1.71406682057e-05, 1.06387624328e-05, 7.16186923455e-06, 4.21097138315e-06, 3.18266052091e-06, 1.77909259946e-06, 1.83053862202e-06, 1.0305784599e-06, 5.28320015292e-07, 3.54213000264e-07, 1.59653268383e-07, 2.13798600157e-07, 2.92521718848e-07, 5.56347004022e-08, 4.80788067136e-08, 5.74275098586e-08, 2.31356960256e-08, 2.79764762467e-08, 9.86884440835e-09, 4.46692922651e-08, 3.30767024881e-10], "dvar": [1.49129874671e-07, 0.000124551326735, 0.000102984580735, 8.37672087073e-06, 1.85313710972e-05, 4.87365832669e-06, 8.58638759382e-06, 5.1465526667e-06, 3.88454327549e-06, 2.51570895671e-06, 