{"tonal": {"thpcp": [1, 0.692307710648, 0.346256434917, 0.309170871973, 0.365451842546, 0.580304503441, 0.707203328609, 0.55242806673, 0.499283522367, 0.548457980156, 0.450548827648, 0.356662929058, 0.295214295387, 0.255050003529, 0.354152023792, 0.411577939987, 0.308605521917, 0.24092848599, 0.250540941954, 0.33118891716, 0.708746314049, 0.920638680458, 0.592009663582, 0.314079552889, 0.252935945988, 0.231730058789, 0.305872917175, 0.396142661572, 0.405725926161, 0.601539969444, 0.823497116566, 0.657229185104, 0.435209035873, 0.349992036819, 0.356604337692, 0.708424925804], "hpcp": {"dmean2": [0.140680849552, 0.141010567546, 0.171463489532, 0.213836327195, 0.234696060419, 0.258466005325, 0.275494366884, 0.278120368719, 0.24215169251, 0.213306307793, 0.220049530268, 0.279882013798, 0.277250081301, 0.267665624619, 0.214547812939, 0.196480244398, 0.22363717854, 0.265162587166, 0.285301923752, 0.281431794167, 0.247192978859, 0.224564373493, 0.224148735404, 0.208271473646, 0.178846120834, 0.162169203162, 0.176491841674, 0.184852913022, 0.167222842574, 0.148915946484, 0.158214062452, 0.197336912155, 0.269403904676, 0.307024896145, 0.25598141551, 0.184515938163], "median": [0.0171753857285, 0.0160034094006, 0.023380337283, 0.0295951720327, 0.0371431745589, 0.0709378868341, 0.0790703445673, 0.054819714278, 0.0321942567825, 0.0254637226462, 0.0285098701715, 0.0770476832986, 0.0967923402786, 0.0610215030611, 0.0251662060618, 0.0175721850246, 0.018654147163, 0.049408506602, 0.0726831331849, 0.0550675280392, 0.0320294052362, 0.0310550481081, 0.032922513783, 0.0293132755905, 0.0216275714338, 0.0169447101653, 0.0278359949589, 0.0313644744456, 0.0231177508831, 0.0154061382636, 0.0151694724336, 0.0259271338582, 0.0914612337947, 0.131961494684, 0.0753264054656, 0.0246768668294], "min": [0, 0, 0, 0, 0, 0, 0, 0, 0, 0, 0, 0, 0, 0, 0, 0, 0, 0, 0, 0, 0, 0, 0, 0, 0, 0, 0, 0, 0, 0, 0, 0, 0, 0, 0, 0], "dvar2": [0.0728764683008, 0.0768890380859, 0.0913500338793, 0.117096230388, 0.123637892306, 0.118551820517, 0.128842383623, 0.141809403896, 0.126008972526, 0.11432916671, 0.114496409893, 0.128545090556, 0.129493817687, 0.122577659786, 0.118539556861, 0.109581194818, 0.1198631078, 0.129969581962, 0.13077737391, 0.134362712502, 0.124191842973, 0.115287408233, 0.112758487463, 0.110460907221, 0.0991160422564, 0.0996961817145, 0.0981022045016, 0.0999375134706, 0.0896240919828, 0.081412807107, 0.0887298211455, 0.101872205734, 0.114406421781, 0.129668921232, 0.10749913007, 0.0901257023215], "dvar": [0.0264521427453, 0.0269521493465, 0.0334597751498, 0.0441164635122, 0.0457091778517, 0.0443423464894, 0.0523492693901, 0.0532854050398, 0.0465852878988, 0.0417526215315, 0.0424275286496, 0.0476704649627, 0.0533898808062, 0.0451452508569, 0.0425192415714, 0.0393381640315, 0.0438219830394, 0.0492226853967, 0.0510276183486, 0.0513004809618, 0.0472083389759, 0.0451622530818, 0.0425133034587, 0.0406048968434, 0.0361379273236, 0.0355293191969, 0.0354881733656, 0.0376784354448, 0.0324890986085, 0.028982559219, 0.0319654233754, 0.0379904024303, 0.0450438149273, 0.0536535307765, 0.0417258813977, 0.0326861776412], "dmean": [0.0781952962279, 0.0776765048504, 0.0961374863982, 0.120863847435, 0.131707072258, 0.1491612643, 0.161430194974, 0.158278435469, 0.135676443577, 0.118871688843, 0.122271642089, 0.161876052618, 0.159839168191, 0.154217004776, 0.118308879435, 0.107958264649, 0.124301508069, 0.151436671615, 0.165478184819, 0.160740882158, 0.139626517892, 0.128275200725, 0.126930117607, 0.115730702877, 0.0990870296955, 0.0894375443459, 0.100108757615, 0.104913510382, 0.0936941877007, 0.0819398090243, 0.0865196883678, 0.110693089664, 0.160488426685, 0.18328641355, 0.149655207992, 0.102530956268], "max": [1, 1, 1, 1, 1, 1, 1, 1, 1, 1, 1, 1, 1, 1, 1, 1, 1, 1, 1, 1, 1, 1, 1, 1, 1, 1, 1, 1, 1, 1, 1, 1, 1, 1, 1, 1], "var": [0.0279832612723, 0.0219532679766, 0.0312247090042, 0.0456221476197, 0.0421585775912, 0.0553286187351, 0.101804487407, 0.0772740319371, 0.0470685176551, 0.0363163426518, 0.0366831496358, 0.0706307142973, 0.131335884333, 0.0753204524517, 0.0370047576725, 0.0364880785346, 0.0422066301107, 0.0655338615179, 0.0799435824156, 0.0571651645005, 0.0591586790979, 0.0739125832915, 0.0498282760382, 0.03674326092, 0.0306470375508, 0.0288743525743, 0.0380761474371, 0.0477842092514, 0.0313425250351, 0.0245570614934, 0.0279600284994, 0.0345472358167, 0.0679932385683, 0.0959166064858, 0.0530052781105, 0.0308911092579], "mean": [0.0745207965374, 0.0682730525732, 0.0901172533631, 0.11671281606, 0.119536273181, 0.177227631211, 0.242621347308, 0.193634957075, 0.128222674131, 0.103115774691, 0.105063907802, 0.208718419075, 0.294623196125, 0.203969910741, 0.102015174925, 0.0910889133811, 0.107670590281, 0.170971170068, 0.208358496428, 0.162758126855, 0.147100508213, 0.161588445306, 0.132742136717, 0.105081170797, 0.0869769752026, 0.0751436501741, 0.10434140265, 0.121260412037, 0.0909223482013, 0.0709831193089, 0.0738151744008, 0.0975759401917, 0.208813101053, 0.271241515875, 0.174419775605, 0.092535123229]}, "tuning_equal_tempered_deviation": 0.0208604298532, "chords_changes_rate": 0.0602394752204, "key_key": "C#", "tuning_diatonic_strength": 0.555013418198, "key_scale": "minor", "chords_number_rate": 0.0013578570215, "tuning_frequency": 441.017791748, "tuning_nontempered_energy_ratio": 0.730480849743, "chords_histogram": [33.2798423767, 5.88816213608, 30.3789653778, 5.53018140793, 0.543142795563, 3.83903217316, 0.851746678352, 7.65337610245, 0.357980489731, 2.4317984581, 2.3947660923, 0.543142795563, 0.839402556419, 0, 0.66658437252, 0, 0.0864090844989, 0.0864090844989, 0.0987532436848, 0.407357126474, 1.6294285059, 0, 1.35785710812, 1.13566231728], "key_strength": 0.631456315517, "chords_key": "C#", "chords_strength": {"dmean2": 0.0120426230133, "median": 0.530241549015, "min": -1, "dvar2": 0.000566856295336, "dvar": 0.000324668944813, "dmean": 0.0124540096149, "max": 0.848680853844, "var": 0.0132229058072, "mean": 0.527620196342}, "chords_scale": "minor", "hpcp_entropy": {"dmean2": 1.158629179, "median": 2.15727186203, "min": 0, "dvar2": 0.838137745857, "dvar": 0.301912605762, "dmean": 0.684213876724, "max": 4.54493808746, "var": 0.592010140419, "mean": 2.12193870544}}, "metadata": {"audio_properties": {"equal_loudness": 0, "codec": "flac", "downmix": "mix", "sample_rate": 44100, "analysis_sample_rate": 44100, "bit_rate": 0, "md5_encoded": "aa10fc53b1911f99c9e7117dbc786200", "length": 376.160003662, "replay_gain": -13.3768005371, "lossless": true}, "version": {"essentia_build_sha": "2d9f1f26377add8aeb1075a9c2973f962c4f09fd", "essentia": "2.1-beta2", "extractor": "music 1.0", "essentia_git_sha": "v2.1_beta2-1-ge3940c0"}, "tags": {"title": ["O Estrangeiro"], "barcode": ["075597980820"], "media": ["CD"], "albumartist": ["Caetano Veloso"], "tracktotal": ["15"], "musicbrainz_releasegroupid": ["9f0561e9-9130-39d3-8e0c-0a4e141fd176"], "releasetype": ["album", "compilation"], "musicbrainz_recordingid": ["0aa95e59-8b2c-40c4-97d6-6e26b97efacd"], "musicbrainz_albumartistid": ["f07dbc2f-317b-470f-bad4-5f1b0eb6faf1"], "discnumber": ["1"], "album": ["The Best Of Caetano Veloso"], "catalognumber": ["79808-2"], "releasecountry": ["US"], "file_name": "01. Caetano Veloso - The Best of Caetano Veloso - O Estrangeiro.flac", "originaldate": ["2003-09-16"], "date": ["2003-09-16"], "genre": ["Latino - Brazil"], "disctotal": ["1"], "musicbrainz_artistid": ["f07dbc2f-317b-470f-bad4-5f1b0eb6faf1"], "asin": ["B0000C23DI"], "musicbrainz_albumid": ["8f723e4d-e851-4d87-aa20-6ee712c097d0"], "artist": ["Caetano Veloso"], "artistsort": ["Veloso, Caetano"], "tracknumber": ["1"], "label": ["Nonesuch"], "albumartistsort": ["Veloso, Caetano"], "acoustid_id": ["b5961450-e607-4098-a604-82f70e9f2775"], "script": ["Latn"], "releasestatus": ["official"]}}, "rhythm": {"bpm_histogram_first_peak_bpm": {"dmean2": 0, "median": 112, "min": 112, "dvar2": 0, "dvar": 0, "dmean": 0, "max": 112, "var": 0, "mean": 112}, "bpm": 111.136306763, "bpm_histogram_second_peak_spread": {"dmean2": 0, "median": 0.395348846912, "min": 0.395348846912, "dvar2": 0, "dvar": 0, "dmean": 0, "max": 0.395348846912, "var": 0, "mean": 0.395348846912}, "bpm_histogram_first_peak_weight": {"dmean2": 0, "median": 0.449295789003, "min": 0.449295789003, "dvar2": 0, "dvar": 0, "dmean": 0, "max": 0.449295789003, "var": 0, "mean": 0.449295789003}, "onset_rate": 4.80627536774, "beats_position": [0.53405892849, 1.07972788811, 1.62539684772, 2.19428563118, 2.73995471001, 3.29723358154, 3.85451245308, 4.40018129349, 4.94585037231, 5.50312900543, 6.04879808426, 6.59446716309, 7.14013576508, 7.6858048439, 8.23147392273, 8.78875255585, 9.35764122009, 9.91492080688, 10.4605894089, 10.9946479797, 11.5403175354, 12.0859861374, 12.6316547394, 13.177324295, 13.722992897, 14.2570514679, 14.8027210236, 15.3367795944, 15.8824491501, 16.4281177521, 16.9853973389, 17.5310649872, 18.088344574, 18.6456241608, 19.2029018402, 19.7717914581, 20.3290691376, 20.8747386932, 21.43201828, 21.9776859283, 22.5117454529, 23.0458049774, 23.5914726257, 24.102312088, 24.6015415192, 25.1123809814, 25.6464385986, 26.168888092, 26.6913375854, 27.2137870789, 27.7362346649, 28.2819042206, 28.8159637451, 29.3616313934, 29.895690918, 30.4181404114, 30.9405899048, 31.4630374908, 31.9854869843, 32.5311546326, 33.0071640015, 33.4831733704, 33.9475746155, 34.4003639221, 34.8647613525, 35.329158783, 35.7587280273, 36.1882972717, 36.6178665161, 37.0474357605, 37.4537849426, 37.8601341248, 38.2664833069, 38.6844444275, 39.0907936096, 39.4855308533, 39.8918800354, 40.309841156, 40.7277984619, 41.134147644, 41.6333770752, 42.1442184448, 42.6550559998, 43.1891136169, 43.7347831726, 44.2804527283, 44.8377304077, 45.3950119019, 45.9522895813, 46.497959137, 47.0436286926, 47.5892944336, 48.1233558655, 48.6690254211, 49.2030830383, 49.7371406555, 50.2712020874, 50.8168716431, 51.362537384, 51.9082069397, 52.4538764954, 52.9879341125, 53.5219955444, 54.0676651001, 54.6017227173, 55.1473922729, 55.6814498901, 56.2271194458, 56.7727890015, 57.3068466187, 57.8525161743, 58.39818573, 58.9322433472, 59.4663009644, 60.01197052, 60.5576400757, 61.0916976929, 61.6257591248, 62.1598167419, 62.5661659241, 62.9725151062, 63.3672561646, 63.7736053467, 64.1683425903, 64.5746917725, 64.9694290161, 65.3757781982, 65.7821273804, 66.200088501, 66.6064376831, 67.0127868652, 67.4075241089, 67.813873291, 68.2202224731, 68.6265716553, 69.0445327759, 69.450881958, 69.8572311401, 70.2635803223, 70.6699295044, 71.0762786865, 71.4826278687, 71.8889770508, 72.2837142944, 72.6784591675, 73.2241287231, 73.7697982788, 74.303855896, 74.8379135132, 75.3719711304, 75.9060287476, 76.4633102417, 76.9973678589, 77.5314254761, 78.0654830933, 78.5995483398, 79.133605957, 79.6792755127, 80.2249450684, 80.7590026855, 81.2930603027, 81.8387298584, 82.3843994141, 82.9184570313, 83.4525146484, 83.9981842041, 84.5438537598, 85.077911377, 85.6119689941, 86.1576385498, 86.7033081055, 87.2373657227, 87.7714233398, 88.3054885864, 88.8395462036, 89.3736038208, 89.9192733765, 90.4649429321, 91.0106124878, 91.5562820435, 92.0903396606, 92.6360092163, 93.181678772, 93.7157363892, 94.2497940063, 94.7838516235, 95.3179092407, 95.8635787964, 96.3976364136, 96.9433059692, 97.4773712158, 98.0230331421, 98.5570983887, 99.1027679443, 99.6484298706, 100.194099426, 100.728164673, 101.273826599, 101.807891846, 102.353561401, 102.887619019, 103.421676636, 103.967346191, 104.513015747, 105.047073364, 105.581130981, 106.115188599, 106.649246216, 107.194915771, 107.740585327, 108.297866821, 108.831924438, 109.365982056, 109.900039673, 110.434104919, 110.979774475, 111.513832092, 112.047889709, 112.593559265, 113.127616882, 113.6616745, 114.195732117, 114.741401672, 115.287071228, 115.821128845, 116.366798401, 116.912467957, 117.446525574, 117.98059082, 118.526252747, 119.071922302, 119.605987549, 120.140045166, 120.685714722, 121.231384277, 121.765441895, 122.299499512, 122.833557129, 123.367614746, 123.913284302, 124.458953857, 124.993011475, 125.527069092, 126.072738647, 126.618408203, 127.15246582, 127.698135376, 128.232192993, 128.777862549, 129.323532104, 129.86920166, 130.414871216, 130.948928833, 131.494598389, 132.028656006, 132.562713623, 133.09677124, 133.630844116, 134.164901733, 134.698959351, 135.233016968, 135.778686523, 136.324356079, 136.858413696, 137.392471313, 137.938140869, 138.483810425, 139.017868042, 139.551925659, 140.097595215, 140.643264771, 141.177322388, 141.711380005, 142.257049561, 142.802719116, 143.336776733, 143.870834351, 144.416503906, 144.950561523, 145.496231079, 146.030288696, 146.564346313, 147.098403931, 147.644073486, 148.189743042, 148.723800659, 149.269470215, 149.815139771, 150.349197388, 150.883255005, 151.417327881, 151.951385498, 152.485443115, 153.019500732, 153.576782227, 154.122451782, 154.668121338, 155.202178955, 155.747848511, 156.293518066, 156.827575684, 157.361633301, 157.907302856, 158.441360474, 158.987030029, 159.521087646, 160.055145264, 160.589202881, 161.123260498, 161.668930054, 162.214599609, 162.748657227, 163.294326782, 163.839996338, 164.374053955, 164.908111572, 165.442169189, 165.976226807, 166.510284424, 167.055953979, 167.601623535, 168.147293091, 168.692962646, 169.227020264, 169.761077881, 170.295150757, 170.852416992, 171.386474609, 171.920547485, 172.454605103, 173.000274658, 173.534332275, 174.080001831, 174.614059448, 175.159729004, 175.70539856, 176.239456177, 176.785125732, 177.330795288, 177.864852905, 178.398910522, 178.93296814, 179.467025757, 180.012695313, 180.558364868, 181.092422485, 181.626480103, 182.172149658, 182.717819214, 183.26348877, 183.809158325, 184.343215942, 184.87727356, 185.411331177, 185.957000732, 186.49105835, 187.036727905, 187.570785522, 188.10484314, 188.638900757, 189.172973633, 189.70703125, 190.264297485, 190.798370361, 191.344039917, 191.878097534, 192.42376709, 192.957824707, 193.491882324, 194.025939941, 194.583221436, 195.117279053, 195.65133667, 196.197006226, 196.742675781, 197.288345337, 197.834014893, 198.379684448, 198.925354004, 199.459411621, 199.993469238, 200.527526855, 201.061584473, 201.59564209, 202.129699707, 202.663757324, 203.197814941, 203.743484497, 204.277542114, 204.82321167, 205.357269287, 205.902938843, 206.448608398, 206.994277954, 207.53994751, 208.074005127, 208.619674683, 209.1537323, 209.687789917, 210.233459473, 210.779129028, 211.324798584, 211.858856201, 212.392913818, 212.938583374, 213.48425293, 214.018310547, 214.552383423, 215.08644104, 215.620498657, 216.154556274, 216.70022583, 217.245895386, 217.779953003, 218.31401062, 218.859680176, 219.405349731, 219.939407349, 220.485076904, 221.019134521, 221.553192139, 222.098861694, 222.632919312, 223.178588867, 223.724258423, 224.269927979, 224.815597534, 225.349655151, 225.883712769, 226.417770386, 226.951828003, 227.48588562, 228.019943237, 228.554016113, 229.111282349, 229.645339966, 230.179412842, 230.713470459, 231.247528076, 231.793197632, 232.338867188, 232.884536743, 233.430206299, 233.975875854, 234.521530151, 235.055603027, 235.589660645, 236.123718262, 236.669387817, 237.191833496, 237.725891113, 238.271560669, 238.817230225, 239.351287842, 239.896957397, 240.442626953, 240.97668457, 241.510742188, 242.056411743, 242.59046936, 243.136138916, 243.670196533, 244.215866089, 244.749923706, 245.295593262, 245.829650879, 246.363708496, 246.909378052, 247.455047607, 247.989105225, 248.53477478, 249.068832397, 249.614501953, 250.136962891, 250.682632446, 251.216690063, 251.773956299, 252.308029175, 252.842086792, 253.387756348, 253.933425903, 254.467483521, 255.001541138, 255.535598755, 256.081268311, 256.615325928, 257.160980225, 257.695037842, 258.252319336, 258.786376953, 259.32043457, 259.854522705, 260.388580322, 260.922637939, 261.468292236, 262.002349854, 262.548034668, 263.082092285, 263.627746582, 264.173431396, 264.707489014, 265.241546631, 265.798828125, 266.332885742, 266.866943359, 267.401000977, 267.946655273, 268.492340088, 269.026397705, 269.560455322, 270.106109619, 270.640167236, 271.185852051, 271.719909668, 272.265563965, 272.799621582, 273.345306396, 273.879364014, 274.413421631, 274.959075928, 275.504760742, 276.038818359, 276.596099854, 277.130157471, 277.664215088, 278.209869385, 278.755554199, 279.289611816, 279.823669434, 280.357727051, 280.903381348, 281.449066162, 281.983123779, 282.517181396, 283.051239014, 283.585296631, 284.119354248, 284.653411865, 285.210693359, 285.744750977, 286.278808594, 286.812866211, 287.358551025, 287.904205322, 288.449890137, 288.995544434, 289.541229248, 290.075286865, 290.620941162, 291.154998779, 291.700683594, 292.234741211, 292.780395508, 293.314453125, 293.860137939, 294.394195557, 294.939849854, 295.473907471, 296.019592285, 296.553649902, 297.099304199, 297.633361816, 298.179046631, 298.713104248, 299.258758545, 299.792816162, 300.326873779, 300.860961914, 301.395019531, 301.929077148, 302.463134766, 302.997192383, 303.54284668, 304.076904297, 304.622589111, 305.168243408, 305.713928223, 306.25958252, 306.805267334, 307.339324951, 307.873382568, 308.407440186, 308.941497803, 309.4871521, 310.032836914, 310.566894531, 311.112548828, 311.658233643, 312.19229126, 312.726348877, 313.260406494, 313.794464111, 314.351745605, 314.897399902, 315.443084717, 315.988739014, 316.534423828, 317.068481445, 317.602539063, 318.13659668, 318.670654297, 319.216308594, 319.761993408, 320.296051025, 320.830108643, 321.375762939, 321.921447754, 322.455505371, 322.989562988, 323.523620605, 324.057678223, 324.603363037, 325.149017334, 325.683074951, 326.228759766, 326.774414063, 327.30847168, 327.842529297, 328.376586914, 328.910644531, 329.444702148, 329.990386963, 330.53604126, 331.070098877, 331.615783691, 332.161437988, 332.695495605, 333.229553223, 333.775238037, 334.320892334, 334.854949951, 335.389007568, 335.923065186, 336.457122803, 337.002807617, 337.536865234, 338.082519531, 338.628204346, 339.173858643, 339.719543457, 340.265197754, 340.799255371, 341.333312988, 341.867401123, 342.40145874, 342.935516357, 343.469573975, 344.003631592, 344.549285889, 345.094970703, 345.652252197, 346.209503174, 346.639099121, 347.068664551, 347.486602783, 347.892974854, 348.310913086, 348.728881836, 349.146850586, 349.553192139, 349.971160889, 350.400726318, 350.830291748, 351.259857178, 351.689422607, 352.118988037, 352.571777344, 353.02456665, 353.45413208, 353.88369751, 354.313293457, 354.742858887, 355.300140381, 355.869018555, 356.426300049, 356.971954346, 357.51763916, 358.074920654, 358.620574951, 359.143035889, 359.677093506, 360.211151123, 360.75680542, 361.302490234, 361.848144531, 362.393829346, 362.927886963, 363.46194458, 363.996002197, 364.530059814, 365.064117432, 365.598175049, 366.132232666, 366.666290283, 367.223571777, 367.769256592, 368.314910889, 368.848968506, 369.39465332, 369.928710938, 370.474365234, 371.008422852, 371.542480469, 372.076538086, 372.610595703, 373.098236084, 373.585845947, 374.085083008, 374.584289551, 375.083526611, 375.582763672], "beats_loudness": {"dmean2": 0.0793153047562, "median": 0.0438364706933, "min": 0, "dvar2": 0.00421296525747, "dvar": 0.00121452764142, "dmean": 0.0410314388573, "max": 0.184939324856, "var": 0.00136325031053, "mean": 0.0520933568478}, "danceability": 1.2077883482, "bpm_histogram_second_peak_weight": {"dmean2": 0, "median": 0.0366197191179, "min": 0.0366197191179, "dvar2": 0, "dvar": 0, "dmean": 0, "max": 0.0366197191179, "var": 0, "mean": 0.0366197191179}, "beats_count": 711, "bpm_histogram_second_peak_bpm": {"dmean2": 0, "median": 148, "min": 148, "dvar2": 0, "dvar": 0, "dmean": 0, "max": 148, "var": 0, "mean": 148}, "bpm_histogram_first_peak_spread": {"dmean2": 0, "median": 0.492038220167, "min": 0.492038220167, "dvar2": 0, "dvar": 0, "dmean": 0, "max": 0.492038220167, "var": 0, "mean": 0.492038220167}, "beats_loudness_band_ratio": {"dmean2": [0.722571730614, 0.388564050198, 0.240621998906, 0.127500489354, 0.0695216208696, 0.1360976547], "median": [0.519367218018, 0.140438631177, 0.105853743851, 0.0406059585512, 0.0286679975688, 0.0248748790473], "min": [0, 0, 0, 0, 0, 0], "dvar2": [0.18341383338, 0.0812014564872, 0.0438461303711, 0.0319195836782, 0.00550319999456, 0.021415675059], "dvar": [0.0537019819021, 0.0248159170151, 0.015116029419, 0.0108005516231, 0.00184248480946, 0.00741208856925], "dmean": [0.37513178587, 0.204447895288, 0.131204798818, 0.0693478733301, 0.0377314984798, 0.0714170113206], "max": [0.965568900108, 0.7603957057, 0.753130495548, 0.780742228031, 0.423400849104, 0.822963416576], "var": [0.074464134872, 0.0273428559303, 0.0219239015132, 0.0100914109498, 0.0018484237371, 0.00563658820465], "mean": [0.510929048061, 0.199801504612, 0.156152129173, 0.0742371380329, 0.042684674263, 0.0562029071152]}}, "lowlevel": {"barkbands_spread": {"dmean2": 8.71300888062, "median": 16.7882137299, "min": 1.08964884281, "dvar2": 93.4205322266, "dvar": 48.3868980408, "dmean": 5.89396905899, "max": 151.467056274, "var": 194.05128479, "mean": 20.3298873901}, "melbands_spread": {"dmean2": 9.13015270233, "median": 15.614780426, "min": 0.867009758949, "dvar2": 149.25479126, "dvar": 75.3185653687, "dmean": 6.06447935104, "max": 218.305770874, "var": 276.28427124, "mean": 19.2330474854}, "hfc": {"dmean2": 8.87182331085, "median": 13.81062603, "min": 1.11162671704e-16, "dvar2": 156.755462646, "dvar": 82.0821456909, "dmean": 6.56226062775, "max": 201.660354614, "var": 265.237365723, "mean": 18.5163917542}, "barkbands_kurtosis": {"dmean2": 4.71559095383, "median": 2.8823094368, "min": -1.91718685627, "dvar2": 48.7834358215, "dvar": 22.1062850952, "dmean": 3.09983801842, "max": 143.328933716, "var": 50.2913398743, "mean": 5.0867600441}, "gfcc": {"mean": [3.50130534172, 96.1765899658, -103.446220398, 26.7731018066, -51.6658172607, 4.11780500412, -33.9334144592, 5.4473233223, -24.3824062347, 0.707582771778, -14.4265041351, -1.54366993904, -14.9120817184], "icov": [[0.000158792186994, -0.000113880923891, 0.000149907515151, -0.000224136470933, 0.000264750706265, -0.000179641225259, 0.000291676522465, -0.000446018413641, 0.000436712027295, -0.000463536038296, 0.000427245598985, -0.000457306392491, 0.00031429270166], [-0.000113880923891, 0.00169039843604, 0.000450496736448, 0.000353784242179, -0.00129690067843, 0.000745293742511, -0.000749278638978, 0.000801387941465, -0.000842894485686, 0.00204031681642, -0.00211427477188, 0.00162565300707, -0.00120112451259], [0.000149907515151, 0.000450496736448, 0.00244175130501, -0.000787469150964, -0.000389965047361, -0.000697640178259, 0.000380661629606, -0.00018001360877, 0.000142881443026, -0.000861116102897, 0.000690510903951, -0.00177710258868, 8.80037841853e-05], [-0.000224136470933, 0.000353784242179, -0.000787469150964, 0.00413920497522, -0.000189992948435, -0.000334877287969, 0.000184217104106, 0.000732433982193, -0.00144834036473, 0.0007735977415, -0.000347989727743, 0.00113116006833, -0.00252826139331], [0.000264750706265, -0.00129690067843, -0.000389965047361, -0.000189992948435, 0.00531849591061, -7.17953080311e-05, -0.00091698335018, -0.000579850457143, -8.48143608891e-05, -0.00197119847871, 0.00236395397224, -0.0015924120089, 0.00086098711472], [-0.000179641225259, 0.000745293742511, -0.000697640178259, -0.000334877287969, -7.17953080311e-05, 0.00584962777793, -0.00274033402093, 0.0008654591511, -0.000299574487144, 4.08649320889e-05, 0.000682120677084, 0.000391103880247, -0.000784603471402], [0.000291676522465, -0.000749278638978, 0.000380661629606, 0.000184217104106, -0.00091698335018, -0.00274033402093, 0.00801838096231, -0.00358471320942, 0.00201802514493, -0.000326003151713, -0.000339214078849, -0.00121496629436, 0.00185437593609], [-0.000446018413641, 0.000801387941465, -0.00018001360877, 0.000732433982193, -0.000579850457143, 0.0008654591511, -0.00358471320942, 0.0132566858083, -0.00554174976423, 0.00107847212348, -0.00161557004321, 0.000591729825828, -0.000374068418751], [0.000436712027295, -0.000842894485686, 0.000142881443026, -0.00144834036473, -8.48143608891e-05, -0.000299574487144, 0.00201802514493, -0.00554174976423, 0.0152047211304, -0.00711631774902, 0.00165731296875, 0.000603662105277, -0.000556046317797], [-0.000463536038296, 0.00204031681642, -0.000861116102897, 0.0007735977415, -0.00197119847871, 4.08649320889e-05, -0.000326003151713, 0.00107847212348, -0.00711631774902, 0.0177480969578, -0.00566310202703, 0.00148204248399, -0.00226780353114], [0.000427245598985, -0.00211427477188, 0.000690510903951, -0.000347989727743, 0.00236395397224, 0.000682120677084, -0.000339214078849, -0.00161557004321, 0.00165731296875, -0.00566310202703, 0.0164193864912, -0.00587097462267, 0.00083896011347], [-0.000457306392491, 0.00162565300707, -0.00177710258868, 0.00113116006833, -0.0015924120089, 0.000391103880247, -0.00121496629436, 0.000591729825828, 0.000603662105277, 0.00148204248399, -0.00587097462267, 0.0185160748661, -0.00864897295833], [0.00031429270166, -0.00120112451259, 8.80037841853e-05, -0.00252826139331, 0.00086098711472, -0.000784603471402, 0.00185437593609, -0.000374068418751, -0.000556046317797, -0.00226780353114, 0.00083896011347, -0.00864897295833, 0.0192105174065]], "cov": [[10243.78125, -622.655822754, -132.896240234, 447.694763184, -531.372924805, 236.553359985, -296.989562988, 153.746612549, -114.332397461, 133.818069458, -148.944488525, 137.889160156, -0.783066213131], [-622.655822754, 1447.97473145, -506.854949951, -221.326980591, 224.664031982, -224.36769104, 118.488273621, -25.2103748322, -17.8773803711, -133.759140015, 113.671302795, -110.959487915, -28.4755077362], [-132.896240234, -506.854949951, 735.180297852, 191.947769165, 11.4194107056, 150.159042358, -31.0983448029, 10.195441246, 39.9387550354, 85.2308273315, -36.6664733887, 104.208488464, 60.9346237183], [447.694763184, -221.326980591, 191.947769165, 355.894836426, -31.3375740051, 70.8139648438, -48.9873123169, 1.65014958382, 36.2042541504, 38.462310791, -20.6520652771, 35.1392936707, 56.1648635864], [-531.372924805, 224.664031982, 11.4194107056, -31.3375740051, 282.341125488, -10.5164117813, 68.8184356689, 11.6379842758, 22.8211746216, 4.15810108185, 2.48544621468, -1.81001627445, -0.70816141367], [236.553359985, -224.36769104, 150.159042358, 70.8139648438, -10.5164117813, 255.032302856, 52.9304962158, 11.6483325958, 3.07463955879, 26.1308135986, -28.8954906464, 27.3912220001, 13.5059537888], [-296.989562988, 118.488273621, -31.0983448029, -48.9873123169, 68.8184356689, 52.9304962158, 197.477935791, 37.0559844971, -8.47929096222, -12.301117897, 15.2851228714, -2.99588799477, -17.014673233], [153.746612549, -25.2103748322, 10.195441246, 1.65014958382, 11.6379842758, 11.6483325958, 37.0559844971, 106.063575745, 36.2085266113, 18.9456253052, 6.47718000412, 6.18581867218, 0.307980507612], [-114.332397461, -17.8773803711, 39.9387550354, 36.2042541504, 22.8211746216, 3.07463955879, -8.47929096222, 36.2085266113, 107.038650513, 45.7699775696, 4.63620138168, 1.93636524677, 15.1315841675], [133.818069458, -133.759140015, 85.2308273315, 38.462310791, 4.15810108185, 26.1308135986, -12.301117897, 18.9456253052, 45.7699775696, 99.9516677856, 13.6097898483, 23.2229347229, 19.5413913727], [-148.944488525, 113.671302795, -36.6664733887, -20.6520652771, 2.48544621468, -28.8954906464, 15.2851228714, 6.47718000412, 4.63620138168, 13.6097898483, 92.7149429321, 18.7619037628, 10.4919061661], [137.889160156, -110.959487915, 104.208488464, 35.1392936707, -1.81001627445, 27.3912220001, -2.99588799477, 6.18581867218, 1.93636524677, 23.2229347229, 18.7619037628, 97.792388916, 42.5694351196], [-0.783066213131, -28.4755077362, 60.9346237183, 56.1648635864, -0.70816141367, 13.5059537888, -17.014673233, 0.307980507612, 15.1315841675, 19.5413913727, 10.4919061661, 42.5694351196, 81.0838775635]]}, "spectral_energyband_middle_low": {"dmean2": 0.00868994463235, "median": 0.0114584965631, "min": 1.2750869993e-22, "dvar2": 0.000139968382427, "dvar": 6.03816297371e-05, "dmean": 0.00568248145282, "max": 0.147622942924, "var": 0.000162725496921, "mean": 0.0149335172027}, "melbands_crest": {"dmean2": 5.09141540527, "median": 13.1357221603, "min": 1.50858020782, "dvar2": 19.298456192, "dvar": 7.74228572845, "dmean": 3.13690114021, "max": 32.1985244751, "var": 21.5418300629, "mean": 13.7487773895}, "spectral_kurtosis": {"dmean2": 2.82644581795, "median": 4.43929100037, "min": -1.28354394436, "dvar2": 12.1567440033, "dvar": 4.44553041458, "dmean": 1.76209688187, "max": 36.5970344543, "var": 13.2701482773, "mean": 5.18286275864}, "spectral_rms": {"dmean2": 0.00129387632478, "median": 0.00481626810506, "min": 3.13184591108e-12, "dvar2": 2.25128883358e-06, "dvar": 1.2223788417e-06, "dmean": 0.000905759690795, "max": 0.0134364934638, "var": 4.26406722909e-06, "mean": 0.00502516748384}, "zerocrossingrate": {"dmean2": 0.013143684715, "median": 0.044921875, "min": 0.0048828125, "dvar2": 0.000200411042897, "dvar": 0.000169798382558, "dmean": 0.011470630765, "max": 0.763671875, "var": 0.00218896055594, "mean": 0.0561763048172}, "silence_rate_60dB": {"dmean2": 0.0155565161258, "median": 0, "min": 0, "dvar2": 0.0175388418138, "dvar": 0.00771780405194, "dmean": 0.00777777796611, "max": 1, "var": 0.0228483024985, "mean": 0.0233936179429}, "erbbands_kurtosis": {"dmean2": 1.14636802673, "median": -0.416495680809, "min": -1.85263240337, "dvar2": 2.53743934631, "dvar": 1.21962428093, "dmean": 0.746036052704, "max": 43.1214370728, "var": 3.36953997612, "mean": 0.086635068059}, "erbbands": {"dmean2": [0.165108174086, 2.03977966309, 4.7524189949, 9.44295310974, 9.24304962158, 12.7882108688, 15.8582277298, 22.9027614594, 27.6247940063, 30.3222618103, 29.1134490967, 22.8351783752, 22.5866680145, 17.3591690063, 18.8210067749, 16.0331478119, 14.095536232, 18.6369514465, 15.8901805878, 12.6539678574, 11.1375617981, 14.0916833878, 11.4543228149, 8.24704933167, 13.7626419067, 10.2817716599, 7.20349025726, 5.83999872208, 5.4495434761, 3.86410164833, 3.38575959206, 2.65917992592, 1.58055567741, 0.838308513165, 0.420975297689, 0.216986864805, 0.0902705937624, 0.0211241710931, 0.00308320857584, 0.000145556929056], "median": [0.0348955951631, 0.507979810238, 1.84968686104, 4.56176424026, 5.93342971802, 7.2753162384, 9.06064796448, 9.2051115036, 11.5415458679, 12.6289463043, 10.9890060425, 8.4445476532, 9.5059299469, 9.57589530945, 10.5965242386, 9.09001255035, 6.99222421646, 8.63948249817, 8.74116420746, 7.13123130798, 6.80880498886, 6.71456193924, 7.10368871689, 6.45329523087, 6.96975040436, 5.25882577896, 2.70485186577, 1.74839687347, 1.49708628654, 1.08364748955, 0.776701748371, 0.552627205849, 0.317923635244, 0.167619809508, 0.0883128941059, 0.0442830584943, 0.0151675855741, 0.00293710408732, 0.000327071669744, 5.00181376992e-05], "min": [8.37712031855e-23, 5.85168790096e-22, 2.48818250662e-21, 9.45086161585e-21, 2.06884107366e-20, 2.5156357345e-20, 4.78841447234e-20, 9.87247363536e-20, 7.21146850146e-20, 1.43138887488e-19, 2.58833369817e-19, 3.01561953045e-19, 6.89775469653e-19, 7.42443300025e-19, 6.73939096825e-19, 8.32722722657e-19, 2.2434862884e-18, 2.52280181341e-18, 3.13339138642e-18, 3.09216284353e-18, 3.99534522436e-18, 3.92644976473e-18, 6.77524200998e-18, 6.50013414595e-18, 6.67180762387e-18, 9.57419786409e-18, 9.65747179072e-18, 9.5385331448e-18, 1.18498693365e-17, 1.15012218073e-17, 1.10616985617e-17, 1.12281471533e-17, 9.59220724039e-18, 8.72807812423e-18, 6.59861620173e-18, 4.03446673143e-18, 2.35418724939e-18, 1.01811013135e-18, 2.46854631325e-19, 2.70829805451e-20], "dvar2": [0.202256307006, 27.7553291321, 123.397567749, 322.310272217, 207.586029053, 1013.94207764, 898.323852539, 3124.09838867, 4766.24755859, 4012.5390625, 5847.78662109, 3668.24511719, 3475.63037109, 1363.77160645, 1631.33349609, 1329.41442871, 1311.23046875, 1524.06079102, 1072.56420898, 644.474121094, 439.488586426, 2348.60302734, 596.210571289, 259.965148926, 850.31451416, 708.77911377, 385.077178955, 305.974304199, 256.687835693, 98.8928527832, 76.3491516113, 58.3504714966, 15.6347446442, 4.16735124588, 0.754422545433, 0.198158428073, 0.0481582954526, 0.00317616388202, 7.60445109336e-05, 2.27313677215e-07], "dvar": [0.108560808003, 12.3816585541, 46.3461494446, 115.940162659, 78.9430236816, 380.269134521, 399.842254639, 1525.63232422, 2193.80566406, 1824.99487305, 2790.91894531, 1952.67248535, 1821.50610352, 663.250488281, 770.717590332, 632.550598145, 651.620727539, 692.928161621, 476.856170654, 292.850646973, 187.459777832, 909.357177734, 240.806137085, 115.126571655, 390.753570557, 335.528778076, 174.294464111, 146.266921997, 127.139320374, 52.2469711304, 42.9928398132, 29.6044044495, 8.57727718353, 2.17196297646, 0.371281087399, 0.0900194346905, 0.0202725939453, 0.00134274398442, 3.0676023016e-05, 8.44977705583e-08], "dmean": [0.115032635629, 1.33080160618, 2.8461894989, 5.54581356049, 5.66476917267, 7.92652750015, 10.2909812927, 15.2577896118, 18.3211212158, 19.6319847107, 19.2290458679, 15.4157972336, 15.1205043793, 11.5033693314, 12.2092599869, 10.5469694138, 9.44922542572, 11.8931980133, 10.2692975998, 8.29211044312, 7.15924692154, 8.96823501587, 7.43107414246, 5.4035243988, 9.18927383423, 6.77814340591, 4.74508857727, 3.98579096794, 3.75288271904, 2.72991895676, 2.47107362747, 1.91606652737, 1.147362113, 0.604935109615, 0.298214644194, 0.148900046945, 0.061846844852, 0.0142908506095, 0.00202007056214, 9.51746333158e-05], "max": [4.35550308228, 42.3493614197, 73.9687271118, 169.322692871, 163.289505005, 394.795593262, 754.006774902, 1297.85546875, 1781.80163574, 934.256103516, 2225.76513672, 1380.76623535, 1531.37731934, 1028.57397461, 1605.7175293, 819.216430664, 1109.05310059, 994.901367188, 706.453125, 601.67010498, 417.306854248, 1371.48498535, 740.188293457, 522.97869873, 738.015625, 1279.61657715, 677.147766113, 719.858825684, 582.930358887, 272.273681641, 189.084152222, 239.100067139, 105.668548584, 39.7133293152, 17.0515346527, 8.74269104004, 3.62262940407, 0.875611543655, 0.125369846821, 0.0114124305546], "var": [0.153494253755, 14.8196125031, 42.6433486938, 115.841896057, 135.344543457, 442.985809326, 879.221740723, 3145.75976563, 9379.02148438, 3271.61352539, 4715.11572266, 4358.703125, 4516.82763672, 2245.10766602, 2025.95861816, 1356.11120605, 1676.59448242, 1665.29394531, 1050.00048828, 829.051147461, 449.07598877, 1095.93078613, 485.493225098, 213.684432983, 861.28704834, 816.093383789, 313.886474609, 275.227203369, 261.428771973, 126.597549438, 113.064048767, 73.4242477417, 22.876203537, 5.2367105484, 0.741110801697, 0.141438022256, 0.0273453947157, 0.00160546472762, 3.06246110995e-05, 6.77242937286e-08], "mean": [0.159889727831, 1.74871277809, 3.76355910301, 7.98414230347, 9.77325630188, 13.4166793823, 19.0726013184, 25.7670497894, 36.6949920654, 30.5453033447, 30.305437088, 26.4009132385, 26.9242534637, 22.1817913055, 23.2544784546, 18.9755382538, 17.1321239471, 20.2460594177, 18.3868274689, 16.2343177795, 13.4611911774, 15.6352310181, 14.0426073074, 10.6125621796, 16.4176502228, 12.2203931808, 7.21624135971, 5.96213006973, 5.75749158859, 4.43095111847, 3.90948414803, 2.92461776733, 1.72687149048, 0.893532276154, 0.410476833582, 0.190200120211, 0.0754075273871, 0.0168581716716, 0.00215118890628, 0.000122380457469]}, "spectral_strongpeak": {"dmean2": 0.701998353004, "median": 0.445657879114, "min": 0, "dvar2": 1.09106111526, "dvar": 0.457892537117, "dmean": 0.426291078329, "max": 10.2813110352, "var": 0.962222158909, "mean": 0.832511544228}, "spectral_energy": {"dmean2": 0.0161029081792, "median": 0.0237763486803, "min": 1.0053670295e-20, "dvar2": 0.000565843540244, "dvar": 0.000293441407848, "dmean": 0.0111134685576, "max": 0.185052841902, "var": 0.000649353140034, "mean": 0.030254362151}, "average_loudness": 0.854277014732, "spectral_rolloff": {"dmean2": 753.039123535, "median": 796.728515625, "min": 86.1328125, "dvar2": 1441190, "dvar": 708328.1875, "dmean": 461.081329346, "max": 21662.4023438, "var": 3103736, "mean": 1249.51403809}, "spectral_centroid": {"dmean2": 380.742034912, "median": 1051.69384766, "min": 178.71836853, "dvar2": 165147.40625, "dvar": 84135.421875, "dmean": 255.208755493, "max": 11612.6259766, "var": 624924.4375, "mean": 1186.50158691}, "pitch_salience": {"dmean2": 0.116108767688, "median": 0.579138755798, "min": 0.120924562216, "dvar2": 0.010385372676, "dvar": 0.00417730910704, "dmean": 0.0728359594941, "max": 0.851917922497, "var": 0.0126157980412, "mean": 0.566964745522}, "spectral_energyband_middle_high": {"dmean2": 0.00211329315789, "median": 0.00276774005033, "min": 1.31640432758e-21, "dvar2": 9.85957285593e-06, "dvar": 5.28397140442e-06, "dmean": 0.00147902418394, "max": 0.0478221215308, "var": 2.22812650463e-05, "mean": 0.00411247881129}, "spectral_contrast_coeffs": {"dmean2": [0.0852112695575, 0.0764366015792, 0.0595631189644, 0.0477034598589, 0.0379278510809, 0.0281942915171], "median": [-0.625974774361, -0.733920395374, -0.785511851311, -0.787639558315, -0.796474635601, -0.774892628193], "min": [-0.971812069416, -0.984068214893, -0.977845668793, -0.974537670612, -0.967527091503, -0.965652227402], "dvar2": [0.00485593592748, 0.0038664767053, 0.00223082280718, 0.00145723042078, 0.00102037237957, 0.000595969089773], "dvar": [0.00185671716463, 0.00163821747992, 0.000938316807151, 0.000623065512627, 0.000481399882119, 0.000266355957137], "dmean": [0.051884971559, 0.0479536987841, 0.0371404998004, 0.0300904996693, 0.0244971755892, 0.0181506127119], "max": [-0.324951469898, -0.352331250906, -0.469524890184, -0.500275373459, -0.49314814806, -0.523313879967], "var": [0.00636685919017, 0.00694670202211, 0.00430508563295, 0.00293834670447, 0.00246100779623, 0.00117082870565], "mean": [-0.623096168041, -0.721357822418, -0.774960517883, -0.780025541782, -0.786302983761, -0.773230731487]}, "melbands_skewness": {"dmean2": 1.13720571995, "median": 2.71729326248, "min": -1.13092970848, "dvar2": 1.44811177254, "dvar": 0.677393257618, "dmean": 0.756178379059, "max": 12.3831119537, "var": 2.44087076187, "mean": 2.92423009872}, "spectral_spread": {"dmean2": 884415.9375, "median": 4360433, "min": 1496694.625, "dvar2": 1215665668100.0, "dvar": 637627727872, "dmean": 662615.625, "max": 46532012, "var": 6854460047360.0, "mean": 4719019}, "dissonance": {"dmean2": 0.0291498973966, "median": 0.47161886096, "min": 0.238356217742, "dvar2": 0.000787637080066, "dvar": 0.000311484531267, "dmean": 0.0177350472659, "max": 0.500000119209, "var": 0.000844491762109, "mean": 0.463835328817}, "spectral_skewness": {"dmean2": 0.364602774382, "median": 1.59108281136, "min": -0.294187277555, "dvar2": 0.127569526434, "dvar": 0.0549567379057, "dmean": 0.240980997682, "max": 4.14734888077, "var": 0.255357325077, "mean": 1.61647093296}, "spectral_flux": {"dmean2": 0.0432328805327, "median": 0.0753591135144, "min": 6.43024522518e-11, "dvar2": 0.00248711532913, "dvar": 0.00117967743427, "dmean": 0.0277127418667, "max": 0.357507824898, "var": 0.00274874013849, "mean": 0.0867764279246}, "spectral_contrast_valleys": {"dmean2": [0.643764019012, 0.549057245255, 0.502281725407, 0.451495736837, 0.436911731958, 0.517071783543], "median": [-6.92951774597, -6.45382213593, -7.15853214264, -7.62856531143, -7.47482347488, -10.1483335495], "min": [-28.0632209778, -28.1317157745, -27.7057113647, -27.6373729706, -27.4711170197, -27.3786869049], "dvar2": [0.304183334112, 0.221461430192, 0.191405758262, 0.163804098964, 0.185990542173, 0.291659712791], "dvar": [0.134700104594, 0.099318139255, 0.0892120823264, 0.0840047374368, 0.100021600723, 0.164760693908], "dmean": [0.400670677423, 0.345994859934, 0.320148229599, 0.30156198144, 0.31264269352, 0.423953980207], "max": [-5.0198507309, -4.67723894119, -5.30313587189, -5.91598176956, -5.77965974808, -7.43762016296], "var": [2.24409484863, 1.96427512169, 1.8863067627, 1.82576560974, 1.9927355051, 2.28876924515], "mean": [-7.1518201828, -6.57390451431, -7.29234313965, -7.7687959671, -7.64565706253, -10.2769060135]}, "erbbands_flatness_db": {"dmean2": 0.0270077977329, "median": 0.135731294751, "min": 0.