{"tonal": {"thpcp": [1, 0.740017175674, 0.432660132647, 0.37480443716, 0.357990950346, 0.444463431835, 0.547179758549, 0.437208086252, 0.357664316893, 0.431562244892, 0.37389883399, 0.293697267771, 0.291340053082, 0.328804194927, 0.578803777695, 0.768150687218, 0.542128145695, 0.343561887741, 0.351918041706, 0.323528647423, 0.489433288574, 0.713816404343, 0.532750487328, 0.316333293915, 0.318335324526, 0.336141467094, 0.447327256203, 0.500167369843, 0.398743361235, 0.455993503332, 0.592761874199, 0.50428134203, 0.365162044764, 0.335842639208, 0.38839173317, 0.718112707138], "hpcp": {"dmean2": [0.192409947515, 0.1991712749, 0.225481078029, 0.244030356407, 0.21321593225, 0.173588916659, 0.187762454152, 0.185556560755, 0.166378572583, 0.161756679416, 0.181837081909, 0.240243420005, 0.275300383568, 0.230911657214, 0.182185947895, 0.179041922092, 0.175405189395, 0.220585882664, 0.261746883392, 0.230866000056, 0.187664866447, 0.185290440917, 0.17723967135, 0.212826162577, 0.230835452676, 0.196157887578, 0.214978694916, 0.249912157655, 0.235120370984, 0.205396294594, 0.194980740547, 0.206389471889, 0.264227807522, 0.279583156109, 0.260530799627, 0.214775204659], "median": [0.0328062139452, 0.0352274216712, 0.0548737794161, 0.0679883807898, 0.055132843554, 0.0509206019342, 0.0545980408788, 0.0538993068039, 0.0390165485442, 0.0354543104768, 0.0374660752714, 0.0778935104609, 0.102640599012, 0.0729942396283, 0.0443010181189, 0.0358112677932, 0.0336819365621, 0.0649249479175, 0.0836251452565, 0.0706407427788, 0.0320698544383, 0.0268410574645, 0.0329339541495, 0.0491170063615, 0.0561780259013, 0.0445900000632, 0.0557754039764, 0.0715788379312, 0.0567286722362, 0.0363718010485, 0.0298753436655, 0.0445120669901, 0.11924610287, 0.164179489017, 0.126292303205, 0.0505727045238], "min": [0, 0, 0, 0, 0, 0, 0, 0, 0, 0, 0, 0, 0, 0, 0, 0, 0, 0, 0, 0, 0, 0, 0, 0, 0, 0, 0, 0, 0, 0, 0, 0, 0, 0, 0, 0], "dvar2": [0.08858948946, 0.103678971529, 0.10660263896, 0.114446222782, 0.100006975234, 0.0757702738047, 0.081022746861, 0.0804882869124, 0.0789966955781, 0.0771672278643, 0.0882668420672, 0.118325442076, 0.129415720701, 0.0993176177144, 0.0858332589269, 0.0835313424468, 0.0844606086612, 0.0990112125874, 0.12557309866, 0.0982167646289, 0.0951987579465, 0.099453471601, 0.0872086137533, 0.0974480882287, 0.108101077378, 0.0831513479352, 0.0932692363858, 0.109174109995, 0.105647325516, 0.101792991161, 0.102954849601, 0.0972161516547, 0.106540076435, 0.117272228003, 0.0984346419573, 0.0970364511013], "dvar": [0.0345121100545, 0.0386724174023, 0.0405422896147, 0.0450579337776, 0.038326214999, 0.0282044708729, 0.0306149702519, 0.0299576036632, 0.0295196827501, 0.0290389526635, 0.0326779745519, 0.0434132888913, 0.0507930591702, 0.0377941653132, 0.031175468117, 0.0307235494256, 0.0307498779148, 0.0371495634317, 0.0495788790286, 0.0371929705143, 0.0347712785006, 0.0366180613637, 0.0323307923973, 0.0371429286897, 0.0412506200373, 0.0324061959982, 0.0376058742404, 0.0458158440888, 0.0414049141109, 0.0381227657199, 0.037661999464, 0.0363169945776, 0.0412934236228, 0.0465563051403, 0.0381901562214, 0.0370868593454], "dmean": [0.112091809511, 0.115258447826, 0.130627632141, 0.143420800567, 0.124394901097, 0.100200273097, 0.109154738486, 0.107138074934, 0.0953912734985, 0.0935643985868, 0.104246072471, 0.140400528908, 0.161023408175, 0.136376857758, 0.10395912081, 0.10208877176, 0.100015461445, 0.128829091787, 0.151917278767, 0.135095000267, 0.107381798327, 0.105924472213, 0.102445490658, 0.123194992542, 0.133950576186, 0.115139752626, 0.126632720232, 0.149083465338, 0.138399735093, 0.117776297033, 0.110854282975, 0.118796847761, 0.155474483967, 0.164051160216, 0.155982449651, 0.12388535589], "max": [1, 1, 1, 1, 1, 1, 1, 1, 1, 1, 1, 1, 1, 1, 1, 1, 1, 1, 1, 1, 1, 1, 1, 1, 1, 1, 1, 1, 1, 1, 1, 1, 1, 1, 1, 1], "var": [0.0449680238962, 0.044198602438, 0.0499229244888, 0.0701386108994, 0.0488152392209, 0.0325465127826, 0.0489326678216, 0.0345330610871, 0.028137486428, 0.0292860269547, 0.0342165417969, 0.0713093355298, 0.106734506786, 0.0599297396839, 0.0335073769093, 0.0411597453058, 0.0355362184346, 0.0518142133951, 0.103207215667, 0.0573375597596, 0.0352321788669, 0.0384286046028, 0.0387052968144, 0.0542981438339, 0.0623258017004, 0.0435485169291, 0.0529352612793, 0.07861790061, 0.0611042678356, 0.0430865734816, 0.039715051651, 0.0441172868013, 0.0801973044872, 0.133219227195, 0.0805051550269, 0.050643004477], "mean": [0.128362163901, 0.122603915632, 0.152218818665, 0.187396869063, 0.149734020233, 0.122492052615, 0.147800445557, 0.128052011132, 0.100584767759, 0.0997774749994, 0.112608104944, 0.198227390647, 0.263074487448, 0.185666799545, 0.117662288249, 0.120524086058, 0.1108013466, 0.167619988322, 0.244466215372, 0.182455167174, 0.108337104321, 0.109022751451, 0.115120962262, 0.153199613094, 0.171296179295, 0.136560708284, 0.15616761148, 0.203007727861, 0.172705128789, 0.125059857965, 0.115018621087, 0.13301551342, 0.245937600732, 0.342477709055, 0.25343939662, 0.148176446557]}, "tuning_equal_tempered_deviation": 0.0458055362105, "chords_changes_rate": 0.073218524456, "key_key": "C#", "tuning_diatonic_strength": 0.635216891766, "key_scale": "major", "chords_number_rate": 0.00154687021859, "tuning_frequency": 440.508636475, "tuning_nontempered_energy_ratio": 0.761700212955, "chords_histogram": [11.8077754974, 2.33061766624, 4.33123636246, 2.36155509949, 1.36124575138, 0.752810120583, 0.23718675971, 0.68062287569, 0.824997425079, 0.453748583794, 0.61874806881, 0.546560764313, 1.3818706274, 3.76405072212, 0.20624935627, 3.2793648243, 0.44343611598, 7.11560297012, 2.46467971802, 18.3252544403, 2.54717946053, 5.46560811996, 15.5099515915, 13.1896467209], "key_strength": 0.777116835117, "chords_key": "G#", "chords_strength": {"dmean2": 0.0130216991529, "median": 0.512985527515, "min": 0.216763868928, "dvar2": 0.00017953418137, "dvar": 0.000122016303067, "dmean": 0.0116530563682, "max": 0.779143929482, "var": 0.0102506531402, "mean": 0.516017079353}, "chords_scale": "minor", "hpcp_entropy": {"dmean2": 1.13554680347, "median": 2.19506311417, "min": 0, "dvar2": 0.858769655228, "dvar": 0.313187122345, "dmean": 0.67232632637, "max": 4.5723028183, "var": 0.705847561359, "mean": 2.19238615036}}, "metadata": {"audio_properties": {"equal_loudness": 0, "codec": "flac", "downmix": "mix", "analysis_sample_rate": 44100, "bit_rate": 0, "md5_encoded": "586e435f5588c8344f7593caa786b350", "length": 450.239990234, "replay_gain": -5.47852516174, "lossless": true}, "version": {"essentia_build_sha": "ed039d7e5a6e3dec64cf0be7c36ef885fb432306", "essentia": "2.1-beta1", "extractor": "music 1.0", "essentia_git_sha": "v2.1_beta1-7-ge0e83e8"}, "tags": {"title": ["Diva"], "barcode": ["4228247502"], "media": ["CD"], "albumartist": ["Jean Michel Jarre"], "tracktotal": ["7"], "albumartistsort": ["Jarre, Jean Michel"], "releasetype": ["album"], "musicbrainz_recordingid": ["0aadee2b-5c89-4788-8909-3578db836966"], "composer": ["Jean Michel Jarre"], "musicbrainz_releasegroupid": ["3e4672ef-b47e-3449-b02c-c25257e28848"], "musicbrainz_albumartistid": ["86e2e2ad-6d1b-44fd-9463-b6683718a1cc"], "artists": ["Jean Michel Jarre"], "discnumber": ["1"], "composersort": ["Jarre, Jean Michel"], "catalognumber": ["824 750-2", "DCO 2002"], "replaygain_track_gain": ["+0.81 dB"], "releasecountry": ["FR"], "originaldate": ["1984"], "replaygain_track_peak": ["0.826813"], "work": ["Diva"], "date": ["1985"], "file_name": "02 Diva.flac", "musicbrainz_albumid": ["ed181e6b-13d6-3475-8ee0-7ba3c23e0016"], "disctotal": ["1"], "replaygain_album_gain": ["-3.32 dB"], "replaygain_album_peak": ["1.000000"], "releasestatus": ["official"], "musicbrainz_artistid": ["86e2e2ad-6d1b-44fd-9463-b6683718a1cc"], "asin": ["B000001ZS8"], "musicbrainz_workid": ["d02f1869-7886-3f94-8227-21c358c98b4f"], "musicbrainz_releasetrackid": ["8a2eeed6-732f-3e67-a81b-15d15d58ee29"], "artist": ["Jean Michel Jarre"], "tracknumber": ["2"], "artistsort": ["Jarre, Jean Michel"], "album": ["Zoolook"], "label": ["Disques Dreyfus"], "totaltracks": ["7"], "totaldiscs": ["1"], "script": ["Latn"], "acoustid_id": ["2841031c-fbaf-45e4-8ccd-10128146717a"]}}, "rhythm": {"bpm_histogram_first_peak_bpm": {"dmean2": 0, "median": 148, "min": 148, "dvar2": 0, "dvar": 0, "dmean": 0, "max": 148, "var": 0, "mean": 148}, "bpm": 146.406005859, "bpm_histogram_second_peak_spread": {"dmean2": 0, "median": 0.361702114344, "min": 0.361702114344, "dvar2": 0, "dvar": 0, "dmean": 0, "max": 0.361702114344, "var": 0, "mean": 0.361702114344}, "bpm_histogram_first_peak_weight": {"dmean2": 0, "median": 0.364124596119, "min": 0.364124596119, "dvar2": 0, "dvar": 0, "dmean": 0, "max": 0.364124596119, "var": 0, "mean": 0.364124596119}, "onset_rate": 3.34252691269, "beats_position": [0.870748281479, 1.72988653183, 2.57741498947, 3.43655323982, 4.29569149017, 5.13160991669, 5.9675283432, 6.78022670746, 7.60453510284, 8.42884349823, 9.25315189362, 10.0890703201, 10.9133787155, 11.749297142, 12.5619955063, 13.3746938705, 14.1873922348, 15.0233106613, 15.8592290878, 16.6719264984, 17.4962348938, 18.3089332581, 19.1332416534, 19.9575500488, 20.7818584442, 21.6061668396, 22.430475235, 23.2547836304, 24.0790920258, 24.89179039, 25.7044887543, 26.5171871185, 27.353105545, 28.1890239716, 29.0133323669, 29.8376407623, 30.6735591888, 31.4978675842, 32.322177887, 33.1348762512, 33.9591827393, 34.7718811035, 35.5845794678, 36.4088897705, 37.2331962585, 38.0575065613, 38.8818130493, 39.7061233521, 40.5304298401, 41.3547401428, 42.1790466309, 43.0033569336, 43.8392753601, 44.6635818481, 45.4995002747, 46.3586387634, 47.2061653137, 48.0072555542, 48.80834198, 49.5978240967, 50.3989105225, 51.0722885132, 51.7572784424, 52.4306564331, 53.0924263, 53.7541923523, 54.4159622192, 55.0777320862, 55.7511100769, 56.4244880676, 57.1094779968, 57.7828559875, 58.433013916, 59.094783783, 59.6985015869, 60.3022193909, 60.894329071, 61.4864387512, 62.0785484314, 62.6474380493, 63.2047157288, 63.7736053467, 64.3424911499, 64.899772644, 65.4570541382, 66.0259399414, 66.5948257446, 67.0708389282, 67.5468444824, 68.022857666, 68.4988632202, 68.9516525269, 69.416053772, 69.8688430786, 70.3216323853, 70.7744216919, 71.2272109985, 71.6800003052, 72.1327896118, 72.5623550415, 73.0964126587, 73.6304779053, 74.3502960205, 75.0585021973, 75.8363723755, 76.6258468628, 77.3805007935, 78.1351470947, 78.889793396, 79.6444396973, 80.4223098755, 81.2001800537, 82.047706604, 82.8952331543, 83.7311553955, 84.5554656982, 85.3797683716, 86.1924667358, 87.0051651001, 87.6901550293, 88.3751449585, 89.0601348877, 89.6754608154, 90.2907943726, 90.9061203003, 91.5330581665, 92.1599960327, 92.7869338989, 93.4138793945, 94.0408172607, 94.667755127, 95.2250289917, 95.7823104858, 96.33959198, 96.9084777832, 97.4773712158, 98.046257019, 98.6151428223, 99.1956481934, 99.6484298706, 100.101219177, 100.542404175, 100.983581543, 101.459587097, 101.935600281, 102.400001526, 102.864395142, 103.328796387, 103.804801941, 104.327255249, 104.838096619, 105.360542297, 105.906211853, 106.44026947, 106.974327087, 107.496780396, 108.019226074, 108.553283691, 109.087341309, 109.644622803, 110.248344421, 110.840454102, 111.432563782, 112.047889709, 112.651611328, 113.255325317, 113.859046936, 114.451156616, 115.043266296, 115.635368347, 116.227478027, 116.807983398, 117.400085449, 118.003807068, 118.607528687, 119.280906677, 119.965896606, 120.639274597, 121.324264526, 121.986030579, 122.647796631, 123.309570312, 123.959724426, 124.609886169, 125.271652222, 125.921813965, 126.571968079, 127.222129822, 127.872291565, 128.522445679, 129.172607422, 129.706665039, 130.240722656, 130.774780273, 131.308837891, 131.854507446, 132.388565063, 132.922622681, 133.456680298, 133.979141235, 134.513198853, 135.058868408, 135.627746582, 136.208251953, 136.800354004, 137.392471313, 137.984573364, 138.565078735, 139.133972168, 139.702850342, 140.271743774, 140.829025269, 141.397918701, 141.955184937, 142.524078369, 143.046524048, 143.568969727, 144.091430664, 144.602264404, 145.124710083, 145.635559082, 146.099945068, 146.564346313, 147.028747559, 147.43510437, 147.853057861, 148.271011353, 148.770248413, 149.269470215, 149.757095337, 150.256317139, 150.743942261, 151.231567383, 151.742401123, 152.253234863, 152.764083862, 153.228485107, 153.692871094, 154.157272339, 154.610061646, 155.062850952, 155.527252197, 155.991653442, 156.432830811, 156.885620117, 157.338409424, 157.79119873, 158.243988037, 158.696777344, 159.14956665, 159.602355957, 160.043533325, 160.484710693, 160.879455566, 161.274185181, 161.668930054, 162.052062988, 162.435195923, 162.818313599, 163.213058472, 163.642623901, 164.08380127, 164.524978638, 164.954559326, 165.395736694, 165.836914062, 166.266479492, 166.684448242, 167.102401733, 167.520355225, 167.926712036, 168.32144165, 168.727798462, 169.122543335, 169.517272949, 169.900405884, 170.283538818, 170.666656494, 171.049789429, 171.432922363, 171.827667236, 172.222396851, 172.675186157, 173.127975464, 173.592376709, 174.056777954, 174.521179199, 174.973968506, 175.426757812, 175.879547119, 176.332336426, 176.785125732, 177.191467285, 177.586212158, 177.992553711, 178.410522461, 178.828475952, 179.246429443, 179.676010132, 180.093963623, 180.511917114, 180.929885864, 181.440719604, 181.951568604, 182.462402344, 182.961624146, 183.472473145, 183.983306885, 184.482528687, 184.970153809, 185.457778931, 185.933776855, 186.409790039, 186.897415161, 187.385025024, 187.884262085, 188.395095825, 188.871109009, 189.335510254, 189.811508179, 190.241088867, 190.670654297, 191.100219727, 191.529785156, 191.959365845, 192.377319336, 192.795272827, 193.213241577, 193.631195068, 194.049163818, 194.46711731, 194.885070801, 195.303039551, 195.720993042, 196.138946533, 196.568527222, 196.998092651, 197.427658081, 197.857223511, 198.263580322, 198.669921875, 199.087890625, 199.505844116, 199.923812866, 200.341766357, 200.74810791, 201.154464722, 201.572418213, 201.990386963, 202.396728516, 202.803085327, 203.20942688, 203.615783691, 204.022125244, 204.428482056, 204.846435547, 205.252792358, 205.659133911, 206.065490723, 206.471832275, 206.889785767, 207.296142578, 207.702484131, 208.120452881, 208.538406372, 208.944763184, 209.351104736, 209.757461548, 210.163803101, 210.570159912, 210.976501465, 211.394470215, 211.812423706, 212.218765259, 212.62512207, 213.031463623, 213.437820435, 213.844161987, 214.250518799, 214.66847229, 215.08644104, 215.492782593, 215.899139404, 216.305480957, 216.711837769, 217.118179321, 217.524536133, 217.942489624, 218.360443115, 218.766799927, 219.173141479, 219.579498291, 219.997451782, 220.403808594, 220.810150146, 221.216506958, 221.634460449, 222.040817261, 222.447158813, 222.865127563, 223.283081055, 223.689422607, 224.095779419, 224.502120972, 224.908477783, 225.314819336, 225.721176147, 226.139129639, 226.557098389, 226.963439941, 227.369796753, 227.776138306, 228.182495117, 228.58883667, 228.995193481, 229.413146973, 229.831100464, 230.237457275, 230.643798828, 231.05015564, 231.456497192, 231.874465942, 232.280807495, 232.687164307, 233.105117798, 233.511474609, 233.917816162, 234.324172974, 234.742126465, 235.148483276, 235.566436768, 235.97277832, 236.379135132, 236.785476685, 237.191833496, 237.609786987, 238.027755737, 238.43409729, 238.840454102, 239.246795654, 239.653152466, 240.059494019, 240.46585083, 240.883804321, 241.301757812, 241.708114624, 242.114456177, 242.520812988, 242.927154541, 243.333511353, 243.739852905, 244.157821655, 244.575775146, 244.982131958, 245.388473511, 245.794830322, 246.201171875, 246.607528687, 247.013870239, 247.431838989, 247.84979248, 248.256134033, 248.662490845, 249.068832397, 249.486801147, 249.8931427, 250.299499512, 250.705841064, 251.123809814, 251.530151367, 251.936508179, 252.35446167, 252.772415161, 253.178771973, 253.585113525, 253.991470337, 254.39781189, 254.81578064, 255.222122192, 255.640090942, 256.046447754, 256.452789307, 256.859130859, 257.265472412, 257.671844482, 258.078186035, 258.484527588, 258.902496338, 259.32043457, 259.726806641, 260.133148193, 260.551116943, 260.957458496, 261.363800049, 261.770141602, 262.176513672, 262.594451904, 263.000823975, 263.407165527, 263.81350708, 264.23147583, 264.637817383, 265.044158936, 265.450531006, 265.868469238, 266.274810791, 266.681182861, 267.099121094, 267.505493164, 267.911834717, 268.31817627, 268.724517822, 269.142486572, 269.548828125, 269.955200195, 270.373138428, 270.779510498, 271.185852051, 271.592193604, 271.998535156, 272.416503906, 272.822845459, 273.229187012, 273.647155762, 274.065124512, 274.459869385, 274.866210938, 275.27255249, 275.69052124, 276.096862793, 276.503204346, 276.921173096, 277.339141846, 277.745483398, 278.151824951, 278.558166504, 278.964538574, 279.370880127, 279.77722168, 280.19519043, 280.61315918, 281.019500732, 281.425842285, 281.832183838, 282.250152588, 282.656494141, 283.062866211, 283.469207764, 283.887145996, 284.293518066, 284.699859619, 285.117828369, 285.535766602, 285.942138672, 286.348480225, 286.754821777, 287.16116333, 287.5675354, 287.973876953, 288.380218506, 288.798187256, 289.204528809, 289.622497559, 290.028839111, 290.435180664, 290.841522217, 291.247894287, 291.66583252, 292.08380127, 292.490142822, 292.896514893, 293.302856445, 293.709197998, 294.127166748, 294.533508301, 294.939849854, 295.357818604, 295.764160156, 296.170501709, 296.588470459, 296.994812012, 297.401184082, 297.807525635, 298.225494385, 298.631835938, 299.03817749, 299.444519043, 299.862487793, 300.268829346, 300.675201416, 301.081542969, 301.487884521, 301.905853271, 302.312194824, 302.718536377, 303.136505127, 303.554473877, 303.96081543, 304.367156982, 304.773498535, 305.179870605, 305.586212158, 305.992553711, 306.410522461, 306.828460693, 307.234832764, 307.641174316, 308.047515869, 308.453857422, 308.848602295, 309.266571045, 309.684539795, 310.102478027, 310.508850098, 310.91519165, 311.321533203, 311.727874756, 312.134246826, 312.528961182, 312.946929932, 313.376495361, 313.782836914, 314.189208984, 314.607147217, 315.025115967, 315.43145752, 315.83782959, 316.244171143, 316.650512695, 317.056854248, 317.463226318, 317.869567871, 318.287536621, 318.693878174, 319.111816406, 319.518188477, 319.924530029, 320.330871582, 320.737213135, 321.155181885, 321.573150635, 321.979492188, 322.38583374, 322.792205811, 323.198547363, 323.604888916, 324.011230469, 324.429199219, 324.847167969, 325.253509521, 325.659851074, 326.066192627, 326.484161377, 326.89050293, 327.296875, 327.703216553, 328.121185303, 328.527526855, 328.933868408, 329.351837158, 329.758178711, 330.164520264, 330.570892334, 330.977233887, 331.395172119, 331.801544189, 332.207885742, 332.625854492, 333.043792725, 333.450164795, 333.856506348, 334.2628479, 334.669189453, 335.075561523, 335.481903076, 335.899871826, 336.317810059, 336.724151611, 337.130523682, 337.548461914, 337.966430664, 338.407623291, 338.953277588, 339.498962402, 340.03302002, 340.555450439, 341.089508057, 341.611968994, 342.146026611, 342.691680908, 343.237365723, 343.78302002, 344.328704834, 344.862762451, 345.396820068, 345.930877686, 346.48815918, 347.045440674, 347.602722168, 348.160003662, 348.717285156, 349.262939453, 349.79699707, 350.331054688, 350.830291748, 351.341125488, 351.851959229, 352.374420166, 352.896850586, 353.419311523, 353.941772461, 354.452606201, 354.986663818, 355.509094238, 356.043182373, 356.565612793, 357.00680542, 357.447967529, 357.8543396, 358.272277832, 358.678619385, 359.096588135, 359.502929688, 359.920898438, 360.338867188, 360.74520874, 361.17477417, 361.615966797, 362.068756104, 362.52154541, 362.974334717, 363.392272949, 363.810241699, 364.228210449, 364.646148682, 365.064117432, 365.458862305, 365.865203857, 366.27154541, 366.68951416, 367.095855713, 367.502227783, 367.920166016, 368.338134766, 368.732879639, 369.139221191, 369.545562744, 369.963531494, 370.381500244, 370.799438477, 371.205810547, 371.6121521, 372.018493652, 372.424835205, 372.842803955, 373.260772705, 373.667114258, 374.073455811, 374.479797363, 374.886169434, 375.292510986, 375.698852539, 376.116821289, 376.534790039, 376.941131592, 377.347473145, 377.753814697, 378.160186768, 378.56652832, 378.972869873, 379.390838623, 379.808776855, 380.215148926, 380.621490479, 381.027832031, 381.434173584, 381.840545654, 382.246887207, 382.664855957, 383.082794189, 383.48916626, 383.895507812, 384.301849365, 384.708190918, 385.102935791, 385.520904541, 385.938873291, 386.356811523, 386.763153076, 387.169525146, 387.575866699, 387.993835449, 388.400177002, 388.818145752, 389.236083984, 389.642456055, 390.048797607, 390.45513916, 390.861480713, 391.279449463, 391.685791016, 392.092132568, 392.498504639, 392.904846191, 393.311187744, 393.717529297, 394.135498047, 394.553466797, 394.95980835, 395.366149902, 395.772521973, 396.178863525, 396.573608398, 396.991546631, 397.409515381, 397.827484131, 398.233825684, 398.640167236, 399.046508789, 399.464477539, 399.870819092, 400.277191162, 400.683532715, 401.101501465, 401.507843018, 401.91418457, 402.320526123, 402.738494873, 403.144836426, 403.551208496, 403.957550049, 404.375488281, 404.781860352, 405.188201904, 405.606170654, 406.024108887, 406.430480957, 406.83682251, 407.243164062, 407.649505615, 408.055877686, 408.462219238, 408.868560791, 409.286529541, 409.704467773, 410.110839844, 410.517181396, 410.923522949, 411.329864502, 411.736236572, 412.154174805, 412.572143555, 412.978485107, 413.384857178, 413.79119873, 414.20916748, 414.615509033, 415.021850586, 415.428192139, 415.846160889, 416.252502441, 416.658843994, 417.076812744, 417.483154297, 417.889526367, 418.3074646, 418.71383667, 419.120178223, 419.526519775, 419.944488525, 420.362426758, 420.780395508, 421.209960938, 421.639526367, 422.057495117, 422.487060547, 422.916625977, 423.346191406, 423.775787354, 424.205352783, 424.623291016, 425.052886963, 425.470825195, 425.888793945, 426.318359375, 426.747924805, 427.177490234, 427.618682861, 428.059844971, 428.4894104, 428.919006348, 429.33694458, 429.75491333, 430.17288208, 430.590820312, 430.997192383, 431.403533936, 431.821502686, 432.239440918, 432.669006348, 433.110198975, 433.551361084, 434.062225342, 434.573059082, 435.083892822, 435.60635376, 436.12878418, 436.662841797, 437.185302734, 437.707733154, 438.230194092, 438.764251709, 439.286712646, 439.820770264, 440.389648438, 440.946929932, 441.504211426, 442.0730896, 442.653594971, 443.234100342, 443.802978516, 444.36026001, 444.917541504, 445.474822998, 445.962432861, 446.450073242, 446.937683105, 447.413696289, 447.889709473, 448.365692139, 448.841705322, 449.317718506], "beats_loudness": {"dmean2": 0.0683803409338, "median": 0.00882167555392, "min": 2.5150525218e-08, "dvar2": 0.00518243107945, "dvar": 0.00146747019608, "dmean": 0.0347038060427, "max": 0.163655996323, "var": 0.00138869287912, "mean": 0.0295104067773}, "danceability": 1.25054264069, "bpm_histogram_second_peak_weight": {"dmean2": 0, "median": 0.0322234146297, "min": 0.0322234146297, "dvar2": 0, "dvar": 0, "dmean": 0, "max": 0.0322234146297, "var": 0, "mean": 0.0322234146297}, "beats_count": 932, "bpm_histogram_second_peak_bpm": {"dmean2": 0, "median": 140, "min": 140, "dvar2": 0, "dvar": 0, "dmean": 0, "max": 140, "var": 0, "mean": 140}, "bpm_histogram_first_peak_spread": {"dmean2": 0, "median": 0.36988851428, "min": 0.36988851428, "dvar2": 0, "dvar": 0, "dmean": 0, "max": 0.36988851428, "var": 0, "mean": 0.36988851428}, "beats_loudness_band_ratio": {"dmean2": [0.660470724106, 0.259326547384, 0.367825090885, 0.240916475654, 0.221990823746, 0.237231820822], "median": [0.15120896697, 0.111467048526, 0.0974522829056, 0.100837893784, 0.0807954668999, 0.0536209791899], "min": [9.63738693827e-06, 3.12563897751e-05, 0.000542474968825, 0.000113805610454, 0.0001366888755, 0.000328507245285], "dvar2": [0.269439995289, 0.0709424763918, 0.105782210827, 0.0541217178106, 0.0506066977978, 0.0811447575688], "dvar": [0.0886277854443, 0.0242863819003, 0.0343274995685, 0.0187929235399, 0.016569564119, 0.0297242775559], "dmean": [0.345211833715, 0.146903529763, 0.197671309114, 0.134592056274, 0.124876588583, 0.139321669936], "max": [0.984641611576, 0.912299752235, 0.951253652573, 0.953542470932, 0.906180799007, 0.985271811485], "var": [0.0960928797722, 0.0349948182702, 0.0353768765926, 0.0255096647888, 0.0191100779921, 0.0283457525074], "mean": [0.287436902523, 0.184231176972, 0.176195532084, 0.153611928225, 0.127947390079, 0.1239733845]}}, "lowlevel": {"barkbands_spread": {"dmean2": 10.1989622116, "median": 19.3187332153, "min": 0.502941906452, "dvar2": 154.60848999, "dvar": 64.9992446899, "dmean": 6.46269273758, "max": 115.503578186, "var": 194.689208984, "mean": 22.3317832947}, "melbands_spread": {"dmean2": 16.2640590668, "median": 24.1639003754, "min": 0.34662297368, "dvar2": 494.395294189, "dvar": 208.455932617, "dmean": 10.1503477097, "max": 248.105484009, "var": 630.759521484, "mean": 30.5294837952}, "hfc": {"dmean2": 10.0375013351, "median": 4.6140165329, "min": 1.2182857675e-16, "dvar2": 722.499023438, "dvar": 310.329864502, "dmean": 6.85854387283, "max": 510.011108398, "var": 589.358032227, "mean": 13.9331378937}, "barkbands_kurtosis": {"dmean2": 5.27933359146, "median": 0.667352437973, "min": -1.92620158195, "dvar2": 201.488937378, "dvar": 79.7571029663, "dmean": 3.19489741325, "max": 565.009460449, "var": 110.180282593, "mean": 3.5543358326}, "gfcc": {"mean": [-98.614944458, 73.6297988892, -137.468215942, 18.7337322235, -62.5436897278, 0.236862391233, -39.4477386475, 0.234017401934, -26.8210067749, -1.98511910439, -11.0602035522, -1.77711248398, -11.3855628967], "icov": [[9.0531699243e-05, -0.00012491470261, 6.58291974105e-05, -0.000249614269705, 0.000194518041098, -0.00018273635942, 0.000190906139323, -0.000331329036271, 0.000245045812335, -0.000155433648615, 4.87857905682e-05, -0.000142150296597, 0.00027105389745], [-0.00012491470261, 0.00143948802724, -0.000488591031171, 0.000634424563032, -0.00126001483295, 0.00100017536897, -0.00162593240384, 0.0018316200003, -0.00108181359246, 0.00153687235434, -0.00110168487299, 0.00100308435503, -0.00137480534613], [6.58291974105e-05, -0.000488591031171, 0.00121359236073, -0.000962468096986, 0.000656391261145, -0.000737790891435, 0.000807392818388, -0.00122613750864, 0.000872942910064, -0.00101770146284, 0.000581018568482, -0.00103026069701, 0.0004296345287], [-0.000249614269705, 0.000634424563032, -0.000962468096986, 0.00272743939422, -0.000950443849433, 0.000369615765521, -0.000921566796023, 0.00171313411556, -0.00131077936385, 0.00106779229827, -0.000667585642077, 0.00157983030658, -0.00103961874265], [0.000194518041098, -0.00126001483295, 0.000656391261145, -0.000950443849433, 0.00394861027598, -0.00180311873555, 0.000211651902646, -0.0019645919092, 0.00112259003799, -0.00182939844672, 0.00109180528671, -0.000666389300022, 0.000946795684285], [-0.00018273635942, 0.00100017536897, -0.000737790891435, 0.000369615765521, -0.00180311873555, 0.00479383207858, -0.00264495192096, 0.000900749932043, -0.000927946064621, 0.000639057951048, -0.00059197266819, 0.00111827871297, -0.000649669615086], [0.000190906139323, -0.00162593240384, 0.000807392818388, -0.000921566796023, 0.000211651902646, -0.00264495192096, 0.00695100054145, -0.00274070398882, 0.000274038757198, -0.00132981175557, 0.00104661565274, -0.00196394883096, 0.0018452713266], [-0.000331329036271, 0.0018316200003, -0.00122613750864, 0.00171313411556, -0.0019645919092, 0.000900749932043, -0.00274070398882, 0.00822274945676, -0.00420779874548, 0.00335480179638, -0.00283916434273, 0.0023439321667, -0.00111736136023], [0.000245045812335, -0.00108181359246, 0.000872942910064, -0.00131077936385, 0.00112259003799, -0.000927946064621, 0.000274038757198, -0.00420779874548, 0.00951343029737, -0.00420486554503, 0.000232200953178, -0.000894396449439, -8.45777612994e-05], [-0.000155433648615, 0.00153687235434, -0.00101770146284, 0.00106779229827, -0.00182939844672, 0.000639057951048, -0.00132981175557, 0.00335480179638, -0.00420486554503, 0.00987005513161, -0.00244644097984, -0.00096221617423, -0.000870038813446], [4.87857905682e-05, -0.00110168487299, 0.000581018568482, -0.000667585642077, 0.00109180528671, -0.00059197266819, 0.00104661565274, -0.00283916434273, 0.000232200953178, -0.00244644097984, 0.0101432576776, -0.00270400894806, 0.000244089707849], [-0.000142150296597, 0.00100308435503, -0.00103026069701, 0.00157983030658, -0.000666389300022, 0.00111827871297, -0.00196394883096, 0.0023439321667, -0.000894396449439, -0.00096221617423, -0.00270400894806, 0.010117216967, -0.0024376148358], [0.00027105389745, -0.00137480534613, 0.0004296345287, -0.00103961874265, 0.000946795684285, -0.000649669615086, 0.0018452713266, -0.00111736136023, -8.45777612994e-05, -0.000870038813446, 0.000244089707849, -0.0024376148358, 0.0124029330909]], "cov": [[18931.671875, 7.71634960175, 1256.67822266, 1679.17700195, -193.511108398, 611.200378418, 3.31485724449, 482.672973633, -110.673492432, -47.2162094116, 108.345405579, -106.781135559, -253.067901611], [7.71634960175, 1863.10961914, 33.576499939, 43.7504272461, 451.196899414, 44.1551895142, 342.374542236, -80.2971115112, 80.6984558105, -80.4783401489, 66.2019119263, -35.6124382019, 105.153930664], [1256.67822266, 33.576499939, 1472.01953125, 481.055633545, 2.46562552452, 197.81829834, 12.5655326843, 107.440010071, 10.3479242325, 82.4455184937, 20.4514884949, 59.3414497375, 0.687567949295], [1679.17700195, 43.7504272461, 481.055633545, 734.189208984, 93.2296676636, 151.064498901, 58.3054504395, 32.5503768921, 32.6694488525, 4.9494304657, 6.93684482574, -48.200630188, -0.956640779972], [-193.511108398, 451.196899414, 2.46562552452, 93.2296676636, 547.258544922, 216.652053833, 218.791641235, 82.3042068481, 71.8898239136, 39.8063430786, 15.1662836075, -10.2873315811, 7.36942529678], [611.200378418, 44.1551895142, 197.81829834, 151.064498901, 216.652053833, 415.941955566, 187.372039795, 104.522880554, 63.7388153076, 39.1301002502, 17.4663581848, -8.29010391235, -14.6580018997], [3.31485724449, 342.374542236, 12.5655326843, 58.3054504395, 218.791641235, 187.372039795, 332.897521973, 93.4317626953, 81.6727294922, 25.6732349396, 26.8790130615, 11.4141311646, -1.59533512592], [482.672973633, -80.2971115112, 107.440010071, 32.5503768921, 82.3042068481, 104.522880554, 93.4317626953, 268.315948486, 88.7216949463, 3.61005020142, 43.3356170654, -13.0498437881, -13.5377473831], [-110.673492432, 80.6984558105, 10.3479242325, 32.6694488525, 71.8898239136, 63.7388153076, 81.6727294922, 88.7216949463, 184.399490356, 64.244758606, 38.3530158997, 15.7944841385, 15.5497055054], [-47.2162094116, -80.4783401489, 82.4455184937, 4.9494304657, 39.8063430786, 39.1301002502, 25.6732349396, 3.61005020142, 64.244758606, 170.04359436, 36.3100776672, 50.571849823, 6.77766799927], [108.345405579, 66.2019119263, 20.4514884949, 6.93684482574, 15.1662836075, 17.4663581848, 26.8790130615, 43.3356170654, 38.3530158997, 36.3100776672, 130.112472534, 34.6070861816, 11.5551204681], [-106.781135559, -35.6124382019, 59.3414497375, -48.200630188, -10.2873315811, -8.29010391235, 11.4141311646, -13.0498437881, 15.7944841385, 50.571849823, 34.6070861816, 140.267944336, 20.3093738556], [-253.067901611, 105.153930664, 0.687567949295, -0.956640779972, 7.36942529678, -14.6580018997, -1.59533512592, -13.5377473831, 15.5497055054, 6.77766799927, 11.5551204681, 20.3093738556, 99.7414321899]]}, "spectral_energyband_middle_low": {"dmean2": 0.00370691507123, "median": 0.00188578292727, "min": 3.11675283338e-22, "dvar2": 9.75864677457e-05, "dvar": 3.74140981876e-05, "dmean": 0.00234797899611, "max": 0.128986939788, "var": 5.83104701946e-05, "mean": 0.00463010137901}, "melbands_crest": {"dmean2": 5.60810279846, "median": 12.7258615494, "min": 2.19011235237, "dvar2": 26.9168872833, "dvar": 10.8491544724, "dmean": 3.49822211266, "max": 39.4809989929, "var": 34.7867050171, "mean": 13.7911090851}, "spectral_kurtosis": {"dmean2": 3.03010344505, "median": 4.26420307159, "min": -1.16395306587, "dvar2": 12.8660087585, "dvar": 4.65707540512, "dmean": 1.80640041828, "max": 49.9974441528, "var": 13.6227893829, "mean": 4.9513964653}, "spectral_rms": {"dmean2": 0.00108595471829, "median": 0.00224528368562, "min": 3.28325149186e-12, "dvar2": 4.0488380364e-06, "dvar": 1.86845898043e-06, "dmean": 0.00074086850509, "max": 0.0183940529823, "var": 5.78768322157e-06, "mean": 0.00283242156729}, "zerocrossingrate": {"dmean2": 0.0133599694818, "median": 0.06494140625, "min": 0.0029296875, "dvar2": 0.0002661041799, "dvar": 0.000221408277866, "dmean": 0.0114404009655, "max": 0.4755859375, "var": 0.00194355053827, "mean": 0.0734904035926}, "silence_rate_60dB": {"dmean2": 0.103764824569, "median": 0, "min": 0, "dvar2": 0.106509804726, "dvar": 0.0491882301867, "dmean": 0.0518797375262, "max": 1, "var": 0.239277839661, "mean": 0.396452158689}, "erbbands_kurtosis": {"dmean2": 2.27576446533, "median": 0.0490761548281, "min": -1.84492599964, "dvar2": 19.2919158936, "dvar": 7.58109617233, "dmean": 1.37946903706, "max": 87.2252731323, "var": 10.7309446335, "mean": 0.880275309086}, "erbbands": {"dmean2": [0.12675191462, 1.51689887047, 3.05892848969, 3.31000781059, 3.47212004662, 2.87111210823, 4.56194782257, 11.4748783112, 12.3453330994, 10.013964653, 11.3721485138, 15.0504188538, 14.9217605591, 22.8975925446, 20.3447761536, 23.0237960815, 24.1016654968, 23.0809459686, 25.6021652222, 18.4372653961, 21.5232086182, 18.8990497589, 16.0566101074, 20.5868320465, 21.079372406, 14.4554977417, 9.57729244232, 8.07371807098, 5.91464328766, 4.03139448166, 3.15752530098, 2.5018196106, 1.1179240942, 0.617184221745, 0.261204332113, 0.100238367915, 0.0261870827526, 0.00661943573505, 0.00040591909783, 2.71520275419e-05], "median": [0.000358091579983, 0.00580415036529, 0.0304665230215, 0.153941363096, 0.54400652647, 0.68572640419, 0.857886016369, 1.60662817955, 2.45171189308, 1.6300201416, 1.64843714237, 1.57535934448, 1.87224555016, 2.11745500565, 2.45485043526, 3.0737156868, 2.12172150612, 2.11443328857, 2.79944348335, 1.85775196552, 2.00657606125, 2.67264580727, 2.86896300316, 2.60988998413, 2.2792840004, 1.52140009403, 0.945284903049, 0.607304811478, 0.35591390729, 0.214172512293, 0.270336568356, 0.202936530113, 0.0964539051056, 0.0484506338835, 0.012683882378, 0.00343823758885, 0.00143562676385, 0.000346950662788, 2.82596120087e-05, 1.05959898065e-05], "min": [2.32122712636e-22, 1.36405596912e-21, 1.68820002074e-20, 4.75628658348e-20, 2.92094244087e-20, 2.22965991276e-19, 5.17110512371e-19, 6.43836753564e-19, 4.41462622306e-19, 9.76424571175e-19, 1.31165740219e-18, 1.22131738858e-18, 1.61917027351e-18, 2.55697367849e-18, 3.66138263257e-18, 1.78681807018e-18, 3.52291425239e-18, 8.89283099556e-18, 6.37677794197e-18, 7.50058345424e-18, 1.05205007567e-17, 9.22495311049e-18, 1.3145684162e-17, 1.60230426762e-17, 1.61766451528e-17, 1.43015491269e-17, 3.38123376445e-17, 1.86783073317e-17, 2.03745602918e-17, 2.31766048383e-17, 2.23744596741e-17, 1.33581041434e-17, 1.04452984584e-17, 1.09874615832e-17, 1.14056708661e-17, 5.30593969946e-18, 2.71969747577e-18, 1.04561843621e-18, 2.98981899167e-19, 4.39091638327e-20], "dvar2": [0.238606780767, 37.4796295166, 122.705093384, 126.067481995, 121.413269043, 60.4097862244, 187.302307129, 1362.75732422, 1398.13110352, 2061.64941406, 1740.88024902, 4490.52734375, 3128.10742188, 8642.40625, 7323.16210938, 4638.72851562, 9941.5, 6875.25390625, 9070.36816406, 4036.50463867, 4964.50146484, 4129.44482422, 2412.87353516, 4136.09472656, 4913.78710938, 2468.89404297, 959.41619873, 1148.9855957, 531.478942871, 230.730270386, 147.023864746, 81.4393539429, 11.392993927, 3.7376203537, 0.983019888401, 0.13724938035, 0.0123247355223, 0.000449877494248, 1.57047270477e-06, 4.52191617484e-09], "dvar": [0.102061569691, 14.3720960617, 43.837474823, 46.4006843567, 44.9399871826, 24.6795330048, 80.0026168823, 523.526489258, 570.348876953, 849.236755371, 715.001953125, 2025.11767578, 1321.50842285, 3492.62719727, 2842.58764648, 1838.70410156, 4230.16015625, 2560.1862793, 3467.04882812, 1551.47058105, 2037.3112793, 1659.4753418, 996.129150391, 1582.82958984, 1963.62255859, 977.966369629, 392.830749512, 484.4637146, 251.498504639, 102.69959259, 63.0196418762, 32.3527297974, 4.93955755234, 1.61117577553, 0.396720647812, 0.0583337321877, 0.00470071379095, 0.000213278748561, 7.20483285477e-07, 2.00780947424e-09], "dmean": [0.0780071616173, 0.897172212601, 1.75043678284, 1.95376336575, 2.11193060875, 1.83721864223, 2.89401602745, 7.04849243164, 7.71777439117, 6.31116914749, 7.32860517502, 9.85572719574, 9.5850276947, 14.2339296341, 12.6943721771, 14.0878648758, 14.810710907, 14.122633934, 15.5679101944, 11.3628950119, 13.2301330566, 11.6775989532, 10.0053758621, 12.5449790955, 12.7303581238, 8.94169425964, 6.03575468063, 5.30392217636, 3.89797830582, 2.65816283226, 2.11556792259, 1.61309564114, 0.733626246452, 0.401499032974, 0.165803968906, 0.0647893995047, 0.0171273294836, 0.00452091963962, 0.000272570789093, 1.79712915269e-05], "max": [4.82542610168, 68.9249649048, 98.0155639648, 130.359909058, 161.552185059, 237.046569824, 442.724304199, 457.935455322, 846.188171387, 1697.52075195, 1799.91345215, 3190.78100586, 1749.58044434, 2619.2043457, 2865.52441406, 2062.00415039, 2781.60742188, 2049.1262207, 3749.3527832, 1014.05181885, 1848.95666504, 1703.22644043, 1165.60241699, 1095.0065918, 2911.50512695, 1381.42443848, 508.165344238, 825.869384766, 872.610168457, 469.011779785, 368.060821533, 309.654632568, 69.1866531372, 31.4246501923, 19.6230640411, 10.8596944809, 4.2416934967, 0.716550886631, 0.0211585033685, 0.00134713714942], "var": [0.0972253754735, 11.1539001465, 33.07213974, 44.750743866, 52.4941902161, 59.4757003784, 182.116729736, 698.953796387, 1001.59747314, 1296.60803223, 1097.30395508, 3210.91796875, 2253.37963867, 6184.55712891, 3865.12036133, 2730.22192383, 5968.45751953, 3575.46606445, 5372.05322266, 2326.08105469, 3385.53564453, 2223.28833008, 1574.8729248, 2758.28295898, 2535.85864258, 1170.15795898, 543.089233398, 644.02545166, 444.415161133, 219.776168823, 102.209541321, 43.6620368958, 8.8578119278, 2.41030263901, 0.501627922058, 0.0869010910392, 0.00617593340576, 0.000544494716451, 1.74796832653e-06, 4.18216039577e-09], "mean": [0.0752491280437, 0.814260423183, 1.65866410732, 2.23787283897, 3.08116841316, 3.19546127319, 4.79805231094, 9.92584896088, 11.1667842865, 9.00979423523, 10.199795723, 13.7053308487, 14.1547851562, 20.7958679199, 18.1182060242, 20.6635055542, 21.1378154755, 20.6795768738, 22.2628898621, 16.0917263031, 17.9204845428, 15.9705934525, 14.8501796722, 19.2083358765, 16.852640152, 12.0610132217, 8.36284255981, 6.81099510193, 5.24402475357, 3.78673028946, 3.11152601242, 2.32894897461, 1.12102103233, 0.590128779411, 0.211877986789, 0.0858006477356, 0.0259114336222, 0.00740040978417, 0.000474102183944, 3.53382893081e-05]}, "spectral_strongpeak": {"dmean2": 0.733768999577, "median": 0.351292014122, "min": 0, "dvar2": 1.8590323925, "dvar": 0.728260993958, "dmean": 0.43527930975, "max": 17.4063110352, "var": 1.30475461483, "mean": 0.722482144833}, "spectral_energy": {"dmean2": 0.0126501815394, "median": 0.00516733061522, "min": 1.10492330532e-20, "dvar2": 0.00110438582487, "dvar": 0.000451789266663, "dmean": 0.0081189814955, "max": 0.346799731255, "var": 0.000590627663769, "mean": 0.0141555527225}, "average_loudness": 0.499224990606, "spectral_rolloff": {"dmean2": 1100.9630127, "median": 1636.5234375, "min": 21.533203125, "dvar2": 2983146.75, "dvar": 1297684, "dmean": 659.849243164, "max": 19272.2167969, "var": 2892655.5, "mean": 2023.84570312}, "spectral_centroid": {"dmean2": 509.371246338, "median": 1478.65039062, "min": 225.419921875, "dvar2": 373641.28125, "dvar": 163779.015625, "dmean": 325.836730957, "max": 11472.1669922, "var": 655034.5625, "mean": 1610.50366211}, "pitch_salience": {"dmean2": 0.124367818236, "median": 0.564713537693, "min": 0.0327238850296, "dvar2": 0.01382791