{"metadata": {"tags": {"releasecountry": ["US"], "musicbrainz_releasetrackid": ["f2191b9e-de60-433b-9651-19e9eb2bdd74"], "releasestatus": ["official"], "releasetype": ["album", "live"], "originalyear": ["2014"], "disctotal": ["3"], "musicbrainz_albumartistid": ["6faa7ca7-0d99-4a5e-bfa6-1fd5037520c6"], "album": ["Dave's Picks, Volume 9: Harry Adams Field House, University of Montana, Missoula, MT (5/14/74)"], "script": ["Latn"], "albumartistsort": ["Grateful Dead"], "acoustid_id": ["1cbc2815-97d1-4b7d-b2be-ee1da842850a"], "musicbrainz_artistid": ["6faa7ca7-0d99-4a5e-bfa6-1fd5037520c6"], "musicbrainz_releasegroupid": ["37ff9b31-a094-4c58-bfb4-ebcd19e7d6b0"], "musicbrainz_recordingid": ["0abd94c2-c2c8-4e3e-8972-08d993a923e9"], "albumartist": ["Grateful Dead"], "originaldate": ["2014-02-01"], "totaltracks": ["7"], "artist": ["Grateful Dead"], "musicbrainz_albumid": ["d8b9884f-934b-4238-b98d-0f3a200f012d"], "discnumber": ["3"], "title": ["Not Fade Away>"], "tracknumber": ["5"], "tracktotal": ["7"], "artistsort": ["Grateful Dead"], "totaldiscs": ["3"], "date": ["2014-02-01"], "media": ["CD"], "file_name": "281597d14b7db2beee1da842850a.flac"}, "audio_properties": {"sample_rate": 44100, "downmix": "mix", "lossless": true, "analysis_sample_rate": 44100, "md5_encoded": "33536cdafb6168d89550506837e8421d", "equal_loudness": 0, "replay_gain": -10.1542034149, "codec": "flac", "bit_rate": 0, "length": 375.013336182}, "version": {"extractor": "music 1.0", "essentia_build_sha": "2d9f1f26377add8aeb1075a9c2973f962c4f09fd", "essentia_git_sha": "v2.1_beta2-1-ge3940c0", "essentia": "2.1-beta2"}}, "rhythm": {"beats_loudness_band_ratio": {"dvar2": [0.108474723995, 0.0358352735639, 0.0343317389488, 0.0587812550366, 0.00965166743845, 0.00102637289092], "var": [0.0633052885532, 0.0178471840918, 0.0176310669631, 0.0322087407112, 0.00399140827358, 0.000395420473069], "min": [0.00400967337191, 0.00252346205525, 0.00474708341062, 0.00345881958492, 0.000592988799326, 2.25256062549e-05], "dmean": [0.2491966784, 0.121506802738, 0.122044302523, 0.135937556624, 0.039374794811, 0.0154722211882], "mean": [0.43040111661, 0.171612113714, 0.178913518786, 0.190362602472, 0.0463972017169, 0.0207736045122], "max": [0.961118638515, 0.742997348309, 0.771199941635, 0.876587331295, 0.742268681526, 0.172587901354], "dmean2": [0.43641936779, 0.210132971406, 0.212765038013, 0.23943091929, 0.0702209994197, 0.0272457059473], "median": [0.413679331541, 0.137135893106, 0.149648472667, 0.1321208179, 0.028070172295, 0.016398889944], "dvar": [0.0379314161837, 0.0126162227243, 0.01248103939, 0.0213518440723, 0.00356977549382, 0.000364625564544]}, "bpm_histogram_first_peak_weight": {"dvar2": 0, "var": 0, "min": 0.190789476037, "dmean": 0, "mean": 0.190789476037, "max": 0.190789476037, "dmean2": 0, "median": 0.190789476037, "dvar": 0}, "bpm": 111.676452637, "beats_count": 761, "bpm_histogram_first_peak_spread": {"dvar2": 0, "var": 0, "min": 0.494773536921, "dmean": 0, "mean": 0.494773536921, "max": 0.494773536921, "dmean2": 0, "median": 0.494773536921, "dvar": 0}, "danceability": 1.38310337067, "bpm_histogram_first_peak_bpm": {"dvar2": 0, "var": 0, "min": 110, "dmean": 0, "mean": 110, "max": 110, "dmean2": 0, "median": 110, "dvar": 0}, "beats_position": [0.49922901392, 0.99845802784, 1.48607707024, 1.97369611263, 2.46131515503, 2.94893407822, 3.42494320869, 3.90095233917, 4.38857126236, 4.87619018555, 5.36380958557, 5.85142850876, 6.35065746307, 6.86149644852, 7.38394546509, 7.91800451279, 8.44045352936, 8.97451210022, 9.52018165588, 10.0542402267, 10.5650787354, 11.0759181976, 11.5983667374, 12.1208162308, 12.6316547394, 13.1541042328, 13.6765527725, 14.1990022659, 14.7214508057, 15.2322902679, 15.7431287766, 16.2539672852, 16.7648067474, 17.2872562408, 17.8097057343, 18.3321533203, 18.8546028137, 19.365442276, 19.8762817383, 20.3871192932, 20.8979587555, 21.4087982178, 21.9196376801, 22.4072551727, 22.9064846039, 23.405714035, 23.8933334351, 24.3925609589, 24.8801803589, 25.37940979, 25.8902492523, 26.3894786835, 26.8887062073, 27.3879356384, 27.8871650696, 28.3980045319, 28.897233963, 29.3964614868, 29.895690918, 30.3949203491, 30.8941497803, 31.4049873352, 31.9042167664, 32.4034461975, 32.9026756287, 33.4135131836, 33.9243545532, 34.4351921082, 34.9460296631, 35.4684791565, 35.9909286499, 36.5249862671, 37.0706558228, 37.6163253784, 38.1503829956, 38.672832489, 39.1952819824, 39.7409515381, 40.2982292175, 40.8206787109, 41.3315200806, 41.8423576355, 42.3531951904, 42.8408164978, 43.3516540527, 43.8624954224, 44.3733329773, 44.8725624084, 45.3717918396, 45.8710212708, 46.3818588257, 46.8926963806, 47.4035377502, 47.9375953674, 48.4832649231, 49.0289344788, 49.5513839722, 50.0622215271, 50.5614509583, 51.0606803894, 51.5715179443, 52.0823554993, 52.5931968689, 53.0924263, 53.603263855, 54.1024932861, 54.6017227173, 55.1125602722, 55.6234016418, 56.122631073, 56.6218566895, 57.1210861206, 57.6319274902, 58.1427650452, 58.6536026001, 59.1644439697, 59.6636734009, 60.162902832, 60.673740387, 61.1845779419, 61.6954193115, 62.1946487427, 62.7054862976, 63.2047157288, 63.7039451599, 64.2031707764, 64.714012146, 65.2248535156, 65.7356872559, 66.2465286255, 66.7573699951, 67.2682037354, 67.779045105, 68.2782745361, 68.7775039673, 69.2883453369, 69.7991790771, 70.3100204468, 70.8092498779, 71.3084793091, 71.8193206787, 72.3301544189, 72.8409957886, 73.3518371582, 73.8626708984, 74.3735122681, 74.8843536377, 75.3951950073, 75.9060287476, 76.4168701172, 76.9277114868, 77.4385452271, 77.9493865967, 78.4486160278, 78.9594573975, 79.4702911377, 79.9695205688, 80.491973877, 81.0144195557, 81.5368728638, 82.0593185425, 82.5585479736, 83.0693893433, 83.5802230835, 84.1026763916, 84.6135101318, 85.1243515015, 85.6351928711, 86.1344223022, 86.6336517334, 87.1444854736, 87.6553268433, 88.1661682129, 88.6770019531, 89.1878433228, 89.6986846924, 90.2095184326, 90.7203598022, 91.2428131104, 91.7768707275, 92.2993164063, 92.8217697144, 93.3442153931, 93.8550567627, 94.3658905029, 94.8767318726, 95.3875732422, 95.8984146118, 96.4092483521, 96.9200897217, 97.4309310913, 97.9417648315, 98.4526062012, 98.9634475708, 99.474281311, 99.9967346191, 100.530792236, 101.076461792, 101.633743286, 102.179405212, 102.713470459, 103.235916138, 103.769973755, 104.315643311, 104.872924805, 105.430198669, 105.975868225, 106.509933472, 107.043991089, 107.554824829, 108.077278137, 108.599723816, 109.110565186, 109.633010864, 110.155464172, 110.666305542, 111.177139282, 111.687980652, 112.198822021, 112.7212677, 113.243713379, 113.766166687, 114.288612366, 114.811065674, 115.333511353, 115.844352722, 116.355194092, 116.877639771, 117.400085449, 117.910926819, 118.433380127, 118.955825806, 119.455055237, 119.954284668, 120.441902161, 120.95274353, 121.463577271, 121.986030579, 122.508476257, 123.030929565, 123.553375244, 124.075828552, 124.598274231, 125.109115601, 125.631561279, 126.154014587, 126.676460266, 127.198905945, 127.721359253, 128.243804932, 128.76625061, 129.288711548, 129.799545288, 130.321990967, 130.844436646, 131.378494263, 131.912567139, 132.435012817, 132.957458496, 133.479904175, 134.002349854, 134.513198853, 135.035644531, 135.55809021, 136.080535889, 136.602996826, 137.137054443, 137.659500122, 138.181945801, 138.692779541, 139.20362854, 139.737686157, 140.260131836, 140.782577515, 141.305038452, 141.827484131, 142.361541748, 142.895599365, 143.429656982, 143.9637146, 144.486160278, 145.008621216, 145.531066895, 146.053512573, 146.575958252, 147.098403931, 147.60925293, 148.131698608, 148.654144287, 149.176589966, 149.699050903, 150.233108521, 150.743942261, 151.266387939, 151.788833618, 152.311294556, 152.833740234, 153.367797852, 153.89024353, 154.412689209, 154.935150146, 155.445983887, 155.968429565, 156.502487183, 157.0365448, 157.559005737, 158.081451416, 158.603897095, 159.126342773, 159.648788452, 160.17124939, 160.705307007, 161.239364624, 161.761810303, 162.284255981, 162.80670166, 163.329162598, 163.863220215, 164.397277832, 164.919723511, 165.442169189, 165.976226807, 166.510284424, 167.0443573, 167.566802979, 168.089248657, 168.623306274, 169.157363892, 169.67980957, 170.202270508, 170.724716187, 171.247161865, 171.781219482, 172.292053223, 172.826126099, 173.348571777, 173.871017456, 174.393463135, 174.915908813, 175.449981689, 175.984039307, 176.518096924, 177.052154541, 177.609436035, 178.166702271, 178.735595703, 179.304489136, 179.838546753, 180.37260437, 180.906661987, 181.440719604, 181.974777222, 182.508834839, 183.031295776, 183.553741455, 184.087799072, 184.621856689, 185.144302368, 185.689971924, 186.224029541, 186.758087158, 187.292144775, 187.826202393, 188.34866333, 188.871109009, 189.405166626, 189.939224243, 190.47328186, 191.018951416, 191.564620972, 192.08706665, 192.632736206, 193.166793823, 193.70085144, 194.246520996, 194.792190552, 195.337860107, 195.883529663, 196.41758728, 196.951644897, 197.485717773, 198.008163452, 198.553833008, 199.087890625, 199.633560181, 200.167617798, 200.690063477, 201.212509155, 201.758178711, 202.292236328, 202.826293945, 203.360351563, 203.894424438, 204.428482056, 204.962539673, 205.49659729, 206.030654907, 206.564712524, 207.11038208, 207.644439697, 208.178497314, 208.72416687, 209.269836426, 209.815505981, 210.372787476, 210.906845093, 211.44090271, 211.986572266, 212.532241821, 213.077911377, 213.623580933, 214.180862427, 214.738143921, 215.295410156, 215.841079712, 216.386749268, 216.932418823, 217.478088379, 218.035369873, 218.592651367, 219.1615448, 219.707214355, 220.252868652, 220.798538208, 221.344207764, 221.889877319, 222.435546875, 222.981216431, 223.515274048, 224.072555542, 224.606613159, 225.152282715, 225.697952271, 226.243621826, 226.789291382, 227.323348999, 227.869018555, 228.41468811, 228.960357666, 229.506027222, 230.051696777, 230.585754395, 231.119812012, 231.665481567, 232.211151123, 232.756820679, 233.302490234, 233.84815979, 234.393829346, 234.939498901, 235.485168457, 236.030838013, 236.576507568, 237.122177124, 237.656234741, 238.201904297, 238.747573853, 239.304855347, 239.850509644, 240.396179199, 240.941848755, 241.487518311, 242.033187866, 242.578857422, 243.124526978, 243.670196533, 244.215866089, 244.761535645, 245.295593262, 245.852874756, 246.398544312, 246.944213867, 247.501495361, 248.058776855, 248.592834473, 249.138504028, 249.684173584, 250.22984314, 250.775512695, 251.332778931, 251.866836548, 252.412506104, 252.958175659, 253.515457153, 254.061126709, 254.618408203, 255.175689697, 255.721359253, 256.267028809, 256.812683105, 257.35836792, 257.904022217, 258.449707031, 258.995361328, 259.529418945, 260.063476563, 260.609161377, 261.154815674, 261.700500488, 262.246154785, 262.780212402, 263.31427002, 263.859954834, 264.405609131, 264.951293945, 265.496948242, 266.042633057, 266.588287354, 267.133972168, 267.679626465, 268.213684082, 268.770965576, 269.316650391, 269.862304688, 270.407989502, 270.953643799, 271.499328613, 272.03338623, 272.579040527, 273.113098145, 273.658782959, 274.204437256, 274.738494873, 275.284179688, 275.829833984, 276.375518799, 276.921173096, 277.455230713, 277.98928833, 278.534973145, 279.080627441, 279.614685059, 280.160369873, 280.69442749, 281.240081787, 281.797363281, 282.354644775, 282.900299072, 283.445983887, 284.003265381, 284.560546875, 285.106201172, 285.651885986, 286.197540283, 286.743225098, 287.300506592, 287.846160889, 288.391845703, 288.94909668, 289.506378174, 290.063659668, 290.620941162, 291.178222656, 291.723907471, 292.269561768, 292.826843262, 293.372497559, 293.918182373, 294.475463867, 295.032745361, 295.578399658, 296.124084473, 296.66973877, 297.215423584, 297.772705078, 298.318359375, 298.864044189, 299.409698486, 299.97857666, 300.524261475, 301.069915771, 301.603973389, 302.138031006, 302.672088623, 303.229370117, 303.786651611, 304.332336426, 304.877990723, 305.435272217, 305.992553711, 306.549835205, 307.095489502, 307.641174316, 308.175231934, 308.72088623, 309.266571045, 309.812225342, 310.357910156, 310.91519165, 311.472473145, 312.041351318, 312.447692871, 312.842437744, 313.237182617, 313.608703613, 313.980224609, 314.351745605, 314.723266602, 315.094787598, 315.466308594, 315.826202393, 316.186126709, 316.557647705, 316.929168701, 317.300689697, 317.672180176, 318.032104492, 318.391998291, 318.763519287, 319.123443604, 319.483337402, 319.854858398, 320.226379395, 320.597900391, 320.969421387, 321.317718506, 321.689239502, 322.060760498, 322.420684814, 322.792205811, 323.152099609, 323.523620605, 323.883544922, 324.243438721, 324.603363037, 324.963256836, 325.323181152, 325.683074951, 326.054595947, 326.426116943, 326.797637939, 327.169158936, 327.529052734, 327.888977051, 328.24887085, 328.608795166, 328.980316162, 329.351837158, 329.723358154, 330.09487915, 330.454772949, 330.814697266, 331.174591064, 331.534515381, 331.8828125, 332.254333496, 332.614227295, 332.974151611, 333.33404541, 333.693969727, 334.042266846, 334.402160645, 334.762084961, 335.133605957, 335.505126953, 335.853424072, 336.213317871, 336.573242188, 336.933135986, 337.293060303, 337.664581299, 338.024475098, 338.395996094, 338.75592041, 339.127441406, 339.498962402, 339.870483398, 340.242004395, 340.613494873, 340.985015869, 341.344940186, 341.704833984, 342.07635498, 342.4246521, 342.796173096, 343.167694092, 343.527618408, 343.899139404, 344.259033203, 344.61895752, 344.978851318, 345.350372314, 345.721893311, 346.081817627, 346.441711426, 346.801635742, 347.173156738, 347.533050537, 347.881347656, 348.252868652, 348.624389648, 348.995910645, 349.355834961, 349.71572876, 350.075653076, 350.435546875, 350.807067871, 351.178588867, 351.550109863, 351.921630859, 352.281524658, 352.641448975, 353.012969971, 353.384490967, 353.756011963, 354.127532959, 354.499053955, 354.858947754, 355.21887207, 355.590393066, 355.961883545, 356.310211182, 356.67010498, 357.030029297, 357.389923096, 357.749847412, 358.121368408, 358.492858887, 358.864379883, 359.235900879, 359.607421875, 359.967346191, 360.32723999, 360.687164307, 361.047058105, 361.418579102, 361.801727295, 362.184844971, 362.556365967, 362.927886963, 363.287780762, 363.647705078, 364.007598877, 364.379119873, 364.739044189, 365.110565186, 365.482086182, 365.853607178, 366.225128174, 366.59664917, 366.968170166, 367.339660645, 367.711181641, 368.082702637, 368.454223633, 368.825744629, 369.197265625, 369.557189941, 369.91708374, 370.288604736, 370.660125732, 371.020050049, 371.391571045, 371.751464844, 372.12298584, 372.494506836, 372.866027832, 373.237548828, 373.609069824, 373.98059082, 374.363708496], "beats_loudness": {"dvar2": 0.000669473491143, "var": 0.000474578060675, "min": 0.000634002033621, "dmean": 0.01831911318, "mean": 0.0397987291217, "max": 0.124917939305, "dmean2": 0.0312473271042, "median": 0.0377927161753, "dvar": 0.000231533354963}, "bpm_histogram_second_peak_weight": {"dvar2": 0, "var": 0, "min": 0.160526320338, "dmean": 0, "mean": 0.160526320338, "max": 0.160526320338, "dmean2": 0, "median": 0.160526320338, "dvar": 0}, "bpm_histogram_second_peak_spread": {"dvar2": 0, "var": 0, "min": 0.485232055187, "dmean": 0, "mean": 0.485232055187, "max": 0.485232055187, "dmean2": 0, "median": 0.485232055187, "dvar": 0}, "bpm_histogram_second_peak_bpm": {"dvar2": 0, "var": 0, "min": 115, "dmean": 0, "mean": 115, "max": 115, "dmean2": 0, "median": 115, "dvar": 0}, "onset_rate": 4.48236179352}, "lowlevel": {"spectral_energyband_high": {"dvar2": 1.18227575285e-07, "var": 1.44990508488e-07, "min": 3.28319167409e-08, "dmean": 0.000142827542732, "mean": 0.000324040214764, "max": 0.00358330947347, "dmean2": 0.000209648118471, "median": 0.000198365596589, "dvar": 5.70001716937e-08}, "spectral_energyband_middle_low": {"dvar2": 0.000185120094102, "var": 0.000146785416291, "min": 1.084940493e-07, "dmean": 0.00578456418589, "mean": 0.0131515432149, "max": 0.109624534845, "dmean2": 0.00910957437009, "median": 0.00983369536698, "dvar": 7.48650418245e-05}, "spectral_energy": {"dvar2": 0.000391426525312, "var": 0.000541897141375, "min": 4.90122715746e-07, "dmean": 0.0105889746919, "mean": 0.0312083195895, "max": 0.166861325502, "dmean2": 0.0156959667802, "median": 0.0268003158271, "dvar": 0.000177404392161}, "spectral_spread": {"dvar2": 323565813760, "var": 678542180352, "min": 794298.6875, "dmean": 342913.9375, "mean": 3546634.5, "max": 8067010, "dmean2": 535865.375, "median": 3517380.25, "dvar": 143729934336}, "spectral_energyband_low": {"dvar2": 0.000144655408803, "var": 0.000196771739866, "min": 4.8351285642e-08, "dmean": 0.00523742614314, "mean": 0.0115788159892, "max": 0.131599545479, "dmean2": 0.00809374451637, "median": 0.00619471631944, "dvar": 6.66921769152e-05}, "spectral_rolloff": {"dvar2": 220124.375, "var": 282647.125, "min": 64.599609375, "dmean": 207.701263428, "mean": 922.051818848, "max": 5706.29882813, "dmean2": 350.698364258, "median": 904.39453125, "dvar": 100892.117188}, "barkbands": {"dvar2": [1.14215126246e-07, 6.06349749432e-05, 3.94137932744e-05, 2.5731871574e-05, 5.62539353268e-05, 8.85384815774e-06, 1.57310205395e-05, 7.91041566117e-06, 7.50579829401e-06, 6.83328426021e-06, 8.66296522872e-06, 8.86858106242e-06, 1.48323160829e-05, 1.19017640827e-05, 5.17288469837e-07, 2.12907877994e-07, 1.05376713577e-07, 8.18271814751e-08, 6.28855687523e-08, 4.86272071498e-08, 3.16509272125e-08, 4.71849492811e-09, 2.18344897718e-09, 1.2262184601e-09, 1.56215415603e-10, 2.17519474655e-11, 7.83188292865e-13], "var": [9.78936753881e-08, 8.45128961373e-05, 5.95419624005e-05, 2.90403841063e-05, 1.83490592462e-05, 7.00049713487e-06, 1.74124124896e-05, 4.53933807876e-06, 7.10824269845e-06, 8.96226356417e-06, 1.20634931591e-05, 1.53494183905e-05, 2.39537912421e-05, 1.72951913555e-05, 5.62609614008e-07, 1.71799300119e-07, 1.08486524653e-07, 7.34981639994e-08, 6.60840342448e-08, 5.05172756959e-08, 3.32648397716e-08, 4.18924450685e-09, 1.67151947839e-09, 1.00371178036e-09, 1.47357223645e-10, 7.09061021703e-12, 2.15273098284e-13], "min": [1.93880000943e-09, 2.38476900449e-08, 1.02755084441e-08, 1.91719484732e-09, 6.23831653002e-09, 1.2860190246e-08, 1.52346597559e-08, 3.04439762289e-09, 1.27094894609e-08, 3.79477471668e-09, 5.56702817178e-09, 6.37443875462e-09, 4.31517266364e-09, 3.0612816726e-09, 8.44348679863e-09, 5.13933695601e-09, 6.70165789529e-09, 4.29943103342e-09, 5.33093347244e-09, 5.86463899666e-09, 3.29532623411e-09, 4.35502034435e-09, 3.69883945694e-09, 3.60500007623e-09, 4.11868006367e-09, 2.70339417519e-09, 3.53124440799e-09], "dmean": [7.51539264456e-05, 0.0028591142036, 0.00211491761729, 0.00173346139491, 0.00208511808887, 0.00116427743342, 0.00132499507163, 0.000792920240201, 0.000935632677283, 0.000775671447627, 0.000769382633734, 0.000647990498692, 0.00096843240317, 0.000737789785489, 0.000188050093129, 0.000123791964143, 0.000110407308966, 0.000100012206531, 8.76028643688e-05, 8.24515445856e-05, 6.10081951891e-05, 2.45617793553e-05, 1.6061043425e-05, 1.18718080557e-05, 4.14721444031e-06, 9.82286223916e-07, 1.71774360069e-07], "mean": [0.000116304821859, 0.00602039229125, 0.00381297292188, 0.00290810922161, 0.00257595605217, 0.0020219325088, 0.00240938947536, 0.00122994976118, 0.00161320716143, 0.00134005548898, 0.00137402594555, 0.00119109498337, 0.00181069714017, 0.00137198076118, 0.000307857524604, 0.000185638971743, 0.00018751330208, 0.000179543407285, 0.000164851007867, 0.000162116411957, 0.000114203859994, 4.78927977383e-05, 3.17855046887e-05, 2.2395992346e-05, 7.48094180381e-06, 9.07264109173e-07, 1.36277080287e-07], "max": [0.00488349562511, 0.080609254539, 0.093954578042, 0.0623293370008, 0.0613918453455, 0.0529720261693, 0.0721499621868, 0.0383832752705, 0.0340287834406, 0.0874902307987, 0.058204382658, 0.0661260858178, 0.0628090575337, 0.0789956822991, 0.020644782111, 0.0116178747267, 0.00643019191921, 0.00571916857734, 0.00949952099472, 0.00293379114009, 0.00282706855796, 0.00130999402609, 0.000721122487448, 0.000378522032406, 0.000170300219906, 5.73884753976e-05, 1.04403889054e-05], "dmean2": [0.000119583164633, 0.00442815897986, 0.00338314077817, 0.00285622663796, 0.00352736655623, 0.0018213292351, 0.00213098386303, 0.00127656722907, 0.00147161621135, 0.00119219685439, 0.00118777900934, 0.000949448905885, 0.0014873649925, 0.0011541248532, 0.000292950542644, 0.000191786049982, 0.00017313673743, 0.00015554681886, 0.000134252593853, 0.000129848689539, 9.30445312406e-05, 3.7435991544e-05, 2.39918426814e-05, 1.74006145244e-05, 5.83223027206e-06, 1.6102153495e-06, 2.97186119269e-07], "median": [1.22319634102e-05, 0.00135665386915, 0.00117277330719, 0.000896453508176, 0.00128983822651, 0.00114382733591, 0.000982659170404, 0.000435486988863, 0.000594290497247, 0.000295878533507, 0.000226964737521, 0.000153905319166, 0.000312354182824, 0.000263346999418, 9.59929602686e-05, 6.56335760141e-05, 7.31552718207e-05, 9.1918205726e-05, 9.08018555492e-05, 8.75430414453e-05, 5.47695090063e-05, 2.86480462819e-05, 1.9495448214e-05, 1.22142482724e-05, 3.24231905324e-06, 1.42576752182e-07, 1.64018718607e-08], "dvar": [4.71657450873e-08, 2.75176862488e-05, 1.88472840819e-05, 1.04909340735e-05, 2.09524387174e-05, 3.79967832487e-06, 6.60077239445e-06, 3.08039193442e-06, 3.16840396408e-06, 3.26875101564e-06, 4.12450299336e-06, 4.97303381053e-06, 7.52753339839e-06, 5.70121255805e-06, 2.36551755961e-07, 9.15322857509e-08, 4.73437111737e-08, 3.52020705918e-08, 2.87119323872e-08, 2.16442419543e-08, 1.48789842669e-08, 2.15744888621e-09, 9.79304415338e-10, 5.69552072172e-10, 7.58924589839e-11, 8.44171000464e-12, 2.98536531867e-13]}, "melbands_skewness": {"dvar2": 1.26094305515, "var": 2.99398541451, "min": -1.53551781178, "dmean": 0.706970393658, "mean": 2.28131175041, "max": 12.7730998993, "dmean2": 1.07827723026, "median": 1.94689393044, "dvar": 0.594486892223}, "barkbands_skewness": {"dvar2": 0.695419788361, "var": 1.76148188114, "min": -2.10923695564, "dmean": 0.542053103447, "mean": 1.52378439903, "max": 10.0278596878, "dmean2": 0.827029705048, "median": 1.32953000069, "dvar": 0.327011585236}, "erbbands": {"dvar2": [0.0323140323162, 4.03458309174, 38.9748001099, 156.363891602, 460.72479248, 903.776184082, 330.795593262, 578.760192871, 1480.94152832, 7264.25341797, 2185.71508789, 5088.21728516, 3721.08496094, 12246.1464844, 5421.12792969, 21289.7285156, 38333.453125, 33125.7851563, 3484.00317383, 1410.44604492, 160.975448608, 319.37322998, 262.766235352, 105.356025696, 112.133285522, 142.513076782, 102.004501343, 19.4253959656, 8.20199775696, 2.88014888763, 1.24566054344, 0.911798715591, 0.236672595143, 0.0424758307636, 0.00427781045437, 0.000616112723947, 7.3731651355e-05, 2.6062004963e-06, 2.13906510282e-08, 5.6589893882e-10], "var": [0.0429831147194, 5.54174280167, 53.4301681519, 218.036254883, 200.41255188, 284.300964355, 229.171356201, 470.441986084, 1416.67150879, 6535.81298828, 1968.62817383, 5528.33203125, 5840.15917969, 14995.3544922, 8242.09375, 33986.8007813, 62921.0429688, 47686.1679688, 5352.69238281, 1667.88085938, 125.976341248, 348.901733398, 232.199584961, 123.323181152, 104.394104004, 147.074737549, 101.349380493, 20.22813797, 7.36736726761, 2.36214113235, 0.855356812477, 0.706661641598, 0.19047524035, 0.0365171693265, 0.00390404462814, 0.000301073072478, 1.86780616787e-05, 6.79420111283e-07, 6.41189190631e-09, 7.64939611653e-10], "min": [4.2286026769e-07, 6.01919236942e-06, 1.62335054483e-05, 1.17326726468e-05, 1.18818397823e-05, 1.10587234303e-05, 5.44775866729e-05, 0.000145121535752, 0.000201763905352, 8.48622948979e-05, 0.000121139491966, 0.000367906555766, 0.000137303490192, 0.000130182364956, 0.000424550060416, 0.000282105494989, 0.00019978400087, 0.000140869480674, 0.000383409234928, 0.000462682015495, 0.000258480082266, 0.000394545815652, 0.000284389854642, 0.000250362150837, 0.000264840986347, 0.000257330277236, 0.000197301938897, 0.000126215571072, 0.000161145144375, 0.000142594872159, 8.9056455181e-05, 5.9342757595e-05, 7.58359819883e-05, 5.99094673817e-05, 2.08919373108e-05, 1.1467675904e-05, 4.6726072469e-06, 1.72757916062e-06, 5.44493445886e-07, 4.89900493506e-08], "dmean": [0.0600103251636, 0.736001253128, 2.24930286407, 4.3434343338, 6.02259683609, 8.12689685822, 7.08938932419, 9.35181045532, 13.3189678192, 24.4746208191, 16.0673599243, 24.3969841003, 18.1900520325, 29.1776237488, 22.8107433319, 31.1915969849, 47.8097343445, 40.1496543884, 15.3012704849, 9.98745632172, 4.10313129425, 5.93832492828, 5.6078877449, 3.89170956612, 3.76504087448, 4.21879053116, 3.31029820442, 1.68110334873, 1.01004743576, 0.587725698948, 0.375005155802, 0.322723686695, 0.161872565746, 0.0684034153819, 0.0203270316124, 0.00599774252623, 0.00160628475714, 0.000314649543725, 3.21626976074e-05, 1.26096983877e-05], "mean": [0.122424468398, 1.51982581615, 4.26434803009, 7.90447378159, 8.37250041962, 9.7480506897, 11.8116979599, 16.8227310181, 23.9277591705, 40.446559906, 29.4063587189, 43.7920341492, 32.7995414734, 53.8500366211, 45.2208213806, 59.5213737488, 93.5004043579, 75.5034103394, 30.0606784821, 17.0576839447, 7.2106180191, 10.7171859741, 10.2785139084, 7.79252099991, 7.2143535614, 8.37611961365, 6.27634859085, 3.31087303162, 1.97133493423, 1.23153662682, 0.711401760578, 0.593699395657, 0.296020388603, 0.122820563614, 0.0358221270144, 0.00726696383208, 0.00128111359663, 0.000239513625274, 3.8792622945e-05, 3.69580193365e-05], "max": [2.35626244545, 21.3815574646, 90.7912521362, 167.619750977, 206.037399292, 274.512786865, 281.167175293, 341.2840271, 519.377319336, 1283.80554199, 912.478820801, 1036.95251465, 3195.87646484, 1696.76916504, 1392.19897461, 3335.92480469, 3516.83081055, 4077.61865234, 1294.7845459, 924.973815918, 461.201599121, 458.258300781, 307.819671631, 407.33883667, 200.624923706, 194.621749878, 154.814865112, 64.2119979858, 59.3321800232, 38.9432449341, 17.1954250336, 11.2300510406, 6.63818073273, 2.87072348595, 0.989714741707, 0.423970431089, 0.096468873322, 0.0148188173771, 0.00180378626101, 0.000207027464057], "dmean2": [0.0931809023023, 1.14947366714, 3.56238698959, 7.07138109207, 10.0340042114, 13.9075088501, 11.3833732605, 14.5721683502, 21.3707046509, 39.3697319031, 25.3523826599, 37.903377533, 28.0249652863, 45.0852050781, 34.4508361816, 45.5223045349, 72.379119873, 62.2480812073, 23.7235050201, 15.3099365234, 6.34555959702, 9.25324344635, 8.75577068329, 5.9109377861, 5.80891132355, 6.63918876648, 5.0646314621, 2.57983160019, 1.53397023678, 0.881047487259, 0.568790018559, 0.477216690779, 0.238693445921, 0.0983840227127, 0.0284749418497, 0.00895721651614, 0.00279049109668, 0.000551479053684, 5.35869039595e-05, 1.85351436812e-05], "median": [0.0267535634339, 0.397550612688, 1.65821194649, 2.76720142365, 3.55556917191, 4.62801837921, 6.64177417755, 9.59883308411, 10.6739473343, 12.6661701202, 14.1372051239, 16.8887557983, 11.3656778336, 13.2246227264, 11.7337532043, 11.5309734344, 19.5325775146, 18.5062866211, 9.46503543854, 6.19443130493, 3.55854558945, 4.52346229553, 5.43701457977, 4.54926538467, 3.86940121651, 4.46022367477, 2.90305185318, 1.8117634058, 1.16880369186, 0.784526228905, 0.433751523495, 0.330803751945, 0.154814332724, 0.0570658966899, 0.0141777321696, 0.00178567809053, 0.000174066517502, 2.63767506112e-05, 1.91862218344e-05, 3.16906734952e-05], "dvar": [0.0142295034602, 1.8342410326, 18.2540740967, 67.454460144, 177.576507568, 329.456665039, 131.715072632, 249.29637146, 608.477539063, 2985.84228516, 919.739257813, 2219.6496582, 1876.51550293, 5724.36035156, 2565.36303711, 11733.3095703, 19614.1054688, 16076.5615234, 1683.02062988, 680.251037598, 65.9416351318, 143.305923462, 112.088729858, 49.3918380737, 49.3910179138, 63.3601722717, 46.8179397583, 8.9184961319, 3.76022195816, 1.29897499084, 0.548857688904, 0.423119068146, 0.109129428864, 0.020080326125, 0.00204430683516, 0.000260061351582, 2.71475637419e-05, 9.77400645752e-07, 8.22131340783e-09, 2.58246674045e-10]}, "silence_rate_30dB": {"dvar2": 0.0159452762455, "var": 0.00529625499621, "min": 0, "dmean": 0.00619156705216, "mean": 0.994675576687, "max": 1, "dmean2": 0.0123839005828, "median": 1, "dvar": 0.00615310901776}, "melbands_spread": {"dvar2": 61.8742599487, "var": 117.444496155, "min": 0.478054523468, "dmean": 4.58001375198, "mean": 17.6944236755, "max": 102.028335571, "dmean2": 7.15349388123, "median": 15.971162796, "dvar": 28.3141975403}, "melbands_crest": {"dvar2": 20.5015182495, "var": 27.7663536072, "min": 3.82244348526, "dmean": 3.1318500042, "mean": 14.2161521912, "max": 33.5321121216, "dmean2": 5.00844812393, "median": 13.3913011551, "dvar": 8.57237911224}, "zerocrossingrate": {"dvar2": 3.85448984161e-05, "var": 0.00028468327946, "min": 0.00244140625, "dmean": 0.00576278287917, "mean": 0.0393564589322, "max": 0.142578125, "dmean2": 0.00690502254292, "median": 0.03857421875, "dvar": 3.01398067677e-05}, "barkbands_kurtosis": {"dvar2": 62.203453064, "var": 85.6263809204, "min": -1.8235616684, "dmean": 2.9580476284, "mean": 5.05682325363, "max": 154.352386475, "dmean2": 4.60833883286, "median": 2.10965204239, "dvar": 27.9622192383}, "spectral_flux": {"dvar2": 0.00222768005915, "var": 0.00213739019819, "min": 0.000432031956734, "dmean": 0.0307430345565, "mean": 0.0811837539077, "max": 0.321261942387, "dmean2": 0.0471009202302, "median": 0.0709372982383, "dvar": 0.000992047833279}, "barkbands_crest": {"dvar2": 13.385307312, "var": 17.5196342468, "min": 2.70483541489, "dmean": 2.56697463989, "mean": 10.8398504257, "max": 25.3331832886, "dmean2": 4.12230920792, "median": 10.065984726, "dvar": 5.72133350372}, "barkbands_flatness_db": {"dvar2": 0.000946222513448, "var": 0.00256007188, "min": 0.023418257013, "dmean": 0.0220270566642, "mean": 0.173272579908, "max": 0.428173482418, "dmean2": 0.032172832638, "median": 0.166679739952, "dvar": 0.00045559433056}, "spectral_entropy": {"dvar2": 0.0572709366679, "var": 0.147834271193, "min": 5.15647935867, "dmean": 0.16159632802, "mean": 7.27161645889, "max": 8.34728813171, "dmean2": 0.237362414598, "median": 7.33403873444, "dvar": 0.0270799156278}, "pitch_salience": {"dvar2": 0.0120005877689, "var": 0.0158746559173, "min": 0.0962980985641, "dmean": 0.076257109642, "mean": 0.521302103996, "max": 0.859600186348, "dmean2": 0.121533505619, "median": 0.526401817799, "dvar": 0.00505317235366}, "erbbands_spread": {"dvar2": 96.7331008911, "var": 209.92855835, "min": 2.90500283241, "dmean": 6.16634893417, "mean": 28.2785587311, "max": 110.750236511, "dmean2": 9.43836593628, "median": 25.5905246735, "dvar": 43.9610176086}, "dynamic_complexity": 3.15997099876, "spectral_contrast_valleys": {"dvar2": [0.412581175566, 0.255158632994, 0.22786270082, 0.226148530841, 0.210064262152, 0.276330500841], "var": [0.633617341518, 0.513968765736, 0.469325304031, 0.539905190468, 0.647974789143, 0.887967705727], "min": [-12.5612268448, -11.6492128372, -12.2467899323, -12.4291181564, -12.0605325699, -14.1669998169], "dmean": [0.491611599922, 0.39072355628, 0.366783052683, 0.35461127758, 0.299817323685, 0.287529826164], "mean": [-7.29846906662, -6.53927755356, -7.23179578781, -7.75586223602, -7.91611385345, -10.8777618408], "max": [-5.26980876923, -4.42153215408, -4.9817700386, -5.6845870018, -5.96644878387, -8.70974159241], "dmean2": [0.776116967201, 0.608066916466, 0.570429623127, 0.526624560356, 0.429472625256, 0.397491931915], "median": [-7.24993562698, -6.49244880676, -7.20785045624, -7.70324707031, -7.80801820755, -10.6708927155], "dvar": [0.177984520793, 0.114970602095, 0.100013703108, 0.105650015175, 0.105644792318, 0.130141422153]}, "hfc": {"dvar2": 156.252944946, "var": 295.061218262, "min": 0.000557069724891, "dmean": 5.99166822433, "mean": 18.4505882263, "max": 153.102050781, "dmean2": 8.63774394989, "median": 13.0854597092, "dvar": 78.1532058716}, "spectral_kurtosis": {"dvar2": 38.6615867615, "var": 38.5194168091, "min": -0.333441108465, "dmean": 2.58547139168, "mean": 5.78009939194, "max": 112.845298767, "dmean2": 4.38146114349, "median": 4.12347126007, "dvar": 15.5146722794}, "mfcc": {"mean": [-659.042297363, 148.710647583, -5.13625097275, 22.4549026489, -7.67501068115, 9.89817142487, 3.71822953224, -0.47862380743, -5.23866653442, 4.36877536774, 1.84317755699, 3.33023118973, -6.66443967819], "cov": [[5371.88378906, -1020.9017334, -521.61907959, -265.840026855, -308.309295654, -16.9190444946, 14.990322113, -87.7191467285, -92.8897628784, 109.637962341, 41.7369194031, 216.604003906, 50.4926300049], [-1020.9017334, 933.766174316, 21.5136070251, 40.925994873, 107.759170532, 24.2002429962, -45.8441200256, 0.0780406743288, 57.6383209229, -49.9691886902, -33.0701560974, -36.4054718018, -2.52319717407], [-521.61907959, 21.5136070251, 453.247161865, 96.4927749634, 101.008247375, 3.02171230316, -5.51357126236, 58.1078948975, 25.4586296082, 8.81695270538, 15.3077116013, -35.6566238403, 16.683927536], [-265.840026855, 40.925994873, 96.4927749634, 238.563308716, 71.3086471558, 50.5468482971, 10.1534099579, 22.9254570007, 25.9291629791, 13.2671976089, 8.6314458847, 1.04849481583, -3.98894810677], [-308.309295654, 107.759170532, 101.008247375, 71.3086471558, 176.972290039, 63.0494499207, 26.8575515747, 35.268119812, 43.0906486511, 17.6438598633, 12.861620903, -7.47823619843, 7.70333909988], [-16.9190444946, 24.2002429962, 3.02171230316, 50.5468482971, 63.0494499207, 144.589035034, 79.6515960693, 25.6373214722, 31.3604602814, 30.4390659332, 19.5181331635, 16.3454151154, 7.25078201294], [14.990322113, -45.8441200256, -5.51357126236, 10.1534099579, 26.8575515747, 79.6515960693, 175.785736084, 67.311416626, 19.7477474213, 29.1281852722, 27.8379096985, 31.8224277496, 18.3023948669], [-87.7191467285, 0.0780406743288, 58.1078948975, 22.9254570007, 35.268119812, 25.6373214722, 67.311416626, 132.024642944, 46.004776001, 10.2139863968, 15.8737850189, 5.61946773529, 20.6394920349], [-92.8897628784, 57.6383209229, 25.4586296082, 25.9291629791, 43.0906486511, 31.3604602814, 19.7477474213, 46.004776001, 105.674728394, 40.4822731018, 6.21779966354, 2.16027808189, 6.43350219727], [109.637962341, -49.9691886902, 8.81695270538, 13.2671976089, 17.6438598633, 30.4390659332, 29.1281852722, 10.2139863968, 40.4822731018, 101.927101135, 51.7859535217, 21.8155269623, 5.94471645355], [41.7369194031, -33.0701560974, 15.3077116013, 8.6314458847, 12.861620903, 19.5181331635, 27.8379096985, 15.8737850189, 6.21779966354, 51.7859535217, 105.076850891, 58.6147880554, 16.0122337341], [216.604003906, -36.4054718018, -35.6566238403, 1.04849481583, -7.47823619843, 16.3454151154, 31.8224277496, 5.61946773529, 2.16027808189, 21.8155269623, 58.6147880554, 111.381950378, 51.0344047546], [50.4926300049, -2.52319717407, 16.683927536, -3.98894810677, 7.70333909988, 7.25078201294, 18.3023948669, 20.6394920349, 6.43350219727, 5.94471645355, 16.0122337341, 51.0344047546, 92.2366638184]], "icov": [[0.000310243340209, 0.000281972403172, 0.000211303180549, 0.000201820701477, 0.000165584438946, -0.000209972058656, 0.000247382791713, -0.000113896254334, 0.00015736745263, -0.000414588605054, 0.000440342235379, -0.000665530213155, 9.49990208028e-05], [0.000281972403172, 0.00156118546147, 0.000356378004653, 0.000155501256813, -0.000608652131632, -0.000322032166878, 0.000547161034774, 0.000217384338612, -0.000879731378518, 0.00080535444431, 5.36165825906e-05, -0.000188287085621, -0.000146129765199], [0.000211303180549, 0.000356378004653, 0.00321841798723, -0.000805999268778, -0.00132728193421, 0.000640908197965, 0.000506403390318, -0.000998717849143, 0.000245236820774, -0.000104883030872, -0.000954440096393, 0.00155403616372, -0.00124397117179], [0.000201820701477, 0.000155501256813, -0.000805999268778, 0.00542428577319, -0.00102588941809, -0.00176643021405, 0.000944461033214, -0.000517805514392, 3.66294261767e-05, -0.000471934035886, 0.000875262543559, -0.00162341364194, 0.00120129389688], [0.000165584438946, -0.000608652131632, -0.00132728193421, -0.00102588941809, 0.0091405371204, -0.00316164153628, 0.000247509859037, -0.000393048423575, -0.00153726001736, -3.48205539922e-05, -0.000765685224906, 0.000799353118055, -0.000587485381402], [-0.000209972058656, -0.000322032166878, 0.000640908197965, -0.00176643021405, -0.00316164153628, 0.0120164137334, -0.00526337651536, 0.00169477576856, -0.00144937145524, -0.000751475337893, -0.000435664667748, 0.000422509125201, -0.000110198947368], [0.000247382791713, 0.000547161034774, 0.000506403390318, 0.000944461033214, 0.000247509859037, -0.00526337651536, 0.010466943495, -0.00527875637636, 0.00207297806628, -0.00195310672279, 0.00107715802733, -0.00255283340812, 0.000532918609679], [-0.000113896254334, 0.000217384338612, -0.000998717849143, -0.000517805514392, -0.000393048423575, 0.00169477576856, -0.00527875637636, 0.0129456091672, -0.00596961891279, 0.00367688527331, -0.00313660036772, 0.00276195607148, -0.00252745929174], [0.00015736745263, -0.000879731378518, 0.000245236820774, 3.66294261767e-05, -0.00153726001736, -0.00144937145524, 0.00207297806628, -0.00596961891279, 0.0161787867546, -0.00829721987247, 0.00468298466876, -0.00223728897981, 0.000845016911626], [-0.000414588605054, 0.00080535444431, -0.000104883030872, -0.000471934035886, -3.48205539922e-05, -0.000751475337893, -0.00195310672279, 0.00367688527331, -0.00829721987247, 0.0188669636846, -0.0102256070822, 0.00389001891017, -0.00114012125414], [0.000440342235379, 5.36165825906e-05, -0.000954440096393, 0.000875262543559, -0.000765685224906, -0.000435664667748, 0.00107715802733, -0.00313660036772, 0.00468298466876, -0.0102256070822, 0.0206896346062, -0.0120933027938, 0.00398913538083], [-0.000665530213155, -0.000188287085621, 0.00155403616372, -0.00162341364194, 0.000799353118055, 0.000422509125201, -0.00255283340812, 0.00276195607148, -0.00223728897981, 0.00389001891017, -0.0120933027938, 0.021602101624, -0.0101512623951], [9.49990208028e-05, -0.000146129765199, -0.00124397117179, 0.00120129389688, -0.000587485381402, -0.000110198947368, 0.000532918609679, -0.00252745929174, 0.000845016911626, -0.00114012125414, 0.00398913538083, -0.0101512623951, 0.0165188871324]]}, "silence_rate_20dB": {"dvar2": 0, "var": 0, "min": 1, "dmean": 0, "mean": 1, "max": 1, "dmean2": 0, "median": 1, "dvar": 0}, "melbands_kurtosis": {"dvar2": 269.27053833, "var": 375.392486572, "min": -1.82050216198, "dmean": 6.20234441757, "mean": 11.9732789993, "max": 244.100448608, "dmean2": 9.67553520203, "median": 5.32876205444, "dvar": 120.982696533}, "barkbands_spread": {"dvar2": 30.40143013, "var": 55.0087203979, "min": 0.43754914403, "dmean": 3.41861629486, "mean": 14.6744642258, "max": 65.7520446777, "dmean2": 5.31237506866, "median": 13.8433494568, "dvar": 13.8908424377}, "erbbands_skewness": {"dvar2": 0.20332030952, "var": 0.387256830931, "min": -2.94344210625, "dmean": 0.329251021147, "mean": 0.491691231728, "max": 4.64605617523, "dmean2": 0.511289060116, "median": 0.499533295631, "dvar": 0.0883238837123}, "average_loudness": 0.806001603603, "spectral_centroid": {"dvar2": 74745.9609375, "var": 188343.84375, "min": 138.983779907, "dmean": 171.050994873, "mean": 998.028747559, "max": 3366.97241211, "dmean2": 263.309661865, "median": 953.858886719, "dvar": 35169.25}, "dissonance": {"dvar2": 0.00128843588755, "var": 0.000887178583071, "min": 0.135052651167, "dmean": 0.0237054508179, "mean": 0.455043882132, "max": 0.500000119209, "dmean2": 0.0400885604322, "median": 0.461261302233, "dvar": 0.000472291372716}, "erbbands_flatness_db": {"dvar2": 0.000726266473066, "var": 0.00191539397929, "min": 0.0606317520142, "dmean": 0.0194472335279, "mean": 0.196029871702, "max": 0.372876465321, "dmean2": 0.0276511833072, "median": 0.192577704787, "dvar": 0.000380351877538}, "spectral_strongpeak": {"dvar2": 3.65096092224, "var": 4.20166492462, "min": 0, "dmean": 0.692425310612, "mean": 1.39579439163, "max": 16.9954433441, "dmean2": 1.14303433895, "median": 0.588243842125, "dvar": 1.68764042854}, "spectral_rms": {"dvar2": 2.01432999347e-06, "var": 4.38200186181e-06, "min": 2.18670647882e-05, "dmean": 0.00092764798319, "mean": 0.00510541070253, "max": 0.0127589786425, "dmean2": 0.0013367687352, 