{"tonal": {"thpcp": [1, 0.832615911961, 0.670959770679, 0.422380238771, 0.243155360222, 0.300707042217, 0.365181177855, 0.416925221682, 0.559447824955, 0.574463665485, 0.448589682579, 0.431798219681, 0.413753271103, 0.437076002359, 0.707286655903, 0.77159255743, 0.475534766912, 0.297746866941, 0.292384713888, 0.401511371136, 0.699061095715, 0.765709400177, 0.502915382385, 0.377021968365, 0.334217339754, 0.256457418203, 0.282727271318, 0.338077902794, 0.34988489747, 0.488786906004, 0.61350941658, 0.538181960583, 0.507817387581, 0.546796441078, 0.603744983673, 0.872318446636], "hpcp": {"dmean2": [0.266911268234, 0.265270709991, 0.23175662756, 0.201286569238, 0.209720507264, 0.259473234415, 0.303404390812, 0.305178046227, 0.268202275038, 0.212600797415, 0.179773494601, 0.159400373697, 0.159442231059, 0.183152645826, 0.197876036167, 0.229041159153, 0.246738150716, 0.272977054119, 0.288590341806, 0.318200558424, 0.348504811525, 0.386441767216, 0.396843343973, 0.416509360075, 0.408123224974, 0.261929035187, 0.156689435244, 0.169335886836, 0.199426427484, 0.231631323695, 0.279619544744, 0.285585343838, 0.251268446445, 0.229020506144, 0.223058179021, 0.24005228281], "median": [0.0682928860188, 0.0769496038556, 0.0528082735837, 0.0268851276487, 0.0251985099167, 0.0386901460588, 0.0840880572796, 0.099713280797, 0.0642991438508, 0.0280309990048, 0.0230729114264, 0.0243174899369, 0.0356942303479, 0.0408526211977, 0.0459914244711, 0.0575043074787, 0.0608992986381, 0.0554030500352, 0.0545282810926, 0.0558985434473, 0.0654114559293, 0.134572356939, 0.157358363271, 0.129023894668, 0.0798827111721, 0.0492165274918, 0.0265048630536, 0.0356593616307, 0.0425488837063, 0.0440663173795, 0.0501595847309, 0.053827278316, 0.0496782325208, 0.0506029315293, 0.0483428873122, 0.0483267083764], "min": [0, 0, 0, 0, 0, 0, 0, 0, 0, 0, 0, 0, 0, 0, 0, 0, 0, 0, 0, 0, 0, 0, 0, 0, 0, 0, 0, 0, 0, 0, 0, 0, 0, 0, 0, 0], "dvar2": [0.125262975693, 0.124689593911, 0.11172093451, 0.116755373776, 0.116596728563, 0.126949101686, 0.134454146028, 0.131327837706, 0.120466947556, 0.108870133758, 0.0981330499053, 0.0886264294386, 0.0746944695711, 0.0858964547515, 0.0918261259794, 0.106773428619, 0.116856820881, 0.137019783258, 0.148349434137, 0.172916963696, 0.178905725479, 0.172267079353, 0.177473783493, 0.186058208346, 0.206608206034, 0.11998038739, 0.0762716680765, 0.0847772136331, 0.100298166275, 0.118946328759, 0.141086533666, 0.150087878108, 0.133522585034, 0.120162449777, 0.109883405268, 0.119167484343], "dvar": [0.0488243550062, 0.0497799925506, 0.0395841859281, 0.0406660325825, 0.0417181812227, 0.0448485165834, 0.0508033297956, 0.0504799000919, 0.0431309044361, 0.0390550196171, 0.0354781299829, 0.0311547257006, 0.0263668913394, 0.0312409512699, 0.032295525074, 0.0381163433194, 0.0458013899624, 0.0512361861765, 0.0561851002276, 0.067093834281, 0.0680316016078, 0.0652626752853, 0.0681346729398, 0.0670268759131, 0.0786567404866, 0.0445656701922, 0.0272162668407, 0.0302554424852, 0.0364356860518, 0.0441373884678, 0.0542550012469, 0.0572083108127, 0.049086984247, 0.0432992689312, 0.0393696278334, 0.0426664277911], "dmean": [0.153861701488, 0.153997391462, 0.13023532927, 0.109688229859, 0.113134726882, 0.143127769232, 0.174764424562, 0.177499398589, 0.15066537261, 0.116961114109, 0.0981641709805, 0.08689340204, 0.0881324708462, 0.101681850851, 0.109240941703, 0.128032386303, 0.141614422202, 0.153467819095, 0.161096587777, 0.177542567253, 0.19529569149, 0.221807584167, 0.228168323636, 0.233149394393, 0.22741240263, 0.145221963525, 0.0854376554489, 0.0931902304292, 0.110595189035, 0.131508409977, 0.160455435514, 0.161819502711, 0.139456421137, 0.127272307873, 0.12334677577, 0.133731722832], "max": [1, 1, 1, 1, 1, 1, 1, 1, 1, 1, 1, 1, 1, 1, 1, 1, 1, 1, 1, 1, 1, 1, 1, 1, 1, 1, 1, 1, 1, 1, 1, 1, 1, 1, 1, 1], "var": [0.0859913378954, 0.0968051031232, 0.0445745959878, 0.0307840462774, 0.0311126653105, 0.0381654985249, 0.0724450349808, 0.0810013264418, 0.0445480756462, 0.0450553335249, 0.0444619767368, 0.0245376322418, 0.0218566395342, 0.0285457056016, 0.0272866059095, 0.048023942858, 0.077631868422, 0.0579478666186, 0.0558972135186, 0.0648337900639, 0.0688111558557, 0.0871727243066, 0.105334088206, 0.0777820199728, 0.0757599249482, 0.0377915874124, 0.0194665100425, 0.0249302536249, 0.0332000143826, 0.0423054099083, 0.065280482173, 0.068689621985, 0.0453162267804, 0.0438066162169, 0.0382440648973, 0.041845086962], "mean": [0.214460030198, 0.233958542347, 0.144189342856, 0.0902813598514, 0.0886554718018, 0.121744327247, 0.21196590364, 0.232174679637, 0.152491554618, 0.11431877315, 0.101339757442, 0.0777617767453, 0.0857271924615, 0.102510340512, 0.106090404093, 0.148207589984, 0.186025351286, 0.163184925914, 0.153977915645, 0.165796965361, 0.183064624667, 0.264500170946, 0.303215146065, 0.252461761236, 0.203445166349, 0.128072082996, 0.073728390038, 0.0911789312959, 0.110728465021, 0.126418039203, 0.169633045793, 0.174186080694, 0.136019185185, 0.130927756429, 0.125456258655, 0.132528066635]}, "tuning_equal_tempered_deviation": 0.252580493689, "chords_changes_rate": 0.065887182951, "key_key": "A", "tuning_diatonic_strength": 0.555622816086, "key_scale": "minor", "chords_number_rate": 0.00205403706059, "tuning_frequency": 434.193115234, "tuning_nontempered_energy_ratio": 0.931519031525, "chords_histogram": [1.94343495369, 7.07852745056, 20.4139671326, 1.80123245716, 2.30684161186, 11.660610199, 0.410807400942, 16.7325019836, 4.20287561417, 16.9695053101, 1.64322960377, 2.68604826927, 0.205403700471, 0.0316005684435, 0.284405112267, 1.05861902237, 0, 0.300205409527, 0.205403700471, 0.0632011368871, 0.347606271505, 0.379206836224, 8.94296073914, 0.331805974245], "key_strength": 0.700331568718, "chords_key": "E", "chords_strength": {"dmean2": 0.0126113360748, "median": 0.514068245888, "min": -1, "dvar2": 0.000883686298039, "dvar": 0.00043858110439, "dmean": 0.0115480944514, "max": 0.895169377327, "var": 0.0162421669811, "mean": 0.510544240475}, "chords_scale": "minor", "hpcp_entropy": {"dmean2": 1.11193346977, "median": 2.46689558029, "min": 0, "dvar2": 0.765122771263, "dvar": 0.28414607048, "dmean": 0.662549197674, "max": 4.63353204727, "var": 0.582604408264, "mean": 2.45059657097}}, "metadata": {"audio_properties": {"equal_loudness": 0, "codec": "vorbis", "downmix": "mix", "sample_rate": 44100, "analysis_sample_rate": 44100, "bit_rate": 320000, "md5_encoded": "3b2cd756c219eb294a58cc8d39017410", "length": 293.867401123, "replay_gain": -14.6003799438, "lossless": false}, "version": {"essentia_build_sha": "cead25079874084f62182a551b7393616cd33d87", "essentia": "2.1-beta2", "extractor": "music 1.0", "essentia_git_sha": "v2.1_beta2-1-ge3940c0"}, "tags": {"title": ["The Best Revenge"], "barcode": ["721616034325"], "media": ["CD"], "albumartist": ["Pansy Division"], "tracktotal": ["31"], "musicbrainz_releasegroupid": ["3c023a39-272d-32ae-ab47-62cbf2b90613"], "performer": ["Chris Freeman (bass guitar)", "Luis Illades (drums)", "Jon Ginoli (guitar)", "Patrick Michael Goodwin (guitar)", "Patrick Michael Goodwin (vocals)", "Chris Freeman (lead vocals)", "Jon Ginoli (lead vocals)"], "releasetype": ["album", "compilation"], "musicbrainz_recordingid": ["0abe8ac6-2039-4786-bb6a-dfcecd0c0250"], "musicbrainz_albumartistid": ["a7c3f0e1-027a-4f1f-800a-c115422f96f3"], "originalyear": ["2006"], "musicbrainz_releasetrackid": ["89cdbf97-63b1-35b5-9631-701fe725f999"], "discnumber": ["1"], "totaldiscs": ["2"], "catalognumber": ["Virus 343"], "releasecountry": ["US"], "isrc": ["US2B20533060"], "originaldate": ["2006-01-24"], "albumartistsort": ["Pansy Division"], "date": ["2006-01-24"], "file_name": "1-22 Pansy Division - The Best Revenge.ogg", "disctotal": ["2"], "musicbrainz_artistid": ["a7c3f0e1-027a-4f1f-800a-c115422f96f3"], "asin": ["B000CCBBRM"], "musicbrainz_albumid": ["02ec3316-d526-43e1-892c-9a9e78b74bb2"], "artist": ["Pansy Division"], "tracknumber": ["22"], "artistsort": ["Pansy Division"], "album": ["The Essential Pansy Division"], "label": ["Alternative Tentacles"], "releasestatus": ["official"], "acoustid_id": ["1a1bf26a-89a1-4af9-9aa4-d44062163779"], "script": ["Latn"], "totaltracks": ["31"]}}, "rhythm": {"bpm_histogram_first_peak_bpm": {"dmean2": 0, "median": 136, "min": 136, "dvar2": 0, "dvar": 0, "dmean": 0, "max": 136, "var": 0, "mean": 136}, "bpm": 136.340652466, "bpm_histogram_second_peak_spread": {"dmean2": 0, "median": 0.151898741722, "min": 0.151898741722, "dvar2": 0, "dvar": 0, "dmean": 0, "max": 0.151898741722, "var": 0, "mean": 0.151898741722}, "bpm_histogram_first_peak_weight": {"dmean2": 0, "median": 0.364723473787, "min": 0.364723473787, "dvar2": 0, "dvar": 0, "dmean": 0, "max": 0.364723473787, "var": 0, "mean": 0.364723473787}, "onset_rate": 3.18833971024, "beats_position": [0.371519267559, 0.766258478165, 1.17260766029, 1.60217678547, 2.04335594177, 2.48453521729, 2.93732428551, 3.39011335373, 3.83129239082, 4.28408145905, 4.73687076569, 5.20126962662, 5.65405893326, 6.10684776306, 6.5596370697, 7.01242637634, 7.46521520615, 7.91800451279, 8.37079334259, 8.82358264923, 9.287981987, 9.72916126251, 10.1935596466, 10.6463489532, 11.0991382599, 11.5403175354, 11.9931058884, 12.445895195, 12.8986845016, 13.3514738083, 13.8042631149, 14.2570514679, 14.6982307434, 15.15102005, 15.6038093567, 16.0682086945, 16.5209980011, 16.9737873077, 17.426574707, 17.8793640137, 18.3321533203, 18.784942627, 19.2377319336, 19.6905212402, 20.154920578, 20.6077098846, 21.0604991913, 21.5132884979, 21.9660758972, 22.430475235, 22.8716545105, 23.3244438171, 23.7772331238, 24.2300224304, 24.6828117371, 25.1239910126, 25.5651702881, 26.0179595947, 26.470746994, 26.9235363007, 27.3763256073, 27.8175048828, 28.2819042206, 28.7230834961, 29.1642627716, 29.6054420471, 30.0582313538, 30.5110206604, 30.9521980286, 31.4049873352, 31.8577766418, 32.3105659485, 32.7517471313, 33.1929244995, 33.6457138062, 34.0868911743, 34.5280723572, 34.9692497253, 35.422039032, 35.8748283386, 36.3160095215, 36.7687988281, 37.2215881348, 37.6627655029, 38.1155548096, 38.5683441162, 39.0095214844, 39.462310791, 39.9151000977, 40.3562812805, 40.7974586487, 41.2386398315, 41.6914291382, 42.1442184448, 42.5970077515, 43.0497932434, 43.4909744263, 43.9437637329, 44.3965530396, 44.86095047, 45.3021316528, 45.743309021, 46.1960983276, 46.6488876343, 47.0900688171, 47.5544662476, 47.9956436157, 48.4484329224, 48.901222229, 49.3540115356, 49.8068008423, 50.2595901489, 50.7123794556, 51.1767807007, 51.6179580688, 52.0591392517, 52.5119247437, 52.9647140503, 53.4058952332, 53.8586845398, 54.299861908, 54.7526512146, 55.2054405212, 55.6582298279, 56.0994110107, 56.5405883789, 56.9817695618, 57.4461669922, 57.8873443604, 58.3285255432, 58.7697029114, 59.2108840942, 59.6520614624, 60.0932426453, 60.5344200134, 60.9756011963, 61.4167785645, 61.8579597473, 62.2991371155, 62.7403144836, 63.1814956665, 63.6342849731, 64.0754623413, 64.5166397095, 64.957824707, 65.3873901367, 65.8285675049, 66.2697525024, 66.7109298706, 67.1637191772, 67.6165084839, 68.0576858521, 68.4872512817, 68.9168243408, 69.358001709, 69.7991790771, 70.2403640747, 70.6815414429, 71.122718811, 71.5522918701, 71.9818572998, 72.423034668, 72.8642196655, 73.3053970337, 73.7465744019, 74.18775177, 74.6289291382, 75.0701141357, 75.5112915039, 75.9524688721, 76.3936462402, 76.8348312378, 77.276008606, 77.7171859741, 78.1583633423, 78.5995483398, 79.040725708, 79.4819030762, 79.9230804443, 80.3642578125, 80.8054428101, 81.2466201782, 81.6761856079, 82.105758667, 82.5353240967, 82.9648971558, 83.4060745239, 83.8472518921, 84.2768249512, 84.7063903809, 85.1475753784, 85.5887527466, 86.0067138672, 86.4478912354, 86.877456665, 87.3070297241, 87.7365951538, 88.1661682129, 88.5957336426, 89.0253067017, 89.4664840698, 89.907661438, 90.3488388062, 90.7900238037, 91.2312011719, 91.6839904785, 92.1251678467, 92.5779571533, 93.03074646, 93.4835357666, 93.9363250732, 94.4007263184, 94.853515625, 95.3063049316, 95.7474822998, 96.2002716064, 96.6530609131, 97.1058502197, 97.5470275879, 97.9998168945, 98.4526062012, 98.8937835693, 99.3349609375, 99.7877502441, 100.228935242, 100.681724548, 101.122901917, 101.564079285, 102.005256653, 102.458045959, 102.910835266, 103.352012634, 103.793197632, 104.245986938, 104.698776245, 105.151565552, 105.581130981, 106.02230835, 106.463493347, 106.904670715, 107.334236145, 107.763809204, 108.204986572, 108.64616394, 109.075737, 109.505302429, 109.946479797, 110.387664795, 110.828842163, 111.270019531, 111.711196899, 112.152381897, 112.593559265, 113.034736633, 113.475914001, 113.917098999, 114.346664429, 114.776237488, 115.217414856, 115.658592224, 116.099769592, 116.54094696, 116.982131958, 117.423309326, 117.852874756, 118.305664062, 118.723625183, 119.164802551, 119.605987549, 120.047164917, 120.488342285, 120.929519653, 121.359092712, 121.788658142, 122.218231201, 122.647796631, 123.088973999, 123.530158997, 123.971336365, 124.412513733, 124.842086792, 125.271652222, 125.689613342, 126.13079071, 126.571968079, 127.013153076, 127.442718506, 127.872291565, 128.290252686, 128.719818115, 129.149383545, 129.578948975, 130.008529663, 130.426483154, 130.856048584, 131.285614014, 131.715194702, 132.144760132, 132.5859375, 133.01550293, 133.445083618, 133.863037109, 134.292602539, 134.722167969, 135.140136719, 135.55809021, 135.98765564, 136.417236328, 136.846801758, 137.276367188, 137.705932617, 138.135513306, 138.576690674, 139.006256104, 139.447433472, 139.876998901, 140.30657959, 140.73614502, 141.165710449, 141.595275879, 142.013244629, 142.442810059, 142.872375488, 143.313552856, 143.743133545, 144.172698975, 144.613876343, 145.055053711, 145.496231079, 145.925796509, 146.355377197, 146.796554565, 147.237731934, 147.667297363, 148.096862793, 148.538040161, 148.979232788, 149.408798218, 149.838363647, 150.267929077, 150.697509766, 151.127075195, 151.556640625, 151.986206055, 152.415786743, 152.845352173, 153.263305664, 153.681274414, 154.087615967, 154.505569458, 154.923538208, 155.341491699, 155.759460449, 156.189025879, 156.618591309, 157.059768677, 157.500946045, 157.942123413, 158.383300781, 158.824493408, 159.265670776, 159.706848145, 160.148025513, 160.600814819, 161.053604126, 161.494781494, 161.935958862, 162.388748169, 162.841537476, 163.294326782, 163.747116089, 164.199905396, 164.652694702, 165.105484009, 165.558273315, 165.999450684, 166.45223999, 166.905029297, 167.346206665, 167.798995972, 168.251785278, 168.704574585, 169.157363892, 169.59854126, 170.039718628, 170.504119873, 170.95690918, 171.409698486, 171.862487793, 172.3152771, 172.768066406, 173.220855713, 173.67364502, 174.126434326, 174.579223633, 175.032012939, 175.484802246, 175.937591553, 176.390380859, 176.843170166, 177.307571411, 177.760360718, 178.213150024, 178.665939331, 179.118728638, 179.559906006, 180.001083374, 180.453872681, 180.906661987, 181.359451294, 181.812240601, 182.276641846, 182.729431152, 183.170608521, 183.611785889, 184.064575195, 184.505752563, 184.946929932, 185.3881073, 185.829299927, 186.270477295, 186.700042725, 187.141220093, 187.570785522, 188.011962891, 188.453155518, 188.882720947, 189.312286377, 189.753463745, 190.194641113, 190.635818481, 191.07699585, 191.518188477, 191.959365845, 192.388931274, 192.818496704, 193.259674072, 193.70085144, 194.142044067, 194.571609497, 195.001174927, 195.442352295, 195.883529663, 196.313110352, 196.742675781, 197.183853149, 197.625030518, 198.066207886, 198.495773315, 198.925354004, 199.366531372, 199.80770874, 200.248886108, 200.678451538, 201.108016968, 201.549209595, 201.978775024, 202.408340454, 202.826293945, 203.244262695, 203.662216187, 204.103393555, 204.532974243, 204.962539673, 205.403717041, 205.833282471, 206.2628479, 206.692428589, 207.121994019, 207.563171387, 208.004348755, 208.433914185, 208.863494873, 209.304672241, 209.745849609, 210.175415039, 210.604980469, 211.034561157, 211.475738525, 211.905303955, 212.346481323, 212.79927063, 213.252059937, 213.670013428, 214.099594116, 214.529159546, 214.970336914, 215.411514282, 215.841079712, 216.2706604, 216.70022583, 217.12979126, 217.559356689, 217.988937378, 218.406890869, 218.82484436, 219.24281311, 219.683990479, 220.113555908, 220.543121338, 220.972686768, 221.402267456, 221.831832886, 222.261398315, 222.690963745, 223.120544434, 223.538497925, 223.979675293, 224.409240723, 224.838821411, 225.279998779, 225.709564209, 226.139129639, 226.580307007, 227.021499634, 227.439453125, 227.869018555, 228.298583984, 228.739776611, 229.169342041, 229.598907471, 230.016860962, 230.434829712, 230.864395142, 231.293960571, 231.723526001, 232.164718628, 232.594284058, 233.012237549, 233.430206299, 233.84815979, 234.266113281, 234.684082031, 235.102035522, 235.531600952, 235.961181641, 236.379135132, 236.8203125, 237.238265991, 237.66784668, 238.097412109, 238.526977539, 238.944946289, 239.374511719, 239.79246521, 240.21043396, 240.628387451, 241.046340942, 241.464309692, 241.882263184, 242.311828613, 242.741394043, 243.170974731, 243.600540161, 244.041717529, 244.482894897, 244.924072266, 245.365249634, 245.806442261, 246.247619629, 246.688796997, 247.129974365, 247.571151733, 248.012329102, 248.45350647, 248.894683838, 249.335861206, 249.765441895, 250.195007324, 250.636184692, 251.077362061, 251.518539429, 251.959716797, 252.400909424, 252.830474854, 253.260040283, 253.701217651, 254.14239502, 254.571975708, 255.001541138, 255.431106567, 255.860671997, 256.301849365, 256.743041992, 257.184204102, 257.625396729, 258.054962158, 258.484527588, 258.914093018, 259.343658447, 259.784851074, 260.214416504, 260.643981934, 261.073547363, 261.503112793, 261.93270874, 262.36227417, 262.780212402, 263.221405029, 263.662567139, 264.092163086, 264.521728516, 264.962890625, 265.392456055, 265.822021484, 266.251617432, 266.692779541, 267.133972168, 267.586761475, 268.027923584, 268.457489014, 268.887084961, 269.316650391, 269.74621582, 270.17578125, 270.60534668, 271.046539307, 271.487701416, 271.905670166, 272.346832275, 272.764801025, 273.182769775, 273.612335205, 274.041900635, 274.459869385, 274.866210938, 275.284179688, 275.70211792, 276.13168335, 276.561279297, 276.990844727, 277.408782959, 277.838348389, 278.267944336, 278.697509766, 279.127075195, 279.545043945, 279.962982178, 280.392547607, 280.822113037, 281.228485107, 281.64642334, 282.05279541, 282.459136963, 282.877105713, 283.283447266, 283.689788818, 284.107757568, 284.525695801, 284.955291748, 285.384857178, 285.814422607, 286.23236084, 286.65032959, 287.056671143, 287.463043213, 287.880981445, 288.287353516, 288.693695068, 289.111663818, 289.529602051, 289.947570801, 290.365539551, 290.783477783, 291.201446533, 291.619415283, 292.037353516, 292.466918945, 292.896514893, 293.314453125], "beats_loudness": {"dmean2": 0.0323723703623, "median": 0.0414490178227, "min": 0, "dvar2": 0.000548711046576, "dvar": 0.000172604792169, "dmean": 0.0182436946779, "max": 0.111750602722, "var": 0.000307546870317, "mean": 0.0441371276975}, "danceability": 1.41540825367, "bpm_histogram_second_peak_weight": {"dmean2": 0, "median": 0.100149475038, "min": 0.100149475038, "dvar2": 0, "dvar": 0, "dmean": 0, "max": 0.100149475038, "var": 0, "mean": 0.100149475038}, "beats_count": 670, "bpm_histogram_second_peak_bpm": {"dmean2": 0, "median": 144, "min": 144, "dvar2": 0, "dvar": 0, "dmean": 0, "max": 144, "var": 0, "mean": 144}, "bpm_histogram_first_peak_spread": {"dmean2": 0, "median": 0.574912905693, "min": 0.574912905693, "dvar2": 0, "dvar": 0, "dmean": 0, "max": 0.574912905693, "var": 0, "mean": 0.574912905693}, "beats_loudness_band_ratio": {"dmean2": [0.389875620604, 0.346148908138, 0.132647171617, 0.0799694880843, 0.0981010943651, 0.0643783435225], "median": [0.672156095505, 0.115149125457, 0.0656704902649, 0.0379806570709, 0.0750359147787, 0.0374947562814], "min": [0, 0, 0, 0, 0, 0], "dvar2": [0.0679562985897, 0.0283224862069, 0.0124213956296, 0.00688054598868, 0.00910717528313, 0.00323527632281], "dvar": [0.0203389916569, 0.0089369956404, 0.00438876403496, 0.00248047010973, 0.00295672891662, 0.00104771845508], "dmean": [0.205335631967, 0.174684524536, 0.070874132216, 0.0436218455434, 0.0548584535718, 0.0346983708441], "max": [0.984747171402, 0.594181358814, 0.441712200642, 0.545547902584, 0.382973045111, 0.298018753529], "var": [0.0410581119359, 0.0128567665815, 0.00552032003179, 0.00280191004276, 0.00558065576479, 0.00171517685521], "mean": [0.647160887718, 0.146563068032, 0.0882091149688, 0.0529099069536, 0.0911847725511, 0.049210421741]}}, "lowlevel": {"barkbands_spread": {"dmean2": 9.03292655945, "median": 28.9925460815, "min": 0.431873589754, "dvar2": 83.0286483765, "dvar": 34.2673187256, "dmean": 5.67185020447, "max": 102.451187134, "var": 204.421310425, "mean": 27.3946475983}, "melbands_spread": {"dmean2": 12.71463871, "median": 25.2768287659, "min": 0.40811085701, "dvar2": 194.467819214, "dvar": 80.311668396, "dmean": 7.99401760101, "max": 156.249511719, "var": 412.132293701, "mean": 27.6922779083}, "hfc": {"dmean2": 6.93475961685, "median": 19.2990207672, "min": 1.09573512163e-16, "dvar2": 73.5953445435, "dvar": 30.3643569946, "dmean": 4.44499015808, "max": 102.284713745, "var": 253.691619873, "mean": 21.629365921}, "barkbands_kurtosis": {"dmean2": 6.41599559784, "median": 0.659116506577, "min": -1.84840416908, "dvar2": 198.090164185, "dvar": 80.2960357666, "dmean": 3.93785953522, "max": 304.058349609, "var": 222.829025269, "mean": 6.14718580246}, "gfcc": {"mean": [5.55537557602, 95.5878677368, -114.694236755, 50.3679351807, -42.7403259277, 9.47502231598, -29.3702373505, 10.2049999237, -14.4469232559, -5.26570463181, -16.5883903503, -4.95471000671, -12.6183185577], "icov": [[0.000164360826602, -9.51545516727e-05, 0.000251294230111, -0.000120464457723, 0.000130991902552, -0.000108706772153, 0.000235518979025, -0.000272895558737, 0.000412480410887, -0.000376226525987, 0.000744037271943, -0.000540075532626, 0.000688221247401], [-9.51545516727e-05, 0.00214669643901, -7.79083056841e-05, -0.000645169056952, -0.000125142192701, 0.000180827715667, -0.00175372534432, 0.00214072572999, -0.00225293426774, 0.002416822128, -0.00288410158828, 0.0033608963713, -0.0019822139293], [0.000251294230111, -7.79083056841e-05, 0.00210667075589, 0.00080129224807, -0.00070869398769, -0.00128174503334, 0.000296887970762, 0.000689116597641, -9.82080091489e-05, -0.000913346128073, 0.00115035520867, -0.000936730881222, 0.00201601022854], [-0.000120464457723, -0.000645169056952, 0.00080129224807, 0.00574470683932, -0.000668222550303, -0.000888876325916, 0.00197515264153, -0.000466966215754, -0.00111004151404, 0.000566585396882, -0.00176315312274, 0.000779031426646, -0.000840048596729], [0.000130991902552, -0.000125142192701, -0.00070869398769, -0.000668222550303, 0.00823419447988, 0.00081089453306, -0.00335730239749, 0.00104295357596, -0.00308911828324, -0.000922195613384, 0.0015711770393, 7.19216259313e-05, -0.00041184676229], [-0.000108706772153, 0.000180827715667, -0.00128174503334, -0.000888876325916, 0.00081089453306, 0.00875132437795, -0.00216191424988, -0.00358476233669, 0.00343233463354, -0.00105064501986, -0.000328697467921, 0.00299758929759, -0.00167368387338], [0.000235518979025, -0.00175372534432, 0.000296887970762, 0.00197515264153, -0.00335730239749, -0.00216191424988, 0.012242785655, -0.000782563816756, 0.000233931874391, 0.00231752637774, -0.00226133642718, -0.00099817616865, 7.17696912034e-06], [-0.000272895558737, 0.00214072572999, 0.000689116597641, -0.000466966215754, 0.00104295357596, -0.00358476233669, -0.000782563816756, 0.0176725704223, -0.00898524466902, 0.00217138230801, -0.000522146467119, -0.00158550054766, 0.0016204478452], [0.000412480410887, -0.00225293426774, -9.82080091489e-05, -0.00111004151404, -0.00308911828324, 0.00343233463354, 0.000233931874391, -0.00898524466902, 0.0246747545898, -0.0106005733833, 0.00262541137636, 0.00458444003016, -0.00215313467197], [-0.000376226525987, 0.002416822128, -0.000913346128073, 0.000566585396882, -0.000922195613384, -0.00105064501986, 0.00231752637774, 0.00217138230801, -0.0106005733833, 0.0266354307532, -0.0100411912426, -0.00162450829521, 0.00261841947213], [0.000744037271943, -0.00288410158828, 0.00115035520867, -0.00176315312274, 0.0015711770393, -0.000328697467921, -0.00226133642718, -0.000522146467119, 0.00262541137636, -0.0100411912426, 0.0253273341805, -0.013196141459, 0.0070537282154], [-0.000540075532626, 0.0033608963713, -0.000936730881222, 0.000779031426646, 7.19216259313e-05, 0.00299758929759, -0.00099817616865, -0.00158550054766, 0.00458444003016, -0.00162450829521, -0.013196141459, 0.0360841602087, -0.0156764872372], [0.000688221247401, -0.0019822139293, 0.00201601022854, -0.000840048596729, -0.00041184676229, -0.00167368387338, 7.17696912034e-06, 0.0016204478452, -0.00215313467197, 0.00261841947213, 0.0070537282154, -0.0156764872372, 0.0280290693045]], "cov": [[14107.6464844, -1673.24731445, -1612.1496582, 322.724304199, -792.937255859, 76.9261550903, -761.52557373, 370.470672607, -324.166625977, 85.1956253052, -314.918151855, 130.753936768, -247.861465454], [-1673.24731445, 1419.52319336, 47.1342353821, 114.93056488, 220.071151733, -45.4305953979, 284.257263184, -150.114486694, 115.646598816, -90.0821914673, 101.863510132, -97.1980285645, 87.9563064575], [-1612.1496582, 47.1342353821, 838.356994629, -146.704650879, 129.11907959, 70.6565628052, 80.5718460083, -44.6099624634, 28.4676189423, 23.7997665405, 6.47657442093, -21.1889762878, -26.6209869385], [322.724304199, 114.93056488, -146.704650879, 233.081100464, -3.28656005859, 0.953622460365, -21.2727565765, 10.5622177124, 17.53058815, -3.87073636055, 14.9172945023, -6.99918556213, 11.1842517853], [-792.937255859, 220.071151733, 129.11907959, -3.28656005859, 211.327163696, -13.6926259995, 98.3303146362, -30.973487854, 52.5840301514, -2.41273498535, 15.0431995392, -19.8726177216, 19.0650348663], [76.9261550903, -45.4305953979, 70.6565628052, 0.953622460365, -13.6926259995, 149.407363892, 13.03977108, 27.2182979584, -15.973906517, 1.62142312527, -5.20792245865, -6.30271816254, -6.60476303101], [-761.52557373, 284.257263184, 80.5718460083, -21.2727565765, 98.3303146362, 13.03977108, 174.140151978, -31.2492637634, 27.5073356628, -22.2190074921, 32.1907691956, -15.5700054169, 23.7332248688], [370.470672607, -150.114486694, -44.6099624634, 10.5622177124, -30.973487854, 27.2182979584, -31.2492637634, 94.5211181641, 12.1634473801, 14.5916538239, -11.1247034073, 8.46535396576, -13.3683195114], [-324.166625977, 115.646598816, 28.4676189423, 17.53058815, 52.5840301514, -15.973906517, 27.5073356628, 12.1634473801, 80.281829834, 17.6917610168, 10.6745872498, -15.1752376556, 7.06505537033], [85.1956253052, -90.0821914673, 23.7997665405, -3.87073636055, -2.41273498535, 1.62142312527, -22.2190074921, 14.5916538239, 17.6917610168, 64.3829879761, 17.8821983337, 11.4506320953, -13.8182497025], [-314.918151855, 101.863510132, 6.47657442093, 14.9172945023, 15.0431995392, -5.20792245865, 32.1907691956, -11.1247034073, 10.6745872498, 17.8821983337, 75.5315475464, 15.3372364044, 4.18186473846], [130.753936768, -97.1980285645, -21.1889762878, -6.99918556213, -19.8726177216, -6.30271816254, -15.5700054169, 8.46535396576, -15.1752376556, 11.4506320953, 15.3372364044, 52.735294342, 13.4755105972], [-247.861465454, 87.9563064575, -26.6209869385, 11.1842517853, 19.0650348663, -6.60476303101, 23.7332248688, -13.3683195114, 7.06505537033, -13.8182497025, 4.18186473846, 13.4755105972, 59.2038955688]]}, "spectral_energyband_middle_low": {"dmean2": 0.00995471142232, "median": 0.00722338026389, "min": 1.54168109071e-22, "dvar2": 0.000227131327847, "dvar": 8.64539833856e-05, "dmean": 0.00581772858277, "max": 0.0965662077069, "var": 9.10985327209e-05, "mean": 0.0097931008786}, "melbands_crest": {"dmean2": 5.4736328125, "median": 13.9650154114, "min": 1.71534335613, "dvar2": 23.0620536804, "dvar": 8.70758056641, "dmean": 3.33391594887, "max": 33.7937240601, "var": 22.5152950287, "mean": 14.2370195389}, "spectral_kurtosis": {"dmean2": 2.68110489845, "median": 3.48758268356, "min": -1.28259539604, "dvar2": 21.2589588165, "dvar": 9.26504611969, "dmean": 1.5938334465, "max": 73.9695968628, "var": 23.0450820923, "mean": 4.5081820488}, "spectral_rms": {"dmean2": 0.001662723138, "median": 0.00488562369719, "min": 3.13867378268e-12, "dvar2": 4.00512226406e-06, "dvar": 1.66592019468e-06, "dmean": 0.00106919906102, "max": 0.0136913089082, "var": 3.22837399835e-06, "mean": 0.00505859125406}, "zerocrossingrate": {"dmean2": 0.0107216993347, "median": 0.06298828125, "min": 0.0029296875, "dvar2": 0.000109488559247, "dvar": 7.16306603863e-05, "dmean": 0.00850981287658, "max": 0.52734375, "var": 0.0019603241235, "mean": 0.0625007301569}, "silence_rate_60dB": {"dmean2": 0.0154879493639, "median": 0, "min": 0, "dvar2": 0.018412861973, "dvar": 0.00768444826826, "dmean": 0.00774336280301, "max": 1, "var": 0.0151682728902, "mean": 0.0154064940289}, "erbbands_kurtosis": {"dmean2": 1.15056276321, "median": -0.315319538116, "min": -1.76618540287, "dvar2": 3.71686029434, "dvar": 1.57237052917, "dmean": 0.721860766411, "max": 35.6076507568, "var": 3.68589234352, "mean": 0.157705456018}, "erbbands": {"dmean2": [0.273571759462, 2.31076741219, 6.62938261032, 13.0905056, 18.8121051788, 12.968539238, 6.53771591187, 6.95245504379, 13.4664707184, 15.1749973297, 14.702999115, 23.7225990295, 21.5892219543, 16.630859375, 10.5183792114, 10.779094696, 12.7445573807, 20.4134979248, 23.5426864624, 18.1577148438, 30.3021907806, 33.1864967346, 26.3860054016, 18.7163639069, 14.6937179565, 7.56267023087, 5.13510560989, 6.00599002838, 3.71425104141, 2.21427583694, 1.93145787716, 1.32922744751, 0.657192051411, 0.266576588154, 0.113642625511, 0.0656733810902, 0.0337184108794, 0.0126408832148, 0.00254271994345, 0.00019572932797], "median": [0.0774269774556, 1.05929362774, 3.36029815674, 5.20565891266, 5.45562410355, 5.21341943741, 3.90367174149, 4.57917022705, 7.00276136398, 8.04432487488, 8.45630455017, 11.5430145264, 8.79884433746, 8.41989326477, 6.89594364166, 6.87488460541, 8.17460155487, 15.523015976, 15.4021043777, 11.227891922, 28.2461280823, 38.6310501099, 29.3632202148, 22.4604797363, 17.5795116425, 9.7834777832, 6.80300331116, 7.7020406723, 4.92546796799, 2.76145863533, 2.10215902328, 1.60808336735, 0.910006344318, 0.360877037048, 0.125982493162, 0.0465669296682, 0.0123389661312, 0.00209619454108, 0.000213714592974, 5.05958996655e-05], "min": [5.57647919602e-23, 2.84154917716e-22, 4.16019179974e-21, 7.72260181965e-21, 1.42262496091e-20, 2.50310507914e-20, 5.6590656879e-20, 5.93895711156e-20, 1.00140746778e-19, 2.58421718216e-19, 2.9186168355e-19, 4.53463979018e-19, 5.99541438557e-19, 5.79170048021e-19, 1.21363060594e-18, 1.18346663773e-18, 1.20715130021e-18, 1.78207460296e-18, 2.33090356272e-18, 3.02777117554e-18, 4.230986647e-18, 4.85526936787e-18, 4.33255739518e-18, 5.51443015927e-18, 7.58783694679e-18, 7.3530169145e-18, 9.24274080238e-18, 1.12172333323e-17, 9.94286233694e-18, 1.07387746952e-17, 1.05263315528e-17, 1.17619921498e-17, 9.79174222929e-18, 9.06726270723e-18, 5.75906799825e-18, 4.32006200485e-18, 2.45953283631e-18, 9.83820393032e-19, 2.44790738148e-19, 2.5000107451e-20], "dvar2": [0.268111497164, 15.3103160858, 108.85484314, 479.429504395, 1099.2800293, 611.92565918, 106.902130127, 127.136795044, 573.259643555, 1077.62609863, 784.715393066, 1891.36706543, 3040.20776367, 3541.21459961, 614.217834473, 613.161071777, 874.48223877, 1292.72253418, 2079.75610352, 1216.65576172, 2764.70922852, 3099.00268555, 1586.74133301, 850.10333252, 523.753234863, 129.256332397, 60.1571617126, 95.726234436, 30.8721790314, 13.7336578369, 11.5940942764, 7.6249704361, 1.51740217209, 0.261629074812, 0.185613960028, 0.0447398684919, 0.0109387151897, 0.00178460823372, 6.17862024228e-05, 3.08137089178e-07], "dvar": [0.110577583313, 5.75397253036, 39.5836677551, 169.512130737, 429.227508545, 220.817474365, 40.9793739319, 48.0637702942, 213.824630737, 409.628356934, 312.980682373, 787.409790039, 1346.21960449, 1208.88916016, 231.86076355, 283.027709961, 389.376708984, 541.575500488, 831.119934082, 532.467102051, 1074.8527832, 1166.32714844, 618.526489258, 314.648406982, 200.393569946, 48.1042938232, 22.4398288727, 34.9682197571, 11.933262825, 5.54118347168, 4.6168718338, 3.35003972054, 0.695199012756, 0.114558696747, 0.0713969916105, 0.0175707750022, 0.00436599319801, 0.000680328987073, 2.43910963036e-05, 1.24015983261e-07], "dmean": [0.168617323041, 1.41702675819, 3.9212539196, 7.34975671768, 10.9896097183, 7.45013046265, 3.91314530373, 4.15971803665, 8.16828250885, 9.13981723785, 8.90164852142, 14.6439437866, 13.4022426605, 10.2968463898, 6.51266002655, 6.73843765259, 7.95172262192, 12.5966453552, 14.4839611053, 11.5628175735, 18.4386672974, 20.10546875, 16.3836021423, 11.5311059952, 9.02009010315, 4.58964920044, 3.1103041172, 3.62288212776, 2.27470135689, 1.38440716267, 1.20747876167, 0.855712890625, 0.433751672506, 0.175992235541, 0.076843559742, 0.0434019677341, 0.0215411875397, 0.00770946964622, 0.00154399871826, 0.000120491436974], "max": [3.00871992111, 30.7052936554, 92.1750411987, 136.806045532, 263.927246094, 188.335861206, 100.269752502, 114.600776672, 292.964294434, 509.406311035, 482.610748291, 820.616394043, 1684.29858398, 1571.31774902, 575.252563477, 904.709777832, 803.638671875, 769.696960449, 774.144775391, 1018.35058594, 1288.7220459, 1123.20007324, 648.093994141, 330.966796875, 373.653137207, 140.183151245, 115.551132202, 147.220504761, 73.2940444946, 73.5996551514, 84.5976867676, 70.2890930176, 35.2637863159, 13.9960403442, 18.9604759216, 6.65339517593, 1.33614230156, 0.647748112679, 0.0793822109699, 0.00772474147379], "var": [0.106284163892, 6.33300352097, 42.4109420776, 129.137786865, 402.173553467, 193.148696899, 51.8334083557, 68.5343856812, 407.670959473, 512.241027832, 532.900024414, 1643.44030762, 3771.26586914, 3119.41577148, 446.616271973, 759.645568848, 922.872314453, 1353.52392578, 2288.85766602, 2223.91650391, 3395.82788086, 3551.56982422, 2542.62744141, 1262.74438477, 949.332763672, 240.816802979, 107.133789062, 157.065963745, 49.6964836121, 19.4475307465, 19.695728302, 11.9927597046, 2.92915487289, 0.449139773846, 0.11223719269, 0.026029497385, 0.00539806019515, 0.000652533723041, 2.52057488979e-05, 1.3397054488e-07], "mean": [0.187879279256, 1.93396830559, 5.47025108337, 8.52836513519, 11.982925415, 9.34988880157, 5.94458866119, 6.87598657608, 13.9096298218, 13.9182891846, 14.9846601486, 23.6481761932, 23.4900569916, 19.9543628693, 12.7512168884, 12.7826948166, 14.5666513443, 24.8322296143, 30.2025604248, 27.3829574585, 42.875164032, 53.0115432739, 45.7690696716, 32.4035186768, 25.6544895172, 13.8521375656, 9.54165935516, 10.8558864594, 6.75406599045, 3.97675347328, 3.5984377861, 2.61665940285, 1.38181066513, 0.550594091415, 0.21307502687, 0.0938785150647, 0.0341096334159, 0.00916091073304, 0.00164074148051, 0.000150821448187]}, "spectral_strongpeak": {"dmean2": 0.693984210491, "median": 0.293058037758, "min": 0, "dvar2": 1.81780004501, "dvar": 0.677854537964, "dmean": 0.395581573248, "max": 12.1348600388, "var": 0.837968409061, "mean": 0.553674578667}, "spectral_energy": {"dmean2": 0.020938757807, "median": 0.0244660545141, "min": 1.00975544884e-20, "dvar2": 0.000878930091858, "dvar": 0.000349667301634, "dmean": 0.0130252111703, "max": 0.192138239741, "var": 0.000453218322946, "mean": 0.0295380651951}, "average_loudness": 0.921572208405, "spectral_rolloff": {"dmean2": 746.467163086, "median": 1636.5234375, "min": 64.599609375, "dvar2": 868807.75, "dvar": 380361.90625, "dmean": 447.882141113, "max": 19702.8808594, "var": 2890583.75, "mean": 1656.05908203}, "spectral_centroid": {"dmean2": 405.651641846, "median": 1707.94299316, "min": 119.809997559, "dvar2": 172256.0625, "dvar": 73980.8046875, "dmean": 251.83757019, "max": 11625.8837891, "var": 944536.3125, "mean": 1646.92736816}, "pitch_salience": {"dmean2": 0.124229997396, "median": 0.566465973854, "min": 0.0980772450566, "dvar2": 0.0122928377241, "dvar": 0.00447348412126, "dmean": 0.0752958357334, "max": 0.830244421959, "var": 0.0126718562096, "mean": 0.552164494991}, "spectral_energyband_middle_high": {"dmean2": 0.00203197752126, "median": 0.0044884281233, "min": 1.23360306359e-21, "dvar2": 8.36942217575e-06, "dvar": 3.4086517644e-06, "dmean": 0.00130511505995, "max": 0.0496137365699, "var": 2.59382959484e-05, "mean": 0.00576859852299}, "spectral_contrast_coeffs": {"dmean2": [0.0957651212811, 0.0744626075029, 0.0614532530308, 0.0465217418969, 0.0326128005981, 0.0249731671065], "median": [-0.664542257786, -0.773352384567, -0.785195350647, -0.794560015202, -0.78191614151, -0.737298130989], "min": [-0.980698406696, -0.980605006218, -0.98036044836, -0.971997439861, -0.966462135315, -0.967443466187], "dvar2": [0.006030974444, 0.00333839701489, 0.00232642353512, 0.00134792819154, 0.000672950060107, 0.000487518962473], "dvar": [0.0021758726798, 0.00123239215463, 0.000859660562128, 0.000543663976714, 0.000304068205878, 0.000216034051846], "dmean": [0.056776240468, 0.0446780435741, 0.0370479375124, 0.0285353288054, 0.0203577708453, 0.0159681774676], "max": [-0.350828289986, -0.476918905973, -0.516314744949, -0.543402612209, -0.539232194424, -0.615404725075], "var": [0.00449611712247, 0.00373101001605, 0.00380966160446, 0.00261947256513, 0.00232833856717, 0.00186439056415], "mean": [-0.660844504833, -0.769503772259, -0.776926338673, -0.791530430317, -0.781461894512, -0.738169193268]}, "melbands_skewness": {"dmean2": 1.32446753979, "median": 2.77202749252, "min": -1.05879998207, "dvar2": 1.8323764801, "dvar": 0.757195115089, "dmean": 0.839555025101, "max": 16.1142272949, "var": 3.18365263939, "mean": 3.146443367}, "spectral_spread": {"dmean2": 524503.375, "median": 3967289.25, "min": 1156811.625, "dvar2": 574657855488, "dvar": 328192786432, "dmean": 346250.71875, "max": 43460872, "var": 8372232912900.0, "mean": 4234798.5}, "dissonance": {"dmean2": 0.0209615360945, "median": 0.483039915562, "min": 0.231136858463, "dvar2": 0.000480962422444, "dvar": 0.000172659434611, "dmean": 0.0122847566381, "max": 0.500000119209, "var": 0.000355806754669, "mean": 0.478129297495}, "spectral_skewness": {"dmean2": 0.315399318933, "median": 1.27541792393, "min": -0.0846810862422, "dvar2": 0.1933683604, "dvar": 0.0863123610616, "dmean": 0.195160850883, "max": 7.11117649078, "var": 0.357110291719, "mean": 1.38338422775}, "spectral_flux": {"dmean2": 0.046702452004, "median": 0.0833944901824, "min": 6.42054812094e-11, "dvar2": 0.00272778794169, "dvar": 0.00135020527523, "dmean": 0.030038619414, "max": 0.364019155502, "var": 0.0025960165076, "mean": 0.094023026526}, "spectral_contrast_valleys": {"dmean2": [0.672933459282, 0.614334762096, 0.519641578197, 0.442250072956, 0.329219162464, 0.312417864799], "median": [-6.69782209396, -6.53941631317, -7.19634199142, -7.2732667923, -6.80937337875, -9.67130851746], "min": [-28.2583370209, -27.9438247681, -28.0281543732, -27.7644233704, -27.4475898743, -27.5027198792], "dvar2": [0.310918599367, 0.300384134054, 0.22805544734, 0.201376885176, 0.184420451522, 0.232504785061], "dvar": [0.138065606356, 0.134032472968, 0.109957203269, 0.106734320521, 0.107065163553, 0.130918502808], "dmean": [0.41258713603, 0.375652223825, 0.324971914291, 0.288593947887, 0.225909724832, 0.234122782946], "max": [-5.11627531052, -4.74486923218, -5.48556852341, -5.92371368408, -5.53627490997, -8.11201095581], "var": [2.70254683495, 2.87487220764, 2.75125789642, 2.88344526291, 3.37226200104, 3.04719376564], "mean": [-6.83852434158, -6.769718647, -7.43943309784, -7.60390996933, -7.28580093384, -10.2446241379]}, "erbbands_flatness_db": {"dmean2": 0.0197582058609, "median": 0.134794235229, "min": 0.0280598625541, "dvar2": 0.000370343768736, "dvar": 0.000186021803529, "dmean": 0.0133878402412, "max": 0.323120951653, "var": 0.00136829633266, "mean": 0.13892005384}, "spectral_energyband_high": {"dmean2": 0.000298626109725, "median": 0.000657188531477