{"metadata": {"tags": {"album": ["Madrigal History Tour"], "albumartist": ["The King's Singers / The Consorte of Musicke / various/anonymous/traditional / Anthony Rooley"], "musicbrainz_recordingid": ["0abe0d73-47a1-4444-a0e8-29164aff5573"], "artist": ["The King's Singers / The Consorte of Musicke / various/anonymous/traditional / Anthony Rooley"], "date": ["2004"], "tracknumber": ["26"], "title": ["Tres Morillas M'Enamoran"], "file_name": "65205.mp3"}, "audio_properties": {"sample_rate": 44100, "downmix": "mix", "lossless": false, "analysis_sample_rate": 44100, "md5_encoded": "8c8803e34d9d1e0a10852a8f7de38c9c", "equal_loudness": 0, "replay_gain": -7.81881523132, "codec": "mp3", "bit_rate": 192000, "length": 145.162445068}, "version": {"extractor": "music 1.0", "essentia_build_sha": "70f2e5ece6736b2c40cc944ad0e695b16b925413", "essentia_git_sha": "v2.1_beta2", "essentia": "2.1-beta2"}}, "rhythm": {"beats_loudness_band_ratio": {"dvar2": [0.0804835632443, 0.129272118211, 0.0603478774428, 0.111815951765, 0.00484904786572, 0.0148020498455], "var": [0.0594906248152, 0.0892603844404, 0.0327996835113, 0.0484777055681, 0.00129174801987, 0.00251435348764], "min": [0, 0, 0, 0, 0, 0], "dmean": [0.106449313462, 0.272023767233, 0.156376987696, 0.197620272636, 0.0229752138257, 0.0129505442455], "mean": [0.134512230754, 0.458629667759, 0.214491769671, 0.18880353868, 0.017238875851, 0.0074443211779], "max": [0.999635219574, 0.969409406185, 0.87401676178, 0.892000555992, 0.317518293858, 0.650797724724], "dmean2": [0.180073738098, 0.484850138426, 0.267679542303, 0.360804080963, 0.0435690246522, 0.025628188625], "median": [0.0329999625683, 0.437947899103, 0.167651057243, 0.0790005475283, 0.00301151303574, 0.00057407701388], "dvar": [0.0346754975617, 0.0512075684965, 0.0225090794265, 0.0411967150867, 0.00172111741267, 0.0049634356983]}, "bpm_histogram_first_peak_weight": {"dvar2": 0, "var": 0, "min": 0.227722778916, "dmean": 0, "mean": 0.227722778916, "max": 0.227722778916, "dmean2": 0, "median": 0.227722778916, "dvar": 0}, "bpm": 126.491355896, "beats_count": 304, "bpm_histogram_first_peak_spread": {"dvar2": 0, "var": 0, "min": 0.612359523773, "dmean": 0, "mean": 0.612359523773, "max": 0.612359523773, "dmean2": 0, "median": 0.612359523773, "dvar": 0}, "danceability": 0.971169531345, "bpm_histogram_first_peak_bpm": {"dvar2": 0, "var": 0, "min": 126, "dmean": 0, "mean": 126, "max": 126, "dmean2": 0, "median": 126, "dvar": 0}, "beats_position": [0.545668900013, 1.11455774307, 1.67183673382, 2.22911548615, 2.80961441994, 3.35528349876, 3.90095233917, 4.45823097229, 5.02712011337, 5.61922883987, 6.21133756638, 6.80344676971, 7.38394546509, 7.89478445053, 8.40562343597, 8.93968200684, 9.46213150024, 9.99619007111, 10.5070295334, 11.017868042, 11.5403175354, 11.9582767487, 12.387845993, 12.8058052063, 13.2237634659, 13.6881628036, 14.1525621414, 14.6285715103, 15.0929698944, 15.5573692322, 16.0101585388, 16.4629478455, 16.9157371521, 17.3685264587, 17.8213157654, 18.2973232269, 18.7617225647, 19.2145118713, 19.6905212402, 20.1665306091, 20.642539978, 21.1069393158, 21.5713367462, 22.0473461151, 22.5001354218, 22.9645347595, 23.4289340973, 23.8933334351, 24.3577327728, 24.8221302032, 25.286529541, 25.7393188477, 26.2037181854, 26.6797275543, 27.1441268921, 27.620136261, 28.0961437225, 28.5837631226, 29.0713825226, 29.5706119537, 30.0466213226, 30.5110206604, 30.9754180908, 31.4398174286, 31.9042167664, 32.3686180115, 32.8330154419, 33.2974128723, 33.7734222412, 34.2494316101, 34.7370529175, 35.2014503479, 35.6542396545, 36.1302490234, 36.5946464539, 37.059047699, 37.5234451294, 37.9878463745, 38.4522438049, 38.9282531738, 39.4158706665, 39.8918800354, 40.3562812805, 40.8206787109, 41.2850799561, 41.7494773865, 42.2138786316, 42.6666641235, 43.0962333679, 43.5374145508, 43.9902038574, 44.4429931641, 44.9073905945, 45.3601799011, 45.801361084, 46.2541503906, 46.718547821, 47.1713371277, 47.6241264343, 48.1001358032, 48.5761451721, 49.0637626648, 49.5397720337, 49.9925613403, 50.4569587708, 50.9213600159, 51.3857574463, 51.8501586914, 52.3145561218, 52.7905654907, 53.2665748596, 53.7658042908, 54.2418136597, 54.7062110901, 55.1706123352, 55.6234016418, 56.0761909485, 56.5522003174, 57.0282058716, 57.5042152405, 57.9686164856, 58.4446258545, 58.9206352234, 59.3966445923, 59.884262085, 60.3950996399, 60.894329071, 61.3587303162, 61.8115196228, 62.2759170532, 62.7867546082, 63.2859840393, 63.7968254089, 64.2960510254, 64.7836685181, 65.2596817017, 65.7356872559, 66.2233123779, 66.6877059937, 67.1637191772, 67.6397247314, 68.115737915, 68.5917434692, 69.0793609619, 69.543762207, 70.0197753906, 70.4957809448, 70.971786499, 71.4361877441, 71.9005889893, 72.3882064819, 72.8642196655, 73.3402252197, 73.8162307739, 74.303855896, 74.8030853271, 75.2790908813, 75.7434921265, 76.2078933716, 76.6606826782, 77.1250762939, 77.6126937866, 78.0887069702, 78.5763244629, 79.0639419556, 79.5515594482, 80.0391845703, 80.526802063, 81.0028076172, 81.4788208008, 81.954826355, 82.4424438477, 82.9300689697, 83.3596343994, 83.7892074585, 84.2303848267, 84.7063903809, 85.170791626, 85.6351928711, 86.0995864868, 86.5755996704, 87.0400009155, 87.5043945312, 87.9804077148, 88.44480896, 88.9092025757, 89.3852157593, 89.8612213135, 90.3372344971, 90.7435836792, 91.1499328613, 91.5562820435, 91.9626312256, 92.3689804077, 92.7753295898, 93.181678772, 93.5880279541, 93.9827651978, 94.3891143799, 94.795463562, 95.2714691162, 95.7474822998, 96.2350997925, 96.7111129761, 97.1755065918, 97.6399078369, 98.1159133911, 98.5919265747, 99.0795440674, 99.5671615601, 100.043174744, 100.530792236, 101.018409729, 101.494422913, 101.958816528, 102.434829712, 102.910835266, 103.38684845, 103.862854004, 104.350471497, 104.849700928, 105.348930359, 105.836547852, 106.335777283, 106.835006714, 107.322631836, 107.810249329, 108.297866821, 108.773872375, 109.261497498, 109.737503052, 110.225120544, 110.712738037, 111.200363159, 111.687980652, 112.175598145, 112.63999939, 113.05796051, 113.464309692, 113.870658875, 114.33505249, 114.729797363, 115.124534607, 115.519271851, 115.995285034, 116.482902527, 116.958908081, 117.434921265, 117.910926819, 118.398544312, 118.886169434, 119.373786926, 119.838180542, 120.314193726, 120.778594971, 121.254600525, 121.742218018, 122.253059387, 122.763900757, 123.263130188, 123.773963928, 124.261581421, 124.760810852, 125.248435974, 125.736053467, 126.235282898, 126.746116638, 127.245346069, 127.756187439, 128.267028809, 128.777862549, 129.288711548, 129.78793335, 130.28717041, 130.79800415, 131.297225952, 131.796463013, 132.307296753, 132.806533813, 133.317367554, 133.839813232, 134.350662231, 134.87310791, 135.407165527, 135.941223145, 136.475280762, 136.99772644, 137.508575439, 138.01940918, 138.472198486, 138.913375854, 139.354553223, 139.784118652, 140.213699341, 140.643264771, 141.0728302, 141.50239563, 141.943572998, 142.361541748, 142.791107178, 143.220672607, 143.650253296, 144.079818726, 144.509384155], "beats_loudness": {"dvar2": 0.00118848134298, "var": 0.000582994427532, "min": 0, "dmean": 0.0158241670579, "mean": 0.0207605976611, "max": 0.150661557913, "dmean2": 0.0256698336452, "median": 0.0150152891874, "dvar": 0.000473967811558}, "bpm_histogram_second_peak_weight": {"dvar2": 0, "var": 0, "min": 0.0726072639227, "dmean": 0, "mean": 0.0726072639227, "max": 0.0726072639227, "dmean2": 0, "median": 0.0726072639227, "dvar": 0}, "bpm_histogram_second_peak_spread": {"dvar2": 0, "var": 0, "min": 0.214285731316, "dmean": 0, "mean": 0.214285731316, "max": 0.214285731316, "dmean2": 0, "median": 0.214285731316, "dvar": 0}, "bpm_histogram_second_peak_bpm": {"dvar2": 0, "var": 0, "min": 133, "dmean": 0, "mean": 133, "max": 133, "dmean2": 0, "median": 133, "dvar": 0}, "onset_rate": 2.99622321129}, "lowlevel": {"spectral_energyband_high": {"dvar2": 2.53783998261e-08, "var": 1.85904571737e-08, "min": 7.05972157185e-21, "dmean": 1.51440590344e-05, "mean": 2.48441538133e-05, "max": 0.00556179974228, "dmean2": 2.13179118873e-05, "median": 2.51301139542e-06, "dvar": 1.2383349457e-08}, "spectral_energyband_middle_low": {"dvar2": 8.47952760523e-05, "var": 0.000181655879715, "min": 1.3472441694e-22, "dmean": 0.00331394164823, "mean": 0.0100319860503, "max": 0.17507058382, "dmean2": 0.00472804391757, "median": 0.00583502929658, "dvar": 4.36428563262e-05}, "spectral_energy": {"dvar2": 0.000136129921884, "var": 0.000458612747025, "min": 1.01180142838e-20, "dmean": 0.00465145381168, "mean": 0.0156726911664, "max": 0.206949561834, "dmean2": 0.00636737188324, "median": 0.00817937962711, "dvar": 7.58252717787e-05}, "spectral_spread": {"dvar2": 1312544915460.0, "var": 26134259433500.0, "min": 320215.59375, "dmean": 456783.53125, "mean": 2880389.75, "max": 43728024, "dmean2": 698046.125, "median": 1833753.375, "dvar": 745451290624}, "spectral_energyband_low": {"dvar2": 9.77477512265e-08, "var": 1.08733402726e-07, "min": 1.49553559921e-23, "dmean": 0.00014219841978, "mean": 0.000247739080805, "max": 0.00391909759492, "dmean2": 0.000244259135798, "median": 0.00014198703866, "dvar": 3.96882455789e-08}, "spectral_rolloff": {"dvar2": 1218125.75, "var": 6166688, "min": 21.533203125, "dmean": 207.328948975, "mean": 1098.4901123, "max": 19789.0136719, "dmean2": 357.955718994, "median": 538.330078125, "dvar": 608293.6875}, "barkbands": {"dvar2": [1.47338070633e-07, 1.83193871184e-09, 1.82995716358e-08, 1.13288223247e-07, 1.82829717232e-06, 6.09187445662e-05, 1.33500552693e-05, 3.85375824408e-06, 4.95417225466e-06, 1.00871802715e-05, 1.99951155082e-05, 2.52121280937e-05, 3.15701140607e-06, 7.75171429268e-08, 1.32144478471e-07, 1.67137841345e-07, 3.89340222284e-08, 4.09947666924e-08, 4.11016243262e-09, 2.4644160046e-09, 1.57654694855e-10, 2.25235691209e-10, 3.44867467916e-09, 1.17648264464e-08, 1.27173035991e-10, 1.62592389639e-12, 1.31499222318e-14], "var": [3.68404684536e-08, 1.26742438766e-09, 2.28766516841e-08, 1.06810404077e-07, 3.30466309606e-06, 0.000111105247925, 3.43032515957e-05, 3.72391536985e-06, 6.83570442561e-06, 1.72646650753e-05, 5.22583541169e-05, 6.24160747975e-05, 4.95805397804e-06, 9.03127386209e-08, 1.86824749449e-07, 2.86266754301e-07, 5.77333878482e-08, 4.7076039067e-08, 6.1106444349e-09, 1.86849358208e-09, 2.10006081969e-10, 3.21997567498e-10, 2.25009366694e-09, 6.64159660602e-09, 8.529424389e-11, 1.88647101412e-12, 8.24032699308e-15], "min": [2.20890035999e-26, 3.72872501236e-24, 4.95299335548e-25, 5.87866542142e-25, 1.43874660705e-23, 2.33532508837e-24, 3.52688114469e-24, 2.7116018794e-24, 1.34651740763e-23, 1.63479053268e-23, 1.09537060113e-23, 2.75782080596e-23, 3.1168667449e-23, 2.8158213307e-23, 4.41709537233e-23, 6.03218962593e-23, 5.73080878808e-23, 9.85961462705e-23, 1.46384197638e-22, 2.13006303118e-22, 2.11621505131e-22, 2.67849730785e-22, 3.69936056446e-22, 5.80939031518e-22, 8.70780159613e-22, 1.19161062183e-21, 1.90039252738e-21], "dmean": [0.000218809611397, 2.25416952162e-05, 3.04719997075e-05, 8.50007418194e-05, 0.000428866449511, 0.0022124950774, 0.000724748999346, 0.000395275535993, 0.000497156521305, 0.000498452340253, 0.000890682451427, 0.000757828122005, 0.000242955022259, 4.40274416178e-05, 3.95267234126e-05, 5.21965666849e-05, 4.41633528681e-05, 3.3483353036e-05, 1.18189682325e-05, 6.46679609417e-06, 2.42941655415e-06, 2.5587203254e-06, 5.00381702295e-06, 5.25960876985e-06, 8.48116769703e-07, 1.26763723074e-07, 1.14098082094e-08], "mean": [0.000207938079257, 3.11539442919e-05, 5.79534680583e-05, 0.000157649323228, 0.00101327139419, 0.00521964719519, 0.00160068843979, 0.000791853410192, 0.00108351325616, 0.00101736525539, 0.00201656203717, 0.00161005486734, 0.000398079107981, 7.65169679653e-05, 6.7642533395e-05, 0.000107913881948, 9.02914543985e-05, 6.62569000269e-05, 2.52352037933e-05, 1.00706729427e-05, 4.33494733443e-06, 4.32700562669e-06, 6.90895785738e-06, 6.24837593932e-06, 1.04460298189e-06, 1.94677980403e-07, 1.28487895878e-08], "max": [0.00207273080014, 0.000380311219487, 0.00225513405167, 0.0040195286274, 0.0186350140721, 0.160228535533, 0.0875677838922, 0.0480043888092, 0.0290386453271, 0.071947619319, 0.126325815916, 0.143518969417, 0.0562717616558, 0.00519759627059, 0.0117465145886, 0.0221590735018, 0.00285974773578, 0.00457789096981, 0.00110964954365, 0.00117997068446, 0.000287993549136, 0.000327215384459, 0.00172785483301, 0.00458072591573, 0.00036259618355, 4.68859980174e-05, 3.8467842387e-06], "dmean2": [0.00041810903349, 3.82978469133e-05, 4.48495266028e-05, 0.000132511064294, 0.000644180050585, 0.00319398054853, 0.00106200075243, 0.00059244222939, 0.000721771095414, 0.000720615091268, 0.00124002550729, 0.00101515662391, 0.000325213099131, 6.83786856825e-05, 5.96674581175e-05, 7.04513659002e-05, 6.63608298055e-05, 5.0425867812e-05, 1.79645521712e-05, 9.83215250017e-06, 3.52315669261e-06, 3.56248028766e-06, 7.13464851287e-06, 8.05428589956e-06, 1.26441250359e-06, 1.74093742089e-07, 1.6721886098e-08], "median": [0.000156296999194, 1.97292174562e-05, 6.00927933192e-06, 4.26780970884e-05, 0.000298823550111, 0.00136507442221, 0.000145779544255, 0.000137137642014, 8.27143812785e-05, 2.8633603506e-05, 7.22789409338e-05, 4.13121997553e-05, 1.01028372228e-05, 2.23406209443e-06, 1.58889906743e-06, 2.70021655524e-06, 2.72626289188e-06, 1.55385873768e-06, 9.33736089337e-07, 7.77377806571e-07, 5.75198725983e-07, 3.57467371259e-07, 2.66969493623e-07, 5.98438631982e-08, 3.51127695808e-08, 9.52937284637e-09, 5.64370439271e-10], "dvar": [4.23098178715e-08, 6.75768607739e-10, 8.44933012445e-09, 4.8605155456e-08, 8.42030431158e-07, 3.19475548167e-05, 6.96995539329e-06, 1.60632532697e-06, 2.14139845411e-06, 5.10082463734e-06, 1.07329224193e-05, 1.36484077302e-05, 1.87396108231e-06, 3.59579530596e-08, 5.72345122407e-08, 1.13006912272e-07, 1.70951199863e-08, 1.72972658419e-08, 1.7394865548e-09, 1.06753117457e-09, 7.90405588202e-11, 1.26429325342e-10, 1.5840346812e-09, 5.80048409304e-09, 6.09481423663e-11, 9.28158700071e-13, 6.201864702e-15]}, "melbands_skewness": {"dvar2": 7.9933552742, "var": 12.1994590759, "min": -2.67900156975, "dmean": 0.76661914587, "mean": 1.97272264957, "max": 98.4912414551, "dmean2": 1.16064345837, "median": 1.39333856106, "dvar": 3.24774861336}, "barkbands_skewness": {"dvar2": 4.72152376175, "var": 13.5717144012, "min": -3.55358934402, "dmean": 0.847384333611, "mean": 1.21598482132, "max": 107.880508423, "dmean2": 1.42124342918, "median": 0.792309522629, "dvar": 2.34788942337}, "erbbands": {"dvar2": [1.47711934915e-05, 8.57029226609e-06, 0.00769853033125, 0.47684982419, 1.91941154003, 36.2169342041, 448.532806396, 8471.93261719, 3790.70239258, 1498.10546875, 2344.73876953, 2604.29736328, 3968.35375977, 17817.5664062, 35287.8515625, 19966.2089844, 4653.13867188, 424.891784668, 164.625778198, 266.725524902, 495.743560791, 131.538375854, 127.603919983, 17.8413410187, 8.8337688446, 5.4944319725, 0.20930352807, 0.33703237772, 0.303084969521, 0.789621651173, 2.58360266685, 3.18240022659, 6.98826646805, 0.0493771620095, 0.00171995710116, 9.99800104182e-05, 6.29137639407e-06, 1.73095315859e-07, 5.8465848829e-10, 1.8074436392e-10], "var": [9.93010780803e-06, 7.91828188085e-06, 0.00931437406689, 0.479354828596, 1.93046975136, 46.4644203186, 932.126953125, 15329.6777344, 10401.0019531, 1549.4519043, 2279.25146484, 3878.89453125, 8673.765625, 48855.828125, 79832, 55441.4140625, 12496.6552734, 700.473754883, 197.267349243, 406.27557373, 656.307800293, 219.695953369, 157.151153564, 29.3920536041, 17.200088501, 2.54905247688, 0.171546623111, 0.545139908791, 0.440232843161, 0.636650681496, 1.85466849804, 1.63186824322, 3.79848337173, 0.0321354679763, 0.00162008206826, 7.8438417404e-05, 6.29027590549e-06, 1.39392568599e-07, 3.6301314732e-10, 6.24804374905e-10], "min": [4.24593811499e-23, 5.05600770342e-22, 1.35035639607e-21, 4.61882023244e-21, 1.21380620411e-20, 3.53802854824e-20, 3.42640569445e-20, 3.97566654589e-20, 5.85750890179e-20, 1.01245847151e-19, 1.88583957697e-19, 3.36945275832e-19, 4.3162969372e-19, 4.03897817449e-19, 8.93484928913e-19, 1.24395577098e-18, 1.86488572204e-18, 1.85868186744e-18, 2.27585800167e-18, 2.91204840105e-18, 3.8527587255e-18, 4.0498746247e-18, 4.97037155011e-18, 6.56719574616e-18, 7.59582751151e-18, 9.43496847775e-18, 9.8227126986e-18, 9.99147905026e-18, 1.07094966374e-17, 1.22746331985e-17, 1.16171280091e-17, 1.17239658299e-17, 9.41044422695e-18, 8.76678107791e-18, 6.37212505103e-18, 3.4354318376e-18, 2.33353565143e-18, 1.02220653654e-18, 2.30815754344e-19, 2.7496071635e-20], "dmean": [0.00199137232266, 0.00142337824218, 0.0204381905496, 0.179956287146, 0.380173176527, 1.62534081936, 6.27422523499, 24.9421405792, 13.6132221222, 7.3784122467, 8.56733131409, 11.4187345505, 12.3386106491, 22.9914398193, 34.3060531616, 21.2185020447, 10.9768352509, 3.40418982506, 2.00862431526, 2.06043291092, 2.58786821365, 2.54753708839, 1.93221354485, 0.746534228325, 0.564361512661, 0.211619004607, 0.0787940323353, 0.117962576449, 0.0954719856381, 0.0941711366177, 0.147545158863, 0.12520582974, 0.0810730978847, 0.0163069162518, 0.00301160989329, 0.00071076315362, 0.000241224799538, 4.37546077592e-05, 3.5407613268e-06, 5.38401354788e-06], "mean": [0.0028132731095, 0.00238103163429, 0.0405908487737, 0.346998721361, 0.7749979496, 3.67645072937, 15.9498853683, 57.4535484314, 31.3910903931, 17.1268806458, 17.2951507568, 25.4713230133, 28.8453922272, 53.802406311, 81.6650848389, 51.3206710815, 23.4061183929, 6.48031806946, 3.88717603683, 4.11259508133, 5.35177850723, 5.61746311188, 4.07172822952, 1.67020022869, 1.28379499912, 0.386675715446, 0.137094348669, 0.211493268609, 0.164068102837, 0.147473737597, 0.202671647072, 0.157340109348, 0.0927610099316, 0.0199855882674, 0.00407844036818, 0.00101299211383, 0.000365852960385, 6.24979220447e-05, 9.69525081018e-06, 1.81546620297e-05], "max": [0.0329179801047, 0.0424407310784, 1.40665173531, 7.50619840622, 23.7290172577, 93.2009811401, 408.317199707, 2012.73718262, 1373.50073242, 814.171508789, 1581.66320801, 751.574401855, 1936.13305664, 4103.45605469, 4027.48144531, 4209.51123047, 2466.86743164, 639.982971191, 234.658889771, 474.540771484, 1283.76501465, 167.819839478, 305.699371338, 67.1891098022, 66.6837387085, 74.6416473389, 11.0182533264, 14.4531478882, 14.56229496, 17.6926021576, 39.6337852478, 44.4686584473, 113.720565796, 6.7606844902, 1.73930227757, 0.407539993525, 0.0888758003712, 0.0137341730297, 0.000872055010404, 0.000243186834268], "dmean2": [0.00344668678008, 0.00240528420545, 0.0305934157223, 0.279880404472, 0.584595680237, 2.45208573341, 9.06217765808, 36.0411262512, 19.5122890472, 11.3651075363, 12.2786769867, 16.4536743164, 17.8000793457, 31.174249649, 48.2249984741, 27.3929748535, 13.9331035614, 4.8304567337, 3.00848865509, 2.81723856926, 3.39955925941, 3.78172063828, 2.88062357903, 1.0871874094, 0.817390561104, 0.314499050379, 0.120034426451, 0.167277857661, 0.132617011666, 0.131038069725, 0.209196716547, 0.184020221233, 0.131914943457, 0.0243739914149, 0.0044429525733, 0.00101657118648, 0.000322270701872, 6.20145219727e-05, 4.93109610034e-06, 7.35716002964e-06], "median": [0.001801947481, 0.00158739066683, 0.00691189337522, 0.0937660858035, 0.383872061968, 1.05419719219, 5.22909498215, 13.396147728, 5.37796115875, 4.5048956871, 3.02099633217, 2.48599791527, 2.30293941498, 2.64246869087, 3.44064068794, 1.82962656021, 0.732132673264, 0.284150928259, 0.174983739853, 0.11602460593, 0.184368878603, 0.174464017153, 0.108325608075, 0.0662721768022, 0.052580986172, 0.0378547534347, 0.0256754960865, 0.0260095484555, 0.0144258132204, 0.0114687746391, 0.00686856964603, 0.00206238334067, 0.000829283555504, 0.000455421133665, 0.000211750200833, 7.11592219886e-05, 1.78951650014e-05, 3.31634964823e-06, 4.95434005643e-06, 9.37473305385e-06], "dvar": [5.29650105818e-06, 3.5196871977e-06, 0.00347330840304, 0.201144382358, 0.864107012749, 15.4863395691, 227.369567871, 4447.72949219, 2026.70788574, 601.487121582, 1031.59838867, 1162.9173584, 1819.33764648, 10304.6113281, 17529.1328125, 10432.78125, 3019.74731445, 225.967346191, 69.7317428589, 134.841293335, 312.316833496, 58.3213577271, 53.0446739197, 8.22149753571, 4.36034822464, 2.17716908455, 0.0916667804122, 0.184074044228, 0.170070707798, 0.367595106363, 1.21101605892, 1.28415584564, 3.55115509033, 0.0244044587016, 0.000974540773313, 4.85964519612e-05, 3.40308088198e-06, 8.30236359661e-08, 2.52314502625e-10, 1.00990556196e-10]}, "silence_rate_30dB": {"dvar2": 0.01330466941, "var": 0.0088754221797, "min": 0, "dmean": 0.00575815746561, "mean": 0.991044282913, "max": 1, "dmean2": 0.0115181570873, "median": 1, "dvar": 0.00572524918243}, "melbands_spread": {"dvar2": 158.085098267, "var": 392.325469971, "min": 0.0383565761149, "dmean": 3.26202297211, "mean": 11.2828845978, "max": 245.185073853, "dmean2": 4.93251132965, "median": 7.25325727463, "dvar": 80.379196167}, "melbands_crest": {"dvar2": 27.7826347351, "var": 58.5736808777, "min": 1.61650586128, "dmean": 3.19750809669, "mean": 17.9968833923, "max": 39.9780387878, "dmean2": 5.08961868286, "median": 16.6055088043, "dvar": 11.2397680283}, "zerocrossingrate": {"dvar2": 0.000279314263025, "var": 0.00421338994056, "min": 0, "dmean": 0.00527674891055, "mean": 0.0381673835218, "max": 0.52099609375, "dmean2": 0.00597435655072, "median": 0.02490234375, "dvar": 0.00020325933292}, "barkbands_kurtosis": {"dvar2": 54630.4257812, "var": 114160.828125, "min": -1.87027597427, "dmean": 12.8681459427, "mean": 21.5304775238, "max": 14834.6503906, "dmean2": 19.9858531952, "median": 2.83880186081, "dvar": 33376.1054688}, "spectral_flux": {"dvar2": 0.00142495101318, "var": 0.00159700750373, "min": 6.36515284924e-11, "dmean": 0.0165486931801, "mean": 0.0434320271015, "max": 0.328069627285, "dmean2": 0.0270108655095, "median": 0.0304575879127, "dvar": 0.000552018580493}, "barkbands_crest": {"dvar2": 22.8208293915, "var": 32.4648590088, "min": 3.52239775658, "dmean": 2.89973306656, "mean": 14.2384681702, "max": 26.9788303375, "dmean2": 4.72497797012, "median": 13.1571826935, "dvar": 8.24869155884}, "barkbands_flatness_db": {"dvar2": 0.00230908580124, "var": 0.00765282101929, "min": 0.0588757656515, "dmean": 0.0277436580509, "mean": 0.294002503157, "max": 0.624883830547, "dmean2": 0.0429127588868, "median": 0.296072989702, "dvar": 0.000935490883421}, "spectral_entropy": {"dvar2": 0.136880204082, "var": 0.941184699535, "min": 3.76114106178, "dmean": 0.216172248125, "mean": 6.04084396362, "max": 9.82165622711, "dmean2": 0.303594201803, "median": 5.85479879379, "dvar": 0.0747657120228}, "pitch_salience": {"dvar2": 0.0136640602723, "var": 0.0248531810939, "min": 0.00418583583087, "dmean": 0.0756485313177, "mean": 0.501255512238, "max": 0.934003353119, "dmean2": 0.123450443149, "median": 0.522061645985, "dvar": 0.00522217107937}, "erbbands_spread": {"dvar2": 148.79649353, "var": 317.10925293, "min": 0.574791371822, "dmean": 4.5017786026, "mean": 16.4053211212, "max": 130.685073853, "dmean2": 6.4547753334, "median": 10.4633359909, "dvar": 78.3376541138}, "dynamic_complexity": 7.67265415192, "spectral_contrast_valleys": {"dvar2": [0.235372796655, 0.326027899981, 0.33974173665, 0.271121829748, 0.22630520165, 0.288917511702], "var": [5.28844547272, 7.73883295059, 7.31189203262, 6.37680673599, 6.22742271423, 4.83038234711], "min": [-28.1177921295, -28.0265216827, -27.8398418427, -27.6862258911, -27.5504360199, -27.4029636383], "dmean": [0.371119946241, 0.359163284302, 0.346351265907, 0.314220011234, 0.284079879522, 0.330011516809], "mean": [-9.88244247437, -8.15307998657, -9.09680461884, -10.3691930771, -10.7110586166, -13.3945121765], "max": [-7.74218702316, -4.97833919525, -5.14435052872, -6.60060119629, -7.02826786041, -8.55242538452], "dmean2": [0.625225186348, 0.58162856102, 0.567290186882, 0.499098777771, 0.427908241749, 0.491901874542], "median": [-9.57387256622, -7.66063165665, -8.67159843445, -10.0693273544, -10.2402486801, -13.1886882782], "dvar": [0.102020516992, 0.150250777602, 0.148929446936, 0.123661987484, 0.115589298308, 0.154819399118]}, "hfc": {"dvar2": 75.6180648804, "var": 327.887512207, "min": 1.07518497737e-16, "dmean": 3.1150188446, "mean": 10.4284324646, "max": 188.241699219, "dmean2": 4.10672950745, "median": 3.97960543633, "dvar": 45.2642555237}, "spectral_kurtosis": {"dvar2": 637.450622559, "var": 1458.08837891, "min": -1.40473043919, "dmean": 13.3040142059, "mean": 36.8006591797, "max": 261.107330322, "dmean2": 22.0407657623, "median": 24.1129245758, "dvar": 256.130950928}, "mfcc": {"mean": [-833.154541016, 181.924560547, 9.83259487152, 0.842151939869, -18.5252571106, -13.3523693085, -12.5711698532, -1.52128255367, -14.4009952545, -17.3676795959, -7.96017408371, 2.83427858353, 5.5368847847], "cov": [[12498.8701172, 1987.77514648, -3860.4597168, -617.74395752, -1030.48974609, -907.180480957, -696.32220459, 493.19229126, -483.196868896, -400.360565186, -92.6038589478, -121.80280304, -45.8606262207], [1987.77514648, 2498.20947266, -510.925506592, -510.417297363, -329.338775635, -318.694458008, -66.8889923096, -15.575717926, -115.815422058, -338.162475586, -136.832351685, -29.866601944, 13.4805984497], [-3860.4597168, -510.925506592, 2184.36987305, 95.2920074463, 105.731254578, 366.996887207, 284.581207275, -204.554916382, 67.1099700928, 143.14894104, -21.4476776123, 81.96144104, 27.8143844604], [-617.74395752, -510.417297363, 95.2920074463, 552.212341309, 296.514587402, -3.22435975075, -135.134246826, -45.2030105591, 100.291053772, 49.2373771667, 0.194518998265, -10.6249027252, 49.786190033], [-1030.48974609, -329.338775635, 105.731254578, 296.514587402, 567.345947266, 28.0656490326, -137.962661743, -87.732963562, 88.0608520508, 107.960578918, 18.8028373718, -55.0651092529, -17.1327285767], [-907.180480957, -318.694458008, 366.996887207, -3.22435975075, 28.0656490326, 267.818206787, 143.310897827, -51.5835075378, 33.1396446228, 58.6063957214, 27.9299793243, 37.0531387329, -13.856959343], [-696.32220459, -66.8889923096, 284.581207275, -135.134246826, -137.962661743, 143.310897827, 367.646362305, 91.990852356, -51.5927200317, 21.7781639099, 58.8342781067, 25.1985645294, -27.6614189148], [493.19229126, -15.575717926, -204.554916382, -45.2030105591, -87.732963562, -51.5835075378, 91.990852356, 230.577377319, -34.4715881348, -13.9308004379, 24.9134082794, -35.0795326233, -21.0169143677], [-483.196868896, -115.815422058, 67.1099700928, 100.291053772, 88.0608520508, 33.1396446228, -51.5927200317, -34.4715881348, 159.401428223, 10.4826040268, -38.8410797119, 1.77203392982, 10.245059967], [-400.360565186, -338.162475586, 143.14894104, 49.2373771667, 107.960578918, 58.6063957214, 21.7781639099, -13.9308004379, 10.4826040268, 175.493545532, 63.4080352783, -20.9138641357, -28.2343597412], [-92.6038589478, -136.832351685, -21.4476776123, 0.194518998265, 18.8028373718, 27.9299793243, 58.8342781067, 24.9134082794, -38.8410797119, 63.4080352783, 156.966247559, 14.129904747, -39.8869819641], [-121.80280304, -29.866601944, 81.96144104, -10.6249027252, -55.0651092529, 37.0531387329, 25.1985645294, -35.0795326233, 1.77203392982, -20.9138641357, 14.129904747, 108.383728027, 26.9432125092], [-45.8606262207, 13.4805984497, 27.8143844604, 49.786190033, -17.1327285767, -13.856959343, -27.6614189148, -21.0169143677, 10.245059967, -28.2343597412, -39.8869819641, 26.9432125092, 108.268371582]], "icov": [[0.000362543214578, -0.000138135292218, 0.000478718429804, -0.000124194426462, 0.000609320821241, -0.000161788077094, 0.00075905979611, -0.000428703817306, 0.000818548491225, -0.000390950503061, 0.000343641237123, -0.000157853588462, 0.000277792772977], [-0.000138135292218, 0.000872406817507, -0.000178833419341, 0.000760562310461, -0.000337507110089, 0.000953937822487, -0.000526362739038, 0.000752091407776, -0.000329314847477, 0.00141505699139, -0.000138172472361, 0.000500904861838, -0.000166106925462], [0.000478718429804, -0.000178833419341, 0.00137076573446, -0.000338079087669, 0.000763084681239, -0.000648676417768, 0.000306074711261, 9.47313310462e-05, 0.00108006165829, -0.000983188743703, 0.000978064490482, -0.000413401634432, 0.000267276918748], [-0.000124194426462, 0.000760562310461, -0.000338079087669, 0.00368948676623, -0.00164047500584, 0.000882764463313, 0.000261533365119, 6.19645943516e-05, -0.00136186147574, 0.00125314644538, -0.000849874515552, 0.000324492692016, -0.001762978849], [0.000609320821241, -0.000337507110089, 0.000763084681239, -0.00164047500584, 0.00426540663466, -0.000746193225496, 0.00201098574325, -5.11764264957e-05, 0.000834685342852, -0.0018533107359, 0.000203908930416, 0.00110058952123, 0.00118070107419], [-0.000161788077094, 0.000953937822487, -0.000648676417768, 0.000882764463313, -0.000746193225496, 0.00802405364811, -0.0035438677296, 0.00260234205052, -0.00202253786847, 0.000364685751265, -0.000232638049056, -0.000782937451731, 0.000477669120301], [0.00075905979611, -0.000526362739038, 0.000306074711261, 0.000261533365119, 0.00201098574325, -0.0035438677296, 0.00769809214398, -0.00405696313828, 0.0027512726374, -0.000870823394507, -0.000545302114915, -0.0006870260695, 0.000714710098691], [-0.000428703817306, 0.000752091407776, 9.47313310462e-05, 6.19645943516e-05, -5.11764264957e-05, 0.00260234205052, -0.00405696313828, 0.00798215344548, -0.00127536884975, 0.00140036514495, -0.000912486982998, 0.0026830106508, -8.10163874121e-06], [0.000818548491225, -0.000329314847477, 0.00108006165829, -0.00136186147574, 0.000834685342852, -0.00202253786847, 0.0027512726374, -0.00127536884975, 0.0103074256331, -0.00128850212786, 0.00327802239917, -0.00121680961456, 0.00126415595878], [-0.000390950503061, 0.00141505699139, -0.000983188743703, 0.00125314644538, -0.0018533107359, 0.000364685751265, -0.000870823394507, 0.00140036514495, -0.00128850212786, 0.0110893743113, -0.00397143466398, 0.00310613517649, -8.49646385177e-05], [0.000343641237123, -0.000138172472361, 0.000978064490482, -0.000849874515552, 0.000203908930416, -0.000232638049056, -0.000545302114915, -0.000912486982998, 0.00327802239917, -0.00397143466398, 0.0105484323576, -0.00350051908754, 0.00339973974042], [-0.000157853588462, 0.000500904861838, -0.000413401634432, 0.000324492692016, 0.00110058952123, -0.000782937451731, -0.0006870260695, 0.0026830106508, -0.00121680961456, 0.00310613517649, -0.00350051908754, 0.0133150061592, -0.00343096698634], [0.000277792772977, -0.000166106925462, 0.000267276918748, -0.001762978849, 0.00118070107419, 0.000477669120301, 0.000714710098691, -8.10163874121e-06, 0.00126415595878, -8.49646385177e-05, 0.00339973974042, -0.00343096698634, 0.0125102140009]]}, "silence_rate_20dB": {"dvar2": 0, "var": 0, "min": 1, "dmean": 0, "mean": 1, "max": 1, "dmean2": 0, "median": 1, "dvar": 0}, "melbands_kurtosis": {"dvar2": 138079.53125, "var": 80984.6875, "min": -1.90143942833, "dmean": 16.5014877319, "mean": 25.1196670532, "max": 12814.9316406, "dmean2": 25.0891304016, "median": 4.85404062271, "dvar": 53559.4882812}, "barkbands_spread": {"dvar2": 66.8292388916, "var": 106.432533264, "min": 0.0269296821207, "dmean": 2.80744671822, "mean": 8.07685852051, "max": 107.802276611, "dmean2": 4.36123466492, "median": 5.61622714996, "dvar": 35.7955245972}, "erbbands_skewness": {"dvar2": 0.755660712719, "var": 2.10633063316, "min": -4.72745466232, "dmean": 0.528112232685, "mean": 1.07447302341, "max": 9.44544315338, "dmean2": 0.764563679695, "median": 0.915155231953, "dvar": 0.379112154245}, "average_loudness": 0.304179996252, "spectral_centroid": {"dvar2": 110113.835938, "var": 1861598.25, "min": 195.649520874, "dmean": 103.329360962, "mean": 802.555236816, "max": 11947.8603516, "dmean2": 148.663009644, "median": 534.825927734, "dvar": 62610.7773438}, "dissonance": {"dvar2": 0.00515649374574, "var": 0.00617152359337, "min": 0.0697598308325, "dmean": 0.0449484474957, "mean": 0.36155962944, "max": 0.499999940395, "dmean2": 0.0753925964236, "median": 0.37111017108, "dvar": 0.0018824065337}, "erbbands_flatness_db": {"dvar2": 0.00119881657884, "var": 0.00653187464923, "min": 0.029655572027, "dmean": 0.0212905351073, "mean": 0.314049452543, "max": 0.520300984383, "dmean2": 0.0303296912462, "median": 0.329504787922, "dvar": 0.000640792888589}, "spectral_strongpeak": {"dvar2": 1.36407208443, "var": 3.99226570129, "min": 0, "dmean": 0.485947459936, "mean": 1.49227452278, "max": 16.0545558929, "dmean2": 0.733706176281, "median": 0.784765064716, "dvar": 0.681310594082}, "spectral_rms": {"dvar2": 9.04277555946e-07, "var": 5.36149354957e-06, "min": 3.14185201293e-12, "dmean": 0.000530625286046, "mean": 0.00315102050081, "max": 0.0142092229798, "dmean2": 0.000739215698559, "median": 0.00282486854121, "dvar": 5.2480100976e-07}, "silence_rate_60dB": {"dvar2": 0.0965076312423, "var": 0.226412624121, "min": 0, "dmean": 0.0492642372847, "mean": 0.346393734217, "max": 1, "dmean2": 0.0985442325473, "median": 0, "dvar": 0.0468383990228}, "melbands": {"dvar2": [1.50294299228e-09, 1.09481779198e-09, 1.61193423054e-08, 4.71714116657e-08, 3.68781428506e-07, 3.34050787387e-06, 7.56010820169e-07, 1.62885925192e-07, 1.86913041489e-07, 1.17925331722e-07, 1.17808056643e-07, 3.03262822854e-07, 3.35822392117e-07, 3.50292907569e-07, 9.93828166429e-08, 2.61976467186e-08, 9.37378286103e-10, 4.79325468206e-10, 1.40113953773e-09, 9.86725590124e-10, 5.48103673559e-10, 1.88539225898e-10, 1.70655017895e-10, 6.01871052996e-11, 1.26067307635e-11, 4.7324427363e-12, 5.43011859436e-12, 3.44371644916e-12, 7.40315943856e-14, 8.63020456965e-14, 1.71526082725e-13, 1.24830592911e-13, 1.35427734023e-13, 4.07958606133e-13, 7.25486185883e-13, 3.62223879363e-12, 6.81520053065e-13, 7.6062741175e-12, 1.06718772003e-13, 1.71461508322e-14], "var": [7.78891673381e-10, 1.35184674566e-09, 1.64616320575e-08, 5.47305134546e-08, 7.61852788855e-07, 6.07282208875e-06, 1.93769346879e-06, 1.64752293585e-07, 1.79036263148e-07, 1.72929688347e-07, 2.53430869179e-07, 7.5895371765e-07, 7.35070727842e-07, 7.81294943408e-07, 4.82452549022e-07, 5.58130679451e-08, 1.10105191631e-09, 4.83616535707e-10, 2.02761296642e-09, 1.54400081609e-09, 5.63403990128e-10, 3.30775906665e-10, 1.9386808825e-10, 8.06481131876e-11, 1.68733187145e-11, 8.73547414959e-12, 8.78784978814e-12, 8.6559589791e-13, 5.58931597023e-14, 9.73388511179e-14, 2.58777537159e-13, 1.78844040814e-13, 1.24063750267e-13, 2.67725024008e-13, 5.50404394371e-13, 1.46759470895e-12, 3.82675228311e-13, 3.98435451299e-12, 7.19434074489e-14, 1.10306127635e-14], "min": [8.3979272349e-25, 8.54225130967e-25, 1.64322822837e-24, 1.18655734059e-24, 2.11409634446e-24, 8.6550012267e-25, 8.39677845621e-25, 1.12741683295e-24, 2.44494421368e-24, 1.62439299096e-24, 2.07460991185e-24, 1.28409999152e-24, 2.16608918065e-24, 2.86618864011e-24, 3.18684955403e-24, 3.2671597357e-24, 2.97923260504e-24, 2.51381019299e-24, 3.02301004655e-24, 4.0585201467e-24, 3.17090983058e-24, 3.61727671582e-24, 3.01155913886e-24, 3.92081855923e-24, 3.94285144432e-24, 5.32065381327e-24, 5.4523632133e-24, 5.04296373058e-24, 4.9164059867e-24, 4.42934551444e-24, 4.58052912921e-24, 5.91942882262e-24, 5.13140805426e-24, 6.01214522253e-24, 5.16346893917e-24, 5.72544713716e-24, 6.43228899078e-24, 6.68612391969e-24, 6.45663205502e-24, 6.44647902074e-24], "dmean": [2.07385455724e-05, 7.52170080887e-06, 3.45841654052e-05, 5.87938884564e-05, 0.000195185901248, 0.000508480763528, 0.000194577049115, 8.12131402199e-05, 7.08475781721e-05, 7.57915549912e-05, 6.54421091895e-05, 9.38012526603e-05, 0.000113185502414, 8.66630725795e-05, 4.30450309068e-05, 1.99138285097e-05, 4.75167144032e-06, 3.37529627359e-06, 3.16460113936e-06, 3.80146275347e-06, 2.71214776149e-06, 3.01612249132e-06, 2.16721787183e-06, 1.41975192491e-06, 5.84827432704e-07, 4.28280429787e-07, 3.82949252753e-07, 1.04555979874e-07, 4.73614143459e-08, 5.50226424423e-08, 7.82053604098e-08, 6.03246022024e-08, 4.74297934261e-08, 6.14780120145e-08, 8.47073664545e-08, 1.0175394749e-07, 6.60440306888e-08, 7.43769774658e-08, 2.28190391027e-08, 1.01900168303e-08], "mean": [2.64351347141e-05, 1.4715235011e-05, 6.84181650286e-05, 0.000125940568978, 0.000499732443132, 0.00118091830518, 0.000444165692898, 0.000182392424904, 0.00013781231246, 0.000164755867445, 0.000145671103382, 0.000209708217881, 0.000255519466009, 0.000193266096176, 0.000107476334961, 3.34364121954e-05, 8.22392939881e-06, 5.90172203374e-06, 5.48768821318e-06, 8.01842361398e-06, 5.10819472765e-06, 6.30032900517e-06, 4.14315627495e-06, 2.8556144116e-06, 1.16763055757e-06, 9.54977963374e-07, 7.43369128031e-07, 1.42536393355e-07, 7.35405407681e-08, 9.18828604313e-08, 1.34754913006e-07, 9.77330643082e-08, 7.15207519875e-08, 8.75949410784e-08, 1.13967175253e-07, 1.25151288444e-07, 8.12039431253e-08, 7.94813814764e-08, 2.82833969578e-08, 1.1980602288e-08], "max": [0.0002808724239, 0.00053996569477, 0.0016007127706, 0.00350347836502, 0.0109941959381, 0.0388879291713, 0.0206258557737, 0.00863151345402, 0.0145742418244, 0.00506131025031, 0.0103901745752, 0.0166440308094, 0.014105046168, 0.0170997641981, 0.0131134586409, 0.00778671028093, 0.000624472391792, 0.000513211009093, 0.00130668410566, 0.00158986565657, 0.00125726743136, 0.000247145217145, 0.000295820063911, 0.000181936877198, 5.90539530094e-05, 3.52449533239e-05, 7.84196745371e-05, 6.16220131633e-05, 5.24007964486e-06, 8.3084050857e-06, 1.09512202471e-05, 1.08489512058e-05, 9.69934444583e-06, 1.26636132336e-05, 2.06854438147e-05, 6.77977950545e-05, 1.86553570529e-05, 0.000121137331007, 1.02859376057e-05, 3.69946565115e-06], "dmean2": [3.7832702219e-05, 1.11589315566e-05, 5.300558405e-05, 9.09154259716e-05, 0.000282650347799, 0.00073395378422, 0.000281429878669, 0.000125531703816, 0.000100905170257, 0.000109779073682, 9.43901177379e-05, 0.000128044950543, 0.000155880872626, 0.000116847870231, 5.38419371878e-05, 2.62247467617e-05, 7.22480262993e-06, 5.10295467393e-06, 4.81880624648e-06, 5.01406202602e-06, 3.69165900338e-06, 4.46174681201e-06, 3.25533255818e-06, 2.10130747291e-06, 8.81654727891e-07, 6.37721484509e-07, 5.53674794901e-07, 1.68316361737e-07, 7.29193629923e-08, 8.10451581401e-08, 1.12344231695e-07, 8.57974100654e-08, 6.83277079361e-08, 8.83728219492e-08, 1.20132085613e-07, 1.54791749196e-07, 9.78049072842e-08, 1.21210746329e-07, 3.51049571634e-08, 1.57125814582e-08], "median": [1.76543308044e-05, 2.18711556954e-06, 2.34886665567e-05, 4.14662063122e-05, 0.000182010742719, 0.000294286059216, 7.29942912585e-05, 4.34700632468e-05, 1.82805870281e-05, 1.19871019706e-05, 7.83873110777e-06, 6.08127720625e-06, 1.01009054561e-05, 6.10415690971e-06, 1.62571609508e-06, 8.40674772462e-07, 2.75408865491e-07, 2.34928677401e-07, 1.08794289133e-07, 1.62139443205e-07, 1.84093281064e-07, 1.80218776791e-07, 9.25300156496e-08, 6.9748317344e-08, 3.86770402372e-08, 3.16743182793e-08, 2.72143854119e-08, 1.76755055037e-08, 1.15279705781e-08, 1.18155325524e-08, 1.41252485264e-08, 6.9117924717e-09, 5.12927611496e-09, 5.65275382058e-09, 4.07624023424e-09, 1.69934488703e-09, 8.92248663842e-10, 5.0154980169e-10, 3.7638039907e-10, 3.17356974033e-10], "dvar": [4.95903096365e-10, 5.01651276075e-10, 7.04948543984e-09, 1.97464089524e-08, 1.86695785942e-07, 1.7523001361e-06, 3.97912089056e-07, 6.34219006201e-08, 8.06922315633e-08, 5.19967038315e-08, 5.41457296777e-08, 1.75077005338e-07, 1.70265067823e-07, 1.74456403101e-07, 6.51060574341e-08, 1.77038899096e-08, 4.23614615608e-10, 2.12792686249e-10, 6.19221229847e-10, 5.94842064494e-10, 3.12943310155e-10, 8.70122793262e-11, 7.34426963689e-11, 2.5989226396e-11, 5.56712922289e-12, 2.17467667138e-12, 2.84900336829e-12, 1.24795790021e-12, 3.08019770443e-14, 4.39131966467e-14, 8.98382795022e-14, 6.79176360334e-14, 6.78900701932e-14, 1.76200959205e-13, 3.43378320569e-13, 1.39799229051e-12, 2.88313535372e-13, 3.81854790843e-12, 5.39529595859e-14, 8.15026028573e-15]}, "spectral_skewness": {"dvar2": 1.79124104977, "var": 5.66163253784, "min": -0.34060421586, "dmean": 0.858173251152, "mean": 4.07077550888, "max": 13.1456356049, "dmean2": 1.40367686749, "median": 3.61882448196, "dvar": 0.729553937912}, "melbands_flatness_db": {"dvar2": 