{"tonal": {"thpcp": [1, 0.550350129604, 0.224208310246, 0.134063780308, 0.115419700742, 0.265832334757, 0.37247300148, 0.393456339836, 0.61699205637, 0.580539524555, 0.259464532137, 0.144492462277, 0.155029907823, 0.328536450863, 0.630623221397, 0.544012606144, 0.225411370397, 0.144998297095, 0.147133812308, 0.197875544429, 0.366218954325, 0.406131386757, 0.390181332827, 0.560803949833, 0.471311539412, 0.211333960295, 0.156254947186, 0.165783062577, 0.208711788058, 0.33645927906, 0.347398966551, 0.197246029973, 0.11829444766, 0.11279681325, 0.216465681791, 0.74688076973], "hpcp": {"dmean2": [0.171325907111, 0.134048387408, 0.0911435335875, 0.0960406512022, 0.114589758217, 0.152409419417, 0.154642477632, 0.17801232636, 0.164777457714, 0.14840939641, 0.124609299004, 0.0932192280889, 0.0897798761725, 0.110387705266, 0.128566786647, 0.121443279088, 0.109347395599, 0.0876355022192, 0.083327896893, 0.12459333241, 0.230477765203, 0.193924471736, 0.194603055716, 0.137041911483, 0.0917554795742, 0.0794384106994, 0.114679858088, 0.132924988866, 0.184740722179, 0.200896501541, 0.186455383897, 0.163783997297, 0.106580004096, 0.10766454041, 0.167228594422, 0.163364306092], "median": [0.0258570406586, 0.0160341002047, 0.00896681658924, 0.00663952110335, 0.0164987258613, 0.040096398443, 0.0413765572011, 0.0289005450904, 0.0300189908594, 0.0234186351299, 0.0127648012713, 0.00934241339564, 0.00915268529207, 0.0130010889843, 0.0197427533567, 0.0162646006793, 0.00829897634685, 0.00532673904672, 0.00487222336233, 0.0217013265938, 0.105690404773, 0.106533877552, 0.0425694100559, 0.0097831459716, 0.0057524475269, 0.0072955545038, 0.0150800449774, 0.0195463076234, 0.0412373431027, 0.0565961115062, 0.0476104728878, 0.0200825892389, 0.00925324205309, 0.00850528292358, 0.0174590460956, 0.0311363115907], "min": [0, 0, 0, 0, 0, 0, 0, 0, 0, 0, 0, 0, 0, 0, 0, 0, 0, 0, 0, 0, 0, 0, 0, 0, 0, 0, 0, 0, 0, 0, 0, 0, 0, 0, 0, 0], "dvar2": [0.088328152895, 0.0656610354781, 0.0425581075251, 0.0464773401618, 0.0554541200399, 0.0753506273031, 0.0746822729707, 0.092800706625, 0.0821094512939, 0.0705670490861, 0.0697385817766, 0.0483136624098, 0.0428271219134, 0.0595752969384, 0.0648074671626, 0.0652507022023, 0.0624043941498, 0.0513323433697, 0.0471821390092, 0.0582595951855, 0.102352008224, 0.0895581617951, 0.0878814980388, 0.0851850062609, 0.0512017682195, 0.0396734289825, 0.053456004709, 0.0663558617234, 0.0912273004651, 0.0912947654724, 0.087838999927, 0.0910084322095, 0.0605146586895, 0.0593480467796, 0.0952327400446, 0.0741499513388], "dvar": [0.0349913313985, 0.0232817772776, 0.0148940868676, 0.0165005940944, 0.0198150575161, 0.0277665182948, 0.0295245740563, 0.0344922728837, 0.0328558385372, 0.0291228238493, 0.0254942923784, 0.01752047427, 0.0159047599882, 0.0213169213384, 0.0246098712087, 0.0260701179504, 0.0220033191144, 0.0184380635619, 0.016837593168, 0.0207912698388, 0.0392241999507, 0.0437566116452, 0.0335652790964, 0.0310132410377, 0.0179714821279, 0.0138153126463, 0.0196206569672, 0.0256043430418, 0.0323340184987, 0.0375344529748, 0.0360914729536, 0.031918335706, 0.0213748533279, 0.0213434547186, 0.0346660390496, 0.0318766869605], "dmean": [0.102518610656, 0.0755409896374, 0.0501863099635, 0.0534187033772, 0.0648873746395, 0.088715583086, 0.0906368419528, 0.10457675904, 0.0958691462874, 0.0880444124341, 0.0708465576172, 0.0525283738971, 0.0516910478473, 0.0632340013981, 0.0759923905134, 0.0708547011018, 0.0606562569737, 0.0480105578899, 0.0457768440247, 0.0705763325095, 0.136017382145, 0.117032967508, 0.113330200315, 0.0762095674872, 0.0505205281079, 0.0440115742385, 0.065960355103, 0.0764251425862, 0.106646157801, 0.119197748601, 0.109162077308, 0.0915041863918, 0.0579651817679, 0.0599755123258, 0.096282184124, 0.0970320627093], "max": [1, 1, 1, 1, 1, 1, 1, 1, 1, 1, 1, 1, 1, 1, 1, 1, 1, 1, 1, 1, 1, 1, 1, 1, 1, 1, 1, 1, 1, 1, 1, 1, 1, 1, 1, 1], "var": [0.0875841751695, 0.0211016722023, 0.0139950476587, 0.0153505150229, 0.0195921361446, 0.0424884893, 0.0549099035561, 0.0489664189517, 0.0991672202945, 0.0780495628715, 0.0239908024669, 0.0172841511667, 0.0189676005393, 0.0247838646173, 0.047070261091, 0.0592986047268, 0.0246274918318, 0.0139653505757, 0.0123084941879, 0.0180766731501, 0.0821945294738, 0.155288398266, 0.0624448284507, 0.0348555222154, 0.0141323450953, 0.0100274998695, 0.0312274508178, 0.0606792382896, 0.0410483442247, 0.0902648940682, 0.0911810696125, 0.0284086372703, 0.0155296307057, 0.0174271948636, 0.0418467633426, 0.109807796776], "mean": [0.180223420262, 0.0746754854918, 0.0480358116329, 0.0487432777882, 0.0655532702804, 0.121322982013, 0.134545385838, 0.129261359572, 0.185786142945, 0.15613861382, 0.0700118467212, 0.0517649762332, 0.0549215003848, 0.0691431611776, 0.111464031041, 0.115088187158, 0.0653447210789, 0.0391892194748, 0.0373679324985, 0.0717119127512, 0.247430667281, 0.331285357475, 0.182322949171, 0.0742769315839, 0.0444133654237, 0.0382368564606, 0.0880663618445, 0.123394846916, 0.13034632802, 0.20440043509, 0.192324236035, 0.0859567970037, 0.0478682368994, 0.0513591393828, 0.108839318156, 0.208916246891]}, "tuning_equal_tempered_deviation": 0.177171394229, "chords_changes_rate": 0.0623802058399, "key_key": "B", "tuning_diatonic_strength": 0.529967486858, "key_scale": "major", "chords_number_rate": 0.00209095655009, "tuning_frequency": 444.085327148, "tuning_nontempered_energy_ratio": 0.866517186165, "chords_histogram": [18.5572395325, 5.81982946396, 6.11604785919, 0.121972471476, 0.0871231928468, 0.435615956783, 0.609862327576, 0, 0.0348492786288, 0, 0.226520299911, 0, 0.696985542774, 5.01829576492, 9.47900295258, 17.1458435059, 0.400766670704, 3.01446247101, 0.993204414845, 1.35912179947, 2.14323043823, 2.80536675453, 3.83342051506, 21.1012363434], "key_strength": 0.65970236063, "chords_key": "G#", "chords_strength": {"dmean2": 0.00922030117363, "median": 0.563631355762, "min": -1, "dvar2": 0.000717563380022, "dvar": 0.0003972662671, "dmean": 0.00971403904259, "max": 0.846198379993, "var": 0.0173433758318, "mean": 0.55296343565}, "chords_scale": "minor", "hpcp_entropy": {"dmean2": 1.07075238228, "median": 2.02413010597, "min": 0, "dvar2": 0.791626214981, "dvar": 0.280890226364, "dmean": 0.633171141148, "max": 4.3963932991, "var": 0.569336473942, "mean": 2.01030778885}}, "metadata": {"audio_properties": {"equal_loudness": 0, "codec": "flac", "downmix": "mix", "sample_rate": 44100, "analysis_sample_rate": 44100, "bit_rate": 0, "md5_encoded": "c22f1e865c86d7cc25bbbcd3643ade6b", "length": 266.445892334, "replay_gain": -12.9498977661, "lossless": true}, "version": {"essentia_build_sha": "70f2e5ece6736b2c40cc944ad0e695b16b925413", "essentia": "2.1-beta2", "extractor": "music 1.0", "essentia_git_sha": "v2.1_beta2"}, "tags": {"title": ["Milk (Siren mix)"], "media": ["Digital Media"], "albumartist": ["Garbage"], "tracktotal": ["41"], "musicbrainz_releasegroupid": ["dcad245f-9d95-3751-9e69-d50ca399b46a"], "releasetype": ["album"], "musicbrainz_recordingid": ["0ac3143e-3a5f-4215-bf8f-47a1ef6d33bc"], "musicbrainz_albumartistid": ["f9ef7a22-4262-4596-a2a8-1d19345b8e50"], "musicbrainz_releasetrackid": ["25619ac4-c4b1-4f99-90f6-6658eab6e924"], "discnumber": ["2"], "album": ["Garbage"], "releasecountry": ["GB"], "albumartistsort": ["Garbage"], "date": ["2015-10-02"], "file_name": "16 - Milk (Siren mix).flac", "disctotal": ["2"], "acoustid_id": ["14dfbee9-bdd5-4038-be02-a0541e8f3920"], "musicbrainz_artistid": ["f9ef7a22-4262-4596-a2a8-1d19345b8e50"], "originaldate": ["1995"], "musicbrainz_albumid": ["a7fd961e-b1c4-48f7-86eb-72dc3c857a0e"], "tracknumber": ["16"], "artistsort": ["Garbage"], "artist": ["Garbage"], "label": ["STUNVOLUME"], "totaltracks": ["41"], "totaldiscs": ["2"], "script": ["Latn"], "releasestatus": ["official"]}}, "rhythm": {"bpm_histogram_first_peak_bpm": {"dmean2": 0, "median": 96, "min": 96, "dvar2": 0, "dvar": 0, "dmean": 0, "max": 96, "var": 0, "mean": 96}, "bpm": 95.0033111572, "bpm_histogram_second_peak_spread": {"dmean2": 0, "median": 0, "min": 0, "dvar2": 0, "dvar": 0, "dmean": 0, "max": 0, "var": 0, "mean": 0}, "bpm_histogram_first_peak_weight": {"dmean2": 0, "median": 0.602380931377, "min": 0.602380931377, "dvar2": 0, "dvar": 0, "dmean": 0, "max": 0.602380931377, "var": 0, "mean": 0.602380931377}, "onset_rate": 3.68534779549, "beats_position": [0.66176867485, 1.31192743778, 1.95047616959, 2.58902478218, 3.22757363319, 3.85451245308, 4.48145103455, 5.10838985443, 5.74693870544, 6.38548755646, 7.01242637634, 7.63936471939, 8.26630401611, 8.893242836, 9.53179073334, 10.1703395844, 10.7972784042, 11.4358272552, 12.0627660751, 12.689704895, 13.328253746, 13.9551925659, 14.5937414169, 15.2322902679, 15.8592290878, 16.4861679077, 17.1131057739, 17.7516555786, 18.390203476, 19.0171432495, 19.6440811157, 20.2710208893, 20.8979587555, 21.5248966217, 22.1634464264, 22.8019943237, 23.4289340973, 24.0558719635, 24.6944217682, 25.3329696655, 25.9599094391, 26.5868473053, 27.2137870789, 27.8407249451, 28.4792747498, 29.1178226471, 29.7447605133, 30.3717002869, 31.0102481842, 31.6371879578, 32.2757377625, 32.9026756287, 33.5412254333, 34.1681632996, 34.8067131042, 35.4336509705, 36.0605888367, 36.6875267029, 37.3260765076, 37.9530143738, 38.5915641785, 39.2185020447, 39.8454399109, 40.4839897156, 41.1109275818, 41.7378692627, 42.3764152527, 43.0149650574, 43.6535148621, 44.2804527283, 44.9073905945, 45.5459403992, 46.1844902039, 46.8114280701, 47.4383659363, 48.0653038025, 48.6922454834, 49.3191833496, 49.9461212158, 50.5846710205, 51.2232208252, 51.8501586914, 52.4887046814, 53.1272544861, 53.7541923523, 54.3811340332, 55.0080718994, 55.6466217041, 56.2851676941, 56.912109375, 57.5390472412, 58.1775970459, 58.8161430359, 59.4430847168, 60.070022583, 60.6969604492, 61.3238983154, 61.9508361816, 62.5777778625, 63.2163238525, 63.8548736572, 64.4818115234, 65.1203613281, 65.7589111328, 66.385848999, 67.0127868652, 67.6397247314, 68.2666625977, 68.9052124023, 69.543762207, 70.1707000732, 70.7976379395, 71.4245758057, 72.0631256104, 72.701675415, 73.3286132812, 73.9555511475, 74.5824966431, 75.2210388184, 75.859588623, 76.4865264893, 77.1134643555, 77.7404098511, 78.3789520264, 79.0175018311, 79.6444396973, 80.2713851929, 80.9099273682, 81.5484771729, 82.1754150391, 82.8023605347, 83.4292984009, 84.0678405762, 84.6947860718, 85.3333282471, 85.9602737427, 86.5872116089, 87.2257614136, 87.8643035889, 88.4912490845, 89.1181869507, 89.7567367554, 90.3952789307, 91.0222167969, 91.6491622925, 92.2761001587, 92.9030380249, 93.5415878296, 94.1801376343, 94.8070755005, 95.4340133667, 96.0609512329, 96.6995010376, 97.3380508423, 97.9649887085, 98.5919265747, 99.2188644409, 99.8458023071, 100.484352112, 101.122901917, 101.749839783, 102.376777649, 103.015327454, 103.653877258, 104.280815125, 104.907752991, 105.534690857, 106.161628723, 106.800178528, 107.438728333, 108.065666199, 108.704216003, 109.342765808, 109.969703674, 110.596641541, 111.223579407, 111.850517273, 112.489067078, 113.127616882, 113.754554749, 114.381492615, 115.008430481, 115.646980286, 116.28553009, 116.912467957, 117.539405823, 118.166343689, 118.804893494, 119.443443298, 120.070381165, 120.697319031, 121.324264526, 121.951202393, 122.578140259, 123.216690063, 123.855232239, 124.482177734, 125.12071991, 125.759269714, 126.386207581, 127.013153076, 127.640090942, 128.278640747, 128.917190552, 129.544128418, 130.171066284, 130.79800415, 131.436553955, 132.07510376, 132.702041626, 133.328979492, 133.967529297, 134.606079102, 135.233016968, 135.859954834, 136.498504639, 137.125442505, 137.752380371, 138.379318237, 139.006256104, 139.644805908, 140.271743774, 140.898681641, 141.537231445, 142.17578125, 142.802719116, 143.441268921, 144.079818726, 144.706756592, 145.333694458, 145.960632324, 146.599182129, 147.237731934, 147.8646698, 148.491607666, 149.118545532, 149.745483398, 150.384033203, 151.022583008, 151.649520874, 152.27645874, 152.915008545, 153.55355835, 154.180496216, 154.807434082, 155.434371948, 156.061309814, 156.699859619, 157.338409424, 157.96534729, 158.592285156, 159.230834961, 159.869384766, 160.496322632, 161.123260498, 161.750198364, 162.388748169, 163.015686035, 163.65423584, 164.281173706, 164.908111572, 165.535049438, 166.173599243, 166.812149048, 167.439086914, 168.06602478, 168.704574585, 169.34312439, 169.970062256, 170.597000122, 171.223937988, 171.862487793, 172.501037598, 173.127975464, 173.75491333, 174.393463135, 175.032012939, 175.658950806, 176.285888672, 176.912826538, 177.539764404, 178.166702271, 178.805252075, 179.432189941, 180.070739746, 180.697677612, 181.336227417, 181.963165283, 182.601715088, 183.228652954, 183.85559082, 184.482528687, 185.121078491, 185.759628296, 186.386566162, 187.013504028, 187.652053833, 188.290603638, 188.917541504, 189.54447937, 190.171432495, 190.798370361, 191.425308228, 192.052246094, 192.690795898, 193.329345703, 193.956283569, 194.583221436, 195.22177124, 195.860321045, 196.487258911, 197.114196777, 197.741134644, 198.36807251, 199.018234253, 199.656768799, 200.295318604, 200.92225647, 201.549209595, 202.176147461, 202.814697266, 203.453231812, 204.080184937, 204.707122803, 205.334060669, 205.972610474, 206.59954834, 207.238098145, 207.865036011, 208.491973877, 209.118911743, 209.757461548, 210.384399414, 211.01133728, 211.649887085, 212.276824951, 212.915374756, 213.553924561, 214.180862427, 214.819412231, 215.446350098, 216.084899902, 216.711837769, 217.338775635, 217.965713501, 218.592651367, 219.219589233, 219.858139038, 220.496688843, 221.123626709, 221.750564575, 222.38911438, 223.016052246, 223.654602051, 224.281539917, 224.920089722, 225.558639526, 226.185577393, 226.812515259, 227.439453125, 228.066390991, 228.693328857, 229.331878662, 229.970428467, 230.597366333, 231.224304199, 231.851242065, 232.48979187, 233.128341675, 233.755279541, 234.382217407, 235.020767212, 235.659317017, 236.286254883, 236.913192749, 237.540130615, 238.17868042, 238.817230225, 239.444168091, 240.071105957, 240.698043823, 241.324981689, 241.951919556, 242.59046936, 243.229019165, 243.855957031, 244.494506836, 245.133056641, 245.759994507, 246.386932373, 247.025482178, 247.664031982, 248.290969849, 248.917907715, 249.544845581, 250.171783447, 250.798721313, 251.437271118, 252.075820923, 252.702758789, 253.329696655, 253.956634521, 254.595184326, 255.233734131, 255.860671997, 256.487609863, 257.114562988, 257.741485596, 258.368438721, 259.006988525, 259.64553833, 260.272460938, 260.899414062, 261.52633667, 262.164886475, 262.803436279, 263.430389404, 264.057312012, 264.684265137, 265.311187744, 265.938140869], "beats_loudness": {"dmean2": 0.0352612733841, "median": 0.0597348213196, "min": 1.848355069e-08, "dvar2": 0.00118139875121, "dvar": 0.000403926271247, "dmean": 0.0206713043153, "max": 0.203542947769, "var": 0.00131556577981, "mean": 0.0581922009587}, "danceability": 0.911252200603, "bpm_histogram_second_peak_weight": {"dmean2": 0, "median": 0, "min": 0, "dvar2": 0, "dvar": 0, "dmean": 0, "max": 0, "var": 0, "mean": 0}, "beats_count": 421, "bpm_histogram_second_peak_bpm": {"dmean2": 0, "median": 0, "min": 0, "dvar2": 0, "dvar": 0, "dmean": 0, "max": 0, "var": 0, "mean": 0}, "bpm_histogram_first_peak_spread": {"dmean2": 0, "median": 0.397619068623, "min": 0.397619068623, "dvar2": 0, "dvar": 0, "dmean": 0, "max": 0.397619068623, "var": 0, "mean": 0.397619068623}, "beats_loudness_band_ratio": {"dmean2": [0.37947037816, 0.166119560599, 0.152310743928, 0.160519748926, 0.139352172613, 0.0968129709363], "median": [0.60079985857, 0.103347718716, 0.0892793014646, 0.0816567093134, 0.0472176037729, 0.0326908417046], "min": [1.59998635354e-05, 2.22923572437e-05, 2.82764758595e-05, 1.6189107555e-05, 6.86274688633e-06, 0.00230644596741], "dvar2": [0.0830866843462, 0.0277133956552, 0.0192085225135, 0.0165076106787, 0.0133224288002, 0.00649366248399], "dvar": [0.0265025962144, 0.00902018882334, 0.00685398792848, 0.00530993612483, 0.00486225727946, 0.00244210637175], "dmean": [0.203076168895, 0.0919947698712, 0.0872427523136, 0.0881079807878, 0.0755400136113, 0.0498080402613], "max": [0.94661206007, 0.781090915203, 0.656216323376, 0.586044728756, 0.670958161354, 0.998540222645], "var": [0.0793572738767, 0.0129095138982, 0.0165831036866, 0.00849024392664, 0.00631869398057, 0.0096495822072], "mean": [0.524693787098, 0.13611599803, 0.138250499964, 0.106957502663, 0.0712489262223, 0.0529753118753]}}, "lowlevel": {"barkbands_spread": {"dmean2": 5.99144887924, "median": 13.8165979385, "min": 0.0287177655846, "dvar2": 61.9621925354, "dvar": 27.9154167175, "dmean": 3.9380273819, "max": 145.522659302, "var": 153.973983765, "mean": 16.602350235}, "melbands_spread": {"dmean2": 6.47760343552, "median": 11.5050449371, "min": 0.39808729291, "dvar2": 79.6238708496, "dvar": 39.6239585876, "dmean": 4.21731901169, "max": 183.616363525, "var": 192.884414673, "mean": 15.2055721283}, "hfc": {"dmean2": 5.803170681, "median": 15.7832374573, "min": 1.11487641188e-16, "dvar2": 65.8807220459, "dvar": 37.3216781616, "dmean": 4.12576341629, "max": 140.714691162, "var": 239.63218689, "mean": 18.6915416718}, "barkbands_kurtosis": {"dmean2": 16.7840366364, "median": 4.63045549393, "min": -1.96458911896, "dvar2": 42455.7109375, "dvar": 17746.609375, "dmean": 10.3403520584, "max": 14119.6904297, "var": 215202.046875, "mean": 32.8497428894}, "gfcc": {"mean": [-18.9370689392, 111.766983032, -110.800827026, 30.0380706787, -49.0159263611, 13.7161340714, -30.7078857422, 9.00895595551, -20.515455246, 2.13299775124, -8.84883880615, -2.19725322723, -5.58984661102], "icov": [[0.000442525255494, -0.000706867082044, 0.000694724323694, -0.00101631495636, 0.000685243634507, -0.00128203746863, 0.000970530731138, -0.00102057994809, 0.000675770046655, -0.00113675906323, 0.00100728473626, -0.00117958395276, 0.00072976690717], [-0.000706867082044, 0.00252401409671, -0.000698075513355, 0.00144767400343, -0.00138762302231, 0.00198802631348, -0.00169292883947, 0.00195506541058, -0.000779369671363, 0.00160927255638, -0.00287662656046, 0.00343287619762, -0.00279840617441], [0.000694724323694, -0.000698075513355, 0.00232168729417, -0.00166164315306, 0.000725432822946, -0.00237042549998, 0.00134003988933, -0.0014794387389, 0.00122194958385, -0.00234583509155, 0.000965231389273, -0.00158256816212, 0.000944546831306], [-0.00101631495636, 0.00144767400343, -0.00166164315306, 0.00516762165353, -0.00149408145808, 0.00149057281669, -0.0019956654869, 0.00250247539952, -0.00261475052685, 0.00235612667166, -0.00112284941133, 0.00208674231544, -0.00253765494563], [0.000685243634507, -0.00138762302231, 0.000725432822946, -0.00149408145808, 0.00488885957748, -0.002950506052, 0.000625654414762, -0.00280591379851, 0.000143112134538, -0.00156070047524, 0.000965679588262, -0.00200367625803, 0.000523686234374], [-0.00128203746863, 0.00198802631348, -0.00237042549998, 0.00149057281669, -0.002950506052, 0.00950993876904, -0.00426058378071, 0.000612235860899, -0.0014155341778, 0.00154486380052, -0.00211539422162, 0.00266715954058, -0.00114497798495], [0.000970530731138, -0.00169292883947, 0.00134003988933, -0.0019956654869, 0.000625654414762, -0.00426058378071, 0.00883494317532, -0.000380316661904, -0.00185279129073, -0.000724203360733, 0.0011667474173, -0.00273465528153, 0.00281007518061], [-0.00102057994809, 0.00195506541058, -0.0014794387389, 0.00250247539952, -0.00280591379851, 0.000612235860899, -0.000380316661904, 0.00899250991642, -0.00257136207074, 0.00150519399904, -0.00279731117189, 0.00246377917938, -0.00263780611567], [0.000675770046655, -0.000779369671363, 0.00122194958385, -0.00261475052685, 0.000143112134538, -0.0014155341778, -0.00185279129073, -0.00257136207074, 0.0125252688304, -0.00243724370375, -0.000950569461565, -0.000752229767386, -0.000814480066765], [-0.00113675906323, 0.00160927255638, -0.00234583509155, 0.00235612667166, -0.00156070047524, 0.00154486380052, -0.000724203360733, 0.00150519399904, -0.00243724370375, 0.013856254518, -0.00383589719422, 0.00118079280946, -0.000623065163381], [0.00100728473626, -0.00287662656046, 0.000965231389273, -0.00112284941133, 0.000965679588262, -0.00211539422162, 0.0011667474173, -0.00279731117189, -0.000950569461565, -0.00383589719422, 0.0168003998697, -0.00620474666357, -0.000167851772858], [-0.00117958395276, 0.00343287619762, -0.00158256816212, 0.00208674231544, -0.00200367625803, 0.00266715954058, -0.00273465528153, 0.00246377917938, -0.000752229767386, 0.00118079280946, -0.00620474666357, 0.018350251019, -0.00627867411822], [0.00072976690717, -0.00279840617441, 0.000944546831306, -0.00253765494563, 0.000523686234374, -0.00114497798495, 0.00281007518061, -0.00263780611567, -0.000814480066765, -0.000623065163381, -0.000167851772858, -0.00627867411822, 0.0197962578386]], "cov": [[21360.7246094, 1163.13171387, -1210.42236328, 1757.98327637, -20.857301712, 1404.61425781, -706.693359375, 1055.05957031, -185.138366699, 683.928039551, -235.4453125, 297.005615234, 88.8916320801], [1163.13171387, 1077.85180664, -277.273773193, 26.0033607483, 79.6859130859, -36.2197265625, 47.1827659607, -40.8355293274, 35.0216522217, -21.2202777863, 87.8214416504, -63.6114578247, 91.0516204834], [-1210.42236328, -277.273773193, 1082.79345703, 123.109725952, 199.601333618, 217.118087769, 66.0711746216, 116.578598022, 50.8788604736, 102.143257141, 46.8398742676, 50.8760910034, 4.81679058075], [1757.98327637, 26.0033607483, 123.109725952, 509.187530518, 115.246643066, 216.15574646, 30.1893596649, 100.452178955, 65.9978027344, 63.2966270447, -4.73426866531, 41.97215271, 34.8002853394], [-20.857301712, 79.6859130859, 199.601333618, 115.246643066, 437.031585693, 194.659759521, 96.4738464355, 145.852584839, 91.0036087036, 50.9023208618, 58.5804901123, 36.0270729065, 39.9901275635], [1404.61425781, -36.2197265625, 217.118087769, 216.15574646, 194.659759521, 383.542602539, 61.4059486389, 175.812454224, 55.3403587341, 93.3694915771, 16.1170578003, 48.3859710693, 12.8921813965], [-706.693359375, 47.1827659607, 66.0711746216, 30.1893596649, 96.4738464355, 61.4059486389, 228.735488892, -16.8529911041, 76.8203887939, -16.8247261047, 33.7495002747, 2.82335686684, 3.53632688522], [1055.05957031, -40.8355293274, 116.578598022, 100.452178955, 145.852584839, 175.812454224, -16.8529911041, 266.42868042, 40.0513114929, 71.9110870361, 22.2462158203, 38.6587371826, 23.2129135132], [-185.138366699, 35.0216522217, 50.8788604736, 65.9978027344, 91.0036087036, 55.3403587341, 76.8203887939, 40.0513114929, 133.681594849, 15.7655191422, 37.2165794373, 11.2877225876, 22.9255580902], [683.928039551, -21.2202777863, 102.143257141, 63.2966270447, 50.9023208618, 93.3694915771, -16.8247261047, 71.9110870361, 15.7655191422, 129.100448608, 16.8955249786, 29.1887626648, 5.16520309448], [-235.4453125, 87.8214416504, 46.8398742676, -4.73426866531, 58.5804901123, 16.1170578003, 33.7495002747, 22.2462158203, 37.2165794373, 16.8955249786, 100.116958618, 22.2175674438, 25.7666454315], [297.005615234, -63.6114578247, 50.8760910034, 41.97215271, 36.0270729065, 48.3859710693, 2.82335686684, 38.6587371826, 11.2877225876, 29.1887626648, 22.2175674438, 90.0886077881, 19.7522792816], [88.8916320801, 91.0516204834, 4.81679058075, 34.8002853394, 39.9901275635, 12.8921813965, 3.53632688522, 23.2129135132, 22.9255580902, 5.16520309448, 25.7666454315, 19.7522792816, 74.207824707]]}, "spectral_energyband_middle_low": {"dmean2": 0.00645901449025, "median": 0.00916858017445, "min": 2.80911500327e-22, "dvar2": 8.58478233567e-05, "dvar": 3.28988135152e-05, "dmean": 0.00401830812916, "max": 0.078504756093, "var": 0.000106788109406, "mean": 0.0118846166879}, "melbands_crest": {"dmean2": 4.25955295563, "median": 18.5032787323, "min": 1.74726366997, "dvar2": 17.7993469238, "dvar": 6.75098657608, "dmean": 2.65438699722, "max": 32.6614875793, "var": 31.2099437714, "mean": 18.06823349}, "spectral_kurtosis": {"dmean2": 2.94987034798, "median": 4.64785528183, "min": -1.68889284134, "dvar2": 12.6769218445, "dvar": 4.84875965118, "dmean": 1.83527624607, "max": 33.9082870483, "var": 11.4745197296, "mean": 5.35159397125}, "spectral_rms": {"dmean2": 0.00116942299064, "median": 0.00668337522075, "min": 3.15550450353e-12, "dvar2": 2.01272018785e-06, "dvar": 7.49074331452e-07, "dmean": 0.000727687904146, "max": 0.0144647918642, "var": 7.63924072089e-06, "mean": 0.00617189984769}, "zerocrossingrate": {"dmean2": 0.00863926764578, "median": 0.03271484375, "min": 0.0029296875, "dvar2": 0.00013374252012, "dvar": 9.72664201981e-05, "dmean": 0.00730979349464, "max": 0.875, "var": 0.00736626144499, "mean": 0.0472695492208}, "silence_rate_60dB": {"dmean2": 0.0341641977429, "median": 0, "min": 0, "dvar2": 0.0373482443392, "dvar": 0.0167872495949, "dmean": 0.017080610618, "max": 1, "var": 0.085394538939, "mean": 0.0942837223411}, "erbbands_kurtosis": {"dmean2": 1.48959839344, "median": -0.0364688634872, "min": -1.79159021378, "dvar2": 6.74989128113, "dvar": 3.0033197403, "dmean": 0.966085731983, "max": 49.9305076599, "var": 11.1156578064, "mean": 0.858585894108}, "erbbands": {"dmean2": [0.210034668446, 2.81316161156, 8.13008213043, 7.37327957153, 9.77562427521, 8.96603775024, 7.29713439941, 19.8493824005, 20.7662162781, 17.7772846222, 16.1623935699, 20.2227706909, 23.1516246796, 23.8585414886, 34.1497993469, 17.4975738525, 23.110168457, 25.4281139374, 19.3187732697, 23.3358383179, 17.2170085907, 12.173371315, 11.7280006409, 11.2204818726, 6.73471832275, 6.17349290848, 4.45534038544, 3.231549263, 2.63092088699, 1.71109652519, 1.47503495216, 1.02445685863, 0.657933413982, 0.459173619747, 0.187976494431, 0.0694126039743, 0.0154240848497, 0.00251382216811, 0.000188914098544, 2.34537765209e-05], "median": [0.292658537626, 5.13454246521, 5.88347148895, 2.93404150009, 4.19441223145, 6.75821685791, 7.40358829498, 11.1028499603, 8.97886943817, 11.7682991028, 9.74121665955, 11.171918869, 12.3762559891, 14.3782424927, 19.916267395, 11.539648056, 12.8243865967, 14.9108028412, 13.8958072662, 14.3850364685, 10.4573173523, 8.50218582153, 8.2230014801, 6.87711811066, 4.81445980072, 4.22629928589, 2.72352480888, 1.45149183273, 0.898390650749, 0.522045910358, 0.487454175949, 0.441981106997, 0.364797532558, 0.245035797358, 0.0684324502945, 0.0165438018739, 0.00463960599154, 0.000643972831313, 6.5785337938e-05, 5.70495176362e-05], "min": [2.3530854949e-22, 2.18813727971e-21, 7.63121613342e-21, 3.04094986876e-20, 2.32670170492e-20, 4.91995945419e-20, 8.2572283597e-20, 2.71217271714e-19, 3.2406881373e-19, 2.6857127603e-19, 4.03376745362e-19, 9.48316767166e-19, 1.04313337886e-18, 1.00567305725e-18, 8.74015889029e-19, 1.52909971398e-18, 1.5551594188e-18, 2.08850097255e-18, 3.9278845095e-18, 4.42318909336e-18, 5.82219180515e-18, 5.29300962572e-18, 4.45284145037e-18, 6.90649985676e-18, 8.10523262968e-18, 1.0062612447e-17, 1.0235323623e-17, 1.03921620303e-17, 1.20408818836e-17, 1.19243610866e-17, 1.33055260621e-17, 1.2207787906e-17, 1.17794597228e-17, 9.39615137314e-18, 6.49539357386e-18, 3.6954881164e-18, 2.28034297496e-18, 1.15343170968e-18, 3.08301562183e-19, 3.0607527665e-20], "dvar2": [0.139339014888, 21.8013744354, 239.857803345, 262.127960205, 282.905822754, 172.308197021, 126.759857178, 1860.91174316, 2165.2746582, 969.807678223, 660.133544922, 1150.49975586, 1912.66308594, 2006.2578125, 2893.26855469, 1024.77941895, 2192.61010742, 2308.44213867, 1116.2532959, 1581.86096191, 1058.70324707, 473.714752197, 404.387054443, 612.123046875, 183.695968628, 147.653411865, 65.0534057617, 43.9101028442, 36.9092559814, 26.9467277527, 17.8008270264, 6.692029953, 2.98854470253, 0.964487671852, 0.17963385582, 0.0391169823706, 0.00105510198046, 2.91342021228e-05, 1.89324353528e-07, 1.0944301021e-09], "dvar": [0.0505194664001, 7.80037593842, 84.2306289673, 93.1223754883, 100.897590637, 63.6286888123, 50.7831039429, 780.844299316, 936.116271973, 393.092926025, 234.897323608, 502.983184814, 809.233886719, 830.055541992, 1228.09338379, 423.761230469, 929.897583008, 1052.57800293, 507.638793945, 653.524780273, 443.591766357, 218.024887085, 179.232620239, 270.685211182, 80.1048660278, 75.7614059448, 33.936050415, 22.8097515106, 19.3235816956, 12.6929140091, 9.09004020691, 3.33451366425, 1.52022469044, 0.47997418046, 0.0947048068047, 0.0182397384197, 0.000615734257735, 1.75231270987e-05, 1.13971339033e-07, 4.70673167108e-10], "dmean": [0.131572261453, 1.69197523594, 4.76127052307, 4.25257301331, 5.69129610062, 5.4061217308, 4.78092718124, 13.3118848801, 13.6182832718, 11.3609313965, 9.7422246933, 12.860575676, 14.690788269, 14.992067337, 21.7210121155, 10.891913414, 14.4635543823, 15.9892168045, 12.1466274261, 14.4810800552, 10.7140989304, 7.72469091415, 7.43215084076, 7.1808719635, 4.36219263077, 4.08322048187, 3.07415771484, 2.30825042725, 1.94362914562, 1.32196688652, 1.10095453262, 0.744895517826, 0.478817880154, 0.31924533844, 0.134431928396, 0.0488359741867, 0.0116213466972, 0.00197132420726, 0.000149686005898, 1.55766756507e-05], "max": [3.49176883698, 41.7916526794, 133.634597778, 150.6043396, 123.473747253, 147.815551758, 146.28163147, 813.648742676, 721.826782227, 600.076965332, 262.548309326, 590.718505859, 1190.53857422, 871.487365723, 720.146118164, 659.132873535, 739.448120117, 1168.14318848, 786.894104004, 726.614257812, 610.941955566, 411.441986084, 424.478118896, 642.077514648, 316.115844727, 391.827056885, 175.104736328, 127.449440002, 109.429969788, 161.136474609, 96.4837799072, 43.7341041565, 34.6842308044, 17.6039581299, 12.6017551422, 6.59637880325, 0.672810077667, 0.0786717459559, 0.00651834905148, 0.000406395090977], "var": [0.141835525632, 24.9977321625, 214.854537964, 101.291099548, 131.440536499, 139.584671021, 140.274200439, 2569.71655273, 3037.13598633, 1289.48059082, 411.186462402, 1721.96826172, 3875.54614258, 2198.46655273, 2751.47753906, 1014.21228027, 2130.12451172, 3060.34741211, 1431.02941895, 1798.42431641, 1759.64880371, 949.320495605, 944.723144531, 1423.30908203, 242.81628418, 235.427963257, 101.879333496, 61.814540863, 48.8536567688, 29.9594974518, 23.1082611084, 8.27575111389, 3.75064706802, 1.38720369339, 0.288203597069, 0.0370446369052, 0.00180193118285, 4.43023636763e-05, 2.55932889104e-07, 2.16067186365e-09], "mean": [0.369548350573, 5.52663946152, 11.6292438507, 6.16293287277, 8.30691051483, 10.4543848038, 10.8999052048, 28.912820816, 29.3889904022, 24.1002063751, 16.5656242371, 24.5889930725, 30.1284713745, 27.7849254608, 37.8220558167, 20.4792919159, 25.8946914673, 30.5254325867, 23.7200374603, 27.3010883331, 23.7900943756, 17.8615036011, 18.3435211182, 17.9850940704, 10.0739078522, 8.74870967865, 6.24126768112, 4.47722864151, 3.56985545158, 2.41239452362, 2.00909352303, 1.4433426857, 0.999729812145, 0.709279000759, 0.281259596348, 0.0939408913255, 0.0242252983153, 0.00348068424501, 0.00026439622161, 6.2805658672e-05]}, "spectral_strongpeak": {"dmean2": 0.337330907583, "median": 0.573335051537, "min": 7.86776255257e-10, "dvar2": 0.480334818363, "dvar": 0.179557904601, "dmean": 0.194210410118, "max": 7.55950737, "var": 0.251717954874, "mean": 0.617548823357}, "spectral_energy": {"dmean2": 0.0179217699915, "median": 0.0457841902971, "min": 1.02061380996e-20, "dvar2": 0.000660635123495, "dvar": 0.000239673230681, "dmean": 0.0109662963077, "max": 0.21446095407, "var": 0.00107446173206, "mean": 0.0468743816018}, "average_loudness": 0.829936921597, "spectral_rolloff": {"dmean2": 453.301605225, "median": 559.86328125, "min": 64.599609375, "dvar2": 1663937.125, "dvar": 627393.9375, "dmean": 271.86239624, "max": 21145.6054688, "var": 6442095, "mean": 1128.50073242}, "spectral_centroid": {"dmean2": 302.551116943, "median": 958.931884766, "min": 138.062698364, "dvar2": 141013.921875, "dvar": 70646.40625, "dmean": 201.78616333, "max": 11680.1240234, "var": 610058.8125, "mean": 1107.01647949}, "pitch_salience": {"dmean2": 0.108006648719, "median": 0.451137363911, "min": 0.0562808848917, "dvar2": 0.00974498968571, "dvar": 0.00387404602952, "dmean": 0.0673409625888, "max": 0.935407400131, "var": 0.0224104356021, "mean": 0.460982054472}, "spectral_energyband_middle_high": {"dmean2": 0.00231597572565, "median": 0.00359665509313, "min": 1.26160341005e-21, "dvar2": 1.01508721855e-05, "dvar": 4.96557913721e-06, "dmean": 0.00153806712478, "max": 0.0419330373406, "var": 2.74348367384e-05, "mean": 0.00518078124151}, "spectral_contrast_coeffs": {"dmean2": [0.0770920366049, 0.076499581337, 0.0610377192497, 0.0468202419579, 0.0325242504478, 0.0295060481876], "median": [-0.646763563156, -0.722595334053, -0.788369894028, -0.796822726727, -0.811763048172, -0.776561498642], "min": [-0.96885406971, -0.990362465382, -0.987598419189, -0.980592548847, -0.983148634434, -0.962219297886], "dvar2": [0.00396780949086, 0.00373362354003, 0.00227915355936, 0.00137322524097, 0.000688365660608, 0.000709121406544], "dvar": [0.00144817947876, 0.00150829588529, 0.000854718848132, 0.000551567878574, 0.000282504886854, 0.000349966925569], "dmean": [0.0461145453155, 0.0479566641152, 0.0371009670198, 0.0288660302758, 0.0199099350721, 0.019223568961], "max": [-0.304221242666, -0.430501013994, -0.525724053383, -0.599396884441, -0.570377707481, -0.594835639], "var": [0.00914960633963, 0.00634909933433, 0.00382614857517, 0.00259094801731, 0.0022705392912, 0.00231592776254], "mean": [-0.640260517597, -0.720274567604, -0.783862531185, -0.794565916061, -0.805452942848, -0.772943079472]}, "melbands_skewness": {"dmean2": 1.21395576, "median": 3.08383131027, "min": -0.87909668684, "dvar2": 1.69324910641, "dvar": 0.693255066872, "dmean": 0.77958291769, "max": 16.3721408844, "var": 3.73439240456, "mean": 3.41168498993}, "spectral_spread": {"dmean2": 699950.4375, "median": 4040909, "min": 1371374.375, "dvar2": 943571664896, "dvar": 523702992896, "dmean": 501775.65625, "max": 59342976, "var": 18196622999600.0, "mean": 4570450.5}, "dissonance": {"dmean2": 0.0289478506893, "median": 0.471536278725, "min": 0.249592214823, "dvar2": 0.000747404643334, "dvar": 0.000284453621134, "dmean": 0.0174173638225, "max": 0.499999970198, "var": 0.000687021936756, "mean": 0.465294897556}, "spectral_skewness": {"dmean2": 0.372154176235, "median": 1.66164445877, "min": -0.0746489912271, "dvar2": 0.154353737831, "dvar": 0.0688485205173, "dmean": 0.245758250356, "max": 4.32649326324, "var": 0.271878987551, "mean": 1.70775485039}, "spectral_flux": {"dmean2": 0.0316132120788, "median": 0.0705821961164, "min": 6.39074973496e-11, "dvar2": 0.00131984823383, "dvar": 0.000587447662838, "dmean": 0.0203802213073, "max": 0.358405560255, "var": 0.00230790372007, "mean": 0.0778331011534}, "spectral_contrast_valleys": {"dmean2": [0.637958288193, 0.619846820831, 0.560214161873, 0.482330054045, 0.388771653175, 0.423204571009], "median": [-6.59653186798, -6.52272224426, -6.89113616943, -7.37791252136, -7.45003986359, -10.2177562714], "min": [-27.9116592407, -27.9988193512, -27.8087749481, -27.6165943146, -27.5330905914, -27.3506946564], "dvar2": [0.287296563387, 0.29166996479, 0.266870439053, 0.241053462029, 0.189464464784, 0.272390246391], "dvar": [0.126950845122, 0.140841886401, 0.140907779336, 0.13616810739, 0.117335602641, 0.162042945623], "dmean": [0.387278854847, 0.385234981775, 0.350854754448, 0.311189651489, 0.269288927317, 0.32999765873], "max": [-4.89742279053, -4.70314884186, -5.26431560516, -5.62147712708, -5.37698078156, -7.94568252563], "var": [3.45338821411, 2.16023397446, 2.15989756584, 2.43619585037, 2.34605193138, 2.42755436897], "mean": [-7.22336292267, -6.77762985229, -7.16636896133, -7.69870662689, -7.74545526505, -10.5281019211]}, "erbbands_flatness_db": {"dmean2": 0.0234202221036, "median": 0.148920506239, "min": 0.0173314549029, "dvar2": 0.000570678792428, "dvar": 0.000281341723166, "dmean": 0.0165614821017, "max": 0.353534728289, "var": 0.0021025033202, "mean": 0.154740273952}, "spectral_energyband_high": {"dmean2": 0.000272498844424, "median": 0.000226701144129, "min": 7.43106831354e-21, "dvar2": 2.829351331e-07, "dvar": 1.7690744869e-07, "dmean": 0.000217712673475, "max": 0.00958179868758, "var": 6.30173190075e-07, "mean": 0.000507582037244}, "spectral_entropy": {"dmean2": 0.235075652599, "median": 7.50965452194, "min": 5.45743942261, "dvar2": 0.0627080872655, "dvar": 0.0332990139723, "dmean": 0.164826437831, "max": 9.8095293045, "var": 0.188430294394, "mean": 7.49708080292}, "silence_rate_20dB": {"dmean2": 0, "median": 1, "min": 1, "dvar2": 0, "dvar": 0, "dmean": 0, "max": 1, "var": 0, "mean": 1}, "melbands_flatness_db": {"dmean2": 0.0396684333682, "median": 0.243895366788, "min": 0.00431736838073, "dvar2": 0.00151063106023, "dvar": 0.000739124370739, "dmean": 0.0270374044776, "max": 0.525725901127, "var": 0.00482814339921, "mean": 0.245965227485}, "barkbands": {"dmean2": [0.000125650709379, 0.0107994899154, 0.00690121296793, 0.00266322609968, 0.00277467421256, 0.00212769489735, 0.00112724315841, 0.000812454789411, 0.000898437690921, 0.000696524220984, 0.00102657044772, 0.000438246352132, 0.000509479723405, 0.000483771582367, 0.000460288312752, 0.000314085133141, 0.000273558252957, 0.000259541906416, 0.00015994712885, 0.000126643280964, 9.48259330471e-05, 6.68776920065e-05, 5.08451012138e-05, 4.03445228585e-05, 3.26900844811e-05, 1.06633842734e-05, 1.1161380371e-06], "median": [3.15844336001e-05, 0.0199425891042, 0.00292018451728, 0.000588536844589, 0.00205166405067, 0.00139532971662, 0.000659142271616, 0.000415212620283, 0.000461452291347, 0.000335384480422, 0.000487594399601, 0.000230951234698, 0.000255929364357, 0.00028533738805, 0.000288676295895, 0.000170222148881, 0.000145921847434, 0.000152850407176, 0.000106211431557, 8.57409759192e-05, 5.02003458678e-05, 2.28482203966e-05, 1.74600281753e-05, 2.13958519453e-05, 1.6156833226e-05, 2.81991151496e-06, 2.24046885933e-07], "min": [4.05379013671e-24, 1.12994329805e-23, 5.8357452745e-24, 7.34749622516e-24, 1.84144984397e-23, 2.44702633316e-23, 3.08168449516e-23, 1.84580198959e-23, 5.49795850587e-23, 4.63556314251e-23, 1.83855709103e-23, 2.71345021994e-23, 2.86875705289e-23, 3.30419060208e-23, 6.84899450877e-23, 9.29868845396e-23, 7.43211481011e-23, 1.10993499293e-22, 1.09716289311e-22, 1.73222684516e-22, 2.80224825308e-22, 3.06299896778e-22, 4.90330341727e-22, 6.00448255902e-22, 1.00536684775e-21, 1.4455025633e-21, 2.28992855877e-21], "dvar2": [5.98432450261e-08, 0.000312289805152, 0.000184588992852, 3.57646968041e-05, 1.71426236193e-05, 1.93397390831e-05, 5.54608141101e-06, 1.51173560425e-06, 2.13114367398e-06, 1.75847355877e-06, 2.76222908724e-06, 5.68357449993e-07, 1.0203501688e-06, 7.33552724341e-07, 5.42257112102e-07, 3.47442409065e-07, 3.77684756359e-07, 2.48696778726e-07, 1.33817792403e-07, 5.63623707706e-08, 3.02323286405e-08, 2.62738666379e-08, 2.09076720381e-08, 9.98206228786e-09, 4.82865658569e-09, 8.50373993444e-10, 7.17654928539e-12], "dvar": [3.12711705419e-08, 0.000111099725473, 6.47757478873e-05, 1.2378851352e-05, 6.05971536061e-06, 7.941945114e-06, 2.35191942011e-06, 6.14525049514e-07, 9.02347380816e-07, 7.63248408475e-07, 1.16227772651e-06, 2.3279150696e-07, 4.3759592927e-07, 3.25647135924e-07, 2.36830217659e-07, 1.48067172745e-07, 1.62521175184e-07, 1.06537072497e-07, 6.03492651408e-08, 2.89073405213e-08, 1.61704818424e-08, 1.37415590018e-08, 1.05053645783e-08, 5.17047693549e-09, 2.49259546337e-09, 4.18531043156e-10, 3.98298755089e-12], "dmean": [8.73270546435e-05, 0.00654735229909, 0.00399525184184, 0.00151278648991, 0.0016486790264, 0.00143448612653, 0.000733129971195, 0.000505425967276, 0.000566706410609, 0.000444110453827, 0.000647500914056, 0.000272144097835, 0.000318484788295, 0.000302817876218, 0.000289028859697, 0.000193700005184, 0.000172823056346, 0.000164098179084, 0.000103569189378, 8.3962258941e-05, 6.63614773657e-05, 5.08133744006e-05, 3.86061474273e-05, 2.9899263609e-05, 2.30722253036e-05, 7.84692201705e-06, 8.74466991263e-07], "max": [0.0039314776659, 0.170264288783, 0.117706432939, 0.0571681559086, 0.0329141281545, 0.070649728179, 0.0466577075422, 0.024805245921, 0.0205137841403, 0.0289087109268, 0.0223969649523, 0.0129608344287, 0