{"tonal": {"thpcp": [1, 0.545147418976, 0.121876910329, 0.0777217447758, 0.0718152746558, 0.203606247902, 0.340950638056, 0.23859988153, 0.151844203472, 0.156828761101, 0.11005705595, 0.213690727949, 0.325854957104, 0.243013262749, 0.39550870657, 0.548039376736, 0.312054693699, 0.123928658664, 0.103532008827, 0.148417115211, 0.530641853809, 0.770400166512, 0.399203807116, 0.113611787558, 0.092471756041, 0.0707366019487, 0.11865773052, 0.190981507301, 0.173669859767, 0.189315751195, 0.21315997839, 0.142849832773, 0.117906093597, 0.136078566313, 0.145408034325, 0.611652374268], "hpcp": {"dmean2": [0.2411339432, 0.182421207428, 0.0987670570612, 0.0868882834911, 0.0692256987095, 0.0791687965393, 0.102972887456, 0.109559074044, 0.129996135831, 0.11705879122, 0.110512636602, 0.110412597656, 0.122654870152, 0.127713039517, 0.212912917137, 0.222985982895, 0.219615787268, 0.131233245134, 0.0895574018359, 0.0797904953361, 0.118893094361, 0.161785244942, 0.141350194812, 0.132812380791, 0.133478134871, 0.121314920485, 0.144203603268, 0.181104049087, 0.190371841192, 0.226389363408, 0.239651396871, 0.208964139223, 0.135230347514, 0.116614095867, 0.138508409262, 0.202385991812], "median": [0.282916665077, 0.138800770044, 0.014971639961, 0.00983927957714, 0.0103876609355, 0.0234130509198, 0.030389809981, 0.024522241205, 0.0218190327287, 0.0195857528597, 0.0152546148747, 0.0221190750599, 0.0263743586838, 0.0310436449945, 0.274543851614, 0.468803435564, 0.256471037865, 0.0173627026379, 0.00714906025678, 0.0065791932866, 0.039720185101, 0.0623151510954, 0.0428235530853, 0.00955434050411, 0.00707376608625, 0.009277805686, 0.0351982712746, 0.049123775214, 0.049289200455, 0.0657751709223, 0.0915203392506, 0.0531477853656, 0.0140482764691, 0.0121970884502, 0.0249064397067, 0.168081313372], "min": [0, 0, 0, 0, 0, 0, 0, 0, 0, 0, 0, 0, 0, 0, 0, 0, 0, 0, 0, 0, 0, 0, 0, 0, 0, 0, 0, 0, 0, 0, 0, 0, 0, 0, 0, 0], "dvar2": [0.0845611393452, 0.0613823272288, 0.0476940236986, 0.0477487929165, 0.03409710899, 0.0288798045367, 0.0380512736738, 0.0468515008688, 0.0683739036322, 0.0564951747656, 0.059521574527, 0.0578388050199, 0.0658880546689, 0.0614683479071, 0.0757991299033, 0.0885817483068, 0.0856030136347, 0.0696876123548, 0.0535747744143, 0.0424605719745, 0.0503168292344, 0.0692748576403, 0.0628318712115, 0.0815236344934, 0.0943753570318, 0.0861963108182, 0.0791884660721, 0.0971633270383, 0.110797397792, 0.115253172815, 0.114629477262, 0.106046229601, 0.0798680484295, 0.0700237452984, 0.0740766078234, 0.0765064284205], "dvar": [0.0359290726483, 0.0221857912838, 0.0171652622521, 0.0172029864043, 0.0117780705914, 0.0103151071817, 0.014659893699, 0.0169655252248, 0.0240592435002, 0.0227662436664, 0.0217441134155, 0.0204429235309, 0.0231641028076, 0.0216957200319, 0.0279054325074, 0.0395119637251, 0.0313535258174, 0.0243690535426, 0.0187565144151, 0.0148387951776, 0.018734799698, 0.0268577896059, 0.0227267127484, 0.030206495896, 0.0365718193352, 0.030846728012, 0.0288019478321, 0.0371666178107, 0.0385790467262, 0.0414737053216, 0.0480395853519, 0.0383739434183, 0.0284516531974, 0.0246547423303, 0.0259606447071, 0.0293731242418], "dmean": [0.14858314395, 0.109544232488, 0.0560019537807, 0.0483958609402, 0.038167912513, 0.046229865402, 0.062173333019, 0.0636438131332, 0.0742092654109, 0.0692680254579, 0.0638016238809, 0.0616018101573, 0.068758405745, 0.0713899359107, 0.126004591584, 0.135905712843, 0.129219949245, 0.0723272487521, 0.0490562394261, 0.0441840030253, 0.0708170235157, 0.0977362319827, 0.0820382386446, 0.0746921524405, 0.074265897274, 0.0665672048926, 0.0828242599964, 0.106569707394, 0.107192791998, 0.130351066589, 0.14107324183, 0.121069937944, 0.0742232501507, 0.0633274465799, 0.0770510137081, 0.124126248062], "max": [1, 1, 1, 1, 1, 1, 1, 1, 1, 1, 1, 1, 1, 1, 1, 1, 1, 1, 1, 1, 1, 1, 1, 1, 1, 1, 1, 1, 1, 1, 1, 1, 1, 1, 1, 1], "var": [0.121453419328, 0.0420829057693, 0.0170132722706, 0.0157782454044, 0.00853937584907, 0.0119352545589, 0.0316655673087, 0.0292301122099, 0.0333839580417, 0.0452070236206, 0.0248517692089, 0.0162736382335, 0.0191579889506, 0.0187809821218, 0.0676309168339, 0.162077918649, 0.055823110044, 0.0190890803933, 0.0131587535143, 0.010407237336, 0.0266759842634, 0.0612500943244, 0.0357713587582, 0.033394113183, 0.0455122813582, 0.024738881737, 0.0312815010548, 0.0693337619305, 0.0346680358052, 0.0767406076193, 0.128317445517, 0.0503960438073, 0.0217765718699, 0.017800565809, 0.0224625486881, 0.0765929371119], "mean": [0.400991767645, 0.207784801722, 0.0591347143054, 0.0481313690543, 0.0368182621896, 0.0617611147463, 0.0994054973125, 0.0903948172927, 0.0985384806991, 0.110949352384, 0.0743530541658, 0.0613698922098, 0.0708286240697, 0.0756845995784, 0.318363875151, 0.520498037338, 0.283748149872, 0.0634366944432, 0.0404540151358, 0.0373797081411, 0.105976648629, 0.177464142442, 0.12419077009, 0.0790346115828, 0.0816290602088, 0.0572844818234, 0.111225605011, 0.169606864452, 0.126487925649, 0.205861508846, 0.285253435373, 0.162423849106, 0.0645046234131, 0.0538882091641, 0.077250815928, 0.276198029518]}, "tuning_equal_tempered_deviation": 0.00518890144303, "chords_changes_rate": 0.0399389453232, "key_key": "G", "tuning_diatonic_strength": 0.599289238453, "key_scale": "major", "chords_number_rate": 0.00114474690054, "tuning_frequency": 441.272583008, "tuning_nontempered_energy_ratio": 0.613464593887, "chords_histogram": [20.0457897186, 0.814042210579, 37.0516395569, 0.546934604645, 9.20885276794, 0.139913514256, 0, 0, 0, 0, 0, 0, 0, 0, 0, 0.381582289934, 0, 5.5583820343, 1.84431445599, 11.6001014709, 2.06054449081, 4.51539039612, 5.38031053543, 0.852200448513], "key_strength": 0.80005556345, "chords_key": "D", "chords_strength": {"dmean2": 0.00547610595822, "median": 0.517076730728, "min": 0.286762148142, "dvar2": 3.49889669451e-05, "dvar": 3.99633318011e-05, "dmean": 0.00679838098586, "max": 0.742019951344, "var": 0.00782798230648, "mean": 0.50945019722}, "chords_scale": "major", "hpcp_entropy": {"dmean2": 0.846706151962, "median": 1.81106519699, "min": 0, "dvar2": 0.600282907486, "dvar": 0.224767431617, "dmean": 0.51177585125, "max": 4.39693117142, "var": 0.490812510252, "mean": 1.83019316196}}, "metadata": {"audio_properties": {"equal_loudness": 0, "codec": "mp3", "downmix": "mix", "sample_rate": 44100, "analysis_sample_rate": 44100, "bit_rate": 320000, "md5_encoded": "5dc424e05490f1d371f990ad602d1ca4", "length": 365.035095215, "replay_gain": -9.6125831604, "lossless": false}, "version": {"essentia_build_sha": "2d9f1f26377add8aeb1075a9c2973f962c4f09fd", "essentia": "2.1-beta2", "extractor": "music 1.0", "essentia_git_sha": "v2.1_beta2-1-ge3940c0"}, "tags": {"title": ["First Light"], "language": ["eng"], "media": ["CD"], "albumartist": ["Ship of Fools"], "musicbrainz_recordingid": ["0ad49bab-f195-431f-b318-2ecf3901d689"], "musicbrainz_albumartistid": ["12fd801d-5fb4-42a1-b971-21ef80d6ccef"], "discnumber": ["1/1"], "album": ["Let's Get This Mother Outta Here"], "catalognumber": ["CDVILE 106"], "contentgroup": ["Rock"], "musicbrainz album type": ["compilation"], "musicbrainz album status": ["official"], "file_name": "04 - First Light.mp3", "date": ["2002"], "genre": ["Rock", "Space Rock", "Progressive Rock", "Psychedelic"], "musicbrainz album release country": ["GB"], "musicip_puid": ["973ac58a-b961-195a-7c11-dc279bf057ab"], "script": ["Latn"], "musicbrainz_albumid": ["31309339-9f5e-4e01-b18c-de6e465df5e3"], "artist": ["Ship of Fools"], "artistsort": ["Ship of Fools"], "tracknumber": ["4/9"], "label": ["Peaceville Records"], "albumartistsort": ["Ship of Fools"], "musicbrainz_artistid": ["12fd801d-5fb4-42a1-b971-21ef80d6ccef"]}}, "rhythm": {"bpm_histogram_first_peak_bpm": {"dmean2": 0, "median": 129, "min": 129, "dvar2": 0, "dvar": 0, "dmean": 0, "max": 129, "var": 0, "mean": 129}, "bpm": 129.804046631, "bpm_histogram_second_peak_spread": {"dmean2": 0, "median": 0.280373871326, "min": 0.280373871326, "dvar2": 0, "dvar": 0, "dmean": 0, "max": 0.280373871326, "var": 0, "mean": 0.280373871326}, "bpm_histogram_first_peak_weight": {"dmean2": 0, "median": 0.27020201087, "min": 0.27020201087, "dvar2": 0, "dvar": 0, "dmean": 0, "max": 0.27020201087, "var": 0, "mean": 0.27020201087}, "onset_rate": 2.64345526695, "beats_position": [0.487619042397, 0.99845802784, 1.50929701328, 2.00852608681, 2.50775504112, 3.01859402657, 3.52943301201, 4.04027223587, 4.45823097229, 4.86458063126, 5.27092981339, 5.67727899551, 6.08362817764, 6.48997735977, 6.8963265419, 7.30267572403, 7.70902490616, 8.11537361145, 8.52172279358, 9.0093421936, 9.50857162476, 10.0078001022, 10.5070295334, 10.9946479797, 11.4822673798, 11.9698867798, 12.4575052261, 12.9451246262, 13.4211339951, 13.8971424103, 14.3731517792, 14.8491611481, 15.2555103302, 15.6734695435, 16.0798187256, 16.4861679077, 16.904127121, 17.3220863342, 17.7400455475, 18.1696147919, 18.5991840363, 19.0171432495, 19.458322525, 19.8994998932, 20.3406791687, 20.8166885376, 21.2926979065, 21.7687072754, 22.2447166443, 22.7207260132, 23.1967334747, 23.6611328125, 24.0210418701, 24.3809528351, 24.7408618927, 25.1007709503, 25.4490699768, 25.8089790344, 26.168888092, 26.5287971497, 26.865486145, 27.1905670166, 27.5156459808, 27.8291149139, 28.1541938782, 28.4792747498, 28.7927436829, 29.106212616, 29.4312915802, 29.7563705444, 30.081451416, 30.4065303802, 30.7316093445, 31.0682983398, 31.4165973663, 31.7648983002, 32.1131973267, 32.4614944458, 32.7981834412, 33.1348762512, 33.4715652466, 33.8082542419, 34.1449432373, 34.4816322327, 34.818321228, 35.1550102234, 35.480091095, 35.8051681519, 36.1302490234, 36.455329895, 36.7804069519, 37.1170959473, 37.4537849426, 37.790473938, 38.1271629333, 38.4638557434, 38.823764801, 39.1836738586, 39.55519104, 39.9151000977, 40.2982292175, 40.6813583374, 41.0644874573, 41.4476165771, 41.830745697, 42.2138786316, 42.5970077515, 42.9801368713, 43.3632659912, 43.7463951111, 44.129524231, 44.5126533508, 44.8841705322, 45.2556915283, 45.6272087097, 46.0683898926, 46.497959137, 46.9159164429, 47.3338775635, 47.8447151184, 48.3439445496, 48.8431739807, 49.3424034119, 49.841632843, 50.3408622742, 50.8400878906, 51.3393173218, 51.8385467529, 52.3377761841, 52.8370056152, 53.3362350464, 53.8354644775, 54.3346939087, 54.8339233398, 55.3447608948, 55.8555984497, 56.3548278809, 56.8656692505, 57.3648986816, 57.8641242981, 58.3749656677, 58.8858032227, 59.3850326538, 59.8958702087, 60.3950996399, 60.9059410095, 61.4167785645, 61.9276161194, 62.4965057373, 63.0653953552, 63.6342849731, 64.2031707764, 64.772064209, 65.3409500122, 65.8634033203, 66.385848999, 66.8966903687, 67.4075241089, 67.929977417, 68.4524230957, 68.9748764038, 69.4973220825, 70.0081634521, 70.5189971924, 71.029838562, 71.5522918701, 72.0747375488, 72.5855789185, 73.1080245972, 73.6304779053, 74.1645355225, 74.6985931396, 75.2326507568, 75.766708374, 76.2427215576, 76.7187271118, 77.2063446045, 77.6823577881, 78.1583633423, 78.6343765259, 79.1568222046, 79.6792755127, 80.2133331299, 80.7357788086, 81.2582321167, 81.7806777954, 82.3147354126, 82.8487930298, 83.3712463379, 83.8936920166, 84.4045333862, 84.9153747559, 85.4262084961, 85.9370498657, 86.4478912354, 86.9587249756, 87.4695663452, 87.9804077148, 88.4912490845, 89.0020828247, 89.5245361328, 90.0469818115, 90.5694351196, 91.0802688599, 91.5911102295, 92.1367797852, 92.6824493408, 93.2281188965, 93.7621765137, 94.2962341309, 94.830291748, 95.3295211792, 95.8287506104, 96.316368103, 96.8504257202, 97.3844909668, 97.918548584, 98.4061660767, 98.8937835693, 99.3697967529, 99.8458023071, 100.321815491, 100.797821045, 101.285438538, 101.77305603, 102.260681152, 102.748298645, 103.224304199, 103.700317383, 104.176322937, 104.652336121, 105.128341675, 105.604354858, 106.080360413, 106.556373596, 107.043991089, 107.531608582, 108.019226074, 108.518455505, 109.017684937, 109.516914368, 110.016143799, 110.51537323, 111.014602661, 111.53704834, 112.071105957, 112.605171204, 113.127616882, 113.6616745, 114.195732117, 114.718185425, 115.240631104, 115.763084412, 116.28553009, 116.79637146, 117.3072052, 117.81804657, 118.328887939, 118.851333618, 119.362174988, 119.861404419, 120.383850098, 120.894691467, 121.417137146, 121.951202393, 122.48526001, 123.007705688, 123.518547058, 124.040992737, 124.563446045, 125.085891724, 125.596733093, 126.107574463, 126.630020142, 127.15246582, 127.674919128, 128.208984375, 128.743041992, 129.277099609, 129.764709473, 130.252334595, 130.739959717, 131.215957642, 131.691970825, 132.15637207, 132.632385254, 133.09677124, 133.561172485, 134.02557373, 134.489974976, 134.942764282, 135.395553589, 135.859954834, 136.312744141, 136.765533447, 137.229934692, 137.682723999, 138.135513306, 138.588302612, 139.041091919, 139.505477905, 139.96987915, 140.422668457, 140.887069702, 141.351470947, 141.804260254, 142.268661499, 142.733062744, 143.185852051, 143.650253296, 144.103042603, 144.567428589, 145.031829834, 145.496231079, 145.949020386, 146.413421631, 146.866210938, 147.330612183, 147.795013428, 148.259414673, 148.723800659, 149.188201904, 149.652603149, 150.117004395, 150.58140564, 151.045806885, 151.51020813, 151.974594116, 152.438995361, 152.903396606, 153.356185913, 153.80897522, 154.273376465, 154.726165771, 155.178955078, 155.643356323, 156.107757568, 156.572158813, 157.0365448, 157.489334106, 157.942123413, 158.406524658, 158.859313965, 159.312103271, 159.776504517, 160.229293823, 160.68208313, 161.146484375, 161.61088562, 162.063674927, 162.516464233, 162.980865479, 163.445251465, 163.90965271, 164.374053955, 164.8384552, 165.302856445, 165.755645752, 166.208435059, 166.672836304, 167.137237549, 167.590026855, 168.042816162, 168.507202148, 168.971603394, 169.436004639, 169.888793945, 170.341583252, 170.805984497, 171.270385742, 171.734786987, 172.210784912, 172.675186157, 173.127975464, 173.580764771, 174.033554077, 174.497955322, 174.962356567, 175.426757813, 175.891159058, 176.355545044, 176.808334351, 177.261123657, 177.725524902, 178.189926147, 178.654327393, 179.118728638, 179.583129883, 180.047531128, 180.500320435, 180.953109741, 181.417495728, 181.870285034, 182.323074341, 182.787475586, 183.251876831, 183.716278076, 184.180679321, 184.633468628, 185.086257935, 185.55065918, 186.015060425, 186.479446411, 186.943847656, 187.408248901, 187.872650146, 188.337051392, 188.789840698, 189.242630005, 189.695419312, 190.148208618, 190.600997925, 191.053787231, 191.506576538, 191.959365845, 192.42376709, 192.888153076, 193.340942383, 193.793731689, 194.258132935, 194.72253418, 195.186935425, 195.65133667, 196.115737915, 196.58013916, 197.044525146, 197.508926392, 197.973327637, 198.437728882, 198.890518188, 199.343307495, 199.80770874, 200.272109985, 200.73651123, 201.200897217, 201.665298462, 202.129699707, 202.594100952, 203.058502197, 203.522903442, 203.987304688, 204.451690674, 204.916091919, 205.380493164, 205.844894409, 206.297683716, 206.750473022, 207.214874268, 207.679275513, 208.143676758, 208.608062744, 209.072463989, 209.536865234, 210.001266479, 210.465667725, 210.93006897, 211.394470215, 211.847259521, 212.300048828, 212.764434814, 213.22883606, 213.693237305, 214.15763855, 214.622039795, 215.08644104, 215.550842285, 216.003631592, 216.45640564, 216.920806885, 217.38520813, 217.837997437, 218.290786743, 218.755187988, 219.219589233, 219.67237854, 220.125167847, 220.589569092, 221.042358398, 221.495147705, 221.95954895, 222.423934937, 222.888336182, 223.352737427, 223.817138672, 224.293151855, 224.745941162, 225.210342407, 225.674728394, 226.139129639, 226.603530884, 227.067932129, 227.543945313, 228.019943237, 228.472732544, 228.925521851, 229.378311157, 229.842712402, 230.307113647, 230.783126831, 231.259140015, 231.735137939, 232.199539185, 232.652328491, 233.116729736, 233.581130981, 234.045532227, 234.509933472, 234.985931396, 235.450332642, 235.914733887, 236.379135132, 236.843536377, 237.307937622, 237.772338867, 238.236724854, 238.712738037, 239.188751221, 239.653152466, 240.117553711, 240.581939697, 241.046340942, 241.522354126, 241.99836731, 242.474365234, 242.950378418, 243.414779663, 243.855957031, 244.320358276, 244.784759521, 245.249160767, 245.713562012, 246.177947998, 246.642349243, 247.106750488, 247.571151733, 248.047164917, 248.523162842, 248.987564087, 249.451965332, 249.916366577, 250.369155884, 250.833557129, 251.286346436, 251.739135742, 252.18031311, 252.633102417, 253.085891724, 253.53868103, 253.991470337, 254.432647705, 254.873825073, 255.315002441, 255.767791748, 256.208984375, 256.650146484, 257.091339111, 257.532501221, 257.973693848, 258.414855957, 258.867645264, 259.32043457, 259.761627197, 260.202819824, 260.643981934, 261.085174561, 261.537963867, 261.979125977, 262.408691406, 262.849884033, 263.279449463, 263.709014893, 264.126983643, 264.544952393, 264.962890625, 265.392456055, 265.822021484, 266.274810791, 266.716003418, 267.145568848, 267.575134277, 268.004699707, 268.445892334, 268.887084961, 269.32824707, 269.769439697, 270.210601807, 270.640167236, 271.069732666, 271.499328613, 271.928894043, 272.370056152, 272.811248779, 273.252410889, 273.693603516, 274.123168945, 274.552734375, 274.982299805, 275.411865234, 275.853057861, 276.294250488, 276.735412598, 277.176605225, 277.606170654, 278.035736084, 278.453704834, 278.871643066, 279.301208496, 279.742401123, 280.171966553, 280.61315918, 281.054321289, 281.495513916, 281.936676025, 282.377868652, 282.807434082, 283.248626709, 283.678192139, 284.119354248, 284.560546875, 285.001708984, 285.442901611, 285.884063721, 286.325256348, 286.766448975, 287.207611084, 287.648803711, 288.08996582, 288.531158447, 288.972320557, 289.413513184, 289.854675293, 290.28427124, 290.72543335, 291.166625977, 291.619415283, 292.07220459, 292.513366699, 292.966156006, 293.418945313, 293.871734619, 294.336151123, 294.78894043, 295.241729736, 295.694519043, 296.14730835, 296.600097656, 297.052886963, 297.517272949, 297.993286133, 298.446075439, 298.898864746, 299.351654053, 299.816040039, 300.280456543, 300.73324585, 301.186035156, 301.66204834, 302.114837646, 302.579223633, 303.043609619, 303.496398926, 303.949188232, 304.390380859, 304.854766846, 305.31918335, 305.760345459, 306.201538086, 306.642730713, 307.083892822, 307.525085449, 307.977874756, 308.419036865, 308.871826172, 309.336242676, 309.800628662, 310.265014648, 310.706207275, 311.147399902, 311.588562012, 312.041351318, 312.505767822, 312.958557129, 313.411346436, 313.864135742, 314.328521729, 314.792907715, 315.245697021, 315.698486328, 316.162902832, 316.627288818, 317.080078125, 317.532867432, 317.997283936, 318.461669922, 318.914459229, 319.367248535, 319.831634521, 320.272827148, 320.714019775, 321.155181885, 321.619598389, 322.083984375, 322.548370361, 323.001159668, 323.453948975, 323.906738281, 324.359527588, 324.835540771, 325.311553955, 325.775970459, 326.228759766, 326.681549072, 327.145935059, 327.610321045, 328.074737549, 328.539123535, 329.003540039, 329.456329346, 329.909118652, 330.385131836, 330.861114502, 331.325531006, 331.789916992, 332.254333496, 332.718719482, 333.183135986, 333.647521973, 334.100311279, 334.564697266, 335.017486572, 335.458679199, 335.888244629, 336.317810059, 336.759002686, 337.211791992, 337.664581299, 338.128967285, 338.593383789, 339.057769775, 339.533782959, 340.009796143, 340.462585449, 340.915374756, 341.379760742, 341.844177246, 342.308563232, 342.772949219, 343.237365723, 343.713378906, 344.166168213, 344.61895752, 345.083343506, 345.559356689, 346.023742676, 346.48815918, 346.964172363, 347.440185547, 347.91619873, 348.392181396, 348.879821777, 349.29776001, 349.70413208, 350.110473633, 350.528442383, 350.958007813, 351.375946045, 351.793914795, 352.211883545, 352.641448975, 353.059417725, 353.477355957, 353.918548584, 354.359710693, 354.80090332, 355.311737061, 355.810974121, 356.310211182, 356.809417725, 357.308654785, 357.807891846, 358.307098389, 358.79473877, 359.282348633, 359.769958496, 360.269195557, 360.768432617, 361.290863037, 361.813323975, 362.324157715, 362.834991455, 363.345855713, 363.856689453, 364.367523193], "beats_loudness": {"dmean2": 0.0390328131616, "median": 0.0206718686968, "min": 9.46925501921e-05, "dvar2": 0.00309622311033, "dvar": 0.00101560365874, "dmean": 0.0218041911721, "max": 0.279416322708, "var": 0.00199595279992, "mean": 0.0401037633419}, "danceability": 1.23668372631, "bpm_histogram_second_peak_weight": {"dmean2": 0, "median": 0.0972222238779, "min": 0.0972222238779, "dvar2": 0, "dvar": 0, "dmean": 0, "max": 0.0972222238779, "var": 0, "mean": 0.0972222238779}, "beats_count": 793, "bpm_histogram_second_peak_bpm": {"dmean2": 0, "median": 136, "min": 136, "dvar2": 0, "dvar": 0, "dmean": 0, "max": 136, "var": 0, "mean": 136}, "bpm_histogram_first_peak_spread": {"dmean2": 0, "median": 0.471604943275, "min": 0.471604943275, "dvar2": 0, "dvar": 0, "dmean": 0, "max": 0.471604943275, "var": 0, "mean": 0.471604943275}, "beats_loudness_band_ratio": {"dmean2": [0.305787086487, 0.268436342478, 0.0903239473701, 0.130332440138, 0.078804910183, 0.116686217487], "median": [0.504533290863, 0.157835528255, 0.0481105782092, 0.0797962322831, 0.0555477105081, 0.0557256452739], "min": [0.0100522944704, 0.00128109881189, 0.0014576734975, 0.0031179592479, 0.00465427851304, 0.00124057685025], "dvar2": [0.0645584911108, 0.0444078929722, 0.00936534721404, 0.0206738747656, 0.0073164976202, 0.0212242305279], "dvar": [0.0239457357675, 0.016206368804, 0.00332654127851, 0.00698788370937, 0.00254190829583, 0.00779837789014], "dmean": [0.172443985939, 0.149426937103, 0.0517260618508, 0.0755888745189, 0.0449913404882, 0.0658008605242], "max": [0.958726286888, 0.812067568302, 0.494020789862, 0.706057667732, 0.433593899012, 0.805637419224], "var": [0.0867373943329, 0.0288225244731, 0.00581654161215, 0.0136062502861, 0.00389017676935, 0.00924527086318], "mean": [0.487934172153, 0.204360842705, 0.0773759037256, 0.122918702662, 0.0734172984958, 0.0862892791629]}}, "lowlevel": {"barkbands_spread": {"dmean2": 9.43278980255, "median": 26.519865036, "min": 2.02365088463, "dvar2": 124.530441284, "dvar": 50.8335151672, "dmean": 5.95083093643, "max": 97.2864990234, "var": 212.971603394, "mean": 30.2939109802}, "melbands_spread": {"dmean2": 12.7162761688, "median": 26.8935775757, "min": 2.15109753609, "dvar2": 248.133178711, "dvar": 114.141433716, "dmean": 8.23069381714, "max": 177.76008606, "var": 375.942871094, "mean": 30.6718063354}, "hfc": {"dmean2": 6.87657022476, "median": 9.45358181, "min": 1.53181536899e-10, "dvar2": 208.251037598, "dvar": 103.53302002, "dmean": 4.87363052368, "max": 367.0234375, "var": 708.836303711, "mean": 19.6427097321}, "barkbands_kurtosis": {"dmean2": 2.91744613647, "median": -0.030566137284, "min": -1.84419262409, "dvar2": 32.1164550781, "dvar": 12.306801796, "dmean": 1.79510045052, "max": 51.2536087036, "var": 19.2518749237, "mean": 1.54036426544}, "gfcc": {"mean": [-39.3716201782, 86.847984314, -127.954856873, 42.7448806763, -47.0087966919, 9.3859796524, -31.71525383, -2.51901531219, -29.9065284729, -2.55446863174, -18.4345989227, -5.08637666702, -11.6345424652], "icov": [[0.000721448566765, 0.000127426901599, -8.87688802322e-05, -0.000942848273553, 0.00043754116632, -0.000655624433421, 0.00102805776987, -0.00133972731419, 0.000888086680789, -0.00152137794066, 0.00047029016423, -0.000643322244287, 0.0010699480772], [0.000127426901599, 0.00280092842877, -8.49411444506e-05, 0.000331143819494, -0.00169459497556, 0.00169244850986, -0.00146298971958, 0.00104306009598, -0.00138052494731, 0.00175999838393, -0.00254794838838, 0.00195736158639, -0.00193250284065], [-8.87688802322e-05, -8.49411444506e-05, 0.00347299431451, -0.000438359071268, -0.00126162462402, -0.00124106870499, 0.000943327671848, -0.000747566577047, 0.000903957756236, -0.00107623892836, 0.00334527692758, -0.00304660876282, 0.0003708107688], [-0.000942848273553, 0.000331143819494, -0.000438359071268, 0.00590857444331, -0.000761351548135, -0.00136039464269, -0.00216442230158, 0.00108389055822, -0.00179833779112, 0.00215132185258, -0.000340375147061, 0.00217717257328, -0.00352276558988], [0.00043754116632, -0.00169459497556, -0.00126162462402, -0.000761351548135, 0.00665811169893, -0.00181237014476, 0.000168964630575, -0.000839552260004, 0.00148998515215, -0.00214561470784, 4.24193167419e-05, 0.000661672966089, 0.00183480943087], [-0.000655624433421, 0.00169244850986, -0.00124106870499, -0.00136039464269, -0.00181237014476, 0.0096371313557, -0.00363906472921, -0.00120524538215, -0.00152366352268, 0.00130853336304, -0.00236076465808, 0.000340492464602, -0.000910346803721], [0.00102805776987, -0.00146298971958, 0.000943327671848, -0.00216442230158, 0.000168964630575, -0.00363906472921, 0.012075394392, -0.00314903608523, 0.00107491365634, -0.00229716300964, 0.00233402545564, -0.00279787159525, -0.000294531841064], [-0.00133972731419, 0.00104306009598, -0.000747566577047, 0.00108389055822, -0.000839552260004, -0.00120524538215, -0.00314903608523, 0.0123709468171, -0.00390588282607, 0.00210408051498, -0.00213248585351, 0.000391880545067, -0.000468405720312], [0.000888086680789, -0.00138052494731, 0.000903957756236, -0.00179833779112, 0.00148998515215, -0.00152366352268, 0.00107491365634, -0.00390588282607, 0.0150868110359, -0.00439859041944, 0.00273232976906, -0.00103633536492, 0.0022613350302], [-0.00152137794066, 0.00175999838393, -0.00107623892836, 0.00215132185258, -0.00214561470784, 0.00130853336304, -0.00229716300964, 0.00210408051498, -0.00439859041944, 0.0168709475547, -0.00693247839808, 0.00549592403695, -0.00259983423166], [0.00047029016423, -0.00254794838838, 0.00334527692758, -0.000340375147061, 4.24193167419e-05, -0.00236076465808, 0.00233402545564, -0.00213248585351, 0.00273232976906, -0.00693247839808, 0.0170571245253, -0.00762522825971, 0.00639112386853], [-0.000643322244287, 0.00195736158639, -0.00304660876282, 0.00217717257328, 0.000661672966089, 0.000340492464602, -0.00279787159525, 0.000391880545067, -0.00103633536492, 0.00549592403695, -0.00762522825971, 0.0235672984272, -0.0106695191935], [0.0010699480772, -0.00193250284065, 0.0003708107688, -0.00352276558988, 0.00183480943087, -0.000910346803721, -0.000294531841064, -0.000468405720312, 0.0022613350302, -0.00259983423166, 0.00639112386853, -0.0106695191935, 0.0219251774251]], "cov": [[11787.9140625, -3580.0925293, 2317.23413086, 1910.24902344, -46.3966064453, 1982.34802246, -1.31576097012, 1544.81665039, -15.343875885, 723.923706055, -294.584594727, 352.119995117, -159.244644165], [-3580.0925293, 1665.484375, -787.716430664, -585.049560547, 123.125534058, -668.331665039, 25.2515659332, -497.624267578, 21.8111686707, -214.332855225, 159.458862305, -141.409225464, 49.5205764771], [2317.23413086, -787.716430664, 962.459838867, 473.060577393, 87.1546401978, 504.023925781, 42.3392219543, 345.722198486, -12.2516031265, 121.886924744, -152.35736084, 130.94317627, 22.6573238373], [1910.24902344, -585.049560547, 473.060577393, 582.315185547, 36.8487510681, 416.99697876, 79.3969116211, 272.308624268, 20.5377082825, 89.4650421143, -86.7253723145, 71.7560806274, 30.5781402588], [-46.3966064453, 123.125534058, 87.1546401978, 36.8487510681, 227.91368103, 49.0021781921, 32.8873634338, 14.3090219498, 0.442307561636, 19.1988658905, 11.9431505203, -9.81688690186, -4.75546073914], [1982.34802246, -668.331665039, 504.023925781, 416.99697876, 49.0021781921, 525.439208984, 76.4943084717, 310.925109863, 15.6968288422, 115.744140625, -61.3820724487, 84.8017883301, -0.518640160561], [-1.31576097012, 25.2515659332, 42.3392219543, 79.3969116211, 32.8873634338, 76.4943084717, 136.012878418, 40.6960029602, 13.1875581741, -1.41824316978, -10.4396820068, 19.9652099609, 28.681722641], [1544.81665039, -497.624267578, 345.722198486, 272.308624268, 14.3090219498, 310.925109863, 40.6960029602, 311.407714844, 22.8354530334, 92.1695632935, -37.5257606506, 58.655582428, -14.3743219376], [-15.343875885, 21.8111686707, -12.2516031265, 20.5377082825, 0.442307561636, 15.6968288422, 13.1875581741, 22.8354530334, 82.78565979, 13.9033002853, 0.601872384548, -5.12267446518, -2.10008263588], [723.923706055, -214.332855225, 121.886924744, 89.4650421143, 19.1988658905, 115.744140625, -1.41824316978, 92.1695632935, 13.9033002853, 129.564834595, 15.727350235, 5.40888023376, -24.7794742584], [-294.584594727, 159.458862305, -152.35736084, -86.7253723145, 11.9431505203, -61.3820724487, -10.4396820068, -37.5257606506, 0.601872384548, 15.727350235, 118.192367554, -9.64170455933, -24.7589302063], [352.119995117, -141.409225464, 130.94317627, 71.7560806274, -9.81688690186, 84.8017883301, 19.9652099609, 58.655582428, -5.12267446518, 5.40888023376, -9.64170455933, 83.594039917, 30.190990448], [-159.244644165, 49.5205764771, 22.6573238373, 30.5781402588, -4.75546073914, -0.518640160561, 28.681722641, -14.3743219376, -2.10008263588, -24.7794742584, -24.7589302063, 30.190990448, 81.9174804688]]}, "spectral_energyband_middle_low": {"dmean2": 0.00498599046841, "median": 0.00303060375154, "min": 3.53528867583e-16, "dvar2": 0.000152651962708, "dvar": 6.12453441136e-05, "dmean": 0.00306325475685, "max": 0.159521892667, "var": 8.20023342385e-05, "mean": 0.00571577996016}, "melbands_crest": {"dmean2": 4.20933818817, "median": 13.3047885895, "min": 3.52703356743, "dvar2": 18.0867519379, "dvar": 6.7351140976, "dmean": 2.6165702343, "max": 30.458896637, "var": 23.6478805542, "mean": 13.9303474426}, "spectral_kurtosis": {"dmean2": 2.46199011803, "median": 3.06342148781, "min": -0.607966780663, "dvar2": 10.0631093979, "dvar": 3.35063433647, "dmean": 1.41511321068, "max": 51.6766281128, "var": 8.0259437561, "mean": 3.85081863403}, "spectral_rms": {"dmean2": 0.00122865848243, "median": 0.00351037969813, "min": 4.44068293248e-09, "dvar2": 6.11459381616e-06, "dvar": 2.54076894635e-06, "dmean": 0.000785935146268, "max": 0.01881692186, "var": 8.0064201029e-06, "mean": 0.00375633430667}, "zerocrossingrate": {"dmean2": 0.011940899305, "median": 0.06396484375, "min": 0.0068359375, "dvar2": 0.000160444324138, "dvar": 0.000119900367281, "dmean": 0.00984479486942, "max": 0.47705078125, "var": 0.00113585940562, "mean": 0.0717603564262}, "silence_rate_60dB": {"dmean2": 0.014503817074, "median": 0, "min": 0, "dvar2": 0.0164586920291, "dvar": 0.00719961849973, "dmean": 0.00725144706666, "max": 1, "var": 0.235554918647, "mean": 0.379913508892}, "erbbands_kurtosis": {"dmean2": 0.807301223278, "median": -0.385487318039, "min": -1.79751300812, "dvar2": 1.03806698322, "dvar": 0.46849116683, "dmean": 0.532092511654, "max": 23.2099990845, "var": 1.47615468502, "mean": -0.110762797296}, "erbbands": {"dmean2": [0.194474250078, 2.84260058403, 7.27651929855, 7.25316619873, 9.2635974884, 7.30093097687, 4.43924427032, 4.25457382202, 5.25042009354, 3.10486483574, 5.03847122192, 4.00157928467, 7.67883396149, 12.6927194595, 5.70861721039, 13.2587966919, 16.414188385, 13.9229078293, 26.2428207397, 15.0087490082, 13.0016145706, 13.6203517914, 16.6809844971, 15.7318582535, 17.2299404144, 15.0326318741, 13.1711540222, 7.39695882797, 5.43468523026, 5.25967597961, 3.22486901283, 3.37991166115, 1.72117054462, 0.865395069122, 0.42368465662, 0.241474851966, 0.0913658291101, 0.0114427665249, 0.000862385088112, 3.75238596462e-05], "median": [0.0226142182946, 0.362774789333, 1.03225898743, 1.82008981705, 2.04011249542, 1.72604489326, 2.26703834534, 2.04488587379, 1.7909014225, 0.917024970055, 1.65656256676, 1.91857016087, 3.53002214432, 6.34424495697, 2.53239536285, 3.08763599396, 3.67838358879, 8.41824245453, 7.4139623642, 5.65205955505, 4.65413284302, 4.5830783844, 4.81776428223, 6.38708114624, 5.71190023422, 6.75545120239, 5.78355789185, 4.02203559875, 2.69791889191, 2.07263326645, 1.07656812668, 0.770593523979, 0.316998541355, 0.112512335181, 0.0715760737658, 0.0303326807916, 0.00574968010187, 0.000551845878363, 4.4690008508e-05, 2.20355850615e-05], "min": [1.112652421e-15, 7.05183388896e-15, 2.69478043395e-14, 6.86563842887e-14, 1.25130781388e-13, 1.60380457287e-13, 1.56889949708e-13, 2.34975965551e-13, 6.10513321755e-13, 1.1804079849e-12, 1.53640067248e-12, 2.06883100061e-12, 3.93095668863e-12, 9.17143531259e-12, 2.74152506252e-11, 6.01973193515e-11, 8.37182337343e-11, 4.17554810173e-11, 1.31502838133e-11, 1.17930257573e-11, 1.47133659423e-11, 1.40333612786e-11, 8.9743670828e-11, 5.84262568881e-11, 9.97922404433e-12, 1.44127427007e-11, 6.91005169751e-11, 5.06353292629e-11, 4.09620913577e-11, 1.97679424913e-11, 5.14833800591e-11, 3.98619331987e-11, 2.98641077146e-11, 1.18615126402e-11, 1.20532967288e-11, 7.71282690493e-12, 5.01608303505e-12, 8.63229301408e-13, 2.73771863469e-13, 2.51280285913e-14], "dvar2": [0.422172904015, 79.2959671021, 398.500946045, 334.039337158, 643.01361084, 590.990478516, 185.617355347, 142.43812561, 166.991622925, 56.6406936646, 134.290924072, 86.3464126587, 310.206451416, 529.596252441, 160.491088867, 1038.80004883, 2648.8581543, 1017.48455811, 3146.8503418, 891.139343262, 785.250305176, 912.879882813, 1345.89929199, 824.588256836, 1108.47729492, 805.932556152, 968.490600586, 211.797409058, 163.382034302, 199.2631073, 70.0897064209, 102.669052124, 25.12292099, 6.39812850952, 1.54754173756, 0.426768124104, 0.0762533023953, 0.00139253947418, 8.98951930139e-06, 1.062773336e-08], "dvar": [0.162200972438, 28.632358551, 150.834396362, 134.870269775, 258.905731201, 215.583328247, 67.4374847412, 54.2822914124, 77.4741287231, 22.4591445923, 57.1043739319, 37.4197692871, 138.876419067, 247.132827759, 69.1206436157, 434.862762451, 1120.81677246, 527.677001953, 1319.0916748, 342.627990723, 295.548522949, 329.725891113, 489.257781982, 325.772766113, 418.686828613, 299.773101807, 417.551696777, 93.515296936, 72.1588668823, 88.5783157349, 31.7713298798, 42.8294143677, 11.0991163254, 2.9073972702, 0.710355818272, 0.212773144245, 0.0344866551459, 0.000623199681286, 3.74276510229e-06, 4.49429382599e-09], "dmean": [0.115648254752, 1.63100254536, 4.36249732971, 4.34150075912, 5.65907907486, 4.28362083435, 2.74313616753, 2.69054436684, 3.6422021389, 1.97266662121, 3.28612709045, 2.63660240173, 5.12084674835, 8.66114616394, 3.70448184013, 8.46177387238, 10.5463628769, 9.5403842926, 16.6115703583, 9.24233722687, 7.94176769257, 8.05755901337, 9.82299137115, 9.64088058472, 10.3957567215, 9.05222892761, 8.19068145752, 4.76945447922, 3.55710124969, 3.54028296471, 2.18393421173, 2.23586773872, 1.18915081024, 0.602196276188, 0.301209568977, 0.175873562694, 0.0641691237688, 0.0079682553187, 0.000585153815337, 2.521155875e-05], "max": [4.77832651138, 63.5654640198, 193.359725952, 323.180358887, 252.222686768, 277.70501709, 148.996551514, 179.055419922, 188.424942017, 132.180160522, 170.02331543, 164.191574097, 272.180603027, 476.781860352, 263.339447021, 610.83770752, 1151.3671875, 1333.53735352, 891.026367188, 397.324249268, 487.998260498, 300.121429443, 462.870361328, 434.370513916, 413.199584961, 398.524719238, 1161.40686035, 449.855804443, 398.454620361, 502.933959961, 311.300506592, 342.049957275, 164.565963745, 83.6266555786, 37.7787704468, 15.9975767136, 6.06012964249, 0.724677860737, 0.0510368421674, 0.00150633347221], "var": [0.131666794419, 21.8731136322, 157.383544922, 191.296615601, 299.507385254, 179.907653809, 73.5638198853, 95.4921264648, 303.335662842, 53.5774230957, 117.21131897, 76.4952163696, 331.239562988, 660.893249512, 192.285369873, 1162.70507813, 3034.37695313, 1443.22143555, 2964.86938477, 846.793273926, 651.518005371, 547.621337891, 924.789123535, 954.976806641, 1407.89221191, 925.351745605, 1262.0378418, 370.168273926, 255.616485596, 359.16506958, 119.012863159, 126.231216431, 47.0587234497, 13.6293563843, 3.18992376328, 0.738199830055, 0.0931517332792, 0.00153861753643, 7.66535686125e-06, 9.41334388216e-09], "mean": [0.122725814581, 1.80191481113, 5.83782625198, 6.36618709564, 7.38393068314, 5.49435043335, 4.66860675812, 5.18515825272, 8.41747951508, 3.6214056015, 5.48017120361, 4.921251297, 9.81554412842, 17.1387653351, 8.12411022186, 16.4257564545, 20.8152599335, 20.356180191, 29.1180992126, 18.3725624084, 15.3183813095, 14.9332094193, 18.632692337, 21.6753044128, 24.648979187, 20.8899974823, 18.9197731018, 11.7120952606, 8.31636333466, 8.35889816284, 4.96658849716, 4.72265148163, 2.69898056984, 1.40775752068, 0.67433142662, 0.343572199345, 0.110643573105, 0.0135360267013, 0.000913983036298, 5.34597456863e-05]}, "spectral_strongpeak": {"dmean2": 0.50149923563, "median": 0.286675512791, "min": 6.77438833918e-08, "dvar2": 1.22187554836, "dvar": 0.460930049419, "dmean": 0.288892269135, "max": 16.7965221405, "var": 0.498546302319, "mean": 0.485806107521}, "spectral_energy": {"dmean2": 0.018948500976, "median": 0.0126308333129, "min": 2.02126540467e-14, "dvar2": 0.0025475686416, "dvar": 0.000989370513707, "dmean": 0.0116655770689, "max": 0.36292847991, "var": 0.00122250709683, "mean": 0.0226693302393}, "average_loudness": 0.449608713388, "spectral_rolloff": {"dmean2": 954.010925293, "median": 1571.92382813, "min": 86.1328125, "dvar2": 1607294.75, "dvar": 715584.875, "dmean": 577.724121094, "max": 14728.7109375, "var": 2012029.75, "mean": 1936.97814941}, "spectral_centroid": {"dmean2": 410.083190918, "median": 1702.50036621, "min": 285.3465271, "dvar2": 159787.921875, "dvar": 69115.9453125, "dmean": 261.375946045, "max": 4216.86132813, "var": 464074.96875, "mean": 1769.81335449}, "pitch_salience": {"dmean2": 0.0982291325927, "median": 0.535468876362, "min": 0.151758566499, "dvar2": 0.00939486734569, "dvar": 0.00336249661632, "dmean": 0.0604795664549, "max": 0.936177432537, "var": 0.0106642721221, "mean": 0.527929365635}, "spectral_energyband_middle_high": {"dmean2": 0.00151396542788, "median": 0.00179951428436, "min": 7.29841110914e-15, "dvar2": 6.97688619766e-06, "dvar": 2.85047190118e-06, "dmean": 0.000978155992925, "max": 0.0324042215943, "var": 2.15599102376e-05, "mean": 0.00387481041253}, "spectral_contrast_coeffs": {"dmean2": [0.071141526103, 0.0600926317275, 0.052263494581, 0.046271238476, 0.0362569093704, 0.0299095027149], "median": [-0.61271905899, -0.732076227665, -0.76274985075, -0.742917716503, -0.770419836044, -0.743516087532], "min": [-0.938217520714, -0.950133919716, -0.959035634995, -0.943158090115, -0.935075640678, -0.913288235664], "dvar2": [0.00385918910615, 0.00259066116996, 0.00177094701212, 0.00135503802449, 0.000871254422236, 0.000965365441516], "dvar": [0.00140072696377, 0.000942860613577, 0.00070095580304, 0.000558766303584, 0.000358603196219, 0.000412102875998], "dmean": [0.0422249548137, 0.0370794422925, 0.0328216217458, 0.029220322147, 0.0223238579929, 0.0188160445541], "max": [-0.322836577892, -0.477503687143, -0.544903457165, -0.555586457253, -0.53842651844, -0.509809672832], "var": [0.00519546307623, 0.00415186304599, 0.00301700294949, 0.00238892971538, 0.00151944695972, 0.00159463076852], "mean": [-0.609116435051, -0.729692518711, -0.758517324924, -0.742178082466, -0.766965031624, -0.737208843231]}, "melbands_skewness": {"dmean2": 1.10890424252, "median": 2.31294298172, "min": -0.81889218092, "dvar2": 2.1663081646, "dvar": 0.90943479538, "dmean": 0.722096741199, "max": 12.3290214539, "var": 2.93554472923, "mean": 2.74327921867}, "spectral_spread": {"dmean2": 542903.1875, "median": 3970497.5, "min": 1136495.625, "dvar2": 395301421056, "dvar": 212804976640, "dmean": 378763.8125, "max": 11348093, "var": 2407373471740.0, "mean": 4275234}, "dissonance": {"dmean2": 0.0175916552544, "median": 0.480176240206, "min": 0.0301666874439, "dvar2": 0.000297279242659, "dvar": 0.000112452333269, "dmean": 0.0105788642541, "max": 0.500000059605, "var": 0.000298187689623, "mean": 0.475877583027}, "spectral_skewness": {"dmean2": 0.306218028069, "median": 1.18919348717, "min": -0.417222768068, "dvar2": 0.108511209488, "dvar": 0.0396554246545, "dmean": 0.183769747615, "max": 4.95108985901, "var": 0.147145271301, "mean": 1.2386380434}, "spectral_flux": {"dmean2": 0.0344861224294, "median": 0.0445551089942, "min": 0.00197450676933, "dvar2": 0.00485824234784, "dvar": 0.00211293483153, "dmean": 0.021823162