{"tonal": {"thpcp": [1, 0.587229430676, 0.321920484304, 0.236168295145, 0.228222101927, 0.295232832432, 0.307934224606, 0.306098908186, 0.407914459705, 0.393108874559, 0.285656303167, 0.28359028697, 0.256148219109, 0.258679836988, 0.376424729824, 0.357905894518, 0.214622467756, 0.141007766128, 0.118619024754, 0.18430763483, 0.503783106804, 0.596099734306, 0.322911411524, 0.195935472846, 0.181677520275, 0.173003286123, 0.226610168815, 0.368427842855, 0.516480743885, 0.590304195881, 0.507876873016, 0.325559139252, 0.219849199057, 0.21312905848, 0.39645549655, 0.88731366396], "hpcp": {"dmean2": [0.214001297951, 0.202956587076, 0.193318560719, 0.198750779033, 0.226914852858, 0.21292693913, 0.178050607443, 0.180742770433, 0.173424810171, 0.198703825474, 0.237359434366, 0.234494537115, 0.163285419345, 0.11485209316, 0.105150543153, 0.14250099659, 0.260625720024, 0.294795483351, 0.218435436487, 0.152173340321, 0.136305734515, 0.14745169878, 0.170726269484, 0.257941961288, 0.365644782782, 0.343585371971, 0.284198790789, 0.255133956671, 0.215491756797, 0.230402052402, 0.340093910694, 0.427549511194, 0.405917674303, 0.356031626463, 0.293100953102, 0.251725703478], "median": [0.0299989916384, 0.0490871220827, 0.0601238943636, 0.052891407162, 0.0607030428946, 0.0515038780868, 0.0538433715701, 0.0660498738289, 0.0574290789664, 0.0416532494128, 0.0596087574959, 0.0547097213566, 0.0320412553847, 0.0192816983908, 0.0155774671584, 0.0398053638637, 0.147983163595, 0.182487040758, 0.0789004787803, 0.0166806094348, 0.0108245769516, 0.0152523005381, 0.016790881753, 0.0392312929034, 0.0960871353745, 0.125352397561, 0.0639382153749, 0.033469453454, 0.0222652088851, 0.0220673643053, 0.0766940042377, 0.271486401558, 0.318916380405, 0.133486822248, 0.0445060767233, 0.0251149386168], "min": [0, 0, 0, 0, 0, 0, 0, 0, 0, 0, 0, 0, 0, 0, 0, 0, 0, 0, 0, 0, 0, 0, 0, 0, 0, 0, 0, 0, 0, 0, 0, 0, 0, 0, 0, 0], "dvar2": [0.105351060629, 0.0909953415394, 0.0729254484177, 0.0786949768662, 0.103355281055, 0.0911267995834, 0.072329133749, 0.074776083231, 0.0740603655577, 0.0961815565825, 0.109919525683, 0.108171902597, 0.0720649585128, 0.0578720793128, 0.0464966408908, 0.0551197528839, 0.0845836400986, 0.094642162323, 0.076468847692, 0.0795319080353, 0.0775738656521, 0.0816254392266, 0.0965976044536, 0.116109594703, 0.169883936644, 0.141145959496, 0.148670643568, 0.149421200156, 0.126115202904, 0.125535011292, 0.150374889374, 0.159887745976, 0.147874861956, 0.148045197129, 0.142831578851, 0.135532200336], "dvar": [0.0382862351835, 0.0329056084156, 0.0267701987177, 0.0297763124108, 0.0386359393597, 0.0351790599525, 0.027888096869, 0.0278568379581, 0.0268142595887, 0.0346267744899, 0.0409103669226, 0.0421140529215, 0.0272404141724, 0.0216486528516, 0.0170687772334, 0.0198402833194, 0.0326893478632, 0.037670828402, 0.0282814204693, 0.0294106081128, 0.0292375832796, 0.0285466164351, 0.0344350337982, 0.0441618300974, 0.062330275774, 0.0540326461196, 0.057882681489, 0.0526444278657, 0.0455076023936, 0.0459518916905, 0.0554995499551, 0.0621433928609, 0.0616416558623, 0.0538529641926, 0.0529831573367, 0.0497689023614], "dmean": [0.117220252752, 0.114675119519, 0.111259922385, 0.115167632699, 0.133359640837, 0.12263764441, 0.102205581963, 0.103577040136, 0.0979600995779, 0.111540041864, 0.135513618588, 0.134022369981, 0.0918074697256, 0.0634156316519, 0.0577872768044, 0.0794065445662, 0.155719190836, 0.180867046118, 0.125253602862, 0.0853827595711, 0.0766269490123, 0.0819066092372, 0.0967615842819, 0.14475697279, 0.20422758162, 0.195879623294, 0.161650314927, 0.140569463372, 0.117105580866, 0.124547295272, 0.187599018216, 0.248355090618, 0.234687969089, 0.20257909596, 0.163435682654, 0.135957896709], "max": [1, 1, 1, 1, 1, 1, 1, 1, 1, 1, 1, 1, 1, 1, 1, 1, 1, 1, 1, 1, 1, 1, 1, 1, 1, 1, 1, 1, 1, 1, 1, 1, 1, 1, 1, 1], "var": [0.0311842504889, 0.0390972308815, 0.0378073900938, 0.0390873476863, 0.0644588693976, 0.0665732100606, 0.0354749746621, 0.0279968064278, 0.025546412915, 0.0342686586082, 0.0552625618875, 0.0559183172882, 0.0281934738159, 0.020075686276, 0.0141431447119, 0.0161327328533, 0.0489850863814, 0.062685392797, 0.0321612842381, 0.0363420955837, 0.0379116088152, 0.027500776574, 0.0390544719994, 0.0656885057688, 0.0783175528049, 0.0860699489713, 0.0968305468559, 0.0575543567538, 0.0370672382414, 0.0346793234348, 0.051983628422, 0.110670246184, 0.128193765879, 0.0780615359545, 0.0482732951641, 0.0379172414541], "mean": [0.0993210077286, 0.128483712673, 0.134011283517, 0.133212566376, 0.177522137761, 0.171078830957, 0.124316059053, 0.123416945338, 0.111474305391, 0.112576052547, 0.163817986846, 0.155758678913, 0.0934025198221, 0.0613658092916, 0.0516223497689, 0.080209672451, 0.219243660569, 0.259419351816, 0.14052927494, 0.0852700471878, 0.0790650621057, 0.0752900838852, 0.0986195057631, 0.160337775946, 0.224769592285, 0.25689715147, 0.221025243402, 0.141681551933, 0.0956771671772, 0.0927525982261, 0.172535255551, 0.386154055595, 0.435194522142, 0.255559027195, 0.140098035336, 0.102779150009]}, "tuning_equal_tempered_deviation": 0.478601276875, "chords_changes_rate": 0.0594900846481, "key_key": "C", "tuning_diatonic_strength": 0.582031905651, "key_scale": "major", "chords_number_rate": 0.00239703641273, "tuning_frequency": 434.193115234, "tuning_nontempered_energy_ratio": 0.983096897602, "chords_histogram": [7.51797771454, 3.31226849556, 28.8298110962, 0.0871649608016, 0.217912405729, 0, 0.479407280684, 0, 0.0653737187386, 0, 0, 0, 1.08956193924, 0.414033561945, 0.697319686413, 6.73349332809, 0.392242312431, 5.40422773361, 0.631945967674, 28.5029411316, 7.82305526733, 1.48180437088, 5.07735872269, 1.24210071564], "key_strength": 0.645763039589, "chords_key": "G", "chords_strength": {"dmean2": 0.0105128427967, "median": 0.552475273609, "min": -1, "dvar2": 0.00100029946771, "dvar": 0.000477559486171, "dmean": 0.00967927090824, "max": 0.767387866974, "var": 0.0191179551184, "mean": 0.544036209583}, "chords_scale": "major", "hpcp_entropy": {"dmean2": 1.03672134876, "median": 2.39100408554, "min": 0, "dvar2": 0.746338069439, "dvar": 0.26752436161, "dmean": 0.611998140812, "max": 4.55413913727, "var": 0.554637074471, "mean": 2.33807587624}}, "metadata": {"audio_properties": {"equal_loudness": 0, "codec": "mp3", "downmix": "mix", "sample_rate": 44100, "analysis_sample_rate": 44100, "bit_rate": 256031, "md5_encoded": "91cb15264efdc71de0532030d665885e", "length": 213.028564453, "replay_gain": -16.3734550476, "lossless": false}, "version": {"essentia_build_sha": "70f2e5ece6736b2c40cc944ad0e695b16b925413", "essentia": "2.1-beta2", "extractor": "music 1.0", "essentia_git_sha": "v2.1_beta2"}, "tags": {"title": ["Unquiet"], "artist": ["Pati Yang"], "date": ["2005"], "genre": ["Pop"], "length": ["213"], "album": ["Easy Flow"], "tracknumber": ["4"], "discnumber": ["1"], "musicbrainz_recordingid": ["0ad8a436-f17d-4116-b91a-9f04e6a4a78f"], "file_name": "2070071.mp3"}}, "rhythm": {"bpm_histogram_first_peak_bpm": {"dmean2": 0, "median": 152, "min": 152, "dvar2": 0, "dvar": 0, "dmean": 0, "max": 152, "var": 0, "mean": 152}, "bpm": 153.776855469, "bpm_histogram_second_peak_spread": {"dmean2": 0, "median": 0.0185185074806, "min": 0.0185185074806, "dvar2": 0, "dvar": 0, "dmean": 0, "max": 0.0185185074806, "var": 0, "mean": 0.0185185074806}, "bpm_histogram_first_peak_weight": {"dmean2": 0, "median": 0.546125471592, "min": 0.546125471592, "dvar2": 0, "dvar": 0, "dmean": 0, "max": 0.546125471592, "var": 0, "mean": 0.546125471592}, "onset_rate": 3.0838830471, "beats_position": [0.417959183455, 0.847528338432, 1.26548755169, 1.67183673382, 2.06657600403, 2.46131515503, 2.85605430603, 3.25079369545, 3.64553284645, 4.02866220474, 4.41179132462, 4.80653047562, 5.20126962662, 5.59600877762, 5.97913837433, 6.3622674942, 6.74539661407, 7.14013576508, 7.52326536179, 7.91800451279, 8.31274318695, 8.70748329163, 9.10222244263, 9.4853515625, 9.86848068237, 10.2632198334, 10.6579589844, 11.0526981354, 11.4474372864, 11.8421764374, 12.2253055573, 12.6084346771, 13.0031747818, 13.3979139328, 13.7926530838, 14.1873922348, 14.5705213547, 14.9536504745, 15.3367795944, 15.7199087143, 16.114648819, 16.50938797, 16.8925170898, 17.2756462097, 17.6703853607, 18.0651245117, 18.4482536316, 18.8429927826, 19.2261219025, 19.6208610535, 20.0156002045, 20.4103393555, 20.7934684753, 21.1882076263, 21.5713367462, 21.9544658661, 22.3375968933, 22.7323360443, 23.1270751953, 23.5218143463, 23.9165534973, 24.3112926483, 24.6944217682, 25.0775508881, 25.4722900391, 25.8670291901, 26.2501583099, 26.6332874298, 27.0280265808, 27.4111557007, 27.7942848206, 28.1890239716, 28.5837631226, 28.9785022736, 29.3616313934, 29.7447605133, 30.1394996643, 30.5342407227, 30.9173698425, 31.3004989624, 31.6952381134, 32.0899772644, 32.4847145081, 32.8794555664, 33.2741928101, 33.6573219299, 34.0404510498, 34.4235839844, 34.8067131042, 35.2014503479, 35.5961914062, 35.9793205261, 36.362449646, 36.7571868896, 37.151927948, 37.5466651917, 37.94140625, 38.3361434937, 38.7192726135, 39.1024017334, 39.4855308533, 39.8802719116, 40.2634010315, 40.6581382751, 41.0528793335, 41.4476165771, 41.8423576355, 42.2370948792, 42.6318359375, 43.0149650574, 43.3980941772, 43.7812232971, 44.164352417, 44.5590934753, 44.953830719, 45.3485717773, 45.743309021, 46.1264381409, 46.5095672607, 46.8926963806, 47.2758255005, 47.6705665588, 48.0653038025, 48.4484329224, 48.8315620422, 49.2146911621, 49.5978240967, 49.9925613403, 50.3873023987, 50.7704315186, 51.1651687622, 51.5599098206, 51.9546470642, 52.3493881226, 52.7325172424, 53.1156463623, 53.510383606, 53.9051246643, 54.2882537842, 54.6713829041, 55.0545120239, 55.4492492676, 55.8439903259, 56.2271194458, 56.6218566895, 57.0282058716, 57.4229469299, 57.8060760498, 58.1892051697, 58.5723342896, 58.9554634094, 59.3502044678, 59.7449417114, 60.1396827698, 60.5344200134, 60.9175491333, 61.3006782532, 61.6954193115, 62.0901565552, 62.473285675, 62.8680267334, 63.2627639771, 63.6575050354, 64.0406341553, 64.4353713989, 64.8301086426, 65.2132415771, 65.5963668823, 65.9911117554, 66.385848999, 66.7805862427, 67.1637191772, 67.5468444824, 67.9415893555, 68.3363265991, 68.7194519043, 69.1025848389, 69.4973220825, 69.8920593262, 70.2868041992, 70.6815414429, 71.0762786865, 71.4477996826, 71.8309249878, 72.2140579224, 72.5971832275, 72.9919281006, 73.3750534058, 73.7697982788, 74.1645355225, 74.5592727661, 74.9307937622, 75.3255310059, 75.7202682495, 76.1150131226, 76.5097503662, 76.9044876099, 77.2992248535, 77.6939697266, 78.0654830933, 78.4486160278, 78.831741333, 79.2264862061, 79.6212234497, 80.0159606934, 80.410697937, 80.8054428101, 81.2001800537, 81.5949172974, 81.9896621704, 82.3843994141, 82.7675247192, 83.1506576538, 83.533782959, 83.9169158936, 84.3116531372, 84.6947860718, 85.077911377, 85.4726486206, 85.8673934937, 86.2505187988, 86.6336517334, 87.0283889771, 87.4231262207, 87.8062591553, 88.2009963989, 88.5957336426, 88.9904708862, 89.3736038208, 89.7683410645, 90.151473999, 90.5345993042, 90.9293441772, 91.3240814209, 91.7072067261, 92.0903396606, 92.4850769043, 92.8798141479, 93.274559021, 93.6692962646, 94.0524215698, 94.4355545044, 94.830291748, 95.2134246826, 95.5965499878, 95.9912872314, 96.374420166, 96.7575454712, 97.1522903442, 97.5470275879, 97.9417648315, 98.3365097046, 98.7312469482, 99.1259841919, 99.5091171265, 99.8922424316, 100.286979675, 100.67011261, 101.053237915, 101.447982788, 101.842720032, 102.237457275, 102.62059021, 103.003715515, 103.398452759, 103.793197632, 104.187934875, 104.582672119, 104.965805054, 105.360542297, 105.743675232, 106.126800537, 106.509933472, 106.904670715, 107.299407959, 107.682540894, 108.065666199, 108.460403442, 108.855148315, 109.238273621, 109.633010864, 110.016143799, 110.410881042, 110.794013977, 111.177139282, 111.571876526, 111.966621399, 112.361358643, 112.756095886, 113.15083313, 113.545578003, 113.928703308, 114.311836243, 114.706573486, 115.089706421, 115.472831726, 115.86756897, 116.262313843, 116.657051086, 117.040176392, 117.423309326, 117.81804657, 118.201179504, 118.572692871, 118.979042053, 119.373786926, 119.76852417, 120.163261414, 120.557998657, 120.941131592, 121.324264526, 121.707389832, 122.102127075, 122.496871948, 122.891609192, 123.286346436, 123.66947937, 124.064216614, 124.447341919, 124.830474854, 125.225212097, 125.619949341, 126.014694214, 126.409431458, 126.804168701, 127.187301636, 127.570426941, 127.953559875, 128.336685181, 128.731430054, 129.126159668, 129.520904541, 129.915649414, 130.29876709, 130.681900024, 131.053421021, 131.448165894, 131.842895508, 132.237640381, 132.632385254, 133.01550293, 133.398635864, 133.793380737, 134.188110352, 134.571243286, 134.965988159, 135.360717773, 135.755462646, 136.138595581, 136.533325195, 136.91645813, 137.299591064, 137.694335938, 138.077453613, 138.460586548, 138.855331421, 139.250061035, 139.644805908, 140.039550781, 140.422668457, 140.805801392, 141.188934326, 141.572067261, 141.966796875, 142.361541748, 142.756271362, 143.151016235, 143.545761108, 143.928878784, 144.323623657, 144.706756592, 145.101501465, 145.484619141, 145.879364014, 146.262496948, 146.657226562, 147.051971436, 147.446716309, 147.829833984, 148.212966919, 148.607711792, 149.002441406, 149.385574341, 149.768707275, 150.16343689, 150.558181763, 150.941314697, 151.336044312, 151.719177246, 152.113922119, 152.497055054, 152.880172729, 153.274917603, 153.669662476, 154.06439209, 154.459136963, 154.842269897, 155.236999512, 155.631744385, 156.014877319, 156.397994995, 156.78112793, 157.175872803, 157.559005737, 157.942123413, 158.325256348, 158.708389282, 159.103118896, 159.49786377, 159.892608643, 160.287338257, 160.68208313, 161.076828003, 161.471557617, 161.854690552, 162.237823486, 162.632553101, 163.027297974, 163.422042847, 163.805160522, 164.199905396, 164.594650269, 164.977767944, 165.360900879, 165.744033813, 166.138778687, 166.533508301, 166.916641235, 167.29977417, 167.682891846, 168.06602478, 168.460769653, 168.855514526, 169.250244141, 169.644989014, 170.028121948, 170.411239624, 170.805984497, 171.189117432, 171.572235107, 171.96697998, 172.361724854, 172.756454468, 173.151199341, 173.534332275, 173.92906189, 174.312194824, 174.706939697, 175.090057373, 175.484802246, 175.879547119, 176.274276733, 176.669021606, 177.063766479, 177.446884155, 177.83001709, 178.213150024, 178.607894897, 179.002624512, 179.397369385, 179.780502319, 180.163619995, 180.558364868, 180.941497803, 181.324615479, 181.719360352, 182.114105225, 182.4972229, 182.880355835, 183.275100708, 183.658233643, 184.052963257, 184.44770813, 184.842453003, 185.225570679, 185.608703613, 185.991836548, 186.386566162, 186.781311035, 187.176055908, 187.570785522, 187.965530396, 188.34866333, 188.743392944, 189.138137817, 189.521270752, 189.904388428, 190.287521362, 190.682266235, 191.07699585, 191.471740723, 191.866485596, 192.26121521, 192.655960083, 193.050704956, 193.44543457, 193.828567505, 194.211700439, 194.606430054, 194.989562988, 195.372695923, 195.767440796, 196.16217041, 196.545303345, 196.928436279, 197.311553955, 197.69468689, 198.077819824, 198.460952759, 198.867294312, 199.273651123, 199.645172119, 200.039901733, 200.434646606, 200.840988159, 201.247344971, 201.665298462, 202.083267212, 202.489608765, 202.907577515, 203.313919067, 203.70866394, 204.103393555, 204.498138428, 204.892883301, 205.287612915, 205.682357788, 206.077087402, 206.471832275, 206.889785767, 207.307754517, 207.725708008, 208.143676758, 208.550018311, 208.956375122, 209.362716675, 209.792282104, 210.221862793, 210.639816284, 211.057769775, 211.545394897, 212.033004761, 212.520629883], "beats_loudness": {"dmean2": 0.0218594186008, "median": 0.0433423444629, "min": 0, "dvar2": 0.000358717050403, "dvar": 0.000123131030705, "dmean": 0.0128514254466, "max": 0.0976098850369, "var": 0.000292930402793, "mean": 0.0433685742319}, "danceability": 0.974580943584, "bpm_histogram_second_peak_weight": {"dmean2": 0, "median": 0.391143918037, "min": 0.391143918037, "dvar2": 0, "dvar": 0, "dmean": 0, "max": 0.391143918037, "var": 0, "mean": 0.391143918037}, "beats_count": 543, "bpm_histogram_second_peak_bpm": {"dmean2": 0, "median": 157, "min": 157, "dvar2": 0, "dvar": 0, "dmean": 0, "max": 157, "var": 0, "mean": 157}, "bpm_histogram_first_peak_spread": {"dmean2": 0, "median": 0.0389609932899, "min": 0.0389609932899, "dvar2": 0, "dvar": 0, "dmean": 0, "max": 0.0389609932899, "var": 0, "mean": 0.0389609932899}, "beats_loudness_band_ratio": {"dmean2": [0.287027478218, 0.216485187411, 0.155520185828, 0.0941479429603, 0.0530678480864, 0.0731706097722], "median": [0.464236855507, 0.204233303666, 0.15362842381, 0.0729012414813, 0.0354699231684, 0.0476053021848], "min": [0, 0, 0, 0, 0, 0], "dvar2": [0.0488212779164, 0.0272096060216, 0.0163797922432, 0.0097303269431, 0.00270212278701, 0.00781169859692], "dvar": [0.0165840797126, 0.00986063852906, 0.00591960037127, 0.00345753738657, 0.00104631762952, 0.00268828123808], "dmean": [0.163720980287, 0.126611366868, 0.0895208492875, 0.0552011094987, 0.030703837052, 0.0411844924092], "max": [0.967189908028, 0.847361385822, 0.611572384834, 0.493092000484, 0.226210147142, 0.47770217061], "var": [0.0352643951774, 0.0198511462659, 0.00960711110383, 0.0051523190923, 0.00178691919427, 0.00247141765431], "mean": [0.479841381311, 0.232600554824, 0.173233971, 0.0864033475518, 0.0442030206323, 0.0571434050798]}}, "lowlevel": {"barkbands_spread": {"dmean2": 6.81099748611, "median": 19.3546123505, "min": 0.559019804001, "dvar2": 59.7040290833, "dvar": 30.723733902, "dmean": 4.52251005173, "max": 105.995704651, "var": 161.030776978, "mean": 20.5600643158}, "melbands_spread": {"dmean2": 7.54094219208, "median": 15.4725494385, "min": 0.486425548792, "dvar2": 109.454711914, "dvar": 46.4870796204, "dmean": 4.79788637161, "max": 186.602706909, "var": 274.764434814, "mean": 18.8659267426}, "hfc": {"dmean2": 7.7091960907, "median": 22.1681919098, "min": 1.08836719231e-16, "dvar2": 167.623748779, "dvar": 88.3236541748, "dmean": 5.43744421005, "max": 250.514160156, "var": 382.693634033, "mean": 25.254940033}, "barkbands_kurtosis": {"dmean2": 4.6209769249, "median": 3.73450064659, "min": -1.88175344467, "dvar2": 50.0373764038, "dvar": 21.522605896, "dmean": 2.93149876595, "max": 127.707336426, "var": 91.6277084351, "mean": 6.55400657654}, "gfcc": {"mean": [20.6379489899, 92.6015930176, -85.5065765381, 34.5430374146, -72.5789794922, 17.8957996368, -37.0601081848, 10.3302488327, -26.3221817017, 5.27574682236, -17.0562648773, 0.853341817856, -12.4899358749], "icov": [[0.000307544018142, -0.000753442873247, 0.000625740620308, -0.000874597637448, 0.000614717951976, -0.00100415747147, 0.000708019651938, -0.00111667974852, 0.00139277835842, -0.00159164809156, 0.00149320147466, -0.00120789778885, 0.00081413378939], [-0.000753442873247, 0.00381164462306, -0.00159430154599, 0.00295433914289, -0.000640151381958, 0.00257696676999, -0.00192134478129, 0.00375651824288, -0.00492803938687, 0.00508896633983, -0.00535080209374, 0.00483408663422, -0.00297884363681], [0.000625740620308, -0.00159430154599, 0.00281571922824, -0.00245737866499, 0.00178789335769, -0.000488308898639, -0.000327107438352, -0.00106816075277, 0.00232521537691, -0.00485253566876, 0.00310192257166, -0.00231547001749, 0.00147729809396], [-0.000874597637448, 0.00295433914289, -0.00245737866499, 0.00749894836918, -0.00182444415987, 0.00320591265336, -0.000190985549125, 0.00323220761493, -0.00523565942422, 0.00464734248817, -0.00392608484253, 0.00245622079819, -0.000314221484587], [0.000614717951976, -0.000640151381958, 0.00178789335769, -0.00182444415987, 0.0064644003287, -0.00218854658306, 0.00139928981662, -0.00261709024198, 0.000754333392251, -0.000563452660572, 3.7597696064e-05, -0.00174540211447, 0.000620475620963], [-0.00100415747147, 0.00257696676999, -0.000488308898639, 0.00320591265336, -0.00218854658306, 0.0155402841046, -0.0075327786617, 0.00446872739121, -0.00276355654933, 0.0011289549293, -0.0032611079514, 0.00131553446408, -0.00108842039481], [0.000708019651938, -0.00192134478129, -0.000327107438352, -0.000190985549125, 0.00139928981662, -0.0075327786617, 0.0147632583976, -0.00289343390614, -0.00109217455611, -0.00288156582974, 0.00272084516473, -0.00394291011617, 0.0017439868534], [-0.00111667974852, 0.00375651824288, -0.00106816075277, 0.00323220761493, -0.00261709024198, 0.00446872739121, -0.00289343390614, 0.0171132851392, -0.00609931210056, 0.00490198470652, -0.00512774288654, 0.00483740353957, -0.00438020285219], [0.00139277835842, -0.00492803938687, 0.00232521537691, -0.00523565942422, 0.000754333392251, -0.00276355654933, -0.00109217455611, -0.00609931210056, 0.0220068655908, -0.0127963302657, 0.00867672637105, -0.00540201924741, 0.00306789879687], [-0.00159164809156, 0.00508896633983, -0.00485253566876, 0.00464734248817, -0.000563452660572, 0.0011289549293, -0.00288156582974, 0.00490198470652, -0.0127963302657, 0.0286248624325, -0.0136129120365, 0.00408115470782, -0.000178986781975], [0.00149320147466, -0.00535080209374, 0.00310192257166, -0.00392608484253, 3.7597696064e-05, -0.0032611079514, 0.00272084516473, -0.00512774288654, 0.00867672637105, -0.0136129120365, 0.0276543460786, -0.0108045246452, 0.00343528436497], [-0.00120789778885, 0.00483408663422, -0.00231547001749, 0.00245622079819, -0.00174540211447, 0.00131553446408, -0.00394291011617, 0.00483740353957, -0.00540201924741, 0.00408115470782, -0.0108045246452, 0.0289705302566, -0.00879352074116], [0.00081413378939, -0.00297884363681, 0.00147729809396, -0.000314221484587, 0.000620475620963, -0.00108842039481, 0.0017439868534, -0.00438020285219, 0.00306789879687, -0.000178986781975, 0.00343528436497, -0.00879352074116, 0.0274213310331]], "cov": [[19995.0507812, 74.4581375122, -2505.53515625, 342.153991699, -538.034423828, 505.656524658, -531.096252441, 386.060668945, -526.324523926, 84.3616256714, -269.793945312, 133.717086792, -182.849884033], [74.4581375122, 816.759033203, 175.159423828, -136.634475708, -92.2955169678, -32.3675079346, 60.5832824707, -69.6926193237, 68.630279541, -14.7180500031, 39.0707397461, -52.7256278992, 31.7543907166], [-2505.53515625, 175.159423828, 1320.63598633, 131.274002075, -180.33253479, -68.1376495361, 170.941986084, -114.997993469, 140.610305786, 141.423233032, 23.4550647736, 4.25466775894, -20.4746704102], [342.153991699, -136.634475708, 131.274002075, 266.675842285, -4.20702028275, -22.2622814178, -26.2733898163, -2.24796366692, 15.0701875687, 21.6130256653, -8.74883270264, 11.3237667084, -25.3120002747], [-538.034423828, -92.2955169678, -180.33253479, -4.20702028275, 258.454589844, 1.623955369, -19.6497573853, 29.4119548798, -0.144503578544, -36.4664039612, 19.7981147766, 3.64101886749, 14.2445545197], [505.656524658, -32.3675079346, -68.1376495361, -22.2622814178, 1.623955369, 120.520820618, 41.0231666565, 2.34516096115, -1.87653231621, 21.8120727539, 0.511470735073, 17.4738388062, -6.70889282227], [-531.096252441, 60.5832824707, 170.941986084, -26.2733898163, -19.6497573853, 41.0231666565, 134.932556152, -14.7162332535, 48.1866378784, 32.4038314819, 11.0754394531, 10.167719841, 0.673069357872], [386.060668945, -69.6926193237, -114.997993469, -2.24796366692, 29.4119548798, 2.34516096115, -14.7162332535, 92.4048614502, -7.00269079208, -7.42900562286, -3.93478298187, 2.53719854355, 4.30225133896], [-526.324523926, 68.630279541, 140.610305786, 15.0701875687, -0.144503578544, -1.87653231621, 48.1866378784, -7.00269079208, 100.320205688, 34.4004402161, 7.69276809692, 1.03486132622, -0.206232011318], [84.3616256714, -14.7180500031, 141.423233032, 21.6130256653, -36.4664039612, 21.8120727539, 32.4038314819, -7.42900562286, 34.4004402161, 87.1258239746, 17.2523345947, 14.2636089325, -13.8988380432], [-269.793945312, 39.0707397461, 23.4550647736, -8.74883270264, 19.7981147766, 0.511470735073, 11.0754394531, -3.93478298187, 7.69276809692, 17.2523345947, 62.8325958252, 11.9363117218, 4.33816862106], [133.717086792, -52.7256278992, 4.25466775894, 11.3237667084, 3.64101886749, 17.4738388062, 10.167719841, 2.53719854355, 1.03486132622, 14.2636089325, 11.9363117218, 53.142742157, 6.09649085999], [-182.849884033, 31.7543907166, -20.4746704102, -25.3120002747, 14.2445545197, -6.70889282227, 0.673069357872, 4.30225133896, -0.206232011318, -13.8988380432, 4.33816862106, 6.09649085999, 47.5590133667]]}, "spectral_energyband_middle_low": {"dmean2": 0.00987060461193, "median": 0.0192101132125, "min": 1.79791623937e-22, "dvar2": 9.53720809775e-05, "dvar": 3.52161587216e-05, "dmean": 0.00597561430186, "max": 0.0963158607483, "var": 0.000119143776828, "mean": 0.0203356854618}, "melbands_crest": {"dmean2": 5.12178611755, "median": 11.7172260284, "min": 1.66471767426, "dvar2": 18.9697132111, "dvar": 6.93145513535, "dmean": 3.0631582737, "max": 33.3902359009, "var": 17.6800899506, "mean": 12.3887796402}, "spectral_kurtosis": {"dmean2": 1.83276069164, "median": 2.93381357193, "min": -1.26945197582, "dvar2": 14.9655227661, "dvar": 6.75739717484, "dmean": 1.16690075397, "max": 66.7986068726, "var": 18.0924720764, "mean": 3.7295024395}, "spectral_rms": {"dmean2": 0.00137677998282, "median": 0.00620595086366, "min": 3.13153647978e-12, "dvar2": 1.73386229108e-06, "dvar": 6.23536436706e-07, "dmean": 0.000817677006125, "max": 0.0130427666008, "var": 2.44653415393e-06, "mean": 0.00604504579678}, "zerocrossingrate": {"dmean2": 0.0108556086197, "median": 0.0537109375, "min": 0.00341796875, "dvar2": 0.000169922917848, "dvar": 0.000118232135719, "dmean": 0.00897740293294, "max": 0.5419921875, "var": 0.00270195608027, "mean": 0.0592252798378}, "silence_rate_60dB": {"dmean2": 0.000436014815932, "median": 0, "min": 0, "dvar2": 0.000435872992966, "dvar": 0.000217936147237, "dmean": 0.000217983644689, "max": 1, "var": 0.0269144028425, "mean": 0.0276809073985}, "erbbands_kurtosis": {"dmean2": 2.05144309998, "median": -0.0310900211334, "min": -1.85514509678, "dvar2": 19.2806129456, "dvar": 9.63421916962, "dmean": 1.38236498833, "max": 147.164825439, "var": 34.6995697021, "mean": 1.87502515316}, "erbbands": {"dmean2": [0.259991675615, 1.94866454601, 4.70399570465, 7.25067043304, 17.5328540802, 22.7527561188, 21.0468158722, 15.8447084427, 30.5582427979, 43.021812439, 24.6906642914, 31.508808136, 36.0334396362, 25.9170532227, 26.370759964, 34.7229270935, 13.4966173172, 17.9581928253, 16.3934745789, 16.8380680084, 16.636133194, 10.0358400345, 13.8907661438, 16.0770511627, 9.7952041626, 8.14436149597, 6.98962593079, 9.154296875, 6.36793041229, 5.89232635498, 4.16376447678, 2.28133177757, 2.69560098648, 1.19280815125, 0.501480162144, 0.134911164641, 0.0508563183248, 0.0094151366502, 0.000204179305001, 2.391810267e-05], "median": [0.100905418396, 1.17271208763, 3.61809587479, 5.34438705444, 13.9884939194, 15.7631845474, 15.3217134476, 15.5276546478, 26.5459518433, 35.4183158875, 22.2794456482, 21.3941516876, 26.5771102905, 18.2742347717, 16.5948925018, 17.5576057434, 10.7548236847, 10.0579414368, 10.153345108, 8.59768676758, 8.39550876617, 8.12146186829, 9.45303153992, 11.2895507812, 7.61434745789, 7.66021251678, 5.95231723785, 6.5321149826, 4.66197013855, 4.09301805496, 3.40583992004, 1.8134791851, 2.37539672852, 1.28829240799, 0.407144635916, 0.130677103996, 0.0392164736986, 0.00543740298599, 0.000146256264998, 5.51921075385e-05], "min": [6.59830397942e-23, 4.52532670987e-22, 2.65010513102e-21, 6.60212388374e-21, 1.56039237661e-20, 2.96107330216e-20, 3.76486796783e-20, 9.65134628564e-20, 1.17239694488e-19, 1.49028077407e-19, 2.81489433205e-19, 3.74523341427e-19, 4.86412857563e-19, 5.10657883208e-19, 1.31221885103e-18, 1.15018761072e-18, 1.76363157723e-18, 1.77561080686e-18, 2.62018785488e-18, 2.53986117277e-18, 4.22816513393e-18, 4.86796204078e-18, 4.91416669543e-18, 5.85670012595e-18, 8.14173693729e-18, 9.0595715819e-18, 9.7156217606e-18, 1.02055169968e-17, 1.06464869814e-17, 1.03538131099e-17, 9.35644174066e-18, 9.25451240967e-18, 8.94053532867e-18, 6.79306940654e-18, 6.67860373978e-18, 4.28773082343e-18, 2.49309051978e-18, 9.03322070951e-19, 2.33376421177e-19, 2.6264892457e-20], "dvar2": [0.180050835013, 8.05947494507, 27.4863529205, 74.9140472412, 584.096191406, 880.690368652, 799.320556641, 426.94909668, 1937.33789062, 2917.81152344, 1306.36425781, 2416.46337891, 2864.44775391, 2387.109375, 2460.51928711, 3094.45654297, 530.67364502, 915.989196777, 819.138244629, 982.012451172, 1768.51306152, 298.218566895, 763.831237793, 927.577514648, 361.880187988, 419.115447998, 494.305419922, 467.507019043, 423.155670166, 893.46697998, 175.302001953, 75.7902145386, 133.259353638, 12.9616031647, 2.33150243759, 0.092450208962, 0.0107595939189, 0.000420470983954, 2.09824790431e-07, 7.86769427386e-10], "dvar": [0.0675210505724, 2.86774086952, 9.50910377502, 25.6775875092, 203.634613037, 352.876464844, 338.19418335, 170.250732422, 717.105407715, 1091.29980469, 550.102783203, 970.561279297, 1133.09777832, 911.648803711, 954.067382812, 1275.14257812, 221.966659546, 357.566772461, 316.858398438, 344.009613037, 630.98840332, 111.521697998, 285.50592041, 376.615753174, 170.505722046, 218.047286987, 209.307418823, 203.180389404, 197.200469971, 360.564941406, 91.9570541382, 40.8008384705, 58.383392334, 6.14601612091, 1.11126422882, 0.0444048456848, 0.00503591448069, 0.000183601179742, 9.30104420149e-08, 3.33626931637e-10], "dmean": [0.151564270258, 1.1249268055, 2.73763823509, 4.29812431335, 10.4406843185, 14.0043792725, 13.1167879105, 10.0081853867, 18.8782978058, 25.636756897, 15.5469093323, 19.4175701141, 21.978219986, 15.8622407913, 16.1695957184, 21.8018798828, 8.37624168396, 11.1058444977, 9.9948348999, 9.96851062775, 9.81200408936, 6.12709474564, 8.57004928589, 9.97923660278, 6.28584098816, 5.37459278107, 4.69140672684, 6.20378637314, 4.37135410309, 4.02626419067, 2.8782851696, 1.61075115204, 1.77628028393, 0.813739836216, 0.346638023853, 0.093711540103, 0.0349530614913, 0.00623319018632, 0.000135780865094, 1.48855033331e-05], "max": [3.12056851387, 15.6829128265, 34.6218605042, 61.9397964478, 276.492828369, 435.485595703, 371.976745605, 231.454574585, 444.885070801, 514.45690918, 491.183746338, 481.371307373, 890.216186523, 896.984436035, 1046.67858887, 498.093414307, 634.950683594, 332.248687744, 343.524414062, 263.040740967, 859.652709961, 192.201675415, 499.688903809, 439.588317871, 408.816192627, 815.930480957, 791.276672363, 428.139831543, 558.372924805, 1289.17687988, 267.657928467, 180.916137695, 304.514556885, 63.0508842468, 25.223947525, 6.6754732132, 1.77045702934, 0.25660648942, 0.00870306417346, 0.000456025241874], "var": [0.0765016078949, 2.7902007103, 12.4033699036, 34.410774231, 512.263671875, 857.540710449, 847.060241699, 390.451934814, 1440.85412598, 2038.87731934, 1315.93029785, 2113.86303711, 2594.13891602, 1813.09521484, 2018.71228027, 2513.83422852, 541.36541748, 830.391784668, 777.396972656, 840.018859863, 870.050415039, 324.824707031, 658.869934082, 931.918273926, 488.913513184, 595.455505371, 355.709411621, 457.116668701, 334.69644165, 410.818969727, 169.310180664, 70.3832397461, 72.4048843384, 11.7161474228, 2.25103878975, 0.114829875529, 0.0114921508357, 0.000305465218844, 1.54609480774e-07, 9.46380862565e-10], "mean": [0.196436703205, 1.62465703487, 4.45837593079, 6.94312477112, 20.2655525208, 25.5825271606, 23.9863681793, 20.8475723267, 37.3378715515, 47.388004303, 32.3297996521, 35.8448448181, 41.1636123657, 30.3083934784, 31.9468612671, 37.5572776794, 17.9048881531, 21.3759651184, 20.8305168152, 20.5459861755, 18.3760471344, 14.321554184, 18.0226268768, 21.4366664886, 14.4244346619, 12.6800937653, 10.6213912964, 13.2399921417, 9.51212120056, 8.60295677185, 6.386947155, 3.5477950573, 3.94080042839, 2.03588938713, 0.821448862553, 0.231236323714, 0.0758130177855, 0.011536905542, 0.00027310065343, 5.77412065468e-05]}, "spectral_strongpeak": {"dmean2": 0.633487462997, "median": 0.387195259333, "min": 0, "dvar2": 0.600258648396, "dvar": 0.228372678161, "dmean": 0.365886241198, "max": 9.58006095886, "var": 0.316509366035, "mean": 0.547971844673}, "spectral_energy": {"dmean2": 0.0183295216411, "median": 0.0394766703248, "min": 1.00516839307e-20, "dvar2": 0.000371900649043, "dvar": 0.000133618726977, "dmean": 0.0108012352139, "max": 0.174366593361, "var": 0.000294530531392, "mean": 0.0399638190866}, "average_loudness": 0.961005151272, "spectral_rolloff": {"dmean2": 530.497802734, "median": 710.595703125, "min": 64.599609375, "dvar2": 871892.1875, "dvar": 426675, "dmean": 323.990600586, "max": 19487.5488281, "var": 3960493.75, "mean": 1152.39855957}, "spectral_centroid": {"dmean2": 298.431335449, "median": 998.465087891, "min": 173.332763672, "dvar2": 119562.898438, "dvar": 62997.6992188, "dmean": 198.045196533, "max": 11754.8105469, "var": 1268311.375, "mean": 1146.18603516}, "pitch_salience": {"dmean2": 0.108874320984, "median": 0.645624399185, "min": 0.185607925057, "dvar2": 0.00817714165896, "dvar": 0.00301390094683, "dmean": 0.065693475306, "max": 0.96233099699, "var": 0.00846020877361, "mean": 0.634633302689}, "spectral_energyband_middle_high": {"dmean2": 0.00217273831367, "median": 0.00376896886155, "min": 1.19304122424e-21, "dvar2": 9.01986459212e-06, "dvar": 3.84769327866e-06, "dmean": 0.00141498923767, "max": 0.0363744907081, "var": 2.64388963842e-05, "mean": 0.00522651383653}, "spectral_contrast_coeffs": {"dmean2": [0.0873054116964, 0.075353525579, 0.0615512467921, 0.0440538041294, 0.0311640184373, 0.0238622240722], "median": [-0.627676546574, -0.73161482811, -0.774662733078, -0.807255268097, -0.812800168991, -0.773882031441], "min": [-0.980227231979, -0.981607377529, -0.977521896362, -0.972199678421, -0.966269731522, -0.974801838398], "dvar2": [0.00472462596372, 0.00373432086781, 0.00237548421137, 0.00125154503621, 0.000621462299023, 0.000527194701135], "dvar": [0.00170245126355, 0.00132667867001, 0.000906048400793, 0.000472962128697, 0.000248594413279, 0.000233020473388], "dmean": [0.0525269731879, 0.045799523592, 0.0374916642904, 0.0267818309367, 0.0188678503036, 0.0151574853808], "max": [-0.2902546525, -0.413958311081, -0.535578131676, -0.623520731926, -0.537071883678, -0.598569869995], "var": [0.00629160227254, 0.0047868071124, 0.00334383291192, 0.00183906429447, 0.00143814855255, 0.00140111253131], "mean": [-0.627453923225, -0.728538751602, -0.772453784943, -0.808450162411, -0.814743518829, -0.774972081184]}, "melbands_skewness": {"dmean2": 1.09223306179, "median": 2.570738554, "min": -0.584321856499, "dvar2": 1.22803890705, "dvar": 0.530126035213, "dmean": 0.688157737255, "max": 15.7082576752, "var": 2.22615504265, "mean": 2.84448456764}, "spectral_spread": {"dmean2": 742747.125, "median": 5414658.5, "min": 1097820.5, "dvar2": 987576336384, "dvar": 557582188544, "dmean": 506692, "max": 42344964, "var": 13763057025000.0, "mean": 5936602}, "dissonance": {"dmean2": 0.0346322618425, "median": 0.468932151794, "min": 0.22467790544, "dvar2": 0.00136417534668, "dvar": 0.000505100644659, "dmean": 0.0207675080746, "max": 0.500000119209, "var": 0.00137203349732, "mean": 0.457558125257}, "spectral_skewness": {"dmean2": 0.282315194607, "median": 1.48487973213, "min": -0.0733002796769, "dvar2": 0.176183998585, "dvar": 0.0885803475976, "dmean": 0.192878767848, "max": 7.23013401031, "var": 0.406116187572, "mean": 1.58181464672}, "spectral_flux": {"dmean2": 0.0363889522851, "median": 0.101724654436, "min": 6.43313527449e-11, "dvar2": 0.00113309326116, "dvar": 0.000493603001814, "dmean": 0.0228993538767, "max": 0.322837412357, "var": 0.00161482789554, "mean": 0.10158598423}, "spectral_contrast_valleys": {"dmean2": [0.655486404896, 0.518811166286, 0.494964420795, 0.422346055508, 0.322061002254, 0.266005903482], "median": [-6.50744152069, -6.01134061813, -6.74020957947, -7.32516288757, -7.14792537689, -9.2670917511], "min": [-28.0346908569, -28.0417613983, -27.9735965729, -27.6769695282, -27.4548912048, -27.3972072601], "dvar2": [0.309997975826, 0.216284811497, 0.212419867516, 0.181617707014, 0.149118319154, 0.139280498028], "dvar": [0.129600569606, 0.103511877358, 0.110489778221, 0.10149756074, 0.0912986397743, 0.0886783972383], "dmean": [0.38706690073, 0.315758854151, 0.313109427691, 0.269066303968, 0.219632610679, 0.205429926515], "max": [-5.10591125488, -4.78323411942, -5.12936306, -5.76853179932, -5.6245880127, -7.28302431107], "var": [4.79936599731, 4.92930459976, 5.09321737289, 5.04073572159, 4.94266653061, 3.84691882133], "mean": [-6.80775547028, -6.38963747025, -7.17054080963, -7.84542560577, -7.66499042511, -9.64535617828]}, "erbbands_flatness_db": {"dmean2": 0.0212796349078, "median": 0.123509347439, "min": 0.0624280124903, "dvar2": 0.000526664836798, "dvar": 0.000266028393526, "dmean": 0.0143146198243, "max": 0.408549576998, "var": 0.00155555771198, "mean": 0.133237168193}, "spectral_energyband_high": {"dmean2": 0.000607670634054, "median": 0.000823494570795, "min": 7.0703133611e-21, "dvar2": 2.79329560726e-06, "dvar": 1.48046319737e-06, "dmean": 0.000466590427095, "max": 0.0363405793905, "var": 3.90392824556e-06, "mean": 0.00134285434615}, "spectral_entropy": {"dmean2": 0.215387359262, "median": 7.77091598511, "min": 4.1433634758, "dvar2": 0.069976374507, "dvar": 0.0380611531436, "dmean": 0.152166619897, "max": 9.83446025848, "var": 0.357729077339, "mean": 7.6140332222}, "silence_rate_20dB": {"dmean2": 0, "median": 1, "min": 1, "dvar2": 0, "dvar": 0, "dmean": 0, "max": 1, "var": 0, "mean": 1}, "melbands_flatness_db": {"dmean2": 0.0360146090388, "median": 0.186559528112, "min": 0.00337039167061, "dvar2": 0.00116807245649, "dvar": 0.000541017565411, "dmean": 0.0237816665322, "max": 0.660422980785, "var": 0.00752435158938, "mean": 0.207728296518}, "barkbands": {"dmean2": [0.00504654319957, 0.00839248485863, 0.00376944616437, 0.00359948328696, 0.00615465594456, 0.00195683003403, 0.00269052316435, 0.00133513472974, 0.00130540283863, 0.00103672512341, 0.000722927390598, 0.000772716535721, 0.000294065510388, 0.000403177517001, 0.000324861670379, 0.00034455669811, 0.000197029265109, 0.000282497960143, 0.000264402362518, 0.000173800828634, 0.000200378519366, 0.000186387056601, 0.000146228674566, 0.000130068481667, 8.1567770394e-05, 2.69713964371e-05, 1.97672329705e-06], "median": [0.0015178786125, 0.00502724852413, 0.00259660976008, 0.00210195058025, 0.00551533326507, 0.0019636740908, 0.00230792164803, 0.0011222588364, 0.000806747179013, 0.000722560333088, 0.000359739322448, 0.000396293587983, 0.000179081951501, 0.000184810836799, 0.000158733353601, 0.000140560965519, 0.000136852147989, 0.000175839610165, 0.000184167525731, 0.000159190356499, 0.000160617491929, 0.000134821340907, 0.000119954805996, 0.00011865090346, 8.55342441355e-05, 2.39878718276e-05, 7.71092686591e-07], "min": [5.18016212339e-25, 8.41138027157e-25, 1.585445942e-24, 1.48654743638e-24, 1.04540935788e-23, 9.20357707234e-24, 7.41874140896e-24, 7.64859338863e-24, 1.03321325274e-23, 1.02178794359e-23, 1.75000145908e-23, 1.78592397589e-23, 2.72346812235e-23, 3.67016684184e-23, 5.70925900141e-23, 5.65108966044e-23, 7.05434636199e-23, 9.17621432744e-23, 1.08669994693e-22, 1.78477053503e-22, 2.62327325795e-22, 3.36634261778e-22, 3.0520793658e-22, 5.98272312468e-22, 9.05436927015e-22, 1.35471030242e-21, 1.93280241697e-21], "dvar2": [6.19277780061e-05, 0.000157992908498, 1.81199793587e-05, 2.16704465856e-05, 5.1782848459e-05, 5.58321880817e-06, 1.33754865601e-05, 3.5182188185e-06, 4.07533661928e-06, 2.53866369349e-06, 1.91777166947e-06, 1.48216145135e-06, 2.47258441277e-07, 4.44882260808e-07, 3.64155113175e-07, 5.8320529206e-07, 1.15553021374e-07, 2.90059745112e-07, 2.61078668018e-07, 1.78226301273e-07, 2.13241747815e-07, 5.49612423129e-07, 2.22471996381e-07, 2.80803817532e-07, 5.97753313514e-08, 2.90717472318e-09, 1.85664105617e-11], "dvar": [2.15658055822e-05, 5.78020190005e-05, 6.20875425739e-06, 7.51210973249e-06, 2.00151025638e-05, 2.21217214857e-06, 4.90812772114e-06, 1.44007333347e-06, 1.62149285643e-06, 1.03575246158e-06, 7.28035956854e-07, 6.07226070315e-07, 1.01648886641e-07, 1.71