{"metadata": {"tags": {"albumartist": ["\u30de\u30ad\u30b7\u30de\u30e0 \u30b6 \u30db\u30eb\u30e2\u30f3"], "musicbrainz_artistid": ["fb01635c-51fc-4cad-b71f-62e18bb3433b"], "tracknumber": ["02/13"], "genre": ["J-Rock"], "artist": ["Maximum the Hormone"], "musicbrainz_albumid": ["18abd49f-2331-4b08-916e-39d592126a76"], "artistsort": ["Maximum the Hormone"], "albumartistsort": ["Maximum the Hormone"], "title": ["Houchou Hasami Cutter Knife Dosu Kiri"], "asin": ["B000758YCO"], "musicbrainz_albumartistid": ["fb01635c-51fc-4cad-b71f-62e18bb3433b"], "album": ["Rokkinpo Goroshi"], "musicbrainz album type": ["Album"], "musicbrainz_recordingid": ["043f7625-a1d6-4e64-b582-1b1391ec926f"], "encodedby": ["iTunes v4.7.1.30"], "musicbrainz album release country": ["Japan"], "date": ["2005"], "musicip_puid": ["3c5e3b83-5203-418a-8474-942c98aba563"], "file_name": "02 Houchou Hasami Cutter Knife Dosu Kiri.mp3", "musicbrainz album status": ["PseudoRelease"]}, "audio_properties": {"sample_rate": 44100, "downmix": "mix", "lossless": false, "analysis_sample_rate": 44100, "md5_encoded": "2236077e16a45e06439572da337fc6b6", "equal_loudness": 0, "replay_gain": -15.5255889893, "codec": "mp3", "bit_rate": 160000, "length": 145.423675537}, "version": {"extractor": "music 1.0", "essentia_build_sha": "2d9f1f26377add8aeb1075a9c2973f962c4f09fd", "essentia_git_sha": "v2.1_beta2-1-ge3940c0", "essentia": "2.1-beta2"}}, "rhythm": {"beats_loudness_band_ratio": {"dvar2": [0.0733477696776, 0.00771097745746, 0.0293736495078, 0.0341474190354, 0.0227256864309, 0.0546220652759], "var": [0.063781671226, 0.00360257131979, 0.0104331905022, 0.0126415556297, 0.0120567604899, 0.0154912201688], "min": [0, 0, 0, 0, 0, 0], "dmean": [0.187071442604, 0.0538864172995, 0.0859708189964, 0.0919776260853, 0.079853631556, 0.0789818242192], "mean": [0.450704723597, 0.0901656448841, 0.105310499668, 0.12167044729, 0.146737679839, 0.112380892038], "max": [0.966433525085, 0.526378393173, 0.778643369675, 0.591071665287, 0.824092924595, 0.918121695518], "dmean2": [0.331657499075, 0.0937858745456, 0.159386411309, 0.163273185492, 0.133480012417, 0.141766890883], "median": [0.422439396381, 0.0821550935507, 0.0728893429041, 0.0859443694353, 0.130093455315, 0.0873786881566], "dvar": [0.0248126909137, 0.00258463365026, 0.010087069124, 0.0111300460994, 0.00838072691113, 0.0199227184057]}, "bpm_histogram_first_peak_weight": {"dvar2": 0, "var": 0, "min": 0.611111104488, "dmean": 0, "mean": 0.611111104488, "max": 0.611111104488, "dmean2": 0, "median": 0.611111104488, "dvar": 0}, "bpm": 178.205413818, "beats_count": 433, "bpm_histogram_first_peak_spread": {"dvar2": 0, "var": 0, "min": 0, "dmean": 0, "mean": 0, "max": 0, "dmean2": 0, "median": 0, "dvar": 0}, "danceability": 1.23605453968, "bpm_histogram_first_peak_bpm": {"dvar2": 0, "var": 0, "min": 178, "dmean": 0, "mean": 178, "max": 178, "dmean2": 0, "median": 178, "dvar": 0}, "beats_position": [0.348299324512, 0.708208620548, 1.06811785698, 1.4164172411, 1.75310659409, 2.08979582787, 2.42648530006, 2.76317453384, 3.09986400604, 3.42494320869, 3.76163268089, 4.09832191467, 4.43501138687, 4.76009082794, 5.08516979218, 5.41024923325, 5.73532867432, 6.08362817764, 6.420317173, 6.7570066452, 7.0936961174, 7.41877555847, 7.75546455383, 8.08054447174, 8.4172334671, 8.74231243134, 9.07900238037, 9.4040813446, 9.74077033997, 10.077460289, 10.4025392532, 10.7276191711, 11.0643081665, 11.4009971619, 11.7376871109, 12.0743761063, 12.4110651016, 12.7477550507, 13.084444046, 13.4211339951, 13.7578229904, 14.0945119858, 14.4428119659, 14.7911109924, 15.1394100189, 15.4877090454, 15.8011789322, 16.114648819, 16.4281177521, 16.7531967163, 17.0898857117, 17.426574707, 17.7632656097, 18.088344574, 18.4250335693, 18.7617225647, 19.0984115601, 19.4351024628, 19.7717914581, 20.1084804535, 20.4335594177, 20.758638382, 21.0837192535, 21.4204082489, 21.7570972443, 22.0821762085, 22.4188652039, 22.7555541992, 23.0922451019, 23.4289340973, 23.7656230927, 24.102312088, 24.4273910522, 24.764081955, 25.1007709503, 25.4258499146, 25.7509288788, 26.0876178741, 26.4126987457, 26.7493877411, 27.0860767365, 27.4111557007, 27.747844696, 28.0845336914, 28.409614563, 28.7463035583, 29.0829925537, 29.4196815491, 29.7447605133, 30.0698413849, 30.4181404114, 30.7548294067, 31.0915184021, 31.4282073975, 31.7648983002, 32.0899772644, 32.4150543213, 32.7517471313, 33.0884361267, 33.4135131836, 33.750202179, 34.0868911743, 34.4235839844, 34.7486610413, 35.0621299744, 35.3872108459, 35.7238998413, 36.0605888367, 36.397277832, 36.7339668274, 37.0706558228, 37.4073448181, 37.755645752, 38.1039466858, 38.4522438049, 38.7889328003, 39.1256217957, 39.462310791, 39.7989997864, 40.124080658, 40.4723815918, 40.8090705872, 41.134147644, 41.4708366394, 41.8191375732, 42.1558265686, 42.4809074402, 42.8175964355, 43.1426734924, 43.467754364, 43.7928352356, 44.1179122925, 44.4429931641, 44.7680702209, 45.1047592163, 45.4414520264, 45.7781410217, 46.1148300171, 46.439907074, 46.7765960693, 47.1016769409, 47.4383659363, 47.7750549316, 48.1001358032, 48.4368247986, 48.7735137939, 49.1102027893, 49.4468917847, 49.78358078, 50.1202697754, 50.4569587708, 50.7936515808, 51.1303405762, 51.4554176331, 51.7921066284, 52.1287956238, 52.4654884338, 52.7905654907, 53.1156463623, 53.4407234192, 53.7658042908, 54.1024932861, 54.4391822815, 54.7758712769, 55.1125602722, 55.4492492676, 55.7859382629, 56.122631073, 56.4477081299, 56.7843971252, 57.1210861206, 57.4461669922, 57.7712478638, 58.1079368591, 58.4446258545, 58.7813148499, 59.1180038452, 59.4430847168, 59.7797737122, 60.1164627075, 60.4531517029, 60.7898406982, 61.1265296936, 61.463218689, 61.7882995605, 62.1133766174, 62.4500656128, 62.7867546082, 63.1118354797, 63.4485244751, 63.7852134705, 64.1102905273, 64.4469833374, 64.7836685181, 65.1203613281, 65.4570541382, 65.7821273804, 66.107208252, 66.443901062, 66.7805862427, 67.1056671143, 67.4307479858, 67.779045105, 68.115737915, 68.4524230957, 68.7775039673, 69.1141967773, 69.4392700195, 69.7759628296, 70.1126480103, 70.4493408203, 70.7744216919, 71.122718811, 71.4826278687, 71.8425369263, 72.2140579224, 72.57396698, 72.9222640991, 73.2589569092, 73.5956420898, 73.9323348999, 74.2690200806, 74.6057128906, 74.9424057007, 75.2790908813, 75.6157836914, 75.9524688721, 76.2775497437, 76.6026306152, 76.9393157959, 77.276008606, 77.6126937866, 77.9493865967, 78.2860794067, 78.6227645874, 78.9710617065, 79.3077545166, 79.6444396973, 79.9695205688, 80.2946014404, 80.619682312, 80.9563674927, 81.2930603027, 81.6297454834, 81.9664382935, 82.291519165, 82.6282043457, 82.9532852173, 83.2899780273, 83.626663208, 83.9633560181, 84.3000411987, 84.6367340088, 84.9618148804, 85.2868881226, 85.6351928711, 85.9718780518, 86.3085708618, 86.6452560425, 86.9819488525, 87.3070297241, 87.6437149048, 87.9804077148, 88.3054885864, 88.6421737671, 88.9788665771, 89.3039474487, 89.6290206909, 89.9541015625, 90.2907943726, 90.6274795532, 90.9525604248, 91.2892532349, 91.6259384155, 91.9626312256, 92.2993164063, 92.6360092163, 92.972694397, 93.309387207, 93.6460723877, 93.9827651978, 94.3194503784, 94.6561431885, 94.9928359985, 95.3179092407, 95.6429901123, 95.9796829224, 96.316368103, 96.6530609131, 96.9781417847, 97.3148269653, 97.6515197754, 97.9882049561, 98.3132858276, 98.6499786377, 98.9866638184, 99.3233566284, 99.6600418091, 99.9851226807, 100.310203552, 100.635284424, 100.960357666, 101.285438538, 101.622131348, 101.958816528, 102.295509338, 102.632194519, 102.957275391, 103.293968201, 103.630653381, 103.967346191, 104.304031372, 104.640724182, 104.977409363, 105.314102173, 105.650794983, 105.975868225, 106.300949097, 106.637641907, 106.974327087, 107.299407959, 107.636100769, 107.97278595, 108.30947876, 108.64616394, 108.971244812, 109.307937622, 109.644622803, 109.969703674, 110.294784546, 110.631469727, 110.968162537, 111.304847717, 111.641540527, 111.989837646, 112.349746704, 112.7212677, 113.081176758, 113.429473877, 113.766166687, 114.102851868, 114.427932739, 114.764625549, 115.10131073, 115.426391602, 115.763084412, 116.099769592, 116.436462402, 116.773147583, 117.109840393, 117.446525574, 117.783218384, 118.119903564, 118.444984436, 118.781677246, 119.118362427, 119.443443298, 119.780136108, 120.116821289, 120.441902161, 120.778594971, 121.115280151, 121.440361023, 121.765441895, 122.090522766, 122.427207947, 122.763900757, 123.088973999, 123.414054871, 123.762359619, 124.0990448, 124.412513733, 124.749206543, 125.097503662, 125.434196472, 125.759269714, 126.084350586, 126.432647705, 126.769340515, 127.094421387, 127.431106567, 127.779411316, 128.116104126, 128.452789307, 128.777862549, 129.114562988, 129.451248169, 129.776321411, 130.101409912, 130.426483154, 130.751556396, 131.088256836, 131.424942017, 131.761627197, 132.098312378, 132.423400879, 132.748474121, 133.085174561, 133.421859741, 133.746932983, 134.072021484, 134.408706665, 134.733779907, 135.070480347, 135.395553589, 135.73223877, 136.068939209, 136.394012451, 136.730697632, 137.067382813, 137.404083252, 137.740768433, 138.065841675, 138.390930176, 138.716003418, 139.052688599, 139.389389038, 139.726074219, 140.062759399, 140.399459839, 140.73614502, 141.0728302, 141.409515381, 141.734603882, 142.059677124, 142.407974243, 142.756271362, 143.10458374, 143.452880859, 143.812789917, 144.184310913, 144.590652466, 144.985397339], "beats_loudness": {"dvar2": 0.000320555787766, "var": 0.000206317141419, "min": 0, "dmean": 0.0129860378802, "mean": 0.0388665758073, "max": 0.0869223251939, "dmean2": 0.0222246218473, "median": 0.0372919514775, "dvar": 0.000117690549814}, "bpm_histogram_second_peak_weight": {"dvar2": 0, "var": 0, "min": 0.284722208977, "dmean": 0, "mean": 0.284722208977, "max": 0.284722208977, "dmean2": 0, "median": 0.284722208977, "dvar": 0}, "bpm_histogram_second_peak_spread": {"dvar2": 0, "var": 0, "min": 0, "dmean": 0, "mean": 0, "max": 0, "dmean2": 0, "median": 0, "dvar": 0}, "bpm_histogram_second_peak_bpm": {"dvar2": 0, "var": 0, "min": 185, "dmean": 0, "mean": 185, "max": 185, "dmean2": 0, "median": 185, "dvar": 0}, "onset_rate": 4.13233995438}, "lowlevel": {"spectral_energyband_high": {"dvar2": 8.38895721245e-06, "var": 1.30112093757e-05, "min": 7.1931206015e-21, "dmean": 0.00103054638021, "mean": 0.00248152948916, "max": 0.0370101891458, "dmean2": 0.00144511496183, "median": 0.00163761875592, "dvar": 4.71232806376e-06}, "spectral_energyband_middle_low": {"dvar2": 4.56359703094e-05, "var": 3.32228482876e-05, "min": 1.25866165307e-22, "dmean": 0.00379340373911, "mean": 0.00859112478793, "max": 0.0519887544215, "dmean2": 0.00618539191782, "median": 0.00756363291293, "dvar": 1.80840670509e-05}, "spectral_energy": {"dvar2": 0.00125132501125, "var": 0.000602946500294, "min": 1.0004553215e-20, "dmean": 0.0161211062223, "mean": 0.037180647254, "max": 0.176029160619, "dmean2": 0.0262434501201, "median": 0.0321336388588, "dvar": 0.000490777369123}, "spectral_spread": {"dvar2": 1794544107520.0, "var": 13253423923200.0, "min": 1118347, "dmean": 706032.875, "mean": 5343701, "max": 43513324, "dmean2": 1000695, "median": 4684946.5, "dvar": 997600854016}, "spectral_energyband_low": {"dvar2": 0.00136205938179, "var": 0.000505825330038, "min": 1.49966118397e-23, "dmean": 0.0138030052185, "mean": 0.0182158406824, "max": 0.167300805449, "dmean2": 0.0232343282551, "median": 0.0112601257861, "dvar": 0.000523606722709}, "spectral_rolloff": {"dvar2": 3820963.25, "var": 7139323, "min": 21.533203125, "dmean": 925.260009766, "mean": 2647.97216797, "max": 19552.1484375, "dmean2": 1467.35998535, "median": 2196.38671875, "dvar": 1959463.5}, "barkbands": {"dvar2": [4.62743037133e-06, 0.0012457401026, 3.71926143998e-05, 1.8442829969e-05, 8.24237940833e-06, 4.15646127294e-06, 4.78987476527e-06, 5.76708316657e-07, 6.17381738266e-06, 7.49396576794e-06, 3.89806609746e-06, 3.74690694116e-06, 8.18440457806e-06, 2.52196650763e-06, 3.65030086869e-06, 1.60149465955e-06, 6.8445820034e-07, 7.40047823911e-07, 6.61936496726e-07, 3.74928049496e-07, 1.7600480362e-07, 1.88212325725e-07, 2.81709048977e-07, 1.0089057696e-06, 1.61689035849e-06, 2.01526560772e-07, 1.16868283939e-08], "var": [1.79969447345e-06, 0.000400348333642, 1.93979994947e-05, 9.08316542336e-06, 4.49040862804e-06, 1.36399864914e-06, 3.06924630422e-06, 3.03266460833e-07, 2.58464910985e-06, 5.01887643622e-06, 2.48361493504e-06, 2.11106248571e-06, 5.38071935807e-06, 1.55958673531e-06, 2.6284606065e-06, 1.32701870825e-06, 5.38054962362e-07, 5.88198588503e-07, 4.97309997627e-07, 2.35172890939e-07, 1.45152895925e-07, 2.80691125454e-07, 2.72541910817e-07, 7.6726126963e-07, 2.00747535928e-06, 2.76818582279e-07, 1.35552635783e-08], "min": [6.7883990458e-25, 4.19962251352e-24, 6.67015027522e-25, 1.10947123344e-24, 2.43088178197e-24, 1.40598442479e-23, 4.43643855727e-24, 5.655982018e-24, 1.11932010267e-23, 6.12867299444e-24, 1.35733221732e-23, 1.93841930857e-23, 3.44292725394e-23, 2.86321514725e-23, 5.88081731564e-23, 7.23722640793e-23, 7.8042204991e-23, 1.09317819891e-22, 1.34894179807e-22, 1.98554207251e-22, 1.67968567965e-22, 3.04296493001e-22, 4.16862955695e-22, 5.36163286538e-22, 9.0262671417e-22, 1.35080078351e-21, 2.01762134735e-21], "dmean": [0.000892936834134, 0.0120421340689, 0.00239453255199, 0.00184945762157, 0.00138141133357, 0.000674702401739, 0.000713381799869, 0.000249249016633, 0.000769079546444, 0.000832973513752, 0.000515498104505, 0.000598085520323, 0.000964256701991, 0.000641387945507, 0.000612291507423, 0.0006027208874, 0.000427796010626, 0.000393334834371, 0.000340406259056, 0.000260537024587, 0.000198629684746, 0.000167950129253, 0.000179523951374, 0.000210700556636, 0.000290483934805, 0.000107037994894, 2.14723240788e-05], "mean": [0.000856428523548, 0.0127620762214, 0.00320564140566, 0.00277848890983, 0.00251346314326, 0.00089015281992, 0.00097466155421, 0.000291151518468, 0.000899600039702, 0.00109418143984, 0.000705523125362, 0.000812127720565, 0.00122750515584, 0.000937724777032, 0.000947819673456, 0.00112854409963, 0.000839364540298, 0.000789222947787, 0.00074612966273, 0.000600375933573, 0.000443427386926, 0.000365895713912, 0.000337919336744, 0.000370111054508, 0.000476917921333, 0.000159699906362, 2.60308515863e-05], "max": [0.0120171140879, 0.155167117715, 0.0799657255411, 0.0380185730755, 0.0231759417802, 0.0161150656641, 0.0190467070788, 0.00870756618679, 0.0245714411139, 0.0266237203032, 0.0299007445574, 0.0216107387096, 0.025058798492, 0.0132103478536, 0.0291077904403, 0.0162087343633, 0.00717231724411, 0.0111114392057, 0.0126797165722, 0.00915006455034, 0.00612289831042, 0.00812372937799, 0.00961160752922, 0.0164898522198, 0.0174860730767, 0.00743740424514, 0.0016867837403], "dmean2": [0.0015049938811, 0.0207073856145, 0.00412082811818, 0.00317481625825, 0.00231465324759, 0.00116536463611, 0.00111131113954, 0.000419209507527, 0.00126666889992, 0.00132964295335, 0.000831062847283, 0.000963321421295, 0.00154569558799, 0.00104715081397, 0.000974357652012, 0.000976196024567, 0.000695676833857, 0.000631894916296, 0.000554634316359, 0.000423094752477, 0.000328551162966, 0.000256021070527, 0.000278467370663, 0.000307025504299, 0.000406726117944, 0.000149493585923, 3.0562896427e-05], "median": [0.00031666457653, 0.00621992256492, 0.00201847380958, 0.00196882430464, 0.00221006199718, 0.000557975028642, 0.000305228109937, 0.000109521795821, 0.00035379792098, 0.000298939674394, 0.000310191971948, 0.000362214195775, 0.00044320942834, 0.000539242639206, 0.000472051848192, 0.000843078072648, 0.000681216421071, 0.000629682501312, 0.000640635378659, 0.000561037217267, 0.000373269285774, 0.000235354906181, 0.000211493461393, 0.000164694167324, 0.000147817132529, 3.78710174118e-05, 1.77429319592e-06], "dvar": [1.81877578598e-06, 0.000471021689009, 1.38786399475e-05, 6.82597192281e-06, 3.12246834255e-06, 1.50497578488e-06, 2.1035834834e-06, 2.26030280714e-07, 2.45973910751e-06, 3.17366084346e-06, 1.58654779625e-06, 1.5212673361e-06, 3.56799682777e-06, 1.01847251699e-06, 1.46415789004e-06, 6.5576881525e-07, 2.68925816727e-07, 3.00436056477e-07, 2.70998128826e-07, 1.39616332717e-07, 6.65535040412e-08, 9.71885114609e-08, 1.35800846124e-07, 4.80902031086e-07, 8.98297230378e-07, 1.15318762539e-07, 6.68778499247e-09]}, "melbands_skewness": {"dvar2": 4.6222205162, "var": 4.40984344482, "min": -2.3001036644, "dmean": 1.14235985279, "mean": 2.72066450119, "max": 22.5896377563, "dmean2": 1.79124426842, "median": 2.297072649, "dvar": 1.95801341534}, "barkbands_skewness": {"dvar2": 1.69778478146, "var": 1.8744789362, "min": -5.23731994629, "dmean": 0.726692080498, "mean": 1.09513044357, "max": 16.0820617676, "dmean2": 1.13522446156, "median": 0.844454050064, "dvar": 0.715251743793}, "erbbands": {"dvar2": [1.58372688293, 49.6507492065, 42.1926383972, 122.277557373, 96.0567016602, 148.257064819, 286.484954834, 317.447113037, 1166.19787598, 264.144775391, 422.738983154, 3879.59985352, 5060.08056641, 5556.28808594, 8186.00976563, 6738.73974609, 15793.9736328, 6386.70214844, 9764.14160156, 4670.18212891, 3938.65161133, 1904.27856445, 2008.79541016, 1769.36755371, 1678.74890137, 893.868164063, 357.801727295, 304.260803223, 214.132644653, 375.114349365, 220.277908325, 217.855041504, 515.909545898, 309.229980469, 59.0775642395, 8.0353012085, 0.587086319923, 0.0298997052014, 0.000335892895237, 8.7146105443e-07], "var": [0.477322906256, 16.7268810272, 19.6273517609, 62.983291626, 63.8711891174, 58.8320045471, 89.9462585449, 106.783355713, 781.567260742, 145.252197266, 164.876968384, 1531.08032227, 2901.99365234, 4303.34472656, 4620.14941406, 4011.78198242, 11576.6230469, 3742.40966797, 7318.02490234, 3872.44067383, 3421.44775391, 1579.32409668, 1497.16760254, 1628.28747559, 1008.09228516, 512.153076172, 267.975799561, 262.957763672, 323.760803223, 402.141815186, 197.462539673, 166.972686768, 377.876953125, 292.298522949, 94.8485183716, 11.396443367, 0.612767994404, 0.0292013231665, 0.000395441486035, 8.16245858459e-07], "min": [1.16528778493e-22, 6.87036102727e-22, 9.99460867034e-22, 3.80088360557e-21, 1.26064627565e-20, 6.64357661842e-21, 3.70702865597e-20, 1.07947593388e-19, 1.18413890292e-19, 1.54926663581e-19, 2.1434948348e-19, 2.54074212012e-19, 4.82227582157e-19, 7.06208911786e-19, 1.07628977634e-18, 1.03547461696e-18, 1.55967830648e-18, 2.43701573926e-18, 2.7416436114e-18, 4.11739820528e-18, 3.41105792687e-18, 4.26289307118e-18, 6.2335987682e-18, 7.47366534274e-18, 8.45261788127e-18, 8.70913651539e-18, 7.94057405694e-18, 9.98505433844e-18, 1.00502808385e-17, 1.15911661184e-17, 1.25667487231e-17, 1.12762592864e-17, 8.9498435921e-18, 8.40330468187e-18, 6.44216987812e-18, 3.77245685881e-18, 2.5486832608e-18, 1.04723888303e-18, 2.34781361598e-19, 2.74400915408e-20], "dmean": [0.432469964027, 2.42006063461, 2.58921480179, 4.86330986023, 4.76951885223, 4.99231004715, 5.70776987076, 5.91736555099, 11.7075061798, 5.06342411041, 6.8090004921, 18.8248996735, 21.2086715698, 21.690448761, 22.110584259, 25.7473163605, 40.6632537842, 32.2640304565, 32.4018783569, 28.8140125275, 29.8828353882, 22.4981307983, 18.9649620056, 20.5292186737, 14.9214982986, 11.8301134109, 8.88537311554, 7.94883537292, 5.89823961258, 6.51222705841, 4.88943862915, 3.28337359428, 4.4776892662, 3.64337110519, 1.84749484062, 0.656956195831, 0.162304073572, 0.0340391099453, 0.00359116867185, 0.000162728087162], "mean": [0.434369623661, 2.60089731216, 3.51317834854, 7.61383390427, 8.92247581482, 7.7870593071, 7.72207450867, 7.86482572556, 16.3454532623, 6.8376083374, 8.0690574646, 21.6241970062, 28.2083129883, 31.7232780457, 31.6933364868, 37.3231964111, 54.9508705139, 48.3419837952, 52.9823760986, 51.8350982666, 60.4983482361, 47.2166748047, 40.6101341248, 45.1936721802, 33.9757804871, 27.5025367737, 20.458820343, 16.3349151611, 12.6016988754, 13.1382923126, 8.91897010803, 6.09575176239, 7.41661262512, 5.84966564178, 3.03267550468, 0.999671280384, 0.234289705753, 0.0461658611894, 0.00436490075663, 0.00021563784685], "max": [5.54472875595, 33.2110824585, 68.016204834, 114.653274536, 79.5738449097, 96.1238861084, 108.401023865, 148.590316772, 312.461273193, 181.293426514, 140.52571106, 595.989868164, 1082.52868652, 1130.32385254, 1332.66064453, 882.657592773, 1404.9831543, 699.606323242, 1332.14355469, 757.957519531, 941.098327637, 431.084320068, 620.083679199, 619.767822266, 653.762145996, 511.488067627, 296.279144287, 166.135345459, 324.525482178, 340.430328369, 289.64465332, 298.772827148, 305.584136963, 311.118255615, 127.539207458, 50.09192276, 12.4850358963, 3.44012522697, 0.30222684145, 0.0161211397499], "dmean2": [0.756643176079, 4.11293363571, 4.40951108932, 8.32585906982, 7.89314842224, 8.45167446136, 9.85726833344, 10.0555934906, 18.2495155334, 8.19537067413, 11.3818235397, 31.2107849121, 33.853313446, 34.3962669373, 35.3467102051, 40.8654441833, 64.5698242188, 52.4427146912, 51.7997283936, 45.3633728027, 48.1270256042, 36.3793067932, 30.2373809814, 33.1539535522, 24.1383972168, 19.2864131927, 14.5240802765, 13.2793636322, 8.94237804413, 10.0163354874, 7.67064189911, 4.90812587738, 6.55509090424, 5.17207098007, 2.56577253342, 0.912100315094, 0.235914096236, 0.0485742092133, 0.00512383971363, 0.000240141816903], "median": [0.203433960676, 1.26441526413, 2.18922662735, 5.72372722626, 7.42446708679, 6.25544643402, 5.42930078506, 4.62168264389, 5.61301994324, 2.83584308624, 3.38924217224, 8.64067840576, 10.0494947433, 10.7229862213, 14.37358284, 17.2659835815, 21.2773094177, 27.9356994629, 28.1384468079, 33.400806427, 47.5144081116, 39.2315826416, 32.1310577393, 38.9992141724, 29.8621253967, 25.7469482422, 18.1115112305, 12.6053276062, 8.45003700256, 7.36649703979, 5.48857355118, 3.33711528778, 2.81886148453, 1.87928116322, 0.869944155216, 0.251204013824, 0.0513905249536, 0.00804751180112, 0.000270176096819, 5.71168638999e-05], "dvar": [0.586270213127, 18.9826469421, 15.7448511124, 45.1652450562, 36.6699714661, 54.3538589478, 103.268081665, 115.19392395, 515.632873535, 108.86114502, 162.030639648, 1515.35058594, 2141.85742188, 2353.75976563, 3098.27050781, 2801.3425293, 7296.38574219, 2545.1003418, 3974.42895508, 1955.23156738, 1600.91601563, 756.68939209, 806.83001709, 724.305419922, 657.922668457, 329.610778809, 133.428848267, 119.560173035, 111.212150574, 180.363510132, 103.615310669, 99.9350585938, 247.167816162, 157.371536255, 35.8698616028, 4.59008932114, 0.30255317688, 0.0151092419401, 0.000193042738829, 4.81993879475e-07]}, "silence_rate_30dB": {"dvar2": 0.0366465635598, "var": 0.00807495880872, "min": 0, "dmean": 0.0134121030569, "mean": 0.991858243942, "max": 1, "dmean2": 0.0268284901977, "median": 1, "dvar": 0.0132323801517}, "melbands_spread": {"dvar2": 831.04486084, "var": 863.833984375, "min": 0.554103255272, "dmean": 14.2935180664, "mean": 39.5738792419, "max": 311.580230713, "dmean2": 22.2060489655, "median": 36.3271484375, "dvar": 379.518096924}, "melbands_crest": {"dvar2": 40.0108337402, "var": 30.5475978851, "min": 1.62482142448, "dmean": 4.35473012924, "mean": 13.9713764191, "max": 38.6059188843, "dmean2": 7.15726804733, "median": 13.0113735199, "dvar": 15.3201265335}, "zerocrossingrate": {"dvar2": 0.000576959340833, "var": 0.00433143367991, "min": 0.00439453125, "dmean": 0.0176435355097, "mean": 0.0946716070175, "max": 0.5283203125, "dmean2": 0.0202758368105, "median": 0.08154296875, "dvar": 0.000500697409734}, "barkbands_kurtosis": {"dvar2": 137.836151123, "var": 110.3387146, "min": -1.97068548203, "dmean": 3.21039676666, "mean": 2.52037525177, "max": 305.897003174, "dmean2": 5.28528547287, "median": -0.318040966988, "dvar": 59.9372024536}, "spectral_flux": {"dvar2": 0.00331991654821, "var": 0.00274330028333, "min": 6.32503424636e-11, "dmean": 0.034162029624, "mean": 0.115903064609, "max": 0.362733870745, "dmean2": 0.0522069595754, "median": 0.110085189342, "dvar": 0.00147976877633}, "barkbands_crest": {"dvar2": 32.0184059143, "var": 21.8350276947, "min": 1.96002316475, "dmean": 3.49568128586, "mean": 9.12378692627, "max": 26.0144138336, "dmean2": 5.75704145432, "median": 7.80568313599, "dvar": 12.7936992645}, "barkbands_flatness_db": {"dvar2": 0.00170926051214, "var": 0.00289915408939, "min": 0.0148586286232, "dmean": 0.0251305829734, "mean": 0.0987114831805, "max": 0.433116406202, "dmean2": 0.0391736626625, "median": 0.0829923450947, "dvar": 0.000715364818461}, "spectral_entropy": {"dvar2": 0.0662600472569, "var": 0.179105758667, "min": 4.89660358429, "dmean": 0.132874816656, "mean": 7.9886636734, "max": 9.8189868927, "dmean2": 0.185255855322, "median": 8.025431633, "dvar": 0.0375489108264}, "pitch_salience": {"dvar2": 0.0207573082298, "var": 0.0138546545058, "min": 0.0488024801016, "dmean": 0.0904714018106, "mean": 0.598360419273, "max": 0.920168280602, "dmean2": 0.148048460484, "median": 0.62452018261, "dvar": 0.00812485162169}, "erbbands_spread": {"dvar2": 291.350646973, "var": 345.53137207, "min": 2.31489133835, "dmean": 10.1481933594, "mean": 40.0758171082, "max": 181.011886597, "dmean2": 15.7227334976, "median": 37.0337677002, "dvar": 132.459274292}, "dynamic_complexity": 1.80499684811, "spectral_contrast_valleys": {"dvar2": [0.3443800807, 0.388248234987, 0.22765801847, 0.221535235643, 0.196064263582, 0.268602490425], "var": [4.41133117676, 4.10948610306, 4.10187959671, 4.13176059723, 4.27200937271, 3.51071667671], "min": [-28.1143169403, -27.8512992859, -27.8048171997, -27.6343574524, -27.5138492584, -27.4252147675], "dmean": [0.411152541637, 0.447401702404, 0.361133873463, 0.320840805769, 0.261190503836, 0.305399000645], "mean": [-6.81589174271, -7.13529825211, -7.17919921875, -7.08269309998, -6.82745504379, -9.38181304932], "max": [-5.06216335297, -4.87402296066, -5.26323223114, -5.5765209198, -5.60547113419, -7.06515407562], "dmean2": [0.662829935551, 0.692938089371, 0.546993970871, 0.481734335423, 0.375563263893, 0.407981038094], "median": [-6.42465543747, -6.89268493652, -6.8923406601, -6.75207805634, -6.36769342422, -9.06743621826], "dvar": [0.160268232226, 0.176924169064, 0.121500462294, 0.120799891651, 0.121940560639, 0.159484431148]}, "hfc": {"dvar2": 770.24407959, "var": 1321.19177246, "min": 1.11747362665e-16, "dmean": 12.4873209, "mean": 40.4041099548, "max": 357.859954834, "dmean2": 17.5257701874, "median": 33.9099273682, "dvar": 418.846282959}, "spectral_kurtosis": {"dvar2": 11.9471302032, "var": 10.2023658752, "min": -1.24638843536, "dmean": 1.08950519562, "mean": 3.37338447571, "max": 83.8848876953, "dmean2": 1.6846524477, "median": 3.0698261261, "dvar": 5.76645326614}, "mfcc": {"mean": [-596.030395508, 86.3098144531, -4.11313915253, 29.4338150024, 19.2512187958, 15.0353918076, 9.63929653168, 7.29255008698, 3.43843507767, 1.87839579582, -0.731338918209, -1.73585391045, 0.149419695139], "cov": [[6904.26757813, -61.0101699829, -541.273681641, -15.4519433975, -61.1891174316, -65.2018280029, 78.2365264893, 90.2216262817, -20.2731723785, 32.0430450439, 40.3888626099, -54.6643638611, 5.99225091934], [-61.0101699829, 1032.63024902, -121.885719299, 195.584823608, 6.87654972076, 52.7446517944, 4.145175457, -7.95908403397, -4.10109901428, 5.41902971268, -76.6625137329, -30.9679088593, -42.0220336914], [-541.273681641, -121.885719299, 628.364379883, 164.418930054, 99.3501739502, 74.1525802612, 21.1399822235, -28.4249954224, 11.9319057465, -15.6273088455, -19.2058582306, 14.4670314789, 0.236327007413], [-15.4519433975, 195.584823608, 164.418930054, 433.248474121, 111.507637024, 94.3277053833, 14.6249313354, -30.8294963837, 20.0890655518, 24.6727581024, -84.7921905518, -1.55659258366, -14.8163843155], [-61.1891174316, 6.87654972076, 99.3501739502, 111.507637024, 172.487091064, 53.3722076416, 7.81942367554, -15.2861013412, 19.2078552246, 5.74889707565, -24.492521286, -9.66865062714, -2.49230909348], [-65.2018280029, 52.7446517944, 74.1525802612, 94.3277053833, 53.3722076416, 159.987167358, 69.3961181641, 33.8732757568, 4.00157356262, -1.0444278717, -9.85548973083, 6.96907424927, -14.6417617798], [78.2365264893, 4.145175457, 21.1399822235, 14.6249313354, 7.81942367554, 69.3961181641, 172.579788208, 69.1390838623, 0.394097805023, -21.0798892975, 2.9663028717, 14.7212123871, -13.8998394012], [90.2216262817, -7.95908403397, -28.4249954224, -30.8294963837, -15.2861013412, 33.8732757568, 69.1390838623, 117.288223267, 29.9304428101, 1.17567360401, 16.6049404144, 3.84611845016, -2.62924766541], [-20.2731723785, -4.10109901428, 11.9319057465, 20.0890655518, 19.2078552246, 4.00157356262, 0.394097805023, 29.9304428101, 85.2069091797, 46.365447998, 6.16897249222, -2.85428643227, -3.831158638], [32.0430450439, 5.41902971268, -15.6273088455, 24.6727581024, 5.74889707565, -1.0444278717, -21.0798892975, 1.17567360401, 46.365447998, 98.419052124, 22.1186027527, 3.37933969498, -5.841152668], [40.3888626099, -76.6625137329, -19.2058582306, -84.7921905518, -24.492521286, -9.85548973083, 2.9663028717, 16.6049404144, 6.16897249222, 22.1186027527, 99.6140518188, 34.1354064941, 18.4379043579], [-54.6643638611, -30.9679088593, 14.4670314789, -1.55659258366, -9.66865062714, 6.96907424927, 14.7212123871, 3.84611845016, -2.85428643227, 3.37933969498, 34.1354064941, 69.5233840942, 29.7770519257], [5.99225091934, -42.0220336914, 0.236327007413, -14.8163843155, -2.49230909348, -14.6417617798, -13.8998394012, -2.62924766541, -3.831158638, -5.841152668, 18.4379043579, 29.7770519257, 65.9502563477]], "icov": [[0.000164500685059, 4.11324326706e-05, 0.000157745918841, -0.000130287473439, -5.12496217198e-06, 9.84418802545e-05, -0.000117473486171, -0.000102103687823, 0.000132563392981, -6.39571007923e-05, -0.000150204374222, 0.000255798629951, -9.72072884906e-05], [4.11324326706e-05, 0.00120197306387, 0.00042939936975, -0.000646363710985, 0.000265016424237, -0.000266171991825, 7.54991560825e-05, -1.48596027429e-05, 9.0394540166e-05, 5.21083711646e-05, 0.000325455825077, 0.000172698608367, 0.000422527082264], [0.000157745918841, 0.00042939936975, 0.00222394592129, -0.00085338705685, -0.000516339030582, -0.000474985077744, -0.000177577909199, 0.000595932593569, -0.000542927533388, 0.000838480482344, -0.000446203222964, -8.42772715259e-05, 0.000126467726659], [-0.000130287473439, -0.000646363710985, -0.00085338705685, 0.00448808958754, -0.0013637637021, -0.00153302459512, -3.02791595459e-05, 0.000963796046562, -0.00034765098826, -0.00172999489587, 0.0036268173717, -0.00186613632832, -9.33086630539e-05], [-5.12496217198e-06, 0.000265016424237, -0.000516339030582, -0.0013637637021, 0.00814294163138, -0.00218394841067, -0.000240856126766, 0.00186568149365, -0.00231468398124, 0.000624524487648, 1.40638640005e-05, 0.00188073352911, -0.00122097204439], [9.84418802545e-05, -0.000266171991825, -0.000474985077744, -0.00153302459512, -0.00218394841067, 0.00999282300472, -0.0026225335896, -0.00251909764484, 0.00175449857488, -0.000556879560463, -0.000685052131303, -0.000828570104204, 0.00157981133088], [-0.000117473486171, 7.54991560825e-05, -0.000177577909199, -3.02791595459e-05, -0.000240856126766, -0.0026225335896, 0.0096594048664, -0.00505054416135, 0.00087717641145, 0.0019133068854, 0.000300589483231, -0.00294683105312, 0.00276266341098], [-0.000102103687823, -1.48596027429e-05, 0.000595932593569, 0.000963796046562, 0.00186568149365, -0.00251909764484, -0.00505054416135, 0.0147664975375, -0.00671357940882, 0.00184656667989, -0.0013891060371, 0.00141809077468, -0.00122870900668], [0.000132563392981, 9.0394540166e-05, -0.000542927533388, -0.00034765098826, -0.00231468398124, 0.00175449857488, 0.00087717641145, -0.00671357940882, 0.0196372158825, -0.00910126883537, 0.000858311133925, 0.000797626678832, -7.67618257669e-05], [-6.39571007923e-05, 5.21083711646e-05, 0.000838480482344, -0.00172999489587, 0.000624524487648, -0.000556879560463, 0.0019133068854, 0.00184656667989, -0.00910126883537, 0.0166624113917, -0.00496864924207, -0.000446118967375, 0.00256177829579], [-0.000150204374222, 0.000325455825077, -0.000446203222964, 0.0036268173717, 1.40638640005e-05, -0.000685052131303, 0.000300589483231, -0.0013891060371, 0.000858311133925, -0.00496864924207, 0.0173164978623, -0.00754131330177, -0.000932634749915], [0.000255798629951, 0.000172698608367, -8.42772715259e-05, -0.00186613632832, 0.00188073352911, -0.000828570104204, -0.00294683105312, 0.00141809077468, 0.000797626678832, -0.000446118967375, -0.00754131330177, 0.0233210977167, -0.00942405685782], [-9.72072884906e-05, 0.000422527082264, 0.000126467726659, -9.33086630539e-05, -0.00122097204439, 0.00157981133088, 0.00276266341098, -0.00122870900668, -7.67618257669e-05, 0.00256177829579, -0.000932634749915, -0.00942405685782, 0.0209956709296]]}, "silence_rate_20dB": {"dvar2": 0, "var": 0, "min": 1, "dmean": 0, "mean": 1, "max": 1, "dmean2": 0, "median": 1, "dvar": 0}, "melbands_kurtosis": {"dvar2": 1515.48669434, "var": 1094.93115234, "min": -1.87543296814, "dmean": 11.5798215866, "mean": 14.3112401962, "max": 731.317749023, "dmean2": 18.8596801758, "median": 5.18113470078, "dvar": 634.090759277}, "barkbands_spread": {"dvar2": 265.507141113, "var": 325.827209473, "min": 0.774967193604, "dmean": 9.55285549164, "mean": 37.0931663513, "max": 136.351135254, "dmean2": 14.92989254, "median": 36.2627105713, "dvar": 113.320999146}, "erbbands_skewness": {"dvar2": 0.397887319326, "var": 0.651484370232, "min": -6.30042028427, "dmean": 0.383755534887, "mean": -0.351346999407, "max": 5.3896317482, "dmean2": 0.5780210495, "median": -0.458759218454, "dvar": 0.192532733083}, "average_loudness": 0.961645305157, "spectral_centroid": {"dvar2": 315605.0625, "var": 1139700.125, "min": 176.999862671, "dmean": 324.064147949, "mean": 2137.41992188, "max": 11929.3378906, "dmean2": 499.80947876, "median": 2094.31201172, "dvar": 156396.625}, "dissonance": {"dvar2": 0.000399667245802, "var": 0.000195318905753, "min": 0.237101778388, "dmean": 0.00969199556857, "mean": 0.486010015011, "max": 0.500000119209, "dmean2": 0.016525676474, "median": 0.489695072174, "dvar": 0.000147680635564}, "erbbands_flatness_db": {"dvar2": 0.00068219815148, "var": 0.00135258480441, "min": 0.0393460467458, "dmean": 0.0181800741702, "mean": 0.129267036915, "max": 0.332895219326, "dmean2": 0.0269264131784, "median": 0.12520930171, "dvar": 0.00033152155811}, "spectral_strongpeak": {"dvar2": 2.58352375031, "var": 0.972015917301, "min": 0, "dmean": 0.489292263985, "mean": 0.593922734261, "max": 16.2678585052, "dmean2": 0.86357653141, "median": 0.290455281734, "dvar": 0.953679382801}, "spectral_rms": {"dvar2": 4.47832735517e-06, "var": 3.57847284249e-06, "min": 3.12418623957e-12, "dmean": 0.0011895315256, "mean": 0.00571796856821, "max": 0.0131047992036, "dmean2": 0.00186407100409, "median": 0.00559909734875, "dvar": 1.83689689948e-06}, "silence_rate_60dB": {"dvar2": 0.0154331885278, "var": 0.0184828341007, "min": 0, "dmean": 0.0073447227478, "mean": 0.0188378039747, "max": 1, "dmean2": 0.0146917914972, "median": 0, "dvar": 0.0072906720452}, "melbands": {"dvar2": [0.000112336136226, 2.29107354244e-05, 3.11801477437e-06, 3.16072060969e-07, 3.9080651959e-07, 1.48946639911e-07, 2.48669749681e-07, 2.55157726059e-08, 4.05860731689e-08, 1.62463535958e-07, 1.38672348271e-07, 1.11634534505e-07, 8.06212057114e-08, 4.53595241368e-08, 9.17122235933e-08, 8.01887765078e-08, 2.30888907993e-08, 2.82891114978e-08, 2.03938252952e-08, 9.89959758613e-09, 5.81520298581e-09, 3.01393709989e-09, 1.84262216596e-09, 2.16569651101e-09, 1.4861203379e-09, 1.30232280515e-09, 8.68618288408e-10, 3.97947647057e-10, 2.0571537529e-10, 1.44931858181e-10, 1.21424259536e-10, 6.84868828316e-11, 1.37473948891e-10, 1.40908548718e-10, 8.76253652971e-11, 6.74608563456e-11, 1.0932770661e-10, 2.99993307973e-10, 2.91878438086e-10, 2.21371129761e-10], "var": [3.56070486305e-05, 9.44084149523e-06, 1.72458669567e-06, 2.214073902e-07, 1.27882245238e-07, 5.19270102473e-08, 1.64454021956e-07, 1.47658765215e-08, 1.52417243271e-08, 6.59499974631e-08, 8.09880233987e-08, 8.36179268049e-08, 4.86676867695e-08, 2.63634358788e-08, 5.51152581352e-08, 4.88649654073e-08, 1.33003332792e-08, 1.99653964472e-08, 1.33912516631e-08, 7.43627603939e-09, 4.46595427306e-09, 2.16276574427e-09, 1.19874909998e-09, 1.65670177577e-09, 1.20002241477e-09, 7.32631233458e-10, 4.42381103971e-10, 2.15554601946e-10, 1.37636096964e-10, 9.0744453618e-11, 1.01925655416e-10, 9.99925489631e-11, 1.3723557013e-10, 1.30358848716e-10, 6.93110013827e-11, 5.78161407638e-11, 6.65455815452e-11, 1.76362716098e-10, 2.49626735949e-10, 2.07426215093e-10], "min": [1.89182788188e-24, 8.68890153802e-25, 1.24561146795e-24, 5.52314208169e-25, 9.86978391187e-25, 2.49297775699e-24, 1.66787835672e-24, 1.42162684629e-24, 1.9076376405e-24, 1.69803611469e-24, 2.20381901724e-24, 1.81128794448e-24, 2.42359605987e-24, 2.45678047992e-24, 2.8018158153e-24, 4.30957670751e-24, 3.21995015761e-24, 3.93240140391e-24, 4.92361854195e-24, 4.44423644732e-24, 3.12872825468e-24, 4.83520735043e-24, 3.37071823989e-24, 4.4734396836e-24, 5.43909457287e-24, 5.27591238374e-24, 5.63471590572e-24, 5.48509896871e-24, 5.18098362342e-24, 3.75178262776e-24, 5.37631741647e-24, 5.56792818047e-24, 6.53763505378e-24, 5.20866988018e-24, 6.86611357927e-24, 5.92377899608e-24, 5.80137854916e-24, 5.77525305371e-24, 5.85851968883e-24, 6.14845683708e-24], "dmean": [0.00362693727948, 0.00187205139082, 0.000800249923486, 0.000300014828099, 0.000216729400563, 0.000130916509079, 0.000167570484336, 5.11252328579e-05, 6.57892160234e-05, 0.000121182420116, 0.000111251058115, 9.6179319371e-05, 7.13288027328e-05, 6.33319432382e-05, 8.78246573848e-05, 9.31477115955e-05, 6.1253515014e-05, 5.63010798942e-05, 4.4547708967e-05, 4.43228673248e-05, 3.57777898898e-05, 2.68416806648e-05, 1.96836899704e-05, 2.05322485272e-05, 1.81791001523e-05, 1.29074323922e-05, 1.09467755465e-05, 8.22442234494e-06, 6.83036569171e-06, 4.87410761707e-06, 4.87056740894e-06, 3.38926975019e-06, 3.82333701054e-06, 3.95527013097e-06, 3.24376128447e-06, 2.10024563785e-06, 2.05182959689e-06, 3.13575856126e-06, 3.45731837115e-06, 3.07500999952e-06], "mean": [0.00381146022119, 0.00244078971446, 0.00138274009805, 0.000588921422604, 0.000296665151836, 0.000176307570655, 0.000233581537032, 6.45668042125e-05, 7.38328162697e-05, 0.00013919788762, 0.000144687568536, 0.000134041925776, 9.87752137007e-05, 8.94317636266e-05, 0.000116262330266, 0.000116268034617, 8.67067574291e-05, 8.7076521595e-05, 6.81301025907e-05, 7.76318702265e-05, 6.76649215166e-05, 5.03319351992e-05, 3.69794470316e-05, 3.90088171116e-05, 3.68904184143e-05, 2.58844247583e-05, 2.23123352043e-05, 1.72408272192e-05, 1.39763469633e-05, 9.96941707854e-06, 9.14184056455e-06, 6.76722766002e-06, 7.3208698268e-06, 7.31798945708e-06, 5.38555696039e-06, 3.88578928323e-06, 3.52596202902e-06, 5.03237515659e-06, 5.3572402976e-06, 4.83220219394e-06], "max": [0.0476869232953, 0.0271052587777, 0.0171843357384, 0.00458311615512, 0.00373337720521, 0.00316278776154, 0.00452270871028, 0.00179648783524, 0.00167219294235, 0.0041496232152, 0.00530677987263, 0.0042065042071, 0.00478046666831, 0.00259437598288, 0.00388705660589, 0.0025231060572, 0.0014687445946, 0.00214416277595, 0.00198790710419, 0.000933241622988, 0.0009371706401, 0.000500967376865, 0.000482022005599, 0.000579013372771, 0.000520301458891, 0.000523238035385, 0.00050889927661, 0.000296541838907, 0.000168620827026, 0.00023710570531, 0.000109676941065, 0.000214606232475, 0.000189513229998, 0.000180762232048, 0.000149543993757, 0.000180073111551, 0.000238041102421, 0.000268203817541, 0.000249580276432, 0.000285260553937], "dmean2": [0.00626884493977, 0.0031494370196, 0.00136065867264, 0.000497285916936, 0.000372209615307, 0.000222148897592, 0.000260890723439, 8.49645148264e-05, 0.000110231310828, 0.000200509428396, 0.000177585461643, 0.000153238506755, 0.000114416521683, 0.000102208367025, 0.000140756819746, 0.000150150837726, 0.000100673016277, 9.12006871658e-05, 7.0742375101e-05, 7.15369315003e-05, 5.86901915085e-05, 4.39134419139e-05, 3.21791376336e-05, 3.32169620378e-05, 2.97570950352e-05, 2.10374146263e-05, 1.81491504918e-05, 1.36470880534e-05, 1.12745356091e-05, 8.20692912384e-06