{"tonal": {"thpcp": [1, 0.607357144356, 0.121840916574, 0.057010833174, 0.0481217391789, 0.0485739409924, 0.0868246778846, 0.121179953218, 0.113735817373, 0.158944070339, 0.173629686236, 0.0987806096673, 0.0626499503851, 0.0511366352439, 0.0428826026618, 0.0620140731335, 0.0794648081064, 0.0817270278931, 0.0725610852242, 0.051130566746, 0.0664908662438, 0.218637049198, 0.271297484636, 0.225394338369, 0.235785454512, 0.123544692993, 0.0247639082372, 0.0272891037166, 0.0337095893919, 0.0648051053286, 0.186853632331, 0.274702399969, 0.280497819185, 0.284262448549, 0.247218891978, 0.591838657856], "hpcp": {"dmean2": [0.421299248934, 0.349991083145, 0.146468386054, 0.0829614698887, 0.0708279833198, 0.074377655983, 0.0970198810101, 0.128694996238, 0.136771038175, 0.132220089436, 0.127606198192, 0.100225202739, 0.0786929726601, 0.0663864091039, 0.0577268153429, 0.0743130370975, 0.0973648801446, 0.123506315053, 0.123936243355, 0.0876800194383, 0.0792920738459, 0.128803789616, 0.137861430645, 0.252634137869, 0.37884798646, 0.191501274705, 0.027315845713, 0.0323082767427, 0.0429031066597, 0.0850110426545, 0.204279601574, 0.317397415638, 0.385508269072, 0.40908703208, 0.35223865509, 0.407517284155], "median": [0.385171622038, 0.231596395373, 0.00980074238032, 0.00128156959545, 0.000909723690711, 0.00135167711414, 0.00300665549003, 0.00395510159433, 0.00433896761388, 0.00632011238486, 0.00814254395664, 0.00758494855836, 0.00577121321112, 0.00399437872693, 0.00195896718651, 0.00297318841331, 0.00358424405567, 0.00286517408676, 0.00168788444716, 0.00121003657114, 0.0142019428313, 0.0663482397795, 0.0616738349199, 0.0161605291069, 0.00219545443542, 0.00131177948788, 0.00101735710632, 0.00125247251708, 0.00140535505489, 0.00377483153716, 0.00818519573659, 0.00922845490277, 0.00638371007517, 0.00298862927593, 0.00433770660311, 0.189447030425], "min": [0, 0, 0, 0, 0, 0, 0, 0, 0, 0, 0, 0, 0, 0, 0, 0, 0, 0, 0, 0, 0, 0, 0, 0, 0, 0, 0, 0, 0, 0, 0, 0, 0, 0, 0, 0], "dvar2": [0.213449075818, 0.13377918303, 0.0992001220584, 0.0659304633737, 0.0541734732687, 0.0557459071279, 0.0636230632663, 0.0798650234938, 0.0879553556442, 0.074658818543, 0.0761027634144, 0.0570084266365, 0.0512969866395, 0.0405198819935, 0.0371773466468, 0.0454174205661, 0.0640259534121, 0.0925336629152, 0.116713471711, 0.0500972904265, 0.0294532235712, 0.0306256879121, 0.042805172503, 0.102113306522, 0.351257145405, 0.0820509642363, 0.00764015130699, 0.0143317040056, 0.0184503011405, 0.0284329261631, 0.127211883664, 0.20342926681, 0.307346522808, 0.320205390453, 0.241613507271, 0.172479689121], "dvar": [0.121174916625, 0.0567941404879, 0.034906886518, 0.0241346079856, 0.0195977799594, 0.0190665703267, 0.0226491298527, 0.0288342908025, 0.0309017151594, 0.0271142944694, 0.0276179071516, 0.019811578095, 0.0176375806332, 0.0140363797545, 0.0128043666482, 0.0159791205078, 0.0228131171316, 0.0322869941592, 0.0402510017157, 0.0172916464508, 0.0101722376421, 0.0119460038841, 0.0176300536841, 0.0384456291795, 0.127831757069, 0.0298852846026, 0.00285738892853, 0.00513279624283, 0.00647818017751, 0.00993985403329, 0.0522858090699, 0.0856862217188, 0.105405658484, 0.120630204678, 0.094277665019, 0.0755751430988], "dmean": [0.237848088145, 0.202219009399, 0.0790104866028, 0.0435948632658, 0.0374719910324, 0.0387544631958, 0.0529000237584, 0.0697431638837, 0.0730337575078, 0.0722162276506, 0.0710043460131, 0.0543656498194, 0.0420726239681, 0.0354599095881, 0.0305512212217, 0.0397528856993, 0.051891580224, 0.0639935582876, 0.063190408051, 0.0446496456861, 0.0420284569263, 0.0753545090556, 0.0815319046378, 0.134000957012, 0.192621946335, 0.0979846864939, 0.0149836521596, 0.017640484497, 0.0231865383685, 0.045429982245, 0.112437859178, 0.171200931072, 0.210582584143, 0.219466567039, 0.192751944065, 0.227868631482], "max": [1, 1, 1, 1, 1, 1, 1, 1, 1, 1, 1, 1, 1, 1, 1, 1, 1, 1, 1, 1, 1, 1, 1, 1, 1, 1, 1, 1, 1, 1, 1, 1, 1, 1, 1, 1], "var": [0.202829346061, 0.0843170210719, 0.0227923039347, 0.0155036402866, 0.0126640191302, 0.0108915567398, 0.0176963303238, 0.0260555054992, 0.022467924282, 0.0355465821922, 0.0434111393988, 0.0161908902228, 0.0115299355239, 0.00906049739569, 0.00803557038307, 0.0115316230804, 0.016727367416, 0.0190231446177, 0.0221914444119, 0.00963994022459, 0.00610417500138, 0.0236643739045, 0.0486400127411, 0.0351933203638, 0.0860365107656, 0.0218367315829, 0.0029333147686, 0.00380799197592, 0.00452598743141, 0.00721034035087, 0.0482494495809, 0.0772578343749, 0.0791897922754, 0.0915241092443, 0.0690685361624, 0.0939028412104], "mean": [0.49597337842, 0.3012329638, 0.0604298524559, 0.0282758548856, 0.0238671023399, 0.0240913815796, 0.0430627278984, 0.0601020306349, 0.0564099363983, 0.0788320302963, 0.0861157029867, 0.0489925518632, 0.0310727078468, 0.0253624096513, 0.0212686285377, 0.0307573284954, 0.0394124276936, 0.0405344292521, 0.035988368094, 0.0253593996167, 0.0329777002335, 0.108438156545, 0.13455632329, 0.11178959161, 0.116943307221, 0.0612748786807, 0.0122822392732, 0.013534668833, 0.016719058156, 0.0321416072547, 0.0926744267344, 0.136245071888, 0.139119446278, 0.140986606479, 0.122613988817, 0.293536216021]}, "tuning_equal_tempered_deviation": 0.193675354123, "chords_changes_rate": 0.048856113106, "key_key": "A", "tuning_diatonic_strength": 0.53976559639, "key_scale": "minor", "chords_number_rate": 0.000754211039748, "tuning_frequency": 434.444000244, "tuning_nontempered_energy_ratio": 0.840126991272, "chords_histogram": [43.953742981, 5.64820241928, 3.33528876305, 3.17606639862, 0.310064524412, 0.594988703728, 0.804491758347, 24.5286178589, 0.192742809653, 2.22911262512, 0.335204899311, 0.217883184552, 0.142462074757, 0.0167602449656, 0.00838012248278, 0.427386254072, 0.494427204132, 1.4832816124, 0.368725389242, 0.125701829791, 0.0921813473105, 0, 7.38288784027, 4.13140010834], "key_strength": 0.581216990948, "chords_key": "A", "chords_strength": {"dmean2": 0.0106051955372, "median": 0.532428622246, "min": 0.225848734379, "dvar2": 8.83121610968e-05, "dvar": 5.80227206228e-05, "dmean": 0.00881076417863, "max": 0.794288873672, "var": 0.0108975796029, "mean": 0.521683692932}, "chords_scale": "minor", "hpcp_entropy": {"dmean2": 1.08496832848, "median": 2.08418726921, "min": 0, "dvar2": 0.747090995312, "dvar": 0.266616731882, "dmean": 0.638759672642, "max": 4.33638000488, "var": 0.44361782074, "mean": 2.11508655548}}, "metadata": {"audio_properties": {"equal_loudness": 0, "codec": "flac", "downmix": "mix", "sample_rate": 44100, "analysis_sample_rate": 44100, "bit_rate": 0, "md5_encoded": "20cf5156f666dbb2942ce7adba273a3e", "length": 554.093322754, "replay_gain": -12.6003952026, "lossless": true}, "version": {"essentia_build_sha": "70f2e5ece6736b2c40cc944ad0e695b16b925413", "essentia": "2.1-beta2", "extractor": "music 1.0", "essentia_git_sha": "v2.1_beta2"}, "tags": {"title": ["If\u2026"], "language": ["eng"], "media": ["CD"], "albumartist": ["LOUD"], "tracktotal": ["7"], "musicbrainz_releasegroupid": ["c566f388-461b-498f-9dc4-7b2d6bc200b4"], "musicbrainz_recordingid": ["0ae1ac10-eefc-4ee1-95fb-530728dff55f"], "musicbrainz_albumartistid": ["baf32590-b1ba-4054-bab4-73feb8f6c80e"], "discnumber": ["1"], "totaldiscs": ["1"], "album": ["No More X"], "catalognumber": ["Nanoocd029"], "releasecountry": ["GB"], "file_name": "01 If\u2026.flac", "compilation": ["0"], "acoustid_fingerprint": ["AQADtItUMYmWDLx02LkQmRll_GmhqEfj4x2JMFeCPjPu45UPxyF4Hj4uKniU4weToz5yxdCUHWFiJZzwpcJMb0iX57izQy7TBPExBaWOzIrW4IHOXOANThJTfMeTD40UnPqC4zwupC_8Yz-KvIf-SMh1UfgxPWicYj-SSVeQJqeEhg8iMzlOPUGjQ5OeI7rR50bDGPkY_ELlFzV0JUVzFJVZoeFCoz_cEeKJw5eM7kS_4xnaKDt6NE4W_If2ENUUFv3hKgTEnPDR-egt4kG9xfiOxuHRL4e2Z8GnHHDV44d4DocvGd0l9EftKPhy9GicLEd36MS344c74hBz-BK6U-g34xnaKDuOxsmC7tBeVFMu9HAVAmJO-OhMoyeJo95ifGgcHv1ydCfUZvjhqscP8RwOXzK6E_3xD-2yo2icLOhe6MJ9_HBHQMwJX-hMo1-JZ2ij7PjRqAz6HT2LK8f5wnEIpDJV5EfzrAqOH35FfIF8ormEojILcyHew90hnvjhS0Z3oj_-oV129GicLMeh_ai2Gf3hjtDhnIMvdKbRbyK-oI2yGC8ah0HvQtuLTzkOVyEOMecAy5LRE_2LeovxoTlX9OKh7XiOz8Z7uIN4Dj98Cd0p9DvuDO2yoy8aJwt-aC-qKRd6uApxiDkHH52P_sTRRlkMNA6Pfjm0nXgz43AVHod4DocvGd0l9C_qLfiO_mic8ND24se34z3cQScc-BK6U-h3PEMbZUePxsmi4od2opoyCj1chTjEnIOPzkd_4qi3GN_RODx6HtpevDl-uOrxQzyHw5eM7kR_1M7w5ejROFmO7tDxbcYPd8Qh5hx8Cd2NfiWeoY2yET3sZEF3aC_eXPjhKsQh5hyORqbRk3hRbzE-NA5X9MvRndAzfBfew90hnvjhS0Z3oj_-oV129GicLEf3QqimHP3hjjjEnIMvdKbRr8QztFF2HI3DoPMO7cSbGT9chdDhnMPRyDR6CX9RbzE-NOfRi4e2F8e3C-_hDuKJw5eM7kR__EO77OjROFmOQ_vxbSnOwx2hwzkHX0JnGv1KnGijLMbROAz6Q9uLT7lwuApxiDkHWJaMXkL_ot4i4juaH33CQ9uD49uM93AHnXDgS-hOod9xZ2iXHX3ROFkOGX1RTTl6w1WIQ8w5-Oh89CeONluMo3F49Muh7cSbGYerHj_EczgsSyJ6oj_qLcN39EfjhEf3Qj--HT_cEYeYw5fQnUK_4xnaKDv6onGy4D-0E58yCoerEIeYc_DR-ehPHPUW40NzrujFQ9uLNxcOv8d3iOdw-JLRneiP-sOXHUXjZEF36Pg244c7QnBO-EJnGv0m4hnaKDuOxsmC7tBeVM2F9nAV4hBzDmhkyehJ4qi3GN_RnEev5dB24s3wC-_h7hBP_Aws0-iJfsedoV129LCT5fihZ6h2oT_cEYJzwpfQXUR_4kOt7PjROAz6HdqOZ5nwHa5CCM4JNLIk4kT_ot6C72gcHj3REzKJH87W44NOBT6cy-jRn_jUoV129IeWMyr64Q_xHN8Od4QOx-Hg7-iM_sSHWtmBhgqDfkP3ENqPynDVo2WEPhFU1zhxkRC1HRa1GG10hCmFyuFRZ8Z3hD-6VoWWZ5OEvASu4sfhH9-R09AeJUWjGz2cPcJPuCMOMQ5hhDOFniSOekqEvwgfxvB3aLtwhfgV1KoF_zBJ4Yd4CT_xC_-Gdhmaow_RHfqGX_B7fBCcEz46X-h3PBvaKEMPO4zQeSu0jkRVpvhRK4QP8RwcdJaMniQe1FuMD82JfkF34lB3-D0-iCcOy0R7orfxD30UoxdMJQv-BQ-q46gVGj58wrmE3_hKnGijLCmO5hn69NDGC-1R-XBHHGJc3Ghk9BZehN6CD41DdFaCnsWb40euw-chXsJh-fiJH_WHL4N2eEuGhz10Fr_wHU2VzOghRiU-wTLxrsSJWlmOG43DoPOgk3iOX6gVHsp4bDnhK-h8nBT6F1cWox2aE72I7oWOb4dffId44vCFzqTQZ8eZDW2UDT3sMPgO-UXVHO1nuApxiJcG5-hMo8-Jo95itDvMEX1WdC90Hf_QVCEOLRkJmMzwG-eKbzHaHQ36ZEGnQ1eWo7rQjoc7QsSvw3_QHX14XN3QLkPRnEEvyDxuFv_hKoTgnPhhGadEHKW24Ec7Bt6kHPKJqiF-oa-FjRl84pfhQ9FOokfoD8_QH2GcEN3xXFD_DOZQj-ghZgwO68Yp40MbZQ_QOETn5dCOasrwiWiqEBBPOBc6Hz2JF_UW40NzDj3RvfigHn6PD-KJH5Zp9EQ_FneMdhl6NA6DzsoDPUd1tD9chSLgE84lyMdX4c6KPsPRPDte_DhUH2KnhLgJPwQsC_klPHi2GOGP5uiTBd1JqFMOIIgBDhMpgBBIKEEdQIwD5JwxgEhiAICOKACENQwBIywAihgCiBCCGQIFMEQISQRxACgkmADCEEKBFkQgRYAxRBsgCBCACAcEEIYoYzRgBhDGHBKGUEAqAhwYwo0ggBglHBBAGKIQAEIAwhgwhALFiFCGAEIF0MgAwwQTQAAnDFEIAA0EIIJhYAjVRABiOmAEGAAAUwAwIYAThhAEoKAIcA6MIYILAggwggsgDAEGKQGEEoAwoYQhhAItiOIcGEMEN0AQIAAxRjgggDBEGaMBM4AxDoQhVFMEgJEcSMINAcQAwwQQwAlDFAJAA0EE48AQCshQwEgMJHPAAAGAUAAwIYAwRCEANBCAAEYwMISSggQApgNGgAFIAKAUYEIJQwgCECACOTCGCM4EAQQY4YAAjCiDlADCCEAYs0AYQiiAgggFTAfGEMENAEAAYIBAQABhiAIGMAMYA4ZQQCoCkgPCDQACAAKMYQIIQBghCGggmDGCAWGIsMBAIpgCElgCDBJEMiKQgoQJIgBggAihCGAYCCIsIAIYIZwEDAAjCIDIMQaQUUowAZxghDMAhGAGMAGAE8I4gwASTAAGBAJGEEI1JVAQbQAhTAGBBBAEAWEFU9A8AYRxlAQAgGLMEW4UIMYZJYAABgKHgDECGMAME5BQYKAigAIEFHJCIACEAQQgJYARhGknBAFcIAI4IAIBIMUQDimAhGAEACKMEwIBQIABBBDiOFOAESQEIMIQwBQQSgiAnXAWAEkFMYQbQISBQCABCCNIAyMgIAIYh4QBgAlmGABMaCMUAgQB"], "date": ["2012-4-16"], "genre": ["Psychedelic"], "disctotal": ["1"], "musicbrainz_artistid": ["baf32590-b1ba-4054-bab4-73feb8f6c80e"], "originaldate": ["2012-4"], "musicbrainz_albumid": ["f05ae3b0-0170-4138-82ea-a00e682ba18e"], "artist": ["LOUD & Shulman"], "tracknumber": ["1"], "artistsort": ["LOUD & Shulman"], "bpm": ["0"], "label": ["Nano Records"], "albumartistsort": ["LOUD"], "acoustid_id": ["68846b40-4163-49d0-b4b6-587f2c8e9044"], "script": ["Latn"], "totaltracks": ["7"]}}, "rhythm": {"bpm_histogram_first_peak_bpm": {"dmean2": 0, "median": 136, "min": 136, "dvar2": 0, "dvar": 0, "dmean": 0, "max": 136, "var": 0, "mean": 136}, "bpm": 135.007339478, "bpm_histogram_second_peak_spread": {"dmean2": 0, "median": 0, "min": 0, "dvar2": 0, "dvar": 0, "dmean": 0, "max": 0, "var": 0, "mean": 0}, "bpm_histogram_first_peak_weight": {"dmean2": 0, "median": 0.662129700184, "min": 0.662129700184, "dvar2": 0, "dvar": 0, "dmean": 0, "max": 0.662129700184, "var": 0, "mean": 0.662129700184}, "onset_rate": 4.82937145233, "beats_position": [0.452789098024, 0.917188167572, 1.38158726692, 1.83437633514, 2.29877543449, 2.76317453384, 3.27401351929, 3.78485250473, 4.29569149017, 4.80653047562, 5.32897949219, 5.85142850876, 6.31582736969, 6.78022670746, 7.24462556839, 7.70902490616, 8.17342376709, 8.63782310486, 9.10222244263, 9.55501079559, 10.0078001022, 10.4489793777, 10.8901586533, 11.3313379288, 11.7725172043, 12.2253055573, 12.6780948639, 13.1192741394, 13.5604534149, 14.0016326904, 14.4428119659, 14.8839902878, 15.3367795944, 15.7895689011, 16.2307472229, 16.6719264984, 17.1131057739, 17.5542850494, 18.0070743561, 18.4598636627, 18.9010429382, 19.3422222137, 19.7834014893, 20.2245807648, 20.6657600403, 21.1185474396, 21.5713367462, 22.0125160217, 22.4536952972, 22.8948745728, 23.3360538483, 23.7772331238, 24.2184123993, 24.6712017059, 25.1239910126, 25.5651702881, 26.0063495636, 26.4475269318, 26.8887062073, 27.3298854828, 27.7826747894, 28.2354640961, 28.6766433716, 29.1178226471, 29.5590019226, 30.0001811981, 30.4413604736, 30.8941497803, 31.3469390869, 31.7881164551, 32.2292976379, 32.6704750061, 33.111656189, 33.5528335571, 34.0056228638, 34.4584121704, 34.8995895386, 35.3407707214, 35.7819480896, 36.2231292725, 36.6643066406, 37.1170959473, 37.5698852539, 38.0110664368, 38.4522438049, 38.8934249878, 39.334602356, 39.7757797241, 40.2285690308, 40.6813583374, 41.1225395203, 41.5637168884, 42.0048980713, 42.4460754395, 42.8872566223, 43.3284339905, 43.7812232971, 44.2340126038, 44.6751937866, 45.1163711548, 45.5575485229, 45.9987297058, 46.4515190125, 46.9043083191, 47.3454856873, 47.7866668701, 48.2278442383, 48.6690254211, 49.1102027893, 49.5629920959, 50.0157814026, 50.4569587708, 50.8981399536, 51.3393173218, 51.7804985046, 52.2216758728, 52.6628570557, 53.1156463623, 53.5684356689, 54.0096130371, 54.45079422, 54.8919715881, 55.333152771, 55.7743301392, 56.2271194458, 56.6799087524, 57.1210861206, 57.5622673035, 58.0034446716, 58.4446258545, 58.8858032227, 59.3385925293, 59.7913818359, 60.2325630188, 60.673740387, 61.1149177551, 61.556098938, 61.9972763062, 62.4500656128, 62.9028549194, 63.3440361023, 63.7852134705, 64.2263946533, 64.6675720215, 65.1087493896, 65.5615386963, 66.0143280029, 66.4555053711, 66.8966903687, 67.3378677368, 67.779045105, 68.2202224731, 68.6730117798, 69.1258010864, 69.566986084, 70.0081634521, 70.4493408203, 70.8905181885, 71.3316955566, 71.7728805542, 72.2256698608, 72.6784591675, 73.1196365356, 73.5608139038, 74.001991272, 74.4431762695, 74.8959655762, 75.3487548828, 75.789932251, 76.2311096191, 76.6722869873, 77.1134643555, 77.554649353, 78.0074386597, 78.4602279663, 78.9014053345, 79.3425827026, 79.7837600708, 80.2249450684, 80.6661224365, 81.1072998047, 81.5600891113, 82.012878418, 82.4540557861, 82.8952331543, 83.3364181519, 83.77759552, 84.2187728882, 84.6715621948, 85.1243515015, 85.5655288696, 86.0067138672, 86.4478912354, 86.8890686035, 87.3418579102, 87.7946472168, 88.235824585, 88.6770019531, 89.1181869507, 89.5593643188, 90.000541687, 90.4417190552, 90.8945083618, 91.3472976685, 91.788482666, 92.2296600342, 92.6708374023, 93.1120147705, 93.5531921387, 94.0059814453, 94.458770752, 94.8999557495, 95.3411331177, 95.7823104858, 96.223487854, 96.6646728516, 97.1174621582, 97.5702438354, 98.011428833, 98.4526062012, 98.8937835693, 99.3349609375, 99.7761459351, 100.217323303, 100.67011261, 101.122901917, 101.564079285, 102.005256653, 102.44644165, 102.887619019, 103.340408325, 103.793197632, 104.234375, 104.675552368, 105.116729736, 105.557914734, 105.999092102, 106.451881409, 106.904670715, 107.345848083, 107.787025452, 108.22820282, 108.669387817, 109.110565186, 109.551742554, 110.00453186, 110.457321167, 110.898498535, 111.339683533, 111.780860901, 112.222038269, 112.663215637, 113.116004944, 113.56879425, 114.009971619, 114.451156616, 114.892333984, 115.333511353, 115.786300659, 116.239089966, 116.680267334, 117.121452332, 117.5626297, 118.003807068, 118.444984436, 118.897773743, 119.350563049, 119.791740417, 120.232925415, 120.674102783, 121.115280151, 121.55645752, 121.997642517, 122.450431824, 122.90322113, 123.344398499, 123.785575867, 124.226753235, 124.667930603, 125.109115601, 125.561904907, 126.014694214, 126.455871582, 126.89704895, 127.338226318, 127.779411316, 128.220581055, 128.673370361, 129.126159668, 129.567337036, 130.008529663, 130.449707031, 130.890884399, 131.332061768, 131.784851074, 132.237640381, 132.678817749, 133.119995117, 133.561172485, 134.002349854, 134.44354248, 134.896316528, 135.349105835, 135.790298462, 136.23147583, 136.672653198, 137.113830566, 137.555007935, 137.996185303, 138.448974609, 138.901763916, 139.342941284, 139.784118652, 140.225296021, 140.666488647, 141.107666016, 141.560455322, 142.013244629, 142.454421997, 142.895599365, 143.336776733, 143.777954102, 144.230743408, 144.683532715, 145.124710083, 145.565887451, 146.007064819, 146.448257446, 146.889434814, 147.342224121, 147.795013428, 148.236190796, 148.677368164, 149.118545532, 149.5597229, 150.000900269, 150.442077637, 150.894866943, 151.34765625, 151.788833618, 152.230026245, 152.671203613, 153.112380981, 153.55355835, 153.994735718, 154.447525024, 154.900314331, 155.341491699, 155.782669067, 156.223846436, 156.665023804, 157.11781311, 157.570602417, 158.011795044, 158.452972412, 158.89414978, 159.335327148, 159.776504517, 160.229293823, 160.68208313, 161.123260498, 161.564437866, 162.005615234, 162.446792603, 162.887985229, 163.340774536, 163.793563843, 164.234741211, 164.675918579, 165.117095947, 165.558273315, 165.999450684, 166.440628052, 166.893417358, 167.346206665, 167.787384033, 168.228561401, 168.669754028, 169.110931396, 169.552108765, 170.004898071, 170.457687378, 170.898864746, 171.340042114, 171.781219482, 172.222396851, 172.675186157, 173.127975464, 173.569152832, 174.0103302, 174.451522827, 174.892700195, 175.333877563, 175.775054932, 176.227844238, 176.680633545, 177.121810913, 177.562988281, 178.004165649, 178.445343018, 178.886520386, 179.339309692, 179.792098999, 180.233291626, 180.674468994, 181.115646362, 181.55682373, 181.998001099, 182.450790405, 182.903579712, 183.34475708, 183.785934448, 184.227111816, 184.668289185, 185.121078491, 185.573867798, 186.015060425, 186.456237793, 186.897415161, 187.338592529, 187.779769897, 188.220947266, 188.673736572, 189.126525879, 189.567703247, 190.008880615, 190.450057983, 190.89125061, 191.332427979, 191.785217285, 192.238006592, 192.67918396, 193.120361328, 193.561538696, 194.002716064, 194.443893433, 194.885070801, 195.337860107, 195.790649414, 196.231826782, 196.673019409, 197.114196777, 197.555374146, 197.996551514, 198.44934082, 198.902130127, 199.343307495, 199.784484863, 200.225662231, 200.6668396, 201.119628906, 201.572418213, 202.013595581, 202.454788208, 202.895965576, 203.337142944, 203.778320312, 204.231109619, 204.683898926, 205.125076294, 205.566253662, 206.00743103, 206.448608398, 206.889785767, 207.330978394, 207.7837677, 208.236557007, 208.677734375, 209.118911743, 209.560089111, 210.001266479, 210.442443848, 210.883621216, 211.336410522, 211.789199829, 212.230377197, 212.671554565, 213.112747192, 213.553924561, 213.995101929, 214.447891235, 214.900680542, 215.34185791, 215.783035278, 216.224212646, 216.665390015, 217.118179321, 217.570968628, 218.012145996, 218.453323364, 218.894515991, 219.335693359, 219.776870728, 220.229660034, 220.682449341, 221.123626709, 221.564804077, 222.005981445, 222.447158813, 222.888336182, 223.32951355, 223.782302856, 224.235092163, 224.676269531, 225.117462158, 225.558639526, 225.999816895, 226.440994263, 226.893783569, 227.346572876, 227.787750244, 228.228927612, 228.67010498, 229.111282349, 229.552474976, 230.005249023, 230.45803833, 230.899230957, 231.340408325, 231.781585693, 232.222763062, 232.66394043, 233.116729736, 233.569519043, 234.010696411, 234.451873779, 234.893051147, 235.334228516, 235.775421143, 236.228210449, 236.680999756, 237.122177124, 237.563354492, 238.00453186, 238.445709229, 238.886886597, 239.339675903, 239.79246521, 240.233642578, 240.674819946, 241.115997314, 241.557189941, 241.99836731, 242.439544678, 242.892333984, 243.345123291, 243.786300659, 244.227478027, 244.668655396, 245.109832764, 245.56262207, 246.015411377, 246.456588745, 246.897766113, 247.33895874, 247.780136108, 248.221313477, 248.674102783, 249.12689209, 249.568069458, 250.009246826, 250.450424194, 250.891601562, 251.332778931, 251.773956299, 252.226745605, 252.679534912, 253.120727539, 253.561904907, 254.003082275, 254.444259644, 254.885437012, 255.338226318, 255.791015625, 256.232208252, 256.673370361, 257.114562988, 257.555725098, 257.996917725, 258.449707031, 258.902496338, 259.343658447, 259.784851074, 260.226013184, 260.667205811, 261.108398438, 261.561187744, 262.013977051, 262.45513916, 262.896331787, 263.337493896, 263.778686523, 264.219848633, 264.672637939, 265.125427246, 265.566619873, 266.007781982, 266.448974609, 266.890167236, 267.331329346, 267.784118652, 268.236907959, 268.678100586, 269.119262695, 269.560455322, 270.013244629, 270.466033936, 270.907196045, 271.348388672, 271.789550781, 272.230743408, 272.671936035, 273.124725342, 273.577514648, 274.018676758, 274.459869385, 274.901031494, 275.342224121, 275.795013428, 276.247802734, 276.688964844, 277.130157471, 277.57131958, 278.012512207, 278.453704834, 278.906494141, 279.359283447, 279.800445557, 280.241638184, 280.682800293, 281.12399292, 281.565155029, 282.006347656, 282.459136963, 282.91192627, 283.353088379, 283.794281006, 284.235473633, 284.676635742, 285.129425049, 285.582214355, 286.023406982, 286.464569092, 286.905761719, 287.346923828, 287.799713135, 288.252502441, 288.693695068, 289.134857178, 289.576049805, 290.017242432, 290.458404541, 290.899597168, 291.352386475, 291.805175781, 292.246337891, 292.687530518, 293.128692627, 293.569885254, 294.011047363, 294.46383667, 294.916625977, 295.357818604, 295.79901123, 296.24017334, 296.681365967, 297.122528076, 297.563720703, 298.01651001, 298.469299316, 298.910461426, 299.351654053, 299.792816162, 300.234008789, 300.675201416, 301.127990723, 301.580780029, 302.021942139, 302.463134766, 302.904296875, 303.345489502, 303.786651611, 304.239440918, 304.692230225, 305.133422852, 305.574584961, 306.015777588, 306.456970215, 306.898132324, 307.350921631, 307.803710938, 308.244903564, 308.686065674, 309.127258301, 309.56842041, 310.009613037, 310.450775146, 310.903564453, 311.35635376, 311.797546387, 312.238739014, 312.679901123, 313.12109375, 313.573883057, 314.026672363, 314.467834473, 314.9090271, 315.350189209, 315.791381836, 316.232543945, 316.685333252, 317.138122559, 317.579315186, 318.020507812, 318.461669922, 318.902862549, 319.344024658, 319.796813965, 320.249603271, 320.690795898, 321.131958008, 321.573150635, 322.014312744, 322.455505371, 322.896697998, 323.349487305, 323.802276611, 324.243438721, 324.684631348, 325.125793457, 325.566986084, 326.008148193, 326.4609375, 326.902130127, 327.354919434, 327.796081543, 328.23727417, 328.678466797, 329.131256104, 329.572418213, 330.02520752, 330.466400146, 330.907562256, 331.348754883, 331.789916992, 332.231109619, 332.672271729, 333.125061035, 333.577850342, 334.019042969, 334.460235596, 334.901397705, 335.342590332, 335.783752441, 336.224945068, 336.666107178, 337.107299805, 337.560089111, 338.012878418, 338.454040527, 338.895233154, 339.336425781, 339.777587891, 340.218780518, 340.671569824, 341.124359131, 341.56552124, 342.006713867, 342.447875977, 342.889068604, 343.34185791, 343.794647217, 344.235809326, 344.677001953, 345.11819458, 345.559356689, 346.000549316, 346.441711426, 346.894500732, 347.347290039, 347.788482666, 348.229644775, 348.670837402, 349.111999512, 349.553192139, 350.005981445, 350.458770752, 350.899963379, 351.341125488, 351.782318115, 352.223480225, 352.664672852, 353.117462158, 353.570251465, 354.011413574, 354.452606201, 354.893768311, 355.334960938, 355.776153564, 356.228942871, 356.68170166, 357.122894287, 357.564086914, 358.005249023, 358.44644165, 358.88760376, 359.340393066, 359.793182373, 360.234375, 360.675537109, 361.116729736, 361.557922363, 361.999084473, 362.451873779, 362.904663086, 363.345855713, 363.787017822, 364.228210449, 364.669372559, 365.110565186, 365.551727295, 366.004516602, 366.457305908, 366.898498535, 367.339660645, 367.780853271, 368.222045898, 368.663208008, 369.115997314, 369.568786621, 370.009979248, 370.451141357, 370.892333984, 371.333496094, 371.7862854, 372.239074707, 372.680267334, 373.121429443, 373.56262207, 374.003814697, 374.444976807, 374.897766113, 375.35055542, 375.791748047, 376.232910156, 376.674102783, 377.115264893, 377.55645752, 377.997619629, 378.450408936, 378.903198242, 379.344390869, 379.785583496, 380.226745605, 380.667938232, 381.109100342, 381.561889648, 382.014678955, 382.455871582, 382.897033691, 383.338226318, 383.779388428, 384.220581055, 384.673370361, 385.126159668, 385.567352295, 386.008514404, 386.449707031, 386.890869141, 387.332061768, 387.784851074, 388.237640381, 388.67880249, 389.119995117, 389.561157227, 390.002349854, 390.44354248, 390.896331787, 391.349121094, 391.790283203, 392.23147583, 392.672637939, 393.113830566, 393.554992676, 394.007781982, 394.460571289, 394.901763916, 395.342926025, 395.784118652, 396.225311279, 396.666473389, 397.107666016, 397.560455322, 398.013244629, 398.454406738, 398.895599365, 399.336761475, 399.777954102, 400.230743408, 400.683532715, 401.124694824, 401.565887451, 402.007080078, 402.448242188, 402.889434814, 403.342224121, 403.795013428, 404.236175537, 404.677368164, 405.118530273, 405.5597229, 406.00088501, 406.442077637, 406.894866943, 407.34765625, 407.788848877, 408.230010986, 408.671203613, 409.112365723, 409.55355835, 410.006347656, 410.459136963, 410.900299072, 411.341491699, 411.782653809, 412.223846436, 412.676635742, 413.129425049, 413.570617676, 414.011779785, 414.452972412, 414.894134521, 415.335327148, 415.776489258, 416.229278564, 416.682067871, 417.123260498, 417.564422607, 418.005615234, 418.446807861, 418.887969971, 419.340759277, 419.793548584, 420.234741211, 420.67590332, 421.117095947, 421.558258057, 421.999450684, 422.440612793, 422.8934021, 423.346191406, 423.787384033, 424.22857666, 424.66973877, 425.110931396, 425.552093506, 426.004882812, 426.457672119, 426.898864746, 427.340026855, 427.781219482, 428.222381592, 428.675170898, 429.127960205, 429.569152832, 430.010345459, 430.451507568, 430.892700195, 431.333862305, 431.786651611, 432.239440918, 432.680633545, 433.121795654, 433.562988281, 434.004150391, 434.445343018, 434.886535645, 435.339324951, 435.792114258, 436.233276367, 436.674468994, 437.115631104, 437.55682373, 437.99798584, 438.450775146, 438.903564453, 439.34475708, 439.785919189, 440.227111816, 440.668304443, 441.109466553, 441.55065918, 442.003448486, 442.456237793, 442.897399902, 443.338592529, 443.779754639, 444.220947266, 444.673736572, 445.126525879, 445.567687988, 446.008880615, 446.450073242, 446.891235352, 447.332427979, 447.785217285, 448.238006592, 448.679168701, 449.120361328, 449.561523438, 450.002716064, 450.443878174, 450.885070801, 451.337860107, 451.790649414, 452.231842041, 452.67300415, 453.114196777, 453.555358887, 453.996551514, 454.44934082, 454.902130127, 455.343292236, 455.784484863, 456.225646973, 456.6668396, 457.119628906, 457.572418213, 458.01361084, 458.454772949, 458.895965576, 459.337127686, 459.778320312, 460.231109619, 460.683898926, 461.125061035, 461.566253662, 462.007415771, 462.448608398, 462.889801025, 463.330963135, 463.783752441, 464.236541748, 464.677734375, 465.118896484, 465.560089111, 466.001251221, 466.442443848, 466.895233154, 467.348022461, 467.78918457, 468.230377197, 468.671569824, 469.112731934, 469.553924561, 470.006713867, 470.459503174, 470.900665283, 471.34185791, 471.78302002, 472.224212646, 472.665374756, 473.118164062, 473.570953369, 474.012145996, 474.453338623, 474.894500732, 475.335693359, 475.776855469, 476.229644775, 476.682434082, 477.123626709, 477.564788818, 478.005981445, 478.447143555, 478.888336182, 479.329528809, 479.782318115, 480.235107422, 480.676269531, 481.117462158, 481.558624268, 481.999816895, 482.440979004, 482.893768311, 483.346557617, 483.787750244, 484.228912354, 484.67010498, 485.111297607, 485.564086914, 486.016876221, 486.45803833, 486.899230957, 487.340393066, 487.781585693, 488.222747803, 488.66394043, 489.116729736, 489.569519043, 490.010681152, 490.451873779, 490.893066406, 491.334228516, 491.775421143, 492.228210449, 492.680999756, 493.122161865, 493.563354492, 494.004516602, 494.445709229, 494.886871338, 495.328063965, 495.780853271, 496.233642578, 496.674835205, 497.115997314, 497.557189941, 497.998352051, 498.439544678, 498.892333984, 499.345123291, 499.7862854, 500.227478027, 500.668640137, 501.121429443, 501.57421875, 502.015411377, 502.456604004, 502.897766113, 503.33895874, 503.78012085, 504.221313477, 504.674102783, 505.12689209, 505.568054199, 506.009246826, 506.450408936, 506.891601562, 507.332794189, 507.773956299, 508.226745605, 508.679534912, 509.120727539, 509.561889648, 510.003082275, 510.444244385, 510.885437012, 511.338226318, 511.791015625, 512.232177734, 512.673339844, 513.114562988, 513.567321777, 514.020141602, 514.461303711, 514.90246582, 515.343688965, 515.784851074, 516.226013184, 516.667175293, 517.119995117, 517.572753906, 518.013977051, 518.45513916, 518.89630127, 519.337524414, 519.778686523, 520.219848633, 520.672668457, 521.125427246, 521.566589355, 522.123901367, 522.681152344, 523.238464355, 523.795715332, 524.353027344, 524.91027832, 525.467590332, 526.036437988, 526.570495605, 527.081359863, 527.580566406, 528.079833984, 528.590637207, 529.101501465, 529.612304688, 530.134765625, 530.668823242, 531.202880859, 531.736938477, 532.22454834, 532.712219238, 533.199829102, 533.66418457, 534.140197754, 534.627807617, 535.092224121, 535.556640625, 536.009399414, 536.462219238, 536.81048584, 537.170410156, 537.530334473, 537.878601074, 538.226928711, 538.563598633, 538.888671875, 539.213806152, 539.550476074, 539.875549316, 540.212219238, 540.560546875, 540.908813477, 541.268737793, 541.628662109, 541.976928711, 542.325256348, 542.673522949, 543.021850586, 543.393371582, 543.753295898, 544.1015625, 544.461486816, 544.821411133, 545.181335449, 545.529602051, 545.877929688, 546.226196289, 546.574523926, 546.911193848, 547.259521484, 547.619384766, 547.967712402, 548.315979004, 548.664306641, 549.000976562, 549.337646484, 549.674377441, 550.022644043, 550.382568359, 550.730895996, 551.079162598, 551.427490234, 551.775756836, 552.112487793, 552.449157715, 552.785827637, 553.122558594, 553.459228516], "beats_loudness": {"dmean2": 0.0685406625271, "median": 0.170277863741, "min": 3.3742388041e-05, "dvar2": 0.00406509777531, "dvar": 0.00142882205546, "dmean": 0.0392129011452, "max": 0.300246298313, "var": 0.00534449564293, "mean": 0.149178251624}, "danceability": 1.57468235493, "bpm_histogram_second_peak_weight": {"dmean2": 0, "median": 0.0184147320688, "min": 0.0184147320688, "dvar2": 0, "dvar": 0, "dmean": 0, "max": 0.0184147320688, "var": 0, "mean": 0.0184147320688}, "beats_count": 1250, "bpm_histogram_second_peak_bpm": {"dmean2": 0, "median": 172, "min": 172, "dvar2": 0, "dvar": 0, "dmean": 0, "max": 172, "var": 0, "mean": 172}, "bpm_histogram_first_peak_spread": {"dmean2": 0, "median": 0.284602105618, "min": 0.284602105618, "dvar2": 0, "dvar": 0, "dmean": 0, "max": 0.284602105618, "var": 0, "mean": 0.284602105618}, "beats_loudness_band_ratio": {"dmean2": [0.0797430053353, 0.0423464365304, 0.0642968267202, 0.0494617633522, 0.0221972614527, 0.0198960527778], "median": [0.963047862053, 0.00370665779337, 0.00945367105305, 0.00765930395573, 0.00187978206668, 0.00288001680747], "min": [9.62208673627e-07, 3.7475483623e-06, 2.6682351745e-05, 6.29866462987e-06, 2.02648197956e-06, 1.4812178506e-06], "dvar2": [0.0204289108515, 0.0157651435584, 0.0224579442292, 0.0169532615691, 0.00774730183184, 0.008818205446], "dvar": [0.00738343829289, 0.0052019264549, 0.0071569532156, 0.00547543587163, 0.00274545513093, 0.00289015565068], "dmean": [0.0447759218514, 0.0242070779204, 0.0372462980449, 0.0292233601213, 0.0119791263714, 0.010528376326], "max": [0.999323010445, 0.943617761135, 0.918550491333, 0.852530896664, 0.751011908054, 0.916821658611], "var": [0.0702274367213, 0.00840327888727, 0.0222840420902, 0.00943721178919, 0.00204265280627, 0.00164938368835], "mean": [0.852482616901, 0.0314749069512, 0.0629982352257, 0.0404336191714, 0.0103343427181, 0.00828871689737]}}, "lowlevel": {"barkbands_spread": {"dmean2": 7.96342897415, "median": 6.68581676483, "min": 0.0384455807507, "dvar2": 173.348907471, "dvar": 67.7542724609, "dmean": 4.71801805496, "max": 104.792198181, "var": 134.31489563, "mean": 10.4492712021}, "melbands_spread": {"dmean2": 7.08065080643, "median": 4.73173189163, "min": 0.0974354743958, "dvar2": 145.922225952, "dvar": 58.4542770386, "dmean": 4.19159841537, "max": 198.180236816, "var": 119.918807983, "mean": 8.29375267029}, "hfc": {"dmean2": 13.5488471985, "median": 10.3139438629, "min": 1.06620292088e-16, "dvar2": 537.199157715, "dvar": 220.717193604, "dmean": 8.68019580841, "max": 225.961746216, "var": 371.964477539, "mean": 17.0649242401}, "barkbands_kurtosis": {"dmean2": 55.6428146362, "median": 16.6342945099, "min": -1.89706432819, "dvar2": 31320.5898438, "dvar": 12118.6132812, "dmean": 34.2465705872, "max": 2315.92114258, "var": 12631.3017578, "mean": 48.0241889954}, "gfcc": {"mean": [-58.1493721008, 122.169761658, -80.4761123657, 25.3713550568, -39.6534996033, 23.0509319305, -9.80607128143, 9.71487998962, -7.81183004379, 3.98902821541, -3.50181245804, 4.18773889542, -9.86251163483], "icov": [[0.000291305681458, -0.000485880678752, 0.000308475951897, -0.000561744498555, 0.000231582540437, -0.000551626726519, 0.000438896502601, -0.000690498272888, 0.000656618503854, -0.000875597586855, 0.000979880918749, -0.000787266646512, 0.000637443503365], [-0.000485880678752, 0.00247314875014, -0.000843249843456, 0.00168374704663, -0.00155141821597, 0.00207690428942, -0.00113585812505, 0.00213693175465, -0.00161395792384, 0.00306792091578, -0.00291321659461, 0.00239452556707, -0.00257913209498], [0.000308475951897, -0.000843249843456, 0.0011850153096, -0.000855619087815, 0.00055053451797, -0.00148641178384, 0.000727751816157, -0.000886748777702, 0.000738591421396, -0.000912109680939, 0.00113283190876, -0.000534702034201, 0.000831881654449], [-0.000561744498555, 0.00168374704663, -0.000855619087815, 0.00242801918648, -0.00134835077915, 0.00200826604851, -0.00102529174183, 0.00132317375392, -0.00103221950121, 0.00226955371909, -0.00205449573696, 0.00280579854734, -0.00284868991002], [0.000231582540437, -0.00155141821597, 0.00055053451797, -0.00134835077915, 0.00224552536383, -0.00124399387278, 0.000575791811571, -0.00156054052059, 0.000562626693863, -0.00139142200351, 0.00120089354459, -0.000967158412095, 0.00102161313407], [-0.000551626726519, 0.00207690428942, -0.00148641178384, 0.00200826604851, -0.00124399387278, 0.00450468761846, -0.0010578376241, 0.000898535887245, -0.00143974681851, 0.00220263726078, -0.00164686772041, 0.00176028045826, -0.00233223475516], [0.000438896502601, -0.00113585812505, 0.000727751816157, -0.00102529174183, 0.000575791811571, -0.0010578376241, 0.00337239960209, -0.00134663539939, -0.000278750929283, -0.00134841562249, 0.000574776495341, -0.00131675601006, 0.00111712049693], [-0.000690498272888, 0.00213693175465, -0.000886748777702, 0.00132317375392, -0.00156054052059, 0.000898535887245, -0.00134663539939, 0.00657145772129, -0.00143405259587, 0.00219101295806, -0.0029405655805, 0.00163892249111, -0.0026837750338], [0.000656618503854, -0.00161395792384, 0.000738591421396, -0.00103221950121, 0.000562626693863, -0.00143974681851, -0.000278750929283, -0.00143405259587, 0.00730602629483, -0.0027688157279, 0.00158938847017, -0.00143625598866, 0.00123737275135], [-0.000875597586855, 0.00306792091578, -0.000912109680939, 0.00226955371909, -0.00139142200351, 0.00220263726078, -0.00134841562249, 0.00219101295806, -0.0027688157279, 0.0110025964677, -0.0053359689191, 0.00264126597904, -0.00257051480003], [0.000979880918749, -0.00291321659461, 0.00113283190876, -0.00205449573696, 0.00120089354459, -0.00164686772041, 0.000574776495341, -0.0029405655805, 0.00158938847017, -0.0053359689191, 0.0153022184968, -0.00578324543312, 0.00317327491939], [-0.000787266646512, 0.00239452556707, -0.000534702034201, 0.00280579854734, -0.000967158412095, 0.00176028045826, -0.00131675601006, 0.00163892249111, -0.00143625598866, 0.00264126597904, -0.00578324543312, 0.0117371780798, -0.00298938481137], [0.000637443503365, -0.00257913209498, 0.000831881654449, -0.00284868991002, 0.00102161313407, -0.00233223475516, 0.00111712049693, -0.0026837750338, 0.00123737275135, -0.00257051480003, 0.00317327491939, -0.00298938481137, 0.0108832465485]], "cov": [[14113.7490234, -1665.13464355, -286.400482178, 2260.2434082, 702.900024414, 574.220275879, -1097.51293945, 918.935241699, -874.056762695, 317.634277344, -466.362243652, 75.6479568481, 119.735656738], [-1665.13464355, 2879.19262695, -94.6340789795, 173.024963379, 1002.70458984, -654.501708984, 457.817657471, -325.57043457, 322.867980957, -324.13381958, 181.647796631, -201.759124756, 249.060791016], [-286.400482178, -94.6340789795, 1829.09240723, 267.786529541, 22.1246547699, 480.539672852, -195.004104614, 110.944015503, -70.3631744385, -58.8536109924, -88.7532196045, -111.443099976, 62.2733840942], [2260.2434082, 173.024963379, 267.786529541, 2027.03613281, 833.258117676, -198.711669922, -33.3160095215, 181.164810181, -90.0382385254, -97.6987609863, -87.8368682861, -244.681121826, 291.584014893], [702.900024414, 1002.70458984, 22.1246547699, 833.258117676, 1282.58557129, -143.793792725, 112.860565186, 104.253952026, 66.9880828857, -103.64163208, 18.8498516083, -138.458480835, 200.157424927], [574.220275879, -654.501708984, 480.539672852, -198.711669922, -143.793792725, 643.283935547, -120.923110962, 149.605819702, -63.1612892151, 54.8332519531, -63.190246582, 40.539855957, -27.1335849762], [-1097.51293945, 457.817657471, -195.004104614, -33.3160095215, 112.860565186, -120.923110962, 533.278320312, -36.9921722412, 162.701293945, -22.9196949005, 87.4822158813, 0.102287136018, 29.2022590637], [918.935241699, -325.57043457, 110.944015503, 181.164810181, 104.253952026, 149.605819702, -36.9921722412, 309.192810059, -44.1750717163, 36.3805198669, -20.6009216309, 13.4463157654, 33.5943260193], [-874.056762695, 322.867980957, -70.3631744385, -90.0382385254, 66.9880828857, -63.1612892151, 162.701293945, -44.1750717163, 243.846389771, -5.61184740067, 50.7627220154, -6.45267248154, 16.4785556793], [317.634277344, -324.13381958, -58.8536109924, -97.6987609863, -103.64163208, 54.8332519531, -22.9196949005, 36.3805198669, -5.61184740067, 175.847824097, 16.2623748779, 42.6474342346, -34.5445823669], [-466.362243652, 181.647796631, -88.7532196045, -87.8368682861, 18.8498516083, -63.190246582, 87.4822158813, -20.6009216309, 50.7627220154, 16.2623748779, 123.314620972, 34.7426490784, -3.55817914009], [75.6479568481, -201.759124756, -111.443099976, -244.681121826, -138.458480835, 40.539855957, 0.102287136018, 13.4463157654, -6.45267248154, 42.6474342346, 34.7426490784, 162.696640015, -37.4153709412], [119.735656738, 249.060791016, 62.2733840942, 291.584014893, 200.157424927, -27.1335849762, 29.2022590637, 33.5943260193, 16.4785556793, -34.5445823669, -3.55817914009, -37.4153709412, 176.867340088]]}, "spectral_energyband_middle_low": {"dmean2": 0.0157311800867, "median": 0.00555489538237, "min": 1.69955967331e-22, "dvar2": 0.00117786927149, "dvar": 0.000411854503909, "dmean": 0.0088309738785, "max": 0.131361827254, "var": 0.000262365967501, "mean": 0.0102060008794}, "melbands_crest": {"dmean2": 6.16460323334, "median": 27.2472419739, "min": 1.91778326035, "dvar2": 54.0998382568, "dvar": 22.5474090576, "dmean": 3.91467738152, "max": 36.6602134705, "var": 55.7409591675, "mean": 25.1297569275}, "spectral_kurtosis": {"dmean2": 9.90675163269, "median": 5.13909053802, "min": -1.33276200294, "dvar2": 376.103729248, "dvar": 158.373672485, "dmean": 5.96269321442, "max": 355.702178955, "var": 554.346618652, "mean": 12.7806987762}, "spectral_rms": {"dmean2": 0.00257861730643, "median": 0.00765597820282, "min": 3.19797465419e-12, "dvar2": 1.05906037788e-05, "dvar": 4.66636720375e-06, "dmean": 0.001778