{"tonal": {"thpcp": [1, 0.674733579159, 0.301787346601, 0.189834743738, 0.132235944271, 0.11894800514, 0.148936152458, 0.19509267807, 0.217399403453, 0.251240938902, 0.254314750433, 0.184427514672, 0.150254920125, 0.140799820423, 0.114176928997, 0.127864301205, 0.169057056308, 0.20508544147, 0.19305203855, 0.169657811522, 0.21847820282, 0.356160789728, 0.380140632391, 0.298078775406, 0.219540983438, 0.135620087385, 0.115873128176, 0.098790384829, 0.101594939828, 0.139242783189, 0.160352468491, 0.154109671712, 0.134465917945, 0.131322994828, 0.187755793333, 0.628405749798], "hpcp": {"dmean2": [0.301869481802, 0.318268448114, 0.241426512599, 0.178075730801, 0.146069541574, 0.128533184528, 0.14081081748, 0.187700673938, 0.202969014645, 0.202258169651, 0.221242815256, 0.161646768451, 0.142961367965, 0.128853917122, 0.106408134103, 0.123472973704, 0.161716461182, 0.172880530357, 0.187101021409, 0.196352779865, 0.208421066403, 0.208301126957, 0.214515268803, 0.214019984007, 0.199602335691, 0.155366942286, 0.15258474648, 0.124023206532, 0.110256701708, 0.15284499526, 0.158538326621, 0.150226533413, 0.134887799621, 0.138646423817, 0.197159975767, 0.315360069275], "median": [0.619563698769, 0.424049794674, 0.0246859472245, 0.0139001328498, 0.00710905902088, 0.00583144463599, 0.00585368741304, 0.00551413092762, 0.00511332042515, 0.00687168398872, 0.00827230140567, 0.00835789274424, 0.0159570202231, 0.0149110388011, 0.00896496977657, 0.00653383601457, 0.00572362262756, 0.00535222981125, 0.00580727308989, 0.00611207727343, 0.0278261303902, 0.143307521939, 0.192004933953, 0.0803185254335, 0.0177032724023, 0.00677639618516, 0.00353342364542, 0.00321983126923, 0.00434359721839, 0.00643022637814, 0.00870773941278, 0.00651511969045, 0.00412317365408, 0.00402691587806, 0.0174096338451, 0.414548814297], "min": [0, 0, 0, 0, 0, 0, 0, 0, 0, 0, 0, 0, 0, 0, 0, 0, 0, 0, 0, 0, 0, 0, 0, 0, 0, 0, 0, 0, 0, 0, 0, 0, 0, 0, 0, 0], "dvar2": [0.171772107482, 0.129219919443, 0.125905334949, 0.0917304158211, 0.0817644968629, 0.0602506622672, 0.0745926648378, 0.115475706756, 0.126371458173, 0.119044803083, 0.135126873851, 0.0788905397058, 0.0744417011738, 0.06443592906, 0.0440952219069, 0.0551680140197, 0.0839362516999, 0.0945049449801, 0.10091688484, 0.102676510811, 0.112727038562, 0.0923259630799, 0.0990945324302, 0.106295377016, 0.115844801068, 0.0827468559146, 0.0929056629539, 0.066044934094, 0.0531404651701, 0.0761583596468, 0.0789185762405, 0.0861334949732, 0.08048607409, 0.0698698014021, 0.0923112407327, 0.136920213699], "dvar": [0.0770533829927, 0.0531025156379, 0.0480688884854, 0.0337160080671, 0.0292468555272, 0.022066751495, 0.0271358601749, 0.0428839996457, 0.046411652118, 0.0449174419045, 0.0503304228187, 0.0295242797583, 0.0263710208237, 0.0236558280885, 0.016733918339, 0.0211365222931, 0.0323101505637, 0.0374995879829, 0.0410670600832, 0.0379075706005, 0.043672837317, 0.0366810075939, 0.0352486073971, 0.0372733771801, 0.0410825386643, 0.029800446704, 0.0335805267096, 0.0240605846047, 0.0196083113551, 0.0272937752306, 0.0272310879081, 0.0310704447329, 0.0283018071204, 0.0255767442286, 0.0329093039036, 0.0516879148781], "dmean": [0.176910176873, 0.18409383297, 0.138219416142, 0.101632744074, 0.0819191858172, 0.0722298771143, 0.0801615864038, 0.108494572341, 0.118618570268, 0.116506643593, 0.128581777215, 0.0943752378225, 0.081446878612, 0.0739204213023, 0.0620295554399, 0.0719935745001, 0.0933176577091, 0.10347481817, 0.107471562922, 0.108244307339, 0.118610821664, 0.122628964484, 0.128465056419, 0.125720724463, 0.116559632123, 0.0875556617975, 0.0848544314504, 0.0690804943442, 0.0627459064126, 0.0851967185736, 0.0884523689747, 0.0843525901437, 0.0757889598608, 0.0771692991257, 0.109076924622, 0.178978309035], "max": [1, 1, 1, 1, 1, 1, 1, 1, 1, 1, 1, 1, 1, 1, 1, 1, 1, 1, 1, 1, 1, 1, 1, 1, 1, 1, 1, 1, 1, 1, 1, 1, 1, 1, 1, 1], "var": [0.182522550225, 0.0828733220696, 0.0746028870344, 0.0399284772575, 0.0256490912288, 0.0208139643073, 0.029795890674, 0.0510016381741, 0.0566187538207, 0.0675037130713, 0.0685334503651, 0.0381348840892, 0.0275977868587, 0.026168519631, 0.0190302412957, 0.0260433312505, 0.0412693880498, 0.0517367906868, 0.0472435280681, 0.0335147678852, 0.0504364743829, 0.0579254738986, 0.0429581701756, 0.0481509231031, 0.0507747493684, 0.025925623253, 0.0260916594416, 0.0187814719975, 0.0176856592298, 0.024810642004, 0.0268730651587, 0.033231087029, 0.0301055517048, 0.0241444800049, 0.0337232686579, 0.0744538158178], "mean": [0.567100346088, 0.382641643286, 0.171143710613, 0.107655346394, 0.0749910473824, 0.0674554556608, 0.0844617411494, 0.110637128353, 0.123287275434, 0.142478823662, 0.144221991301, 0.104588910937, 0.0852096155286, 0.0798476263881, 0.064749777317, 0.0725118890405, 0.0958723127842, 0.116304025054, 0.109479874372, 0.0962130054832, 0.123899064958, 0.201978906989, 0.215577885509, 0.169040575624, 0.124501764774, 0.0769101977348, 0.0657116919756, 0.0560240633786, 0.0576145239174, 0.0789646282792, 0.0909359380603, 0.087395645678, 0.07625567168, 0.0744733139873, 0.106476373971, 0.356369107962]}, "tuning_equal_tempered_deviation": 0.163515001535, "chords_changes_rate": 0.051910828799, "key_key": "A", "tuning_diatonic_strength": 0.62242269516, "key_scale": "minor", "chords_number_rate": 0.0025477707386, "tuning_frequency": 438.224517822, "tuning_nontempered_energy_ratio": 0.815360546112, "chords_histogram": [48.6942672729, 0.0955414026976, 0, 0.414012730122, 0.987261176109, 0.477706998587, 0, 34.6178359985, 1.1783438921, 0.38216561079, 1.62420380116, 0, 0, 0, 0, 0.25477707386, 0, 3.66242027283, 1.75159239769, 0, 0, 0, 4.33121013641, 1.52866244316], "key_strength": 0.664519429207, "chords_key": "A", "chords_strength": {"dmean2": 0.0111643373966, "median": 0.526191651821, "min": 0.264526724815, "dvar2": 9.94113652268e-05, "dvar": 7.01702592778e-05, "dmean": 0.00972970295697, "max": 0.82701921463, "var": 0.00737114902586, "mean": 0.542274951935}, "chords_scale": "minor", "hpcp_entropy": {"dmean2": 1.25427567959, "median": 2.36933469772, "min": 0, "dvar2": 1.00229883194, "dvar": 0.372177451849, "dmean": 0.735530376434, "max": 4.52762842178, "var": 0.707191586494, "mean": 2.39730334282}}, "metadata": {"audio_properties": {"equal_loudness": 0, "codec": "mp3", "downmix": "mix", "sample_rate": 44100, "analysis_sample_rate": 44100, "bit_rate": 160029, "md5_encoded": "81324c8431a2f53248ec5548d109fe8e", "length": 145.763259888, "replay_gain": -15.3572559357, "lossless": false}, "version": {"essentia_build_sha": "70f2e5ece6736b2c40cc944ad0e695b16b925413", "essentia": "2.1-beta2", "extractor": "music 1.0", "essentia_git_sha": "v2.1_beta2"}, "tags": {"title": ["Blue Milk"], "media": ["Digital Media"], "albumartist": ["Big Chocolate"], "musicbrainz_recordingid": ["0ae20476-cd12-41bb-aa7d-786226dc6d78"], "encoding": ["Lavf56.36.100"], "musicbrainz_albumartistid": ["ccebdfd2-92a6-42d9-9337-41bc8dd1f9f3"], "originalyear": ["2012"], "discnumber": ["1/1"], "album": ["Red Headed Locc"], "catalognumber": ["848129032911"], "musicbrainz album release country": ["US"], "musicbrainz album type": ["album"], "musicbrainz album status": ["official"], "asin": ["B0091P6Y1Y"], "date": ["2012"], "file_name": "Big Chocolate - Blue Milk.mp3", "musicbrainz_releasegroupid": ["14939fde-37c3-4679-85dc-3b951e2391e4"], "script": ["Latn"], "originaldate": ["2012"], "musicbrainz_albumid": ["f9de3e75-f0b3-407a-8f12-e57b4cf4826f"], "artist": ["Big Chocolate"], "artistsort": ["Big Chocolate"], "tracknumber": ["4/11"], "label": ["Flab Slab"], "albumartistsort": ["Big Chocolate"], "musicbrainz_artistid": ["ccebdfd2-92a6-42d9-9337-41bc8dd1f9f3"]}}, "rhythm": {"bpm_histogram_first_peak_bpm": {"dmean2": 0, "median": 140, "min": 140, "dvar2": 0, "dvar": 0, "dmean": 0, "max": 140, "var": 0, "mean": 140}, "bpm": 139.947937012, "bpm_histogram_second_peak_spread": {"dmean2": 0, "median": 0, "min": 0, "dvar2": 0, "dvar": 0, "dmean": 0, "max": 0, "var": 0, "mean": 0}, "bpm_histogram_first_peak_weight": {"dmean2": 0, "median": 0.692082107067, "min": 0.692082107067, "dvar2": 0, "dvar": 0, "dmean": 0, "max": 0.692082107067, "var": 0, "mean": 0.692082107067}, "onset_rate": 3.73178172112, "beats_position": [0.429569154978, 0.870748281479, 1.31192743778, 1.74149656296, 2.17106580734, 2.60063481331, 3.03020405769, 3.45977306366, 3.88934230804, 4.31891155243, 4.73687076569, 5.16644001007, 5.59600877762, 6.025578022, 6.45514726639, 6.8963265419, 7.32589578629, 7.75546455383, 8.17342376709, 8.60299301147, 9.03256225586, 9.46213150024, 9.89170074463, 10.321269989, 10.7508392334, 11.1804075241, 11.6099767685, 12.0395460129, 12.4691152573, 12.8870744705, 13.3166437149, 13.7462129593, 14.1757822037, 14.6053514481, 15.0349206924, 15.4644899368, 15.8940582275, 16.3236274719, 16.7415866852, 17.1711559296, 17.600725174, 18.0419044495, 18.4598636627, 18.8894329071, 19.3190021515, 19.7485713959, 20.1781406403, 20.6077098846, 21.037279129, 21.4552383423, 21.8964176178, 22.3143768311, 22.7555541992, 23.1735134125, 23.6030826569, 24.0326519012, 24.4622211456, 24.89179039, 25.3213596344, 25.7509288788, 26.1804981232, 26.6100673676, 27.0280265808, 27.4575958252, 27.8871650696, 28.3283443451, 28.7463035583, 29.1642627716, 29.6054420471, 30.0350112915, 30.4645805359, 30.8825397491, 31.3121089935, 31.7416782379, 32.171245575, 32.6008148193, 33.0303840637, 33.4599533081, 33.8779144287, 34.3074836731, 34.7370529175, 35.1782302856, 35.5961914062, 36.0257606506, 36.455329895, 36.8965072632, 37.3144645691, 37.7440338135, 38.1736030579, 38.6147842407, 39.0327415466, 39.4507026672, 39.8918800354, 40.3214492798, 40.7510185242, 41.1689796448, 41.5985488892, 42.0281181335, 42.4576873779, 42.8872566223, 43.3168258667, 43.7463951111, 44.164352417, 44.5939216614, 45.0234909058, 45.4646720886, 45.8826293945, 46.3121986389, 46.7417678833, 47.1829452515, 47.6009063721, 48.0304756165, 48.4716529846, 48.901222229, 49.3191833496, 49.7371406555, 50.1783218384, 50.6078910828, 51.0374603271, 51.4554176331, 51.8849868774, 52.3145561218, 52.7441253662, 53.1736946106, 53.603263855, 54.0328330994, 54.4624023438, 54.8919715881, 55.3215408325, 55.7511100769, 56.1806793213, 56.6102485657, 57.0398178101, 57.457775116, 57.8873443604, 58.305305481, 58.7348747253, 59.1644439697, 59.5940132141, 60.0235824585, 60.4531517029, 60.8827209473, 61.3122901917, 61.741859436, 62.1714286804, 62.6009979248, 63.0305671692, 63.4601364136, 63.889705658, 64.3192749023, 64.7372360229, 65.1668014526, 65.5963668823, 66.0259399414, 66.4555053711, 66.8850784302, 67.3146438599, 67.7442169189, 68.1737823486, 68.6149673462, 69.0445327759, 69.474105835, 69.8920593262, 70.3216323853, 70.7511978149, 71.1691589355, 71.5987319946, 72.0282974243, 72.4578704834, 72.8874359131, 73.3286132812, 73.7581863403, 74.18775177, 74.6057128906, 75.0236740112, 75.4648513794, 75.8944168091, 76.3239898682, 76.7419509888, 77.1715164185, 77.6010894775, 78.0306549072, 78.4602279663, 78.889793396, 79.3193664551, 79.7489318848, 80.1785049438, 80.5964584351, 81.0260314941, 81.4439926147, 81.8851699829, 82.3147354126, 82.7443084717, 83.1738739014, 83.591835022, 84.0214080811, 84.4509735107, 84.8921508789, 85.3101119995, 85.7396774292, 86.1692504883, 86.6104278564, 87.0283889771, 87.4579544067, 87.8875274658, 88.328704834, 88.7466659546, 89.1646270752, 89.5941925049, 90.023765564, 90.4533309937, 90.8829040527, 91.3124694824, 91.7420425415, 92.1716079712, 92.6011810303, 93.03074646, 93.460319519, 93.8898849487, 94.3194503784, 94.7490234375, 95.1785888672, 95.5849380493, 96.0145111084, 96.4556884766, 96.8968658447, 97.3148269653, 97.7444000244, 98.1739654541, 98.6035385132, 99.0331039429, 99.4510650635, 99.8806304932, 100.310203552, 100.739768982, 101.169342041, 101.598907471, 102.02848053, 102.458045959, 102.887619019, 103.317184448, 103.746757507, 104.164710999, 104.594284058, 105.023849487, 105.465034485, 105.882987976, 106.324172974, 106.753738403, 107.183311462, 107.601264954, 108.030838013, 108.460403442, 108.889976501, 109.319541931, 109.737503052, 110.167076111, 110.596641541, 111.0262146, 111.455780029, 111.885353088, 112.314918518, 112.744483948, 113.174057007, 113.603622437, 114.033195496, 114.451156616, 114.892333984, 115.321899414, 115.751472473, 116.169433594, 116.610610962, 117.040176392, 117.469749451, 117.887710571, 118.317276001, 118.74684906, 119.17641449, 119.605987549, 120.02394104, 120.453514099, 120.883079529, 121.312652588, 121.742218018, 122.171791077, 122.601356506, 123.030929565, 123.460494995, 123.890068054, 124.319633484, 124.737594604, 125.167160034, 125.596733093, 126.037910461, 126.455871582, 126.885437012, 127.315010071, 127.756187439, 128.17414856, 128.603713989, 129.033279419, 129.462860107, 129.892425537, 130.310379028, 130.739959717, 131.169525146, 131.599090576, 132.028656006, 132.458221436, 132.887802124, 133.317367554, 133.746932983, 134.176498413, 134.606079102, 135.035644531, 135.465209961, 135.894775391, 136.324356079, 136.74230957, 137.171875, 137.601455688, 138.042633057, 138.472198486, 138.901763916, 139.342941284, 139.691238403, 140.039550781, 140.376235962, 140.712921143, 141.049606323, 141.386306763, 141.734603882, 142.082901001, 142.419586182, 142.756271362, 143.092971802, 143.429656982, 143.766342163, 144.126251221, 144.486160278, 144.857681274, 145.229202271], "beats_loudness": {"dmean2": 0.0456154309213, "median": 0.0479774847627, "min": 4.82775917021e-08, "dvar2": 0.00179265753832, "dvar": 0.000635561940726, "dmean": 0.0257589835674, "max": 0.14878462255, "var": 0.00128453341313, "mean": 0.0495431013405}, "danceability": 0.989396035671, "bpm_histogram_second_peak_weight": {"dmean2": 0, "median": 0.0263929627836, "min": 0.0263929627836, "dvar2": 0, "dvar": 0, "dmean": 0, "max": 0.0263929627836, "var": 0, "mean": 0.0263929627836}, "beats_count": 342, "bpm_histogram_second_peak_bpm": {"dmean2": 0, "median": 178, "min": 178, "dvar2": 0, "dvar": 0, "dmean": 0, "max": 178, "var": 0, "mean": 178}, "bpm_histogram_first_peak_spread": {"dmean2": 0, "median": 0.269349813461, "min": 0.269349813461, "dvar2": 0, "dvar": 0, "dmean": 0, "max": 0.269349813461, "var": 0, "mean": 0.269349813461}, "beats_loudness_band_ratio": {"dmean2": [0.536821424961, 0.139875620604, 0.096741899848, 0.190161675215, 0.125083521008, 0.441940933466], "median": [0.634213447571, 0.0291216783226, 0.0115481987596, 0.0338739715517, 0.0129806529731, 0.0479594841599], "min": [2.5878114684e-05, 0.000177967507625, 0.000120193319162, 1.13777132356e-05, 4.22060429628e-06, 2.18803347707e-06], "dvar2": [0.268900930882, 0.0475513637066, 0.0263953935355, 0.0699965655804, 0.014269224368, 0.165987402201], "dvar": [0.120100274682, 0.015355642885, 0.00943462271243, 0.0255983918905, 0.00576033862308, 0.0585172697902], "dmean": [0.286170423031, 0.0782064422965, 0.0533439815044, 0.102545060217, 0.0653579980135, 0.230593442917], "max": [0.997966468334, 0.912785410881, 0.931397676468, 0.815419971943, 0.340727925301, 0.991689145565], "var": [0.179484859109, 0.0183435324579, 0.0291907209903, 0.0229660458863, 0.00508450716734, 0.0655575543642], "mean": [0.511775970459, 0.0875745713711, 0.0816818475723, 0.0887488201261, 0.05243139714, 0.199101254344]}}, "lowlevel": {"barkbands_spread": {"dmean2": 11.7823228836, "median": 8.76532936096, "min": 0.0571433082223, "dvar2": 291.161254883, "dvar": 122.434883118, "dmean": 7.29776525497, "max": 94.7287139893, "var": 290.725372314, "mean": 15.3898563385}, "melbands_spread": {"dmean2": 13.7729454041, "median": 6.6331653595, "min": 0.0491838641465, "dvar2": 524.161071777, "dvar": 319.587921143, "dmean": 9.47518348694, "max": 249.971878052, "var": 1159.14709473, "mean": 21.5483188629}, "hfc": {"dmean2": 23.4052047729, "median": 8.26750850677, "min": 5.36736544099e-10, "dvar2": 2297.87988281, "dvar": 944.838806152, "dmean": 15.0062599182, "max": 399.464904785, "var": 1405.5970459, "mean": 22.3707714081}, "barkbands_kurtosis": {"dmean2": 17.3074436188, "median": 5.66730594635, "min": -1.79268169403, "dvar2": 816.681396484, "dvar": 329.920288086, "dmean": 11.0291204453, "max": 445.540924072, "var": 675.45880127, "mean": 17.5433959961}, "gfcc": {"mean": [-106.689849854, 84.4366455078, -82.4225769043, 43.1269721985, -40.4906845093, 11.0492362976, -24.3371601105, -2.64166927338, -31.3143138885, 1.22448647022, -7.15993785858, -5.18724775314, -12.7109861374], "icov": [[0.000118183081213, 5.89294904785e-05, 8.29215132399e-05, -0.000267423078185, 6.41057631583e-05, 1.77578858711e-05, 6.3405961555e-05, -0.00018620947958, 0.00022383693431, 3.04166787828e-05, 7.08172956365e-05, -9.96548842522e-05, 0.000321503874147], [5.89294904785e-05, 0.000885432469659, -0.000167097474332, 0.000326877488988, -0.000794950639829, 0.000725705758668, -0.00058479612926, -0.00015272058954, -0.000253961159615, 0.00130134180654, -0.00110046577174, 0.00119475356769, -0.000337444187608], [8.29215132399e-05, -0.000167097474332, 0.000871413445566, -0.00090089981677, -0.000430886924732, 7.85258998803e-06, 0.000870573567227, 0.000375846808311, -0.000545949384104, 0.000562931178138, 0.00043595538591, -0.00131985591725, 0.000911651877686], [-0.000267423078185, 0.000326877488988, -0.00090089981677, 0.00276564713567, -0.00160643737763, -0.000973684596829, 3.00308220176e-05, 0.000264649948804, -0.000651777896564, -0.000470552768093, -0.000771483290009, 0.00124840182252, -0.00164473429322], [6.41057631583e-05, -0.000794950639829, -0.000430886924732, -0.00160643737763, 0.00608592666686, -0.0020052252803, -0.00168351212051, -0.000849556585308, 0.0012236420298, -0.000129592473968, 0.000575878249947, 0.00276135257445, -0.00375639577396], [1.77578858711e-05, 0.000725705758668, 7.85258998803e-06, -0.000973684596829, -0.0020052252803, 0.00649364804849, -0.0032311338, 0.000266332324827, 0.00207124860026, -0.000541326007806, 0.0015615640441, -0.0037794560194, 0.00450817961246], [6.3405961555e-05, -0.00058479612926, 0.000870573567227, 3.00308220176e-05, -0.00168351212051, -0.0032311338, 0.0125666307285, -0.00427896715701, -0.00225155847147, 0.00194645300508, -0.00449338043109, 0.00570141943172, -0.00248476164415], [-0.00018620947958, -0.00015272058954, 0.000375846808311, 0.000264649948804, -0.000849556585308, 0.000266332324827, -0.00427896715701, 0.010282734409, -0.00203375378624, -0.0043153706938, 0.00361208245158, -0.00606891419739, 0.00348720909096], [0.00022383693431, -0.000253961159615, -0.000545949384104, -0.000651777896564, 0.0012236420298, 0.00207124860026, -0.00225155847147, -0.00203375378624, 0.00896965898573, -0.000592513941228, 0.00176163844299, -0.00271011190489, -0.000562975008506], [3.04166787828e-05, 0.00130134180654, 0.000562931178138, -0.000470552768093, -0.000129592473968, -0.000541326007806, 0.00194645300508, -0.0043153706938, -0.000592513941228, 0.0160218831152, -0.00490930350497, 0.00402437569574, -0.000170878134668], [7.08172956365e-05, -0.00110046577174, 0.00043595538591, -0.000771483290009, 0.000575878249947, 0.0015615640441, -0.00449338043109, 0.00361208245158, 0.00176163844299, -0.00490930350497, 0.0169918816537, -0.00359533424489, -0.000796250998974], [-9.96548842522e-05, 0.00119475356769, -0.00131985591725, 0.00124840182252, 0.00276135257445, -0.0037794560194, 0.00570141943172, -0.00606891419739, -0.00271011190489, 0.00402437569574, -0.00359533424489, 0.0217341836542, -0.00797031261027], [0.000321503874147, -0.000337444187608, 0.000911651877686, -0.00164473429322, -0.00375639577396, 0.00450817961246, -0.00248476164415, 0.00348720909096, -0.000562975008506, -0.000170878134668, -0.000796250998974, -0.00797031261027, 0.0233450718224]], "cov": [[25864.09375, -9064.421875, 399.344268799, 2957.9465332, -616.197509766, 2260.71679688, -778.16607666, 983.042602539, -695.446105957, 728.611328125, -766.833312988, 766.291625977, -835.774841309], [-9064.421875, 6871.94970703, 676.034667969, -294.389129639, 1280.81604004, -988.27746582, 768.271850586, -525.029296875, 272.922393799, -492.416137695, 535.189575195, -632.520141602, 539.443908691], [399.344268799, 676.034667969, 4914.26367188, 2504.13769531, 1240.20837402, 581.991882324, -50.3116149902, -145.165023804, 194.909362793, -212.147186279, -94.9079208374, 134.038574219, 137.961074829], [2957.9465332, -294.389129639, 2504.13769531, 2365.92431641, 1042.1697998, 742.397827148, 104.942886353, 22.7629623413, -14.3023738861, 0.889130830765, -56.8502311707, 34.046962738, 65.3499832153], [-616.197509766, 1280.81604004, 1240.20837402, 1042.1697998, 1007.32531738, 243.135513306, 292.329223633, -75.553237915, 7.13063621521, -88.8159408569, 87.1546478271, -150.618621826, 160.598236084], [2260.71679688, -988.27746582, 581.991882324, 742.397827148, 243.135513306, 618.77746582, 13.4964809418, 127.04283905, -92.4666290283, 75.684173584, -96.2206192017, 92.6423187256, -87.0818405151], [-778.16607666, 768.271850586, -50.3116149902, 104.942886353, 292.329223633, 13.4964809418, 271.250701904, 6.42387294769, 24.0272655487, -28.1798610687, 87.3649520874, -111.088973999, 68.9488449097], [983.042602539, -525.029296875, -145.165023804, 22.7629623413, -75.553237915, 127.04283905, 6.42387294769, 223.676071167, 21.232875824, 74.0954666138, -56.2690391541, 73.7021560669, -58.9753799438], [-695.446105957, 272.922393799, 194.909362793, -14.3023738861, 7.13063621521, -92.4666290283, 24.0272655487, 21.232875824, 183.596389771, -24.3430461884, 4.24700927734, 17.562204361, 33.6829223633], [728.611328125, -492.416137695, -212.147186279, 0.889130830765, -88.8159408569, 75.684173584, -28.1798610687, 74.0954666138, -24.3430461884, 121.013946533, -15.5826053619, 26.1874427795, -43.07081604], [-766.833312988, 535.189575195, -94.9079208374, -56.8502311707, 87.1546478271, -96.2206192017, 87.3649520874, -56.2690391541, 4.24700927734, -15.5826053619, 122.543991089, -58.9911613464, 52.3344764709], [766.291625977, -632.520141602, 134.038574219, 34.046962738, -150.618621826, 92.6423187256, -111.088973999, 73.7021560669, 17.562204361, 26.1874427795, -58.9911613464, 149.099700928, -37.9831199646], [-835.774841309, 539.443908691, 137.961074829, 65.3499832153, 160.598236084, -87.0818405151, 68.9488449097, -58.9753799438, 33.6829223633, -43.07081604, 52.3344764709, -37.9831199646, 109.479927063]]}, "spectral_energyband_middle_low": {"dmean2": 0.00989500340074, "median": 0.00944728311151, "min": 5.53203782357e-16, "dvar2": 0.000695762224495, "dvar": 0.000245788280154, "dmean": 0.00576542224735, "max": 0.141590714455, "var": 0.000233263432165, "mean": 0.0121521502733}, "melbands_crest": {"dmean2": 5.0035610199, "median": 21.3553562164, "min": 2.51022672653, "dvar2": 31.8501739502, "dvar": 12.2847642899, "dmean": 3.07337355614, "max": 38.9175071716, "var": 45.9356384277, "mean": 18.63189888}, "spectral_kurtosis": {"dmean2": 10.2542524338, "median": 3.95764446259, "min": -0.974676132202, "dvar2": 506.940368652, "dvar": 203.031066895, "dmean": 6.29510545731, "max": 321.283447266, "var": 681.154785156, "mean": 13.961933136}, "spectral_rms": {"dmean2": 0.00109438342042, "median": 0.00695399660617, "min": 6.9005401393e-09, "dvar2": 2.46124272962e-06, "dvar": 1.19266530874e-06, "dmean": 0.000762987940107, "max": 0.0133377220482, "var": 1.08583972178e-05, "mean": 0.00552289746702}, "zerocrossingrate": {"dmean2": 0.0160202458501, "median": 0.03271484375, "min": 0.001953125, "dvar2": 0.000504165072925, "dvar": 0.000539124535862, "dmean": 0.0148900896311, "max": 0.58544921875, "var": 0.00568955997005, "mean": 0.062253177166}, "silence_rate_60dB": {"dmean2": 0.120280385017, "median": 0, "min": 0, "dvar2": 0.123654350638, "dvar": 0.0565893910825, "dmean": 0.0602102577686, "max": 1, "var": 0.17049664259, "mean": 0.218028351665}, "erbbands_kurtosis": {"dmean2": 5.39023971558, "median": 0.458412885666, "min": -1.94031202793, "dvar2": 97.6364212036, "dvar": 51.9370803833, "dmean": 3.51852178574, "max": 88.4174118042, "var": 232.988708496, "mean": 6.94484138489}, "erbbands": {"dmean2": [0.231384888291, 1.60811078548, 4.96458053589, 12.7301368713, 16.2007846832, 10.1425886154, 4.89407157898, 4.47147035599, 17.2721672058, 23.2008152008, 13.3736791611, 8.94897842407, 7.061876297, 9.35861206055, 9.90569972992, 13.3022632599, 33.6202316284, 10.8217563629, 7.78339147568, 9.80366611481, 9.56694316864, 11.1432199478, 17.1054801941, 23.8020305634, 28.8293514252, 23.6433105469, 17.2511901855, 17.4660072327, 19.0384159088, 13.9557476044, 13.0454263687, 8.4870300293, 5.35514307022, 2.80588388443, 1.67896795273, 0.922480106354, 0.330472052097, 0.0766646564007, 0.00695362780243, 0.000120933022117], "median": [0.580543935299, 3.42345285416, 1.55333197117, 7.36116313934, 12.7506246567, 4.06344795227, 2.29358959198, 0.438913732767, 0.29584556818, 0.359599202871, 0.469697147608, 0.574424147606, 0.478881746531, 0.790971696377, 1.19178712368, 1.99054312706, 2.69437885284, 1.34072625637, 1.19750452042, 0.917507231236, 0.599265754223, 0.499631166458, 0.85804027319, 1.61883509159, 3.18889260292, 2.0100851059, 1.10253417492, 0.849706590176, 0.879871487617, 0.415709346533, 0.214890941978, 0.208595976233, 0.233942046762, 0.0844564512372, 0.0408578179777, 0.0311239380389, 0.00544686522335, 0.000844297057483, 5.80881060159e-05, 7.29382736608e-05], "min": [1.91259175516e-14, 5.93499790871e-14, 1.42775507671e-13, 1.97165173728e-13, 1.8250528313e-13, 1.31158051e-13, 2.40659163604e-13, 5.61394951793e-13, 1.12343272705e-12, 2.0944676115e-12, 1.8188588656e-12, 3.79894683419e-12, 3.79973353129e-12, 1.25040932469e-11, 3.25694714254e-11, 1.98057698714e-11, 1.3034046932e-11, 3.64369506789e-11, 2.21945101186e-11, 4.00753007168e-11, 4.2277372575e-11, 4.95405036438e-11, 3.58632845643e-11, 6.31404650786e-11, 8.75932798516e-11, 2.68586975577e-11, 1.26934310285e-10, 6.68365709999e-11, 8.49648268408e-11, 8.71735114649e-11, 7.00083185867e-11, 9.17768847031e-11, 7.22309156931e-11, 5.50507799069e-11, 4.4289107104e-11, 2.85739557015e-11, 1.49770022773e-11, 6.13299905652e-12, 1.5320156168e-12, 1.62270926405e-13], "dvar2": [0.193586543202, 12.6057348251, 271.347137451, 1811.8692627, 2669.70288086, 1013.61444092, 149.703979492, 334.939147949, 6096.11083984, 4345.83544922, 1684.62353516, 996.853088379, 284.392211914, 2019.69885254, 391.848266602, 1214.61706543, 8242.07128906, 659.130187988, 383.682769775, 432.927642822, 561.094421387, 880.608398438, 2838.63476562, 3290.30737305, 3226.60327148, 4096.58886719, 2181.72851562, 2056.13525391, 2728.60351562, 1056.56079102, 1064.7265625, 436.911773682, 229.609512329, 62.575553894, 31.1887340546, 13.0515956879, 1.56144917011, 0.0677300319076, 0.000520302797668, 1.32568217737e-07], "dvar": [0.112720355392, 4.50953054428, 104.969619751, 622.698120117, 898.947814941, 349.895294189, 52.4860572815, 138.553237915, 2581.38330078, 1511.60827637, 695.241333008, 451.550598145, 112.842437744, 785.520446777, 150.861160278, 500.478668213, 3973.68261719, 307.952392578, 160.710205078, 221.308425903, 247.633483887, 394.147369385, 1105.15209961, 1265.32849121, 1455.11242676, 1585.66894531, 996.14050293, 995.036254883, 1140.70397949, 509.687866211, 381.705718994, 159.702407837, 77.1953811646, 21.5315303802, 10.3427371979, 4.14350223541, 0.495459765196, 0.0226582568139, 0.000169317936525, 4.32594511324e-08], "dmean": [0.160535648465, 0.975582122803, 2.95435428619, 7.1077337265, 9.27142524719, 5.57533788681, 2.81622266769, 2.66006326675, 10.0557413101, 12.5745382309, 7.44169855118, 5.39083242416, 4.21105194092, 5.49117803574, 5.80840349197, 8.21843624115, 21.7317638397, 6.85078430176, 4.94747209549, 6.25927448273, 6.08491516113, 7.23274993896, 10.6397323608, 14.1616678238, 18.3819694519, 14.6548662186, 11.6179637909, 11.5537538528, 12.2262935638, 9.20913887024, 7.97789335251, 5.24540662766, 3.25580024719, 1.70130598545, 1.01850700378, 0.549154341221, 0.197210505605, 0.0463053360581, 0.00402072351426, 7.20050084055e-05], "max": [3.83409738541, 28.2402763367, 127.479171753, 214.978759766, 288.558044434, 290.077056885, 85.1158676147, 404.498077393, 1369.97900391, 659.258605957, 976.801757812, 774.581176758, 225.522674561, 1157.02832031, 230.04309082, 767.644592285, 2005.34973145, 358.836608887, 281.18572998, 263.282501221, 172.244766235, 330.386932373, 408.974243164, 327.638183594, 569.477416992, 498.111022949, 285.167449951, 311.826904297, 329.755401611, 227.022262573, 362.196075439, 210.815078735, 158.124084473, 91.7618713379, 68.0877456665, 50.3107757568, 17.3589878082, 3.6699757576, 0.254413723946, 0.00418805005029], "var": [0.984820067883, 15.0091552734, 85.9674377441, 468.831726074, 896.838378906, 349.588104248, 41.9300956726, 194.838882446, 3703.90087891, 1033.64416504, 777.580993652, 557.326782227, 116.952377319, 686.680603027, 186.455780029, 742.560180664, 5949.19824219, 568.531555176, 240.437576294, 373.164428711, 327.257354736, 528.280151367, 990.014709473, 1353.48522949, 2506.88623047, 1717.68237305, 1336.01940918, 1271.24584961, 1305.74194336, 712.356689453, 488.44708252, 208.356842041, 89.1237564087, 27.6115322113, 12.9531621933, 5.32816553116, 0.612603664398, 0.0292624160647, 0.000192216029973, 5.2303253284e-08], "mean": [0.956949770451, 3.86297917366, 3.4662232399, 13.3990163803, 20.987537384, 7.04814577103, 4.41671133041, 2.63169169426, 10.1248273849, 8.85551452637, 6.02730751038, 5.2203245163, 4.16524076462, 5.49599170685, 6.28762054443, 11.1496248245, 25.9237594604, 8.85294055939, 6.27066230774, 7.40567874908, 6.52510213852, 7.7423286438, 10.3944721222, 15.416185379, 24.6638870239, 17.5317268372, 13.1953458786, 12.2474327087, 12.9168138504, 10.611205101, 9.42409133911, 6.12722730637, 3.82440137863, 2.02241873741, 1.2312951088, 0.661289513111, 0.234135702252, 0.0573615394533, 0.00435094395652, 0.000120579818031]}, "spectral_strongpeak": {"dmean2": 0.59710752964, "median": 0.487383008003, "min": 0, "dvar2": 2.45859217644, "dvar": 0.857477903366, "dmean": 0.355418652296, "max": 12.6317920685, "var": 1.03874993324, "mean": 0.690204024315}, "spectral_energy": {"dmean2": 0.0138378376141, "median": 0.0495670177042, "min": 4.88078883407e-14, "dvar2": 0.000561462307815, "dvar": 0.000245790462941, "dmean": 0.00930031109601, "max": 0.18234218657, "var": 0.00116355891805, "mean": 0.0423950105906}, "average_loudness": 0.862776100636, "spectral_rolloff": {"dmean2": 922.049926758, "median": 258.3984375, "min": 43.06640625, "dvar2": 3322602.25, "dvar": 1662455.5, "dmean": 576.770751953, "max": 18776.953125, "var": 6653512.5, "mean": 1637.30932617}, "spectral_centroid": {"dmean2": 507.000427246, "median": 816.95690918, "min": 81.1674194336, "dvar2": 397050.5625, "dvar": 220181.375, "dmean": 337.456604004, "max": 6824.34912109, "var": 1448684.75, "mean": 1311.02685547}, "pitch_salience": {"dmean2": 0.112718194723, "median": 0.514080107212, "min": 0.0249535981566, "dvar2": 0.0169114749879, "dvar": 0.0068924757652, "dmean": 0.0700356513262, "max": 0.948000788689, "var": 0.0162250567228, "mean": 0.534488499165}, "spectral_energyband_middle_high": {"dmean2": 0.00258390372619, "median": 0.000551258446649, "min": 7.27462727101e-15, "dvar2": 2.1425590603e-05, "dvar": 1.0580361959e-05, "dmean": 0.00169878080487, "max": 0.0447771809995, "var": 2.03917970794e-05, "mean": 0.00238230871037}, "spectral_contrast_coeffs": {"dmean2": [0.0852411240339, 0.0831351429224, 0.0643123015761, 0.0517998151481, 0.0410007275641, 0.0337840653956], "median": [-0.658954560757, -0.762617647648, -0.833471179008, -0.825020551682, -0.804169297218, -0.784117102623], "min": [-0.950745940208, -0.96209871769, -0.968165278435, -0.964450836182, -0.939047217369, -0.962709128857], "dvar2": [0.00660145049915, 0.0051863505505, 0.00283542182297, 0.00186480535194, 0.00123154046014, 0.0011718343012], "dvar": [0.00292223482393, 0.00196410063654, 0.00120850407984, 0.000837704457808, 0.000569475058001, 0.000483070063638], "dmean": [0.0544093623757, 0.0498109869659, 0.0406485982239, 0.0334467962384, 0.0269527044147, 0.0216767676175], "max": [-0.318161904812, -0.312504768372, -0.444137513638, -0.543349862099, -0.586905837059, -0.612413167953], "var": [0.00856490526348, 0.00516622001305, 0.00400705030188, 0.0037453295663, 0.00356466509402, 0.00201108609326], "mean": [-0.644762933254, -0.758653581142, -0.821070611477, -0.815089166164, -0.795859158039, -0.780920803547]}, "melbands_skewness": {"dmean2": 2.26451849937, "median": 2.49901723862, "min": -5.02482795715, "dvar2": 8.11273860931, "dvar": 3.97819399834, "dmean": 1.49079811573, "max": 45.3162231445, "var": 15.2530765533, "mean": 3.99587106705}, "spectral_spread": {"dmean2": 1154814.625, "median": 4471540.5, "min": 403549.71875, "dvar2": 2306654601220.0, "dvar": 1295121514500.0, "dmean": 785908.3125, "max": 17327922, "var": 8683112628220.0, "mean": 4843523.5}, "dissonance": {"dmean2": 0.0404237248003, "median": 0.468570053577, "min": 0.164033278823, "dvar2": 0.00219778483734, "dvar": 0.000876006670296, "dmean": 0.025092003867, "max": 0.5, "var": 0.00278872181661, "mean": 0.448338925838}, "spectral_skewness": {"dmean2": 0.822949290276, "median": 1.42790257931, "min": -0.039978839457, "dvar2": 1.66122579575, "dvar": 0.720881521702, "dmean": 0.525174379349, "max": 14.1150636673, "var": 3.53869867325, "mean": 2.18715000153}, "spectral_flux": {"dmean2": 0.0422943197191, "median": 0.0435166507959, "min": 1.28954288812e-05, "dvar2": 0.00309003004804, "dvar": 0.00190299912356, "dmean": 0.0304824151099, "max": 0.42463478446, "var": 0.00531110214069, "mean": 0.0715978071094}, "spectral_contrast_valleys": {"dmean2": [0.748253166676, 0.977328777313, 0.902189552784, 0.845648884773, 0.755824923515, 0.730935335159], "median": [-6.61638402939, -8.16643333435, -8.5077123642, -8.58923625946, -8.36194133759, -10.6797103882], "min": [-21.7906417847, -20.9221916199, -20.3043403625, -20.0661773682, -19.8051490784, -21.0852336884], "dvar2": [0.635595142841, 1.04178500175, 0.927207171917, 0.863344192505, 0.858853876591, 1.00539040565], "dvar": [0.254651278257, 0.439758896828, 0.400794237852, 0.397304922342, 0.418943107128, 0.572293579578], "dmean": [0.468538284302, 0.616411149502, 0.588282823563, 0.574484705925, 0.538118422031, 0.557099223137], "max": [-5.36544704437, -4.80650615692, -5.66390609741, -5.27434587479, -5.26058959961, -7.16379737854], "var": [4.40660524368, 1.18055653572, 1.78978037834, 2.36743164062, 3.29062271118, 5.90657901764], "mean": [-7.75892496109, -8.10288047791, -8.61048698425, -8.79904937744, -8.66747379303, -11.1656074524]}, "erbbands_flatness_db": {"dmean2": 0.040602248162, "median": 0.179782912135, "min": 0.0390498004854, "dvar2": 0.0022869699169, "dvar": 0.00118948705494, "dmean": 0.0277598295361, "max": 0.483019560575, "var": 0.00880381930619, "mean": 0.206765681505}, "spectral_energyband_high": {"dmean2": 0.00230134325102, "median": 0.00016668450553, "min": 3.49450862398e-14, "dvar2": 2.82784185401e-05, "dvar": 1.19764263218e-05, "dmean": 0.00148805067874, "max": 0.039648540318, "var": 1.72015224962e-05, "mean": 0.00178405549377}, "spectral_entropy": {"dmean2": 0.476212263107, "median": 7.2311167717, "min": 4.10326910019, "dvar2": 0.416580110788, "dvar": 0.202784821391, "dmean": 0.332103461027, "max": 9.14709281921, "var": 1.31978535652, "mean": 6.98644018173}, "silence_rate_20dB": {"dmean2": 0, "median": 1, "min": 1, "dvar2": 0, "dvar": 0, "dmean": 0, "max": 1, "var": 0, "mean": 1}, "melbands_flatness_db": {"dmean2": 0.0700290724635, "median": 0.320403724909, "min": 0.0140047026798, "dvar2": 0.00752282328904, "dvar": 0.00377273280174, "dmean": 0.0500878617167, "max": 0.835007786751, "var": 0.03439482674, "mean": 0.330993801355}, "barkbands": {"dmean2": [0.000478624366224, 0.00730168679729, 0.00519917299971, 0.00538886431605, 0.00353835173883, 0.000506222248077, 0.00142187066376, 0.000802741327789, 0.000375647563487, 0.000315033015795, 0.000182884963579, 0.000288693612674, 0.000714748573955, 0.00017199740978, 0.00016252345813, 0.000201112008654, 0.000201586808544, 0.000382549740607, 0.000529913639184, 0.000525292009115, 0.000409805419622, 0.000515025807545, 0.000450151565019, 0.000356341915904, 0.000233488462982, 0.000194588967133, 4.08788764616e-05], "median": [0.00041010620771, 0.0200677290559, 0.000325447646901, 0.00313061545603, 0.0016112140147, 8.36418330437e-05, 2.17735632759e-05, 1.5100944438e-05, 2.38217216975e-05, 2.48250762525e-05, 1.42182434502e-05, 4.45887126261e-05, 4.66834098916e-05, 2.17281485675e-05, 2.00520335056e-05, 1.20853464978e-05, 8.21537469164e-06, 1.64250341186e-05, 5.54603793717e-05, 3.92458496208e-05, 1.5421434e-05, 2.23313090828e-05, 8.90121373232e-06, 1.26958348119e-05, 6.30284375802e-06, 5.3348894653e-06, 2.18311583922e-07], "min": [5.95571099829e-16, 3.79003833458e-16, 1.31166440014e-16, 5.90416242601e-17, 4.62731782979e-17, 5.99438533153e-17, 1.01321684104e-16, 9.39474152651e-17, 1.72468984132e-16, 1.81724910193e-16, 6.59247595733e-16, 5.45220708587e-16, 2.97751112731e-16, 6.81011630856e-16, 6.33640783885e-16, 6.62240692531e-16, 8.09082165448e-16, 7.91757271182e-16, 1.83638627613e-15, 4.4418524221e-16, 2.56692466457e-15, 2.40487730912e-15, 2.54377334829e-15, 4.33542421459e-15, 5.28207713029e-15, 7.68662240249e-15, 1.18608541296e-14], "dvar2": [1.81501457064e-06, 0.000220342277316, 0.000326150038745, 0.000318842910929, 0.000124012760352, 3.93460140913e-06, 2.43068807322e-05, 6.83313783156e-06, 1.7932972014e-06, 1.57381555255e-06, 1.33961577831e-07, 6.47663625841e-07, 3.30659781866e-06, 2.01463393523e-07, 1.10054003244e-07, 2.24994749942e-07, 2.82518669792e-07, 1.18123625725e-06, 1.21073117043e-06, 2.19078174268e-06, 1.11052031571e-06, 1.93830464923e-06, 1.05203196199e-06, 9.62132389759e-07, 5.00514715895e-07, 5.75072306219e-07, 1.8036553584e-08], "dvar": [9.34240858896e-07, 8.19553315523e-05, 0.000119294425531, 0.000107243540697, 4.1999413952e-05, 1.55145107783e-06, 9.74066551862e-06, 2.55152008322e-06, 8.44424960178e-07, 6.35262722426e-07, 4.82762132492e-08, 2.59090228383e-07, 1.60469733146e-06, 8.44934007205e-08, 5.35534070423e-08, 9.76042429102e-08, 1.26757328189e-07, 4.60239903077e-07, 5.00673536408e-07, 8.32900923342e-07, 5.58642909709e-07, 8.44334863359e-07, 4.0482342456e-07, 3.31980942292e-07, 1.70067750105e-07, 1.83543633625e-07, 5.93990190367e-09], "dmean": [0.000302662403556, 0.00456789927557, 0.00295280315913, 0.00306137092412, 0.00197876617312, 0.000299072969938, 0.000802109891083, 0.000438543094788, 0.0002279564942, 0.000187026060303, 0.000103766586108, 0.000178170841536, 0.000462245807284, 0.000105320825242, 0.000102545738628, 0.000123898513266, 0.000129159772769, 0.000233773331274, 0.000336144410539, 0.000322291889461, 0.000277940242086, 0.000334293232299, 0.000278576626442, 0.000218148721615, 0.000141973127029, 0.000116380891996, 2.39857708948e-05], "max": [0.0308208055794, 0.125667944551, 0.119228258729, 0.0912623256445, 0.0740031674504, 0.0423556603491, 0.0735644772649, 0.062978439033, 0.0308697447181, 0.0328330919147, 0.00307436659932, 0.0153684346005, 0.0390788204968, 0.00569770531729, 0.00404122192413, 0.0034932163544, 0.00591210229322, 0.00644792569801, 0.0142224384472, 0.0105612818152, 0.00727100716904, 0.0095834704116, 0.00851880572736, 0.0104395123199, 0.00843785051256, 0.010560660623, 0.0015560236061], "var": [4.17774845118e-06, 0.000492969877087, 8.28186020954e-05, 0.000106011706521, 3.69353183487e-05, 1.90158402802e-06, 1.24663010865e-05, 2.23300185098e-06, 1.10951270926e-06, 6.06520245583e-07, 4.85211266721e-08, 3.38507845754e-07, 2.55762529378e-06, 1.26030542447e-07, 9.3672092305e-08, 1.29674091909e-07, 1.67853613675e-07, 4.14431013951e-07, 7.83606935784e-07, 8.33112267173e-07, 7.74171326157e-07, 1.01660953078e-06, 5.47472268408e-07, 3.98387356881e-07, 2.19810402768e-07, 2.33452141174e-07, 7.22020132571e-09], "mean": [0.000990745960735, 0.0225584376603, 0.00256573711522, 0.00763568142429, 0.00290564564057, 0.000310164672555, 0.000718358380254, 0.000310675968649, 0.000220703775994, 0.00018677173648, 0.000101750760223, 0.000218140528887, 0.00054265971994, 0.000129191073938, 0.000124414655147, 0.000133371650008, 0.000138369621709, 0.000216105196159, 0.000431955646491, 0.000367803208064, 0.000303279113723, 0.000358100049198, 0.000334563985234, 0.000252100784564, 0.000172326137545, 0.00014073903730