{"metadata": {"tags": {"album": ["My Blue Heaven"], "albumartist": ["John Pizzarelli"], "musicbrainz_recordingid": ["0ae7f335-345e-4718-aa32-50263ad272d4"], "artist": ["John Pizzarelli"], "date": ["2003"], "tracknumber": ["13"], "title": ["Gee Baby Ain't I Good To You"], "file_name": "302328.mp3"}, "audio_properties": {"sample_rate": 44100, "downmix": "mix", "lossless": false, "analysis_sample_rate": 44100, "md5_encoded": "ba985b62cccf2671ff7cd076a704232a", "equal_loudness": 0, "replay_gain": 0.764562606812, "codec": "mp3", "bit_rate": 192000, "length": 198.922454834}, "version": {"extractor": "music 1.0", "essentia_build_sha": "70f2e5ece6736b2c40cc944ad0e695b16b925413", "essentia_git_sha": "v2.1_beta2", "essentia": "2.1-beta2"}}, "rhythm": {"beats_loudness_band_ratio": {"dvar2": [0.0956948548555, 0.100426353514, 0.0613026879728, 0.00281713251024, 0.00227336166427, 0.031011223793], "var": [0.0604633465409, 0.0448864214122, 0.0190114304423, 0.000659762124997, 0.000513095292263, 0.00665273936465], "min": [0, 0, 0, 0, 0, 0], "dmean": [0.21002098918, 0.237889796495, 0.10269266367, 0.0145090641454, 0.0138721773401, 0.0330647826195], "mean": [0.648821055889, 0.314264178276, 0.102509632707, 0.0141208702698, 0.0105991633609, 0.0218023154885], "max": [0.991456508636, 0.847227215767, 0.79985666275, 0.251316219568, 0.232700690627, 0.76399242878], "dmean2": [0.362325340509, 0.432454198599, 0.186800017953, 0.0266845021397, 0.0258843265474, 0.0624245330691], "median": [0.68951946497, 0.26921993494, 0.0557608604431, 0.00729239638895, 0.00364621635526, 0.0026094452478], "dvar": [0.0348217748106, 0.0345452204347, 0.0206219814718, 0.000957389536779, 0.00077916594455, 0.0100980121642]}, "bpm_histogram_first_peak_weight": {"dvar2": 0, "var": 0, "min": 0.589090883732, "dmean": 0, "mean": 0.589090883732, "max": 0.589090883732, "dmean2": 0, "median": 0.589090883732, "dvar": 0}, "bpm": 81.8022994995, "beats_count": 276, "bpm_histogram_first_peak_spread": {"dvar2": 0, "var": 0, "min": 0.336065530777, "dmean": 0, "mean": 0.336065530777, "max": 0.336065530777, "dmean2": 0, "median": 0.336065530777, "dvar": 0}, "danceability": 1.11996090412, "bpm_histogram_first_peak_bpm": {"dvar2": 0, "var": 0, "min": 81, "dmean": 0, "mean": 81, "max": 81, "dmean2": 0, "median": 81, "dvar": 0}, "beats_position": [0.638548731804, 1.28870749474, 1.93886613846, 2.60063481331, 3.28562355042, 3.98222208023, 4.67882061005, 5.38702917099, 6.08362817764, 6.78022670746, 7.47682523727, 8.17342376709, 8.84680271149, 9.54340076447, 10.2399997711, 10.95981884, 11.6680269241, 12.3762359619, 13.0960540771, 13.8158731461, 14.5356912613, 15.2555103302, 15.9637184143, 16.6719264984, 17.391746521, 18.1115646362, 18.8313827515, 19.5395908356, 20.247800827, 20.9560089111, 21.6642169952, 22.3840351105, 23.1038551331, 23.8120632172, 24.5202713013, 25.2284793854, 25.9366893768, 26.6565074921, 27.3647155762, 28.0729255676, 28.7811336517, 29.4777317047, 30.1859397888, 30.8825397491, 31.6023578644, 32.322177887, 33.0419960022, 33.750202179, 34.4584121704, 35.1782302856, 35.8980484009, 36.6178665161, 37.3376846313, 38.0575065613, 38.7773246765, 39.5087509155, 40.2401809692, 40.9599990845, 41.6798171997, 42.3996353149, 43.1194534302, 43.8392753601, 44.5590934753, 45.2789115906, 46.0219497681, 46.7533760071, 47.4848060608, 48.2162361145, 48.9476623535, 49.6790924072, 50.3989105225, 51.1303405762, 51.8617668152, 52.5931968689, 53.3362350464, 54.0792732239, 54.8223114014, 55.5537414551, 56.2851676941, 57.0282058716, 57.7712478638, 58.5142860413, 59.2573242188, 60.01197052, 60.766620636, 61.5096588135, 62.252696991, 62.9957351685, 63.7387733459, 64.470199585, 65.2016296387, 65.9446716309, 66.6761016846, 67.4075241089, 68.1505661011, 68.8936004639, 69.6250305176, 70.3564605713, 71.0995025635, 71.8425369263, 72.5971832275, 73.3518371582, 74.094871521, 74.8495254517, 75.6041717529, 76.3472061157, 77.0902481079, 77.8332901001, 78.5763244629, 79.2961425781, 80.0275726318, 80.7590026855, 81.5020370483, 82.2334671021, 82.9648971558, 83.7079315186, 84.4625854492, 85.2172317505, 85.9602737427, 86.7033081055, 87.4463500977, 88.1893844604, 88.9324264526, 89.6754608154, 90.4301147461, 91.1847610474, 91.9394073486, 92.6940536499, 93.4487075806, 94.1917419434, 94.946395874, 95.7010421753, 96.4556884766, 97.2103347778, 97.9649887085, 98.7080230713, 99.4510650635, 100.194099426, 100.937141418, 101.680175781, 102.434829712, 103.189476013, 103.944122314, 104.687164307, 105.430198669, 106.161628723, 106.904670715, 107.647705078, 108.39074707, 109.133781433, 109.876823425, 110.631469727, 111.386123657, 112.12915802, 112.872200012, 113.626846313, 114.381492615, 115.136146545, 115.890792847, 116.6222229, 117.353645325, 118.07346344, 118.804893494, 119.571151733, 120.325805664, 121.068840027, 121.811882019, 122.554916382, 123.297958374, 124.040992737, 124.772422791, 125.503852844, 126.223670959, 126.955101013, 127.686531067, 128.42956543, 129.18421936, 129.938858032, 130.71673584, 131.471374512, 132.191192627, 132.911010742, 133.630844116, 134.37387085, 135.116912842, 135.859954834, 136.591384888, 137.322814941, 138.054244995, 138.78565979, 139.505477905, 140.248519897, 140.99156189, 141.722991943, 142.454421997, 143.174240112, 143.905670166, 144.625488281, 145.345306396, 146.065124512, 146.773330688, 147.493148804, 148.212966919, 148.944396973, 149.675827026, 150.395645142, 151.115463257, 151.835281372, 152.555099487, 153.274917603, 153.983123779, 154.714553833, 155.434371948, 156.154190063, 156.874008179, 157.593826294, 158.313644409, 159.045074463, 159.776504517, 160.50793457, 161.250976562, 162.005615234, 162.737045288, 163.468475342, 164.199905396, 164.931335449, 165.651153564, 166.37097168, 167.114013672, 167.857055664, 168.600082397, 169.354736328, 170.086166382, 170.829208374, 171.572235107, 172.3152771, 173.058319092, 173.801361084, 174.555999756, 175.310653687, 176.065307617, 176.819946289, 177.551376343, 178.306030273, 179.037460327, 179.768890381, 180.500320435, 181.231735229, 181.963165283, 182.694595337, 183.437637329, 184.180679321, 184.912109375, 185.643539429, 186.363357544, 187.083175659, 187.802993774, 188.52281189, 189.242630005, 189.96244812, 190.508117676, 191.053787231, 191.599456787, 192.098678589, 192.586303711, 193.073913574, 193.526702881, 193.979492188, 194.432281494, 194.931518555, 195.430740356, 195.941589355, 196.440811157, 196.974868774, 197.508926392, 198.042984009], "beats_loudness": {"dvar2": 0.00378871615976, "var": 0.00201393314637, "min": 0, "dmean": 0.0287778731436, "mean": 0.044021435082, "max": 0.272965282202, "dmean2": 0.0485083274543, "median": 0.0303104948252, "dvar": 0.00135314138606}, "bpm_histogram_second_peak_weight": {"dvar2": 0, "var": 0, "min": 0.0363636352122, "dmean": 0, "mean": 0.0363636352122, "max": 0.0363636352122, "dmean2": 0, "median": 0.0363636352122, "dvar": 0}, "bpm_histogram_second_peak_spread": {"dvar2": 0, "var": 0, "min": 0.166666686535, "dmean": 0, "mean": 0.166666686535, "max": 0.166666686535, "dmean2": 0, "median": 0.166666686535, "dvar": 0}, "bpm_histogram_second_peak_bpm": {"dvar2": 0, "var": 0, "min": 86, "dmean": 0, "mean": 86, "max": 86, "dmean2": 0, "median": 86, "dvar": 0}, "onset_rate": 2.87025594711}, "lowlevel": {"spectral_energyband_high": {"dvar2": 3.7454149151e-06, "var": 3.78410622943e-05, "min": 6.99618214546e-21, "dmean": 0.000268488016445, "mean": 0.000862250570208, "max": 0.11971912533, "dmean2": 0.000300649757264, "median": 2.52314384852e-05, "dvar": 3.6201763578e-06}, "spectral_energyband_middle_low": {"dvar2": 0.000141219861689, "var": 0.00028954091249, "min": 1.69421170125e-22, "dmean": 0.00363689521328, "mean": 0.0103116165847, "max": 0.244092106819, "dmean2": 0.0053008380346, "median": 0.0042797550559, "dvar": 6.87248102622e-05}, "spectral_energy": {"dvar2": 0.000368867651559, "var": 0.000727931153961, "min": 1.01948572625e-20, "dmean": 0.00609889160842, "mean": 0.0189460068941, "max": 0.400007873774, "dmean2": 0.00844782218337, "median": 0.00954733695835, "dvar": 0.000184052623808}, "spectral_spread": {"dvar2": 994356887552, "var": 18463124881400.0, "min": 1026028.9375, "dmean": 476715.9375, "mean": 5020145, "max": 43641708, "dmean2": 697977.125, "median": 4578539, "dvar": 478691721216}, "spectral_energyband_low": {"dvar2": 0.000229288911214, "var": 0.000224579998758, "min": 2.21950717295e-23, "dmean": 0.00324667687528, "mean": 0.00725986110047, "max": 0.370698720217, "dmean2": 0.00465264869854, "median": 0.00246877223253, "dvar": 0.000106340929051}, "spectral_rolloff": {"dvar2": 690770.6875, "var": 5792434, "min": 21.533203125, "dmean": 176.194122314, "mean": 861.682006836, "max": 19702.8808594, "dmean2": 286.932250977, "median": 322.998046875, "dvar": 394476.71875}, "barkbands": {"dvar2": [1.00088776378e-07, 0.000173705222551, 3.13416094286e-05, 9.33888804866e-06, 5.53615172976e-05, 8.62192064233e-06, 1.17713543659e-05, 2.2915270165e-05, 1.59804301347e-06, 9.23865457025e-07, 1.7509516681e-07, 6.57875105503e-08, 6.29447072242e-08, 5.70085667562e-08, 6.7699012618e-08, 4.21866239719e-08, 8.38801241798e-08, 5.71729898979e-08, 1.39635488949e-07, 2.16195665814e-08, 1.79212133844e-06, 1.34821689812e-07, 7.17849157894e-09, 7.61261187421e-09, 5.0301299126e-08, 7.01605671338e-08, 3.48486484114e-09], "var": [4.01172357556e-08, 0.000128967789351, 4.3096319132e-05, 5.95933624936e-06, 5.15011270181e-05, 2.54030783253e-05, 2.92489057756e-05, 5.8618697949e-05, 2.60387059825e-06, 3.00070928461e-06, 1.45448439071e-07, 2.1942635442e-07, 7.27930498101e-08, 1.74273921516e-07, 9.90838344705e-08, 1.9457984024e-07, 2.56081335692e-07, 1.30686984789e-07, 6.27639451523e-07, 1.06413793333e-07, 1.547636748e-05, 7.87730868979e-07, 6.9383756518e-09, 1.93388700609e-08, 2.64651959014e-07, 6.40038706479e-07, 1.65537912267e-08], "min": [3.84288930769e-25, 4.33714739614e-24, 9.71244264609e-25, 3.01467977399e-25, 5.0782952328e-24, 7.84337497904e-24, 6.87554204481e-24, 4.51007280632e-24, 1.98624131882e-23, 8.01957021767e-24, 1.70589025052e-23, 2.14941719706e-23, 2.23312070336e-23, 3.1525544967e-23, 5.32543336372e-23, 3.6929485137e-23, 6.34034078361e-23, 8.56742007462e-23, 1.13779907471e-22, 1.5047271856e-22, 2.46436107823e-22, 2.75703857149e-22, 3.86117449013e-22, 5.22676668067e-22, 8.97821049266e-22, 1.3000056133e-21, 1.97084363747e-21], "dmean": [0.000136749309604, 0.00214325403795, 0.00138894375414, 0.000793777115177, 0.00201897416264, 0.000667507702019, 0.000525217328686, 0.000621155952103, 0.000187057172298, 8.21569046821e-05, 5.23347043782e-05, 4.32889537478e-05, 3.06897200062e-05, 3.24684078805e-05, 3.55945703632e-05, 2.78047882603e-05, 4.02658515668e-05, 3.59933255822e-05, 5.15656211064e-05, 2.47411717282e-05, 0.000163095319294, 4.55753688584e-05, 8.68076131155e-06, 9.89958971331e-06, 2.27716100198e-05, 2.67022751359e-05, 4.38260667579e-06], "mean": [0.000142321849125, 0.00452482886612, 0.0022487109527, 0.00129351567011, 0.00397321069613, 0.00183314655442, 0.00125319627114, 0.00140666076913, 0.000436209113104, 0.000182434072485, 0.000105342987808, 9.13000403671e-05, 5.61377346457e-05, 6.47917840979e-05, 7.13796107448e-05, 5.78612234676e-05, 9.71449189819e-05, 7.21944234101e-05, 0.000139856056194, 5.76069578528e-05, 0.000519532593898, 0.000133435954922, 1.60152558237e-05, 2.02276005439e-05, 5.90355411987e-05, 7.89511832409e-05, 1.09524462459e-05], "max": [0.0028104907833, 0.342788934708, 0.0899123996496, 0.0340741574764, 0.12376024574, 0.0617944039404, 0.134687274694, 0.195464193821, 0.0369456708431, 0.0905500352383, 0.0143980337307, 0.011713668704, 0.00569874839857, 0.0142316808924, 0.00820545945317, 0.0122261429206, 0.00828464422375, 0.00860904529691, 0.0163554605097, 0.00974756944925, 0.0982360094786, 0.0193810164928, 0.00418373011053, 0.00358350737952, 0.0128303021193, 0.0192577596754, 0.00362893962301], "dmean2": [0.000240444685915, 0.00320541416295, 0.00191619002726, 0.00129300320987, 0.00314616085961, 0.000985816586763, 0.000725544989109, 0.000796074746177, 0.000264600559603, 9.91798369796e-05, 7.9616678704e-05, 5.45742295799e-05, 4.49397339253e-05, 4.39900904894e-05, 4.9939219025e-05, 3.68017535948e-05, 5.37239320693e-05, 4.79077971249e-05, 6.62774036755e-05, 3.15611214319e-05, 0.000194587308215, 5.42671768926e-05, 1.2548099221e-05, 1.32520408442e-05, 2.80125805148e-05, 2.92669519695e-05, 5.39218990525e-06], "median": [7.40923496778e-05, 0.000967331929132, 0.00050727406051, 0.000419110059738, 0.00129149574786, 0.000337091274559, 0.000159192524734, 8.35826067487e-05, 5.70944030187e-05, 1.71998708538e-05, 1.50275436681e-05, 7.38465314498e-06, 5.50802269572e-06, 4.18923718826e-06, 5.85225870964e-06, 4.23401479566e-06, 4.49430763183e-06, 4.60982482764e-06, 5.13487702847e-06, 4.49913432021e-06, 5.59380487175e-06, 4.83641952087e-06, 3.66699305232e-06, 2.95435552289e-06, 2.11152405427e-06, 1.25331621348e-06, 1.48416290813e-07], "dvar": [3.59209764156e-08, 7.30006577214e-05, 1.69693739736e-05, 3.48266053152e-06, 2.28510707529e-05, 4.01381339543e-06, 6.09281369179e-06, 1.49829202201e-05, 7.60299258218e-07, 8.48551621857e-07, 7.68112755622e-08, 4.91360729882e-08, 3.02051290646e-08, 3.73364805739e-08, 3.46418751462e-08, 3.77583475597e-08, 4.36866223197e-08, 3.51806725973e-08, 9.51213365852e-08, 1.77585679495e-08, 1.60282422712e-06, 1.01313737844e-07, 3.25029536619e-09, 4.47229675515e-09, 3.79322742106e-08, 5.86658828183e-08, 2.36293873357e-09]}, "melbands_skewness": {"dvar2": 3.26138901711, "var": 6.72128915787, "min": -1.43498694897, "dmean": 0.922512948513, "mean": 3.70907616615, "max": 43.2134971619, "dmean2": 1.39390134811, "median": 3.22096037865, "dvar": 1.4158205986}, "barkbands_skewness": {"dvar2": 2.17150902748, "var": 4.67504644394, "min": -2.95128250122, "dmean": 0.791919767857, "mean": 2.91258764267, "max": 25.0546913147, "dmean2": 1.19246470928, "median": 2.63669919968, "dvar": 0.938363075256}, "erbbands": {"dvar2": [0.0408748798072, 12.268529892, 43.5994949341, 29.3381576538, 933.563537598, 411.407775879, 272.06918335, 815.826782227, 702.187072754, 11784.4101562, 1963.22741699, 569.264892578, 1552.11206055, 203.88192749, 124.853683472, 138.275588989, 107.300743103, 96.0697555542, 115.583068848, 111.303390503, 78.6448974609, 308.364593506, 123.393447876, 442.164642334, 276.879699707, 28.7981376648, 683.061706543, 3962.99780273, 148.595397949, 205.309906006, 2.37798595428, 2.18066382408, 1.50786602497, 1.35510325432, 7.23005342484, 0.560669779778, 0.357005625963, 0.0246987454593, 2.28843164223e-05, 1.94095157724e-08], "var": [0.0360199958086, 8.95024681091, 52.5999412537, 30.2259807587, 701.11920166, 493.65423584, 1077.2253418, 2092.60058594, 1835.74743652, 28810.8144531, 4271.38818359, 916.20135498, 4934.60595703, 205.498901367, 161.175247192, 518.807189941, 119.818237305, 267.898864746, 418.557861328, 226.150741577, 277.667114258, 1092.62512207, 528.880371094, 1788.92907715, 1174.34887695, 180.900100708, 4072.09521484, 40151.28125, 1117.70019531, 1058.20141602, 12.6828079224, 4.66888809204, 4.49626111984, 7.08817434311, 32.1873054504, 3.79967617989, 4.11974668503, 0.164902374148, 0.000154468027176, 1.45088449699e-07], "min": [7.26881934055e-23, 7.99502323288e-22, 1.69086753685e-21, 4.13539576841e-21, 1.05679908435e-20, 1.63144912993e-20, 3.29597805267e-20, 5.3153853912e-20, 1.0973341817e-19, 1.72494997515e-19, 1.78271768419e-19, 3.81225287997e-19, 2.64729047934e-19, 7.77247337888e-19, 1.06472506759e-18, 9.54319099883e-19, 1.35819416987e-18, 1.88136977728e-18, 1.94084178858e-18, 3.26668264994e-18, 2.86395487947e-18, 4.00673591498e-18, 5.08797719447e-18, 5.33067653568e-18, 6.29278312744e-18, 7.93648364881e-18, 9.15397853239e-18, 1.08925599787e-17, 9.4635268884e-18, 9.40518914852e-18, 1.05390411829e-17, 9.37850347477e-18, 8.82436939216e-18, 8.33385046174e-18, 6.32121497946e-18, 4.42665704808e-18, 2.40183326627e-18, 1.02639568935e-18, 2.32659384833e-19, 2.71242991861e-20], "dmean": [0.041956461966, 0.561283946037, 1.54236900806, 1.73389911652, 7.47810840607, 5.34743738174, 3.74965333939, 5.93197727203, 5.61841869354, 14.1379823685, 7.74955320358, 3.814899683, 3.65717148781, 1.7349230051, 1.6658654213, 1.8588051796, 1.33929502964, 1.54080593586, 1.56306517124, 1.66214716434, 1.55239212513, 2.19450807571, 1.91012597084, 2.64999818802, 2.18677163124, 1.00610089302, 3.77196025848, 7.11675786972, 1.70020234585, 1.47109055519, 0.240287899971, 0.184570014477, 0.135800331831, 0.125078678131, 0.245928868651, 0.0828280448914, 0.0619936287403, 0.0124394483864, 0.000450154853752, 1.90340761037e-05], "mean": [0.0870244204998, 1.18056249619, 2.74728536606, 3.27316904068, 12.7971887589, 11.4554405212, 10.2338466644, 15.4554080963, 13.6764650345, 35.4864463806, 18.2467193604, 9.09225177765, 8.59531974792, 3.70275068283, 3.57576417923, 4.16337919235, 2.7262532711, 3.3129928112, 3.51576256752, 3.6682100296, 3.37211608887, 5.60020828247, 4.58851909637, 7.50892353058, 5.08760356903, 2.45109081268, 10.0717468262, 24.0223388672, 5.20047426224, 4.19863367081, 0.568001925945, 0.371530860662, 0.293578237295, 0.30029681325, 0.623488366604, 0.222543895245, 0.193262547255, 0.0361954383552, 0.00122190476395, 5.68711402593e-05], "max": [4.68966150284, 90.5855407715, 157.802108765, 66.0343704224, 570.796325684, 267.703369141, 562.34185791, 772.368347168, 946.324462891, 3663.45483398, 1360.0135498, 583.460754395, 3579.62182617, 522.111999512, 305.15737915, 590.234680176, 301.371429443, 391.755767822, 536.633483887, 328.152832031, 440.163238525, 579.874267578, 617.428344727, 1000.40100098, 1046.44226074, 415.265411377, 1427.46679688, 4990.48730469, 696.714660645, 999.199829102, 104.309921265, 83.6626205444, 60.2276763916, 91.7313079834, 144.562332153, 51.7465782166, 51.9909248352, 11.1179494858, 0.337773740292, 0.0116620762274], "dmean2": [0.0638586655259, 0.832656383514, 2.14944911003, 2.6458864212, 11.6811313629, 8.52278614044, 5.60008192062, 8.70102977753, 8.00705814362, 18.1813163757, 10.4151821136, 5.34699678421, 4.49866914749, 2.49210429192, 2.44991445541, 2.27538275719, 1.89292669296, 2.08489847183, 2.11261534691, 2.29488492012, 2.05040550232, 2.90650629997, 2.43204379082, 3.49290704727, 2.76701784134, 1.25552451611, 4.56406974792, 8.36776447296, 2.01201200485, 1.76092398167, 0.317007899284, 0.257088303566, 0.179415076971, 0.153307199478, 0.304697811604, 0.0976074188948, 0.0662895962596, 0.0143048996106, 0.000539699045476, 2.23756251216e-05], "median": [0.0183114297688, 0.262476205826, 0.835564136505, 1.32012438774, 3.63860988617, 3.57491374016, 2.41231775284, 2.89877891541, 2.79191875458, 2.42168426514, 2.07194638252, 1.43176388741, 0.881731271744, 0.622332215309, 0.517109155655, 0.33395844698, 0.301137924194, 0.270189136267, 0.300063729286, 0.345723032951, 0.275812864304, 0.264199614525, 0.256210058928, 0.280885696411, 0.238460689783, 0.207294583321, 0.241084232926, 0.203671664, 0.182286530733, 0.134554862976, 0.0994592756033, 0.0747772157192, 0.0395848117769, 0.0242090430111, 0.0142628895119, 0.00665193377063, 0.00201487122104, 0.000356768723577, 3.26594308717e-05, 1.20597778732e-05], "dvar": [0.0169102940708, 5.17328214645, 22.6454849243, 12.7077407837, 385.369689941, 162.29850769, 134.045349121, 396.008850098, 377.8621521, 6945.77148438, 1123.66137695, 281.668365479, 1392.26464844, 101.442504883, 53.2168540955, 112.102775574, 49.389465332, 58.4850959778, 73.9357757568, 64.6222839355, 60.3488883972, 156.529067993, 99.2722015381, 261.444671631, 214.092269897, 26.8120040894, 561.054443359, 3700.65551758, 123.195472717, 148.469284058, 1.93086850643, 1.21378993988, 0.929339170456, 1.17406523228, 4.86467170715, 0.443059444427, 0.318548560143, 0.0201750807464, 1.74874166987e-05, 1.72489631467e-08]}, "silence_rate_30dB": {"dvar2": 0.0242686122656, "var": 0.01888663508, "min": 0, "dmean": 0.0109723359346, "mean": 0.980742275715, "max": 1, "dmean2": 0.0219472330064, "median": 1, "dvar": 0.0108523648232}, "melbands_spread": {"dvar2": 117.025444031, "var": 584.582397461, "min": 0.131417915225, "dmean": 3.17214632034, "mean": 11.2030229568, "max": 180.224807739, "dmean2": 4.58605527878, "median": 4.86621761322, "dvar": 71.4881744385}, "melbands_crest": {"dvar2": 16.5794181824, "var": 28.9419708252, "min": 1.47099733353, "dmean": 2.69457864761, "mean": 16.4824180603, "max": 39.018447876, "dmean2": 4.32684993744, "median": 16.0765037537, "dvar": 6.57926034927}, "zerocrossingrate": {"dvar2": 0.000203660922125, "var": 0.00413323612884, "min": 0.001953125, "dmean": 0.00691841030493, "mean": 0.0360390096903, "max": 0.5322265625, "dmean2": 0.00807830132544, "median": 0.021484375, "dvar": 0.000170904371771}, "barkbands_kurtosis": {"dvar2": 1302.3572998, "var": 1231.48364258, "min": -1.9386742115, "dmean": 9.80713939667, "mean": 22.4407615662, "max": 849.686828613, "dmean2": 15.164150238, "median": 13.3874225616, "dvar": 514.095092773}, "spectral_flux": {"dvar2": 0.00157372967806, "var": 0.00159311422613, "min": 6.38753910875e-11, "dmean": 0.0169693473727, "mean": 0.0454708188772, "max": 0.52448797226, "dmean2": 0.0268227551132, "median": 0.0337356887758, "dvar": 0.000641909893602}, "barkbands_crest": {"dvar2": 13.540473938, "var": 22.8576374054, "min": 3.1472890377, "dmean": 2.44901013374, "mean": 13.6904306412, "max": 26.2375011444, "dmean2": 3.91105508804, "median": 13.0362739563, "dvar": 5.53080129623}, "barkbands_flatness_db": {"dvar2": 0.00144628656562, "var": 0.00461742142215, "min": 0.0311272088438, "dmean": 0.024618120864, "mean": 0.214505344629, "max": 0.526423454285, "dmean2": 0.0357156582177, "median": 0.211144715548, "dvar": 0.000688328000251}, "spectral_entropy": {"dvar2": 0.111499033868, "var": 0.451363831758, "min": 4.41431093216, "dmean": 0.220524206758, "mean": 6.86372566223, "max": 9.82115077972, "dmean2": 0.31295645237, "median": 6.84687805176, "dvar": 0.0550224110484}, "pitch_salience": {"dvar2": 0.0109789725393, "var": 0.0176450554281, "min": 0.0763076469302, "dmean": 0.070252366364, "mean": 0.509000599384, "max": 0.881220519543, "dmean2": 0.113181822002, "median": 0.519731402397, "dvar": 0.00437381537631}, "erbbands_spread": {"dvar2": 235.117050171, "var": 485.289001465, "min": 1.50938510895, "dmean": 8.32789993286, "mean": 33.344367981, "max": 152.567886353, "dmean2": 12.1493549347, "median": 26.8983573914, "dvar": 112.970863342}, "dynamic_complexity": 5.91350650787, "spectral_contrast_valleys": {"dvar2": [0.26124688983, 0.220210567117, 0.191748976707, 0.177550897002, 0.148676797748, 0.181498929858], "var": [5.71324014664, 5.97209024429, 5.1182346344, 4.76420307159, 4.9441113472, 4.04321527481], "min": [-28.1997089386, -28.1077041626, -27.7998981476, -27.7776031494, -27.470659256, -27.4522399902], "dmean": [0.366272598505, 0.339529812336, 0.321498692036, 0.286153644323, 0.243052259088, 0.223623290658], "mean": [-7.78909540176, -7.76908922195, -8.95569992065, -9.48503684998, -9.25977897644, -11.5181274414], "max": [-5.04369592667, -5.00495815277, -5.82136440277, -6.50180530548, -6.2262635231, -8.46020698547], "dmean2": [0.595465540886, 0.533452749252, 0.499182879925, 0.436050027609, 0.3409101367, 0.302453130484], "median": [-7.50604534149, -7.45201444626, -8.73429298401, -9.21948051453, -8.8881893158, -11.0541954041], "dvar": [0.118263587356, 0.111450128257, 0.0994172543287, 0.0931754484773, 0.0925343856215, 0.102209277451]}, "hfc": {"dvar2": 221.54574585, "var": 2302.02075195, "min": 1.07874767735e-16, "dmean": 3.286226511, "mean": 11.4337282181, "max": 836.311950684, "dmean2": 3.81828856468, "median": 2.49268054962, "dvar": 212.165466309}, "spectral_kurtosis": {"dvar2": 36.9769744873, "var": 74.6478424072, "min": -1.27227842808, "dmean": 2.50678515434, "mean": 7.99866056442, "max": 103.531066895, "dmean2": 3.95380163193, "median": 5.51863241196, "dvar": 16.3912277222}, "mfcc": {"mean": [-770.427307129, 146.038696289, 39.0445365906, 41.0120353699, 4.04616355896, 4.96641874313, -3.74168205261, 1.41744852066, 0.106923930347, 0.499097466469, -0.452633112669, -0.478452086449, -2.99365162849], "cov": [[9967.17089844, 65.2273483276, -751.531616211, 239.022201538, -530.306640625, -419.257659912, -445.40246582, -36.6132736206, 137.526702881, -181.504104614, 9.81183624268, 68.7406311035, 3.33438897133], [65.2273483276, 1874.46362305, 136.043701172, -372.228424072, 52.4950027466, 32.4500274658, 4.69485521317, -65.7840118408, -135.674331665, 102.920722961, -23.7912597656, -27.2908382416, -17.0406017303], [-751.531616211, 136.043701172, 492.340423584, 82.8375473022, 71.7120666504, 102.464431763, 83.9201278687, 15.0778331757, 3.69631886482, 33.7954330444, 8.88286590576, -1.34220099449, 8.13566398621], [239.022201538, -372.228424072, 82.8375473022, 495.652862549, 77.1320114136, -9.09834766388, 14.0950317383, 67.5287094116, 79.6341629028, -68.8062744141, 0.0781926512718, 2.44431519508, 4.95129442215], [-530.306640625, 52.4950027466, 71.7120666504, 77.1320114136, 193.162902832, 80.5663986206, 33.1236686707, 23.5601596832, 9.38029193878, 11.9467592239, -11.6513357162, -2.90016746521, 1.56999123096], [-419.257659912, 32.4500274658, 102.464431763, -9.09834766388, 80.5663986206, 147.126937866, 79.5754699707, 11.1758737564, 3.98148703575, 38.0639572144, 12.406955719, -0.254136621952, -3.04406380653], [-445.40246582, 4.69485521317, 83.9201278687, 14.0950317383, 33.1236686707, 79.5754699707, 139.824020386, 40.8780212402, 5.60971355438, 31.789516449, 25.8037815094, 2.46689391136, -0.337257504463], [-36.6132736206, -65.7840118408, 15.0778331757, 67.5287094116, 23.5601596832, 11.1758737564, 40.8780212402, 89.4602279663, 47.1614570618, -4.76996994019, 12.09877491, 14.1945486069, 13.4703102112], [137.526702881, -135.674331665, 3.69631886482, 79.6341629028, 9.38029193878, 3.98148703575, 5.60971355438, 47.1614570618, 109.593971252, 7.75556659698, 23.6820831299, 21.3591403961, 13.7404813766], [-181.504104614, 102.920722961, 33.7954330444, -68.8062744141, 11.9467592239, 38.0639572144, 31.789516449, -4.76996994019, 7.75556659698, 121.779510498, 41.7147789001, 4.64521741867, 2.04814743996], [9.81183624268, -23.7912597656, 8.88286590576, 0.0781926512718, -11.6513357162, 12.406955719, 25.8037815094, 12.09877491, 23.6820831299, 41.7147789001, 83.8419952393, 38.1479606628, 12.0838575363], [68.7406311035, -27.2908382416, -1.34220099449, 2.44431519508, -2.90016746521, -0.254136621952, 2.46689391136, 14.1945486069, 21.3591403961, 4.64521741867, 38.1479606628, 72.8160552979, 41.7849578857], [3.33438897133, -17.0406017303, 8.13566398621, 4.95129442215, 1.56999123096, -3.04406380653, -0.337257504463, 13.4703102112, 13.7404813766, 2.04814743996, 12.0838575363, 41.7849578857, 75.4720306396]], "icov": [[0.000165568242664, -0.000100665049104, 0.00020958991081, -0.000242518101004, 0.000511333870236, -0.000179415364983, 0.000427182589192, -5.41904264537e-05, -0.000179652488441, 4.83276489831e-05, -9.66784955381e-06, -0.000154968278366, 7.57227753638e-05], [-0.000100665049104, 0.000792660401203, -0.000421321863541, 0.000684827915393, -0.000760307360906, 0.000482313189423, -0.000178091591806, -0.000123440942843, 0.000710733933374, -0.00045608219807, 0.000165991179529, 6.0020647652e-05, 6.35882024653e-05], [0.00020958991081, -0.000421321863541, 0.00295375823043, -0.00111748359632, 0.000792136823293, -0.00169134349562, -0.000285637594061, 0.000386611849535, -0.000187021010788, -0.00030577761936, 0.000254869490163, -0.000109063621494, -0.000442536111223], [-0.000242518101004, 0.000684827915393, -0.00111748359632, 0.00383438612334, -0.00255092931911, 0.00175556284375, -0.000885294226464, -0.000758504844271, -0.00121237360872, 0.00181284919381, -0.000997514580376, 0.00120918208268, -4.86756762257e-05], [0.000511333870236, -0.000760307360906, 0.000792136823293, -0.00255092931911, 0.00985688343644, -0.00577888032421, 0.00276792771183, -0.00193302403204, 0.000100001867395, -0.000965188024566, 0.00230470579118, -0.00127395812888, 0.000151255022502], [-0.000179415364983, 0.000482313189423, -0.00169134349562, 0.00175556284375, -0.00577888032421, 0.0146854668856, -0.00723063619807, 0.00272064679302, -0.00122490839567, -0.00122593168635, 0.000173732594703, -0.000302133848891, 0.000774350424763], [0.000427182589192, -0.000178091591806, -0.000285637594061, -0.000885294226464, 0.00276792771183, -0.00723063619807, 0.0150295570493, -0.00726402085274, 0.00272924941964, -0.00103847426362, -0.00303552416153, 0.00116241723299, 0.000417960982304], [-5.41904264537e-05, -0.000123440942843, 0.000386611849535, -0.000758504844271, -0.00193302403204, 0.00272064679302, -0.00726402085274, 0.019320230931, -0.00728261843324, 0.00184873770922, 0.000448757840786, -0.000786265474744, -0.00170902698301], [-0.000179652488441, 0.000710733933374, -0.000187021010788, -0.00121237360872, 0.000100001867395, -0.00122490839567, 0.00272924941964, -0.00728261843324, 0.0149833420292, -0.00245826039463, -0.00164032203611, -0.00158227712382, 6.12096937402e-06], [4.83276489831e-05, -0.00045608219807, -0.00030577761936, 0.00181284919381, -0.000965188024566, -0.00122593168635, -0.00103847426362, 0.00184873770922, -0.00245826039463, 0.013189711608, -0.00747674982995, 0.00399513868615, -0.00148023839574], [-9.66784955381e-06, 0.000165991179529, 0.000254869490163, -0.000997514580376, 0.00230470579118, 0.000173732594703, -0.00303552416153, 0.000448757840786, -0.00164032203611, -0.00747674982995, 0.0226228758693, -0.0129741346464, 0.00400376785547], [-0.000154968278366, 6.0020647652e-05, -0.000109063621494, 0.00120918208268, -0.00127395812888, -0.000302133848891, 0.00116241723299, -0.000786265474744, -0.00158227712382, 0.00399513868615, -0.0129741346464, 0.0286798812449, -0.0135089503601], [7.57227753638e-05, 6.35882024653e-05, -0.000442536111223, -4.86756762257e-05, 0.000151255022502, 0.000774350424763, 0.000417960982304, -0.00170902698301, 6.12096937402e-06, -0.00148023839574, 0.00400376785547, -0.0135089503601, 0.0205240510404]]}, "silence_rate_20dB": {"dvar2": 0.000700218661223, "var": 0.000116699295177, "min": 0, "dmean": 0.000233453945839, "mean": 0.999883294106, "max": 1, "dmean2": 0.000466962403152, "median": 1, "dvar": 0.000233397702686}, "melbands_kurtosis": {"dvar2": 9672.31640625, "var": 6211.38525391, "min": -1.88998389244, "dmean": 17.5806045532, "mean": 41.3486099243, "max": 2721.14941406, "dmean2": 27.2456016541, "median": 22.3176460266, "dvar": 3299.10595703}, "barkbands_spread": {"dvar2": 74.9825439453, "var": 163.905456543, "min": 0.215323105454, "dmean": 3.12483286858, "mean": 9.53274345398, "max": 93.2493896484, "dmean2": 4.63701438904, "median": 5.41657924652, "dvar": 40.9245185852}, "erbbands_skewness": {"dvar2": 0.442668169737, "var": 1.55342376232, "min": -4.0031080246, "dmean": 0.443491220474, "mean": 1.42708551884, "max": 8.2090473175, "dmean2": 0.637943327427, "median": 1.53165149689, "dvar": 0.237128287554}, "average_loudness": 0.377412796021, "spectral_centroid": {"dvar2": 153046.359375, "var": 1856958.25, "min": 121.122848511, "dmean": 153.973205566, "mean": 791.753173828, "max": 11641.9863281, "dmean2": 217.94128418, "median": 433.53692627, "dvar": 98681.59375}, "dissonance": {"dvar2": 0.00147627096158, "var": 0.0019353905227, "min": 0.197846353054, "dmean": 0.0248494707048, "mean": 0.432218641043, "max": 0.499917387962, "dmean2": 0.040288284421, "median": 0.440837800503, "dvar": 0.00056489527924}, "erbbands_flatness_db": {"dvar2": 0.000705830054358, "var": 0.00274282880127, "min": 0.0237742159516, "dmean": 0.0177485663444, "mean": 0.170061454177, "max": 0.368202537298, "dmean2": 0.0251274853945, "median": 0.166184276342, "dvar": 0.000352281553205}, "spectral_strongpeak": {"dvar2": 5.77910852432, "var": 9.89021968842, "min": 0, "dmean": 0.365956574678, "mean": 0.933930754662, "max": 57.9972076416, "dmean2": 0.5972032547, "median": 0.33899101615, "dvar": 2.64411759377}, "spectral_rms": {"dvar2": 1.29964973894e-06, "var": 5.7111510614e-06, "min": 3.15376002223e-12, "dmean": 0.000590918934904, "mean": 0.00357390521094, "max": 0.0197547860444, "dmean2": 0.000805645075161, "median": 0.00305196247064, "dvar": 7.11810457688e-07}, "silence_rate_60dB": {"dvar2": 0.104127854109, "var": 0.174712970853, "min": 0, "dmean": 0.050659507513, "mean": 0.225606903434, "max": 1, "dmean2": 0.101330846548, "median": 0, "dvar": 0.0480905845761}, "melbands": {"dvar2": [8.40125267132e-06, 1.33091289172e-05, 2.68544840765e-06, 3.62144555766e-06, 2.69757777005e-07, 3.54884889475e-07, 2.43994236371e-07, 1.53537234837e-06, 1.00329074826e-07, 2.34940529253e-08, 3.79379869742e-08, 2.96061086758e-09, 1.80254910997e-09, 8.49000703074e-10, 7.00341395987e-10, 6.82191025891e-10, 4.4571657476e-10, 3.98222926856e-10, 6.08233130528e-10, 3.37317923593e-10, 1.19942375476e-10, 4.41281428065e-10, 8.05273209226e-11, 1.10923645269e-10, 3.97051003187e-10, 2.55452908826e-10, 6.10555772607e-11, 1.2707241509e-11, 8.1377841965e-11, 1.76950720743e-09, 1.31577770901e-09, 2.99695893102e-11, 5.90816146007e-11, 4.83095091708e-11, 6.48147388625e-13, 1.34663753672e-12, 7.51224115466e-13, 4.4507713487e-13, 1.61505227594e-12, 1.44536834758e-12], "var": [6.55365283819e-06, 1.31085571411e-05, 2.35209267885e-06, 3.14466137752e-06, 9.00447105323e-07, 9.0656408247e-07, 6.94698371717e-07, 3.89432443626e-06, 1.94353773963e-07, 4.01302528985e-08, 1.21566159805e-07, 3.19387205572e-09, 1.7767765037e-09, 2.55344767552e-09, 1.39933309384e-09, 1.0338624401e-09, 1.04644770627e-09, 1.6659535973e-09, 8.27230561828e-10, 1.5182803903e-09, 2.59336857544e-10, 1.29117361247e-09, 3.43495898392e-10, 3.34202693297e-10, 1.62244240265e-09, 1.02254660295e-09, 2.110490116e-10, 8.65532923111e-11, 6.01705130165e-10, 6.77834233187e-09, 1.62024349493e-08, 1.40898931411e-10, 2.79577805351e-10, 2.27267440978e-10, 2.76762749003e-12, 1.63445906115e-12, 1.92892620279e-12, 1.4059913173e-12, 5.01191406085e-12, 6.65601254668e-12], "min": [1.00713378732e-24, 1.1672159503e-24, 1.56295492594e-24, 7.6210072186e-25, 1.04023872963e-24, 1.08711471817e-24, 2.21300924679e-24, 2.04048083086e-24, 1.39262861524e-24, 2.7463606686e-24, 1.03998481503e-24, 2.1664317435e-24, 3.82614499542e-24, 3.10977567422e-24, 2.68074519066e-24, 3.6362476373e-24, 3.14886373207e-24, 2.09289511599e-24, 4.1421323029e-24, 3.79262787328e-24, 3.30118863135e-24, 3.13612619225e-24, 4.22307692596e-24, 2.99270674373e-24, 3.49581343566e-24, 3.72439022168e-24, 4.43927530109e-24, 4.20472959902e-24, 4.08985606844e-24, 5.17389136945e-24, 4.32025275657e-24, 5.02273694254e-24, 4.76060004146e-24, 5.50983488569e-24, 6.29590085672e-24, 4.24223914621e-24, 4.43996831539e-24, 5.87027844949e-24, 6.15984128323e-24, 6.16724395397e-24], "dmean": [0.000505212345161, 0.000771421531681, 0.000468912476208, 0.000504437659401, 0.000134595640702, 0.000129972744617, 9.26833963604e-05, 0.000158996495884, 5.5834021623e-05, 2.37496478803e-05, 1.80375609489e-05, 6.78856986269e-06, 5.91702200836e-06, 4.91389164381e-06, 3.70710336028e-06, 3.18227375828e-06, 3.01275872516e-06, 2.48086917054e-06, 2.81013217318e-06, 2.37288213611e-06, 1.74550018528e-06, 2.56895918938e-06, 1.5576719079e-06, 1.77055005679e-06, 2.25972280532e-06, 1.76382275185e-06, 1.21224229588e-06, 5.51848984287e-07, 1.52502821038e-06, 4.33033665104e-06, 4.01117222282e-06, 7.23183745777e-07, 9.82547931017e-07, 6.37898267541e-07, 1.28879264594e-07, 1.15241071796e-07, 1.15442936988e-07, 8.63064286705e-08, 1.20271153037e-07, 1.07362787105e-07], "mean": [0.00108829932287, 0.00153220666107, 0.00086477905279, 0.000975185539573, 0.000355430587661, 0.000343609804986, 0.000227263866691, 0.000394887436414, 0.000128737301566, 5.51272387384e-05, 4.16876500822e-05, 1.39759822559e-05, 1.20899303511e-05, 1.05754688775e-05, 7.96902259026e-06, 6.2185617935e-06, 6.07026049693e-06, 5.32670765097e-06, 5.69950088902e-06, 5.13120812684e-06, 3.51729613612e-06, 6.14916825725e-06, 3.94292464989e-06, 3.82589223591e-06, 6.55132362226e-06, 3.89277693102e-06, 2.89514105134e-06, 1.17032038816e-06, 4.04433058065e-06, 1.1792974874e-05, 1.37419092425e-05, 1.91497429114e-06, 2.72556849268e-06, 1.74253557361e-06, 2.63537714318e-07, 2.01178465886e-07, 2.32361145436e-07, 1.72909025764e-07, 2.64267043804e-07, 2.45518350539e-07], "max": [0.0732564330101, 0.098333761096, 0.0256460942328, 0.0295220427215, 0.0153490202501, 0.0150021379814, 0.020721392706, 0.0458050407469, 0.00735324760899, 0.00411935243756, 0.0176913496107, 0.00195261184126, 0.00114232453052, 0.00129658216611, 0.000798056833446, 0.000741802388802, 0.000895956007298, 0.0012500078883, 0.00091489974875, 0.00111412338447, 0.000368964509107, 0.000634440511931, 0.000396878138417, 0.000370847177692, 0.000989566673525, 0.000963367056102, 0.000273292447673, 0.000369197514374, 0.000484007439809, 0.00185133435298, 0.00360556994565, 0.000265739043243, 0.000306613335852, 0.000528407166712, 6.12253716099e-05, 6.02180916758e-05, 4.67247518827e-05, 3.27607704094e-05, 6.79305521771e-05, 0.000105301201984], "dmean2": [0.000751580984797, 0.00109932059422, 0.000723701028619, 0.000792830483988, 0.00020454316109, 0.000191377388546, 0.000130577362143, 0.00020256768039, 7.69855832914e-05, 3.3262429497e-05, 2.22254093387e-05, 9.76981300482e-06, 8.95451194083e-06, 6.37285847915e-06, 4.87412398797e-06, 4.50082461612e-06, 4.1675484681e-06, 3.35369213644e-06, 3.96139876102e-06, 3.14869976137e-06, 2.36059599956e-06, 3.46815477315e-06, 1.98734028345e-06, 2.35659695136e-06, 3.01914701595e-06, 2.29117313211e-06, 1.54700455823e-06, 7.12973644568e-07, 1.8526036456e-06, 5.37798587175e-06, 4.58880640508e-06, 8.98873622646e-07, 1.19862261272e-06, 7.71636223362e-07, 1.75836191829e-07, 1.66809954294e-07, 1.65488799553e-07, 1.16343130685e-07, 1.57044965476e-07, 1.37098169262e-07], "median": [0.000225735158892, 0.000488851219416, 0.000341899401974, 0.000314871722367, 9.23414918361e-05, 6.41869992251e-05, 4.06442704843e-05, 2.43440663326e-05, 1.49181259985e-05, 7.84058101999e-06, 3.74120622837e-06, 2.20518450078e-06, 1.75165109795e-06, 9.99405756374e-07, 6.32761555153e-07, 5.33679326509e-07, 4.22830140678e-07, 3.76172238248e-07, 4.52812400908e-07, 3.41513128888e-07, 2.72872171081e-07, 2.66357631062e-07, 2.20772790271e-07, 2.25033573997e-07, 2.17019746174e-07, 1.79609088491e-07, 1.45404811747e-07, 1.27081847268e-07, 1.46890144492e-07, 1.37506333431e-07, 1.05716701171e-07, 1.02540852254e-07, 8.38042950591e-08, 6.90285730798e-08, 5.3690470736e-08, 5.35339772512e-08, 4.11696419178e-08, 2.76579221747e-08, 2.20746585455e-08, 1.94666540665e-08], "dvar": [3.47359627995e-06, 6.40928783469e-06, 1.13095779852e-06, 1.47268610817e-06, 1.28912788e-07, 1.68321648175e-07, 1.33271271352e-07, 9.45123474594e-07, 5.23194216839e-08, 1.23328378621e-08, 3.41195125486e-08, 1.47456902244e-09, 7.57134355212e-10, 5.96848903633e-10, 3.91510962539e-10, 3.51865925285e-10, 2.69929023577e-10, 2.80175466161e-10, 3.11522974084e-10, 3.00366898021e-10, 7.49521347765e-11, 2.217644679e-10, 5.67523181227e-11, 7.67122337875e-11, 2.31628993763e-10, 1.91251972592e-10, 4.00826039026e-11, 1.35817442362e-11, 7.17914547255e-11, 1.19390053399e-09, 1.39884481776e-09, 2.15494341121e-11, 4.07306861849e-11, 3.44075913594e-11, 4.89083166327e-13, 7.23175805264e-13, 4.25819996668e-13, 2.95467399462e-13, 9.86987943631e-13, 1.23725996896e-12]}, "spectral_skewness": {"dvar2": 0.232173159719, "var": 0.88432431221, "min": -0.0675393491983, "dmean": 0.293711692095, "mean": 2.13934087753, "max": 8.61484336853, "dmean2": 0.433470249176, "median": 2.01569461823, "dvar": 0.114486664534}, "melbands_flatness_db": {"dvar2": 0.00189581036102, "var": 0.00805241800845, "min": 0.00305610545911, "dmean": 0.0284329671413, "mean": 0.314042925835, "max": 0.682380020618, "dmean2": 0.0404740832746, "median": 0.314102172852, "dvar": 0.000942290644161}, "spectral_decrease": {"dvar2": 2.47227940003e-17, "var": 4.48301220147e-17, "min": -1.04976280113e-07, "dmean": 1.55379709099e-09, "mean": -4.74505545967e-09, "max": 1.99719103752e-28, "dmean2": 2.16779638684e-09, "median": -2.44714071229e-09, "dvar": 1.21848733487e-17}, "erbbands_crest": {"dvar2": 15.4882183075, "var": 25.8349494934, "min": 2.23693752289, "dmean": 2.53781437874, "mean": 11.7946462631, "max": 32.3471298218, "dmean2": 3.99903678894, "median": 10.7602310181, "dvar": 6.48790359497}