{"metadata": {"tags": {"genre": ["Indie Rock, Alternative Rock, Rock"], "originalyear": ["2005"], "album": ["2005-06-11: Bonnaroo Festival, TN, USA"], "musicbrainz album type": ["live"], "script": ["Latn"], "albumartistsort": ["Iron & Wine", "Iron & Wine"], "musicbrainz album release country": ["US"], "acoustid_id": ["aa21c4f8-770d-4ee8-a38c-4bb738e02c02"], "musicbrainz_artistid": ["c3f28da8-662d-4f09-bdc7-3084bf685930"], "musicbrainz_releasegroupid": ["7363c4bc-e883-3e2e-878d-918e90205b3b"], "musicbrainz_recordingid": ["0ae9028c-9559-4c32-b472-489ad591c18b"], "musicbrainz album status": ["Official"], "albumartist": ["Iron & Wine"], "contentgroup": ["Folk"], "originaldate": ["2005-06"], "artist": ["Iron & Wine"], "bpm": ["132"], "musicbrainz_albumid": ["37a43a9d-e1b6-4f2d-8c2e-a7a01bc242bb"], "artistsort": ["Iron & Wine"], "title": ["Mr. Soul"], "tracknumber": ["9/19"], "musicbrainz_albumartistid": ["c3f28da8-662d-4f09-bdc7-3084bf685930"], "discnumber": ["1/2"], "date": ["2005-06"], "acoustid_fingerprint": ["AQADtEqSaImiKDrS9_gHbT7yFz2a1MhTPCf-gJqU47h2vJNxglkOZxEpQXsuPDvxLujhc0H05XiOCxcFX8ZkfMi349CaoxE_5DiH5kb94drxBzlaHh6q59B1JYgjRTqaPUOPV8el7EGJD2dwkUMOR04J7ceNo1lH9AceIeKKMOuDfjo0Ux4aR4h5lEcjLThyPdCThviP8DuaC68jPFIedBEc5fARekuKXjP0I-QD_MlxRTp6EhFr6DG8XijUo36IMLqAH82ugJHSIx-unNCkKB2a8bgfvNAYbQeTMjgOJ08YfDaeo5TQHIeuo5lzMFqO8GJh_giPH820QMNRwh-g4UUPPzVq9ImgZWGS41qQF32OJm-KHw9Koflx5EdpqmASakEPn4Cca3jgHv1R9kVaH-1BDyUJH_1EfBvCPWjWSIecMEGOHs3T4J9xHh88HflxQRWTnGg4I_Qu4ehyGe7RE-HeYcoeMtB3IVdx9EIYTce1TfgZqIauDleO3JlwZTr8OQnyZ8JIgceJhod2PDqkPIkL56iVCxdKpkZzIh8V9CSmPI_w40G4SDq09EH-4NGFp0yC-Dz0q8il4xxDXJkO65KEfyFyHXqO8kF-OHCzHPmUHMmO41saXJzh8fiG_NC1ormEkMfDo9KFtDouQUN-9IJ7XPiPbz2qlBb-IX-wEzrx438EMlzwyTuug8lRXZKhN0OZqsF3RDpHVP4RZj0ex3ikwn6ET9B76Ak-4NER0nnQMLpxZilurviP_DGaHBpz4aGU44rQNFMcdA1KwtkYVMe1II-LZk5Q_Hg0NglOV8i3CFp-XEeYy0EpMVXQ_DhzoNpzhFG0yDkOXcNfXHrR6oaidEdfgkkonMWpBC2aMfogl8eJZyj7QUpIYr6HmyU67oNjzuhpvBV-fMdVNvimD6GSVkeYG2c86MePH-Z04ZOqQKVk4ZiirDnKxhKO5tNxXvDu4Cb0BeVmDRd_1PXQRFZSPLgbomkaSPnxq7gRrkGfybiUPfiHb8nBdkbz5widtbgDLaOko10e43iyHFeWY-qFOPfQvBHxKcilHP7x4z_06Si5IsxxzcQTMrjIp3jxG7ePR5FJpNqOcwkTqKuEX_jR_IJ2CwgTkdGUorsefOjDG80X5CJeVoL2B71yHOHRnNnwNPnxI_KD78HRD_6hJ4cOT-MyI3wfnORC9ISbCo-D9GDeVFBHHbmSB1-OD_3hMUuO8MfZ4clCSM8XbGtE4tGOc4eW6Aj5BFc-nOGk4NNwHOeCSzK88MKTJQl-5HghTkJ-XJhmBWemPJh89EOYB8ckSoeoRTp-KEqeMfiixeiTwPrwJ2hHDn1yBTqZbEMoWsePx-GFWjoaSpeC60zwIzc0NNPx4xFz_IdGVUdzC68QvgiTR8F59CGm6DGGf9BeuFuOH40PfYtxt0oQZqSM4sKVD9V8NIqUiUJMSfGg4zca7kHoDc0oGT1mkcWZE0x_pD8-Dqfh2oGbKMedmAGT91iTDN-Dn4RmJwjTRcf34cpTnNrxFN-GU4cXPsMbZonwYz047Uh5XEQfNP_xXPiLhtmEsBLyoewCHupzfD6mLFyQH-cePFKQVlGOZw90P8hbHNeOK8oLt7HxZmmC2Dp-6OLxE-fQfOhXClOmo04afCD1MTDOQM_kCGfQ7GD6BCf2HPXRjH3wTTlyPviitBGeCleD60_QaeKio4mYhUd-KCfyoxWPZniF-8ON8LtgTzJKFrzioX0YnMW5Qfvx5MjyojmFK_gZ1JsIH4dxoVlO5Et_nHxxR9Ae-IyCJ-fgSUF76E96PCmeUkKTjBP69nh3cCu-5Ojh0KIh5VlCBfuDXEfHSEeTJ3hzEc-uJMhjHT_UI6-OStkuTFmjE3wTDnOPnB9Rfjm0_Hg-6Mpxem2QvsDro8kpIVJDlMySQleIxzuoB_1xSocaHzVCLk_w-Hh9ND_xL3iPVGt8QWWGHPfhtQ96Hk_OIKsUQ4-KdFyCYw-eozrCKAwNnRsujYgZKbgyRMo6OWA6XZj_4MwOLYqOdimFi0-CO8JD4svxHPUDLUuiGfPT4AePR3A46PjhKhfyJDiamB9C6TkefDaeSEETJwFzPMtx6cPk5BnEPDl65cVpyMmeDXd6RGS04hdxHXZ1XFQOlsczfDr66THC1IF-3GhcK-iSOEfOI7_Rw9-hgb9xBzvaB82joptkNBV-C7-CPOZwDSdqk0Zz_MKeJDt4vIvx_Gi2ou9xUE-GkxHCTUKyHD-ePET_wU-C8QpR9niUH-cj5BC_C3fwZLmCJy2u40XepzBjY9RM4doOuh7yXvgeNHUGu0Z-bMfYCd495Irwwnch5fiwD9r5IFWoH3cITwgv46PRfdDe4_kh_PASHrmTYPUs_AKn7LHwHE1zVHuOy4e7Fb-CZHGGLF7wx7iCZvrw5fiiYurz4FRO_EE-3hB_5FaGZ06C0LqEbjFxPA8eHmm4D7upEE8E1g-BpvrQSzrOI1zV4RAnMTLOA95e6PgPhHpwHtfw6Lh49PCSp8g7E94f7C_ELM9R7vgkQ1UWCTml4Pnxow9TXBkvPJh4nBHCH8mSBuTxXcQfofHQK8G3HHOiE99x6kGY6-iekHimC7r04HWOH3m_ouWLZvpE7Bke7gR7PBc2Hz-aHWWWGPfRJxyuHU_2wRv8PcbxDj-8HdcHIAAhyAADlYCGGGIAIoAYQBRCAjEEhDLCMSMAAUogJwQwAAEhCDEAMcQNEiYoIYRAABoliAAEAKQAooA4CQARQkihAGDOEY-QEYQI54gjCCvDABRAGGGQIAopQoAgyAECCGmEQOYMA4BAwQQBhiAAiDBOEQaEE4gAIIwQBykmDGICGAGIIFAoIZQRwBhCqCBCAaEEM8YIQwlABACDCJEEAmA4SQILCZEQxkDFmEEKFQKAIEoRcpgCQABDADJAMCAMIM6AI7RThgiCFGAGOSYEAsQYIAQwDGgCFIGACMAJQAgBJhAQQAEACGHUKUYAQIgRpQhxAFGAgDBACCKMYIgQAKkABgljgAFICJEMIooARAQCThFCDEBMAaGJAowQQhxiQAAAAABCEgYIYAoAQICDRjljhXJQCGINNsQAAbgSQCiEDDBAECMMIpQDQQgFxgDCGACOIEYAUwYACQwgQDEhgAEECKaUUgZBAwQCABADiCMAIY4IYIQZTqRCQDAAKCAAAECQI4gBwAhxjFAEKIAAEkQEYIYQhgQURDhAlCAUCAUJBE4wBIE0kAjDACAESUCEkgAQYRBiABAAJBBCCQuMEAAIAoxQAAGohHKAASCAwQggAwAAIglAABJAACeUIkQQYQAjIjgAhCBEAWCsAAQAAYxSACkAAEBGMEAMkAQBUAURwhAFAUIaISgAAA4AgxQCkDjhBEmIAEJEEYAJxAgixghiADEIOISYIQR7JIEgCgCBGFGKAGXBI44wgpRZAiCEiVFCKAaEII4wgIRQRAigPAFEAIQIGYgoQRhhRhJAFESYAEGMQQoQBoQyVDBEmHJAESEAgF4pggAAQCEgDBLMoKKFIoQIAhyQ8CCFFAKIKQUBNEAJIowCQgvBiEAMIEAUMgAbA6RAQhEEDBGCCGCAQEIIRRwBkBFngQUAQSCMAJYYxigA"], "media": ["CD"], "file_name": "09 Mr. Soul.mp3", "language": ["eng"]}, "audio_properties": {"sample_rate": 44100, "downmix": "mix", "lossless": false, "analysis_sample_rate": 44100, "md5_encoded": "c05d5e7537a5437d81a9aadf5acf242e", "equal_loudness": 0, "replay_gain": -14.8923377991, "codec": "mp3", "bit_rate": 320000, "length": 199.575515747}, "version": {"extractor": "music 1.0", "essentia_build_sha": "70f2e5ece6736b2c40cc944ad0e695b16b925413", "essentia_git_sha": "v2.1_beta2", "essentia": "2.1-beta2"}}, "rhythm": {"beats_loudness_band_ratio": {"dvar2": [0.10437361896, 0.0470578186214, 0.021162064746, 0.0217760056257, 0.00870972592384, 0.0133858062327], "var": [0.0837390199304, 0.0255927294493, 0.00952286738902, 0.0222088452429, 0.0137929785997, 0.00397851224989], "min": [7.4496056186e-05, 0.00057906791335, 0.00432043010369, 0.00200468371622, 0.0030190856196, 0.00121277209837], "dmean": [0.21416477859, 0.129825383425, 0.0821204707026, 0.0602097846568, 0.0363460592926, 0.0632790774107], "mean": [0.515408337116, 0.187630832195, 0.104490183294, 0.098821349442, 0.0701006874442, 0.0580422319472], "max": [0.944692969322, 0.929925501347, 0.623135745525, 0.861452043056, 0.635233521461, 0.496106266975], "dmean2": [0.388862073421, 0.22892101109, 0.146664574742, 0.102458126843, 0.0640078783035, 0.121692724526], "median": [0.55435693264, 0.149468779564, 0.0694779381156, 0.0401600524783, 0.0273308642209, 0.0355609580874], "dvar": [0.0341096073389, 0.0165230687708, 0.00735927559435, 0.0075894780457, 0.00302945962176, 0.00441720755771]}, "bpm_histogram_first_peak_weight": {"dvar2": 0, "var": 0, "min": 0.447190999985, "dmean": 0, "mean": 0.447190999985, "max": 0.447190999985, "dmean2": 0, "median": 0.447190999985, "dvar": 0}, "bpm": 132.534103394, "beats_count": 446, "bpm_histogram_first_peak_spread": {"dvar2": 0, "var": 0, "min": 0.463611900806, "dmean": 0, "mean": 0.463611900806, "max": 0.463611900806, "dmean2": 0, "median": 0.463611900806, "dvar": 0}, "danceability": 1.1763831377, "bpm_histogram_first_peak_bpm": {"dvar2": 0, "var": 0, "min": 133, "dmean": 0, "mean": 133, "max": 133, "dmean2": 0, "median": 133, "dvar": 0}, "beats_position": [0.46439909935, 0.940408170223, 1.4164172411, 1.89242625237, 2.36843538284, 2.8444442749, 3.32045340538, 3.80807256699, 4.28408145905, 4.76009082794, 5.23609972, 5.71210861206, 6.18811798096, 6.67573690414, 7.16335582733, 7.63936471939, 8.10376358032, 8.56816291809, 9.03256225586, 9.49696159363, 9.94974994659, 10.4025392532, 10.8553285599, 11.3081178665, 11.749297142, 12.1904764175, 12.6316547394, 13.084444046, 13.5372333527, 13.9900226593, 14.4312019348, 14.8723802567, 15.3251695633, 15.7663488388, 16.2075271606, 16.6603164673, 17.1131057739, 17.5658950806, 18.0070743561, 18.4366436005, 18.8894329071, 19.3422222137, 19.7950115204, 20.247800827, 20.7121982574, 21.1765975952, 21.6177768707, 22.0821762085, 22.5349655151, 22.9877548218, 23.4405441284, 23.8933334351, 24.3461227417, 24.7989120483, 25.2400894165, 25.681268692, 26.1456680298, 26.6100673676, 27.0512466431, 27.5040359497, 27.9568252563, 28.4212245941, 28.8740139008, 29.3268013, 29.7679805756, 30.2091598511, 30.6735591888, 31.1379585266, 31.6023578644, 32.0551452637, 32.5079345703, 32.960723877, 33.4135131836, 33.8663024902, 34.3190917969, 34.7718811035, 35.2246704102, 35.6658477783, 36.118637085, 36.5714263916, 37.0242156982, 37.4770050049, 37.9297943115, 38.3709754944, 38.823764801, 39.2649421692, 39.7177314758, 40.1589126587, 40.6116981506, 41.0760993958, 41.5404968262, 41.9932861328, 42.4460754395, 42.8872566223, 43.340045929, 43.7928352356, 44.257232666, 44.7216300964, 45.1744194031, 45.6388206482, 46.1032180786, 46.5560073853, 47.0087966919, 47.4615859985, 47.9143753052, 48.3671646118, 48.8315620422, 49.2727432251, 49.7255325317, 50.1783218384, 50.631111145, 51.0839004517, 51.5482978821, 52.0126991272, 52.4770965576, 52.9298858643, 53.3942832947, 53.8470726013, 54.2882537842, 54.7410430908, 55.1938323975, 55.6466217041, 56.0994110107, 56.5638084412, 57.0165977478, 57.4693870544, 57.9337844849, 58.3749656677, 58.8161430359, 59.2689323425, 59.7333335876, 60.1861228943, 60.6505203247, 61.1033096313, 61.556098938, 62.0204963684, 62.4848976135, 62.9376869202, 63.4020843506, 63.8548736572, 64.3192749023, 64.772064209, 65.2248535156, 65.6776428223, 66.1304321289, 66.5716094971, 67.0360107422, 67.5004043579, 67.964805603, 68.4175949097, 68.8703842163, 69.3231735229, 69.7759628296, 70.2403640747, 70.6931533813, 71.145942688, 71.5871200562, 72.0282974243, 72.481086731, 72.9338760376, 73.3982772827, 73.8510665894, 74.303855896, 74.7566452026, 75.2094345093, 75.673828125, 76.1150131226, 76.5561904907, 77.0205917358, 77.4733810425, 77.9261627197, 78.3789520264, 78.8433532715, 79.2961425781, 79.7373199463, 80.1785049438, 80.619682312, 81.0608596802, 81.5020370483, 81.9664382935, 82.4192276001, 82.8720169067, 83.3248062134, 83.77759552, 84.2303848267, 84.6947860718, 85.1475753784, 85.6119689941, 86.0647583008, 86.5175476074, 86.9819488525, 87.4347381592, 87.8875274658, 88.3519287109, 88.8163223267, 89.2575073242, 89.7102966309, 90.151473999, 90.6042633057, 91.0454406738, 91.5098419189, 91.9742355347, 92.4386367798, 92.8798141479, 93.3326034546, 93.7737884521, 94.2265777588, 94.6793670654, 95.1321487427, 95.5965499878, 96.0609512329, 96.5137405396, 96.9665298462, 97.4193191528, 97.8721084595, 98.3248977661, 98.7776870728, 99.2188644409, 99.683265686, 100.136054993, 100.588844299, 101.030021667, 101.494422913, 101.935600281, 102.388389587, 102.841178894, 103.305580139, 103.758361816, 104.211151123, 104.652336121, 105.105125427, 105.557914734, 106.010704041, 106.463493347, 106.904670715, 107.357460022, 107.810249329, 108.263038635, 108.715827942, 109.145393372, 109.598182678, 110.050971985, 110.503761292, 110.94493866, 111.386123657, 111.838912964, 112.291702271, 112.744483948, 113.197273254, 113.650062561, 114.102851868, 114.567253113, 115.031654358, 115.472831726, 115.914009094, 116.366798401, 116.819587708, 117.272377014, 117.725166321, 118.177955627, 118.630744934, 119.095146179, 119.536323547, 119.989112854, 120.441902161, 120.906303406, 121.347480774, 121.800270081, 122.253059387, 122.705848694, 123.158638, 123.599815369, 124.040992737, 124.493782043, 124.94657135, 125.399360657, 125.852149963, 126.30493927, 126.757728577, 127.222129822, 127.686531067, 128.150924683, 128.615325928, 129.068115234, 129.520904541, 129.962081909, 130.426483154, 130.890884399, 131.355285645, 131.81968689, 132.272476196, 132.713653564, 133.166442871, 133.607620239, 134.060409546, 134.513198853, 134.954376221, 135.418777466, 135.883178711, 136.324356079, 136.777145386, 137.229934692, 137.682723999, 138.135513306, 138.576690674, 139.041091919, 139.505477905, 139.96987915, 140.422668457, 140.875457764, 141.316635132, 141.757827759, 142.222213745, 142.68661499, 143.127792358, 143.568969727, 144.021759033, 144.47454834, 144.915740967, 145.356918335, 145.809707642, 146.262496948, 146.726898193, 147.179672241, 147.632461548, 148.085250854, 148.538040161, 148.979232788, 149.443618774, 149.90802002, 150.360809326, 150.813598633, 151.277999878, 151.719177246, 152.160354614, 152.601531982, 153.065933228, 153.530334473, 153.971511841, 154.424301147, 154.877090454, 155.329879761, 155.782669067, 156.247070312, 156.711471558, 157.175872803, 157.640274048, 158.093063354, 158.545852661, 159.010253906, 159.451431274, 159.904220581, 160.368606567, 160.821395874, 161.274185181, 161.726974487, 162.168167114, 162.620956421, 163.073745728, 163.526535034, 163.979324341, 164.420501709, 164.884887695, 165.326080322, 165.778869629, 166.231658936, 166.672836304, 167.137237549, 167.590026855, 168.042816162, 168.48399353, 168.936782837, 169.389572144, 169.830749512, 170.27192688, 170.713104248, 171.154281616, 171.595458984, 172.048248291, 172.501037598, 172.942214966, 173.383392334, 173.824569702, 174.277359009, 174.730148315, 175.182937622, 175.589294434, 175.995635986, 176.401992798, 176.808334351, 177.14503479, 177.481719971, 177.806793213, 178.143493652, 178.480178833, 178.816864014, 179.153549194, 179.490249634, 179.826934814, 180.163619995, 180.500320435, 180.837005615, 181.173690796, 181.510375977, 181.847076416, 182.183761597, 182.532058716, 182.868743896, 183.205444336, 183.542129517, 183.878814697, 184.215499878, 184.552200317, 184.888885498, 185.225570679, 185.562271118, 185.922180176, 186.282089233, 186.641998291, 187.013504028, 187.41986084, 187.826202393, 188.232559204, 188.638900757, 189.045257568, 189.451599121, 189.857955933, 190.299133301, 190.72869873, 191.169876099, 191.611068726, 192.098678589, 192.586303711, 193.073913574, 193.584762573, 194.095596313, 194.594833374, 195.094055176, 195.593276978, 196.092514038, 196.59173584, 197.0909729, 197.590194702, 198.089431763, 198.588653564, 199.087890625], "beats_loudness": {"dvar2": 0.00151955755427, "var": 0.000829584838357, "min": 8.27649637358e-05, "dmean": 0.0229468960315, "mean": 0.0450156070292, "max": 0.1395265311, "dmean2": 0.0397079102695, "median": 0.0439267903566, "dvar": 0.000505434873048}, "bpm_histogram_second_peak_weight": {"dvar2": 0, "var": 0, "min": 0.0539325848222, "dmean": 0, "mean": 0.0539325848222, "max": 0.0539325848222, "dmean2": 0, "median": 0.0539325848222, "dvar": 0}, "bpm_histogram_second_peak_spread": {"dvar2": 0, "var": 0, "min": 0, "dmean": 0, "mean": 0, "max": 0, "dmean2": 0, "median": 0, "dvar": 0}, "bpm_histogram_second_peak_bpm": {"dvar2": 0, "var": 0, "min": 178, "dmean": 0, "mean": 178, "max": 178, "dmean2": 0, "median": 178, "dvar": 0}, "onset_rate": 2.83585429192}, "lowlevel": {"spectral_energyband_high": {"dvar2": 4.85172995468e-06, "var": 3.75348167836e-06, "min": 7.5154431594e-21, "dmean": 0.000496530265082, "mean": 0.000913197756745, "max": 0.0267101470381, "dmean2": 0.000730104919057, "median": 0.000379445584258, "dvar": 2.14343981497e-06}, "spectral_energyband_middle_low": {"dvar2": 0.000247157731792, "var": 0.000312669726554, "min": 4.36256690842e-22, "dmean": 0.00779767986387, "mean": 0.023174982518, "max": 0.144098371267, "dmean2": 0.0125023415312, "median": 0.0205610096455, "dvar": 9.96478629531e-05}, "spectral_energy": {"dvar2": 0.000770527636632, "var": 0.000571853888687, "min": 1.05926342019e-20, "dmean": 0.0117856170982, "mean": 0.0381778515875, "max": 0.152902334929, "dmean2": 0.019153855741, "median": 0.0369046553969, "dvar": 0.000306297675706}, "spectral_spread": {"dvar2": 824978243584, "var": 2118922797060.0, "min": 1938578, "dmean": 471093.53125, "mean": 4397690, "max": 41411216, "dmean2": 632108.375, "median": 4086869, "dvar": 616680259584}, "spectral_energyband_low": {"dvar2": 0.000769588921685, "var": 0.000268632051302, "min": 1.52187033213e-22, "dmean": 0.00743778934702, "mean": 0.0125177316368, "max": 0.133084312081, "dmean2": 0.0123878279701, "median": 0.008555078879, "dvar": 0.000297570164548}, "spectral_rolloff": {"dvar2": 1943655.75, "var": 1316911.125, "min": 64.599609375, "dmean": 402.274902344, "mean": 1160.17407227, "max": 19078.4179688, "dmean2": 684.619506836, "median": 796.728515625, "dvar": 791169.6875}, "barkbands": {"dvar2": [3.44928521372e-05, 0.000305487657897, 8.61129592522e-05, 8.994856762e-05, 0.000129652631585, 1.59500559676e-05, 4.15062640968e-06, 4.48497621619e-06, 3.68023097508e-06, 3.44181353285e-06, 1.72098782514e-06, 8.34963429952e-07, 1.26363045183e-06, 1.07587504772e-06, 5.20685489391e-07, 1.91156715346e-07, 1.64601104302e-07, 7.03294560367e-08, 6.0065922014e-08, 1.00250090895e-07, 1.4227128986e-07, 4.90853267365e-07, 1.99975062287e-07, 1.03548666175e-06, 1.86334183638e-08, 3.04719023347e-08, 8.71082499616e-15], "var": [8.42275039759e-06, 8.33026133478e-05, 2.5611709134e-05, 7.0437839895e-05, 0.000128174608108, 3.43964311469e-05, 3.68052133126e-06, 3.70799125449e-06, 5.22774416822e-06, 5.62114746572e-06, 1.73030105088e-06, 6.88088903189e-07, 1.60229910762e-06, 1.12452278245e-06, 4.72486192393e-07, 2.20078163693e-07, 1.98773477678e-07, 6.05873680115e-08, 5.92358411211e-08, 7.18401338418e-08, 9.45614146985e-08, 3.14181107797e-07, 2.02484287115e-07, 5.03964997733e-07, 2.18944435915e-08, 1.22540306791e-08, 1.87295459429e-15], "min": [1.30010793171e-23, 8.47360053162e-23, 1.90857133627e-23, 5.67498899042e-23, 4.6567282806e-23, 1.83862398644e-22, 5.59846569609e-23, 2.11414028402e-23, 6.14030395962e-23, 6.38797094289e-23, 6.51610719745e-23, 1.08718386577e-22, 1.86521604579e-22, 1.03617694005e-22, 7.47260988027e-23, 1.12492473852e-22, 1.8238750643e-22, 2.505615853e-22, 2.54142306991e-22, 3.16294953773e-22, 3.90029063143e-22, 5.70910274385e-22, 4.73257624689e-22, 9.85116775691e-22, 1.1909638821e-21, 1.67836329633e-21, 2.27399826378e-21], "dmean": [0.000947372522205, 0.00356317823753, 0.00232394319028, 0.0036129464861, 0.0046466961503, 0.00155210727826, 0.00067811505869, 0.000702612567693, 0.000774104264565, 0.000597691803705, 0.000376171956304, 0.000292718730634, 0.000369216693798, 0.000417813134845, 0.000276104401564, 0.000161413830938, 0.000173533437192, 9.52364207478e-05, 9.00154700503e-05, 8.28698539408e-05, 8.70508301887e-05, 0.000135703929118, 8.61928492668e-05, 0.000171154941199, 3.14939497912e-05, 3.0149023587e-05, 6.99320734654e-09], "mean": [0.000680592900608, 0.00562027329579, 0.00293672503904, 0.00573166552931, 0.00895640254021, 0.00370820960961, 0.00123495864682, 0.00125103187747, 0.00156610226259, 0.00110809796024, 0.000708723440766, 0.000540090433788, 0.000706172373611, 0.000813167542219, 0.000514470797498, 0.000338242476573, 0.000360643811291, 0.00019733258523, 0.000204896990908, 0.000170259998413, 0.000168517639395, 0.000208502213354, 0.000134862741106, 0.000227196680498, 5.45966213394e-05, 3.6074394302e-05, 4.68409444565e-09], "max": [0.0255139358342, 0.0966666117311, 0.0615048110485, 0.103000707924, 0.0980523228645, 0.0571311935782, 0.0296630077064, 0.0309154931456, 0.0223395209759, 0.0361486524343, 0.0204023327678, 0.0171134714037, 0.0190088767558, 0.0100871752948, 0.00944869313389, 0.00679139187559, 0.00542855123058, 0.00351436925121, 0.00376860611141, 0.00752689549699, 0.0095007205382, 0.00947098527104, 0.0124031044543, 0.0133475307375, 0.004297579173, 0.00291375047527, 1.87744149116e-06], "dmean2": [0.00171161571052, 0.00603309459984, 0.00401135208085, 0.00595721835271, 0.00738187599927, 0.00247459602542, 0.00106343592051, 0.00110315938946, 0.0011872156756, 0.000904819520656, 0.000608957314398, 0.000476631976198, 0.00058377761161, 0.000669395842124, 0.000441040319856, 0.000260339322267, 0.000280133564956, 0.000158669805387, 0.000147750193719, 0.000134700370836, 0.00013913642033, 0.00021429618937, 0.000129471256514, 0.000268724543275, 4.65263219667e-05, 4.544017429e-05, 1.26363941533e-08], "median": [4.00957469537e-06, 0.00377165572718, 0.00136573263444, 0.00286253541708, 0.00523853395134, 0.00182306033093, 0.000544286624063, 0.000601229665335, 0.000668490189128, 0.000348566914909, 0.000274715130217, 0.000269218930043, 0.000308353744913, 0.000428270257544, 0.000292332435492, 0.000191882936633, 0.000226674688747, 0.000125475533423, 0.000137544382596, 0.000115495560749, 9.90912958514e-05, 7.28908416932e-05, 4.00344943046e-05, 4.37455018982e-05, 1.38857158163e-05, 3.62617743122e-06, 5.17052400895e-10], "dvar": [1.25044534798e-05, 0.000113556954602, 3.06023648591e-05, 3.5347242374e-05, 5.27685442648e-05, 6.57175041852e-06, 1.73967941919e-06, 1.86989552731e-06, 1.68147914792e-06, 1.67841506027e-06, 7.01077112808e-07, 3.11456858526e-07, 5.4311749409e-07, 4.22497123509e-07, 2.19589978201e-07, 7.85593314845e-08, 6.72498288168e-08, 2.61466315266e-08, 2.50977105765e-08, 4.46369234908e-08, 6.11853181454e-08, 2.06422768656e-07, 1.00753098309e-07, 4.2611588924e-07, 9.13835407346e-09, 1.19766623285e-08, 3.10574455693e-15]}, "melbands_skewness": {"dvar2": 1.80599331856, "var": 2.88814616203, "min": -2.45203518867, "dmean": 0.717147231102, "mean": 2.84078216553, "max": 16.7315006256, "dmean2": 1.10018849373, "median": 2.65411138535, "dvar": 0.77547699213}, "barkbands_skewness": {"dvar2": 0.858031451702, "var": 1.38755190372, "min": -2.11694526672, "dmean": 0.524134874344, "mean": 1.79022955894, "max": 8.13214302063, "dmean2": 0.816046953201, "median": 1.70357143879, "dvar": 0.356837451458}, "erbbands": {"dvar2": [1.03008639812, 5.1598906517, 64.6487808228, 480.046051025, 1581.20910645, 2303.55664062, 2026.91662598, 1260.53112793, 1027.69006348, 1189.64770508, 1380.86486816, 2450.18457031, 4937.99511719, 1143.19787598, 2722.47070312, 1417.59851074, 2635.51074219, 2910.20678711, 1642.62841797, 716.079772949, 412.906829834, 341.315216064, 191.488677979, 145.341125488, 163.860366821, 295.644317627, 176.385604858, 294.404205322, 809.094726562, 261.97442627, 217.151199341, 1133.28039551, 41.8649711609, 4.79486036301, 0.547654211521, 1.10307991505, 0.054992556572, 0.000151350148371, 6.46314077812e-08, 1.23249388473e-09], "var": [0.24560277164, 1.8700363636, 18.7809772491, 303.432983398, 1369.40661621, 2404.34838867, 2153.24829102, 3487.66845703, 1028.28112793, 1085.90222168, 1188.80371094, 3219.41088867, 10315.0332031, 1107.92736816, 2773.55737305, 1265.09960938, 3511.00024414, 3542.63867188, 1453.5682373, 768.035766602, 620.469055176, 445.547821045, 183.899291992, 150.472503662, 149.029083252, 184.694793701, 134.00378418, 187.708389282, 449.666992188, 258.707000732, 186.162063599, 500.323059082, 37.2090530396, 5.9654750824, 0.464934825897, 0.408557653427, 0.0254102051258, 7.23534321878e-05, 3.53149296473e-08, 1.09944076065e-09], "min": [1.54233439376e-21, 2.15518208906e-20, 3.53226768764e-20, 1.23418630266e-19, 1.19172040097e-19, 1.60669907821e-19, 6.14715343111e-19, 1.7158300504e-18, 1.05274108167e-18, 7.0897815738e-19, 3.81994695214e-19, 1.31689934913e-18, 1.81930434797e-18, 2.85290188533e-18, 2.77093200894e-18, 4.90766795095e-18, 6.81398218679e-18, 7.52249133276e-18, 4.46256289052e-18, 4.43528991854e-18, 6.89979224917e-18, 1.04868105175e-17, 1.25666138927e-17, 1.39912190852e-17, 1.25487898049e-17, 1.55143712672e-17, 1.41541289981e-17, 1.85072778139e-17, 1.93987551755e-17, 1.58257534826e-17, 1.49883654613e-17, 2.05914354678e-17, 1.55798856261e-17, 1.09881770945e-17, 1.0014564834e-17, 6.45783378379e-18, 3.09961698162e-18, 1.12221484395e-18, 2.94748698984e-19, 3.60772336161e-20], "dmean": [0.170814812183, 0.574266910553, 1.97261285782, 8.46646595001, 10.804690361, 20.0161476135, 16.0784034729, 13.04737854, 10.7851648331, 10.6483602524, 13.1908864975, 19.0972995758, 22.0962619781, 10.140879631, 15.5507831573, 12.382144928, 16.0330047607, 21.9190864563, 16.1547031403, 9.4328956604, 8.13729095459, 8.00086116791, 5.05525779724, 4.64147090912, 4.43114089966, 3.88198757172, 3.69123029709, 3.57931423187, 5.27334308624, 3.10657429695, 2.8142592907, 5.30322027206, 1.12992441654, 0.448692917824, 0.190410897136, 0.167606085539, 0.0463551990688, 0.00266537978314, 5.90460040257e-05, 1.5316045392e-05], "mean": [0.174645125866, 1.20159852505, 2.9188773632, 13.7368373871, 19.0230083466, 35.3726158142, 33.9165611267, 31.3155212402, 21.87865448, 19.104057312, 25.8759346008, 39.1639137268, 46.1755561829, 20.1068649292, 30.7025680542, 24.9098014832, 32.6353645325, 45.1887321472, 32.1919250488, 20.7136688232, 19.5222187042, 18.1640872955, 11.4415655136, 10.9143362045, 9.83735466003, 8.01648807526, 7.39545202255, 6.4062795639, 7.82464504242, 5.12038564682, 4.15534591675, 6.59101343155, 1.88344216347, 0.791252851486, 0.300987869501, 0.206394910812, 0.0540510974824, 0.00301418150775, 8.81060914253e-05, 4.93252300657e-05], "max": [5.29545736313, 12.264465332, 52.8045043945, 153.189285278, 472.135742188, 569.928527832, 520.759399414, 649.98840332, 478.950927734, 434.535369873, 791.509399414, 664.179870605, 1446.74975586, 710.256347656, 981.891601562, 822.082763672, 981.104125977, 686.816223145, 469.898986816, 499.627990723, 421.846588135, 269.406585693, 204.675598145, 234.071731567, 206.67338562, 428.088439941, 345.84286499, 444.036987305, 359.671630859, 346.764068604, 404.093719482, 463.11505127, 246.650390625, 79.7388916016, 13.1188440323, 18.904006958, 3.19051671028, 0.190176218748, 0.00337239657529, 0.000330768583808], "dmean2": [0.301857709885, 0.936469495296, 3.39198613167, 14.0559072495, 17.870256424, 31.9021224976, 25.1194038391, 21.3674201965, 17.1298370361, 16.6251087189, 20.912103653, 29.4378509521, 32.8554153442, 16.2964191437, 25.3849372864, 19.906665802, 25.3148460388, 34.7096710205, 26.1820888519, 14.9585704803, 13.0318078995, 12.9132499695, 8.32219696045, 7.70331478119, 7.26211738586, 6.33263397217, 5.96513652802, 5.7230219841, 8.43426704407, 4.80909395218, 4.15767335892, 8.36559867859, 1.71798419952, 0.667858064175, 0.283343613148, 0.258325994015, 0.0685129910707, 0.00399101292714, 8.64375397214e-05, 2.40059471253e-05], "median": [0.0731893777847, 0.925356388092, 1.71174430847, 7.95470523834, 9.25734806061, 18.290763855, 18.627904892, 13.6392812729, 10.143163681, 9.0685634613, 14.5234861374, 18.2987194061, 13.1608924866, 10.0419216156, 13.936340332, 13.8327388763, 15.8316650391, 24.3663520813, 20.0213356018, 12.6417484283, 12.4743862152, 11.8172512054, 7.37802314758, 7.55431365967, 6.56278896332, 5.45075035095, 4.88120079041, 3.07164096832, 2.65225172043, 1.81846868992, 1.03172063828, 1.01765811443, 0.561707258224, 0.218033581972, 0.0661773309112, 0.0244612656534, 0.00470328703523, 0.000261014996795, 3.01088784909e-05, 4.59526745544e-05], "dvar": [0.374669909477, 1.94916427135, 23.0259952545, 182.29335022, 638.033447266, 962.153198242, 822.33392334, 535.083740234, 425.657531738, 522.309997559, 559.818054199, 1104.74658203, 2517.55712891, 447.889556885, 1127.85766602, 536.954040527, 1141.95861816, 1182.44226074, 636.456298828, 318.302337646, 178.148757935, 140.321411133, 73.9787445068, 56.2369384766, 72.8371124268, 128.244140625, 78.11328125, 127.052185059, 330.992248535, 119.334411621, 106.136268616, 462.683929443, 18.8651447296, 2.40353155136, 0.246571600437, 0.422555655241, 0.0227167923003, 6.44276587991e-05, 2.81131278257e-08, 5.32041799506e-10]}, "silence_rate_30dB": {"dvar2": 0.0156988594681, "var": 0.00370858446695, "min": 0, "dmean": 0.00558464229107, "mean": 0.996277332306, "max": 1, "dmean2": 0.0111705837771, "median": 1, "dvar": 0.00555306440219}, "melbands_spread": {"dvar2": 124.09941864, "var": 140.815002441, "min": 0.994860470295, "dmean": 5.11592292786, "mean": 17.8204631805, "max": 187.649154663, "dmean2": 8.00859546661, "median": 15.6686258316, "dvar": 52.8275718689}, "melbands_crest": {"dvar2": 30.9245586395, "var": 26.8773536682, "min": 2.60356402397, "dmean": 3.34648871422, "mean": 13.1407670975, "max": 32.7216720581, "dmean2": 5.49047899246, "median": 12.2637729645, "dvar": 11.4588890076}, "zerocrossingrate": {"dvar2": 0.000177900030394, "var": 0.000855060759932, "min": 0.00732421875, "dmean": 0.00872980989516, "mean": 0.0526595637202, "max": 0.49951171875, "dmean2": 0.0107107684016, "median": 0.044921875, "dvar": 0.000139612253406}, "barkbands_kurtosis": {"dvar2": 72.3529968262, "var": 58.2604637146, "min": -1.90438354015, "dmean": 3.1943602562, "mean": 5.33032464981, "max": 96.3746261597, "dmean2": 5.15078258514, "median": 2.91670703888, "dvar": 28.6226425171}, "spectral_flux": {"dvar2": 0.00296072312631, "var": 0.00310165737756, "min": 1.02920526268e-10, "dmean": 0.0274258945137, "mean": 0.0900674983859, "max": 0.36097201705, "dmean2": 0.0433135405183, "median": 0.0806432068348, "dvar": 0.00137487775646}, "barkbands_crest": {"dvar2": 13.9211359024, "var": 14.6531658173, "min": 2.33968806267, "dmean": 2.43219828606, "mean": 9.58348655701, "max": 24.9850139618, "dmean2": 3.97439336777, "median": 8.86877632141, "dvar": 5.20951890945}, "barkbands_flatness_db": {"dvar2": 0.000959119061008, "var": 0.00152514642105, "min": 0.0439202189445, "dmean": 0.0200467128307, "mean": 0.156437531114, "max": 0.34906578064, "dmean2": 0.0319693572819, "median": 0.153689831495, "dvar": 0.000374417053536}, "spectral_entropy": {"dvar2": 0.0451295375824, "var": 0.118909701705, "min": 5.79070329666, "dmean": 0.138979628682, "mean": 7.57160139084, "max": 9.7968082428, "dmean2": 0.205029830337, "median": 7.5773563385, "dvar": 0.021583000198}, "pitch_salience": {"dvar2": 0.0121759809554, "var": 0.0107716154307, "min": 0.134583964944, "dmean": 0.0689104422927, "mean": 0.594360589981, "max": 0.864405810833, "dmean2": 0.115156106651, "median": 0.601037621498, "dvar": 0.00439859507605}, "erbbands_spread": {"dvar2": 162.240737915, "var": 403.750366211, "min": 1.90633797646, "dmean": 7.62533426285, "mean": 40.77318573, "max": 131.955413818, "dmean2": 11.0786094666, "median": 37.7175674438, "dvar": 83.4738769531}, "dynamic_complexity": 2.72744321823, "spectral_contrast_valleys": {"dvar2": [0.347036600113, 0.229643628001, 0.195375174284, 0.140914991498, 0.12656070292, 0.183777377009], "var": [1.69051980972, 0.676451563835, 0.354181110859, 0.301707744598, 0.324655979872, 0.758506596088], "min": [-27.4123935699, -26.7099514008, -27.0275707245, -27.2138881683, -27.3454189301, -27.2698631287], "dmean": [0.377464830875, 0.333703607321, 0.295147538185, 0.23835387826, 0.197490692139, 0.258675575256], "mean": [-7.09393835068, -6.62244749069, -7.0755033493, -7.27046775818, -7.34082508087, -10.1078748703], "max": [-5.04877948761, -4.62921667099, -5.13299369812, -5.7140250206, -5.75865745544, -7.277094841], "dmean2": [0.615773260593, 0.554923295975, 0.494323909283, 0.395437061787, 0.321473389864, 0.364949941635], "median": [-6.66235780716, -6.44103622437, -7.04618024826, -7.23157596588, -7.2740278244, -10.0340595245], "dvar": [0.161987453699, 0.109638571739, 0.0964795276523, 0.0769591256976, 0.07740496099, 0.112800560892]}, "hfc": {"dvar2": 272.90020752, "var": 287.402526855, "min": 1.14976808126e-16, "dmean": 5.91896820068, "mean": 22.1978778839, "max": 232.240127563, "dmean2": 9.00568389893, "median": 20.3804626465, "dvar": 119.056686401}, "spectral_kurtosis": {"dvar2": 5.01447248459, "var": 4.708091259, "min": -1.19888269901, "dmean": 1.35869383812, "mean": 3.99581646919, "max": 17.7363204956, "dmean2": 2.27897906303, "median": 3.75263118744, "dvar": 1.77375948429}, "mfcc": {"mean": [-624.042724609, 124.388725281, -2.23886656761, 19.4333877563, 3.75694561005, 10.7537708282, -2.64947032928, -0.383119046688, -3.64988136292, 1.9142305851, -4.74863767624, -1.8857653141, -8.39941215515], "cov": [[3916.36108398, 267.644897461, 1087.30456543, 305.791107178, 254.611755371, 60.286315918, -25.9145622253, -26.6874904633, -40.6136741638, 9.34414386749, 95.7136306763, 67.5619354248, 11.3397512436], [267.644897461, 1094.92431641, 266.735229492, 271.273132324, 110.755187988, -13.7993631363, -4.71010112762, -57.1763076782, -21.7412071228, -4.82108783722, -8.93313884735, -24.8454189301, -8.37724971771], [1087.30456543, 266.735229492, 1083.29138184, 368.691650391, 198.591659546, 103.417198181, -31.722328186, -67.2252883911, -21.0022659302, -20.3787727356, 12.5621109009, 36.0102233887, 0.734547555447], [305.791107178, 271.273132324, 368.691650391, 330.16796875, 117.552780151, 48.8121604919, -15.7630996704, -29.555223465, -6.19586038589, 2.38133645058, 0.173936799169, 18.7415027618, 8.55502986908], [254.611755371, 110.755187988, 198.591659546, 117.552780151, 156.240142822, 30.5214881897, -12.051276207, -28.2204990387, 5.72883462906, -0.597143471241, 5.6681637764, 7.70471000671, 6.28787231445], [60.286315918, -13.7993631363, 103.417198181, 48.8121604919, 30.5214881897, 111.426811218, 39.2100143433, 11.3409137726, 0.63081163168, 2.16260910034, 4.41353178024, 17.5454139709, 7.0821480751], [-25.9145622253, -4.71010112762, -31.722328186, -15.7630996704, -12.051276207, 39.2100143433, 113.802230835, 29.5864467621, 10.0234012604, -5.20422554016, 10.2269239426, 5.04523229599, 9.58986854553], [-26.6874904633, -57.1763076782, -67.2252883911, -29.555223465, -28.2204990387, 11.3409137726, 29.5864467621, 105.735992432, 25.5794696808, 8.57266902924, -5.85994672775, -4.46590328217, -1.32745015621], [-40.6136741638, -21.7412071228, -21.0022659302, -6.19586038589, 5.72883462906, 0.63081163168, 10.0234012604, 25.5794696808, 76.5645675659, 19.9807987213, 5.65860462189, -0.6377851367, 10.9773330688], [9.34414386749, -4.82108783722, -20.3787727356, 2.38133645058, -0.597143471241, 2.16260910034, -5.20422554016, 8.57266902924, 19.9807987213, 68.306968689, 26.5045566559, 7.8227891922, -1.69954168797], [95.7136306763, -8.93313884735, 12.5621109009, 0.173936799169, 5.6681637764, 4.41353178024, 10.2269239426, -5.85994672775, 5.65860462189, 26.5045566559, 78.7447738647, 23.3126621246, 9.33576488495], [67.5619354248, -24.8454189301, 36.0102233887, 18.7415027618, 7.70471000671, 17.5454139709, 5.04523229599, -4.46590328217, -0.6377851367, 7.8227891922, 23.3126621246, 78.2600021362, 25.3037948608], [11.3397512436, -8.37724971771, 0.734547555447, 8.55502986908, 6.28787231445, 7.0821480751, 9.58986854553, -1.32745015621, 10.9773330688, -1.69954168797, 9.33576488495, 25.3037948608, 60.0617828369]], "icov": [[0.000388820859371, -1.9477763999e-05, -0.000425592152169, 0.000190299499081, -0.000326074310578, 0.000266605289653, -3.41208033205e-05, -0.000324769294821, 0.0002934873919, -9.26092398004e-05, -0.00037388029159, -9.46912987274e-05, -5.53100799152e-05], [-1.9477763999e-05, 0.00124814757146, 5.74370060349e-05, -0.00110801623669, -0.000247727730311, 0.000721610267647, -0.000531046011019, 0.000382069090847, 0.000245364848524, -0.000133873763843, 9.36742217164e-05, 0.000531663594302, 8.17858526716e-05], [-0.000425592152169, 5.74370060349e-05, 0.00217963615432, -0.00168005586602, -0.000452266511275, -0.00119579595048, 0.000488132442115, 0.000715358532034, -0.000322547071846, 0.000891159987077, -2.7911255529e-05, -0.000165692195878, 0.000585542293265], [0.000190299499081, -0.00110801623669, -0.00168005586602, 0.00663721933961, -0.00219188421033, -0.00100036419462, 0.000635568518192, -0.00044698145939, 0.000419093179516, -0.00101409223862, 0.000631135306321, -0.000801185611635, -0.000745100551285], [-0.000326074310578, -0.000247727730311, -0.000452266511275, -0.00219188421033, 0.0102137178183, -0.00185599026736, 0.000938439974561, 0.0020208733622, -0.00217310362495, 0.00062630570028, -0.000327481917338, 0.000538775115274, -0.000372039270587], [0.000266605289653, 0.000721610267647, -0.00119579595048, -0.00100036419462, -0.00185599026736, 0.0131215890869, -0.00492466706783, -0.00135332543869, 0.00137788453139, -0.00146054150537, 0.000819481676444, -0.0018004415324, -5.11176440341e-05], [-3.41208033205e-05, -0.000531046011019, 0.000488132442115, 0.000635568518192, 0.000938439974561, -0.00492466706783, 0.0119295185432, -0.00244730780832, -0.00110204180237, 0.00265629612841, -0.00241925963201, 0.000408206746215, -0.00115987204481], [-0.000324769294821, 0.000382069090847, 0.000715358532034, -0.00044698145939, 0.0020208733622, -0.00135332543869, -0.00244730780832, 0.012438332662, -0.00390737922862, -0.000989467604086, 0.00189523596782, 0.000317477417411, 0.00104099733289], [0.0002934873919, 0.000245364848524, -0.000322547071846, 0.000419093179516, -0.00217310362495, 0.00137788453139, -0.00110204180237, -0.00390737922862, 0.0166678894311, -0.00498066330329, 0.000153847693582, 0.00142015505116, -0.00373180792667], [-9.26092398004e-05, -0.000133873763843, 0.000891159987077, -0.00101409223862, 0.00062630570028, -0.00146054150537, 0.00265629612841, -0.000989467604086, -0.00498066330329, 0.0195498112589, -0.0066798501648, -0.000970826833509, 0.00270380801521], [-0.00037388029159, 9.36742217164e-05, -2.7911255529e-05, 0.000631135306321, -0.000327481917338, 0.000819481676444, -0.00241925963201, 0.00189523596782, 0.000153847693582, -0.0066798501648, 0.0170688983053, -0.0037939324975, -0.000911971030291], [-9.46912987274e-05, 0.000531663594302, -0.000165692195878, -0.000801185611635, 0.000538775115274, -0.0018004415324, 0.000408206746215, 0.000317477417411, 0.00142015505116, -0.000970826833509, -0.0037939324975, 0.0169961471111, -0.00655181426555], [-5.53100799152e-05, 8.17858526716e-05, 0.000585542293265, -0.000745100551285, -0.000372039270587, -5.11176440341e-05, -0.00115987204481, 0.00104099733289, -0.00373180792667, 0.00270380801521, -0.000911971030291, -0.00655181426555, 0.0206840857863]]}, "silence_rate_20dB": {"dvar2": 0, "var": 0, "min": 1, "dmean": 0, "mean": 1, "max": 1, "dmean2": 0, "median": 1, "dvar": 0}, "melbands_kurtosis": {"dvar2": 511.309509277, "var": 358.434967041, "min": -1.32165908813, "dmean": 7.84444284439, "mean": 15.6669158936, "max": 370.434417725, "dmean2": 12.5642166138, "median": 9.91694355011, "dvar": 203.286087036}, "barkbands_spread": {"dvar2": 107.028846741, "var": 127.057830811, "min": 1.0637049675, "dmean": 4.79117965698, "mean": 17.5780467987, "max": 95.8590774536, "dmean2": 7.37382221222, "median": 15.2502918243, "dvar": 45.8675537109}, "erbbands_skewness": {"dvar2": 0.170661196113, "var": 0.326614528894, "min": -3.02090811729, "dmean": 0.28140604496, "mean": 0.426776945591, "max": 4.64502906799, "dmean2": 0.43711706996, "median": 0.407594263554, "dvar": 0.0744010880589}, "average_loudness": 0.948895633221, "spectral_centroid": {"dvar2": 119250.617188, "var": 335515.90625, "min": 217.316757202, "dmean": 190.690185547, "mean": 1087.51574707, "max": 11023.6894531, "dmean2": 297.064453125, "median": 934.25402832, "dvar": 57177.7890625}, "dissonance": {"dvar2": 0.000557103718165, "var": 0.00052997469902, "min": 0.353274941444, "dmean": 0.0154403746128, "mean": 0.466427743435, "max": 0.499999880791, "dmean2": 0.0259948763996, "median": 0.470502793789, "dvar": 0.000203368050279}, "erbbands_flatness_db": {"dvar2": 0.000436101690866, "var": 0.00216046720743, "min": 0.0544792786241, "dmean": 0.015069656074, "mean": 0.160116478801, "max": 0.362651407719, "dmean2": 0.0209519155324, "median": 0.156381577253, "dvar": 0.000238744731178}, "spectral_strongpeak": {"dvar2": 0.916237533092, "var": 0.756905436516, "min": 0, "dmean": 0.446174561977, "mean": 0.963090121746, "max": 10.9952945709, "dmean2": 0.738814294338, "median": 0.706042408943, "dvar": 0.385403126478}, "spectral_rms": {"dvar2": 2.77980234387e-06, "var": 4.54924975202e-06, "min": 3.21469717166e-12, "dmean": 0.000845218077302, "mean": 0.00571818044409, "max": 0.012213639915, "dmean2": 0.00135121343192, "median": 0.00600037816912, "dvar": 1.14370914162e-06}, "silence_rate_60dB": {"dvar2": 0.0133608337492, "var": 0.068911626935, "min": 0, "dmean": 0.00581733556464, "mean": 0.0744532346725, "max": 1, "dmean2": 0.0116360252723, "median": 0, "dvar": 0.00578396627679}, "melbands": {"dvar2": [4.78007532365e-05, 1.27362864077e-05, 1.48838571477e-05, 6.87710780767e-06, 2.82760061054e-06, 5.55517431167e-07, 2.1142272999e-07, 1.73223540401e-07, 8.71779377576e-08, 9.68816706859e-08, 1.22343834619e-07, 1.98759444459e-08, 3.11564569699e-08, 1.41296947476e-08, 1.0231262948e-08, 1.20252687807e-08, 1.27322685728e-08, 5.23937071506e-09, 2.38527242402e-09, 1.17472842565e-09, 7.77221176307e-10, 5.126165048e-10, 3.35522470918e-10, 1.99149682856e-10, 1.20668544601e-10, 1.05099595693e-10, 1.0599331135e-10, 1.58632440517e-10, 7.65243562961e-11, 9.41046476854e-11, 1.11501363698e-10, 3.23099130783e-10, 1.84940923686e-10, 8.11600300854e-11, 4.5380633279e-11, 6.45770992236e-10, 2.42230374647e-10, 2.30110600713e-11, 1.40353171793e-11, 2.5626144002e-12], "var": [1.18055277198e-05, 3.8802504605e-06, 1.10130522444e-05, 5.99340228291e-06, 3.19541891258e-06, 1.46394006606e-06, 2.13325193954e-07, 1.53494866595e-07, 7.87841045735e-08, 1.33967333227e-07, 2.47986065