{"tonal": {"thpcp": [1, 0.93695962429, 0.494182556868, 0.238191723824, 0.217894747853, 0.508980333805, 0.930753409863, 0.821470618248, 0.430464744568, 0.291773051023, 0.280851453543, 0.261675298214, 0.227257668972, 0.286078840494, 0.545510947704, 0.896522939205, 0.862598657608, 0.434832930565, 0.159679755569, 0.158698782325, 0.386988520622, 0.8241558671, 0.904970407486, 0.48944580555, 0.175687044859, 0.112578719854, 0.237718686461, 0.556932985783, 0.775962531567, 0.7385815382, 0.877037584782, 0.835959374905, 0.392255872488, 0.155867740512, 0.199709713459, 0.550819098949], "hpcp": {"dmean2": [0.0989215448499, 0.116867333651, 0.168051064014, 0.177123099566, 0.176228165627, 0.138918027282, 0.0810409262776, 0.0827048048377, 0.13056999445, 0.167930394411, 0.179610475898, 0.153563767672, 0.0808533579111, 0.0636890754104, 0.0899029374123, 0.147093638778, 0.186626046896, 0.19444912672, 0.217919409275, 0.187955930829, 0.12590265274, 0.077011525631, 0.095628105104, 0.172509849072, 0.214818298817, 0.21941293776, 0.17071634531, 0.118394158781, 0.105135090649, 0.153743937612, 0.177889108658, 0.173784852028, 0.135198190808, 0.111148960888, 0.092306651175, 0.0968229621649], "median": [0.00342133943923, 0.00529495021328, 0.00919392891228, 0.0162391867489, 0.0143967214972, 0.00569873303175, 0.0018957562279, 0.00143376633059, 0.00372047023848, 0.0113525316119, 0.0138144595549, 0.00629527401179, 0.00135657098144, 0.000802374095656, 0.00279418448918, 0.0092471158132, 0.0160254202783, 0.0298561919481, 0.0219710934907, 0.00662980414927, 0.00243678735569, 0.0012517607538, 0.0016884499928, 0.00703947898, 0.0239740964025, 0.0237332396209, 0.00638015614823, 0.00220408802852, 0.00247252965346, 0.00574199017137, 0.0128797478974, 0.0158478915691, 0.00786167662591, 0.00272173667327, 0.00188174925279, 0.00216154148802], "min": [0, 0, 0, 0, 0, 0, 0, 0, 0, 0, 0, 0, 0, 0, 0, 0, 0, 0, 0, 0, 0, 0, 0, 0, 0, 0, 0, 0, 0, 0, 0, 0, 0, 0, 0, 0], "dvar2": [0.0699283480644, 0.0753679275513, 0.100660599768, 0.0964052006602, 0.0995953455567, 0.0820851400495, 0.0553377754986, 0.0569295473397, 0.0729375556111, 0.0864328816533, 0.0921059846878, 0.0833586007357, 0.0454737395048, 0.0402282103896, 0.0463654845953, 0.0719994157553, 0.0958626940846, 0.0879911854863, 0.105604141951, 0.101525001228, 0.0665609240532, 0.0448360331357, 0.0566485971212, 0.0975619480014, 0.112372115254, 0.116566874087, 0.0908002853394, 0.0823091492057, 0.0640330091119, 0.0878827422857, 0.0956221967936, 0.0893196314573, 0.0703878849745, 0.0770078003407, 0.0591184310615, 0.0720885768533], "dvar": [0.0246783811599, 0.0275757536292, 0.0397242493927, 0.0404250472784, 0.0398602448404, 0.0309297721833, 0.0195535924286, 0.0197255052626, 0.0282314885408, 0.0354948304594, 0.0385334677994, 0.0334549024701, 0.0172595307231, 0.0141200963408, 0.0168370883912, 0.0286259166896, 0.0372778847814, 0.0362292081118, 0.0407695360482, 0.0401197336614, 0.025081589818, 0.0164151862264, 0.020488396287, 0.0392477884889, 0.0457855463028, 0.0457762628794, 0.0359545089304, 0.0301944948733, 0.0225541032851, 0.0332508608699, 0.0407529696822, 0.0374671332538, 0.0273312721401, 0.0278074853122, 0.0217833667994, 0.0262781903148], "dmean": [0.0538688711822, 0.0660683214664, 0.0970108509064, 0.106344103813, 0.104905337095, 0.0797227919102, 0.0443139858544, 0.0442452095449, 0.0756840333343, 0.0997897982597, 0.107405737042, 0.0900438949466, 0.0454339645803, 0.0339150093496, 0.0498856008053, 0.0856885239482, 0.108834527433, 0.114653274417, 0.128269672394, 0.110481537879, 0.073023237288, 0.0425414815545, 0.0527888610959, 0.102470330894, 0.126950472593, 0.130198538303, 0.10050457716, 0.064917050302, 0.0580186210573, 0.0889722183347, 0.105722546577, 0.104721970856, 0.0796603783965, 0.0613123700023, 0.0525627285242, 0.0536017306149], "max": [1, 1, 1, 1, 1, 1, 1, 1, 1, 1, 1, 1, 1, 1, 1, 1, 1, 1, 1, 1, 1, 1, 1, 1, 1, 1, 1, 1, 1, 1, 1, 1, 1, 1, 1, 1], "var": [0.0218380540609, 0.0263836011291, 0.0559701956809, 0.0969144105911, 0.0944279655814, 0.0414271317422, 0.0141047248617, 0.0146787753329, 0.0349508747458, 0.086365789175, 0.0962212979794, 0.0441493056715, 0.0144762229174, 0.00933316070586, 0.0196665227413, 0.050077997148, 0.0746947899461, 0.0621006377041, 0.0809523388743, 0.0900996103883, 0.0311844665557, 0.0131952827796, 0.0166342332959, 0.0536778047681, 0.100843422115, 0.0909864157438, 0.0422393046319, 0.0231688488275, 0.0175712183118, 0.0476906821132, 0.104134164751, 0.0845991373062, 0.0392628796399, 0.0304754208773, 0.0312278028578, 0.0303916316479], "mean": [0.0463670641184, 0.0583682693541, 0.111299835145, 0.182916328311, 0.175994798541, 0.088718354702, 0.0325792394578, 0.032379090786, 0.0789567306638, 0.168151378632, 0.184639856219, 0.0998609438539, 0.0358451828361, 0.0229692794383, 0.0485014133155, 0.113630257547, 0.158318549395, 0.150691762567, 0.178940758109, 0.170559629798, 0.0800314173102, 0.0318014770746, 0.0407464951277, 0.112382858992, 0.204028606415, 0.191166564822, 0.100827381015, 0.0485979244113, 0.0444567613304, 0.103846549988, 0.189900323749, 0.167603507638, 0.0878271237016, 0.0595300495625, 0.0573017336428, 0.0533892437816]}, "tuning_equal_tempered_deviation": 0.205466285348, "chords_changes_rate": 0.0638761743903, "key_key": "D#", "tuning_diatonic_strength": 0.685329794884, "key_scale": "major", "chords_number_rate": 0.00283409631811, "tuning_frequency": 436.456176758, "tuning_nontempered_energy_ratio": 0.88991111517, "chords_histogram": [3.85873126984, 6.7146282196, 28.2973613739, 1.80946147442, 7.56485700607, 1.13363850117, 1.11183774471, 0.0218007415533, 5.29758024216, 0.305210381746, 0, 0, 0.915631115437, 0, 0, 0, 0.414214074612, 1.22084152699, 0, 1.74405932426, 0.0872029662132, 5.34118175507, 7.39045143127, 26.7713108063], "key_strength": 0.765326917171, "chords_key": "A#", "chords_strength": {"dmean2": 0.0118775013834, "median": 0.559790372849, "min": -1, "dvar2": 0.000925227650441, "dvar": 0.000513103383128, "dmean": 0.0128261083737, "max": 0.867922782898, "var": 0.03370975703, "mean": 0.55276787281}, "chords_scale": "major", "hpcp_entropy": {"dmean2": 0.954449892044, "median": 1.62621057034, "min": 0, "dvar2": 0.622375667095, "dvar": 0.238935709, "dmean": 0.561831235886, "max": 4.22241067886, "var": 0.507760107517, "mean": 1.57697081566}}, "metadata": {"audio_properties": {"equal_loudness": 0, "codec": "flac", "downmix": "mix", "sample_rate": 44100, "analysis_sample_rate": 44100, "bit_rate": 0, "md5_encoded": "1a3fd99628ea4c60b60a9c410af23607", "length": 212.960006714, "replay_gain": -10.6635017395, "lossless": true}, "version": {"essentia_build_sha": "70f2e5ece6736b2c40cc944ad0e695b16b925413", "essentia": "2.1-beta2", "extractor": "music 1.0", "essentia_git_sha": "v2.1_beta2"}, "tags": {"title": ["So Much in Love"], "barcode": ["075678258824"], "media": ["CD"], "albumartist": ["All-4-One"], "tracktotal": ["11"], "musicbrainz_releasegroupid": ["c58134ba-f061-3a4e-b7f7-1da9ac140e27"], "releasetype": ["album"], "musicbrainz_recordingid": ["0afd834c-2eec-4f00-9429-9492ab8b368f"], "mood": ["Slow", "Soft"], "musicbrainz_albumartistid": ["ef9df4c9-0e76-451b-b174-2244bcc31f0c"], "originalyear": ["1994"], "musicbrainz_releasetrackid": ["6a4fd87f-81b7-3d74-a72f-d106528eac53"], "discnumber": ["1"], "totaldiscs": ["1"], "catalognumber": ["7567-82588-2"], "releasecountry": ["DE"], "file_name": "01 So Much in Love.flac", "website": ["http://www.all4onelive.com/"], "originaldate": ["1994-04-12"], "albumartistsort": ["All-4-One"], "date": ["1994"], "genre": ["R&b"], "musicbrainz_albumid": ["b26904e5-d0fe-400f-99a5-ffcab9306958"], "disctotal": ["1"], "musicbrainz_artistid": ["ef9df4c9-0e76-451b-b174-2244bcc31f0c"], "asin": ["B000002IYI"], "grouping": ["Pop"], "artist": ["All-4-One"], "tracknumber": ["1"], "artistsort": ["All-4-One"], "album": ["All-4-One"], "label": ["Atlantic"], "releasestatus": ["official"], "acoustid_id": ["2d6f3ace-d397-41db-9c89-5620d41399a2"], "script": ["Latn"], "totaltracks": ["11"]}}, "rhythm": {"bpm_histogram_first_peak_bpm": {"dmean2": 0, "median": 140, "min": 140, "dvar2": 0, "dvar": 0, "dmean": 0, "max": 140, "var": 0, "mean": 140}, "bpm": 139.712646484, "bpm_histogram_second_peak_spread": {"dmean2": 0, "median": 0.103448331356, "min": 0.103448331356, "dvar2": 0, "dvar": 0, "dmean": 0, "max": 0.103448331356, "var": 0, "mean": 0.103448331356}, "bpm_histogram_first_peak_weight": {"dmean2": 0, "median": 0.345844507217, "min": 0.345844507217, "dvar2": 0, "dvar": 0, "dmean": 0, "max": 0.345844507217, "var": 0, "mean": 0.345844507217}, "onset_rate": 2.16458940506, "beats_position": [0.870748281479, 1.75310659409, 2.63546490669, 3.51782298088, 4.41179132462, 5.30575942993, 6.19972801208, 7.0936961174, 7.98766422272, 8.88163280487, 9.76399040222, 10.6579589844, 11.5403175354, 12.4110651016, 13.2702035904, 14.1409521103, 15.0117006302, 15.8592290878, 16.7183666229, 17.5775051117, 18.4366436005, 19.2957820892, 20.154920578, 21.0024490356, 21.8615875244, 22.7091159821, 23.5682544708, 24.4273910522, 25.286529541, 26.1456680298, 27.0048065186, 27.8639450073, 28.7230834961, 29.5822219849, 30.4297504425, 31.2888889313, 32.1596374512, 33.0187759399, 33.8779144287, 34.7370529175, 35.5961914062, 36.455329895, 37.3028564453, 38.1503829956, 39.0095214844, 39.8686599731, 40.7277984619, 41.5869369507, 42.4460754395, 43.3052139282, 44.1759643555, 45.0351028442, 45.894241333, 46.7417678833, 47.5892944336, 48.4368247986, 49.2959632874, 50.1551017761, 51.0026283264, 51.8617668152, 52.7325172424, 53.5800437927, 54.4391822815, 55.2983207703, 56.157459259, 57.0049858093, 57.8641242981, 58.7232627869, 59.5824012756, 60.4415397644, 61.3006782532, 62.1598167419, 63.0189552307, 63.8780937195, 64.7372360229, 65.5847625732, 66.4322891235, 67.2914276123, 68.1505661011, 69.0097045898, 69.8688430786, 70.7279815674, 71.5871200562, 72.4462585449, 73.3053970337, 74.152923584, 75.0004501343, 75.859588623, 76.7187271118, 77.5778656006, 78.4370040894, 79.2961425781, 80.1552810669, 81.0144195557, 81.8735580444, 82.7326965332, 83.591835022, 84.4509735107, 85.3101119995, 86.1692504883, 87.0167770386, 87.8643035889, 88.7118377686, 89.5825805664, 90.4533309937, 91.3008575439, 92.1599960327, 93.0191345215, 93.8782730103, 94.737411499, 95.5965499878, 96.4440765381, 97.3032150269, 98.1623535156, 99.0214920044, 99.8690261841, 100.728164673, 101.378318787, 102.02848053, 102.678634644, 103.328796387, 104.002174377, 104.652336121, 105.302490234, 105.824943542, 106.347389221, 106.869842529, 107.345848083, 107.833465576, 108.321083069, 108.785484314, 109.238273621, 109.691062927, 110.132240295, 110.573425293, 111.014602661, 111.455780029, 111.87374115, 112.30330658, 112.732879639, 113.15083313, 113.580406189, 114.009971619, 114.451156616, 114.880722046, 115.310295105, 115.739860535, 116.157821655, 116.587387085, 117.016960144, 117.458137512, 117.887710571, 118.305664062, 118.723625183, 119.141586304, 119.571151733, 120.000724792, 120.430290222, 120.859863281, 121.301040649, 121.730613708, 122.160179138, 122.589744568, 123.019317627, 123.437278748, 123.866844177, 124.296417236, 124.725982666, 125.143943787, 125.573509216, 126.003082275, 126.432647705, 126.862220764, 127.291786194, 127.709747314, 128.162536621, 128.603713989, 129.044891357, 129.474472046, 129.915649414, 130.333602905, 130.751556396, 131.169525146, 131.587478638, 132.017044067, 132.446624756, 132.876190186, 133.317367554, 133.758544922, 134.19972229, 134.652511597, 135.093688965, 135.488433838, 135.883178711, 136.277908325, 136.719085693, 137.148666382, 137.578231812, 138.007797241, 138.437362671, 138.878540039, 139.296508789, 139.71446228, 140.14402771, 140.573608398, 141.003173828, 141.421127319, 141.850692749, 142.280273438, 142.709838867, 143.139404297, 143.568969727, 143.998550415, 144.439727783, 144.869293213, 145.298858643, 145.728439331, 146.158004761, 146.599182129, 147.040359497, 147.400268555, 147.748565674, 148.096862793, 148.445159912, 148.781860352, 149.130157471, 149.466842651, 149.815139771, 150.15184021, 150.488525391, 150.813598633, 151.138687134, 151.486984253, 151.823669434, 152.160354614, 152.508651733, 152.856964111, 153.286529541, 153.739318848, 154.192108154, 154.644897461, 155.086074829, 155.527252197, 155.980041504, 156.432830811, 156.86239624, 157.291976929, 157.721542358, 158.151107788, 158.580673218, 159.010253906, 159.439819336, 159.869384766, 160.298950195, 160.728515625, 161.158096313, 161.587661743, 162.028839111, 162.458404541, 162.876373291, 163.294326782, 163.723892212, 164.1534729, 164.571426392, 165.000991821, 165.442169189, 165.871749878, 166.301315308, 166.730880737, 167.172058105, 167.601623535, 168.019592285, 168.437545776, 168.867111206, 169.296691895, 169.714645386, 170.132598877, 170.562179565, 170.991744995, 171.421310425, 171.850875854, 172.268844604, 172.721633911, 173.174423218, 173.615600586, 174.033554077, 174.451522827, 174.869476318, 175.28742981, 175.728607178, 176.169799805, 176.610977173, 177.028930664, 177.446884155, 177.864852905, 178.294418335, 178.723983765, 179.153549194, 179.583129883, 180.001083374, 180.419036865, 180.848617554, 181.278182983, 181.707748413, 182.137313843, 182.566894531, 183.008071899, 183.437637329, 183.85559082, 184.285171509, 184.714736938, 185.13269043, 185.573867798, 186.003448486, 186.433013916, 186.862579346, 187.292144775, 187.721725464, 188.151290894, 188.580856323, 189.010421753, 189.440002441, 189.869567871, 190.299133301, 190.72869873, 191.158279419, 191.57623291, 192.00579834, 192.42376709, 192.85333252, 193.282897949, 193.712463379, 194.142044067, 194.571609497, 195.001174927, 195.430740356, 195.860321045, 196.289886475, 196.719451904, 197.149017334, 197.578598022, 198.008163452, 198.437728882, 198.867294312, 199.296859741, 199.738052368, 200.167617798, 200.597183228, 201.015136719, 201.444717407, 201.874282837, 202.303848267, 202.733413696, 203.162994385, 203.592559814, 204.022125244, 204.463302612, 204.90447998, 205.345672607, 205.786849976, 206.228027344, 206.68081665, 207.133605957, 207.586395264, 208.03918457, 208.491973877, 208.944763184, 209.39755249, 209.82711792, 210.25668335, 210.686248779, 211.115829468, 211.557006836, 211.998184204], "beats_loudness": {"dmean2": 0.0256324503571, "median": 0.0265616737306, "min": 0, "dvar2": 0.000556612154469, "dvar": 0.000190756472875, "dmean": 0.0152838788927, "max": 0.138115108013, "var": 0.000377704360289, "mean": 0.0276809297502}, "danceability": 0.980823397636, "bpm_histogram_second_peak_weight": {"dmean2": 0, "median": 0.278820365667, "min": 0.278820365667, "dvar2": 0, "dvar": 0, "dmean": 0, "max": 0.278820365667, "var": 0, "mean": 0.278820365667}, "beats_count": 374, "bpm_histogram_second_peak_bpm": {"dmean2": 0, "median": 70, "min": 70, "dvar2": 0, "dvar": 0, "dmean": 0, "max": 70, "var": 0, "mean": 70}, "bpm_histogram_first_peak_spread": {"dmean2": 0, "median": 0.370731711388, "min": 0.370731711388, "dvar2": 0, "dvar": 0, "dmean": 0, "max": 0.370731711388, "var": 0, "mean": 0.370731711388}, "beats_loudness_band_ratio": {"dmean2": [0.330058187246, 0.372050464153, 0.300223320723, 0.115640513599, 0.0244932379574, 0.0517924055457], "median": [0.372751802206, 0.351342856884, 0.178559869528, 0.0194550827146, 0.00693989731371, 0.00545454397798], "min": [0, 0, 0, 0, 0, 0], "dvar2": [0.0670158192515, 0.0841654017568, 0.0739274471998, 0.0353958643973, 0.0010065381648, 0.0144879044965], "dvar": [0.0236161053181, 0.0287420917302, 0.0254478678107, 0.0116841252893, 0.000367237953469, 0.00483333924785], "dmean": [0.191901549697, 0.21256481111, 0.173935160041, 0.0628144219518, 0.013676520437, 0.027516817674], "max": [0.946884870529, 0.943123817444, 0.899756968021, 0.59967315197, 0.170319318771, 0.597380280495], "var": [0.0495843589306, 0.0493060685694, 0.0409807600081, 0.00792214181274, 0.000372341979528, 0.00304645835422], "mean": [0.367648124695, 0.380774378777, 0.237406864762, 0.051320143044, 0.0130740813911, 0.0197273492813]}}, "lowlevel": {"barkbands_spread": {"dmean2": 4.50312376022, "median": 6.06372451782, "min": 0.274189323187, "dvar2": 96.8006896973, "dvar": 47.6707115173, "dmean": 3.05230760574, "max": 136.863265991, "var": 191.040252686, "mean": 9.98100757599}, "melbands_spread": {"dmean2": 4.61930990219, "median": 6.39141845703, "min": 0.342434346676, "dvar2": 171.919235229, "dvar": 80.4639511108, "dmean": 3.06446409225, "max": 249.862960815, "var": 343.506591797, "mean": 10.7223587036}, "hfc": {"dmean2": 3.94173383713, "median": 7.81567430496, "min": 1.11196129505e-16, "dvar2": 45.8328475952, "dvar": 21.3327083588, "dmean": 2.68968033791, "max": 120.890914917, "var": 121.843109131, "mean": 10.7225656509}, "barkbands_kurtosis": {"dmean2": 9.0479888916, "median": 12.456659317, "min": -1.92355775833, "dvar2": 209.946762085, "dvar": 112.256210327, "dmean": 6.0792388916, "max": 723.751220703, "var": 512.290405273, "mean": 18.1357746124}, "gfcc": {"mean": [-85.9449310303, 106.700942993, -79.6558761597, 13.5468053818, -75.6912002563, 0.968253493309, -50.2395210266, 2.45468068123, -28.5561485291, -3.807741642, -8.55571746826, -10.2761468887, -16.472782135], "icov": [[0.000199174610316, -0.000522276677657, 0.00041558832163, -0.000448017759481, 0.000758130685426, -0.00055452180095, 0.000732419954147, -0.00056127080461, 0.00056120910449, -0.000480040878756, 0.000693132984452, -0.00046553381253, 0.000216371860006], [-0.000522276677657, 0.00241019227542, -0.000962237885688, 0.00128342432436, -0.00222654617392, 0.0015608741669, -0.00218720454723, 0.00236849603243, -0.00207788520493, 0.00224796612747, -0.00270439567976, 0.0019880332984, -0.000190065853531], [0.00041558832163, -0.000962237885688, 0.00336708058603, -0.00161290599499, 0.000742213916965, -0.00190628133714, 0.00178013148252, -0.000346407905454, 0.00145106273703, -0.000521498324815, 0.0015170504339, -0.00166405772325, 0.00157306110486], [-0.000448017759481, 0.00128342432436, -0.00161290599499, 0.0040887366049, -0.00302547519095, 0.00143597321585, -0.000491225160658, 0.000903250882402, -0.00103521719575, 0.000795529398602, -0.000805887568276, -0.000844720576424, -0.000129190622829], [0.000758130685426, -0.00222654617392, 0.000742213916965, -0.00302547519095, 0.00736668240279, -0.00180142640602, 0.00171964045148, -0.00192303664517, -1.72301133716e-05, -0.00149425643031, 0.0029288334772, -0.00157786870841, 2.64338068519e-05], [-0.00055452180095, 0.0015608741669, -0.00190628133714, 0.00143597321585, -0.00180142640602, 0.0069025317207, -0.00446795392781, 0.00128381466493, -0.00178201845847, 0.00016877039161, -0.00111830793321, 0.00278900214471, -0.00136135390494], [0.000732419954147, -0.00218720454723, 0.00178013148252, -0.000491225160658, 0.00171964045148, -0.00446795392781, 0.00812334101647, -0.00308049307205, 0.00214580912143, -0.00302071706392, 0.00239279842936, -0.00424542697147, 0.00112847250421], [-0.00056127080461, 0.00236849603243, -0.000346407905454, 0.000903250882402, -0.00192303664517, 0.00128381466493, -0.00308049307205, 0.010743804276, -0.004223249387, 0.00214739632793, -0.0026717572473, 0.00329557480291, 0.000205081945751], [0.00056120910449, -0.00207788520493, 0.00145106273703, -0.00103521719575, -1.72301133716e-05, -0.00178201845847, 0.00214580912143, -0.004223249387, 0.0105771822855, -0.00444601243362, 0.00303374440409, -0.00185944698751, -0.00145227927715], [-0.000480040878756, 0.00224796612747, -0.000521498324815, 0.000795529398602, -0.00149425643031, 0.00016877039161, -0.00302071706392, 0.00214739632793, -0.00444601243362, 0.0109593393281, -0.00504722772166, 0.00226199068129, 0.00015637803881], [0.000693132984452, -0.00270439567976, 0.0015170504339, -0.000805887568276, 0.0029288334772, -0.00111830793321, 0.00239279842936, -0.0026717572473, 0.00303374440409, -0.00504722772166, 0.0150549095124, -0.0057857404463, 0.00196236022748], [-0.00046553381253, 0.0019880332984, -0.00166405772325, -0.000844720576424, -0.00157786870841, 0.00278900214471, -0.00424542697147, 0.00329557480291, -0.00185944698751, 0.00226199068129, -0.0057857404463, 0.0125481551513, -0.00392503943294], [0.000216371860006, -0.000190065853531, 0.00157306110486, -0.000129190622829, 2.64338068519e-05, -0.00136135390494, 0.00112847250421, 0.000205081945751, -0.00145227927715, 0.00015637803881, 0.00196236022748, -0.00392503943294, 0.0121975727379]], "cov": [[23999.0683594, 2054.70336914, -1249.5690918, -4.58505582809, -1519.20617676, -34.4543647766, -1017.29058838, 79.1952514648, -599.4375, -178.034790039, -190.215499878, -389.093200684, -304.059326172], [2054.70336914, 1282.21411133, -49.0347633362, -105.93510437, 48.1919021606, -45.1308250427, 10.4486217499, -89.657623291, 22.9094524384, -93.9766464233, 47.8768577576, -67.9470672607, -41.5019035339], [-1249.5690918, -49.0347633362, 595.981506348, 253.724319458, 166.635375977, 20.6617069244, -27.1705188751, -61.4005661011, -17.3353176117, -35.1750869751, -13.0776987076, 71.0811004639, -23.9165763855], [-4.58505582809, -105.93510437, 253.724319458, 570.909973145, 200.935577393, -66.9999923706, -92.090133667, -26.6174907684, 12.7967061996, -25.6178817749, -20.0928573608, 105.655555725, 11.893321991], [-1519.20617676, 48.1919021606, 166.635375977, 200.935577393, 380.066680908, 16.0428981781, 57.0797462463, -1.97649240494, 98.6465988159, 8.06689929962, -10.1618900299, 55.1339111328, 35.0754470825], [-34.4543647766, -45.1308250427, 20.6617069244, -66.9999923706, 16.0428981781, 287.388916016, 152.855499268, 34.4946022034, 42.3456115723, 63.8898544312, -8.74870204926, -20.3290672302, 12.9409446716], [-1017.29058838, 10.4486217499, -27.1705188751, -92.090133667, 57.0797462463, 152.855499268, 326.345672607, 40.0218467712, 59.5921707153, 74.6394500732, 27.0030269623, 38.2755508423, 20.9189376831], [79.1952514648, -89.657623291, -61.4005661011, -26.6174907684, -1.97649240494, 34.4946022034, 40.0218467712, 144.055755615, 46.5969581604, 25.3173084259, -2.98334956169, -23.8493099213, 0.593077480793], [-599.4375, 22.9094524384, -17.3353176117, 12.7967061996, 98.6465988159, 42.3456115723, 59.5921707153, 46.5969581604, 179.268692017, 57.0962600708, -0.598626315594, 10.7919273376, 35.7585029602], [-178.034790039, -93.9766464233, -35.1750869751, -25.6178817749, 8.06689929962, 63.8898544312, 74.6394500732, 25.3173084259, 57.0962600708, 154.843688965, 30.3417949677, 4.03023529053, 6.96930217743], [-190.215499878, 47.8768577576, -13.0776987076, -20.0928573608, -10.1618900299, -8.74870204926, 27.0030269623, -2.98334956169, -0.598626315594, 30.3417949677, 104.499664307, 34.2077980042, -4.07308530807], [-389.093200684, -67.9470672607, 71.0811004639, 105.655555725, 55.1339111328, -20.3290672302, 38.2755508423, -23.8493099213, 10.7919273376, 4.03023529053, 34.2077980042, 151.351257324, 36.6998558044], [-304.059326172, -41.5019035339, -23.9165763855, 11.893321991, 35.0754470825, 12.9409446716, 20.9189376831, 0.593077480793, 35.7585029602, 6.96930217743, -4.07308530807, 36.6998558044, 105.996925354]]}, "spectral_energyband_middle_low": {"dmean2": 0.00754837971181, "median": 0.0150366313756, "min": 1.64211002592e-22, "dvar2": 0.000112790286948, "dvar": 4.74602347822e-05, "dmean": 0.00506596500054, "max": 0.143860533834, "var": 0.000295539415674, "mean": 0.0192407295108}, "melbands_crest": {"dmean2": 3.99918174744, "median": 15.0773859024, "min": 1.55321097374, "dvar2": 15.3248062134, "dvar": 6.16629266739, "dmean": 2.57618045807, "max": 37.9597053528, "var": 29.3111057281, "mean": 15.9271755219}, "spectral_kurtosis": {"dmean2": 2.9330804348, "median": 6.96175193787, "min": -1.31463122368, "dvar2": 8.53006076813, "dvar": 3.36700153351, "dmean": 1.8036698103, "max": 34.6370353699, "var": 17.9099674225, "mean": 7.24216270447}, "spectral_rms": {"dmean2": 0.000756756344344, "median": 0.0045720404014, "min": 3.13285248438e-12, "dvar2": 6.80170956002e-07, "dvar": 3.12048058504e-07, "dmean": 0.000522379064932, "max": 0.012052917853, "var": 4.33966488345e-06, "mean": 0.00442548375577}, "zerocrossingrate": {"dmean2": 0.00856576580554, "median": 0.0263671875, "min": 0, "dvar2": 0.00022638469818, "dvar": 0.000185817945749, "dmean": 0.00722003588453, "max": 0.53369140625, "var": 0.00357433687896, "mean": 0.0402787588537}, "silence_rate_60dB": {"dmean2": 0.030531020835, "median": 0, "min": 0, "dvar2": 0.0326525345445, "dvar": 0.0150316720828, "dmean": 0.0152638461441, "max": 1, "var": 0.0984933450818, "mean": 0.110759839416}, "erbbands_kurtosis": {"dmean2": 4.30809783936, "median": 4.55570602417, "min": -1.94668376446, "dvar2": 26.3254241943, "dvar": 11.8114280701, "dmean": 2.80098724365, "max": 82.6690750122, "var": 40.6751937866, "mean": 6.01599025726}, "erbbands": {"dmean2": [0.004693149589, 0.143754824996, 0.879758894444, 2.12630653381, 5.43054819107, 11.6837339401, 22.7041168213, 24.7491512299, 19.0666103363, 25.2676925659, 43.9331130981, 22.4762325287, 14.7325124741, 11.9139347076, 4.36974668503, 5.31541156769, 4.68966531754, 6.74436950684, 4.8907585144, 2.12540006638, 1.15786194801, 1.11801683903, 1.7705924511, 2.73051524162, 1.78445267677, 1.25902831554, 0.654943466187, 0.776845276356, 0.70354372263, 0.714902997017, 0.739335477352, 1.01388025284, 0.967567384243, 0.463324487209, 0.182747900486, 0.0554768182337, 0.0119049642235, 0.00131712667644, 0.000117494681035, 1.4610684957e-05], "median": [0.00346766854636, 0.0624553784728, 1.30748808384, 2.76993846893, 4.22340011597, 7.88663625717, 15.8817930222, 16.6513442993, 10.520693779, 7.25433635712, 11.7132835388, 6.16194677353, 2.72484850883, 2.21788358688, 1.65895831585, 1.71497309208, 1.53404068947, 1.64144587517, 1.14315259457, 0.74307769537, 0.424494117498, 0.377461701632, 0.671047389507, 0.916715681553, 0.785109043121, 0.522436976433, 0.230056092143, 0.19894580543, 0.160275623202, 0.211973458529, 0.309781581163, 0.329493969679, 0.196099758148, 0.071914114058, 0.0307320039719, 0.0133589673787, 0.00299387145787, 0.00040636677295, 5.2940180467e-05, 2.82879609586e-05], "min": [7.39993054735e-23, 4.57764295537e-22, 1.8037200342e-21, 4.51226902979e-21, 1.60554819856e-20, 2.8096184707e-20, 3.68252956955e-20, 9.38533921781e-20, 7.2479310106e-20, 1.02146873021e-19, 2.43682109332e-19, 3.67433653945e-19, 5.79926297896e-19, 4.02266617281e-19, 9.80706575014e-19, 1.19458353157e-18, 1.66008241981e-18, 2.12902558473e-18, 2.60643597719e-18, 2.74590338476e-18, 3.04900407469e-18, 4.16947211997e-18, 5.28088605307e-18, 6.37574396621e-18, 6.99316439672e-18, 9.2194614584e-18, 9.94484922477e-18, 8.19399324531e-18, 1.03790859591e-17, 1.05408857957e-17, 1.11129887227e-17, 1.10611335973e-17, 1.07373626979e-17, 8.16227252318e-18, 5.66523056161e-18, 3.87397921693e-18, 1.95586607684e-18, 9.69773728858e-19, 2.54512876231e-19, 2.7773858918e-20], "dvar2": [0.000356547505362, 0.24647821486, 6.4211640358, 19.767911911, 129.802963257, 805.327636719, 1824.81274414, 2798.27783203, 1931.59399414, 7113.08447266, 15875.6796875, 4521.53808594, 3720.64868164, 3456.83032227, 152.146636963, 404.300140381, 329.856201172, 485.228485107, 493.637390137, 54.5864334106, 12.466129303, 30.2629928589, 29.626832962, 59.6791038513, 19.5160427094, 31.7860279083, 7.95421123505, 10.8938970566, 7.04663705826, 6.73692655563, 5.32974433899, 15.5806512833, 33.5223770142, 7.09080886841, 0.858761548996, 0.0536438077688, 0.00262063532136, 3.24629472743e-05, 2.30842005067e-07, 2.48437070915e-09], "dvar": [0.000145698621054, 0.0947659537196, 2.18100094795, 9.1637430191, 53.2254066467, 305.864776611, 792.620056152, 1168.8840332, 919.228393555, 3055.38793945, 6941.76513672, 2123.67822266, 1679.8795166, 1822.68103027, 71.0754470825, 177.326599121, 143.913528442, 205.599990845, 212.441940308, 26.9855251312, 5.7926363945, 18.6325969696, 11.8948850632, 27.1198253632, 8.56246376038, 12.9786558151, 3.25359010696, 4.36046934128, 2.93660616875, 2.64637684822, 2.57574677467, 7.36103773117, 16.1430873871, 3.29899835587, 0.383016496897, 0.0257362835109, 0.00122425623704, 1.52431830429e-05, 1.0560188457e-07, 8.31813451452e-10], "dmean": [0.00327395508066, 0.106567956507, 0.644338726997, 1.56365537643, 3.72821974754, 7.81706619263, 15.747882843, 16.7761898041, 13.1606588364, 16.8995227814, 28.9412097931, 15.1701488495, 10.1236848831, 7.86953306198, 2.83389854431, 3.49898695946, 3.00018930435, 4.31850099564, 3.21696352959, 1.41556227207, 0.758047521114, 0.743548214436, 1.10922849178, 1.76579892635, 1.16316616535, 0.802578687668, 0.413871198893, 0.486928939819, 0.437965720892, 0.443850338459, 0.493003606796, 0.676157057285, 0.655977606773, 0.316072911024, 0.121738903224, 0.0380365215242, 0.00805900432169, 0.000892129144631, 7.6846779848e-05, 9.64623723121e-06], "max": [0.622168958187, 9.48812103271, 34.4830360413, 80.1543731689, 170.588623047, 364.609954834, 557.126159668, 1270.64538574, 675.594787598, 2047.84753418, 2901.34228516, 1590.9642334, 2740.64160156, 3090.06030273, 356.475128174, 643.448608398, 534.993713379, 532.714660645, 746.866394043, 256.59677124, 107.294914246, 318.365783691, 77.5888366699, 159.852508545, 75.6902694702, 172.106567383, 73.7687911987, 89.7784957886, 62.6950645447, 33.5117988586, 53.3217544556, 109.035903931, 159.034194946, 76.549156189, 23.149679184, 4.93492794037, 1.31540083885, 0.181310027838, 0.0151166953146, 0.00150574394502], "var": [0.000485384865897, 0.594264745712, 10.3050861359, 76.2506942749, 356.946807861, 1200.97729492, 2541.92773438, 3705.38623047, 2885.31591797, 8132.59326172, 28770.7148438, 13213.8291016, 6116.71972656, 6954.67089844, 278.9269104, 703.163330078, 290.654968262, 537.34753418, 1022.64862061, 84.9118881226, 17.4834747314, 63.3076705933, 19.3956794739, 70.7786712646, 22.0042724609, 15.9399166107, 4.48234176636, 6.40486907959, 5.17436361313, 4.44165992737, 8.09843635559, 20.8373241425, 31.9174442291, 5.75939798355, 0.712026834488, 0.05626828596, 0.00239762593992, 3.14997414534e-05, 1.71285094552e-07, 1.52890688998e-09], "mean": [0.00998643040657, 0.353105276823, 2.54504489899, 6.15228271484, 12.5500955582, 19.8507881165, 34.8742752075, 37.3745727539, 29.3798656464, 35.748336792, 59.4884109497, 36.2289352417, 21.6616382599, 17.091753006, 6.18001365662, 6.99969053268, 5.74741172791, 8.45116901398, 7.05555963516, 2.86961984634, 1.48099207878, 1.40503835678, 1.82252132893, 3.20393562317, 2.27979969978, 1.47345602512, 0.732142210007, 0.721322119236, 0.647146105766, 0.732389211655, 1.02477991581, 1.34167051315, 1.13715398312, 0.504245936871, 0.202124118805, 0.0702124908566, 0.0146089224145, 0.00161619356368, 0.000143848650623, 3.48398680217e-05]}, "spectral_strongpeak": {"dmean2": 0.608443200588, "median": 0.663306295872, "min": 0, "dvar2": 0.722929120064, "dvar": 0.302664339542, "dmean": 0.367738425732, "max": 10.2168388367, "var": 1.09088754654, "mean": 1.01021766663}, "spectral_energy": {"dmean2": 0.00811281148344, "median": 0.0214261449873, "min": 1.00601342592e-20, "dvar2": 0.000120210424939, "dvar": 5.17197331646e-05, "dmean": 0.00549339409918, "max": 0.148904651403, "var": 0.000383549893741, "mean": 0.0245228055865}, "average_loudness": 0.703885197639, "spectral_rolloff": {"dmean2": 402.215057373, "median": 473.73046875, "min": 21.533203125, "dvar2": 1964413, "dvar": 908802.4375, "dmean": 235.930465698, "max": 19466.015625, "var": 5540898.5, "mean": 979.558837891}, "spectral_centroid": {"dmean2": 166.386993408, "median": 476.196136475, "min": 174.883926392, "dvar2": 163516.390625, "dvar": 79061.046875, "dmean": 111.029167175, "max": 12101.3955078, "var": 1292648.375, "mean": 699.746582031}, "pitch_salience": {"dmean2": 0.088508695364, "median": 0.523669362068, "min": 0.0676473528147, "dvar2": 0.00711078476161, "dvar": 0.00286821532063, "dmean": 0.0563427619636, "max": 0.940544962883, "var": 0.0115809245035, "mean": 0.519722163677}, "spectral_energyband_middle_high": {"dmean2": 0.000691783963703, "median": 0.000508656841703, "min": 1.22111699842e-21, "dvar2": 5.52604024051e-06, "dvar": 2.66265215032e-06, "dmean": 0.000466504687211, "max": 0.0997985079885, "var": 1.07688583739e-05, "mean": 0.00138098362368}, "spectral_contrast_coeffs": {"dmean2": [0.0583957284689, 0.0697324126959, 0.0561197139323, 0.0441045686603, 0.0303410179913, 0.0203481968492], "median": [-0.501127362251, -0.626379132271, -0.752937495708, -0.776904225349, -0.808397293091, -0.823515892029], "min": [-0.979553461075, -0.980005085468, -0.974019169807, -0.973391473293, -0.966688394547, -0.96519780159], "dvar2": [0.00267504993826, 0.00326623115689, 0.00199885200709, 0.00124306592625, 0.000630560098216, 0.000393698894186], "dvar": [0.0010989838047, 0.00136073178146, 0.000805728603154, 0.000501847593114, 0.000260046916083, 0.000170634419192], "dmean": [0.0369807966053, 0.044545173645, 0.0345547311008, 0.0272853113711, 0.018859365955, 0.0127326669171], "max": [-0.212594583631, -0.273148238659, -0.336454570293, -0.507868885994, -0.591430664062, -0.689711332321], "var": [0.0155950328335, 0.0108665609732, 0.00727308541536, 0.00400469778106, 0.00210447609425, 0.00113475706894], "mean": [-0.51152163744, -0.628034830093, -0.743993997574, -0.773933470249, -0.803814232349, -0.822105169296]}, "melbands_skewness": {"dmean2": 1.08221292496, "median": 2.55388045311, "min": -1.21226334572, "dvar2": 1.46732795238, "dvar": 0.646887183189, "dmean": 0.710301995277, "max": 15.1132593155, "var": 3.80301403999, "mean": 2.9165866375}, "spectral_spread": {"dmean2": 752801, "median": 4377060, "min": 1950785.75, "dvar2": 1212072591360.0, "dvar": 640424607744, "dmean": 501655.28125, "max": 42397964, "var": 15583254937600.0, "mean": 5184097}, "dissonance": {"dmean2": 0.0540193468332, "median": 0.408869862556, "min": 0.189248397946, "dvar2": 0.00222094915807, "dvar": 0.000816337415017, "dmean": 0.0327000841498, "max": 0.499746471643, "var": 0.00254955515265, "mean": 0.40462949872}, "spectral_skewness": {"dmean2": 0.364763259888, "median": 2.32370448112, "min": -0.0865687578917, "dvar2": 0.114810608327, "dvar": 0.0569644607604, "dmean": 0.238211452961, "max": 4.99997138977, "var": 0.476175308228, "mean": 2.2460205555}, "spectral_flux": {"dmean2": 0.026928268373, "median": 0.0472086519003, "min": 6.35283492478e-11, "dvar2": 0.00085500482237, "dvar": 0.000340719008818, "dmean": 0.0166197307408, "max": 0.32700163126, "var": 0.00112261495087, "mean": 0.0520260669291}, "spectral_contrast_valleys": {"dmean2": [0.543915987015, 0.525107800961, 0.458209335804, 0.38759958744, 0.310373067856, 0.257954657078], "median": [-8.37807655334, -7.11085748672, -8.29500389099, -8.81655311584, -8.73701858521, -10.6672849655], "min": [-28.1912441254, -28.1602725983, -27.8882579803, -27.8128089905, -27.6088581085, -27.426700592], "dvar2": [0.267867892981, 0.230723753572, 0.188764154911, 0.146825626493, 0.149898633361, 0.145063042641], "dvar": [0.120460681617, 0.106126479805, 0.0861738324165, 0.0747513025999, 0.086125485599, 0.0879027172923], "dmean": [0.33369371295, 0.329468280077, 0.280975550413, 0.247519761324, 0.20292532444, 0.190609112382], "max": [-5.92765235901, -4.94729614258, -5.25844764709, -6.95140886307, -6.58090305328, -7.63871192932], "var": [4.98515415192, 5.53363752365, 4.76789951324, 4.41815328598, 4.39930486679, 3.89429330826], "mean": [-8.71852588654, -7.51015806198, -8.61738586426, -9.17438316345, -9.06928253174, -10.918879509]}, "erbbands_flatness_db": {"dmean2": 0.0249852072448, "median": 0.20006608963, "min": 0.0285354200751, "dvar2": 0.000582179520279, "dvar": 0.000272443372523, "dmean": 0.0170190092176, "max": 0.37837061286, "var": 0.00235038925894, "mean": 0.197361528873}, "spectral_energyband_high": {"dmean2": 0.000130917556817, "median": 6.11179930274e-05, "min": 6.99335406018e-21, "dvar2": 2.72160775694e-07, "dvar": 1.38243876791e-07, "dmean": 9.21699902392e-05, "max": 0.0119714261964, "var": 3.62215700989e-07, "mean": 0.000197945410036}, "spectral_entropy": {"dmean2": 0.278725624084, "median": 6.68545722961, "min": 4.90016460419, "dvar2": 0.0844849795103, "dvar": 0.0450465865433, "dmean": 0.193783357739, "max": 9.82251358032, "var": 0.443914562464, "mean": 6.76624155045}, "silence_rate_20dB": {"dmean2": 0, "median": 1, "min": 1, "dvar2": 0, "dvar": 0, "dmean": 0, "max": 1, "var": 0, "mean": 1}, "melbands_flatness_db": {"dmean2": 0.029514119029, "median": 0.296405285597, "min": 0.00334489438683, "dvar2": 0.00108332489617, "dvar": 0.000536968873348, "dmean": 0.0203652214259, "max": 0.494198143482, "var": 0.00461265398189, "mean": 0.291936665773}, "barkbands": {"dmean2": [5.96329800828e-06, 0.0004789106315, 0.00090011121938, 0.000986278289929, 0.00298605626449, 0.00303395208903, 0.00134377111681, 0.00195617205463, 0.0010493225418, 0.000440920353867, 0.0002141976438, 0.000120272270578, 0.000113455993414, 0.000129998268676, 8.30649005366e-05, 2.84157304122e-05, 2.02598876058e-05, 3.78787808586e-05, 4.88297046104e-05, 2.83845492959e-05, 1.70042621903e-05, 2.09381978493e-05, 2.47410225711e-05, 5.49165706616e-05, 3.14213175443e-05, 8.16002284409e-06, 7.39252016047e-07], "median": [7.42720146718e-07, 0.000110435568786, 0.00111330160871, 0.000592542462982, 0.00279662432149, 0.00230720778927, 0.000456783280242, 0.000401433091611, 0.000191884682863, 6.3542589487e-05, 4.00161661673e-05, 3.59311598004e-05, 2.5154400646e-05, 2.30753994401e-05, 1.56273054017e-05, 7.44552198739e-06, 6.10102870269e-06, 1.28624678837e-05, 1.71960491571e-05, 1.10280316221e-05, 4.99617044625e-06, 4.84640850118e-06, 1.02817693914e-05, 1.40916317832e-05, 5.56419081477e-06, 2.1277585347e-06, 2.33006019812e-07], "min": [3.79499115264e-25, 3.09799443103e-24, 1.52148204296e-24, 2.09030213019e-24, 1.0180476385e-23, 9.74618557967e-24, 8.46578859985e-24, 6.95520200788e-24, 1.03349203618e-23, 2.11376951939e-23, 9.16332465579e-24, 2.19150734398e-23, 2.64909336957e-23, 3.67002989559e-23, 3.770058405e-23, 5.01997695489e-23, 6.31553268587e-23, 7.97376753356e-23, 1.30972291553e-22, 1.82332235679e-22, 2.39835020743e-22, 3.15330953125e-22, 4.02520328479e-22, 6.27393422018e-22, 8.00921111714e-22, 1.17508205473e-21, 2.06675074625e-21], "dvar2": [3.55421492237e-09, 2.80887866211e-06, 5.38966560271e-06, 5.67699726162e-06, 3.30008406308e-05, 3.33549614879e-05, 1.43569950524e-05, 2.93768334814e-05, 1.0620527064e-05, 4.2327292249e-06, 8.26450104796e-07, 1.88626401609e-07, 2.79152857274e-07, 1.50040861513e-07, 1.55983443051e-07, 1.15259810585e-08, 7.77949438202e-09, 1.26292052371e-08, 1.64189088991e-08, 1.2795609905e-08, 4.29784341449e-09, 6.38428909738e-09, 5.55522072787e-09, 7.8272734072e-08, 2.58461589908e-08, 1.07984687858e-09, 1.08957426415e-11], "dvar": [1.79244763476e-09, 1.12666316454e-06, 2.04010621019e-06, 2.40316762756e-06, 1.27438315758e-05, 1.46346637848e-05, 6.58469980408e-06, 1.27126186271e-05, 4.75604792882e-06, 2.06904428524e-06, 3.88271473639e-07, 8.28038722034e-08, 1.09523980996e-07, 6.55509566627e-08, 6.81688803184e-08, 5.94864335568e-09, 4.54833282149e-09, 5.02047026174e-09, 7.40988470582e-09, 5.19531617726e-09, 1.77003256496e-09, 2.58896259986e-09, 2.60085686321e-09, 3.8331041452e-08, 1.22294032678e-08, 5.28503574238e-10, 4.51232844492e-12], "dmean": [3.82891676054e-06, 0.000355043564923, 0.000668108463287, 0.000688234809786, 0.0020044175908, 0.00211039255373, 0.000920978956856, 0.00128810561728, 0.000693049980327, 0.000296262936899, 0.000136689530336, 7.91835627751e-05, 7.19361923984e-05, 8.36268081912e-05, 5.40911823919e-05, 1.82766307262e-05, 1.32659743031e-05, 2.33724585996e-05, 3.16460318572e-05, 1.78971822606e-05, 1.06607667476e-05, 1.28853753267e-05, 1.63728527696e-05, 3.71634596377e-05, 2.13263228943e-05, 5.55214455744e-06, 4.70025611321e-07], "max": [0.00255865650252, 0.0318611748517, 0.0261620208621, 0.0358056165278, 0.0683714449406, 0.109648056328, 0.0914158076048, 0.108582496643, 0.0650040432811, 0.0744324252009, 0.0419807434082, 0.0137338805944, 0.0153649207205, 0.0096407532692, 0.011914530769, 0.00514813279733, 0.00452457321808, 0.00201519345865, 0.00239576702006, 0.00293265585788, 0.00158638949506, 0.0013204512652, 0.0013749160571, 0.00748274289072, 0.00387112470344, 0.000755895802286, 8.45472313813e-05], "var": [2.46827691619e-09, 7.47410786062e-06, 1.37892111525e-05, 1.52201755554e-05, 5.857594806e-05, 5.44087597518e-05, 2.01019465749e-05, 4.79257432744e-05, 2.31044014072e-0