{"tonal": {"thpcp": [1, 0.647723793983, 0.298121571541, 0.245604977012, 0.244338333607, 0.464853852987, 0.703447401524, 0.570639848709, 0.539935767651, 0.640391170979, 0.405389249325, 0.215674221516, 0.226237013936, 0.264655888081, 0.52673882246, 0.647412121296, 0.373447924852, 0.193510904908, 0.175932392478, 0.209632605314, 0.578597724438, 0.907745182514, 0.665341258049, 0.490504622459, 0.598369181156, 0.571880042553, 0.533501565456, 0.522837042809, 0.438598722219, 0.569036781788, 0.829154014587, 0.677912950516, 0.412476748228, 0.388175994158, 0.417097657919, 0.738537311554], "hpcp": {"dmean2": [0.314054965973, 0.300682067871, 0.339288920164, 0.367691904306, 0.34710162878, 0.279855936766, 0.278530746698, 0.31902769208, 0.362203329802, 0.355507314205, 0.27984187007, 0.207936063409, 0.180193603039, 0.169399768114, 0.215060278773, 0.266021072865, 0.258486360312, 0.253837317228, 0.249832421541, 0.187535867095, 0.136219754815, 0.131480976939, 0.16050119698, 0.241982102394, 0.245487689972, 0.171725645661, 0.132043331861, 0.124518819153, 0.147266641259, 0.24965941906, 0.307319462299, 0.277731150389, 0.266725242138, 0.297104775906, 0.319490641356, 0.326436817646], "median": [0.0471126697958, 0.0389409810305, 0.0632426887751, 0.0990374311805, 0.073152244091, 0.0396283902228, 0.027175180614, 0.0333398021758, 0.104023262858, 0.158152118325, 0.101552478969, 0.0284796617925, 0.0208330824971, 0.0242716148496, 0.0641265064478, 0.100581511855, 0.080941811204, 0.0776498839259, 0.0825004428625, 0.0497796162963, 0.0193347334862, 0.017787868157, 0.0236437134445, 0.0516186319292, 0.064946629107, 0.0383974127471, 0.0171755179763, 0.0132260154933, 0.0169618073851, 0.0846290588379, 0.145340591669, 0.10829937458, 0.0521828308702, 0.0509662926197, 0.0510149821639, 0.0454512871802], "min": [0, 0, 0, 0, 0, 0, 0, 0, 0, 0, 0, 0, 0, 0, 0, 0, 0, 0, 0, 0, 0, 0, 0, 0, 0, 0, 0, 0, 0, 0, 0, 0, 0, 0, 0, 0], "dvar2": [0.165096595883, 0.156475111842, 0.176092550159, 0.174872010946, 0.181009247899, 0.159562289715, 0.173699766397, 0.204170584679, 0.174336791039, 0.158204346895, 0.111868202686, 0.110966183245, 0.0971768125892, 0.089366145432, 0.0898333787918, 0.11278616637, 0.110810942948, 0.113688267767, 0.111067272723, 0.0810259580612, 0.0746705234051, 0.0677497386932, 0.0755093321204, 0.101600237191, 0.101971134543, 0.0732384845614, 0.069634668529, 0.0698882117867, 0.0704495683312, 0.0995778143406, 0.120092555881, 0.10853870213, 0.121222883463, 0.143628507853, 0.16039134562, 0.165005743504], "dvar": [0.0637128502131, 0.0580258220434, 0.0635089874268, 0.0689479857683, 0.0677651837468, 0.0563035234809, 0.0613607652485, 0.0714959576726, 0.0631556808949, 0.0626029446721, 0.0411869809031, 0.0401726812124, 0.0355155095458, 0.0318730697036, 0.0330542288721, 0.0460088551044, 0.0417908728123, 0.0417127944529, 0.0448314025998, 0.029916992411, 0.0265814419836, 0.0251754727215, 0.0274466536939, 0.0399979837239, 0.043017834425, 0.0274113342166, 0.0245663989335, 0.0246273390949, 0.0246959254146, 0.0375150479376, 0.0493479408324, 0.0408682823181, 0.0459095984697, 0.0547486655414, 0.0603066496551, 0.0646301656961], "dmean": [0.174643695354, 0.16430208087, 0.186595469713, 0.206278860569, 0.195085063577, 0.152989476919, 0.15027461946, 0.171224683523, 0.202509328723, 0.206598296762, 0.160988181829, 0.113036781549, 0.0978241711855, 0.0928036272526, 0.123904027045, 0.1573471874, 0.149702966213, 0.145937249064, 0.147348895669, 0.108437299728, 0.0753740519285, 0.0730178058147, 0.0898579657078, 0.140189662576, 0.144300028682, 0.099418155849, 0.0722922608256, 0.0676529407501, 0.0804644450545, 0.145610898733, 0.183556601405, 0.162127390504, 0.151329904795, 0.168055519462, 0.179438143969, 0.181418925524], "max": [1, 1, 1, 1, 1, 1, 1, 1, 1, 1, 1, 1, 1, 1, 1, 1, 1, 1, 1, 1, 1, 1, 1, 1, 1, 1, 1, 1, 1, 1, 1, 1, 1, 1, 1, 1], "var": [0.0659847259521, 0.049870416522, 0.0602018535137, 0.0996275097132, 0.0769875049591, 0.0446465238929, 0.0486913397908, 0.0520716831088, 0.0736193805933, 0.112489201128, 0.0553130060434, 0.0294504910707, 0.0251466240734, 0.0226296931505, 0.0369618348777, 0.0749235972762, 0.0513625182211, 0.0483727641404, 0.0700294747949, 0.0327159836888, 0.0203152503818, 0.024650586769, 0.0248080734164, 0.0570796094835, 0.0801009312272, 0.0325823016465, 0.0175766982138, 0.0176584459841, 0.0179616864771, 0.0493847504258, 0.0948316380382, 0.0576118826866, 0.0513133332133, 0.0772706344724, 0.0692300647497, 0.0644147843122], "mean": [0.161736816168, 0.135678142309, 0.176028445363, 0.256494313478, 0.209708705544, 0.12759745121, 0.120080143213, 0.129026904702, 0.228462517262, 0.30934458971, 0.200369849801, 0.0922222957015, 0.0759765729308, 0.0755847394466, 0.143800020218, 0.217607647181, 0.176524356008, 0.167026206851, 0.198101535439, 0.125404968858, 0.0667176544666, 0.0699851959944, 0.0818698704243, 0.162943810225, 0.200273439288, 0.115524098277, 0.0598615519702, 0.0544237345457, 0.0648487135768, 0.17898607254, 0.280806064606, 0.20581972599, 0.151734948158, 0.185102269053, 0.176908001304, 0.165035828948]}, "tuning_equal_tempered_deviation": 0, "chords_changes_rate": 0.0527850240469, "key_key": "C", "tuning_diatonic_strength": 0.528927922249, "key_scale": "minor", "chords_number_rate": 0.00153444835451, "tuning_frequency": 439.491973877, "tuning_nontempered_energy_ratio": 0.662306427956, "chords_histogram": [30.0905323029, 10.2347707748, 12.8893661499, 5.67745876312, 1.47307038307, 2.94614076614, 2.73131799698, 0.751879692078, 0.42964553833, 12.4290313721, 0.046033449471, 0, 0, 0, 0, 0, 0, 0, 0.260856211185, 0, 0, 0.046033449471, 11.370262146, 8.6236000061], "key_strength": 0.631029903889, "chords_key": "C", "chords_strength": {"dmean2": 0.00972456205636, "median": 0.50100928545, "min": 0.241140857339, "dvar2": 6.71593370498e-05, "dvar": 6.18298363406e-05, "dmean": 0.00983215961605, "max": 0.739472925663, "var": 0.00766687700525, "mean": 0.499668836594}, "chords_scale": "minor", "hpcp_entropy": {"dmean2": 1.06175529957, "median": 2.2415266037, "min": 0, "dvar2": 0.74990683794, "dvar": 0.26844355464, "dmean": 0.626348257065, "max": 4.64358711243, "var": 0.499832421541, "mean": 2.24303674698}}, "metadata": {"audio_properties": {"equal_loudness": 0, "codec": "flac", "downmix": "mix", "analysis_sample_rate": 44100, "bit_rate": 0, "md5_encoded": "109934340884207726c0456079958ae0", "length": 302.586669922, "replay_gain": -11.0638179779, "lossless": true}, "version": {"essentia_build_sha": "5a55991247aa8bc5301991e5ebe36927b56abb96", "essentia": "2.1-beta1", "extractor": "music 1.0", "essentia_git_sha": "v2.1_beta1-6-g5578087"}, "tags": {"title": ["WiSH ON TRUTH (off vocal)"], "barcode": ["4935228076284"], "media": ["CD"], "albumartist": ["\u5f69\u97f3"], "tracktotal": ["4"], "albumartistsort": ["Ayane"], "releasetype": ["single"], "musicbrainz_recordingid": ["1b0fcc60-51ce-4345-97f3-eb9ce27b8938"], "composer": ["\u4e0a\u91ce\u6d69\u53f8"], "originaldate": ["2008-01-25"], "albumsort": ["cloudier sky (2008-01-25, Ayane, b7ece1fb-27b0-4e8e-a4f2-fc9570a38337)"], "musicbrainz_releasegroupid": ["c9dac00f-1934-4a6b-af80-cf1da0d8d8d5"], "musicbrainz_albumartistid": ["62e10805-73ff-4e14-94ac-d3987001077b"], "lyricist": ["\u5f69\u97f3"], "artists": ["\u5f69\u97f3"], "discnumber": ["1"], "composersort": ["Ueno, Koji"], "catalognumber": ["ZMCZ-3910"], "replaygain_track_gain": ["-5.80 dB"], "releasecountry": ["JP"], "file_name": "04 - \u5f69\u97f3 - WiSH ON TRUTH (off vocal).flac", "musicip_puid": ["e0aefcc0-cc45-6f97-e4da-8ee9df425960"], "replaygain_track_peak": ["0.99218750"], "work": ["WiSH ON TRUTH"], "date": ["2008-01-25"], "genre": ["Ayakashi"], "musicbrainz_albumid": ["b7ece1fb-27b0-4e8e-a4f2-fc9570a38337"], "disctotal": ["1"], "replaygain_album_gain": ["-8.83 dB"], "replaygain_album_peak": ["0.99218750"], "musicbrainz_artistid": ["62e10805-73ff-4e14-94ac-d3987001077b"], "asin": ["B000YPYFXY"], "musicbrainz_workid": ["848fc718-913a-3fde-bed3-d93362ac8203"], "musicbrainz_releasetrackid": ["c042ca86-523d-3291-95c2-c03133f24545"], "artist": ["\u5f69\u97f3"], "tracknumber": ["4"], "artistsort": ["Ayane"], "album": ["cloudier sky"], "label": ["5pb.Records"], "releasestatus": ["official"], "totaldiscs": ["1"], "script": ["Latn"], "totaltracks": ["4"]}}, "rhythm": {"bpm_histogram_first_peak_bpm": {"dmean2": 0, "median": 129, "min": 129, "dvar2": 0, "dvar": 0, "dmean": 0, "max": 129, "var": 0, "mean": 129}, "bpm": 129.946456909, "bpm_histogram_second_peak_spread": {"dmean2": 0, "median": 0, "min": 0, "dvar2": 0, "dvar": 0, "dmean": 0, "max": 0, "var": 0, "mean": 0}, "bpm_histogram_first_peak_weight": {"dmean2": 0, "median": 0.738131701946, "min": 0.738131701946, "dvar2": 0, "dvar": 0, "dmean": 0, "max": 0.738131701946, "var": 0, "mean": 0.738131701946}, "onset_rate": 4.23658180237, "beats_position": [0.441179126501, 0.859138309956, 1.31192743778, 1.764716506, 2.22911548615, 2.69351458549, 3.14630389214, 3.61070299149, 4.06349182129, 4.52789115906, 4.99229001999, 5.45668935776, 5.92108821869, 6.38548755646, 6.84988641739, 7.31428575516, 7.76707458496, 8.23147392273, 8.68426322937, 9.14866161346, 9.61306095123, 10.077460289, 10.5418596268, 11.0062580109, 11.4590473175, 11.9118366241, 12.3762359619, 12.840634346, 13.3050336838, 13.7694330215, 14.2338323593, 14.6982307434, 15.1626300812, 15.6154193878, 16.0682086945, 16.5326080322, 16.99700737, 17.4614048004, 17.9258041382, 18.390203476, 18.8429927826, 19.2957820892, 19.760181427, 20.2245807648, 20.6889801025, 21.153377533, 21.6177768707, 22.0821762085, 22.5465755463, 22.9993648529, 23.4521541595, 23.9165534973, 24.3809528351, 24.8453502655, 25.3097496033, 25.7625389099, 26.2153282166, 26.6797275543, 27.1441268921, 27.6085262299, 28.0729255676, 28.537322998, 29.0017223358, 29.4545116425, 29.9073009491, 30.3717002869, 30.8360996246, 31.3004989624, 31.7648983002, 32.2292976379, 32.6936950684, 33.1580963135, 33.6108856201, 34.0636711121, 34.5280723572, 34.9924697876, 35.4568710327, 35.9212684631, 36.3856697083, 36.8500671387, 37.3028564453, 37.755645752, 38.2200431824, 38.6844444275, 39.1488418579, 39.613243103, 40.0776405334, 40.5420417786, 41.006439209, 41.4592285156, 41.9120178223, 42.3764152527, 42.8408164978, 43.3052139282, 43.7696151733, 44.2340126038, 44.6984100342, 45.1628112793, 45.6156005859, 46.0683898926, 46.532787323, 46.9971885681, 47.4615859985, 47.9259872437, 48.3903846741, 48.8431739807, 49.2959632874, 49.7603607178, 50.2247619629, 50.6891593933, 51.1535606384, 51.6179580688, 52.0823554993, 52.5467567444, 53.0111541748, 53.4639434814, 53.9167327881, 54.3811340332, 54.8455314636, 55.3099327087, 55.7743301392, 56.2271194458, 56.6799087524, 57.1443061829, 57.608707428, 58.0731048584, 58.5375061035, 59.0019035339, 59.4663009644, 59.9307022095, 60.3834915161, 60.8478889465, 61.3006782532, 61.7650794983, 62.2294769287, 62.6938781738, 63.1582756042, 63.6110649109, 64.0638504028, 64.5282516479, 64.9926528931, 65.4570541382, 65.9214477539, 66.385848999, 66.8502502441, 67.3146438599, 67.7674331665, 68.2318344116, 68.6846237183, 69.1490249634, 69.6134262085, 70.0778198242, 70.5422210693, 71.0066223145, 71.4594116211, 71.9122009277, 72.3765945435, 72.8409957886, 73.3053970337, 73.7697982788, 74.2341918945, 74.6985931396, 75.1513824463, 75.6041717529, 76.068572998, 76.5329666138, 76.9973678589, 77.461769104, 77.9261627197, 78.3905639648, 78.85496521, 79.3077545166, 79.7605438232, 80.2249450684, 80.6893386841, 81.1537399292, 81.6181411743, 82.08253479, 82.5353240967, 82.9881134033, 83.4525146484, 83.9169158936, 84.3813171387, 84.8457107544, 85.3101119995, 85.7629013062, 86.2273025513, 86.6800918579, 87.1444854736, 87.6088867188, 88.0732879639, 88.537689209, 89.0020828247, 89.4664840698, 89.9192733765, 90.3720626831, 90.8364639282, 91.3008575439, 91.7652587891, 92.2296600342, 92.6940536499, 93.158454895, 93.6228561401, 94.0640335083, 94.5284347534, 94.9928359985, 95.4572296143, 95.9216308594, 96.3860321045, 96.8504257202, 97.3148269653, 97.767616272, 98.2204055786, 98.6848068237, 99.1492080688, 99.6136016846, 100.07800293, 100.542404175, 101.006797791, 101.459587097, 101.912376404, 102.376777649, 102.841178894, 103.305580139, 103.769973755, 104.234375, 104.698776245, 105.151565552, 105.604354858, 106.068748474, 106.533149719, 106.997550964, 107.46194458, 107.926345825, 108.39074707, 108.843536377, 109.296325684, 109.760726929, 110.225120544, 110.68952179, 111.153923035, 111.61831665, 112.082717896, 112.535507202, 112.988296509, 113.452697754, 113.917098999, 114.381492615, 114.84589386, 115.310295105, 115.774688721, 116.227478027, 116.680267334, 117.144668579, 117.609069824, 118.07346344, 118.537864685, 119.00226593, 119.466667175, 119.931060791, 120.383850098, 120.836639404, 121.301040649, 121.765441895, 122.22983551, 122.694236755, 123.158638, 123.623039246, 124.075828552, 124.528617859, 124.993011475, 125.45741272, 125.921813965, 126.386207581, 126.850608826, 127.315010071, 127.779411316, 128.232192993, 128.6849823, 129.149383545, 129.61378479, 130.078186035, 130.54258728, 131.006988525, 131.471374512, 131.924163818, 132.376953125, 132.84135437, 133.305755615, 133.77015686, 134.234558105, 134.698959351, 135.151748657, 135.616149902, 136.068939209, 136.533325195, 136.99772644, 137.462127686, 137.926528931, 138.390930176, 138.843719482, 139.296508789, 139.760910034, 140.225296021, 140.689697266, 141.154098511, 141.618499756, 142.082901001, 142.535690308, 142.988479614, 143.452880859, 143.917282104, 144.381668091, 144.846069336, 145.310470581, 145.774871826, 146.227661133, 146.680450439, 147.144851685, 147.60925293, 148.073654175, 148.538040161, 149.002441406, 149.466842651, 149.919631958, 150.384033203, 150.83682251, 151.301223755, 151.765625, 152.230026245, 152.694412231, 153.158813477, 153.623214722, 154.076004028, 154.528793335, 154.99319458, 155.457595825, 155.92199707, 156.386398315, 156.850784302, 157.303573608, 157.756362915, 158.22076416, 158.685165405, 159.14956665, 159.613967896, 160.078369141, 160.542770386, 160.995559692, 161.448348999, 161.912734985, 162.37713623, 162.841537476, 163.305938721, 163.770339966, 164.234741211, 164.687530518, 165.140319824, 165.604721069, 166.069107056, 166.533508301, 166.997909546, 167.462310791, 167.926712036, 168.391113281, 168.843902588, 169.296691895, 169.761077881, 170.225479126, 170.689880371, 171.154281616, 171.618682861, 172.083084106, 172.535873413, 172.98866272, 173.453063965, 173.917449951, 174.381851196, 174.846252441, 175.310653687, 175.775054932, 176.227844238, 176.692245483, 177.156646729, 177.609436035, 178.073822021, 178.538223267, 179.002624512, 179.467025757, 179.908203125, 180.37260437, 180.837005615, 181.30140686, 181.765808105, 182.230194092, 182.694595337, 183.158996582, 183.623397827, 184.076187134, 184.52897644, 184.993377686, 185.457778931, 185.922180176, 186.386566162, 186.850967407, 187.303756714, 187.756546021, 188.220947266, 188.685348511, 189.149749756, 189.614151001, 190.078552246, 190.542938232, 191.007339478, 191.460128784, 191.924530029, 192.388931274, 192.841720581, 193.306121826, 193.770523071, 194.234924316, 194.687713623, 195.140487671, 195.604888916, 196.069290161, 196.533691406, 196.998092651, 197.462493896, 197.926895142, 198.379684448, 198.832473755, 199.296859741, 199.761260986, 200.225662231, 200.690063477, 201.154464722, 201.618865967, 202.083267212, 202.536056519, 202.988845825, 203.453231812, 203.917633057, 204.382034302, 204.846435547, 205.310836792, 205.775238037, 206.239639282, 206.692428589, 207.145217896, 207.609603882, 208.074005127, 208.538406372, 209.002807617, 209.467208862, 209.931610107, 210.384399414, 210.837188721, 211.301589966, 211.765975952, 212.230377197, 212.694778442, 213.159179688, 213.623580933, 214.076370239, 214.529159546, 214.993560791, 215.457962036, 215.922348022, 216.386749268, 216.851150513, 217.303939819, 217.756729126, 218.221130371, 218.685531616, 219.149932861, 219.614334106, 220.078720093, 220.543121338, 221.007522583, 221.471923828, 221.924713135, 222.377502441, 222.841903687, 223.306304932, 223.770706177, 224.235092163, 224.68788147, 225.140670776, 225.605072021, 226.069473267, 226.533874512, 226.998275757, 227.462677002, 227.927078247, 228.391464233, 228.84425354, 229.297042847, 229.761444092, 230.225845337, 230.690246582, 231.154647827, 231.619049072, 232.083435059, 232.536224365, 232.989013672, 233.453414917, 233.917816162, 234.382217407, 234.846618652, 235.311019897, 235.775421143, 236.239807129, 236.692596436, 237.145385742, 237.609786987, 238.074188232, 238.538589478, 239.002990723, 239.467391968, 239.920181274, 240.372970581, 240.837371826, 241.301757812, 241.766159058, 242.230560303, 242.694961548, 243.159362793, 243.623764038, 244.076553345, 244.529342651, 244.993743896, 245.458129883, 245.922531128, 246.386932373, 246.851333618, 247.315734863, 247.76852417, 248.221313477, 248.685714722, 249.150115967, 249.614501953, 250.078903198, 250.543304443, 251.007705688, 251.460494995, 251.913284302, 252.377685547, 252.842086792, 253.306488037, 253.770874023, 254.235275269, 254.688064575, 255.140853882, 255.605255127, 256.069641113, 256.534057617, 256.998443604, 257.462860107, 257.927246094, 258.3800354, 258.832824707, 259.297241211, 259.761627197, 260.226013184, 260.690429688, 261.154815674, 261.619232178, 262.083618164, 262.536407471, 262.989196777, 263.453613281, 263.917999268, 264.382385254, 264.846801758, 265.311187744, 265.775604248, 266.228393555, 266.681182861, 267.145568848, 267.609985352, 268.074371338, 268.538757324, 269.003173828, 269.467559814, 269.931976318, 270.384765625, 270.837554932, 271.301940918, 271.766357422, 272.230743408, 272.683532715, 273.147918701, 273.600708008, 274.065124512, 274.529510498, 274.993927002, 275.458312988, 275.922729492, 276.387115479, 276.851501465, 277.304290771, 277.768707275, 278.221496582, 278.685882568, 279.150299072, 279.614685059, 280.079101562, 280.543487549, 281.007873535, 281.460662842, 281.913452148, 282.377868652, 282.842254639, 283.306671143, 283.771057129, 284.235473633, 284.699859619, 285.164245605, 285.617034912, 286.069824219, 286.534240723, 286.998626709, 287.463043213, 287.927429199, 288.380218506, 288.833007812, 289.297424316, 289.761810303, 290.226196289, 290.690612793, 291.154998779, 291.619415283, 292.08380127, 292.536590576, 293.00100708, 293.465393066, 293.918182373, 294.382568359, 294.858581543, 295.334594727, 295.81060791, 296.286621094, 296.762634277, 297.238647461, 297.726257324, 298.213867188, 298.701477051, 299.189117432, 299.676727295, 300.152740479, 300.617126465, 301.093139648, 301.569152832, 302.033569336], "beats_loudness": {"dmean2": 0.0406497642398, "median": 0.0795166790485, "min": 1.81573625468e-07, "dvar2": 0.00131892901845, "dvar": 0.000423299905378, "dmean": 0.0232535172254, "max": 0.16102412343, "var": 0.000865815149155, "mean": 0.079406991601}, "danceability": 1.28094005585, "bpm_histogram_second_peak_weight": {"dmean2": 0, "median": 0.00765696773306, "min": 0.00765696773306, "dvar2": 0, "dvar": 0, "dmean": 0, "max": 0.00765696773306, "var": 0, "mean": 0.00765696773306}, "beats_count": 654, "bpm_histogram_second_peak_bpm": {"dmean2": 0, "median": 123, "min": 123, "dvar2": 0, "dvar": 0, "dmean": 0, "max": 123, "var": 0, "mean": 123}, "bpm_histogram_first_peak_spread": {"dmean2": 0, "median": 0.25271320343, "min": 0.25271320343, "dvar2": 0, "dvar": 0, "dmean": 0, "max": 0.25271320343, "var": 0, "mean": 0.25271320343}, "beats_loudness_band_ratio": {"dmean2": [0.232723370194, 0.141635552049, 0.0893339067698, 0.0467911101878, 0.0451202876866, 0.0761320516467], "median": [0.744092345238, 0.0858291015029, 0.0469554997981, 0.0277874357998, 0.0302943792194, 0.066497862339], "min": [0.00228083110414, 0.00431568687782, 0.000591717893258, 9.74631257122e-05, 0.000376730749849, 0.00341129885055], "dvar2": [0.0671318918467, 0.0215902812779, 0.014080167748, 0.00383134931326, 0.0031588091515, 0.0124546196312], "dvar": [0.0192066989839, 0.00701388763264, 0.00452645728365, 0.00148400035687, 0.00102462654468, 0.00415838789195], "dmean": [0.12793277204, 0.0767694115639, 0.0490968711674, 0.0271298661828, 0.0253980811685, 0.0415548570454], "max": [0.964838802814, 0.733763158321, 0.614910721779, 0.608617305756, 0.270401090384, 0.722668886185], "var": [0.0322607941926, 0.00731310620904, 0.00494735315442, 0.00223443144932, 0.00120062683709, 0.00351646286435], "mean": [0.708410441875, 0.104160703719, 0.0669994130731, 0.0371641032398, 0.0375301279128, 0.0759615302086]}}, "lowlevel": {"barkbands_spread": {"dmean2": 13.7079076767, "median": 40.9593734741, "min": 0.686300516129, "dvar2": 169.787353516, "dvar": 75.9247970581, "dmean": 8.74625110626, "max": 117.217674255, "var": 308.847412109, "mean": 41.4279518127}, "melbands_spread": {"dmean2": 14.5354099274, "median": 26.1541938782, "min": 0.4117641747, "dvar2": 275.782745361, "dvar": 129.327575684, "dmean": 9.2203578949, "max": 198.452468872, "var": 519.297546387, "mean": 31.2214183807}, "hfc": {"dmean2": 20.0153141022, "median": 36.98254776, "min": 1.09090180605e-16, "dvar2": 974.96282959, "dvar": 418.744873047, "dmean": 13.952413559, "max": 368.668823242, "var": 927.871154785, "mean": 40.8588256836}, "barkbands_kurtosis": {"dmean2": 2.98294067383, "median": 0.809546470642, "min": -1.93102729321, "dvar2": 23.363368988, "dvar": 12.3779983521, "dmean": 1.90839552879, "max": 276.344055176, "var": 30.199760437, "mean": 2.14056539536}, "gfcc": {"mean": [57.0896186829, 44.4783477783, -80.402557373, 35.3543701172, -57.2047271729, 12.9787721634, -36.0554885864, 9.13562965393, -24.2587966919, 3.87101125717, -15.1789169312, 4.96455335617, -12.3028030396], "icov": [[0.000194929380086, 2.94054480037e-05, 8.0077596067e-05, -0.000156290989253, 0.000195683242055, -0.000163198172231, 0.000219526438741, -0.00033945706673, 0.000547880481463, -0.00048449813039, 0.000719427713193, -0.000530313525815, 0.000646475295071], [2.94054480037e-05, 0.00120293558575, 0.000397774623707, 0.000372996844817, -0.00022294993687, -0.00014531306806, -0.00020632428641, 0.000429722014815, -0.000704168283846, 0.000824760179967, -0.00136664917227, 0.00132767483592, -0.000760030117817], [8.0077596067e-05, 0.000397774623707, 0.0019884086214, 0.000564412097447, -0.00114184059203, -0.000463948119432, 5.60764710826e-05, -0.000438788323663, 0.00068530428689, -0.00140867126174, 0.0013378567528, -0.000379443139536, 0.000339064048603], [-0.000156290989253, 0.000372996844817, 0.000564412097447, 0.00407835375518, -0.0011999666458, -0.000808019947726, 0.00111959828064, -0.00127163424622, -0.00258758757263, 0.00165567535441, -0.000406878622016, 7.01284516254e-05, 0.00097727321554], [0.000195683242055, -0.00022294993687, -0.00114184059203, -0.0011999666458, 0.00762624200433, -0.00201911479235, -0.00172680837568, 0.00160386413336, -0.00127986993175, -0.000621201528702, 0.000387979700463, -0.000499697227497, 0.00063834321918], [-0.000163198172231, -0.00014531306806, -0.000463948119432, -0.000808019947726, -0.00201911479235, 0.00943992007524, -0.00405129790306, -0.0027950888034, 0.00542525574565, -0.00283531844616, -0.000686222861987, 0.000604291097261, -0.000659525045194], [0.000219526438741, -0.00020632428641, 5.60764710826e-05, 0.00111959828064, -0.00172680837568, -0.00405129790306, 0.0130623038858, -0.00270695402287, -0.00257770973258, 0.00151623145211, -0.000994852744043, -0.000925302272663, 0.00157225399744], [-0.00033945706673, 0.000429722014815, -0.000438788323663, -0.00127163424622, 0.00160386413336, -0.0027950888034, -0.00270695402287, 0.0175516549498, -0.0101931570098, 0.00154225470033, 0.0027191832196, -0.00175237399526, -0.00268304045312], [0.000547880481463, -0.000704168283846, 0.00068530428689, -0.00258758757263, -0.00127986993175, 0.00542525574565, -0.00257770973258, -0.0101931570098, 0.0284205060452, -0.0132839428261, 0.000614061194938, 0.00372203649022, -0.00129321636632], [-0.00048449813039, 0.000824760179967, -0.00140867126174, 0.00165567535441, -0.000621201528702, -0.00283531844616, 0.00151623145211, 0.00154225470033, -0.0132839428261, 0.0241026040167, -0.00954680144787, 0.000691286870278, 9.53779890551e-05], [0.000719427713193, -0.00136664917227, 0.0013378567528, -0.000406878622016, 0.000387979700463, -0.000686222861987, -0.000994852744043, 0.0027191832196, 0.000614061194938, -0.00954680144787, 0.0235562119633, -0.0106046870351, 0.00331031507812], [-0.000530313525815, 0.00132767483592, -0.000379443139536, 7.01284516254e-05, -0.000499697227497, 0.000604291097261, -0.000925302272663, -0.00175237399526, 0.00372203649022, 0.000691286870278, -0.0106046870351, 0.0244820211083, -0.00982521381229], [0.000646475295071, -0.000760030117817, 0.000339064048603, 0.00097727321554, 0.00063834321918, -0.000659525045194, 0.00157225399744, -0.00268304045312, -0.00129321636632, 9.53779890551e-05, 0.00331031507812, -0.00982521381229, 0.0226617269218]], "cov": [[8813.97753906, -1063.1875, -22.6784553528, 418.19229126, -221.740356445, 154.069198608, -172.452835083, 166.319000244, -169.633514404, -10.1224374771, -281.809417725, 67.1168289185, -201.777420044], [-1063.1875, 1222.61694336, -291.544555664, -117.306190491, 3.1233484745, -39.9109420776, 31.8737602234, -59.649646759, 32.742401123, -20.1186618805, 90.1091461182, -45.0639419556, 39.4841880798], [-22.6784553528, -291.544555664, 742.064819336, -46.2835121155, 131.572906494, 97.0438232422, 42.897567749, 29.7446212769, -4.71833372116, 50.4098930359, -32.6637191772, 12.598402977, -8.82208824158], [418.19229126, -117.306190491, -46.2835121155, 340.247314453, 37.1762924194, 32.3585395813, -3.11874341965, 56.4025764465, 37.3960609436, 2.09112286568, -16.1128578186, -3.11334729195, -19.9267139435], [-221.740356445, 3.1233484745, 131.572906494, 37.1762924194, 195.597457886, 69.6626434326, 51.7700424194, 9.95345306396, 19.3214454651, 24.7569980621, 10.6872158051, 1.75568437576, -2.83854198456], [154.069198608, -39.9109420776, 97.0438232422, 32.3585395813, 69.6626434326, 177.666244507, 62.2366714478, 33.7611427307, -7.70297384262, 21.9429931641, 4.91403055191, 10.4261350632, -2.42293119431], [-172.452835083, 31.8737602234, 42.897567749, -3.11874341965, 51.7700424194, 62.2366714478, 115.512557983, 28.5663299561, 19.7101020813, 14.0657482147, 14.200258255, 4.81311988831, 2.28023004532], [166.319000244, -59.649646759, 29.7446212769, 56.4025764465, 9.95345306396, 33.7611427307, 28.5663299561, 100.649360657, 39.8954544067, 16.4988059998, -11.3978452682, 6.39636135101, 7.65954780579], [-169.633514404, 32.742401123, -4.71833372116, 37.3960609436, 19.3214454651, -7.70297384262, 19.7101020813, 39.8954544067, 79.6776123047, 37.6875343323, 13.1226682663, -6.22827005386, 6.75377178192], [-10.1224374771, -20.1186618805, 50.4098930359, 2.09112286568, 24.7569980621, 21.9429931641, 14.0657482147, 16.4988059998, 37.6875343323, 78.3705749512, 29.7794208527, 8.64401245117, 0.906867146492], [-281.809417725, 90.1091461182, -32.6637191772, -16.1128578186, 10.6872158051, 4.91403055191, 14.200258255, -11.3978452682, 13.1226682663, 29.7794208527, 81.146194458, 24.3184204102, 9.0657749176], [67.1168289185, -45.0639419556, 12.598402977, -3.11334729195, 1.75568437576, 10.4261350632, 4.81311988831, 6.39636135101, -6.22827005386, 8.64401245117, 24.3184204102, 65.248374939, 21.542049408], [-201.777420044, 39.4841880798, -8.82208824158, -19.9267139435, -2.83854198456, -2.42293119431, 2.28023004532, 7.65954780579, 6.75377178192, 0.906867146492, 9.0657749176, 21.542049408, 61.3541221619]]}, "spectral_energyband_middle_low": {"dmean2": 0.00832117628306, "median": 0.0110731869936, "min": 1.83179737349e-22, "dvar2": 0.000115980386909, "dvar": 4.48393257102e-05, "dmean": 0.00501582911238, "max": 0.114707581699, "var": 9.56872027018e-05, "mean": 0.0126891331747}, "melbands_crest": {"dmean2": 5.20666646957, "median": 12.5820198059, "min": 1.74932444096, "dvar2": 18.9239692688, "dvar": 8.01276683807, "dmean": 3.21383833885, "max": 31.5218601227, "var": 25.9197998047, "mean": 13.6191062927}, "spectral_kurtosis": {"dmean2": 1.33510625362, "median": 1.7770857811, "min": -1.28414559364, "dvar2": 21.4838657379, "dvar": 9.89175415039, "dmean": 0.869936347008, "max": 88.9094314575, "var": 17.4175815582, "mean": 2.4716861248}, "spectral_rms": {"dmean2": 0.00151273643132, "median": 0.00517515046522, "min": 3.15983567437e-12, "dvar2": 3.53600694325e-06, "dvar": 1.80601955435e-06, "dmean": 0.00102691201027, "max": 0.0147703103721, "var": 5.334083653e-06, "mean": 0.00541502144188}, "zerocrossingrate": {"dmean2": 0.019150134176, "median": 0.10498046875, "min": 0.00732421875, "dvar2": 0.00030614627758, "dvar": 0.000269449403277, "dmean": 0.0165006984025, "max": 0.525390625, "var": 0.00271939788945, "mean": 0.110237970948}, "silence_rate_60dB": {"dmean2": 0.0199524220079, "median": 0, "min": 0, "dvar2": 0.0235439073294, "dvar": 0.00987565610558, "dmean": 0.0099754454568, "max": 1, "var": 0.0221241693944, "mean": 0.0226348508149}, "erbbands_kurtosis": {"dmean2": 0.832673192024, "median": -0.871364831924, "min": -1.84921658039, "dvar2": 2.25331711769, "dvar": 0.991438686848, "dmean": 0.522884786129, "max": 31.4928436279, "var": 2.25142407417, "mean": -0.458295196295}, "erbbands": {"dmean2": [0.313703536987, 2.79970049858, 7.67981243134, 11.067276001, 12.9240837097, 17.5410137177, 16.4302387238, 12.7147750854, 21.3433551788, 18.8152770996, 22.409828186, 15.846288681, 16.8824806213, 14.2543048859, 17.6174182892, 20.0236587524, 12.3534002304, 20.9972286224, 11.7125692368, 13.5158624649, 15.3448076248, 18.6536521912, 22.2535667419, 25.761390686, 16.7388687134, 17.121963501, 13.9114942551, 23.6711025238, 19.5179195404, 15.7091188431, 11.9465370178, 6.91780138016, 4.81595516205, 4.32167768478, 3.08166432381, 0.950405955315, 0.520663380623, 0.119566701353, 0.0191006567329, 0.000880054605659], "median": [0.0979820266366, 0.729318141937, 2.0372838974, 3.73044490814, 6.56311368942, 11.2972488403, 11.3727178574, 9.64734077454, 11.8417072296, 10.9233856201, 11.6417350769, 9.15657138824, 11.0939588547, 9.92544841766, 10.636888504, 12.6427545547, 8.11372470856, 11.1096410751, 9.43309879303, 10.6854982376, 13.381975174, 18.2087879181, 18.7821750641, 20.9340572357, 16.7076339722, 15.4040765762, 14.9335260391, 19.9243717194, 15.5676755905, 16.0466823578, 12.6594266891, 7.84911727905, 6.11787748337, 5.15936231613, 2.96983218193, 0.828288912773, 0.362597286701, 0.053990919143, 0.00730812968686, 0.000443158933194], "min": [1.42631706219e-22, 6.42880642232e-22, 2.24419653766e-21, 7.12127301827e-21, 1.337440302e-20, 2.68227417696e-20, 4.66011778998e-20, 6.6626205941e-20, 1.37034229944e-19, 2.57452004044e-19, 3.71371576498e-19, 2.7505223613e-19, 6.16834321346e-19, 9.41711316384e-19, 1.29073087007e-18, 1.20179013586e-18, 1.24399092616e-18, 2.31836205706e-18, 3.38324935545e-18, 3.44628362006e-18, 4.55240008171e-18, 5.19901212963e-18, 5.73498298035e-18, 6.44231463472e-18, 6.09524205741e-18, 8.49841556306e-18, 1.10449919948e-17, 1.21806075783e-17, 1.07512229362e-17, 1.14990363962e-17, 9.54477422252e-18, 1.24892791229e-17, 1.02691007162e-17, 8.25939345326e-18, 7.05827674581e-18, 4.49814944124e-18, 2.64779748936e-18, 1.06598517386e-18, 2.60703935375e-19, 2.71163634221e-20], "dvar2": [0.27043351531, 25.396987915, 311.143859863, 469.680786133, 405.808868408, 576.771789551, 444.856842041, 430.175689697, 1539.31884766, 1016.56970215, 1824.86035156, 1034.53100586, 736.455627441, 585.547485352, 884.02142334, 980.13293457, 383.906555176, 1224.61779785, 309.50970459, 393.109466553, 494.657592773, 738.09552002, 1908.00842285, 2007.89123535, 638.24395752, 657.929260254, 388.220947266, 1220.34814453, 1060.50842285, 448.478271484, 291.910339355, 115.040756226, 64.4889526367, 44.8970069885, 22.0601520538, 5.59518909454, 1.18824982643, 0.0667495131493, 0.0020296224393, 5.89228466197e-06], "dvar": [0.122400224209, 12.5139894485, 112.672386169, 168.808486938, 147.793563843, 215.486206055, 164.00894165, 171.889755249, 677.711914062, 398.835662842, 837.069885254, 431.709747314, 306.866149902, 235.196456909, 361.612426758, 415.936401367, 158.051071167, 491.28012085, 117.760169983, 156.824081421, 192.505493164, 284.730194092, 697.843261719, 743.456420898, 255.333969116, 253.455612183, 156.951690674, 478.654205322, 385.366333008, 189.914031982, 120.114891052, 45.4861679077, 25.3772850037, 19.1725749969, 9.1899023056, 2.08133125305, 0.482583016157, 0.0264024585485, 0.000791202590335, 2.19306161853e-06], "dmean": [0.212168157101, 1.89094555378, 4.44445085526, 6.28658533096, 7.57322883606, 10.3569993973, 9.80383586884, 7.75471305847, 13.0672225952, 11.696023941, 13.9192361832, 9.90567779541, 10.7899885178, 8.89126777649, 11.0879774094, 12.698597908, 7.75490236282, 12.9048786163, 7.13664102554, 8.2147731781, 9.44041347504, 11.2240924835, 13.3956604004, 15.6049690247, 10.3368244171, 10.448132515, 8.62366008759, 14.4466962814, 11.5233640671, 9.84959697723, 7.58097839355, 4.35303401947, 3.07933688164, 2.84118819237, 1.98502874374, 0.646313667297, 0.3768029809, 0.0808551982045, 0.0128156673163, 0.000596972065978], "max": [4.94744348526, 34.2793769836, 97.1666946411, 127.538314819, 180.934875488, 599.414978027, 195.797775269, 381.694671631, 734.624267578, 341.362579346, 968.608337402, 542.78326416, 346.220855713, 414.621612549, 420.30569458, 422.394866943, 236.314437866, 413.996856689, 239.913406372, 296.870361328, 403.600585938, 399.710906982, 763.625854492, 671.936645508, 536.62487793, 332.635345459, 254.087310791, 283.632781982, 260.81048584, 242.5677948, 171.946426392, 101.323852539, 106.365028381, 62.1705970764, 55.4184684753, 60.121055603, 24.942029953, 4.69191503525, 0.713590145111, 0.0486877188087], "var": [0.1937289536, 18.1889781952, 86.3627166748, 144.774902344, 186.526489258, 349.823974609, 303.625305176, 327.631713867, 2083.15869141, 805.68182373, 2222.16430664, 1048.24572754, 640.157287598, 518.351501465, 705.649597168, 880.616210938, 307.839355469, 798.855773926, 225.359695435, 313.927429199, 376.578613281, 589.927429199, 1005.86895752, 1361.5291748, 502.534484863, 508.669036865, 321.981292725, 721.357727051, 520.826599121, 456.798248291, 238.105560303, 95.5466003418, 52.046497345, 37.4831008911, 15.7338113785, 2.28838467598, 0.608621180058, 0.028761330992, 0.000815708655864, 1.9934775537e-06], "mean": [0.284648686647, 2.43792366982, 4.95278644562, 7.71746063232, 11.0229816437, 16.3884239197, 16.6624641418, 14.5657911301, 23.8449077606, 20.5326747894, 24.1690177917, 17.8667106628, 18.9506034851, 16.4475078583, 18.7705192566, 22.1618423462, 13.7304897308, 20.1666889191, 13.5487165451, 15.3961238861, 18.3732585907, 23.2061424255, 26.6017131805, 30.133026123, 21.857334137, 21.2438793182, 18.7760257721, 26.2996292114, 21.4484825134, 21.3575363159, 16.2144432068, 10.1411104202, 7.62559747696, 6.44966983795, 3.95553827286, 1.23514711857, 0.614890515804, 0.107798658311, 0.0161178782582, 0.000838275242131]}, "spectral_strongpeak": {"dmean2": 0.509352684021, "median": 0.353097438812, "min": 0, "dvar2": 0.763281822205, "dvar": 0.273017197847, "dmean": 0.297610074282, "max": 11.3827323914, "var": 0.323254436255, "mean": 0.503684937954}, "spectral_energy": {"dmean2": 0.0210002269596, "median": 0.0274517387152, "min": 1.02341758065e-20, "dvar2": 0.0010764489416, "dvar": 0.00050679279957, "dmean": 0.014015275985, "max": 0.223616123199, "var": 0.000943575461861, "mean": 0.0355229862034}, "average_loudness": 0.920000851154, "spectral_rolloff": {"dmean2": 1791.51501465, "median": 2088.72070312, "min": 64.599609375, "dvar2": 4174123, "dvar": 1910920.75, "dmean": 1105.79418945, "max": 19336.8164062, "var": 6129220, "mean": 2717.58007812}, "spectral_centroid": {"dmean2": 490.043334961, "median": 1748.78381348, "min": 163.174377441, "dvar2": 235665.265625, "dvar": 99126.8984375, "dmean": 303.311798096, "max": 11725.9775391, "var": 687772.5, "mean": 1800.18200684}, "pitch_salience": {"dmean2": 0.116761550307, "median": 0.615610003471, "min": 0.153447702527, "dvar2": 0.00959234964103, "dvar": 0.00432000402361, "dmean": 0.0743876770139, "max": 0.81864875555, "var": 0.0134916100651, "mean": 0.59331548214}, "spectral_energyband_middle_high": {"dmean2": 0.00195238587912, "median": 0.00387676618993, "min": 1.13578168601e-21, "dvar2": 4.92252684126e-06, "dvar": 2.22293829211e-06, "dmean": 0.00126121484209, "max": 0.0200996287167, "var": 9.47465832724e-06, "mean": 0.00431166123599}, "spectral_contrast_coeffs": {"dmean2": [0.0879310369492, 0.0763017609715, 0.0629426315427, 0.0508392937481, 0.0355291813612, 0.0277309417725], "median": [-0.6584379673, -0.753392636776, -0.782980561256, -0.794121682644, -0.792981684208, -0.763403534889], "min": [-0.981036245823, -0.973737359047, -0.974827349186, -0.967591226101, -0.967271029949, -0.964814186096], "dvar2": [0.00476532662287, 0.00356939993799, 0.00245936727151, 0.00164988462348, 0.0008741163183, 0.000576042686589], "dvar": [0.00184240052477, 0.00127913116012, 0.000985456979834, 0.000655744166579, 0.000343668012647, 0.000237989312154], "dmean": [0.0535767637193, 0.0456369742751, 0.0386688373983, 0.0310925226659, 0.0215489696711, 0.0171262528747], "max": [-0.362746655941, -0.478603452444, -0.501278102398, -0.519636511803, -0.557287991047, -0.569157481194], "var": [0.00633189687505, 0.00352249364369, 0.00315420748666, 0.00213214196265, 0.00136473739985, 0.00150520924944], "mean": [-0.654358148575, -0.749628901482, -0.778617918491, -0.789297640324, -0.7903008461, -0.767161786556]}, "melbands_skewness": {"dmean2": 1.21564722061, "median": 3.11644434929, "min": -0.567658364773, "dvar2": 1.70418417454, "dvar": 0.906900346279, "dmean": 0.810116350651, "max": 19.3477535248, "var": 2.79887604713, "mean": 3.43137812614}, "spectral_spread": {"dmean2": 928021.3125, "median": 7050252, "min": 801289.5625, "dvar2": 1422946992130.0, "dvar": 908880707584, "dmean": 672928.3125, "max": 42564252, "var": 6054477824000.0, "mean": 7099124.5}, "dissonance": {"dmean2": 0.0205964948982, "median": 0.480445683002, "min": 0.249492242932, "dvar2": 0.000405112106819, "dvar": 0.000151584390551, "dmean": 0.0122331231833, "max": 0.5, "var": 0.000304692483041, "mean": 0.476621210575}, "spectral_skewness": {"dmean2": 0.225051447749, "median": 1.16332387924, "min": -0.0774814635515, "dvar2": 0.152823671699, "dvar": 0.0755673348904, "dmean": 0.145384371281, "max": 7.76014757156, "var": 0.242539852858, "mean": 1.2521469593}, "spectral_flux": {"dmean2": 0.0462168678641, "median": 0.0880281999707, "min": 6.50338463637e-11, "dvar2": 0.0033699600026, "dvar": 0.00175899325404, "dmean": 0.0301055088639, "max": 0.380992501974, "var": 0.00342099112459, "mean": 0.100189611316}, "spectral_contrast_valleys": {"dmean2": [0.686605215073, 0.568652629852, 0.534923136234, 0.47882387042, 0.392901241779, 0.391586750746], "median": [-6.64603567123, -6.29662084579, -7.0783662796, -7.43715047836, -6.87265634537, -8.67856407166], "min": [-28.3391208649, -27.91040802, -27.6690998077, -27.6579170227, -27.4803161621, -27.3910884857], "dvar2": [0.354243755341, 0.232484102249, 0.234258964658, 0.217966392636, 0.226175948977, 0.306458860636], "dvar": [0.165555939078, 0.0988086462021, 0.106759108603, 0.107693873346, 0.117857061327, 0.161623001099], "dmean": [0.424132704735, 0.344943165779, 0.334338009357, 0.302120983601, 0.266650378704, 0.288025170565], "max": [-4.8511838913, -4.72328662872, -5.57243919373, -5.81818199158, -5.64756250381, -7.36929702759], "var": [1.86996483803, 1.627186656, 1.61766850948, 1.61745107174, 1.88199830055, 1.91007232666], "mean": [-6.82050514221, -6.46016263962, -7.27603435516, -7.64439344406, -7.17675209045, -9.00966453552]}, "erbbands_flatness_db": {"dmean2": 0.0188659802079, "median": 0.0812517926097, "min": 0.0328730903566, "dvar2": 0.000543940113857, "dvar": 0.000303459528368, "dmean": 0.0131210284308, "max": 0.402634292841, "var": 0.00142305868212, "mean": 0.0912428721786}, "spectral_energyband_high": {"dmean2": 0.00202474067919, "median": 0.00294847111218, "min": 7.32757380175e-21, "dvar2": 9.8129385151e-06, "dvar": 4.04748061555e-06, "dmean": 0.00137033453211, "max": 0.0298395026475, "var": 8.25515508041e-06, "mean": 0.00341790821403}, "spectral_entropy": {"dme