{"metadata": {"tags": {"bpm": ["137.54"], "musicip_puid": ["796ad3a0-e77b-207f-1f14-679b142b6d38"], "musicbrainz_albumid": ["5623a612-97d2-4bfb-baad-de75e1fb0e74"], "genre": ["Oldies"], "musicbrainz_recordingid": ["1b19f728-9669-429c-a14e-2d94bc96c4bc"], "title": ["What Kind of Fool Do You Think I Am"], "tracknumber": ["07/18"], "artist": ["Bill Deal & The Rhondels"], "album": ["Son of Frat Rock"], "musicbrainz album type": ["Compilation"], "date": ["1969"], "acoustid_id": ["a67df17f-a260-429b-9711-0fc804369a93"], "file_name": "Bill Deal & The Rhondels - What Kind of Fool Do You Think I Am.mp3", "acoustid_fingerprint": ["AQADtJKkJEkkrcKDI8zyhILGx8EbPM2hr-mQ90PTXuiNU-TQZ_lglD9CRzsahtD-omEmIcabXEHOB2-WFi20iDsRczv-xPCTI-_RvNCIv0FO_XCIvIGqe8g1Fs3movaDH2eeoNmLEJ_wHc2DG455ogszK7hOqJGio5mO_kSeKGiS0qh-fA-8JHuQvzi06wgTRg8-HX_QLBW6JzgeXwk-7mgehBaeQKzxJD08bcen4PlE_MmgHd4a9HikJEclNQjzRCnOHGGO4snT49oOJ9PwQIe-o0yoNId4iXguNB-OSgmaJm1wMTrQPKh9_MGl6GiPZo3I4NShX0Eehkd7vDnc6uh1XMpStK_wI8_hQ7vw4g8-4dFx6ejDwlpRMoTeB19y4UEpEY2Mb9LRvjLc6sEHM0LJLEdwMUa_I_XRB1-Ja8lwhkF5NPrxTenQh3C2PNB-FFO4HEcvlkWDnWjGvaipo5cy_FDE4wuLS3QMu4jTLLg_PMuFTNaOK3CuHGcyo-SJpk7xlAe9HM0w_YMuPPBxJgouOsWVHD7yCR9OXMtx8fiFTlVcJEeabRfqvfjxxUGfojH-WELuOEHvQtmDdrjOoodRbzn6K0ODH480aNQhxiK2pE_RG8-kozx-9A8OXcpSPEkSF6GOS3nQXDmOJ5KImI7RhUcTZ4ae40XfIT_645KCL0ly_EGY6Dm058h1PMnx52i4KEFpXfjx5MK3MEVToVyC0Ie_o6kGXVGOk7ieBOesow_8_KiOOzo06Qm0PKJw50EY7yh1PAobvJrh5rh65BoNcTeC__iFk1XQoCZxKfjRtIInFX12xPgT3MxRTkfzHbcR5kO7LMeUeC-64y1K0QiTXsF5B_oxodEDlcosPOKDQyOOHxeZB4205Lgy_HjgkXjwB1q08DiVCH5Q9riO8PCJXrjO474QLtNhjvAk6CHeo1GWRA-uC8dRUkPzR8cjPXh4_EelEr7h56hfolxOhGGUdcGP3EHzH1WeQ6GOMIzBhzmajMmJf8d54Q_R1DmqeOCHBpHoQc8iNNcRHt_SIEdjHSWPM8eVozo6Kjp-XAxC7fgzSQgvHT2a6cPHBy-a3dCenTh6OJK0ot-H71Dlw4-DKx9yBvZx8siVLHAoc9CWXmgiI19yHL3wB31xHa3EIycPscosVJSUB2_wnNBZnD3CjKgWJcfz4NSFh-gPjwnyQ3x-mBzq4zxRaZMRZlIWHFdn9A984z7qaMEtHl-COzouPcT94PuMMHzCo88OHTn6hDZ8ERcpNFxx_HgXHs2ZohQ95OIFXdwY_HiOB88kQuzx4zq-LJHwd_iPx0V_aHGOj1LwxRVkJriOMDda4nEON8UbPDGO_kjjnCjlQxGTBIdfeM-hNUpw9LCTBdLxI59k_GCOV0ekH2J-oc9x9D3EI6eOUkkdXBlRhHmUXMQHdRGPaYuRowuPPkHj7SBNPHB0nMdjfCG2T7gj5IfeWMiJ9oeT9kTJHEeeHsl53MQbHb-OJ_jyIFKqxYb2PEWe0BitG8_ToNmDSRc4Pcd1IeKXJoFG-QizRbgi9MKdHn0YB7myGze0M0daJTj641EUHZd1pA-NX7gTpxC3p3he_GiMikqO58XzCg0vInzxjXiOy0FT5-h1_GirIBeP8D2e4xOOMA6FdsERVhuaqsGZwfiNZzFyuLqgs4CdBXqYKjhzvCglQf_hI3yq4DouJcdF5DHRnIf24BJy5njzoNqL3MLt483Ro0fjHbg0lcFvoZuyQAuPPoTPwpceow8v6Ece9MmcYIpz_OBT9CHijdDfIOQaKrgkKyh7TOGIp5ilHGGcC4x-4Wie5WB-aPOOZlZaPFGE7jqamCmRPSga5D2Owxd2JcU9NN1RUoceaUG_44Qm-zh54SLafAp-wC96Dk9k7GiyV0GtPMOPJsnwo6oGOZIObrfhPUG-H32Ophfyx8EjBs5ecHFolHyg5cd-6MeeB3qz4vvRKKicoddgM_A_MMePh6GhWVkMJvNx7Md__Ar0HLXxpxRsoccNPcGToScuXoE2xcfFH-GPJyV-NEuaE5_Y4cwWND9CFbp24XojoTrM5ejx_MSPMCxK7cJf-MJD40kO56HxVEcsHslClHjwXPgCTxy-HI90hNQD_xOaZwkuCbFe_AijSRJROYsMHT9yY9eC8J3B39A4RRR-hMk1kZjGVLh1fLkQPsUjHUdz4y96NN-RHz7xBO8TNDm6ItB_9IiUprhzMJrzohmP6NBshHGOJ8rxN_g_ND_C2fgDLazSo3xwkcOzHO0PLXVifMmPWtLRPCnhGfp4_HieoGeKf4eFahcuC7pzbNeFM9Mh4huep8FlOI5m7Ieso4ku9Dm-40wUoQx8C_XRKxfcxgGaUQoeZXiyB7-gXXmCoxlXPEqOH81rKHo4NDd6HZwY5Wi0NKjWD7kwfUiP1NEOf-iNow9cDl8YhEl-3IlEBU1_aE-OTzLOE__hpDx2LoYuod8PJj20B00ePBGNPEsWB5M_NHpiPMgh7gl-Iz--5SR6JkaDqw--JIfbxLgPP8eV4c2RPwnU_UNIo8mxNsF93HCVPSFmpamIlkOYPagXHmJDokeol0MzDtfxH38q5OnhiivuDlc0w5diHH6PK0_w8Kh2uJJyhCyu4LiEMOTxBdsN7VIORouiwyKqHyYBAAABBIAmAhADhBFCASEAAUAooI0QQgBBCDFGEKQEQgAJZhBQCCAkBJHCIGGIE2QIAJCCRChGHFEWKMAAIgAAwwiAgDAFUABYKESAAAYRQBgxQhgCiFMAGEaAEYoBIQwhIDgBFEEEIsIAg0AQIJQgIgAAJBXEECAZIEwQgYBCjCBmCDKAGIsUQARYCIBiTAFgFADOAICYIUxpApwkDEAAJANCOGQgMAwS5RAQAgKhhFGIEAeEU8ABRZwxBBkDFABACgMEAkYZ4gACBBBApDHGCUQBABYopByQDAHABCEESQoAMAQxygwkADFGFCBIAIAQQkAgY8QQQCgkDTCICKWIkwIgooRARABBjEIMBOAU8oAY4QBSTiBAhHBEGWCFAMwSYCRFiChEACGEEEuFIIoIAIQyDAAjKDBMIMKMAEoJA4hBCALDBCNACSQAEABpIRh3lgBAAGCGGYoMAcwYYIgASAniHJHWECKpEIg4IwRXxDiCABJIOEAAAsMIIRAADiiEgagOIACECEYBAow1gAggIDCIEKOAEgQAIZBgwCCDCDCECsAIAQIYwAxCRDBgJBFEMMAQJYAgZhQADIFSCTBMIWUIMhAAo4gThEiACAEKCSGQUAQzAQxwQAgABKNcKIWUcAAJagRSAgBFBAGAKOUYQdAAQAQDQgBhCVAMCsMMcwIAJoASRgCDDBFCOOIAAAAIQTwQQEjFjADMIGOAJU4JYAQwRAHJhCCMCECEsFYAIAAhylFGEBBGgUaYYcopAwBySoECnBMAOAGAMEYp4ZAhDECFhELCQgAIAkRpSQgxgAAFCBAOMAAIIQQYApQzSgAAIRMECKIoAcwRKCxggDAIhAEISAOoEUQAgYQTAlwEhJLAEAAAAAQxAQQSAAAClCIEKCIZMMARQAQCRBCBDALGKAEIMFYIpYFwwCgDlFAIGACQAQgQRrjiSCAiEA"]}, "audio_properties": {"sample_rate": 44100, "downmix": "mix", "lossless": false, "analysis_sample_rate": 44100, "md5_encoded": "db483b3e4a2c96da44787220b6b73ec2", "equal_loudness": 0, "replay_gain": -6.18669700623, "codec": "mp3", "bit_rate": 96000, "length": 131.317550659}, "version": {"extractor": "music 1.0", "essentia_build_sha": "2d9f1f26377add8aeb1075a9c2973f962c4f09fd", "essentia_git_sha": "v2.1_beta2-1-ge3940c0", "essentia": "2.1-beta2"}}, "rhythm": {"beats_loudness_band_ratio": {"dvar2": [0.128373652697, 0.0122952880338, 0.027710236609, 0.0846650227904, 0.0216953996569, 0.00537148816511], "var": [0.0538409240544, 0.00535988761112, 0.00929991528392, 0.0316471494734, 0.0136659285054, 0.00194266461767], "min": [0.00685478886589, 0.000284570764052, 0.000149714018335, 0.000354966177838, 0.000916824676096, 2.01414986805e-05], "dmean": [0.25541844964, 0.0715064331889, 0.0958819687366, 0.200358733535, 0.121226795018, 0.0437508635223], "mean": [0.337432175875, 0.106604903936, 0.119619190693, 0.243060335517, 0.188736766577, 0.055304158479], "max": [0.99836063385, 0.421275109053, 0.590132713318, 0.834300637245, 0.651747047901, 0.280773133039], "dmean2": [0.468742638826, 0.120883852243, 0.177826315165, 0.366285741329, 0.207242161036, 0.0792405456305], "median": [0.268896877766, 0.0886865034699, 0.0939399078488, 0.194831132889, 0.175051391125, 0.0416061580181], "dvar": [0.0449836403131, 0.00434183189645, 0.00945332366973, 0.0275943949819, 0.00799880363047, 0.00178177084308]}, "bpm_histogram_first_peak_weight": {"dvar2": 0, "var": 0, "min": 0.461538463831, "dmean": 0, "mean": 0.461538463831, "max": 0.461538463831, "dmean2": 0, "median": 0.461538463831, "dvar": 0}, "bpm": 138.275024414, "beats_count": 300, "bpm_histogram_first_peak_spread": {"dvar2": 0, "var": 0, "min": 0.5, "dmean": 0, "mean": 0.5, "max": 0.5, "dmean2": 0, "median": 0.5, "dvar": 0}, "danceability": 1.20481956005, "bpm_histogram_first_peak_bpm": {"dvar2": 0, "var": 0, "min": 140, "dmean": 0, "mean": 140, "max": 140, "dmean2": 0, "median": 140, "dvar": 0}, "beats_position": [0.476009070873, 0.96362811327, 1.42802715302, 1.86920630932, 2.31038546562, 2.75156450272, 3.1811337471, 3.62231278419, 4.06349182129, 4.5046710968, 4.93424034119, 5.36380958557, 5.79337835312, 6.23455762863, 6.65251684189, 7.08208608627, 7.52326536179, 7.96444416046, 8.40562343597, 8.83519268036, 9.26476192474, 9.70594120026, 10.1355104446, 10.5650787354, 11.0062580109, 11.4474372864, 11.8886165619, 12.3297958374, 12.7593650818, 13.2005443573, 13.6301136017, 14.0712919235, 14.512471199, 14.9536504745, 15.3832197189, 15.8127889633, 16.242357254, 16.6719264984, 17.1014957428, 17.5310649872, 17.9606342316, 18.390203476, 18.8197727203, 19.2493419647, 19.667301178, 20.0852603912, 20.5032196045, 20.94439888, 21.3855781555, 21.8383674622, 22.2911567688, 22.7323360443, 23.1735134125, 23.6263027191, 24.0674819946, 24.497051239, 24.9382305145, 25.3910198212, 25.8205890656, 26.2501583099, 26.6913375854, 27.1209068298, 27.5504760742, 27.9800453186, 28.4212245941, 28.8624038696, 29.291973114, 29.7215423584, 30.1511096954, 30.5806789398, 31.0218582153, 31.4514274597, 31.8809967041, 32.322177887, 32.7517471313, 33.1813163757, 33.6224937439, 34.0636711121, 34.5048522949, 34.9344215393, 35.3639907837, 35.8051681519, 36.2463493347, 36.6875267029, 37.1287078857, 37.5698852539, 37.9878463745, 38.4058036804, 38.823764801, 39.2533340454, 39.6829032898, 40.1124725342, 40.5420417786, 40.9716110229, 41.4011802673, 41.830745697, 42.2603149414, 42.6898841858, 43.1194534302, 43.5374145508, 43.9669837952, 44.4081611633, 44.86095047, 45.3137397766, 45.7665290833, 46.2193183899, 46.6721076965, 47.1132888794, 47.5544662476, 47.9956436157, 48.4252128601, 48.866394043, 49.2959632874, 49.7255325317, 50.1551017761, 50.5846710205, 51.0142402649, 51.4554176331, 51.8733787537, 52.2913360596, 52.7092971802, 53.1388664246, 53.5684356689, 54.0096130371, 54.4391822815, 54.8687515259, 55.2983207703, 55.7395019531, 56.1690673828, 56.6102485657, 57.0514259338, 57.4926071167, 57.9337844849, 58.3749656677, 58.8161430359, 59.2573242188, 59.6868934631, 60.1280708313, 60.5576400757, 60.9872093201, 61.4167785645, 61.8579597473, 62.2875289917, 62.7287063599, 63.1582756042, 63.5994529724, 64.0406341553, 64.4818115234, 64.9346008301, 65.3873901367, 65.8285675049, 66.2697525024, 66.7109298706, 67.1521072388, 67.5932846069, 68.022857666, 68.4524230957, 68.8936004639, 69.3231735229, 69.7527389526, 70.1823120117, 70.6118774414, 71.053062439, 71.4942398071, 71.9354171753, 72.3765945435, 72.8061676025, 73.2357330322, 73.6769180298, 74.1180953979, 74.5592727661, 75.0004501343, 75.4416275024, 75.859588623, 76.2891616821, 76.7187271118, 77.1483001709, 77.5778656006, 78.0190429688, 78.4486160278, 78.8781814575, 79.2961425781, 79.7257156372, 80.1552810669, 80.5964584351, 81.0492477417, 81.5020370483, 81.954826355, 82.4076156616, 82.8720169067, 83.3131942749, 83.7543716431, 84.1955566406, 84.6367340088, 85.0662994385, 85.4958724976, 85.9370498657, 86.3666229248, 86.7961883545, 87.2373657227, 87.6669387817, 88.1081161499, 88.537689209, 88.9788665771, 89.4200439453, 89.8612213135, 90.3023986816, 90.7319717407, 91.1615371704, 91.5911102295, 92.0206756592, 92.4502487183, 92.8798141479, 93.3209991455, 93.7621765137, 94.1917419434, 94.6213150024, 95.0508804321, 95.4804534912, 95.9100189209, 96.33959198, 96.7807693481, 97.2103347778, 97.6515197754, 98.0926971436, 98.5338745117, 98.9634475708, 99.404624939, 99.8458023071, 100.286979675, 100.728164673, 101.169342041, 101.610519409, 102.040092468, 102.469657898, 102.899223328, 103.328796387, 103.769973755, 104.211151123, 104.640724182, 105.070289612, 105.499862671, 105.929428101, 106.370613098, 106.811790466, 107.252967834, 107.694145203, 108.1353302, 108.576507568, 109.017684937, 109.458862305, 109.900039673, 110.329612732, 110.759178162, 111.188751221, 111.61831665, 112.059501648, 112.500679016, 112.930244446, 113.359817505, 113.777778625, 114.207344055, 114.636917114, 115.066482544, 115.496055603, 115.937232971, 116.366798401, 116.79637146, 117.22593689, 117.655509949, 118.096687317, 118.537864685, 118.967437744, 119.408615112, 119.838180542, 120.267753601, 120.697319031, 121.12689209, 121.568069458, 121.997642517, 122.427207947, 122.856781006, 123.274734497, 123.704307556, 124.133872986, 124.551834106, 124.993011475, 125.434196472, 125.863761902, 126.293327332, 126.722900391, 127.15246582, 127.593650818, 128.034820557, 128.476013184, 128.92880249, 129.381591797, 129.834381104, 130.29876709, 130.774780273], "beats_loudness": {"dvar2": 0.000225064242841, "var": 0.00015276002523, "min": 7.65424119891e-05, "dmean": 0.0117451352999, "mean": 0.0327851139009, "max": 0.0691385790706, "dmean2": 0.0191164556891, "median": 0.0322975479066, "dvar": 8.89645234565e-05}, "bpm_histogram_second_peak_weight": {"dvar2": 0, "var": 0, "min": 0.0602006688714, "dmean": 0, "mean": 0.0602006688714, "max": 0.0602006688714, "dmean2": 0, "median": 0.0602006688714, "dvar": 0}, "bpm_histogram_second_peak_spread": {"dvar2": 0, "var": 0, "min": 0.142857134342, "dmean": 0, "mean": 0.142857134342, "max": 0.142857134342, "dmean2": 0, "median": 0.142857134342, "dvar": 0}, "bpm_histogram_second_peak_bpm": {"dvar2": 0, "var": 0, "min": 133, "dmean": 0, "mean": 133, "max": 133, "dmean2": 0, "median": 133, "dvar": 0}, "onset_rate": 3.22845768929}, "lowlevel": {"spectral_energyband_high": {"dvar2": 1.17730287741e-07, "var": 2.53569567121e-07, "min": 7.73258210917e-21, "dmean": 0.000157148213475, "mean": 0.000404142745538, "max": 0.00508031388745, "dmean2": 0.000214941523154, "median": 0.000214248255361, "dvar": 6.45184456971e-08}, "spectral_energyband_middle_low": {"dvar2": 2.44033581112e-05, "var": 2.62472585746e-05, "min": 2.7737099161e-22, "dmean": 0.00265850871801, "mean": 0.00704713817686, "max": 0.0462453514338, "dmean2": 0.00421572802588, "median": 0.00597203476354, "dvar": 1.00502220448e-05}, "spectral_energy": {"dvar2": 0.00015608688409, "var": 0.000200167691219, "min": 1.050050373e-20, "dmean": 0.00721864402294, "mean": 0.0255253370851, "max": 0.10953399539, "dmean2": 0.0113575663418, "median": 0.0241503715515, "dvar": 5.94852026552e-05}, "spectral_spread": {"dvar2": 639173918720, "var": 1024485425150.0, "min": 863077.125, "dmean": 287231.625, "mean": 2792886.5, "max": 41213256, "dmean2": 444581, "median": 2683920.75, "dvar": 321110638592}, "spectral_energyband_low": {"dvar2": 0.000140158866998, "var": 8.87758214958e-05, "min": 7.49835577586e-23, "dmean": 0.0050234249793, "mean": 0.00946425553411, "max": 0.0988183394074, "dmean2": 0.00860060658306, "median": 0.00654347240925, "dvar": 4.87116813019e-05}, "spectral_rolloff": {"dvar2": 566725.375, "var": 903075.25, "min": 21.533203125, "dmean": 355.694824219, "mean": 1528.76171875, "max": 19164.5507813, "dmean2": 581.753112793, "median": 1571.92382813, "dvar": 275899.9375}, "barkbands": {"dvar2": [1.17952758671e-08, 4.28945895692e-05, 4.66226738354e-05, 9.61297973845e-06, 3.57114163307e-06, 1.43569934608e-06, 3.89047897897e-07, 7.65481615872e-07, 1.05289072962e-05, 4.31688749813e-06, 3.06079641632e-06, 6.18699777988e-06, 6.79003278492e-06, 1.70041330421e-05, 1.85264366337e-06, 7.46296620946e-07, 1.5009255776e-06, 3.49279389411e-07, 4.55838147673e-07, 2.09102793747e-07, 3.17938955163e-08, 8.54249471161e-09, 4.83432005538e-09, 2.17623830068e-09, 1.10973563672e-10, 5.00234828463e-18, 5.58281442128e-18], "var": [5.03342301172e-09, 3.20893559547e-05, 2.5645686037e-05, 3.79076732315e-06, 2.3288621378e-06, 1.23422046272e-06, 2.60024393128e-07, 4.07307510386e-07, 1.16229084597e-05, 4.73845193483e-06, 4.56327825304e-06, 4.91184755447e-06, 6.28708494332e-06, 1.67967973539e-05, 2.09013228414e-06, 9.91060687738e-07, 1.83485030902e-06, 3.69386157217e-07, 5.18318302056e-07, 2.95109430226e-07, 6.81534046976e-08, 9.46594003182e-09, 2.60600940827e-09, 9.69562874431e-10, 5.3146299861e-11, 1.33061514106e-18, 1.48775805415e-18], "min": [6.28284087e-24, 1.46243736221e-23, 4.33753086143e-23, 1.52946876659e-23, 5.57508196559e-23, 3.00252261886e-23, 3.40353658904e-23, 2.10194449442e-23, 3.66245619981e-23, 6.53297051925e-23, 7.05263989808e-23, 6.61890397755e-23, 8.83306677564e-23, 6.91062032268e-23, 7.57589954067e-23, 1.17617242459e-22, 1.24751107262e-22, 1.45144019943e-22, 2.43654672624e-22, 2.75983303236e-22, 3.04688298124e-22, 4.5772839921e-22, 5.97772995069e-22, 8.08088260137e-22, 1.3685658806e-21, 1.65342590113e-21, 2.2506718109e-21], "dmean": [6.89965236234e-05, 0.00287411967292, 0.00258331745863, 0.00114469614346, 0.000917174096685, 0.000541225424968, 0.000238905180595, 0.000318430305924, 0.000872294825967, 0.000675798743032, 0.000594733224716, 0.000744334538467, 0.000745622091927, 0.00121208839118, 0.00047460096539, 0.000324432039633, 0.000491730635986, 0.000227592565352, 0.0002723801299, 0.000180932154763, 7.44420249248e-05, 3.56578348146e-05, 1.68464393937e-05, 7.44187445889e-06, 1.46209595187e-06, 9.39998745508e-10, 9.95580951013e-10], "mean": [0.000203548479476, 0.00417350186035, 0.00427269889042, 0.00147371680941, 0.00166275247466, 0.000944510451518, 0.000376379059162, 0.000451267202152, 0.00146645237692, 0.00113485881593, 0.000990789500065, 0.00121425837278, 0.00122205284424, 0.00194656371605, 0.000806888216175, 0.000593286356889, 0.000942550890613, 0.000449116661912, 0.000521707290318, 0.000394476461224, 0.000167206831975, 7.51539409976e-05, 2.97176775348e-05, 1.0443035535e-05, 1.45907131355e-06, 7.89150966796e-10, 8.47093672984e-10], "max": [0.000604168977588, 0.0673555806279, 0.0513408817351, 0.0305587239563, 0.0164708923548, 0.0184751152992, 0.00984414666891, 0.00818238314241, 0.0426056534052, 0.0303179044276, 0.0480890907347, 0.030542422086, 0.0336296372116, 0.0481031835079, 0.0241441000253, 0.0160000175238, 0.0168204829097, 0.0072271428071, 0.00979380682111, 0.00677037145942, 0.00288099073805, 0.00118484441191, 0.00122322957031, 0.00133587780874, 0.000236684747506, 1.36442404042e-08, 1.44278420322e-08], "dmean2": [0.000115101996926, 0.00450376281515, 0.0045686843805, 0.00201360648498, 0.00150572590064, 0.000875460624229, 0.000383414182579, 0.000523906783201, 0.00134764751419, 0.00106056651566, 0.000916428223718, 0.00118536257651, 0.00116918841377, 0.00194536929484, 0.000727431091946, 0.000498723122291, 0.000744333083276, 0.000357008364517, 0.000414656067733, 0.000269390322501, 0.00010625566938, 5.28517957719e-05, 2.54760343523e-05, 1.15746861411e-05, 2.40899225901e-06, 1.73509939749e-09, 1.83774795381e-09], "median": [0.000197448214749, 0.00209848745726, 0.00229544332251, 0.000859021674842, 0.00124895107001, 0.000613964512013, 0.000226091986406, 0.000234506849665, 0.000481369555928, 0.000465896126116, 0.000322443549521, 0.000464859593194, 0.000350420421455, 0.000490243895911, 0.000323528773151, 0.000293807883281, 0.000442473246949, 0.000229206983931, 0.000229279758059, 0.000181264840649, 6.04454362474e-05, 3.9995789848e-05, 1.50132582348e-05, 4.49181698059e-06, 1.37948987344e-07, 3.46701362064e-10, 3.8050748663e-10], "dvar": [4.32243396631e-09, 1.70914063347e-05, 1.6275109374e-05, 3.35576100952e-06, 1.36828703035e-06, 5.73096997414e-07, 1.68139237644e-07, 2.98708414448e-07, 4.56209772892e-06, 1.86769250377e-06, 1.49221534684e-06, 2.32267507272e-06, 2.72928537015e-06, 6.69554947308e-06, 8.66053937898e-07, 3.52092001776e-07, 7.09758353423e-07, 1.46889732378e-07, 1.99974707016e-07, 9.53295682393e-08, 1.78182890664e-08, 3.71754094175e-09, 1.9737496082e-09, 9.362970399e-10, 4.51697949877e-11, 1.6056371851e-18, 1.79315592804e-18]}, "melbands_skewness": {"dvar2": 87.0348358154, "var": 257.944000244, "min": -1.40919685364, "dmean": 0.965576767921, "mean": 2.85557079315, "max": 449.505249023, "dmean2": 1.51526594162, "median": 1.64797866344, "dvar": 50.8751869202}, "barkbands_skewness": {"dvar2": 13.944937706, "var": 32.9421882629, "min": -2.11529827118, "dmean": 0.678777456284, "mean": 1.34989106655, "max": 137.667541504, "dmean2": 1.06254589558, "median": 0.631697714329, "dvar": 6.39522027969}, "erbbands": {"dvar2": [0.00295539246872, 3.57451987267, 56.1648254395, 98.3907623291, 25.3177032471, 87.5884475708, 68.1041641235, 144.075622559, 102.0519104, 100.129852295, 645.472045898, 5315.67089844, 6328.98388672, 3057.74609375, 4081.51977539, 13867.0419922, 7838.32763672, 40053.46875, 5165.078125, 4243.09033203, 2056.12451172, 3918.84985352, 1158.79211426, 1770.27087402, 746.742431641, 375.989654541, 72.3276824951, 32.6304283142, 12.9689779282, 8.2624835968, 3.69780349731, 1.86498987675, 0.297769486904, 0.0367732420564, 0.00107795919757, 6.62974116494e-07, 1.98366589821e-09, 4.0291572162e-11, 3.58685581237e-11, 1.91839127917e-10], "var": [0.0025966190733, 2.58406472206, 32.054485321, 33.9229431152, 14.9752950668, 46.6981048584, 51.5005264282, 102.388786316, 73.8568496704, 68.6807403564, 380.051055908, 5711.89892578, 7890.79443359, 3698.19384766, 5430.03027344, 10516.2207031, 7430.60351563, 39452.5859375, 5790.59472656, 4599.66699219, 3325.02856445, 5068.05566406, 1362.02160645, 1580.41308594, 1199.29724121, 627.937133789, 146.831008911, 57.1187019348, 15.1859445572, 5.30501842499, 1.95371413231, 0.760080337524, 0.147196635604, 0.0184593982995, 0.000452476582723, 2.86904679569e-07, 1.05028974406e-09, 4.24263367493e-11, 7.33438726419e-11, 2.97938396177e-10], "min": [2.62758056471e-22, 4.54837497885e-21, 4.02974541714e-20, 5.58334828882e-20, 7.63324595709e-20, 2.21865220676e-19, 2.45862247234e-19, 2.53139394523e-19, 4.82023733835e-19, 6.44534738904e-19, 5.40139168926e-19, 5.77723412527e-19, 1.76011771399e-18, 2.60384752226e-18, 2.02067464386e-18, 3.86657057378e-18, 3.55993761583e-18, 2.37307674586e-18, 5.36212552898e-18, 3.91678167773e-18, 6.8481952041e-18, 6.91280338662e-18, 8.01514356198e-18, 1.3685709025e-17, 1.04429542286e-17, 1.36531578135e-17, 1.25514847593e-17, 1.15012582033e-17, 1.47050511384e-17, 1.24753096967e-17, 1.91283961553e-17, 1.50134654298e-17, 1.34952779859e-17, 1.28020055068e-17, 1.13094606618e-17, 5.61565969545e-18, 2.72481731017e-18, 1.10543290028e-18, 3.22282207004e-19, 3.45169447986e-20], "dmean": [0.0272688698024, 0.812883317471, 2.92712044716, 3.51745271683, 2.31073093414, 4.03220081329, 3.85787606239, 4.66912555695, 4.14877605438, 3.94212937355, 9.09449195862, 18.3024139404, 25.2444801331, 17.6884613037, 21.3864250183, 32.6547622681, 28.3219470978, 63.1660499573, 25.7529373169, 22.9652881622, 18.296787262, 24.9057407379, 13.9042224884, 14.9633150101, 11.1378765106, 8.05654430389, 3.60597491264, 2.40666365623, 1.42664110661, 0.801725804806, 0.465217828751, 0.21024864912, 0.0975008532405, 0.0289665777236, 0.00309503241442, 8.60142681631e-05, 8.09347784525e-06, 2.06761114896e-06, 3.81729250876e-06, 8.36327581055e-06], "mean": [0.0412390194833, 1.22607862949, 4.84654283524, 5.31856012344, 3.88723897934, 6.49210119247, 7.12096166611, 7.67418766022, 6.68527936935, 6.16414451599, 14.1335840225, 31.9256038666, 44.2078552246, 32.7734718323, 38.2082366943, 55.0706214905, 51.5482749939, 104.260032654, 47.2218093872, 42.9224319458, 37.9122009277, 50.2060432434, 30.3754081726, 26.9674625397, 24.8055171967, 18.2596073151, 8.26866436005, 5.21349191666, 3.00799965858, 1.56390225887, 0.798157393932, 0.314321905375, 0.126646354795, 0.0321531705558, 0.00297627435066, 0.0001151538454, 2.20700276259e-05, 6.73746444591e-06, 1.48851204358e-05, 3.08325397782e-05], "max": [0.56257134676, 18.8483486176, 55.822063446, 72.5536117554, 49.3732185364, 61.7519569397, 88.9155502319, 225.068481445, 158.070983887, 190.994125366, 302.267669678, 1040.40100098, 1171.68920898, 1204.53051758, 1013.28497314, 1527.83215332, 1119.68676758, 2283.0378418, 774.85546875, 1166.73706055, 792.483886719, 830.674865723, 416.213378906, 676.229553223, 384.234039307, 276.951141357, 139.922225952, 98.0558776855, 46.1278533936, 60.9679870605, 36.4225883484, 39.3620109558, 13.1396369934, 4.28953552246, 0.725800693035, 0.0181702263653, 0.00104688166175, 0.00014717123122, 5.32221347385e-05, 0.000119771189929], "dmean2": [0.0432888716459, 1.28574562073, 5.13161420822, 6.2929224968, 3.85751366615, 6.69985437393, 6.26421880722, 7.61461305618, 6.66432857513, 6.27698230743, 14.7171897888, 28.3289699554, 39.1468772888, 27.5905151367, 32.7557868958, 51.9593162537, 44.0621604919, 100.580192566, 40.3892555237, 34.9498023987, 27.3763542175, 37.4005126953, 21.5250930786, 23.3679733276, 16.318649292, 11.8063354492, 5.1892375946, 3.43937587738, 2.12045526505, 1.18226873875, 0.718269705772, 0.327128380537, 0.153452306986, 0.0471458472311, 0.00513160880655, 0.000138248113217, 1.17863100968e-05, 2.80547692455e-06, 5.70173097003e-06, 1.29210247906e-05], "median": [0.0245346929878, 0.647731781006, 2.59998202324, 3.66615629196, 2.82138419151, 4.45537424088, 5.2000336647, 4.82586050034, 3.97627401352, 3.79304003716, 8.39293956757, 10.7730283737, 16.830242157, 13.6567049026, 13.6926460266, 22.2909374237, 20.894115448, 32.5186309814, 19.6190891266, 23.3524169922, 19.7899246216, 24.1021938324, 18.0073871613, 12.6009616852, 11.6262454987, 8.3379201889, 3.2873415947, 2.26116919518, 1.60219371319, 0.797079980373, 0.393963843584, 0.150017336011, 0.0451430715621, 0.00606524851173, 0.000288127426757, 4.47467864433e-05, 1.65913861565e-05, 5.04016225022e-06, 1.38735395012e-05, 2.90309144475e-05], "dvar": [0.00127759331372, 1.39011871815, 19.2766494751, 33.0070266724, 9.75990009308, 32.5556602478, 26.0891799927, 57.7342529297, 42.5733528137, 43.9504737854, 254.52015686, 2272.91821289, 2767.98608398, 1388.32958984, 1894.41589355, 5095.64746094, 3117.0078125, 15915.8457031, 2181.4387207, 2039.33056641, 1016.62957764, 1843.89440918, 501.032562256, 717.672668457, 377.894714355, 183.020965576, 38.9006004333, 16.6742458344, 5.70737409592, 3.36299109459, 1.49459922314, 0.774218201637, 0.130180105567, 0.015091384761, 0.000436847738456, 2.70168129646e-07, 8.18737577735e-10, 1.77537966967e-11, 1.57153214053e-11, 7.66411795139e-11]}, "silence_rate_30dB": {"dvar2": 0.00106048455928, "var": 0.000176768633537, "min": 0, "dmean": 0.000353606796125, "mean": 0.999823212624, "max": 1, "dmean2": 0.000707338622306, "median": 1, "dvar": 0.000353476032615}, "melbands_spread": {"dvar2": 133.229171753, "var": 318.754425049, "min": 0.0036696663592, "dmean": 7.58020591736, "mean": 30.1141662598, "max": 153.622299194, "dmean2": 11.6606750488, "median": 29.7678623199, "dvar": 61.9656448364}, "melbands_crest": {"dvar2": 23.8232402802, "var": 36.6375770569, "min": 2.03699040413, "dmean": 3.48454928398, "mean": 14.1759986877, "max": 39.9974975586, "dmean2": 5.77291536331, "median": 13.2602291107, "dvar": 9.23290061951}, "zerocrossingrate": {"dvar2": 0.000130658125272, "var": 0.000576848513447, "min": 0, "dmean": 0.00699228094891, "mean": 0.052366156131, "max": 0.509765625, "dmean2": 0.00797111541033, "median": 0.0537109375, "dvar": 8.46726106829e-05}, "barkbands_kurtosis": {"dvar2": 671068.3125, "var": 1948744, "min": -1.80269122124, "dmean": 30.1042251587, "mean": 69.6991119385, "max": 40807.5039063, "dmean2": 48.1932029724, "median": -0.163862153888, "dvar": 374808.4375}, "spectral_flux": {"dvar2": 0.000833861529827, "var": 0.001259202254, "min": 6.95251564653e-11, "dmean": 0.0209032073617, "mean": 0.0838956385851, "max": 0.232896998525, "dmean2": 0.0319590978324, "median": 0.0824002102017, "dvar": 0.00039886648301}, "barkbands_crest": {"dvar2": 11.0912094116, "var": 16.9555187225, "min": 2.151948452, "dmean": 2.45371103287, "mean": 9.26231384277, "max": 26.9254341125, "dmean2": 3.91812729836, "median": 8.53151607513, "dvar": 4.60068130493}, "barkbands_flatness_db": {"dvar2": 0.00108637509402, "var": 0.00355637213215, "min": 0.0714438483119, "dmean": 0.0239962860942, "mean": 0.188121423125, "max": 0.822783887386, "dmean2": 0.0376598909497, "median": 0.177602902055, "dvar": 0.000515859748702}, "spectral_entropy": {"dvar2": 0.0439027547836, "var": 0.100413694978, "min": 5.43026733398, "dmean": 0.134504556656, "mean": 7.36897468567, "max": 9.80145168304, "dmean2": 0.199078291655, "median": 7.40045166016, "dvar": 0.0229676887393}, "pitch_salience": {"dvar2": 0.010881440714, "var": 0.0122599937022, "min": 0.00131817394868, "dmean": 0.0741302669048, "mean": 0.520165085793, "max": 0.848200678825, "dmean2": 0.121072433889, "median": 0.524837553501, "dvar": 0.00408140290529}, "erbbands_spread": {"dvar2": 90.1677856445, "var": 226.62437439, "min": 3.34742164612, "dmean": 6.299949646, "mean": 29.5019187927, "max": 154.278640747, "dmean2": 9.75169086456, "median": 26.7003650665, "dvar": 41.8803825378}, "dynamic_complexity": 2.94473218918, "spectral_contrast_valleys": {"dvar2": [0.343955218792, 0.290447860956, 0.22459949553, 0.16818356514, 0.175377741456, 0.897795259953], "var": [0.838625609875, 0.927597641945, 1.05439805984, 1.0376393795, 1.22538208961, 1.81778264046], "min": [-27.5302143097, -27.2416629791, -27.7714633942, -27.3219718933, -27.2846565247, -27.2565441132], "dmean": [0.413653939962, 0.377178609371, 0.346819758415, 0.303366601467, 0.297477692366, 0.740291953087], "mean": [-7.16347360611, -6.87420129776, -7.34723043442, -7.56174850464, -7.59603500366, -12.4121456146], "max": [-5.60434579849, -5.1304101944, -5.55191707611, -5.86661815643, -5.74555253983, -8.44868183136], "dmean2": [0.691543757915, 0.605340003967, 0.53280544281, 0.453878521919, 0.411761909723, 1.09520447254], "median": [-7.02855300903, -6.76295948029, -7.22145843506, -7.41585588455, -7.42981624603, -12.3018445969], "dvar": [0.143818855286, 0.132707580924, 0.1179343611, 0.0959550663829, 0.112136051059, 0.422238111496]}, "hfc": {"dvar2": 76.2062988281, "var": 329.65322876, "min": 1.17939358798e-16, "dmean": 5.73164129257, "mean": 22.5233345032, "max": 116.970619202, "dmean2": 7.73035621643, "median": 17.62733078, "dvar": 45.9050788879}, "spectral_kurtosis": {"dvar2": 32.6425437927, "var": 23.8243274689, "min": -1.19682383537, "dmean": 3.08199524879, "mean": 4.67057657242, "max": 71.7709350586, "dmean2": 5.40526294708, "median": 3.50726771355, "dvar": 11.6552972794}, "mfcc": {"mean": [-652.774536133, 149.841751099, -40.4312591553, 41.2719726563, -1.74840545654, 21.1258716583, -1.72280955315, 13.6801338196, -3.52976846695, 6.00466251373, -4.08931016922, 0.212749198079, -5.39703226089], "cov": [[6036.46386719, -434.128631592, -1096.9465332, 75.6907348633, -661.720458984, 52.6664047241, -2.63886880875, -32.5153503418, -205.03604126, 103.8959198, -116.406448364, -31.8168678284, -196.802490234], [-434.128631592, 925.529174805, -3.46016216278, -0.90180516243, 66.5840377808, 25.6983394623, -15.4238920212, 32.3068161011, 5.82787752151, -55.2316131592, -3.68708205223, -17.3683853149, 30.1009292603], [-1096.9465332, -3.46016216278, 709.975280762, 0.934905350208, 216.926544189, -12.8190870285, -35.6139793396, -4.30200386047, 38.6999702454, -16.8160705566, 6.79589509964, 10.1429595947, 42.6315612793], [75.6907348633, -0.90180516243, 0.934905350208, 335.868164063, 96.5867767334, 27.0614109039, -30.4902019501, 1.46581065655, 40.4916114807, 29.1686019897, -8.22288036346, 1.11030817032, 19.8940505981], [-661.720458984, 66.5840377808, 216.926544189, 96.5867767334, 364.877471924, -45.027507782, -39.3584785461, -29.1815242767, 68.9353942871, 7.36460590363, -3.67517662048, -7.24481105804, 39.0509185791], [52.6664047241, 25.6983394623, -12.8190870285, 27.0614109039, -45.027507782, 152.127487183, 14.62038517, 33.3366737366, -11.0571336746, 4.06583833694, 15.3240423203, 3.37409329414, -10.6818780899], [-2.63886880875, -15.4238920212, -35.6139793396, -30.4902019501, -39.3584785461, 14.62038517, 170.554824829, 23.5267601013, 20.569694519, 1.43878173828, 15.0507383347, 12.3514413834, -8.87729358673], [-32.5153503418, 32.3068161011, -4.30200386047, 1.46581065655, -29.1815242767, 33.3366737366, 23.5267601013, 106.78528595, 6.04714250565, 6.18273258209, 4.0569562912, 12.2447042465, -1.03664052486], [-205.03604126, 5.82787752151, 38.6999702454, 40.4916114807, 68.9353942871, -11.0571336746, 20.569694519, 6.04714250565, 110.997283936, 8.53381252289, 8.93498134613, -2.78408360481, 8.43372631073], [103.8959198, -55.2316131592, -16.8160705566, 29.1686019897, 7.36460590363, 4.06583833694, 1.43878173828, 6.18273258209, 8.53381252289, 96.3015136719, 9.40939903259, 5.43802976608, -15.3755617142], [-116.406448364, -3.68708205223, 6.79589509964, -8.22288036346, -3.67517662048, 15.3240423203, 15.0507383347, 4.0569562912, 8.93498134613, 9.40939903259, 72.9053268433, 8.2036819458, -3.58097243309], [-31.8168678284, -17.3683853149, 10.1429595947, 1.11030817032, -7.24481105804, 3.37409329414, 12.3514413834, 12.2447042465, -2.78408360481, 5.43802976608, 8.2036819458, 79.1418991089, 8.63731384277], [-196.802490234, 30.1009292603, 42.6315612793, 19.8940505981, 39.0509185791, -10.6818780899, -8.87729358673, -1.03664052486, 8.43372631073, -15.3755617142, -3.58097243309, 8.63731384277, 79.6224365234]], "icov": [[0.000303824665025, 9.23080297071e-05, 0.000327814108459, -0.00018265475228, 0.000328169960994, 5.15661304235e-06, 5.6183183915e-05, 0.000136753820698, 0.000238804030232, -0.000202504859772, 0.000446544057922, 3.67839311366e-05, 0.000385662453482], [9.23080297071e-05, 0.00121665350161, 0.000245361705311, 3.88681437471e-05, -0.000271131226327, -0.000258623447735, 0.000132123939693, -0.000432597618783, 0.00011405369878, 0.00062265212182, 9.35112257139e-05, 0.000276157952612, -0.000183091979125], [0.000327814108459, 0.000245361705311, 0.00217956770211, 0.000191834507859, -0.000834798440337, -0.000280815322185, 0.000330589042278, -0.00010584507254, 0.000159913251991, 0.000150645835674, 0.000293379067443, -0.000226803444093, -4.02341211156e-05], [-0.00018265475228, 3.88681437471e-05, 0.000191834507859, 0.0037992761936, -0.00119363574777, -0.00116589141544, 0.000632529961877, -0.00010027949611, -0.00117399427108, -0.000847575196531, 0.00040649829316, -0.000199504735065, -0.00101931276731], [0.000328169960994, -0.000271131226327, -0.000834798440337, -0.00119363574777, 0.00487719103694, 0.00101431307849, 0.000587629969232, 0.00112983153667, -0.0016884370707, -0.000793546903878, 0.000549972755834, 0.000325768720359, -0.000501881004311], [5.15661304235e-06, -0.000258623447735, -0.000280815322185, -0.00116589141544, 0.00101431307849, 0.00786624103785, -0.000395628565457, -0.00202155858278, 0.000949717359617, 7.44838544051e-05, -0.00162857526448, 0.000233482249314, 0.000854799291119], [5.6183183915e-05, 0.000132123939693, 0.000330589042278, 0.000632529961877, 0.000587629969232, -0.000395628565457, 0.0067402604036, -0.000990665168501, -0.00185629702173, 0.000174846951268, -0.00076162168989, -0.000874281860888, 0.000442156277131], [0.000136753820698, -0.000432597618783, -0.00010584507254, -0.00010027949611, 0.00112983153667, -0.00202155858278, -0.000990665168501, 0.0109381321818, -0.000970449764282, -0.000991709297523, 0.000670979090501, -0.00139584986027, -0.000117210140161], [0.000238804030232, 0.00011405369878, 0.000159913251991, -0.00117399427108, -0.0016884370707, 0.000949717359617, -0.00185629702173, -0.000970449764282, 0.0115091027692, -0.000597608624958, -0.00104359677061, 0.000914818840101, 1.01136611192e-05], [-0.000202504859772, 0.00062265212182, 0.000150645835674, -0.000847575196531, -0.000793546903878, 7.44838544051e-05, 0.000174846951268, -0.000991709297523, -0.000597608624958, 0.0119763500988, -0.00171226100065, -0.000807046948466, 0.00218750396743], [0.000446544057922, 9.35112257139e-05, 0.000293379067443, 0.00040649829316, 0.000549972755834, -0.00162857526448, -0.00076162168989, 0.000670979090501, -0.00104359677061, -0.00171226100065, 0.0154832778499, -0.00132691278122, 0.000865508976858], [3.67839311366e-05, 0.000276157952612, -0.000226803444093, -0.000199504735065, 0.000325768720359, 0.000233482249314, -0.000874281860888, -0.00139584986027, 0.000914818840101, -0.000807046948466, -0.00132691278122, 0.0135441143066, -0.00186796369962], [0.000385662453482, -0.000183091979125, -4.02341211156e-05, -0.00101931276731, -0.000501881004311, 0.000854799291119, 0.000442156277131, -0.000117210140161, 1.01136611192e-05, 0.00218750396743, 0.000865508976858, -0.00186796369962, 0.014929458499]]}, "silence_rate_20dB": {"dvar2": 0, "var": 0, "min": 1, "dmean": 0, "mean": 1, "max": 1, "dmean2": 0, "median": 1, "dvar": 0}, "melbands_kurtosis": {"dvar2": 28116364, "var": 59167928, "min": -1.7752532959, "dmean": 111.704109192, "mean": 310.606445313, "max": 228451.046875, "dmean2": 197.191864014, "median": 2.14468240738, "dvar": 14702053}, "barkbands_spread": {"dvar2": 47.9656677246, "var": 120.893684387, "min": 0.00441435584798, "dmean": 5.00008392334, "mean": 23.2834701538, "max": 71.3470230103, "dmean2": 7.68319320679, "median": 23.2436542511, "dvar": 23.459318161}, "erbbands_skewness": {"dvar2": 0.202502563596, "var": 0.470748305321, "min": -3.25243711472, "dmean": 0.338905334473, "mean": -0.279954463243, "max": 6.83292579651, "dmean2": 0.515863358974, "median": -0.278010368347, "dvar": 0.0907536521554}, "average_loudness": 0.947941422462, "spectral_centroid": {"dvar2": 131492.5, "var": 411387.78125, "min": 102.594764709, "dmean": 236.646453857, "mean": 1548.89038086, "max": 11450.0019531, "dmean2": 344.910552979, "median": 1585.2442627, "dvar": 73265.7734375}, "dissonance": {"dvar2": 0.000801995978691, "var": 0.00053995550843, "min": 0.291393369436, "dmean": 0.0169522874057, "mean": 0.470138370991, "max": 0.499872505665, "dmean2": 0.0286511238664, "median": 0.476195544004, "dvar": 0.000293885357678}, "erbbands_flatness_db": {"dvar2": 0.000507453922182, "var": 0.00133811670821, "min": 0.05113754794, "dmean": 0.0174160320312, "mean": 0.223759606481, "max": 0.369539380074, "dmean2": 0.0260450933129, "median": 0.221526250243, "dvar": 0.000231534097111}, "spectral_strongpeak": {"dvar2": 4.69760799408, "var": 3.91245770454, "min": 0, "dmean": 0.823719143867, "mean": 1.34597754478, "max": 13.8614988327, "dmean2": 1.39899992943, "median": 0.42834302783, "dvar": 1.919916749}, "spectral_rms": {"dvar2": 1.08095105134e-06, "var": 2.2427013846e-06, "min": 3.20068646066e-12, "dmean": 0.000700108881574, "mean": 0.00476025976241, "max": 0.0103374291211, "dmean2": 0.00107463577297, "median": 0.00485400250182, "dvar": 4.47389027158e-07}, "silence_rate_60dB": {"dvar2": 0.0228613242507, "var": 0.0336117334664, "min": 0, "dmean": 0.0109618101269, "mean": 0.0348241105676, "max": 1, "dmean2": 0.021927498281, "median": 0, "dvar": 0.0108411777765}, "melbands": {"dvar2": [1.23651341255e-06, 1.11820372695e-05, 2.21557888835e-06, 1.863076875e-07, 8.90600873049e-08, 6.37490629174e-08, 2.03995149661e-08, 1.38458027266e-08, 6.15521997815e-08, 2.67662755959e-07, 1.59965082958e-07, 4.68871874659e-08, 4.17540455544e-08, 6.84864929212e-08, 7.4864466626e-08, 9.40390805226e-08, 2.04066836318e-07, 2.46652653857e-08, 1.53653623158e-08, 4.29936131141e-09, 4.24039381386e-09, 6.4634249064e-09, 1.82463111287e-09, 8.99517904607e-10, 1.73220837674e-09, 3.92462090604e-10, 6.18625928261e-10, 1.33893285348e-10, 5.1749445007e-11, 2.90076140191e-11, 9.66524343199e-12, 5.95417335228e-12, 2.84303353429e-12, 2.85968514493e-12, 1.82669938203e-12, 7.15690581885e-13, 8.1459697928e-13, 2.03860095038e-13, 7.96858171353e-14, 1.65933940714e-14], "var": [1.05357207758e-06, 6.75260116623e-06, 8.48768024753e-07, 1.06539062017e-07, 7.0710903799e-08, 4.95441021542e-08, 1.49772283464e-08, 8.72636185534e-09, 3.65055150553e-08, 3.03339788843e-07, 1.9790545025e-07, 5.433447825e-08, 6.57742731391e-08, 5.89213406954e-08, 6.14706223701e-08, 7.71394397248e-08, 2.00699133757e-07, 2.35515678071e-08, 1.46197747242e-08, 5.50152234879e-09, 5.29385069115e-09, 7.42073336113e-09, 2.34178365588e-09, 8.42574510163e-10, 1.38556188745e-09, 5.20883336463e-10, 7.82922782161e-10, 1.96927724128e-10, 7.50730450028e-11, 4.07123570967e-11, 1.28007899419e-11, 6.23633132982e-12, 2.12759237311e-12, 1.53193983107e-12, 9.33855206706e-13, 3.08795523873e-13, 3.13241457512e-13, 9.97868440981e-14, 3.34301542611e-14, 8.9005180247e-15], "min": [4.27858512355e-24, 1.65109818086e-23, 1.02628492407e-23, 1.03983061244e-23, 9.63084307127e-24, 6.19820280019e-24, 7.29450133841e-24, 5.8746771379e-24, 4.0736082948e-24, 4.57055595521e-24, 9.00082009818e-24, 9.79726668986e-24, 8.41933810316e-24, 5.3027502206e-24, 1.20204597365e-23, 5.30266462919e-24, 4.09508108864e-24, 9.85049034628e-24, 5.01165463011e-24, 5.93592350972e-24, 8.46643073262e-24, 6.52600684961e-24, 7.94484694614e-24, 6.98307088594e-24, 1.17802965559e-23, 6.99891042406e-24, 8.00356344104e-24, 9.10626319107e-24, 7.00576089216e-24, 8.31581194227e-24, 5.81394392009e-24, 7.51594642742e-24, 6.86131730497e-24, 6.93421594122e-24, 9.74939229925e-24, 9.3524343363e-24, 9.00890118929e-24, 9.23508969892e-24, 9.66296469847e-24, 8.83842203678e-24], "dmean": [0.000525361218024, 0.00135141937062, 0.00054576061666, 0.000199803325813, 0.00014607385674, 0.000104804050352, 5.84986191825e-05, 4.82297036797e-05, 8.6033171101e-05, 0.000124949976453, 0.000127842955408, 7.02510587871e-05, 7.22853292245e-05, 7.62762865634e-05, 9.02607716853e-05, 7.08015795681e-05, 0.000134158646688, 5.02376788063e-05, 4.12873087043e-05, 2.47555399255e-05, 2.40782392211e-05, 3.06011534121e-05, 1.75613931788e-05, 1.08482863652e-05, 1.39476906043e-05, 7.79939909989e-06, 9.21557057154e-06, 4.79135178466e-06, 2.78179436464e-06, 1.99996270567e-06, 1.28456485982e-06, 9.43151576394e-07, 5.81862025228e-07, 4.28560269938e-07, 3.29823535594e-07, 1.69857941046e-07, 1.26537273104e-07, 8.03885029654e-08, 4.65389611293e-08, 1.863655541e-08], "mean": [0.000781787210144, 0.00232718745247, 0.000890231633093, 0.000350800022716, 0.000275407364825, 0.000178650516318, 9.53123671934e-05, 7.07223516656e-05, 0.000130386761157, 0.000215946245589, 0.000219047622522, 0.000124366473756, 0.000124660436995, 0.000127355131553, 0.000145317477291, 0.000113347115985, 0.000215372012462, 7.96997410362e-05, 6.77846473991e-05, 4.63236247015e-05, 4.46542326245e-05, 5.70271