{"tonal": {"thpcp": [1, 0.806212723255, 0.687937617302, 0.735247433186, 0.519576728344, 0.322913557291, 0.29251909256, 0.295572310686, 0.383833497763, 0.475003778934, 0.437598317862, 0.368365079165, 0.283897280693, 0.211195185781, 0.409626692533, 0.556016087532, 0.366050571203, 0.18879288435, 0.126949340105, 0.14189556241, 0.241958558559, 0.35362008214, 0.445246458054, 0.587148964405, 0.611159443855, 0.418968290091, 0.328901290894, 0.352606624365, 0.281806707382, 0.252507477999, 0.251919925213, 0.214028447866, 0.239056184888, 0.21731582284, 0.249534085393, 0.660163223743], "hpcp": {"dmean2": [0.106611065567, 0.102590851486, 0.124219685793, 0.116432622075, 0.146433904767, 0.251764178276, 0.258619308472, 0.291434973478, 0.305862039328, 0.247938022017, 0.226262226701, 0.217702850699, 0.207461506128, 0.205787718296, 0.242862939835, 0.269732356071, 0.287902802229, 0.266331762075, 0.198961302638, 0.14868465066, 0.164443418384, 0.162783667445, 0.176885157824, 0.135319113731, 0.0950902327895, 0.0993533656001, 0.145060896873, 0.225721374154, 0.33666780591, 0.34910351038, 0.254934161901, 0.220801830292, 0.179464161396, 0.152067691088, 0.135577946901, 0.127126842737], "median": [0.0268476381898, 0.0257264710963, 0.0242267847061, 0.0221276730299, 0.039115704596, 0.112183853984, 0.129806786776, 0.106677889824, 0.0981934443116, 0.0411619916558, 0.0280195325613, 0.026902101934, 0.0304445773363, 0.0360028669238, 0.0455826632679, 0.0422861725092, 0.0353831201792, 0.0313710235059, 0.0222014784813, 0.0192983355373, 0.0288169085979, 0.0342457890511, 0.0272865444422, 0.0167592726648, 0.0119695877656, 0.0179514102638, 0.0324568450451, 0.0411364212632, 0.0417589098215, 0.0662824288011, 0.0532571002841, 0.0442602857947, 0.0360337086022, 0.0286189112812, 0.0302763842046, 0.0341877304018], "min": [4.15556860389e-06, 9.66709103523e-06, 3.81044651476e-06, 4.1294483708e-06, 1.07420310087e-05, 9.1607835202e-06, 0, 0, 0, 0, 0, 0, 0, 2.5302708309e-05, 1.73372409336e-05, 1.20866952784e-05, 6.54066252537e-06, 4.49675189884e-06, 3.10942891701e-06, 5.89173987464e-06, 5.17371427122e-06, 1.01457153505e-05, 0, 0, 0, 0, 0, 0, 0, 0, 0, 1.03762477011e-05, 4.95848644277e-06, 5.21660695085e-06, 6.04270553595e-06, 3.99818691221e-06], "dvar2": [0.0364075005054, 0.0365059860051, 0.0469476357102, 0.0434510968626, 0.0499822720885, 0.0918081179261, 0.102344080806, 0.118051171303, 0.133917093277, 0.127352505922, 0.111100070179, 0.116269178689, 0.107661448419, 0.0972064062953, 0.128911450505, 0.140711858869, 0.161910712719, 0.143942058086, 0.103153668344, 0.0677766352892, 0.0677180215716, 0.0772527530789, 0.101792916656, 0.0682618469, 0.0450187548995, 0.0394499562681, 0.0577582158148, 0.10522262007, 0.173550575972, 0.167551532388, 0.127532184124, 0.11374296993, 0.0869014337659, 0.0767816603184, 0.0616800189018, 0.0460190698504], "dvar": [0.0135625014082, 0.0132577838376, 0.01751065813, 0.0157390125096, 0.0173614621162, 0.0337921604514, 0.0411999151111, 0.0430449135602, 0.0467208400369, 0.048113822937, 0.0396108143032, 0.0395867973566, 0.0372817106545, 0.0341592468321, 0.0450019352138, 0.0524268895388, 0.059941790998, 0.0526608973742, 0.0372871570289, 0.023414419964, 0.0246188640594, 0.0284189768136, 0.0340692065656, 0.0230322424322, 0.0152606619522, 0.0134111586958, 0.0203273706138, 0.0384250357747, 0.0643543303013, 0.0621228702366, 0.0477362312376, 0.0394036620855, 0.0297811869532, 0.027091300115, 0.0211827456951, 0.0161911975592], "dmean": [0.0603797994554, 0.0593355223536, 0.0706249177456, 0.0647716894746, 0.0820109546185, 0.146610870957, 0.147020578384, 0.166604265571, 0.174674943089, 0.137663319707, 0.127412125468, 0.120586268604, 0.114633873105, 0.113118924201, 0.133287280798, 0.147652298212, 0.156641513109, 0.144918039441, 0.108905352652, 0.0815880820155, 0.093540430069, 0.090460807085, 0.0989074110985, 0.0740026384592, 0.051133915782, 0.0539564788342, 0.0803387612104, 0.124016337097, 0.183254107833, 0.191758736968, 0.141577005386, 0.123227201402, 0.0997913703322, 0.0835037603974, 0.0753043889999, 0.0718042626977], "max": [1, 1, 1, 1, 1, 1, 1, 1, 1, 1, 1, 1, 1, 1, 1, 1, 1, 1, 1, 1, 1, 1, 1, 1, 1, 1, 1, 1, 1, 1, 1, 1, 1, 1, 1, 1], "var": [0.0313046090305, 0.0197346080095, 0.0221707765013, 0.0213685110211, 0.01590876095, 0.0665436908603, 0.144417122006, 0.103007160127, 0.076585188508, 0.129237368703, 0.076382316649, 0.0375393517315, 0.0307783000171, 0.0282485950738, 0.0415628291667, 0.0689502060413, 0.0603078752756, 0.0444963313639, 0.0326090343297, 0.0182004477829, 0.0546472482383, 0.103071570396, 0.0486474372447, 0.0185101460665, 0.010674007237, 0.00921236071736, 0.0175192672759, 0.0378194339573, 0.054860278964, 0.0763885602355, 0.0974225997925, 0.0506600253284, 0.0346014983952, 0.0578592345119, 0.0316253453493, 0.0207567680627], "mean": [0.0848527923226, 0.0720900148153, 0.0805199667811, 0.0731972828507, 0.08404918015, 0.222359120846, 0.336824446917, 0.271552145481, 0.231714203954, 0.247649312019, 0.175006151199, 0.108765177429, 0.0985275804996, 0.0995559766889, 0.129284501076, 0.15999288857, 0.147393807769, 0.124074362218, 0.0956235453486, 0.071135699749, 0.137972280383, 0.187279805541, 0.123294785619, 0.0635900571942, 0.042759642005, 0.0477938950062, 0.0814975574613, 0.119107887149, 0.149969890714, 0.197766125202, 0.205853447318, 0.141118764877, 0.110781997442, 0.118766531348, 0.0949193835258, 0.0850506871939]}, "tuning_equal_tempered_deviation": 0.0738673955202, "chords_changes_rate": 0.0679034590721, "key_key": "B", "tuning_diatonic_strength": 0.560697793961, "key_scale": "major", "chords_number_rate": 0.00216138339601, "tuning_frequency": 450.284484863, "tuning_nontempered_energy_ratio": 0.759228229523, "chords_histogram": [4.98919296265, 1.18876075745, 0.324207484722, 0.324207484722, 0, 0, 1.7651296854, 5.79971170425, 0.162103742361, 0.396253615618, 0.198126807809, 0.108069166541, 0, 3.76440930367, 11.3292503357, 8.89769458771, 24.4056186676, 18.3537464142, 0.720461070538, 0, 0, 1.44092214108, 8.50144100189, 7.33069181442], "key_strength": 0.665298461914, "chords_key": "G", "chords_strength": {"dmean2": 0.00864745955914, "median": 0.507820487022, "min": 0.257307499647, "dvar2": 5.96908575972e-05, "dvar": 6.6691871325e-05, "dmean": 0.00954812578857, "max": 0.822354614735, "var": 0.0115799931809, "mean": 0.513903737068}, "chords_scale": "major", "hpcp_entropy": {"dmean2": 1.32311367989, "median": 1.86179828644, "min": 0.0333498343825, "dvar2": 1.02772927284, "dvar": 0.376859694719, "dmean": 0.780890524387, "max": 4.61865091324, "var": 0.813828527927, "mean": 1.7865678072}}, "metadata": {"audio_properties": {"equal_loudness": 0, "codec": "mp3", "downmix": "mix", "sample_rate": 44100, "analysis_sample_rate": 44100, "bit_rate": 246415, "md5_encoded": "97c10f17c1f399ccbebe689a106c7678", "length": 257.77633667, "replay_gain": -13.2823047638, "lossless": false}, "version": {"essentia_build_sha": "70f2e5ece6736b2c40cc944ad0e695b16b925413", "essentia": "2.1-beta2", "extractor": "music 1.0", "essentia_git_sha": "v2.1_beta2"}, "tags": {"title": ["I sovnens stillhet"], "media": ["Cassette"], "albumartist": ["Urgehal"], "musicbrainz_recordingid": ["1b1e4b43-1e92-454f-9114-2eec4277c0c4"], "encoding": ["Audiograbber 1.83.01, LAME dll 3.96, VBR 1 (Old method), Joint Stereo, Normal quality"], "originalyear": ["1994"], "discnumber": ["1/1"], "album": ["Ferd"], "musicbrainz album release country": ["NO"], "musicbrainz album type": ["other"], "musicbrainz album status": ["official"], "file_name": "04_i_sovnens_stillhet-val.mp3", "musicbrainz_albumartistid": ["ee6ccef6-e558-44b6-b059-dbbb5b913b24"], "date": ["1994"], "genre": ["Black Metal"], "musicbrainz_releasegroupid": ["91ce1e73-7d9b-46de-bf06-1336283737e4"], "script": ["Latn"], "originaldate": ["1994"], "musicbrainz_albumid": ["795be085-a768-4ebe-92a8-39f7eeb10fba"], "artist": ["Urgehal"], "artistsort": ["Urgehal"], "tracknumber": ["4/4"], "label": ["[no label]"], "albumartistsort": ["Urgehal"], "musicbrainz_artistid": ["ee6ccef6-e558-44b6-b059-dbbb5b913b24"]}}, "rhythm": {"bpm_histogram_first_peak_bpm": {"dmean2": 0, "median": 123, "min": 123, "dvar2": 0, "dvar": 0, "dmean": 0, "max": 123, "var": 0, "mean": 123}, "bpm": 123.317108154, "bpm_histogram_second_peak_spread": {"dmean2": 0, "median": 0.310606062412, "min": 0.310606062412, "dvar2": 0, "dvar": 0, "dmean": 0, "max": 0.310606062412, "var": 0, "mean": 0.310606062412}, "bpm_histogram_first_peak_weight": {"dmean2": 0, "median": 0.207865163684, "min": 0.207865163684, "dvar2": 0, "dvar": 0, "dmean": 0, "max": 0.207865163684, "var": 0, "mean": 0.207865163684}, "onset_rate": 1.62924611568, "beats_position": [0.49922901392, 1.01006805897, 1.52090704441, 2.03174591064, 2.53097510338, 3.04181408882, 3.55265307426, 4.06349182129, 4.57433080673, 5.08516979218, 5.60761880875, 6.025578022, 6.44353723526, 6.86149644852, 7.27945566177, 7.74385452271, 8.20825386047, 8.67265319824, 9.13705158234, 9.6014509201, 10.0658502579, 10.5186395645, 10.95981884, 11.4009971619, 11.8421764374, 12.2833557129, 12.7245349884, 13.177324295, 13.6301136017, 14.0712919235, 14.512471199, 14.9652605057, 15.4296598434, 15.8824491501, 16.3468475342, 16.8112468719, 17.2640361786, 17.7168254852, 18.1696147919, 18.6224040985, 19.0635814667, 19.5279808044, 19.9923801422, 20.45677948, 20.9211788177, 21.3739681244, 21.8383674622, 22.2911567688, 22.7555541992, 23.219953537, 23.6843528748, 24.1487522125, 24.6015415192, 25.0543308258, 25.4955101013, 25.948299408, 26.4126987457, 26.8887062073, 27.353105545, 27.8175048828, 28.2819042206, 28.7463035583, 29.2339229584, 29.6983222961, 30.1627197266, 30.6387290955, 31.1147384644, 31.6023578644, 32.0667572021, 32.5311546326, 32.9955558777, 33.4715652466, 33.935962677, 34.3887519836, 34.8531494141, 35.3175506592, 35.7935600281, 36.2811775208, 36.7571868896, 37.2331962585, 37.7092056274, 38.1852149963, 38.6612243652, 39.1372337341, 39.613243103, 40.0892524719, 40.5652618408, 41.0528793335, 41.5404968262, 42.0048980713, 42.4692955017, 42.9453048706, 43.4213142395, 43.8973236084, 44.3733329773, 44.8493423462, 45.3253517151, 45.7897491455, 46.2657585144, 46.7417678833, 47.2061653137, 47.6705665588, 48.1465759277, 48.6225852966, 49.0985946655, 49.5629920959, 50.0273895264, 50.5033988953, 50.9794082642, 51.4554176331, 51.9198188782, 52.3842163086, 52.8602256775, 53.3362350464, 53.8354644775, 54.3346939087, 54.8223114014, 55.3099327087, 55.8091583252, 56.2967796326, 56.7960090637, 57.2836265564, 57.7828559875, 58.2936935425, 58.8045349121, 59.3269844055, 59.8378219604, 60.3486595154, 60.859500885, 61.3703384399, 61.8811798096, 62.4036254883, 62.9260749817, 63.4485244751, 63.9477539062, 64.4353713989, 64.9229888916, 65.4222183228, 65.9214477539, 66.409072876, 66.8966903687, 67.3843078613, 67.8603134155, 68.3479385376, 68.8471679688, 69.3347854614, 69.8340148926, 70.3332443237, 70.8208618164, 71.3200912476, 71.8077087402, 72.2953262329, 72.7829437256, 73.2705688477, 73.7581863403, 74.245803833, 74.7450332642, 75.2326507568, 75.7202682495, 76.2078933716, 76.6722869873, 77.15990448, 77.6475296021, 78.1351470947, 78.6111526489, 79.0871658325, 79.5631713867, 80.0507888794, 80.5384140015, 81.0260314941, 81.5136489868, 82.0012664795, 82.5004959106, 82.9881134033, 83.4757385254, 83.9633560181, 84.4509735107, 84.9385910034, 85.4262084961, 85.9138336182, 86.4014511108, 86.877456665, 87.3534698486, 87.8410873413, 88.328704834, 88.8047180176, 89.2923355103, 89.7799530029, 90.2791824341, 90.7784118652, 91.2776412964, 91.7768707275, 92.2761001587, 92.7637176514, 93.251335144, 93.7389526367, 94.2265777588, 94.702583313, 95.2018127441, 95.6894302368, 96.1770477295, 96.6646728516, 97.1522903442, 97.6399078369, 98.1391372681, 98.6383666992, 99.1492080688, 99.6484298706, 100.15927124, 100.681724548, 101.180953979, 101.680175781, 102.179405212, 102.678634644, 103.177864075, 103.677093506, 104.164710999, 104.652336121, 105.151565552, 105.650794983, 106.150024414, 106.649246216, 107.136871338, 107.624488831, 108.112106323, 108.599723816, 109.087341309, 109.574966431, 110.062583923, 110.538589478, 111.0262146, 111.513832092, 112.001449585, 112.500679016, 113.011520386, 113.522354126, 114.021583557, 114.50920105, 115.008430481, 115.507659912, 116.018501282, 116.529342651, 117.05178833, 117.551017761, 118.050247192, 118.537864685, 119.025482178, 119.524711609, 120.02394104, 120.511566162, 121.010787964, 121.510017395, 122.009246826, 122.508476257, 123.007705688, 123.50693512, 124.006164551, 124.505393982, 125.004623413, 125.503852844, 126.003082275, 126.502311707, 126.989929199, 127.477546692, 127.976776123, 128.476013184, 128.975234985, 129.474472046, 129.985305786, 130.484527588, 130.983764648, 131.494598389, 132.005432129, 132.493057251, 132.992294312, 133.479904175, 133.955917358, 134.44354248, 134.931152344, 135.418777466, 135.917999268, 136.417236328, 136.904846191, 137.392471313, 137.880081177, 138.367706299, 138.866943359, 139.366165161, 139.853790283, 140.341400146, 140.829025269, 141.316635132, 141.792648315, 142.268661499, 142.744674683, 143.220672607, 143.696685791, 144.172698975, 144.648712158, 145.124710083, 145.612335205, 146.099945068, 146.599182129, 147.098403931, 147.586029053, 148.085250854, 148.584487915, 149.072113037, 149.571334839, 150.082168579, 150.58140564, 151.09223938, 151.603088379, 152.113922119, 152.624755859, 153.135604858, 153.646438599, 154.157272339, 154.668121338, 155.178955078, 155.701400757, 156.223846436, 156.734695435, 157.257141113, 157.756362915, 158.243988037, 158.731613159, 159.161178589, 159.590744019, 160.020309448, 160.449890137, 160.879455566, 161.309020996, 161.738586426, 162.168167114, 162.597732544, 163.027297974, 163.456863403, 163.886444092, 164.316009521, 164.745574951, 165.163528442, 165.581497192, 165.999450684, 166.429016113, 166.835372925, 167.253326416, 167.671295166, 168.100860596, 168.530426025, 168.959991455, 169.366348267, 169.761077881, 170.155822754, 170.562179565, 171.014968872, 171.479354858, 171.943756104, 172.384933472, 172.81451416, 173.24407959, 173.67364502, 174.103210449, 174.532791138, 174.962356567, 175.403533936, 175.844711304, 176.285888672, 176.72706604, 177.179855347, 177.632644653, 178.097045898, 178.573059082, 179.049072266, 179.513473511, 179.977859497, 180.442260742, 180.906661987, 181.371063232, 181.835464478, 182.288253784, 182.741043091, 183.193832397, 183.646621704, 184.099411011, 184.552200317, 185.004989624, 185.457778931, 185.922180176, 186.398178101, 186.874191284, 187.338592529, 187.802993774, 188.26739502, 188.731781006, 189.196182251, 189.660583496, 190.124984741, 190.589385986, 191.053787231, 191.506576538, 191.959365845, 192.412155151, 192.864944458, 193.329345703, 193.793731689, 194.258132935, 194.72253418, 195.186935425, 195.65133667, 196.115737915, 196.59173584, 197.067749023, 197.532150269, 197.996551514, 198.472564697, 198.948562622, 199.412963867, 199.877365112, 200.341766357, 200.806167603, 201.270568848, 201.723358154, 202.176147461, 202.628936768, 203.081726074, 203.546112061, 204.010513306, 204.474914551, 204.939315796, 205.403717041, 205.868118286, 206.332519531, 206.796905518, 207.249694824, 207.714096069, 208.178497314, 208.64289856, 209.118911743, 209.583312988, 210.059310913, 210.535324097, 211.01133728, 211.487350464, 211.974960327, 212.450973511, 212.926986694, 213.414596558, 213.90222168, 214.366622925, 214.84262085, 215.318634033, 215.794647217, 216.2706604, 216.758270264, 217.234283447, 217.710296631, 218.186294556, 218.673919678, 219.1615448, 219.637542725, 220.113555908, 220.589569092, 221.077178955, 221.564804077, 222.040817261, 222.516815186, 222.992828369, 223.468841553, 223.933242798, 224.420852661, 224.908477783, 225.396102905, 225.883712769, 226.371337891, 226.858947754, 227.358184814, 227.845794678, 228.3334198, 228.821044922, 229.297042847, 229.77305603, 230.249069214, 230.725082397, 231.201080322, 231.677093506, 232.176315308, 232.675552368, 233.186386108, 233.639175415, 234.091964722, 234.544754028, 234.997543335, 235.46194458, 235.926345825, 236.402359009, 236.889968872, 237.365982056, 237.841995239, 238.317993164, 238.794006348, 239.270019531, 239.746032715, 240.22203064, 240.744491577, 241.255325317, 241.766159058, 242.33505249, 242.892333984, 243.43800354, 243.995285034, 244.55255127, 245.109832764, 245.678726196, 246.247619629, 246.886169434, 247.524719238, 248.163253784, 248.813415527, 249.463577271, 250.102127075, 250.752288818, 251.286346436, 251.808792114, 252.331237793, 252.7840271, 253.236816406, 253.701217651, 254.177230835, 254.653244019, 255.129241943, 255.616867065, 256.09286499, 256.568878174, 257.044891357], "beats_loudness": {"dmean2": 0.0272024124861, "median": 0.0362514294684, "min": 3.64363659173e-05, "dvar2": 0.000784573378041, "dvar": 0.000271286669886, "dmean": 0.0153097407892, "max": 0.170181334019, "var": 0.000543256348465, "mean": 0.0375595055521}, "danceability": 0.991643965244, "bpm_histogram_second_peak_weight": {"dmean2": 0, "median": 0.170411989093, "min": 0.170411989093, "dvar2": 0, "dvar": 0, "dmean": 0, "max": 0.170411989093, "var": 0, "mean": 0.170411989093}, "beats_count": 535, "bpm_histogram_second_peak_bpm": {"dmean2": 0, "median": 129, "min": 129, "dvar2": 0, "dvar": 0, "dmean": 0, "max": 129, "var": 0, "mean": 129}, "bpm_histogram_first_peak_spread": {"dmean2": 0, "median": 0.607773900032, "min": 0.607773900032, "dvar2": 0, "dvar": 0, "dmean": 0, "max": 0.607773900032, "var": 0, "mean": 0.607773900032}, "beats_loudness_band_ratio": {"dmean2": [0.298275649548, 0.288105010986, 0.14904935658, 0.134288623929, 0.0471273325384, 0.0220991782844], "median": [0.479800462723, 0.219240948558, 0.111860185862, 0.12055965513, 0.0333481580019, 0.0142533676699], "min": [0.00274686329067, 0.00925112050027, 0.00412165746093, 0.00177369639277, 0.000438501359895, 0.00015240375069], "dvar2": [0.0634856894612, 0.0574303343892, 0.0227507390082, 0.0147048961371, 0.00366658554412, 0.00216032913886], "dvar": [0.0219286680222, 0.0183088332415, 0.00838000420481, 0.00492616416886, 0.00125864020083, 0.000752669526264], "dmean": [0.16789907217, 0.159112676978, 0.0871798694134, 0.0756838545203, 0.0269075706601, 0.0125170229003], "max": [0.973806083202, 0.917763292789, 0.724581360817, 0.696641623974, 0.385335713625, 0.407351762056], "var": [0.0459034666419, 0.0341804884374, 0.012318299152, 0.0106492266059, 0.00194032164291, 0.000708335661329], "mean": [0.462855666876, 0.255391955376, 0.139800906181, 0.141942605376, 0.0439601130784, 0.0200146678835]}}, "lowlevel": {"barkbands_spread": {"dmean2": 6.23686504364, "median": 14.1719636917, "min": 0.780016481876, "dvar2": 43.6450271606, "dvar": 16.4002475739, "dmean": 3.87940716743, "max": 88.3707122803, "var": 49.1593704224, "mean": 14.3943443298}, "melbands_spread": {"dmean2": 8.42723941803, "median": 15.0532855988, "min": 0.556419312954, "dvar2": 89.1394729614, "dvar": 37.0576438904, "dmean": 5.24869441986, "max": 204.753723145, "var": 83.853477478, "mean": 15.8716115952}, "hfc": {"dmean2": 5.65339422226, "median": 17.7199726105, "min": 8.38246538848e-09, "dvar2": 34.1028175354, "dvar": 12.7931203842, "dmean": 3.44289255142, "max": 50.9144554138, "var": 81.4766311646, "mean": 17.1155090332}, "barkbands_kurtosis": {"dmean2": 5.42104053497, "median": 2.10730171204, "min": -1.87807238102, "dvar2": 108.698257446, "dvar": 37.6899604797, "dmean": 3.29637742043, "max": 300.130432129, "var": 73.1565093994, "mean": 4.62361764908}, "gfcc": {"mean": [-25.6455612183, 138.287246704, -123.715789795, 24.2946929932, -57.0249214172, 16.4667243958, -16.6293449402, -22.4148044586, -19.2428379059, 1.14440727234, -24.2604579926, -7.26953172684, -3.01571321487], "icov": [[0.00762803340331, -0.0117712235078, 0.00848763622344, -0.00788221228868, 0.00442282436416, -0.00245283753611, -0.0013948273845, 0.00508552463725, -0.0049711773172, 0.00585008272901, -0.00400321558118, 0.00335322367027, -0.000639848876745], [-0.0117712235078, 0.0251043681055, -0.0135326636955, 0.0190492291003, -0.0130415642634, 0.0127456141636, -0.00836298987269, 0.00484873121604, -0.00459012947977, 0.00122176506557, -0.0029411399737, 0.00221007782966, -0.00292949797586], [0.00848763622344, -0.0135326636955, 0.01272890158, -0.0114864464849, 0.00621730275452, -0.00461295247078, 0.00420279055834, 0.00132872594986, -0.00204152031802, 0.00732817966491, -0.00757636409253, 0.0069010076113, 0.000268971169135], [-0.00788221228868, 0.0190492291003, -0.0114864464849, 0.023277066648, -0.0160875730217, 0.0144358864054, -0.0189947690815, 0.0127140078694, -0.0126227848232, 0.00397572619841, -0.000942495709751, -0.00198608962819, 0.00106299389154], [0.00442282436416, -0.0130415642634, 0.00621730275452, -0.0160875730217, 0.0247707087547, -0.0191452186555, 0.0168126709759, -0.0154238985851, 0.0141971716657, -0.00526356883347, 0.00278021488339, 0.00420317891985, -0.00240186811425], [-0.00245283753611, 0.0127456141636, -0.00461295247078, 0.0144358864054, -0.0191452186555, 0.0328392125666, -0.0248092208058, 0.0201357137412, -0.0224928613752, 0.0149820940569, -0.00700463075191, -0.00369970267639, 0.00431535020471], [-0.0013948273845, -0.00836298987269, 0.00420279055834, -0.0189947690815, 0.0168126709759, -0.0248092208058, 0.038787253201, -0.0295058600605, 0.0294876452535, -0.0188886653632, 0.00800088513643, 0.00451589561999, -0.00295402132906], [0.00508552463725, 0.00484873121604, 0.00132872594986, 0.0127140078694, -0.0154238985851, 0.0201357137412, -0.0295058600605, 0.0423600152135, -0.0316245667636, 0.0163590721786, -0.00916333962232, -0.00100318389013, 0.00266985082999], [-0.0049711773172, -0.00459012947977, -0.00204152031802, -0.0126227848232, 0.0141971716657, -0.0224928613752, 0.0294876452535, -0.0316245667636, 0.0437295697629, -0.0234412439167, 0.0203625988215, -0.0127446204424, 0.00655778171495], [0.00585008272901, 0.00122176506557, 0.00732817966491, 0.00397572619841, -0.00526356883347, 0.0149820940569, -0.0188886653632, 0.0163590721786, -0.0234412439167, 0.042814232409, -0.0367214642465, 0.0259699840099, -0.0130792427808], [-0.00400321558118, -0.0029411399737, -0.00757636409253, -0.000942495709751, 0.00278021488339, -0.00700463075191, 0.00800088513643, -0.00916333962232, 0.0203625988215, -0.0367214642465, 0.0701187029481, -0.0481124818325, 0.0235400982201], [0.00335322367027, 0.00221007782966, 0.0069010076113, -0.00198608962819, 0.00420317891985, -0.00369970267639, 0.00451589561999, -0.00100318389013, -0.0127446204424, 0.0259699840099, -0.0481124818325, 0.0653317719698, -0.0330896899104], [-0.000639848876745, -0.00292949797586, 0.000268971169135, 0.00106299389154, -0.00240186811425, 0.00431535020471, -0.00295402132906, 0.00266985082999, 0.00655778171495, -0.0130792427808, 0.0235400982201, -0.0330896899104, 0.0437275469303]], "cov": [[7092.64404297, 2284.54638672, -1725.84814453, 504.051513672, -162.862411499, 115.957641602, 634.351135254, -772.382019043, 145.892822266, -142.181518555, -170.654632568, -234.509689331, 174.824996948], [2284.54638672, 1004.89849854, -392.979064941, -23.7590236664, -66.9345397949, -41.3090782166, 87.8343963623, -283.30859375, 24.1252174377, -70.0783081055, -42.4041023254, -87.4842605591, 59.4250259399], [-1725.84814453, -392.979064941, 806.388122559, -57.6325721741, 63.4388160706, -29.0153961182, -221.989761353, 140.938293457, -18.4976272583, -33.8265762329, 43.3402099609, 26.3972625732, -83.0937805176], [504.051513672, -23.7590236664, -57.6325721741, 386.27432251, 72.1287231445, 95.6803970337, 189.409042358, -35.1449394226, 36.5962867737, -7.72984266281, -29.1096115112, -39.2157173157, -15.5960121155], [-162.862411499, -66.9345397949, 63.4388160706, 72.1287231445, 115.679138184, 52.3943443298, 11.5667486191, 33.6059494019, 1.89633238316, -9.62905788422, -5.0561170578, -4.86739635468, -13.2239656448], [115.957641602, -41.3090782166, -29.0153961182, 95.6803970337, 52.3943443298, 120.305763245, 68.8145294189, 2.83447980881, 31.2604789734, -20.2679080963, -9.15899848938, 1.12154054642, -12.7082653046], [634.351135254, 87.8343963623, -221.989761353, 189.409042358, 11.5667486191, 68.8145294189, 234.530517578, -23.7276496887, -7.12076282501, 28.436750412, -20.489988327, -41.2030067444, 12.4890937805], [-772.382019043, -283.30859375, 140.938293457, -35.1449394226, 33.6059494019, 2.83447980881, -23.7276496887, 158.782791138, 17.1305809021, 23.2455940247, 16.8602905273, 31.1590080261, -21.1399269104], [145.892822266, 24.1252174377, -18.4976272583, 36.5962867737, 1.89633238316, 31.2604789734, -7.12076282501, 17.1305809021, 87.6059570312, -6.20749616623, -6.7932009697, 8.4340763092, -6.488240242], [-142.181518555, -70.0783081055, -33.8265762329, -7.72984266281, -9.62905788422, -20.2679080963, 28.436750412, 23.2455940247, -6.20749616623, 81.4311599731, 24.8220977783, -1.01050376892, 6.7539935112], [-170.654632568, -42.4041023254, 43.3402099609, -29.1096115112, -5.0561170578, -9.15899848938, -20.489988327, 16.8602905273, -6.7932009697, 24.8220977783, 45.2638244629, 27.4077415466, -1.86817336082], [-234.509689331, -87.4842605591, 26.3972625732, -39.2157173157, -4.86739635468, 1.12154054642, -41.2030067444, 31.1590080261, 8.4340763092, -1.01050376892, 27.4077415466, 60.1861724854, 15.6571884155], [174.824996948, 59.4250259399, -83.0937805176, -15.5960121155, -13.2239656448, -12.7082653046, 12.4890937805, -21.1399269104, -6.488240242, 6.7539935112, -1.86817336082, 15.6571884155, 48.8077087402]]}, "spectral_energyband_middle_low": {"dmean2": 0.0192434545606, "median": 0.0181570630521, "min": 1.84711471921e-13, "dvar2": 0.000609543872997, "dvar": 0.000230262783589, "dmean": 0.0115146432072, "max": 0.151005879045, "var": 0.000347612105543, "mean": 0.0222477335483}, "melbands_crest": {"dmean2": 5.49869680405, "median": 12.0638828278, "min": 3.24799132347, "dvar2": 21.244594574, "dvar": 7.85418748856, "dmean": 3.29940032959, "max": 32.2926979065, "var": 21.3076038361, "mean": 12.910900116}, "spectral_kurtosis": {"dmean2": 3.47864484787, "median": 3.75816488266, "min": -1.21293342113, "dvar2": 11.1831979752, "dvar": 3.88475251198, "dmean": 2.01298642159, "max": 48.9520530701, "var": 29.8036174774, "mean": 5.26529836655}, "spectral_rms": {"dmean2": 0.00190268876031, "median": 0.00578299770132, "min": 3.11575121259e-08, "dvar2": 4.67075233246e-06, "dvar": 1.7401016521e-06, "dmean": 0.00115716410801, "max": 0.0152000533417, "var": 5.94819448452e-06, "mean": 0.00561022525653}, "zerocrossingrate": {"dmean2": 0.00757709052414, "median": 0.03662109375, "min": 0.00732421875, "dvar2": 6.75931587466e-05, "dvar": 4.27577761002e-05, "dmean": 0.00572589132935, "max": 0.49462890625, "var": 0.000362190738088, "mean": 0.0401599556208}, "silence_rate_60dB": {"dmean2": 0.0270245932043, "median": 0, "min": 0, "dvar2": 0.029538076371, "dvar": 0.0133287189528, "dmean": 0.0135110793635, "max": 1, "var": 0.0908426120877, "mean": 0.101053766906}, "erbbands_kurtosis": {"dmean2": 1.34562957287, "median": 0.22057723999, "min": -1.67272365093, "dvar2": 5.76111793518, "dvar": 2.73840522766, "dmean": 0.858758091927, "max": 98.7212600708, "var": 5.66069793701, "mean": 0.678960621357}, "erbbands": {"dmean2": [0.075947701931, 1.45721542835, 7.85916662216, 26.4944114685, 41.2957649231, 30.7506980896, 26.0384654999, 9.99550533295, 11.0507249832, 16.6294536591, 20.6553287506, 33.4616127014, 26.0554237366, 53.5181922913, 60.9766578674, 40.1190948486, 22.5440731049, 29.9389095306, 41.6634559631, 13.2580327988, 4.36296892166, 4.32624816895, 1.27811408043, 0.832467496395, 1.3081176281, 5.15084457397, 3.15381979942, 3.15638017654, 1.93631470203, 0.797768414021, 0.276379585266, 0.0848341137171, 0.0196485351771, 0.00545804714784, 0.00235565006733, 0.000916347489692, 0.000297449791105, 8.6856460257e-05, 2.63895235548e-05, 3.09742390527e-05], "median": [0.0550984442234, 0.854938983917, 2.88183665276, 7.71346092224, 10.9258403778, 18.6961860657, 19.0970458984, 6.94375324249, 6.77967405319, 12.1969470978, 17.5432357788, 21.7735061646, 24.5386734009, 39.2157707214, 44.9027519226, 27.8721790314, 21.5184593201, 31.8231143951, 35.9228591919, 15.4408636093, 5.50765180588, 4.09483385086, 1.33193409443, 0.896792531013, 1.6608954668, 6.84732961655, 5.09716558456, 4.18432712555, 2.64826226234, 1.01643228531, 0.35097193718, 0.109201580286, 0.0321809537709, 0.0132134063169, 0.0062194080092, 0.00262492685579, 0.000884260050952, 0.000231239013374, 4.19365642301e-05, 3.96592331526e-05], "min": [5.19915490868e-13, 6.03044263831e-12, 3.0920519617e-11, 8.17376930029e-11, 1.52980433876e-10, 2.82633083604e-10, 3.52481904775e-10, 2.41040132298e-10, 2.37442537854e-10, 1.94379332075e-10, 3.19734072551e-10, 2.49174875178e-10, 2.12992012916e-10, 8.84791129252e-11, 2.50997389539e-10, 8.17113765539e-10, 9.28155829971e-10, 2.75288458695e-10, 4.04966865597e-10, 1.57638868625e-09, 4.14109163627e-10, 4.81174933231e-10, 2.56754562056e-10, 7.91360532659e-10, 1.66496305631e-09, 4.82546780312e-10, 1.804401073e-09, 2.14144191268e-09, 1.44031808702e-09, 5.99094052145e-10, 1.22487242571e-09, 5.79418679703e-10, 7.73626773753e-10, 1.01077435311e-09, 9.05792052475e-10, 4.67766381185e-10, 1.97725072426e-10, 9.59953783131e-11, 2.33747431133e-11, 2.44655250919e-12], "dvar2": [0.0110248643905, 5.61568832397, 198.447296143, 1793.46960449, 4847.68115234, 1825.92578125, 1361.07617188, 262.659973145, 348.049743652, 544.18157959, 960.12286377, 2482.13452148, 974.281860352, 5141.17773438, 6042.0234375, 3415.88818359, 878.64465332, 1268.22253418, 2647.26953125, 260.554443359, 29.1655826569, 39.8821563721, 3.2243309021, 1.33265316486, 2.82422971725, 36.9168777466, 14.0879087448, 26.4631958008, 7.96187639236, 1.55267632008, 0.143096879125, 0.0161308385432, 0.000756762863602, 3.04367531498e-05, 4.78606898469e-06, 6.73182285027e-07, 6.97609010558e-08, 5.66842039973e-09, 6.30002494617e-10, 1.57289181679e-09], "dvar": [0.00442756107077, 2.00144481659, 69.9937744141, 662.733032227, 1798.92529297, 714.643066406, 504.981445312, 134.306213379, 186.25819397, 312.442626953, 389.272888184, 1119.73510742, 363.138946533, 1885.4276123, 2212.18530273, 1196.87011719, 307.772644043, 442.733978271, 982.977294922, 93.4898681641, 10.6439390182, 15.4583530426, 1.2811152935, 0.540185630322, 1.14529490471, 14.4086399078, 5.51401853561, 11.2002038956, 3.42863893509, 0.672372400761, 0.0648408457637, 0.00707348901778, 0.00032718188595, 1.1537453247e-05, 1.69400243522e-06, 2.34716651448e-07, 2.47543177068e-08, 1.97632932242e-09, 2.29429045207e-10, 5.82953518791e-10], "dmean": [0.0471372678876, 0.833709418774, 4.34626579285, 15.0899553299, 23.8168296814, 19.0770778656, 15.9365825653, 6.88243722916, 7.7245965004, 12.1745452881, 13.0961751938, 21.1679077148, 15.7635593414, 31.78606987, 36.076751709, 23.484167099, 13.080365181, 17.4720344543, 24.5714588165, 7.85443925858, 2.61205339432, 2.64513659477, 0.78860026598, 0.518548369408, 0.833203017712, 3.17933320999, 1.94741141796, 1.99131309986, 1.24615383148, 0.518352091312, 0.180955067277, 0.0559645555913, 0.012502335012, 0.00326305953786, 0.00138595083263, 0.00053451146232, 0.000173281747266, 5.06590149598e-05, 1.56240603246e-05, 1.82815638254e-05], "max": [0.77344250679, 13.6091737747, 81.9418029785, 339.111694336, 425.443969727, 453.550323486, 431.032470703, 287.774932861, 264.589599609, 273.938720703, 348.50177002, 564.279724121, 378.173095703, 537.278381348, 780.900756836, 674.044494629, 401.061035156, 406.451629639, 415.805969238, 207.780654907, 57.8324737549, 80.2445831299, 23.1121292114, 17.0765705109, 17.8233566284, 71.7768554688, 57.61926651, 109.889503479, 55.3951568604, 25.7550258636, 4.00142812729, 1.61351633072, 0.493350863457, 0.0695827901363, 0.0233193226159, 0.00934200920165, 0.00285475119017, 0.000687894993462, 0.000203161791433, 0.000259165390162], "var": [0.00790760759264, 1.91079986095, 53.5942649841, 564.75769043, 1597.86450195, 1714.46496582, 1027.67211914, 674.857788086, 697.098327637, 1168.47973633, 798.630981445, 2460.07250977, 676.901489258, 3876.10400391, 4433.67919922, 3168.82006836, 948.437194824, 936.588195801, 1803.96179199, 228.935516357, 32.1233406067, 41.6130371094, 3.5404343605, 1.36353647709, 4.35260295868, 46.2153663635, 20.8528327942, 34.3526077271, 9.92730808258, 2.00841546059, 0.215598598123, 0.0228166021407, 0.00101838528644, 3.04442219203e-05, 3.32577201334e-06, 3.90111637216e-07, 3.5832972145e-08, 2.67398347908e-09, 3.44846318168e-10, 9.48564005121e-10], "mean": [0.0816584601998, 1.15431261063, 4.94908237457, 15.6103630066, 25.3994445801, 33.7519493103, 28.5370254517, 15.5693264008, 15.5765161514, 26.2706108093, 24.9714794159, 36.2522544861, 29.9776515961, 57.4450721741, 63.3800621033, 44.388710022, 28.9843292236, 37.0648880005, 46.2788009644, 18.3747940063, 6.71466875076, 5.82186079025, 1.84135222435, 1.1733123064, 2.20992541313, 8.06383132935, 5.70607805252, 5.24317550659, 3.26557374001, 1.37010860443, 0.480432808399, 0.153498679399, 0.0407195203006, 0.0138797508553, 0.00642296392471, 0.00270420289598, 0.000910704780836, 0.000237822285271, 4.47627717222e-05, 4.39922587248e-05]}, "spectral_strongpeak": {"dmean2": 0.709008455276, "median": 0.627784073353, "min": 0, "dvar2": 0.635403633118, "dvar": 0.236937090755, "dmean": 0.419831752777, "max": 4.87286663055, "var": 0.334100544453, "mean": 0.7569642663}, "spectral_energy": {"dmean2": 0.0283421296626, "median": 0.0342791378498, "min": 9.95060370906e-13, "dvar2": 0.00132746633608, "dvar": 0.000491678307299, "dmean": 0.0167091246694, "max": 0.236817657948, "var": 0.000775999214966, "mean": 0.0383585952222}, "average_loudness": 0.840329945087, "spectral_rolloff": {"dmean2": 463.332672119, "median": 904.39453125, "min": 64.599609375, "dvar2": 293283.4375, "dvar": 142715, "dmean": 273.712188721, "max": 17377.2949219, "var": 307624.90625, "mean": 892.682434082}, "spectral_centroid": {"dmean2": 301.736846924, "median": 775.892700195, "min": 187.766967773, "dvar2": 99119.5625, "dvar": 45979.9375, "dmean": 190.022018433, "max": 11108.4873047, "var": 192809.40625, "mean": 855.61895752}, "pitch_salience": {"dmean2": 0.115180142224, "median": 0.582236528397, "min": 0.104592263699, "dvar2": 0.00969094783068, "dvar": 0.00340992538258, "dmean": 0.0692071765661, "max": 0.913532793522, "var": 0.00816793181002, "mean": 0.574658751488}, "spectral_energyband_middle_high": {"dmean2": 0.00285275070928, "median": 0.00596385356039, "min": 1.33283222783e-13, "dvar2": 9.38966422837e-06, "dvar": 3.38698146152e-06, "dmean": 0.00170993304346, "max": 0.0330170951784, "var": 1.73187272594e-05, "mean": 0.00626821117476}, "spectral_contrast_coeffs": {"dmean2": [0.0974311232567, 0.0741796866059, 0.0668375641108, 0.0492419488728, 0.0324771441519, 0.0234297439456], "median": [-0.596803665161, -0.72647279501, -0.76225310564, -0.773387312889, -0.793834626675, -0.667692899704], "min": [-0.964942336082, -0.966480672359, -0.968068122864, -0.982801675797, -0.959193170071, -0.963322758675], "dvar2": [0.00642527546734, 0.00333012524061, 0.00268255011179, 0.00143206329085, 0.0006723072147, 0.000383725273423], "dvar": [0.00233862409368, 0.00124366721138, 0.000957577663939, 0.00049060076708, 0.000237013446167, 0.000166996498592], "dmean": [0.0590332224965, 0.0456301011145, 0.0398143865168, 0.0288266725838, 0.0193482656032, 0.0147452037781], "max": [-0.296178013086, -0.398066461086, -0.506896138191, -0.628564476967, -0.672799229622, -0.540369808674], "var": [0.0087021002546, 0.00623687077314, 0.0038139813114, 0.00194779923186, 0.00142400036566, 0.00535109825432], "mean": [-0.597632050514, -0.721510410309, -0.760125637054, -0.776302337646, -0.799611091614, -0.689215958118]}, "melbands_skewness": {"dmean2": 1.3595944643, "median": 2.11067891121, "min": -1.30579483509, "dvar2": 2.04723310471, "dvar": 0.754485368729, "dmean": 0.838116884232, "max": 20.4220981598, "var": 2.69885611534, "mean": 2.45238947868}, "spectral_spread": {"dmean2": 390156.59375, "median": 3387721.5, "min": 1631037.875, "dvar2": 265101885440, "dvar": 162610610176, "dmean": 249221.625, "max": 40903348, "var": 2041139167230.0, "mean": 3698053.5}, "dissonance": {"dmean2": 0.0371065698564, "median": 0.464018672705, "min": 0.146343931556, "dvar2": 0.00122784182895, "dvar": 0.000435218331404, "dmean": 0.0217908248305, "max": 0.500000119209, "var": 0.0022412983235, "mean": 0.451364099979}, "spectral_skewness": {"dmean2": 0.378413230181, "median": 1.51884639263, "min": -0.165521606803, "dvar2": 0.0981725528836, "dvar": 0.0367865860462, "dmean": 0.230496764183, "max": 5.97841739655, "var": 0.555203139782, "mean": 1.67729055882}, "spectral_flux": {"dmean2": 0.0551421232522, "median": 0.0959581434727, "min": 2.32227303059e-05, "dvar2": 0.00303688948043, "dvar": 0.00153772882186, "dmean": 0.0339998938143, "max": 0.423757731915, "var": 0.0036930735223, "mean": 0.102659799159}, "spectral_contrast_valleys": {"dmean2": [0.658876538277, 0.566174387932, 0.468329012394, 0.358185201883, 0.253235548735, 0.178892284632], "median": [-6.5985584259, -6.44514226913, -6.49488973618, -7.0821685791, -7.79849672318, -11.1527690887], "min": [-27.1527729034, -26.9835777283, -27.1881828308, -27.2575073242, -27.2835521698, -27.1619338989], "dvar2": [0.303689956665, 0.22441662848, 0.165607839823, 0.107251219451, 0.0676392912865, 0.0437253899872], "dvar": [0.130077436566, 0.0997271314263, 0.0765304714441, 0.0560302175581, 0.0435941703618, 0.0331357829273], "dmean": [0.394789338112, 0.337802737951, 0.276919603348, 0.211455717683, 0.152801722288, 0.112847216427], "max": [-5.08507347107, -4.84988021851, -5.06816005707, -5.9266295433, -7.01743364334, -10.1851892471], "var": [1.28641736507, 1.23562240601, 1.65531122684, 1.35932290554, 0.782074153423, 0.127372592688], "mean": [-7.00461864471, -6.79828214645, -6.91286373138, -7.46544218063, -8.10926628113, -11.2016439438]}, "erbbands_flatness_db": {"dmean2": 0.0175767634064, "median": 0.192496448755, "min": 0.0340512320399, "dvar2": 0.000226716176257, "dvar": 0.000102559824882, "dmean": 0.011369199492, "max": 0.331396251917, "var": 0.00175034371205, "mean": 0.190906643867}, "spectral_energyband_high": {"dmean2": 0.000139496507472, "median": 0.00032597099198, "min": 5.5705678785e-13, "dvar2": 2.69730033864e-08, "dvar": 1.23539587449e-08, "dmean": 9.2282112746e-05, "max": 0.00301653519273, "var": 6.90425778771e-08, "mean": 0.000350749643985}, "spectral_entropy": {"dmean2": 0.230078801513, "median": 7.34116458893, "min": 4.7447514534, "dvar2": 0.0420355759561, "dvar": 0.0165391564369, "dmean": 0.144349560142, "max": 9.80878639221, "var": 0.294277966022, "mean": 7.26872110367}, "silence_rate_20dB": {"dmean2": 0, "median": 1, "min": 1, "dvar2": 0, "dvar": 0, "dmean": 0, "max": 1, "var": 0, "mean": 1}, "melbands_flatness_db": {"dmean2": 0.0446168780327, "median": 0.238245114684, "min": 0.0583256147802, "dvar2": 0.00177443167195, "dvar": 0.000657020311337, "dmean": 0.0274971593171, "max": 0.498854994774, "var": 0.00298746209592, "mean": 0.245396137238}, "barkbands": {"dmean2": [2.52986610576e-05, 0.00516483839601, 0.00898101553321, 0.0107670752332, 0.0105524947867, 0.0015613369178, 0.000759032380302, 0.00105440220796, 0.00134874181822, 0.00108662934508, 0.00190795236267, 0.000946354470216, 0.000547396077309, 0.000763907737564, 0.000515033258125, 0.000153128741658, 9.39153323998e-05, 2.02743467526e-05, 1.87574041774e-05, 9.67005762504e-05, 7.18680312275e-05, 4.72538449685e-05, 1.21018019854e-05, 2.274733788e-06, 3.56082523467e-07, 1.56486748892e-07, 8.67040128583e-08], "median": [1.59143437486e-05, 0.00321451760828, 0.00310373934917, 0.00234712171368, 0.00589806772768, 0.000948226486798, 0.000535567989573, 0.000768029072788, 0.000996865099296, 0.000713030865882, 0.00129617878702, 0.000629725167528, 0.000407277839258, 0.000718542840332, 0.000424847909017, 0.000117412659165, 7.9379104136e-05, 1.70163675648e-05, 1.75481563929e-05, 0.000141559736221, 0.000108788321086, 6.35172691545e-05, 1.44819850902e-05, 2.93905759463e-06, 9.91018396235e-07, 5.19711591096e-07, 1.35445517913e-07], "min": [2.0297602981e-15, 2.32570005734e-14, 3.19146361357e-14, 3.21323845895e-14, 7.71125513704e-14, 3.37151639072e-14, 1.67943966839e-14, 1.059648212e-14, 1.14044473667e-14, 4.750