{"tonal": {"thpcp": [1, 0.631314396858, 0.400355219841, 0.338778167963, 0.210799276829, 0.122401505709, 0.100212186575, 0.102383099496, 0.105738669634, 0.0941759347916, 0.0822395980358, 0.0774281993508, 0.0733992382884, 0.0726086646318, 0.0701255723834, 0.198361754417, 0.324336826801, 0.193578779697, 0.0770966559649, 0.104156181216, 0.100611194968, 0.0805846229196, 0.1674400419, 0.471412926912, 0.683159649372, 0.54652005434, 0.410918980837, 0.343202292919, 0.214837402105, 0.131620824337, 0.115623779595, 0.129145279527, 0.157986804843, 0.188245743513, 0.328322023153, 0.797286391258], "hpcp": {"dmean2": [0.129549726844, 0.103659719229, 0.0956625714898, 0.0833182036877, 0.111913509667, 0.158170178533, 0.216959491372, 0.25699403882, 0.245268434286, 0.304940372705, 0.183417543769, 0.165748178959, 0.132517844439, 0.0784784182906, 0.0678427442908, 0.0678404346108, 0.0689042955637, 0.0610834360123, 0.0531109571457, 0.0481362380087, 0.0456639491022, 0.0443769395351, 0.0424965769053, 0.0969252735376, 0.150463625789, 0.0947574004531, 0.0447494722903, 0.043447047472, 0.0422412380576, 0.0537707135081, 0.141341537237, 0.22168533504, 0.20426133275, 0.289101392031, 0.234969198704, 0.16290743649], "median": [0.00498795509338, 0.00414388533682, 0.00391645124182, 0.00475048366934, 0.00493583641946, 0.00555646512657, 0.00987583585083, 0.0167143326253, 0.0162607692182, 0.0176486037672, 0.00611426588148, 0.00528679601848, 0.00599621422589, 0.005143746268, 0.0044697294943, 0.00450001982972, 0.00509689096361, 0.00488517107442, 0.00482547655702, 0.00454870518297, 0.00376246310771, 0.00324721075594, 0.00313940504566, 0.00406572734937, 0.00481432210654, 0.00511649856344, 0.0044997446239, 0.00490626646206, 0.00493744434789, 0.00388373108581, 0.00343249412253, 0.0043345647864, 0.00503787118942, 0.00764403864741, 0.00646394118667, 0.00503566302359], "min": [0, 0, 0, 0, 0, 0, 0, 0, 0, 0, 0, 0, 0, 0, 0, 0, 0, 0, 0, 0, 0, 0, 0, 0, 0, 0, 0, 0, 0, 0, 0, 0, 0, 0, 0, 0], "dvar2": [0.0819027200341, 0.0686627104878, 0.0748331919312, 0.0470506958663, 0.0590461306274, 0.0951091274619, 0.138420432806, 0.138613983989, 0.143672928214, 0.20168492198, 0.103957623243, 0.101339824498, 0.0732244700193, 0.0370766296983, 0.0385126359761, 0.0351843647659, 0.0373299084604, 0.03088763915, 0.0231900699437, 0.0223418716341, 0.0158437695354, 0.0128480363637, 0.0087751140818, 0.0426855869591, 0.143185779452, 0.0407299995422, 0.0161993801594, 0.0130840986967, 0.0125150894746, 0.0212580766529, 0.106185659766, 0.15495108068, 0.141524598002, 0.197044253349, 0.173012584448, 0.107377208769], "dvar": [0.0344895198941, 0.0239374618977, 0.0258363541216, 0.0166785977781, 0.0210111699998, 0.0336834080517, 0.0491714067757, 0.0615769326687, 0.0640390142798, 0.0730344206095, 0.0481721311808, 0.0506644099951, 0.0303987413645, 0.0135007128119, 0.0135006345809, 0.0124164391309, 0.0135120106861, 0.0108008617535, 0.00800486374646, 0.00773247564211, 0.00571883004159, 0.00461241882294, 0.00310926348902, 0.0153250293806, 0.0509076304734, 0.0147206243128, 0.00564162153751, 0.00495439674705, 0.0045674960129, 0.00734544964507, 0.0375860221684, 0.0608484558761, 0.0595030225813, 0.0750836357474, 0.067860275507, 0.0484316796064], "dmean": [0.0758455693722, 0.0565493889153, 0.0511468537152, 0.0466636642814, 0.0616160966456, 0.0848940312862, 0.12032301724, 0.148538514972, 0.137723058462, 0.179741919041, 0.11367174983, 0.100415475667, 0.0767771750689, 0.0443784184754, 0.0378681719303, 0.0381110906601, 0.0390061885118, 0.0346661247313, 0.0298192538321, 0.0274330135435, 0.0262650549412, 0.0253692865372, 0.0243380460888, 0.0517278537154, 0.0787832438946, 0.0507663525641, 0.025366904214, 0.0254740323871, 0.0244297031313, 0.0301605202258, 0.0764812156558, 0.125837370753, 0.114675357938, 0.167976602912, 0.130453243852, 0.0951364114881], "max": [1, 1, 1, 1, 1, 1, 1, 1, 1, 1, 1, 1, 1, 1, 1, 1, 1, 1, 1, 1, 1, 1, 1, 0.927177965641, 1, 1, 1, 1, 1, 1, 1, 1, 1, 1, 1, 1], "var": [0.0343004539609, 0.0165862645954, 0.0157078132033, 0.0128298848867, 0.0149302436039, 0.0220911428332, 0.0423596203327, 0.128551930189, 0.174086883664, 0.0888933688402, 0.0700813084841, 0.0652645155787, 0.0280121825635, 0.0107448343188, 0.0091981170699, 0.00850010383874, 0.00958311092108, 0.00760534731671, 0.0060432148166, 0.00610673706979, 0.0049023530446, 0.00456751370803, 0.00332149141468, 0.0210577268153, 0.0715914070606, 0.0201005004346, 0.00556300673634, 0.011523318477, 0.0107839079574, 0.00613199360669, 0.0246563255787, 0.0816234126687, 0.136761203408, 0.086919143796, 0.0770311057568, 0.0662339627743], "mean": [0.0657022297382, 0.0402526818216, 0.0353604182601, 0.0394956022501, 0.0483160093427, 0.0575698874891, 0.100408442318, 0.243828564882, 0.30582305789, 0.193070501089, 0.122437857091, 0.103606171906, 0.0644672811031, 0.0374332033098, 0.0306471977383, 0.0313111133873, 0.0323373228312, 0.0288011729717, 0.0251507647336, 0.0236793290824, 0.0224471800029, 0.0222054049373, 0.0214460175484, 0.0606635995209, 0.099189683795, 0.0592008531094, 0.0235779359937, 0.0318533629179, 0.0307692233473, 0.0246446356177, 0.0512070246041, 0.144168943167, 0.208925977349, 0.167138442397, 0.125668495893, 0.104959174991]}, "tuning_equal_tempered_deviation": 0.256238937378, "chords_changes_rate": 0.106678232551, "key_key": "E", "tuning_diatonic_strength": 0.352039515972, "key_scale": "minor", "chords_number_rate": 0.00325238518417, "tuning_frequency": 434.193115234, "tuning_nontempered_energy_ratio": 0.92846673727, "chords_histogram": [5.2254986763, 11.2098875046, 21.2055511475, 0.281873375177, 0, 0.1951431036, 0.390286207199, 5.42064189911, 6.20121431351, 12.2289676666, 0.0216825678945, 1.1708586216, 1.23590636253, 9.04163074493, 4.5316567421, 0.607111871243, 0.607111871243, 1.5611448288, 13.4215087891, 2.42844748497, 0.1951431036, 1.12749350071, 0, 1.69124019146], "key_strength": 0.549102425575, "chords_key": "B", "chords_strength": {"dmean2": 0.0156155852601, "median": 0.483228266239, "min": -1, "dvar2": 0.00097231863765, "dvar": 0.000531160912942, "dmean": 0.0135826813057, "max": 0.735949456692, "var": 0.0115073407069, "mean": 0.475353807211}, "chords_scale": "minor", "hpcp_entropy": {"dmean2": 1.18408322334, "median": 2.06633210182, "min": 0, "dvar2": 0.910407304764, "dvar": 0.345899879932, "dmean": 0.706926882267, "max": 4.6987080574, "var": 0.644038558006, "mean": 2.14399385452}}, "metadata": {"audio_properties": {"equal_loudness": 0, "codec": "mp3", "downmix": "mix", "sample_rate": 44100, "analysis_sample_rate": 44100, "bit_rate": 169688, "md5_encoded": "605de414f1362bfdfbb398360e7aff74", "length": 214.099594116, "replay_gain": -14.1567058563, "lossless": false}, "version": {"essentia_build_sha": "70f2e5ece6736b2c40cc944ad0e695b16b925413", "essentia": "2.1-beta2", "extractor": "music 1.0", "essentia_git_sha": "v2.1_beta2"}, "tags": {"title": ["shes a go feat. double t and lil ronnie"], "artist": ["Tum Tum"], "albumartist": ["Tum Tum"], "date": ["2007"], "genre": ["Rap"], "language": ["English"], "album": ["Eat or Get Ate"], "tracknumber": ["9"], "musicbrainz_recordingid": ["1b2ea6c7-1178-46c8-98a5-90fd79a78501"], "file_name": "244733.mp3"}}, "rhythm": {"bpm_histogram_first_peak_bpm": {"dmean2": 0, "median": 157, "min": 157, "dvar2": 0, "dvar": 0, "dmean": 0, "max": 157, "var": 0, "mean": 157}, "bpm": 155.130584717, "bpm_histogram_second_peak_spread": {"dmean2": 0, "median": 0.012820482254, "min": 0.012820482254, "dvar2": 0, "dvar": 0, "dmean": 0, "max": 0.012820482254, "var": 0, "mean": 0.012820482254}, "bpm_histogram_first_peak_weight": {"dmean2": 0, "median": 0.606679022312, "min": 0.606679022312, "dvar2": 0, "dvar": 0, "dmean": 0, "max": 0.606679022312, "var": 0, "mean": 0.606679022312}, "onset_rate": 4.6611289978, "beats_position": [0.580498874187, 1.17260766029, 1.764716506, 2.34521532059, 2.92571425438, 3.49460315704, 4.06349182129, 4.63238096237, 5.18965959549, 5.75854873657, 6.33904743195, 6.91954612732, 7.50004529953, 8.08054447174, 8.67265319824, 9.27637195587, 9.86848068237, 10.4489793777, 11.0294780731, 11.6099767685, 12.1904764175, 12.7709751129, 13.3630838394, 13.7810430527, 14.1990022659, 14.6053514481, 15.0117006302, 15.4064397812, 15.7895689011, 16.1726989746, 16.5558280945, 16.9505672455, 17.3453063965, 17.7400455475, 18.1231746674, 18.5063037872, 18.8894329071, 19.272562027, 19.667301178, 20.0504302979, 20.4335594177, 20.8166885376, 21.1998176575, 21.5945568085, 21.9776859283, 22.3608150482, 22.7555541992, 23.1386852264, 23.5218143463, 23.9165534973, 24.2996826172, 24.6828117371, 25.0659408569, 25.4490699768, 25.8321990967, 26.2153282166, 26.6100673676, 26.9931964874, 27.3763256073, 27.7710647583, 28.1541938782, 28.537322998, 28.9204521179, 29.3035831451, 29.6983222961, 30.081451416, 30.4645805359, 30.8593196869, 31.2424488068, 31.6255779266, 32.0203170776, 32.4034461975, 32.7865753174, 33.1697044373, 33.5528335571, 33.9475746155, 34.3307037354, 34.7138328552, 35.0969619751, 35.480091095, 35.8748283386, 36.269569397, 36.6526985168, 37.0358276367, 37.4189567566, 37.8020858765, 38.1852149963, 38.5683441162, 38.9630813599, 39.3578224182, 39.7293434143, 40.124080658, 40.5072097778, 40.8903388977, 41.2850799561, 41.6798171997, 42.0513381958, 42.4344673157, 42.8175964355, 43.2123336792, 43.5954627991, 43.9785919189, 44.3617210388, 44.7448501587, 45.139591217, 45.5343284607, 45.9174575806, 46.3005905151, 46.683719635, 47.0668487549, 47.4615859985, 47.8447151184, 48.2278442383, 48.6109733582, 48.994102478, 49.3888435364, 49.78358078, 50.1667098999, 50.5498390198, 50.9329681396, 51.3160972595, 51.7108383179, 52.0823554993, 52.4770965576, 52.8602256775, 53.2433547974, 53.6380958557, 54.0328330994, 54.4159622192, 54.7990913391, 55.1706123352, 55.5653495789, 55.9484786987, 56.3316078186, 56.726348877, 57.1094779968, 57.4926071167, 57.8757362366, 58.2588653564, 58.6536026001, 59.03673172, 59.4198646545, 59.8146018982, 60.2093429565, 60.5924720764, 60.9756011963, 61.3471183777, 61.741859436, 62.1365966797, 62.5197257996, 62.9144668579, 63.2975959778, 63.6807250977, 64.0638504028, 64.4353713989, 64.8301086426, 65.2132415771, 65.5963668823, 65.9911117554, 66.385848999, 66.7805862427, 67.1637191772, 67.5352401733, 67.9183654785, 68.3131027222, 68.6962356567, 69.0909729004, 69.474105835, 69.8688430786, 70.2519683838, 70.6234893799, 71.0066223145, 71.3897476196, 71.7728805542, 72.1560058594, 72.5507507324, 72.9338760376, 73.3286132812, 73.7117462158, 74.094871521, 74.489616394, 74.8727416992, 75.2558746338, 75.638999939, 76.0221328735, 76.4052581787, 76.7883911133, 77.1831283569, 77.5662536621, 77.9493865967, 78.3441238403, 78.738861084, 79.133605957, 79.5283432007, 79.8998641968, 80.2713851929, 80.6661224365, 81.0608596802, 81.4439926147, 81.8271179199, 82.198638916, 82.5817642212, 82.9648971558, 83.3596343994, 83.742767334, 84.1258926392, 84.5206298828, 84.9153747559, 85.3101119995, 85.6932373047, 86.0647583008, 86.4478912354, 86.842628479, 87.2257614136, 87.6088867188, 88.0036239624, 88.386756897, 88.7698822021, 89.1530151367, 89.5361404419, 89.9192733765, 90.3023986816, 90.6971435547, 91.0918807983, 91.4750061035, 91.8581390381, 92.2412643433, 92.6243972778, 93.0191345215, 93.4022674561, 93.7970046997, 94.1801376343, 94.5632629395, 94.946395874, 95.3295211792, 95.7126541138, 96.1073913574, 96.4905166626, 96.8852615356, 97.2683868408, 97.6515197754, 98.046257019, 98.4293823242, 98.8125152588, 99.1956481934, 99.5787734985, 99.9735107422, 100.356643677, 100.739768982, 101.134513855, 101.51763916, 101.889160156, 102.2838974, 102.667030334, 103.061767578, 103.444892883, 103.839637756, 104.222763062, 104.605895996, 104.989021301, 105.372154236, 105.766891479, 106.150024414, 106.533149719, 106.904670715, 107.299407959, 107.694145203, 108.088890076, 108.472015381, 108.855148315, 109.238273621, 109.621406555, 110.016143799, 110.399269104, 110.782402039, 111.165527344, 111.548660278, 111.931785583, 112.326530457, 112.709655762, 113.092788696, 113.475914001, 113.859046936, 114.242172241, 114.625305176, 115.020042419, 115.414779663, 115.797912598, 116.192649841, 116.575782776, 116.958908081, 117.330429077, 117.725166321, 118.119903564, 118.503036499, 118.886169434, 119.280906677, 119.675643921, 120.047164917, 120.441902161, 120.825035095, 121.2081604, 121.591293335, 121.97441864, 122.369155884, 122.752288818, 123.135414124, 123.530158997, 123.913284302, 124.296417236, 124.679542542, 125.062675476, 125.45741272, 125.840545654, 126.223670959, 126.606803894, 126.989929199, 127.373062134, 127.756187439, 128.150924683, 128.545669556, 128.94039917, 129.311920166, 129.706665039, 130.089797974, 130.472915649, 130.856048584, 131.239181519, 131.633926392, 132.017044067, 132.400177002, 132.794921875, 133.17805481, 133.561172485, 133.94430542, 134.327438354, 134.722167969, 135.105300903, 135.488433838, 135.883178711, 136.266296387, 136.649429321, 137.032562256, 137.41569519, 137.810424805, 138.193557739, 138.576690674, 138.971420288, 139.354553223, 139.737686157, 140.120819092, 140.503936768, 140.898681641, 141.281814575, 141.66494751, 142.048065186, 142.43119812, 142.825942993, 143.209060669, 143.592193604, 143.986938477, 144.370071411, 144.753189087, 145.14793396, 145.531066895, 145.914199829, 146.308929443, 146.680450439, 147.075195312, 147.458312988, 147.841445923, 148.236190796, 148.61932373, 149.002441406, 149.385574341, 149.768707275, 150.16343689, 150.546569824, 150.929702759, 151.324447632, 151.707565308, 152.090698242, 152.485443115, 152.86857605, 153.251693726, 153.63482666, 154.017959595, 154.412689209, 154.795822144, 155.178955078, 155.562088013, 155.945205688, 156.339950562, 156.734695435, 157.106216431, 157.500946045, 157.884078979, 158.267211914, 158.661941528, 159.045074463, 159.428207397, 159.822952271, 160.194458008, 160.589202881, 160.983947754, 161.35546875, 161.738586426, 162.12171936, 162.516464233, 162.899581909, 163.282714844, 163.677459717, 164.060592651, 164.443710327, 164.8384552, 165.221588135, 165.604721069, 165.987838745, 166.37097168, 166.765716553, 167.148834229, 167.531967163, 167.926712036, 168.309844971, 168.692962646, 169.08770752, 169.459228516, 169.85395813, 170.237091064, 170.620223999, 171.003356934, 171.386474609, 171.781219482, 172.164352417, 172.547485352, 172.942214966, 173.3253479, 173.708480835, 174.09161377, 174.474731445, 174.869476318, 175.252609253, 175.635726929, 176.030471802, 176.413604736, 176.796737671, 177.191467285, 177.586212158, 177.969345093, 178.352462769, 178.735595703, 179.118728638, 179.501861572, 179.884979248, 180.279724121, 180.662857056, 181.04598999, 181.429107666, 181.812240601, 182.206985474, 182.590103149, 182.973236084, 183.367980957, 183.762710571, 184.145843506, 184.52897644, 184.900497437, 185.29524231, 185.689971924, 186.073104858, 186.456237793, 186.839355469, 187.222488403, 187.617233276, 187.988754272, 188.383483887, 188.766616821, 189.149749756, 189.54447937, 189.939224243, 190.322357178, 190.705490112, 191.088607788, 191.471740723, 191.854873657, 192.238006592, 192.632736206, 193.015869141, 193.399002075, 193.793731689, 194.176864624, 194.559997559, 194.943130493, 195.326248169, 195.720993042, 196.115737915, 196.498855591, 196.881988525, 197.26512146, 197.648254395, 198.042984009, 198.426116943, 198.809249878, 199.192382812, 199.575500488, 199.970245361, 200.353378296, 200.73651123, 201.119628906, 201.502761841, 201.897506714, 202.292236328, 202.675369263, 203.058502197, 203.441635132, 203.824752808, 204.207885742, 204.591018677, 204.985748291, 205.368881226, 205.75201416, 206.146759033, 206.529876709, 206.913009644, 207.296142578, 207.679275513, 208.074005127, 208.46875, 208.851882935, 209.23500061, 209.618133545, 210.001266479, 210.419219971, 210.837188721, 211.26675415, 211.69631958, 212.12588501, 212.555465698, 212.985031128, 213.414596558], "beats_loudness": {"dmean2": 0.153261080384, "median": 0.0700562149286, "min": 1.83387874331e-10, "dvar2": 0.0071670897305, "dvar": 0.00191274797544, "dmean": 0.0846470296383, "max": 0.19520957768, "var": 0.00302980607376, "mean": 0.0855336263776}, "danceability": 1.83844363689, "bpm_histogram_second_peak_weight": {"dmean2": 0, "median": 0.285714298487, "min": 0.285714298487, "dvar2": 0, "dvar": 0, "dmean": 0, "max": 0.285714298487, "var": 0, "mean": 0.285714298487}, "beats_count": 540, "bpm_histogram_second_peak_bpm": {"dmean2": 0, "median": 152, "min": 152, "dvar2": 0, "dvar": 0, "dmean": 0, "max": 152, "var": 0, "mean": 152}, "bpm_histogram_first_peak_spread": {"dmean2": 0, "median": 0.0657142996788, "min": 0.0657142996788, "dvar2": 0, "dvar": 0, "dmean": 0, "max": 0.0657142996788, "var": 0, "mean": 0.0657142996788}, "beats_loudness_band_ratio": {"dmean2": [0.658351361752, 0.0813399478793, 0.14084713161, 0.158795207739, 0.18088966608, 0.225231230259], "median": [0.749350309372, 0.0141505543143, 0.03041886352, 0.0271491855383, 0.0436702892184, 0.0264599584043], "min": [0.000233024984482, 0.000193334592041, 0.000161003990797, 3.12906959152e-05, 0.000357407552656, 7.85903030192e-05], "dvar2": [0.155324026942, 0.00474935211241, 0.0281655211002, 0.0127369426191, 0.0129974614829, 0.0245154313743], "dvar": [0.0545444488525, 0.00171796255745, 0.0097362883389, 0.00642296578735, 0.00514721125364, 0.0108599942178], "dmean": [0.371317356825, 0.0448924861848, 0.0775059759617, 0.0866202265024, 0.100054077804, 0.123912014067], "max": [0.996510088444, 0.211852535605, 0.638893604279, 0.99169498682, 0.369296699762, 0.935780882835], "var": [0.0805625319481, 0.00161690847017, 0.00752156414092, 0.0119703561068, 0.00660625426099, 0.0125021552667], "mean": [0.670876443386, 0.0335483253002, 0.0605682171881, 0.072498627007, 0.0833297148347, 0.0864152610302]}}, "lowlevel": {"barkbands_spread": {"dmean2": 11.7505283356, "median": 18.3749313354, "min": 0.0566467791796, "dvar2": 178.286437988, "dvar": 101.302642822, "dmean": 8.22133541107, "max": 116.254959106, "var": 347.005126953, "mean": 22.7974090576}, "melbands_spread": {"dmean2": 10.6390981674, "median": 11.735669136, "min": 0.132885202765, "dvar2": 181.709503174, "dvar": 103.097175598, "dmean": 7.46918487549, "max": 186.879119873, "var": 407.708770752, "mean": 18.4982318878}, "hfc": {"dmean2": 16.3317317963, "median": 17.385969162, "min": 1.09489205915e-16, "dvar2": 702.643249512, "dvar": 406.441314697, "dmean": 11.5797376633, "max": 185.168807983, "var": 712.065063477, "mean": 23.8979892731}, "barkbands_kurtosis": {"dmean2": 44.9108924866, "median": 5.47900438309, "min": -1.7514513731, "dvar2": 28912.0234375, "dvar": 14630.1767578, "dmean": 29.1260948181, "max": 4175.49267578, "var": 21465.0898438, "mean": 41.4038391113}, "gfcc": {"mean": [-27.7003726959, 69.8464508057, -106.016952515, 49.3641624451, -33.0272293091, 30.6914310455, -14.8867025375, 25.5923995972, 0.798636615276, 9.98869419098, -6.40085840225, 9.27491283417, 0.131336346269], "icov": [[9.63706843322e-05, -0.000155829111463, 7.00546588632e-05, -0.000189802056411, 0.000169626029674, -0.000213301304029, 8.98497164599e-05, -0.000106536324893, 0.000241696514422, -0.000352176313754, 0.00051558658015, -0.000326252658851, 0.000101999554317], [-0.000155829111463, 0.00137219717726, 0.000124195255921, 0.000618541031145, -0.000891832693014, 0.00116213783622, -0.000169220176758, 0.000182371702977, -0.00122731178999, 0.0021726260893, -0.00245466083288, 0.00120849185623, 6.93741003488e-06], [7.00546588632e-05, 0.000124195255921, 0.00108248740435, -0.000364891457139, -0.000716564420145, -0.000191762184841, 0.000767731922679, -0.00048846390564, 0.00020431028679, 0.000305452849716, 0.000413306668634, -0.000891090021469, 0.000538903288543], [-0.000189802056411, 0.000618541031145, -0.000364891457139, 0.00252164178528, -6.8028257374e-06, 0.000188668040209, -4.50256920885e-05, 0.000822469999548, -0.00144674768671, 0.00220634485595, -0.00158044858836, 0.00142826477531, -0.00170389236882], [0.000169626029674, -0.000891832693014, -0.000716564420145, -6.8028257374e-06, 0.00382078834809, -0.00124549656175, -0.000772528408561, 0.000332297146088, -4.34840694652e-05, -0.00120585074183, 0.0018044305034, 0.00108476041351, -0.00142849120311], [-0.000213301304029, 0.00116213783622, -0.000191762184841, 0.000188668040209, -0.00124549656175, 0.00472735799849, -0.00119431642815, -0.000537168292794, 1.31420338221e-05, 0.000199995178264, -0.00243130722083, 0.00159535987768, 0.00100087712053], [8.98497164599e-05, -0.000169220176758, 0.000767731922679, -4.50256920885e-05, -0.000772528408561, -0.00119431642815, 0.00473716203123, -0.0013019918697, -0.000539753702469, 0.00188785849605, -0.00102731818333, -0.00045218723244, 0.000624686479568], [-0.000106536324893, 0.000182371702977, -0.00048846390564, 0.000822469999548, 0.000332297146088, -0.000537168292794, -0.0013019918697, 0.00712702842429, -0.00369621766731, 0.000889919523615, 0.00183891376946, -0.00257730390877, 0.000709243235178], [0.000241696514422, -0.00122731178999, 0.00020431028679, -0.00144674768671, -4.34840694652e-05, 1.31420338221e-05, -0.000539753702469, -0.00369621766731, 0.00821128580719, -0.00462164543569, 0.00117087748367, 0.00128140649758, -0.00176286313217], [-0.000352176313754, 0.0021726260893, 0.000305452849716, 0.00220634485595, -0.00120585074183, 0.000199995178264, 0.00188785849605, 0.000889919523615, -0.00462164543569, 0.0126529512927, -0.0055859326385, 0.0015256209299, 0.000788139936049], [0.00051558658015, -0.00245466083288, 0.000413306668634, -0.00158044858836, 0.0018044305034, -0.00243130722083, -0.00102731818333, 0.00183891376946, 0.00117087748367, -0.0055859326385, 0.0159457586706, -0.00653362646699, 0.00152217235882], [-0.000326252658851, 0.00120849185623, -0.000891090021469, 0.00142826477531, 0.00108476041351, 0.00159535987768, -0.00045218723244, -0.00257730390877, 0.00128140649758, 0.0015256209299, -0.00653362646699, 0.0142838722095, -0.00520372018218], [0.000101999554317, 6.93741003488e-06, 0.000538903288543, -0.00170389236882, -0.00142849120311, 0.00100087712053, 0.000624686479568, 0.000709243235178, -0.00176286313217, 0.000788139936049, 0.00152217235882, -0.00520372018218, 0.0114551074803]], "cov": [[18268.2363281, -318.628204346, -862.326171875, 525.824523926, -980.258300781, 304.756408691, -397.662750244, 98.576675415, -387.368530273, 173.855651855, -242.757461548, 251.393310547, -102.094047546], [-318.628204346, 2105.72290039, -437.398254395, -103.08266449, 295.445953369, -299.49697876, 238.823776245, -5.04167985916, 232.069320679, -185.944503784, 143.044082642, -106.321212769, 38.3065643311], [-862.326171875, -437.398254395, 1474.34936523, 162.378112793, 222.357650757, 84.8572463989, -168.33404541, 67.8025741577, -36.0034713745, -28.7273750305, -81.4680709839, 49.022819519, 17.5631408691], [525.824523926, -103.08266449, 162.378112793, 648.093017578, 4.0503411293, -1.25104403496, -25.5059375763, -34.8787307739, 45.4323043823, -71.9034957886, -11.9898948669, -7.17860889435, 98.5779266357], [-980.258300781, 295.445953369, 222.357650757, 4.0503411293, 488.393890381, 55.6665306091, 95.3688583374, 17.9259204865, 94.6640930176, -20.6793079376, -18.3825149536, -73.4681625366, 33.4803962708], [304.756408691, -299.49697876, 84.8572463989, -1.25104403496, 55.6665306091, 354.390472412, 63.6084060669, 35.9532928467, -18.8968524933, 46.2311973572, 4.80601835251, -17.2026615143, -50.9701461792], [-397.662750244, 238.823776245, -168.33404541, -25.5059375763, 95.3688583374, 63.6084060669, 339.038696289, 69.6748962402, 70.5668487549, -46.5646286011, 37.1344909668, -15.0826835632, -6.66872644424], [98.576675415, -5.04167985916, 67.8025741577, -34.8787307739, 17.9259204865, 35.9532928467, 69.6748962402, 232.697952271, 99.9491424561, 5.70080089569, -20.8904781342, 31.4177761078, 3.67182922363], [-387.368530273, 232.069320679, -36.0034713745, 45.4323043823, 94.6640930176, -18.8968524933, 70.5668487549, 99.9491424561, 256.909057617, 33.7526092529, 11.0581665039, -27.7088489532, 38.3372764587], [173.855651855, -185.944503784, -28.7273750305, -71.9034957886, -20.6793079376, 46.2311973572, -46.5646286011, 5.70080089569, 33.7526092529, 155.179077148, 20.1707267761, 2.60128259659, -22.1921310425], [-242.757461548, 143.044082642, -81.4680709839, -11.9898948669, -18.3825149536, 4.80601835251, 37.1344909668, -20.8904781342, 11.0581665039, 20.1707267761, 118.653427124, 26.9385719299, -2.53522372246], [251.393310547, -106.321212769, 49.022819519, -7.17860889435, -73.4681625366, -17.2026615143, -15.0826835632, 31.4177761078, -27.7088489532, 2.60128259659, 26.9385719299, 128.940246582, 36.2214317322], [-102.094047546, 38.3065643311, 17.5631408691, 98.5779266357, 33.4803962708, -50.9701461792, -6.66872644424, 3.67182922363, 38.3372764587, -22.1921310425, -2.53522372246, 36.2214317322, 135.002761841]]}, "spectral_energyband_middle_low": {"dmean2": 0.00683955755085, "median": 0.00248598959297, "min": 1.67888457562e-22, "dvar2": 9.64863938862e-05, "dvar": 3.65769883501e-05, "dmean": 0.00411419663578, "max": 0.0454705283046, "var": 3.97370677092e-05, "mean": 0.00494322413579}, "melbands_crest": {"dmean2": 5.29866981506, "median": 26.6012992859, "min": 1.57399904728, "dvar2": 39.8906593323, "dvar": 16.4270915985, "dmean": 3.2853500843, "max": 37.9293212891, "var": 43.5185317993, "mean": 25.9666194916}, "spectral_kurtosis": {"dmean2": 2.92518019676, "median": 3.09582710266, "min": -1.35965573788, "dvar2": 19.5559864044, "dvar": 7.58884859085, "dmean": 1.8222014904, "max": 49.5453338623, "var": 12.8969612122, "mean": 3.84078335762}, "spectral_rms": {"dmean2": 0.00144745700527, "median": 0.00591326225549, "min": 3.12552609662e-12, "dvar2": 2.70070268016e-06, "dvar": 1.73709645424e-06, "dmean": 0.00108747708146, "max": 0.0148485321552, "var": 9.93025969365e-06, "mean": 0.00698976125568}, "zerocrossingrate": {"dmean2": 0.0133556043729, "median": 0.033203125, "min": 0.001953125, "dvar2": 0.000239926739596, "dvar": 0.000204430340091, "dmean": 0.0125849582255, "max": 0.525390625, "var": 0.00222921185195, "mean": 0.0440040826797}, "silence_rate_60dB": {"dmean2": 0.000867678958457, "median": 0, "min": 0, "dvar2": 0.000867126160301, "dvar": 0.000433654320659, "dmean": 0.000433792418335, "max": 1, "var": 0.0176766738296, "mean": 0.0180004332215}, "erbbands_kurtosis": {"dmean2": 2.44256591797, "median": 0.134130477905, "min": -1.86321306229, "dvar2": 19.7909030914, "dvar": 9.37246131897, "dmean": 1.55936074257, "max": 166.971939087, "var": 35.2034072876, "mean": 1.31235742569}, "erbbands": {"dmean2": [0.733959138393, 4.01428365707, 2.00746393204, 2.07824969292, 5.97833395004, 13.5281047821, 9.35691642761, 6.82181024551, 7.35883283615, 16.5170612335, 30.3486824036, 33.3039131165, 19.3534927368, 22.337184906, 22.1554718018, 22.222820282, 22.863067627, 31.7509689331, 21.3219585419, 35.1477241516, 28.4887237549, 25.2361412048, 23.6339931488, 18.50365448, 24.4033203125, 36.1337471008, 17.1570930481, 11.4844093323, 10.8097867966, 9.72767925262, 6.63990926743, 3.65948271751, 2.8126885891, 1.65910089016, 0.706577777863, 0.324707627296, 0.102464519441, 0.0281381178647, 0.00483121676371, 0.000132989123813], "median": [0.955693483353, 3.74508285522, 0.89440202713, 0.151189863682, 0.288052082062, 0.852504253387, 1.44365358353, 0.755815386772, 0.860934734344, 2.195104599, 4.61721134186, 4.94529438019, 3.65427064896, 5.07134342194, 4.99952507019, 3.82364916801, 4.76308250427, 6.34487915039, 7.74614715576, 9.10599899292, 10.7269201279, 13.3650283813, 9.81255531311, 5.79011440277, 4.23603391647, 4.76211977005, 3.58438014984, 2.23845720291, 2.28792214394, 2.57962203026, 1.72343540192, 0.911146640778, 0.391881734133, 0.159561634064, 0.066659078002, 0.0299938358366, 0.00779387028888, 0.00109673198313, 0.000130604181322, 6.99990632711e-05], "min": [9.41555030846e-23, 6.39129753778e-22, 3.90053705896e-21, 1.01461141908e-20, 2.21444327916e-20, 3.49226607332e-20, 1.00810019904e-19, 1.13015528669e-19, 1.8081077346e-19, 1.58597962558e-19, 2.59877013256e-19, 7.22056296455e-19, 7.57599937184e-19, 9.25951354366e-19, 7.70221575958e-19, 2.22518905325e-18, 2.13321856325e-18, 3.67932997032e-18, 3.50900769193e-18, 4.79199087819e-18, 5.33944630454e-18, 4.50346324949e-18, 7.35822484363e-18, 8.18092213727e-18, 8.49319853494e-18, 6.4663194161e-18, 1.22596943167e-17, 1.26872399871e-17, 1.08808313848e-17, 1.43607438259e-17, 1.46805252333e-17, 1.18728914273e-17, 1.19725584194e-17, 9.10386379497e-18, 5.84024626279e-18, 4.11195494326e-18, 2.86937084453e-18, 9.94815381132e-19, 2.5054031549e-19, 2.74837317805e-20], "dvar2": [1.27691996098, 48.6751327515, 18.171749115, 36.3979072571, 222.593353271, 918.022766113, 324.793060303, 203.034301758, 309.251586914, 1800.38439941, 5271.34765625, 5519.41992188, 2071.15722656, 2438.64648438, 2698.32226562, 2008.73974609, 1745.67553711, 3325.58764648, 1292.53503418, 3496.81518555, 2332.61938477, 1386.26171875, 2273.24975586, 1462.54052734, 3488.83227539, 9536.86230469, 1424.65905762, 563.149353027, 498.72076416, 400.976623535, 135.136016846, 39.317527771, 24.073513031, 8.24159526825, 1.57739281654, 0.339463859797, 0.0354643762112, 0.0047499272041, 0.000163999851793, 8.24604597938e-08], "dvar": [0.736737430096, 26.9760055542, 8.19105625153, 13.7289943695, 79.6793899536, 359.750366211, 118.648475647, 79.9469528198, 113.485076904, 671.385314941, 2234.69873047, 2189.47900391, 867.823425293, 971.782775879, 1113.90185547, 840.85369873, 710.589416504, 1339.95446777, 563.915222168, 1635.47375488, 1036.29003906, 680.189025879, 1119.33764648, 726.716308594, 1759.01159668, 3859.54223633, 796.833984375, 328.401580811, 279.424316406, 212.673248291, 77.2166824341, 20.4733791351, 11.9940652847, 4.34969854355, 0.847754657269, 0.186627924442, 0.0191470067948, 0.00241180276498, 7.98635228421e-05, 4.29166746585e-08], "dmean": [0.537314891815, 2.93230438232, 1.31401503086, 1.18686842918, 3.33662009239, 8.22194290161, 5.40724277496, 4.07842826843, 4.2820148468, 9.77843666077, 18.9605484009, 20.6605472565, 12.4685087204, 14.061630249, 13.9609298706, 14.2453384399, 14.5602684021, 19.6179218292, 13.7674503326, 22.5861740112, 17.9976959229, 16.8763542175, 15.6659088135, 12.6311540604, 16.6735687256, 22.9637393951, 12.0104942322, 8.28770065308, 7.46547603607, 6.80566883087, 4.62742376328, 2.49975323677, 1.93937730789, 1.14504981041, 0.479905605316, 0.221239194274, 0.0735653862357, 0.0204402431846, 0.00333591480739, 9.55593495746e-05], "max": [9.9328546524, 48.3409004211, 28.4004878998, 47.3627815247, 68.8266448975, 148.642654419, 128.190719604, 169.140106201, 183.325149536, 503.930297852, 1162.10388184, 698.284851074, 531.58026123, 568.087646484, 764.561706543, 531.321105957, 605.953552246, 534.328063965, 320.199920654, 508.954925537, 408.573852539, 317.790008545, 398.16305542, 298.504943848, 432.896209717, 632.342590332, 349.183624268, 207.54208374, 178.002914429, 172.369644165, 94.1563262939, 70.3977127075, 43.9250335693, 32.2705192566, 19.412530899, 9.45484447479, 1.86314249039, 0.407521188259, 0.0642238408327, 0.0018077819841], "var": [3.70294618607, 104.490158081, 18.9620037079, 9.95168590546, 50.0137825012, 289.140960693, 98.0873794556, 91.9586410522, 138.869476318, 919.083190918, 3015.94042969, 2872.70483398, 1185.98254395, 1568.66625977, 1597.40234375, 1231.90759277, 1297.31591797, 2374.11499023, 1085.96154785, 4544.99511719, 2097.59667969, 1386.49560547, 1522.67626953, 1099.44567871, 2356.98461914, 3589.47631836, 1205.59887695, 559.08404541, 488.751617432, 352.789855957, 126.332603455, 35.393787384, 22.9109306335, 9.40631866455, 1.91757965088, 0.373456597328, 0.0343607962132, 0.00311563233845, 9.03971740627e-05, 5.81100039199e-08], "mean": [1.80374968052, 8.57120037079, 2.71661138535, 1.03517484665, 2.44155526161, 6.63892269135, 5.10592508316, 4.13360595703, 4.69079017639, 11.8598394394, 22.0316925049, 24.8154373169, 15.8269796371, 19.7617454529, 18.8976554871, 17.8761253357, 20.3917827606, 29.116853714, 21.137348175, 40.0980072021, 28.0535182953, 26.5003929138, 21.4592208862, 17.0412254333, 19.8538818359, 23.2284450531, 15.5220546722, 10.919005394, 10.5163574219, 9.73480796814, 6.34733963013, 3.45318484306, 2.56106805801, 1.56462240219, 0.658558905125, 0.296656578779, 0.0919254645705, 0.0220193173736, 0.00331883016042, 0.000149908402818]}, "spectral_strongpeak": {"dmean2": 0.2475951612, "median": 0.378695696592, "min": 0, "dvar2": 0.285677105188, "dvar": 0.11141846329, "dmean": 0.152838975191, "max": 6.27945327759, "var": 0.160157188773, "mean": 0.514072597027}, "spectral_energy": {"dmean2": 0.0229269433767, "median": 0.035840831697, "min": 1.00131360216e-20, "dvar2": 0.00086278928211, "dvar": 0.000542124558706, "dmean": 0.0171605292708, "max": 0.225990891457, "var": 0.00264740129933, "mean": 0.0602568686008}, "average_loudness": 0.978470742702, "spectral_rolloff": {"dmean2": 885.22845459, "median": 344.53125, "min": 43.06640625, "dvar2": 2085188.75, "dvar": 1011947.875, "dmean": 534.832214355, "max": 19595.2148438, "var": 3480995.25, "mean": 1118.01147461}, "spectral_centroid": {"dmean2": 562.707580566, "median": 1667.47399902, "min": 105.247451782, "dvar2": 383051.15625, "dvar": 201042.03125, "dmean": 384.624023438, "max": 11624.9990234, "var": 899997.375, "mean": 1787.34020996}, "pitch_salience": {"dmean2": 0.150580987334, "median": 0.28326946497, "min": 0.0133721465245, "dvar2": 0.0259584728628, "dvar": 0.012013184838, "dmean": 0.0951083898544, "max": 0.931391775608, "var": 0.0302627161145, "mean": 0.300195813179}, "spectral_energyband_middle_high": {"dmean2": 0.00354060088284, "median": 0.00339427147992, "min": 1.25140148217e-21, "dvar2": 2.26827778533e-05, "dvar": 1.32401701194e-05, "dmean": 0.00242741312832, "max": 0.0381130315363, "var": 3.29480099026e-05, "mean": 0.00492451805621}, "spectral_contrast_coeffs": {"dmean2": [0.0828660130501, 0.107725679874, 0.0796090513468, 0.0628053247929, 0.0450468696654, 0.0383191108704], "median": [-0.647594332695, -0.720012307167, -0.777127385139, -0.76298391819, -0.786800086498, -0.753840088844], "min": [-0.974345862865, -0.979465842247, -0.978898644447, -0.974069952965, -0.967019557953, -0.965516865253], "dvar2": [0.00493705645204, 0.00755528081208, 0.00411538500339, 0.0027110252995, 0.00145873730071, 0.00118759309407], "dvar": [0.00179738726001, 0.00328246201389, 0.00176319642924, 0.0013108314015, 0.000655805401038, 0.000658464152366], "dmean": [0.0492804646492, 0.0685450211167, 0.0507724918425, 0.0417670756578, 0.0289511475712, 0.0260321982205], "max": [-0.376515001059, -0.358327925205, -0.407075047493, -0.488892197609, -0.585012733936, -0.61882930994], "var": [0.00478159124032, 0.0119086280465, 0.00650581950322, 0.00547267217189, 0.00238401652314, 0.00313421944156], "mean": [-0.652106583118, -0.709267020226, -0.76469296217, -0.755679726601, -0.783300995827, -0.762010872364]}, "melbands_skewness": {"dmean2": 2.95487546921, "median": 4.70677042007, "min": -5.55107450485, "dvar2": 14.4929199219, "dvar": 7.09350919724, "dmean": 2.03018856049, "max": 43.4186592102, "var": 27.7421321869, "mean": 6.29447889328}, "spectral_spread": {"dmean2": 1320043.625, "median": 4351947.5, "min": 1769386.625, "dvar2": 3752273379330.0, "dvar": 2024844165120.0, "dmean": 946380.6875, "max": 43322084, "var": 9251886989310.0, "mean": 5218752.5}, "dissonance": {"dmean2": 0.0308332554996, "median": 0.481204330921, "min": 0.221202582121, "dvar2": 0.00123081484344, "dvar": 0.000467919919174, "dmean": 0.0183745548129, "max": 0.49999460578, "var": 0.000736702757422, "mean": 0.472828805447}, "spectral_skewness": {"dmean2": 0.436228781939, "median": 1.27202749252, "min": -0.442124605179, "dvar2": 0.251280635595, "dvar": 0.112038582563, "dmean": 0.288321018219, "max": 5.45817708969, "var": 0.310573071241, "mean": 1.31770086288}, "spectral_flux": {"dmean2": 0.053850568831, "median": 0.0747978687286, "min": 6.34119493026e-11, "dvar2": 0.00448959274217, "dvar": 0.00218510371633, "dmean": 0.0349486321211, "max": 0.376252561808, "var": 0.00347806978971, "mean": 0.0890288129449}, "spectral_contrast_valleys": {"dmean2": [0.81345552206, 0.951774120331, 0.785422086716, 0.742212414742, 0.652233481407, 0.723301172256], "median": [-7.67627382278, -7.75708770752, -7.7698559761, -8.01211547852, -7.51234102249, -10.0821456909], "min": [-28.127571106, -27.7516727448, -27.586933136, -27.6331768036, -27.4251842499, -27.3544445038], "dvar2": [0.570744276047, 0.783229470253, 0.624499619007, 0.655923426151, 0.58753734827, 0.790564417839], "dvar": [0.296916127205, 0.38153398037, 0.330172479153, 0.36317974329, 0.371268361807, 0.510078787804], "dmean": [0.534653484821, 0.63210529089, 0.536386072636, 0.539863586426, 0.487041771412, 0.581173837185], "max": [-5.19172668457, -5.15797615051, -4.98608589172, -5.71709728241, -5.09479379654, -7.66589212418], "var": [3.08639168739, 2.78157258034, 2.8143684864, 2.73953461647, 2.83096504211, 2.9319870472], "mean": [-7.83288097382, -7.90736246109, -7.93975162506, -8.21201515198, -7.74557113647, -10.2105617523]}, "erbbands_flatness_db": {"dmean2": 0.0373559519649, "median": 0.153262108564, "min": 0.0390538573265, "dvar2": 0.00125040474813, "dvar": 0.000700544740539, "dmean": 0.0259800963104, "max": 0.511153638363, "var": 0.00263623450883, "mean": 0.156424298882}, "spectral_energyband_high": {"dmean2": 0.00144349294715, "median": 0.00041482198867, "min": 7.16256338645e-21, "dvar2": 8.37871994008e-06, "dvar": 4.49165008831e-06, "dmean": 0.00103750010021, "max": 0.0186797808856, "var": 6.93106949257e-06, "mean": 0.00147105730139}, "spectral_entropy": {"dmean2": 0.363492101431, "median": 7.75246810913, "min": 5.15217065811, "dvar2": 0.181378647685, "dvar": 0.101980857551, "dmean": 0.252243518829, "max": 9.82662773132, "var": 0.308667808771, "mean": 7.69921541214}, "silence_rate_20dB": {"dmean2": 0, "median": 1, "min": 1, "dvar2": 0, "dvar": 0, "dmean": 0, "max": 1, "var": 0, "mean": 1}, "melbands_flatness_db": {"dmean2": 0.065679140389, "median": 0.288232207298, "min": 0.00207985239103, "dvar2": 0.00572231737897, "dvar": 0.00347868422978, "dmean": 0.0490276403725, "max": 0.767051994801, "var": 0.0140653122216, "mean": 0.296938896179}, "barkbands": {"dmean2": [0.00118041352835, 0.0197926256806, 0.00107358314563, 0.000957710377406, 0.00319540733472, 0.000846616516355, 0.000752150896005, 0.00116144120693, 0.00144340202678, 0.00063547102036, 0.000626744295005, 0.000568862829823, 0.00059640413383, 0.000583478540648, 0.000651674694382, 0.000483707815874, 0.000474603613839, 0.000399326265324, 0.000452568434412, 0.000675662071444, 0.000332929630531, 0.000298193539493, 0.000244848080911, 0.000168407859746, 0.00011598465062, 6.24821477686e-05, 2.1738023861e-05], "median": [0.000928110559471, 0.0221339054406, 3.96094401367e-05, 2.3795364541e-05, 0.000240752095124, 0.000111527064291, 6.85840495862e-05, 0.000131190070533, 0.000195189422811, 9.80275945039e-05, 0.000102608042653, 8.03079383331e-05, 9.23165280255e-05, 9.14116608328e-05, 0.00014743648353, 0.000129931315314, 0.00022595419432, 0.000164120836416, 8.45535250846e-05, 0.000103353529994, 7.17722286936e-05, 6.80762386764e-05, 6.62942693452e-05, 3.14421777148e-05, 1.14238991955e-05, 5.14119938089e-06, 5.13282657266e-07], "min": [5.40150466049e-25, 4.95978781446e-24, 4.11130046328e-24, 5.01850194277e-24, 1.22124866246e-23, 1.59353058298e-23, 1.1785843037e-23, 4.96500179061e-24, 2.246458448e-23, 1.95978087302e-23, 1.41508456642e-23, 4.76135111593e-23, 3.45108344461e-23, 4.32277790032e-23, 8.26905520978e-23, 9.80301480373e-23, 6.07640875066e-23, 1.22169866028e-22, 1.48233022543e-22, 1.35394759383e-22, 3.55353312592e-22, 3.02802832209e-22, 4.76363792903e-22, 5.98660861174e-22, 9.63332198778e-22, 1.43819283931e-21, 2.08571531582e-21], "dvar2": [4.12366762248e-06, 0.000993660069071, 8.09893845144e-06, 9.8185691968e-06, 4.49829640274e-05, 2.49155345955e-06, 4.0446411731e-06, 7.73554347688e-06, 1.0013107385e-05, 2.37973563344e-06, 1.79592893801e-06, 1.29078000555e-06, 1.18643538372e-06, 1.13594489903e-06, 1.07022196971e-06, 6.89205421622e-07, 5.25891948655e-07, 5.99679026436e-07, 1.11988504159e-06, 3.01419572679e-06, 4.65875899636e-07, 3.66362030491e-07, 1.9064835044e-07, 7.96291885763e-08, 3.96780066581e-08, 1.30667956455e-08, 3.