{"tonal": {"thpcp": [1, 0.527219057083, 0.0887916311622, 0.0807331800461, 0.0800765231252, 0.0807311236858, 0.0876911655068, 0.0987084060907, 0.10158906877, 0.10519105196, 0.113726332784, 0.129226461053, 0.148312732577, 0.151685997844, 0.135040789843, 0.127205237746, 0.13323841989, 0.134474098682, 0.124139741063, 0.121978364885, 0.133199229836, 0.142220556736, 0.133365854621, 0.112361423671, 0.10179272294, 0.108075790107, 0.150436997414, 0.226338788867, 0.268645823002, 0.22708901763, 0.149030312896, 0.114988520741, 0.123487152159, 0.143765166402, 0.169350549579, 0.609923005104], "hpcp": {"dmean2": [0.192446365952, 0.185081779957, 0.178978800774, 0.176161646843, 0.181664854288, 0.189764365554, 0.192339211702, 0.191484734416, 0.21060153842, 0.215941056609, 0.198970377445, 0.175379544497, 0.163793087006, 0.160077631474, 0.205557405949, 0.261552453041, 0.287727296352, 0.301401793957, 0.231851562858, 0.193927899003, 0.20088082552, 0.219108462334, 0.269519925117, 0.481830954552, 0.745650827885, 0.416363328695, 0.12699060142, 0.12291879952, 0.127739459276, 0.128342434764, 0.145399525762, 0.172423660755, 0.176983013749, 0.176951110363, 0.178298607469, 0.189567178488], "median": [0.0224387645721, 0.0216329097748, 0.014809018001, 0.00992854312062, 0.00874201674014, 0.00893921870738, 0.00872917473316, 0.0100043844432, 0.0113570941612, 0.0124589763582, 0.010833747685, 0.00853472203016, 0.00625168299302, 0.00780541496351, 0.0138578033075, 0.023646665737, 0.0316547974944, 0.0229071695358, 0.0124134328216, 0.00737772369757, 0.00768106104806, 0.00980335008353, 0.0124098062515, 0.482547551394, 0.785042524338, 0.389823049307, 0.00993261579424, 0.00883863400668, 0.00759398983791, 0.00681054638699, 0.00599465379491, 0.00551294768229, 0.00568579835817, 0.00610954826698, 0.00759891141206, 0.0134392417967], "min": [1.0750995898e-05, 1.46757602124e-05, 1.33596840897e-05, 6.26812061455e-06, 8.34689581097e-06, 8.026058822e-06, 6.36146205579e-06, 9.00906343304e-06, 1.44552204802e-05, 9.99824351311e-06, 9.59995395533e-06, 1.11405197458e-05, 9.41344478633e-06, 7.95513096818e-06, 6.60196928948e-06, 1.20324530144e-05, 1.8897040718e-05, 9.56037183641e-06, 1.01371942947e-05, 7.38757125873e-06, 4.06188883062e-06, 9.82183155429e-06, 0, 0, 0, 6.7549313826e-05, 1.20501799756e-05, 1.46696756929e-05, 1.46442089317e-05, 9.79233027465e-06, 1.51911417561e-05, 0, 0, 0, 1.23007521324e-05, 8.15553539724e-06], "dvar2": [0.116297975183, 0.113314442337, 0.112374328077, 0.122967243195, 0.120701298118, 0.125697746873, 0.129680663347, 0.121727146208, 0.140224888921, 0.144847422838, 0.137465253472, 0.12198086828, 0.119926616549, 0.097627311945, 0.126112744212, 0.159190684557, 0.158060371876, 0.1939856112, 0.13298022747, 0.123055502772, 0.132975906134, 0.138259366155, 0.164948254824, 0.166951879859, 0.370942503214, 0.125450700521, 0.074543684721, 0.0761354863644, 0.0776793733239, 0.0729344934225, 0.104292705655, 0.145097762346, 0.138155400753, 0.140332624316, 0.126192435622, 0.124990165234], "dvar": [0.040320571512, 0.0398150421679, 0.0394296199083, 0.0431702062488, 0.042358007282, 0.0450384728611, 0.0470154471695, 0.0445510335267, 0.0507556386292, 0.0521519333124, 0.0494849085808, 0.0431057102978, 0.041904963553, 0.0346370264888, 0.0437068156898, 0.0560069791973, 0.0575239174068, 0.0677169039845, 0.047752212733, 0.0445060282946, 0.0487880222499, 0.0527607910335, 0.0614806562662, 0.0642125830054, 0.160326749086, 0.0491556227207, 0.0260444041342, 0.0263292826712, 0.026953458786, 0.025542806834, 0.036318462342, 0.0501479506493, 0.0474780313671, 0.0484212972224, 0.0443971641362, 0.0444485060871], "dmean": [0.10492810607, 0.101034916937, 0.0969728827477, 0.0952733010054, 0.0976702794433, 0.102406330407, 0.103101670742, 0.102256171405, 0.112343519926, 0.115420520306, 0.107233867049, 0.0941954404116, 0.0871326252818, 0.0863027945161, 0.11249960959, 0.144608736038, 0.159968838096, 0.164010971785, 0.123738236725, 0.102348499, 0.107584781945, 0.117448881269, 0.143822148442, 0.266518294811, 0.389678955078, 0.221854075789, 0.0682144612074, 0.0651868954301, 0.0671270191669, 0.0680023431778, 0.0766008496284, 0.0896455049515, 0.0923111885786, 0.0929785445333, 0.0949073210359, 0.101683855057], "max": [1, 1, 1, 1, 1, 1, 1, 1, 1, 1, 1, 1, 1, 1, 1, 1, 1, 1, 1, 1, 1, 1, 1, 1, 1, 1, 1, 1, 1, 1, 1, 1, 1, 1, 1, 1], "var": [0.0303972885013, 0.0336633622646, 0.0312313809991, 0.0343444086611, 0.0360046811402, 0.0368512682617, 0.0328238494694, 0.0308003928512, 0.0348581671715, 0.0365349091589, 0.0344616807997, 0.0284836478531, 0.0273050554097, 0.0249634776264, 0.0343877077103, 0.0577974878252, 0.0670192614198, 0.0598810352385, 0.0348932929337, 0.029123140499, 0.0330329462886, 0.0389252267778, 0.0439157634974, 0.0752041041851, 0.192042246461, 0.0552273392677, 0.0174148697406, 0.0168143417686, 0.0169099587947, 0.0165027696639, 0.0227400418371, 0.0303092040122, 0.0285578481853, 0.0298716872931, 0.0294882375747, 0.0311089493334], "mean": [0.0861887857318, 0.0881490930915, 0.0784760788083, 0.0739226192236, 0.077428676188, 0.0781467631459, 0.0721411705017, 0.0708851292729, 0.0774058997631, 0.0826484486461, 0.0775027275085, 0.0652964487672, 0.0591546744108, 0.0628059431911, 0.0874232575297, 0.131531968713, 0.156117796898, 0.131967946887, 0.0866057947278, 0.0668231323361, 0.0717619284987, 0.0835460647941, 0.098414465785, 0.354443788528, 0.581128716469, 0.306382149458, 0.0515993647277, 0.0469163693488, 0.0465347655118, 0.0469151735306, 0.0509598553181, 0.0573622882366, 0.0590363256633, 0.061129540205, 0.0660896375775, 0.0750972032547]}, "tuning_equal_tempered_deviation": 0.213933676481, "chords_changes_rate": 0.0424888394773, "key_key": "A#", "tuning_diatonic_strength": 0.504674613476, "key_scale": "major", "chords_number_rate": 0.00129626959097, "tuning_frequency": 434.193115234, "tuning_nontempered_energy_ratio": 0.792060136795, "chords_histogram": [12.6314277649, 51.8795890808, 9.54918670654, 6.6109752655, 1.35388159752, 0.230447933078, 0.0288059916347, 0, 1.39709055424, 0, 0.230447933078, 0.532910823822, 0.360074907541, 0, 0, 0, 0, 9.03067874908, 2.52052426338, 3.41351008415, 0, 0.0576119832695, 0.0720149800181, 0.100820973516], "key_strength": 0.623702168465, "chords_key": "D", "chords_strength": {"dmean2": 0.0109045105055, "median": 0.577406466007, "min": 0.262472361326, "dvar2": 8.46675975481e-05, "dvar": 5.25025825482e-05, "dmean": 0.00815833359957, "max": 0.800530791283, "var": 0.0123850200325, "mean": 0.559654712677}, "chords_scale": "minor", "hpcp_entropy": {"dmean2": 1.20642769337, "median": 2.5434217453, "min": 0.0452083721757, "dvar2": 0.881033301353, "dvar": 0.326307207346, "dmean": 0.717732667923, "max": 4.62575292587, "var": 0.793148338795, "mean": 2.51082181931}}, "metadata": {"audio_properties": {"equal_loudness": 0, "codec": "flac", "downmix": "mix", "sample_rate": 44100, "analysis_sample_rate": 44100, "bit_rate": 0, "md5_encoded": "2e1184c9ffd7170932da8aa925828d55", "length": 322.346679688, "replay_gain": -8.65786361694, "lossless": true}, "version": {"essentia_build_sha": "70f2e5ece6736b2c40cc944ad0e695b16b925413", "essentia": "2.1-beta2", "extractor": "music 1.0", "essentia_git_sha": "v2.1_beta2"}, "tags": {"title": ["Kick1 Kick3 (Maetrik Sexy remix)"], "language": ["eng"], "media": ["CD"], "albumartist": ["John Digweed"], "tracktotal": ["16"], "musicbrainz_releasegroupid": ["7f1ff581-38fb-478b-93fa-245a307a98d8"], "releasetype": ["album"], "musicbrainz_recordingid": ["1b34ef73-59f9-4d4a-8264-b7173d43ce61"], "musicbrainz_albumartistid": ["68cac857-3147-43d0-879e-c63dc9c82014"], "acoustid_fingerprint": ["AQADtNEiMUnEJEpwyEfhH9ZxHE8IPKEh4odOHA9hp8ePJ4R_HOKP44Hc4hvSKscPMzpAHQ_S4zlE5zh-mCv84znoQ3zw4wJu-IF_HHpowT_xw8fxBC8eiD_-wziOB8cD44QPwGoIHw_84wZuPPDxHs8h8ocJHvCPQ7RBycd3GEUt-CGMN_Dx4zAOOyGMJ_CNS8YP6zh03NrxEOYb-IIObkcYJ4o2kDd-NM-Oh1Xwwh_ywj80HW9RpIeF4Ie58DjsHCJJ4sRhtcfx4MVDWMUP8XgOk_hxKccPXT0sFLXwHMcbvPCLEyZhvCFMPISPHz98HF-I4wsh_jgoizh88D1EMXCHH0ZRH34IUxceWEyJr8YJyzh8wngIHz8Onzje43gIH-IPXjgotXig48EP9-jRX7Aa-HjxENYhvjgOqyGC9Dmc5TjEHl_xnHCM3tAOisvRG90UuGgP7S5s45WOX8EZuEO3ffgu9OngL0a7XHjxMkbTQ_uRZ0e1qCPMo08u4dPRh0gfF0lh5uiajfiDozaJ5mfwIz9ONEfX4x9-oWHQE_3haqZw6Dna48mFwlzQ58ahffDRMzG6Hq4e9Dm-WSjMHX1GPMabHc3R8jhRNYWfoW-l4kW9QURlVkIPS1GGkjwunNBYNCTOLPhRHn5Wojd6uEP34arRw8_QjsWFl0dztLxw9IKdHP2F--iJpj6eC_UPUV2MPjOuE5d0okfzDDov_EfVCFMYRefwMxq6GY3z4viTGP7xLIcwbjzCqA-qf_gY45GOvIf2IEwkhTjDG30i-Ckq83h_8JnRcEf1hHh40OmFN5eG6hauZDCyh-Ggm8E_mGPQZziO6kZzPERz9AykfIefHSfS58LN4agRwg9ecaAk5RCfo0d_NJRI5DyaD6dgDv6FgsnRKj1yUkSfQc6NPCEJ8zjzwOizoKdgZcnxIJcs4Yd44LC04Ie5E6J8nIcd9NGGdvDT4toH__iPTJbg6jjy4_xxQnSO4tnRfOjDoA-k80Kqc3jQ8ejRHDxCOXg73BfEKvhh-cjS7OhTuDr4HH7hHudh8EPwEDpyRTn8ow8a9Az6wc-OU8FzCTnMHy8gagqoH58CP7TQHz3RpEIbFeJzWC2uEyaP_ijhMwfb4WEHXcWPcxDfwGfw5bAzPDzyE1dyVEefI8xx9NDT486RKztS-CGOH5YWHeIPPzw6ah1-9ERz4kWf7OCJD8ZzUNoPPcF3uIrA9_iOwz74QYcfwdoPWjnSB-EPRj8ai7jRHzreOBCP6zB6oni6gT_xwcdDUNrxQFcgPsd3nLhgnMLhR6COB89hTYV_nISuwWMufIFetHfwoj-ahzjRB-9xBcZNSOpx4XCVg9_xjMdh6oQ-fPCDfD9M5fCDykePxuJxLT_CEvegR-Xg_GB-1GheQidqZcePK4dxwz36oxXEDvjG49Jh1Id2XLh6kFIO_0GP7micED_6HRfMleh1vEJ4NC_Oo8_wI1cu-DioHqeOC2YUfAc_4oepBx_gB_l1uDrM5eiD_mhO5ATz48eZgz8Mcf1weD_ewMeXB83xHE1O9Ed76AtunMrxiTi-A6YkGRf84-ORCZakD8eF9NGDqyT8Qzxx4fDx4-bxD32C3hD5wB9gPJGOC-ZC8Mc1nMZXmEQOM7qQPkd_9If44iA9nEOe4zQM_8h_HH5I-B8e-I3BJ4R54lNghVvxkND14DlaXEezkjjYov_wog8P_xCP44HV8NCP58J9HOYN-HgG83gOUTdIioSl4wr8rThDQn_wKUeLXgd14sfx4cHDw4d_nDgsJsdL2DlS-RJgHkiPB-bxRof4B7RSwid0RfDxKXTwE8_Ro9dBnSj64ezwFE_hF_7x4rCYSNAPkTtB_bgPD0eewt8NnzCjnAjxozl6BgezRjlOPLRA_AGewmoO_3h0-Dl69Dmag6ehrVkDvcdhSbrww_gu-CwOm7iOH1bhXzhEPKSCQ094HG8KO1pwHibxGuJ1kA38o8-8ofkOpsQbMHmG_tCLXxqYN0fD43gNLSqPfri2gzlBHdrx5UP_glIj4ceLUzjEo4d0SmhOcONwGZmOHl-Os2heow9yHu0Nn-hxcdA3ofkAcACxjCnljGJMMKIAcUIxZpQVSCjDFGLCAMaEAAghCwCxCBDGgFlMCYWAQIJ5ZpVmSljLJBNMCCEEIksAIABjVijlnDIOAcAI4JIABJxiQioBhGSMKeKcYIwxp4RSFgjiBBFMWcGAE8w6Y4WwhhnAnBVECAOBYcYxwawzVjgmGANCCcYMQ4AJgZRgAnIGFBDBMMGEYEoAAyATDgAAlBDCKuAAYAIAxYgVgFlkmDLKGEeIYUgIRgiwQgiBlEBGWAGEYQAw5iQjggDAtEMcSAGQYEgIpIAQTAAhhECAACEQAAIghgA0wBFhAEHKGaaEoEgQQYQxygEhDBJIIQGN0QoJQYCwwCgDEANIEKOEsEJQIQRBgBghkEQWWHgBQY4JIAhgACDCiAMAGMaIAIIAwxRVTAHEiDJAEQSgYICBoIACQgBgmUACIAUAEIwAgwgCSgnlnLJAGMMAcAYhYYAjBgBFCHCMCKCAYEgICoRFTABhjCIAKceABwAwIBBQgBjNhDKECYMkg0wAZJRTwgSlGBLIEEOQEEIBJhRBAiqDCDHCEcIBAIABRAQCgApAgAJIKIeoAEQJoQgjDgEmDKEGECICogowIZQzQjomlDQWOKUQAAIwBIgRihgqBDFGOAKENgYoBJRQSAHDmIAIECSEQ0AgoIQSQ0ABmAHMSSU8I8oJhQASBChALUJOCEaEAgYwIIRgwDGkDAOGCQGIcEogopAQZgilmEICAQKkQMAIRpxXTAAhHFOMCSGUEgYgQYAwiiEMhCBMMSCEY4gQYRRAABAlFLOCCcuUMkYBwwCiACmCABNGOACsMhYI4Zg5QAwHGBBKCCAUEMIYIgxzjBAhGBZGAMUYsEwIB6RURgggkBEACokA"], "discnumber": ["2"], "album": ["Structures Two"], "catalognumber": ["BedstructCD2"], "releasecountry": ["GB"], "file_name": "02.12. Timo Maas - Kick1 Kick3 (Maetrik Sexy remix).flac", "compilation": ["0"], "originaldate": ["2011-06-20"], "albumartistsort": ["Digweed, John"], "date": ["2011-06-20"], "genre": ["Electronic, House"], "disctotal": ["3"], "discsubtitle": ["Live From Avalon, Los Angeles"], "musicbrainz_artistid": ["71348eeb-0c15-4718-b0ca-5775f78ad5f8"], "asin": ["B00517JUFI"], "musicbrainz_albumid": ["7f29795f-0299-4259-9f5d-6aaf4ef1545c"], "artist": ["Timo Maas"], "tracknumber": ["12"], "artistsort": ["Maas, Timo"], "bpm": ["125"], "label": ["Bedrock Records"], "releasestatus": ["official"], "totaldiscs": ["3"], "script": ["Latn"], "totaltracks": ["16"]}}, "rhythm": {"bpm_histogram_first_peak_bpm": {"dmean2": 0, "median": 126, "min": 126, "dvar2": 0, "dvar": 0, "dmean": 0, "max": 126, "var": 0, "mean": 126}, "bpm": 124.926521301, "bpm_histogram_second_peak_spread": {"dmean2": 0, "median": 0.346153855324, "min": 0.346153855324, "dvar2": 0, "dvar": 0, "dmean": 0, "max": 0.346153855324, "var": 0, "mean": 0.346153855324}, "bpm_histogram_first_peak_weight": {"dmean2": 0, "median": 0.541916191578, "min": 0.541916191578, "dvar2": 0, "dvar": 0, "dmean": 0, "max": 0.541916191578, "var": 0, "mean": 0.541916191578}, "onset_rate": 5.2766661644, "beats_position": [0.487619042397, 0.986848056316, 1.49768710136, 2.02013611794, 2.55419492722, 3.08825397491, 3.59909296036, 4.08671188354, 4.57433080673, 5.06195020676, 5.54956912994, 6.025578022, 6.5015873909, 6.98920631409, 7.47682523727, 7.95283412933, 8.42884349823, 8.90485286713, 9.38086128235, 9.86848068237, 10.3444900513, 10.8204984665, 11.3081178665, 11.7841272354, 12.2601356506, 12.7477550507, 13.235373497, 13.7113828659, 14.1873922348, 14.6750106812, 15.15102005, 15.6270294189, 16.114648819, 16.5906581879, 17.0666656494, 17.5542850494, 18.0302944183, 18.5063037872, 18.9939231873, 19.4699325562, 19.9459400177, 20.4219493866, 20.9095687866, 21.3855781555, 21.8731975555, 22.3492050171, 22.8368244171, 23.312833786, 23.800453186, 24.2764625549, 24.7524719238, 25.2284793854, 25.7044887543, 26.1921081543, 26.6797275543, 27.1557369232, 27.6317462921, 28.1193637848, 28.5953731537, 29.0713825226, 29.5590019226, 30.0350112915, 30.5110206604, 30.9986381531, 31.4862575531, 31.962266922, 32.4382743835, 32.9142837524, 33.3902931213, 33.8779144287, 34.3655319214, 34.8415412903, 35.3175506592, 35.7935600281, 36.269569397, 36.7455787659, 37.2331962585, 37.7092056274, 38.1968231201, 38.6844444275, 39.1720619202, 39.6712913513, 40.124080658, 40.5536499023, 40.9948310852, 41.4360084534, 41.8191375732, 42.2138786316, 42.5970077515, 42.9917449951, 43.374874115, 43.7463951111, 44.129524231, 44.5126533508, 44.9073905945, 45.3021316528, 45.6968688965, 46.1960983276, 46.6953277588, 47.2061653137, 47.7170066833, 48.2278442383, 48.7386856079, 49.2263031006, 49.7139205933, 50.1899299622, 50.6659393311, 51.1535606384, 51.6411781311, 52.1171875, 52.5931968689, 53.0808143616, 53.5568237305, 54.0328330994, 54.5088424683, 54.9848518372, 55.4724693298, 55.9484786987, 56.4244880676, 56.9004974365, 57.3881187439, 57.8641242981, 58.3517456055, 58.8277549744, 59.3037643433, 59.7913818359, 60.2673912048, 60.7434005737, 61.2310180664, 61.7070274353, 62.1830368042, 62.6706581116, 63.1582756042, 63.6342849731, 64.1102905273, 64.5863037109, 65.0739212036, 65.5499343872, 66.0375518799, 66.5135574341, 66.9895706177, 67.4655761719, 67.9531936646, 68.4292068481, 68.9168243408, 69.392829895, 69.8688430786, 70.3564605713, 70.8324737549, 71.3084793091, 71.7960968018, 72.2721099854, 72.7481155396, 73.2357330322, 73.7117462158, 74.18775177, 74.6753692627, 75.1513824463, 75.638999939, 76.1150131226, 76.6026306152, 77.0786361694, 77.554649353, 78.0306549072, 78.5182723999, 78.9942855835, 79.4819030762, 79.9579086304, 80.433921814, 80.9099273682, 81.3859405518, 81.861946106, 82.349571228, 82.8255767822, 83.3131942749, 83.7892074585, 84.2652130127, 84.7528305054, 85.228843689, 85.7048492432, 86.1924667358, 86.6684799194, 87.1444854736, 87.6321105957, 88.1197280884, 88.5957336426, 89.0717468262, 89.5477523804, 90.035369873, 90.5113830566, 90.9990005493, 91.4750061035, 91.9510192871, 92.4270248413, 92.9146499634, 93.3906555176, 93.8782730103, 94.3542861938, 94.830291748, 95.2946929932, 95.7823104858, 96.2583236694, 96.7459411621, 97.2219467163, 97.6979598999, 98.1739654541, 98.6615829468, 99.1375961304, 99.625213623, 100.101219177, 100.588844299, 101.064849854, 101.540863037, 102.02848053, 102.516098022, 102.992103577, 103.46811676, 103.944122314, 104.420135498, 104.896141052, 105.372154236, 105.859771729, 106.335777283, 106.811790466, 107.299407959, 107.775421143, 108.251426697, 108.739044189, 109.215057373, 109.691062927, 110.17868042, 110.666305542, 111.142311096, 111.61831665, 112.105941772, 112.581947327, 113.05796051, 113.533966064, 114.009971619, 114.497596741, 114.985214233, 115.461219788, 115.937232971, 116.424850464, 116.900856018, 117.376869202, 117.864486694, 118.340499878, 118.828117371, 119.304122925, 119.780136108, 120.267753601, 120.743759155, 121.219772339, 121.695777893, 122.183395386, 122.671020508, 123.147026062, 123.623039246, 124.0990448, 124.575057983, 125.051063538, 125.53868103, 126.014694214, 126.502311707, 126.989929199, 127.465942383, 127.941947937, 128.42956543, 128.917190552, 129.404800415, 129.892425537, 130.391647339, 130.890884399, 131.40171814, 131.9009552, 132.400177002, 132.887802124, 133.375411987, 133.851425171, 134.339050293, 134.815048218, 135.291061401, 135.767074585, 136.254684448, 136.730697632, 137.218322754, 137.694335938, 138.181945801, 138.657958984, 139.145568848, 139.621582031, 140.097595215, 140.573608398, 141.049606323, 141.525619507, 142.013244629, 142.489242554, 142.976867676, 143.452880859, 143.940490723, 144.428115845, 144.915740967, 145.40335083, 145.890975952, 146.390197754, 146.877822876, 147.365432739, 147.853057861, 148.329071045, 148.816680908, 149.30430603, 149.791931152, 150.279541016, 150.755554199, 151.231567383, 151.719177246, 152.206802368, 152.682815552, 153.158813477, 153.646438599, 154.134063721, 154.610061646, 155.086074829, 155.573699951, 156.049697876, 156.52571106, 157.001724243, 157.489334106, 158.069839478, 158.650344849, 159.219223022, 159.799728394, 160.368606567, 160.9375, 161.506393433, 162.086883545, 162.667388916, 163.236282349, 163.723892212, 164.199905396, 164.675918579, 165.163528442, 165.651153564, 166.138778687, 166.638000488, 167.137237549, 167.636459351, 168.135681152, 168.634918213, 169.145751953, 169.644989014, 170.155822754, 170.655059814, 171.142669678, 171.6302948, 172.106307983, 172.593917847, 173.081542969, 173.557540894, 174.033554077, 174.509567261, 174.985580444, 175.473190308, 175.949203491, 176.425216675, 176.912826538, 177.40045166, 177.876464844, 178.352462769, 178.828475952, 179.304489136, 179.792098999, 180.279724121, 180.755737305, 181.243347168, 181.707748413, 182.183761597, 182.65977478, 183.135772705, 183.623397827, 184.111022949, 184.598632812, 185.074645996, 185.55065918, 186.038269043, 186.525894165, 187.001907349, 187.477905273, 187.953918457, 188.429931641, 188.917541504, 189.393554688, 189.869567871, 190.345581055, 190.833190918, 191.309204102, 191.785217285, 192.272827148, 192.748840332, 193.224853516, 193.70085144, 194.176864624, 194.664489746, 195.152099609, 195.639724731, 196.127349854, 196.603347778, 197.079360962, 197.555374146, 198.03137207, 198.507385254, 198.983398438, 199.459411621, 199.935409546, 200.423034668, 200.899047852, 201.386657715, 201.862670898, 202.338684082, 202.814697266, 203.302307129, 203.778320312, 204.265930176, 204.741943359, 205.217956543, 205.693969727, 206.169967651, 206.657592773, 207.145217896, 207.632827759, 208.108840942, 208.584854126, 209.072463989, 209.548477173, 210.024490356, 210.500488281, 210.988113403, 211.464126587, 211.95173645, 212.427749634, 212.903762817, 213.379776001, 213.855773926, 214.343399048, 214.819412231, 215.295410156, 215.783035278, 216.259048462, 216.746658325, 217.222671509, 217.710296631, 218.186294556, 218.662307739, 219.149932861, 219.625930786, 220.10194397, 220.577957153, 221.053970337, 221.5415802, 222.017593384, 222.493606567, 222.969604492, 223.468841553, 223.956451416, 224.4324646, 224.908477783, 225.396102905, 225.87210083, 226.348114014, 226.824127197, 227.311737061, 227.787750244, 228.263763428, 228.739776611, 229.215774536, 229.69178772, 230.179412842, 230.655410767, 231.13142395, 231.607437134, 232.095046997, 232.571060181, 233.058685303, 233.534683228, 234.02230835, 234.498321533, 234.974319458, 235.450332642, 235.937957764, 236.425567627, 236.913192749, 237.389205933, 237.865203857, 238.341217041, 238.817230225, 239.293243408, 239.780853271, 240.256866455, 240.744491577, 241.220489502, 241.708114624, 242.184127808, 242.671737671, 243.147750854, 243.623764038, 244.099761963, 244.587387085, 245.063400269, 245.551010132, 246.027023315, 246.503036499, 246.979049683, 247.466659546, 247.942672729, 248.418685913, 248.894683838, 249.38230896, 249.869934082, 250.345932007, 250.82194519, 251.309570312, 251.797180176, 252.273193359, 252.749206543, 253.225204468, 253.701217651, 254.188842773, 254.664840698, 255.140853882, 255.616867065, 256.104492188, 256.580505371, 257.068115234, 257.544128418, 258.020141602, 258.496154785, 258.983764648, 259.459777832, 259.947387695, 260.423400879, 260.899414062, 261.375427246, 261.863037109, 262.339050293, 262.826660156, 263.30267334, 263.778686523, 264.266296387, 264.75390625, 265.229919434, 265.705932617, 266.181945801, 266.657958984, 267.133972168, 267.621582031, 268.097595215, 268.585205078, 269.072814941, 269.548828125, 270.024841309, 270.512481689, 270.988464355, 271.464477539, 271.95211792, 272.428100586, 272.90411377, 273.39175415, 273.867736816, 274.34375, 274.819763184, 275.295776367, 275.78338623, 276.259399414, 276.735412598, 277.223022461, 277.699035645, 278.186676025, 278.662658691, 279.138671875, 279.614685059, 280.102294922, 280.578308105, 281.065948486, 281.541931152, 282.029571533, 282.505584717, 282.981567383, 283.469207764, 283.945220947, 284.421234131, 284.908843994, 285.384857178, 285.860870361, 286.336853027, 286.824493408, 287.300506592, 287.788116455, 288.264129639, 288.740142822, 289.227752686, 289.703765869, 290.179779053, 290.667388916, 291.131774902, 291.619415283, 292.107025146, 292.58303833, 293.059051514, 293.546661377, 294.022674561, 294.498687744, 294.986297607, 295.462310791, 295.938323975, 296.425933838, 296.890319824, 297.377960205, 297.865570068, 298.353179932, 298.829193115, 299.305206299, 299.769622803, 300.257232666, 300.744842529, 301.232452393, 301.708465576, 302.18447876, 302.660491943, 303.136505127, 303.62411499, 304.111755371, 304.587738037, 305.063751221, 305.528167725, 306.015777588, 306.503387451, 306.991027832, 307.455413818, 307.943023682, 308.419036865, 308.906646729, 309.382659912, 309.870300293, 310.334686279, 310.822296143, 311.286712646, 311.77432251, 312.261932373, 312.749572754, 313.225585938, 313.701568604, 314.189208984, 314.665222168, 315.141204834, 315.628845215, 316.104858398, 316.580841064, 317.068481445, 317.556091309, 318.032104492, 318.508117676, 318.972503662, 319.460144043, 319.947753906, 320.43536377, 320.899780273, 321.387390137, 321.875], "beats_loudness": {"dmean2": 0.108802132308, "median": 0.0945318564773, "min": 0.000727479637135, "dvar2": 0.0054134670645, "dvar": 0.00146094954107, "dmean": 0.0569059066474, "max": 0.279273658991, "var": 0.00418331706896, "mean": 0.0993994697928}, "danceability": 1.50844311714, "bpm_histogram_second_peak_weight": {"dmean2": 0, "median": 0.0254491008818, "min": 0.0254491008818, "dvar2": 0, "dvar": 0, "dmean": 0, "max": 0.0254491008818, "var": 0, "mean": 0.0254491008818}, "beats_count": 669, "bpm_histogram_second_peak_bpm": {"dmean2": 0, "median": 120, "min": 120, "dvar2": 0, "dvar": 0, "dmean": 0, "max": 120, "var": 0, "mean": 120}, "bpm_histogram_first_peak_spread": {"dmean2": 0, "median": 0.410423457623, "min": 0.410423457623, "dvar2": 0, "dvar": 0, "dmean": 0, "max": 0.410423457623, "var": 0, "mean": 0.410423457623}, "beats_loudness_band_ratio": {"dmean2": [0.472171366215, 0.165436521173, 0.112919509411, 0.100805796683, 0.0896724388003, 0.133227422833], "median": [0.820743262768, 0.0309549495578, 0.014230706729, 0.0225775558501, 0.019039388746, 0.0236274655908], "min": [0.00138049293309, 0.000240518013015, 0.000203827570658, 6.8495857704e-05, 6.50405418128e-05, 6.24216409051e-05], "dvar2": [0.101744659245, 0.0367294959724, 0.0138658788055, 0.00701423827559, 0.00604002643377, 0.00860634166747], "dvar": [0.0312484893948, 0.0133415926248, 0.00454647326842, 0.0022857002914, 0.00181163486559, 0.00315674580634], "dmean": [0.246600925922, 0.0913882553577, 0.0593282729387, 0.053760509938, 0.0463108532131, 0.069570697844], "max": [0.998547852039, 0.801290750504, 0.488860070705, 0.395688265562, 0.273997932673, 0.867284595966], "var": [0.0793814882636, 0.0249998215586, 0.00644835084677, 0.00392591394484, 0.00191296089906, 0.00408670632169], "mean": [0.718395292759, 0.10247682035, 0.0560391843319, 0.0507638603449, 0.0361299552023, 0.0491951182485]}}, "lowlevel": {"barkbands_spread": {"dmean2": 17.9367580414, "median": 16.1479568481, "min": 0.178370058537, "dvar2": 521.157775879, "dvar": 203.484191895, "dmean": 10.9635877609, "max": 123.023048401, "var": 334.689239502, "mean": 20.9102878571}, "melbands_spread": {"dmean2": 13.1747999191, "median": 9.62923431396, "min": 0.137929692864, "dvar2": 327.457885742, "dvar": 127.228302002, "dmean": 7.8912563324, "max": 181.671691895, "var": 244.158874512, "mean": 13.9685258865}, "hfc": {"dmean2": 19.4192733765, "median": 14.2712306976, "min": 0.124401800334, "dvar2": 943.202148438, "dvar": 410.824188232, "dmean": 13.2845535278, "max": 221.19190979, "var": 791.728515625, "mean": 24.3502006531}, "barkbands_kurtosis": {"dmean2": 39.8839111328, "median": 7.8185710907, "min": -1.93606567383, "dvar2": 6830.5625, "dvar": 2858.89428711, "dmean": 25.2244472504, "max": 853.577453613, "var": 5240.84423828, "mean": 33.5859909058}, "gfcc": {"mean": [-0.784966170788, 76.2908630371, -85.5077438354, 44.6568489075, -48.3847007751, 39.4971046448, -30.4882164001, 20.4955329895, -17.4239177704, 6.31495332718, -8.77823543549, 4.90832901001, -1.4097700119], "icov": [[0.000493193918373, 0.000188807171071, 0.000445271958597, -0.000468411191832, 0.00034336844692, -0.000404631136917, 0.00057568657212, 2.69087249762e-05, 0.000326504377881, -0.000565271417145, 0.000677806267049, -0.000561855500564, 0.000192821185919], [0.000188807171071, 0.00398130854592, -0.000668756722007, 0.00273239938542, -0.00123877089936, 0.00233426713385, -0.000404696795158, 0.00170528667513, -0.00233138515614, 0.00484069110826, -0.00466601550579, 0.00550334248692, -0.00263083749451], [0.000445271958597, -0.000668756722007, 0.00168661912903, -0.00132565246895, 0.000785789743531, -0.00172224536072, 0.000975403585471, -0.000781341397669, 0.00120098970365, -0.00195189507212, 0.00222031632438, -0.00154779921286, 0.0012731065508], [-0.000468411191832, 0.00273239938542, -0.00132565246895, 0.00492265634239, -0.00144938367885, 0.00202729180455, -0.000969838525634, 0.00153255625628, -0.00216297036968, 0.00346226827241, -0.00508238049224, 0.00582938222215, -0.00132766552269], [0.00034336844692, -0.00123877089936, 0.000785789743531, -0.00144938367885, 0.00535695580766, -0.00268847122788, 0.000615704630036, -0.00184087269008, -0.00067673047306, -0.000707904051524, 0.00141398201231, -0.00155599578284, -0.000465948949568], [-0.000404631136917, 0.00233426713385, -0.00172224536072, 0.00202729180455, -0.00268847122788, 0.00782892946154, -0.0029856164474, -0.00051842641551, -0.00201411149465, 0.000701761222444, -0.000349181005731, 0.00215035350993, -0.000519116816577], [0.00057568657212, -0.000404696795158, 0.000975403585471, -0.000969838525634, 0.000615704630036, -0.0029856164474, 0.00986884627491, -0.00349661358632, -0.0012504508486, 0.00115907657892, -0.00277527491562, 0.0023371274583, -0.000371866364731], [2.69087249762e-05, 0.00170528667513, -0.000781341397669, 0.00153255625628, -0.00184087269008, -0.00051842641551, -0.00349661358632, 0.0130887087435, -0.00352713745087, -0.000114484828373, 0.000777188688517, -0.00266408617608, 0.00101423391607], [0.000326504377881, -0.00233138515614, 0.00120098970365, -0.00216297036968, -0.00067673047306, -0.00201411149465, -0.0012504508486, -0.00352713745087, 0.0174682233483, -0.0063620954752, -0.00110407487955, -0.00100222881883, -0.000979384058155], [-0.000565271417145, 0.00484069110826, -0.00195189507212, 0.00346226827241, -0.000707904051524, 0.000701761222444, 0.00115907657892, -0.000114484828373, -0.0063620954752, 0.0253608245403, -0.0128500470892, 0.00379552016966, -0.000174752349267], [0.000677806267049, -0.00466601550579, 0.00222031632438, -0.00508238049224, 0.00141398201231, -0.000349181005731, -0.00277527491562, 0.000777188688517, -0.00110407487955, -0.0128500470892, 0.0286972019821, -0.0108104432002, -0.00132615840994], [-0.000561855500564, 0.00550334248692, -0.00154779921286, 0.00582938222215, -0.00155599578284, 0.00215035350993, 0.0023371274583, -0.00266408617608, -0.00100222881883, 0.00379552016966, -0.0108104432002, 0.0282076206058, -0.0139450766146], [0.000192821185919, -0.00263083749451, 0.0012731065508, -0.00132766552269, -0.000465948949568, -0.000519116816577, -0.000371866364731, 0.00101423391607, -0.000979384058155, -0.000174752349267, -0.00132615840994, -0.0139450766146, 0.0267092157155]], "cov": [[5000.60498047, -1810.36694336, -150.373153687, 508.903442383, -290.278656006, 283.670410156, -323.66015625, 48.2170791626, -183.456634521, 212.632369995, -176.136917114, 176.122161865, -109.97077179], [-1810.36694336, 1761.35229492, -628.969299316, -420.942993164, 58.3480796814, -511.419555664, 80.3804626465, -235.331237793, 83.6870422363, -233.540176392, 151.878448486, -161.130706787, 121.704803467], [-150.373153687, -628.969299316, 1516.04187012, 235.261657715, 10.8464107513, 417.395629883, -23.3696041107, 164.769805908, -49.3560791016, 111.375061035, -127.993255615, 16.0532608032, -118.771011353], [508.903442383, -420.942993164, 235.261657715, 517.215026855, 13.6519641876, 85.0296707153, 12.6682634354, 14.3328428268, 6.5033082962, 41.9838027954, -3.29759335518, -37.8014602661, -48.5046272278], [-290.278656006, 58.3480796814, 10.8464107513, 13.6519641876, 311.200927734, 125.101455688, 78.319480896, 79.4036712646, 69.2622756958, 10.3733272552, 21.6044960022, 9.84521007538, 22.7606697083], [283.670410156, -511.419555664, 417.395629883, 85.0296707153, 125.101455688, 430.016845703, 76.0388641357, 159.785827637, 29.9351520538, 88.9522628784, -49.3576812744, 43.8606910706, -40.4307823181], [-323.66015625, 80.3804626465, -23.3696041107, 12.6682634354, 78.319480896, 76.0388641357, 188.810379028, 61.6882591248, 60.0742874146, 1.27977883816, 35.5458374023, -16.5711555481, 10.4522857666], [48.2170791626, -235.331237793, 164.769805908, 14.3328428268, 79.4036712646, 159.785827637, 61.6882591248, 169.647201538, 37.8319015503, 50.1041488647, -10.7513723373, 42.3612518311, -8.46343803406], [-183.456634521, 83.6870422363, -49.3560791016, 6.5033082962, 69.2622756958, 29.9351520538, 60.0742874146, 37.8319015503, 105.202529907, 19.9775867462, 39.5602302551, 2.55467319489, 20.7196617126], [212.632369995, -233.540176392, 111.375061035, 41.9838027954, 10.3733272552, 88.9522628784, 1.27977883816, 50.1041488647, 19.9775867462, 94.9362945557, 10.70515728, 33.576789856, -8.31944465637], [-176.136917114, 151.878448486, -127.993255615, -3.29759335518, 21.6044960022, -49.3576812744, 35.5458374023, -10.7513723373, 39.5602302551, 10.70515728, 87.6133880615, 12.2324609756, 34.7466430664], [176.122161865, -161.130706787, 16.0532608032, -37.8014602661, 9.84521007538, 43.8606910706, -16.5711555481, 42.3612518311, 2.55467319489, 33.576789856, 12.2324609756, 97.3108901978, 31.1254119873], [-109.97077179, 121.704803467, -118.771011353, -48.5046272278, 22.7606697083, -40.4307823181, 10.4522857666, -8.46343803406, 20.7196617126, -8.31944465637, 34.7466430664, 31.1254119873, 72.2317276001]]}, "spectral_energyband_middle_low": {"dmean2": 0.0105057377368, "median": 0.00302349892445, "min": 2.22873204621e-05, "dvar2": 0.000542123394553, "dvar": 0.000194631371414, "dmean": 0.00608818000183, "max": 0.191424608231, "var": 0.000163705815794, "mean": 0.00754044298083}, "melbands_crest": {"dmean2": 7.85136222839, "median": 22.8482780457, "min": 4.1530380249, "dvar2": 39.4730148315, "dvar": 15.4201192856, "dmean": 4.86358976364, "max": 37.9233398438, "var": 58.7691841125, "mean": 23.2370033264}, "spectral_kurtosis": {"dmean2": 2.42296123505, "median": 1.89054536819, "min": -1.16205644608, "dvar2": 13.7623672485, "dvar": 5.68216896057, "dmean": 1.56614005566, "max": 62.6251144409, "var": 19.2529220581, "mean": 3.05252861977}, "spectral_rms": {"dmean2": 0.00231157336384, "median": 0.00626916950569, "min": 0.00028231399483, "dvar2": 5.26369422005e-06, "dvar": 2.29745728575e-06, "dmean": 0.00150880322326, "max": 0.0239502862096, "var": 1.00494489743e-05, "mean": 0.00676370738074}, "zerocrossingrate": {"dmean2": 0.0200550574809, "median": 0.0419921875, "min": 0.001953125, "dvar2": 0.000420848286012, "dvar": 0.000281569984509, "dmean": 0.0154969068244, "max": 0.23193359375, "var": 0.00112154369708, "mean": 0.0489839203656}, "silence_rate_60dB": {"dmean2": 0.0256447196007, "median": 0, "min": 0, "dvar2": 0.0288832560182, "dvar": 0.0126586752012, "dmean": 0.0128214359283, "max": 1, "var": 0.0327114053071, "mean": 0.0338519141078}, "erbbands_kurtosis": {"dmean2": 1.88124394417, "median": -0.335858821869, "min": -1.91869843006, "dvar2": 17.6420097351, "dvar": 6.31141805649, "dmean": 1.14370179176, "max": 119.334457397, "var": 8.69842529297, "mean": 0.228123471141}, "erbbands": {"dmean2": [1.31876111031, 6.54055070877, 13.2329549789, 16.4113693237, 12.0732154846, 11.3946666718, 26.4622936249, 10.362660408, 8.94051647186, 7.6253361702, 19.9662742615, 14.9984884262, 15.6477336884, 26.7153549194, 23.57264328, 27.8391666412, 15.0931978226, 23.6459121704, 24.9764537811, 20.9091930389, 36.417049408, 29.8799209595, 13.6376047134, 18.2609500885, 12.6654748917, 11.9987392426, 11.1818714142, 10.3238229752, 8.41655158997, 10.2571697235, 11.1329622269, 5.90408086777, 6.75450897217, 6.63625431061, 3.51274466515, 1.06533646584, 0.207312479615, 0.0224950741976, 0.00115356675815, 7.88611214375e-05], "median": [0.726883292198, 3.22724628448, 2.64379262924, 1.40582382679, 0.951976776123, 2.17633509636, 4.54841041565, 2.62591266632, 1.47573709488, 2.20309829712, 4.05406141281, 4.19880485535, 4.73910522461, 8.47017097473, 5.12128210068, 6.86142730713, 4.17643260956, 4.73496437073, 5.88370704651, 4.4906539917, 5.22911310196, 4.6352596283, 3.23976373672, 2.90101385117, 2.42822980881, 2.47779035568, 2.29697227478, 2.08861351013, 2.30616283417, 2.69914793968, 2.80157470703, 2.44547080994, 1.97795653343, 1.0797097683, 0.436330854893, 0.14311221242, 0.0267707556486, 0.00274730985984, 0.000176593457581, 6.16062170593e-05], "min": [1.35783766382e-05, 0.000169958468177, 0.00032154735527, 0.0012681868393, 0.00550280464813, 0.00977299269289, 0.00679016811773, 0.0108899362385, 0.00536345923319, 0.0161440130323, 0.0251592788845, 0.0133756222203, 0.00544983614236, 0.0086187524721, 0.0089023495093, 0.0187015160918, 0.0324081219733, 0.0170835424215, 0.0232893507928, 0.0277673862875, 0.0263049770147, 0.014947636053, 0.00927638728172, 0.0112808998674, 0.00725182937458, 0.00382673903368, 0.00197307113558, 0.00124088407028, 0.00059595447965, 0.000552144774701, 0.00036937117693, 0.000300207320834, 0.000236864216276, 0.000145582249388, 6.8704415753e-05, 2.16005810216e-05, 5.54184680368e-06, 1.16251851523e-06, 4.76792934023e-07, 2.2514701925e-07], "dvar2": [2.50640916824, 96.7632980347, 1587.9375, 2766.65063477, 1507.98303223, 643.221496582, 3545.83227539, 416.494781494, 670.298400879, 302.84286499, 2069.46801758, 1474.2911377, 1418.12365723, 2422.64941406, 3493.35571289, 10441.9736328, 2164.45043945, 5370.75341797, 3368.00756836, 2623.18652344, 15491.4990234, 7496.33154297, 1127.77954102, 2352.45019531, 950.956298828, 993.086730957, 1047.58728027, 678.199157715, 344.326782227, 393.918121338, 499.379333496, 94.5134353638, 100.50705719, 186.551651001, 77.6301422119, 8.41279602051, 0.285230487585, 0.00438292277977, 9.46590171225e-06, 2.03156940159e-08], "dvar": [1.29015481472, 39.804523468, 586.967895508, 978.535766602, 529.092468262, 233.663970947, 1272.21191406, 160.036148071, 254.007354736, 117.44947052, 776.507141113, 522.966918945, 501.976287842, 948.288696289, 1271.65185547, 3348.11230469, 791.202270508, 2058.07592773, 1303.30029297, 1003.08068848, 5574.31640625, 2709.97265625, 420.842468262, 856.93548584, 370.477233887, 404.360778809, 453.603820801, 300.035644531, 158.515106201, 176.754592896, 228.404998779, 45.4631500244, 45.5120697021, 76.7573623657, 30.0740203857, 3.11323165894, 0.106737814844, 0.00159686640836, 3.51754692929e-06, 8.15691425515e-09], "dmean": [0.910257518291, 4.01039409637, 7.68401098251, 8.96999454498, 6.58373022079, 6.64681005478, 15.8570690155, 6.16694355011, 5.23865032196, 4.59498977661, 11.9802684784, 8.71018791199, 9.23116397858, 15.6070766449, 13.648475647, 16.2394962311, 9.14356327057, 14.1253414154, 14.9221735001, 12.4068822861, 20.8109645844, 16.8946914673, 8.00561523438, 10.7425279617, 7.61714982986, 7.72458839417, 7.37200021744, 6.66936635971, 5.82938432693, 6.69752645493, 7.44879674911, 4.06112957001, 4.55778026581, 4.33100509644, 2.2309961319, 0.663526713848, 0.12768894434, 0.0136589445174, 0.000696642382536, 5.11310827278e-05], "max": [11.9541196823, 99.1205444336, 385.828765869, 433.972137451, 390.989044189, 296.433776855, 547.12512207, 229.549682617, 400.186950684, 267.362091064, 846.50592041, 402.864501953, 712.361816406, 1767.30822754, 622.751647949, 2573.70214844, 1791.90185547, 1066.57104492, 705.444641113, 347.404785156, 1115.42077637, 548.053100586, 425.106292725, 636.01550293, 527.307861328, 513.675292969, 595.028869629, 576.541809082, 229.44543457, 171.385223389, 300.939025879, 131.753662109, 67.2438430786, 107.15737915, 83.5827636719, 26.3173675537, 4.71270799637, 0.69379556179, 0.0297059621662, 0.00129891000688], "var": [3.95235300064, 53.8202667236, 427.978027344, 607.20880127, 343.761322021, 305.016235352, 1923.35498047, 200.11517334, 248.396438599, 126.492988586, 990.339599609, 423.207244873, 418.792449951, 1562.47290039, 992.276367188, 2749.24145508, 826.826904297, 1770.43933105, 1434.15466309, 1026.4317627, 3924.10522461, 2010.78320312, 507.0859375, 968.471252441, 514.070495605, 697.348449707, 833.015930176, 647.324279785, 291.067260742, 296.417572021, 354.318603516, 100.655197144, 75.1387939453, 78.9395446777, 25.7252674103, 2.38204741478, 0.0814720988274, 0.00111763353925, 2.62610160462e-06, 1.08293596313e-08], "mean": [1.56234145164, 5.46287822723, 7.17929410934, 6.75386619568, 5.56230640411, 8.12003135681, 20.8934593201, 7.65383386612, 5.70278215408, 5.61572694778, 14.98807621, 9.71593666077, 10.7933015823, 19.5579776764, 14.4559373856, 19.2342376709, 12.6969575882, 16.3286743164, 18.7516098022, 15.2077713013, 20.6783046722, 17.2160110474, 10.8483057022, 13.489315033, 10.8274412155, 11.1166257858, 10.512008667, 9.46730613708, 8.40316104889, 8.96388530731, 9.43527317047, 6.35611820221, 5.95944356918, 4.51833486557, 2.17807221413, 0.619444787502, 0.11577603966, 0.0122556285933, 0.000642331433482, 9.59071549005e-05]}, "spectral_strongpeak": {"dmean2": 0.429245740175, "median": 0.356599390507, "min": 0.00216639507562, "dvar2": 0.340526580811, "dvar": 0.132116556168, "dmean": 0.255142599344, "max": 9.23198223114, "var": 0.207565367222, "mean": 0.473902314901}, "spectral_energy": {"dmean2": 0.0377742797136, "median": 0.0402850471437, "min": 8.16937172203e-05, "dvar2": 0.00304184388369, "dvar": 0.00124857365154, "dmean": 0.0243903882802, "max": 0.587956607342, "var": 0.00278475810774, "mean": 0.057192325592}, "average_loudness": 0.91913485527, "spectral_rolloff": {"dmean2": 1351.82678223, "median": 279.931640625, "min": 43.06640625, "dvar2": 8401889, "dvar": 3050981, "dmean": 745.772216797, "max": 12123.1933594, "var": 2520751.75, "mean": 869.481262207}, "spectral_centroid": {"dmean2": 639.935546875, "median": 1213.95043945, "min": 108.886817932, "dvar2": 479846.65625, "dvar": 192182.46875, "dmean": 393.944366455, "max": 4563.29785156, "var": 597546.875, "mean": 1337.25610352}, "pitch_salience": {"dmean2": 0.189299568534, "median": 0.36939060688, "min": 0.0278187468648, "dvar2": 0.0257608406246, "dvar": 0.0101631339639, "dmean": 0.116673499346, "max": 0.90686237812, "var": 0.0328207500279, "mean": 0.380647867918}, "spectral_energyband_middle_high": {"dmean2": 0.00373928202316, "median": 0.00159921892919, "min": 1.64787143149e-05, "dvar2": 8.28315096442e-05, "dvar": 3.14187236654e-05, "dmean": 0.00226981542073, "max": 0.0670027136803, "var": 3.30372567987e-05, "mean": 0.00342245516367}, "spectral_contrast_coeffs": {"dmean2": [0.103101171553, 0.0847810655832, 0.0618449039757, 0.0509272031486, 0.0382152274251, 0.0350631512702], "median": [-0.704461455345, -0.772676110268, -0.818104147911, -0.825203299522, -0.820621490479, -0.814212679863], "min": [-0.966568112373, -0.932076752186, -0.926131308079, -0.91893017292, -0.913972437382, -0.903849363327], "dvar2": [0.00736796390265, 0.0045127463527, 0.002