{"tonal": {"thpcp": [1, 0.667912960052, 0.222749516368, 0.127430766821, 0.128490164876, 0.269653558731, 0.4067042768, 0.277481466532, 0.122582271695, 0.121325708926, 0.143627524376, 0.255538702011, 0.371248841286, 0.354006916285, 0.60108846426, 0.860701441765, 0.528262853622, 0.163522258401, 0.103948377073, 0.122824057937, 0.276735931635, 0.453062742949, 0.335285723209, 0.144222170115, 0.116403073072, 0.140952110291, 0.34959128499, 0.568650305271, 0.418974936008, 0.343638241291, 0.482158958912, 0.372051119804, 0.201870530844, 0.18345451355, 0.259021401405, 0.642314612865], "hpcp": {"dmean2": [0.255500674248, 0.232503160834, 0.128526821733, 0.0906655341387, 0.100391566753, 0.135709762573, 0.166216105223, 0.163903102279, 0.111199468374, 0.1011332497, 0.107155360281, 0.158041611314, 0.195458561182, 0.202601805329, 0.178259819746, 0.182955890894, 0.187501043081, 0.169390797615, 0.148346930742, 0.19167509675, 0.277272492647, 0.27194878459, 0.279113739729, 0.171147048473, 0.118036352098, 0.106633774936, 0.14071623981, 0.158549398184, 0.128552928567, 0.0905726999044, 0.0985011309385, 0.113960564137, 0.143878400326, 0.177302971482, 0.208729296923, 0.257053017616], "median": [0.118269771338, 0.0693927630782, 0.0117372460663, 0.00371084292419, 0.00351115944795, 0.0156860668212, 0.0349633470178, 0.0279853902757, 0.00962055195123, 0.00458465144038, 0.00488469796255, 0.0249633528292, 0.0493980497122, 0.0401343107224, 0.0234382916242, 0.019313601777, 0.0146111454815, 0.00712295807898, 0.00550643913448, 0.0113069713116, 0.0916782319546, 0.192521125078, 0.11313547194, 0.0147813642398, 0.00459155580029, 0.00414207717404, 0.0147889424115, 0.0270246565342, 0.0176633633673, 0.00626011984423, 0.00391659373417, 0.00384688167833, 0.0171098541468, 0.0306593552232, 0.0354822762311, 0.072706617415], "min": [0, 0, 0, 0, 0, 0, 0, 0, 0, 0, 0, 0, 0, 0, 0, 0, 0, 0, 0, 0, 0, 0, 0, 0, 0, 0, 0, 0, 0, 0, 0, 0, 0, 0, 0, 0], "dvar2": [0.123851209879, 0.103271007538, 0.063417121768, 0.052299644798, 0.0626516789198, 0.0755522996187, 0.0767163336277, 0.0862314328551, 0.067067168653, 0.0704834237695, 0.0641080737114, 0.0746414586902, 0.095228895545, 0.0982659682631, 0.0910560116172, 0.106584064662, 0.105520568788, 0.111236572266, 0.0879341885448, 0.103080637753, 0.132978990674, 0.118381753564, 0.123665988445, 0.0877789333463, 0.0701464563608, 0.0626547113061, 0.0768014937639, 0.0770598575473, 0.0608724988997, 0.0526359826326, 0.0632969513535, 0.0721228867769, 0.0764187425375, 0.0934667438269, 0.10673378408, 0.130924805999], "dvar": [0.0503995008767, 0.0390505716205, 0.0229169391096, 0.018894687295, 0.0228751935065, 0.0288854446262, 0.0318612121046, 0.0318403430283, 0.0244787391275, 0.0257977638394, 0.0240801498294, 0.0291038062423, 0.0396946780384, 0.0382812693715, 0.0351918339729, 0.0409467406571, 0.040060158819, 0.0405800379813, 0.0333773195744, 0.0387890860438, 0.0498324520886, 0.0497259683907, 0.0473178587854, 0.0329635441303, 0.0256220288575, 0.0236349869519, 0.0295502413064, 0.0323059409857, 0.0238001644611, 0.0196151323617, 0.022830652073, 0.0265397150069, 0.0289297718555, 0.0366332158446, 0.039646781981, 0.0486984029412], "dmean": [0.14976285398, 0.135080114007, 0.0714148133993, 0.0496680922806, 0.0556455776095, 0.0797706842422, 0.0983503088355, 0.0960050970316, 0.0623893551528, 0.055470854044, 0.0607483796775, 0.0933848842978, 0.116844333708, 0.117955498397, 0.10300552845, 0.10506426543, 0.107157282531, 0.0935196578503, 0.0824019983411, 0.107918083668, 0.16158759594, 0.162785813212, 0.166048154235, 0.0960448905826, 0.0641639307141, 0.0594327189028, 0.0824392139912, 0.0945848226547, 0.0767394974828, 0.0507114939392, 0.0543568506837, 0.0646455213428, 0.0821540132165, 0.103078462183, 0.119799032807, 0.148305088282], "max": [1, 1, 1, 1, 1, 1, 1, 1, 1, 1, 1, 1, 1, 1, 1, 1, 1, 1, 1, 1, 1, 1, 1, 1, 1, 1, 1, 1, 1, 1, 1, 1, 1, 1, 1, 1], "var": [0.132032722235, 0.0628600642085, 0.0182198975235, 0.0148060340434, 0.0189033485949, 0.0412468239665, 0.0736952573061, 0.0434385873377, 0.0187071282417, 0.0191450361162, 0.0231458321214, 0.0465061180294, 0.0944954529405, 0.0550254099071, 0.0485815368593, 0.0901060029864, 0.0603979825974, 0.0331339426339, 0.0285745542496, 0.0388536676764, 0.0849767774343, 0.139795616269, 0.081672385335, 0.0279546994716, 0.0186860226095, 0.0197654496878, 0.0379153713584, 0.0670909285545, 0.0366214923561, 0.0180522445589, 0.0201176293194, 0.0230542682111, 0.0368195399642, 0.0569346062839, 0.0458824858069, 0.0836018025875], "mean": [0.311212331057, 0.191009223461, 0.0591263584793, 0.0375856421888, 0.0444107092917, 0.100062154233, 0.163818374276, 0.121232576668, 0.0521478392184, 0.0420890115201, 0.0509654469788, 0.126405179501, 0.205612525344, 0.151492908597, 0.124252684414, 0.174338981509, 0.134526208043, 0.0729923248291, 0.0663334652781, 0.0936569273472, 0.232248052955, 0.36157989502, 0.241503894329, 0.0805417448282, 0.0460764057934, 0.0464594587684, 0.0975013077259, 0.147056087852, 0.100331716239, 0.044323284179, 0.0438689365983, 0.0519328266382, 0.092397660017, 0.134236112237, 0.128001779318, 0.21734149754]}, "tuning_equal_tempered_deviation": 0.0439357757568, "chords_changes_rate": 0.0365458279848, "key_key": "A", "tuning_diatonic_strength": 0.703231573105, "key_scale": "major", "chords_number_rate": 0.00235779536888, "tuning_frequency": 436.456176758, "tuning_nontempered_energy_ratio": 0.697156846523, "chords_histogram": [41.7624511719, 6.95549678802, 19.6286468506, 1.56203949451, 0.0884173288941, 0, 0.0589448846877, 0, 0.235779538751, 0, 0.88417327404, 0, 0, 0, 0, 0, 0, 1.5915119648, 0, 0.235779538751, 0.235779538751, 3.30091357231, 18.9507808685, 4.50928401947], "key_strength": 0.933434069157, "chords_key": "A", "chords_strength": {"dmean2": 0.00871287193149, "median": 0.610355257988, "min": 0.289157480001, "dvar2": 6.70260560582e-05, "dvar": 7.04550911905e-05, "dmean": 0.00949277263135, "max": 0.815162599087, "var": 0.0108388513327, "mean": 0.598944187164}, "chords_scale": "major", "hpcp_entropy": {"dmean2": 0.971457004547, "median": 1.86966001987, "min": 0, "dvar2": 0.633952975273, "dvar": 0.245252713561, "dmean": 0.575291156769, "max": 4.05133199692, "var": 0.514342367649, "mean": 1.81231665611}}, "metadata": {"audio_properties": {"equal_loudness": 0, "codec": "mp3", "downmix": "mix", "sample_rate": 44100, "analysis_sample_rate": 44100, "bit_rate": 128000, "md5_encoded": "bd00e62d2deb15e7e111845b34ab13d0", "length": 157.492248535, "replay_gain": -5.43088912964, "lossless": false}, "version": {"essentia_build_sha": "2d9f1f26377add8aeb1075a9c2973f962c4f09fd", "essentia": "2.1-beta2", "extractor": "music 1.0", "essentia_git_sha": "v2.1_beta2-1-ge3940c0"}, "tags": {"title": ["The Talking Walls (alt. vers.)"], "language": ["ger"], "acoustid_fingerprint": ["AQADtJSypHmCX2huCT0e1KuJbU-RRdEPVRQiPS-a48aNK09wF1V--JiYKJTxRUL2Yz8-lFwOL8lRcw7gF_KUcRmuHVpzwzvy4S8eo__x4Vwa4UqOZkctHg97VKwOqwk-cYY5WUj2CZGX5KiP5niOS8ejMMVfcFaOPkOTFtfxcCnOKwjjHsw_PKfxHmHahEF5jLvwhLmFpjrqJMQ_NOgX_DjO4ymz4xpy6kjW6EGPHxd6Hg6PPlmaYC9x-Lh6ZM6TQct2IbQO_ESTJBN15Lqh5UmKHM172I0aME_CFs9xWaDy4scZ5NAYNOPx4EouVKISaJGOnMc3ood_tM-D5_gRN4d2HnkOO0etlCT6B82Fizp6NE3044tYDVXywB94HNuPWhO-44mCJw_is0h2wh-P-jhRUqKCK0dVE0_04_h1fA_eH5F-JMvBv_iDR3WG5zKOo_kilCoe7fgZhIlZdCakfQryRGbw3cTBC9UTNM-44__wo1lylNMTuMe_GNlliFpxRsilLByuvOhP-EetLNOwZ8KjIOJVitCPK2Im6MqD6miONxuONvng6sGZ486CTyzGIqRvPNXw78Nj5MlR_hB7hMpZHA-DisN19MclPMlxMkyCz0eSxCKJSEmi6MF__CiP5sXzwFWO50f8HPqD_MfEJDm-4wcvZWCSPMd__MT1JOCRa5D0I2-OY2dG_Kj24OHh70h2FnnxSXjGDC-axwq6JjjOJApCeoO-TEeuC32OPV7BbQzGTBFKZUdznLzgV8STcNJx4jnw4w-aB8UR2cS44ycJ_cI3Cf1xDumo4yiPH09SNFVaTPyEPmByHUnTCPkf_AG35Qlm7iR6wZpz9MIlH_nTHBqPMMCTJLgk_HiQ7hN0rjiPmMp45M9xaE8ShCaeF09wsUzwvEPzIrS64wnxQf2OaTnULxeo_ugJveAR7Yk4XMQVkfiD5zl-_EhuIXy0oTk-fDVx5B8Upc5QpxWYI3kddHmOV6gbPfiBC6VG8H6MEzma8ugVTRmeIyf-oaJjNBaOI4ykJYGm9UGWP2h-PA_RH81zcEp047hD9Nlx8OiPnBpUZTnyjriOM2tx5qjROBxxp6h-wcoHPhKadkNwH8-OPBlTGce5wx_O48-Qczn0VBryHs3WoU8ZtE_h37gfPDzyPRA34TvCk9g5lGTSBE-iC7UQaHmnHGVunAmsiPiPB-LX4luRF42zcCiP_EN1iMryFRWVPCWa3Qj74Tr6I047KRBDPUO-4_3gr3AfhM_xJdCHkEST7eg-NJGOPDm0H35x5AkfoZSC52iOyslMXJ9wLfjSo1yDpqKI57hpHY2aJR9iOoeWJiTyrHiSB_eLRzweamGOmPrhH7p-PEce6ugTvmiqEzn85biFtVFKXFJYXEvwbJkOVZaD7nAM7dmLXCYF2k6CfV_gTGGOe8eJXyjC6A2SHw_-o0xzpKME8dqRPkkV9BjTq3h25IJ-PJeC9MGZLTieZ_gRm9KglSfCRAeO55jC-EGd6MNxhHkORf-RpZgiLQuDJ8RJ9Id_ouFOvPGE52iaHxd-9Bnu40BObviyNFAdIVRC32iO6wgdLfAOPYf-hAhznMcjJTjhpcSPL0yGs4e2o4kTBeeFbw_Ow7uO-3hRhNk7Q93xXGhiHk90NCbyBTlmZg7CLGMmoT7OHD2Jh9MxPcnx4Dq-Z5ORjDfSP3g-1MSf4wuLsw3yQgyLJwk7PMwyifhz9GhyPCF0KSx-aBmzHD987NGOpmFyjJkSnPhw7UqgpamH8MeP5zse5XhGEe-FIz_0O8jv4UavHE19HL_xNAgPP8sRdjSuvLh2ocl1lOU4fMfl4z-u-KhMhLkSQccuKUwQZlFohBSEPNhz1DycSkgvpUgiiyQe7bjCB_XhHSfR50eeIXnFiLiOZxlR_kgWTseT44uYSsOUHeGD70If-CFXHF6SocqU5CF-CX_QPBeKL8Ft_ET-I9nRJGVDnEFzyUep49JxUU7Qs3iK5CM8KPqRJU2UYJKSLRfO43iI7rrQPFCpHziFPEkaEvoZ5CdR6ce1Ck-iBkdzPMeJCHoOJz1yBSUlNMdJB8V3HOaHH12RC7qD4MkS4sdBH334onl6JJV-5BOPh42G3TKOHv7I4M_hp0h25IlwK_jY4MwRXgtOD-l5Y2yIKjhlPDnKw0scRwTlLEayR0f0w_vx6MEXkcePH16PH5eOpxneTfCPPBGS_AGb5biki5hmHM2ZEDfxH4-jEE-kBMkZ5OjzBM0vPHjyY9yCj0bzQKOPXegzNMvxzMfHKkK9Z_AZJL1yhN5x7vgUfAu2H09rvLViuI6I4yeapShJ7LmQo8pF_IHqoz3CK8SXl3Djwj_-B3-MZselK9hjJuD8wBFzzMFv5A9cBddx7cGdKEf-oG_xDW5yPMHXoW-PMfkUnB-yH0mEknnxXRgYisRzYRQX3EiG_Di-oTAp3OhnPAp-XMgf6OcRneBxs5jUrEdz7fjRh8-GhpdwMTw-HU2DGz4PNAdGPQcdSWAZHJMcJZqG8BeeQuOF6Ia35viOZ0PxMOjB8UeXJcdp5EkStdCRPh9x6WiiOEV3ZWB7ONOD68WDKf_wvULILpzxRMKbEfp8ePeRHxdRHdZxhy-a4_hTPCryI9k1NDkBQ5SQSACDCEEMEaoIJsAZw4UDwDnEEFBCAEiMoYAJRIRDmgGCCEREEU6AEYIxoBhXABgGCYUYOACUMMQRSAmAQEAHhEIYACSUQYAIwgkFkjFlkhAKICYIAAwhpQSQAhljHHACAAExKUgZAqBhgkDSADACFgGMIQQIoAxBChFAoCAGGSMIQYQAIAAAIhIJABICCAWAEEwAIQAShphjCAHCQCOAQoYQAZGCBEFEHHECAaPE4AAhAoAURALhBEKEMgIkQAoZo1BSACEoiAKCCGKMIAQhIIACwjEBCFGAAEQtYApYQwxSAijADCTUIAaMEAQYAgwAABEgHEKWgCIIQ4AQJJQggBFolEfCAWUAAxRI5RABigjmOJAMmGWkEsggKBQQJElBmACAUECMEswwBYwRSBAmgBHAQMGIcoAQQQwjQARCiDJKAKSAAEgABSQxiBhDEBAIAEBEQAoqRQRwgjCAkKEKECAAs0g4w5QA4gBCDALAKGYAAEBBRYQBAAijEBCCIQQAEWgAgIARQhBBBBCKIMQQZcIgAQDBggiBHAMWQUCII54KJ4AYySgAEBBYIMIYAIYwRxiQwgCCjABQIYsEYgRBACwjRBgCCDSOOKEIE8YiJgQQBjCiABCAIUMANEQSIYEQAwFDBEMUIUYAAQwwwgSAAACEhBBCCAQMJAZQCRgBCAhiDAEKCQSIE-IgAIQyAEAmjDCEISaccAIIgIAFBABnAWAOKWgEkY4AJBwhQhhCiACgAUAAYQQQIAhjcBFAkHPeGGvAoNARRQloACCCBBDMMSKAAYIhYgh1TAAkERROOKKMIQJZC5SBxAJglCKIAAUABc4AApAQQFAgkEFCCAEQEQAIQYAFQAggKTDIKUIEJAAgKAQwECAhIKAAEGYQAUg4gTAEQhAmhANGIWQJdNYSgSSIBAiDlEDAOCQAAEpIIAQQDCtCoDQAAGaJQIAhIAgCVhIAgkIAGQIIQAJLAgikhIEChAE"], "date": ["2001"], "genre": ["Country"], "musicbrainz album type": ["Album", "Compilation"], "musicbrainz_releasegroupid": ["df413178-9558-4db0-8784-8d172f14513a"], "musicip_puid": ["6a602458-8a16-9c0d-3d36-3e91f6a2acce"], "musicbrainz_recordingid": ["1b3aca0b-68fc-4663-a031-62aa181f445f"], "musicbrainz_albumartistid": ["2c05faf7-5cc8-4476-9daa-d177ad75cd34"], "musicbrainz_albumid": ["eeb48b8f-b0e1-4836-b762-68da48f2f17f"], "artist": ["Jim Reeves"], "tracknumber": ["11"], "bpm": ["112.34"], "album": ["20 All-Time Greatest Hits"], "musicbrainz album release country": ["DE"], "acoustid_id": ["f60a17c7-c3f2-455d-997b-af736908b3f6"], "musicbrainz_artistid": ["2c05faf7-5cc8-4476-9daa-d177ad75cd34"], "file_name": "Jim Reeves - The Talking Walls (alt. vers.).mp3"}}, "rhythm": {"bpm_histogram_first_peak_bpm": {"dmean2": 0, "median": 112, "min": 112, "dvar2": 0, "dvar": 0, "dmean": 0, "max": 112, "var": 0, "mean": 112}, "bpm": 112.157310486, "bpm_histogram_second_peak_spread": {"dmean2": 0, "median": 0, "min": 0, "dvar2": 0, "dvar": 0, "dmean": 0, "max": 0, "var": 0, "mean": 0}, "bpm_histogram_first_peak_weight": {"dmean2": 0, "median": 0.575342476368, "min": 0.575342476368, "dvar2": 0, "dvar": 0, "dmean": 0, "max": 0.575342476368, "var": 0, "mean": 0.575342476368}, "onset_rate": 2.88865852356, "beats_position": [0.592108845711, 1.19582760334, 1.78793644905, 2.34521532059, 2.90249419212, 3.44816327095, 3.99383211136, 4.52789115906, 5.06195020676, 5.60761880875, 6.15328788757, 6.68734693527, 7.23301553726, 7.77868461609, 8.32435321808, 8.87002277374, 9.4040813446, 9.93814086914, 10.4838094711, 11.017868042, 11.5519275665, 12.0743761063, 12.6084346771, 13.1308841705, 13.6533327103, 14.1873922348, 14.7098407745, 15.2555103302, 15.7895689011, 16.3352375031, 16.8809070587, 17.426574707, 17.9722442627, 18.5063037872, 19.0403633118, 19.574420929, 20.1084804535, 20.642539978, 21.1765975952, 21.7106571198, 22.2447166443, 22.7787742615, 23.3244438171, 23.8701133728, 24.40417099, 24.9498405457, 25.5071201324, 26.0527877808, 26.5868473053, 27.1209068298, 27.6549663544, 28.2006340027, 28.7463035583, 29.2803630829, 29.8144207001, 30.3484802246, 30.8825397491, 31.4165973663, 31.9506568909, 32.4847145081, 33.0187759399, 33.5644454956, 34.1101112366, 34.6441726685, 35.1782302856, 35.7238998413, 36.269569397, 36.8036270142, 37.3376846313, 37.8717460632, 38.3941955566, 38.9282531738, 39.462310791, 40.0079803467, 40.5420417786, 41.0760993958, 41.6101570129, 42.1674385071, 42.7014961243, 43.2355537415, 43.7463951111, 44.2804527283, 44.8261222839, 45.3717918396, 45.9058494568, 46.439907074, 46.9739685059, 47.508026123, 48.0536956787, 48.5993652344, 49.1334228516, 49.6790924072, 50.2247619629, 50.7588195801, 51.3044891357, 51.8501586914, 52.3842163086, 52.9182739258, 53.4639434814, 54.0096130371, 54.5436706543, 55.0661201477, 55.5885696411, 56.122631073, 56.668296814, 57.2139663696, 57.7480278015, 58.2820854187, 58.8161430359, 59.3502044678, 59.8958702087, 60.4299316406, 60.9756011963, 61.5096588135, 62.0553283691, 62.6009979248, 63.135055542, 63.6807250977, 64.2147827148, 64.7604522705, 65.2945098877, 65.8285675049, 66.351020813, 66.8734664917, 67.3959197998, 67.9183654785, 68.4408187866, 68.9632644653, 69.4973220825, 70.0197753906, 70.5538330078, 71.087890625, 71.6219482422, 72.1560058594, 72.6900634766, 73.2241287231, 73.7465744019, 74.280632019, 74.8146896362, 75.3371429443, 75.859588623, 76.3936462402, 76.9277114868, 77.461769104, 77.9958267212, 78.5298843384, 79.0639419556, 79.5979995728, 80.1320648193, 80.677734375, 81.2233963013, 81.7574615479, 82.291519165, 82.8255767822, 83.3596343994, 83.8936920166, 84.4277572632, 84.9618148804, 85.4958724976, 86.0299301147, 86.5639877319, 87.1096572876, 87.6553268433, 88.1893844604, 88.7234420776, 89.2575073242, 89.7915649414, 90.3256225586, 90.8596801758, 91.393737793, 91.9277954102, 92.4618606567, 92.9959182739, 93.5531921387, 94.0872573853, 94.6213150024, 95.1553726196, 95.6778182983, 96.2002716064, 96.7343292236, 97.2683868408, 97.802444458, 98.3365097046, 98.8705673218, 99.3930130005, 99.9270706177, 100.449523926, 100.983581543, 101.51763916, 102.051696777, 102.585754395, 103.119819641, 103.653877258, 104.187934875, 104.721992493, 105.25605011, 105.790107727, 106.324172974, 106.846618652, 107.36907196, 107.903129578, 108.425575256, 108.948028564, 109.482086182, 110.027755737, 110.573425293, 111.130699158, 111.641540527, 112.175598145, 112.709655762, 113.243713379, 113.777778625, 114.311836243, 114.84589386, 115.379951477, 115.914009094, 116.436462402, 116.958908081, 117.492965698, 118.027030945, 118.572692871, 119.141586304, 119.664031982, 120.186485291, 120.697319031, 121.2081604, 121.71900177, 122.241447449, 122.763900757, 123.297958374, 123.832015991, 124.366073608, 124.900131226, 125.434196472, 125.968254089, 126.502311707, 127.036369324, 127.582038879, 128.127700806, 128.661773682, 129.195831299, 129.741500854, 130.28717041, 130.821228027, 131.355285645, 131.889343262, 132.423400879, 132.957458496, 133.491516113, 134.02557373, 134.559631348, 135.093688965, 135.627746582, 136.161804199, 136.695877075, 137.229934692, 137.76399231, 138.298049927, 138.832107544, 139.354553223, 139.88861084, 140.411056519, 140.945129395, 141.479187012, 142.013244629, 142.535690308, 143.058135986, 143.580581665, 144.103042603, 144.625488281, 145.14793396, 145.681991577, 146.204437256, 146.726898193, 147.237731934, 147.771789551, 148.305847168, 148.828292847, 149.350738525, 149.873199463, 150.395645142, 150.91809082, 151.440536499, 151.962997437, 152.485443115, 153.019500732, 153.55355835, 154.110839844, 154.656509399, 155.202178955, 155.747848511, 156.305114746, 156.850784302], "beats_loudness": {"dmean2": 0.0309946816415, "median": 0.0283438693732, "min": 1.64592293004e-05, "dvar2": 0.00051255885046, "dvar": 0.000187551340787, "dmean": 0.0173522103578, "max": 0.106448657811, "var": 0.000383206643164, "mean": 0.0312460847199}, "danceability": 0.938045084476, "bpm_histogram_second_peak_weight": {"dmean2": 0, "median": 0.0205479450524, "min": 0.0205479450524, "dvar2": 0, "dvar": 0, "dmean": 0, "max": 0.0205479450524, "var": 0, "mean": 0.0205479450524}, "beats_count": 293, "bpm_histogram_second_peak_bpm": {"dmean2": 0, "median": 117, "min": 117, "dvar2": 0, "dvar": 0, "dmean": 0, "max": 117, "var": 0, "mean": 117}, "bpm_histogram_first_peak_spread": {"dmean2": 0, "median": 0.406360447407, "min": 0.406360447407, "dvar2": 0, "dvar": 0, "dmean": 0, "max": 0.406360447407, "var": 0, "mean": 0.406360447407}, "beats_loudness_band_ratio": {"dmean2": [0.618337273598, 0.364071756601, 0.297501921654, 0.178741797805, 0.0452314317226, 0.0166431833059], "median": [0.371942520142, 0.23666806519, 0.191680178046, 0.0632286816835, 0.0166417006403, 0.00870567932725], "min": [2.2698450266e-05, 1.43902059335e-06, 0.0126387700438, 0.00350723182783, 0.000115153983643, 0.00174480106216], "dvar2": [0.103255592287, 0.0715747252107, 0.0555624216795, 0.0203963443637, 0.00225870171562, 0.000214113635593], "dvar": [0.035898283124, 0.0235205516219, 0.020327558741, 0.007558000274, 0.000974826398306, 6.89714506734e-05], "dmean": [0.317975610495, 0.199905335903, 0.170760750771, 0.0976880192757, 0.0253326650709, 0.00877338089049], "max": [0.900017499924, 0.855414032936, 0.750303328037, 0.605194568634, 0.436402767897, 0.0480659641325], "var": [0.0564303658903, 0.0353316217661, 0.0326406173408, 0.00914860330522, 0.00155910360627, 6.95727430866e-05], "mean": [0.399141669273, 0.281774669886, 0.229640394449, 0.0951883345842, 0.0291543472558, 0.0110771451145]}}, "lowlevel": {"barkbands_spread": {"dmean2": 3.38846969604, "median": 9.9844827652, "min": 0.801410853863, "dvar2": 18.7180042267, "dvar": 10.1184978485, "dmean": 2.25734710693, "max": 104.721511841, "var": 44.8635559082, "mean": 11.500087738}, "melbands_spread": {"dmean2": 3.81048202515, "median": 10.1463193893, "min": 1.47119212151, "dvar2": 28.7664203644, "dvar": 14.3934345245, "dmean": 2.50135064125, "max": 143.256561279, "var": 63.1105041504, "mean": 11.6421642303}, "hfc": {"dmean2": 3.62626886368, "median": 7.37510585785, "min": 1.16302599977e-16, "dvar2": 27.9896907806, "dvar": 14.2427883148, "dmean": 2.46493291855, "max": 87.6032104492, "var": 153.311187744, "mean": 11.3671274185}, "barkbands_kurtosis": {"dmean2": 5.44007015228, "median": 8.53810119629, "min": -1.70456266403, "dvar2": 74.0124130249, "dvar": 29.2224884033, "dmean": 3.49764299393, "max": 245.274658203, "var": 103.585945129, "mean": 11.2692098618}, "gfcc": {"mean": [-47.8138237, 113.41178894, -76.5878753662, -20.7826709747, -47.2057228088, 16.0661258698, -74.2487869263, 38.6659431458, -42.2117500305, -2.75846552849, -5.16117095947, -7.09886932373, -12.9984073639], "icov": [[0.000394623901229, -0.000405697443057, 0.000767457939219, -0.00161959184334, 0.00112724886276, -0.00094462436391, 0.0014978236286, -0.00221626483835, 0.00167613453232, -0.00116889504716, 0.00103328551631, -0.000562726170756, 0.000830531411339], [-0.000405697443057, 0.0191708803177, -0.0183964036405, -0.00764734949917, 0.016542153433, -0.0231937970966, 0.0155902598053, -0.00779772084206, 0.00915310718119, -0.00328121287748, -0.0064781634137, 0.00923345889896, -0.00328332744539], [0.000767457939219, -0.0183964036405, 0.02387932688, 0.00141110981349, -0.0155940810218, 0.0244022794068, -0.0140349678695, 0.000720826617908, -0.00138691999018, 9.22195104067e-05, 0.00272010010667, -0.00253359507769, -0.00198132428341], [-0.00161959184334, -0.00764734949917, 0.00141110981349, 0.0299932137132, -0.0372738875449, 0.0362339951098, -0.0289020556957, 0.0213108602911, -0.00921485573053, -0.0042978124693, 0.0158294420689, -0.0187808610499, 0.00709619373083], [0.00112724886276, 0.016542153433, -0.0155940810218, -0.0372738875449, 0.0868611633778, -0.0889558643103, 0.0501188635826, 0.00232965941541, -0.0401171892881, 0.0549239739776, -0.0549737624824, 0.0394357666373, -0.0146054513752], [-0.00094462436391, -0.0231937970966, 0.0244022794068, 0.0362339951098, -0.0889558643103, 0.105039075017, -0.0565419942141, -0.0039729597047, 0.0373607985675, -0.0537266917527, 0.0520505830646, -0.0336664058268, 0.00871531758457], [0.0014978236286, 0.0155902598053, -0.0140349678695, -0.0289020556957, 0.0501188635826, -0.0565419942141, 0.0427404008806, -0.0170962512493, 0.00265722954646, 0.00829849671572, -0.0166212338954, 0.0121801774949, -6.37005359749e-05], [-0.00221626483835, -0.00779772084206, 0.000720826617908, 0.0213108602911, 0.00232965941541, -0.0039729597047, -0.0170962512493, 0.0523416176438, -0.0641621798277, 0.0548246540129, -0.0331944637001, 0.00983877945691, -0.00676140282303], [0.00167613453232, 0.00915310718119, -0.00138691999018, -0.00921485573053, -0.0401171892881, 0.0373607985675, 0.00265722954646, -0.0641621798277, 0.111030302942, -0.0997427403927, 0.0668272897601, -0.030674546957, 0.0151323154569], [-0.00116889504716, -0.00328121287748, 9.22195104067e-05, -0.0042978124693, 0.0549239739776, -0.0537266917527, 0.00829849671572, 0.0548246540129, -0.0997427403927, 0.109809458256, -0.0801569446921, 0.0456303991377, -0.0243571158499], [0.00103328551631, -0.0064781634137, 0.00272010010667, 0.0158294420689, -0.0549737624824, 0.0520505830646, -0.0166212338954, -0.0331944637001, 0.0668272897601, -0.0801569446921, 0.0849901139736, -0.0553372576833, 0.0310015268624], [-0.000562726170756, 0.00923345889896, -0.00253359507769, -0.0187808610499, 0.0394357666373, -0.0336664058268, 0.0121801774949, 0.00983877945691, -0.030674546957, 0.0456303991377, -0.0553372576833, 0.0604360625148, -0.0323381572962], [0.000830531411339, -0.00328332744539, -0.00198132428341, 0.00709619373083, -0.0146054513752, 0.00871531758457, -6.37005359749e-05, -0.00676140282303, 0.0151323154569, -0.0243571158499, 0.0310015268624, -0.0323381572962, 0.0309937298298]], "cov": [[5292.10253906, 107.046768188, -242.816207886, -77.5272979736, -24.4349861145, 34.6790161133, -156.527511597, 302.3722229, 14.3019781113, -102.000831604, -57.3967628479, -29.0560245514, -143.915206909], [107.046768188, 484.511779785, 334.829315186, 3.66612625122, 57.094543457, 45.8442306519, -22.9258365631, 48.5415000916, -35.9583854675, 19.9553470612, 61.9959449768, -33.3381881714, 30.0225791931], [-242.816207886, 334.829315186, 384.41229248, 190.728424072, 70.7784881592, -18.3913898468, 40.7883987427, -16.300579071, -4.6546049118, 4.8433303833, 42.1648330688, 9.61403656006, 31.8700866699], [-77.5272979736, 3.66612625122, 190.728424072, 570.781799316, 135.805358887, -40.9159126282, 114.675582886, -203.781936646, 50.5458374023, 20.2270565033, -38.8445739746, 64.0796737671, 12.1878261566], [-24.4349861145, 57.094543457, 70.7784881592, 135.805358887, 246.410491943, 89.5748825073, -66.5915527344, 20.2001609802, 70.5755767822, -0.366369634867, 4.28019428253, -11.532951355, 24.2741985321], [34.6790161133, 45.8442306519, -18.3913898468, -40.9159126282, 89.5748825073, 144.807220459, 62.5264129639, 65.445526123, 24.9659538269, 30.0541629791, 16.0491828918, -9.08669662476, 13.9124479294], [-156.527511597, -22.9258365631, 40.7883987427, 114.675582886, -66.5915527344, 62.5264129639, 284.861541748, 14.425740242, -1.05358695984, 30.3769626617, 23.9360733032, 46.839630127, -17.7964839935], [302.3722229, 48.5415000916, -16.300579071, -203.781936646, 20.2001609802, 65.445526123, 14.425740242, 256.083343506, 57.1739082336, -24.4966945648, 46.5292510986, -4.47243928909, -8.70717716217], [14.3019781113, -35.9583854675, -4.6546049118, 50.5458374023, 70.5755767822, 24.9659538269, -1.05358695984, 57.1739082336, 115.262519836, 54.549861908, -2.30292510986, 2.90367603302, 14.5721769333], [-102.000831604, 19.9553470612, 4.8433303833, 20.2270565033, -0.366369634867, 30.0541629791, 30.3769626617, -24.4966945648, 54.549861908, 111.215507507, 32.2242660522, -3.01242589951, 12.0128154755], [-57.3967628479, 61.9959449768, 42.1648330688, -38.8445739746, 4.28019428253, 16.0491828918, 23.9360733032, 46.5292510986, -2.30292510986, 32.2242660522, 92.4790725708, 27.0160217285, -10.4673929214], [-29.0560245514, -33.3381881714, 9.61403656006, 64.0796737671, -11.532951355, -9.08669662476, 46.839630127, -4.47243928909, 2.90367603302, -3.01242589951, 27.0160217285, 82.4784698486, 34.6793403625], [-143.915206909, 30.0225791931, 31.8700866699, 12.1878261566, 24.2741985321, 13.9124479294, -17.7964839935, -8.70717716217, 14.5721769333, 12.0128154755, -10.4673929214, 34.6793403625, 93.1186294556]]}, "spectral_energyband_middle_low": {"dmean2": 0.00576431397349, "median": 0.010149743408, "min": 2.99486359989e-22, "dvar2": 6.72710229992e-05, "dvar": 2.89177460218e-05, "dmean": 0.00373958190903, "max": 0.0923741236329, "var": 0.00019438014715, "mean": 0.0146911870688}, "melbands_crest": {"dmean2": 4.12495040894, "median": 12.6979656219, "min": 2.02750945091, "dvar2": 15.7229957581, "dvar": 5.99713563919, "dmean": 2.54878258705, "max": 36.8464851379, "var": 21.7781066895, "mean": 13.4926681519}, "spectral_kurtosis": {"dmean2": 2.13851976395, "median": 10.0432577133, "min": -1.24347674847, "dvar2": 3.18424510956, "dvar": 1.20730900764, "dmean": 1.29001903534, "max": 29.3698177338, "var": 7.19456338882, "mean": 10.2487773895}, "spectral_rms": {"dmean2": 0.000794655759819, "median": 0.00404571322724, "min": 3.19424629976e-12, "dvar2": 8.97001314115e-07, "dvar": 4.2055285121e-07, "dmean": 0.000527171418071, "max": 0.0114344712347, "var": 3.50576715391e-06, "mean": 0.00422465568408}, "zerocrossingrate": {"dmean2": 0.00714494707063, "median": 0.0380859375, "min": 0.005859375, "dvar2": 9.80292825261e-05, "dvar": 6.5838030423e-05, "dmean": 0.00559209100902, "max": 0.50927734375, "var": 0.000445653888164, "mean": 0.0406291894615}, "silence_rate_60dB": {"dmean2": 0.0401061624289, "median": 0, "min": 0, "dvar2": 0.0432149469852, "dvar": 0.0196488127112, "dmean": 0.0200501251966, "max": 1, "var": 0.0566514804959, "mean": 0.060288913548}, "erbbands_kurtosis": {"dmean2": 2.66559195518, "median": 2.8772816658, "min": -1.59769904613, "dvar2": 10.2355308533, "dvar": 4.74216032028, "dmean": 1.74096441269, "max": 88.6185913086, "var": 28.9675483704, "mean": 4.52631282806}, "erbbands": {"dmean2": [0.0333904288709, 0.50561439991, 1.8931593895, 3.78522920609, 5.28664493561, 7.53298091888, 12.8631782532, 19.8691368103, 23.6182956696, 19.5777549744, 25.2819843292, 21.1559314728, 17.7076206207, 31.0092201233, 16.4735507965, 10.2466592789, 7.11988067627, 6.09647703171, 6.64890527725, 4.84869480133, 4.47371816635, 3.30376768112, 1.90360927582, 1.57441902161, 1.33206379414, 0.595444738865, 0.191271692514, 0.0323933511972, 0.00949562434107, 0.0862532556057, 0.261036664248, 0.320683836937, 0.367617577314, 0.424776524305, 0.206248641014, 0.104694738984, 0.0243240799755, 0.00170426757541, 3.30671173288e-05, 1.00653487607e-05], "median": [0.00982459168881, 0.300674498081, 1.14323067665, 2.23770713806, 2.86767292023, 4.79196596146, 10.1861572266, 12.5467472076, 12.8995933533, 8.02819061279, 8.44263648987, 8.93722343445, 7.48174953461, 8.0134601593, 6.9514541626, 4.6098651886, 3.12884044647, 3.25177407265, 3.50615024567, 2.60298681259, 2.55458164215, 2.07640171051, 1.35822248459, 0.871215581894, 0.68604016304, 0.243300497532, 0.0824236795306, 0.0090631172061, 0.00260824710131, 0.0362707711756, 0.155892387033, 0.31083342433, 0.440307080746, 0.477228462696, 0.305106163025, 0.14549306035, 0.0294285938144, 0.00148583878763, 4.69568694825e-05, 2.24465184147e-05], "min": [3.31676277299e-22, 7.4765422446e-21, 6.94601735716e-21, 5.33962501432e-20, 9.67901240751e-21, 1.68848888772e-20, 4.35380246939e-20, 2.11486818175e-19, 3.21737611969e-19, 7.82755636985e-19, 6.37366133222e-19, 1.01348867327e-18, 2.34510625383e-18, 3.31064254321e-18, 2.50637690158e-18, 5.77743554375e-18, 2.53645463621e-18, 4.71668311445e-18, 4.17838044158e-18, 3.70158361034e-18, 4.36210966334e-18, 7.45633590891e-18, 7.373065291e-18, 6.74021876925e-18, 8.12172164801e-18, 1.65689272865e-17, 1.18553642973e-17, 1.28460297133e-17, 1.20794723407e-17, 1.82299804028e-17, 1.8886715487e-17, 1.35886625411e-17, 1.31206288613e-17, 9.54399998147e-18, 7.11600898949e-18, 4.90398947877e-18, 2.95391594096e-18, 1.36545691904e-18, 3.3089618156e-19, 3.45285285584e-20], "dvar2": [0.00984476599842, 1.45562183857, 18.002779007, 66.4242782593, 98.2078018188, 233.779251099, 427.009155273, 2059.56176758, 1985.50354004, 2083.61352539, 6040.14697266, 2513.20336914, 2068.35693359, 10079.9902344, 1247.40002441, 692.712341309, 379.219573975, 216.210494995, 265.005493164, 152.342605591, 96.8416213989, 41.4269943237, 15.5787916183, 15.1345186234, 58.3652534485, 13.6863794327, 1.00467634201, 0.0325115062296, 0.00256941374391, 0.300234675407, 1.99439835548, 0.450925022364, 0.442805022001, 0.607994258404, 0.0941772609949, 0.0287471972406, 0.00220331922174, 5.282292841e-05, 1.23884200676e-08, 1.88163595816e-10], "dvar": [0.00430459436029, 0.539723396301, 6.34318733215, 24.2512626648, 39.6137580872, 87.8302001953, 186.7162323, 865.139343262, 946.079040527, 1102.71411133, 2663.53833008, 1192.3046875, 973.733825684, 4327.66601563, 550.802978516, 290.035491943, 203.477874756, 97.2890319824, 115.134017944, 70.0763702393, 42.0969390869, 17.2677631378, 7.42823028564, 6.46439743042, 24.3389186859, 5.77355861664, 0.519913196564, 0.01520094648, 0.00116098835133, 0.137182816863, 0.85574221611, 0.205725446343, 0.209471449256, 0.291606009007, 0.0453213714063, 0.0141034480184, 0.00103731721174, 2.28898479691e-05, 5.41343103677e-09, 8.44800618349e-11], "dmean": [0.0219140388072, 0.308747500181, 1.13148212433, 2.28487586975, 3.27541780472, 4.73449993134, 8.38482284546, 12.7881650925, 15.7871828079, 13.4839372635, 16.8006134033, 14.387421608, 11.55747509, 19.8447990417, 10.3387384415, 6.42963695526, 4.67804574966, 3.9022333622, 4.2814450264, 3.21288061142, 2.84682297707, 2.11984968185, 1.24664771557, 1.02300477028, 0.853602349758, 0.390850991011, 0.133549377322, 0.0221834536642, 0.0063953185454, 0.0605704188347, 0.172404706478, 0.214880853891, 0.245713338256, 0.2826808393, 0.136585354805, 0.0697537064552, 0.016384780407, 0.00113864836749, 2.25902422244e-05, 6.59919760437e-06], "max": [0.88469940424, 9.90229320526, 31.6810493469, 76.2020339966, 149.353713989, 206.802276611, 400.879577637, 756.429260254, 748.832336426, 881.450439453, 1596.49267578, 786.302246094, 1156.3190918, 2128.49633789, 776.659057617, 734.704833984, 506.975921631, 358.3878479, 548.060668945, 331.885253906, 226.383682251, 91.724395752, 116.687263489, 73.7506713867, 209.765151978, 96.2750778198, 42.2829475403, 6.62410593033, 1.87396776676, 22.8059883118, 35.5123405457, 13.1351089478, 13.250576973, 14.2906236649, 4.94297885895, 3.8878493309, 0.922726154327, 0.151943057775, 0.00230395002291, 0.000178199232323], "var": [0.00557234231383, 0.833764791489, 7.81128549576, 46.3747787476, 194.453109741, 221.925613403, 738.558898926, 2804.71826172, 6914.59472656, 7477.20800781, 8071.5, 6278.64794922, 4244.17431641, 30363.9082031, 1768.22375488, 802.797973633, 640.867919922, 273.685913086, 384.756072998, 234.442657471, 135.037734985, 54.5611381531, 41.2079772949, 16.5044174194, 31.7095756531, 9.15390968323, 0.956226050854, 0.027113918215, 0.00208157137968, 0.219283908606, 1.47533845901, 0.752436161041, 0.944395363331, 2.62271094322, 0.496302634478, 0.0935432091355, 0.00396845396608, 4.15780450567e-05, 1.17476526285e-08, 6.24669427296e-10], "mean": [0.0349286645651, 0.602275967598, 2.05856227875, 4.96496582031, 7.89371538162, 9.86321258545, 19.5964984894, 28.2870826721, 43.4006843567, 37.1766433716, 37.5260314941, 34.2300415039, 26.4779262543, 49.9397010803, 19.415102005, 11.9396839142, 9.55476951599, 7.98771476746, 9.39894580841, 7.37699794769, 6.43454456329, 4.86722278595, 3.16185092926, 2.17156076431, 1.42951631546, 0.642097532749, 0.23014266789, 0.0339616388083, 0.00966238230467, 0.104055151343, 0.331123501062, 0.595634818077, 0.773971557617, 1.01499724388, 0.563709557056, 0.24912892282, 0.0512943118811, 0.00266930134967, 7.3436407547e-05, 2.95176723739e-05]}, "spectral_strongpeak": {"dmean2": 0.574981451035, "median": 0.567032337189, "min": 0, "dvar2": 0.592409789562, "dvar": 0.251870930195, "dmean": 0.345752507448, "max": 8.5788640976, "var": 1.24458360672, "mean": 0.973976552486}, "spectral_energy": {"dmean2": 0.00796348042786, "median": 0.0167769901454, "min": 1.0458289246e-20, "dvar2": 0.000123371573864, "dvar": 5.32514968654e-05, "dmean": 0.0051580700092, "max": 0.13401581347, "var": 0.000342568353517, "mean": 0.0218873471022}, "average_loudness": 0.529577493668, "spectral_rolloff": {"dmean2": 236.393371582, "median": 624.462890625, "min": 21.533203125, "dvar2": 309891.25, "dvar": 151183.046875, "dmean": 139.150756836, "max": 18906.1523438, "var": 506203.6875, "mean": 732.12902832}, "spectral_centroid": {"dmean2": 133.137573242, "median": 578.386291504, "min": 220.169631958, "dvar2": 50212.7460938, "dvar": 27586.5234375, "dmean": 89.9412536621, "max": 10978.8857422, "var": 137740.96875, "mean": 646.62512207}, "pitch_salience": {"dmean2": 0.0947910174727, "median": 0.583394646645, "min": 0.0886621773243, "dvar2": 0.00799328461289, "dvar": 0.00301624904387, "dmean": 0.0586630888283, "max": 0.879308521748, "var": 0.0112248603255, "mean": 0.580721080303}, "spectral_energyband_middle_high": {"dmean2": 0.0014926653821, "median": 0.00136997853406, "min": 1.31449490554e-21, "dvar2": 9.97778897727e-06, "dvar": 4.43660155725e-06, "dmean": 0.00096658221446, "max": 0.0637419298291, "var": 3.22063060594e-05, "mean": 0.00298163155094}, "spectral_contrast_coeffs": {"dmean2": [0.0713060498238, 0.0717775374651, 0.0574894174933, 0.047098968178, 0.0406682677567, 0.0473943203688], "median": [-0.596780776978, -0.686739444733, -0.758732259274, -0.76265335083, -0.731303572655, -0.74415063858], "min": [-0.956305325031, -0.973310410976, -0.96583622694, -0.964046359062, -0.962230563164, -0.963245153427], "dvar2": [0.00343478098512, 0.00359959923662, 0.00217282958329, 0.00141355616506, 0.00113385613076, 0.00169967813417], "dvar": [0.00135793606751, 0.00141150760464, 0.000867093389388, 0.00060640409356, 0.000531286001205, 0.000609193346463], "dmean": [0.0446404665709, 0.0444090925157, 0.0356449745595, 0.0296842288226, 0.027028305456, 0.0283960551023], "max": [-0.288673847914, -0.41391941905, -0.402188301086, -0.54205840826, -0.455181032419, -0.464677661657], "var": [0.00746137695387, 0.00626963702962, 0.00481043336913, 0.002888526069, 0.00343592907302, 0.00170581100974], "mean": [-0.595115602016, -0.681518137455, -0.748934745789, -0.75904417038, -0.728213846684, -0.74205160141]}, "melbands_skewness": {"dmean2": 0.698562860489, "median": 2.07750988007, "min": -0.732094347477, "dvar2": 0.583342909813, "dvar": 0.236224710941, "dmean": 0.448029398918, "max": 7.90902137756, "var": 1.43881165981, "mean": 2.2400290966}, "spectral_spread": {"dmean2": 515737.375, "median": 4901851, "min": 3386287.75, "dvar2": 383109431296, "dvar": 179025100800, "dmean": 287808.40625, "max": 41966844, "var": 711297400832, "mean": 4908373}, "dissonance": {"dmean2": 0.0485780835152, "median": 0.431147813797, "min": 0.131757259369, "dvar2": 0.00197413866408, "dvar": 0.000716333626769, "dmean": 0.0290875080973, "max": 0.499888747931, "var": 0.00230806949548, "mean": 0.422354787588}, "spectral_skewness": {"dmean2": 0.270726114511, "median": 2.95915365219, "min": -0.0061069317162, "dvar2": 0.0505539849401, "dvar": 0.0245830789208, "dmean": 0.175721049309, "max": 5.21202659607, "var": 0.205437064171, "mean": 2.95563602448}, "spectral_flux": {"dmean2": 0.0271557942033, "median": 0.047740150243, "min": 6.69765076733e-11, "dvar2": 0.000967307714745, "dvar": 0.000458128197351, "dmean": 0.0173292718828, "max": 0.248479574919, "var": 0.0013166553108, "mean": 0.0570107139647}, "spectral_contrast_valleys": {"dmean2": [0.64766740799, 0.542464315891, 0.544726610184, 0.435686081648, 0.4063847363, 0.685109138489], "median": [-7.54392910004, -6.69796657562, -7.48951625824, -8.44275283813, -9.31558227539, -12.1414642334], "min": [-27.5801715851, -27.2936687469, -27.3344898224, -27.4395618439, -27.1728916168, -27.2418708801], "dvar2": [0.297670811415, 0.242922708392, 0.290362119675, 0.153937399387, 0.134668156505, 0.372492313385], "dvar": [0.147378519177, 0.106561765075, 0.132839694619, 0.080130264163, 0.0765722692013, 0.139890119433], "dmean": [0.415189623833, 0.336876511574, 0.342368394136, 0.291329979897, 0.295795202255, 0.423786431551], "max": [-5.52604198456, -4.72048950195, -4.82363271713, -5.88041591644, -7.07143306732, -10.0140342712], "var": [1.18051433563, 0.849064290524, 0.943385243416, 0.852859258652, 0.899899542332, 0.700929820538], "mean": [-7.70408296585, -6.76274347305, -7.51445245743, -8.50747585297, -9.36794471741, -12.1788454056]}, "erbbands_flatness_db": {"dmean2": 0.0190164204687, "median": 0.179073154926, "min": 0.0445928797126, "dvar2": 0.000284668523818, "dvar": 0.000145789381349, "dmean": 0.0129014309496, "max": 0.418754756451, "var": 0.00155879778322, "mean": 0.184391573071}, "spectral_energyband_high": {"dmean2": 6.34660827927e-05, "median": 0.000111631990876, "min": 7.78805167782e-21, "dvar2": 1.24783285926e-08, "dvar": 6.39150021797e-09, "dmean": 4.42573655164e-05, "max": 0.00225376943126, "var": 4.10797404982e-08, "mean": 0.000180204297067}, "spectral_entropy": {"dmean2": 0.210123687983, "median": 6.79662942886, "min": 4.80450677872, "dvar2": 0.0317824520171, "dvar": 0.0162867475301, "dmean": 0.141771137714, "max": 9.81097793579, "var": 0.15134075284, "mean": 6.78579521179}, "silence_rate_20dB": {"dmean2": 0, "median": 1, "min": 1, "dvar2": 0, "dvar": 0, "dmean": 0, "max": 1, "var": 0, "mean": 1}, "melbands_flatness_db": {"dmean2": 0.0309195052832, "median": 0.295337200165, "min": 0.00656799226999, "dvar2": 0.000769553356804, "dvar": 0.00036277459003, "dmean": 0.0206578951329, "max": 0.543416440487, "var": 0.00298529444262, "mean": 0.293464511633}, "barkbands": {"dmean2": [3.99775490223e-05, 0.00185324426275, 0.00176290189847, 0.00155941431876, 0.00211138790473, 0.00221474701539, 0.00157784251496, 0.00120578811038, 0.000965088955127, 0.000955750816502, 0.000458391703432, 0.000325493601849, 0.000166073092259, 0.000156799520482, 0.000106276915176, 9.13013718673e-05, 7.0562804467e-05, 3.50043774233e-05, 2.91631276923e-05, 1.28548454086e-05, 2.72609713647e-06, 6.17222838173e-07, 7.70700535213e-06, 1.84216751222e-05, 3.40255937772e-05, 1.6017957023e-05, 1.74513326012e-09], "median": [2.12872055272e-06, 0.000982152996585, 0.00086469767848, 0.000638180528767, 0.00158022448886, 0.00155797880143, 0.000723738805391, 0.000302600150462, 0.000389461405575, 0.000224566174438, 0.000127793493448, 0.000117504401715, 6.09214184806e-05, 6.73463728162e-05, 4.68033686047e-05, 4.05104437959e-05, 3.61587008229e-05, 2.0500512619e-05, 1.55067173182e-05, 4.19176012656e-06, 9.03664499674e-07, 8.41078815483e-08, 4.35513447883e-06, 2.13544844883e-05, 4.29817009717e-05, 2.19146895688e-05, 2.72344147234e-10], "min": [4.49256522182e-24, 2.76179098513e-23, 4.04943049692e-24, 4.65340133862e-24, 4.87578201666e-24, 2.27690406132e-23, 3.0049996421e-23, 3.25204847397e-23, 4.60012467075e-23, 1.07140437574e-22, 4.28747858363e-23, 1.61858631995e-22, 4.5532707506e-23, 1.20613866291e-22, 5.30883320592e-23, 7.96875100929e-23, 1.19809051463e-22, 1.46308908753e-22, 1.06745615847e-22, 3.56016460623e-22, 3.14856929763e-22, 4.00188632348e-22, 6.35079830243e-22, 7.87826121662e-22, 9.83800678022e-22, 1.60756311844e-21, 2.53432387712e-21], "dvar2": [1.88740010287e-08, 1.99709920707e-05, 1.66633362824e-05, 9.94548281597e-06, 1.52478996824e-05, 1.74772758328e-05, 8.05598028819e-06, 1.14970689538e-05, 5.43904616279e-06, 8.40905340738e-06, 1.26926329358e-06, 6.45082309347e-07, 2.1358