{"tonal": {"thpcp": [1, 0.842558503151, 0.495742559433, 0.542319536209, 0.834599494934, 0.748681247234, 0.539514958858, 0.49902638793, 0.423022776842, 0.431980878115, 0.461994826794, 0.409583717585, 0.384734511375, 0.453709870577, 0.450162380934, 0.444446593523, 0.442063868046, 0.332884818316, 0.319387376308, 0.490957319736, 0.757174730301, 0.837044835091, 0.636745631695, 0.532661795616, 0.689453184605, 0.711057603359, 0.470881342888, 0.310575127602, 0.345074027777, 0.407668530941, 0.468543350697, 0.550332307816, 0.663392961025, 0.691279470921, 0.673815727234, 0.819534957409], "hpcp": {"dmean2": [0.196767151356, 0.232410907745, 0.271745294333, 0.311729818583, 0.381460517645, 0.429683029652, 0.407063186169, 0.32626953721, 0.459393084049, 0.615976750851, 0.541768193245, 0.314570128918, 0.277674496174, 0.382528960705, 0.384396702051, 0.372592240572, 0.348072379827, 0.296525329351, 0.299851775169, 0.297121554613, 0.255079448223, 0.221406623721, 0.239780008793, 0.23750282824, 0.246481925249, 0.221327021718, 0.175177901983, 0.20981644094, 0.318982928991, 0.371379375458, 0.326965510845, 0.351640015841, 0.305980086327, 0.345913201571, 0.362345576286, 0.24107336998], "median": [0.0241981931031, 0.0245920997113, 0.03022063151, 0.0336749330163, 0.0423860438168, 0.0522898510098, 0.0522549189627, 0.0722935646772, 0.0741656124592, 0.0915428623557, 0.0789901316166, 0.0450558923185, 0.0468050576746, 0.0753323063254, 0.0685658231378, 0.0394209176302, 0.0371040813625, 0.0329021401703, 0.0288674458861, 0.0303849261254, 0.0341921783984, 0.0354151837528, 0.0356952138245, 0.0340193584561, 0.0285418909043, 0.0254891552031, 0.0177880804986, 0.0172278862447, 0.0291879177094, 0.0476013123989, 0.0525428727269, 0.0498055629432, 0.041196923703, 0.0389873832464, 0.0453052148223, 0.0353884249926], "min": [8.99720616871e-05, 0.000104690894659, 4.78176261822e-05, 5.98266269662e-05, 3.21415609505e-05, 2.41569905484e-05, 6.28392372164e-05, 0.000171340376255, 0.000250048469752, 9.58769669523e-05, 3.16538353218e-05, 2.586798837e-05, 0.00012368147145, 8.22879737825e-05, 0.000246082898229, 0.000151719621499, 0.000192280800547, 0.00022173722391, 0.000110741202661, 6.19269849267e-05, 3.36451485055e-05, 4.84531010443e-05, 7.11588363629e-05, 6.43046441837e-05, 2.9588733014e-05, 3.03144079226e-05, 5.06750729983e-05, 4.77852736367e-05, 3.17553749483e-05, 6.41554433969e-05, 6.23108062427e-05, 6.51412265142e-05, 7.84698931966e-05, 7.75841763243e-05, 0.000100652483525, 8.92945608939e-05], "dvar2": [0.105973638594, 0.118215434253, 0.148087888956, 0.181798622012, 0.221613898873, 0.248078480363, 0.242299601436, 0.153484329581, 0.211667254567, 0.292128384113, 0.263353705406, 0.158098503947, 0.131106138229, 0.165057584643, 0.1522167027, 0.195863321424, 0.209387898445, 0.190526500344, 0.191233068705, 0.156215429306, 0.121783308685, 0.0956074297428, 0.118370644748, 0.11612328887, 0.132916092873, 0.108123071492, 0.0886033698916, 0.122758477926, 0.18156157434, 0.208213984966, 0.174194529653, 0.184965103865, 0.153062179685, 0.19262316823, 0.194195434451, 0.110158935189], "dvar": [0.0360534712672, 0.0409291535616, 0.0523024387658, 0.0614094659686, 0.0750204473734, 0.08472507447, 0.0897980704904, 0.0564227886498, 0.0810110494494, 0.114458709955, 0.0965154841542, 0.0553414002061, 0.0475488640368, 0.0661114230752, 0.0572510547936, 0.0688157081604, 0.0735666379333, 0.0653009861708, 0.066879555583, 0.0565455704927, 0.0424602553248, 0.0340073369443, 0.0433853305876, 0.0425816886127, 0.0488555580378, 0.0410723611712, 0.0320381373167, 0.042135220021, 0.0634579733014, 0.0755777806044, 0.0675412267447, 0.0634058117867, 0.0568455569446, 0.0739135667682, 0.0779308006167, 0.0404579825699], "dmean": [0.105491839349, 0.123541042209, 0.144958436489, 0.16599419713, 0.200417384505, 0.22959125042, 0.220961093903, 0.1857188344, 0.255679756403, 0.336893588305, 0.294071018696, 0.170773595572, 0.154227629304, 0.217559322715, 0.214557766914, 0.196032777429, 0.183567509055, 0.156140163541, 0.158592909575, 0.160066649318, 0.136613830924, 0.12065512687, 0.135871350765, 0.133351117373, 0.136230200529, 0.124711275101, 0.0998400747776, 0.113341085613, 0.170966729522, 0.208950862288, 0.197181209922, 0.198087617755, 0.169644743204, 0.197823479772, 0.203807979822, 0.136290132999], "max": [1, 1, 1, 1, 1, 1, 1, 1, 1, 1, 1, 1, 1, 1, 1, 1, 1, 1, 1, 1, 1, 1, 1, 1, 1, 1, 1, 1, 1, 1, 1, 1, 1, 1, 1, 1], "var": [0.0238106995821, 0.0279327165335, 0.0370281822979, 0.0444884076715, 0.0547293350101, 0.0688209682703, 0.0785670503974, 0.0579567998648, 0.0794841572642, 0.109904952347, 0.0835153013468, 0.0409775301814, 0.0443303138018, 0.0847046747804, 0.0608647838235, 0.0493077784777, 0.0496200285852, 0.0410746373236, 0.0453467555344, 0.0452862158418, 0.0335776843131, 0.0282254163176, 0.0398220680654, 0.0372967906296, 0.0416318513453, 0.0418323948979, 0.0277621336281, 0.0291277132928, 0.0486497096717, 0.0849773213267, 0.0998542010784, 0.0598143413663, 0.0469384267926, 0.0763618350029, 0.081601627171, 0.0381429120898], "mean": [0.0808070898056, 0.0897831991315, 0.106069371104, 0.12190810591, 0.143188387156, 0.172605112195, 0.179860770702, 0.175316974521, 0.213230967522, 0.260185331106, 0.219221368432, 0.128984943032, 0.141103580594, 0.21715053916, 0.194795876741, 0.140373885632, 0.129839345813, 0.110064320266, 0.112395085394, 0.120204277337, 0.106567673385, 0.10010227561, 0.118048653007, 0.11712564528, 0.115638487041, 0.11501853168, 0.0866117477417, 0.0830999091268, 0.12773989141, 0.19700576365, 0.21778678894, 0.165671870112, 0.138590782881, 0.179385602474, 0.18500675261, 0.122516416013]}, "tuning_equal_tempered_deviation": 0.324752151966, "chords_changes_rate": 0.0722706317902, "key_key": "C", "tuning_diatonic_strength": 0.33557510376, "key_scale": "minor", "chords_number_rate": 0.00307534588501, "tuning_frequency": 432.191345215, "tuning_nontempered_energy_ratio": 0.953115224838, "chords_histogram": [4.30548429489, 0, 0, 0, 0, 0, 0, 41.004611969, 0.205023065209, 0.153767302632, 0, 0, 0, 0.153767302632, 28.8057403564, 0.410046130419, 0, 0.205023065209, 0, 1.74269604683, 1.79395186901, 20.1435165405, 0.512557685375, 0.563813447952], "key_strength": 0.660528600216, "chords_key": "C", "chords_strength": {"dmean2": 0.0156637579203, "median": 0.374054014683, "min": 0.22307574749, "dvar2": 0.000152913897182, "dvar": 9.18271689443e-05, "dmean": 0.0121578471735, "max": 0.541308164597, "var": 0.00391401909292, "mean": 0.377183228731}, "chords_scale": "major", "hpcp_entropy": {"dmean2": 1.27878832817, "median": 2.75690674782, "min": 0.0783531740308, "dvar2": 0.910357773304, "dvar": 0.349305719137, "dmean": 0.775475800037, "max": 4.5612912178, "var": 0.617019236088, "mean": 2.70740437508}}, "metadata": {"audio_properties": {"equal_loudness": 0, "codec": "mp3", "downmix": "mix", "sample_rate": 44100, "analysis_sample_rate": 44100, "bit_rate": 128218, "md5_encoded": "b2d35b6f005048945fa42a9e7e550fca", "length": 90.5404052734, "replay_gain": -12.5895137787, "lossless": false}, "version": {"essentia_build_sha": "2d9f1f26377add8aeb1075a9c2973f962c4f09fd", "essentia": "2.1-beta2", "extractor": "music 1.0", "essentia_git_sha": "v2.1_beta2-1-ge3940c0"}, "tags": {"title": ["Third Eye"], "barcode": ["8594048312192"], "media": ["CD"], "albumartist": ["Ben Sims"], "language": ["eng"], "musicbrainz_recordingid": ["1b430942-25ac-4b59-9643-74d1c047f167"], "encoding": ["Lame3.92"], "album": ["Techno Energy 11"], "musicbrainz_albumartistid": ["bfdd55cf-82e6-4fad-95f6-135136da25d6"], "discnumber": ["01/01"], "bpm": ["138"], "catalognumber": ["ERA 2019-2 (CD)"], "contentgroup": ["Latin,Tech House,Techno"], "originalalbum": ["Slam: The Mix"], "musicbrainz album type": ["Album", "Compilation"], "musicbrainz album status": ["Official"], "file_name": "23 - Third Eye.mp3", "acoustid_fingerprint": ["AQABz0kkMcmYKIlQa53wG9PDHE2c49hdoXkuoR_eCy-DKUefY8_RPKh1_EafJWieC8fJxIIf_DgTtA6aB8_xFI0mUmijXPjRtcMUJ8cvjIeP5zhjtA-mxB_eXHgzYatoXDHxG_2SY4p14cyDX5jyoc-D81C4o_mHjsnxTJhS0Wij6NDRF1Osazhz7CmaE32OT8cvNBz6HFeDRhNZ9MHR5kXzXHiIs7HQoNcO_fiP5tCeHA9qkTCjHD36Cdtz9Mce9GiO68J1dNrRPEfeDD0PPzp6hDcaNSr2XBgPLSe0Hz_27rAq_ApOY-ojNNehX8KPPk_ROAx-9Gg-D3ojYMovVM7xBtNmovmD93ihjMuFH5eD6WhI6Mc7ND_CNTjzoM-EML9w6EPzHD3xoGjuFHqj4Zi6S2i4HGeJPpjy44-ww8_xHX-M_mgyQu3xpNB6o3mOM0dfNIzyYdexJ4WfEc9xNsYO58ePB9ODJs7x8PgzwseFq-iD5sd__B2a7uih62iOrjl-9O4whcuhH0-KKQ5ZdM3xHnvgB2-OJ8eko3mOh8eqZ2ieoz_upOhDTFFzDe_x59ge_BjbTELroHmOMw-0H1MqXLnwP5jiMEUfVdBjYWXhB8_xd5jqw8_R59gnNFWObrrwoB0zDVOs4-HxYDueHE-xBw2Xo8_xZxqmVDRqBf_RUGEmTI-Ox8LOwB-eQ2-K6UHD5XiOf4KWKsdkXdhjnEHj5EJ__CmmPDta5Th6FdtzdFKOfUJTHbVy_GjHFFOsC-exsjF8PDke_MaU5-hzPJgakWiq6MIxPUXzXDjuDlN-oU_wC0-O5jmmMR92tFHQVBcetGOKKdaHZ-GwJ2h-9DneHD-a5-iK3EbzIOxG4-gjaOGC17jRHH083MCU5-h6vBmaipisXNCxo3FydL2CFz2D7UHPY6pV-EfH5HimYbLR_PjRyULj5NiJnYmFBr10PLjRcDum51jZTKgbND_OC3-HzZEl6MH1GH0wJT_eJ_hTfHi0Q8tR8eBz5HuCRxn44DoahwgfvDteYXrxo8mkQy4ponYO_9CaJ8J9NA_6Cz_-YPtx7EGnEY2T49idoemO1seLKWJyoccbY_zh48zxYJKP5jnOYrIzND_eCy-253iPP8Z4-HiP65g6NGqO99gzND964cIUMUF_vJRxbD_24ilaNHEenLnQHs1z_MITaHEyC_2FN8Z--MFz6JmG6aHQqDmeD2CAIKIAIBQQAiAAADIAAEAFYEgBhaiRgCiFADMKAGEUMkAIIBAgQBgFBDCGCi6AQA4IAhQgwhghAgBKACCFAQQAQw1igAjklDBKCgAMEgIQDAhChhgggXCAAWEMEUYYYMgwwBglDDIWMCWRURYYBZQgZgIjqDBUGKEEkgACYIwgiigJgBGCEYEYUEY4oJSiCCkgiBBTACOEQIBggRRhCBCEJFHAAYCkMEApAIASyACgADAAMASIMEwgYgAQECgkjAEEIEiQJApQoAxlBCBBBAECUAKYMYgoZARBjAGgDADEiAQIgkZRABgBylADAAGIChAAEAsIQIEUAAiIJFEMCGGUoAQABKhiGggFCFKGQyWUAEAAY6ggiAFDgKAUCCMIIkYgIBBAChBhBLGAIKEMI0wRYAEzRgiiFABCUCCIUOIZKpSwQChDhAJUASMEQsICIIwBRgAlBVLACYSlEMAMQygRQgDCkBRCOQEUgggpAQ"], "date": ["2002"], "genre": ["Techno"], "musicbrainz album release country": ["CZ"], "musicip_puid": ["06093eab-e181-13cb-d8a4-9f9cff2b376e"], "musicbrainz_artistid": ["1bf9e3ea-9993-47bc-a9d5-86e5778a87df"], "originaldate": ["2002-06-11"], "musicbrainz_albumid": ["12a59364-6b3a-43ae-b1c7-105db90a2b81"], "artist": ["Aural Emote"], "artistsort": ["Aural Emote"], "tracknumber": ["23/40"], "label": ["NextEra"], "albumartistsort": ["Sims, Ben", "Sims, Ben"], "acoustid_id": ["3b6047de-3e3e-44ab-bb48-14e0b36726ad"], "script": ["Latin"], "musicbrainz_releasegroupid": ["c1faaae2-a8d3-32d8-ac7e-6a7f84fb923a"]}}, "rhythm": {"bpm_histogram_first_peak_bpm": {"dmean2": 0, "median": 136, "min": 136, "dvar2": 0, "dvar": 0, "dmean": 0, "max": 136, "var": 0, "mean": 136}, "bpm": 137.477310181, "bpm_histogram_second_peak_spread": {"dmean2": 0, "median": 0, "min": 0, "dvar2": 0, "dvar": 0, "dmean": 0, "max": 0, "var": 0, "mean": 0}, "bpm_histogram_first_peak_weight": {"dmean2": 0, "median": 0.545893728733, "min": 0.545893728733, "dvar2": 0, "dvar": 0, "dmean": 0, "max": 0.545893728733, "var": 0, "mean": 0.545893728733}, "onset_rate": 5.04649925232, "beats_position": [0.371519267559, 0.754648506641, 1.13777780533, 1.57895684242, 1.99691605568, 2.43809509277, 2.87927436829, 3.30884337425, 3.73841261864, 4.17959165573, 4.62077093124, 5.05034017563, 5.47990942001, 5.92108821869, 6.3622674942, 6.80344676971, 7.22140598297, 7.66258478165, 8.10376358032, 8.53333282471, 8.96290206909, 9.4040813446, 9.84526062012, 10.2632198334, 10.7043991089, 11.1455783844, 11.5867567062, 12.0047159195, 12.445895195, 12.8870744705, 13.3166437149, 13.7462129593, 14.1873922348, 14.6285715103, 15.0697498322, 15.4877090454, 15.9288883209, 16.3700675964, 16.7996368408, 17.2292060852, 17.6703853607, 18.1115646362, 18.5411338806, 18.970703125, 19.4118824005, 19.853061676, 20.2710208893, 20.7121982574, 21.153377533, 21.5945568085, 22.0241260529, 22.4536952972, 22.8948745728, 23.3244438171, 23.7540130615, 24.195192337, 24.6363716125, 25.0659408569, 25.4955101013, 25.9366893768, 26.3778686523, 26.8074378967, 27.2370071411, 27.6781845093, 28.1193637848, 28.5489330292, 28.9785022736, 29.4196815491, 29.8608608246, 30.2788200378, 30.7199993134, 31.1611785889, 31.5907478333, 32.0203170776, 32.4614944458, 32.9026756287, 33.332244873, 33.7618141174, 34.2029914856, 34.6441726685, 35.0737419128, 35.5033111572, 35.9444885254, 36.3856697083, 36.8036270142, 37.244808197, 37.6859855652, 38.1155548096, 38.545124054, 38.9863014221, 39.427482605, 39.8570518494, 40.2866210938, 40.7277984619, 41.1689796448, 41.5985488892, 42.0281181335, 42.4692955017, 42.9104766846, 43.340045929, 43.7696151733, 44.2107925415, 44.6519737244, 45.0815429688, 45.5111083984, 45.9522895813, 46.3934669495, 46.8114280701, 47.2526054382, 47.6937866211, 48.1233558655, 48.5529251099, 48.994102478, 49.4352836609, 49.8648529053, 50.2944221497, 50.7355995178, 51.1767807007, 51.6063499451, 52.0359191895, 52.4770965576, 52.9182739258, 53.3362350464, 53.7774124146, 54.2185935974, 54.6597709656, 55.08934021, 55.5189094543, 55.9600906372, 56.3896598816, 56.819229126, 57.2604064941, 57.701587677, 58.1311569214, 58.5607261658, 59.0019035339, 59.4430847168, 59.8610420227, 60.3022193909, 60.7434005737, 61.1729698181, 61.6025390625, 62.0437164307, 62.4848976135, 62.9144668579, 63.3440361023, 63.7852134705, 64.2263946533, 64.655960083, 65.0855331421, 65.5267105103, 65.9678878784, 66.3974609375, 66.8270263672, 67.2682037354, 67.7093887329, 68.1273422241, 68.5685272217, 69.0097045898, 69.4392700195, 69.8688430786, 70.3100204468, 70.7511978149, 71.1923828125, 71.6103363037, 72.0515213013, 72.4926986694, 72.9222640991, 73.3518371582, 73.7930145264, 74.2341918945, 74.6521530151, 75.0933303833, 75.5345077515, 75.975692749, 76.4052581787, 76.8348312378, 77.276008606, 77.7055740356, 78.1351470947, 78.5763244629, 79.0175018311, 79.4470748901, 79.8766403198, 80.3178253174, 80.7590026855, 81.1885681152, 81.6181411743, 82.0593185425, 82.5004959106, 82.9300689697, 83.3596343994, 83.8008117676, 84.2419967651, 84.6599502563, 85.1011352539, 85.5423126221, 85.9834899902, 86.4014511108, 86.842628479, 87.2838058472, 87.7133789063, 88.1429443359, 88.5841217041, 89.0253067017, 89.4548721313, 89.8844451904, 90.3256225586], "beats_loudness": {"dmean2": 0.0350088439882, "median": 0.0436806604266, "min": 0.00138708704617, "dvar2": 0.000463152537122, "dvar": 0.000139718744322, "dmean": 0.0190109107643, "max": 0.0815984010696, "var": 0.000280605978332, "mean": 0.0444953218102}, "danceability": 1.57012951374, "bpm_histogram_second_peak_weight": {"dmean2": 0, "median": 0.0772946849465, "min": 0.0772946849465, "dvar2": 0, "dvar": 0, "dmean": 0, "max": 0.0772946849465, "var": 0, "mean": 0.0772946849465}, "beats_count": 208, "bpm_histogram_second_peak_bpm": {"dmean2": 0, "median": 144, "min": 144, "dvar2": 0, "dvar": 0, "dmean": 0, "max": 144, "var": 0, "mean": 144}, "bpm_histogram_first_peak_spread": {"dmean2": 0, "median": 0.402116417885, "min": 0.402116417885, "dvar2": 0, "dvar": 0, "dmean": 0, "max": 0.402116417885, "var": 0, "mean": 0.402116417885}, "beats_loudness_band_ratio": {"dmean2": [0.27061060071, 0.431901216507, 0.0987755432725, 0.132579430938, 0.0613332055509, 0.205428153276], "median": [0.492296695709, 0.0905900299549, 0.0273494459689, 0.0686505585909, 0.032614633441, 0.249200165272], "min": [0.0165469422936, 0.00443486729637, 0.00270990841091, 0.00999384000897, 0.00689750583842, 0.0827200114727], "dvar2": [0.0435785502195, 0.0674619674683, 0.00413867784664, 0.00565620185807, 0.00171515054535, 0.0210052020848], "dvar": [0.0146063575521, 0.0205704178661, 0.00129654561169, 0.00177068088669, 0.000612169213127, 0.00685167498887], "dmean": [0.149800911546, 0.217137232423, 0.0512565486133, 0.0679331794381, 0.0317985154688, 0.107946678996], "max": [0.830531060696, 0.593041479588, 0.239004522562, 0.321079641581, 0.187963157892, 0.727476656437], "var": [0.0399289503694, 0.0224470160902, 0.00203870865516, 0.00383921456523, 0.000911712530069, 0.0173629615456], "mean": [0.477671176195, 0.149046286941, 0.0505939722061, 0.0801460444927, 0.0430236272514, 0.273160427809]}}, "lowlevel": {"barkbands_spread": {"dmean2": 21.6303596497, "median": 38.6530303955, "min": 0.502473771572, "dvar2": 407.047698975, "dvar": 189.192596436, "dmean": 13.5580091476, "max": 105.252250671, "var": 644.122131348, "mean": 39.3208618164}, "melbands_spread": {"dmean2": 24.3040027618, "median": 23.7441902161, "min": 0.44604742527, "dvar2": 842.568054199, "dvar": 348.2059021, "dmean": 15.1797857285, "max": 153.47454834, "var": 726.985290527, "mean": 29.9170646667}, "hfc": {"dmean2": 36.8633232117, "median": 37.1118545532, "min": 1.11493292486e-16, "dvar2": 2606.57861328, "dvar": 1156.53588867, "dmean": 24.3680953979, "max": 254.719467163, "var": 2001.00976563, "mean": 51.2493400574}, "barkbands_kurtosis": {"dmean2": 32.8340950012, "median": 0.72194391489, "min": -1.82426416874, "dvar2": 5339.80957031, "dvar": 2107.42260742, "dmean": 19.8642539978, "max": 464.611022949, "var": 2358.1652832, "mean": 18.6596546173}, "gfcc": {"mean": [48.6371421814, 31.1851215363, -87.3221740723, 40.7932128906, -36.3597259521, 45.4580078125, -30.5032539368, 14.0627002716, -43.4841308594, 6.42474842072, -28.2763328552, -3.83658456802, -25.1169681549], "icov": [[0.000502498645801, -0.00016892219719, 0.000184170872672, -0.000271559198154, 0.000770587299485, -0.000632318260614, 0.000551456469111, -0.000567539711483, 0.000580114952754, -0.000835865095723, 0.00136990391184, -0.000289958290523, -2.10288799281e-05], [-0.00016892219719, 0.00365815847181, -0.000708114530426, 0.00127640401479, -0.00374512770213, 0.00341044482775, -0.00266412878409, 0.00207685958594, -0.0022923310753, 0.00382112408988, -0.00406729243696, 0.00258012465201, -0.00050422915956], [0.000184170872672, -0.000708114530426, 0.00260648760013, -0.00231128069572, 0.000918546807952, -0.00119988957886, 0.00160567113198, -0.00130315800197, 0.00200939667411, -0.0031465459615, 0.00238368706778, 0.000259321328485, -0.000727293489035], [-0.000271559198154, 0.00127640401479, -0.00231128069572, 0.00671768933535, -0.0036624900531, 0.00130071071908, -0.00203671632335, 0.00333690270782, -0.00491014495492, 0.00574258808047, -0.00389503245242, 0.00277545629069, -0.00122529617511], [0.000770587299485, -0.00374512770213, 0.000918546807952, -0.0036624900531, 0.0107339993119, -0.00636609457433, 0.00244213175029, -0.00438338704407, 0.00587323307991, -0.00320471310988, 2.60858523689e-05, -0.00337638054043, -2.47127063631e-05], [-0.000632318260614, 0.00341044482775, -0.00119988957886, 0.00130071071908, -0.00636609457433, 0.0168913155794, -0.013479238376, 0.00577453989536, 1.26799923237e-05, -0.0044647147879, 0.003181474749, 0.00402818946168, -0.00503635825589], [0.000551456469111, -0.00266412878409, 0.00160567113198, -0.00203671632335, 0.00244213175029, -0.013479238376, 0.0277177393436, -0.0127093242481, -0.00700661446899, 0.00506109790877, -0.00469532003626, -0.00224112370051, 0.00321458629332], [-0.000567539711483, 0.00207685958594, -0.00130315800197, 0.00333690270782, -0.00438338704407, 0.00577453989536, -0.0127093242481, 0.0208689849824, -0.00869756937027, -0.000618006743025, 0.000756576249842, 0.00176840368658, 0.00109983689617], [0.000580114952754, -0.0022923310753, 0.00200939667411, -0.00491014495492, 0.00587323307991, 1.26799923237e-05, -0.00700661446899, -0.00869756937027, 0.0268106851727, -0.0140392007306, 0.00303073879331, -0.000349600042682, -0.00124972022604], [-0.000835865095723, 0.00382112408988, -0.0031465459615, 0.00574258808047, -0.00320471310988, -0.0044647147879, 0.00506109790877, -0.000618006743025, -0.0140392007306, 0.0410489030182, -0.019771412015, -0.000578766572289, 0.00222280644812], [0.00136990391184, -0.00406729243696, 0.00238368706778, -0.00389503245242, 2.60858523689e-05, 0.003181474749, -0.00469532003626, 0.000756576249842, 0.00303073879331, -0.019771412015, 0.0387865044177, -0.00767403608188, -0.00938384234905], [-0.000289958290523, 0.00258012465201, 0.000259321328485, 0.00277545629069, -0.00337638054043, 0.00402818946168, -0.00224112370051, 0.00176840368658, -0.000349600042682, -0.000578766572289, -0.00767403608188, 0.0295813251287, -0.00660467846319], [-2.10288799281e-05, -0.00050422915956, -0.000727293489035, -0.00122529617511, -2.47127063631e-05, -0.00503635825589, 0.00321458629332, 0.00109983689617, -0.00124972022604, 0.00222280644812, -0.00938384234905, -0.00660467846319, 0.0303651429713]], "cov": [[3546.48242188, -840.798950195, -192.229492188, -394.958892822, -617.123535156, -68.4337158203, -257.769378662, -78.9145965576, -148.965820313, -24.3384208679, -301.683898926, -36.2055931091, -119.207893372], [-840.798950195, 884.938903809, 112.863876343, 237.435958862, 389.984222412, 17.0483341217, 151.724075317, 51.8462982178, 80.1991195679, -8.89788722992, 159.611526489, -1.51514029503, 64.5496444702], [-192.229492188, 112.863876343, 675.110717773, 267.523101807, 125.218223572, 70.6742706299, 3.30680656433, -11.9327859879, -9.29121494293, 17.082988739, 12.1554346085, -25.4302101135, 37.2044296265], [-394.958892822, 237.435958862, 267.523101807, 406.468200684, 228.424682617, 86.8104019165, 97.481048584, 21.8124351501, 60.9258651733, 2.49051690102, 73.8795700073, -13.1290893555, 52.2538452148], [-617.123535156, 389.984222412, 125.218223572, 228.424682617, 390.589202881, 121.38343811, 130.006515503, 55.8548736572, 48.1606025696, 22.3414707184, 107.149780273, 14.0444145203, 59.4437828064], [-68.4337158203, 17.0483341217, 70.6742706299, 86.8104019165, 121.38343811, 185.335525513, 115.452590942, 51.0819664001, 50.2670440674, 35.0617752075, 27.0739402771, -1.67719936371, 29.7015800476], [-257.769378662, 151.724075317, 3.30680656433, 97.481048584, 130.006515503, 115.452590942, 187.475036621, 112.669845581, 104.232574463, 31.947681427, 60.124671936, 4.27107334137, 23.1413097382], [-78.9145965576, 51.8462982178, -11.9327859879, 21.8124351501, 55.8548736572, 51.0819664001, 112.669845581, 137.920806885, 85.8737564087, 30.3267765045, 27.8367137909, 2.0521235466, 3.35837888718], [-148.965820313, 80.1991195679, -9.29121494293, 60.9258651733, 48.1606025696, 50.2670440674, 104.232574463, 85.8737564087, 119.615287781, 37.8644752502, 40.8777160645, 3.01695346832, 13.1360673904], [-24.3384208679, -8.89788722992, 17.082988739, 2.49051690102, 22.3414707184, 35.0617752075, 31.947681427, 30.3267765045, 37.8644752502, 53.9687767029, 28.4527931213, 9.70105743408, 10.208647728], [-301.683898926, 159.611526489, 12.1554346085, 73.8795700073, 107.149780273, 27.0739402771, 60.124671936, 27.8367137909, 40.8777160645, 28.4527931213, 87.4418029785, 18.7473049164, 33.6179084778], [-36.2055931091, -1.51514029503, -25.4302101135, -13.1290893555, 14.0444145203, -1.67719936371, 4.27107334137, 2.0521235466, 3.01695346832, 9.70105743408, 18.7473049164, 45.0670814514, 13.0276975632], [-119.207893372, 64.5496444702, 37.2044296265, 52.2538452148, 59.4437828064, 29.7015800476, 23.1413097382, 3.35837888718, 13.1360673904, 10.208647728, 33.6179084778, 13.0276975632, 52.3407020569]]}, "spectral_energyband_middle_low": {"dmean2": 0.0173196326941, "median": 0.00499065360054, "min": 1.90378566426e-22, "dvar2": 0.00118703779299, "dvar": 0.000457053771242, "dmean": 0.01003501378, "max": 0.181057199836, "var": 0.000348766508978, "mean": 0.0106035340577}, "melbands_crest": {"dmean2": 6.29981946945, "median": 17.4062767029, "min": 1.97531950474, "dvar2": 24.877790451, "dvar": 11.1460895538, "dmean": 3.96323442459, "max": 31.627374649, "var": 33.2230987549, "mean": 17.123872757}, "spectral_kurtosis": {"dmean2": 1.29206264019, "median": 1.86727619171, "min": -0.275224685669, "dvar2": 2.00777959824, "dvar": 0.878453016281, "dmean": 0.823316633701, "max": 16.7764568329, "var": 2.49197888374, "mean": 2.17694354057}, "spectral_rms": {"dmean2": 0.00268706679344, "median": 0.00608928594738, "min": 3.13987486185e-12, "dvar2": 6.41953693048e-06, "dvar": 2.89177091872e-06, "dmean": 0.0017796313623, "max": 0.0167319178581, "var": 8.08908680483e-06, "mean": 0.00650592008606}, "zerocrossingrate": {"dmean2": 0.0294480305165, "median": 0.11572265625, "min": 0.00439453125, "dvar2": 0.000719248200767, "dvar": 0.000576127611566, "dmean": 0.0269682742655, "max": 0.505859375, "var": 0.00507872924209, "mean": 0.114353440702}, "silence_rate_60dB": {"dmean2": 0.00795075669885, "median": 0, "min": 0, "dvar2": 0.00942628923804, "dvar": 0.00408580666408, "dmean": 0.00410256395116, "max": 1, "var": 0.00914345867932, "mean": 0.0092284027487}, "erbbands_kurtosis": {"dmean2": 1.67357611656, "median": -0.466611713171, "min": -1.84000515938, "dvar2": 7.10916757584, "dvar": 2.43921923637, "dmean": 0.974266707897, "max": 22.3435897827, "var": 2.20891070366, "mean": -0.109927847981}, "erbbands": {"dmean2": [0.340838968754, 5.8599486351, 17.7064266205, 33.8938407898, 36.5328102112, 22.4647769928, 3.56244730949, 2.01285719872, 4.48352193832, 8.25916862488, 14.2200775146, 20.4684047699, 16.9200057983, 29.4723720551, 49.4175262451, 42.8062705994, 52.9055023193, 32.7172584534, 34.5458183289, 29.3550777435, 25.843503952, 20.6150512695, 20.4552841187, 19.1248817444, 28.0650901794, 45.6913719177, 22.3537025452, 18.1712112427, 19.4798755646, 19.161485672, 17.3554611206, 13.530210495, 11.4489183426, 9.58021259308, 5.20501995087, 2.99731683731, 1.04572236538, 0.0784321427345, 0.00141638086643, 9.93825451587e-05], "median": [0.0527473017573, 1.20507919788, 6.80895328522, 8.6960439682, 5.80225658417, 2.69754576683, 0.774037480354, 0.554575145245, 0.821737587452, 1.87691247463, 2.90975451469, 3.22042870522, 5.00654029846, 6.71521043777, 22.195192337, 27.7950687408, 21.7912902832, 17.4234962463, 16.2721824646, 11.3740768433, 8.50257301331, 7.9493098259, 8.70892620087, 9.54846096039, 11.659661293, 20.4169540405, 9.70928096771, 7.20474386215, 8.81969261169, 8.0851316452, 7.88234043121, 5.63791942596, 4.5052652359, 4.61870098114, 3.59198307991, 2.31065058708, 0.906431496143, 0.0611978843808, 0.00124005577527, 0.000149547136971], "min": [1.45426732545e-21, 3.74049942085e-21, 2.11048590165e-20, 5.57781651847e-20, 4.27286833945e-20, 5.9481859915e-20, 1.39773890907e-19, 1.58897052973e-19, 3.2238777593e-19, 4.74618812991e-19, 1.23171877119e-18, 1.26573915882e-18, 3.20796523416e-18, 1.90391706642e-18, 2.44160721205e-18, 3.6915631444e-18, 6.46682647782e-18, 9.00481553407e-18, 4.73944381619e-18, 5.75135536622e-18, 8.33075349752e-18, 5.79518642611e-18, 1.09629381596e-17, 1.03401315425e-17, 9.87114081475e-18, 2.62035961893e-17, 2.00505999679e-17, 2.07573976772e-17, 1.52674909416e-17, 1.57318751005e-17, 2.11978448836e-17, 1.54670714254e-17, 1.42611132298e-17, 1.00499871893e-17, 8.83546684726e-18, 5.38181532269e-18, 3.25245493661e-18, 1.25352800843e-18, 4.00219733006e-19, 2.8916030554e-20], "dvar2": [0.407573491335, 119.9115448, 836.837585449, 5661.90576172, 5782.85839844, 1835.41772461, 45.3258209229, 11.5806035995, 76.8303833008, 146.529922485, 403.800933838, 1286.7166748, 618.075012207, 3511.73901367, 3968.42504883, 2268.18457031, 5443.25097656, 1637.66186523, 1942.32543945, 1663.76660156, 1251.88012695, 559.852233887, 960.255493164, 427.22668457, 1240.61437988, 4511.13378906, 949.15625, 761.281799316, 1011.7578125, 1117.36743164, 845.194641113, 508.986236572, 432.907440186, 247.659332275, 47.1511459351, 13.3336219788, 1.69516813755, 0.00997574441135, 3.32362992594e-06, 1.07228066426e-08], "dvar": [0.192331925035, 62.2261276245, 355.636230469, 2125.71533203, 2105.03955078, 616.400939941, 16.1735534668, 4.6253619194, 28.1673698425, 56.1603660583, 161.629440308, 508.836639404, 259.200012207, 1317.42272949, 1630.26257324, 993.799194336, 2184.81689453, 738.736206055, 880.724975586, 696.998596191, 498.455291748, 237.515045166, 366.781921387, 181.467758179, 501.807983398, 1759.87597656, 379.216705322, 318.553314209, 425.541595459, 466.105743408, 382.23727417, 233.746124268, 173.340332031, 100.917770386, 22.234544754, 6.65957641602, 0.805482745171, 0.00481175677851, 1.62856372299e-06, 5.64477886655e-09], "dmean": [0.231729328632, 4.10235023499, 11.1155557632, 19.5622119904, 20.230178833, 12.0364627838, 2.002648592, 1.24113452435, 2.56217694283, 4.80209875107, 8.4332780838, 12.1319065094, 10.5062179565, 17.6500263214, 30.7810783386, 27.3433227539, 32.3513450623, 20.8449993134, 22.1784477234, 18.5492362976, 15.8881702423, 12.9780111313, 12.611325264, 12.0051383972, 17.6028518677, 27.7366409302, 13.6281576157, 11.567615509, 12.5253992081, 12.3727264404, 11.2427959442, 8.72062778473, 7.00592756271, 5.82955121994, 3.29963111877, 1.96019339561, 0.686097204685, 0.0499136894941, 0.000911404553335, 6.4914500399e-05], "max": [3.02708554268, 59.5193099976, 157.283615112, 405.018463135, 412.790588379, 192.371017456, 44.5411567688, 34.1992912292, 54.7132263184, 71.1609649658, 104.264152527, 193.5809021, 290.369537354, 422.944244385, 388.643554688, 363.339782715, 520.343444824, 493.668670654, 516.477661133, 397.866241455, 267.592163086, 139.080627441, 391.561645508, 135.867614746, 200.382873535, 367.251983643, 174.418914795, 155.226501465, 203.799316406, 178.076812744, 159.684631348, 139.639083862, 111.266639709, 86.1645202637, 38.6278076172, 23.6620807648, 8.27570533752, 0.650752365589, 0.0120541369542, 0.000671198649798], "var": [0.320229679346, 101.278831482, 422.088317871, 1526.89294434, 1442.20666504, 465.197784424, 12.3801879883, 5.89093828201, 19.9794826508, 47.7342758179, 153.874176025, 428.947631836, 290.599182129, 1056.18737793, 2072.54150391, 1847.10107422, 2905.25415039, 1150.63867188, 1305.95800781, 894.612915039, 485.195556641, 275.446716309, 339.817871094, 226.638595581, 559.351623535, 1752.21618652, 404.297576904, 363.716522217, 525.54888916, 565.407165527, 502.280212402, 376.401947021, 197.829864502, 136.595504761, 56.2696876526, 20.3050041199, 2.49463582039, 0.0130929360166, 4.65220955448e-06, 1.47095446934e-08], "mean": [0.297532320023, 5.10484838486, 13.8758506775, 18.654920578, 17.8416843414, 10.4455318451, 2.04297804832, 1.5261015892, 2.23534488678, 4.7069478035, 7.95138549805, 10.9441022873, 11.6726455688, 17.6944980621, 38.7272415161, 42.0734214783, 41.1313667297, 29.6586971283, 29.1329460144, 22.588010788, 17.0312862396, 14.3988628387, 14.449306488, 14.9538106918, 20.5151367188, 34.9701499939, 17.0619525909, 14.2168054581, 17.1752548218, 16.8834476471, 16.0905513763, 14.2985706329, 10.1367311478, 9.58704471588, 6.78498697281, 4.12351989746, 1.48125469685, 0.105712063611, 0.00205567735247, 0.000171735562617]}, "spectral_strongpeak": {"dmean2": 0.628402888775, "median": 0.431669175625, "min": 1.49286549789e-09, "dvar2": 0.65180516243, "dvar": 0.240093380213, "dmean": 0.379567503929, "max": 7.2680478096, "var": 0.300245553255, "mean": 0.622193813324}, "spectral_energy": {"dmean2": 0.0442739315331, "median": 0.038006387651, "min": 1.0105284265e-20, "dvar2": 0.00322363781743, "dvar": 0.00130302994512, "dmean": 0.0281802304089, "max": 0.286955982447, "var": 0.0022268097382, "mean": 0.0516766831279}, "average_loudness": 0.975128293037, "spectral_rolloff": {"dmean2": 3014.12597656, "median": 1722.65625, "min": 86.1328125, "dvar2": 12622026, "dvar": 5444963, "dmean": 1781.48815918, "max": 18195.5566406, "var": 12165527, "mean": 3280.65991211}, "spectral_centroid": {"dmean2": 901.042907715, "median": 1691.90649414, "min": 156.974777222, "dvar2": 625056.4375, "dvar": 261761.359375, "dmean": 557.769042969, "max": 4065.00878906, "var": 660294.5625, "mean": 1709.66760254}, "pitch_salience": {"dmean2": 0.165121555328, "median": 0.546953380108, "min": 0.0417868904769, "dvar2": 0.0165903102607, "dvar": 0.00875761639327, "dmean": 0.10893446207, "max": 0.895334661007, "var": 0.0360168144107, "mean": 0.488055944443}, "spectral_energyband_middle_high": {"dmean2": 0.00568690011278, "median": 0.00368302501738, "min": 1.52872307215e-21, "dvar2": 3.62124337698e-05, "dvar": 1.68639326148e-05, "dmean": 0.00378003483638, "max": 0.04331985116, "var": 2.93560569844e-05, "mean": 0.00564423855394}, "spectral_contrast_coeffs": {"dmean2": [0.119935274124, 0.0848920270801, 0.0658310502768, 0.0492660962045, 0.041194986552, 0.0301454570144], "median": [-0.583510041237, -0.811919867992, -0.816909134388, -0.815563082695, -0.802269101143, -0.800499558449], "min": [-0.961678087711, -0.976642012596, -0.982960999012, -0.97498780489, -0.973256349564, -0.96152639389], "dvar2": [0.00879374332726, 0.00405009556562, 0.00239166826941, 0.00143778836355, 0.00110957748257, 0.00069513276685], "dvar": [0.00343278981745, 0.00156771601178, 0.000917122000828, 0.000543584581465, 0.000429879437434, 0.000276732986094], "dmean": [0.0718220174313, 0.0514816939831, 0.0400580540299, 0.0301760677248, 0.0250841937959, 0.0189046878368], "max": [-0.291023612022, -0.533029794693, -0.637343287468, -0.652445733547, -0.613873124123, -0.704291760921], "var": [0.00731247104704, 0.00293326680548, 0.00186642655171, 0.00104658736382, 0.000798875291366, 0.000578504404984], "mean": [-0.578799247742, -0.806222736835, -0.813395261765, -0.812792599201, -0.800598680973, -0.798752069473]}, "melbands_skewness": {"dmean2": 3.03814411163, "median": 3.93740224838, "min": -1.00003385544, "dvar2": 7.64953708649, "dvar": 4.56625699997, "dmean": 2.09563231468, "max": 19.9822483063, "var": 17.6733627319, "mean": 5.21460103989}, "spectral_spread": {"dmean2": 1491219.25, "median": 7540395, "min": 1257181.75, "dvar2": 1759444205570.0, "dvar": 1034771955710.0, "dmean": 1048472.875, "max": 41883380, "var": 3663259762690.0, "mean": 7607283.5}, "dissonance": {"dmean2": 0.0149344196543, "median": 0.490896642208, "min": 0.238411977887, "dvar2": 0.000256550265476, "dvar": 9.83335776255e-05, "dmean": 0.00866873096675, "max": 0.500000059605, "var": 0.000103718724858, "mean": 0.488407880068}, "spectral_skewness": {"dmean2": 0.288140296936, "median": 1.29096186161, "min": 0.528237044811, "dvar2": 0.0792306140065, "dvar": 0.0347217544913, "dmean": 0.185110107064, "max": 2.74852991104, "var": 0.0973677560687, "mean": 1.30282258987}, "spectral_flux": {"dmean2": 0.0856919363141, "median": 0.125977903605, "min": 1.06522502392e-05, "dvar2": 0.00721022346988, "dvar": 0.00297229643911, "dmean": 0.053354870528, "max": 0.509896099567, "var": 0.00577422603965, "mean": 0.141411885619}, "spectral_contrast_valleys": {"dmean2": [0.771393179893, 0.876635789871, 0.779410779476, 0.714634001255, 0.738442003727, 0.60856205225], "median": [-7.06100845337, -7.23185682297, -6.88377523422, -7.08389902115, -7.01352977753, -8.73439884186], "min": [-22.9228172302, -24.2580451965, -24.8700885773, -25.5774078369, -26.222902298, -26.9538040161], "dvar2": [0.381459265947, 0.523942708969, 0.418034344912, 0.35039037466, 0.385539531708, 0.453395426273], "dvar": [0.179080694914, 0.273317843676, 0.24985511601, 0.215986683965, 0.233325973153, 0.268387794495], "dmean": [0.466422647238, 0.584566414356, 0.539360761642, 0.49733504653, 0.520206689835, 0.42753085494], "max": [-5.74745368958, -5.25345230103, -5.05706787109, -5.46864271164, -5.65052127838, -7.10840320587], "var": [0.487486422062, 0.577157378197, 0.618786811829, 0.534491240978, 0.525149822235, 0.756038725376], "mean": [-7.17061710358, -7.22986841202, -6.89988660812, -7.10678386688, -7.04025745392, -8.85717582703]}, "erbbands_flatness_db": {"dmean2": 0.0280764084309, "median": 0.0980558097363, "min": 0.0529213733971, "dvar2": 0.000650711881462, "dvar": 0.000261376233539, "dmean": 0.0178095269948, "max": 0.362332254648, "var": 0.000744480406865, "mean": 0.102928325534}, "spectral_energyband_high": {"dmean2": 0.00349506177008, "median": 0.0025671266485, "min": 7.5357979417e-21, "dvar2": 3.06858601107e-05, "dvar": 1.33956309583e-05, "dmean": 0.00226802332327, "max": 0.026752371341, "var": 2.13904986595e-05, "mean": 0.00415018154308}, "spectral_entropy": {"dmean2": 0.375262081623, "median": 8.19250297546, "min": 5.85596466064, "dvar2": 0.171646118164, "dvar": 0.0763883516192, "dmean": 0.23513263464, "max": 8.73563098907, "var": 0.183283314109, "mean": 8.07831859589}, "silence_rate_20dB": {"dmean2": 0, "median": 1, "min": 1, "dvar2": 0, "dvar": 0, "dmean": 0, "max": 1, "var": 0, "mean": 1}, "melbands_flatness_db": {"dmean2": 0.0808565020561, "median": 0.175354555249, "min": 0.00531334616244, "dvar2": 0.00454549258575, "dvar": 0.00252080895007, "dmean": 0.0557428114116, "max": 0.522923529148, "var": 0.0113224219531, "mean": 0.197828963399}, "barkbands": {"dmean2": [5.82903303439e-05, 0.0219363048673, 0.0191122815013, 0.0121138794348, 0.00830844324082, 0.000247626914643, 0.000415236718254, 0.000525711802766, 0.000920951017179, 0.000725382182281, 0.000982424011454, 0.00123873236589, 0.00111034233123, 0.000748461810872, 0.000577471277211, 0.00049459625734, 0.000367258791812, 0.000347352295648, 0.000442498829216, 0.000915386946872, 0.000465827266453, 0.000512006692588, 0.000655900628772, 0.000690630462486, 0.000743969052564, 0.000549920892809, 1.65147895359e-08], "median": [1.31652031996e-05, 0.00391966802999, 0.00618943665177, 0.00205351994373, 0.00104828143958, 7.13917397661e-05, 6.27762201475e-05, 0.00012916297419, 0.000134596251883, 0.000169851191458, 0.000270717922831, 0.000726526137441, 0.00043712335173, 0.000382162426831, 0.000213748571696, 0.000175618304638, 0.000138405172038, 0.000151380460011, 0.000204013238545, 0.000411826913478, 0.000172116691829, 0.000245410396019, 0.000267118186457, 0.000265391543508, 0.000482429051772, 0.000475757522509, 9.98848448397e-10], "min": [7.68336401075e-24, 2.67020454957e-23, 2.68818332069e-23, 1.31770757628e-23, 1.93364228247e-23, 2.08273715133e-23, 3.18088122963e-23, 4.26333912438e-23, 4.13949143325e-23, 1.18413323019e-22, 4.79435358521e-23, 7.84000638521e-23, 1.15957630575e-22, 1.6453092671e-22, 7.87522239819e-23, 1.76301577075e-22, 8.74101049454e-23, 2.07773757179e-22, 1.65679104291e-22, 4.35577790837e-22, 6.2713452418e-22, 4.22166499115e-22, 6.4597020019e-22, 7.90410000847e-22, 1.05445888619e-21, 1.60802174324e-21, 2.3860408471e-21], "dvar2": [8.46540526567e-09, 0.00175267946906, 0.00124424044043, 0.0008541358402, 0.000262414105237, 1.71217848788e-07, 7.59329225275e-07, 4.69927812219e-07, 2.63588435701e-06, 2.2611679924e-06, 1.86446823136e-06, 1.96964811039e-06, 2.31497915593e-06, 9.53330470566e-07, 5.76023069243e-07, 6.08526192991e-07, 1.78489045766e-07, 2.35392676018e-07, 2.40821293573e-07, 1.8386690499e-06, 4.70003243436e-07, 6.70395138513e-07, 1.39547580602e-06, 1.49883476297e-06, 1.25278040741e-06, 4.54733452671e-07, 5.83248718623e-15], "dvar": [4.29813784564e-09, 0.000899709761143, 0.000514837156516, 0.000306200439809, 9.13999756449e-05, 6.6110175112e-08, 2.73123504257e-07, 1.98834641196e-07, 1.05399908534e-06, 8.41745759317e-07, 7.45756551623e-07, 8.63342279445e-07, 9.38103028147e-07, 4.33844860481e-07, 2.40074768953e-07, 2.34878640981e-07, 7.49392157218e-08, 9.10792579134e-08, 1.0404980344e-07, 7.12707389994e-07, 1.88973046988e-07, 2.887024948e-07, 5.94370590079e-07, 6.28180316653e-07, 5.46484727693e-07, 2.3010782968e-07, 1.98097607078e-15], "dmean": [3.7404064642e-05, 0.0153741920367, 0.011702327989, 0.00662986049429, 0.00450837844983, 0.000147980608745, 0.000232857986703, 0.000315880199196, 0.000546995433979, 0.000434344285168, 0.000596334692091, 0.000787350407336, 0.000676083669532, 0.00047750415979, 0.000359714467777, 0.000305120600387, 0.000229751691222, 0.00021363516862, 0.000280180276604, 0.000553946767468, 0.000294427998597, 0.000336090160999, 0.000423503282946, 0.000427974533523, 0.000462098571006, 0.000367842410924, 8.68507576968e-09], "max": [0.000607403402682, 0.217656999826, 0.193085491657, 0.154514223337, 0.0849273130298, 0.00325777637772, 0.00548536796123, 0.00555123994127, 0.00876206066459, 0.010940015316, 0.00799213536084, 0.0114533575252, 0.0107965925708, 0.0151185290888, 0.00556161301211, 0.00772426556796, 0.00248312507756, 0.00584820704535, 0.00296423910186, 0.0073170075193, 0.00336348358542, 0.00452905055135, 0.00668243505061, 0.00658361939713, 0.0060095442459, 0.00451694848016, 1.20582660657e-06], "var": [5.94834137502e-09, 0.00144450191874, 0.000477051071357, 0.000187243815162, 6.5421423642e-05, 7.48953397078e-08, 1.83405589382e-07, 2.15358255673e-07, 8.98666712601e-07, 6.64789865823e-07, 7.75913576945e-07, 1.63052584412e-06, 1.25656049477e-06, 6.53217966828e-07, 2.73091899317e-07, 2.33900792068e-07, 8.70796839081e-08, 8.83129089857e-08, 1.30948848209e-07, 7.15907560789e-07, 2.03467877213e-07, 3.79933993599e-07, 7.05100603682e-07, 8.24614858175e-07, 1.04238938547e-06, 7.539090916e-07, 1.05006060372e-15], "mean": [4.08708983741e-05, 0.01