{"metadata": {"tags": {"album": ["Music is a Hungry Ghost"], "artist": ["To Rococo Rot and I-Sound"], "encodedby": ["Exact Audio Copy   (Secure mode)"], "date": ["2001"], "tracknumber": ["1/13"], "title": ["A Number of Things"], "file_name": "1490512.mp3", "musicbrainz_recordingid": ["1b455c8a-64cf-4084-85a8-514ecbf954b7"]}, "audio_properties": {"sample_rate": 44100, "downmix": "mix", "lossless": false, "analysis_sample_rate": 44100, "md5_encoded": "08d89b5148c21dea11bbd7bc46346097", "equal_loudness": 0, "replay_gain": -10.2483177185, "codec": "mp3", "bit_rate": 189505, "length": 256.261230469}, "version": {"extractor": "music 1.0", "essentia_build_sha": "70f2e5ece6736b2c40cc944ad0e695b16b925413", "essentia_git_sha": "v2.1_beta2", "essentia": "2.1-beta2"}}, "rhythm": {"beats_loudness_band_ratio": {"dvar2": [0.0279872976243, 0.0263190343976, 0.00618660915643, 0.00633798493072, 0.00113916024566, 0.00605623144656], "var": [0.0202346425503, 0.0132772158831, 0.00440144352615, 0.00235792831518, 0.000279923726339, 0.00132233765908], "min": [0, 0, 0, 0, 0, 0], "dmean": [0.10725132376, 0.0912205949426, 0.0440018214285, 0.0272246282548, 0.0110347215086, 0.00793133303523], "mean": [0.773260831833, 0.118806563318, 0.0748525336385, 0.0297936014831, 0.0101512242109, 0.00932997837663], "max": [0.994049012661, 0.461827546358, 0.338759303093, 0.352420330048, 0.142718911171, 0.72339874506], "dmean2": [0.185850724578, 0.162325561047, 0.07903444767, 0.0493925623596, 0.0197640378028, 0.0129875224084], "median": [0.774906873703, 0.0674804970622, 0.0612641349435, 0.0104322675616, 0.0036814273335, 0.0063638240099], "dvar": [0.01077831164, 0.00917102303356, 0.00213942513801, 0.00217383331619, 0.000368712528143, 0.00248177908361]}, "bpm_histogram_first_peak_weight": {"dvar2": 0, "var": 0, "min": 0.686716794968, "dmean": 0, "mean": 0.686716794968, "max": 0.686716794968, "dmean2": 0, "median": 0.686716794968, "dvar": 0}, "bpm": 84.9966278076, "beats_count": 400, "bpm_histogram_first_peak_spread": {"dvar2": 0, "var": 0, "min": 0.0519030690193, "dmean": 0, "mean": 0.0519030690193, "max": 0.0519030690193, "dmean2": 0, "median": 0.0519030690193, "dvar": 0}, "danceability": 1.20442378521, "bpm_histogram_first_peak_bpm": {"dvar2": 0, "var": 0, "min": 85, "dmean": 0, "mean": 85, "max": 85, "dmean2": 0, "median": 85, "dvar": 0}, "beats_position": [0.46439909935, 0.9287981987, 1.39319729805, 1.8575963974, 2.31038546562, 2.76317453384, 3.22757363319, 3.69197273254, 4.15637159348, 4.62077093124, 5.08516979218, 5.54956912994, 6.00235795975, 6.45514726639, 6.91954612732, 7.38394546509, 7.84834432602, 8.31274318695, 8.77714252472, 9.26476192474, 9.75238037109, 10.2516098022, 10.7392292023, 11.2152376175, 11.6912469864, 12.1556463242, 12.6200447083, 13.084444046, 13.5372333527, 14.0016326904, 14.4660310745, 14.9304304123, 15.3832197189, 15.8360090256, 16.3004074097, 16.7648067474, 17.2292060852, 17.693605423, 18.1580047607, 18.6224040985, 19.0751914978, 19.5279808044, 19.9923801422, 20.45677948, 20.9095687866, 21.3623580933, 21.826757431, 22.2911567688, 22.7555541992, 23.219953537, 23.6727428436, 24.1255321503, 24.589931488, 25.0543308258, 25.5187301636, 25.9831295013, 26.435918808, 26.8887062073, 27.353105545, 27.8175048828, 28.2819042206, 28.7463035583, 29.2107028961, 29.6634922028, 30.1162815094, 30.5806789398, 31.0334682465, 31.4862575531, 31.9506568909, 32.4150543213, 32.8794555664, 33.3438529968, 33.8082542419, 34.2726516724, 34.7370529175, 35.1898422241, 35.6426315308, 36.1070289612, 36.5714263916, 37.0358276367, 37.4886169434, 37.94140625, 38.4058036804, 38.8702049255, 39.334602356, 39.7989997864, 40.251789093, 40.7045783997, 41.1689796448, 41.6333770752, 42.0977783203, 42.550567627, 43.0033569336, 43.467754364, 43.9321517944, 44.3965530396, 44.8493423462, 45.3021316528, 45.7665290833, 46.2309303284, 46.6953277588, 47.1597251892, 47.6125144958, 48.0653038025, 48.5297050476, 48.994102478, 49.4585037231, 49.9229011536, 50.3989105225, 51.0258483887, 51.6643981934, 52.3726081848, 53.0808143616, 53.789024353, 54.4972343445, 55.1938323975, 55.9020385742, 56.6102485657, 57.3184585571, 58.0266647339, 58.7348747253, 59.4430847168, 60.1396827698, 60.8478889465, 61.556098938, 62.252696991, 62.9609069824, 63.6691131592, 64.3773193359, 65.0855331421, 65.7821273804, 66.4903411865, 67.1985473633, 67.895149231, 68.6033554077, 69.3115615845, 70.0197753906, 70.7279815674, 71.4361877441, 72.1444015503, 72.8409957886, 73.5492019653, 74.2574157715, 74.9656219482, 75.673828125, 76.3704299927, 77.0786361694, 77.7868499756, 78.4950561523, 79.2032623291, 79.8998641968, 80.6080703735, 81.3162765503, 82.0244903564, 82.7326965332, 83.4292984009, 84.1375045776, 84.8457107544, 85.5539245605, 86.2621307373, 86.9703369141, 87.6669387817, 88.3751449585, 89.0833511353, 89.7915649414, 90.4881591797, 91.1963729858, 91.9045791626, 92.6127853394, 93.3209991455, 94.0175933838, 94.7257995605, 95.4340133667, 96.1422195435, 96.8504257202, 97.5470275879, 98.2552337646, 98.9634475708, 99.6716537476, 100.379859924, 101.08807373, 101.796279907, 102.492874146, 103.201087952, 103.909294128, 104.617500305, 105.325714111, 106.02230835, 106.730522156, 107.438728333, 108.146934509, 108.855148315, 109.551742554, 110.25995636, 110.968162537, 111.664756775, 112.372970581, 113.081176758, 113.789382935, 114.497596741, 115.205802917, 115.914009094, 116.610610962, 117.318817139, 118.027030945, 118.735237122, 119.443443298, 120.151649475, 120.859863281, 121.568069458, 122.276275635, 122.984489441, 123.692695618, 124.389297485, 125.085891724, 125.79410553, 126.502311707, 127.198905945, 127.907119751, 128.615325928, 129.323532104, 130.031738281, 130.739959717, 131.448165894, 132.15637207, 132.852966309, 133.561172485, 134.269378662, 134.977600098, 135.674194336, 136.370788574, 137.090606689, 137.798812866, 138.495422363, 139.20362854, 139.911834717, 140.620040894, 141.316635132, 142.024856567, 142.733062744, 143.452880859, 144.149475098, 144.846069336, 145.554275513, 146.262496948, 146.959091187, 147.655685425, 148.37550354, 149.095321655, 149.791931152, 150.500137329, 151.208343506, 151.916549683, 152.613143921, 153.321365356, 154.017959595, 154.726165771, 155.434371948, 156.130966187, 156.850784302, 157.570602417, 158.267211914, 158.963806152, 159.672012329, 160.380218506, 161.088439941, 161.796646118, 162.504852295, 163.213058472, 163.921264648, 164.629470825, 165.326080322, 166.034286499, 166.730880737, 167.439086914, 168.147293091, 168.855514526, 169.563720703, 170.27192688, 170.968521118, 171.676727295, 172.384933472, 173.104751587, 173.801361084, 174.509567261, 175.206161499, 175.914367676, 176.622589111, 177.342407227, 178.039001465, 178.747207642, 179.455413818, 180.163619995, 180.860229492, 181.55682373, 182.265029907, 182.973236084, 183.681442261, 184.389663696, 185.097869873, 185.80607605, 186.502670288, 187.199264526, 187.907485962, 188.615692139, 189.323898315, 190.032104492, 190.740310669, 191.448516846, 192.145126343, 192.85333252, 193.561538696, 194.269744873, 194.97795105, 195.674560547, 196.382766724, 197.0909729, 197.799179077, 198.507385254, 199.203994751, 199.923812866, 200.632019043, 201.34022522, 202.036819458, 202.733413696, 203.441635132, 204.149841309, 204.858047485, 205.566253662, 206.2628479, 206.959457397, 207.679275513, 208.387481689, 209.095687866, 209.792282104, 210.500488281, 211.208709717, 211.905303955, 212.601898193, 213.321716309, 214.018310547, 214.726531982, 215.434738159, 216.154556274, 216.87437439, 217.570968628, 218.267562866, 218.975784302, 219.683990479, 220.392196655, 221.100402832, 221.808609009, 222.505218506, 223.201812744, 223.910018921, 224.618225098, 225.326431274, 226.034637451, 226.742858887, 227.427841187, 228.124435425, 228.821044922, 229.529251099, 230.237457275, 230.945663452, 231.653869629, 232.362075806, 233.058685303, 233.766891479, 234.475097656, 235.183303833, 235.89151001, 236.599716187, 237.307937622, 238.016143799, 238.724349976, 239.432556152, 240.129150391, 240.837371826, 241.545578003, 242.25378418, 242.961990356, 243.670196533, 244.37840271, 245.086624146, 245.783218384, 246.479812622, 247.199630737, 247.907836914, 248.616043091, 249.324264526, 250.032470703, 250.74067688, 251.448883057, 252.145477295, 252.85369873, 253.561904907, 254.270111084, 254.978317261, 255.686523438], "beats_loudness": {"dvar2": 0.00165417755488, "var": 0.00125531316735, "min": 0, "dmean": 0.0211427975446, "mean": 0.0579829737544, "max": 0.169134929776, "dmean2": 0.0368287116289, "median": 0.0476141236722, "dvar": 0.000522980990354}, "bpm_histogram_second_peak_weight": {"dvar2": 0, "var": 0, "min": 0.175438597798, "dmean": 0, "mean": 0.175438597798, "max": 0.175438597798, "dmean2": 0, "median": 0.175438597798, "dvar": 0}, "bpm_histogram_second_peak_spread": {"dvar2": 0, "var": 0, "min": 0.326923131943, "dmean": 0, "mean": 0.326923131943, "max": 0.326923131943, "dmean2": 0, "median": 0.326923131943, "dvar": 0}, "bpm_histogram_second_peak_bpm": {"dvar2": 0, "var": 0, "min": 129, "dmean": 0, "mean": 129, "max": 129, "dmean2": 0, "median": 129, "dvar": 0}, "onset_rate": 3.53521490097}, "lowlevel": {"spectral_energyband_high": {"dvar2": 1.16490490143e-07, "var": 5.74974308165e-08, "min": 7.20751952183e-21, "dmean": 0.000113624417281, "mean": 0.000272546109045, "max": 0.0026482581161, "dmean2": 0.000201355142053, "median": 0.00025817239657, "dvar": 4.22749621976e-08}, "spectral_energyband_middle_low": {"dvar2": 0.000106774590677, "var": 0.000220203699428, "min": 1.59371094814e-22, "dmean": 0.00421209167689, "mean": 0.0139832282439, "max": 0.116272285581, "dmean2": 0.0067471396178, "median": 0.00891797989607, "dvar": 3.98448319174e-05}, "spectral_energy": {"dvar2": 0.000554038211703, "var": 0.00120994984172, "min": 9.9595736536e-21, "dmean": 0.0113422293216, "mean": 0.0549717396498, "max": 0.238301202655, "dmean2": 0.0175650529563, "median": 0.0465646833181, "dvar": 0.00021068516071}, "spectral_spread": {"dvar2": 1062424543230.0, "var": 5967340634110.0, "min": 694255.8125, "dmean": 475189.21875, "mean": 3960310.75, "max": 41827936, "dmean2": 768531.6875, "median": 3842064.25, "dvar": 484155555840}, "spectral_energyband_low": {"dvar2": 0.000243187445449, "var": 0.000513025384862, "min": 1.32320688343e-23, "dmean": 0.00845176447183, "mean": 0.0379200465977, "max": 0.171831130981, "dmean2": 0.0124790351838, "median": 0.0336476117373, "dvar": 9.67588202911e-05}, "spectral_rolloff": {"dvar2": 151813.640625, "var": 2100106.75, "min": 43.06640625, "dmean": 110.145683289, "mean": 438.780303955, "max": 19702.8808594, "dmean2": 192.993606567, "median": 236.865234375, "dvar": 66698.484375}, "barkbands": {"dvar2": [0.000243618284003, 6.42177474219e-05, 4.6389966883e-05, 2.35021307162e-05, 7.1850256063e-05, 6.5744306994e-06, 1.05281912965e-06, 3.29495514961e-06, 1.55535630597e-07, 4.82240011479e-07, 4.68028616751e-07, 3.51041336444e-07, 9.92683908407e-07, 2.13216011957e-07, 3.63010911997e-07, 4.67760429501e-07, 1.68125247058e-08, 5.50047385417e-09, 1.2930753357e-08, 1.74108706119e-07, 4.31787094968e-09, 1.39142863897e-09, 4.68233563033e-10, 5.983252227e-10, 1.42100509137e-09, 7.54956763771e-10, 6.22204857081e-11], "var": [7.37620284781e-05, 0.000185522934771, 0.000134830712341, 1.27841758513e-05, 0.000103290985862, 9.10497146833e-06, 2.16351122617e-06, 5.76146703679e-06, 2.16238177586e-07, 4.40324839701e-07, 3.56348209607e-07, 1.79104546305e-07, 4.29665107049e-07, 1.01269158392e-07, 1.37216218832e-07, 1.98620796255e-07, 6.99540736449e-09, 2.89164803213e-09, 6.81040424055e-09, 5.31088168998e-08, 2.65818855816e-09, 6.24429730145e-10, 2.11788420135e-10, 3.7132008579e-10, 7.61289919993e-10, 3.50106887925e-10, 2.18125031926e-11], "min": [3.47877364568e-24, 3.27977460765e-24, 2.7356451765e-24, 7.29829457607e-25, 6.56934529002e-24, 1.47046339083e-23, 7.23989875313e-24, 1.46428266564e-23, 2.64322156231e-23, 9.76903493579e-24, 9.36098953281e-24, 1.75337857261e-23, 3.49581248903e-23, 3.80793067043e-23, 3.82692044569e-23, 4.80255584536e-23, 1.00019787769e-22, 9.86377539501e-23, 1.61474437801e-22, 1.58376069844e-22, 2.26326642332e-22, 3.62673386434e-22, 4.81160572077e-22, 6.09978250995e-22, 9.2811987135e-22, 1.28050638536e-21, 1.95378929774e-21], "dmean": [0.00536771398038, 0.00501722842455, 0.00254143867642, 0.00109845201951, 0.00291241332889, 0.000803269038443, 0.00040234986227, 0.000815285078716, 9.9844786746e-05, 0.000160703086294, 0.000178110247361, 0.000108945205284, 0.000161319432664, 0.000109936008812, 0.000105721715954, 0.000108925451059, 4.22604243795e-05, 2.58831878455e-05, 3.64680636267e-05, 0.000113808237074, 2.2624475605e-05, 7.90966623754e-06, 4.90559068567e-06, 5.3079825193e-06, 7.6327505667e-06, 5.28430882696e-06, 1.31472120302e-06], "mean": [0.00728556187823, 0.0246299393475, 0.00710692768916, 0.00184849160723, 0.00646341452375, 0.00171835441142, 0.00104868237395, 0.00271152914502, 0.000169827544596, 0.000284949608613, 0.000383145699743, 0.000155443369295, 0.000224163755774, 0.000147225771798, 0.000163425313076, 0.000116569375677, 5.02583970956e-05, 3.75608178729e-05, 6.71150919516e-05, 0.000257563544437, 5.13759732712e-05, 1.45779213199e-05, 8.39286076371e-06, 9.1574192993e-06, 1.03786105683e-05, 6.14747023064e-06, 1.64812945513e-06], "max": [0.170878455043, 0.0905083939433, 0.108565047383, 0.0427579507232, 0.0774526596069, 0.0360487997532, 0.0140155432746, 0.0187811665237, 0.00940574146807, 0.00945145171136, 0.00855039805174, 0.00701498985291, 0.0123400967568, 0.0061598145403, 0.0101012382656, 0.00767021719366, 0.00110784417484, 0.000578861392569, 0.000953650684096, 0.00244276295416, 0.000810389348771, 0.000477712892462, 0.000186608041986, 0.00032268819632, 0.000567528011743, 0.000322688720189, 0.00011290734983], "dmean2": [0.00956082157791, 0.00643209647387, 0.00330996979028, 0.00174299569335, 0.00474951881915, 0.00134284782689, 0.000644274696242, 0.00130678818095, 0.000168126047356, 0.000264160044026, 0.000278099731077, 0.000182482006494, 0.000273060199106, 0.00018662030925, 0.000181236551725, 0.000171663821675, 7.21938122297e-05, 4.43041753897e-05, 6.26641922281e-05, 0.000208252153243, 3.85770581488e-05, 1.36818825922e-05, 8.31411580293e-06, 8.57929535414e-06, 1.18800589917e-05, 8.22162928671e-06, 2.38316874857e-06], "median": [0.00554344151169, 0.0226510241628, 0.00198315270245, 0.000742234173231, 0.00209659757093, 0.000431713240687, 0.000584007124417, 0.0028825562913, 4.28380953963e-05, 5.49177275389e-05, 0.000197653891519, 4.04585443903e-05, 5.3599695093e-05, 4.99258821947e-05, 3.79936427635e-05, 2.63948386419e-05, 2.00644626602e-05, 1.59646842803e-05, 4.44667894044e-05, 0.000264579954091, 4.03830999858e-05, 7.5226212175e-06, 3.83083624911e-06, 2.79512028101e-06, 1.65729693435e-06, 8.87631699698e-07, 8.04374735708e-08], "dvar": [7.83138093539e-05, 2.81516786345e-05, 2.42675123445e-05, 7.04978901922e-06, 2.68933308689e-05, 2.50305060945e-06, 4.77476419292e-07, 1.27977023112e-06, 6.41387174483e-08, 1.95466881792e-07, 1.61512062391e-07, 1.39119507025e-07, 3.80650362786e-07, 7.96213157628e-08, 1.26210906615e-07, 1.9809249352e-07, 6.41096109533e-09, 2.146799849e-09, 4.88983298297e-09, 5.85141428644e-08, 1.66020519554e-09, 5.28213195405e-10, 1.76979653155e-10, 2.47984882629e-10, 5.9579513545e-10, 3.11540931941e-10, 2.18745212915e-11]}, "melbands_skewness": {"dvar2": 4.48565530777, "var": 9.57507228851, "min": -0.541648566723, "dmean": 0.912922501564, "mean": 4.82737970352, "max": 25.9073066711, "dmean2": 1.44403803349, "median": 3.86063671112, "dvar": 1.75084483624}, "barkbands_skewness": {"dvar2": 1.4273430109, "var": 3.05601024628, "min": -2.32377123833, "dmean": 0.592492103577, "mean": 3.3242919445, "max": 12.2569103241, "dmean2": 0.929581224918, "median": 2.95549201965, "dvar": 0.552541971207}, "erbbands": {"dvar2": [0.181252971292, 3.31783032417, 50.565990448, 91.95337677, 367.491333008, 1439.60144043, 456.556396484, 761.671142578, 186.863189697, 879.728088379, 443.264984131, 66.5870742798, 163.729415894, 1247.11657715, 198.349655151, 559.082336426, 1682.20800781, 1670.70605469, 246.61555481, 2849.09448242, 280.014190674, 48.7297019958, 15.7453222275, 34.6614074707, 49.2074241638, 459.879394531, 31.0908966064, 7.42726135254, 2.35075068474, 0.756982445717, 0.299590379, 0.250260144472, 0.217129334807, 0.160253226757, 0.0652900263667, 0.0160404089838, 0.00299148168415, 0.000155027388246, 1.54606902925e-06, 3.36784578003e-09], "var": [0.230358064175, 11.2802000046, 137.857421875, 112.720405579, 417.327331543, 2493.19824219, 825.975280762, 862.33404541, 301.122772217, 2466.26098633, 579.209655762, 60.2092475891, 146.427749634, 1126.49182129, 169.370941162, 300.726501465, 853.411376953, 603.614807129, 204.663665771, 997.122131348, 139.014160156, 21.3699798584, 8.10639476776, 16.1474571228, 25.2709617615, 133.272125244, 14.2829828262, 3.87820100784, 0.962103664875, 0.289762496948, 0.147134378552, 0.153808400035, 0.115127056837, 0.0876495614648, 0.0356252454221, 0.00859116390347, 0.00122190127149, 4.07479274145e-05, 5.39054155979e-07, 4.94147922581e-09], "min": [1.77731056144e-22, 3.64663310156e-22, 2.1174490822e-21, 6.79006392333e-21, 1.60120921619e-20, 2.28904980053e-20, 7.14595062706e-20, 1.06652525817e-19, 1.37245548741e-19, 1.50395342336e-19, 3.5766002387e-19, 6.4215333762e-19, 6.11423164273e-19, 8.98588943486e-19, 9.99324756241e-19, 9.83371337357e-19, 1.59255708147e-18, 1.54320531478e-18, 3.35450131365e-18, 3.94839114407e-18, 4.167892205e-18, 6.33204111931e-18, 4.70906684896e-18, 6.68527246988e-18, 8.19467566931e-18, 8.14582238234e-18, 9.14068408558e-18, 9.66226116647e-18, 1.32772100153e-17, 1.16965092238e-17, 1.35033554046e-17, 1.25930596841e-17, 1.12383330553e-17, 9.84906005548e-18, 6.87241546603e-18, 4.46619214545e-18, 2.27736450436e-18, 1.02461818161e-18, 2.39855261626e-19, 2.79811969084e-20], "dmean": [0.227120444179, 1.06869864464, 3.06816673279, 2.77436685562, 5.86558437347, 13.1417093277, 6.6898226738, 6.52787876129, 4.71643829346, 13.6981916428, 9.1285161972, 2.10660600662, 3.36882090569, 6.654692173, 5.61449718475, 4.48721122742, 6.6907377243, 6.99063396454, 4.64359235764, 7.45110607147, 3.90558433533, 2.27359652519, 1.42118310928, 1.79830098152, 2.51781249046, 6.11502790451, 1.90744054317, 0.741682291031, 0.312039762735, 0.178560137749, 0.130217686296, 0.110726863146, 0.0954769253731, 0.0828757211566, 0.0523439049721, 0.0248375181109, 0.0098961731419, 0.00197606463917, 0.000214034749661, 1.95632856048e-05], "mean": [0.874962151051, 4.74291229248, 9.17540836334, 7.27218341827, 11.807434082, 29.0610485077, 16.4591007233, 12.6693735123, 11.5681552887, 57.2368354797, 24.2986621857, 3.90453743935, 5.85505199432, 13.9651441574, 12.1388530731, 7.09568023682, 10.3256645203, 9.10699367523, 8.54046916962, 8.23132419586, 4.77732133865, 2.83737754822, 2.07472014427, 2.54626345634, 5.79616355896, 12.432518959, 4.66207313538, 1.50588536263, 0.572655320168, 0.302060604095, 0.228804305196, 0.195936173201, 0.146273195744, 0.114591263235, 0.0718684643507, 0.0329243950546, 0.0102108707651, 0.00181285734288, 0.000287749018753, 7.91788916104e-05], "max": [4.12795877457, 18.8719463348, 109.144050598, 101.655265808, 190.835723877, 447.493041992, 531.482788086, 429.415374756, 185.630950928, 389.439331055, 264.197906494, 140.247787476, 188.992416382, 482.438262939, 164.643737793, 282.77444458, 653.630981445, 436.898712158, 214.187927246, 647.566162109, 368.251220703, 76.1909713745, 34.8210372925, 53.1240272522, 51.601600647, 128.323928833, 46.8269767761, 31.2299747467, 20.818479538, 9.21916770935, 5.5245013237, 9.64271450043, 8.65507602692, 6.07055950165, 3.18352770805, 1.79938066006, 0.812844634056, 0.172718390822, 0.0158534515649, 0.000736922200304], "dmean2": [0.346777498722, 1.28578495979, 3.75880455971, 4.20528888702, 9.88449764252, 21.0113811493, 11.0304403305, 11.2696828842, 7.59847307205, 22.1088790894, 14.7338495255, 3.53011035919, 5.45367240906, 11.1610889435, 8.14804649353, 7.33952569962, 11.3150215149, 12.1454896927, 7.79924583435, 12.2123403549, 6.25144433975, 3.81900429726, 2.45228672028, 3.10359096527, 4.37513113022, 11.24588871, 3.40022110939, 1.2543708086, 0.536635100842, 0.305727630854, 0.220774427056, 0.181266665459, 0.155373692513, 0.12997700274, 0.0831537842751, 0.0382274091244, 0.0155037464574, 0.00345466705039, 0.000382879021345, 3.21113475366e-05], "median": [0.861194491386, 4.12248134613, 4.73266506195, 2.93950366974, 4.62699794769, 7.96639204025, 5.85799026489, 3.23399400711, 4.56938552856, 60.4706726074, 23.6067657471, 1.90015602112, 1.66549277306, 2.2651617527, 8.26571941376, 2.76057052612, 2.52709650993, 2.73209095001, 2.44734334946, 2.04535055161, 1.46370768547, 1.16392755508, 0.897887527943, 1.11589837074, 5.24818372726, 12.2365112305, 4.64221191406, 0.887810587883, 0.321689367294, 0.163401007652, 0.101861335337, 0.0730399787426, 0.0371178649366, 0.0203272234648, 0.011291321367, 0.0049058040604, 0.00122265098616, 0.000179427152034, 4.45263431175e-05, 5.69185067434e-05], "dvar": [0.0606897287071, 1.52721345425, 26.7143859863, 33.1888580322, 134.37361145, 559.939575195, 203.292495728, 277.269836426, 78.5087738037, 352.945922852, 177.851028442, 26.220746994, 67.3011322021, 458.961639404, 76.6019821167, 224.028579712, 666.310974121, 601.621154785, 93.4650268555, 1114.20910645, 118.277893066, 18.9331150055, 5.84206151962, 13.1967201233, 17.8798522949, 153.505950928, 10.9455718994, 2.87981677055, 0.903129220009, 0.283815354109, 0.114327967167, 0.102644942701, 0.0888245776296, 0.0672390013933, 0.0273138955235, 0.00672220578417, 0.00122030510101, 5.66243688809e-05, 5.49754190615e-07, 1.20775422996e-09]}, "silence_rate_30dB": {"dvar2": 0.0857278183103, "var": 0.0846813768148, "min": 0, "dmean": 0.038053818047, "mean": 0.906595408916, "max": 1, "dmean2": 0.0761145353317, "median": 1, "dvar": 0.0366027764976}, "melbands_spread": {"dvar2": 30.6642971039, "var": 120.815635681, "min": 0.16665969789, "dmean": 2.03318572044, "mean": 7.7853345871, "max": 180.860351562, "dmean2": 3.22195601463, "median": 5.83694934845, "dvar": 12.4927911758}, "melbands_crest": {"dvar2": 17.4885444641, "var": 32.9696884155, "min": 1.25911200047, "dmean": 2.46432232857, "mean": 20.3123607635, "max": 37.8552627563, "dmean2": 3.90139484406, "median": 19.723695755, "dvar": 6.2749671936}, "zerocrossingrate": {"dvar2": 3.46585766238e-05, "var": 0.00149126537144, "min": 0.00146484375, "dmean": 0.00440501607955, "mean": 0.0241044964641, "max": 0.52490234375, "dmean2": 0.00584150012583, "median": 0.02001953125, "dvar": 2.38960401475e-05}, "barkbands_kurtosis": {"dvar2": 380.040100098, "var": 437.360443115, "min": -1.85230255127, "dmean": 6.23865127563, "mean": 18.6967105865, "max": 260.638641357, "dmean2": 9.87648582458, "median": 12.7871656418, "dvar": 143.498794556}, "spectral_flux": {"dvar2": 0.00145728723146, "var": 0.00180879875552, "min": 6.27855406554e-11, "dmean": 0.0228404775262, "mean": 0.0762966200709, "max": 0.366126269102, "dmean2": 0.0365511924028, "median": 0.0712206661701, "dvar": 0.000642322876956}, "barkbands_crest": {"dvar2": 10.6858863831, "var": 16.7545757294, "min": 3.67271018028, "dmean": 1.94523179531, "mean": 14.0900506973, "max": 24.8387031555, "dmean2": 3.14757275581, "median": 14.1573734283, "dvar": 3.96289920807}, "barkbands_flatness_db": {"dvar2": 0.00277845957316, "var": 0.00382731645368, "min": 0.0476047359407, "dmean": 0.0274617038667, "mean": 0.24371445179, "max": 0.527055978775, "dmean2": 0.0431352965534, "median": 0.238143414259, "dvar": 0.00109805655666}, "spectral_entropy": {"dvar2": 0.143143460155, "var": 0.190467774868, "min": 5.5508518219, "dmean": 0.193504750729, "mean": 7.13837337494, "max": 9.82168865204, "dmean2": 0.306728184223, "median": 7.16607046127, "dvar": 0.0574545376003}, "pitch_salience": {"dvar2": 0.0108605287969, "var": 0.0146057317033, "min": 0.084392182529, "dmean": 0.0624299906194, "mean": 0.427750110626, "max": 0.990363121033, "dmean2": 0.10163782537, "median": 0.421300143003, "dvar": 0.00395604223013}, "erbbands_spread": {"dvar2": 215.417877197, "var": 522.556335449, "min": 3.60299253464, "dmean": 8.20414352417, "mean": 44.9201965332, "max": 129.187072754, "dmean2": 13.534781456, "median": 39.9358024597, "dvar": 84.224937439}, "dynamic_complexity": 3.75509190559, "spectral_contrast_valleys": {"dvar2": [0.168153986335, 0.420472860336, 0.486251682043, 0.508680522442, 0.543133556843, 0.780223965645], "var": [2.9548470974, 3.21471810341, 3.11169481277, 3.03271555901, 2.67548060417, 2.28213620186], "min": [-27.9739551544, -27.9708271027, -27.6668510437, -27.7731189728, -27.4787521362, -27.4191150665], "dmean": [0.300461113453, 0.377979636192, 0.414880007505, 0.408290088177, 0.35487678647, 0.374544769526], "mean": [-6.49171257019, -7.0641708374, -8.1423997879, -8.39129924774, -8.14377212524, -11.4810352325], "max": [-4.96278476715, -4.6479883194, -5.74547624588, -6.08817434311, -6.27400541306, -8.68306064606], "dmean2": [0.485105752945, 0.629801690578, 0.690342903137, 0.670492470264, 0.586228311062, 0.613394260406], "median": [-6.20779895782, -6.76936340332, -7.88855838776, -8.10186100006, -7.86513710022, -11.2082548141], "dvar": [0.0700631663203, 0.156617537141, 0.194434195757, 0.214477568865, 0.217341303825, 0.301549851894]}, "hfc": {"dvar2": 28.2038593292, "var": 58.3836784363, "min": 1.08850093087e-16, "dmean": 2.43983387947, "mean": 11.0156164169, "max": 65.0047988892, "dmean2": 3.91739296913, "median": 9.2956237793, "dvar": 11.5561265945}, "spectral_kurtosis": {"dvar2": 149.436782837, "var": 102.654304504, "min": -1.24839007854, "dmean": 3.35519170761, "mean": 6.22405004501, "max": 118.765586853, "dmean2": 5.68698453903, "median": 3.71785449982, "dvar": 57.1428451538}, "mfcc": {"mean": [-711.290466309, 160.395095825, 16.9708595276, 56.5272865295, 2.22027587891, 13.8466119766, 19.3632011414, -6.81283473969, 3.30775690079, 14.2098302841, -2.51124358177, 10.054444313, 12.0994691849], "cov": [[9235.8671875, 1011.81433105, -168.614425659, -58.0707435608, -297.152496338, -119.0209198, -113.666305542, -327.285003662, -157.25894165, 27.0971298218, 67.3902435303, 157.615310669, 25.3146724701], [1011.81433105, 1382.77160645, -330.780090332, -289.650390625, 105.750862122, 121.390785217, -14.1524658203, 55.4391975403, 21.4914684296, -88.7714538574, -131.885681152, -115.968902588, -63.3652191162], [-168.614425659, -330.780090332, 1028.14160156, 236.421905518, -187.755996704, -253.727355957, 58.3384742737, -91.5677185059, -75.2614212036, 1.60115075111, -59.3149108887, 17.3817081451, 97.4506988525], [-58.0707435608, -289.650390625, 236.421905518, 890.58013916, -210.80696106, -65.1395797729, 115.332359314, -76.8474121094, -7.84439134598, 149.088577271, 4.49754714966, 116.227554321, 89.2434844971], [-297.152496338, 105.750862122, -187.755996704, -210.80696106, 339.126586914, 104.610862732, -83.0461273193, 57.212348938, 56.5426864624, -56.3158187866, -11.2565879822, -79.570022583, -66.3825454712], [-119.0209198, 121.390785217, -253.727355957, -65.1395797729, 104.610862732, 215.542221069, 24.7004375458, 17.3147525787, 15.1284542084, -2.69893169403, 19.5196647644, -38.7489280701, -62.7618980408], [-113.666305542, -14.1524658203, 58.3384742737, 115.332359314, -83.0461273193, 24.7004375458, 126.873695374, 5.05686044693, -23.1554775238, 24.3334293365, 5.24018001556, 10.7623281479, 3.09773159027], [-327.285003662, 55.4391975403, -91.5677185059, -76.8474121094, 57.212348938, 17.3147525787, 5.05686044693, 125.46182251, 37.7048301697, -41.8403091431, -22.4249649048, -35.8227653503, -34.036857605], [-157.25894165, 21.4914684296, -75.2614212036, -7.84439134598, 56.5426864624, 15.1284542084, -23.1554775238, 37.7048301697, 72.4840087891, 11.572842598, -15.7104387283, -16.2819042206, 1.6356266737], [27.0971298218, -88.7714538574, 1.60115075111, 149.088577271, -56.3158187866, -2.69893169403, 24.3334293365, -41.8403091431, 11.572842598, 98.9231185913, 42.5120048523, 52.0379447937, 38.3874168396], [67.3902435303, -131.885681152, -59.3149108887, 4.49754714966, -11.2565879822, 19.5196647644, 5.24018001556, -22.4249649048, -15.7104387283, 42.5120048523, 112.47127533, 59.7771873474, 2.18113088608], [157.615310669, -115.968902588, 17.3817081451, 116.227554321, -79.570022583, -38.7489280701, 10.7623281479, -35.8227653503, -16.2819042206, 52.0379447937, 59.7771873474, 113.990058899, 53.735824585], [25.3146724701, -63.3652191162, 97.4506988525, 89.2434844971, -66.3825454712, -62.7618980408, 3.09773159027, -34.036857605, 1.6356266737, 38.3874168396, 2.18113088608, 53.735824585, 98.609085083]], "icov": [[0.000151686297613, -0.000150744192069, 4.45290497737e-05, -8.60854379425e-06, 0.00012743024854, 0.000143082012073, 0.000140650488902, 0.000420442753239, 2.09872050618e-05, 0.000128928222694, -0.000128809755552, -0.000187197176274, 0.000199857182452], [-0.000150744192069, 0.00115759903565, 0.000299547216855, 0.000285374902887, -0.000105988285213, -0.000387194624636, -0.000379529519705, -0.0002568338532, 0.000273343815934, -0.000175640918314, 0.00163688336033, 0.000168444123119, -0.000230412711971], [4.45290497737e-05, 0.000299547216855, 0.00195087853353, -0.000219043795369, -0.000183689582627, 0.00209006783552, -0.00127812440041, 0.00130220514257, 0.000915061798878, 0.000725032354239, 0.000547001953237, 0.00117131206207, -0.000800238922238], [-8.60854379425e-06, 0.000285374902887, -0.000219043795369, 0.0020576340612, 0.000174867644091, -0.000134679168696, -0.00109529320616, 0.000158581722644, -0.000177482404979, -0.00261207181029, 0.00216675829142, -0.00178836949635, 0.000607416557614], [0.00012743024854, -0.000105988285213, -0.000183689582627, 0.000174867644091, 0.00607809238136, -0.00247114314698, 0.00345862284303, -0.00024899240816, -0.00311984540895, 0.00192052416969, -0.00160733400844, 0.00179827411193, 0.000606463989243], [0.000143082012073, -0.000387194624636, 0.00209006783552, -0.000134679168696, -0.00247114314698, 0.0102539621294, -0.00475032348186, 0.00307946745306, -0.000732827698812, -0.000186289296835, -0.00172751303762, 0.0019098414341, 0.00292795244604], [0.000140650488902, -0.000379529519705, -0.00127812440041, -0.00109529320616, 0.00345862284303, -0.00475032348186, 0.0145905781537, -0.00525370938703, 0.00551560381427, -0.00379939936101, -0.000164046243299, 0.00124120363034, -0.000277700746665], [0.000420442753239, -0.0002568338532, 0.00130220514257, 0.000158581722644, -0.00024899240816, 0.00307946745306, -0.00525370938703, 0.0164614934474, -0.0102200806141, 0.00846332777292, -0.00104569189716, -0.00103842106182, 0.00339986779727], [2.09872050618e-05, 0.000273343815934, 0.000915061798878, -0.000177482404979, -0.00311984540895, -0.000732827698812, 0.00551560381427, -0.0102200806141, 0.0283465068787, -0.0126536497846, 0.00554501079023, 0.00300216535106, -0.00414392724633], [0.000128928222694, -0.000175640918314, 0.000725032354239, -0.00261207181029, 0.00192052416969, -0.000186289296835, -0.00379939936101, 0.00846332777292, -0.0126536497846, 0.0267838276923, -0.00893343519419, -0.0011168490164, -0.0036940947175], [-0.000128809755552, 0.00163688336033, 0.000547001953237, 0.00216675829142, -0.00160733400844, -0.00172751303762, -0.000164046243299, -0.00104569189716, 0.00554501079023, -0.00893343519419, 0.0208373628557, -0.0108240768313, 0.00486929016188], [-0.000187197176274, 0.000168444123119, 0.00117131206207, -0.00178836949635, 0.00179827411193, 0.0019098414341, 0.00124120363034, -0.00103842106182, 0.00300216535106, -0.0011168490164, -0.0108240768313, 0.0233907587826, -0.0094761364162], [0.000199857182452, -0.000230412711971, -0.000800238922238, 0.000607416557614, 0.000606463989243, 0.00292795244604, -0.000277700746665, 0.00339986779727, -0.00414392724633, -0.0036940947175, 0.00486929016188, -0.0094761364162, 0.0201998837292]]}, "silence_rate_20dB": {"dvar2": 0, "var": 0, "min": 1, "dmean": 0, "mean": 1, "max": 1, "dmean2": 0, "median": 1, "dvar": 0}, "melbands_kurtosis": {"dvar2": 4350.09570312, "var": 5004.109375, "min": -1.55233228207, "dmean": 17.2915554047, "mean": 49.9552230835, "max": 1011.38140869, "dmean2": 27.4623985291, "median": 26.4840354919, "dvar": 1652.62463379}, "barkbands_spread": {"dvar2": 24.7231731415, "var": 43.1587905884, "min": 0.330160021782, "dmean": 2.32468748093, "mean": 9.07180690765, "max": 120.677070618, "dmean2": 3.68798780441, "median": 7.70934391022, "dvar": 10.1032962799}, "erbbands_skewness": {"dvar2": 0.43313395977, "var": 0.866359591484, "min": -4.01836156845, "dmean": 0.384129792452, "mean": 0.691052854061, "max": 5.24676895142, "dmean2": 0.622403085232, "median": 0.842475712299, "dvar": 0.174965173006}, "average_loudness": 0.888591647148, "spectral_centroid": {"dvar2": 139245.09375, "var": 604603, "min": 116.297142029, "dmean": 196.092010498, "mean": 995.028991699, "max": 11706.9316406, "dmean2": 316.637359619, "median": 865.342163086, "dvar": 60624.9726562}, "dissonance": {"dvar2": 0.000956903037149, "var": 0.000699086580426, "min": 0.0490960590541, "dmean": 0.0185785200447, "mean": 0.460906714201, "max": 0.499997258186, "dmean2": 0.0317585468292, "median": 0.465876102448, "dvar": 0.000338731333613}, "erbbands_flatness_db": {"dvar2": 0.00150978134479, "var": 0.00176379841287, "min": 0.0359733812511, "dmean": 0.0198206286877, "mean": 0.179283469915, "max": 0.360839486122, "dmean2": 0.0314747206867, "median": 0.174882352352, "dvar": 0.000596032710746}, "spectral_strongpeak": {"dvar2": 0.218702509999, "var": 0.129449233413, "min": 0, "dmean": 0.177588000894, "mean": 0.292657107115, "max": 3.17460131645, "dmean2": 0.315507054329, "median": 0.202728807926, "dvar": 0.0831573456526}, "spectral_rms": {"dvar2": 1.49633365254e-06, "var": 6.13467773292e-06, "min": 3.11715518848e-12, "dmean": 0.000711089232937, "mean": 0.00689174327999, "max": 0.0152475889772, "dmean2": 0.00109134067316, "median": 0.00674010068178, "dvar": 5.76223158077e-07}, "silence_rate_60dB": {"dvar2": 0.00217148917727, "var": 0.0475084446371, "min": 0, "dmean": 0.000906043336727, "mean": 0.0500090606511, "max": 1, "dmean2": 0.00181225081906, "median": 0, "dvar": 0.000905241351575}, "melbands": {"dvar2": [1.09062311822e-05, 8.63020068209e-06, 3.50833101948e-06, 5.20892035638e-06, 6.37799246306e-07, 3.09645088237e-07, 4.72663650442e-08, 1.42153794513e-07, 2.18236255733e-08, 2.97583491182e-09, 5.07342923228e-09, 1.98248724104e-08, 3.32717631224e-09, 2.03091254924e-09, 5.17594012095e-09, 1.58863677768e-08, 4.72593475465e-09, 5.60721136189e-10, 2.50566678517e-09, 3.9849354927e-09, 3.16665860201e-10, 6.05502870066e-11, 2.24859401932e-11, 1.71861604809e-11, 2.77301931417e-11, 1.86822883552e-11, 6.76360634166e-11, 2.79253370428e-10, 2.1766215566e-11, 3.15310993461e-12, 2.3223692934e-12, 7.76874929404e-13, 4.28163391243e-13, 2.33317163333e-13, 1.33208439938e-13, 6.06098355641e-14, 1.27760879675e-13, 8.45250518883e-14, 1.590304494e-13, 1.17188160217e-13], "var": [1.55224843184e-05, 2.7724834581e-05, 4.281762358e-06, 7.02477836967e-06, 1.14205761292e-06, 3.63610496379e-07, 8.27541839499e-08, 3.50786820036e-07, 3.0119792882e-08, 1.97326932572e-09, 4.15381062879e-09, 1.84664905589e-08, 2.74871170269e-09, 9.72149694078e-10, 3.5869356374e-09, 5.32706323497e-09, 1.80016768159e-09, 4.49545317638e-10, 9.32425803235e-10, 1.68863112382e-09, 1.49636622537e-10, 2.49175385186e-11, 9.72862675835e-12, 8.06233465406e-12, 1.20328859723e-11, 9.55906968164e-12, 2.69944622211e-11, 8.01686217411e-11, 9.26648688337e-12, 1.71019643759e-12, 1.20295190909e-12, 3.50734008893e-13, 1.52553168123e-13, 9.51531808533e-14, 6.3406406319e-14, 3.34720620632e-14, 7.81574715429e-14, 4.36709960458e-14, 8.9540977714e-14, 5.8445876448e-14], "min": [1.68343528541e-24, 8.38780516341e-25, 1.22016892882e-24, 1.41940314601e-24, 2.34360477522e-24, 2.63886042368e-24, 2.20366006177e-24, 1.99482885863e-24, 2.3447340296e-24, 4.01613977786e-24, 2.54329722198e-24, 3.29847633034e-24, 2.3225390336e-24, 2.15680310451e-24, 2.69297056254e-24, 3.43130433514e-24, 2.51861908907e-24, 4.20717585669e-24, 4.12542028463e-24, 3.77017965293e-24, 4.61922748977e-24, 5.20305161281e-24, 4.48796024628e-24, 4.29031982395e-24, 3.96742603924e-24, 5.38484263627e-24, 4.44373788723e-24, 5.10100101624e-24, 6.63963634655e-24, 3.33282688403e-24, 5.36861931732e-24, 6.34338870549e-24, 6.57700079067e-24, 5.01228256339e-24, 5.92633687757e-24, 7.08374610353e-24, 6.99331582252e-24, 6.43095068825e-24, 6.78201627361e-24, 7.44269043718e-24], "dmean": [0.00182120304089, 0.00143790070433, 0.000523347523995, 0.000735928711947, 0.000284411216853, 0.000144681165693, 7.64793949202e-05, 0.000173427295522, 6.20021455688e-05, 1.2970905118e-05, 1.81491559488e-05, 2.72963570751e-05, 1.94607418962e-05, 1.14568356366e-05, 1.43276802191e-05, 1.81019386218e-05, 1.25287524497e-05, 7.51461311665e-06, 8.82540916791e-06, 9.25856693357e-06, 4.11204155171e-06, 2.46916488322e-06, 1.63442018675e-06, 1.35693653647e-06, 1.57196041073e-06, 1.40253894187e-06, 2.71184603662e-06, 5.02593456986e-06, 1.69688621554e-06, 5.76715763145e-07, 3.93703970758e-07, 1.90701172187e-07, 1.29566657847e-07, 1.02208552732e-07, 8.64995968186e-08, 6.06347327903e-08, 7.58706022452e-08, 6.06363315114e-08, 8.20663785817e-08, 6.71054039003e-08], "mean": [0.0075870831497, 0.00560069363564, 0.00134992785752, 0.00159430480562, 0.000689023931045, 0.00028628486325, 0.000184438977158, 0.000681522360537, 0.000146710503031, 1.91224207811e-05, 2.94920610031e-05, 5.60253756703e-05, 4.21006370743e-05, 1.99603327928e-05, 2.21674799832e-05, 2.2790636649e-05, 1.57128761202e-05, 1.28508991111e-05, 1.21252423924e-05, 9.44226212596e-06, 4.88150772071e-06, 2.94164692605e-06, 2.0617849259e-06, 1.85355588656e-06, 2.01051011572e-06, 2.71185490419e-06, 5.86821715842e-06, 9.5684945336e-06, 3.62754281014e-06, 1.16016565244e-06, 7.19057368315e-07, 3.37017524998e-07, 2.04408010518e-07, 1.59653140486e-07, 1.4117642877e-07, 1.05622952162e-07, 1.29345693267e-07, 9.38459123745e-08, 1.12446116418e-07, 8.98807002159e-08], "max": [0.0304925721139, 0.0417146831751, 0.0199355874211, 0.020139362663, 0.0183857418597, 0.00858935620636, 0.00302099226974, 0.00452324608341, 0.00260022026487, 0.000738850154448, 0.00104802777059, 0.00192612153478, 0.000624510808848, 0.00046629094868, 0.00094044173602, 0.0014284189092, 0.000760107999668, 0.000315652752761, 0.000775971391704, 0.000699125404935, 0.000438439805293, 7.81242561061e-05, 4.43937642558e-05, 3.56791024387e-05, 4.85441560159e-05, 4.00220051233e-05, 5.51002594875e-05, 9.4316295872e-05, 4.57145397377e-05, 2.59329954133e-05, 1.83357806236e-05, 1.18030684462e-05, 8.25612551125e-06, 4.93982588523e-06, 4.65900984636e-06, 3.61607089872e-06, 8.01890564617e-06, 5.63462344871e-06, 5.36815105079e-06, 6.16683473709e-06], "dmean2": [0.00273384689353, 0.0017455345951, 0.000820992863737, 0.0011985298479, 0.000472080108011, 0.000247078511165, 0.000122063895105, 0.000279232655885, 9.90960252238e-05, 2.22700455197e-05, 2.95087957056e-05, 4.56998131995e-05, 2.95279769489e-05, 1.80133683898e-05, 2.34662711591e-05, 3.19000791933e-05, 2.17390570469e-05, 1.26049008031e-05, 1.48753297253e-05, 1.47278087752e-05, 6.68709708407e-06, 4.2115721044e-06, 2.82246674033e-06, 2.32950014833e-06, 2.72361171483e-06, 2.41331326833e-06, 4.76265040561e-06, 9.24095184018e-06, 2.99999123854e-06, 9.86023792393e-07, 6.71800705732e-07, 3.3031361113e-07, 2.22616691303e-07, 1.74733060021e-07, 1.46505783505e-07, 1.03654834049e-07, 1.24293222825e-07, 1.00348358956e-07, 1.31432145167e-07, 1.06485948947e-07], "median": [0.00729848677292, 0.00418814457953, 0.000569440831896, 0.000479672686197, 0.000258234940702, 7.23210978322e-05, 6.55744515825e-05, 0.000723481061868, 0.000126517494209, 5.84989356867e-06, 7.69470716477e-06, 7.61854607845e-06, 2.55750837823e-05, 1.22246101455e-05, 4.63972310172e-06, 5.49861306354e-06, 4.12125518778e-06, 3.76784123546e-06, 2.81142865788e-06, 1.89101660908e-06, 1.48065601024e-06, 1.16655473903e-06, 8.36594267639e-07, 7.89081241237e-07, 7.88687657405e-07, 2.0140757897e-06, 5.50524100618e-06, 9.29197449295e-06, 3.54815006176e-06, 7.96409040049e-07, 3.52580940444e-07, 1.69990642007e-07, 1.09641405288e-07, 7.59982015097e-08, 5.91503308556e-