{"metadata": {"tags": {"label": ["BEC Recordings"], "releasecountry": ["US"], "musicbrainz_releasetrackid": ["7482c64b-ea96-35b6-98b1-a52f76fc8f50"], "catalognumber": ["BED7430"], "releasestatus": ["official"], "releasetype": ["album", "compilation"], "originalyear": ["1999"], "tracknumber": ["5"], "disctotal": ["1"], "musicbrainz_albumartistid": ["89ad4ac3-39f7-470e-963a-56509c546377"], "album": ["Happy Christmas, Volume 2"], "script": ["Latn"], "albumartistsort": ["Various Artists"], "acoustid_id": ["1dab6009-6d43-4a19-961f-2637acbeb02d"], "musicbrainz_artistid": ["272f6030-10e3-4ae4-9b18-be95c8b2f7bb"], "musicbrainz_releasegroupid": ["40dc866e-2559-3ab2-9e47-6e993d57cfb7"], "musicbrainz_recordingid": ["1b4cf2f9-5c3a-43bf-b168-e186ed62d47f"], "albumartist": ["Various Artists"], "barcode": ["637761743022"], "originaldate": ["1999-10-19"], "totaltracks": ["16"], "artist": ["Hangnail"], "musicbrainz_albumid": ["7c28274c-5f3a-4f91-8917-713b25ec1601"], "artistsort": ["Hangnail"], "title": ["O Little Town of Bethlehem"], "asin": ["B00002CF19"], "tracktotal": ["16"], "totaldiscs": ["1"], "compilation": ["1"], "date": ["1999-10-19"], "media": ["CD"], "file_name": "60096d434a19961f2637acbeb02d.flac", "discnumber": ["1"]}, "audio_properties": {"sample_rate": 44100, "downmix": "mix", "lossless": true, "analysis_sample_rate": 44100, "md5_encoded": "2922dc2f89ba0577e079dfbe9834f0ea", "equal_loudness": 0, "replay_gain": -14.9287528992, "codec": "flac", "bit_rate": 0, "length": 97.1066665649}, "version": {"extractor": "music 1.0", "essentia_build_sha": "2d9f1f26377add8aeb1075a9c2973f962c4f09fd", "essentia_git_sha": "v2.1_beta2-1-ge3940c0", "essentia": "2.1-beta2"}}, "rhythm": {"beats_loudness_band_ratio": {"dvar2": [0.0629984363914, 0.0161946639419, 0.0260718464851, 0.0122962594032, 0.0347827002406, 0.0046668802388], "var": [0.0306767765433, 0.00740373972803, 0.00867208652198, 0.00468054646626, 0.0138478372246, 0.0034395842813], "min": [0, 0, 0, 0, 0, 0], "dmean": [0.183974206448, 0.0788503661752, 0.0887236893177, 0.0678135976195, 0.096477240324, 0.0528842657804], "mean": [0.371027618647, 0.111105374992, 0.128045022488, 0.0894062817097, 0.175147980452, 0.13502599299], "max": [0.790799796581, 0.361078292131, 0.503537118435, 0.350435227156, 0.860756158829, 0.303933769464], "dmean2": [0.33014947176, 0.1437869519, 0.153353229165, 0.121267475188, 0.17202834785, 0.0873471051455], "median": [0.370098352432, 0.0978824943304, 0.11927189678, 0.0718624517322, 0.152710855007, 0.132785454392], "dvar": [0.0204952117056, 0.00547706196085, 0.00792804826051, 0.00390515266918, 0.0125459227711, 0.00143692188431]}, "bpm_histogram_first_peak_weight": {"dvar2": 0, "var": 0, "min": 0.215189874172, "dmean": 0, "mean": 0.215189874172, "max": 0.215189874172, "dmean2": 0, "median": 0.215189874172, "dvar": 0}, "bpm": 93.4850463867, "beats_count": 159, "bpm_histogram_first_peak_spread": {"dvar2": 0, "var": 0, "min": 0.68224298954, "dmean": 0, "mean": 0.68224298954, "max": 0.68224298954, "dmean2": 0, "median": 0.68224298954, "dvar": 0}, "danceability": 1.02652204037, "bpm_histogram_first_peak_bpm": {"dvar2": 0, "var": 0, "min": 94, "dmean": 0, "mean": 94, "max": 94, "dmean2": 0, "median": 94, "dvar": 0}, "beats_position": [0.638548731804, 1.27709746361, 1.92725622654, 2.58902478218, 3.27401351929, 3.95900225639, 4.62077093124, 5.2941493988, 5.97913837433, 6.66412687302, 7.3491153717, 8.01088428497, 8.66104316711, 9.29959201813, 9.93814086914, 10.5882987976, 11.2152376175, 11.8421764374, 12.4691152573, 13.0960540771, 13.7346029282, 14.3731517792, 15.0000905991, 15.6270294189, 16.2539672852, 16.8809070587, 17.5078449249, 18.1347846985, 18.7733325958, 19.4118824005, 20.0504302979, 20.6889801025, 21.3275279999, 21.9776859283, 22.6278457642, 23.2780036926, 23.9281635284, 24.5667114258, 25.2168693542, 25.8670291901, 26.5171871185, 27.1673469543, 27.8058948517, 28.4444446564, 29.0946025848, 29.7331504822, 30.3717002869, 31.0218582153, 31.6720180511, 32.2989578247, 32.9375038147, 33.5760536194, 34.2029914856, 34.8299331665, 35.480091095, 36.1070289612, 36.7571868896, 37.3841247559, 38.0110664368, 38.638004303, 39.2649421692, 39.8918800354, 40.5188217163, 41.1457595825, 41.7726974487, 42.3996353149, 43.0149650574, 43.6302947998, 44.257232666, 44.8841705322, 45.5111083984, 46.1612701416, 46.7882080078, 47.4383659363, 48.0885238647, 48.7386856079, 49.3656234741, 50.0041732788, 50.6543312073, 51.2928771973, 51.931427002, 52.5815849304, 53.2201347351, 53.8702926636, 54.4972343445, 55.1473922729, 55.8091583252, 56.4709281921, 57.1326980591, 57.7828559875, 58.4214057922, 59.0715637207, 59.7101135254, 60.3486595154, 60.9988212585, 61.6373672485, 62.2875289917, 62.9260749817, 63.5646247864, 64.2031707764, 64.8417205811, 65.5034942627, 66.1768722534, 66.8502502441, 67.5236282349, 68.1970062256, 68.8703842163, 69.543762207, 70.2055282593, 70.8673019409, 71.5174560547, 72.1792297363, 72.817779541, 73.4447174072, 74.094871521, 74.7334213257, 75.3719711304, 76.0105209351, 76.6490707397, 77.2643966675, 77.7520141602, 78.2512435913, 78.738861084, 79.2264862061, 79.7141036987, 80.2249450684, 80.7241744995, 81.2233963013, 81.7110214233, 82.2102508545, 82.7094802856, 83.2087097168, 83.7079315186, 84.1955566406, 84.6831741333, 85.170791626, 85.6584091187, 86.1460266113, 86.6336517334, 87.1212692261, 87.5972747803, 88.0848999023, 88.5841217041, 89.0717468262, 89.5709762573, 90.0702056885, 90.5578231812, 91.0338287354, 91.521446228, 92.0090713501, 92.4850769043, 92.9494781494, 93.4138793945, 93.8666687012, 94.3542861938, 94.853515625, 95.3527450562, 95.8519744873, 96.3511962891], "beats_loudness": {"dvar2": 0.000192513762158, "var": 0.000107579719042, "min": 0, "dmean": 0.00915893726051, "mean": 0.0322131253779, "max": 0.0575813241303, "dmean2": 0.0160263571888, "median": 0.0330156721175, "dvar": 6.26342152827e-05}, "bpm_histogram_second_peak_weight": {"dvar2": 0, "var": 0, "min": 0.113924048841, "dmean": 0, "mean": 0.113924048841, "max": 0.113924048841, "dmean2": 0, "median": 0.113924048841, "dvar": 0}, "bpm_histogram_second_peak_spread": {"dvar2": 0, "var": 0, "min": 0.485714286566, "dmean": 0, "mean": 0.485714286566, "max": 0.485714286566, "dmean2": 0, "median": 0.485714286566, "dvar": 0}, "bpm_histogram_second_peak_bpm": {"dvar2": 0, "var": 0, "min": 123, "dmean": 0, "mean": 123, "max": 123, "dmean2": 0, "median": 123, "dvar": 0}, "onset_rate": 3.33576750755}, "lowlevel": {"spectral_energyband_high": {"dvar2": 1.38270911521e-06, "var": 3.09896881845e-06, "min": 7.01167077931e-21, "dmean": 0.000584631459787, "mean": 0.0022071574349, "max": 0.011321965605, "dmean2": 0.000866163114551, "median": 0.00172478461172, "dvar": 6.32851993032e-07}, "spectral_energyband_middle_low": {"dvar2": 4.21003715019e-05, "var": 2.17560773308e-05, "min": 1.53125184467e-22, "dmean": 0.00260007823817, "mean": 0.00569421239197, "max": 0.0377668775618, "dmean2": 0.00426197424531, "median": 0.0046179080382, "dvar": 1.6260682969e-05}, "spectral_energy": {"dvar2": 0.000215661202674, "var": 0.000169274862856, "min": 9.87636122268e-21, "dmean": 0.00725934235379, "mean": 0.029385311529, "max": 0.0780375674367, "dmean2": 0.0118012502789, "median": 0.0296433959156, "dvar": 8.33844314911e-05}, "spectral_spread": {"dvar2": 1324965822460.0, "var": 46362808811500.0, "min": 1015040.1875, "dmean": 586859.0625, "mean": 6218672, "max": 42618452, "dmean2": 864440.0625, "median": 4950019, "dvar": 756063731712}, "spectral_energyband_low": {"dvar2": 0.000183273587027, "var": 9.13725816645e-05, "min": 1.49823587009e-23, "dmean": 0.00544026400894, "mean": 0.0129692507908, "max": 0.0572900809348, "dmean2": 0.0092659778893, "median": 0.0112112537026, "dvar": 6.64524995955e-05}, "spectral_rolloff": {"dvar2": 2232750, "var": 11814714, "min": 107.666015625, "dmean": 637.450805664, "mean": 3530.34301758, "max": 19875.1464844, "dmean2": 1068.00061035, "median": 2971.58203125, "dvar": 1030196.75}, "barkbands": {"dvar2": [1.6054899632e-08, 6.63942701067e-05, 5.45078073628e-05, 6.50210358799e-06, 4.98907093061e-06, 2.58389604824e-06, 4.55141889688e-06, 5.92776314079e-06, 1.41100827022e-06, 4.89622777877e-07, 8.90106718998e-07, 8.82528411239e-07, 9.28499389374e-07, 3.42203429682e-06, 1.5844364043e-06, 3.78055801775e-06, 2.48896412813e-06, 6.07449180734e-07, 9.72956854639e-07, 2.54683470757e-07, 9.87702648558e-08, 6.61607302277e-08, 1.32342265147e-07, 2.55248295389e-07, 7.78911370958e-08, 5.90325406336e-08, 1.71371148383e-08], "var": [8.2404154611e-09, 2.84070483758e-05, 2.44853144977e-05, 2.22259495786e-06, 2.34558547163e-06, 1.33130617996e-06, 2.20560559683e-06, 2.64132359007e-06, 8.53990059113e-07, 2.80981595324e-07, 5.13131965363e-07, 8.650869745e-07, 8.40640211663e-07, 4.6095219659e-06, 1.52128393438e-06, 2.70718419415e-06, 2.47676575782e-06, 6.07446906997e-07, 1.22087260479e-06, 3.4379996805e-07, 1.4811081428e-07, 1.2440021635e-07, 1.39497387863e-07, 1.63221358207e-07, 6.54071854456e-08, 5.25964054532e-08, 1.01590185153e-08], "min": [1.55612859205e-25, 3.25398615301e-24, 9.47966951448e-25, 4.44069426464e-25, 9.0709569324e-24, 8.5777461061e-24, 2.67613055158e-24, 5.35804503132e-24, 2.06733748205e-23, 1.75170950071e-23, 7.94707468934e-24, 1.79273610535e-23, 2.45038987828e-23, 3.01793569877e-23, 3.06600225591e-23, 4.09208972809e-23, 7.47248240035e-23, 9.27245725114e-23, 1.3960374252e-22, 1.3931374463e-22, 2.0690093623e-22, 3.26485395838e-22, 3.65899663453e-22, 5.69317759854e-22, 8.57906454511e-22, 1.36031214886e-21, 1.84700262326e-21], "dmean": [3.27747948177e-05, 0.00302607449703, 0.00279574026354, 0.000968826876488, 0.000846945797093, 0.000434939167462, 0.000568808172829, 0.000523535534739, 0.000336209923262, 0.000222483286052, 0.000227490789257, 0.000275266647805, 0.000286336638965, 0.000676711206324, 0.000486322445795, 0.000663026061375, 0.000728664046619, 0.00040635096957, 0.000555741949938, 0.000252917729085, 0.000158125418238, 0.000113325950224, 0.000120896045701, 0.000125192324049, 9.71412446233e-05, 0.000102069621789, 5.07335898874e-05], "mean": [3.64763291145e-05, 0.00634723994881, 0.00573359569535, 0.00135776586831, 0.00140023895074, 0.000649482419249, 0.000828073709272, 0.000721207121387, 0.000556396262255, 0.000342090293998, 0.000347375607817, 0.000449693470728, 0.000492420222145, 0.00135888566729, 0.00093048857525, 0.00130333041307, 0.0016044548247, 0.000950809509959, 0.00139841332566, 0.00065572449239, 0.000461271498352, 0.000322591862641, 0.000306958914734, 0.000279059371678, 0.000225089199375, 0.000182756150025, 0.000142541583045], "max": [0.00133592402562, 0.0391957946122, 0.0370376035571, 0.0158995073289, 0.0154734840617, 0.0169931873679, 0.0245720557868, 0.0207020770758, 0.0129526089877, 0.0066995844245, 0.00997931696475, 0.0111278230324, 0.0147604076192, 0.0191554948688, 0.0123807843775, 0.0357987731695, 0.0180598180741, 0.00899449829012, 0.00862155202776, 0.00499553512782, 0.00325855310075, 0.00315745430999, 0.005945910234, 0.00645992951468, 0.00325641687959, 0.00191011966672, 0.000949211709667], "dmean2": [5.07514341734e-05, 0.00520062958822, 0.00481187459081, 0.00167196220718, 0.00142968818545, 0.000729802879505, 0.000926885870285, 0.000875195953995, 0.00053071876755, 0.000352369243046, 0.000377126707463, 0.000419026851887, 0.000437371170847, 0.00105517997872, 0.000774246349465, 0.00108211790211, 0.00115772546269, 0.000656104588415, 0.000870352669153, 0.00040215314948, 0.000252597412327, 0.000175617824425, 0.000187332829228, 0.000196619264898, 0.000152534310473, 0.000157500995556, 8.16688407212e-05], "median": [1.22388164527e-05, 0.00562101043761, 0.00458556367084, 0.000953506678343, 0.000932653609198, 0.000245799368713, 0.000318161241012, 9.94372167042e-05, 0.000251932855463, 0.00016616639914, 0.000120659882668, 0.000126895814901, 0.000179100461537, 0.000587025540881, 0.000459188508103, 0.000856835395098, 0.00119293818716, 0.000781714101322, 0.00115136487875, 0.000496552092955, 0.000375904579414, 0.000207338802284, 0.000170465980773, 0.000169914681464, 0.000153692963067, 9.567514644e-05, 0.000108606778667], "dvar": [7.1595569473e-09, 2.35046118178e-05, 1.92460774997e-05, 2.30250520872e-06, 1.86831675819e-06, 9.85333940662e-07, 1.7890347408e-06, 2.22066069e-06, 5.70295981106e-07, 1.96040232936e-07, 3.2725219512e-07, 3.96402356273e-07, 4.0610930796e-07, 1.43548629694e-06, 6.55727887988e-07, 1.58139800988e-06, 1.02034073279e-06, 2.53390851412e-07, 4.17669298258e-07, 1.1030715541e-07, 3.87979532945e-08, 2.84304029208e-08, 5.43052678381e-08, 1.02168705496e-07, 3.14174712912e-08, 2.41577708948e-08, 6.88004586635e-09]}, "melbands_skewness": {"dvar2": 1.96775519848, "var": 3.11780405045, "min": -6.12440633774, "dmean": 0.716740489006, "mean": 2.29005098343, "max": 14.95033741, "dmean2": 1.11495661736, "median": 1.9841401577, "dvar": 0.914985835552}, "barkbands_skewness": {"dvar2": 0.757322490215, "var": 1.43595898151, "min": -5.1855802536, "dmean": 0.457713484764, "mean": 0.654916703701, "max": 11.0916032791, "dmean2": 0.709248840809, "median": 0.54427587986, "dvar": 0.360563546419}, "erbbands": {"dvar2": [0.0119772152975, 5.19362878799, 69.3519515991, 70.2521743774, 53.2796592712, 66.0441894531, 100.443122864, 233.244720459, 652.23840332, 2306.984375, 1458.11914063, 846.631408691, 579.455505371, 708.553222656, 1097.60314941, 1512.81335449, 2045.09228516, 8672.77734375, 3916.45483398, 5823.72949219, 10587.0556641, 5268.23535156, 805.998413086, 3733.85839844, 1550.65686035, 489.331085205, 301.829437256, 131.410400391, 98.6597290039, 106.576652527, 122.641113281, 86.5234527588, 86.2610549927, 19.4316577911, 2.25679659843, 0.906998872757, 0.260905444622, 0.0307761933655, 0.000441691896413, 8.7129228632e-07], "var": [0.00487458892167, 2.34095573425, 39.1570472717, 21.7813510895, 25.8682041168, 25.302652359, 77.519203186, 99.2789993286, 260.793670654, 1041.72460938, 1009.83520508, 506.724182129, 411.956726074, 327.69354248, 624.256958008, 1601.41845703, 1776.58374023, 12090.71875, 3822.01513672, 5431.70019531, 9400.21875, 5626.18115234, 1031.16711426, 4242.63769531, 2198.60595703, 725.951538086, 397.536895752, 210.549484253, 162.187850952, 157.771224976, 93.5031967163, 53.5084495544, 56.9702682495, 14.9807157516, 1.99636268616, 0.759192049503, 0.217449724674, 0.0175992567092, 0.00029742665356, 6.35740434518e-07], "min": [6.25398954457e-23, 6.09982794834e-22, 3.13696897811e-21, 6.62603618891e-21, 1.39790841647e-20, 2.68110546123e-20, 2.56461726679e-20, 8.83414418546e-20, 5.6548845484e-20, 9.39604474439e-20, 2.31296527225e-19, 4.5020250926e-19, 5.9728344228e-19, 6.26150494694e-19, 7.39852208455e-19, 8.75167117646e-19, 1.64978908767e-18, 1.56144516427e-18, 1.83352916617e-18, 2.16428374475e-18, 3.54830911078e-18, 4.52086506163e-18, 4.8614376537e-18, 5.82675039751e-18, 8.38981336608e-18, 8.16888665936e-18, 8.68506638674e-18, 9.065983886e-18, 1.08071709513e-17, 9.44139897983e-18, 9.04895306437e-18, 1.2002303007e-17, 9.74933764237e-18, 7.76293205731e-18, 6.28490505929e-18, 3.69224722276e-18, 1.91885057161e-18, 9.13778150881e-19, 2.35435454667e-19, 2.46386085207e-20], "dmean": [0.0368641763926, 0.854718744755, 3.24937653542, 3.01318359375, 3.12436437607, 2.66825675964, 3.43259119987, 3.55778574944, 6.25742053986, 12.1846342087, 9.0370464325, 7.39498138428, 8.57700061798, 6.45552015305, 8.46392917633, 11.8448896408, 12.7081127167, 31.8737640381, 22.5843353271, 29.6823120117, 38.0243530273, 35.3200111389, 16.027097702, 32.1981201172, 21.8042011261, 11.3601045609, 7.21374511719, 6.0052189827, 3.99474620819, 4.04607057571, 3.18359065056, 2.43412518501, 2.32448983192, 1.3250887394, 0.605770349503, 0.38234987855, 0.207043930888, 0.0659112632275, 0.00844276696444, 0.000383326725569], "mean": [0.0681591629982, 1.83005023003, 7.2276506424, 5.02203035355, 4.9027428627, 3.91407203674, 4.84758520126, 5.0662946701, 8.29221820831, 17.4947967529, 14.5286130905, 12.7045183182, 14.5788602829, 9.92196559906, 13.9876728058, 20.7100811005, 24.9048042297, 66.4197692871, 47.0670928955, 62.1492614746, 85.9319839478, 82.8331985474, 44.9129371643, 77.9754333496, 58.0604133606, 31.818403244, 20.1789169312, 17.5933189392, 11.3606147766, 10.4764070511, 7.98484659195, 5.55012559891, 4.92138767242, 2.82165026665, 1.40657281876, 0.737745881081, 0.353810489178, 0.110640652478, 0.0329847671092, 0.000870379677508], "max": [0.625648617744, 10.5585508347, 39.8159828186, 49.9820747375, 47.1435699463, 56.9587364197, 156.433197021, 169.125442505, 264.285491943, 379.580688477, 349.608001709, 378.20300293, 239.334823608, 347.502838135, 357.427764893, 505.274902344, 789.667419434, 1000.94586182, 672.601928711, 852.99420166, 1657.01098633, 766.530761719, 340.440368652, 549.887756348, 454.928619385, 286.655517578, 156.793685913, 135.247833252, 141.879837036, 142.463623047, 215.219970703, 119.547813416, 116.147109985, 52.1554718018, 14.4193143845, 7.2899479866, 4.09445428848, 1.07282149792, 0.207812428474, 0.0079063558951], "dmean2": [0.0616496093571, 1.47177171707, 5.55980205536, 5.20021104813, 5.22846364975, 4.59269618988, 5.81648635864, 5.94471979141, 10.3646268845, 20.0852832794, 14.7615346909, 11.7464170456, 13.3340854645, 10.5445184708, 13.8326311111, 17.9538116455, 19.2591133118, 49.2031288147, 35.4891548157, 47.2465744019, 61.5730552673, 56.4879875183, 25.4613895416, 50.9478225708, 33.5874061584, 17.9872379303, 11.657409668, 9.67381095886, 6.1681804657, 6.25039243698, 4.92492389679, 3.81031322479, 3.67210674286, 2.10052609444, 0.956537663937, 0.594829916954, 0.324094414711, 0.104674734175, 0.013734173961, 0.000597261765506], "median": [0.0480026453733, 1.58647763729, 5.57332897186, 4.04308128357, 3.39905834198, 2.28569221497, 1.87851190567, 1.75259375572, 3.30285072327, 5.13888072968, 3.09036135674, 5.87420797348, 7.98352909088, 4.53672981262, 5.92818975449, 6.64394044876, 10.9212627411, 27.8534393311, 26.5661125183, 38.4291305542, 60.5277175903, 65.3015975952, 39.7439804077, 62.9508285522, 47.1550979614, 25.7191791534, 14.46043396, 14.4176597595, 7.34981060028, 6.47478675842, 4.57659053802, 3.56922769547, 2.71617269516, 1.75628948212, 1.03060233593, 0.440996646881, 0.166744858027, 0.0534440204501, 0.0294098220766, 0.00050698267296], "dvar": [0.00433375686407, 1.85434937477, 25.0907497406, 24.5502223969, 20.3172893524, 24.3100852966, 40.2524032593, 87.2410583496, 248.506469727, 888.742492676, 572.971984863, 344.450897217, 240.628250122, 272.570739746, 410.377319336, 686.851196289, 868.121826172, 3618.33886719, 1618.61669922, 2451.13110352, 4476.70263672, 2186.67797852, 347.915222168, 1552.31811523, 714.915222168, 214.676071167, 119.887176514, 53.5106124878, 41.3873252869, 47.5507049561, 47.5001678467, 34.2095947266, 34.5163192749, 7.8996591568, 0.886370241642, 0.354825019836, 0.105744570494, 0.0123461019248, 0.00017703413323, 3.67878755014e-07]}, "silence_rate_30dB": {"dvar2": 0, "var": 0, "min": 1, "dmean": 0, "mean": 1, "max": 1, "dmean2": 0, "median": 1, "dvar": 0}, "melbands_spread": {"dvar2": 370.038818359, "var": 754.121520996, "min": 0.647502601147, "dmean": 11.3657579422, "mean": 50.4751739502, "max": 157.432907104, "dmean2": 18.4306049347, "median": 47.2115478516, "dvar": 147.364227295}, "melbands_crest": {"dvar2": 26.5362167358, "var": 44.5059318542, "min": 1.55449295044, "dmean": 2.95538973808, "mean": 15.8783893585, "max": 30.9788665771, "dmean2": 4.80622148514, "median": 16.2494182587, "dvar": 10.8026599884}, "zerocrossingrate": {"dvar2": 0.000379442470148, "var": 0.00714696431533, "min": 0.01611328125, "dmean": 0.0132600516081, "mean": 0.123433157802, "max": 0.69873046875, "dmean2": 0.0167416725308, "median": 0.10498046875, "dvar": 0.000241469577304}, "barkbands_kurtosis": {"dvar2": 58.9960594177, "var": 54.6288414001, "min": -1.95346045494, "dmean": 1.61625218391, "mean": 0.785196840763, "max": 151.820373535, "dmean2": 2.46998023987, "median": -0.868782401085, "dvar": 30.4173412323}, "spectral_flux": {"dvar2": 0.00104009360075, "var": 0.00150978285819, "min": 6.31197941137e-11, "dmean": 0.0216226466, "mean": 0.0863912925124, "max": 0.226488575339, "dmean2": 0.0318535640836, "median": 0.0799510627985, "dvar": 0.000538435240742}, "barkbands_crest": {"dvar2": 9.63562488556, "var": 7.47795534134, "min": 2.25761818886, "dmean": 1.7720490694, "mean": 7.55349445343, "max": 23.5357398987, "dmean2": 2.91864991188, "median": 7.08813667297, "dvar": 3.57906341553}, "barkbands_flatness_db": {"dvar2": 0.000705811951775, "var": 0.00107440305874, "min": 0.0208117924631, "dmean": 0.0160804260522, "mean": 0.0831939578056, "max": 0.325389832258, "dmean2": 0.0247687511146, "median": 0.0774925798178, "dvar": 0.000327138433931}, "spectral_entropy": {"dvar2": 0.0300142690539, "var": 0.184633865952, "min": 6.38127183914, "dmean": 0.104479581118, "mean": 7.98561859131, "max": 9.8224697113, "dmean2": 0.152326017618, "median": 7.94620513916, "dvar": 0.0157592631876}, "pitch_salience": {"dvar2": 0.0111161647364, "var": 0.01432555262, "min": 0.0891563072801, "dmean": 0.0657675564289, "mean": 0.520675778389, "max": 0.997864246368, "dmean2": 0.104933299124, "median": 0.511007785797, "dvar": 0.0043777548708}, "erbbands_spread": {"dvar2": 190.700668335, "var": 285.67401123, "min": 0.744587421417, "dmean": 7.34582185745, "mean": 35.4341621399, "max": 167.074066162, "dmean2": 11.4733724594, "median": 33.142791748, "dvar": 83.4444122314}, "dynamic_complexity": 1.42960107327, "spectral_contrast_valleys": {"dvar2": [0.325387328863, 0.385307013988, 0.294942349195, 0.22358506918, 0.168396681547, 0.17734785378], "var": [15.192527771, 15.0924510956, 14.444234848, 14.9016180038, 15.5850334167, 12.1206264496], "min": [-28.3120574951, -28.1019554138, -27.8132629395, -27.808172226, -27.5766239166, -27.4237689972], "dmean": [0.390307456255, 0.411864280701, 0.347526878119, 0.282501071692, 0.211017042398, 0.237689822912], "mean": [-7.79644680023, -7.8276386261, -8.14264678955, -7.86015176773, -7.36983728409, -9.90766239166], "max": [-5.40476417542, -4.8758263588, -4.95725917816, -5.68571329117, -5.70837020874, -7.66328907013], "dmean2": [0.636579871178, 0.659739434719, 0.543093025684, 0.432030946016, 0.314870893955, 0.334902852774], "median": [-6.99368572235, -7.14523124695, -7.41241836548, -7.05710315704, -6.48167324066, -9.12399578094], "dvar": [0.155388534069, 0.194188296795, 0.16047860682, 0.136624380946, 0.115947395563, 0.11009606719]}, "hfc": {"dvar2": 183.529174805, "var": 428.082702637, "min": 1.08571803059e-16, "dmean": 8.20546722412, "mean": 41.6165542603, "max": 162.742874146, "dmean2": 12.2373256683, "median": 42.7626342773, "dvar": 81.8095779419}, "spectral_kurtosis": {"dvar2": 2.82042622566, "var": 4.46939754486, "min": -1.26032292843, "dmean": 0.882242798805, "mean": 4.29238653183, "max": 30.4462623596, "dmean2": 1.41645562649, "median": 4.26487922668, "dvar": 1.12192869186}, "mfcc": {"mean": [-609.456237793, 74.2805709839, -10.5594577789, 38.0314216614, 23.7152137756, 7.88330554962, 4.49195337296, 8.24149894714, 5.63911771774, 9.02770137787, 4.15408611298, 0.118662334979, -1.5325909853], "cov": [[13300.3320313, 1347.82653809, -321.637756348, 647.434631348, 335.626525879, 151.693328857, 92.9827194214, 173.640136719, 143.627288818, 218.636474609, 125.432746887, 33.5643157959, 4.83508205414], [1347.82653809, 747.290405273, -116.901321411, 164.714660645, 8.00089740753, -40.545085907, -1.90687692165, 16.0559902191, -65.8062820435, 22.16447258, 7.44496250153, 11.7397642136, 8.92138195038], [-321.637756348, -116.901321411, 489.543823242, -65.4426651001, 25.265542984, -31.452299118, 14.1429328918, 32.0453338623, -34.8573799133, -7.70199346542, -22.4105415344, -11.6573572159, 13.8721494675], [647.434631348, 164.714660645, -65.4426651001, 251.354446411, 124.565582275, 43.4342727661, -25.1292514801, -1.39011418819, 52.1214141846, 8.78722381592, -2.4464867115, -11.4816675186, -15.5139808655], [335.626525879, 8.00089740753, 25.265542984, 124.565582275, 231.017669678, 51.3095016479, -15.5235176086, -2.18485450745, 45.7606277466, 10.512471199, -7.73345041275, -20.9395370483, -33.0670318604], [151.693328857, -40.545085907, -31.452299118, 43.4342727661, 51.3095016479, 125.135353088, 49.2574157715, 5.95529842377, 44.8179359436, 3.3885602951, 16.7346630096, 2.60379457474, -19.1284122467], [92.9827194214, -1.90687692165, 14.1429328918, -25.1292514801, -15.5235176086, 49.2574157715, 136.233581543, 55.3568916321, 6.56717014313, 3.58222413063, 17.9572467804, 10.5377168655, 9.35247898102], [173.640136719, 16.0559902191, 32.0453338623, -1.39011418819, -2.18485450745, 5.95529842377, 55.3568916321, 89.8676147461, 17.3139286041, 17.918844223, 3.70195102692, 5.54478120804, 14.8486385345], [143.627288818, -65.8062820435, -34.8573799133, 52.1214141846, 45.7606277466, 44.8179359436, 6.56717014313, 17.3139286041, 112.934570313, 17.7642192841, 13.9544734955, -3.21492505074, -15.1011447906], [218.636474609, 22.16447258, -7.70199346542, 8.78722381592, 10.512471199, 3.3885602951, 3.58222413063, 17.918844223, 17.7642192841, 75.5023803711, 28.4855098724, 4.64573001862, -1.16790747643], [125.432746887, 7.44496250153, -22.4105415344, -2.4464867115, -7.73345041275, 16.7346630096, 17.9572467804, 3.70195102692, 13.9544734955, 28.4855098724, 58.6226119995, 19.8245944977, 1.39049768448], [33.5643157959, 11.7397642136, -11.6573572159, -11.4816675186, -20.9395370483, 2.60379457474, 10.5377168655, 5.54478120804, -3.21492505074, 4.64573001862, 19.8245944977, 50.2057266235, 19.2707481384], [4.83508205414, 8.92138195038, 13.8721494675, -15.5139808655, -33.0670318604, -19.1284122467, 9.35247898102, 14.8486385345, -15.1011447906, -1.16790747643, 1.39049768448, 19.2707481384, 56.4058532715]], "icov": [[0.000105726518086, -0.000171485167812, 1.25742262753e-05, -8.94988043001e-05, -7.38633680157e-05, -7.78547255322e-05, -2.51516757999e-06, -0.000112149951747, -8.60075742821e-05, -0.000150745123392, -9.16736462386e-05, 1.24177113321e-05, -7.75416701799e-05], [-0.000171485167812, 0.00242532603443, 0.000410775566706, -0.00198287074454, 0.000511415710207, 0.00112077675294, -0.000501581758726, -0.000465218501631, 0.00226917327382, -0.000370108900825, -0.000138249131851, -0.000513695122208, 0.00064898020355], [1.25742262753e-05, 0.000410775566706, 0.00248305150308, 0.000467500300147, -0.000919157988392, 0.000576294783968, -0.000126222570543, -0.00112002470996, 0.00100300845224, 2.14756018977e-05, 0.000331747200107, 0.000423640391091, -0.000459710194264], [-8.94988043001e-05, -0.00198287074454, 0.000467500300147, 0.00840006768703, -0.00335191935301, -0.00197755824775, 0.00198713317513, -6.85399500071e-05, -0.00311929825693, 0.00083591719158, 0.000536425737664, 0.000970678578597, -0.00159304100089], [-7.38633680157e-05, 0.000511415710207, -0.000919157988392, -0.00335191935301, 0.0073061697185, -0.00172827974893, 0.000687333580572, -5.44649956282e-05, -0.000288213370368, -0.000951209338382, 0.00111306773033, 0.000622742518317, 0.00248992815614], [-7.78547255322e-05, 0.00112077675294, 0.000576294783968, -0.00197755824775, -0.00172827974893, 0.014094970189, -0.00655422126874, 0.00276864832267, -0.00265603209846, 0.000788909790572, -0.00147175742313, -0.00181168038398, 0.00322887324728], [-2.51516757999e-06, -0.000501581758726, -0.000126222570543, 0.00198713317513, 0.000687333580572, -0.00655422126874, 0.0139161804691, -0.00845041498542, 0.00150998833124, 0.00231387512758, -0.00338735547848, 0.00077763950685, -0.000975461502094], [-0.000112149951747, -0.000465218501631, -0.00112002470996, -6.85399500071e-05, -5.44649956282e-05, 0.00276864832267, -0.00845041498542, 0.0189727451652, -0.00420985743403, -0.00434995116666, 0.00388206983916, -0.000662161386572, -0.00343321543187], [-8.60075742821e-05, 0.00226917327382, 0.00100300845224, -0.00311929825693, -0.000288213370368, -0.00265603209846, 0.00150998833124, -0.00420985743403, 0.0145644228905, -0.00142268138006, -0.00227328273468, 0.000353622803232, 0.00213704560883], [-0.000150745123392, -0.000370108900825, 2.14756018977e-05, 0.00083591719158, -0.000951209338382, 0.000788909790572, 0.00231387512758, -0.00434995116666, -0.00142268138006, 0.0186003446579, -0.00969090964645, 0.00180355866905, 0.000394412403693], [-9.16736462386e-05, -0.000138249131851, 0.000331747200107, 0.000536425737664, 0.00111306773033, -0.00147175742313, -0.00338735547848, 0.00388206983916, -0.00227328273468, -0.00969090964645, 0.0271941330284, -0.00946267042309, 0.00154202012345], [1.24177113321e-05, -0.000513695122208, 0.000423640391091, 0.000970678578597, 0.000622742518317, -0.00181168038398, 0.00077763950685, -0.000662161386572, 0.000353622803232, 0.00180355866905, -0.00946267042309, 0.0276808030903, -0.00905266590416], [-7.75416701799e-05, 0.00064898020355, -0.000459710194264, -0.00159304100089, 0.00248992815614, 0.00322887324728, -0.000975461502094, -0.00343321543187, 0.00213704560883, 0.000394412403693, 0.00154202012345, -0.00905266590416, 0.0245628263801]]}, "silence_rate_20dB": {"dvar2": 0, "var": 0, "min": 1, "dmean": 0, "mean": 1, "max": 1, "dmean2": 0, "median": 1, "dvar": 0}, "melbands_kurtosis": {"dvar2": 548.696899414, "var": 601.419555664, "min": -1.69553697109, "dmean": 6.19726324081, "mean": 9.03449249268, "max": 377.9765625, "dmean2": 9.39556980133, "median": 3.18695735931, "dvar": 290.006835938}, "barkbands_spread": {"dvar2": 150.681518555, "var": 198.022842407, "min": 1.71094310284, "dmean": 7.10992670059, "mean": 45.2163619995, "max": 128.328323364, "dmean2": 11.1829319, "median": 45.7728271484, "dvar": 64.2329406738}, "erbbands_skewness": {"dvar2": 0.22115150094, "var": 0.352616548538, "min": -2.91099977493, "dmean": 0.299401372671, "mean": -0.702390789986, "max": 3.07625055313, "dmean2": 0.457202881575, "median": -0.715298712254, "dvar": 0.0971668288112}, "average_loudness": 0.971814930439, "spectral_centroid": {"dvar2": 185642.15625, "var": 2893270.75, "min": 211.510543823, "dmean": 241.004577637, "mean": 2662.09399414, "max": 11877.1113281, "dmean2": 380.597564697, "median": 2456.12744141, "dvar": 87214.4296875}, "dissonance": {"dvar2": 0.000192505307496, "var": 0.000139718176797, "min": 0.359392523766, "dmean": 0.00725463684648, "mean": 0.486847013235, "max": 0.499999880791, "dmean2": 0.0122842648998, "median": 0.489862620831, "dvar": 7.34672867111e-05}, "erbbands_flatness_db": {"dvar2": 0.000419029529439, "var": 0.000970861874521, "min": 0.0417852289975, "dmean": 0.0141085265204, "mean": 0.118599496782, "max": 0.431668817997, "dmean2": 0.0213321577758, "median": 0.114290721714, "dvar": 0.000195175103727}, "spectral_strongpeak": {"dvar2": 3.73773670197, "var": 2.05298471451, "min": 0, "dmean": 0.499569684267, "mean": 0.822083115578, "max": 11.4141435623, "dmean2": 0.892614424229, "median": 0.417746692896, "dvar": 1.45695912838}, "spectral_rms": {"dvar2": 1.39956432577e-06, "var": 2.24530481319e-06, "min": 3.10410616482e-12, "dmean": 0.000636732089333, "mean": 0.00514035718516, "max": 0.0087254922837, "dmean2": 0.00101613788866, "median": 0.00537776760757, "dvar": 5.59839975267e-07}, "silence_rate_60dB": {"dvar2": 0.00333956535906, "var": 0.0402953960001, "min": 0, "dmean": 0.0014343772782, "mean": 0.0420650094748, "max": 1, "dmean2": 0.00286944047548, "median": 0, "dvar": 0.00143228471279}, "melbands": {"dvar2": [2.49691834142e-06, 1.4233640286e-05, 1.81472762506e-06, 2.88145599825e-07, 1.06550629653e-07, 1.15287654978e-07, 1.56973285925e-07, 3.02877054992e-07, 7.15700707588e-08, 3.34897052312e-08, 1.47022465313e-08, 1.11268709801e-08, 1.63942264209e-08, 1.17141985001e-08, 9.91259785366e-09, 1.24329133655e-08, 4.09530365175e-08, 1.30403661203e-08, 7.13514847206e-09, 1.98681888719e-08, 1.82581398889e-08, 1.04689696911e-08, 1.15524534383e-09, 1.45455236744e-09, 3.32073923914e-09, 1.45036438415e-09, 5.09870812238e-10, 2.78222445083e-10, 2.31146740637e-10, 1.05134331796e-10, 4.98393201709e-11, 4.26089198646e-11, 3.10423492467e-11, 5.16748241419e-11, 5.19867031368e-11, 3.25180542216e-11, 5.05514033411e-11, 6.06951572335e-11, 3.42740696935e-11, 9.64430098283e-12], "var": [9.95936375148e-07, 7.87901262811e-06, 5.88604166296e-07, 1.25730139189e-07, 7.10492216172e-08, 5.03620292136e-08, 6.6627954709e-08, 1.22465834806e-07, 5.50688135093e-08, 1.98575555999e-08, 1.02508748157e-08, 5.03741270919e-09, 1.01824593202e-08, 8.27808843695e-09, 1.20557812622e-08, 1.32523716445e-08, 5.59902986197e-08, 1.20660734737e-08, 6.00919047855e-09, 1.29579351693e-08, 1.57189745664e-08, 1.0222586333e-08, 1.30609434379e-09, 1.38366706981e-09, 3.57282980978e-09, 1.73042502549e-09, 8.29075530451e-10, 3.82422177259e-10, 2.41312442251e-10, 1.19180235125e-10, 6.4251944043e-11, 6.03843294811e-11, 4.10784462002e-11, 6.20124368522e-11, 3.55564119814e-11, 2.33300271463e-11, 2.49720712858e-11, 3.533007914e-11, 2.21355225816e-11, 7.63567854778e-12], "min": [8.78151085007e-25, 1.57574492501e-24, 1.62860777617e-24, 1.14147236213e-24, 9.39431279239e-25, 2.0351151962e-24, 6.74583950693e-25, 7.28546424649e-25, 2.06747486218e-24, 2.70278675321e-24, 2.82358541806e-24, 2.12454204614e-24, 1.50420993344e-24, 1.76526540483e-24, 1.89031464945e-24, 2.1769930133e-24, 2.39593938539e-24, 2.78529529301e-24, 2.12025675649e-24, 2.84379840103e-24, 3.49359673652e-24, 3.71852188541e-24, 3.98986873756e-24, 3.05031114197e-24, 4.10214021045e-24, 4.9999002082e-24, 4.87312631642e-24, 4.09313457436e-24, 3.97233985382e-24, 3.06690266174e-24, 4.65439293677e-24, 5.65406232499e-24, 4.73741739161e-24, 5.32887058846e-24, 4.72345376472e-24, 5.45058038765e-24, 5.3267935177e-24, 5.76985803397e-24, 5.43514750733e-24, 5.33869861205e-24], "dmean": [0.000575411482714, 0.00148848525714, 0.000501631351653, 0.000203235875233, 0.000116137329314, 8.2628124801e-05, 0.00010119054059, 0.000134042973514, 6.77116477164e-05, 4.80694216094e-05, 4.27663289884e-05, 2.57339488599e-05, 3.10669638566e-05, 2.8557384212e-05, 3.04500681523e-05, 3.43697392964e-05, 6.69839646434e-05, 4.14123605879e-05, 3.23431413563e-05, 4.78023648611e-05, 5.08260563947e-05, 4.68748185085e-05, 1.81724280992e-05, 1.94377043954e-05, 2.96620364679e-05, 2.02081155294e-05, 1.17675444926e-05, 7.95664072939e-06, 5.47586842004e-06, 4.88244359076e-06, 3.62070022675e-06, 2.65232438323e-06, 2.14606779991e-06, 2.65819221568e-06, 2.08474557439e-06, 1.69565589658e-06, 1.64432765359e-06, 1.85313626844e-06, 1.58374291459e-06, 9.90578655546e-07], "mean": [0.00116744311526, 0.00342736160383, 0.000902772415429, 0.000319944432704, 0.000164652883541, 0.000117880830658, 0.000140120930155, 0.000186203571502, 0.000108137777715, 8.09804550954e-05, 7.10177555447e-05, 3.7064521166e-05, 4.90479105792e-05, 4.53657630715e-05, 5.40585206181e-05, 6.08925620327e-05, 0.000134712958243, 7.78780959081e-05, 6.24571111985e-05, 9.33825722313e-05, 0.000105051840364, 9.99547846732e-05, 4.13327579736e-05, 4.49676699645e-05, 6.60010118736e-05, 4.82033101434e-05, 3.01243362628e-05, 1.89833735931e-05, 1.25634387587e-05, 1.20182321552e-05, 9.42275983107e-06, 6.75360661262e-06, 5.20274670635e-06, 6.16469787929e-06, 4.7635357987e-06, 3.747341907e-06, 3.28961687046e-06, 3.62923287867e-06, 2.99744738186e-06, 2.09918152905e-06], "max": [0.00785994902253, 0.01731220074, 0.00791654922068, 0.00394514156505, 0.00408432167023, 0.00369188119657, 0.00435808533803, 0.00438141217455, 0.00232346751727, 0.00227244826965, 0.00120015896391, 0.00133479491342, 0.00145942287054, 0.00166177365463, 0.00120311172213, 0.00186582177412, 0.00229711201973, 0.00103583221789, 0.000811607169453, 0.0024293763563, 0.00217792391777, 0.00103905342985, 0.00034431257518, 0.000637737219222, 0.000503285322338, 0.000359402736649, 0.00027306197444, 0.000268608651822, 0.000133747598738, 0.000127726147184, 5.95745950704e-05, 7.132824976e-05, 7.17268994777e-05, 9.27678629523e-05, 0.000141910772072, 6.89082808094e-05, 0.000112316651212, 0.00010367413779, 6.07756737736e-05, 4.0369333874e-05], "dmean2": [0.000982222496532, 0.00254081166349, 0.000861633394379, 0.000342012383044, 0.000197712157387, 0.000138360759593, 0.000166083744261, 0.00022259283287, 0.000108564767288, 7.65224176575e-05, 6.67298227199e-05, 4.2043182475e-05, 5.12022597832e-05, 4.40180192527e-05, 4.62127463834e-05, 5.16792279086e-05, 0.000104028564238, 6.49730500299e-05, 5.16923428222e-05, 7.7555741882e-05, 8.19972556201e-05, 7.52955675125e-05, 2.88997362077e-05, 3.10200848617e-05, 4.72611318401e-05, 3.15236684401e-05, 1.83292522706e-05, 1.2751693248e-05, 8.931994671e-06, 7.88305260357e-06, 5.91954631091e-06, 4.17814999309e-06, 3.39166922458e-06, 4.18901117882e-06, 3.27119664689e-06, 2.67205678028e-06, 2.61586410488e-06, 2.95914924209e-06, 2.53810480899e-06, 1.57787803801e-06], "median": [0.00103952572681, 0.00278521561995, 0.000747913029045, 0.000214085797779, 7.07506987965e-05, 4.08651103498e-05, 5.84880326642e-05, 5.28804521309e-05, 1.99133246497e-05, 3.73382390535e-05, 3.75972667825e-05, 1.58848542924e-05, 1.81730465556e-05, 1.43439947351e-05, 1.70078892552e-05, 2.0676478016e-05, 5.25938594365e-05, 3.98705669795e-05, 3.40703336406e-05, 5.95094643359e-05, 6.92762841936e-05, 7.37739610486e-05, 3.27402012772e-05, 3.68834007531e-05, 4.9929600209e-05, 3.67905377061e-05, 2.19336434384e-05, 1.39052244776e-05, 7.61019964557e-06, 9.57296742854e-06, 7.47446574678e-06, 4.2681595005e-06, 3.09686902256e-06, 3.63714389096e-06, 2.71407520813e-06, 2.17881392928e-06, 2.12443319469e-06, 1.96544988285e-06, 1.58214947987e-06, 1.36704647957e-06], "dvar": [8.83890550085e-07, 5.18325077792e-06, 6.36958077394e-07, 1.07630398816e-07, 4.13833980417e-08, 4.33088374052e-08, 6.02595946475e-08, 1.14553614594e-07, 2.87087384976e-08, 1.35441791116e-08, 6.07935302099e-09, 4.30555013864e-09, 6.05225602968e-09, 4.94635310488e-09, 4.66785898823e-09, 5.69914648807e-09, 1.70089080598e-08, 5.39263522725e-09, 2.91432344923e-09, 7.85137643788e-09, 7.66485808157e-09, 4.31208668772e-09, 5.15314735328e-10, 6.05846983692e-10, 1.3722444292e-09, 6.62626842285e-10, 2.35306885088e-10, 1.24608282026e-10, 9.20663822956e-11, 4.15988112012e-11, 1.9463807302e-11, 1.71956719697e-11, 1.34077081035e-11, 2.20531249512e-11, 1.97940778351e-11, 1.25700899342e-11, 1.95344747322e-11, 2.37851786877e-11, 1.34129781934e-11, 3.9215315023e-12]}, "spectral_skewness": {"dvar2": 0.0534386411309, "var": 0.157980471849, "min": -0.0820538252592, "dmean": 0.139205247164, "mean": 1.40920472145, "max": 3.83970451355, "dmean2": 0.221751332283, "median": 1.44349193573, "dvar": 0.0231230147183}, "melbands_flatness_db": {"dvar2": 0.00148198532406, "var": 0.00323619018309, "min": 0.00290726870298, "dmean": 0.0225897151977, "mean": 0.143285810947, "max": 0.450750857592, "dmean2": 0.0349725522101, "median": 0.140235587955, "dvar": 0.000662405858748}, "spectral_decrease": {"dvar2": 1.47183555114e-17, "var": 1.00474593254e-17, "min": -1.9206305879e-08, "dmean": 1.82883230782e-09, "mean": -6.78563871759e-09, "max": 4.79645880305e-12, "dmean2": 2.99478752908e-09, "median": -6.69488109395e-09, "dvar": 5.57588926519e-18}, "erbbands_crest": {"dvar2": 9.23829078674, "var": 11.6594810486, "min": 2.56250452995, "dmean": 1.93797421455, "mean": 7.7939825058, "max": 26.1334438324, "dmean2": 3.13275885582, "median": 7.08259868622, "dvar": 3.81699037552}, "gfcc": {"mean": [19.0268325806, 30.0865020752, -97.5509872437, 38.7160797119, -20.6182250977, 6.13359689713, -27.2281608582, 10.0429258347, -14.4768218994, -0.656169056892, -16.9529094696, -6.92475128174, -16.8830909729], "cov": [[56613.0273438, 1312.45703125, -4735.97265625, 1747.5, -1212.46313477, 456.94631958, -1360.04748535, 615.539489746, -780.845092773, 89.9476394653, -849.807128906, -258.353637695, -851.112060547], [1312.45703125, 563.167724609, -197.898178101, -0.148860827088, -14.2605457306, -157.93711853, 29.7263717651, -60.8147277832, 30.9113578796, -58.6737060547, 57.4349861145, -44.5404777527, -23.1848087311], [-4735.97265625, -197.898178101, 891.485595703, -112.092033386, 63.5687141418, 35.5270080566, 25.4673557281, 4.57402992249, -4.78280687332, -12.3872241974, 30.9896564484, 54.6746177673, 42.1111488342], [1747.5, -0.148860827088, -112.092033386, 270.424987793, 42.4697227478, 50.1917152405, -59.4992752075, 15.597492218, 15.9843492508, -10.1594762802, -56.4690208435, -26.2379436493, 10.124308