{"tonal": {"thpcp": [1, 0.723811626434, 0.599296152592, 0.374507248402, 0.177615448833, 0.204508945346, 0.205941557884, 0.223580092192, 0.434314966202, 0.533289372921, 0.420607566833, 0.384551852942, 0.335314452648, 0.371886909008, 0.670033693314, 0.691014707088, 0.379539579153, 0.231260374188, 0.225873202085, 0.311040848494, 0.592130720615, 0.654230177402, 0.431772440672, 0.453942000866, 0.463016867638, 0.313540250063, 0.243588328362, 0.201381295919, 0.206961110234, 0.330290198326, 0.381815612316, 0.277290970087, 0.186113148928, 0.182954266667, 0.33772495389, 0.828576624393], "hpcp": {"dmean2": [0.320525735617, 0.306503653526, 0.244134828448, 0.177329450846, 0.17135463655, 0.226466044784, 0.291910082102, 0.305241882801, 0.254278421402, 0.236449092627, 0.230595469475, 0.204490765929, 0.177372723818, 0.149173185229, 0.145466923714, 0.188016176224, 0.207883343101, 0.186971187592, 0.151186823845, 0.157071322203, 0.226950526237, 0.334947913885, 0.355621486902, 0.351557970047, 0.360629439354, 0.23413656652, 0.132718354464, 0.130543082952, 0.137412726879, 0.158156186342, 0.233827188611, 0.28282636404, 0.274152010679, 0.265346944332, 0.252477884293, 0.279039949179], "median": [0.0668057128787, 0.0781530886889, 0.0498775839806, 0.0184702128172, 0.0124830389395, 0.0332912690938, 0.0926775112748, 0.104632951319, 0.0663018226624, 0.0290873423219, 0.029681282118, 0.0372111536562, 0.0272790249437, 0.0233139283955, 0.0264890436083, 0.036027751863, 0.0306120663881, 0.0261912792921, 0.0162200871855, 0.0131469098851, 0.0411081984639, 0.157241001725, 0.191033780575, 0.142130300403, 0.0498513877392, 0.0300879478455, 0.0163177959621, 0.0180046390742, 0.017889495939, 0.0276872124523, 0.0404441654682, 0.0407254099846, 0.0504696890712, 0.0373763255775, 0.0342918001115, 0.0396634675562], "min": [0, 0, 0, 0, 0, 0, 0, 0, 0, 0, 0, 0, 0, 0, 0, 0, 0, 0, 0, 0, 0, 0, 0, 0, 0, 0, 0, 0, 0, 0, 0, 0, 0, 0, 0, 0], "dvar2": [0.152904838324, 0.143371865153, 0.122417464852, 0.102059490979, 0.105640724301, 0.118772804737, 0.120862685144, 0.127423092723, 0.110410086811, 0.121598191559, 0.118133328855, 0.105135388672, 0.089932769537, 0.0714019164443, 0.0679103285074, 0.0900036767125, 0.108741939068, 0.0935944840312, 0.0773946195841, 0.0853659436107, 0.098403736949, 0.119243822992, 0.13717110455, 0.12743063271, 0.199215441942, 0.102290406823, 0.0659184828401, 0.0564656108618, 0.0620129108429, 0.0706256255507, 0.108565889299, 0.152496293187, 0.149453833699, 0.147566244006, 0.14501260221, 0.149112701416], "dvar": [0.0612615570426, 0.0581819750369, 0.0436803549528, 0.0368946716189, 0.0380492247641, 0.0428312160075, 0.0468735173345, 0.0515036992729, 0.0405519008636, 0.0515218116343, 0.0490276627243, 0.0379544980824, 0.0322572365403, 0.0256794374436, 0.0241233296692, 0.0337922088802, 0.0436901040375, 0.0342698916793, 0.0279470682144, 0.0312464330345, 0.0363333821297, 0.0497694164515, 0.0612274967134, 0.0497159212828, 0.0780654028058, 0.0374911613762, 0.023508137092, 0.0209478884935, 0.0224539916962, 0.0252055339515, 0.0425455160439, 0.0608114823699, 0.0532589629292, 0.0533104166389, 0.0521071925759, 0.0534284301102], "dmean": [0.183435991406, 0.177871763706, 0.137269318104, 0.0972369536757, 0.0936010703444, 0.125012397766, 0.169683769345, 0.179577738047, 0.14560328424, 0.135905876756, 0.132618412375, 0.115391105413, 0.0989562422037, 0.0823986679316, 0.0811905488372, 0.107513256371, 0.119478836656, 0.105337932706, 0.0827542319894, 0.085212469101, 0.127344161272, 0.19754371047, 0.210215598345, 0.202331155539, 0.197789028287, 0.129867449403, 0.0728001147509, 0.0738670006394, 0.0770987570286, 0.0881880074739, 0.135699570179, 0.161289617419, 0.153205141425, 0.146977886558, 0.138417452574, 0.153863504529], "max": [1, 1, 1, 1, 1, 1, 1, 1, 1, 1, 1, 1, 1, 1, 1, 1, 1, 1, 1, 1, 1, 1, 1, 1, 1, 1, 1, 1, 1, 1, 1, 1, 1, 1, 1, 1], "var": [0.0995080173016, 0.102259494364, 0.0389662981033, 0.0305064115673, 0.0347510948777, 0.0364272035658, 0.0659217387438, 0.0784244611859, 0.0420090928674, 0.075323484838, 0.0755239725113, 0.033956669271, 0.0252364985645, 0.0193556342274, 0.0189005564898, 0.0386764518917, 0.057301517576, 0.0322433710098, 0.0203565657139, 0.0219326671213, 0.0354357138276, 0.0933697447181, 0.128236711025, 0.0712050497532, 0.0979149788618, 0.0420232564211, 0.0185888614506, 0.0216764062643, 0.0210445802659, 0.0206426493824, 0.0563152246177, 0.0851279944181, 0.0498676598072, 0.0489890240133, 0.0412102974951, 0.0450690053403], "mean": [0.232432901859, 0.239711165428, 0.131661266088, 0.0802236050367, 0.0783548131585, 0.107899241149, 0.205408573151, 0.226950705051, 0.149780705571, 0.157471269369, 0.160619318485, 0.108766272664, 0.0845001414418, 0.0698586329818, 0.071794256568, 0.114576786757, 0.132450819016, 0.096191495657, 0.0645621567965, 0.063466347754, 0.117155887187, 0.287431031466, 0.34689733386, 0.251088321209, 0.207894235849, 0.129915565252, 0.0616143234074, 0.07094360888, 0.071440577507, 0.0775593370199, 0.150662705302, 0.184996664524, 0.145907640457, 0.133400008082, 0.116319693625, 0.129006579518]}, "tuning_equal_tempered_deviation": 0.168787568808, "chords_changes_rate": 0.066352494061, "key_key": "A", "tuning_diatonic_strength": 0.659131765366, "key_scale": "minor", "chords_number_rate": 0.00188501412049, "tuning_frequency": 434.193115234, "tuning_nontempered_energy_ratio": 0.911290287971, "chords_histogram": [31.4231853485, 13.044298172, 17.0216770172, 3.35532522202, 2.35626769066, 0.113100849092, 0, 6.57869911194, 0.377002835274, 13.5909519196, 0.0754005685449, 0, 0, 0, 0.113100849092, 0, 0.904806792736, 0, 0.056550424546, 0, 1.45146083832, 2.8652215004, 0.942507088184, 5.73044300079], "key_strength": 0.830221652985, "chords_key": "A", "chords_strength": {"dmean2": 0.0118020400405, "median": 0.565502345562, "min": 0.234486743808, "dvar2": 0.000107765605208, "dvar": 7.75258158683e-05, "dmean": 0.0101409032941, "max": 0.895481169224, "var": 0.0118625136092, "mean": 0.562352061272}, "chords_scale": "minor", "hpcp_entropy": {"dmean2": 1.11552405357, "median": 2.1373693943, "min": 0.0411821566522, "dvar2": 0.829237282276, "dvar": 0.291981309652, "dmean": 0.657079100609, "max": 4.35761213303, "var": 0.503119468689, "mean": 2.12990236282}}, "metadata": {"audio_properties": {"equal_loudness": 0, "codec": "flac", "downmix": "mix", "sample_rate": 44100, "analysis_sample_rate": 44100, "bit_rate": 0, "md5_encoded": "5d0b04d921b104750651be8b73ba3fc5", "length": 246.306671143, "replay_gain": -6.1224937439, "lossless": true}, "version": {"essentia_build_sha": "70f2e5ece6736b2c40cc944ad0e695b16b925413", "essentia": "2.1-beta2", "extractor": "music 1.0", "essentia_git_sha": "v2.1_beta2"}, "tags": {"title": ["No G.D.M."], "language": ["eng"], "albumartist": ["Erasure"], "tracktotal": ["3"], "musicbrainz_releasegroupid": ["a86fdc45-b739-3914-85a5-30f6ec32e5f1"], "releasetype": ["single"], "musicbrainz_recordingid": ["1b4c3946-3320-4e3f-8841-49be50d0d311"], "album": ["Blue Savannah"], "originalyear": ["1989"], "musicbrainz_releasetrackid": ["08712f86-b0df-3f33-af9e-284d356d5ce1"], "discnumber": ["1"], "bpm": ["0"], "releasecountry": ["GB"], "file_name": "03. Erasure - No G.D.M..flac", "compilation": ["0"], "musicbrainz_albumartistid": ["43b58c98-3779-4b04-9a23-1c95cca3a145"], "albumartistsort": ["Erasure"], "date": ["1990-02-26"], "genre": ["Synthpop"], "disctotal": ["1"], "musicbrainz_artistid": ["43b58c98-3779-4b04-9a23-1c95cca3a145"], "originaldate": ["1989"], "musicbrainz_albumid": ["33ee4fcc-7714-450a-a4d3-9b17ec0109a1"], "tracknumber": ["3"], "encodedby": ["FLAC1.2.1"], "artistsort": ["Erasure"], "artist": ["Erasure"], "releasestatus": ["official"], "totaldiscs": ["1"], "script": ["Latn"], "totaltracks": ["3"]}}, "rhythm": {"bpm_histogram_first_peak_bpm": {"dmean2": 0, "median": 120, "min": 120, "dvar2": 0, "dvar": 0, "dmean": 0, "max": 120, "var": 0, "mean": 120}, "bpm": 119.957588196, "bpm_histogram_second_peak_spread": {"dmean2": 0, "median": 0.312500059605, "min": 0.312500059605, "dvar2": 0, "dvar": 0, "dmean": 0, "max": 0.312500059605, "var": 0, "mean": 0.312500059605}, "bpm_histogram_first_peak_weight": {"dmean2": 0, "median": 0.672032177448, "min": 0.672032177448, "dvar2": 0, "dvar": 0, "dmean": 0, "max": 0.672032177448, "var": 0, "mean": 0.672032177448}, "onset_rate": 5.28155660629, "beats_position": [0.487619042397, 0.99845802784, 1.49768710136, 1.99691605568, 2.50775504112, 2.99537420273, 3.49460315704, 3.99383211136, 4.51628112793, 5.05034017563, 5.59600877762, 6.13006782532, 6.67573690414, 7.22140598297, 7.73224496841, 8.24308395386, 8.74231243134, 9.24154186249, 9.75238037109, 10.2399997711, 10.7508392334, 11.2384576797, 11.749297142, 12.2485256195, 12.7477550507, 13.2469835281, 13.7462129593, 14.2454423904, 14.7446708679, 15.2439002991, 15.7431287766, 16.242357254, 16.7415866852, 17.2408161163, 17.7400455475, 18.2392749786, 18.7385025024, 19.2493419647, 19.7485713959, 20.247800827, 20.7470283508, 21.246257782, 21.7454872131, 22.2447166443, 22.7555541992, 23.2431735992, 23.7540130615, 24.2416324615, 24.7524719238, 25.2516994476, 25.7509288788, 26.2501583099, 26.7493877411, 27.2486171722, 27.747844696, 28.2470741272, 28.7463035583, 29.2455329895, 29.7447605133, 30.2439899445, 30.7432193756, 31.2424488068, 31.7416782379, 32.2525177002, 32.7517471313, 33.2509727478, 33.750202179, 34.2494316101, 34.7602729797, 35.2478904724, 35.7471199036, 36.2463493347, 36.7571868896, 37.2564163208, 37.755645752, 38.2548751831, 38.7541046143, 39.2533340454, 39.7525634766, 40.251789093, 40.7510185242, 41.2502479553, 41.7494773865, 42.2487068176, 42.7479362488, 43.2471656799, 43.7463951111, 44.257232666, 44.7564620972, 45.2556915283, 45.7549209595, 46.2541503906, 46.7649879456, 47.2526054382, 47.7634468079, 48.2510643005, 48.7619056702, 49.2611312866, 49.7603607178, 50.2595901489, 50.7588195801, 51.2580490112, 51.7572784424, 52.2565078735, 52.7557373047, 53.2549667358, 53.7541923523, 54.2534217834, 54.7526512146, 55.2634925842, 55.7627182007, 56.2619476318, 56.7727890015, 57.2604064941, 57.7596359253, 58.2588653564, 58.7697029114, 59.2689323425, 59.7681617737, 60.2673912048, 60.766620636, 61.2658500671, 61.7650794983, 62.2643089294, 62.7635345459, 63.2627639771, 63.7619934082, 64.2612228394, 64.7604522705, 65.2596817017, 65.7589111328, 66.258140564, 66.7573699951, 67.2682037354, 67.7674331665, 68.2666625977, 68.7658920288, 69.26512146, 69.7643508911, 70.2635803223, 70.7744216919, 71.2620391846, 71.7728805542, 72.2721099854, 72.7713394165, 73.2705688477, 73.7697982788, 74.2690200806, 74.7682495117, 75.2674789429, 75.766708374, 76.2775497437, 76.7651672363, 77.276008606, 77.7752380371, 78.2744674683, 78.7736968994, 79.2729263306, 79.7721557617, 80.2713851929, 80.7706069946, 81.2698364258, 81.7806777954, 82.2799072266, 82.7791366577, 83.2783660889, 83.77759552, 84.2768249512, 84.7760543823, 85.2752838135, 85.7745132446, 86.2737426758, 86.7729721069, 87.2722015381, 87.7714233398, 88.270652771, 88.7698822021, 89.2691116333, 89.7683410645, 90.2791824341, 90.7784118652, 91.2776412964, 91.7768707275, 92.2761001587, 92.7869338989, 93.274559021, 93.7853927612, 94.2730178833, 94.7838516235, 95.2830810547, 95.7823104858, 96.281539917, 96.7807693481, 97.2799987793, 97.7792282104, 98.2784576416, 98.7776870728, 99.2769165039, 99.7761459351, 100.275375366, 100.774604797, 101.273826599, 101.77305603, 102.2838974, 102.783126831, 103.282356262, 103.781585693, 104.280815125, 104.791656494, 105.279273987, 105.790107727, 106.289337158, 106.788566589, 107.287796021, 107.787025452, 108.286254883, 108.785484314, 109.284713745, 109.783943176, 110.283172607, 110.782402039, 111.28163147, 111.780860901, 112.280090332, 112.779319763, 113.290153503, 113.789382935, 114.288612366, 114.787841797, 115.287071228, 115.786300659, 116.28553009, 116.79637146, 117.283988953, 117.794830322, 118.294059753, 118.793289185, 119.292518616, 119.791740417, 120.290969849, 120.79019928, 121.289428711, 121.788658142, 122.287887573, 122.787117004, 123.297958374, 123.785575867, 124.296417236, 124.795646667, 125.294876099, 125.79410553, 126.293327332, 126.804168701, 127.291786194, 127.802627563, 128.301864624, 128.801086426, 129.288711548, 129.799545288, 130.29876709, 130.79800415, 131.297225952, 131.796463013, 132.295684814, 132.794921875, 133.294143677, 133.793380737, 134.304214478, 134.7918396, 135.291061401, 135.790298462, 136.301132202, 136.800354004, 137.299591064, 137.798812866, 138.298049927, 138.808883667, 139.296508789, 139.807342529, 140.30657959, 140.805801392, 141.305038452, 141.804260254, 142.303482056, 142.802719116, 143.301940918, 143.801177979, 144.30039978, 144.799636841, 145.310470581, 145.798095703, 146.308929443, 146.796554565, 147.307388306, 147.806625366, 148.305847168, 148.805084229, 149.30430603, 149.815139771, 150.302764893, 150.813598633, 151.312835693, 151.812057495, 152.299682617, 152.810516357, 153.309753418, 153.80897522, 154.30821228, 154.807434082, 155.306671143, 155.805892944, 156.316726685, 156.804351807, 157.315185547, 157.802810669, 158.302032471, 158.801269531, 159.312103271, 159.799728394, 160.310562134, 160.821395874, 161.309020996, 161.819854736, 162.307479858, 162.818313599, 163.305938721, 163.816772461, 164.316009521, 164.815231323, 165.314468384, 165.813690186, 166.312927246, 166.812149048, 167.311386108, 167.81060791, 168.32144165, 168.809066772, 169.308303833, 169.807525635, 170.318359375, 170.817596436, 171.316818237, 171.816055298, 172.3152771, 172.826126099, 173.313735962, 173.824569702, 174.312194824, 174.823028564, 175.322265625, 175.821487427, 176.320724487, 176.819946289, 177.31918335, 177.818405151, 178.317642212, 178.816864014, 179.316101074, 179.815322876, 180.314559937, 180.813781738, 181.324615479, 181.823852539, 182.323074341, 182.822311401, 183.321533203, 183.820770264, 184.319992065, 184.830841064, 185.318450928, 185.829299927, 186.328521729, 186.827758789, 187.326980591, 187.826202393, 188.325439453, 188.824661255, 189.323898315, 189.823120117, 190.322357178, 190.821578979, 191.32081604, 191.820037842, 192.319274902, 192.818496704, 193.329345703, 193.828567505, 194.327789307, 194.827026367, 195.326248169, 195.825485229, 196.324707031, 196.823944092, 197.323165894, 197.834014893, 198.321624756, 198.832473755, 199.331695557, 199.830932617, 200.330154419, 200.829391479, 201.328613281, 201.827835083, 202.327072144, 202.826293945, 203.325531006, 203.824752808, 204.335601807, 204.82321167, 205.334060669, 205.833282471, 206.332519531, 206.831741333, 207.330978394, 207.841812134, 208.341033936, 208.840270996, 209.339492798, 209.838729858, 210.33795166, 210.837188721, 211.336410522, 211.835647583, 212.334869385, 212.834106445, 213.333328247, 213.832565308, 214.331787109, 214.831008911, 215.330245972, 215.829467773, 216.340316772, 216.839538574, 217.338775635, 217.837997437, 218.337234497, 218.848068237, 219.335693359, 219.8465271, 220.334152222, 220.844985962, 221.344207764, 221.843444824, 222.342666626, 222.841903687, 223.341125488, 223.840362549, 224.339584351, 224.838821411, 225.338043213, 225.837280273, 226.336502075, 226.835739136, 227.346572876, 227.834197998, 228.345031738, 228.84425354, 229.343490601, 229.854324341, 230.341949463, 230.841171265, 231.340408325, 231.828018188, 232.292419434, 232.768432617, 233.244445801, 233.615966797, 233.987472534, 234.35899353, 234.730514526, 235.102035522, 235.485168457, 235.879898071, 236.286254883, 236.704208374, 237.087341309, 237.470474243, 237.853607178, 238.236724854, 238.619857788, 239.0262146, 239.432556152, 239.838912964, 240.22203064, 240.605163574, 240.97668457, 241.371429443, 241.766159058, 242.172515869, 242.578857422, 242.973602295, 243.356735229, 243.739852905, 244.12298584, 244.517730713, 244.912460327, 245.3072052, 245.701950073], "beats_loudness": {"dmean2": 0.0656306818128, "median": 0.114218011498, "min": 2.94109359089e-08, "dvar2": 0.00286187720485, "dvar": 0.000944473780692, "dmean": 0.0360882468522, "max": 0.220897033811, "var": 0.00220145634376, "mean": 0.106997810304}, "danceability": 1.523483634, "bpm_histogram_second_peak_weight": {"dmean2": 0, "median": 0.0221327971667, "min": 0.0221327971667, "dvar2": 0, "dvar": 0, "dmean": 0, "max": 0.0221327971667, "var": 0, "mean": 0.0221327971667}, "beats_count": 498, "bpm_histogram_second_peak_bpm": {"dmean2": 0, "median": 157, "min": 157, "dvar2": 0, "dvar": 0, "dmean": 0, "max": 157, "var": 0, "mean": 157}, "bpm_histogram_first_peak_spread": {"dmean2": 0, "median": 0.267543852329, "min": 0.267543852329, "dvar2": 0, "dvar": 0, "dmean": 0, "max": 0.267543852329, "var": 0, "mean": 0.267543852329}, "beats_loudness_band_ratio": {"dmean2": [0.184634819627, 0.0641694888473, 0.0767184197903, 0.0632036402822, 0.0159095618874, 0.0786117911339], "median": [0.85103392601, 0.0376600027084, 0.0343948192894, 0.0256120972335, 0.00475535634905, 0.0339589305222], "min": [0.00788852572441, 0.00116617023014, 0.00242993305437, 0.0028340711724, 0.000717300688848, 0.00150338269304], "dvar2": [0.018877401948, 0.0043166433461, 0.010150462389, 0.00874074921012, 0.000685804290697, 0.00317659368739], "dvar": [0.00721873808652, 0.0016979778884, 0.00363311939873, 0.00334516097791, 0.000240090768784, 0.00105272582732], "dmean": [0.100186772645, 0.0368065387011, 0.0441140346229, 0.0351487137377, 0.0089409975335, 0.0411319918931], "max": [0.98274320364, 0.528233766556, 0.642124891281, 0.790682792664, 0.151686325669, 0.341538518667], "var": [0.0237317793071, 0.00321722147055, 0.00481515610591, 0.00511989276856, 0.000213487728615, 0.0023292042315], "mean": [0.813050925732, 0.0547529459, 0.0571353062987, 0.0442897193134, 0.00946416798979, 0.0377876497805]}}, "lowlevel": {"barkbands_spread": {"dmean2": 13.9231929779, "median": 20.6635074615, "min": 0.99245017767, "dvar2": 242.946975708, "dvar": 103.037506104, "dmean": 8.99761962891, "max": 132.442703247, "var": 299.330322266, "mean": 24.4394721985}, "melbands_spread": {"dmean2": 13.2338495255, "median": 17.1478710175, "min": 1.07898271084, "dvar2": 325.104095459, "dvar": 141.687789917, "dmean": 8.5438785553, "max": 240.575485229, "var": 354.175994873, "mean": 21.6165790558}, "hfc": {"dmean2": 19.0308532715, "median": 13.587934494, "min": 2.79192613561e-06, "dvar2": 1166.07055664, "dvar": 482.482086182, "dmean": 12.3230924606, "max": 218.842514038, "var": 633.666748047, "mean": 21.18491745}, "barkbands_kurtosis": {"dmean2": 6.74867582321, "median": 2.96279907227, "min": -1.85559022427, "dvar2": 128.479278564, "dvar": 57.2502822876, "dmean": 4.42143344879, "max": 133.470474243, "var": 88.854927063, "mean": 5.78454589844}, "gfcc": {"mean": [-9.26301765442, 80.9587249756, -93.1704711914, 31.3882884979, -71.029006958, 10.3280229568, -19.2317428589, 10.0865345001, -24.8197898865, 2.61904239655, -14.6937332153, 2.35847020149, -13.8582677841], "icov": [[0.000210185797187, -0.000284002104308, 0.000280017324258, -0.000304484914523, 0.000349893700331, -0.000555312610231, 0.000318008242175, -0.000439893134171, 0.000524504517671, -0.000544098671526, 0.000876191770658, -0.000628636917099, 0.00063687574584], [-0.000284002104308, 0.00177109893411, -0.000690403219778, 0.000464189157356, -0.00103666412178, 0.00175320950802, -0.00195182429161, 0.00150556873996, -0.00227331975475, 0.00235165655613, -0.00279649533331, 0.00168720982037, -0.000724703946617], [0.000280017324258, -0.000690403219778, 0.00187958765309, -0.00102780165616, 0.000265755137661, -0.000856384343933, 0.000872684875503, -0.00112272170372, 0.00159258337226, -0.00227396842092, 0.00219133147039, -0.00173654116224, 0.00113143876661], [-0.000304484914523, 0.000464189157356, -0.00102780165616, 0.00290450034663, -0.000791681173723, 0.000165449746419, -0.000203706207685, 0.00120206689462, -0.00206130882725, 0.00217314646579, -0.00184113276191, 0.00270888023078, -0.00227026944049], [0.000349893700331, -0.00103666412178, 0.000265755137661, -0.000791681173723, 0.00444052228704, -0.000896797107998, -0.000107741390821, -0.00101178896148, 0.00220180675387, -0.00379784987308, 0.00258035515435, -0.00124808948021, 0.000812809041236], [-0.000555312610231, 0.00175320950802, -0.000856384343933, 0.000165449746419, -0.000896797107998, 0.00729992473498, -0.00386753072962, 0.00111964275129, -0.00201440788805, 0.00189085549209, -0.0016305759782, -0.000368292385247, 0.000123045523651], [0.000318008242175, -0.00195182429161, 0.000872684875503, -0.000203706207685, -0.000107741390821, -0.00386753072962, 0.0091947754845, -0.00461695436388, 0.00254300306551, -0.000766399665736, -0.000732427230105, 0.00147563277278, -0.00161960755941], [-0.000439893134171, 0.00150556873996, -0.00112272170372, 0.00120206689462, -0.00101178896148, 0.00111964275129, -0.00461695436388, 0.0135301165283, -0.00514822918922, 0.000513771956321, 0.00113579852041, -0.00220323749818, -0.00123630417511], [0.000524504517671, -0.00227331975475, 0.00159258337226, -0.00206130882725, 0.00220180675387, -0.00201440788805, 0.00254300306551, -0.00514822918922, 0.0111040314659, -0.00468815164641, 0.00381883839145, -0.00180490931962, 0.000458308990346], [-0.000544098671526, 0.00235165655613, -0.00227396842092, 0.00217314646579, -0.00379784987308, 0.00189085549209, -0.000766399665736, 0.000513771956321, -0.00468815164641, 0.0160166788846, -0.00944117736071, 0.00573122827336, -6.75545525155e-05], [0.000876191770658, -0.00279649533331, 0.00219133147039, -0.00184113276191, 0.00258035515435, -0.0016305759782, -0.000732427230105, 0.00113579852041, 0.00381883839145, -0.00944117736071, 0.018832238391, -0.00758625380695, 0.000938863377087], [-0.000628636917099, 0.00168720982037, -0.00173654116224, 0.00270888023078, -0.00124808948021, -0.000368292385247, 0.00147563277278, -0.00220323749818, -0.00180490931962, 0.00573122827336, -0.00758625380695, 0.015388452448, -0.00481983041391], [0.00063687574584, -0.000724703946617, 0.00113143876661, -0.00227026944049, 0.000812809041236, 0.000123045523651, -0.00161960755941, -0.00123630417511, 0.000458308990346, -6.75545525155e-05, 0.000938863377087, -0.00481983041391, 0.0148640312254]], "cov": [[11632.6611328, -797.381591797, -492.652160645, 171.134490967, -586.32421875, 740.404541016, -218.088943481, 258.101959229, -67.9808731079, -189.467895508, -428.954650879, 249.31262207, -340.851470947], [-797.381591797, 1868.48278809, 8.81006336212, 227.206512451, 206.07623291, -228.50390625, 304.984832764, -80.8872070312, 166.983459473, -20.71717453, 195.1665802, -147.757125854, 110.94052887], [-492.652160645, 8.81006336212, 909.387451172, 152.135223389, 139.196472168, 24.0022926331, -30.6610069275, 31.8312301636, -28.1663341522, 86.2250061035, -30.1570491791, 16.1367664337, -24.5533008575], [171.134490967, 227.206512451, 152.135223389, 584.934265137, 42.2232131958, 13.9050941467, 34.3967094421, -22.0387191772, 75.5897216797, -24.6570358276, 5.41817331314, -68.118057251, 56.1228256226], [-586.32421875, 206.07623291, 139.196472168, 42.2232131958, 366.092773438, -17.4923858643, 69.1943588257, 3.88325953484, -13.2029066086, 78.1817932129, 25.791513443, -30.4367103577, 8.27509117126], [740.404541016, -228.50390625, 24.0022926331, 13.9050941467, -17.4923858643, 262.901855469, 47.0751075745, 50.3716964722, -4.44469404221, -10.2030487061, -30.7780246735, 45.7224197388, -17.6080589294], [-218.088943481, 304.984832764, -30.6610069275, 34.3967094421, 69.1943588257, 47.0751075745, 234.893264771, 39.3055648804, 21.5891590118, 3.41112112999, 49.9905090332, -21.8310260773, 45.6050109863], [258.101959229, -80.8872070312, 31.8312301636, -22.0387191772, 3.88325953484, 50.3716964722, 39.3055648804, 127.408241272, 36.7757263184, 5.52953386307, -22.8396072388, 35.5364646912, 5.31587934494], [-67.9808731079, 166.983459473, -28.1663341522, 75.5897216797, -13.2029066086, -4.44469404221, 21.5891590118, 36.7757263184, 159.004821777, 10.2667036057, 6.13901233673, -10.7518720627, 22.1831531525], [-189.467895508, -20.71717453, 86.2250061035, -24.6570358276, 78.1817932129, -10.2030487061, 3.41112112999, 5.52953386307, 10.2667036057, 124.337371826, 35.712802887, -16.7224292755, -14.0101823807], [-428.954650879, 195.1665802, -30.1570491791, 5.41817331314, 25.791513443, -30.7780246735, 49.9905090332, -22.8396072388, 6.13901233673, 35.712802887, 120.736839294, 5.58825445175, 27.5685806274], [249.31262207, -147.757125854, 16.1367664337, -68.118057251, -30.4367103577, 45.7224197388, -21.8310260773, 35.5364646912, -10.7518720627, -16.7224292755, 5.58825445175, 122.453819275, 11.953827858], [-340.851470947, 110.94052887, -24.5533008575, 56.1228256226, 8.27509117126, -17.6080589294, 45.6050109863, 5.31587934494, 22.1831531525, -14.0101823807, 27.5685806274, 11.953827858, 104.222564697]]}, "spectral_energyband_middle_low": {"dmean2": 0.00883061997592, "median": 0.00806134473532, "min": 3.70728482635e-11, "dvar2": 0.00020875831251, "dvar": 7.9773417383e-05, "dmean": 0.00540477316827, "max": 0.128568947315, "var": 0.000122791781905, "mean": 0.0111863417551}, "melbands_crest": {"dmean2": 5.63553524017, "median": 13.1920251846, "min": 2.86624693871, "dvar2": 24.516002655, "dvar": 11.6736240387, "dmean": 3.67675662041, "max": 35.0168151855, "var": 32.7831840515, "mean": 14.3781270981}, "spectral_kurtosis": {"dmean2": 2.85520911217, "median": 2.55306053162, "min": -1.18425929546, "dvar2": 50.2576370239, "dvar": 19.0123920441, "dmean": 1.75983870029, "max": 185.373138428, "var": 19.1064567566, "mean": 3.33018350601}, "spectral_rms": {"dmean2": 0.00148436171003, "median": 0.0043466235511, "min": 5.3963094615e-07, "dvar2": 3.9237488636e-06, "dvar": 2.4504488465e-06, "dmean": 0.00112625677139, "max": 0.0152316717431, "var": 7.60210832595e-06, "mean": 0.00485164066777}, "zerocrossingrate": {"dmean2": 0.0203901957721, "median": 0.05712890625, "min": 0.0029296875, "dvar2": 0.000393027323298, "dvar": 0.00031204073457, "dmean": 0.0172646641731, "max": 0.58447265625, "var": 0.00238011195324, "mean": 0.0680577754974}, "silence_rate_60dB": {"dmean2": 0.0791929885745, "median": 0, "min": 0, "dvar2": 0.087264791131, "dvar": 0.038023725152, "dmean": 0.0395927615464, "max": 1, "var": 0.0812231823802, "mean": 0.0891695693135}, "erbbands_kurtosis": {"dmean2": 2.45029449463, "median": -0.156116962433, "min": -1.85658800602, "dvar2": 15.7542161942, "dvar": 6.73391199112, "dmean": 1.58205616474, "max": 44.049495697, "var": 11.9876089096, "mean": 1.06819665432}, "erbbands": {"dmean2": [0.339047342539, 3.62648487091, 9.09020042419, 8.82696247101, 10.2299318314, 10.1422939301, 7.848944664, 12.0485229492, 13.8386163712, 17.6113586426, 30.1926784515, 63.6790313721, 47.8014030457, 38.6997375488, 47.0557937622, 20.5311527252, 21.174446106, 15.053355217, 10.0522489548, 6.75208950043, 6.03810882568, 8.97233295441, 11.0650939941, 19.8417110443, 17.3373889923, 17.4122638702, 18.2401123047, 17.4124603271, 13.9861516953, 9.03733634949, 5.41893148422, 6.40393447876, 2.21027255058, 1.06951284409, 0.810003101826, 1.29830348492, 0.530748665333, 0.0374927707016, 0.00369920767844, 0.000205018528504], "median": [0.06532702595, 0.570874273777, 1.45375025272, 2.31775665283, 3.78960347176, 4.57953739166, 4.99516201019, 7.83229446411, 9.01846504211, 9.66623783112, 12.5755233765, 18.5064945221, 12.5613145828, 13.4522981644, 11.5547962189, 5.67249727249, 5.16508197784, 3.23852825165, 2.79322862625, 1.82934975624, 2.12113428116, 3.52442646027, 4.15388536453, 4.38502883911, 5.65785121918, 6.01123285294, 5.07314586639, 3.9386537075, 3.38649559021, 3.52487659454, 2.13919782639, 1.89152419567, 0.702502787113, 0.218996271491, 0.126077592373, 0.0713463276625, 0.0288564134389, 0.00265409075655, 0.000273582496447, 4.58383001387e-05], "min": [7.97949872844e-10, 5.67982461064e-09, 1.35124791356e-08, 1.77139600765e-08, 3.19092166023e-08, 7.16598478334e-08, 6.10696702097e-08, 2.01626306762e-08, 4.23253538884e-08, 7.59696376917e-08, 4.81213184855e-08, 3.76129314361e-08, 6.48371596412e-08, 3.06780840731e-08, 1.19586642811e-08, 1.33172362027e-08, 3.01277260917e-08, 9.44391658209e-08, 1.16646013737e-07, 5.97488707399e-08, 6.79134899428e-08, 3.33474474701e-07, 3.03797150991e-07, 1.02467346608e-07, 2.37355422428e-07, 2.28059988672e-07, 4.89863452913e-07, 3.41348197708e-07, 4.11866494687e-07, 2.41572024606e-07, 3.01839975236e-07, 3.49692925283e-07, 1.52414685317e-07, 2.08380143363e-07, 1.54832250132e-07, 1.40723329878e-07, 9.11003112947e-08, 3.82386211584e-08, 9.28662746702e-09, 1.47970891096e-09], "dvar2": [0.585874259472, 85.2135696411, 587.103820801, 469.571746826, 574.982666016, 390.42199707, 197.739440918, 404.126251221, 1524.11364746, 2029.92480469, 4823.33642578, 20725.9667969, 12685.4208984, 5372.25341797, 12942.3085938, 3128.02148438, 2277.79589844, 2257.85131836, 396.279907227, 284.822235107, 170.202774048, 330.418823242, 497.838928223, 2362.19067383, 1216.43774414, 1062.28820801, 1449.82336426, 1883.78442383, 1699.48510742, 428.316864014, 134.710678101, 133.82572937, 15.9707384109, 3.1924893856, 1.84868133068, 5.86621522903, 0.927853345871, 0.0044990517199, 4.52794738521e-05, 1.26226183284e-07], "dvar": [0.321281343699, 35.9078178406, 216.647994995, 166.16519165, 209.220657349, 154.042678833, 85.4177093506, 163.30519104, 748.014831543, 1065.7265625, 1943.6027832, 8444.73242188, 4765.98339844, 2150.96923828, 5262.87158203, 1378.45422363, 967.509338379, 1083.16943359, 169.88130188, 120.757637024, 67.977973938, 129.512741089, 200.177368164, 841.296264648, 483.357696533, 407.674346924, 547.680175781, 797.898681641, 753.729370117, 204.206161499, 57.747303009, 54.2074661255, 6.65188694, 1.28528189659, 0.765489518642, 2.25087833405, 0.35600155592, 0.00177251175046, 1.74162541953e-05, 5.06613311302e-08], "dmean": [0.250822007656, 2.34800410271, 5.19418478012, 4.94707012177, 5.98675060272, 6.13476514816, 4.96762275696, 7.61099433899, 9.39981079102, 11.5904626846, 19.1147842407, 40.3383865356, 28.2929973602, 23.7241344452, 29.7523517609, 12.9999485016, 13.1494979858, 9.36688518524, 6.16249513626, 4.21267461777, 3.73489642143, 5.42051267624, 6.73059606552, 11.1819534302, 10.4258508682, 10.4227828979, 10.8808774948, 10.8954153061, 9.31510448456, 6.12664365768, 3.57322120667, 4.03086185455, 1.40998148918, 0.646639227867, 0.503870427608, 0.754890799522, 0.307471126318, 0.0219340100884, 0.00212869048119, 0.000124382378999], "max": [5.39298057556, 51.2002296448, 117.602828979, 133.207504272, 233.669509888, 326.85357666, 301.258117676, 250.727874756, 1431.00024414, 1974.53833008, 1304.26708984, 2713.23632812, 1885.38232422, 1130.29797363, 2192.50976562, 1353.16174316, 1196.5690918, 2193.52929688, 270.760223389, 417.59197998, 222.280212402, 400.842254639, 354.439544678, 384.842132568, 551.27520752, 480.200805664, 260.389404297, 267.410217285, 342.847351074, 182.884307861, 116.463096619, 81.6245040894, 37.8475036621, 12.1170349121, 9.21217155457, 7.66259527206, 3.29809117317, 0.211297750473, 0.0208670962602, 0.00126596435439], "var": [0.476776391268, 34.7038612366, 149.630874634, 118.652984619, 186.975021362, 255.657577515, 167.711837769, 290.17074585, 1528.79699707, 2335.28710938, 3869.01245117, 16339.7255859, 6566.71972656, 3896.11962891, 10258.890625, 2864.80004883, 1900.99084473, 1905.52758789, 303.744659424, 220.101242065, 122.029434204, 202.067886353, 338.349182129, 720.837524414, 707.078308105, 468.928649902, 522.147399902, 905.569396973, 953.486206055, 343.221679688, 93.963432312, 58.895072937, 7.92846441269, 1.4017611742, 0.766476154327, 1.68415212631, 0.263088077307, 0.00137826241553, 1.28179744934e-05, 4.36676366178e-08], "mean": [0.322891145945, 2.41535973549, 4.81881666183, 5.5834403038, 8.02214717865, 9.53907489777, 8.54479598999, 13.0186681747, 17.5195484161, 19.6877632141, 29.7356338501, 58.8535614014, 38.3524703979, 36.1469078064, 43.7597541809, 18.9745845795, 18.1365318298, 12.3067321777, 8.43643188477, 5.9939699173, 5.41904783249, 7.70721197128, 9.65832328796, 12.2370672226, 14.0137872696, 13.5179815292, 12.7406902313, 13.5551166534, 12.9089040756, 9.65320396423, 5.55687141418, 4.54677343369, 1.6847717762, 0.74669867754, 0.520233988762, 0.595560848713, 0.231155306101, 0.0172553248703, 0.00163036456797, 0.000123414312839]}, "spectral_strongpeak": {"dmean2": 0.785106897354, "median": 0.41515353322, "min": 0, "dvar2": 1.51166439056, "dvar": 0.625142395496, "dmean": 0.47575122118, "max": 12.0101451874, "var": 1.2098133564, "mean": 0.810833454132}, "spectral_energy": {"dmean2": 0.0213278122246, "median": 0.0193654652685, "min": 2.98481628302e-10, "dvar2": 0.00145859189797, "dvar": 0.000793560524471, "dmean": 0.0156758502126, "max": 0.237803921103, "var": 0.00145696988329, "mean": 0.0319191999733}, "average_loudness": 0.922310531139, "spectral_rolloff": {"dmean2": 1259.21435547, "median": 839.794921875, "min": 64.599609375, "dvar2": 3860065.5, "dvar": 1688749.125, "dmean": 752.102722168, "max": 18776.953125, "var": 4565488, "mean": 1574.07299805}, "spectral_centroid": {"dmean2": 561.418579102, "median": 1264.25793457, "min": 208.046447754, "dvar2": 382964.28125, "dvar": 158587.265625, "dmean": 354.443206787, "max": 10806.9267578, "var": 489782.59375, "mean": 1376.49499512}, "pitch_salience": {"dmean2": 0.133387297392, "median": 0.579500198364, "min": 0.0840374454856, "dvar2": 0.0152055695653, "dvar": 0.00692937010899, "dmean": 0.0869231745601, "max": 0.858485400677, "var": 0.015934875235, "mean": 0.560949802399}, "spectral_energyband_middle_high": {"dmean2": 0.00366245093755, "median": 0.00226778700016, "min": 2.25115846103e-11, "dvar2": 4.02227888117e-05, "dvar": 1.5612840798e-05, "dmean": 0.00228697084822, "max": 0.0589470975101, "var": 3.01393647533e-05, "mean": 0.00419633788988}, "spectral_contrast_coeffs": {"dmean2": [0.0844329446554, 0.0817221179605, 0.0748894587159, 0.0625774785876, 0.0456947609782, 0.0346360765398], "median": [-0.671860098839, -0.747625231743, -0.741105437279, -0.792589724064, -0.797833383083, -0.741948246956], "min": [-0.96516418457, -0.970166623592, -0.963670551777, -0.965681433678, -0.961852073669, -0.957708895206], "dvar2": [0.00537051958963, 0.00455162674189, 0.00367947411723, 0.0028207723517, 0.00169560615905, 0.00111459440086], "dvar": [0.00220686662942, 0.00174853776116, 0.00142607965972, 0.00107518723235, 0.000643285980914, 0.000505385687575], "dmean": [0.0535590648651, 0.0500592067838, 0.0460311509669, 0.0375558212399, 0.0277478452772, 0.022189496085], "max": [-0.286706715822, -0.327953577042, -0.433469861746, -0.497273117304, -0.552568674088, -0.574722349644], "var": [0.00772522110492, 0.0061214286834, 0.00616702949628, 0.00392720848322, 0.00201221252792, 0.0023020573426], "mean": [-0.663619279861, -0.739647388458, -0.737597286701, -0.786118745804, -0.790267467499, -0.744043886662]}, "melbands_skewness": {"dmean2": 1.37766194344, "median": 2.66201591492, "min": -1.34289777279, "dvar2": 2.18003749847, "dvar": 1.07962238789, "dmean": 0.955722272396, "max": 16.4003486633, "var": 3.21180391312, "mean": 2.94316101074}, "spectral_spread": {"dmean2": 1213350.625, "median": 5320021.5, "min": 797424.5625, "dvar2": 1905486069760.0, "dvar": 986405142528, "dmean": 885093.8125, "max": 39806688, "var": 3055994798080.0, "mean": 5476831.5}, "dissonance": {"dmean2": 0.0388708896935, "median": 0.466593414545, "min": 0.190884143114, "dvar2": 0.00154844624922, "dvar": 0.000599672028329, "dmean": 0.0235255882144, "max": 0.500000119209, "var": 0.00121697899885, "mean": 0.458137333393}, "spectral_skewness": {"dmean2": 0.428888112307, "median": 1.27363300323, "min": -0.2439430058, "dvar2": 0.425478130579, "dvar": 0.175376102328, "dmean": 0.279499173164, "max": 11.2211112976, "var": 0.360361099243, "mean": 1.3369076252}, "spectral_flux": {"dmean2": 0.0497390329838, "median": 0.0686916485429, "min": 6.91749810358e-05, "dvar2": 0.00363159622066, "dvar": 0.00244111195207, "dmean": 0.0352160669863, "max": 0.415651887655, "var": 0.00617490336299, "mean": 0.0930659025908}, "spectral_contrast_valleys": {"dmean2": [0.664864182472, 0.656285703182, 0.752855598927, 0.8258420825, 0.764430701733, 0.806433677673], "median": [-6.90043830872, -6.44146633148, -7.31446838379, -8.22121143341, -7.62629795074, -9.88395023346], "min": [-27.5367832184, -26.9802398682, -27.1572475433, -27.2583942413, -27.2544708252, -27.2777309418], "dvar2": [0.450729072094, 0.379632472992, 0.598332583904, 0.813927054405, 0.837833464146, 1.01101446152], "dvar": [0.249755531549, 0.177407979965, 0.282127588987, 0.350577533245, 0.351136475801, 0.464541137218], "dmean": [0.437044084072, 0.414629340172, 0.490336149931, 0.549102246761, 0.517193675041, 0.591857790947], "max": [-5.07815599442, -5.00437831879, -5.07197475433, -5.78383350372, -5.43831825256, -7.67202043533], "var": [1.61028647423, 1.158375144, 1.31993448734, 1.20614826679, 1.24859952927, 1.7575699091], "mean": [-7.295399189, -6.68698310852, -7.48079299927, -8.37844085693, -7.80770397186, -10.180232048]}, "erbbands_flatness_db": {"dmean2": 0.0400973930955, "median": 0.134462609887, "min": 0.0260370392352, "dvar2": 0.00170284195337, "dvar": 0.00080287392484, "dmean": 0.0284933168441, "max": 0.384288847446, "var": 0.00234267837368, "mean": 0.140611723065}, "spectral_energyband_high": {"dmean2": 0.00167605665047, "median": 0.000602715765126, "min": 1.89561685793e-10, "dvar2": 1.19437909234e-05, "dvar": 5.01462454849e-06, "dmean": 0.00107798783574, "max": 0.0258047450334, "var": 6.01591773375e-06, "mean": 0.001393896644}, "spectral_entropy": {"dmean2": 0.411327034235, "median": 7.69885253906, "min": 4.57279157639, "dvar2": 0.248900845647, "dvar": 0.108447633684, "dmean": 0.280750155449, "max": 9.7997713089, "var": 0.256235927343, "mean": 7.62542104721}, "silence_rate_20dB": {"dmean2": 0, "median": 1, "min": 1, "dvar2": 0, "dvar": 0, "dmean": 0, "max": 1, "var": 0, "mean": 1}, "melbands_flatness_db": {"dmean2": 0.0633522048593, "median": 0.199130192399, "min": 0.0237650144845, "dvar2": 0.00486734928563, "dvar": 0.00202291482128, "dmean": 0.0435795374215, "max": 0.553660511971, "var": 0.00602914113551, "mean": 0.208669170737}, "barkbands": {"dmean2": [0.000318655540468, 0.013707482256, 0.00774306710809, 0.0028118819464, 0.00301558012143, 0.00131377496291, 0.0010454977164, 0.00113288126886, 0.00266422051936, 0.00137891725171, 0.00145987304859, 0.000479224137962, 0.000461600982817, 0.000256431754678, 0.000175346707692, 0.000120108838018, 0.000171317049535, 0.000213218678255, 0.000380648445571, 0.000389977678424, 0.000438585266238, 0.000358377146767, 0.0002185790363, 0.000218845816562, 9.59507888183e-05, 0.000266139977612, 1.79577382369e-05], "median": [0.000115063223348, 0.0027079579886, 0.00108830048703, 0.000643199775368, 0.001463704044, 0.000902740226593, 0.000580981897656, 0.000422971439548, 0.000742045638617, 0.000324715074385, 0.000273763376754, 9.92656860035e-05, 9.26785942283e-05, 4.91123755637e-05, 4.35059337178e-05, 3.36125704052e-05, 6.47021806799e-05, 6.17578334641e-05, 0.000100677498267, 0.000118951473269, 0.000111842513434, 9.51698966674e-05, 8.29931741464e-05, 6.66086561978e-05, 1.85656699614e-05, 1.50502373799e-05, 1.26954262214e-06], "min": [3.6679652371e-12, 2.62604642892e-11, 1.13959015835e-11, 6.06720663293e-12, 1.85041305195e-11, 3.18390192683e-12, 4.12890902024e-12, 2.64939415892e-12, 1.85991890292e-12, 1.7247424192e-12, 2.37635486375e-13, 3.28690742159e-13, 7.85568604524e-13, 2.38416426358e-12, 1.16333006596e-12, 1.13175376189e-12, 5.94881088833e-12, 3.8816454391e-12, 4.11895084013e-12, 5.16115405622e-12, 1.11970727829e-11, 1.07939473332e-11, 8.23249021037e-12, 1.1553064061e-11, 2.20209874641e-11, 4.02091138163e-11, 8.84491022091e-11], "dvar2": [3.68831791775e-07, 0.00114301324356, 0.000439405645011, 4.32431879744e-05, 3.85489547625e-05, 4.33055129179e-06, 8.57732356963e-06, 7.3235896707e-06, 3.37411729561e-05, 9.85429869615e-06, 1.29358513732e-05, 1.59897433605e-06, 1.50850291902e-06, 5.9134725916e-07, 1.7586896206e-07, 6.96763322594e-08, 1.08977154412e-07, 2.08001807778e-07, 7.43681937365e-07, 5.74954469812e-07, 9.52921823227e-07, 1.10978055545e-06, 2.09432059251e-07, 1.50421342937e-07, 2.53489069735e-08, 2.35309158825e-07, 1.01115149587e-09], "dvar": [2.14341397964e-07, 0.000521805719472, 0.000157216738444, 1.53846522153e-05, 1.