{"metadata": {"tags": {"album": ["Harlem's FinestA Freestyle History"], "albumartist": ["Big L"], "genre": ["Rap"], "artist": ["Big L"], "date": ["2001"], "tracknumber": ["3"], "title": ["Stretch Debut"], "file_name": "69722.mp3", "musicbrainz_recordingid": ["1b62bb24-03c5-4834-a6f1-dc8d4cb806cd"]}, "audio_properties": {"sample_rate": 44100, "downmix": "mix", "lossless": false, "analysis_sample_rate": 44100, "md5_encoded": "59633992c1f845a786e31acf267db604", "equal_loudness": 0, "replay_gain": -12.3088512421, "codec": "mp3", "bit_rate": 192000, "length": 75.1020431519}, "version": {"extractor": "music 1.0", "essentia_build_sha": "70f2e5ece6736b2c40cc944ad0e695b16b925413", "essentia_git_sha": "v2.1_beta2", "essentia": "2.1-beta2"}}, "rhythm": {"beats_loudness_band_ratio": {"dvar2": [0.25637960434, 0.0660315603018, 0.170982152224, 0.108298756182, 0.0756301656365, 0.00883214734495], "var": [0.12141083926, 0.0216501057148, 0.0685036182404, 0.0389849022031, 0.0240791849792, 0.00219314685091], "min": [0.000227329990594, 0.0018622308271, 0.00117123743985, 0.000631349394098, 0.0005330494605, 0.000841876259074], "dmean": [0.39071521163, 0.129988506436, 0.307052105665, 0.199516192079, 0.16382586956, 0.0403538271785], "mean": [0.33521720767, 0.106647856534, 0.260949373245, 0.156897872686, 0.149212285876, 0.0375228524208], "max": [0.988384962082, 0.804782509804, 0.955272853374, 0.799727678299, 0.763752758503, 0.298990428448], "dmean2": [0.711200237274, 0.234038054943, 0.54769474268, 0.360075831413, 0.298036187887, 0.0736961588264], "median": [0.196965411305, 0.0441245287657, 0.173335537314, 0.0635572299361, 0.104228235781, 0.0217928420752], "dvar": [0.0990467295051, 0.0242826212198, 0.0589196681976, 0.0393842682242, 0.0249783638865, 0.00283899228089]}, "bpm_histogram_first_peak_weight": {"dvar2": 0, "var": 0, "min": 0.464285701513, "dmean": 0, "mean": 0.464285701513, "max": 0.464285701513, "dmean2": 0, "median": 0.464285701513, "dvar": 0}, "bpm": 184.570236206, "beats_count": 225, "bpm_histogram_first_peak_spread": {"dvar2": 0, "var": 0, "min": 0, "dmean": 0, "mean": 0, "max": 0, "dmean2": 0, "median": 0, "dvar": 0}, "danceability": 1.73975396156, "bpm_histogram_first_peak_bpm": {"dvar2": 0, "var": 0, "min": 185, "dmean": 0, "mean": 185, "max": 185, "dmean2": 0, "median": 185, "dvar": 0}, "beats_position": [0.325079351664, 0.673378646374, 0.99845802784, 1.3235373497, 1.64861679077, 1.98530614376, 2.31038546562, 2.63546490669, 2.96054410934, 3.29723358154, 3.63392281532, 3.95900225639, 4.28408145905, 4.62077093124, 4.96907043457, 5.32897949219, 5.65405893326, 6.00235795975, 6.33904743195, 6.68734693527, 7.02403593063, 7.36072540283, 7.66258478165, 7.98766422272, 8.32435321808, 8.66104316711, 8.99773216248, 9.33442115784, 9.65950107574, 9.98458003998, 10.2980499268, 10.6115188599, 10.9365987778, 11.261677742, 11.5867567062, 11.9118366241, 12.2369155884, 12.5619955063, 12.9102945328, 13.2469835281, 13.5836734772, 13.9087524414, 14.2570514679, 14.5821313858, 14.90721035, 15.2555103302, 15.6038093567, 15.9404983521, 16.2771873474, 16.6254863739, 16.9389572144, 17.2640361786, 17.600725174, 17.9258041382, 18.2508831024, 18.5875740051, 18.9242630005, 19.272562027, 19.5976409912, 19.9343299866, 20.2710208893, 20.6193199158, 20.94439888, 21.2694778442, 21.5945568085, 21.9312477112, 22.2679367065, 22.5814056396, 22.9064846039, 23.219953537, 23.5450344086, 23.8701133728, 24.2184123993, 24.5434913635, 24.89179039, 25.2284793854, 25.5651702881, 25.9134693146, 26.2385482788, 26.563627243, 26.9003162384, 27.2370071411, 27.5620861053, 27.8871650696, 28.2238540649, 28.5605430603, 28.8856239319, 29.2107028961, 29.5357818604, 29.8608608246, 30.1859397888, 30.5342407227, 30.8593196869, 31.1843986511, 31.5326976776, 31.8809967041, 32.2176856995, 32.5543746948, 32.8794555664, 33.1929244995, 33.5063934326, 33.8314743042, 34.1797714233, 34.5164604187, 34.8647613525, 35.2014503479, 35.5497512817, 35.8748283386, 36.1999092102, 36.5482063293, 36.8732872009, 37.2099761963, 37.5466651917, 37.8717460632, 38.2200431824, 38.545124054, 38.8702049255, 39.1952819824, 39.5435829163, 39.8802719116, 40.216960907, 40.5652618408, 40.8903388977, 41.2154197693, 41.5521087646, 41.88879776, 42.2370948792, 42.5621757507, 42.8756446838, 43.2123336792, 43.5374145508, 43.8741035461, 44.2107925415, 44.5358734131, 44.86095047, 45.1860313416, 45.5343284607, 45.8594093323, 46.1844902039, 46.5095672607, 46.8462562561, 47.1597251892, 47.4964179993, 47.8331069946, 48.1814041138, 48.5064849854, 48.8315620422, 49.1566429138, 49.5049438477, 49.8300209045, 50.1551017761, 50.5033988953, 50.8516998291, 51.1883888245, 51.5018577576, 51.8385467529, 52.1636276245, 52.4770965576, 52.8021774292, 53.1272544861, 53.4639434814, 53.8006324768, 54.1257133484, 54.45079422, 54.7526512146, 55.0777320862, 55.4028091431, 55.7278900146, 56.0761909485, 56.4012680054, 56.726348877, 57.0514259338, 57.3881187439, 57.7248077393, 58.0382766724, 58.3749656677, 58.7116546631, 59.0483436584, 59.37342453, 59.6985015869, 60.0235824585, 60.3486595154, 60.6853485107, 61.0452613831, 61.3703384399, 61.7070274353, 62.0204963684, 62.34557724, 62.6706581116, 63.0189552307, 63.3440361023, 63.6691131592, 64.0174102783, 64.3424911499, 64.6675720215, 65.0042648315, 65.3641738892, 65.7124710083, 66.0607681274, 66.385848999, 66.7225418091, 67.0592269897, 67.3959197998, 67.7326049805, 68.0809020996, 68.4059829712, 68.7310638428, 69.0561447144, 69.3812255859, 69.7062988281, 70.0313796997, 70.3564605713, 70.6815414429, 71.0066223145, 71.3549194336, 71.7032165527, 72.0282974243, 72.3533782959, 72.6784591675, 73.0035324097, 73.3286132812, 73.6769180298, 74.0252151489, 74.3735122681, 74.7218093872], "beats_loudness": {"dvar2": 0.000536964333151, "var": 0.000203596006031, "min": 0.000493475235999, "dmean": 0.0161682255566, "mean": 0.0348476022482, "max": 0.0766655355692, "dmean2": 0.0280441455543, "median": 0.034604601562, "dvar": 0.000174002168933}, "bpm_histogram_second_peak_weight": {"dvar2": 0, "var": 0, "min": 0.267857134342, "dmean": 0, "mean": 0.267857134342, "max": 0.267857134342, "dmean2": 0, "median": 0.267857134342, "dvar": 0}, "bpm_histogram_second_peak_spread": {"dvar2": 0, "var": 0, "min": 0, "dmean": 0, "mean": 0, "max": 0, "dmean2": 0, "median": 0, "dvar": 0}, "bpm_histogram_second_peak_bpm": {"dvar2": 0, "var": 0, "min": 178, "dmean": 0, "mean": 178, "max": 178, "dmean2": 0, "median": 178, "dvar": 0}, "onset_rate": 5.12536811829}, "lowlevel": {"spectral_energyband_high": {"dvar2": 6.16265154463e-08, "var": 7.13921437523e-08, "min": 7.9722770787e-21, "dmean": 0.000110451626824, "mean": 0.000200087291887, "max": 0.00539141986519, "dmean2": 0.0001637913374, "median": 0.000131404391141, "dvar": 3.11015071475e-08}, "spectral_energyband_middle_low": {"dvar2": 0.000256893166807, "var": 0.000209521080251, "min": 2.68068870033e-22, "dmean": 0.00848346296698, "mean": 0.0114686479792, "max": 0.076965585351, "dmean2": 0.0132278958336, "median": 0.00503557547927, "dvar": 0.000114658607345}, "spectral_energy": {"dvar2": 0.000309220718918, "var": 0.000366768130334, "min": 1.06078804977e-20, "dmean": 0.011080974713, "mean": 0.0205788463354, "max": 0.0801107734442, "dmean2": 0.0160625651479, "median": 0.0155224129558, "dvar": 0.000156595851877}, "spectral_spread": {"dvar2": 1830093324290.0, "var": 2271757729790.0, "min": 1552478.5, "dmean": 833071.25, "mean": 3682394.75, "max": 39581872, "dmean2": 1214631.875, "median": 3303994.5, "dvar": 1091553067010.0}, "spectral_energyband_low": {"dvar2": 0.000224014773266, "var": 9.38366210903e-05, "min": 2.968637572e-23, "dmean": 0.0041437712498, "mean": 0.00392213929445, "max": 0.0690628066659, "dmean2": 0.00672787101939, "median": 0.000291419884888, "dvar": 9.14874908631e-05}, "spectral_rolloff": {"dvar2": 3134963, "var": 3231497.25, "min": 43.06640625, "dmean": 1009.18292236, "mean": 2110.31103516, "max": 18690.8203125, "dmean2": 1626.73376465, "median": 1744.18945312, "dvar": 1654340.25}, "barkbands": {"dvar2": [1.72719012426e-08, 5.91751741013e-05, 0.000111035304144, 4.32909182564e-05, 5.81874592172e-05, 2.20022284338e-05, 5.4838561482e-05, 9.72490524873e-05, 2.54806236626e-05, 4.57768182969e-05, 8.64838966663e-06, 5.72419185119e-06, 2.60562137555e-06, 3.05732578454e-06, 1.73185912899e-06, 1.02373905975e-06, 2.51074834523e-06, 3.37825690622e-06, 8.57705231283e-07, 1.20687190019e-07, 1.32282274024e-08, 7.56493978571e-09, 1.69646074966e-09, 4.13895001605e-10, 6.30638458121e-11, 3.49983583781e-12, 4.17518972141e-15], "var": [1.20923848712e-08, 2.3390761271e-05, 2.87612110697e-05, 1.08780523078e-05, 3.55783122359e-05, 9.69582288235e-06, 2.66996958089e-05, 7.26653888705e-05, 1.20635158964e-05, 2.29956658586e-05, 4.43066483058e-06, 1.99520832211e-06, 1.09724055619e-06, 9.66933043856e-07, 8.79202104898e-07, 5.68655309507e-07, 1.36613607538e-06, 2.43547037826e-06, 5.70651479848e-07, 7.62243601571e-08, 1.41186884406e-08, 7.63152652183e-09, 1.37413702639e-09, 2.87006557409e-10, 3.9389255746e-11, 2.99885290211e-12, 1.84354984552e-15], "min": [6.65464363641e-24, 1.06841191079e-23, 7.41746897632e-24, 9.54321166875e-24, 6.39047068533e-23, 4.07775928088e-23, 5.55989166e-23, 3.07918696153e-23, 5.32878002723e-23, 7.81484992648e-23, 5.69347862787e-23, 1.12317397218e-22, 8.6736992023e-23, 8.66436603116e-23, 2.2851826201e-22, 1.5993021418e-22, 1.2201112197e-22, 1.66625421833e-22, 1.81453356279e-22, 3.4871892927e-22, 4.74546004941e-22, 5.7574269745e-22, 7.19708171823e-22, 1.05668506429e-21, 1.09422636155e-21, 1.65948404996e-21, 2.39777667399e-21], "dmean": [5.03744413436e-05, 0.00192513666116, 0.00237075937912, 0.00158105464652, 0.00296187866479, 0.00109841162339, 0.00191549491137, 0.00304143712856, 0.00115916586947, 0.00160898501053, 0.000594127224758, 0.000506154436152, 0.000374768424081, 0.000391522451537, 0.000364713574527, 0.000300678831991, 0.000470120197861, 0.000740357325412, 0.000383003760362, 0.000116121795145, 3.69065710402e-05, 3.16985060635e-05, 1.69929498952e-05, 8.78223454492e-06, 3.33966499966e-06, 8.63785942329e-07, 2.31893633185e-08], "mean": [6.58513745293e-05, 0.00181595725007, 0.00158460752573, 0.00107746140566, 0.00316692958586, 0.000910330098122, 0.00170673942193, 0.00309335649945, 0.00100572919473, 0.00149781350046, 0.000526541785803, 0.000445748853963, 0.000346699001966, 0.000358444987796, 0.000381847348763, 0.000329055386828, 0.000546470168047, 0.00092372612562, 0.00049241859233, 0.000146617530845, 5.5232016166e-05, 5.0444235967e-05, 2.81223310594e-05, 1.54052177095e-05, 5.85541374676e-06, 1.42585963658e-06, 3.04388017014e-08], "max": [0.00105867313687, 0.0535907149315, 0.0449872612953, 0.0295161306858, 0.0590419210494, 0.0562518648803, 0.0662992373109, 0.0750644505024, 0.0466556847095, 0.0499594472349, 0.0446079000831, 0.0218219608068, 0.0136975338683, 0.0136846834794, 0.0105102593079, 0.00921073183417, 0.0158811435103, 0.0151631832123, 0.00682480866089, 0.00375019223429, 0.00299874832854, 0.00141409237403, 0.000441377953393, 0.000263304274995, 0.000104098369775, 2.58902255155e-05, 8.20397076495e-07], "dmean2": [7.84857256804e-05, 0.00311159179546, 0.00421116314828, 0.00280151306652, 0.00476378714666, 0.00188453681767, 0.00309531041421, 0.00466810679063, 0.00191848259419, 0.00258205411956, 0.000954400165938, 0.000855178164784, 0.000615243508946, 0.00065066141542, 0.000582155014854, 0.000480403919937, 0.000733399239834, 0.00112299632747, 0.000582753273193, 0.000178211892489, 5.66989692743e-05, 4.72856663691e-05, 2.6052346584e-05, 1.36652997753e-05, 5.26169560544e-06, 1.3204720517e-06, 3.90428773756e-08], "median": [2.87068851321e-05, 0.000147566664964, 5.03997434862e-05, 3.47784443875e-05, 0.000628660665825, 6.7708271672e-05, 0.000113736881758, 0.000131381020765, 7.04584672349e-05, 7.85351439845e-05, 4.39761097368e-05, 5.0971233577e-05, 5.17890475749e-05, 6.79100485286e-05, 6.68900320306e-05, 7.83262948971e-05, 0.000138661023811, 0.000230433273828, 0.000167283375049, 5.16096770298e-05, 2.80155727523e-05, 2.81047468889e-05, 1.59634146257e-05, 1.0158600162e-05, 4.27528721048e-06, 9.51915012593e-07, 1.86056858809e-08], "dvar": [7.69025998437e-09, 2.34464423556e-05, 4.15586146119e-05, 1.59051214723e-05, 2.56915482169e-05, 8.79624712979e-06, 2.45309383899e-05, 4.84396878164e-05, 1.1194821127e-05, 1.99924288609e-05, 3.9283740989e-06, 2.20053516387e-06, 1.06767879515e-06, 1.16509625059e-06, 7.53683821131e-07, 4.44222081342e-07, 1.07916582692e-06, 1.55820237069e-06, 3.65806499758e-07, 5.2206370782e-08, 6.63215216079e-09, 3.97508337358e-09, 7.71628538843e-10, 1.74913319939e-10, 2.52088679792e-11, 1.61483901338e-12, 1.67432282706e-15]}, "melbands_skewness": {"dvar2": 9.75436401367, "var": 8.42983341217, "min": -2.76708817482, "dmean": 1.92610442638, "mean": 2.86966538429, "max": 20.2139663696, "dmean2": 2.91148662567, "median": 2.14819812775, "dvar": 4.30031633377}, "barkbands_skewness": {"dvar2": 4.42673206329, "var": 4.46277761459, "min": -3.94843816757, "dmean": 1.39421880245, "mean": 1.40974640846, "max": 21.5742797852, "dmean2": 2.04639387131, "median": 1.12396430969, "dvar": 1.94215106964}, "erbbands": {"dvar2": [0.0122317429632, 4.6708407402, 105.137336731, 303.550628662, 638.828613281, 1007.06469727, 1795.84204102, 1074.69104004, 3535.91625977, 31305.84375, 40618.125, 10813.4003906, 33602.3203125, 24621.1210938, 10596.8037109, 7811.01318359, 4544.56835938, 6472.52978516, 6026.85302734, 2282.65576172, 3145.22705078, 5936.07617188, 9183.51171875, 4079.04541016, 1356.62182617, 193.362960815, 18.3455104828, 28.2930164337, 13.5667610168, 3.18011164665, 1.43925130367, 0.371837079525, 0.0811913385987, 0.0174935106188, 0.00131466554012, 0.000181811541552, 5.8198475017e-06, 4.99382259989e-08, 1.62174718099e-10, 3.67002317425e-10], "var": [0.0110229346901, 1.64266681671, 29.4462776184, 74.5299987793, 251.498687744, 630.675537109, 1068.6385498, 389.184173584, 1561.37487793, 19335.3046875, 27017.3027344, 4927.81445312, 18479.6660156, 10889.6494141, 5606.44042969, 2652.33300781, 2053.34643555, 2209.5612793, 2673.54345703, 1601.60388184, 1716.05822754, 3955.7265625, 6968.48095703, 3015.44897461, 1011.71142578, 145.604553223, 20.7818641663, 23.2377986908, 12.4655981064, 3.03544998169, 1.0109962225, 0.250986665487, 0.0507248230278, 0.0100397830829, 0.000991464359686, 0.000160093375598, 4.75910155728e-06, 4.19803143359e-08, 1.45698550447e-10, 4.76585437781e-10], "min": [4.67598778317e-22, 1.98749953303e-21, 4.98514936439e-21, 2.66526721432e-20, 3.69918336484e-20, 2.93838283323e-19, 3.46264706203e-19, 4.05318836193e-19, 4.36716001457e-19, 1.31161718054e-18, 5.73159495196e-19, 1.39018734461e-18, 1.76480100382e-18, 2.33548200741e-18, 3.0252685406e-18, 5.2373188638e-18, 3.49400470357e-18, 4.01615667498e-18, 8.44596155888e-18, 1.38327155634e-17, 7.64315630462e-18, 8.35521240106e-18, 7.41344328543e-18, 8.83807825645e-18, 1.03354538362e-17, 1.6167559401e-17, 2.15566030415e-17, 1.84267352377e-17, 1.89215249016e-17, 2.1628445332e-17, 2.04189732732e-17, 1.90181313253e-17, 1.67680776364e-17, 1.07616536837e-17, 9.10080570825e-18, 4.65293768132e-18, 3.69123185856e-18, 1.38540686105e-18, 3.21820123235e-19, 3.38174892737e-20], "dmean": [0.0347136333585, 0.52850228548, 2.40109729767, 4.08202648163, 7.69482564926, 11.5849514008, 11.3895082474, 7.51257705688, 14.6310167313, 55.8277740479, 55.1695213318, 23.5254802704, 45.6688690186, 34.8559799194, 23.4017467499, 18.2794322968, 16.0344333649, 18.6686286926, 20.5182132721, 15.5389928818, 16.4568881989, 25.9002513885, 38.8868026733, 26.5588817596, 14.908164978, 5.03304004669, 1.70002496243, 1.47820198536, 1.22031271458, 0.777219295502, 0.449533164501, 0.233587756753, 0.126969560981, 0.0543303564191, 0.0153654050082, 0.00630027847365, 0.00107678596396, 0.000106530773337, 7.46980913391e-06, 1.2643718037e-05], "mean": [0.0423355475068, 0.454545855522, 1.70253574848, 2.79182839394, 6.50472688675, 11.9524669647, 11.3681278229, 5.9826631546, 12.707118988, 55.7351799011, 55.1430053711, 22.0132789612, 44.7077560425, 31.6789093018, 22.9500827789, 17.0264339447, 15.7632932663, 17.5888271332, 21.2749328613, 17.9624996185, 19.8292751312, 32.5761680603, 49.1641769409, 35.0289459229, 19.8739051819, 6.84733438492, 2.58068346977, 2.16277122498, 1.88492786884, 1.26823651791, 0.732469916344, 0.402085036039, 0.220696508884, 0.0945603474975, 0.0252264533192, 0.0102768177167, 0.0017907069996, 0.000179166410817, 1.68523383763e-05, 2.48452506639e-05], "max": [0.978129982948, 14.5782842636, 47.4006576538, 78.497177124, 162.01600647, 320.155944824, 486.344360352, 444.392425537, 773.000854492, 1469.46020508, 1653.08569336, 1138.87219238, 1785.05639648, 1778.63586426, 1224.60095215, 1046.36132812, 625.25769043, 784.264221191, 574.387939453, 536.119445801, 579.994018555, 669.513671875, 798.131347656, 661.211730957, 325.275939941, 144.546691895, 106.865333557, 118.540550232, 62.2773628235, 24.5195617676, 14.5193367004, 9.29036712646, 2.59413838387, 1.30210781097, 0.468291521072, 0.16147775948, 0.036327496171, 0.00319085619412, 0.000131131368107, 9.11919705686e-05], "dmean2": [0.0502523444593, 0.869435667992, 4.19251346588, 7.25834989548, 12.8049459457, 18.5360736847, 18.9442005157, 13.0459699631, 23.9072494507, 85.9618148804, 83.5591278076, 38.6940803528, 72.6409606934, 56.2301712036, 37.7468795776, 30.3543300629, 25.7668476105, 30.3945560455, 32.6212158203, 23.2755832672, 25.7649116516, 39.8947906494, 58.4024581909, 39.8905029297, 22.5201854706, 7.59949922562, 2.62905955315, 2.25162506104, 1.83190500736, 1.17435562611, 0.698733925819, 0.362239003181, 0.199252262712, 0.0861584246159, 0.0238210111856, 0.00957563519478, 0.00167625001632, 0.000164311102708, 1.12710094982e-05, 1.82060484804e-05], "median": [0.00383198680356, 0.0326732061803, 0.0737598389387, 0.128657013178, 0.591663599014, 2.27543950081, 1.68521571159, 0.761315822601, 1.61064577103, 4.1531162262, 2.89484071732, 2.75296020508, 3.28586435318, 2.75396966934, 2.66594982147, 2.28000211716, 2.63644576073, 3.6727180481, 3.8352227211, 4.05738019943, 5.37708377838, 9.00557994843, 12.6470432281, 11.4611253738, 6.55952262878, 2.68258523941, 1.41177690029, 1.07299375534, 1.00854694843, 0.727427124977, 0.410138726234, 0.242664054036, 0.150166273117, 0.0673258304596, 0.017094604671, 0.00673589389771, 0.00121296313591, 0.000121494005725, 1.67226608028e-05, 2.01699713216e-05], "dvar": [0.00640868209302, 1.8345156908, 40.109752655, 111.451828003, 260.445098877, 456.257110596, 779.987792969, 419.617156982, 1542.58605957, 14659.8056641, 19302.8847656, 4681.01123047, 14812.3710938, 10339.2851562, 4667.95996094, 2939.08251953, 1878.50073242, 2530.24316406, 2537.37036133, 1080.24047852, 1289.07568359, 2688.89550781, 4260.33789062, 1911.26708984, 593.733093262, 88.9225234985, 9.48723697662, 12.8359584808, 6.84852361679, 1.60257542133, 0.62722069025, 0.156027466059, 0.0329017750919, 0.00682828016579, 0.000570027215872, 8.55230100569e-05, 2.58728755398e-06, 2.20235651938e-08, 7.29599436422e-11, 1.91358429102e-10]}, "silence_rate_30dB": {"dvar2": 0, "var": 0, "min": 1, "dmean": 0, "mean": 1, "max": 1, "dmean2": 0, "median": 1, "dvar": 0}, "melbands_spread": {"dvar2": 1341.00012207, "var": 1419.40014648, "min": 0.34031265974, "dmean": 20.7953491211, "mean": 36.0081214905, "max": 217.185394287, "dmean2": 32.0333900452, "median": 22.2401752472, "dvar": 674.58795166}, "melbands_crest": {"dvar2": 54.126701355, "var": 45.8072814941, "min": 1.7639272213, "dmean": 5.98644113541, "mean": 16.0956764221, "max": 34.961894989, "dmean2": 9.74598407745, "median": 15.5116281509, "dvar": 21.2218532562}, "zerocrossingrate": {"dvar2": 0.000562737928703, "var": 0.00215487927198, "min": 0.00439453125, "dmean": 0.0204533245414, "mean": 0.0725325495005, "max": 0.51318359375, "dmean2": 0.0227680373937, "median": 0.0615234375, "dvar": 0.000498379115015}, "barkbands_kurtosis": {"dvar2": 1324.66027832, "var": 450.931671143, "min": -1.94768571854, "dmean": 9.25517654419, "mean": 7.18099308014, "max": 592.252197266, "dmean2": 15.3534345627, "median": 1.24775052071, "dvar": 508.282104492}, "spectral_flux": {"dvar2": 0.00291223009117, "var": 0.00406871456653, "min": 1.02994564266e-10, "dmean": 0.0420086756349, "mean": 0.108735665679, "max": 0.29336053133, "dmean2": 0.0628885030746, "median": 0.109499230981, "dvar": 0.0014811665751}, "barkbands_crest": {"dvar2": 34.2974510193, "var": 29.5962734222, "min": 2.38597154617, "dmean": 4.5695271492, "mean": 11.8243789673, "max": 26.3739871979, "dmean2": 7.43506002426, "median": 10.6610021591, "dvar": 14.3104705811}, "barkbands_flatness_db": {"dvar2": 0.00302234804258, "var": 0.00391572527587, "min": 0.0368713065982, "dmean": 0.0412825271487, "mean": 0.163304969668, "max": 0.4133644104, "dmean2": 0.0620163977146, "median": 0.161159783602, "dvar": 0.00137778185308}, "spectral_entropy": {"dvar2": 0.166786298156, "var": 0.277806818485, "min": 5.61292457581, "dmean": 0.309943258762, "mean": 7.45708560944, "max": 9.80659770966, "dmean2": 0.444437175989, "median": 7.42460250854, "dvar": 0.0829259008169}, "pitch_salience": {"dvar2": 0.0366215854883, "var": 0.026879793033, "min": 0.0578776039183, "dmean": 0.143092513084, "mean": 0.563012182713, "max": 0.946855783463, "dmean2": 0.232196331024, "median": 0.578775405884, "dvar": 0.0143638234586}, "erbbands_spread": {"dvar2": 870.980834961, "var": 595.342712402, "min": 2.94225859642, "dmean": 17.9960002899, "mean": 37.0429000854, "max": 156.549591064, "dmean2": 28.0549411774, "median": 30.9367141724, "dvar": 352.180358887}, "dynamic_complexity": 3.70148444176, "spectral_contrast_valleys": {"dvar2": [0.511963307858, 1.11126232147, 0.909068286419, 0.686301410198, 0.431640863419, 0.198232844472], "var": [1.10091507435, 1.30398404598, 1.33358645439, 1.06439507008, 0.667949199677, 0.331834107637], "min": [-27.388589859, -27.9005279541, -27.4669570923, -27.2642707825, -27.3529129028, -27.1835517883], "dmean": [0.580492734909, 0.786042869091, 0.722026765347, 0.630088567734, 0.464051485062, 0.29614892602], "mean": [-8.21608257294, -7.57259988785, -7.97441244125, -8.1165189743, -7.70359802246, -10.6159973145], "max": [-5.59278106689, -4.7640953064, -5.11234378815, -5.94773960114, -5.84596300125, -9.29532909393], "dmean2": [0.841718494892, 1.18623161316, 1.06587100029, 0.906682431698, 0.681534707546, 0.432957798243], "median": [-8.31213188171, -7.57335567474, -7.89878177643, -8.00624847412, -7.59781837463, -10.5783758163], "dvar": [0.288249194622, 0.552776753902, 0.493070751429, 0.382724642754, 0.276695281267, 0.148155868053]}, "hfc": {"dvar2": 113.116729736, "var": 236.868331909, "min": 1.17048690419e-16, "dmean": 7.9741563797, "mean": 16.7060871124, "max": 71.4454193115, "dmean2": 10.7391195297, "median": 11.8057117462, "dvar": 72.9093170166}, "spectral_kurtosis": {"dvar2": 15.2457723618, "var": 12.4116535187, "min": -1.16003847122, "dmean": 2.56154036522, "mean": 5.31875181198, "max": 26.1573104858, "dmean2": 4.14704227448, "median": 4.78630828857, "dvar": 5.91219329834}, "mfcc": {"mean": [-696.843078613, 99.7185974121, -14.9343204498, 33.4319572449, 3.21837544441, -5.1542673111, -4.82374572754, 9.70819950104, -7.08452701569, 0.44900098443, 2.82315921783, -3.30171656609, -4.4323091507], "cov": [[5615.12402344, 1726.44470215, -1839.06713867, -850.153991699, -327.449157715, -769.891296387, -209.409912109, 83.936416626, -188.24911499, 20.8822879791, 125.285812378, -143.393508911, -106.077430725], [1726.44470215, 1761.04016113, -262.290344238, -472.357452393, -142.85244751, -365.312957764, -120.869773865, 40.0862884521, -158.521713257, -56.8757629395, 45.5044288635, -41.5273857117, -117.532669067], [-1839.06713867, -262.290344238, 1603.4263916, 514.700317383, 179.173461914, 504.764129639, 52.0515327454, -79.0078277588, 60.2824516296, -57.0456924438, -101.641113281, 59.1830596924, 2.45517683029], [-850.153991699, -472.357452393, 514.700317383, 680.993286133, 301.559875488, 160.591934204, 22.5705852509, -16.1826229095, 65.1984710693, -51.6713523865, -4.26521348953, 26.816904068, 36.5713195801], [-327.449157715, -142.85244751, 179.173461914, 301.559875488, 416.254455566, 147.021499634, -25.3486499786, 34.9475135803, 44.876701355, -31.3064460754, -5.76424837112, 35.3839149475, -5.62151622772], [-769.891296387, -365.312957764, 504.764129639, 160.591934204, 147.021499634, 543.438964844, 153.479324341, -19.0693588257, 133.076782227, 13.6250762939, -72.7372207642, 34.1506500244, 8.44211292267], [-209.409912109, -120.869773865, 52.0515327454, 22.5705852509, -25.3486499786, 153.479324341, 283.465789795, 73.0653839111, 63.0132865906, 70.6937789917, -2.47685050964, 4.80942821503, 28.7468414307], [83.936416626, 40.0862884521, -79.0078277588, -16.1826229095, 34.9475135803, -19.0693588257, 73.0653839111, 175.614639282, 40.5534286499, 7.52810430527, 18.8795337677, -5.08405017853, 0.907292962074], [-188.24911499, -158.521713257, 60.2824516296, 65.1984710693, 44.876701355, 133.076782227, 63.0132865906, 40.5534286499, 171.741165161, 57.9832496643, -5.02561664581, 12.5795478821, 13.0141630173], [20.8822879791, -56.8757629395, -57.0456924438, -51.6713523865, -31.3064460754, 13.6250762939, 70.6937789917, 7.52810430527, 57.9832496643, 200.729248047, 68.4434204102, 12.0265455246, 45.2355880737], [125.285812378, 45.5044288635, -101.641113281, -4.26521348953, -5.76424837112, -72.7372207642, -2.47685050964, 18.8795337677, -5.02561664581, 68.4434204102, 156.528778076, 44.3958358765, 21.7047576904], [-143.393508911, -41.5273857117, 59.1830596924, 26.816904068, 35.3839149475, 34.1506500244, 4.80942821503, -5.08405017853, 12.5795478821, 12.0265455246, 44.3958358765, 110.093070984, 44.0933837891], [-106.077430725, -117.532669067, 2.45517683029, 36.5713195801, -5.62151622772, 8.44211292267, 28.7468414307, 0.907292962074, 13.0141630173, 45.2355880737, 21.7047576904, 44.0933837891, 102.870231628]], "icov": [[0.000453228392871, -0.000431471533375, 0.000548427109607, -0.000214154017158, 0.000200531663722, -0.00024901368306, 0.000258407875663, -7.92869905126e-05, 9.33326446102e-05, -0.000152074368089, 3.96934628952e-05, 0.000187210069271, -3.62398568541e-05], [-0.000431471533375, 0.00135753431823, -0.00087989208987, 0.00115068838932, -0.000685674953274, 0.00104093563277, -0.000500872265548, 9.32128386921e-05, -3.52438692062e-05, 0.000488526944537, -0.000435557332821, -6.50343135931e-05, 0.00064368621679], [0.000548427109607, -0.00087989208987, 0.00213236431591, -0.00181879487354, 0.00123943120707, -0.00196461379528, 0.00104562286288, -0.000479707901832, 0.000992724089883, -0.00085231626872, 0.00091204745695, -0.000757294590585, 0.000478286034195], [-0.000214154017158, 0.00115068838932, -0.00181879487354, 0.00477436371148, -0.00331198703498, 0.00222563510761, -0.00171005656011, 0.00167104508728, -0.00185040186625, 0.00239553651772, -0.00194368232042, 0.0019047295209, -0.00168618757743], [0.000200531663722, -0.000685674953274, 0.00123943120707, -0.00331198703498, 0.00542782619596, -0.00258788466454, 0.00236918148585, -0.0024481320288, 0.00124369689729, -0.00139834336005, 0.00110756512731, -0.00207292614505, 0.00155214976985], [-0.00024901368306, 0.00104093563277, -0.00196461379528, 0.00222563510761, -0.00258788466454, 0.00580656062812, -0.00318411830813, 0.00229901028797, -0.00311350333504, 0.00132752209902, 0.000282957364107, -0.000146568476339, 0.000253016216448], [0.000258407875663, -0.000500872265548, 0.00104562286288, -0.00171005656011, 0.00236918148585, -0.00318411830813, 0.00672293035313, -0.00362567673437, 0.00130572204944, -0.00262022553943, 0.00106483406853, -0.000432644126704, -0.000230978606851], [-7.92869905126e-05, 9.32128386921e-05, -0.000479707901832, 0.00167104508728, -0.0024481320288, 0.00229901028797, -0.00362567673437, 0.00880425330251, -0.00328694749624, 0.00243575964123, -0.00188454368617, 0.00165622716304, -0.000912341871299], [9.33326446102e-05, -3.52438692062e-05, 0.000992724089883, -0.00185040186625, 0.00124369689729, -0.00311350333504, 0.00130572204944, -0.00328694749624, 0.0100098289549, -0.00388916139491, 0.00183711538557, -0.00165525486227, 0.00144342973363], [-0.000152074368089, 0.000488526944537, -0.00085231626872, 0.00239553651772, -0.00139834336005, 0.00132752209902, -0.00262022553943, 0.00243575964123, -0.00388916139491, 0.0095156962052, -0.00489336531609, 0.00305521953851, -0.00387403951026], [3.96934628952e-05, -0.000435557332821, 0.00091204745695, -0.00194368232042, 0.00110756512731, 0.000282957364107, 0.00106483406853, -0.00188454368617, 0.00183711538557, -0.00489336531609, 0.0109489904717, -0.00558760529384, 0.0019731244538], [0.000187210069271, -6.50343135931e-05, -0.000757294590585, 0.0019047295209, -0.00207292614505, -0.000146568476339, -0.000432644126704, 0.00165622716304, -0.00165525486227, 0.00305521953851, -0.00558760529384, 0.0149189569056, -0.00688515789807], [-3.62398568541e-05, 0.00064368621679, 0.000478286034195, -0.00168618757743, 0.00155214976985, 0.000253016216448, -0.000230978606851, -0.000912341871299, 0.00144342973363, -0.00387403951026, 0.0019731244538, -0.00688515789807, 0.0151995578781]]}, "silence_rate_20dB": {"dvar2": 0, "var": 0, "min": 1, "dmean": 0, "mean": 1, "max": 1, "dmean2": 0, "median": 1, "dvar": 0}, "melbands_kurtosis": {"dvar2": 7279.72363281, "var": 3084.14990234, "min": -1.92360258102, "dmean": 25.8064041138, "mean": 23.2101669312, "max": 1022.10388184, "dmean2": 42.5648994446, "median": 5.49885082245, "dvar": 2982.53662109}, "barkbands_spread": {"dvar2": 347.06817627, "var": 343.38180542, "min": 0.493274331093, "dmean": 12.2132930756, "mean": 24.3548259735, "max": 100.012634277, "dmean2": 19.0063285828, "median": 19.6793289185, "dvar": 163.206283569}, "erbbands_skewness": {"dvar2": 1.40485215187, "var": 1.87744534016, "min": -5.36988210678, "dmean": 0.915435194969, "mean": -0.103461608291, "max": 5.54369592667, "dmean2": 1.36074566841, "median": -0.0958479568362, "dvar": 0.626061618328}, "average_loudness": 0.963910341263, "spectral_centroid": {"dvar2": 699140.0625, "var": 1031521.4375, "min": 187.968551636, "dmean": 612.292236328, "mean": 1814.76123047, "max": 11375.3408203, "dmean2": 899.142700195, "median": 1726.27783203, "dvar": 375038.65625}, "dissonance": {"dvar2": 0.00175285455771, "var": 0.00164572091307, "min": 0.26765191555, "dmean": 0.0247032903135, "mean": 0.460541188717, "max": 0.499999791384, "dmean2": 0.0388116836548, "median": 0.474309802055, "dvar": 0.000741563737392}, "erbbands_flatness_db": {"dvar2": 0.00168594089337, "var": 0.0037500038743, "min": 0.0785229876637, "dmean": 0.0362335257232, "mean": 0.201773121953, "max": 0.393948554993, "dmean2": 0.0498468540609, "median": 0.198485970497, "dvar": 0.000978860538453}, "spectral_strongpeak": {"dvar2": 2.22159385681, "var": 1.71355223656, "min": 0, "dmean": 0.759830236435, "mean": 1.06170666218, "max": 9.84949588776, "dmean2": 1.17666447163, "median": 0.511268615723, "dvar": 0.968772649765}, "spectral_rms": {"dvar2": 2.92312006422e-06, "var": 5.31234809387e-06, "min": 3.21700977489e-12, "dmean": 0.00129174592439, "mean": 0.00384246651083, "max": 0.00884063635021, "dmean2": 0.0017679798184, "median": 0.00389150460251, "dvar": 1.66927247847e-06}, "silence_rate_60dB": {"dvar2": 0.227179035544, "var": 0.171610638499, "min": 0, "dmean": 0.135394126177, "mean": 0.220024719834, "max": 1, "dmean2": 0.27087199688, "median": 0, "dvar": 0.11706443876}, "melbands": {"dvar2": [2.37838912653e-06, 1.74169181264e-05, 9.6556796052e-06, 3.4402885376e-06, 1.79244591436e-06, 5.47584477317e-07, 1.22854021356e-06, 3.78089021069e-06, 2.33708942687e-06, 4.26302420919e-07, 9.20937225146e-07, 5.29618091605e-07, 1.46797788148e-07, 9.1226993959e-08, 4.33804565603e-08, 2.32869190597e-08, 2.94156610181e-08, 2.09612913693e-08, 9.04698715942e-09, 5.41612710236e-09, 6.75113076554e-09, 7.36640215493e-09, 1.04530810674e-08, 8.43038083786e-09, 3.2338465239e-09, 1.26441024317e-09, 4.13536288546e-10, 6.61697571736e-11, 9.6921897591e-12, 1.29149512265e-11, 1.0382299187e-11, 6.66235773147e-12, 1.6659660847e-12, 1.10587136237e-12, 7.00907810524e-13, 2.75444597686e-13, 1.14760943261e-13, 5.16904735974e-14, 3.59724558897e-14, 7.26059447618e-15], "var": [1.26258692035e-06, 5.57953444513e-06, 2.68095459433e-06, 1.94282779375e-06, 1.13876944852e-06, 2.20373138404e-07, 5.48828495539e-07, 2.65338280769e-06, 1.56963653808e-06, 1.82772865287e-07, 5.00229930367e-07, 2.34138965993e-07, 8.0041601791e-08, 3.04642142623e-08, 1.75215397746e-08, 9.07276742623e-09, 9.01440877499e-09, 8.28708834888e-09, 4.93799223733e-09, 2.77163403339e-09, 2.93888491321e-09, 4.33661506705e-09, 6.52608100893e-09, 6.03999517068e-09, 2.07032546662e-09, 7.96635035716e-10, 3.0035987586e-10, 4.18359409615e-11, 9.08396101396e-12, 8.22572652354e-12, 8.11928389105e-12, 5.30506064425e-12, 1.6688008397e-12, 8.2619019048e-13, 4.18631709159e-13, 1.7871381458e-13, 7.84412275802e-14, 2.96560600513e-14, 1.90313903688e-14, 4.14377284588e-15], "min": [4.40721717719e-24, 2.78170025665e-24, 4.72443747427e-24, 9.75118380236e-24, 1.47463867383e-23, 8.58772046338e-24, 7.54763418112e-24, 1.30249376264e-23, 4.49040926496e-24, 8.46402944003e-24, 8.65647679102e-24, 9.55137716798e-24, 8.34943319405e-24, 1.33447591923e-23, 1.10757514708e-23, 7.87644955022e-24, 7.14885316062e-24, 1.2533502526e-23, 1.72752523417e-23, 1.46470360182e-23, 7.87357415222e-24, 8.60654662889e-24, 6.93419700856e-24, 7.41495329889e-24, 6.9315669463e-24, 7.41908456345e-24, 6.90404280046e-24, 1.18456331716e-23, 1.65935865894e-23, 7.18519913796e-24, 1.27913827336e-23, 9.65585390627e-24, 1.18349093964e-23, 1.29633197011e-23, 1.36175267829e-23, 8.88400715305e-24, 1.34805174209e-23, 1.19337899554e-23, 1.180595899e-23, 8.08502200697e-24], "dmean": [0.000419792690082, 0.00103115686215, 0.000815490901005, 0.000683831574861, 0.000422700803028, 0.000176639019628, 0.000273936631856, 0.00065065396484, 0.000401127937948, 0.000148999781231, 0.000239289322053, 0.000157895206939, 8.13473961898e-05, 6.1238570197e-05, 4.29439314757e-05, 3.40483420587e-05, 3.66561325791e-05, 3.55398697138e-05, 2.55095528701e-05, 2.00334434339e-05, 2.11454243981e-05, 2.66369443125e-05, 3.50466070813e-05, 3.67164138879e-05, 2.18419609155e-05, 1.37450579132e-05, 7.2437255767e-06, 2.64705818154e-06, 1.13950727609e-06, 9.08671040634e-07, 8.88595877768e-07, 7.76425849836e-07, 5.54364419258e-07, 4.16659133862e-07, 2.87653506348e-07, 1.92255384945e-07, 1.33960256221e-07, 9.83198162885e-08, 7.47768567066e-08, 3.57377665239e-08], "mean": [0.000446673133411, 0.000805482384749, 0.000591869698837, 0.000676843279507, 0.000439947441919, 0.000139391151606, 0.000236218431382, 0.000665482482873, 0.000397855648771, 0.000129806241603, 0.000231010621064, 0.000137830895255, 7.5955176726e-05, 5.44534013898e-05, 3.91975554521e-05, 3.21571860695e-05, 3.24647480738e-05, 3.45412263414e-05, 2.71962853731e-05, 2.14359733945e-05, 2.36088162637e-05, 3.14331664413e-05, 4.16501206928e-05, 4.45380173915e-05, 2.68880630756e-05, 1.72496020241e-05, 9.23655261431e-06, 3.34368405674e-06, 1.59104433806e-06, 1.27756982238e-06, 1.24005543967e-06, 1.12172085664e-06, 8.63988418587e-07, 6.36841093637e-07, 4.38707644435e-07, 3.09118661335e-07, 2.20395378392e-07, 1.61313920444e-07, 1.25170444676e-07, 5.90355782037e-08], "max": [0.0105361677706, 0.020305108279, 0.0136091327295, 0.016321234405, 0.0149624506012, 0.00896363984793, 0.0121188368648, 0.0163607094437, 0.0131011027843, 0.00611692201346, 0.00886063463986, 0.00798602122813, 0.00472981482744, 0.00234469538555, 0.00360957556404, 0.00169322942384, 0.0016699929256, 0.00107103085611, 0.00105591630563, 0.00078491755994, 0.000908008601982, 0.000879461702425, 0.00112676958088, 0.000764258264098, 0.000547461793758, 0.0002971959766, 0.000234444349189, 7.69305042922e-05, 8.19497872726e-05, 7.04090198269e-05, 6.90130909788e-05, 4.59527291241e-05, 1.84332056961e-05, 1.60520612553e-05, 1.01307814475e-05, 7.73239116825e-06, 5.24897177456e-06, 2.12233067032e-06, 2.06480171983e-06, 8.03468594768e-07], "dmean2": [0.000654589792248, 0.00173530948814, 0.00141163379885, 0.00110152398702, 0.000694515765645, 0.000304553133901, 0.000445990212029, 0.000992155983113, 0.000615103752352, 0.000249798147706, 0.000381577410735, 0.000257534644334, 0.000131044536829, 0.000103329533886, 7.01097669662e-05, 5.61803353776e-05, 6.08766749792e-05, 5.75708618271e-05, 4.04639686167e-05, 3.17454396281e-05, 3.43688152498e-05, 4.1792227421e-05, 5.51206212549e-05, 5.54588732484e-05, 3.35203985742e-05, 2.13274925045e-05, 1.10178543764e-05, 4.16108514401e-06, 1.78878929091e-06, 1.4505657191e-06, 1.35587720251e-06, 1.1763341945e-06, 8.50768060445e-07, 6.41732356144e-07, 4.5338288146e-07, 3.02332097135e-07, 2.10631029063e-07, 1.55681433966e-07, 1.20397643855e-07, 5.73381981894e-08], "median": [4.23992605647e-05, 4.23259771196e-05, 2.8754449886e-05, 0.000104323335108, 7.95563973952e-05, 1.24237039927e-05, 1.93971245608e-05, 4.3575430027e-05, 1.60929921549e-05, 1.11581175588e-05, 1.45932681335e-05, 9.30359237827e-06, 7.74344152887e-06, 5.81392214372e-06, 5.25643827132e-06, 5.21748643223e-06, 6.02473573963e-06, 5.58034844289e-06, 4.88809337185e-06, 4.51975938631e-06, 5.7862016547e-06, 7.8634620877e-06, 9.50588218984e-06, 1.03833936009e-05, 8.2311926235e-06, 5.40752625966e-06, 2.61160016635e-06, 1.3031844901e-06, 7.93918616182e-07, 6.18002786723e-07, 5.72571082103e-07, 5.57400312573e-07, 4.85949271933e-07, 3.4987459685e-07, 2.41619773078e-07, 1.72719865077e-07, 1.34111147077e-07, 1.08052248038e-07, 8.70401919428e-08, 4.07679294767e-08], "dvar": [1.0187945918e-06, 6.81115307088e-06, 3.64142169929e-06, 1.5062470311e-06, 7.9162663269e-07, 2.18240543859e-07, 5.35855349426e-07, 1.83207248483e-06, 1.10805729037e-06, 1.82533199222e-07, 4.05287323701e-07, 2.23774065944e-07, 6.75247520121e-08, 3.45746187236e-08, 1.76384347128e-08, 9.43471167858e-09, 1.1228700636e-08, 8.5945091044e-09, 4.06144451404e-09, 2.33771269009e-09, 2.60958654685e-09, 3.2305929043e-09, 4.63706317788e-09, 3.89568333148e-09, 1.46307344018e-09, 5.32933031039e-10, 1.82941689575e-10, 2.97885500988e-11, 4.82029390361e-12, 5.2533537416e-12, 4.73605009377e-12, 3.22522846104e-12, 8.64107613588e-13, 5.10441407024e-13, 2.98503626331e-13, 1.12744801559e-13, 4.94591584214e-14, 2.09117764066e-14, 1.37220159077e-14, 2.87017664749e-15]}, "spectral_skewness": {"dvar2": 0.233756884933, "var": 0.238331258297, "min": -0.045861326158, "dmean": 0.36264872551, "mean": 1.36141169071, "max": 3.40503358841, "dmean2": 0.570923864841, "median": 1.35217273235, "dvar": 0.0973117351532}, "melbands_flatness_db": {"dvar2": 0.004622974433, "var": 0.00653090886772, "min": 0.00483884988353, "dmean": 0.0512442030013, "mean": 0.202083334327, "max": 0.513958692551, "dmean2": 0.0762495920062, "median": 0.201198101044, "dvar": 0.00216898391955}, "spectral_decrease": {"dvar2": 2.08622825245e-17, "var": 2.3368270858e-17, "min": -2.03327630288e-08, "dmean": 2.79983347617e-09, "mean": -5.05097252912e-09, "max": 2.32567682881e-30, "dmean2": 4.07526368207e-09, "median": -3.69553943003e-09, "dvar": 1.03788675835e-17}, "erbbands_crest": {"dvar2": 32.4803123474, "var": 26.5900650024, "min": 2.34635829926, "dmean": 4.08195590973, "mean": 10.4938488007, "max": 30.7608547211, "dmean2": 6.62181186676, "median": 9.48078918457, "dvar": 13.144695282}, "gfcc": {"mean": [-66.0355224609, 82.5797195435, -139.54296875, 47.3203163147, -62.3635482788, 3.49773550034, -40.1668014526, 12.2608661652, -20.0333328247, -6.41287899017, -9.14853000641, -1.48354876041, -10.0525054932], "cov": [[5887.66308594, 1468.62243652, -1536.80541992, -1425.49755859, 81.0232925415, -615.09161377, -23.2656230927, 155.282089233, 97.1948623657, -286.357452393, 113.278198242, -147.280075073, -100.99546051], [1468.62243652, 1510.53735352, 53.9167633057, -613.224060059, -4.86225318909, -227.215805054, -22.0214347839, -82.9167709351, 81.2179794312, -262.468017578, 104.225692749, -146.779129028, -39.5668106079], [-1536.80541992, 53.9167633057, 1540.14160156, 917.10333252, -23.3134708405, 311.999969482, -39.5844688416, -223.029541016, -51.9596366882, 57.320854187, -107.239151001, 8.18542289734, 3.55275607109], [-1425.49755859, -613.224060059, 917.10333252, 1147.774902