{"metadata": {"tags": {"album": ["Summer Remix EP"], "albumartist": ["Alt-J"], "tracknumber": ["6"], "genre": ["Alternative/Indie"], "artist": ["Alt-J"], "discnumber": ["1/1"], "title": ["Ms (Hanz Remix)"], "file_name": "2006923.mp3", "musicbrainz_recordingid": ["1b6ed344-b5d6-4056-9d8c-e1f4f7dcddf0"]}, "audio_properties": {"sample_rate": 44100, "downmix": "mix", "lossless": false, "analysis_sample_rate": 44100, "md5_encoded": "b8abbd2fe521f7f4e3875577669da35e", "equal_loudness": 0, "replay_gain": -16.4692173004, "codec": "mp3", "bit_rate": 320031, "length": 272.37878418}, "version": {"extractor": "music 1.0", "essentia_build_sha": "70f2e5ece6736b2c40cc944ad0e695b16b925413", "essentia_git_sha": "v2.1_beta2", "essentia": "2.1-beta2"}}, "rhythm": {"beats_loudness_band_ratio": {"dvar2": [0.0945984646678, 0.014989878051, 0.002621561056, 0.00143588916399, 0.0028834217228, 0.0560499206185], "var": [0.196294859052, 0.00346642173827, 0.00097190705128, 0.00109762884676, 0.00561161944643, 0.113171078265], "min": [0.00494918599725, 0.00103866111021, 0.000208930228837, 8.52073062561e-05, 0.000120347081975, 8.45609974931e-05], "dmean": [0.855401396751, 0.0555002726614, 0.0186495296657, 0.0202727466822, 0.137757375836, 0.656675040722], "mean": [0.47857862711, 0.050494171679, 0.0182857625186, 0.0229632910341, 0.0876557976007, 0.354690551758], "max": [0.998723626137, 0.40221324563, 0.318393528461, 0.27035599947, 0.303797274828, 0.77598875761], "dmean2": [1.71050226688, 0.108433760703, 0.0338985882699, 0.0394709222019, 0.274812608957, 1.31136012077], "median": [0.102109521627, 0.0358923338354, 0.0128053184599, 0.0137955332175, 0.10586143285, 0.417087823153], "dvar": [0.0248758532107, 0.00433955108747, 0.00104070547968, 0.000463017495349, 0.000783957832027, 0.0142813231796]}, "bpm_histogram_first_peak_weight": {"dvar2": 0, "var": 0, "min": 0.73581212759, "dmean": 0, "mean": 0.73581212759, "max": 0.73581212759, "dmean2": 0, "median": 0.73581212759, "dvar": 0}, "bpm": 112.979484558, "beats_count": 512, "bpm_histogram_first_peak_spread": {"dvar2": 0, "var": 0, "min": 0.262745082378, "dmean": 0, "mean": 0.262745082378, "max": 0.262745082378, "dmean2": 0, "median": 0.262745082378, "dvar": 0}, "danceability": 1.37947833538, "bpm_histogram_first_peak_bpm": {"dvar2": 0, "var": 0, "min": 112, "dmean": 0, "mean": 112, "max": 112, "dmean2": 0, "median": 112, "dvar": 0}, "beats_position": [0.592108845711, 1.14938771725, 1.69505667686, 2.22911548615, 2.76317453384, 3.29723358154, 3.83129239082, 4.35374164581, 4.87619018555, 5.41024923325, 5.94430828094, 6.47836732864, 7.01242637634, 7.53487491608, 8.06893444061, 8.60299301147, 9.12544155121, 9.65950107574, 10.1935596466, 10.7276191711, 11.261677742, 11.7841272354, 12.3181858063, 12.840634346, 13.3746938705, 13.9087524414, 14.4428119659, 14.9768705368, 15.5109291077, 16.0333786011, 16.5558280945, 17.0898857117, 17.6239452362, 18.1580047607, 18.6920623779, 19.2261219025, 19.7485713959, 20.2710208893, 20.8050785065, 21.339138031, 21.8731975555, 22.4072551727, 22.9413146973, 23.4753742218, 23.9978218079, 24.5202713013, 25.0543308258, 25.5883903503, 26.1224479675, 26.6565074921, 27.1905670166, 27.7246246338, 28.2470741272, 28.7695236206, 29.3035831451, 29.8376407623, 30.3717002869, 30.9057598114, 31.4398174286, 31.962266922, 32.4847145081, 33.0187759399, 33.5528335571, 34.0868911743, 34.6209526062, 35.1550102234, 35.6890678406, 36.211517334, 36.7339668274, 37.2680282593, 37.8020858765, 38.3361434937, 38.8702049255, 39.4042625427, 39.9383201599, 40.4607696533, 40.9832191467, 41.5172767639, 42.0513381958, 42.585395813, 43.1194534302, 43.6419029236, 44.164352417, 44.6984100342, 45.2324714661, 45.7665290833, 46.3005905151, 46.8346481323, 47.3687057495, 47.8911552429, 48.4136047363, 48.9476623535, 49.4817237854, 50.0157814026, 50.5498390198, 51.0839004517, 51.6063499451, 52.1287956238, 52.6628570557, 53.1969146729, 53.73097229, 54.2650337219, 54.7990913391, 55.333152771, 55.8555984497, 56.3780479431, 56.912109375, 57.4461669922, 57.9802246094, 58.5142860413, 59.0483436584, 59.5824012756, 60.104850769, 60.6273002625, 61.1613578796, 61.6954193115, 62.2294769287, 62.7635345459, 63.2975959778, 63.8200454712, 64.3424911499, 64.8765487671, 65.4106140137, 65.9446716309, 66.478729248, 67.0127868652, 67.5468444824, 68.0692977905, 68.5917434692, 69.1258010864, 69.659866333, 70.1939239502, 70.7279815674, 71.2620391846, 71.7960968018, 72.3185501099, 72.8409957886, 73.3750534058, 73.9091110229, 74.4431762695, 74.9772338867, 75.4996795654, 76.0337371826, 76.5561904907, 77.0902481079, 77.6243057251, 78.1583633423, 78.6924285889, 79.2148742676, 79.7373199463, 80.2713851929, 80.8054428101, 81.3395004272, 81.8735580444, 82.4076156616, 82.9416732788, 83.4641265869, 83.9865722656, 84.5206298828, 85.0546951294, 85.5887527466, 86.1228103638, 86.656867981, 87.1909255981, 87.7133789062, 88.235824585, 88.7698822021, 89.3039474487, 89.8380050659, 90.3720626831, 90.9061203003, 91.4401779175, 91.9626312256, 92.4850769043, 93.0191345215, 93.5531921387, 94.0872573853, 94.6213150024, 95.1553726196, 95.6778182983, 96.2002716064, 96.7343292236, 97.2683868408, 97.802444458, 98.3365097046, 98.8705673218, 99.3930130005, 99.9154663086, 100.449523926, 100.983581543, 101.51763916, 102.051696777, 102.585754395, 103.108207703, 103.64226532, 104.176322937, 104.698776245, 105.232833862, 105.766891479, 106.300949097, 106.835006714, 107.36907196, 107.903129578, 108.425575256, 108.948028564, 109.482086182, 110.016143799, 110.550201416, 111.084259033, 111.606712341, 112.12915802, 112.663215637, 113.197273254, 113.731338501, 114.265396118, 114.799453735, 115.321899414, 115.844352722, 116.378410339, 116.912467957, 117.446525574, 117.98059082, 118.514648438, 119.037094116, 119.571151733, 120.093605042, 120.627662659, 121.161720276, 121.695777893, 122.22983551, 122.763900757, 123.297958374, 123.820404053, 124.342857361, 124.876914978, 125.410972595, 125.945030212, 126.47908783, 127.013153076, 127.547210693, 128.069656372, 128.592102051, 129.126159668, 129.660217285, 130.194290161, 130.728347778, 131.262405396, 131.784851074, 132.307296753, 132.84135437, 133.375411987, 133.909469604, 134.44354248, 134.977600098, 135.511657715, 136.034103394, 136.556549072, 137.090606689, 137.624664307, 138.158721924, 138.692779541, 139.226852417, 139.760910034, 140.283355713, 140.805801392, 141.339859009, 141.873916626, 142.407974243, 142.94203186, 143.464492798, 143.998550415, 144.532608032, 145.055053711, 145.589111328, 146.123168945, 146.657226562, 147.19128418, 147.713745117, 148.236190796, 148.770248413, 149.30430603, 149.838363647, 150.372421265, 150.906478882, 151.440536499, 151.962997437, 152.485443115, 153.019500732, 153.55355835, 154.087615967, 154.621673584, 155.155731201, 155.67817688, 156.200637817, 156.734695435, 157.268753052, 157.802810669, 158.336868286, 158.870925903, 159.404983521, 159.927429199, 160.449890137, 160.983947754, 161.518005371, 162.052062988, 162.586120605, 163.120178223, 163.642623901, 164.16506958, 164.699142456, 165.233200073, 165.76725769, 166.301315308, 166.835372925, 167.369430542, 167.891876221, 168.414321899, 168.948379517, 169.482452393, 170.01651001, 170.550567627, 171.084625244, 171.618682861, 172.14112854, 172.663574219, 173.197631836, 173.731704712, 174.265762329, 174.799819946, 175.322265625, 175.856323242, 176.390380859, 176.912826538, 177.446884155, 177.980941772, 178.515014648, 179.037460327, 179.559906006, 180.093963623, 180.62802124, 181.162078857, 181.696136475, 182.230194092, 182.764266968, 183.298324585, 183.820770264, 184.343215942, 184.87727356, 185.411331177, 185.945388794, 186.479446411, 187.013504028, 187.535964966, 188.058410645, 188.592468262, 189.126525879, 189.660583496, 190.194641113, 190.72869873, 191.262756348, 191.785217285, 192.307662964, 192.841720581, 193.375778198, 193.909835815, 194.443893433, 194.97795105, 195.500411987, 196.022857666, 196.556915283, 197.0909729, 197.625030518, 198.159088135, 198.693145752, 199.227203369, 199.749649048, 200.272109985, 200.806167603, 201.34022522, 201.874282837, 202.408340454, 202.930786133, 203.46484375, 203.987304688, 204.521362305, 205.055419922, 205.589477539, 206.123535156, 206.657592773, 207.180038452, 207.714096069, 208.236557007, 208.770614624, 209.304672241, 209.838729858, 210.372787476, 210.906845093, 211.429290771, 211.963348389, 212.485794067, 213.019866943, 213.553924561, 214.087982178, 214.622039795, 215.156097412, 215.678543091, 216.212600708, 216.735046387, 217.269119263, 217.80317688, 218.337234497, 218.871292114, 219.393737793, 219.916183472, 220.450241089, 220.984298706, 221.518356323, 222.052429199, 222.586486816, 223.120544434, 223.642990112, 224.165435791, 224.699493408, 225.233551025, 225.767608643, 226.30166626, 226.835739136, 227.369796753, 227.892242432, 228.41468811, 228.948745728, 229.482803345, 230.016860962, 230.550918579, 231.084991455, 231.607437134, 232.141494751, 232.66394043, 233.197998047, 233.732055664, 234.266113281, 234.800170898, 235.334228516, 235.856689453, 236.379135132, 236.913192749, 237.447250366, 237.981307983, 238.515365601, 239.037811279, 239.571884155, 240.094329834, 240.628387451, 241.162445068, 241.696502686, 242.230560303, 242.76461792, 243.287063599, 243.821136475, 244.343582153, 244.877639771, 245.411697388, 245.945755005, 246.479812622, 247.013870239, 247.536315918, 248.058776855, 248.592834473, 249.12689209, 249.660949707, 250.195007324, 250.729064941, 251.263122559, 251.785568237, 252.308029175, 252.842086792, 253.376144409, 253.910202026, 254.444259644, 254.978317261, 255.500762939, 256.023223877, 256.557281494, 257.091339111, 257.625396729, 258.159454346, 258.693511963, 259.22756958, 259.761627197, 260.272460938, 260.806518555, 261.340576172, 261.874633789, 262.408691406, 262.942749023, 263.476806641, 263.999267578, 264.521728516, 265.055786133, 265.58984375, 266.123901367, 266.657958984, 267.192016602, 267.726074219, 268.248535156, 268.770965576, 269.305023193, 269.839080811, 270.373138428, 270.907196045, 271.441253662, 271.975311279], "beats_loudness": {"dvar2": 0.000278224761132, "var": 0.000246409181273, "min": 0.0023298766464, "dmean": 0.0116171436384, "mean": 0.0459246337414, "max": 0.0881253182888, "dmean2": 0.0199917890131, "median": 0.0497300177813, "dvar": 0.000110839137051}, "bpm_histogram_second_peak_weight": {"dvar2": 0, "var": 0, "min": 0.00195694714785, "dmean": 0, "mean": 0.00195694714785, "max": 0.00195694714785, "dmean2": 0, "median": 0.00195694714785, "dvar": 0}, "bpm_histogram_second_peak_spread": {"dvar2": 0, "var": 0, "min": 0, "dmean": 0, "mean": 0, "max": 0, "dmean2": 0, "median": 0, "dvar": 0}, "bpm_histogram_second_peak_bpm": {"dvar2": 0, "var": 0, "min": 117, "dmean": 0, "mean": 117, "max": 117, "dmean2": 0, "median": 117, "dvar": 0}, "onset_rate": 6.05741834641}, "lowlevel": {"spectral_energyband_high": {"dvar2": 6.57318232697e-05, "var": 3.34765463776e-05, "min": 7.22533540895e-21, "dmean": 0.00272116740234, "mean": 0.0023846027907, "max": 0.0475304275751, "dmean2": 0.00432736752555, "median": 0.000228434146265, "dvar": 2.9643486414e-05}, "spectral_energyband_middle_low": {"dvar2": 0.000162359880051, "var": 8.60288200784e-05, "min": 2.74088219528e-22, "dmean": 0.00433784909546, "mean": 0.00626423768699, "max": 0.0814443901181, "dmean2": 0.00747342268005, "median": 0.00190047151409, "dvar": 6.08756308793e-05}, "spectral_energy": {"dvar2": 0.00107761099935, "var": 0.000522031390574, "min": 1.05802628434e-20, "dmean": 0.0147157143801, "mean": 0.0208188351244, "max": 0.158224657178, "dmean2": 0.0231280010194, "median": 0.0124937910587, "dvar": 0.000450921797892}, "spectral_spread": {"dvar2": 5324003606530.0, "var": 7138169585660.0, "min": 614779.1875, "dmean": 1593779.25, "mean": 6040404.5, "max": 41778516, "dmean2": 2072290, "median": 5236588, "dvar": 3223903010820.0}, "spectral_energyband_low": {"dvar2": 0.000629391463008, "var": 0.00030246420647, "min": 2.92039147012e-23, "dmean": 0.00799280963838, "mean": 0.0095525002107, "max": 0.148835659027, "dmean2": 0.0122076794505, "median": 0.0033323506359, "dvar": 0.000276077043964}, "spectral_rolloff": {"dvar2": 13371982, "var": 9496690, "min": 64.599609375, "dmean": 1585.16564941, "mean": 2258.04174805, "max": 19379.8828125, "dmean2": 2504.54370117, "median": 839.794921875, "dvar": 6308749}, "barkbands": {"dvar2": [7.01856208707e-07, 0.000270380987786, 0.000246598909143, 4.70400991617e-05, 2.52118497883e-05, 3.04468994727e-05, 4.75387651022e-06, 4.89345984533e-06, 6.4277327283e-07, 2.79031695527e-07, 1.46067677065e-07, 4.7590901886e-07, 1.72671349219e-07, 1.4084985196e-05, 1.2608009456e-05, 7.93751326e-07, 1.45220951708e-06, 1.39313863201e-06, 3.47958689417e-06, 3.31517117047e-06, 2.88835690299e-06, 2.48217429544e-06, 2.39624091591e-06, 7.83918210345e-07, 1.92521110876e-06, 7.80295636105e-07, 5.11161459826e-08], "var": [2.17977444095e-07, 0.00014041835675, 4.73999134556e-05, 9.00718350749e-06, 3.36469747708e-05, 6.40064399704e-06, 1.81933376098e-06, 1.16634346341e-05, 6.54127575217e-07, 3.12878853492e-07, 1.69899720959e-07, 1.39646374464e-07, 7.76882558284e-08, 2.76114792541e-06, 2.51286223829e-06, 2.51436460985e-07, 4.69933297609e-07, 4.15586498548e-07, 1.57526278599e-06, 1.36699929953e-06, 1.39122107612e-06, 1.24826874526e-06, 1.16655917282e-06, 4.68785003704e-07, 6.94348386787e-07, 2.96483733564e-07, 2.13369997226e-08], "min": [2.15355240593e-24, 7.77017973109e-24, 3.75194749968e-24, 3.0183246072e-24, 2.34869766122e-23, 3.793929336e-23, 2.77429443047e-23, 2.60867686996e-23, 1.01489282596e-23, 2.31352235346e-23, 2.43114025225e-23, 4.26315516202e-23, 5.38732928361e-23, 1.03286776322e-22, 8.57226368058e-23, 6.92920904105e-23, 1.00964155247e-22, 1.50569085808e-22, 1.66300070352e-22, 2.63692774602e-22, 2.90782030895e-22, 4.31005679248e-22, 4.7929835547e-22, 7.4547971486e-22, 7.97733305864e-22, 1.39227441985e-21, 2.07038864457e-21], "dmean": [0.000248228519922, 0.00566627597436, 0.00300636002794, 0.0013093923917, 0.00163811829407, 0.000990654225461, 0.000600261206273, 0.000441868585767, 0.000150193358422, 0.000149664658238, 0.000133954672492, 0.000176514891791, 0.000138581279316, 0.000785354117397, 0.00079845089931, 0.000240201654378, 0.000262740737526, 0.000277374696452, 0.000338963756803, 0.000385869963793, 0.000393529218854, 0.000497000059113, 0.00049345579464, 0.000313748605549, 0.000491212122142, 0.000322980078636, 7.8927638242e-05], "mean": [0.000256935774814, 0.00700310571119, 0.00183588755317, 0.000857593957335, 0.00303331017494, 0.000857012637425, 0.000513766659424, 0.000729698804207, 0.000209677164094, 0.00017484552518, 0.000220315778279, 0.000192600637092, 0.00016729652998, 0.000522803980857, 0.000583279877901, 0.000245378469117, 0.00024725458934, 0.00025452193222, 0.000346284359694, 0.000359238300007, 0.000374818919227, 0.000438552553533, 0.000430089392466, 0.000277863960946, 0.000377665302949, 0.000247165939072, 6.1855687818e-05], "max": [0.00478982832283, 0.104138895869, 0.0743410885334, 0.0336045883596, 0.080506645143, 0.0340539850295, 0.0412102229893, 0.0493876114488, 0.0257670804858, 0.0166601017118, 0.00683464016765, 0.00772473076358, 0.00964813865721, 0.0153803871945, 0.0145863601938, 0.00460960064083, 0.0079776160419, 0.00801646336913, 0.0137560106814, 0.0118427472189, 0.0123080331832, 0.0108971325681, 0.00783271342516, 0.00600248575211, 0.00538140488788, 0.00313527137041, 0.00124820903875], "dmean2": [0.000424962199759, 0.00874646753073, 0.00575400749221, 0.00249431561679, 0.00256632920355, 0.00179839727934, 0.00109925912693, 0.000656291318592, 0.00023423784296, 0.000258861051407, 0.000216679269215, 0.000308971386403, 0.000229493060033, 0.00148628593888, 0.00149615528062, 0.000410524138715, 0.000444550823886, 0.000491888727993, 0.000513498613145, 0.000627669098321, 0.000606271263678, 0.000790617777966, 0.000784593168646, 0.000497379107401, 0.000816693587694, 0.000534489518031, 0.000127214894746], "median": [0.000103786231193, 0.00269853998907, 6.69883884257e-05, 0.000111396453576, 0.000543197384104, 0.000293141900329, 9.75125003606e-05, 6.69878063491e-05, 4.6878689318e-05, 6.60110817989e-05, 0.000100745528471, 9.08431102289e-05, 8.73610770213e-05, 9.89254476735e-05, 0.000135131573188, 9.17002835195e-05, 5.05583775521e-05, 4.62089374196e-05, 2.55660270341e-05, 3.78417862521e-05, 3.27645066136e-05, 4.80151029478e-05, 4.27477352787e-05, 2.14559313463e-05, 1.74622527993e-05, 9.31691283768e-06, 2.03029549084e-06], "dvar": [2.66904635282e-07, 0.000125920108985, 8.49135176395e-05, 1.62368924066e-05, 1.05903627627e-05, 1.06684692582e-05, 1.73994317265e-06, 3.31714068125e-06, 2.83169811155e-07, 1.3083929673e-07, 6.90433878958e-08, 1.7116518336e-07, 6.89615831106e-08, 4.88989098812e-06, 4.37924427388e-06, 3.03410928382e-07, 5.55116400847e-07, 5.16253066962e-07, 1.5003408862e-06, 1.37573147185e-06, 1.23620861814e-06, 1.12655652629e-06, 1.07534879135e-06, 3.82367687735e-07, 7.86663179042e-07, 3.2576861031e-07, 2.18114717399e-08]}, "melbands_skewness": {"dvar2": 7.72224664688, "var": 12.1768360138, "min": -1.08421874046, "dmean": 1.68610298634, "mean": 4.01056098938, "max": 26.1867485046, "dmean2": 2.40402054787, "median": 3.10132074356, "dvar": 4.30943489075}, "barkbands_skewness": {"dvar2": 3.98810100555, "var": 6.66868066788, "min": -2.75458645821, "dmean": 1.24038124084, "mean": 2.26417756081, "max": 23.5791435242, "dmean2": 1.7386367321, "median": 1.8295917511, "dvar": 1.99743056297}, "erbbands": {"dvar2": [0.275455713272, 20.8144130707, 276.141204834, 486.867340088, 258.187042236, 638.948486328, 150.611633301, 3616.28173828, 1646.42077637, 1334.72875977, 2701.86401367, 472.528442383, 215.415618896, 325.603546143, 201.718215942, 580.659729004, 401.026031494, 7553.34033203, 109633.421875, 3586.64135742, 2469.81665039, 4028.87744141, 4881.28955078, 4928.06152344, 10477.2910156, 7959.47460938, 5772.36621094, 3072.9675293, 4703.02880859, 2020.00073242, 1613.18054199, 617.120361328, 241.584442139, 165.050933838, 124.337425232, 27.5994644165, 1.84427011013, 0.086553953588, 0.001384944655, 3.68169298781e-06], "var": [0.13465718925, 7.73483037949, 56.4628944397, 94.2412719727, 84.7761764526, 938.108764648, 183.392990112, 743.053466797, 477.86114502, 924.388366699, 7457.19824219, 544.3984375, 516.933105469, 175.650924683, 170.719467163, 193.360961914, 172.257324219, 1600.16088867, 21000.8242188, 972.27166748, 900.606994629, 1317.70715332, 1481.68261719, 2142.73168945, 4770.62353516, 3015.74560547, 2704.81323242, 1512.93640137, 1993.60742188, 1182.58874512, 831.932006836, 345.394317627, 116.998176575, 65.0280380249, 40.9218292236, 9.70813274384, 0.728359997272, 0.0362460277975, 0.000577588973101, 1.39709516134e-06], "min": [3.89104139509e-22, 6.85207863936e-22, 4.84185244017e-21, 5.87118500844e-21, 2.4736430706e-20, 8.14246157336e-20, 7.09617180253e-20, 3.56799911129e-19, 2.06051621165e-19, 5.05311039427e-19, 7.72807962938e-19, 3.33389769216e-19, 1.16485011086e-18, 8.25136649259e-19, 1.83604379523e-18, 1.54021485007e-18, 2.21480069873e-18, 4.89472753745e-18, 2.87122827859e-18, 5.61683635987e-18, 4.6423530782e-18, 5.86592194901e-18, 8.9845008054e-18, 8.30796301729e-18, 9.37481424924e-18, 1.24557394306e-17, 1.20806113684e-17, 1.41211575789e-17, 1.43816433713e-17, 1.54879511184e-17, 1.34879905247e-17, 1.50898390158e-17, 1.31569296825e-17, 8.30021647085e-18, 5.79149637339e-18, 4.98929454739e-18, 2.41100566528e-18, 1.02710582391e-18, 2.6205068881e-19, 3.08750171956e-20], "dmean": [0.181809574366, 1.36737298965, 3.32242822647, 4.19122838974, 4.01772594452, 7.33244037628, 4.50270271301, 9.86552238464, 9.42497062683, 9.26415348053, 8.84135055542, 4.33753633499, 3.65585851669, 5.56477689743, 5.28532552719, 6.60011053085, 6.6073050499, 20.436958313, 67.2321014404, 18.3764362335, 13.4582862854, 13.8381690979, 15.536026001, 14.816906929, 19.5615596771, 18.1160449982, 15.3163881302, 14.8804197311, 18.6285305023, 15.1067819595, 13.1070518494, 8.61682319641, 5.41217803955, 4.70378112793, 3.77248740196, 1.82825136185, 0.504757165909, 0.109763979912, 0.0133975148201, 0.000630430236924], "mean": [0.243007704616, 1.39374339581, 2.22232413292, 2.70490837097, 4.77189874649, 13.65280056, 7.10308218002, 8.14116477966, 7.95339536667, 10.6010303497, 15.0624198914, 6.45584583282, 5.2679271698, 6.81577777863, 8.74637699127, 7.72714996338, 7.8604516983, 16.0700492859, 43.3138656616, 17.2880077362, 13.9284105301, 13.2852544785, 14.3699884415, 14.8845252991, 19.3479976654, 16.7007732391, 15.4693117142, 13.5188694, 15.8529653549, 13.848025322, 11.5300550461, 7.5361199379, 4.5573387146, 3.74782538414, 2.81302046776, 1.37703859806, 0.386977165937, 0.0852232426405, 0.0105471778661, 0.000494572042953], "max": [3.19978356361, 25.9461784363, 78.8306732178, 102.2526474, 79.8262329102, 487.409576416, 152.778884888, 367.44418335, 565.456665039, 895.239624023, 1324.10168457, 782.975158691, 715.208496094, 274.567504883, 277.554748535, 328.422668457, 474.962524414, 344.397918701, 1293.1204834, 239.08972168, 280.669616699, 425.420623779, 493.749755859, 518.253295898, 743.455566406, 576.643615723, 539.203674316, 416.296936035, 495.95111084, 295.402252197, 209.701919556, 145.039306641, 95.0168151855, 49.2183990479, 43.7895965576, 19.1174201965, 5.45901679993, 1.30541980267, 0.194537967443, 0.0119946012273], "dmean2": [0.287140011787, 2.2135925293, 6.24422025681, 7.95157051086, 7.05078983307, 11.3554801941, 7.34899806976, 18.0059185028, 17.0523357391, 16.4560375214, 12.4001054764, 6.49678564072, 5.94989728928, 9.55540275574, 8.72013568878, 11.4798974991, 11.0606060028, 37.8702087402, 128.068054199, 32.5664176941, 22.7693538666, 23.3062877655, 26.8237113953, 23.5751857758, 30.5213069916, 30.0070514679, 23.2246131897, 23.4601898193, 29.9447727203, 23.6155509949, 20.980096817, 13.7713193893, 8.73448371887, 7.82008600235, 6.31652259827, 3.03019189835, 0.840596795082, 0.179207891226, 0.0215482357889, 0.00103460950777], "median": [0.116648778319, 0.409539699554, 0.138965189457, 0.308148026466, 0.961149215698, 1.79721498489, 1.8242559433, 2.57542276382, 1.84725618362, 1.25371110439, 1.64114022255, 1.33069658279, 1.89728069305, 3.09253025055, 4.92350482941, 4.02419281006, 4.04193019867, 5.0966796875, 6.5793223381, 6.03961086273, 4.41339206696, 2.85208916664, 2.85071015358, 1.60966002941, 1.43817830086, 1.74855017662, 1.36946892738, 1.452470541, 1.66354513168, 1.58744907379, 0.998985946178, 0.593888938427, 0.332053661346, 0.201295927167, 0.117383256555, 0.0519657731056, 0.0142942555249, 0.00281208008528, 0.000352242263034, 4.43221651949e-05], "dvar": [0.125746890903, 8.52264690399, 96.3316879272, 168.332214355, 91.389503479, 274.760772705, 66.2153015137, 1264.39746094, 597.22076416, 519.995910645, 2106.74462891, 229.986694336, 129.222900391, 132.82649231, 81.9300231934, 213.253601074, 158.432907104, 2631.7487793, 37969.2148438, 1299.81469727, 984.834106445, 1545.95300293, 1826.63317871, 2039.85131836, 4581.93994141, 3193.32299805, 2425.13110352, 1342.9050293, 2008.30053711, 976.668029785, 740.880126953, 291.234588623, 108.743606567, 69.2593078613, 49.4158706665, 11.188832283, 0.785395562649, 0.0373524948955, 0.000586759648286, 1.51604490384e-06]}, "silence_rate_30dB": {"dvar2": 0.0111960358918, "var": 0.00187185965478, "min": 0, "dmean": 0.00375074590556, "mean": 0.998124778271, "max": 1, "dmean2": 0.00750213116407, "median": 1, "dvar": 0.00373693997972}, "melbands_spread": {"dvar2": 1375.77868652, "var": 1402.38146973, "min": 0.215170040727, "dmean": 18.1963596344, "mean": 31.6455631256, "max": 216.075393677, "dmean2": 26.4386806488, "median": 16.4185752869, "dvar": 667.338195801}, "melbands_crest": {"dvar2": 33.48695755, "var": 57.6810684204, "min": 1.91532564163, "dmean": 4.41448640823, "mean": 19.5465145111, "max": 35.9699745178, "dmean2": 6.48679924011, "median": 19.5962791443, "dvar": 16.4601535797}, "zerocrossingrate": {"dvar2": 0.00151171151083, "var": 0.00395399797708, "min": 0.001953125, "dmean": 0.0288745667785, "mean": 0.0730109065771, "max": 0.505859375, "dmean2": 0.0339359641075, "median": 0.0478515625, "dvar": 0.0011160497088}, "barkbands_kurtosis": {"dvar2": 2233.79272461, "var": 1656.07922363, "min": -1.89205741882, "dmean": 11.6359500885, "mean": 14.3284349442, "max": 719.716796875, "dmean2": 17.8804645538, "median": 2.95791697502, "dvar": 1018.9475708}, "spectral_flux": {"dvar2": 0.00524802645668, "var": 0.00533557450399, "min": 6.9092932764e-11, "dmean": 0.0452108085155, "mean": 0.0907426923513, "max": 0.36128988862, "dmean2": 0.0711152777076, "median": 0.0673032850027, "dvar": 0.00331988278776}, "barkbands_crest": {"dvar2": 31.3719062805, "var": 41.7412223816, "min": 2.2334189415, "dmean": 3.96127915382, "mean": 13.6891183853, "max": 26.5204238892, "dmean2": 6.14840507507, "median": 13.6301927567, "dvar": 15.0383625031}, "barkbands_flatness_db": {"dvar2": 0.00254460447468, "var": 0.00615199282765, "min": 0.0209644250572, "dmean": 0.0355720445514, "mean": 0.140433520079, "max": 0.5299705863, "dmean2": 0.0540707446635, "median": 0.12778711319, "dvar": 0.00138034601696}, "spectral_entropy": {"dvar2": 0.141847208142, "var": 0.298247426748, "min": 5.02192258835, "dmean": 0.244859546423, "mean": 7.85592937469, "max": 9.80921840668, "dmean2": 0.356535881758, "median": 7.94105577469, "dvar": 0.0702244713902}, "pitch_salience": {"dvar2": 0.0309836119413, "var": 0.030772427097, "min": 0.0483280271292, "dmean": 0.115945994854, "mean": 0.483065634966, "max": 0.926347196102, "dmean2": 0.183752611279, "median": 0.492963314056, "dvar": 0.0134823266417}, "erbbands_spread": {"dvar2": 725.684082031, "var": 754.171386719, "min": 5.95032739639, "dmean": 16.893409729, "mean": 47.1947402954, "max": 174.733505249, "dmean2": 25.8909263611, "median": 41.3335189819, "dvar": 369.663879395}, "dynamic_complexity": 3.48689937592, "spectral_contrast_valleys": {"dvar2": [0.422129392624, 0.718206584454, 0.401070892811, 0.414923101664, 0.725648403168, 1.21201777458], "var": [0.814941346645, 0.912607967854, 1.00520181656, 1.13268601894, 1.20968437195, 2.05257630348], "min": [-27.6866321564, -27.698015213, -27.7074985504, -27.4356536865, -27.5795822144, -27.3417415619], "dmean": [0.483125269413, 0.557847857475, 0.437257289886, 0.418404877186, 0.461640149355, 0.7402587533], "mean": [-7.42670154572, -7.37605333328, -7.77510881424, -7.69215583801, -7.75436353683, -10.0064430237], "max": [-5.1448431015, -4.96452999115, -5.39889764786, -5.72965860367, -4.90985250473, -7.19112157822], "dmean2": [0.761407196522, 0.89629149437, 0.685613393784, 0.622901201248, 0.689591646194, 0.926471829414], "median": [-7.44425868988, -7.35367202759, -7.60302877426, -7.51403903961, -7.86036682129, -10.0877189636], "dvar": [0.203218609095, 0.310328066349, 0.190212026238, 0.198932781816, 0.34934797883, 0.59539359808]}, "hfc": {"dvar2": 6680.97509766, "var": 3155.73193359, "min": 1.13270777891e-16, "dmean": 29.8289413452, "mean": 28.0230998993, "max": 451.965393066, "dmean2": 48.1933860779, "median": 6.72585439682, "dvar": 2917.09423828}, "spectral_kurtosis": {"dvar2": 11.4757757187, "var": 8.5639591217, "min": -1.242151618, "dmean": 1.64982068539, "mean": 3.40762805939, "max": 115.413726807, "dmean2": 2.50812673569, "median": 2.99860548973, "dvar": 5.13005781174}, "mfcc": {"mean": [-676.555175781, 98.881477356, 12.7901878357, 24.460100174, 13.9964170456, 19.3500137329, -1.18308675289, 5.08710765839, 1.25085866451, 2.79856681824, 0.524172365665, -1.24169623852, 5.10403442383], "cov": [[6869.26269531, -2342.25415039, -314.613494873, -592.344299316, -85.7545166016, -286.824707031, -352.933410645, -483.816009521, -275.367553711, -130.869384766, 37.6687965393, 26.3764915466, -32.3402137756], [-2342.25415039, 1941.52844238, 9.89474105835, 131.66267395, -41.2739028931, 125.888694763, 137.805618286, 256.033508301, 118.700576782, 62.9618301392, -47.4591255188, -71.5159225464, -63.4536819458], [-314.613494873, 9.89474105835, 800.37713623, 59.3830413818, 112.826759338, -43.9590492249, -25.2245006561, 76.8088607788, -6.91716384888, 0.0684124678373, 12.7686948776, -57.1159591675, -9.35553073883], [-592.344299316, 131.66267395, 59.3830413818, 467.092529297, 42.9781494141, -48.017742157, 31.2445449829, 47.8186340332, 6.48637104034, 42.0701713562, -46.1390914917, 33.424407959, 15.5453996658], [-85.7545166016, -41.2739028931, 112.826759338, 42.9781494141, 184.624237061, 115.000061035, 51.0804290771, 8.20130348206, 19.6190376282, 19.8359622955, 22.2257595062, 3.05468249321, 8.58379745483], [-286.824707031, 125.888694763, -43.9590492249, -48.017742157, 115.000061035, 298.65335083, 116.065765381, 55.9736747742, 55.8773803711, 1.82595694065, 14.9053840637, -2.09215497971, 2.19661974907], [-352.933410645, 137.805618286, -25.2245006561, 31.2445449829, 51.0804290771, 116.065765381, 150.609939575, 68.1774673462, 55.6789665222, 15.6300363541, 9.77194595337, 13.7054920197, 19.4886054993], [-483.816009521, 256.033508301, 76.8088607788, 47.8186340332, 8.20130348206, 55.9736747742, 68.1774673462, 140.646911621, 54.2440643311, 13.2969141006, -18.5650520325, -5.77156925201, 1.8157787323], [-275.367553711, 118.700576782, -6.91716384888, 6.48637104034, 19.6190376282, 55.8773803711, 55.6789665222, 54.2440643311, 100.312805176, 39.104221344, 23.8017787933, 6.99740076065, 9.09186553955], [-130.869384766, 62.9618301392, 0.0684124678373, 42.0701713562, 19.8359622955, 1.82595694065, 15.6300363541, 13.2969141006, 39.104221344, 74.1815719604, 34.0584945679, 17.173122406, 12.9671440125], [37.6687965393, -47.4591255188, 12.7686948776, -46.1390914917, 22.2257595062, 14.9053840637, 9.77194595337, -18.5650520325, 23.8017787933, 34.0584945679, 81.6736068726, 27.4099979401, 25.6483783722], [26.3764915466, -71.5159225464, -57.1159591675, 33.424407959, 3.05468249321, -2.09215497971, 13.7054920197, -5.77156925201, 6.99740076065, 17.173122406, 27.4099979401, 82.5098419189, 41.0603065491], [-32.3402137756, -63.4536819458, -9.35553073883, 15.5453996658, 8.58379745483, 2.19661974907, 19.4886054993, 1.8157787323, 9.09186553955, 12.9671440125, 25.6483783722, 41.0603065491, 79.183883667]], "icov": [[0.000317679456202, 0.000320631137583, 0.000104016013211, 0.000315122044412, -7.95673186076e-05, 0.00012214545859, 0.000140360469231, 0.000154962341185, 0.000279059953755, -0.000178081521881, 0.000143086828757, -6.30405411357e-05, 0.000287708826363], [0.000320631137583, 0.00110060488805, 0.00020733223937, 0.000139278039569, 0.000346932967659, -9.38926095841e-05, -8.02772683528e-06, -0.00109010725282, 0.000363890401786, -0.000806998636108, -1.91696312868e-06, 0.000596018449869, 0.000783970928751], [0.000104016013211, 0.00020733223937, 0.00204638089053, -8.96313795238e-05, -0.00194803485647, 0.00109775178134, 0.000925492728129, -0.00238428008743, 0.000713007000741, 0.000807706965134, -0.0017301007174, 0.00177362654358, -9.78280149866e-05], [0.000315122044412, 0.000139278039569, -8.96313795238e-05, 0.00359752518125, -0.00143862364348, 0.00131941621657, -0.000707164115738, -4.25079124398e-05, 0.000734203611501, -0.00276600057259, 0.00383572862484, -0.00206687813625, 1.58240582095e-05], [-7.95673186076e-05, 0.000346932967659, -0.00194803485647, -0.00143862364348, 0.0105195436627, -0.00471408711746, -0.00154708826449, 0.00264570163563, 0.000410114473198, -0.00241798791103, -0.000675145944115, 0.000133086112328, 0.000106859755761], [0.00012214545859, -9.38926095841e-05, 0.00109775178134, 0.00131941621657, -0.00471408711746, 0.00735561130568, -0.00303338794038, -0.00149531033821, -0.00103810743894, 0.00210059643723, -0.000474855245557, 0.000329969043378, 0.000691059103701], [0.000140360469231, -8.02772683528e-06, 0.000925492728129, -0.000707164115738, -0.00154708826449, -0.00303338794038, 0.0132175134495, -0.00414296379313, -0.00268795108423, 0.00152737973258, -0.00129333883524, -0.000310168106807, -0.00196887552738], [0.000154962341185, -0.00109010725282, -0.00238428008743, -4.25079124398e-05, 0.00264570163563, -0.00149531033821, -0.00414296379313, 0.0164440236986, -0.0056889327243, -0.000841545406729, 0.0063842930831, -0.00190219189972, -0.000976910931058], [0.000279059953755, 0.000363890401786, 0.000713007000741, 0.000734203611501, 0.000410114473198, -0.00103810743894, -0.00268795108423, -0.0056889327243, 0.0189966429025, -0.00752692716196, -0.00352837564424, 0.00121574907098, 0.000685900566168], [-0.000178081521881, -0.000806998636108, 0.000807706965134, -0.00276600057259, -0.00241798791103, 0.00210059643723, 0.00152737973258, -0.000841545406729, -0.00752692716196, 0.024513727054, -0.0101296426728, -0.000242989408434, 2.32200418395e-05], [0.000143086828757, -1.91696312868e-06, -0.0017301007174, 0.00383572862484, -0.000675145944115, -0.000474855245557, -0.00129333883524, 0.0063842930831, -0.00352837564424, -0.0101296426728, 0.024922747165, -0.00631650071591, -0.00337562826462], [-6.30405411357e-05, 0.000596018449869, 0.00177362654358, -0.00206687813625, 0.000133086112328, 0.000329969043378, -0.000310168106807, -0.00190219189972, 0.00121574907098, -0.000242989408434, -0.00631650071591, 0.0204080305994, -0.00747271440923], [0.000287708826363, 0.000783970928751, -9.78280149866e-05, 1.58240582095e-05, 0.000106859755761, 0.000691059103701, -0.00196887552738, -0.000976910931058, 0.000685900566168, 2.32200418395e-05, -0.00337562826462, -0.00747271440923, 0.018721897155]]}, "silence_rate_20dB": {"dvar2": 0, "var": 0, "min": 1, "dmean": 0, "mean": 1, "max": 1, "dmean2": 0, "median": 1, "dvar": 0}, "melbands_kurtosis": {"dvar2": 9841.15136719, "var": 9216.52441406, "min": -1.68457615376, "dmean": 31.6040000916, "mean": 42.572883606, "max": 1280.45202637, "dmean2": 46.6497116089, "median": 12.4949197769, "dvar": 5118.44287109}, "barkbands_spread": {"dvar2": 437.508148193, "var": 459.599945068, "min": 0.168238475919, "dmean": 12.9232912064, "mean": 27.8198642731, "max": 112.378379822, "dmean2": 19.7792224884, "median": 22.4803066254, "dvar": 201.003509521}, "erbbands_skewness": {"dvar2": 0.565615177155, "var": 0.917997896671, "min": -2.22988796234, "dmean": 0.476489335299, "mean": 0.179949522018, "max": 5.7010307312, "dmean2": 0.75328284502, "median": 0.00611405819654, "dvar": 0.245839312673}, "average_loudness": 0.91569429636, "spectral_centroid": {"dvar2": 529604.125, "var": 964206.875, "min": 107.769691467, "dmean": 452.46697998, "mean": 1577.56872559, "max": 11731.0605469, "dmean2": 671.963012695, "median": 1432.17456055, "dvar": 265650.03125}, "dissonance": {"dvar2": 0.00105897721369, "var": 0.00087995256763, "min": 0.247450038791, "dmean": 0.0171058420092, "mean": 0.470032960176, "max": 0.500000059605, "dmean2": 0.0291243717074, "median": 0.480209708214, "dvar": 0.000381811492844}, "erbbands_flatness_db": {"dvar2": 0.00099407043308, "var": 0.00153265101835, "min": 0.0434287264943, "dmean": 0.0235632844269, "mean": 0.125657096505, "max": 0.342346072197, "dmean2": 0.033574115485, "median": 0.122986778617, "dvar": 0.000469314778456}, "spectral_strongpeak": {"dvar2": 3.15646600723, "var": 0.847346425056, "min": 0, "dmean": 0.363243162632, "mean": 0.519552469254, "max": 11.9631128311, "dmean2": 0.636489152908, "median": 0.222961783409, "dvar": 1.12106907368}, "spectral_rms": {"dvar2": 6.18053991275e-06, "var": 4.46363401352e-06, "min": 3.21281933349e-12, "dmean": 0.00139953300823, "mean": 0.00398088339716, "max": 0.0124243926257, "dmean2": 0.00211208849214, "median": 0.00349128409289, "dvar": 2.75043407783e-06}, "silence_rate_60dB": {"dvar2": 0.129274576902, "var": 0.0877330601215, "min": 0, "dmean": 0.0622282847762, "mean": 0.0971701294184, "max": 1, "dmean2": 0.124467179179, "median": 0, "dvar": 0.0583494119346}, "melbands": {"dvar2": [1.77710626303e-05, 5.56196391699e-05, 1.36762637339e-05, 1.56328121648e-06, 3.48701149733e-07, 1.63711467849e-06, 3.50911875557e-07, 1.56826899911e-07, 1.41396000686e-07, 2.02488479317e-08, 5.33030597438e-09, 5.54959100896e-09, 2.2210655537e-09, 9.00405794368e-09, 1.71211467226e-09, 1.75633030342e-09, 3.00360412098e-08, 3.82500303431e-07, 2.42051338972e-08, 4.12116829551e-09, 3.24680060615e-09, 5.11999287411e-09, 3.03565950155e-09, 4.29311208805e-09, 2.76710743208e-09, 6.92564805505e-09, 3.81325726551e-09, 4.51820669767e-09, 2.77140288496e-09, 1.60472901634e-09, 9.22584841856e-10, 1.14847165111e-09, 1.92606020022e-09, 4.26733676173e-10, 4.0248782085e-10, 9.98928051388e-10, 1.56373566873e-10, 1.05196309996e-10, 1.26956389845e-10, 1.19450782599e-10], "var": [1.0350424418e-05, 1.41647569762e-05, 2.6958291528e-06, 1.85635326488e-06, 4.92927256346e-07, 3.39084493817e-07, 1.0772573944e-07, 1.39620027539e-07, 3.91149569623e-07, 2.10277537604e-08, 1.23446906031e-08, 2.72143019231e-09, 2.57239651802e-09, 2.39975683769e-09, 8.42546588053e-10, 7.24527493556e-10, 6.30931307199e-09, 7.30282962991e-08, 5.2660387162e-09, 1.23265364582e-09, 1.29531885218e-09, 1.66822800018e-09, 1.00292274485e-09, 1.19271714727e-09, 1.29639543545e-09, 2.9644375843e-09, 1.71591418852e-09, 1.41143086108e-09, 1.16913245751e-09, 6.82554457399e-10, 4.78380890456e-10, 5.14244036243e-10, 7.6760020562e-10, 2.76905165464e-10, 2.44766706903e-10, 3.68780062043e-10, 9.13957798332e-11, 5.26355521668e-11, 5.49273335149e-11, 4.49908478528e-11], "min": [4.98964107212e-24, 2.21816326951e-24, 1.80892570049e-24, 3.40208887151e-24, 2.61399552795e-24, 7.77741516331e-24, 3.93665770292e-24, 5.43540980358e-24, 5.30430072671e-24, 1.80440454143e-24, 5.45260776018e-24, 2.84928946458e-24, 4.74683165765e-24, 5.64226017699e-24, 4.17146609566e-24, 6.76737817065e-24, 9.08072381927e-24, 3.53091971809e-24, 8.45673326551e-24, 4.36991194498e-24, 5.95378253175e-24, 5.90229160831e-24, 5.83108350098e-24, 7.12095193926e-24, 6.28259868971e-24, 6.13583782361e-24, 8.01190170081e-24, 6.97313281626e-24, 7.04014733902e-24, 7.36298866448e-24, 8.0084575341e-24, 8.66453184972e-24, 7.39357280177e-24, 8.52608360541e-24, 7.01337261103e-24, 9.73900221226e-24, 8.34787046059e-24, 8.18177816358e-24, 7.89461859459e-24, 6.86612935649e-24], "dmean": [0.00154303165618, 0.00174660456832, 0.000725933641661, 0.000388861342799, 0.000199110683752, 0.000213582447032, 0.000144952180563, 9.90950502455e-05, 6.27955887467e-05, 2.58537802438e-05, 1.80919960258e-05, 2.28552798944e-05, 1.80064907909e-05, 2.24225859711e-05, 1.37324796015e-05, 1.36876433317e-05, 4.03646408813e-05, 0.000123955731397, 4.01621509809e-05, 1.80640527105e-05, 1.52974353114e-05, 1.55535090016e-05, 1.17915014926e-05, 1.54940953507e-05, 1.10752553155e-05, 1.45984586197e-05, 1.37010756589e-05, 1.22809560708e-05, 9.91311753751e-06, 8.48864328873e-06, 8.81177129486e-06, 8.51360164233e-06, 1.37107081173e-05, 6.71958150633e-06, 6.57011787553e-06, 8.94313780009e-06, 4.10809025198e-06, 3.44840327671e-06, 4.10919119531e-06, 3.96427140004e-06], "mean": [0.00204232335091, 0.00141912361141, 0.000507179414853, 0.000669018656481, 0.000350782909663, 0.000176859161002, 0.000122142693726, 0.000124417041661, 0.000106131752545, 3.65604100807e-05, 2.50826833508e-05, 2.65400631179e-05, 3.11424046231e-05, 2.38962675212e-05, 1.67198577401e-05, 1.62430715136e-05, 3.07988339046e-05, 7.72532148403e-05, 3.29882168444e-05, 1.79059898073e-05, 1.59911232913e-05, 1.45442381836e-05, 1.18381467473e-05, 1.30396701934e-05, 1.14394097182e-05, 1.45332833199e-05, 1.28258434415e-05, 1.06681318357e-05, 9.80848471954e-06, 8.15283510747e-06, 7.85947304394e-06, 7.48971524445e-06, 1.12245297714e-05, 6.37470202491e-06, 6.06405865256e-06, 7.24453275325e-06, 3.65989694728e-06, 2.96345001516e-06, 3.32073454956e-06, 3.12942802339e-06], "max": [0.0277322959155, 0.0381017141044, 0.0169763918966, 0.0204071644694, 0.00804937910289, 0.00786878913641, 0.00889737624675, 0.0106403613463, 0.00967652630061, 0.00516638625413, 0.00344848050736, 0.00113299069926, 0.000962489983067, 0.00110048404895, 0.00100195314735, 0.000924887717701, 0.000720405951142, 0.00238775764592, 0.000682624173351, 0.000414795678807, 0.000324544002069, 0.000480481656268, 0.000391253590351, 0.000430347252404, 0.000392874528188, 0.00061946886126, 0.000402657780796, 0.00042668232345, 0.000376435957151, 0.000285863061436, 0.000226757358178, 0.000265333655989, 0.000225308918743, 0.000150787120219, 0.00012327