{"tonal": {"thpcp": [1, 0.756021976471, 0.37693348527, 0.357246100903, 0.378029167652, 0.415844321251, 0.436724156141, 0.434747844934, 0.539219021797, 0.625175654888, 0.527124226093, 0.449032843113, 0.436694800854, 0.389000892639, 0.48002204299, 0.601386129856, 0.505259037018, 0.42980670929, 0.44106644392, 0.377799093723, 0.40978756547, 0.520233869553, 0.453110545874, 0.410300761461, 0.459223926067, 0.419334828854, 0.48951163888, 0.500978052616, 0.37757486105, 0.392406463623, 0.426265925169, 0.388172775507, 0.417280733585, 0.487074077129, 0.448410838842, 0.647678613663], "hpcp": {"dmean2": [0.24340647459, 0.251951634884, 0.267419040203, 0.296703577042, 0.29151019454, 0.331335425377, 0.388203471899, 0.355009734631, 0.257385879755, 0.232347339392, 0.229409143329, 0.233064889908, 0.243380188942, 0.253570616245, 0.280956655741, 0.304798215628, 0.281024843454, 0.256330341101, 0.242230296135, 0.243216320872, 0.283076971769, 0.293422818184, 0.28990611434, 0.270429819822, 0.253792285919, 0.22790184617, 0.239088818431, 0.269084811211, 0.266439586878, 0.247614696622, 0.248012542725, 0.254466414452, 0.277522414923, 0.273645281792, 0.241526082158, 0.242025360465], "median": [0.0892546996474, 0.0835956186056, 0.0980693697929, 0.100717537105, 0.0969515964389, 0.203456521034, 0.313356310129, 0.240445837379, 0.0916428044438, 0.0786122009158, 0.0898922085762, 0.101348526776, 0.105819813907, 0.108869642019, 0.153360635042, 0.164232477546, 0.122019283473, 0.107120297849, 0.0961835384369, 0.0954812765121, 0.105935610831, 0.125178679824, 0.111674070358, 0.096812017262, 0.086903065443, 0.0752669200301, 0.0936952233315, 0.120167501271, 0.112971350551, 0.0776752606034, 0.066606707871, 0.0860337540507, 0.11089258641, 0.110954537988, 0.0928476974368, 0.0881770327687], "min": [0.000112623660243, 6.13146621617e-05, 0.00014519492106, 0.00015651078138, 0.000222133327043, 0.000157695278176, 8.86119742063e-05, 0.000114704911539, 8.06577227195e-05, 0.000110898981802, 0.000131887965836, 0.000121245997434, 0.000167084683198, 8.25901443022e-05, 0.000170581159182, 0.000175362845766, 9.7640659078e-05, 0.000163314049132, 0.000111757901323, 0, 4.49012113677e-05, 2.52263671427e-05, 6.10457791481e-05, 6.73908652971e-05, 4.93086008646e-05, 5.66297749174e-05, 9.42663245951e-05, 5.36206534889e-05, 2.7110301744e-05, 5.5667507695e-05, 2.95373647532e-05, 1.37286169775e-05, 9.12141404115e-05, 0.000128785599372, 0.000103588419734, 0.00012920172594], "dvar2": [0.0869472846389, 0.0995997563004, 0.105999782681, 0.129241734743, 0.117603950202, 0.111373759806, 0.144696801901, 0.120633356273, 0.103569842875, 0.10018131882, 0.0968445539474, 0.089363977313, 0.0914518907666, 0.0953751951456, 0.102572776377, 0.113395541906, 0.104048065841, 0.0981066524982, 0.0910903736949, 0.0921635553241, 0.117685727775, 0.112309388816, 0.115133091807, 0.108576014638, 0.0979700088501, 0.090363457799, 0.0926388055086, 0.10343760252, 0.105450302362, 0.100244157016, 0.105208367109, 0.101536735892, 0.104662567377, 0.104425989091, 0.0874050855637, 0.0903843268752], "dvar": [0.0335151217878, 0.0366394296288, 0.0393230579793, 0.0484482645988, 0.0439423136413, 0.041272688657, 0.0599310584366, 0.044390629977, 0.0383601263165, 0.0374460332096, 0.03539031744, 0.0332010872662, 0.034954007715, 0.0361731760204, 0.0385199896991, 0.0434929579496, 0.0407773293555, 0.0368250384927, 0.0358110070229, 0.0337783545256, 0.0428819432855, 0.0456411875784, 0.0431080721319, 0.039847522974, 0.0384108312428, 0.0336401984096, 0.0335491932929, 0.0400489419699, 0.0390598960221, 0.0389480628073, 0.0461783073843, 0.0369098223746, 0.0391605943441, 0.0402660183609, 0.0320693515241, 0.0337036959827], "dmean": [0.141003027558, 0.144146934152, 0.153353899717, 0.171722531319, 0.167137727141, 0.19332896173, 0.228428706527, 0.207354784012, 0.144870057702, 0.132456421852, 0.131254717708, 0.134389162064, 0.141716450453, 0.145519688725, 0.163493826985, 0.177250742912, 0.164652660489, 0.148474216461, 0.140627920628, 0.139449477196, 0.163261219859, 0.174522966146, 0.169223025441, 0.154902473092, 0.145919442177, 0.13117814064, 0.136551439762, 0.156527668238, 0.152892887592, 0.144461423159, 0.147725000978, 0.146295279264, 0.161091580987, 0.160326182842, 0.138001903892, 0.139183118939], "max": [1, 1, 1, 1, 1, 1, 1, 1, 1, 1, 1, 1, 1, 1, 1, 1, 1, 1, 1, 1, 1, 1, 1, 1, 1, 1, 1, 1, 1, 1, 1, 1, 1, 1, 1, 1], "var": [0.0533067882061, 0.0430566035211, 0.0457881502807, 0.0658655688167, 0.0533402115107, 0.0591743066907, 0.127664580941, 0.0755331665277, 0.0372778698802, 0.040223672986, 0.0392350703478, 0.0431532785296, 0.0458237864077, 0.0444322377443, 0.0541715361178, 0.0745850428939, 0.0616212375462, 0.0473495237529, 0.0534019954503, 0.038045078516, 0.0589868426323, 0.0861520245671, 0.060991294682, 0.0473918393254, 0.0598738789558, 0.04339216277, 0.0441277250648, 0.066602692008, 0.0469347201288, 0.052662525326, 0.0777841284871, 0.048512045294, 0.0573863871396, 0.0620582848787, 0.035108614713, 0.0425308905542], "mean": [0.18206602335, 0.165795743465, 0.178228288889, 0.208038315177, 0.191524535418, 0.276635468006, 0.427118420601, 0.322910904884, 0.160995230079, 0.152586385608, 0.161463215947, 0.177614763379, 0.18653292954, 0.18568880856, 0.230310365558, 0.267024040222, 0.225144460797, 0.191790193319, 0.186520397663, 0.166149452329, 0.205026254058, 0.256863087416, 0.215805441141, 0.1835783571, 0.188387602568, 0.16136495769, 0.175027817488, 0.22220146656, 0.193531855941, 0.175247013569, 0.196143001318, 0.179105624557, 0.209079444408, 0.213976964355, 0.161269173026, 0.167604029179]}, "tuning_equal_tempered_deviation": 0.0742447078228, "chords_changes_rate": 0.101829752326, "key_key": "E", "tuning_diatonic_strength": 0.406476259232, "key_scale": "major", "chords_number_rate": 0.00450808787718, "tuning_frequency": 438.224517822, "tuning_nontempered_energy_ratio": 0.787245333195, "chords_histogram": [12.4105014801, 4.11031579971, 13.8424825668, 0.477326959372, 0.503845155239, 2.86396169662, 1.27287197113, 0.875099420547, 0.55688148737, 0.291699826717, 0.0795544981956, 1.219835639, 5.72792339325, 3.20869803429, 4.3224606514, 1.219835639, 1.8297533989, 16.2291164398, 14.1606998444, 10.182975769, 1.00769031048, 0.477326959372, 1.80323517323, 1.32590830326], "key_strength": 0.554460167885, "chords_key": "E", "chords_strength": {"dmean2": 0.0147342514247, "median": 0.469838887453, "min": 0.154282405972, "dvar2": 0.000180702118087, "dvar": 0.000130572196213, "dmean": 0.0134583944455, "max": 0.739461898804, "var": 0.0101669859141, "mean": 0.46686142683}, "chords_scale": "minor", "hpcp_entropy": {"dmean2": 1.13850665092, "median": 2.53402876854, "min": 0.0338390618563, "dvar2": 0.808029055595, "dvar": 0.297917872667, "dmean": 0.674888253212, "max": 4.63450527191, "var": 0.672376334667, "mean": 2.51819753647}}, "metadata": {"audio_properties": {"equal_loudness": 0, "codec": "mp3", "downmix": "mix", "sample_rate": 44100, "analysis_sample_rate": 44100, "bit_rate": 320048, "md5_encoded": "2579a40ec2f532b672b28caf5e92dee8", "length": 175.072647095, "replay_gain": -15.4216346741, "lossless": false}, "version": {"essentia_build_sha": "2d9f1f26377add8aeb1075a9c2973f962c4f09fd", "essentia": "2.1-beta2", "extractor": "music 1.0", "essentia_git_sha": "v2.1_beta2-1-ge3940c0"}, "tags": {"title": ["Police Truck"], "barcode": ["767004290829"], "media": ["CD"], "albumartist": ["Dead Kennedys"], "musicbrainz_recordingid": ["1b6f32c1-f4cf-4897-a104-d885225b02b6"], "mood": ["Angry", "Fun"], "musicbrainz_albumartistid": ["37c78aeb-d196-42b5-b991-6afb4fc9bc2e"], "originalyear": ["2004"], "discnumber": ["1/1"], "album": ["Live at the Deaf Club"], "catalognumber": ["MFO-42908"], "contentgroup": ["Punk"], "musicbrainz album type": ["album", "live"], "musicbrainz album status": ["official"], "file_name": "11 - Police Truck.mp3", "originaldate": ["2004-05-03"], "date": ["2004-05-03"], "genre": ["Punk Rock", "Hardcore Punk", "Hardcore"], "musicbrainz album release country": ["US"], "musicbrainz_releasegroupid": ["ef745efe-6a1c-334d-a86f-608a749262b1"], "musicbrainz_artistid": ["37c78aeb-d196-42b5-b991-6afb4fc9bc2e"], "asin": ["B0001CNPRW"], "musicbrainz_albumid": ["8eb55066-6a67-4b14-b9e4-d540b5f10c94"], "artist": ["Dead Kennedys"], "artistsort": ["Dead Kennedys"], "tracknumber": ["11/15"], "label": ["Manifesto"], "albumartistsort": ["Dead Kennedys"], "acoustid_id": ["731ccc16-0e1e-4ba4-8153-540592a40930"], "script": ["Latn"]}}, "rhythm": {"bpm_histogram_first_peak_bpm": {"dmean2": 0, "median": 92, "min": 92, "dvar2": 0, "dvar": 0, "dmean": 0, "max": 92, "var": 0, "mean": 92}, "bpm": 92.8704986572, "bpm_histogram_second_peak_spread": {"dmean2": 0, "median": 0, "min": 0, "dvar2": 0, "dvar": 0, "dmean": 0, "max": 0, "var": 0, "mean": 0}, "bpm_histogram_first_peak_weight": {"dmean2": 0, "median": 0.41296929121, "min": 0.41296929121, "dvar2": 0, "dvar": 0, "dmean": 0, "max": 0.41296929121, "var": 0, "mean": 0.41296929121}, "onset_rate": 4.02078771591, "beats_position": [0.557278871536, 1.1261677742, 1.70666658878, 2.28716540337, 2.87927436829, 3.50621318817, 4.14476203918, 4.82975053787, 5.52634906769, 6.21133756638, 6.88471651077, 7.5464849472, 8.2198638916, 8.893242836, 9.56662082672, 10.2399997711, 10.9133787155, 11.5751476288, 12.2369155884, 12.8870744705, 13.5372333527, 14.1990022659, 14.8491611481, 15.5109291077, 16.1843090057, 16.8344669342, 17.4846248627, 18.1347846985, 18.784942627, 19.4234924316, 20.062040329, 20.6889801025, 21.3275279999, 21.9892959595, 22.6278457642, 23.2663936615, 23.9165534973, 24.5667114258, 25.1936511993, 25.8438091278, 26.4939670563, 27.1557369232, 27.7942848206, 28.4444446564, 29.0946025848, 29.7447605133, 30.3949203491, 31.0450782776, 31.6952381134, 32.3453979492, 33.0071640015, 33.6689338684, 34.3190917969, 34.9692497253, 35.60779953, 36.2463493347, 36.8965072632, 37.5582771301, 38.2200431824, 38.8702049255, 39.520362854, 40.1705207825, 40.8206787109, 41.4708366394, 42.1209983826, 42.771156311, 43.4097061157, 44.0482521057, 44.6984100342, 45.3485717773, 45.9987297058, 46.6488876343, 47.2990455627, 47.9492073059, 48.5877532959, 49.2263031006, 49.8764610291, 50.5266189575, 51.1767807007, 51.8153266907, 52.4538764954, 53.1040344238, 53.7425842285, 54.3811340332, 55.0312919617, 55.6814498901, 56.3316078186, 56.9817695618, 57.6319274902, 58.2820854187, 58.9322433472, 59.5824012756, 60.2325630188, 60.894329071, 61.5677070618, 62.2294769287, 62.8796348572, 63.5297966003, 64.1799545288, 64.806892395, 65.4570541382, 66.1188201904, 66.7805862427, 67.4307479858, 68.0925140381, 68.7426757813, 69.392829895, 70.0313796997, 70.6931533813, 71.3316955566, 71.9818572998, 72.6204071045, 73.2589569092, 73.8975067139, 74.5360565186, 75.1629943848, 75.8015441895, 76.4400863647, 77.0786361694, 77.7171859741, 78.3789520264, 79.0291137695, 79.6676635742, 80.3178253174, 80.9679794312, 81.6065292358, 82.2450790405, 82.8952331543, 83.5453948975, 84.1955566406, 84.8341064453, 85.4726486206, 86.1228103638, 86.74974823, 87.3882980347, 88.0268478394, 88.6770019531, 89.3271636963, 89.9773254395, 90.6158676147, 91.2544174194, 91.9045791626, 92.5547409058, 93.2048950195, 93.8550567627, 94.5052108765, 95.1553726196, 95.8055343628, 96.4556884766, 97.1058502197, 97.7560043335, 98.4061660767, 99.0447158813, 99.683265686, 100.321815491, 100.948753357, 101.587303162, 102.237457275, 102.87600708, 103.514556885, 104.153106689, 104.791656494, 105.430198669, 106.068748474, 106.69568634, 107.345848083, 107.996009827, 108.64616394, 109.307937622, 109.969703674, 110.619865417, 111.258407593, 111.908569336, 112.558731079, 113.208885193, 113.847434998, 114.497596741, 115.147750854, 115.786300659, 116.413238525, 117.063400269, 117.725166321, 118.375328064, 119.00226593, 119.652427673, 120.27936554, 120.929519653, 121.55645752, 122.206619263, 122.833557129, 123.472106934, 124.110656738, 124.737594604, 125.364532471, 126.014694214, 126.664848328, 127.315010071, 127.953559875, 128.580490112, 129.207427979, 129.822769165, 130.472915649, 131.099868774, 131.73840332, 132.376953125, 133.003890991, 133.654052734, 134.280990601, 134.907928467, 135.534866333, 136.161804199, 136.788757324, 137.42729187, 138.065841675, 138.716003418, 139.366165161, 140.016326904, 140.643264771, 141.270202637, 141.908752441, 142.547302246, 143.197463989, 143.824401855, 144.520996094, 145.217590332, 145.914199829, 146.622406006, 147.249343872, 147.876281738, 148.491607666, 149.072113037, 149.652603149, 150.140228271, 150.651062012, 151.138687134, 151.579864502, 152.02104187, 152.462219238, 152.915008545, 153.344573975, 153.762542725, 154.180496216, 154.598449707, 155.028030396, 155.445983887, 155.863937378, 156.293518066, 156.711471558, 157.129425049, 157.570602417, 158.011795044, 158.452972412, 158.905761719, 159.288879395, 159.672012329, 160.055145264, 160.449890137, 160.833007813, 161.216140747, 161.61088562, 162.005615234, 162.411972046, 162.818313599, 163.213058472, 163.642623901, 164.072189331, 164.490158081, 164.919723511, 165.34928894, 165.778869629, 166.208435059, 166.556732178, 166.905029297, 167.264938354, 167.624847412, 167.961532593, 168.309844971, 168.65814209, 168.994827271, 169.331512451, 169.668212891, 170.01651001, 170.364807129, 170.713104248, 171.061401367, 171.409698486, 171.757995605, 172.117904663, 172.466217041, 172.81451416, 173.174423218, 173.534332275, 173.905853271, 174.265762329], "beats_loudness": {"dmean2": 0.0161031149328, "median": 0.0326836407185, "min": 2.07213288377e-05, "dvar2": 0.000218167333514, "dvar": 7.31914260541e-05, "dmean": 0.00946377497166, "max": 0.0689178034663, "var": 0.00025845496566, "mean": 0.0303100179881}, "danceability": 1.12342190742, "bpm_histogram_second_peak_weight": {"dmean2": 0, "median": 0.040955632925, "min": 0.040955632925, "dvar2": 0, "dvar": 0, "dmean": 0, "max": 0.040955632925, "var": 0, "mean": 0.040955632925}, "beats_count": 294, "bpm_histogram_second_peak_bpm": {"dmean2": 0, "median": 172, "min": 172, "dvar2": 0, "dvar": 0, "dmean": 0, "max": 172, "var": 0, "mean": 172}, "bpm_histogram_first_peak_spread": {"dmean2": 0, "median": 0.444954127073, "min": 0.444954127073, "dvar2": 0, "dvar": 0, "dmean": 0, "max": 0.444954127073, "var": 0, "mean": 0.444954127073}, "beats_loudness_band_ratio": {"dmean2": [0.243605598807, 0.199451953173, 0.240881770849, 0.142244070768, 0.15366654098, 0.128194615245], "median": [0.280646800995, 0.153307929635, 0.124966643751, 0.098904594779, 0.160179808736, 0.0664234310389], "min": [0.000283623754513, 0.00307405134663, 0.0137385847047, 0.0014637846034, 0.00131862855051, 0.0021551293321], "dvar2": [0.0542363487184, 0.0352261252701, 0.0688082128763, 0.0238704737276, 0.0166341047734, 0.049333486706], "dvar": [0.0183971952647, 0.0125798499212, 0.0219002198428, 0.00967288762331, 0.00652199424803, 0.0163746196777], "dmean": [0.146764799953, 0.118029221892, 0.142058864236, 0.0832238346338, 0.0886250808835, 0.0721070840955], "max": [0.863351345062, 0.819773495197, 0.837957203388, 0.737416327, 0.864295125008, 0.850317895412], "var": [0.0325301587582, 0.0149851804599, 0.026948897168, 0.0143535025418, 0.0141378082335, 0.0133953373879], "mean": [0.288105368614, 0.177088066936, 0.193020030856, 0.136323824525, 0.175531566143, 0.0904191955924]}}, "lowlevel": {"barkbands_spread": {"dmean2": 7.25889778137, "median": 25.1644821167, "min": 1.41573250294, "dvar2": 58.2040519714, "dvar": 26.5563011169, "dmean": 4.7577085495, "max": 77.6978607178, "var": 100.840881348, "mean": 25.1737632751}, "melbands_spread": {"dmean2": 12.1962385178, "median": 32.5421409607, "min": 1.08488786221, "dvar2": 232.100143433, "dvar": 111.122993469, "dmean": 7.78218078613, "max": 228.170623779, "var": 358.614135742, "mean": 34.3626594543}, "hfc": {"dmean2": 9.60227966309, "median": 24.6637897491, "min": 1.13372368905e-16, "dvar2": 140.576293945, "dvar": 64.4501495361, "dmean": 6.47429704666, "max": 122.757492065, "var": 275.106933594, "mean": 26.0079917908}, "barkbands_kurtosis": {"dmean2": 2.08571362495, "median": -0.234246701002, "min": -1.94244790077, "dvar2": 23.1794319153, "dvar": 9.2805480957, "dmean": 1.30129170418, "max": 97.0082473755, "var": 18.1351985931, "mean": 0.86613792181}, "gfcc": {"mean": [16.116689682, 81.7804641724, -135.412353516, 19.6517848969, -45.5576019287, -1.31780862808, -38.7028617859, 2.58388161659, -21.8280925751, -4.73634767532, -19.2025527954, -4.64606380463, -11.8395261765], "icov": [[0.000211843696889, -6.22032603133e-05, 5.50364311493e-05, -0.000109727814561, 5.04124036524e-05, -0.000245027447818, 0.00043193474994, -0.00051873549819, 0.000582220382057, -0.000698108342476, 0.000329114409396, -0.000277983170236, 0.000289774732664], [-6.22032603133e-05, 0.00199160655029, 0.000216431115405, -0.000189091821085, -0.000827661948279, 0.00146722816862, -0.000167381309438, 2.90459975076e-05, -0.000515882682521, 0.0014166245237, -0.00201349658892, 0.00163073837757, -0.000658551929519], [5.50364311493e-05, 0.000216431115405, 0.00231300364248, -0.00137731921859, -7.39001843613e-05, 0.000402780016884, -0.000119572083349, -0.000191548082512, -0.000738581293263, -0.000248579657637, 0.00110333960038, -0.00192699674517, 0.00208659586497], [-0.000109727814561, -0.000189091821085, -0.00137731921859, 0.00484198424965, -5.70996344322e-05, -0.00130800670013, 0.000224080096814, 0.00193034659605, -0.00137043069117, -0.000584235764109, 0.000504122290295, -0.000177063586307, -0.000102728081401], [5.04124036524e-05, -0.000827661948279, -7.39001843613e-05, -5.70996344322e-05, 0.00275392923504, -0.00100003788248, 0.000421890668804, -0.00205003446899, 0.000141467840876, -0.00010278505215, 0.000229830562603, -0.00121584674343, 0.00051985331811], [-0.000245027447818, 0.00146722816862, 0.000402780016884, -0.00130800670013, -0.00100003788248, 0.00881573557854, -0.00222606700845, -0.00172604143154, 9.35688367463e-05, -0.00021474926325, 0.000825064664241, -0.00115798378829, 0.000632445968222], [0.00043193474994, -0.000167381309438, -0.000119572083349, 0.000224080096814, 0.000421890668804, -0.00222606700845, 0.00847473274916, -0.00357793341391, 0.00197067810223, -0.000678390322719, -0.00118658400606, 0.000990098924376, -0.000955275259912], [-0.00051873549819, 2.90459975076e-05, -0.000191548082512, 0.00193034659605, -0.00205003446899, -0.00172604143154, -0.00357793341391, 0.0168184302747, -0.00642956187949, -0.000791226688307, 0.00324479211122, -0.0012954287231, -0.000452152453363], [0.000582220382057, -0.000515882682521, -0.000738581293263, -0.00137043069117, 0.000141467840876, 9.35688367463e-05, 0.00197067810223, -0.00642956187949, 0.0177167505026, -0.00732578616589, -0.000156479334692, 0.00224779942073, -0.00147409096826], [-0.000698108342476, 0.0014166245237, -0.000248579657637, -0.000584235764109, -0.00010278505215, -0.00021474926325, -0.000678390322719, -0.000791226688307, -0.00732578616589, 0.0236212536693, -0.00907560065389, 0.00125837384257, 0.00226557510905], [0.000329114409396, -0.00201349658892, 0.00110333960038, 0.000504122290295, 0.000229830562603, 0.000825064664241, -0.00118658400606, 0.00324479211122, -0.000156479334692, -0.00907560065389, 0.0232940521091, -0.00727264396846, 0.00172492722049], [-0.000277983170236, 0.00163073837757, -0.00192699674517, -0.000177063586307, -0.00121584674343, -0.00115798378829, 0.000990098924376, -0.0012954287231, 0.00224779942073, 0.00125837384257, -0.00727264396846, 0.0251772832125, -0.0107589410618], [0.000289774732664, -0.000658551929519, 0.00208659586497, -0.000102728081401, 0.00051985331811, 0.000632445968222, -0.000955275259912, -0.000452152453363, -0.00147409096826, 0.00226557510905, 0.00172492722049, -0.0107589410618, 0.024736514315]], "cov": [[7162.78369141, -288.766571045, 140.730712891, 218.330123901, 162.072921753, 308.57333374, -215.674606323, 207.769439697, -63.6083221436, 194.03163147, -82.137802124, 81.2933959961, -98.8628082275], [-288.766571045, 799.961364746, -155.40335083, -58.6002502441, 148.106338501, -145.81237793, -12.7525234222, -17.1486759186, 9.34619235992, -35.1254043579, 59.4711875916, -40.9513015747, 19.1703090668], [140.730712891, -155.40335083, 669.065246582, 213.498779297, 34.1815719604, 48.1409606934, -8.14666652679, 22.6095218658, 49.0095710754, 33.2475242615, -29.5729904175, 35.5276222229, -45.7971763611], [218.330123901, -58.6002502441, 213.498779297, 299.998046875, 16.5639820099, 51.2682228088, -17.1706924438, -6.26729679108, 29.6553936005, 25.302488327, -11.1259078979, 13.7240896225, -17.1228218079], [162.072921753, 148.106338501, 34.1815719604, 16.5639820099, 498.892730713, 60.5472755432, 13.9065303802, 86.1494979858, 28.7891311646, 11.1276473999, 1.9174567461, 23.0812416077, -0.0892447009683], [308.57333374, -145.81237793, 48.1409606934, 51.2682228088, 60.5472755432, 183.185577393, 40.2547531128, 47.901714325, 7.94012451172, 19.5195121765, -17.8247776031, 19.5406341553, -6.44305562973], [-215.674606323, -12.7525234222, -8.14666652679, -17.1706924438, 13.9065303802, 40.2547531128, 154.526031494, 33.7371292114, 0.83532500267, 0.982436001301, 4.22447872162, 0.347271472216, 7.8818526268], [207.769439697, -17.1486759186, 22.6095218658, -6.26729679108, 86.1494979858, 47.901714325, 33.7371292114, 105.782806396, 33.1705513, 18.1829566956, -10.9298934937, 8.63077735901, 0.204972788692], [-63.6083221436, 9.34619235992, 49.0095710754, 29.6553936005, 28.7891311646, 7.94012451172, 0.83532500267, 33.1705513, 87.1960296631, 29.4543476105, 4.9895401001, -2.67404460907, -2.19893717766], [194.03163147, -35.1254043579, 33.2475242615, 25.302488327, 11.1276473999, 19.5195121765, 0.982436001301, 18.1829566956, 29.4543476105, 68.7766113281, 17.8776626587, 4.19479608536, -10.2362174988], [-82.137802124, 59.4711875916, -29.5729904175, -11.1259078979, 1.9174567461, -17.8247776031, 4.22447872162, -10.9298934937, 4.9895401001, 17.8776626587, 63.0554618835, 10.0266590118, 3.99661135674], [81.2933959961, -40.9513015747, 35.5276222229, 13.7240896225, 23.0812416077, 19.5406341553, 0.347271472216, 8.63077735901, -2.67404460907, 4.19479608536, 10.0266590118, 59.5051383972, 18.8426399231], [-98.8628082275, 19.1703090668, -45.7971763611, -17.1228218079, -0.0892447009683, -6.44305562973, 7.8818526268, 0.204972788692, -2.19893717766, -10.2362174988, 3.99661135674, 18.8426399231, 55.0845413208]]}, "spectral_energyband_middle_low": {"dmean2": 0.00710933236405, "median": 0.0095302592963, "min": 2.14816492771e-22, "dvar2": 7.33653141651e-05, "dvar": 2.9931023164e-05, "dmean": 0.00440557207912, "max": 0.0608860068023, "var": 8.67579947226e-05, "mean": 0.0118574388325}, "melbands_crest": {"dmean2": 4.65901947021, "median": 9.95816230774, "min": 2.09660959244, "dvar2": 16.9208488464, "dvar": 6.48683929443, "dmean": 2.82808804512, "max": 33.3431739807, "var": 17.5601100922, "mean": 10.6479454041}, "spectral_kurtosis": {"dmean2": 2.77304434776, "median": 5.4824461937, "min": -1.21818804741, "dvar2": 10.0922384262, "dvar": 3.50318717957, "dmean": 1.67420995235, "max": 44.8796882629, "var": 10.1931428909, "mean": 5.98040962219}, "spectral_rms": {"dmean2": 0.00101669155993, "median": 0.00471525499597, "min": 3.18282900036e-12, "dvar2": 1.10475707515e-06, "dvar": 4.85596956423e-07, "dmean": 0.00065148685826, "max": 0.00931972078979, "var": 2.78411243926e-06, "mean": 0.00460949866101}, "zerocrossingrate": {"dmean2": 0.0101372599602, "median": 0.06982421875, "min": 0.0126953125, "dvar2": 0.000133922090754, "dvar": 0.000141229102155, "dmean": 0.0086965225637, "max": 0.509765625, "var": 0.00075490452582, "mean": 0.0715643167496}, "silence_rate_60dB": {"dmean2": 0.0270592924207, "median": 0, "min": 0, "dvar2": 0.0279189962894, "dvar": 0.013344950974, "dmean": 0.0135278515518, "max": 1, "var": 0.0752364322543, "mean": 0.0819519981742}, "erbbands_kurtosis": {"dmean2": 1.30747497082, "median": -0.126611888409, "min": -1.85170507431, "dvar2": 3.50647807121, "dvar": 1.54848146439, "dmean": 0.807561159134, "max": 22.9857387543, "var": 4.0155377388, "mean": 0.447394371033}, "erbbands": {"dmean2": [0.0467749126256, 0.616858005524, 2.0875890255, 6.24787187576, 8.9741897583, 12.4784240723, 9.11292552948, 10.8489656448, 22.7333316803, 35.9825897217, 38.0291633606, 38.3656539917, 28.3197994232, 29.788312912, 22.0288486481, 32.9698677063, 36.2885322571, 38.9099617004, 35.5617294312, 44.3114051819, 61.1635856628, 40.6513061523, 24.3714733124, 19.6211891174, 17.3778686523, 11.790930748, 8.52494716644, 6.33810424805, 4.53443622589, 3.29476165771, 1.92453825474, 1.54980278015, 0.995798051357, 0.480464935303, 0.179218396544, 0.114121459424, 0.0414879843593, 0.00865103956312, 0.00265436246991, 0.000188570076716], "median": [0.00982592999935, 0.146569848061, 0.592775523663, 2.26018714905, 6.04562664032, 9.28167247772, 6.42479705811, 6.10548448563, 7.97272968292, 13.1064081192, 15.0465192795, 15.8355035782, 14.0419931412, 18.5882282257, 16.3500938416, 19.7979412079, 23.9206905365, 24.9182186127, 31.2413539886, 41.1976776123, 59.8724060059, 44.0958595276, 25.0530261993, 18.7320919037, 13.5462722778, 9.99876880646, 4.85536432266, 2.64582157135, 1.80983495712, 1.31176042557, 0.890925347805, 0.74459028244, 0.433840095997, 0.199803188443, 0.0840342119336, 0.0477861575782, 0.0159553363919, 0.00277888146229, 0.000482594739879, 6.09029593761e-05], "min": [3.03145902136e-21, 5.32593162089e-21, 1.55444782375e-20, 3.43143049356e-20, 5.44688093609e-20, 2.44280290162e-19, 3.90986122623e-19, 4.54982217334e-19, 2.42862089002e-19, 1.11535896423e-18, 6.51361512199e-19, 3.46746926651e-19, 9.37468603625e-19, 1.78619540998e-18, 2.44584982141e-18, 3.88121911524e-18, 7.46305013394e-18, 5.96497475941e-18, 4.13872374865e-18, 5.97940244365e-18, 7.79125223995e-18, 1.32681151645e-17, 1.48978669392e-17, 1.41966675883e-17, 2.4064336726e-17, 1.40027350937e-17, 2.30474141158e-17, 1.41362585882e-17, 1.87983014601e-17, 2.08229864824e-17, 1.57097480192e-17, 1.44505855666e-17, 1.30132955594e-17, 1.27298075286e-17, 8.79843148969e-18, 6.07715079023e-18, 3.58873714963e-18, 1.1168237977e-18, 2.52829408588e-19, 3.38691686749e-20], "dvar2": [0.00648469943553, 1.17502784729, 14.6193904877, 109.80960083, 161.892425537, 284.775756836, 288.679534912, 407.845428467, 2480.60449219, 5882.37304688, 8158.2109375, 8622.97167969, 5195.31201172, 2918.30761719, 1503.5324707, 3723.5949707, 4270.70263672, 6328.58837891, 2635.44580078, 4031.29516602, 7560.75, 2660.7800293, 1252.23864746, 1062.3034668, 1077.15429688, 341.072784424, 230.696182251, 153.433639526, 122.459579468, 68.6908798218, 14.8298578262, 11.8876018524, 10.9390163422, 5.46205377579, 0.225319057703, 0.0745961666107, 0.00932400021702, 0.000444303208496, 4.35564033978e-05, 2.11372579884e-07], "dvar": [0.00335186976008, 0.459406882524, 5.06722068787, 38.6977920532, 58.8745689392, 113.134468079, 111.836181641, 162.417526245, 955.288085938, 2420.44140625, 3296.08984375, 3678.03662109, 2130.95898438, 1169.12976074, 626.768249512, 1509.46166992, 1739.43969727, 2605.68188477, 1063.54870605, 1599.15307617, 2717.19018555, 1054.86096191, 506.60269165, 481.820129395, 501.847442627, 165.417312622, 97.9749908447, 65.7926177979, 53.1050605774, 26.9870071411, 6.56432294846, 5.39188289642, 4.55745697021, 2.12452888489, 0.107590585947, 0.0328111164272, 0.00439553754404, 0.000207644610782, 1.95844841073e-05, 9.50371799036e-08], "dmean": [0.0317544974387, 0.365389287472, 1.18089747429, 3.54804611206, 5.26344871521, 7.69218730927, 5.48686742783, 6.5980181694, 13.7116241455, 22.1166534424, 23.6889057159, 23.8303394318, 17.4574699402, 18.2046852112, 13.5122728348, 20.3835411072, 22.2931518555, 24.4316482544, 21.9439411163, 27.2714099884, 36.5221214294, 24.739068985, 15.0020513535, 12.2561817169, 10.9670228958, 7.55246400833, 5.44596672058, 3.99276208878, 2.90606760979, 2.15481686592, 1.29048812389, 1.05007946491, 0.667808353901, 0.322664856911, 0.126739114523, 0.0804334059358, 0.0298897754401, 0.00625130720437, 0.00183809187729, 0.000129911233671], "max": [0.529768943787, 7.17016172409, 19.3474121094, 62.4392318726, 91.561706543, 283.798339844, 286.571258545, 379.153533936, 622.93182373, 743.414550781, 1146.89855957, 1474.83374023, 1204.55065918, 1073.07543945, 865.270385742, 990.701416016, 1001.0145874, 1434.98571777, 643.640869141, 783.761352539, 1144.25866699, 599.298217773, 487.282409668, 670.274108887, 696.264892578, 439.962341309, 192.231231689, 266.06237793, 270.728179932, 179.151763916, 65.6640853882, 52.2670516968, 97.9222335815, 88.0187530518, 16.1220874786, 3.50605726242, 1.19235301018, 0.312348872423, 0.0901539474726, 0.00686539988965], "var": [0.00574935320765, 0.556415677071, 4.62695217133, 36.5678138733, 77.0248947144, 254.64831543, 175.162597656, 282.95098877, 1494.92773438, 3622.04052734, 5849.71630859, 6214.32177734, 3066.43554688, 2377.53955078, 1203.77209473, 3330.91723633, 4204.33935547, 5345.24707031, 2889.44726563, 4658.26708984, 6446.03857422, 2555.04931641, 982.238708496, 972.082092285, 1178.00683594, 440.997039795, 208.523239136, 129.018951416, 101.699150085, 52.9759597778, 15.1670856476, 10.2316656113, 6.24637937546, 2.30931925774, 0.200077176094, 0.0529939234257, 0.00752978259698, 0.000330029608449, 2.62779667537e-05, 1.29053702835e-07], "mean": [0.0448931977153, 0.468733906746, 1.38628768921, 4.36047792435, 8.31078529358, 14.2288208008, 9.57861995697, 11.1278305054, 19.5236682892, 31.9887695313, 37.3452301025, 37.7812423706, 28.3059329987, 32.4236907959, 25.4491634369, 38.9197235107, 45.0297279358, 48.9846191406, 46.360660553, 61.1433334351, 79.7479095459, 55.8385925293, 32.4110107422, 25.6921100616, 22.4384746552, 15.9421777725, 10.4008150101, 7.0002822876, 5.23304700851, 3.89878487587, 2.3612818718, 1.84686589241, 1.12659156322, 0.529335618019, 0.223026394844, 0.133663922548, 0.0488082282245, 0.00977538991719, 0.00243633938953, 0.000187753292266]}, "spectral_strongpeak": {"dmean2": 1.22606241703, "median": 0.587019741535, "min": 0, "dvar2": 2.68690538406, "dvar": 1.10440921783, "dmean": 0.718406498432, "max": 9.71018314362, "var": 2.07482123375, "mean": 1.19812190533}, "spectral_energy": {"dmean2": 0.0109630813822, "median": 0.0227894708514, "min": 1.03836604295e-20, "dvar2": 0.000167171718203, "dvar": 6.99771408108e-05, "dmean": 0.00686630513519, "max": 0.0890286266804, "var": 0.000213602863369, "mean": 0.0246322713792}, "average_loudness": 0.93740773201, "spectral_rolloff": {"dmean2": 667.353088379, "median": 2088.72070313, "min": 86.1328125, "dvar2": 839228.5, "dvar": 446502.5625, "dmean": 414.533843994, "max": 19056.8847656, "var": 994187, "mean": 2016.27954102}, "spectral_centroid": {"dmean2": 346.028961182, "median": 1663.64978027, "min": 264.616210938, "dvar2": 143909.234375, "dvar": 76988.1640625, "dmean": 226.530502319, "max": 10929.9140625, "var": 280774.4375, "mean": 1649.78991699}, "pitch_salience": {"dmean2": 0.100103713572, "median": 0.657631337643, "min": 0.109989672899, "dvar2": 0.00705102924258, "dvar": 0.00275088939816, "dmean": 0.0615029856563, "max": 0.851070821285, "var": 0.00829388946295, "mean": 0.64621669054}, "spectral_energyband_middle_high": {"dmean2": 0.00354567123577, "median": 0.00821624603122, "min": 1.69663912092e-21, "dvar2": 1.65805176948e-05, "dvar": 7.40464292903e-06, "dmean": 0.00229681446217, "max": 0.0490980297327, "var": 3.91129797208e-05, "mean": 0.00891234911978}, "spectral_contrast_coeffs": {"dmean2": [0.0879214778543, 0.0794483944774, 0.0629757791758, 0.0511997155845, 0.0353780128062, 0.0326162315905], "median": [-0.618114352226, -0.765552043915, -0.78649353981, -0.782052397728, -0.787006497383, -0.759672224522], "min": [-0.966401100159, -0.969350039959, -0.978948950768, -0.965183317661, -0.963656425476, -0.961716651917], "dvar2": [0.00479624187574, 0.00403791712597, 0.00243172817864, 0.0015618391335, 0.000784676289186, 0.000868815055583], "dvar": [0.00191027089022, 0.0015927470522, 0.000971448083874, 0.000588675495237, 0.00031323285657, 0.000355118158041], "dmean": [0.0540753901005, 0.0483190268278, 0.0382445305586, 0.0309806875885, 0.0217194538563, 0.0203735120595], "max": [-0.279144585133, -0.330506771803, -0.427340716124, -0.569210708141, -0.592801868916, -0.597655177116], "var": [0.00780275790021, 0.00626515038311, 0.00361393578351, 0.00237699062563, 0.00129456655122, 0.00134606647771], "mean": [-0.611386120319, -0.75190526247, -0.777981340885, -0.777225971222, -0.784563660622, -0.75680154562]}, "melbands_skewness": {"dmean2": 0.826257526875, "median": 1.5342028141, "min": -2.60448455811, "dvar2": 0.809842228889, "dvar": 0.341567784548, "dmean": 0.522881746292, "max": 13.9090566635, "var": 1.24944198132, "mean": 1.61939001083}, "spectral_spread": {"dmean2": 615579.5625, "median": 3575334, "min": 1049610.625, "dvar2": 578062385152, "dvar": 422932807680, "dmean": 434418.875, "max": 40135336, "var": 1232103276540.0, "mean": 3652602.25}, "dissonance": {"dmean2": 0.022177470848, "median": 0.483296185732, "min": 0.220691561699, "dvar2": 0.000650073052384, "dvar": 0.000247375486651, "dmean": 0.0131431110203, "max": 0.500000059605, "var": 0.000646787579171, "mean": 0.476031005383}, "spectral_skewness": {"dmean2": 0.333390414715, "median": 1.57463037968, "min": -0.279208600521, "dvar2": 0.101327031851, "dvar": 0.0395995564759, "dmean": 0.207741603255, "max": 4.21030378342, "var": 0.152974277735, "mean": 1.58828246593}, "spectral_flux": {"dmean2": 0.0301853325218, "median": 0.083179987967, "min": 1.01900245186e-10, "dvar2": 0.000888675742317, "dvar": 0.000440031115431, "dmean": 0.0198957379907, "max": 0.242282643914, "var": 0.00162686465774, "mean": 0.088046759367}, "spectral_contrast_valleys": {"dmean2": [0.711484968662, 0.551426529884, 0.467271208763, 0.402160584927, 0.347572982311, 0.43487739563], "median": [-7.29974365234, -6.31619262695, -6.75114154816, -6.74427890778, -6.82396888733, -10.0202379227], "min": [-27.5695762634, -27.3503017426, -27.2287769318, -27.1882705688, -27.2124328613, -27.1582660675], "dvar2": [0.371026128531, 0.230560585856, 0.186075910926, 0.155379250646, 0.14379183948, 0.245398759842], "dvar": [0.182673469186, 0.118996061385, 0.106580212712, 0.0941817611456, 0.0938046947122, 0.141774371266], "dmean": [0.440479338169, 0.33668243885, 0.288172364235, 0.249477624893, 0.227010697126, 0.321057885885], "max": [-5.49491214752, -4.76136112213, -5.45191860199, -5.67509460449, -5.51499795914, -7.58456707001], "var": [1.36666941643, 0.875890791416, 0.825010716915, 0.88530766964, 0.766467034817, 1.01496577263], "mean": [-7.54587936401, -6.55362558365, -6.96744537354, -7.00504302979, -7.0222568512, -10.1909360886]}, "erbbands_flatness_db": {"dmean2": 0.0258737578988, "median": 0.15516962111, "min": 0.0543559640646, "dvar2": 0.000545804563444, "dvar": 0.000281212938717, "dmean": 0.0177988875657, "max": 0.365323334932, "var": 0.00221008458175, "mean": 0.161857768893}, "spectral_energyband_high": {"dmean2": 0.000483851821627, "median": 0.000351424416294, "min": 7.28533669951e-21, "dvar2": 7.80012499035e-07, "dvar": 3.72404684867e-07, "dmean": 0.000337476434652, "max": 0.0180554464459, "var": 1.03692525499e-06, "mean": 0.000752102583647}, "spectral_entropy": {"dmean2": 0.179570168257, "median": 7.73318958282, "min": 5.48513269424, "dvar2": 0.0320948772132, "dvar": 0.0170135088265, "dmean": 0.123765923083, "max": 9.80582332611, "var": 0.103961549699, "mean": 7.70098209381}, "silence_rate_20dB": {"dmean2": 0, "median": 1, "min": 1, "dvar2": 0, "dvar": 0, "dmean": 0, "max": 1, "var": 0, "mean": 1}, "melbands_flatness_db": {"dmean2": 0.0321320965886, "median": 0.151275113225, "min": 0.00555941695347, "dvar2": 0.000934335228521, "dvar": 0.000436585658463, "dmean": 0.0211437512189, "max": 0.420870423317, "var": 0.00230155419558, "mean": 0.155440092087}, "barkbands": {"dmean2": [3.45417174685e-05, 0.00230592070147, 0.00214636116289, 0.00266810390167, 0.00299639371224, 0.00118018081412, 0.0020792207215, 0.00166953797452, 0.00166747241747, 0.000947210181039, 0.00068207050208, 0.000819056062028, 0.000861826352775, 0.000812741403934, 0.00081051257439, 0.00116612063721, 0.000791315746028, 0.000453884480521, 0.000386086700018, 0.000266567105427, 0.000181796189281, 0.000122440949781, 7.28306695237e-05, 6.35296310065e-05, 3.21325715049e-05, 2.29569086514e-05, 1.41100990732e-05], "median": [8.59751980897e-06, 0.000579828280024, 0.000531561323442, 0.00106670707464, 0.0026665518526, 0.000734396337066, 0.000721769989468, 0.00054633046966, 0.000695258262567, 0.000431264023064, 0.000368162203813, 0.000445212586783, 0.000473444175441, 0.000462308147689, 0.00059351278469, 0.001040627365, 0.000766947865486, 0.000389114778955, 0.000306540023303, 0.000206804237678, 8.6565312813e-05, 5.0140231906e-05, 3.26389672409e-05, 3.15186007356e-05, 1.46040356412e-05, 9.41232701734e-06, 2.49885124504e-06], "min": [3.75762879704e-23, 5.01114991691e-23, 1.62165568306e-23, 1.1218754598e-23, 5.88217163204e-23, 5.07786861683e-23, 3.97407676776e-23, 3.79617222532e-23, 1.55492010152e-23, 5.18180703643e-23, 3.3460204249e-23, 9.84616675743e-23, 1.43436571534e-22, 1.05243839253e-22, 1.08425725492e-22, 1.22012371526e-22, 1.99632308741e-22, 2.60375747024e-22, 4.38655635788e-22, 3.29378180332e-22, 4.54444566899e-22, 5.48122064451e-22, 5.57042175401e-22, 7.57881365596e-22, 1.17726511685e-21, 1.76865593689e-21, 2.1037493072e-21], "dvar2": [6.24591711684e-09, 1.63004624483e-05, 1.57143294928e-05, 1.83231150004e-05, 1.38495570354e-05, 4.5448059609e-06, 1.7583150111e-05, 1.66111840372e-05, 1.49427869474e-05, 4.78304355056e-06, 1.35846858029e-06, 2.25305439017e-06, 2.31789385907e-06, 2.26799897973e-06, 1.48804031141e-06, 2.9610830552e-06, 1.00117404145e-06, 4.70021689125e-07, 5.17932846833e-07, 2.1109967463e-07, 1.16090596691e-07, 8.86164173153e-08, 2.10698001268e-08, 2.83046333038e-08, 1.58997899291e-08, 2.96047875104e-09, 1.22884491471e-09], "dvar": [2.31024199771e-09, 6.77854677633e-06, 5.41947611055e-06, 6.4270097937e-06, 5.38504309588e-06, 1.77994343176e-06, 6.95044491295e-06, 6.74047441862e-06, 6.44080046186e-06, 1.90704088254e-06, 5.37429002634e-07, 9.46108798416e-07, 9.5302095815e-07, 9.08156607693e-07, 5.84551855809e-07, 1.06693880753e-06, 3.98298936943e-07, 1.94684105281e-07, 2.27945719189e-07, 9.73892539946e-08, 4.93243490496e-08, 3.8387387491e-08, 9.12648445706e-09, 1.25814256791e-08, 6.51127951556e-09, 1.36722300148e-09, 5.56582113731e-10], "dmean": [2.13046332647e-05, 0.00140702992212, 0.00119622936472, 0.00152583711315, 0.00183420884423, 0.000722496246453, 0.00125631282572, 0.00102072977461, 0.00104380981065, 0.000577669532504, 0.000413111149101, 0.000503942603245, 0.000529815908521, 0.000502961687744, 0.000496871594805, 0.000691927154548, 0.000481622992083, 0.000277402141364, 0.00024029990891, 0.000168762679095, 0.000114679300168, 7.96651656856e-05, 4.85003693029e-05, 4.36353220721e-05, 2.21714744839e-05, 1.67099060491e-05, 9.87515522866e-06], "max": [0.000896901939996, 0.0258394628763, 0.0222818981856, 0.026444574818, 0.0483388379216, 0.0332482345402, 0.0412810891867, 0.0485172197223, 0.0537444315851, 0.0389908738434, 0.0142866950482, 0.0249996557832, 0.0187636315823, 0.0244046449661, 0.0147435683757, 0.0272810962051, 0.00956024695188, 0.0118561666459, 0.0152013693005, 0.00902990158647, 0.00621088501066, 0.00777033949271, 0.0021574285347, 0.00452375598252, 0.00473636481911, 0.000640870421194, 0.000518698245287], "var": [2.26330421071e-09, 9.20871298149e-06, 4.43625503976e-06, 6.20445734967e-06, 1.13886071631e-05, 3.06374613501e-06, 1.18581074275e-05, 1.05558347059e-05, 1.15925422506e-05, 2.86402178062e-06, 9.75569264483e-07, 2.04887783184e-06, 2.37378162637e-06, 2.14983037949e-06, 1.53469341058e-06, 2.17352885556e-06, 9.54239453677e-07, 3.61436406138e-07, 4.43205664169e-07, 2.18814463437e-07, 9.45633757965e-08, 7.71385586518e-08, 2.22933103089e-08, 2.15076898513e-08, 8.44175485071e-09, 2.32911756548e-09, 7.66640195771e-10], "mean": [2.67646046268e-05, 0.00191818317398, 0.00128724914975, 0.00188054633327, 0.00355997122824, 0.00122760853264, 0.00181729788892, 0.00146802968811, 0.00166156608611, 0.000906176574063, 0.000672210066114, 0.000922730774619, 0.000991908251308, 0.000928309396841, 0.00098509225063, 0.0014098569518, 0.00101838109549, 0.000535758852493, 0.0