{"tonal": {"thpcp": [1, 0.669681191444, 0.284012526274, 0.232847467065, 0.204014107585, 0.309362232685, 0.380640208721, 0.280074805021, 0.341167926788, 0.472192943096, 0.338339865208, 0.282833129168, 0.33694717288, 0.25802809, 0.351240217686, 0.433061182499, 0.256611585617, 0.147584944963, 0.154684260488, 0.252723872662, 0.612093389034, 0.705067634583, 0.364311724901, 0.220511674881, 0.20533888042, 0.129506543279, 0.140186339617, 0.175126686692, 0.178303450346, 0.309462457895, 0.403346866369, 0.297618597746, 0.267226576805, 0.314800322056, 0.32859441638, 0.656576633453], "hpcp": {"dmean2": [0.208067581058, 0.248427987099, 0.303523480892, 0.2975487113, 0.285242885351, 0.199734419584, 0.160518541932, 0.151166573167, 0.185037717223, 0.190150439739, 0.178236976266, 0.184787243605, 0.190272331238, 0.183570340276, 0.167278677225, 0.171636015177, 0.171163439751, 0.180137440562, 0.18588142097, 0.152392625809, 0.126659706235, 0.120766334236, 0.182547941804, 0.30507555604, 0.286795556545, 0.201091229916, 0.143076077104, 0.128085747361, 0.105365119874, 0.105640642345, 0.11665610224, 0.137930452824, 0.176217719913, 0.182730674744, 0.194297492504, 0.196861565113], "median": [0.0113302543759, 0.0157104786485, 0.0731365829706, 0.113543763757, 0.0664235055447, 0.0127191133797, 0.00493682175875, 0.00648678466678, 0.0148683004081, 0.0198900420219, 0.0157121680677, 0.0111838579178, 0.0110628688708, 0.0124791180715, 0.0151562113315, 0.012848617509, 0.0125454617664, 0.0157545395195, 0.0148578770459, 0.00825870223343, 0.00337435840629, 0.00299990316853, 0.0114279966801, 0.0581643693149, 0.0846647620201, 0.0382189750671, 0.00879132095724, 0.00418317271397, 0.00330692785792, 0.00317197432742, 0.00334278307855, 0.00473321741447, 0.00823493860662, 0.00970150344074, 0.0110980328172, 0.0100930854678], "min": [0, 0, 0, 0, 0, 0, 0, 0, 0, 0, 0, 0, 0, 0, 0, 0, 0, 0, 0, 0, 0, 0, 0, 0, 0, 0, 0, 0, 0, 0, 0, 0, 0, 0, 0, 0], "dvar2": [0.120723955333, 0.142427816987, 0.147169366479, 0.14514374733, 0.134500876069, 0.110233917832, 0.102172613144, 0.0893670842052, 0.107759550214, 0.102962687612, 0.0977374091744, 0.101271048188, 0.107155635953, 0.0981127023697, 0.0902085006237, 0.0996737554669, 0.0985109508038, 0.101022519171, 0.109144337475, 0.0872736498713, 0.0844758599997, 0.0758977755904, 0.0904430523515, 0.159195005894, 0.131508290768, 0.10011805594, 0.0784363150597, 0.0758601799607, 0.0559440404177, 0.0638966411352, 0.0695473253727, 0.0802495479584, 0.1024620682, 0.106186777353, 0.112421646714, 0.111344061792], "dvar": [0.0456850789487, 0.0515286251903, 0.0566431768239, 0.0670283213258, 0.0542078241706, 0.041280452162, 0.0378440842032, 0.0321347564459, 0.0401314087212, 0.0415041781962, 0.0367706902325, 0.0382723025978, 0.04636721313, 0.0369046144187, 0.0344008430839, 0.0405447222292, 0.0362556427717, 0.0390635244548, 0.04594322294, 0.0328687876463, 0.0305091608316, 0.0282470602542, 0.0340786129236, 0.0638322457671, 0.0567800551653, 0.037168957293, 0.0296852979809, 0.0297926515341, 0.0201730243862, 0.0234858244658, 0.0276804193854, 0.0297406464815, 0.0392431393266, 0.0425053723156, 0.0405553728342, 0.041213914752], "dmean": [0.115028195083, 0.136775687337, 0.174520134926, 0.174340218306, 0.16648517549, 0.111020386219, 0.0873714089394, 0.0827349424362, 0.104517497122, 0.110099069774, 0.100539594889, 0.105316229165, 0.109709151089, 0.104448832572, 0.0947450697422, 0.0974893644452, 0.0960898920894, 0.102537713945, 0.106489673257, 0.085999250412, 0.0683402791619, 0.0665214061737, 0.101805090904, 0.174565687776, 0.167954310775, 0.11464253068, 0.0799169614911, 0.071496270597, 0.0572648048401, 0.0576466172934, 0.0646692290902, 0.0759146511555, 0.0991500020027, 0.103846162558, 0.107001386583, 0.108250707388], "max": [1, 1, 1, 1, 1, 1, 1, 1, 1, 1, 1, 1, 1, 1, 1, 1, 1, 1, 1, 1, 1, 1, 1, 1, 1, 1, 1, 1, 1, 1, 1, 1, 1, 1, 1, 1], "var": [0.0494512841105, 0.0456259399652, 0.0803556591272, 0.153751939535, 0.0860776081681, 0.0398760847747, 0.0407025814056, 0.0288422051817, 0.0425685979426, 0.0573054589331, 0.0357313193381, 0.0479033999145, 0.0903408154845, 0.0469577424228, 0.0386987775564, 0.0575229227543, 0.0335605144501, 0.0507384948432, 0.0770960301161, 0.0331386327744, 0.022001825273, 0.0237274989486, 0.0312179308385, 0.0888366699219, 0.0987926498055, 0.0396445207298, 0.0322048068047, 0.0349374860525, 0.0155226327479, 0.0205611884594, 0.0301353894174, 0.0247204564512, 0.0475873611867, 0.0743551701307, 0.0408431366086, 0.036943487823], "mean": [0.106463104486, 0.111128166318, 0.222049295902, 0.338192492723, 0.226481154561, 0.0960509032011, 0.0787472650409, 0.0689960420132, 0.10462398082, 0.128729656339, 0.0947192013264, 0.115380428731, 0.159692108631, 0.1144239977, 0.0956520363688, 0.113953001797, 0.0872631594539, 0.118786804378, 0.146458044648, 0.0867841094732, 0.0499121211469, 0.0523130558431, 0.0854693129659, 0.207005381584, 0.238448575139, 0.123207487166, 0.074575394392, 0.0694440677762, 0.0437981411815, 0.047409966588, 0.0592265315354, 0.060300886631, 0.104657880962, 0.136408880353, 0.100652374327, 0.0903740227222]}, "tuning_equal_tempered_deviation": 0.0197776071727, "chords_changes_rate": 0.0639481022954, "key_key": "A#", "tuning_diatonic_strength": 0.492627859116, "key_scale": "minor", "chords_number_rate": 0.00231696013361, "tuning_frequency": 441.272583008, "tuning_nontempered_energy_ratio": 0.686190009117, "chords_histogram": [22.7679958344, 5.02008008957, 4.3095459938, 7.56873655319, 2.7340130806, 1.82267534733, 2.34785294533, 28.3286991119, 2.47142410278, 5.39079380035, 4.26320648193, 0.231696009636, 0.231696009636, 0, 0.0154464012012, 0.0308928024024, 0, 2.48687052727, 0.38616001606, 0.12357120961, 1.65276491642, 0.339820832014, 3.53722572327, 3.93883228302], "key_strength": 0.72130048275, "chords_key": "A#", "chords_strength": {"dmean2": 0.011119319126, "median": 0.470402538776, "min": 0.162428051233, "dvar2": 9.97635434032e-05, "dvar": 8.222386532e-05, "dmean": 0.0112866926938, "max": 0.800791442394, "var": 0.0114617133513, "mean": 0.474686831236}, "chords_scale": "major", "hpcp_entropy": {"dmean2": 0.969098269939, "median": 1.8577234745, "min": 0, "dvar2": 0.710684597492, "dvar": 0.283346176147, "dmean": 0.588680803776, "max": 4.59590148926, "var": 0.648113965988, "mean": 1.81898224354}}, "metadata": {"audio_properties": {"equal_loudness": 0, "codec": "mp3", "downmix": "mix", "sample_rate": 44100, "analysis_sample_rate": 44100, "bit_rate": 32000, "md5_encoded": "2bb5115e941920691a2e3552a6d3fb8a", "length": 300.564910889, "replay_gain": -14.4380340576, "lossless": false}, "version": {"essentia_build_sha": "70f2e5ece6736b2c40cc944ad0e695b16b925413", "essentia": "2.1-beta2", "extractor": "music 1.0", "essentia_git_sha": "v2.1_beta2"}, "tags": {"title": ["Free"], "artist": ["Marcus Miller"], "albumartist": ["Marcus Miller"], "date": ["2007"], "file_name": "2229491.mp3", "album": ["Free"], "tracknumber": ["3"], "discnumber": ["1"], "musicbrainz_recordingid": ["1b7c7740-571e-4be1-b9f7-acd5f4ba8a35"]}}, "rhythm": {"bpm_histogram_first_peak_bpm": {"dmean2": 0, "median": 89, "min": 89, "dvar2": 0, "dvar": 0, "dmean": 0, "max": 89, "var": 0, "mean": 89}, "bpm": 89.0312194824, "bpm_histogram_second_peak_spread": {"dmean2": 0, "median": 0.421052634716, "min": 0.421052634716, "dvar2": 0, "dvar": 0, "dmean": 0, "max": 0.421052634716, "var": 0, "mean": 0.421052634716}, "bpm_histogram_first_peak_weight": {"dmean2": 0, "median": 0.758169949055, "min": 0.758169949055, "dvar2": 0, "dvar": 0, "dmean": 0, "max": 0.758169949055, "var": 0, "mean": 0.758169949055}, "onset_rate": 3.68285155296, "beats_position": [0.487619042397, 0.986848056316, 1.48607707024, 1.99691605568, 2.50775504112, 3.01859402657, 3.52943301201, 4.05188179016, 4.59755086899, 5.13160991669, 5.67727899551, 6.26938772202, 6.86149644852, 7.46521520615, 8.08054447174, 8.6958732605, 9.32281208038, 9.93814086914, 10.5534696579, 11.1687984467, 11.7841272354, 12.3994560242, 13.0147848129, 13.5488433838, 14.0829019547, 14.6169614792, 15.0929698944, 15.5689792633, 16.0565986633, 16.5209980011, 16.99700737, 17.4614048004, 17.9258041382, 18.4018135071, 18.877822876, 19.3538322449, 19.8298416138, 20.3058490753, 20.7934684753, 21.246257782, 21.6990470886, 22.1518363953, 22.5465755463, 22.9413146973, 23.3476638794, 23.7540130615, 24.1255321503, 24.5086612701, 24.89179039, 25.2633094788, 25.6232185364, 25.9831295013, 26.3546485901, 26.8538761139, 27.353105545, 27.8523349762, 28.4444446564, 29.0481624603, 29.6518821716, 30.2788200378, 30.9173698425, 31.567527771, 32.2176856995, 32.8446235657, 33.4715652466, 34.1797714233, 34.8763694763, 35.572971344, 36.2463493347, 36.9197273254, 37.5931053162, 38.2664833069, 38.9398651123, 39.6016311646, 40.2634010315, 40.9367790222, 41.6101570129, 42.2719268799, 42.9336967468, 43.6070747375, 44.2804527283, 44.9654426575, 45.6272087097, 46.3121986389, 46.9971885681, 47.6705665588, 48.3439445496, 49.0173225403, 49.690700531, 50.3640823364, 51.0374603271, 51.7108383179, 52.3842163086, 53.0575942993, 53.73097229, 54.4043540955, 55.0777320862, 55.7511100769, 56.4244880676, 57.0978660583, 57.7712478638, 58.4446258545, 59.1180038452, 59.8029937744, 60.4879798889, 61.1613578796, 61.8347396851, 62.5081176758, 63.1814956665, 63.8432655334, 64.5050354004, 65.1784133911, 65.8634033203, 66.536781311, 67.1985473633, 67.8835372925, 68.5685272217, 69.2419052124, 69.9152832031, 70.5886611938, 71.2620391846, 71.9354171753, 72.608795166, 73.2821731567, 73.9555511475, 74.6289291382, 75.3023147583, 75.975692749, 76.6490707397, 77.3224487305, 77.9958267212, 78.6692047119, 79.3425827026, 80.0275726318, 80.712562561, 81.3859405518, 82.0593185425, 82.7326965332, 83.4060745239, 84.0794525146, 84.7528305054, 85.4262084961, 86.0995864868, 86.7729721069, 87.4347381592, 88.1081161499, 88.7698822021, 89.4664840698, 90.1398620605, 90.8132400513, 91.486618042, 92.1599960327, 92.8333740234, 93.5067520142, 94.1801376343, 94.853515625, 95.5268936157, 96.2002716064, 96.8736495972, 97.5470275879, 98.2204055786, 98.8937835693, 99.5671615601, 100.240539551, 100.913917542, 101.587303162, 102.272285461, 102.957275391, 103.630653381, 104.304031372, 104.977409363, 105.650794983, 106.324172974, 106.997550964, 107.670928955, 108.344306946, 109.017684937, 109.679450989, 110.34122467, 111.0262146, 111.711196899, 112.38457489, 113.05796051, 113.754554749, 114.427932739, 115.10131073, 115.774688721, 116.436462402, 117.098228455, 117.771606445, 118.444984436, 119.118362427, 119.791740417, 120.465126038, 121.138504028, 121.823486328, 122.496871948, 123.181854248, 123.855232239, 124.51700592, 125.178771973, 125.863761902, 126.548751831, 127.222129822, 127.895507812, 128.568893433, 129.242263794, 129.915649414, 130.589019775, 131.250793457, 131.912567139, 132.609161377, 133.282531738, 133.955917358, 134.62928772, 135.30267334, 135.97605896, 136.66104126, 137.334411621, 138.007797241, 138.669570923, 139.342941284, 140.016326904, 140.689697266, 141.363082886, 142.036453247, 142.709838867, 143.394821167, 144.079818726, 144.753189087, 145.426574707, 146.099945068, 146.773330688, 147.446716309, 148.12008667, 148.79347229, 149.466842651, 150.140228271, 150.813598633, 151.486984253, 152.160354614, 152.833740234, 153.507110596, 154.180496216, 154.853881836, 155.527252197, 156.200637817, 156.897232056, 157.570602417, 158.243988037, 158.917373657, 159.590744019, 160.2525177, 160.914276123, 161.587661743, 162.261047363, 162.934417725, 163.607803345, 164.281173706, 164.954559326, 165.639541626, 166.324539185, 166.997909546, 167.671295166, 168.344665527, 169.029663086, 169.691421509, 170.364807129, 171.03817749, 171.71156311, 172.384933472, 173.058319092, 173.731704712, 174.405075073, 175.066848755, 175.751831055, 176.425216675, 177.098587036, 177.771972656, 178.468566895, 179.141952515, 179.815322876, 180.488708496, 181.162078857, 181.835464478, 182.4972229, 183.158996582, 183.832382202, 184.505752563, 185.190750122, 185.852508545, 186.537506104, 187.222488403, 187.907485962, 188.580856323, 189.242630005, 189.916000366, 190.589385986, 191.262756348, 191.936141968, 192.609527588, 193.282897949, 193.956283569, 194.629653931, 195.303039551, 195.976409912, 196.649795532, 197.323165894, 197.996551514, 198.669921875, 199.343307495, 200.028289795, 200.690063477, 201.375045776, 202.060043335, 202.733413696, 203.406799316, 204.068572998, 204.730331421, 205.403717041, 206.077087402, 206.750473022, 207.423858643, 208.108840942, 208.793823242, 209.467208862, 210.140579224, 210.813964844, 211.487350464, 212.172332764, 212.834106445, 213.507476807, 214.180862427, 214.854232788, 215.527618408, 216.20098877, 216.87437439, 217.547744751, 218.221130371, 218.894515991, 219.567886353, 220.241271973, 220.914642334, 221.599639893, 222.284622192, 222.958007812, 223.631378174, 224.304763794, 224.978134155, 225.639907837, 226.313278198, 226.998275757, 227.671646118, 228.356643677, 229.041625977, 229.715011597, 230.388381958, 231.061767578, 231.735137939, 232.40852356, 233.058685303, 233.732055664, 234.405441284, 235.078811646, 235.752197266, 236.425567627, 237.098953247, 237.772338867, 238.445709229, 239.119094849, 239.79246521, 240.46585083, 241.139221191, 241.812606812, 242.497589111, 243.18258667, 243.855957031, 244.529342651, 245.202713013, 245.876098633, 246.549468994, 247.222854614, 247.896224976, 248.569610596, 249.242996216, 249.916366577, 250.56652832, 251.25151062, 251.936508179, 252.60987854, 253.28326416, 253.956634521, 254.630020142, 255.315002441, 255.976776123, 256.650146484, 257.323547363, 257.996917725, 258.670288086, 259.343658447, 260.017059326, 260.690429688, 261.363800049, 262.03717041, 262.710571289, 263.39553833, 264.080535889, 264.75390625, 265.427307129, 266.10067749, 266.774047852, 267.447418213, 268.120819092, 268.794189453, 269.467559814, 270.140960693, 270.814331055, 271.476104736, 272.137878418, 272.822845459, 273.507843018, 274.181213379, 274.85458374, 275.527984619, 276.20135498, 276.886352539, 277.5597229, 278.233093262, 278.894866943, 279.568237305, 280.241638184, 280.915008545, 281.588378906, 282.261749268, 282.935150146, 283.608520508, 284.281890869, 284.955291748, 285.640258789, 286.325256348, 286.998626709, 287.672027588, 288.345397949, 289.018768311, 289.692138672, 290.365539551, 291.038909912, 291.712280273, 292.385650635, 293.059051514, 293.720825195, 294.405792236, 295.079193115, 295.752563477, 296.425933838, 297.110931396, 297.784301758, 298.469299316, 299.142669678, 299.816040039], "beats_loudness": {"dmean2": 0.163797199726, "median": 0.0512641742826, "min": 2.10819219859e-08, "dvar2": 0.0139042539522, "dvar": 0.00395311042666, "dmean": 0.0827570781112, "max": 0.258366763592, "var": 0.00474294414744, "mean": 0.0766692236066}, "danceability": 1.15977120399, "bpm_histogram_second_peak_weight": {"dmean2": 0, "median": 0.0239651408046, "min": 0.0239651408046, "dvar2": 0, "dvar": 0, "dmean": 0, "max": 0.0239651408046, "var": 0, "mean": 0.0239651408046}, "beats_count": 460, "bpm_histogram_second_peak_bpm": {"dmean2": 0, "median": 98, "min": 98, "dvar2": 0, "dvar": 0, "dmean": 0, "max": 98, "var": 0, "mean": 98}, "bpm_histogram_first_peak_spread": {"dmean2": 0, "median": 0.123425722122, "min": 0.123425722122, "dvar2": 0, "dvar": 0, "dmean": 0, "max": 0.123425722122, "var": 0, "mean": 0.123425722122}, "beats_loudness_band_ratio": {"dmean2": [0.499774485826, 0.304238528013, 0.215123802423, 0.0788605585694, 0.0294381733984, 0.0699831172824], "median": [0.732471108437, 0.117792740464, 0.0274904556572, 0.0181809365749, 0.00804408825934, 0.0306058637798], "min": [4.38713959738e-06, 0.00870556384325, 0.000604712637141, 0.000779572699685, 8.13238293631e-05, 1.16747287393e-05], "dvar2": [0.117555052042, 0.0624252259731, 0.0818009972572, 0.0191562324762, 0.00176662683953, 0.00638080900535], "dvar": [0.0357431806624, 0.0214283466339, 0.0256956424564, 0.00679224450141, 0.000618078222033, 0.00205157860182], "dmean": [0.258317112923, 0.163498818874, 0.115037359297, 0.0446067601442, 0.0162056833506, 0.0387552790344], "max": [0.990613639355, 0.975393891335, 0.917466878891, 0.652197659016, 0.271343320608, 0.302756845951], "var": [0.0816490575671, 0.0365080945194, 0.0299512092024, 0.00557585246861, 0.000599635124672, 0.00189151801169], "mean": [0.635932147503, 0.190957635641, 0.105496786535, 0.0441241525114, 0.0165746863931, 0.043459430337]}}, "lowlevel": {"barkbands_spread": {"dmean2": 9.91861343384, "median": 11.2148761749, "min": 0.209162652493, "dvar2": 276.976959229, "dvar": 117.624313354, "dmean": 6.31710004807, "max": 130.098419189, "var": 327.391357422, "mean": 17.6553039551}, "melbands_spread": {"dmean2": 8.07618427277, "median": 8.46531772614, "min": 0.313700050116, "dvar2": 274.739746094, "dvar": 123.265823364, "dmean": 5.16038274765, "max": 279.05267334, "var": 384.364074707, "mean": 15.0587444305}, "hfc": {"dmean2": 9.67900466919, "median": 10.0314178467, "min": 1.08768354407e-16, "dvar2": 443.724273682, "dvar": 201.616760254, "dmean": 6.52451133728, "max": 202.940414429, "var": 407.605255127, "mean": 16.384979248}, "barkbands_kurtosis": {"dmean2": 12.1798276901, "median": 7.4738111496, "min": -1.91448390484, "dvar2": 523.278076172, "dvar": 213.153900146, "dmean": 7.51592063904, "max": 504.404388428, "var": 491.951660156, "mean": 14.2416696548}, "gfcc": {"mean": [-62.7005577087, 89.7343902588, -77.8813858032, 21.9521713257, -51.3534889221, 8.29186916351, -39.3765563965, 0.449608355761, -30.347946167, 2.21816039085, -10.2054367065, 0.920227766037, -11.3377151489], "icov": [[6.47884371574e-05, 1.64192369994e-05, 1.73872776941e-05, -8.1821483036e-05, -3.009563261e-05, 1.70955481735e-05, -3.30299808411e-05, -0.000101297788206, 0.000134253496071, -3.34198739438e-05, 3.51429844159e-05, -3.57966709998e-05, 7.93372528278e-05], [1.64192369994e-05, 0.000669923028909, -4.06183535233e-05, 0.00017408542044, -0.000363551836926, -2.16730113607e-05, -3.8021880755e-05, 0.000670414243359, -0.000884763547219, 0.00110807514284, -0.00133900367655, 0.000891001953278, -0.00022905068181], [1.73872776941e-05, -4.06183535233e-05, 0.000952667789534, -8.41229848447e-05, -0.000124805606902, -0.000575416488573, 0.000447472033557, 0.000118484080303, -0.000257145817159, -0.000235476458329, 0.000532002712134, -0.00072893750621, 0.000528543721884], [-8.1821483036e-05, 0.00017408542044, -8.41229848447e-05, 0.00154508033302, -0.000686671584845, -1.69874726907e-06, -0.000322928943206, 0.000239051616518, -0.000561972032301, 6.95088383509e-05, -0.000377122458303, -0.000322984036757, -8.92240277608e-05], [-3.009563261e-05, -0.000363551836926, -0.000124805606902, -0.000686671584845, 0.00364228407852, -0.000786402670201, -0.00162372924387, -0.00020598154515, -0.000538362946827, 0.000193002240849, 0.000378217082471, 1.11411063699e-05, -8.07814940345e-05], [1.70955481735e-05, -2.16730113607e-05, -0.000575416488573, -1.69874726907e-06, -0.000786402670201, 0.00442554289475, -0.00200059055351, -0.000440749397967, 0.00151974172331, -0.00107861286961, 0.00137621769682, -0.000101804507722, 0.000679846620187], [-3.30299808411e-05, -3.8021880755e-05, 0.000447472033557, -0.000322928943206, -0.00162372924387, -0.00200059055351, 0.0058785895817, -4.28074017691e-05, -0.000345238193404, -0.00043254144839, -2.34231338254e-05, 0.000608148111496, -0.000507843797095], [-0.000101297788206, 0.000670414243359, 0.000118484080303, 0.000239051616518, -0.00020598154515, -0.000440749397967, -4.28074017691e-05, 0.00540876109153, -0.00248966016807, 0.00152360007633, -0.00196178234182, 0.000690123182721, -0.00104102329351], [0.000134253496071, -0.000884763547219, -0.000257145817159, -0.000561972032301, -0.000538362946827, 0.00151974172331, -0.000345238193404, -0.00248966016807, 0.0088159032166, -0.00395496934652, 0.00157179671805, -0.00223275832832, 0.000589035917073], [-3.34198739438e-05, 0.00110807514284, -0.000235476458329, 6.95088383509e-05, 0.000193002240849, -0.00107861286961, -0.00043254144839, 0.00152360007633, -0.00395496934652, 0.0104752751067, -0.00335911731236, 0.00127097847871, 0.000962258374784], [3.51429844159e-05, -0.00133900367655, 0.000532002712134, -0.000377122458303, 0.000378217082471, 0.00137621769682, -2.34231338254e-05, -0.00196178234182, 0.00157179671805, -0.00335911731236, 0.0114427488297, -0.00306183262728, 0.000368485634681], [-3.57966709998e-05, 0.000891001953278, -0.00072893750621, -0.000322984036757, 1.11411063699e-05, -0.000101804507722, 0.000608148111496, 0.000690123182721, -0.00223275832832, 0.00127097847871, -0.00306183262728, 0.00947884190828, -0.00129951792769], [7.93372528278e-05, -0.00022905068181, 0.000528543721884, -8.92240277608e-05, -8.07814940345e-05, 0.000679846620187, -0.000507843797095, -0.00104102329351, 0.000589035917073, 0.000962258374784, 0.000368485634681, -0.00129951792769, 0.00979650206864]], "cov": [[19337.3300781, -1787.56359863, -44.1186904907, 1399.72265625, 515.675964355, 386.961669922, 429.010437012, 375.127166748, -183.401138306, 122.775512695, -121.975090027, 117.930297852, -124.569992065], [-1787.56359863, 3068.12573242, -220.519989014, -234.855758667, 230.308532715, -137.017700195, 48.2979927063, -169.333877563, 131.865966797, -189.005477905, 224.529891968, -173.959197998, 71.002746582], [-44.1186904907, -220.519989014, 1446.94836426, 187.219970703, 129.913299561, 247.772415161, 8.5464258194, -39.8314971924, 71.6487426758, 80.1004333496, -81.5559082031, 109.757347107, -95.6214828491], [1399.72265625, -234.855758667, 187.219970703, 960.124755859, 297.681030273, 148.172714233, 178.477523804, 40.170917511, 78.5994186401, 59.8886108398, -3.62181544304, 68.7576293945, -13.8418426514], [515.675964355, 230.308532715, 129.913299561, 297.681030273, 517.327636719, 201.561309814, 227.229949951, 20.2916355133, 56.6531486511, 14.1581945419, -13.7979841232, -7.64899873734, -4.16818809509], [386.961669922, -137.017700195, 247.772415161, 148.172714233, 201.561309814, 421.809997559, 188.726135254, 2.99807214737, -24.1580848694, 41.5033493042, -65.5552444458, -7.08784723282, -36.9625053406], [429.010437012, 48.2979927063, 8.5464258194, 178.477523804, 227.229949951, 188.726135254, 314.010284424, 18.0292663574, 17.4544906616, 24.3332252502, -17.4385166168, -20.6275291443, 0.270050346851], [375.127166748, -169.333877563, -39.8314971924, 40.170917511, 20.2916355133, 2.99807214737, 18.0292663574, 244.636245728, 50.7859840393, 5.18004274368, 21.8026885986, 17.7855014801, 20.3845863342], [-183.401138306, 131.865966797, 71.6487426758, 78.5994186401, 56.6531486511, -24.1580848694, 17.4544906616, 50.7859840393, 186.496566772, 50.3705596924, 23.4752998352, 34.3557281494, -2.62289905548], [122.775512695, -189.005477905, 80.1004333496, 59.8886108398, 14.1581945419, 41.5033493042, 24.3332252502, 5.18004274368, 50.3705596924, 144.675323486, 12.3953151703, 17.8989696503, -25.4723911285], [-121.975090027, 224.529891968, -81.5559082031, -3.62181544304, -13.7979841232, -65.5552444458, -17.4385166168, 21.8026885986, 23.4752998352, 12.3953151703, 135.144836426, 19.9653587341, 11.389134407], [117.930297852, -173.959197998, 109.757347107, 68.7576293945, -7.64899873734, -7.08784723282, -20.6275291443, 17.7855014801, 34.3557281494, 17.8989696503, 19.9653587341, 145.966064453, 5.71941137314], [-124.569992065, 71.002746582, -95.6214828491, -13.8418426514, -4.16818809509, -36.9625053406, 0.270050346851, 20.3845863342, -2.62289905548, -25.4723911285, 11.389134407, 5.71941137314, 117.480018616]]}, "spectral_energyband_middle_low": {"dmean2": 0.0075159962289, "median": 0.00779425771907, "min": 3.01954396528e-22, "dvar2": 0.000196362991119, "dvar": 7.43930941098e-05, "dmean": 0.00458764657378, "max": 0.172052070498, "var": 0.00026129258913, "mean": 0.013670515269}, "melbands_crest": {"dmean2": 5.02559995651, "median": 15.238658905, "min": 1.98444604874, "dvar2": 23.5012550354, "dvar": 8.97801780701, "dmean": 3.10054397583, "max": 34.785697937, "var": 27.8456478119, "mean": 15.8890256882}, "spectral_kurtosis": {"dmean2": 5.36954307556, "median": 4.64980983734, "min": -1.43046855927, "dvar2": 149.301254272, "dvar": 64.9565887451, "dmean": 3.45869112015, "max": 295.076904297, "var": 293.709594727, "mean": 9.25601863861}, "spectral_rms": {"dmean2": 0.00144768541213, "median": 0.00460852496326, "min": 3.18470813956e-12, "dvar2": 5.44299427929e-06, "dvar": 2.23945426114e-06, "dmean": 0.000911823473871, "max": 0.015109166503, "var": 7.31230738893e-06, "mean": 0.00462188245729}, "zerocrossingrate": {"dmean2": 0.016690550372, "median": 0.04052734375, "min": 0.0029296875, "dvar2": 0.000636575976387, "dvar": 0.000492052757181, "dmean": 0.0139316879213, "max": 0.57421875, "var": 0.00296912598424, "mean": 0.0561394058168}, "silence_rate_60dB": {"dmean2": 0.0621137209237, "median": 0, "min": 0, "dvar2": 0.0656631439924, "dvar": 0.0300932321697, "dmean": 0.0310544613749, "max": 1, "var": 0.139942273498, "mean": 0.168237298727}, "erbbands_kurtosis": {"dmean2": 2.87665462494, "median": 0.657892823219, "min": -1.9294346571, "dvar2": 33.9634513855, "dvar": 15.5867815018, "dmean": 1.88726294041, "max": 101.563072205, "var": 52.884601593, "mean": 3.16323399544}, "erbbands": {"dmean2": [0.344402641058, 2.61423921585, 5.66290712357, 7.83018016815, 10.8780708313, 15.6249399185, 11.3799571991, 16.2550449371, 12.8739290237, 12.768116951, 8.56519508362, 8.87208938599, 13.0342559814, 15.7300128937, 33.0000343323, 21.6505718231, 11.0006933212, 10.284453392, 11.5129861832, 8.35546588898, 6.78482723236, 4.53200674057, 5.08071422577, 5.80860090256, 5.43673610687, 5.04904508591, 4.46839618683, 3.71082401276, 3.21229982376, 2.6179087162, 2.22274279594, 1.3397718668, 1.19355654716, 1.2711533308, 1.04965019226, 0.806902647018, 0.251343816519, 0.0931618660688, 0.0190237015486, 0.000538671039976], "median": [0.0699241757393, 0.585914492607, 1.86642313004, 3.7950129509, 3.95400977135, 4.97027254105, 6.491979599, 6.01283454895, 4.08835124969, 2.72581672668, 2.18036603928, 1.8881291151, 1.23512887955, 2.68391013145, 3.3285548687, 3.61851501465, 3.07737159729, 1.76097464561, 1.71511697769, 1.90818321705, 1.61737048626, 1.49934363365, 1.55239927769, 1.58132839203, 1.50243377686, 1.16347396374, 0.836276531219, 0.550450325012, 0.399158388376, 0.337532699108, 0.387928068638, 0.296523809433, 0.21381559968, 0.159322664142, 0.0821313336492, 0.0282088890672, 0.00810710713267, 0.00177646218799, 0.000180026923772, 4.02848309022e-05], "min": [2.16443086092e-22, 1.73636883192e-21, 2.46401627155e-20, 4.50349275658e-20, 1.51361111244e-20, 1.87992368463e-20, 1.03476145803e-19, 3.06197318102e-19, 8.89604004274e-19, 7.6038277956e-19, 1.4658212243e-18, 7.80454317123e-19, 1.30767463094e-18, 4.55429980539e-19, 2.20865764191e-18, 2.35592805099e-18, 3.91741033499e-18, 3.2478560192e-18, 5.97874814379e-18, 6.21412321427e-18, 9.17442726431e-18, 1.34061567195e-17, 1.10570390533e-17, 1.90726656887e-17, 1.57547069398e-17, 1.15749641318e-17, 1.55064683836e-17, 1.50892484088e-17, 1.78124328645e-17, 1.7372951805e-17, 1.44401597821e-17, 1.56343141104e-17, 1.38511054428e-17, 9.37793354733e-18, 9.20638786882e-18, 4.99230589841e-18, 2.45415636912e-18, 9.19531915825e-19, 2.70231530917e-19, 3.14208820828e-20], "dvar2": [0.723656415939, 50.5662727356, 153.857788086, 245.977157593, 560.232177734, 1622.37390137, 531.073059082, 1494.17260742, 1149.35192871, 1263.74572754, 1012.96429443, 903.104309082, 2603.31518555, 2906.64624023, 19494.9648438, 5685.203125, 977.625366211, 1497.20251465, 1660.78381348, 905.730285645, 422.087524414, 186.705932617, 234.190841675, 256.712768555, 177.507507324, 136.50553894, 156.988143921, 203.537414551, 81.0420684814, 44.6338653564, 26.0029354095, 9.66664981842, 9.72483348846, 9.38990211487, 7.70532083511, 5.3417263031, 0.453805983067, 0.0677217766643, 0.00283550401218, 2.23452957471e-06], "dvar": [0.249660685658, 17.8746185303, 54.1435623169, 86.5024490356, 212.956832886, 667.501525879, 222.760345459, 567.715209961, 525.048034668, 782.444335938, 545.951782227, 539.65637207, 1129.75793457, 1503.52075195, 6827.2421875, 2061.85546875, 427.631530762, 568.409423828, 643.428100586, 400.476104736, 195.373596191, 83.0899200439, 87.8602828979, 107.727561951, 85.7942047119, 60.1762733459, 64.4169082642, 88.4469070435, 34.9053344727, 18.0583553314, 11.279504776, 4.88223743439, 5.17298364639, 4.34241962433, 3.50240659714, 2.33836126328, 0.204577997327, 0.0298735294491, 0.00118554325309, 9.41172459079e-07], "dmean": [0.189077481627, 1.44174313545, 3.25794792175, 4.61638641357, 6.45666503906, 9.2643995285, 7.18561458588, 10.0942192078, 8.46853733063, 9.24813652039, 5.87199878693, 6.14648580551, 8.29296302795, 10.3910741806, 18.850484848, 12.9228057861, 7.13088989258, 6.31507205963, 7.07801055908, 5.28506660461, 4.48153734207, 3.00505113602, 3.15769386292, 3.74481916428, 3.62073493004, 3.33611941338, 2.89624834061, 2.45077252388, 2.07311034203, 1.69055640697, 1.44396138191, 0.901314139366, 0.794184327126, 0.830629229546, 0.673535704613, 0.520062863827, 0.158949241042, 0.0591506026685, 0.0117745669559, 0.000335421063937], "max": [4.25136041641, 44.7369308472, 90.5303115845, 267.317901611, 422.364868164, 978.928466797, 451.122650146, 790.842041016, 927.764038086, 1349.43383789, 1097.94189453, 1494.16552734, 1749.36486816, 2037.46130371, 1486.43554688, 666.025390625, 685.789306641, 489.952392578, 702.438537598, 1326.27453613, 514.730224609, 457.82723999, 200.055343628, 343.665435791, 245.242095947, 232.997070312, 266.839294434, 458.801422119, 252.107345581, 72.5848922729, 55.4444351196, 62.3811340332, 47.4160499573, 52.9229850769, 45.9902610779, 20.4792098999, 9.86287117004, 3.53111362457, 0.780601143837, 0.0175781920552], "var": [0.168888807297, 12.3235702515, 56.2244415283, 191.351226807, 455.291259766, 2398.78564453, 799.052001953, 2212.03637695, 4137.97802734, 8411.21484375, 3013.66650391, 3352.03637695, 5652.29492188, 7731.59912109, 7454.90478516, 2656.6550293, 1173.27355957, 743.359985352, 1032.96630859, 646.057189941, 543.612365723, 307.31439209, 153.720596313, 308.634155273, 291.948181152, 302.279602051, 175.61378479, 131.320983887, 53.4826774597, 27.54347229, 20.9794330597, 11.1052122116, 11.7762908936, 9.0418920517, 6.20315647125, 3.35571432114, 0.290731102228, 0.039836358279, 0.0013358774595, 1.0492688034e-06], "mean": [0.188801884651, 1.60411202908, 4.87697410583, 8.13711833954, 11.475607872, 18.0738162994, 16.9245452881, 23.1526432037, 26.9452457428, 30.876909256, 13.9458065033, 14.3704509735, 16.0895767212, 21.0462265015, 23.7612171173, 19.7401638031, 14.1011562347, 9.38158035278, 10.453294754, 9.02921295166, 8.52007198334, 6.35919713974, 5.57641649246, 7.86224746704, 8.82855415344, 8.27332782745, 5.91967582703, 3.79019761086, 3.07845711708, 2.66469669342, 2.41382861137, 1.59955155849, 1.37421786785, 1.27768516541, 0.897120893002, 0.603611469269, 0.180009320378, 0.0627574250102, 0.0115863298997, 0.000348873669282]}, "spectral_strongpeak": {"dmean2": 0.601017534733, "median": 0.485399544239, "min": 0, "dvar2": 0.966180860996, "dvar": 0.394399344921, "dmean": 0.354490935802, "max": 9.92252731323, "var": 1.2267254591, "mean": 0.918179214001}, "spectral_energy": {"dmean2": 0.0200805943459, "median": 0.021769464016, "min": 1.03959251592e-20, "dvar2": 0.00154516345356, "dvar": 0.000608161557466, "dmean": 0.0121279563755, "max": 0.233994096518, "var": 0.000958864053246, "mean": 0.0293908268213}, "average_loudness": 0.707141578197, "spectral_rolloff": {"dmean2": 913.208618164, "median": 473.73046875, "min": 64.599609375, "dvar2": 5894994, "dvar": 2546754, "dmean": 530.597290039, "max": 18863.0859375, "var": 4947102.5, "mean": 1235.68859863}, "spectral_centroid": {"dmean2": 287.86819458, "median": 637.178344727, "min": 116.132255554, "dvar2": 209060.34375, "dvar": 102310.601562, "dmean": 190.337036133, "max": 11444.5703125, "var": 602925.1875, "mean": 950.146850586}, "pitch_salience": {"dmean2": 0.121697902679, "median": 0.503159940243, "min": 0.0648964196444, "dvar2": 0.0173796471208, "dvar": 0.00641566561535, "dmean": 0.0748673528433, "max": 0.883364677429, "var": 0.0151052204892, "mean": 0.502926468849}, "spectral_energyband_middle_high": {"dmean2": 0.00215873704292, "median": 0.000865888374392, "min": 1.71625679159e-21, "dvar2": 5.84829977015e-05, "dvar": 2.10238467844e-05, "dmean": 0.00131714274175, "max": 0.0560177825391, "var": 3.63920589734e-05, "mean": 0.00293355062604}, "spectral_contrast_coeffs": {"dmean2": [0.0823691561818, 0.0694831237197, 0.0587311908603, 0.0505039654672, 0.0407307110727, 0.030172303319], "median": [-0.633372545242, -0.683513224125, -0.751158952713, -0.760729908943, -0.787902235985, -0.805650055408], "min": [-0.969988584518, -0.962522149086, -0.963047504425, -0.965835750103, -0.962482273579, -0.962736010551], "dvar2": [0.00502978917211, 0.00382231571712, 0.0026173167862, 0.00196260702796, 0.00153898366261, 0.000953435548581], "dvar": [0.00206012045965, 0.00161999999546, 0.00119254807942, 0.00092689297162, 0.000790695252363, 0.00046240069787], "dmean": [0.0508438237011, 0.0436757542193, 0.0373862609267, 0.0328888185322, 0.0270330607891, 0.0198830049485], "max": [-0.198373615742, -0.3227211833, -0.332525253296, -0.471760511398, -0.515461206436, -0.481470286846], "var": [0.0104064438492, 0.0121284462512, 0.0082605779171, 0.00597219401971, 0.00588082754984, 0.00293556670658], "mean": [-0.621480166912, -0.672288477421, -0.738578140736, -0.752686321735, -0.772165596485, -0.796279430389]}, "melbands_skewness": {"dmean2": 1.72611618042, "median": 3.20453190804, "min": -1.64198958874, "dvar2": 6.41612052917, "dvar": 2.54358911514, "dmean": 1.09637176991, "max": 24.2958831787, "var": 6.66166687012, "mean": 3.62982439995}, "spectral_spread": {"dmean2": 1415551, "median": 5005820, "min": 298522.4375, "dvar2": 3764907933700.0, "dvar": 2153118040060.0, "dmean": 1043421.5, "max": 41420564, "var": 7859701022720.0, "mean": 5625593.5}, "dissonance": {"dmean2": 0.0441696122289, "median": 0.440982341766, "min": 0.150823280215, "dvar2": 0.00179235031828, "dvar": 0.000698612304404, "dmean": 0.0267118643969, "max": 0.500000119209, "var": 0.00243002385832, "mean": 0.430011868477}, "spectral_skewness": {"dmean2": 0.52623128891, "median": 1.8094291687, "min": -0.25976356864, "dvar2": 0.614879608154, "dvar": 0.287848383188, "dmean": 0.353560328484, "max": 14.2616701126, "var": 1.66856694221, "mean": 2.15343379974}, "spectral_flux": {"dmean2": 0.0478581674397, "median": 0.0549140572548, "min": 1.01960412335e-10, "dvar2": 0.00400453805923, "dvar": 0.00221040961333, "dmean": 0.031605001539, "max": 0.423877418041, "var": 0.00479540973902, "mean": 0.0742366611958}, "spectral_contrast_valleys": {"dmean2": [0.77705103159, 0.609960615635, 0.65949678421, 0.608946442604, 0.576970756054, 0.547330737114], "median": [-7.03831100464, -7.41073131561, -8.41153526306, -8.84156417847, -8.67109680176, -10.6484308243], "min": [-27.2528171539, -27.8726215363, -28.1615180969, -27.3762989044, -27.1978225708, -27.3542575836], "dvar2": [0.592376947403, 0.394481301308, 0.555793881416, 0.465732574463, 0.505639672279, 0.541386008263], "dvar": [0.295547217131, 0.183106765151, 0.26828032732, 0.239361077547, 0.266298174858, 0.328406721354], "dmean": [0.500807642937, 0.388290554285, 0.430015385151, 0.412951529026, 0.410432934761, 0.43946236372], "max": [-4.79842329025, -4.67329454422, -4.68096923828, -5.51528692245, -5.91170501709, -7.86511325836], "var": [3.32025885582, 1.62255907059, 1.82360315323, 1.85368990898, 2.26884531975, 2.68224930763], "mean": [-7.67855167389, -7.62543487549, -8.54326820374, -9.00183391571, -8.95405387878, -10.8466129303]}, "erbbands_flatness_db": {"dmean2": 0.0313324332237, "median": 0.162285193801, "min": 0.0292953588068, "dvar2": 0.00134730432183, "dvar": 0.000799319765065, "dmean": 0.0238288436085, "max": 0.5219861269, "var": 0.00528420414776, "mean": 0.167901203036}, "spectral_energyband_high": {"dmean2": 0.000625458895229, "median": 0.000139671057696, "min": 7.12384422519e-21, "dvar2": 1.92106585928e-06, "dvar": 9.52833772772e-07, "dmean": 0.000428683357313, "max": 0.0221812278032, "var": 2.15909881263e-06, "mean": 0.000768899801187}, "spectral_entropy": {"dmean2": 0.390486419201, "median": 6.94822502136, "min": 3.95742177963, "dvar2": 0.20075429976, "dvar": 0.114448860288, "dmean": 0.282952666283, "max": 9.80557823181, "var": 0.602747023106, "mean": 6.97675085068}, "silence_rate_20dB": {"dmean2": 0, "median": 1, "min": 1, "dvar2": 0, "dvar": 0, "dmean": 0, "max": 1, "var": 0, "mean": 1}, "melbands_flatness_db": {"dmean2": 0.0483524277806, "median": 0.275422126055, "min": 0.00632610125467, "dvar2": 0.00380323198624, "dvar": 0.00161715771537, "dmean": 0.0323143564165, "max": 0.681947112083, "var": 0.00908920913935, "mean": 0.277862936258}, "barkbands": {"dmean2": [0.000932492315769, 0.0117379864678, 0.00507815321907, 0.00279219215736, 0.00399036193267, 0.00169262127019, 0.000953922979534, 0.00047647615429, 0.000432306260336, 0.000396286719479, 0.000743021140806, 0.000608731003013, 0.000228194665397, 0.000220574904233, 0.00021352704789, 0.000139628027682, 8.87504793354e-05, 0.000104962426121, 0.000115033741167, 0.000109262036858, 9.69592438196e-05, 9.43638951867e-05, 7.82736533438e-05, 6.5496780735e-05, 0.000132027780637, 0.000159432747751, 9.29363886826e-05], "median": [3.77148462576e-05, 0.00249343155883, 0.00151985813864, 0.000953271635808, 0.00172217423096, 0.00074221205432, 0.000180896837264, 6.17173791397e-05, 6.14566088188e-05, 3.40914557455e-05, 6.74556649756e-05, 7.34964560252e-05, 5.37623345735e-05, 1.95894390345e-05, 2.9253293178e-05, 2.40518147621e-05, 2.26922966249e-05, 2.46244944719e-05, 3.19226892316e-05, 2.42266323767e-05, 1.5795314539e-05, 1.09053416963e-05, 1.37040497066e-05, 1.3198859051e-05, 1.3009777831e-05, 5.46899445908e-06, 8.67230710355e-07], "min": [5.27526157349e-24, 5.97991986012e-24, 1.87448765423e-23, 1.91980203343e-23, 3.25648013676e-24, 2.91953034956e-23, 5.48383978894e-23, 5.69758070457e-23, 3.09787886291e-23, 1.63087273388e-23, 2.86561202223e-23, 7.28105488874e-23, 8.13510031719e-23, 7.55643171571e-23, 7.58770089981e-23, 1.88291227849e-22, 1.89639839209e-22, 2.20950271273e-22, 3.81690361613e-22, 2.58301610823e-22, 3.71928731714e-22, 5.85673661075e-22, 4.96992215273e-22, 8.1899296842e-22, 1.0895135929e-21, 1.3381407398e-21, 2.03389091563e-21], "dvar2": [7.39326924304e-06, 0.000943155959249, 0.000107282721729, 3.45168009517e-05, 8.72715827427e-05, 1.27223611344e-05, 5.68980476601e-06, 3.0568648981e-06, 2.16142666432e-06, 2.30337104767e-06, 8.45283739181e-06, 4.57904388895e-06, 4.3124779836e-07, 7.6262466564e-07, 5.7736110648e-07, 1.61387220032e-07, 6.34727186366e-08, 1.05115695703e-07, 7.27632212261e-08, 5.98850604661e-08, 8.93187177553e-08, 7.76037438754e-08, 3.18133537291e-08, 2.77523444225e-08, 1.14638872617e-07, 1.75689663706e-07, 6.77536604599e-08], "dvar": [2.68936491921e-06, 0.000331351300701, 3.74470109819e-05, 1.25921924337e-05, 3.31857117999e-05, 4.91607715958e-06, 2.88084174827e-06, 2.01341185857e-06, 1.10057908387e-06, 1.25369217585e-06, 3.21782090396e-06, 1.64940934155e-06, 1.92161721202e-07, 2.9683880598e-07, 2.3127252291e-07, 7.77477566771e-08, 3.04698239972e-08, 4.14634726553e-08, 3.42471722092e-08, 2.62151136354e-08, 3.73291051403e-08, 3.4106093949e-08, 1.36466891121e-08, 1.46546756952e-08, 5.30314636649e-08, 8.06652877827e-08, 2.82778103156e-08], "dmean": [0.000534754130058, 0.00644751964137, 0.00294784177095, 0.00165595463477, 0.00236679869704, 0.00104669341817, 0.000640429963823, 0.000329408270773, 0.000281235086732, 0.000258520507487, 0.000435560563346, 0.000359593745088, 0.000145800819155, 0.00013478306937, 0.000130096290377, 9.15079144761e-05, 5.91217431065e-05, 6.47508059046e-05, 7.62449490139e-05, 7.24483397789e-05, 6.34296957287e-05, 6.11135183135e-05, 5.08337252541e-05, 4.40513358626e-05, 8.61319276737e-05, 0.000102353980765, 5.74587538722e-05], "max": [0.016509514302, 0.178210228682, 0.0918759554625, 0.0890261977911, 0.167417928576, 0.0641988813877, 0.0520259812474, 0.0624239295721, 0.0497307851911, 0.0528139546514, 0.0516234561801, 0.0186021458358, 0.0156852155924, 0.0129053648561, 0.0206102915108, 0.00