{"tonal": {"thpcp": [1, 0.69728910923, 0.426395654678, 0.31866645813, 0.277849793434, 0.346720099449, 0.458962291479, 0.476106882095, 0.437457799911, 0.397907912731, 0.364570468664, 0.390700399876, 0.403887987137, 0.314038991928, 0.25954952836, 0.235330820084, 0.183657184243, 0.179368391633, 0.206605389714, 0.482696652412, 0.926483750343, 0.814992129803, 0.401844412088, 0.259327560663, 0.208521008492, 0.206056311727, 0.32907679677, 0.441498249769, 0.495117932558, 0.664351701736, 0.735818207264, 0.574543476105, 0.465348631144, 0.452633053064, 0.518412351608, 0.847333848476], "hpcp": {"dmean2": [0.308996647596, 0.285763531923, 0.306940734386, 0.377326577902, 0.378653883934, 0.334170401096, 0.258258163929, 0.202809289098, 0.173321858048, 0.188591048121, 0.20835955441, 0.213776603341, 0.222438365221, 0.229389294982, 0.22093641758, 0.20216499269, 0.184457704425, 0.153728067875, 0.131389796734, 0.125422596931, 0.113217242062, 0.117715656757, 0.138811677694, 0.225763380527, 0.317847818136, 0.296502351761, 0.195016160607, 0.15408731997, 0.138975173235, 0.135486125946, 0.16825376451, 0.206705853343, 0.237948387861, 0.267784833908, 0.311402231455, 0.327039599419], "median": [0.0314689613879, 0.0333232693374, 0.0451522283256, 0.099259853363, 0.115896686912, 0.070008598268, 0.0284083615988, 0.0180060621351, 0.0183826666325, 0.0285839699209, 0.0320982262492, 0.0257840156555, 0.0207985918969, 0.0187118928879, 0.0225170422345, 0.0330433622003, 0.0353157408535, 0.0261576417834, 0.0219794884324, 0.017194930464, 0.0126674463972, 0.00962620042264, 0.0128163089976, 0.0418299250305, 0.0879206210375, 0.0980447605252, 0.040443494916, 0.0160749647766, 0.0112118739635, 0.0110618956387, 0.0175834819674, 0.0261891204864, 0.0423024445772, 0.0561122633517, 0.0543282628059, 0.0447245240211], "min": [0, 0, 0, 0, 0, 0, 0, 0, 0, 0, 0, 0, 0, 0, 0, 0, 0, 0, 0, 0, 0, 0, 0, 0, 0, 0, 0, 0, 0, 0, 0, 0, 0, 0, 0, 0], "dvar2": [0.181466549635, 0.153315931559, 0.157070085406, 0.177266865969, 0.175399303436, 0.162972435355, 0.137384980917, 0.108984664083, 0.0814262107015, 0.0925104096532, 0.0927708521485, 0.103229351342, 0.112970933318, 0.127128720284, 0.122705206275, 0.0975526869297, 0.0820439979434, 0.0711945295334, 0.0519604422152, 0.0563703998923, 0.0493414439261, 0.0618347860873, 0.0690675079823, 0.0918669179082, 0.144579514861, 0.11357486248, 0.0813439637423, 0.0721179172397, 0.0737339705229, 0.0669460296631, 0.0850139856339, 0.101221174002, 0.118025042117, 0.116953082383, 0.153440877795, 0.171428129077], "dvar": [0.0671909675002, 0.0576529242098, 0.0582226254046, 0.0703438669443, 0.0730417445302, 0.0609562136233, 0.0512029901147, 0.0399575866759, 0.0305017866194, 0.03455433622, 0.0377729050815, 0.0441031493247, 0.0468699783087, 0.0501803644001, 0.0455300696194, 0.0379708297551, 0.0340948402882, 0.029101183638, 0.0210732091218, 0.0216484852135, 0.0180935747921, 0.0225439146161, 0.0252703931183, 0.03664342314, 0.0682367533445, 0.0488428995013, 0.0319765433669, 0.0270447097719, 0.0267872400582, 0.024397674948, 0.0329690873623, 0.041377287358, 0.0454530417919, 0.0506031513214, 0.0662407502532, 0.0651123225689], "dmean": [0.170679539442, 0.159441769123, 0.172898873687, 0.217742443085, 0.22080899775, 0.191522240639, 0.145591855049, 0.114459581673, 0.0980797633529, 0.10747423023, 0.121254563332, 0.12527795136, 0.129111289978, 0.131742417812, 0.124809809029, 0.116322502494, 0.109147779644, 0.0909284055233, 0.0776112899184, 0.073296636343, 0.0641604661942, 0.0659017264843, 0.0768121406436, 0.130477115512, 0.184932768345, 0.177119672298, 0.112518966198, 0.0872569382191, 0.0775382742286, 0.0757085755467, 0.0957985073328, 0.118246614933, 0.137798905373, 0.158724799752, 0.182232141495, 0.184134349227], "max": [1, 1, 1, 1, 1, 1, 1, 1, 1, 1, 1, 1, 1, 1, 1, 1, 1, 1, 1, 1, 1, 1, 1, 1, 1, 1, 1, 1, 1, 1, 1, 1, 1, 1, 1, 1], "var": [0.0571497194469, 0.0511829927564, 0.0551262944937, 0.0968266353011, 0.121453128755, 0.0760587751865, 0.0503117628396, 0.0345935113728, 0.0266454070807, 0.0344705656171, 0.0538213215768, 0.0630129054189, 0.056524451822, 0.0528906211257, 0.0419003032148, 0.0410512462258, 0.0427839420736, 0.0320308543742, 0.0221189837903, 0.0208381097764, 0.015060801059, 0.0175391696393, 0.0193806719035, 0.0443344376981, 0.122749872506, 0.0835209861398, 0.0366471372545, 0.0252538323402, 0.020330471918, 0.019100535661, 0.0397306382656, 0.056159503758, 0.0544694587588, 0.0820290222764, 0.100335873663, 0.0662027820945], "mean": [0.137790948153, 0.13402582705, 0.153503254056, 0.25089776516, 0.296102613211, 0.206469133496, 0.126256868243, 0.0943579673767, 0.0822720527649, 0.102664723992, 0.135899931192, 0.14097648859, 0.129532396793, 0.117821574211, 0.107950270176, 0.115687407553, 0.119592286646, 0.092987768352, 0.0768532902002, 0.0696820691228, 0.0543813742697, 0.053111448884, 0.0611763969064, 0.142927736044, 0.274334251881, 0.2413212955, 0.118987180293, 0.0767875686288, 0.0617436170578, 0.0610138103366, 0.0974404960871, 0.130728781223, 0.146605715156, 0.196716278791, 0.217877700925, 0.170123830438]}, "tuning_equal_tempered_deviation": 0.2097954005, "chords_changes_rate": 0.0833151564002, "key_key": "A#", "tuning_diatonic_strength": 0.60506862402, "key_scale": "major", "chords_number_rate": 0.00152671756223, "tuning_frequency": 434.193115234, "tuning_nontempered_energy_ratio": 0.910862922668, "chords_histogram": [40.152671814, 0.916030526161, 0.414394766092, 0.0436205007136, 0.567066550255, 0.15267175436, 0.348964005709, 0.261723011732, 0.0872410014272, 0.348964005709, 0.392584502697, 0.501635789871, 0.109051257372, 0.15267175436, 0, 0, 0.523446023464, 25.3435115814, 3.83860421181, 10.7306432724, 3.0752453804, 0.806979298592, 1.30861508846, 9.92366409302], "key_strength": 0.595325827599, "chords_key": "A#", "chords_strength": {"dmean2": 0.0175081081688, "median": 0.534493505955, "min": -1, "dvar2": 0.00109021982644, "dvar": 0.00058347923914, "dmean": 0.0150669170544, "max": 0.851487576962, "var": 0.0163339804858, "mean": 0.533229768276}, "chords_scale": "major", "hpcp_entropy": {"dmean2": 1.24273908138, "median": 2.10677623749, "min": 0, "dvar2": 0.957555532455, "dvar": 0.357511758804, "dmean": 0.752310812473, "max": 4.81358003616, "var": 0.692820131779, "mean": 2.11554503441}}, "metadata": {"audio_properties": {"equal_loudness": 0, "codec": "mp3", "downmix": "mix", "sample_rate": 44100, "analysis_sample_rate": 44100, "bit_rate": 303116, "md5_encoded": "537f1d10f13a92ce121c9522e197f456", "length": 212.845718384, "replay_gain": -14.7255458832, "lossless": false}, "version": {"essentia_build_sha": "70f2e5ece6736b2c40cc944ad0e695b16b925413", "essentia": "2.1-beta2", "extractor": "music 1.0", "essentia_git_sha": "v2.1_beta2"}, "tags": {"musicbrainz_recordingid": ["1b83dc6f-4b37-47d1-a07d-7edbac0429ff"], "file_name": "2119462.mp3"}}, "rhythm": {"bpm_histogram_first_peak_bpm": {"dmean2": 0, "median": 136, "min": 136, "dvar2": 0, "dvar": 0, "dmean": 0, "max": 136, "var": 0, "mean": 136}, "bpm": 135.059997559, "bpm_histogram_second_peak_spread": {"dmean2": 0, "median": 0, "min": 0, "dvar2": 0, "dvar": 0, "dmean": 0, "max": 0, "var": 0, "mean": 0}, "bpm_histogram_first_peak_weight": {"dmean2": 0, "median": 0.700209617615, "min": 0.700209617615, "dvar2": 0, "dvar": 0, "dmean": 0, "max": 0.700209617615, "var": 0, "mean": 0.700209617615}, "onset_rate": 4.43959331512, "beats_position": [0.394739210606, 0.812698423862, 1.23065757751, 1.66022670269, 2.11301589012, 2.55419492722, 2.99537420273, 3.43655323982, 3.87773227692, 4.33052158356, 4.78331041336, 5.22448968887, 5.66566896439, 6.10684776306, 6.5596370697, 7.00081634521, 7.44199514389, 7.8831744194, 8.33596324921, 8.77714252472, 9.21832180023, 9.65950107574, 10.1006803513, 10.5418596268, 10.9830379486, 11.4242172241, 11.8770065308, 12.3297958374, 12.7709751129, 13.2121543884, 13.6649427414, 14.1061220169, 14.5589113235, 15.0000905991, 15.4412698746, 15.8824491501, 16.3236274719, 16.7764167786, 17.2292060852, 17.6703853607, 18.1115646362, 18.5527439117, 18.9939231873, 19.4467124939, 19.8994998932, 20.3406791687, 20.7818584442, 21.2230377197, 21.6642169952, 22.1053962708, 22.5465755463, 22.9877548218, 23.4289340973, 23.8817234039, 24.3345127106, 24.7756919861, 25.2168693542, 25.6580486298, 26.1108379364, 26.563627243, 27.0048065186, 27.4459857941, 27.8871650696, 28.3283443451, 28.7695236206, 29.2107028961, 29.6634922028, 30.1046714783, 30.5574588776, 30.9986381531, 31.4398174286, 31.8809967041, 32.322177887, 32.7633552551, 33.204536438, 33.6573219299, 34.1101112366, 34.5512924194, 34.9924697876, 35.4336509705, 35.8864402771, 36.3392295837, 36.7804069519, 37.2215881348, 37.6627655029, 38.1039466858, 38.545124054, 38.9863014221, 39.427482605, 39.8686599731, 40.3214492798, 40.7742385864, 41.2154197693, 41.6565971375, 42.1093864441, 42.550567627, 43.0033569336, 43.4445343018, 43.8973236084, 44.350112915, 44.7912902832, 45.2324714661, 45.6736488342, 46.1148300171, 46.5560073853, 46.9971885681, 47.4383659363, 47.8795471191, 48.3323364258, 48.7851219177, 49.2263031006, 49.6674804688, 50.1086616516, 50.5498390198, 50.9910202026, 51.4438095093, 51.8965988159, 52.3377761841, 52.7789573669, 53.2201347351, 53.661315918, 54.1024932861, 54.5436706543, 54.9964599609, 55.4492492676, 55.8904304504, 56.3316078186, 56.7727890015, 57.2139663696, 57.6551475525, 58.0963249207, 58.5491142273, 59.0019035339, 59.4430847168, 59.884262085, 60.3254394531, 60.766620636, 61.2077980042, 61.648979187, 62.1017684937, 62.5545578003, 62.9957351685, 63.4369163513, 63.8780937195, 64.3192749023, 64.7604522705, 65.2016296387, 65.6544189453, 66.107208252, 66.5483856201, 66.9895706177, 67.4423599243, 67.895149231, 68.3363265991, 68.7775039673, 69.2186813354, 69.659866333, 70.1010437012, 70.5538330078, 70.995010376, 71.4361877441, 71.8773651123, 72.3301544189, 72.7713394165, 73.2125167847, 73.6536941528, 74.1180953979, 74.5592727661, 75.0004501343, 75.4416275024, 75.8828125, 76.3239898682, 76.7651672363, 77.217956543, 77.6707458496, 78.1119232178, 78.5531082153, 78.9942855835, 79.4354629517, 79.8766403198, 80.3294296265, 80.7706069946, 81.2233963013, 81.6645812988, 82.105758667, 82.5469360352, 82.9881134033, 83.4292984009, 83.870475769, 84.3232650757, 84.7760543823, 85.2172317505, 85.6584091187, 86.0995864868, 86.5407714844, 86.993560791, 87.4463500977, 87.8875274658, 88.328704834, 88.7698822021, 89.2110671997, 89.6522445679, 90.093421936, 90.5462112427, 90.9990005493, 91.4401779175, 91.8813552856, 92.3225402832, 92.7637176514, 93.2048950195, 93.6576843262, 94.1104736328, 94.551651001, 94.9928359985, 95.4340133667, 95.8751907349, 96.316368103, 96.7691574097, 97.2219467163, 97.6631240845, 98.104309082, 98.5454864502, 98.9982757568, 99.4510650635, 99.8922424316, 100.3334198, 100.774604797, 101.215782166, 101.668571472, 102.121360779, 102.562538147, 103.003715515, 103.444892883, 103.886077881, 104.327255249, 104.768432617, 105.209609985, 105.650794983, 106.091972351, 106.544761658, 106.997550964, 107.438728333, 107.879905701, 108.332695007, 108.785484314, 109.226661682, 109.66784668, 110.109024048, 110.550201416, 110.991378784, 111.432563782, 111.885353088, 112.338134766, 112.779319763, 113.220497131, 113.6616745, 114.114463806, 114.555641174, 115.008430481, 115.449615479, 115.890792847, 116.331970215, 116.773147583, 117.214332581, 117.655509949, 118.108299255, 118.561088562, 119.00226593, 119.443443298, 119.884620667, 120.325805664, 120.766983032, 121.2081604, 121.649337769, 122.090522766, 122.543312073, 122.99609375, 123.437278748, 123.878456116, 124.319633484, 124.760810852, 125.20199585, 125.643173218, 126.095962524, 126.548751831, 126.989929199, 127.431106567, 127.883895874, 128.325073242, 128.76625061, 129.219039917, 129.660217285, 130.101409912, 130.54258728, 130.983764648, 131.424942017, 131.877731323, 132.318908691, 132.771697998, 133.212875366, 133.654052734, 134.106842041, 134.559631348, 135.000808716, 135.441986084, 135.883178711, 136.324356079, 136.777145386, 137.229934692, 137.671112061, 138.112289429, 138.553466797, 138.994644165, 139.435821533, 139.876998901, 140.329788208, 140.782577515, 141.223754883, 141.66494751, 142.106124878, 142.547302246, 142.976867676, 143.429656982, 143.882446289, 144.335235596, 144.776412964, 145.217590332, 145.6587677, 146.099945068, 146.541137695, 146.993927002, 147.446716309, 147.887893677, 148.329071045, 148.770248413, 149.22303772, 149.664215088, 150.117004395, 150.558181763, 150.987747192, 151.440536499, 151.881713867, 152.322906494, 152.764083862, 153.20526123, 153.658050537, 154.110839844, 154.552017212, 154.99319458, 155.434371948, 155.875549316, 156.316726685, 156.769515991, 157.222305298, 157.663482666, 158.104675293, 158.545852661, 158.987030029, 159.428207397, 159.880996704, 160.322174072, 160.774963379, 161.216140747, 161.657318115, 162.098495483, 162.539672852, 162.980865479, 163.433654785, 163.886444092, 164.32762146, 164.768798828, 165.209976196, 165.651153564, 166.103942871, 166.556732178, 166.997909546, 167.439086914, 167.880264282, 168.32144165, 168.774230957, 169.227020264, 169.668212891, 170.109390259, 170.550567627, 170.991744995, 171.432922363, 171.874099731, 172.326889038, 172.779678345, 173.220855713, 173.662033081, 174.103210449, 174.544403076, 174.997192383, 175.449981689, 175.891159058, 176.332336426, 176.773513794, 177.214691162, 177.65586853, 178.097045898, 178.538223267, 178.979400635, 179.432189941, 179.884979248, 180.326171875, 180.767349243, 181.208526611, 181.649703979, 182.090881348, 182.532058716, 182.984848022, 183.437637329, 183.878814697, 184.319992065, 184.761169434, 185.202362061, 185.655151367, 186.107940674, 186.549118042, 186.99029541, 187.431472778, 187.872650146, 188.313827515, 188.766616821, 189.207794189, 189.660583496, 190.101760864, 190.542938232, 190.995727539, 191.448516846, 191.889694214, 192.330886841, 192.772064209, 193.213241577, 193.666030884, 194.11882019, 194.559997559, 195.001174927, 195.442352295, 195.883529663, 196.324707031, 196.765899658, 197.218673706, 197.671463013, 198.11265564, 198.553833008, 198.995010376, 199.436187744, 199.877365112, 200.31854248, 200.771331787, 201.224121094, 201.665298462, 202.10647583, 202.547653198, 202.988845825, 203.441635132, 203.871200562, 204.31237793, 204.765167236, 205.217956543, 205.659133911, 206.100311279, 206.553100586, 206.994277954, 207.435455322, 207.87663269, 208.329421997, 208.770614624, 209.211791992, 209.641357422, 210.070922852, 210.51210022, 210.953277588, 211.394470215, 211.847259521, 212.300048828], "beats_loudness": {"dmean2": 0.0399026982486, "median": 0.0480307117105, "min": 0, "dvar2": 0.00117687333841, "dvar": 0.000401339319069, "dmean": 0.0226014275104, "max": 0.157551437616, "var": 0.000650526199024, "mean": 0.0507941655815}, "danceability": 1.27191781998, "bpm_histogram_second_peak_weight": {"dmean2": 0, "median": 0.00419287197292, "min": 0.00419287197292, "dvar2": 0, "dvar": 0, "dmean": 0, "max": 0.00419287197292, "var": 0, "mean": 0.00419287197292}, "beats_count": 478, "bpm_histogram_second_peak_bpm": {"dmean2": 0, "median": 144, "min": 144, "dvar2": 0, "dvar": 0, "dmean": 0, "max": 144, "var": 0, "mean": 144}, "bpm_histogram_first_peak_spread": {"dmean2": 0, "median": 0.295358657837, "min": 0.295358657837, "dvar2": 0, "dvar": 0, "dmean": 0, "max": 0.295358657837, "var": 0, "mean": 0.295358657837}, "beats_loudness_band_ratio": {"dmean2": [0.685092329979, 0.131975024939, 0.204372152686, 0.256672769785, 0.178175479174, 0.177193015814], "median": [0.510471224785, 0.0544156096876, 0.103892445564, 0.116892784834, 0.0728375613689, 0.0522257015109], "min": [0, 0, 0, 0, 0, 0], "dvar2": [0.16023015976, 0.0181491225958, 0.0411135219038, 0.0468377247453, 0.0145384343341, 0.0135255670175], "dvar": [0.0525876283646, 0.00641556363553, 0.0154960863292, 0.0153289875016, 0.00502911396325, 0.00429445691407], "dmean": [0.354243546724, 0.0736652240157, 0.120632790029, 0.136502742767, 0.092930495739, 0.0894717723131], "max": [0.978237569332, 0.486652702093, 0.859726667404, 0.715277791023, 0.443120718002, 0.339015454054], "var": [0.0759697705507, 0.00650483928621, 0.0196859594434, 0.0149705586955, 0.00605626637116, 0.0045423717238], "mean": [0.487706363201, 0.0803094729781, 0.153665930033, 0.139669790864, 0.08784301579, 0.0761638209224]}}, "lowlevel": {"barkbands_spread": {"dmean2": 10.318857193, "median": 17.6098136902, "min": 0.00978143606335, "dvar2": 162.615692139, "dvar": 81.1086807251, "dmean": 7.13229417801, "max": 118.702095032, "var": 247.593643188, "mean": 21.4624900818}, "melbands_spread": {"dmean2": 12.4201889038, "median": 19.261674881, "min": 0.186183571815, "dvar2": 351.4815979, "dvar": 180.901535034, "dmean": 8.39986515045, "max": 298.472320557, "var": 549.787109375, "mean": 23.8824329376}, "hfc": {"dmean2": 13.4579563141, "median": 15.1803035736, "min": 1.08563319495e-16, "dvar2": 370.86126709, "dvar": 235.126724243, "dmean": 10.4125576019, "max": 182.300109863, "var": 674.593322754, "mean": 23.5435848236}, "barkbands_kurtosis": {"dmean2": 10.5476016998, "median": 1.73038506508, "min": -1.94299042225, "dvar2": 20143.09375, "dvar": 7256.58642578, "dmean": 6.27803039551, "max": 6340.77978516, "var": 7802.49121094, "mean": 8.09851360321}, "gfcc": {"mean": [-20.6575126648, 82.5288772583, -106.695388794, 11.8017396927, -46.1419525146, 17.4401702881, -28.8063545227, 11.7949285507, -22.4486141205, 5.48282432556, -14.6755609512, -3.79052424431, -10.2498445511], "icov": [[6.50506844977e-05, -1.58289403771e-05, 4.92871840834e-05, -3.64553307008e-05, 6.94813352311e-05, 6.76756826579e-06, 2.76495447906e-05, -9.77022573352e-05, 8.60754880705e-05, -0.000211886814213, 0.000231865400565, -0.00012147398229, 0.00016142539971], [-1.58289403771e-05, 0.000668532389682, 0.000124060403323, -4.71634266432e-05, -0.000454153196188, 0.000162270458532, -0.000257987470832, 5.94192024437e-05, -0.00019083940424, 0.0010696296813, -0.00123565469403, 0.000641724152956, -0.000625209708232], [4.92871840834e-05, 0.000124060403323, 0.00119706511032, -0.00056344748009, -0.000358288525604, -1.63567037816e-05, -0.000181263676495, -0.000167579637491, 3.10092764266e-05, 3.46174310835e-05, 0.000537167477887, -0.000819698325358, 0.000562831119169], [-3.64553307008e-05, -4.71634266432e-05, -0.00056344748009, 0.00269803940319, -0.000381909689168, -0.000665362691507, 0.000489146797918, 0.000106085353764, -0.00106078840327, 0.000570013478864, -0.000317626894685, -0.000166049372638, -0.000566754315514], [6.94813352311e-05, -0.000454153196188, -0.000358288525604, -0.000381909689168, 0.00370041886345, -0.00083844648907, -0.000504127470776, 1.2384684851e-05, -0.00159982824698, -0.00013654876966, 0.000755616172682, -4.18644995079e-05, -0.000317226309562], [6.76756826579e-06, 0.000162270458532, -1.63567037816e-05, -0.000665362691507, -0.00083844648907, 0.00471880007535, -0.00212341570295, -0.0010811581742, 0.00114823237527, -0.000880362698808, 0.00047984754201, -4.40223411715e-05, 0.000858293322381], [2.76495447906e-05, -0.000257987470832, -0.000181263676495, 0.000489146797918, -0.000504127470776, -0.00212341570295, 0.00555346114561, 5.55899641768e-05, -0.00220499699935, 0.000594008772168, -0.00126156012993, -0.000581739703193, 0.00114871270489], [-9.77022573352e-05, 5.94192024437e-05, -0.000167579637491, 0.000106085353764, 1.2384684851e-05, -0.0010811581742, 5.55899641768e-05, 0.00623770989478, -0.00137815368362, -0.00196508294903, -0.000503705698065, 0.000633817515336, -0.0019051975105], [8.60754880705e-05, -0.00019083940424, 3.10092764266e-05, -0.00106078840327, -0.00159982824698, 0.00114823237527, -0.00220499699935, -0.00137815368362, 0.0106497500092, -0.00320187117904, 0.00118041201495, -0.000152878361405, -0.000637979712337], [-0.000211886814213, 0.0010696296813, 3.46174310835e-05, 0.000570013478864, -0.00013654876966, -0.000880362698808, 0.000594008772168, -0.00196508294903, -0.00320187117904, 0.0134861711413, -0.00510064279661, -0.00052240723744, 0.00107855652459], [0.000231865400565, -0.00123565469403, 0.000537167477887, -0.000317626894685, 0.000755616172682, 0.00047984754201, -0.00126156012993, -0.000503705698065, 0.00118041201495, -0.00510064279661, 0.0133238639683, -0.00282245595008, -0.00111773307435], [-0.00012147398229, 0.000641724152956, -0.000819698325358, -0.000166049372638, -4.18644995079e-05, -4.40223411715e-05, -0.000581739703193, 0.000633817515336, -0.000152878361405, -0.00052240723744, -0.00282245595008, 0.0117896627635, -0.00166355806869], [0.00016142539971, -0.000625209708232, 0.000562831119169, -0.000566754315514, -0.000317226309562, 0.000858293322381, 0.00114871270489, -0.0019051975105, -0.000637979712337, 0.00107855652459, -0.00111773307435, -0.00166355806869, 0.014567294158]], "cov": [[20307.0703125, -1721.43078613, -704.312072754, -236.110580444, -822.609313965, -78.4018173218, -435.395874023, 243.251602173, -264.153198242, 353.603820801, -313.822692871, 110.862617493, -277.200714111], [-1721.43078613, 2867.99731445, -270.992218018, 119.365539551, 404.18939209, -31.7549057007, 215.554916382, -20.752363205, 115.306915283, -175.989181519, 221.645065308, -107.033843994, 171.105453491], [-704.312072754, -270.992218018, 1232.94030762, 313.498840332, 230.459960938, 161.300003052, 125.128067017, 46.1684913635, 87.009727478, 17.9391746521, -45.7685928345, 88.2739715576, -38.5281219482], [-236.110580444, 119.365539551, 313.498840332, 515.987060547, 175.51512146, 113.658912659, 65.9875335693, 36.5538444519, 87.4949035645, -0.879159390926, 8.02777481079, 28.3336315155, 20.1531162262], [-822.609313965, 404.18939209, 230.459960938, 175.51512146, 482.763336182, 144.454147339, 164.03729248, 45.7233963013, 125.961738586, -2.58322572708, 22.9954433441, 6.83944559097, 27.6871204376], [-78.4018173218, -31.7549057007, 161.300003052, 113.658912659, 144.454147339, 343.745574951, 160.777832031, 74.9488143921, 49.0146942139, 40.0127296448, 5.68698263168, 20.3359527588, -20.3448619843], [-435.395874023, 215.554916382, 125.128067017, 65.9875335693, 164.03729248, 160.777832031, 313.708129883, 43.5443077087, 91.7499008179, 16.4975681305, 42.1614685059, 19.0504245758, -4.92720937729], [243.251602173, -20.752363205, 46.1684913635, 36.5538444519, 45.7233963013, 74.9488143921, 43.5443077087, 213.425979614, 52.8230438232, 57.58360672, 20.5441226959, 9.14148616791, 17.7815341949], [-264.153198242, 115.306915283, 87.009727478, 87.4949035645, 125.961738586, 49.0146942139, 91.7499008179, 52.8230438232, 155.220184326, 33.9579200745, 18.3254890442, 10.5295038223, 14.3391799927], [353.603820801, -175.989181519, 17.9391746521, -0.879159390926, -2.58322572708, 40.0127296448, 16.4975681305, 57.58360672, 33.9579200745, 124.283843994, 27.7875289917, 23.3210983276, -11.3019189835], [-313.822692871, 221.645065308, -45.7685928345, 8.02777481079, 22.9954433441, 5.68698263168, 42.1614685059, 20.5441226959, 18.3254890442, 27.7875289917, 120.953132629, 16.596950531, 24.5200233459], [110.862617493, -107.033843994, 88.2739715576, 28.3336315155, 6.83944559097, 20.3359527588, 19.0504245758, 9.14148616791, 10.5295038223, 23.3210983276, 16.596950531, 104.360984802, 2.43933749199], [-277.200714111, 171.105453491, -38.5281219482, 20.1531162262, 27.6871204376, -20.3448619843, -4.92720937729, 17.7815341949, 14.3391799927, -11.3019189835, 24.5200233459, 2.43933749199, 89.475479126]]}, "spectral_energyband_middle_low": {"dmean2": 0.00790300779045, "median": 0.00627935864031, "min": 1.94314666798e-22, "dvar2": 0.000128876068629, "dvar": 5.31824007339e-05, "dmean": 0.0050208712928, "max": 0.104345016181, "var": 9.85716033028e-05, "mean": 0.00944521743804}, "melbands_crest": {"dmean2": 5.82611942291, "median": 14.3909778595, "min": 1.77980983257, "dvar2": 28.3221111298, "dvar": 11.8450632095, "dmean": 3.62721037865, "max": 35.5488548279, "var": 37.0885696411, "mean": 14.9835481644}, "spectral_kurtosis": {"dmean2": 3.67826318741, "median": 5.3528752327, "min": -1.45769429207, "dvar2": 55.1772003174, "dvar": 19.4710941315, "dmean": 2.29560995102, "max": 115.536270142, "var": 43.8322486877, "mean": 6.49559688568}, "spectral_rms": {"dmean2": 0.00160943192896, "median": 0.00464351661503, "min": 3.13552374169e-12, "dvar2": 5.4941642702e-06, "dvar": 2.41918405663e-06, "dmean": 0.00111483642831, "max": 0.0150969726965, "var": 6.1622317844e-06, "mean": 0.0047810273245}, "zerocrossingrate": {"dmean2": 0.0169605556875, "median": 0.05224609375, "min": 0.001953125, "dvar2": 0.000462927244371, "dvar": 0.000455471395981, "dmean": 0.0158930309117, "max": 0.52197265625, "var": 0.00405664369464, "mean": 0.0689281821251}, "silence_rate_60dB": {"dmean2": 0.0737508162856, "median": 0, "min": 0, "dvar2": 0.0744152367115, "dvar": 0.0355151966214, "dmean": 0.0368713848293, "max": 1, "var": 0.0742906928062, "mean": 0.0808246061206}, "erbbands_kurtosis": {"dmean2": 2.14469575882, "median": 0.370608091354, "min": -1.79493868351, "dvar2": 42.2897605896, "dvar": 17.477350235, "dmean": 1.33376204967, "max": 266.2840271, "var": 25.0129814148, "mean": 1.16772818565}, "erbbands": {"dmean2": [0.121268227696, 1.67934608459, 9.99450874329, 8.13623809814, 5.4631690979, 8.43406486511, 9.81896972656, 8.41189479828, 20.8590583801, 43.0304832458, 42.3402671814, 35.5076980591, 36.158416748, 42.3503341675, 50.4415893555, 52.9265518188, 37.1560707092, 33.3546829224, 38.4352073669, 30.2415618896, 20.7149791718, 14.7603559494, 13.5997972488, 8.46530532837, 10.2062492371, 9.73235988617, 7.88087844849, 6.39791631699, 5.0090880394, 3.66942191124, 3.12822389603, 2.28777623177, 1.96968328953, 1.33601474762, 1.20005321503, 0.642615973949, 0.201053842902, 0.0697614550591, 0.0131692746654, 0.000514994375408], "median": [0.038752861321, 0.462424606085, 1.47650921345, 1.17717933655, 1.65014719963, 3.25437545776, 1.9547162056, 2.97769451141, 6.30497741699, 10.0434474945, 8.79207801819, 10.1226806641, 9.42063522339, 14.22306633, 13.4696483612, 12.5113449097, 9.45599937439, 8.79297065735, 10.0883464813, 8.79422664642, 5.41587018967, 5.04641294479, 4.94235610962, 3.40401792526, 3.97533369064, 3.23096752167, 2.31911563873, 1.13415765762, 0.675190508366, 0.54743719101, 0.537890791893, 0.407127737999, 0.421572089195, 0.289645254612, 0.18606364727, 0.0633511990309, 0.0140583496541, 0.0027045593597, 0.000292877259199, 4.79793088743e-05], "min": [6.13626688505e-23, 6.31883138663e-22, 7.79416586733e-22, 3.13575769166e-21, 3.93881354933e-21, 2.87848901152e-20, 2.93855330998e-20, 1.35215014207e-19, 2.09195786372e-19, 2.08729527925e-19, 4.1133528268e-19, 3.31485108307e-19, 5.56728999894e-19, 7.45294643295e-19, 1.31322532304e-18, 1.32308014607e-18, 2.03601388114e-18, 1.68736542135e-18, 1.6041309926e-18, 2.79468739536e-18, 3.72411890536e-18, 4.54057925717e-18, 6.650887399e-18, 6.64355402928e-18, 8.57123392675e-18, 9.80618480279e-18, 1.01906393263e-17, 9.9095848609e-18, 1.14676928684e-17, 1.15147371114e-17, 1.21573464323e-17, 9.58691659319e-18, 9.68886660369e-18, 9.46302478976e-18, 6.30216914585e-18, 4.1359655149e-18, 2.31384771887e-18, 1.05327461317e-18, 2.53274483456e-19, 3.05106215175e-20], "dvar2": [0.0586376935244, 18.9610328674, 999.57824707, 402.009216309, 107.326828003, 258.419067383, 508.980377197, 370.041503906, 2243.00366211, 11500.6523438, 13238.6777344, 8574.79296875, 9909.83007812, 10661.5683594, 26127.6992188, 17961.6210938, 7874.68310547, 7028.08740234, 7162.18408203, 3265.61328125, 2931.76489258, 788.338378906, 597.566345215, 365.70135498, 492.131896973, 492.033508301, 253.191772461, 183.035949707, 107.815994263, 65.8684234619, 49.8489151001, 28.0835514069, 19.2988605499, 9.1028585434, 7.60070943832, 2.12961316109, 0.202398523688, 0.0252826064825, 0.000961697951425, 1.36461676448e-06], "dvar": [0.026771388948, 7.23094129562, 363.935089111, 153.583312988, 39.4104385376, 101.939872742, 201.896759033, 157.497817993, 910.098937988, 4793.53417969, 5527.50146484, 3794.32568359, 4256.32861328, 4411.25097656, 9603.44628906, 7625.29345703, 3440.95751953, 3140.02563477, 3126.45092773, 1449.15612793, 1213.08972168, 356.889648438, 265.329925537, 164.042755127, 217.225418091, 225.651794434, 119.342193604, 88.2750015259, 55.263420105, 34.5261611938, 27.1003189087, 15.5798330307, 11.0051441193, 5.09830331802, 3.72885847092, 1.07409512997, 0.10698081553, 0.0133127328008, 0.000498360313941, 7.5520330256e-07], "dmean": [0.0802024975419, 1.01779711246, 5.75511074066, 4.75140237808, 3.18024086952, 5.19309616089, 5.99735641479, 5.29277324677, 13.0595970154, 27.3917064667, 27.1285572052, 23.1382846832, 23.5669441223, 26.9838218689, 31.7670211792, 34.0134773254, 24.2982807159, 22.219575882, 25.3967132568, 20.1226177216, 13.6593151093, 9.69412326813, 8.91342163086, 5.68617486954, 6.85111713409, 6.50901508331, 5.37936115265, 4.43922996521, 3.49176192284, 2.65852618217, 2.31213760376, 1.73426818848, 1.48478031158, 1.02698791027, 0.882732272148, 0.476420223713, 0.150648280978, 0.0517651364207, 0.00966875813901, 0.000389054650441], "max": [4.10836791992, 27.040304184, 166.883865356, 135.943740845, 81.8657531738, 182.164459229, 229.471389771, 336.496826172, 558.387329102, 1636.35021973, 1448.34814453, 1791.90844727, 1865.19018555, 1217.80163574, 2999.36010742, 2520.60009766, 1560.84545898, 1571.72277832, 1996.51672363, 670.697509766, 934.403198242, 398.968811035, 241.875656128, 260.187164307, 361.446289062, 535.645202637, 209.908340454, 163.083023071, 112.994644165, 85.1557922363, 119.196716309, 90.7568130493, 101.886062622, 54.9865379333, 30.243806839, 14.7058763504, 3.8289167881, 1.39621293545, 0.254152864218, 0.00953292381018], "var": [0.113270387053, 8.16172885895, 258.803588867, 121.007522583, 37.4343452454, 151.726425171, 269.129638672, 240.404907227, 1310.46240234, 6949.18652344, 9263.09960938, 7956.17382812, 9875.08789062, 7329.69628906, 11928.2138672, 13698.5166016, 5518.83984375, 5377.06591797, 5779.74902344, 2566.71801758, 1756.7097168, 621.409423828, 474.481719971, 232.763000488, 364.751922607, 481.893157959, 263.522857666, 195.660995483, 105.439453125, 68.275390625, 58.9443855286, 36.5381965637, 29.1651439667, 12.6370477676, 6.51362609863, 1.82071065903, 0.174297049642, 0.0212029479444, 0.000748375663534, 1.20823392535e-06], "mean": [0.206856653094, 1.59463202953, 6.06437492371, 4.59035825729, 3.98440694809, 7.60166311264, 7.76642751694, 7.42741155624, 17.8357181549, 38.6985549927, 38.7703323364, 35.2097816467, 38.2902603149, 41.2472915649, 45.3288536072, 48.7382202148, 34.7010955811, 33.1292190552, 39.0890350342, 30.3458766937, 19.1558952332, 14.5900259018, 13.6648235321, 8.55729198456, 11.1483383179, 10.4369821548, 8.79342079163, 6.76967334747, 5.01540517807, 3.92679023743, 3.5191950798, 2.67584252357, 2.31549692154, 1.58471846581, 1.20433986187, 0.615795552731, 0.187701508403, 0.0627251043916, 0.0111727090552, 0.000473572988994]}, "spectral_strongpeak": {"dmean2": 0.906517863274, "median": 0.387257546186, "min": 0, "dvar2": 1.98537671566, "dvar": 0.809503555298, "dmean": 0.545746326447, "max": 11.3505182266, "var": 1.50480759144, "mean": 0.925625324249}, "spectral_energy": {"dmean2": 0.0217885635793, "median": 0.0221013016999, "min": 1.00772966413e-20, "dvar2": 0.00184639985673, "dvar": 0.000722619588487, "dmean": 0.0141309648752, "max": 0.233616545796, "var": 0.000936926342547, "mean": 0.0297459345311}, "average_loudness": 0.895166397095, "spectral_rolloff": {"dmean2": 942.805480957, "median": 1119.7265625, "min": 64.599609375, "dvar2": 3052061.5, "dvar": 1537937.5, "dmean": 602.539611816, "max": 19422.9492188, "var": 5527495.5, "mean": 1700.45495605}, "spectral_centroid": {"dmean2": 399.597412109, "median": 1138.09082031, "min": 61.8371734619, "dvar2": 225206.546875, "dvar": 129006.40625, "dmean": 279.571838379, "max": 11591.7695312, "var": 1051943.125, "mean": 1312.65808105}, "pitch_salience": {"dmean2": 0.126917362213, "median": 0.537104785442, "min": 0.00439235474914, "dvar2": 0.0152561450377, "dvar": 0.00629695598036, "dmean": 0.0797303467989, "max": 0.934317886829, "var": 0.0208884011954, "mean": 0.528172969818}, "spectral_energyband_middle_high": {"dmean2": 0.00449732039124, "median": 0.00337922992185, "min": 1.04052909198e-21, "dvar2": 5.6623142882e-05, "dvar": 2.60439992417e-05, "dmean": 0.00314301811159, "max": 0.0812768340111, "var": 7.2354603617e-05, "mean": 0.00665718084201}, "spectral_contrast_coeffs": {"dmean2": [0.0858935564756, 0.0868215933442, 0.068033233285, 0.0555305406451, 0.0385685861111, 0.0332435294986], "median": [-0.647221565247, -0.731685340405, -0.779811501503, -0.787720799446, -0.805314362049, -0.795009016991], "min": [-0.983428001404, -0.974533319473, -0.971859753132, -0.977215707302, -0.965981185436, -0.962501525879], "dvar2": [0.00584386475384, 0.00500499736518, 0.00312730018049, 0.00193066650536, 0.000987390987575, 0.00118048780132], "dvar": [0.00239117071033, 0.002164168749, 0.00131698756013, 0.000854623445775, 0.000420031079557, 0.000476098619401], "dmean": [0.0535662546754, 0.0550498738885, 0.0428338088095, 0.035242587328, 0.0243404675275, 0.0212820954621], "max": [-0.234917253256, -0.371309220791, -0.454076349735, -0.53190779686, -0.593858778477, -0.561158299446], "var": [0.0100342780352, 0.00823036767542, 0.00574612151831, 0.00363626726903, 0.00181107595563, 0.00187186780386], "mean": [-0.635256946087, -0.723243832588, -0.768368303776, -0.781453609467, -0.802560389042, -0.793361723423]}, "melbands_skewness": {"dmean2": 1.40171766281, "median": 2.04348087311, "min": -1.73920333385, "dvar2": 3.51291680336, "dvar": 1.60095655918, "dmean": 0.943930029869, "max": 22.0754070282, "var": 5.76690769196, "mean": 2.61292147636}, "spectral_spread": {"dmean2": 1060306.625, "median": 4511007.5, "min": 617208.25, "dvar2": 1612614205440.0, "dvar": 1016153571330.0, "dmean": 829448.625, "max": 42436220, "var": 11580303474700.0, "mean": 5160735.5}, "dissonance": {"dmean2": 0.0358007252216, "median": 0.467450857162, "min": 0.227097421885, "dvar2": 0.00122085970361, "dvar": 0.000459986767964, "dmean": 0.0215911306441, "max": 0.500000119209, "var": 0.0010358185973, "mean": 0.459847390652}, "spectral_skewness": {"dmean2": 0.442290693521, "median": 1.86169075966, "min": -0.264889657497, "dvar2": 0.334443390369, "dvar": 0.129787415266, "dmean": 0.287573009729, "max": 8.55544757843, "var": 0.432598054409, "mean": 1.88560390472}, "spectral_flux": {"dmean2": 0.0522735714912, "median": 0.0783263146877, "min": 6.48749595711e-11, "dvar2": 0.00481286598369, "dvar": 0.00226168171503, "dmean": 0.0345578156412, "max": 0.429065018892, "var": 0.00445759901777, "mean": 0.0921144336462}, "spectral_contrast_valleys": {"dmean2": [0.723915874958, 0.710080087185, 0.588469445705, 0.573086082935, 0.515641510487, 0.517648339272], "median": [-7.35965633392, -6.88095855713, -7.07140159607, -7.59695911407, -7.69532108307, -10.1588544846], "min": [-28.2101459503, -27.8811912537, -27.6596736908, -27.715177536, -27.4720096588, -27.4106616974], "dvar2": [0.465551286936, 0.413443386555, 0.282444268465, 0.291268199682, 0.319235503674, 0.357286483049], "dvar": [0.244455561042, 0.215946346521, 0.155216827989, 0.167886227369, 0.189242199063, 0.231236517429], "dmean": [0.476556748152, 0.467140704393, 0.394630581141, 0.399770528078, 0.387122899294, 0.461420983076], "max": [-5.20343971252, -4.81096315384, -4.98740911484, -5.25681304932, -5.50052547455, -7.44204425812], "var": [3.88409590721, 3.59655737877, 3.46155166626, 3.40653014183, 3.5575401783, 3.71172904968], "mean": [-7.79345941544, -7.17649173737, -7.2981095314, -7.76417303085, -7.96051120758, -10.3732891083]}, "erbbands_flatness_db": {"dmean2": 0.0336300097406, "median": 0.15042950213, "min": 0.0274342615157, "dvar2": 0.000989904860035, "dvar": 0.000558099884074, "dmean": 0.0251210145652, "max": 0.441438019276, "var": 0.00335001572967, "mean": 0.154650598764}, "spectral_energyband_high": {"dmean2": 0.000743533368222, "median": 0.000235371902818, "min": 7.13004404082e-21, "dvar2": 1.95954589799e-06, "dvar": 1.26017312141e-06, "dmean": 0.00060177053092, "max": 0.0150260776281, "var": 3.30785042024e-06, "mean": 0.00103290542029}, "spectral_entropy": {"dmean2": 0.29155126214, "median": 7.57561683655, "min": 3.90318536758, "dvar2": 0.0910202860832, "dvar": 0.0488207750022, "dmean": 0.212634965777, "max": 9.82084846497, "var": 0.292536139488, "mean": 7.58204650879}, "silence_rate_20dB": {"dmean2": 0, "median": 1, "min": 1, "dvar2": 0, "dvar": 0, "dmean": 0, "max": 1, "var": 0, "mean": 1}, "melbands_flatness_db": {"dmean2": 0.0461801588535, "median": 0.207637637854, "min": 0.00374421640299, "dvar2": 0.00245951116085, "dvar": 0.00121308816597, "dmean": 0.0330661684275, "max": 0.838474273682, "var": 0.00826098117977, "mean": 0.215826258063}, "barkbands": {"dmean2": [0.000180816059583, 0.00594501756132, 0.00947563350201, 0.00192025350407, 0.00225981906988, 0.00101325521246, 0.00215407623909, 0.00218778033741, 0.00146698113531, 0.00115795689635, 0.0012865307508, 0.0014757058816, 0.000849254487548, 0.000722501950804, 0.000786021060776, 0.000428769475548, 0.00029326978256, 0.000231249578064, 0.00018945762713, 0.000208281111554, 0.00017715987633, 0.000126186248963, 0.000107272353489, 0.000111253626528, 0.000141023221659, 0.000123313060612, 6.9021814852e-05], "median": [3.22706328006e-05, 0.00189580291044, 0.00114861107431, 0.000235800413066, 0.000995979644358, 0.000295734556857, 0.000520760426298, 0.000291031203233, 0.000361205049558, 0.000263312162133, 0.000351928989403, 0.000293773890007, 0.000170877145138, 0.000133565656142, 0.000177863126737, 9.28500085138e-05, 8.46935872687e-05, 7.94745865278e-05, 6.99132870068e-05, 6.99830416124e-05, 4.01086872444e-05, 1.74173874257e-05, 1.91007056856e-05, 2.26280135394e-05, 2.77898288914e-05, 9.74545400823e-06, 1.58035300046e-06], "min": [8.34719854832e-25, 2.48397231811e-24, 4.65045484453e-25, 5.69989474915e-25, 1.06043818364e-23, 1.35452466136e-23, 9.24386183219e-24, 8.99260884501e-24, 1.4819010851e-23, 2.42909457815e-23, 2.82512326295e-23, 2.90373830087e-23, 3.21916117838e-23, 3.27315365863e-23, 2.88808730051e-23, 4.09225759769e-23, 7.41846436101e-23, 1.01510084858e-22, 1.65143284721e-22, 1.91855326662e-22, 2.66009274116e-22, 2.93530725212e-22, 4.36081601587e-22, 5.38265013938e-22, 8.46025073318e-22, 1.26727967447e-21, 2.09514044921e-21], "dvar2": [1.82732918574e-07, 0.000186175602721, 0.000870151910931, 1.77478414116e-05, 1.7361022401e-05, 4.80752532894e-06, 2.80573549389e-05, 3.5277374991e-05, 1.33013136292e-05, 9.4856841315e-06, 1.2228133528e-05, 1.49093430082e-05, 4.65334323962e-06, 3.08479638989e-06, 2.89926924779e-06, 1.09132122361e-06, 3.37258995842e-07, 1.78886665481e-07, 1.64330529628e-07, 2.03171452995e-07, 1.26375866216e-07, 6.70731026275e-08, 5.67922668893e-08, 5.77887142583e-08, 9.39718063364e-08, 7.45845198935e-08, 2.54452281467e-08], "dvar": [9.12386965979e-08, 7.46420409996e-05, 0.000320061051752, 6.45539103061e-06, 6.62363299853e-06, 1.99200303541e-06, 1.15831780931e-05, 1.46168349602e-05, 5.86794158153e-06, 4.15413160226e-06, 4.5414590204e-06, 5.94922175878e-06, 2.06868480745e-06, 1.37239180731e-06, 1.21709001633e-06, 4.45653597581e-07, 1.51076335442e-07, 7.93312082692e-08, 7.3915231269e-08, 9.08807251676e-08, 6.12597972349e-08, 3.58768588171e-08, 3.18584234549e-08, 3.43334107811e-08, 5.02635550959e-08, 3.93709171931e-08, 1.3483802519e-08], "dmean": [0.000121865108667, 0.00369182555005, 0.00547399697825, 0.00107724848203, 0.00137379951775, 0.000632233161014, 0.00135165255051, 0.00139344017953, 0.000946802261751, 0.000753296131734, 0.000798034481704, 0.000933864561375, 0.00054287572857, 0.000471982697491, 0.000511254998855, 0.000276893231785, 0.000191369850654, 0.000151279906277, 0.00012654371676, 0.000137923983857, 0.000122646233649, 9.01251769392e-05, 7.9412748164e-05, 8.51473159855e-05, 0.000106729276013, 9.28088411456e-05, 5.10032477905e-05], "max": [0.00580366700888, 0.119906932116, 0.160889714956, 0.0340243801475, 0.0354623645544, 0.0280774515122, 0.0751518011093, 0.0977353304625, 0.0633063092828, 0.0538150146604, 0.0787368714809, 0.0501604154706, 0.0370936729014, 0.0366008728743, 0.0333434604108, 0.0163827110082, 0.00943157728761, 0.00444999337196, 0.00450276071206, 0.00790457706898, 0