{"tonal": {"thpcp": [1, 0.587574660778, 0.267812460661, 0.256807416677, 0.259222149849, 0.429564327002, 0.594909071922, 0.445722341537, 0.358058094978, 0.454425901175, 0.419626504183, 0.438351780176, 0.494595229626, 0.432011544704, 0.626915216446, 0.824911177158, 0.582125604153, 0.350590974092, 0.329898148775, 0.348021358252, 0.594224333763, 0.786170780659, 0.546864807606, 0.303821235895, 0.241474404931, 0.194092065096, 0.245291814208, 0.358221232891, 0.320506125689, 0.311739236116, 0.40612077713, 0.345110058784, 0.349518060684, 0.429582566023, 0.439608454704, 0.780049085617], "hpcp": {"dmean2": [0.281807005405, 0.275167495012, 0.314086973667, 0.353985399008, 0.315745353699, 0.248810395598, 0.231409773231, 0.239779606462, 0.305851429701, 0.312739998102, 0.272426605225, 0.214473679662, 0.178214266896, 0.148966833949, 0.156405046582, 0.18254160881, 0.186668097973, 0.183425486088, 0.200274839997, 0.198450580239, 0.208013758063, 0.245928913355, 0.292745828629, 0.379232019186, 0.36984539032, 0.293450325727, 0.196144640446, 0.184777781367, 0.191316053271, 0.238403901458, 0.289500296116, 0.249980717897, 0.22920255363, 0.23598729074, 0.232912972569, 0.257090270519], "median": [0.0362620949745, 0.048457942903, 0.0731931552291, 0.102613449097, 0.0776189118624, 0.024791399017, 0.0197244659066, 0.025630608201, 0.0645267963409, 0.10015770793, 0.0740015506744, 0.0222764629871, 0.0147801591083, 0.0119595546275, 0.0237216949463, 0.0327346250415, 0.0298399329185, 0.0321831405163, 0.035176075995, 0.0337305739522, 0.0242188088596, 0.0237321723253, 0.0328583940864, 0.108263611794, 0.139524146914, 0.0759670138359, 0.0168163105845, 0.0115423100069, 0.0128231467679, 0.0298937596381, 0.0426063239574, 0.0402446985245, 0.0303270071745, 0.0312961488962, 0.033842176199, 0.033704996109], "min": [3.09428251057e-05, 1.23408935906e-05, 1.36285480039e-05, 9.1622081527e-05, 7.15452915756e-05, 2.57291940216e-05, 2.31893081946e-05, 1.13833812065e-05, 7.3959454312e-06, 3.10973427986e-06, 6.54958566884e-05, 4.74680491607e-05, 3.66914755432e-05, 5.53011377633e-05, 1.11148692667e-05, 8.76795365912e-06, 3.15926954499e-05, 4.20547075919e-05, 3.52487368218e-05, 5.26681105839e-05, 3.76373427571e-05, 4.60146547994e-05, 1.83562187885e-05, 3.86582760257e-05, 1.80487695616e-05, 7.28817976778e-05, 4.44295656052e-05, 3.57889512088e-05, 3.86744395655e-05, 2.38036518567e-05, 5.11871849085e-06, 6.70124936732e-05, 5.41944318684e-05, 9.29245288717e-05, 6.22722000116e-05, 5.10465397383e-05], "dvar2": [0.14428140223, 0.126958280802, 0.137278437614, 0.15641091764, 0.151292383671, 0.129383504391, 0.125952377915, 0.114463098347, 0.152971029282, 0.138288453221, 0.1228300035, 0.11052955687, 0.0952985659242, 0.075195543468, 0.0696424245834, 0.0780727490783, 0.0936156436801, 0.0791790038347, 0.0913504213095, 0.0857003331184, 0.101497776806, 0.129991590977, 0.1465023458, 0.181811958551, 0.171103328466, 0.127693116665, 0.0984265655279, 0.106094516814, 0.103060476482, 0.115003958344, 0.145506933331, 0.109714798629, 0.114460468292, 0.11115244031, 0.10433627665, 0.125598594546], "dvar": [0.056555327028, 0.0465933978558, 0.0526074059308, 0.064656034112, 0.0550646446645, 0.0480588078499, 0.0463480129838, 0.0421928465366, 0.0578902624547, 0.0610536597669, 0.0468012019992, 0.0410346090794, 0.0354610718787, 0.0272393077612, 0.025358447805, 0.0311731565744, 0.0343482606113, 0.0291166175157, 0.0356660373509, 0.0319516249001, 0.0392624363303, 0.0522883050144, 0.0556228645146, 0.0712413415313, 0.0723426267505, 0.049167316407, 0.0364473611116, 0.0384999401867, 0.0365298166871, 0.043834540993, 0.0591494552791, 0.0426895730197, 0.0420354753733, 0.043949700892, 0.0394696481526, 0.0479841716588], "dmean": [0.159461632371, 0.154032364488, 0.179271057248, 0.201707080007, 0.178994178772, 0.137315467, 0.127830773592, 0.133599758148, 0.174713507295, 0.183536723256, 0.157160609961, 0.119320563972, 0.0995769202709, 0.0824353322387, 0.0878034383059, 0.106671199203, 0.107189290226, 0.104531228542, 0.116036847234, 0.112963669002, 0.117150373757, 0.136903807521, 0.16494166851, 0.214890167117, 0.213307067752, 0.168405890465, 0.10848198086, 0.10139220953, 0.104961432517, 0.134490177035, 0.16703659296, 0.141868725419, 0.127826601267, 0.133326664567, 0.13019092381, 0.144763171673], "max": [1, 1, 1, 1, 1, 1, 1, 1, 1, 1, 1, 1, 1, 1, 1, 1, 1, 1, 1, 1, 1, 1, 1, 1, 1, 1, 1, 1, 1, 1, 1, 1, 1, 1, 1, 1], "var": [0.0696174576879, 0.0445088222623, 0.0711297616363, 0.107918135822, 0.0606039203703, 0.043675262481, 0.0443653911352, 0.0393263027072, 0.0730048492551, 0.106556221843, 0.0573122128844, 0.0359305888414, 0.0291632097214, 0.0206124503165, 0.0225636381656, 0.043586011976, 0.0341223552823, 0.0290877688676, 0.0468293093145, 0.0328114889562, 0.0432665795088, 0.0652478933334, 0.0540487878025, 0.0905784294009, 0.133148267865, 0.0596357695758, 0.0300965309143, 0.0341486744583, 0.0308776050806, 0.0506917797029, 0.0841234177351, 0.0488528870046, 0.0391632318497, 0.0643426254392, 0.0539817027748, 0.0553951375186], "mean": [0.161199063063, 0.140801712871, 0.204324945807, 0.268856018782, 0.189727053046, 0.114265024662, 0.107520796359, 0.113427527249, 0.193670287728, 0.256229698658, 0.178234815598, 0.0990217775106, 0.0787016227841, 0.0632587149739, 0.079945795238, 0.116751886904, 0.104459732771, 0.101602420211, 0.1323633641, 0.112478680909, 0.113915339112, 0.14001005888, 0.143277704716, 0.254234522581, 0.325921177864, 0.191503033042, 0.0872857570648, 0.0836989730597, 0.0844859853387, 0.140004113317, 0.19389346242, 0.145270347595, 0.116698712111, 0.148107022047, 0.136765167117, 0.142868131399]}, "tuning_equal_tempered_deviation": 0.0299814324826, "chords_changes_rate": 0.0859519392252, "key_key": "A#", "tuning_diatonic_strength": 0.60466915369, "key_scale": "major", "chords_number_rate": 0.00369685771875, "tuning_frequency": 436.204162598, "tuning_nontempered_energy_ratio": 0.713577210903, "chords_histogram": [17.6524944305, 0.523721516132, 16.0505237579, 3.54282188416, 3.78927922249, 0, 0.800985813141, 0.24645717442, 2.77264332771, 0, 0.3080714643, 0.462107211351, 6.53111505508, 0.554528653622, 0, 2.00246453285, 0, 6.13062238693, 0, 11.3678369522, 0.739371538162, 10.8133087158, 12.7233514786, 2.98829317093], "key_strength": 0.784459769726, "chords_key": "A#", "chords_strength": {"dmean2": 0.012826516293, "median": 0.45128852129, "min": 0.234458178282, "dvar2": 0.000123625228298, "dvar": 9.34925701586e-05, "dmean": 0.0121490666643, "max": 0.726211309433, "var": 0.00702861184254, "mean": 0.457086086273}, "chords_scale": "major", "hpcp_entropy": {"dmean2": 1.09931480885, "median": 2.23314356804, "min": 0.0392679385841, "dvar2": 0.788117110729, "dvar": 0.290823817253, "dmean": 0.652350664139, "max": 4.39349508286, "var": 0.520247220993, "mean": 2.26306509972}}, "metadata": {"audio_properties": {"equal_loudness": 0, "codec": "flac", "downmix": "mix", "sample_rate": 44100, "analysis_sample_rate": 44100, "bit_rate": 0, "md5_encoded": "2a095cc3bd2e42f6eca8905e0448bd26", "length": 150.679992676, "replay_gain": -14.9248466492, "lossless": true}, "version": {"essentia_build_sha": "2d9f1f26377add8aeb1075a9c2973f962c4f09fd", "essentia": "2.1-beta2", "extractor": "music 1.0", "essentia_git_sha": "v2.1_beta2-1-ge3940c0"}, "tags": {"title": ["Everybody Dance"], "media": ["CD"], "albumartist": ["Justice"], "tracktotal": ["23"], "musicbrainz_releasegroupid": ["5b18a20b-b6ec-37e4-801f-dc01bf90281b"], "releasetype": ["album", "compilation"], "musicbrainz_recordingid": ["1b85a388-628d-4bd5-a176-6683c7524df3"], "originalyear": ["2008"], "musicbrainz_releasetrackid": ["80a81ed7-8d45-3dcf-b8c1-60de850c22e2"], "discnumber": ["1"], "totaldiscs": ["1"], "album": ["Justice DJ mix leur s\u00e9lection"], "releasecountry": ["GB"], "musicbrainz_albumartistid": ["860b2707-6153-4e3a-aa57-74d2b42c55b5"], "albumartistsort": ["Justice"], "date": ["2008-04-12"], "file_name": "21624c0646368c70fc9cd8a70400.flac", "disctotal": ["1"], "musicbrainz_artistid": ["a4ed036b-5f18-439c-b1e1-96d205bab255"], "originaldate": ["2008-04-12"], "musicbrainz_albumid": ["16eae216-b68d-45f1-89b8-b18c56655780"], "artist": ["Chic"], "artistsort": ["Chic"], "tracknumber": ["11"], "totaltracks": ["23"], "acoustid_id": ["052a2162-4c06-4636-8c70-fc9cd8a70400"], "script": ["Latn"], "releasestatus": ["bootleg"]}}, "rhythm": {"bpm_histogram_first_peak_bpm": {"dmean2": 0, "median": 129, "min": 129, "dvar2": 0, "dvar": 0, "dmean": 0, "max": 129, "var": 0, "mean": 129}, "bpm": 127.795684814, "bpm_histogram_second_peak_spread": {"dmean2": 0, "median": 0, "min": 0, "dvar2": 0, "dvar": 0, "dmean": 0, "max": 0, "var": 0, "mean": 0}, "bpm_histogram_first_peak_weight": {"dmean2": 0, "median": 0.496855348349, "min": 0.496855348349, "dvar2": 0, "dvar": 0, "dmean": 0, "max": 0.496855348349, "var": 0, "mean": 0.496855348349}, "onset_rate": 4.87732028961, "beats_position": [0.487619042397, 0.975238084793, 1.48607707024, 1.99691605568, 2.50775504112, 3.01859402657, 3.50621318817, 3.98222208023, 4.45823097229, 4.92263031006, 5.38702917099, 5.85142850876, 6.31582736969, 6.78022670746, 7.24462556839, 7.70902490616, 8.19664382935, 8.66104316711, 9.12544155121, 9.58984088898, 10.0542402267, 10.5302495956, 11.0062580109, 11.4706573486, 11.9350566864, 12.3994560242, 12.8754644394, 13.3514738083, 13.8158731461, 14.2802715302, 14.7446708679, 15.1974601746, 15.6618595123, 16.1262588501, 16.602268219, 17.0666656494, 17.5310649872, 17.995464325, 18.4598636627, 18.9242630005, 19.3886623383, 19.8646717072, 20.3174591064, 20.8050785065, 21.2694778442, 21.733877182, 22.1982765198, 22.6626758575, 23.1038551331, 23.5682544708, 24.0326519012, 24.497051239, 24.9614505768, 25.4258499146, 25.8902492523, 26.3778686523, 26.8422679901, 27.3298854828, 27.7942848206, 28.2586841583, 28.7230834961, 29.1874828339, 29.6518821716, 30.1278915405, 30.5922889709, 31.0682983398, 31.5443077087, 32.0203170776, 32.4847145081, 32.9491157532, 33.4135131836, 33.901134491, 34.3655319214, 34.8415412903, 35.3059387207, 35.7819480896, 36.2463493347, 36.7339668274, 37.2099761963, 37.6859855652, 38.1619949341, 38.638004303, 39.1024017334, 39.5784111023, 40.0544204712, 40.5188217163, 40.9832191467, 41.4708366394, 41.9584579468, 42.4228553772, 42.8872566223, 43.3516540527, 43.8160552979, 44.2920608521, 44.7680702209, 45.2324714661, 45.6968688965, 46.1728782654, 46.6488876343, 47.1248970032, 47.6009063721, 48.0653038025, 48.5413131714, 49.0173225403, 49.4817237854, 49.9461212158, 50.4105224609, 50.8865280151, 51.362537384, 51.8385467529, 52.3145561218, 52.7905654907, 53.2665748596, 53.7425842285, 54.2069816589, 54.6829910278, 55.1590003967, 55.6350097656, 56.0994110107, 56.5754165649, 57.0514259338, 57.5274353027, 58.0034446716, 58.4678459167, 58.9322433472, 59.4082527161, 59.884262085, 60.3486595154, 60.8246688843, 61.3006782532, 61.7650794983, 62.2294769287, 62.6938781738, 63.1582756042, 63.6226730347, 64.0986862183, 64.5746917725, 65.0507049561, 65.5267105103, 65.9911117554, 66.4555053711, 66.9199066162, 67.3843078613, 67.8603134155, 68.3363265991, 68.8007278442, 69.26512146, 69.7295227051, 70.2055282593, 70.6815414429, 71.1575469971, 71.6335601807, 72.0979614258, 72.5623550415, 73.0267562866, 73.5027618408, 73.9787750244, 74.4547805786, 74.9307937622, 75.4067993164, 75.8828125, 76.3588180542, 76.8464355469, 77.3224487305, 77.7984542847, 78.2744674683, 78.7504730225, 79.2264862061, 79.7024917603, 80.1785049438, 80.6428985596, 81.1189117432, 81.5949172974, 82.0593185425, 82.5237197876, 82.9881134033, 83.4525146484, 83.928527832, 84.4045333862, 84.8689346313, 85.3449401855, 85.8209533691, 86.2969589233, 86.7613601685, 87.2373657227, 87.7017669678, 88.177772522, 88.6537857056, 89.1297912598, 89.6058044434, 90.0818099976, 90.5578231812, 91.0454406738, 91.521446228, 91.9974594116, 92.4618606567, 92.9494781494, 93.4254837036, 93.9014968872, 94.3658905029, 94.830291748, 95.3063049316, 95.7823104858, 96.246711731, 96.7111129761, 97.1755065918, 97.6399078369, 98.104309082, 98.5687026978, 99.0563278198, 99.5439453125, 100.008346558, 100.49596405, 100.971969604, 101.447982788, 101.912376404, 102.388389587, 102.864395142, 103.352012634, 103.816413879, 104.292427063, 104.768432617, 105.244445801, 105.708839417, 106.1848526, 106.660858154, 107.136871338, 107.612876892, 108.088890076, 108.553283691, 109.029296875, 109.505302429, 109.969703674, 110.434104919, 110.898498535, 111.374511719, 111.850517273, 112.326530457, 112.802536011, 113.278549194, 113.754554749, 114.230567932, 114.694961548, 115.170974731, 115.646980286, 116.122993469, 116.587387085, 117.063400269, 117.539405823, 118.015419006, 118.491424561, 118.955825806, 119.420227051, 119.884620667, 120.349021912, 120.825035095, 121.301040649, 121.777046204, 122.241447449, 122.705848694, 123.181854248, 123.646255493, 124.110656738, 124.586662292, 125.062675476, 125.53868103, 126.003082275, 126.47908783, 126.943489075, 127.40789032, 127.872291565, 128.348297119, 128.824310303, 129.288711548, 129.753097534, 130.217498779, 130.693511963, 131.169525146, 131.645523071, 132.121536255, 132.5859375, 133.050338745, 133.51473999, 133.979141235, 134.44354248, 134.919540405, 135.395553589, 135.859954834, 136.324356079, 136.788757324, 137.253143311, 137.717544556, 138.181945801, 138.646347046, 139.110748291, 139.575149536, 140.039550781, 140.503936768, 140.968338013, 141.432739258, 141.897140503, 142.361541748, 142.825942993, 143.2787323, 143.754730225, 144.21913147, 144.683532715, 145.14793396, 145.612335205, 146.07673645, 146.541137695, 147.005523682, 147.469924927, 147.934326172, 148.398727417, 148.863128662, 149.327529907, 149.791931152, 150.256317139], "beats_loudness": {"dmean2": 0.0410990156233, "median": 0.0554826296866, "min": 0.00369819300249, "dvar2": 0.00121149851475, "dvar": 0.000371604895918, "dmean": 0.0243329964578, "max": 0.13927975297, "var": 0.000522241229191, "mean": 0.0589417889714}, "danceability": 1.97186672688, "bpm_histogram_second_peak_weight": {"dmean2": 0, "median": 0.0534591190517, "min": 0.0534591190517, "dvar2": 0, "dvar": 0, "dmean": 0, "max": 0.0534591190517, "var": 0, "mean": 0.0534591190517}, "beats_count": 319, "bpm_histogram_second_peak_bpm": {"dmean2": 0, "median": 123, "min": 123, "dvar2": 0, "dvar": 0, "dmean": 0, "max": 123, "var": 0, "mean": 123}, "bpm_histogram_first_peak_spread": {"dmean2": 0, "median": 0.466216206551, "min": 0.466216206551, "dvar2": 0, "dvar": 0, "dmean": 0, "max": 0.466216206551, "var": 0, "mean": 0.466216206551}, "beats_loudness_band_ratio": {"dmean2": [0.247678562999, 0.119109369814, 0.067970700562, 0.12254820019, 0.0452623926103, 0.0772714987397], "median": [0.854612052441, 0.0523806065321, 0.0191203653812, 0.0164619721472, 0.0134776420891, 0.022568885237], "min": [0.0159445982426, 0.00255085807294, 0.000873885001056, 0.000974595081061, 0.000160228519235, 0.00128601142205], "dvar2": [0.0404472388327, 0.0167557951063, 0.00585612421855, 0.0236051864922, 0.00318565173075, 0.00129955483135], "dvar": [0.0139696327969, 0.00565369846299, 0.0020727920346, 0.00843143183738, 0.00111524190288, 0.000445069395937], "dmean": [0.140966668725, 0.0673539638519, 0.0370245352387, 0.0662068873644, 0.0248529147357, 0.0390232466161], "max": [0.985236287117, 0.763926923275, 0.269727289677, 0.528252959251, 0.229948982596, 0.17094822228], "var": [0.0179592277855, 0.00686161872, 0.00173650565557, 0.00668879970908, 0.000857922714204, 0.000638713885564], "mean": [0.814482808113, 0.0769984647632, 0.0331454724073, 0.0530306473374, 0.0234412737191, 0.0277951750904]}}, "lowlevel": {"barkbands_spread": {"dmean2": 12.4002914429, "median": 19.2196960449, "min": 0.758061051369, "dvar2": 186.072128296, "dvar": 90.0100631714, "dmean": 8.11534881592, "max": 127.207038879, "var": 226.686584473, "mean": 22.0123462677}, "melbands_spread": {"dmean2": 13.6529092789, "median": 16.8982391357, "min": 0.576042234898, "dvar2": 332.828277588, "dvar": 160.28427124, "dmean": 8.97461128235, "max": 257.04119873, "var": 357.748260498, "mean": 21.7791366577}, "hfc": {"dmean2": 10.4355459213, "median": 14.7451524734, "min": 0.0113521041349, "dvar2": 188.881317139, "dvar": 95.9008178711, "dmean": 7.46348905563, "max": 188.136901855, "var": 310.250946045, "mean": 20.2543907166}, "barkbands_kurtosis": {"dmean2": 10.6837387085, "median": 2.76065659523, "min": -1.9545224905, "dvar2": 409.862457275, "dvar": 158.112075806, "dmean": 6.53188180923, "max": 176.713058472, "var": 209.178375244, "mean": 7.77735996246}, "gfcc": {"mean": [7.91123723984, 84.6370544434, -99.3207397461, 33.4954528809, -51.2411613464, 28.492143631, -41.6290168762, 11.7901887894, -32.5506057739, -1.42962539196, -18.3271064758, 1.05162620544, -12.9451990128], "icov": [[0.000615050725173, -9.83226891549e-06, 0.000432436907431, -0.000335841672495, 0.000175584806129, -0.000514218874741, 0.000445059587946, -0.000391629117075, 0.000450482446468, 3.03679898934e-05, 0.000528936856426, -0.000248263822868, 0.000680145691149], [-9.83226891549e-06, 0.00335942604579, -0.000877514190506, 0.00177348731086, -0.00234364788048, 0.00315378443338, -0.00308003509417, 0.00345803890377, -0.00328285014257, 0.00280904723331, -0.00345496321097, 0.00363115849905, -0.00266953674145], [0.000432436907431, -0.000877514190506, 0.00150083366316, -0.00123836949933, 0.00110982381739, -0.00126373732928, 0.00128204119392, -0.00155976228416, 0.0021049764473, -0.00102379254531, 0.00139264576137, -0.00113588001113, 0.00218565808609], [-0.000335841672495, 0.00177348731086, -0.00123836949933, 0.00406207703054, -0.00194708444178, 0.00129720335826, -0.00114041857887, 0.00242880219594, -0.00378341367468, 0.00363162974827, -0.00252136075869, 0.00208326708525, -0.001970957499], [0.000175584806129, -0.00234364788048, 0.00110982381739, -0.00194708444178, 0.00609236536548, -0.00272374460474, 0.000374206312699, -0.00257117277943, 0.00267655518837, -0.00233572814614, 0.00381140527315, -0.00250197714195, 0.00132464373019], [-0.000514218874741, 0.00315378443338, -0.00126373732928, 0.00129720335826, -0.00272374460474, 0.00858101062477, -0.00537103833631, 0.00397708220407, -0.00337782828137, 0.00297845271416, -0.00380039727315, 0.00379369221628, -0.00357843306847], [0.000445059587946, -0.00308003509417, 0.00128204119392, -0.00114041857887, 0.000374206312699, -0.00537103833631, 0.0108034396544, -0.00533672608435, 0.00428262772039, -0.00223430152982, 0.00237214076333, -0.00245690345764, 0.00426670117304], [-0.000391629117075, 0.00345803890377, -0.00155976228416, 0.00242880219594, -0.00257117277943, 0.00397708220407, -0.00533672608435, 0.0118708033115, -0.00651153968647, 0.00229600048624, -0.00248173461296, 0.00308536668308, -0.00382522237487], [0.000450482446468, -0.00328285014257, 0.0021049764473, -0.00378341367468, 0.00267655518837, -0.00337782828137, 0.00428262772039, -0.00651153968647, 0.0133675253019, -0.00511915329844, 0.00208296230994, -0.00225451821461, 0.00299814948812], [3.03679898934e-05, 0.00280904723331, -0.00102379254531, 0.00363162974827, -0.00233572814614, 0.00297845271416, -0.00223430152982, 0.00229600048624, -0.00511915329844, 0.0144268618897, -0.00645140232518, -0.000983655801974, 0.000737332215067], [0.000528936856426, -0.00345496321097, 0.00139264576137, -0.00252136075869, 0.00381140527315, -0.00380039727315, 0.00237214076333, -0.00248173461296, 0.00208296230994, -0.00645140232518, 0.0158394966274, -0.00488214800134, -0.000200552705792], [-0.000248263822868, 0.00363115849905, -0.00113588001113, 0.00208326708525, -0.00250197714195, 0.00379369221628, -0.00245690345764, 0.00308536668308, -0.00225451821461, -0.000983655801974, -0.00488214800134, 0.0184497404844, -0.00527562107891], [0.000680145691149, -0.00266953674145, 0.00218565808609, -0.001970957499, 0.00132464373019, -0.00357843306847, 0.00426670117304, -0.00382522237487, 0.00299814948812, 0.000737332215067, -0.000200552705792, -0.00527562107891, 0.0183891896158]], "cov": [[2407.37402344, -493.716308594, -578.73248291, 149.599914551, 20.7281131744, 147.28276062, -45.9375610352, 27.7473831177, -14.6492910385, -75.5917205811, -101.674987793, -2.08832478523, -28.5829925537], [-493.716308594, 1120.23449707, -86.3857192993, -99.0204925537, 176.974655151, -102.773506165, 133.708221436, -91.4714431763, 60.3370170593, -61.9544830322, 88.699798584, -97.3453903198, 63.4272499084], [-578.73248291, -86.3857192993, 1390.6685791, 176.010864258, -111.449371338, 7.36254262924, -47.348739624, 9.87564849854, -100.77721405, -9.14116573334, -49.5579719543, -4.13339757919, -99.9873809814], [149.599914551, -99.0204925537, 176.010864258, 504.400970459, 42.6836204529, 65.6037445068, -28.4082965851, -14.0257816315, 54.2952919006, -91.2500076294, -7.7827205658, -30.4464263916, 12.5863227844], [20.7281131744, 176.974655151, -111.449371338, 42.6836204529, 293.724853516, 62.7820510864, 88.7905502319, 14.1347770691, -1.18734657764, -19.9186763763, -24.2330341339, -13.7756271362, 12.9194412231], [147.28276062, -102.773506165, 7.36254262924, 65.6037445068, 62.7820510864, 239.835357666, 77.5544509888, -0.736768245697, -4.37578439713, -27.467880249, -2.17701745033, -15.6431665421, 7.0931854248], [-45.9375610352, 133.708221436, -47.348739624, -28.4082965851, 88.7905502319, 77.5544509888, 190.65145874, 34.1745185852, -11.4327173233, -4.67646121979, -0.621858179569, -14.6572704315, -6.89895009995], [27.7473831177, -91.4714431763, 9.87564849854, -14.0257816315, 14.1347770691, -0.736768245697, 34.1745185852, 149.65737915, 38.7601737976, 17.8323192596, -5.07475185394, 6.4524679184, -0.180622398853], [-14.6492910385, 60.3370170593, -100.77721405, 54.2952919006, -1.18734657764, -4.37578439713, -11.4327173233, 38.7601737976, 144.530426025, 23.4435157776, 28.3399848938, -1.729377985, 12.3564462662], [-75.5917205811, -61.9544830322, -9.14116573334, -91.2500076294, -19.9186763763, -27.467880249, -4.67646121979, 17.8323192596, 23.4435157776, 131.495300293, 38.6856040955, 36.9143829346, -12.0900421143], [-101.674987793, 88.699798584, -49.5579719543, -7.7827205658, -24.2330341339, -2.17701745033, -0.621858179569, -5.07475185394, 28.3399848938, 38.6856040955, 111.584892273, 18.3952598572, 22.4263839722], [-2.08832478523, -97.3453903198, -4.13339757919, -30.4464263916, -13.7756271362, -15.6431665421, -14.6572704315, 6.4524679184, -1.729377985, 36.9143829346, 18.3952598572, 84.0232543945, 8.9726524353], [-28.5829925537, 63.4272499084, -99.9873809814, 12.5863227844, 12.9194412231, 7.0931854248, -6.89895009995, -0.180622398853, 12.3564462662, -12.0900421143, 22.4263839722, 8.9726524353, 81.1793746948]]}, "spectral_energyband_middle_low": {"dmean2": 0.0129703478888, "median": 0.00917705800384, "min": 1.59647504461e-06, "dvar2": 0.000545243441593, "dvar": 0.00023550412152, "dmean": 0.00830374658108, "max": 0.171851977706, "var": 0.000271063356195, "mean": 0.0135659594089}, "melbands_crest": {"dmean2": 5.69795703888, "median": 13.44140625, "min": 3.17776536942, "dvar2": 27.8127403259, "dvar": 11.2560024261, "dmean": 3.49673843384, "max": 30.7217674255, "var": 24.1358013153, "mean": 13.9898414612}, "spectral_kurtosis": {"dmean2": 2.59612369537, "median": 4.06195402145, "min": -1.51017129421, "dvar2": 13.1184368134, "dvar": 5.53705263138, "dmean": 1.71438705921, "max": 57.047542572, "var": 12.6863708496, "mean": 4.48384857178}, "spectral_rms": {"dmean2": 0.00161194684915, "median": 0.00485773617402, "min": 6.48386921966e-05, "dvar2": 3.83323549613e-06, "dvar": 1.92865309145e-06, "dmean": 0.00116050441284, "max": 0.0134231457487, "var": 4.3762624955e-06, "mean": 0.00507570663467}, "zerocrossingrate": {"dmean2": 0.0178306549788, "median": 0.05712890625, "min": 0.001953125, "dvar2": 0.000369188608602, "dvar": 0.000290821830276, "dmean": 0.014876101166, "max": 0.43212890625, "var": 0.00149617367424, "mean": 0.0636316761374}, "silence_rate_60dB": {"dmean2": 0.041454769671, "median": 0, "min": 0, "dvar2": 0.0462113730609, "dvar": 0.0203692559153, "dmean": 0.0208012331277, "max": 1, "var": 0.0237503666431, "mean": 0.0243413951248}, "erbbands_kurtosis": {"dmean2": 2.38538408279, "median": 0.0909777805209, "min": -1.91872382164, "dvar2": 19.4861392975, "dvar": 8.21123504639, "dmean": 1.49818396568, "max": 77.4293518066, "var": 12.8986854553, "mean": 1.07501006126}, "erbbands": {"dmean2": [0.140676185489, 2.0906355381, 8.08472919464, 17.8589878082, 26.69789505, 10.6937847137, 8.62829971313, 11.0149497986, 12.3375577927, 12.6688375473, 11.7720890045, 20.3074836731, 28.1570930481, 40.0444412231, 62.8906211853, 37.6244850159, 26.2268218994, 35.7251205444, 33.170841217, 26.9577846527, 21.5751972198, 20.6253871918, 17.6218490601, 13.2024307251, 9.77786827087, 5.71811962128, 3.91216897964, 3.96749162674, 4.52602958679, 4.25522232056, 4.38572883606, 3.85841727257, 2.474173069, 1.38769650459, 0.761490285397, 0.346969157457, 0.114342153072, 0.0138933248818, 0.000391946261516, 3.26951812895e-05], "median": [0.0741989314556, 0.635228037834, 2.29130363464, 4.93758296967, 9.07151126862, 6.38987970352, 4.53586864471, 4.30571603775, 3.78468894958, 3.7837767601, 5.31529569626, 5.70088243484, 6.5732665062, 12.7251663208, 12.7193822861, 10.2714920044, 8.93919658661, 8.47607421875, 10.3815374374, 7.98961591721, 6.43189239502, 6.24034166336, 5.45969390869, 5.6013584137, 4.73822116852, 2.95601391792, 2.05578732491, 1.59426319599, 1.60624730587, 1.34342801571, 1.32914423943, 1.10663294792, 0.859144985676, 0.499265670776, 0.240543693304, 0.109718337655, 0.0292310360819, 0.00273273629136, 8.51707736729e-05, 3.59376208507e-05], "min": [5.21981604606e-08, 1.13493274512e-06, 1.07399509943e-05, 8.28236879897e-05, 0.000386613741284, 0.00152821431402, 0.000771854887716, 0.00217443075962, 0.00530183082446, 0.00222599715926, 0.000459665519884, 0.00117816659622, 0.00472065713257, 0.0120472675189, 0.0116554731503, 0.0119182216004, 0.00741960294545, 0.00200566044077, 0.00574727822095, 0.00471139792353, 0.00462119700387, 0.00276345293969, 0.00119113782421, 0.00101984140929, 0.002542759059, 0.00180733506568, 0.00261310604401, 0.00263656885363, 0.00168446986936, 0.00301502365619, 0.00449296180159, 0.00174280127976, 0.00364413508214, 0.0015866861213, 0.000803399074357, 0.000118465031846, 2.95460904454e-05, 2.60603314928e-06, 6.16864042513e-07, 3.58602889605e-08], "dvar2": [0.0594026856124, 18.1943225861, 369.869171143, 1332.68078613, 3061.08007813, 246.487167358, 283.358795166, 483.56161499, 901.378723145, 1415.19140625, 656.434509277, 3052.25634766, 5694.33007813, 9714.0546875, 32143.8007813, 9930.94628906, 3656.04956055, 13041.7666016, 6869.61865234, 3776.57324219, 2074.64306641, 1733.59973145, 1325.69567871, 735.177734375, 358.502746582, 141.151321411, 74.0515289307, 99.7521591187, 126.862113953, 91.3259353638, 87.4529953003, 62.7100028992, 23.5836048126, 11.1662845612, 4.31242465973, 0.567678511143, 0.0514263100922, 0.00124201318249, 2.3599884571e-06, 2.27614016524e-09], "dvar": [0.0285643804818, 7.32130098343, 131.08114624, 541.677246094, 1270.31140137, 95.6440124512, 115.911201477, 216.552230835, 392.307891846, 634.736877441, 293.357543945, 1243.29882813, 2383.19897461, 4785.98144531, 14572.0800781, 4787.58105469, 1646.66577148, 5040.41552734, 3097.02954102, 1728.90148926, 908.410095215, 706.61340332, 570.132019043, 323.452972412, 160.435470581, 60.0275382996, 31.1172447205, 40.9069709778, 53.4947547913, 39.1800842285, 37.3208580017, 28.9630966187, 11.2460107803, 5.97838068008, 2.12581396103, 0.270230859518, 0.0240277908742, 0.000544031208847, 9.03312241007e-07, 1.02607211616e-09], "dmean": [0.0924451723695, 1.27066004276, 4.55745410919, 10.8530817032, 16.5597496033, 6.45451641083, 5.10464429855, 6.76901531219, 7.79994535446, 7.89819002151, 7.35588264465, 12.7531957626, 17.825460434, 25.0008621216, 40.9787750244, 25.138666153, 16.6100234985, 21.7290039063, 21.2905387878, 17.6491508484, 14.004283905, 12.7585964203, 11.0605268478, 8.43607997894, 6.32510042191, 3.66887331009, 2.52242183685, 2.57568645477, 2.97308206558, 2.81671595573, 2.93186426163, 2.61955809593, 1.69471383095, 0.952080667019, 0.507255554199, 0.227611362934, 0.0727117210627, 0.0088600423187, 0.000243310016231, 2.23009101319e-05], "max": [2.48711776733, 21.3780937195, 89.6954421997, 222.631912231, 374.32510376, 106.947059631, 245.835098267, 334.47857666, 490.051025391, 548.237060547, 395.244232178, 794.104797363, 1072.65942383, 2546.55151367, 4715.21728516, 1648.02905273, 1222.50939941, 1837.80615234, 2252.8059082, 1242.15197754, 923.449401855, 573.728515625, 480.724456787, 390.927276611, 262.767608643, 161.946807861, 104.249259949, 130.870574951, 237.66468811, 122.759346008, 171.438858032, 161.680358887, 93.0946426392, 104.870903015, 43.4736061096, 10.610250473, 3.28101229668, 0.614975571632, 0.040466144681, 0.000677980424371], "var": [0.0421650111675, 6.98124217987, 88.2199478149, 505.56918335, 1279.66320801, 153.2525177, 192.274276733, 534.507141113, 918.384216309, 1756.8248291, 625.727905273, 1592.6394043, 3856.70043945, 16530.5097656, 35593.484375, 9501.96191406, 4209.58886719, 8667.47265625, 6418.78222656, 3975.6652832, 1571.50341797, 1133.34521484, 1033.84375, 535.564941406, 315.739440918, 99.1794967651, 41.7446212769, 50.5987243652, 72.815864563, 62.2724304199, 63.5306663513, 54.5453071594, 23.4500274658, 12.8229112625, 4.06902837753, 0.571896672249, 0.0462784804404, 0.000856173981447, 9.58939949669e-07, 1.71638758761e-09], "mean": [0.140732735395, 1.47357022762, 4.79578495026, 12.1750164032, 19.8657722473, 10.7114467621, 8.1660451889, 11.4115076065, 12.7807998657, 13.559129715, 12.3103265762, 17.449508667, 23.8538970947, 37.5600776672, 60.0827980042, 37.4152946472, 25.8290367126, 31.5397930145, 33.3254241943, 28.1661071777, 20.8405017853, 19.1044521332, 16.957988739, 13.5408687592, 10.420706749, 6.10462188721, 4.05668830872, 3.91658973694, 4.45096874237, 4.16758346558, 4.3907532692, 3.9168484211, 2.65651512146, 1.50002968311, 0.779743790627, 0.333343148232, 0.0955818668008, 0.0111085204408, 0.000302043015836, 4.78688307339e-05]}, "spectral_strongpeak": {"dmean2": 0.998924195766, "median": 0.445442020893, "min": 0.00115830963477, "dvar2": 2.36319041252, "dvar": 0.940152049065, "dmean": 0.593602001667, "max": 13.1539764404, "var": 1.7802696228, "mean": 0.918439209461}, "spectral_energy": {"dmean2": 0.0215912293643, "median": 0.0241875424981, "min": 4.30915770266e-06, "dvar2": 0.00109212764073, "dvar": 0.000494899635669, "dmean": 0.0146821560338, "max": 0.184685364366, "var": 0.00071834330447, "mean": 0.0308925360441}, "average_loudness": 0.951122403145, "spectral_rolloff": {"dmean2": 1072.46276855, "median": 947.4609375, "min": 86.1328125, "dvar2": 3399952, "dvar": 1598407, "dmean": 645.779907227, "max": 12295.4589844, "var": 2461039.75, "mean": 1330.24743652}, "spectral_centroid": {"dmean2": 475.396606445, "median": 1024.76428223, "min": 141.269561768, "dvar2": 276711.15625, "dvar": 138157.515625, "dmean": 312.588531494, "max": 7404, "var": 413095.34375, "mean": 1136.16186523}, "pitch_salience": {"dmean2": 0.138030260801, "median": 0.581539988518, "min": 0.105424046516, "dvar2": 0.0185618046671, "dvar": 0.0071657570079, "dmean": 0.0847577825189, "max": 0.908338069916, "var": 0.0134085547179, "mean": 0.568628430367}, "spectral_energyband_middle_high": {"dmean2": 0.00419552484527, "median": 0.00280857086182, "min": 1.35437892368e-06, "dvar2": 4.62022944703e-05, "dvar": 2.22099879466e-05, "dmean": 0.00279408344068, "max": 0.102775156498, "var": 8.45616668812e-05, "mean": 0.00618809647858}, "spectral_contrast_coeffs": {"dmean2": [0.097395375371, 0.083196029067, 0.0713614672422, 0.0561270825565, 0.0421950109303, 0.032571464777], "median": [-0.640583574772, -0.744369029999, -0.777841866016, -0.783124029636, -0.793102622032, -0.7993491292], "min": [-0.857497572899, -0.960766017437, -0.949101746082, -0.920037746429, -0.940111279488, -0.889055252075], "dvar2": [0.00711053749546, 0.00493525713682, 0.00341952755116, 0.0019786034245, 0.00113009696361, 0.000786637945566], "dvar": [0.00296588824131, 0.00198555830866, 0.00144698331133, 0.000823419250082, 0.000489501748234, 0.000330071459757], "dmean": [0.0608060546219, 0.0511848032475, 0.044929176569, 0.0357086583972, 0.026813192293, 0.020887862891], "max": [-0.235525503755, -0.374952554703, -0.370915144682, -0.526830852032, -0.599799931049, -0.594708144665], "var": [0.00671282690018, 0.00619743019342, 0.00548856239766, 0.00381889520213, 0.00206458498724, 0.00110835058149], "mean": [-0.636631011963, -0.735201358795, -0.766373038292, -0.775643527508, -0.78783428669, -0.79673486948]}, "melbands_skewness": {"dmean2": 1.98852431774, "median": 2.73161458969, "min": -1.5241048336, "dvar2": 6.10531425476, "dvar": 2.64285206795, "dmean": 1.33860492706, "max": 17.6758575439, "var": 6.86021757126, "mean": 3.31999349594}, "spectral_spread": {"dmean2": 1424733.375, "median": 5208570, "min": 1148841.125, "dvar2": 2365563600900.0, "dvar": 1270417850370.0, "dmean": 1021002.9375, "max": 21516656, "var": 5524785987580.0, "mean": 5656728.5}, "dissonance": {"dmean2": 0.035677075386, "median": 0.470809787512, "min": 0.183354988694, "dvar2": 0.00132980791386, "dvar": 0.000523338385392, "dmean": 0.0214779730886, "max": 0.500000059605, "var": 0.00116667710245, "mean": 0.461329042912}, "spectral_skewness": {"dmean2": 0.396160364151, "median": 1.6642832756, "min": -0.623850941658, "dvar2": 0.184717044234, "dvar": 0.0856546759605, "dmean": 0.26923391223, "max": 6.78286266327, "var": 0.309582620859, "mean": 1.69888865948}, "spectral_flux": {"dmean2": 0.0551749691367, "median": 0.0796841979027, "min": 0.0143633279949, "dvar2": 0.00366661138833, "dvar": 0.00185056764167, "dmean": 0.03732111305, "max": 0.380073487759, "var": 0.00407657306641, "mean": 0.099668584764}, "spectral_contrast_valleys": {"dmean2": [0.674706578255, 0.706915438175, 0.658971250057, 0.596230149269, 0.540826022625, 0.562688648701], "median": [-6.79297876358, -6.93634080887, -7.21566820145, -7.65324115753, -7.7195391655, -9.77205276489], "min": [-13.4944906235, -10.6616287231, -9.87304782867, -10.7008037567, -10.7596111298, -12.8959293365], "dvar2": [0.314088970423, 0.425133943558, 0.387335181236, 0.324886381626, 0.271510660648, 0.265825718641], "dvar": [0.138998478651, 0.169530138373, 0.158248603344, 0.147645935416, 0.127947166562, 0.140207305551], "dmean": [0.423767268658, 0.43528008461, 0.422731906176, 0.388358414173, 0.371183693409, 0.423739910126], "max": [-5.29902744293, -5.13475799561, -5.10167312622, -5.47223901749, -5.66471624374, -7.22515010834], "var": [0.547120213509, 0.369809567928, 0.453973591328, 0.571115911007, 0.546917259693, 0.667722523212], "mean": [-6.93634462357, -6.97899532318, -7.23099851608, -7.68509483337, -7.74359083176, -9.77994632721]}, "erbbands_flatness_db": {"dmean2": 0.0334523841739, "median": 0.134843200445, "min": 0.0496314875782, "dvar2": 0.000892821932212, "dvar": 0.000441167794634, "dmean": 0.0232246853411, "max": 0.383085072041, "var": 0.00207426422276, "mean": 0.142544656992}, "spectral_energyband_high": {"dmean2": 0.000635269796476, "median": 0.000336072116625, "min": 1.02469095964e-06, "dvar2": 1.36709570597e-06, "dvar": 6.41728604478e-07, "dmean": 0.000438031507656, "max": 0.0207443200052, "var": 1.394149308e-06, "mean": 0.000782202114351}, "spectral_entropy": {"dmean2": 0.369280308485, "median": 7.63514757156, "min": 4.85433244705, "dvar2": 0.130207955837, "dvar": 0.0582227930427, "dmean": 0.246848002076, "max": 8.97695159912, "var": 0.22477671504, "mean": 7.57169866562}, "silence_rate_20dB": {"dmean2": 0, "median": 1, "min": 1, "dvar2": 0, "dvar": 0, "dmean": 0, "max": 1, "var": 0, "mean": 1}, "melbands_flatness_db": {"dmean2": 0.0585593990982, "median": 0.206670254469, "min": 0.0224859509617, "dvar2": 0.00344818481244, "dvar": 0.00151231058408, "dmean": 0.0390802584589, "max": 0.552615225315, "var": 0.00582770211622, "mean": 0.212181195617}, "barkbands": {"dmean2": [8.87650385266e-05, 0.00764006515965, 0.00783108826727, 0.00857414118946, 0.00431191083044, 0.00131073279772, 0.000854830723256, 0.000564171001315, 0.000938752724323, 0.00100749207195, 0.00156997796148, 0.00122717022896, 0.000608786125667, 0.000707330182195, 0.000671850750223, 0.000437521433923, 0.000396195275243, 0.00031608925201, 0.000222949078307, 0.00013015352306, 9.41600446822e-05, 0.000126759056002, 0.000149237064761, 0.000159807590535, 0.000113506321213, 6.43636885798e-05, 2.84623115476e-06], "median": [3.43000647263e-05, 0.0028149986174, 0.00213552871719, 0.00172325503081, 0.00233673141338, 0.000568106246646, 0.000237743806792, 0.00019627326401, 0.000242254915065, 0.000234063074458, 0.000332341151079, 0.000215405263589, 0.000157546019182, 0.000139313720865, 0.000169766120962, 0.000111251494673, 0.000107328269223, 9.54893475864e-05, 0.000100922421552, 6.83003672748e-05, 4.28791499871e-05, 4.58234353573e-05, 4.44728393632e-05, 5.32819831278e-05, 4.04863349104e-05, 1.89312959264e-05, 1.30107338236e-07], "min": [1.64974284234e-11, 1.07419206863e-09, 7.11485181881e-09, 2.5051980046e-08, 4.00351609642e-07, 9.5399343536e-08, 2.38354459725e-07, 3.05781888699e-08, 5.63227899875e-08, 2.48348101195e-07, 1.90241593145e-07, 2.83995660766e-07, 1.44040967598e-07, 4.36557421324e-08, 7.37713037324e-08, 7.32505256451e-08, 4.14145908678e-08, 1.6370506728e-08, 3.92843020336e-08, 3.75336739467e-08, 6.49649720685e-08, 8.11151323887e-09, 1.7118861706e-07, 1.58958670227e-07, 1.32150418608e-07, 1.33524888923e-08, 8.40638669786e-10], "dvar2": [2.14811368693e-08, 0.000225214840611, 0.000352447386831, 0.000372344977222, 4.66894416604e-05, 5.85445013712e-06, 5.33107640877e-06, 2.36625851358e-06, 5.77157743464e-06, 5.80159758101e-06, 1.89152615349e-05, 1.61507960001e-05, 2.34138178712e-06, 4.47655065727e-06, 2.8690601539e-06, 8.57190514125e-07, 7.13195220214e-07, 4.15664032971e-07, 1.78362014935e-07, 6.24806162364e-08, 5.03842336741e-08, 8.9716216678e-08, 1.00466081676e-07, 9.69599227574e-08, 7.69831700609e-08, 1.71679399585e-08, 1.30896765649e-10], "dvar": [9.56764090176e-09, 9.31586764636e-05, 0.000122562778415, 0.000159401388373, 1.82595940714e-05, 2.50496100307e-06, 2.29617171499e-06, 1.14995737022e-06, 2.29739794122e-06, 2.52016343438e-06, 9.11451206775e-06, 6.92288085702e-06, 1.00233921785e-06, 1.75975753791e-06, 1.32542368192e-06, 3.74784832502e-07, 2.87024306544e-07, 1.83561922995e-07, 7.84591378533e-08, 2.75364016034e-08, 2.07896260207e-08, 3.81266964666e-08, 4.32247979631e-08, 4.68329766079e-08, 4.13756424678e-08, 8.26370438745e-09, 5.09829574391e-11], "dmean": [5.79839397687e-05, 0.00473660463467, 0.00435084570199, 0.00533791817725, 0.002579490887, 0.000798214576207, 0.000540740322322, 0.000346874061506, 0.000584386580158, 0.000615781638771, 0.00101171212737, 0.000797241984401, 0.000377916934667, 0.000433890469139, 0.000429480016464, 0.0002786127734, 0.000243054659222, 0.000199356392841, 0.000143860350363, 8.35928221932e-05, 6.1179693148e-05, 8.31972502056e-05, 0.000100118602859, 0.000110563873022, 7.71561826696e-05, 4.18143208663e-05, 1.68384974586e-06], "max": [0.00122872041538, 0.0826867073774, 0.0933645069599, 0.139325991273, 0.0457884781063, 0.029156928882, 0.0284524187446, 0.0342934057117, 0.0297113303095, 0.0359004065394, 0.100467026234, 0.073790512979, 0.0259446203709, 0.0318957827985, 0.0356858186424, 0.0200383849442, 0.0163619033992, 0.0089343721047, 0.00508129037917, 0.00293070287444, 0.00261650024913, 0.0052446317859, 0.00549253216013, 0.00551258772612, 0.00752458814532, 0.00171422120184, 0.000267485738732], "var": [1.65316915712e-08, 9.90310654743e-05, 7.80890695751e-05, 0.000158026741701, 2.14733445318e-05, 5.90211675444e-06, 5.42635780221e-06, 3.96342829845e-06, 3.01662248603e-06, 3.47186778527e-06, 2.28273929679e-05, 9.55336236075e-06, 2.01985108106e-06, 3.05139565171e-06, 3.21432980854e-06, 6.3036929987e-07, 4.09409892654e-07, 3.2110955317e-07, 1.40343061616e-07, 5.11879711951e-08, 2.60269796826e-08, 5.48825020985e-08, 7.53540305709e-08, 9.80868080092e-08, 8.89122659942e-08, 1.74506737949e-08, 5.51124805515e-11], "mean": [8.45239483169e-05, 0.00596939586103, 0.00443070661277, 0.00580714968964, 0.00387700367719, 0.00134009006433, 0.000878829974681, 0.000589772243984, 0.000776282104198, 0.0007