{"tonal": {"thpcp": [1, 0.782206773758, 0.417551696301, 0.254534095526, 0.195251315832, 0.219886019826, 0.293991208076, 0.327851057053, 0.434357941151, 0.621770739555, 0.555386424065, 0.452402591705, 0.445511937141, 0.345144450665, 0.329012870789, 0.431484699249, 0.700011730194, 0.845044255257, 0.482955783606, 0.210600718856, 0.42702537775, 0.78635007143, 0.683044016361, 0.346991270781, 0.245112285018, 0.208383232355, 0.230641201138, 0.278126507998, 0.376705795527, 0.499680489302, 0.538160681725, 0.452166974545, 0.347230523825, 0.354562550783, 0.55509096384, 0.83985632658], "hpcp": {"dmean2": [0.257735311985, 0.262515425682, 0.231936708093, 0.209292992949, 0.214995443821, 0.297180235386, 0.3348557055, 0.360278755426, 0.325407296419, 0.244499266148, 0.169773668051, 0.129437759519, 0.132112592459, 0.153369665146, 0.169000267982, 0.199702218175, 0.241513669491, 0.247015610337, 0.275719732046, 0.30461743474, 0.211841449142, 0.18423885107, 0.225743964314, 0.299617290497, 0.371888041496, 0.242554843426, 0.15282279253, 0.197960287333, 0.256533622742, 0.242517888546, 0.209190934896, 0.174843490124, 0.152023926377, 0.161368459463, 0.184164792299, 0.23008929193], "median": [0.0326529145241, 0.0387356728315, 0.0308505892754, 0.0227204449475, 0.0242984183133, 0.0327756926417, 0.0735553354025, 0.0956351906061, 0.0615048483014, 0.0245706606656, 0.0111559964716, 0.00977638736367, 0.0149105750024, 0.0218318551779, 0.0243672821671, 0.0340946763754, 0.0431511700153, 0.0446559786797, 0.0335271060467, 0.0224827397615, 0.0156348459423, 0.0156737118959, 0.0191023722291, 0.0414329841733, 0.0263133253902, 0.0175934489816, 0.0107047967613, 0.0408830158412, 0.0723797231913, 0.0582936629653, 0.0231703594327, 0.0106383925304, 0.00966570153832, 0.0102984569967, 0.0143277514726, 0.0214980505407], "min": [0, 0, 0, 0, 0, 0, 0, 0, 0, 0, 0, 0, 0, 0, 0, 0, 0, 0, 0, 0, 0, 0, 0, 0, 0, 0, 0, 0, 0, 0, 0, 0, 0, 0, 0, 0], "dvar2": [0.143953427672, 0.14484423399, 0.126251041889, 0.118233606219, 0.116813264787, 0.166261479259, 0.15733037889, 0.168715417385, 0.154306024313, 0.134305074811, 0.0998118966818, 0.0688957050443, 0.0626817271113, 0.0694288387895, 0.0745840445161, 0.0930029675364, 0.112265050411, 0.116715557873, 0.170107528567, 0.219792351127, 0.126440256834, 0.101341463625, 0.138186663389, 0.134563878179, 0.213470056653, 0.111027412117, 0.0893468186259, 0.0895070508122, 0.107994653285, 0.103575468063, 0.111388444901, 0.109279923141, 0.0973163768649, 0.104906238616, 0.120213121176, 0.135209858418], "dvar": [0.0566140189767, 0.0545270368457, 0.04785675928, 0.0428491309285, 0.0426514595747, 0.0640143081546, 0.0671811625361, 0.0663355588913, 0.0605736747384, 0.0513813458383, 0.0367215275764, 0.0253086537123, 0.022881673649, 0.0261338315904, 0.0282787010074, 0.0357514061034, 0.0460642501712, 0.0433054827154, 0.0609684251249, 0.0801290422678, 0.0498910211027, 0.038996450603, 0.0532986298203, 0.0577006228268, 0.107479929924, 0.0457655079663, 0.0306414980441, 0.0327580533922, 0.0452569127083, 0.0414231494069, 0.0408348329365, 0.0383187793195, 0.0340039841831, 0.0365947186947, 0.0423755608499, 0.0507122576237], "dmean": [0.14505083859, 0.148031890392, 0.130022183061, 0.115863539279, 0.118658013642, 0.167102098465, 0.193812355399, 0.206649556756, 0.185802549124, 0.137377768755, 0.0923760011792, 0.0705136209726, 0.0731526985765, 0.0869599580765, 0.095879547298, 0.114515654743, 0.139757990837, 0.139983892441, 0.152093201876, 0.165727734566, 0.11824759841, 0.104505926371, 0.126285389066, 0.163573041558, 0.196420371532, 0.127551913261, 0.0815142020583, 0.112048722804, 0.15145163238, 0.144674271345, 0.115835420787, 0.0933930948377, 0.0803120061755, 0.0859481841326, 0.0991211906075, 0.126836314797], "max": [1, 1, 1, 1, 1, 1, 1, 1, 1, 1, 1, 1, 1, 1, 1, 1, 1, 1, 1, 1, 1, 1, 1, 1, 1, 1, 1, 1, 1, 1, 1, 1, 1, 1, 1, 1], "var": [0.0580273382366, 0.0592294409871, 0.0487753339112, 0.0346579700708, 0.0340179912746, 0.0653015300632, 0.0968224778771, 0.112487897277, 0.0847859680653, 0.045003246516, 0.0269959364086, 0.0185837130994, 0.0175354331732, 0.0251832008362, 0.0280229952186, 0.0399697460234, 0.0701074302197, 0.0526783876121, 0.0474864058197, 0.0587503425777, 0.041636288166, 0.0356274396181, 0.0559294633567, 0.0694914311171, 0.137986347079, 0.0448558293283, 0.019848652184, 0.0312550924718, 0.0853910446167, 0.0679071843624, 0.0320008061826, 0.0256648231298, 0.0220030639321, 0.0251098237932, 0.0314067788422, 0.041903462261], "mean": [0.136230066419, 0.146721094847, 0.123276248574, 0.0946669727564, 0.0966659337282, 0.151336863637, 0.228973686695, 0.272634357214, 0.213256433606, 0.113838940859, 0.0693947374821, 0.0532322153449, 0.0599484853446, 0.0801521018147, 0.0893834605813, 0.118420898914, 0.169516071677, 0.151417419314, 0.12334048748, 0.121461860836, 0.0940982326865, 0.0897002145648, 0.117637552321, 0.190847247839, 0.230388090014, 0.131670340896, 0.0574169903994, 0.116421788931, 0.214386045933, 0.186221271753, 0.0946017429233, 0.066826030612, 0.056812427938, 0.0628807172179, 0.0758268386126, 0.102702945471]}, "tuning_equal_tempered_deviation": 0.31447070837, "chords_changes_rate": 0.0708220750093, "key_key": "E", "tuning_diatonic_strength": 0.510376632214, "key_scale": "major", "chords_number_rate": 0.00173678121064, "tuning_frequency": 434.193115234, "tuning_nontempered_energy_ratio": 0.927729010582, "chords_histogram": [7.12080287933, 0.30876109004, 4.36125040054, 0, 0.0771902725101, 0.30876109004, 0.038595136255, 0.038595136255, 0, 0.192975685, 0.038595136255, 0.13508297503, 0.443844079971, 10.2663068771, 1.44731760025, 0.79120028019, 0.0192975681275, 5.67348527908, 0.521034359932, 47.3562316895, 11.9065999985, 2.39289855957, 6.15592432022, 0.405248939991], "key_strength": 0.524272441864, "chords_key": "B", "chords_strength": {"dmean2": 0.013464753516, "median": 0.514936208725, "min": 0.230573371053, "dvar2": 0.000158175564138, "dvar": 0.000110217675683, "dmean": 0.0115394582972, "max": 0.845679700375, "var": 0.0179832521826, "mean": 0.531289458275}, "chords_scale": "minor", "hpcp_entropy": {"dmean2": 1.21805489063, "median": 2.10175085068, "min": 0, "dvar2": 0.902393698692, "dvar": 0.314660876989, "dmean": 0.704784810543, "max": 4.57672166824, "var": 0.589296340942, "mean": 2.12384605408}}, "metadata": {"audio_properties": {"equal_loudness": 0, "codec": "mp3", "downmix": "mix", "sample_rate": 44100, "analysis_sample_rate": 44100, "bit_rate": 320035, "md5_encoded": "d7846124b776f59bfe26889d84d7a851", "length": 240.561630249, "replay_gain": -12.1040401459, "lossless": false}, "version": {"essentia_build_sha": "cead25079874084f62182a551b7393616cd33d87", "essentia": "2.1-beta2", "extractor": "music 1.0", "essentia_git_sha": "v2.1_beta2-1-ge3940c0"}, "tags": {"title": ["Nothing Better"], "language": ["eng"], "media": ["Digital Media"], "albumartist": ["Various Artists"], "musicbrainz_recordingid": ["1b8d1f3a-6101-4722-9bf6-9e1755b6bec5"], "musicbrainz_albumartistid": ["89ad4ac3-39f7-470e-963a-56509c546377"], "acoustid_fingerprint": ["AQADtKmSZIsu9DAjHuGLF0dI7UNjH8-hqTnCfHgsvMdP9HDFFL5RPGg4Hj2DL8glvNB-ofnRRkzhdfiDXjnuDM-PnjCXKB2O2sXR6C4qHv2E5sIv3NOI69BzNM9ROfh2_FPRaP1RWaegZ0FPNE-PKzvK5YJ3iGcO5zhyKk_gG_l8-Ecf6FtY4MooIcyPfifyo9BxFveR47ho4Ie1Iedg6bgJH_2FEz38Q88B_zgOHxDw43Cgwz_yAO4d48ihH_l2nISpH6WEf0V3-LhynES-Q8-Lhhee40OTJsT34eLRH30NP0V19DfETxv84kVzVE2EJi6-DA1H5Onx8MaHjzR89EQ7hHmPniv8QSfuMEWnFUcPxzuOHk_RcEYfov8gxpHwHO-K7ujRcOHw4VN49EGeD37QM0WP5lmMdjnSF19w6Cm-Gk0c_CqqHXZwM_jRFz20cCHuoeHC44fVyYJj9Beah2i5Qzsh8vBf_PB55Gic0PiCMC9aQruJO8PHo5GV5LiNnnAWJStO-Efj8MfFHP4-PB2D5ikqog8Nox9yHM_xHdV65D_EP0LoE0fto3mOy_BsfEquIoeWZ0ePN2hIojf65XgTPIfPQps4FT3hT_iKvET4o0-J5sSHamMOP8oNRwtL-OHxsIi3HM0nCyUzpKdI-PCOF3o-NPFxnUHz4oLfw1QW_PDToz_6wnFW6McP7XiKhgu0M8Mb5WiV_PjRxHhY9Ajz8PhyhOGK5_DxDE-Eajzkd6hK-MV15OiDPjXC5MxxoXkP4ZqQ9-jRVDnCE8_RxEUe-M5hEr3R54JvnDh75MUPMT9hmUblHu0JOyGOF8eHhmyhi0Tlwjv8OngooXkMrTuazcdRqfAPXcSFPkeYl0JPNE_WIzzxFX6gJyfeHHkz40fD5-jz40lx5FKg5fyGHnnR5_jgmOgYPkaoHQ2K5nWQH31e-IrxBX3QD82VDslH5Ce8B5fxK3hWXCfaBd6FUw9yojyS82hiEsXn4maGwnnQzVeQTB-RfjmO9NAtxFyUFQ-OO0N_IVfGQR9CFo1TnBaeJ6j0ZDCX6DiuI_egi8j74IU9H8f54-RWpCpuQn_wC_mOHH7RD3p34pUmNBf6Fl_YDBeao8-ghwn6Ck3S7HiO40NzomeOH_0h6scjBj-O40GqqUef_cCH5kzRa_hxoz_O49ZxXMJ_-DxuXEJ_PD9-PMePnEey__CFKxmc9AnK47nwBj8a7UL1qcibI9mF5jl-PMd1PF4On5JwHBd1NF9yPMdPVLsRntAS07iOfM2D5kSf4w_y4ZGKWFmO5onQBzk-aFSChssFHX_wF5f4GKGi7ThzpBc0KxzCG748XMojONvR40dzqUKFH6VEIw-RXAuekQnO437wNMevoUuOykeY9Rke0dDXGD5-PMlxNi-uPPiLh5SgRQln9Ed-5NLxn9C5kHhOeA9y5vjGDLkFuUeYKFGiGOWJ8_jhS8GNZznyJ4Kmk4F15Qif4z6ePUV5NMcPS9nxBD9OhYe_HLfw57CS48er4xbyQgtK0jEe6dDF8NBO4UeoxMe30mgmqsRzo6k6BU86I96O5DKL_rBD-N_gXKiyPcgJvTnwUBnUJnOCvB9-NBd6sTnyHSoQPjOax1JwXQj0I71VfE1wHD7yJR_07EWYR0eV0sng4TsuLU6ERx4SLs-R38J__BWaiiWq_OiLZkEyMkf6wC_C78GbVBKePwqeR4K419CRP7jETXgSLo1QXYJPlM9xKkZMQmFSHfzx4A-y5omIZnxK9A966fCV1GiSfgmuhBd-HM2V5FFQysfDYwzzFDeaHCGZQ1ce5LqO5sTh8Qr6IA-H60S5BJeFUI6EHo2kZvh1_Dh6wz3CI_nRrOhx_MLvoMm1DaEyHslvHPfR80iWHfno4ziaBP3Rb0dTxgvOI7mRLw8u9ETTM8O1HMeXwF6I5CmNmB-6MMvhGw_SUtB3xJLxE_9SNDfyPSn0CDkc5fjT4MyPJ8HIG9nJHTqmLleKZrqMvVmwbyd6Y0qso0pzSPqFUkmiDJEaeDce-A9qHVeOOEdSMTpeHf_RH8eDhDtCbcyOJ8N_4B-eBMoTHvxenJdQ5uiP2mHQhNEP8ngQfUfCaMeVoPnR9cap5AmeUULjE-UnJM8fxHmKyiSa87iUB-eRLE9OhMxo_OjRIz905kFIPNnxGf6VoBTVHG-W4egvnIi_QMtT5DiPT3Hx40CYmNBwES_xQ5QW4g_iHy18Hf1ltEOz8ciTQaeF-kMumO9QMjyeHid1tEuUIcyz4YeOMPrR70KvEs3mHC8qI-Vu6EWoY9cRZo2OlodcZkBOC81zFGHkDNpL4cnR_Ah7Fp-UMMh7_IHHDPop7EaOPodDodbRGc1FBV_KFGEeouehHzkeIQx19Av04TnC6Ogx7inyHd4m6Moa_Ef44z88qeiTFTmPdgnhr1DoI4d_9LXxGtaNHzkPrfpxUUOYh0d-XMsFLSTKJwJiBLfYCE-kEggAypGDwoBGCLBIGQQEIAoWgywgCghgCAJAKAIAQBIJBIQEyDggkDIKCIEUIEAxwhRjRlnAEFQKGKWMIohQcYS0ShkGFCHOEGoMcJAhx4RQxlDBjFGCKAEQUQAIZZBgggFBgCACAdCAJUoIoRizzAEgkAFCAACMRUYIoZwVggngmABACAGsE0YZAIABAjGLIBAICEMAEJ4Kh4wQBAhiFAAEAQIAYQARB6gBBBigABDOAAKEAAAAxxBwQgClCCWACSQgAQgtIZgRzDABlDFMKUaNAQZRAQBTQCCAmCJKKQWAMMoZoRgDQjBupTUKCKSUCYgpRAABQjiEBEAAQAEEIBIrAKQEzAIACBaKMCGJYEBAJgAgCgFGFRCAAiQIsxBIBJQTCDiAYHHSCMOQB8AxoJBDSlBAACBAGAgERIIKkIAQzgpEiHGIUTGEAAoAA5FBjhnAEABEMMCQAIAyo5SRQgFiECKOAMGIckYIYJAiAEggkAgFAuAQEwAjJQAQFAgkCNXmAqAUY4AoQogmxBhJgpBCIQacEBQQgRQyQDSkBBBQCCoEMkoJgAQwwgkJhBFKKAQQIcIZoAQjwhCvCLOgOESAgMQBaAVAXBJCjAJUGKWAAlQoIYkQ0ABjIAUAQIGIMgxAMJUQgAEABHFCCUGBAAgYBAEXAAAiCADGCQIcYIQiJEAVgAgjlBBAEA8BEIQYjoQwRgBhBFVIMQEEYEosoID3kAkDDAKGUUGQIoAApQxgAhPCmVHAPQABAkcaQhAziChABAJAGQMAMEQQ5wAAggGAFGDICGKAUE49AhACkEEhACAGKQAEgEICoJgBBBIHACACMKAAIESY8QwhjAAghFAEMKBBY8RwJhREFAFEkDBGISaAUIAYAywCggCgiAGMKGMQIIARYAABElAhkBIICQIEQUpISjQz0gSlCBFGMAMAEAoYBxRgxCGlkAAASAKUAA"], "discnumber": ["01/01"], "originalartist": ["Various Artists"], "album": ["Pacha: Pure Dance"], "catalognumber": ["NEWBD9083"], "musicbrainz album release country": ["GB"], "musicbrainz album type": ["Album", "Compilation"], "musicbrainz album status": ["Official"], "file_name": "06 Nothing Better.mp3", "originaldate": ["2010"], "albumartistsort": ["Various Artists"], "date": ["2010"], "genre": ["House"], "musicbrainz_releasegroupid": ["b01c35c7-d49c-4c76-b8de-89433fe36b3b"], "musicbrainz_artistid": ["57093e0b-a916-4f1a-9127-187ee604e564", "9e983d4f-9436-44f4-a936-ef76396cb73a", "751592a8-d820-4ec6-acfb-f8a4c69e7a15"], "asin": ["B00437SBN4"], "musicbrainz_albumid": ["e91b7d2a-dfce-4c54-accf-bfe770ea120c"], "originalalbum": ["Pacha: Pure Dance"], "tracknumber": ["06/55"], "artistsort": ["Thoneick, Eddie & Morillo, Erick"], "artist": ["Eddie Thoneick and Erick Morillo Feat. Sh\u00e8na"], "label": ["New State Music"], "isrc": ["USSU21021601"], "acoustid_id": ["a074b0a5-7ec7-4e8b-a7bf-2f969b3a55cf"], "script": ["Latn", "Latin"]}}, "rhythm": {"bpm_histogram_first_peak_bpm": {"dmean2": 0, "median": 129, "min": 129, "dvar2": 0, "dvar": 0, "dmean": 0, "max": 129, "var": 0, "mean": 129}, "bpm": 128.149551392, "bpm_histogram_second_peak_spread": {"dmean2": 0, "median": 0.435897469521, "min": 0.435897469521, "dvar2": 0, "dvar": 0, "dmean": 0, "max": 0.435897469521, "var": 0, "mean": 0.435897469521}, "bpm_histogram_first_peak_weight": {"dmean2": 0, "median": 0.542145609856, "min": 0.542145609856, "dvar2": 0, "dvar": 0, "dmean": 0, "max": 0.542145609856, "var": 0, "mean": 0.542145609856}, "onset_rate": 4.60965585709, "beats_position": [0.429569154978, 0.905578196049, 1.369977355, 1.83437633514, 2.31038546562, 2.77478456497, 3.25079369545, 3.7151927948, 4.17959165573, 4.6439909935, 5.11999988556, 5.59600877762, 6.06040811539, 6.52480697632, 6.98920631409, 7.45360517502, 7.92961454391, 8.39401340485, 8.85841274261, 9.33442115784, 9.81043052673, 10.2748298645, 10.7508392334, 11.2152376175, 11.6796369553, 12.144036293, 12.6200447083, 13.084444046, 13.5488433838, 14.0132427216, 14.4776411057, 14.9536504745, 15.4180498123, 15.8940582275, 16.3700675964, 16.8344669342, 17.298866272, 17.7632656097, 18.2392749786, 18.7152824402, 19.179681778, 19.6440811157, 20.1084804535, 20.5728797913, 21.0488891602, 21.5248966217, 21.9892959595, 22.4536952972, 22.918094635, 23.3941040039, 23.8701133728, 24.3345127106, 24.7989120483, 25.2633094788, 25.7277088165, 26.2037181854, 26.6797275543, 27.1441268921, 27.6085262299, 28.0729255676, 28.537322998, 29.0133323669, 29.4893417358, 29.9537410736, 30.4181404114, 30.8825397491, 31.3469390869, 31.8229465485, 32.2989578247, 32.7633552551, 33.2277526855, 33.6921539307, 34.1681632996, 34.6441726685, 35.1085700989, 35.572971344, 36.0373687744, 36.5133781433, 36.9893875122, 37.4537849426, 37.9181861877, 38.3825836182, 38.8469848633, 39.3229942322, 39.7989997864, 40.2634010315, 40.7277984619, 41.192199707, 41.6565971375, 42.1326065063, 42.6086158752, 43.0730133057, 43.5374145508, 44.0018119812, 44.4778213501, 44.953830719, 45.4182319641, 45.8826293945, 46.347026825, 46.8230361938, 47.2990455627, 47.7634468079, 48.2278442383, 48.6922454834, 49.1682548523, 49.6326522827, 50.1086616516, 50.573059082, 51.0374603271, 51.5018577576, 51.9778671265, 52.4538764954, 52.9182739258, 53.3826751709, 53.8470726013, 54.3114738464, 54.7874832153, 55.2634925842, 55.7278900146, 56.1922874451, 56.6566886902, 57.1326980591, 57.608707428, 58.0731048584, 58.5375061035, 59.0019035339, 59.4663009644, 59.9307022095, 60.3950996399, 60.8711090088, 61.3471183777, 61.8115196228, 62.2875289917, 62.7635345459, 63.227935791, 63.6923332214, 64.1567306519, 64.621131897, 65.0971450806, 65.5731506348, 66.0375518799, 66.5019454956, 66.9663467407, 67.4307479858, 67.90675354, 68.3827667236, 68.8471679688, 69.3115615845, 69.7875747681, 70.2519683838, 70.7163696289, 71.1691589355, 71.6335601807, 72.0979614258, 72.5623550415, 73.0383682251, 73.5027618408, 73.9787750244, 74.5128326416, 75.0468902588, 75.580947876, 76.1150131226, 76.6490707397, 77.1831283569, 77.7287979126, 78.2744674683, 78.7620849609, 79.2380905151, 79.7257156372, 80.2017211914, 80.6661224365, 81.1305236816, 81.6065292358, 82.0593185425, 82.5237197876, 82.9765090942, 83.3596343994, 83.742767334, 84.1258926392, 84.5090255737, 84.8921508789, 85.263671875, 85.6468048096, 86.0299301147, 86.4246673584, 86.7961883545, 87.1677093506, 87.5508346558, 87.8991394043, 88.2590484619, 88.6189575195, 88.9788665771, 89.3271636963, 89.6870727539, 90.0469818115, 90.4068908691, 90.7784118652, 91.1499328613, 91.521446228, 91.8929672241, 92.2761001587, 92.6476211548, 93.0191345215, 93.4022674561, 93.7853927612, 94.1569137573, 94.5284347534, 94.9115600586, 95.2830810547, 95.6546020508, 96.037727356, 96.4092483521, 96.7691574097, 97.1290664673, 97.5005874634, 97.8721084595, 98.2436294556, 98.6151428223, 98.9982757568, 99.381401062, 99.7645339966, 100.136054993, 100.49596405, 100.867477417, 101.250610352, 101.633743286, 102.005256653, 102.376777649, 102.759910583, 103.143035889, 103.526168823, 103.909294128, 104.396911621, 104.896141052, 105.383758545, 105.859771729, 106.324172974, 106.788566589, 107.264579773, 107.740585327, 108.204986572, 108.669387817, 109.133781433, 109.598182678, 110.074195862, 110.550201416, 111.014602661, 111.479003906, 111.943397522, 112.419410706, 112.89541626, 113.359817505, 113.82421875, 114.288612366, 114.764625549, 115.229019165, 115.705032349, 116.169433594, 116.633827209, 117.098228455, 117.5626297, 118.038635254, 118.514648438, 118.979042053, 119.443443298, 119.907844543, 120.372245789, 120.836639404, 121.312652588, 121.788658142, 122.253059387, 122.729064941, 123.205078125, 123.66947937, 124.133872986, 124.598274231, 125.062675476, 125.53868103, 126.014694214, 126.47908783, 126.943489075, 127.40789032, 127.872291565, 128.336685181, 128.812698364, 129.288711548, 129.753097534, 130.217498779, 130.681900024, 131.157913208, 131.633926392, 132.098312378, 132.562713623, 133.027114868, 133.503128052, 133.979141235, 134.44354248, 134.907928467, 135.38394165, 135.848342896, 136.324356079, 136.788757324, 137.253143311, 137.717544556, 138.193557739, 138.669570923, 139.133972168, 139.598358154, 140.074371338, 140.538772583, 141.014785767, 141.479187012, 141.943572998, 142.407974243, 142.895599365, 143.371612549, 143.847610474, 144.323623657, 144.799636841, 145.275650024, 145.751647949, 146.216049194, 146.692062378, 147.168075562, 147.632461548, 148.096862793, 148.561264038, 149.014053345, 149.466842651, 149.919631958, 150.372421265, 150.83682251, 151.301223755, 151.777236938, 152.253234863, 152.717636108, 153.182037354, 153.646438599, 154.122451782, 154.598449707, 155.062850952, 155.527252197, 155.991653442, 156.456054688, 156.932067871, 157.408065796, 157.872467041, 158.336868286, 158.801269531, 159.265670776, 159.741668701, 160.217681885, 160.68208313, 161.146484375, 161.61088562, 162.075286865, 162.55128479, 163.027297974, 163.491699219, 163.956100464, 164.420501709, 164.896499634, 165.372512817, 165.836914062, 166.301315308, 166.765716553, 167.241714478, 167.717727661, 168.182128906, 168.646530151, 169.110931396, 169.575332642, 170.051330566, 170.52734375, 170.991744995, 171.45614624, 171.920547485, 172.384933472, 172.860946655, 173.336959839, 173.801361084, 174.265762329, 174.730148315, 175.194549561, 175.658950806, 176.134963989, 176.610977173, 177.075378418, 177.539764404, 178.015777588, 178.491790771, 178.956192017, 179.420593262, 179.896591187, 180.360992432, 180.825393677, 181.30140686, 181.765808105, 182.230194092, 182.694595337, 183.170608521, 183.646621704, 184.111022949, 184.575408936, 185.039810181, 185.504211426, 185.980224609, 186.456237793, 186.920639038, 187.385025024, 187.84942627, 188.313827515, 188.789840698, 189.265853882, 189.730239868, 190.194641113, 190.659042358, 191.135055542, 191.611068726, 192.075454712, 192.539855957, 193.004257202, 193.480270386, 193.956283569, 194.420669556, 194.885070801, 195.349472046, 195.813873291, 196.278274536, 196.75428772, 197.230285645, 197.69468689, 198.159088135, 198.62348938, 199.099502563, 199.575500488, 200.039901733, 200.504302979, 200.968704224, 201.433105469, 201.909118652, 202.385116577, 202.849517822, 203.313919067, 203.778320312, 204.254333496, 204.730331421, 205.194732666, 205.659133911, 206.123535156, 206.59954834, 207.075546265, 207.53994751, 208.004348755, 208.480361938, 208.956375122, 209.420761108, 209.885162354, 210.349563599, 210.813964844, 211.278366089, 211.742767334, 212.218765259, 212.694778442, 213.159179688, 213.623580933, 214.087982178, 214.563980103, 215.039993286, 215.504394531, 215.968795776, 216.433197021, 216.897598267, 217.38520813, 217.849609375, 218.31401062, 218.778411865, 219.24281311, 219.718811035, 220.194824219, 220.659225464, 221.123626709, 221.588027954, 222.064025879, 222.528427124, 223.004440308, 223.468841553, 223.933242798, 224.397644043, 224.873641968, 225.338043213, 225.814056396, 226.278457642, 226.742858887, 227.207244873, 227.683258057, 228.15927124, 228.623672485, 229.08807373, 229.552474976, 230.016860962, 230.504486084, 230.968887329, 231.433288574, 231.897689819, 232.362075806, 232.838088989, 233.314102173, 233.778503418, 234.242904663, 234.707290649, 235.183303833, 235.647705078, 236.123718262, 236.588119507, 237.052505493, 237.516906738, 238.00453186, 238.468933105, 238.933334351, 239.397735596, 239.862121582, 240.314910889], "beats_loudness": {"dmean2": 0.0423827692866, "median": 0.0645907744765, "min": 0.000214597341255, "dvar2": 0.00297176092863, "dvar": 0.00109858938958, "dmean": 0.0238853804767, "max": 0.259412229061, "var": 0.00563006242737, "mean": 0.0936555191875}, "danceability": 1.42360496521, "bpm_histogram_second_peak_weight": {"dmean2": 0, "median": 0.0421455949545, "min": 0.0421455949545, "dvar2": 0, "dvar": 0, "dmean": 0, "max": 0.0421455949545, "var": 0, "mean": 0.0421455949545}, "beats_count": 523, "bpm_histogram_second_peak_bpm": {"dmean2": 0, "median": 157, "min": 157, "dvar2": 0, "dvar": 0, "dmean": 0, "max": 157, "var": 0, "mean": 157}, "bpm_histogram_first_peak_spread": {"dmean2": 0, "median": 0.369710445404, "min": 0.369710445404, "dvar2": 0, "dvar": 0, "dmean": 0, "max": 0.369710445404, "var": 0, "mean": 0.369710445404}, "beats_loudness_band_ratio": {"dmean2": [0.17913621664, 0.172539278865, 0.118842490017, 0.10205578059, 0.103653497994, 0.0635408088565], "median": [0.821389496326, 0.0429730899632, 0.0212264079601, 0.0257750619203, 0.0204823687673, 0.0181523282081], "min": [3.63497247236e-06, 0.00013426222722, 8.25036040624e-05, 7.23592675058e-05, 5.35247818334e-05, 0.000174111133674], "dvar2": [0.0578008145094, 0.0576476752758, 0.0452276542783, 0.0261147394776, 0.0399822406471, 0.0113106062636], "dvar": [0.0233935266733, 0.0194487087429, 0.015985429287, 0.010872204788, 0.014502405189, 0.00401005102322], "dmean": [0.100475743413, 0.0947119742632, 0.0663542896509, 0.0606866702437, 0.0589966364205, 0.0362547710538], "max": [0.999175310135, 0.918702185154, 0.892364621162, 0.900120139122, 0.850219249725, 0.70777964592], "var": [0.154252886772, 0.027610681951, 0.0210488084704, 0.0203674100339, 0.0165420249104, 0.00855898112059], "mean": [0.591397047043, 0.119617216289, 0.0835379436612, 0.0894856601954, 0.068721614778, 0.0598918534815]}}, "lowlevel": {"barkbands_spread": {"dmean2": 12.6333875656, "median": 19.8635902405, "min": 0.170706942677, "dvar2": 266.715759277, "dvar": 115.37286377, "dmean": 8.0299243927, "max": 131.836044312, "var": 236.099960327, "mean": 22.2740058899}, "melbands_spread": {"dmean2": 12.5960187912, "median": 15.95570755, "min": 0.108675032854, "dvar2": 290.256408691, "dvar": 126.661987305, "dmean": 8.09133815765, "max": 209.099472046, "var": 355.815155029, "mean": 21.491027832}, "hfc": {"dmean2": 19.7528800964, "median": 23.6696929932, "min": 1.16236465232e-16, "dvar2": 969.451538086, "dvar": 394.378326416, "dmean": 12.4476928711, "max": 229.018585205, "var": 556.906555176, "mean": 29.181055069}, "barkbands_kurtosis": {"dmean2": 17.8053779602, "median": 3.41457700729, "min": -1.95868468285, "dvar2": 3195.58764648, "dvar": 1611.98937988, "dmean": 11.5287361145, "max": 1747.95947266, "var": 4079.50830078, "mean": 18.7892532349}, "gfcc": {"mean": [20.9135951996, 57.6071205139, -109.324768066, 29.3591938019, -63.3349571228, 19.9100093842, -40.17603302, 7.93167257309, -22.2754077911, 6.79660129547, -19.4094524384, 5.53342723846, -7.98630142212], "icov": [[0.000332942203386, -0.000160748095368, 0.000197505461983, -0.000345006177668, 0.000161507996381, -0.000586169597227, 0.000338850339176, -0.000470102822874, 0.000615082099102, -0.000555561855435, 0.000715754926205, -0.000651340349577, 0.000575366138946], [-0.000160748095368, 0.00129262602422, -0.000716958136763, 0.000300170882838, -0.000660997699015, 0.000995149719529, -0.000687838357408, 0.00132352102082, -0.00120157946367, 0.00151859177276, -0.00136107008439, 0.0020957426168, -0.000699089607224], [0.000197505461983, -0.000716958136763, 0.00159781624097, -0.00126519030891, -7.3779374361e-05, -0.00065771152731, 0.000703912635799, -0.00167821918149, 0.00175008864608, -0.00188466825057, 0.00103195209522, -0.0013212680351, 0.00156946154311], [-0.000345006177668, 0.000300170882838, -0.00126519030891, 0.00379940681159, -0.00183747720439, 0.000461517251097, -0.000705424346961, 0.0015895901015, -0.00186249148101, 0.00147851975635, -0.00147513463162, 0.00135080865584, -0.00145744427573], [0.000161507996381, -0.000660997699015, -7.3779374361e-05, -0.00183747720439, 0.00560166779906, -0.00185865117237, -0.000391898036469, -0.00184881419409, -0.000485317257699, -0.00113265065011, 0.00133028195705, -0.0014806590043, 0.000175206980202], [-0.000586169597227, 0.000995149719529, -0.00065771152731, 0.000461517251097, -0.00185865117237, 0.00729843229055, -0.004120728001, 0.0016151657328, -0.00089023692999, 0.000781367940363, -0.0017464539269, 0.00313161732629, -0.00184603477828], [0.000338850339176, -0.000687838357408, 0.000703912635799, -0.000705424346961, -0.000391898036469, -0.004120728001, 0.00797303300351, -0.00267192395404, 0.00110846746247, -0.00173901452217, 0.000470005150419, -0.00135405501351, -0.000282005115878], [-0.000470102822874, 0.00132352102082, -0.00167821918149, 0.0015895901015, -0.00184881419409, 0.0016151657328, -0.00267192395404, 0.00991935096681, -0.00361674907617, 0.000639347243123, -0.00209372630343, 0.00212618219666, -0.000790966500062], [0.000615082099102, -0.00120157946367, 0.00175008864608, -0.00186249148101, -0.000485317257699, -0.00089023692999, 0.00110846746247, -0.00361674907617, 0.00982641242445, -0.00348199694417, 0.000526215066202, -0.00159025972243, -0.000965817074757], [-0.000555561855435, 0.00151859177276, -0.00188466825057, 0.00147851975635, -0.00113265065011, 0.000781367940363, -0.00173901452217, 0.000639347243123, -0.00348199694417, 0.0128704393283, -0.0030528891366, 0.000544954789802, -0.00108569476288], [0.000715754926205, -0.00136107008439, 0.00103195209522, -0.00147513463162, 0.00133028195705, -0.0017464539269, 0.000470005150419, -0.00209372630343, 0.000526215066202, -0.0030528891366, 0.0118650486693, -0.00658888695762, 0.00104125216603], [-0.000651340349577, 0.0020957426168, -0.0013212680351, 0.00135080865584, -0.0014806590043, 0.00313161732629, -0.00135405501351, 0.00212618219666, -0.00159025972243, 0.000544954789802, -0.00658888695762, 0.0168782137334, -0.00553045142442], [0.000575366138946, -0.000699089607224, 0.00156946154311, -0.00145744427573, 0.000175206980202, -0.00184603477828, -0.000282005115878, -0.000790966500062, -0.000965817074757, -0.00108569476288, 0.00104125216603, -0.00553045142442, 0.0119710955769]], "cov": [[5226.84667969, -88.5932846069, 746.190734863, 375.054473877, 217.740585327, 381.126922607, 68.7519073486, 153.531066895, -265.538665771, 155.08190918, -226.761260986, -21.054517746, -238.570236206], [-88.5932846069, 1746.10986328, 787.414367676, 454.220428467, 344.018432617, 37.5029678345, 110.477005005, 5.27233219147, 137.07460022, -43.813873291, 73.6887283325, -117.710342407, 8.28900718689], [746.190734863, 787.414367676, 2224.48730469, 827.441467285, 624.086120605, 287.10244751, 233.136184692, 298.816467285, 19.3091220856, 229.247268677, 35.4308013916, -4.02012443542, -102.996818542], [375.054473877, 454.220428467, 827.441467285, 806.428405762, 482.669586182, 244.297973633, 223.876968384, 147.102233887, 156.673095703, 108.79800415, 83.4425506592, 21.1212005615, 68.8074798584], [217.740585327, 344.018432617, 624.086120605, 482.669586182, 574.28338623, 265.097229004, 244.751251221, 183.166046143, 154.060592651, 125.267883301, 67.0656890869, 33.3444328308, 70.2724380493], [381.126922607, 37.5029678345, 287.10244751, 244.297973633, 265.097229004, 366.203796387, 231.551437378, 105.477981567, 70.7484436035, 86.2983703613, 41.1155128479, 12.0163621902, 56.4993553162], [68.7519073486, 110.477005005, 233.136184692, 223.876968384, 244.751251221, 231.551437378, 315.076934814, 125.377380371, 93.2833099365, 86.7248077393, 61.3105583191, 30.754491806, 71.9362716675], [153.531066895, 5.27233219147, 298.816467285, 147.102233887, 183.166046143, 105.477981567, 125.377380371, 215.168731689, 82.8027420044, 81.9997329712, 41.1497612, 25.6925754547, 24.8245639801], [-265.538665771, 137.07460022, 19.3091220856, 156.673095703, 154.060592651, 70.7484436035, 93.2833099365, 82.8027420044, 226.604934692, 58.7945365906, 70.220161438, 34.5517730713, 87.1032028198], [155.08190918, -43.813873291, 229.247268677, 108.79800415, 125.267883301, 86.2983703613, 86.7248077393, 81.9997329712, 58.7945365906, 150.880142212, 44.1617584229, 38.1463813782, 24.322681427], [-226.761260986, 73.6887283325, 35.4308013916, 83.4425506592, 67.0656890869, 41.1155128479, 61.3105583191, 41.1497612, 70.220161438, 44.1617584229, 153.266098022, 58.8187675476, 53.7504119873], [-21.054517746, -117.710342407, -4.02012443542, 21.1212005615, 33.3444328308, 12.0163621902, 30.754491806, 25.6925754547, 34.5517730713, 38.1463813782, 58.8187675476, 113.906944275, 54.7777252197], [-238.570236206, 8.28900718689, -102.996818542, 68.8074798584, 70.2724380493, 56.4993553162, 71.9362716675, 24.8245639801, 87.1032028198, 24.322681427, 53.7504119873, 54.7777252197, 158.248886108]]}, "spectral_energyband_middle_low": {"dmean2": 0.0140647962689, "median": 0.00629478599876, "min": 3.00929962824e-22, "dvar2": 0.000760811613873, "dvar": 0.000270481803454, "dmean": 0.00805618055165, "max": 0.16959759593, "var": 0.000216727348743, "mean": 0.010918722488}, "melbands_crest": {"dmean2": 6.43151330948, "median": 16.490020752, "min": 2.09079957008, "dvar2": 39.8790435791, "dvar": 17.5549736023, "dmean": 4.12225055695, "max": 37.9174461365, "var": 77.5530090332, "mean": 18.0895557404}, "spectral_kurtosis": {"dmean2": 1.84073829651, "median": 2.44187641144, "min": -1.21028876305, "dvar2": 17.8624858856, "dvar": 8.92438602448, "dmean": 1.16338467598, "max": 182.924377441, "var": 13.3173627853, "mean": 2.97203016281}, "spectral_rms": {"dmean2": 0.00201507820748, "median": 0.00543325813487, "min": 3.21042216249e-12, "dvar2": 6.17267505731e-06, "dvar": 2.88746286969e-06, "dmean": 0.00134563946631, "max": 0.0172572396696, "var": 1.09818420242e-05, "mean": 0.00639761053026}, "zerocrossingrate": {"dmean2": 0.0184756480157, "median": 0.0625, "min": 0.001953125, "dvar2": 0.000533443060704, "dvar": 0.000383849197533, "dmean": 0.0156676974148, "max": 0.51025390625, "var": 0.00236248411238, "mean": 0.0710167437792}, "silence_rate_60dB": {"dmean2": 0.0319498069584, "median": 0, "min": 0, "dvar2": 0.036525901407, "dvar": 0.0157666988671, "dmean": 0.0160216186196, "max": 1, "var": 0.0263811852783, "mean": 0.0271183177829}, "erbbands_kurtosis": {"dmean2": 1.63251042366, "median": -0.273781061172, "min": -1.89142978191, "dvar2": 8.15546607971, "dvar": 3.51771354675, "dmean": 1.0259873867, "max": 72.6621170044, "var": 6.30257844925, "mean": 0.368161648512}, "erbbands": {"dmean2": [0.636223554611, 5.04776620865, 12.836643219, 16.3956947327, 13.3346920013, 17.6257686615, 21.2263278961, 25.1797561646, 21.4868583679, 21.9694232941, 29.3823413849, 33.5916900635, 25.4739227295, 52.6072387695, 37.5431251526, 25.216386795, 26.1285266876, 37.0860595703, 39.4944648743, 39.0274276733, 26.4194068909, 18.9689216614, 16.5754585266, 14.150885582, 11.9394292831, 11.0930833817, 14.3599176407, 10.883140564, 8.31008625031, 8.2131280899, 7.25471591949, 5.03535509109, 3.37521576881, 2.74817037582, 2.11752676964, 1.60076391697, 0.645566880703, 0.0761799961329, 0.00225948821753, 9.09886002773e-05], "median": [0.0451798737049, 0.618530988693, 1.18768787384, 1.45170068741, 1.84527206421, 4.39847946167, 6.70081138611, 8.84646606445, 5.46221065521, 5.91155481339, 10.3584022522, 8.26954936981, 9.20655822754, 14.9089641571, 11.3952083588, 7.44907426834, 8.40434074402, 14.4738092422, 14.7866096497, 16.2881469727, 11.1439113617, 8.33393573761, 8.13248252869, 7.89880466461, 6.43754863739, 6.56563949585, 8.3673210144, 6.77060079575, 5.89170408249, 6.36429214478, 4.59234809875, 2.70922851562, 1.88349604607, 0.90122461319, 0.505011200905, 0.21557316184, 0.0614002421498, 0.0105785969645, 0.000290963856969, 5.98632686888e-05], "min": [3.71653829466e-22, 6.51277747237e-21, 4.23625299576e-20, 5.69029951084e-20, 6.03133896882e-20, 1.06120416039e-19, 1.30867559703e-19, 3.70133442218e-19, 3.28709917352e-19, 8.44065178313e-19, 8.45299073293e-19, 1.89233095438e-18, 1.53201335429e-18, 1.2650745192e-18, 1.22820614872e-18, 2.59651663408e-18, 2.72581261524e-18, 5.25270028729e-18, 4.01659011762e-18, 6.01606350199e-18, 7.45243161642e-18, 9.30673645765e-18, 1.02524024211e-17, 8.55288209768e-18, 1.02847071328e-17, 1.0530536939e-17, 1.26508407314e-17, 1.33191257385e-17, 2.17126655533e-17, 1.74439950391e-17, 1.75991939744e-17, 1.31831595797e-17, 1.21440552942e-17, 1.37635657457e-17, 8.90101098464e-18, 5.5622101794e-18, 3.11919055646e-18, 1.13862321217e-18, 3.31558132845e-19, 3.31254428314e-20], "dvar2": [1.37855541706, 90.6229858398, 762.688537598, 1387.97558594, 883.631958008, 1116.50964355, 1587.62121582, 2347.98876953, 2081.54125977, 1685.44750977, 2422.23388672, 8422.84667969, 2277.20483398, 11889.5019531, 4082.90356445, 2611.85009766, 2886.30200195, 4002.50976562, 6800.07177734, 6399.91064453, 2180.78466797, 1441.89782715, 876.636413574, 534.855957031, 433.386444092, 368.385894775, 907.350952148, 376.77532959, 217.251907349, 140.020446777, 138.655303955, 85.1785812378, 39.750793457, 37.60987854, 32.6111488342, 21.052028656, 3.94721293449, 0.0462185256183, 4.47489692306e-05, 3.64531089758e-08], "dvar": [0.879057705402, 42.7563896179, 277.994354248, 490.286315918, 310.236022949, 410.75112915, 582.260620117, 874.771057129, 736.47076416, 695.943847656, 918.220703125, 3695.42211914, 1018.05499268, 4584.02685547, 1449.66687012, 972.061401367, 1111.73999023, 1696.3293457, 2759.36157227, 2810.03662109, 875.429199219, 575.868041992, 357.883972168, 204.721313477, 172.581710815, 143.799942017, 385.732086182, 151.894210815, 87.5870361328, 61.5519485474, 57.9089851379, 34.8969039917, 16.4995708466, 15.0982618332, 12.2495918274, 7.76596260071, 1.45417535305, 0.017325187102, 1.67022590176e-05, 1.40373384028e-08], "dmean": [0.468307107687, 3.36155486107, 7.36975288391, 9.05593681335, 7.33135700226, 10.5434656143, 12.3864326477, 14.8660268784, 12.2482614517, 13.3152885437, 17.3282337189, 21.2147464752, 15.8263320923, 32.429397583, 21.9980068207, 14.4253749847, 15.251121521, 23.0299358368, 24.0395011902, 24.2442550659, 15.8874931335, 11.2899084091, 9.991522789, 8.49125671387, 7.24733734131, 6.80415678024, 9.46037006378, 6.85095262527, 5.22125482559, 5.2830862999, 4.61960124969, 3.19208908081, 2.1564040184, 1.71906256676, 1.26289153099, 0.919772088528, 0.371351569891, 0.044821254909, 0.00132165791001, 5.62177992833e-05], "max": [9.25356960297, 60.717918396, 166.440765381, 214.62902832, 175.513305664, 259.835571289, 484.165893555, 773.965393066, 329.474060059, 495.056884766, 569.472595215, 1496.10949707, 723.037536621, 1286.90429688, 549.321716309, 694.658752441, 1260.67700195, 760.231811523, 1027.47827148, 1124.25183105, 637.414916992, 753.716918945, 363.889434814, 360.75402832, 316.798675537, 391.149902344, 631.255004883, 416.811920166, 371.303100586, 187.923599243, 221.870956421, 231.088287354, 144.856735229, 107.725387573, 59.4497833252, 29.2339935303, 11.7941131592, 2.01823759079, 0.114972889423, 0.00144711125176], "var": [4.04821491241, 68.0191955566, 239.20980835, 357.898712158, 216.206039429, 466.926330566, 607.036865234, 974.531860352, 573.632080078, 945.674682617, 1258.37805176, 5468.14306641, 2140.43212891, 10375.9580078, 4052.70068359, 1070.88269043, 1486.2857666, 3187.48144531, 4876.54638672, 5146.05712891, 1620.05273438, 1121.96240234, 770.003662109, 441.078704834, 426.762634277, 353.651733398, 837.134643555, 396.524932861, 217.980239868, 172.745132446, 176.233840942, 82.5816802979, 42.236541748, 25.8106212616, 10.5367336273, 5.61020851135, 1.01101517677, 0.0148564046249, 1.75504283106e-05, 1.45059422252e-08], "mean": [1.04384458065, 4.62364959717, 7.6488776207, 8.39198112488, 6.81926679611, 13.1488523483, 15.558054924, 19.165643692, 13.3354711533, 16.5737724304, 22.065990448, 27.8384971619, 23.3758907318, 51.4458580017, 37.5182151794, 16.9090385437, 19.1167068481, 35.5271072388, 38.2937049866, 38.7887802124, 23.9967899323, 18.1810951233, 17.0001239777, 14.1568489075, 12.3932514191, 12.1607608795, 17.113904953, 13.28358078, 9.89890670776, 10.0868263245, 8.59408283234, 5.52131652832, 3.89023709297, 2.5472638607, 1.50506389141, 0.88115465641, 0.333430975676, 0.0468478761613, 0.00138577516191, 0.000100575045508]}, "spectral_strongpeak": {"dmean2": 0.91923892498, "median": 0.709596991539, "min": 0, "dvar2": 2.05615949631, "dvar": 0.816346764565, "dmean": 0.548357069492, "max": 13.9990177155, "var": 1.44154775143, "mean": 1.0809494257}, "spectral_energy": {"dmean2": 0.0321524627507, "median": 0.0302583016455, "min": 1.05644801727e-20, "dvar2": 0.00211187358946, "dvar": 0.000964596867561, "dmean": 0.0212436113507, "max": 0.305257618427, "var": 0.00274244626053, "mean": 0.0532088950276}, "average_loudness": 0.888146340847, "spectral_rolloff": {"dmean2": 1358.25976562, "median": 925.927734375, "min": 43.06640625, "dvar2": 6618780.5, "dvar": 2683816.75, "dmean": 793.850463867, "max": 18798.4863281, "var": 4521984.5, "mean": 1673.21081543}, "spectral_centroid": {"dmean2": 500.003997803, "median": 1383.54321289, "min": 108.509597778, "dvar2": 265684.6875, "dvar": 124932.742188, "dmean": 325.378234863, "max": 10651.4267578, "var": 488421.15625, "mean": 1469.35510254}, "pitch_salience": {"dmean2": 0.169333130121, "median": 0.50211763382, "min": 0.0160767622292, "dvar2": 0.035620585084, "dvar": 0.0151273682714, "dmean": 0.106761112809, "max": 0.95315527916, "var": 0.0363874956965, "mean": 0.469039797783}, "spectral_energyband_middle_high": {"dmean2": 0.0042994688265, "median": 0.00411390606314, "min": 1.37589408287e-21, "dvar2": 3.27576672134e-05, "dvar": 1.25460828713e-05, "dmean": 0.00258443155326, "max": 0.0416182428598, "var": 3.11495568894e-05, "mean": 0.00594795262441}, "spectral_contrast_coeffs": {"dmean2": [0.0894403755665, 0.0855406075716, 0.0768197476864, 0.0583706013858, 0.0408218316734, 0.03401324898], "median": [-0.626064896584, -0.738275647163, -0.760165452957, -0.7737647295, -0.793186068535, -0.76253759861], "min": [-0.987301111221, -0.978289008141, -0.983290672302, -0.963590025902, -0.961645185947, -0.961543977261], "dvar2": [0.00545268552378, 0.00506927305833, 0.00415150541812, 0.0024045414757, 0.00119171745609, 0.000883660803083], "dvar": [0.00222689681686, 0.0020137608517, 0.00169954367448, 0.000992177752778, 0.000519630382769, 0.000388680316973], "dmean": [0.056261818856, 0.0529781021178, 0.0474252030253, 0.0364954993129, 0.0259100180119, 0.0215511936694], "max": [-0.260037988424, -0.414447873831, -0.422090560198, -0.478360086679, -0.54446721077, -0.56261152029], "var": [0.010265246965, 0.00516846822575, 0.00727311009541, 0.0042214919813, 0.00277629145421, 0.00215254304931], "mean": [-0.619180321693, -0.733971357346, -0.747703373432, -0.764347314835, -0.783173680305, -0.756988704205]}, "melbands_skewness": {"dmean2": 2.18825483322, "median": 3.13502216339, "min": -2.17478775978, "dvar2": 8.20252895355, "dvar": 4.41291809082, "dmean": 1.48795104027, "max": 47.362953186, "var": 19.6225070953, "mean": 4.43621492386}, "spectral_spread": {"dmean2": 1238311.375, "median": 5671021.5, "min": 603813.8125, "dvar2": 2631109181440.0, "dvar": 1417851830270.0, "dmean": 840370.0625, "max": 41269516, "var": 3725066764290.0, "mean": 5960704.5}, "dissonance": {"dmean2": 0.0348119139671, "median": 0.471268475056, "min": 0.14826567471, "dvar2": 0.00111122219823, "dvar": 0.000429403677117, "dmean": 0.0206556618214, "max": 0.5, "var": 0.000844321853947, "mean": 0.464043319225}, "spectral_skewness": {"dmean2": 0.319391131401, "median": 1.3387825489, "min": -0.00483218813315, "dvar2": 0.145210549235, "dvar": 0.0700015947223, "dmean": 0.206413269043, "max": 11.4194746017, "var": 0.181814163923, "mean": 1.38936471939}, "spectral_flux": {"dmean2": 0.07283539325, "median": 0.0943293571472, "min": 1.02783656586e-10, "dvar2": 0.00619023805484, "dvar": 0.00345144770108, "dmean": 0.0504777468741, "max": 0.544323205948, "var": 0.00708819134161, "mean": 0.119852267206}, "spectral_contrast_valleys": {"dmean2": [0.854995012283, 0.873508691788, 0.791492283344, 0.672644913197, 0.541509449482, 0.500705599785], "median": [-7.19386959076, -6.73385953903, -7.33112716675, -7.57954740524, 