{"tonal": {"thpcp": [1, 0.652665138245, 0.346102654934, 0.216671451926, 0.187697008252, 0.426852881908, 0.560772657394, 0.414850443602, 0.365008294582, 0.316525310278, 0.220235720277, 0.290098041296, 0.3210503757, 0.295839756727, 0.462949842215, 0.51175737381, 0.305291324854, 0.211452782154, 0.247990593314, 0.340491890907, 0.702216565609, 0.93524235487, 0.611232042313, 0.350328892469, 0.295662403107, 0.237599521875, 0.301707953215, 0.335630357265, 0.242868304253, 0.228918880224, 0.28568688035, 0.264814853668, 0.235541298985, 0.24176312983, 0.290746599436, 0.711254000664], "hpcp": {"dmean2": [0.208898171782, 0.197368696332, 0.169766739011, 0.151054054499, 0.166750729084, 0.213919147849, 0.268304824829, 0.254252910614, 0.264909654856, 0.21254311502, 0.165522113442, 0.141909018159, 0.141893729568, 0.142527386546, 0.141480281949, 0.141063660383, 0.1640291363, 0.166991010308, 0.149737849832, 0.152492120862, 0.18420574069, 0.259707659483, 0.247775942087, 0.285206824541, 0.265651017427, 0.168578088284, 0.138612657785, 0.177963793278, 0.188213601708, 0.201906040311, 0.180434256792, 0.164820700884, 0.14808100462, 0.155908256769, 0.159723415971, 0.178044781089], "median": [0.0246668793261, 0.0233785025775, 0.0206287354231, 0.0129243778065, 0.0104247741401, 0.0233109220862, 0.07678578794, 0.0958264023066, 0.0657834485173, 0.0156816095114, 0.00742746097967, 0.00995337031782, 0.0161247700453, 0.0184031836689, 0.0185338631272, 0.0176825262606, 0.0173675175756, 0.0148070184514, 0.011380107142, 0.00882083922625, 0.020244948566, 0.0981815233827, 0.120076864958, 0.0855287909508, 0.0125508783385, 0.00723248207942, 0.00837551988661, 0.03195399791, 0.0427071675658, 0.0334946811199, 0.0138425622135, 0.0105347018689, 0.011618250981, 0.0177898518741, 0.0213415026665, 0.0237472355366], "min": [0, 0, 0, 0, 0, 0, 0, 0, 0, 0, 0, 0, 0, 0, 0, 0, 0, 0, 0, 0, 0, 0, 0, 0, 0, 0, 0, 0, 0, 0, 0, 0, 0, 0, 0, 0], "dvar2": [0.102364346385, 0.100140564144, 0.0844106376171, 0.078697822988, 0.0930292308331, 0.107597440481, 0.122044064105, 0.123785436153, 0.125086992979, 0.110230565071, 0.0918292328715, 0.0784661322832, 0.0699920132756, 0.072075009346, 0.0744759812951, 0.0731849297881, 0.090125463903, 0.0927949398756, 0.0909345299006, 0.0974300503731, 0.0995265096426, 0.121244706213, 0.113353654742, 0.129121422768, 0.175755396485, 0.0885516479611, 0.0800004452467, 0.0813878625631, 0.0858360975981, 0.0966413021088, 0.102337576449, 0.102003708482, 0.0853175893426, 0.087367862463, 0.0821779742837, 0.0866391435266], "dvar": [0.0395779274404, 0.0398013927042, 0.030527330935, 0.0279873106629, 0.0339895784855, 0.0384623073041, 0.0450773127377, 0.0488732717931, 0.0442786030471, 0.040490668267, 0.0347728580236, 0.028016474098, 0.0272300411016, 0.0287612807006, 0.026455713436, 0.0274178944528, 0.0349638238549, 0.0347440317273, 0.0327667482197, 0.0360523685813, 0.0369897969067, 0.0459192320704, 0.0494240149856, 0.0481819063425, 0.0644917935133, 0.0321610197425, 0.0281596872956, 0.031466845423, 0.0363062284887, 0.0366531461477, 0.0395721867681, 0.0380963459611, 0.0302942693233, 0.0318869128823, 0.0312438607216, 0.0309668444097], "dmean": [0.118609249592, 0.113047942519, 0.0959830060601, 0.0831853151321, 0.0932702943683, 0.120764069259, 0.154878586531, 0.146308779716, 0.150552004576, 0.118614330888, 0.0925186499953, 0.0807003155351, 0.0827405154705, 0.0835419967771, 0.0797402411699, 0.078455708921, 0.0919465646148, 0.0933777093887, 0.0835639461875, 0.0853932797909, 0.103599727154, 0.150368615985, 0.145667791367, 0.161900624633, 0.145918801427, 0.0929974094033, 0.0761387199163, 0.10319275409, 0.111796848476, 0.116492450237, 0.10241753608, 0.0908575206995, 0.0822836905718, 0.088382281363, 0.0909840986133, 0.099760197103], "max": [1, 1, 1, 1, 1, 1, 1, 1, 1, 1, 1, 1, 1, 1, 1, 1, 1, 1, 1, 1, 1, 1, 1, 1, 1, 1, 1, 1, 1, 1, 1, 1, 1, 1, 1, 1], "var": [0.0688086822629, 0.0839695185423, 0.0331372097135, 0.0225865021348, 0.0312192235142, 0.0392551831901, 0.0844413414598, 0.136606261134, 0.0699691101909, 0.0470957159996, 0.0465796403587, 0.0276935752481, 0.0390821099281, 0.0498080700636, 0.0256924629211, 0.0263430979103, 0.0381524860859, 0.0350577384233, 0.0313281416893, 0.0369273014367, 0.0356461815536, 0.0767875760794, 0.144416853786, 0.0678427889943, 0.0533394478261, 0.0252829436213, 0.0222921911627, 0.0519650764763, 0.08043961972, 0.04798867926, 0.0606463290751, 0.0542786940932, 0.0254279002547, 0.0369976237416, 0.0423022471368, 0.0301881358027], "mean": [0.15109115839, 0.16702029109, 0.0996367558837, 0.0690110325813, 0.0809357389808, 0.111125029624, 0.229179725051, 0.305231451988, 0.199485450983, 0.114335492253, 0.096494205296, 0.0775444433093, 0.0984672680497, 0.109538391232, 0.0792639926076, 0.0747113749385, 0.0932385325432, 0.0864266082644, 0.0768727064133, 0.0789033025503, 0.0948898494244, 0.232129231095, 0.32636615634, 0.213007807732, 0.11295619607, 0.0707142278552, 0.0612579509616, 0.139310330153, 0.183017209172, 0.1353931427, 0.119126349688, 0.103303149343, 0.0718774870038, 0.0946781858802, 0.104779981077, 0.0965520814061]}, "tuning_equal_tempered_deviation": 0.26006090641, "chords_changes_rate": 0.0560583211482, "key_key": "E", "tuning_diatonic_strength": 0.666094243526, "key_scale": "major", "chords_number_rate": 0.00276520871557, "tuning_frequency": 434.193115234, "tuning_nontempered_energy_ratio": 0.951902985573, "chords_histogram": [24.2584209442, 0.175967827439, 12.1417798996, 0.0251382607967, 0.754147827625, 0, 0, 0.326797395945, 0, 0.175967827439, 0, 0.628456532955, 0, 0, 0, 3.09200596809, 12.5691299438, 6.68677711487, 1.75967824459, 15.4348917007, 1.86023128033, 1.80995476246, 16.7169437408, 1.58371043205], "key_strength": 0.819327771664, "chords_key": "E", "chords_strength": {"dmean2": 0.00961874052882, "median": 0.531752169132, "min": 0.236026495695, "dvar2": 7.49933096813e-05, "dvar": 7.16804352123e-05, "dmean": 0.00980461575091, "max": 0.785919964314, "var": 0.0108173703775, "mean": 0.545014619827}, "chords_scale": "major", "hpcp_entropy": {"dmean2": 1.03839087486, "median": 1.91571581364, "min": 0, "dvar2": 0.723514556885, "dvar": 0.2813154459, "dmean": 0.612991154194, "max": 4.33323287964, "var": 0.609210669994, "mean": 1.90734922886}}, "metadata": {"audio_properties": {"equal_loudness": 0, "codec": "mp3", "downmix": "mix", "sample_rate": 44100, "analysis_sample_rate": 44100, "bit_rate": 320000, "md5_encoded": "d4e8d3b5737206aae024e8291b003516", "length": 184.659591675, "replay_gain": -13.6302375793, "lossless": false}, "version": {"essentia_build_sha": "70f2e5ece6736b2c40cc944ad0e695b16b925413", "essentia": "2.1-beta2", "extractor": "music 1.0", "essentia_git_sha": "v2.1_beta2"}, "tags": {"title": ["Rainy Day Parade"], "artist": ["Jill Sobule"], "albumartist": ["Jill Sobule"], "date": ["2005"], "genre": ["Folk/Rock"], "album": ["Pink Pearl"], "tracknumber": ["1"], "musicbrainz_recordingid": ["1b8eac98-a8f6-4966-8417-58c75d0810b5"], "file_name": "267559.mp3"}}, "rhythm": {"bpm_histogram_first_peak_bpm": {"dmean2": 0, "median": 123, "min": 123, "dvar2": 0, "dvar": 0, "dmean": 0, "max": 123, "var": 0, "mean": 123}, "bpm": 122.873344421, "bpm_histogram_second_peak_spread": {"dmean2": 0, "median": 0.333333313465, "min": 0.333333313465, "dvar2": 0, "dvar": 0, "dmean": 0, "max": 0.333333313465, "var": 0, "mean": 0.333333313465}, "bpm_histogram_first_peak_weight": {"dmean2": 0, "median": 0.737967908382, "min": 0.737967908382, "dvar2": 0, "dvar": 0, "dmean": 0, "max": 0.737967908382, "var": 0, "mean": 0.737967908382}, "onset_rate": 4.315574646, "beats_position": [0.568888902664, 1.09133780003, 1.60217678547, 2.08979582787, 2.57741498947, 3.06503391266, 3.55265307426, 4.04027223587, 4.51628112793, 5.00390005112, 5.47990942001, 5.9675283432, 6.45514726639, 6.94276618958, 7.4303855896, 7.92961454391, 8.42884349823, 8.91646194458, 9.4040813446, 9.89170074463, 10.379319191, 10.866938591, 11.354557991, 11.8537864685, 12.3530158997, 12.8522443771, 13.3514738083, 13.8623123169, 14.3731517792, 14.9188203812, 15.4644899368, 16.0101585388, 16.5558280945, 17.0898857117, 17.6355552673, 18.1580047607, 18.6688423157, 19.1564617157, 19.6556911469, 20.154920578, 20.642539978, 21.1301574707, 21.6061668396, 22.0937862396, 22.5930156708, 23.0806350708, 23.5566444397, 24.0442619324, 24.5318813324, 25.0195007324, 25.5071201324, 26.0063495636, 26.4939670563, 26.9815864563, 27.4692058563, 27.9568252563, 28.4444446564, 28.932062149, 29.4196815491, 29.9073009491, 30.4065303802, 30.8941497803, 31.3701572418, 31.8577766418, 32.3453979492, 32.8330154419, 33.3206329346, 33.8082542419, 34.3074836731, 34.7951011658, 35.2711105347, 35.7587280273, 36.2463493347, 36.7339668274, 37.2331962585, 37.7324256897, 38.2200431824, 38.6960525513, 39.1720619202, 39.6596832275, 40.1473007202, 40.6465301514, 41.1457595825, 41.6333770752, 42.1209983826, 42.6086158752, 43.0962333679, 43.5838546753, 44.071472168, 44.5590934753, 45.046710968, 45.5343284607, 46.0219497681, 46.5095672607, 46.9971885681, 47.4848060608, 47.9724235535, 48.4600448608, 48.9476623535, 49.4352836609, 49.9229011536, 50.4105224609, 50.8981399536, 51.3857574463, 51.8733787537, 52.3609962463, 52.8486175537, 53.3362350464, 53.8238525391, 54.3114738464, 54.7990913391, 55.2867126465, 55.7743301392, 56.2619476318, 56.7495689392, 57.2371864319, 57.7248077393, 58.2124252319, 58.7000427246, 59.187664032, 59.6752815247, 60.1745109558, 60.6621322632, 61.1613578796, 61.648979187, 62.1365966797, 62.6242179871, 63.1118354797, 63.5994529724, 64.0870742798, 64.5746917725, 65.0623092651, 65.5499343872, 66.0259399414, 66.5019454956, 66.9895706177, 67.4771881104, 67.964805603, 68.4640350342, 68.9516525269, 69.450881958, 69.9384994507, 70.4261245728, 70.9137420654, 71.4013595581, 71.8889770508, 72.3765945435, 72.8642196655, 73.3518371582, 73.8278427124, 74.2922439575, 74.7798614502, 75.2790908813, 75.7783203125, 76.2659378052, 76.7535552979, 77.252784729, 77.7404098511, 78.2280273438, 78.7156448364, 79.2148742676, 79.7024917603, 80.1785049438, 80.6661224365, 81.1537399292, 81.6297454834, 82.105758667, 82.5933761597, 83.0809936523, 83.5802230835, 84.0794525146, 84.5786819458, 85.0546951294, 85.5423126221, 86.0299301147, 86.5175476074, 87.0051651001, 87.4927902222, 87.9804077148, 88.4680252075, 88.9556427002, 89.4432601929, 89.9308853149, 90.4185028076, 90.9061203003, 91.4053497314, 91.9045791626, 92.3921966553, 92.8798141479, 93.36743927, 93.8550567627, 94.3426742554, 94.830291748, 95.3179092407, 95.7939224243, 96.2931518555, 96.7807693481, 97.2683868408, 97.7560043335, 98.2436294556, 98.7312469482, 99.2188644409, 99.7064819336, 100.194099426, 100.681724548, 101.169342041, 101.656959534, 102.144577026, 102.632194519, 103.119819641, 103.607437134, 104.095054626, 104.582672119, 105.070289612, 105.557914734, 106.045532227, 106.533149719, 107.020767212, 107.508384705, 107.996009827, 108.483627319, 108.971244812, 109.458862305, 109.946479797, 110.434104919, 110.921722412, 111.409339905, 111.896957397, 112.38457489, 112.872200012, 113.359817505, 113.847434998, 114.33505249, 114.822669983, 115.310295105, 115.797912598, 116.273918152, 116.761543274, 117.249160767, 117.748390198, 118.23600769, 118.723625183, 119.211242676, 119.698867798, 120.1980896, 120.697319031, 121.184944153, 121.672561646, 122.160179138, 122.647796631, 123.135414124, 123.623039246, 124.110656738, 124.598274231, 125.074279785, 125.550292969, 126.037910461, 126.525527954, 127.013153076, 127.512374878, 128.011611938, 128.499221802, 128.986846924, 129.474472046, 129.962081909, 130.449707031, 130.937316895, 131.424942017, 131.912567139, 132.400177002, 132.887802124, 133.363800049, 133.851425171, 134.350662231, 134.838272095, 135.325897217, 135.81350708, 136.301132202, 136.788757324, 137.276367188, 137.76399231, 138.251602173, 138.739227295, 139.226852417, 139.71446228, 140.202087402, 140.689697266, 141.177322388, 141.66494751, 142.152557373, 142.640182495, 143.127792358, 143.61541748, 144.103042603, 144.590652466, 145.078277588, 145.565887451, 146.041900635, 146.541137695, 147.028747559, 147.516372681, 148.003982544, 148.491607666, 148.979232788, 149.466842651, 149.954467773, 150.442077637, 150.929702759, 151.417327881, 151.904937744, 152.392562866, 152.880172729, 153.367797852, 153.855422974, 154.354644775, 154.853881836, 155.341491699, 155.829116821, 156.305114746, 156.78112793, 157.268753052, 157.756362915, 158.243988037, 158.731613159, 159.219223022, 159.706848145, 160.194458008, 160.68208313, 161.169708252, 161.657318115, 162.144943237, 162.632553101, 163.120178223, 163.607803345, 164.095413208, 164.58303833, 165.070648193, 165.569885254, 166.057495117, 166.556732178, 167.0443573, 167.531967163, 168.019592285, 168.507202148, 168.994827271, 169.482452393, 169.970062256, 170.457687378, 170.945297241, 171.432922363, 171.920547485, 172.408157349, 172.895782471, 173.395004272, 173.894241333, 174.381851196, 174.881088257, 175.380310059, 175.891159058, 176.401992798, 176.959274292, 177.504943848, 178.050613403, 178.584671021, 179.118728638, 179.664398193, 180.186843872, 180.709289551, 181.231735229, 181.696136475, 182.16053772, 182.624938965, 183.08934021, 183.553741455, 184.0181427], "beats_loudness": {"dmean2": 0.0264522079378, "median": 0.0425277650356, "min": 2.44831130658e-06, "dvar2": 0.000514207524247, "dvar": 0.000188889564015, "dmean": 0.0150365447626, "max": 0.115400806069, "var": 0.000586654874496, "mean": 0.0439355932176}, "danceability": 1.10523056984, "bpm_histogram_second_peak_weight": {"dmean2": 0, "median": 0.0213903747499, "min": 0.0213903747499, "dvar2": 0, "dvar": 0, "dmean": 0, "max": 0.0213903747499, "var": 0, "mean": 0.0213903747499}, "beats_count": 375, "bpm_histogram_second_peak_bpm": {"dmean2": 0, "median": 110, "min": 110, "dvar2": 0, "dvar": 0, "dmean": 0, "max": 110, "var": 0, "mean": 110}, "bpm_histogram_first_peak_spread": {"dmean2": 0, "median": 0.197674453259, "min": 0.197674453259, "dvar2": 0, "dvar": 0, "dmean": 0, "max": 0.197674453259, "var": 0, "mean": 0.197674453259}, "beats_loudness_band_ratio": {"dmean2": [0.324534058571, 0.286323666573, 0.202664226294, 0.154622018337, 0.0882286578417, 0.0711338296533], "median": [0.47408503294, 0.211371779442, 0.0993214994669, 0.0805084109306, 0.0241890083998, 0.0342465154827], "min": [0.000855124031659, 0.000275985483313, 3.27090710925e-05, 1.84504151548e-05, 1.32447767101e-05, 4.5907421736e-05], "dvar2": [0.0660271048546, 0.0455619581044, 0.0425349846482, 0.0289539862424, 0.0149998366833, 0.00868764240295], "dvar": [0.0227602478117, 0.0155856478959, 0.0137193249539, 0.0105209182948, 0.0050627393648, 0.00264975824393], "dmean": [0.183588385582, 0.154381528497, 0.115525238216, 0.0917145758867, 0.0473119243979, 0.0392568074167], "max": [0.999745547771, 0.984517753124, 0.673605203629, 0.784434139729, 0.419286131859, 0.478786855936], "var": [0.0558961555362, 0.0251705609262, 0.0181924495846, 0.0150287700817, 0.00440044375136, 0.00260328524746], "mean": [0.462291866541, 0.241194337606, 0.144874185324, 0.116553597152, 0.0448480062187, 0.0490462966263]}}, "lowlevel": {"barkbands_spread": {"dmean2": 8.83039855957, "median": 16.9437026978, "min": 0.163238763809, "dvar2": 148.475372314, "dvar": 69.1056060791, "dmean": 5.78763866425, "max": 116.952690125, "var": 267.382659912, "mean": 20.4357700348}, "melbands_spread": {"dmean2": 8.13097000122, "median": 14.6274604797, "min": 0.259137630463, "dvar2": 151.650497437, "dvar": 74.7255935669, "dmean": 5.23887681961, "max": 271.371643066, "var": 312.690612793, "mean": 18.2194728851}, "hfc": {"dmean2": 12.4146747589, "median": 18.7183570862, "min": 1.10161895659e-16, "dvar2": 390.107849121, "dvar": 170.193878174, "dmean": 8.38162899017, "max": 196.4894104, "var": 522.784790039, "mean": 25.0417442322}, "barkbands_kurtosis": {"dmean2": 9.30818367004, "median": 3.39650917053, "min": -1.94226944447, "dvar2": 698.871398926, "dvar": 292.390625, "dmean": 5.87930202484, "max": 840.649536133, "var": 3270.24072266, "mean": 17.0653610229}, "gfcc": {"mean": [-7.34829998016, 83.2133865356, -73.8663787842, 17.2366714478, -51.6869316101, 12.7520341873, -31.187915802, 4.34775590897, -26.8270225525, 5.69935750961, -12.2603883743, 0.514927566051, -7.86379766464], "icov": [[0.000159109476954, -0.00012934350525, 0.000376966723707, -0.000298272498185, 0.000540954759344, -0.000585450208746, 0.000381698017009, -0.00041388894897, 0.000297707592836, -0.000423235382186, 0.000540023378562, -0.000695938710123, 0.000441088312073], [-0.00012934350525, 0.00132467038929, -0.000538237742148, 0.000806069117971, -0.00134618242737, 0.00135270436294, -0.0010043582879, 0.00104349793401, -0.000731648411602, 0.0011144093005, -0.00193938368466, 0.00222679786384, -0.00168725673575], [0.000376966723707, -0.000538237742148, 0.0021280401852, -0.00130760506727, 0.00109665538184, -0.00157298427075, 0.00106833444443, -0.00148358976003, 0.000799152185209, -0.00163626484573, 0.00141086126678, -0.00203042803332, 0.0016933324514], [-0.000298272498185, 0.000806069117971, -0.00130760506727, 0.00300019909628, -0.00196689669974, 0.00184299016837, -0.00173468817957, 0.00101196835749, -0.00230772420764, 0.00172113755252, -0.00168951612432, 0.00109015160706, -5.44697795704e-05], [0.000540954759344, -0.00134618242737, 0.00109665538184, -0.00196689669974, 0.00655793398619, -0.00356481201015, 0.0010979345534, -0.00143967696931, 0.000719830626622, -0.00136493693572, 0.00262366933748, -0.00260209594853, 0.00122347951401], [-0.000585450208746, 0.00135270436294, -0.00157298427075, 0.00184299016837, -0.00356481201015, 0.00751648843288, -0.00440485775471, 0.0022880458273, -0.00133223820012, 0.00085935217794, -0.0017813637387, 0.00326727330685, -0.00126195256598], [0.000381698017009, -0.0010043582879, 0.00106833444443, -0.00173468817957, 0.0010979345534, -0.00440485775471, 0.00900444947183, -0.00316112558357, 0.000981658347882, -0.00072123541031, -0.000371604110114, -0.00100014195777, 0.00171808840241], [-0.00041388894897, 0.00104349793401, -0.00148358976003, 0.00101196835749, -0.00143967696931, 0.0022880458273, -0.00316112558357, 0.0080231083557, -0.00223384890705, 0.00114812061656, -0.000382518366678, 0.00163485261146, -0.00344008370303], [0.000297707592836, -0.000731648411602, 0.000799152185209, -0.00230772420764, 0.000719830626622, -0.00133223820012, 0.000981658347882, -0.00223384890705, 0.00994847808033, -0.00372171844356, 0.00328391278163, -0.00323168560863, 0.00127887586132], [-0.000423235382186, 0.0011144093005, -0.00163626484573, 0.00172113755252, -0.00136493693572, 0.00085935217794, -0.00072123541031, 0.00114812061656, -0.00372171844356, 0.015048597008, -0.00838882662356, 0.00403962656856, -0.00146934890654], [0.000540023378562, -0.00193938368466, 0.00141086126678, -0.00168951612432, 0.00262366933748, -0.0017813637387, -0.000371604110114, -0.000382518366678, 0.00328391278163, -0.00838882662356, 0.0174255110323, -0.0082404082641, 0.00201489054598], [-0.000695938710123, 0.00222679786384, -0.00203042803332, 0.00109015160706, -0.00260209594853, 0.00326727330685, -0.00100014195777, 0.00163485261146, -0.00323168560863, 0.00403962656856, -0.0082404082641, 0.0163109488785, -0.00430037500337], [0.000441088312073, -0.00168725673575, 0.0016933324514, -5.44697795704e-05, 0.00122347951401, -0.00126195256598, 0.00171808840241, -0.00344008370303, 0.00127887586132, -0.00146934890654, 0.00201489054598, -0.00430037500337, 0.014725512825]], "cov": [[19164.2246094, -2271.39257812, -1952.66796875, 73.2060089111, -1040.1776123, 456.60723877, -286.542205811, 262.032684326, -95.6434936523, 57.8871421814, -232.511199951, 365.418182373, -236.675643921], [-2271.39257812, 1845.85522461, -2.76446580887, -322.299377441, 227.68850708, -134.49887085, 65.5649642944, -119.733634949, -52.4218521118, -21.8263683319, 100.472351074, -162.077438354, 153.891708374], [-1952.66796875, -2.76446580887, 1149.22705078, 446.115936279, 162.489776611, 72.5167694092, 89.244644165, 87.0900192261, 111.107513428, 53.7278594971, 31.2877616882, 45.8584060669, -64.8597564697], [73.2060089111, -322.299377441, 446.115936279, 827.326171875, 152.061080933, 51.146396637, 106.751991272, 73.004524231, 166.895370483, 8.81579494476, 9.80357933044, 74.2167358398, -84.2955856323], [-1040.1776123, 227.68850708, 162.489776611, 152.061080933, 327.87298584, 90.5629959106, 80.1411361694, 9.71808433533, 45.9643936157, 0.342630147934, 5.08633613586, -14.7558040619, 3.59996032715], [456.60723877, -134.49887085, 72.5167694092, 51.146396637, 90.5629959106, 297.263153076, 110.480888367, 13.527630806, 18.6901779175, 22.0185146332, -3.76438045502, -7.84579706192, -30.2197704315], [-286.542205811, 65.5649642944, 89.244644165, 106.751991272, 80.1411361694, 110.480888367, 200.805892944, 45.7045783997, 26.210565567, 11.4567556381, 21.6984443665, -8.18960285187, -10.2080850601], [262.032684326, -119.733634949, 87.0900192261, 73.004524231, 9.71808433533, 13.527630806, 45.7045783997, 188.56237793, 43.3030853271, 3.55777525902, -14.9885044098, 19.5511951447, 12.1120729446], [-95.6434936523, -52.4218521118, 111.107513428, 166.895370483, 45.9643936157, 18.6901779175, 26.210565567, 43.3030853271, 155.830596924, 23.627664566, -3.07602310181, 26.5260314941, -13.4684801102], [57.8871421814, -21.8263683319, 53.7278594971, 8.81579494476, 0.342630147934, 22.0185146332, 11.4567556381, 3.55777525902, 23.627664566, 100.942901611, 43.1749191284, 7.81062269211, -4.63394069672], [-232.511199951, 100.472351074, 31.2877616882, 9.80357933044, 5.08633613586, -3.76438045502, 21.6984443665, -14.9885044098, -3.07602310181, 43.1749191284, 107.328491211, 28.6034049988, 6.37954473495], [365.418182373, -162.077438354, 45.8584060669, 74.2167358398, -14.7558040619, -7.84579706192, -8.18960285187, 19.5511951447, 26.5260314941, 7.81062269211, 28.6034049988, 114.160926819, -0.538058400154], [-236.675643921, 153.891708374, -64.8597564697, -84.2955856323, 3.59996032715, -30.2197704315, -10.2080850601, 12.1120729446, -13.4684801102, -4.63394069672, 6.37954473495, -0.538058400154, 100.587295532]]}, "spectral_energyband_middle_low": {"dmean2": 0.00812873616815, "median": 0.0107792727649, "min": 1.61560556168e-22, "dvar2": 0.000153329863679, "dvar": 6.30686045042e-05, "dmean": 0.00525682745501, "max": 0.103371635079, "var": 0.00013865994697, "mean": 0.0135429622605}, "melbands_crest": {"dmean2": 4.62857818604, "median": 13.8471355438, "min": 1.72867333889, "dvar2": 19.4743976593, "dvar": 7.16431188583, "dmean": 2.80268859863, "max": 33.5050201416, "var": 26.1579360962, "mean": 14.6255407333}, "spectral_kurtosis": {"dmean2": 3.33972597122, "median": 3.86382961273, "min": -1.42636847496, "dvar2": 57.5665779114, "dvar": 26.0730895996, "dmean": 2.26106214523, "max": 152.740722656, "var": 87.6746749878, "mean": 6.85529565811}, "spectral_rms": {"dmean2": 0.00123479228932, "median": 0.00546114193276, "min": 3.18466455464e-12, "dvar2": 2.2698588964e-06, "dvar": 9.55485575105e-07, "dmean": 0.000788732781075, "max": 0.0119650177658, "var": 3.90422837881e-06, "mean": 0.00535687850788}, "zerocrossingrate": {"dmean2": 0.01423120033, "median": 0.05126953125, "min": 0.00341796875, "dvar2": 0.000291653530439, "dvar": 0.000249520438956, "dmean": 0.012043104507, "max": 0.7529296875, "var": 0.00271925819106, "mean": 0.0606525838375}, "silence_rate_60dB": {"dmean2": 0.0226358156651, "median": 0, "min": 0, "dvar2": 0.0243924092501, "dvar": 0.0111898584291, "dmean": 0.0113164847717, "max": 1, "var": 0.0534776486456, "mean": 0.0567010305822}, "erbbands_kurtosis": {"dmean2": 2.88825893402, "median": 0.861723303795, "min": -1.88149356842, "dvar2": 41.2279205322, "dvar": 17.0170135498, "dmean": 1.85038876534, "max": 127.743560791, "var": 154.235168457, "mean": 3.73299884796}, "erbbands": {"dmean2": [0.191732317209, 1.84792196751, 4.25849580765, 7.08913326263, 11.8959913254, 17.5962276459, 14.1357450485, 20.5354251862, 21.1013050079, 16.2701454163, 13.0291385651, 32.0716514587, 34.7027740479, 33.0320625305, 36.885925293, 33.9107284546, 31.8516674042, 25.0086784363, 28.8661460876, 23.6664199829, 17.8518772125, 9.9027299881, 6.52927398682, 10.2626743317, 11.1943492889, 7.44094276428, 6.88638734818, 5.75109243393, 5.80794429779, 8.82750797272, 4.02252340317, 3.68159890175, 3.3125834465, 1.44913232327, 0.937952041626, 0.444238960743, 0.387081056833, 0.140724748373, 0.00766730681062, 0.00033863063436], "median": [0.107928842306, 1.23373866081, 3.92139530182, 3.34804391861, 3.78108549118, 8.22269439697, 9.61807727814, 14.6321048737, 12.1089525223, 7.06266880035, 6.41029310226, 9.87641811371, 9.82588577271, 9.5901260376, 13.205742836, 8.0411157608, 6.94673061371, 5.94988250732, 5.34330368042, 4.44846534729, 3.49745512009, 3.42148947716, 2.25413322449, 4.03605794907, 4.86806774139, 3.58642458916, 3.03328561783, 3.11860203743, 2.10275411606, 1.92290282249, 1.31115150452, 1.29976916313, 1.13838136196, 0.755563497543, 0.343957215548, 0.139135271311, 0.0492779165506, 0.012117613107, 0.00158955005463, 0.000143761964864], "min": [1.74237538293e-22, 1.0403877281e-21, 2.82309735455e-21, 4.99145580877e-21, 2.59449528901e-20, 1.8435921996e-20, 7.53072596746e-20, 9.33223034507e-20, 1.02645940811e-19, 3.47795946764e-19, 3.69055858524e-19, 1.11023522657e-19, 9.89257451198e-19, 9.20307397649e-19, 1.96636610074e-18, 2.15109207514e-18, 1.35147012206e-18, 2.98376702811e-18, 3.18243016865e-18, 5.56267009182e-18, 3.97831026682e-18, 6.76195252626e-18, 5.72795649464e-18, 7.05409121191e-18, 8.96004024751e-18, 9.42096513716e-18, 1.06618477254e-17, 1.54540830354e-17, 1.49198897958e-17, 1.33818988209e-17, 1.12811446151e-17, 1.10992839943e-17, 1.11856408231e-17, 1.02810849089e-17, 7.52711113648e-18, 4.82271319332e-18, 2.73948591077e-18, 9.75315632167e-19, 2.56371783712e-19, 3.19040234152e-20], "dvar2": [0.116531960666, 11.5668954849, 57.0844421387, 196.68699646, 776.582946777, 959.223327637, 556.194580078, 1272.61938477, 2285.35986328, 1363.06604004, 997.096984863, 7341.09863281, 10897.5429688, 10964.9130859, 6515.95703125, 10015.2587891, 16802.0820312, 5395.64404297, 10446.9082031, 9309.66113281, 3408.49902344, 938.137023926, 443.934417725, 1214.36547852, 1792.34216309, 270.022705078, 346.536956787, 147.112258911, 141.475875854, 495.618286133, 137.831253052, 67.6965026855, 48.1827507019, 8.49251842499, 4.03872442245, 0.86167126894, 0.594252049923, 0.0836449339986, 0.000284265435766, 7.00434668488e-07], "dvar": [0.0425305068493, 4.11524391174, 20.5351409912, 75.9456253052, 295.852844238, 350.852844238, 210.617462158, 502.64352417, 910.58581543, 555.691162109, 440.397064209, 3304.35253906, 4854.69580078, 4961.02294922, 2647.98168945, 4340.78515625, 6861.7734375, 2327.89233398, 4683.28222656, 3676.64746094, 1817.81896973, 448.002197266, 189.115356445, 480.268280029, 687.696594238, 121.201423645, 140.266830444, 62.2653083801, 54.9565620422, 184.031173706, 52.544960022, 27.7022647858, 19.0914077759, 3.7538383007, 1.79761207104, 0.367748051882, 0.233546033502, 0.0328397415578, 0.000113593312562, 2.84487470026e-07], "dmean": [0.113432735205, 1.05370509624, 2.47768163681, 4.18322134018, 7.12674856186, 10.5096979141, 8.68399429321, 12.8785886765, 13.169801712, 10.2680873871, 8.42749595642, 21.8776531219, 23.2050590515, 21.9737262726, 23.9703865051, 22.1568069458, 20.9346446991, 16.0833034515, 18.4438438416, 15.1527175903, 12.0471096039, 6.43184280396, 4.15134191513, 6.45939207077, 7.0197930336, 4.64343738556, 4.32959318161, 3.58641982079, 3.58528661728, 5.35204982758, 2.48845648766, 2.34974098206, 2.11051440239, 0.936522960663, 0.602368116379, 0.288479119539, 0.243927299976, 0.0891144871712, 0.00481103779748, 0.000213581428397], "max": [1.97573649883, 22.4179840088, 52.4636993408, 100.528152466, 224.666061401, 333.930603027, 292.476226807, 424.259277344, 815.948120117, 607.027893066, 531.24395752, 1433.26696777, 1752.17944336, 2665.92919922, 1067.79162598, 1375.31311035, 2060.95141602, 1685.06591797, 1995.68481445, 1568.82189941, 1810.01025391, 665.664672852, 431.457580566, 1173.96862793, 1027.61584473, 401.515136719, 479.918762207, 153.483566284, 143.744873047, 269.498779297, 351.861053467, 146.059783936, 75.1333999634, 55.2597465515, 47.0240058899, 14.5801563263, 5.99087047577, 2.91776394844, 0.154328048229, 0.00771978264675], "var": [0.058264080435, 5.03778171539, 26.821352005, 84.3764572144, 286.008728027, 430.779205322, 376.095825195, 1090.95776367, 1598.34143066, 965.328979492, 957.757873535, 11669.7998047, 21368.859375, 9314.90527344, 5862.65625, 10990.984375, 11079.7851562, 6270.63574219, 7100.25732422, 5003.92480469, 5610.77539062, 993.810302734, 343.743804932, 726.66027832, 870.848144531, 315.666717529, 316.849975586, 148.9659729, 110.11340332, 199.681793213, 75.4095077515, 49.4741249084, 32.7106781006, 9.36290073395, 3.60997080803, 0.697164416313, 0.237184718251, 0.0311451237649, 0.000108781809104, 2.76966460433e-07], "mean": [0.183653116226, 1.91546523571, 5.10224437714, 6.38302755356, 9.05534267426, 14.8542737961, 15.8535394669, 25.3165683746, 24.764591217, 18.788602829, 16.6613826752, 50.9828147888, 49.4694480896, 37.259979248, 42.7068214417, 43.0169487, 34.2618713379, 29.1355571747, 27.6200942993, 23.6849746704, 22.38256073, 11.4087543488, 7.21827697754, 12.1513309479, 13.1504545212, 9.50539207458, 8.80749797821, 7.63704156876, 6.75886678696, 7.62485456467, 4.52062559128, 4.25441169739, 3.5413711071, 1.83729827404, 1.04448795319, 0.436143279076, 0.260739177465, 0.0895502194762, 0.00560719845816, 0.000310206669383]}, "spectral_strongpeak": {"dmean2": 0.916555941105, "median": 0.463558077812, "min": 0, "dvar2": 2.51902580261, "dvar": 1.02657365799, "dmean": 0.535225987434, "max": 13.6104364395, "var": 2.32872724533, "mean": 1.07174217701}, "spectral_energy": {"dmean2": 0.0162174217403, "median": 0.0305696725845, "min": 1.03956408159e-20, "dvar2": 0.000538708292879, "dvar": 0.00021552904218, "dmean": 0.0101253138855, "max": 0.146740689874, "var": 0.000470970320748, "mean": 0.0334154851735}, "average_loudness": 0.838666319847, "spectral_rolloff": {"dmean2": 742.726745605, "median": 732.12890625, "min": 86.1328125, "dvar2": 2408519.75, "dvar": 1094194.375, "dmean": 434.005737305, "max": 20801.0742188, "var": 3145082, "mean": 1218.54321289}, "spectral_centroid": {"dmean2": 303.968780518, "median": 878.705871582, "min": 94.8679428101, "dvar2": 163137.46875, "dvar": 82258.03125, "dmean": 203.467819214, "max": 11443.1308594, "var": 569311, "mean": 1032.22424316}, "pitch_salience": {"dmean2": 0.106457076967, "median": 0.51530277729, "min": 0.0646074563265, "dvar2": 0.00982094090432, "dvar": 0.00389737682417, "dmean": 0.0655047595501, "max": 0.873410403728, "var": 0.0167565196753, "mean": 0.507031977177}, "spectral_energyband_middle_high": {"dmean2": 0.00332555361092, "median": 0.00255404319614, "min": 1.28729912147e-21, "dvar2": 4.53590328107e-05, "dvar": 2.02126266231e-05, "dmean": 0.00222615851089, "max": 0.0826199650764, "var": 6.80871526129e-05, "mean": 0.00601765140891}, "spectral_contrast_coeffs": {"dmean2": [0.083183079958, 0.0760425180197, 0.0659841373563, 0.0534546859562, 0.0339907221496, 0.0296181552112], "median": [-0.642300844193, -0.691390872002, -0.743486166, -0.782834410667, -0.800852775574, -0.790061056614], "min": [-0.975920021534, -0.979261338711, -0.976942241192, -0.968778967857, -0.965815365314, -0.964703559875], "dvar2": [0.00498940609396, 0.00412632711232, 0.00325684598647, 0.00229236343876, 0.000849341566209, 0.000816234620288], "dvar": [0.00186243385542, 0.00158439553343, 0.00152290484402, 0.00100661104079, 0.000384811748518, 0.000323648622725], "dmean": [0.0497076809406, 0.0463643558323, 0.0422723814845, 0.0339151471853, 0.0217272993177, 0.0183289647102], "max": [-0.268187701702, -0.282620131969, -0.394144624472, -0.463975608349, -0.551565647125, -0.62295114994], "var": [0.00722996983677, 0.00803551170975, 0.0103899715468, 0.00601039268076, 0.00271669169888, 0.00153021188453], "mean": [-0.629656851292, -0.685405433178, -0.726196825504, -0.768666863441, -0.798272430897, -0.791729867458]}, "melbands_skewness": {"dmean2": 1.25788938999, "median": 2.5248541832, "min": -1.63753390312, "dvar2": 2.15234994888, "dvar": 0.939925611019, "dmean": 0.803498387337, "max": 19.321428299, "var": 4.82432603836, "mean": 2.93010497093}, "spectral_spread": {"dmean2": 1186736.5, "median": 5651982.5, "min": 845726.375, "dvar2": 2312024883200.0, "dvar": 1313010352130.0, "dmean": 838973.4375, "max": 49880136, "var": 7456739557380.0, "mean": 5876707.5}, "dissonance": {"dmean2": 0.0424215979874, "median": 0.452703654766, "min": 0.132642135024, "dvar2": 0.00179298222065, "dvar": 0.00070955127012, "dmean": 0.0259988605976, "max": 0.499999910593, "var": 0.00252546626143, "mean": 0.438869535923}, "spectral_skewness": {"dmean2": 0.398061424494, "median": 1.67343068123, "min": -0.419609963894, "dvar2": 0.337898999453, "dvar": 0.169666960835, "dmean": 0.277230411768, "max": 10.7876577377, "var": 1.00878465176, "mean": 1.97921442986}, "spectral_flux": {"dmean2": 0.0408447086811, "median": 0.0767585486174, "min": 6.64790375526e-11, "dvar2": 0.0019508714322, "dvar": 0.000958043616265, "dmean": 0.0265494193882, "max": 0.308914542198, "var": 0.00292992172763, "mean": 0.085460677743}, "spectral_contrast_valleys": {"dmean2": [0.656381011009, 0.599154055119, 0.608819663525, 0.547729492188, 0.433692872524, 0.4399535954], "median": [-6.78179216385, -6.77212953568, -7.5933804512, -8.04627227783, -7.74911785126, -9.64180755615], "min": [-27.7093105316, -27.8559551239, -27.450214386, -27.5767173767, -27.5128917694, -27.4335212708], "dvar2": [0.316764444113, 0.280947834253, 0.390479564667, 0.35718652606, 0.28666472435, 0.265192806721], "dvar": [0.141570985317, 0.130288630724, 0.187390074134, 0.177902758121, 0.162336051464, 0.181710556149], "dmean": [0.394743174314, 0.370579570532, 0.391463011503, 0.365555524826, 0.312713354826, 0.348424822092], "max": [-5.14857053757, -4.5333070755, -4.97412967682, -5.4965596199, -5.64754247665, -7.47382736206], "var": [2.53645730019, 2.30186414719, 2.55518984795, 2.46013712883, 2.56931519508, 2.89915084839], "mean": [-7.211977005, -7.0551404953, -7.8097577095, -8.31247425079, -8.1709022522, -10.1089677811]}, "erbbands_flatness_db": {"dmean2": 0.0284371934831, "median": 0.131850332022, "min": 0.0294424705207, "dvar2": 0.000912884483114, "dvar": 0.000490034755785, "dmean": 0.0204375963658, "max": 0.468051731586, "var": 0.00458199344575, "mean": 0.14873456955}, "spectral_energyband_high": {"dmean2": 0.000926021952182, "median": 0.000501702423207, "min": 7.28111355474e-21, "dvar2": 2.9849522889e-06, "dvar": 1.23375457406e-06, "dmean": 0.000603846739978, "max": 0.0229006893933, "var": 2.92686877401e-06, "mean": 0.00124392623547}, "spectral_entropy": {"dmean2": 0.309075146914, "median": 7.53477287292, "min": 3.8106136322, "dvar2": 0.138395518064, "dvar": 0.076763689518, "dmean": 0.221276178956, "max": 9.81399726868, "var": 0.675134956837, "mean": 7.29315328598}, "silence_rate_20dB": {"dmean2": 0, "median": 1, "min": 1, "dvar2": 0, "dvar": 0, "dmean": 0, "max": 1, "var": 0, "mean": 1}, "melbands_flatness_db": {"dmean2": 0.0407607071102, "median": 0.229614853859, "min": 0.00413490878418, "dvar2": 0.00199672416784, "dvar": 0.00104728422593, "dmean": 0.0282510835677, "max": 0.694310903549, "var": 0.0129029517993, "mean": 0.253010064363}, "barkbands": {"dmean2": [0.000412246910855, 0.00756419915706, 0.00402451725677, 0.0026078321971, 0.0044484147802, 0.00234159245156, 0.00135103869252, 0.0005393117317, 0.00143584527541, 0.0011354413582, 0.00095436751144, 0.000902145868167, 0.000738451897632, 0.000560642627534, 0.000553745310754, 0.00038184740697, 0.000198008696316, 0.000151164946146, 0.000222155387746, 0.000166657249792, 0.00015207004617, 0.000212601138628, 0.000157565547852, 0.00019763315504, 0.000122858502436, 0.000188824356883, 5.01670911035e-05], "median": [3.47444001818e-05, 0.00551515072584, 0.0031947765965, 0.000705856189597, 0.00228447373956, 0.00166134024039, 0.000744491117075, 0.000182647607289, 0.000440267351223, 0.000157774848049, 0.000218845249037, 0.000136426620884, 0.000109199085273, 0.000103302576463, 7.81117269071e-05, 5.41045301361e-05, 5.60852204217e-05, 4.9277463404e-05, 9.13934782147e-05, 7.54945285735e-05, 7.61704650358e-05, 5.80590021855e-05, 4.97786713822e-05, 6.7502973252e-05, 5.93217337155e-05, 3.01532054436e-05, 1.00883862615e-05], "min": [1.08617390293e-24, 4.6622618243e-24, 2.81864675436e-24, 1.44351329907e-24, 5.02295151271e-24, 1.30590290392e-23, 1.28816741751e-23, 9.61321518548e-24, 4.94489727601e-24, 2.78726709029e-23, 2.97360676461e-23, 2.31825378339e-23, 2.82094577114e-23, 6.46525280588e-23, 5.51638566553e-23, 6.41943324015e-23, 1.27423515574e-22, 1.15276067375e-22, 1.8657595394e-22, 1.53934593621e-22, 3.5351588515e-22, 4.09452762383e-22, 4.01941923041e-22, 6.07390282355e-22, 1.02202960955e-21, 1.39554063216e-21, 2.07448981251e-21], "dvar2": [7.19448394193e-07, 0.000175637193024, 4.99277884956e-05, 2.69175034191e-05, 7.53959757276e-05, 1.44049536175e-05, 8.19071283331e-06, 1.69518636994e-06, 1.09973680082e-05, 1.19945625556e-05, 4.72806505059e-06, 6.35709557173e-06, 8.06704611023e-06, 2.31510898629e-06, 5.06444985149e-06, 1.93468622456e-06, 4.23828197427e-07, 1.55732024609e-07, 9.94019274003e-07, 1.56061361167e-07, 1.11528294156e-07, 2.36451384694e-07, 1.6799468483e-07, 1.73973361939e-07, 6.53373462001e-08, 1.30259877551e-07, 1.15328360195e-08], "dvar": [3.15290776598e-07, 6.23756859568e-05, 1.78612626769e-05, 1.05252865978e-05, 2.83982044493e-05, 5.61799924981e-06, 3.30209377353e-06, 6.95141636697e-07, 5.08298398927e-06, 5.37706364412e-06, 1.91972594621e-06, 2.8029328405e-06, 3.30482839672e-06, 1.04932121303e-06, 2.20885590352e-06, 8.86201803496e-07, 1.85189861668e-07, 6.63506298793e-08, 3.77663042173e-07, 6.53418794627e-08, 4.69114134205e-08, 8.93872922347e-08, 6.42824389274e-08, 6.95825264074e-08, 2.94335986695e-08, 5.23918188833e-08, 4.60898608168e-09], "dmean": [0.000263656227617, 0.00431552669033, 0.002333128592, 0.00153156567831, 0.00269920029677, 0.00146069726907, 0.000847053597681, 0.000329704838805, 0.000977631425485, 0.000750658800825, 0.000601291598286, 0.000582651467994, 0.000476761953905, 0.000353884039214, 0.000355947908247, 0.000250576413237, 0.000125992984977, 9.46023719735e-05, 0.000140103045851, 0.000103238409793, 9.5742616395e-05, 0.000130610991619, 9.72800917225e-05, 0.000125924067106, 8.00835332484e-05, 0.000121221302834, 3.14801291097e-05], "max": [0.00521536404267, 0.0857561528683, 0.0476305484772, 0.0385878011584, 0.0658221170306, 0.0376693829894, 0.0449619479477, 0.0182527936995, 0.0591266825795, 0.0587262883782, 0.0244336724281, 0.0339390933514, 0.0430373772979, 0.0366064570844, 0.0402899123728, 0.0291867088526, 0.0155027192086, 0.00785090774298, 0.0337801501155, 0.00686595542356, 0.00815862417221, 0.00723186926916, 0.0109750330448, 0.00593775324523, 0.00565143302083, 0.00267760828137, 0.000981207587756], "var": [5.93745483002e-07, 8.24189119157e-05, 2.43387257797e-05, 1.04773862404e-05, 3.1760395359e-05, 1.21864641187e-05, 6.55537360217e-06, 9.51079130118e-07, 1.89752627193e-05, 1.72884956555e-05, 2.84399675365e-06, 9.43647773965e-06, 5.07571303388e-06, 2.77955336969e-06, 2.85388591692e-06, 2.28232693189e-06, 3.56187541684e-07, 1.17301425462e-07, 4.35485191019e-07, 1.38371859748e-07, 1.13840890492e-07, 1.28203268446e-07, 9.75894280941e-08, 1.19521061492e-07, 6.83837910742e-08, 6.2409931445e-08, 4.42284342483e-09], "mean": [0.000364275299944, 0.00792191270739, 0.00455954764038, 0.00180388288572, 0.0040073338896, 0.0027998900041, 0.00162721320521, 0.000481848954223, 0.00225097942166, 0.0013955355389, 0.000876441772562, 0.00116857374087, 0.000716529029887, 0.00057282182388, 0.000488974852487, 0.000429352890933, 0.000202001436264, 0.000155935995281, 0.000259965745499, 0.000199735004571, 0.000198971290956, 0.00021285173716, 0.000172624495463, 0.00021527527133, 0.000154016219312, 0.000142110176967, 3.62905593647e-05]}, "erbbands_skewness": {"dmean2": 0.628486394882, "median": 0.684161305428, "min": -5.66649866104, "dvar2": 0.516550838947, "dvar": 0.238504394889, "dmean": 0.422704845667, "max