{"tonal": {"thpcp": [1, 0.542047262192, 0.186735808849, 0.264320403337, 0.375032842159, 0.383033931255, 0.421430975199, 0.478861540556, 0.404784649611, 0.410021543503, 0.535724282265, 0.530914366245, 0.452134490013, 0.414546489716, 0.362015873194, 0.358954995871, 0.380255609751, 0.354680716991, 0.422960102558, 0.537851691246, 0.44210344553, 0.266082584858, 0.179240375757, 0.15401314199, 0.189298838377, 0.231948390603, 0.201677754521, 0.179605677724, 0.22942724824, 0.256169587374, 0.275917351246, 0.312615901232, 0.313937902451, 0.419946074486, 0.603103041649, 0.880166888237], "hpcp": {"dmean2": [0.321931540966, 0.300044447184, 0.260475635529, 0.226715072989, 0.223919689655, 0.247266754508, 0.250084370375, 0.245816022158, 0.225232213736, 0.176697075367, 0.122546508908, 0.107982039452, 0.105947650969, 0.108131125569, 0.100373372436, 0.0947175174952, 0.112204350531, 0.130124360323, 0.14629112184, 0.136245280504, 0.149308055639, 0.216078326106, 0.239012554288, 0.32283744216, 0.43854829669, 0.249455615878, 0.10626514256, 0.143716216087, 0.176974311471, 0.195648089051, 0.235808849335, 0.247256696224, 0.246426537633, 0.240587130189, 0.274276942015, 0.305570721626], "median": [0.0234043411911, 0.0183267369866, 0.0152996759862, 0.0168840810657, 0.0163154304028, 0.019083397463, 0.0252272449434, 0.032923489809, 0.0303540788591, 0.0194703899324, 0.0140970312059, 0.0146462228149, 0.0183787234128, 0.0207229778171, 0.0201275236905, 0.0196863822639, 0.0198724530637, 0.0218063853681, 0.0270700659603, 0.0281323455274, 0.0295618474483, 0.0341321490705, 0.0344671234488, 0.130101889372, 0.107839025557, 0.0700001642108, 0.0135967144743, 0.0161964297295, 0.0206452198327, 0.0219455175102, 0.0198917016387, 0.0189273916185, 0.0196893438697, 0.0274044759572, 0.0308725163341, 0.0275982879102], "min": [0, 0, 0, 0, 0, 0, 0, 0, 0, 0, 0, 0, 0, 0, 0, 0, 0, 0, 0, 0, 0, 0, 0, 0, 0, 0, 0, 0, 0, 0, 0, 0, 0, 0, 0, 0], "dvar2": [0.191168814898, 0.188890784979, 0.151572108269, 0.135911270976, 0.137950286269, 0.149575188756, 0.144919574261, 0.143319800496, 0.127840474248, 0.104140996933, 0.0606291927397, 0.0639712065458, 0.0505985692143, 0.050204873085, 0.0393967069685, 0.0413413383067, 0.052876021713, 0.062328658998, 0.0889048799872, 0.0719076022506, 0.0741152465343, 0.114394031465, 0.140644907951, 0.120479099452, 0.247514635324, 0.0840521901846, 0.0575192645192, 0.0781567469239, 0.110724598169, 0.114139646292, 0.153890773654, 0.162515372038, 0.164794430137, 0.132847860456, 0.175379127264, 0.178810179234], "dvar": [0.0668947845697, 0.0656437426805, 0.0547411367297, 0.0490739867091, 0.0515505820513, 0.0518232509494, 0.0513955503702, 0.0525147765875, 0.0456635765731, 0.0371102169156, 0.0216778274626, 0.0212284773588, 0.0175042245537, 0.0179432798177, 0.0140314167365, 0.0149043975398, 0.0193869136274, 0.0230998583138, 0.0306309927255, 0.0252979025245, 0.0264236982912, 0.0399437248707, 0.05329548195, 0.0466227531433, 0.0961949378252, 0.0319182835519, 0.0206174198538, 0.0275829285383, 0.0426266156137, 0.0413333103061, 0.0553209483624, 0.0597346946597, 0.0565229095519, 0.0470596551895, 0.0637220069766, 0.064193315804], "dmean": [0.175760135055, 0.161011964083, 0.14227424562, 0.124137833714, 0.122300133109, 0.135935410857, 0.139534264803, 0.139235556126, 0.12732540071, 0.0978848189116, 0.0665824040771, 0.0578379109502, 0.0583062209189, 0.0609538964927, 0.0556984134018, 0.0522049888968, 0.0629667043686, 0.0736709460616, 0.080848261714, 0.0758659094572, 0.0836432725191, 0.120995342731, 0.134725734591, 0.182572603226, 0.241232216358, 0.139031231403, 0.0581924915314, 0.0800349339843, 0.0971366763115, 0.110043272376, 0.130620107055, 0.133390501142, 0.134719178081, 0.135390222073, 0.150365814567, 0.16877938807], "max": [1, 1, 1, 1, 1, 1, 1, 1, 1, 1, 1, 1, 1, 1, 1, 1, 1, 1, 1, 1, 1, 1, 1, 1, 1, 1, 1, 1, 1, 1, 1, 1, 1, 1, 1, 1], "var": [0.0611337311566, 0.0607251934707, 0.0483642183244, 0.0505934692919, 0.0595367588103, 0.0460949204862, 0.0538611635566, 0.0777673274279, 0.0562594719231, 0.0310024153441, 0.0171744506806, 0.0137938130647, 0.0154729196802, 0.0227114986628, 0.0146997021511, 0.0131375603378, 0.0208767727017, 0.0248984713107, 0.0288698542863, 0.0371895618737, 0.035224314779, 0.0501798689365, 0.0940290093422, 0.0974721908569, 0.138692229986, 0.0433622300625, 0.0217708032578, 0.0309395678341, 0.0597010180354, 0.0521757118404, 0.0619276463985, 0.0808778554201, 0.0568532980978, 0.0485193282366, 0.0853167921305, 0.0760721713305], "mean": [0.1428373456, 0.130962625146, 0.11436726898, 0.113400280476, 0.120129525661, 0.1120499596, 0.133620634675, 0.169916927814, 0.139668360353, 0.0840602293611, 0.0566252283752, 0.0486554950476, 0.059802878648, 0.0732766315341, 0.0637135952711, 0.0567406341434, 0.0724801570177, 0.0809285417199, 0.0871672108769, 0.0987609326839, 0.0991785749793, 0.132668450475, 0.190531000495, 0.278060406446, 0.315917819738, 0.171242386103, 0.0589931681752, 0.0835035219789, 0.118479557335, 0.121007248759, 0.13313755393, 0.151280894876, 0.127878680825, 0.129533112049, 0.169244855642, 0.16772530973]}, "tuning_equal_tempered_deviation": 0.312287777662, "chords_changes_rate": 0.0952868834138, "key_key": "E", "tuning_diatonic_strength": 0.501311182976, "key_scale": "major", "chords_number_rate": 0.00870901625603, "tuning_frequency": 434.193115234, "tuning_nontempered_energy_ratio": 0.895165026188, "chords_histogram": [7.63319683075, 10.1434421539, 6.91598367691, 4.20081949234, 0.256147533655, 2.76639342308, 14.1393442154, 1.17827868462, 9.27254104614, 0.87090164423, 5.68647527695, 0, 0.102459013462, 1.38319671154, 0.973360657692, 2.45901632309, 1.33196723461, 10.6045084, 1.17827868462, 0.153688520193, 3.43237709999, 0.102459013462, 6.14754104614, 9.06762313843], "key_strength": 0.551271796227, "chords_key": "C#", "chords_strength": {"dmean2": 0.0171498805285, "median": 0.449229836464, "min": -1, "dvar2": 0.00311336130835, "dvar": 0.0014891960891, "dmean": 0.0138911772519, "max": 0.766379535198, "var": 0.0353330299258, "mean": 0.440331727266}, "chords_scale": "major", "hpcp_entropy": {"dmean2": 1.18030619621, "median": 2.57560610771, "min": 0, "dvar2": 0.884663999081, "dvar": 0.328015476465, "dmean": 0.701109528542, "max": 4.4846997261, "var": 0.849280953407, "mean": 2.54611301422}}, "metadata": {"audio_properties": {"equal_loudness": 0, "codec": "mp3", "downmix": "mix", "sample_rate": 44100, "analysis_sample_rate": 44100, "bit_rate": 128000, "md5_encoded": "ba2423b4a0633c307ea79a447eee50df", "length": 90.5665283203, "replay_gain": -5.33078384399, "lossless": false}, "version": {"essentia_build_sha": "2d9f1f26377add8aeb1075a9c2973f962c4f09fd", "essentia": "2.1-beta2", "extractor": "music 1.0", "essentia_git_sha": "v2.1_beta2-1-ge3940c0"}, "tags": {"title": ["Ei tulevaisuutta (Onks jotain uutta?)"], "media": ["Cassette"], "albumartist": ["\"Alakulttuurin kusip\u00e4\u00e4t\""], "musicbrainz_recordingid": ["1b9030ef-9470-4a2f-9ed4-62ebf3ae3c29"], "originalyear": ["1998"], "discnumber": ["1/1"], "album": ["Vitun kova meininki"], "contentgroup": ["Punk"], "musicbrainz album type": ["album/compilation"], "musicbrainz album status": ["official"], "file_name": "02 -  Ei tulevaisuutta (Onks jotain uutta_).mp3", "musicbrainz_albumartistid": ["51cb8267-8a20-4cba-bb98-a7535047e557"], "date": ["1998"], "genre": ["Punk;Punk Rock"], "musicbrainz_releasegroupid": ["b9857300-f55e-3efc-a2ae-98a626fb53a1"], "script": ["Latn"], "originaldate": ["1998"], "musicbrainz_albumid": ["275423a0-ab7a-4a16-94e6-36f1822984d4"], "artist": ["\"Alakulttuurin kusip\u00e4\u00e4t\""], "artistsort": ["\"Alakulttuurin kusip\u00e4\u00e4t\""], "tracknumber": ["2/11"], "musicbrainz album release country": ["FI"], "albumartistsort": ["\"Alakulttuurin kusip\u00e4\u00e4t\""], "musicbrainz_artistid": ["51cb8267-8a20-4cba-bb98-a7535047e557"]}}, "rhythm": {"bpm_histogram_first_peak_bpm": {"dmean2": 0, "median": 129, "min": 129, "dvar2": 0, "dvar": 0, "dmean": 0, "max": 129, "var": 0, "mean": 129}, "bpm": 128.418609619, "bpm_histogram_second_peak_spread": {"dmean2": 0, "median": 0.319999992847, "min": 0.319999992847, "dvar2": 0, "dvar": 0, "dmean": 0, "max": 0.319999992847, "var": 0, "mean": 0.319999992847}, "bpm_histogram_first_peak_weight": {"dmean2": 0, "median": 0.5, "min": 0.5, "dvar2": 0, "dvar": 0, "dmean": 0, "max": 0.5, "var": 0, "mean": 0.5}, "onset_rate": 3.87498307228, "beats_position": [0.49922901392, 0.99845802784, 1.50929701328, 2.04335594177, 2.55419492722, 3.00698399544, 3.45977306366, 3.90095233917, 4.34213161469, 4.82975053787, 5.30575942993, 5.78176879883, 6.24616765976, 6.71056699753, 7.18657588959, 7.66258478165, 8.12698364258, 8.6146030426, 9.07900238037, 9.55501079559, 10.0310201645, 10.4954195023, 10.95981884, 11.4242172241, 11.8886165619, 12.3646259308, 12.8290243149, 13.3050336838, 13.7694330215, 14.2338323593, 14.7214508057, 15.1974601746, 15.6618595123, 16.1378688812, 16.602268219, 17.0782756805, 17.5426750183, 18.0186843872, 18.483083725, 18.9474830627, 19.4118824005, 19.8762817383, 20.3406791687, 20.8050785065, 21.2694778442, 21.7454872131, 22.221496582, 22.6742858887, 23.1386852264, 23.6030826569, 24.0790920258, 24.5551013947, 25.0311107635, 25.5071201324, 25.9831295013, 26.4475269318, 26.9119262695, 27.3879356384, 27.8639450073, 28.3515644073, 28.8391838074, 29.3151912689, 29.7912006378, 30.2555999756, 30.7083892822, 31.17278862, 31.6371879578, 32.1015853882, 32.5775947571, 33.0652160645, 33.5296134949, 33.99401474, 34.4700202942, 34.9460296631, 35.4104309082, 35.8748283386, 36.3392295837, 36.8036270142, 37.2680282593, 37.7440338135, 38.2200431824, 38.6844444275, 39.1488418579, 39.613243103, 40.0776405334, 40.5420417786, 41.006439209, 41.4824485779, 41.9468460083, 42.4228553772, 42.8872566223, 43.3516540527, 43.8160552979, 44.2920608521, 44.7448501587, 45.2092514038, 45.6736488342, 46.1380500793, 46.6024475098, 47.0668487549, 47.5544662476, 48.0420837402, 48.5297050476, 49.0057144165, 49.5049438477, 49.9925613403, 50.4685707092, 50.9213600159, 51.3741493225, 51.8385467529, 52.3145561218, 52.8021774292, 53.2897949219, 53.7774124146, 54.2418136597, 54.7062110901, 55.182220459, 55.6582298279, 56.122631073, 56.5986366272, 57.0746459961, 57.5622673035, 58.0382766724, 58.5142860413, 58.9786834717, 59.4430847168, 59.9074821472, 60.3718795776, 60.8362808228, 61.3006782532, 61.7650794983, 62.2294769287, 62.6822662354, 63.135055542, 63.5762329102, 64.0290222168, 64.4934234619, 64.9694290161, 65.4338302612, 65.8982315063, 66.3626327515, 66.8270263672, 67.2914276123, 67.7558288574, 68.2202224731, 68.6846237183, 69.1490249634, 69.6134262085, 70.0778198242, 70.5422210693, 71.0066223145, 71.4826278687, 71.9586410522, 72.4346466064, 72.91065979, 73.3866653442, 73.8626708984, 74.3154602051, 74.7682495117, 75.2326507568, 75.697052002, 76.1614532471, 76.6258468628, 77.0902481079, 77.554649353, 78.0190429688, 78.4834442139, 78.947845459, 79.4122467041, 79.8882522583, 80.3642578125, 80.8286590576, 81.2930603027, 81.7574615479, 82.2218551636, 82.6862564087, 83.1506576538, 83.6150588989, 84.0794525146, 84.5554656982, 85.0314712524, 85.507484436, 85.9951019287, 86.4943313599, 86.9819488525, 87.4811782837, 87.9687957764, 88.4680252075, 88.9672546387, 89.4664840698, 89.965713501], "beats_loudness": {"dmean2": 0.0293480120599, "median": 0.0462404005229, "min": 0, "dvar2": 0.000702670658939, "dvar": 0.00034357586992, "dmean": 0.0177051015198, "max": 0.197741091251, "var": 0.000543824862689, "mean": 0.0474567525089}, "danceability": 1.0674778223, "bpm_histogram_second_peak_weight": {"dmean2": 0, "median": 0.0894736871123, "min": 0.0894736871123, "dvar2": 0, "dvar": 0, "dmean": 0, "max": 0.0894736871123, "var": 0, "mean": 0.0894736871123}, "beats_count": 191, "bpm_histogram_second_peak_bpm": {"dmean2": 0, "median": 123, "min": 123, "dvar2": 0, "dvar": 0, "dmean": 0, "max": 123, "var": 0, "mean": 123}, "bpm_histogram_first_peak_spread": {"dmean2": 0, "median": 0.402515739202, "min": 0.402515739202, "dvar2": 0, "dvar": 0, "dmean": 0, "max": 0.402515739202, "var": 0, "mean": 0.402515739202}, "beats_loudness_band_ratio": {"dmean2": [0.297973185778, 0.14692877233, 0.0615341179073, 0.120843969285, 0.105221912265, 0.0766049772501], "median": [0.630525410175, 0.0813961699605, 0.0399690717459, 0.0445105731487, 0.0793925896287, 0.0635882616043], "min": [0, 0, 0, 0, 0, 0], "dvar2": [0.0676532387733, 0.0253333393484, 0.00461198622361, 0.0249240938574, 0.0126463007182, 0.00803271401674], "dvar": [0.0253565255553, 0.00912823528051, 0.00170865806285, 0.00931205786765, 0.00500662159175, 0.00257147569209], "dmean": [0.169335395098, 0.0801903009415, 0.0348598919809, 0.0702956840396, 0.0594704337418, 0.0423872843385], "max": [0.993998885155, 0.912842750549, 0.265226364136, 0.546816945076, 0.579840779305, 0.354763954878], "var": [0.0470734275877, 0.00815975572914, 0.0016345808981, 0.0111018260941, 0.00890269409865, 0.00251200166531], "mean": [0.598966181278, 0.100349158049, 0.0488244406879, 0.084842428565, 0.106389597058, 0.0703315064311]}}, "lowlevel": {"barkbands_spread": {"dmean2": 10.3530302048, "median": 26.9395256042, "min": 0.0826278105378, "dvar2": 92.3441772461, "dvar": 37.6835174561, "dmean": 6.59453964233, "max": 68.7070236206, "var": 121.161903381, "mean": 26.829240799}, "melbands_spread": {"dmean2": 10.6648416519, "median": 18.4584884644, "min": 0.0552578605711, "dvar2": 126.122055054, "dvar": 54.7339706421, "dmean": 6.79310321808, "max": 160.85017395, "var": 492.142913818, "mean": 24.0471286774}, "hfc": {"dmean2": 12.8631753922, "median": 22.0293655396, "min": 1.06504096373e-16, "dvar2": 356.831329346, "dvar": 152.472091675, "dmean": 8.65280532837, "max": 185.886489868, "var": 320.64743042, "mean": 25.705368042}, "barkbands_kurtosis": {"dmean2": 6.22199010849, "median": 2.47599744797, "min": -1.72624969482, "dvar2": 516.45916748, "dvar": 225.322174072, "dmean": 3.90304112434, "max": 644.24810791, "var": 466.33984375, "mean": 5.46438789368}, "gfcc": {"mean": [-2.27007365227, 88.0439987183, -111.641273499, 59.9084625244, -34.1289520264, 20.6527748108, -27.9311256409, 17.065984726, -19.5290088654, 1.3410538435, -16.1210861206, 1.28090512753, -10.0020503998], "icov": [[0.000380474084523, -0.00130420329515, 0.000729872088414, -0.000959217606578, 0.000669209635817, -0.00124891696032, 0.000487933080876, -0.00126023194753, 0.00121436966583, -0.00196522171609, 0.00224739848636, -0.00167976028752, 0.00149970559869], [-0.00130420329515, 0.00594657985494, -0.00227925018407, 0.00342799327336, -0.00269921915606, 0.00435558939353, -0.00182579376269, 0.00415509566665, -0.00448334170505, 0.00890456698835, -0.00920910388231, 0.00772807002068, -0.00551059376448], [0.000729872088414, -0.00227925018407, 0.00267937057652, -0.00121182191651, 0.000849222938996, -0.00285691861063, 0.000529416371137, -0.0023787189275, 0.000975297298282, -0.0043567805551, 0.00441923132166, -0.00313237891532, 0.00256361672655], [-0.000959217606578, 0.00342799327336, -0.00121182191651, 0.00654749711975, -0.00113038287964, 0.001833406277, 0.00153388117906, 0.000892827461939, -0.00284062884748, 0.00465366663411, -0.00911269616336, 0.00941601581872, -0.00501992413774], [0.000669209635817, -0.00269921915606, 0.000849222938996, -0.00113038287964, 0.00904833991081, -0.000944952014834, -0.00360772642307, -0.00134574971162, 0.000885629851837, -0.00421459600329, 0.00370690436102, -0.0047754268162, 0.00437540980056], [-0.00124891696032, 0.00435558939353, -0.00285691861063, 0.001833406277, -0.000944952014834, 0.0139328306541, -0.00730691896752, -0.00113887677435, 0.00204495945945, 0.00218986999243, -0.00490667298436, 0.00374028366059, -0.00773790664971], [0.000487933080876, -0.00182579376269, 0.000529416371137, 0.00153388117906, -0.00360772642307, -0.00730691896752, 0.0175120588392, -0.0033574863337, -0.000874111545272, 0.00408768840134, -0.00625650957227, 0.00552647421136, 0.0019205796998], [-0.00126023194753, 0.00415509566665, -0.0023787189275, 0.000892827461939, -0.00134574971162, -0.00113887677435, -0.0033574863337, 0.0253267046064, -0.0165605004877, 0.00536890421063, 0.0048250220716, -0.00872131995857, 0.000957091222517], [0.00121436966583, -0.00448334170505, 0.000975297298282, -0.00284062884748, 0.000885629851837, 0.00204495945945, -0.000874111545272, -0.0165605004877, 0.0290712155402, -0.0136748086661, 0.00141572183929, 0.00698526762426, -0.00523856608197], [-0.00196522171609, 0.00890456698835, -0.0043567805551, 0.00465366663411, -0.00421459600329, 0.00218986999243, 0.00408768840134, 0.00536890421063, -0.0136748086661, 0.0392070151865, -0.021777657792, 0.00731788435951, 0.00634189508855], [0.00224739848636, -0.00920910388231, 0.00441923132166, -0.00911269616336, 0.00370690436102, -0.00490667298436, -0.00625650957227, 0.0048250220716, 0.00141572183929, -0.021777657792, 0.0437116920948, -0.0212044660002, 0.0049164192751], [-0.00167976028752, 0.00772807002068, -0.00313237891532, 0.00941601581872, -0.0047754268162, 0.00374028366059, 0.00552647421136, -0.00872131995857, 0.00698526762426, 0.00731788435951, -0.0212044660002, 0.041587408632, -0.0184809491038], [0.00149970559869, -0.00551059376448, 0.00256361672655, -0.00501992413774, 0.00437540980056, -0.00773790664971, 0.0019205796998, 0.000957091222517, -0.00523856608197, 0.00634189508855, 0.0049164192751, -0.0184809491038, 0.0363990813494]], "cov": [[38937.6289063, 28.7610416412, -3588.31860352, 1882.23999023, -1466.86437988, 1267.95593262, -1194.47106934, 1106.29882813, -749.12890625, 348.590637207, -809.118896484, 432.222595215, -447.627929688], [28.7610416412, 1427.30908203, -148.622039795, -26.3426837921, 182.134811401, -213.671707153, 202.049087524, -220.398193359, 82.9070205688, -168.506561279, 139.901031494, -179.203918457, 80.9596557617], [-3588.31860352, -148.622039795, 1190.34887695, -241.775680542, 160.988983154, 72.1946487427, 138.189926147, 62.2261543274, 112.373344421, 49.8500595093, 20.0095901489, 21.0785503387, 10.7178897858], [1882.23999023, -26.3426837921, -241.775680542, 419.439117432, -102.239578247, 26.277961731, -82.0916290283, 26.962305069, -0.192236557603, 25.5836639404, 2.23643827438, -37.0130844116, -8.74611473083], [-1466.86437988, 182.134811401, 160.988983154, -102.239578247, 228.844955444, -43.1319847107, 116.180023193, -43.573474884, 46.8187484741, -16.9667377472, 48.8011741638, -27.8468971252, 9.87431907654], [1267.95593262, -213.671707153, 72.1946487427, 26.277961731, -43.1319847107, 234.347167969, 4.42412567139, 112.731819153, -32.6208877563, 37.9678840637, -43.886341095, 59.7172851563, -9.30734729767], [-1194.47106934, 202.049087524, 138.189926147, -82.0916290283, 116.180023193, 4.42412567139, 171.948867798, -35.4788551331, 44.8611068726, -33.0061950684, 52.7931900024, -38.7356300354, 22.9929981232], [1106.29882813, -220.398193359, 62.2261543274, 26.962305069, -43.573474884, 112.731819153, -35.4788551331, 164.511886597, 11.4054088593, 43.0545082092, -58.4097747803, 59.9603347778, -20.3901844025], [-749.12890625, 82.9070205688, 112.373344421, -0.192236557603, 46.8187484741, -32.6208877563, 44.8611068726, 11.4054088593, 95.8787384033, 8.74127864838, 27.1995182037, -30.1804904938, 13.5248231888], [348.590637207, -168.506561279, 49.8500595093, 25.5836639404, -16.9667377472, 37.9678840637, -33.0061950684, 43.0545082092, 8.74127864838, 79.1121902466, -4.63682508469, 19.9109535217, -30.9257850647], [-809.118896484, 139.901031494, 20.0095901489, 2.23643827438, 48.8011741638, -43.886341095, 52.7931900024, -58.4097747803, 27.1995182037, -4.63682508469, 82.00806427, -20.3065738678, 20.3061752319], [432.222595215, -179.203918457, 21.0785503387, -37.0130844116, -27.8468971252, 59.7172851563, -38.7356300354, 59.9603347778, -30.1804904938, 19.9109535217, -20.3065738678, 86.9391403198, 4.05357933044], [-447.627929688, 80.9596557617, 10.7178897858, -8.74611473083, 9.87431907654, -9.30734729767, 22.9929981232, -20.3901844025, 13.5248231888, -30.9257850647, 20.3061752319, 4.05357933044, 59.019493103]]}, "spectral_energyband_middle_low": {"dmean2": 0.00899817887694, "median": 0.00561633054167, "min": 1.52110620991e-22, "dvar2": 0.000258366635535, "dvar": 9.43113263929e-05, "dmean": 0.00519346259534, "max": 0.10009188205, "var": 7.79068650445e-05, "mean": 0.00789673253894}, "melbands_crest": {"dmean2": 5.33242988586, "median": 17.8966159821, "min": 1.66054391861, "dvar2": 20.278377533, "dvar": 7.99323558807, "dmean": 3.23615646362, "max": 38.1630058289, "var": 26.0309944153, "mean": 17.4501781464}, "spectral_kurtosis": {"dmean2": 3.34156608582, "median": 3.35537242889, "min": -1.27275955677, "dvar2": 110.532798767, "dvar": 44.8768959045, "dmean": 1.99682247639, "max": 208.192932129, "var": 219.59211731, "mean": 6.03498125076}, "spectral_rms": {"dmean2": 0.00203919829801, "median": 0.00639437092468, "min": 3.11254949766e-12, "dvar2": 5.30068336957e-06, "dvar": 2.1111454771e-06, "dmean": 0.00126808893401, "max": 0.0217857751995, "var": 5.75223202759e-06, "mean": 0.00637015560642}, "zerocrossingrate": {"dmean2": 0.0114390524104, "median": 0.05224609375, "min": 0.001953125, "dvar2": 0.000169976206962, "dvar": 0.00013032964489, "dmean": 0.00896454788744, "max": 0.5302734375, "var": 0.00483794417232, "mean": 0.0626527890563}, "silence_rate_60dB": {"dmean2": 0.0205128211528, "median": 0, "min": 0, "dvar2": 0.0252191890031, "dvar": 0.0101501606405, "dmean": 0.0102537814528, "max": 1, "var": 0.0483992435038, "mean": 0.0509994886816}, "erbbands_kurtosis": {"dmean2": 1.74842584133, "median": 0.165938735008, "min": -1.72262859344, "dvar2": 38.2434616089, "dvar": 15.5348978043, "dmean": 1.11065840721, "max": 177.300491333, "var": 31.4901008606, "mean": 0.999368607998}, "erbbands": {"dmean2": [0.725065946579, 4.01757335663, 10.4400720596, 9.02019119263, 14.0839166641, 20.601436615, 5.51823711395, 5.83284664154, 13.8671588898, 16.4492950439, 10.9365110397, 16.8324279785, 35.3665275574, 59.1417884827, 32.8348960876, 19.5268821716, 26.1068134308, 25.0907936096, 28.5760173798, 34.3569602966, 43.2096824646, 49.6727027893, 28.3008327484, 21.6295986176, 16.9337120056, 13.8670854568, 15.8341808319, 8.73250293732, 4.99475240707, 3.84567856789, 3.15622115135, 1.92787945271, 1.127607584, 0.688496470451, 0.437198966742, 0.195182010531, 0.0539140328765, 0.00898384768516, 0.000289568008156, 4.39338073193e-05], "median": [0.49575060606, 3.31218194962, 8.81237602234, 7.72920131683, 4.82278442383, 3.8277566433, 2.84179544449, 3.69449806213, 4.61689281464, 4.61985015869, 4.09163856506, 6.38572454453, 7.3630232811, 6.56361484528, 7.19325590134, 8.34556865692, 11.2203388214, 15.5069332123, 11.5467071533, 15.8604879379, 33.8421287537, 61.0792236328, 34.6643867493, 25.2666015625, 16.3881835938, 13.1923942566, 16.0980854034, 8.51211166382, 4.05276298523, 3.51982951164, 3.17351150513, 1.97958922386, 1.02096915245, 0.630531072617, 0.343599438667, 0.120940476656, 0.0256185941398, 0.00247213779949, 9.51434049057e-05, 5.63370922464e-05], "min": [8.82836453356e-23, 5.13967239776e-22, 1.07178696697e-21, 4.85850227728e-21, 7.02393550904e-21, 1.53710368807e-20, 3.32513196873e-20, 8.97253020947e-20, 9.8250212563e-20, 1.22648214923e-19, 3.64111205467e-19, 2.86372978294e-19, 5.66129338869e-19, 6.7176252614e-19, 9.69696801061e-19, 1.00104622249e-18, 9.47692762791e-19, 1.6928758918e-18, 2.13595715147e-18, 2.35002963284e-18, 3.25503305178e-18, 4.62801348869e-18, 3.91622043568e-18, 6.16596558619e-18, 6.09372459457e-18, 8.46339769901e-18, 9.47043136497e-18, 1.07504999803e-17, 8.36293247771e-18, 1.13529116322e-17, 1.12406020117e-17, 9.19188573832e-18, 1.03799884132e-17, 8.97872791191e-18, 6.17404962232e-18, 4.43441476145e-18, 2.21383848089e-18, 9.22375866168e-19, 2.47700966338e-19, 2.48803148962e-20], "dvar2": [1.10528469086, 37.5060653687, 255.368270874, 135.283676147, 801.182922363, 1993.89904785, 89.4791488647, 79.35496521, 886.907104492, 5160.61914063, 657.917175293, 2099.95239258, 15399.0380859, 48438.5390625, 21115.6328125, 1589.86328125, 5524.42578125, 4628.125, 5597.4765625, 10296.8007813, 9753.47753906, 3241.0234375, 1186.52282715, 771.501037598, 498.882659912, 440.261383057, 579.15045166, 201.516998291, 70.7906265259, 44.9261932373, 26.027671814, 8.78491020203, 3.23513960838, 1.92278599739, 0.974505722523, 0.16757953167, 0.0138312056661, 0.000385048508178, 1.15670695777e-06, 6.3695377861e-09], "dvar": [0.427935272455, 13.6804533005, 94.1163864136, 50.7781600952, 282.47857666, 721.409362793, 32.1493377686, 29.7792682648, 365.208679199, 1918.42602539, 254.620101929, 855.449157715, 5861.11425781, 19349.9453125, 8400.22949219, 742.776550293, 2159.94897461, 1669.6348877, 2185.80493164, 4234.88037109, 4261.98144531, 1276.54650879, 453.657623291, 290.914978027, 191.03414917, 175.799362183, 231.22505188, 84.0337753296, 29.7946929932, 18.7771587372, 12.0356521606, 3.92861795425, 1.50841736794, 0.899388194084, 0.404812633991, 0.0689117386937, 0.00590500887483, 0.00016970768047, 4.3053634613e-07, 2.35446462327e-09], "dmean": [0.431375473738, 2.34570503235, 6.19170045853, 5.40463066101, 7.88858747482, 11.6024875641, 3.2361805439, 3.53944253922, 8.27311229706, 9.65543651581, 6.48816013336, 10.1046447754, 21.4738101959, 37.0602111816, 20.6315383911, 12.4079761505, 16.4047203064, 15.0706443787, 17.5210342407, 21.3061141968, 26.2570571899, 29.4356746674, 16.8611373901, 12.8896369934, 10.1384077072, 8.48317050934, 9.92888832092, 5.62110280991, 3.27165985107, 2.54519295692, 2.12635827065, 1.32109129429, 0.783636271954, 0.476340144873, 0.288036853075, 0.126083269715, 0.034770000726, 0.00575816771016, 0.000179739537998, 2.67359919235e-05], "max": [7.90108823776, 63.7814788818, 187.976104736, 79.0266189575, 184.243148804, 231.546279907, 75.9940185547, 99.7724838257, 329.813934326, 1049.07995605, 406.246246338, 995.902770996, 1329.61096191, 2779.24902344, 3063.88134766, 490.999298096, 1327.15698242, 1128.02893066, 815.974731445, 1661.71984863, 1443.53210449, 778.26348877, 362.956481934, 368.433135986, 222.965484619, 258.353790283, 249.673171997, 168.388183594, 100.620300293, 88.3885498047, 53.9387512207, 28.9603786469, 25.8960704803, 23.5161190033, 13.8022794724, 4.5007724762, 1.36294746399, 0.3386310637, 0.0191009212285, 0.000876398524269], "var": [0.506578505039, 14.5711307526, 108.608184814, 68.5380783081, 192.245697021, 491.824035645, 29.8355503082, 37.9176139832, 437.462921143, 1480.3927002, 247.478988647, 1097.75097656, 5536.03955078, 31228.8027344, 9765.96386719, 1374.12011719, 2493.35424805, 1620.00695801, 3116.60180664, 5094.90332031, 5242.49707031, 2200.08666992, 714.58215332, 401.279663086, 258.919403076, 304.106811523, 488.789978027, 154.333557129, 51.0798606873, 36.1173324585, 29.0566635132, 9.29128170013, 3.59318351746, 1.58371400833, 0.523322820663, 0.0898418053985, 0.00922426301986, 0.000300340296235, 3.99698677711e-07, 2.45458764425e-09], "mean": [0.679755270481, 4.09678554535, 10.8253135681, 9.53904628754, 8.57023620605, 10.3141298294, 4.45127105713, 5.40715885162, 10.2766046524, 10.4210710526, 8.53262519836, 15.6602201462, 26.2847309113, 53.8008232117, 28.907749176, 18.9073410034, 24.4664497375, 25.3094711304, 25.4580841064, 31.8193855286, 46.4021492004, 66.6351242065, 38.7618293762, 28.4984512329, 20.2474765778, 17.7848911285, 22.7521820068, 12.1183786392, 6.36521196365, 5.33063030243, 4.76063203812, 2.8198723793, 1.60515761375, 0.939399898052, 0.500840365887, 0.203216224909, 0.0589983426034, 0.0096287727356, 0.000271805969533, 6.45796972094e-05]}, "spectral_strongpeak": {"dmean2": 0.547579109669, "median": 0.292596578598, "min": 0, "dvar2": 1.32588922977, "dvar": 0.507180035114, "dmean": 0.308232486248, "max": 10.4398365021, "var": 0.557150542736, "mean": 0.463089257479}, "spectral_energy": {"dmean2": 0.0324754677713, "median": 0.0419101789594, "min": 9.93016269762e-21, "dvar2": 0.00182346254587, "dvar": 0.000715388450772, "dmean": 0.0197259839624, "max": 0.486485511065, "var": 0.00101997773163, "mean": 0.0474893897772}, "average_loudness": 0.952217757702, "spectral_rolloff": {"dmean2": 869.467224121, "median": 882.861328125, "min": 43.06640625, "dvar2": 925322.6875, "dvar": 473584.59375, "dmean": 526.054870605, "max": 19487.5488281, "var": 7622717.5, "mean": 1483.77746582}, "spectral_centroid": {"dmean2": 414.140411377, "median": 1891.47753906, "min": 84.2925109863, "dvar2": 179160.921875, "dvar": 96016.9765625, "dmean": 257.616485596, "max": 11712.7919922, "var": 2125515.75, "mean": 2029.6484375}, "pitch_salience": {"dmean2": 0.121347211301, "median": 0.503335237503, "min": 0.0500843524933, "dvar2": 0.0109746884555, "dvar": 0.00418723095208, "dmean": 0.0743548870087, "max": 0.844440639019, "var": 0.0138035044074, "mean": 0.510625422001}, "spectral_energyband_middle_high": {"dmean2": 0.00474632205442, "median": 0.00453786505386, "min": 1.19443295158e-21, "dvar2": 8.93372343853e-05, "dvar": 3.90373170376e-05, "dmean": 0.00311603909358, "max": 0.115677528083, "var": 7.9263576481e-05, "mean": 0.00730065302923}, "spectral_contrast_coeffs": {"dmean2": [0.0895465314388, 0.0772381797433, 0.0615560077131, 0.0487319864333, 0.0341228246689, 0.0286328401417], "median": [-0.678774237633, -0.787715554237, -0.809213995934, -0.806904196739, -0.787477731705, -0.741612493992], "min": [-0.981139540672, -0.977749168873, -0.977414011955, -0.969203650951, -0.967667639256, -0.96526747942], "dvar2": [0.00561711983755, 0.00391020905226, 0.00269182096235, 0.00156063761096, 0.000743578653783, 0.000539432221558], "dvar": [0.00201832246967, 0.00145218230318, 0.00114836439025, 0.000618078513071, 0.00028889105306, 0.000211687540286], "dmean": [0.052825499326, 0.046541955322, 0.0380823425949, 0.0297108665109, 0.0204434581101, 0.0174339599907], "max": [-0.389348357916, -0.499077796936, -0.522998392582, -0.481854349375, -0.609702289104, -0.553037703037], "var": [0.00537310540676, 0.00372366607189, 0.00442636525258, 0.00262806587853, 0.00173795898445, 0.00287133548409], "mean": [-0.682281851768, -0.784865736961, -0.799362838268, -0.803413450718, -0.790493071079, -0.743919312954]}, "melbands_skewness": {"dmean2": 1.53174209595, "median": 3.89192986488, "min": -0.686535477638, "dvar2": 2.24378967285, "dvar": 0.993025243282, "dmean": 0.997218430042, "max": 17.4546051025, "var": 3.53366613388, "mean": 3.79377126694}, "spectral_spread": {"dmean2": 642202.625, "median": 4309990, "min": 465100.0625, "dvar2": 1086616043520.0, "dvar": 704152862720, "dmean": 432140.53125, "max": 42784092, "var": 29998234730500.0, "mean": 4933597}, "dissonance": {"dmean2": 0.0170668400824, "median": 0.489173859358, "min": 0.234953060746, "dvar2": 0.000446955906227, "dvar": 0.000173919062945, "dmean": 0.0100314691663, "max": 0.500000119209, "var": 0.000357423647074, "mean": 0.48419547081}, "spectral_skewness": {"dmean2": 0.327233910561, "median": 1.20924150944, "min": -0.0839180648327, "dvar2": 0.331469923258, "dvar": 0.142020434141, "dmean": 0.198591440916, "max": 12.3592185974, "var": 1.22798991203, "mean": 1.39989447594}, "spectral_flux": {"dmean2": 0.0556973926723, "median": 0.095686390996, "min": 6.36678557098e-11, "dvar2": 0.00315827596933, "dvar": 0.00160364725161, "dmean": 0.0354825370014, "max": 0.436387777328, "var": 0.00361217698082, "mean": 0.107243768871}, "spectral_contrast_valleys": {"dmean2": [0.599655270576, 0.654752194881, 0.537932276726, 0.47495636344, 0.364254444838, 0.350694984198], "median": [-6.32129383087, -6.74033069611, -7.07440662384, -7.10382080078, -6.6628036499, -9.50862503052], "min": [-28.6620330811, -28.2428855896, -27.7957935333, -27.6395530701, -27.46393013, -27.4064025879], "dvar2": [0.284821689129, 0.389981746674, 0.251967012882, 0.234559744596, 0.172705128789, 0.190982669592], "dvar": [0.156803876162, 0.192512452602, 0.143543094397, 0.134911969304, 0.108560539782, 0.123577848077], "dmean": [0.370015919209, 0.398269295692, 0.341016769409, 0.30343747139, 0.232948645949, 0.266921550035], "max": [-4.95188236237, -4.8562374115, -5.07891178131, -5.60078859329, -5.38562488556, -8.00148200989], "var": [10.0562496185, 9.72807216644, 9.61777687073, 9.71562099457, 10.2481584549, 8.42488098145], "mean": [-6.95124197006, -7.2869977951, -7.62566566467, -7.6990852356, -7.33694458008, -10.3454885483]}, "erbbands_flatness_db": {"dmean2": 0.0213248152286, "median": 0.121254213154, "min": 0.039586506784, "dvar2": 0.000468911573989, "dvar": 0.000239673434407, "dmean": 0.0141858421266, "max": 0.421367675066, "var": 0.00299462978728, "mean": 0.138074547052}, "spectral_energyband_high": {"dmean2": 0.000685149512719, "median": 0.00096089480212, "min": 6.69932689534e-21, "dvar2": 1.25404085338e-06, "dvar": 5.55759015697e-07, "dmean": 0.000477552472148, "max": 0.0142357619479, "var": 1.31711442464e-06, "mean": 0.00124894606415}, "spectral_entropy": {"dmean2": 0.160006135702, "median": 7.89663505554, "min": 4.10703229904, "dvar2": 0.0357734076679, "dvar": 0.020145829767, "dmean": 0.109251871705, "max": 9.82097625732, "var": 0.426571339369, "mean": 7.79244709015}, "silence_rate_20dB": {"dmean2": 0.00102564098779, "median": 1, "min": 0, "dvar2": 0.00153732043691, "dvar": 0.000512404076289, "dmean": 0.000512689060997, "max": 1, "var": 0.00025620762608, "mean": 0.999743700027}, "melbands_flatness_db": {"dmean2": 0.0417499616742, "median": 0.200627863407, "min": 0.00309506687336, "dvar2": 0.00149030110333, "dvar": 0.000701407203451, "dmean": 0.0277162883431, "max": 0.800344884396, "var": 0.0104939509183, "mean": 0.217776313424}, "barkbands": {"dmean2": [0.00246296683326, 0.0189013276249, 0.00919838435948, 0.00272264378145, 0.00534921744838, 0.00062382617034, 0.00111326167826, 0.000564644287806, 0.000838102307171, 0.00159242423251, 0.00120529416017, 0.000509349396452, 0.000598037964664, 0.000558071536943, 0.000592031807173, 0.000796758686192, 0.000880932144355, 0.000479903625092, 0.000401879631681, 0.000292044016533, 0.000305741763441, 0.000132384549943, 0.00010938433843, 7.28771847207e-05, 5.8337001974e-05, 3.40861442965e-05, 2.76744299299e-06], "median": [0.0008292774437, 0.0168355498463, 0.00723174773157, 0.00179296568967, 0.00120655540377, 0.000421782606281, 0.00033437894308, 0.000157823436894, 0.000293051067274, 0.000191221217392, 0.000160801166203, 0.000184411503142, 0.000231003679801, 0.000306992267724, 0.000191069004359, 0.000502389972098, 0.00105415110011, 0.00050793797709, 0.000441358279204, 0.000266350398306, 0.000329297676217, 0.000110609173134, 0.000113169589895, 7.34626082703e-05, 5.29867465957e-05, 1.79095768544e-05, 3.06969297981e-07], "min": [7.02267052009e-25, 3.58449836192e-24, 7.11899783219e-25, 1.06513853246e-24, 5.97775285922e-24, 1.3957038317e-23, 5.34640223322e-24, 5.39696032863e-24, 1.42702476508e-23, 1.70705192709e-23, 1.45461580633e-23, 2.87199390695e-23, 2.35604874045e-23, 3.8849250725e-23, 5.8635753406e-23, 4.79869516009e-23, 7.05205424775e-23, 5.28656082267e-23, 1.25101550831e-22, 1.38011682374e-22, 2.44215584282e-22, 2.39304830484e-22, 3.31077449831e-22, 5.49463860053e-22, 8.83040345501e-22, 1.27485021481e-21, 1.86115193538e-21], "dvar2": [1.32772302095e-05, 0.000773081905209, 0.000187736965017, 1.31622482513e-05, 0.000135246751597, 7.96706103756e-07, 8.8889255494e-06, 4.51140067526e-06, 6.55901203572e-06, 3.26779882016e-05, 2.57369792962e-05, 2.00521071747e-06, 3.05365119857e-06, 1.88067440376e-06, 2.70646501122e-06, 4.24667496191e-06, 1.04581636151e-06, 3.55777103778e-07, 2.37535701331e-07, 1.97059534912e-07, 2.16323840618e-07, 5.54922259255e-08, 2.90615371767e-08, 1.26367485365e-08, 1.58257780214e-08, 4.96157737118e-09, 7.17828158026e-11], "dvar": [5.7013676269e-06, 0.000291279313387, 6.91328023095e-05, 4.82171662952e-06, 4.85834170831e-05, 2.9709934779e-07, 3.54648432221e-06, 1.72935506271e-06, 2.64897607849e-06, 1.22776928038e-05, 1.09205684566e-05, 8.31273951007e-07, 1.18388288683e-06, 7.16941485734e-07, 1.06790673726e-06, 1.86812178526e-06, 4.09307858718e-07, 1.36803251394e-07, 8.91190765628e-08, 7.98523487333e-08, 8.79064216974e-08, 2.29152696818e-08, 1.35409878865e-08, 5.87047210843e-09, 7.03962754756e-09, 2.11790962545e-09, 2.7435834854e-11], "dmean": [0.00151782901958, 0.0111980307847, 0.00548649206758, 0.00160540814977, 0.00299365352839, 0.000379856792279, 0.000664016872179, 0.000326771812979, 0.000497662927955, 0.00097394810291, 0.000773625564761, 0.000318738835631, 0.000369803543435, 0.000335205055308, 0.000361284153769, 0.000489313271828, 0.000521044596098, 0.000287014961941, 0.000239924789639, 0.000179156268132, 0.000195101078134, 8.71387455845e-05, 7.36748697818e-05, 5.17294938618e-05, 4.03016711061e-05, 2.19964185817e-05, 1.66807149071e-06], "max": [0.0261431522667, 0.285004258156, 0.137042969465, 0.0297303795815, 0.0675329118967, 0.0101124728099, 0.0366701669991, 0.0420403108001, 0.0460400432348, 0.0647093430161, 0.0909604281187, 0.0233920067549, 0.0267282836139, 0.0212277397513, 0.0197376310825, 0.0450632832944, 0.013079315424, 0.00667313020676, 0.0062146037817, 0.00567410187796, 0.00531479204074, 0.00294360378757, 0.00183939165436, 0.00111427751835, 0.00179458467755, 0.000782002636697, 0.00013494992163], "var": [6.72969463267e-06, 0.000331309740432, 8.36762628751e-05, 5.88189186601e-06, 3.24893590005e-05, 3.97673488806e-07, 3.71429518964e-06, 1.36131757245e-06, 2.87939701593e-06, 1.25895121528e-05, 1.81741561391e-05, 1.08262952381e-06, 1.30750595417e-06, 1.01872331015e-06, 1.2727491594e-06, 2.2371225441e-06, 6.81117057866e-07, 2.02674343086e-07, 1.29364224222e-07, 1.30302225898e-07, 1.92568577972e-07, 3.65914054612e-08, 3.45219568487e-08, 1.52868082637e-08, 1.08705853208e-08, 3.21156479188e-09, 2.88440521468e-11], "mean": [0.00176978704985, 0.0201795250177, 0.00923478603363, 0.00242937728763, 0.00278373574838, 0.000599197635893, 0.000784729840234, 0.000361929240171, 0.000705368816853, 0.00115425011609, 0.00110308919102, 0.000439196650404, 0.000530719524249, 0.000526851741597, 0.000472427374916, 0.00077465135837, 0.00115992245264, 0.000595166231506, 0.000506035925355, 0.000361944257747, 0.000454585358966, 0.000168925747857, 0.000168194426806, 0.000110422974103, 7.55279252189e-05, 3.69115950889e-05, 2.12404052036e-06]}, "erbbands_skewness": {"dmean2": 0.509326100349, "median": -0.718376219273, "min": -2.41831064224, "dvar2": 0.276846140623, "dvar": 0.12627774477, "dmean": 0.321804225445, "max": 9.84466171265, "var": 0.85632199049, "mean": -0.522159099579}, "erbbands_spread": {"dmean2": 13.5685157776, "median": 44.5196304321, "min": 1.50623500347, "dvar2": 146.266143799, "dvar": 62.1363105774, "dmean": 8.69111442566, "max": 105.55657959, "var": 245.916488647, "mean": 42.6220779419}, "melbands_kurtosis": {"dmean2": 17.9832172394, "median": 16.9441261292, "min": -1.70816493034, "dvar2": 1923.09179688, "dvar": 1068.42553711, "dmean": 11.5110826492, "max": 1659.57226563, "var": 1815.76330566, "mean": 21.6447277069}, "melbands": {"dmean2": [0.00556669617072, 0.00513874134049, 0.00158539984841, 0.00141832593363, 0.000285203452222, 0.000131121501909, 0.000213624938624, 0.000167741120094, 8.85823537828e-05, 0.000116814364446, 0.000186046920135, 0.000247842544923, 0.000138055445859, 5.80439591431e-05, 6.35724936728e-05, 5.28659875272e-05, 5.00654823554e-05, 4.92983817821e-05, 4.71496532555e-05, 5.11378711963e-05, 5.48401294509e-05, 5.77443897782e-05, 4.03669910156e-05, 2.21819773287e-05, 1.92717398022e-05, 1.52996599354e-05, 9.94011588773e-06, 1.00225488495e-05, 1.15190241559e-05, 8.40186112328e-06, 4.76768718727e-06, 3.07478421746e-06, 2.71916292149e-06, 2.21128698286e-06, 2.10432085623e-06, 1.62534161063e-06, 1.13677822355e-06, 8.55428140767e-07, 7.17438581432e-07, 6.05797822573e-07], "median": [0.00456316582859, 0.00484105944633, 0.0013702348806, 0.000317202473525, 0.000122536206618, 8.58639614307e-05, 7.13107510819e-05, 4.76268105558e-05, 3.15897268592e-05, 4.13884554291e-05, 3.20147664752e-05, 2.50079065154e-05, 2.32729234995e-05, 1.92319057533e-05, 2.59523039858e-05, 2.23892202484e-05, 2.94648434647e-05, 1.85199969565e-05, 1.60503823281e-05, 2.67269060714e-05, 3.98557313019e-05, 6.30253634881e-05, 4.6269808081e-05, 2.04176994885e-05, 2.02866103791e-05, 1.41801392601e-05, 8.00255929789e-06, 8.2875649241e-06, 1.01258119685e-05, 8.09713674244e-06, 3.43141505255e-0