{"metadata": {"tags": {"album": ["Guerrilla Warfare"], "albumartist": ["The Hot Boys"], "filetype": ["audio/mp3"], "genre": ["\u00c4\u00cf\u00b7\u00bd Rap"], "artist": ["The Hot Boys"], "date": ["1999"], "tracknumber": ["11"], "title": ["You Dig (Featuring Juvenile)"], "file_name": "165953.mp3", "musicbrainz_recordingid": ["1b92e18a-4ec7-4585-9681-e26b65af0feb"]}, "audio_properties": {"sample_rate": 44100, "downmix": "mix", "lossless": false, "analysis_sample_rate": 44100, "md5_encoded": "c5ba451ff7d6a29dc47b8780146d2363", "equal_loudness": 0, "replay_gain": -14.0382022858, "codec": "mp3", "bit_rate": 192000, "length": 237.217956543}, "version": {"extractor": "music 1.0", "essentia_build_sha": "70f2e5ece6736b2c40cc944ad0e695b16b925413", "essentia_git_sha": "v2.1_beta2", "essentia": "2.1-beta2"}}, "rhythm": {"beats_loudness_band_ratio": {"dvar2": [0.229501277208, 0.0136675490066, 0.0403977558017, 0.0515435598791, 0.0119654210284, 0.0322092063725], "var": [0.0848904177547, 0.00555854896083, 0.0171625185758, 0.0116066811606, 0.00519073661417, 0.0179170742631], "min": [0.000536468869541, 0.0002665615757, 0.000135232738103, 1.24303096527e-05, 4.06754588766e-06, 3.57461817657e-06], "dmean": [0.410593867302, 0.0684796571732, 0.147161766887, 0.12801015377, 0.102270625532, 0.189031988382], "mean": [0.372152239084, 0.093704752624, 0.166929349303, 0.108447775245, 0.107217609882, 0.186073616147], "max": [0.999694466591, 0.508518099785, 0.695598900318, 0.722602963448, 0.316719144583, 0.76873332262], "dmean2": [0.798599898815, 0.116157844663, 0.26176455617, 0.248494461179, 0.19802609086, 0.361286818981], "median": [0.321022480726, 0.0756185650826, 0.137731894851, 0.0816221982241, 0.10136950016, 0.194570824504], "dvar": [0.0715243667364, 0.00459711253643, 0.0139198647812, 0.0150308171287, 0.00386151694693, 0.0107970554382]}, "bpm_histogram_first_peak_weight": {"dvar2": 0, "var": 0, "min": 0.959537506104, "dmean": 0, "mean": 0.959537506104, "max": 0.959537506104, "dmean2": 0, "median": 0.959537506104, "dvar": 0}, "bpm": 88.002746582, "beats_count": 347, "bpm_histogram_first_peak_spread": {"dvar2": 0, "var": 0, "min": 0.0348837971687, "dmean": 0, "mean": 0.0348837971687, "max": 0.0348837971687, "dmean2": 0, "median": 0.0348837971687, "dvar": 0}, "danceability": 1.28965008259, "bpm_histogram_first_peak_bpm": {"dvar2": 0, "var": 0, "min": 88, "dmean": 0, "mean": 88, "max": 88, "dmean2": 0, "median": 88, "dvar": 0}, "beats_position": [0.719818592072, 1.45124709606, 2.18267560005, 2.87927436829, 3.5758728981, 4.26086139679, 4.94585037231, 5.61922883987, 6.30421733856, 6.98920631409, 7.67419481277, 8.34757328033, 9.03256225586, 9.70594120026, 10.3909292221, 11.0759181976, 11.749297142, 12.4342851639, 13.1192741394, 13.8042631149, 14.4892511368, 15.1742401123, 15.8476190567, 16.5326080322, 17.2175960541, 17.9025840759, 18.575963974, 19.2609519958, 19.9343299866, 20.6193199158, 21.2926979065, 21.9892959595, 22.6626758575, 23.3476638794, 24.0326519012, 24.7176418304, 25.3910198212, 26.076007843, 26.7493877411, 27.4343757629, 28.1193637848, 28.804353714, 29.4893417358, 30.1627197266, 30.8360996246, 31.5210876465, 32.2060775757, 32.8910636902, 33.5760536194, 34.2494316101, 34.9228096008, 35.60779953, 36.2927894592, 36.9777755737, 37.6627655029, 38.3477554321, 39.0327415466, 39.7061233521, 40.3795013428, 41.0644874573, 41.7494773865, 42.4344673157, 43.1194534302, 43.8044433594, 44.4778213501, 45.1628112793, 45.83618927, 46.5211791992, 47.2061653137, 47.8911552429, 48.5761451721, 49.2611312866, 49.9461212158, 50.6194992065, 51.2928771973, 51.9778671265, 52.6628570557, 53.3478431702, 54.0328330994, 54.7178230286, 55.4028091431, 56.0761909485, 56.761177063, 57.4461669922, 58.1311569214, 58.8045349121, 59.4779129028, 60.162902832, 60.8478889465, 61.5328788757, 62.2178688049, 62.8912467957, 63.5762329102, 64.2612228394, 64.9462127686, 65.6312026978, 66.316192627, 66.9895706177, 67.6745529175, 68.3595428467, 69.0445327759, 69.7179107666, 70.4029006958, 71.0762786865, 71.7496566772, 72.4346466064, 73.1080245972, 73.7930145264, 74.4663925171, 75.1629943848, 75.8363723755, 76.5097503662, 77.1947402954, 77.8797302246, 78.5531082153, 79.2380905151, 79.9230804443, 80.6080703735, 81.2930603027, 81.9780502319, 82.6630401611, 83.3364181519, 84.0097961426, 84.6947860718, 85.3797683716, 86.0647583008, 86.74974823, 87.4231262207, 88.0965042114, 88.7814941406, 89.4664840698, 90.151473999, 90.8364639282, 91.521446228, 92.2064361572, 92.8798141479, 93.5531921387, 94.2381820679, 94.9231719971, 95.6081619263, 96.2931518555, 96.9665298462, 97.6399078369, 98.3248977661, 99.0098876953, 99.6948699951, 100.379859924, 101.064849854, 101.749839783, 102.423217773, 103.096595764, 103.793197632, 104.466575623, 105.151565552, 105.836547852, 106.509933472, 107.194915771, 107.879905701, 108.553283691, 109.238273621, 109.92326355, 110.608253479, 111.293243408, 111.966621399, 112.651611328, 113.336593628, 114.009971619, 114.694961548, 115.391563416, 116.076553345, 116.773147583, 117.458137512, 118.131515503, 118.804893494, 119.489883423, 120.163261414, 120.848251343, 121.533241272, 122.218231201, 122.90322113, 123.58820343, 124.261581421, 124.94657135, 125.631561279, 126.316551208, 126.989929199, 127.674919128, 128.348297119, 129.033279419, 129.706665039, 130.391647339, 131.076644897, 131.750015259, 132.423400879, 133.09677124, 133.781768799, 134.466751099, 135.151748657, 135.836730957, 136.521713257, 137.206710815, 137.880081177, 138.553466797, 139.238449097, 139.923446655, 140.608428955, 141.293426514, 141.978408813, 142.651794434, 143.336776733, 144.010162354, 144.695144653, 145.380126953, 146.053512573, 146.726898193, 147.411880493, 148.096862793, 148.79347229, 149.466842651, 150.15184021, 150.825210571, 151.51020813, 152.19519043, 152.880172729, 153.55355835, 154.250152588, 154.923538208, 155.596908569, 156.270294189, 156.966888428, 157.640274048, 158.325256348, 159.010253906, 159.695236206, 160.380218506, 161.065216064, 161.750198364, 162.435195923, 163.108566284, 163.793563843, 164.466934204, 165.140319824, 165.825302124, 166.510284424, 167.183670044, 167.868652344, 168.553649902, 169.238632202, 169.923629761, 170.608612061, 171.281997681, 171.96697998, 172.640365601, 173.3253479, 174.0103302, 174.695327759, 175.380310059, 176.065307617, 176.750289917, 177.435287476, 178.120269775, 178.793640137, 179.467025757, 180.152008057, 180.837005615, 181.510375977, 182.183761597, 182.868743896, 183.553741455, 184.238723755, 184.923721313, 185.597091675, 186.270477295, 186.955459595, 187.640457153, 188.325439453, 189.010421753, 189.695419312, 190.380401611, 191.053787231, 191.727157593, 192.412155151, 193.097137451, 193.78213501, 194.46711731, 195.140487671, 195.813873291, 196.498855591, 197.183853149, 197.880447388, 198.553833008, 199.227203369, 199.912200928, 200.597183228, 201.270568848, 201.967163086, 202.640533447, 203.325531006, 204.010513306, 204.695510864, 205.380493164, 206.053878784, 206.727249146, 207.412246704, 208.097229004, 208.782211304, 209.467208862, 210.140579224, 210.813964844, 211.498947144, 212.183944702, 212.868927002, 213.553924561, 214.227294922, 214.900680542, 215.585662842, 216.2706604, 216.9556427, 217.640625, 218.31401062, 218.99899292, 219.683990479, 220.35736084, 221.042358398, 221.727340698, 222.412338257, 223.097320557, 223.770706177, 224.455688477, 225.140670776, 225.814056396, 226.499038696, 227.184036255, 227.869018555, 228.554016113, 229.227386475, 229.912384033, 230.597366333, 231.270736694, 231.955734253, 232.640716553, 233.325714111, 234.010696411, 234.684082031, 235.369064331, 236.05406189, 236.739044189], "beats_loudness": {"dvar2": 0.00102388008963, "var": 0.000432874745457, "min": 4.9683212211e-08, "dmean": 0.0214114468545, "mean": 0.0485520809889, "max": 0.154188141227, "dmean2": 0.0364432632923, "median": 0.0481168292463, "dvar": 0.000300839426927}, "bpm_histogram_second_peak_weight": {"dvar2": 0, "var": 0, "min": 0.00578034669161, "dmean": 0, "mean": 0.00578034669161, "max": 0.00578034669161, "dmean2": 0, "median": 0.00578034669161, "dvar": 0}, "bpm_histogram_second_peak_spread": {"dvar2": 0, "var": 0, "min": 0, "dmean": 0, "mean": 0, "max": 0, "dmean2": 0, "median": 0, "dvar": 0}, "bpm_histogram_second_peak_bpm": {"dvar2": 0, "var": 0, "min": 82, "dmean": 0, "mean": 82, "max": 82, "dmean2": 0, "median": 82, "dvar": 0}, "onset_rate": 4.31212043762}, "lowlevel": {"spectral_energyband_high": {"dvar2": 6.35232163404e-06, "var": 8.39865697344e-06, "min": 8.40813825362e-21, "dmean": 0.00098575791344, "mean": 0.00198576739058, "max": 0.0339749641716, "dmean2": 0.00136333995033, "median": 0.000814656086732, "dvar": 3.35397589879e-06}, "spectral_energyband_middle_low": {"dvar2": 0.00013519791537, "var": 7.83125142334e-05, "min": 2.58295350423e-22, "dmean": 0.00514395721257, "mean": 0.009058711119, "max": 0.0778818652034, "dmean2": 0.00817539915442, "median": 0.00655775377527, "dvar": 5.38167914783e-05}, "spectral_energy": {"dvar2": 0.000457640766399, "var": 0.000439905386884, "min": 1.16127748871e-20, "dmean": 0.0106851905584, "mean": 0.0280852429569, "max": 0.138941779733, "dmean2": 0.0165458079427, "median": 0.0241880901158, "dvar": 0.000201302551432}, "spectral_spread": {"dvar2": 1957955371010.0, "var": 2137664389120.0, "min": 1768249, "dmean": 672607.125, "mean": 5122873.5, "max": 39171816, "dmean2": 1003831.625, "median": 4877479, "dvar": 955100626944}, "spectral_energyband_low": {"dvar2": 0.000280123087578, "var": 0.000232744598179, "min": 2.78374403749e-23, "dmean": 0.00591218564659, "mean": 0.0131483813748, "max": 0.130183070898, "dmean2": 0.00944298133254, "median": 0.00720423273742, "dvar": 0.000117800795124}, "spectral_rolloff": {"dvar2": 3482667.25, "var": 3726740.25, "min": 21.533203125, "dmean": 825.042602539, "mean": 1969.28991699, "max": 18927.6855469, "dmean2": 1332.97106934, "median": 1313.52539062, "dvar": 1605447.25}, "barkbands": {"dvar2": [4.16766033595e-06, 0.000155578905833, 8.04829760455e-05, 2.45971750701e-05, 2.79056966974e-05, 5.28694999957e-06, 1.88113244803e-05, 1.04984383142e-05, 1.02139210867e-05, 3.39309804076e-06, 1.52693030486e-06, 1.95270285985e-06, 9.52601851623e-07, 5.27941153905e-07, 5.15920703492e-07, 4.37073339299e-07, 7.92509638359e-07, 2.05533297049e-07, 6.0748169517e-07, 1.04804905732e-06, 7.63182185892e-07, 6.01072827067e-07, 3.25537826029e-07, 4.12575133169e-07, 8.8477300153e-08, 8.02958339818e-08, 8.26279045185e-11], "var": [1.06347242763e-05, 0.00011981233547, 2.5105304303e-05, 7.26687676433e-06, 1.21973880596e-05, 2.38126426666e-06, 1.11279996418e-05, 7.1757913247e-06, 6.25976144875e-06, 2.25896428674e-06, 1.01534988062e-06, 9.71002464212e-07, 6.88493400958e-07, 3.13463999646e-07, 3.85394315572e-07, 4.50530563967e-07, 4.81357119497e-07, 1.88156434433e-07, 4.45131547622e-07, 1.05590959265e-06, 8.22249262455e-07, 5.53339475573e-07, 3.02067974189e-07, 2.92554631187e-07, 4.14275334037e-08, 2.29872370028e-08, 7.66192456703e-11], "min": [8.25176905854e-25, 9.60538652986e-24, 9.88361934885e-24, 8.73553248664e-24, 1.02022481571e-23, 7.24025926257e-24, 4.13280410159e-23, 1.02651516101e-22, 7.94347148827e-23, 3.7884495926e-23, 4.49627775901e-23, 1.64782844707e-22, 1.16499331893e-22, 1.2873817436e-22, 1.89914198721e-22, 1.27169022735e-22, 1.50830381783e-22, 2.93473346625e-22, 2.73289160229e-22, 4.52887393337e-22, 4.95309025915e-22, 3.70329022773e-22, 7.53225596886e-22, 8.82595453194e-22, 1.11448027062e-21, 1.76801899167e-21, 3.08407001053e-21], "dmean": [0.000784693227615, 0.00433827377856, 0.0018578482559, 0.00127625197638, 0.00200438546017, 0.000714276568033, 0.00147307896987, 0.000858431856614, 0.000965958286542, 0.000493138039019, 0.00040610745782, 0.000378843164071, 0.000298741419101, 0.000235887957388, 0.000278489053017, 0.000210927988519, 0.000292243086733, 0.000168768630829, 0.000247680523898, 0.000389817229006, 0.000294444995234, 0.000258150976151, 0.000195507178432, 0.00014385743998, 6.83112884872e-05, 5.76639831706e-05, 2.81891425402e-06], "mean": [0.00223934371024, 0.00841263867915, 0.00203098449856, 0.00147983944044, 0.002562986454, 0.000836207298562, 0.00176291784737, 0.000998254748993, 0.00120692211203, 0.000651596870739, 0.000523446302395, 0.000483517971588, 0.000414648820879, 0.000341689476045, 0.000403610349167, 0.000359982368536, 0.000410565990023, 0.00028584615211, 0.000372196809622, 0.000597967009526, 0.000517688749824, 0.000435738678789, 0.000332899944624, 0.000262902729446, 9.75197763182e-05, 5.89886731177e-05, 4.33412606071e-06], "max": [0.0248754285276, 0.107647106051, 0.0968768000603, 0.0314512625337, 0.0398985110223, 0.0312173850834, 0.0488716550171, 0.0497190505266, 0.0292470511049, 0.036748111248, 0.018021536991, 0.0246662031859, 0.021219721064, 0.00833307206631, 0.00905542541295, 0.0209735874087, 0.00866361055523, 0.00457177869976, 0.00805670581758, 0.0186944492161, 0.0129069797695, 0.0126213682815, 0.00811213534325, 0.0169655866921, 0.00449797324836, 0.00194967375137, 0.000115291928523], "dmean2": [0.00126673956402, 0.00686460360885, 0.00330104329623, 0.0022177551873, 0.00332991778851, 0.00118657585699, 0.00231828191318, 0.00137301848736, 0.00152100727428, 0.000779779395089, 0.000653530179989, 0.000603709544521, 0.000474038446555, 0.000377569260309, 0.000432114349678, 0.000325485656504, 0.000459886650788, 0.000247416144703, 0.000383207545383, 0.000570887816139, 0.000420991797, 0.000381720805308, 0.000290975382086, 0.000213539082324, 0.000108130712761, 9.75683651632e-05, 4.32809792983e-06], "median": [0.000379695149604, 0.00369015568867, 0.000373145070625, 0.000634573982097, 0.00135615770705, 0.000289340212476, 0.000477227760712, 0.000171681516804, 0.00025603902759, 0.000191333223484, 0.000192008941667, 0.000166268233443, 0.000163541189977, 0.000154189096065, 0.000180964052561, 0.00014745851513, 0.000163308330229, 0.000131487569888, 0.000156054404215, 0.000209076155443, 0.000154437002493, 0.000148340972373, 0.000122740544612, 9.34945783229e-05, 2.34486906265e-05, 1.18717862279e-05, 9.76780029305e-07], "dvar": [1.79586652393e-06, 6.31470393273e-05, 2.95059999189e-05, 8.9159275376e-06, 1.08456461021e-05, 2.06652907764e-06, 8.04235696705e-06, 4.50120160167e-06, 4.40995654571e-06, 1.46135380419e-06, 6.68658913128e-07, 8.09437835869e-07, 4.20220999331e-07, 2.17747469833e-07, 2.29496606607e-07, 2.00394694616e-07, 3.39366067692e-07, 9.73991518549e-08, 2.81360684085e-07, 5.42765974387e-07, 3.64277553899e-07, 2.88443857244e-07, 1.5266795117e-07, 1.79255309263e-07, 3.52056908071e-08, 3.02127567409e-08, 3.74139712267e-11]}, "melbands_skewness": {"dvar2": 3.57668089867, "var": 6.14671468735, "min": -1.60176634789, "dmean": 1.06280267239, "mean": 3.23050117493, "max": 48.8660545349, "dmean2": 1.58635175228, "median": 2.66525936127, "dvar": 1.7254062891}, "barkbands_skewness": {"dvar2": 1.36871337891, "var": 2.15312433243, "min": -3.20105361938, "dmean": 0.706999599934, "mean": 1.64240133762, "max": 12.3432846069, "dmean2": 1.05027043819, "median": 1.36481308937, "dvar": 0.65465939045}, "erbbands": {"dvar2": [0.248655959964, 6.9034371376, 87.0380325317, 110.807655334, 580.663696289, 299.832641602, 128.181762695, 608.479370117, 2758.47290039, 5807.57617188, 4153.16308594, 4904.41015625, 4157.10400391, 2669.00170898, 1960.47302246, 3302.12304688, 1966.76293945, 1656.64855957, 669.434570312, 2482.97753906, 955.579101562, 1782.27661133, 1032.66809082, 817.582824707, 2423.42578125, 2670.16162109, 1458.68457031, 1322.72912598, 941.134887695, 518.074523926, 220.359161377, 201.862991333, 115.140304565, 22.9020233154, 2.88123941422, 2.26851391792, 0.178232178092, 0.0016451778356, 8.99914311958e-07, 2.443629743e-09], "var": [0.262779772282, 4.1213760376, 26.7783470154, 47.1602249146, 175.481613159, 152.90914917, 86.5676116943, 261.583007812, 1573.69482422, 3539.70483398, 2727.79516602, 3239.67041016, 2717.6015625, 1690.1706543, 1238.95727539, 1678.01452637, 1474.12792969, 1004.49334717, 521.114379883, 1782.64807129, 1057.24902344, 1365.15710449, 752.09161377, 792.360839844, 1768.18359375, 2261.11791992, 1400.23706055, 1355.65454102, 907.862487793, 374.216369629, 212.16456604, 188.368484497, 65.2015533447, 10.683968544, 1.16512393951, 0.634489178658, 0.0530527345836, 0.00101489666849, 6.44554177143e-07, 1.91770155311e-09], "min": [1.38666260221e-22, 2.48517387948e-21, 9.10532791758e-21, 3.10608323342e-20, 2.55795927065e-20, 4.3144002379e-20, 2.63289197907e-20, 9.29405983721e-20, 4.5771470509e-19, 7.32059650097e-19, 2.66132209917e-18, 2.12099386778e-18, 1.37803740558e-18, 1.09910569238e-18, 3.99280288474e-18, 5.1347546717e-18, 6.50483087747e-18, 4.50606845483e-18, 1.35713529596e-17, 5.55954334911e-18, 7.38718112816e-18, 8.52691110798e-18, 1.29964715329e-17, 2.05511418458e-17, 1.29905911059e-17, 1.97167167855e-17, 2.10966261008e-17, 1.91485346945e-17, 1.41856296902e-17, 1.45334227419e-17, 2.1942055972e-17, 1.64947159507e-17, 1.75693476435e-17, 1.29831663327e-17, 7.44791934618e-18, 5.88625818437e-18, 2.68858555857e-18, 1.64260130173e-18, 5.08613041035e-19, 4.23996335318e-20], "dmean": [0.181089565158, 0.843357145786, 1.99913096428, 2.95334839821, 6.88781404495, 6.53602933884, 3.8047952652, 7.10892677307, 17.7732543945, 21.7681655884, 18.2184314728, 21.1101512909, 17.7426071167, 14.8879747391, 14.6838064194, 15.3084659576, 13.4356508255, 12.3669929504, 9.56402683258, 16.9340305328, 10.5945796967, 14.7953920364, 10.9451732635, 10.1286096573, 15.297003746, 18.5179214478, 11.7628030777, 12.8151435852, 9.90429401398, 7.02382421494, 5.00809907913, 3.89770889282, 2.14106845856, 0.974938869476, 0.41515186429, 0.301472008228, 0.0896803587675, 0.0114670945331, 0.000282861001324, 2.09218651435e-05], "mean": [0.390792667866, 1.3104275465, 2.25937461853, 4.00046300888, 7.66288757324, 8.42485332489, 5.05441379547, 8.46444034576, 21.4303531647, 26.4188079834, 22.4553318024, 27.0446186066, 23.5603313446, 20.6373691559, 20.0527057648, 20.7734413147, 19.6568107605, 18.7582645416, 15.7465543747, 25.3887710571, 19.0017757416, 22.2467823029, 17.4461936951, 16.5714073181, 23.3047237396, 27.464017868, 19.957857132, 22.0868663788, 17.3208732605, 11.0349578857, 8.8510389328, 7.18166065216, 3.57783412933, 1.44179856777, 0.543692588806, 0.293453097343, 0.0955796763301, 0.0174328461289, 0.000446127698524, 4.86566641484e-05], "max": [4.84347438812, 18.0516700745, 95.9716415405, 80.29322052, 151.55960083, 195.291946411, 162.387802124, 353.553863525, 641.028747559, 754.955871582, 1098.85168457, 744.674194336, 1249.37548828, 661.08404541, 553.069763184, 1084.92932129, 1141.41845703, 598.184082031, 368.328125, 1166.8807373, 513.192932129, 465.571929932, 275.654449463, 490.713439941, 762.200195312, 762.456054688, 457.463226318, 538.528259277, 487.911712646, 408.772857666, 255.87461853, 469.825531006, 221.966201782, 84.6932754517, 21.1633796692, 11.5557508469, 2.33216643333, 0.299358695745, 0.00813559535891, 0.00036098176497], "dmean2": [0.285145610571, 1.34601724148, 3.57680511475, 4.80710268021, 11.8272733688, 10.8507614136, 6.18496084213, 11.8551273346, 28.0935153961, 34.4290313721, 28.7000484467, 32.7713623047, 27.4932365417, 23.5743408203, 23.3654136658, 24.1949291229, 20.73579216, 19.3965644836, 14.9121341705, 26.0880565643, 15.7615203857, 22.6812515259, 16.2678718567, 14.4983053207, 22.8514690399, 27.3890285492, 16.4205341339, 19.0069198608, 14.6546106339, 10.3609275818, 7.4484629631, 5.70794010162, 3.21566963196, 1.50758302212, 0.675173521042, 0.513930857182, 0.151349127293, 0.0180376507342, 0.000436007801909, 3.1967927498e-05], "median": [0.139660596848, 0.465863227844, 0.577371299267, 1.76050829887, 3.71413326263, 4.04606819153, 1.90989053249, 3.05105900764, 6.77530908585, 6.35491847992, 5.40528726578, 6.39327335358, 6.37372875214, 8.03527832031, 8.10383796692, 7.63909244537, 8.12734985352, 8.25080680847, 8.51640129089, 10.4899110794, 8.58320236206, 9.22252655029, 8.09063720703, 7.53280830383, 8.8878698349, 9.86803817749, 6.45028495789, 6.66268253326, 5.45087051392, 4.11605453491, 3.54057121277, 2.60701656342, 1.06450426579, 0.351255953312, 0.144251137972, 0.0559098795056, 0.0205802172422, 0.00430556340143, 0.000116065617476, 3.75051095034e-05], "dvar": [0.0943524390459, 2.87241697311, 31.2904586792, 44.4192886353, 216.08026123, 117.573860168, 54.1656265259, 235.821151733, 1179.02294922, 2490.39160156, 1746.89709473, 2153.41894531, 1783.12365723, 1133.06872559, 832.870422363, 1368.36767578, 876.904174805, 681.524353027, 295.682617188, 1072.2623291, 440.186248779, 837.317687988, 462.980072021, 426.914245605, 1085.0480957, 1308.21740723, 708.041137695, 604.344970703, 449.704467773, 236.534851074, 105.527259827, 92.828704834, 47.8628540039, 9.12594223022, 1.11438691616, 0.853039443493, 0.067206710577, 0.000673683476634, 3.78107557708e-07, 1.04762132302e-09]}, "silence_rate_30dB": {"dvar2": 0.00585500337183, "var": 0.00136827572715, "min": 0, "dmean": 0.0021532739047, "mean": 0.998629868031, "max": 1, "dmean2": 0.00430696923286, "median": 1, "dvar": 0.00214830948971}, "melbands_spread": {"dvar2": 475.837219238, "var": 618.040771484, "min": 0.0184365659952, "dmean": 10.9081010818, "mean": 30.1818447113, "max": 238.354675293, "dmean2": 16.2378101349, "median": 24.3190155029, "dvar": 223.214767456}, "melbands_crest": {"dvar2": 30.0673294067, "var": 56.3499221802, "min": 2.28853154182, "dmean": 3.99889087677, "mean": 16.2596988678, "max": 39.6388397217, "dmean2": 6.37297964096, "median": 15.0850362778, "dvar": 12.594367981}, "zerocrossingrate": {"dvar2": 0.000335839751642, "var": 0.00185115088243, "min": 0.00146484375, "dmean": 0.0154199767858, "mean": 0.0743789747357, "max": 0.5029296875, "dmean2": 0.0173943024129, "median": 0.06787109375, "dvar": 0.000269076088443}, "barkbands_kurtosis": {"dvar2": 236.576080322, "var": 166.863876343, "min": -1.94368231297, "dmean": 4.3249874115, "mean": 5.05274963379, "max": 225.828414917, "dmean2": 6.72619867325, "median": 1.1651403904, "dvar": 101.54309845}, "spectral_flux": {"dvar2": 0.00229394296184, "var": 0.00223669619299, "min": 1.07762583579e-10, "dmean": 0.0284991264343, "mean": 0.0950446277857, "max": 0.332360029221, "dmean2": 0.0446514710784, "median": 0.0855897441506, "dvar": 0.00103177502751}, "barkbands_crest": {"dvar2": 17.4579391479, "var": 20.1761779785, "min": 1.89505290985, "dmean": 2.87574458122, "mean": 9.80956077576, "max": 25.300485611, "dmean2": 4.59102964401, "median": 9.07044410706, "dvar": 7.13205099106}, "barkbands_flatness_db": {"dvar2": 0.00136007193942, "var": 0.00357331219129, "min": 0.0176697410643, "dmean": 0.0253864321858, "mean": 0.119630433619, "max": 0.692417562008, "dmean2": 0.0369410775602, "median": 0.110769420862, "dvar": 0.000687794410624}, "spectral_entropy": {"dvar2": 0.0721339806914, "var": 0.128587067127, "min": 5.71314954758, "dmean": 0.161225914955, "mean": 7.87576675415, "max": 9.79043579102, "dmean2": 0.242302298546, "median": 7.93619251251, "dvar": 0.0334950573742}, "pitch_salience": {"dvar2": 0.0128083582968, "var": 0.0201836843044, "min": 0.00708856340498, "dmean": 0.0813142135739, "mean": 0.543430387974, "max": 0.924490392208, "dmean2": 0.128151938319, "median": 0.551326870918, "dvar": 0.00550250196829}, "erbbands_spread": {"dvar2": 368.9296875, "var": 426.20614624, "min": 4.30761861801, "dmean": 11.8294219971, "mean": 47.9995536804, "max": 164.798355103, "dmean2": 18.2512588501, "median": 45.3701400757, "dvar": 159.118835449}, "dynamic_complexity": 2.69193935394, "spectral_contrast_valleys": {"dvar2": [0.316643327475, 0.430954426527, 0.306352198124, 0.219365015626, 0.17967441678, 0.338384509087], "var": [1.29958081245, 0.779460132122, 0.772609114647, 0.704024493694, 0.758012056351, 1.01878511906], "min": [-28.2458705902, -26.7713718414, -27.5152645111, -27.4334506989, -27.1671981812, -27.2969341278], "dmean": [0.386512815952, 0.454525709152, 0.357795119286, 0.311257153749, 0.301795482635, 0.367907464504], "mean": [-7.22413873672, -7.00662136078, -7.18939638138, -7.48602342606, -7.28106975555, -9.70676708221], "max": [-5.25582695007, -4.58302211761, -4.95199346542, -5.72380256653, -5.26967716217, -7.27060508728], "dmean2": [0.606693565845, 0.737915098667, 0.556569755077, 0.466457873583, 0.405152767897, 0.478666990995], "median": [-6.95287799835, -6.95998907089, -7.12351417542, -7.42116880417, -7.21825218201, -9.62574958801], "dvar": [0.163961172104, 0.192877709866, 0.153380513191, 0.119876891375, 0.119288995862, 0.19812592864]}, "hfc": {"dvar2": 583.382202148, "var": 759.547485352, "min": 1.33586505789e-16, "dmean": 10.6513538361, "mean": 25.3159275055, "max": 247.585830688, "dmean2": 14.382516861, "median": 16.8347415924, "dvar": 307.695373535}, "spectral_kurtosis": {"dvar2": 3.24310564995, "var": 3.01459383965, "min": -1.28523087502, "dmean": 0.992773413658, "mean": 2.49404215813, "max": 19.7209758759, "dmean2": 1.62575674057, "median": 2.11006093025, "dvar": 1.23080122471}, "mfcc": {"mean": [-629.743774414, 94.1599960327, 7.25899839401, 26.0481529236, -0.152904599905, 13.4205474854, 0.65069681406, 7.93768358231, 0.148787051439, 6.92356109619, -2.32693386078, 4.24675989151, 0.34602817893], "cov": [[5568.82470703, -727.496643066, -13.6059217453, 23.9416866302, -260.570770264, -56.7625999451, -102.259002686, -93.0639801025, 71.1260452271, 70.4636764526, 28.8600196838, 37.9534111023, 10.6969528198], [-727.496643066, 1038.65258789, -61.9082832336, 12.6714372635, 42.5771942139, 47.4116706848, 64.6166534424, 101.512207031, 26.7321872711, 28.7939071655, 7.84054517746, 31.5833358765, -3.25446915627], [-13.6059217453, -61.9082832336, 663.963928223, 209.326293945, 152.285354614, 80.8596420288, 108.340156555, -17.9030761719, 13.7347822189, 40.4840660095, 17.3720359802, 1.72042322159, 37.8385009766], [23.9416866302, 12.6714372635, 209.326293945, 404.510742188, 184.204055786, 118.725662231, 28.1464595795, -16.5490283966, 18.9587917328, 32.1015357971, -8.11783409119, 24.9545021057, 24.5279636383], [-260.570770264, 42.5771942139, 152.285354614, 184.204055786, 380.066833496, 131.594436646, 80.4294052124, 53.7228469849, 6.82178974152, 30.9258155823, 9.85257339478, 14.861289978, 8.86707305908], [-56.7625999451, 47.4116706848, 80.8596420288, 118.725662231, 131.594436646, 232.565093994, 107.223503113, 35.1079559326, 33.341129303, 22.8413581848, 8.11753177643, 7.78131866455, -1.89937281609], [-102.259002686, 64.6166534424, 108.340156555, 28.1464595795, 80.4294052124, 107.223503113, 245.245254517, 98.7964096069, 28.2691841125, 36.2815513611, 30.7112102509, 9.0658159256, 3.94164824486], [-93.0639801025, 101.512207031, -17.9030761719, -16.5490283966, 53.7228469849, 35.1079559326, 98.7964096069, 170.767929077, 43.7970695496, 11.1883363724, 32.4283447266, 12.8951215744, -3.6669614315], [71.1260452271, 26.7321872711, 13.7347822189, 18.9587917328, 6.82178974152, 33.341129303, 28.2691841125, 43.7970695496, 119.445053101, 46.9555625916, 27.6827964783, 18.1034908295, 7.48855400085], [70.4636764526, 28.7939071655, 40.4840660095, 32.1015357971, 30.9258155823, 22.8413581848, 36.2815513611, 11.1883363724, 46.9555625916, 103.628646851, 38.2499809265, 26.8637714386, 20.2919387817], [28.8600196838, 7.84054517746, 17.3720359802, -8.11783409119, 9.85257339478, 8.11753177643, 30.7112102509, 32.4283447266, 27.6827964783, 38.2499809265, 86.6587219238, 32.5408859253, 14.380531311], [37.9534111023, 31.5833358765, 1.72042322159, 24.9545021057, 14.861289978, 7.78131866455, 9.0658159256, 12.8951215744, 18.1034908295, 26.8637714386, 32.5408859253, 77.7537765503, 26.358039856], [10.6969528198, -3.25446915627, 37.8385009766, 24.5279636383, 8.86707305908, -1.89937281609, 3.94164824486, -3.6669614315, 7.48855400085, 20.2919387817, 14.380531311, 26.358039856, 68.8716506958]], "icov": [[0.000213070088648, 0.000154746987391, 1.6900726223e-06, -7.71434642957e-05, 0.000190019753063, -3.87700019928e-05, 6.07527581451e-05, -3.29401991621e-05, -6.74275142956e-05, -0.0001894091547, 2.14695864997e-05, -0.00013071896683, 7.86824748502e-05], [0.000154746987391, 0.00116686522961, 0.000109218213765, -9.89483232843e-05, 0.000163682198036, -0.000153436572873, 3.07893751597e-05, -0.000667323998641, 8.53471210576e-05, -0.000483751704451, 0.000392711255699, -0.000510664074682, 0.000190429083887], [1.6900726223e-06, 0.000109218213765, 0.00213016499765, -0.000898661091924, -0.000424566969741, 0.000353343522875, -0.00116617884487, 0.000880491919816, -0.000202664115932, 2.4487329938e-05, -0.00051953404909, 0.000772658735514, -0.000839753251057], [-7.71434642957e-05, -9.89483232843e-05, -0.000898661091924, 0.00410992046818, -0.00138289039023, -0.00134625402279, 0.000720407115296, 0.00057738047326, -0.000347947905539, -0.000332109455485, 0.00117700267583, -0.00112542812712, -0.000511605234351], [0.000190019753063, 0.000163682198036, -0.000424566969741, -0.00138289039023, 0.00435670977458, -0.00155708368402, 0.000301344814943, -0.00165545206983, 0.00124351365957, -0.00107685127296, 0.000157923306688, -0.00020202511223, 0.000221146881813], [-3.87700019928e-05, -0.000153436572873, 0.000353343522875, -0.00134625402279, -0.00155708368402, 0.00714873056859, -0.00297412904911, 0.00112402136438, -0.00175327295437, 0.000753025407903, 2.048643546e-05, 0.000103961770947, 0.000836485531181], [6.07527581451e-05, 3.07893751597e-05, -0.00116617884487, 0.000720407115296, 0.000301344814943, -0.00297412904911, 0.00753217795864, -0.00405223853886, 0.00130444776732, -0.00202108407393, -0.000264801667072, 0.000289420917397, 6.67557424094e-06], [-3.29401991621e-05, -0.000667323998641, 0.000880491919816, 0.00057738047326, -0.00165545206983, 0.00112402136438, -0.00405223853886, 0.0102330762893, -0.00353540689684, 0.00270121800713, -0.00243094167672, -0.000192015475477, 0.000474714586744], [-6.74275142956e-05, 8.53471210576e-05, -0.000202664115932, -0.000347947905539, 0.00124351365957, -0.00175327295437, 0.00130444776732, -0.00353540689684, 0.012039703317, -0.00502108549699, -0.000609683629591, -0.000405193160987, 0.000231080994126], [-0.0001894091547, -0.000483751704451, 2.4487329938e-05, -0.000332109455485, -0.00107685127296, 0.000753025407903, -0.00202108407393, 0.00270121800713, -0.00502108549699, 0.0152200954035, -0.00449704844505, -0.00121484266128, -0.00200419407338], [2.14695864997e-05, 0.000392711255699, -0.00051953404909, 0.00117700267583, 0.000157923306688, 2.048643546e-05, -0.000264801667072, -0.00243094167672, -0.000609683629591, -0.00449704844505, 0.0169674493372, -0.00542924972251, -0.00032628182089], [-0.00013071896683, -0.000510664074682, 0.000772658735514, -0.00112542812712, -0.00020202511223, 0.000103961770947, 0.000289420917397, -0.000192015475477, -0.000405193160987, -0.00121484266128, -0.00542924972251, 0.0181291028857, -0.00542803574353], [7.86824748502e-05, 0.000190429083887, -0.000839753251057, -0.000511605234351, 0.000221146881813, 0.000836485531181, 6.67557424094e-06, 0.000474714586744, 0.000231080994126, -0.00200419407338, -0.00032628182089, -0.00542803574353, 0.0178904831409]]}, "silence_rate_20dB": {"dvar2": 0, "var": 0, "min": 1, "dmean": 0, "mean": 1, "max": 1, "dmean2": 0, "median": 1, "dvar": 0}, "melbands_kurtosis": {"dvar2": 9577.95410156, "var": 10417.0458984, "min": -1.81576693058, "dmean": 14.5988836288, "mean": 23.0887107849, "max": 5645.11572266, "dmean2": 22.3266582489, "median": 8.92613601685, "dvar": 4787.66064453}, "barkbands_spread": {"dvar2": 210.081390381, "var": 315.363891602, "min": 0.248746365309, "dmean": 8.84063243866, "mean": 30.1301784515, "max": 124.301315308, "dmean2": 13.3546152115, "median": 27.4688186646, "dvar": 98.437210083}, "erbbands_skewness": {"dvar2": 0.443363875151, "var": 0.731418311596, "min": -4.48900175095, "dmean": 0.454883337021, "mean": 0.0603055767715, "max": 6.33507823944, "dmean2": 0.680336833, "median": 0.0130718071014, "dvar": 0.200752347708}, "average_loudness": 0.916456878185, "spectral_centroid": {"dvar2": 335427.6875, "var": 645610.25, "min": 59.7145195007, "dmean": 398.874389648, "mean": 1794.32141113, "max": 11147.5449219, "dmean2": 595.420349121, "median": 1741.84912109, "dvar": 166565.71875}, "dissonance": {"dvar2": 0.000924807740375, "var": 0.000735083420295, "min": 0.189477130771, "dmean": 0.0164547804743, "mean": 0.471610486507, "max": 0.500000059605, "dmean2": 0.026957763359, "median": 0.479967266321, "dvar": 0.00036510406062}, "erbbands_flatness_db": {"dvar2": 0.000700775708538, "var": 0.00143894506618, "min": 0.0515401549637, "dmean": 0.0183356571943, "mean": 0.135333448648, "max": 0.354304850101, "dmean2": 0.0275076534599, "median": 0.131085008383, "dvar": 0.000335458898917}, "spectral_strongpeak": {"dvar2": 1.00119495392, "var": 0.521364569664, "min": 0, "dmean": 0.372700542212, "mean": 0.554605722427, "max": 9.56160449982, "dmean2": 0.630680024624, "median": 0.283224314451, "dvar": 0.395921707153}, "spectral_rms": {"dvar2": 2.43348699769e-06, "var": 3.85602515962e-06, "min": 3.36593773687e-12, "dmean": 0.000960320176091, "mean": 0.00485224230215, "max": 0.0116427214816, "dmean2": 0.00143072230276, "median": 0.00485779158771, "dvar": 1.19091760098e-06}, "silence_rate_60dB": {"dvar2": 0.0649107843637, "var": 0.0386942028999, "min": 0, "dmean": 0.0283840652555, "mean": 0.0403210036457, "max": 1, "dmean2": 0.0567736886442, "median": 0, "dvar": 0.027578657493}, "melbands": {"dvar2": [1.45027679537e-05, 1.52968204929e-05, 5.24519100509e-06, 1.82168150786e-06, 2.14178172087e-07, 2.83665826828e-07, 6.58825001665e-07, 6.15415899574e-07, 3.01377497181e-07, 2.00332280542e-07, 1.11906885536e-07, 4.98190004805e-08, 2.62772381632e-08, 2.63141615164e-08, 1.88735782558e-08, 7.55642659556e-09, 6.40218233983e-09, 2.15167039741e-09, 3.36538508172e-09, 3.82950116062e-09, 1.42055633923e-09, 1.92884952455e-09, 3.29877036798e-09, 5.04250696753e-10, 6.61744825603e-10, 1.15915821386e-09, 1.91806370786e-09, 1.17432252811e-09, 6.7104755086e-10, 4.94173590937e-10, 5.47232648085e-10, 3.95855820345e-10, 2.1839093034e-10, 1.77335215956e-10, 8.93414300873e-11, 1.06954466117e-10, 8.60051127538e-11, 6.99793001324e-11, 3.54907180034e-11, 1.4769959561e-11], "var": [1.34983838507e-05, 6.37855282548e-06, 1.90701848624e-06, 7.27965982605e-07, 1.37399922551e-07, 1.24522529177e-07, 3.87254516454e-07, 4.00613686224e-07, 1.76786414841e-07, 1.31785952817e-07, 7.03701914517e-08, 3.01048608264e-08, 1.68315477111e-08, 1.22057013385e-08, 1.07828297402e-08, 5.85358961303e-09, 3.6559764105e-09, 1.40317091279e-09, 2.50838216864e-09, 3.05702752001e-09, 1.42433587147e-09, 1.49039380837e-09, 1.46024647929e-09, 4.64425969904e-10, 5.56592827383e-10, 7.53314743918e-10, 1.59409940803e-09, 9.31535737436e-10, 5.73671776749e-10, 5.07294151131e-10, 4.54653537041e-10, 3.28652882686e-10, 1.80153586493e-10, 1.10663520014e-10, 7.30875499011e-11, 9.6662483573e-11, 6.37562225236e-11, 4.10679337759e-11, 1.40361455098e-11, 6.81237748504e-12], "min": [1.85978612685e-24, 4.74781457834e-24, 4.74549256626e-24, 2.35579307063e-24, 1.07745975094e-24, 2.48487714157e-24, 7.35340715992e-24, 1.0782273126e-23, 1.97816622305e-23, 1.31443443461e-23, 7.03401394548e-24, 4.32489165312e-24, 9.86995391139e-24, 1.54812264487e-23, 1.3212282625e-23, 1.38881013403e-23, 7.02320024019e-24, 2.3009701565e-23, 1.04830124307e-23, 8.18381973561e-24, 8.10579192575e-24, 6.94464704897e-24, 1.29907247289e-23, 1.31016977368e-23, 1.74411135024e-23, 7.777348899e-24, 1.30864246008e-23, 1.27105189688e-23, 1.44034594365e-23, 9.93146849592e-24, 1.10413105926e-23, 7.87860392935e-24, 6.91655413441e-24, 9.02784962823e-24, 1.34531833905e-23, 1.12982978097e-23, 9.84969201904e-24, 1.16754648302e-23, 1.4181568641e-23, 9.51517634104e-24], "dmean": [0.00138102099299, 0.000995080568828, 0.00063279340975, 0.000496341614053, 0.000159554896527, 0.000158782102517, 0.000282839231659, 0.00022456482111, 0.000154504159582, 0.000134959889692, 9.02177125681e-05, 6.25000029686e-05, 5.47143754375e-05, 4.16146467614e-05, 3.88927983295e-05, 2.66585029749e-05, 2.40910922003e-05, 1.5907058696e-05, 2.18258483073e-05, 1.92780280486e-05, 1.28112606035e-05, 1.48619274114e-05, 1.67014459294e-05, 8.10263736639e-06, 8.54564677866e-06, 1.08586591523e-05, 1.45871790664e-05, 1.21088551168e-05, 7.95500909589e-06, 6.96911592968e-06, 8.05583204055e-06, 6.3102806962e-06, 4.34879439126e-06, 4.03655076298e-06, 3.02459488921e-06, 3.11660846819e-06, 2.1231055598e-06, 1.71035367202e-06, 1.04091259345e-06, 8.01175133347e-07], "mean": [0.00295768165961, 0.00137463200372, 0.000808215176221, 0.000615568889771, 0.000213724706555, 0.000187760480912, 0.000343624327797, 0.000274288322544, 0.00018318030925, 0.000170475264895, 0.000115743270726, 8.29373675515e-05, 7.15278001735e-05, 5.31768237124e-05, 5.19906025147e-05, 3.88405933336e-05, 3.42684688803e-05, 2.34921844822e-05, 3.19373175444e-05, 2.94710316666e-05, 2.08726614801e-05, 2.21683185373e-05, 2.10284615605e-05, 1.39177082019e-05, 1.27410366986e-05, 1.53108594532e-05, 2.03677955142e-05, 1.74282213266e-05, 1.23032568808e-05, 1.21039638543e-05, 1.28292913359e-05, 1.02002550193e-05, 7.29971088731e-06, 5.82079201195e-06, 4.95869107908e-06, 5.39851089343e-06, 3.80146525458e-06, 2.78362972495e-06, 1.52547920607e-06, 1.1114885865e-06], "max": [0.0354583002627, 0.0387194566429, 0.0144056119025, 0.00930544640869, 0.00579114444554, 0.00729728583246, 0.00909917335957, 0.00882242713124, 0.00719528272748, 0.00479353358969, 0.0064647058025, 0.00292817596346, 0.00223169755191, 0.00312903686427, 0.00228147977032, 0.00179005984683, 0.00102264503948, 0.000708052190021, 0.000667815329507, 0.00194750120863, 0.000582319684327, 0.000584401132073, 0.00051621615421, 0.000270525051747, 0.000442473974545, 0.000337998819305, 0.00113571761176, 0.000352529808879, 0.000310394942062, 0.000315955083352, 0.000316873920383, 0.00030235061422, 0.000362188380677, 0.000196730485186, 0.000195908229216, 0.000188811434782, 0.000344016414601, 0.000147703569382, 0.000137269234983, 6.09784074186e-05], "dmean2": [0.00216484861448, 0.00169141753577, 0.00105524552055, 0.000830824545119, 0.000260934757534, 0.000263922556769, 0.00044592274935, 0.000354991760105, 0.000244235619903, 0.000210929152672, 0.000140800213558, 9.99273834168e-05, 8.78231003298e-05, 6.68995635351e-05, 6.13428710494e-05, 4.19214338763e-05, 3.84038612538e-05, 2.5485538572e-05, 3.36600387527e-05, 2.98401319014e-05, 1.94712756638e-05, 2.26634710998e-05, 2.69279698841e-05, 1.20653276099e-05, 1.24054004118e-05, 1.71892152139e-05, 2.17129727389e-05, 1.83140018635e-05, 1.15776510938e-05, 1.00336574178e-05, 1.23659774545e-05, 9.62024751061e-06, 6.46090575174e-06, 6.19899401499e-06, 4.57032456325e-06, 4.66651817987e-06, 3.17444573739e-06, 2.62147841568e-06, 1.6391642248e-06, 1.26849772641e-06], "median": [0.00119719770737, 0.000452753476566, 0.000379104400054, 0.000325521366904, 8.49120406201e-05, 6.58632925479e-05, 0.000106815539766, 5.9815167333e-05, 3.74176925106e-05, 3.69728804799e-05, 2.95781082968e-05, 3.06387228193e-05, 2.66833485512e-05, 1.93096675503e-05, 1.92328443518e-05, 1.54573026521e-05, 1.43530050991e-05, 1.17329946079e-05, 1.39559615491e-05, 1.15448583529e-05, 8.76022750163e-06, 9.13978328754e-06, 7.35546655051e-06, 5.97408552494e-06, 5.1575057114e-06, 5.6271505855e-06, 6.44835745334e-06, 6.03515627517e-06, 3.72578938368e-06, 3.30500756718e-06, 3.83108272217e-06, 3.04755963043e-06, 2.34256367548e-06, 2.10053804039e-06, 1.97734607355e-06, 1.93277560356e-06, 1.3335074982e-06, 7.91501861386e-07, 4.37281300947e-07, 2.38566144617e-07], "dvar": [5.76702586841e-06, 5.83649580221e-06, 2.01364991881e-06, 6.99638576407e-07, 8.77531505239e-08, 1.10548171506e-07, 2.82344871039e-07, 2.64825104068e-07, 1.24844589777e-07, 8.78176109609e-08, 4.75904684549e-08, 2.11040180886e-08, 1.13418057168e-08, 1.06683319956e-08, 7.94914356561e-09, 3.40550210254e-09, 2.6091750982e-09, 9.16152320674e-10, 1.49356194079e-09, 1.68074765217e-09, 6.46205422505e-10, 9.25318766054e-10, 1.28218125006e-09, 2.33351893364e-10, 3.3097505292e-10, 5.03782238148e-10, 9.22291631955e-10, 5.60828883334e-10, 3.18243903452e-10, 2.33373126379e-10, 2.34593872106e-10, 1.80874829003e-10, 1.0160036007e-10, 7.7989371905e-11, 4.14186497599e-11, 4.74776919168e-11, 3.74260379632e-11, 2.93596605