{"tonal": {"thpcp": [1, 0.585254430771, 0.188117042184, 0.13118904829, 0.133617982268, 0.311233282089, 0.483744740486, 0.344266742468, 0.310773074627, 0.426883101463, 0.284096628428, 0.187634214759, 0.226166546345, 0.184715390205, 0.342298805714, 0.495438486338, 0.29801633954, 0.150058180094, 0.166315495968, 0.173888921738, 0.41207754612, 0.689115047455, 0.4861356318, 0.24578692019, 0.226075187325, 0.163059845567, 0.173865914345, 0.223299100995, 0.195220932364, 0.304845511913, 0.424019724131, 0.279473036528, 0.209348380566, 0.257987558842, 0.254303961992, 0.66007322073], "hpcp": {"dmean2": [0.194008678198, 0.174976080656, 0.15468621254, 0.163722470403, 0.147214218974, 0.106287255883, 0.0976611673832, 0.101638168097, 0.141169860959, 0.164773210883, 0.135398596525, 0.091604411602, 0.100589312613, 0.123852021992, 0.20229575038, 0.256054639816, 0.225398913026, 0.147113472223, 0.107577346265, 0.0957845747471, 0.100715011358, 0.108066849411, 0.111511722207, 0.144675821066, 0.160538852215, 0.146297767758, 0.12478556484, 0.124746628106, 0.167072623968, 0.278969675303, 0.286203205585, 0.252605617046, 0.151943162084, 0.108477935195, 0.112767264247, 0.16222012043], "median": [0.0797916427255, 0.0585468038917, 0.0437787957489, 0.0438290610909, 0.0335422568023, 0.0222563743591, 0.0187456421554, 0.0226121544838, 0.0415948331356, 0.0516463704407, 0.0374668240547, 0.0152123933658, 0.0101665547118, 0.0140145104378, 0.0769329667091, 0.145129203796, 0.0958929508924, 0.0277513377368, 0.0130457300693, 0.0117003107443, 0.0166699606925, 0.0195009652525, 0.0220303162932, 0.0427885279059, 0.0497133135796, 0.0301944352686, 0.0124162435532, 0.00897991005331, 0.0271898545325, 0.169867098331, 0.281599402428, 0.143585667014, 0.0166707411408, 0.00845498219132, 0.0106556732208, 0.0446304231882], "min": [0, 0, 0, 0, 0, 0, 0, 0, 0, 0, 0, 0, 0, 0, 0, 0, 0, 0, 0, 0, 0, 0, 0, 0, 0, 0, 0, 0, 0, 0, 0, 0, 0, 0, 0, 0], "dvar2": [0.0790646225214, 0.0727856829762, 0.0626289322972, 0.0735159665346, 0.0626629292965, 0.038994781673, 0.0403697453439, 0.0365677066147, 0.0541117414832, 0.0692980438471, 0.0549638047814, 0.0392360575497, 0.050960406661, 0.0639774948359, 0.0834929347038, 0.106683410704, 0.0931711196899, 0.0675784572959, 0.0524225346744, 0.0450617261231, 0.0478198453784, 0.0476698875427, 0.0468714796007, 0.0605460368097, 0.0713130682707, 0.0654343217611, 0.0647278279066, 0.0702230930328, 0.0730109736323, 0.109563961625, 0.125279918313, 0.102144107223, 0.078419290483, 0.0605640932918, 0.0620005317032, 0.0728147774935], "dvar": [0.0333847180009, 0.0273604914546, 0.0239615812898, 0.0312452428043, 0.0237915720791, 0.0145355314016, 0.0155511796474, 0.0135503308848, 0.0217947252095, 0.0295198205858, 0.021977186203, 0.015243976377, 0.0189407151192, 0.0234095156193, 0.0317003689706, 0.0430217534304, 0.0353050529957, 0.0247486680746, 0.0204336885363, 0.0167587548494, 0.0177475381643, 0.0187394097447, 0.0179341454059, 0.0235941987485, 0.0289204195142, 0.0247655119747, 0.024070000276, 0.026038877666, 0.0272385608405, 0.0418468490243, 0.0536852739751, 0.0386996641755, 0.0283129122108, 0.0221020746976, 0.022251021117, 0.0279060918838], "dmean": [0.119078375399, 0.103554740548, 0.092219337821, 0.0982981622219, 0.0870410054922, 0.0621802136302, 0.0592729561031, 0.0597433149815, 0.0868529975414, 0.100240044296, 0.0820728987455, 0.0535486526787, 0.057705219835, 0.0706173554063, 0.120719432831, 0.153599351645, 0.134508058429, 0.0847113803029, 0.0630356743932, 0.0557853579521, 0.0593544207513, 0.0642202422023, 0.0654747411609, 0.0864980444312, 0.0966516882181, 0.0864138156176, 0.0717132538557, 0.0707289129496, 0.096038274467, 0.167335778475, 0.170915782452, 0.150570586324, 0.0847521796823, 0.0599298141897, 0.0627410635352, 0.0962228626013], "max": [1, 1, 1, 1, 1, 1, 1, 1, 1, 1, 1, 1, 1, 1, 1, 1, 1, 1, 1, 1, 1, 1, 1, 1, 1, 1, 1, 1, 1, 1, 1, 1, 1, 1, 1, 1], "var": [0.0777816176414, 0.0431263037026, 0.0410338677466, 0.0832273513079, 0.0386955216527, 0.0210961122066, 0.0366903357208, 0.0215932931751, 0.050283305347, 0.0963676646352, 0.0391614288092, 0.0201778132468, 0.0287408344448, 0.0252204537392, 0.0505403093994, 0.108419343829, 0.0633562505245, 0.0338638462126, 0.0444991290569, 0.0230050813407, 0.0235037021339, 0.0394214019179, 0.0258411206305, 0.0431023202837, 0.0793177485466, 0.0406109727919, 0.0352013148367, 0.0593243688345, 0.0350709706545, 0.0826887860894, 0.156291663647, 0.0718734264374, 0.0262441113591, 0.0205016992986, 0.0184357594699, 0.0426941625774], "mean": [0.206130519509, 0.146696954966, 0.13242483139, 0.181900963187, 0.121057622135, 0.0799536108971, 0.0963727831841, 0.0787098556757, 0.145858392119, 0.211113393307, 0.126989006996, 0.0639419257641, 0.0708694010973, 0.074096545577, 0.175592109561, 0.293641716242, 0.2071493119, 0.104733303189, 0.0963338539004, 0.0694821178913, 0.074086740613, 0.0951509252191, 0.0831864178181, 0.129899010062, 0.180680841208, 0.119087442756, 0.0892063230276, 0.109932169318, 0.108362533152, 0.281266599894, 0.426114231348, 0.249385237694, 0.0801593512297, 0.0559015199542, 0.0569365248084, 0.132620930672]}, "tuning_equal_tempered_deviation": 0.00117350649089, "chords_changes_rate": 0.0457644611597, "key_key": "G", "tuning_diatonic_strength": 0.543306648731, "key_scale": "minor", "chords_number_rate": 0.00123966939282, "tuning_frequency": 440.508575439, "tuning_nontempered_energy_ratio": 0.651193022728, "chords_histogram": [37.6962814331, 4.17355394363, 3.27479338646, 11.1673555374, 2.35537195206, 8.22314071655, 0.0309917349368, 3.24380159378, 6.55991744995, 3.06818175316, 2.23140501976, 0.681818187237, 0, 0.816115677357, 0.144628092647, 0.847107410431, 0.113636367023, 0.661157011986, 0, 0, 0.299586772919, 0, 12.3140497208, 2.09710741043], "key_strength": 0.753711521626, "chords_key": "G", "chords_strength": {"dmean2": 0.00747545529157, "median": 0.520733654499, "min": -1, "dvar2": 0.000462513824459, "dvar": 0.000261041423073, "dmean": 0.00867741834372, "max": 0.804432630539, "var": 0.0132958227769, "mean": 0.527016937733}, "chords_scale": "minor", "hpcp_entropy": {"dmean2": 0.897875130177, "median": 1.73760771751, "min": 0, "dvar2": 0.585799872875, "dvar": 0.217693954706, "dmean": 0.53553879261, "max": 4.17838764191, "var": 0.541613996029, "mean": 1.73388969898}}, "metadata": {"audio_properties": {"equal_loudness": 0, "codec": "flac", "downmix": "mix", "sample_rate": 44100, "analysis_sample_rate": 44100, "bit_rate": 0, "md5_encoded": "f7d03ec85217b680b99fc182cbaec38c", "length": 449.480010986, "replay_gain": -11.3998718262, "lossless": true}, "version": {"essentia_build_sha": "70f2e5ece6736b2c40cc944ad0e695b16b925413", "essentia": "2.1-beta2", "extractor": "music 1.0", "essentia_git_sha": "v2.1_beta2"}, "tags": {"title": ["La Sagrada Familia"], "barcode": ["828768938720"], "media": ["CD"], "albumartist": ["The Alan Parsons Project"], "tracktotal": ["14"], "language": ["eng"], "releasetype": ["album", "compilation"], "musicbrainz_recordingid": ["1b9aeb42-464c-4586-9d94-9c80bc058817"], "musicbrainz_releasegroupid": ["ce507437-d656-328b-934a-b58078f48265"], "musicbrainz_albumartistid": ["f98711e5-06f7-43ed-8239-da0f61a9c460"], "originaldate": ["2006-10-09"], "discnumber": ["3"], "catalognumber": ["689387"], "owner": ["-=udachee=-"], "file_name": "11. La Sagrada Familia.flac", "musicip_puid": ["6228d562-de68-2271-58f1-32cc850bfc14"], "albumartistsort": ["Parsons, Alan, Project, The"], "date": ["2006-10-09"], "genre": ["Rock", "Pop Rock", "Pop", "Electronic"], "disctotal": ["3"], "musicbrainz_artistid": ["f98711e5-06f7-43ed-8239-da0f61a9c460"], "releasecountry": ["GB"], "asin": ["B000J3OWUM"], "musicbrainz_albumid": ["692c2946-abad-4d69-992d-6fc6c873aae4"], "artist": ["The Alan Parsons Project"], "tracknumber": ["11"], "artistsort": ["Parsons, Alan, Project, The"], "album": ["The Dutch Collection"], "label": ["Sony BMG Music Entertainment"], "releasestatus": ["official"], "totaldiscs": ["3"], "script": ["Latn"], "totaltracks": ["14"]}}, "rhythm": {"bpm_histogram_first_peak_bpm": {"dmean2": 0, "median": 120, "min": 120, "dvar2": 0, "dvar": 0, "dmean": 0, "max": 120, "var": 0, "mean": 120}, "bpm": 119.733329773, "bpm_histogram_second_peak_spread": {"dmean2": 0, "median": 0.337209284306, "min": 0.337209284306, "dvar2": 0, "dvar": 0, "dmean": 0, "max": 0.337209284306, "var": 0, "mean": 0.337209284306}, "bpm_histogram_first_peak_weight": {"dmean2": 0, "median": 0.467796623707, "min": 0.467796623707, "dvar2": 0, "dvar": 0, "dmean": 0, "max": 0.467796623707, "var": 0, "mean": 0.467796623707}, "onset_rate": 2.44053339958, "beats_position": [0.53405892849, 1.07972788811, 1.6137868166, 2.15945577621, 2.69351458549, 3.20435357094, 3.70358276367, 4.20281171799, 4.69043064117, 5.18965959549, 5.6888885498, 6.19972801208, 6.71056699753, 7.22140598297, 7.73224496841, 8.24308395386, 8.75392246246, 9.26476192474, 9.78721046448, 10.3096599579, 10.8437185287, 11.3777770996, 11.9118366241, 12.4342851639, 12.9567346573, 13.479183197, 14.0132427216, 14.5473012924, 14.9652605057, 15.3716096878, 15.7663488388, 16.1726989746, 16.5790481567, 16.99700737, 17.4149665833, 17.8213157654, 18.2276649475, 18.6224040985, 19.0171432495, 19.5163707733, 20.0156002045, 20.5148296356, 21.037279129, 21.5597267151, 22.0821762085, 22.6046257019, 23.1386852264, 23.6611328125, 24.1835823059, 24.7060317993, 25.2168693542, 25.7160987854, 26.2153282166, 26.7261676788, 27.2370071411, 27.7362346649, 28.2354640961, 28.7346935272, 29.2339229584, 29.7331504822, 30.2323799133, 30.7316093445, 31.2540588379, 31.7648983002, 32.2757377625, 32.8446235657, 33.4135131836, 33.9707946777, 34.5745124817, 35.1782302856, 35.7703399658, 36.3740577698, 36.9777755737, 37.5814971924, 38.1852149963, 38.823764801, 39.462310791, 40.1124725342, 40.7045783997, 41.2966880798, 41.88879776, 42.4809074402, 43.0497932434, 43.6535148621, 44.2456245422, 44.7912902832, 45.3369598389, 45.8826293945, 46.4050788879, 46.9275283813, 47.4383659363, 47.9492073059, 48.4600448608, 48.9708824158, 49.4817237854, 49.9925613403, 50.4917907715, 50.9910202026, 51.4902496338, 51.9894790649, 52.5003166199, 52.999546051, 53.510383606, 54.0212249756, 54.5320625305, 55.1009521484, 55.6814498901, 56.2503395081, 56.8308372498, 57.4229469299, 58.0034446716, 58.583946228, 59.1644439697, 59.6868934631, 60.2093429565, 60.7317886353, 61.2310180664, 61.741859436, 62.252696991, 62.7519264221, 63.2511558533, 63.7619934082, 64.2728347778, 64.7836685181, 65.2945098877, 65.8053512573, 66.316192627, 66.8270263672, 67.3610839844, 67.895149231, 68.4292068481, 68.9516525269, 69.474105835, 69.9617233276, 70.4609527588, 70.9485702515, 71.4477996826, 71.9586410522, 72.4578704834, 72.9570999146, 73.4563217163, 73.9555511475, 74.4663925171, 74.9888458252, 75.488067627, 75.975692749, 76.4749221802, 76.9741516113, 77.4733810425, 77.9726028442, 78.4718322754, 78.9594573975, 79.4586868286, 79.9579086304, 80.4571380615, 80.9679794312, 81.4672088623, 81.954826355, 82.4540557861, 82.9532852173, 83.4525146484, 83.9517440796, 84.4509735107, 84.9502029419, 85.449432373, 85.9486618042, 86.4478912354, 86.935508728, 87.4231262207, 87.9339675903, 88.44480896, 88.9556427002, 89.4897003174, 90.035369873, 90.5694351196, 91.0918807983, 91.6259384155, 92.1483917236, 92.6708374023, 93.181678772, 93.6925125122, 94.2033538818, 94.702583313, 95.2018127441, 95.7010421753, 96.2002716064, 96.7111129761, 97.2219467163, 97.7327880859, 98.2320175171, 98.7196350098, 99.2072525024, 99.6948699951, 100.194099426, 100.693328857, 101.192558289, 101.69178772, 102.191017151, 102.701858521, 103.21269989, 103.711929321, 104.211151123, 104.698776245, 105.198005676, 105.720451355, 106.231292725, 106.742126465, 107.264579773, 107.787025452, 108.297866821, 108.808708191, 109.33115387, 109.969703674, 110.596641541, 111.223579407, 111.966621399, 112.709655762, 113.475914001, 114.242172241, 115.020042419, 115.797912598, 116.575782776, 117.411697388, 118.23600769, 119.071922302, 119.896232605, 120.674102783, 121.451972961, 122.195007324, 122.949661255, 123.541763306, 124.133872986, 124.725982666, 125.329704285, 125.921813965, 126.432647705, 126.943489075, 127.454330444, 127.953559875, 128.452789307, 128.952011108, 129.451248169, 129.938858032, 130.438095093, 130.937316895, 131.436553955, 131.935775757, 132.435012817, 132.934234619, 133.43347168, 133.932693481, 134.431930542, 134.931152344, 135.430389404, 135.929611206, 136.428848267, 136.928070068, 137.42729187, 137.926528931, 138.425750732, 138.924987793, 139.424209595, 139.923446655, 140.422668457, 140.921905518, 141.421127319, 141.92036438, 142.419586182, 142.918823242, 143.418045044, 143.917282104, 144.416503906, 144.915740967, 145.414962769, 145.914199829, 146.413421631, 146.912643433, 147.423492432, 147.922714233, 148.421951294, 148.921173096, 149.420410156, 149.919631958, 150.418869019, 150.91809082, 151.417327881, 151.916549683, 152.415786743, 152.915008545, 153.414230347, 153.913467407, 154.412689209, 154.923538208, 155.42276001, 155.92199707, 156.421218872, 156.920455933, 157.408065796, 157.907302856, 158.406524658, 158.917373657, 159.416595459, 159.915817261, 160.42666626, 160.914276123, 161.413513184, 161.912734985, 162.411972046, 162.911193848, 163.410430908, 163.90965271, 164.408889771, 164.908111572, 165.407348633, 165.906570435, 166.417419434, 166.928253174, 167.427474976, 167.926712036, 168.414321899, 168.91355896, 169.412780762, 169.923629761, 170.422851562, 170.922088623, 171.421310425, 171.920547485, 172.419769287, 172.919006348, 173.418228149, 173.917449951, 174.416687012, 174.915908813, 175.415145874, 175.914367676, 176.425216675, 176.924438477, 177.423675537, 177.934509277, 178.445343018, 178.944580078, 179.44380188, 179.94303894, 180.442260742, 180.941497803, 181.452331543, 181.939956665, 182.427566528, 182.926803589, 183.426025391, 183.925262451, 184.424484253, 184.923721313, 185.434555054, 185.933776855, 186.433013916, 186.920639038, 187.41986084, 187.919082642, 188.418319702, 188.929153442, 189.428390503, 189.927612305, 190.426849365, 190.926071167, 191.425308228, 191.924530029, 192.42376709, 192.922988892, 193.422225952, 193.921447754, 194.420669556, 194.919906616, 195.419128418, 195.918365479, 196.429199219, 196.928436279, 197.427658081, 197.93850708, 198.437728882, 198.936950684, 199.436187744, 199.935409546, 200.434646606, 200.933868408, 201.433105469, 201.932327271, 202.431564331, 202.930786133, 203.430023193, 203.929244995, 204.428482056, 204.927703857, 205.426940918, 205.937774658, 206.460220337, 207.005889893, 207.551559448, 208.097229004, 208.64289856, 209.200180054, 209.769073486, 210.349563599, 210.918457031, 211.487350464, 212.067840576, 212.613510132, 213.159179688, 213.693237305, 214.331787109, 214.958724976, 215.574050903, 216.20098877, 216.827926636, 217.478088379, 218.116638184, 218.685531616, 219.266021729, 219.834915161, 220.35736084, 220.891418457, 221.413879395, 221.924713135, 222.423934937, 222.911560059, 223.387573242, 223.863571167, 224.339584351, 224.76914978, 225.198730469, 225.628295898, 226.069473267, 226.499038696, 226.928619385, 227.358184814, 227.799362183, 228.240539551, 228.681716919, 229.076461792, 229.471191406, 229.865936279, 230.260681152, 230.667022705, 231.061767578, 231.456497192, 231.851242065, 232.245986938, 232.640716553, 233.035461426, 233.41859436, 233.801712036, 234.184844971, 234.556365967, 234.997543335, 235.438720703, 235.879898071, 236.39074707, 236.901580811, 237.400817871, 237.911651611, 238.422485352, 238.933334351, 239.432556152, 239.920181274, 240.419403076, 240.918640137, 241.417861938, 241.917098999, 242.416320801, 242.915557861, 243.414779663, 243.914016724, 244.413238525, 244.912460327, 245.411697388, 245.910919189, 246.41015625, 246.909378052, 247.408615112, 247.907836914, 248.407073975, 248.906295776, 249.405532837, 249.904754639, 250.403991699, 250.903213501, 251.402450562, 251.913284302, 252.412506104, 252.911743164, 253.410964966, 253.910202026, 254.409423828, 254.908660889, 255.40788269, 255.907119751, 256.406341553, 256.905578613, 257.404815674, 257.904022217, 258.403259277, 258.902496338, 259.401733398, 259.900939941, 260.400177002, 260.899414062, 261.398620605, 261.897857666, 262.397094727, 262.896331787, 263.407165527, 263.917999268, 264.417236328, 264.916442871, 265.415679932, 265.914916992, 266.414154053, 266.913360596, 267.424224854, 267.923431396, 268.422668457, 268.921905518, 269.421142578, 269.908752441, 270.407989502, 270.907196045, 271.406433105, 271.917266846, 272.416503906, 272.927337646, 273.438171387, 273.949005127, 274.459869385, 274.982299805, 275.493133545, 275.992370605, 276.433563232, 276.886352539, 277.339141846, 277.791931152, 278.244720459, 278.685882568, 279.138671875, 279.579864502, 280.021026611, 280.462219238, 280.891784668, 281.309753418, 281.72769165, 282.1456604, 282.56362915, 282.99319458, 283.42276001, 283.92199707, 284.421234131, 284.920440674, 285.419677734, 285.918914795, 286.418121338, 286.917358398, 287.416595459, 287.904205322, 288.403442383, 288.902679443, 289.413513184, 289.912750244, 290.411956787, 290.911193848, 291.410430908, 291.909667969, 292.408874512, 292.919708252, 293.418945312, 293.918182373, 294.405792236, 294.905029297, 295.404266357, 295.9034729, 296.402709961, 296.901947021, 297.401184082, 297.900390625, 298.399627686, 298.910461426, 299.409698486, 299.908935547, 300.408172607, 300.90737915, 301.406616211, 301.905853271, 302.393463135, 302.892700195, 303.391906738, 303.902770996, 304.401977539, 304.9012146, 305.40045166, 305.899688721, 306.398895264, 306.898132324, 307.397369385, 307.896606445, 308.407440186, 308.906646729, 309.405883789, 309.90512085, 310.40435791, 310.903564453, 311.402801514, 311.902038574, 312.401275635, 312.888885498, 313.388122559, 313.887329102, 314.386566162, 314.885803223, 315.396636963, 315.907470703, 316.406707764, 316.905944824, 317.405151367, 317.904388428, 318.403625488, 318.902862549, 319.402069092, 319.901306152, 320.400543213, 320.899780273, 321.398986816, 321.898223877, 322.397460938, 322.896697998, 323.395904541, 323.895141602, 324.394378662, 324.893585205, 325.392822266, 325.892059326, 326.391296387, 326.89050293, 327.401367188, 327.912200928, 328.399810791, 328.910644531, 329.409881592, 329.909118652, 330.408325195, 330.907562256, 331.406799316, 331.906036377, 332.40524292, 332.916107178, 333.426940918, 333.926147461, 334.448608398, 334.971069336, 335.493499756, 336.05078125, 336.619689941, 337.176940918, 337.711029053, 338.233459473, 338.76751709, 339.313201904, 339.858856201, 340.416137695, 340.96182251, 341.507476807, 342.053131104, 342.598815918, 343.132873535, 343.666931152, 344.212615967, 344.746673584, 345.245880127, 345.733520508, 346.232727051, 346.731964111, 347.231201172, 347.730438232, 348.218048096, 348.705657959, 349.20489502, 349.692504883, 350.180114746, 350.667755127, 351.143768311, 351.619781494, 352.09576416, 352.606628418, 353.117462158, 353.628295898, 354.139129639, 354.649963379, 355.160797119, 355.532318115, 355.915466309, 356.286987305, 356.658508301, 357.041625977, 357.424743652, 357.807891846, 358.179412842, 358.539306641, 358.910827637, 359.282348633, 359.653869629, 360.013793945, 360.385284424, 360.74520874, 361.105133057, 361.488250732, 361.871368408, 362.254516602, 362.765350342, 363.276184082, 363.787017822, 364.30947876, 364.83190918, 365.354370117, 365.876831055, 366.387664795, 366.898498535, 367.397735596, 367.908569336, 368.419403076, 368.930236816, 369.452697754, 369.975128174, 370.393096924, 370.811065674, 371.229003906, 371.681793213, 372.13458252, 372.587371826, 373.086608887, 373.585845947, 374.096679688, 374.619140625, 375.141571045, 375.652404785, 376.163269043, 376.674102783, 377.184936523, 377.695770264, 378.206604004, 378.717468262, 379.228302002, 379.739135742, 380.249969482, 380.77243042, 381.29486084, 381.828918457, 382.351379395, 382.873840332, 383.396270752, 383.907104492, 384.42956543, 385.010070801, 385.590545654, 386.171051025, 386.681884766, 387.192749023, 387.703582764, 388.226013184, 388.748474121, 389.282531738, 389.816589355, 390.339050293, 390.861480713, 391.39553833, 391.906402588, 392.405609131, 392.904846191, 393.415679932, 393.903289795, 394.402526855, 394.901763916, 395.401000977, 395.90020752, 396.39944458, 396.898681641, 397.397918701, 397.897125244, 398.396362305, 398.895599365, 399.394836426, 399.894042969, 400.404876709, 400.90411377, 401.40335083, 401.902587891, 402.413421631, 402.912658691, 403.400268555, 403.899505615, 404.398712158, 404.897949219, 405.397186279, 405.89642334, 406.395629883, 406.894866943, 407.394104004, 407.881713867, 408.392547607, 408.891784668, 409.391021729, 409.901855469, 410.401092529, 410.900299072, 411.399536133, 411.898773193, 412.386383057, 412.897216797, 413.396453857, 413.895690918, 414.406524658, 414.894134521, 415.393371582, 415.892608643, 416.391815186, 416.891052246, 417.401885986, 417.889526367, 418.38873291, 418.887969971, 419.387207031, 419.886444092, 420.385650635, 420.884887695, 421.395721436, 421.894958496, 422.394195557, 422.8934021, 423.39263916, 423.9034729, 424.414337158, 424.925170898, 425.424377441, 425.912017822, 426.411224365, 426.910461426, 427.409698486, 427.908935547, 428.40814209, 428.895782471, 429.394989014, 429.894226074, 430.381866455, 430.869476318, 431.380310059, 431.902770996, 432.413604736, 432.912811279, 433.41204834, 433.9112854, 434.410522461, 434.909729004, 435.408966064, 435.803710938, 436.198455811, 436.604797363, 436.987915039, 437.371063232, 437.754180908, 438.137329102, 438.543670654, 438.950012207, 439.35635376, 439.878814697, 440.389648438, 440.877258301, 441.388122559, 441.898956299, 442.409790039, 442.920623779, 443.443084717, 443.977142334, 444.511199951, 445.045257568, 445.579315186, 446.171417236, 446.763519287, 447.367248535, 447.970977783, 448.574676514], "beats_loudness": {"dmean2": 0.0205870512873, "median": 0.0112089496106, "min": 1.69923963789e-09, "dvar2": 0.000787335564382, "dvar": 0.000260642700596, "dmean": 0.0116804195568, "max": 0.122981518507, "var": 0.000541847373825, "mean": 0.020991101861}, "danceability": 1.08940649033, "bpm_histogram_second_peak_weight": {"dmean2": 0, "median": 0.0644067823887, "min": 0.0644067823887, "dvar2": 0, "dvar": 0, "dmean": 0, "max": 0.0644067823887, "var": 0, "mean": 0.0644067823887}, "beats_count": 886, "bpm_histogram_second_peak_bpm": {"dmean2": 0, "median": 115, "min": 115, "dvar2": 0, "dvar": 0, "dmean": 0, "max": 115, "var": 0, "mean": 115}, "bpm_histogram_first_peak_spread": {"dmean2": 0, "median": 0.314569592476, "min": 0.314569592476, "dvar2": 0, "dvar": 0, "dmean": 0, "max": 0.314569592476, "var": 0, "mean": 0.314569592476}, "beats_loudness_band_ratio": {"dmean2": [0.237812876701, 0.301482737064, 0.263186722994, 0.183050140738, 0.092167109251, 0.204208135605], "median": [0.170594647527, 0.239540159702, 0.188221499324, 0.0967053025961, 0.0414183139801, 0.0408895500004], "min": [8.49234056659e-05, 0.000184997639735, 0.00034063361818, 0.000829840544611, 0.000844541704282, 2.72447759926e-05], "dvar2": [0.0493745282292, 0.0686941146851, 0.0573226287961, 0.032564368099, 0.0129849426448, 0.0676256269217], "dvar": [0.0185847878456, 0.0249696187675, 0.0217339005321, 0.0123513676226, 0.00459061516449, 0.0217156019062], "dmean": [0.139341518283, 0.172658056021, 0.153341203928, 0.10470943898, 0.0524469539523, 0.107911266387], "max": [0.851833760738, 0.942568659782, 0.911501765251, 0.87559992075, 0.578474342823, 0.986789941788], "var": [0.042393244803, 0.0417725965381, 0.0446806810796, 0.0195464864373, 0.0058710789308, 0.0200245026499], "mean": [0.226660266519, 0.296418190002, 0.255664050579, 0.143272668123, 0.0672830492258, 0.100319951773]}}, "lowlevel": {"barkbands_spread": {"dmean2": 6.30795860291, "median": 16.1087989807, "min": 1.0540355444, "dvar2": 75.0180740356, "dvar": 34.9477310181, "dmean": 4.20268630981, "max": 131.720855713, "var": 189.125137329, "mean": 19.6350345612}, "melbands_spread": {"dmean2": 8.63268280029, "median": 18.721036911, "min": 1.29560554028, "dvar2": 159.643966675, "dvar": 76.0938034058, "dmean": 5.66186618805, "max": 206.745223999, "var": 429.811187744, "mean": 24.3702297211}, "hfc": {"dmean2": 7.05637979507, "median": 6.07173347473, "min": 1.22707545486e-16, "dvar2": 404.404571533, "dvar": 202.524612427, "dmean": 5.13855934143, "max": 304.501159668, "var": 715.53918457, "mean": 16.1355476379}, "barkbands_kurtosis": {"dmean2": 3.46229553223, "median": 1.85245323181, "min": -1.90438520908, "dvar2": 43.2830657959, "dvar": 17.5989151001, "dmean": 2.1958425045, "max": 225.147796631, "var": 124.74131012, "mean": 4.36837863922}, "gfcc": {"mean": [-80.71459198, 85.6931610107, -132.50189209, 9.48806762695, -70.7610855103, -5.886033535, -42.0751495361, -7.39485120773, -28.2902050018, -8.08315372467, -16.1870441437, -3.89846968651, -14.4517326355], "icov": [[0.000125371254398, -3.87268937629e-06, 0.000117529940326, -0.000323259155266, 0.000104848499177, -0.00020233275427, 0.000128300554934, -0.000377559830667, 0.000357908545993, -0.000168126585777, 0.00015117910516, -0.00016563636018, 0.000246826035436], [-3.87268937629e-06, 0.000853663193993, 6.97908326401e-05, 0.000179070120794, -0.000336838827934, 0.000339269492542, -0.000297415652312, 0.000493937579449, -0.000534140097443, 0.000820258515887, -0.000773735810071, 0.000591878662817, -0.000226093630772], [0.000117529940326, 6.97908326401e-05, 0.00167601881549, -0.000485623779241, -0.00040175599861, -0.0010950305732, 0.000516691128723, -0.000703949772287, 6.39285062789e-05, -0.000195497399545, 0.000785158248618, -0.000991297303699, 0.00065415649442], [-0.000323259155266, 0.000179070120794, -0.000485623779241, 0.00327027728781, -0.000416766793933, -0.000893040909432, -0.000575112935621, 0.00124425266404, -0.00145637232345, 0.000314095843351, -0.0002052650525, 0.00167055998463, -0.00151536148041], [0.000104848499177, -0.000336838827934, -0.00040175599861, -0.000416766793933, 0.00320973107591, 0.000154042194481, -0.000791182974353, 0.000110729655717, 0.000471765641123, -0.00106080982368, 0.000128992978716, 0.000157082395162, -0.000885429792106], [-0.00020233275427, 0.000339269492542, -0.0010950305732, -0.000893040909432, 0.000154042194481, 0.00512009393424, -0.00130598573014, -0.00131234619766, 3.72884751414e-05, 0.000361258891644, -0.00139431958087, 0.000358725927072, -0.000332930590957], [0.000128300554934, -0.000297415652312, 0.000516691128723, -0.000575112935621, -0.000791182974353, -0.00130598573014, 0.00600723037496, -0.00194543949328, 0.000675927265547, 0.000160769734066, -0.00129077839665, 0.000680713565089, 0.000726326543372], [-0.000377559830667, 0.000493937579449, -0.000703949772287, 0.00124425266404, 0.000110729655717, -0.00131234619766, -0.00194543949328, 0.00893082749099, -0.00129968067631, -0.00166482059285, -0.000389478547731, 0.000258553394815, -0.00101424392778], [0.000357908545993, -0.000534140097443, 6.39285062789e-05, -0.00145637232345, 0.000471765641123, 3.72884751414e-05, 0.000675927265547, -0.00129968067631, 0.00761673832312, -0.00164409517311, 0.000227827636991, -9.93517242023e-05, 0.000155184301548], [-0.000168126585777, 0.000820258515887, -0.000195497399545, 0.000314095843351, -0.00106080982368, 0.000361258891644, 0.000160769734066, -0.00166482059285, -0.00164409517311, 0.01153915748, -0.00225795176812, -0.000566542323213, 0.000324373773765], [0.00015117910516, -0.000773735810071, 0.000785158248618, -0.0002052650525, 0.000128992978716, -0.00139431958087, -0.00129077839665, -0.000389478547731, 0.000227827636991, -0.00225795176812, 0.010386897251, -0.00244046165608, -0.000551430275664], [-0.00016563636018, 0.000591878662817, -0.000991297303699, 0.00167055998463, 0.000157082395162, 0.000358725927072, 0.000680713565089, 0.000258553394815, -9.93517242023e-05, -0.000566542323213, -0.00244046165608, 0.0122470399365, -0.00210385560058], [0.000246826035436, -0.000226093630772, 0.00065415649442, -0.00151536148041, -0.000885429792106, -0.000332930590957, 0.000726326543372, -0.00101424392778, 0.000155184301548, 0.000324373773765, -0.000551430275664, -0.00210385560058, 0.0103939576074]], "cov": [[22766.6171875, -3170.78735352, 1119.62536621, 2191.42626953, -539.498962402, 2070.16479492, 303.504394531, 1276.04272461, -552.439147949, 494.737121582, -104.299491882, 114.024848938, -226.570068359], [-3170.78735352, 2162.75830078, -514.602050781, -315.394500732, 205.948348999, -460.303588867, 30.7525482178, -312.713439941, 133.401916504, -179.870330811, 104.455734253, -105.262390137, 66.7405471802], [1119.62536621, -514.602050781, 1030.88537598, 292.347045898, 79.4459838867, 382.84286499, 30.1373176575, 188.233032227, 0.885596871376, 81.1680603027, -34.8527984619, 59.5768280029, -17.0835132599], [2191.42626953, -315.394500732, 292.347045898, 694.645446777, 50.8565597534, 349.705169678, 99.4164657593, 127.232437134, 23.3006477356, 52.4473304749, 4.08728837967, -35.7060775757, 35.9811820984], [-539.498962402, 205.948348999, 79.4459838867, 50.8565597534, 399.452301025, 1.88536155224, 67.2930450439, -12.739274025, 17.7326412201, 16.657377243, 24.0115222931, -12.850104332, 45.7371559143], [2070.16479492, -460.303588867, 382.84286499, 349.705169678, 1.88536155224, 538.500488281, 125.182479858, 211.397079468, -28.3042316437, 74.4649047852, 29.7186851501, 15.4152641296, -0.197902843356], [303.504394531, 30.7525482178, 30.1373176575, 99.4164657593, 67.2930450439, 125.182479858, 240.201522827, 75.1449203491, -4.61318731308, 17.2200088501, 46.2678337097, -17.155878067, 4.8623046875], [1276.04272461, -312.713439941, 188.233032227, 127.232437134, -12.739274025, 211.397079468, 75.1449203491, 238.61088562, -10.6607751846, 68.2080917358, 12.7789039612, 19.9478473663, -3.93685913086], [-552.439147949, 133.401916504, 0.885596871376, 23.3006477356, 17.7326412201, -28.3042316437, -4.61318731308, -10.6607751846, 169.706085205, 8.12486839294, 9.96066570282, -9.62080287933, 15.0417785645], [494.737121582, -179.870330811, 81.1680603027, 52.4473304749, 16.657377243, 74.4649047852, 17.2200088501, 68.2080917358, 8.12486839294, 121.356620789, 19.3100776672, 19.0378952026, -2.8971850872], [-104.299491882, 104.455734253, -34.8527984619, 4.08728837967, 24.0115222931, 29.7186851501, 46.2678337097, 12.7789039612, 9.96066570282, 19.3100776672, 126.744537354, 15.4034748077, 17.6402206421], [114.024848938, -105.262390137, 59.5768280029, -35.7060775757, -12.850104332, 15.4152641296, -17.155878067, 19.9478473663, -9.62080287933, 19.0378952026, 15.4034748077, 103.804885864, 9.96978282928], [-226.570068359, 66.7405471802, -17.0835132599, 35.9811820984, 45.7371559143, -0.197902843356, 4.8623046875, -3.93685913086, 15.0417785645, -2.8971850872, 17.6402206421, 9.96978282928, 115.348487854]]}, "spectral_energyband_middle_low": {"dmean2": 0.00482623744756, "median": 0.00392671301961, "min": 2.68774982585e-22, "dvar2": 0.000162028387422, "dvar": 5.92647775193e-05, "dmean": 0.00299066933803, "max": 0.135196238756, "var": 0.000101446923509, "mean": 0.00742291472852}, "melbands_crest": {"dmean2": 4.82593107224, "median": 12.0957632065, "min": 1.56287074089, "dvar2": 23.0775756836, "dvar": 8.77587127686, "dmean": 2.99817800522, "max": 33.3056297302, "var": 27.2948627472, "mean": 13.0943555832}, "spectral_kurtosis": {"dmean2": 3.64030504227, "median": 4.16983652115, "min": -1.25059556961, "dvar2": 46.1334609985, "dvar": 16.9932250977, "dmean": 2.15576314926, "max": 151.276092529, "var": 72.1741333008, "mean": 6.36299943924}, "spectral_rms": {"dmean2": 0.000822578382213, "median": 0.00263853906654, "min": 3.3482687109e-12, "dvar2": 2.71892849923e-06, "dvar": 1.10714779566e-06, "dmean": 0.000540083448868, "max": 0.0137649010867, "var": 4.91527953272e-06, "mean": 0.00304791959934}, "zerocrossingrate": {"dmean2": 0.0103233251721, "median": 0.05517578125, "min": 0.0087890625, "dvar2": 0.000174590924871, "dvar": 0.000167748992681, "dmean": 0.00896282866597, "max": 0.888671875, "var": 0.00471074366942, "mean": 0.069752715528}, "silence_rate_60dB": {"dmean2": 0.0615797899663, "median": 0, "min": 0, "dvar2": 0.0669773668051, "dvar": 0.0298446249217, "dmean": 0.0307883042842, "max": 1, "var": 0.228028431535, "mean": 0.351980984211}, "erbbands_kurtosis": {"dmean2": 1.30396842957, "median": 0.0729312896729, "min": -1.80692875385, "dvar2": 2.97933411598, "dvar": 1.34062409401, "dmean": 0.849753677845, "max": 29.84532547, "var": 5.14549303055, "mean": 0.753600716591}, "erbbands": {"dmean2": [0.0248231068254, 0.517958521843, 2.74548625946, 5.82225084305, 6.96042203903, 6.1684179306, 5.39075756073, 6.6111946106, 8.56648254395, 9.93235301971, 14.0004701614, 14.436006546, 21.01745224, 15.2365646362, 17.6178970337, 31.0858287811, 18.1398849487, 18.6974334717, 11.7252616882, 7.41449213028, 7.96451234818, 9.07203865051, 10.0265130997, 9.61328125, 13.7246522903, 8.53141593933, 5.44117116928, 5.54216194153, 4.39019680023, 4.4569606781, 2.89424014091, 2.45386362076, 2.06412053108, 0.597051441669, 0.487721771002, 0.37239459157, 0.154217019677, 0.0158720090985, 0.00257754256018, 0.000176693705725], "median": [0.000776076631155, 0.014641366899, 0.0698285549879, 0.286570340395, 1.49430823326, 2.48781991005, 2.34623861313, 2.99804472923, 4.33780622482, 4.02015066147, 4.87657499313, 4.64151620865, 5.37119531631, 4.43889284134, 4.63847637177, 5.36683607101, 4.13130235672, 3.639503479, 3.17966794968, 2.22195076942, 2.26219987869, 2.96406722069, 2.88513541222, 2.41472601891, 2.14138102531, 1.25883030891, 1.00043320656, 1.25308203697, 0.96007168293, 0.60064291954, 0.402654021978, 0.253963470459, 0.140475526452, 0.0713467374444, 0.0297978203744, 0.0105298710987, 0.00196453672834, 0.000440611795057, 7.34799541533e-05, 1.70488146978e-05], "min": [2.97574691269e-21, 1.15028075255e-20, 1.01745856829e-20, 3.48513228677e-20, 1.61502490957e-19, 1.00082727813e-19, 2.00598200332e-19, 6.08721230501e-19, 7.07532866055e-19, 7.04077474143e-19, 1.29171263006e-18, 8.28319536859e-19, 1.85689846604e-18, 3.50820491315e-18, 5.1820706435e-18, 2.00491044254e-18, 6.97482332099e-18, 3.1438366096e-18, 5.04182713373e-18, 6.50784512362e-18, 9.1023566719e-18, 5.08135602725e-18, 1.42202984841e-17, 1.09892061071e-17, 2.29577361569e-17, 2.59796155318e-17, 2.22496248848e-17, 1.6488525331e-17, 1.99230057041e-17, 1.7379436901e-17, 3.56570364373e-17, 1.96709323386e-17, 1.94768509515e-17, 1.36398402056e-17, 8.97417676418e-18, 6.82573559611e-18, 3.36650246357e-18, 1.02346333408e-18, 2.94991915934e-19, 3.92483468166e-20], "dvar2": [0.012134811841, 5.20525836945, 117.35824585, 629.012756348, 438.639007568, 176.70640564, 186.026885986, 251.9506073, 517.658569336, 933.916748047, 1341.1574707, 2251.08203125, 5581.90625, 2035.0423584, 2792.74072266, 14633.5322266, 3304.1015625, 4357.92480469, 1202.62023926, 386.897094727, 628.214050293, 574.034851074, 1206.86071777, 1202.30639648, 2289.61474609, 1186.74938965, 273.868438721, 335.473968506, 252.659866333, 304.816680908, 115.635955811, 99.5531616211, 120.109275818, 4.1471657753, 4.78543043137, 4.00985574722, 1.1633014679, 0.0063698431477, 0.000147171333083, 7.92095079305e-07], "dvar": [0.00444140518084, 1.83295285702, 41.7880134583, 219.402877808, 154.902023315, 64.0077362061, 74.5590515137, 116.800033569, 224.883300781, 417.019317627, 650.164306641, 1015.17944336, 2252.31323242, 915.938842773, 1233.44836426, 6123.50634766, 1433.06616211, 1831.63781738, 500.441070557, 175.314971924, 288.387329102, 237.903762817, 500.280761719, 602.718444824, 1111.51208496, 473.910797119, 111.039016724, 130.645217896, 104.536079407, 134.798049927, 49.3652496338, 47.8232879639, 54.1052703857, 2.06664562225, 2.05220174789, 1.72863304615, 0.475538760424, 0.00269942521118, 6.15581157035e-05, 3.27097012587e-07], "dmean": [0.0142946587875, 0.289908200502, 1.53819608688, 3.23408937454, 4.14268445969, 3.70447540283, 3.44695949554, 4.44385528564, 5.75163459778, 6.65219020844, 9.66643333435, 9.81822681427, 13.498541832, 10.2150411606, 11.7556848526, 19.916601181, 11.8374300003, 11.9270687103, 7.46075248718, 4.82981109619, 5.13991117477, 5.81028032303, 6.37635231018, 6.40748786926, 9.08885478973, 5.36667108536, 3.42335009575, 3.48638081551, 2.85192656517, 2.95782089233, 1.94054961205, 1.74133813381, 1.4388821125, 0.432310760021, 0.328131407499, 0.247894719243, 0.101135954261, 0.0105141559616, 0.00168664695229, 0.000115325594379], "max": [0.867077887058, 20.644115448, 102.38520813, 233.027160645, 221.655517578, 239.7237854, 263.769195557, 580.072631836, 777.277770996, 806.752380371, 974.05859375, 1164.39050293, 2362.18896484, 1543.00610352, 1360.47351074, 2847.21118164, 1270.08081055, 1604.41687012, 1164.80371094, 821.915466309, 806.887390137, 479.822570801, 1476.79443359, 1819.32470703, 1584.65222168, 1002.24407959, 407.409240723, 414.456481934, 241.048110962, 246.361450195, 139.867874146, 169.947387695, 186.212661743, 41.575012207, 29.8489189148, 32.0989723206, 23.0553245544, 1.11458909512, 0.175197035074, 0.0148759242147], "var": [0.00300181098282, 1.17555952072, 28.2478618622, 144.440765381, 190.316085815, 144.071807861, 230.619110107, 362.155975342, 723.357849121, 1425.90283203, 3109.70800781, 3151.19677734, 4926.10449219, 2951.12255859, 3978.44970703, 13599.2392578, 4230.27294922, 5684.36572266, 1111.89123535, 608.256164551, 1082.40222168, 802.489562988, 1426.67529297, 2699.24047852, 4638.17822266, 1128.63098145, 294.077728271, 274.499328613, 180.331390381, 225.433364868, 97.2385787964, 89.7845306396, 78.4900054932, 5.44322347641, 2.43808221817, 1.85626149178, 0.440574675798, 0.0028167036362, 6.32853261777e-05, 3.23776475852e-07], "mean": [0.0121069615707, 0.26546010375, 1.44899272919, 2.93894577026, 6.20067167282, 6.66006374359, 7.1251039505, 9.67098140717, 12.3667554855, 14.7048530579, 21.9421291351, 20.5226631165, 24.6149158478, 20.9064903259, 24.002368927, 35.3736305237, 23.1341762543, 23.7374172211, 13.9705753326, 10.4784488678, 11.1066837311, 12.8821249008, 14.1511182785, 15.3668756485, 21.2641525269, 11.5233268738, 7.54900169373, 7.13777923584, 5.4771900177, 5.06558179855, 3.7132294178, 3.13678216934, 2.2936463356, 0.81857329607, 0.435902774334, 0.280765980482, 0.104138381779, 0.0120808519423, 0.00189468218014, 0.000138377814437]}, "spectral_strongpeak": {"dmean2": 0.760896623135, "median": 0.480965465307, "min": 0, "dvar2": 2.30945110321, "dvar": 0.8922123909, "dmean": 0.460459619761, "max": 20.4460678101, "var": 1.9217069149, "mean": 0.998413205147}, "spectral_energy": {"dmean2": 0.00937675591558, "median": 0.00713593605906, "min": 1.14911752981e-20, "dvar2": 0.000640759302769, "dvar": 0.000241179121076, "dmean": 0.00579902203754, "max": 0.194209322333, "var": 0.000418002717197, "mean": 0.0145602207631}, "average_loudness": 0.255199819803, "spectral_rolloff": {"dmean2": 737.541442871, "median": 1184.32617188, "min": 107.666015625, "dvar2": 1977135.375, "dvar": 868984.5, "dmean": 445.883239746, "max": 21791.6015625, "var": 4703097, "mean": 1802.38647461}, "spectral_centroid": {"dmean2": 289.239898682, "median": 1113.05419922, "min": 239.997375488, "dvar2": 127623.601562, "dvar": 61126.3164062, "dmean": 190.627914429, "max": 10610.0039062, "var": 521165.21875, "mean": 1295.33056641}, "pitch_salience": {"dmean2": 0.0952871143818, "median": 0.569899022579, "min": 0.123703688383, "dvar2": 0.00771068781614, "dvar": 0.00295930006541, "dmean": 0.059214103967, "max": 0.874088764191, "var": 0.0114470962435, "mean": 0.563064277172}, "spectral_energyband_middle_high": {"dmean2": 0.00173364696093, "median": 0.00135684362613, "min": 1.74845907824e-21, "dvar2": 1.52231532411e-05, "dvar": 7.61700812291e-06, "dmean": 0.00120633945335, "max": 0.0943362861872, "var": 5.46874944121e-05, "mean": 0.00419749645516}, "spectral_contrast_coeffs": {"dmean2": [0.0737124830484, 0.0602219700813, 0.0533755943179, 0.0448531992733, 0.03354684636, 0.024656932801], "median": [-0.57651746273, -0.715529441833, -0.732069730759, -0.75494325161, -0.764858901501, -0.748507559299], "min": [-0.962580859661, -0.961202979088, -0.963157892227, -0.954206883907, -0.953491568565, -0.960933566093], "dvar2": [0.00414373585954, 0.00255989236757, 0.002012980403