{"tonal": {"thpcp": [1, 0.662354528904, 0.15521967411, 0.198184594512, 0.138107866049, 0.403761386871, 0.694283366203, 0.341733813286, 0.157648205757, 0.374876648188, 0.275426745415, 0.20697966218, 0.3492616117, 0.198994740844, 0.351945072412, 0.766132891178, 0.472067594528, 0.134742170572, 0.199893847108, 0.140387743711, 0.373352646828, 0.661757349968, 0.364377319813, 0.232869237661, 0.506044089794, 0.369235903025, 0.309651970863, 0.51401412487, 0.311557650566, 0.333030462265, 0.659183859825, 0.428900837898, 0.256176263094, 0.421834796667, 0.269291728735, 0.453698664904], "hpcp": {"dmean2": [0.0708113983274, 0.0759522095323, 0.1009279266, 0.117990300059, 0.11170630157, 0.0529868118465, 0.0435893796384, 0.0375239662826, 0.0799163803458, 0.112000003457, 0.0767021402717, 0.0499593429267, 0.0670706629753, 0.0575953610241, 0.0482147447765, 0.0486583337188, 0.0389057397842, 0.0741523727775, 0.113108046353, 0.0894273221493, 0.0422440059483, 0.0488071665168, 0.0424955040216, 0.0636745691299, 0.0945244804025, 0.0855669528246, 0.0694906488061, 0.0747436508536, 0.0848209708929, 0.0792865008116, 0.0765833258629, 0.0842674821615, 0.0886474251747, 0.103489622474, 0.0985526442528, 0.0681078061461], "median": [0.00403357949108, 0.0046460153535, 0.0297811850905, 0.0437639988959, 0.0312073677778, 0.00849763024598, 0.0024666110985, 0.00402722228318, 0.0242115370929, 0.0304896384478, 0.0174317210913, 0.00580532010645, 0.00643423758447, 0.00515668094158, 0.00608555367216, 0.002919501625, 0.00370440795086, 0.0222316160798, 0.0406173542142, 0.0294523797929, 0.00578734930605, 0.00218936568126, 0.00293681188487, 0.0120637593791, 0.0204738005996, 0.0150509625673, 0.00546793919057, 0.00334334536456, 0.00468165427446, 0.0117983091623, 0.00722360610962, 0.00805472768843, 0.0116153862327, 0.0126464031637, 0.013016236946, 0.0100502017885], "min": [0, 0, 0, 0, 0, 0, 0, 0, 0, 0, 0, 0, 0, 0, 0, 0, 0, 0, 0, 0, 0, 0, 0, 0, 0, 0, 0, 0, 0, 0, 0, 0, 0, 0, 0, 0], "dvar2": [0.0367200374603, 0.0328538231552, 0.0372010134161, 0.0602605305612, 0.0366666428745, 0.0152143063024, 0.0186608526856, 0.00918154139072, 0.0199758186936, 0.0516978017986, 0.0268456209451, 0.0145673668012, 0.0296948868781, 0.0199975650758, 0.0133295236155, 0.0204238314182, 0.0100867003202, 0.0189018342644, 0.0512125045061, 0.0261353366077, 0.0110098039731, 0.0227564591914, 0.0116307865828, 0.0172099154443, 0.0433223731816, 0.0354348570108, 0.0262327156961, 0.0357300937176, 0.0335399694741, 0.0290285758674, 0.0348716787994, 0.0358203724027, 0.0319485850632, 0.0492556430399, 0.0430521219969, 0.0258491560817], "dvar": [0.0185004360974, 0.0133292395622, 0.0142050320283, 0.0311504863203, 0.0174781549722, 0.00594050157815, 0.00952187832445, 0.00450833747163, 0.00984441302717, 0.0276262294501, 0.0109778912738, 0.00555922323838, 0.0153083568439, 0.00950689800084, 0.0057484516874, 0.0114594167098, 0.00482846423984, 0.00871960259974, 0.0268564280123, 0.0122467456385, 0.00494823185727, 0.0114473653957, 0.00528977112845, 0.00826197303832, 0.0222620926797, 0.0145225552842, 0.00970540381968, 0.0180587209761, 0.0143889179453, 0.0110896509141, 0.0193348377943, 0.013602366671, 0.011942490004, 0.0248734876513, 0.0178310703486, 0.0102325109765], "dmean": [0.0435987971723, 0.0451817326248, 0.0616682469845, 0.0754368677735, 0.0723780691624, 0.0313549414277, 0.027605285868, 0.0234204065055, 0.0522988475859, 0.0723011568189, 0.0480442121625, 0.0298285149038, 0.0431162603199, 0.0363648161292, 0.0300660524517, 0.0309600736946, 0.0248367078602, 0.0487138740718, 0.0747174322605, 0.0575182400644, 0.0259468816221, 0.0309084821492, 0.0261843167245, 0.0426639430225, 0.062195610255, 0.0527951419353, 0.0408687070012, 0.047051217407, 0.0516101978719, 0.0478015765548, 0.0502252429724, 0.0511203706264, 0.0538928098977, 0.0664888247848, 0.0613247528672, 0.0413578674197], "max": [1, 1, 1, 1, 1, 1, 1, 0.961970388889, 0.864432573318, 1, 1, 1, 1, 1, 1, 1, 1, 1, 1, 1, 1, 1, 1, 1, 1, 1, 1, 1, 1, 1, 1, 1, 1, 1, 1, 1], "var": [0.0772451609373, 0.0292206238955, 0.0326650254428, 0.152861833572, 0.0708078891039, 0.00872500054538, 0.0289026759565, 0.0120867770165, 0.034270323813, 0.104706808925, 0.0263365544379, 0.00921039190143, 0.0584655590355, 0.0334145613015, 0.018123280257, 0.0669953525066, 0.020107107237, 0.024418912828, 0.106627292931, 0.0415429063141, 0.0102271167561, 0.0301503483206, 0.0112384939566, 0.0398588813841, 0.104963831604, 0.033244587481, 0.0186707209796, 0.0942792519927, 0.0475166849792, 0.0290726721287, 0.0907855629921, 0.0309562887996, 0.0292113125324, 0.104110322893, 0.0472388900816, 0.0242650434375], "mean": [0.120432473719, 0.0768819227815, 0.129529505968, 0.285496771336, 0.189100071788, 0.0443147160113, 0.0565810613334, 0.0394293516874, 0.115272574127, 0.198215663433, 0.0975639000535, 0.0450080558658, 0.107026070356, 0.0786334499717, 0.0590920262039, 0.0997130647302, 0.0568123571575, 0.100479178131, 0.218728467822, 0.134773775935, 0.0384684540331, 0.0570690482855, 0.0400802493095, 0.106590978801, 0.188929587603, 0.10402854532, 0.0664834156632, 0.144473955035, 0.105415657163, 0.0884046405554, 0.146749377251, 0.0889487043023, 0.0950791239738, 0.188194856048, 0.122449807823, 0.0731374919415]}, "tuning_equal_tempered_deviation": 0.0272257830948, "chords_changes_rate": 0.0588865093887, "key_key": "D#", "tuning_diatonic_strength": 0.317436486483, "key_scale": "major", "chords_number_rate": 0.00508565315977, "tuning_frequency": 437.213165283, "tuning_nontempered_energy_ratio": 0.606069564819, "chords_histogram": [14.2130622864, 3.5064239502, 2.40899348259, 2.30192708969, 6.85224819183, 0.936830818653, 3.82762312889, 0.107066377997, 2.16809415817, 3.10492515564, 1.15096354485, 3.96145606041, 0.294432550669, 1.33832979202, 0.0267665944993, 0.240899354219, 1.47216272354, 12.0717344284, 3.88115620613, 8.96680927277, 3.98822259903, 6.50428247452, 11.3222694397, 5.35331916809], "key_strength": 0.618790090084, "chords_key": "D#", "chords_strength": {"dmean2": 0.00578999938443, "median": 0.425394535065, "min": 0.160197421908, "dvar2": 4.74063890579e-05, "dvar": 5.76384918531e-05, "dmean": 0.00922751240432, "max": 0.695920884609, "var": 0.00979929417372, "mean": 0.427050739527}, "chords_scale": "major", "hpcp_entropy": {"dmean2": 0.57430267334, "median": 1.42915344238, "min": 0, "dvar2": 0.403632193804, "dvar": 0.167570382357, "dmean": 0.349882781506, "max": 4.1920876503, "var": 0.471586674452, "mean": 1.38415372372}}, "metadata": {"audio_properties": {"equal_loudness": 0, "codec": "flac", "downmix": "mix", "sample_rate": 44100, "analysis_sample_rate": 44100, "bit_rate": 0, "md5_encoded": "01adc937f9d1f20810cbc94dbc5055d1", "length": 173.42666626, "replay_gain": -8.84370994568, "lossless": true}, "version": {"essentia_build_sha": "2d9f1f26377add8aeb1075a9c2973f962c4f09fd", "essentia": "2.1-beta2", "extractor": "music 1.0", "essentia_git_sha": "v2.1_beta2-1-ge3940c0"}, "tags": {"title": ["Blues For Jimmy"], "barcode": ["093074081228"], "media": ["CD"], "albumartist": ["James P. Johnson"], "tracktotal": ["20"], "musicbrainz_releasegroupid": ["22e678d1-5607-3286-a288-fd6ac369fa1e"], "musicbrainz_recordingid": ["1b9cce31-2955-4f6b-93f4-2ed1a3e12305"], "musicbrainz_albumartistid": ["2a58b026-9659-4bfb-90c9-56c4ad9125f1"], "discnumber": ["1"], "album": ["The Original James P. Johnson 1942 - 1945 Piano Solos"], "catalognumber": ["SFW40812"], "releasecountry": ["US"], "file_name": "20 - Blues For Jimmy.flac", "originaldate": ["1996-09-24"], "date": ["1996-09-24"], "genre": ["Jazz"], "disctotal": ["1"], "musicbrainz_artistid": ["2a58b026-9659-4bfb-90c9-56c4ad9125f1"], "asin": ["B000001DM5"], "musicbrainz_albumid": ["537d36ed-9c7f-4bdf-b925-193070238632"], "artist": ["James P. Johnson"], "artistsort": ["Johnson, James P."], "tracknumber": ["20"], "label": ["Smithsonian Folkways"], "albumartistsort": ["Johnson, James P."], "acoustid_id": ["7e6a7d62-b98b-4e64-a8ca-0270acd8e90b"], "script": ["Latn"], "releasestatus": ["official"]}}, "rhythm": {"bpm_histogram_first_peak_bpm": {"dmean2": 0, "median": 136, "min": 136, "dvar2": 0, "dvar": 0, "dmean": 0, "max": 136, "var": 0, "mean": 136}, "bpm": 136.015029907, "bpm_histogram_second_peak_spread": {"dmean2": 0, "median": 0.465517222881, "min": 0.465517222881, "dvar2": 0, "dvar": 0, "dmean": 0, "max": 0.465517222881, "var": 0, "mean": 0.465517222881}, "bpm_histogram_first_peak_weight": {"dmean2": 0, "median": 0.120104439557, "min": 0.120104439557, "dvar2": 0, "dvar": 0, "dmean": 0, "max": 0.120104439557, "var": 0, "mean": 0.120104439557}, "onset_rate": 2.51381659508, "beats_position": [0.487619042397, 0.99845802784, 1.50929701328, 1.99691605568, 2.48453521729, 2.97215414047, 3.45977306366, 3.94739222527, 4.446621418, 4.93424034119, 5.41024923325, 5.89786815643, 6.37387752533, 6.84988641739, 7.32589578629, 7.84834432602, 8.35918331146, 8.88163280487, 9.38086128235, 9.86848068237, 10.3677091599, 10.866938591, 11.354557991, 11.8421764374, 12.3297958374, 12.8058052063, 13.2818136215, 13.722992897, 14.1641721725, 14.5937414169, 15.0349206924, 15.4644899368, 15.9056682587, 16.3468475342, 16.7880268097, 17.2408161163, 17.693605423, 18.1928348541, 18.6804523468, 19.1680717468, 19.6440811157, 20.1084804535, 20.5728797913, 21.037279129, 21.4900684357, 21.942855835, 22.3724250793, 22.8136043549, 23.2547836304, 23.6959629059, 24.1371421814, 24.589931488, 25.0311107635, 25.4839000702, 25.9250793457, 26.3778686523, 26.830657959, 27.2834453583, 27.747844696, 28.2238540649, 28.6998634338, 29.1874828339, 29.6751022339, 30.1511096954, 30.6271190643, 31.1031284332, 31.5791378021, 32.0667572021, 32.5195465088, 32.9723358154, 33.4135131836, 33.8663024902, 34.2958717346, 34.725440979, 35.1666221619, 35.5961914063, 36.0373687744, 36.4785499573, 36.9197273254, 37.3609046936, 37.790473938, 38.2084350586, 38.638004303, 39.0559616089, 39.4855308533, 39.9267120361, 40.3330612183, 40.7394104004, 41.134147644, 41.5288887024, 41.9352378845, 42.3299751282, 42.7247161865, 43.1194534302, 43.5141944885, 43.8973236084, 44.2804527283, 44.6751937866, 45.0815429688, 45.4878921509, 45.8594093323, 46.2193183899, 46.590839386, 46.9739685059, 47.3687057495, 47.7634468079, 48.1581840515, 48.5413131714, 48.9244422913, 49.3191833496, 49.7139205933, 50.1086616516, 50.480178833, 50.8633079529, 51.2580490112, 51.6643981934, 52.0591392517, 52.4654884338, 52.871837616, 53.2781867981, 53.6729240417, 54.0908851624, 54.5204544067, 54.9384117126, 55.3563690186, 55.7859382629, 56.2155075073, 56.6566886902, 57.0978660583, 57.5390472412, 57.9686164856, 58.4097938538, 58.8509750366, 59.2921524048, 59.7101135254, 60.1396827698, 60.5808601379, 61.0568695068, 61.5328788757, 62.0088882446, 62.4965057373, 62.9725151062, 63.4485244751, 63.924533844, 64.4005432129, 64.8765487671, 65.3525619507, 65.8053512573, 66.2697525024, 66.7109298706, 67.1637191772, 67.6048965454, 68.0460739136, 68.4872512817, 68.9400405884, 69.3696136475, 69.7991790771, 70.2403640747, 70.6815414429, 71.122718811, 71.5638961792, 72.0050811768, 72.4346466064, 72.8642196655, 73.3053970337, 73.7465744019, 74.18775177, 74.6985931396, 75.2094345093, 75.7086639404, 76.1382293701, 76.5678024292, 77.0089797974, 77.426940918, 77.8448944092, 78.2628555298, 78.7040328979, 79.133605957, 79.5515594482, 79.9579086304, 80.3642578125, 80.7706069946, 81.1653518677, 81.5717010498, 81.9896621704, 82.3960113525, 82.8139648438, 83.2435379028, 83.661491394, 84.0794525146, 84.4974136353, 84.9153747559, 85.3333282471, 85.7512893677, 86.1692504883, 86.5872116089, 86.9819488525, 87.3882980347, 87.8062591553, 88.2242126465, 88.6189575195, 89.0253067017, 89.4432601929, 89.849609375, 90.2559585571, 90.6623077393, 91.0686569214, 91.4750061035, 91.8813552856, 92.2993164063, 92.7172775269, 93.1120147705, 93.5183639526, 93.9247131348, 94.3310623169, 94.737411499, 95.1553726196, 95.5733337402, 95.9912872314, 96.4092483521, 96.8968658447, 97.3960952759, 97.8721084595, 98.3597259521, 98.8473434448, 99.3349609375, 99.8225860596, 100.310203552, 100.774604797, 101.273826599, 101.738227844, 102.214241028, 102.632194519, 103.026939392, 103.456504822, 103.89768219, 104.350471497, 104.791656494, 105.244445801, 105.766891479, 106.277732849, 106.788566589, 107.299407959, 107.821853638, 108.344306946, 108.855148315, 109.365982056, 109.876823425, 110.271560669, 110.666305542, 111.061042786, 111.455780029, 111.827301025, 112.210426331, 112.593559265, 112.965080261, 113.336593628, 113.708114624, 114.07963562, 114.451156616, 114.811065674, 115.170974731, 115.530883789, 115.890792847, 116.250701904, 116.610610962, 116.958908081, 117.3072052, 117.655509949, 118.003807068, 118.363716125, 118.700408936, 119.037094116, 119.373786926, 119.722084045, 120.058776855, 120.395462036, 120.743759155, 121.092063904, 121.440361023, 121.788658142, 122.136962891, 122.48526001, 122.82194519, 123.170249939, 123.541763306, 123.913284302, 124.284805298, 124.667930603, 125.12071991, 125.573509216, 126.037910461, 126.513923645, 126.989929199, 127.477546692, 127.930335999, 128.394729614, 128.847518921, 129.311920166, 129.776321411, 130.229110718, 130.705123901, 131.192733765, 131.668746948, 132.121536255, 132.5859375, 133.050338745, 133.51473999, 134.095230103, 134.675735474, 135.221405029, 135.81350708, 136.394012451, 136.974502563, 137.555007935, 138.147125244, 138.588302612, 139.041091919, 139.493881226, 139.958267212, 140.422668457, 140.887069702, 141.339859009, 141.804260254, 142.268661499, 142.756271362, 143.243896484, 143.731521606, 144.277191162, 144.822860718, 145.368530273, 145.902587891, 146.436645508, 146.959091187, 147.493148804, 148.027206421, 148.561264038, 149.095321655, 149.629379272, 150.175048828, 150.720718384, 151.254776001, 151.788833618, 152.334503174, 152.880172729, 153.414230347, 153.948303223, 154.459136963, 154.865478516, 155.283447266, 155.713012695, 156.142578125, 156.572158813, 157.001724243, 157.442901611, 157.907302856, 158.371704102, 158.81288147, 159.254058838, 159.706848145, 160.159637451, 160.68208313, 161.204528809, 161.726974487, 162.261047363, 162.79510498, 163.329162598, 163.863220215, 164.397277832, 164.931335449, 165.465393066, 165.999450684, 166.510284424, 167.021133423, 167.531967163, 168.112472534, 168.692962646, 169.273468018, 169.85395813, 170.434463501, 171.003356934, 171.572235107, 172.14112854, 172.721633911], "beats_loudness": {"dmean2": 0.042981531471, "median": 0.0187914073467, "min": 1.60792410497e-07, "dvar2": 0.00213616690598, "dvar": 0.000792041944806, "dmean": 0.0244834050536, "max": 0.232611998916, "var": 0.00103455700446, "mean": 0.0290430113673}, "danceability": 1.09009361267, "bpm_histogram_second_peak_weight": {"dmean2": 0, "median": 0.0809399485588, "min": 0.0809399485588, "dvar2": 0, "dvar": 0, "dmean": 0, "max": 0.0809399485588, "var": 0, "mean": 0.0809399485588}, "beats_count": 384, "bpm_histogram_second_peak_bpm": {"dmean2": 0, "median": 144, "min": 144, "dvar2": 0, "dvar": 0, "dmean": 0, "max": 144, "var": 0, "mean": 144}, "bpm_histogram_first_peak_spread": {"dmean2": 0, "median": 0.54455447197, "min": 0.54455447197, "dvar2": 0, "dvar": 0, "dmean": 0, "max": 0.54455447197, "var": 0, "mean": 0.54455447197}, "beats_loudness_band_ratio": {"dmean2": [0.175513848662, 0.315183103085, 0.375236898661, 0.182305887341, 0.015114785172, 0.000626019493211], "median": [0.0439510792494, 0.284927308559, 0.514211118221, 0.0444371253252, 0.00280608749017, 7.69124453655e-05], "min": [0.000947716122027, 0.0006285647396, 0.00296068959869, 0.00305107724853, 0.000127690698719, 1.42382341437e-05], "dvar2": [0.0514427348971, 0.0732759907842, 0.078650213778, 0.0796366780996, 0.00264834775589, 2.32415868595e-06], "dvar": [0.0200968105346, 0.0282608903944, 0.0292632896453, 0.0301010143012, 0.000918179459404, 1.07270466287e-06], "dmean": [0.104091979563, 0.186367183924, 0.225180983543, 0.1048149243, 0.00850438605994, 0.000359286437742], "max": [0.963446319103, 0.86501711607, 0.986105799675, 0.973249018192, 0.353789746761, 0.0128488428891], "var": [0.027137843892, 0.0546296089888, 0.0662043839693, 0.0440791547298, 0.00060967146419, 1.05785136384e-06], "mean": [0.119702041149, 0.30785882473, 0.510305047035, 0.126063764095, 0.00785941351205, 0.000331094575813]}}, "lowlevel": {"barkbands_spread": {"dmean2": 1.02329730988, "median": 3.04968690872, "min": 0.00306499167345, "dvar2": 2.46541213989, "dvar": 1.06354117393, "dmean": 0.667616963387, "max": 32.5565071106, "var": 5.55762863159, "mean": 3.52130031586}, "melbands_spread": {"dmean2": 1.71151173115, "median": 5.15986728668, "min": 8.61317861478e-09, "dvar2": 7.16419744492, "dvar": 3.15684771538, "dmean": 1.11895108223, "max": 44.072063446, "var": 16.2389831543, "mean": 5.9701333046}, "hfc": {"dmean2": 3.18288779259, "median": 3.83235549927, "min": 9.32799537168e-07, "dvar2": 71.5587387085, "dvar": 43.4175300598, "dmean": 2.76557803154, "max": 139.840332031, "var": 166.522888184, "mean": 8.59055042267}, "barkbands_kurtosis": {"dmean2": 32.9194221497, "median": 3.88520717621, "min": -1.68399775028, "dvar2": 1218966.75, "dvar": 429693.4375, "dmean": 18.8145771027, "max": 38076.5585938, "var": 267351.28125, "mean": 20.4885787964}, "gfcc": {"mean": [-189.139175415, 174.172042847, -95.2590637207, -50.8054924011, -62.7844543457, -10.4055099487, -36.9784927368, -6.75037765503, -14.2674789429, -3.28262925148, -14.1134357452, -9.09173965454, -9.11737918854], "icov": [[0.00164003437385, -0.00439819227904, 0.0043935556896, -0.00339306448586, 0.00401795329526, -0.00214576534927, 0.00236777937971, -0.00241484050639, 0.00131958897691, -0.000687957333867, 0.000149090876221, 3.39070866175e-05, 0.000819371663965], [-0.00439819227904, 0.0152140418068, -0.0129962302744, 0.011778453365, -0.012025876902, 0.00716655142605, -0.00562120508403, 0.00832595210522, -0.00514690717682, 0.00653916969895, -0.0032393259462, 0.00287038693205, -0.00238824286498], [0.0043935556896, -0.0129962302744, 0.017341658473, -0.0174940228462, 0.0181500930339, -0.0103066982701, 0.00651899632066, -0.00105734530371, -0.00410677632317, 0.00345114897937, -0.00193585292436, -0.000365349027561, 0.002157979412], [-0.00339306448586, 0.011778453365, -0.0174940228462, 0.0253065191209, -0.023826720193, 0.0164408031851, -0.0068446486257, -0.0038540919777, 0.014973516576, -0.0142103563994, 0.01337005198, -0.00724567612633, 0.00321213691495], [0.00401795329526, -0.012025876902, 0.0181500930339, -0.023826720193, 0.0312218181789, -0.0227580014616, 0.0117992125452, -0.000696186092682, -0.0142572177574, 0.0202799290419, -0.0218026041985, 0.0149224186316, -0.00548358960077], [-0.00214576534927, 0.00716655142605, -0.0103066982701, 0.0164408031851, -0.0227580014616, 0.0306783430278, -0.0223775822669, 0.00899591110647, 0.0114636300132, -0.0249140728265, 0.0323593392968, -0.023757584393, 0.0105203157291], [0.00236777937971, -0.00562120508403, 0.00651899632066, -0.0068446486257, 0.0117992125452, -0.0223775822669, 0.0365593060851, -0.0293507073075, 0.00835642404854, 0.0145807964727, -0.0294364690781, 0.0263797845691, -0.0110151600093], [-0.00241484050639, 0.00832595210522, -0.00105734530371, -0.0038540919777, -0.000696186092682, 0.00899591110647, -0.0293507073075, 0.0476982221007, -0.0327474437654, 0.00879628304392, 0.0141785563901, -0.0218102168292, 0.0121139120311], [0.00131958897691, -0.00514690717682, -0.00410677632317, 0.014973516576, -0.0142572177574, 0.0114636300132, 0.00835642404854, -0.0327474437654, 0.0489411763847, -0.03614776209, 0.011682019569, 0.0015638145851, -0.0048414664343], [-0.000687957333867, 0.00653916969895, 0.00345114897937, -0.0142103563994, 0.0202799290419, -0.0249140728265, 0.0145807964727, 0.00879628304392, -0.03614776209, 0.0593023896217, -0.0463817082345, 0.027433430776, -0.00775732984766], [0.000149090876221, -0.0032393259462, -0.00193585292436, 0.01337005198, -0.0218026041985, 0.0323593392968, -0.0294364690781, 0.0141785563901, 0.011682019569, -0.0463817082345, 0.0737804025412, -0.0559362433851, 0.0282945074141], [3.39070866175e-05, 0.00287038693205, -0.000365349027561, -0.00724567612633, 0.0149224186316, -0.023757584393, 0.0263797845691, -0.0218102168292, 0.0015638145851, 0.027433430776, -0.0559362433851, 0.0637888386846, -0.0348069369793], [0.000819371663965, -0.00238824286498, 0.002157979412, 0.00321213691495, -0.00548358960077, 0.0105203157291, -0.0110151600093, 0.0121139120311, -0.0048414664343, -0.00775732984766, 0.0282945074141, -0.0348069369793, 0.0323771908879]], "cov": [[7604.21337891, 2174.87060547, -1537.32177734, -1186.12182617, -101.41734314, -526.293518066, -318.994903564, -273.387084961, 34.55418396, -253.69758606, 29.0625953674, -257.769317627, -22.4110717773], [2174.87060547, 1053.42822266, -167.373275757, -388.903930664, -51.9255409241, -257.576202393, -199.290206909, -204.938751221, 1.70694124699, -141.447982788, -6.36752700806, -96.8118362427, 24.0325126648], [-1537.32177734, -167.373275757, 952.419006348, 456.495300293, -164.207244873, -3.87706756592, -91.203086853, -69.3195953369, -99.7918548584, -4.11763000488, -81.8186645508, 41.9018936157, -13.2143583298], [-1186.12182617, -388.903930664, 456.495300293, 490.520019531, 60.3096580505, 85.9548797607, 38.463104248, 39.5556106567, -86.9687347412, 13.0945796967, -46.9666862488, 27.2886104584, -36.6754302979], [-101.41734314, -51.9255409241, -164.207244873, 60.3096580505, 244.25062561, 107.328262329, 76.3034515381, 34.5270080566, 10.3511590958, -9.46663856506, 14.8639669418, -15.8856668472, -7.55531406403], [-526.293518066, -257.576202393, -3.87706756592, 85.9548797607, 107.328262329, 233.595443726, 131.093521118, 55.5453948975, -28.584526062, 22.1787662506, -21.1411018372, 13.162361145, -14.1918096542], [-318.994903564, -199.290206909, -91.203086853, 38.463104248, 76.3034515381, 131.093521118, 190.456710815, 120.819000244, 11.1465969086, 13.6578130722, 20.5323219299, 8.18645095825, -18.6493358612], [-273.387084961, -204.938751221, -69.3195953369, 39.5556106567, 34.5270080566, 55.5453948975, 120.819000244, 160.148498535, 74.8435287476, 42.2923088074, 25.4085865021, 28.1214065552, -9.16659832001], [34.55418396, 1.70694124699, -99.7918548584, -86.9687347412, 10.3511590958, -28.584526062, 11.1465969086, 74.8435287476, 142.440765381, 77.198890686, 45.0938415527, 2.83547115326, 4.79803609848], [-253.69758606, -141.447982788, -4.11763000488, 13.0945796967, -9.46663856506, 22.1787662506, 13.6578130722, 42.2923088074, 77.198890686, 118.387039185, 56.1046867371, 12.1177778244, -21.1193447113], [29.0625953674, -6.36752700806, -81.8186645508, -46.9666862488, 14.8639669418, -21.1411018372, 20.5323219299, 25.4085865021, 45.0938415527, 56.1046867371, 97.6369094849, 40.5401077271, -5.78413057327], [-257.769317627, -96.8118362427, 41.9018936157, 27.2886104584, -15.8856668472, 13.162361145, 8.18645095825, 28.1214065552, 2.83547115326, 12.1177778244, 40.5401077271, 96.1524658203, 50.4457702637], [-22.4110717773, 24.0325126648, -13.2143583298, -36.6754302979, -7.55531406403, -14.1918096542, -18.6493358612, -9.16659832001, 4.79803609848, -21.1193447113, -5.78413057327, 50.4457702637, 93.1054458618]]}, "spectral_energyband_middle_low": {"dmean2": 0.00450373021886, "median": 0.00724360346794, "min": 1.33352251548e-17, "dvar2": 7.91222846601e-05, "dvar": 5.60855551157e-05, "dmean": 0.00385550549254, "max": 0.189280703664, "var": 0.000354766933015, "mean": 0.0141765139997}, "melbands_crest": {"dmean2": 3.57071995735, "median": 14.6321439743, "min": 5.33550596237, "dvar2": 15.2830495834, "dvar": 6.09768629074, "dmean": 2.30746555328, "max": 40, "var": 32.6209030151, "mean": 15.764787674}, "spectral_kurtosis": {"dmean2": 24.2842998505, "median": 54.5873451233, "min": -1.22426509857, "dvar2": 554.012207031, "dvar": 196.707595825, "dmean": 14.3603181839, "max": 153.410339355, "var": 843.33026123, "mean": 56.3748588562}, "spectral_rms": {"dmean2": 0.00057050207397, "median": 0.00290719652548, "min": 6.33438185105e-06, "dvar2": 8.07435981187e-07, "dvar": 5.42990449048e-07, "dmean": 0.000493508938234, "max": 0.0152196278796, "var": 5.01750582771e-06, "mean": 0.00331914750859}, "zerocrossingrate": {"dmean2": 0.00246540177613, "median": 0.0234375, "min": 0, "dvar2": 7.06118589733e-06, "dvar": 4.90969250677e-06, "dmean": 0.00193560461048, "max": 0.08349609375, "var": 7.47733647586e-05, "mean": 0.0245808754116}, "silence_rate_60dB": {"dmean2": 0.0835565105081, "median": 0, "min": 0, "dvar2": 0.0848767235875, "dvar": 0.0400252453983, "dmean": 0.041772659868, "max": 1, "var": 0.204530969262, "mean": 0.28674697876}, "erbbands_kurtosis": {"dmean2": 2.60380625725, "median": 2.20820093155, "min": -1.55685532093, "dvar2": 69.4414520264, "dvar": 36.5177192688, "dmean": 1.81624901295, "max": 319.900512695, "var": 389.87979126, "mean": 5.48291826248}, "erbbands": {"dmean2": [0.000959178549238, 0.0268070958555, 0.164506167173, 0.437858641148, 2.38144755363, 3.66139793396, 4.97140026093, 12.839846611, 23.5849952698, 27.4321403503, 27.3546581268, 18.6692199707, 16.5861091614, 20.9917144775, 12.4595794678, 8.1777677536, 9.57566165924, 7.19054603577, 2.67013764381, 1.20226085186, 0.795507311821, 0.429977148771, 0.165515571833, 0.0929063633084, 0.03572197631, 0.0191147718579, 0.012468457222, 0.00330152316019, 0.00191924814135, 0.00126776203979, 0.000921943457797, 0.000655550917145, 0.000420177617343, 0.000254195911111, 0.000147450336954, 7.98047258286e-05, 3.53227187588e-05, 1.08892936623e-05, 3.81613608624e-06, 6.22329844191e-06], "median": [0.000447644735686, 0.00738690700382, 0.0436154380441, 0.192040190101, 1.24346232414, 2.22110843658, 2.83736038208, 5.34796619415, 9.93931865692, 11.6414928436, 12.723285675, 8.53474617004, 5.39453458786, 3.81987762451, 2.54698443413, 1.83128929138, 1.12073779106, 0.786105275154, 0.524925172329, 0.326606780291, 0.118419796228, 0.0436489507556, 0.0222723186016, 0.0123022906482, 0.00693550473079, 0.00559913273901, 0.00466022780165, 0.00285913073458, 0.00238001695834, 0.0021124384366, 0.00184069247916, 0.00148054107558, 0.00108490977436, 0.00073155562859, 0.000462590367533, 0.000263804889983, 0.000124027283164, 3.98076081183e-05, 1.16716073535e-05, 1.02436379166e-05], "min": [3.94570520257e-07, 3.65268668645e-08, 4.77395500909e-09, 1.73677194848e-09, 9.24141263514e-10, 5.81304004932e-10, 4.0142580926e-10, 2.95337559963e-10, 2.27695709509e-10, 1.81974463276e-10, 1.49586412701e-10, 1.25720003852e-10, 1.07503977942e-10, 9.31424243289e-11, 8.14606229693e-11, 7.16630227382e-11, 6.31817376195e-11, 5.56015164466e-11, 4.86024727409e-11, 4.19290539788e-11, 3.53660399577e-11, 2.87263095256e-11, 2.18433795357e-11, 1.45650297378e-11, 6.76398520527e-12, 1.88729110465e-12, 1.10022494587e-11, 2.09975700022e-11, 3.1738008055e-11, 4.3041105402e-11, 5.45235939731e-11, 6.54935411459e-11, 7.4804946959e-11, 8.06645097939e-11, 8.0389424284e-11, 7.01365285294e-11, 4.4674909605e-11, 2.61684207289e-12, 7.91044590942e-11, 1.72986749924e-10], "dvar2": [2.50403968494e-06, 0.00410166056827, 0.171118453145, 0.961742222309, 25.0241832733, 68.162399292, 185.395248413, 1491.26831055, 5981.17919922, 6886.55322266, 6964.46386719, 4302.921875, 4261.33642578, 20591.2109375, 7141.57910156, 5253.21142578, 4340.19677734, 7829.30566406, 360.530059814, 33.5246391296, 23.0371990204, 83.6839981079, 1.24986207485, 0.302205741405, 0.0436440296471, 0.00945131108165, 0.00509558757767, 0.000182073839824, 2.01777093025e-05, 3.05733669848e-06, 1.00091847344e-06, 4.11029759562e-07, 1.42578400641e-07, 4.8169667366e-08, 1.48046366277e-08, 4.18795487178e-09, 8.46314129888e-10, 7.9761433569e-11, 3.31130366182e-11, 1.64149291382e-10], "dvar": [9.90184048533e-07, 0.00164264079649, 0.0606057830155, 0.36789008975, 11.2498664856, 30.0439815521, 86.4918212891, 1006.30645752, 3605.17895508, 5977.09228516, 4178.19824219, 2348.75756836, 2110.94848633, 11370.6425781, 4453.03710938, 2407.39086914, 2135.04711914, 3316.19116211, 132.016342163, 15.5749168396, 9.56116199493, 30.9387531281, 0.489280104637, 0.131625413895, 0.0202093310654, 0.00464568985626, 0.0021617943421, 7.78429384809e-05, 8.51348522701e-06, 1.2335659676e-06, 3.86379497286e-07, 1.5628020833e-07, 5.40849640629e-08, 1.7829641763e-08, 5.60685409212e-09, 1.54838841748e-09, 3.16477066775e-10, 2.9416892533e-11, 2.24696216494e-11, 1.11590105212e-10], "dmean": [0.000572465069126, 0.0165008753538, 0.0987770929933, 0.271156609058, 1.54901218414, 2.38949656487, 3.42670559883, 10.0227832794, 17.6955089569, 25.0913677216, 22.5884513855, 14.5202894211, 12.5697965622, 16.4520130157, 10.1765260696, 5.99907064438, 6.83920621872, 5.08349752426, 1.75569653511, 0.817843317986, 0.49044752121, 0.27466288209, 0.108818218112, 0.0633331388235, 0.0241584740579, 0.0128033366054, 0.00796548835933, 0.00209442200139, 0.00114984100219, 0.000749915023334, 0.000546686642338, 0.000389666383853, 0.000250392651651, 0.000152004271513, 8.84332039277e-05, 4.79115842609e-05, 2.12771501538e-05, 6.58769204165e-06, 2.93636890092e-06, 5.36541710972e-06], "max": [0.0367080569267, 1.68945944309, 7.80266523361, 32.9094810486, 95.7982406616, 151.232666016, 316.411102295, 1248.70361328, 2414.32714844, 2790.29150391, 1726.58422852, 1292.78308105, 1526.21984863, 4329.02685547, 2627.24145508, 1857.47570801, 1481.22912598, 2435.51586914, 462.038665771, 206.299026489, 124.002563477, 392.545349121, 24.8927726746, 14.3190994263, 6.7333407402, 3.25624704361, 2.07389163971, 0.365443259478, 0.107299268246, 0.0242734830827, 0.0124298259616, 0.00718225678429, 0.00509602809325, 0.00251578073949, 0.00141467538197, 0.000718826660886, 0.000324090418871, 0.000101256824564, 0.000131386565045, 0.00027088803472], "var": [5.43519445273e-06, 0.0097746104002, 0.147229418159, 2.44359731674, 64.1468353271, 193.085250854, 410.349517822, 5171.75292969, 15812.9609375, 32520.453125, 17606.5429688, 6530.54882813, 6027.14599609, 29320.8007813, 8533.71679688, 2992.07763672, 4367.43359375, 5044.22363281, 117.505554199, 25.3605289459, 13.57143116, 23.8722248077, 0.592732131481, 0.193097293377, 0.0310344044119, 0.00759460171685, 0.00297746853903, 0.000110986817162, 1.18750949696e-05, 1.98737711798e-06, 7.30949921035e-07, 3.35049094247e-07, 1.30145494381e-07, 4.66560763357e-08, 1.65114926176e-08, 5.0144834951e-09, 1.13812592684e-09, 1.121344545e-10, 1.25340182677e-10, 5.97388027934e-10], "mean": [0.00102846603841, 0.0320725589991, 0.162633553147, 0.718018949032, 4.259745121, 7.6050286293, 10.0005474091, 26.4998893738, 44.9578018188, 71.51537323, 65.8642349243, 36.7244491577, 30.9909229279, 33.0066566467, 17.4407711029, 9.57247543335, 11.4451856613, 8.15728759766, 2.8251619339, 1.54263913631, 0.784410357475, 0.355608016253, 0.166134342551, 0.0961166098714, 0.0369715951383, 0.0206301771104, 0.0131320524961, 0.00454166578129, 0.00299317459576, 0.0024082607124, 0.00201602512971, 0.0015885157045, 0.00114200741518, 0.000760061724577, 0.000477026944282, 0.000271060445812, 0.000126919389004, 4.05858882004e-05, 1.54720528371e-05, 1.90805894817e-05]}, "spectral_strongpeak": {"dmean2": 0.570944428444, "median": 0.840961694717, "min": 0, "dvar2": 0.913864850998, "dvar": 0.471607089043, "dmean": 0.405908852816, "max": 13.4654531479, "var": 1.95956790447, "mean": 1.33017504215}, "spectral_energy": {"dmean2": 0.0054557970725, "median": 0.00866308622062, "min": 4.11275031809e-08, "dvar2": 0.000123192803585, "dvar": 8.43358429847e-05, "dmean": 0.00470495596528, "max": 0.237427994609, "var": 0.000461145653389, "mean": 0.0164350904524}, "average_loudness": 0.321584552526, "spectral_rolloff": {"dmean2": 79.8388366699, "median": 602.9296875, "min": 21.533203125, "dvar2": 22187.5214844, "dvar": 10386.7294922, "dmean": 45.3405227661, "max": 2476.31835938, "var": 56818.5703125, "mean": 645.167785645}, "spectral_centroid": {"dmean2": 51.9137268066, "median": 475.00579834, "min": 206.439529419, "dvar2": 22730.8046875, "dvar": 14680.9814453, "dmean": 35.5420570374, "max": 11033.2001953, "var": 63362.1015625, "mean": 514.725769043}, "pitch_salience": {"dmean2": 0.0773479864001, "median": 0.553715586662, "min": 1.64757293533e-05, "dvar2": 0.00741801084951, "dvar": 0.00301853008568, "dmean": 0.0500669628382, "max": 0.848877906799, "var": 0.0175943523645, "mean": 0.540302336216}, "spectral_energyband_middle_high": {"dmean2": 0.00134857546072, "median": 0.000412732275436, "min": 7.99434648363e-20, "dvar2": 3.56951168214e-05, "dvar": 1.9548144337e-05, "dmean": 0.00105373526458, "max": 0.12973035872, "var": 4.60453229607e-05, "mean": 0.00208103004843}, "spectral_contrast_coeffs": {"dmean2": [0.0743804723024, 0.0567922592163, 0.0471309870481, 0.039720941335, 0.0254963133484, 0.0178572516888], "median": [-0.588469743729, -0.673340678215, -0.697807431221, -0.756598472595, -0.858039855957, -0.858329713345], "min": [-0.999935746193, -0.999799847603, -0.999545574188, -0.998434126377, -0.992594122887, -0.962548553944], "dvar2": [0.00350801553577, 0.00320318271406, 0.00210059434175, 0.00121484149713, 0.000502666574903, 0.000221808164497], "dvar": [0.00128858326934, 0.00147535360884, 0.000986007624306, 0.000499942456372, 0.000233617596678, 8.38098785607e-05], "dmean": [0.0445037409663, 0.0370746292174, 0.0307926069945, 0.024600610137, 0.0159244332463, 0.0105692427605], "max": [-0.294220268726, -0.321758240461, -0.385523080826, -0.487647563219, -0.641930043697, -0.730941295624], "var": [0.0120510971174, 0.0105671044439, 0.00727260578424, 0.00368199101649, 0.00167843385134, 0.000217113265535], "mean": [-0.59415024519, -0.662501871586, -0.692855060101, -0.754691123962, -0.849795997143, -0.856719434261]}, "melbands_skewness": {"dmean2": 18.1383781433, "median": 0.828809678555, "min": -4.77197360992, "dvar2": 566232.1875, "dvar": 287204.59375, "dmean": 9.30841636658, "max": 33260.3046875, "var": 3836853.75, "mean": 116.84563446}, "spectral_spread": {"dmean2": 426690.84375, "median": 1334539.5, "min": 579078.4375, "dvar2": 384013565952, "dvar": 245093269504, "dmean": 256867.09375, "max": 41341812, "var": 2853384749060.0, "mean": 1732064.375}, "dissonance": {"dmean2": 0.0703162401915, "median": 0.370162546635, "min": 0, "dvar2": 0.00422951113433, "dvar": 0.00164716690779, "dmean": 0.0418503917754, "max": 0.500000238419, "var": 0.00454076984897, "mean": 0.365369915962}, "spectral_skewness": {"dmean2": 1.34063720703, "median": 5.76977491379, "min": 0.0102167753503, "dvar2": 1.47812211514, "dvar": 0.516626119614, "dmean": 0.79306948185, "max": 10.0144758224, "var": 2.47348594666, "mean": 5.7164978981}, "spectral_flux": {"dmean2": 0.0216086301953, "median": 0.0229892451316, "min": 0, "dvar2": 0.00131021509878, "dvar": 0.000573869387154, "dmean": 0.0141733344644, "max": 0.299938350916, "var": 0.00118884653784, "mean": 0.0341286696494}, "spectral_contrast_valleys": {"dmean2": [0.720893323421, 0.482456326485, 0.485864907503, 0.465241968632, 0.356249809265, 0.16185246408], "median": [-8.8592414856, -7.01603746414, -8.50569629669, -9.71141815186, -10.4718704224, -12.8579235077], "min": [-27.7480106354, -27.1066646576, -27.2373886108, -27.1622104645, -27.2737846375, -27.2217674255], "dvar2": [0.340101718903, 0.258618593216, 0.277203559875, 0.254378318787, 0.140022665262, 0.0497359335423], "dvar": [0.140046149492, 0.1521345824, 0.158544242382, 0.142330333591, 0.0813587605953, 0.0363547168672], "dmean": [0.433786988258, 0.322518885136, 0.322462230921, 0.308564245701, 0.227000802755, 0.0983600318432], "max": [-6.29223394394, -4.35137987137, -5.319024086, -6.3679189682, -7.46591663361, -11.9930648804], "var": [1.43238592148, 2.50117087364, 2.13137364388, 1.9419631958, 1.20585536957, 0.775298476219], "mean": [-8.91362285614, -7.21249866486, -8.61504745483, -9.70248413086, -10.4486017227, -12.9029922485]}, "erbbands_flatness_db": {"dmean2": 0.0200442261994, "median": 0.337558627129, "min": 0.0290023889393, "dvar2": 0.000540402485058, "dvar": 0.00028674537316, "dmean": 0.0139262918383, "max": 0.481815367937, "var": 0.00354470871389, "mean": 0.329333096743}, "spectral_energyband_high": {"dmean2": 4.15506633544e-07, "median": 5.28339569428e-07, "min": 1.04993615099e-21, "dvar2": 3.52075725345e-12, "dvar": 1.54661851902e-12, "dmean": 2.68116508551e-07, "max": 4.28318198828e-05, "var": 2.36486199547e-12, "mean": 7.99980170996e-07}, "spectral_entropy": {"dmean2": 0.208062052727, "median": 5.72812461853, "min": 4.05916166306, "dvar2": 0.0556291304529, "dvar": 0.0265880785882, "dmean": 0.141109064221, "max": 9.80818367004, "var": 0.212062120438, "mean": 5.77320575714}, "silence_rate_20dB": {"dmean2": 0, "median": 1, "min": 1, "dvar2": 0, "dvar": 0, "dmean": 0, "max": 1, "var": 0, "mean": 1}, "melbands_flatness_db": {"dmean2": 0.0236960723996, "median": 0.406986266375, "min": 0.178461223841, "dvar2": 0.000621877727099, "dvar": 0.000330568756908, "dmean": 0.0158117599785, "max": 1, "var": 0.00392598519102, "mean": 0.400896370411}, "barkbands": {"dmean2": [3.22102573591e-06, 8.95274424693e-05, 0.000164629440405, 0.00024682682124, 0.000960561621469, 0.00128708872944, 0.00170838052873, 0.00143213639967, 0.00094740500208, 0.000647036824375, 0.000447319500381, 0.000210862795939, 0.000200597423827, 0.000117921037599, 3.47715249518e-05, 1.57109152497e-05, 7.13520375939e-06, 2.85805822386e-06, 9.60715510701e-07, 4.75887958373e-07, 1.64445836504e-07, 4.98829315632e-08, 3.22012176923e-08, 2.49704381616e-08, 1.83643571461e-08, 1.56169797094e-08, 9.76774927608e-09], "median": [5.23389644513e-06, 2.40599947574e-05, 3.41293925885e-05, 5.69260191696e-05, 0.00073665578384, 0.000586288806517, 0.000660717312712, 0.000498137087561, 0.00028815670521, 0.00011203464237, 6.13245574641e-05, 3.67791508324e-05, 1.66296667885e-05, 1.29112395371e-05, 5.96748441239e-06, 1.99869600692e-06, 6.59756267396e-07, 3.28604642164e-07, 1.66532430512e-07, 1.18562269336e-07, 8.89706512908e-08, 6.59356942379e-08, 6.49269935593e-08, 6.71556179554e-08, 6.46315569952e-08, 6.47484625915e-08, 4.56640449897e-08], "min": [2.91163821942e-08, 4.99930707942e-10, 2.38541451693e-17, 7.2489890263e-18, 4.59173334702e-18, 9.54775910376e-19, 3.13236444169e-19, 1.31421719015e-19, 8.16201728626e-20, 3.64929144921e-20, 1.90042031548e-20, 1.26486206949e-20, 7.24968634602e-21, 4.38732275203e-21, 2.9784394906e-21, 1.72822506107e-21, 1.12693988055e-21, 6.50772583432e-22, 5.12335850181e-22, 3.36226755167e-22, 1.91255880726e-22, 1.15470770868e-22, 1.03712975781e-22, 6.3252243154e-23, 8.98156763224e-23, 1.10612170242e-22, 2.05408487128e-22], "dvar2": [7.22303336934e-12, 4.31466133932e-08, 1.54384707685e-07, 4.01921852244e-07, 3.53032419298e-06, 1.32242021209e-05, 2.98673603538e-05, 2.08428682527e-05, 1.12757270472e-05, 1.13523728942e-05, 9.51567562879e-06, 3.62023115485e-06, 2.05034166356e-06, 1.91057802112e-06, 5.02107795342e-08, 6.86313761378e-09, 1.72605147952e-08, 3.38307326597e-10, 2.06444739775e-11, 8.32730152195e-12, 9.67801468306e-13, 1.24657813436e-14, 1.36592914239e-15, 5.59380081911e-16, 2.35515737509e-16, 1.58025722423e-16, 6.11246966531e-17], "dvar": [2.66917000655e-12, 1.78930115169e-08, 5.64600739494e-08, 1.6072911535e-07, 1.6037166688e-06, 8.26066025184e-06, 1.71720093931e-05, 1.65653091244e-05, 6.20910986981e-06, 5.57934390599e-06, 5.92826245338e-06, 1.67343512203e-06, 9.82268147709e-07, 7.73704300627e-07, 2.08839221472e-08, 2.86747181555e-09, 6.38699182431e-09, 1.33237185174e-10, 1.04969574699e-11, 3.62206467076e-12, 4.02065587855e-13, 5.02773727667e-15, 5.29147305501e-16, 2.14772827073e-16, 8.93856465357e-17, 5.84268106893e-17, 2.28654525791e-17], "dmean": [1.92350671568e-06, 5.54881771677e-05, 9.8877135315e-05, 0.000154500987264, 0.000637012533844, 0.000989488442428, 0.00127528305165, 0.0013003051281, 0.0007386537618, 0.000454922119388, 0.000376947893528, 0.000148976891069, 0.000137584022013, 7.92470818851e-05, 2.31360900216e-05, 9.67379855865e-06, 4.57131727671e-06, 1.82914322977e-06, 6.6428970058e-07, 3.12356235099e-07, 1.05664803129e-07, 2.96815017009e-08, 1.91170439479e-08, 1.49319525633e-08, 1.10221902716e-08, 9.44090050581e-09, 5.95978066897e-09], "max": [1.77440324478e-05, 0.00581215182319, 0.0064804693684, 0.0238893087953, 0.026510996744, 0.108748264611, 0.155972778797, 0.124511316419, 0.0624266043305, 0.0851739495993, 0.111919917166, 0.0460838973522, 0.0335407108