{"tonal": {"thpcp": [1, 0.442031562328, 0.0504713021219, 0.0212680120021, 0.0227295216173, 0.139126881957, 0.229083701968, 0.120899647474, 0.0279668234289, 0.0239823218435, 0.0438987910748, 0.224187701941, 0.312031000853, 0.167867049575, 0.277519851923, 0.400528043509, 0.191801846027, 0.0434703789651, 0.0392723307014, 0.056375913322, 0.25963062048, 0.355624854565, 0.141509726644, 0.0207579769194, 0.0286342762411, 0.0519780740142, 0.29677760601, 0.465464442968, 0.246772810817, 0.216746196151, 0.335414916277, 0.17455726862, 0.0444514304399, 0.0629536882043, 0.103684946895, 0.663831532001], "hpcp": {"dmean2": [0.127641752362, 0.0769180729985, 0.0217097457498, 0.0246726833284, 0.0525181107223, 0.153427898884, 0.190227612853, 0.121922656894, 0.15291915834, 0.19836397469, 0.126278743148, 0.0530139431357, 0.0472740530968, 0.0579853691161, 0.128687724471, 0.15263299644, 0.071684487164, 0.0225240793079, 0.0349567532539, 0.0663710981607, 0.163544550538, 0.210472926497, 0.124493271112, 0.109485447407, 0.126106724143, 0.0913825258613, 0.0426128767431, 0.0560316033661, 0.112553715706, 0.296300828457, 0.37093937397, 0.246139958501, 0.0688549652696, 0.0248111840338, 0.0261548422277, 0.0863255262375], "median": [0.0054954495281, 0.00599592970684, 0.00193561590277, 0.00160191731993, 0.00373381492682, 0.0178497247398, 0.0236677732319, 0.0249663051218, 0.0315846167505, 0.0439432263374, 0.0209349319339, 0.00173526222352, 0.00104642321821, 0.00374125619419, 0.0172561556101, 0.021347373724, 0.0102345580235, 0.00094669678947, 0.000827516603749, 0.00269899936393, 0.0316890142858, 0.0535145737231, 0.037653233856, 0.0134276421741, 0.00899834837765, 0.00702614895999, 0.0035880880896, 0.00414495542645, 0.0150951109827, 0.295708030462, 0.510701179504, 0.203651875257, 0.00240126880817, 0.00129443069454, 0.00113507115748, 0.00386301148683], "min": [6.29221813142e-06, 1.82462572411e-05, 3.17972694575e-06, 6.28420536941e-07, 3.32411536874e-06, 1.46624897752e-05, 1.33417115649e-05, 8.89038165042e-06, 1.51386174707e-07, 2.22462830379e-07, 2.60198089563e-06, 1.40901170198e-06, 1.9258781947e-07, 1.0289390957e-06, 4.4296226406e-05, 8.36065009935e-05, 3.42705948242e-06, 1.07508367364e-06, 5.90748129525e-07, 1.57861495609e-06, 1.67100643012e-06, 1.52382699525e-06, 2.35961579165e-06, 1.76480261871e-06, 4.09061249229e-06, 2.07043200362e-07, 2.42661667471e-06, 9.67945766206e-07, 8.84473024598e-07, 7.22969125491e-05, 4.62099960714e-05, 5.81464228162e-05, 1.32363402372e-06, 4.16367271328e-07, 1.93045889318e-06, 9.65474328041e-07], "dvar2": [0.0729960352182, 0.0317203141749, 0.00283155683428, 0.00779281742871, 0.0204966124147, 0.0689414963126, 0.0916347280145, 0.0415506400168, 0.0588338859379, 0.0910964161158, 0.0470017790794, 0.0194077733904, 0.0207561310381, 0.0222158022225, 0.0491786301136, 0.0700243189931, 0.0184657871723, 0.00626863818616, 0.0223062261939, 0.041166163981, 0.0601356551051, 0.0912749618292, 0.0366287976503, 0.0360871553421, 0.0693712085485, 0.0328235179186, 0.0140692675486, 0.0262948703021, 0.0438503585756, 0.0834488198161, 0.156907692552, 0.0690004453063, 0.022759065032, 0.00551907112822, 0.00885643158108, 0.0341289192438], "dvar": [0.0359033867717, 0.0135159362108, 0.00117551116273, 0.00348342186771, 0.00720326462761, 0.0307697746903, 0.0457420162857, 0.0172872729599, 0.0257225055248, 0.0440743751824, 0.0194257143885, 0.00726175261661, 0.00806628353894, 0.00842135585845, 0.0225580241531, 0.0342399030924, 0.00788580160588, 0.00236464943737, 0.00779426284134, 0.0142929628491, 0.0270927287638, 0.0470171310008, 0.0157935824245, 0.017391288653, 0.0369532741606, 0.013638921082, 0.00505525525659, 0.0104593625292, 0.0156767759472, 0.0393771082163, 0.085952334106, 0.0268885791302, 0.00823978800327, 0.00192210811656, 0.00313421781175, 0.0161175765097], "dmean": [0.0789770558476, 0.0473284050822, 0.0123766222969, 0.0132764140144, 0.0285747721791, 0.0930539518595, 0.116063155234, 0.0744592025876, 0.0936715379357, 0.121723301709, 0.0745433568954, 0.0296290665865, 0.0260336380452, 0.0339044481516, 0.0788915008307, 0.0931123122573, 0.0436990521848, 0.0125180799514, 0.0190608147532, 0.0360260382295, 0.101940385997, 0.133178576827, 0.0794472098351, 0.0664075091481, 0.0743793994188, 0.0530471019447, 0.0239183008671, 0.0324403718114, 0.0624037012458, 0.181328490376, 0.219157755375, 0.145564258099, 0.036998834461, 0.0134677197784, 0.0146410418674, 0.0551621541381], "max": [1, 0.93885409832, 0.485724121332, 1, 1, 1, 1, 1, 1, 1, 1, 0.747911155224, 1, 0.91592913866, 1, 1, 0.840494394302, 0.613010764122, 1, 1, 1, 1, 1, 1, 1, 0.862707555294, 1, 1, 1, 1, 1, 1, 1, 0.727084159851, 0.898195207119, 1], "var": [0.0729841813445, 0.0217712242156, 0.00142532715108, 0.00374615495093, 0.00543249910697, 0.0461008176208, 0.0797339305282, 0.0220057386905, 0.0502543710172, 0.100145205855, 0.0291167348623, 0.00562180951238, 0.0071342731826, 0.00765304500237, 0.0522087663412, 0.10306481272, 0.0176651272923, 0.00211348221637, 0.00607362389565, 0.00906330067664, 0.0506961271167, 0.117517851293, 0.0361902974546, 0.0411233268678, 0.117719143629, 0.0312742181122, 0.00444066012278, 0.0130834737793, 0.0138081302866, 0.092095322907, 0.181624352932, 0.0431507900357, 0.00566599704325, 0.00139260664582, 0.002146351384, 0.0291563216597], "mean": [0.120437271893, 0.0635611489415, 0.0147031322122, 0.0126083409414, 0.0230791214854, 0.117863275111, 0.16404555738, 0.0882535502315, 0.145901843905, 0.210571527481, 0.100836902857, 0.0228538904339, 0.0206468310207, 0.0296387784183, 0.136496841908, 0.186964347959, 0.0743965879083, 0.0109131904319, 0.0150540350005, 0.0273266807199, 0.156026303768, 0.244710847735, 0.129737049341, 0.113951012492, 0.176339283586, 0.0917708277702, 0.0233696624637, 0.0330969430506, 0.0545107834041, 0.348999321461, 0.525734782219, 0.232391372323, 0.026534518227, 0.0111813340336, 0.0119497003034, 0.0731438398361]}, "tuning_equal_tempered_deviation": 0.0515534169972, "chords_changes_rate": 0.0239747632295, "key_key": "C", "tuning_diatonic_strength": 0.649276316166, "key_scale": "major", "chords_number_rate": 0.0018927444471, "tuning_frequency": 445.627075195, "tuning_nontempered_energy_ratio": 0.630810856819, "chords_histogram": [69.4006271362, 1.26182961464, 28.895898819, 0, 0, 0, 0, 0, 0, 0, 0, 0, 0, 0, 0, 0, 0, 0, 0, 0, 0, 0, 0.31545740366, 0.126182958484], "key_strength": 0.833856344223, "chords_key": "C", "chords_strength": {"dmean2": 0.00721023976803, "median": 0.514230370522, "min": 0.311373323202, "dvar2": 4.69216356578e-05, "dvar": 4.87692341267e-05, "dmean": 0.00863037910312, "max": 0.705886244774, "var": 0.00670488318428, "mean": 0.521534144878}, "chords_scale": "major", "hpcp_entropy": {"dmean2": 0.843691468239, "median": 1.517837286, "min": 0.0405035205185, "dvar2": 0.586682915688, "dvar": 0.218266069889, "dmean": 0.497913599014, "max": 3.44854593277, "var": 0.391928076744, "mean": 1.5243844986}}, "metadata": {"audio_properties": {"equal_loudness": 0, "codec": "flac", "downmix": "mix", "sample_rate": 44100, "analysis_sample_rate": 44100, "bit_rate": 0, "md5_encoded": "cb5f5006a6a5233aeb987f8b51b3371f", "length": 73.5608139038, "replay_gain": -3.85170173645, "lossless": true}, "version": {"essentia_build_sha": "2d9f1f26377add8aeb1075a9c2973f962c4f09fd", "essentia": "2.1-beta2", "extractor": "music 1.0", "essentia_git_sha": "v2.1_beta2-1-ge3940c0"}, "tags": {"title": ["Variations on a Minuet by J.C. Fischer, K. 179 (189a): Variation 9"], "barcode": ["094638789420"], "media": ["CD"], "albumartist": ["Mozart"], "tracktotal": ["51"], "language": ["zxx"], "performer": ["Daniel Barenboim (piano)"], "releasetype": ["album", "compilation"], "musicbrainz_recordingid": ["1b9dec2d-d093-4e7a-8b44-08c2edfd0419"], "composer": ["Wolfgang Amadeus Mozart"], "musicbrainz_releasegroupid": ["8eda0732-6732-40ad-8cea-fcf05bf81563"], "musicbrainz_albumartistid": ["b972f589-fb0e-474e-b64a-803b0364fa75"], "musicbrainz_releasetrackid": ["78a0760a-b1a9-45fd-9c15-455599c022db"], "discnumber": ["33"], "totaldiscs": ["50"], "composersort": ["Mozart, Wolfgang Amadeus"], "catalognumber": ["0946 3 87894 2 0"], "releasecountry": ["XE"], "file_name": "CD33 34 Variations on a Minuet by J.C. Fischer, K. 179 (189a)_ Variation 9.flac", "work": ["12 Variations on J. C. Fischer: Minuet for Piano in C major, KV 189a/179: Variation IX"], "date": ["2000"], "genre": ["Classical Box Set, Classical, Box Set"], "musicbrainz_albumid": ["442df547-2f6b-4adb-88dc-b8f32faf476a"], "disctotal": ["50"], "albumartistsort": ["Mozart, Wolfgang Amadeus"], "musicbrainz_artistid": ["b972f589-fb0e-474e-b64a-803b0364fa75"], "musicbrainz_workid": ["f6369292-ec5b-39f2-abb9-e8ec566ed656"], "artist": ["Wolfgang Amadeus Mozart"], "tracknumber": ["34"], "artistsort": ["Mozart, Wolfgang Amadeus"], "album": ["The Collector's Edition"], "label": ["EMI Classics"], "releasestatus": ["official"], "acoustid_id": ["5494fe26-a9dc-4aef-91ed-5ca659ce9d0a"], "script": ["Latn"], "totaltracks": ["51"]}}, "rhythm": {"bpm_histogram_first_peak_bpm": {"dmean2": 0, "median": 123, "min": 123, "dvar2": 0, "dvar": 0, "dmean": 0, "max": 123, "var": 0, "mean": 123}, "bpm": 123.084510803, "bpm_histogram_second_peak_spread": {"dmean2": 0, "median": 0.192307665944, "min": 0.192307665944, "dvar2": 0, "dvar": 0, "dmean": 0, "max": 0.192307665944, "var": 0, "mean": 0.192307665944}, "bpm_histogram_first_peak_weight": {"dmean2": 0, "median": 0.27702704072, "min": 0.27702704072, "dvar2": 0, "dvar": 0, "dmean": 0, "max": 0.27702704072, "var": 0, "mean": 0.27702704072}, "onset_rate": 4.03683853149, "beats_position": [0.487619042397, 0.99845802784, 1.50929701328, 2.02013611794, 2.50775504112, 2.99537420273, 3.48299312592, 3.97061228752, 4.45823097229, 4.94585037231, 5.4334692955, 5.92108821869, 6.38548755646, 6.84988641739, 7.32589578629, 7.80190467834, 8.26630401611, 8.74231243134, 9.2067117691, 9.67111110687, 10.1471195221, 10.6347389221, 11.1223583221, 11.6215867996, 12.0975961685, 12.5736055374, 13.0496139526, 13.5372333527, 14.0480718613, 14.5473012924, 15.0117006302, 15.4877090454, 15.9637184143, 16.4861679077, 16.99700737, 17.5078449249, 18.0186843872, 18.5295238495, 19.0287532806, 19.5279808044, 20.0272102356, 20.549659729, 21.1069393158, 21.6526069641, 22.221496582, 22.7555541992, 23.2780036926, 23.8120632172, 24.3345127106, 24.8453502655, 25.3329696655, 25.8321990967, 26.3314285278, 26.8190479279, 27.3066654205, 27.7942848206, 28.2819042206, 28.7695236206, 29.2339229584, 29.7215423584, 30.2091598511, 30.6967792511, 31.1611785889, 31.6255779266, 32.1015853882, 32.5775947571, 33.0768241882, 33.5760536194, 34.0404510498, 34.5048522949, 34.9692497253, 35.4336509705, 35.8980484009, 36.362449646, 36.8384590149, 37.3260765076, 37.8253059387, 38.3245353699, 38.8469848633, 39.3578224182, 39.8686599731, 40.3911094666, 40.91355896, 41.4243965149, 41.923625946, 42.4344673157, 42.9685249329, 43.4909744263, 43.9785919189, 44.4778213501, 44.9770507813, 45.4414520264, 45.929069519, 46.4166870117, 46.9043083191, 47.3919258118, 47.8911552429, 48.3903846741, 48.8896141052, 49.3888435364, 49.8764610291, 50.3640823364, 50.8516998291, 51.327709198, 51.8037185669, 52.3145561218, 52.8253974915, 53.3246231079, 53.8354644775, 54.3346939087, 54.8223114014, 55.2983207703, 55.7627182007, 56.2387275696, 56.7147369385, 57.1907463074, 57.6551475525, 58.1195449829, 58.583946228, 59.03673172, 59.4895210266, 59.9423103333, 60.3950996399, 60.8362808228, 61.2774581909, 61.7302474976, 62.2062568665, 62.7054862976, 63.1931037903, 63.6923332214, 64.1799545288, 64.655960083, 65.1319732666, 65.6195907593, 66.0839920044, 66.5716094971, 67.0824508667, 67.5816802979, 68.0809020996, 68.5685272217, 69.0561447144, 69.5321502686, 70.0081634521, 70.4841690063, 70.971786499, 71.4594116211, 71.9470291138, 72.4346466064, 72.9222640991], "beats_loudness": {"dmean2": 0.0458054617047, "median": 0.0190517567098, "min": 0.00129716121592, "dvar2": 0.00437351688743, "dvar": 0.00151232816279, "dmean": 0.0255009606481, "max": 0.218887239695, "var": 0.00131020939443, "mean": 0.0298806764185}, "danceability": 1.05366587639, "bpm_histogram_second_peak_weight": {"dmean2": 0, "median": 0.141891896725, "min": 0.141891896725, "dvar2": 0, "dvar": 0, "dmean": 0, "max": 0.141891896725, "var": 0, "mean": 0.141891896725}, "beats_count": 149, "bpm_histogram_second_peak_bpm": {"dmean2": 0, "median": 129, "min": 129, "dvar2": 0, "dvar": 0, "dmean": 0, "max": 129, "var": 0, "mean": 129}, "bpm_histogram_first_peak_spread": {"dmean2": 0, "median": 0.539325833321, "min": 0.539325833321, "dvar2": 0, "dvar": 0, "dmean": 0, "max": 0.539325833321, "var": 0, "mean": 0.539325833321}, "beats_loudness_band_ratio": {"dmean2": [0.264970183372, 0.492559820414, 0.562840938568, 0.289143651724, 0.0151531277224, 0.000382834346965], "median": [0.0238504242152, 0.2700715065, 0.508805692196, 0.0371989533305, 0.00241718417965, 3.20757681038e-05], "min": [0.000518425891642, 0.00441871257499, 0.00800338294357, 0.00205025356263, 5.6433967984e-05, 1.31582919494e-06], "dvar2": [0.096342779696, 0.111264429986, 0.183161735535, 0.112284131348, 0.000585926987696, 3.87576534422e-07], "dvar": [0.0383827276528, 0.0515121817589, 0.0693710520864, 0.0482421778142, 0.000203461502679, 1.35596096129e-07], "dmean": [0.151791855693, 0.285935103893, 0.334241122007, 0.161121606827, 0.00804985687137, 0.000202123672352], "max": [0.746957540512, 0.945750772953, 0.985283255577, 0.895304441452, 0.0886508747935, 0.002091671573], "var": [0.0338326208293, 0.077169932425, 0.108673274517, 0.0579571612179, 0.000140461575938, 9.26890919573e-08], "mean": [0.117585882545, 0.340683102608, 0.529026389122, 0.147603109479, 0.00601360248402, 0.000142678691191]}}, "lowlevel": {"barkbands_spread": {"dmean2": 1.30920469761, "median": 2.76393914223, "min": 0.179929897189, "dvar2": 2.50446486473, "dvar": 1.19496238232, "dmean": 0.872322797775, "max": 15.3217554092, "var": 4.44038963318, "mean": 3.18244767189}, "melbands_spread": {"dmean2": 2.1216750145, "median": 4.56825590134, "min": 0.41308683157, "dvar2": 6.13270902634, "dvar": 3.10728430748, "dmean": 1.40599954128, "max": 24.7128601074, "var": 12.0545692444, "mean": 5.2565612793}, "hfc": {"dmean2": 4.98047065735, "median": 6.04245042801, "min": 0.0424173511565, "dvar2": 80.4947433472, "dvar": 49.5145339966, "dmean": 3.6871304512, "max": 139.233901978, "var": 199.593429565, "mean": 10.292807579}, "barkbands_kurtosis": {"dmean2": 5.71138095856, "median": 3.89844870567, "min": -1.83941090107, "dvar2": 129.716522217, "dvar": 58.4498443604, "dmean": 3.81010460854, "max": 144.319656372, "var": 101.029266357, "mean": 6.76631641388}, "gfcc": {"mean": [-220.454605103, 235.945983887, -117.87386322, -61.5662879944, -43.2911987305, -33.3992919922, -24.7061653137, -12.908493042, -4.75371265411, -7.62244415283, -2.73651647568, -9.72596359253, 1.76008057594], "icov": [[0.000706042628735, -0.000196381413843, 0.000583829067182, -0.000894886790775, -1.44068258123e-06, 0.000494119245559, -0.000986201106571, 0.0015433630906, -0.00107710575685, 0.00168276962359, -0.00156335288193, 0.0014502821723, -0.00040807298501], [-0.000196381413843, 0.0123678706586, -0.00620154384524, 0.00141822709702, -0.0108323227614, 0.00550071103498, -0.00315739191137, 0.00534513406456, -0.00300934328698, 0.00404008291662, 0.00016762476298, 0.000967654224951, 0.00217540375888], [0.000583829067182, -0.00620154384524, 0.00554066384211, -0.000424110738095, 0.0045927669853, -0.00433739367872, 0.00389206502587, -0.0019877422601, 0.00107868108898, -0.00225096521899, -0.000394978007535, 0.000797587854322, -0.000653155788314], [-0.000894886790775, 0.00141822709702, -0.000424110738095, 0.00517527665943, -0.00340270786546, -0.000105371233076, -8.2629492681e-05, 0.00150273239706, -0.000984971411526, -0.00089228595607, 0.00189745961688, -0.00115151051432, 0.00108136190102], [-1.44068258123e-06, -0.0108323227614, 0.0045927669853, -0.00340270786546, 0.0157830044627, -0.00603344989941, 0.00452920049429, -0.00831212941557, 0.00673901941627, -0.00411593681201, 0.000613723415881, -0.00233500334434, -0.00127458223142], [0.000494119245559, 0.00550071103498, -0.00433739367872, -0.000105371233076, -0.00603344989941, 0.0106478333473, -0.00729982601479, 0.00480202911422, -0.0053252261132, 0.00783265195787, -0.000785324780736, -0.000410272594308, -0.000103313715954], [-0.000986201106571, -0.00315739191137, 0.00389206502587, -8.2629492681e-05, 0.00452920049429, -0.00729982601479, 0.0164408497512, -0.0112940827385, 0.00859603378922, -0.0126877343282, 0.0105864480138, -0.00374242803082, 0.00068442808697], [0.0015433630906, 0.00534513406456, -0.0019877422601, 0.00150273239706, -0.00831212941557, 0.00480202911422, -0.0112940827385, 0.0230207052082, -0.0152640109882, 0.0141428885981, -0.0132490163669, 0.0107523053885, -0.00172169704456], [-0.00107710575685, -0.00300934328698, 0.00107868108898, -0.000984971411526, 0.00673901941627, -0.0053252261132, 0.00859603378922, -0.0152640109882, 0.0266082044691, -0.0244841165841, 0.0146975982934, -0.00955366063863, 0.00357140880078], [0.00168276962359, 0.00404008291662, -0.00225096521899, -0.00089228595607, -0.00411593681201, 0.00783265195787, -0.0126877343282, 0.0141428885981, -0.0244841165841, 0.0415984727442, -0.0279052052647, 0.0151126869023, -0.00506278406829], [-0.00156335288193, 0.00016762476298, -0.000394978007535, 0.00189745961688, 0.000613723415881, -0.000785324780736, 0.0105864480138, -0.0132490163669, 0.0146975982934, -0.0279052052647, 0.0377689637244, -0.0232963338494, 0.0111373970285], [0.0014502821723, 0.000967654224951, 0.000797587854322, -0.00115151051432, -0.00233500334434, -0.000410272594308, -0.00374242803082, 0.0107523053885, -0.00955366063863, 0.0151126869023, -0.0232963338494, 0.0268360991031, -0.0156698450446], [-0.00040807298501, 0.00217540375888, -0.000653155788314, 0.00108136190102, -0.00127458223142, -0.000103313715954, 0.00068442808697, -0.00172169704456, 0.00357140880078, -0.00506278406829, 0.0111373970285, -0.0156698450446, 0.0185497477651]], "cov": [[4713.89990234, -383.795684814, -1390.39099121, 876.745422363, 32.141582489, -235.889434814, 337.357116699, -194.667953491, -105.699172974, -106.947219849, -173.421737671, -195.242202759, -50.6238059998], [-383.795684814, 556.494689941, 541.555175781, -9.46706676483, 254.505645752, 26.7238616943, -141.954421997, -43.1383666992, -64.2000198364, -59.686290741, -9.91190433502, -25.6835670471, -54.8893318176], [-1390.39099121, 541.555175781, 1088.75231934, -224.792495728, 118.7709198, 138.841873169, -245.053482056, -5.84417247772, 6.8129940033, -5.65655326843, 44.15675354, 12.4320583344, -44.089050293], [876.745422363, -9.46706676483, -224.792495728, 423.993438721, 113.518592834, 17.0516796112, 58.1844863892, -57.8231925964, -31.8162536621, -40.7599182129, -51.1772079468, -10.7424135208, 4.80051851273], [32.141582489, 254.505645752, 118.7709198, 113.518592834, 273.813354492, 69.0108261108, -30.2866706848, -11.4988031387, -67.8323745728, -63.6722831726, -12.8037776947, 21.8126316071, 9.46877002716], [-235.889434814, 26.7238616943, 138.841873169, 17.0516796112, 69.0108261108, 259.992584229, 55.126991272, 2.38656187057, -15.3258171082, -61.8652191162, -48.339389801, 42.0355262756, 50.5473175049], [337.357116699, -141.954421997, -245.053482056, 58.1844863892, -30.2866706848, 55.126991272, 210.462371826, 62.5940589905, 16.4039154053, 5.70442914963, -58.7913322449, -48.8025665283, 0.790361523628], [-194.667953491, -43.1383666992, -5.84417247772, -57.8231925964, -11.4988031387, 2.38656187057, 62.5940589905, 144.311233521, 70.4307098389, 42.2595863342, 12.0100803375, -50.6361122131, -37.762348175], [-105.699172974, -64.2000198364, 6.8129940033, -31.8162536621, -67.8323745728, -15.3258171082, 16.4039154053, 70.4307098389, 140.196212769, 92.7821807861, 29.1969203949, -17.4834575653, -25.4843406677], [-106.947219849, -59.686290741, -5.65655326843, -40.7599182129, -63.6722831726, -61.8652191162, 5.70442914963, 42.2595863342, 92.7821807861, 128.909622192, 72.418838501, -9.56894111633, -28.4281368256], [-173.421737671, -9.91190433502, 44.15675354, -51.1772079468, -12.8037776947, -48.339389801, -58.7913322449, 12.0100803375, 29.1969203949, 72.418838501, 130.595916748, 77.2785797119, 5.03457927704], [-195.242202759, -25.6835670471, 12.4320583344, -10.7424135208, 21.8126316071, 42.0355262756, -48.8025665283, -50.6361122131, -17.4834575653, -9.56894111633, 77.2785797119, 202.709945679, 124.209159851], [-50.6238059998, -54.8893318176, -44.089050293, 4.80051851273, 9.46877002716, 50.5473175049, 0.790361523628, -37.762348175, -25.4843406677, -28.4281368256, 5.03457927704, 124.209159851, 153.848480225]]}, "spectral_energyband_middle_low": {"dmean2": 0.0084934970364, "median": 0.0112480996177, "min": 7.16249851394e-05, "dvar2": 0.000168873360963, "dvar": 0.000101128040114, "dmean": 0.00616744393483, "max": 0.200700417161, "var": 0.00045420153765, "mean": 0.0177078787237}, "melbands_crest": {"dmean2": 4.81828737259, "median": 15.5500822067, "min": 5.65768480301, "dvar2": 19.995464325, "dvar": 9.09093379974, "dmean": 3.0964179039, "max": 34.051525116, "var": 32.0828857422, "mean": 16.5535297394}, "spectral_kurtosis": {"dmean2": 71.950340271, "median": 133.94619751, "min": 4.60443973541, "dvar2": 4401.40039063, "dvar": 1558.21337891, "dmean": 42.743347168, "max": 467.418121338, "var": 5681.74267578, "mean": 141.933135986}, "spectral_rms": {"dmean2": 0.000974552705884, "median": 0.0036113881506, "min": 0.000426027865615, "dvar2": 1.01377258943e-06, "dvar": 5.72233318508e-07, "dmean": 0.000711326196324, "max": 0.0140593275428, "var": 3.98129577661e-06, "mean": 0.00393795780838}, "zerocrossingrate": {"dmean2": 0.00236955936998, "median": 0.0234375, "min": 0.0078125, "dvar2": 5.20258572578e-06, "dvar": 4.83744042867e-06, "dmean": 0.00201123161241, "max": 0.04833984375, "var": 5.55395090487e-05, "mean": 0.0243940316141}, "silence_rate_60dB": {"dmean2": 0.106725610793, "median": 0, "min": 0, "dvar2": 0.114908032119, "dvar": 0.0507822372019, "dmean": 0.0536616146564, "max": 1, "var": 0.0828810930252, "mean": 0.0911959633231}, "erbbands_kurtosis": {"dmean2": 4.60979747772, "median": 2.98128533363, "min": -1.77937710285, "dvar2": 45.5651512146, "dvar": 23.8206481934, "dmean": 3.19281005859, "max": 75.8489608765, "var": 69.7782363892, "mean": 6.07215833664}, "erbbands": {"dmean2": [0.00281022745185, 0.0552526973188, 0.302126049995, 1.07868885994, 3.67656469345, 7.32749986649, 9.148853302, 23.1657352448, 33.0993728638, 25.2381649017, 28.6184005737, 78.5001449585, 32.9490203857, 18.8120613098, 26.949136734, 4.51320362091, 2.51603221893, 3.03611159325, 1.52133476734, 0.900117635727, 0.342603564262, 0.282165646553, 0.169269934297, 0.0858227312565, 0.0531451441348, 0.0350562445819, 0.0171576235443, 0.0160044543445, 0.00624859472737, 0.00232640700415, 0.000975663482677, 0.000458314461866, 0.000254574551946, 0.000365248299204, 6.82159661665e-05, 1.42443195728e-05, 4.70637542094e-06, 1.31712317852e-06, 4.48021864941e-06, 1.05644503492e-05], "median": [0.000851459510159, 0.0100823929533, 0.0435425676405, 0.102115280926, 0.355442196131, 1.95610868931, 5.31760835648, 16.6273117065, 24.3654823303, 12.1359243393, 11.6293115616, 13.5569171906, 9.09052658081, 5.030356884, 2.35569405556, 1.40969109535, 1.3245562315, 1.12304234505, 0.492379575968, 0.340539097786, 0.156254142523, 0.0764124915004, 0.0298595018685, 0.0201873462647, 0.00743235973641, 0.00273525319062, 0.00108006072696, 0.000567007460631, 0.000248058087891, 0.00011853405158, 7.20216412446e-05, 5.19848763361e-05, 3.58627039532e-05, 2.56399434875e-05, 1.79028393177e-05, 1.20738095575e-05, 6.57108239466e-06, 1.58487682711e-06, 6.65998641125e-06, 1.51135163833e-05], "min": [2.5865423595e-05, 7.52464256948e-05, 0.000367662316421, 0.00076387100853, 0.0023365013767, 0.00558137986809, 0.00838860683143, 0.0228340215981, 0.0599456503987, 0.0219581071287, 0.0724617764354, 0.043405700475, 0.0141137670726, 0.0111370738596, 0.0232925489545, 0.00535488314927, 0.0101550547406, 0.00440465984866, 0.00196751928888, 0.00146949093323, 0.000934007985052, 0.000489250815008, 0.000111411340185, 3.1449009839e-05, 1.40436313814e-05, 1.05139079096e-05, 8.1175357991e-06, 6.54856330584e-06, 6.73151180308e-06, 5.68089080843e-06, 3.97020630771e-06, 4.12402050642e-06, 3.71223131879e-06, 2.78595075542e-06, 1.7218640096e-06, 1.3663785694e-06, 7.27892825125e-07, 2.74051416227e-07, 1.70137695932e-07, 2.12640898667e-07], "dvar2": [6.4348198066e-05, 0.0202661436051, 0.495296269655, 11.2106428146, 136.376434326, 489.212310791, 297.607635498, 1236.40600586, 3704.26586914, 4127.06738281, 7855.08789063, 73066.4140625, 8828.94042969, 3544.28710938, 24383.3222656, 509.861053467, 28.4674243927, 119.443458557, 25.3922328949, 6.04012203217, 0.685575008392, 0.874667584896, 0.51432621479, 0.0676260367036, 0.0571763925254, 0.0707416906953, 0.00925363972783, 0.016307413578, 0.00191608059686, 0.000265064853011, 4.20897813456e-05, 1.2616085769e-05, 3.56347391062e-06, 3.39192520187e-05, 6.03404203048e-07, 1.63496771677e-08, 7.58753546104e-11, 3.36470456531e-12, 4.40569421223e-11, 2.4112750685e-10], "dvar": [2.42573460127e-05, 0.0102772964165, 0.191121280193, 3.64650845528, 57.997341156, 176.663589478, 129.258972168, 591.397216797, 1632.61376953, 2082.67480469, 4967.18798828, 51545.6054688, 5698.3515625, 2146.74853516, 9986.83496094, 202.937210083, 17.682062149, 67.1645812988, 14.2728910446, 2.37864542007, 0.321587175131, 0.521079659462, 0.29137468338, 0.0341985151172, 0.0232381671667, 0.0273882187903, 0.00418721372262, 0.00727805122733, 0.00116392422933, 0.00011613980314, 1.79501294042e-05, 4.71093198939e-06, 1.49204583977e-06, 1.50434279931e-05, 2.42327217848e-07, 6.38255714946e-09, 3.3487775053e-11, 1.56613957913e-12, 2.62029564713e-11, 1.41013270505e-10], "dmean": [0.0017557159299, 0.0370492637157, 0.184176206589, 0.632791757584, 2.43335294724, 4.5425992012, 6.18402147293, 15.8262224197, 23.003572464, 17.6381340027, 22.2526836395, 60.9090499878, 25.4980125427, 13.5881767273, 17.4159984589, 2.89100837708, 1.91578876972, 2.27371001244, 1.10731887817, 0.578657090664, 0.228356570005, 0.199693083763, 0.115791685879, 0.0577763393521, 0.0359834618866, 0.0229633450508, 0.0113957077265, 0.0111925760284, 0.0049251569435, 0.00161850848235, 0.000631799164694, 0.00028131986619, 0.000152813838213, 0.000222186776227, 4.1798746679e-05, 9.08695528778e-06, 3.15491729452e-06, 8.46646742048e-07, 3.25897644871e-06, 7.62650370234e-06], "max": [0.173828586936, 4.15056943893, 9.56793308258, 25.5990943909, 189.634017944, 254.542602539, 162.225982666, 464.720977783, 839.213745117, 1109.75378418, 1953.4420166, 4606.57910156, 1489.14074707, 994.7890625, 2703.12011719, 435.518005371, 105.950393677, 246.549850464, 100.777626038, 38.2644348145, 11.7702980042, 26.2735767365, 18.524389267, 6.27425909042, 4.42344236374, 6.93155956268, 1.58804953098, 3.51293158531, 1.19707834721, 0.325415641069, 0.119844853878, 0.067755125463, 0.0370464548469, 0.172001734376, 0.0180832054466, 0.00364457257092, 0.00020880025113, 2.27821001317e-05, 0.000101162651845, 0.000232876525843], "var": [0.000175223118276, 0.130266681314, 0.550937235355, 5.30169916153, 311.987701416, 382.133789063, 344.731231689, 2129.93237305, 4883.70507813, 5901.52148438, 30648.5253906, 179272.546875, 19803.1660156, 4936.05957031, 18557.2011719, 285.360534668, 88.6864547729, 230.108154297, 43.238155365, 7.68815660477, 1.35360610485, 1.9740806818, 0.865883827209, 0.16857495904, 0.0564450062811, 0.0369159169495, 0.00687041366473, 0.0104282293469, 0.00248521124013, 0.000149236861034, 2.18145523831e-05, 4.33783270637e-06, 1.47802450101e-06, 1.36434409796e-05, 2.02005324468e-07, 5.35389022005e-09, 9.65374724604e-11, 5.56853174682e-12, 1.19919282837e-10, 6.38018415877e-10], "mean": [0.00461265165359, 0.109993569553, 0.335111558437, 1.00717067719, 6.08321523666, 8.47951698303, 12.0475168228, 34.8531341553, 50.213104248, 36.7772827148, 61.9841766357, 129.861663818, 55.6095046997, 25.420999527, 27.6926136017, 5.73202848434, 4.74519538879, 5.54930019379, 2.59944462776, 1.30126547813, 0.594226360321, 0.44377374649, 0.265002012253, 0.145842403173, 0.0798771455884, 0.0412770472467, 0.0191128011793, 0.0174636412412, 0.00803651381284, 0.00227941665798, 0.000826304312795, 0.000350200774847, 0.000181547715329, 0.000205599368201, 5.07650111103e-05, 1.93584837689e-05, 9.22623257793e-06, 2.27289729082e-06, 9.82307392405e-06, 2.25770163524e-05]}, "spectral_strongpeak": {"dmean2": 0.84677541256, "median": 1.23761880398, "min": 0, "dvar2": 1.22878277302, "dvar": 0.65320110321, "dmean": 0.594661653042, "max": 12.7114963531, "var": 2.52998614311, "mean": 1.67174506187}, "spectral_energy": {"dmean2": 0.00935107190162, "median": 0.013368178159, "min": 0.000186037243111, "dvar2": 0.000185576573131, "dvar": 0.000107770021714, "dmean": 0.00673680007458, "max": 0.20260630548, "var": 0.000490850943606, "mean": 0.0199760198593}, "average_loudness": 0.760255098343, "spectral_rolloff": {"dmean2": 89.9669647217, "median": 602.9296875, "min": 215.33203125, "dvar2": 23098.8925781, "dvar": 11019.0771484, "dmean": 51.2157249451, "max": 1593.45703125, "var": 39665.9140625, "mean": 635.495422363}, "spectral_centroid": {"dmean2": 60.5728759766, "median": 495.764251709, "min": 230.170898438, "dvar2": 5311.45996094, "dvar": 3113.81225586, "dmean": 42.086139679, "max": 1029.27868652, "var": 21991.8730469, "mean": 516.060913086}, "pitch_salience": {"dmean2": 0.123149372637, "median": 0.518930673599, "min": 0.0930254906416, "dvar2": 0.0144934924319, "dvar": 0.00613875687122, "dmean": 0.0775371417403, "max": 0.84896838665, "var": 0.0201813057065, "mean": 0.515135705471}, "spectral_energyband_middle_high": {"dmean2": 0.00121444475371, "median": 0.000524829491042, "min": 1.76656112671e-06, "dvar2": 1.93344440049e-05, "dvar": 8.22938454803e-06, "dmean": 0.000850990239996, "max": 0.0747831165791, "var": 1.82130188477e-05, "mean": 0.00181322812568}, "spectral_contrast_coeffs": {"dmean2": [0.0834302678704, 0.0876111388206, 0.061188660562, 0.0436773449183, 0.0349984839559, 0.0632802769542], "median": [-0.611775577068, -0.647747993469, -0.690828740597, -0.750014841557, -0.768045842648, -0.857533872128], "min": [-0.871218323708, -0.912755727768, -0.87558054924, -0.88229739666, -0.884630203247, -0.954641222954], "dvar2": [0.00443926779553, 0.00569190038368, 0.00277666654438, 0.00141349923797, 0.00105769501533, 0.00264193955809], "dvar": [0.00167339819018, 0.00259920675308, 0.00125379231758, 0.000569631694816, 0.000433136592619, 0.000893819436897], "dmean": [0.0506426207721, 0.0561580136418, 0.0386506803334, 0.0275174491107, 0.0217977389693, 0.0362739935517], "max": [-0.312484771013, -0.38723513484, -0.372419118881, -0.579824209213, -0.638187646866, -0.629198729992], "var": [0.010000388138, 0.00844609457999, 0.00934385508299, 0.00256434595212, 0.00212057074532, 0.00365988421254], "mean": [-0.604659259319, -0.648338913918, -0.677976131439, -0.747122824192, -0.769390404224, -0.844431340694]}, "melbands_skewness": {"dmean2": 0.829298198223, "median": 0.571385920048, "min": -5.11657428741, "dvar2": 0.683407247066, "dvar": 0.381907582283, "dmean": 0.581621050835, "max": 5.21617889404, "var": 1.84263980389, "mean": 0.507583320141}, "spectral_spread": {"dmean2": 589352.6875, "median": 804809.375, "min": 203820.265625, "dvar2": 266017275904, "dvar": 95681257472, "dmean": 326348.1875, "max": 9623695, "var": 133991317504, "mean": 850206}, "dissonance": {"dmean2": 0.0934060662985, "median": 0.364646285772, "min": 0.0970416143537, "dvar2": 0.00750270439312, "dvar": 0.00280418782495, "dmean": 0.0558169521391, "max": 0.49835985899, "var": 0.00643600523472, "mean": 0.357306927443}, "spectral_skewness": {"dmean2": 3.03893733025, "median": 8.70203113556, "min": 1.88391900063, "dvar2": 6.16628456116, "dvar": 2.24704027176, "dmean": 1.78097271919, "max": 17.784330368, "var": 9.20788860321, "mean": 8.70245170593}, "spectral_flux": {"dmean2": 0.0382052175701, "median": 0.0418684333563, "min": 0.00316717266105, "dvar2": 0.00176638737321, "dvar": 0.000666707172059, "dmean": 0.0225915554911, "max": 0.324874132872, "var": 0.00111556425691, "mean": 0.0498872362077}, "spectral_contrast_valleys": {"dmean2": [0.730127930641, 0.673185884953, 0.60676831007, 0.532591760159, 0.538406014442, 1.13379180431], "median": [-8.70203304291, -6.85105609894, -8.04222202301, -9.59922409058, -11.5841798782, -14.3342905045], "min": [-10.9604825974, -9.12618541718, -10.7058496475, -12.0528831482, -13.6902503967, -15.7068223953], "dvar2": [0.312154054642, 0.372661590576, 0.31658667326, 0.252969890833, 0.40086710453, 0.805222034454], "dvar": [0.113694384694, 0.142745301127, 0.121009007096, 0.101552426815, 0.156474396586, 0.245830655098], "dmean": [0.431672692299, 0.406734198332, 0.36288318038, 0.317195266485, 0.322512805462, 0.633460521698], "max": [-6.24212646484, -4.60129976273, -5.84409093857, -6.82941198349, -8.37083339691, -11.3504705429], "var": [0.63680100441, 0.560816347599, 0.614334762096, 0.793532907963, 0.926029622555, 0.473851948977], "mean": [-8.64884471893, -6.88446903229, -8.09702682495, -9.61007213593, -11.4592447281, -14.2828845978]}, "erbbands_flatness_db": {"dmean2": 0.0310138389468, "median": 0.425641834736, "min": 0.237635746598, "dvar2": 0.000811199250165, "dvar": 0.000416193332057, "dmean": 0.0210383087397, "max": 0.584711313248, "var": 0.00310920248739, "mean": 0.425484865904}, "spectral_energyband_high": {"dmean2": 8.97235906905e-07, "median": 6.54549481283e-08, "min": 1.97126714951e-09, "dvar2": 2.27879364684e-11, "dvar": 1.1036926581e-11, "dmean": 6.44751878554e-07, "max": 9.26290231291e-05, "var": 1.9267696813e-11, "mean": 1.10046778445e-06}, "spectral_entropy": {"dmean2": 0.338266998529, "median": 5.38828754425, "min": 3.92747759819, "dvar2": 0.112041473389, "dvar": 0.0523056536913, "dmean": 0.220713436604, "max": 7.07517766953, "var": 0.236693888903, "mean": 5.38158893585}, "silence_rate_20dB": {"dmean2": 0, "median": 1, "min": 1, "dvar2": 0, "dvar": 0, "dmean": 0, "max": 1, "var": 0, "mean": 1}, "melbands_flatness_db": {"dmean2": 0.0407450012863, "median": 0.493862241507, "min": 0.246530458331, "dvar2": 0.00137901015114, "dvar": 0.000704285921529, "dmean": 0.0272092595696, "max": 0.685234189034, "var": 0.00469068763778, "mean": 0.492719054222}, "barkbands": {"dmean2": [2.913913886e-05, 0.000194843683857, 0.000324959022691, 0.000476654735394, 0.00196768040769, 0.00250186934136, 0.00180278311018, 0.00132719078101, 0.00306513207033, 0.000584847410209, 0.000651210546494, 0.000171508552739, 5.10653189849e-05, 5.97861799179e-05, 2.34814469877e-05, 1.0239796211e-05, 5.99097484155e-06, 3.22361734106e-06, 1.36567587106e-06, 7.30560429929e-07, 3.83567169138e-07, 1.15474982465e-07, 5.62929116654e-08, 1.42890206334e-08, 2.23522302889e-08, 2.25618834726e-09, 1.70058778171e-09], "median": [1.80449969776e-05, 3.5660181311e-05, 3.6074910895e-05, 3.65736195818e-05, 0.000595474208239, 0.00203036773019, 0.00149819639046, 0.000536432373337, 0.000431561318692, 0.000156732319738, 4.7063218517e-05, 2.59868302237e-05, 1.82714429684e-05, 1.37516344694e-05, 4.78654601466e-06, 3.14895146403e-06, 1.31372769374e-06, 4.52058003475e-07, 2.51964138442e-07, 4.78068393761e-08, 1.72859841996e-08, 5.20923348901e-09, 2.42769182535e-09, 1.62836677475e-09, 1.29687083295e-09, 1.09573661256e-09, 9.91469129019e-10], "min": [8.53847666349e-07, 2.46945205618e-07, 1.34309502187e-07, 2.07457642176e-08, 2.34487674788e-06, 1.40431563977e-06, 1.26529994304e-06, 6.92440323746e-07, 5.14034354637e-07, 1.03413810848e-07, 1.61569388979e-07, 1.10927992125e-07, 3.29988409931e-08, 2.6265663422e-08, 1.13584626149e-08, 7.74439889994e-09, 5.73582958907e-09, 6.94387269906e-10, 3.10315106944e-10, 1.93051602482e-10, 1.47103274006e-10, 1.68359048924e-10, 1.57977575466e-10, 1.6029930161e-10, 1.95480395759e-10, 2.13846051977e-10, 2.79374523515e-10], "dvar2": [1.45659573292e-09, 2.63719670102e-07, 7.12052553808e-07, 2.24773202717e-06, 2.90339758067e-05, 1.34905312734e-05, 1.08694293885e-05, 1.27939065351e-05, 0.000112084635475, 2.39186397266e-06, 1.31743345264e-05, 1.69807174188e-06, 1.44171528049e-08, 5.96178111323e-08, 7.79025732811e-09, 6.07773442685e-10, 4.35447067293e-10, 1.63134700193e-10, 1.61802845428e-11, 3.91866851468e-11, 5.7328599333e-12, 6.03855127793e-13, 1.70598317374e-13, 1.20416838054e-14, 9.81027460873e-14, 1.56670377063e-16, 6.06342869105e-18], "dvar": [4.31307434212e-10, 1.34010107899e-07, 2.85134234446e-07, 7.42621807603e-07, 1.07448086055e-05, 6.68734628562e-06, 4.85485406898e-06, 7.16726935934e-06, 7.89899640949e-05, 1.53180133111e-06, 5.33810543857e-06, 6.60189357404e-07, 9.6172252384e-09, 3.31696163869e-08, 3.97442168065e-09, 2.69959110621e-10, 2.58106647166e-10, 9.22144791082e-11, 7.33952221915e-12, 1.46886339897e-11, 2.49419560526e-12, 3.58226144061e-13, 7.2811955033e-14, 4.36313743856e-15, 4.46731986527e-14, 5.99217179621e-17, 1.93259624544e-18], "dmean": [1.58614620887e-05, 0.000130877015181, 0.000195083994186, 0.000282494496787, 0.00125355960336, 0.0017426944105, 0.00124000594951, 0.000971999950707, 0.00236824085005, 0.000443477416411, 0.000405364407925, 0.00010626421863, 4.01860888815e-05, 4.39840987383e-05, 1.61682837643e-05, 6.64715162202e-06, 4.24684276368e-06, 2.23880715566e-06, 9.2053909384e-07, 4.74752141599e-07, 2.59891919541e-07, 8.83342323732e-08, 3.63346543963e-08, 8.49976800055e-09, 1.32271695819e-08, 1.29418953332e-09, 9.43649824947e-10], "max": [0.000265279028099, 0.0151631990448, 0.0143503258005, 0.0132542178035, 0.0602390803397, 0.0514225363731, 0.0384221412241, 0.0735215097666, 0.18186481297, 0.0227855555713, 0.0734320431948, 0.0249705854803, 0.00283722789027, 0.00548400869593, 0.00190802791622, 0.00041696021799, 0.000534510007128, 0.000330365990521, 6.65319239488e-05, 0.000162557815202, 5.48945899936e-05, 2.10948328458e-05, 7.89973182691e-06, 2.12646887121e-06, 9.07185949472e-06, 3.4747506561e-07, 1.7576708089e-08], "var": [4.1487624447e-10, 1.71494195911e-06, 5.83461996939e-07, 1.10852727175e-06, 3.6345263652e-05, 2.57046212937e-05, 1.28167694129e-05, 4.50986626674e-05, 0.000269968557404, 4.59438342659e-06, 9.95147274807e-06, 6.76407239553e-07, 5.13554390125e-08, 1.07824455142e-07, 1.0660593297e-08, 1.02166120008e-09, 9.14359366e-10, 3.13200965163e-10, 2.39917547634e-11, 1.68756397745e-11, 3.73957071906e-12, 7.51458032085e-13, 7.86503091929e-14, 3.7169410853e-15, 4.21479156101e-14, 4.74222711351e-17, 1.89785341894e-18], "mean": [2.39572600549e-05, 0.000394337374019, 0.000297806167509, 0.000433424895164, 0.00272081559524, 0.00395844643936, 0.00266321818344, 0.00264970539138, 0.00486998958513, 0.000902818050236, 0.00063658633735, 0.000164033481269, 9.71532281255e-05, 9.87474704743e-05, 3.2585059671e-05, 1.51321901285e-05, 8.69986160978e-06, 5.19745117344e-06, 1.9850181161e-06, 7.99102849669e-07, 4.10929374084e-07, 1.43075652659e-07, 4.38084803989e-08, 9.85516201979e-09, 1.19108882757e-08, 1.84837767314e-09, 1.45130196749e-09]}, "erbbands_skewness": {"dmean2": 0.744683563709, "median": 0.809718608856, "min": -4.4730591774, "dvar2": 0.641876280308, "dvar": 0.31028342247, "dmean": 0.507613122463, "max": 6.80476760864, "var": 1.43134772778, "mean": 0.816429674625}, "erbbands_spread": {"dmean2": 2.25824999809, "median": 5.12087535858, "min": 0.342730790377, "dvar2": 6.42735004425, "dvar": 2.92893123627, "dmean": 1.49599850178, "max": 21.4626979828, "var": 16.1724243164, "mean": 6.07351541519}, "melbands_kurtosis": {"dmean2": 4.8592376709, "median": 3.19908618927, "min": -1.81983697414, "dvar2": 56.0743370056, "dvar": 25.8972473145, "dmean": 3.20748829842, "max": 74.1149902344, "var": 56.9329032898, "mean": 5.53642892838}, "melbands": {"dmean2": [3.86601423088e-05, 0.000129266860313, 0.000236801424762, 0.000395331066102, 0.000334117125021, 0.000562127854209, 0.000457163027022, 0.000268478528596, 0.000224007075303, 0.000541603134479, 0.000158441442181, 7.18023511581e-05, 0.000100409706647, 2.75915026577e-05, 4.40472922492e-06, 5.6550525187e-06, 6.24474523647e-06, 2.70564828497e-06, 1.8440293843e-06, 8.82767778876e-07, 3.96448569973e-07, 3.4