{"metadata": {"tags": {"label": ["Elektra"], "albumartist": ["Yolanda Adams"], "genre": ["Other"], "artist": ["Yolanda Adams"], "musicbrainz_recordingid": ["1b9e582a-d72b-4de2-9e4d-5cd1a52b0c06"], "title": ["Oh Holy Night"], "tracknumber": ["9"], "album": ["Christmas with Yolanda Adams"], "date": ["2000"], "media": ["DIG"], "file_name": "251416.mp3", "length": ["296777"]}, "audio_properties": {"sample_rate": 44100, "downmix": "mix", "lossless": false, "analysis_sample_rate": 44100, "md5_encoded": "9ac67c8774bb90c8a5e298aef7c981d1", "equal_loudness": 0, "replay_gain": -12.4551811218, "codec": "mp3", "bit_rate": 128000, "length": 296.777130127}, "version": {"extractor": "music 1.0", "essentia_build_sha": "70f2e5ece6736b2c40cc944ad0e695b16b925413", "essentia_git_sha": "v2.1_beta2", "essentia": "2.1-beta2"}}, "rhythm": {"beats_loudness_band_ratio": {"dvar2": [0.0998178347945, 0.0264540780336, 0.0281761772931, 0.0726261138916, 0.00921166408807, 0.00877493992448], "var": [0.0718792229891, 0.0257155708969, 0.0141311809421, 0.0353153496981, 0.00364009011537, 0.00349827157333], "min": [0.00102422619238, 0.00121656607371, 0.000278450810583, 1.75583063537e-05, 3.11639596475e-05, 0.000100684075733], "dmean": [0.217782109976, 0.0756708309054, 0.0852555334568, 0.125010326505, 0.0394344888628, 0.0403142012656], "mean": [0.593300759792, 0.1127185449, 0.0990781709552, 0.132315650582, 0.038935996592, 0.0493833236396], "max": [0.995121061802, 0.952063679695, 0.831468045712, 0.85295766592, 0.512862026691, 0.478557407856], "dmean2": [0.375171005726, 0.130046993494, 0.146998256445, 0.219167843461, 0.0689789056778, 0.0707015693188], "median": [0.611427664757, 0.054235573858, 0.054791290313, 0.0352978855371, 0.0135820098221, 0.0330341309309], "dvar": [0.03897530213, 0.010106721893, 0.0107516981661, 0.0274357702583, 0.0033236623276, 0.00318971113302]}, "bpm_histogram_first_peak_weight": {"dvar2": 0, "var": 0, "min": 0.573770523071, "dmean": 0, "mean": 0.573770523071, "max": 0.573770523071, "dmean2": 0, "median": 0.573770523071, "dvar": 0}, "bpm": 163.488922119, "beats_count": 794, "bpm_histogram_first_peak_spread": {"dvar2": 0, "var": 0, "min": 0.0277777314186, "dmean": 0, "mean": 0.0277777314186, "max": 0.0277777314186, "dmean2": 0, "median": 0.0277777314186, "dvar": 0}, "danceability": 1.1011402607, "bpm_histogram_first_peak_bpm": {"dvar2": 0, "var": 0, "min": 161, "dmean": 0, "mean": 161, "max": 161, "dmean2": 0, "median": 161, "dvar": 0}, "beats_position": [0.383129239082, 0.777868449688, 1.16099774837, 1.52090704441, 1.88081634045, 2.24072551727, 2.61224484444, 2.97215414047, 3.34367346764, 3.7151927948, 4.07510185242, 4.43501138687, 4.80653047562, 5.17804956436, 5.54956912994, 5.92108821869, 6.28099775314, 6.64090681076, 7.01242637634, 7.38394546509, 7.75546455383, 8.12698364258, 8.48689365387, 8.84680271149, 9.22993183136, 9.6014509201, 9.96135997772, 10.3328800201, 10.6927890778, 11.0526981354, 11.4242172241, 11.7957363129, 12.1672563553, 12.538775444, 12.8986845016, 13.2585935593, 13.6301136017, 14.0016326904, 14.3731517792, 14.7330608368, 15.0929698944, 15.4528799057, 15.8127889633, 16.1843090057, 16.5558280945, 16.9273471832, 17.298866272, 17.6587753296, 18.0186843872, 18.390203476, 18.7617225647, 19.1332416534, 19.5047607422, 19.8646717072, 20.2245807648, 20.5960998535, 20.9676189423, 21.339138031, 21.6990470886, 22.0589561462, 22.430475235, 22.8019943237, 23.1735134125, 23.5450344086, 23.9049434662, 24.2648525238, 24.6363716125, 25.0078907013, 25.37940979, 25.7393188477, 26.0992279053, 26.470746994, 26.8422679901, 27.2137870789, 27.5853061676, 27.9452152252, 28.3051242828, 28.6766433716, 29.0481624603, 29.4196815491, 29.7795906067, 30.1394996643, 30.5110206604, 30.8825397491, 31.2540588379, 31.6255779266, 31.9854869843, 32.3453979492, 32.7169151306, 33.0884361267, 33.4483451843, 33.8082542419, 34.1797714233, 34.5512924194, 34.9228096008, 35.2943305969, 35.6658477783, 36.0257606506, 36.3856697083, 36.7571868896, 37.1287078857, 37.4886169434, 37.848526001, 38.2200431824, 38.5915641785, 38.9630813599, 39.3229942322, 39.6829032898, 40.0544204712, 40.4259414673, 40.7974586487, 41.1573677063, 41.5172767639, 41.88879776, 42.2603149414, 42.6318359375, 43.0033569336, 43.374874115, 43.7347831726, 44.0946922302, 44.4662132263, 44.8377304077, 45.2092514038, 45.5691604614, 45.929069519, 46.3005905151, 46.6721076965, 47.0436286926, 47.4035377502, 47.7750549316, 48.1349639893, 48.5064849854, 48.8780021667, 49.2495231628, 49.6210403442, 49.9809532166, 50.3408622742, 50.7123794556, 51.0722885132, 51.4321975708, 51.8037185669, 52.1752357483, 52.5467567444, 52.9182739258, 53.2781867981, 53.6497039795, 54.0212249756, 54.392742157, 54.7642631531, 55.1241722107, 55.4956893921, 55.8555984497, 56.2155075073, 56.5870285034, 56.9585494995, 57.3300666809, 57.701587677, 58.0731048584, 58.433013916, 58.7929229736, 59.1528320312, 59.5127410889, 59.884262085, 60.2557830811, 60.6273002625, 60.9872093201, 61.3587303162, 61.7186393738, 62.0785484314, 62.4616775513, 62.8331947327, 63.2047157288, 63.5646247864, 63.924533844, 64.2960510254, 64.6675720215, 65.0390930176, 65.3990020752, 65.7705230713, 66.1304321289, 66.5019454956, 66.8734664917, 67.2449874878, 67.6165084839, 67.9764175415, 68.3363265991, 68.7078475952, 69.0793609619, 69.450881958, 69.8224029541, 70.1823120117, 70.5422210693, 70.9137420654, 71.273651123, 71.6451721191, 72.0166854858, 72.3765945435, 72.7365036011, 73.1080245972, 73.4679336548, 73.8394546509, 74.210975647, 74.5824966431, 74.9424057007, 75.3023147583, 75.673828125, 76.0453491211, 76.4168701172, 76.7883911133, 77.1483001709, 77.5198135376, 77.8797302246, 78.2512435913, 78.6227645874, 78.982673645, 79.3425827026, 79.7141036987, 80.0856246948, 80.4571380615, 80.8286590576, 81.2001800537, 81.5600891113, 81.9316101074, 82.291519165, 82.6630401611, 83.0229492188, 83.3944625854, 83.7543716431, 84.1258926392, 84.4974136353, 84.8689346313, 85.228843689, 85.6003646851, 85.9602737427, 86.3317871094, 86.7033081055, 87.0748291016, 87.4347381592, 87.8062591553, 88.1661682129, 88.537689209, 88.9092025757, 89.2807235718, 89.6522445679, 90.0121536255, 90.3720626831, 90.7435836792, 91.1150970459, 91.4750061035, 91.8465270996, 92.2180480957, 92.5779571533, 92.9494781494, 93.3209991455, 93.6809082031, 94.0408172607, 94.4007263184, 94.760635376, 95.1321487427, 95.5036697388, 95.8751907349, 96.246711731, 96.6182327271, 96.9897460938, 97.3612670898, 97.7211761475, 98.0810852051, 98.4526062012, 98.8125152588, 99.1724243164, 99.5439453125, 99.9154663086, 100.286979675, 100.658500671, 101.018409729, 101.378318787, 101.749839783, 102.121360779, 102.492874146, 102.852790833, 103.21269989, 103.584213257, 103.955734253, 104.327255249, 104.698776245, 105.070289612, 105.430198669, 105.790107727, 106.161628723, 106.533149719, 106.904670715, 107.264579773, 107.624488831, 107.996009827, 108.367523193, 108.727432251, 109.087341309, 109.447257996, 109.807167053, 110.17868042, 110.550201416, 110.921722412, 111.293243408, 111.653152466, 112.013061523, 112.38457489, 112.756095886, 113.127616882, 113.499137878, 113.859046936, 114.218955994, 114.59047699, 114.961990356, 115.333511353, 115.705032349, 116.076553345, 116.448066711, 116.807983398, 117.167892456, 117.539405823, 117.910926819, 118.270835876, 118.630744934, 119.00226593, 119.373786926, 119.745300293, 120.116821289, 120.476730347, 120.836639404, 121.2081604, 121.579681396, 121.951202393, 122.322715759, 122.682624817, 123.042533875, 123.414054871, 123.785575867, 124.157096863, 124.51700592, 124.888526917, 125.248435974, 125.619949341, 125.991470337, 126.362991333, 126.722900391, 127.082809448, 127.454330444, 127.82585144, 128.185760498, 128.557281494, 128.92880249, 129.300308228, 129.660217285, 130.031738281, 130.403259277, 130.763168335, 131.123077393, 131.48298645, 131.842895508, 132.214416504, 132.5859375, 132.957458496, 133.328979492, 133.68888855, 134.060409546, 134.420318604, 134.7918396, 135.163360596, 135.534866333, 135.906387329, 136.266296387, 136.626205444, 136.99772644, 137.369247437, 137.740768433, 138.10067749, 138.460586548, 138.832107544, 139.20362854, 139.575149536, 139.935058594, 140.294967651, 140.666488647, 141.037994385, 141.409515381, 141.781036377, 142.152557373, 142.512466431, 142.872375488, 143.243896484, 143.61541748, 143.986938477, 144.358459473, 144.729980469, 145.089889526, 145.449798584, 145.82131958, 146.192825317, 146.564346313, 146.924255371, 147.284164429, 147.655685425, 148.015594482, 148.37550354, 148.747024536, 149.118545532, 149.490066528, 149.861587524, 150.233108521, 150.604629517, 150.976135254, 151.34765625, 151.707565308, 152.067474365, 152.427383423, 152.78729248, 153.147201538, 153.507110596, 153.878631592, 154.250152588, 154.621673584, 154.99319458, 155.364715576, 155.724624634, 156.09614563, 156.456054688, 156.827575684, 157.19909668, 157.570602417, 157.942123413, 158.302032471, 158.661941528, 159.045074463, 159.416595459, 159.776504517, 160.148025513, 160.50793457, 160.867843628, 161.239364624, 161.61088562, 161.982406616, 162.353912354, 162.71383667, 163.073745728, 163.445251465, 163.816772461, 164.188293457, 164.559814453, 164.919723511, 165.279632568, 165.651153564, 166.011062622, 166.37097168, 166.742492676, 167.114013672, 167.485534668, 167.857055664, 168.228561401, 168.600082397, 168.959991455, 169.319900513, 169.67980957, 170.051330566, 170.411239624, 170.78276062, 171.154281616, 171.525802612, 171.897323608, 172.268844604, 172.628753662, 172.98866272, 173.348571777, 173.708480835, 174.080001831, 174.463119507, 174.823028564, 175.194549561, 175.566070557, 175.937591553, 176.29750061, 176.669021606, 177.028930664, 177.40045166, 177.771972656, 178.131881714, 178.50340271, 178.874923706, 179.246429443, 179.606338501, 179.977859497, 180.337768555, 180.697677612, 181.069198608, 181.440719604, 181.812240601, 182.172149658, 182.543670654, 182.903579712, 183.275100708, 183.646621704, 184.0181427, 184.378051758, 184.737960815, 185.109481812, 185.480987549, 185.852508545, 186.224029541, 186.595550537, 186.955459595, 187.315368652, 187.686889648, 188.058410645, 188.429931641, 188.789840698, 189.161361694, 189.521270752, 189.88117981, 190.241088867, 190.612609863, 190.984130859, 191.355636597, 191.715545654, 192.075454712, 192.446975708, 192.818496704, 193.1900177, 193.549926758, 193.909835815, 194.281356812, 194.652877808, 195.024398804, 195.3959198, 195.755828857, 196.115737915, 196.487258911, 196.858764648, 197.230285645, 197.601806641, 197.961715698, 198.321624756, 198.693145752, 199.064666748, 199.436187744, 199.80770874, 200.167617798, 200.527526855, 200.899047852, 201.270568848, 201.642089844, 202.013595581, 202.373504639, 202.733413696, 203.093322754, 203.46484375, 203.836364746, 204.207885742, 204.579406738, 204.939315796, 205.310836792, 205.682357788, 206.053878784, 206.42539978, 206.785308838, 207.145217896, 207.516723633, 207.888244629, 208.248153687, 208.608062744, 208.97958374, 209.351104736, 209.722625732, 210.08253479, 210.442443848, 210.813964844, 211.173873901, 211.545394897, 211.916915894, 212.276824951, 212.648345947, 213.019866943, 213.379776001, 213.739685059, 214.111190796, 214.482711792, 214.854232788, 215.225753784, 215.585662842, 215.945571899, 216.317092896, 216.688613892, 217.060134888, 217.431655884, 217.791564941, 218.151473999, 218.534591675, 218.894515991, 219.254425049, 219.625930786, 219.985839844, 220.35736084, 220.728881836, 221.100402832, 221.471923828, 221.831832886, 222.191741943, 222.563262939, 222.934783936, 223.306304932, 223.677825928, 224.037734985, 224.397644043, 224.76914978, 225.129058838, 225.500579834, 225.87210083, 226.232009888, 226.591918945, 226.951828003, 227.323348999, 227.694869995, 228.066390991, 228.437911987, 228.797821045, 229.157730103, 229.529251099, 229.900772095, 230.272293091, 230.632202148, 231.003707886, 231.363616943, 231.735137939, 232.106658936, 232.478179932, 232.849700928, 233.209609985, 233.569519043, 233.941040039, 234.312561035, 234.684082031, 235.055603027, 235.415512085, 235.775421143, 236.14692688, 236.518447876, 236.889968872, 237.24987793, 237.621398926, 237.981307983, 238.352828979, 238.724349976, 239.095870972, 239.467391968, 239.827301025, 240.187210083, 240.558731079, 240.930252075, 241.301757812, 241.66166687, 242.021575928, 242.393096924, 242.753005981, 243.112915039, 243.484436035, 243.855957031, 244.227478027, 244.598999023, 244.97052002, 245.342041016, 245.713562012, 246.085067749, 246.444976807, 246.804885864, 247.17640686, 247.536315918, 247.896224976, 248.267745972, 248.639266968, 249.010787964, 249.38230896, 249.742218018, 250.102127075, 250.473648071, 250.845169067, 251.216690063, 251.58821106, 251.948120117, 252.308029175, 252.667938232, 253.03944397, 253.410964966, 253.782485962, 254.154006958, 254.513916016, 254.885437012, 255.245346069, 255.605255127, 255.976776123, 256.348297119, 256.719818115, 257.091339111, 257.45123291, 257.811157227, 258.182678223, 258.554199219, 258.925720215, 259.297241211, 259.65713501, 260.017059326, 260.388580322, 260.748474121, 261.119995117, 261.491516113, 261.863037109, 262.222930908, 262.582855225, 262.942749023, 263.31427002, 263.685791016, 264.057312012, 264.428833008, 264.800354004, 265.171875, 265.543395996, 265.903320312, 266.274810791, 266.634735107, 266.994628906, 267.354553223, 267.726074219, 268.097595215, 268.469116211, 268.840637207, 269.200531006, 269.560455322, 269.931976318, 270.303497314, 270.675018311, 271.046539307, 271.418029785, 271.789550781, 272.149475098, 272.509368896, 272.880889893, 273.252410889, 273.635559082, 274.018676758, 274.401794434, 274.796539307, 275.1796875, 275.562805176, 275.945922852, 276.329071045, 276.723815918, 277.118530273, 277.524902344, 278.000915527, 278.476898193, 278.941314697, 279.394104004, 279.85848999, 280.322906494, 280.775695801, 281.193634033, 281.611602783, 282.029571533, 282.48236084, 282.935150146, 283.399536133, 283.863952637, 284.328338623, 284.792724609, 285.257141113, 285.7215271, 286.197540283, 286.673553467, 287.14956665, 287.625579834, 288.101593018, 288.565979004, 289.03036499, 289.494781494, 289.947570801, 290.400360107, 290.853149414, 291.375610352, 291.898040771, 292.420501709, 292.954559326, 293.488616943, 294.022674561, 294.568328857, 295.102386475, 295.636444092, 296.170501709], "beats_loudness": {"dvar2": 0.00831868872046, "var": 0.00264931330457, "min": 6.84277356999e-10, "dmean": 0.0401649661362, "mean": 0.0478433407843, "max": 0.327284365892, "dmean2": 0.0730934739113, "median": 0.0307186879218, "dvar": 0.00306762219407}, "bpm_histogram_second_peak_weight": {"dvar2": 0, "var": 0, "min": 0.354350566864, "dmean": 0, "mean": 0.354350566864, "max": 0.354350566864, "dmean2": 0, "median": 0.354350566864, "dvar": 0}, "bpm_histogram_second_peak_spread": {"dvar2": 0, "var": 0, "min": 0, "dmean": 0, "mean": 0, "max": 0, "dmean2": 0, "median": 0, "dvar": 0}, "bpm_histogram_second_peak_bpm": {"dvar2": 0, "var": 0, "min": 167, "dmean": 0, "mean": 167, "max": 167, "dmean2": 0, "median": 167, "dvar": 0}, "onset_rate": 3.0290017128}, "lowlevel": {"spectral_energyband_high": {"dvar2": 4.27954819315e-06, "var": 3.28276246364e-06, "min": 7.07300816044e-21, "dmean": 0.000467230507638, "mean": 0.00100690987892, "max": 0.0456937476993, "dmean2": 0.000716094044037, "median": 0.000423030403908, "dvar": 1.81177267677e-06}, "spectral_energyband_middle_low": {"dvar2": 0.000118808551633, "var": 5.42974667042e-05, "min": 1.87025642521e-22, "dmean": 0.00260444567539, "mean": 0.00569190317765, "max": 0.098241776228, "dmean2": 0.0043491916731, "median": 0.00355508155189, "dvar": 4.21337863372e-05}, "spectral_energy": {"dvar2": 0.000913120689802, "var": 0.000938119948842, "min": 9.95039065633e-21, "dmean": 0.00905263517052, "mean": 0.031015586108, "max": 0.312842160463, "dmean2": 0.0139378383756, "median": 0.0239946115762, "dvar": 0.000449060637038}, "spectral_spread": {"dvar2": 1955805003780.0, "var": 7208197685250.0, "min": 1214198.875, "dmean": 802601.625, "mean": 7400738, "max": 42122024, "dmean2": 1181672.25, "median": 6931145.5, "dvar": 1062697041920.0}, "spectral_energyband_low": {"dvar2": 0.0008657592698, "var": 0.000531553174369, "min": 2.98364044424e-23, "dmean": 0.0063515570946, "mean": 0.0168273709714, "max": 0.300121575594, "dmean2": 0.0100594880059, "median": 0.0137077802792, "dvar": 0.000410948501667}, "spectral_rolloff": {"dvar2": 3565835.5, "var": 3518189, "min": 21.533203125, "dmean": 417.015289307, "mean": 1196.76013184, "max": 19250.6835938, "dmean2": 733.471801758, "median": 710.595703125, "dvar": 1566723}, "barkbands": {"dvar2": [9.65557660493e-07, 0.000853510806337, 0.000294002500596, 6.24081512797e-05, 8.77473121363e-06, 2.72313741334e-06, 3.80279539058e-06, 3.62234140994e-06, 5.31661044079e-06, 3.76341995434e-05, 2.98046561511e-05, 1.30990183607e-05, 4.11858172811e-06, 2.77532126347e-06, 1.36407834361e-06, 1.52264135522e-06, 4.00920185939e-07, 1.65797445106e-07, 1.41108060348e-07, 1.70278681821e-07, 4.12078620116e-08, 1.25153803765e-07, 2.92452540407e-07, 4.26358582217e-07, 4.19601889234e-07, 7.34129201874e-08, 5.77605220597e-11], "var": [5.4515123793e-07, 0.000323008687701, 7.18502051313e-05, 1.17676299851e-05, 3.47531113221e-06, 4.12402732763e-06, 3.49301171809e-06, 3.14951194014e-06, 8.81118467078e-06, 5.43081732758e-05, 4.76851892017e-05, 3.67152133549e-05, 5.61002298127e-06, 5.50295180801e-06, 2.07903849514e-06, 1.94194853975e-06, 6.63674541101e-07, 2.93145831165e-07, 1.88761404729e-07, 2.3020743356e-07, 3.39157857354e-08, 4.0958006764e-08, 1.55238879529e-07, 3.60862458137e-07, 3.18015366929e-07, 4.74272319195e-08, 2.61377742367e-11], "min": [1.69248352e-24, 5.26391657039e-24, 1.03629856663e-24, 2.23449387354e-24, 1.76499628494e-23, 1.10951913701e-23, 1.03906028977e-23, 1.3352791374e-23, 1.78881941096e-23, 2.7493673725e-23, 2.46359209662e-23, 3.94683298308e-23, 5.5200251542e-23, 4.71789403083e-23, 8.30904667114e-23, 4.34524465891e-23, 8.71882204608e-23, 7.14610855576e-23, 1.61924214735e-22, 1.91415987936e-22, 2.63983176389e-22, 4.09264773674e-22, 4.31202881852e-22, 5.8699904837e-22, 9.81595805481e-22, 1.3573814738e-21, 2.16630585076e-21], "dmean": [0.000218312212382, 0.00538518605754, 0.00209451490082, 0.00091735785827, 0.000660965160932, 0.000506108102854, 0.000512947503012, 0.000369642686564, 0.000416035676608, 0.00110275915358, 0.000956734351348, 0.000684157537762, 0.000393853202695, 0.000311185722239, 0.000221083522774, 0.000177339461516, 0.000111498055048, 0.000101676989289, 0.000103854610643, 0.00010609189485, 4.05168975703e-05, 5.72326862311e-05, 0.000121159901028, 0.000129982683575, 0.000136231479701, 4.42020718765e-05, 1.74043543666e-06], "mean": [0.000520686444361, 0.0132372882217, 0.00267842202447, 0.000759423477575, 0.00112614477985, 0.00116077379789, 0.000882497057319, 0.000611474562902, 0.000879635917954, 0.00203795172274, 0.00178474432323, 0.00157448952086, 0.000703399302438, 0.000593976001255, 0.000410347478464, 0.000284260197077, 0.000223117429414, 0.000212487779208, 0.00021621043561, 0.000221486421651, 7.27244259906e-05, 7.4929674156e-05, 0.000187731013284, 0.000229091208894, 0.000259183259914, 7.09659943823e-05, 2.20364177039e-06], "max": [0.0111664943397, 0.239863872528, 0.178316712379, 0.079117551446, 0.0290339197963, 0.0397284179926, 0.0385639630258, 0.050345826894, 0.054278999567, 0.118987515569, 0.141489654779, 0.0857687741518, 0.059047549963, 0.0611088834703, 0.023453373462, 0.0434253104031, 0.020658839494, 0.00816655252129, 0.00781756266952, 0.0149819506332, 0.00500307278708, 0.00460141384974, 0.00882229581475, 0.01866023615, 0.0196362491697, 0.00404552789405, 0.00012501742458], "dmean2": [0.000365547457477, 0.00893720798194, 0.00376273761503, 0.0017341474304, 0.00115019537043, 0.000768293801229, 0.000821197230835, 0.000578099279664, 0.000606667948887, 0.0016957790358, 0.00141657702625, 0.00101363065187, 0.000602232932579, 0.000437876879005, 0.0003230109578, 0.000260315253399, 0.000164835248142, 0.000152594395331, 0.000157310671057, 0.000163758246345, 6.39381105429e-05, 9.72893030848e-05, 0.000195418673684, 0.000205119518796, 0.000209534046007, 6.62649690639e-05, 2.92170898319e-06], "median": [0.000165558158187, 0.0113513628021, 0.000673769041896, 0.000154413530254, 0.000518030836247, 0.000493511441164, 0.000246780575253, 6.76151103107e-05, 7.97657194198e-05, 7.53499261918e-05, 4.36041664216e-05, 3.29718604917e-05, 4.01070028602e-05, 2.55126997217e-05, 2.61236291408e-05, 1.54748922796e-05, 1.71220490301e-05, 2.73356090474e-05, 4.84791380586e-05, 4.39240466221e-05, 1.55003363034e-05, 2.126183972e-05, 5.04704148625e-05, 7.25697973394e-05, 0.000112010726298, 2.14572974073e-05, 5.7995333691e-07], "dvar": [3.58614130391e-07, 0.000335936667398, 0.000102759207948, 2.11921069422e-05, 3.05421190205e-06, 1.21882726489e-06, 1.53855512508e-06, 1.54626559379e-06, 2.56514999819e-06, 1.67083617271e-05, 1.61445495905e-05, 6.43401244815e-06, 1.89753552604e-06, 1.53936071001e-06, 6.73524141348e-07, 8.17635054773e-07, 1.99534113676e-07, 7.9185241475e-08, 6.29005114661e-08, 7.35718330702e-08, 1.69689613472e-08, 4.64783305176e-08, 1.17606035133e-07, 1.87303896837e-07, 1.82093813805e-07, 3.34565228854e-08, 2.08472822338e-11]}, "melbands_skewness": {"dvar2": 4.69476318359, "var": 14.2175827026, "min": -1.26038169861, "dmean": 1.06467914581, "mean": 4.04770183563, "max": 29.5516471863, "dmean2": 1.60816335678, "median": 2.95653676987, "dvar": 2.18202066422}, "barkbands_skewness": {"dvar2": 3.34802889824, "var": 8.61019611359, "min": -3.64987373352, "dmean": 0.77701574564, "mean": 2.73367786407, "max": 30.267282486, "dmean2": 1.16663777828, "median": 1.90650463104, "dvar": 1.55281031132}, "erbbands": {"dvar2": [0.496068954468, 50.4942092896, 260.341918945, 638.510009766, 266.73638916, 93.6429824829, 101.040008545, 261.28213501, 806.211791992, 1177.25622559, 1273.73425293, 3378.50048828, 7434.9375, 62416.2851562, 33551.8945312, 18801.7929688, 7355.64990234, 6086.74169922, 3952.82006836, 2179.0246582, 2997.73535156, 718.388305664, 376.159423828, 335.262817383, 328.201202393, 342.098144531, 106.960494995, 43.9097328186, 197.157180786, 217.90776062, 276.018127441, 154.889251709, 190.896682739, 78.7641525269, 12.5725259781, 3.81489467621, 0.0581721328199, 0.000820095068775, 4.72298637533e-07, 2.38203501368e-09], "var": [0.184165358543, 20.2990036011, 88.7741928101, 125.689460754, 56.337928772, 45.1017417908, 120.878570557, 369.464569092, 755.690551758, 1110.31542969, 1170.22143555, 4976.87890625, 12943.7158203, 83284.625, 70654.0078125, 61001.9726562, 12884.4208984, 11964.6376953, 7804.27441406, 3540.01245117, 4839.86181641, 1679.7779541, 784.988098145, 609.440124512, 573.243713379, 517.337890625, 140.108886719, 33.6183052063, 59.2173538208, 80.8889465332, 147.212112427, 98.4909667969, 156.047317505, 66.9514541626, 10.288069725, 2.47571563721, 0.0342289209366, 0.000602871587034, 3.24778653749e-07, 2.52128939948e-09], "min": [2.51575972072e-22, 1.62683858756e-21, 3.14241108337e-21, 8.45478590873e-21, 3.11062206391e-20, 3.55451270688e-20, 8.03501921284e-20, 9.69227492385e-20, 2.46315723156e-19, 2.90197680501e-19, 3.17229710275e-19, 4.04783133349e-19, 8.77112956639e-19, 6.26694417646e-19, 1.46459162032e-18, 1.62584644823e-18, 2.61543673623e-18, 2.46022539327e-18, 3.66377153018e-18, 3.56891955652e-18, 5.06843008941e-18, 5.59359051671e-18, 4.57120851448e-18, 8.52099097634e-18, 9.9191760201e-18, 9.6226061279e-18, 9.34022569193e-18, 1.06631588066e-17, 1.467776245e-17, 1.29128534991e-17, 1.1155445422e-17, 1.24814448953e-17, 1.00880623129e-17, 8.87215892487e-18, 6.28596054175e-18, 4.70554264596e-18, 2.33699409357e-18, 9.45941621434e-19, 2.75748412013e-19, 2.69472954597e-20], "dmean": [0.135614469647, 1.28798675537, 2.37648820877, 2.85023379326, 2.33952832222, 2.37177705765, 3.30329251289, 4.54590034485, 7.01113176346, 7.31376743317, 7.29727840424, 9.50055122375, 16.4637050629, 45.4172897339, 35.6058311462, 25.480966568, 18.1800765991, 14.5868310928, 13.8805093765, 7.88129615784, 8.15154647827, 5.25942659378, 4.58502006531, 5.25447416306, 4.85270881653, 4.92884111404, 2.08429598808, 1.32605135441, 2.14868831635, 2.82348155975, 3.68153858185, 2.54790663719, 2.40006232262, 1.74160730839, 0.863572657108, 0.280006945133, 0.0549417845905, 0.00784063525498, 0.00017910716997, 1.57409740495e-05], "mean": [0.362804323435, 2.95152139664, 4.09589529037, 2.6227080822, 2.54367184639, 3.92129278183, 7.39608192444, 10.1812639236, 12.5378446579, 12.9721603394, 12.8864431381, 20.5730075836, 34.821346283, 84.8798370361, 75.7804336548, 62.8445396423, 36.8428421021, 29.349313736, 28.9781303406, 15.3708944321, 15.3592433929, 12.283249855, 10.5544242859, 12.1493463516, 11.3865499496, 10.5741014481, 4.65455961227, 2.32451629639, 2.61002111435, 3.97852087021, 5.6810503006, 4.04445695877, 4.35561275482, 3.29184317589, 1.63545930386, 0.455076217651, 0.0956772714853, 0.0140860443935, 0.000338060723152, 5.11800135428e-05], "max": [6.16661643982, 60.4779205322, 179.874740601, 218.120117188, 144.459365845, 105.782180786, 180.331893921, 368.118865967, 692.539245605, 756.217712402, 706.979858398, 1622.79187012, 2210.05175781, 5053.97998047, 6506.58447266, 4196.02783203, 3129.71337891, 2863.15087891, 1585.46533203, 2362.17260742, 2688.97290039, 966.731994629, 591.231079102, 357.358612061, 417.057250977, 728.702514648, 294.615600586, 95.8248214722, 196.720596313, 225.786895752, 295.93560791, 291.970031738, 483.565856934, 281.425323486, 105.11605835, 28.9847888947, 5.93551301956, 0.445699125528, 0.00917159952223, 0.000704782200046], "dmean2": [0.226982727647, 2.10944747925, 3.94599199295, 5.31908273697, 4.33096075058, 4.08279371262, 5.20378065109, 6.82085943222, 11.148938179, 11.4443120956, 11.2255764008, 13.8444671631, 23.7672405243, 70.6039886475, 49.6449966431, 36.4968338013, 27.0178432465, 20.3039112091, 19.7914218903, 11.3224925995, 11.7384634018, 7.45582485199, 6.68502807617, 7.74223661423, 7.1736164093, 7.62991142273, 3.25996041298, 2.09196710587, 3.67163729668, 4.75052595139, 5.92871999741, 4.09751367569, 3.75891709328, 2.73071742058, 1.31690657139, 0.418814361095, 0.0854872390628, 0.0124393887818, 0.000284363748506, 2.38451902987e-05], "median": [0.320763587952, 2.05723071098, 1.65363740921, 0.67303186655, 0.805277109146, 1.68640184402, 3.47509241104, 3.77950191498, 4.23476839066, 3.15415763855, 2.3830974102, 2.66390252113, 3.32891154289, 4.75942373276, 3.97071194649, 2.75175738335, 2.73837828636, 2.19632101059, 2.34035348892, 1.30867314339, 1.16243100166, 1.05853915215, 1.47927105427, 2.59446573257, 2.58245491982, 2.30022239685, 1.05059659481, 0.599617540836, 0.640196919441, 1.0587682724, 1.50525450706, 1.2065423727, 1.36546814442, 1.40567362309, 0.654787838459, 0.124857313931, 0.0372784361243, 0.00599056249484, 0.000155860150699, 3.83163824154e-05], "dvar": [0.175347477198, 20.5834159851, 98.6763534546, 219.036102295, 90.9118270874, 32.9963684082, 39.6418876648, 117.660095215, 330.181396484, 489.802185059, 551.144165039, 1546.55285645, 3868.13525391, 27194.4199219, 19316.1074219, 9942.16894531, 3513.36547852, 3465.39501953, 2059.54418945, 1312.1875, 1641.89782715, 364.692230225, 194.551223755, 158.967681885, 160.88822937, 155.97052002, 44.3995933533, 18.5906620026, 72.5343093872, 82.057434082, 110.18837738, 64.017539978, 84.6337356567, 35.8375701904, 5.40479469299, 1.73852419853, 0.0236990433186, 0.000322400708683, 1.85688321608e-07, 1.10794406982e-09]}, "silence_rate_30dB": {"dvar2": 0.0548944249749, "var": 0.02626157552, "min": 0, "dmean": 0.0251916758716, "mean": 0.973011016846, "max": 1, "dmean2": 0.0503872931004, "median": 1, "dvar": 0.0245598237962}, "melbands_spread": {"dvar2": 263.363464355, "var": 462.387664795, "min": 0.204199939966, "dmean": 5.35661458969, "mean": 20.2801876068, "max": 305.828521729, "dmean2": 8.22386837006, "median": 14.9046735764, "dvar": 120.026031494}, "melbands_crest": {"dvar2": 16.5194034576, "var": 32.7167816162, "min": 1.7957457304, "dmean": 2.35350012779, "mean": 18.6523151398, "max": 38.5483512878, "dmean2": 3.73278880119, "median": 18.4645233154, "dvar": 6.48210763931}, "zerocrossingrate": {"dvar2": 0.000279014202533, "var": 0.00204745563678, "min": 0, "dmean": 0.0110746864229, "mean": 0.0587970763445, "max": 0.5185546875, "dmean2": 0.0135234920308, "median": 0.0517578125, "dvar": 0.000227077165619}, "barkbands_kurtosis": {"dvar2": 2705.68457031, "var": 3588.87207031, "min": -1.98313820362, "dmean": 10.2726955414, "mean": 21.6368904114, "max": 1603.19848633, "dmean2": 16.0141868591, "median": 4.25537919998, "dvar": 1205.44348145}, "spectral_flux": {"dvar2": 0.00311095174402, "var": 0.00432996125892, "min": 6.48186296304e-11, "dmean": 0.0254758466035, "mean": 0.0724088922143, "max": 0.517977952957, "dmean2": 0.0400179885328, "median": 0.0546552464366, "dvar": 0.0015509017976}, "barkbands_crest": {"dvar2": 16.9266910553, "var": 27.5069522858, "min": 2.55038094521, "dmean": 2.27231287956, "mean": 14.4247941971, "max": 26.5263290405, "dmean2": 3.60905218124, "median": 13.8718862534, "dvar": 6.55773210526}, "barkbands_flatness_db": {"dvar2": 0.00138118525501, "var": 0.00569015322253, "min": 0.0323142670095, "dmean": 0.0212321747094, "mean": 0.188074797392, "max": 0.568352341652, "dmean2": 0.0317750945687, "median": 0.172679826617, "dvar": 0.000648871879093}, "spectral_entropy": {"dvar2": 0.117872104049, "var": 0.409280687571, "min": 4.07950162888, "dmean": 0.20252572, "mean": 7.27892398834, "max": 9.82153892517, "dmean2": 0.300585359335, "median": 7.34137964249, "dvar": 0.0588593259454}, "pitch_salience": {"dvar2": 0.0124236186966, "var": 0.018003737554, "min": 0.0331585891545, "dmean": 0.0610599145293, "mean": 0.406025826931, "max": 0.857127845287, "dmean2": 0.0991646423936, "median": 0.408316850662, "dvar": 0.00476546771824}, "erbbands_spread": {"dvar2": 609.779724121, "var": 1158.09387207, "min": 1.10890030861, "dmean": 11.678612709, "mean": 45.4719161987, "max": 225.544631958, "dmean2": 17.8274097443, "median": 36.2477989197, "dvar": 280.304199219}, "dynamic_complexity": 5.24005651474, "spectral_contrast_valleys": {"dvar2": [0.230423152447, 0.188078716397, 0.286646395922, 0.307999819517, 0.280894458294, 0.348244130611], "var": [1.86703836918, 1.72982490063, 2.1647670269, 2.39523506165, 2.43803191185, 2.37842726707], "min": [-27.9220962524, -27.5666542053, -27.4884777069, -27.4303150177, -27.4380741119, -27.3680591583], "dmean": [0.324506372213, 0.304908782244, 0.322584331036, 0.352514028549, 0.326357871294, 0.320660859346], "mean": [-7.31449317932, -7.53940105438, -8.50943756104, -9.22470188141, -8.99465465546, -10.1956558228], "max": [-5.15160894394, -5.02003097534, -5.31038761139, -5.87856674194, -6.08181524277, -6.94160890579], "dmean2": [0.537664592266, 0.498725414276, 0.522005975246, 0.552565038204, 0.48970451951, 0.448534607887], "median": [-7.04047250748, -7.34755134583, -8.2201089859, -8.95315361023, -8.6844997406, -9.85502815247], "dvar": [0.100698627532, 0.0818153992295, 0.124791137874, 0.158281221986, 0.151131510735, 0.204086706042]}, "hfc": {"dvar2": 438.784057617, "var": 723.531188965, "min": 1.07423087416e-16, "dmean": 6.77635478973, "mean": 22.5309696198, "max": 401.636413574, "dmean2": 9.95247554779, "median": 12.1568613052, "dvar": 194.389846802}, "spectral_kurtosis": {"dvar2": 9.47434139252, "var": 28.1787719727, "min": -1.62346386909, "dmean": 1.11134231091, "mean": 3.78180718422, "max": 69.2723846436, "dmean2": 1.73219203949, "median": 2.87822580338, "dvar": 3.79535222054}, "mfcc": {"mean": [-697.504211426, 110.057723999, 44.1951599121, 13.6729326248, 16.3587169647, 1.8857601881, 16.8429794312, 6.23207378387, -2.79085564613, 8.92852306366, 3.5405151844, 0.820624172688, 8.22758293152], "cov": [[12644.625, -912.606567383, -1948.63574219, -425.440216064, -17.924079895, 132.416549683, 633.318847656, 461.510253906, -81.0229797363, 462.532775879, 33.7184524536, 153.035171509, 461.579071045], [-912.606567383, 1106.83398438, 120.822776794, -55.1767997742, -8.0384759903, -108.316246033, 150.060440063, -72.4938430786, -48.3686447144, 25.7980632782, -1.77143788338, -77.9880142212, -32.4270477295], [-1948.63574219, 120.822776794, 1158.35498047, 169.017547607, -11.432803154, 146.640640259, -178.912261963, -38.3030128479, 84.1822357178, -148.118209839, 67.3329849243, 23.3156261444, -95.8433227539], [-425.440216064, -55.1767997742, 169.017547607, 411.364196777, 156.869293213, -91.0503997803, -139.662628174, 50.6305160522, 89.3225326538, -62.0759887695, 11.8523187637, 84.2349472046, -20.8258552551], [-17.924079895, -8.0384759903, -11.432803154, 156.869293213, 345.425598145, -36.0849113464, -98.2001266479, 44.555355072, 104.020706177, 18.4041042328, 14.3755025864, 56.048412323, -0.940938234329], [132.416549683, -108.316246033, 146.640640259, -91.0503997803, -36.0849113464, 399.972137451, 53.9472198486, -35.3237228394, -9.82359981537, 9.05608272552, 49.7456626892, -19.341173172, 26.6264514923], [633.318847656, 150.060440063, -178.912261963, -139.662628174, -98.2001266479, 53.9472198486, 327.456268311, 24.7441425323, -89.0454177856, 92.4777908325, 16.4372119904, -50.0700149536, 41.1451454163], [461.510253906, -72.4938430786, -38.3030128479, 50.6305160522, 44.555355072, -35.3237228394, 24.7441425323, 208.904403687, 48.1637306213, 16.93060112, 18.9922504425, 22.7636528015, 23.4170017242], [-81.0229797363, -48.3686447144, 84.1822357178, 89.3225326538, 104.020706177, -9.82359981537, -89.0454177856, 48.1637306213, 213.595993042, -4.35655927658, 16.4413070679, 42.9161376953, 5.59392404556], [462.532775879, 25.7980632782, -148.118209839, -62.0759887695, 18.4041042328, 9.05608272552, 92.4777908325, 16.93060112, -4.35655927658, 204.874725342, 23.8396015167, -34.1619262695, 19.5395011902], [33.7184524536, -1.77143788338, 67.3329849243, 11.8523187637, 14.3755025864, 49.7456626892, 16.4372119904, 18.9922504425, 16.4413070679, 23.8396015167, 161.470809937, 38.4912757874, -3.12777924538], [153.035171509, -77.9880142212, 23.3156261444, 84.2349472046, 56.048412323, -19.341173172, -50.0700149536, 22.7636528015, 42.9161376953, -34.1619262695, 38.4912757874, 174.620620728, 40.5958366394], [461.579071045, -32.4270477295, -95.8433227539, -20.8258552551, -0.940938234329, 26.6264514923, 41.1451454163, 23.4170017242, 5.59392404556, 19.5395011902, -3.12777924538, 40.5958366394, 138.315933228]], "icov": [[0.000141704964335, 8.50181604619e-05, 0.000176878806087, 5.248990783e-05, 1.44880777952e-06, -6.98895892128e-05, -0.000131927416078, -0.000216830187128, 5.60637374747e-07, -0.000111451117846, -1.25215296976e-06, -0.000133138004458, -0.000178301241249], [8.50181604619e-05, 0.00124493124895, -0.000236623731325, 0.000178624046384, -0.000372389855329, 0.000612700241618, -0.000970267225057, 0.000446625053883, -1.9415620045e-05, 2.62548473984e-05, -0.000115202223242, 0.000346575601725, -0.000143638375448], [0.000176878806087, -0.000236623731325, 0.00157051708084, -0.000461262243334, 0.000480619317386, -0.000854010751937, 0.000462690630229, -0.000319392594974, -0.000358451710781, 0.000409309839597, -0.000425440142862, -0.000165769844898, 0.000452879205113], [5.248990783e-05, 0.000178624046384, -0.000461262243334, 0.00391428545117, -0.00131353572942, 0.000789143901784, 0.000387140666135, -0.000623293162789, -0.00021292627207, 0.000484060117742, -6.54288578517e-06, -0.000988715793937, 0.000196233144379], [1.44880777952e-06, -0.000372389855329, 0.000480619317386, -0.00131353572942, 0.00434295274317, -0.0004307331983, 0.00110255612526, -0.000462305615656, -0.00119618023746, -0.00099513551686, 4.13871612182e-06, -0.000630063062999, 0.000279847794445], [-6.98895892128e-05, 0.000612700241618, -0.000854010751937, 0.000789143901784, -0.0004307331983, 0.00355649366975, -0.0008817895432, 0.000943081569858, -0.000131662003696, 0.000227169322898, -0.000972817535512, 0.000735734589398, -0.00094570935471], [-0.000131927416078, -0.000970267225057, 0.000462690630229, 0.000387140666135, 0.00110255612526, -0.0008817895432, 0.00571238575503, -0.00124511262402, 0.001412529964, -0.00143334281165, -0.000515573832672, 0.000434369692812, -0.000713326269761], [-0.000216830187128, 0.000446625053883, -0.000319392594974, -0.000623293162789, -0.000462305615656, 0.000943081569858, -0.00124511262402, 0.00626113405451, -0.00127526908182, 0.000221823051106, -0.000642838538624, 0.000422413024353, -0.000479461945361], [5.60637374747e-07, -1.9415620045e-05, -0.000358451710781, -0.00021292627207, -0.00119618023746, -0.000131662003696, 0.001412529964, -0.00127526908182, 0.00646874029189, -0.000617829093244, -0.000145440746564, -0.000477699446492, -0.000511361344252], [-0.000111451117846, 2.62548473984e-05, 0.000409309839597, 0.000484060117742, -0.00099513551686, 0.000227169322898, -0.00143334281165, 0.000221823051106, -0.000617829093244, 0.0067189517431, -0.00135430251248, 0.00157043791842, -0.000342816842021], [-1.25215296976e-06, -0.000115202223242, -0.000425440142862, -6.54288578517e-06, 4.13871612182e-06, -0.000972817535512, -0.000515573832672, -0.000642838538624, -0.000145440746564, -0.00135430251248, 0.00759356562048, -0.0023425782565, 0.00118735141587], [-0.000133138004458, 0.000346575601725, -0.000165769844898, -0.000988715793937, -0.000630063062999, 0.000735734589398, 0.000434369692812, 0.000422413024353, -0.000477699446492, 0.00157043791842, -0.0023425782565, 0.00844694022089, -0.00281951902434], [-0.000178301241249, -0.000143638375448, 0.000452879205113, 0.000196233144379, 0.000279847794445, -0.00094570935471, -0.000713326269761, -0.000479461945361, -0.000511361344252, -0.000342816842021, 0.00118735141587, -0.00281951902434, 0.00953534152359]]}, "silence_rate_20dB": {"dvar2": 0, "var": 0, "min": 1, "dmean": 0, "mean": 1, "max": 1, "dmean2": 0, "median": 1, "dvar": 0}, "melbands_kurtosis": {"dvar2": 5902.48095703, "var": 11588.7441406, "min": -1.95464110374, "dmean": 21.8400363922, "mean": 51.757358551, "max": 1360.93493652, "dmean2": 33.4203529358, "median": 14.0933113098, "dvar": 2529.95263672}, "barkbands_spread": {"dvar2": 212.383560181, "var": 339.682556152, "min": 0.0976356416941, "dmean": 6.02366352081, "mean": 22.7942771912, "max": 125.910934448, "dmean2": 9.212266922, "median": 19.9392776489, "dvar": 100.99433136}, "erbbands_skewness": {"dvar2": 0.565296053886, "var": 1.7592420578, "min": -7.00621175766, "dmean": 0.451650977135, "mean": 1.00641739368, "max": 12.5474481583, "dmean2": 0.684031844139, "median": 0.917630493641, "dvar": 0.261858433485}, "average_loudness": 0.746000111103, "spectral_centroid": {"dvar2": 249386.640625, "var": 665165.125, "min": 98.3937606812, "dmean": 218.305755615, "mean": 1192.74023438, "max": 11359.7675781, "dmean2": 330.1847229, "median": 1086.08459473, "dvar": 124998.195312}, "dissonance": {"dvar2": 0.0022946568206, "var": 0.00222403882071, "min": 0.211766913533, "dmean": 0.0308276917785, "mean": 0.431362777948, "max": 0.5, "dmean2": 0.0519617311656, "median": 0.441616714001, "dvar": 0.00083933089627}, "erbbands_flatness_db": {"dvar2": 0.000604019616731, "var": 0.00248429365456, "min": 0.0369779244065, "dmean": 0.0165892113, "mean": 0.151217371225, "max": 0.398794382811, "dmean2": 0.0247664842755, "median": 0.144470587373, "dvar": 0.000271232565865}, "spectral_strongpeak": {"dvar2": 3.80039381981, "var": 4.16426420212, "min": 0, "dmean": 0.511124551296, "mean": 1.10536122322, "max": 15.596988678, "dmean2": 0.865154325962, "median": 0.336054831743, "dvar": 1.62332713604}, "spectral_rms": {"dvar2": 2.70932537205e-06, "var": 5.91291836827e-06, "min": 3.11571797008e-12, "dmean": 0.000662816106342, "mean": 0.00493418611586, "max": 0.0174703132361, "dmean2": 0.00100707146339, "median": 0.00483832368627, "dvar": 1.35986329042e-06}, "silence_rate_60dB": {"dvar2": 0.0290732569993, "var": 0.101183824241, "min": 0, "dmean": 0.0128305433318, "mean": 0.114214189351, "max": 1, "dmean2": 0.0256630927324, "median": 0, "dvar": 0.0126687549055}, "melbands": {"dvar2": [5.51318917132e-05, 4.80817907373e-05, 1.72324980667e-05, 7.00926648278e-07, 1.14306409671e-07, 1.19896142792e-07, 1.66032918969e-07, 1.49900429847e-07, 7.3