{"tonal": {"thpcp": [1, 0.835101127625, 0.427408725023, 0.339987158775, 0.252958714962, 0.200604707003, 0.234878480434, 0.190226301551, 0.107662685215, 0.0842207744718, 0.0744500234723, 0.107086010277, 0.1644975245, 0.149405673146, 0.157832875848, 0.233502730727, 0.21341817081, 0.135592132807, 0.105488523841, 0.125347092748, 0.372310787439, 0.627296924591, 0.415291309357, 0.143284708261, 0.11359385401, 0.109801761806, 0.107686594129, 0.12006033957, 0.146341785789, 0.263232976198, 0.407864511013, 0.374540150166, 0.228515118361, 0.164892330766, 0.226393803954, 0.552409112453], "hpcp": {"dmean2": [0.187092497945, 0.207589879632, 0.133400678635, 0.10146150738, 0.095227457583, 0.0919118374586, 0.0847250968218, 0.0964862182736, 0.153511926532, 0.182733342052, 0.176559880376, 0.161698669195, 0.165188297629, 0.228932514787, 0.324569165707, 0.305204868317, 0.396489858627, 0.301420450211, 0.213180720806, 0.192862570286, 0.158648267388, 0.144320473075, 0.136540398002, 0.11105915904, 0.0899396538734, 0.0771419256926, 0.0761102065444, 0.0932001248002, 0.103863939643, 0.146735057235, 0.164259746671, 0.136353895068, 0.108280643821, 0.0948701128364, 0.121826030314, 0.191501259804], "median": [0.121395289898, 0.0898097455502, 0.0217486619949, 0.0120975980535, 0.0122134834528, 0.0130588691682, 0.0139568727463, 0.0193088911474, 0.0321696251631, 0.0439616590738, 0.0327198505402, 0.0246286764741, 0.0193570815027, 0.0222048033029, 0.124076098204, 0.300887405872, 0.285966575146, 0.0705845654011, 0.0237531401217, 0.0191183798015, 0.0228454843163, 0.0323862284422, 0.0267366748303, 0.0143909603357, 0.00976015999913, 0.0103825936094, 0.0201191082597, 0.0267044976354, 0.0222869776189, 0.0170879475772, 0.022667946294, 0.0262987576425, 0.0217618197203, 0.0152752799913, 0.0169615410268, 0.0657538771629], "min": [0, 0, 0, 0, 0, 0, 0, 0, 0, 0, 0, 0, 0, 0, 0, 0, 0, 0, 0, 0, 0, 0, 0, 0, 0, 0, 0, 0, 0, 0, 0, 0, 0, 0, 0, 0], "dvar2": [0.0767665356398, 0.0865629091859, 0.0663111507893, 0.0530398599803, 0.0536068230867, 0.0562399625778, 0.0480788201094, 0.0523119345307, 0.0836608037353, 0.109817661345, 0.112239614129, 0.0979242324829, 0.0996771678329, 0.133600324392, 0.152962744236, 0.151072636247, 0.17509804666, 0.145095020533, 0.12297026068, 0.116839028895, 0.0892665833235, 0.0717130079865, 0.0740662738681, 0.0632090568542, 0.05153863132, 0.0501463226974, 0.0349649712443, 0.0413930416107, 0.057591561228, 0.103561647236, 0.102356649935, 0.07221686095, 0.0533599592745, 0.049737971276, 0.0592404082417, 0.0837510824203], "dvar": [0.0284524969757, 0.030923685059, 0.023133546114, 0.0192626398057, 0.0190041325986, 0.0193035509437, 0.0167265702039, 0.0181125812232, 0.0300835948437, 0.0427268631756, 0.0405881032348, 0.0336874499917, 0.0353057570755, 0.0478382483125, 0.0560818724334, 0.059992313385, 0.0621963068843, 0.0542436465621, 0.0465172789991, 0.0411890372634, 0.0313801132143, 0.0258872490376, 0.0260121580213, 0.0219972524792, 0.0180463511497, 0.0173721536994, 0.0123360212892, 0.0149610359222, 0.0200490839779, 0.0369876474142, 0.0392590239644, 0.0265830885619, 0.0186757016927, 0.0177437011153, 0.0207503978163, 0.0287720393389], "dmean": [0.110236123204, 0.118687108159, 0.0730500295758, 0.0556707009673, 0.051864836365, 0.0497776903212, 0.0467311404645, 0.0530852973461, 0.0887439548969, 0.105406865478, 0.10056963563, 0.0896280035377, 0.0901466310024, 0.126219853759, 0.185420587659, 0.175872817636, 0.227670252323, 0.170912086964, 0.119824700058, 0.107511714101, 0.0889384075999, 0.0815235450864, 0.0760187506676, 0.060059428215, 0.0482804402709, 0.0414376147091, 0.0431268587708, 0.0536797009408, 0.0582312867045, 0.0807347670197, 0.0938558205962, 0.0776544362307, 0.0599349588156, 0.0517796464264, 0.0664138942957, 0.108310073614], "max": [1, 1, 1, 1, 1, 1, 1, 1, 1, 1, 1, 1, 1, 1, 1, 1, 1, 1, 1, 1, 1, 1, 1, 1, 1, 1, 1, 1, 1, 1, 1, 1, 1, 1, 1, 1], "var": [0.115489460528, 0.0471815131605, 0.0177562925965, 0.0160361137241, 0.01532721892, 0.0182887520641, 0.0177822224796, 0.0255376268178, 0.0401605851948, 0.0865251496434, 0.0799898132682, 0.0397476740181, 0.02626365982, 0.0394200235605, 0.080144405365, 0.159798726439, 0.109699547291, 0.0709959566593, 0.0777378976345, 0.0485509298742, 0.0319307781756, 0.0386501252651, 0.0267082639039, 0.0141769545153, 0.0116590978578, 0.0105201546103, 0.00958183966577, 0.0213115606457, 0.0198465604335, 0.027282115072, 0.0450184233487, 0.0326586924493, 0.0142119359225, 0.0132090039551, 0.0151576809585, 0.0470967963338], "mean": [0.282743513584, 0.187185555696, 0.0645831674337, 0.0512005165219, 0.0494912937284, 0.0485379174352, 0.0541151762009, 0.0659610927105, 0.118647836149, 0.183838054538, 0.168817669153, 0.102999337018, 0.0743224397302, 0.102043196559, 0.248989090323, 0.450733155012, 0.376407772303, 0.192647278309, 0.153243482113, 0.114016875625, 0.0904191955924, 0.105867519975, 0.0857413038611, 0.0485271401703, 0.0379610955715, 0.0335570946336, 0.0482672154903, 0.0741444900632, 0.0673420876265, 0.0711405128241, 0.105247423053, 0.0961946472526, 0.0611158683896, 0.0475471764803, 0.0564980879426, 0.167812809348]}, "tuning_equal_tempered_deviation": 0.130862891674, "chords_changes_rate": 0.0657568201423, "key_key": "G", "tuning_diatonic_strength": 0.548091828823, "key_scale": "minor", "chords_number_rate": 0.00206782459281, "tuning_frequency": 438.477722168, "tuning_nontempered_energy_ratio": 0.782060742378, "chords_histogram": [3.22580647469, 0.0827129855752, 4.48717927933, 5.25227451324, 7.29942083359, 1.15798175335, 0.310173690319, 29.1976833344, 6.61703872681, 24.7105045319, 0, 0, 0.578990876675, 0.496277928352, 0.0827129855752, 0, 0, 0, 0, 0.16542597115, 0, 3.12241530418, 13.2133998871, 0], "key_strength": 0.651439368725, "chords_key": "G", "chords_strength": {"dmean2": 0.00922165066004, "median": 0.462330669165, "min": 0.234383091331, "dvar2": 9.73197020357e-05, "dvar": 7.71833147155e-05, "dmean": 0.00950049329549, "max": 0.705547809601, "var": 0.0071520274505, "mean": 0.468269854784}, "chords_scale": "major", "hpcp_entropy": {"dmean2": 1.11432027817, "median": 2.04543995857, "min": 0, "dvar2": 0.943549454212, "dvar": 0.368595778942, "dmean": 0.6725923419, "max": 4.5672955513, "var": 0.871105968952, "mean": 2.07458257675}}, "metadata": {"audio_properties": {"equal_loudness": 0, "codec": "flac", "downmix": "mix", "sample_rate": 44100, "analysis_sample_rate": 44100, "bit_rate": 0, "md5_encoded": "387436f057a33b96766421f1fa802182", "length": 224.493331909, "replay_gain": -10.5672512054, "lossless": true}, "version": {"essentia_build_sha": "70f2e5ece6736b2c40cc944ad0e695b16b925413", "essentia": "2.1-beta2", "extractor": "music 1.0", "essentia_git_sha": "v2.1_beta2"}, "tags": {"title": ["Thinking I'm Green"], "media": ["CD"], "albumartist": ["Kranktus"], "tracktotal": ["9"], "musicbrainz_releasegroupid": ["db86fea4-ef8f-45a1-828e-80a6f02b778e"], "releasetype": ["album"], "musicbrainz_recordingid": ["1b9f1e4f-2c8f-490d-b309-52316dd6172f"], "musicbrainz_albumartistid": ["836f2700-ff39-44a2-8b45-c3a0789614fb"], "musicbrainz_releasetrackid": ["486662f7-6bde-4817-81d6-9eb7c5a802a7"], "discnumber": ["1"], "totaldiscs": ["1"], "album": ["Virus"], "catalognumber": ["BAS003"], "releasecountry": ["AU"], "file_name": "02_Thinking_Im_Green.flac", "albumartistsort": ["Kranktus"], "date": ["1996"], "genre": ["Australia; Male Vocal; South Australia"], "disctotal": ["1"], "musicbrainz_artistid": ["836f2700-ff39-44a2-8b45-c3a0789614fb"], "originaldate": ["1996"], "musicbrainz_albumid": ["31a8965f-c617-48bc-8514-017af39aa74c"], "tracknumber": ["2"], "artistsort": ["Kranktus"], "artist": ["Kranktus"], "label": ["Bastard Records"], "releasestatus": ["official"], "acoustid_id": ["454d1a88-0aee-4d24-b32b-f4ad840a1e35"], "script": ["Latn"], "totaltracks": ["9"]}}, "rhythm": {"bpm_histogram_first_peak_bpm": {"dmean2": 0, "median": 136, "min": 136, "dvar2": 0, "dvar": 0, "dmean": 0, "max": 136, "var": 0, "mean": 136}, "bpm": 136.404159546, "bpm_histogram_second_peak_spread": {"dmean2": 0, "median": 0.487179517746, "min": 0.487179517746, "dvar2": 0, "dvar": 0, "dmean": 0, "max": 0.487179517746, "var": 0, "mean": 0.487179517746}, "bpm_histogram_first_peak_weight": {"dmean2": 0, "median": 0.239215686917, "min": 0.239215686917, "dvar2": 0, "dvar": 0, "dmean": 0, "max": 0.239215686917, "var": 0, "mean": 0.239215686917}, "onset_rate": 2.16913223267, "beats_position": [0.522448956966, 0.96362811327, 1.39319729805, 1.83437633514, 2.27555561066, 2.71673464775, 3.15791368484, 3.59909296036, 4.04027223587, 4.46984100342, 4.8994102478, 5.34058952332, 5.78176879883, 6.2229475975, 6.66412687302, 7.10530614853, 7.5464849472, 7.97605419159, 8.40562343597, 8.84680271149, 9.26476192474, 9.682721138, 10.1122903824, 10.5534696579, 10.9946479797, 11.4242172241, 11.8653964996, 12.294965744, 12.7245349884, 13.1541042328, 13.5952835083, 14.0248527527, 14.4660310745, 14.90721035, 15.3483896255, 15.7895689011, 16.2307472229, 16.6719264984, 17.1131057739, 17.5658950806, 18.0186843872, 18.4598636627, 18.9010429382, 19.3422222137, 19.7834014893, 20.2245807648, 20.6657600403, 21.1069393158, 21.548116684, 21.9892959595, 22.430475235, 22.8716545105, 23.312833786, 23.7540130615, 24.195192337, 24.6363716125, 25.0775508881, 25.5187301636, 25.9599094391, 26.4010887146, 26.8190479279, 27.2370071411, 27.6433563232, 28.0729255676, 28.5024929047, 28.932062149, 29.3500213623, 29.7679805756, 30.1859397888, 30.6038990021, 31.0218582153, 31.4398174286, 31.8461666107, 32.2525177002, 32.6588668823, 33.0652160645, 33.4831733704, 33.901134491, 34.3074836731, 34.7138328552, 35.1317901611, 35.5497512817, 35.9561004639, 36.362449646, 36.7804069519, 37.1983680725, 37.5931053162, 37.9878463745, 38.3825836182, 38.7889328003, 39.1952819824, 39.5900230408, 39.9847602844, 40.3678894043, 40.7510185242, 41.1457595825, 41.5288887024, 41.88879776, 42.2603149414, 42.6202278137, 42.9801368713, 43.3284339905, 43.6767349243, 44.0134239197, 44.350112915, 44.6984100342, 45.0351028442, 45.3717918396, 45.7200889587, 46.0683898926, 46.4166870117, 46.7649879456, 47.1016769409, 47.4499778748, 47.7982749939, 48.1465759277, 48.4832649231, 48.8315620422, 49.1682548523, 49.5049438477, 49.8532409668, 50.1899299622, 50.6891593933, 51.2000007629, 51.6992263794, 52.2681159973, 52.8253974915, 53.3942832947, 53.9515647888, 54.5088424683, 55.0777320862, 55.6466217041, 56.2155075073, 56.7960090637, 57.3765068054, 57.9453964233, 58.5142860413, 59.0715637207, 59.6520614624, 60.2325630188, 60.8130607605, 61.2658500671, 61.7186393738, 62.1830368042, 62.6590461731, 63.1234474182, 63.5994529724, 64.1102905273, 64.621131897, 65.1203613281, 65.6195907593, 66.1304321289, 66.6412658691, 67.1521072388, 67.6629486084, 68.1737823486, 68.6265716553, 69.0793609619, 69.5321502686, 69.9849395752, 70.4261245728, 70.8673019409, 71.2968673706, 71.7496566772, 72.2140579224, 72.666847229, 73.1196365356, 73.5608139038, 74.001991272, 74.4431762695, 74.8843536377, 75.3255310059, 75.766708374, 76.2078933716, 76.6490707397, 77.0902481079, 77.5198135376, 77.9493865967, 78.3789520264, 78.8085250854, 79.2380905151, 79.6676635742, 80.0972290039, 80.526802063, 80.9563674927, 81.3975524902, 81.8387298584, 82.2799072266, 82.7210845947, 83.1622695923, 83.6034469604, 84.0562362671, 84.4974136353, 84.9385910034, 85.3797683716, 85.8209533691, 86.2621307373, 86.7033081055, 87.1444854736, 87.5856704712, 88.0384597778, 88.4912490845, 88.9556427002, 89.3968200684, 89.8380050659, 90.2791824341, 90.7203598022, 91.1615371704, 91.602722168, 92.0438995361, 92.4734649658, 92.9030380249, 93.3326034546, 93.7621765137, 94.1917419434, 94.6213150024, 95.0508804321, 95.4804534912, 95.9100189209, 96.33959198, 96.7691574097, 97.2103347778, 97.6515197754, 98.0810852051, 98.4990463257, 98.9170074463, 99.3349609375, 99.7529220581, 100.170883179, 100.588844299, 101.030021667, 101.447982788, 101.865936279, 102.2838974, 102.690246582, 103.096595764, 103.514556885, 103.932518005, 104.350471497, 104.756820679, 105.163169861, 105.569519043, 105.975868225, 106.393829346, 106.800178528, 107.20652771, 107.624488831, 108.030838013, 108.437187195, 108.855148315, 109.261497498, 109.66784668, 110.074195862, 110.480545044, 110.886894226, 111.293243408, 111.687980652, 112.082717896, 112.500679016, 112.907028198, 113.290153503, 113.6616745, 114.033195496, 114.393104553, 114.753013611, 115.112922668, 115.472831726, 115.821128845, 116.169433594, 116.517730713, 116.866027832, 117.22593689, 117.585845947, 117.934150696, 118.282447815, 118.630744934, 118.990653992, 119.338951111, 119.698867798, 120.047164917, 120.407073975, 120.766983032, 121.12689209, 121.486801147, 121.835098267, 122.357551575, 122.891609192, 123.483718872, 124.075828552, 124.656326294, 125.225212097, 125.805709839, 126.374603271, 126.943489075, 127.523986816, 128.104492188, 128.6849823, 129.265487671, 129.834381104, 130.403259277, 130.983764648, 131.575866699, 132.167984009, 132.748474121, 133.328979492, 133.77015686, 134.234558105, 134.698959351, 135.163360596, 135.639358521, 136.115371704, 136.591384888, 137.055786133, 137.520172119, 137.984573364, 138.437362671, 138.901763916, 139.354553223, 139.842178345, 140.31817627, 140.805801392, 141.270202637, 141.734603882, 142.199005127, 142.663391113, 143.127792358, 143.568969727, 144.033370972, 144.497772217, 144.938949585, 145.380126953, 145.82131958, 146.262496948, 146.703674316, 147.144851685, 147.586029053, 148.027206421, 148.468383789, 148.909561157, 149.350738525, 149.791931152, 150.233108521, 150.685897827, 151.138687134, 151.579864502, 152.02104187, 152.462219238, 152.903396606, 153.344573975, 153.785751343, 154.226928711, 154.668121338, 155.109298706, 155.550476074, 155.980041504, 156.409606934, 156.850784302, 157.291976929, 157.837631226, 158.39491272, 158.952194214, 159.486251831, 160.020309448, 160.496322632, 160.983947754, 161.471557617, 161.959182739, 162.423583984, 162.887985229, 163.352371216, 163.805160522, 164.257949829, 164.699142456, 165.140319824, 165.581497192, 166.022674561, 166.463851929, 166.905029297, 167.334594727, 167.775772095, 168.228561401, 168.681350708, 169.134140015, 169.575332642, 170.028121948, 170.480911255, 170.910476685, 171.340042114, 171.781219482, 172.210784912, 172.640365601, 173.058319092, 173.476272583, 173.871017456, 174.288970947, 174.706939697, 175.124893188, 175.519638062, 175.925979614, 176.332336426, 176.72706604, 177.121810913, 177.516555786, 177.9112854, 178.306030273, 178.700775146, 179.095504761, 179.490249634, 179.884979248, 180.268112183, 180.662857056, 181.05758667, 181.452331543, 181.847076416, 182.253417969, 182.65977478, 183.031295776, 183.414413452, 183.809158325, 184.19229126, 184.552200317, 184.912109375, 185.272018433, 185.620315552, 185.957000732, 186.305297852, 186.653594971, 187.001907349, 187.338592529, 187.686889648, 188.035186768, 188.371871948, 188.708572388, 189.056869507, 189.393554688, 189.730239868, 190.078552246, 190.415237427, 190.751922607, 191.100219727, 191.436920166, 191.773605347, 192.110290527, 192.446975708, 192.783676147, 193.282897949, 193.793731689, 194.304580688, 194.873458862, 195.453964233, 196.022857666, 196.59173584, 197.160629272, 197.717910767, 198.275192261, 198.832473755, 199.38973999, 199.947021484, 200.504302979, 201.061584473, 201.630477905, 202.187744141, 202.756637573, 203.313919067, 203.8828125, 204.474914551, 205.06703186, 205.508209229, 205.937774658, 206.378952026, 206.785308838, 207.191650391, 207.598007202, 208.004348755, 208.410705566, 208.817047119, 209.211791992, 209.606521606, 209.989654541, 210.372787476, 210.76751709, 211.150650024, 211.545394897, 211.928527832, 212.323257446, 212.776046753, 213.217224121, 213.658401489, 214.099594116, 214.540771484, 214.970336914, 215.411514282, 215.864303589, 216.317092896, 216.781494141, 217.245895386, 217.721893311, 218.197906494, 218.650695801, 219.103485107, 219.556274414, 219.985839844, 220.415420532, 220.844985962, 221.274551392, 221.692520142, 222.110473633, 222.528427124, 222.958007812, 223.387573242, 223.817138672], "beats_loudness": {"dmean2": 0.0218707062304, "median": 0.0336871445179, "min": 2.23550653544e-08, "dvar2": 0.000565256166738, "dvar": 0.000186629491509, "dmean": 0.0129582788795, "max": 0.104096420109, "var": 0.00059730821522, "mean": 0.0356242395937}, "danceability": 1.06013429165, "bpm_histogram_second_peak_weight": {"dmean2": 0, "median": 0.0784313753247, "min": 0.0784313753247, "dvar2": 0, "dvar": 0, "dmean": 0, "max": 0.0784313753247, "var": 0, "mean": 0.0784313753247}, "beats_count": 511, "bpm_histogram_second_peak_bpm": {"dmean2": 0, "median": 144, "min": 144, "dvar2": 0, "dvar": 0, "dmean": 0, "max": 144, "var": 0, "mean": 144}, "bpm_histogram_first_peak_spread": {"dmean2": 0, "median": 0.404878079891, "min": 0.404878079891, "dvar2": 0, "dvar": 0, "dmean": 0, "max": 0.404878079891, "var": 0, "mean": 0.404878079891}, "beats_loudness_band_ratio": {"dmean2": [0.25817412138, 0.238776311278, 0.10628413409, 0.0913358479738, 0.0593926198781, 0.042711161077], "median": [0.624308466911, 0.13841637969, 0.0731989443302, 0.0475904792547, 0.0576962530613, 0.0260739643127], "min": [0.0189637858421, 0.00112264207564, 0.000414336158428, 3.32797426381e-05, 1.24828638945e-05, 6.13732845522e-06], "dvar2": [0.0417865887284, 0.0356597490609, 0.0183970928192, 0.014452598989, 0.00454375660047, 0.00289319921285], "dvar": [0.0145784607157, 0.0103281382471, 0.00643179100007, 0.00513661745936, 0.00158245535567, 0.000945399573538], "dmean": [0.147551834583, 0.128093212843, 0.0622886940837, 0.0514315590262, 0.0345189161599, 0.0239451061934], "max": [0.98514097929, 0.686007976532, 0.684824824333, 0.76252758503, 0.368429899216, 0.306852787733], "var": [0.0645401999354, 0.0158664453775, 0.014641854912, 0.0139095699415, 0.00237437733449, 0.00219980301335], "mean": [0.563142299652, 0.163552567363, 0.116686485708, 0.0910435467958, 0.0669689700007, 0.0443578772247]}}, "lowlevel": {"barkbands_spread": {"dmean2": 7.99667787552, "median": 17.8566188812, "min": 0.39400228858, "dvar2": 103.460533142, "dvar": 44.7152824402, "dmean": 5.23728895187, "max": 121.211738586, "var": 229.14894104, "mean": 22.5456371307}, "melbands_spread": {"dmean2": 8.4679479599, "median": 16.7782516479, "min": 0.471843510866, "dvar2": 115.270904541, "dvar": 46.6490020752, "dmean": 5.40771865845, "max": 149.594223022, "var": 155.096847534, "mean": 18.8433265686}, "hfc": {"dmean2": 5.99691200256, "median": 12.0476083755, "min": 1.13214873716e-16, "dvar2": 101.287277222, "dvar": 45.4864578247, "dmean": 4.04952526093, "max": 113.417488098, "var": 373.892944336, "mean": 20.0978946686}, "barkbands_kurtosis": {"dmean2": 4.15033102036, "median": 2.03102588654, "min": -1.7581025362, "dvar2": 59.5851402283, "dvar": 23.6330184937, "dmean": 2.60961103439, "max": 130.757141113, "var": 73.8909835815, "mean": 4.76605319977}, "gfcc": {"mean": [-37.2406005859, 123.136901855, -121.125823975, 31.6682357788, -27.1419048309, -12.9352655411, -19.6214466095, 0.894931793213, -17.0067958832, -3.61774015427, -17.9727191925, -3.99199128151, -10.0243053436], "icov": [[9.89182080957e-05, -3.93333430111e-05, 0.000159603354405, -0.000163250442711, -7.77419263613e-05, -0.00024307698186, 0.000102108249848, -0.000208877099794, 0.000200068825507, -0.000131912267534, 0.000588914030232, -0.000548476760741, 0.000400741759222], [-3.93333430111e-05, 0.00194290524814, 0.000112473724585, -0.000223144743359, -0.000626959430519, 0.0021572932601, -0.00141042820178, 0.00125774391927, -0.00247523374856, 0.0035218889825, -0.00324646546505, 0.00286977435462, -0.00171240721829], [0.000159603354405, 0.000112473724585, 0.00202104169875, -0.000532228557859, -0.00214043818414, -0.00158921570983, 0.00317290215753, -0.00188146694563, 0.000559090229217, 0.000869728683028, -4.47018210252e-05, -0.0010022710776, 0.000248576106969], [-0.000163250442711, -0.000223144743359, -0.000532228557859, 0.00465755490586, -0.00011946993618, -0.00178207422141, 0.00137361930683, -5.61522347198e-06, -0.00227112253197, 0.000691887922585, -0.00126744410954, 0.00158622593153, -9.33187984629e-05], [-7.77419263613e-05, -0.000626959430519, -0.00214043818414, -0.00011946993618, 0.00924335885793, 0.00155303662177, -0.0067626950331, 0.00014582942822, 0.000787332712207, -0.00389162218198, -0.00010542930977, 0.00486645940691, -0.00177479640115], [-0.00024307698186, 0.0021572932601, -0.00158921570983, -0.00178207422141, 0.00155303662177, 0.0125398384407, -0.00554329389706, -0.0012549435487, -0.00338063179515, 0.00462852185592, 0.000463127566036, -0.00686244107783, 0.00517193693668], [0.000102108249848, -0.00141042820178, 0.00317290215753, 0.00137361930683, -0.0067626950331, -0.00554329389706, 0.0173822268844, -0.00518508302048, -0.00298640527762, 0.00589086068794, -0.00314878765494, -0.0036249908153, -0.000815360690467], [-0.000208877099794, 0.00125774391927, -0.00188146694563, -5.61522347198e-06, 0.00014582942822, -0.0012549435487, -0.00518508302048, 0.0168872121722, -0.00320402090438, -0.00677052047104, 0.00459131598473, 0.00334709417075, -0.00533453235403], [0.000200068825507, -0.00247523374856, 0.000559090229217, -0.00227112253197, 0.000787332712207, -0.00338063179515, -0.00298640527762, -0.00320402090438, 0.0205792170018, -0.0113953184336, -0.000238437874941, 0.00281221582554, -0.00219981907867], [-0.000131912267534, 0.0035218889825, 0.000869728683028, 0.000691887922585, -0.00389162218198, 0.00462852185592, 0.00589086068794, -0.00677052047104, -0.0113953184336, 0.031886767596, -0.0152679756284, 0.00235657976009, 0.00691603450105], [0.000588914030232, -0.00324646546505, -4.47018210252e-05, -0.00126744410954, -0.00010542930977, 0.000463127566036, -0.00314878765494, 0.00459131598473, -0.000238437874941, -0.0152679756284, 0.0356269553304, -0.0226339492947, 0.00881031062454], [-0.000548476760741, 0.00286977435462, -0.0010022710776, 0.00158622593153, 0.00486645940691, -0.00686244107783, -0.0036249908153, 0.00334709417075, 0.00281221582554, 0.00235657976009, -0.0226339492947, 0.0414725653827, -0.0218361206353], [0.000400741759222, -0.00171240721829, 0.000248576106969, -9.33187984629e-05, -0.00177479640115, 0.00517193693668, -0.000815360690467, -0.00533453235403, -0.00219981907867, 0.00691603450105, 0.00881031062454, -0.0218361206353, 0.031365852803]], "cov": [[22786.3886719, -6099.59765625, 1436.78942871, 984.014770508, -948.742370605, 2013.71533203, -640.815063477, 728.388000488, -524.608642578, 184.670150757, -546.254699707, 532.753662109, -464.281311035], [-6099.59765625, 5438.61865234, -2108.92993164, -430.982299805, 718.508117676, -1294.40734863, 782.43560791, -510.612945557, 453.878540039, -271.42086792, 316.673278809, -342.903045654, 341.879241943], [1436.78942871, -2108.92993164, 1887.36975098, 330.000030518, -94.8410797119, 580.440002441, -386.641601562, 301.564544678, -154.69468689, 124.268745422, -126.929359436, 111.455375671, -132.311553955], [984.014770508, -430.982299805, 330.000030518, 344.855865479, -27.2709274292, 186.993133545, -66.8872299194, 79.9349517822, 15.0933561325, 37.6747512817, -20.6073932648, 21.5274429321, -44.6843948364], [-948.742370605, 718.508117676, -94.8410797119, -27.2709274292, 311.169250488, -157.420700073, 163.990905762, -5.6485209465, 94.7568435669, -1.03792822361, 42.1856956482, -71.329864502, 44.2522888184], [2013.71533203, -1294.40734863, 580.440002441, 186.993133545, -157.420700073, 500.160217285, -104.487228394, 163.030227661, -74.3856124878, 43.8719520569, -59.7368507385, 134.399154663, -71.353263855], [-640.815063477, 782.43560791, -386.641601562, -66.8872299194, 163.990905762, -104.487228394, 268.804351807, -27.8356533051, 98.6773223877, -47.1886520386, 63.8403968811, -9.83009529114, 75.0809402466], [728.388000488, -510.612945557, 301.564544678, 79.9349517822, -5.6485209465, 163.030227661, -27.8356533051, 161.831130981, 1.73196172714, 50.3157501221, -36.7892570496, 26.8822116852, -21.6615276337], [-524.608642578, 453.878540039, -154.69468689, 15.0933561325, 94.7568435669, -74.3856124878, 98.6773223877, 1.73196172714, 132.448120117, 22.2140522003, 45.1095466614, -30.8709754944, 23.4683666229], [184.670150757, -271.42086792, 124.268745422, 37.6747512817, -1.03792822361, 43.8719520569, -47.1886520386, 50.3157501221, 22.2140522003, 93.8555603027, 13.7733573914, 1.67748308182, -39.8500785828], [-546.254699707, 316.673278809, -126.929359436, -20.6073932648, 42.1856956482, -59.7368507385, 63.8403968811, -36.7892570496, 45.1095466614, 13.7733573914, 88.6708221436, 17.5223312378, 20.270866394], [532.753662109, -342.903045654, 111.455375671, 21.5274429321, -71.329864502, 134.399154663, -9.83009529114, 26.8822116852, -30.8709754944, 1.67748308182, 17.5223312378, 105.1042099, 17.4867038727], [-464.281311035, 341.879241943, -132.311553955, -44.6843948364, 44.2522888184, -71.353263855, 75.0809402466, -21.6615276337, 23.4683666229, -39.8500785828, 20.270866394, 17.4867038727, 86.8438110352]]}, "spectral_energyband_middle_low": {"dmean2": 0.00889219902456, "median": 0.00738292606547, "min": 3.02517529618e-22, "dvar2": 0.000371907866793, "dvar": 0.000136114933412, "dmean": 0.00534095009789, "max": 0.122302085161, "var": 0.000157974602189, "mean": 0.0109614115208}, "melbands_crest": {"dmean2": 4.52715682983, "median": 15.823589325, "min": 1.87732112408, "dvar2": 17.8784389496, "dvar": 6.57902097702, "dmean": 2.78189992905, "max": 38.9274673462, "var": 28.6674728394, "mean": 16.1075572968}, "spectral_kurtosis": {"dmean2": 5.73288822174, "median": 4.32825279236, "min": -1.224132061, "dvar2": 73.4950866699, "dvar": 24.1100006104, "dmean": 3.2493994236, "max": 165.038665771, "var": 132.983657837, "mean": 7.40866804123}, "spectral_rms": {"dmean2": 0.0014155593235, "median": 0.00504146330059, "min": 3.17655298766e-12, "dvar2": 5.91132857153e-06, "dvar": 2.21130608224e-06, "dmean": 0.000888878130354, "max": 0.01804776676, "var": 5.80665164307e-06, "mean": 0.00497829727829}, "zerocrossingrate": {"dmean2": 0.0105484509841, "median": 0.04833984375, "min": 0, "dvar2": 0.00034025972127, "dvar": 0.000188123376574, "dmean": 0.00875179376453, "max": 0.5263671875, "var": 0.00148838199675, "mean": 0.0547522827983}, "silence_rate_60dB": {"dmean2": 0.0239966902882, "median": 0, "min": 0, "dvar2": 0.0279734358191, "dvar": 0.0118541391566, "dmean": 0.0119971036911, "max": 1, "var": 0.0674093589187, "mean": 0.0726990699768}, "erbbands_kurtosis": {"dmean2": 0.703644394875, "median": -0.548760175705, "min": -1.66700041294, "dvar2": 0.82668286562, "dvar": 0.377709507942, "dmean": 0.446013271809, "max": 39.170841217, "var": 4.57746553421, "mean": -0.155803352594}, "erbbands": {"dmean2": [0.132692694664, 1.92332231998, 8.97539424896, 17.5858612061, 13.6954727173, 11.8879652023, 8.84490585327, 7.39528608322, 9.61201190948, 10.7535705566, 12.1994600296, 7.04113912582, 16.2094192505, 16.5776252747, 16.0561351776, 11.2497968674, 12.3788127899, 15.8542098999, 12.96043396, 11.7954788208, 17.3184700012, 19.8822040558, 14.2038574219, 10.43176651, 8.02567672729, 6.1207947731, 5.39656591415, 5.66993188858, 4.22540140152, 2.41155552864, 1.43333411217, 1.19681668282, 0.880901873112, 0.65467941761, 0.387134343386, 0.214050114155, 0.0921434909105, 0.0411805659533, 0.00692360149696, 0.000414859328885], "median": [0.0500494539738, 1.00979304314, 4.01536941528, 8.06471443176, 3.8208656311, 3.2460231781, 6.73926353455, 5.4816660881, 5.64809131622, 7.52015972137, 11.5251197815, 6.13146305084, 8.80480384827, 8.58772277832, 11.1755580902, 7.5195684433, 6.05823898315, 11.2401561737, 8.04460906982, 10.6711788177, 18.5956535339, 19.1261367798, 14.533782959, 11.0281791687, 5.73799991608, 2.48411631584, 1.64510130882, 1.0241137743, 0.680082559586, 0.116393610835, 0.0209393799305, 0.00966315530241, 0.00235967547633, 0.00079399405513, 0.000317737343721, 0.000137882947456, 5.6741933804e-05, 1.67244579643e-05, 2.48641626968e-05, 4.4946296839e-05], "min": [3.4248437852e-22, 2.58562725045e-21, 3.67321506349e-21, 6.59285889542e-21, 4.33483806138e-20, 3.76443660607e-20, 1.06495923725e-19, 1.60929371115e-19, 2.64045202212e-19, 2.74708697682e-19, 6.60439405831e-19, 5.73109916058e-19, 8.14298980573e-19, 9.95720730312e-19, 1.62388220447e-18, 1.46517778118e-18, 1.85134580938e-18, 3.3153789794e-18, 3.08739952398e-18, 2.32554736146e-18, 6.62066800968e-18, 6.26638572614e-18, 5.60513754447e-18, 6.93773502387e-18, 4.91605845749e-18, 1.07619340979e-17, 1.25382374618e-17, 9.21821655158e-18, 1.49812980302e-17, 1.55600349457e-17, 1.49088121931e-17, 1.19392346212e-17, 1.10923406403e-17, 9.12444653016e-18, 6.40146473376e-18, 4.21925598514e-18, 2.38191620468e-18, 9.89278130714e-19, 2.67310239187e-19, 3.14819997441e-20], "dvar2": [0.141200959682, 20.2795791626, 522.065979004, 1421.39196777, 1703.23303223, 1794.86096191, 187.489120483, 150.191955566, 565.790344238, 464.722290039, 277.875671387, 195.017684937, 1557.76000977, 2227.4855957, 1278.22583008, 936.40411377, 1705.78063965, 1214.05847168, 1232.39855957, 783.448852539, 870.286621094, 1065.50708008, 477.254699707, 250.12789917, 190.475814819, 139.20803833, 93.7333908081, 105.513000488, 61.6897621155, 25.6625614166, 11.7583732605, 8.34251403809, 3.82480335236, 2.56240701675, 0.88325625658, 0.254030913115, 0.0531334094703, 0.0109102753922, 0.000276930019027, 9.83849986369e-07], "dvar": [0.0542370006442, 7.33280229568, 186.963638306, 502.437530518, 633.581542969, 630.591064453, 77.9151687622, 56.1807327271, 224.047088623, 182.807388306, 118.01651001, 72.3440322876, 613.329528809, 846.233764648, 421.61517334, 384.199066162, 697.156616211, 463.575714111, 504.795898438, 334.463287354, 375.740936279, 395.945617676, 172.396453857, 91.8296051025, 72.7799072266, 54.7586174011, 35.7765426636, 41.0742835999, 24.0634994507, 10.8114891052, 4.94633197784, 3.99492406845, 2.03013801575, 1.30586731434, 0.487544119358, 0.149113252759, 0.0314351245761, 0.00545870978385, 0.000130177621031, 4.57278133581e-07], "dmean": [0.0830789804459, 1.18123698235, 5.23745107651, 10.4484615326, 8.16384029388, 6.77068853378, 5.68026161194, 4.47096061707, 5.9041466713, 6.64041280746, 7.83686161041, 4.28259563446, 9.99357700348, 9.9905538559, 9.46175956726, 7.006752491, 7.64192438126, 9.86517810822, 7.98033094406, 7.3156003952, 10.5608682632, 11.8195428848, 8.51200294495, 6.25280666351, 4.9359164238, 3.75425338745, 3.30004692078, 3.44805312157, 2.62005376816, 1.55631625652, 0.965647280216, 0.833085000515, 0.636423408985, 0.462848871946, 0.278338253498, 0.157644838095, 0.0676762387156, 0.0275795590132, 0.00443982239813, 0.000268262811005], "max": [2.94196271896, 43.189201355, 180.168151855, 287.695373535, 287.996429443, 328.039642334, 182.59375, 182.388290405, 391.866790771, 333.970031738, 289.527008057, 224.851959229, 868.014770508, 630.971740723, 683.587585449, 727.260986328, 913.012390137, 489.18057251, 603.722961426, 927.550170898, 831.877624512, 460.057861328, 217.447250366, 158.856292725, 173.896743774, 192.499237061, 106.25907135, 178.005401611, 88.5167312622, 62.3866729736, 53.0122108459, 33.4893302917, 25.9810523987, 21.0136985779, 14.0655536652, 6.89787912369, 2.65510678291, 1.33276832104, 0.155414149165, 0.0100873187184], "var": [0.056632488966, 8.92937660217, 154.613006592, 545.339050293, 557.547790527, 426.261413574, 190.196990967, 92.8733444214, 332.793701172, 295.780059814, 297.853637695, 117.406539917, 1304.34802246, 1755.24841309, 3556.8828125, 860.840515137, 1193.1217041, 1189.51953125, 1158.71008301, 884.350769043, 1143.04736328, 1194.17993164, 595.264709473, 360.656616211, 284.706176758, 251.183227539, 169.046401978, 216.23664856, 115.255905151, 45.0178184509, 18.7567386627, 11.9495811462, 7.95563459396, 4.18206977844, 1.55881142616, 0.532974898815, 0.102363176644, 0.0137189170346, 0.00032901976374, 1.21666187169e-06], "mean": [0.135970309377, 2.08829426765, 7.35003137589, 16.1288547516, 10.0602846146, 7.61726760864, 11.3769130707, 8.36813259125, 10.0649814606, 12.7630119324, 16.7370758057, 8.9245223999, 19.0362148285, 19.4007377625, 24.3313331604, 13.9481983185, 13.8310317993, 20.3661766052, 16.8857326508, 16.7447280884, 26.2700557709, 30.6045951843, 23.2617034912, 17.8399620056, 14.1505851746, 10.9697771072, 9.92295074463, 10.6939296722, 7.8679857254, 4.10230016708, 2.44612312317, 1.959461689, 1.59257817268, 1.15604197979, 0.692005574703, 0.39582285285, 0.158455908298, 0.0547088906169, 0.00873671192676, 0.000576383376028]}, "spectral_strongpeak": {"dmean2": 0.394209831953, "median": 0.457195580006, "min": 0, "dvar2": 0.307745963335, "dvar": 0.111804448068, "dmean": 0.230739295483, "max": 5.87624263763, "var": 0.321769803762, "mean": 0.58884704113}, "spectral_energy": {"dmean2": 0.0218973103911, "median": 0.0260517597198, "min": 1.03427513399e-20, "dvar2": 0.00238192640245, "dvar": 0.000862901972141, "dmean": 0.0131812049076, "max": 0.33386489749, "var": 0.000964539882261, "mean": 0.0313548967242}, "average_loudness": 0.869134962559, "spectral_rolloff": {"dmean2": 740.246154785, "median": 947.4609375, "min": 21.533203125, "dvar2": 1251132, "dvar": 537378.8125, "dmean": 453.088226318, "max": 19207.6171875, "var": 1447185.25, "mean": 1232.00146484}, "spectral_centroid": {"dmean2": 337.482086182, "median": 1223.78271484, "min": 97.2465515137, "dvar2": 202638.96875, "dvar": 85936.84375, "dmean": 214.770828247, "max": 11201.0039062, "var": 439211.34375, "mean": 1302.52197266}, "pitch_salience": {"dmean2": 0.103805333376, "median": 0.526711344719, "min": 0.0435875058174, "dvar2": 0.00957446359098, "dvar": 0.00361195183359, "dmean": 0.0644646733999, "max": 0.950943291187, "var": 0.0178217254579, "mean": 0.511041820049}, "spectral_energyband_middle_high": {"dmean2": 0.00148081255611, "median": 0.0030241929926, "min": 1.13365214022e-21, "dvar2": 6.02001500738e-06, "dvar": 2.60636011262e-06, "dmean": 0.00095235707704, "max": 0.0427828617394, "var": 2.09093777812e-05, "mean": 0.00429081590846}, "spectral_contrast_coeffs": {"dmean2": [0.0818359777331, 0.0671764463186, 0.0525255352259, 0.0426402464509, 0.0288187097758, 0.023831512779], "median": [-0.626714766026, -0.755589663982, -0.815576970577, -0.805437684059, -0.79590690136, -0.711154818535], "min": [-0.997728526592, -0.989893317223, -0.977956593037, -0.980612456799, -0.979990661144, -0.980307936668], "dvar2": [0.0048667313531, 0.00309096649289, 0.0017707881052, 0.001161349006, 0.000529876968358, 0.000448748498457], "dvar": [0.00175708788447, 0.00112978881225, 0.000624608190265, 0.000411795190303, 0.000190417369595, 0.000188103163964], "dmean": [0.0497574843466, 0.04053254053, 0.0312766097486, 0.0253962315619, 0.0172054506838, 0.015055200085], "max": [-0.324072867632, -0.438030123711, -0.499830633402, -0.553372859955, -0.63830435276, -0.584839105606], "var": [0.0054833884351, 0.00403390312567, 0.00442184880376, 0.00229937722906, 0.00103362766095, 0.0026445928961], "mean": [-0.625650525093, -0.750236928463, -0.800511717796, -0.799150884151, -0.794797599316, -0.713531970978]}, "melbands_skewness": {"dmean2": 1.11707830429, "median": 3.12763261795, "min": -0.782644331455, "dvar2": 1.92356026173, "dvar": 0.744508326054, "dmean": 0.710787594318, "max": 12.597784996, "var": 2.89657115936, "mean": 3.23070406914}, "spectral_spread": {"dmean2": 436132.84375, "median": 3417408.5, "min": 619517.5, "dvar2": 678954074112, "dvar": 410292518912, "dmean": 296618.3125, "max": 41742968, "var": 4631840161790.0, "mean": 3770069.75}, "dissonance": {"dmean2": 0.0226226802915, "median": 0.483341664076, "min": 0.0011259377934, "dvar2": 0.000694455229677, "dvar": 0.000280466134427, "dmean": 0.0133744450286, "max": 0.500000119209, "var": 0.00105322024319, "mean": 0.470565378666}, "spectral_skewness": {"dmean2": 0.497829437256, "median": 1.42464804649, "min": -0.0440614819527, "dvar2": 0.372518211603, "dvar": 0.122339725494, "dmean": 0.287492692471, "max": 10.9191598892, "var": 0.780455291271, "mean": 1.58314025402}, "spectral_flux": {"dmean2": 0.0374132506549, "median": 0.0611558109522, "min": 6.70826449944e-11, "dvar2": 0.00315176323056, "dvar": 0.00155962840654, "dmean": 0.0237514972687, "max": 0.452725023031, "var": 0.00403296714649, "mean": 0.0775111243129}, "spectral_contrast_valleys": {"dmean2": [0.652972817421, 0.525588333607, 0.44344034791, 0.364478945732, 0.2506287992, 0.238844931126], "median": [-6.85960960388, -6.5074634552, -7.00005340576, -7.34053230286, -7.4085688591, -12.5978918076], "min": [-27.5924243927, -27.3671913147, -27.5164222717, -27.370798111, -27.4345111847, -27.3847332001], "dvar2": [0.345589309931, 0.291611969471, 0.222310364246, 0.184193447232, 0.14826592803, 0.0973424613476], "dvar": [0.14833368361, 0.125659406185, 0.102993316948, 0.0874816030264, 0.0787295177579, 0.0609696656466], "dmean": [0.400409370661, 0.316520363092, 0.268629610538, 0.223637506366, 0.15864533186, 0.166051670909], "max": [-4.98927783966, -4.69973802567, -5.32890796661, -5.74490308762, -5.74735498428, -7.99172401428], "var": [2.14600563049, 1.79621291161, 2.25881123543, 2.46503376961, 2.73400950432, 5.52793359756], "mean": [-7.26604175568, -6.78124427795, -7.39562273026, -7.76094961166, -7.58974742889, -11.4951152802]}, "erbbands_flatness_db": {"dmean2": 0.0136533463374, "median": 0.174809962511, "min": 0.028174854815, "dvar2": 0.000181628362043, "dvar": 8.21441572043e-05, "dmean": 0.0089943325147, "max": 0.392521947622, "var": 0.00758626498282, "mean": 0.173704475164}, "spectral_energyband_high": {"dmean2": 0.00034751201747, "median": 6.190649583e-05, "min": 7.62039977756e-21, "dvar2": 4.50177623179e-07, "dvar": 2.40755923642e-07, "dmean": 0.000253093923675, "max": 0.00889609474689, "var": 1.8953255676e-06, "mean": 0.00101897947025}, "spectral_entropy": {"dmean2": 0.143028020859, "median": 7.52435779572, "min": 4.40931797028, "dvar2": 0.0265792962164, "dvar": 0.0113623002544, "dmean": 0.0930265188217, "max": 9.8067483902, "var": 0.506038248539, "mean": 7.46578264236}, "silence_rate_20dB": {"dmean2": 0, "median": 1, "min": 1, "dvar2": 0, "dvar": 0, "dmean": 0, "max": 1, "var": 0, "mean": 1}, "melbands_flatness_db": {"dmean2": 0.0349231213331, "median": 0.231932610273, "min": 0.00659955153242, "dvar2": 0.0015049544163, "dvar": 0.000605303968769, "dmean": 0.0229867305607, "max": 0.704804062843, "var": 0.0116708697751, "mean": 0.252380132675}, "barkbands": {"dmean2": [0.000133033187012, 0.00706289289519, 0.00992504972965, 0.00533160706982, 0.00372503325343, 0.00106269586831, 0.000699806900229, 0.000586962560192, 0.000350897753378, 0.000607615744229, 0.000441577256424, 0.000275888800388, 0.000291144446237, 0.000326535257045, 0.000230047022342, 0.000311435665935, 0.000411467277445, 0.000234002407524, 0.000199920556042, 0.000133488720166, 0.000132592293085, 0.000109067674202, 5.41460249224e-05, 5.41945373698e-05, 5.28245036548e-05, 4.98518929817e-05, 4.09099702665e-05], "median": [1.68655731159e-06, 0.00343892234378, 0.00341980182566, 0.00210845982656, 0.00097178586293, 0.000835629296489, 0.000371760921553, 0.000558334635571, 0.000237201486016, 0.000259794294834, 0.000257231353316, 0.000167672609678, 0.000126461411128, 0.000221343623707, 0.000142581382534, 0.000289865012746, 0.00037443995825, 0.000213536259253, 0.000162575335708, 5.26696858287e-05, 2.96497491945e-05, 1.64324883372e-05, 8.37770585349e-07, 2.46233156531e-07, 5.41276392596e-08, 2.54549537004e-08, 2.40466242474e-08], "min": [4.51644404142e-24, 1.27824228514e-23, 8.45650114319e-25, 2.49629649482e-24, 1.20389806128e-23, 1.43921803032e-23, 1.141656147e-23, 2.17860268398e-23, 2.82694269174e-23, 2.89078488926e-23, 3.66186329195e-23, 3.78779546914e-23, 4.94263640065e-23, 5.46588215929e-23, 5.713474043e-23, 1.28756980804e-22, 1.13581442689e-22, 9.65638386303e-23, 9.46350926497e-23, 2.44652979255e-22, 3.13459775058e-22, 3.71682758573e-22, 5.64008334687e-22, 7.41854236357e-22, 9.85006309921e-22, 1.29268548897e-21, 2.08061995594e-21], "dvar2": [2.02807342475e-07, 0.000274685065961, 0.00064022152219, 0.000102198144305, 0.000178934991709, 2.63239212472e-06, 3.41249528901e-06, 5.99101895205e-07, 4.68296178724e-07, 2.89255899588e-06, 8.77282559486e-07, 5.67548227082e-07, 8.1748686398e-07, 6.12370570252e-07, 3.32627877242e-07, 4.0872254203