{"tonal": {"thpcp": [1, 0.658429324627, 0.22594666481, 0.16078582406, 0.212424486876, 0.397984266281, 0.459801614285, 0.296830415726, 0.188819006085, 0.171167045832, 0.235778048635, 0.47179672122, 0.487856179476, 0.253702968359, 0.320189207792, 0.461135417223, 0.431279450655, 0.411467671394, 0.288635641336, 0.232637360692, 0.640704154968, 0.847851634026, 0.440625697374, 0.186260700226, 0.220482394099, 0.292192041874, 0.509850680828, 0.581857442856, 0.337929546833, 0.21738897264, 0.220429793, 0.190379396081, 0.25395539403, 0.305496782064, 0.294749289751, 0.632089793682], "hpcp": {"dmean2": [0.138826817274, 0.134585902095, 0.115788474679, 0.141059875488, 0.170760571957, 0.182534441352, 0.239484980702, 0.24130769074, 0.214171111584, 0.158996880054, 0.125082194805, 0.145180508494, 0.197643965483, 0.208095505834, 0.1598405689, 0.123629793525, 0.114994838834, 0.144187629223, 0.218740269542, 0.219945162535, 0.131640419364, 0.147722184658, 0.182838350534, 0.215950965881, 0.272495239973, 0.184807762504, 0.151068791747, 0.255101174116, 0.289138585329, 0.184869080782, 0.130003467202, 0.144833728671, 0.182379215956, 0.22768060863, 0.201282948256, 0.160777643323], "median": [0.029211692512, 0.0252256914973, 0.0232588686049, 0.0292802788317, 0.0344972237945, 0.0381494984031, 0.129958748817, 0.174707457423, 0.114096641541, 0.0315112248063, 0.0151007156819, 0.0267806909978, 0.0677143335342, 0.0830344706774, 0.0513860881329, 0.0177241489291, 0.0140114054084, 0.0253794267774, 0.0635215118527, 0.0686835050583, 0.03814843297, 0.0260469689965, 0.0302641056478, 0.0359913781285, 0.0227373689413, 0.0200881175697, 0.0259456820786, 0.112894520164, 0.163124620914, 0.0909879729152, 0.0188180599362, 0.0155140515417, 0.0215043462813, 0.0419214107096, 0.0454683601856, 0.0388610064983], "min": [0, 0, 0, 0, 0, 0, 0, 0, 0, 0, 0, 0, 0, 0, 0, 0, 0, 0, 0, 0, 0, 0, 0, 0, 0, 0, 0, 0, 0, 0, 0, 0, 0, 0, 0, 0], "dvar2": [0.06478420645, 0.0630221292377, 0.0468652546406, 0.0605734959245, 0.0753672495484, 0.0858915373683, 0.104516334832, 0.104796692729, 0.0813046395779, 0.0783212557435, 0.0647797212005, 0.0670039579272, 0.0874455794692, 0.0897273644805, 0.0706465393305, 0.0600388385355, 0.0514910966158, 0.061090964824, 0.096388451755, 0.0997746437788, 0.0463777147233, 0.0638095736504, 0.0898148566484, 0.0891298502684, 0.183828026056, 0.0811201557517, 0.0706494450569, 0.108646869659, 0.127380087972, 0.0644457936287, 0.06044588238, 0.0736097171903, 0.0980382785201, 0.110241487622, 0.0955836474895, 0.0694141685963], "dvar": [0.0243280846626, 0.0243289303035, 0.0173698607832, 0.0228981170803, 0.0289876423776, 0.0316480323672, 0.0390015542507, 0.0435314886272, 0.0315347127616, 0.029145045206, 0.023021299392, 0.0244885329157, 0.033876426518, 0.0359552875161, 0.0259930249304, 0.0222862251103, 0.0193677581847, 0.0230758097023, 0.0390144437551, 0.0411087870598, 0.0176971070468, 0.0241958480328, 0.0363365225494, 0.0356355756521, 0.0762837007642, 0.0317878089845, 0.026358038187, 0.0430541969836, 0.0545603372157, 0.0240395274013, 0.0223380308598, 0.027693497017, 0.0395387075841, 0.0432072095573, 0.041331410408, 0.0260970909148], "dmean": [0.0788056477904, 0.0773443430662, 0.0667483210564, 0.082661665976, 0.100059263408, 0.104119278491, 0.138098418713, 0.140755757689, 0.124142341316, 0.0889524668455, 0.0691900849342, 0.0819020345807, 0.115684039891, 0.1235088557, 0.0929854214191, 0.0708490461111, 0.0659366771579, 0.082609154284, 0.130756363273, 0.131259486079, 0.0766963362694, 0.0874402225018, 0.111278176308, 0.126146733761, 0.152073428035, 0.104956626892, 0.0864829868078, 0.150741636753, 0.170560881495, 0.109068080783, 0.073668025434, 0.0838693603873, 0.107425503433, 0.131530985236, 0.11855442822, 0.0924803242087], "max": [1, 1, 1, 1, 1, 1, 1, 1, 1, 1, 1, 1, 1, 1, 1, 1, 1, 1, 1, 1, 1, 1, 1, 1, 1, 1, 1, 1, 1, 1, 1, 1, 1, 1, 1, 1], "var": [0.0225114282221, 0.0257698576897, 0.0166516061872, 0.0270557254553, 0.0348522774875, 0.0327533446252, 0.065129391849, 0.150259867311, 0.0738282129169, 0.0247023832053, 0.0170565359294, 0.0210397634655, 0.0452217273414, 0.0575701780617, 0.027961499989, 0.0212595555931, 0.0188509002328, 0.0233044587076, 0.062358174473, 0.0687559843063, 0.0210565868765, 0.0387079268694, 0.0806727334857, 0.0532979853451, 0.0845837667584, 0.0366896390915, 0.0272258650512, 0.0755078867078, 0.116340063512, 0.0354408398271, 0.0197251588106, 0.0287579931319, 0.0464212559164, 0.0758936628699, 0.107856616378, 0.0352596342564], "mean": [0.0812159627676, 0.0823520049453, 0.071125254035, 0.0948770865798, 0.114132814109, 0.110117584467, 0.236147120595, 0.373597443104, 0.245987504721, 0.0844130963087, 0.0600691735744, 0.0793612450361, 0.148685902357, 0.171780705452, 0.110895089805, 0.0705422982574, 0.0639475733042, 0.0880860760808, 0.176262050867, 0.182261824608, 0.0947827845812, 0.119621865451, 0.172279015183, 0.161124899983, 0.153723269701, 0.10783354193, 0.0869127213955, 0.239365443587, 0.316755205393, 0.164616629481, 0.0695865228772, 0.0823716595769, 0.109162203968, 0.190478920937, 0.217380449176, 0.126249611378]}, "tuning_equal_tempered_deviation": 0.251546293497, "chords_changes_rate": 0.0562760531902, "key_key": "B", "tuning_diatonic_strength": 0.632642269135, "key_scale": "major", "chords_number_rate": 0.00208429829217, "tuning_frequency": 434.193115234, "tuning_nontempered_energy_ratio": 0.961388111115, "chords_histogram": [57.9666519165, 0.810560464859, 2.94117641449, 2.61695218086, 2.17693376541, 0.0463177412748, 0, 0, 0, 0, 0, 0.301065295935, 0.301065295935, 0, 0, 0.949513673782, 0.0463177412748, 1.85270953178, 0, 3.56646585464, 0.555812895298, 5.02547454834, 19.0134315491, 1.8295507431], "key_strength": 0.795960366726, "chords_key": "B", "chords_strength": {"dmean2": 0.00983280129731, "median": 0.492293894291, "min": 0.239643529058, "dvar2": 8.36460239952e-05, "dvar": 7.81293638283e-05, "dmean": 0.0105999447405, "max": 0.792129278183, "var": 0.011690268293, "mean": 0.490377306938}, "chords_scale": "major", "hpcp_entropy": {"dmean2": 1.07895064354, "median": 1.81302678585, "min": 0, "dvar2": 0.813047647476, "dvar": 0.313646972179, "dmean": 0.647712886333, "max": 4.49901771545, "var": 0.636552631855, "mean": 1.85510277748}}, "metadata": {"audio_properties": {"equal_loudness": 0, "codec": "flac", "downmix": "mix", "sample_rate": 44100, "analysis_sample_rate": 44100, "bit_rate": 0, "md5_encoded": "1008c45866cd259884bead8d8a1bc986", "length": 200.466659546, "replay_gain": -12.4260463715, "lossless": true}, "version": {"essentia_build_sha": "70f2e5ece6736b2c40cc944ad0e695b16b925413", "essentia": "2.1-beta2", "extractor": "music 1.0", "essentia_git_sha": "v2.1_beta2"}, "tags": {"title": ["Hey un algo en tu pensar"], "barcode": ["9324690103522"], "media": ["CD"], "albumartist": ["Abbie Cardwell with The Chicano Rockers and The Twin Tones"], "tracktotal": ["11"], "language": ["spa"], "releasetype": ["album"], "musicbrainz_recordingid": ["1ba071bc-f3db-4cb7-876d-a870506be29c"], "musicbrainz_workid": ["c82e122d-c19b-48fe-b999-562fdb4b128e"], "musicbrainz_releasegroupid": ["eea16bc9-2b58-45f7-be32-30354a1fd908"], "musicbrainz_albumartistid": ["500abf3c-be54-487b-a5e9-317bf296765b", "a59c5752-9f53-463d-809a-7ad99368c3ea", "80844040-257e-42a9-9235-db5937ee8b4c"], "musicbrainz_releasetrackid": ["7d1139cf-7985-4029-a4e3-d84a76d8a235"], "discnumber": ["1"], "totaldiscs": ["1"], "releasecountry": ["AU"], "file_name": "04_Hey_un_algo_en_tu_pensar.flac", "compilation": ["1"], "work": ["Hey un algo en tu pensar"], "date": ["2014-06"], "genre": ["Alternative; Australia; Country; Female Vocal; Folk; Rock"], "disctotal": ["1"], "albumartistsort": ["Cardwell, Abbie with Chicano Rockers, The and Twin Tones"], "musicbrainz_artistid": ["500abf3c-be54-487b-a5e9-317bf296765b", "80844040-257e-42a9-9235-db5937ee8b4c"], "originaldate": ["2014-06"], "musicbrainz_albumid": ["647d0af4-71de-4633-ada1-e151afd062ba"], "artist": ["Abbie Cardwell and The Twin Tones"], "tracknumber": ["4"], "artistsort": ["Cardwell, Abbie and Twin Tones"], "album": ["From Mexico With Love"], "releasestatus": ["official"], "acoustid_id": ["2fb3cc02-97af-42fb-9343-7925de35dce0"], "script": ["Latn"], "totaltracks": ["11"]}}, "rhythm": {"bpm_histogram_first_peak_bpm": {"dmean2": 0, "median": 108, "min": 108, "dvar2": 0, "dvar": 0, "dmean": 0, "max": 108, "var": 0, "mean": 108}, "bpm": 107.714546204, "bpm_histogram_second_peak_spread": {"dmean2": 0, "median": 0.141592979431, "min": 0.141592979431, "dvar2": 0, "dvar": 0, "dmean": 0, "max": 0.141592979431, "var": 0, "mean": 0.141592979431}, "bpm_histogram_first_peak_weight": {"dmean2": 0, "median": 0.359060406685, "min": 0.359060406685, "dvar2": 0, "dvar": 0, "dmean": 0, "max": 0.359060406685, "var": 0, "mean": 0.359060406685}, "onset_rate": 3.40680503845, "beats_position": [0.835918366909, 1.69505667686, 2.54258489609, 3.41333317757, 4.26086139679, 5.08516979218, 5.90947818756, 6.74539661407, 7.56970500946, 8.40562343597, 9.24154186249, 10.077460289, 10.9133787155, 11.749297142, 12.5736055374, 13.3979139328, 14.2106122971, 15.0465307236, 15.8940582275, 16.7415866852, 17.600725174, 18.4366436005, 19.2609519958, 20.0968704224, 20.9327888489, 21.7570972443, 22.5697956085, 23.3824939728, 24.2184123993, 25.0427207947, 25.8670291901, 26.6913375854, 27.527256012, 28.3515644073, 29.2107028961, 30.0582313538, 30.9057598114, 31.7416782379, 32.5775947571, 33.4135131836, 34.2378234863, 35.0621299744, 35.8980484009, 36.7107467651, 37.5466651917, 38.3825836182, 39.2185020447, 40.0544204712, 40.8903388977, 41.7262573242, 42.5621757507, 43.3980941772, 44.2340126038, 45.046710968, 45.8826293945, 46.7417678833, 47.5776863098, 48.4136047363, 49.2495231628, 50.0854415894, 50.9213600159, 51.7456665039, 52.5699768066, 53.4058952332, 54.2534217834, 55.0777320862, 55.9252586365, 56.7727890015, 57.608707428, 58.4214057922, 59.2457122803, 60.070022583, 60.9059410095, 61.741859436, 62.5777778625, 63.4136962891, 64.2496109009, 65.0855331421, 65.9098434448, 66.7341461182, 67.5468444824, 68.3479385376, 69.1954650879, 70.0313796997, 70.8905181885, 71.7380523682, 72.5855789185, 73.4214935303, 74.2574157715, 75.0817184448, 75.9060287476, 76.7303390503, 77.554649353, 78.3789520264, 79.2264862061, 80.0740127563, 80.9215393066, 81.7342376709, 82.5585479736, 83.3944625854, 84.2187728882, 85.0546951294, 85.9022216797, 86.74974823, 87.5856704712, 88.421585083, 89.2575073242, 90.093421936, 90.9293441772, 91.7536468506, 92.5779571533, 93.4022674561, 94.2265777588, 95.039276123, 95.7358703613, 96.4440765381, 97.0129699707, 97.5818557739, 98.1391372681, 98.6964187622, 99.2420806885, 99.7993621826, 100.356643677, 100.913917542, 101.471199036, 102.02848053, 102.585754395, 103.143035889, 103.700317383, 104.257591248, 104.814872742, 105.372154236, 105.917823792, 106.463493347, 107.009155273, 107.554824829, 108.112106323, 108.669387817, 109.226661682, 109.783943176, 110.34122467, 110.898498535, 111.444168091, 112.001449585, 112.558731079, 113.127616882, 113.684898376, 114.242172241, 114.799453735, 115.356735229, 115.914009094, 116.471290588, 117.028572083, 117.585845947, 118.143127441, 118.712013245, 119.280906677, 119.84979248, 120.453514099, 121.057228088, 121.649337769, 122.218231201, 122.787117004, 123.367614746, 123.936508179, 124.505393982, 125.062675476, 125.619949341, 126.177230835, 126.734512329, 127.291786194, 127.849067688, 128.406341553, 128.963623047, 129.532516479, 130.089797974, 130.635467529, 131.181137085, 131.726806641, 132.284072876, 132.84135437, 133.398635864, 133.955917358, 134.513198853, 135.070480347, 135.627746582, 136.185028076, 136.74230957, 137.287979126, 137.833648682, 138.390930176, 138.94821167, 139.505477905, 140.062759399, 140.620040894, 141.177322388, 141.734603882, 142.291885376, 142.849151611, 143.406433105, 143.952102661, 144.497772217, 145.055053711, 145.612335205, 146.181228638, 146.750106812, 147.295776367, 147.841445923, 148.37550354, 148.932785034, 149.501678467, 150.070556641, 150.627838135, 151.185119629, 151.742401123, 152.299682617, 152.856964111, 153.425842285, 153.971511841, 154.517181396, 155.062850952, 155.620132446, 156.165802002, 156.723083496, 157.268753052, 157.826034546, 158.383300781, 158.940582275, 159.486251831, 160.043533325, 160.612426758, 161.158096313, 161.715377808, 162.272644043, 162.829925537, 163.387207031, 163.932876587, 164.490158081, 165.047439575, 165.604721069, 166.161987305, 166.719268799, 167.276550293, 167.833831787, 168.391113281, 168.948379517, 169.517272949, 170.086166382, 170.631835938, 171.177505493, 171.734786987, 172.292053223, 172.849334717, 173.406616211, 173.963897705, 174.521179199, 175.078460693, 175.624130249, 176.181396484, 176.738677979, 177.284347534, 177.83001709, 178.375686646, 178.93296814, 179.490249634, 180.047531128, 180.604797363, 181.162078857, 181.719360352, 182.265029907, 182.822311401, 183.379592896, 183.925262451, 184.482528687, 185.039810181, 185.597091675, 186.154373169, 186.711654663, 187.280548096, 187.84942627, 188.429931641, 189.010421753, 189.590927124, 190.171432495, 190.775146484, 191.378860474, 192.00579834, 192.632736206, 193.259674072, 193.886611938, 194.513549805, 195.140487671, 195.779037476, 196.405975342, 197.032928467, 197.659866333, 198.286804199, 198.913742065, 199.540679932], "beats_loudness": {"dmean2": 0.0383353233337, "median": 0.033299613744, "min": 3.40187469305e-08, "dvar2": 0.00126329017803, "dvar": 0.000419763062382, "dmean": 0.0211023800075, "max": 0.131183296442, "var": 0.00049966329243, "mean": 0.0357057563961}, "danceability": 1.11413872242, "bpm_histogram_second_peak_weight": {"dmean2": 0, "median": 0.325503349304, "min": 0.325503349304, "dvar2": 0, "dvar": 0, "dmean": 0, "max": 0.325503349304, "var": 0, "mean": 0.325503349304}, "beats_count": 299, "bpm_histogram_second_peak_bpm": {"dmean2": 0, "median": 72, "min": 72, "dvar2": 0, "dvar": 0, "dmean": 0, "max": 72, "var": 0, "mean": 72}, "bpm_histogram_first_peak_spread": {"dmean2": 0, "median": 0.331249952316, "min": 0.331249952316, "dvar2": 0, "dvar": 0, "dmean": 0, "max": 0.331249952316, "var": 0, "mean": 0.331249952316}, "beats_loudness_band_ratio": {"dmean2": [0.549277901649, 0.252163022757, 0.23630104959, 0.20345762372, 0.146952733397, 0.16587215662], "median": [0.273454010487, 0.131552770734, 0.111489735544, 0.110358312726, 0.110365711153, 0.0949690341949], "min": [7.57271845941e-05, 0.000427719030995, 8.76875783433e-05, 3.64926891052e-05, 5.67275783396e-05, 0.000387743697502], "dvar2": [0.165082097054, 0.0385755375028, 0.041102796793, 0.0385752432048, 0.0163237527013, 0.0247667413205], "dvar": [0.0496986694634, 0.0126931918785, 0.0142406262457, 0.0138198770583, 0.00553990993649, 0.00830567069352], "dmean": [0.297993808985, 0.138815522194, 0.130086034536, 0.118894614279, 0.0823453366756, 0.0896302089095], "max": [0.996878325939, 0.66311788559, 0.651294350624, 0.718589425087, 0.57779443264, 0.910035848618], "var": [0.0707663595676, 0.0180194117129, 0.015374657698, 0.0162778496742, 0.00710064126179, 0.00765520846471], "mean": [0.362993180752, 0.161939606071, 0.142238751054, 0.142457664013, 0.119175069034, 0.110568270087]}}, "lowlevel": {"barkbands_spread": {"dmean2": 9.37531852722, "median": 27.5700340271, "min": 0.236648544669, "dvar2": 115.602622986, "dvar": 50.9685935974, "dmean": 6.17357873917, "max": 107.661361694, "var": 210.600997925, "mean": 28.3926010132}, "melbands_spread": {"dmean2": 13.955534935, "median": 31.7569980621, "min": 0.289530962706, "dvar2": 353.856079102, "dvar": 166.308670044, "dmean": 9.19843578339, "max": 251.373886108, "var": 554.825622559, "mean": 34.8341598511}, "hfc": {"dmean2": 9.92564678192, "median": 17.542755127, "min": 1.1143938678e-16, "dvar2": 280.979705811, "dvar": 135.92010498, "dmean": 7.21105051041, "max": 278.432769775, "var": 563.397827148, "mean": 24.0650482178}, "barkbands_kurtosis": {"dmean2": 4.76533746719, "median": 0.0817637443542, "min": -1.9160835743, "dvar2": 423.569946289, "dvar": 165.471679688, "dmean": 3.06146216393, "max": 1116.10791016, "var": 7652.06103516, "mean": 14.1573257446}, "gfcc": {"mean": [-16.6992530823, 73.465927124, -128.584243774, 34.0065879822, -51.3389816284, 8.43101787567, -37.0229415894, 11.2868442535, -27.8582000732, 4.45470285416, -11.5401391983, -5.34289073944, -6.90887260437], "icov": [[9.56507574301e-05, -9.19646336115e-05, 0.000139127048897, -6.85562481522e-05, 0.000123697100207, -0.000190864913748, 0.000150071937242, -0.000177086563781, 0.000172230793396, -0.000113896159746, 0.000416334194597, -0.000367210974218, 0.000449097831734], [-9.19646336115e-05, 0.00113372970372, -0.000164729048265, -3.90218883695e-05, -0.000364783772966, 0.000583560788073, -0.000777826004196, 0.000421779433964, -0.000363651051885, 0.000723630306311, -0.00110393855721, 0.00190066720825, -0.00125681411009], [0.000139127048897, -0.000164729048265, 0.00147738866508, -0.000227198834182, -0.000669244036544, -0.000331253773766, 0.000956067175139, -0.0012002751464, 0.0003053683904, -0.000169034887222, 0.000225377865718, -0.00154563051183, 0.00219183578156], [-6.85562481522e-05, -3.90218883695e-05, -0.000227198834182, 0.0027155186981, -0.00138258631341, -0.000518652552273, 0.000261352979578, 0.000195855231141, -0.00140265666414, 0.00172289460897, -0.0017149373889, 0.00108009122778, -0.00108927942347], [0.000123697100207, -0.000364783772966, -0.000669244036544, -0.00138258631341, 0.00535990251228, 0.000347290886566, -0.00295585067943, 0.000528420787305, 0.00102573935874, -0.00280304835178, 0.000966344086919, -0.000251906312769, 0.000390058994526], [-0.000190864913748, 0.000583560788073, -0.000331253773766, -0.000518652552273, 0.000347290886566, 0.00396011397243, -0.0011223325273, -0.0010767520871, 0.000411175831687, 0.000992388813756, -0.00098555162549, 0.000821988389362, -0.00070992927067], [0.000150071937242, -0.000777826004196, 0.000956067175139, 0.000261352979578, -0.00295585067943, -0.0011223325273, 0.0063489289023, -0.000820734887384, -0.00181234697811, 0.000284127017949, -1.07985545128e-06, -0.00280648749322, 0.00138992443681], [-0.000177086563781, 0.000421779433964, -0.0012002751464, 0.000195855231141, 0.000528420787305, -0.0010767520871, -0.000820734887384, 0.00823397096246, -0.0009792301571, -0.00232436065562, 0.00037465733476, 0.00116022350267, -0.00327757839113], [0.000172230793396, -0.000363651051885, 0.0003053683904, -0.00140265666414, 0.00102573935874, 0.000411175831687, -0.00181234697811, -0.0009792301571, 0.010547275655, -0.00255317473784, 0.000875293684658, -0.00199341517873, 0.00146156828851], [-0.000113896159746, 0.000723630306311, -0.000169034887222, 0.00172289460897, -0.00280304835178, 0.000992388813756, 0.000284127017949, -0.00232436065562, -0.00255317473784, 0.0141419563442, -0.00715615274385, 0.00217826431617, -0.000621700077318], [0.000416334194597, -0.00110393855721, 0.000225377865718, -0.0017149373889, 0.000966344086919, -0.00098555162549, -1.07985545128e-06, 0.00037465733476, 0.000875293684658, -0.00715615274385, 0.0158486235887, -0.00512757012621, 4.02062250942e-05], [-0.000367210974218, 0.00190066720825, -0.00154563051183, 0.00108009122778, -0.000251906312769, 0.000821988389362, -0.00280648749322, 0.00116022350267, -0.00199341517873, 0.00217826431617, -0.00512757012621, 0.0150620834902, -0.00586198363453], [0.000449097831734, -0.00125681411009, 0.00219183578156, -0.00108927942347, 0.000390058994526, -0.00070992927067, 0.00138992443681, -0.00327757839113, 0.00146156828851, -0.000621700077318, 4.02062250942e-05, -0.00586198363453, 0.015906624496]], "cov": [[21678.8300781, -964.499206543, -1434.62268066, -680.600952148, -1594.36633301, 796.146240234, -1078.80981445, 117.989097595, -525.113647461, -537.143005371, -802.428710938, -135.256210327, -364.552001953], [-964.499206543, 1634.32666016, -86.3452529907, 295.427337646, 357.401184082, -171.54309082, 315.991241455, -74.414352417, 101.152076721, 33.2987213135, 119.342979431, -97.6199798584, 84.8564147949], [-1434.62268066, -86.3452529907, 1213.62463379, 139.127197266, 251.693710327, 48.5360374451, 33.4615898132, 124.184432983, 34.4608192444, 86.250328064, 76.2844085693, 76.7796554565, -77.0550460815], [-680.600952148, 295.427337646, 139.127197266, 605.579467773, 265.545043945, 55.1140441895, 158.841186523, 10.6014356613, 90.0564804077, 19.8111286163, 94.5813064575, 5.3055562973, 43.3256492615], [-1594.36633301, 357.401184082, 251.693710327, 265.545043945, 542.546020508, -42.8683700562, 310.156616211, 11.9421720505, 91.3913040161, 116.001342773, 114.679733276, 35.5128555298, 25.8314914703], [796.146240234, -171.54309082, 48.5360374451, 55.1140441895, -42.8683700562, 353.610565186, 5.42553853989, 70.286491394, -16.8511886597, -22.9099998474, -9.25649261475, 14.836356163, -1.96000182629], [-1078.80981445, 315.991241455, 33.4615898132, 158.841186523, 310.156616211, 5.42553853989, 399.149719238, 16.8465518951, 102.81337738, 70.0864639282, 90.7773895264, 51.8686828613, 35.0999298096], [117.989097595, -74.414352417, 124.184432983, 10.6014356613, 11.9421720505, 70.286491394, 16.8465518951, 172.521087646, 17.4889621735, 37.9751167297, 12.8444786072, 18.6856975555, 18.0544452667], [-525.113647461, 101.152076721, 34.4608192444, 90.0564804077, 91.3913040161, -16.8511886597, 102.81337738, 17.4889621735, 138.547271729, 43.7532463074, 42.7597007751, 23.5565681458, 13.4159545898], [-537.143005371, 33.2987213135, 86.250328064, 19.8111286163, 116.001342773, -22.9099998474, 70.0864639282, 37.9751167297, 43.7532463074, 135.060317993, 72.8848266602, 19.7659893036, 13.4603786469], [-802.428710938, 119.342979431, 76.2844085693, 94.5813064575, 114.679733276, -9.25649261475, 90.7773895264, 12.8444786072, 42.7597007751, 72.8848266602, 136.909881592, 39.1641693115, 32.5459785461], [-135.256210327, -97.6199798584, 76.7796554565, 5.3055562973, 35.5128555298, 14.836356163, 51.8686828613, 18.6856975555, 23.5565681458, 19.7659893036, 39.1641693115, 114.518791199, 25.7104530334], [-364.552001953, 84.8564147949, -77.0550460815, 43.3256492615, 25.8314914703, -1.96000182629, 35.0999298096, 18.0544452667, 13.4159545898, 13.4603786469, 32.5459785461, 25.7104530334, 102.066978455]]}, "spectral_energyband_middle_low": {"dmean2": 0.00426945369691, "median": 0.00540859485045, "min": 2.32384715431e-22, "dvar2": 5.66539674764e-05, "dvar": 2.32529437199e-05, "dmean": 0.00282401475124, "max": 0.0754841938615, "var": 6.01910360274e-05, "mean": 0.00798612367362}, "melbands_crest": {"dmean2": 4.46715164185, "median": 11.8614244461, "min": 1.57855916023, "dvar2": 22.4496231079, "dvar": 10.5743427277, "dmean": 2.93576693535, "max": 34.1235351562, "var": 38.0495681763, "mean": 13.3352003098}, "spectral_kurtosis": {"dmean2": 2.0662894249, "median": 3.78657102585, "min": -1.51337110996, "dvar2": 7.37876558304, "dvar": 2.632553339, "dmean": 1.23286485672, "max": 33.6974143982, "var": 6.26355695724, "mean": 4.21516132355}, "spectral_rms": {"dmean2": 0.000893555697985, "median": 0.00396470772102, "min": 3.13104316779e-12, "dvar2": 1.36316361932e-06, "dvar": 7.11914310614e-07, "dmean": 0.000643072766252, "max": 0.0120794288814, "var": 3.46880597135e-06, "mean": 0.00415078364313}, "zerocrossingrate": {"dmean2": 0.0135974418372, "median": 0.07470703125, "min": 0.00244140625, "dvar2": 0.000286311900709, "dvar": 0.000267130322754, "dmean": 0.0120784854516, "max": 0.513671875, "var": 0.00247705588117, "mean": 0.0813879743218}, "silence_rate_60dB": {"dmean2": 0.0333603620529, "median": 0, "min": 0, "dvar2": 0.0403522998095, "dvar": 0.0163981225342, "dmean": 0.0166782494634, "max": 1, "var": 0.0732297822833, "mean": 0.0795599296689}, "erbbands_kurtosis": {"dmean2": 1.45198488235, "median": -0.0945761203766, "min": -1.88866615295, "dvar2": 7.24172592163, "dvar": 3.10981798172, "dmean": 0.923253715038, "max": 74.4314041138, "var": 7.71494483948, "mean": 0.572531998158}, "erbbands": {"dmean2": [0.184725508094, 0.738165795803, 0.951884329319, 1.09412026405, 4.99573469162, 7.14711809158, 5.91588497162, 8.88099098206, 7.85906028748, 15.7425470352, 21.1509799957, 25.942489624, 23.6099586487, 19.2829875946, 22.7314243317, 29.6409244537, 32.369644165, 43.0664787292, 25.0648059845, 36.7498931885, 25.8578872681, 27.1536197662, 20.2615871429, 19.0608119965, 18.2774963379, 18.0177745819, 13.2238788605, 5.67450857162, 3.8325316906, 3.23628616333, 2.88115787506, 2.41618657112, 2.17831397057, 1.90013742447, 0.822509765625, 0.430026739836, 0.0932920724154, 0.0180961918086, 0.00297721056268, 0.000188484424143], "median": [0.0160561930388, 0.342846035957, 1.00965535641, 1.05054414272, 3.29099941254, 4.33230876923, 3.43856263161, 4.21428537369, 3.41180253029, 4.86318969727, 7.45235538483, 8.79185390472, 8.21916866302, 7.78868627548, 7.6561627388, 10.7008066177, 13.3880367279, 16.7094402313, 12.7248907089, 14.4078855515, 14.4396467209, 15.8767585754, 15.4674110413, 16.5164928436, 14.8990259171, 12.382692337, 9.59015274048, 3.58439922333, 1.66436970234, 1.30277836323, 1.22286379337, 1.09574043751, 0.813451528549, 0.590680956841, 0.248234689236, 0.0638209730387, 0.00919572915882, 0.00120027025696, 0.000121534380014, 3.31542032654e-05], "min": [3.57334981673e-22, 2.10872269024e-21, 2.35292219943e-20, 1.92768334836e-20, 1.00379188052e-19, 1.42540176745e-19, 6.4772377866e-20, 1.64686037716e-19, 4.15136953076e-19, 4.39680823567e-19, 5.73683772608e-19, 8.19920810208e-19, 4.36003540455e-19, 5.32295687262e-19, 1.93439432929e-18, 1.95476447906e-18, 4.06574822065e-18, 3.68095000355e-18, 4.9742584718e-18, 4.56013628839e-18, 5.43038033723e-18, 7.72140262748e-18, 1.15729019705e-17, 1.19008633669e-17, 1.17568867911e-17, 1.4180238127e-17, 1.23740445917e-17, 1.14906653284e-17, 1.62876163951e-17, 1.76189255407e-17, 1.30002426493e-17, 1.59136232247e-17, 1.4388608232e-17, 1.31344518765e-17, 9.41508967327e-18, 5.33856618436e-18, 3.26817943326e-18, 1.30279498911e-18, 3.17163742621e-19, 3.15738491038e-20], "dvar2": [0.410149753094, 4.23732328415, 6.79727840424, 5.6978802681, 131.714630127, 255.406921387, 185.610290527, 415.769989014, 405.334747314, 1551.56408691, 2260.07446289, 3533.49047852, 3128.32080078, 2508.35522461, 4145.50634766, 4029.66674805, 4315.23925781, 7908.27099609, 3188.2109375, 11855.2421875, 2891.73950195, 2988.96826172, 1934.8729248, 1023.07318115, 1182.22045898, 1508.61694336, 751.883911133, 179.491073608, 90.4603042603, 63.6006240845, 59.5986785889, 72.4976425171, 128.458450317, 121.62588501, 14.2170143127, 6.03729391098, 0.0841427072883, 0.0024484267924, 8.07416872703e-05, 3.19503385526e-07], "dvar": [0.190498918295, 1.60259509087, 2.49497175217, 2.12001895905, 47.0651855469, 97.7828216553, 82.0356140137, 194.93019104, 173.705963135, 714.692749023, 1180.96630859, 1658.02893066, 1579.66796875, 1306.88439941, 2684.75048828, 2183.04858398, 1951.22912598, 3486.53149414, 1394.7824707, 4243.25292969, 1251.92956543, 1334.58300781, 807.649963379, 418.208984375, 449.886138916, 590.515258789, 290.55859375, 65.95362854, 36.5514411926, 27.2423763275, 25.5401611328, 33.5860023499, 58.890712738, 55.3632316589, 6.38548469543, 2.3568136692, 0.0338128954172, 0.00097287283279, 3.22123378282e-05, 1.2687439721e-07], "dmean": [0.125381916761, 0.430742144585, 0.557980060577, 0.643407225609, 2.99706315994, 4.3977432251, 3.84268283844, 5.88521528244, 4.94644927979, 10.3074359894, 14.7131471634, 17.8881072998, 16.7040576935, 13.3316230774, 16.435546875, 20.4115219116, 21.0964679718, 27.57695961, 15.9244451523, 22.381023407, 16.2610549927, 16.8450317383, 12.7740802765, 12.2510147095, 11.4342031479, 11.3546228409, 8.37061882019, 3.64243030548, 2.51761865616, 2.18050956726, 1.89650189877, 1.62369441986, 1.45012056828, 1.26919603348, 0.556086778641, 0.290393769741, 0.0605896562338, 0.0113829802722, 0.00185447838157, 0.000117858915473], "max": [5.93876886368, 18.4680042267, 27.9679012299, 21.4166851044, 98.473739624, 142.995605469, 239.15675354, 365.160766602, 382.332366943, 563.592346191, 933.679443359, 1087.98669434, 1051.54003906, 1235.07189941, 2243.68994141, 1716.50390625, 1148.97436523, 1011.97631836, 1446.88183594, 1612.91882324, 1208.39562988, 1438.62145996, 1148.58605957, 576.253356934, 475.013061523, 604.136230469, 333.454833984, 163.895828247, 168.929153442, 115.299186707, 137.464065552, 245.940032959, 404.106231689, 353.966461182, 109.436439514, 78.9468078613, 4.44420623779, 0.686165928841, 0.119226552546, 0.00679932441562], "var": [0.213033378124, 1.69644320011, 2.52856397629, 2.57576775551, 51.2120361328, 199.913467407, 292.75177002, 639.819763184, 398.558837891, 1946.30090332, 4225.70117188, 4849.4453125, 3053.44262695, 4319.04345703, 14788.6806641, 8140.18945312, 4401.49560547, 6327.29589844, 2573.52050781, 5518.28125, 2894.42358398, 2837.31713867, 2303.47607422, 1190.83728027, 772.699035645, 1079.87609863, 479.639984131, 129.655609131, 112.145507812, 77.4211730957, 59.6396369934, 84.4460144043, 155.419158936, 114.905029297, 16.732542038, 3.17731237411, 0.0508456602693, 0.00127019744832, 3.46286360582e-05, 1.24742669527e-07], "mean": [0.157706767321, 0.748070955276, 1.21289110184, 1.39559042454, 5.42373132706, 8.96189498901, 8.12516593933, 11.8520402908, 8.65232753754, 18.3391819, 27.7661209106, 32.6848754883, 27.3900508881, 24.6106376648, 32.4159698486, 34.6058616638, 34.6327056885, 41.1218833923, 26.5383033752, 33.9332962036, 28.272064209, 32.0220069885, 26.2840538025, 25.9226341248, 23.6055622101, 22.7329978943, 16.7058238983, 7.67617893219, 5.57485771179, 4.5597653389, 3.82872796059, 3.29862093925, 2.80794262886, 2.41144943237, 1.06607151031, 0.406763136387, 0.0756877064705, 0.0126723796129, 0.00184667587746, 0.000131622757181]}, "spectral_strongpeak": {"dmean2": 1.17894923687, "median": 0.447605103254, "min": 0, "dvar2": 3.93147516251, "dvar": 1.52643918991, "dmean": 0.699077188969, "max": 18.7104320526, "var": 2.59283947945, "mean": 1.15436458588}, "spectral_energy": {"dmean2": 0.00968279503286, "median": 0.0161118786782, "min": 1.00485173799e-20, "dvar2": 0.00027385156136, "dvar": 0.000127809005789, "dmean": 0.00670992722735, "max": 0.149560421705, "var": 0.000324844761053, "mean": 0.0212152674794}, "average_loudness": 0.892116546631, "spectral_rolloff": {"dmean2": 934.800415039, "median": 1916.45507812, "min": 64.599609375, "dvar2": 1812179.5, "dvar": 917283.8125, "dmean": 590.819580078, "max": 18626.2207031, "var": 3408601.5, "mean": 2208.16894531}, "spectral_centroid": {"dmean2": 399.773742676, "median": 1932.20874023, "min": 259.890411377, "dvar2": 210705.578125, "dvar": 115140.9375, "dmean": 268.647521973, "max": 11211.59375, "var": 544118.375, "mean": 1873.36364746}, "pitch_salience": {"dmean2": 0.0937093272805, "median": 0.558300852776, "min": 0.0172581132501, "dvar2": 0.00768872862682, "dvar": 0.00343007151969, "dmean": 0.0599751919508, "max": 0.977507889271, "var": 0.0196864586323, "mean": 0.539368569851}, "spectral_energyband_middle_high": {"dmean2": 0.00319771235809, "median": 0.00411634799093, "min": 1.3224789352e-21, "dvar2": 2.11108872463e-05, "dvar": 1.02148806036e-05, "dmean": 0.00224684970453, "max": 0.0790056735277, "var": 5.57274433959e-05, "mean": 0.00648959167302}, "spectral_contrast_coeffs": {"dmean2": [0.0722236484289, 0.0731905847788, 0.0686480104923, 0.0573820769787, 0.0382718555629, 0.0309898573905], "median": [-0.646264433861, -0.727566480637, -0.751110613346, -0.75609767437, -0.767305850983, -0.763776600361], "min": [-0.993062615395, -0.976029515266, -0.987862050533, -0.974818468094, -0.960991561413, -0.959803640842], "dvar2": [0.00473510380834, 0.0038198994007, 0.00336926290765, 0.00229801004753, 0.000986271770671, 0.000917938130442], "dvar": [0.00193189759739, 0.00160657381639, 0.00154165516142, 0.00098109128885, 0.000418790063122, 0.000392178539187], "dmean": [0.0453162491322, 0.0459974221885, 0.0444439575076, 0.036219522357, 0.0236982274801, 0.0194620694965], "max": [-0.226867735386, -0.329236775637, -0.404299765825, -0.511711597443, -0.487162411213, -0.544793069363], "var": [0.0116118071601, 0.00817843899131, 0.00785857066512, 0.00440689828247, 0.00217202142812, 0.0021436624229], "mean": [-0.635771691799, -0.715885698795, -0.739020228386, -0.751082479954, -0.766168832779, -0.763547599316]}, "melbands_skewness": {"dmean2": 0.934048950672, "median": 1.80341088772, "min": -2.59444522858, "dvar2": 1.09574043751, "dvar": 0.498194366693, "dmean": 0.62011885643, "max": 21.8809909821, "var": 6.31158685684, "mean": 2.33299803734}, "spectral_spread": {"dmean2": 827960.9375, "median": 4400435.5, "min": 1503915.125, "dvar2": 1483447205890.0, "dvar": 873642328064, "dmean": 558832.4375, "max": 40878812, "var": 2808772034560.0, "mean": 4558695.5}, "dissonance": {"dmean2": 0.0253621563315, "median": 0.476045131683, "min": 0.145568013191, "dvar2": 0.000786585791502, "dvar": 0.00031599617796, "dmean": 0.0154948374256, "max": 0.5, "var": 0.000994394067675, "mean": 0.466736704111}, "spectral_skewness": {"dmean2": 0.311281114817, "median": 1.37739920616, "min": -0.886051177979, "dvar2": 0.124587550759, "dvar": 0.0511055104434, "dmean": 0.194158270955, "max": 4.50619840622, "var": 0.198706284165, "mean": 1.39418280125}, "spectral_flux": {"dmean2": 0.0341704376042, "median": 0.0623260065913, "min": 1.00242293632e-10, "dvar2": 0.00152465491556, "dvar": 0.000653657596558, "dmean": 0.0220697186887, "max": 0.309077948332, "var": 0.0021796147339, "mean": 0.071861281991}, "spectral_contrast_valleys": {"dmean2": [0.607531249523, 0.587324082851, 0.572743296623, 0.465684443712, 0.377177149057, 0.391596138477], "median": [-7.43188095093, -7.0083861351, -7.664955616, -7.62268018723, -7.23133707047, -9.9382686615], "min": [-27.2784538269, -27.6560192108, -27.5028953552, -27.5683822632, -27.2947120667, -27.3857364655], "dvar2": [0.351563155651, 0.274515986443, 0.255432248116, 0.191800430417, 0.162571117282, 0.292677849531], "dvar": [0.174627512693, 0.131772622466, 0.128021731973, 0.10585385561, 0.103436492383, 0.176521852612], "dmean": [0.38419046998, 0.367905169725, 0.368326425552, 0.304330319166, 0.265841603279, 0.316261142492], "max": [-5.36870193481, -4.68651247025, -5.36533641815, -5.58933734894, -5.33091640472, -7.26336479187], "var": [2.86487102509, 2.38247799873, 2.37187671661, 2.23634815216, 2.11346364021, 2.85806012154], "mean": [-7.95416545868, -7.30930137634, -7.89394903183, -7.89530277252, -7.50681972504, -10.308795929]}, "erbbands_flatness_db": {"dmean2": 0.0264197196811, "median": 0.152426466346, "min": 0.0505649410188, "dvar2": 0.000750028179027, "dvar": 0.000390268513002, "dmean": 0.0186421610415, "max": 0.379675656557, "var": 0.00220011803322, "mean": 0.156792908907}, "spectral_energyband_high": {"dmean2": 0.00069807987893, "median": 0.000647884502541, "min": 7.57386763693e-21, "dvar2": 2.3240900191e-06, "dvar": 1.11443728201e-06, "dmean": 0.000495148648042, "max": 0.026889083907, "var": 3.82735652238e-06, "mean": 0.00126740639098}, "spectral_entropy": {"dmean2": 0.194051370025, "median": 7.67270898819, "min": 4.95859050751, "dvar2": 0.0445877350867, "dvar": 0.0255040824413, "dmean": 0.140610054135, "max": 9.80098628998, "var": 0.215827181935, "mean": 7.62130498886}, "silence_rate_20dB": {"dmean2": 0, "median": 1, "min": 1, "dvar2": 0, "dvar": 0, "dmean": 0, "max": 1, "var": 0, "mean": 1}, "melbands_flatness_db": {"dmean2": 0.0320499874651, "median": 0.156106755137, "min": 0.0056464439258, "dvar2": 0.00113027403131, "dvar": 0.000583730346989, "dmean": 0.0229518581182, "max": 0.649115264416, "var": 0.00897506903857, "mean": 0.173294484615}, "barkbands": {"dmean2": [0.000767029181588, 0.00380793004297, 0.000768508063629, 0.00044361219625, 0.00202020443976, 0.000923399464227, 0.000811348611023, 0.000797155953478, 0.00139334984124, 0.000496357039083, 0.000617744633928, 0.000870592368301, 0.000732485612389, 0.000799776695203, 0.000663479440846, 0.000503400573507, 0.000484533928102, 0.000392284942791, 0.000391366193071, 0.000378530879971, 0.000207858392969, 0.000105498824269, 9.91144333966e-05, 0.000119029667985, 0.000135191046866, 6.9484616688e-05, 1.7354155716e-05], "median": [1.29632162498e-05, 0.00118806888349, 0.000694995629601, 0.000244187889621, 0.00161341053899, 0.000485366530484, 0.000200357491849, 0.000264436355792, 0.000435009016655, 0.000127203646116, 0.000144804347656, 0.000248946249485, 0.000256741099292, 0.000286765745841, 0.000266634684522, 0.000241747417022, 0.000250815181062, 0.00027354672784, 0.000311067531584, 0.000268800300546, 0.000130725413328, 4.53620887129e-05, 4.0620299842e-05, 5.33102065674e-05, 4.45685182058e-05, 7.39480265111e-06, 5.43801490949e-07], "min": [2.56906654674e-24, 8.27772337118e-24, 1.74103952588e-23, 8.71658246997e-24, 5.55470537286e-23, 1.51886410944e-23, 2.08780652928e-23, 3.10318063928e-23, 3.47432328688e-23, 1.14344725569e-23, 4.58458979071e-23, 2.92298587587e-23, 9.58873304506e-23, 9.34250999279e-23, 8.76455452157e-23, 1.00725698372e-22, 1.2331868732e-22, 1.94781154961e-22, 2.09699562286e-22, 3.11706863018e-22, 3.39079882045e-22, 4.70286105566e-22, 5.16525269567e-22, 9.08481601944e-22, 1.32042522103e-21, 1.67020720664e-21, 2.18483562545e-21], "dvar2": [7.00204827808e-06, 0.000150494175614, 4.88109299113e-06, 8.61812338826e-07, 1.86654560821e-05, 3.84571330869e-06, 4.38055167251e-06, 3.62571972801e-06, 8.86795714905e-06, 2.28385420087e-06, 3.12322049467e-06, 3.85345856557e-06, 2.30650857702e-06, 2.61499985754e-06, 2.12516965803e-06, 1.20389267977e-06, 9.96350422611e-07, 5.9418505316e-07, 4.78714753172e-07, 5.56695511023e-07, 2.28456187301e-07, 6.45778186481e-08, 7.01891593735e-08, 2.74057811112e-07, 4.6947525334e-07, 9.91939330675e-08, 2.58383159313e-09], "dvar": [3.4717543258e-06, 6.69635992381e-05, 1.81058362614e-06, 3.16549801482e-07, 6.77630487189e-06, 1.85482679171e-06, 1.79375365406e-06, 1.91164917851e-06, 4.34318235421e-06, 1.12680265829e-06, 1.91243452718e-06, 2.39214841713e-06, 1.02950446035e-06, 1.14960755582e-06, 8.01883572876e-07, 4.96373615988e-07, 4.51306704008e-07, 2.48055755492e-07, 1.85105903938e-07, 2.19919456868e-07, 8.38899794076e-08, 2.66738595656e-08, 3.03576896954e-08, 1.28127879861e-07, 2.16875420733e-07, 3.93129155896e-08, 1.03344288682e-09], "dmean": [0.000521908281371, 0.00249930121936, 0.000454160181107, 0.00026181031717, 0.00123422744218, 0.000617213256191, 0.000503772229422, 0.000549480435438, 0.000978254480287, 0.000340645405231, 0.000431072257925, 0.000592177617364, 0.000468028098112, 0.000509272329509, 0.000405904633226, 0.000314137607347, 0.000301042979117, 0.000244899216341, 0.000245818373514, 0.000239870350924, 0.000131245091325, 7.03644254827e-05, 6.5956657636e-05, 8.04856463219e-05, 9.14978154469e-05, 4.61861272925e-05, 1.07293217297e-05], "max": [0.0236452985555, 0.124798327684, 0.0256966874003, 0.00953573361039, 0.0353237129748, 0.0328267812729, 0.0258249044418, 0.0389562547207, 0.0447177626193, 0.035952962935, 0.0505774840713, 0.0758127644658, 0.0266515687108, 0.02687439695, 0.0228132382035, 0.0203306749463, 0.0326420590281, 0.0172353200614, 0.00789122842252, 0.0111617436633, 0.00550692528486, 0.00361654302105, 0.00515561783686, 0.0193882361054, 0.0204080417752, 0.00933421030641, 0.000606434536166], "var": [3.9676419874e-06, 7.9995021224e-05, 1.82358940037e-06, 5.28541420408e-07, 1.03729662442e-05, 6.46036460239e-06, 3.73775651497e-06, 6.19785532763e-06, 1.26657096189e-05, 2.25759026762e-06, 7.75043463364e-06, 1.05880662886e-05, 2.43187992055e-06, 2.0217967176e-06, 1.19269702736e-06, 1.03883758129e-06, 8.90016281119e-07, 7.91954789747e-07, 3.58697690217e-07, 4.14328155784e-07, 1.34498918669e-07, 8.40350367071e-08, 7.28137408146e-08, 3.54119435997e-07, 5.36616880709e-07, 4.99026526768e-08, 1.09863218523e-09], "mean": [0.000497139350045, 0.00407586153597, 0.000964942388237, 0.00052624946693, 0.00251429225318, 0.00128187111113, 0.000783111492638, 0.00100358517375, 0.0017679638695, 0.000534884282388, 0.000760644848924, 0.000991356559098, 0.00071948103141, 0.000716984621249, 0.000617242534645, 0.000505400646944, 0.00053065357497, 0.000471902574645, 0.000499751185998, 0.000485014898004, 0.00026004112442, 0.0001562203106, 0.000133594090585, 0.000163249627803, 0.00018369423924, 5.93250188103e-05, 1.03951806523e-05]}, 