{"metadata": {"tags": {"label": ["Blood and Fire"], "releasecountry": ["US"], "musicbrainz_releasetrackid": ["837974f8-1300-3786-b620-1c82c0b3dbe8"], "catalognumber": ["BAFCD 021"], "discsubtitle": ["Conquering Lion Style"], "genre": ["Jamaica - Reggae"], "releasetype": ["album", "compilation"], "originalyear": ["1997"], "tracknumber": ["22"], "disctotal": ["2"], "musicbrainz_albumartistid": ["3608221f-7ee6-4997-84e0-28353b2e5530"], "album": ["Jesus Dread 1972-1977 (Disc1: Conquering Lion Style)"], "script": ["Latn"], "albumartistsort": ["U, Yabby"], "releasestatus": ["official"], "acoustid_id": ["d2eebb32-fa17-45be-bc1c-e983732d439a"], "musicbrainz_artistid": ["862c35ad-044f-42fd-9855-8a918d955e69"], "musicbrainz_releasegroupid": ["f0888e10-b754-3c31-bc1d-6f4ab2c768ba"], "musicbrainz_recordingid": ["1ba20679-748d-4159-8717-701163bb29d0"], "totaltracks": ["25"], "albumartist": ["Yabby You"], "barcode": ["783564002122"], "originaldate": ["1997-11-07"], "artist": ["Tappa Zukie"], "bpm": ["142"], "musicbrainz_albumid": ["bfa82e8e-1cb4-34d6-a980-e362f9628ac5"], "artistsort": ["Zukie, Tapper"], "title": ["Natty Dread On The Mountain Top"], "asin": ["B000005L8T"], "tracktotal": ["25"], "totaldiscs": ["2"], "compilation": ["1"], "date": ["1997-11-07"], "musicip_puid": ["32c54d0a-583b-a7cc-0a91-f79afd379310"], "media": ["CD"], "file_name": "22 - Tappa Zukie - Natty Dread On The Mountain Top.flac", "discnumber": ["1"]}, "audio_properties": {"sample_rate": 44100, "downmix": "mix", "lossless": true, "analysis_sample_rate": 44100, "md5_encoded": "ef3eef68954a494224578e89b9a1320f", "equal_loudness": 0, "replay_gain": -15.1017456055, "codec": "flac", "bit_rate": 0, "length": 178.466659546}, "version": {"extractor": "music 1.0", "essentia_build_sha": "2d9f1f26377add8aeb1075a9c2973f962c4f09fd", "essentia_git_sha": "v2.1_beta2-1-ge3940c0", "essentia": "2.1-beta2"}}, "rhythm": {"beats_loudness_band_ratio": {"dvar2": [0.133870020509, 0.0245013516396, 0.0703965872526, 0.0357137545943, 0.0348199978471, 0.0699498355389], "var": [0.0779500454664, 0.00849742628634, 0.0355342105031, 0.0136570287868, 0.0197790693492, 0.0311968959868], "min": [0, 0, 0, 0, 0, 0], "dmean": [0.252039223909, 0.0660539269447, 0.162432938814, 0.112354613841, 0.132427185774, 0.169825360179], "mean": [0.272673785686, 0.0659244060516, 0.184994876385, 0.111818559468, 0.182686522603, 0.198655083776], "max": [0.992775440216, 0.65784829855, 0.930270135403, 0.739714086056, 0.743120372295, 0.938372373581], "dmean2": [0.438747256994, 0.118867248297, 0.288154542446, 0.199061468244, 0.232642710209, 0.313707798719], "median": [0.207186445594, 0.0323039032519, 0.119459658861, 0.0677978396416, 0.153832525015, 0.14996278286], "dvar": [0.0518813319504, 0.00894226692617, 0.026089720428, 0.0130175789818, 0.0121581461281, 0.023436807096]}, "bpm_histogram_first_peak_weight": {"dvar2": 0, "var": 0, "min": 0.522781789303, "dmean": 0, "mean": 0.522781789303, "max": 0.522781789303, "dmean2": 0, "median": 0.522781789303, "dvar": 0}, "bpm": 142.430252075, "beats_count": 418, "bpm_histogram_first_peak_spread": {"dvar2": 0, "var": 0, "min": 0.397790044546, "dmean": 0, "mean": 0.397790044546, "max": 0.397790044546, "dmean2": 0, "median": 0.397790044546, "dvar": 0}, "danceability": 1.0487704277, "bpm_histogram_first_peak_bpm": {"dvar2": 0, "var": 0, "min": 144, "dmean": 0, "mean": 144, "max": 144, "dmean2": 0, "median": 144, "dvar": 0}, "beats_position": [0.441179126501, 0.893968224525, 1.34675729275, 1.79954648018, 2.2523355484, 2.70512461662, 3.15791368484, 3.59909296036, 4.02866220474, 4.46984100342, 4.8994102478, 5.32897949219, 5.75854873657, 6.18811798096, 6.6176867485, 7.05886602402, 7.55809497833, 8.05732440948, 8.54494285583, 8.99773216248, 9.45052146912, 9.91492080688, 10.379319191, 10.8437185287, 11.3081178665, 11.7725172043, 12.2369155884, 12.689704895, 13.1424942017, 13.5836734772, 14.0248527527, 14.4776411057, 14.9304304123, 15.3716096878, 15.8127889633, 16.242357254, 16.6719264984, 17.1014957428, 17.5310649872, 18.0070743561, 18.4946937561, 18.9823131561, 19.458322525, 19.9343299866, 20.4103393555, 20.8747386932, 21.339138031, 21.8035373688, 22.2563266754, 22.6510658264, 23.0574150085, 23.4521541595, 23.8585033417, 24.2648525238, 24.6712017059, 25.0775508881, 25.4955101013, 25.9134693146, 26.3314285278, 26.7493877411, 27.1905670166, 27.620136261, 28.0497055054, 28.4676647186, 28.8856239319, 29.291973114, 29.6983222961, 30.1162815094, 30.5342407227, 30.9521980286, 31.3701572418, 31.7881164551, 32.2060775757, 32.6356468201, 33.053604126, 33.4715652466, 33.901134491, 34.3190917969, 34.7486610413, 35.1666221619, 35.5845794678, 36.0141487122, 36.4321098328, 36.8500671387, 37.2680282593, 37.6859855652, 38.1039466858, 38.5219039917, 38.9514732361, 39.3810424805, 39.7989997864, 40.216960907, 40.6465301514, 41.0644874573, 41.4940567017, 41.9120178223, 42.3415870667, 42.7595443726, 43.1891136169, 43.6070747375, 44.0250320435, 44.4429931641, 44.86095047, 45.2789115906, 45.6968688965, 46.1264381409, 46.5560073853, 46.9739685059, 47.3919258118, 47.8098869324, 48.2278442383, 48.6458053589, 49.0637626648, 49.4933319092, 49.9112930298, 50.3408622742, 50.7588195801, 51.1767807007, 51.6063499451, 52.0126991272, 52.4306564331, 52.8486175537, 53.2665748596, 53.6845359802, 54.1024932861, 54.5204544067, 54.9384117126, 55.3447608948, 55.7511100769, 56.1690673828, 56.5870285034, 57.0049858093, 57.4229469299, 57.8409042358, 58.2588653564, 58.6768226624, 59.094783783, 59.5243530273, 59.9539222717, 60.3718795776, 60.7898406982, 61.2077980042, 61.6257591248, 62.0437164307, 62.4616775513, 62.8796348572, 63.2975959778, 63.7155532837, 64.1335144043, 64.5514755249, 64.9694290161, 65.3990020752, 65.8285675049, 66.2465286255, 66.6644897461, 67.0824508667, 67.5004043579, 67.9183654785, 68.3363265991, 68.7542877197, 69.1722412109, 69.5785903931, 69.9965515137, 70.4145126343, 70.8324737549, 71.2504272461, 71.6800003052, 72.0979614258, 72.5275268555, 72.9570999146, 73.3866653442, 73.8162307739, 74.2341918945, 74.6521530151, 75.0701141357, 75.4996795654, 75.9060287476, 76.3239898682, 76.7419509888, 77.15990448, 77.5778656006, 77.9958267212, 78.4137878418, 78.831741333, 79.2497024536, 79.6676635742, 80.0856246948, 80.503578186, 80.9215393066, 81.3395004272, 81.7574615479, 82.1754150391, 82.5933761597, 83.0113372803, 83.4176864624, 83.8240356445, 84.2419967651, 84.6599502563, 85.077911377, 85.4958724976, 85.9138336182, 86.3550109863, 86.7729721069, 87.1909255981, 87.6088867188, 88.0268478394, 88.44480896, 88.8627624512, 89.2807235718, 89.6986846924, 90.116645813, 90.5345993042, 90.9525604248, 91.3821334839, 91.8116989136, 92.2528762817, 92.6824493408, 93.1120147705, 93.5299758911, 93.9479370117, 94.3658905029, 94.7838516235, 95.2018127441, 95.6197738647, 96.037727356, 96.4556884766, 96.8736495972, 97.3032150269, 97.7327880859, 98.1507492065, 98.5919265747, 99.0098876953, 99.439453125, 99.8690261841, 100.286979675, 100.704940796, 101.122901917, 101.552467346, 101.982040405, 102.400001526, 102.817955017, 103.235916138, 103.665489197, 104.095054626, 104.513015747, 104.954193115, 105.372154236, 105.790107727, 106.208068848, 106.626029968, 107.043991089, 107.46194458, 107.891517639, 108.321083069, 108.750656128, 109.180221558, 109.598182678, 110.016143799, 110.434104919, 110.863670349, 111.293243408, 111.722808838, 112.152381897, 112.581947327, 113.011520386, 113.441085815, 113.870658875, 114.300224304, 114.729797363, 115.147750854, 115.565711975, 115.983673096, 116.413238525, 116.831199646, 117.260765076, 117.678726196, 118.096687317, 118.514648438, 118.932601929, 119.350563049, 119.76852417, 120.186485291, 120.604438782, 121.034011841, 121.463577271, 121.881538391, 122.31111145, 122.74067688, 123.158638, 123.576599121, 123.994552612, 124.412513733, 124.830474854, 125.260040283, 125.689613342, 126.107574463, 126.502311707, 126.931877136, 127.361450195, 127.791015625, 128.220581055, 128.638549805, 129.068115234, 129.497680664, 129.927261353, 130.356826782, 130.774780273, 131.192733765, 131.610702515, 132.040267944, 132.469833374, 132.887802124, 133.305755615, 133.735321045, 134.164901733, 134.582855225, 135.000808716, 135.430389404, 135.859954834, 136.277908325, 136.707473755, 137.137054443, 137.555007935, 137.984573364, 138.402542114, 138.832107544, 139.261672974, 139.691238403, 140.120819092, 140.550384521, 140.968338013, 141.386306763, 141.815872192, 142.245437622, 142.663391113, 143.081359863, 143.510925293, 143.940490723, 144.370071411, 144.799636841, 145.229202271, 145.647155762, 146.07673645, 146.494689941, 146.912643433, 147.342224121, 147.771789551, 148.20135498, 148.63092041, 149.060501099, 149.490066528, 149.90802002, 150.337600708, 150.767166138, 151.185119629, 151.59147644, 152.02104187, 152.438995361, 152.845352173, 153.251693726, 153.669662476, 154.110839844, 154.528793335, 154.958358765, 155.387939453, 155.805892944, 156.235458374, 156.665023804, 157.082992554, 157.512557983, 157.942123413, 158.360092163, 158.778045654, 159.195999146, 159.613967896, 160.031921387, 160.461486816, 160.879455566, 161.297409058, 161.703765869, 162.12171936, 162.55128479, 162.980865479, 163.39881897, 163.816772461, 164.234741211, 164.652694702, 165.070648193, 165.488616943, 165.894958496, 166.312927246, 166.742492676, 167.160446167, 167.590026855, 168.007980347, 168.425933838, 168.843902588, 169.261856079, 169.691421509, 170.109390259, 170.52734375, 170.945297241, 171.363265991, 171.781219482, 172.199172974, 172.628753662, 173.046707153, 173.464660645, 173.894241333, 174.335418701, 174.764984131, 175.206161499, 175.647338867, 176.088516235, 176.529708862, 176.982498169, 177.435287476, 177.888076782], "beats_loudness": {"dvar2": 0.000136374117574, "var": 0.000102359808807, "min": 0, "dmean": 0.00801284890622, "mean": 0.0194748193026, "max": 0.0475031211972, "dmean2": 0.0137702031061, "median": 0.0207380838692, "dvar": 5.05803400301e-05}, "bpm_histogram_second_peak_weight": {"dvar2": 0, "var": 0, "min": 0.0431654676795, "dmean": 0, "mean": 0.0431654676795, "max": 0.0431654676795, "dmean2": 0, "median": 0.0431654676795, "dvar": 0}, "bpm_histogram_second_peak_spread": {"dvar2": 0, "var": 0, "min": 0.470588237047, "dmean": 0, "mean": 0.470588237047, "max": 0.470588237047, "dmean2": 0, "median": 0.470588237047, "dvar": 0}, "bpm_histogram_second_peak_bpm": {"dvar2": 0, "var": 0, "min": 136, "dmean": 0, "mean": 136, "max": 136, "dmean2": 0, "median": 136, "dvar": 0}, "onset_rate": 3.27767491341}, "lowlevel": {"spectral_energyband_high": {"dvar2": 1.3920910078e-06, "var": 2.28481940212e-06, "min": 7.14512393113e-21, "dmean": 0.00040756908129, "mean": 0.000855228339788, "max": 0.0217516366392, "dmean2": 0.000577740021981, "median": 0.000272214005236, "dvar": 7.45145712244e-07}, "spectral_energyband_middle_low": {"dvar2": 2.13957500819e-05, "var": 2.81267202809e-05, "min": 2.03487920057e-22, "dmean": 0.0020619102288, "mean": 0.00448716199026, "max": 0.0479171313345, "dmean2": 0.00315961241722, "median": 0.00256380299106, "dvar": 9.42016959016e-06}, "spectral_energy": {"dvar2": 5.50452787138e-05, "var": 0.000104889724753, "min": 9.82734430904e-21, "dmean": 0.00406052544713, "mean": 0.014113008976, "max": 0.058979794383, "dmean2": 0.00599609594792, "median": 0.0134071037173, "dvar": 2.55057148024e-05}, "spectral_spread": {"dvar2": 471625138176, "var": 5821222092800.0, "min": 1104189.875, "dmean": 268690.40625, "mean": 2979276, "max": 42382232, "dmean2": 412986.78125, "median": 2744100.5, "dvar": 243053068288}, "spectral_energyband_low": {"dvar2": 2.45848605118e-05, "var": 4.2466672312e-05, "min": 1.61147148878e-23, "dmean": 0.00153272063471, "mean": 0.00439908448607, "max": 0.04504461959, "dmean2": 0.00234956853092, "median": 0.00053025590023, "dvar": 1.04950731838e-05}, "spectral_rolloff": {"dvar2": 1168818.75, "var": 3316564.75, "min": 64.599609375, "dmean": 530.20513916, "mean": 2372.90429688, "max": 19293.75, "dmean2": 847.700866699, "median": 2497.8515625, "dvar": 598497.875}, "barkbands": {"dvar2": [1.52978696377e-08, 1.86298584595e-05, 3.88879107049e-06, 1.88134356449e-06, 1.04551941149e-06, 7.44563919852e-07, 1.20508557302e-05, 5.25311679667e-06, 5.98898168391e-06, 4.23622452672e-07, 1.55544256586e-07, 1.0146815157e-06, 9.58814212026e-07, 1.45270962548e-06, 1.85017677268e-06, 6.05118941621e-07, 9.80209847512e-07, 9.92167656477e-07, 9.45718511502e-07, 1.60779609359e-06, 3.4156605011e-07, 1.31669921188e-07, 3.81120521808e-08, 1.38747557887e-09, 1.37810873824e-11, 1.08581871792e-12, 4.4318113632e-13], "var": [8.42226910436e-08, 2.964210762e-05, 2.14054875869e-06, 7.08989546183e-07, 9.75725242824e-07, 6.79294771544e-07, 1.29500276671e-05, 5.54463849767e-06, 5.27328529643e-06, 4.35101270568e-07, 1.65980551969e-07, 3.76955568981e-07, 1.03549768937e-06, 1.55318116413e-06, 1.75799459612e-06, 4.45352753786e-07, 8.88877139005e-07, 1.01220746274e-06, 8.62335923557e-07, 1.94222002392e-06, 4.3746408096e-07, 1.0004949047e-07, 3.36133609835e-08, 2.02653693826e-09, 1.3440307027e-11, 4.14310675611e-13, 2.70018599494e-13], "min": [1.10068159732e-25, 3.03351806823e-24, 1.61305666532e-24, 6.12507993023e-25, 7.61690484607e-24, 9.41679986414e-24, 1.00158008821e-23, 4.14206169985e-24, 1.4814416525e-23, 1.25745485366e-23, 1.91904299147e-23, 3.1156632587e-23, 3.64373242845e-23, 2.91710570668e-23, 4.41619196882e-23, 4.85611539875e-23, 7.34816423258e-23, 1.22488048341e-22, 1.65517596065e-22, 2.58504998097e-22, 2.6478708245e-22, 3.02485091658e-22, 4.25804498418e-22, 5.42890389415e-22, 9.52115985101e-22, 1.33184742207e-21, 2.01787741791e-21], "dmean": [4.26588412665e-05, 0.00115760066546, 0.000458722031908, 0.000248467171332, 0.00036447684397, 0.000169867198565, 0.00104297453072, 0.000390157510992, 0.000657167867757, 0.000147165890667, 8.83683896973e-05, 0.000178914066055, 0.000265631533694, 0.000312664167723, 0.000336999481078, 0.000200813927222, 0.000330435315846, 0.000317434052704, 0.000327824731357, 0.000421643140726, 0.000168602331541, 7.68444224377e-05, 3.51095441147e-05, 4.9146829042e-06, 4.46903271722e-07, 1.02926797751e-07, 4.9641521116e-08], "mean": [0.000139256735565, 0.00331935263239, 0.000769624428358, 0.000273629644653, 0.000634776195511, 0.000263806112343, 0.00166601745877, 0.000574739009608, 0.00100305466913, 0.000241477027885, 0.000136762784678, 0.00022227212321, 0.000424871628638, 0.000494295032695, 0.000535846222192, 0.000308077258524, 0.000580958614592, 0.000575482030399, 0.000619323633146, 0.000823028443847, 0.000310994015308, 0.000130989603349, 5.5647942645e-05, 7.62970284995e-06, 8.06817467947e-07, 2.14361037365e-07, 8.75262600175e-08], "max": [0.00218514166772, 0.0393598377705, 0.0183912012726, 0.0191592667252, 0.0221094451845, 0.0144304186106, 0.0340703316033, 0.0477646403015, 0.0378720089793, 0.0119573231786, 0.00788360554725, 0.0136970803142, 0.021110765636, 0.0261260643601, 0.0268794912845, 0.00975559465587, 0.0124968327582, 0.0170643124729, 0.0183062553406, 0.0189132802188, 0.0102912867442, 0.0101877665147, 0.00441047362983, 0.00235046027228, 0.000138770512422, 3.20051658491e-05, 2.32050479099e-05], "dmean2": [5.89673763898e-05, 0.00178257492371, 0.00075577275129, 0.000420157797635, 0.000571961398236, 0.000266434944933, 0.00160377821885, 0.000631681410596, 0.00103256118018, 0.00022369765793, 0.000136020185892, 0.000291070144158, 0.000402803212637, 0.000474689295515, 0.000508884491865, 0.000313782482408, 0.000519060762599, 0.000482522184029, 0.000494255218655, 0.000621276907623, 0.000247939955443, 0.000113163201604, 5.28827549715e-05, 6.93862148182e-06, 6.6503588414e-07, 1.51298507944e-07, 7.23374213862e-08], "median": [7.54573829909e-06, 0.000198445341084, 0.000136267874041, 5.62076638744e-05, 0.000328216527123, 3.93145382986e-05, 0.000172487314558, 3.21477891703e-05, 0.000173358625034, 4.46969497716e-05, 2.39037544816e-05, 5.56898958166e-05, 0.00010761556041, 0.000110154425784, 0.000133548324811, 9.80716577033e-05, 0.000215144857066, 0.00019634491764, 0.000286619848339, 0.000256414467003, 5.57458151889e-05, 3.93151931348e-05, 1.1835033547e-05, 1.48134085975e-06, 2.79687185412e-07, 1.12759593662e-07, 3.70346313616e-08], "dvar": [9.70681757195e-09, 7.76772958488e-06, 1.41386124142e-06, 6.57501402657e-07, 4.63221340397e-07, 3.33806639219e-07, 5.56892382519e-06, 2.17731508201e-06, 2.62564617515e-06, 1.83993705605e-07, 7.21701525208e-08, 3.8844390815e-07, 4.57308118484e-07, 7.01683575244e-07, 8.63407308316e-07, 2.56828343481e-07, 4.04056464731e-07, 4.34311999697e-07, 4.21073053758e-07, 7.68699521814e-07, 1.67723641198e-07, 6.04085883538e-08, 1.96626412929e-08, 9.05875319201e-10, 6.88381686723e-12, 4.24856547512e-13, 2.1227786781e-13]}, "melbands_skewness": {"dvar2": 1.86064088345, "var": 6.36477947235, "min": -2.88912725449, "dmean": 0.791111707687, "mean": 2.22434687614, "max": 18.4759540558, "dmean2": 1.16143774986, "median": 1.59995412827, "dvar": 0.983037650585}, "barkbands_skewness": {"dvar2": 0.980004251003, "var": 3.45950746536, "min": -4.90526199341, "dmean": 0.611552417278, "mean": 0.941405892372, "max": 14.7041654587, "dmean2": 0.887394726276, "median": 0.648033857346, "dvar": 0.524442493916}, "erbbands": {"dvar2": [0.0126112755388, 1.12540614605, 4.36163234711, 15.2279996872, 5.87065505981, 20.844455719, 30.7505378723, 67.0690155029, 1770.81323242, 2437.85009766, 2232.2409668, 4178.10693359, 624.370239258, 203.470657349, 348.190216064, 1989.62854004, 1814.64868164, 3759.44946289, 4404.57666016, 2934.14892578, 1638.07629395, 3186.39892578, 3081.02905273, 1216.67468262, 4035.71533203, 3538.70874023, 863.774475098, 371.20614624, 194.581176758, 105.113960266, 20.3309593201, 1.93520402908, 0.23333838582, 0.00862103980035, 0.000171229374246, 2.98196900985e-05, 3.15784905069e-06, 2.00969282105e-07, 1.18817959915e-08, 1.74963460386e-10], "var": [0.02215767093, 1.65971815586, 4.03381109238, 6.4716925621, 3.96434617043, 20.883272171, 30.075176239, 56.3674316406, 1944.24438477, 2426.97363281, 2416.55859375, 3735.04541016, 594.1484375, 263.427368164, 382.03515625, 670.929138184, 1774.35327148, 4672.59130859, 3976.95556641, 2657.36254883, 1221.91821289, 2871.02050781, 3293.53393555, 1275.79162598, 3915.49316406, 4208.31738281, 1295.29675293, 389.544281006, 141.037857056, 90.3459320068, 17.5049571991, 2.33571529388, 0.27166762948, 0.00906211044639, 0.000142029413837, 1.08532176455e-05, 1.302289661e-06, 1.265411953e-07, 7.56155849047e-09, 2.54687632095e-10], "min": [1.19041634953e-22, 7.26150931364e-22, 3.20834056898e-21, 1.1875050918e-20, 1.53141310551e-20, 3.35035839247e-20, 3.00504376783e-20, 1.0666125645e-19, 1.72067358063e-19, 5.28012455577e-20, 2.46594638119e-19, 4.66511305615e-19, 7.4740043834e-19, 6.13688294983e-19, 1.22147641405e-18, 1.80080528075e-18, 1.89060566241e-18, 1.50489620247e-18, 2.60441103905e-18, 3.31949337576e-18, 3.77908133475e-18, 4.40168032948e-18, 6.45486875488e-18, 7.84076478987e-18, 8.17180081665e-18, 1.19398914026e-17, 1.10738374372e-17, 1.1767658337e-17, 1.22969976808e-17, 1.31848081507e-17, 1.11202976906e-17, 1.04079967487e-17, 1.09374973927e-17, 9.47995386818e-18, 6.96625703857e-18, 4.82036027807e-18, 2.24719908858e-18, 8.70533148457e-19, 2.6425734819e-19, 2.86706131748e-20], "dmean": [0.0298676583916, 0.280147731304, 0.558002114296, 0.719199597836, 0.778770208359, 1.49771225452, 1.3223515749, 1.69520878792, 11.8891277313, 12.9396409988, 9.2079706192, 16.9648303986, 4.93105745316, 3.95243930817, 4.58073091507, 7.19989109039, 12.2197246552, 15.3912229538, 16.5023174286, 13.2422733307, 10.8550395966, 18.4440288544, 17.9787960052, 12.1828813553, 19.8537845612, 19.6413097382, 9.2753572464, 5.03317546844, 2.95541906357, 1.95298779011, 0.761508762836, 0.201440185308, 0.0467233210802, 0.00935972575098, 0.00191365531646, 0.000584216089919, 0.000176147354068, 4.71391394967e-05, 1.03561878859e-05, 5.65266373087e-06], "mean": [0.0878301039338, 0.742056667805, 1.17124462128, 0.909357607365, 1.2337949276, 2.5340294838, 2.07982945442, 2.8027305603, 19.5313339233, 19.8504447937, 14.4810228348, 26.0428848267, 8.4530172348, 6.98887252808, 7.66329336166, 9.31688976288, 19.7793750763, 26.202041626, 27.4365100861, 22.0060100555, 18.458147049, 34.6195716858, 34.6898727417, 24.7515392303, 39.072593689, 38.5729866028, 18.1098690033, 9.21194648743, 5.16227722168, 3.14965653419, 1.21249496937, 0.322190970182, 0.074128806591, 0.0156705025584, 0.0037543522194, 0.00120603980031, 0.00036532440572, 9.34276395128e-05, 2.36027844949e-05, 1.91831895791e-05], "max": [1.26812779903, 10.0289850235, 20.47864151, 54.8076629639, 43.0741004944, 93.7846298218, 101.769569397, 166.698989868, 539.482543945, 669.812805176, 1021.94561768, 1156.9095459, 569.39642334, 254.691390991, 392.106719971, 638.333740234, 758.40814209, 1432.2064209, 1490.85009766, 960.098022461, 498.600158691, 741.311157227, 784.483825684, 478.102081299, 1200.26550293, 832.81854248, 506.348846436, 368.86706543, 433.055480957, 265.181518555, 104.061592102, 74.6319198608, 27.6170558929, 4.33936357498, 0.342282116413, 0.172847315669, 0.0707058086991, 0.0155546357855, 0.00377301941626, 0.000372451759176], "dmean2": [0.0454045832157, 0.43421214819, 0.892878472805, 1.21176826954, 1.26123023033, 2.33960103989, 2.07206821442, 2.64265179634, 18.2596950531, 20.1719112396, 14.621758461, 26.4984664917, 7.73071098328, 5.92966890335, 6.93592739105, 11.7540483475, 18.4183330536, 22.9215335846, 24.997882843, 19.9697799683, 16.7698078156, 28.6978988647, 27.2132720947, 18.3712234497, 29.4303283691, 28.8688545227, 13.3478269577, 7.36754608154, 4.31857395172, 2.88971376419, 1.14718854427, 0.294682443142, 0.0660017356277, 0.0135011300445, 0.00283338339068, 0.000871683179867, 0.000257826788584, 6.85062768753e-05, 1.47772370838e-05, 8.18107582745e-06], "median": [0.00434980541468, 0.0440981648862, 0.174012109637, 0.246310696006, 0.613480865955, 1.05347204208, 0.471741855145, 0.835711359978, 2.30161142349, 3.62398290634, 2.90828728676, 4.45416784286, 2.06965231895, 1.81980824471, 2.08266305923, 2.62331438065, 5.76556587219, 6.15978193283, 7.38426399231, 6.41837882996, 6.85852909088, 13.5930099487, 12.5431880951, 11.2558174133, 16.8235683441, 12.1007623672, 4.08354663849, 1.84047937393, 1.49961400032, 0.845791816711, 0.253931432962, 0.0657308399677, 0.0145169636235, 0.00429717963561, 0.001629150589, 0.000625061802566, 0.000193188738194, 4.46540143457e-05, 1.44638925121e-05, 1.7531478079e-05], "dvar": [0.00533123593777, 0.470225095749, 1.77290141582, 5.37947797775, 2.37488460541, 9.54709243774, 14.4586725235, 29.5173015594, 805.164245605, 1104.33752441, 925.960327148, 1856.28442383, 254.566925049, 98.7995300293, 158.578948975, 752.683410645, 858.245239258, 1905.72839355, 2034.73278809, 1348.79174805, 693.66003418, 1301.41381836, 1350.35913086, 531.736450195, 1853.00720215, 1675.58325195, 437.693786621, 171.733886719, 86.0794296265, 53.1508827209, 10.3987369537, 1.14795994759, 0.134324669838, 0.00441877823323, 7.82930583227e-05, 1.1225290109e-05, 1.27931730276e-06, 9.78600311896e-08, 5.73660186021e-09, 8.76384104176e-11]}, "silence_rate_30dB": {"dvar2": 0, "var": 0, "min": 1, "dmean": 0, "mean": 1, "max": 1, "dmean2": 0, "median": 1, "dvar": 0}, "melbands_spread": {"dvar2": 377.305633545, "var": 729.381103516, "min": 0.449978560209, "dmean": 10.8776540756, "mean": 37.7958946228, "max": 203.226730347, "dmean2": 16.3209266663, "median": 32.9891357422, "dvar": 176.438812256}, "melbands_crest": {"dvar2": 24.24376297, "var": 40.3172187805, "min": 1.65623915195, "dmean": 3.33581185341, "mean": 14.2958278656, "max": 33.6176528931, "dmean2": 5.32263612747, "median": 13.6439409256, "dvar": 10.3795986176}, "zerocrossingrate": {"dvar2": 0.000141402211739, "var": 0.00231143576093, "min": 0.0029296875, "dmean": 0.0108678471297, "mean": 0.0760913938284, "max": 0.51806640625, "dmean2": 0.0119110131636, "median": 0.0703125, "dvar": 0.000133246212499}, "barkbands_kurtosis": {"dvar2": 127.378005981, "var": 215.525054932, "min": -1.96568024158, "dmean": 3.07219552994, "mean": 4.18184900284, "max": 223.897735596, "dmean2": 4.65812444687, "median": 0.0154398540035, "dvar": 65.2048950195}, "spectral_flux": {"dvar2": 0.000796179752797, "var": 0.00108080275822, "min": 6.52534276613e-11, "dmean": 0.0169485639781, "mean": 0.0583653375506, "max": 0.19136056304, "dmean2": 0.0265340525657, "median": 0.0538955107331, "dvar": 0.000355188734829}, "barkbands_crest": {"dvar2": 15.1210765839, "var": 26.9462432861, "min": 2.51086306572, "dmean": 2.62642884254, "mean": 10.6354055405, "max": 26.332529068, "dmean2": 4.18888711929, "median": 9.33708953857, "dvar": 6.78972196579}, "barkbands_flatness_db": {"dvar2": 0.0008344114176, "var": 0.00269294297323, "min": 0.0403833761811, "dmean": 0.0205214098096, "mean": 0.167967751622, "max": 0.412476330996, "dmean2": 0.0304531306028, "median": 0.159541264176, "dvar": 0.00045001678518}, "spectral_entropy": {"dvar2": 0.040275670588, "var": 0.125115245581, "min": 5.85795879364, "dmean": 0.138643890619, "mean": 7.44694375992, "max": 9.81501960754, "dmean2": 0.203012809157, "median": 7.48070955276, "dvar": 0.0213157124817}, "pitch_salience": {"dvar2": 0.0103474315256, "var": 0.0228597037494, "min": 0.0707801133394, "dmean": 0.0713698044419, "mean": 0.522261440754, "max": 0.836339592934, "dmean2": 0.112939223647, "median": 0.540179610252, "dvar": 0.00457805674523}, "erbbands_spread": {"dvar2": 155.341369629, "var": 304.928039551, "min": 3.10717153549, "dmean": 7.62350273132, "mean": 33.6879959106, "max": 156.783309937, "dmean2": 11.6907491684, "median": 30.671251297, "dvar": 70.5576858521}, "dynamic_complexity": 4.07501316071, "spectral_contrast_valleys": {"dvar2": [0.316891014576, 0.306147009134, 0.220424801111, 0.196872279048, 0.168215125799, 0.104416012764], "var": [2.60461258888, 2.24605488777, 2.16507863998, 2.28174471855, 2.52689838409, 1.61486828327], "min": [-28.0233955383, -27.6431884766, -27.7498912811, -27.6401634216, -27.5022373199, -27.4430809021], "dmean": [0.414304792881, 0.402933388948, 0.335284203291, 0.291241824627, 0.275627374649, 0.239507511258], "mean": [-8.38036632538, -7.98136425018, -8.34165287018, -8.05895805359, -7.56986236572, -11.7344045639], "max": [-5.80853462219, -4.92184305191, -5.88499546051, -5.40411233902, -5.20181035995, -8.2724199295], "dmean2": [0.677399814129, 0.665904283524, 0.541214644909, 0.454318851233, 0.389025062323, 0.312391221523], "median": [-8.22110080719, -7.83667993546, -8.24123382568, -7.93559789658, -7.40687084198, -11.6573925018], "dvar": [0.135000839829, 0.121502190828, 0.0997096598148, 0.0996337905526, 0.102465227246, 0.0714273825288]}, "hfc": {"dvar2": 158.478439331, "var": 339.822357178, "min": 1.07375269759e-16, "dmean": 5.75534725189, "mean": 17.1700458527, "max": 165.323440552, "dmean2": 7.89128255844, "median": 11.1190109253, "dvar": 86.4190063477}, "spectral_kurtosis": {"dvar2": 17.2462272644, "var": 10.9984092712, "min": -1.25213670731, "dmean": 2.38049125671, "mean": 4.1978058815, "max": 33.8895225525, "dmean2": 4.17054605484, "median": 3.47026252747, "dvar": 5.69312143326}, "mfcc": {"mean": [-702.135620117, 114.207672119, -47.9358062744, 54.7480926514, -10.9968700409, 10.0614395142, -5.55846405029, 5.13889408112, -5.08141422272, 11.7871408463, 6.26267290115, 3.33120346069, 0.498791098595], "cov": [[7617.36914063, -348.229705811, -1077.48803711, 440.220550537, -774.155883789, 27.8535766602, -476.18069458, 17.3941688538, -215.559524536, 151.945755005, 19.0058250427, 127.298995972, -4.0734577179], [-348.229705811, 1707.04016113, 154.350006104, -70.5430221558, 250.794235229, -86.721534729, 198.336273193, 43.2818450928, 38.1912460327, 38.1940879822, 108.408401489, -43.8107185364, 116.755836487], [-1077.48803711, 154.350006104, 1031.79882813, 162.300888062, 194.693832397, 150.85093689, 49.7899246216, 156.469039917, 29.2684516907, 50.2398490906, 52.9711112976, 40.1728858948, 100.466400146], [440.220550537, -70.5430221558, 162.300888062, 576.867919922, 164.489135742, 148.894668579, 44.8337936401, 25.7544288635, 55.5994224548, 75.546585083, 39.1171646118, 79.6971817017, 97.9774627686], [-774.155883789, 250.794235229, 194.693832397, 164.489135742, 511.530273438, 195.098434448, 120.012641907, 60.1611366272, 58.6146736145, 30.7896995544, 22.6808319092, -17.6068305969, 59.7829284668], [27.8535766602, -86.721534729, 150.85093689, 148.894668579, 195.098434448, 364.664093018, 147.771896362, 97.4739837646, 62.7285308838, 1.89734315872, 11.6761140823, 39.7006950378, 7.0236082077], [-476.18069458, 198.336273193, 49.7899246216, 44.8337936401, 120.012641907, 147.771896362, 360.34866333, 100.330215454, 116.106033325, 7.16054677963, 25.020029068, 57.0951957703, -6.67889928818], [17.3941688538, 43.2818450928, 156.469039917, 25.7544288635, 60.1611366272, 97.4739837646, 100.330215454, 218.691162109, 68.2645339966, 25.6869163513, 42.127281189, 6.7157459259, 14.4138422012], [-215.559524536, 38.1912460327, 29.2684516907, 55.5994224548, 58.6146736145, 62.7285308838, 116.106033325, 68.2645339966, 159.603271484, 53.7346076965, 34.8080024719, 35.9352874756, -6.35463285446], [151.945755005, 38.1940879822, 50.2398490906, 75.546585083, 30.7896995544, 1.89734315872, 7.16054677963, 25.6869163513, 53.7346076965, 163.887802124, 84.2096633911, 35.9769744873, 27.7739562988], [19.0058250427, 108.408401489, 52.9711112976, 39.1171646118, 22.6808319092, 11.6761140823, 25.020029068, 42.127281189, 34.8080024719, 84.2096633911, 137.078399658, 54.4445495605, 29.6975364685], [127.298995972, -43.8107185364, 40.1728858948, 79.6971817017, -17.6068305969, 39.7006950378, 57.0951957703, 6.7157459259, 35.9352874756, 35.9769744873, 54.4445495605, 143.02722168, 46.6283226013], [-4.0734577179, 116.755836487, 100.466400146, 97.9774627686, 59.7829284668, 7.0236082077, -6.67889928818, 14.4138422012, -6.35463285446, 27.7739562988, 29.6975364685, 46.6283226013, 140.250793457]], "icov": [[0.000415838061599, -0.000292768090731, 0.000593936885707, -0.000567418639548, 0.00078543840209, -0.000713876506779, 0.000801030488219, -0.000873082957696, 0.000782703922596, -0.000760745198932, 0.000610943592619, -0.000637981167529, 0.000324416381773], [-0.000292768090731, 0.00112227757927, -0.000510367855895, 0.00061558035668, -0.00093118508812, 0.00107433868106, -0.00136109162122, 0.000883033440914, -0.000554233731236, 0.00076750817243, -0.00140339077916, 0.00134833483025, -0.00114787602797], [0.000593936885707, -0.000510367855895, 0.00209326972254, -0.000926011474803, 0.000873511657119, -0.00126354326494, 0.00140227237716, -0.00210402347147, 0.00139122386463, -0.00124799681362, 0.00100673863199, -0.00119760539383, 5.86537753406e-05], [-0.000567418639548, 0.00061558035668, -0.000926011474803, 0.0032864168752, -0.0015276564518, 0.000300953484839, -0.000989222433418, 0.0016033758875, -0.00151724461466, 0.000263208756223, -0.000571505399421, 0.000302029686281, -0.00183750933502], [0.00078543840209, -0.00093118508812, 0.000873511657119, -0.0015276564518, 0.00480694137514, -0.00298934895545, 0.00110589584801, -0.00107673369348, 0.000901912339032, -0.00166660780087, 0.000967592932284, 0.000655236479361, -0.000548310577869], [-0.000713876506779, 0.00107433868106, -0.00126354326494, 0.000300953484839, -0.00298934895545, 0.00625231256709, -0.00267033767886, 0.0002640869061, -0.00110756477807, 0.00206420663744, -0.00110476172995, 0.000183336160262, 0.000300613115542], [0.000801030488219, -0.00136109162122, 0.00140227237716, -0.000989222433418, 0.00110589584801, -0.00267033767886, 0.00685260724276, -0.00302477926016, -0.000836933380924, -0.000756577588618, 0.00216320622712, -0.00378088257276, 0.00205329293385], [-0.000873082957696, 0.000883033440914, -0.00210402347147, 0.0016033758875, -0.00107673369348, 0.0002640869061, -0.00302477926016, 0.00900584645569, -0.00375895621255, 0.00205336348154, -0.00365693122149, 0.0038184390869, -0.00206932728179], [0.000782703922596, -0.000554233731236, 0.00139122386463, -0.00151724461466, 0.000901912339032, -0.00110756477807, -0.000836933380924, -0.00375895621255, 0.0119174513966, -0.00448831822723, 0.00179178826511, -0.00286701438017, 0.00256751454435], [-0.000760745198932, 0.00076750817243, -0.00124799681362, 0.000263208756223, -0.00166660780087, 0.00206420663744, -0.000756577588618, 0.00205336348154, -0.00448831822723, 0.0117929028347, -0.0070337485522, 0.00178443547338, -0.00123355851974], [0.000610943592619, -0.00140339077916, 0.00100673863199, -0.000571505399421, 0.000967592932284, -0.00110476172995, 0.00216320622712, -0.00365693122149, 0.00179178826511, -0.0070337485522, 0.0146830724552, -0.00590226147324, 0.00131313875318], [-0.000637981167529, 0.00134833483025, -0.00119760539383, 0.000302029686281, 0.000655236479361, 0.000183336160262, -0.00378088257276, 0.0038184390869, -0.00286701438017, 0.00178443547338, -0.00590226147324, 0.0136947939172, -0.00514157675207], [0.000324416381773, -0.00114787602797, 5.86537753406e-05, -0.00183750933502, -0.000548310577869, 0.000300613115542, 0.00205329293385, -0.00206932728179, 0.00256751454435, -0.00123355851974, 0.00131313875318, -0.00514157675207, 0.0116578014567]]}, "silence_rate_20dB": {"dvar2": 0, "var": 0, "min": 1, "dmean": 0, "mean": 1, "max": 1, "dmean2": 0, "median": 1, "dvar": 0}, "melbands_kurtosis": {"dvar2": 704.375976563, "var": 1480.67163086, "min": -1.8491243124, "dmean": 7.40917921066, "mean": 14.2499542236, "max": 534.15447998, "dmean2": 11.1845684052, "median": 2.67034006119, "dvar": 366.642089844}, "barkbands_spread": {"dvar2": 109.249252319, "var": 193.878143311, "min": 0.598833978176, "dmean": 6.3914732933, "mean": 25.0642738342, "max": 100.751411438, "dmean2": 9.6752243042, "median": 23.4900722504, "dvar": 51.7963638306}, "erbbands_skewness": {"dvar2": 0.38913038373, "var": 0.948787510395, "min": -4.79099702835, "dmean": 0.436054676771, "mean": -0.347367614508, "max": 4.86649560928, "dmean2": 0.662418365479, "median": -0.391798764467, "dvar": 0.177844300866}, "average_loudness": 0.92148154974, "spectral_centroid": {"dvar2": 242650.453125, "var": 1014979.75, "min": 155.957839966, "dmean": 320.774597168, "mean": 2188.51171875, "max": 11708.2744141, "dmean2": 468.217681885, "median": 2214.38183594, "dvar": 125085.664063}, "dissonance": {"dvar2": 0.000601953070145, "var": 0.000588096445426, "min": 0.311568766832, "dmean": 0.0137323047966, "mean": 0.472730815411, "max": 0.499999970198, "dmean2": 0.0228101462126, "median": 0.479600578547, "dvar": 0.000220410976908}, "erbbands_flatness_db": {"dvar2": 0.000450035440736, "var": 0.00171082257293, "min": 0.050079818815, "dmean": 0.0157746002078, "mean": 0.219836711884, "max": 0.379427760839, "dmean2": 0.0233126040548, "median": 0.219183132052, "dvar": 0.000216967484448}, "spectral_strongpeak": {"dvar2": 3.47780227661, "var": 2.65788149834, "min": 0, "dmean": 0.662742674351, "mean": 1.15392756462, "max": 18.9390277863, "dmean2": 1.10131120682, "median": 0.47648820281, "dvar": 1.44874215126}, "spectral_rms": {"dvar2": 6.61256819967e-07, "var": 2.34834396906e-06, "min": 3.09639358424e-12, "dmean": 0.000523826514836, "mean": 0.00337940989994, "max": 0.00758559582755, "dmean2": 0.000753205909859, "median": 0.00361664220691, "dvar": 3.44811923014e-07}, "silence_rate_60dB": {"dvar2": 0.0911381840706, "var": 0.145381778479, "min": 0, "dmean": 0.0447566993535, "mean": 0.176531806588, "max": 1, "dmean2": 0.089525051415, "median": 0, "dvar": 0.0427546016872}, "melbands": {"dvar2": [1.22377332445e-06, 1.14366594062e-06, 3.16966691116e-07, 4.93525504908e-08, 3.67306824955e-08, 3.23121618351e-08, 4.69488071531e-07, 2.67171856194e-07, 1.64822594684e-07, 1.39524189535e-07, 1.56047992306e-08, 3.80648002007e-09, 3.34996430595e-09, 8.38479330412e-09, 1.38575009245e-08, 1.12026725674e-08, 1.43249589968e-08, 1.10485487426e-08, 9.85048131952e-09, 3.81105946801e-09, 2.56365639828e-09, 4.77654982234e-09, 3.90841448095e-09, 2.52957432778e-09, 9.73539804328e-10, 1.59949953282e-09, 3.77117004291e-09, 1.54109258688e-09, 5.82564885221e-10, 4.35317837333e-10, 9.84007181293e-11, 7.3291872571e-11, 5.79029844905e-11, 3.10456833852e-11, 9.94626776774e-12, 3.00979293572e-12, 4.41663659855e-13, 1.31671651121e-13, 6.91491067423e-14, 1.59529041791e-15], "var": [2.02859973797e-06, 1.5876615862e-06, 1.49311844666e-07, 4.59403537434e-08, 3.65493768584e-08, 2.68005528881e-08, 5.14190958256e-07, 2.69711222245e-07, 1.59134600608e-07, 1.24175272731e-07, 1.46681760071e-08, 4.84133977352e-09, 3.86321641344e-09, 3.67841357374e-09, 6.33849772669e-09, 1.3809599686e-08, 1.65969140653e-08, 9.21163856304e-09, 9.39180111459e-09, 2.84987411447e-09, 1.68442049198e-09, 3.34090022314e-09, 4.73205119533e-09, 2.10037764958e-09, 7.94612542432e-10, 1.64653635171e-09, 3.41894712541e-09, 1.77833292536e-09, 6.66269928118e-10, 4.14361406298e-10, 8.28436694245e-11, 5.04596642248e-11, 3.97434481159e-11, 2.71482576003e-11, 7.69307013926e-12, 2.34889473323e-12, 4.79545819287e-13, 1.48992797266e-13, 4.81950904966e-14, 1.59491645287e-15], "min": [9.65228805776e-25, 1.63430128115e-24, 2.56658163489e-24, 1.7649139673e-24, 1.18993465134e-24, 3.09808574168e-24, 2.6702931781e-24, 3.71199682243e-25, 2.52024414253e-24, 1.86891798069e-24, 3.46789209835e-24, 1.88904734441e-24, 3.60098082167e-24, 2.98954814467e-24, 3.59170302856e-24, 2.44689072797e-24, 2.1419869162e-24, 3.91171234338e-24, 4.12470163234e-24, 4.12594921586e-24, 4.18220130929e-24, 3.9926616996e-24, 4.30850385668e-24, 5.18822694425e-24, 5.23416507578e-24, 5.23057694195e-24, 5.49148519217e-24, 6.26167020989e-24, 6.34603217839e-24, 3.92699534012e-24, 5.70097193872e-24, 5.93963352255e-24, 6.23580582739e-24, 6.55713253992e-24, 4.99205419763e-24, 7.18713026946e-24, 5.50094166227e-24, 6.79811534696e-24, 7.23965657283e-24, 6.84218900574e-24], "dmean": [0.000294873578241, 0.00031229457818, 0.000117213996418, 8.17351756268e-05, 5.0870476116e-05, 3.56780437869e-05, 0.000199429356144, 0.000130991655169, 8.80469524418e-05, 9.79957403615e-05, 2.27886193898e-05, 1.66761838045e-05, 1.3875379409e-05, 1.78111440619e-05, 2.48527539952e-05, 2.79531159322e-05, 3.0261289794e-05, 2.68400526693e-05, 2.34519266087e-05, 1.45255689858e-05, 1.30445887407e-05, 2.03445688385e-05, 2.14843148569e-05, 1.39910534926e-05, 1.01363975773e-05, 1.3822418623e-05, 1.74784800038e-05, 1.27564635477e-05, 7.0073324423e-06, 5.19577133673e-06, 2.50236462307e-06, 1.84936300229e-06, 1.36048538479e-06, 1.04124512745e-06, 5.05709294885e-07, 2.48590254159e-07, 8.13351590523e-08, 3.61939278548e-08, 1.718845688e-08, 5.06319475235e-09], "mean": [0.00085864594439, 0.000783049326856, 0.00015959252778, 0.000143334909808, 8.26532777864e-05, 5.53519930691e-05, 0.00032453177846, 0.000199646994588, 0.000133407971589, 0.000149799627252, 3.68986875401e-05, 2.83018507616e-05, 2.29468896578e-05, 2.39612108999e-05, 3.29203285219e-05, 4.58178001281e-05, 4.85324453621e-05, 4.18629351771e-05, 3.75582640117e-05, 2.22798134928e-05, 2.04645821213e-05, 3.42048078892e-05, 3.92030124203e-05, 2.48507058132e-05, 1.83943047887e-05, 2.5624751288e-05, 3.20459112118e-05, 2.37149597524e-05, 1.21644443425e-05, 8.670212992e-06, 4.12214876633e-06, 3.07335631078e-06, 2.09790641748e-06, 1.60126455739e-06, 7.56419638037e-07, 3.61442687336e-07, 1.24062822238e-07, 5.48337517614e-08, 2.44367353019e-08, 8.61475157876e-09], "max": [0.0106706963852, 0.011034430936, 0.00796166993678, 0.00326491473243, 0.00449324864894, 0.00376154086553, 0.00805220007896, 0.00752693042159, 0.00710936868563, 0.00725101772696, 0.00276477425359, 0.0010914108716, 0.00120423838962, 0.00169329647906, 0.00124790531117, 0.00231238780543, 0.00249986257404, 0.00214813859202, 0.00164086511359, 0.000868511968292, 0.000607036345173, 0.00100113381632, 0.00138711812906, 0.00103901093826, 0.000459928007331, 0.000805959629361, 0.00116990110837, 0.000504385039676, 0.000351704249624, 0.000413113448303, 0.000160671275808, 0.000260962784523, 0.000203028786927, 0.000140509626362, 6.993470015e-05, 6.32924711681e-05, 4.18894669565e-05, 1.97271201614e-05, 1.32084487632e-05, 1.61044283686e-06], "dmean2": [0.000452663924079, 0.000489173922688, 0.000195709057152, 0.000128506930196, 7.97393804532e-05, 5.60975458939e-05, 0.000305942026898, 0.000205791046028, 0.0