{"tonal": {"thpcp": [1, 0.940157115459, 0.662697851658, 0.378686338663, 0.355707079172, 0.248131215572, 0.199001893401, 0.225852921605, 0.198000833392, 0.172591283917, 0.468879163265, 0.738888323307, 0.425607323647, 0.362199604511, 0.575588405132, 0.386823654175, 0.263468682766, 0.306840509176, 0.293369144201, 0.29943844676, 0.476451694965, 0.566476345062, 0.319629997015, 0.162457674742, 0.157944083214, 0.135952010751, 0.127912864089, 0.154366254807, 0.390367716551, 0.582429170609, 0.449080079794, 0.364917874336, 0.459362655878, 0.620603442192, 0.727952063084, 0.90421038866], "hpcp": {"dmean2": [0.0912690386176, 0.0927310064435, 0.0947521403432, 0.0895130485296, 0.0950426459312, 0.165579885244, 0.224613130093, 0.197750672698, 0.188248053193, 0.217052385211, 0.280062407255, 0.282493054867, 0.285678327084, 0.300585567951, 0.248029902577, 0.214855462313, 0.178703725338, 0.173443734646, 0.122151851654, 0.107793271542, 0.136965215206, 0.120420530438, 0.116827733815, 0.237403839827, 0.382799506187, 0.224386557937, 0.155589312315, 0.197835460305, 0.15250967443, 0.14431925118, 0.163898468018, 0.153474003077, 0.153667196631, 0.167086407542, 0.158911556005, 0.110339350998], "median": [0.016072306782, 0.0190136898309, 0.0137245152146, 0.0132987899706, 0.0173574127257, 0.0554379113019, 0.0720239281654, 0.0693325102329, 0.0446807593107, 0.058117620647, 0.0952649712563, 0.142135560513, 0.143939942122, 0.238080188632, 0.200790181756, 0.114989116788, 0.0573854371905, 0.0519866645336, 0.031549051404, 0.0130900517106, 0.0132041927427, 0.0123057253659, 0.0145082194358, 0.0580631382763, 0.0843183994293, 0.0501379221678, 0.0290572792292, 0.0394221618772, 0.0397472307086, 0.0216326080263, 0.0290227439255, 0.0268616322428, 0.0332597568631, 0.0694303512573, 0.0499132201076, 0.0225895382464], "min": [0, 0, 0, 0, 0, 0, 0, 0, 0, 0, 0, 0, 0, 0, 0, 0, 0, 0, 0, 0, 0, 0, 0, 0, 0, 0, 0, 0, 0, 0, 0, 0, 0, 0, 0, 0], "dvar2": [0.0347341112792, 0.0350622311234, 0.0390572845936, 0.0414968691766, 0.0381227731705, 0.0563486218452, 0.0882717072964, 0.0760949626565, 0.0769577473402, 0.0827398449183, 0.110846340656, 0.0960110723972, 0.115745343268, 0.111455954611, 0.0830820500851, 0.0708947405219, 0.0727995410562, 0.072715267539, 0.0424915961921, 0.0437578223646, 0.0692863985896, 0.0540157034993, 0.0650745630264, 0.0802002772689, 0.207126811147, 0.0838436186314, 0.0541827566922, 0.0985450595617, 0.0489359386265, 0.054384700954, 0.0717687830329, 0.066200569272, 0.0712241306901, 0.0582230761647, 0.0592503473163, 0.0356373004615], "dvar": [0.012005710043, 0.0121436873451, 0.0135351903737, 0.0142377968878, 0.0137837016955, 0.0230631586164, 0.0416737832129, 0.0301304608583, 0.030505919829, 0.0350396186113, 0.0457192398608, 0.0396711416543, 0.0485768169165, 0.0483336485922, 0.0401763878763, 0.0303236916661, 0.0279435776174, 0.0296891666949, 0.0182484127581, 0.0180639084429, 0.0281145535409, 0.0224836654961, 0.0245201438665, 0.031682420522, 0.0772833228111, 0.0301045682281, 0.021873600781, 0.0468104407191, 0.0227864775807, 0.0231206137687, 0.0297097079456, 0.0257238596678, 0.0279338862747, 0.0256799720228, 0.028057038784, 0.0157836135477], "dmean": [0.0514839217067, 0.0525849796832, 0.0527318008244, 0.0493932440877, 0.0538076125085, 0.0981552898884, 0.13492628932, 0.118977442384, 0.112504079938, 0.126976594329, 0.165301397443, 0.164114713669, 0.169214949012, 0.180143266916, 0.150379374623, 0.127714678645, 0.106516599655, 0.102203957736, 0.0743287578225, 0.0633094534278, 0.0804273188114, 0.0707329362631, 0.0677434951067, 0.135776743293, 0.216883912683, 0.128162369132, 0.0900217741728, 0.116383083165, 0.0916799753904, 0.0836021751165, 0.0958184599876, 0.0916647911072, 0.0920012667775, 0.1022529006, 0.0974915996194, 0.0664167255163], "max": [1, 1, 0.896317958832, 1, 1, 1, 1, 1, 1, 1, 1, 1, 1, 1, 1, 1, 1, 1, 1, 1, 1, 1, 1, 1, 1, 1, 1, 1, 1, 1, 1, 1, 1, 1, 1, 1], "var": [0.010739421472, 0.00938297901303, 0.00984742213041, 0.00975636392832, 0.0115036703646, 0.0367284864187, 0.0841883420944, 0.041146479547, 0.0378438532352, 0.051280759275, 0.0735307112336, 0.0767510011792, 0.118501409888, 0.107548683882, 0.114506699145, 0.0668362677097, 0.0353960432112, 0.0342170856893, 0.0240352526307, 0.0254250187427, 0.0325219519436, 0.0257370714098, 0.0200700238347, 0.043532628566, 0.11242300272, 0.0378638915718, 0.0365425907075, 0.107180483639, 0.0380346551538, 0.0306664239615, 0.038484506309, 0.0304010417312, 0.032761476934, 0.0467431470752, 0.0997945591807, 0.0358487479389], "mean": [0.0566365718842, 0.0550630241632, 0.0473960712552, 0.0445934385061, 0.0538157112896, 0.136091381311, 0.20304851234, 0.156559884548, 0.127218961716, 0.160144641995, 0.21635697782, 0.253781229258, 0.315229028463, 0.348623543978, 0.327760905027, 0.231032073498, 0.132018968463, 0.124007858336, 0.0865043848753, 0.0693767443299, 0.0787376463413, 0.0690277516842, 0.0601693876088, 0.163462311029, 0.257593870163, 0.148376733065, 0.126271307468, 0.200663670897, 0.13485583663, 0.0918513908982, 0.10697183013, 0.102275393903, 0.104391291738, 0.166102275252, 0.197486996651, 0.111430540681]}, "tuning_equal_tempered_deviation": 0.149423271418, "chords_changes_rate": 0.0323193930089, "key_key": "F#", "tuning_diatonic_strength": 0.342967689037, "key_scale": "minor", "chords_number_rate": 0.0114068444818, "tuning_frequency": 434.193115234, "tuning_nontempered_energy_ratio": 0.708485305309, "chords_histogram": [0, 0, 0, 0, 0, 0.190114066005, 0, 3.8022813797, 3.04182505608, 81.939163208, 4.75285148621, 0, 0, 0, 0, 4.1825094223, 0.760456264019, 0, 0, 0, 0, 0, 1.33079850674, 0], "key_strength": 0.672855734825, "chords_key": "C#", "chords_strength": {"dmean2": 0.00787054840475, "median": 0.458727836609, "min": 0.305839598179, "dvar2": 4.49414183095e-05, "dvar": 3.33955031238e-05, "dmean": 0.0075833266601, "max": 0.648025095463, "var": 0.00530622154474, "mean": 0.467977851629}, "chords_scale": "major", "hpcp_entropy": {"dmean2": 0.897841572762, "median": 1.83851933479, "min": 0, "dvar2": 0.5928145051, "dvar": 0.229382529855, "dmean": 0.527925610542, "max": 3.9704990387, "var": 0.3867007792, "mean": 1.8739938736}}, "metadata": {"audio_properties": {"equal_loudness": 0, "codec": "mp3", "downmix": "mix", "sample_rate": 44100, "analysis_sample_rate": 44100, "bit_rate": 167354, "md5_encoded": "7f97991d70e8844837e23af0721a61e2", "length": 24.3461227417, "replay_gain": -1.56675338745, "lossless": false}, "version": {"essentia_build_sha": "2d9f1f26377add8aeb1075a9c2973f962c4f09fd", "essentia": "2.1-beta2", "extractor": "music 1.0", "essentia_git_sha": "v2.1_beta2-1-ge3940c0"}, "tags": {"title": ["Short Prelude"], "date": ["2008-02-04"], "file_name": "10 Planets - Short Prelude (Planets).mp3", "musicbrainz album release country": ["US"], "musicip_puid": ["50ceb218-24a7-f547-12af-cf8522a6e669"], "musicbrainz_recordingid": ["1ba33eac-0ec3-4b57-a3f0-a16217eb0366"], "album": ["Planets"], "musicbrainz album status": ["official"], "musicbrainz_albumartistid": ["a5ccb987-0329-431b-826e-7b512a42a75b"], "musicbrainz_albumid": ["f822d113-4c99-43e4-9bb4-4312143bfcea"], "artist": ["Planets"], "artistsort": ["Planets"], "catalognumber": ["007"], "tracknumber": ["10/12"], "label": ["TBC"], "albumartistsort": ["Planets"], "musicbrainz album type": ["album"], "musicbrainz_artistid": ["a5ccb987-0329-431b-826e-7b512a42a75b"]}}, "rhythm": {"bpm_histogram_first_peak_bpm": {"dmean2": 0, "median": 144, "min": 144, "dvar2": 0, "dvar": 0, "dmean": 0, "max": 144, "var": 0, "mean": 144}, "bpm": 143.265518188, "bpm_histogram_second_peak_spread": {"dmean2": 0, "median": 0.300000011921, "min": 0.300000011921, "dvar2": 0, "dvar": 0, "dmean": 0, "max": 0.300000011921, "var": 0, "mean": 0.300000011921}, "bpm_histogram_first_peak_weight": {"dmean2": 0, "median": 0.207547172904, "min": 0.207547172904, "dvar2": 0, "dvar": 0, "dmean": 0, "max": 0.207547172904, "var": 0, "mean": 0.207547172904}, "onset_rate": 3.98230838776, "beats_position": [0.406349211931, 0.824308395386, 1.24226760864, 1.66022670269, 2.07818579674, 2.50775504112, 2.92571425438, 3.32045340538, 3.73841261864, 4.1679816246, 4.57433080673, 4.99229001999, 5.41024923325, 5.8282084465, 6.23455762863, 6.64090681076, 7.01242637634, 7.39555549622, 7.79029464722, 8.17342376709, 8.56816291809, 8.96290206909, 9.33442115784, 9.74077033997, 10.1471195221, 10.5882987976, 11.0062580109, 11.4474372864, 11.8886165619, 12.3297958374, 12.782585144, 13.235373497, 13.6649427414, 14.0945119858, 14.5240812302, 14.9536504745, 15.3716096878, 15.8127889633, 16.242357254, 16.6951465607, 17.1363258362, 17.5775051117, 18.0419044495, 18.5063037872, 18.970703125, 19.4351024628, 19.8994998932, 20.363899231, 20.9676189423, 21.548116684, 22.128616333, 22.6975059509, 23.2663936615, 23.8352832794], "beats_loudness": {"dmean2": 0.0172569975257, "median": 0.00467255245894, "min": 1.4576619833e-05, "dvar2": 0.0003803097934, "dvar": 0.000146360995132, "dmean": 0.0101136993617, "max": 0.0646580532193, "var": 0.000148785838974, "mean": 0.00936601590365}, "danceability": 1.14676618576, "bpm_histogram_second_peak_weight": {"dmean2": 0, "median": 0.132075473666, "min": 0.132075473666, "dvar2": 0, "dvar": 0, "dmean": 0, "max": 0.132075473666, "var": 0, "mean": 0.132075473666}, "beats_count": 54, "bpm_histogram_second_peak_bpm": {"dmean2": 0, "median": 136, "min": 136, "dvar2": 0, "dvar": 0, "dmean": 0, "max": 136, "var": 0, "mean": 136}, "bpm_histogram_first_peak_spread": {"dmean2": 0, "median": 0.521739125252, "min": 0.521739125252, "dvar2": 0, "dvar": 0, "dmean": 0, "max": 0.521739125252, "var": 0, "mean": 0.521739125252}, "beats_loudness_band_ratio": {"dmean2": [0.23765656352, 0.00771050062031, 0.256010204554, 0.183637723327, 0.474976092577, 0.44700846076], "median": [0.0265887267888, 0.000749039230868, 0.0302995797247, 0.0136409243569, 0.416126787663, 0.226504787803], "min": [0.0011056473013, 5.37304877071e-05, 0.000238550128415, 0.000901038351003, 0.011845799163, 0.0105530573055], "dvar2": [0.0951630994678, 0.000259832304437, 0.0566734299064, 0.035527240485, 0.111210040748, 0.137754917145], "dvar": [0.0367401205003, 9.32120601647e-05, 0.0206621754915, 0.0124850077555, 0.0461729504168, 0.0570390187204], "dmean": [0.132344484329, 0.0044580148533, 0.140962660313, 0.0975664332509, 0.272550821304, 0.257917940617], "max": [0.858433902264, 0.0409354828298, 0.512596428394, 0.469906002283, 0.921443939209, 0.983045518398], "var": [0.0239798910916, 6.02715881541e-05, 0.0215513855219, 0.00995026063174, 0.0701672583818, 0.0871203839779], "mean": [0.0851727947593, 0.00308940769173, 0.108754359186, 0.0675231516361, 0.414287179708, 0.330705404282]}}, "lowlevel": {"barkbands_spread": {"dmean2": 18.9535045624, "median": 21.8787956238, "min": 0.658184766769, "dvar2": 400.985839844, "dvar": 162.974838257, "dmean": 11.6012144089, "max": 116.650352478, "var": 436.695648193, "mean": 29.0070514679}, "melbands_spread": {"dmean2": 40.4081344604, "median": 68.2829589844, "min": 3.90092563629, "dvar2": 1523.96972656, "dvar": 638.840393066, "dmean": 25.4642791748, "max": 191.160797119, "var": 1770.96252441, "mean": 73.3703231812}, "hfc": {"dmean2": 10.7956466675, "median": 5.77673387527, "min": 1.25439570848e-16, "dvar2": 434.82699585, "dvar": 199.926773071, "dmean": 7.19990348816, "max": 205.182418823, "var": 509.307556152, "mean": 14.6270503998}, "barkbands_kurtosis": {"dmean2": 9.08882713318, "median": 1.39492893219, "min": -1.94799005985, "dvar2": 342.577026367, "dvar": 198.775863647, "dmean": 6.0329580307, "max": 261.114471436, "var": 406.427978516, "mean": 7.67507648468}, "gfcc": {"mean": [-168.620346069, 12.0251874924, -159.742950439, 56.6577148438, -24.768321991, 3.91554737091, -8.7192735672, 34.2984924316, -4.45123004913, 15.6906738281, -18.6315536499, -2.71681404114, -2.77785134315], "icov": [[0.000540309236385, 9.066164057e-05, 0.0012540044263, -0.000755116576329, 0.000977341667749, -0.000721920339856, 0.000423309422331, -0.000532762147486, -0.000210433179745, -0.00034000253072, 8.60843792907e-05, -0.000211966791539, 0.000190361024579], [9.066164057e-05, 0.00292721856385, -0.000387132167816, 0.00250642746687, -0.00196641101502, -0.000752999039833, 0.00155953434296, -0.00328754074872, 0.00152230646927, -0.00275595742278, 0.000691777502652, -3.53269970219e-05, 0.000318686361425], [0.0012540044263, -0.000387132167816, 0.00459769321606, -0.0026027681306, 0.00302108633332, -0.00217430782504, 0.00196918379515, 0.000436604837887, 0.000359428464435, 0.000111975590698, -0.000358421413694, -0.00131740630604, 0.000277018320048], [-0.000755116576329, 0.00250642746687, -0.0026027681306, 0.00586201809347, -0.00416285544634, 0.00106797215994, 0.00106812338345, -0.00185385905206, 0.0032072935719, -0.00324435601942, 0.0017079153331, -0.00229946523905, -6.43430976197e-05], [0.000977341667749, -0.00196641101502, 0.00302108633332, -0.00416285544634, 0.0071203536354, -0.00094733282458, 0.00164258305449, 0.000440741801867, -0.00148852798156, 0.00232243444771, -0.00215386995114, 0.00193257420324, -0.00316811236553], [-0.000721920339856, -0.000752999039833, -0.00217430782504, 0.00106797215994, -0.00094733282458, 0.0084476377815, -0.00398463942111, 0.00357691245154, -0.00204095616937, 0.000689773994964, 0.0016256069066, -0.000880417996086, 0.000982738216408], [0.000423309422331, 0.00155953434296, 0.00196918379515, 0.00106812338345, 0.00164258305449, -0.00398463942111, 0.0135436980054, -0.00425470992923, 0.00298652192578, -0.00449840351939, -0.000902179919649, 0.00128772563767, -0.00178958114702], [-0.000532762147486, -0.00328754074872, 0.000436604837887, -0.00185385905206, 0.000440741801867, 0.00357691245154, -0.00425470992923, 0.0121644800529, -0.00458579370752, 0.00547437928617, -0.00241136690602, 0.000130645290483, -0.00095268903533], [-0.000210433179745, 0.00152230646927, 0.000359428464435, 0.0032072935719, -0.00148852798156, -0.00204095616937, 0.00298652192578, -0.00458579370752, 0.0103724952787, -0.00522948475555, 0.00247126654722, -0.00154333328828, -0.000301384192426], [-0.00034000253072, -0.00275595742278, 0.000111975590698, -0.00324435601942, 0.00232243444771, 0.000689773994964, -0.00449840351939, 0.00547437928617, -0.00522948475555, 0.0134628610685, -0.00254270923324, 0.00281760073267, -0.0034619148355], [8.60843792907e-05, 0.000691777502652, -0.000358421413694, 0.0017079153331, -0.00215386995114, 0.0016256069066, -0.000902179919649, -0.00241136690602, 0.00247126654722, -0.00254270923324, 0.0137009741738, -0.00409180019051, 0.00772370630875], [-0.000211966791539, -3.53269970219e-05, -0.00131740630604, -0.00229946523905, 0.00193257420324, -0.000880417996086, 0.00128772563767, 0.000130645290483, -0.00154333328828, 0.00281760073267, -0.00409180019051, 0.0139334853739, -0.00404197303578], [0.000190361024579, 0.000318686361425, 0.000277018320048, -6.43430976197e-05, -0.00316811236553, 0.000982738216408, -0.00178958114702, -0.00095268903533, -0.000301384192426, -0.0034619148355, 0.00772370630875, -0.00404197303578, 0.0157475303859]], "cov": [[11068.1259766, 223.201477051, -3554.47509766, -764.506408691, -451.792022705, 217.828430176, 561.666870117, 809.898742676, 1004.88562012, 533.37878418, -225.518890381, -311.110076904, 96.6779174805], [223.201477051, 1398.51989746, -704.364685059, -761.368530273, 262.659545898, -8.10143184662, 79.0625534058, 376.960113525, 254.002563477, 95.2399215698, 9.80486011505, -212.686264038, 29.8160419464], [-3554.47509766, -704.364685059, 1955.97631836, 778.048278809, -115.203926086, 25.6616134644, -273.791290283, -493.243530273, -501.590393066, -195.928787231, 66.1928100586, 287.920013428, -70.976234436], [-764.506408691, -761.368530273, 778.048278809, 1005.89813232, 114.755317688, -69.0028686523, -159.210159302, -237.304138184, -291.593322754, -59.0511474609, -11.6269435883, 214.009658813, 52.0871925354], [-451.792022705, 262.659545898, -115.203926086, 114.755317688, 441.774597168, -79.2941589355, -55.0255393982, 80.0843887329, 6.33489894867, -21.9411144257, 0.932891786098, -30.922454834, 81.9615859985], [217.828430176, -8.10143184662, 25.6616134644, -69.0028686523, -79.2941589355, 201.283462524, 48.6386413574, -49.9324302673, 44.4256629944, 36.8362770081, -32.1343078613, 0.811434924603, -4.292283535], [561.666870117, 79.0625534058, -273.791290283, -159.210159302, -55.0255393982, 48.6386413574, 153.57460022, 71.7338180542, 74.8883666992, 64.2745361328, -9.45628929138, -52.0688018799, 10.2996225357], [809.898742676, 376.960113525, -493.243530273, -237.304138184, 80.0843887329, -49.9324302673, 71.7338180542, 292.257476807, 160.925216675, 23.3751583099, 8.97744846344, -74.6151657104, 20.0123882294], [1004.88562012, 254.002563477, -501.590393066, -291.593322754, 6.33489894867, 44.4256629944, 74.8883666992, 160.925216675, 297.477020264, 99.9735946655, -46.0562477112, -75.925239563, 37.8651733398], [533.37878418, 95.2399215698, -195.928787231, -59.0511474609, -21.9411144257, 36.8362770081, 64.2745361328, 23.3751583099, 99.9735946655, 160.023284912, -26.0713558197, -38.9975280762, 36.7060432434], [-225.518890381, 9.80486011505, 66.1928100586, -11.6269435883, 0.932891786098, -32.1343078613, -9.45628929138, 8.97744846344, -46.0562477112, -26.0713558197, 125.022003174, 19.0226802826, -60.0726509094], [-311.110076904, -212.686264038, 287.920013428, 214.009658813, -30.922454834, 0.811434924603, -52.0688018799, -74.6151657104, -75.925239563, -38.9975280762, 19.0226802826, 145.44631958, 5.14750337601], [96.6779174805, 29.8160419464, -70.976234436, 52.0871925354, 81.9615859985, -4.292283535, 10.2996225357, 20.0123882294, 37.8651733398, 36.7060432434, -60.0726509094, 5.14750337601, 121.908737183]]}, "spectral_energyband_middle_low": {"dmean2": 0.000792083970737, "median": 1.82721123565e-05, "min": 2.635556264e-22, "dvar2": 4.81704000777e-06, "dvar": 2.58710292655e-06, "dmean": 0.000583846704103, "max": 0.0205773301423, "var": 8.28420525067e-06, "mean": 0.00114263396244}, "melbands_crest": {"dmean2": 7.61283349991, "median": 14.8662185669, "min": 2.40696239471, "dvar2": 45.5692634583, "dvar": 18.3954467773, "dmean": 4.69378137589, "max": 36.2744369507, "var": 43.8267860413, "mean": 16.0109233856}, "spectral_kurtosis": {"dmean2": 6.49577951431, "median": 8.54857730865, "min": -1.21987020969, "dvar2": 73.89478302, "dvar": 27.666934967, "dmean": 3.90144491196, "max": 77.493309021, "var": 68.4029312134, "mean": 10.772236824}, "spectral_rms": {"dmean2": 0.000701556971762, "median": 0.0014756184537, "min": 3.32149520561e-12, "dvar2": 8.85423560248e-07, "dvar": 4.78092658796e-07, "dmean": 0.00049740052782, "max": 0.00794899463654, "var": 2.37773451772e-06, "mean": 0.00193288479932}, "zerocrossingrate": {"dmean2": 0.0156427044421, "median": 0.126953125, "min": 0.0361328125, "dvar2": 0.000554908532649, "dvar": 0.000630464346614, "dmean": 0.0138631844893, "max": 0.80224609375, "var": 0.00357091752812, "mean": 0.134048551321}, "silence_rate_60dB": {"dmean2": 0.217557251453, "median": 1, "min": 0, "dvar2": 0.189310371876, "dvar": 0.0968648865819, "dmean": 0.108674928546, "max": 1, "var": 0.245032548904, "mean": 0.570476174355}, "erbbands_kurtosis": {"dmean2": 6.28483724594, "median": 3.37626171112, "min": -1.53166878223, "dvar2": 81.3876037598, "dvar": 36.1423835754, "dmean": 4.00281047821, "max": 80.6206512451, "var": 129.97303772, "mean": 7.05558204651}, "erbbands": {"dmean2": [0.0132354777306, 0.0227631926537, 0.00894448906183, 0.00478348368779, 0.00602381816134, 0.00695661269128, 0.00819845683873, 0.0162477381527, 0.128105282784, 1.11610734463, 9.63715457916, 12.4370603561, 10.2850580215, 2.11234092712, 0.859137713909, 3.04907727242, 8.22238445282, 11.6045808792, 4.46081876755, 44.4331741333, 79.1388015747, 25.6246433258, 31.560667038, 34.8729171753, 22.136302948, 22.0137996674, 21.8369045258, 3.13257837296, 6.73681974411, 1.11350309849, 1.45420503616, 0.482472211123, 0.213587701321, 0.0670740604401, 0.0203734729439, 0.00912985671312, 0.00884097721428, 0.00142604857683, 0.000215644904529, 1.01979640021e-05], "median": [0.00488322786987, 0.00804730318487, 0.00488312542439, 0.00313527719118, 0.00385859003291, 0.00422921776772, 0.00525128748268, 0.00829202122986, 0.0110459914431, 0.0247353892773, 0.0743865817785, 0.172144144773, 0.153080493212, 0.090474203229, 0.0444313660264, 0.106233164668, 0.344990551472, 0.295306861401, 0.703605890274, 4.34574985504, 12.9251308441, 4.32964992523, 2.91941690445, 5.74067211151, 3.04500389099, 4.45761203766, 5.83358669281, 0.904924988747, 0.338900953531, 0.0715160816908, 0.079201541841, 0.032480597496, 0.0174173805863, 0.0108239278197, 0.00622669188306, 0.00292599992827, 0.00117652921472, 0.000270048738457, 2.09571735468e-05, 5.02178181705e-06], "min": [8.21862150195e-22, 3.54119736084e-21, 4.29395797156e-21, 2.3362779361e-20, 6.01085332396e-21, 5.24028482328e-20, 2.34540238449e-19, 2.6047459955e-19, 8.02817248381e-19, 2.59357673079e-19, 7.13173410652e-19, 1.043161503e-18, 5.35872333512e-18, 3.04533532188e-18, 2.80715590232e-18, 2.55160858504e-18, 2.60822289411e-18, 5.19339764122e-18, 1.03660032706e-17, 9.84270151811e-18, 7.93467377763e-18, 8.81958415232e-18, 9.03453613348e-18, 1.58600599713e-17, 1.50576931228e-17, 1.87145212989e-17, 1.71228769079e-17, 1.91688866463e-17, 2.62291477984e-17, 2.32599862984e-17, 2.49146701239e-17, 1.80791787597e-17, 1.67644049545e-17, 1.3291561599e-17, 7.76415380308e-18, 5.90769829225e-18, 3.16054751913e-18, 1.49325456592e-18, 3.452195118e-19, 3.49249710228e-20], "dvar2": [0.000363363651559, 0.000929222733248, 8.36585022626e-05, 1.94546410057e-05, 3.34972028213e-05, 7.4474599387e-05, 8.48837225931e-05, 0.000616744626313, 0.145274743438, 17.6524162292, 904.439819336, 2776.55932617, 1216.23547363, 50.2209320068, 7.60364961624, 102.728538513, 1797.67053223, 1608.07202148, 109.351646423, 11623.3173828, 38488.1328125, 5647.41894531, 12106.5791016, 13244.9599609, 5692.98242188, 3233.27392578, 7891.16503906, 98.9571914673, 1370.22692871, 97.6564788818, 37.5556488037, 4.7445268631, 1.98731374741, 0.0636709555984, 0.00887398980558, 0.00124467955902, 0.00564159918576, 6.90282977303e-05, 2.89651575258e-06, 9.68115698718e-10], "dvar": [0.000141472715768, 0.000320116232615, 2.91648120765e-05, 6.84072483637e-06, 1.2261599295e-05, 2.62624998868e-05, 2.90492826025e-05, 0.00028888482484, 0.0854416787624, 10.0878601074, 552.653503418, 1150.82434082, 850.945739746, 33.453086853, 3.28553295135, 45.6853675842, 687.247070313, 806.963928223, 53.2169799805, 5269.24462891, 17606.5664063, 2375.84130859, 5047.47509766, 5070.21826172, 2321.14575195, 1571.34118652, 4221.82373047, 44.4693984985, 620.704101563, 39.0246238708, 16.9098892212, 1.85433721542, 0.811610341072, 0.0238108504564, 0.00324620516039, 0.000464642740553, 0.00196168012917, 2.5495141017e-05, 1.01532054941e-06, 3.65227736943e-10], "dmean": [0.00792682915926, 0.0130447233096, 0.00496819010004, 0.00272021931596, 0.0034549869597, 0.00405338779092, 0.0047179479152, 0.0104194311425, 0.0846187472343, 0.810945570469, 7.31828403473, 8.36378288269, 8.16317272186, 1.67096912861, 0.586762905121, 2.00312685966, 5.4452548027, 8.18259048462, 2.99769854546, 28.4413280487, 52.1312408447, 16.2846984863, 19.8690376282, 21.1237792969, 13.8632669449, 14.4123792648, 13.914891243, 2.10514378548, 4.78716087341, 0.761255145073, 0.99601650238, 0.29688796401, 0.136568039656, 0.0414431355894, 0.0123577676713, 0.00550387427211, 0.004974859301, 0.000855019839946, 0.0001233817311, 6.58871931591e-06], "max": [0.136794194579, 0.173990115523, 0.0510608181357, 0.0251454021782, 0.0304022245109, 0.0836303308606, 0.0643552467227, 0.2539511621, 5.17509365082, 57.1708946228, 307.265289307, 637.552368164, 568.963562012, 134.619750977, 32.2839279175, 106.74836731, 523.735839844, 446.954162598, 108.154640198, 947.256591797, 1526.65222168, 722.358642578, 1159.42211914, 1055.93981934, 861.330932617, 584.393249512, 1809.98840332, 110.752426147, 605.670593262, 167.821304321, 62.0757904053, 23.4936161041, 22.2343978882, 2.09625387192, 1.30083906651, 0.307628065348, 0.995672643185, 0.116990126669, 0.0229379124939, 0.000381307821954], "var": [0.000244797964115, 0.000416925584432, 3.18662896461e-05, 8.35312584968e-06, 1.43264451253e-05, 3.11161929858e-05, 3.77540054615e-05, 0.000764630094636, 0.217096149921, 17.9053478241, 1471.01745605, 1627.26550293, 2682.43481445, 89.5280151367, 5.11908912659, 75.4905014038, 746.451660156, 1767.84106445, 129.240158081, 8583.09667969, 37403.328125, 3157.32275391, 7024.51708984, 5100.98242188, 2947.14575195, 4705.0390625, 17659.5605469, 113.399375916, 929.666687012, 38.0548095703, 24.9025440216, 1.67420566082, 0.957425355911, 0.0240053236485, 0.00302352523431, 0.000509499863256, 0.00115678354632, 1.93154155568e-05, 6.20711091415e-07, 4.36502084478e-10], "mean": [0.0106158740819, 0.0157332830131, 0.00636010244489, 0.00384479574859, 0.00474574137479, 0.00575699238107, 0.00685135833919, 0.0185641236603, 0.150424733758, 1.17166626453, 12.297627449, 11.6012659073, 14.090174675, 2.75930953026, 0.908326268196, 2.87682747841, 7.63738203049, 11.9091386795, 5.00895547867, 39.0947990417, 83.4549942017, 22.4891052246, 26.4555492401, 26.4678173065, 18.8527202606, 26.6069507599, 35.8104667664, 4.06899261475, 6.4890089035, 0.896813392639, 1.32085156441, 0.335388064384, 0.16359347105, 0.0526836290956, 0.0193597692996, 0.00899859610945, 0.00517569854856, 0.00107037497219, 0.000125644408399, 1.21584025692e-05]}, "spectral_strongpeak": {"dmean2": 2.1364338398, "median": 1.72263789177, "min": 0, "dvar2": 8.75740432739, "dvar": 3.90471529961, "dmean": 1.34003603458, "max": 31.7893848419, "var": 12.0172529221, "mean": 2.79512643814}, "spectral_energy": {"dmean2": 0.00424320902675, "median": 0.00223188614473, "min": 1.13081381616e-20, "dvar2": 6.38738056296e-05, "dvar": 3.04153400066e-05, "dmean": 0.00293151149526, "max": 0.0647661834955, "var": 8.79939398146e-05, "mean": 0.00626663118601}, "average_loudness": 0.889449059963, "spectral_rolloff": {"dmean2": 914.011657715, "median": 3596.04492188, "min": 64.599609375, "dvar2": 2283219.5, "dvar": 1364234, "dmean": 538.6171875, "max": 19164.5507813, "var": 2901127.75, "mean": 3699.02636719}, "spectral_centroid": {"dmean2": 393.980865479, "median": 3108.31860352, "min": 511.060699463, "dvar2": 269043.40625, "dvar": 199793.484375, "dmean": 264.518920898, "max": 11482.1748047, "var": 605067.5, "mean": 3112.47216797}, "pitch_salience": {"dmean2": 0.133686721325, "median": 0.443701505661, "min": 0.108254224062, "dvar2": 0.0175832305104, "dvar": 0.00720509234816, "dmean": 0.0810450538993, "max": 0.883288502693, "var": 0.0190210249275, "mean": 0.463126808405}, "spectral_energyband_middle_high": {"dmean2": 0.00327304634266, "median": 0.00112713547423, "min": 1.62675649554e-21, "dvar2": 4.48841965408e-05, "dvar": 2.05560354516e-05, "dmean": 0.00223463005386, "max": 0.0419201813638, "var": 4.71591956739e-05, "mean": 0.0041216048412}, "spectral_contrast_coeffs": {"dmean2": [0.0624543242157, 0.0731483772397, 0.057971958071, 0.0600762441754, 0.0406381823123, 0.0413141809404], "median": [-0.84827286005, -0.831799507141, -0.826776504517, -0.735865235329, -0.722207784653, -0.784793496132], "min": [-0.96527659893, -0.966701865196, -0.96771979332, -0.955317318439, -0.95995426178, -0.957751572132], "dvar2": [0.00221733632497, 0.00391891226172, 0.00242905318737, 0.0032245228067, 0.00124833569862, 0.00215019565076], "dvar": [0.000749934930354, 0.0021906842012, 0.00121422531083, 0.0013887033565, 0.000575983372983, 0.000896278768778], "dmean": [0.03582527861, 0.0498761609197, 0.0388225130737, 0.0384750626981, 0.0264623146504, 0.0262177158147], "max": [-0.719041287899, -0.409753978252, -0.506202280521, -0.393217623234, -0.567474544048, -0.615840673447], "var": [0.00116759072989, 0.0175952166319, 0.00928688980639, 0.00863786414266, 0.00323421205394, 0.00284460256808], "mean": [-0.846603572369, -0.775833725929, -0.792070448399, -0.729794025421, -0.721403837204, -0.778582274914]}, "melbands_skewness": {"dmean2": 1.38733649254, "median": -0.176468163729, "min": -8.04361915588, "dvar2": 1.93632519245, "dvar": 0.928127348423, "dmean": 0.885090053082, "max": 9.49039459229, "var": 3.56639122963, "mean": -0.135168895125}, "spectral_spread": {"dmean2": 662817.6875, "median": 2586850, "min": 592656.1875, "dvar2": 1948223275010.0, "dvar": 1466914963460.0, "dmean": 433213.96875, "max": 40747116, "var": 4057380683780.0, "mean": 2922856.75}, "dissonance": {"dmean2": 0.0170224681497, "median": 0.495690524578, "min": 0.345027804375, "dvar2": 0.00079882889986, "dvar": 0.000284666806692, "dmean": 0.0100988391787, "max": 0.499996572733, "var": 0.000418581737904, "mean": 0.486773371696}, "spectral_skewness": {"dmean2": 0.615120589733, "median": 1.60816836357, "min": 0.00568771455437, "dvar2": 0.488824039698, "dvar": 0.17211613059, "dmean": 0.369441330433, "max": 5.62907743454, "var": 0.344506531954, "mean": 1.73705327511}, "spectral_flux": {"dmean2": 0.0234206654131, "median": 0.0276569798589, "min": 1.06339728689e-10, "dvar2": 0.00089264579583, "dvar": 0.000409218890127, "dmean": 0.015082388185, "max": 0.202014610171, "var": 0.00139000324998, "mean": 0.0401229560375}, "spectral_contrast_valleys": {"dmean2": [0.637866020203, 0.661725997925, 0.648975372314, 0.59345883131, 0.581472754478, 0.353640675545], "median": [-9.40644550323, -9.41391944885, -9.48423194885, -8.99648666382, -8.1865901947, -11.5631656647], "min": [-27.3737239838, -27.3917484283, -27.3546218872, -27.5102310181, -27.2073059082, -27.2832317352], "dvar2": [0.455124408007, 0.517545998096, 0.506100296974, 0.508448183537, 0.540381610394, 0.280032247305], "dvar": [0.330184221268, 0.320489943027, 0.341687947512, 0.354085624218, 0.348006308079, 0.221972048283], "dmean": [0.381440013647, 0.404761105776, 0.422756254673, 0.397814631462, 0.376189947128, 0.238258197904], "max": [-8.22331523895, -7.41300725937, -6.79326295853, -6.15988683701, -5.8492102623, -9.39740467072], "var": [0.809094130993, 0.948237121105, 1.45203745365, 2.13852667809, 2.15936875343, 0.902263045311], "mean": [-9.52812767029, -9.51663303375, -9.50997447968, -9.16986274719, -8.42062473297, -11.5873031616]}, "erbbands_flatness_db": {"dmean2": 0.0400080569088, "median": 0.277322649956, "min": 0.0308891478926, "dvar2": 0.00157954252791, "dvar": 0.000801087880973, "dmean": 0.026719847694, "max": 0.475926578045, "var": 0.00471354275942, "mean": 0.273453325033}, "spectral_energyband_high": {"dmean2": 0.000591284071561, "median": 0.000220202025957, "min": 8.25233587719e-21, "dvar2": 3.62870127901e-06, "dvar": 1.88443198113e-06, "dmean": 0.000381310761441, "max": 0.0355225540698, "var": 6.78449669067e-06, "mean": 0.000822139030788}, "spectral_entropy": {"dmean2": 0.324237257242, "median": 7.06026268005, "min": 4.9935336113, "dvar2": 0.11710409075, "dvar": 0.0535113140941, "dmean": 0.211982816458, "max": 9.79563236237, "var": 0.239509060979, "mean": 6.99537086487}, "silence_rate_20dB": {"dmean2": 0, "median": 1, "min": 1, "dvar2": 0, "dvar": 0, "dmean": 0, "max": 1, "var": 0, "mean": 1}, "melbands_flatness_db": {"dmean2": 0.0440876968205, "median": 0.186718553305, "min": 0.00885291025043, "dvar2": 0.00155002833344, "dvar": 0.000687268970069, "dmean": 0.0282356012613, "max": 0.342209368944, "var": 0.00207832199521, "mean": 0.189671456814}, "barkbands": {"dmean2": [0.000111394270789, 0.000212042490602, 5.75178182771e-06, 1.82641474566e-06, 1.77218112185e-06, 1.60426441198e-06, 1.94858785107e-05, 0.0003033154062, 0.000615579541773, 0.000252837024163, 9.69618668023e-06, 6.35285323369e-05, 0.00018774268392, 0.000205527976505, 0.000246118259383, 0.00162892171647, 0.000495047599543, 0.000629345653579, 0.000530577322934, 0.000443029945018, 0.000352457456756, 0.000137170558446, 4.46919584647e-05, 9.88049760053e-06, 3.45806802216e-06, 3.28917053594e-06, 9.31360489176e-07], "median": [3.76462012355e-05, 8.33416415844e-05, 2.49403115049e-06, 9.03938257579e-07, 1.29891827783e-06, 8.56961378304e-07, 8.20048512651e-07, 1.87080445357e-06, 7.68016434449e-06, 3.06910078507e-06, 1.20720437735e-06, 1.89856814359e-06, 6.81423489368e-06, 4.36362370237e-06, 2.11680744542e-05, 0.000223229813855, 6.12798321526e-05, 5.63621069887e-05, 7.00675300322e-05, 6.49269786663e-05, 7.07661820343e-05, 6.45237105346e-06, 2.32601314565e-06, 1.01872069536e-06, 9.01834766864e-07, 6.55984536024e-07, 1.03075791458e-07], "min": [1.95967500789e-23, 1.9481994483e-23, 5.38310398683e-24, 6.71040348063e-24, 1.2485579226e-23, 3.2354855504e-23, 4.6962811353e-23, 2.27116778037e-23, 5.72084705257e-23, 1.68423040199e-22, 6.65561882626e-23, 5.28224827787e-23, 4.73035613987e-23, 1.06102498572e-22, 2.66385579701e-22, 1.15570457643e-22, 1.84859468341e-22, 1.83456406646e-22, 3.36778806339e-22, 3.56896425497e-22, 4.25352941815e-22, 6.80609196134e-22, 8.56719603812e-22, 9.17028562753e-22, 1.15855005451e-21, 1.83322651177e-21, 2.34991066423e-21], "dvar2": [3.42771429018e-08, 8.67014335881e-08, 3.05902941866e-11, 3.056226279e-12, 3.55578153727e-12, 5.68855596308e-12, 8.05427013972e-09, 1.0153888752e-06, 4.62959087599e-06, 9.40714471653e-07, 6.0871202523e-10, 4.60554083759e-08, 6.83868108808e-07, 4.64615396822e-07, 4.95971221426e-07, 1.47053924593e-05, 2.66183337772e-06, 4.28282965004e-06, 3.58783290721e-06, 1.42904991662e-06, 2.13157909457e-06, 4.49858418961e-07, 3.69138355438e-08, 3.1419884472e-09, 1.78482617574e-10, 4.51893689135e-10, 3.97692295762e-11], "dvar": [1.25834249687e-08, 3.30170841778e-08, 1.08339196989e-11, 1.12885948419e-12, 1.2793717908e-12, 2.26731871125e-12, 5.27446086807e-09, 5.99740417329e-07, 2.08027108783e-06, 5.26617498053e-07, 3.10252046276e-10, 2.02298213736e-08, 2.7930491342e-07, 2.29665431561e-07, 1.98336920221e-07, 7.03504383637e-06, 1.02246883671e-06, 1.78129357664e-06, 1.37549420742e-06, 6.85938800871e-07, 1.15361831377e-06, 2.03297290113e-07, 1.53236783262e-08, 1.27627064472e-09, 6.69277480658e-11, 1.59722651771e-10, 1.41196490264e-11], "dmean": [6.66276537231e-05, 0.000125268430565, 3.18962793244e-06, 1.03266086171e-06, 1.0298477946e-06, 9.68848439697e-07, 1.32169088829e-05, 0.000223821029067, 0.000407841173001, 0.000201884715352, 6.77585376252e-06, 4.19856951339e-05, 0.000124495636555, 0.000139517112984, 0.00015154464927, 0.00106685876381, 0.000310170638841, 0.000393500318751, 0.00031823644531, 0.000286523601972, 0.000221506561502, 9.88346801023e-05, 2.93594894174e-05, 6.2603362494e-06, 2.14724786929e-06, 1.9103338218e-06, 5.46285207292e-07], "max": [0.00106357038021, 0.00211766920984, 2.69688025583e-05, 8.54407880979e-06, 1.9107154003e-05, 2.3608086849e-05, 0.00202612485737, 0.0111876027659, 0.020501056686, 0.0130302226171, 0.00033525278559, 0.00234814290889, 0.00949851609766, 0.00789308175445, 0.00678291032091, 0.0347455628216, 0.0156810954213, 0.0237271804363, 0.019991973415, 0.0139467855915, 0.0305729135871, 0.0103528797626, 0.00190428516362, 0.000849643838592, 0.000114463276986, 0.000280670443317, 8.55713151395e-05], "var": [1.81033197322e-08, 5.58144286344e-08, 1.12613625022e-11, 1.18969862174e-12, 1.70993785537e-12, 3.94090272568e-12, 1.00472927755e-08, 1.43778879647e-06, 3.87255295209e-06, 1.19322623959e-06, 7.39850514186e-10, 3.06476586331e-08, 3.83335247989e-07, 5.07869742705e-07, 2.15150635086e-07, 1.47191249198e-05, 1.14780516469e-06, 2.44702187047e-06, 1.34144579533e-06, 1.95253096535e-06, 4.70587974633e-06, 3.11314977353e-07, 1.79715708981e-08, 1.49209167244e-09, 7.27822316304e-11, 1.05885994417e-10, 9.34108693174e-12], "mean": [8.46214825287e-05, 0.000169246763107, 3.50745472133e-06, 1.20784147839e-06, 1.62209801147e-06, 1.50730909354e-06, 1.72998188646e-05, 0.000344708154444, 0.000591673713643, 0.000302917149384, 1.00079914773e-05, 5.73567704123e-05, 0.000177124224138, 0.000197120389203, 0.000168825747096, 0.00164756388403, 0.000375204224838, 0.000507692515384, 0.000378274009563, 0.000491819344461, 0.000550100463443, 0.000137491821079, 3.59440709872e-05, 7.53614585847e-06, 3.21456445818e-06, 2.44072293754e-06, 6.0672419977e-07]}, "erbbands_skewness": {"dmean2": 1.01612961292, "median": -0.923179030418, "min": -7.13213205338, "dvar2": 0.936195850372, "dvar": 0.400119572878, "dmean": 0.634186208248, "max": 2.51429224014, "var": 1.65064764023, "mean": -1.02560043335}, "erbbands_spread": {"dmean2": 6.57355070114, "median": 9.15547180176, "min": 0.682154417038, "dvar2": 110.062530518, "dvar": 52.4248695374, "dmean": 4.13384723663, "max": 132.623504639, "var": 212.852996826, "mean": 13.530711174}, "melbands_kurtosis": {"dmean2": 5.81106567383, "median": -0.0684764683247, "min": -1.94360399246, "dvar2": 160.153762817, "dvar": 66.8824768066, "dmean": 3.73099374771, "max": 121.628295898, "var": 128.628982544, "mean": 3.1634850502}, "melbands": {"dmean2": [8.67000635481e-05, 1.12419866127e-05, 8.4324352656e-07, 4.02280591061e-07, 2.81276186342e-07, 3.80179045578e-07, 2.40250960815e-06, 1.81915947906e-05, 9.103827324e-05, 7.86460514064e-05, 5.13904851687e-05, 1.02573094409e-05, 1.76373237082e-06, 6.84493215886e-06, 1.29704876599e-05, 2.13139755942e-05, 2.2415051717e-05, 6.17309387962e-06, 2.29193447012e-05, 0.000113131529361, 9.13521507755e-05, 2.72635570582e-05, 2.37186995946e-05, 3.34913020197e-05, 3.03112046822e-05, 1.26564418679e-05, 2.36237337958e-05, 1.17704803415e-05, 1.84357049875e-05, 3.49552283296e-06, 1.3635411733e-06, 4.42614327767e-06, 1.42743363085e-06, 3.4041283925e-07, 6.38265134967e-07, 1.06097934349e-06, 6.29028988897e-08, 1.85572517353e-07, 9.60248840443e-08, 4.2118440291e-08], "median": [3.62776918337e-05, 5.26192070538e-06, 6.0164632032e-07, 2.90218622467e-07, 1.89637205494e-07, 1.7356586568e-07, 1.63783141716e-07, 2.9008100455e-07, 6.68782263347e-07, 1.13911494282e-06, 7.12379687684e-07, 3.48416591578e-07, 1.50103289798e-07, 1.45970616927e-07, 5.53771315026e-07, 6.87669171384e-07, 4.20470939844e-07, 7.02454030943e-07, 1.91323556464e-06, 1.18319821922e-05, 1.38204177347e-05, 3.87415730074e-06, 1.45517219607e-06, 2.74548847301e-06, 4.025947419e-06, 1.68989492977e-06, 2.22745666179e-06, 1.91344179257e-06, 4.28952898801e-06, 6.67834399337e-07, 5.50322418746e-08, 1.85032462241e-07, 4.75744457162e-08, 1.20956364924e-08, 3.47679289803e-08, 3.64643142348e-08, 1.23270220698e-08, 1.17564393776e-08, 1.06780433384e-08, 8.02494959373e-09], "min": [7.21494156067e-24, 3.13670423008e-24, 3.06630214138e-24, 1.40347703041e-24, 6.65904153596e-24, 6.13298727473e-24, 1.13411503118e-23, 2.68687661205e-24, 6.54841049932e-24, 7.83384475045e-24, 2.68789207325e-23, 1.21988724631e-23, 9.81900375211e-24, 7.04057095732e-24, 4.7054602419e-24, 6.31878452829e-24, 9.95161915888e-24, 1.33778377078e-23, 2.20519565841e-23, 6.69163490198e-24, 1.12008766433e-23, 1.09136476546e-23, 5.88910658714e-24, 9.75883180884e-24, 1.29879432054e-23, 1.42409667118e-23, 8.81005854294e-24, 1.31187174108e-23, 1.08854498215e-23, 1.10720935228e-23, 1.09111651093e-23, 1.77323925031e-23, 8.69945945516e-24, 1.48572658717e-23, 1.49716601693e-23, 1.08935151354e-23, 1.09108006556e-23, 1.18782872799e-23, 1.05895709729e-23, 1.18998618368e-23], "dvar2": [1.56486716918e-08, 1.92331026105e-10, 5.42037389365e-13, 1.93141103154e-13, 9.18539807475e-14, 4.13151826119e-13, 7.69483990415e-11, 4.54821513785e-09, 8.21165784259e-08, 1.02536574786e-07, 2.95849602594e-08, 1.4595267217e-09, 2.71199295659e-11, 6.09084394032e-10, 3.31261373887e-09, 7.60048646242e-09, 5.85055959235e-09, 2.62723093281e-10, 4.06849576251e-09, 7.38438359349e-08, 5.47388943062e-08, 6.35866648224e-09, 1.37735893802e-08, 1.03491206715e-08, 1.19332890236e-08, 2.0737955797e-09, 5.80989745202e-09, 9.06130226408e-10, 6.62258514694e-09, 1.68711669635e-10, 4.33640796882e-11, 4.97250407516e-10, 9.53861087338e-11, 2.0663328687e-11, 8.4345768217e-12, 2.84217302471e-11, 5.1166570167e-14, 2.44596920843e-12, 2.30313733579e-13, 2.96164019687e-14], "dvar": [5.9890625792e-09, 6.49128875652e-11, 1.993634885e-13, 6.78419519455e-14, 3.26199536946e-14, 1.95901359913e-13, 4.65969589303e-11, 2.51087484138e-09, 4.88297544621e-08, 4.23709174413e-08, 2.08173371874e-08, 9.40539313099e-10, 1.23429521812e-11, 2.79934381231e-10, 1.29268340476e-09, 3.33725691526e-09, 2.88968982076e-09, 1.33612079734e-10, 1.67867098e-09, 3.41118209235e-0