{"tonal": {"thpcp": [1, 0.456031322479, 0.164717540145, 0.119643136859, 0.11940357089, 0.194858491421, 0.244317889214, 0.229769736528, 0.304272413254, 0.286811947823, 0.153232768178, 0.137337595224, 0.164571523666, 0.166338816285, 0.295309007168, 0.432247310877, 0.329967260361, 0.198590382934, 0.155677631497, 0.15607483685, 0.308498620987, 0.39792022109, 0.291133970022, 0.187674328685, 0.107478328049, 0.0807769298553, 0.168839737773, 0.229073867202, 0.214210391045, 0.318035066128, 0.37747707963, 0.240288540721, 0.144634157419, 0.142230883241, 0.311154007912, 0.881192088127], "hpcp": {"dmean2": [0.295005887747, 0.293779671192, 0.276136517525, 0.169276997447, 0.122730262578, 0.113213405013, 0.14255797863, 0.158937305212, 0.163150787354, 0.177944198251, 0.164668679237, 0.125245183706, 0.109590888023, 0.124432377517, 0.125179573894, 0.155540138483, 0.174965068698, 0.172378629446, 0.135447055101, 0.107310250401, 0.110934913158, 0.152049332857, 0.15939335525, 0.157883793116, 0.161841586232, 0.0946540907025, 0.061352353543, 0.0974383801222, 0.126868605614, 0.142404615879, 0.183795064688, 0.183354362845, 0.16519293189, 0.147796735168, 0.150855258107, 0.232299312949], "median": [0.46772763133, 0.584097743034, 0.186420843005, 0.0299983508885, 0.0189767591655, 0.0206304248422, 0.048406496644, 0.0648636370897, 0.0632990524173, 0.0764640122652, 0.0672096088529, 0.0391685590148, 0.0339749529958, 0.0372261665761, 0.0379756577313, 0.059644818306, 0.0804963409901, 0.0677111148834, 0.0454638488591, 0.0375779382885, 0.041288562119, 0.0924102067947, 0.11972463131, 0.0780967175961, 0.0288790687919, 0.0177800934762, 0.0146287437528, 0.0303131341934, 0.041680559516, 0.0421193949878, 0.0621665641665, 0.066890373826, 0.040623228997, 0.0223291423172, 0.0231569483876, 0.102946348488], "min": [0, 0, 0, 0, 0, 0, 0, 0, 0, 0, 0, 0, 0, 0, 0, 0, 0, 0, 0, 0, 0, 0, 0, 0, 0, 0, 0, 0, 0, 0, 0, 0, 0, 0, 0, 0], "dvar2": [0.105937473476, 0.101648434997, 0.10104675591, 0.0871096774936, 0.0652664750814, 0.05880317837, 0.0622908137739, 0.0626910105348, 0.0623798444867, 0.0703654363751, 0.0641846209764, 0.0502543635666, 0.0406148657203, 0.0512083806098, 0.0501517467201, 0.0593515560031, 0.0694592669606, 0.0660495012999, 0.0480276793242, 0.0415287427604, 0.0401495471597, 0.0499739572406, 0.0512896999717, 0.0512974262238, 0.0995198637247, 0.0342262610793, 0.0223684292287, 0.0334177091718, 0.0473984219134, 0.0549715161324, 0.0772807151079, 0.0799400135875, 0.0802764743567, 0.0866991728544, 0.0853342115879, 0.0901003330946], "dvar": [0.0421698875725, 0.0427140332758, 0.0373218804598, 0.0321106947958, 0.0236861351877, 0.0210907161236, 0.0229613780975, 0.0242581628263, 0.0232906118035, 0.0268760547042, 0.0252021923661, 0.0177588872612, 0.0149206779897, 0.0190951284021, 0.018636919558, 0.0224194787443, 0.0292225182056, 0.0256184861064, 0.0185406655073, 0.0156549569219, 0.01522720512, 0.0198805481195, 0.0214718338102, 0.0196659788489, 0.0362351872027, 0.0126561606303, 0.00829598866403, 0.0130227720365, 0.0190386492759, 0.0209497753531, 0.0305905416608, 0.0328857339919, 0.029790494591, 0.0311426203698, 0.0306982155889, 0.0331238955259], "dmean": [0.172844871879, 0.174912154675, 0.161541312933, 0.0954422876239, 0.069053158164, 0.0636863037944, 0.0829788222909, 0.0945183560252, 0.0942960903049, 0.105204962194, 0.0984454676509, 0.0719462409616, 0.0634005740285, 0.0731688663363, 0.0732914581895, 0.0932936742902, 0.105181403458, 0.103572756052, 0.0798118934035, 0.0635644197464, 0.0649889186025, 0.0918746069074, 0.0975060686469, 0.0938543528318, 0.0915380492806, 0.053707998246, 0.0358017012477, 0.0581167787313, 0.0761545225978, 0.0855656638741, 0.109655715525, 0.109039343894, 0.0948924049735, 0.0822639763355, 0.0839317366481, 0.134133890271], "max": [1, 1, 1, 1, 1, 1, 1, 1, 1, 1, 1, 1, 1, 1, 1, 1, 1, 1, 1, 1, 1, 1, 1, 1, 1, 1, 1, 1, 1, 1, 1, 1, 1, 1, 1, 1], "var": [0.131571516395, 0.136347681284, 0.0538029670715, 0.0287978965789, 0.0207416526973, 0.0207017436624, 0.0283234491944, 0.0366344340146, 0.0317004472017, 0.0554280914366, 0.0520677193999, 0.0190182570368, 0.016793910414, 0.0238563138992, 0.0237756911665, 0.0518151968718, 0.103145308793, 0.0623831488192, 0.0294256936759, 0.0218460708857, 0.0192635916173, 0.0438835099339, 0.0730960890651, 0.0434622019529, 0.0409792624414, 0.0138847399503, 0.0104110203683, 0.030356362462, 0.04662656039, 0.0338595844805, 0.0609699711204, 0.087459936738, 0.047049280256, 0.0284467060119, 0.0271207969636, 0.040087569505], "mean": [0.496690809727, 0.563657820225, 0.25704562664, 0.0928443297744, 0.0674377903342, 0.0673027560115, 0.109833516181, 0.137711688876, 0.129511505365, 0.171505525708, 0.161663800478, 0.0863708481193, 0.0774114131927, 0.0927620232105, 0.0937581732869, 0.166453227401, 0.243639573455, 0.185988634825, 0.111937023699, 0.087748914957, 0.087972804904, 0.173887655139, 0.224290847778, 0.164099946618, 0.105784103274, 0.0605809986591, 0.0455305501819, 0.095167838037, 0.129119277, 0.12074135989, 0.179262951016, 0.212767913938, 0.135440513492, 0.0815241709352, 0.0801695510745, 0.175384387374]}, "tuning_equal_tempered_deviation": 0.244311675429, "chords_changes_rate": 0.0579282492399, "key_key": "D", "tuning_diatonic_strength": 0.610747098923, "key_scale": "major", "chords_number_rate": 0.00155303615611, "tuning_frequency": 434.193115234, "tuning_nontempered_energy_ratio": 0.937346756458, "chords_histogram": [19.1644668579, 1.33561110497, 8.01366710663, 0.0155303617939, 0.0310607235879, 0.0621214471757, 0.450380504131, 0, 0, 0, 0, 0.0310607235879, 0, 0.528032302856, 0.248485788703, 2.32955431938, 0, 9.50458145142, 4.03789424896, 36.5274124146, 1.07159495354, 0.962882459164, 13.0455036163, 2.64016151428], "key_strength": 0.706774652004, "chords_key": "A", "chords_strength": {"dmean2": 0.00798926688731, "median": 0.509191036224, "min": 0.271548002958, "dvar2": 6.10486604273e-05, "dvar": 6.15342578385e-05, "dmean": 0.00882887188345, "max": 0.840904474258, "var": 0.00857125967741, "mean": 0.512144863605}, "chords_scale": "minor", "hpcp_entropy": {"dmean2": 0.886948287487, "median": 2.13747286797, "min": 0, "dvar2": 0.566825449467, "dvar": 0.208509713411, "dmean": 0.529671907425, "max": 4.78042221069, "var": 0.487850934267, "mean": 2.11717867851}}, "metadata": {"audio_properties": {"equal_loudness": 0, "codec": "flac", "downmix": "mix", "analysis_sample_rate": 44100, "bit_rate": 0, "md5_encoded": "859828780faf96d0cb41c396c0b5bcff", "length": 298.973327637, "replay_gain": -10.3194274902, "lossless": true}, "version": {"essentia_build_sha": "5a55991247aa8bc5301991e5ebe36927b56abb96", "essentia": "2.1-beta1", "extractor": "music 1.0", "essentia_git_sha": "v2.1_beta1-6-g5578087"}, "tags": {"title": ["Garden"], "barcode": ["5099746888497"], "media": ["CD"], "albumartist": ["Pearl Jam"], "language": ["eng"], "performer": ["Jeff Ament (bass guitar)", "Dave Krusen (drums)", "Mike McCready (guitars)", "Stone Gossard (guitars)", "Eddie Vedder (lead vocals)"], "releasetype": ["album"], "musicbrainz_recordingid": ["1ba7114e-c6fc-4988-aaba-e6ff22ed1a29"], "albumsort": ["Ten (1992, Pearl Jam, 4b06b597-9c73-42b9-9bc2-978883ead127)"], "musicbrainz_albumartistid": ["83b9cbe7-9857-49e2-ab8e-b57b01038103"], "musicbrainz_workid": ["9731a364-01d1-3649-bf28-9e68a4161b79"], "replaygain_track_gain": ["-5.000000"], "date": ["1992"], "musicip_puid": ["6e4be628-01ad-6b56-0446-9865ad73543b"], "asin": ["B000005RUX"], "musicbrainz_albumid": ["4b06b597-9c73-42b9-9bc2-978883ead127"], "musicbrainz_releasetrackid": ["ae399a80-fd3b-3137-a4b0-a495f72cb29a"], "artistsort": ["Pearl Jam"], "tracknumber": ["9"], "label": ["Epic"], "musicbrainz_artistid": ["83b9cbe7-9857-49e2-ab8e-b57b01038103"], "totaltracks": ["14"], "composer": ["Jeff Ament", "Stone Gossard"], "tracktotal": ["14"], "replaygain_track_peak": ["0.929413"], "replaygain_album_peak": ["0.982208"], "mixer": ["Tim Palmer"], "lyricist": ["Eddie Vedder"], "producer": ["Pearl Jam", "Rick Parashar"], "discnumber": ["1"], "album": ["Ten"], "catalognumber": ["468884 9"], "releasecountry": ["XE"], "genre": ["Grunge"], "replaygain_album_gain": ["-5.600000"], "artists": ["Pearl Jam"], "file_name": "09 - Pearl Jam - Garden.flac", "musicbrainz_releasegroupid": ["cea5d18a-1924-3cda-bebc-38933834b25d"], "script": ["Latn"], "originaldate": ["1991-08-27"], "work": ["Garden"], "artist": ["Pearl Jam"], "disctotal": ["1"], "composersort": ["Ament, Jeff", "Gossard, Stone"], "albumartistsort": ["Pearl Jam"], "totaldiscs": ["1"], "releasestatus": ["official"]}}, "rhythm": {"bpm_histogram_first_peak_bpm": {"dmean2": 0, "median": 167, "min": 167, "dvar2": 0, "dvar": 0, "dmean": 0, "max": 167, "var": 0, "mean": 167}, "bpm": 164.447814941, "bpm_histogram_second_peak_spread": {"dmean2": 0, "median": 0.409495592117, "min": 0.409495592117, "dvar2": 0, "dvar": 0, "dmean": 0, "max": 0.409495592117, "var": 0, "mean": 0.409495592117}, "bpm_histogram_first_peak_weight": {"dmean2": 0, "median": 0.259900987148, "min": 0.259900987148, "dvar2": 0, "dvar": 0, "dmean": 0, "max": 0.259900987148, "var": 0, "mean": 0.259900987148}, "onset_rate": 2.71579384804, "beats_position": [0.383129239082, 0.766258478165, 1.13777780533, 1.53251695633, 1.91564619541, 2.29877543449, 2.67029476166, 3.05342388153, 3.43655323982, 3.8196823597, 4.19120168686, 4.57433080673, 4.94585037231, 5.32897949219, 5.71210861206, 6.09523820877, 6.47836732864, 6.84988641739, 7.22140598297, 7.60453510284, 7.98766422272, 8.35918331146, 8.74231243134, 9.12544155121, 9.52018165588, 9.91492080688, 10.3096599579, 10.7392292023, 11.1687984467, 11.5983667374, 12.0163259506, 12.4342851639, 12.8522443771, 13.2585935593, 13.6649427414, 14.0712919235, 14.4660310745, 14.8607711792, 15.2439002991, 15.6270294189, 16.0101585388, 16.3932876587, 16.7648067474, 17.1595458984, 17.5542850494, 17.9490242004, 18.3321533203, 18.7152824402, 19.0984115601, 19.4815406799, 19.8762817383, 20.2594108582, 20.642539978, 21.0140590668, 21.3855781555, 21.7687072754, 22.1518363953, 22.5465755463, 22.9297046661, 23.312833786, 23.6959629059, 24.0790920258, 24.4622211456, 24.8453502655, 25.2284793854, 25.6116104126, 25.9947395325, 26.3778686523, 26.7493877411, 27.1209068298, 27.5040359497, 27.8871650696, 28.2586841583, 28.6302032471, 29.0133323669, 29.3964614868, 29.7795906067, 30.1627197266, 30.5342407227, 30.9057598114, 31.2888889313, 31.6720180511, 32.0551452637, 32.449886322, 32.8330154419, 33.2161445618, 33.5992736816, 33.99401474, 34.3771438599, 34.7602729797, 35.1434020996, 35.5265312195, 35.9096603394, 36.2927894592, 36.6643066406, 37.0358276367, 37.4073448181, 37.8020858765, 38.1852149963, 38.5683441162, 38.9514732361, 39.334602356, 39.7061233521, 40.0892524719, 40.4723815918, 40.8555107117, 41.2502479553, 41.6333770752, 42.0281181335, 42.4228553772, 42.8059844971, 43.1891136169, 43.5838546753, 43.9669837952, 44.350112915, 44.7216300964, 45.0931510925, 45.4762802124, 45.8594093323, 46.2425384521, 46.625667572, 47.0087966919, 47.3919258118, 47.7750549316, 48.1581840515, 48.5413131714, 48.9244422913, 49.2959632874, 49.690700531, 50.0854415894, 50.480178833, 50.8749198914, 51.2580490112, 51.6527900696, 52.024307251, 52.4074363708, 52.7789573669, 53.1620864868, 53.5452156067, 53.9399528503, 54.3230819702, 54.7062110901, 55.08934021, 55.4724693298, 55.8555984497, 56.2387275696, 56.6334686279, 57.0165977478, 57.3997268677, 57.7828559875, 58.1659851074, 58.5491142273, 58.9322433472, 59.3269844055, 59.7217216492, 60.104850769, 60.4879798889, 60.8827209473, 61.2774581909, 61.6721992493, 62.0553283691, 62.438457489, 62.8331947327, 63.227935791, 63.6226730347, 64.0174102783, 64.4121551514, 64.806892395, 65.1900177002, 65.5731506348, 65.9562835693, 66.3394088745, 66.7341461182, 67.1172790527, 67.5004043579, 67.895149231, 68.2898864746, 68.6614074707, 69.0445327759, 69.4276657104, 69.8107910156, 70.1939239502, 70.5886611938, 70.9601821899, 71.3433074951, 71.7264404297, 72.1095657349, 72.4926986694, 72.8758239746, 73.2589569092, 73.6304779053, 74.001991272, 74.3735122681, 74.7566452026, 75.1397705078, 75.5345077515, 75.9292526245, 76.3239898682, 76.7187271118, 77.1134643555, 77.4849853516, 77.8565063477, 78.2280273438, 78.5995483398, 78.9710617065, 79.3425827026, 79.7141036987, 80.0856246948, 80.46875, 80.8518829346, 81.2350082397, 81.6181411743, 82.0012664795, 82.3843994141, 82.7675247192, 83.1506576538, 83.533782959, 83.9169158936, 84.3000411987, 84.6831741333, 85.0546951294, 85.4262084961, 85.8093414307, 86.1924667358, 86.5755996704, 86.9587249756, 87.3418579102, 87.7249908447, 88.1081161499, 88.4912490845, 88.8859863281, 89.2807235718, 89.6638565063, 90.0469818115, 90.4301147461, 90.8132400513, 91.2079772949, 91.602722168, 91.9858474731, 92.3689804077, 92.7521057129, 93.1352386475, 93.5299758911, 93.9247131348, 94.3078460693, 94.6909713745, 95.0857162476, 95.4572296143, 95.8403625488, 96.223487854, 96.6066207886, 96.9897460938, 97.3844909668, 97.767616272, 98.1623535156, 98.5570983887, 98.9518356323, 99.346572876, 99.7297058105, 100.112831116, 100.49596405, 100.879089355, 101.26222229, 101.645347595, 102.02848053, 102.411605835, 102.79473877, 103.177864075, 103.560997009, 103.955734253, 104.350471497, 104.74521637, 105.139953613, 105.511474609, 105.882987976, 106.266120911, 106.649246216, 107.03237915, 107.415504456, 107.79863739, 108.181770325, 108.56489563, 108.948028564, 109.33115387, 109.702674866, 110.062583923, 110.434104919, 110.805618286, 111.177139282, 111.560272217, 111.943397522, 112.338134766, 112.732879639, 113.127616882, 113.522354126, 113.917098999, 114.300224304, 114.6717453, 115.054870605, 115.43800354, 115.821128845, 116.192649841, 116.575782776, 116.958908081, 117.342041016, 117.725166321, 118.108299255, 118.491424561, 118.874557495, 119.269294739, 119.664031982, 120.047164917, 120.418685913, 120.801811218, 121.184944153, 121.55645752, 121.939590454, 122.31111145, 122.694236755, 123.065757751, 123.437278748, 123.808792114, 124.191925049, 124.575057983, 124.94657135, 125.341316223, 125.736053467, 126.107574463, 126.490699768, 126.873832703, 127.245346069, 127.616867065, 127.988388062, 128.359909058, 128.731430054, 129.10295105, 129.474472046, 129.845977783, 130.229110718, 130.612243652, 130.983764648, 131.355285645, 131.726806641, 132.098312378, 132.469833374, 132.84135437, 133.212875366, 133.584396362, 133.94430542, 134.304214478, 134.664123535, 135.024032593, 135.395553589, 135.755462646, 136.126983643, 136.4868927, 136.858413696, 137.229934692, 137.601455688, 137.972961426, 138.332870483, 138.692779541, 139.052688599, 139.412597656, 139.760910034, 140.109207153, 140.457504272, 140.805801392, 141.177322388, 141.537231445, 141.897140503, 142.245437622, 142.593734741, 142.94203186, 143.301940918, 143.661849976, 144.021759033, 144.370071411, 144.729980469, 145.078277588, 145.438186646, 145.798095703, 146.146392822, 146.50630188, 146.866210938, 147.214508057, 147.574417114, 147.934326172, 148.282623291, 148.63092041, 148.979232788, 149.339141846, 149.699050903, 150.047348022, 150.40725708, 150.767166138, 151.115463257, 151.475372314, 151.835281372, 152.183578491, 152.543487549, 152.903396606, 153.263305664, 153.623214722, 153.971511841, 154.31980896, 154.668121338, 155.016418457, 155.364715576, 155.713012695, 156.061309814, 156.409606934, 156.769515991, 157.129425049, 157.489334106, 157.849243164, 158.209152222, 158.569061279, 158.928970337, 159.288879395, 159.648788452, 160.020309448, 160.380218506, 160.740127563, 161.100036621, 161.448348999, 161.796646118, 162.156555176, 162.516464233, 162.887985229, 163.259490967, 163.631011963, 163.990921021, 164.350830078, 164.722351074, 165.09387207, 165.465393066, 165.836914062, 166.19682312, 166.556732178, 166.916641235, 167.288162231, 167.659683228, 168.019592285, 168.379501343, 168.7394104, 169.099319458, 169.459228516, 169.830749512, 170.190658569, 170.550567627, 170.910476685, 171.270385742, 171.6302948, 171.990203857, 172.350112915, 172.710021973, 173.06993103, 173.429840088, 173.789749146, 174.149658203, 174.497955322, 174.85786438, 175.229385376, 175.589294434, 175.949203491, 176.29750061, 176.657409668, 177.005706787, 177.365615845, 177.725524902, 178.08543396, 178.445343018, 178.805252075, 179.165161133, 179.52507019, 179.884979248, 180.244888306, 180.604797363, 180.964706421, 181.324615479, 181.696136475, 182.067657471, 182.439178467, 182.787475586, 183.147384644, 183.507293701, 183.867202759, 184.227111816, 184.587020874, 184.946929932, 185.318450928, 185.666748047, 186.026657104, 186.386566162, 186.74647522, 187.106384277, 187.466293335, 187.814605713, 188.174514771, 188.534423828, 188.894332886, 189.265853882, 189.625762939, 189.985671997, 190.345581055, 190.705490112, 191.06539917, 191.425308228, 191.796829224, 192.156738281, 192.516647339, 192.864944458, 193.224853516, 193.584762573, 193.944671631, 194.304580688, 194.664489746, 195.024398804, 195.384307861, 195.744216919, 196.104125977, 196.464035034, 196.823944092, 197.183853149, 197.555374146, 197.926895142, 198.298416138, 198.658325195, 199.029830933, 199.378143311, 199.738052368, 200.097961426, 200.469467163, 200.829391479, 201.189300537, 201.549209595, 201.909118652, 202.26902771, 202.640533447, 203.012054443, 203.383575439, 203.743484497, 204.115005493, 204.474914551, 204.834823608, 205.194732666, 205.566253662, 205.937774658, 206.286071777, 206.634368896, 206.994277954, 207.354187012, 207.702484131, 208.062393188, 208.422302246, 208.782211304, 209.142120361, 209.502029419, 209.850341797, 210.210250854, 210.570159912, 210.93006897, 211.289978027, 211.649887085, 212.009796143, 212.3697052, 212.729614258, 213.089523315, 213.449432373, 213.809341431, 214.180862427, 214.552383423, 214.92388916, 215.295410156, 215.678543091, 216.061676025, 216.44480896, 216.827926636, 217.199447632, 217.547744751, 217.907653809, 218.290786743, 218.662307739, 219.033828735, 219.405349731, 219.776870728, 220.148391724, 220.508300781, 220.868209839, 221.239730835, 221.611236572, 221.982757568, 222.342666626, 222.702575684, 223.062484741, 223.422393799, 223.793914795, 224.165435791, 224.536956787, 224.908477783, 225.279998779, 225.651519775, 226.023040771, 226.382949829, 226.742858887, 227.114364624, 227.48588562, 227.857406616, 228.217315674, 228.577224731, 228.925521851, 229.297042847, 229.668563843, 230.040084839, 230.411605835, 230.783126831, 231.154647827, 231.526168823, 231.897689819, 232.245986938, 232.605895996, 232.965805054, 233.33732605, 233.708831787, 234.068756104, 234.428665161, 234.77696228, 235.125259399, 235.485168457, 235.856689453, 236.228210449, 236.588119507, 236.959625244, 237.33114624, 237.702667236, 238.050964355, 238.410873413, 238.770782471, 239.130691528, 239.490600586, 239.838912964, 240.198822021, 240.547119141, 240.89541626, 241.255325317, 241.626846313, 241.99836731, 242.369888306, 242.741394043, 243.112915039, 243.484436035, 243.844345093, 244.20425415, 244.575775146, 244.947296143, 245.3072052, 245.667114258, 246.038635254, 246.398544312, 246.758453369, 247.118362427, 247.489883423, 247.84979248, 248.209701538, 248.569610596, 248.929519653, 249.289428711, 249.649337769, 250.009246826, 250.369155884, 250.74067688, 251.100585938, 251.448883057, 251.797180176, 252.145477295, 252.493789673, 252.85369873, 253.20199585, 253.561904907, 253.910202026, 254.270111084, 254.630020142, 254.978317261, 255.338226318, 255.686523438, 256.046447754, 256.394744873, 256.743041992, 257.091339111, 257.43963623, 257.78793335, 258.147827148, 258.507751465, 258.856048584, 259.204345703, 259.56427002, 259.912567139, 260.260864258, 260.620758057, 260.969055176, 261.317352295, 261.665649414, 262.013977051, 262.36227417, 262.710571289, 263.058868408, 263.407165527, 263.755462646, 264.103759766, 264.452056885, 264.811981201, 265.16027832, 265.508575439, 265.845245361, 266.19354248, 266.5418396, 266.890167236, 267.238464355, 267.586761475, 267.935058594, 268.271728516, 268.620025635, 268.956726074, 269.293426514, 269.630096436, 269.978393555, 270.326721191, 270.651794434, 271.000091553, 271.348388672, 271.708282471, 272.05657959, 272.393280029, 272.741577148, 273.089874268, 273.426574707, 273.751647949, 274.088348389, 274.413421631, 274.738494873, 275.075195312, 275.423492432, 275.78338623, 276.13168335, 276.468383789, 276.816680908, 277.153381348, 277.501678467, 277.849975586, 278.198272705, 278.546569824, 278.894866943, 279.243164062, 279.591461182, 279.939758301, 280.28805542, 280.636352539, 280.984680176, 281.332977295, 281.681274414, 282.029571533, 282.377868652, 282.714538574, 283.051239014, 283.399536133, 283.747833252, 284.096130371, 284.432830811, 284.76953125, 285.117828369, 285.466125488, 285.814422607, 286.162719727, 286.511016846, 286.859313965, 287.196014404, 287.544311523, 287.880981445, 288.229278564, 288.577606201, 288.92590332, 289.274200439, 289.622497559, 289.95916748, 290.3074646, 290.655792236, 291.004089355, 291.352386475, 291.712280273, 292.07220459, 292.432098389, 292.792022705, 293.151916504, 293.51184082, 293.883361816, 294.243255615, 294.603179932, 294.974700928, 295.346221924, 295.706115723, 296.054412842, 296.402709961, 296.75100708, 297.08770752, 297.424407959, 297.772705078, 298.121002197, 298.469299316], "beats_loudness": {"dmean2": 0.022953402251, "median": 0.0218175426126, "min": 4.05920985713e-07, "dvar2": 0.000596730154939, "dvar": 0.000196890061488, "dmean": 0.0128273665905, "max": 0.14596863091, "var": 0.000467639911221, "mean": 0.0258324444294}, "danceability": 0.948619484901, "bpm_histogram_second_peak_weight": {"dmean2": 0, "median": 0.246287122369, "min": 0.246287122369, "dvar2": 0, "dvar": 0, "dmean": 0, "max": 0.246287122369, "var": 0, "mean": 0.246287122369}, "beats_count": 809, "bpm_histogram_second_peak_bpm": {"dmean2": 0, "median": 157, "min": 157, "dvar2": 0, "dvar": 0, "dmean": 0, "max": 157, "var": 0, "mean": 157}, "bpm_histogram_first_peak_spread": {"dmean2": 0, "median": 0, "min": 0, "dvar2": 0, "dvar": 0, "dmean": 0, "max": 0, "var": 0, "mean": 0}, "beats_loudness_band_ratio": {"dmean2": [0.384074300528, 0.189944386482, 0.196945250034, 0.15365216136, 0.11534254998, 0.0960228517652], "median": [0.316305309534, 0.135057836771, 0.153409779072, 0.0910556837916, 0.0961463823915, 0.058779951185], "min": [0.00242193904705, 0.00670099956915, 0.00574330473319, 0.00222484045662, 0.00191229663324, 0.000123209902085], "dvar2": [0.0792248696089, 0.0275254324079, 0.0257081836462, 0.0287550296634, 0.0122505612671, 0.0077266911976], "dvar": [0.0283978674561, 0.00972763821483, 0.00966805778444, 0.0110874352977, 0.00449301395565, 0.00279285060242], "dmean": [0.217134490609, 0.1099306494, 0.115142658353, 0.0905019193888, 0.0678416267037, 0.0533579550683], "max": [0.95621752739, 0.854019284248, 0.691448509693, 0.731187999249, 0.773814678192, 0.499635666609], "var": [0.046118542552, 0.0144109427929, 0.0184862427413, 0.0166091583669, 0.0137865375727, 0.00316849607043], "mean": [0.359093368053, 0.166401207447, 0.184568732977, 0.133410096169, 0.128800690174, 0.0720049068332]}}, "lowlevel": {"barkbands_spread": {"dmean2": 7.01599740982, "median": 27.064868927, "min": 0.430099189281, "dvar2": 51.7112998962, "dvar": 22.3096046448, "dmean": 4.39686822891, "max": 140.525238037, "var": 119.572937012, "mean": 27.3376693726}, "melbands_spread": {"dmean2": 9.63540363312, "median": 31.0386009216, "min": 0.384441792965, "dvar2": 110.666870117, "dvar": 46.1874694824, "dmean": 6.04593133926, "max": 256.082366943, "var": 250.086608887, "mean": 32.1524124146}, "hfc": {"dmean2": 5.5032286644, "median": 13.1966304779, "min": 6.34627140244e-05, "dvar2": 95.9184265137, "dvar": 44.801574707, "dmean": 3.71139645576, "max": 122.722007751, "var": 367.699615479, "mean": 19.5083789825}, "barkbands_kurtosis": {"dmean2": 2.09010004997, "median": 0.0649235248566, "min": -1.89514780045, "dvar2": 40.6908531189, "dvar": 14.8739051819, "dmean": 1.2754534483, "max": 216.768264771, "var": 23.9474258423, "mean": 1.37154352665}, "gfcc": {"mean": [-22.031337738, 93.7077407837, -130.74017334, 37.5972099304, -51.2748641968, 8.79369354248, -36.1524162292, 14.1220111847, -22.3792591095, -2.25159907341, -15.3073348999, -2.50516462326, -9.26132011414], "icov": [[0.000217265522224, -0.000273185869446, 0.000199399670237, -0.000334116892191, 0.000491066661198, -0.000428692204878, 0.000249938311754, -0.00035997616942, 0.000556392944418, -0.000870081305038, 0.00104130699765, -0.0007021149504, 0.000397689378588], [-0.000273185869446, 0.00318529456854, -0.000542063207831, 0.000452294858405, -0.0013018619502, 0.0014189662179, -0.00102285167668, 0.000750907056499, -0.00205742591061, 0.00336754065938, -0.0050678383559, 0.00356714683585, -0.00278218323365], [0.000199399670237, -0.000542063207831, 0.00223591225222, -0.000768668833189, 0.000109185850306, -0.00139255670365, 0.00107949750964, -0.00113310257439, 0.000257995445281, -0.0016726271715, 0.00206799060106, -0.00266576674767, 0.00141406618059], [-0.000334116892191, 0.000452294858405, -0.000768668833189, 0.0043041408062, -0.000684540660586, 0.000253982114373, -0.00146404840052, 0.00164004042745, -0.00243387138471, 0.000491377548315, -0.00190252822358, 0.00186699838378, -0.00153076264542], [0.000491066661198, -0.0013018619502, 0.000109185850306, -0.000684540660586, 0.00597563339397, -0.000203181494726, 0.000616530887783, 0.000315798970405, 0.000676078896504, -0.00227001961321, 0.00166668568272, -0.00139556254726, -0.00200921832584], [-0.000428692204878, 0.0014189662179, -0.00139255670365, 0.000253982114373, -0.000203181494726, 0.00609647575766, -0.00135106185917, -0.00170731917024, 0.00037974951556, 0.000888481095899, -0.00520550319925, 0.00257777050138, -0.000717596558388], [0.000249938311754, -0.00102285167668, 0.00107949750964, -0.00146404840052, 0.000616530887783, -0.00135106185917, 0.00553366774693, -0.00170124624856, 0.00210893223993, -0.00215850886889, 0.00242012366652, -0.00200138846412, 0.00147491507232], [-0.00035997616942, 0.000750907056499, -0.00113310257439, 0.00164004042745, 0.000315798970405, -0.00170731917024, -0.00170124624856, 0.0137922400609, -0.00726997526363, 0.00242716283537, -0.0015614151489, -0.000672018737532, -0.00165368011221], [0.000556392944418, -0.00205742591061, 0.000257995445281, -0.00243387138471, 0.000676078896504, 0.00037974951556, 0.00210893223993, -0.00726997526363, 0.017590045929, -0.00552624929696, 0.00117554538883, 0.00143029878382, 0.000526019895915], [-0.000870081305038, 0.00336754065938, -0.0016726271715, 0.000491377548315, -0.00227001961321, 0.000888481095899, -0.00215850886889, 0.00242716283537, -0.00552624929696, 0.0166959557682, -0.00879022851586, 0.0043007931672, -0.00173988204915], [0.00104130699765, -0.0050678383559, 0.00206799060106, -0.00190252822358, 0.00166668568272, -0.00520550319925, 0.00242012366652, -0.0015614151489, 0.00117554538883, -0.00879022851586, 0.0247021578252, -0.0109059633687, 0.0027263276279], [-0.0007021149504, 0.00356714683585, -0.00266576674767, 0.00186699838378, -0.00139556254726, 0.00257777050138, -0.00200138846412, -0.000672018737532, 0.00143029878382, 0.0043007931672, -0.0109059633687, 0.0214385949075, -0.00724855763838], [0.000397689378588, -0.00278218323365, 0.00141406618059, -0.00153076264542, -0.00200921832584, -0.000717596558388, 0.00147491507232, -0.00165368011221, 0.000526019895915, -0.00173988204915, 0.0027263276279, -0.00724855763838, 0.0211637634784]], "cov": [[12575.4345703, -1255.9074707, 445.679351807, 444.643066406, -1076.04602051, 996.306640625, 193.564575195, 303.357330322, -214.44960022, 454.447174072, -223.033691406, 174.735122681, -325.916931152], [-1255.9074707, 876.251159668, -138.028091431, 29.9604301453, 245.710098267, -183.987792969, -3.71267342567, -34.267124176, 94.5407562256, -90.449432373, 112.935783386, -60.1748390198, 119.90675354], [445.679351807, -138.028091431, 765.999145508, 94.4022140503, -30.2001399994, 221.758270264, -34.4099235535, 100.555862427, 35.0380020142, 90.6828308105, 22.4657402039, 78.1758575439, -25.499917984], [444.643066406, 29.9604301453, 94.4022140503, 331.133514404, 11.7537488937, 63.7181968689, 59.7820320129, 11.5714130402, 44.2301864624, 51.5182037354, 25.2459754944, -5.06672763824, 11.3891649246], [-1076.04602051, 245.710098267, -30.2001399994, 11.7537488937, 312.859924316, -100.806022644, -25.3693809509, -34.5386428833, 33.6842727661, -19.0927143097, 37.8130645752, -7.02281856537, 71.0588912964], [996.306640625, -183.987792969, 221.758270264, 63.7181968689, -100.806022644, 359.387451172, 57.343334198, 87.5781097412, -2.14374756813, 76.7351150513, 35.6619491577, 35.0236625671, -33.8912124634], [193.564575195, -3.71267342567, -34.4099235535, 59.7820320129, -25.3693809509, 57.343334198, 233.184768677, 21.9672336578, -10.5933265686, 21.5267333984, 2.78553462029, 6.25193166733, -8.68525123596], [303.357330322, -34.267124176, 100.555862427, 11.5714130402, -34.5386428833, 87.5781097412, 21.9672336578, 122.015846252, 38.6038665771, 23.2263011932, 14.2671527863, 19.3554782867, -2.65201044083], [-214.44960022, 94.5407562256, 35.0380020142, 44.2301864624, 33.6842727661, -2.14374756813, -10.5933265686, 38.6038665771, 101.901908875, 21.5551300049, 25.2106456757, -12.4965744019, 15.9075498581], [454.447174072, -90.449432373, 90.6828308105, 51.5182037354, -19.0927143097, 76.7351150513, 21.5267333984, 23.2263011932, 21.5551300049, 116.876144409, 22.4536209106, 11.6431245804, -11.490899086], [-223.033691406, 112.935783386, 22.4657402039, 25.2459754944, 37.8130645752, 35.6619491577, 2.78553462029, 14.2671527863, 25.2106456757, 22.4536209106, 92.67993927, 21.7107963562, 21.7983722687], [174.735122681, -60.1748390198, 78.1758575439, -5.06672763824, -7.02281856537, 35.0236625671, 6.25193166733, 19.3554782867, -12.4965744019, 11.6431245804, 21.7107963562, 82.5093383789, 11.5439634323], [-325.916931152, 119.90675354, -25.499917984, 11.3891649246, 71.0588912964, -33.8912124634, -8.68525123596, -2.65201044083, 15.9075498581, -11.490899086, 21.7983722687, 11.5439634323, 77.4660415649]]}, "spectral_energyband_middle_low": {"dmean2": 0.00406086072326, "median": 0.00593496765941, "min": 2.15201356735e-10, "dvar2": 6.25196262263e-05, "dvar": 2.34688031924e-05, "dmean": 0.00251600146294, "max": 0.0961425751448, "var": 7.62528070481e-05, "mean": 0.00841289199889}, "melbands_crest": {"dmean2": 4.31049728394, "median": 11.5173406601, "min": 3.70562696457, "dvar2": 19.288269043, "dvar": 7.89697742462, "dmean": 2.6565053463, "max": 33.0667991638, "var": 22.6370925903, "mean": 12.3335905075}, "spectral_kurtosis": {"dmean2": 2.52208447456, "median": 3.7809047699, "min": -1.37609815598, "dvar2": 16.4525146484, "dvar": 5.58230304718, "dmean": 1.47112166882, "max": 39.7790679932, "var": 14.9207220078, "mean": 4.85261440277}, "spectral_rms": {"dmean2": 0.000740767864045, "median": 0.00391977885738, "min": 1.95060374608e-06, "dvar2": 1.09595885078e-06, "dvar": 4.89255000957e-07, "dmean": 0.000487554178108, "max": 0.0127723179758, "var": 4.28196744906e-06, "mean": 0.00394406029955}, "zerocrossingrate": {"dmean2": 0.00923630874604, "median": 0.06689453125, "min": 0.00439453125, "dvar2": 0.000101686317066, "dvar": 8.96535420907e-05, "dmean": 0.00761280395091, "max": 0.658203125, "var": 0.000822523667011, "mean": 0.0676012262702}, "silence_rate_60dB": {"dmean2": 0.0416310690343, "median": 0, "min": 0, "dvar2": 0.0460968874395, "dvar": 0.0203759148717, "dmean": 0.0208139177412, "max": 1, "var": 0.143707126379, "mean": 0.173953562975}, "erbbands_kurtosis": {"dmean2": 0.957683026791, "median": -0.336997747421, "min": -1.71328020096, "dvar2": 2.19426965714, "dvar": 0.875912845135, "dmean": 0.596751153469, "max": 37.3324661255, "var": 3.05306911469, "mean": 0.180327102542}, "erbbands": {"dmean2": [0.130240783095, 0.869149446487, 1.74350655079, 2.34909915924, 4.75071668625, 7.65414857864, 5.44057941437, 4.62422466278, 8.95299911499, 19.6202354431, 23.4074802399, 23.2215881348, 22.1445388794, 20.6766777039, 24.280040741, 20.7834300995, 22.7831897736, 24.8143825531, 16.505903244, 13.6152801514, 17.6502494812, 27.2135753632, 15.7950267792, 11.0794439316, 11.2330646515, 8.93062782288, 5.3506565094, 4.71229553223, 3.23514437675, 3.15741682053, 2.27964520454, 1.06170618534, 0.729629635811, 0.482244700193, 0.24166944623, 0.120255060494, 0.0309151336551, 0.00472057005391, 0.000392556423321, 2.35632433032e-05], "median": [0.0396717786789, 0.33387774229, 1.1405287981, 1.33370769024, 2.87548208237, 4.9379196167, 3.38009738922, 3.18892717361, 4.66105222702, 8.34086990356, 9.26500511169, 8.55425548553, 8.28262138367, 7.90947294235, 8.82270240784, 7.21820449829, 8.67990684509, 9.31032657623, 7.79319620132, 8.93152809143, 15.2022666931, 24.7161827087, 16.5362968445, 11.3332090378, 13.2494392395, 10.0318479538, 6.70026350021, 4.89235544205, 2.07411694527, 1.67637753487, 1.17527282238, 0.586972653866, 0.40189024806, 0.258075743914, 0.110604815185, 0.0295612495393, 0.00476993713528, 0.000628870155197, 6.00925923209e-05, 2.66169117822e-05], "min": [1.08957998179e-09, 1.53506043432e-08, 4.56136497462e-08, 2.57871676013e-07, 2.11980989206e-07, 3.56935714763e-07, 3.49109001263e-07, 1.58241235226e-07, 6.77406717386e-08, 3.30011218352e-08, 6.46805489168e-08, 7.86558160826e-08, 4.97418746193e-08, 5.91359032853e-08, 6.56366410112e-08, 2.82750463043e-08, 5.77064973584e-08, 5.77079717345e-08, 1.08455743941e-07, 7.21005974924e-08, 8.38702973738e-08, 9.4278640006e-08, 7.99048365252e-08, 1.00177778961e-07, 1.21302477396e-07, 1.45738127344e-07, 1.6632522204e-07, 1.56692763653e-07, 1.58876730438e-07, 3.13619580083e-07, 2.87376792585e-07, 3.57241276561e-07, 4.29261916679e-07, 3.90717787013e-07, 3.25506505305e-07, 1.66301674653e-07, 5.45416369846e-08, 9.96197186964e-08, 9.06494364017e-08, 1.40484432976e-08], "dvar2": [0.16708432138, 6.41343736649, 13.2007904053, 22.9446811676, 87.9037399292, 313.337005615, 98.832244873, 77.590057373, 384.474212646, 1674.78039551, 3685.56933594, 2981.64404297, 4242.27197266, 4230.2109375, 3615.43432617, 4488.63964844, 6603.74755859, 4623.81689453, 1621.55187988, 1121.01831055, 1143.00048828, 1707.79699707, 731.212341309, 402.436889648, 384.260467529, 212.24508667, 75.5151748657, 83.9382705688, 56.0893287659, 50.7926597595, 28.7883453369, 6.04720020294, 4.6825003624, 2.20541405678, 0.463192969561, 0.149517610669, 0.0104997996241, 0.000229570738156, 1.52584175339e-06, 3.05992076122e-09], "dvar": [0.0710431784391, 2.38941502571, 4.82038497925, 8.33138465881, 32.7143554688, 110.441375732, 37.1503677368, 28.548833847, 154.407943726, 617.91998291, 1392.27197266, 1436.39221191, 1806.11413574, 1959.5369873, 1536.99645996, 2033.48681641, 2722.79003906, 2066.40185547, 727.347412109, 449.348388672, 456.233276367, 632.864868164, 287.601928711, 151.494277954, 142.742324829, 80.1236419678, 29.4679298401, 31.9524765015, 23.3423156738, 21.8571491241, 11.3349885941, 2.73609089851, 2.48492598534, 1.2025578022, 0.233073756099, 0.0604006163776, 0.00413477281108, 9.06456043595e-05, 6.31318300748e-07, 1.38610667388e-09], "dmean": [0.0803245678544, 0.505838871002, 1.03154015541, 1.38353145123, 2.82079935074, 4.51921892166, 3.34605097771, 2.80173325539, 5.54965877533, 11.8995361328, 14.2937650681, 15.6205940247, 14.1549043655, 13.6089878082, 15.7408857346, 13.4912691116, 14.4887075424, 15.7478532791, 10.5305299759, 8.50920963287, 10.7411422729, 16.3035640717, 9.49080944061, 6.73008203506, 6.81487131119, 5.41539669037, 3.26261091232, 2.87475657463, 1.98901855946, 1.97470116615, 1.39248013496, 0.685095965862, 0.485590398312, 0.331450521946, 0.170199885964, 0.0803372710943, 0.020146785304, 0.00306028011255, 0.000261143431999, 1.6274596419e-05], "max": [3.57288169861, 19.9112281799, 46.853187561, 59.1863517761, 120.431182861, 238.119979858, 125.264190674, 131.150024414, 472.053588867, 752.007873535, 788.786682129, 1134.12670898, 1878.92358398, 1732.28356934, 1004.7890625, 1430.99072266, 2087.67871094, 1302.87744141, 733.133300781, 1153.22827148, 1015.06378174, 619.163085938, 619.279846191, 508.485626221, 325.906036377, 192.989151001, 83.876121521, 113.76739502, 72.8643722534, 72.0989761353, 67.7747650146, 44.2779045105, 90.5612716675, 57.0026817322, 17.0590648651, 4.09722185135, 1.21296536922, 0.148253455758, 0.0129229584709, 0.000644582672976], "var": [0.0681695714593, 1.87693750858, 7.8009352684, 12.8326845169, 54.5218162537, 120.96320343, 88.9089202881, 60.0420265198, 657.738830566, 1783.05004883, 2919.83789062, 13323.5322266, 8527.66699219, 9734.04003906, 5427.32080078, 6201.55273438, 5300.62597656, 6529.20751953, 2864.94555664, 1968.12902832, 1431.66186523, 2392.20385742, 1110.48974609, 730.161132812, 613.276977539, 334.848693848, 129.550811768, 100.660308838, 52.9513168335, 49.7503242493, 19.44780159, 6.24943780899, 5.76204919815, 2.70896077156, 0.475091427565, 0.0794130265713, 0.00523683289066, 0.0001140661916, 9.33260992042e-07, 3.36839511839e-09], "mean": [0.109669052064, 0.652602732182, 2.01674771309, 2.52156496048, 5.18880939484, 8.08046245575, 6.52313280106, 5.76417064667, 12.4434080124, 23.3326797485, 28.492105484, 45.6780128479, 35.616355896, 32.9783248901, 36.9059104919, 29.0451049805, 29.7440662384, 33.1925621033, 24.6756668091, 21.0952911377, 27.273191452, 40.981754303, 25.9186325073, 20.0240726471, 19.2947311401, 15.2780923843, 9.80871391296, 7.89765119553, 4.83066892624, 4.44926166534, 2.87121891975, 1.51851093769, 1.07053864002, 0.700616896152, 0.335403263569, 0.121154338121, 0.0275208484381, 0.00410663662478, 0.000376227078959, 4.27135455539e-05]}, "spectral_strongpeak": {"dmean2": 0.845319151878, "median": 0.378151267767, "min": 0, "dvar2": 1.87212336063, "dvar": 0.741174578667, "dmean": 0.49029225111, "max": 9.71873283386, "var": 1.85875225067, "mean": 1.0238546133}, "spectral_energy": {"dmean2": 0.00819465145469, "median": 0.0157487820834, "min": 3.89997678596e-09, "dvar2": 0.000227635435294, "dvar": 9.68376261881e-05, "dmean": 0.00530393281952, "max": 0.167210415006, "var": 0.000341145467246, "mean": 0.0203335862607}, "average_loudness": 0.64142280817, "spectral_rolloff": {"dmean2": 621.934875488, "median": 1873.38867188, "min": 64.599609375, "dvar2": 741771.5, "dvar": 344138.40625, "dmean": 371.984344482, "max": 21274.8046875, "var": 1273111.125, "mean": 1830.93603516}, "spectral_centroid": {"dmean2": 289.575408936, "median": 1715.49865723, "min": 184.687973022, "dvar2": 81974.8125, "dvar": 39240.3945312, "dmean": 181.512039185, "max": 11031.6357422, "var": 303490.6875, "mean": 1685.21813965}, "pitch_salience": {"dmean2": 0.0940331444144, "median": 0.561284124851, "min": 0.129253298044, "dvar2": 0.0084531288594, "dvar": 0.00333838351071, "dmean": 0.0575585886836, "max": 0.885749459267, "var": 0.0106769884005, "mean": 0.559296965599}, "spectral_energyband_middle_high": {"dmean2": 0.00205710204318, "median": 0.00357590639032, "min": 2.09187007993e-11, "dvar2": 1.37864662975e-05, "dvar": 6.51582240607e-06, "dmean": 0.00136106670834, "max": 0.0609365776181, "var": 6.06532448728e-05, "mean": 0.006199976895}, "spectral_contrast_coeffs": {"dmean2": [0.072059340775, 0.0668504312634, 0.0570124164224, 0.0456453375518, 0.0348617173731, 0.0235778894275], "median": [-0.668481051922, -0.752673745155, -0.762951374054, -0.782448232174, -0.781617939472, -0.752475976944], "min": [-0.971386313438, -0.957389712334, -0.963879942894, -0.959702372551, -0.953531682491, -0.959008932114], "dvar2": [0.00353928469121, 0.00285447156057, 0.00206960109062, 0.00135529052932, 0.000841847562697, 0.000470326544018], "dvar": [0.00131746742409, 0.00104726059362, 0.000787701283116, 0.000526293180883, 0.000326137087541, 0.000205150601687], "dmean": [0.043566506356, 0.0400288663805, 0.0346054397523, 0.0275879092515, 0.0208698064089, 0.0146434642375], "max": [-0.329620242119, -0.467912137508, -0.510292887688, -0.511105716228, -0.572676897049, -0.571723461151], "var": [0.00721546960995, 0.00448236195371, 0.00494057964534, 0.00266489642672, 0.00230267271399, 0.00229164189659], "mean": [-0.65993720293, -0.747871398926, -0.753566324711, -0.776211977005, -0.773416817188, -0.758266985416]}, "melbands_skewness": {"dmean2": 0.714030861855, "median": 1.78716158867, "mi