{"tonal": {"thpcp": [1, 0.713880300522, 0.390130162239, 0.253608763218, 0.19870737195, 0.204126760364, 0.235923364758, 0.241604045033, 0.268716543913, 0.294592857361, 0.266284406185, 0.250836312771, 0.265919029713, 0.258780479431, 0.348315089941, 0.517143070698, 0.487031012774, 0.364796221256, 0.352688580751, 0.422252625227, 0.722493648529, 0.933301746845, 0.619014501572, 0.292094618082, 0.236574754119, 0.212880283594, 0.238233044744, 0.284415006638, 0.350988715887, 0.539598584175, 0.680161416531, 0.57301235199, 0.395544320345, 0.351628810167, 0.443133860826, 0.791307151318], "hpcp": {"dmean2": [0.157512113452, 0.146994039416, 0.163345903158, 0.181906670332, 0.220985665917, 0.310475200415, 0.326657503843, 0.299357235432, 0.286023885012, 0.283067971468, 0.305061280727, 0.39947488904, 0.397120982409, 0.361654877663, 0.262919127941, 0.179660543799, 0.140624925494, 0.131846338511, 0.1503495574, 0.151288196445, 0.170245826244, 0.178630545735, 0.167569518089, 0.163225948811, 0.171196296811, 0.172345429659, 0.216683879495, 0.277669578791, 0.263903826475, 0.23984695971, 0.249603927135, 0.287383675575, 0.342026293278, 0.387764811516, 0.299130648375, 0.186679437757], "median": [0.0327470004559, 0.0294365566224, 0.030722675845, 0.0349105149508, 0.0503998138011, 0.0977081954479, 0.136837899685, 0.103818133473, 0.0618733428419, 0.0492123141885, 0.0794616863132, 0.213285461068, 0.272715359926, 0.177875116467, 0.0681300237775, 0.0376624837518, 0.029368409887, 0.0362224392593, 0.0425766631961, 0.0386021025479, 0.0336961075664, 0.0344215780497, 0.0368403606117, 0.0466345623136, 0.0530633404851, 0.0452905893326, 0.067831248045, 0.103332169354, 0.0944788008928, 0.0596169009805, 0.0512900426984, 0.0759304240346, 0.194325938821, 0.270582646132, 0.15957339108, 0.0506597757339], "min": [0, 0, 0, 0, 0, 0, 0, 0, 0, 0, 0, 0, 0, 0, 0, 0, 0, 0, 0, 0, 0, 0, 0, 0, 0, 0, 0, 0, 0, 0, 0, 0, 0, 0, 0, 0], "dvar2": [0.063785225153, 0.0589691735804, 0.068394459784, 0.076530046761, 0.0923896953464, 0.133762836456, 0.123042568564, 0.113526396453, 0.125729754567, 0.138267382979, 0.127577707171, 0.146269112825, 0.141451969743, 0.135746479034, 0.109470583498, 0.0725605562329, 0.0554893165827, 0.046572804451, 0.0635190978646, 0.0596524961293, 0.0790022984147, 0.082151427865, 0.0710958167911, 0.0615808777511, 0.0595039613545, 0.0637595430017, 0.0808185115457, 0.104421123862, 0.0999346971512, 0.101380653679, 0.108000673354, 0.127035886049, 0.118803560734, 0.131009727716, 0.100731387734, 0.0752378627658], "dvar": [0.0234221331775, 0.0214129388332, 0.0255312565714, 0.0306228771806, 0.0359244979918, 0.0505610406399, 0.0525281280279, 0.0474738925695, 0.0467682406306, 0.0512094832957, 0.0489082448184, 0.0563500858843, 0.0614943876863, 0.0528968200088, 0.0405896380544, 0.0280104801059, 0.0199899543077, 0.0169701240957, 0.0241072103381, 0.0229249093682, 0.0291876140982, 0.032703910023, 0.0282155536115, 0.0230536218733, 0.0224911961704, 0.0237617865205, 0.0306069627404, 0.0428896285594, 0.0402771607041, 0.0388414226472, 0.0427481606603, 0.0488239228725, 0.0475461743772, 0.0544792711735, 0.0398046188056, 0.0269623138011], "dmean": [0.0883868336678, 0.0829636901617, 0.0929702371359, 0.104850523174, 0.127724155784, 0.179776921868, 0.193481013179, 0.177387088537, 0.16029882431, 0.156987041235, 0.174096673727, 0.233262196183, 0.237177148461, 0.212051004171, 0.151013150811, 0.102318271995, 0.0798235237598, 0.0750038772821, 0.0857155025005, 0.0873744636774, 0.0968351140618, 0.103244841099, 0.0971879288554, 0.0933157801628, 0.0980928391218, 0.0985119342804, 0.124779626727, 0.1653508991, 0.155811399221, 0.138036102057, 0.142294660211, 0.163952127099, 0.203413099051, 0.230476140976, 0.176372736692, 0.106831155717], "max": [1, 1, 1, 1, 1, 1, 1, 1, 1, 1, 1, 1, 1, 1, 1, 1, 1, 1, 1, 1, 1, 1, 1, 1, 1, 1, 1, 1, 1, 1, 1, 1, 1, 1, 1, 1], "var": [0.0296997278929, 0.0241875164211, 0.0288358554244, 0.0399007685483, 0.0467815697193, 0.0722160711884, 0.0963597223163, 0.0800744593143, 0.0514486059546, 0.0482986196876, 0.0564251840115, 0.0897328481078, 0.126141786575, 0.0840008482337, 0.046728990972, 0.0291370414197, 0.0191274452955, 0.0184961613268, 0.0253967829049, 0.0274478401989, 0.0362176261842, 0.0449170693755, 0.0347919389606, 0.0232353750616, 0.0238912571222, 0.0255189575255, 0.0362194143236, 0.0648434609175, 0.0598512515426, 0.0463266484439, 0.0472641736269, 0.0526670403779, 0.0746216550469, 0.103841334581, 0.0617967955768, 0.0311832968146], "mean": [0.0957853347063, 0.0861918255687, 0.0964567512274, 0.115155085921, 0.142109721899, 0.218474835157, 0.275386482477, 0.232003539801, 0.16014957428, 0.142368882895, 0.179417818785, 0.320387601852, 0.404884010553, 0.289038717747, 0.157957464457, 0.102682135999, 0.080453440547, 0.0826476588845, 0.0955215990543, 0.0978216156363, 0.108799032867, 0.119275934994, 0.10781429708, 0.101559616625, 0.107666365802, 0.104776076972, 0.141027212143, 0.209382966161, 0.197191074491, 0.147700160742, 0.142797961831, 0.170963332057, 0.292526125908, 0.377878963947, 0.250629067421, 0.118264436722]}, "tuning_equal_tempered_deviation": 0.0442499555647, "chords_changes_rate": 0.0847626179457, "key_key": "C#", "tuning_diatonic_strength": 0.593414127827, "key_scale": "major", "chords_number_rate": 0.00273427786306, "tuning_frequency": 431.443084717, "tuning_nontempered_energy_ratio": 0.772577643394, "chords_histogram": [24.3102169037, 1.14342534542, 0.173999503255, 2.33656477928, 0.59656971693, 0.198856577277, 0, 0, 0.919711649418, 0.248570725322, 1.61570966244, 0.57171267271, 0.472284376621, 1.09371113777, 0, 2.33656477928, 0.546855568886, 36.9376106262, 4.79741477966, 3.35570478439, 0.820283353329, 0.0745712146163, 15.8588113785, 1.59085261822], "key_strength": 0.602003633976, "chords_key": "C#", "chords_strength": {"dmean2": 0.0132168969139, "median": 0.501461863518, "min": -1, "dvar2": 0.00105530943256, "dvar": 0.000584968656767, "dmean": 0.0116787441075, "max": 0.791227459908, "var": 0.0183055363595, "mean": 0.501689791679}, "chords_scale": "minor", "hpcp_entropy": {"dmean2": 1.22945058346, "median": 2.16702055931, "min": 0, "dvar2": 0.983579993248, "dvar": 0.357070446014, "dmean": 0.730693221092, "max": 4.56630849838, "var": 0.7096747756, "mean": 2.1363568306}}, "metadata": {"audio_properties": {"equal_loudness": 0, "codec": "mp3", "downmix": "mix", "sample_rate": 44100, "analysis_sample_rate": 44100, "bit_rate": 206803, "md5_encoded": "26f8b385b1a8f903761911a0960fccfb", "length": 186.775512695, "replay_gain": -7.77100372314, "lossless": false}, "version": {"essentia_build_sha": "70f2e5ece6736b2c40cc944ad0e695b16b925413", "essentia": "2.1-beta2", "extractor": "music 1.0", "essentia_git_sha": "v2.1_beta2"}, "tags": {"title": ["Funky Music Sho Nuff Turns Me On"], "artist": ["The Temptations"], "albumartist": ["The Temptations"], "date": ["2001"], "file_name": "121257.mp3", "album": ["Psychedelic Shack/All Directions"], "tracknumber": ["9"], "encoding": ["Audiograbber 1.83.01, LAME dll 3.97, VBR 2 (New method), Joint Stereo, Normal quality"], "musicbrainz_recordingid": ["1bada14f-d833-422c-9834-65b280992e08"]}}, "rhythm": {"bpm_histogram_first_peak_bpm": {"dmean2": 0, "median": 91, "min": 91, "dvar2": 0, "dvar": 0, "dmean": 0, "max": 91, "var": 0, "mean": 91}, "bpm": 90.9027938843, "bpm_histogram_second_peak_spread": {"dmean2": 0, "median": 0.0999999642372, "min": 0.0999999642372, "dvar2": 0, "dvar": 0, "dmean": 0, "max": 0.0999999642372, "var": 0, "mean": 0.0999999642372}, "bpm_histogram_first_peak_weight": {"dmean2": 0, "median": 0.862190783024, "min": 0.862190783024, "dvar2": 0, "dvar": 0, "dmean": 0, "max": 0.862190783024, "var": 0, "mean": 0.862190783024}, "onset_rate": 4.32564544678, "beats_position": [0.615328788757, 1.24226760864, 1.86920630932, 2.49614500999, 3.14630389214, 3.79646253586, 4.446621418, 5.00390005112, 5.56117916107, 6.11845779419, 6.67573690414, 7.22140598297, 7.77868461609, 8.33596324921, 8.893242836, 9.45052146912, 10.0078001022, 10.6347389221, 11.261677742, 11.9350566864, 12.5968255997, 13.2702035904, 13.9435825348, 14.6285715103, 15.3135595322, 15.9985485077, 16.6835365295, 17.3685264587, 18.0302944183, 18.6920623779, 19.3422222137, 20.0156002045, 20.6773700714, 21.339138031, 22.0009059906, 22.6626758575, 23.3244438171, 23.9862117767, 24.6479816437, 25.3097496033, 25.9599094391, 26.6100673676, 27.2718353271, 27.9336051941, 28.5953731537, 29.2571430206, 29.9189109802, 30.5806789398, 31.2424488068, 31.9042167664, 32.5775947571, 33.239364624, 33.901134491, 34.5512924194, 35.2130622864, 35.8748283386, 36.5365982056, 37.1983680725, 37.8601341248, 38.5335159302, 39.1952819824, 39.8454399109, 40.5188217163, 41.1805877686, 41.830745697, 42.492515564, 43.1542854309, 43.8160552979, 44.4778213501, 45.139591217, 45.801361084, 46.4631271362, 47.1248970032, 47.7866668701, 48.4368247986, 49.0985946655, 49.7603607178, 50.4105224609, 51.0722885132, 51.7340583801, 52.3842163086, 53.0459861755, 53.696144104, 54.3579139709, 55.0080718994, 55.6582298279, 56.3199996948, 56.9817695618, 57.6319274902, 58.305305481, 58.9670753479, 59.6288414001, 60.2789993286, 60.9291610718, 61.590927124, 62.252696991, 62.9144668579, 63.5762329102, 64.2380065918, 64.899772644, 65.5499343872, 66.200088501, 66.8618545532, 67.5236282349, 68.1853942871, 68.8471679688, 69.4973220825, 70.1707000732, 70.844078064, 71.5058517456, 72.1676177979, 72.8409957886, 73.5027618408, 74.1645355225, 74.8263015747, 75.488067627, 76.1498413086, 76.8116073608, 77.4849853516, 78.1583633423, 78.8201370239, 79.4819030762, 80.1552810669, 80.8170471191, 81.4788208008, 82.1289749146, 82.7907485962, 83.4525146484, 84.1142807007, 84.7760543823, 85.4378204346, 86.0995864868, 86.7613601685, 87.4231262207, 88.0848999023, 88.7466659546, 89.4084320068, 90.0702056885, 90.7319717407, 91.393737793, 92.0438995361, 92.6940536499, 93.3442153931, 94.0175933838, 94.6793670654, 95.3411331177, 96.0028991699, 96.6646728516, 97.3148269653, 97.9649887085, 98.6267547607, 99.288520813, 99.9386825562, 100.588844299, 101.250610352, 101.912376404, 102.562538147, 103.21269989, 103.862854004, 104.524627686, 105.186393738, 105.836547852, 106.498321533, 107.160087585, 107.810249329, 108.460403442, 109.122177124, 109.783943176, 110.434104919, 111.084259033, 111.746032715, 112.407798767, 113.05796051, 113.708114624, 114.358276367, 115.031654358, 115.69342041, 116.343582153, 117.005348206, 117.667114258, 118.328887939, 118.979042053, 119.629203796, 120.290969849, 120.95274353, 121.602897644, 122.264671326, 122.926437378, 123.58820343, 124.249977112, 124.911743164, 125.573509216, 126.235282898, 126.89704895, 127.547210693, 128.208984375, 128.870742798, 129.520904541, 130.182678223, 130.844436646, 131.506210327, 132.167984009, 132.829742432, 133.491516113, 134.164901733, 134.815048218, 135.465209961, 136.126983643, 136.788757324, 137.450515747, 138.112289429, 138.77406311, 139.435821533, 140.085983276, 140.747756958, 141.409515381, 142.071289062, 142.733062744, 143.383224487, 144.04498291, 144.706756592, 145.356918335, 146.018676758, 146.680450439, 147.330612183, 147.980773926, 148.642532349, 149.30430603, 149.954467773, 150.604629517, 151.266387939, 151.928161621, 152.578323364, 153.228485107, 153.89024353, 154.552017212, 155.213790894, 155.875549316, 156.52571106, 157.175872803, 157.837631226, 158.499404907, 159.161178589, 159.822952271, 160.484710693, 161.146484375, 161.819854736, 162.481628418, 163.1434021, 163.805160522, 164.466934204, 165.128707886, 165.790466309, 166.440628052, 167.102401733, 167.764175415, 168.425933838, 169.08770752, 169.749481201, 170.411239624, 171.061401367, 171.71156311, 172.373336792, 173.035095215, 173.685256958, 174.335418701, 174.997192383, 175.658950806, 176.320724487, 176.982498169, 177.644256592, 178.306030273, 178.967803955, 179.629562378, 180.279724121, 180.941497803, 181.614868164, 182.276641846, 182.938415527, 183.60017395, 184.250335693, 184.900497437, 185.562271118, 186.224029541], "beats_loudness": {"dmean2": 0.0260464996099, "median": 0.0311787575483, "min": 1.03356689873e-09, "dvar2": 0.000497326196637, "dvar": 0.000176665445906, "dmean": 0.0154265193269, "max": 0.115170873702, "var": 0.000333359872457, "mean": 0.0320006273687}, "danceability": 1.10131132603, "bpm_histogram_second_peak_weight": {"dmean2": 0, "median": 0.0318021215498, "min": 0.0318021215498, "dvar2": 0, "dvar": 0, "dmean": 0, "max": 0.0318021215498, "var": 0, "mean": 0.0318021215498}, "beats_count": 284, "bpm_histogram_second_peak_bpm": {"dmean2": 0, "median": 108, "min": 108, "dvar2": 0, "dvar": 0, "dmean": 0, "max": 108, "var": 0, "mean": 108}, "bpm_histogram_first_peak_spread": {"dmean2": 0, "median": 0.089552283287, "min": 0.089552283287, "dvar2": 0, "dvar": 0, "dmean": 0, "max": 0.089552283287, "var": 0, "mean": 0.089552283287}, "beats_loudness_band_ratio": {"dmean2": [0.285053402185, 0.248482719064, 0.21591566503, 0.197297602892, 0.129174098372, 0.081598944962], "median": [0.305922210217, 0.293980717659, 0.183361887932, 0.111644998193, 0.0626710504293, 0.04259583354], "min": [0.000634617754258, 0.000128895655507, 0.000950117770117, 0.00873264856637, 0.00646126223728, 0.00201919581741], "dvar2": [0.0503405891359, 0.0399287417531, 0.0408512167633, 0.0274389367551, 0.014969673939, 0.00528590660542], "dvar": [0.0186341684312, 0.0138871204108, 0.0142179988325, 0.00990885403007, 0.00492588290945, 0.00197449955158], "dmean": [0.16115039587, 0.142697513103, 0.125240653753, 0.108150787652, 0.0718274638057, 0.0437478236854], "max": [0.759131789207, 0.71430170536, 0.812499403954, 0.929343640804, 0.693865776062, 0.404519557953], "var": [0.0350463241339, 0.0255861598998, 0.0164534691721, 0.0195532441139, 0.00966958049685, 0.00233200984076], "mean": [0.30772832036, 0.299748510122, 0.212752014399, 0.15765337646, 0.0929887145758, 0.0519648678601]}}, "lowlevel": {"barkbands_spread": {"dmean2": 6.45088863373, "median": 15.9279661179, "min": 1.15820121765, "dvar2": 46.6195220947, "dvar": 21.2473812103, "dmean": 4.10403203964, "max": 129.873260498, "var": 126.674263, "mean": 17.6948738098}, "melbands_spread": {"dmean2": 9.18085098267, "median": 19.7624092102, "min": 1.30340707302, "dvar2": 103.002471924, "dvar": 44.6753349304, "dmean": 5.81064939499, "max": 177.193740845, "var": 276.717712402, "mean": 22.7383384705}, "hfc": {"dmean2": 7.01984357834, "median": 14.1918745041, "min": 1.06205781957e-16, "dvar2": 85.2866439819, "dvar": 40.0114822388, "dmean": 4.8149023056, "max": 140.644729614, "var": 181.7784729, "mean": 17.1780395508}, "barkbands_kurtosis": {"dmean2": 3.38915491104, "median": 1.2977104187, "min": -1.88240098953, "dvar2": 24.9685745239, "dvar": 10.0112400055, "dmean": 2.07731890678, "max": 73.5595169067, "var": 21.4620018005, "mean": 2.73591184616}, "gfcc": {"mean": [-25.1182956696, 97.3552398682, -143.652130127, 16.0910968781, -68.617149353, 2.15002679825, -40.8776283264, -5.93092441559, -25.7665214539, -6.6743721962, -15.7437944412, -4.41827964783, -13.7816772461], "icov": [[0.000115553419164, -0.000209155215998, 0.000164881013916, -0.000117646115541, 0.00027908931952, -0.000201443821425, 0.000341937615303, -0.0001774616685, 0.000456516398117, -0.000356391305104, 0.000558207801078, -0.000266131828539, 0.000437978684204], [-0.000209155215998, 0.00192244455684, -0.000537861662451, 5.26595940755e-05, -0.000744783785194, 0.00129920407198, -0.000985282706097, 0.00164845818654, -0.00150356011, 0.0023518030066, -0.00223028543405, 0.00222021830268, -0.000946734624449], [0.000164881013916, -0.000537861662451, 0.00152315874584, -0.000678177224472, 0.00011250640091, -0.000712851178832, 0.00151758047286, -0.000715958245564, 0.00174813601188, -0.00198680115864, 0.0021377208177, -0.00152834004257, 0.00143765949178], [-0.000117646115541, 5.26595940755e-05, -0.000678177224472, 0.00472455751151, -0.00147774536163, -0.000675479124766, 0.000534111459274, 0.000975596951321, -0.000596745871007, 0.00282314443029, -0.00232922239229, 0.00238514714874, -0.000689352687914], [0.00027908931952, -0.000744783785194, 0.00011250640091, -0.00147774536163, 0.00619307765737, -0.000297126476653, -0.00214252155274, -0.00124226033222, 0.00114785297774, -0.00180336646736, 0.00346530438401, -0.00203994102776, 0.00105621537659], [-0.000201443821425, 0.00129920407198, -0.000712851178832, -0.000675479124766, -0.000297126476653, 0.00852112192661, -0.00288822758012, -0.000679587072227, -0.00129163265228, 0.00142899132334, -0.000435327616287, 0.00105066259857, -0.00042878149543], [0.000341937615303, -0.000985282706097, 0.00151758047286, 0.000534111459274, -0.00214252155274, -0.00288822758012, 0.0108952363953, -0.00433850148693, 0.00257851672359, -0.00140721176285, -0.00106828659773, 0.00126320600975, -1.18878651847e-05], [-0.0001774616685, 0.00164845818654, -0.000715958245564, 0.000975596951321, -0.00124226033222, -0.000679587072227, -0.00433850148693, 0.0170273054391, -0.00631924811751, 0.000586207665037, 0.000863252731506, -0.000720587035175, 0.001814203104], [0.000456516398117, -0.00150356011, 0.00174813601188, -0.000596745871007, 0.00114785297774, -0.00129163265228, 0.00257851672359, -0.00631924811751, 0.0138234300539, -0.00402439618483, 8.61867363255e-07, 0.00078152329661, -0.000631507078651], [-0.000356391305104, 0.0023518030066, -0.00198680115864, 0.00282314443029, -0.00180336646736, 0.00142899132334, -0.00140721176285, 0.000586207665037, -0.00402439618483, 0.0174172408879, -0.00645187776536, 0.000722957600374, 0.000981423188932], [0.000558207801078, -0.00223028543405, 0.0021377208177, -0.00232922239229, 0.00346530438401, -0.000435327616287, -0.00106828659773, 0.000863252731506, 8.61867363255e-07, -0.00645187776536, 0.0212990734726, -0.00737679703161, 0.00280113937333], [-0.000266131828539, 0.00222021830268, -0.00152834004257, 0.00238514714874, -0.00203994102776, 0.00105066259857, 0.00126320600975, -0.000720587035175, 0.00078152329661, 0.000722957600374, -0.00737679703161, 0.0208776965737, -0.00714841391891], [0.000437978684204, -0.000946734624449, 0.00143765949178, -0.000689352687914, 0.00105621537659, -0.00042878149543, -1.18878651847e-05, 0.001814203104, -0.000631507078651, 0.000981423188932, 0.00280113937333, -0.00714841391891, 0.0202881284058]], "cov": [[17147.7285156, 1023.72595215, 14.215467453, 225.688858032, -661.447509766, -50.9979972839, -631.768737793, -265.082122803, -438.104125977, -110.425926208, -271.468475342, -116.46522522, -270.909454346], [1023.72595215, 1129.58642578, -126.910125732, 163.640670776, -4.57540416718, -114.274848938, -2.544485569, -116.820991516, 16.13123703, -136.286468506, 44.1515693665, -108.353820801, 16.2537212372], [14.215467453, -126.910125732, 1355.76513672, 84.7983474731, 63.4930305481, 36.0480003357, -159.739700317, -9.84492111206, -142.043289185, 79.9672927856, -103.781509399, 57.1512794495, -75.0009307861], [225.688858032, 163.640670776, 84.7983474731, 302.292114258, 42.1129989624, 15.355181694, -19.082326889, -33.5031242371, -15.4275455475, -55.9718322754, -0.111920744181, -38.0732955933, -3.02888298035], [-661.447509766, -4.57540416718, 63.4930305481, 42.1129989624, 249.243362427, 28.7664794922, 78.5466537476, 34.2309265137, 0.623308718204, 9.5482416153, -17.8357067108, 4.27661561966, -0.858463406563], [-50.9979972839, -114.274848938, 36.0480003357, 15.355181694, 28.7664794922, 155.645935059, 44.3400878906, 34.1599769592, 6.52697706223, 6.62370586395, -10.5669193268, -0.517580449581, -6.341755867], [-631.768737793, -2.544485569, -159.739700317, -19.082326889, 78.5466537476, 44.3400878906, 178.272323608, 48.8849906921, 28.9452991486, 3.98148918152, 21.3203334808, -10.9887123108, 10.6648416519], [-265.082122803, -116.820991516, -9.84492111206, -33.5031242371, 34.2309265137, 34.1599769592, 48.8849906921, 99.9532775879, 38.8921966553, 23.7188434601, -3.42926263809, 8.51979923248, -6.6004652977], [-438.104125977, 16.13123703, -142.043289185, -15.4275455475, 0.623308718204, 6.52697706223, 28.9452991486, 38.8921966553, 123.703796387, 13.1592693329, 25.0025691986, -8.33772373199, 13.2205896378], [-110.425926208, -136.286468506, 79.9672927856, -55.9718322754, 9.5482416153, 6.62370586395, 3.98148918152, 23.7188434601, 13.1592693329, 98.8108139038, 11.6330404282, 22.5855312347, -12.0386381149], [-271.468475342, 44.1515693665, -103.781509399, -0.111920744181, -17.8357067108, -10.5669193268, 21.3203334808, -3.42926263809, 25.0025691986, 11.6330404282, 79.26171875, 11.6151542664, 9.66003322601], [-116.46522522, -108.353820801, 57.1512794495, -38.0732955933, 4.27661561966, -0.517580449581, -10.9887123108, 8.51979923248, -8.33772373199, 22.5855312347, 11.6151542664, 76.7051696777, 15.1834640503], [-270.909454346, 16.2537212372, -75.0009307861, -3.02888298035, -0.858463406563, -6.341755867, 10.6648416519, -6.6004652977, 13.2205896378, -12.0386381149, 9.66003322601, 15.1834640503, 66.6256484985]]}, "spectral_energyband_middle_low": {"dmean2": 0.0110891927034, "median": 0.0102890245616, "min": 1.77254016177e-22, "dvar2": 0.000360507256119, "dvar": 0.000141091702972, "dmean": 0.00678289541975, "max": 0.138916388154, "var": 0.000202491966775, "mean": 0.0138668902218}, "melbands_crest": {"dmean2": 5.27819728851, "median": 10.5481586456, "min": 1.65104413033, "dvar2": 21.4502048492, "dvar": 8.19429969788, "dmean": 3.19161772728, "max": 31.8101806641, "var": 20.1671867371, "mean": 11.3942432404}, "spectral_kurtosis": {"dmean2": 3.03375244141, "median": 4.47242116928, "min": -1.27448284626, "dvar2": 10.2352380753, "dvar": 3.65726733208, "dmean": 1.80341637135, "max": 28.9823112488, "var": 7.5383605957, "mean": 4.95574331284}, "spectral_rms": {"dmean2": 0.00121477141511, "median": 0.00430387025699, "min": 3.15089339169e-12, "dvar2": 2.15368800127e-06, "dvar": 9.2638759952e-07, "dmean": 0.000792459701188, "max": 0.0121295619756, "var": 3.4756774312e-06, "mean": 0.0043092793785}, "zerocrossingrate": {"dmean2": 0.00978675205261, "median": 0.05419921875, "min": 0.0126953125, "dvar2": 0.000156740832608, "dvar": 0.000108967768028, "dmean": 0.00805378798395, "max": 0.521484375, "var": 0.00154668628238, "mean": 0.0597810409963}, "silence_rate_60dB": {"dmean2": 0.0263583231717, "median": 0, "min": 0, "dvar2": 0.0301457401365, "dvar": 0.0130055593327, "dmean": 0.0131775233895, "max": 1, "var": 0.0726967453957, "mean": 0.0789310112596}, "erbbands_kurtosis": {"dmean2": 1.30695927143, "median": -0.000772714614868, "min": -1.7849200964, "dvar2": 3.13396859169, "dvar": 1.28871154785, "dmean": 0.817959845066, "max": 30.766254425, "var": 3.24442315102, "mean": 0.476410955191}, "erbbands": {"dmean2": [0.00559620885178, 0.216788336635, 2.10814166069, 6.02035427094, 16.7670764923, 19.4677677155, 16.3603363037, 25.0598773956, 33.3992881775, 30.6869812012, 25.3913173676, 21.5393543243, 37.978099823, 28.1566734314, 44.7010345459, 26.4362068176, 25.1470832825, 28.5225391388, 22.1544265747, 19.2864665985, 15.4887180328, 11.0741949081, 10.9654006958, 10.9786024094, 7.44029712677, 5.29435396194, 3.58181428909, 2.64333248138, 2.70931148529, 2.41712212563, 1.74826490879, 1.16332840919, 0.660630524158, 0.285167425871, 0.165901899338, 0.0707329213619, 0.0192840341479, 0.00389260426164, 0.000654223549645, 2.86691029032e-05], "median": [0.00151371012907, 0.0441213175654, 0.545996248722, 1.96451413631, 2.91690659523, 7.6417965889, 8.40800094604, 10.3297357559, 16.2038898468, 15.1351165771, 11.9655542374, 10.2907123566, 18.3077659607, 15.0228443146, 20.177028656, 16.1838874817, 14.4078321457, 18.3685951233, 15.718255043, 11.9612436295, 10.5553131104, 8.85039329529, 7.69843959808, 7.31222438812, 5.75369024277, 4.36125898361, 2.64884471893, 1.96621799469, 1.75193178654, 1.39598190784, 0.820841908455, 0.421026080847, 0.205028817058, 0.0863928645849, 0.0337569713593, 0.010768824257, 0.00223701051436, 0.00038214950473, 3.80916135327e-05, 2.90525931632e-05], "min": [1.72488652599e-22, 9.78734802616e-22, 4.38058413809e-21, 7.69237176099e-21, 1.2610862808e-20, 5.62092555308e-20, 1.368398425e-19, 1.62357653539e-19, 8.51567771092e-20, 2.63611914668e-19, 3.91617468226e-19, 6.46418797846e-19, 4.31204109294e-19, 1.07231641426e-18, 1.07684016164e-18, 1.81835681258e-18, 1.74277401129e-18, 2.30229738239e-18, 2.71429515919e-18, 4.18191746588e-18, 4.95343999015e-18, 5.78814215601e-18, 4.70468031017e-18, 7.48662809012e-18, 8.17167591238e-18, 9.96114551002e-18, 1.22331434734e-17, 1.13686479162e-17, 1.29861557635e-17, 1.24210358951e-17, 1.3797490077e-17, 1.08558323324e-17, 1.14735766041e-17, 9.39512401482e-18, 6.8822936569e-18, 4.63801079357e-18, 2.40754722314e-18, 9.19409286299e-19, 2.64872563771e-19, 3.00964819116e-20], "dvar2": [0.000130469750729, 0.296554177999, 23.0001983643, 152.906784058, 2070.02050781, 1350.01477051, 822.100830078, 2725.3918457, 4568.86376953, 3350.65014648, 2677.13208008, 1914.32165527, 5342.14990234, 4448.43261719, 8677.37011719, 2402.0847168, 3171.05883789, 2812.36328125, 1327.02392578, 2111.05883789, 1242.55383301, 358.419189453, 958.064697266, 784.740478516, 372.803100586, 84.145980835, 46.249206543, 21.6081848145, 33.3244400024, 33.3533744812, 36.6739501953, 26.5291633606, 10.2793188095, 1.87095808983, 0.186501562595, 0.0214150696993, 0.00147384498268, 5.80555715715e-05, 1.82058181508e-06, 2.2604795813e-09], "dvar": [5.16854488524e-05, 0.109978049994, 8.28406143188, 56.4600486755, 776.002197266, 493.454620361, 331.74420166, 1084.88769531, 1924.99523926, 1477.55883789, 1155.99841309, 849.56427002, 2040.41833496, 1855.00073242, 3222.72094727, 995.075805664, 1338.98010254, 1198.03649902, 526.075073242, 899.270568848, 586.497558594, 146.772293091, 382.006439209, 303.671295166, 152.747238159, 34.8407020569, 19.1189613342, 9.5193195343, 14.8582983017, 15.5116100311, 18.198474884, 12.4138345718, 4.67567110062, 0.772308349609, 0.0913985148072, 0.0114895524457, 0.000825815484859, 3.38205099979e-05, 1.07360040147e-06, 1.28686283851e-09], "dmean": [0.00347916968167, 0.126879110932, 1.25532984734, 3.56120681763, 9.7057762146, 11.4202203751, 9.939453125, 15.4091444016, 20.51121521, 19.2470378876, 16.0203533173, 13.5630273819, 23.3180541992, 17.7291641235, 27.4276199341, 16.2763271332, 15.8553190231, 17.8795623779, 13.7046937943, 12.2426013947, 9.75710105896, 6.84852409363, 6.78326702118, 6.75304460526, 4.723072052, 3.37556791306, 2.32237935066, 1.76653647423, 1.81342375278, 1.6092402935, 1.18613624573, 0.794714152813, 0.455386221409, 0.20514537394, 0.120048880577, 0.0513435564935, 0.014090705663, 0.0028984178789, 0.000488098128699, 2.06617569347e-05], "max": [0.0878945663571, 5.8383936882, 60.9050216675, 147.67225647, 353.367462158, 302.219512939, 484.083770752, 752.163757324, 1315.20959473, 1333.32250977, 958.802856445, 981.654602051, 1549.68273926, 1612.56787109, 1427.45825195, 1133.92199707, 1475.47546387, 1544.08056641, 582.862365723, 1032.05249023, 1322.21716309, 301.125793457, 1107.09375, 755.326782227, 523.643615723, 170.900131226, 88.7362747192, 59.2344055176, 185.560913086, 160.811126709, 162.851654053, 150.868118286, 99.1032180786, 47.105670929, 10.6509428024, 2.10873603821, 0.46115064621, 0.107617177069, 0.0192759260535, 0.000702357152477], "var": [6.28902344033e-05, 0.0889474153519, 9.0998134613, 63.5241928101, 598.302368164, 486.735321045, 633.91583252, 2665.97070312, 3673.38671875, 4748.09082031, 2373.64233398, 2120.89575195, 5222.72021484, 5743.86328125, 7682.69921875, 2459.26831055, 3948.9309082, 3850.53613281, 1113.52282715, 2132.6965332, 2873.34448242, 338.645507812, 718.645446777, 926.112915039, 336.131408691, 93.825088501, 35.201915741, 20.8806533813, 38.2185058594, 42.9958457947, 48.2903785706, 25.647233963, 8.86706638336, 1.14331483841, 0.177257671952, 0.0209514386952, 0.00147539447062, 6.183989899e-05, 1.9443691599e-06, 2.57003018866e-09], "mean": [0.00481427041814, 0.136123806238, 1.67488837242, 4.86953115463, 9.7900018692, 14.5867567062, 16.0822315216, 25.4323101044, 32.6686706543, 34.0093421936, 25.7074432373, 23.4316768646, 39.9801521301, 32.7518730164, 49.320110321, 31.232925415, 30.0384273529, 34.6003074646, 26.1254444122, 23.8286838531, 20.592256546, 14.3425636292, 13.3058595657, 14.6311750412, 10.4158811569, 7.48660707474, 4.59720182419, 3.47860956192, 3.57481312752, 3.10882639885, 2.16123628616, 1.33442354202, 0.723076164722, 0.311816036701, 0.162532880902, 0.0642719045281, 0.0169478617609, 0.00345663190819, 0.000570932868868, 4.2050909542e-05]}, "spectral_strongpeak": {"dmean2": 0.955358803272, "median": 0.681712567806, "min": 0, "dvar2": 1.65552866459, "dvar": 0.663976430893, "dmean": 0.568397641182, "max": 16.230430603, "var": 1.50964844227, "mean": 1.09296476841}, "spectral_energy": {"dmean2": 0.0134669076651, "median": 0.018986383453, "min": 1.01763321326e-20, "dvar2": 0.000428037485108, "dvar": 0.000171609222889, "dmean": 0.00847025774419, "max": 0.150804430246, "var": 0.000326515000779, "mean": 0.0225967355072}, "average_loudness": 0.785808861256, "spectral_rolloff": {"dmean2": 584.088562012, "median": 1270.45898438, "min": 193.798828125, "dvar2": 738101.1875, "dvar": 349664.34375, "dmean": 350.17010498, "max": 19487.5488281, "var": 2440398.75, "mean": 1532.9152832}, "spectral_centroid": {"dmean2": 339.692565918, "median": 1145.80810547, "min": 267.117919922, "dvar2": 133034.0625, "dvar": 60488.8984375, "dmean": 216.975860596, "max": 11833.1416016, "var": 636191.1875, "mean": 1262.70349121}, "pitch_salience": {"dmean2": 0.119034193456, "median": 0.617705345154, "min": 0.115148998797, "dvar2": 0.0109291020781, "dvar": 0.00404833070934, "dmean": 0.071649260819, "max": 0.985831439495, "var": 0.010365376249, "mean": 0.608710885048}, "spectral_energyband_middle_high": {"dmean2": 0.00302649568766, "median": 0.00426855171099, "min": 1.30501403439e-21, "dvar2": 1.88950052689e-05, "dvar": 7.64932610764e-06, "dmean": 0.0019544607494, "max": 0.0567043721676, "var": 3.61624042853e-05, "mean": 0.00606636051089}, "spectral_contrast_coeffs": {"dmean2": [0.0965742692351, 0.0838841721416, 0.0657439008355, 0.0481045916677, 0.0332887433469, 0.0297503974289], "median": [-0.55440557003, -0.731644392014, -0.782081365585, -0.79846572876, -0.795855641365, -0.747523069382], "min": [-0.975442588329, -0.983638226986, -0.982671439648, -0.970269083977, -0.964845895767, -0.966841518879], "dvar2": [0.00655082752928, 0.00432649627328, 0.00262823118828, 0.0014415809419, 0.000683089951053, 0.000618459715042], "dvar": [0.00250756484456, 0.00162753683981, 0.0010205428116, 0.000541626708582, 0.000273503625067, 0.000270641059615], "dmean": [0.0590744204819, 0.0508515909314, 0.0398440063, 0.029191557318, 0.0205324962735, 0.01938633807], "max": [-0.227075010538, -0.357587516308, -0.492176860571, -0.569648087025, -0.616925954819, -0.574912130833], "var": [0.0104055507109, 0.00645025400445, 0.00403925450519, 0.00227087549865, 0.00154809071682, 0.00167938123923], "mean": [-0.565459012985, -0.725706398487, -0.774947583675, -0.793177187443, -0.793532311916, -0.749785840511]}, "melbands_skewness": {"dmean2": 0.944363951683, "median": 1.7837202549, "min": -1.1276242733, "dvar2": 0.887490153313, "dvar": 0.358823567629, "dmean": 0.594357192516, "max": 8.25696277618, "var": 1.24095237255, "mean": 1.88457536697}, "spectral_spread": {"dmean2": 721997.625, "median": 3665260.75, "min": 1570884.5, "dvar2": 886679339008, "dvar": 498517639168, "dmean": 527673.125, "max": 43320128, "var": 6393192513540.0, "mean": 4008840}, "dissonance": {"dmean2": 0.0330774858594, "median": 0.472040176392, "min": 0.0965663194656, "dvar2": 0.00100013951305, "dvar": 0.000357049575541, "dmean": 0.0195272509009, "max": 0.500000059605, "var": 0.000656734919176, "mean": 0.466309249401}, "spectral_skewness": {"dmean2": 0.361591726542, "median": 1.5767686367, "min": -0.0461874864995, "dvar2": 0.107860431075, "dvar": 0.0425874181092, "dmean": 0.225905194879, "max": 4.00392961502, "var": 0.164265140891, "mean": 1.60342431068}, "spectral_flux": {"dmean2": 0.0342665649951, "median": 0.0754897817969, "min": 6.36493496797e-11, "dvar2": 0.00155470799655, "dvar": 0.000765453267377, "dmean": 0.0225249379873, "max": 0.332832038403, "var": 0.00190136290621, "mean": 0.082193210721}, "spectral_contrast_valleys": {"dmean2": [0.80211263895, 0.624850273132, 0.506841301918, 0.42007085681, 0.336227566004, 0.488672733307], "median": [-8.03160190582, -6.42338085175, -6.78981924057, -7.21208047867, -7.46593332291, -10.3954334259], "min": [-28.0408859253, -28.1983718872, -27.689540863, -27.5542449951, -27.5972042084, -27.4194831848], "dvar2": [0.430061846972, 0.267668843269, 0.181174322963, 0.131393805146, 0.10127735883, 0.266569346189], "dvar": [0.196602210402, 0.118750117719, 0.086835719645, 0.0719224959612, 0.066543109715, 0.142379641533], "dmean": [0.50166028738, 0.390427052975, 0.314571380615, 0.261448144913, 0.231409177184, 0.378909736872], "max": [-5.8323225975, -4.57309246063, -5.22725248337, -5.62960338593, -5.57154846191, -7.26866006851], "var": [3.17890882492, 3.01041793823, 2.63339519501, 2.56950259209, 2.44252634048, 2.31778335571], "mean": [-8.31840515137, -6.71855640411, -7.01786327362, -7.4374370575, -7.69141435623, -10.6261863708]}, "erbbands_flatness_db": {"dmean2": 0.0278605502099, "median": 0.175659820437, "min": 0.0504676885903, "dvar2": 0.000589899776969, "dvar": 0.000310547591653, "dmean": 0.0202742125839, "max": 0.449711680412, "var": 0.00233161728829, "mean": 0.179772555828}, "spectral_energyband_high": {"dmean2": 0.000273972807918, "median": 0.000248316326179, "min": 7.26891748747e-21, "dvar2": 3.92527198301e-07, "dvar": 1.96649381223e-07, "dmean": 0.000198258785531, "max": 0.017005123198, "var": 5.41924634945e-07, "mean": 0.000440704170614}, "spectral_entropy": {"dmean2": 0.233962893486, "median": 7.55875396729, "min": 6.09606218338, "dvar2": 0.0467939153314, "dvar": 0.0212792921811, "dmean": 0.154824540019, "max": 9.82838630676, "var": 0.117672041059, "mean": 7.55584430695}, "silence_rate_20dB": {"dmean2": 0, "median": 1, "min": 1, "dvar2": 0, "dvar": 0, "dmean": 0, "max": 1, "var": 0, "mean": 1}, "melbands_flatness_db": {"dmean2": 0.0382067672908, "median": 0.175060063601, "min": 0.00251107756048, "dvar2": 0.00123755272944, "dvar": 0.000530138553586, "dmean": 0.024633731693, "max": 0.38228943944, "var": 0.00236588623375, "mean": 0.178528368473}, "barkbands": {"dmean2": [9.31753947953e-06, 0.000672421650961, 0.0024934457615, 0.00248969416134, 0.00592790590599, 0.00257610855624, 0.00217140302993, 0.00141316978261, 0.00108968105633, 0.00115126185119, 0.000905883207452, 0.00102455774322, 0.000593040080275, 0.000669724482577, 0.000369763089111, 0.000337841571309, 0.000205797448871, 0.000201033355552, 0.000194657593966, 0.000119189135148, 6.98434741935e-05, 7.44513890822e-05, 6.55599869788e-05, 4.51550222351e-05, 2.31164121942e-05, 1.20914901345e-05, 3.0837727536e-06], "median": [6.88103091306e-06, 9.15386772249e-05, 0.000655949814245, 0.000581852858886, 0.00226311897859, 0.0010932792211, 0.00107241375372, 0.000556501792744, 0.000422197044827, 0.000478248111904, 0.000356489996193, 0.00045097572729, 0.000289520976366, 0.000366737105651, 0.000209448568057, 0.000179652168299, 0.000148423685459, 0.000130115266074, 0.000128791041789, 9.55273862928e-05, 5.0021775678e-05, 4.81051793031e-05, 3.30649963871e-05, 1.55940269906e-05, 6.08364825894e-06, 1.64477864928e-06, 1.21566657185e-07], "min": [9.92971466091e-25, 5.22303898157e-24, 3.20481763608e-24, 2.59541686756e-24, 1.75888766163e-23, 1.35711180959e-23, 1.03971094224e-23, 1.46255127372e-23, 2.66706141218e-23, 1.42948995541e-23, 2.01442384798e-23, 3.79314678598e-23, 2.90694044505e-23, 3.10969473709e-23, 2.94002968904e-23, 6.14816543186e-23, 8.20402656546e-23, 1.00728500406e-22, 1.4166549676e-22, 2.13475858372e-22, 3.10779238324e-22, 3.47821622078e-22, 4.57356915143e-22, 6.1573150824e-22, 9.02512007484e-22, 1.41404405258e-21, 1.99887649763e-21], "dvar2": [8.44229339214e-11, 2.82219252767e-06, 2.75186466752e-05, 3.6726356484e-05, 0.000165881239809, 2.4835288059e-05, 1.73087155417e-05, 7.00285090716e-06, 5.28592227056e-06, 5.9058656916e-06, 3.76935372515e-06, 4.4884855015e-06, 1.755085691e-06, 1.36510152515e-06, 4.82424525217e-07, 9.32850184654e-07, 1.21651638096e-07, 2.92197285034e-07, 1.80822695484e-07, 3.6967300332e-08, 1.52335957182e-08, 2.45163676027e-08, 4.38842420181e-08, 4.20971950632e-08, 6.99003033233e-09, 5.58666668482e-10, 4.01939939665e-11], "dvar": [2.81343837116e-11, 1.05565379727e-06, 1.01069836091e-05, 1.36109001687e-05, 6.19000711595e-05, 9.85074802884e-06, 7.38450262361e-06, 3.00999886349e-06, 2.27652617468e-06, 2.28621729548e-06, 1.55863108375e-06, 1.70213945694e-06, 7.9136259501e-07, 5.44061947494e-07, 2.11073455603e-07, 3.96601564034e-07, 5.02798940261e-08, 1.1701167324e-07, 8.38492582034e-08, 1.60661972615e-08, 6.50674092384e-09, 1.12547589026e-08, 2.13654534065e-08, 1.98969338783e-08, 3.04212499636e-09, 3.16195319927e-10, 2.38856278506e-11], "dmean": [5.23811149833e-06, 0.00039237990859, 0.00150108279195, 0.00143943389412, 0.00348150287755, 0.00158817542251, 0.00134262314532, 0.00087503058603, 0.000684715865646, 0.000713558110874, 0.000559010833967, 0.000632840965409, 0.00037517544115, 0.000411556073232, 0.000231110097957, 0.000209688529139, 0.000127282590256, 0.000123696037917, 0.00012205693929, 7.59365429985e-05, 4.58168142359e-05, 4.98088011227e-05, 4.39021714556e-05, 3.14812241413e-05, 1.69073700818e-05, 8.89414059202e-06, 2.30795058087e-06], "max": [5.95925012021e-05, 0.015550063923, 0.060017593205, 0.0960946828127, 0.102796241641, 0.0756626352668, 0.0853709876537, 0.0490494668484, 0.0511154122651, 0.0507593080401, 0.0501194037497, 0.0353186316788, 0.0423189587891, 0.0272752791643, 0.0131956841797, 0.0356087759137, 0.00781979691237, 0.0199922118336, 0.0138661414385, 0.00260005821474, 0.00137214944698, 0.00500361761078, 0.00607237173244, 0.00629926752299, 0.00268333498389, 0.000282098219031, 9.03211694094e-05], "var": [3.01113196877e-11, 8.4123587385e-07, 1.31384531414e-05, 1.26889817693e-05, 5.46860210306e-05, 2.35093502852e-05, 1.98347697733e-05, 7.55181645218e-06, 5.86173337069e-06, 6.31224475001e-06, 4.11583960158e-06, 4.04629963668e-06, 3.0115672871e-06, 1.22645474221e-06, 4.85783004933e-07, 1.44888065279e-06, 1.03345705327e-07, 2.1585717036e-07, 3.85991711482e-07, 4.54135928862e-08, 1.29139170468e-08, 3.03887794928e-08, 5.5537658028e-08, 4.09849256755e-08, 5.06614128426e-09, 5.86896309329e-10, 4.34942915017e-11], "mean": [7.90315698396e-06, 0.000380483979825, 0.00210530147888, 0.00164839858189, 0.00443345075473, 0.00260472204536, 0.00227638054639, 0.00134842982516, 0.0011285324581, 0.00114921981003, 0.000957449781708, 0.00107654486783, 0.000684624304995, 0.000707596482243, 0.000412511639297, 0.000398359668907, 0.000243903254159, 0.000229851561016, 0.000276805454632, 0.000166773155797, 8.87312125997e-05, 9.85957667581e-05, 8.20389686851e-05, 5.20023349964e-05, 2.45609189733e-05, 1.09130924102e-05, 2.66973120233e-06]}, "erbbands_skewness": {"dmean2": 0.510344982147, "median": 0.426679283381, "min": -2.31867027283, "dvar2": 0.205274015665, "dvar": 0.0865476727486, "dmean": 0.324344992638, "max": 4.99957370758, "var": 0.419920772314, "mean": 0.467573493719}, "erbbands_spread": {"dmean2": 9.57159900665, "median": 29.3643035889, "min": 2.48376917839, "dvar2": 85.9828186035, "dvar": 38.8479804993, "dmean": 6.27147626877, "max": 120.772674561, "var": 183.823471069, "mean": 30.8351459503}, "melbands_kurtosis": {"dmean2": 6.61297035217, "median": 4.35021734238, "min": -1.70056223869, "dvar2": 96.2152023315, "dvar": 37.1526794434, "dmean": 4.04704523087, "max": 101.714271545, "var": 71.5859146118, "mean": 6.9563741684}, "melbands": {"dmean2": [0.000113773683552, 0.000826286501251, 0.00128310197033, 0.00133379176259, 0.000634667114355, 0.000554909405764, 0.000481988565298, 0.000339378952049, 0.000194656589883, 0.000145923069795, 0.000196423061425, 0.000119624382933, 0.000140099728014, 0.000124354584841, 5.42628295079e-05, 5.85818925174e-05, 5.99423583481e-05, 4.53368884337e-05, 2.80889798887e-05, 2.68421972578e-05, 1.74178621819e-05, 1.29089385155e-05, 1.22671817735e-05, 9.1224010248e-06, 1.03564461824e-05, 7.45218358134e-06, 4.83337316837e-06, 3.7323811739e-06, 2.