{"tonal": {"thpcp": [1, 0.991919994354, 0.418548494577, 0.147432014346, 0.0991725623608, 0.231790348887, 0.469733566046, 0.39510589838, 0.195383951068, 0.238963276148, 0.247533872724, 0.152754500508, 0.137075960636, 0.119720339775, 0.144641727209, 0.343471497297, 0.41152459383, 0.234896108508, 0.120268888772, 0.0996554270387, 0.177703484893, 0.542154192924, 0.639378845692, 0.310252249241, 0.191601321101, 0.172695890069, 0.115498363972, 0.128446608782, 0.136918723583, 0.150378003716, 0.294976592064, 0.339005351067, 0.200523883104, 0.155531793833, 0.239536419511, 0.485847711563], "hpcp": {"dmean2": [0.102854087949, 0.0910057127476, 0.131761416793, 0.242881581187, 0.265564352274, 0.170251861215, 0.109921939671, 0.091752409935, 0.0779825821519, 0.085536621511, 0.0916407555342, 0.099146053195, 0.145830780268, 0.178390353918, 0.146331369877, 0.145176529884, 0.229830205441, 0.356348156929, 0.382255464792, 0.376116007566, 0.287183254957, 0.179004400969, 0.12296474725, 0.165433436632, 0.259912580252, 0.20797483623, 0.127260059118, 0.134496793151, 0.130739480257, 0.103856757283, 0.101269379258, 0.0958704277873, 0.117337889969, 0.174105986953, 0.176152199507, 0.140428170562], "median": [0.0154328234494, 0.0102923884988, 0.0265193153173, 0.113071456552, 0.140059351921, 0.0672079324722, 0.0161926336586, 0.0130230467767, 0.0158175192773, 0.0188736282289, 0.0203569754958, 0.0278079193085, 0.0457919314504, 0.0402850918472, 0.0283153280616, 0.0198593065143, 0.0229069180787, 0.0954020321369, 0.375914126635, 0.335064888, 0.0976841151714, 0.0093300063163, 0.00602626195177, 0.0205718837678, 0.0576707758009, 0.0656061992049, 0.029395353049, 0.0246183425188, 0.0228985473514, 0.0238579288125, 0.0246862266213, 0.0213390029967, 0.0178191121668, 0.0312564745545, 0.0357275344431, 0.028021261096], "min": [0, 0, 0, 0, 0, 0, 0, 0, 0, 0, 0, 0, 0, 0, 0, 0, 0, 0, 0, 0, 0, 0, 0, 0, 0, 0, 0, 0, 0, 0, 0, 0, 0, 0, 0, 0], "dvar2": [0.0542591400445, 0.0476789809763, 0.0627963542938, 0.0948874875903, 0.100366562605, 0.0589743889868, 0.0469420738518, 0.0419946424663, 0.0315635576844, 0.034193623811, 0.0407793484628, 0.0381658896804, 0.0545527637005, 0.087162643671, 0.074659705162, 0.0833985283971, 0.135278373957, 0.188222408295, 0.155254304409, 0.154123172164, 0.141609057784, 0.120602667332, 0.0820834934711, 0.0762680619955, 0.165379583836, 0.0889690741897, 0.0597935393453, 0.0634881705046, 0.0585424602032, 0.0388443730772, 0.0400299169123, 0.042375985533, 0.0575847066939, 0.0820690765977, 0.0900649875402, 0.066430144012], "dvar": [0.0191842839122, 0.0170714594424, 0.0226073618978, 0.0393679440022, 0.0436253547668, 0.0221332684159, 0.0184868574142, 0.0169127117842, 0.0114166820422, 0.0124150793999, 0.0144982933998, 0.0134228412062, 0.0217928625643, 0.0340179949999, 0.026427840814, 0.0291411075741, 0.0490651167929, 0.0676079019904, 0.0609030649066, 0.0628911107779, 0.0488140843809, 0.0403873324394, 0.0276604127139, 0.0271960012615, 0.0613165982068, 0.0329484008253, 0.0210218466818, 0.0258301217109, 0.0247505176812, 0.0141471317038, 0.0145086525008, 0.0155743248761, 0.0204106196761, 0.0322289951146, 0.0367859564722, 0.0243615172803], "dmean": [0.0569625906646, 0.0499281510711, 0.0751415193081, 0.146266937256, 0.160159885883, 0.1012641415, 0.0625692456961, 0.0530977956951, 0.0444791279733, 0.049011901021, 0.0521721765399, 0.0565591827035, 0.0864016711712, 0.104054555297, 0.0819851607084, 0.0798714533448, 0.12659534812, 0.20002360642, 0.222418636084, 0.217800483108, 0.162430733442, 0.0949589014053, 0.0648060962558, 0.0920659601688, 0.146919980645, 0.120055817068, 0.0733657702804, 0.0793935880065, 0.0773951262236, 0.0600024051964, 0.0582283325493, 0.0541296564043, 0.0659690573812, 0.101115532219, 0.102107420564, 0.0804995000362], "max": [1, 1, 1, 1, 1, 1, 1, 1, 1, 1, 1, 1, 1, 1, 1, 1, 1, 1, 1, 1, 1, 1, 1, 1, 1, 1, 1, 1, 1, 1, 1, 1, 1, 1, 1, 1], "var": [0.0149597702548, 0.0130375819281, 0.0206450577825, 0.0820814371109, 0.102438353002, 0.0307020433247, 0.0380749925971, 0.0359001010656, 0.0114474901929, 0.0137917622924, 0.0174412839115, 0.0135115217417, 0.0430457256734, 0.0611556097865, 0.0250278878957, 0.0223769564182, 0.0426606871188, 0.0774563327432, 0.134123623371, 0.142630308867, 0.0503195784986, 0.0263038538396, 0.0174390804023, 0.03066043742, 0.0935136824846, 0.0577808953822, 0.0231472998857, 0.0439441949129, 0.0464725457132, 0.0149766039103, 0.0122835896909, 0.0125760221854, 0.0179635696113, 0.065514408052, 0.0910619795322, 0.0339698903263], "mean": [0.0538078919053, 0.0445854999125, 0.0795039385557, 0.242557942867, 0.286055922508, 0.138805806637, 0.08572178334, 0.0772635564208, 0.0516735762358, 0.0574665777385, 0.0612569712102, 0.0672786086798, 0.131971523166, 0.151669844985, 0.0897137075663, 0.0695843994617, 0.107167780399, 0.217366620898, 0.447396606207, 0.443781644106, 0.187257170677, 0.065960586071, 0.0443694666028, 0.10370221734, 0.210157200694, 0.176769033074, 0.0874141156673, 0.106911361217, 0.110745817423, 0.0683418437839, 0.0613273195922, 0.0535624735057, 0.0647122189403, 0.153667986393, 0.184114709496, 0.105091720819]}, "tuning_equal_tempered_deviation": 0.188544020057, "chords_changes_rate": 0.039128895849, "key_key": "D#", "tuning_diatonic_strength": 0.574602425098, "key_scale": "minor", "chords_number_rate": 0.00141643057577, "tuning_frequency": 434.193115234, "tuning_nontempered_energy_ratio": 0.929490506649, "chords_histogram": [37.3583564758, 0.761331439018, 12.6062326431, 6.33852672577, 0.070821531117, 6.58640241623, 1.66430592537, 18.7145900726, 0, 0.655099153519, 0, 0, 0, 0, 0, 0, 0, 0, 0, 0.0177053827792, 0.0885269120336, 0, 8.10906505585, 7.02903699875], "key_strength": 0.711880683899, "chords_key": "D#", "chords_strength": {"dmean2": 0.00852175429463, "median": 0.546501755714, "min": -1, "dvar2": 0.00043355775415, "dvar": 0.000420405791374, "dmean": 0.00871231872588, "max": 0.748976588249, "var": 0.00986009929329, "mean": 0.542639732361}, "chords_scale": "minor", "hpcp_entropy": {"dmean2": 1.10474967957, "median": 2.04548215866, "min": 0, "dvar2": 0.846915006638, "dvar": 0.308164983988, "dmean": 0.656659960747, "max": 4.55887126923, "var": 0.753397107124, "mean": 1.99532473087}}, "metadata": {"audio_properties": {"equal_loudness": 0, "codec": "mp3", "downmix": "mix", "sample_rate": 44100, "analysis_sample_rate": 44100, "bit_rate": 128013, "md5_encoded": "5114f41f76ad9531b40fda4d134d38ec", "length": 262.217132568, "replay_gain": -12.7114505768, "lossless": false}, "version": {"essentia_build_sha": "70f2e5ece6736b2c40cc944ad0e695b16b925413", "essentia": "2.1-beta2", "extractor": "music 1.0", "essentia_git_sha": "v2.1_beta2"}, "tags": {"title": ["Branches"], "language": ["eng"], "media": ["Digital Media"], "albumartist": ["Chrome Canyon"], "initialkey": ["Dm"], "musicbrainz_recordingid": ["1bb39f07-054b-4820-9219-d0a5e0939e8e"], "musicbrainz_albumartistid": ["997433d9-26ec-4fee-8cfd-fa9958487b57"], "discnumber": ["1/1"], "bpm": ["0"], "catalognumber": ["STH2303"], "musicbrainz album release country": ["XW"], "musicbrainz album type": ["album"], "musicbrainz album status": ["Official"], "file_name": "04 - Branches.mp3", "acoustid_fingerprint": ["AQADtIoYaYqUUPCOescVo8zB5A92Tnh6JCWRJ7lw6sGP9yS8rCNqNGG2C093hHcR5rmxE3yMXTy8vniSXcGP__Bb7MOtI8-Dp4cYMUd-D96DDwejkOOGJnyD84icJUj-4NkKH9-FKuGFUMryIMl1MOZTTLHx7A6cU6iVfmicI0dyPMXVwzreKKmMm8dxBkmUIyQpEU-TMUEThx1KEk9yNL1wGlS-kJiS_IiNxMtEuCeuo7lH9HPQvwhF6VCYKNGQ_QifeUii_AmOK0eTZNGNahcuXAme-fCZE0fsD3KTH2lF4w2Np_Bz7E_wJMeD6mDyC_uQHHkS5nDE483SBM6N52ierEjoFHG0DI6ZHtPBlEiWyYj0WniiB2WP-_jhFz8eXIoQrkfjMJNQqYSicKSGnA_6CIxyVBpVNBwd4cGOsC-0jA-ew8nUonJ2bE8VJNK6Y5J0fDqqRGKG5selG3-CJg07dL2IJ7iHdFkyJJfwh5gUX2g-3LjCw7HwI2c06Iky_MiyO9jyIHyOZMp0uCnhOFFOlDx-PDu-48yHiEkWvfBe8DtuoTlCiw6eKAli5TI-8PDDY7fwLEksnIcvaD_CzDoe4cyJ-zh-NNcm9JlGJE2EeEkYlIyC5yNeWfAlCq5CVEtyI1TCIonyG3xobEdT9JGcI0zS6EJ1Q7-E_GgnUfCKvviP7yLuI9mRH32CJ9GFSx-eo0-xPU_AYHKYI2Ek6UiV3MH94SieHS-a5JiOZ-HBYn-DJ5EV-EceIdmPJg6NHx9iaPTxwx-SuIP74e3wCB-4mIWjYzJy5UheAc2v4RHxV8E2BmchXTpOVSFGk4STKflxNL9w4cd_NFGDcI-DpBtP7Md_HI6HO8irI2Go4Lh0PMsDJphOPGmMpEvCBmF6PDLME31wD1_C3HgiachJaOFRkjjOOIGrHLrxI-fRamPQTJfw4wlOHbYWXHQqNDeSfUcevBSD68MdlAwL_8HhSMelaEXCcMf5IfeRH7UeQ-2RT7Ux6Tr8g8eU8DiSijnCLDv6FT-qXxUeiU3giOFQ9EFzpUdy5Mpx7cGF65ik5gF1lIktJFE25Qh99PCDStKOsE8TmMuOJFN1fDf8HMyaHZV4NFty5IdyBbmOdgm8JTt6XO_wDT_-IV4gN2oRO5iMh8dX3LiOVB40SU3wJDl-_BD1I1aW45Is4wNzergKfzkqB_-RVEbYMbi2BX1xJUrBHM0ZXMG_4NcQKjpUkUCOG58GOBfyo9N-XAqOPgjzLMOPR3tQCncWXAT1CRxFEsmeIj8uK8zwHHeOR8cV-MaZCxGuQ1OiHx8i6ag3Fv9wHT8DvEgjMtCasLiEw3GhN8g1a-Ak9KHxMST8Dx96kYh9SMgjScEVNfhxobnR59g_PMjzIql0EX2yY91xBv-F6zAToTzOIfMJTwmz4lRQBdRDB2Wi47txQmcCR1n2Ic_xOLDKHZxz_MOUxsSPZlxyPEtk3CHqFD_-I8wP9cqRp8d1_GiO6sGPv0VeQ5dEIs9x6-jD4JlyJPsRH35E4unwHrsxyYdlrghlH_qRL8ePUyjDD32FM8eH_IKmR0OY8cKX4zpepse5GY31oT9yKof64ElzPI-KWszxPtDlFznOHE2UH2PCHNkPHZuPXDjT47nQ1BZ6RTl-_MTFIz90WoijoCd-7AkuAWfgIHF5VJKQJ8mHHM3RZwlUUTYy6kIlqXi0Ew8DX0Ef5DuSfsYTOcaV4HJ0NM_Qgw-eIRf0HZOPb8T2Ht_hE8eP-DB-48MPH78Haker6MIfvDlMzFqE1zym9EK4ckNSZ8dPPA6-oKmSox_4dHiz4EF4PIdK7cjD4MKn41qEq4gGOV2CigvGJcGPRnk8aNp45MeHfngO9ziNytJxJE2OZzaiD1dQizma48OP84j3Q1NyE9FVHJ_GASd8VBfySLii4x96NC9yLZ5wH410lNOCxhP6LEKfIcyL5MuHP0WXXExQXbiyDA9cHQ-FH7PkIjc00ciL8bh6PDne4jjSJIdWB1eCmG_QI4wqBRdTDcnBUMeTRMB1-MF3ZJEhR_wQKxquE_3R_NgZ_MOFPIqLqoecH3mOLc_hH7eDH2cHCrWwv8N-I1SmVgaV4yKh5ZFwSUf04FxUnFJw5IS5I7KHRxd4tYKX5cL5GdMTpcLT48qLW4f1IDxUhTpyLR6O5qiO4zdexkiu4xNiCW-NitGR6xmSHc2YBWWMfRt-VDEVCc2PHcl8I9-OusnwJULJF09R0SO-HLkL7QgTecJ34T2OOzoal-iP44-OfPlxHfqzoSSP4yvEuMeaQ5OyFPyDHPvhRbh2_B36cmiqLMeR09DxI99RwVLE4D-2Djcu4GcOH-Fy4Qt0hYDH4tCPLMqDa8MZLThxHV9iJNKPkLgS4VlQND_OYNeFIx8-o4ceHiPeGsepHNeRCufx4yiPR6i0GtbU41cCH54kGUzV4DxR60hPSPkXIkdP1D7elMOlI-l4IlwaoYmZ0fh_MGXxHpNZBk9yHD7-4koU5BEZQdcR_vCFUuEzPHHwoz_SZkLCUOiSZdTxY7yQfg_0SMimhIbHHC8PzkyL76hCnAuSHXlwXHifgY5RJcqIo1Ej4tWRG8nxaAeoCAEGASIoEcwQoQAQwCggIAIGSAoAQEA4wAwiwCEIiCIKAQaQZIIAYIDShABkBQCgAEAQYoAJABQiTBgHBDASAaGIZwIAMAQQlABEiBNGGEUEY8IQAIACREFgBFDOCIKEEYQ5YZgCSCkFhCCIAsEAAJZYioA0ABBHjABMGAqIQRA4QwygBDBwAjAAWCEMMAQhYCoAghEClCCEAgEwMQIyYIBQwFpHkALEEKCEYAYAw5gARhAkgAKKECIgM4ZBwBQChBFCAEAOECWECAIphBggBCEiAKhAKGIIEYAxpCgQQHjQEBNCEMEwCBIhI5QAzgAEnjCGCMgIsgAAgJkSRDFlhBCWCGQIQMgBgYhSCAAmiEIAGGWBEMowJBBDBCiAKHAGEAqUIYYogQAQyBCAIHDMECONQlQIIQBCgBiAgAICSEAgQgogxABCAhigFAEACGICAIggRyQAyDCkhAFMEAOIcsAAIi0BACACECLAUwGQg4gRBKQACCCABCHGKQWEBAQBYREBQBmDACHAKEQYckgRIoATTghjDKBCACCMMQQI4pQCRGgmgJEaEGUIIAgQRKhAgCkgABXEASEgEg4JRoQiBhhCAGfMACcAEAwJgaAgxGRCgVEAGAQAYIIQQxhlSDyGDEBAIUCoUMIhIIlyAmwilEDMEYIIEEIhjRwACEEEBBBAAEUQEUAg5aw0BGBEECLAEmIUEAo5oBwQSAiBhEHKCUeIQkAhoBR1AhAFGEBQGOqFQxIYQgRCiAAkBRFUATEAAMoIpYhSAACmgRBGUKEcMowYgJBAIAhiBCFYAKCQo0YqQYhCAiBmlHICAqAUAQAAAYATjhDAKGACAYAEQwIJIwwRTgHCHAHGQSMAAAQwIYRlQBElCACCUESYYgIZKAQRglAhjCBQEkCIAAgApCAoxAokvWAA"], "date": ["2012-10-01"], "genre": ["Electronic"], "album": ["Elemental Themes"], "musicbrainz_artistid": ["997433d9-26ec-4fee-8cfd-fa9958487b57"], "originaldate": ["2012-10-01"], "musicbrainz_albumid": ["1a453a56-099e-4b58-a269-9b70720663b7"], "artist": ["Chrome Canyon"], "artistsort": ["Chrome Canyon"], "tracknumber": ["4/13"], "label": ["Stones Throw Records"], "albumartistsort": ["Chrome Canyon"], "acoustid_id": ["20dbd11d-3265-4c2d-8325-dc3394dfed36"], "script": ["Latn"], "musicbrainz_releasegroupid": ["3bb0a6e1-472d-4f42-9de7-0f882995f8b3"]}}, "rhythm": {"bpm_histogram_first_peak_bpm": {"dmean2": 0, "median": 120, "min": 120, "dvar2": 0, "dvar": 0, "dmean": 0, "max": 120, "var": 0, "mean": 120}, "bpm": 119.998954773, "bpm_histogram_second_peak_spread": {"dmean2": 0, "median": 0, "min": 0, "dvar2": 0, "dvar": 0, "dmean": 0, "max": 0, "var": 0, "mean": 0}, "bpm_histogram_first_peak_weight": {"dmean2": 0, "median": 0.682509481907, "min": 0.682509481907, "dvar2": 0, "dvar": 0, "dmean": 0, "max": 0.682509481907, "var": 0, "mean": 0.682509481907}, "onset_rate": 3.72185873985, "beats_position": [0.545668900013, 1.05650794506, 1.55573689938, 2.06657600403, 2.56580495834, 3.06503391266, 3.5758728981, 4.07510185242, 4.57433080673, 5.07355976105, 5.5727891922, 6.07201814651, 6.57124710083, 7.07047605515, 7.56970500946, 8.06893444061, 8.56816291809, 9.06739234924, 9.56662082672, 10.0658502579, 10.5650787354, 11.0643081665, 11.5635375977, 12.0743761063, 12.5736055374, 13.0728340149, 13.572063446, 14.0712919235, 14.5705213547, 15.0697498322, 15.5805892944, 16.0914287567, 16.5790481567, 17.0782756805, 17.5775051117, 18.0767345428, 18.575963974, 19.0751914978, 19.574420929, 20.0736503601, 20.5728797913, 21.0721092224, 21.5713367462, 22.0705661774, 22.5697956085, 23.0690250397, 23.5682544708, 24.0674819946, 24.5667114258, 25.0659408569, 25.5651702881, 26.0643978119, 26.563627243, 27.0744667053, 27.5736961365, 28.0729255676, 28.5721530914, 29.0713825226, 29.5706119537, 30.0698413849, 30.5690689087, 31.0682983398, 31.567527771, 32.0667572021, 32.5775947571, 33.0768241882, 33.5760536194, 34.0752830505, 34.5745124817, 35.0737419128, 35.572971344, 36.0722007751, 36.5714263916, 37.0706558228, 37.5698852539, 38.0691146851, 38.5683441162, 39.0675735474, 39.5668029785, 40.0660324097, 40.5652618408, 41.0644874573, 41.5637168884, 42.0629463196, 42.5621757507, 43.0497932434, 43.560634613, 44.0598640442, 44.5707015991, 45.0699310303, 45.5691604614, 46.0683898926, 46.5792274475, 47.0784568787, 47.5776863098, 48.0885238647, 48.5877532959, 49.0869827271, 49.5862121582, 50.0854415894, 50.5846710205, 51.0839004517, 51.5831298828, 52.0823554993, 52.5815849304, 53.0808143616, 53.5800437927, 54.0792732239, 54.5668907166, 55.0777320862, 55.5885696411, 56.0877990723, 56.5870285034, 57.0978660583, 57.5970954895, 58.0963249207, 58.5955543518, 59.094783783, 59.5824012756, 60.070022583, 60.5808601379, 61.0916976929, 61.5793190002, 62.0785484314, 62.5777778625, 63.0770072937, 63.5646247864, 64.0638504028, 64.5746917725, 65.0855331421, 65.5847625732, 66.0839920044, 66.5832214355, 67.0824508667, 67.5932846069, 68.0925140381, 68.5917434692, 69.1025848389, 69.5902023315, 70.0894317627, 70.5886611938, 71.087890625, 71.5871200562, 72.0863494873, 72.5855789185, 73.0964126587, 73.5840377808, 74.0832672119, 74.5824966431, 75.0701141357, 75.580947876, 76.0801773071, 76.5794067383, 77.0902481079, 77.5894775391, 78.0887069702, 78.5879364014, 79.0871658325, 79.5747833252, 80.0740127563, 80.5732421875, 81.0840835571, 81.5949172974, 82.08253479, 82.5817642212, 83.0809936523, 83.5802230835, 84.0794525146, 84.5786819458, 85.077911377, 85.5771408081, 86.0763702393, 86.5755996704, 87.0748291016, 87.5740585327, 88.0732879639, 88.5841217041, 89.0949630737, 89.5825805664, 90.0818099976, 90.5810394287, 91.0802688599, 91.579498291, 92.0787277222, 92.5779571533, 93.0771865845, 93.5764160156, 94.0872573853, 94.5748748779, 95.0741043091, 95.5733337402, 96.0609512329, 96.5717926025, 97.0826263428, 97.5818557739, 98.0810852051, 98.5803146362, 99.0795440674, 99.5787734985, 100.07800293, 100.577232361, 101.076461792, 101.575691223, 102.074920654, 102.585754395, 103.096595764, 103.595825195, 104.095054626, 104.594284058, 105.093513489, 105.59274292, 106.091972351, 106.591201782, 107.090431213, 107.601264954, 108.088890076, 108.588119507, 109.087341309, 109.58657074, 110.085800171, 110.573425293, 111.072654724, 111.571876526, 112.082717896, 112.581947327, 113.081176758, 113.580406189, 114.07963562, 114.578865051, 115.078094482, 115.577323914, 116.076553345, 116.575782776, 117.075012207, 117.574241638, 118.07346344, 118.572692871, 119.071922302, 119.571151733, 120.070381165, 120.569610596, 121.068840027, 121.568069458, 122.067298889, 122.56652832, 123.065757751, 123.576599121, 124.087432861, 124.598274231, 125.085891724, 125.585121155, 126.084350586, 126.583580017, 127.082809448, 127.570426941, 128.069656372, 128.580490112, 129.079727173, 129.590560913, 130.078186035, 130.577407837, 131.088256836, 131.587478638, 132.07510376, 132.574325562, 133.073562622, 133.572784424, 134.072021484, 134.571243286, 135.070480347, 135.569702148, 136.068939209, 136.568161011, 137.067382812, 137.566619873, 138.065841675, 138.576690674, 139.075912476, 139.575149536, 140.085983276, 140.585220337, 141.096054077, 141.58366394, 142.082901001, 142.582122803, 143.081359863, 143.592193604, 144.103042603, 144.590652466, 145.078277588, 145.57749939, 146.088348389, 146.58757019, 147.098403931, 147.586029053, 148.073654175, 148.572875977, 149.072113037, 149.582946777, 150.082168579, 150.58140564, 151.09223938, 151.603088379, 152.090698242, 152.589935303, 153.089157104, 153.588394165, 154.087615967, 154.586837769, 155.086074829, 155.585296631, 156.084533691, 156.583755493, 157.082992554, 157.582214355, 158.081451416, 158.580673218, 159.079910278, 159.57913208, 160.078369141, 160.577590942, 161.076828003, 161.564437866, 162.075286865, 162.574508667, 163.073745728, 163.584579468, 164.08380127, 164.594650269, 165.09387207, 165.593109131, 166.092330933, 166.591567993, 167.090789795, 167.578414917, 168.06602478, 168.576873779, 169.08770752, 169.575332642, 170.074554443, 170.573776245, 171.084625244, 171.583847046, 172.083084106, 172.582305908, 173.081542969, 173.580764771, 174.080001831, 174.579223633, 175.078460693, 175.577682495, 176.076919556, 176.587753296, 177.098587036, 177.586212158, 178.08543396, 178.584671021, 179.095504761, 179.594741821, 180.093963623, 180.593200684, 181.092422485, 181.580047607, 182.079269409, 182.57850647, 183.08934021, 183.588562012, 184.087799072, 184.587020874, 185.086257935, 185.585479736, 186.084716797, 186.583938599, 187.083175659, 187.582397461, 188.081634521, 188.580856323, 189.080093384, 189.579315186, 190.078552246, 190.577774048, 191.07699585, 191.587844849, 192.08706665, 192.586303711, 193.097137451, 193.584762573, 194.083984375, 194.583221436, 195.094055176, 195.581680298, 196.0809021, 196.58013916, 197.079360962, 197.578598022, 198.089431763, 198.588653564, 199.087890625, 199.587112427, 200.097961426, 200.608795166, 201.108016968, 201.59564209, 202.083267212, 202.594100952, 203.093322754, 203.592559814, 204.080184937, 204.579406738, 205.07862854, 205.566253662, 206.077087402, 206.587936401, 207.087158203, 207.586395264, 208.085617065, 208.584854126, 209.072463989, 209.583312988, 210.08253479, 210.581771851, 211.069381714, 211.568618774, 212.067840576, 212.567077637, 213.066299438, 213.565536499, 214.064758301, 214.563980103, 215.063217163, 215.562438965, 216.050064087, 216.549285889, 217.060134888, 217.559356689, 218.05859375, 218.56942749, 219.08026123, 219.591110229, 220.078720093, 220.589569092, 221.077178955, 221.576416016, 222.075637817, 222.574874878, 223.07409668, 223.57333374, 224.08416748, 224.583404541, 225.082626343, 225.593460083, 226.092697144, 226.591918945, 227.091156006, 227.578765869, 228.07800293, 228.577224731, 229.08807373, 229.587295532, 230.086532593, 230.585754395, 231.073379517, 231.56098938, 232.06022644, 232.559448242, 233.058685303, 233.569519043, 234.080352783, 234.579589844, 235.078811646, 235.578048706, 236.077270508, 236.588119507, 237.098953247, 237.586578369, 238.074188232, 238.561813354, 239.037811279, 239.53704834, 240.04788208, 240.570343018, 241.092788696, 241.592010498, 242.091247559, 242.578857422, 243.089706421, 243.577316284, 244.076553345, 244.575775146, 245.075012207, 245.574234009, 246.073471069, 246.572692871, 247.083526611, 247.59437561, 248.093597412, 248.592834473, 249.080444336, 249.579681396, 250.078903198, 250.56652832, 251.065750122, 251.576599121, 252.075820923, 252.575057983, 253.085891724, 253.596725464, 254.107574463, 254.537139893, 254.966705322, 255.396270752, 255.814239502, 256.232208252, 256.650146484, 257.079711914, 257.509277344, 257.938873291, 258.368438721, 258.72833252, 259.088256836, 259.448150635, 259.808074951, 260.16796875, 260.527893066, 260.887786865, 261.247711182, 261.60760498], "beats_loudness": {"dmean2": 0.114971742034, "median": 0.0317112728953, "min": 2.97305735586e-10, "dvar2": 0.00804160628468, "dvar": 0.00228291377425, "dmean": 0.0589359737933, "max": 0.211430758238, "var": 0.00266683264636, "mean": 0.0539507046342}, "danceability": 1.20980381966, "bpm_histogram_second_peak_weight": {"dmean2": 0, "median": 0.0171102657914, "min": 0.0171102657914, "dvar2": 0, "dvar": 0, "dmean": 0, "max": 0.0171102657914, "var": 0, "mean": 0.0171102657914}, "beats_count": 527, "bpm_histogram_second_peak_bpm": {"dmean2": 0, "median": 167, "min": 167, "dvar2": 0, "dvar": 0, "dmean": 0, "max": 167, "var": 0, "mean": 167}, "bpm_histogram_first_peak_spread": {"dmean2": 0, "median": 0.287698447704, "min": 0.287698447704, "dvar2": 0, "dvar": 0, "dmean": 0, "max": 0.287698447704, "var": 0, "mean": 0.287698447704}, "beats_loudness_band_ratio": {"dmean2": [0.707996547222, 0.28102016449, 0.334508925676, 0.171716213226, 0.0825520306826, 0.18785610795], "median": [0.482709079981, 0.0676999613643, 0.0834379270673, 0.044143345207, 0.0335689112544, 0.0618347860873], "min": [0.000275281665381, 0.00106993992813, 2.63841466221e-05, 0.000113100417366, 4.55883346149e-05, 2.11591259358e-06], "dvar2": [0.286283075809, 0.0584189295769, 0.0602786764503, 0.0204660631716, 0.00671886652708, 0.0519288480282], "dvar": [0.0812205001712, 0.0192375276238, 0.0194394495338, 0.00692208949476, 0.00227618287317, 0.0169377941638], "dmean": [0.365278273821, 0.148677930236, 0.175347074866, 0.0885152965784, 0.0452049300075, 0.110070437193], "max": [0.997322559357, 0.905043661594, 0.957366347313, 0.58097422123, 0.593163371086, 0.817125022411], "var": [0.120757818222, 0.0276527721435, 0.0317393839359, 0.0090907253325, 0.00655772769824, 0.0182998459786], "mean": [0.47613465786, 0.141423761845, 0.153821632266, 0.077788092196, 0.0588209144771, 0.11541172117]}}, "lowlevel": {"barkbands_spread": {"dmean2": 12.2063121796, "median": 30.0138759613, "min": 0.0860824882984, "dvar2": 195.410202026, "dvar": 80.692741394, "dmean": 7.76122379303, "max": 105.467514038, "var": 346.358978271, "mean": 32.4533615112}, "melbands_spread": {"dmean2": 14.7671833038, "median": 25.8818054199, "min": 0.312677949667, "dvar2": 395.288085938, "dvar": 157.373840332, "dmean": 9.25280761719, "max": 185.945831299, "var": 661.042663574, "mean": 32.1909980774}, "hfc": {"dmean2": 12.8068723679, "median": 12.5143508911, "min": 1.11267889078e-16, "dvar2": 664.376403809, "dvar": 305.196807861, "dmean": 8.73165512085, "max": 298.505432129, "var": 825.741516113, "mean": 23.0403022766}, "barkbands_kurtosis": {"dmean2": 6.7094707489, "median": 0.8401876688, "min": -1.88610339165, "dvar2": 609.797912598, "dvar": 258.327484131, "dmean": 4.31005859375, "max": 441.467285156, "var": 321.307647705, "mean": 4.64594888687}, "gfcc": {"mean": [-17.7823963165, 60.914478302, -108.18270874, 31.4762897491, -64.2253189087, 13.8627510071, -36.5773696899, 6.2613363266, -27.3539218903, 4.85894441605, -21.6937084198, 1.84133017063, -15.608420372], "icov": [[0.000114203976409, -0.000214744970435, 8.15352395875e-05, -0.00021558838489, 0.000294986879453, -0.000185744662303, 0.000302287691738, -0.000628732144833, 0.000699729716871, -0.000203147690627, 3.02258613374e-05, -9.83452555374e-05, 0.000197124565602], [-0.000214744970435, 0.00197922601365, -0.000642135797534, 0.000941770267673, -0.00086789065972, 0.00104403891601, -0.00191809760872, 0.00267880782485, -0.00305339694023, 0.00204331474379, -0.00216633803211, 0.00144595466554, -0.000685265578795], [8.15352395875e-05, -0.000642135797534, 0.00172802689485, -0.000178684815182, -0.000276938313618, -0.000772156170569, 0.000600031577051, -0.0018231497379, 0.00249549909495, -0.00109716644511, 0.000813517253846, -0.000850843614899, 0.000635067524854], [-0.00021558838489, 0.000941770267673, -0.000178684815182, 0.00193217606284, -0.000733226246666, -0.00152641790919, -0.000355427502654, 0.00120075861923, -0.00159817305394, 0.00129077408928, -0.00124219700228, 0.00190134521108, -0.00138620403595], [0.000294986879453, -0.00086789065972, -0.000276938313618, -0.000733226246666, 0.00649429485202, -0.00201634946279, -0.0012722495012, -0.000332016788889, -0.000386002822779, -0.000454580702353, 0.000771894177888, -6.40759753878e-05, 0.000283753906842], [-0.000185744662303, 0.00104403891601, -0.000772156170569, -0.00152641790919, -0.00201634946279, 0.0118360947818, -0.0054704551585, -0.000984651385807, 0.00120813213289, -0.00267484807409, 0.00270392908715, -0.00236539542675, 0.00181548134424], [0.000302287691738, -0.00191809760872, 0.000600031577051, -0.000355427502654, -0.0012722495012, -0.0054704551585, 0.0155856441706, -0.00741881830618, 0.00014878960792, 0.00251327897422, -0.00252192746848, 0.0017575918464, -0.00133782555349], [-0.000628732144833, 0.00267880782485, -0.0018231497379, 0.00120075861923, -0.000332016788889, -0.000984651385807, -0.00741881830618, 0.0191234070808, -0.0104713616893, -0.000834477774333, 0.000716349866707, -0.0030399216339, 0.00217679818161], [0.000699729716871, -0.00305339694023, 0.00249549909495, -0.00159817305394, -0.000386002822779, 0.00120813213289, 0.00014878960792, -0.0104713616893, 0.0263175405562, -0.0126335145906, -0.000551610719413, 0.00599047960714, -0.00575691461563], [-0.000203147690627, 0.00204331474379, -0.00109716644511, 0.00129077408928, -0.000454580702353, -0.00267484807409, 0.00251327897422, -0.000834477774333, -0.0126335145906, 0.0232883077115, -0.00667060073465, -0.00811121147126, 0.00708947284147], [3.02258613374e-05, -0.00216633803211, 0.000813517253846, -0.00124219700228, 0.000771894177888, 0.00270392908715, -0.00252192746848, 0.000716349866707, -0.000551610719413, -0.00667060073465, 0.0171683821827, -0.00607059616596, -0.00241831596941], [-9.83452555374e-05, 0.00144595466554, -0.000850843614899, 0.00190134521108, -6.40759753878e-05, -0.00236539542675, 0.0017575918464, -0.0030399216339, 0.00599047960714, -0.00811121147126, -0.00607059616596, 0.0258555803448, -0.0135244587436], [0.000197124565602, -0.000685265578795, 0.000635067524854, -0.00138620403595, 0.000283753906842, 0.00181548134424, -0.00133782555349, 0.00217679818161, -0.00575691461563, 0.00708947284147, -0.00241831596941, -0.0135244587436, 0.0229856297374]], "cov": [[20334.5527344, -2017.53967285, 961.218811035, 2315.8371582, -501.565979004, 1058.38427734, -84.1503067017, 723.015625, -509.725921631, 236.657302856, -287.617828369, 143.676010132, -418.584777832], [-2017.53967285, 2372.62402344, -353.893371582, -844.802612305, 99.547454834, -512.388061523, 106.986465454, -316.347808838, 192.874008179, -190.208496094, 279.15725708, -122.078636169, 186.807174683], [961.218811035, -353.893371582, 1013.46942139, 205.592895508, 94.1204986572, 268.406768799, 50.2476081848, 183.945846558, -79.9341888428, 93.2246932983, -81.7791290283, 66.3947677612, -89.5649337769], [2315.8371582, -844.802612305, 205.592895508, 1332.671875, 107.75138092, 409.508453369, 87.7746276855, 180.756958008, -30.9999313354, 51.5576248169, -76.8444442749, -2.67203330994, -49.3638534546], [-501.565979004, 99.547454834, 94.1204986572, 107.75138092, 256.777008057, 88.3678817749, 93.2909011841, 44.3401184082, 51.8675117493, 20.270029068, 12.9693984985, -2.75591254234, 8.72982788086], [1058.38427734, -512.388061523, 268.406768799, 409.508453369, 88.3678817749, 340.299041748, 89.7149810791, 170.808502197, -16.6986751556, 87.9806442261, -60.1288299561, 43.824344635, -57.8536605835], [-84.1503067017, 106.986465454, 50.2476081848, 87.7746276855, 93.2909011841, 89.7149810791, 157.724304199, 79.2836074829, 57.2436065674, 23.8334274292, 34.792388916, 6.55896139145, 15.7562065125], [723.015625, -316.347808838, 183.945846558, 180.756958008, 44.3401184082, 170.808502197, 79.2836074829, 205.184738159, 40.3917198181, 98.2414550781, -9.07047939301, 51.6034584045, -29.4441719055], [-509.725921631, 192.874008179, -79.9341888428, -30.9999313354, 51.8675117493, -16.6986751556, 57.2436065674, 40.3917198181, 129.570236206, 51.3272399902, 66.519744873, 8.6760931015, 39.369972229], [236.657302856, -190.208496094, 93.2246932983, 51.5576248169, 20.270029068, 87.9806442261, 23.8334274292, 98.2414550781, 51.3272399902, 137.855239868, 35.2028007507, 62.4491882324, -11.4978885651], [-287.617828369, 279.15725708, -81.7791290283, -76.8444442749, 12.9693984985, -60.1288299561, 34.792388916, -9.07047939301, 66.519744873, 35.2028007507, 144.134490967, 37.7104873657, 59.0427970886], [143.676010132, -122.078636169, 66.3947677612, -2.67203330994, -2.75591254234, 43.824344635, 6.55896139145, 51.6034584045, 8.6760931015, 62.4491882324, 37.7104873657, 100.95728302, 31.4814434052], [-418.584777832, 186.807174683, -89.5649337769, -49.3638534546, 8.72982788086, -57.8536605835, 15.7562065125, -29.4441719055, 39.369972229, -11.4978885651, 59.0427970886, 31.4814434052, 98.471206665]]}, "spectral_energyband_middle_low": {"dmean2": 0.00819779839367, "median": 0.00546913035214, "min": 1.7245180964e-22, "dvar2": 0.000318381062243, "dvar": 0.000142326316563, "dmean": 0.0052920752205, "max": 0.175288841128, "var": 0.000199313159101, "mean": 0.00947569590062}, "melbands_crest": {"dmean2": 5.93123292923, "median": 14.1207990646, "min": 2.07195258141, "dvar2": 30.3104419708, "dvar": 12.8756685257, "dmean": 3.80735397339, "max": 36.4450683594, "var": 43.1815719604, "mean": 15.2516736984}, "spectral_kurtosis": {"dmean2": 4.53128480911, "median": 2.11464595795, "min": -1.26084685326, "dvar2": 500.836029053, "dvar": 169.664611816, "dmean": 2.65622138977, "max": 416.808105469, "var": 1029.85681152, "mean": 8.77110671997}, "spectral_rms": {"dmean2": 0.00124159653205, "median": 0.00371085759252, "min": 3.1962050194e-12, "dvar2": 3.31790351993e-06, "dvar": 1.84322584573e-06, "dmean": 0.000880316947587, "max": 0.0159129556268, "var": 6.05021841693e-06, "mean": 0.00408628536388}, "zerocrossingrate": {"dmean2": 0.0159892644733, "median": 0.07958984375, "min": 0.001953125, "dvar2": 0.000283075787593, "dvar": 0.000222301168833, "dmean": 0.0136193847284, "max": 0.517578125, "var": 0.00316758360714, "mean": 0.0918137356639}, "silence_rate_60dB": {"dmean2": 0.0697839185596, "median": 0, "min": 0, "dvar2": 0.0736039057374, "dvar": 0.0336747802794, "dmean": 0.0348888710141, "max": 1, "var": 0.103832125664, "mean": 0.117673099041}, "erbbands_kurtosis": {"dmean2": 1.05576562881, "median": -0.509429574013, "min": -1.84394752979, "dvar2": 2.92714977264, "dvar": 1.36337208748, "dmean": 0.674897372723, "max": 42.8159217834, "var": 4.77572536469, "mean": -0.0449064448476}, "erbbands": {"dmean2": [0.238942325115, 1.74891841412, 4.37404060364, 13.7404956818, 11.1568489075, 6.82736444473, 7.29716396332, 8.05224609375, 9.35338306427, 11.571685791, 13.1484527588, 12.4475345612, 12.9841356277, 19.0242824554, 14.1066493988, 12.39818573, 12.0819921494, 10.1038942337, 10.997833252, 11.7062063217, 13.4775085449, 12.0045814514, 13.3426074982, 12.9601974487, 17.9593582153, 16.4366283417, 14.6463050842, 15.5941581726, 11.557516098, 7.91160583496, 7.60450029373, 6.01871013641, 3.0699005127, 1.71099686623, 1.07394707203, 0.641597867012, 0.314972192049, 0.0545341782272, 0.00152234628331, 5.25859613845e-05], "median": [0.0155227491632, 0.225632339716, 0.776300549507, 1.7755446434, 2.3617477417, 2.19769477844, 3.67341113091, 4.02485561371, 4.89073324203, 5.39060306549, 7.02164936066, 6.91793107986, 5.34700107574, 7.76784181595, 6.42353820801, 7.37820243835, 7.39782524109, 6.41633415222, 6.2232427597, 5.99889373779, 6.93537712097, 6.29405021667, 6.3057513237, 6.0996837616, 6.90148496628, 5.97690200806, 6.02756261826, 7.112241745, 5.80578708649, 3.58133459091, 2.7959728241, 1.81885409355, 0.993198752403, 0.606602311134, 0.266597896814, 0.134445413947, 0.0449525117874, 0.00858101435006, 0.000248209224083, 3.02838416246e-05], "min": [1.42819126948e-22, 1.08600837467e-21, 2.08627289533e-21, 2.11867026412e-21, 5.17174741654e-20, 1.75677768792e-19, 2.60438177754e-19, 2.52428717129e-19, 4.69585729157e-19, 2.48112100952e-19, 4.32601010554e-19, 5.31010972373e-19, 1.58880581739e-18, 1.77962656194e-18, 2.04357865463e-18, 1.62747020378e-18, 2.26698297409e-18, 3.04934321874e-18, 5.80184481645e-18, 6.52626023201e-18, 7.13589441141e-18, 5.52266432868e-18, 7.22790832839e-18, 1.18466292701e-17, 1.169936796e-17, 1.00366249137e-17, 1.44916071075e-17, 1.22533920276e-17, 1.66957588898e-17, 1.64852480414e-17, 1.62515215419e-17, 1.34246152549e-17, 1.29521586403e-17, 1.36279949793e-17, 9.27697201767e-18, 4.90310770423e-18, 2.87851573979e-18, 1.28619337082e-18, 2.5947665784e-19, 3.09086763379e-20], "dvar2": [0.966549515724, 52.6832618713, 231.460266113, 1565.97180176, 706.760375977, 228.812652588, 225.965042114, 325.819000244, 490.576690674, 734.528625488, 709.262512207, 575.61505127, 645.302185059, 2443.51855469, 985.539855957, 381.83883667, 347.7996521, 262.517669678, 411.033294678, 616.260864258, 748.929504395, 655.744934082, 830.508666992, 1151.53881836, 1943.21447754, 1844.63757324, 1239.33496094, 1218.51269531, 809.845214844, 458.917419434, 427.353271484, 245.342102051, 52.6813240051, 12.396115303, 6.37648534775, 3.33160996437, 0.820992946625, 0.0267481971532, 2.47359221248e-05, 1.45771785753e-08], "dvar": [0.461915284395, 20.1750278473, 82.2766571045, 694.694763184, 279.107879639, 83.4314575195, 92.6945800781, 128.349853516, 217.990325928, 326.396728516, 320.061035156, 237.482330322, 264.363708496, 885.903686523, 371.654296875, 148.305038452, 130.744659424, 101.631332397, 152.260681152, 227.048080444, 295.875305176, 242.83430481, 312.066589355, 423.412078857, 764.00958252, 704.060119629, 501.436950684, 517.307861328, 316.376342773, 184.600326538, 181.857406616, 111.567123413, 22.3971118927, 5.31040716171, 2.63019800186, 1.29572105408, 0.318502664566, 0.0101933293045, 9.10328890313e-06, 5.8213895926e-09], "dmean": [0.15768301487, 1.04473686218, 2.51598000526, 8.61348724365, 6.72550058365, 4.01501989365, 4.67084789276, 5.06137466431, 6.34807491302, 7.69725656509, 8.75579547882, 8.03249835968, 8.16940975189, 11.4744348526, 8.48643493652, 7.64991521835, 7.40924835205, 6.17473220825, 6.64516115189, 7.10540246964, 8.25810241699, 7.16111564636, 8.03035163879, 7.79370164871, 10.9410667419, 9.97343063354, 9.0745382309, 9.86132621765, 7.16937828064, 4.98849201202, 4.85354757309, 3.96923971176, 2.00394177437, 1.10825359821, 0.687520742416, 0.394458711147, 0.192445918918, 0.0332148112357, 0.000911266251933, 3.39173275279e-05], "max": [9.39074993134, 50.433506012, 118.780174255, 390.013977051, 231.688949585, 165.910232544, 210.067214966, 289.964202881, 358.842712402, 374.367919922, 478.464630127, 400.931884766, 351.120239258, 766.036621094, 374.847900391, 203.866897583, 203.289138794, 256.707427979, 322.285491943, 363.468353271, 338.397521973, 406.852844238, 433.670166016, 590.204711914, 667.239990234, 534.585449219, 526.54473877, 444.626800537, 403.739837646, 394.268493652, 275.019470215, 202.570068359, 97.2188644409, 41.8663597107, 36.9551696777, 32.6749610901, 10.1489171982, 1.87577223778, 0.0673528015614, 0.0014626235934], "var": [0.57018995285, 16.9209690094, 61.2675590515, 811.947143555, 330.009979248, 138.45475769, 198.492782593, 273.963500977, 405.681243896, 592.465087891, 707.89074707, 516.442382812, 458.585449219, 870.461120605, 413.616516113, 314.582885742, 272.854644775, 205.942626953, 276.150054932, 389.315979004, 447.746490479, 386.241577148, 594.672058105, 609.418701172, 1668.76501465, 1214.73742676, 1058.12365723, 1221.26330566, 625.212463379, 372.660095215, 350.334869385, 244.397460938, 45.6206817627, 11.7694072723, 4.94219636917, 1.55123531818, 0.354579180479, 0.0103686191142, 8.00291036285e-06, 7.54831930294e-09], "mean": [0.201232165098, 1.15918934345, 2.78293967247, 10.0516815186, 8.5111989975, 6.07889699936, 8.62150669098, 9.17993450165, 11.0030088425, 12.9552440643, 15.6566667557, 14.5316572189, 12.5961866379, 16.0973091125, 12.5212926865, 13.5358352661, 13.2033185959, 10.9806680679, 11.4450998306, 11.9660434723, 13.1938915253, 11.9570331573, 13.6252574921, 13.6351938248, 19.595413208, 17.7768115997, 16.9996051788, 19.0738887787, 14.0774898529, 10.1022968292, 9.08242321014, 7.47253084183, 3.77949428558, 2.16999340057, 1.23608899117, 0.610140800476, 0.259381443262, 0.0425798967481, 0.00110780121759, 6.11448704149e-05]}, "spectral_strongpeak": {"dmean2": 0.547667980194, "median": 0.425340235233, "min": 0, "dvar2": 1.02241563797, "dvar": 0.383629530668, "dmean": 0.33066919446, "max": 14.0647745132, "var": 0.522985339165, "mean": 0.616618394852}, "spectral_energy": {"dmean2": 0.0162491053343, "median": 0.0141147263348, "min": 1.04711194312e-20, "dvar2": 0.00118689518422, "dvar": 0.000593376928009, "dmean": 0.0111688403413, "max": 0.259552717209, "var": 0.00101013260428, "mean": 0.0233167167753}, "average_loudness": 0.71346449852, "spectral_rolloff": {"dmean2": 1390.61828613, "median": 1571.92382812, "min": 43.06640625, "dvar2": 4205706.5, "dvar": 1685690.375, "dmean": 828.304443359, "max": 18970.7519531, "var": 5947147, "mean": 2496.96850586}, "spectral_centroid": {"dmean2": 496.370849609, "median": 1590.84277344, "min": 220.622207642, "dvar2": 312712.8125, "dvar": 125867.820312, "dmean": 310.180053711, "max": 11189.3886719, "var": 633335.3125, "mean": 1719.49731445}, "pitch_salience": {"dmean2": 0.123611696064, "median": 0.563874840736, "min": 0.0666193887591, "dvar2": 0.014862537384, "dvar": 0.00621549319476, "dmean": 0.0780974775553, "max": 0.856380164623, "var": 0.0144968442619, "mean": 0.544050276279}, "spectral_energyband_middle_high": {"dmean2": 0.00185303576291, "median": 0.00205990625545, "min": 1.30938338979e-21, "dvar2": 9.92318200588e-06, "dvar": 3.89484193875e-06, "dmean": 0.00117873423733, "max": 0.0332713425159, "var": 9.81803896138e-06, "mean": 0.0030243541114}, "spectral_contrast_coeffs": {"dmean2": [0.0860048532486, 0.0743409991264, 0.0627462342381, 0.0507750734687, 0.0359944328666, 0.0298432912678], "median": [-0.638852715492, -0.743394970894, -0.781031847, -0.778668761253, -0.797270298004, -0.75571680069], "min": [-0.97056055069, -0.962872743607, -0.974912881851, -0.959574341774, -0.959991514683, -0.963494181633], "dvar2": [0.00496567459777, 0.00411480292678, 0.00268871965818, 0.00155903154518, 0.000851723656524, 0.00071337952977], "dvar": [0.00209891656414, 0.00163635239005, 0.00103813188616, 0.000602139625698, 0.000334635173203, 0.000273628917057], "dmean": [0.0526558570564, 0.0458467677236, 0.0384471043944, 0.0307149067521, 0.021967349574, 0.0181883648038], "max": [-0.267382264137, -0.297970890999, -0.435635060072, -0.498428344727, -0.590999007225, -0.574260473251], "var": [0.0119190458208, 0.00839529931545, 0.00444981269538, 0.00319255446084, 0.00224439636804, 0.00266267242841], "mean": [-0.629663050175, -0.731575012207, -0.774564087391, -0.773440182209, -0.791330814362, -0.753050208092]}, "melbands_skewness": {"dmean2": 1.34377646446, "median": 2.43710041046, "min": -1.90157353878, "dvar2": 3.17116475105, "dvar": 1.62116158009, "dmean": 0.894682943821, "max": 23.5359458923, "var": 5.45669126511, "mean": 2.99164819717}, "spectral_spread": {"dmean2": 815520.625, "median": 5678587, "min": 260173.578125, "dvar2": 1126204702720.0, "dvar": 590169571328, "dmean": 527599.5, "max": 42215860, "var": 3710584356860.0, "mean": 5676065}, "dissonance": {"dmean2": 0.0254904292524, "median": 0.478081673384, "min": 0.0291174575686, "dvar2": 0.0011220574379, "dvar": 0.000404085789341, "dmean": 0.0150940353051, "max": 0.500000059605, "var": 0.00362474028952, "mean": 0.461898207664}, "spectral_skewness": {"dmean2": 0.350025951862, "median": 1.19575667381, "min": -0.0422135554254, "dvar2": 0.592578351498, "dvar": 0.208810448647, "dmean": 0.210644602776, "max": 17.6901340485, "var": 3.28912234306, "mean": 1.54507493973}, "spectral_flux": {"dmean2": 0.0407270677388, "median": 0.0586818829179, "min": 6.85210291285e-11, "dvar2": 0.00418182369322, "dvar": 0.00197891634889, "dmean": 0.0263325516135, "max": 0.462064832449, "var": 0.0042408015579, "mean": 0.074363604188}, "spectral_contrast_valleys": {"dmean2": [0.677245140076, 0.62140250206, 0.561254143715, 0.474572658539, 0.39156499505, 0.371946334839], "median": [-7.48575115204, -6.82654523849, -7.49592018127, -7.83135890961, -7.43272686005, -9.60608196259], "min": [-27.294757843, -27.5895175934, -27.1956233978, -27.3302078247, -27.2457847595, -27.3058338165], "dvar2": [0.402630567551, 0.341094881296, 0.2