{"tonal": {"thpcp": [1, 0.716183066368, 0.417949974537, 0.309894353151, 0.179308995605, 0.16109213233, 0.189711540937, 0.225008040667, 0.42949077487, 0.632771134377, 0.508018672466, 0.329677969217, 0.264617055655, 0.283445894718, 0.601432979107, 0.823382854462, 0.87042337656, 0.905298292637, 0.510324299335, 0.179606884718, 0.368984878063, 0.543532013893, 0.41160133481, 0.407822310925, 0.506687343121, 0.371006190777, 0.244072720408, 0.20349855721, 0.234106555581, 0.438686102629, 0.53957170248, 0.370434045792, 0.235821738839, 0.229656532407, 0.2982853055, 0.679411590099], "hpcp": {"dmean2": [0.158876866102, 0.175425127149, 0.161533325911, 0.136263951659, 0.141982391477, 0.17486231029, 0.228646621108, 0.248490691185, 0.215643212199, 0.173547446728, 0.120889425278, 0.0889499783516, 0.0846921801567, 0.0914476439357, 0.116239227355, 0.170142188668, 0.19662566483, 0.209398984909, 0.16664595902, 0.134789139032, 0.147900700569, 0.205498456955, 0.213795349002, 0.253965228796, 0.270859271288, 0.158463969827, 0.101640470326, 0.146595403552, 0.164847701788, 0.145283743739, 0.151312172413, 0.161942690611, 0.154883310199, 0.123632334173, 0.107268258929, 0.123909175396], "median": [0.0392707586288, 0.0486073046923, 0.031951803714, 0.0146597195417, 0.0123909357935, 0.0217570662498, 0.110082864761, 0.159948199987, 0.0934793204069, 0.0314300581813, 0.0140290465206, 0.0107407448813, 0.0122152287513, 0.0150083955377, 0.0181605480611, 0.0338847562671, 0.0435001030564, 0.0356581881642, 0.0279848240316, 0.0213711000979, 0.0240110456944, 0.0646092742682, 0.0922852680087, 0.132216900587, 0.0590628758073, 0.0282799713314, 0.0103973038495, 0.0411306247115, 0.0638757646084, 0.0517159178853, 0.0438052415848, 0.0447750166059, 0.0309905596077, 0.0215125791728, 0.0174613855779, 0.019958300516], "min": [0, 0, 0, 0, 0, 0, 0, 0, 0, 0, 0, 0, 0, 0, 0, 0, 0, 0, 0, 0, 0, 0, 0, 0, 0, 0, 0, 0, 0, 0, 0, 0, 0, 0, 0, 0], "dvar2": [0.0695014446974, 0.0754030123353, 0.0822494328022, 0.0745776072145, 0.077499948442, 0.0901069715619, 0.0960460156202, 0.106662102044, 0.0938062593341, 0.0943962112069, 0.0655721276999, 0.0424875207245, 0.0415956825018, 0.0440964959562, 0.058950971812, 0.0818351209164, 0.0890175029635, 0.114329248667, 0.0867081433535, 0.0713283270597, 0.0751550123096, 0.0892258957028, 0.0947947651148, 0.100121103227, 0.155800804496, 0.0662095099688, 0.0447299107909, 0.0597905516624, 0.0650443956256, 0.050904314965, 0.0576260685921, 0.0700307115912, 0.0703690722585, 0.0582355521619, 0.0515768118203, 0.0635971277952], "dvar": [0.0276272017509, 0.0314159542322, 0.0305684171617, 0.0282336045057, 0.0296612903476, 0.0332754440606, 0.0359995216131, 0.0436853989959, 0.0360557585955, 0.0346316955984, 0.0246551372111, 0.0157649051398, 0.0154005624354, 0.0163513757288, 0.0221438147128, 0.03164479509, 0.037726778537, 0.0439661554992, 0.0331159047782, 0.0261072348803, 0.0274142622948, 0.034820664674, 0.040306892246, 0.0394211448729, 0.06124920398, 0.0261313114315, 0.0167675688863, 0.0231494102627, 0.0277245584875, 0.020673783496, 0.0222625732422, 0.0289916601032, 0.027471832931, 0.0221057161689, 0.0194131862372, 0.0229527018964], "dmean": [0.094406530261, 0.106431409717, 0.0937111005187, 0.0770659968257, 0.0804045945406, 0.100167490542, 0.136480584741, 0.149774134159, 0.128723800182, 0.100332573056, 0.0702486485243, 0.0512954331934, 0.0484471730888, 0.0528172515333, 0.0663125813007, 0.100807622075, 0.118543863297, 0.120738439262, 0.0968858227134, 0.0777644738555, 0.0847344845533, 0.121084429324, 0.12707015872, 0.148555055261, 0.154632300138, 0.0917973741889, 0.0580924078822, 0.0871421024203, 0.101730011404, 0.0878993570805, 0.0905830711126, 0.0965244174004, 0.0902491658926, 0.0705662667751, 0.0617220439017, 0.0707095786929], "max": [1, 1, 1, 1, 1, 1, 1, 1, 1, 1, 1, 1, 1, 1, 1, 1, 1, 1, 1, 1, 1, 1, 1, 1, 1, 1, 1, 1, 1, 1, 1, 1, 1, 1, 1, 1], "var": [0.0502616278827, 0.0665307193995, 0.0404858142138, 0.0274921935052, 0.0272802803665, 0.0321205556393, 0.0635987222195, 0.118562780321, 0.079214386642, 0.0524059981108, 0.0452061183751, 0.0176257789135, 0.0150079075247, 0.0183016974479, 0.0233925208449, 0.0482751838863, 0.0914861261845, 0.0665006488562, 0.0352989844978, 0.0269463956356, 0.0292022433132, 0.0677125304937, 0.109704710543, 0.0858000144362, 0.141303688288, 0.0527615360916, 0.0170200224966, 0.0332358404994, 0.0613013915718, 0.0378931872547, 0.039564255625, 0.0659046173096, 0.0429282709956, 0.0243987441063, 0.019117411226, 0.0229793880135], "mean": [0.137274190784, 0.168843433261, 0.115916676819, 0.0737936273217, 0.0718644037843, 0.0933398008347, 0.212602302432, 0.312921226025, 0.224108889699, 0.130785420537, 0.0969725176692, 0.0561095885932, 0.0504091493785, 0.0593647658825, 0.0704097896814, 0.134396776557, 0.198007524014, 0.158969819546, 0.10316323489, 0.0828042924404, 0.0886962413788, 0.188201144338, 0.257653981447, 0.272373944521, 0.28328704834, 0.159691303968, 0.0562028065324, 0.115463204682, 0.170082703233, 0.128798797727, 0.127616256475, 0.158553227782, 0.116095714271, 0.0763755366206, 0.0636790171266, 0.0732569098473]}, "tuning_equal_tempered_deviation": 0.240634441376, "chords_changes_rate": 0.0788059681654, "key_key": "E", "tuning_diatonic_strength": 0.540558099747, "key_scale": "minor", "chords_number_rate": 0.00328358216211, "tuning_frequency": 434.193115234, "tuning_nontempered_energy_ratio": 0.911629378796, "chords_histogram": [30.2089557648, 5.64179086685, 13.3432836533, 0.776119410992, 0, 2.92537307739, 0.0298507455736, 11.5223884583, 0.0597014911473, 10.2089548111, 0, 0, 0.656716406345, 0, 0.119402982295, 0, 0, 0, 0.537313461304, 1.43283581734, 12.179104805, 2.59701490402, 2.98507452011, 4.77611923218], "key_strength": 0.649046421051, "chords_key": "E", "chords_strength": {"dmean2": 0.0106851551682, "median": 0.468969523907, "min": -1, "dvar2": 0.0012028090423, "dvar": 0.000643004430458, "dmean": 0.0109142363071, "max": 0.758817732334, "var": 0.0211735032499, "mean": 0.474765658379}, "chords_scale": "minor", "hpcp_entropy": {"dmean2": 1.00027060509, "median": 1.89454460144, "min": 0, "dvar2": 0.745850324631, "dvar": 0.28277027607, "dmean": 0.595422208309, "max": 4.30815219879, "var": 0.637499630451, "mean": 1.84872639179}}, "metadata": {"audio_properties": {"equal_loudness": 0, "codec": "mp3", "downmix": "mix", "sample_rate": 44100, "analysis_sample_rate": 44100, "bit_rate": 168190, "md5_encoded": "05ed717f44e3faeb5238c6431006957b", "length": 155.506942749, "replay_gain": -9.23929023743, "lossless": false}, "version": {"essentia_build_sha": "cead25079874084f62182a551b7393616cd33d87", "essentia": "2.1-beta2", "extractor": "music 1.0", "essentia_git_sha": "v2.1_beta2-1-ge3940c0"}, "tags": {"title": ["Woyaho"], "barcode": ["720642430422"], "media": ["(CD)"], "albumartist": ["Edie Brickell & New Bohemians"], "language": ["eng"], "musicbrainz_recordingid": ["1bb92646-bb3d-4f55-b16f-67dc9f78c4bc"], "album": ["Ghost of a Dog"], "musicbrainz_albumartistid": ["df87d5be-c4b5-48e4-97b2-6440b77ca4fb"], "discnumber": ["01/01"], "bpm": ["93"], "catalognumber": ["GEFD 24304"], "musicbrainz album release country": ["US"], "musicbrainz album type": ["Album"], "musicbrainz album status": ["Official"], "file_name": "09 Woyaho.mp3", "acoustid_fingerprint": ["AQADtJtEtVPwMlzxB2enFE-O5MmR4z4-Bz2N87hyPDz8B02bDD-P6TmaCE9EasNj3Ih_-IE-Jchv_EPZSFIGL7zQKzz-4AizzCSS8cF73Jom7MKNKbsQMjuS5zmaZ8J9NImHG3H8IFmeJI3RG_0DPzlKSceTFH1xRw52g3niDPuRPFeR5_C05XiWB08EXyPyCCqP6MmPkB0Nyc-DkH2M1S-aoB_KFgm7IAyTZdidBI9KcNdxuC5yLckO6dyRo8GOpK6TIkePfXhT4pF08BT-5NhHLQiXJ9BSHUE_GX4x82iWHX_wHf_Rc0eYzYWqvDh-9GgW4o5xDoXjXEiVPEIlncTDCN_gHzzzYL9w6Qh7qLqIUGkWJkdz1OKRh8TDHupffMkYhGRmmCiXHM9wIk55KNSNzDtmH7XyKHCTpcKlC3uO8AEn8sGXHPl4_Dsm7cHh45mPH_qN_viWb_h0_JiswM-H5IyH8An-oQ-avZGEJ-JBtiXSHDpzIz_xwFWO8xGH84HjsKAjEV9O5E8qaHkphM-MPcPz40lw4ebxHNfxIkx1vBAR3sEkmh2eHCdTgRePD2WJx6i0PBSaiTryF3KuI3vgxsQ54jceXjlc0sGT5cgTBUKWJL6Mihd-4jueo6fRhKdwhkUoLoOWv3hG8KjEHL0UQ84RysdW5ejRMz0cSRmO5olSfDoQe-Hxo2_xwe9RLcosyPoRe0mPeg8a5wueK6gpNEmz4JQe9GSCiVGyDMmRPTm-D-caHE-e4PXhPUGeHUkTiSm-gx2P5j38HL1UKcFpJNN7hJG0HbfBMheOKWqnoDpqB00zHbl6NFH6EBpv_LkRU8F95DsPn4ee5MLMhAaPiFFw8cfz5EgvPFDTC5c-4o2XQbz84Phx4seU54F2iRKyx5gs5mgsPMpSPE8Q3iKh5TnyhPgxUXlgRg9yLw4k7U9xIiIOl0FyRTnC8gr-TcHOZMPRNDnqD7kTQ1EuhMfRDY6WHr6Ep0mQS0dC7oHXRA0qSsKD43AfxKlWJHWEHaV4-BsaB3m-Qb-J-NKC7jKaH99xLUdWzQt-TBE_1Mpm_EeY58NcLzDPIaTSG5dC6BF5UKQQWRL6fnjm7AilF2c2oiHR40qQH89R6dkSoUlKZrh0PAlC6kVy7kelHT9-PMuVwVmOH71wSka7LLiO82g2jQzyC8lypbiI5xmqPBOa6Mct_CzmHVkT69CO74TaHqmKq0k5NJSiMBZOEsc9gaH0oPlBLyeS90IYJkE98KbxfAl8_MTxHM3z5Ij0aYZ85LiSHY99vHnQ00NTMdXwTDuOhFUW5DaO6xkxpWIzPLCng_Fx9niyNUTzH-WyBHEUH0nlB9-IxgmDUiKePbhywZ7yIF8SCH0wZbwsfMmFX0L8HX-CkseT40ef4RErRGegS1FMVFN0SBdyFrUYH9Xxwx-Dn7giHif6HNGh5gpOZzpObcT1QvyEP0PIaJmOZkty_MUDR_mMRrmDPjFyPaijJNBSa0fwPBreNUHz_OiDk0fM3IH241SKPM9RHveNJsdkHtlzPD2u3Jh4NL-gR8dERUd-9BSO9dh_xEqyHLwEfTmGHHky49GT4KYM9ejQxDy-DDORNQl2PQm-VIdPHFef4REn1HrQ6B3yDHITfESuy6iTKA9-5cTVHTvcHPWIH_3QJE-DS9UUNM0RXsYT6Af_Bdr3TGjiEJGX4zlxB_3RfPhynMfNI0yU-YO4U0H4hBJuNE0mVeg_40-O47kSoqmYDpozvfhzwcuOhzn-NPCJ68ebnGj6I9yN8TmeSMOXnPjAu0LPCLqQ8zAx8XiOJ8pDnMyxT8g-JAvRH1caNJ0Xo7K5Yj3-Dj3C9IKeJSpyK8YOPog25nj0oE8OLRXxIDa6VDBDWfhsnNKB7fiRtsePRPeJ_viOJxWaKh_KRR3ih_hFaBGDSWIW6mjjw0PNI3wmD34uopaMvsP94LNROcQeKajB5NNxGc-HV4pSNJqPXkR-qPfBcNmJ9NLxLBOO48cTJ8IPH0xOnIuCUypiiUf7wzt0RwjP4wK7ov0I_2hirPoRy_PRH7okE2XnDRpznA-2H_3A6wh_YRI5vAue40xO1BbR2CtOZZKEH02c6Yh06AeDMNLCHH_xofyKptvBZAvzBKGPH2oa3Dzq4zlRr1vwZBV6ormMuzXUQPnx4EHPHB7zIcRFPM3xlC-qKzf8hSZqJceOfI1xFdd_RMop3MuEJ3XwxPBx6eh13DnC7of-EX5QbTyRL8lwqiSaJ0OfGs-L_Xgqgg-PI3piBk2uHJMSQs8C6RT2Cw9jFaVUw__x6RPEo414vFpYPFKO_yOaL5mIPhEu6BF-PMyDpluKntDRLMuHPS9CH8yPzT1-5Klw4of2edBx_AiTB1V8lBkzIvWzQDtyHWgQ8kuML9-Ki4fao5R6mCf0I6fhotJ0YlWoI2dAPoF-hPlR68OXHHlM9CVIjU_wS0LMNMUjHu_x4yMe3riY48ryBbG4Q-fhPQ_Cp8ezX7hM9BfSPqge5CcXNBcY_XgS_Ii355jyXNB-5BKxRwvyW9C-E2FuHMzzBT8mN6mQG8mefIO36DjxFN70wU_RLhfx8EI-4zt65LtmWOuRQ06HM0hfoWJy4ftx0wgvBuJ1hFu040p04fxwffjRhPTQ40TuxcEPHfmOSmh-PBfxDeexF80RyjSYB_pJnImMvkO4mh7MB11KB70HH7x--Bdx-MJ3JHmOPkf4wH2G7tQx_GCPhx9ypTKqJ9ATIfhORIv4odUP_QrCB_sNQQUhiljGDETIACQMEYIIAggFQyICACOEIGQsRAZ4RhUiAAEBnFBKGAAJE1Y4gohRiABKnBEEAGCId1QhRgRAgIsrlAEMEAMEEoIYxRgRwAkAxCOMIMKMQkQCQhjBSACgFDDCMKMQEMIIZgwQSFhDABCQAwaYA0IoJJRACgEjmFGCAKuAJMgRYowwAgDhhHAGAeEEgkAJpgQBzBniiADIACIIAEgogBRBigIlhABEESGgAkJQIBiSQhAgACBCEAaEAAIxgACQBikFABMAWQCIIQoJMAUjQggCFDIAAMIEAUIwASCDABgAVDNESAQEIoYJgYADwgAgBFjBASIMM0YQEhCkghDAidJEKWKMEEQQIShSDAhDCBFEASCAEUwg6JwQSDggAEDWOCQMJWAQ5Ah2QjBDiFAOGWcYIhAQphAVCgkCkGJEEQCEYMQRYgQhQgAwRRCMAQKIMAAARAwiwAgBDDKAGCCQQ0g4A5AGAGCAkCCOCmEaAEwB54igCFkjlDKAAAIAMcAAQqgABAyADDIKIOQQEEZRIAAXxDCiEBuIMKecMA4ABghSRBqhhAAEAKAAKYZgQREBBhhKCBVYKIKUQEQoRIQBBABmgCBUEGAQIgAAIKhAhAAQGBQCMQgYIMAQSRiAwgJhCSJICEqAVAwDBYAQjCIJDBEAUAAIA0gQAABhTgHpBDCAMaKoIgRSAARTxEEikAIGAIEIEQwAQ4AATBBGCGDOCOAQQE4B4AwBDijEhADKICMAQwgAIgCAThgCAAACMlAYoAgYIJAUAADkEGCIAAacQFwhJAAxABEgFBAACAKABEihYpAxRAlJDFSEOEeMIRZRYgCgTEAgGHFCQEeEIIQwwIwBhFCGlABKGEWcAAAYABAwCAECiFKUGACAEkIAIAiigjAkgRGEAkQEYtApQYRn0CAjAAIKAEMYAxKQBhAEgSPDCHGAKWEUERCIYYAAjDCCEFBAEQCsMkgQJIwxBBEFAA"], "date": ["1990"], "genre": ["Alternative pop/rock"], "musicip_puid": ["39eebb89-723a-5244-16cb-457e54e71995"], "musicbrainz_artistid": ["df87d5be-c4b5-48e4-97b2-6440b77ca4fb"], "musicbrainz_albumid": ["30815e39-175e-403e-9af8-6c1df6626deb"], "originalalbum": ["Ghost of a Dog"], "tracknumber": ["09/14"], "artistsort": ["Brickell, Edie & New Bohemians"], "artist": ["Edie Brickell and New Bohemians"], "label": ["Geffen Records"], "albumartistsort": ["Brickell, Edie & New Bohemians"], "acoustid_id": ["51d7081a-237b-4a21-836a-a9030985a063"], "script": ["Latin"], "musicbrainz_releasegroupid": ["f6dbdc9e-684d-3e3b-b8c0-498863a61280"]}}, "rhythm": {"bpm_histogram_first_peak_bpm": {"dmean2": 0, "median": 94, "min": 94, "dvar2": 0, "dvar": 0, "dmean": 0, "max": 94, "var": 0, "mean": 94}, "bpm": 93.4978256226, "bpm_histogram_second_peak_spread": {"dmean2": 0, "median": 0.5, "min": 0.5, "dvar2": 0, "dvar": 0, "dmean": 0, "max": 0.5, "var": 0, "mean": 0.5}, "bpm_histogram_first_peak_weight": {"dmean2": 0, "median": 0.485829949379, "min": 0.485829949379, "dvar2": 0, "dvar": 0, "dmean": 0, "max": 0.485829949379, "var": 0, "mean": 0.485829949379}, "onset_rate": 3.29845738411, "beats_position": [0.592108845711, 1.19582760334, 1.8111563921, 2.41487526894, 3.04181408882, 3.66875267029, 4.29569149017, 4.92263031006, 5.5727891922, 6.2229475975, 6.88471651077, 7.52326536179, 8.15020370483, 8.77714252472, 9.42730140686, 10.0658502579, 10.7043991089, 11.3429479599, 11.9814968109, 12.6316547394, 13.2818136215, 13.9203624725, 14.5589113235, 15.2090702057, 15.8592290878, 16.4977779388, 17.1363258362, 17.7748756409, 18.4250335693, 19.0635814667, 19.6905212402, 20.3406791687, 20.9908390045, 21.640996933, 22.2795467377, 22.918094635, 23.5566444397, 24.195192337, 24.8337402344, 25.4722900391, 26.0992279053, 26.7493877411, 27.3879356384, 28.0264854431, 28.6766433716, 29.3268013, 29.9653511047, 30.6038990021, 31.2540588379, 31.9042167664, 32.542766571, 33.1813163757, 33.8198623657, 34.4584121704, 35.0853500366, 35.7355079651, 36.3740577698, 37.0242156982, 37.6627655029, 38.3129234314, 38.9514732361, 39.5900230408, 40.2285690308, 40.8671188354, 41.5172767639, 42.1674385071, 42.8059844971, 43.4445343018, 44.0946922302, 44.7448501587, 45.3717918396, 45.9987297058, 46.6372795105, 47.2758255005, 47.9259872437, 48.5761451721, 49.2263031006, 49.8648529053, 50.5033988953, 51.1419487, 51.7921066284, 52.4422683716, 53.0808143616, 53.7193641663, 54.3579139709, 54.9964599609, 55.6350097656, 56.2735595703, 56.912109375, 57.5622673035, 58.2124252319, 58.8625831604, 59.5011329651, 60.1512908936, 60.7898406982, 61.4283905029, 62.0669364929, 62.7170982361, 63.3672561646, 64.0058059692, 64.6443557739, 65.2712936401, 65.9098434448, 66.5483856201, 67.1985473633, 67.837097168, 68.4872512817, 69.1258010864, 69.7643508911, 70.4029006958, 71.0414505005, 71.6916122437, 72.3417663574, 72.9803161621, 73.6304779053, 74.2690200806, 74.9191818237, 75.5577316284, 76.1962814331, 76.8348312378, 77.4733810425, 78.1119232178, 78.7504730225, 79.3890228271, 80.0275726318, 80.6661224365, 81.3046722412, 81.9432220459, 82.5933761597, 83.2435379028, 83.870475769, 84.5090255737, 85.1475753784, 85.7977294922, 86.4362792969, 87.0748291016, 87.7249908447, 88.36353302, 89.0020828247, 89.6522445679, 90.2791824341, 90.9293441772, 91.5678863525, 92.2180480957, 92.8565979004, 93.5067520142, 94.1453018188, 94.7838516235, 95.4224014282, 96.0609512329, 96.7111129761, 97.3612670898, 97.9998168945, 98.6383666992, 99.2653045654, 99.9154663086, 100.565620422, 101.204170227, 101.842720032, 102.492874146, 103.143035889, 103.781585693, 104.420135498, 105.058685303, 105.697235107, 106.347389221, 106.985939026, 107.624488831, 108.274642944, 108.913192749, 109.551742554, 110.201904297, 110.840454102, 111.479003906, 112.12915802, 112.779319763, 113.406257629, 114.033195496, 114.683357239, 115.321899414, 115.960449219, 116.610610962, 117.249160767, 117.887710571, 118.526252747, 119.164802551, 119.814964294, 120.465126038, 121.103668213, 121.742218018, 122.392379761, 123.042533875, 123.681083679, 124.319633484, 124.969795227, 125.608345032, 126.246894836, 126.885437012, 127.523986816, 128.17414856, 128.812698364, 129.451248169, 130.089797974, 130.728347778, 131.378494263, 132.005432129, 132.643981934, 133.294143677, 133.932693481, 134.582855225, 135.233016968, 135.871566772, 136.510116577, 137.137054443, 137.775604248, 138.425750732, 139.087524414, 139.760910034, 140.434280396, 141.107666016, 141.734603882, 142.361541748, 142.872375488, 143.383224487, 143.905670166, 144.416503906, 144.938949585, 145.461410522, 145.914199829, 146.366973877, 146.819763184, 147.284164429, 147.748565674, 148.212966919, 148.688980103, 149.164993286, 149.652603149, 150.093780518, 150.546569824, 150.999359131, 151.440536499, 151.904937744, 152.369338989, 152.833740234, 153.298141479, 153.762542725, 154.238540649, 154.761001587], "beats_loudness": {"dmean2": 0.0230772532523, "median": 0.0333999656141, "min": 0, "dvar2": 0.000375095580239, "dvar": 0.000133576671942, "dmean": 0.0128158992156, "max": 0.103556066751, "var": 0.000518725602888, "mean": 0.0332174822688}, "danceability": 0.979432702065, "bpm_histogram_second_peak_weight": {"dmean2": 0, "median": 0.032388664782, "min": 0.032388664782, "dvar2": 0, "dvar": 0, "dmean": 0, "max": 0.032388664782, "var": 0, "mean": 0.032388664782}, "beats_count": 248, "bpm_histogram_second_peak_bpm": {"dmean2": 0, "median": 129, "min": 129, "dvar2": 0, "dvar": 0, "dmean": 0, "max": 129, "var": 0, "mean": 129}, "bpm_histogram_first_peak_spread": {"dmean2": 0, "median": 0.444444417953, "min": 0.444444417953, "dvar2": 0, "dvar": 0, "dmean": 0, "max": 0.444444417953, "var": 0, "mean": 0.444444417953}, "beats_loudness_band_ratio": {"dmean2": [0.532100915909, 0.150543734431, 0.27469176054, 0.220864459872, 0.127687975764, 0.178799763322], "median": [0.371938735247, 0.102615073323, 0.115807145834, 0.0821222960949, 0.0794891417027, 0.0453974679112], "min": [0, 0, 0, 0, 0, 0], "dvar2": [0.191873967648, 0.0241072364151, 0.0635797455907, 0.0578558221459, 0.0199433639646, 0.0217282902449], "dvar": [0.0565145239234, 0.00797847658396, 0.019762236625, 0.0223641730845, 0.00631450815126, 0.00586617458612], "dmean": [0.280374407768, 0.0840095132589, 0.152522966266, 0.129241332412, 0.0708425790071, 0.0921519100666], "max": [0.995309472084, 0.738822877407, 0.832790493965, 0.78615295887, 0.732066810131, 0.423128277063], "var": [0.0801271945238, 0.00972056761384, 0.0268162749708, 0.0248376913369, 0.00862163305283, 0.00736676715314], "mean": [0.421766668558, 0.119544699788, 0.163280501962, 0.144289627671, 0.0987733229995, 0.0821099132299]}}, "lowlevel": {"barkbands_spread": {"dmean2": 8.21677017212, "median": 23.8089351654, "min": 0.474422633648, "dvar2": 107.837257385, "dvar": 46.833190918, "dmean": 5.31644105911, "max": 113.62286377, "var": 242.380493164, "mean": 25.6979312897}, "melbands_spread": {"dmean2": 11.1811704636, "median": 27.0791244507, "min": 0.232183516026, "dvar2": 221.343612671, "dvar": 98.7334594727, "dmean": 7.14355516434, "max": 235.990310669, "var": 568.132507324, "mean": 31.5696926117}, "hfc": {"dmean2": 9.6002073288, "median": 14.5736980438, "min": 1.08699526363e-16, "dvar2": 524.590881348, "dvar": 227.542953491, "dmean": 6.71812009811, "max": 284.315124512, "var": 533.378723145, "mean": 20.4881629944}, "barkbands_kurtosis": {"dmean2": 4.42676067352, "median": 0.545656681061, "min": -1.93951129913, "dvar2": 190.081344604, "dvar": 69.0310516357, "dmean": 2.70956110954, "max": 421.98727417, "var": 607.061706543, "mean": 5.56010007858}, "gfcc": {"mean": [-53.3962020874, 85.9445419312, -116.623908997, 32.6415634155, -45.995098114, 19.5417613983, -35.7919158936, 9.77309322357, -21.8739032745, 5.09934091568, -16.2454662323, 2.39775037766, -6.43107128143], "icov": [[0.000102401405456, -0.000156618014444, 0.000239121582126, -0.000178202753887, 0.000283163244603, -0.00025025033392, 0.000253922800766, -0.00039347980055, 0.000293385353871, -0.000382171303499, 0.000461816060124, -0.000435569963884, 0.000277946906863], [-0.000156618014444, 0.00118524208665, -0.000212039100006, 0.000436461821664, -0.000790648104157, 0.000574013043661, -0.000429442588938, 0.0012084270129, -0.000752715510316, 0.00082475959789, -0.00149773282465, 0.00220876536332, -0.00156624731608], [0.000239121582126, -0.000212039100006, 0.00198171567172, -0.000516944739502, 0.000137989758514, 0.000277873914456, -0.000369154120563, -0.000292823184282, 0.000332991388859, -0.00147655012552, 0.00136959902011, -0.00088540057186, 0.00103049632162], [-0.000178202753887, 0.000436461821664, -0.000516944739502, 0.00275220768526, 4.01773286285e-06, -1.70771600096e-05, -0.00026705765049, 0.000194349020603, -0.0015975991264, 0.000811673817225, -0.000713626213837, 0.000132704997668, 0.000239972127019], [0.000283163244603, -0.000790648104157, 0.000137989758514, 4.01773286285e-06, 0.00429406808689, -0.00253023183905, 5.75265657972e-05, -0.000391993729863, -0.00134394667111, -0.00120455247816, 0.000917491386645, -0.000945129548199, 0.000635974749457], [-0.00025025033392, 0.000574013043661, 0.000277873914456, -1.70771600096e-05, -0.00253023183905, 0.00631862599403, -0.00361128500663, 0.00270968396217, 0.000312837975798, -0.000226765085245, 0.000130995525979, -0.000286092690658, 0.00010100244981], [0.000253922800766, -0.000429442588938, -0.000369154120563, -0.00026705765049, 5.75265657972e-05, -0.00361128500663, 0.0079965852201, -0.00287751178257, 0.000671783054713, 0.000201766888495, -0.000173955559148, -0.000466127385153, -0.000583722954616], [-0.00039347980055, 0.0012084270129, -0.000292823184282, 0.000194349020603, -0.000391993729863, 0.00270968396217, -0.00287751178257, 0.00843467563391, -0.003121976275, 0.00303671136498, -0.00179560761899, 0.000742263393477, -0.00131106679328], [0.000293385353871, -0.000752715510316, 0.000332991388859, -0.0015975991264, -0.00134394667111, 0.000312837975798, 0.000671783054713, -0.003121976275, 0.0117415320128, -0.00372172147036, 0.00187388074119, 0.000631228263956, -0.000224465838983], [-0.000382171303499, 0.00082475959789, -0.00147655012552, 0.000811673817225, -0.00120455247816, -0.000226765085245, 0.000201766888495, 0.00303671136498, -0.00372172147036, 0.0131706157699, -0.00560673512518, 0.000526811694726, 0.00156850321218], [0.000461816060124, -0.00149773282465, 0.00136959902011, -0.000713626213837, 0.000917491386645, 0.000130995525979, -0.000173955559148, -0.00179560761899, 0.00187388074119, -0.00560673512518, 0.0141935655847, -0.00509700039402, 0.00115554896183], [-0.000435569963884, 0.00220876536332, -0.00088540057186, 0.000132704997668, -0.000945129548199, -0.000286092690658, -0.000466127385153, 0.000742263393477, 0.000631228263956, 0.000526811694726, -0.00509700039402, 0.0178592372686, -0.00654736347497], [0.000277946906863, -0.00156624731608, 0.00103049632162, 0.000239972127019, 0.000635974749457, 0.00010100244981, -0.000583722954616, -0.00131106679328, -0.000224465838983, 0.00156850321218, 0.00115554896183, -0.00654736347497, 0.0161447878927]], "cov": [[38105.3242188, -1363.59997559, -3582.8137207, 1330.23706055, -2766.7956543, -306.941802979, -1071.42944336, 1043.20471191, -743.612792969, -171.514282227, -434.974731445, 533.131774902, -168.839706421], [-1363.59997559, 1896.41491699, 37.8147773743, -281.852905273, 412.853851318, 55.8510780334, 71.7799606323, -218.988128662, 100.199356079, 15.4075679779, 96.4165878296, -169.279266357, 101.772499084], [-3582.8137207, 37.8147773743, 965.90838623, -4.03250265121, 258.123199463, 19.8689193726, 122.470993042, -86.8810577393, 87.6768341064, 78.2418212891, 9.15731811523, -37.6923141479, -31.4857978821], [1330.23706055, -281.852905273, -4.03250265121, 497.88381958, -114.19506073, -9.91468429565, -18.0516529083, 81.1638259888, 26.0991535187, -2.54468417168, -19.1652889252, 35.9148445129, -30.3419971466], [-2766.7956543, 412.853851318, 258.123199463, -114.19506073, 650.007141113, 248.771759033, 162.995391846, -140.418518066, 113.349937439, 72.2081451416, 38.5631904602, -46.7572402954, 13.0741729736], [-306.941802979, 55.8510780334, 19.8689193726, -9.91468429565, 248.771759033, 360.49786377, 140.309829712, -90.8294525146, 8.10422897339, 42.4208564758, 4.31453514099, 11.0443630219, -4.61467456818], [-1071.42944336, 71.7799606323, 122.470993042, -18.0516529083, 162.995391846, 140.309829712, 228.872879028, -1.00039899349, 26.664560318, 6.41757822037, 17.5068416595, -2.02677869797, 16.4279060364], [1043.20471191, -218.988128662, -86.8810577393, 81.1638259888, -140.418518066, -90.8294525146, -1.00039899349, 230.351455688, 7.96430826187, -44.0612182617, -14.289144516, 28.6069450378, 6.91969633102], [-743.612792969, 100.199356079, 87.6768341064, 26.0991535187, 113.349937439, 8.10422897339, 26.664560318, 7.96430826187, 134.244415283, 30.3219776154, 7.5673584938, -22.2686500549, 2.9815261364], [-171.514282227, 15.4075679779, 78.2418212891, -2.54468417168, 72.2081451416, 42.4208564758, 6.41757822037, -44.0612182617, 30.3219776154, 122.423225403, 35.8686523438, 2.54021859169, -19.9738044739], [-434.974731445, 96.4165878296, 9.15731811523, -19.1652889252, 38.5631904602, 4.31453514099, 17.5068416595, -14.289144516, 7.5673584938, 35.8686523438, 106.081489563, 13.4566650391, 8.95401191711], [533.131774902, -169.279266357, -37.6923141479, 35.9148445129, -46.7572402954, 11.0443630219, -2.02677869797, 28.6069450378, -22.2686500549, 2.54021859169, 13.4566650391, 95.1788406372, 17.3733406067], [-168.839706421, 101.772499084, -31.4857978821, -30.3419971466, 13.0741729736, -4.61467456818, 16.4279060364, 6.91969633102, 2.9815261364, -19.9738044739, 8.95401191711, 17.3733406067, 86.2365264893]]}, "spectral_energyband_middle_low": {"dmean2": 0.00344155728817, "median": 0.00429968722165, "min": 1.68003820581e-22, "dvar2": 2.96181988233e-05, "dvar": 1.33005614771e-05, "dmean": 0.00228319130838, "max": 0.0610847398639, "var": 4.69092592539e-05, "mean": 0.00638995971531}, "melbands_crest": {"dmean2": 4.73862218857, "median": 12.9832992554, "min": 1.62514543533, "dvar2": 21.9008865356, "dvar": 8.42028617859, "dmean": 2.89657711983, "max": 37.9732398987, "var": 48.5044174194, "mean": 14.6488761902}, "spectral_kurtosis": {"dmean2": 2.85848236084, "median": 3.96173620224, "min": -1.26333713531, "dvar2": 25.2268695831, "dvar": 8.94834423065, "dmean": 1.6987913847, "max": 80.0281982422, "var": 69.9899291992, "mean": 6.16221284866}, "spectral_rms": {"dmean2": 0.000886204303242, "median": 0.00373934558593, "min": 3.1312357221e-12, "dvar2": 1.53391624735e-06, "dvar": 6.71081693326e-07, "dmean": 0.000586282811128, "max": 0.0122027099133, "var": 4.16401962866e-06, "mean": 0.00388645427302}, "zerocrossingrate": {"dmean2": 0.010854979977, "median": 0.05810546875, "min": 0.00146484375, "dvar2": 0.000172519110492, "dvar": 0.000149446292198, "dmean": 0.00942270550877, "max": 0.52490234375, "var": 0.00366670172662, "mean": 0.0700584799051}, "silence_rate_60dB": {"dmean2": 0.0328505299985, "median": 0, "min": 0, "dvar2": 0.0371485501528, "dvar": 0.0161517504603, "dmean": 0.0164228118956, "max": 1, "var": 0.116622649133, "mean": 0.134796231985}, "erbbands_kurtosis": {"dmean2": 1.89933741093, "median": 0.451425790787, "min": -1.81392300129, "dvar2": 13.7361841202, "dvar": 4.86987066269, "dmean": 1.19349443913, "max": 58.799987793, "var": 10.6104879379, "mean": 1.36488294601}, "erbbands": {"dmean2": [0.167185813189, 0.919195830822, 1.67291271687, 2.30700731277, 3.1475455761, 4.41391801834, 5.31549501419, 7.14460611343, 8.60945320129, 7.90739917755, 11.5086956024, 22.8535346985, 32.127040863, 30.7709255219, 33.2635917664, 16.0130558014, 16.8106060028, 24.8540477753, 22.959810257, 28.92004776, 21.7694396973, 21.7395973206, 16.469417572, 15.1729221344, 13.4281635284, 11.0751085281, 9.50049877167, 9.87036323547, 8.10220718384, 5.40655469894, 3.20503926277, 1.74930620193, 0.983079254627, 0.722741186619, 0.531169056892, 0.285697132349, 0.0766415074468, 0.0118940845132, 0.00111137994099, 5.40211367479e-05], "median": [0.0488243810833, 0.370309144258, 0.550207495689, 1.09226405621, 1.76752448082, 2.3640294075, 3.18600082397, 4.24223804474, 3.6406083107, 3.57539820671, 3.8519961834, 4.9491648674, 5.4190196991, 7.71061611176, 7.37320899963, 6.24521684647, 7.49052190781, 10.0882310867, 12.7214307785, 13.0408420563, 12.498878479, 10.872795105, 8.88309955597, 9.3391418457, 6.34211492538, 4.21169710159, 3.14706730843, 2.78579592705, 2.06640601158, 1.58935701847, 1.06396722794, 0.623728096485, 0.44793137908, 0.311907112598, 0.120973557234, 0.0341434963048, 0.00802696589381, 0.00109932164196, 4.2065337766e-05, 2.26632801059e-05], "min": [8.26125684642e-23, 6.18805768608e-22, 1.57250265621e-21, 9.19789217463e-21, 9.51809346663e-21, 3.73631957382e-20, 4.45755612137e-20, 1.06718771352e-19, 1.30371794173e-19, 1.92082388851e-19, 4.11445065057e-19, 3.16799162766e-19, 3.62980914859e-19, 5.0084379883e-19, 5.15026275722e-19, 1.23736676042e-18, 1.55851818567e-18, 2.11105694708e-18, 3.47407337312e-18, 2.76030480602e-18, 3.48619405064e-18, 3.26059232589e-18, 5.69151960225e-18, 7.26719113568e-18, 8.37493817712e-18, 7.9120495607e-18, 8.17526091316e-18, 9.83009528557e-18, 1.07441662584e-17, 1.16021866457e-17, 1.09042662388e-17, 1.02493600509e-17, 9.66470548518e-18, 8.71793937147e-18, 7.07742266827e-18, 4.85013133549e-18, 2.23081119308e-18, 1.04905640563e-18, 2.45714957386e-19, 2.6272319311e-20], "dvar2": [0.164279013872, 5.46888494492, 20.2851085663, 25.2704925537, 31.5665512085, 83.637298584, 116.583351135, 198.413238525, 525.130432129, 676.235839844, 1472.640625, 5923.94726562, 12770.7167969, 10872.6630859, 12021.1201172, 1954.68713379, 1594.42089844, 2487.74755859, 2237.4387207, 3189.26831055, 2541.65039062, 2537.76342773, 1410.7644043, 966.850891113, 1151.42553711, 1139.05493164, 945.47454834, 1094.49694824, 827.985900879, 299.820587158, 83.5308914185, 27.8973045349, 6.05129671097, 3.27064347267, 4.9976644516, 2.97398495674, 0.131630599499, 0.00148711248767, 2.01483726414e-05, 7.95315884261e-08], "dvar": [0.059822358191, 1.95104420185, 7.27692556381, 9.10416221619, 12.3117322922, 34.4510383606, 48.7133369446, 79.3485565186, 240.990371704, 279.160339355, 726.924316406, 3006.70703125, 6284.46240234, 5718.91601562, 5621.03955078, 1047.67028809, 748.004333496, 1010.34301758, 967.499328613, 1321.09960938, 1059.44335938, 1030.42431641, 624.456481934, 424.492034912, 446.575653076, 426.625366211, 361.850921631, 422.403991699, 327.717834473, 120.333007812, 40.2012863159, 13.8278436661, 2.99041128159, 1.57422912121, 1.97773325443, 1.19586396217, 0.0536812320352, 0.000714786758181, 8.60530417413e-06, 3.0487694147e-08], "dmean": [0.0961083620787, 0.526470720768, 0.960487484932, 1.35400021076, 1.93862342834, 2.75520801544, 3.3770377636, 4.49451684952, 5.39041137695, 5.17191410065, 7.95844221115, 16.1259346008, 22.2175483704, 21.8141117096, 23.0664615631, 11.1216878891, 11.159040451, 15.7024726868, 14.7656450272, 18.1037921906, 13.8736515045, 13.8771333694, 10.6248474121, 9.72564983368, 8.33089923859, 6.80492305756, 5.89330863953, 6.19378900528, 5.13239145279, 3.48029613495, 2.21610093117, 1.20357406139, 0.676364302635, 0.505804896355, 0.360019892454, 0.189763262868, 0.0521735548973, 0.00843804702163, 0.000769693928305, 3.60687772627e-05], "max": [3.19310569763, 18.665058136, 40.7779121399, 50.6696968079, 56.3685569763, 135.252563477, 165.476547241, 226.279968262, 433.701721191, 526.588378906, 857.693725586, 1539.22131348, 1840.82751465, 2456.36743164, 2289.47412109, 972.895507812, 789.911560059, 931.353942871, 954.828552246, 730.311706543, 958.836547852, 884.105712891, 705.948608398, 494.497314453, 551.788208008, 413.577148438, 415.43460083, 286.291137695, 343.460540771, 285.284423828, 129.776550293, 135.214904785, 67.0750198364, 26.1420917511, 48.7875823975, 30.1293964386, 7.38357305527, 0.673169136047, 0.0831031724811, 0.00645128451288], "var": [0.0699880942702, 2.14153194427, 8.1756067276, 10.7808008194, 19.9570999146, 51.3388023376, 133.182998657, 222.021011353, 415.240112305, 1017.93469238, 1765.49121094, 8148.54931641, 28077.6660156, 19017.6738281, 34146.890625, 3769.22070312, 3157.91967773, 5974.38085938, 2426.46923828, 3678.61376953, 2125.04907227, 2747.86328125, 1666.08117676, 1061.9432373, 706.18359375, 484.261047363, 384.457244873, 440.632232666, 351.940887451, 155.388916016, 77.9536437988, 31.2344779968, 6.8658618927, 2.99097585678, 1.98439252377, 1.15457630157, 0.0547496117651, 0.000971081142779, 9.41214966588e-06, 2.59335379837e-08], "mean": [0.144173204899, 0.829936802387, 1.35026347637, 2.14884972572, 3.25377011299, 4.61805820465, 6.80663776398, 9.04033088684, 8.62406349182, 10.7840452194, 14.6120662689, 30.4125957489, 51.0715675354, 48.781578064, 57.4861412048, 23.5639400482, 25.2996101379, 35.7087287903, 29.7593212128, 36.0980606079, 28.7265281677, 29.1862659454, 21.8400936127, 20.5463085175, 15.7617416382, 11.1070919037, 9.22907352448, 9.4128074646, 7.69582509995, 5.77897071838, 3.85510587692, 2.15510058403, 1.29309391975, 0.909843862057, 0.505668759346, 0.233377695084, 0.0635735169053, 0.0103695848957, 0.000830723904073, 5.49933283764e-05]}, "spectral_strongpeak": {"dmean2": 1.1204559803, "median": 0.340949088335, "min": 0, "dvar2": 3.36343455315, "dvar": 1.32600927353, "dmean": 0.657949090004, "max": 11.0399160385, "var": 3.3073592186, "mean": 1.33512568474}, "spectral_energy": {"dmean2": 0.00952987838537, "median": 0.014332273975, "min": 1.0049753304e-20, "dvar2": 0.000271104945568, "dvar": 0.000110430366476, "dmean": 0.00609568040818, "max": 0.152628794312, "var": 0.000349100038875, "mean": 0.0197502076626}, "average_loudness": 0.334869921207, "spectral_rolloff": {"dmean2": 787.236083984, "median": 1464.2578125, "min": 43.06640625, "dvar2": 2225209.25, "dvar": 891808.6875, "dmean": 476.281951904, "max": 19422.9492188, "var": 5351954, "mean": 1885.2644043}, "spectral_centroid": {"dmean2": 324.774200439, "median": 1487.93530273, "min": 224.241394043, "dvar2": 169900.421875, "dvar": 89019.859375, "dmean": 215.036361694, "max": 11554.8291016, "var": 1248592.5, "mean": 1617.59423828}, "pitch_salience": {"dmean2": 0.093977637589, "median": 0.525814592838, "min": 0.0567136891186, "dvar2": 0.00789850857109, "dvar": 0.00301046739332, "dmean": 0.058365944773, "max": 0.967839241028, "var": 0.0163932442665, "mean": 0.521390974522}, "spectral_energyband_middle_high": {"dmean2": 0.00311745004728, "median": 0.00380073022097, "min": 1.06199681186e-21, "dvar2": 3.27971392835e-05, "dvar": 1.52247666847e-05, "dmean": 0.00212407740764, "max": 0.0704516395926, "var": 8.87335772859e-05, "mean": 0.00721513060853}, "spectral_contrast_coeffs": {"dmean2": [0.0699121057987, 0.0686768367887, 0.0580077171326, 0.0494649522007, 0.0346734523773, 0.0278869755566], "median": [-0.705537974834, -0.750085532665, -0.748357236385, -0.753370523453, -0.781455039978, -0.758472800255], "min": [-0.977776646614, -0.979865789413, -0.979481875896, -0.969089388847, -0.966522634029, -0.963566839695], "dvar2": [0.00353045226075, 0.00321961869486, 0.0023088476155, 0.0016735981917, 0.000871821248438, 0.000655901210848], "dvar": [0.0013138987124, 0.0012647388503, 0.00102040381171, 0.000686988641974, 0.000395593844587, 0.000280258071143], "dmean": [0.0421204939485, 0.0419476293027, 0.0371232442558, 0.0305563881993, 0.0219611432403, 0.0177449695766], "max": [-0.377243101597, -0.363279551268, -0.412647694349, -0.496356099844, -0.455230116844, -0.563957989216], "var": [0.00710427667946, 0.00771737797186, 0.00919554755092, 0.00468193180859, 0.00389356957749, 0.00299212522805], "mean": [-0.702968895435, -0.741426467896, -0.731479525566, -0.75060993433, -0.778725266457, -0.767593562603]}, "melbands_skewness": {"dmean2": 1.02036809921, "median": 1.72080314159, "min": -1.20575773716, "dvar2": 1.81601452827, "dvar": 0.683130979538, "dmean": 0.642381608486, "max": 24.7678108215, "var": 7.00094556808, "mean": 2.33796429634}, "spectral_spread": {"dmean2": 728799.3125, "median": 4339468, "min": 956058.125, "dvar2": 1629776510980.0, "dvar": 875123048448, "dmean": 501635.59375, "max": 43027304, "var": 13450455547900.0, "mean": 4793411}, "dissonance": {"dmean2": 0.0326107554138, "median": 0.472729742527, "min": 0.0142539693043, "dvar2": 0.00156382191926, "dvar": 0.000548874319065, "dmean": 0.0191631503403, "max": 0.500000119209, "var": 0.000997342984192, "mean": 0.463722348213}, "spectral_skewness": {"dmean2": 0.329395890236, "median": 1.52364528179, "min": -0.16287624836, "dvar2": 0.151535123587, "dvar": 0.058593891561, "dmean": 0.20289504528, "max": 6.84028291702, "var": 0.605724751949, "mean": 1.69003975391}, "spectral_flux": {"dmean2": 0.0276025496423, "median": 0.0529542081058, "min": 6.40894698423e-11, "dvar2": 0.00130333157722, "dvar": 0.00063398462953, "dmean": 0.0181975346059, "max": 0.325716733932, "var": 0.00216344953515, "mean": 0.0628897622228}, "spectral_contrast_valleys": {"dmean2": [0.588007748127, 0.551655054092, 0.516135215759, 0.456368982792, 0.400251269341, 0.392497628927], "median": [-7.17001581192, -6.97883272171, -7.6960439682, -7.85295438766, -7.70689630508, -10.1834487915], "min": [-28.6904888153, -27.739824295, -27.6813373566, -27.5514125824, -27.5089302063, -27.4089603424], "dvar2": [0.311625033617, 0.243828654289, 0.242638245225, 0.210441082716, 0.240827962756, 0.245889797807], "dvar": [0.146741405129, 0.124624282122, 0.128302693367, 0.118222221732, 0.139751240611, 0.151515141129], "dmean": [0.35834646225, 0.339185297489, 0.328081309795, 0.296323031187, 0.273461908102, 0.302335739136], "max": [-5.34867858887, -4.69009160995, -5.36378908157, -5.55140304565, -5.21828651428, -7.62028980255], "var": [5.50241661072, 6.04164409637, 5.78747987747, 5.6064286232, 6.69799757004, 5.62382888794], "mean": [-7.70684623718, -7.57175588608, -8.21423816681, -8.37420558929, -8.3226556778, -10.7523431778]}, "erbbands_flatness_db": {"dmean2": 0.0257170982659, "median": 0.155530884862, "min": 0.0235784407705, "dvar2": 0.000661054742523, "dvar": 0.000306861969875, "dmean": 0.0176037736237, "max": 0.420197486877, "var": 0.00309645570815, "mean": 0.164009511471}, "spectral_energyband_high": {"dmean2": 0.000730028492399, "median": 0.00032724995981, "min": 7.22768204926e-21, "dvar2": 5.34524770046e-06, "dvar": 2.26030783779e-06, "dmean": 0.000504295632709, "max": 0.0282588973641, "var": 3.20154890687e-06, "mean": 0.000914653472137}, "spectral_entropy": {"dmean2": 0.209987908602, "median": 7.61310052872, "min": 5.4080915451, "dvar2": 0.0512945577502, "dvar": 0.0265231728554, "dmean": 0.146267190576, "max": 9.81536388397, "var": 0.370415657759, "mean": 7.51417589188}, "silence_rate_20dB": {"dmean2": 0, "median": 1, "min": 1, "dvar2": 0, "dvar": 0, "dmean": 0, "max": 1, "var": 0, "mean": 1}, "melbands_flatness_db": {"dmean2": 0.0327880196273, "median": 0.181030318141, "min": 0.00364502542652, "dvar2": 0.00120178086217, "dvar": 0.0005424352712, "dmean": 0.0213385913521, "max": 0.553328514099, "var": 0.0102103166282, "mean": 0.198612973094}, "barkbands": {"dmean2": [0.000411927932873, 0.0044390950352, 0.00146937149111, 0.000936151016504, 0.00103699485771, 0.000879497209098, 0.000613084062934, 0.000415705988416, 0.0010182299884, 0.00100025127176, 0.00106320984196, 0.000376476469683, 0.000401941506425, 0.000489875208586, 0.000543499656487, 0.000424647558248, 0.000445583718829, 0.000317850062856, 0.000297258724459, 0.000220278016059, 0.000243290516664, 0.000210963771679, 0.000124013313325, 6.53820898151e-05, 6.81555102346e-05, 4.99466550536e-05, 6.39505560684e-06], "median": [5.2753232012e-05, 0.00184894958511, 0.000382621801691, 0.000393914349843, 0.000727599486709, 0.000544438953511, 0.000241949484916, 0.000126273487695, 0.000198500987608, 0.00013385816419, 0.000159577801242, 8.35601822473e-05, 0.000122020624985, 0.00017303993809, 0.000246297655394, 0.0001734598045, 0.000199592701392, 0.000152138265548, 0.000145306694321, 8.07020114735e-05, 7.3613562563e-05, 5.84856461501e-05, 3.87385262002e-05, 2.75027250609e-05, 2.29826291616e-05, 5.5387613429e-06, 1.92841056901e-07], "min": [1.01820140721e-24, 2.86304522662e-24, 9.74239470859e-25, 2.25450707749e-24, 1.23056132322e-23, 1.01358418461e-23, 1.07069376984e-23, 1.0993532443e-23, 1.33853539745e-23, 1.35768830914e-23, 5.54932644589e-24, 3.08800611091e-23, 3.04572064203e-23, 3.23292049029e-23, 6.04905799644e-23, 5.64801688944e-23, 4.90234580324e-23, 1.0024740885e-22, 1.42582569651e-22, 1.62475256165e-22, 1.8681928913e-22, 2.73323213776e-22, 4.02352029738e-22, 5.04433508638e-22, 9.75788779477e-22, 1.33322632569e-21, 1.84682046581e-21], "dvar2": [9.19492094908e-07, 0.000117887939268, 1.53458495333e-05, 3.3272078781e-06, 3.4338856949e-06, 2.50675316238e-06, 2.98316285807e-06, 1.7124544911e-06, 9.37950335356e-06, 1.19110482046e-05, 1.30758135128e-05, 1.32377806494e-06, 9.30883800265e-07, 9.51046331465e-07, 1.21367884276e-06, 8.19227579996e-07, 9.92498826236e-07, 4.51966116088e-07, 4.45705893526e-07, 4.63151366148e-07, 6.24957749551e-07, 5.07701145125e-07, 1.33158778226e-07, 3.32645271328e-08, 4.9