{"tonal": {"thpcp": [1, 0.734299182892, 0.338149607182, 0.273115724325, 0.243977695704, 0.37823715806, 0.54598981142, 0.40871989727, 0.282353013754, 0.300008863211, 0.248681396246, 0.467549085617, 0.676568508148, 0.475429028273, 0.529920220375, 0.783613681793, 0.563803613186, 0.307432889938, 0.314239889383, 0.318350017071, 0.497897833586, 0.776577532291, 0.617227971554, 0.32731321454, 0.271623283625, 0.255182117224, 0.520187914371, 0.790457725525, 0.565824151039, 0.40246167779, 0.466931074858, 0.356324851513, 0.313297182322, 0.3776691854, 0.331540703773, 0.59547239542], "hpcp": {"dmean2": [0.268221646547, 0.270966857672, 0.205742418766, 0.190002813935, 0.180714547634, 0.230784252286, 0.253338128328, 0.221619859338, 0.20522621274, 0.198573544621, 0.184061199427, 0.178471565247, 0.1694688797, 0.166923686862, 0.226950153708, 0.266673207283, 0.235961213708, 0.183843389153, 0.140829190612, 0.143444895744, 0.182473108172, 0.213117033243, 0.186245381832, 0.170605927706, 0.167394220829, 0.140809252858, 0.194126367569, 0.224356561899, 0.197792902589, 0.232872933149, 0.232985675335, 0.243506044149, 0.188648015261, 0.179837971926, 0.194009542465, 0.230468288064], "median": [0.0685635060072, 0.0530234053731, 0.0198632273823, 0.0102712539956, 0.00972120836377, 0.0482228696346, 0.0747345462441, 0.0543589219451, 0.0221167355776, 0.0112145878375, 0.00853228755295, 0.0176147650927, 0.0182122774422, 0.0177444294095, 0.0506755337119, 0.0695258826017, 0.0522763840854, 0.0274774171412, 0.0155761819333, 0.011111503467, 0.0242045000196, 0.0379974022508, 0.0297872573137, 0.0124182924628, 0.00786490179598, 0.00947080086917, 0.0430430285633, 0.0604092627764, 0.0468088015914, 0.0428949594498, 0.0543060004711, 0.0377999171615, 0.0200294107199, 0.0140721015632, 0.0139654166996, 0.0409738570452], "min": [0, 0, 0, 0, 0, 0, 0, 0, 0, 0, 0, 0, 0, 0, 0, 0, 0, 0, 0, 0, 0, 0, 0, 0, 0, 0, 0, 0, 0, 0, 0, 0, 0, 0, 0, 0], "dvar2": [0.135813295841, 0.144835531712, 0.12104858458, 0.123996980488, 0.115706928074, 0.116179279983, 0.121773302555, 0.106137678027, 0.111831389368, 0.123804904521, 0.112377643585, 0.108316875994, 0.0898040607572, 0.0856423228979, 0.102653242648, 0.135527879, 0.106623314321, 0.0862051546574, 0.065676510334, 0.0754504874349, 0.0936376228929, 0.107244037092, 0.0826426148415, 0.0926424115896, 0.095863327384, 0.0764237344265, 0.0859018564224, 0.0978452265263, 0.0834122225642, 0.105198480189, 0.110021673143, 0.126024410129, 0.0883585065603, 0.090921074152, 0.104857310653, 0.115217544138], "dvar": [0.0544698722661, 0.0535978414118, 0.04405548051, 0.0452910251915, 0.0421649552882, 0.0428908616304, 0.0492589063942, 0.0396326892078, 0.0412345528603, 0.0474760457873, 0.0416517443955, 0.0393096245825, 0.0345346182585, 0.0324312709272, 0.0392178930342, 0.0547548830509, 0.0412988811731, 0.0317328348756, 0.024619711563, 0.0279805064201, 0.034431707114, 0.0428967252374, 0.032008562237, 0.0327621139586, 0.0356035195291, 0.0288458708674, 0.0327225513756, 0.0389856174588, 0.0312992781401, 0.0389135852456, 0.0447629466653, 0.0446309261024, 0.0309794154018, 0.0335239432752, 0.0382417552173, 0.042121399194], "dmean": [0.154776588082, 0.155159115791, 0.113542236388, 0.102605484426, 0.0986047163606, 0.131001994014, 0.146545603871, 0.127289772034, 0.115504592657, 0.111660078168, 0.103189326823, 0.0992176085711, 0.0971593186259, 0.0943229421973, 0.131248414516, 0.1546112746, 0.138643085957, 0.103415176272, 0.0790858864784, 0.0794337317348, 0.1034238711, 0.123624972999, 0.107003860176, 0.0944413393736, 0.0922585651278, 0.0787792876363, 0.111295878887, 0.131812632084, 0.113035924733, 0.132091760635, 0.136029794812, 0.13846540451, 0.104179248214, 0.100409306586, 0.108016677201, 0.130752235651], "max": [1, 1, 1, 1, 1, 1, 1, 1, 1, 1, 1, 1, 1, 1, 1, 1, 1, 1, 1, 1, 1, 1, 1, 1, 1, 1, 1, 1, 1, 1, 1, 1, 1, 1, 1, 1], "var": [0.0985449030995, 0.0671772584319, 0.0369436778128, 0.0339356474578, 0.0315272919834, 0.0491295345128, 0.0970213338733, 0.0573698990047, 0.0438303127885, 0.0719185993075, 0.0457971505821, 0.0357876121998, 0.0470118299127, 0.0382039770484, 0.0566190369427, 0.137017011642, 0.0822480544448, 0.0301349963993, 0.0273290034384, 0.0259988084435, 0.0377667099237, 0.0653161332011, 0.0407305844128, 0.0305828582495, 0.0398911200464, 0.0300150159746, 0.0415538810194, 0.0778403654695, 0.0403529442847, 0.0528244189918, 0.106477513909, 0.0623597875237, 0.027147071436, 0.0337490290403, 0.0357200093567, 0.051239605993], "mean": [0.225140169263, 0.178942620754, 0.0948924645782, 0.0787472054362, 0.0739806964993, 0.150809407234, 0.229164227843, 0.164039969444, 0.116679005325, 0.135369539261, 0.103303320706, 0.0908290296793, 0.109491333365, 0.0961180701852, 0.172635391355, 0.289913326502, 0.212883114815, 0.0980340763927, 0.0791798904538, 0.0707323849201, 0.109655991197, 0.158289730549, 0.118493340909, 0.0818578973413, 0.0869765654206, 0.0720960497856, 0.135548710823, 0.196146219969, 0.137833207846, 0.153630942106, 0.227180048823, 0.163454174995, 0.0891288891435, 0.0911023318768, 0.0922939106822, 0.144347220659]}, "tuning_equal_tempered_deviation": 0.0191759821028, "chords_changes_rate": 0.0442460328341, "key_key": "G", "tuning_diatonic_strength": 0.583636760712, "key_scale": "major", "chords_number_rate": 0.00238095247187, "tuning_frequency": 438.984558105, "tuning_nontempered_energy_ratio": 0.65664690733, "chords_histogram": [29.8412704468, 17.4206352234, 3.8492064476, 3.19444441795, 8.63095283508, 0, 3.05555558205, 0, 6.72619056702, 0, 3.45238089561, 0, 0, 0, 0, 0.79365080595, 0, 2.55952382088, 0, 0.79365080595, 9.30555534363, 5.41666650772, 4.54365062714, 0.416666656733], "key_strength": 0.85953104496, "chords_key": "G", "chords_strength": {"dmean2": 0.00805195048451, "median": 0.572362780571, "min": 0.255154401064, "dvar2": 5.66887320019e-05, "dvar": 5.663310003e-05, "dmean": 0.00864178035408, "max": 0.739299476147, "var": 0.0068489308469, "mean": 0.561181008816}, "chords_scale": "major", "hpcp_entropy": {"dmean2": 0.978236377239, "median": 1.83299994469, "min": 0, "dvar2": 0.650785982609, "dvar": 0.240204140544, "dmean": 0.578114569187, "max": 3.8262796402, "var": 0.449320971966, "mean": 1.79721736908}}, "metadata": {"audio_properties": {"equal_loudness": 0, "codec": "mp3", "downmix": "mix", "sample_rate": 44100, "analysis_sample_rate": 44100, "bit_rate": 128000, "md5_encoded": "6a2d1cb71fac5728a831e49c207d222c", "length": 234.004898071, "replay_gain": -5.79021453857, "lossless": false}, "version": {"essentia_build_sha": "2d9f1f26377add8aeb1075a9c2973f962c4f09fd", "essentia": "2.1-beta2", "extractor": "music 1.0", "essentia_git_sha": "v2.1_beta2-1-ge3940c0"}, "tags": {"title": ["Dark Horse"], "language": ["eng"], "media": ["CD"], "albumartist": ["George Harrison"], "musicbrainz_releasegroupid": ["ab634295-9bab-3526-aec8-e73ac824b5c3"], "musicbrainz_recordingid": ["1bbb9387-6863-431e-9e31-749fa34ac68b"], "musicbrainz_albumartistid": ["42a8f507-8412-4611-854f-926571049fa0"], "discnumber": ["1/1"], "album": ["Dark Horse"], "catalognumber": ["CDP 7 98079 2"], "musicbrainz album release country": ["US"], "musicbrainz album type": ["album"], "musicbrainz album status": ["official"], "file_name": "07 - Dark Horse.mp3", "originaldate": ["1974"], "date": ["1991"], "genre": ["Rock"], "musicip_puid": ["8cdd8d93-0258-0c01-b2f1-c6bc592fa922"], "script": ["Latn"], "asin": ["B000008GED"], "musicbrainz_albumid": ["621eab5c-cd73-463d-b831-c71144c78272"], "artist": ["George Harrison"], "artistsort": ["Harrison, George"], "tracknumber": ["7/9"], "label": ["Capitol Records"], "albumartistsort": ["Harrison, George"], "musicbrainz_artistid": ["42a8f507-8412-4611-854f-926571049fa0"]}}, "rhythm": {"bpm_histogram_first_peak_bpm": {"dmean2": 0, "median": 96, "min": 96, "dvar2": 0, "dvar": 0, "dmean": 0, "max": 96, "var": 0, "mean": 96}, "bpm": 95.4095916748, "bpm_histogram_second_peak_spread": {"dmean2": 0, "median": 0.235294148326, "min": 0.235294148326, "dvar2": 0, "dvar": 0, "dmean": 0, "max": 0.235294148326, "var": 0, "mean": 0.235294148326}, "bpm_histogram_first_peak_weight": {"dmean2": 0, "median": 0.579945802689, "min": 0.579945802689, "dvar2": 0, "dvar": 0, "dmean": 0, "max": 0.579945802689, "var": 0, "mean": 0.579945802689}, "onset_rate": 4.89269590378, "beats_position": [0.580498874187, 1.18421769142, 1.77632653713, 2.38004541397, 2.99537420273, 3.62231278419, 4.2492518425, 4.87619018555, 5.52634906769, 6.15328788757, 6.78022670746, 7.40716552734, 8.03410434723, 8.64943313599, 9.26476192474, 9.89170074463, 10.5186395645, 11.1455783844, 11.7725172043, 12.387845993, 13.0031747818, 13.6301136017, 14.2570514679, 14.8839902878, 15.5109291077, 16.1378688812, 16.7648067474, 17.4033565521, 18.0302944183, 18.6572322845, 19.2957820892, 19.9111099243, 20.5264396667, 21.153377533, 21.7803173065, 22.3956451416, 23.010974884, 23.6379127502, 24.2764625549, 24.9150104523, 25.5651702881, 26.2385482788, 26.8770961761, 27.5156459808, 28.1541938782, 28.7695236206, 29.3964614868, 30.0234012604, 30.6503391266, 31.2540588379, 31.8809967041, 32.5079345703, 33.1348762512, 33.7618141174, 34.3887519836, 35.0040817261, 35.6310195923, 36.2463493347, 36.8616790771, 37.4770050049, 38.1039466858, 38.730884552, 39.3578224182, 39.9615402222, 40.5884780884, 41.2154197693, 41.830745697, 42.4460754395, 43.0730133057, 43.6999549866, 44.3268928528, 44.953830719, 45.5691604614, 46.1844902039, 46.8114280701, 47.4383659363, 48.0653038025, 48.6922454834, 49.3191833496, 49.934513092, 50.5614509583, 51.1767807007, 51.8037185669, 52.4306564331, 53.0459861755, 53.661315918, 54.2882537842, 54.9151916504, 55.5421295166, 56.1690673828, 56.7960090637, 57.4229469299, 58.0498847961, 58.6652145386, 59.280544281, 59.9074821472, 60.5460319519, 61.1961898804, 61.8463478088, 62.5081176758, 63.1582756042, 63.8084335327, 64.4353713989, 65.0739212036, 65.7240829468, 66.3626327515, 66.9895706177, 67.6165084839, 68.2434463501, 68.8587722778, 69.485710144, 70.1126480103, 70.7511978149, 71.3781356812, 72.0050811768, 72.632019043, 73.2589569092, 73.8858947754, 74.5128326416, 75.1397705078, 75.7783203125, 76.4168701172, 77.0554199219, 77.6823577881, 78.2976837158, 78.924621582, 79.5515594482, 80.1785049438, 80.8054428101, 81.4323806763, 82.0593185425, 82.6862564087, 83.3131942749, 83.9517440796, 84.5902938843, 85.2404556274, 85.8906097412, 86.5639877319, 87.2257614136, 87.8759155273, 88.514465332, 89.1414031982, 89.7683410645, 90.3952789307, 91.0222167969, 91.6491622925, 92.2877044678, 92.9262542725, 93.5531921387, 94.1801376343, 94.8070755005, 95.4340133667, 96.0609512329, 96.6878890991, 97.3148269653, 97.9301605225, 98.5570983887, 99.1724243164, 99.7993621826, 100.41469574, 101.041633606, 101.656959534, 102.2838974, 102.910835266, 103.537773132, 104.153106689, 104.780044556, 105.406982422, 106.033920288, 106.649246216, 107.276191711, 107.903129578, 108.530067444, 109.15700531, 109.783943176, 110.410881042, 111.0262146, 111.641540527, 112.268478394, 112.89541626, 113.522354126, 114.137687683, 114.764625549, 115.379951477, 116.006889343, 116.6222229, 117.237548828, 117.864486694, 118.491424561, 119.118362427, 119.733695984, 120.349021912, 120.975959778, 121.602897644, 122.22983551, 122.856781006, 123.483718872, 124.157096863, 124.818862915, 125.480628967, 126.13079071, 126.769340515, 127.40789032, 128.058044434, 128.708206177, 129.335144043, 129.962081909, 130.589019775, 131.22756958, 131.854507446, 132.481445313, 133.108383179, 133.723709106, 134.362258911, 135.000808716, 135.627746582, 136.254684448, 136.881637573, 137.508575439, 138.135513306, 138.762451172, 139.401000977, 140.039550781, 140.678085327, 141.316635132, 141.943572998, 142.582122803, 143.220672607, 143.847610474, 144.486160278, 145.124710083, 145.751647949, 146.378585815, 147.005523682, 147.644073486, 148.282623291, 148.932785034, 149.617782593, 150.279541016, 150.929702759, 151.568252563, 152.206802368, 152.845352173, 153.483901978, 154.110839844, 154.73777771, 155.364715576, 155.991653442, 156.630203247, 157.268753052, 157.895690918, 158.522628784, 159.14956665, 159.776504517, 160.403442383, 161.030380249, 161.657318115, 162.284255981, 162.934417725, 163.561355591, 164.188293457, 164.815231323, 165.453781128, 166.092330933, 166.719268799, 167.346206665, 167.973144531, 168.600082397, 169.227020264, 169.85395813, 170.480911255, 171.107849121, 171.746398926, 172.384933472, 173.011871338, 173.638824463, 174.265762329, 174.892700195, 175.519638062, 176.146575928, 176.785125732, 177.423675537, 178.050613403, 178.67755127, 179.304489136, 179.931427002, 180.569976807, 181.208526611, 181.847076416, 182.474014282, 183.112564087, 183.739501953, 184.366439819, 184.993377686, 185.63192749, 186.270477295, 186.9090271, 187.570785522, 188.232559204, 188.894332886, 189.54447937, 190.183029175, 190.821578979, 191.471740723, 192.133514404, 192.795272827, 193.44543457, 194.072372437, 194.710922241, 195.349472046, 195.988021851, 196.626571655, 197.253509521, 197.880447388, 198.518997192, 199.145935059, 199.784484863, 200.411422729, 201.049972534, 201.6769104, 202.315460205, 202.942398071, 203.569335938, 204.196273804, 204.82321167, 205.450149536, 206.077087402, 206.704025269, 207.330978394, 207.95791626, 208.584854126, 209.211791992, 209.850341797, 210.488891602, 211.115829468, 211.742767334, 212.3697052, 212.985031128, 213.611968994, 214.250518799, 214.877456665, 215.504394531, 216.131332397, 216.758270264, 217.38520813, 218.012145996, 218.639083862, 219.266021729, 219.892959595, 220.51991272, 221.146850586, 221.773788452, 222.412338257, 223.039276123, 223.677825928, 224.304763794, 224.93170166, 225.558639526, 226.185577393, 226.812515259, 227.451065063, 228.089614868, 228.716552734, 229.343490601, 229.970428467, 230.632202148, 231.282348633, 231.944122314, 232.594284058, 233.256057739], "beats_loudness": {"dmean2": 0.0400983467698, "median": 0.0525417998433, "min": 1.76162839871e-09, "dvar2": 0.00136410491541, "dvar": 0.000435567606473, "dmean": 0.0234301425517, "max": 0.137850880623, "var": 0.000569096300751, "mean": 0.0527654699981}, "danceability": 1.15821826458, "bpm_histogram_second_peak_weight": {"dmean2": 0, "median": 0.0352303534746, "min": 0.0352303534746, "dvar2": 0, "dvar": 0, "dmean": 0, "max": 0.0352303534746, "var": 0, "mean": 0.0352303534746}, "beats_count": 370, "bpm_histogram_second_peak_bpm": {"dmean2": 0, "median": 91, "min": 91, "dvar2": 0, "dvar": 0, "dmean": 0, "max": 91, "var": 0, "mean": 91}, "bpm_histogram_first_peak_spread": {"dmean2": 0, "median": 0.390313416719, "min": 0.390313416719, "dvar2": 0, "dvar": 0, "dmean": 0, "max": 0.390313416719, "var": 0, "mean": 0.390313416719}, "beats_loudness_band_ratio": {"dmean2": [0.355833262205, 0.0896336063743, 0.172447651625, 0.18128708005, 0.0612029246986, 0.0671318992972], "median": [0.805741548538, 0.0439082793891, 0.0405723080039, 0.0363278016448, 0.0125610241666, 0.0215058289468], "min": [0.0232997070998, 0.00372187886387, 0.00126718205865, 0.000474211905384, 0.00167582265567, 0.000674638082273], "dvar2": [0.117809765041, 0.0123166237026, 0.0455264933407, 0.0485737882555, 0.0109272263944, 0.00650268094614], "dvar": [0.040977742523, 0.00462327245623, 0.0160261224955, 0.0166619122028, 0.00385655835271, 0.00225997180678], "dmean": [0.201670542359, 0.0501379035413, 0.0942965447903, 0.0970032215118, 0.0332427434623, 0.0352541357279], "max": [0.987567543983, 0.55138450861, 0.69033229351, 0.737561821938, 0.401727288961, 0.490449100733], "var": [0.0499734319746, 0.00443066423759, 0.0138026289642, 0.0131374420598, 0.00340130133554, 0.00184000714216], "mean": [0.722420215607, 0.0631183087826, 0.0866753533483, 0.0815647020936, 0.0318342037499, 0.0337077826262]}}, "lowlevel": {"barkbands_spread": {"dmean2": 10.6258888245, "median": 21.5086460114, "min": 0.389971703291, "dvar2": 154.809371948, "dvar": 68.2560958862, "dmean": 7.0023765564, "max": 119.150535583, "var": 217.203643799, "mean": 24.4146232605}, "melbands_spread": {"dmean2": 12.7449741364, "median": 22.7153186798, "min": 0.335317105055, "dvar2": 272.742279053, "dvar": 142.186904907, "dmean": 8.40406608582, "max": 262.839080811, "var": 431.604766846, "mean": 26.7617664337}, "hfc": {"dmean2": 9.72716617584, "median": 9.60741138458, "min": 1.10176454038e-16, "dvar2": 295.869506836, "dvar": 134.486907959, "dmean": 6.99857378006, "max": 287.110412598, "var": 414.765319824, "mean": 17.0547580719}, "barkbands_kurtosis": {"dmean2": 4.90722703934, "median": 1.63505506516, "min": -1.90736377239, "dvar2": 90.4352874756, "dvar": 44.0745239258, "dmean": 3.13320040703, "max": 422.885620117, "var": 182.377883911, "mean": 4.30630731583}, "gfcc": {"mean": [-23.3714942932, 76.6108703613, -113.104003906, 30.2281227112, -64.6730270386, 29.1990337372, -38.3198928833, 10.6839952469, -24.6118412018, 5.40144109726, -19.2111797333, 0.305918037891, -16.2673091888], "icov": [[0.000202111026738, -0.000353898853064, 0.000228075761697, -0.000244975090027, 0.00059472466819, -0.00084055174375, 0.000449283776106, -0.00012375197548, 0.000298549479339, -0.00038893436431, 0.000823939568363, -0.000626555469353, 0.000540233275387], [-0.000353898853064, 0.00285850628279, -0.000597346399445, 0.0011700661853, -0.00253031169996, 0.0028583931271, -0.00199503428303, 0.0010699700797, -0.00162046821788, 0.00277585466392, -0.0033664801158, 0.00345640233718, -0.00183139136061], [0.000228075761697, -0.000597346399445, 0.0025130531285, -0.00201587285846, 0.00102292967495, -0.00162656826433, 0.000744234828744, -0.00128929875791, 0.00165161117911, -0.00115182250738, 0.0021421785932, -0.00121515803039, 0.0014077181695], [-0.000244975090027, 0.0011700661853, -0.00201587285846, 0.00467017618939, -0.0028217677027, 0.00176267116331, -0.000234011604334, 0.000879481201991, -0.00142747932114, 0.00179840007331, -0.00306630763225, 0.00232450035401, -0.00163371639792], [0.00059472466819, -0.00253031169996, 0.00102292967495, -0.0028217677027, 0.00660310266539, -0.00356099847704, 0.00184940639883, -0.000113436231914, 0.00140055816155, -0.00399700552225, 0.00463787466288, -0.00400493340567, 0.00238634669222], [-0.00084055174375, 0.0028583931271, -0.00162656826433, 0.00176267116331, -0.00356099847704, 0.0107795465738, -0.00514797354117, 0.000742495758459, -0.00147527433001, 0.0031046513468, -0.00389225850813, 0.00459402007982, -0.00299388798885], [0.000449283776106, -0.00199503428303, 0.000744234828744, -0.000234011604334, 0.00184940639883, -0.00514797354117, 0.00941242650151, -0.00304072420113, 0.0014690309763, 0.000250271958066, 0.000900345563423, -0.00268691359088, 0.0027473072987], [-0.00012375197548, 0.0010699700797, -0.00128929875791, 0.000879481201991, -0.000113436231914, 0.000742495758459, -0.00304072420113, 0.0100805396214, -0.00339989783242, 0.000502365466673, -0.000440132047515, 0.00164654524997, -0.000866164802574], [0.000298549479339, -0.00162046821788, 0.00165161117911, -0.00142747932114, 0.00140055816155, -0.00147527433001, 0.0014690309763, -0.00339989783242, 0.0115934005007, -0.00555559247732, 0.00301180337556, 0.000820753164589, -0.000361272657756], [-0.00038893436431, 0.00277585466392, -0.00115182250738, 0.00179840007331, -0.00399700552225, 0.0031046513468, 0.000250271958066, 0.000502365466673, -0.00555559247732, 0.0160612780601, -0.00744391232729, 0.00218282919377, 0.000395732960897], [0.000823939568363, -0.0033664801158, 0.0021421785932, -0.00306630763225, 0.00463787466288, -0.00389225850813, 0.000900345563423, -0.000440132047515, 0.00301180337556, -0.00744391232729, 0.0174588840455, -0.00873561296612, 0.00413025170565], [-0.000626555469353, 0.00345640233718, -0.00121515803039, 0.00232450035401, -0.00400493340567, 0.00459402007982, -0.00268691359088, 0.00164654524997, 0.000820753164589, 0.00218282919377, -0.00873561296612, 0.02020114474, -0.00773619674146], [0.000540233275387, -0.00183139136061, 0.0014077181695, -0.00163371639792, 0.00238634669222, -0.00299388798885, 0.0027473072987, -0.000866164802574, -0.000361272657756, 0.000395732960897, 0.00413025170565, -0.00773619674146, 0.0167930852622]], "cov": [[9733.30371094, 48.1564941406, -325.92779541, -326.310791016, -558.403930664, 495.184906006, 12.9836978912, 20.0328655243, -105.932350159, -136.791610718, -243.116287231, -36.7122459412, -101.923522949], [48.1564941406, 806.756469727, -103.58959198, -25.5062980652, 141.404220581, -79.2146911621, 62.9372215271, -39.6396179199, 46.1254081726, -49.2220306396, 42.3201217651, -55.8035011292, 12.1137542725], [-325.92779541, -103.58959198, 764.98425293, 309.089263916, 84.3029403687, 61.4963951111, -8.57460212708, 51.9121856689, -50.9705352783, 4.22927808762, -39.1906967163, -10.7561149597, -28.3168411255], [-326.310791016, -25.5062980652, 309.089263916, 447.960113525, 172.300216675, -11.1329994202, -51.0441093445, -11.4538230896, 5.04255056381, 22.244966507, 11.0282945633, -5.28851652145, 1.11183464527], [-558.403930664, 141.404220581, 84.3029403687, 172.300216675, 347.504516602, -6.55257892609, -27.8120746613, -28.2125511169, 15.5950832367, 42.1776161194, -0.475455254316, 6.60066890717, -1.87527811527], [495.184906006, -79.2146911621, 61.4963951111, -11.1329994202, -6.55257892609, 196.563369751, 75.5595550537, 28.1084480286, -14.9371538162, -21.3813667297, -16.242433548, -10.9951725006, -6.63190317154], [12.9836978912, 62.9372215271, -8.57460212708, -51.0441093445, -27.8120746613, 75.5595550537, 183.345611572, 44.1057014465, -10.7838363647, -29.7018165588, 9.68039131165, -3.53798031807, -11.6408166885], [20.0328655243, -39.6396179199, 51.9121856689, -11.4538230896, -28.2125511169, 28.1084480286, 44.1057014465, 133.793518066, 30.7154846191, 1.84102714062, -12.4352083206, -13.669793129, -4.34928226471], [-105.932350159, 46.1254081726, -50.9705352783, 5.04255056381, 15.5950832367, -14.9371538162, -10.7838363647, 30.7154846191, 130.426330566, 37.5668945313, -3.34541130066, -21.3192234039, 4.59287500381], [-136.791610718, -49.2220306396, 4.22927808762, 22.244966507, 42.1776161194, -21.3813667297, -29.7018165588, 1.84102714062, 37.5668945313, 106.990341187, 31.2586860657, 7.63985157013, -9.89078617096], [-243.116287231, 42.3201217651, -39.1906967163, 11.0282945633, -0.475455254316, -16.242433548, 9.68039131165, -12.4352083206, -3.34541130066, 31.2586860657, 109.045509338, 30.7459030151, -1.72310912609], [-36.7122459412, -55.8035011292, -10.7561149597, -5.28851652145, 6.60066890717, -10.9951725006, -3.53798031807, -13.669793129, -21.3192234039, 7.63985157013, 30.7459030151, 84.5492019653, 23.2072982788], [-101.923522949, 12.1137542725, -28.3168411255, 1.11183464527, -1.87527811527, -6.63190317154, -11.6408166885, -4.34928226471, 4.59287500381, -9.89078617096, -1.72310912609, 23.2072982788, 78.8411483765]]}, "spectral_energyband_middle_low": {"dmean2": 0.0108371330425, "median": 0.00369735248387, "min": 3.9925828135e-22, "dvar2": 0.000720970798284, "dvar": 0.000274975434877, "dmean": 0.0065926304087, "max": 0.188674300909, "var": 0.000283659668639, "mean": 0.00952267553657}, "melbands_crest": {"dmean2": 5.4382276535, "median": 13.2004957199, "min": 2.12141132355, "dvar2": 23.0162582397, "dvar": 9.57410526276, "dmean": 3.42868590355, "max": 36.2032699585, "var": 29.6318511963, "mean": 13.9706707001}, "spectral_kurtosis": {"dmean2": 1.64748001099, "median": 2.66890311241, "min": -1.24692606926, "dvar2": 2.96664023399, "dvar": 1.31546092033, "dmean": 1.06965875626, "max": 23.3977012634, "var": 5.02104997635, "mean": 3.04244971275}, "spectral_rms": {"dmean2": 0.00142332504038, "median": 0.0031858056318, "min": 3.14067608725e-12, "dvar2": 4.98770987178e-06, "dvar": 2.33096352531e-06, "dmean": 0.000995968235657, "max": 0.0147231509909, "var": 5.718344255e-06, "mean": 0.00386705878191}, "zerocrossingrate": {"dmean2": 0.0161977875978, "median": 0.064453125, "min": 0.0048828125, "dvar2": 0.000345544074662, "dvar": 0.000276289239991, "dmean": 0.0137480869889, "max": 0.501953125, "var": 0.00160954205785, "mean": 0.0727020204067}, "silence_rate_60dB": {"dmean2": 0.0916939601302, "median": 0, "min": 0, "dvar2": 0.0961976572871, "dvar": 0.0437440425158, "dmean": 0.0458424277604, "max": 1, "var": 0.116869479418, "mean": 0.135132446885}, "erbbands_kurtosis": {"dmean2": 1.96934890747, "median": 0.267006933689, "min": -1.83434736729, "dvar2": 9.97466182709, "dvar": 4.5036110878, "dmean": 1.30594444275, "max": 42.7239303589, "var": 13.0302829742, "mean": 1.50233376026}, "erbbands": {"dmean2": [0.117355339229, 1.08917462826, 4.26321935654, 11.3800497055, 16.933675766, 10.3564929962, 7.15448474884, 8.95403575897, 8.03310871124, 13.6302375793, 29.0053005219, 23.6443958282, 34.8524131775, 32.6729698181, 32.4447822571, 42.7676887512, 38.3984794617, 34.36743927, 27.3763484955, 18.6880970001, 9.44161224365, 7.15938043594, 5.93629264832, 3.81244301796, 3.85470318794, 3.10499334335, 2.76820516586, 4.35507202148, 4.42626571655, 4.04619169235, 4.36141395569, 2.66389513016, 1.72144818306, 2.43057990074, 0.876031219959, 0.163473665714, 0.0359235517681, 0.00523628294468, 0.000115471259051, 2.36965952354e-05], "median": [0.0142411245033, 0.173345267773, 0.93172031641, 1.91174328327, 1.55156755447, 1.23015511036, 1.89024949074, 2.20715856552, 3.0578212738, 6.05858230591, 6.71049165726, 4.70709896088, 6.81086683273, 7.29278326035, 7.05019712448, 7.71646642685, 6.52618694305, 7.83917284012, 4.83923721313, 5.23744344711, 3.58358073235, 3.70284605026, 3.51260209084, 3.05902957916, 2.71292328835, 1.9686845541, 1.76083958149, 2.71058154106, 2.79263353348, 2.16233229637, 1.54225039482, 0.9939417243, 0.646779298782, 0.504903435707, 0.197490304708, 0.058175958693, 0.0128788705915, 0.00136571598705, 4.30209438491e-05, 1.71104493347e-05], "min": [1.25325095079e-22, 5.56205149805e-22, 5.20237555586e-21, 2.00045310872e-20, 1.16015673976e-19, 2.7701229229e-19, 3.67405788299e-19, 2.22491732442e-19, 6.38072597164e-19, 1.53358024117e-18, 1.76814715619e-18, 3.71789106252e-18, 1.78869246145e-18, 2.73165581909e-18, 1.79702858087e-18, 2.51047951062e-18, 3.49683076613e-18, 5.73292826371e-18, 6.24600937252e-18, 5.38198613549e-18, 1.13377643008e-17, 1.28463895369e-17, 1.36867264571e-17, 1.37081132118e-17, 1.81364047688e-17, 9.37644131351e-18, 1.52339950898e-17, 1.72155426432e-17, 1.5989617962e-17, 1.93337685578e-17, 1.58777781801e-17, 1.58904671307e-17, 1.44544964765e-17, 1.1436905206e-17, 1.32790182322e-17, 4.96729071591e-18, 2.44756766875e-18, 1.09160502538e-18, 3.07468927348e-19, 3.11141564031e-20], "dvar2": [0.0890570431948, 6.90104150772, 112.016166687, 892.622314453, 3079.06591797, 1280.81286621, 320.744720459, 699.488647461, 505.198822021, 1403.66491699, 10499.921875, 14283.8007813, 25141.6132813, 15432.5107422, 13881.4804688, 29006.5664063, 18471.4648438, 13458.1484375, 11358.2158203, 6838.74707031, 1602.79504395, 233.991119385, 116.51121521, 44.9624023438, 58.0782470703, 39.4266242981, 28.5412578583, 71.6025619507, 69.0184173584, 69.8892440796, 187.659439087, 85.5730056763, 53.0576171875, 87.8330307007, 11.4112548828, 0.196160510182, 0.00572636118159, 0.000131893888465, 6.08920629475e-08, 2.08785033706e-09], "dvar": [0.0422519668937, 3.19656777382, 41.15284729, 332.40838623, 1109.97900391, 451.408172607, 125.732398987, 261.01159668, 194.00213623, 714.138916016, 6444.46337891, 7932.24853516, 12323.7695313, 6670.69335938, 5984.56201172, 14014.1230469, 7984.56982422, 5801.79736328, 5391.35546875, 2933.34594727, 578.063659668, 105.908851624, 51.0734176636, 17.7407779694, 23.8414783478, 16.6719684601, 11.8855781555, 31.1159172058, 32.1679916382, 35.6614952087, 90.7202224731, 43.0685768127, 25.4580059052, 44.0642471313, 4.53456258774, 0.0815739110112, 0.00276244711131, 6.32074079476e-05, 2.92834645421e-08, 8.97495189278e-10], "dmean": [0.0799288898706, 0.694355785847, 2.47244167328, 6.59908437729, 9.43494510651, 5.76127719879, 4.33452987671, 5.27359867096, 4.86131095886, 9.19762802124, 21.028383255, 17.0231399536, 24.395526886, 22.0453910828, 21.639585495, 28.9381637573, 25.0881748199, 22.6738185883, 18.2961578369, 12.0309076309, 6.03633975983, 4.64526700974, 3.77362632751, 2.44542622566, 2.52047252655, 2.04442405701, 1.84658455849, 2.90171670914, 3.04370808601, 2.77272319794, 2.9748916626, 1.83137094975, 1.21931517124, 1.6037749052, 0.57386392355, 0.11147826165, 0.0253519210964, 0.00363961327821, 8.15010789665e-05, 1.62734177138e-05], "max": [2.09581160545, 20.866859436, 87.5903091431, 244.176254272, 422.654205322, 286.836395264, 457.33972168, 403.23223877, 405.434967041, 1190.10864258, 4184.92578125, 4706.99804688, 5715.29443359, 2521.296875, 2948.03515625, 5504.43603516, 2873.97387695, 2240.03051758, 2811.29492188, 2813.49829102, 1435.5012207, 283.612731934, 187.740570068, 127.436805725, 162.222259521, 104.001083374, 81.9773483276, 204.485870361, 236.086547852, 231.279525757, 381.396087646, 339.838653564, 307.89541626, 440.140899658, 58.818107605, 8.08612442017, 1.31946289539, 0.215992167592, 0.00449992995709, 0.000375044590328], "var": [0.0480975061655, 3.47563362122, 31.3783988953, 239.873352051, 692.91607666, 276.533508301, 291.265869141, 356.719299316, 255.0756073, 1643.2598877, 26980.9589844, 20257.8046875, 36885.9296875, 17432.0195313, 12778.3544922, 28889.3222656, 13850.8974609, 11554.6513672, 10972.4501953, 5322.73486328, 1072.50585938, 260.170837402, 105.904602051, 30.2903251648, 41.4722366333, 30.04246521, 19.8117408752, 53.1851387024, 63.8622322083, 72.6986694336, 158.118911743, 86.4572906494, 55.2391624451, 74.6394882202, 4.3149971962, 0.0969719067216, 0.00497582601383, 0.00010800336895, 5.12966416011e-08, 1.41457157099e-09], "mean": [0.0836904942989, 0.752478539944, 2.54173016548, 6.05508518219, 7.39891862869, 4.98050928116, 6.34427690506, 7.06505346298, 7.38044452667, 16.8251361847, 46.9266624451, 32.6142921448, 47.4995117188, 40.0623550415, 34.9055976868, 45.7399330139, 37.7637214661, 36.0904006958, 27.6358985901, 18.5521621704, 10.5249147415, 8.53202438354, 6.61541461945, 4.63145542145, 4.63068723679, 3.60848736763, 3.21683120728, 5.07711076736, 5.5121421814, 4.76310110092, 4.40871906281, 2.85609960556, 1.96584391594, 1.94721198082, 0.662115693092, 0.14941444993, 0.0373765975237, 0.00517126778141, 0.000124047743157, 3.11088733724e-05]}, "spectral_strongpeak": {"dmean2": 1.09399974346, "median": 0.456724703312, "min": 0, "dvar2": 3.35685420036, "dvar": 1.47117972374, "dmean": 0.663411319256, "max": 38.5659751892, "var": 3.54322481155, "mean": 1.27158558369}, "spectral_energy": {"dmean2": 0.0176873914897, "median": 0.0104030910879, "min": 1.01104420269e-20, "dvar2": 0.00126455246937, "dvar": 0.00051978189731, "dmean": 0.0115221720189, "max": 0.222190439701, "var": 0.000728245475329, "mean": 0.0211894121021}, "average_loudness": 0.858728587627, "spectral_rolloff": {"dmean2": 1005.3104248, "median": 1270.45898438, "min": 21.533203125, "dvar2": 3186594, "dvar": 1431905.75, "dmean": 600.912841797, "max": 18712.3535156, "var": 2716981.25, "mean": 1658.9329834}, "spectral_centroid": {"dmean2": 406.247680664, "median": 1248.02770996, "min": 140.342254639, "dvar2": 209288.15625, "dvar": 101476.085938, "dmean": 265.634185791, "max": 10763.5185547, "var": 348621.5625, "mean": 1359.15869141}, "pitch_salience": {"dmean2": 0.109305515885, "median": 0.517288923264, "min": 0.0629199147224, "dvar2": 0.009974158369, "dvar": 0.00403176480904, "dmean": 0.069742590189, "max": 0.902033209801, "var": 0.0105109801516, "mean": 0.517528653145}, "spectral_energyband_middle_high": {"dmean2": 0.00322717567906, "median": 0.00196398166008, "min": 1.56436948765e-21, "dvar2": 5.15000283485e-05, "dvar": 2.32462080021e-05, "dmean": 0.00224001542665, "max": 0.124064192176, "var": 8.90956871444e-05, "mean": 0.00547361606732}, "spectral_contrast_coeffs": {"dmean2": [0.0833931937814, 0.0673340782523, 0.0644111856818, 0.0569496154785, 0.0403423905373, 0.0304214581847], "median": [-0.670323610306, -0.707225620747, -0.72055375576, -0.728548288345, -0.771662175655, -0.771811842918], "min": [-0.963553071022, -0.977304399014, -0.973754703999, -0.962421000004, -0.956687569618, -0.959732413292], "dvar2": [0.00595060363412, 0.00311884423718, 0.00272875837982, 0.00203068740666, 0.00101941265166, 0.000625161454082], "dvar": [0.00244307052344, 0.001276249066, 0.00117795250844, 0.000883823784534, 0.000428626983194, 0.00029820841155], "dmean": [0.0519840568304, 0.0421475358307, 0.0414013415575, 0.0370462946594, 0.0259897504002, 0.0203755591065], "max": [-0.311810433865, -0.378085196018, -0.389543443918, -0.476377308369, -0.615984559059, -0.572245240211], "var": [0.00507378811017, 0.00579272769392, 0.00612443732098, 0.00399753963575, 0.00177607219666, 0.00157488521654], "mean": [-0.666467547417, -0.701677858829, -0.714067101479, -0.72661870718, -0.770086944103, -0.767595410347]}, "melbands_skewness": {"dmean2": 1.32339954376, "median": 1.90874660015, "min": -1.34937095642, "dvar2": 2.54216122627, "dvar": 1.29500699043, "dmean": 0.909803271294, "max": 19.2677230835, "var": 4.36477661133, "mean": 2.42470645905}, "spectral_spread": {"dmean2": 988960.125, "median": 5517823, "min": 2165662.75, "dvar2": 1118570414080.0, "dvar": 657374642176, "dmean": 741816.4375, "max": 40991880, "var": 2845977083900.0, "mean": 5793323}, "dissonance": {"dmean2": 0.0395173542202, "median": 0.45591956377, "min": 0.228853419423, "dvar2": 0.00146121089347, "dvar": 0.000548450858332, "dmean": 0.0235937628895, "max": 0.499999850988, "var": 0.00127764185891, "mean": 0.447552382946}, "spectral_skewness": {"dmean2": 0.279215782881, "median": 1.43187093735, "min": -0.239738345146, "dvar2": 0.0623074024916, "dvar": 0.0293630342931, "dmean": 0.187890544534, "max": 4.13144302368, "var": 0.167692691088, "mean": 1.44379162788}, "spectral_flux": {"dmean2": 0.0494309552014, "median": 0.0500506386161, "min": 1.00550692772e-10, "dvar2": 0.00437793368474, "dvar": 0.00224461290054, "dmean": 0.0316612869501, "max": 0.420065164566, "var": 0.00445978390053, "mean": 0.074415281415}, "spectral_contrast_valleys": {"dmean2": [0.694776594639, 0.605280220509, 0.568164229393, 0.505741834641, 0.421794712543, 0.466921150684], "median": [-7.5275888443, -7.28050947189, -7.83059644699, -8.36350440979, -8.16881942749, -9.85698413849], "min": [-26.7979106903, -26.851354599, -26.8791923523, -27.0992469788, -27.4321804047, -27.2088184357], "dvar2": [0.404997766018, 0.304923862219, 0.223476454616, 0.186105847359, 0.143373653293, 0.227767437696], "dvar": [0.221469566226, 0.148178458214, 0.11397895962, 0.103234410286, 0.0905673727393, 0.147789388895], "dmean": [0.466254770756, 0.390380173922, 0.373395979404, 0.34655430913, 0.314735978842, 0.399074018002], "max": [-5.11555671692, -4.92080593109, -5.06500673294, -5.7156829834, -6.1467833519, -7.31626701355], "var": [1.17160439491, 1.03339588642, 1.16739058495, 1.01310908794, 0.876039922237, 1.35340666771], "mean": [-7.62703800201, -7.36654567719, -7.94701099396, -8.41813564301, -8.27186203003, -10.0897684097]}, "erbbands_flatness_db": {"dmean2": 0.0269287396222, "median": 0.142039746046, "min": 0.0301978271455, "dvar2": 0.000616159813944, "dvar": 0.000357082521077, "dmean": 0.0204522497952, "max": 0.329821318388, "var": 0.00230775773525, "mean": 0.148794785142}, "spectral_energyband_high": {"dmean2": 0.00053265603492, "median": 0.000363518949598, "min": 7.18530600653e-21, "dvar2": 1.76020319032e-06, "dvar": 8.72656471529e-07, "dmean": 0.000392363086576, "max": 0.0308315064758, "var": 1.85619990134e-06, "mean": 0.000721700955182}, "spectral_entropy": {"dmean2": 0.278623580933, "median": 7.61698532104, "min": 5.7806930542, "dvar2": 0.0740432739258, "dvar": 0.0329922288656, "dmean": 0.198469996452, "max": 9.8069858551, "var": 0.157572820783, "mean": 7.61830854416}, "silence_rate_20dB": {"dmean2": 0, "median": 1, "min": 1, "dvar2": 0, "dvar": 0, "dmean": 0, "max": 1, "var": 0, "mean": 1}, "melbands_flatness_db": {"dmean2": 0.0416593588889, "median": 0.172699317336, "min": 0.00820495653898, "dvar2": 0.00187095347792, "dvar": 0.000900503247976, "dmean": 0.0279587432742, "max": 0.516816675663, "var": 0.00339670083486, "mean": 0.17756742239}, "barkbands": {"dmean2": [8.54547979543e-05, 0.00430277455598, 0.00444012274966, 0.00490952050313, 0.00379867944866, 0.00104605033994, 0.000569394091144, 0.00128172338009, 0.00101964932401, 0.00127468421124, 0.000769307720475, 0.00101568771061, 0.000970023509581, 0.000592045660596, 0.000514681683853, 0.000193988176761, 0.000151398257003, 0.000109175634861, 7.2865812399e-05, 6.42527375021e-05, 8.89537768671e-05, 0.000118775642477, 0.000147137325257, 0.000102958139905, 0.000161874937476, 2.2781538064e-05, 1.23435995647e-06], "median": [1.22311785162e-05, 0.00065148883732, 0.000891416100785, 0.000556839746423, 0.000458921829704, 0.000300629180856, 0.000241120258579, 0.000324454536894, 0.000127673876705, 0.000238571738009, 0.000111354253022, 0.000154376524733, 0.000145537269418, 0.000104058453871, 0.000117066869279, 4.57287060271e-05, 7.277156692e-05, 5.78951003263e-05, 5.37670966878e-05, 3.84557170037e-05, 5.70665106352e-05, 7.61282281019e-05, 5.85009256611e-05, 4.23095079896e-05, 3.71585374523e-05, 8.61811622599e-06, 6.89856065605e-08], "min": [1.15829314461e-24, 2.71687640063e-24, 5.12461320085e-24, 1.11281807443e-23, 7.58992296321e-23, 3.06735815003e-23, 6.11935433834e-23, 7.93938581987e-23, 1.27859711478e-22, 8.26242436056e-23, 4.80767365937e-23, 5.76339568544e-23, 6.12665351052e-23, 1.07841413064e-22, 1.26496054963e-22, 1.37550432247e-22, 2.60184552384e-22, 2.43676154884e-22, 3.36946171069e-22, 2.36804280254e-22, 4.10703327799e-22, 4.81330107752e-22, 6.07361858119e-22, 8.07308638371e-22, 1.4852291441e-21, 1.31872340194e-21, 2.10569649359e-21], "dvar2": [4.12960119434e-08, 0.000110020759166, 0.00012380037515, 0.000194508291315, 0.000165776233189, 8.15779731056e-06, 2.3556758606e-06, 1.7189715436e-05, 2.36881787714e-05, 2.30975529121e-05, 1.05698691186e-05, 1.73415464815e-05, 1.05814324343e-05, 4.44097577201e-06, 3.68638529835e-06, 7.21836102002e-07, 9.90518245203e-08, 3.52699700557e-08, 1.74505387918e-08, 1.65900022608e-08, 2.79887064636e-08, 5.02106090039e-08, 1.78202682832e-07, 1.52793958819e-07, 3.41151036309e-07, 2.65626987073e-09, 1.07833698568e-11], "dvar": [1.88467783602e-08, 5.31226942257e-05, 4.45819678134e-05, 7.17674702173e-05, 5.86750466027e-05, 3.00776105178e-06, 9.96734115688e-07, 1.01214500319e-05, 1.29274540086e-05, 1.10448600026e-05, 4.68472353532e-06, 7.81427024776e-06, 4.58660679215e-06, 1.99305100068e-06, 1.75004549874e-06, 3.04996973455e-07, 4.52503527981e-08, 1.53465418151e-08, 7.04934155493e-09, 6.94793289568e-09, 1.18072485122e-08, 2.42230271397e-08, 8.88622579964e-08, 7.74774022716e-08, 1.59174291525e-07, 1.22565446681e-09, 4.20602962181e-12], "dmean": [5.58370265935e-05, 0.00283108325675, 0.00251955259591, 0.00280855339952, 0.00211402750574, 0.000617452373262, 0.00035333429696, 0.000930856273044, 0.000723375414964, 0.000881892279722, 0.000515266729053, 0.000674024282489, 0.000636111188214, 0.00038793735439, 0.000340754835634, 0.000122410594486, 9.68855674728e-05, 6.93141191732e-05, 4.71107159683e-05, 4.23354867962e-05, 5.94063094468e-05, 8.24185481179e-05, 0.000101200668723, 7.32426633476e-05, 0.000108430853288, 1.59996016009e-05, 7.59812905926e-07], "max": [0.00188831868581, 0.0786795392632, 0.0893109887838, 0.0956542491913, 0.0943368300796, 0.032004699111, 0.0517775863409, 0.148197740316, 0.167286232114, 0.131763741374, 0.0678576678038, 0.12091948837, 0.0548966340721, 0.038306709379, 0.0472963824868, 0.0222486872226, 0.00911044515669, 0.00287495739758, 0.00247138016857, 0.00191221130081, 0.00250205397606, 0.00675192009658, 0.013118811883, 0.0147580867633, 0.021193979308, 0.000999022042379, 5.38104213774e-05], "var": [2.17421618487e-08, 6.17217883701e-05, 3.2660755096e-05, 4.87674478791e-05, 3.6201927287e-05, 3.83360338674e-06, 1.93376695279e-06, 3.84318846045e-05, 3.48871435563e-05, 2.93378470815e-05, 1.08943950181e-05, 1.56169990078e-05, 7.87713361206e-06, 3.85208022635e-06, 3.37578012477e-06, 5.53347433652e-07, 1.04701406656e-07, 2.9803274515e-08, 1.203949207e-08, 1.22952554804e-08, 2.04629735379e-08, 4.94186629396e-08, 1.65074979463e-07, 1.78146166263e-07, 2.28961667403e-07, 1.96248040041e-09