{"tonal": {"thpcp": [1, 0.502733647823, 0.265627354383, 0.220889434218, 0.248550564051, 0.467720210552, 0.520916998386, 0.2799898386, 0.123032197356, 0.101027607918, 0.14115126431, 0.254079312086, 0.296651482582, 0.335763424635, 0.56827712059, 0.619227409363, 0.335883587599, 0.130745977163, 0.0956714227796, 0.139916792512, 0.262780725956, 0.288755863905, 0.189343586564, 0.132957026362, 0.164886966348, 0.375558167696, 0.684839963913, 0.619124114513, 0.461239218712, 0.599114894867, 0.511262536049, 0.241681724787, 0.148401409388, 0.166554152966, 0.417243123055, 0.959921181202], "hpcp": {"dmean2": [0.138441637158, 0.16106043756, 0.204369500279, 0.247046723962, 0.266882151365, 0.188760444522, 0.108418852091, 0.0907312631607, 0.107392944396, 0.162573382258, 0.156019955873, 0.13044527173, 0.117030873895, 0.142400175333, 0.217351272702, 0.28861540556, 0.284185260534, 0.236420094967, 0.196448370814, 0.178360879421, 0.143937498331, 0.120120763779, 0.138015270233, 0.232179924846, 0.338863819838, 0.326045840979, 0.248800858855, 0.154480025172, 0.12269128859, 0.144604161382, 0.177620172501, 0.178003311157, 0.148396715522, 0.0989907607436, 0.090080216527, 0.107090808451], "median": [0.0307936668396, 0.0387793555856, 0.0425058379769, 0.0874688923359, 0.0818578973413, 0.0257536619902, 0.0049791848287, 0.00270362361334, 0.00530340755358, 0.0144806420431, 0.0166741870344, 0.00890658888966, 0.00362351140939, 0.00506690889597, 0.0381752029061, 0.0992426425219, 0.10226418823, 0.0673535615206, 0.0374201312661, 0.0193551499397, 0.00992759224027, 0.00574806891382, 0.00593611272052, 0.0547300949693, 0.199281617999, 0.218136310577, 0.0753107815981, 0.0184228029102, 0.0093314666301, 0.0116785485297, 0.0194475874305, 0.016781296581, 0.009686274454, 0.00432658521459, 0.00340076046996, 0.0115531617776], "min": [0, 0, 0, 0, 0, 0, 0, 0, 0, 0, 0, 0, 0, 0, 0, 0, 0, 0, 0, 0, 0, 0, 0, 0, 0, 0, 0, 0, 0, 0, 0, 0, 0, 0, 0, 0], "dvar2": [0.0553672648966, 0.06379956007, 0.0954087674618, 0.105159364641, 0.124685592949, 0.0864758566022, 0.0583811961114, 0.0566615276039, 0.0556535348296, 0.104161307216, 0.0895945653319, 0.0767651349306, 0.0641939267516, 0.0847146585584, 0.102549314499, 0.130783587694, 0.10968220979, 0.101054050028, 0.0850709229708, 0.0857643336058, 0.0764836147428, 0.0705670937896, 0.0818233191967, 0.10262927413, 0.14609606564, 0.12505184114, 0.10301040113, 0.0732184574008, 0.0597893446684, 0.0737556964159, 0.0902015939355, 0.0956696271896, 0.0774848759174, 0.0511430315673, 0.0517774969339, 0.0509397573769], "dvar": [0.0212770942599, 0.0243452955037, 0.0346412733197, 0.0404163599014, 0.0498007945716, 0.0331891141832, 0.0212312527001, 0.0202890597284, 0.0205037333071, 0.0375017262995, 0.0336554720998, 0.0289454050362, 0.0238726995885, 0.0323497503996, 0.0402926392853, 0.0533553957939, 0.0444766283035, 0.0371551029384, 0.0347546450794, 0.0335388295352, 0.0283500831574, 0.0256845913827, 0.0294513646513, 0.0377139523625, 0.0552691929042, 0.0500799901783, 0.0391664765775, 0.0270990692079, 0.0225334670395, 0.0275147799402, 0.0361494012177, 0.0395148321986, 0.0285264756531, 0.0190399680287, 0.0188116692007, 0.0182885657996], "dmean": [0.0804023593664, 0.0946792215109, 0.117971032858, 0.146247670054, 0.15756508708, 0.109286814928, 0.0601739026606, 0.0495296642184, 0.0596996992826, 0.0913938209414, 0.0899155065417, 0.0734720379114, 0.0644506439567, 0.0790694579482, 0.126130193472, 0.169325903058, 0.167294859886, 0.138507783413, 0.115780085325, 0.105940364301, 0.0826672613621, 0.066756695509, 0.0770181417465, 0.135285660625, 0.199109569192, 0.192294701934, 0.145953312516, 0.088262617588, 0.0692855492234, 0.0841841027141, 0.105601243675, 0.105552889407, 0.0859204083681, 0.0550197772682, 0.0492174550891, 0.0595866627991], "max": [1, 1, 1, 1, 1, 1, 1, 1, 1, 1, 1, 1, 1, 1, 1, 1, 1, 1, 1, 1, 1, 1, 1, 1, 1, 1, 1, 1, 1, 1, 1, 1, 1, 1, 1, 1], "var": [0.02698600851, 0.0311463028193, 0.0366282388568, 0.0704812631011, 0.0891778469086, 0.0437668152153, 0.0168950743973, 0.0135335950181, 0.0180109888315, 0.0418834723532, 0.0449123308063, 0.0288751292974, 0.0183248743415, 0.0259233843535, 0.0475130453706, 0.0989906862378, 0.0741883441806, 0.0508168637753, 0.104512497783, 0.0887391194701, 0.0331238210201, 0.0206356104463, 0.0237233117223, 0.0452915877104, 0.116690821946, 0.121605798602, 0.055938731879, 0.0381703600287, 0.0367136523128, 0.032933767885, 0.0830462500453, 0.101424112916, 0.0396186076105, 0.0155404852703, 0.0139142982662, 0.0143995927647], "mean": [0.0913077667356, 0.106606811285, 0.120662361383, 0.204220160842, 0.222530007362, 0.120705537498, 0.0469858124852, 0.0343811698258, 0.0502815023065, 0.0944347754121, 0.103769384325, 0.068043872714, 0.0477803908288, 0.0592549666762, 0.134963288903, 0.24610902369, 0.22249288857, 0.165754243731, 0.215302243829, 0.183730974793, 0.0868524834514, 0.0533305965364, 0.0598540976644, 0.149943485856, 0.344964176416, 0.359367191792, 0.180665969849, 0.0954577550292, 0.07938041538, 0.0893209204078, 0.168083295226, 0.18720048666, 0.100619159639, 0.0442137345672, 0.0363060086966, 0.0507251322269]}, "tuning_equal_tempered_deviation": 0.166997596622, "chords_changes_rate": 0.0471096485853, "key_key": "A#", "tuning_diatonic_strength": 0.685930073261, "key_scale": "major", "chords_number_rate": 0.00205718982033, "tuning_frequency": 434.193115234, "tuning_nontempered_energy_ratio": 0.855750918388, "chords_histogram": [46.3279151917, 10.2242336273, 7.52931499481, 0, 1.41946101189, 0, 2.09833359718, 0.123431392014, 1.15202629566, 0.041143797338, 0.185147091746, 0, 0, 0, 0.390866070986, 9.05163574219, 0.020571898669, 0, 0, 0.493725568056, 0, 3.76465749741, 5.82184743881, 11.3556880951], "key_strength": 0.770627140999, "chords_key": "A#", "chords_strength": {"dmean2": 0.00995955523103, "median": 0.573336422443, "min": -1, "dvar2": 0.000841690576635, "dvar": 0.000447268161224, "dmean": 0.00958553887904, "max": 0.85994631052, "var": 0.0192245375365, "mean": 0.569787859917}, "chords_scale": "major", "hpcp_entropy": {"dmean2": 1.04122900963, "median": 1.79627108574, "min": 0, "dvar2": 0.718411147594, "dvar": 0.259124904871, "dmean": 0.611351072788, "max": 3.94696831703, "var": 0.465237796307, "mean": 1.76414656639}}, "metadata": {"audio_properties": {"equal_loudness": 0, "codec": "vorbis", "downmix": "mix", "sample_rate": 44100, "analysis_sample_rate": 44100, "bit_rate": 320000, "md5_encoded": "d6b1c1a36bbc2246e81d93727e77e5ec", "length": 225.681991577, "replay_gain": -13.0711402893, "lossless": false}, "version": {"essentia_build_sha": "cead25079874084f62182a551b7393616cd33d87", "essentia": "2.1-beta2", "extractor": "music 1.0", "essentia_git_sha": "v2.1_beta2-1-ge3940c0"}, "tags": {"title": ["I Remember"], "barcode": ["616892649120"], "media": ["CD"], "albumartist": ["University of Wisconsin Madhatters"], "tracktotal": ["13"], "musicbrainz_releasegroupid": ["047397fa-c70e-4dc7-9ff5-92183855e71b"], "releasetype": ["album"], "musicbrainz_recordingid": ["1bbcd02d-6cec-4481-9a57-b6a08c7168bb"], "musicbrainz_albumartistid": ["df19a7e9-213c-4226-97a4-3c1a2a11c125"], "discnumber": ["1"], "album": ["Friday After Class"], "releasecountry": ["US"], "originaldate": ["2005"], "albumartistsort": ["University of Wisconsin Madhatters"], "date": ["2005"], "file_name": "08 I Remember.ogg", "disctotal": ["1"], "musicbrainz_artistid": ["df19a7e9-213c-4226-97a4-3c1a2a11c125"], "asin": ["B000O784WU"], "musicbrainz_albumid": ["bbc7ab8e-145c-470b-967d-8d69384940f2"], "tracknumber": ["8"], "artistsort": ["University of Wisconsin Madhatters"], "artist": ["University of Wisconsin Madhatters"], "label": ["[no label]"], "totaltracks": ["13"], "totaldiscs": ["1"], "script": ["Latn"], "releasestatus": ["official"]}}, "rhythm": {"bpm_histogram_first_peak_bpm": {"dmean2": 0, "median": 117, "min": 117, "dvar2": 0, "dvar": 0, "dmean": 0, "max": 117, "var": 0, "mean": 117}, "bpm": 116.719963074, "bpm_histogram_second_peak_spread": {"dmean2": 0, "median": 0, "min": 0, "dvar2": 0, "dvar": 0, "dmean": 0, "max": 0, "var": 0, "mean": 0}, "bpm_histogram_first_peak_weight": {"dmean2": 0, "median": 0.454545468092, "min": 0.454545468092, "dvar2": 0, "dvar": 0, "dmean": 0, "max": 0.454545468092, "var": 0, "mean": 0.454545468092}, "onset_rate": 3.29644107819, "beats_position": [0.568888902664, 1.13777780533, 1.70666658878, 2.27555561066, 2.8444442749, 3.36689329147, 3.87773227692, 4.38857126236, 4.91102027893, 5.4334692955, 5.95591831207, 6.47836732864, 7.00081634521, 7.51165533066, 8.0224943161, 8.54494285583, 9.05578231812, 9.57823085785, 10.0890703201, 10.6115188599, 11.1223583221, 11.6331968307, 12.0395460129, 12.445895195, 12.8522443771, 13.2585935593, 13.6301136017, 13.9900226593, 14.3499317169, 14.7098407745, 15.0697498322, 15.4296598434, 15.7895689011, 16.1494789124, 16.4861679077, 16.8228569031, 17.1595458984, 17.4962348938, 17.8213157654, 18.1580047607, 18.4946937561, 18.8313827515, 19.1564617157, 19.4815406799, 19.8066215515, 20.1317005157, 20.45677948, 20.8282985687, 21.1882076263, 21.548116684, 21.8964176178, 22.2563266754, 22.616235733, 22.9761447906, 23.3360538483, 23.6959629059, 24.0558719635, 24.4157810211, 24.7873020172, 25.1472110748, 25.5071201324, 25.8670291901, 26.2269382477, 26.5868473053, 26.9467563629, 27.3066654205, 27.6781845093, 28.0264854431, 28.3747844696, 28.7230834961, 29.0713825226, 29.4196815491, 29.7679805756, 30.1162815094, 30.4645805359, 30.8012695312, 31.1379585266, 31.4862575531, 31.8345565796, 32.1828575134, 32.5311546326, 32.8794555664, 33.2277526855, 33.5760536194, 33.9243545532, 34.2726516724, 34.63256073, 34.9924697876, 35.3407707214, 35.7006797791, 36.0605888367, 36.4321098328, 36.7920188904, 37.151927948, 37.5118370056, 37.8717460632, 38.2200431824, 38.57995224, 38.9398651123, 39.2881622314, 39.6480712891, 40.0079803467, 40.3678894043, 40.7277984619, 41.0877075195, 41.4360084534, 41.7843093872, 42.1209983826, 42.4692955017, 42.8175964355, 43.1542854309, 43.4909744263, 43.8276634216, 44.164352417, 44.5126533508, 44.8493423462, 45.1860313416, 45.5343284607, 45.8826293945, 46.2193183899, 46.5560073853, 46.9043083191, 47.2526054382, 47.6009063721, 47.9492073059, 48.297504425, 48.6458053589, 49.1566429138, 49.6674804688, 50.1783218384, 50.7007713318, 51.2232208252, 51.7340583801, 52.2448959351, 52.7557373047, 53.2665748596, 53.7774124146, 54.2882537842, 54.8107032776, 55.3215408325, 55.8323783875, 56.3548278809, 56.8656692505, 57.3765068054, 57.8873443604, 58.39818573, 58.9206352234, 59.4430847168, 59.9539222717, 60.4763717651, 60.9872093201, 61.498046875, 62.0088882446, 62.531337738, 63.042175293, 63.5530128479, 64.0638504028, 64.5746917725, 65.0971450806, 65.6079788208, 66.1188201904, 66.6296615601, 67.1521072388, 67.6629486084, 68.1853942871, 68.6962356567, 69.2186813354, 69.7295227051, 70.2403640747, 70.7511978149, 71.273651123, 71.7844848633, 72.3069381714, 72.817779541, 73.3286132812, 73.8394546509, 74.3502960205, 74.8611297607, 75.3835830688, 75.8944168091, 76.4052581787, 76.9277114868, 77.4385452271, 77.9493865967, 78.4602279663, 78.9710617065, 79.5051269531, 80.0159606934, 80.526802063, 81.0376434326, 81.5484771729, 82.0593185425, 82.5701599121, 83.0809936523, 83.6150588989, 84.1258926392, 84.6367340088, 85.1475753784, 85.6700210571, 86.1924667358, 86.7033081055, 87.2141494751, 87.7249908447, 88.235824585, 88.7466659546, 89.2575073242, 89.7799530029, 90.2907943726, 90.8132400513, 91.3240814209, 91.8349151611, 92.3457565308, 92.8565979004, 93.3790435791, 93.9014968872, 94.4123306274, 94.9231719971, 95.4340133667, 95.9448471069, 96.467300415, 96.9781417847, 97.5005874634, 98.011428833, 98.5222625732, 99.0331039429, 99.555557251, 100.07800293, 100.577232361, 101.076461792, 101.598907471, 102.121360779, 102.643806458, 103.154647827, 103.665489197, 104.187934875, 104.698776245, 105.209609985, 105.720451355, 106.231292725, 106.742126465, 107.252967834, 107.775421143, 108.297866821, 108.808708191, 109.319541931, 109.830383301, 110.34122467, 110.863670349, 111.374511719, 111.896957397, 112.407798767, 112.918640137, 113.429473877, 113.951927185, 114.474372864, 114.985214233, 115.496055603, 116.018501282, 116.529342651, 117.028572083, 117.539405823, 118.061859131, 118.58430481, 119.095146179, 119.605987549, 120.116821289, 120.639274597, 121.150108337, 121.660949707, 122.171791077, 122.694236755, 123.205078125, 123.715919495, 124.238365173, 124.760810852, 125.271652222, 125.782493591, 126.293327332, 126.804168701, 127.303398132, 127.82585144, 128.348297119, 128.870742798, 129.381591797, 129.892425537, 130.403259277, 130.937316895, 131.448165894, 131.958999634, 132.469833374, 132.980682373, 133.491516113, 134.002349854, 134.513198853, 135.024032593, 135.546478271, 136.057327271, 136.579772949, 137.090606689, 137.601455688, 138.112289429, 138.634735107, 139.157180786, 139.668029785, 140.202087402, 140.747756958, 141.270202637, 141.781036377, 142.291885376, 142.814331055, 143.336776733, 143.859222412, 144.370071411, 144.89251709, 145.40335083, 145.925796509, 146.448257446, 146.970703125, 147.469924927, 147.980773926, 148.491607666, 149.002441406, 149.513290405, 150.024124146, 150.534957886, 151.045806885, 151.556640625, 152.067474365, 152.578323364, 153.089157104, 153.599990845, 154.099227905, 154.598449707, 155.109298706, 155.620132446, 156.130966187, 156.641815186, 157.152648926, 157.663482666, 158.174331665, 158.685165405, 159.207611084, 159.730072021, 160.240905762, 160.751739502, 161.262588501, 161.773422241, 162.284255981, 162.80670166, 163.317550659, 163.839996338, 164.350830078, 164.861679077, 165.372512817, 165.894958496, 166.417419434, 166.928253174, 167.439086914, 167.949935913, 168.460769653, 168.971603394, 169.494049072, 170.01651001, 170.52734375, 171.03817749, 171.549026489, 172.071472168, 172.582305908, 173.104751587, 173.615600586, 174.126434326, 174.637283325, 175.148117065, 175.670562744, 176.181396484, 176.692245483, 177.214691162, 177.725524902, 178.236373901, 178.747207642, 179.258041382, 179.780502319, 180.302947998, 180.813781738, 181.324615479, 181.835464478, 182.346298218, 182.857131958, 183.367980957, 183.890426636, 184.412872314, 184.935317993, 185.446166992, 185.957000732, 186.479446411, 186.99029541, 187.50112915, 188.011962891, 188.52281189, 189.03364563, 189.54447937, 190.055328369, 190.566162109, 191.07699585, 191.587844849, 192.110290527, 192.632736206, 193.143585205, 193.654418945, 194.165252686, 194.676101685, 195.198547363, 195.720993042, 196.231826782, 196.742675781, 197.253509521, 197.764343262, 198.286804199, 198.809249878, 199.320083618, 199.830932617, 200.353378296, 200.875823975, 201.386657715, 201.897506714, 202.408340454, 202.919174194, 203.430023193, 203.940856934, 204.463302612, 204.985748291, 205.49659729, 206.019042969, 206.541488647, 207.075546265, 207.62121582, 208.166885376, 208.700942993, 209.246612549, 209.792282104, 210.33795166, 210.883621216, 211.417678833, 211.95173645, 212.485794067, 212.926986694, 213.368164062, 213.809341431, 214.23890686, 214.66847229, 215.109649658, 215.539230347, 215.968795776, 216.398361206, 216.816329956, 217.222671509, 217.640625, 218.05859375, 218.534591675, 218.99899292, 219.463394165, 219.92779541, 220.35736084, 220.77532959, 221.20489502, 221.622848511, 222.040817261, 222.458770752, 222.876724243, 223.306304932, 223.735870361, 224.165435791, 224.595001221, 225.024581909], "beats_loudness": {"dmean2": 0.039906617254, "median": 0.0280956439674, "min": 0, "dvar2": 0.00154429720715, "dvar": 0.000450119929155, "dmean": 0.0209451485425, "max": 0.135047376156, "var": 0.000894752796739, "mean": 0.034765034914}, "danceability": 0.970033586025, "bpm_histogram_second_peak_weight": {"dmean2": 0, "median": 0.0803382694721, "min": 0.0803382694721, "dvar2": 0, "dvar": 0, "dmean": 0, "max": 0.0803382694721, "var": 0, "mean": 0.0803382694721}, "beats_count": 474, "bpm_histogram_second_peak_bpm": {"dmean2": 0, "median": 167, "min": 167, "dvar2": 0, "dvar": 0, "dmean": 0, "max": 167, "var": 0, "mean": 167}, "bpm_histogram_first_peak_spread": {"dmean2": 0, "median": 0.326018810272, "min": 0.326018810272, "dvar2": 0, "dvar": 0, "dmean": 0, "max": 0.326018810272, "var": 0, "mean": 0.326018810272}, "beats_loudness_band_ratio": {"dmean2": [0.381194204092, 0.311084389687, 0.28792321682, 0.158285856247, 0.0655005946755, 0.037597399205], "median": [0.221017360687, 0.250213444233, 0.219902038574, 0.0752651691437, 0.0152177289128, 0.010857722722], "min": [0, 0, 0, 0, 0, 0], "dvar2": [0.102577283978, 0.0577081404626, 0.0549133978784, 0.0219219960272, 0.00861190073192, 0.00925366114825], "dvar": [0.0438096001744, 0.0228483527899, 0.017432751134, 0.00844409223646, 0.00304148136638, 0.00408300757408], "dmean": [0.227485984564, 0.18854059279, 0.164471134543, 0.0904388278723, 0.0371454507113, 0.0222007203847], "max": [0.95048135519, 0.936613798141, 0.803335189819, 0.635756134987, 0.350201129913, 0.978060901165], "var": [0.0689987018704, 0.0541443452239, 0.0266970861703, 0.0109618846327, 0.00258702924475, 0.00275580305606], "mean": [0.305309146643, 0.313072353601, 0.243159607053, 0.109213389456, 0.0355934053659, 0.021169392392]}}, "lowlevel": {"barkbands_spread": {"dmean2": 5.56924962997, "median": 10.8599290848, "min": 0.10327924788, "dvar2": 79.0574035645, "dvar": 40.7103004456, "dmean": 3.80312776566, "max": 107.316192627, "var": 123.747489929, "mean": 13.0967063904}, "melbands_spread": {"dmean2": 5.29584741592, "median": 12.1517658234, "min": 0.285691916943, "dvar2": 66.3207015991, "dvar": 34.8509712219, "dmean": 3.62353587151, "max": 188.4947052, "var": 182.34916687, "mean": 14.2267589569}, "hfc": {"dmean2": 5.86935281754, "median": 10.7862348557, "min": 1.10673695465e-16, "dvar2": 81.1328353882, "dvar": 39.7957267761, "dmean": 4.07874345779, "max": 122.32484436, "var": 286.998291016, "mean": 16.4855308533}, "barkbands_kurtosis": {"dmean2": 6.76703596115, "median": 3.85792350769, "min": -1.93346178532, "dvar2": 382.169708252, "dvar": 171.354812622, "dmean": 4.37847185135, "max": 787.078613281, "var": 361.426940918, "mean": 8.08020877838}, "gfcc": {"mean": [-50.5284538269, 103.683898926, -88.330406189, -8.93275356293, -62.5108985901, 4.13254404068, -40.9672698975, 8.00759029388, -29.9242515564, -3.49345493317, -11.0690288544, 0.550514101982, -19.5663928986], "icov": [[0.000140133619425, -4.48020800832e-05, 0.000278078543488, -0.000254869635683, 0.000164948607562, -0.000470613565994, 0.00041756106657, -0.000675508228596, 0.000370548543287, -0.000529838143848, 0.000291550910333, -0.000227683005505, 0.000304232904455], [-4.48020800832e-05, 0.00109528959729, -5.3121198107e-06, 0.00023581845744, -0.000686148239765, 0.000367180997273, -0.000557593128178, 0.000696139293723, -0.000198467823793, 0.00120285351295, -0.000798030174337, 0.000194444131921, 0.000374523893697], [0.000278078543488, -5.3121198107e-06, 0.00256382115185, -0.000991427805275, -0.000367320433725, -0.00143751583528, 0.000381816440495, 4.25569342042e-05, 0.000859431980643, -0.0011163726449, 0.00211080675945, -0.00274362345226, 0.00067289499566], [-0.000254869635683, 0.00023581845744, -0.000991427805275, 0.0044659357518, -0.00164330867119, 0.00020924009732, -7.00365781086e-05, -0.000146793187014, -0.00199944875203, 0.000997457653284, -0.00131097028498, 0.00100378529169, -0.000887042144313], [0.000164948607562, -0.000686148239765, -0.000367320433725, -0.00164330867119, 0.00596810830757, -0.00141169258859, 0.000657222757582, -0.00279949465767, 6.71124871587e-05, -0.00198908988386, 0.00108062732033, 0.000925236730836, -0.00143118808046], [-0.000470613565994, 0.000367180997273, -0.00143751583528, 0.00020924009732, -0.00141169258859, 0.00918385293335, -0.00463763251901, 0.0017361510545, -0.00145265820902, 9.10845847102e-06, -0.000743403797969, 0.000275248981779, 0.00155280064791], [0.00041756106657, -0.000557593128178, 0.000381816440495, -7.00365781086e-05, 0.000657222757582, -0.00463763251901, 0.00834895204753, -0.00525631848723, 0.00271885539405, -0.00149742513895, -0.0022586430423, -5.98803635512e-05, 0.00122654438019], [-0.000675508228596, 0.000696139293723, 4.25569342042e-05, -0.000146793187014, -0.00279949465767, 0.0017361510545, -0.00525631848723, 0.0139935547486, -0.005812572781, 0.00307215796784, -0.00212406017818, -8.30097633298e-06, -0.00159574393183], [0.000370548543287, -0.000198467823793, 0.000859431980643, -0.00199944875203, 6.71124871587e-05, -0.00145265820902, 0.00271885539405, -0.005812572781, 0.0114178955555, -0.0054831020534, 0.00119261420332, 2.37318854488e-05, -0.00229361047968], [-0.000529838143848, 0.00120285351295, -0.0011163726449, 0.000997457653284, -0.00198908988386, 9.10845847102e-06, -0.00149742513895, 0.00307215796784, -0.0054831020534, 0.0152981821448, -0.00464659696445, 0.00070592755219, 0.000667015207], [0.000291550910333, -0.000798030174337, 0.00211080675945, -0.00131097028498, 0.00108062732033, -0.000743403797969, -0.0022586430423, -0.00212406017818, 0.00119261420332, -0.00464659696445, 0.0168385785073, -0.00646820478141, 0.000839168904349], [-0.000227683005505, 0.000194444131921, -0.00274362345226, 0.00100378529169, 0.000925236730836, 0.000275248981779, -5.98803635512e-05, -8.30097633298e-06, 2.37318854488e-05, 0.00070592755219, -0.00646820478141, 0.016804119572, -0.00541682913899], [0.000304232904455, 0.000374523893697, 0.00067289499566, -0.000887042144313, -0.00143118808046, 0.00155280064791, 0.00122654438019, -0.00159574393183, -0.00229361047968, 0.000667015207, 0.000839168904349, -0.00541682913899, 0.0164834354073]], "cov": [[20724.4628906, -518.206359863, -1197.87890625, 1372.90478516, 670.346069336, 1054.81604004, 366.318359375, 1319.19226074, 675.335327148, 765.742370605, 253.581939697, -25.9603805542, -147.122161865], [-518.206359863, 1157.5838623, -60.4637336731, -109.093338013, 20.8009700775, -31.3869819641, 73.2178878784, -64.2591781616, -94.2916870117, -104.006668091, 34.0770835876, -20.9203853607, -44.5673713684], [-1197.87890625, -60.4637336731, 738.025085449, 99.9563751221, 98.9460678101, 79.918258667, 22.7072067261, -45.3805122375, -2.36501646042, 18.1920433044, -35.6167793274, 85.0518798828, 22.4115180969], [1372.90478516, -109.093338013, 99.9563751221, 509.246032715, 255.115966797, 141.631057739, 73.9217758179, 209.17527771, 199.224838257, 110.648918152, 45.461025238, 18.8171253204, 51.1345558167], [670.346069336, 20.8009700775, 98.9460678101, 255.115966797, 363.367797852, 128.02142334, 87.3791503906, 174.291534424, 148.382095337, 92.5856018066, 29.4648284912, 9.91698646545, 45.3643341064], [1054.81604004, -31.3869819641, 79.918258667, 141.631057739, 128.02142334, 275.47543335, 174.3331604, 127.966911316, 73.5894088745, 85.3236846924, 50.9302940369, 17.9216499329, -19.731716156], [366.318359375, 73.2178878784, 22.7072067261, 73.9217758179, 87.3791503906, 174.3331604, 306.725219727, 137.965576172, 33.0020446777, 53.9273719788, 81.8428115845, 20.0146484375, -18.8564682007], [1319.19226074, -64.2591781616, -45.3805122375, 209.17527771, 174.291534424, 127.966911316, 137.965576172, 270.642822266, 158.628067017, 88.9866256714, 61.5917778015, 17.1257286072, 30.1974639893], [675.335327148, -94.2916870117, -2.36501646042, 199.224838257, 148.382095337, 73.5894088745, 33.0020446777, 158.628067017, 234.953170776, 99.0377578735, 30.7450618744, 12.4108037949, 50.5459022522], [765.742370605, -104.006668091, 18.1920433044, 110.648918152, 92.5856018066, 85.3236846924, 53.9273719788, 88.9866256714, 99.0377578735, 140.565673828, 41.2790107727, 14.344786644, 8.74987316132], [253.581939697, 34.0770835876, -35.6167793274, 45.461025238, 29.4648284912, 50.9302940369, 81.8428115845, 61.5917778015, 30.7450618744, 41.2790107727, 105.166053772, 32.3574790955, 3.96603298187], [-25.9603805542, -20.9203853607, 85.0518798828, 18.8171253204, 9.91698646545, 17.9216499329, 20.0146484375, 17.1257286072, 12.4108037949, 14.344786644, 32.3574790955, 92.1385803223, 27.6144161224], [-147.122161865, -44.5673713684, 22.4115180969, 51.1345558167, 45.3643341064, -19.731716156, -18.8564682007, 30.1974639893, 50.5459022522, 8.74987316132, 3.96603298187, 27.6144161224, 91.9080047607]]}, "spectral_energyband_middle_low": {"dmean2": 0.00741197122261, "median": 0.0111568504944, "min": 2.26926681491e-22, "dvar2": 0.000115134564112, "dvar": 5.20823487022e-05, "dmean": 0.00490639219061, "max": 0.127098664641, "var": 0.00019755071844, "mean": 0.0149257043377}, "melbands_crest": {"dmean2": 4.88077545166, "median": 13.4473810196, "min": 1.61212873459, "dvar2": 20.3915195465, "dvar": 7.95324802399, "dmean": 3.1024017334, "max": 33.9867782593, "var": 29.0691890717, "mean": 14.3795452118}, "spectral_kurtosis": {"dmean2": 4.14273929596, "median": 8.55771446228, "min": -1.239361763, "dvar2": 23.562953949, "dvar": 10.890581131, "dmean": 2.69486689568, "max": 80.743019104, "var": 49.5646781921, "mean": 10.3524999619}, "spectral_rms": {"dmean2": 0.000858961662743, "median": 0.0045797470957, "min": 3.11176908893e-12, "dvar2": 1.10235862394e-06, "dvar": 5.63675882859e-07, "dmean": 0.000606106128544, "max": 0.0120495790616, "var": 5.90452509641e-06, "mean": 0.00451446231455}, "zerocrossingrate": {"dmean2": 0.0104529568925, "median": 0.03515625, "min": 0.00341796875, "dvar2": 0.000207488192245, "dvar": 0.000196531604161, "dmean": 0.0089689027518, "max": 0.8193359375, "var": 0.00285191228613, "mean": 0.0463837534189}, "silence_rate_60dB": {"dmean2": 0.0456837117672, "median": 0, "min": 0, "dvar2": 0.0510031208396, "dvar": 0.022317416966, "dmean": 0.0228395070881, "max": 1, "var": 0.15212136507, "mean": 0.187120661139}, "erbbands_kurtosis": {"dmean2": 2.83337497711, "median": 1.76782989502, "min": -1.90215229988, "dvar2": 21.9924869537, "dvar": 8.86415100098, "dmean": 1.76542925835, "max": 99.0273208618, "var": 17.8273906708, "mean": 2.68673038483}, "erbbands": {"dmean2": [0.0972936153412, 0.61432081461, 1.87804317474, 2.85397791862, 4.23210525513, 10.2551641464, 20.9404621124, 29.3603515625, 25.4006824493, 31.1105728149, 36.5126266479, 59.5758743286, 37.8160095215, 30.5132255554, 18.404209137, 16.2841567993, 23.1216087341, 20.3097324371, 18.1334056854, 9.54353618622, 6.84068489075, 7.12749290466, 5.90685892105, 3.15009593964, 4.93937587738, 2.69744777679, 0.687697470188, 0.527410566807, 1.14452517033, 1.89006507397, 1.31891810894, 1.14316380024, 0.902087926865, 0.569777965546, 0.438531816006, 0.297329872847, 0.108906939626, 0.0169749483466, 0.00206692982465, 0.000100515142549], "median": [0.0194889437407, 0.38226595521, 1.21110236645, 1.32777655125, 1.83397459984, 4.48500013351, 12.1651067734, 14.9731121063, 7.8285074234, 7.64941692352, 16.2355918884, 21.4021110535, 13.161564827, 10.7077522278, 6.14945983887, 6.13660240173, 7.15639305115, 7.43081378937, 2.91259860992, 1.30645382404, 1.25882589817, 2.41420340538, 2.42237496376, 1.80136799812, 1.97575771809, 0.963983237743, 0.276780515909, 0.155208438635, 0.287838220596, 0.454737484455, 0.32500448823, 0.240974053741, 0.170920863748, 0.108089014888, 0.0750460997224, 0.0459046773612, 0.014368198812, 0.00246411841363, 0.00026902317768, 4.4108095608e-05], "min": [1.00497591353e-22, 8.59294445807e-22, 3.27905320224e-21, 5.27871245183e-21, 2.14500841376e-20, 2.62609342685e-20, 5.57843367275e-20, 1.09565500505e-19, 2.32085993572e-19, 1.23274985183e-19, 2.98259796341e-19, 5.65154971806e-19, 3.70259354617e-19, 8.4618705168e-19, 1.21879469451e-18, 1.85094111127e-18, 1.81056146249e-18, 2.10995059301e-18, 3.26415085688e-18, 3.16162388791e-18, 4.06481019784e-18, 4.58427962252e-18, 6.17324146686e-18, 7.00581446982e-18, 8.06794580921e-18, 9.18606238681e-18, 1.03269975688e-17, 1.03984171701e-17, 1.17323220084e-17, 1.11795966144e-17, 1.15512811236e-17, 1.1477377499e-17, 1.08165834395e-17, 8.67972114562e-18, 5.93909351881e-18, 4.7367509297e-18, 2.32258522768e-18, 9.5099683235e-19, 2.5194104246e-19, 2.71910875582e-20], "dvar2": [0.212638542056, 3.67239189148, 14.2925987244, 65.6775665283, 87.4225616455, 546.523071289, 1559.23339844, 2881.60839844, 5118.93652344, 5502.43212891, 6399.20361328, 14379.9746094, 8274.79003906, 5389.92724609, 1714.9230957, 1521.40209961, 3432.25219727, 2725.50415039, 2374.02661133, 842.206787109, 589.532470703, 317.877105713, 163.415237427, 39.145111084, 155.455596924, 34.3893852234, 3.54989433289, 2.35148501396, 12.139128685, 46.5293083191, 25.489112854, 26.1437091827, 14.4881372452, 2.76376342773, 1.39841973782, 0.630008876324, 0.0868605226278, 0.00190163566731, 2.92885906674e-05, 7.28239371028e-08], "dvar": [0.0858655050397, 1.32296144962, 6.64436388016, 25.9258575439, 37.4686317444, 255.05229187, 626.638793945, 1146.28466797, 1942.26403809, 2318.2019043, 2677.24291992, 5788.93261719, 3680.18139648, 2214.68652344, 817.860412598, 741.03137207, 1589.27893066, 1223.4152832, 1062.3692627, 383.331634521, 255.199539185, 147.104675293, 70.2239074707, 17.2589855194, 73.2525939941, 17.5623340607, 1.58038246632, 1.02589690685, 5.41644716263, 20.5030117035, 11.303653717, 10.6390113831, 6.04737949371, 1.3371963501, 0.672589600086, 0.300542265177, 0.0461958684027, 0.00107394892257, 1.99900186999e-05, 6.69762698635e-08], "dmean": [0.0637286752462, 0.426148116589, 1.42894947529, 1.87219953537, 2.76439285278, 6.74864006042, 13.1687631607, 18.6377182007, 15.8087501526, 20.0585002899, 23.6994857788, 37.9339332581, 25.0956039429, 19.6307106018, 12.0066795349, 10.6486883163, 15.3433847427, 13.1959257126, 11.8980436325, 6.46661138535, 4.56605529785, 4.71874904633, 3.78814291954, 2.09277272224, 3.33693480492, 1.85602176189, 0.453206837177, 0.346853524446, 0.750828027725, 1.24084019661, 0.889346837997, 0.74863833189, 0.601405501366, 0.394373178482, 0.302193284035, 0.199766770005, 0.077296808362, 0.0122246695682, 0.00157146819402, 8.38394480525e-05], "max": [3.5934855938, 19.8951187134, 57.733341217, 88.1334075928, 83.8645706177, 322.811126709, 425.290130615, 847.836486816, 1545.74975586, 904.60357666, 1619.46508789, 2094.75415039, 1613.60693359, 1432.93359375, 945.670654297, 935.301818848, 1227.50219727, 1085.40270996, 902.450927734, 471.871276855, 606.121704102, 355.937927246, 173.470626831, 84.90599823, 251.226638794, 77.6170806885, 40.5085868835, 20.2480278015, 58.3542785645, 95.3568496704, 94.0625, 113.081550598, 110.677604675, 38.2116355896, 31.6297168732, 12.0319843292, 3.51196861267, 0.573515355587, 0.0992248728871, 0.00614902051166], "var": [0.079336874187, 2.67384839058, 33.5118408203, 34.152507782, 53.2990989685, 494.026733398, 1007.60467529, 1988.24194336, 2265.87695312, 4000.72924805, 8064.62402344, 19699.8457031, 17046.7910156, 6878.85253906, 3582.44140625, 2454.67773438, 4833.09179688, 2917.78564453, 2531.78979492, 995.326416016, 528.502807617, 406.684020996, 196.359939575, 56.488368988, 238.660430908, 73.2144546509, 2.87373995781, 1.78953421116, 8.20810604095, 31.2337665558, 17.5654888153, 13.4023675919, 7.79166460037, 3.24709558487, 1.52124524117, 0.641863763332, 0.111156262457, 0.00337474932894, 0.000104021855805, 4.19461457568e-07], "mean": [0.0798371583223, 1.02830541134, 3.7026412487, 3.0929646492, 4.33919620514, 11.8066082001, 21.5693759918, 31.3702163696, 23.2111301422, 32.1310539246, 44.768913269, 79.3445129395, 56.8927307129, 39.0789413452, 25.302854538, 23.5428733826, 30.2567195892, 24.284330368, 20.3189964294, 11.4168901443, 8.24050235748, 9.56206130981, 7.8479475975, 4.97993755341, 8.45386600494, 4.87956428528, 0.914057970047, 0.578543186188, 1.21618080139, 2.04266285896, 1.49076771736, 1.32731330395, 1.02895975113, 0.694829702377, 0.479332864285, 0.291853815317, 0.109830565751, 0.0195275507867, 0.00305905751884, 0.000199657763005]}, "spectral_strongpeak": {"dmean2": 0.757807374001, "median": 0.52965337038, "min": 0, "dvar2": 1.23740983009, "dvar": 0.512079358101, "dmean": 0.449775248766, "max": 9.86081027985, "var": 1.3367831707, "mean": 0.982198059559}, "spectral_energy": {"dmean2": 0.0102026415989, "median": 0.0214984342456, "min": 9.92518507366e-21, "dvar2": 0.000280447595287, "dvar": 0.000134429603349, "dmean": 0.00711290817708, "max": 0.148822173476, "var": 0.000594620069023, "mean": 0.0269419662654}, "average_loudness": 0.749428272247, "spectral_rolloff": {"dmean2": 477.791595459, "median": 710.595703125, "min": 107.666015625, "dvar2": 1547358.875, "dvar": 711372.125, "dmean": 284.734039307, "max": 19767.4804688, "var": 3461409.75, "mean": 1044.6829834}, "spectral_centroid": {"dmean2": 190.608261108, "median": 674.768005371, "min": 168.834381104, "dvar2": 125292.65625, "dvar": 65410.4570312, "dmean": 131.340209961, "max": 11721.2978516, "var": 594935.125, "mean": 789.632263184}, "pitch_salience": {"dmean2": 0.0968768671155, "median": 0.536120295525, "min": 0.0442367568612, "dvar2": 0.00696515198797, "dvar": 0.00292141386308, "dmean": 0.0620071589947, "max": 0.951846599579, "var": 0.0110799651593, "mean": 0.531590878963}, "spectral_energyband_middle_high": {"dmean2": 0.00190012424719, "median": 0.00180077704135, "min": 1.2880103837e-21, "dvar2": 1.03269221654e-05, "dvar": 5.02674402014e-06, "dmean": 0.00130515370984, "max": 0.056350838393, "var": 3.56130221917e-05, "mean": 0.00435032742098}, "spectral_contrast_coeffs": {"dmean2": [0.0703065618873, 0.0775675922632, 0.0631084218621, 0.0517899245024, 0.0346252918243, 0.022015299648], "median": [-0.595115244389, -0.67125749588, -0.699831843376, -0.748214542866, -0.784548461437, -0.836924433708], "min": [-0.974037647247, -0.982802450657, -0.985151827335, -0.983432769775, -0.987238228321, -0.96465331316], "dvar2": [0.00345194269903, 0.00403822958469, 0.0025022982154, 0.00166209356394, 0.00084472092567, 0.000366779102478], "dvar": [0.0014068915043, 0.00156607164536, 0.00101490365341, 0.000715589383617, 0.000402831210522, 0.000161036470672], "dmean": [0.0435624048114, 0.0482486598194, 0.0397567860782, 0.0325365588069, 0.0224709268659, 0.0139449508861], "max": [-0.217169836164, -0.392065733671, -0.393853336573, -0.516072750092, -0.571672260761, -0.708049178123], "var": [0.013753278181, 0.00524400081486, 0.00640411442146, 0.00391047634184, 0.00346047477797, 0.00088578928262], "mean": [-0.570918440819, -0.670274913311, -0.69522100687, -0.745639204979, -0.778822779655, -0.834053754807]}, "melbands_skewness": {"dmean2": 0.901187837124, "median": 1.78870522976, "min": -0.615276753902, "dvar2": 1.12193286419, "dvar": 0.509643733501, "dmean": 0.602052032948, "max": 18.3528823853, "var": 2.06688976288, "mean": 2.08118748665}, "spectral_spread": {"dmean2": 1126548.5, "median": 3912541.5, "min": 1263291.5, "dvar2": 3065292521470.0, "dvar": 1587149668350.0, "dmean": 779527.3125, "max": 43684576, "var": 9706452025340.0, "mean": 4695954}, "dissonance": {"dmean2": 0.057531259954, "median": 0.42414650321, "min": 0, "dvar2": 0.00240124063566, "dvar": 0.000902069557924, "dmean": 0.0347071103752, "max": 0.499819070101, "var": 0.00256087468006, "mean": 0.416129857302}, "spectral_skewness": {"dmean2": 0.447411566973, "median": 2.4378092289, "min": -0.047704923898, "dvar2": 0.211793586612, "dvar": 0.107172958553, "dmean": 0.302623957396, "max": 7.90537261963, "var": 0.717844188213, "mean": 2.59464693069}, "spectral_flux": {"dmean2": 0.0310399159789, "median": 0.0626889467239, "min": 6.40002356667e-11, "dvar2": 0.00130110734608, "dvar": 0.000604603788815, "dmean": 0.0197390522808, "max": 0.320530712605, "var": 0.00270528579131, "mean": 0.0716926008463}, "spectral_contrast_valleys": {"dmean2": [0.64061486721, 0.559778630733, 0.454212397337, 0.445950746536, 0.385299444199, 0.378138422966], "median": [-7.42601537704, -6.81875801086, -7.70527696609, -8.36317634583, -8.44842338562, -10.5176610947], "min": [-28.1473045349, -28.0872879028, -27.7518196106, -27.5276756287, -27.5736103058, -27.3888053894], "dvar2": [0.32720386982, 0.234372138977, 0.159099787474, 0.182140931487, 0.162232682109, 0.220963791013], "dvar": [0.141966700554, 0.116031274199, 0.0830695256591, 0.103326387703, 0.0991428047419, 0.132815554738], "dmean": [0.394854694605, 0.356330811977, 0.291520863771, 0.299264341593, 0.267116576433, 0.279591292143], "max": [-5.00894784927, -4.3366818428, -5.29859018326, -5.807472229, -6.21823835373, -7.64129400253], "var": [5.25235509872, 3.18638086319, 2.89403629303, 3.37136387825, 3.24157333374, 2.85531592369], "mean": [-8.31602096558, -7.06717348099, -7.91806793213, -8.73533439636, -8.85460662842, -10.7836837769]}, "erbbands_flatness_db": {"dmean2": 0.0277076624334, "median": 0.182502061129, "min": 0.0522518306971, "dvar2": 0.000696261937264, "dvar": 0.000353969749995, "dmean": 0.0190265551209, "max": 0.432633548975, "var": 0.00258538243361, "mean": 0.184836044908}, "spectral_energyband_high": {"dmean2": 0.00024160859175, "median": 8.81847518031e-05, "min": 7.19389123656e-21, "dvar2": 4.85345310608e-07, "dvar": 2.30682687175e-07, "dmean": 0.000174976172275, "max": 0.012603350915, "var": 5.1279141644e-07, "mean": 0.000343398132827}, "spectral_entropy": {"dmean2": 0.296425402164, "median": 7.00315475464, "min": 3.74412274361, "dvar2": 0.0895416736603, "dvar": 0.0495701767504, "dmean": 0.208301946521, "max": 9.82113647461, "var": 0.40187048912, "mean": 6.95336294174}, "silence_rate_20dB": {"dmean2": 0, "median": 1, "min": 1, "dvar2": 0, "dvar": 0, "dmean": 0, "max": 1, "var": 0, "mean": 1}, "melbands_flatness_db": {"dmean2": 0.0335995182395, "median": 0.254648834467, "min": 0.00294706225395, "dvar2": 0.00113255099859, "dvar": 0.000627644069027, "dmean": 0.0242962762713, "max": 0.636513352394, "var": 0.00567275285721, "mean": 0.262011140585}, "barkbands": {"dmean2": [0.000918005884159, 0.00281980889849, 0.00163490721025, 0.00125815463252, 0.00248954701237, 0.00316791562364, 0.00195230054669, 0.00171436590608, 0.00243186554871, 0.00101046718191, 0.000555218895897, 0.000432724307757, 0.000568936287891, 0.000362955761375, 0.000323683954775, 0.000142448305269, 0.000138393748784, 9.91911510937e-05, 8.96753044799e-05, 7.17923685443e-05, 1.34249130497e-05, 3.96752329834e-05, 4.85880591441e-05, 5.44075592188e-05, 5.41436602362e-05, 5.98467413511e-05, 1.12796888061e-05], "median": [1.79869075509e-05, 0.00126506667584, 0.000662029255182, 0.000331327522872, 0.00142366043292, 0.00197360571474, 0.000436629547039, 0.000495407439303, 0.000769411155488, 0.000279284635326, 0.000103665093775, 0.000124665646581, 0.000147990271216, 7.20446623745e-05, 3.33561947627e-05, 1.89234251593e-05, 4.04258134949e-05, 3.43466053891e-05, 3.94911076e-05, 2.06696695386e-05, 3.53353493665e-06, 9.40314475883e-06, 1.21849188872e-05, 1.09334232548e-05, 1.04563414425e-05, 9.0462690423e-06, 1.46722481986e-06], "min": [1.99145805599e-24, 4.03992432858e-24, 1.83997960446e-24, 6.39711269694e-25, 1.06921796886e-23, 1.07887970057e-23, 1.24987508365e-23, 1.09814999476e-23, 2.46798116093e-23, 1.78073532217e-23, 1.41956434973e-23, 4.10557861848e-23, 3.68921025964e-23, 3.60566357889e-23, 4.45417309705e-23, 7.12809791466e-23, 6.60223061346e-23, 1.09301828102e-22, 1.41487895772e-22, 2.01327589759e-22, 3.24487545642e-22, 3.26253281405e-22, 4.0651204039e-22, 5.81327782172e-22, 8.56604493229e-22, 1.39669607988e-21, 1.96447559884e-21], "dvar2": [1.88572594197e-05, 0.000104287755676, 1.0906519492e-05, 1.45813055497e-05, 2.23212482524e-05, 2.78792394965e-05, 2.25567655434e-05, 1.49248780872e-05, 2.47036441579e-05, 5.2388209042e-06, 2.23669167099e-06, 1.09660913949e-06, 2.22192898036e-06, 9.74821432465e-07, 8.22142226298e-07, 2.26683837923e-07, 1.11625617194e-07, 4.53390320843e-08, 4.18801704427e-08, 2.40124808926e-08, 1.52283641253e-09, 1.71678387062e-08, 3.10566683481e-08, 5.51943628579e-08, 2.11718536036e-08, 2.49249492157e-08, 8.88756845896e-10], "dvar": [9.98601262836e-06, 3.87354302802e-05, 5.11005600856e-06, 5.53548534299e-06, 1.0876655324e-05, 1.09949114631e-05, 8.97639893083e-06, 6.19687125436e-06, 9.8275813798e-06, 2.32033198699e-06, 1.08407357402e-06, 5.5168243307e-07, 1.02500177945e-06, 4.17902441541e-07, 3.65273876923e-07, 1.03436477161e-07, 5.12942186504e-08, 1.90492830399e-08, 1.86964861371e-08, 1.13827551829e-08, 6.73260003303e-10, 7.55805817931e-09, 1.40811282634e-08, 2.28045298201e-08, 1.0648511406e-08, 1.25763683911e-08, 6.6475014382e-10], "dmean": [0.000662898004521, 0.00192313466687, 0.00122210907284, 0.000774524523