{"tonal": {"thpcp": [1, 0.938987672329, 0.387287259102, 0.285011917353, 0.250979244709, 0.188212409616, 0.230615839362, 0.243420869112, 0.268024295568, 0.461072355509, 0.438264369965, 0.241031706333, 0.214082196355, 0.20673891902, 0.316249132156, 0.648796081543, 0.61340290308, 0.268690377474, 0.130893319845, 0.0947057306767, 0.167234838009, 0.687314450741, 0.957302331924, 0.528905749321, 0.43366381526, 0.442218124866, 0.208093911409, 0.129545196891, 0.14788505435, 0.228620037436, 0.367160260677, 0.361268401146, 0.244504332542, 0.201076984406, 0.185941159725, 0.405970722437], "hpcp": {"dmean2": [0.160002112389, 0.227688357234, 0.279574692249, 0.27710428834, 0.2114918679, 0.153035923839, 0.131532102823, 0.122111327946, 0.14103910327, 0.14866194129, 0.154274895787, 0.190893411636, 0.185757979751, 0.130999058485, 0.115836419165, 0.126062035561, 0.173696532845, 0.244610458612, 0.236110627651, 0.16157092154, 0.100956730545, 0.0764965340495, 0.109163112938, 0.260538339615, 0.356180071831, 0.235191464424, 0.174123570323, 0.173016116023, 0.112345404923, 0.0846032127738, 0.118994757533, 0.175810575485, 0.217789784074, 0.218102112412, 0.193079546094, 0.169622793794], "median": [0.0158385206014, 0.066349953413, 0.1933606565, 0.183564513922, 0.0658495053649, 0.027037113905, 0.0221095029265, 0.0207835286856, 0.0275715775788, 0.0290565863252, 0.0341508314013, 0.0561726354063, 0.0544393882155, 0.0381102338433, 0.0312738679349, 0.026870559901, 0.0410997606814, 0.0826047211885, 0.0758237317204, 0.0306244380772, 0.00864562578499, 0.00656518666074, 0.0188975445926, 0.128287643194, 0.153556287289, 0.0966228172183, 0.0396609306335, 0.0401216633618, 0.024451745674, 0.0151533363387, 0.0175624731928, 0.0282627418637, 0.0485531017184, 0.0404729023576, 0.0247113704681, 0.016355138272], "min": [3.45303524227e-05, 0.000130081200041, 0.000415691669332, 0.00034253866761, 0.000186240766197, 6.6324522777e-05, 7.33534398023e-05, 7.29014282115e-05, 6.96174975019e-05, 3.57757853635e-05, 9.5178889751e-05, 6.92000685376e-05, 0.000115229719086, 0.000116323157272, 8.42624212964e-05, 6.97917566868e-05, 0.000103318830952, 0.000119272845041, 0.000124762998894, 0.00012698113278, 6.51247610222e-05, 4.21215518145e-05, 7.86196615081e-05, 8.38255800772e-05, 6.94672344252e-05, 6.10579299973e-05, 5.38887579751e-05, 4.79118170915e-05, 6.53115930618e-05, 3.69368244719e-05, 7.10631502443e-05, 9.79347460088e-05, 7.55033906898e-05, 0.000111980603833, 0.000129101696075, 4.42142336397e-05], "dvar2": [0.109997026622, 0.112648934126, 0.12257310003, 0.10990383476, 0.0928540453315, 0.0742627009749, 0.0653317943215, 0.0608818605542, 0.0755811259151, 0.0824252963066, 0.0764227360487, 0.0845892429352, 0.0796237960458, 0.0548440106213, 0.0462927110493, 0.0592204034328, 0.0861177667975, 0.118246696889, 0.115375488997, 0.0868310257792, 0.0578654110432, 0.0415707044303, 0.0504131279886, 0.0840141177177, 0.178389087319, 0.0798844173551, 0.0779455825686, 0.078660659492, 0.0436390936375, 0.0358287058771, 0.0726461187005, 0.116381019354, 0.133072122931, 0.13615770638, 0.134754627943, 0.121615029871], "dvar": [0.0381030067801, 0.039690580219, 0.0496712587774, 0.0453425981104, 0.0353035144508, 0.0294791609049, 0.0256130639464, 0.0220626052469, 0.0278114192188, 0.0297645647079, 0.0272274650633, 0.0333705842495, 0.0314629860222, 0.0199630018324, 0.0172076467425, 0.0215365011245, 0.0318278633058, 0.0479568466544, 0.0441764332354, 0.0312594622374, 0.0208626519889, 0.0150000546128, 0.017896309495, 0.0376967042685, 0.0832582712173, 0.0334910601377, 0.0323082245886, 0.0334536582232, 0.0162236299366, 0.0127398855984, 0.0250382144004, 0.0397510230541, 0.04620026052, 0.0479283258319, 0.0463285297155, 0.0419317819178], "dmean": [0.0858048349619, 0.129610076547, 0.165854588151, 0.164310187101, 0.1214864254, 0.088029563427, 0.0757364481688, 0.0682043656707, 0.079102255404, 0.0835045278072, 0.0882957279682, 0.113322600722, 0.109706014395, 0.0754860639572, 0.0665544643998, 0.071204289794, 0.101255096495, 0.143774971366, 0.139046445489, 0.0917836651206, 0.0557753257453, 0.0418410934508, 0.0614634342492, 0.152803465724, 0.2029979527, 0.133981332183, 0.104610443115, 0.10401661694, 0.0652862489223, 0.0473320446908, 0.0642065480351, 0.0948108136654, 0.120481170714, 0.120894663036, 0.104266233742, 0.0910037830472], "max": [1, 1, 1, 1, 1, 1, 1, 1, 1, 1, 1, 1, 1, 1, 1, 1, 1, 1, 1, 1, 1, 1, 1, 1, 1, 1, 1, 1, 1, 1, 1, 1, 1, 1, 1, 1], "var": [0.0269360672683, 0.0401465594769, 0.139286249876, 0.123383313417, 0.0368506573141, 0.0406779907644, 0.0356396175921, 0.0200591403991, 0.0271795224398, 0.0294151958078, 0.0270818639547, 0.0622331239283, 0.0577719323337, 0.0195796601474, 0.018210273236, 0.0200465079397, 0.0350254774094, 0.0993919372559, 0.092554025352, 0.0298155564815, 0.0163995325565, 0.0110232224688, 0.0153965698555, 0.0737863779068, 0.148531973362, 0.0472436100245, 0.0658844634891, 0.0706788897514, 0.0176966134459, 0.0104828327894, 0.0158167984337, 0.0270722694695, 0.0471977777779, 0.0502270124853, 0.0326651334763, 0.0293214861304], "mean": [0.0683120116591, 0.149147585034, 0.367385089397, 0.344970077276, 0.142283558846, 0.104709133506, 0.0922060310841, 0.0691464319825, 0.0847248211503, 0.0894291996956, 0.0984681248665, 0.169391110539, 0.16101180017, 0.088551454246, 0.0786506086588, 0.0759527981281, 0.116185218096, 0.238358005881, 0.225355088711, 0.0987128391862, 0.0480882562697, 0.0347934737802, 0.0614395849407, 0.252509087324, 0.351698607206, 0.194312095642, 0.15932162106, 0.162464350462, 0.0764506012201, 0.0475929751992, 0.0543307624757, 0.0839915946126, 0.13488920033, 0.132724627852, 0.089827246964, 0.0738726854324]}, "tuning_equal_tempered_deviation": 0.167432889342, "chords_changes_rate": 0.0710886344314, "key_key": "A#", "tuning_diatonic_strength": 0.573853492737, "key_scale": "minor", "chords_number_rate": 0.00148721004371, "tuning_frequency": 434.193115234, "tuning_nontempered_energy_ratio": 0.846692919731, "chords_histogram": [26.903629303, 5.57703733444, 2.2456870079, 0.966686487198, 0.163593098521, 0.0743604972959, 2.15645456314, 15.9280185699, 22.0999412537, 7.22784042358, 6.02320051193, 0.327186197042, 0, 0.118976801634, 0.0297442004085, 0.0446163006127, 0, 0.0148721002042, 0, 0, 0.148720994592, 0.356930404902, 7.9417014122, 1.65080308914], "key_strength": 0.730340719223, "chords_key": "A#", "chords_strength": {"dmean2": 0.00873441807926, "median": 0.539559841156, "min": 0.24531365931, "dvar2": 6.51408408885e-05, "dvar": 5.87596477999e-05, "dmean": 0.00883252266794, "max": 0.792762875557, "var": 0.00907172262669, "mean": 0.538751840591}, "chords_scale": "minor", "hpcp_entropy": {"dmean2": 1.06685340405, "median": 2.02501726151, "min": 0.0350323058665, "dvar2": 0.790926396847, "dvar": 0.294790357351, "dmean": 0.630363762379, "max": 4.63362979889, "var": 0.718849182129, "mean": 2.00622200966}}, "metadata": {"audio_properties": {"equal_loudness": 0, "codec": "flac", "downmix": "mix", "sample_rate": 44100, "analysis_sample_rate": 44100, "bit_rate": 0, "md5_encoded": "2b08229cdcb8095ac3c47ce1d7fec411", "length": 312.186676025, "replay_gain": -14.0944709778, "lossless": true}, "version": {"essentia_build_sha": "70f2e5ece6736b2c40cc944ad0e695b16b925413", "essentia": "2.1-beta2", "extractor": "music 1.0", "essentia_git_sha": "v2.1_beta2"}, "tags": {"title": ["Don't Want To Fight Love Away"], "language": ["eng"], "media": ["CD"], "albumartist": ["Armin van Buuren"], "tracktotal": ["24"], "musicbrainz_releasegroupid": ["f62bd790-3682-479e-8d6a-3443081ef9aa"], "musicbrainz_recordingid": ["1bbf746a-c719-4b5e-ad82-00d05e51370d"], "musicbrainz_albumartistid": ["477b8c0c-c5fc-4ad2-b5b2-191f0bf2a9df"], "discnumber": ["4"], "totaldiscs": ["4"], "album": ["Intense - the Most Intense Edition"], "releasecountry": ["NL"], "file_name": "04.04. Armin van Buuren feat. Cindy Alma - Don't Want To Fight Love Away.flac", "compilation": ["0"], "originaldate": ["2013-05-03"], "acoustid_fingerprint": ["AQADtMmkRUkSZYaP4_B19AGOFs0O5MM_dMeDCy2RS4GGRk-H47hhvnhx4YWWXdhWFL9wbig_uEep9MDBYzue47VwtDwDkRe0HR-HPKZw-GSK36iPTTzsBj11_DmY62hwTkfFJQma7-Cxn8gDsdGLE3mKZ0NlwkmCdEj-oWlCp3iiGU8lHDmSP5jiE_UPXg-e5PgnvPgODU2PP8EVPeCZ4z9WDb2ZotHyIaYU6BFyoswyNEP4JBCbXNBSBR9yE8fFD5sP3njiF35xHXuQ_Ah_NA_-BNVPJF-GnEckKQ_e55CSB-Ed43TRXMf_YEtyzOHRnLhz6LhiPE1EMEkvlBmt4C1j5ImC5GTgKsQz6cJNKkGoJKeCZGyEJ6iJBs9RpXkQJjuS5T2Ya_jQ62ieB3uOiz2u4_qHHMmPBrU6_NiP-wpMPsd1vEUixeGRI89XKH-GHvmPZxSaM00SfLpwGTsSRomUBFlF7fiDyaskwbmMH47v4hx8BpN5JHoQMdRx-kFzEmV4vEuDnIWiVEwshE6S5CmuRIjjUdCkXMjaUegx_Wie_LgVPbgRX0ESZzlYiRne40Tzg3ny4GaOpNEzIg-OL3DDgJfCHOeTgCeip0iWZDHOw1_S4Rmqd6jyCE2j6MITnMEPH1GeBQlDY-2TYVdufMnR5ESlHs9zkCd-4sSPPUesZGcEOcqeINRX_CizHBf6dDv83DgZnMrx3-iKD1eK_fDB48e-IbrgJ7kicDmecZiYHFqiRZGRjz0uwfjxoNeNJszy4Umy5TjZEFcQJCf2JOAkCd0P65fxRZkxszt6PENy5DiPtbpQStEVNGF24nxyXM_wgzN-uPrxHWGWG9WHU8-CHpzIzNAYHj-a-pi-HHlSCeF1OIeoEpr04NkT5As7wg9OPRt-rOEHNvmFPg-maAuN_3haeM3w_PjhZ9Ghm3hVVM6MRklOXNLRvFbQ38Vu7Xjhd_hy8Dpi6h2cJDz0XsKYI6ZEHs-HXskx5dnBXwr2HSUTZXCiaJFRaY-U4crxhMOZE8eFF330oomiMMe1q2j-oO-GHt7xRYStBSdyHe2h63iPxkZI7biOPE-P44EmhcNPWHMOW4cQDj_wI9-hjRFCDt9x-YiPZLmI6i_-CTd-ND36Y1KmwF-QqUcyZhMuiQrYLxkwUwqaRMtOVNLDaDi34M6OZxLeE1eCo6MeeD9CZrKgR9DOwMeRS1GOKmXwZ-gZuLjC4MJ_5FKOPyT0pCTSD37x4x_S6cdxQctxHD96D__xoocuhNIP41GK-8Z_HM_xo2L2BMkV5YhEK4eJ0KkJPY6DUHqxnUd35cYfPEFFMUgWF3mOB_cXw8eVZcKX8PjxJOgTIb-RrM9wJY9Q7_iPHhdTI1RfaFly5IxDvDqO4wmKZPqRXzhRL13Rl2hz4zzhF9eRjjr04hH0k8LTw92F6Q8qs0NaZTl-mM-G6ovBB4_yDPEjI4n_w8wWvKGE_QtxMNmjolKW0Bgz_cPDHG8i4cLDHE-OflfxHOmk4opy4g8cJ8rx40au4IEfIfwTtMsOccfhB5Ws4zf0ox-O5xDx4zcBEQeOAxdwiAx-fPDxQT--Hadw_IeLE34NfcdxRD_gG7lxiEebISiLyzDyyFCEVsyRH96M-Tg-_Mhf6DNCFz96GddgGcmPnMdx_Lh-HAfvIaGPkDx-4g2THvWOMMkPvazQE2l5_EhbnNDCE7kcvAmYHc07_AeeXWieCw-P5tiF87gRvoet4dDI7PiDBiWP8IrR5HiOe8X3ouzh3_BjXMOO_C30C3Z4ZHuyDz-sZ0SaH1WDnDoiXWmQ3-iPUuIxmjn8DKyIE6aOmfC5Cw_yJUhOLsGHX8cZPCPu4tJRD98QitB1RDyeHscZYdSN50Jz5hWe4xMeHtXhB72OHDfRL8HRNxW-CxrL4zf8TGiXoerhM9g-aH3wE1_R3OjRPATD46HRHD2-3dCSeDmydMJ59Dz2w4zw6fhxHX2Eez2q3EHzo9YTnGqQx-gpQstzhE9xC_tXXETzBX1QPDd6_PiOxtF6VD768Nh0ok-GrlIOIw9-QX2OkLyEq0HJXNg-4jgv_IRPONyyo9aLN2AUHn4iyuiJPEdjQccpIlV0B-80w1Wco-1RvXDSiWA-9Mc28cXhijuOfGqQ8F9wboeVZ7iO58dn1GPwD_mO-oWIdOSPbyG2U3izBz9u3tj-wqfR48HhMSz-4xJPNNkYnIY_lDxK5hHyGOKPlMSz5PgPc0ff4jnyXcP0Q8sVCycKjzzeCdSLL0ezVIb6C1krwbewR7icohU8Kfvhp3gCfyEqUkXOI5nEHw1_XMcTfMSUJ8qBfIWrlNDHCpLsCjx83EaKGuiP8yPe4-kB2DhxKUf8HCV_aB--wxee-_ih_fiO8Edz5LMDoflRskXQKkG0O6gu6Dw-XEf1B41FfMfaoxJ84yjJB3qG82BO4it-OEehH-FhHTxh2zguHi9-3Phx-OiF5-gNYTARWhTtiKDUEkuJkF5CA5wxxGiFCCIBAGQsIoZRRRQRCggnDAnEAwQdUQ4AQhQwhBgIABCAKIUQIQoYI5Bi1kAtiSCEAAWhd4QAcRQBBDBICJAACQKEcBYggRlgRBknAJHKEAAcQAISYAhgAgEiuAKOGkKEAURRJB1ARAhFCBBGkaQYFFAYgJADDBCiBFQKaGAAAMIRxZABQgAFxEeEGEINMIwhoAjhBBBFDFJGECYQQIwbxYBQhBgGACDECAKMAlFR6oTyAEgGjGAEFEEIAIQrIQAggFBqGAAGEAMIEII4QAQhUAqjjCOCCCaIE8YIBIwDEBCgAJGEEYEBAkQpgAggQljgGFBCAWAEEkYAQAQGAhNCiGOICEGIAMIAYIySRBFDoBAAOEokIJRApYgxBCCKBHJKEGocAAwJohAhhCCJCMACQcGAkwYRAQRiQhAArJEAgKUsVUwJYBRiBBEEgBSUAsENMU5QIACQhBHDAMFIOGCYEAoSYoBhFgElGDKNEQMoAYAYgrAxIBgliDCKeOUYQUAIQAwgBQgJFCGKCQEYAsIBQQUhVAAlBENAAWeINcAKJCxJUkhBFIEKAWMFAQwoQiWQCmAlAQFWiGQAMIoyZIRgACgjCAOING0oAUARBoRQigABJHBEKIAUE9Q7BgQCARhEgFLEMCOIUkYBBYABDBEDBUHIEQQMYAoAypAHThCimGEMUUGtMRIAwIhizAODABAEGASIQAoIywRRAliGNAKAEQIMIoYZZAkQgBLEjABUEYCQAAxxIh0jRCACmBICKGGMskwpAAigGggJOAAAGEOEIApwJgRwwighDARAAQUAAAIQAohAADAYjBLCCYUkQgoBAwRzhggACRMCI2EAQgQAxAAgChCADDgAKIGFQhIAwRRwQhGiACFUGCAAEEpAgcEQRAFEjIOGGCWUCMYoBR0RywDAuRKMYeGMKUIJBg"], "date": ["2014-12-05"], "genre": ["Trance"], "disctotal": ["4"], "tracknumber": ["4"], "musicbrainz_artistid": ["477b8c0c-c5fc-4ad2-b5b2-191f0bf2a9df"], "asin": ["B00P8G5KJM"], "musicbrainz_albumid": ["c3d772df-721a-42c7-815a-5d9b67ff08f7"], "artist": ["Armin van Buuren feat. Cindy Alma"], "encodedby": ["FLAC 1.2.1"], "artistsort": ["Buuren, van, Armin feat. Alma, Cindy"], "bpm": ["0"], "label": ["Armada Music"], "albumartistsort": ["Buuren, van, Armin"], "acoustid_id": ["a78d8759-4fe1-4457-b5a3-bb6de95e7a1c"], "script": ["Latn"], "totaltracks": ["24"]}}, "rhythm": {"bpm_histogram_first_peak_bpm": {"dmean2": 0, "median": 133, "min": 133, "dvar2": 0, "dvar": 0, "dmean": 0, "max": 133, "var": 0, "mean": 133}, "bpm": 131.966323853, "bpm_histogram_second_peak_spread": {"dmean2": 0, "median": 0.470588207245, "min": 0.470588207245, "dvar2": 0, "dvar": 0, "dmean": 0, "max": 0.470588207245, "var": 0, "mean": 0.470588207245}, "bpm_histogram_first_peak_weight": {"dmean2": 0, "median": 0.57271361351, "min": 0.57271361351, "dvar2": 0, "dvar": 0, "dmean": 0, "max": 0.57271361351, "var": 0, "mean": 0.57271361351}, "onset_rate": 3.14217734337, "beats_position": [0.452789098024, 0.917188167572, 1.38158726692, 1.83437633514, 2.29877543449, 2.76317453384, 3.22757363319, 3.69197273254, 4.14476203918, 4.58594083786, 5.02712011337, 5.47990942001, 5.93269824982, 6.38548755646, 6.82666635513, 7.27945566177, 7.73224496841, 8.19664382935, 8.67265319824, 9.12544155121, 9.57823085785, 10.0310201645, 10.4838094711, 10.9249887466, 11.3893871307, 11.8421764374, 12.294965744, 12.7477550507, 13.2005443573, 13.6533327103, 14.117732048, 14.5821313858, 15.0349206924, 15.4877090454, 15.9521083832, 16.4048976898, 16.8576869965, 17.3220863342, 17.7748756409, 18.2276649475, 18.6688423157, 19.1216316223, 19.574420929, 20.0156002045, 20.45677948, 20.9095687866, 21.3623580933, 21.8151473999, 22.2679367065, 22.7323360443, 23.1967334747, 23.6611328125, 24.1487522125, 24.6247615814, 25.1123809814, 25.6000003815, 26.0876178741, 26.563627243, 27.0396366119, 27.5156459808, 27.9800453186, 28.4444446564, 28.9088420868, 29.3732414246, 29.8260307312, 30.2788200378, 30.7199993134, 31.1611785889, 31.5326976776, 31.9158267975, 32.2989578247, 32.6820869446, 33.0652160645, 33.4483451843, 33.8314743042, 34.2029914856, 34.5745124817, 34.9460296631, 35.329158783, 35.7122879028, 36.0838088989, 36.4669380188, 36.8616790771, 37.2680282593, 37.6859855652, 38.0923347473, 38.638004303, 39.1720619202, 39.7061233521, 40.1937408447, 40.6813583374, 41.1573677063, 41.6217689514, 42.0745582581, 42.5389556885, 43.0033569336, 43.467754364, 43.9321517944, 44.3965530396, 44.8493423462, 45.3021316528, 45.7549209595, 46.1960983276, 46.6488876343, 47.0900688171, 47.5312461853, 47.9956436157, 48.4600448608, 48.9244422913, 49.3772315979, 49.8300209045, 50.2828102112, 50.7355995178, 51.1883888245, 51.6411781311, 52.0939674377, 52.5351448059, 52.9879341125, 53.4407234192, 53.8935127258, 54.3579139709, 54.8223114014, 55.2170524597, 55.6117897034, 55.9949188232, 56.3780479431, 56.7379570007, 57.0978660583, 57.457775116, 57.8176841736, 58.1892051697, 58.5607261658, 58.9322433472, 59.2921524048, 59.6404533386, 60.0003623962, 60.3602714539, 60.7201805115, 61.1613578796, 61.6141471863, 62.0669364929, 62.531337738, 62.9957351685, 63.4601364136, 63.924533844, 64.3773193359, 64.8417205811, 65.2945098877, 65.7472991943, 66.200088501, 66.6528778076, 67.1288909912, 67.6165084839, 68.0925140381, 68.6497955322, 69.2070770264, 69.7643508911, 70.3216323853, 70.8673019409, 71.4245758057, 71.9702453613, 72.5275268555, 73.0731964111, 73.6188659668, 74.303855896, 74.9888458252, 75.673828125, 76.3588180542, 77.0438079834, 77.7287979126, 78.4137878418, 79.0871658325, 79.7605438232, 80.4455337524, 81.1305236816, 81.8155059814, 82.5004959106, 83.1970977783, 83.8936920166, 84.5902938843, 85.2868881226, 85.9834899902, 86.691696167, 87.3882980347, 88.0965042114, 88.7931060791, 89.5013122559, 90.1979141235, 90.9061203003, 91.5911102295, 92.2761001587, 92.9494781494, 93.6460723877, 94.3194503784, 94.9928359985, 95.4572296143, 95.9100189209, 96.3628082275, 96.8272094727, 97.2799987793, 97.7327880859, 98.1855773926, 98.6383666992, 99.1027679443, 99.555557251, 100.008346558, 100.461128235, 100.913917542, 101.366706848, 101.819496155, 102.272285461, 102.736686707, 103.189476013, 103.64226532, 104.095054626, 104.547843933, 105.00063324, 105.465034485, 105.917823792, 106.370613098, 106.823402405, 107.276191711, 107.728981018, 108.181770325, 108.634559631, 109.087341309, 109.551742554, 110.00453186, 110.457321167, 110.921722412, 111.386123657, 111.838912964, 112.280090332, 112.732879639, 113.185668945, 113.638458252, 114.091247559, 114.544036865, 115.008430481, 115.472831726, 115.925621033, 116.378410339, 116.831199646, 117.283988953, 117.725166321, 118.189567566, 118.642356873, 119.095146179, 119.536323547, 120.000724792, 120.453514099, 120.906303406, 121.347480774, 121.811882019, 122.264671326, 122.717460632, 123.181854248, 123.623039246, 124.075828552, 124.528617859, 124.993011475, 125.445800781, 125.898590088, 126.351379395, 126.804168701, 127.256958008, 127.709747314, 128.162536621, 128.615325928, 129.079727173, 129.532516479, 129.985305786, 130.438095093, 130.890884399, 131.343673706, 131.796463013, 132.260864258, 132.713653564, 133.166442871, 133.619232178, 134.072021484, 134.524810791, 134.977600098, 135.430389404, 135.883178711, 136.347564697, 136.788757324, 137.253143311, 137.705932617, 138.158721924, 138.61151123, 139.064300537, 139.528701782, 139.981491089, 140.434280396, 140.898681641, 141.351470947, 141.804260254, 142.257049561, 142.709838867, 143.162628174, 143.61541748, 144.068206787, 144.532608032, 144.985397339, 145.438186646, 145.890975952, 146.343765259, 146.796554565, 147.249343872, 147.702133179, 148.154922485, 148.607711792, 149.072113037, 149.524902344, 149.97769165, 150.442077637, 150.894866943, 151.34765625, 151.800445557, 152.253234863, 152.70602417, 153.158813477, 153.623214722, 154.076004028, 154.528793335, 154.981582642, 155.434371948, 155.887161255, 156.339950562, 156.792739868, 157.245529175, 157.70993042, 158.162719727, 158.615509033, 159.079910278, 159.521087646, 159.973876953, 160.42666626, 160.879455566, 161.332244873, 161.796646118, 162.249435425, 162.702224731, 163.155014038, 163.607803345, 164.072189331, 164.524978638, 164.977767944, 165.430557251, 165.883346558, 166.347747803, 166.788925171, 167.241714478, 167.694503784, 168.147293091, 168.611694336, 169.064483643, 169.517272949, 169.970062256, 170.434463501, 170.887252808, 171.340042114, 171.792831421, 172.245620728, 172.698410034, 173.151199341, 173.615600586, 174.056777954, 174.521179199, 174.973968506, 175.426757812, 175.891159058, 176.343948364, 176.796737671, 177.249526978, 177.702316284, 178.155105591, 178.607894897, 179.060684204, 179.513473511, 179.977859497, 180.442260742, 180.895050049, 181.347839355, 181.800628662, 182.253417969, 182.706207275, 183.158996582, 183.611785889, 184.064575195, 184.517364502, 184.970153809, 185.422943115, 185.875732422, 186.340133667, 186.792922974, 187.24571228, 187.698501587, 188.151290894, 188.6040802, 189.056869507, 189.521270752, 189.974060059, 190.426849365, 190.879638672, 191.332427979, 191.796829224, 192.24961853, 192.702392578, 193.155181885, 193.607971191, 194.060760498, 194.513549805, 194.97795105, 195.442352295, 195.90675354, 196.371154785, 196.83555603, 197.299957275, 197.764343262, 198.228744507, 198.693145752, 199.238815308, 199.796096802, 200.353378296, 200.899047852, 201.433105469, 201.967163086, 202.501220703, 203.023666382, 203.569335938, 204.068572998, 204.5677948, 205.055419922, 205.554641724, 206.053878784, 206.553100586, 207.040725708, 207.516723633, 208.004348755, 208.46875, 208.944763184, 209.432373047, 209.931610107, 210.419219971, 210.918457031, 211.406066895, 211.905303955, 212.381317139, 212.868927002, 213.368164062, 213.867385864, 214.355010986, 214.831008911, 215.307022095, 215.794647217, 216.2706604, 216.746658325, 217.222671509, 217.698684692, 218.174682617, 218.639083862, 219.091873169, 219.544662476, 219.997451782, 220.450241089, 220.903030396, 221.344207764, 221.785385132, 222.226577759, 222.679367065, 223.143753052, 223.608154297, 224.060943604, 224.51373291, 224.966522217, 225.419311523, 225.87210083, 226.324890137, 226.789291382, 227.242080688, 227.694869995, 228.147659302, 228.600448608, 229.053237915, 229.506027222, 229.958816528, 230.411605835, 230.87600708, 231.328796387, 231.781585693, 232.245986938, 232.698776245, 233.151565552, 233.604354858, 234.057144165, 234.509933472, 234.962722778, 235.415512085, 235.868301392, 236.332687378, 236.785476685, 237.238265991, 237.691055298, 238.143844604, 238.60824585, 239.061035156, 239.513824463, 239.96661377, 240.419403076, 240.883804321, 241.336593628, 241.789382935, 242.242172241, 242.694961548, 243.147750854, 243.600540161, 244.064941406, 244.517730713, 244.97052002, 245.423309326, 245.876098633, 246.340499878, 246.793289185, 247.246078491, 247.698867798, 248.151657104, 248.592834473, 249.057235718, 249.510025024, 249.974411011, 250.427200317, 250.879989624, 251.332778931, 251.785568237, 252.238357544, 252.691146851, 253.143936157, 253.608337402, 254.061126709, 254.513916016, 254.966705322, 255.419494629, 255.872283936, 256.325073242, 256.789459229, 257.242248535, 257.695037842, 258.147827148, 258.600616455, 259.053405762, 259.506195068, 259.970611572, 260.423400879, 260.887786865, 261.340576172, 261.804992676, 262.269378662, 262.733795166, 263.174957275, 263.627746582, 264.080535889, 264.533325195, 264.986114502, 265.438903809, 265.880096436, 266.332885742, 266.774047852, 267.238464355, 267.691253662, 268.155639648, 268.608428955, 269.049621582, 269.502410889, 269.955200195, 270.407989502, 270.860778809, 271.313568115, 271.766357422, 272.230743408, 272.683532715, 273.136322021, 273.589111328, 274.041900635, 274.494689941, 274.947479248, 275.411865234, 275.864654541, 276.317443848, 276.770233154, 277.223022461, 277.675811768, 278.128601074, 278.581390381, 279.034179688, 279.498596191, 279.951385498, 280.404174805, 280.856964111, 281.309753418, 281.762542725, 282.215332031, 282.679718018, 283.132507324, 283.585296631, 284.038085938, 284.490875244, 284.955291748, 285.408081055, 285.860870361, 286.313659668, 286.766448975, 287.219238281, 287.672027588, 288.124816895, 288.577606201, 289.041992188, 289.494781494, 289.947570801, 290.400360107, 290.864746094, 291.3175354, 291.770324707, 292.223114014, 292.67590332, 293.128692627, 293.569885254, 294.022674561, 294.475463867, 294.928253174, 295.38104248, 295.833831787, 296.286621094, 296.75100708, 297.215423584, 297.67980957, 298.132598877, 298.585388184, 299.03817749, 299.490966797, 299.943756104, 300.39654541, 300.860961914, 301.313751221, 301.76651001, 302.219299316, 302.672088623, 303.136505127, 303.589294434, 304.04208374, 304.494873047, 304.947662354, 305.40045166, 305.853240967, 306.306030273, 306.75881958, 307.223205566, 307.675994873, 308.12878418, 308.581573486, 309.034362793, 309.498779297, 309.951568604, 310.40435791, 310.857147217, 311.309936523, 311.77432251], "beats_loudness": {"dmean2": 0.0199794359505, "median": 0.0303673744202, "min": 0.000729458930437, "dvar2": 0.000453585438663, "dvar": 0.000155255926074, "dmean": 0.0112755633891, "max": 0.108394704759, "var": 0.00100296083838, "mean": 0.0410764329135}, "danceability": 1.23766577244, "bpm_histogram_second_peak_weight": {"dmean2": 0, "median": 0.0269865058362, "min": 0.0269865058362, "dvar2": 0, "dvar": 0, "dmean": 0, "max": 0.0269865058362, "var": 0, "mean": 0.0269865058362}, "beats_count": 668, "bpm_histogram_second_peak_bpm": {"dmean2": 0, "median": 126, "min": 126, "dvar2": 0, "dvar": 0, "dmean": 0, "max": 126, "var": 0, "mean": 126}, "bpm_histogram_first_peak_spread": {"dmean2": 0, "median": 0.287313461304, "min": 0.287313461304, "dvar2": 0, "dvar": 0, "dmean": 0, "max": 0.287313461304, "var": 0, "mean": 0.287313461304}, "beats_loudness_band_ratio": {"dmean2": [0.18978433311, 0.164345100522, 0.142072498798, 0.176033094525, 0.131653830409, 0.142629221082], "median": [0.212901562452, 0.0442003272474, 0.0512092188001, 0.0842546001077, 0.0660900622606, 0.0568532384932], "min": [0.000150610459968, 0.000311781273922, 0.000517999927979, 0.00160990201402, 0.00148994394112, 0.000415938411606], "dvar2": [0.0597715862095, 0.0566857494414, 0.0400929450989, 0.0476764030755, 0.0297149159014, 0.0458225309849], "dvar": [0.0219619963318, 0.0215305052698, 0.0157550089061, 0.0172664765269, 0.0101279132068, 0.0164130274206], "dmean": [0.107646010816, 0.0960439741611, 0.0827300697565, 0.101679079235, 0.0734827294946, 0.0793628916144], "max": [0.983290433884, 0.957422494888, 0.856483280659, 0.918324232101, 0.672074258327, 0.932879209518], "var": [0.140666648746, 0.048349045217, 0.0215153060853, 0.0377827472985, 0.0114628588781, 0.0246557332575], "mean": [0.38571819663, 0.145279556513, 0.100930035114, 0.157328993082, 0.0938564613461, 0.134265676141]}}, "lowlevel": {"barkbands_spread": {"dmean2": 10.5779914856, "median": 30.9067459106, "min": 0.932987749577, "dvar2": 157.875930786, "dvar": 75.4874420166, "dmean": 7.09721279144, "max": 110.071990967, "var": 489.897613525, "mean": 35.2058982849}, "melbands_spread": {"dmean2": 16.1558322906, "median": 34.7921714783, "min": 0.622151315212, "dvar2": 446.37902832, "dvar": 217.786270142, "dmean": 10.7239961624, "max": 242.044265747, "var": 837.384643555, "mean": 38.9963378906}, "hfc": {"dmean2": 13.2246952057, "median": 28.3250350952, "min": 0.233836099505, "dvar2": 430.727844238, "dvar": 206.120986938, "dmean": 9.24060058594, "max": 353.895629883, "var": 1105.26989746, "mean": 37.6494674683}, "barkbands_kurtosis": {"dmean2": 2.97265601158, "median": -0.0181133747101, "min": -1.90501010418, "dvar2": 33.6750602722, "dvar": 21.9334201813, "dmean": 2.20371365547, "max": 185.356231689, "var": 87.7160644531, "mean": 3.18399763107}, "gfcc": {"mean": [14.9174442291, 43.6752090454, -121.502632141, 25.4418067932, -59.4446411133, 19.555065155, -34.1447105408, 12.0390090942, -19.4767036438, 4.31513738632, -9.79131793976, 6.55034255981, -2.99646258354], "icov": [[0.000521778536495, 0.000467051926535, -4.66173587483e-05, -0.000162591037224, -8.19591878098e-05, -0.00031148394919, -4.12121989939e-05, -0.000238749315031, 0.000583204091527, -0.00034590967698, 0.000107414503873, -5.93481090618e-05, 0.000263898604317], [0.000467051926535, 0.00178178981878, 0.000196767170564, 9.84129201242e-06, -0.000805328600109, 0.000387182051782, -0.000319830403896, 0.000476534216432, -0.000656036660075, 0.00101847935002, -0.00186402432155, 0.00153826805763, -0.000292940676445], [-4.66173587483e-05, 0.000196767170564, 0.00194074050523, -0.000342048821039, -0.00122317241039, -0.000634360010736, 0.00113133015111, -0.000114937014587, 0.000137232069392, -0.000851434306242, 0.000198287700186, -0.000289237999823, 0.00156359584071], [-0.000162591037224, 9.84129201242e-06, -0.000342048821039, 0.00375318573788, -0.00071463448694, -0.00114086992107, 0.000299375882605, -0.000716329028364, -0.00088013819186, 0.00138352997601, -0.00121463485993, 0.00161697354633, -0.00165860366542], [-8.19591878098e-05, -0.000805328600109, -0.00122317241039, -0.00071463448694, 0.00537366280332, 0.000381843798095, -0.00282931956463, -6.69481087243e-05, -0.000347501132637, -0.00176786689553, 0.00230118678883, -0.000964522943832, -0.000579682120588], [-0.00031148394919, 0.000387182051782, -0.000634360010736, -0.00114086992107, 0.000381843798095, 0.00684603955597, -0.00277476478368, -0.00136632623617, 0.000302398140775, 0.000289998628432, -0.000978520256467, -0.000890006776899, 0.00113852263894], [-4.12121989939e-05, -0.000319830403896, 0.00113133015111, 0.000299375882605, -0.00282931956463, -0.00277476478368, 0.00691312272102, -0.00157685764134, -0.00020275672432, 0.000187999787158, 0.000881110318005, -0.000667963118758, 0.000563270878047], [-0.000238749315031, 0.000476534216432, -0.000114937014587, -0.000716329028364, -6.69481087243e-05, -0.00136632623617, -0.00157685764134, 0.0100709749386, -0.0032520480454, -0.00175979291089, 0.00116193620488, -0.00107565894723, -0.00124981498811], [0.000583204091527, -0.000656036660075, 0.000137232069392, -0.00088013819186, -0.000347501132637, 0.000302398140775, -0.00020275672432, -0.0032520480454, 0.0125230494887, -0.00357207143679, -0.00120146293193, -0.000222904360271, 0.000244750204729], [-0.00034590967698, 0.00101847935002, -0.000851434306242, 0.00138352997601, -0.00176786689553, 0.000289998628432, 0.000187999787158, -0.00175979291089, -0.00357207143679, 0.0123987970874, -0.00492240907624, -0.00169840257149, 0.00223478884436], [0.000107414503873, -0.00186402432155, 0.000198287700186, -0.00121463485993, 0.00230118678883, -0.000978520256467, 0.000881110318005, 0.00116193620488, -0.00120146293193, -0.00492240907624, 0.0149330161512, -0.00226310011931, -0.00235456856899], [-5.93481090618e-05, 0.00153826805763, -0.000289237999823, 0.00161697354633, -0.000964522943832, -0.000890006776899, -0.000667963118758, -0.00107565894723, -0.000222904360271, -0.00169840257149, -0.00226310011931, 0.014774478972, -0.00571400392801], [0.000263898604317, -0.000292940676445, 0.00156359584071, -0.00165860366542, -0.000579682120588, 0.00113852263894, 0.000563270878047, -0.00124981498811, 0.000244750204729, 0.00223478884436, -0.00235456856899, -0.00571400392801, 0.0142565341666]], "cov": [[7613.13085938, -3593.34106445, 1894.46972656, 303.479187012, 743.132263184, 1188.15124512, 620.834594727, 780.668151855, -156.324508667, 714.284667969, -403.938690186, 480.000335693, -391.604309082], [-3593.34106445, 2535.14794922, -1048.23071289, -74.1615829468, -295.445068359, -616.499206543, -262.189575195, -424.485931396, 99.2721328735, -403.567260742, 265.830108643, -310.48348999, 216.330368042], [1894.46972656, -1048.23071289, 1337.49487305, 150.117416382, 426.619628906, 418.100585938, 179.99382019, 271.974090576, 10.8463544846, 309.840698242, -125.372703552, 148.625823975, -195.036743164], [303.479187012, -74.1615829468, 150.117416382, 377.808044434, 119.832099915, 134.809265137, 79.3090896606, 89.023765564, 38.0654830933, 20.7811717987, 10.6000318527, 9.10039615631, 20.6130142212], [743.132263184, -295.445068359, 426.619628906, 119.832099915, 483.890991211, 225.332321167, 262.21661377, 175.016235352, 51.7650337219, 154.999450684, -65.4981536865, 89.4573364258, -46.1606674194], [1188.15124512, -616.499206543, 418.100585938, 134.809265137, 225.332321167, 432.800506592, 238.443527222, 210.146789551, 12.9700241089, 153.68548584, -59.6395874023, 110.476470947, -71.1169815063], [620.834594727, -262.189575195, 179.99382019, 79.3090896606, 262.21661377, 238.443527222, 358.334991455, 164.456787109, 36.4199295044, 98.8877182007, -49.0819358826, 77.6147079468, -28.6389255524], [780.668151855, -424.485931396, 271.974090576, 89.023765564, 175.016235352, 210.146789551, 164.456787109, 253.439971924, 49.96849823, 135.375961304, -39.4169654846, 92.255645752, -28.2032032013], [-156.324508667, 99.2721328735, 10.8463544846, 38.0654830933, 51.7650337219, 12.9700241089, 36.4199295044, 49.96849823, 125.745674133, 45.9504165649, 32.3510932922, 11.6214962006, 12.8222589493], [714.284667969, -403.567260742, 309.840698242, 20.7811717987, 154.999450684, 153.68548584, 98.8877182007, 135.375961304, 45.9504165649, 220.904312134, -6.72854185104, 87.0461807251, -52.7287368774], [-403.938690186, 265.830108643, -125.372703552, 10.6000318527, -65.4981536865, -59.6395874023, -49.0819358826, -39.4169654846, 32.3510932922, -6.72854185104, 123.866149902, -9.53157806396, 45.6427230835], [480.000335693, -310.48348999, 148.625823975, 9.10039615631, 89.4573364258, 110.476470947, 77.6147079468, 92.255645752, 11.6214962006, 87.0461807251, -9.53157806396, 139.019119263, 9.62917232513], [-391.604309082, 216.330368042, -195.036743164, 20.6130142212, -46.1606674194, -71.1169815063, -28.6389255524, -28.2032032013, 12.8222589493, -52.7287368774, 45.6427230835, 9.62917232513, 127.530654907]]}, "spectral_energyband_middle_low": {"dmean2": 0.00329402741045, "median": 0.0029652393423, "min": 4.60894625576e-06, "dvar2": 3.73097464035e-05, "dvar": 1.44167224789e-05, "dmean": 0.00204183370806, "max": 0.0474170446396, "var": 2.32823458646e-05, "mean": 0.00448418688029}, "melbands_crest": {"dmean2": 5.47873687744, "median": 15.9426612854, "min": 2.43857336044, "dvar2": 27.7166004181, "dvar": 12.2673864365, "dmean": 3.60264921188, "max": 36.1091880798, "var": 65.7188491821, "mean": 17.2437343597}, "spectral_kurtosis": {"dmean2": 1.67108118534, "median": 2.29289054871, "min": -1.30956590176, "dvar2": 9.52174758911, "dvar": 3.27875447273, "dmean": 1.00067269802, "max": 40.2331581116, "var": 9.05482387543, "mean": 3.0641078949}, "spectral_rms": {"dmean2": 0.000772287487052, "median": 0.00442673126236, "min": 0.000534443883225, "dvar2": 6.05412139976e-07, "dvar": 3.9583085254e-07, "dmean": 0.000586732639931, "max": 0.0106155239046, "var": 4.35692254541e-06, "mean": 0.00454545393586}, "zerocrossingrate": {"dmean2": 0.0174927730113, "median": 0.092041015625, "min": 0.0029296875, "dvar2": 0.000350322428858, "dvar": 0.000321630592225, "dmean": 0.0157391447574, "max": 0.38623046875, "var": 0.00422108033672, "mean": 0.105506658554}, "silence_rate_60dB": {"dmean2": 0.0385302007198, "median": 0, "min": 0, "dvar2": 0.0432921387255, "dvar": 0.018969591707, "dmean": 0.0193380434066, "max": 1, "var": 0.0805034711957, "mean": 0.0882790386677}, "erbbands_kurtosis": {"dmean2": 1.20917797089, "median": -0.320461750031, "min": -1.84492516518, "dvar2": 3.41993570328, "dvar": 1.60219788551, "dmean": 0.787491440773, "max": 33.2105445862, "var": 4.29630279541, "mean": 0.318861067295}, "erbbands": {"dmean2": [0.21355265379, 1.02646577358, 2.09040284157, 3.14648318291, 3.06046199799, 2.94760298729, 5.34724473953, 11.3040113449, 7.3681344986, 8.43337440491, 9.17149925232, 11.3442974091, 13.7713031769, 86.8318939209, 31.1533164978, 17.2550392151, 24.3992729187, 15.5443077087, 28.6216106415, 25.0998973846, 25.3673229218, 16.7673892975, 16.3473453522, 21.8680515289, 10.7674312592, 11.9102468491, 13.8653259277, 9.59608459473, 9.9421787262, 9.34018611908, 7.65759086609, 6.79785299301, 4.87469530106, 3.39859700203, 1.80051290989, 0.840708971024, 0.287133067846, 0.0551187098026, 0.00699331099167, 0.000248429249041], "median": [0.0303422417492, 0.180876046419, 0.307638883591, 0.328669190407, 0.468369811773, 1.04104924202, 2.40411710739, 4.11873006821, 4.09650802612, 3.7245721817, 4.81954097748, 5.91141700745, 7.79192733765, 13.7577953339, 15.6058530807, 9.1562128067, 12.7051849365, 10.6073722839, 15.3991680145, 13.5931100845, 15.0808868408, 12.696937561, 13.4549922943, 14.1512012482, 10.5848731995, 11.5346260071, 12.1377487183, 9.26326560974, 8.0192232132, 7.59949588776, 6.42797899246, 4.51138019562, 3.322245121, 2.17318201065, 1.05005979538, 0.381394982338, 0.108998954296, 0.018406406045, 0.0016007773811, 9.73418791546e-05], "min": [2.10527400668e-06, 5.03570527144e-06, 4.11457585869e-05, 0.000235669402173, 0.000380817946279, 0.000165947130881, 0.000825705647003, 0.00169311370701, 0.00309262378141, 0.00212021940388, 0.00646139681339, 0.021066788584, 0.0544452108443, 0.0450675562024, 0.0191923845559, 0.0227876715362, 0.0622819587588, 0.103009983897, 0.0428685173392, 0.0292030908167, 0.0670706704259, 0.0528180375695, 0.0246987920254, 0.0128699466586, 0.0087409215048, 0.00632308144122, 0.0035750484094, 0.00188546185382, 0.000697698967997, 0.000382786325645, 0.000233734841458, 0.00015211936261, 4.93172337883e-05, 1.67850121215e-05, 6.36088179817e-06, 2.08902929444e-06, 7.28112752313e-07, 1.72814964117e-07, 1.84965173844e-07, 3.50282931549e-07], "dvar2": [0.175758734345, 6.33335733414, 58.855594635, 124.218399048, 93.3558959961, 68.7739868164, 233.12677002, 602.831787109, 313.304046631, 356.541015625, 673.726745605, 552.630859375, 1007.63024902, 64910.25, 5461.79345703, 2124.71533203, 2541.92089844, 1344.95935059, 4708.01806641, 5302.13134766, 4353.77148438, 2162.19384766, 1329.85961914, 1928.53759766, 434.093566895, 361.109130859, 708.720825195, 304.107788086, 345.29574585, 280.578582764, 264.259307861, 378.580780029, 143.549713135, 54.7847290039, 11.6952486038, 2.3590464592, 0.27114328742, 0.0104869510978, 0.000325414381223, 4.80974392758e-07], "dvar": [0.150604471564, 3.67301845551, 21.6469554901, 43.9888916016, 32.3409309387, 25.6657161713, 105.434379578, 261.336303711, 140.540359497, 150.154159546, 315.19418335, 287.591827393, 503.188262939, 29645.46875, 2911.6027832, 980.352478027, 1208.43945312, 651.744018555, 2221.99755859, 2574.10253906, 2118.89404297, 1003.38085938, 630.774841309, 842.285583496, 178.730514526, 157.916732788, 319.395721436, 125.717552185, 150.066543579, 126.411834717, 109.452110291, 157.730789185, 65.6319580078, 26.5141716003, 5.46956586838, 1.06322777271, 0.127651333809, 0.00568958651274, 0.000204308089451, 2.93292828246e-07], "dmean": [0.17801193893, 0.772615373135, 1.23478055, 1.75992000103, 1.68795728683, 1.73275482655, 3.55810427666, 7.0574464798, 4.81170797348, 5.28306055069, 6.06106710434, 7.53729772568, 8.95643520355, 58.1358528137, 21.1355381012, 10.9966487885, 15.047665596, 9.70287704468, 18.5427112579, 16.5008621216, 16.2815361023, 10.7994432449, 10.3817663193, 13.4844846725, 6.69980144501, 7.56352519989, 9.02655792236, 6.00215053558, 6.30345964432, 6.05376672745, 4.92755508423, 4.35192632675, 3.2085211277, 2.26450014114, 1.19978582859, 0.560146331787, 0.193258062005, 0.0391480587423, 0.00517726736143, 0.000192339532077], "max": [4.62580156326, 22.7574253082, 49.6191329956, 69.320098877, 73.2584762573, 159.906295776, 347.982299805, 445.350067139, 467.677459717, 294.565673828, 673.071105957, 799.385437012, 1468.08666992, 4526.37060547, 1729.66467285, 1417.80847168, 1682.79455566, 1512.76062012, 1447.67602539, 2047.21618652, 1865.86828613, 1071.91296387, 1001.10534668, 1110.95361328, 548.927856445, 412.099182129, 671.256103516, 488.1746521, 353.410827637, 431.951416016, 458.066955566, 633.206237793, 257.462219238, 242.92880249, 61.5624160767, 19.0121364594, 5.54404830933, 1.25869297981, 0.29532918334, 0.0113150961697], "var": [0.610870540142, 9.78893089294, 15.9191169739, 27.3190727234, 21.6496696472, 35.1756095886, 305.55859375, 613.026855469, 317.840362549, 300.423461914, 684.027832031, 1079.23205566, 1966.33496094, 111146.898438, 12091.2773438, 3491.54492188, 3050.81274414, 1434.3034668, 8694.52246094, 8110.76855469, 4360.00439453, 2156.4362793, 1804.35546875, 2736.68237305, 676.961303711, 657.651184082, 1227.27636719, 409.396881104, 356.072265625, 447.072540283, 289.375823975, 300.153869629, 164.703109741, 78.2623519897, 19.3321800232, 3.85914802551, 0.462040305138, 0.0209967400879, 0.000504392199218, 6.50540926017e-07], "mean": [0.373624593019, 1.40668296814, 1.28045082092, 1.50876665115, 1.75792002678, 2.60789108276, 7.40224599838, 12.7359647751, 9.11728286743, 9.30843448639, 11.0538263321, 14.2722606659, 18.830324173, 126.464912415, 46.5998077393, 22.1349582672, 25.2061328888, 19.0466175079, 39.2933502197, 35.4991378784, 31.3540077209, 22.5499610901, 23.5434932709, 30.8792304993, 16.5563964844, 19.5020847321, 22.6713218689, 16.1998939514, 14.6280117035, 15.1103649139, 12.1386213303, 9.79415225983, 7.5458316803, 5.48895311356, 3.11149191856, 1.414026618, 0.477737724781, 0.0961992889643, 0.0109551362693, 0.000401926547056]}, "spectral_strongpeak": {"dmean2": 1.07842051983, "median": 0.587753295898, "min": 0, "dvar2": 3.81272220612, "dvar": 1.62095022202, "dmean": 0.659193396568, "max": 16.2061214447, "var": 4.16242790222, "mean": 1.45301544666}, "spectral_energy": {"dmean2": 0.00804613344371, "median": 0.0200858470052, "min": 0.000292771030217, "dvar2": 8.9036024292e-05, "dvar": 6.50801011943e-05, "dmean": 0.0063091260381, "max": 0.115506574512, "var": 0.000495614949614, "mean": 0.0256435330957}, "average_loudness": 0.764803290367, "spectral_rolloff": {"dmean2": 1421.51245117, "median": 2304.05273438, "min": 64.599609375, "dvar2": 3903575.75, "dvar": 1836920.125, "dmean": 898.920715332, "max": 14018.1152344, "var": 7990864.5, "mean": 3238.53100586}, "spectral_centroid": {"dmean2": 409.244415283, "median": 2131.15527344, "min": 198.761825562, "dvar2": 218217.421875, "dvar": 103621.328125, "dmean": 275.824493408, "max": 5994.74902344, "var": 629180.3125, "mean": 2007.49023438}, "pitch_salience": {"dmean2": 0.110315769911, "median": 0.538590788841, "min": 0.0282952971756, "dvar2": 0.012944647111, "dvar": 0.00605407636613, "dmean": 0.071955345571, "max": 0.842566668987, "var": 0.0260110795498, "mean": 0.509347736835}, "spectral_energyband_middle_