{"tonal": {"thpcp": [1, 0.599857807159, 0.266804039478, 0.23593878746, 0.255783349276, 0.493109881878, 0.626097083092, 0.374123096466, 0.183660745621, 0.173506379128, 0.235960394144, 0.491624057293, 0.591303646564, 0.434226661921, 0.653693974018, 0.909510672092, 0.607838332653, 0.370778232813, 0.387990117073, 0.398875921965, 0.69122582674, 0.957055449486, 0.661153376102, 0.32172203064, 0.251397013664, 0.252096682787, 0.513535261154, 0.735287070274, 0.549581408501, 0.457495361567, 0.507768034935, 0.387984097004, 0.343958824873, 0.389144182205, 0.407902866602, 0.753319442272], "hpcp": {"dmean2": [0.179062843323, 0.17373432219, 0.23158288002, 0.267970591784, 0.263293921947, 0.242309853435, 0.230658039451, 0.216088250279, 0.21185348928, 0.233387827873, 0.231930762529, 0.269687861204, 0.289729833603, 0.245372563601, 0.164544656873, 0.143167376518, 0.153858959675, 0.196586802602, 0.218977198005, 0.169718205929, 0.126395940781, 0.123104289174, 0.162418067455, 0.272698134184, 0.283387392759, 0.237809836864, 0.271533370018, 0.280847042799, 0.264704763889, 0.245375573635, 0.264027267694, 0.274560242891, 0.320386976004, 0.317842125893, 0.284251511097, 0.212553292513], "median": [0.014344887808, 0.0157507695258, 0.0410132147372, 0.0574162080884, 0.0406711511314, 0.0328710600734, 0.0325659364462, 0.023835580796, 0.0224169194698, 0.0260774940252, 0.0292724370956, 0.0732889324427, 0.0993270948529, 0.0584594272077, 0.022003389895, 0.0175910554826, 0.0196685865521, 0.0457705035806, 0.0586666837335, 0.0330750234425, 0.0100290169939, 0.00735459197313, 0.0140068531036, 0.0400378778577, 0.0563007257879, 0.037536278367, 0.0635148137808, 0.0772212967277, 0.0428910329938, 0.0178047157824, 0.0140624940395, 0.0194547697902, 0.067831709981, 0.0922130793333, 0.055019993335, 0.0207674838603], "min": [0, 0, 0, 0, 0, 0, 0, 0, 0, 0, 0, 0, 0, 0, 0, 0, 0, 0, 0, 0, 0, 0, 0, 0, 0, 0, 0, 0, 0, 0, 0, 0, 0, 0, 0, 0], "dvar2": [0.115451693535, 0.104884013534, 0.116773344576, 0.136689648032, 0.134372323751, 0.136680275202, 0.122313499451, 0.123664461076, 0.117071829736, 0.136417970061, 0.123005203903, 0.124629639089, 0.131973698735, 0.11692596972, 0.0949189513922, 0.0830107331276, 0.0903805717826, 0.100675359368, 0.110286153853, 0.0871401205659, 0.0736193880439, 0.0776415094733, 0.0789159983397, 0.147476866841, 0.140755042434, 0.128040671349, 0.136567801237, 0.14024078846, 0.135886460543, 0.147249385715, 0.172074601054, 0.163387134671, 0.171554893255, 0.154571473598, 0.139954999089, 0.126513749361], "dvar": [0.0403498746455, 0.0371607765555, 0.043678548187, 0.0553794018924, 0.0502695776522, 0.0496324449778, 0.0466366223991, 0.0457057841122, 0.0419134087861, 0.0491566844285, 0.0449441634119, 0.0464305020869, 0.0559767484665, 0.0427088811994, 0.032374702394, 0.0292076710612, 0.0324625857174, 0.0375942513347, 0.0446734055877, 0.0319072678685, 0.0261531192809, 0.0276303496212, 0.0284406263381, 0.0534542165697, 0.0526141934097, 0.0467360503972, 0.04967039451, 0.0595481134951, 0.0524519793689, 0.0538043305278, 0.0646082535386, 0.0600284077227, 0.062041349709, 0.0621376782656, 0.052379976958, 0.0452864095569], "dmean": [0.0961204245687, 0.0940087512136, 0.12981633842, 0.154714018106, 0.147671163082, 0.134434700012, 0.12959690392, 0.119672618806, 0.11609723419, 0.127524748445, 0.128117635846, 0.155842289329, 0.167570918798, 0.14015686512, 0.089194022119, 0.0779254734516, 0.0843205973506, 0.113306641579, 0.126670181751, 0.0970307290554, 0.0682143196464, 0.0659254491329, 0.0880248472095, 0.1500467062, 0.15950062871, 0.132216274738, 0.153269603848, 0.161797374487, 0.150054812431, 0.133589491248, 0.142699807882, 0.14835318923, 0.17894308269, 0.182405874133, 0.16142244637, 0.115654341877], "max": [1, 1, 1, 1, 1, 1, 1, 1, 1, 1, 1, 1, 1, 1, 1, 1, 1, 1, 1, 1, 1, 1, 1, 1, 1, 1, 1, 1, 1, 1, 1, 1, 1, 1, 1, 1], "var": [0.0267929695547, 0.0253250710666, 0.0484870374203, 0.0865329056978, 0.0538366474211, 0.0481415987015, 0.0587067529559, 0.0412867851555, 0.0325863361359, 0.0410783104599, 0.0399197489023, 0.0726133063436, 0.115288302302, 0.0516333580017, 0.0225051213056, 0.0208715330809, 0.0238660741597, 0.0477837026119, 0.0697210654616, 0.0310352928936, 0.0173370279372, 0.0187544189394, 0.0209239274263, 0.0481630265713, 0.0583403632045, 0.0400575324893, 0.0605821087956, 0.112742193043, 0.0651854351163, 0.0434257984161, 0.0524787157774, 0.0460342504084, 0.0660516992211, 0.108441740274, 0.0658140107989, 0.0332295410335], "mean": [0.0689113438129, 0.0691031366587, 0.140767008066, 0.201552212238, 0.150647759438, 0.125405713916, 0.139186128974, 0.106351725757, 0.0942837968469, 0.106669723988, 0.111811734736, 0.206495121121, 0.274113625288, 0.164429202676, 0.0731346234679, 0.0646740347147, 0.0701137036085, 0.135168135166, 0.171621739864, 0.102552235126, 0.0503439120948, 0.0475604608655, 0.0646799579263, 0.134760856628, 0.162084385753, 0.11902744323, 0.179186418653, 0.249309271574, 0.166616767645, 0.101635366678, 0.106353379786, 0.109337322414, 0.189474418759, 0.262341946363, 0.18123114109, 0.0881883949041]}, "tuning_equal_tempered_deviation": 0.0133274076506, "chords_changes_rate": 0.0560240969062, "key_key": "F#", "tuning_diatonic_strength": 0.651779949665, "key_scale": "major", "chords_number_rate": 0.00135542172939, "tuning_frequency": 441.272583008, "tuning_nontempered_energy_ratio": 0.673372387886, "chords_histogram": [24.3524093628, 5.7680721283, 29.4427719116, 0.0451807230711, 1.5662651062, 0, 1.31024098396, 0.075301207602, 0, 0, 0, 0, 0.075301207602, 0, 0, 0.993975877762, 0, 1.5662651062, 0, 0.903614461422, 0, 18.2680721283, 3.32831335068, 12.3042173386], "key_strength": 0.851897358894, "chords_key": "C#", "chords_strength": {"dmean2": 0.0108570223674, "median": 0.505358278751, "min": 0.226202845573, "dvar2": 9.01202438399e-05, "dvar": 7.99824192654e-05, "dmean": 0.0109237292781, "max": 0.784644365311, "var": 0.00695365807042, "mean": 0.502971947193}, "chords_scale": "major", "hpcp_entropy": {"dmean2": 1.06428408623, "median": 1.94629263878, "min": 0, "dvar2": 0.725133121014, "dvar": 0.285071641207, "dmean": 0.632918894291, "max": 4.63825511932, "var": 0.540592551231, "mean": 1.92349779606}}, "metadata": {"audio_properties": {"equal_loudness": 0, "codec": "flac", "downmix": "mix", "analysis_sample_rate": 44100, "bit_rate": 0, "md5_encoded": "a6e4123f73bb85051c59d586b3604421", "length": 308.293334961, "replay_gain": -14.4369602203, "lossless": true}, "version": {"essentia_build_sha": "5a55991247aa8bc5301991e5ebe36927b56abb96", "essentia": "2.1-beta1", "extractor": "music 1.0", "essentia_git_sha": "v2.1_beta1-6-g5578087"}, "tags": {"title": ["rainbow forecast"], "barcode": ["4988009046426"], "media": ["CD"], "albumartist": ["\u4e2d\u5ddd\u7fd4\u5b50"], "performer": ["\u9ed2\u9808\u514b\u5f66 (bass)", "\u68ee\u614e\u4e4b\u4ecb (guitar)", "\u9f4b\u85e4\u771f\u4e5f (keyboard)", "\u4e2d\u5ddd\u7fd4\u5b50 (lead vocals)", "mao (background vocals)", "meg rock (background vocals)"], "releasetype": ["album"], "musicbrainz_recordingid": ["1bc0351c-5243-457b-b2f9-79ad8974c568"], "albumsort": ["Cosmic \u266c Inflation (2010-10-06, Nakagawa, Shoko, 8f872387-92f1-4e6a-bdae-f9d093dee424)"], "musicbrainz_albumartistid": ["731552b6-04d5-4d5d-9fdf-4e38b410c04b"], "musicbrainz_workid": ["300cfe4c-a13a-3711-8aeb-ed4e2b5887a4"], "replaygain_track_gain": ["-9.01 dB"], "arranger": ["\u9f4b\u85e4\u771f\u4e5f"], "date": ["2010-10-06"], "musicip_puid": ["5df1130d-1d0c-09f7-3357-ef8105032d84"], "asin": ["B003X0G8GO"], "musicbrainz_albumid": ["8f872387-92f1-4e6a-bdae-f9d093dee424"], "artistsort": ["Nakagawa, Shoko"], "artist": ["\u4e2d\u5ddd\u7fd4\u5b50"], "label": ["Sony Records"], "musicbrainz_artistid": ["731552b6-04d5-4d5d-9fdf-4e38b410c04b"], "totaltracks": ["13"], "composer": ["\u9f4b\u85e4\u771f\u4e5f"], "tracktotal": ["13"], "replaygain_track_peak": ["1.00000000"], "replaygain_album_peak": ["1.00000000"], "mixer": ["\u897f\u6ca2\u6804\u4e00"], "lyricist": ["meg rock"], "work": ["rainbow forecast"], "discnumber": ["1"], "album": ["Cosmic \u266c Inflation"], "catalognumber": ["SRCL-7383"], "releasecountry": ["JP"], "genre": ["Idol"], "replaygain_album_gain": ["-10.58 dB"], "artists": ["\u4e2d\u5ddd\u7fd4\u5b50"], "file_name": "05 - \u4e2d\u5ddd\u7fd4\u5b50 - rainbow forecast.flac", "musicbrainz_releasegroupid": ["34a3b159-2808-41e3-a1fd-22090693b8ee"], "script": ["Jpan"], "originaldate": ["2010-10-06"], "musicbrainz_releasetrackid": ["264c3795-10f7-37fd-a49f-5cdc04f082cc"], "tracknumber": ["5"], "disctotal": ["1"], "composersort": ["Saito, Shinya"], "albumartistsort": ["Nakagawa, Shoko"], "totaldiscs": ["1"], "releasestatus": ["official"]}}, "rhythm": {"bpm_histogram_first_peak_bpm": {"dmean2": 0, "median": 133, "min": 133, "dvar2": 0, "dvar": 0, "dmean": 0, "max": 133, "var": 0, "mean": 133}, "bpm": 133.024703979, "bpm_histogram_second_peak_spread": {"dmean2": 0, "median": 0.5, "min": 0.5, "dvar2": 0, "dvar": 0, "dmean": 0, "max": 0.5, "var": 0, "mean": 0.5}, "bpm_histogram_first_peak_weight": {"dmean2": 0, "median": 0.7595307827, "min": 0.7595307827, "dvar2": 0, "dvar": 0, "dmean": 0, "max": 0.7595307827, "var": 0, "mean": 0.7595307827}, "onset_rate": 4.22295999527, "beats_position": [0.394739210606, 0.812698423862, 1.21904754639, 1.63700675964, 2.06657600403, 2.50775504112, 2.94893407822, 3.40172338486, 3.85451245308, 4.29569149017, 4.74848079681, 5.20126962662, 5.65405893326, 6.10684776306, 6.5596370697, 7.01242637634, 7.46521520615, 7.91800451279, 8.35918331146, 8.8119726181, 9.26476192474, 9.71755123138, 10.1703395844, 10.6115188599, 11.0643081665, 11.5170974731, 11.9698867798, 12.4226751328, 12.8754644394, 13.328253746, 13.7810430527, 14.2338323593, 14.6866207123, 15.1394100189, 15.5921993256, 16.0449886322, 16.4861679077, 16.9389572144, 17.391746521, 17.8445339203, 18.2973232269, 18.7385025024, 19.1912918091, 19.6440811157, 20.0968704224, 20.549659729, 21.0024490356, 21.4552383423, 21.8964176178, 22.3608150482, 22.8019943237, 23.2547836304, 23.707572937, 24.1487522125, 24.6131515503, 25.0659408569, 25.5187301636, 25.9599094391, 26.4126987457, 26.865486145, 27.3182754517, 27.7710647583, 28.2238540649, 28.6766433716, 29.1178226471, 29.5706119537, 30.0234012604, 30.476190567, 30.9289798737, 31.3701572418, 31.8229465485, 32.2757377625, 32.7285270691, 33.1813163757, 33.6224937439, 34.0752830505, 34.5280723572, 34.9808616638, 35.4336509705, 35.8864402771, 36.3392295837, 36.7804069519, 37.2331962585, 37.6859855652, 38.1387748718, 38.5915641785, 39.0327415466, 39.4855308533, 39.9383201599, 40.3911094666, 40.8438987732, 41.2966880798, 41.7494773865, 42.2022666931, 42.6550559998, 43.1078453064, 43.560634613, 44.0018119812, 44.4546012878, 44.9073905945, 45.3485717773, 45.801361084, 46.2541503906, 46.7069396973, 47.1597251892, 47.6125144958, 48.0653038025, 48.5180931091, 48.959274292, 49.4120635986, 49.8648529053, 50.3176422119, 50.7704315186, 51.2232208252, 51.6760063171, 52.1287956238, 52.5699768066, 53.0343742371, 53.4755554199, 53.9283447266, 54.3811340332, 54.8339233398, 55.2867126465, 55.7395019531, 56.1922874451, 56.6334686279, 57.0862579346, 57.5390472412, 57.9918365479, 58.4446258545, 58.8858032227, 59.3385925293, 59.7913818359, 60.2441711426, 60.6969604492, 61.1381378174, 61.590927124, 62.0437164307, 62.4965057373, 62.9492950439, 63.4020843506, 63.8548736572, 64.3076629639, 64.7604522705, 65.2016296387, 65.6544189453, 66.107208252, 66.5599975586, 67.0127868652, 67.4539642334, 67.90675354, 68.3595428467, 68.8123321533, 69.26512146, 69.7179107666, 70.1707000732, 70.6234893799, 71.0762786865, 71.5174560547, 71.9702453613, 72.423034668, 72.8874359131, 73.3286132812, 73.7697982788, 74.2225799561, 74.6753692627, 75.1281585693, 75.580947876, 76.0337371826, 76.4865264893, 76.9393157959, 77.3921051025, 77.8332901001, 78.2976837158, 78.738861084, 79.1916503906, 79.6444396973, 80.0972290039, 80.5500183105, 81.0028076172, 81.4555969238, 81.8967819214, 82.3379592896, 82.8023605347, 83.2551422119, 83.7079315186, 84.1491165161, 84.6019058228, 85.0546951294, 85.5190887451, 85.9602737427, 86.4014511108, 86.8542404175, 87.3070297241, 87.7598190308, 88.2126083374, 88.6537857056, 89.1181869507, 89.5709762573, 90.023765564, 90.4765548706, 90.9293441772, 91.3705215454, 91.8233108521, 92.2761001587, 92.7288894653, 93.181678772, 93.6228561401, 94.0756454468, 94.5284347534, 94.9812240601, 95.4340133667, 95.8868026733, 96.33959198, 96.7923812866, 97.2451705933, 97.6863479614, 98.1391372681, 98.5919265747, 99.0447158813, 99.497505188, 99.9386825562, 100.391471863, 100.844261169, 101.297050476, 101.749839783, 102.202629089, 102.655418396, 103.096595764, 103.560997009, 104.002174377, 104.454963684, 104.907752991, 105.360542297, 105.813331604, 106.266120911, 106.718910217, 107.160087585, 107.612876892, 108.065666199, 108.518455505, 108.971244812, 109.424034119, 109.876823425, 110.318000793, 110.7707901, 111.223579407, 111.676368713, 112.12915802, 112.581947327, 113.034736633, 113.475914001, 113.928703308, 114.381492615, 114.822669983, 115.27545929, 115.728248596, 116.181037903, 116.633827209, 117.086616516, 117.539405823, 117.992195129, 118.444984436, 118.886169434, 119.338951111, 119.791740417, 120.244529724, 120.697319031, 121.138504028, 121.591293335, 122.044082642, 122.496871948, 122.949661255, 123.402442932, 123.855232239, 124.308021545, 124.760810852, 125.20199585, 125.654785156, 126.107574463, 126.56036377, 127.001541138, 127.454330444, 127.91872406, 128.371520996, 128.824310303, 129.265487671, 129.718276978, 130.171066284, 130.623855591, 131.076644897, 131.517822266, 131.970611572, 132.423400879, 132.876190186, 133.328979492, 133.77015686, 134.234558105, 134.675735474, 135.12852478, 135.581314087, 136.034103394, 136.475280762, 136.928070068, 137.380859375, 137.833648682, 138.286437988, 138.739227295, 139.192016602, 139.644805908, 140.085983276, 140.538772583, 140.99156189, 141.444351196, 141.897140503, 142.338317871, 142.791107178, 143.243896484, 143.696685791, 144.149475098, 144.602264404, 145.055053711, 145.507843018, 145.960632324, 146.401809692, 146.866210938, 147.307388306, 147.760177612, 148.212966919, 148.665756226, 149.106933594, 149.5597229, 150.012512207, 150.465301514, 150.906478882, 151.370880127, 151.823669434, 152.27645874, 152.717636108, 153.170425415, 153.623214722, 154.076004028, 154.528793335, 154.981582642, 155.434371948, 155.887161255, 156.339950562, 156.78112793, 157.222305298, 157.686706543, 158.13949585, 158.592285156, 159.033462524, 159.49786377, 159.939041138, 160.391830444, 160.844619751, 161.297409058, 161.750198364, 162.214599609, 162.655776978, 163.096954346, 163.549743652, 164.002532959, 164.455322266, 164.908111572, 165.34928894, 165.802078247, 166.254867554, 166.696044922, 167.148834229, 167.601623535, 168.054412842, 168.507202148, 168.959991455, 169.412780762, 169.85395813, 170.318359375, 170.771148682, 171.223937988, 171.676727295, 172.129516602, 172.57069397, 173.035095215, 173.487884521, 173.940673828, 174.381851196, 174.823028564, 175.275817871, 175.728607178, 176.181396484, 176.634185791, 177.086975098, 177.539764404, 177.980941772, 178.433731079, 178.886520386, 179.339309692, 179.792098999, 180.233291626, 180.686080933, 181.138870239, 181.591659546, 182.044433594, 182.4972229, 182.950012207, 183.402801514, 183.85559082, 184.308380127, 184.761169434, 185.202362061, 185.655151367, 186.107940674, 186.549118042, 187.001907349, 187.454696655, 187.907485962, 188.360275269, 188.813064575, 189.265853882, 189.718643188, 190.171432495, 190.624221802, 191.07699585, 191.529785156, 191.982574463, 192.42376709, 192.864944458, 193.317733765, 193.770523071, 194.234924316, 194.676101685, 195.128890991, 195.581680298, 196.034469604, 196.487258911, 196.940048218, 197.392837524, 197.834014893, 198.286804199, 198.739593506, 199.192382812, 199.645172119, 200.097961426, 200.550750732, 200.991928101, 201.444717407, 201.897506714, 202.350296021, 202.803085327, 203.255874634, 203.70866394, 204.149841309, 204.602630615, 205.043807983, 205.49659729, 205.949386597, 206.402175903, 206.85496521, 207.307754517, 207.760543823, 208.21333313, 208.666122437, 209.118911743, 209.57170105, 210.024490356, 210.477279663, 210.93006897, 211.382858276, 211.835647583, 212.276824951, 212.729614258, 213.182403564, 213.623580933, 214.076370239, 214.529159546, 214.993560791, 215.434738159, 215.887527466, 216.340316772, 216.781494141, 217.234283447, 217.687072754, 218.128250122, 218.581039429, 219.033828735, 219.486618042, 219.939407349, 220.392196655, 220.844985962, 221.28616333, 221.738952637, 222.191741943, 222.656143188, 223.097320557, 223.550109863, 224.00289917, 224.455688477, 224.896865845, 225.349655151, 225.802444458, 226.255233765, 226.708023071, 227.160812378, 227.601989746, 228.066390991, 228.519180298, 228.971969604, 229.413146973, 229.854324341, 230.318725586, 230.771514893, 231.224304199, 231.665481567, 232.118270874, 232.571060181, 233.023849487, 233.476638794, 233.929428101, 234.382217407, 234.823394775, 235.287796021, 235.728973389, 236.181762695, 236.634552002, 237.07572937, 237.528518677, 237.981307983, 238.43409729, 238.886886597, 239.328063965, 239.780853271, 240.233642578, 240.698043823, 241.139221191, 241.592010498, 242.033187866, 242.485977173, 242.938766479, 243.391555786, 243.844345093, 244.297134399, 244.749923706, 245.202713013, 245.643890381, 246.108291626, 246.561080933, 247.013870239, 247.466659546, 247.919448853, 248.360626221, 248.825027466, 249.266204834, 249.718994141, 250.171783447, 250.612960815, 251.065750122, 251.518539429, 251.959716797, 252.412506104, 252.86529541, 253.329696655, 253.770874023, 254.235275269, 254.676452637, 255.117630005, 255.570419312, 256.023223877, 256.476013184, 256.92880249, 257.381591797, 257.834381104, 258.28717041, 258.739959717, 259.181121826, 259.633911133, 260.086700439, 260.539489746, 260.992279053, 261.43347168, 261.886260986, 262.339050293, 262.7918396, 263.244628906, 263.697418213, 264.15020752, 264.602996826, 265.055786133, 265.496948242, 265.949737549, 266.402526855, 266.855316162, 267.308105469, 267.772521973, 268.213684082, 268.654876709, 269.107666016, 269.560455322, 270.013244629, 270.466033936, 270.918823242, 271.371612549, 271.824401855, 272.277191162, 272.718353271, 273.171142578, 273.623931885, 274.076721191, 274.529510498, 274.982299805, 275.435089111, 275.887878418, 276.340667725, 276.781860352, 277.234649658, 277.687438965, 278.140228271, 278.593017578, 279.034179688, 279.486968994, 279.939758301, 280.380950928, 280.833740234, 281.286529541, 281.739318848, 282.192108154, 282.644897461, 283.097686768, 283.550476074, 284.003265381, 284.44442749, 284.908843994, 285.361633301, 285.814422607, 286.255584717, 286.708374023, 287.16116333, 287.602355957, 288.055145264, 288.50793457, 288.960723877, 289.413513184, 289.86630249, 290.319091797, 290.771881104, 291.22467041, 291.677459717, 292.118621826, 292.571411133, 293.024200439, 293.476989746, 293.929779053, 294.382568359, 294.823760986, 295.276550293, 295.7293396, 296.182128906, 296.634918213, 297.076080322, 297.528869629, 297.981658936, 298.434448242, 298.887237549, 299.340026855, 299.792816162, 300.245605469, 300.698394775, 301.139587402, 301.592376709, 302.045166016, 302.497955322, 302.950744629, 303.403533936, 303.856323242, 304.297485352, 304.750274658, 305.203063965, 305.655853271, 306.108642578, 306.561431885, 307.014221191, 307.467010498, 307.919799805], "beats_loudness": {"dmean2": 0.0227839984, "median": 0.0375602059066, "min": 4.30570468168e-10, "dvar2": 0.000346680695657, "dvar": 0.000117065981613, "dmean": 0.0130495745689, "max": 0.0985390767455, "var": 0.000228244098253, "mean": 0.0378722883761}, "danceability": 1.30679833889, "bpm_histogram_second_peak_weight": {"dmean2": 0, "median": 0.00293255131692, "min": 0.00293255131692, "dvar2": 0, "dvar": 0, "dmean": 0, "max": 0.00293255131692, "var": 0, "mean": 0.00293255131692}, "beats_count": 683, "bpm_histogram_second_peak_bpm": {"dmean2": 0, "median": 144, "min": 144, "dvar2": 0, "dvar": 0, "dmean": 0, "max": 144, "var": 0, "mean": 144}, "bpm_histogram_first_peak_spread": {"dmean2": 0, "median": 0.235988199711, "min": 0.235988199711, "dvar2": 0, "dvar": 0, "dmean": 0, "max": 0.235988199711, "var": 0, "mean": 0.235988199711}, "beats_loudness_band_ratio": {"dmean2": [0.306072294712, 0.318006575108, 0.16534923017, 0.161384284496, 0.0941807106137, 0.0861441642046], "median": [0.492142558098, 0.124658353627, 0.0650951936841, 0.0837752744555, 0.0778450444341, 0.0811616778374], "min": [0.00780230946839, 0.00546780554578, 0.00270926416852, 0.00171096017584, 0.00168307684362, 0.00352140399627], "dvar2": [0.0656298473477, 0.0534777864814, 0.0355644114316, 0.0333284176886, 0.00765733653679, 0.00518061593175], "dvar": [0.019109711051, 0.0164823383093, 0.0122704012319, 0.0115993786603, 0.00251130480319, 0.00185640051495], "dmean": [0.174225062132, 0.168702363968, 0.0898409560323, 0.0934531241655, 0.0537441559136, 0.0482679530978], "max": [0.965356230736, 0.728830397129, 0.647596180439, 0.714033424854, 0.340803235769, 0.45774191618], "var": [0.0306560639292, 0.0192741099745, 0.0113620553166, 0.0142399379984, 0.00309089012444, 0.00246638874523], "mean": [0.4971832335, 0.164514586329, 0.105521902442, 0.128647074103, 0.0892636626959, 0.0887778550386]}}, "lowlevel": {"barkbands_spread": {"dmean2": 12.5283985138, "median": 32.8510513306, "min": 1.39390957355, "dvar2": 162.120559692, "dvar": 65.3076629639, "dmean": 7.71943378448, "max": 116.55922699, "var": 205.022216797, "mean": 33.9151382446}, "melbands_spread": {"dmean2": 16.3561630249, "median": 29.1450767517, "min": 0.915930151939, "dvar2": 317.076293945, "dvar": 135.643478394, "dmean": 10.1355962753, "max": 188.064178467, "var": 386.694702148, "mean": 32.5123825073}, "hfc": {"dmean2": 11.6140832901, "median": 29.2358283997, "min": 1.03778582577e-16, "dvar2": 193.679763794, "dvar": 96.9254379272, "dmean": 8.15303230286, "max": 184.772201538, "var": 406.995269775, "mean": 31.880657196}, "barkbands_kurtosis": {"dmean2": 3.93403887749, "median": 0.462125301361, "min": -1.90047681332, "dvar2": 48.8060874939, "dvar": 18.1810951233, "dmean": 2.31647801399, "max": 101.627281189, "var": 31.3689022064, "mean": 2.12630271912}, "gfcc": {"mean": [39.4203567505, 56.1673469543, -110.457878113, 40.272731781, -53.1766052246, 23.6230773926, -33.6911277771, 13.9464015961, -24.8151187897, 6.30258321762, -13.3834600449, 1.59293019772, -10.2676734924], "icov": [[0.000115914059279, -5.25175673829e-05, 6.65017360006e-05, -7.94341249275e-05, 0.00018188841932, -0.000175776483957, 4.02872974519e-05, -0.000133242429001, 0.000150310574099, -0.000159181887284, 0.000320156337693, -0.000138448434882, 0.000164053737535], [-5.25175673829e-05, 0.00249641784467, 0.00011309630645, -0.000823580776341, -0.00064062041929, 0.000335711985826, -0.000622654973995, 5.58901010663e-05, 5.13369304826e-05, 0.001472721342, -0.00250141927972, 0.00225006183609, -0.00218976149336], [6.65017360006e-05, 0.00011309630645, 0.00291303894483, -0.000938146549743, -0.000399711600039, -0.000540125300176, 0.0008666869835, -6.73028625897e-05, -0.00158447702415, 0.000289869261906, 0.000296376121696, -0.00137298204936, 0.00141267257277], [-7.94341249275e-05, -0.000823580776341, -0.000938146549743, 0.00590204494074, -0.00322993798181, 0.00048991991207, 0.00180255016312, -0.0011513811769, -0.000967186468188, 0.000749175844248, -0.000549238990061, 0.000434859161032, 0.00089782779105], [0.00018188841932, -0.00064062041929, -0.000399711600039, -0.00322993798181, 0.0095479208976, -0.00163607904688, -0.0046852841042, 0.00206990865991, -0.00119874125812, -9.55534706009e-05, 0.000735356356017, -0.000914794160053, 0.00169637566432], [-0.000175776483957, 0.000335711985826, -0.000540125300176, 0.00048991991207, -0.00163607904688, 0.00784781016409, -0.00369620975107, 0.000562741130125, 0.00219699321315, -0.00447931978852, 0.00176905957051, 0.000743786047678, -0.00224436842836], [4.02872974519e-05, -0.000622654973995, 0.0008666869835, 0.00180255016312, -0.0046852841042, -0.00369620975107, 0.0126419086009, -0.00412384793162, -0.00259017851204, 0.00352769740857, -0.00126457202714, 0.000303483015159, -0.00015044817701], [-0.000133242429001, 5.58901010663e-05, -6.73028625897e-05, -0.0011513811769, 0.00206990865991, 0.000562741130125, -0.00412384793162, 0.0117172477767, -0.00481134420261, 0.000469614606118, -0.0010567830177, -0.00170537130907, 0.000332185765728], [0.000150310574099, 5.13369304826e-05, -0.00158447702415, -0.000967186468188, -0.00119874125812, 0.00219699321315, -0.00259017851204, -0.00481134420261, 0.0205349419266, -0.00905966944993, 0.00116752635222, 0.00248248479329, -0.00305843097158], [-0.000159181887284, 0.001472721342, 0.000289869261906, 0.000749175844248, -9.55534706009e-05, -0.00447931978852, 0.00352769740857, 0.000469614606118, -0.00905966944993, 0.0219954960048, -0.0103174634278, 0.00175964972004, 0.00140927440953], [0.000320156337693, -0.00250141927972, 0.000296376121696, -0.000549238990061, 0.000735356356017, 0.00176905957051, -0.00126457202714, -0.0010567830177, 0.00116752635222, -0.0103174634278, 0.0200573895127, -0.00808344781399, 9.25587228267e-05], [-0.000138448434882, 0.00225006183609, -0.00137298204936, 0.000434859161032, -0.000914794160053, 0.000743786047678, 0.000303483015159, -0.00170537130907, 0.00248248479329, 0.00175964972004, -0.00808344781399, 0.0209357738495, -0.00630127592012], [0.000164053737535, -0.00218976149336, 0.00141267257277, 0.00089782779105, 0.00169637566432, -0.00224436842836, -0.00015044817701, 0.000332185765728, -0.00305843097158, 0.00140927440953, 9.25587228267e-05, -0.00630127592012, 0.0186202079058]], "cov": [[10165.359375, -125.881370544, -248.212188721, -61.1287460327, -238.243240356, 194.027954102, -75.1691207886, 45.4083900452, -124.03956604, 4.45541858673, -186.851547241, -24.7705421448, -67.07762146], [-125.881370544, 644.623657227, -19.777299881, 131.020965576, 112.062736511, 8.13925361633, 88.3406982422, 31.6268882751, 27.4528598785, -20.636888504, 65.5485076904, -26.4353694916, 59.8211174011], [-248.212188721, -19.777299881, 451.089385986, 119.271072388, 70.3077468872, 12.4130706787, -6.73732089996, 20.155456543, 49.4110794067, 18.2408332825, 9.0826921463, 18.2743606567, -32.5617523193], [-61.1287460327, 131.020965576, 119.271072388, 280.677093506, 118.833633423, -0.991029441357, 20.9603767395, 29.5706233978, 37.3416404724, 0.976094543934, 17.2833461761, -7.34772396088, -14.452381134], [-238.243240356, 112.062736511, 70.3077468872, 118.833633423, 220.348114014, 68.4620819092, 98.6222686768, 16.2488155365, 36.2018318176, 5.44479656219, 11.2992248535, -5.86022758484, -3.60699009895], [194.027954102, 8.13925361633, 12.4130706787, -0.991029441357, 68.4620819092, 204.629959106, 81.2295684814, 10.9732627869, 11.4899396896, 32.1171569824, -2.93331813812, -3.87824296951, 15.4006004333], [-75.1691207886, 88.3406982422, -6.73732089996, 20.9603767395, 98.6222686768, 81.2295684814, 166.647598267, 52.3150558472, 33.5613861084, 1.17769253254, 13.3320331573, -1.53114664555, 16.6099720001], [45.4083900452, 31.6268882751, 20.155456543, 29.5706233978, 16.2488155365, 10.9732627869, 52.3150558472, 124.303993225, 43.0747947693, 14.6913986206, 21.809923172, 11.8674879074, 8.28266048431], [-124.03956604, 27.4528598785, 49.4110794067, 37.3416404724, 36.2018318176, 11.4899396896, 33.5613861084, 43.0747947693, 86.4463424683, 36.8096694946, 21.7143669128, 0.264138668776, 7.75621271133], [4.45541858673, -20.636888504, 18.2408332825, 0.976094543934, 5.44479656219, 32.1171569824, 1.17769253254, 14.6913986206, 36.8096694946, 85.9805145264, 40.2455940247, 8.03368663788, 1.28273677826], [-186.851547241, 65.5485076904, 9.0826921463, 17.2833461761, 11.2992248535, -2.93331813812, 13.3320331573, 21.809923172, 21.7143669128, 40.2455940247, 94.4509353638, 29.5275878906, 16.2116680145], [-24.7705421448, -26.4353694916, 18.2743606567, -7.34772396088, -5.86022758484, -3.87824296951, -1.53114664555, 11.8674879074, 0.264138668776, 8.03368663788, 29.5275878906, 68.9378128052, 18.5374698639], [-67.07762146, 59.8211174011, -32.5617523193, -14.452381134, -3.60699009895, 15.4006004333, 16.6099720001, 8.28266048431, 7.75621271133, 1.28273677826, 16.2116680145, 18.5374698639, 74.03931427]]}, "spectral_energyband_middle_low": {"dmean2": 0.00796189624816, "median": 0.00556941423565, "min": 2.58053290032e-22, "dvar2": 0.00020498316735, "dvar": 8.06592870504e-05, "dmean": 0.00499664247036, "max": 0.0945065766573, "var": 9.82134661172e-05, "mean": 0.00898377411067}, "melbands_crest": {"dmean2": 6.31438493729, "median": 15.2684164047, "min": 1.77142751217, "dvar2": 32.500415802, "dvar": 11.8770332336, "dmean": 3.78056502342, "max": 31.9244403839, "var": 30.0137405396, "mean": 15.6126117706}, "spectral_kurtosis": {"dmean2": 1.10989522934, "median": 2.46331262589, "min": -1.24796617031, "dvar2": 1.47241425514, "dvar": 0.583137333393, "dmean": 0.689557135105, "max": 16.7786598206, "var": 1.43600845337, "mean": 2.6277551651}, "spectral_rms": {"dmean2": 0.00173387979157, "median": 0.0053995558992, "min": 3.13316993877e-12, "dvar2": 4.82297627968e-06, "dvar": 1.77874733254e-06, "dmean": 0.00105797313154, "max": 0.0120211364701, "var": 3.5949674384e-06, "mean": 0.00534631917253}, "zerocrossingrate": {"dmean2": 0.0151529368013, "median": 0.078125, "min": 0.0029296875, "dvar2": 0.000231757949223, "dvar": 0.000192252322449, "dmean": 0.0129880681634, "max": 0.5302734375, "var": 0.00157272594515, "mean": 0.0842112153769}, "silence_rate_60dB": {"dmean2": 0.0195827372372, "median": 0, "min": 0, "dvar2": 0.0223613101989, "dvar": 0.00969656556845, "dmean": 0.00979063101113, "max": 1, "var": 0.0370005182922, "mean": 0.0384818129241}, "erbbands_kurtosis": {"dmean2": 0.987636208534, "median": -0.18735575676, "min": -1.74836361408, "dvar2": 1.54164028168, "dvar": 0.694619476795, "dmean": 0.640248596668, "max": 25.1664180756, "var": 2.22012925148, "mean": 0.167370989919}, "erbbands": {"dmean2": [0.220129832625, 2.26661729813, 8.98185825348, 8.55210781097, 12.0573396683, 12.6632804871, 10.9325523376, 19.610786438, 15.5659894943, 16.5225086212, 13.5630245209, 21.1078071594, 32.9945335388, 27.5224189758, 33.7352409363, 31.9745349884, 25.2007484436, 24.5354347229, 27.2076835632, 27.641784668, 29.3999977112, 25.4625511169, 22.1494522095, 19.2767906189, 17.5495033264, 11.566236496, 15.9897470474, 12.2571516037, 6.98544836044, 7.496073246, 5.04120397568, 4.57358455658, 3.32423615456, 2.18554449081, 1.23898112774, 0.349944889545, 0.0724692344666, 0.0128297274932, 0.00157068111002, 8.94526165212e-05], "median": [0.0706082284451, 1.35588407516, 3.64181542397, 2.89119935036, 1.7817183733, 2.0817220211, 3.27561330795, 7.47296142578, 7.12581157684, 5.8592467308, 6.39334058762, 8.51691150665, 10.7235898972, 11.4561166763, 15.7195920944, 16.1278572083, 17.1883239746, 17.6390075684, 17.105928421, 17.838136673, 20.300409317, 18.7273635864, 17.5519962311, 17.9671936035, 20.8984661102, 15.6147603989, 16.2672271729, 12.8383731842, 7.67126321793, 7.2750916481, 5.82659292221, 4.6239027977, 2.97449660301, 1.89869606495, 0.854835569859, 0.284791558981, 0.0667024478316, 0.00952478870749, 0.000908663088921, 8.38042251416e-05], "min": [1.72281983664e-22, 7.56267646485e-22, 5.64906601134e-21, 5.77358940917e-21, 2.71547497724e-20, 3.04043643517e-20, 8.29189304348e-20, 1.68060611498e-19, 1.64618596647e-19, 2.85715524804e-19, 5.93495472062e-19, 5.33751731935e-19, 7.01608443412e-19, 1.25093583118e-18, 8.70301434488e-19, 2.68858638575e-18, 2.81287047958e-18, 2.06803507662e-18, 3.90523092766e-18, 3.55802517426e-18, 5.01688143441e-18, 8.25022084745e-18, 7.94472484926e-18, 1.02325600126e-17, 1.00512172069e-17, 8.83135493243e-18, 1.05598877887e-17, 1.04517562575e-17, 1.33689807412e-17, 1.24427129903e-17, 1.70951167265e-17, 1.5271967643e-17, 1.32149373773e-17, 1.19085230594e-17, 7.12492599649e-18, 3.98372954061e-18, 2.13802613697e-18, 1.07996008011e-18, 2.85720539586e-19, 2.91469464231e-20], "dvar2": [0.168538764119, 11.2138757706, 312.930206299, 279.715301514, 933.50402832, 1079.32849121, 536.217163086, 1484.33276367, 1233.80859375, 1329.26733398, 1167.55639648, 3567.40795898, 7186.52880859, 4277.94091797, 7123.63134766, 4956.41552734, 1956.74951172, 2447.35449219, 2289.98339844, 3627.97827148, 2251.99023438, 1766.50769043, 1522.34619141, 941.367492676, 513.773681641, 189.57220459, 495.082550049, 276.457244873, 91.5951385498, 93.1075057983, 66.7884063721, 44.9950942993, 32.55286026, 13.0685901642, 3.6157143116, 0.296887546778, 0.0145122986287, 0.00288996519521, 3.63196813851e-05, 1.8990813544e-07], "dvar": [0.059933308512, 3.86448478699, 106.40196228, 102.004615784, 355.452850342, 397.881072998, 216.471084595, 649.662780762, 563.153564453, 560.371032715, 497.769165039, 1579.79919434, 3585.47631836, 2098.25097656, 3768.56884766, 2819.82885742, 986.734191895, 998.874816895, 1103.16015625, 1716.68884277, 924.752319336, 704.395568848, 679.282226562, 425.539581299, 220.554168701, 80.1293563843, 211.898834229, 122.409973145, 38.6828269958, 42.1940231323, 30.1035766602, 19.7122745514, 15.6828174591, 6.28529882431, 1.68565988541, 0.142861947417, 0.00650157826021, 0.001663805102, 3.05064513668e-05, 1.35342091312e-07], "dmean": [0.131181776524, 1.31945669651, 4.94802951813, 4.83240413666, 7.17148351669, 7.28591060638, 6.5424451828, 12.1855869293, 10.1739435196, 10.25806427, 8.68303775787, 13.9069547653, 22.8068637848, 18.9081001282, 23.6492671967, 22.6305122375, 16.6835193634, 15.6462230682, 17.5357723236, 17.5591259003, 17.9545707703, 15.7348461151, 14.0533046722, 12.475777626, 11.0306167603, 7.3152718544, 9.98083877563, 7.81916284561, 4.5278635025, 4.88566493988, 3.30254554749, 2.94341015816, 2.11865544319, 1.44662761688, 0.789267420769, 0.231436759233, 0.0481942184269, 0.00927307922393, 0.00121037545614, 6.57808996039e-05], "max": [2.73821949959, 21.2448596954, 86.6176071167, 98.6421966553, 178.196395874, 213.755172729, 289.148712158, 531.344848633, 570.185791016, 474.156402588, 593.807556152, 1107.88330078, 1395.08874512, 1121.08532715, 1394.89868164, 1292.85205078, 912.7734375, 1291.75024414, 1210.13427734, 1173.98803711, 739.471435547, 607.721618652, 699.817810059, 617.860717773, 316.44720459, 172.169830322, 257.083892822, 385.981048584, 157.504394531, 197.193527222, 220.719558716, 115.448425293, 93.2774429321, 82.792678833, 33.3089904785, 8.58693599701, 2.45835137367, 2.00029563904, 0.403355747461, 0.0294341277331], "var": [0.0659095421433, 5.08026313782, 78.1077194214, 80.2735366821, 278.550689697, 303.334899902, 323.955413818, 1489.25476074, 1241.11340332, 1030.8079834, 695.946105957, 2716.37524414, 8213.3203125, 5452.33789062, 12209.9472656, 12911.2822266, 4312.16259766, 2378.79589844, 4197.6640625, 4044.89672852, 1923.63342285, 1642.39660645, 2545.95214844, 1633.74389648, 646.134399414, 239.06602478, 611.763671875, 395.629821777, 98.89818573, 99.3971176147, 83.7018814087, 51.6695709229, 37.8061218262, 13.975725174, 3.15515089035, 0.320964753628, 0.0158004499972, 0.00589904375374, 0.000273807701888, 3.61365266599e-07], "mean": [0.166117504239, 2.04800415039, 6.46061849594, 5.79420089722, 6.69437122345, 6.93169355392, 9.06521320343, 20.6642742157, 18.185426712, 16.1173534393, 13.6158857346, 23.3353271484, 41.4009628296, 38.1758155823, 49.0503616333, 51.2343864441, 36.0738067627, 31.9134082794, 35.2259483337, 34.2302398682, 33.3624534607, 30.9495239258, 30.7206306458, 29.3180980682, 26.8248100281, 18.9155845642, 23.2376747131, 17.845949173, 10.0562362671, 9.87368106842, 7.83324241638, 6.59968137741, 4.60080337524, 2.98038554192, 1.44683969021, 0.467608183622, 0.103744722903, 0.0208571385592, 0.00290880072862, 0.000153473767568]}, "spectral_strongpeak": {"dmean2": 1.15874171257, "median": 0.465146839619, "min": 0, "dvar2": 3.61283111572, "dvar": 1.45762443542, "dmean": 0.666883111, "max": 12.7905550003, "var": 2.57274031639, "mean": 1.10994017124}, "spectral_energy": {"dmean2": 0.0227046776563, "median": 0.0298840850592, "min": 1.00621731301e-20, "dvar2": 0.00105790793896, "dvar": 0.000371592323063, "dmean": 0.0133471582085, "max": 0.148120418191, "var": 0.000450734834885, "mean": 0.0329826064408}, "average_loudness": 0.952076435089, "spectral_rolloff": {"dmean2": 1291.47790527, "median": 1679.58984375, "min": 64.599609375, "dvar2": 2608436.5, "dvar": 1151861.75, "dmean": 767.57208252, "max": 19939.7460938, "var": 2965861, "mean": 2069.74194336}, "spectral_centroid": {"dmean2": 475.904388428, "median": 1911.41711426, "min": 209.386199951, "dvar2": 261684, "dvar": 106386.140625, "dmean": 299.057281494, "max": 11524.4140625, "var": 385128.03125, "mean": 1900.48449707}, "pitch_salience": {"dmean2": 0.125465810299, "median": 0.488503456116, "min": 0.0869307145476, "dvar2": 0.01519390475, "dvar": 0.00566732138395, "dmean": 0.0763414651155, "max": 0.977667629719, "var": 0.0134568614885, "mean": 0.487482398748}, "spectral_energyband_middle_high": {"dmean2": 0.00308412802406, "median": 0.00556369451806, "min": 1.31868594051e-21, "dvar2": 1.45865169543e-05, "dvar": 8.63974037202e-06, "dmean": 0.0021900292486, "max": 0.0494501851499, "var": 6.03245607635e-05, "mean": 0.00824433751404}, "spectral_contrast_coeffs": {"dmean2": [0.0901487395167, 0.0771643519402, 0.062487911433, 0.0504702627659, 0.0382478646934, 0.0299706459045], "median": [-0.662981390953, -0.739031970501, -0.756955802441, -0.774637103081, -0.776208162308, -0.761729121208], "min": [-0.990272223949, -0.972728073597, -0.984292685986, -0.973613679409, -0.96848654747, -0.965039372444], "dvar2": [0.00598815921694, 0.00388301326893, 0.00254920287989, 0.00161485688295, 0.000942202052101, 0.000670154055115], "dvar": [0.00228930125013, 0.00158109946642, 0.0011757289758, 0.000687243591528, 0.000426185317338, 0.000275295431493], "dmean": [0.056011158973, 0.04748955369, 0.0400103256106, 0.0315213985741, 0.0242701675743, 0.0186679530889], "max": [-0.281338512897, -0.406085282564, -0.441666185856, -0.529044747353, -0.562479615211, -0.625587940216], "var": [0.0060720234178, 0.00641600089148, 0.00628940062597, 0.00314828543924, 0.00185342505574, 0.000972622423433], "mean": [-0.655843019485, -0.727963745594, -0.745076060295, -0.767995536327, -0.77306073904, -0.763068318367]}, "melbands_skewness": {"dmean2": 1.48610186577, "median": 2.56075429916, "min": -1.26683139801, "dvar2": 3.03304958344, "dvar": 1.10387969017, "dmean": 0.907965064049, "max": 16.0171775818, "var": 3.02080225945, "mean": 2.79836606979}, "spectral_spread": {"dmean2": 846229.125, "median": 5503034, "min": 2388998.5, "dvar2": 1050992705540.0, "dvar": 519417528320, "dmean": 566985.8125, "max": 42548712, "var": 2368856915970.0, "mean": 5660438}, "dissonance": {"dmean2": 0.0224855877459, "median": 0.478777468204, "min": 0.312767744064, "dvar2": 0.000475259119412, "dvar": 0.000178614107426, "dmean": 0.0134261613712, "max": 0.500000119209, "var": 0.00042631404358, "mean": 0.473430544138}, "spectral_skewness": {"dmean2": 0.191294342279, "median": 1.2489374876, "min": -0.0599540248513, "dvar2": 0.0346385873854, "dvar": 0.0146913584322, "dmean": 0.120259575546, "max": 2.95855903625, "var": 0.0530853159726, "mean": 1.26280462742}, "spectral_flux": {"dmean2": 0.0528490617871, "median": 0.0864490941167, "min": 6.53118462091e-11, "dvar2": 0.00330765685067, "dvar": 0.00158018723596, "dmean": 0.0338769219816, "max": 0.344067722559, "var": 0.00312534044497, "mean": 0.0992619022727}, "spectral_contrast_valleys": {"dmean2": [0.725116074085, 0.675668179989, 0.520102620125, 0.480887979269, 0.401802212, 0.451019704342], "median": [-7.04262876511, -6.77952098846, -7.16952419281, -7.32291412354, -6.98003530502, -9.08406734467], "min": [-27.8542041779, -27.6569957733, -27.7140312195, -27.5316963196, -27.3895263672, -27.3722343445], "dvar2": [0.40043208003, 0.365936875343, 0.212519720197, 0.194235771894, 0.180644601583, 0.295888572931], "dvar": [0.178262144327, 0.160875469446, 0.0993326231837, 0.102053917944, 0.09968572855, 0.158715218306], "dmean": [0.44552513957, 0.422454476357, 0.327869057655, 0.30876159668, 0.275402992964, 0.335513412952], "max": [-5.2759