{"tonal": {"thpcp": [1, 0.902855336666, 0.452266693115, 0.145019367337, 0.0894149392843, 0.128140464425, 0.278667747974, 0.318142324686, 0.190128043294, 0.135564759374, 0.129863500595, 0.149239435792, 0.237107589841, 0.246423527598, 0.196448907256, 0.221619263291, 0.184004753828, 0.103054746985, 0.118343643844, 0.216214314103, 0.434170395136, 0.614516794682, 0.44730219245, 0.176498949528, 0.0866890326142, 0.0670346170664, 0.0700594782829, 0.108019500971, 0.135099291801, 0.138913676143, 0.164886444807, 0.179563373327, 0.204984858632, 0.292032331228, 0.419422507286, 0.696006715298], "hpcp": {"dmean2": [0.268730342388, 0.319863498211, 0.348172187805, 0.368982106447, 0.323161154985, 0.238660484552, 0.128888636827, 0.0984322354198, 0.111335471272, 0.143225625157, 0.140754386783, 0.119616121054, 0.107688650489, 0.115526877344, 0.126577734947, 0.143744960427, 0.16627509892, 0.149839282036, 0.131805405021, 0.121412701905, 0.0928823426366, 0.120719403028, 0.205493301153, 0.274092018604, 0.323178887367, 0.248862355947, 0.134287163615, 0.0791040062904, 0.0660561993718, 0.0651072412729, 0.0755761340261, 0.09576626122, 0.102925173938, 0.127948924899, 0.167306557298, 0.205401644111], "median": [0.00440120324492, 0.0143266012892, 0.056343190372, 0.194358125329, 0.141652002931, 0.0288223028183, 0.00227947672829, 0.00125809456222, 0.00175981526263, 0.00292125972919, 0.00317459763028, 0.00300421752036, 0.00190840661526, 0.0020617141854, 0.00371953821741, 0.00530768930912, 0.00661615096033, 0.00553351501003, 0.00352113414556, 0.00290223257616, 0.00306417723186, 0.00226095761172, 0.00287797581404, 0.0143317906186, 0.0352335907519, 0.0333058424294, 0.010676135309, 0.00250876531936, 0.00185985688586, 0.00216590822674, 0.00293177342974, 0.00377994449809, 0.00405051838607, 0.00292545137927, 0.00278639188036, 0.00315547292121], "min": [0, 0, 0, 0, 0, 0, 0, 0, 0, 0, 0, 0, 0, 0, 0, 0, 0, 0, 0, 0, 0, 0, 0, 0, 0, 0, 0, 0, 0, 0, 0, 0, 0, 0, 0, 0], "dvar2": [0.194052264094, 0.184974089265, 0.176399618387, 0.16888846457, 0.157222047448, 0.118404872715, 0.0779645144939, 0.0700733363628, 0.0730949640274, 0.0938095897436, 0.0902749300003, 0.0710640922189, 0.0720479264855, 0.0847852677107, 0.0901304632425, 0.0871743261814, 0.108442515135, 0.0858185812831, 0.0848113968968, 0.0813471227884, 0.0598677955568, 0.0835089087486, 0.148441538215, 0.142894297838, 0.177678242326, 0.117972485721, 0.0688556283712, 0.0451552793384, 0.0457735992968, 0.0429330617189, 0.0390781573951, 0.0633152127266, 0.0667164027691, 0.0868180990219, 0.122776106, 0.136312156916], "dvar": [0.0723786726594, 0.0718435123563, 0.0728619620204, 0.0703821256757, 0.0619198679924, 0.0467788241804, 0.0282816402614, 0.0246033649892, 0.0261664949358, 0.0360743738711, 0.0351863987744, 0.0260943807662, 0.0275956839323, 0.0297747440636, 0.030822519213, 0.0340059287846, 0.0409188307822, 0.0316111184657, 0.0361498855054, 0.0311893168837, 0.0211029686034, 0.0298228170723, 0.0535793043673, 0.0613253824413, 0.0762078911066, 0.0474662557244, 0.0253725331277, 0.0166711620986, 0.0159017089754, 0.0147085608914, 0.0142451012507, 0.0224658939987, 0.0241572353989, 0.0314732976258, 0.0434155501425, 0.0496054403484], "dmean": [0.144991800189, 0.179184749722, 0.199248924851, 0.211960554123, 0.188953489065, 0.137105122209, 0.0711717754602, 0.0518001280725, 0.0605098120868, 0.0813768953085, 0.0806427150965, 0.0673615336418, 0.0583723410964, 0.0627144649625, 0.069589830935, 0.0829742103815, 0.0934146344662, 0.0836094096303, 0.0754518806934, 0.0678290426731, 0.0499250739813, 0.0642157793045, 0.111286595464, 0.155759438872, 0.18480822444, 0.14403052628, 0.0745982527733, 0.0432413741946, 0.0359450690448, 0.0351388119161, 0.0421830751002, 0.0539989359677, 0.0571459196508, 0.0696579739451, 0.0893817767501, 0.109443888068], "max": [1, 1, 1, 1, 1, 1, 1, 1, 1, 1, 1, 1, 1, 1, 1, 1, 1, 1, 1, 1, 1, 1, 1, 1, 1, 1, 1, 1, 1, 1, 1, 1, 1, 1, 1, 1], "var": [0.0580566041172, 0.0699016079307, 0.11618014425, 0.143463224173, 0.135892316699, 0.0678900554776, 0.0226806085557, 0.015476167202, 0.0195467285812, 0.0563952960074, 0.0688324868679, 0.0292753055692, 0.0270138569176, 0.023019624874, 0.0243798531592, 0.0426956787705, 0.0440338253975, 0.0284357964993, 0.0443518422544, 0.0331782326102, 0.0142026422545, 0.0195754822344, 0.0397710539401, 0.0763598680496, 0.112389601767, 0.0657329708338, 0.0211377050728, 0.0122785158455, 0.0101122371852, 0.0092336256057, 0.0119660021737, 0.0177939198911, 0.0228227432817, 0.0305735804141, 0.0340086854994, 0.0353833287954], "mean": [0.105039618909, 0.150859937072, 0.250343084335, 0.359684884548, 0.324743419886, 0.162673488259, 0.0521612726152, 0.0321612022817, 0.0460901856422, 0.100232578814, 0.114430986345, 0.068386182189, 0.0487605966628, 0.0467099361122, 0.0536791682243, 0.0852840170264, 0.0886348187923, 0.0706597045064, 0.0797130987048, 0.0661837309599, 0.0370672345161, 0.0425664186478, 0.0777690187097, 0.156164526939, 0.22103241086, 0.16088783741, 0.06348400563, 0.0311807356775, 0.0241113398224, 0.0251993350685, 0.038852982223, 0.0485931709409, 0.0499651506543, 0.0593071617186, 0.0645862296224, 0.0737299546599]}, "tuning_equal_tempered_deviation": 0.211585626006, "chords_changes_rate": 0.0443159937859, "key_key": "A#", "tuning_diatonic_strength": 0.812380969524, "key_scale": "major", "chords_number_rate": 0.00247729150578, "tuning_frequency": 434.193115234, "tuning_nontempered_energy_ratio": 0.890250325203, "chords_histogram": [58.1888237, 2.39471507072, 12.992017746, 0.495458304882, 0.275254607201, 0, 0, 0, 0, 0, 0.330305546522, 0.357831001282, 0, 0, 0, 0.330305546522, 0, 8.03743457794, 6.1381778717, 2.2020368576, 1.70657861233, 0.247729152441, 4.10129356384, 2.2020368576], "key_strength": 0.765633940697, "chords_key": "A#", "chords_strength": {"dmean2": 0.0111036458984, "median": 0.656443178654, "min": 0.268944144249, "dvar2": 9.11987153813e-05, "dvar": 9.73568094196e-05, "dmean": 0.0118322288617, "max": 0.91318666935, "var": 0.0148853799328, "mean": 0.648726940155}, "chords_scale": "major", "hpcp_entropy": {"dmean2": 0.981508493423, "median": 1.80379390717, "min": 0, "dvar2": 0.646212458611, "dvar": 0.24605691433, "dmean": 0.582403123379, "max": 4.3779168129, "var": 0.495667755604, "mean": 1.82165634632}}, "metadata": {"audio_properties": {"equal_loudness": 0, "codec": "flac", "downmix": "mix", "sample_rate": 44100, "analysis_sample_rate": 44100, "bit_rate": 0, "md5_encoded": "4974e816710d90bf560d753ed2988cb3", "length": 168.666671753, "replay_gain": -8.0915184021, "lossless": true}, "version": {"essentia_build_sha": "2d9f1f26377add8aeb1075a9c2973f962c4f09fd", "essentia": "2.1-beta2", "extractor": "music 1.0", "essentia_git_sha": "v2.1_beta2-1-ge3940c0"}, "tags": {"title": ["Poor Me Israelites"], "media": ["CD"], "albumartist": ["Desmond Dekker & The Aces"], "tracktotal": ["15"], "musicbrainz_releasegroupid": ["11b50a50-03a4-3301-8f3f-363993130b5a"], "releasetype": ["album"], "musicbrainz_recordingid": ["1bd5e083-526d-4923-a175-76a2ccd507e1"], "musicbrainz_albumartistid": ["ba971bf0-8316-4d0d-820b-57f4882c497f"], "discnumber": ["1"], "album": ["Intensified"], "releasecountry": ["US"], "file_name": "07 - Poor Me Israelites.flac", "date": ["1998"], "genre": ["Jamaica - Reggae"], "disctotal": ["1"], "musicbrainz_artistid": ["ba971bf0-8316-4d0d-820b-57f4882c497f"], "originaldate": ["1968"], "musicbrainz_albumid": ["85fc9538-587b-438e-a7ed-9d5ad16816e1"], "artist": ["Desmond Dekker & The Aces"], "artistsort": ["Dekker, Desmond & Aces, The"], "tracknumber": ["7"], "label": ["Jet Set Records"], "albumartistsort": ["Dekker, Desmond & Aces, The"], "acoustid_id": ["fe68fbd8-93d8-42fc-908d-d120ae7e1ea8"], "script": ["Latn"]}}, "rhythm": {"bpm_histogram_first_peak_bpm": {"dmean2": 0, "median": 148, "min": 148, "dvar2": 0, "dvar": 0, "dmean": 0, "max": 148, "var": 0, "mean": 148}, "bpm": 146.800964355, "bpm_histogram_second_peak_spread": {"dmean2": 0, "median": 0.0666666254401, "min": 0.0666666254401, "dvar2": 0, "dvar": 0, "dmean": 0, "max": 0.0666666254401, "var": 0, "mean": 0.0666666254401}, "bpm_histogram_first_peak_weight": {"dmean2": 0, "median": 0.556962013245, "min": 0.556962013245, "dvar2": 0, "dvar": 0, "dmean": 0, "max": 0.556962013245, "var": 0, "mean": 0.556962013245}, "onset_rate": 4.32768630981, "beats_position": [0.592108845711, 1.13777780533, 1.68344664574, 2.24072551727, 2.79800438881, 3.34367346764, 3.88934230804, 4.43501138687, 4.99229001999, 5.50312900543, 5.99074840546, 6.47836732864, 6.98920631409, 7.47682523727, 7.95283412933, 8.44045352936, 8.95129203796, 9.47374153137, 10.0078001022, 10.5534696579, 11.0991382599, 11.6448068619, 12.2601356506, 12.8754644394, 13.4907932281, 14.1061220169, 14.7214508057, 15.3251695633, 15.9404983521, 16.5558280945, 17.1711559296, 17.786485672, 18.390203476, 18.9939231873, 19.5976409912, 20.1897506714, 20.7934684753, 21.2230377197, 21.6642169952, 22.1053962708, 22.5349655151, 22.9413146973, 23.3592739105, 23.7772331238, 24.195192337, 24.6015415192, 25.0078907013, 25.4258499146, 25.8321990967, 26.2385482788, 26.6448974609, 27.0512466431, 27.4575958252, 27.8755550385, 28.2819042206, 28.6882534027, 29.0946025848, 29.500951767, 29.9073009491, 30.3252601624, 30.7316093445, 31.1263484955, 31.5326976776, 31.9506568909, 32.3453979492, 32.7633552551, 33.1697044373, 33.5876655579, 33.99401474, 34.4003639221, 34.8067131042, 35.2246704102, 35.6310195923, 36.0373687744, 36.455329895, 36.8732872009, 37.2796363831, 37.6975975037, 38.1155548096, 38.5219039917, 38.91664505, 39.3229942322, 39.7293434143, 40.1356925964, 40.5420417786, 40.9483909607, 41.3431282043, 41.7494773865, 42.1674385071, 42.5737876892, 42.9801368713, 43.3864860535, 43.7928352356, 44.1991844177, 44.6055335999, 45.011882782, 45.4182319641, 45.83618927, 46.2425384521, 46.6488876343, 47.0668487549, 47.4848060608, 47.8911552429, 48.297504425, 48.7038536072, 49.1102027893, 49.5165519714, 49.9229011536, 50.3408622742, 50.7472114563, 51.1767807007, 51.5715179443, 51.9662590027, 52.3726081848, 52.7789573669, 53.1853065491, 53.5916557312, 53.9980049133, 54.4043540955, 54.8107032776, 55.2170524597, 55.6234016418, 56.029750824, 56.4361000061, 56.8424491882, 57.2487983704, 57.6551475525, 58.0731048584, 58.4794540405, 58.8858032227, 59.2921524048, 59.7101135254, 60.1164627075, 60.5228118896, 60.9291610718, 61.3471183777, 61.7534675598, 62.1598167419, 62.5661659241, 62.9957351685, 63.3904762268, 63.8084335327, 64.2147827148, 64.621131897, 65.0158691406, 65.4106140137, 65.8169631958, 66.2233123779, 66.6180496216, 67.0243988037, 67.4307479858, 67.8487091064, 68.2550582886, 68.6614074707, 69.0677566528, 69.474105835, 69.8920593262, 70.2984085083, 70.7047576904, 71.122718811, 71.5406799316, 71.9586410522, 72.3649902344, 72.7713394165, 73.1776885986, 73.5840377808, 73.9903869629, 74.396736145, 74.8030853271, 75.2094345093, 75.6157836914, 76.0221328735, 76.4284820557, 76.8348312378, 77.252784729, 77.6707458496, 78.0770950317, 78.4950561523, 78.9014053345, 79.3077545166, 79.7141036987, 80.1088409424, 80.5151901245, 80.9215393066, 81.3278884888, 81.7342376709, 82.140586853, 82.5469360352, 82.9648971558, 83.3828582764, 83.7892074585, 84.2071609497, 84.6135101318, 85.0314712524, 85.4262084961, 85.8441696167, 86.2505187988, 86.656867981, 87.0748291016, 87.4927902222, 87.8875274658, 88.2822647095, 88.6886138916, 89.0949630737, 89.5129241943, 89.9192733765, 90.3256225586, 90.7435836792, 91.1615371704, 91.579498291, 91.9858474731, 92.3921966553, 92.7985458374, 93.1932830811, 93.5996322632, 94.0059814453, 94.4123306274, 94.830291748, 95.2366409302, 95.6429901123, 96.0609512329, 96.4789123535, 96.8852615356, 97.2916107178, 97.6979598999, 98.104309082, 98.5106582642, 98.9170074463, 99.3233566284, 99.7297058105, 100.136054993, 100.542404175, 100.960357666, 101.366706848, 101.77305603, 102.191017151, 102.608978271, 103.026939392, 103.421676636, 103.816413879, 104.222763062, 104.629112244, 105.035461426, 105.453422546, 105.871383667, 106.277732849, 106.684082031, 107.102035522, 107.508384705, 107.903129578, 108.30947876, 108.715827942, 109.133781433, 109.540130615, 109.946479797, 110.352828979, 110.759178162, 111.165527344, 111.571876526, 111.989837646, 112.407798767, 112.814147949, 113.220497131, 113.638458252, 114.044807434, 114.451156616, 114.857505798, 115.26385498, 115.670204163, 116.076553345, 116.494506836, 116.889251709, 117.295600891, 117.701950073, 118.119903564, 118.537864685, 118.955825806, 119.373786926, 119.780136108, 120.186485291, 120.604438782, 121.022399902, 121.428749084, 121.835098267, 122.253059387, 122.659408569, 123.065757751, 123.483718872, 123.890068054, 124.296417236, 124.702766418, 125.109115601, 125.527069092, 125.921813965, 126.339767456, 126.757728577, 127.164077759, 127.570426941, 127.988388062, 128.42956543, 128.824310303, 129.230651855, 129.61378479, 130.020126343, 130.438095093, 130.844436646, 131.262405396, 131.668746948, 132.07510376, 132.493057251, 132.887802124, 133.294143677, 133.712112427, 134.118453979, 134.524810791, 134.931152344, 135.349105835, 135.755462646, 136.161804199, 136.591384888, 137.009338379, 137.41569519, 137.833648682, 138.239990234, 138.646347046, 139.052688599, 139.45904541, 139.876998901, 140.283355713, 140.689697266, 141.096054077, 141.50239563, 141.908752441, 142.315093994, 142.709838867, 143.127792358, 143.545761108, 143.9637146, 144.370071411, 144.776412964, 145.194366455, 145.612335205, 146.007064819, 146.413421631, 146.819763184, 147.237731934, 147.644073486, 148.050430298, 148.456771851, 148.863128662, 149.281082153, 149.699050903, 150.117004395, 150.523345947, 150.929702759, 151.336044312, 151.742401123, 152.148742676, 152.555099487, 152.96144104, 153.367797852, 153.785751343, 154.192108154, 154.598449707, 155.016418457, 155.42276001, 155.84072876, 156.247070313, 156.653427124, 157.059768677, 157.45451355, 157.872467041, 158.278823853, 158.685165405, 159.091522217, 159.49786377, 159.915817261, 160.333786011, 160.740127563, 161.158096313, 161.564437866, 161.970794678, 162.388748169, 162.80670166, 163.22467041, 163.631011963, 164.037368774, 164.455322266, 164.873291016, 165.302856445, 165.744033813, 166.185211182, 166.62638855, 167.067565918, 167.508743286, 167.949935913], "beats_loudness": {"dmean2": 0.0387923754752, "median": 0.0420916005969, "min": 4.80560515825e-07, "dvar2": 0.00155607622582, "dvar": 0.000533605867531, "dmean": 0.0226150359958, "max": 0.221214607358, "var": 0.000856408500113, "mean": 0.0452018491924}, "danceability": 1.16079187393, "bpm_histogram_second_peak_weight": {"dmean2": 0, "median": 0.0354430377483, "min": 0.0354430377483, "dvar2": 0, "dvar": 0, "dmean": 0, "max": 0.0354430377483, "var": 0, "mean": 0.0354430377483}, "beats_count": 396, "bpm_histogram_second_peak_bpm": {"dmean2": 0, "median": 98, "min": 98, "dvar2": 0, "dvar": 0, "dmean": 0, "max": 98, "var": 0, "mean": 98}, "bpm_histogram_first_peak_spread": {"dmean2": 0, "median": 0.35860055685, "min": 0.35860055685, "dvar2": 0, "dvar": 0, "dmean": 0, "max": 0.35860055685, "var": 0, "mean": 0.35860055685}, "beats_loudness_band_ratio": {"dmean2": [0.421787679195, 0.157918944955, 0.270947098732, 0.111634194851, 0.121451228857, 0.0221358891577], "median": [0.631514310837, 0.0665150135756, 0.134534746408, 0.0107204653323, 0.01749439165, 0.0043677976355], "min": [0.00349159468897, 0.0001332234242, 0.000130890941364, 3.33639582095e-05, 2.92403565254e-05, 2.16761673073e-05], "dvar2": [0.140546441078, 0.0322711728513, 0.0606305599213, 0.0408339090645, 0.0189005248249, 0.000846109411214], "dvar": [0.0443175584078, 0.0124238077551, 0.0234310682863, 0.0147910248488, 0.00577135849744, 0.000274748919765], "dmean": [0.240405350924, 0.0899808630347, 0.155759856105, 0.0625507906079, 0.0632367432117, 0.0115037001669], "max": [0.998121798038, 0.766748666763, 0.965538740158, 0.726410746574, 0.630606532097, 0.17397236824], "var": [0.0822080522776, 0.0145381400362, 0.0445128418505, 0.0137800313532, 0.00503273867071, 0.000183565789484], "mean": [0.599113285542, 0.105304509401, 0.203068494797, 0.0518779605627, 0.0465243645012, 0.00872950721532]}}, "lowlevel": {"barkbands_spread": {"dmean2": 5.35301828384, "median": 7.09680938721, "min": 0.0772289186716, "dvar2": 92.7113723755, "dvar": 40.8496780396, "dmean": 3.65487337112, "max": 114.007232666, "var": 87.7952423096, "mean": 9.30526638031}, "melbands_spread": {"dmean2": 5.25190877914, "median": 7.38545846939, "min": 0.176426336169, "dvar2": 125.485359192, "dvar": 57.24559021, "dmean": 3.54696369171, "max": 270.243377686, "var": 143.098434448, "mean": 9.71415042877}, "hfc": {"dmean2": 4.60390472412, "median": 5.71184492111, "min": 1.12485459235e-16, "dvar2": 76.03956604, "dvar": 48.7917823792, "dmean": 3.5914850235, "max": 153.280685425, "var": 212.446609497, "mean": 10.834072113}, "barkbands_kurtosis": {"dmean2": 29.2927532196, "median": 6.92831134796, "min": -1.90191924572, "dvar2": 7235.23193359, "dvar": 3152.64916992, "dmean": 19.061258316, "max": 1346.66577148, "var": 9111.7734375, "mean": 34.5294036865}, "gfcc": {"mean": [-111.841911316, 141.52935791, -89.7590637207, 37.7466278076, -44.2468681335, -1.85469925404, -29.9105377197, 20.6031093597, -5.52053451538, -9.69678115845, 1.66803061962, 0.0328079238534, -8.8269701004], "icov": [[0.000298862345517, -0.000925577245653, 0.00071861530887, -0.000923033279832, 0.000585630419664, -0.000739190902095, 0.000445410667453, -0.000496711174492, 0.00013873372518, 1.51860367623e-05, -0.000294867175398, 0.000207110933843, -0.000235080427956], [-0.000925577245653, 0.00484662828967, -0.00246612052433, 0.00389746227302, -0.00247104256414, 0.00369925401174, -0.00254950486124, 0.0027192835696, -0.00155066302978, 0.00233994307928, -0.00087292684475, 0.000989657826722, 0.00015216585598], [0.00071861530887, -0.00246612052433, 0.00283223041333, -0.00299304001965, 0.00153191562276, -0.00204917998053, 0.000379373930627, -0.000422083132435, 9.87836829154e-05, -0.000589379458688, -0.000348038389347, -4.02237019443e-05, -0.000452472828329], [-0.000923033279832, 0.00389746227302, -0.00299304001965, 0.00552657898515, -0.00255395355634, 0.00259000598453, -0.000879617757164, 0.00122596346773, -0.00117060064804, 0.00150625128299, -0.000464667769847, 0.00106949196197, -0.00110952032264], [0.000585630419664, -0.00247104256414, 0.00153191562276, -0.00255395355634, 0.00340703246184, -0.00187416130211, 0.000768325291574, -0.000711952743586, 0.000735850015189, -0.00130193273071, -0.000340417638654, 0.000729999155737, -0.00124130491167], [-0.000739190902095, 0.00369925401174, -0.00204917998053, 0.00259000598453, -0.00187416130211, 0.00636588782072, -0.00367088709027, 0.00337052508257, -0.000643111940008, 0.00137080450077, -0.00106787553523, 0.00195034407079, -0.000925797503442], [0.000445410667453, -0.00254950486124, 0.000379373930627, -0.000879617757164, 0.000768325291574, -0.00367088709027, 0.00674757314846, -0.00405818969011, 0.00130962929688, -0.00123004859779, 0.000511852675118, -0.00209918548353, 0.00104701716918], [-0.000496711174492, 0.0027192835696, -0.000422083132435, 0.00122596346773, -0.000711952743586, 0.00337052508257, -0.00405818969011, 0.0113586932421, -0.0042043258436, 0.00274479179643, -0.00167138478719, 0.00312005379237, -0.00117655249778], [0.00013873372518, -0.00155066302978, 9.87836829154e-05, -0.00117060064804, 0.000735850015189, -0.000643111940008, 0.00130962929688, -0.0042043258436, 0.00804784055799, -0.00480388337746, 0.00107243785169, -0.00150057743303, 0.00103318318725], [1.51860367623e-05, 0.00233994307928, -0.000589379458688, 0.00150625128299, -0.00130193273071, 0.00137080450077, -0.00123004859779, 0.00274479179643, -0.00480388337746, 0.012640115805, -0.00507005210966, 0.00426786486059, -0.002449355321], [-0.000294867175398, -0.00087292684475, -0.000348038389347, -0.000464667769847, -0.000340417638654, -0.00106787553523, 0.000511852675118, -0.00167138478719, 0.00107243785169, -0.00507005210966, 0.0135421371087, -0.00553907919675, 0.00277402787469], [0.000207110933843, 0.000989657826722, -4.02237019443e-05, 0.00106949196197, 0.000729999155737, 0.00195034407079, -0.00209918548353, 0.00312005379237, -0.00150057743303, 0.00426786486059, -0.00553907919675, 0.0135559169576, -0.00723263295367], [-0.000235080427956, 0.00015216585598, -0.000452472828329, -0.00110952032264, -0.00124130491167, -0.000925797503442, 0.00104701716918, -0.00117655249778, 0.00103318318725, -0.002449355321, 0.00277402787469, -0.00723263295367, 0.0164800658822]], "cov": [[17355.5390625, 1536.32788086, -2548.56884766, 330.919464111, -521.042358398, -190.573669434, -390.881958008, 367.716400146, 27.0486946106, -438.948974609, 168.897720337, -315.572174072, -47.0365562439], [1536.32788086, 1110.94812012, -55.5037078857, -373.094940186, 84.3173446655, -203.67956543, 123.19418335, -16.6784210205, 19.2518672943, -105.271186829, 37.9795532227, -6.21587896347, -55.0677909851], [-2548.56884766, -55.5037078857, 1453.12036133, 410.159576416, 150.415588379, 212.78213501, 176.438720703, -81.3147125244, 57.5292167664, 90.4814071655, 31.7297954559, 46.6865882874, 62.9266204834], [330.919464111, -373.094940186, 410.159576416, 766.349731445, 184.091644287, 100.965843201, -63.9852981567, 23.5522556305, 52.3195037842, 48.9660110474, 21.4055805206, -34.100440979, 81.7343521118], [-521.042358398, 84.3173446655, 150.415588379, 184.091644287, 592.132324219, 78.9887695313, 32.1754837036, -29.3754997253, 3.92779159546, 60.9706993103, 21.7173366547, -29.4119586945, 45.4609794617], [-190.573669434, -203.67956543, 212.78213501, 100.965843201, 78.9887695313, 397.767578125, 120.303329468, -42.5625534058, -34.3281288147, 24.9591999054, 16.3407039642, -13.3660430908, 26.6600456238], [-390.881958008, 123.19418335, 176.438720703, -63.9852981567, 32.1754837036, 120.303329468, 290.725280762, 31.3552951813, -0.791125893593, 2.49818730354, 17.0969543457, 24.8818073273, -4.76400709152], [367.716400146, -16.6784210205, -81.3147125244, 23.5522556305, -29.3754997253, -42.5625534058, 31.3552951813, 155.680923462, 66.9276199341, 1.69609451294, 6.57105922699, -23.4497528076, -6.0701880455], [27.0486946106, 19.2518672943, 57.5292167664, 52.3195037842, 3.92779159546, -34.3281288147, -0.791125893593, 66.9276199341, 204.151611328, 69.8247451782, 17.0727806091, -9.49332332611, -0.955488860607], [-438.948974609, -105.271186829, 90.4814071655, 48.9660110474, 60.9706993103, 24.9591999054, 2.49818730354, 1.69609451294, 69.8247451782, 147.99559021, 32.4440917969, -15.3578681946, 11.8654384613], [168.897720337, 37.9795532227, 31.7297954559, 21.4055805206, 21.7173366547, 16.3407039642, 17.0969543457, 6.57105922699, 17.0727806091, 32.4440917969, 104.639953613, 27.5101165771, 4.5189614296], [-315.572174072, -6.21587896347, 46.6865882874, -34.100440979, -29.4119586945, -13.3660430908, 24.8818073273, -23.4497528076, -9.49332332611, -15.3578681946, 27.5101165771, 130.64364624, 39.3384628296], [-47.0365562439, -55.0677909851, 62.9266204834, 81.7343521118, 45.4609794617, 26.6600456238, -4.76400709152, -6.0701880455, -0.955488860607, 11.8654384613, 4.5189614296, 39.3384628296, 90.8657913208]]}, "spectral_energyband_middle_low": {"dmean2": 0.00462004682049, "median": 0.00545902270824, "min": 1.99552804183e-22, "dvar2": 6.80715311319e-05, "dvar": 3.62711216439e-05, "dmean": 0.00323988613673, "max": 0.209254607558, "var": 0.000243289658101, "mean": 0.0114330993965}, "melbands_crest": {"dmean2": 5.02228975296, "median": 18.5055141449, "min": 1.63296461105, "dvar2": 23.6574802399, "dvar": 10.9952774048, "dmean": 3.23027682304, "max": 39.8183746338, "var": 43.6892738342, "mean": 19.0467777252}, "spectral_kurtosis": {"dmean2": 7.28338575363, "median": 8.55311965942, "min": -1.54463016987, "dvar2": 51.9379997253, "dvar": 21.5026779175, "dmean": 4.50822210312, "max": 50.0567474365, "var": 49.5237541199, "mean": 10.1004400253}, "spectral_rms": {"dmean2": 0.00120550172869, "median": 0.00519258342683, "min": 3.19054266514e-12, "dvar2": 1.8330885041e-06, "dvar": 1.06615505047e-06, "dmean": 0.000908983580302, "max": 0.0148940747604, "var": 6.21855178906e-06, "mean": 0.00499066989869}, "zerocrossingrate": {"dmean2": 0.00699815992266, "median": 0.02099609375, "min": 0, "dvar2": 0.000240302848397, "dvar": 0.000147489612573, "dmean": 0.00590037880465, "max": 0.53173828125, "var": 0.000812081329059, "mean": 0.023904139176}, "silence_rate_60dB": {"dmean2": 0.0820597559214, "median": 0, "min": 0, "dvar2": 0.0926711857319, "dvar": 0.0393397696316, "dmean": 0.0410242304206, "max": 1, "var": 0.0970161408186, "mean": 0.108878180385}, "erbbands_kurtosis": {"dmean2": 3.88395595551, "median": 1.81623959541, "min": -1.91588020325, "dvar2": 34.3459129333, "dvar": 16.670633316, "dmean": 2.55633926392, "max": 86.0482177734, "var": 48.127910614, "mean": 4.12802886963}, "erbbands": {"dmean2": [0.329309374094, 2.32923316956, 3.21583485603, 2.04148817062, 2.45632243156, 7.62835502625, 6.4272403717, 7.65636062622, 17.8800907135, 31.7637424469, 16.9604816437, 28.6136360168, 13.8377885818, 15.5022697449, 14.6968803406, 10.7266187668, 9.24021148682, 8.46048641205, 7.81527042389, 7.49814748764, 9.81533145905, 10.5348157883, 12.0141420364, 6.96056222916, 4.38170528412, 1.88161861897, 0.782217860222, 1.09564471245, 0.54833137989, 0.542623221874, 0.631464779377, 0.577108502388, 0.423381000757, 0.144130393863, 0.0489780530334, 0.00410611229017, 0.000395508453948, 6.05983150308e-05, 1.39311405292e-05, 1.59968985827e-05], "median": [0.117589838803, 2.00193786621, 2.5215678215, 1.36131477356, 1.43179178238, 3.58381509781, 3.12127709389, 3.88946914673, 5.57411289215, 6.77373600006, 3.87523269653, 2.74570417404, 1.43097019196, 1.44288492203, 1.03006637096, 0.741069436073, 0.463659584522, 0.378812968731, 0.523954987526, 1.0331581831, 1.45974159241, 1.64933276176, 2.80825734138, 1.73059928417, 0.946955680847, 0.40682759881, 0.114157654345, 0.0526897832751, 0.0545354150236, 0.088055126369, 0.0737833604217, 0.045530423522, 0.0193249527365, 0.00665638502687, 0.00269859936088, 0.00103585317265, 0.000323523796396, 6.51722803013e-05, 2.0632522137e-05, 3.12280644721e-05], "min": [7.43500835191e-23, 1.05577619555e-21, 5.10426821936e-21, 9.35037532729e-21, 2.97978923287e-20, 3.07993043201e-20, 1.60172707649e-19, 1.00447482151e-19, 2.89297733844e-19, 3.8056426729e-19, 4.01069790332e-19, 6.44453313313e-19, 8.38830159011e-19, 9.0032271405e-19, 7.96563556155e-19, 1.98914003737e-18, 1.7142514796e-18, 1.27966402065e-18, 3.4876205236e-18, 3.14329956259e-18, 4.95201930744e-18, 7.85082744202e-18, 7.19289046434e-18, 7.53793644916e-18, 1.06659521956e-17, 9.13008872912e-18, 9.97675192664e-18, 1.06859327433e-17, 1.44331601798e-17, 1.11860750929e-17, 1.20088013379e-17, 1.34552424442e-17, 1.09168302851e-17, 9.09558371704e-18, 6.69315922343e-18, 4.65975364956e-18, 2.5518532237e-18, 1.00238387694e-18, 2.84890412143e-19, 3.00624544154e-20], "dvar2": [0.3437961936, 12.1375217438, 28.846288681, 12.0910682678, 29.9196071625, 239.846084595, 724.784057617, 885.852905273, 2233.5390625, 8145.19433594, 3251.75463867, 9565.11035156, 4325.64697266, 6986.78271484, 5344.98046875, 2606.85449219, 4766.83642578, 2510.80712891, 2305.86157227, 1802.71289063, 1238.33361816, 714.101928711, 995.49786377, 368.879425049, 215.558578491, 35.1553077698, 7.51814031601, 9.1657075882, 3.90509080887, 6.05370807648, 6.60239124298, 13.7394323349, 27.5731143951, 2.50549268723, 0.10755892843, 0.000506235985085, 1.29645695779e-06, 2.36701485079e-08, 6.86511247849e-09, 4.48255377261e-10], "dvar": [0.158379927278, 5.46314477921, 12.6679353714, 4.90662717819, 12.5916604996, 116.931625366, 391.431610107, 374.9815979, 1163.65637207, 4726.10205078, 1799.66333008, 4555.22314453, 1834.98779297, 4126.67041016, 3853.83691406, 1733.85656738, 2191.30834961, 1296.39013672, 1110.37255859, 1050.55944824, 583.078857422, 395.520996094, 537.671691895, 177.603057861, 97.7801132202, 16.1126117706, 2.96797680855, 3.32895493507, 1.69343757629, 2.47768855095, 2.84063911438, 6.64380311966, 10.8147144318, 1.12233018875, 0.0467592477798, 0.000268399802735, 7.32375838197e-07, 1.13288471937e-08, 2.7318969309e-09, 2.34107094821e-10], "dmean": [0.211721017957, 1.54834270477, 2.103951931, 1.25673210621, 1.58176100254, 5.15323019028, 4.24495220184, 5.07833051682, 12.3593616486, 22.7116851807, 11.8656663895, 18.9794864655, 9.28504085541, 11.1096363068, 11.4846963882, 7.80056381226, 6.59754991531, 6.28259372711, 5.60036706924, 5.3346619606, 6.93556547165, 7.58926582336, 8.40661048889, 4.84720039368, 3.0423386097, 1.28144514561, 0.481982946396, 0.609752714634, 0.318238794804, 0.339213877916, 0.393739938736, 0.378012657166, 0.262542158365, 0.0958833172917, 0.0300347842276, 0.0027074792888, 0.000269702781225, 4.13384150306e-05, 9.92678542389e-06, 1.16173132483e-05], "max": [4.33192920685, 24.495059967, 44.0200195313, 34.6876487732, 174.402297974, 240.253768921, 1172.57019043, 553.09777832, 1084.63842773, 3908.13378906, 2474.4699707, 1945.67358398, 1525.70336914, 2574.34545898, 2274.06420898, 2465.89941406, 1840.9354248, 1257.5402832, 1495.71289063, 1958.73327637, 906.719848633, 471.996490479, 541.59954834, 389.417572021, 383.177276611, 125.370109558, 44.2314949036, 27.0864582062, 79.8979415894, 76.9793395996, 107.463722229, 131.153686523, 205.115158081, 62.1436004639, 12.9104852676, 1.0938795805, 0.0508046038449, 0.00480919145048, 0.00339720328338, 0.000305546389427], "var": [0.409698367119, 11.3268880844, 26.4450702667, 9.30418491364, 30.4916687012, 423.779724121, 760.918518066, 825.319824219, 6808.43554688, 35959.5117188, 12944.8115234, 8351.10351563, 2290.94580078, 9567.87988281, 13834.3164063, 8369.68554688, 3354.94482422, 2560.56469727, 2254.84228516, 3885.24951172, 996.035461426, 972.52947998, 1326.50708008, 364.137756348, 142.867080688, 23.833108902, 2.80195331573, 2.26285648346, 2.05236792564, 2.88029003143, 4.72055244446, 10.1689844131, 10.7440652847, 1.60322618484, 0.0631241872907, 0.000503196555655, 1.69388408722e-06, 2.16636060202e-08, 2.64105404213e-09, 9.29094412516e-10], "mean": [0.439776182175, 3.13375067711, 4.19956111908, 2.28547263145, 3.19712710381, 10.7735280991, 8.30463314056, 10.6061916351, 37.7818183899, 75.9447784424, 29.5596828461, 29.4955348969, 14.5315361023, 18.9092559814, 21.7530345917, 14.3727474213, 9.36440849304, 9.44884395599, 9.03578090668, 9.18578243256, 10.2390909195, 11.6702880859, 13.6638250351, 7.51718330383, 4.47786998749, 1.76569950581, 0.50909280777, 0.455965697765, 0.299638450146, 0.397153347731, 0.452574074268, 0.44728115201, 0.290812522173, 0.109579749405, 0.0288826860487, 0.00354506843723, 0.000526954478119, 9.15691853152e-05, 2.60174219875e-05, 3.6224944779e-05]}, "spectral_strongpeak": {"dmean2": 0.634322404861, "median": 0.455904483795, "min": 0, "dvar2": 1.60790205002, "dvar": 0.659096360207, "dmean": 0.377266138792, "max": 12.246096611, "var": 1.56597471237, "mean": 0.914088308811}, "spectral_energy": {"dmean2": 0.0142832770944, "median": 0.0276369974017, "min": 1.04340514e-20, "dvar2": 0.000344080501236, "dvar": 0.000177855268703, "dmean": 0.0102912560105, "max": 0.227379307151, "var": 0.000708364415914, "mean": 0.0319034345448}, "average_loudness": 0.731871604919, "spectral_rolloff": {"dmean2": 334.712768555, "median": 473.73046875, "min": 21.533203125, "dvar2": 1166595.875, "dvar": 474460.125, "dmean": 192.93711853, "max": 19530.6152344, "var": 1175375.5, "mean": 569.946289063}, "spectral_centroid": {"dmean2": 293.810394287, "median": 597.173400879, "min": 88.1797485352, "dvar2": 246179, "dvar": 124066.070313, "dmean": 201.715103149, "max": 11580.5234375, "var": 516185.125, "mean": 786.619384766}, "pitch_salience": {"dmean2": 0.12227293849, "median": 0.42465108633, "min": 0.00964659173042, "dvar2": 0.0150337787345, "dvar": 0.007104431279, "dmean": 0.0798302516341, "max": 0.860584437847, "var": 0.0239234287292, "mean": 0.414265602827}, "spectral_energyband_middle_high": {"dmean2": 0.0014397285413, "median": 0.000575002632104, "min": 1.22433514702e-21, "dvar2": 1.83922838914e-05, "dvar": 1.30306771098e-05, "dmean": 0.00116357486695, "max": 0.111391223967, "var": 5.1858718507e-05, "mean": 0.00252403272316}, "spectral_contrast_coeffs": {"dmean2": [0.0749805271626, 0.0741565078497, 0.0638380721211, 0.0509953461587, 0.0403098650277, 0.0364039205015], "median": [-0.659579157829, -0.674112200737, -0.755394518375, -0.799043357372, -0.776339530945, -0.820522904396], "min": [-0.968754589558, -0.977418065071, -0.982402682304, -0.984088540077, -0.981174826622, -0.980500519276], "dvar2": [0.00377806508914, 0.00421212241054, 0.00309322006069, 0.00194223865401, 0.00116468861233, 0.00139033526648], "dvar": [0.00152184616309, 0.00193278654478, 0.00158872059546, 0.000990125467069, 0.000626986962743, 0.000580134801567], "dmean": [0.0465390495956, 0.0475792586803, 0.0419281795621, 0.0334677919745, 0.027240190655, 0.023095773533], "max": [-0.319983720779, -0.340613484383, -0.404460668564, -0.50949627161, -0.558425962925, -0.644585609436], "var": [0.00685044005513, 0.0111009497195, 0.00895419623703, 0.00513007305562, 0.00418753735721, 0.00156110560056], "mean": [-0.657957136631, -0.668847203255, -0.744948327541, -0.791630923748, -0.776827633381, -0.815416574478]}, "melbands_skewness": {"dmean2": 1.8813419342, "median": 2.69967293739, "min": -2.03108167648, "dvar2": 6.24917221069, "dvar": 2.91622638702, "dmean": 1.26899456978, "max": 34.9846191406, "var": 15.2938928604, "mean": 3.7057557106}, "spectral_spread": {"dmean2": 882292.625, "median": 2958394, "min": 1359650.5, "dvar2": 1590832267260.0, "dvar": 962098561024, "dmean": 597220.9375, "max": 42783872, "var": 5390017232900.0, "mean": 3488965.75}, "dissonance": {"dmean2": 0.0505492277443, "median": 0.425051450729, "min": 0.158934518695, "dvar2": 0.00213831360452, "dvar": 0.000868377683219, "dmean": 0.0314993076026, "max": 0.49961283803, "var": 0.00271279667504, "mean": 0.41739565134}, "spectral_skewness": {"dmean2": 0.766453683376, "median": 2.12375330925, "min": -0.58360004425, "dvar2": 0.516975343227, "dvar": 0.241197153926, "dmean": 0.502981066704, "max": 5.79608011246, "var": 0.762448251247, "mean": 2.21866059303}, "spectral_flux": {"dmean2": 0.0492103472352, "median": 0.057001169771, "min": 6.51777798399e-11, "dvar2": 0.00268389261328, "dvar": 0.00108931795694, "dmean": 0.0311731342226, "max": 0.444980055094, "var": 0.00243981438689, "mean": 0.0689589232206}, "spectral_contrast_valleys": {"dmean2": [0.635461509228, 0.662012755871, 0.61674529314, 0.622863054276, 0.593418955803, 0.536199867725], "median": [-7.14342594147, -7.42333459854, -8.48114967346, -9.08499336243, -8.72844696045, -11.6168909073], "min": [-27.9145011902, -27.5045986176, -27.4294128418, -27.6206512451, -27.4713153839, -27.3334407806], "dvar2": [0.358939647675, 0.454480350018, 0.407387703657, 0.403372883797, 0.441915869713, 0.425823181868], "dvar": [0.182641759515, 0.230833038688, 0.217632696033, 0.226601928473, 0.267432302237, 0.254376888275], "dmean": [0.404125154018, 0.421213924885, 0.408389240503, 0.428988724947, 0.456416755915, 0.428970873356], "max": [-5.44168138504, -4.91043806076, -5.106798172, -5.91886377335, -6.0531129837, -7.91345977783], "var": [2.44665288925, 2.40441083908, 2.287992239, 2.20785188675, 2.36130285263, 1.83350598812], "mean": [-7.49180316925, -7.63261175156, -8.65446376801, -9.25016498566, -8.9168920517, -11.6396169662]}, "erbbands_flatness_db": {"dmean2": 0.0323130637407, "median": 0.2150349617, "min": 0.0324299819767, "dvar2": 0.00103445211425, "dvar": 0.000499994610436, "dmean": 0.022908128798, "max": 0.396698325872, "var": 0.0029160734266, "mean": 0.212900236249}, "spectral_energyband_high": {"dmean2": 9.59383687587e-05, "median": 1.52775464812e-05, "min": 7.40654450864e-21, "dvar2": 9.69540749907e-08, "dvar": 4.90258216246e-08, "dmean": 6.10956703895e-05, "max": 0.00945447944105, "var": 8.90267841669e-08, "mean": 7.27875449229e-05}, "spectral_entropy": {"dmean2": 0.409184366465, "median": 6.73396110535, "min": 4.60925197601, "dvar2": 0.188419744372, "dvar": 0.0976908951998, "dmean": 0.29012209177, "max": 9.82615470886, "var": 0.398078531027, "mean": 6.74988794327}, "silence_rate_20dB": {"dmean2": 0, "median": 1, "min": 1, "dvar2": 0, "dvar": 0, "dmean": 0, "max": 1, "var": 0, "mean": 1}, "melbands_flatness_db": {"dmean2": 0.0547077916563, "median": 0.33873718977, "min": 0.00298409024253, "dvar2": 0.00332967494614, "dvar": 0.00198308704421, "dmean": 0.0412691049278, "max": 0.718593895435, "var": 0.00999067071825, "mean": 0.353063106537}, "barkbands": {"dmean2": [0.000515101593919, 0.0107034323737, 0.00249694404192, 0.000518006156199, 0.00158535130322, 0.000905505032279, 0.00193056673743, 0.000917039636988, 0.00120635679923, 0.000304534856696, 0.00051426095888, 0.000293421559036, 0.000226737814955, 0.000172625717823, 0.000154582536197, 0.000178628819413, 0.000233581376961, 0.000213254737901, 0.000107569358079, 4.25507278123e-05, 2.549943747e-05, 1.50403211592e-05, 2.14604151552e-05, 2.59842454398e-05, 9.61587738857e-06, 3.45106343502e-07, 4.93651057809e-08], "median": [0.000135351554491, 0.00802802760154, 0.00133174436633, 0.000192878316739, 0.00093316816492, 0.000382231432013, 0.000381340592867, 7.68374593463e-05, 7.72598432377e-05, 2.59604621533e-05, 3.03803244606e-05, 1.59345454449e-05, 7.94481275079e-06, 5.711992344e-06, 1.15213324534e-05, 2.17488977796e-05, 2.84605375782e-05, 4.94603882544e-05, 2.25698295253e-05, 7.97459870228e-06, 1.57457066052e-06, 1.72346256022e-06, 2.88020328298e-06, 1.61623677286e-06, 4.5443400154e-07, 1.91314185827e-07, 3.9217677994e-08], "min": [1.01198981783e-24, 3.63812985942e-24, 2.90821934635e-24, 1.74680586244e-24, 1.22124534925e-23, 1.11488638884e-23, 1.53242368177e-23, 8.65523275737e-24, 2.45123664158e-23, 2.00009497849e-23, 2.02046368261e-23, 3.86085250866e-23, 2.85182778232e-23, 2.8133787018e-23, 5.66100911301e-23, 8.06682093485e-23, 1.29162493175e-22, 1.19201691675e-22, 1.67326965302e-22, 2.04840797577e-22, 3.05030247239e-22, 3.91076342259e-22, 4.00694891722e-22, 7.25200511745e-22, 9.90145088697e-22, 1.48546976561e-21, 1.93432349226e-21], "dvar2": [1.00190618468e-06, 0.000254823622527, 2.09212321352e-05, 7.58003466217e-07, 1.00286824818e-05, 1.19806063594e-05, 3.36906159646e-05, 1.23478848764e-05, 2.00426566153e-05, 1.80985966836e-06, 6.99376641933e-06, 1.86309534911e-06, 3.11027315547e-06, 1.04324863059e-06, 7.69152165958e-07, 7.66844891587e-07, 3.78087406716e-07, 3.15946977025e-07, 1.2652606074e-07, 1.98225702519e-08, 6.21541529355e-09, 3.73506514606e-09, 5.80168091346e-09, 5.30523536213e-08, 8.47600833964e-09, 2.82818581922e-12, 1.09928220498e-13], "dvar": [3.768547856e-07, 0.000115979375551, 8.30671251606e-06, 3.03232809529e-07, 4.6874902182e-06, 5.62599007026e-06, 1.53869841597e-05, 7.41312533137e-06, 9.32728380576e-06, 1.02422734471e-06, 3.94815560867e-06, 1.16297030672e-06, 1.36640198889e-06, 4.97251903653e-07, 4.03204921895e-07, 3.39404095939e-07, 1.91419431417e-07, 1.71424517248e-07, 5.37115560917e-08, 8.85707418519e-09, 2.28151608717e-09, 1.61768343165e-09, 2.67769584283e-09, 2.32722854321e-08, 3.62445806701e-09, 1.40113972941e-12, 4.67130809945e-14], "dmean": [0.0003068507649, 0.00706111080945, 0.00156404264271, 0.000315687706461, 0.00105591409374, 0.00059315841645, 0.00132619845681, 0.000635540287476, 0.000792176520918, 0.000211233753362, 0.000372111651814, 0.000202743249247, 0.000152808628627, 0.000119718904898, 0.000109576074465, 0.000117588846479, 0.000163839329616, 0.000148501669173, 7.38482340239e-05, 2.8508637115e-05, 1.45227168105e-05, 8.86920770427e-06, 1.35984746521e-05, 1.68215810845e-05, 6.13610063738e-06, 2.31404044371e-07, 3.24014628461e-08], "max": [0.00964234676212, 0.104859828949, 0.0369373932481, 0.00820853002369, 0.0686351433396, 0.0935583859682, 0.158182859421, 0.198600009084, 0.0762175917625, 0.0468146018684, 0.0612872242928, 0.0492396615446, 0.0489573739469, 0.0223259478807, 0.0292994789779, 0.0187216792256, 0.0103003829718, 0.010414943099, 0.00942251645029, 0.0032495923806, 0.000984166865237, 0.00236907764338, 0.00337025080808, 0.00819625891745, 0.00337014649995, 9.07635985641e-05, 1.36783301059e-05], "var": [5.3138