{"tonal": {"thpcp": [1, 0.642055153847, 0.430283606052, 0.360582798719, 0.376648247242, 0.46279835701, 0.439032107592, 0.336313843727, 0.32820519805, 0.315542787313, 0.264415234327, 0.26905849576, 0.260437726974, 0.294557899237, 0.424100607634, 0.673513948917, 0.830793023109, 0.597477138042, 0.401300370693, 0.554944038391, 0.857792079449, 0.788790047169, 0.460985779762, 0.356201946735, 0.332791656256, 0.341705143452, 0.387795060873, 0.383806288242, 0.393367022276, 0.477303266525, 0.471129059792, 0.414020270109, 0.421399354935, 0.448056161404, 0.561649858952, 0.925401329994], "hpcp": {"dmean2": [0.234834641218, 0.238972485065, 0.245415180922, 0.23679292202, 0.246339589357, 0.269724458456, 0.317663222551, 0.398699223995, 0.423162817955, 0.344910979271, 0.278336018324, 0.246973529458, 0.246688246727, 0.234971791506, 0.212797343731, 0.197202280164, 0.181806355715, 0.179680675268, 0.159349888563, 0.169066309929, 0.16674824059, 0.178241357207, 0.226292178035, 0.368996351957, 0.559039771557, 0.387731820345, 0.274385631084, 0.312587291002, 0.352815717459, 0.318415731192, 0.239140734076, 0.201635167003, 0.188459977508, 0.188813596964, 0.203313991427, 0.21619746089], "median": [0.0434611737728, 0.0490622334182, 0.047131948173, 0.040343336761, 0.0430348999798, 0.0466688387096, 0.0707108527422, 0.132944226265, 0.14517916739, 0.092018507421, 0.0369060374796, 0.0305370707065, 0.0406196452677, 0.0593219920993, 0.0623240321875, 0.0380664654076, 0.0279902685434, 0.0249299667776, 0.0263705141842, 0.027344468981, 0.025044394657, 0.0257243383676, 0.0347616709769, 0.0811927989125, 0.0742582306266, 0.0615129359066, 0.0278661530465, 0.0575194507837, 0.0988556668162, 0.102265179157, 0.0579114295542, 0.0308089703321, 0.0294226594269, 0.032129060477, 0.0391458645463, 0.0378057099879], "min": [0, 0, 0, 0, 0, 0, 0, 0, 0, 0, 0, 0, 0, 0, 0, 0, 0, 0, 0, 0, 0, 0, 0, 0, 0, 0, 0, 0, 0, 0, 0, 0, 0, 0, 0, 0], "dvar2": [0.120306894183, 0.112510360777, 0.116411551833, 0.122325509787, 0.126049935818, 0.129285022616, 0.150726735592, 0.167655497789, 0.167677626014, 0.14679557085, 0.150212258101, 0.132195845246, 0.137319922447, 0.110025644302, 0.0859807953238, 0.0926196798682, 0.0872764140368, 0.0891258865595, 0.0708284601569, 0.0797380954027, 0.0794384777546, 0.0907378122211, 0.11126549542, 0.14807151258, 0.324889868498, 0.154315724969, 0.143291220069, 0.151243194938, 0.149131268263, 0.120210923254, 0.100468158722, 0.0959591493011, 0.0935123711824, 0.085231512785, 0.0937864407897, 0.104514211416], "dvar": [0.0434609167278, 0.0430822074413, 0.045682746917, 0.0456838198006, 0.0465767383575, 0.0481008030474, 0.0558109618723, 0.0704576075077, 0.0738898813725, 0.0556017719209, 0.0548577681184, 0.0468423552811, 0.0492427498102, 0.0408662371337, 0.033053919673, 0.0339481458068, 0.034409545362, 0.0346666760743, 0.0247800350189, 0.0292704440653, 0.0287912208587, 0.0335710979998, 0.0438723303378, 0.0545117929578, 0.116679392755, 0.0569843910635, 0.0530353710055, 0.055409796536, 0.0658285841346, 0.0529586970806, 0.0389874577522, 0.0372133105993, 0.0340853221714, 0.0316933095455, 0.0356695279479, 0.0384981818497], "dmean": [0.131433174014, 0.137616097927, 0.140898138285, 0.134456172585, 0.13881483674, 0.152652621269, 0.180056840181, 0.233537629247, 0.24468716979, 0.195417761803, 0.155819803476, 0.135738834739, 0.136318638921, 0.134060502052, 0.124603234231, 0.112859666348, 0.105207145214, 0.101945564151, 0.0900361984968, 0.095243960619, 0.0942160785198, 0.101931504905, 0.128751948476, 0.206649392843, 0.306175649166, 0.214515939355, 0.151474878192, 0.176390260458, 0.203809946775, 0.187668338418, 0.138375014067, 0.115198381245, 0.108679622412, 0.108915962279, 0.11859151721, 0.123749151826], "max": [1, 1, 1, 1, 1, 1, 1, 1, 1, 1, 1, 1, 1, 1, 1, 1, 1, 1, 1, 1, 1, 1, 1, 1, 1, 1, 1, 1, 1, 1, 1, 1, 1, 1, 1, 1], "var": [0.0383133850992, 0.0543173365295, 0.0528463050723, 0.0432307422161, 0.0448057390749, 0.0469730868936, 0.0569966584444, 0.10514882952, 0.117036446929, 0.0605785660446, 0.0510759688914, 0.0393123812973, 0.0406500324607, 0.044618435204, 0.0372010916471, 0.0302278287709, 0.0369829796255, 0.036736048758, 0.0214733034372, 0.0253649968654, 0.0237617082894, 0.0291509497911, 0.0522828474641, 0.0673607364297, 0.11391453445, 0.0595984980464, 0.0475208200514, 0.0592010393739, 0.108391463757, 0.0904548838735, 0.0428850725293, 0.0393443033099, 0.0342788994312, 0.0341941788793, 0.0402984395623, 0.0375938080251], "mean": [0.121376924217, 0.147276207805, 0.145371094346, 0.127749666572, 0.130026549101, 0.138251751661, 0.173302099109, 0.285540878773, 0.30855897069, 0.198111876845, 0.132767871022, 0.111261054873, 0.116218194366, 0.142800584435, 0.135467290878, 0.103772655129, 0.101270660758, 0.0973635613918, 0.0815876945853, 0.0830204114318, 0.0803603976965, 0.0908884778619, 0.130860045552, 0.207818776369, 0.256348639727, 0.184356927872, 0.123824827373, 0.171232968569, 0.264679431915, 0.24338825047, 0.142241299152, 0.109909303486, 0.102685846388, 0.105436183512, 0.119657643139, 0.11842687428]}, "tuning_equal_tempered_deviation": 0.350159138441, "chords_changes_rate": 0.0747854486108, "key_key": "E", "tuning_diatonic_strength": 0.595559179783, "key_scale": "major", "chords_number_rate": 0.00286064576358, "tuning_frequency": 434.193115234, "tuning_nontempered_energy_ratio": 0.930922210217, "chords_histogram": [16.1422157288, 0, 11.8512468338, 0.735594630241, 0.449530035257, 0.939926445484, 0.204331830144, 4.74049854279, 0, 0, 0, 0, 0, 0.163465470076, 5.96648979187, 0, 0, 2.98324489594, 1.47118926048, 53.7392730713, 0.163465470076, 0.449530035257, 0, 0], "key_strength": 0.610717594624, "chords_key": "B", "chords_strength": {"dmean2": 0.0149684082717, "median": 0.467197835445, "min": 0.264745026827, "dvar2": 0.000154412235133, "dvar": 9.0512468887e-05, "dmean": 0.0118938190863, "max": 0.787035405636, "var": 0.00701864948496, "mean": 0.47552293539}, "chords_scale": "minor", "hpcp_entropy": {"dmean2": 1.30119538307, "median": 2.20498299599, "min": 0, "dvar2": 1.01654827595, "dvar": 0.372058689594, "dmean": 0.770578503609, "max": 4.44054841995, "var": 0.65408718586, "mean": 2.17745709419}}, "metadata": {"audio_properties": {"equal_loudness": 0, "codec": "mp3", "downmix": "mix", "sample_rate": 44100, "analysis_sample_rate": 44100, "bit_rate": 192186, "md5_encoded": "7f60944b4a2b9cbdc3df64eef4fa5ff3", "length": 113.554283142, "replay_gain": -11.4541320801, "lossless": false}, "version": {"essentia_build_sha": "2d9f1f26377add8aeb1075a9c2973f962c4f09fd", "essentia": "2.1-beta2", "extractor": "music 1.0", "essentia_git_sha": "v2.1_beta2-1-ge3940c0"}, "tags": {"title": ["Hell Hotel"], "language": ["eng"], "media": ["Cassette"], "albumartist": ["They Might Be Giants"], "musicbrainz_recordingid": ["1bd7a383-ee6b-4acb-bccc-db813f1cdfb3"], "musicbrainz_albumartistid": ["183d6ef6-e161-47ff-9085-063c8b897e97"], "discnumber": ["1/1"], "album": ["1985 Demo"], "contentgroup": ["Art Done"], "musicbrainz album type": ["album"], "musicbrainz album status": ["official"], "file_name": "They Might Be Giants - 1985 Demo - 21 - Hell Hotel.mp3", "date": ["1985-07-04"], "genre": ["TMBG"], "musicbrainz album release country": ["US"], "script": ["Latn"], "originaldate": ["1985-07-04"], "musicbrainz_albumid": ["cb8ba651-8dab-4150-a020-e0fcbf0f623b"], "tracknumber": ["21/23"], "encodedby": ["Free Mp3 Wma Converter"], "artistsort": ["They Might Be Giants"], "artist": ["They Might Be Giants"], "label": ["TMBG Music"], "albumartistsort": ["They Might Be Giants"], "musicbrainz_artistid": ["183d6ef6-e161-47ff-9085-063c8b897e97"]}}, "rhythm": {"bpm_histogram_first_peak_bpm": {"dmean2": 0, "median": 126, "min": 126, "dvar2": 0, "dvar": 0, "dmean": 0, "max": 126, "var": 0, "mean": 126}, "bpm": 126.5990448, "bpm_histogram_second_peak_spread": {"dmean2": 0, "median": 0.20000000298, "min": 0.20000000298, "dvar2": 0, "dvar": 0, "dmean": 0, "max": 0.20000000298, "var": 0, "mean": 0.20000000298}, "bpm_histogram_first_peak_weight": {"dmean2": 0, "median": 0.708860754967, "min": 0.708860754967, "dvar2": 0, "dvar": 0, "dmean": 0, "max": 0.708860754967, "var": 0, "mean": 0.708860754967}, "onset_rate": 4.78124284744, "beats_position": [0.510838985443, 1.01006805897, 1.50929701328, 2.02013611794, 2.51936507225, 3.00698399544, 3.48299312592, 3.97061228752, 4.43501138687, 4.8994102478, 5.3754196167, 5.85142850876, 6.32743740082, 6.80344676971, 7.2910656929, 7.75546455383, 8.2198638916, 8.6958732605, 9.17188167572, 9.63628101349, 10.1122903824, 10.5882987976, 11.0643081665, 11.5403175354, 12.0163259506, 12.4923353195, 12.9567346573, 13.4327430725, 13.9087524414, 14.3731517792, 14.8491611481, 15.3251695633, 15.8011789322, 16.2771873474, 16.7415866852, 17.2175960541, 17.693605423, 18.1696147919, 18.6456241608, 19.1100215912, 19.5860309601, 20.062040329, 20.5380496979, 21.0140590668, 21.4784584045, 21.9544658661, 22.430475235, 22.9064846039, 23.3824939728, 23.8468933105, 24.3229026794, 24.7989120483, 25.2633094788, 25.7509288788, 26.2153282166, 26.6797275543, 27.1557369232, 27.6317462921, 28.1077537537, 28.5837631226, 29.0597724915, 29.5357818604, 30.0001811981, 30.476190567, 30.9521980286, 31.4282073975, 31.9042167664, 32.3686180115, 32.8446235657, 33.3206329346, 33.7966423035, 34.2726516724, 34.7370529175, 35.2130622864, 35.6890678406, 36.1650772095, 36.6410865784, 37.1054878235, 37.5814971924, 38.0575065613, 38.5219039917, 38.9979133606, 39.4739227295, 39.9499320984, 40.4259414673, 40.8903388977, 41.3547401428, 41.830745697, 42.3067550659, 42.7827644348, 43.2587738037, 43.7347831726, 44.2107925415, 44.6751937866, 45.1511993408, 45.6272087097, 46.1032180786, 46.5792274475, 47.0436286926, 47.508026123, 47.9840354919, 48.4600448608, 48.9476623535, 49.4120635986, 49.8880729675, 50.3640823364, 50.8284797668, 51.3044891357, 51.7804985046, 52.2565078735, 52.7325172424, 53.1969146729, 53.6729240417, 54.1489334106, 54.6249427795, 55.1009521484, 55.5653495789, 56.0413589478, 56.5173683167, 56.9933776855, 57.4693870544, 57.9337844849, 58.4097938538, 58.8858032227, 59.3618125916, 59.8378219604, 60.3022193909, 60.7782287598, 61.2542381287, 61.7186393738, 62.1946487427, 62.6706581116, 63.1466636658, 63.6226730347, 64.0870742798, 64.563079834, 65.0390930176, 65.5150985718, 65.9911117554, 66.4555053711, 66.9315185547, 67.4075241089, 67.8835372925, 68.3595428467, 68.8355560303, 69.3115615845, 69.7759628296, 70.2519683838, 70.7279815674, 71.2039871216, 71.6800003052, 72.1444015503, 72.6204071045, 73.0964126587, 73.5608139038, 74.0368270874, 74.5128326416, 74.9888458252, 75.4648513794, 75.9408569336, 76.4168701172, 76.8812713623, 77.3572769165, 77.8332901001, 78.3092956543, 78.7853012085, 79.2613143921, 79.7373199463, 80.2017211914, 80.677734375, 81.1537399292, 81.6181411743, 82.0941467285, 82.5701599121, 83.0461654663, 83.5221786499, 83.9865722656, 84.4625854492, 84.9385910034, 85.414604187, 85.8906097412, 86.3666229248, 86.842628479, 87.3070297241, 87.7830352783, 88.2590484619, 88.7234420776, 89.1994552612, 89.6754608154, 90.151473999, 90.6274795532, 91.0918807983, 91.5678863525, 92.0438995361, 92.5199050903, 92.9959182739, 93.460319519, 93.9363250732, 94.4123306274, 94.888343811, 95.3643493652, 95.8287506104, 96.3047637939, 96.7807693481, 97.2567749023, 97.7327880859, 98.1971893311, 98.6731948853, 99.1492080688, 99.625213623, 100.101219177, 100.565620422, 101.041633606, 101.51763916, 101.993652344, 102.469657898, 102.934059143, 103.398452759, 103.874465942, 104.350471497, 104.82648468, 105.302490234, 105.778503418, 106.254508972, 106.718910217, 107.194915771, 107.670928955, 108.1353302, 108.622947693, 109.087341309, 109.563354492, 110.062583923, 110.550201416, 111.037818909, 111.525436401, 112.013061523, 112.500679016, 112.988296509], "beats_loudness": {"dmean2": 0.0703002586961, "median": 0.0712498947978, "min": 5.95868357323e-07, "dvar2": 0.00293222907931, "dvar": 0.00101340364199, "dmean": 0.0395810417831, "max": 0.179955080152, "var": 0.001407451462, "mean": 0.0744681805372}, "danceability": 1.3916476965, "bpm_histogram_second_peak_weight": {"dmean2": 0, "median": 0.0168776363134, "min": 0.0168776363134, "dvar2": 0, "dvar": 0, "dmean": 0, "max": 0.0168776363134, "var": 0, "mean": 0.0168776363134}, "beats_count": 238, "bpm_histogram_second_peak_bpm": {"dmean2": 0, "median": 120, "min": 120, "dvar2": 0, "dvar": 0, "dmean": 0, "max": 120, "var": 0, "mean": 120}, "bpm_histogram_first_peak_spread": {"dmean2": 0, "median": 0.275862067938, "min": 0.275862067938, "dvar2": 0, "dvar": 0, "dmean": 0, "max": 0.275862067938, "var": 0, "mean": 0.275862067938}, "beats_loudness_band_ratio": {"dmean2": [0.308366447687, 0.0501064769924, 0.157044067979, 0.042597964406, 0.076678879559, 0.0999879986048], "median": [0.852246522903, 0.0121029112488, 0.021020475775, 0.00718548987061, 0.021675709635, 0.0418974161148], "min": [0.00411419803277, 0.000233103957726, 0.000581365544349, 0.000112108333269, 0.00060127285542, 0.000745231169276], "dvar2": [0.081422381103, 0.00455740094185, 0.0419565103948, 0.00489766104147, 0.011754700914, 0.0114253871143], "dvar": [0.0274540930986, 0.00142740295269, 0.0148421451449, 0.00188754103146, 0.00390132213943, 0.0034322172869], "dmean": [0.175346404314, 0.028077326715, 0.0878754854202, 0.0243699848652, 0.0415154062212, 0.0543868429959], "max": [0.99428164959, 0.210900351405, 0.744418084621, 0.422040730715, 0.532430529594, 0.326795727015], "var": [0.0292605441064, 0.00128083489835, 0.0114299086854, 0.00152454816271, 0.00297670462169, 0.00323617807589], "mean": [0.80021572113, 0.0257107894868, 0.0661571621895, 0.0202805493027, 0.0383252128959, 0.0595158115029]}}, "lowlevel": {"barkbands_spread": {"dmean2": 17.4998474121, "median": 31.1520347595, "min": 0.332938849926, "dvar2": 279.937927246, "dvar": 128.363723755, "dmean": 11.3997602463, "max": 104.544723511, "var": 330.486297607, "mean": 33.1115570068}, "melbands_spread": {"dmean2": 26.908952713, "median": 35.8348846436, "min": 0.173411130905, "dvar2": 896.082336426, "dvar": 439.771270752, "dmean": 17.6738262177, "max": 267.644104004, "var": 1043.6529541, "mean": 42.4646949768}, "hfc": {"dmean2": 10.7844905853, "median": 17.0983009338, "min": 1.13068284077e-16, "dvar2": 180.95980835, "dvar": 91.1484298706, "dmean": 7.81301498413, "max": 146.091293335, "var": 289.576293945, "mean": 20.3293361664}, "barkbands_kurtosis": {"dmean2": 11.4074277878, "median": 0.076419301331, "min": -1.91661131382, "dvar2": 1764.75012207, "dvar": 627.642944336, "dmean": 6.80270862579, "max": 645.149414063, "var": 463.967590332, "mean": 4.81089258194}, "gfcc": {"mean": [-39.7251358032, 47.8261680603, -123.112426758, 48.0637664795, -59.9513931274, 2.28364539146, -27.6537418365, 24.9365196228, -24.4374217987, 7.66872406006, -16.5972938538, -0.780671417713, -14.4441947937], "icov": [[0.000113116475404, -0.000172819141881, 0.000193995016161, -0.000300747837173, 0.000275314290775, -0.000283302506432, 0.00013279634004, -0.000421663862653, 0.000340479338774, -0.000231438942137, 0.000349184148945, -0.000289010931738, 0.000187040510355], [-0.000172819141881, 0.00161137245595, -0.000655333627947, 0.000426328013418, -0.00118417316116, 0.00156147533562, -0.00179561495315, 0.00204405980185, -0.00140700931661, 0.00172727543395, -0.00124042853713, 0.00154814717826, -0.000624209467787], [0.000193995016161, -0.000655333627947, 0.00153389421757, -0.00122315634508, 0.000570867094211, -0.00113381596748, 0.000489314203151, -0.000892000971362, 0.000666812993586, -0.00139256741386, 0.00225434731692, -0.00242032250389, 0.00159539107699], [-0.000300747837173, 0.000426328013418, -0.00122315634508, 0.00371241266839, -0.0017216578126, 0.00119150814135, -0.000499547109939, 0.00172494573053, -0.00183801341336, 0.000877955229953, -0.00124942034017, 0.00188397231977, -0.00151244737208], [0.000275314290775, -0.00118417316116, 0.000570867094211, -0.0017216578126, 0.00446698348969, -0.00299088237807, 0.00129463803023, -0.00264953938313, 0.00219931779429, -0.00100636726711, 0.000421935721533, -0.000796066131443, -0.000354793039151], [-0.000283302506432, 0.00156147533562, -0.00113381596748, 0.00119150814135, -0.00299088237807, 0.00625515403226, -0.00385215459391, 0.00309341656975, -0.00204596668482, 0.00164609809872, -0.000430208834587, 0.000215974607272, 2.77640560853e-06], [0.00013279634004, -0.00179561495315, 0.000489314203151, -0.000499547109939, 0.00129463803023, -0.00385215459391, 0.00855662859976, -0.00647383881733, 0.00281180953607, -0.00233733677305, -0.000908483692911, 0.00128490000498, -0.00136929925065], [-0.000421663862653, 0.00204405980185, -0.000892000971362, 0.00172494573053, -0.00264953938313, 0.00309341656975, -0.00647383881733, 0.0137706296518, -0.00718588102609, 0.00332062458619, -0.00120784738101, -0.000556028797291, 0.000592309574131], [0.000340479338774, -0.00140700931661, 0.000666812993586, -0.00183801341336, 0.00219931779429, -0.00204596668482, 0.00281180953607, -0.00718588102609, 0.0103283422068, -0.00529313553125, 0.0013563366374, -8.79856743268e-05, -0.00100283394568], [-0.000231438942137, 0.00172727543395, -0.00139256741386, 0.000877955229953, -0.00100636726711, 0.00164609809872, -0.00233733677305, 0.00332062458619, -0.00529313553125, 0.0135852973908, -0.00478198798373, 0.000465010059997, 0.00081538874656], [0.000349184148945, -0.00124042853713, 0.00225434731692, -0.00124942034017, 0.000421935721533, -0.000430208834587, -0.000908483692911, -0.00120784738101, 0.0013563366374, -0.00478198798373, 0.0120437191799, -0.00523740053177, 0.00130943686236], [-0.000289010931738, 0.00154814717826, -0.00242032250389, 0.00188397231977, -0.000796066131443, 0.000215974607272, 0.00128490000498, -0.000556028797291, -8.79856743268e-05, 0.000465010059997, -0.00523740053177, 0.0153300687671, -0.00507461605594], [0.000187040510355, -0.000624209467787, 0.00159539107699, -0.00151244737208, -0.000354793039151, 2.77640560853e-06, -0.00136929925065, 0.000592309574131, -0.00100283394568, 0.00081538874656, 0.00130943686236, -0.00507461605594, 0.0147685296834]], "cov": [[14740.9804688, 867.204162598, -699.865905762, 631.471374512, -134.847229004, 208.829483032, 324.277435303, 235.817321777, -94.2960205078, -91.2541503906, -138.126693726, -73.5663986206, -6.83153438568], [867.204162598, 1492.73083496, 109.212471008, 238.910934448, 261.367462158, -42.9695739746, 236.363952637, -16.0564479828, 26.4242038727, -82.9832077026, 46.116558075, -115.721557617, 56.1481437683], [-699.865905762, 109.212471008, 1823.75244141, 384.16418457, 200.464859009, 275.13571167, 14.1042175293, 28.8801403046, 74.8938217163, 82.0156478882, -171.16947937, 137.056060791, -76.4500579834], [631.471374512, 238.910934448, 384.16418457, 521.604858398, 191.844665527, 69.0998382568, 46.7159996033, 11.4929857254, 58.9085998535, 12.0791063309, -19.3653697968, -8.70159721375, 24.5446548462], [-134.847229004, 261.367462158, 200.464859009, 191.844665527, 490.550201416, 215.238342285, 122.608810425, 51.6769104004, 0.716468095779, -4.81005144119, 16.9744415283, 10.4391365051, 34.1820678711], [208.829483032, -42.9695739746, 275.13571167, 69.0998382568, 215.238342285, 385.166442871, 149.179092407, 53.2548828125, 19.3461780548, 16.2666053772, -13.008562088, 34.6184120178, 3.15189027786], [324.277435303, 236.363952637, 14.1042175293, 46.7159996033, 122.608810425, 149.179092407, 310.071594238, 125.115188599, 41.3386573792, 19.5858249664, 48.5983009338, -12.6565418243, 28.86028862], [235.817321777, -16.0564479828, 28.8801403046, 11.4929857254, 51.6769104004, 53.2548828125, 125.115188599, 185.693695068, 96.2816619873, 25.7083530426, 21.4313240051, 17.4691772461, 8.99715709686], [-94.2960205078, 26.4242038727, 74.8938217163, 58.9085998535, 0.716468095779, 19.3461780548, 41.3386573792, 96.2816619873, 199.820922852, 62.5802230835, 15.7307777405, 8.48333072662, 11.8719158173], [-91.2541503906, -82.9832077026, 82.0156478882, 12.0791063309, -4.81005144119, 16.2666053772, 19.5858249664, 25.7083530426, 62.5802230835, 122.156974792, 37.5011634827, 24.1397132874, -6.83360958099], [-138.126693726, 46.116558075, -171.16947937, -19.3653697968, 16.9744415283, -13.008562088, 48.5983009338, 21.4313240051, 15.7307777405, 37.5011634827, 146.81312561, 20.7210445404, 17.3633499146], [-73.5663986206, -115.721557617, 137.056060791, -8.70159721375, 10.4391365051, 34.6184120178, -12.6565418243, 17.4691772461, 8.48333072662, 24.1397132874, 20.7210445404, 111.117103577, 14.3009757996], [-6.83153438568, 56.1481437683, -76.4500579834, 24.5446548462, 34.1820678711, 3.15189027786, 28.86028862, 8.99715709686, 11.8719158173, -6.83360958099, 17.3633499146, 14.3009757996, 88.6369628906]]}, "spectral_energyband_middle_low": {"dmean2": 0.00757935736328, "median": 0.0027392229531, "min": 2.50815787838e-22, "dvar2": 0.00024071020016, "dvar": 0.000102716570836, "dmean": 0.00479069678113, "max": 0.173121407628, "var": 0.000164290642715, "mean": 0.00684745330364}, "melbands_crest": {"dmean2": 7.18990278244, "median": 14.0487594604, "min": 1.89647984505, "dvar2": 40.5396881104, "dvar": 19.5580043793, "dmean": 4.76421022415, "max": 37.5734138489, "var": 54.2033805847, "mean": 15.5461997986}, "spectral_kurtosis": {"dmean2": 2.22676086426, "median": 3.26130795479, "min": -1.20397090912, "dvar2": 8.83015060425, "dvar": 3.55280995369, "dmean": 1.40452945232, "max": 44.1166496277, "var": 9.37781524658, "mean": 3.97939324379}, "spectral_rms": {"dmean2": 0.00200984557159, "median": 0.00348898279481, "min": 3.17155980298e-12, "dvar2": 7.38037670089e-06, "dvar": 4.13016005041e-06, "dmean": 0.00146262929775, "max": 0.0142761329189, "var": 8.91344734555e-06, "mean": 0.00411217147484}, "zerocrossingrate": {"dmean2": 0.0236522834748, "median": 0.09228515625, "min": 0.00341796875, "dvar2": 0.000739527400583, "dvar": 0.000546425348148, "dmean": 0.0214735940099, "max": 0.5107421875, "var": 0.00303840637207, "mean": 0.0990049093962}, "silence_rate_60dB": {"dmean2": 0.118609406054, "median": 0, "min": 0, "dvar2": 0.118850804865, "dvar": 0.0557742901146, "dmean": 0.0592925772071, "max": 1, "var": 0.143959090114, "mean": 0.174366310239}, "erbbands_kurtosis": {"dmean2": 2.19474577904, "median": -0.271189421415, "min": -1.90171062946, "dvar2": 10.940990448, "dvar": 4.99532175064, "dmean": 1.39397013187, "max": 50.5714492798, "var": 10.6023797989, "mean": 0.670651078224}, "erbbands": {"dmean2": [0.885796129704, 4.85125207901, 4.06806230545, 4.17151641846, 8.61719226837, 4.0107254982, 3.48512220383, 5.66530752182, 8.50860023499, 35.105670929, 41.6837234497, 50.4093399048, 28.8641586304, 10.8404512405, 14.6334066391, 8.90800571442, 9.4499130249, 9.96528148651, 8.74076843262, 10.8615570068, 11.1610336304, 13.04550457, 23.1918296814, 39.7703666687, 33.0875091553, 27.8154296875, 16.5619316101, 8.82125759125, 4.63136005402, 3.34883642197, 3.1916642189, 1.98163378239, 1.13229298592, 0.862501680851, 0.563740313053, 0.24978980422, 0.103481285274, 0.0201981607825, 0.000601766747423, 4.37505514128e-05], "median": [0.0106043945998, 0.111110806465, 0.350491762161, 0.64530813694, 0.969263255596, 1.0358735323, 0.955607295036, 1.22319722176, 1.41412067413, 3.70430517197, 4.32227802277, 4.71406841278, 3.86300468445, 2.45097231865, 2.50249290466, 2.45886516571, 1.97405600548, 2.53244972229, 3.19336080551, 5.19311523438, 7.31408405304, 8.52498626709, 14.6992444992, 23.0143852234, 21.8200550079, 14.8591079712, 9.23344802856, 6.03615856171, 2.61464500427, 1.90628910065, 1.30200862885, 0.79190158844, 0.486872583628, 0.304464519024, 0.164233088493, 0.0580501332879, 0.0164979584515, 0.00259883375838, 8.33125159261e-05, 2.3223743483e-05], "min": [5.86948005914e-22, 4.06972134362e-21, 2.16694925834e-21, 4.73512069565e-21, 7.04136591707e-20, 4.37675382333e-20, 1.58636245511e-19, 3.33483705914e-19, 2.50198379704e-19, 3.02959862431e-19, 5.57972407451e-19, 6.28640928723e-19, 6.60526208096e-19, 1.29837050341e-18, 2.11135245735e-18, 2.10926382631e-18, 3.8413754795e-18, 3.49289297283e-18, 4.94186318388e-18, 5.50868456273e-18, 6.26763435528e-18, 9.79503523531e-18, 6.65821828718e-18, 8.03881168085e-18, 8.66860549255e-18, 8.09701789901e-18, 1.64207875106e-17, 1.29932794429e-17, 1.2632972803e-17, 1.30004734327e-17, 1.53285467969e-17, 1.38716120774e-17, 1.54260730455e-17, 1.14286052757e-17, 7.4960753199e-18, 3.99644496098e-18, 3.08630681839e-18, 1.16629798713e-18, 2.90440458011e-19, 3.08225590813e-20], "dvar2": [3.95941019058, 118.572509766, 92.8904647827, 88.3795471191, 561.02722168, 81.3239364624, 56.0717468262, 198.65461731, 1153.71618652, 18464.1464844, 28326.3867188, 63248.7382813, 14771.8359375, 894.309082031, 2007.68688965, 555.562866211, 747.308349609, 595.807189941, 312.66116333, 313.883056641, 392.600189209, 624.779785156, 1607.56518555, 4843.70898438, 3184.43505859, 2010.41040039, 908.144592285, 170.909408569, 82.2318115234, 34.4593353271, 45.8952941895, 24.3218727112, 7.51340246201, 5.77772569656, 1.61284816265, 0.29016327858, 0.0579660981894, 0.00355060631409, 3.35897925652e-06, 4.60219684584e-09], "dvar": [1.65094995499, 49.5712051392, 34.0898246765, 32.9463195801, 210.725601196, 29.5716838837, 21.7582015991, 74.4199981689, 450.455474854, 7522.66601563, 13110.4482422, 25013.8515625, 6841.87939453, 429.749481201, 808.735168457, 250.788024902, 349.009979248, 265.208770752, 145.696029663, 138.784225464, 161.573638916, 264.945343018, 726.739685059, 2226.09619141, 1524.13977051, 891.010742188, 388.216278076, 88.3614196777, 38.2377853394, 16.7203712463, 21.5206851959, 11.24036026, 3.60460138321, 2.60152220726, 0.705981731415, 0.135000362992, 0.0282610394061, 0.00177074980456, 1.73670957793e-06, 2.37645991774e-09], "dmean": [0.543287456036, 2.93739008904, 2.32475066185, 2.38119602203, 4.99632167816, 2.31277084351, 2.10407042503, 3.35774970055, 5.15827798843, 22.6321353912, 25.7459659576, 31.6419353485, 18.8104553223, 7.12289237976, 9.3815946579, 5.69748067856, 5.90601634979, 6.38494110107, 5.67517137527, 6.98143529892, 7.14598894119, 8.44561767578, 15.2257595062, 26.3564853668, 22.3830299377, 18.0987682343, 10.8141088486, 6.24146175385, 3.35610723495, 2.37370109558, 2.25640678406, 1.40987694263, 0.816711544991, 0.602727472782, 0.372395664454, 0.167185530066, 0.0675241500139, 0.0135029125959, 0.000403556827223, 2.99343919323e-05], "max": [6.9567322731, 42.3755378723, 39.2666168213, 45.0009040833, 157.914535522, 47.8801460266, 60.6791496277, 151.254684448, 983.346374512, 2442.06298828, 3034.69091797, 4394.43261719, 2706.24853516, 624.389831543, 809.856994629, 424.436065674, 451.249023438, 380.010375977, 299.123626709, 234.630493164, 280.316955566, 444.532958984, 490.281158447, 1077.21276855, 816.890197754, 387.805450439, 332.927032471, 122.039634705, 192.568771362, 67.6622924805, 80.559928894, 79.6282958984, 37.261592865, 45.9454612732, 17.0595417023, 7.98614025116, 3.81843590736, 1.34816813469, 0.0439187251031, 0.00094504817389], "var": [1.4692054987, 42.206577301, 23.5940971375, 24.7143669128, 155.454498291, 25.0785808563, 21.442232132, 62.6254272461, 463.339538574, 11204.9296875, 18603.7792969, 26682.8789063, 22932.8789063, 1072.83569336, 1123.42138672, 446.598480225, 760.131652832, 612.773376465, 377.122406006, 373.965179443, 469.297729492, 539.959655762, 1606.31420898, 6150.73242188, 3609.1472168, 1652.50097656, 696.183288574, 195.266479492, 74.7950439453, 31.7644557953, 33.5735435486, 17.8169155121, 6.00382614136, 3.49786829948, 0.919158041477, 0.18115003407, 0.0361911207438, 0.00210986332968, 2.12343093153e-06, 3.41832540052e-09], "mean": [0.455906927586, 2.42144298553, 2.04442882538, 2.31751728058, 4.5308804512, 2.7190527916, 2.58702468872, 3.71307468414, 6.23343515396, 30.3049182892, 29.9244403839, 35.8093528748, 29.0718994141, 11.656419754, 13.5299501419, 8.53640651703, 9.2259979248, 10.9375743866, 10.0207033157, 12.7195863724, 13.4712953568, 16.035867691, 29.3634090424, 53.4017410278, 42.5583610535, 30.3628253937, 18.2950649261, 11.1442308426, 5.75783538818, 3.88464188576, 3.21526575089, 2.04628777504, 1.22632825375, 0.853291451931, 0.49796128273, 0.211396291852, 0.0801514312625, 0.0150308161974, 0.00045612861868, 4.34439825767e-05]}, "spectral_strongpeak": {"dmean2": 1.20897829533, "median": 0.392317891121, "min": 0, "dvar2": 3.32652425766, "dvar": 1.34869945049, "dmean": 0.715385913849, "max": 14.0666742325, "var": 2.381690979, "mean": 1.03789162636}, "spectral_energy": {"dmean2": 0.0292890202254, "median": 0.0124773252755, "min": 1.03102610748e-20, "dvar2": 0.00254568713717, "dvar": 0.0012169177644, "dmean": 0.0195820182562, "max": 0.208903178573, "var": 0.00153214426246, "mean": 0.0264689400792}, "average_loudness": 0.941730856895, "spectral_rolloff": {"dmean2": 1787.0715332, "median": 3143.84765625, "min": 43.06640625, "dvar2": 4779170.5, "dvar": 2342499.75, "dmean": 1104.96813965, "max": 19229.1503906, "var": 5224264, "mean": 2875.85766602}, "spectral_centroid": {"dmean2": 626.690429688, "median": 2554.91772461, "min": 160.270019531, "dvar2": 440222.25, "dvar": 219868.375, "dmean": 420.003509521, "max": 11351.9775391, "var": 644614.9375, "mean": 2424.12011719}, "pitch_salience": {"dmean2": 0.163943439722, "median": 0.553570270538, "min": 0.0376110561192, "dvar2": 0.0237515028566, "dvar": 0.0108452029526, "dmean": 0.104955770075, "max": 0.905406653881, "var": 0.0257422346622, "mean": 0.531783044338}, "spectral_energyband_middle_high": {"dmean2": 0.00206902087666, "median": 0.00246880133636, "min": 1.37288707132e-21, "dvar2": 8.15957719169e-06, "dvar": 4.09160975323e-06, "dmean": 0.00143189250957, "max": 0.0434750579298, "var": 1.68576152646e-05, "mean": 0.00397230219096}, "spectral_contrast_coeffs": {"dmean2": [0.0886744633317, 0.0908533856273, 0.0733459666371, 0.0526589676738, 0.0441445298493, 0.033011496067], "median": [-0.701869010925, -0.760586738586, -0.776411533356, -0.782886385918, -0.761511445045, -0.750259041786], "min": [-0.965443909168, -0.980663478374, -0.96580940485, -0.966211557388, -0.964269220829, -0.96171438694], "dvar2": [0.00519631803036, 0.00580058898777, 0.00373448221944, 0.00185707362834, 0.00135150691494, 0.000851136283018], "dvar": [0.00231494614854, 0.00243001361378, 0.00165674265008, 0.000804671843071, 0.000646947650239, 0.000395763461711], "dmean": [0.056379225105, 0.0568332821131, 0.0463416092098, 0.0341244414449, 0.0286597721279, 0.0216702651232], "max": [-0.347720652819, -0.286627948284, -0.271416813135, -0.546114981174, -0.533741235733, -0.603250622749], "var": [0.0093414420262, 0.00863847136497, 0.00732212420553, 0.00389439542778, 0.00365196168423, 0.00224244757555], "mean": [-0.689164340496, -0.74814915657, -0.762195527554, -0.777872741222, -0.756830215454, -0.753457963467]}, "melbands_skewness": {"dmean2": 2.25908827782, "median": 2.11712026596, "min": -3.48743414879, "dvar2": 9.00848960876, "dvar": 4.26866054535, "dmean": 1.53697085381, "max": 22.0957794189, "var": 8.54342651367, "mean": 2.861784935}, "spectral_spread": {"dmean2": 1007811.6875, "median": 4183261, "min": 1477158.25, "dvar2": 1712019734530.0, "dvar": 977023598592, "dmean": 717809.875, "max": 41096128, "var": 4751456993280.0, "mean": 4647556.5}, "dissonance": {"dmean2": 0.0221478696913, "median": 0.483607709408, "min": 0.253988623619, "dvar2": 0.000598095357418, "dvar": 0.000235958112171, "dmean": 0.0134376697242, "max": 0.500000059605, "var": 0.000542696157936, "mean": 0.477101683617}, "spectral_skewness": {"dmean2": 0.332911163568, "median": 1.11165237427, "min": -0.309138953686, "dvar2": 0.119245074689, "dvar": 0.0513202920556, "dmean": 0.210673496127, "max": 5.611079216, "var": 0.16579850018, "mean": 1.14341521263}, "spectral_flux": {"dmean2": 0.0713008120656, "median": 0.0727992653847, "min": 6.52564252634e-11, "dvar2": 0.00732668861747, "dvar": 0.00342091545463, "dmean": 0.0448248535395, "max": 0.381587415934, "var": 0.00695330277085, "mean": 0.0993557572365}, "spectral_contrast_valleys": {"dmean2": [0.815472126007, 0.792298078537, 0.7059674263, 0.594931125641, 0.45970916748, 0.443901836872], "median": [-7.91421604156, -7.21255636215, -7.89200115204, -8.3079252243, -7.20204544067, -9.89247703552], "min": [-27.4816837311, -27.8997268677, -27.1828517914, -27.0689201355, -27.3402919769, -27.2396907806], "dvar2": [0.599274754524, 0.585158765316, 0.515740990639, 0.424100279808, 0.253020226955, 0.230524286628], "dvar": [0.364690303802, 0.29088896513, 0.246921762824, 0.208623230457, 0.154314979911, 0.162959396839], "dmean": [0.58591157198, 0.503808498383, 0.455527126789, 0.38834297657, 0.31204149127, 0.347900629044], "max": [-5.22364616394, -4.97777175903, -5.54422664642, -6.07373905182, -5.58169412613, -7.74589443207], "var": [2.72082710266, 1.75658106804, 1.78088390827, 1.58515298367, 1.73075461388, 1.50948500633], "mean": [-8.1720905304, -7.48058223724, -8.12884902954, -8.48828792572, -7.44580841064, -10.0952339172]}, "erbbands_flatness_db": {"dmean2": 0.0322500951588, "median": 0.154914885759, "min": 0.0335882082582, "dvar2": 0.000942181097344, "dvar": 0.000542064954061, "dmean": 0.0238619409502, "max": 0.442615300417, "var": 0.00377004803158, "mean": 0.161758080125}, "spectral_energyband_high": {"dmean2": 0.000824244809337, "median": 0.000671105051879, "min": 7.6964640432e-21, "dvar2": 1.40416580052e-06, "dvar": 6.90112813118e-07, "dmean": 0.000590948446188, "max": 0.013186359778, "var": 1.60119520842e-06, "mean": 0.00112000224181}, "spectral_entropy": {"dmean2": 0.242446944118, "median": 7.72453022003, "min": 5.32456827164, "dvar2": 0.0527325905859, "dvar": 0.029509300366, "dmean": 0.176596283913, "max": 9.81385040283, "var": 0.176456212997, "mean": 7.71752595901}, "silence_rate_20dB": {"dmean2": 0, "median": 1, "min": 1, "dvar2": 0, "dvar": 0, "dmean": 0, "max": 1, "var": 0, "mean": 1}, "melbands_flatness_db": {"dmean2": 0.0612030699849, "median": 0.156929641962, "min": 0.00516326539218, "dvar2": 0.00404158607125, "dvar": 0.00209179334342, "dmean": 0.0420236922801, "max": 0.627161622047, "var": 0.00597199331969, "mean": 0.171119213104}, "barkbands": {"dmean2": [0.000777486769948, 0.0236848630011, 0.00252082268707, 0.00216638599522, 0.00165085983463, 0.000592090189457, 0.00106854096521, 0.00211936421692, 0.00227052578703, 0.000510879908688, 0.000390393222915, 0.000238521839492, 0.000219609501073, 0.000199376809178, 0.000187403071322, 0.000231349738897, 0.00023681820312, 0.000614488671999, 0.000768945494201, 0.000565999187529, 0.00030680760392, 0.000133980560349, 0.000106771680294, 7.69686666899e-05, 7.52772175474e-05, 5.55840051675e-05, 4.6631839723e-06], "median": [1.68446058524e-05, 0.000500514230225, 0.000232304388192, 0.000223104158067, 0.000348417728674, 0.000140247284435, 0.000125415375805, 0.000168034093804, 0.000215686333831, 7.75779117248e-05, 4.23506717198e-05, 4.95447093272e-05, 3.3808653825e-05, 4.1193132347e-05, 5.74086006964e-05, 0.000130182597786, 0.000116303606774, 0.000319456681609, 0.0004542087554, 0.000305348890834, 0.000178078509634, 7.37958325772e-05, 4.83382827952e-05, 3.22916712321e-05, 2.57008268818e-05, 1.049581806e-05, 4.23683559347e-07], "min": [7.41466142035e-24, 1.6296963845e-23, 1.91992059923e-24, 1.81050874712e-24, 2.3167786135e-23, 3.63239965269e-23, 1.75751488588e-23, 1.35947634126e-23, 3.35376135919e-23, 1.97303973157e-23, 6.29220449118e-23, 3.53848229093e-23, 7.36241989577e-23, 6.74840338376e-23, 8.39916740313e-23, 8.61161648015e-23, 1.65416091755e-22, 1.03286858363e-22, 1.50559531124e-22, 1.8178866634e-22, 3.73708174725e-22, 4.09931430559e-22, 4.93946783039e-22, 8.24579517267e-22, 1.17770516239e-21, 1.49465831646e-21, 2.18614182765e-21], "dvar2": [2.25750227401e-06, 0.00273699034005, 3.77077230951e-05, 3.12335432682e-05, 1.68449259945e-05, 2.007695457e-06, 1.44661862578e-05, 6.52665694361e-05, 0.000100741373899, 4.17060209656e-06, 1.21340133319e-06, 4.00624202257e-07, 3.59156587137e-07, 2.04151390903e-07, 1.34954220243e-07, 1.44515340139e-07, 2.31644236237e-07, 1.07091591417e-06, 1.54694930643e-06, 8.20081879738e-07, 2.61436440496e-07, 5.98159175524e-08, 4.76289372386e-08, 3.49990507686e-08, 3.24595035295e-08, 1.62471636145e-08, 3.15440423782e-10], "dvar": [1.35557172598e-06, 0.00118001282681, 1.30155704028e-05, 1.17293757285e-05, 6.28150019111e-06, 7.58848216265e-07, 6.38415303911e-06, 2.85597670882e-05, 4.08784544561e-05, 2.21605591832e-06, 5.25216705682e-07, 1.79239606268e-07, 1.61340608429e-07, 9.38541617757e-08, 6.22413267592e-08, 5.96197651248e-08, 9.40325293186e-08, 4.80103096834e-07, 7.20261027709e-07, 3.62615054428e-07, 1.18768120672e-07, 2.71205280455e-08, 2.30363284004e-08, 1.66398290702e-08, 1.5054729019e-08, 7.83383846681e-09, 1.58815516293e-10], "dmean": [0.000625020940788, 0.0146571872756, 0.00134825019632, 0.00124832522124, 0.000952578673605, 0.000356563832611, 0.000677224714309, 0.00132707390003, 0.00141579890624, 0.000326758658048, 0.000251440622378, 0.000149970423081, 0.000134093046654, 0.000125753926113, 0.000120839089504, 0.00014741664927, 0.000149170664372, 0.000391201407183, 0.000507140357513, 0.000365608808352, 0.000207759119803, 9.22678227653e-05, 7.64656724641e-05, 5.56376144232e-05, 5.21159854543e-05, 3.72173744836e-05, 3.11277221954e-06], "max": [0.0109863877296, 0.199038803577, 0.0281510148197, 0.0295622516423, 0.0243238117546, 0.0154729131609, 0.0897034704685, 0.112875953317, 0.170990541577, 0.0527800172567, 0.0145976534113, 0.00962501950562, 0.00850857235491, 0.00636353855953, 0.00586852291599, 0.00557160377502, 0.00670316442847, 0.0100637758151, 0.0182515475899, 0.00987491477281, 0.005663191434, 0.00450913608074, 0.00260007148609, 0.00241770339198, 0.00294048571959, 0.00203610793687, 0.00045960812713], "var": [2.66224492407e-06, 0.00107969052624, 7.87384942669e-06, 8.61812441144e-06, 4.81910910821e-06, 6.55387680126e-07, 9.87981366052e-06, 3.64545230696e-05, 5.4368731071e-05, 6.22134484729e-06, 9.67622099779e-07, 3.00143625509e-07, 3.70264842786e-07, 2.01453318027e-07, 1.77024446657e-07, 1.71393949699e-07, 1.6751585008e-07, 9.60341253631e-07, 1.89140416751e-06, 6.93857714396e-07, 2.30159344028e-07, 5.089089683e-08, 3.77607527469e-08, 2.76369576113e-08, 2.13509370184e-08, 1.02321964235e-08, 1.81811371514e-10], "mean": [0.000815981940832, 0.0126024680212, 0.00121534592472, 0.00108083616942, 0.00102501455694, 0.000402693927754, 0.000898673490155, 0.00148080557119, 0.00167991837952, 0.000482543604448, 0.000350077723851, 0.000208808400203, 0.000198578607524, 0.000196545021026, 0.000205471369554, 0.000270124146482, 0.000253212318057, 0.000682893092744, 0.000971185509115, 0.000617426238023, 0.000358154531568, 0.000155054702191, 0.000112798326882, 8.27272961033e-05, 7.29565581423e-05, 4.52341519122e-05, 3.4413621961e-06]}, "erbbands_skewness": {"dmean2": 0.783292531967, "median": -0.571623802185, "min": -4.22070360184, "dvar2": 0.550704598427, "dvar": 0.267788112164, "dmean": 0.524369120598, "max": 6.61189937592, "var": 1.08714807034, "mean": -0.484742105007}, "erbbands_spread": {"dmean2": 18.3955535889, "median": 39.5114822388, "min": 2.60004043579, "dvar2": 380.268859863, "dvar": 174.949066162, "dmean": 12.2211666107, "max": 148.86946106, "var": 568.51776123, "mean": 43.8261413574}, "melbands_kurtosis": {"dmean2": 34.1368980408, "median": 4.48025560379, "min": -1.88308048248, "dvar2": 8280.49804688, "dvar": 3188.05981445, "dmean": 20.9178981781, "max": 1023.83850098, "var": 2799.18847656, "mean": 20.5672912598}, "melbands": {"dmean2": [0.00719007803127, 0.00334296235815, 0.000957678654231, 0.000426039332524, 0.000128182902699, 0.000123793564853, 0.00014928917517, 0.000412708352087, 0.000350180023815, 0.000320805644151, 0.00014301520423, 4.25701400673e-05, 5.39940192539e-05, 3.03786746372e-05, 2.16750304389e-05, 2.20783676923e-05, 1.96104774659e-05, 1.46445427163e-05, 1.51968670252e-05, 1.49656443682e-05, 1.51286449181e-05, 1.32788745759e-05, 1.89468537428e-05, 3.05600151478e-05, 3.59595796908e-05, 2.9311153412e-05, 2.25558960665e-05, 1.92923398572e-05, 1.21200419017e-05, 7.05259935785e-06, 5.09203709953e-06, 3.0795931707e-06, 2.34703384194e-06, 1.84653629276e-06, 2.0090765247e-06, 1.47205923895e-06, 1.27531757244e-06, 8.09632354049e-07, 8.08618722203e-07, 7.32642718049e-07], "median": [0.000134540619911, 0.000171143736225, 0.0