{"tonal": {"thpcp": [1, 0.720845043659, 0.443518936634, 0.346158087254, 0.316044777632, 0.294688820839, 0.252611845732, 0.24238678813, 0.2842900455, 0.28114554286, 0.213677421212, 0.193286478519, 0.188185796142, 0.161167100072, 0.15219861269, 0.151123300195, 0.14802801609, 0.151715695858, 0.173221498728, 0.199978232384, 0.258303612471, 0.293420016766, 0.238579720259, 0.190607398748, 0.176829427481, 0.160401508212, 0.152373805642, 0.167381256819, 0.321775108576, 0.463488221169, 0.349076777697, 0.23426181078, 0.244472622871, 0.264656990767, 0.371825844049, 0.768299996853], "hpcp": {"dmean2": [0.29299774766, 0.24888291955, 0.23370732367, 0.218778312206, 0.229076236486, 0.205501317978, 0.192820236087, 0.186529487371, 0.160972699523, 0.155086159706, 0.152484536171, 0.154090553522, 0.157204017043, 0.179506227374, 0.202702730894, 0.222189277411, 0.221685379744, 0.207870513201, 0.18741184473, 0.172584325075, 0.161530673504, 0.155415534973, 0.172618582845, 0.295489996672, 0.424674898386, 0.318665772676, 0.251438647509, 0.268465697765, 0.284009099007, 0.341647475958, 0.481036067009, 0.462150901556, 0.499040096998, 0.408261835575, 0.346781849861, 0.323637366295], "median": [0.0377106592059, 0.0317234843969, 0.026297044009, 0.0285124927759, 0.029516492039, 0.0265959389508, 0.0274928864092, 0.0273563861847, 0.0225251987576, 0.0180011168122, 0.0167318768799, 0.0170928649604, 0.019143268466, 0.0217949189246, 0.0284002684057, 0.049598634243, 0.0628878772259, 0.0441903024912, 0.0270413905382, 0.0226745046675, 0.0215757712722, 0.0204167868942, 0.018773201853, 0.0379338301718, 0.0466578900814, 0.0443947315216, 0.0237223058939, 0.0217849146575, 0.0271178111434, 0.0708281993866, 0.248883485794, 0.337364196777, 0.231829553843, 0.070145636797, 0.0442004650831, 0.0380933359265], "min": [0, 0, 0, 0, 0, 0, 0, 0, 0, 0, 0, 0, 0, 0, 0, 0, 0, 0, 0, 0, 0, 0, 0, 0, 0, 0, 0, 0, 0, 0, 0, 0, 0, 0, 0, 0], "dvar2": [0.153742924333, 0.135387420654, 0.130257681012, 0.106574900448, 0.119158007205, 0.10919971019, 0.092926427722, 0.0888038277626, 0.0771698430181, 0.0812541693449, 0.0816105753183, 0.0775844082236, 0.0770428106189, 0.0935983434319, 0.101639308035, 0.100210614502, 0.0940410718322, 0.0968732759356, 0.0887376666069, 0.082477606833, 0.069133207202, 0.0727418661118, 0.0810609161854, 0.120189420879, 0.238768547773, 0.128280594945, 0.129052370787, 0.145616129041, 0.14333742857, 0.138832494617, 0.174925148487, 0.194990381598, 0.188407883048, 0.192688643932, 0.174533903599, 0.174383491278], "dvar": [0.0568415336311, 0.0487045012414, 0.0470246896148, 0.041529096663, 0.0447648726404, 0.0390816293657, 0.0333472453058, 0.0319338813424, 0.0268984846771, 0.0286756046116, 0.0292014982551, 0.0277073662728, 0.0271331556141, 0.0334040671587, 0.0365402474999, 0.0361340753734, 0.0348322615027, 0.0344938859344, 0.0315168462694, 0.0303075294942, 0.0249943844974, 0.0258140508085, 0.0287237763405, 0.0465426705778, 0.096001021564, 0.0503508672118, 0.0476758442819, 0.0525152124465, 0.0518590472639, 0.0521478392184, 0.0694556236267, 0.0855415537953, 0.0723831504583, 0.0737950354815, 0.0643392428756, 0.0642420873046], "dmean": [0.162098526955, 0.138076946139, 0.130002588034, 0.122828878462, 0.129206165671, 0.114345423877, 0.10679256171, 0.103580154479, 0.0896127000451, 0.0861644148827, 0.0850932896137, 0.0852497965097, 0.0867770165205, 0.098929323256, 0.112158171833, 0.12547044456, 0.127394452691, 0.116853639483, 0.104617193341, 0.0969236418605, 0.0901242792606, 0.0864383503795, 0.0954283997416, 0.161609038711, 0.230258569121, 0.176868781447, 0.138391569257, 0.14708943665, 0.157040327787, 0.191404253244, 0.277877062559, 0.265253901482, 0.285762876272, 0.230020746589, 0.193597063422, 0.178477153182], "max": [1, 1, 1, 1, 1, 1, 1, 1, 1, 1, 1, 1, 1, 1, 1, 1, 1, 1, 1, 1, 1, 1, 1, 1, 1, 1, 1, 1, 1, 1, 1, 1, 1, 1, 1, 1], "var": [0.050340294838, 0.0416683219373, 0.040903095156, 0.0587312579155, 0.0552093498409, 0.0338780395687, 0.0271383337677, 0.0257859565318, 0.0204502902925, 0.0224417690188, 0.0230309590697, 0.0210214201361, 0.0205794163048, 0.0260117594153, 0.0292601808906, 0.0329929552972, 0.0380265042186, 0.0310595054179, 0.0265501532704, 0.0251437425613, 0.0198047235608, 0.019492957741, 0.0227768309414, 0.0473388396204, 0.105023726821, 0.0534873381257, 0.0406755916774, 0.0438512712717, 0.0452738218009, 0.0540178529918, 0.108999677002, 0.161401286721, 0.0998526588082, 0.0786333754659, 0.0611916035414, 0.0570739731193], "mean": [0.135533794761, 0.116181686521, 0.111478954554, 0.130751177669, 0.129304945469, 0.0982748940587, 0.0888966545463, 0.0865507423878, 0.0741242542863, 0.0699994489551, 0.0695048943162, 0.068081304431, 0.0697773471475, 0.0796683356166, 0.0919743403792, 0.118799448013, 0.134950250387, 0.109728001058, 0.0876644849777, 0.0813276991248, 0.0737721398473, 0.0700800269842, 0.0769822821021, 0.147991374135, 0.213168308139, 0.160548001528, 0.107742100954, 0.11243827641, 0.121721506119, 0.171010792255, 0.353357881308, 0.459921747446, 0.331532299519, 0.203984007239, 0.159205630422, 0.145355865359]}, "tuning_equal_tempered_deviation": 0.217112913728, "chords_changes_rate": 0.0776041671634, "key_key": "C", "tuning_diatonic_strength": 0.541842401028, "key_scale": "minor", "chords_number_rate": 0.00182291667443, "tuning_frequency": 434.193115234, "tuning_nontempered_energy_ratio": 0.914752244949, "chords_histogram": [3.64583325386, 2.52604174614, 53.3333320618, 0, 0.598958313465, 0, 0, 3.28125, 3.64583325386, 30.1302089691, 0, 0, 0.0260416660458, 0, 0, 0, 0, 0, 0, 0.182291671634, 0, 0.46875, 2.16145825386, 0], "key_strength": 0.472754687071, "chords_key": "G", "chords_strength": {"dmean2": 0.0172862689942, "median": 0.525385677814, "min": 0.296403229237, "dvar2": 0.000200362657779, "dvar": 0.000117296309327, "dmean": 0.0131241455674, "max": 0.739506065845, "var": 0.00604845583439, "mean": 0.530881345272}, "chords_scale": "minor", "hpcp_entropy": {"dmean2": 1.32756924629, "median": 2.35537934303, "min": 0, "dvar2": 1.04848325253, "dvar": 0.373961389065, "dmean": 0.779483735561, "max": 4.40787696838, "var": 0.637409090996, "mean": 2.31610178947}}, "metadata": {"audio_properties": {"equal_loudness": 0, "codec": "mp3", "downmix": "mix", "sample_rate": 44100, "analysis_sample_rate": 44100, "bit_rate": 192000, "md5_encoded": "331e1af5dcae646f5d6540cc0e0a9317", "length": 178.259597778, "replay_gain": -14.5975208282, "lossless": false}, "version": {"essentia_build_sha": "70f2e5ece6736b2c40cc944ad0e695b16b925413", "essentia": "2.1-beta2", "extractor": "music 1.0", "essentia_git_sha": "v2.1_beta2"}, "tags": {"title": ["Stop Hitch"], "artist": ["Elephant Man"], "date": ["2003"], "genre": ["Dancehall"], "musicip_puid": ["d5010949-baec-cabc-b9a8-eeafc8577166"], "musicbrainz_recordingid": ["40ff3265-d371-4fab-a252-364346fb1f8a"], "taggingdate": ["2011-09-04T17:51:22"], "musicbrainz album status": ["official"], "asin": ["B0000AVSRW"], "musicbrainz_albumid": ["e95781bf-8e2b-420b-abf8-f17821a8c6a1", "e95781bf-8e2b-420b-abf8-f17821a8c6a1"], "musicbrainz_albumartistid": ["89ad4ac3-39f7-470e-963a-56509c546377", "89ad4ac3-39f7-470e-963a-56509c546377"], "tracknumber": ["1/20"], "artistsort": ["Elephant Man"], "album": ["Greensleeves Rhythm Album #44: Good To Go"], "musicbrainz album release country": ["GB"], "albumartistsort": ["Various Artists"], "musicbrainz album type": ["compilation"], "musicbrainz_artistid": ["cd5f7bd9-ee6f-4a99-8dd9-dc3afd9da736", "cd5f7bd9-ee6f-4a99-8dd9-dc3afd9da736"], "file_name": "01. Elephant Man - Stop Hitch.mp3"}}, "rhythm": {"bpm_histogram_first_peak_bpm": {"dmean2": 0, "median": 120, "min": 120, "dvar2": 0, "dvar": 0, "dmean": 0, "max": 120, "var": 0, "mean": 120}, "bpm": 119.875076294, "bpm_histogram_second_peak_spread": {"dmean2": 0, "median": 0.399999976158, "min": 0.399999976158, "dvar2": 0, "dvar": 0, "dmean": 0, "max": 0.399999976158, "var": 0, "mean": 0.399999976158}, "bpm_histogram_first_peak_weight": {"dmean2": 0, "median": 0.151670947671, "min": 0.151670947671, "dvar2": 0, "dvar": 0, "dmean": 0, "max": 0.151670947671, "var": 0, "mean": 0.151670947671}, "onset_rate": 5.91234064102, "beats_position": [0.487619042397, 0.986848056316, 1.48607707024, 1.99691605568, 2.50775504112, 3.00698399544, 3.51782298088, 4.01705217361, 4.51628112793, 5.01551008224, 5.50312900543, 6.01396799088, 6.52480697632, 7.02403593063, 7.53487491608, 8.03410434723, 8.53333282471, 9.02095222473, 9.49696159363, 9.98458003998, 10.4954195023, 11.0062580109, 11.5403175354, 12.0279359818, 12.5271654129, 13.0031747818, 13.3979139328, 13.8042631149, 14.2222223282, 14.6285715103, 15.0581407547, 15.4760990143, 15.8824491501, 16.3004074097, 16.7067565918, 17.1131057739, 17.5078449249, 17.9838542938, 18.4482536316, 18.9474830627, 19.4931507111, 20.0388202667, 20.5844898224, 21.1301574707, 21.6758270264, 22.221496582, 22.7555541992, 23.2896137238, 23.8468933105, 24.40417099, 24.9614505768, 25.4955101013, 26.0527877808, 26.7493877411, 27.3995456696, 28.0613155365, 28.7346935272, 29.3964614868, 30.0582313538, 30.7199993134, 31.3933773041, 32.0435371399, 32.7053070068, 33.3670730591, 34.0404510498, 34.7138328552, 35.3755989075, 35.9793205261, 36.5714263916, 37.1751480103, 37.755645752, 38.3593635559, 39.0443534851, 39.7293434143, 40.4143295288, 41.099319458, 41.7494773865, 42.4228553772, 43.0846252441, 43.6767349243, 44.2456245422, 44.7448501587, 45.2556915283, 45.743309021, 46.2193183899, 46.718547821, 47.2177772522, 47.7286148071, 48.2278442383, 48.7386856079, 49.2379112244, 49.7371406555, 50.2247619629, 50.723991394, 51.2232208252, 51.7340583801, 52.2216758728, 52.7092971802, 53.1969146729, 53.5800437927, 53.9747848511, 54.3579139709, 54.7294311523, 55.1125602722, 55.4956893921, 55.9020385742, 56.3199996948, 56.726348877, 57.1210861206, 57.5274353027, 57.9337844849, 58.3517456055, 58.7464828491, 59.1528320312, 59.5591812134, 59.9655303955, 60.3486595154, 60.7434005737, 61.1613578796, 61.5793190002, 61.9972763062, 62.4268455505, 62.8564147949, 63.2975959778, 63.7387733459, 64.2496109009, 64.7372360229, 65.2248535156, 65.7356872559, 66.2233123779, 66.7225418091, 67.2217712402, 67.7326049805, 68.2202224731, 68.7194519043, 69.2186813354, 69.7295227051, 70.2287521362, 70.7279815674, 71.2155990601, 71.7264404297, 72.2256698608, 72.7365036011, 73.2473449707, 73.7465744019, 74.245803833, 74.7450332642, 75.2558746338, 75.7434921265, 76.2311096191, 76.7303390503, 77.2295684814, 77.7404098511, 78.2280273438, 78.7156448364, 79.1103820801, 79.5051269531, 79.9114761353, 80.3294296265, 80.7241744995, 81.1072998047, 81.5020370483, 81.9083862305, 82.3379592896, 82.7443084717, 83.1622695923, 83.5570068359, 83.9633560181, 84.3464813232, 84.7296142578, 85.112739563, 85.4958724976, 85.8557815552, 86.2156906128, 86.5755996704, 86.935508728, 87.2838058472, 87.6553268433, 88.0268478394, 88.386756897, 88.7466659546, 89.1181869507, 89.4897003174, 89.8612213135, 90.244354248, 90.6158676147, 90.9873886108, 91.3705215454, 91.730430603, 92.0787277222, 92.4386367798, 92.8101577759, 93.1932830811, 93.5764160156, 93.9711532593, 94.3542861938, 94.737411499, 95.1205444336, 95.5036697388, 95.8868026733, 96.2931518555, 96.7111129761, 97.1058502197, 97.5005874634, 97.918548584, 98.3365097046, 98.7544631958, 99.1724243164, 99.6716537476, 100.182495117, 100.704940796, 101.215782166, 101.726615906, 102.214241028, 102.713470459, 103.21269989, 103.72353363, 104.211151123, 104.721992493, 105.221221924, 105.743675232, 106.242897034, 106.742126465, 107.241355896, 107.740585327, 108.239814758, 108.739044189, 109.238273621, 109.737503052, 110.109024048, 110.468933105, 110.840454102, 111.211967468, 111.583488464, 111.966621399, 112.349746704, 112.732879639, 113.127616882, 113.545578003, 113.963539124, 114.358276367, 114.764625549, 115.18258667, 115.600540161, 115.983673096, 116.366798401, 116.749931335, 117.121452332, 117.492965698, 117.864486694, 118.23600769, 118.58430481, 118.944213867, 119.304122925, 119.675643921, 120.047164917, 120.430290222, 120.813423157, 121.196548462, 121.591293335, 121.986030579, 122.357551575, 122.74067688, 123.135414124, 123.50693512, 123.901672363, 124.308021545, 124.714370728, 125.097503662, 125.480628967, 125.863761902, 126.235282898, 126.583580017, 126.943489075, 127.315010071, 127.686531067, 128.058044434, 128.42956543, 128.812698364, 129.207427979, 129.729888916, 130.229110718, 130.728347778, 131.215957642, 131.726806641, 132.226028442, 132.725265503, 133.236099243, 133.746932983, 134.246170044, 134.745391846, 135.256240845, 135.767074585, 136.312744141, 136.835189819, 137.357635498, 137.868484497, 138.379318237, 138.901763916, 139.412597656, 139.911834717, 140.434280396, 140.956726074, 141.479187012, 141.990020752, 142.489242554, 142.988479614, 143.499313354, 143.998550415, 144.497772217, 145.008621216, 145.496231079, 145.902587891, 146.320541382, 146.726898193, 147.121627808, 147.516372681, 147.94593811, 148.352294922, 148.747024536, 149.153381348, 149.571334839, 150.000900269, 150.40725708, 150.813598633, 151.219955444, 151.742401123, 152.218414307, 152.717636108, 153.228485107, 153.762542725, 154.284988403, 154.749389648, 155.236999512, 155.736236572, 156.223846436, 156.734695435, 157.233917236, 157.733154297, 158.209152222, 158.708389282, 159.103118896, 159.49786377, 159.892608643, 160.310562134, 160.728515625, 161.134872437, 161.564437866, 161.982406616, 162.37713623, 162.771881104, 163.189834595, 163.584579468, 163.979324341, 164.362442017, 164.745574951, 165.117095947, 165.488616943, 165.860137939, 166.231658936, 166.591567993, 166.951477051, 167.311386108, 167.671295166, 168.042816162, 168.425933838, 168.797454834, 169.180587769, 169.575332642, 169.970062256, 170.35319519, 170.736328125, 171.142669678, 171.549026489, 171.96697998, 172.373336792, 172.756454468, 173.139587402, 173.522720337, 173.882629395, 174.242538452, 174.60244751, 174.962356567, 175.310653687, 175.670562744, 176.030471802, 176.390380859, 176.750289917, 177.121810913, 177.481719971], "beats_loudness": {"dmean2": 0.0402948968112, "median": 0.0438068285584, "min": 0, "dvar2": 0.00101493916009, "dvar": 0.000345667242073, "dmean": 0.0226639714092, "max": 0.11550309509, "var": 0.000540963257663, "mean": 0.0447253547609}, "danceability": 1.52753174305, "bpm_histogram_second_peak_weight": {"dmean2": 0, "median": 0.107969149947, "min": 0.107969149947, "dvar2": 0, "dvar": 0, "dmean": 0, "max": 0.107969149947, "var": 0, "mean": 0.107969149947}, "beats_count": 390, "bpm_histogram_second_peak_bpm": {"dmean2": 0, "median": 157, "min": 157, "dvar2": 0, "dvar": 0, "dmean": 0, "max": 157, "var": 0, "mean": 157}, "bpm_histogram_first_peak_spread": {"dmean2": 0, "median": 0.51639342308, "min": 0.51639342308, "dvar2": 0, "dvar": 0, "dmean": 0, "max": 0.51639342308, "var": 0, "mean": 0.51639342308}, "beats_loudness_band_ratio": {"dmean2": [0.603923380375, 0.3467489779, 0.28883549571, 0.323978304863, 0.163139045238, 0.163584142923], "median": [0.424212694168, 0.136116653681, 0.101357549429, 0.0335460230708, 0.0455264747143, 0.0418293364346], "min": [0, 0, 0, 0, 0, 0], "dvar2": [0.171367257833, 0.0854551643133, 0.0626092925668, 0.127158895135, 0.0284973476082, 0.0362468101084], "dvar": [0.0615653991699, 0.0304195228964, 0.0229881014675, 0.0476170629263, 0.00955489743501, 0.0130632640794], "dmean": [0.346539378166, 0.199382588267, 0.160346701741, 0.171950370073, 0.0910034775734, 0.0915105193853], "max": [0.973381578922, 0.831337451935, 0.793156325817, 0.852437138557, 0.600446462631, 0.674225211143], "var": [0.0896928608418, 0.036336325109, 0.0236900188029, 0.0360242687166, 0.00915753468871, 0.0104187466204], "mean": [0.439514696598, 0.201055034995, 0.15713840723, 0.121287122369, 0.0783550813794, 0.0802656784654]}}, "lowlevel": {"barkbands_spread": {"dmean2": 19.7839622498, "median": 22.8288345337, "min": 0.36681291461, "dvar2": 422.162017822, "dvar": 183.07194519, "dmean": 12.6674089432, "max": 129.264511108, "var": 363.038909912, "mean": 26.7877464294}, "melbands_spread": {"dmean2": 20.8136768341, "median": 19.6021080017, "min": 0.371067792177, "dvar2": 791.250183105, "dvar": 336.370269775, "dmean": 13.6607093811, "max": 250.815643311, "var": 640.348571777, "mean": 25.8523292542}, "hfc": {"dmean2": 31.2036514282, "median": 23.3703842163, "min": 1.05568522013e-16, "dvar2": 1579.31604004, "dvar": 665.787780762, "dmean": 20.6300315857, "max": 300.640441895, "var": 1097.47229004, "mean": 32.1828041077}, "barkbands_kurtosis": {"dmean2": 13.3128423691, "median": 2.08367061615, "min": -1.89771044254, "dvar2": 771.128112793, "dvar": 317.657806396, "dmean": 8.33826255798, "max": 453.797363281, "var": 326.64944458, "mean": 7.56504869461}, "gfcc": {"mean": [-0.783874213696, 58.5551109314, -91.7239303589, 26.9627590179, -56.4106178284, 13.5129737854, -46.3038635254, 9.65912151337, -20.4833679199, 5.90194416046, -17.900062561, 10.0679683685, -12.9121417999], "icov": [[9.93379944703e-05, -9.40029131016e-05, 9.27848668653e-05, -0.00017285568174, 0.00024541062885, -0.00028112178552, 0.000317149184411, -0.000379895674996, 0.000365068670362, -0.000440609728685, 0.000363847328117, -0.000317681347951, 0.000207660050364], [-9.40029131016e-05, 0.000989874242805, 6.51029477012e-05, 0.000212575934711, -0.000617869081907, 0.000328397494741, -0.000609517097473, 0.000277613347862, -0.000835176964756, 0.00144625199027, -0.00132938509341, 0.000630915572401, -0.00064952543471], [9.27848668653e-05, 6.51029477012e-05, 0.000868543575052, -0.000476059445646, 4.85139353259e-05, -0.000471109815408, 0.000291473959805, -0.000522002403159, 0.00019865889044, 0.00020544572908, 6.84570914018e-05, -0.000645333435386, 0.000319458544254], [-0.00017285568174, 0.000212575934711, -0.000476059445646, 0.00317958509549, -0.00169275130611, 0.000165619261679, 0.000517061154824, 0.000156092777615, -0.0016358664725, 0.00134193955455, -0.000791114347521, -0.000338120968081, -0.000471106672194], [0.00024541062885, -0.000617869081907, 4.85139353259e-05, -0.00169275130611, 0.00448336731642, -0.00195441162214, 0.000517481821589, -0.000337531440891, 0.000664917752147, -0.00191503961105, -0.000126318322145, 0.00113437662367, -0.000961196608841], [-0.00028112178552, 0.000328397494741, -0.000471109815408, 0.000165619261679, -0.00195441162214, 0.00591563852504, -0.00294038746506, 0.000754928390961, -0.000270989490673, -0.000569922849536, 0.000181460171007, 0.00055459048599, -0.000111689601908], [0.000317149184411, -0.000609517097473, 0.000291473959805, 0.000517061154824, 0.000517481821589, -0.00294038746506, 0.00555440317839, -0.0045371404849, 0.00265632406808, -0.000740090967156, 8.12391590443e-05, -0.00107103178743, -9.90562984953e-05], [-0.000379895674996, 0.000277613347862, -0.000522002403159, 0.000156092777615, -0.000337531440891, 0.000754928390961, -0.0045371404849, 0.0101352902129, -0.00446509616449, 0.00140040705446, -0.000792030768935, 0.000323478248902, 0.000623461499345], [0.000365068670362, -0.000835176964756, 0.00019865889044, -0.0016358664725, 0.000664917752147, -0.000270989490673, 0.00265632406808, -0.00446509616449, 0.00983268301934, -0.00652148574591, 0.00207925983705, -0.00108763505705, -0.000745559809729], [-0.000440609728685, 0.00144625199027, 0.00020544572908, 0.00134193955455, -0.00191503961105, -0.000569922849536, -0.000740090967156, 0.00140040705446, -0.00652148574591, 0.0150291668251, -0.00742397131398, 0.00328484945931, -0.000167127000168], [0.000363847328117, -0.00132938509341, 6.84570914018e-05, -0.000791114347521, -0.000126318322145, 0.000181460171007, 8.12391590443e-05, -0.000792030768935, 0.00207925983705, -0.00742397131398, 0.0151495207101, -0.00713783595711, 0.000680227647536], [-0.000317681347951, 0.000630915572401, -0.000645333435386, -0.000338120968081, 0.00113437662367, 0.00055459048599, -0.00107103178743, 0.000323478248902, -0.00108763505705, 0.00328484945931, -0.00713783595711, 0.0143882669508, -0.00611788732931], [0.000207660050364, -0.00064952543471, 0.000319458544254, -0.000471106672194, -0.000961196608841, -0.000111689601908, -9.90562984953e-05, 0.000623461499345, -0.000745559809729, -0.000167127000168, 0.000680227647536, -0.00611788732931, 0.0148391574621]], "cov": [[21146.7089844, -104.140907288, -1293.94018555, 334.024871826, -753.657714844, 350.476226807, -544.136474609, 324.066680908, -140.312408447, 253.124862671, -285.904998779, 90.4312973022, -279.263671875], [-104.140907288, 1596.02722168, -79.7259521484, 79.1108932495, 270.347900391, 96.0724563599, 257.003082275, 108.578674316, 87.2741546631, -20.0977039337, 148.698638916, 48.6957397461, 108.351928711], [-1293.94018555, -79.7259521484, 1611.76855469, 334.428161621, 197.033905029, 134.927490234, 54.5960197449, 83.7974395752, 66.9572296143, -16.7473697662, 63.4449996948, 93.9571304321, 40.1626205444], [334.024871826, 79.1108932495, 334.428161621, 612.414855957, 259.897186279, 55.93309021, -106.007301331, 33.8029975891, 150.655883789, 54.8146629333, 62.9579353333, 55.1516799927, 54.1979293823], [-753.657714844, 270.347900391, 197.033905029, 259.897186279, 499.323181152, 168.028167725, 81.7983856201, 47.3291931152, 101.344680786, 80.5460128784, 82.4217681885, 1.98111140728, 61.5925559998], [350.476226807, 96.0724563599, 134.927490234, 55.93309021, 168.028167725, 351.883666992, 233.162826538, 99.2556686401, 9.75936794281, 48.0814933777, 29.2300872803, 8.73195457458, 12.3822546005], [-544.136474609, 257.003082275, 54.5960197449, -106.007301331, 81.7983856201, 233.162826538, 541.96661377, 186.990982056, -45.5194740295, -3.74909830093, 52.8822860718, 31.880657196, 25.5283679962], [324.066680908, 108.578674316, 83.7974395752, 33.8029975891, 47.3291931152, 99.2556686401, 186.990982056, 215.370819092, 66.3017120361, 32.4310150146, 30.6502590179, 24.6640148163, 7.95895051956], [-140.312408447, 87.2741546631, 66.9572296143, 150.655883789, 101.344680786, 9.75936794281, -45.5194740295, 66.3017120361, 233.878479004, 98.8204193115, 46.1914253235, 17.4185276031, 30.6011638641], [253.124862671, -20.0977039337, -16.7473697662, 54.8146629333, 80.5460128784, 48.0814933777, -3.74909830093, 32.4310150146, 98.8204193115, 151.359664917, 58.4637145996, 2.67328691483, 6.96230220795], [-285.904998779, 148.698638916, 63.4449996948, 62.9579353333, 82.4217681885, 29.2300872803, 52.8822860718, 30.6502590179, 46.1914253235, 58.4637145996, 141.157974243, 63.6659393311, 38.5233840942], [90.4312973022, 48.6957397461, 93.9571304321, 55.1516799927, 1.98111140728, 8.73195457458, 31.880657196, 24.6640148163, 17.4185276031, 2.67328691483, 63.6659393311, 130.493408203, 51.7514190674], [-279.263671875, 108.351928711, 40.1626205444, 54.1979293823, 61.5925559998, 12.3822546005, 25.5283679962, 7.95895051956, 30.6011638641, 6.96230220795, 38.5233840942, 51.7514190674, 102.000900269]]}, "spectral_energyband_middle_low": {"dmean2": 0.0153716932982, "median": 0.00999836996198, "min": 1.49695785231e-22, "dvar2": 0.000319824524922, "dvar": 0.000131341934321, "dmean": 0.00972340721637, "max": 0.118954285979, "var": 0.0001860033517, "mean": 0.0139885591343}, "melbands_crest": {"dmean2": 7.49851512909, "median": 15.9925193787, "min": 1.56579339504, "dvar2": 37.3302383423, "dvar": 15.627612114, "dmean": 4.74279499054, "max": 34.7760887146, "var": 40.6146125793, "mean": 16.5355587006}, "spectral_kurtosis": {"dmean2": 2.67309117317, "median": 3.34464502335, "min": -1.2545055151, "dvar2": 7.75065660477, "dvar": 3.28577566147, "dmean": 1.73859405518, "max": 27.9269714355, "var": 7.63018798828, "mean": 3.6522758007}, "spectral_rms": {"dmean2": 0.00186977745034, "median": 0.00551471393555, "min": 3.13791744325e-12, "dvar2": 3.11105918627e-06, "dvar": 1.42182398122e-06, "dmean": 0.00129763665609, "max": 0.011526000686, "var": 5.13229042554e-06, "mean": 0.00531257875264}, "zerocrossingrate": {"dmean2": 0.0271629020572, "median": 0.060546875, "min": 0.001953125, "dvar2": 0.00098842184525, "dvar": 0.000786254706327, "dmean": 0.0232245568186, "max": 0.52490234375, "var": 0.00497340271249, "mean": 0.0803717449307}, "silence_rate_60dB": {"dmean2": 0.0630536749959, "median": 0, "min": 0, "dvar2": 0.0775739550591, "dvar": 0.0305273532867, "dmean": 0.0315227285028, "max": 1, "var": 0.0600837469101, "mean": 0.0642094314098}, "erbbands_kurtosis": {"dmean2": 2.94491887093, "median": -0.0639204978943, "min": -1.90070605278, "dvar2": 20.7040100098, "dvar": 8.42617511749, "dmean": 1.80722236633, "max": 67.9020004272, "var": 11.2367277145, "mean": 0.908842623234}, "erbbands": {"dmean2": [0.187857657671, 1.29776728153, 4.58718681335, 6.45747375488, 15.4385356903, 21.9717292786, 20.6035346985, 54.0668487549, 82.7654953003, 35.2824363708, 45.1251068115, 54.8336334229, 61.5485458374, 46.1179885864, 33.9222831726, 49.6236610413, 46.4576072693, 60.8060264587, 52.4634590149, 55.4034843445, 36.2652778625, 47.9949913025, 23.4721374512, 22.985250473, 16.5342254639, 12.2391757965, 10.195101738, 12.367269516, 16.5227050781, 13.1443300247, 16.9096088409, 8.77133369446, 6.69285297394, 5.33678007126, 4.27590990067, 2.19997620583, 0.541895449162, 0.0882965400815, 0.0099258814007, 0.000268931005849], "median": [0.134953200817, 0.588166475296, 0.836307168007, 1.30907869339, 4.79555082321, 3.84431743622, 4.93002223969, 7.82419919968, 10.8219356537, 6.82254314423, 5.48464679718, 5.3896522522, 5.2535161972, 5.50023841858, 4.04844474792, 5.77654933929, 4.37493133545, 6.85700798035, 7.24758720398, 7.16337013245, 9.93497657776, 13.4989185333, 8.32615852356, 6.45947647095, 3.73226070404, 2.89790010452, 3.09695386887, 3.60014295578, 4.7106294632, 3.34812259674, 2.2386097908, 1.69153761864, 1.13350009918, 0.64327788353, 0.392870813608, 0.191926673055, 0.0609443373978, 0.00959971919656, 0.000489550584462, 6.13636511844e-05], "min": [6.31929460575e-23, 4.37672399556e-22, 1.35778042285e-21, 2.87534927948e-21, 9.68925119097e-21, 2.8247574915e-20, 3.29388457486e-20, 9.22160657037e-20, 1.01358227392e-19, 2.72992168664e-19, 3.42789642901e-19, 4.4876895356e-19, 5.14667744625e-19, 7.68579622442e-19, 9.19277350991e-19, 1.73926738588e-18, 1.65157796914e-18, 2.16447234193e-18, 2.90856535029e-18, 3.30274214118e-18, 5.23591555189e-18, 4.91752504872e-18, 5.36176115592e-18, 5.73273553063e-18, 8.94755809207e-18, 8.08758555849e-18, 9.88582988807e-18, 1.00638019328e-17, 1.21883623965e-17, 1.06143617679e-17, 1.0916596193e-17, 1.14210729691e-17, 9.95057414179e-18, 8.48902044566e-18, 6.80920770029e-18, 3.74785816176e-18, 2.19664449788e-18, 1.00680464033e-18, 2.61248271917e-19, 2.71448591479e-20], "dvar2": [0.172522857785, 9.54836559296, 154.89201355, 226.07244873, 498.088256836, 2387.33105469, 2038.86096191, 11796.4257812, 30392.2460938, 5972.95263672, 9509.73535156, 18730.1953125, 21817.5410156, 14376.1132812, 6999.46289062, 13181.0439453, 10574.4296875, 18771.0371094, 10204.5957031, 10382.9111328, 3497.15014648, 6066.75976562, 1279.6138916, 1258.79040527, 910.264465332, 818.265319824, 390.701660156, 538.842407227, 1113.87915039, 514.930114746, 1031.3795166, 236.169128418, 162.87411499, 113.841499329, 70.1836166382, 17.1497364044, 1.03688538074, 0.0405050478876, 0.000727741396986, 5.19230752616e-07], "dvar": [0.0756760388613, 4.19938135147, 59.4575309753, 79.3220672607, 203.31427002, 956.510986328, 806.503540039, 4711.82128906, 11853.7470703, 2256.7175293, 3702.87670898, 7416.94726562, 9035.69238281, 5887.80273438, 2984.19189453, 5712.80566406, 4952.50244141, 8032.42285156, 4264.49755859, 4684.23242188, 1567.06298828, 2650.27709961, 572.769714355, 594.180603027, 378.870117188, 329.23449707, 164.896255493, 225.397247314, 441.520324707, 218.395767212, 410.461029053, 102.67162323, 72.5387802124, 47.7563476562, 28.5846881866, 7.31713294983, 0.453972548246, 0.0177814885974, 0.00028686519363, 1.96956349896e-07], "dmean": [0.132591724396, 0.885547757149, 2.70115590096, 3.59505295753, 9.58120727539, 13.3449296951, 12.3151254654, 33.1050758362, 49.586856842, 20.8726997375, 26.6037845612, 32.8519973755, 38.7670555115, 29.1172275543, 21.5449924469, 31.8028888702, 30.03058815, 38.2196502686, 33.0715332031, 35.7078704834, 24.0137767792, 30.8771419525, 15.3022727966, 15.280213356, 10.529920578, 7.84640359879, 6.60026407242, 7.90756225586, 10.3937864304, 8.29068470001, 10.3850727081, 5.53409767151, 4.31865787506, 3.35025715828, 2.65057587624, 1.3772059679, 0.345409482718, 0.056565977633, 0.00606105104089, 0.000164651442901], "max": [3.32847189903, 23.5125675201, 63.7479248047, 69.3083190918, 241.101852417, 378.166442871, 619.178710938, 898.297607422, 1493.78198242, 720.377258301, 1201.61181641, 2297.8203125, 1296.83166504, 1682.55310059, 874.040405273, 1335.56408691, 2259.94970703, 1528.2956543, 1178.4901123, 940.365722656, 521.572631836, 696.921142578, 417.905578613, 566.168884277, 241.515289307, 303.356842041, 185.538711548, 161.644439697, 231.564208984, 211.012710571, 177.244171143, 129.979263306, 121.785209656, 87.9284057617, 56.059009552, 32.1483345032, 11.6891565323, 2.528891325, 0.194821730256, 0.00568342674524], "var": [0.216178432107, 5.77841663361, 46.5797233582, 53.3511390686, 251.281799316, 864.268432617, 777.663024902, 4641.62109375, 10764.2666016, 1945.58398438, 3339.14379883, 6972.35107422, 10629.9404297, 6862.69970703, 3503.11962891, 7092.01416016, 6989.18310547, 8926.88378906, 4713.83984375, 5667.56933594, 2048.39086914, 3191.89868164, 805.984802246, 896.173583984, 450.020812988, 340.27911377, 208.66027832, 283.598114014, 460.252288818, 276.484924316, 440.43057251, 153.8802948, 116.516090393, 54.2137260437, 30.2979297638, 8.33888530731, 0.542616426945, 0.0196254141629, 0.000237959728111, 1.5580120305e-07], "mean": [0.3945954144, 1.56056189537, 2.78456187248, 3.36721253395, 10.9717149734, 12.9225330353, 13.0965938568, 32.2020568848, 46.4990882874, 20.4565258026, 24.5266075134, 30.779460907, 40.4254112244, 31.3468399048, 22.8693084717, 34.6559028625, 33.4591751099, 39.1998901367, 34.1383705139, 37.257850647, 27.828742981, 34.8740692139, 18.5540542603, 17.5808486938, 11.786781311, 8.6134519577, 7.89178752899, 9.5763502121, 11.7435712814, 9.71270465851, 10.7635269165, 6.9029045105, 5.24156713486, 3.41616773605, 2.56500387192, 1.35910856724, 0.354197859764, 0.0580544546247, 0.00517349271104, 0.000170180312125]}, "spectral_strongpeak": {"dmean2": 0.879015147686, "median": 0.360387206078, "min": 0, "dvar2": 1.6210258007, "dvar": 0.656895637512, "dmean": 0.522890746593, "max": 8.04477119446, "var": 0.762303709984, "mean": 0.733662247658}, "spectral_energy": {"dmean2": 0.0226341485977, "median": 0.0311723724008, "min": 1.00926891477e-20, "dvar2": 0.000558427360374, "dvar": 0.000235048020841, "dmean": 0.0150780556723, "max": 0.136169910431, "var": 0.000565674505197, "mean": 0.0341896601021}, "average_loudness": 0.977245032787, "spectral_rolloff": {"dmean2": 2183.17138672, "median": 1227.39257812, "min": 64.599609375, "dvar2": 10404481, "dvar": 4605013, "dmean": 1287.29724121, "max": 19358.3496094, "var": 9145411, "mean": 2162.35986328}, "spectral_centroid": {"dmean2": 712.856811523, "median": 1229.35754395, "min": 169.427871704, "dvar2": 496491.6875, "dvar": 230869.671875, "dmean": 476.860961914, "max": 11644.4970703, "var": 1320800.5, "mean": 1406.73022461}, "pitch_salience": {"dmean2": 0.160835906863, "median": 0.532281160355, "min": 0.054722353816, "dvar2": 0.0193126108497, "dvar": 0.0078396461904, "dmean": 0.101020865142, "max": 0.916282892227, "var": 0.0185733046383, "mean": 0.530248403549}, "spectral_energyband_middle_high": {"dmean2": 0.00661140587181, "median": 0.00309335719794, "min": 1.21980241537e-21, "dvar2": 6.39527206658e-05, "dvar": 3.27861926053e-05, "dmean": 0.00458442652598, "max": 0.060412298888, "var": 6.62097445456e-05, "mean": 0.00639628292993}, "spectral_contrast_coeffs": {"dmean2": [0.105327390134, 0.118255838752, 0.0815107822418, 0.0721135139465, 0.0575991384685, 0.0442025326192], "median": [-0.655432641506, -0.712594985962, -0.780303835869, -0.785083174706, -0.784175693989, -0.785875082016], "min": [-0.979517042637, -0.976348042488, -0.977217257023, -0.97004878521, -0.965287983418, -0.964548230171], "dvar2": [0.00738365389407, 0.00914149731398, 0.00429467717186, 0.0034991633147, 0.00220301211812, 0.00133931182791], "dvar": [0.00324513483793, 0.00374190020375, 0.00184454629198, 0.00174531829543, 0.00108726520557, 0.000649468682241], "dmean": [0.0672464743257, 0.0744571313262, 0.0519564822316, 0.0484898425639, 0.0380881354213, 0.0305660422891], "max": [-0.212749764323, -0.346609443426, -0.4236369133, -0.514436304569, -0.569638311863, -0.578765630722], "var": [0.0140548497438, 0.0092623019591, 0.00501660024747, 0.00506824627519, 0.00314576085657, 0.00237086368725], "mean": [-0.639815628529, -0.703159451485, -0.77487641573, -0.775000751019, -0.778839111328, -0.783720433712]}, "melbands_skewness": {"dmean2": 2.34377217293, "median": 2.7107591629, "min": -1.30851387978, "dvar2": 6.2290263176, "dvar": 3.00405263901, "dmean": 1.61983668804, "max": 23.4116573334, "var": 6.35489225388, "mean": 3.29181027412}, "spectral_spread": {"dmean2": 2230907.25, "median": 5575887, "min": 2167185.75, "dvar2": 5725100703740.0, "dvar": 2944216858620.0, "dmean": 1491020.75, "max": 42983488, "var": 16718555512800.0, "mean": 6625201.5}, "dissonance": {"dmean2": 0.039883274585, "median": 0.469308793545, "min": 0.225594893098, "dvar2": 0.00149182393216, "dvar": 0.000568110321183, "dmean": 0.0240158550441, "max": 0.500000059605, "var": 0.000943215971347, "mean": 0.461795389652}, "spectral_skewness": {"dmean2": 0.494672477245, "median": 1.53359246254, "min": -0.083891518414, "dvar2": 0.202050328255, "dvar": 0.0901839956641, "dmean": 0.327853620052, "max": 4.59549427032, "var": 0.262986600399, "mean": 1.54672145844}, "spectral_flux": {"dmean2": 0.0585334077477, "median": 0.120542496443, "min": 6.31614482938e-11, "dvar2": 0.00261141639203, "dvar": 0.00123666482978, "dmean": 0.0381858050823, "max": 0.326599359512, "var": 0.00358105031773, "mean": 0.120492815971}, "spectral_contrast_valleys": {"dmean2": [0.747806489468, 1.00355195999, 0.890415072441, 0.853067934513, 0.73071116209, 0.792347788811], "median": [-7.11581325531, -6.80373096466, -7.52961063385, -7.67525911331, -7.55955791473, -9.54427146912], "min": [-28.0079135895, -28.0750656128, -27.7523365021, -27.6029090881, -27.5711288452, -27.4214515686], "dvar2": [0.448117703199, 0.721550941467, 0.594118237495, 0.569340765476, 0.449188500643, 0.57771730423], "dvar": [0.231514289975, 0.303534626961, 0.28803768754, 0.266486495733, 0.226450607181, 0.28692933917], "dmean": [0.491533875465, 0.638719022274, 0.61886626482, 0.595879614353, 0.534387886524, 0.574443101883], "max": [-5.13961791992, -4.5094332695, -4.75417280197, -5.54572534561, -5.72213554382, -7.2809844017], "var": [5.33296775818, 4.72993421555, 4.73634052277, 4.51626873016, 4.43046140671, 4.06427145004], "mean": [-7.6738114357, -7.08414077759, -7.73114061356, -7.96850252151, -7.91309070587, -9.7499961853]}, "erbbands_flatness_db": {"dmean2": 0.0447005629539, "median": 0.137712463737, "min": 0.0365991406143, "dvar2": 0.00134927907493, "dvar": 0.000706894090399, "dmean": 0.0306114386767, "max": 0.339443743229, "var": 0.00221351999789, "mean": 0.138567999005}, "spectral_energyband_high": {"dmean2": 0.00242260168307, "median": 0.000673062750138, "min": 7.05636195841e-21, "dvar2": 1.66423578776e-05, "dvar": 7.17295461072e-06, "dmean": 0.00156337406952, "max": 0.0309160985053, "var": 9.76586034085e-06, "mean": 0.00188727094792}, "spectral_entropy": {"dmean2": 0.455782294273, "median": 7.71697616577, "min": 5.06220149994, "dvar2": 0.183072865009, "dvar": 0.0858383029699, "dmean": 0.301814645529, "max": 9.81868934631, "var": 0.264468997717, "mean": 7.74250602722}, "silence_rate_20dB": {"dmean2": 0, "median": 1, "min": 1, "dvar2": 0, "dvar": 0, "dmean": 0, "max": 1, "var": 0, "mean": 1}, "melbands_flatness_db": {"dmean2": 0.0660299435258, "median": 0.198733404279, "min": 0.00313233700581, "dvar2": 0.00347245414741, "dvar": 0.00170905294362, "dmean": 0.0467982664704, "max": 0.589749515057, "var": 0.0065398728475, "mean": 0.205611988902}, "barkbands": {"dmean2": [0.000313955824822, 0.00567575637251, 0.00458134757355, 0.00237823696807, 0.00582901574671, 0.00518027041107, 0.00478580547497, 0.00176987005398, 0.00236018933356, 0.00196583755314, 0.000922241713852, 0.00118608854245, 0.00107114296407, 0.00121545966249, 0.00112380413339, 0.000748963677324, 0.000882200605702, 0.000391738634789, 0.000418932031607, 0.000248403899604, 0.000279680651147, 0.000430297950516, 0.000544251990505, 0.000399367301725, 0.000529783370439, 0.000358973484254, 5.19130953762e-05], "median": [0.000135554422741, 0.00431071035564, 0.000669674307574, 0.000461212359369, 0.00167043693364, 0.000918837846257, 0.00054485083092, 0.000218732137, 0.000203859963221, 0.000154837660375, 0.000100032964838, 0.000126561615616, 7.05345883034e-05, 0.00012098098523, 0.000130243395688, 0.000133794063004, 0.000240120629314, 0.000124553131172, 9.53156704782e-05, 5.76521924813e-05, 8.22829024401e-05, 0.000130340864416, 8.21730936877e-05, 7.41491749068e-05, 5.56963714189e-05, 3.65297819371e-05, 3.03495835396e-06], "min": [5.35826423604e-25, 1.56067768172e-24, 1.31554546631e-24, 3.87262911729e-25, 9.23682992608e-24, 7.13636154818e-24, 2.43597683734e-24, 5.94464752247e-24, 1.60778861276e-23, 1.47294609387e-23, 1.26376384763e-23, 2.70064953181e-23, 2.44202605942e-23, 3.55616003273e-23, 4.49290679859e-23, 7.10607102492e-23, 7.31388286199e-23, 1.06434855137e-22, 1.13228298061e-22, 1.45770602693e-22, 2.77700773333e-22, 3.52071171599e-22, 4.13332973538e-22, 5.86056504739e-22, 8.45177748354e-22, 1.10076080566e-21, 1.8690543779e-21], "dvar2": [3.48131351302e-07, 0.000172027255758, 0.000163861113833, 2.03011277335e-05, 9.28918379941e-05, 9.77872987278e-05, 0.000109896966023, 1.38580662679e-05, 2.90290881821e-05, 2.37852491409e-05, 5.49090918867e-06, 7.88600573287e-06, 6.13823658568e-06, 6.94390519129e-06, 4.5096339818e-06, 1.88862725281e-06, 1.94648191609e-06, 4.02084140205e-07, 4.80214907839e-07, 3.20119113439e-07, 2.85468843231e-07, 6.8766445338e-07, 9.80922322924e-07, 5.54505959371e-07, 1.07787354864e-06, 4.4728164994e-07, 1.93262756909e-08], "dvar": [1.69496331637e-07, 7.2765047662e-05, 5.92895339651e-05, 7.23490120436e-06, 3.94862690882e-05, 3.9293019654e-05, 4.19706921093e-05, 5.49351670998e-06, 1.15760285553e-05, 9.92263085209e-06, 2.20615766011e-06, 3.37746041623e-06, 2.70392001767e-06, 2.93372477245e-06, 1.93453843167e-06, 8.43201632961e-07, 8.5632268565e-07, 1.76830823762e-07, 2.2055345994e-07, 1.29034432916e-07, 1.20133847759e-07, 2.76043067515e-07, 3.96771469013e-07, 2.46631799428e-07, 4.44639056241e-07, 1.94940554366e-07, 7.71727304283e-09], "dmean": [0.000212636834476, 0.00390735873953, 0.00256666191854, 0.00135902466718, 0.00365545065142, 0.0031800493598, 0.00283284578472, 0.00104174914304, 0.00140786566772, 0.00123751442879, 0.000566685455851, 0.000754268490709, 0.000669974077027, 0.000757209316362, 0.000702990917489, 0.000485877419123, 0.00056668423349, 0.000253082660493, 0.000272956298431, 0.00015953030379, 0.000179471244337, 0.000272871315246, 0.000336333003361, 0.000255924765952, 0.00033126573544, 0.000228091172175, 3.19517748721e-05], "max": [0.0041797417216, 0.0924803689122, 0.061637789011, 0.0300797764212, 0.0862100273371, 0.0787258148193, 0.112892985344, 0.0441385395825, 0.0764016136527, 0.046549052, 0.026414996013, 0.035763759166, 0.0426579453051, 0.029598556459, 0.0186028592288, 0.0132943335921, 0.0126163018867, 0.00673877540976, 0.00697125447914, 0.00607532216236, 0.00402334751561, 0.00552541948855, 0.00580071471632, 0.00669351266697, 0.00739381927997, 0.00705907959491, 0.00122849247418], "var": [6.52904475373e-07, 0.000134693196742, 3.89479100704e-05, 5.7514580476e-06, 4.50105180789e-05, 4.00988938054e-05, 3.63080762327e-05, 5.03547062181e-06, 1.11831150207e-05, 1.2096725186e-05, 2.23930305765e-06, 4.06385970564e-06, 3.35751406055e-06, 3.15068723467e-06, 2.14753163164e-06, 1.00990985175e-06, 1.06040977244e-06, 2.43850792003e-07, 2.99150684668e-07, 1.36362629632e-07, 1.50210169636e-07, 3.0671489526e-07, 4.42225967845e-07, 3.98994075113e-07, 4.88999262416e-07, 2.3300449925e-07, 6.60168097966e-09