{"tonal": {"thpcp": [1, 0.834658622742, 0.408019781113, 0.27638143301, 0.275898009539, 0.545387208462, 0.84564268589, 0.695092201233, 0.377814233303, 0.248673796654, 0.266237556934, 0.487278431654, 0.720302045345, 0.599639952183, 0.474483311176, 0.54364156723, 0.39945179224, 0.210088938475, 0.211566582322, 0.29042339325, 0.584463238716, 0.881408751011, 0.716972410679, 0.408746212721, 0.295771449804, 0.227882429957, 0.338993996382, 0.689207196236, 0.722137510777, 0.413561522961, 0.220339164138, 0.199746266007, 0.338809460402, 0.52163785696, 0.563637197018, 0.687088310719], "hpcp": {"dmean2": [0.229565382004, 0.276824355125, 0.320663005114, 0.357401311398, 0.329193085432, 0.22266048193, 0.174577489495, 0.168080434203, 0.262193590403, 0.298905342817, 0.251114875078, 0.186554640532, 0.155204743147, 0.166558817029, 0.221990838647, 0.277826845646, 0.243658736348, 0.194325104356, 0.193190664053, 0.171509310603, 0.129602134228, 0.12604264915, 0.176947981119, 0.270899951458, 0.308837264776, 0.291239410639, 0.221752122045, 0.170364022255, 0.144847810268, 0.160236299038, 0.228284090757, 0.243212193251, 0.18511235714, 0.138639599085, 0.141823709011, 0.190806657076], "median": [0.0479661896825, 0.0623506456614, 0.101097986102, 0.154088184237, 0.112739712, 0.047041233629, 0.0212752260268, 0.0244921371341, 0.0527091398835, 0.0997948646545, 0.0864787176251, 0.0375927761197, 0.0199697185308, 0.0182378683239, 0.0512704066932, 0.0971012488008, 0.0817523673177, 0.0557619258761, 0.0305626839399, 0.0231291167438, 0.0139925032854, 0.0131888603792, 0.0249819625169, 0.0771083757281, 0.136059060693, 0.0921753570437, 0.0322291217744, 0.0157843176275, 0.0123184686527, 0.0253607090563, 0.0581963509321, 0.0691334009171, 0.0363923311234, 0.0141311073676, 0.012483666651, 0.0281652882695], "min": [0, 0, 0, 0, 0, 0, 0, 0, 0, 0, 0, 0, 0, 0, 0, 0, 0, 0, 0, 0, 0, 0, 0, 0, 0, 0, 0, 0, 0, 0, 0, 0, 0, 0, 0, 0], "dvar2": [0.108974479139, 0.128925189376, 0.146121874452, 0.152452632785, 0.146809026599, 0.102760910988, 0.10032980144, 0.0805437639356, 0.1146678105, 0.130838930607, 0.101395606995, 0.0818472355604, 0.0838211849332, 0.0930875763297, 0.102405250072, 0.121495217085, 0.0943158343434, 0.0710663497448, 0.0854879021645, 0.082784190774, 0.0623912811279, 0.0642219856381, 0.0852564647794, 0.127212703228, 0.12569577992, 0.128586634994, 0.10528767854, 0.0983634293079, 0.0801726654172, 0.070601478219, 0.101815395057, 0.111702106893, 0.0790666118264, 0.0668898895383, 0.0707132741809, 0.102189540863], "dvar": [0.0414247438312, 0.0485774800181, 0.0543735213578, 0.0611198320985, 0.0559645742178, 0.0387087650597, 0.0370486266911, 0.02946613729, 0.0461580529809, 0.0577170066535, 0.0396185405552, 0.0304759144783, 0.030606970191, 0.0336389839649, 0.0384343974292, 0.04752619192, 0.0380855314434, 0.0282910373062, 0.0353715233505, 0.0317978560925, 0.0230125952512, 0.0239216107875, 0.0307263601571, 0.0471359416842, 0.050207849592, 0.0499230772257, 0.0396066904068, 0.0369135774672, 0.0294511634856, 0.0264069214463, 0.0413082279265, 0.0454262346029, 0.0316850394011, 0.0246605891734, 0.0252278279513, 0.0369087345898], "dmean": [0.131545171142, 0.158111393452, 0.184070065618, 0.209276244044, 0.191242188215, 0.125991165638, 0.0967002883554, 0.0929779410362, 0.153116464615, 0.180354177952, 0.14820882678, 0.106296092272, 0.086284764111, 0.093202881515, 0.128877744079, 0.163157492876, 0.142705947161, 0.112790152431, 0.114214479923, 0.0998279005289, 0.072770498693, 0.0708722919226, 0.0997105538845, 0.157362565398, 0.180642798543, 0.169437929988, 0.126459032297, 0.0957758873701, 0.0809309333563, 0.0928731784225, 0.136083737016, 0.145476162434, 0.109163567424, 0.0780319869518, 0.0776900798082, 0.106514386833], "max": [1, 1, 1, 1, 1, 1, 1, 1, 1, 1, 1, 1, 1, 1, 1, 1, 1, 1, 1, 1, 1, 1, 1, 1, 1, 1, 1, 1, 1, 1, 1, 1, 1, 1, 1, 1], "var": [0.0641942024231, 0.0613828897476, 0.0662340596318, 0.109910920262, 0.0922728776932, 0.037689909339, 0.0317982695997, 0.0261795036495, 0.0581000186503, 0.105266176164, 0.0757690966129, 0.0362918972969, 0.0253172777593, 0.0286511871964, 0.0513250231743, 0.0775437802076, 0.0578920468688, 0.0432189032435, 0.074732542038, 0.0468664653599, 0.0209709536284, 0.0230066850781, 0.0272874031216, 0.0577627047896, 0.095795571804, 0.0786975696683, 0.0440610051155, 0.0383449345827, 0.0255766026676, 0.0307809151709, 0.0872520580888, 0.0899625793099, 0.0443098694086, 0.0216705016792, 0.0188601911068, 0.0351589918137], "mean": [0.160379365087, 0.173292204738, 0.21124766767, 0.307453453541, 0.25661867857, 0.12544709444, 0.0849744230509, 0.0848257914186, 0.167681187391, 0.259995758533, 0.213708505034, 0.116160288453, 0.0764556154609, 0.0818556547165, 0.149815440178, 0.221459358931, 0.184361383319, 0.145881533623, 0.167144477367, 0.122812837362, 0.0645925700665, 0.0650468766689, 0.0892916768789, 0.179695248604, 0.270992159843, 0.220435649157, 0.125670433044, 0.0909359529614, 0.0700632408261, 0.104224875569, 0.211899131536, 0.222023665905, 0.127150923014, 0.0677440389991, 0.0614126771688, 0.104168139398]}, "tuning_equal_tempered_deviation": 0.0889872536063, "chords_changes_rate": 0.0725412666798, "key_key": "A#", "tuning_diatonic_strength": 0.737989425659, "key_scale": "major", "chords_number_rate": 0.00232504075393, "tuning_frequency": 440.763122559, "tuning_nontempered_energy_ratio": 0.79822576046, "chords_histogram": [34.2943496704, 10.4859333038, 8.57940006256, 0.88351547718, 0.51150894165, 0, 1.0230178833, 0.372006505728, 0.162752851844, 0, 1.16252028942, 0, 0, 0, 0, 0, 0.325505703688, 1.95303416252, 0, 3.46431064606, 0.162752851844, 8.62590122223, 19.8558483124, 8.13764286041], "key_strength": 0.851612746716, "chords_key": "A#", "chords_strength": {"dmean2": 0.0126207973808, "median": 0.544316232204, "min": -1, "dvar2": 0.00113679468632, "dvar": 0.000622319756076, "dmean": 0.0128979915753, "max": 0.875457167625, "var": 0.0362465195358, "mean": 0.531809329987}, "chords_scale": "major", "hpcp_entropy": {"dmean2": 1.09311389923, "median": 2.04737663269, "min": 0, "dvar2": 0.827773153782, "dvar": 0.301197558641, "dmean": 0.64772361517, "max": 4.31989097595, "var": 0.622276604176, "mean": 1.9811578989}}, "metadata": {"audio_properties": {"equal_loudness": 0, "codec": "flac", "downmix": "mix", "sample_rate": 44100, "analysis_sample_rate": 44100, "bit_rate": 0, "md5_encoded": "7b1bf1a5a161b468875a0ace5aca80c6", "length": 199.666671753, "replay_gain": -12.6565284729, "lossless": true}, "version": {"essentia_build_sha": "2d9f1f26377add8aeb1075a9c2973f962c4f09fd", "essentia": "2.1-beta2", "extractor": "music 1.0", "essentia_git_sha": "v2.1_beta2-1-ge3940c0"}, "tags": {"title": ["Everybody Plays the Fool"], "media": ["CD"], "albumartist": ["Various Artists"], "tracktotal": ["21"], "musicbrainz_releasegroupid": ["9aa31a99-7806-31c5-ada0-2b4d3c8532f2"], "releasetype": ["album", "compilation"], "musicbrainz_recordingid": ["1bde1976-0a82-498f-a7a1-6dd2b1c2cbdc"], "mood": ["Smooth"], "musicbrainz_albumartistid": ["89ad4ac3-39f7-470e-963a-56509c546377"], "originalyear": ["1995"], "musicbrainz_releasetrackid": ["f7b7c506-38a5-3395-946e-7fa308b0dcac"], "discnumber": ["1"], "catalognumber": ["AM1-07", "OPCD-2650A"], "releasecountry": ["US"], "file_name": "14 - The Main Ingredient - Everybody Plays the Fool.flac", "compilation": ["1"], "originaldate": ["1995"], "albumartistsort": ["Various Artists"], "date": ["1995"], "genre": ["Soul"], "musicbrainz_albumid": ["0fc3f041-33aa-4150-a6b9-7dee63692d67"], "disctotal": ["1"], "musicbrainz_artistid": ["ee06187e-f6db-46e0-8164-be626127673d"], "asin": ["B000A350ZC"], "grouping": ["Soul"], "artist": ["The Main Ingredient"], "tracknumber": ["14"], "artistsort": ["Main Ingredient, The"], "album": ["AM Gold: 1972"], "label": ["Time-Life Music", "Warner Special Products"], "releasestatus": ["official"], "totaldiscs": ["1"], "script": ["Latn"], "totaltracks": ["21"]}}, "rhythm": {"bpm_histogram_first_peak_bpm": {"dmean2": 0, "median": 167, "min": 167, "dvar2": 0, "dvar": 0, "dmean": 0, "max": 167, "var": 0, "mean": 167}, "bpm": 166.132202148, "bpm_histogram_second_peak_spread": {"dmean2": 0, "median": 0, "min": 0, "dvar2": 0, "dvar": 0, "dmean": 0, "max": 0, "var": 0, "mean": 0}, "bpm_histogram_first_peak_weight": {"dmean2": 0, "median": 0.741410493851, "min": 0.741410493851, "dvar2": 0, "dvar": 0, "dmean": 0, "max": 0.741410493851, "var": 0, "mean": 0.741410493851}, "onset_rate": 4.17668247223, "beats_position": [0.325079351664, 0.66176867485, 0.99845802784, 1.34675729275, 1.69505667686, 2.0549659729, 2.41487526894, 2.76317453384, 3.12308382988, 3.48299312592, 3.85451245308, 4.21442174911, 4.57433080673, 4.93424034119, 5.2941493988, 5.65405893326, 6.01396799088, 6.37387752533, 6.73378658295, 7.0936961174, 7.45360517502, 7.81351470947, 8.17342376709, 8.52172279358, 8.87002277374, 9.22993183136, 9.58984088898, 9.94974994659, 10.3096599579, 10.6695690155, 11.0294780731, 11.3893871307, 11.749297142, 12.1092061996, 12.4691152573, 12.8174142838, 13.177324295, 13.5372333527, 13.8971424103, 14.2570514679, 14.6053514481, 14.9536504745, 15.3251695633, 15.6850786209, 16.0449886322, 16.4048976898, 16.7648067474, 17.1247158051, 17.4846248627, 17.8445339203, 18.2044448853, 18.5527439117, 18.9126529694, 19.272562027, 19.6440811157, 19.9923801422, 20.3522891998, 20.7121982574, 21.0837192535, 21.4436283112, 21.8035373688, 22.1634464264, 22.523355484, 22.8832645416, 23.2431735992, 23.6030826569, 23.9629936218, 24.3229026794, 24.6828117371, 25.0427207947, 25.4026298523, 25.7509288788, 26.1108379364, 26.470746994, 26.830657959, 27.1905670166, 27.5504760742, 27.9103851318, 28.2819042206, 28.6418132782, 29.0017223358, 29.3616313934, 29.7215423584, 30.0698413849, 30.4181404114, 30.778049469, 31.1379585266, 31.4978675842, 31.8577766418, 32.2060775757, 32.5659866333, 32.9258956909, 33.2858047485, 33.6457138062, 34.0056228638, 34.3655319214, 34.725440979, 35.0853500366, 35.4336509705, 35.7819480896, 36.1302490234, 36.4901580811, 36.8500671387, 37.2099761963, 37.5698852539, 37.9297943115, 38.2897033691, 38.6496124268, 39.0095214844, 39.369430542, 39.7293434143, 40.0892524719, 40.4491615295, 40.8090705872, 41.1689796448, 41.5172767639, 41.8771858215, 42.2370948792, 42.5970077515, 42.9569168091, 43.3168258667, 43.6767349243, 44.0482521057, 44.4197731018, 44.7796821594, 45.1279792786, 45.4878921509, 45.83618927, 46.2077102661, 46.5676193237, 46.9391365051, 47.2990455627, 47.6589546204, 48.018863678, 48.3671646118, 48.7270736694, 49.0869827271, 49.4585037231, 49.8300209045, 50.1899299622, 50.5498390198, 50.9097480774, 51.269657135, 51.6295700073, 51.9894790649, 52.3493881226, 52.7092971802, 53.0692062378, 53.4291152954, 53.789024353, 54.1489334106, 54.5088424683, 54.8687515259, 55.2286605835, 55.5885696411, 55.9484786987, 56.3083877563, 56.668296814, 57.0282058716, 57.3881187439, 57.7480278015, 58.1079368591, 58.4678459167, 58.8277549744, 59.187664032, 59.5475730896, 59.9074821472, 60.2673912048, 60.6156921387, 60.9756011963, 61.3355102539, 61.6954193115, 62.0437164307, 62.4036254883, 62.7519264221, 63.100227356, 63.4601364136, 63.8200454712, 64.1799545288, 64.5398635864, 64.899772644, 65.2596817017, 65.6195907593, 65.9794998169, 66.3394088745, 66.6993179321, 67.0592269897, 67.4191360474, 67.779045105, 68.1273422241, 68.4872512817, 68.8471679688, 69.2070770264, 69.566986084, 69.9384994507, 70.2984085083, 70.6583175659, 71.0182266235, 71.3781356812, 71.7380523682, 72.0979614258, 72.4578704834, 72.817779541, 73.1776885986, 73.5375976563, 73.8975067139, 74.2574157715, 74.6173248291, 74.9772338867, 75.3371429443, 75.697052002, 76.068572998, 76.4284820557, 76.7999954224, 77.15990448, 77.5198135376, 77.8797302246, 78.2512435913, 78.6111526489, 78.9710617065, 79.3425827026, 79.7024917603, 80.0740127563, 80.4223098755, 80.7822189331, 81.1421279907, 81.5020370483, 81.861946106, 82.2334671021, 82.5933761597, 82.9532852173, 83.3131942749, 83.6731033325, 84.0214080811, 84.3813171387, 84.7412261963, 85.1011352539, 85.4726486206, 85.8441696167, 86.2040786743, 86.5755996704, 86.935508728, 87.2954177856, 87.6669387817, 88.0268478394, 88.386756897, 88.7466659546, 89.1065750122, 89.4664840698, 89.8263931274, 90.1863021851, 90.5462112427, 90.9061203003, 91.2660293579, 91.6259384155, 91.9858474731, 92.3457565308, 92.7056655884, 93.065574646, 93.4254837036, 93.7853927612, 94.1569137573, 94.5168228149, 94.8767318726, 95.2482528687, 95.6081619263, 95.9680709839, 96.3279800415, 96.6995010376, 97.0594100952, 97.4193191528, 97.7792282104, 98.1391372681, 98.4990463257, 98.8705673218, 99.2304763794, 99.5787734985, 99.9270706177, 100.286979675, 100.646888733, 101.006797791, 101.378318787, 101.749839783, 102.10974884, 102.469657898, 102.829566956, 103.189476013, 103.560997009, 103.932518005, 104.292427063, 104.652336121, 105.012245178, 105.372154236, 105.732063293, 106.091972351, 106.463493347, 106.835006714, 107.194915771, 107.554824829, 107.914733887, 108.286254883, 108.64616394, 109.006072998, 109.365982056, 109.725891113, 110.097412109, 110.468933105, 110.828842163, 111.188751221, 111.548660278, 111.908569336, 112.268478394, 112.628387451, 112.988296509, 113.359817505, 113.719726563, 114.07963562, 114.439544678, 114.799453735, 115.147750854, 115.496055603, 115.855964661, 116.227478027, 116.587387085, 116.947296143, 117.3072052, 117.678726196, 118.038635254, 118.398544312, 118.758453369, 119.118362427, 119.466667175, 119.826576233, 120.186485291, 120.546394348, 120.906303406, 121.266212463, 121.626121521, 121.986030579, 122.345939636, 122.705848694, 123.065757751, 123.425666809, 123.785575867, 124.145484924, 124.505393982, 124.876914978, 125.225212097, 125.585121155, 125.945030212, 126.30493927, 126.664848328, 127.036369324, 127.396278381, 127.767799377, 128.127700806, 128.487609863, 128.847518921, 129.207427979, 129.567337036, 129.927261353, 130.29876709, 130.670288086, 131.030197144, 131.390106201, 131.750015259, 132.109924316, 132.469833374, 132.829742432, 133.189651489, 133.561172485, 133.921081543, 134.280990601, 134.640899658, 135.000808716, 135.372329712, 135.743850708, 136.103759766, 136.463668823, 136.835189819, 137.206710815, 137.566619873, 137.926528931, 138.286437988, 138.646347046, 139.017868042, 139.389389038, 139.749298096, 140.109207153, 140.469116211, 140.829025269, 141.177322388, 141.537231445, 141.897140503, 142.257049561, 142.616958618, 142.976867676, 143.336776733, 143.696685791, 144.056594849, 144.428115845, 144.776412964, 145.136322021, 145.496231079, 145.844528198, 146.204437256, 146.564346313, 146.924255371, 147.284164429, 147.644073486, 148.003982544, 148.363891602, 148.723800659, 149.083709717, 149.443618774, 149.791931152, 150.15184021, 150.500137329, 150.860046387, 151.219955444, 151.579864502, 151.93977356, 152.299682617, 152.647979736, 153.007888794, 153.367797852, 153.727706909, 154.076004028, 154.435913086, 154.795822144, 155.155731201, 155.515640259, 155.875549316, 156.235458374, 156.595367432, 156.943664551, 157.291976929, 157.640274048, 158.000183105, 158.360092163, 158.720001221, 159.079910278, 159.428207397, 159.788116455, 160.148025513, 160.50793457, 160.867843628, 161.216140747, 161.576049805, 161.935958862, 162.29586792, 162.655776978, 163.004074097, 163.363983154, 163.723892212, 164.08380127, 164.443710327, 164.803619385, 165.163528442, 165.51184082, 165.860137939, 166.208435059, 166.568344116, 166.928253174, 167.288162231, 167.636459351, 167.996368408, 168.344665527, 168.704574585, 169.064483643, 169.4243927, 169.772689819, 170.132598877, 170.492507935, 170.852416992, 171.20072937, 171.549026489, 171.908935547, 172.268844604, 172.628753662, 172.98866272, 173.348571777, 173.708480835, 174.056777954, 174.416687012, 174.764984131, 175.124893188, 175.473190308, 175.821487427, 176.181396484, 176.541305542, 176.9012146, 177.261123657, 177.609436035, 177.957733154, 178.306030273, 178.665939331, 179.025848389, 179.385757446, 179.734054565, 180.093963623, 180.442260742, 180.8021698, 181.162078857, 181.510375977, 181.870285034, 182.230194092, 182.590103149, 182.938415527, 183.286712646, 183.646621704, 183.994918823, 184.354827881, 184.703125, 185.063034058, 185.411331177, 185.759628296, 186.119537354, 186.479446411, 186.839355469, 187.199264526, 187.547576904, 187.895874023, 188.244171143, 188.6040802, 188.963989258, 189.312286377, 189.660583496, 190.020492554, 190.380401611, 190.740310669, 191.100219727, 191.448516846, 191.796829224, 192.145126343, 192.493423462, 192.85333252, 193.213241577, 193.573150635, 193.921447754, 194.281356812, 194.629653931, 194.989562988, 195.337860107, 195.697769165, 196.046066284, 196.405975342, 196.765899658, 197.172241211, 197.578598022, 197.973327637, 198.379684448, 198.786026001, 199.192382813], "beats_loudness": {"dmean2": 0.0229924637824, "median": 0.0200101546943, "min": 0, "dvar2": 0.000352587579982, "dvar": 0.000118871437735, "dmean": 0.0126772997901, "max": 0.0840096324682, "var": 0.000227698168601, "mean": 0.0224789381027}, "danceability": 1.06108427048, "bpm_histogram_second_peak_weight": {"dmean2": 0, "median": 0.151898726821, "min": 0.151898726821, "dvar2": 0, "dvar": 0, "dmean": 0, "max": 0.151898726821, "var": 0, "mean": 0.151898726821}, "beats_count": 554, "bpm_histogram_second_peak_bpm": {"dmean2": 0, "median": 172, "min": 172, "dvar2": 0, "dvar": 0, "dmean": 0, "max": 172, "var": 0, "mean": 172}, "bpm_histogram_first_peak_spread": {"dmean2": 0, "median": 0, "min": 0, "dvar2": 0, "dvar": 0, "dmean": 0, "max": 0, "var": 0, "mean": 0}, "beats_loudness_band_ratio": {"dmean2": [0.17970085144, 0.405929386616, 0.182738363743, 0.211613968015, 0.176089957356, 0.124182865024], "median": [0.0640051364899, 0.365656346083, 0.105551898479, 0.100709095597, 0.0984416753054, 0.0660986751318], "min": [0, 0, 0, 0, 0, 0], "dvar2": [0.049497127533, 0.103009939194, 0.0350713506341, 0.0534515790641, 0.0274276435375, 0.0303359888494], "dvar": [0.0188398957253, 0.0347522124648, 0.0128027433529, 0.0195842124522, 0.00953600276262, 0.0101806204766], "dmean": [0.101995706558, 0.231544569135, 0.108029462397, 0.121198602021, 0.100062727928, 0.0695947930217], "max": [0.91884547472, 0.94685447216, 0.743116259575, 0.771799683571, 0.586746037006, 0.839725971222], "var": [0.0209946408868, 0.0671033412218, 0.0207100138068, 0.0243413913995, 0.0134038850665, 0.00789762474597], "mean": [0.112027227879, 0.408334195614, 0.149785876274, 0.153400972486, 0.13383628428, 0.0869836062193]}}, "lowlevel": {"barkbands_spread": {"dmean2": 8.57473659515, "median": 20.5755901337, "min": 0.630645096302, "dvar2": 100.778358459, "dvar": 46.0248298645, "dmean": 5.64568471909, "max": 100.519866943, "var": 162.488327026, "mean": 22.2668056488}, "melbands_spread": {"dmean2": 12.6285743713, "median": 26.2364654541, "min": 0.79336053133, "dvar2": 298.232086182, "dvar": 137.223617554, "dmean": 8.18021202087, "max": 278.407073975, "var": 693.172424316, "mean": 31.0029067993}, "hfc": {"dmean2": 6.61058330536, "median": 14.4384975433, "min": 1.06441237264e-16, "dvar2": 79.2505340576, "dvar": 43.5616493225, "dmean": 4.82907772064, "max": 135.103302002, "var": 280.467224121, "mean": 18.1952514648}, "barkbands_kurtosis": {"dmean2": 4.65306186676, "median": 0.608369708061, "min": -1.91642963886, "dvar2": 87.5409622192, "dvar": 38.8274040222, "dmean": 3.02943181992, "max": 178.883163452, "var": 114.668777466, "mean": 4.38993501663}, "gfcc": {"mean": [-53.1217689514, 84.3772583008, -135.781219482, 33.4859619141, -66.7660217285, 7.10769367218, -51.5013389587, -9.46858310699, -25.2853336334, -2.38602185249, -10.9298505783, -2.42106819153, -2.5061442852], "icov": [[0.000257184961811, -0.000491868762765, 0.00061992672272, -0.000527970376424, 0.000821972789709, -0.000735511188395, 0.000960225472227, -0.000596328638494, 0.00096401036717, -0.000645150546916, 0.000633295916487, -0.000489088415634, 0.000139333569678], [-0.000491868762765, 0.00259761023335, -0.000833983009215, 0.00116189185064, -0.00201517576352, 0.00192277308088, -0.00205357954837, 0.00218555680476, -0.00252511631697, 0.00339734461159, -0.00203825486824, 0.0016537263291, -0.00031370628858], [0.00061992672272, -0.000833983009215, 0.00264185201377, -0.00122617639136, 0.00134016189259, -0.00184807204641, 0.00268938788213, -0.00128749897704, 0.00189466436859, -0.000980309094302, 0.00201461068355, -0.00262240343727, 0.000876035133842], [-0.000527970376424, 0.00116189185064, -0.00122617639136, 0.00448824185878, -0.00260712811723, 0.000959922384936, -0.00060942111304, 0.000993917812593, -0.00247105676681, 0.00211677933112, -0.00153939879965, 0.00187988381367, -0.000751597282942], [0.000821972789709, -0.00201517576352, 0.00134016189259, -0.00260712811723, 0.00604501087219, -0.00269939005375, 0.00158149527851, -0.00163078063633, 0.00228282995522, -0.00283458945341, 0.00309299165383, -0.000695507857017, -1.96458622668e-05], [-0.000735511188395, 0.00192277308088, -0.00184807204641, 0.000959922384936, -0.00269939005375, 0.00806015636772, -0.00438999058679, 0.00203747022897, -0.0019819191657, 0.00100746797398, 3.31632218149e-05, 0.000791017897427, 0.00225442205556], [0.000960225472227, -0.00205357954837, 0.00268938788213, -0.00060942111304, 0.00158149527851, -0.00438999058679, 0.00896716024727, -0.0044385981746, 0.00340513070114, -0.00120903435163, 0.000350377318682, -8.51718868944e-06, -0.000162951764651], [-0.000596328638494, 0.00218555680476, -0.00128749897704, 0.000993917812593, -0.00163078063633, 0.00203747022897, -0.0044385981746, 0.0113358348608, -0.00415696157143, 0.00104240502696, 0.00239987066016, -0.00318663264625, 0.00404143705964], [0.00096401036717, -0.00252511631697, 0.00189466436859, -0.00247105676681, 0.00228282995522, -0.0019819191657, 0.00340513070114, -0.00415696157143, 0.0134733635932, -0.00451485486701, 0.000261167268036, 0.00198965193704, -0.00204694247805], [-0.000645150546916, 0.00339734461159, -0.000980309094302, 0.00211677933112, -0.00283458945341, 0.00100746797398, -0.00120903435163, 0.00104240502696, -0.00451485486701, 0.0132145071402, -0.0048486366868, 0.00434936722741, -0.00220050243661], [0.000633295916487, -0.00203825486824, 0.00201461068355, -0.00153939879965, 0.00309299165383, 3.31632218149e-05, 0.000350377318682, 0.00239987066016, 0.000261167268036, -0.0048486366868, 0.0149626154453, -0.0109468074515, 0.00488745095208], [-0.000489088415634, 0.0016537263291, -0.00262240343727, 0.00187988381367, -0.000695507857017, 0.000791017897427, -8.51718868944e-06, -0.00318663264625, 0.00198965193704, 0.00434936722741, -0.0109468074515, 0.0216445568949, -0.00804118253291], [0.000139333569678, -0.00031370628858, 0.000876035133842, -0.000751597282942, -1.96458622668e-05, 0.00225442205556, -0.000162951764651, 0.00404143705964, -0.00204694247805, -0.00220050243661, 0.00488745095208, -0.00804118253291, 0.0142171112821]], "cov": [[27811.8554688, 651.73651123, -3149.32470703, 419.51965332, -1982.64123535, 166.436141968, -1155.1784668, -14.6972198486, -714.474060059, 35.190536499, -70.9510345459, 68.4370422363, -114.4688797], [651.73651123, 1153.89794922, -320.044586182, -19.0353221893, 83.8459091187, -149.048339844, 73.8154296875, -159.875259399, 62.5221405029, -165.849899292, 77.3108673096, -44.6286849976, 39.3444595337], [-3149.32470703, -320.044586182, 1216.99804688, 64.1561355591, 168.994445801, 65.3439102173, -68.6805267334, 55.3787612915, 3.1001188755, -17.5415077209, -55.0541343689, 76.2891159058, -14.6461687088], [419.51965332, -19.0353221893, 64.1561355591, 362.929168701, 108.813957214, 26.8615531921, -61.6230583191, -3.84433460236, 27.978717804, -5.72547769547, -37.8791389465, -28.954826355, 6.76633262634], [-1982.64123535, 83.8459091187, 168.994445801, 108.813957214, 481.021148682, 73.2047729492, 123.409477234, 14.4904870987, 69.2429199219, 4.67804813385, -70.5951843262, -68.5362625122, -0.829847812653], [166.436141968, -149.048339844, 65.3439102173, 26.8615531921, 73.2047729492, 253.564865112, 79.4856567383, 54.3291893005, -19.5822277069, 19.2497329712, -56.0292358398, -30.937877655, -60.2431335449], [-1155.1784668, 73.8154296875, -68.6805267334, -61.6230583191, 123.409477234, 79.4856567383, 301.561950684, 54.109703064, 22.985200882, -12.2606506348, -1.24027323723, -36.7604484558, -29.3881225586], [-14.6972198486, -159.875259399, 55.3787612915, -3.84433460236, 14.4904870987, 54.3291893005, 54.109703064, 162.734939575, 3.52624988556, 15.1709661484, -38.7652130127, 2.11559319496, -43.8552131653], [-714.474060059, 62.5221405029, 3.1001188755, 27.978717804, 69.2429199219, -19.5822277069, 22.985200882, 3.52624988556, 137.129776001, 23.7703304291, 5.02452707291, -27.5749588013, 18.2307834625], [35.190536499, -165.849899292, -17.5415077209, -5.72547769547, 4.67804813385, 19.2497329712, -12.2606506348, 15.1709661484, 23.7703304291, 131.956771851, 8.71449661255, -8.8847026825, 5.10014629364], [-70.9510345459, 77.3108673096, -55.0541343689, -37.8791389465, -70.5951843262, -56.0292358398, -1.24027323723, -38.7652130127, 5.02452707291, 8.71449661255, 147.969284058, 58.791015625, 8.04015541077], [68.4370422363, -44.6286849976, 76.2891159058, -28.954826355, -68.5362625122, -30.937877655, -36.7604484558, 2.11559319496, -27.5749588013, -8.8847026825, 58.791015625, 107.836532593, 31.3375892639], [-114.4688797, 39.3444595337, -14.6461687088, 6.76633262634, -0.829847812653, -60.2431335449, -29.3881225586, -43.8552131653, 18.2307834625, 5.10014629364, 8.04015541077, 31.3375892639, 113.644050598]]}, "spectral_energyband_middle_low": {"dmean2": 0.006198159419, "median": 0.00737458374351, "min": 1.3433960428e-22, "dvar2": 7.41494659451e-05, "dvar": 3.22174273606e-05, "dmean": 0.0041546956636, "max": 0.0894492417574, "var": 0.000136529575684, "mean": 0.0111340973526}, "melbands_crest": {"dmean2": 5.25329875946, "median": 12.4940834045, "min": 1.56905770302, "dvar2": 20.7553501129, "dvar": 8.08096694946, "dmean": 3.24059724808, "max": 32.5268287659, "var": 29.5836410522, "mean": 13.1894426346}, "spectral_kurtosis": {"dmean2": 2.56828546524, "median": 3.18298912048, "min": -1.25951397419, "dvar2": 8.28514766693, "dvar": 3.25387573242, "dmean": 1.56829547882, "max": 26.6528892517, "var": 7.93885612488, "mean": 3.75766801834}, "spectral_rms": {"dmean2": 0.000797332380898, "median": 0.00388010009192, "min": 3.12669985389e-12, "dvar2": 6.26909695711e-07, "dvar": 3.22809967201e-07, "dmean": 0.000563513254747, "max": 0.0101479170844, "var": 3.2870693758e-06, "mean": 0.00376856559888}, "zerocrossingrate": {"dmean2": 0.0134361395612, "median": 0.0654296875, "min": 0.001953125, "dvar2": 0.000271347089438, "dvar": 0.000212247483432, "dmean": 0.0113245025277, "max": 0.5263671875, "var": 0.00411642668769, "mean": 0.0752440840006}, "silence_rate_60dB": {"dmean2": 0.075831592083, "median": 0, "min": 0, "dvar2": 0.0770486146212, "dvar": 0.036471541971, "dmean": 0.0379113852978, "max": 1, "var": 0.127569675446, "mean": 0.150116279721}, "erbbands_kurtosis": {"dmean2": 2.2340798378, "median": -0.0390325337648, "min": -1.9050488472, "dvar2": 27.7265377045, "dvar": 12.4210596085, "dmean": 1.43816328049, "max": 110.747962952, "var": 25.6965885162, "mean": 1.22130274773}, "erbbands": {"dmean2": [0.00577319925651, 0.0695239454508, 0.29328379035, 0.98192769289, 4.11066913605, 17.869146347, 21.7259159088, 23.3901367188, 16.5496444702, 13.142993927, 11.3813076019, 11.6312475204, 13.8835449219, 24.4760684967, 16.0494766235, 19.8534526825, 25.2348384857, 32.8246231079, 32.9311332703, 33.3659896851, 16.3415164948, 17.0796260834, 12.3818798065, 8.90794563293, 8.34938526154, 12.3112182617, 7.39102125168, 2.71974945068, 4.03522109985, 4.13477993011, 2.47174310684, 3.23734116554, 1.57100832462, 0.710497915745, 0.339400351048, 0.0735147818923, 0.0116389105096, 0.00132584630046, 0.000115449744044, 1.26081240523e-05], "median": [0.00343753024936, 0.0431157238781, 0.154348045588, 0.554217517376, 1.89411735535, 5.83952140808, 9.8595123291, 7.35244417191, 7.02181816101, 4.06785297394, 3.23409199715, 3.34378385544, 4.06371879578, 6.4967918396, 5.11460971832, 8.55601119995, 8.49460601807, 10.1360530853, 13.6156568527, 10.6804990768, 9.67009162903, 9.83482456207, 5.07678413391, 4.29426956177, 5.51566886902, 5.69414806366, 3.59427547455, 1.84966886044, 2.2571644783, 1.90713739395, 0.918176233768, 0.948925018311, 0.432103395462, 0.105020701885, 0.0326552093029, 0.00866754166782, 0.00187863106839, 0.000175784138264, 2.473589484e-05, 2.26489828492e-05], "min": [5.6110969369e-23, 1.99232021785e-22, 1.82454414456e-21, 2.76911614554e-21, 1.94453101411e-20, 2.97010863476e-20, 3.27477961076e-20, 4.85503450027e-20, 1.11252276871e-19, 1.69471212936e-19, 2.79628199278e-19, 4.4215021619e-19, 5.37362840598e-19, 7.3406396042e-19, 8.30922364054e-19, 1.45838238906e-18, 1.56192813435e-18, 1.45761176692e-18, 1.77137626251e-18, 3.51806738759e-18, 3.38092580511e-18, 4.72419970468e-18, 4.55708357834e-18, 5.98374100597e-18, 5.45250410989e-18, 7.42211048388e-18, 1.02361326057e-17, 1.02651955965e-17, 9.91350817854e-18, 1.11773160774e-17, 1.18625070019e-17, 1.15392646709e-17, 8.55227660147e-18, 7.57204772326e-18, 5.71506405761e-18, 4.12627054453e-18, 2.26958735225e-18, 9.68770462172e-19, 2.25023964942e-19, 2.46310104144e-20], "dvar2": [8.6905551143e-05, 0.0122413784266, 0.250502645969, 2.76390194893, 52.3455085754, 1219.02148438, 1529.04614258, 2217.50561523, 1334.984375, 1224.23352051, 1091.26208496, 1009.14294434, 1256.47692871, 4721.00634766, 1550.76721191, 2185.77685547, 3783.96386719, 5831.72900391, 6224.92333984, 6912.84472656, 1137.91003418, 1134.19665527, 1723.65637207, 380.443664551, 321.282653809, 919.013244629, 325.082122803, 56.3741455078, 107.461158752, 138.578964233, 47.6504821777, 81.588470459, 42.6713447571, 4.5060005188, 0.651442170143, 0.0280664749444, 0.000636400363874, 8.96173060028e-06, 7.30208853383e-08, 3.14046899597e-10], "dvar": [3.68098117178e-05, 0.00442925980315, 0.0908286273479, 1.03324735165, 19.5901985168, 488.535339355, 623.041625977, 1006.34631348, 619.905212402, 548.537719727, 467.620483398, 446.659240723, 548.257080078, 1879.89660645, 718.679992676, 1017.59985352, 1729.2857666, 2589.82275391, 2763.17895508, 3194.21020508, 519.571350098, 447.560913086, 855.245666504, 144.781188965, 140.245285034, 453.916778564, 153.190002441, 27.1681213379, 48.1268768311, 57.6820144653, 20.9123268127, 37.9897232056, 18.4719257355, 2.04571437836, 0.315288096666, 0.0138802183792, 0.000312447082251, 4.41309521193e-06, 3.43320039065e-08, 1.54667390007e-10], "dmean": [0.00362158077769, 0.040457572788, 0.170360937715, 0.576662361622, 2.47111344337, 11.3785648346, 14.3797941208, 15.7824544907, 11.3664054871, 8.50948238373, 7.4098277092, 7.59676790237, 9.05901241302, 15.4057979584, 10.7393455505, 12.9173307419, 16.6068401337, 21.2275371552, 21.5173969269, 21.9196224213, 10.564912796, 10.5689897537, 7.97449541092, 5.55513191223, 5.35226774216, 8.28691387177, 4.87452507019, 1.8636187315, 2.70932793617, 2.71142458916, 1.65910720825, 2.18676662445, 1.07372927666, 0.495873421431, 0.239220619202, 0.051805794239, 0.00827967561781, 0.000938191951718, 8.10780693428e-05, 9.02996634977e-06], "max": [0.0796843469143, 0.676962852478, 3.85717773438, 14.7908086777, 71.9332809448, 410.325408936, 440.941986084, 600.202209473, 505.338775635, 568.641540527, 694.794250488, 441.530731201, 585.926208496, 1419.54406738, 675.570556641, 1088.09301758, 1299.18347168, 1528.1282959, 1365.46594238, 1111.72766113, 795.888793945, 522.576721191, 1057.50756836, 367.524871826, 338.00958252, 654.02532959, 355.855133057, 151.614440918, 183.492431641, 159.076934814, 129.627578735, 182.598846436, 181.943084717, 44.8487281799, 11.4359254837, 1.76800298691, 0.31008914113, 0.0467021465302, 0.00266292947344, 0.000211245453102], "var": [5.07008153363e-05, 0.00540741160512, 0.114222370088, 1.46928572655, 29.6899795532, 1029.33862305, 1864.84204102, 3076.1809082, 2071.74414063, 1152.46679688, 1154.36962891, 911.33581543, 1277.16125488, 4596.98779297, 2246.20629883, 3502.28857422, 4143.48535156, 6486.28515625, 5468.609375, 7505.63427734, 1787.09594727, 1117.97607422, 2577.24682617, 422.800994873, 387.614227295, 1317.46789551, 569.257995605, 68.4549560547, 99.0647659302, 86.4557723999, 48.9481964111, 80.0383758545, 34.4035949707, 3.75677227974, 0.454166889191, 0.0199808366597, 0.000462292751763, 6.51939990348e-06, 4.65670915162e-08, 5.63613988813e-10], "mean": [0.00559981819242, 0.0637471601367, 0.267674773932, 0.932899951935, 3.79100227356, 18.5545063019, 27.5675773621, 31.2111701965, 22.7778453827, 14.671046257, 13.2760038376, 12.6943950653, 16.1616611481, 28.1335296631, 21.4872436523, 26.3569641113, 31.6806640625, 40.0997276306, 37.5437774658, 39.2113075256, 23.0259799957, 21.6762676239, 16.5788917542, 11.846909523, 11.6609697342, 17.9246501923, 11.0389537811, 4.17305755615, 5.03251123428, 4.42610263824, 2.59996366501, 3.08566403389, 1.5313911438, 0.660877883434, 0.290748804808, 0.0631965771317, 0.0103889042512, 0.00118433102034, 0.000108684158477, 2.74221129075e-05]}, "spectral_strongpeak": {"dmean2": 1.21729755402, "median": 0.881922006607, "min": 0, "dvar2": 2.94933652878, "dvar": 1.1640509367, "dmean": 0.730563521385, "max": 12.6757230759, "var": 2.1339495182, "mean": 1.34506034851}, "spectral_energy": {"dmean2": 0.00719073880464, "median": 0.0154315568507, "min": 1.00206573875e-20, "dvar2": 7.84452931839e-05, "dvar": 3.68143992091e-05, "dmean": 0.00495185609907, "max": 0.1055547297, "var": 0.00021239486523, "mean": 0.0179264489561}, "average_loudness": 0.657183945179, "spectral_rolloff": {"dmean2": 874.00994873, "median": 1636.5234375, "min": 21.533203125, "dvar2": 2025445.125, "dvar": 890812.125, "dmean": 517.220153809, "max": 19638.28125, "var": 6304585, "mean": 2067.6652832}, "spectral_centroid": {"dmean2": 391.986358643, "median": 1380.02575684, "min": 215.832870483, "dvar2": 225646.5, "dvar": 106773.125, "dmean": 256.343383789, "max": 11667.71875, "var": 1897092, "mean": 1573.3560791}, "pitch_salience": {"dmean2": 0.108598403633, "median": 0.564546644688, "min": 0.133578002453, "dvar2": 0.00859416555613, "dvar": 0.00354906008579, "dmean": 0.0678788647056, "max": 0.826480507851, "var": 0.0127336541191, "mean": 0.555838108063}, "spectral_energyband_middle_high": {"dmean2": 0.00243545672856, "median": 0.00357328029349, "min": 1.2133006869e-21, "dvar2": 1.26704399008e-05, "dvar": 6.12855546933e-06, "dmean": 0.00165547442157, "max": 0.05449590832, "var": 3.81426543754e-05, "mean": 0.00558291934431}, "spectral_contrast_coeffs": {"dmean2": [0.0832568407059, 0.0749905183911, 0.0608889721334, 0.0517960749567, 0.0354204624891, 0.0289861354977], "median": [-0.585934400558, -0.694714963436, -0.75964319706, -0.751597881317, -0.770821094513, -0.756739675999], "min": [-0.981254279613, -0.97526961565, -0.979087531567, -0.972977757454, -0.968232035637, -0.965847671032], "dvar2": [0.00447426084429, 0.0037931764964, 0.00236857053824, 0.00182789028622, 0.000838386826217, 0.000663183862343], "dvar": [0.00181629811414, 0.00155173765961, 0.000997278024442, 0.000808879791293, 0.000374197930796, 0.000339219055604], "dmean": [0.0524984523654, 0.0469681508839, 0.0381070114672, 0.0324382558465, 0.0226722192019, 0.0199032258242], "max": [-0.252968341112, -0.339153379202, -0.470552355051, -0.485470920801, -0.598735451698, -0.574135065079], "var": [0.0124285956845, 0.0118497088552, 0.00567326694727, 0.00524015119299, 0.00315745058469, 0.00240563554689], "mean": [-0.585906744003, -0.686812162399, -0.754872262478, -0.745162606239, -0.773256540298, -0.761086404324]}, "melbands_skewness": {"dmean2": 1.11495423317, "median": 1.90663933754, "min": -2.19107341766, "dvar2": 1.35465991497, "dvar": 0.61226195097, "dmean": 0.731026291847, "max": 13.4092273712, "var": 3.54073834419, "mean": 2.33467888832}, "spectral_spread": {"dmean2": 947105.375, "median": 4063692, "min": 1568105.75, "dvar2": 1591658283010.0, "dvar": 934245498880, "dmean": 719025.1875, "max": 42733260, "var": 22058291429400.0, "mean": 5050781}, "dissonance": {"dmean2": 0.0300748106092, "median": 0.469550460577, "min": 0.250032812357, "dvar2": 0.000910151924472, "dvar": 0.000344588392181, "dmean": 0.0181605294347, "max": 0.500000119209, "var": 0.000956783420406, "mean": 0.461596399546}, "spectral_skewness": {"dmean2": 0.338607788086, "median": 1.36037433147, "min": -0.378964483738, "dvar2": 0.109857156873, "dvar": 0.0480398051441, "dmean": 0.215865269303, "max": 4.06330156326, "var": 0.232451543212, "mean": 1.39422667027}, "spectral_flux": {"dmean2": 0.0290188156068, "median": 0.0650909617543, "min": 6.45222625328e-11, "dvar2": 0.000788098201156, "dvar": 0.00031710989424, "dmean": 0.0182511564344, "max": 0.249792069197, "var": 0.00135563546792, "mean": 0.0673821568489}, "spectral_contrast_valleys": {"dmean2": [0.641755342484, 0.568123757839, 0.48137575388, 0.392081975937, 0.318056285381, 0.481135696173], "median": [-7.98673915863, -7.16787528992, -7.71900844574, -7.82780361176, -7.73348617554, -10.2981491089], "min": [-28.3308296204, -27.9271297455, -28.1040210724, -27.8423213959, -27.5237903595, -27.4629707336], "dvar2": [0.335558056831, 0.263632357121, 0.207393676043, 0.150732606649, 0.13236540556, 0.325768262148], "dvar": [0.148448750377, 0.121586248279, 0.100925691426, 0.0796795189381, 0.0802763924003, 0.211580991745], "dmean": [0.388981252909, 0.35309946537, 0.303732037544, 0.253161549568, 0.222653791308, 0.406115859747], "max": [-6.48215961456, -4.98291683197, -5.53959512711, -5.74581718445, -5.87567949295, -7.48771286011], "var": [6.40044021606, 7.08263111115, 6.74771261215, 6.66351079941, 6.61841773987, 5.6353559494], "mean": [-8.46719169617, -7.61642932892, -8.16369438171, -8.25472164154, -8.20577335358, -10.6641988754]}, "erbbands_flatness_db": {"dmean2": 0.0285527147353, "median": 0.1804215312, "min": 0.0511239022017, "dvar2": 0.00075652153464, "dvar": 0.000406699517043, "dmean": 0.0205292385072, "max": 0.393129825592, "var": 0.00214053550735, "mean": 0.183449551463}, "spectral_energyband_high": {"dmean2": 0.000519115536008, "median": 0.000379305041861, "min": 7.05670042391e-21, "dvar2": 1.02846274785e-06, "dvar": 5.268809673e-07, "dmean": 0.000367061875295, "max": 0.0159421954304, "var": 1.77857066319e-06, "mean": 0.000807850272395}, "spectral_entropy": {"dmean2": 0.262507885695, "median": 7.49124574661, "min": 5.24718236923, "dvar2": 0.0720683932304, "dvar": 0.0395359396935, "dmean": 0.187049716711, "max": 9.82415390015, "var": 0.292345285416, "mean": 7.47277545929}, "silence_rate_20dB": {"dmean2": 0, "median": 1, "min": 1, "dvar2": 0, "dvar": 0, "dmean": 0, "max": 1, "var": 0, "mean": 1}, "melbands_flatness_db": {"dmean2": 0.0354846641421, "median": 0.168174952269, "min": 0.00200718664564, "dvar2": 0.00114916870371, "dvar": 0.000552392331883, "dmean": 0.0241923388094, "max": 0.44987782836, "var": 0.00510606402531, "mean": 0.178553730249}, "barkbands": {"dmean2": [4.19531606894e-05, 0.000259166030446, 0.000305848749122, 0.000502041890286, 0.00392076559365, 0.00252629350871, 0.00108901236672, 0.000515278021339, 0.000488021381898, 0.000644768879283, 0.00054408214055, 0.000498611363582, 0.000681713572703, 0.000655882526189, 0.000864121189807, 0.000308780843625, 0.00038931806921, 0.000195663422346, 0.000168994069099, 0.000275159953162, 0.000115808252303, 0.000121615674288, 8.6714499048e-05, 0.000124189216876, 5.25595023646e-05, 9.33075898502e-06, 6.73779140925e-07], "median": [1.83500233106e-05, 0.000171180901816, 0.000121785968076, 0.000214330168092, 0.00163904216606, 0.00100388017017, 0.000292946875561, 0.000104439342977, 0.000120952397992, 0.000128528452478, 0.00011748218094, 0.000170283441548, 0.000146883030538, 0.000115650705993, 0.000248263851972, 9.71289264271e-05, 0.000189183134353, 6.99974407325e-05, 9.46895161178e-05, 0.000123082048958, 5.54904363526e-05, 6.67106069159e-05, 3.42896819348e-05, 3.74465089408e-05, 6.25420216238e-06, 1.24721657357e-06, 5.80950114681e-08], "min": [3.67059012981e-26, 1.12096247163e-24, 6.85241067092e-25, 4.73186381083e-25, 8.80398746941e-24, 5.6774828164e-24, 1.18733458552e-23, 6.45124768491e-24, 1.6365088295e-23, 1.23849284631e-23, 3.16617765122e-24, 3.27508510567e-23, 2.30911924