{"tonal": {"thpcp": [1, 0.883403003216, 0.512858569622, 0.291646182537, 0.194535106421, 0.147742375731, 0.153755515814, 0.167831733823, 0.156057298183, 0.164842844009, 0.168545097113, 0.16567723453, 0.189428582788, 0.160186752677, 0.10268111527, 0.0996468290687, 0.112161435187, 0.109924614429, 0.102627396584, 0.112182043493, 0.182328939438, 0.317046970129, 0.320305854082, 0.282035529613, 0.296994149685, 0.171473100781, 0.0663223788142, 0.0664454400539, 0.0740380957723, 0.116654627025, 0.184672623873, 0.228623047471, 0.267330259085, 0.337443232536, 0.470284163952, 0.732121407986], "hpcp": {"dmean2": [0.612183153629, 0.642846047878, 0.530500650406, 0.382436960936, 0.263268589973, 0.194655865431, 0.180192708969, 0.192671224475, 0.202314659953, 0.198046147823, 0.181141808629, 0.170038089156, 0.156565025449, 0.135465696454, 0.0993671864271, 0.0920319035649, 0.0970924198627, 0.0995683446527, 0.105335488915, 0.123975783587, 0.18318977952, 0.241492167115, 0.228741809726, 0.291447639465, 0.415411651134, 0.222458988428, 0.0595780685544, 0.0633951500058, 0.0720346570015, 0.103005737066, 0.181372150779, 0.258129805326, 0.300076037645, 0.425842285156, 0.558254063129, 0.647331535816], "median": [0.456053078175, 0.355278432369, 0.125153407454, 0.0312788411975, 0.0195379052311, 0.0175486542284, 0.0264233313501, 0.0297922231257, 0.0207980293781, 0.0180503576994, 0.0226741842926, 0.0372127480805, 0.052287556231, 0.0432462319732, 0.0245263911784, 0.0232410989702, 0.0274072922766, 0.028774889186, 0.0232720915228, 0.0223683640361, 0.0405846014619, 0.0849872156978, 0.0925988405943, 0.0597170963883, 0.0248762071133, 0.0206145085394, 0.0169592499733, 0.0149270426482, 0.0166412182152, 0.0309285912663, 0.042715203017, 0.0354815423489, 0.0294915121049, 0.0392746329308, 0.0760390460491, 0.252508491278], "min": [0, 0, 0, 0, 0, 0, 0, 0, 0, 0, 0, 0, 0, 0, 0, 0, 0, 0, 0, 0, 0, 0, 0, 0, 0, 0, 0, 0, 0, 0, 0, 0, 0, 0, 0, 0], "dvar2": [0.210034906864, 0.233171641827, 0.243250638247, 0.2232760638, 0.163610011339, 0.125575050712, 0.105900838971, 0.112978078425, 0.135511115193, 0.124501824379, 0.100796319544, 0.0648401379585, 0.0562586002052, 0.0464648678899, 0.0358529947698, 0.0309501327574, 0.0293790362775, 0.0320896878839, 0.0454883314669, 0.0463984124362, 0.0603279098868, 0.0854736864567, 0.0719548165798, 0.109108097851, 0.304737627506, 0.0835842192173, 0.014401583001, 0.0194023121148, 0.0207625217736, 0.0257634688169, 0.0808563530445, 0.156785011292, 0.182360142469, 0.24679043889, 0.273395717144, 0.253239274025], "dvar": [0.0864156708121, 0.088718213141, 0.0854468867183, 0.0809171050787, 0.0592867396772, 0.0447005294263, 0.0371417067945, 0.0394778065383, 0.047334946692, 0.0443002395332, 0.036004088819, 0.0228540208191, 0.0200680717826, 0.0167886670679, 0.0126637294888, 0.0109718991444, 0.0105082998052, 0.0113182039931, 0.0157883260399, 0.0164782050997, 0.0223464891315, 0.0332997627556, 0.0279598366469, 0.0397777184844, 0.111099123955, 0.0301483608782, 0.00508430413902, 0.00712718162686, 0.00743975117803, 0.00926996860653, 0.0286485087126, 0.0564504191279, 0.0683922991157, 0.0900174826384, 0.0994675084949, 0.0938139557838], "dmean": [0.350264459848, 0.360540837049, 0.291253089905, 0.204362019897, 0.140465348959, 0.103918999434, 0.0971290096641, 0.104171901941, 0.107373461127, 0.106270462275, 0.0988174080849, 0.0938324481249, 0.0891269892454, 0.0767470672727, 0.055237852037, 0.0514339730144, 0.0547782965004, 0.0555808991194, 0.0579403229058, 0.0677552074194, 0.102553606033, 0.141258522868, 0.134832859039, 0.160353988409, 0.218644887209, 0.118549384177, 0.0335980020463, 0.0353391878307, 0.0402014553547, 0.0580973140895, 0.100550509989, 0.140371337533, 0.162530660629, 0.229067623615, 0.302939534187, 0.361889719963], "max": [1, 1, 1, 1, 1, 1, 1, 1, 1, 1, 1, 1, 1, 1, 1, 1, 1, 1, 1, 1, 1, 1, 1, 1, 1, 1, 1, 1, 1, 1, 1, 1, 1, 1, 1, 1], "var": [0.134305968881, 0.127807483077, 0.0885061398149, 0.0638654008508, 0.0421378016472, 0.0295594036579, 0.0246942006052, 0.0267094969749, 0.0307861305773, 0.0324167236686, 0.0299457088113, 0.017887128517, 0.0175315458328, 0.0143841719255, 0.00906022265553, 0.00824889820069, 0.00865461397916, 0.00855114497244, 0.0105757191777, 0.0116185257211, 0.01921136491, 0.0398956350982, 0.0361951030791, 0.0356522724032, 0.0810311809182, 0.0228866878897, 0.00383897824213, 0.00549751799554, 0.00551307108253, 0.00756772700697, 0.0219915863127, 0.0429539456964, 0.0616950318217, 0.0751417353749, 0.0954550206661, 0.117517448962], "mean": [0.503893792629, 0.445141285658, 0.258426249027, 0.146958693862, 0.0980250313878, 0.0744464695454, 0.0774764493108, 0.0845693722367, 0.078636303544, 0.0830632895231, 0.0849288254976, 0.0834837332368, 0.0954518839717, 0.0807171091437, 0.0517403781414, 0.0502114184201, 0.0565174520016, 0.0553903318942, 0.0517133064568, 0.0565278343856, 0.0918744206429, 0.159758001566, 0.161400124431, 0.142115950584, 0.149653509259, 0.0864042341709, 0.0334194339812, 0.0334814451635, 0.0373073369265, 0.0587815418839, 0.0930553898215, 0.115201734006, 0.134706065059, 0.170035555959, 0.236973270774, 0.368911445141]}, "tuning_equal_tempered_deviation": 0.185135900974, "chords_changes_rate": 0.0361656360328, "key_key": "D", "tuning_diatonic_strength": 0.620220541954, "key_scale": "minor", "chords_number_rate": 0.00147889216896, "tuning_frequency": 434.193115234, "tuning_nontempered_energy_ratio": 0.891270279884, "chords_histogram": [3.93923091888, 0.873890817165, 12.4764719009, 1.0486689806, 1.49233663082, 3.80478620529, 0, 3.50900769234, 4.3963432312, 60.7152442932, 3.69723033905, 2.0301156044, 0, 0, 0, 0, 0, 1.0486689806, 0.309222906828, 0.645334780216, 0, 0.013444473967, 0, 0], "key_strength": 0.617560565472, "chords_key": "A", "chords_strength": {"dmean2": 0.0111259240657, "median": 0.586416661739, "min": -1, "dvar2": 0.0011926026782, "dvar": 0.000554182275664, "dmean": 0.00855038687587, "max": 0.783107161522, "var": 0.0576705746353, "mean": 0.54157269001}, "chords_scale": "major", "hpcp_entropy": {"dmean2": 1.15734493732, "median": 2.70982027054, "min": 0, "dvar2": 0.835897982121, "dvar": 0.294871389866, "dmean": 0.678620457649, "max": 4.5716714859, "var": 0.739932000637, "mean": 2.61194705963}}, "metadata": {"audio_properties": {"equal_loudness": 0, "codec": "flac", "downmix": "mix", "sample_rate": 44100, "analysis_sample_rate": 44100, "bit_rate": 0, "md5_encoded": "5d97f84f8823a6c038e1a694ad810981", "length": 345.373321533, "replay_gain": -11.4266815186, "lossless": true}, "version": {"essentia_build_sha": "2d9f1f26377add8aeb1075a9c2973f962c4f09fd", "essentia": "2.1-beta2", "extractor": "music 1.0", "essentia_git_sha": "v2.1_beta2-1-ge3940c0"}, "tags": {"title": ["Falling Down (Sci Fi version)"], "barcode": ["803341114326"], "media": ["CD"], "albumartist": ["Midnight Configuration"], "tracktotal": ["12"], "musicbrainz_releasegroupid": ["1fc6e74a-565d-3af8-bf76-81ddf781e519"], "releasetype": ["album"], "musicbrainz_recordingid": ["1be75f6d-bddc-477f-974d-ba472bd7cc18"], "musicbrainz_albumartistid": ["f75ba0a6-9bc0-41c4-b7b7-00ecfc3563be"], "originalyear": ["2001"], "musicbrainz_releasetrackid": ["c9242255-73c9-39ab-ac4e-4fbe85986d23"], "discnumber": ["1"], "album": ["Redemption of the Physical World"], "catalognumber": ["NIGHT CD 046"], "releasecountry": ["GB"], "originaldate": ["2001-10-22"], "albumartistsort": ["Midnight Configuration"], "date": ["2001-10-22"], "file_name": "b37524af496fa858df5166bc7b75.flac", "disctotal": ["1"], "acoustid_id": ["25c4b375-24af-496f-a858-df5166bc7b75"], "musicbrainz_artistid": ["f75ba0a6-9bc0-41c4-b7b7-00ecfc3563be"], "asin": ["B00005UVRU"], "musicbrainz_albumid": ["62b3fd83-3ddf-4906-8b1a-d4c25abf84af"], "tracknumber": ["8"], "artistsort": ["Midnight Configuration"], "artist": ["Midnight Configuration"], "label": ["Nightbreed Recordings"], "releasestatus": ["official"], "totaldiscs": ["1"], "script": ["Latn"], "totaltracks": ["12"]}}, "rhythm": {"bpm_histogram_first_peak_bpm": {"dmean2": 0, "median": 157, "min": 157, "dvar2": 0, "dvar": 0, "dmean": 0, "max": 157, "var": 0, "mean": 157}, "bpm": 154.970977783, "bpm_histogram_second_peak_spread": {"dmean2": 0, "median": 0.0197368636727, "min": 0.0197368636727, "dvar2": 0, "dvar": 0, "dmean": 0, "max": 0.0197368636727, "var": 0, "mean": 0.0197368636727}, "bpm_histogram_first_peak_weight": {"dmean2": 0, "median": 0.611048460007, "min": 0.611048460007, "dvar2": 0, "dvar": 0, "dmean": 0, "max": 0.611048460007, "var": 0, "mean": 0.611048460007}, "onset_rate": 4.76279783249, "beats_position": [0.441179126501, 0.882358253002, 1.3235373497, 1.764716506, 2.20589566231, 2.6470746994, 3.08825397491, 3.52943301201, 3.98222208023, 4.43501138687, 4.85297060013, 5.25931978226, 5.66566896439, 6.06040811539, 6.46675729752, 6.87310647964, 7.27945566177, 7.6858048439, 8.06893444061, 8.45206356049, 8.84680271149, 9.24154186249, 9.62467098236, 10.0078001022, 10.4025392532, 10.7856683731, 11.1687984467, 11.5635375977, 11.9466667175, 12.3297958374, 12.7129249573, 13.0960540771, 13.4907932281, 13.8855323792, 14.2802715302, 14.66340065, 15.0465307236, 15.4412698746, 15.8243989944, 16.2075271606, 16.602268219, 16.9853973389, 17.3685264587, 17.7516555786, 18.1347846985, 18.5179138184, 18.9010429382, 19.2957820892, 19.6905212402, 20.0736503601, 20.45677948, 20.8399085999, 21.2230377197, 21.6177768707, 22.0125160217, 22.3956451416, 22.7787742615, 23.1735134125, 23.5450344086, 23.9397735596, 24.3345127106, 24.7176418304, 25.1007709503, 25.4839000702, 25.8670291901, 26.2617683411, 26.6448974609, 27.0280265808, 27.4227657318, 27.8175048828, 28.2006340027, 28.5837631226, 28.9785022736, 29.3616313934, 29.7447605133, 30.1278915405, 30.5110206604, 30.9057598114, 31.2888889313, 31.6720180511, 32.0667572021, 32.4614944458, 32.8330154419, 33.2277526855, 33.6224937439, 34.0056228638, 34.3887519836, 34.7718811035, 35.1550102234, 35.5497512817, 35.9328804016, 36.3160095215, 36.7107467651, 37.093875885, 37.4770050049, 37.8717460632, 38.2664833069, 38.638004303, 39.0327415466, 39.4158706665, 39.7989997864, 40.1937408447, 40.5768699646, 40.9599990845, 41.3547401428, 41.7378692627, 42.1209983826, 42.5157356262, 42.9104766846, 43.281993866, 43.6767349243, 44.0598640442, 44.4429931641, 44.8377304077, 45.2324714661, 45.6156005859, 45.9987297058, 46.3818588257, 46.7649879456, 47.1597251892, 47.5544662476, 47.9375953674, 48.3207244873, 48.7154655457, 49.0985946655, 49.4817237854, 49.8648529053, 50.2479820251, 50.6427192688, 51.0258483887, 51.4089775085, 51.8037185669, 52.1984558105, 52.5815849304, 52.9647140503, 53.3478431702, 53.73097229, 54.1141014099, 54.4972343445, 54.8919715881, 55.2867126465, 55.6698417664, 56.0529708862, 56.4477081299, 56.8424491882, 57.2255783081, 57.608707428, 57.9918365479, 58.3749656677, 58.7697029114, 59.1528320313, 59.5359611511, 59.919090271, 60.3022193909, 60.6969604492, 61.0916976929, 61.4748306274, 61.8579597473, 62.252696991, 62.6358261108, 63.0189552307, 63.4136962891, 63.7968254089, 64.1799545288, 64.5746917725, 64.957824707, 65.3409500122, 65.7356872559, 66.1188201904, 66.5019454956, 66.8850784302, 67.2798156738, 67.6629486084, 68.0460739136, 68.4292068481, 68.8239440918, 69.2070770264, 69.5902023315, 69.9849395752, 70.3680725098, 70.7511978149, 71.145942688, 71.5290679932, 71.9122009277, 72.3069381714, 72.6900634766, 73.0731964111, 73.4679336548, 73.8510665894, 74.2341918945, 74.6289291382, 75.0120620728, 75.3951950073, 75.789932251, 76.1730575562, 76.5561904907, 76.9509277344, 77.3340606689, 77.7171859741, 78.1003189087, 78.4950561523, 78.8781814575, 79.2729263306, 79.6560516357, 80.0391845703, 80.433921814, 80.8170471191, 81.2001800537, 81.5949172974, 81.9896621704, 82.3727874756, 82.7559204102, 83.1390457153, 83.5221786499, 83.9053039551, 84.2884368896, 84.6831741333, 85.077911377, 85.4610443115, 85.8441696167, 86.2389068604, 86.6220397949, 87.0051651001, 87.3882980347, 87.7714233398, 88.1661682129, 88.5609054565, 88.9440383911, 89.3271636963, 89.7219009399, 90.1050338745, 90.4881591797, 90.8829040527, 91.2660293579, 91.6491622925, 92.0322875977, 92.4270248413, 92.8101577759, 93.1932830811, 93.5764160156, 93.9711532593, 94.3658905029, 94.7490234375, 95.1321487427, 95.5268936157, 95.9100189209, 96.2931518555, 96.6878890991, 97.0826263428, 97.4657592773, 97.8488845825, 98.2320175171, 98.6151428223, 99.0098876953, 99.404624939, 99.7877502441, 100.170883179, 100.554008484, 100.937141418, 101.320266724, 101.715011597, 102.098136902, 102.492874146, 102.87600708, 103.259140015, 103.653877258, 104.037002563, 104.420135498, 104.814872742, 105.198005676, 105.581130981, 105.975868225, 106.35900116, 106.742126465, 107.136871338, 107.519996643, 107.903129578, 108.297866821, 108.680992126, 109.064125061, 109.458862305, 109.841995239, 110.225120544, 110.608253479, 110.991378784, 111.386123657, 111.769248962, 112.152381897, 112.547119141, 112.930244446, 113.31337738, 113.708114624, 114.091247559, 114.474372864, 114.869110107, 115.26385498, 115.646980286, 116.03011322, 116.424850464, 116.807983398, 117.191108704, 117.574241638, 117.957366943, 118.352104187, 118.74684906, 119.141586304, 119.5131073, 119.896232605, 120.27936554, 120.674102783, 121.057228088, 121.440361023, 121.835098267, 122.218231201, 122.601356506, 122.99609375, 123.390838623, 123.762359619, 124.157096863, 124.540222168, 124.923355103, 125.318092346, 125.701225281, 126.084350586, 126.47908783, 126.862220764, 127.245346069, 127.640090942, 128.023223877, 128.406341553, 128.801086426, 129.18421936, 129.567337036, 129.962081909, 130.345214844, 130.728347778, 131.123077393, 131.506210327, 131.889343262, 132.272476196, 132.655593872, 133.050338745, 133.445083618, 133.828201294, 134.211334229, 134.594467163, 134.977600098, 135.372329712, 135.767074585, 136.15020752, 136.533325195, 136.91645813, 137.299591064, 137.694335938, 138.077453613, 138.460586548, 138.855331421, 139.238449097, 139.621582031, 140.016326904, 140.411056519, 140.794189453, 141.177322388, 141.560455322, 141.943572998, 142.338317871, 142.721450806, 143.10458374, 143.499313354, 143.894058228, 144.265579224, 144.648712158, 145.031829834, 145.426574707, 145.809707642, 146.192825317, 146.58757019, 146.982315063, 147.365432739, 147.748565674, 148.143310547, 148.526443481, 148.909561157, 149.30430603, 149.687438965, 150.070556641, 150.453689575, 150.83682251, 151.231567383, 151.626296997, 152.009429932, 152.392562866, 152.775695801, 153.158813477, 153.55355835, 153.936691284, 154.31980896, 154.714553833, 155.109298706, 155.492416382, 155.875549316, 156.258682251, 156.641815186, 157.0365448, 157.431289673, 157.814422607, 158.197555542, 158.592285156, 158.987030029, 159.370162964, 159.75328064, 160.124801636, 160.519546509, 160.914276123, 161.297409058, 161.680541992, 162.075286865, 162.458404541, 162.841537476, 163.22467041, 163.619400024, 164.002532959, 164.397277832, 164.780410767, 165.163528442, 165.546661377, 165.929794312, 166.324539185, 166.719268799, 167.102401733, 167.485534668, 167.880264282, 168.275009155, 168.646530151, 169.041259766, 169.4243927, 169.807525635, 170.202270508, 170.585388184, 170.968521118, 171.363265991, 171.746398926, 172.129516602, 172.524261475, 172.907394409, 173.290512085, 173.685256958, 174.068389893, 174.451522827, 174.846252441, 175.229385376, 175.612518311, 175.995635986, 176.378768921, 176.773513794, 177.156646729, 177.539764404, 177.934509277, 178.317642212, 178.700775146, 179.095504761, 179.478637695, 179.86177063, 180.244888306, 180.62802124, 181.022766113, 181.417495728, 181.800628662, 182.183761597, 182.57850647, 182.961624146, 183.34475708, 183.739501953, 184.122619629, 184.505752563, 184.900497437, 185.283630371, 185.666748047, 186.06149292, 186.444625854, 186.827758789, 187.222488403, 187.605621338, 187.988754272, 188.383483887, 188.766616821, 189.149749756, 189.53288269, 189.916000366, 190.310745239, 190.705490112, 191.088607788, 191.471740723, 191.866485596, 192.24961853, 192.632736206, 193.027481079, 193.410614014, 193.793731689, 194.176864624, 194.559997559, 194.954742432, 195.349472046, 195.73260498, 196.115737915, 196.498855591, 196.881988525, 197.276733398, 197.671463013, 198.054595947, 198.437728882, 198.832473755, 199.215591431, 199.598724365, 199.9818573, 200.364990234, 200.759719849, 201.142852783, 201.525985718, 201.909118652, 202.292236328, 202.675369263, 203.058502197, 203.453231812, 203.836364746, 204.231109619, 204.614242554, 205.008972168, 205.403717041, 205.798446655, 206.18157959, 206.564712524, 206.959457397, 207.342575073, 207.725708008, 208.108840942, 208.491973877, 208.886703491, 209.281448364, 209.664581299, 210.047698975, 210.430831909, 210.813964844, 211.208709717, 211.591827393, 211.974960327, 212.3697052, 212.752838135, 213.135955811, 213.530700684, 213.913833618, 214.296951294, 214.691696167, 215.074829102, 215.457962036, 215.841079712, 216.224212646, 216.61895752, 217.013687134, 217.396820068, 217.779953003, 218.163085938, 218.546203613, 218.940948486, 219.335693359, 219.718811035, 220.10194397, 220.485076904, 220.879821777, 221.262939453, 221.657684326, 222.040817261, 222.423934937, 222.81867981, 223.201812744, 223.584945679, 223.979675293, 224.362808228, 224.745941162, 225.129058838, 225.512191772, 225.906936646, 226.29006958, 226.673187256, 227.067932129, 227.451065063, 227.845794678, 228.228927612, 228.623672485, 228.995193481, 229.389923096, 229.77305603, 230.156188965, 230.550918579, 230.934051514, 231.317184448, 231.711929321, 232.095046997, 232.478179932, 232.872924805, 233.256057739, 233.639175415, 234.033920288, 234.417053223, 234.800170898, 235.194915771, 235.589660645, 235.97277832, 236.355911255, 236.750656128, 237.133789063, 237.516906738, 237.911651611, 238.294784546, 238.677902222, 239.072647095, 239.455780029, 239.838912964, 240.233642578, 240.616775513, 240.999908447, 241.383041382, 241.766159058, 242.160903931, 242.555648804, 242.938766479, 243.321899414, 243.705032349, 244.088165283, 244.482894897, 244.877639771, 245.260772705, 245.643890381, 246.027023315, 246.41015625, 246.804885864, 247.199630737, 247.582763672, 247.965896606, 248.349014282, 248.732147217, 249.12689209, 249.510025024, 249.8931427, 250.287887573, 250.671020508, 251.054138184, 251.448883057, 251.832015991, 252.215148926, 252.60987854, 252.993011475, 253.376144409, 253.770874023, 254.14239502, 254.537139893, 254.931884766, 255.315002441, 255.698135376, 256.09286499, 256.476013184, 256.859130859, 257.253875732, 257.636993408, 258.020141602, 258.414855957, 258.79800415, 259.181121826, 259.575866699, 259.958984375, 260.342132568, 260.736877441, 261.131591797, 261.52633667, 261.897857666, 262.281005859, 262.664123535, 263.058868408, 263.441986084, 263.825134277, 264.208251953, 264.591369629, 264.986114502, 265.380859375, 265.763977051, 266.147125244, 266.5418396, 266.924987793, 267.308105469, 267.691253662, 268.074371338, 268.469116211, 268.863861084, 269.24697876, 269.630096436, 270.013244629, 270.396362305, 270.791107178, 271.174224854, 271.557373047, 271.95211792, 272.335235596, 272.718353271, 273.113098145, 273.49621582, 273.879364014, 274.274108887, 274.657226563, 275.040344238, 275.423492432, 275.806610107, 276.20135498, 276.596099854, 276.979217529, 277.362365723, 277.757080078, 278.151824951, 278.523345947, 278.91809082, 279.301208496, 279.684356689, 280.067474365, 280.450592041, 280.845336914, 281.240081787, 281.611602783, 282.006347656, 282.389465332, 282.772613525, 283.167327881, 283.562072754, 283.945220947, 284.328338623, 284.723083496, 285.106201172, 285.489349365, 285.884063721, 286.278808594, 286.65032959, 287.033477783, 287.428192139, 287.811340332, 288.206085205, 288.589202881, 288.972320557, 289.35546875, 289.738586426, 290.133331299, 290.528076172, 290.911193848, 291.294311523, 291.677459717, 292.060577393, 292.455322266, 292.838439941, 293.221588135, 293.616333008, 293.999450684, 294.382568359, 294.777313232, 295.160461426, 295.543579102, 295.938323975, 296.32144165, 296.704589844, 297.099304199, 297.494049072, 297.877197266, 298.260314941, 298.643432617, 299.026580811, 299.421295166, 299.816040039, 300.199188232, 300.582305908, 300.965423584, 301.348571777, 301.731689453, 302.114837646, 302.509552002, 302.904296875, 303.287445068, 303.670562744, 304.05368042, 304.448425293, 304.831573486, 305.226287842, 305.609436035, 305.992553711, 306.387298584, 306.77041626, 307.153564453, 307.548278809, 307.931427002, 308.314544678, 308.697692871, 309.080810547, 309.47555542, 309.870300293, 310.253417969, 310.636535645, 311.031280518, 311.414428711, 311.797546387, 312.180664063, 312.563812256, 312.958557129, 313.341674805, 313.736419678, 314.119537354, 314.514282227, 314.897399902, 315.280548096, 315.663665771, 316.058410645, 316.44152832, 316.836273193, 317.219390869, 317.602539063, 317.985656738, 318.368804932, 318.763519287, 319.15826416, 319.541412354, 319.924530029, 320.307647705, 320.702392578, 321.085540771, 321.468658447, 321.851776123, 322.246520996, 322.629669189, 323.012786865, 323.384307861, 323.779052734, 324.17376709, 324.568511963, 324.963256836, 325.346374512, 325.729522705, 326.112640381, 326.495788574, 326.87890625, 327.262023926, 327.656768799, 328.051513672, 328.434631348, 328.817779541, 329.200897217, 329.58404541, 329.978759766, 330.373504639, 330.768249512, 331.151367188, 331.534515381, 331.929260254, 332.31237793, 332.695495605, 333.090240479, 333.473358154, 333.856506348, 334.239624023, 334.622772217, 335.017486572, 335.412231445, 335.806976318, 336.201721191, 336.596466064, 336.99118042, 337.362701416, 337.734222412, 338.105743408, 338.488891602, 338.872009277, 339.255126953, 339.638275146, 340.009796143, 340.427734375, 340.857330322, 341.286895752, 341.751281738, 342.192474365, 342.633636475, 343.074829102, 343.515991211, 343.957183838, 344.398345947, 344.839538574], "beats_loudness": {"dmean2": 0.0404477603734, "median": 0.0752059817314, "min": 0, "dvar2": 0.00113471935038, "dvar": 0.000396491435822, "dmean": 0.0229004677385, "max": 0.143863603473, "var": 0.000754452950787, "mean": 0.0736381709576}, "danceability": 1.16054165363, "bpm_histogram_second_peak_weight": {"dmean2": 0, "median": 0.33596393466, "min": 0.33596393466, "dvar2": 0, "dvar": 0, "dmean": 0, "max": 0.33596393466, "var": 0, "mean": 0.33596393466}, "beats_count": 888, "bpm_histogram_second_peak_bpm": {"dmean2": 0, "median": 152, "min": 152, "dvar2": 0, "dvar": 0, "dmean": 0, "max": 152, "var": 0, "mean": 152}, "bpm_histogram_first_peak_spread": {"dmean2": 0, "median": 0.03558716923, "min": 0.03558716923, "dvar2": 0, "dvar": 0, "dmean": 0, "max": 0.03558716923, "var": 0, "mean": 0.03558716923}, "beats_loudness_band_ratio": {"dmean2": [0.23291797936, 0.124304056168, 0.0906485766172, 0.0481829717755, 0.0457223244011, 0.0662479177117], "median": [0.693635225296, 0.112351492047, 0.0544155314565, 0.0312137212604, 0.0398363806307, 0.0504868477583], "min": [0, 0, 0, 0, 0, 0], "dvar2": [0.038197401911, 0.0136170592159, 0.00906087458134, 0.00280917948112, 0.00240356451832, 0.00310194352642], "dvar": [0.0129464836791, 0.00445336522534, 0.00318378373049, 0.000981461605988, 0.000859167310409, 0.0010048247641], "dmean": [0.132551565766, 0.0714859440923, 0.051880761981, 0.027104800567, 0.0258988980204, 0.0356100015342], "max": [0.971160888672, 0.493974506855, 0.479180365801, 0.324948430061, 0.289237082005, 0.259901046753], "var": [0.0248506404459, 0.00621623266488, 0.00364771485329, 0.000997052993625, 0.00122942845337, 0.00133147602901], "mean": [0.665345966816, 0.128439456224, 0.072213947773, 0.0389858484268, 0.0462630800903, 0.0535292290151]}}, "lowlevel": {"barkbands_spread": {"dmean2": 11.3357086182, "median": 29.92927742, "min": 0.516241669655, "dvar2": 121.361419678, "dvar": 50.8302726746, "dmean": 7.34189176559, "max": 103.646911621, "var": 194.573623657, "mean": 30.1275138855}, "melbands_spread": {"dmean2": 11.4334211349, "median": 20.3659439087, "min": 0.49224126339, "dvar2": 127.555519104, "dvar": 54.3841934204, "dmean": 7.36953020096, "max": 167.755477905, "var": 460.422363281, "mean": 24.8700580597}, "hfc": {"dmean2": 18.1614189148, "median": 32.5114936829, "min": 1.07804311799e-16, "dvar2": 540.033874512, "dvar": 234.826095581, "dmean": 12.0291213989, "max": 161.096008301, "var": 465.925323486, "mean": 34.9481925964}, "barkbands_kurtosis": {"dmean2": 4.39108276367, "median": 2.22693181038, "min": -1.87970805168, "dvar2": 39.0796813965, "dvar": 17.7059612274, "dmean": 2.87293314934, "max": 102.522163391, "var": 46.0062713623, "mean": 4.11783313751}, "gfcc": {"mean": [24.7235889435, 73.8955764771, -90.4059524536, 36.8440551758, -39.8326759338, 12.4726200104, -28.8369541168, 16.0047397614, -18.621131897, 4.80292415619, -13.3301315308, 4.1009311676, -9.14421653748], "icov": [[9.79047254077e-05, -0.000254479353316, 0.000211880163988, -0.000217005610466, 0.000336641358444, -0.000380932033295, 0.000398315140046, -0.000351761089405, 0.000260033499217, -0.000279882864561, 0.000660583318677, -0.000595208839513, 0.000508443510626], [-0.000254479353316, 0.00179398967884, 0.000370916211978, 0.0013426374644, -0.00100144930184, 0.00112193182576, -0.00145589897875, 0.00148292933591, -0.000950812536757, 0.00133070594165, -0.00269411294721, 0.002781532472, -0.00187817215919], [0.000211880163988, 0.000370916211978, 0.0033379776869, 0.00169522687793, -6.22635343461e-05, -0.00205183005892, 0.00033407099545, 0.000483088137116, -0.000179618858965, -0.000171822845004, 0.000852817727719, -0.00197715242393, 0.00156637828331], [-0.000217005610466, 0.0013426374644, 0.00169522687793, 0.00558486301452, -0.000451626227004, 0.000544068869203, -0.000619623344392, 0.00108755810652, -0.00078126200242, 0.00140762515366, -0.00202959030867, 0.00174490408972, -0.00207401369698], [0.000336641358444, -0.00100144930184, -6.22635343461e-05, -0.000451626227004, 0.00724178273231, 0.00130430352874, -0.000526630086824, -0.0012786394218, 0.0012363960268, -0.00399440247566, 0.00384755502455, -0.000491578364745, -0.00101512914989], [-0.000380932033295, 0.00112193182576, -0.00205183005892, 0.000544068869203, 0.00130430352874, 0.00975044630468, -0.00249370117672, 0.000671672692988, -0.00052158854669, -0.000152693450218, -0.00247373618186, 0.00202158116736, -0.0012779844692], [0.000398315140046, -0.00145589897875, 0.00033407099545, -0.000619623344392, -0.000526630086824, -0.00249370117672, 0.0119152022526, -0.00274136010557, -0.000487293757033, 0.00243114307523, -0.00115809123963, 0.000933126430027, -0.000187333993381], [-0.000351761089405, 0.00148292933591, 0.000483088137116, 0.00108755810652, -0.0012786394218, 0.000671672692988, -0.00274136010557, 0.013963134028, -0.00270579755306, -0.0038127345033, 0.00449053337798, -0.00300071411766, -0.000328860653099], [0.000260033499217, -0.000950812536757, -0.000179618858965, -0.00078126200242, 0.0012363960268, -0.00052158854669, -0.000487293757033, -0.00270579755306, 0.0153167014942, -0.000575609738007, -0.00696891406551, 0.00284135295078, 0.00112432276364], [-0.000279882864561, 0.00133070594165, -0.000171822845004, 0.00140762515366, -0.00399440247566, -0.000152693450218, 0.00243114307523, -0.0038127345033, -0.000575609738007, 0.0202823150903, -0.00853850413114, 0.000938748242334, 0.000733647495508], [0.000660583318677, -0.00269411294721, 0.000852817727719, -0.00202959030867, 0.00384755502455, -0.00247373618186, -0.00115809123963, 0.00449053337798, -0.00696891406551, -0.00853850413114, 0.0335722640157, -0.0131004601717, 0.0010073017329], [-0.000595208839513, 0.002781532472, -0.00197715242393, 0.00174490408972, -0.000491578364745, 0.00202158116736, 0.000933126430027, -0.00300071411766, 0.00284135295078, 0.000938748242334, -0.0131004601717, 0.0326065085828, -0.0116234980524], [0.000508443510626, -0.00187817215919, 0.00156637828331, -0.00207401369698, -0.00101512914989, -0.0012779844692, -0.000187333993381, -0.000328860653099, 0.00112432276364, 0.000733647495508, 0.0010073017329, -0.0116234980524, 0.0283023230731]], "cov": [[52233.2304688, 1621.57958984, -3544.13012695, 1604.21972656, -1631.70727539, 542.071411133, -1282.23718262, 860.119873047, -791.54083252, 173.793579102, -663.252685547, 224.50680542, -406.832580566], [1621.57958984, 1689.53625488, -460.317443848, -30.6261520386, 65.7995834351, -138.648849487, 144.382080078, -129.645553589, 87.1034851074, -84.1365280151, 72.7242507935, -103.473258972, 55.4055023193], [-3544.13012695, -460.317443848, 797.320007324, -270.37991333, 63.705116272, 101.206512451, 40.0811920166, -28.7589817047, 29.2626419067, 20.3980197906, 25.0252437592, 30.1196098328, -14.2447662354], [1604.21972656, -30.6261520386, -270.37991333, 319.008911133, -53.5264015198, -14.6834917068, -34.9311256409, 15.245013237, -17.0356197357, -9.7560005188, -12.2700433731, -0.0133616095409, 6.21338701248], [-1631.70727539, 65.7995834351, 63.705116272, -53.5264015198, 244.149017334, -65.8607330322, 51.9370956421, -6.52323532104, 11.3054208755, 18.9808177948, 3.24813938141, -14.1627492905, 25.4093112946], [542.071411133, -138.648849487, 101.206512451, -14.6834917068, -65.8607330322, 162.433517456, -7.72648096085, 15.1563911438, -5.57438659668, 9.85968589783, -0.866292953491, 13.7484884262, -14.8758544922], [-1282.23718262, 144.382080078, 40.0811920166, -34.9311256409, 51.9370956421, -7.72648096085, 147.712753296, -23.990234375, 40.370475769, -22.6614513397, 29.4268989563, -20.6909942627, 19.4900226593], [860.119873047, -129.645553589, -28.7589817047, 15.245013237, -6.52323532104, 15.1563911438, -23.990234375, 119.240203857, -15.3550682068, 30.5148448944, -27.7399158478, 20.3993148804, -10.4851999283], [-791.54083252, 87.1034851074, 29.2626419067, -17.0356197357, 11.3054208755, -5.57438659668, 40.370475769, -15.3550682068, 99.9992904663, -1.64182591438, 37.9198226929, -12.1434793472, 7.10799837112], [173.793579102, -84.1365280151, 20.3980197906, -9.7560005188, 18.9808177948, 9.85968589783, -22.6614513397, 30.5148448944, -1.64182591438, 72.3825836182, 5.99382448196, 13.7064113617, -5.61410856247], [-663.252685547, 72.7242507935, 25.0252437592, -12.2700433731, 3.24813938141, -0.866292953491, 29.4268989563, -27.7399158478, 37.9198226929, 5.99382448196, 63.4694213867, 7.41836309433, 13.5328540802], [224.50680542, -103.473258972, 30.1196098328, -0.0133616095409, -14.1627492905, 13.7484884262, -20.6909942627, 20.3993148804, -12.1434793472, 13.7064113617, 7.41836309433, 53.9076843262, 9.64763736725], [-406.832580566, 55.4055023193, -14.2447662354, 6.21338701248, 25.4093112946, -14.8758544922, 19.4900226593, -10.4851999283, 7.10799837112, -5.61410856247, 13.5328540802, 9.64763736725, 51.1524124146]]}, "spectral_energyband_middle_low": {"dmean2": 0.00793210417032, "median": 0.0120609272271, "min": 1.33932552053e-22, "dvar2": 7.24866695236e-05, "dvar": 3.22689302266e-05, "dmean": 0.00525850616395, "max": 0.0984654426575, "var": 8.35826722323e-05, "mean": 0.0139507809654}, "melbands_crest": {"dmean2": 6.44049358368, "median": 16.7917079926, "min": 1.59263348579, "dvar2": 27.0343399048, "dvar": 11.1708936691, "dmean": 4.05712795258, "max": 33.913066864, "var": 32.0493659973, "mean": 16.8110561371}, "spectral_kurtosis": {"dmean2": 2.41222262383, "median": 3.54938864708, "min": -1.2776209116, "dvar2": 62.3617706299, "dvar": 23.4867362976, "dmean": 1.48576700687, "max": 362.23046875, "var": 58.2699203491, "mean": 4.5252199173}, "spectral_rms": {"dmean2": 0.00163613574114, "median": 0.0069501879625, "min": 3.10275242998e-12, "dvar2": 2.12138752431e-06, "dvar": 1.00185138763e-06, "dmean": 0.00109360972419, "max": 0.0126573191956, "var": 4.40844996774e-06, "mean": 0.006788442377}, "zerocrossingrate": {"dmean2": 0.0169064551592, "median": 0.06591796875, "min": 0.001953125, "dvar2": 0.000279446510831, "dvar": 0.000160776791745, "dmean": 0.0128080435097, "max": 0.53466796875, "var": 0.00564662320539, "mean": 0.0777430385351}, "silence_rate_60dB": {"dmean2": 0.000268943724222, "median": 0, "min": 0, "dvar2": 0.000268871401204, "dvar": 0.000134427056764, "dmean": 0.000134462825372, "max": 1, "var": 0.0449115484953, "mean": 0.0471260510385}, "erbbands_kurtosis": {"dmean2": 0.980258226395, "median": -0.361809700727, "min": -1.7503913641, "dvar2": 2.16919779778, "dvar": 1.02421009541, "dmean": 0.631149053574, "max": 57.1114311218, "var": 2.04110646248, "mean": -0.0942156463861}, "erbbands": {"dmean2": [0.756582021713, 3.4477789402, 8.18531131744, 8.93483066559, 11.5881643295, 16.0713672638, 17.3797016144, 19.0716075897, 24.6159286499, 24.3365039825, 27.6948471069, 29.0194740295, 27.3875713348, 23.4575519562, 24.9760131836, 20.9156684875, 24.8708400726, 29.2870616913, 26.4749736786, 22.1833820343, 37.8325538635, 38.6815948486, 29.571685791, 27.2206802368, 24.2939872742, 17.597869873, 13.8264417648, 13.4213418961, 11.0012350082, 11.1610746384, 13.1298456192, 7.28066158295, 4.1812620163, 2.0504693985, 1.32579052448, 0.887238562107, 0.346197009087, 0.0691138505936, 0.0078894244507, 0.000565680733416], "median": [0.651948571205, 2.90218567848, 5.63987827301, 6.21569490433, 7.82087182999, 11.8274536133, 10.8327045441, 12.4529695511, 14.4595336914, 13.2239923477, 16.3789386749, 17.5696563721, 18.3156661987, 16.7709999084, 16.5712718964, 14.5573692322, 16.1402816772, 17.5848617554, 20.1935844421, 21.1195430756, 40.6045684814, 49.0095100403, 36.9983520508, 34.4216918945, 32.5817680359, 20.8171253204, 14.5266933441, 14.0441255569, 5.40930652618, 4.06690120697, 3.68906497955, 2.69593048096, 1.86728084087, 1.46941697598, 1.07947385311, 0.482835650444, 0.154952198267, 0.0205930676311, 0.00266676791944, 0.000211029197089], "min": [1.63534873066e-23, 2.58817361772e-22, 1.40814675564e-21, 4.09401088838e-21, 1.01014876352e-20, 1.77419594673e-20, 3.12408927514e-20, 6.21208504124e-20, 6.27995068686e-20, 1.42902404306e-19, 2.23676255079e-19, 2.71659477299e-19, 3.75338683017e-19, 5.81984943645e-19, 1.01311675218e-18, 1.21236719096e-18, 1.3453672869e-18, 1.44924369765e-18, 2.1472492008e-18, 2.57035084335e-18, 2.84827256903e-18, 3.98857888695e-18, 4.60482554817e-18, 5.61521177715e-18, 6.27568613136e-18, 5.66312001028e-18, 7.873296149e-18, 8.21628907154e-18, 1.05560678686e-17, 1.00118549903e-17, 9.96718061977e-18, 1.08488368659e-17, 8.79008771885e-18, 8.23180367111e-18, 5.75751910255e-18, 3.75542562359e-18, 2.16339245764e-18, 9.68873963146e-19, 2.40897638445e-19, 2.37563315401e-20], "dvar2": [0.665941178799, 15.2905988693, 90.4813613892, 110.786071777, 205.020004272, 388.148681641, 511.752563477, 911.698303223, 1790.42468262, 2881.88549805, 2900.12109375, 4058.86401367, 1520.65197754, 1202.85583496, 2552.62060547, 1647.16442871, 2127.13183594, 4058.98095703, 2778.78662109, 908.332885742, 2380.8503418, 2319.10742188, 1529.6784668, 1054.25402832, 866.081542969, 706.510192871, 323.93157959, 300.511352539, 286.208251953, 324.054168701, 844.165649414, 159.190719604, 61.9164733887, 8.99653434753, 2.56840395927, 1.21387052536, 0.26522320509, 0.0107191009447, 0.000119318625366, 7.10867766429e-07], "dvar": [0.27517452836, 6.29168987274, 39.9770240784, 42.4193534851, 80.686668396, 156.188583374, 200.160430908, 387.681976318, 741.318359375, 1292.86901855, 1279.25341797, 1806.83056641, 671.23260498, 533.632629395, 1086.30773926, 710.39855957, 890.883911133, 1888.58422852, 1239.48828125, 401.203460693, 990.821716309, 909.839233398, 623.606384277, 394.654052734, 341.010803223, 273.861480713, 126.482315063, 120.11832428, 123.189254761, 158.245498657, 340.26361084, 65.4708404541, 27.9679756165, 4.34926319122, 1.1606553793, 0.533904492855, 0.104725271463, 0.00421946821734, 4.95233689435e-05, 2.97169435726e-07], "dmean": [0.489069193602, 2.2113096714, 5.31202554703, 5.45599555969, 7.11959314346, 10.0285778046, 10.6228199005, 12.0215187073, 15.3965997696, 15.2263231277, 17.2917098999, 18.608171463, 16.9912471771, 14.6663675308, 15.7081165314, 12.889919281, 15.3057546616, 18.2763290405, 16.3798751831, 13.5007953644, 22.8186283112, 23.2704486847, 17.7741260529, 16.2776165009, 14.703163147, 10.692150116, 8.3973493576, 8.19913482666, 6.81186294556, 7.11284685135, 8.18649768829, 4.59561872482, 2.75366520882, 1.3636162281, 0.845526993275, 0.57160961628, 0.219329833984, 0.0428402125835, 0.00488802138716, 0.000357671640813], "max": [4.36492872238, 23.5209598541, 83.9034881592, 81.1689682007, 130.540863037, 256.592987061, 216.464080811, 587.339355469, 511.844146729, 1218.44067383, 1238.63256836, 1199.2355957, 749.068481445, 737.975891113, 1507.859375, 1495.25402832, 902.756530762, 2026.15307617, 1308.76806641, 485.638336182, 900.340881348, 1086.50622559, 1060.78796387, 534.873657227, 379.065216064, 750.847961426, 244.866821289, 166.490310669, 290.995117188, 411.803161621, 484.821533203, 73.5971908569, 73.5204315186, 27.5071563721, 11.9409780502, 7.49417304993, 3.13163137436, 0.563929140568, 0.0917663499713, 0.00799975916743], "var": [0.509964048862, 9.70433521271, 77.4390335083, 61.1044845581, 118.021102905, 273.340087891, 291.682098389, 600.444091797, 1128.51367188, 2129.84985352, 1948.05932617, 2810.53588867, 1258.35668945, 916.31829834, 1508.84387207, 1129.78710938, 1252.51904297, 2849.82055664, 1728.87963867, 820.992797852, 2193.57543945, 2548.28613281, 1474.20959473, 1131.61376953, 985.903747559, 500.206481934, 219.890167236, 235.879684448, 164.187561035, 255.797988892, 396.587432861, 81.5614471436, 46.8945465088, 7.87451982498, 2.14611530304, 0.764933228493, 0.118778057396, 0.00433986354619, 5.17048320035e-05, 3.53556657728e-07], "mean": [0.836939752102, 3.67381238937, 8.54951095581, 8.45442008972, 11.0156021118, 16.4248905182, 16.1459827423, 18.8270816803, 23.8754634857, 23.5737190247, 27.100440979, 30.2688732147, 27.6283493042, 24.0407581329, 25.1725711823, 21.143453598, 24.2538337708, 28.7285194397, 28.0789890289, 26.5841636658, 47.8022117615, 54.5235443115, 40.8151054382, 38.4273262024, 35.8497810364, 23.6264095306, 16.5118331909, 16.5296154022, 9.80065250397, 9.79010009766, 10.2676410675, 6.18595695496, 4.35277891159, 2.32341480255, 1.49501013756, 0.796499013901, 0.258609503508, 0.0442114397883, 0.00519652152434, 0.000426669081207]}, "spectral_strongpeak": {"dmean2": 0.417408853769, "median": 0.32133308053, "min": 0, "dvar2": 0.527437448502, "dvar": 0.198656737804, "dmean": 0.243761733174, "max": 10.2660140991, "var": 0.194523200393, "mean": 0.407245218754}, "spectral_energy": {"dmean2": 0.0245783291757, "median": 0.0495127402246, "min": 9.86774933546e-21, "dvar2": 0.000546939088963, "dvar": 0.000255100021604, "dmean": 0.0163343902677, "max": 0.164212927222, "var": 0.000621998799033, "mean": 0.0517537333071}, "average_loudness": 0.974432826042, "spectral_rolloff": {"dmean2": 1038.95715332, "median": 1055.12695313, "min": 21.533203125, "dvar2": 1716448.875, "dvar": 739857.6875, "dmean": 641.471984863, "max": 19832.0800781, "var": 8917507, "mean": 1832.55834961}, "spectral_centroid": {"dmean2": 386.765106201, "median": 1811.29504395, "min": 141.793823242, "dvar2": 163055.5, "dvar": 71961.8046875, "dmean": 246.725845337, "max": 11899.1787109, "var": 2614562.5, "mean": 1888.30053711}, "pitch_salience": {"dmean2": 0.138109326363, "median": 0.563451468945, "min": 0.152202546597, "dvar2": 0.0133244739845, "dvar": 0.00547474622726, "dmean": 0.0887544229627, "max": 0.919790685177, "var": 0.0144157428294, "mean": 0.558020591736}, "spectral_energyband_middle_high": {"dmean2": 0.00301979924552, "median": 0.00682094274089, "min": 1.12114678898e-21, "dvar2": 1.25133747133e-05, "dvar": 5.95515575696e-06, "dmean": 0.00194265332539, "max": 0.0616484098136, "var": 2.01415896299e-05, "mean": 0.00679409084842}, "spectral_contrast_coeffs": {"dmean2": [0.0850419849157, 0.0784718394279, 0.0613295771182, 0.0467692352831, 0.0342690460384, 0.0309898685664], "median": [-0.69695186615, -0.777258574963, -0.804742097855, -0.812993586063, -0.800230562687, -0.764661073685], "min": [-0.982811808586, -0.990603387356, -0.979155778885, -0.973146021366, -0.970797359943, -0.965976059437], "dvar2": [0.00447363080457, 0.00388586916961, 0.00234573148191, 0.00145544344559, 0.000852088502143, 0.000713813642506], "dvar": [0.00169277959503, 0.00143914460205, 0.000875667959917, 0.000560091808438, 0.000352658360498,