{"metadata": {"tags": {"album": ["Christina Aguilera"], "albumartist": ["Various Artists"], "genre": ["Pop"], "artist": ["Christina Aguilera"], "date": ["1999"], "tracknumber": ["16"], "title": ["Dame Lo Que Yo Te Doy(Get Mine, Get Yours - Spanish Version)"], "file_name": "170567.mp3", "musicbrainz_recordingid": ["1bea5080-0f83-43c3-a281-f246ab972f2d"]}, "audio_properties": {"sample_rate": 44100, "downmix": "mix", "lossless": false, "analysis_sample_rate": 44100, "md5_encoded": "d5e8f1f650e7758813d2f803fbce477c", "equal_loudness": 0, "replay_gain": -16.4456176758, "codec": "mp3", "bit_rate": 192000, "length": 224.287353516}, "version": {"extractor": "music 1.0", "essentia_build_sha": "70f2e5ece6736b2c40cc944ad0e695b16b925413", "essentia_git_sha": "v2.1_beta2", "essentia": "2.1-beta2"}}, "rhythm": {"beats_loudness_band_ratio": {"dvar2": [0.262782812119, 0.0330964326859, 0.0158976409584, 0.06674195081, 0.0431186780334, 0.0807881504297], "var": [0.110043771565, 0.0109585691243, 0.00685594556853, 0.0241884626448, 0.0111132794991, 0.027167128399], "min": [0.000446376594482, 0.00139669911005, 0.00113601493649, 0.00437829131261, 0.000180399089004, 1.75894692802e-05], "dmean": [0.4757335186, 0.140433415771, 0.0792545080185, 0.11569622159, 0.0944439992309, 0.234867289662], "mean": [0.456852823496, 0.102797247469, 0.0827299952507, 0.119355715811, 0.113352365792, 0.16378480196], "max": [0.975241363049, 0.553938090801, 0.475203722715, 0.908377289772, 0.769567787647, 0.645440161228], "dmean2": [0.923030912876, 0.275675028563, 0.144839644432, 0.212856650352, 0.171085491776, 0.466866135597], "median": [0.489130467176, 0.0692924633622, 0.0549536198378, 0.0576200634241, 0.0851495116949, 0.0866979956627], "dvar": [0.077749311924, 0.0104288859293, 0.00589882582426, 0.0231336969882, 0.0127878477797, 0.0252689197659]}, "bpm_histogram_first_peak_weight": {"dvar2": 0, "var": 0, "min": 0.849693238735, "dmean": 0, "mean": 0.849693238735, "max": 0.849693238735, "dmean2": 0, "median": 0.849693238735, "dvar": 0}, "bpm": 87.8372116089, "beats_count": 327, "bpm_histogram_first_peak_spread": {"dvar2": 0, "var": 0, "min": 0.117834448814, "dmean": 0, "mean": 0.117834448814, "max": 0.117834448814, "dmean2": 0, "median": 0.117834448814, "dvar": 0}, "danceability": 1.12849617004, "bpm_histogram_first_peak_bpm": {"dvar2": 0, "var": 0, "min": 88, "dmean": 0, "mean": 88, "max": 88, "dmean2": 0, "median": 88, "dvar": 0}, "beats_position": [0.708208620548, 1.43963718414, 2.15945577621, 2.89088439941, 3.62231278419, 4.33052158356, 5.00390005112, 5.6888885498, 6.37387752533, 7.05886602402, 7.73224496841, 8.4172334671, 9.10222244263, 9.79882049561, 10.4954195023, 11.1920175552, 11.900226593, 12.6084346771, 13.3050336838, 13.9900226593, 14.6750106812, 15.3599996567, 16.0449886322, 16.7183666229, 17.391746521, 18.0767345428, 18.7617225647, 19.4467124939, 20.1317005157, 20.8166885376, 21.4900684357, 22.1750564575, 22.8484344482, 23.5334243774, 24.2184123993, 24.9034004211, 25.5883903503, 26.2617683411, 26.9351463318, 27.620136261, 28.3051242828, 28.9901123047, 29.6751022339, 30.3600902557, 31.0334682465, 31.7184581757, 32.391834259, 33.0768241882, 33.7618141174, 34.4468002319, 35.1317901611, 35.8167800903, 36.4901580811, 37.1751480103, 37.848526001, 38.5335159302, 39.2185020447, 39.9034919739, 40.5884780884, 41.2618598938, 41.9352378845, 42.6318359375, 43.3052139282, 43.9902038574, 44.6751937866, 45.3485717773, 46.0219497681, 46.718547821, 47.3919258118, 48.076915741, 48.7619056702, 49.4468917847, 50.1202697754, 50.8052597046, 51.4786376953, 52.1636276245, 52.8486175537, 53.5336036682, 54.2185935974, 54.9035835266, 55.5769615173, 56.2619476318, 56.9353294373, 57.6203155518, 58.305305481, 58.9902954102, 59.6636734009, 60.3486595154, 61.0220413208, 61.7070274353, 62.3920173645, 63.0770072937, 63.7503852844, 64.4353713989, 65.1087493896, 65.7937393188, 66.478729248, 67.1637191772, 67.8487091064, 68.5336914062, 69.2070770264, 69.8920593262, 70.5654373169, 71.2504272461, 71.9354171753, 72.632019043, 73.3053970337, 73.9787750244, 74.6521530151, 75.3371429443, 76.0221328735, 76.7071151733, 77.3921051025, 78.0770950317, 78.7620849609, 79.4354629517, 80.1088409424, 80.8054428101, 81.4788208008, 82.1754150391, 82.8487930298, 83.533782959, 84.2187728882, 84.8921508789, 85.5655288696, 86.2621307373, 86.935508728, 87.6204986572, 88.2938766479, 88.9788665771, 89.6522445679, 90.3488388062, 91.0222167969, 91.7072067261, 92.3921966553, 93.0771865845, 93.7505645752, 94.4355545044, 95.1089324951, 95.7939224243, 96.4789123535, 97.1638946533, 97.8372802734, 98.5222625732, 99.1956481934, 99.8922424316, 100.565620422, 101.250610352, 101.935600281, 102.62059021, 103.293968201, 103.97895813, 104.652336121, 105.33732605, 106.02230835, 106.718910217, 107.392288208, 108.065666199, 108.739044189, 109.424034119, 110.109024048, 110.794013977, 111.479003906, 112.163986206, 112.837364197, 113.522354126, 114.195732117, 114.892333984, 115.565711975, 116.250701904, 116.935691833, 117.609069824, 118.282447815, 118.967437744, 119.652427673, 120.349021912, 121.022399902, 121.695777893, 122.380767822, 123.065757751, 123.739135742, 124.424125671, 125.109115601, 125.79410553, 126.47908783, 127.164077759, 127.83745575, 128.522445679, 129.195831299, 129.880813599, 130.565795898, 131.250793457, 131.935775757, 132.609161377, 133.282531738, 133.955917358, 134.606079102, 135.279449463, 135.952835083, 136.649429321, 137.322814941, 138.01940918, 138.692779541, 139.3777771, 140.051147461, 140.73614502, 141.409515381, 142.094512939, 142.779495239, 143.476104736, 144.149475098, 144.834457397, 145.507843018, 146.192825317, 146.866210938, 147.562805176, 148.236190796, 148.921173096, 149.606170654, 150.279541016, 150.952926636, 151.649520874, 152.322906494, 153.007888794, 153.692871094, 154.377868652, 155.062850952, 155.736236572, 156.409606934, 157.094604492, 157.779586792, 158.47618103, 159.14956665, 159.822952271, 160.496322632, 161.19291687, 161.86630249, 162.55128479, 163.236282349, 163.921264648, 164.594650269, 165.279632568, 165.953018188, 166.649612427, 167.322982788, 168.019592285, 168.692962646, 169.366348267, 170.039718628, 170.724716187, 171.409698486, 172.094696045, 172.779678345, 173.464660645, 174.149658203, 174.823028564, 175.496414185, 176.193008423, 176.866394043, 177.551376343, 178.236373901, 178.909744263, 179.594741821, 180.279724121, 180.953109741, 181.638092041, 182.323074341, 182.996459961, 183.669830322, 184.354827881, 185.039810181, 185.736419678, 186.409790039, 187.094787598, 187.779769897, 188.464752197, 189.138137817, 189.823120117, 190.496505737, 191.181488037, 191.866485596, 192.551467896, 193.236465454, 193.909835815, 194.583221436, 195.268203735, 195.953201294, 196.638183594, 197.323165894, 197.996551514, 198.681533813, 199.366531372, 200.039901733, 200.73651123, 201.409881592, 202.09487915, 202.768249512, 203.453231812, 204.126617432, 204.811599731, 205.49659729, 206.18157959, 206.866577148, 207.551559448, 208.224945068, 208.909927368, 209.583312988, 210.268295288, 210.953277588, 211.638275146, 212.323257446, 213.019866943, 213.716461182, 214.41305542, 215.109649658, 215.748199463, 216.386749268, 217.071746826, 217.756729126, 218.476547241, 219.196365356, 219.916183472, 220.636001587, 221.344207764, 222.064025879, 222.783843994, 223.49206543], "beats_loudness": {"dvar2": 0.00105848838575, "var": 0.000431863445556, "min": 1.05253423044e-06, "dmean": 0.0234611593187, "mean": 0.0298713333905, "max": 0.0866518244147, "dmean2": 0.0439610593021, "median": 0.0254141073674, "dvar": 0.000335741206072}, "bpm_histogram_second_peak_weight": {"dvar2": 0, "var": 0, "min": 0.0306748468429, "dmean": 0, "mean": 0.0306748468429, "max": 0.0306748468429, "dmean2": 0, "median": 0.0306748468429, "dvar": 0}, "bpm_histogram_second_peak_spread": {"dvar2": 0, "var": 0, "min": 0, "dmean": 0, "mean": 0, "max": 0, "dmean2": 0, "median": 0, "dvar": 0}, "bpm_histogram_second_peak_bpm": {"dvar2": 0, "var": 0, "min": 83, "dmean": 0, "mean": 83, "max": 83, "dmean2": 0, "median": 83, "dvar": 0}, "onset_rate": 4.24422550201}, "lowlevel": {"spectral_energyband_high": {"dvar2": 4.54257678939e-06, "var": 2.28204862651e-06, "min": 7.98849191897e-21, "dmean": 0.000540998589713, "mean": 0.000757413858082, "max": 0.0143221374601, "dmean2": 0.000830833276268, "median": 0.000216080094106, "dvar": 1.8365520873e-06}, "spectral_energyband_middle_low": {"dvar2": 3.48067333107e-05, "var": 1.92112929653e-05, "min": 2.49533667986e-22, "dmean": 0.00195734878071, "mean": 0.00327223166823, "max": 0.0550168864429, "dmean2": 0.00331151997671, "median": 0.00173520226963, "dvar": 1.27421462821e-05}, "spectral_energy": {"dvar2": 0.000272837729426, "var": 0.000280888460111, "min": 1.06252125164e-20, "dmean": 0.00710819615051, "mean": 0.0183519404382, "max": 0.101775400341, "dmean2": 0.011174405925, "median": 0.0141758378595, "dvar": 0.000111998226203}, "spectral_spread": {"dvar2": 2116297162750.0, "var": 5182515576830.0, "min": 712213.5625, "dmean": 832241.8125, "mean": 4490024, "max": 41651588, "dmean2": 1088301.375, "median": 3908521.25, "dvar": 1284538892290.0}, "spectral_energyband_low": {"dvar2": 0.000209315301618, "var": 0.00013425401994, "min": 3.12519806269e-23, "dmean": 0.00439484789968, "mean": 0.00770425517112, "max": 0.0925642848015, "dmean2": 0.00705845002085, "median": 0.00258128112182, "dvar": 8.61591033754e-05}, "spectral_rolloff": {"dvar2": 4807240.5, "var": 5153226, "min": 43.06640625, "dmean": 857.236572266, "mean": 2279.34155273, "max": 19164.5507812, "dmean2": 1400.4543457, "median": 1722.65625, "dvar": 2367000.25}, "barkbands": {"dvar2": [2.66476968136e-06, 0.000111537017801, 7.7410688391e-05, 1.01071118479e-05, 5.7502902564e-06, 3.13482814818e-07, 1.43862405366e-06, 1.99146893465e-06, 5.2641057664e-06, 8.83258235262e-06, 9.19700778468e-06, 1.29624213514e-05, 4.71946941616e-06, 8.14569011709e-06, 4.60346700493e-06, 4.26982251156e-06, 4.2185618554e-07, 9.26368386445e-07, 2.30564342019e-06, 7.750951454e-07, 2.01071841843e-07, 2.03628374607e-07, 1.989249796e-07, 7.10660472691e-08, 2.96325566751e-07, 1.29825861173e-09, 1.13006739383e-12], "var": [3.26845997733e-06, 6.80253433529e-05, 1.54976241902e-05, 2.09011273e-06, 1.96943665287e-06, 3.22830459254e-07, 9.42306030538e-07, 1.09996449282e-06, 6.26950486549e-06, 8.66602931637e-06, 1.63588010764e-05, 1.85487861017e-05, 4.06659273722e-06, 5.64599940844e-06, 3.41408190252e-06, 2.91160654342e-06, 3.73629120531e-07, 7.95406492671e-07, 1.50186110659e-06, 1.15370994536e-06, 9.73493641254e-08, 7.66516023987e-08, 6.99866689047e-08, 5.08265181054e-08, 2.02129299964e-07, 4.31778529597e-10, 2.04673016274e-13], "min": [3.273675569e-23, 7.32055583639e-24, 3.56502809148e-24, 4.33375647754e-24, 7.3475527076e-23, 6.47858455518e-23, 3.71188717077e-23, 2.52929174602e-23, 2.95445132856e-23, 4.30886428722e-23, 2.44889624905e-23, 1.61050308313e-23, 6.89684050039e-23, 1.44728094608e-22, 1.94223285151e-22, 1.43905419969e-22, 1.73931409775e-22, 1.27485021481e-22, 2.40296296113e-22, 2.70308502941e-22, 3.0318857888e-22, 5.75401051259e-22, 6.75055160977e-22, 8.42330175056e-22, 1.1836526435e-21, 1.3930083003e-21, 2.63842766721e-21], "dmean": [0.000549279036932, 0.00321970228106, 0.00128703378141, 0.000492717546877, 0.000487667683046, 0.000208685582038, 0.000266770133749, 0.000342668092344, 0.000655887939502, 0.000700426113326, 0.000523414521012, 0.000719223404303, 0.000352047703927, 0.000464935816126, 0.000385798193747, 0.000396238174289, 0.00015074822295, 0.000233731407207, 0.000379453238565, 0.000224225441343, 9.50754838414e-05, 8.35069804452e-05, 8.0409416114e-05, 7.21827236703e-05, 0.000158203634783, 6.26775545243e-06, 8.37323312908e-08], "mean": [0.000965412473306, 0.00564124668017, 0.000965306826402, 0.000388044834835, 0.000586708425544, 0.000350867776433, 0.000367770262528, 0.000459034083178, 0.000990325119346, 0.000985839986242, 0.000975157599896, 0.00119702145457, 0.000504082068801, 0.000677966978401, 0.000566130620427, 0.000565353257116, 0.000235730258282, 0.000371146597899, 0.000573456578422, 0.000385797087802, 0.000134220943437, 9.083536861e-05, 8.5867686721e-05, 9.47101725615e-05, 0.000188342033653, 5.5142236306e-06, 4.90511737894e-08], "max": [0.0155289862305, 0.0878219008446, 0.0447319224477, 0.017541822046, 0.0209703911096, 0.0093892654404, 0.0304266680032, 0.0191733688116, 0.0448220446706, 0.0584624782205, 0.0596344023943, 0.0909253060818, 0.0522738173604, 0.0641160458326, 0.0523387640715, 0.0338995531201, 0.02159887366, 0.0264887586236, 0.0202294625342, 0.0366225540638, 0.00776166561991, 0.00336749479175, 0.0029667194467, 0.00357289612293, 0.00600941339508, 0.000623964937404, 1.29413974719e-05], "dmean2": [0.000795549887698, 0.0051573603414, 0.00240203551948, 0.000929933972657, 0.000849895528518, 0.000325892382534, 0.000441792013589, 0.000560522428714, 0.00101707491558, 0.00110284844413, 0.000819456821773, 0.00111011671834, 0.000542240566574, 0.000734595523681, 0.000605799257755, 0.000612686737441, 0.000240561857936, 0.000372550974134, 0.00059902376961, 0.000336232595146, 0.000151649437612, 0.000132420231239, 0.000130983666168, 0.000108209525933, 0.000237667118199, 1.03369975477e-05, 1.59336565275e-07], "median": [1.6966387193e-05, 0.00154361804016, 0.000111282795842, 5.38064232387e-05, 0.000162084470503, 0.000148313716636, 9.41155594774e-05, 0.000130840577185, 0.000219353940338, 0.000178512127604, 5.0796657888e-05, 0.000114994109026, 0.000105753853859, 0.000153825705638, 0.000137767798151, 0.000162212963914, 9.03180844034e-05, 0.000134003668791, 0.000139044394018, 9.74869326456e-05, 4.42503187514e-05, 1.55399429786e-05, 1.1588257621e-05, 1.40757510962e-05, 2.43418089667e-05, 1.35554429903e-07, 2.63770782993e-10], "dvar": [1.34973538479e-06, 4.36299596913e-05, 2.69230913545e-05, 3.46214483216e-06, 2.07242737815e-06, 1.3369570695e-07, 5.93663116888e-07, 7.89452428762e-07, 2.32934507949e-06, 3.51677499566e-06, 3.93908158003e-06, 5.88513967159e-06, 2.15910540646e-06, 3.37556616614e-06, 2.04120601666e-06, 1.88019851066e-06, 1.83435489021e-07, 4.41145147079e-07, 9.28087217744e-07, 4.27080806276e-07, 7.94111727487e-08, 8.02434811931e-08, 7.55924958185e-08, 3.10633048173e-08, 1.3149154654e-07, 5.0131976348e-10, 3.8489074124e-13]}, "melbands_skewness": {"dvar2": 5.71403360367, "var": 8.64407062531, "min": -2.99132657051, "dmean": 1.09609925747, "mean": 2.53474068642, "max": 37.7183265686, "dmean2": 1.66247701645, "median": 1.69864428043, "dvar": 2.61816382408}, "barkbands_skewness": {"dvar2": 2.06519770622, "var": 3.93942332268, "min": -6.16105222702, "dmean": 0.763524353504, "mean": 1.2911080122, "max": 15.7836055756, "dmean2": 1.14115905762, "median": 0.858354508877, "dvar": 0.978493690491}, "erbbands": {"dvar2": [0.299938082695, 2.91311860085, 67.2314987183, 146.428405762, 42.8356018066, 98.0258102417, 31.1011047363, 34.246307373, 166.017852783, 657.865905762, 842.953125, 2715.21118164, 4132.25097656, 10929.4638672, 17865.5332031, 14830.0996094, 10531.5214844, 19195.328125, 10497.4541016, 10627.9794922, 9565.81152344, 1152.54296875, 1183.32324219, 4183.65869141, 6109.54199219, 2643.56689453, 327.970916748, 309.506134033, 270.840423584, 255.209442139, 136.491867065, 49.880115509, 21.2156734467, 24.9078216553, 18.1285419464, 0.477591484785, 0.000253403472016, 2.09063409784e-06, 6.23617566475e-08, 9.66778768152e-10], "var": [0.17309217155, 1.828353405, 14.5822019577, 28.2917785645, 21.4615325928, 26.2171230316, 11.4570903778, 34.9404449463, 132.541763306, 393.173828125, 540.574707031, 2913.42602539, 3702.37402344, 10723.0214844, 30747.9492188, 17186.5859375, 9675.45507812, 12761.3583984, 7704.64599609, 12133.3886719, 6297.2265625, 1357.33410645, 1029.50024414, 3258.07568359, 4304.71728516, 3679.53588867, 266.327178955, 125.998031616, 103.377105713, 81.9927825928, 52.0293388367, 21.9117126465, 19.0798816681, 17.3901023865, 12.3192510605, 0.237346664071, 0.000123296893435, 6.50892559406e-07, 1.48980436876e-08, 6.8019229138e-10], "min": [4.30545236914e-22, 1.25994652447e-21, 3.59920138181e-21, 1.22397955629e-20, 5.49086432645e-20, 2.75810579806e-19, 5.46792544484e-19, 5.60059435835e-19, 5.3430273762e-19, 3.57497534578e-19, 6.60431444218e-19, 7.80813003316e-19, 7.39049894959e-19, 1.54368021985e-18, 8.71836785102e-19, 9.57587910869e-19, 2.79612586244e-18, 5.67781197873e-18, 1.08616027443e-17, 7.85972211515e-18, 8.83853568733e-18, 8.72822288084e-18, 7.50316508493e-18, 1.14761036409e-17, 8.35704377893e-18, 1.48105547168e-17, 1.06149052256e-17, 1.46473321296e-17, 1.78693974845e-17, 1.91934191689e-17, 1.91105621413e-17, 1.83801997108e-17, 1.35634608294e-17, 1.05967279316e-17, 8.91350802933e-18, 5.09295764893e-18, 2.52230240311e-18, 1.35607772487e-18, 3.71767899409e-19, 3.58516718028e-20], "dmean": [0.160942852497, 0.489959090948, 1.2795971632, 1.76915824413, 1.51258444786, 1.73929297924, 1.33104944229, 2.09721159935, 3.27860474586, 5.24542045593, 7.58627414703, 12.7437801361, 18.2455978394, 21.1441860199, 25.9617347717, 23.6387252808, 15.852768898, 19.580247879, 19.8796463013, 19.2212963104, 19.6498432159, 8.28666114807, 9.38488578796, 16.3503093719, 18.1053352356, 11.4700460434, 4.52060031891, 3.31859016418, 2.96113848686, 2.80707359314, 2.2317841053, 1.50529062748, 1.34658360481, 1.39725339413, 1.20749795437, 0.18740054965, 0.00426766462624, 0.000283958390355, 3.69488807337e-05, 1.18471734822e-05], "mean": [0.265250325203, 0.857443094254, 1.13954007626, 1.29813659191, 1.7807956934, 1.81361937523, 1.76284480095, 3.5474653244, 4.97738313675, 7.14715480804, 11.2579612732, 19.8754787445, 26.2722568512, 34.6752586365, 53.6672935486, 39.5210762024, 24.9949188232, 30.268491745, 31.3399620056, 31.6965274811, 29.228105545, 14.510643959, 16.3761253357, 26.7799243927, 29.1361427307, 19.8610401154, 7.45684623718, 4.2065615654, 3.29047584534, 2.91548538208, 2.3954577446, 1.75085878372, 1.81086087227, 1.70209491253, 1.42461895943, 0.194384679198, 0.00449105817825, 0.000279547675746, 4.22568227805e-05, 2.71250301012e-05], "max": [3.89619612694, 16.4654960632, 46.2948570251, 63.5510597229, 72.685218811, 80.3609161377, 83.4347229004, 101.858963013, 360.640991211, 435.650238037, 522.163085938, 1063.20068359, 1468.37536621, 2211.54638672, 2511.9140625, 3666.71411133, 2744.52685547, 3168.44726562, 3134.25366211, 2173.08740234, 1984.15881348, 1116.75354004, 818.689819336, 1457.09057617, 1450.60217285, 2336.37719727, 482.527618408, 145.069290161, 136.521499634, 115.323020935, 90.1354141235, 52.6865768433, 84.2678985596, 64.0698394775, 52.1953086853, 6.69439554214, 0.137702077627, 0.0140455747023, 0.00350257195532, 0.00020961156406], "dmean2": [0.259574204683, 0.797712802887, 2.3328974247, 3.34359264374, 2.66796278954, 3.09705591202, 2.31186151505, 3.24887108803, 5.36913871765, 8.73742103577, 12.1136951447, 19.4851932526, 28.7744655609, 33.4905548096, 40.4724769592, 35.6711883545, 24.0041389465, 30.6905899048, 30.51379776, 29.0529727936, 30.6315937042, 12.9587144852, 14.9063987732, 25.4860115051, 27.7632007599, 17.120349884, 7.01457929611, 5.31644773483, 4.67624425888, 4.60523843765, 3.58701729774, 2.36973381042, 1.98449122906, 2.11027693748, 1.83328032494, 0.292116731405, 0.00667239818722, 0.00046139236656, 6.08849950368e-05, 1.85418393812e-05], "median": [0.0381887331605, 0.14133220911, 0.167170375586, 0.170624032617, 0.336032122374, 0.446447044611, 0.709329247475, 1.39067900181, 1.84521579742, 1.80751764774, 3.74290060997, 4.6420135498, 7.68370199203, 6.88832235336, 5.62930631638, 5.17563724518, 5.61360883713, 7.55420875549, 8.96255493164, 7.62519168854, 9.56788063049, 5.90892267227, 7.16288042068, 8.94894313812, 7.16433191299, 4.38518285751, 2.92575526237, 1.02021121979, 0.589140713215, 0.471212476492, 0.305674880743, 0.223047763109, 0.270637482405, 0.218739390373, 0.187176883221, 0.0186912156641, 0.000507436634507, 3.32780691679e-05, 1.34252459247e-05, 1.90759656107e-05], "dvar": [0.1128949821, 1.24554264545, 23.670797348, 50.521484375, 15.4993629456, 34.4558753967, 11.111623764, 14.7742109299, 72.7128295898, 263.466918945, 347.123413086, 1212.75170898, 1758.09460449, 4228.08056641, 7548.23291016, 6712.87939453, 4738.99316406, 7979.70263672, 4372.10449219, 5029.73876953, 4095.70800781, 531.436523438, 528.852355957, 1844.18469238, 2559.64282227, 1434.16247559, 143.02180481, 121.864891052, 107.533973694, 95.3389511108, 53.0442657471, 19.8654651642, 9.82713508606, 10.9428339005, 8.07493877411, 0.20139606297, 0.00010626661242, 7.87066142038e-07, 2.21605276352e-08, 3.86180504242e-10]}, "silence_rate_30dB": {"dvar2": 0, "var": 0, "min": 1, "dmean": 0, "mean": 1, "max": 1, "dmean2": 0, "median": 1, "dvar": 0}, "melbands_spread": {"dvar2": 546.486450195, "var": 631.404052734, "min": 0.200108155608, "dmean": 11.3143701553, "mean": 32.2723808289, "max": 261.47076416, "dmean2": 17.3475894928, "median": 27.3050422668, "dvar": 250.338150024}, "melbands_crest": {"dvar2": 41.3806037903, "var": 67.7158050537, "min": 1.00277233124, "dmean": 4.21199846268, "mean": 17.6600437164, "max": 39.3401260376, "dmean2": 6.75923061371, "median": 16.4464473724, "dvar": 17.7960624695}, "zerocrossingrate": {"dvar2": 0.000555588805582, "var": 0.00306936656125, "min": 0.00146484375, "dmean": 0.0166065674275, "mean": 0.078317463398, "max": 0.51171875, "dmean2": 0.0181121043861, "median": 0.0673828125, "dvar": 0.00051808450371}, "barkbands_kurtosis": {"dvar2": 644.333618164, "var": 528.482116699, "min": -1.98187470436, "dmean": 5.21575307846, "mean": 6.45175409317, "max": 401.112762451, "dmean2": 8.09335327148, "median": 0.351160764694, "dvar": 281.125549316}, "spectral_flux": {"dvar2": 0.00201495643705, "var": 0.00263580377214, "min": 1.03078670599e-10, "dmean": 0.0251537524164, "mean": 0.0717455968261, "max": 0.292670816183, "dmean2": 0.0398485064507, "median": 0.0593941807747, "dvar": 0.00101436290424}, "barkbands_crest": {"dvar2": 22.9107704163, "var": 28.520526886, "min": 2.24023675919, "dmean": 3.15395998955, "mean": 11.7288913727, "max": 25.5837554932, "dmean2": 5.12856960297, "median": 10.7793731689, "dvar": 9.16972351074}, "barkbands_flatness_db": {"dvar2": 0.00200792751275, "var": 0.00519460113719, "min": 0.0287451371551, "dmean": 0.0309499837458, "mean": 0.182897686958, "max": 0.537794172764, "dmean2": 0.045027166605, "median": 0.169563367963, "dvar": 0.000972170848399}, "spectral_entropy": {"dvar2": 0.0989340394735, "var": 0.311692267656, "min": 4.88769102097, "dmean": 0.225982651114, "mean": 7.47807693481, "max": 9.79959869385, "dmean2": 0.292420983315, "median": 7.4884390831, "dvar": 0.0601874738932}, "pitch_salience": {"dvar2": 0.0165968760848, "var": 0.0228017028421, "min": 0.0286696888506, "dmean": 0.0836950168014, "mean": 0.471095919609, "max": 0.995994269848, "dmean2": 0.132472723722, "median": 0.48085963726, "dvar": 0.00700788060203}, "erbbands_spread": {"dvar2": 360.319061279, "var": 413.628143311, "min": 0.602716505527, "dmean": 9.77233123779, "mean": 32.5723724365, "max": 185.061569214, "dmean2": 14.7785339355, "median": 28.2625789642, "dvar": 160.032516479}, "dynamic_complexity": 4.64959287643, "spectral_contrast_valleys": {"dvar2": [0.558811247349, 0.541077375412, 0.403275042772, 0.388634294271, 0.287002086639, 0.815726459026], "var": [3.17348456383, 1.30714428425, 1.25077414513, 1.22765851021, 1.45242464542, 2.82535362244], "min": [-27.3311271667, -27.777885437, -27.1984195709, -27.5636825562, -27.2050590515, -27.3652057648], "dmean": [0.525938272476, 0.460812807083, 0.412921309471, 0.393234282732, 0.349525332451, 0.630132555962], "mean": [-8.57003307343, -7.73212623596, -7.98048448563, -8.28651809692, -8.12327766418, -11.0767660141], "max": [-5.46666622162, -5.06820249557, -5.70897197723, -5.77740478516, -5.59563970566, -7.61825466156], "dmean2": [0.769806027412, 0.726347267628, 0.630822777748, 0.575717329979, 0.470657616854, 0.808707773685], "median": [-7.96657657623, -7.57544565201, -7.84284496307, -8.13270759583, -7.92636871338, -10.9780397415], "dvar": [0.340412378311, 0.249281704426, 0.194268658757, 0.19419464469, 0.166889131069, 0.454652309418]}, "hfc": {"dvar2": 470.053222656, "var": 495.200042725, "min": 1.20959176839e-16, "dmean": 7.71870470047, "mean": 18.9764957428, "max": 192.868469238, "dmean2": 11.6581964493, "median": 10.0771903992, "dvar": 192.759262085}, "spectral_kurtosis": {"dvar2": 38.6112861633, "var": 40.9341201782, "min": -1.70245468616, "dmean": 2.43315529823, "mean": 5.52825164795, "max": 111.922050476, "dmean2": 3.89239430428, "median": 4.30915403366, "dvar": 14.5049753189}, "mfcc": {"mean": [-695.78503418, 99.9516448975, -24.2521457672, 9.51401615143, 3.47523093224, -7.68306684494, 9.83024501801, 1.12413334846, 1.91415548325, 7.97108078003, 0.700267255306, -4.14616918564, 3.7595911026], "cov": [[9670.38964844, -634.991760254, -539.846191406, 324.476593018, -258.030670166, -105.992614746, 205.276611328, 51.7215805054, -20.0470600128, 165.039794922, -26.7074203491, -100.024124146, -12.0766716003], [-634.991760254, 1883.67407227, -24.8466205597, 362.987915039, 389.601806641, 284.563232422, 319.576782227, 238.525909424, 157.339172363, 199.046859741, 168.991882324, 134.961547852, 108.277183533], [-539.846191406, -24.8466205597, 1647.40551758, 283.587615967, 368.882598877, 510.002288818, 87.4973526001, 223.614257812, 305.669555664, -24.5472126007, 187.186767578, 211.941329956, 35.2275695801], [324.476593018, 362.987915039, 283.587615967, 669.33605957, 340.534515381, 200.895141602, 124.94883728, 158.544662476, 154.196990967, 105.557388306, 108.258216858, 112.454811096, 46.7760467529], [-258.030670166, 389.601806641, 368.882598877, 340.534515381, 588.83026123, 283.375213623, 202.963623047, 177.583236694, 166.349456787, 129.393783569, 114.113006592, 134.575241089, 114.844062805], [-105.992614746, 284.563232422, 510.002288818, 200.895141602, 283.375213623, 525.784912109, 137.963973999, 176.693954468, 134.184310913, 37.7522621155, 131.437469482, 138.384552002, 52.2945785522], [205.276611328, 319.576782227, 87.4973526001, 124.94883728, 202.963623047, 137.963973999, 438.54574585, 192.511123657, 80.0794830322, 168.250839233, 69.9677124023, 79.7156143188, 151.579055786], [51.7215805054, 238.525909424, 223.614257812, 158.544662476, 177.583236694, 176.693954468, 192.511123657, 260.889343262, 131.809066772, 93.9437408447, 69.235206604, 82.8909454346, 81.1990356445], [-20.0470600128, 157.339172363, 305.669555664, 154.196990967, 166.349456787, 134.184310913, 80.0794830322, 131.809066772, 251.471374512, 63.1758346558, 57.2036476135, 69.8840255737, 37.4464416504], [165.039794922, 199.046859741, -24.5472126007, 105.557388306, 129.393783569, 37.7522621155, 168.250839233, 93.9437408447, 63.1758346558, 220.265869141, 65.5245513916, 41.1989593506, 77.8830490112], [-26.7074203491, 168.991882324, 187.186767578, 108.258216858, 114.113006592, 131.437469482, 69.9677124023, 69.235206604, 57.2036476135, 65.5245513916, 177.401519775, 84.6726608276, 42.7870597839], [-100.024124146, 134.961547852, 211.941329956, 112.454811096, 134.575241089, 138.384552002, 79.7156143188, 82.8909454346, 69.8840255737, 41.1989593506, 84.6726608276, 191.595046997, 88.8519058228], [-12.0766716003, 108.277183533, 35.2275695801, 46.7760467529, 114.844062805, 52.2945785522, 151.579055786, 81.1990356445, 37.4464416504, 77.8830490112, 42.7870597839, 88.8519058228, 185.976028442]], "icov": [[0.000123471851111, 7.95405212557e-05, 6.56393531244e-05, -0.000139716110425, 0.000122112382087, -5.78995968681e-05, -0.000107294159534, -6.94591199135e-06, -4.12455192418e-05, -6.99061711202e-05, -2.28780245379e-05, 4.43505159637e-05, 3.74269693566e-05], [7.95405212557e-05, 0.000809980963822, 0.000325417786371, -0.000233780767303, -0.000149246916408, -0.000263938301941, -0.000340802391293, -0.000171838502865, -0.000220966234338, -7.19580275472e-05, -0.000387522566598, -9.24452542677e-05, 0.000257870240603], [6.56393531244e-05, 0.000325417786371, 0.00125477858819, -8.98901125765e-05, -0.00020692194812, -0.000710726017132, -0.00012402968423, -0.000177801615791, -0.000984687008895, 0.000664879335091, -0.000602272746619, -0.000432831904618, 0.000371259666281], [-0.000139716110425, -0.000233780767303, -8.98901125765e-05, 0.00251489807852, -0.00115916447248, 0.00016503041843, 0.000297289807349, -0.000477027817396, -0.000293342163786, -0.000224709016038, -0.000269201816991, -0.000514918065164, 0.00060800916981], [0.000122112382087, -0.000149246916408, -0.00020692194812, -0.00115916447248, 0.00364143308252, -0.00095401838189, -0.000362066872185, 0.000237732398091, -0.000544480222743, -0.000786328455433, 0.000208972283872, -2.09649660974e-05, -0.000962659833021], [-5.78995968681e-05, -0.000263938301941, -0.000710726017132, 0.00016503041843, -0.00095401838189, 0.0039015696384, -0.000251610937994, -0.00118815316819, 0.000328973401338, 0.000833959667943, -0.000989026622847, -0.000863330846187, 0.000683427380864], [-0.000107294159534, -0.000340802391293, -0.00012402968423, 0.000297289807349, -0.000362066872185, -0.000251610937994, 0.00502813374624, -0.00222396524623, 0.000727128237486, -0.00199472275563, 0.000372542766854, 0.000540809007362, -0.00234779412858], [-6.94591199135e-06, -0.000171838502865, -0.000177801615791, -0.000477027817396, 0.000237732398091, -0.00118815316819, -0.00222396524623, 0.00828088540584, -0.00229699444026, -0.000545215967577, 0.000211990103708, -0.00022687848832, -0.000611889234278], [-4.12455192418e-05, -0.000220966234338, -0.000984687008895, -0.000293342163786, -0.000544480222743, 0.000328973401338, 0.000727128237486, -0.00229699444026, 0.00689732236788, -0.00117185141426, 0.000454720691778, -0.000321906409226, 0.00019138569769], [-6.99061711202e-05, -7.19580275472e-05, 0.000664879335091, -0.000224709016038, -0.000786328455433, 0.000833959667943, -0.00199472275563, -0.000545215967577, -0.00117185141426, 0.00811610370874, -0.00227839662693, 0.000479521462694, -0.000784976931754], [-2.28780245379e-05, -0.000387522566598, -0.000602272746619, -0.000269201816991, 0.000208972283872, -0.000989026622847, 0.000372542766854, 0.000211990103708, 0.000454720691778, -0.00227839662693, 0.00892135407776, -0.00222790031694, 3.3263972e-05], [4.43505159637e-05, -9.24452542677e-05, -0.000432831904618, -0.000514918065164, -2.09649660974e-05, -0.000863330846187, 0.000540809007362, -0.00022687848832, -0.000321906409226, 0.000479521462694, -0.00222790031694, 0.00942891836166, -0.00394601095468], [3.74269693566e-05, 0.000257870240603, 0.000371259666281, 0.00060800916981, -0.000962659833021, 0.000683427380864, -0.00234779412858, -0.000611889234278, 0.00019138569769, -0.000784976931754, 3.3263972e-05, -0.00394601095468, 0.00975688174367]]}, "silence_rate_20dB": {"dvar2": 0, "var": 0, "min": 1, "dmean": 0, "mean": 1, "max": 1, "dmean2": 0, "median": 1, "dvar": 0}, "melbands_kurtosis": {"dvar2": 7379.49707031, "var": 4841.546875, "min": -1.80604600906, "dmean": 14.8551158905, "mean": 20.2094593048, "max": 1910.95935059, "dmean2": 23.5642738342, "median": 3.47640705109, "dvar": 3141.6027832}, "barkbands_spread": {"dvar2": 197.153381348, "var": 256.242492676, "min": 0.262652814388, "dmean": 7.7408118248, "mean": 25.0042705536, "max": 131.525100708, "dmean2": 11.7374820709, "median": 22.7545375824, "dvar": 89.5060272217}, "erbbands_skewness": {"dvar2": 0.488232076168, "var": 0.941264808178, "min": -5.39807510376, "dmean": 0.47380104661, "mean": 0.0808605626225, "max": 6.3958234787, "dmean2": 0.707756698132, "median": -0.00823117699474, "dvar": 0.227362573147}, "average_loudness": 0.58666741848, "spectral_centroid": {"dvar2": 333530.0625, "var": 615531.1875, "min": 119.832290649, "dmean": 332.214752197, "mean": 1924.98620605, "max": 11067.6953125, "dmean2": 497.994628906, "median": 1930.27575684, "dvar": 167164.25}, "dissonance": {"dvar2": 0.00125499325804, "var": 0.000952110392973, "min": 0.225122183561, "dmean": 0.0206310469657, "mean": 0.464361846447, "max": 0.500000059605, "dmean2": 0.0343842804432, "median": 0.47342222929, "dvar": 0.000471278559417}, "erbbands_flatness_db": {"dvar2": 0.00120722642168, "var": 0.00412404350936, "min": 0.071990609169, "dmean": 0.0263111162931, "mean": 0.197253540158, "max": 0.522236049175, "dmean2": 0.0352790802717, "median": 0.192425951362, "dvar": 0.000711586733814}, "spectral_strongpeak": {"dvar2": 4.04773521423, "var": 3.73516225815, "min": 0, "dmean": 0.681904256344, "mean": 1.1813532114, "max": 17.4257659912, "dmean2": 1.12488567829, "median": 0.314895302057, "dvar": 1.68532860279}, "spectral_rms": {"dvar2": 2.19399862544e-06, "var": 3.87870068153e-06, "min": 3.21963679675e-12, "dmean": 0.000779829977546, "mean": 0.00374508346431, "max": 0.0099645908922, "dmean2": 0.00118314824067, "median": 0.00371888233349, "dvar": 9.53921471591e-07}, "silence_rate_60dB": {"dvar2": 0.111586116254, "var": 0.135028868914, "min": 0, "dmean": 0.0552795045078, "mean": 0.160956427455, "max": 1, "dmean2": 0.110570453107, "median": 0, "dvar": 0.0522206202149}, "melbands": {"dvar2": [1.36574008138e-05, 1.03593183667e-05, 3.60096805707e-06, 3.11399361408e-07, 6.45556070822e-08, 1.50056713721e-08, 4.53388224742e-08, 8.14115992398e-08, 5.86520840784e-08, 1.04610116125e-07, 1.11763448274e-07, 2.06491904464e-07, 2.16355402927e-07, 2.01263432587e-07, 1.06230146457e-07, 5.65430795518e-08, 9.51289678142e-08, 3.62247902785e-08, 2.96928526211e-08, 2.3908929947e-08, 1.56806176932e-08, 2.06037564787e-09, 7.11873227033e-10, 2.74741607242e-09, 3.64109653539e-09, 5.09611775001e-09, 1.69179048548e-09, 1.37262978761e-09, 1.94710095269e-10, 1.13565795656e-10, 9.51802317517e-11, 9.84240536295e-11, 7.97950802656e-11, 8.73110958532e-11, 4.18530730906e-11, 4.41596030576e-11, 1.52611482479e-11, 9.64690046595e-12, 1.67450931593e-11, 2.05827056787e-11], "var": [8.31542365631e-06, 3.09929282594e-06, 7.44330975522e-07, 1.15333882889e-07, 1.89126811989e-08, 1.5605861492e-08, 3.32847704954e-08, 4.79035797696e-08, 4.65147103057e-08, 1.18293606022e-07, 1.03967522591e-07, 1.99545084456e-07, 3.90292342445e-07, 3.49590294491e-07, 8.38336333686e-08, 3.32293907945e-08, 5.74353578031e-08, 2.56535273024e-08, 2.24428866602e-08, 1.94744913529e-08, 9.84824222172e-09, 1.95169946871e-09, 5.35263777746e-10, 2.32737429329e-09, 2.41333131257e-09, 3.27601479277e-09, 1.70518421605e-09, 1.59903001951e-09, 1.64290789306e-10, 4.79564131461e-11, 4.05989027119e-11, 3.71341811467e-11, 2.71090528497e-11, 2.67239147478e-11, 1.73345903604e-11, 1.40742062102e-11, 7.39182499931e-12, 8.48921107022e-12, 1.23871173735e-11, 1.30614408178e-11], "min": [5.31331661799e-24, 1.89109601618e-24, 2.36568321702e-24, 8.51915661781e-24, 1.86455699983e-23, 1.23707376443e-23, 8.19714044085e-24, 4.39548050464e-24, 4.58588115602e-24, 4.27084324263e-24, 3.40125189009e-24, 6.26098626749e-24, 3.1582545295e-24, 1.4141923253e-24, 4.75570515954e-24, 7.93296512319e-24, 9.76062410081e-24, 1.69220319827e-23, 1.20116331718e-23, 7.39553864315e-24, 9.75348017646e-24, 9.13104998958e-24, 6.63990929242e-24, 6.76073675069e-24, 8.96801373971e-24, 7.37231931127e-24, 6.03161707068e-24, 9.54705815453e-24, 5.91345438455e-24, 7.56665519527e-24, 8.34178282099e-24, 8.72705617621e-24, 1.00518510366e-23, 1.01665711338e-23, 1.03851329362e-23, 1.06231456819e-23, 1.1060557221e-23, 8.24727965113e-24, 9.78277689276e-24, 8.34999407415e-24], "dmean": [0.00111607648432, 0.000617206038442, 0.000297445600154, 0.000116831419291, 5.29915596417e-05, 4.44839788543e-05, 5.13430786668e-05, 6.28449852229e-05, 6.54424075037e-05, 8.75433688634e-05, 9.59400640568e-05, 9.15608325158e-05, 8.47396804602e-05, 8.98459620657e-05, 4.43876160716e-05, 3.40483093169e-05, 3.89415399695e-05, 3.57142889698e-05, 3.0548650102e-05, 2.48398810072e-05, 2.36446776398e-05, 8.93163633009e-06, 7.30330748411e-06, 1.30538383019e-05, 1.41822229125e-05, 1.64469493029e-05, 1.05517938209e-05, 7.53208360038e-06, 3.22885080095e-06, 2.16211378756e-06, 1.87378009286e-06, 1.7489428501e-06, 1.63607307968e-06, 1.58101306624e-06, 1.27191185584e-06, 1.18339744404e-06, 8.75099544828e-07, 8.94792151485e-07, 1.0836635056e-06, 1.25485973967e-06], "mean": [0.00193899928126, 0.000770119950175, 0.000244333321461, 0.000134043424623, 6.50197616778e-05, 7.59757385822e-05, 7.7017415606e-05, 8.51955919643e-05, 9.75664152065e-05, 0.000132664281409, 0.000135285037686, 0.000141503638588, 0.000168219776242, 0.000159216055181, 6.30935173831e-05, 4.88826299261e-05, 5.64655529161e-05, 5.11516227562e-05, 4.43666867795e-05, 3.75852177967e-05, 3.24539905705e-05, 1.37453598654e-05, 1.12960869956e-05, 2.05462220038e-05, 2.11409551412e-05, 2.43990580202e-05, 1.69434806594e-05, 1.19561991596e-05, 5.00541955262e-06, 2.73879140877e-06, 2.24896189138e-06, 1.87069827007e-06, 1.71114800196e-06, 1.5938649085e-06, 1.38580116982e-06, 1.18381262837e-06, 1.02647675249e-06, 1.19877756788e-06, 1.34766867177e-06, 1.4653346625e-06], "max": [0.0270569063723, 0.0214511696249, 0.00980340689421, 0.00436762068421, 0.00352481449954, 0.0020922170952, 0.00609730370343, 0.00435902969912, 0.00389172113501, 0.00573083246127, 0.00717501202598, 0.00974034890532, 0.0097647048533, 0.0138152670115, 0.0073938658461, 0.00623742770404, 0.00730977160856, 0.00476040830836, 0.00402457918972, 0.00325052253902, 0.0021280022338, 0.00166476063896, 0.000488569552545, 0.00171048147604, 0.00123799836729, 0.00101903406903, 0.00111371465027, 0.00148203817662, 0.00043825537432, 8.30429344205e-05, 8.15808016341e-05, 8.01804199e-05, 7.18106603017e-05, 6.81992023601e-05, 6.29123314866e-05, 5.76413040108e-05, 3.74114424631e-05, 6.0668658989e-05, 8.52839657455e-05, 5.46855226276e-05], "dmean2": [0.00178623187821, 0.00103896961082, 0.000556113838684, 0.000203222487471, 9.3618829851e-05, 6.89765220159e-05, 8.40922584757e-05, 0.000104740436655, 0.000103383630631, 0.000134864676511, 0.000151251384523, 0.000144687437569, 0.000130544125568, 0.000135224006954, 6.75046394463e-05, 5.31669684278e-05, 6.165348168e-05, 5.51678531338e-05, 4.70149934699e-05, 3.83085789508e-05, 3.72576832888e-05, 1.40924166772e-05, 1.16756982607e-05, 2.08579331229e-05, 2.24562882067e-05, 2.5643112167e-05, 1.63874428836e-05, 1.14886406664e-05, 5.08090579387e-06, 3.49097854269e-06, 3.01427257909e-06, 2.78305697066e-06, 2.65305493485e-06, 2.62985804511e-06, 2.04521961678e-06, 1.94670906239e-06, 1.37117444865e-06, 1.33652179102e-06, 1.63615948168e-06, 1.9387221073e-06], "median": [0.000448098231573, 0.000128999090521, 4.19699099439e-05, 2.78958850686e-05, 2.45910832746e-05, 3.04329842038e-05, 2.79328542092e-05, 2.24869290832e-05, 2.91148589895e-05, 2.89304462058e-05, 3.59540208592e-05, 2.38247284869e-05, 1.25648894027e-05, 1.45488720591e-05, 7.93251274445e-06, 1.24764474094e-05, 1.20721970234e-05, 1.21553775898e-05, 9.99805888569e-06, 9.1202036856e-06, 9.80774893833e-06, 4.75783235743e-06, 4.1298785618e-06, 7.08911375114e-06, 6.33558738627e-06, 5.57216344532e-06, 4.06498020311e-06, 2.31718559007e-06, 1.80533834282e-06, 7.24796052509e-07, 4.19681384756e-07, 2.90544932113e-07, 2.8680409514e-07, 2.27076085935e-07, 1.74915200546e-07, 1.35306635229e-07, 1.31444906515e-07, 1.78784830496e-07, 1.75588226625e-07, 1.75663473101e-07], "dvar": [5.2347777455e-06, 3.85358862331e-06, 1.24660334677e-06, 1.13115248723e-07, 2.25870646631e-08, 6.45385744846e-09, 1.94979570267e-08, 3.22150484067e-08, 2.48925307034e-08, 4.66633345297e-08, 4.79489941085e-08, 7.99538995011e-08, 9.23135843323e-08, 9.63562527545e-08, 4.63366198744e-08, 2.37391972746e-08, 3.88837477772e-08, 1.50557752931e-08, 1.3452734926e-08, 1.07874642552e-08, 6.80395872976e-09, 9.26345666841e-10, 3.05466679729e-10, 1.27466126543e-09, 1.55197898977e-09, 2.09288897324e-09, 7.96248789126e-10, 6.95971003051e-10, 8.90285484223e-11, 4.44560568913e-11, 3.77916274663e-11, 3.9072477892e-11, 3.04107156124e-11, 3.20432916312e-11, 1.65596581586e-11, 1.65150653569e-11, 6.18396740065e-12, 4.39240440894e-12, 7.41682409933e-12, 8.83799023549e-12]}, "spectral_skewness": {"dvar2": 0.251379430294, "var": 0.399838060141, "min": -0.718651354313, "dmean": 0.290933400393, "mean": 1.53632462025, "max": 8.29640197754, "dmean2": 0.452715873718, "median": 1.46519863605, "dvar": 0.0996829047799}, "melbands_flatness_db": {"dvar2": 0.0