{"tonal": {"thpcp": [1, 0.739289224148, 0.475915342569, 0.359385102987, 0.345720827579, 0.39755398035, 0.427458137274, 0.317898571491, 0.260214209557, 0.289652585983, 0.221733435988, 0.216957718134, 0.260566651821, 0.265068024397, 0.438300520182, 0.583821177483, 0.424472421408, 0.296021014452, 0.336890369654, 0.466232091188, 0.799324095249, 0.814621508121, 0.402760088444, 0.195671916008, 0.186598181725, 0.200132593513, 0.267408698797, 0.362223625183, 0.342281162739, 0.413522750139, 0.545511960983, 0.391542762518, 0.216437444091, 0.1983871907, 0.294716060162, 0.738326668739], "hpcp": {"dmean2": [0.439641088247, 0.470498889685, 0.423786193132, 0.290233254433, 0.29119130969, 0.265833348036, 0.247530281544, 0.220405817032, 0.171066880226, 0.173673033714, 0.158861517906, 0.150901019573, 0.167232200503, 0.190394803882, 0.251087278128, 0.285183340311, 0.249113976955, 0.229422420263, 0.25735026598, 0.355612337589, 0.419652044773, 0.388978093863, 0.237667068839, 0.148925721645, 0.143110021949, 0.151191994548, 0.16342137754, 0.191644385457, 0.191384539008, 0.223214432597, 0.29246082902, 0.244538351893, 0.181843325496, 0.17627826333, 0.247867956758, 0.436896383762], "median": [0.24391643703, 0.149523586035, 0.0450805276632, 0.0331795029342, 0.0295126121491, 0.0495605394244, 0.0532548129559, 0.0408161133528, 0.0348338112235, 0.0271448418498, 0.0254961904138, 0.0223038047552, 0.0247222539037, 0.0330180153251, 0.0594347566366, 0.0667378082871, 0.055163834244, 0.0334304608405, 0.0361948013306, 0.0719250589609, 0.179971918464, 0.179662749171, 0.073600769043, 0.0223814081401, 0.0180686786771, 0.022296577692, 0.0333624109626, 0.0405737757683, 0.0440101549029, 0.0668049305677, 0.0799308568239, 0.0604060590267, 0.0233117155731, 0.0156762283295, 0.0364532545209, 0.147660255432], "min": [0, 0, 0, 0, 0, 0, 0, 0, 0, 0, 0, 0, 0, 0, 0, 0, 0, 0, 0, 0, 0, 0, 0, 0, 0, 0, 0, 0, 0, 0, 0, 0, 0, 0, 0, 0], "dvar2": [0.179244741797, 0.220281034708, 0.245727464557, 0.139860004187, 0.161274686456, 0.121224880219, 0.101851955056, 0.0842597782612, 0.0559913367033, 0.0724662095308, 0.0586189478636, 0.0540395639837, 0.0622527711093, 0.0713220536709, 0.100364260375, 0.134649157524, 0.102239273489, 0.112409032881, 0.121775723994, 0.169269099832, 0.170755803585, 0.152005508542, 0.0801045894623, 0.0530412979424, 0.0581783466041, 0.0604168921709, 0.0628246888518, 0.0749942958355, 0.074107684195, 0.081949301064, 0.132070064545, 0.099030315876, 0.0860586464405, 0.0991329550743, 0.107926107943, 0.203978016973], "dvar": [0.0753916203976, 0.0783340334892, 0.0887281671166, 0.055500689894, 0.0605704672635, 0.045212071389, 0.0388283245265, 0.0302649904042, 0.0205776020885, 0.0274828691036, 0.0210421103984, 0.020068095997, 0.0237058121711, 0.0263469386846, 0.0369012728333, 0.051932990551, 0.0370731987059, 0.0397795513272, 0.0440617762506, 0.0614732801914, 0.0633525699377, 0.0584598444402, 0.0283628851175, 0.0190298203379, 0.0214103292674, 0.0221498981118, 0.0236085150391, 0.030149422586, 0.0286342184991, 0.0301783680916, 0.0488264076412, 0.0359647981822, 0.0303036309779, 0.0350332818925, 0.0385016687214, 0.0757597908378], "dmean": [0.254981637001, 0.264413326979, 0.233197823167, 0.163580134511, 0.161130934954, 0.15144585073, 0.141615092754, 0.123019181192, 0.0969977229834, 0.0987532511353, 0.0893891602755, 0.0857360735536, 0.0948000922799, 0.106673978269, 0.142457157373, 0.162367507815, 0.142413765192, 0.128832161427, 0.145273134112, 0.198934465647, 0.241091012955, 0.22338399291, 0.13417994976, 0.0832284092903, 0.0801773369312, 0.0844035446644, 0.0944515392184, 0.111467957497, 0.111639820039, 0.128999948502, 0.167934641242, 0.139794126153, 0.0997619703412, 0.0962978824973, 0.137024328113, 0.249251261353], "max": [1, 1, 1, 1, 1, 1, 1, 1, 1, 1, 1, 1, 1, 1, 1, 1, 1, 1, 1, 1, 1, 1, 1, 1, 1, 1, 1, 1, 1, 1, 1, 1, 1, 1, 1, 1], "var": [0.136939302087, 0.0972002223134, 0.0790535584092, 0.0533855967224, 0.0544656217098, 0.0537994392216, 0.059730026871, 0.0356909222901, 0.0254095736891, 0.0427820980549, 0.0224424414337, 0.0235719308257, 0.0346439443529, 0.0277176238596, 0.0542990677059, 0.0989106222987, 0.0513778477907, 0.0384494103491, 0.0449133366346, 0.061345256865, 0.0984959676862, 0.10623665154, 0.0387434847653, 0.0181312542409, 0.0207752715796, 0.0229984093457, 0.0295647010207, 0.0515277869999, 0.0420485921204, 0.0447114445269, 0.07860750705, 0.0433339364827, 0.0239601191133, 0.0270386841148, 0.03352214396, 0.0978387892246], "mean": [0.383795052767, 0.283735543489, 0.182653948665, 0.137930229306, 0.132685944438, 0.152579247952, 0.164056316018, 0.122007898986, 0.0998689234257, 0.111167229712, 0.0851001963019, 0.083267301321, 0.100004188716, 0.101731799543, 0.16821756959, 0.224067687988, 0.162910416722, 0.113611400127, 0.129296854138, 0.178937569261, 0.306776642799, 0.31264770031, 0.154577329755, 0.0750979110599, 0.0716154575348, 0.0768098980188, 0.102630130947, 0.1390196383, 0.131365820765, 0.158707991242, 0.209364801645, 0.15027217567, 0.0830676183105, 0.0761400237679, 0.113110564649, 0.283366113901]}, "tuning_equal_tempered_deviation": 0.0529887154698, "chords_changes_rate": 0.0494117662311, "key_key": "D", "tuning_diatonic_strength": 0.593201458454, "key_scale": "major", "chords_number_rate": 0.00366013078019, "tuning_frequency": 434.695007324, "tuning_nontempered_energy_ratio": 0.764152348042, "chords_histogram": [19.8954238892, 2.03921580315, 11.3464050293, 0.026143791154, 1.15032684803, 0.549019634724, 1.15032684803, 8.52287578583, 0.0784313753247, 0, 0, 0, 0.209150329232, 0.287581712008, 1.96078431606, 5.01960802078, 0.0522875823081, 5.59477138519, 0, 18.117647171, 6.01307201385, 6.98039197922, 8.36601352692, 2.64052295685], "key_strength": 0.669783473015, "chords_key": "D", "chords_strength": {"dmean2": 0.0121121518314, "median": 0.575464963913, "min": -1, "dvar2": 0.000964344653767, "dvar": 0.000582683947869, "dmean": 0.0108957150951, "max": 0.830695986748, "var": 0.0276211891323, "mean": 0.570280730724}, "chords_scale": "major", "hpcp_entropy": {"dmean2": 1.07998931408, "median": 2.15292811394, "min": 0, "dvar2": 0.709468662739, "dvar": 0.247832074761, "dmean": 0.636877119541, "max": 4.24621248245, "var": 0.543163180351, "mean": 2.09526109695}}, "metadata": {"audio_properties": {"equal_loudness": 0, "codec": "flac", "downmix": "mix", "sample_rate": 44100, "analysis_sample_rate": 44100, "bit_rate": 0, "md5_encoded": "77da88a88bb8c3282eacdc58c769d131", "length": 177.559997559, "replay_gain": -12.0071125031, "lossless": true}, "version": {"essentia_build_sha": "70f2e5ece6736b2c40cc944ad0e695b16b925413", "essentia": "2.1-beta2", "extractor": "music 1.0", "essentia_git_sha": "v2.1_beta2"}, "tags": {"title": ["Rumbas Cubanas"], "barcode": ["5060143492969"], "media": ["CD"], "albumartist": ["Various Artists"], "tracktotal": ["25"], "language": ["spa"], "releasetype": ["album", "compilation"], "musicbrainz_recordingid": ["1bedc5e9-d21e-43fb-bc16-e760d43d0422"], "musicbrainz_releasegroupid": ["8de723cb-b2ed-45e6-85fb-fb8dbae922f2"], "musicbrainz_albumartistid": ["89ad4ac3-39f7-470e-963a-56509c546377"], "originaldate": ["2009-02-23"], "discnumber": ["2"], "releasecountry": ["GB"], "file_name": "07. Lecuona Cuban Boys--Rumbas Cubanas.flac", "compilation": ["1"], "musicip_puid": ["d5d93ac9-1d4f-b108-872e-7b0e04f33474"], "albumartistsort": ["Various Artists"], "date": ["2009-02-23"], "genre": ["Latin"], "disctotal": ["2"], "musicbrainz_artistid": ["2ee580b9-1ee5-4bc2-8d28-2fdc1c5e8ede"], "asin": ["B001TIY8OG"], "musicbrainz_albumid": ["b1f2629c-461d-4129-96a5-cf9fc9efe00d"], "artist": ["Lecuona Cuban Boys"], "tracknumber": ["7"], "artistsort": ["Lecuona Cuban Boys"], "album": ["Music That Inspired Buena Vista Social Club"], "label": ["Not Now Music"], "releasestatus": ["official"], "totaldiscs": ["2"], "script": ["Latn"], "totaltracks": ["25"]}}, "rhythm": {"bpm_histogram_first_peak_bpm": {"dmean2": 0, "median": 117, "min": 117, "dvar2": 0, "dvar": 0, "dmean": 0, "max": 117, "var": 0, "mean": 117}, "bpm": 117.774986267, "bpm_histogram_second_peak_spread": {"dmean2": 0, "median": 0.135135173798, "min": 0.135135173798, "dvar2": 0, "dvar": 0, "dmean": 0, "max": 0.135135173798, "var": 0, "mean": 0.135135173798}, "bpm_histogram_first_peak_weight": {"dmean2": 0, "median": 0.437681168318, "min": 0.437681168318, "dvar2": 0, "dvar": 0, "dmean": 0, "max": 0.437681168318, "var": 0, "mean": 0.437681168318}, "onset_rate": 4.0490026474, "beats_position": [0.49922901392, 1.02167797089, 1.54412698746, 2.06657600403, 2.57741498947, 3.08825397491, 3.59909296036, 4.1099319458, 4.63238096237, 5.15482997894, 5.66566896439, 6.18811798096, 6.71056699753, 7.22140598297, 7.74385452271, 8.26630401611, 8.77714252472, 9.287981987, 9.79882049561, 10.321269989, 10.8437185287, 11.3777770996, 11.8886165619, 12.3994560242, 12.9102945328, 13.4211339951, 13.9319725037, 14.4428119659, 14.9536504745, 15.4644899368, 15.9753284454, 16.4745578766, 16.9737873077, 17.4846248627, 17.995464325, 18.5063037872, 19.0171432495, 19.5279808044, 20.0388202667, 20.549659729, 21.0604991913, 21.5713367462, 22.0821762085, 22.5930156708, 23.1038551331, 23.6030826569, 24.1139221191, 24.6131515503, 25.1239910126, 25.6348285675, 26.1456680298, 26.6565074921, 27.1673469543, 27.6781845093, 28.1774139404, 28.6882534027, 29.1874828339, 29.6983222961, 30.2091598511, 30.7199993134, 31.2308387756, 31.7416782379, 32.2525177002, 32.7401351929, 33.2277526855, 33.7385940552, 34.2378234863, 34.7370529175, 35.2362823486, 35.7355079651, 36.2347373962, 36.7339668274, 37.2331962585, 37.7324256897, 38.2432632446, 38.7541046143, 39.2649421692, 39.7757797241, 40.2982292175, 40.8322906494, 41.3779602051, 41.9004058838, 42.4228553772, 42.9336967468, 43.4793624878, 44.0250320435, 44.5590934753, 45.0931510925, 45.6272087097, 46.1612701416, 46.6953277588, 47.229385376, 47.7634468079, 48.297504425, 48.8315620422, 49.3656234741, 49.8996810913, 50.4337387085, 50.9561882019, 51.4902496338, 52.0126991272, 52.5467567444, 53.0692062378, 53.603263855, 54.1257133484, 54.6365509033, 55.1590003967, 55.6814498901, 56.1922874451, 56.726348877, 57.2487983704, 57.7712478638, 58.305305481, 58.8509750366, 59.3850326538, 59.9307022095, 60.4647598267, 60.9756011963, 61.498046875, 62.0204963684, 62.5545578003, 63.0886154175, 63.6226730347, 64.1567306519, 64.6907958984, 65.2132415771, 65.7356872559, 66.258140564, 66.7921981812, 67.3146438599, 67.8487091064, 68.3711547852, 68.9052124023, 69.4276657104, 69.9384994507, 70.4609527588, 70.9833984375, 71.5058517456, 72.0282974243, 72.5391387939, 73.0615844727, 73.5840377808, 74.1064834595, 74.6173248291, 75.1281585693, 75.638999939, 76.1498413086, 76.6606826782, 77.1831283569, 77.7055740356, 78.2280273438, 78.738861084, 79.2729263306, 79.7837600708, 80.2946014404, 80.8054428101, 81.3162765503, 81.8271179199, 82.349571228, 82.8720169067, 83.3944625854, 83.9169158936, 84.4277572632, 84.9502029419, 85.4726486206, 85.9834899902, 86.4943313599, 87.0051651001, 87.5160064697, 88.0268478394, 88.537689209, 89.0485229492, 89.5593643188, 90.0702056885, 90.5810394287, 91.0918807983, 91.602722168, 92.1019515991, 92.6127853394, 93.1120147705, 93.6112442017, 94.1336975098, 94.6561431885, 95.1785888672, 95.7126541138, 96.246711731, 96.7575454712, 97.2683868408, 97.7908401489, 98.3132858276, 98.8241271973, 99.3349609375, 99.8574142456, 100.368255615, 100.890701294, 101.401542664, 101.912376404, 102.423217773, 102.934059143, 103.433288574, 103.932518005, 104.431747437, 104.930976868, 105.441810608, 105.952651978, 106.463493347, 106.974327087, 107.473556519, 107.97278595, 108.483627319, 108.994468689, 109.493690491, 109.992919922, 110.503761292, 111.0262146, 111.548660278, 112.059501648, 112.558731079, 113.05796051, 113.56879425, 114.07963562, 114.59047699, 115.10131073, 115.6121521, 116.111381531, 116.6222229, 117.133056641, 117.632286072, 118.131515503, 118.642356873, 119.153198242, 119.652427673, 120.163261414, 120.674102783, 121.184944153, 121.684173584, 122.183395386, 122.694236755, 123.205078125, 123.692695618, 124.18031311, 124.69115448, 125.190383911, 125.689613342, 126.188842773, 126.688072205, 127.198905945, 127.709747314, 128.208984375, 128.708206177, 129.207427979, 129.695053101, 130.194290161, 130.693511963, 131.192733765, 131.703582764, 132.214416504, 132.725265503, 133.236099243, 133.746932983, 134.246170044, 134.757003784, 135.256240845, 135.743850708, 136.243087769, 136.74230957, 137.241546631, 137.717544556, 138.228393555, 138.739227295, 139.250061035, 139.749298096, 140.260131836, 140.759368896, 141.270202637, 141.769424438, 142.280273438, 142.791107178, 143.290344238, 143.78956604, 144.288803101, 144.799636841, 145.310470581, 145.809707642, 146.308929443, 146.796554565, 147.295776367, 147.795013428, 148.305847168, 148.805084229, 149.30430603, 149.803527832, 150.314376831, 150.813598633, 151.324447632, 151.835281372, 152.334503174, 152.833740234, 153.344573975, 153.843811035, 154.354644775, 154.853881836, 155.364715576, 155.875549316, 156.386398315, 156.897232056, 157.408065796, 157.918914795, 158.418136597, 158.917373657, 159.416595459, 159.915817261, 160.415054321, 160.914276123, 161.425125122, 161.924346924, 162.423583984, 162.911193848, 163.39881897, 163.886444092, 164.385665894, 164.884887695, 165.395736694, 165.906570435, 166.405807495, 166.905029297, 167.415863037, 167.926712036, 168.437545776, 168.936782837, 169.436004639, 169.923629761, 170.422851562, 170.922088623, 171.421310425, 171.920547485, 172.431381226, 172.919006348, 173.406616211, 173.894241333, 174.393463135, 174.892700195, 175.391921997, 175.902755737, 176.413604736, 176.924438477], "beats_loudness": {"dmean2": 0.0251975953579, "median": 0.0226158518344, "min": 0, "dvar2": 0.000539863889571, "dvar": 0.000190337887034, "dmean": 0.0141621660441, "max": 0.0961634069681, "var": 0.000303029897623, "mean": 0.0262252036482}, "danceability": 1.034766078, "bpm_histogram_second_peak_weight": {"dmean2": 0, "median": 0.0927536264062, "min": 0.0927536264062, "dvar2": 0, "dvar": 0, "dmean": 0, "max": 0.0927536264062, "var": 0, "mean": 0.0927536264062}, "beats_count": 346, "bpm_histogram_second_peak_bpm": {"dmean2": 0, "median": 112, "min": 112, "dvar2": 0, "dvar": 0, "dmean": 0, "max": 112, "var": 0, "mean": 112}, "bpm_histogram_first_peak_spread": {"dmean2": 0, "median": 0.484641611576, "min": 0.484641611576, "dvar2": 0, "dvar": 0, "dmean": 0, "max": 0.484641611576, "var": 0, "mean": 0.484641611576}, "beats_loudness_band_ratio": {"dmean2": [0.260317623615, 0.339742809534, 0.215340942144, 0.194132700562, 0.090066164732, 0.00911077205092], "median": [0.163120687008, 0.46544367075, 0.15813459456, 0.0604554414749, 0.0485797673464, 0.00217677978799], "min": [0, 0, 0, 0, 0, 0], "dvar2": [0.049672011286, 0.0732936784625, 0.0381166636944, 0.0537322796881, 0.00771961500868, 0.000405882601626], "dvar": [0.0167718920857, 0.024341410026, 0.0132700661197, 0.019372690469, 0.00310194143094, 0.000125667196698], "dmean": [0.146301195025, 0.20028321445, 0.123203113675, 0.111084967852, 0.0532591603696, 0.00499783549458], "max": [0.877398014069, 0.924552857876, 0.9350451231, 0.662939608097, 0.422431856394, 0.110918693244], "var": [0.0268032122403, 0.0476530268788, 0.0196357518435, 0.0248415097594, 0.00433782488108, 9.1048052127e-05], "mean": [0.202037662268, 0.46045306325, 0.191649019718, 0.130605608225, 0.0674039125443, 0.00474629225209]}}, "lowlevel": {"barkbands_spread": {"dmean2": 4.68623542786, "median": 8.0529088974, "min": 0.0989892855287, "dvar2": 25.6069946289, "dvar": 11.2180643082, "dmean": 2.97173285484, "max": 105.907897949, "var": 41.598449707, "mean": 9.26130390167}, "melbands_spread": {"dmean2": 6.92209005356, "median": 10.4145736694, "min": 0.298176467419, "dvar2": 62.1057853699, "dvar": 26.2907009125, "dmean": 4.34780883789, "max": 162.339645386, "var": 238.093475342, "mean": 13.5944309235}, "hfc": {"dmean2": 6.28555011749, "median": 8.56870651245, "min": 1.08283176582e-16, "dvar2": 60.1927528381, "dvar": 25.6253547668, "dmean": 4.16520309448, "max": 110.280311584, "var": 134.805847168, "mean": 12.2263841629}, "barkbands_kurtosis": {"dmean2": 10.0967149734, "median": 2.38495874405, "min": -1.86026382446, "dvar2": 838.58807373, "dvar": 296.75402832, "dmean": 6.0584359169, "max": 467.2293396, "var": 342.275848389, "mean": 7.24219179153}, "gfcc": {"mean": [-119.162353516, 186.38444519, -139.478179932, -4.12713289261, -43.3268623352, -18.7931671143, -43.2298927307, -13.273226738, -12.7269086838, -29.9827156067, -5.08850669861, -11.6000547409, -5.89711141586], "icov": [[0.0020188507624, -0.00594553630799, 0.00434313248843, -0.00404815142974, 0.00392822222784, -0.00260223029181, 0.00316695426591, -0.000611967348959, 0.000762737996411, 0.00239768344909, -0.00243377615698, 0.00267669255845, -0.00138232659083], [-0.00594553630799, 0.0190876610577, -0.0129283443093, 0.0128429997712, -0.0117144621909, 0.00773299578577, -0.0091362548992, 0.002371750772, -0.00382968480699, -0.0044334763661, 0.00577144930139, -0.00647631427273, 0.00378699717112], [0.00434313248843, -0.0129283443093, 0.0108993016183, -0.00889065954834, 0.0081718955189, -0.00554441288114, 0.00568317808211, -0.000904724292923, 0.00308175361715, 0.00213529728353, -0.00169068633113, 0.00406807754189, -0.00272352062166], [-0.00404815142974, 0.0128429997712, -0.00889065954834, 0.0112074092031, -0.00902600772679, 0.00604508910328, -0.00612569786608, 0.00226125214249, -0.00390601763502, -0.00285132066347, 0.00479615526274, -0.00488889822736, 0.00296775065362], [0.00392822222784, -0.0117144621909, 0.0081718955189, -0.00902600772679, 0.0125888837501, -0.00684853643179, 0.00774381961673, -0.00400073127821, 0.00317408936098, 0.00480316532776, -0.00624699983746, 0.00616917572916, -0.00236638728529], [-0.00260223029181, 0.00773299578577, -0.00554441288114, 0.00604508910328, -0.00684853643179, 0.0126428958029, -0.00988004822284, 0.00341842253692, -0.000367952045053, -0.00622944673523, 0.00507500302047, -0.00408237380907, 0.00313197285868], [0.00316695426591, -0.0091362548992, 0.00568317808211, -0.00612569786608, 0.00774381961673, -0.00988004822284, 0.0174517501146, -0.00599214760587, 0.00183550699148, 0.0070340023376, -0.00690761161968, 0.00311043648981, -0.000975732749794], [-0.000611967348959, 0.002371750772, -0.000904724292923, 0.00226125214249, -0.00400073127821, 0.00341842253692, -0.00599214760587, 0.0113059198484, -0.00711135705933, 0.00182910938747, -0.0020362730138, -0.000144039833685, 0.00107444880996], [0.000762737996411, -0.00382968480699, 0.00308175361715, -0.00390601763502, 0.00317408936098, -0.000367952045053, 0.00183550699148, -0.00711135705933, 0.0234584994614, -0.0163898840547, 0.00998610816896, -0.00161096395459, -0.00198648381047], [0.00239768344909, -0.0044334763661, 0.00213529728353, -0.00285132066347, 0.00480316532776, -0.00622944673523, 0.0070340023376, 0.00182910938747, -0.0163898840547, 0.0311649478972, -0.0183815471828, 0.00989648140967, -0.00579405482858], [-0.00243377615698, 0.00577144930139, -0.00169068633113, 0.00479615526274, -0.00624699983746, 0.00507500302047, -0.00690761161968, -0.0020362730138, 0.00998610816896, -0.0183815471828, 0.0318351462483, -0.0204711649567, 0.0118803009391], [0.00267669255845, -0.00647631427273, 0.00406807754189, -0.00488889822736, 0.00616917572916, -0.00408237380907, 0.00311043648981, -0.000144039833685, -0.00161096395459, 0.00989648140967, -0.0204711649567, 0.0320895202458, -0.0151922553778], [-0.00138232659083, 0.00378699717112, -0.00272352062166, 0.00296775065362, -0.00236638728529, 0.00313197285868, -0.000975732749794, 0.00107444880996, -0.00198648381047, -0.00579405482858, 0.0118803009391, -0.0151922553778, 0.0250044669956]], "cov": [[17434.0488281, 2850.21362305, -3108.01367188, -78.8060531616, -361.566375732, -369.965911865, -394.859680176, -87.7729644775, -195.448059082, -603.419006348, 199.085922241, -218.144821167, -179.037078857], [2850.21362305, 935.492431641, -173.882095337, -244.313018799, -25.3779830933, -22.0455093384, -9.43548870087, -19.2843513489, -40.8347892761, -101.942184448, 11.1504764557, -38.2877731323, -28.6633605957], [-3108.01367188, -173.882095337, 1166.99682617, 71.5664138794, -18.3520812988, 91.0642547607, 48.8646202087, -78.9139480591, 48.7144241333, 108.762954712, -138.978149414, 8.38514614105, 65.4850616455], [-78.8060531616, -244.313018799, 71.5664138794, 484.373931885, 70.923210144, -53.6551361084, -57.7622375488, -13.1190471649, 51.1470565796, 8.88073539734, -49.4927825928, -18.4714241028, 13.1067333221], [-361.566375732, -25.3779830933, -18.3520812988, 70.923210144, 280.641998291, 36.7355690002, 18.5535068512, 66.5883712769, -17.333065033, -5.78561973572, 32.6370925903, -3.78251671791, -27.2634620667], [-369.965911865, -22.0455093384, 91.0642547607, -53.6551361084, 36.7355690002, 183.441360474, 91.3078155518, 0.22958445549, -14.3933353424, 19.2622756958, 13.2733068466, 9.21763706207, -14.1604318619], [-394.859680176, -9.43548870087, 48.8646202087, -57.7622375488, 18.5535068512, 91.3078155518, 165.473526001, 59.9857940674, -19.9178256989, -4.34159231186, 37.9297943115, 23.1007232666, -20.5977134705], [-87.7729644775, -19.2843513489, -78.9139480591, -13.1190471649, 66.5883712769, 0.22958445549, 59.9857940674, 168.261779785, 35.3867034912, 9.44067001343, 37.119468689, 9.22807216644, -14.6171855927], [-195.448059082, -40.8347892761, 48.7144241333, 51.1470565796, -17.333065033, -14.3933353424, -19.9178256989, 35.3867034912, 118.73009491, 64.5119934082, -30.6765365601, -7.51445817947, 26.8705863953], [-603.419006348, -101.942184448, 108.762954712, 8.88073539734, -5.78561973572, 19.2622756958, -4.34159231186, 9.44067001343, 64.5119934082, 103.11504364, 9.56425857544, 7.62047624588, 18.4426040649], [199.085922241, 11.1504764557, -138.978149414, -49.4927825928, 32.6370925903, 13.2733068466, 37.9297943115, 37.119468689, -30.6765365601, 9.56425857544, 111.396125793, 41.6719093323, -26.4639816284], [-218.144821167, -38.2877731323, 8.38514614105, -18.4714241028, -3.78251671791, 9.21763706207, 23.1007232666, 9.22807216644, -7.51445817947, 7.62047624588, 41.6719093323, 70.9232406616, 20.2981338501], [-179.037078857, -28.6633605957, 65.4850616455, 13.1067333221, -27.2634620667, -14.1604318619, -20.5977134705, -14.6171855927, 26.8705863953, 18.4426040649, -26.4639816284, 20.2981338501, 70.3460083008]]}, "spectral_energyband_middle_low": {"dmean2": 0.0154286306351, "median": 0.0130576174706, "min": 1.54159223342e-22, "dvar2": 0.000441530661192, "dvar": 0.000166861296748, "dmean": 0.00932211708277, "max": 0.159693837166, "var": 0.00028510010452, "mean": 0.0178371295333}, "melbands_crest": {"dmean2": 7.04911422729, "median": 13.2587680817, "min": 1.53963136673, "dvar2": 34.4984855652, "dvar": 13.347741127, "dmean": 4.21068572998, "max": 36.0213050842, "var": 36.3910255432, "mean": 14.4577322006}, "spectral_kurtosis": {"dmean2": 19.2958431244, "median": 19.1395549774, "min": -1.26875805855, "dvar2": 288.378570557, "dvar": 110.046234131, "dmean": 11.5345659256, "max": 121.682044983, "var": 235.435134888, "mean": 22.6576099396}, "spectral_rms": {"dmean2": 0.00155187339988, "median": 0.00420333538204, "min": 3.14078819376e-12, "dvar2": 2.42973214881e-06, "dvar": 9.60762463365e-07, "dmean": 0.000979017117061, "max": 0.0130803510547, "var": 3.83331826015e-06, "mean": 0.00439016288146}, "zerocrossingrate": {"dmean2": 0.00596570363268, "median": 0.02880859375, "min": 0.0078125, "dvar2": 6.30492868368e-05, "dvar": 4.37176931882e-05, "dmean": 0.00475382991135, "max": 0.52392578125, "var": 0.00268428213894, "mean": 0.0357763692737}, "silence_rate_60dB": {"dmean2": 0.0517917871475, "median": 0, "min": 0, "dvar2": 0.0580053813756, "dvar": 0.0252227652818, "dmean": 0.0258925072849, "max": 1, "var": 0.0563022494316, "mean": 0.0598849356174}, "erbbands_kurtosis": {"dmean2": 2.85203123093, "median": 0.0999258756638, "min": -1.8354985714, "dvar2": 33.3506698608, "dvar": 12.9931592941, "dmean": 1.71033799648, "max": 75.4176559448, "var": 18.8019599915, "mean": 1.12844729424}, "erbbands": {"dmean2": [0.00375952175818, 0.16595056653, 1.35398900509, 3.43117642403, 20.4637413025, 45.2426185608, 42.1877250671, 36.1623306274, 14.2908554077, 17.1182918549, 27.9346427917, 35.8253555298, 47.2712974548, 29.6424102783, 25.8178405762, 25.0500392914, 27.0886077881, 25.7915706635, 18.4684562683, 18.0179347992, 6.8375210762, 8.14779281616, 7.08477640152, 3.92460751534, 1.4434132576, 0.400143265724, 0.0411085635424, 0.0486318320036, 0.0850759521127, 0.0560621581972, 0.0245515331626, 0.0136089250445, 0.00352481752634, 0.00116344459821, 0.000299710402032, 4.47211750725e-05, 7.99815461505e-06, 3.84643090001e-06, 8.05782201496e-06, 1.83954307431e-05], "median": [0.00173726980574, 0.0580838024616, 0.406451672316, 1.29017436504, 5.54537677765, 15.456489563, 18.5910129547, 14.4301929474, 8.62003421783, 8.66551780701, 12.2274875641, 14.6838512421, 15.2451066971, 7.54247379303, 6.44156885147, 5.50742864609, 3.69763493538, 4.17893838882, 6.27734565735, 5.71417140961, 2.98956012726, 3.32674646378, 2.82661294937, 1.52426218987, 0.626290202141, 0.136477947235, 0.0156815052032, 0.018514264375, 0.0285691544414, 0.0195129066706, 0.00814773049206, 0.0049109980464, 0.00196879403666, 0.00098661321681, 0.000362886872608, 7.9086777987e-05, 1.42899334605e-05, 1.02377052826e-05, 1.37028910103e-05, 2.09793452086e-05], "min": [8.27710095993e-23, 3.95991690383e-22, 1.82503245578e-21, 6.37378487617e-21, 1.53290623114e-20, 3.31086148758e-20, 4.46581047915e-20, 8.87977805964e-20, 8.68165667071e-20, 2.41859882142e-19, 1.50194944908e-19, 4.51568649741e-19, 5.81617933947e-19, 5.45203892419e-19, 5.86448617026e-19, 1.61759738958e-18, 1.56599558822e-18, 1.67479816971e-18, 2.69137108928e-18, 2.84038023201e-18, 3.71775499131e-18, 3.85549090306e-18, 4.66447850522e-18, 5.73194143724e-18, 6.56802954422e-18, 6.90882588864e-18, 8.98625277394e-18, 7.64239447127e-18, 1.00971604725e-17, 1.09749612298e-17, 1.10876935396e-17, 1.10946220044e-17, 1.0091584448e-17, 8.54252331486e-18, 6.18913077924e-18, 4.05573726729e-18, 2.21346356127e-18, 1.0288169504e-18, 2.6221410868e-19, 2.59234203448e-20], "dvar2": [4.00355893362e-05, 0.104403346777, 7.47078132629, 39.6923599243, 1536.41882324, 5866.11328125, 4641.3203125, 5253.17333984, 490.707458496, 1005.32659912, 3672.21655273, 5970.109375, 8174.74609375, 6613.28466797, 4491.12548828, 5064.14648438, 6955.46484375, 8163.63037109, 1246.18481445, 1127.171875, 149.479751587, 298.569793701, 176.81817627, 73.0900497437, 6.43445014954, 0.783354997635, 0.00457273423672, 0.00504972459748, 0.0161957815289, 0.0072851520963, 0.00185322435573, 0.000677435367834, 7.68925528973e-05, 9.17194847716e-06, 5.53083793875e-07, 8.29371948896e-09, 2.9338356744e-10, 2.39373295491e-11, 1.03942389418e-10, 5.79512826615e-10], "dvar": [1.44989780893e-05, 0.0392837747931, 3.076141119, 15.7518186569, 547.42401123, 2124.85375977, 1853.3248291, 1932.40734863, 182.494659424, 398.087097168, 1408.84216309, 2273.86523438, 3287.05883789, 2542.21411133, 1852.87890625, 1918.6932373, 2613.74194336, 3239.95166016, 505.128265381, 472.372314453, 64.5640182495, 119.361679077, 78.561416626, 39.8971099854, 3.232203722, 0.454959899187, 0.00235325749964, 0.00211548199877, 0.00665133446455, 0.00310251512565, 0.000809609831776, 0.000327302666847, 3.54837829946e-05, 4.21101640313e-06, 2.51493389669e-07, 3.61580410058e-09, 1.07176267861e-10, 9.47394159651e-12, 4.0222866704e-11, 2.20721566024e-10], "dmean": [0.00221662712283, 0.0998129695654, 0.828515827656, 2.01707172394, 11.8860731125, 26.6077671051, 25.1080112457, 21.1394958496, 8.53392410278, 10.3753185272, 17.1988124847, 21.8227901459, 28.9711894989, 18.6526279449, 16.6830844879, 15.5856313705, 17.0908870697, 16.2312355042, 11.7612476349, 11.4519233704, 4.42863893509, 5.24753284454, 4.66858530045, 2.6660387516, 0.974606990814, 0.274413973093, 0.0273681432009, 0.0307148508728, 0.053265105933, 0.0358582250774, 0.0158257782459, 0.00892853643745, 0.00236261100508, 0.000768626865465, 0.000197092493181, 2.92731838272e-05, 5.14476096214e-06, 2.4386597488e-06, 5.07194044985e-06, 1.13853229777e-05], "max": [0.0589196756482, 3.088367939, 39.6523704529, 93.6089172363, 383.834869385, 670.08605957, 953.08782959, 712.241027832, 309.107971191, 621.304260254, 1121.03088379, 1806.71386719, 1228.89978027, 994.315795898, 1003.05029297, 1170.32849121, 1186.38122559, 1846.9432373, 413.836334229, 402.32510376, 151.825454712, 193.533828735, 294.331604004, 166.835342407, 47.4975624084, 19.703912735, 0.839118361473, 0.792321264744, 1.38121747971, 1.11437427998, 0.603293001652, 0.497434109449, 0.182326778769, 0.0585531108081, 0.017204515636, 0.00256874994375, 0.000380372453947, 0.000103985672467, 0.000100312929135, 0.000196606662939], "var": [2.64014051936e-05, 0.0730046406388, 7.61269235611, 29.13164711, 647.604064941, 2573.84057617, 2344.51611328, 1804.12353516, 430.159393311, 952.293273926, 3209.91064453, 3920.03344727, 5312.42871094, 4890.55273438, 4326.75634766, 5155.84814453, 6101.12695312, 7679.03515625, 985.033508301, 947.327392578, 185.274124146, 314.227172852, 255.982666016, 128.717086792, 12.8228912354, 1.64650213718, 0.00738110765815, 0.00356546067633, 0.00909457821399, 0.00491064274684, 0.00155977439135, 0.000720167183317, 7.11169486749e-05, 8.32157002151e-06, 5.04028150772e-07, 8.06785394047e-09, 1.83087559003e-10, 3.36323850714e-11, 1.15822761104e-10, 5.26769072806e-10], "mean": [0.00372248399071, 0.15158200264, 1.28579628468, 2.91290330887, 14.524638176, 33.3593521118, 32.6578330994, 26.6342315674, 15.4752140045, 17.6552963257, 29.7959251404, 35.788772583, 41.8648414612, 31.0809383392, 29.5535316467, 28.9983787537, 30.2715263367, 27.9431037903, 18.0765361786, 17.350982666, 8.38388633728, 10.5002479553, 9.66124916077, 5.52558994293, 2.03596591949, 0.507737994194, 0.0462241098285, 0.0410995110869, 0.0654123947024, 0.0460763089359, 0.022039687261, 0.0131490668282, 0.00431793369353, 0.00171418499667, 0.000536637147889, 0.000100492186903, 1.76461326191e-05, 1.17654881251e-05, 1.64747616509e-05, 2.73266668955e-05]}, "spectral_strongpeak": {"dmean2": 0.876051306725, "median": 0.650413155556, "min": 0, "dvar2": 1.16987931728, "dvar": 0.446933716536, "dmean": 0.51998269558, "max": 12.6124324799, "var": 0.790904223919, "mean": 0.896110773087}, "spectral_energy": {"dmean2": 0.0165693741292, "median": 0.0181097313762, "min": 1.01111641944e-20, "dvar2": 0.000476551154861, "dvar": 0.000180874412763, "dmean": 0.010219508782, "max": 0.175372973084, "var": 0.000411557994084, "mean": 0.0236844159663}, "average_loudness": 0.774120271206, "spectral_rolloff": {"dmean2": 417.954650879, "median": 732.12890625, "min": 43.06640625, "dvar2": 366968.96875, "dvar": 170649.8125, "dmean": 243.917434692, "max": 19487.5488281, "var": 3825667.75, "mean": 1040.76879883}, "spectral_centroid": {"dmean2": 244.523117065, "median": 592.3046875, "min": 183.908111572, "dvar2": 116586.125, "dvar": 52253.3242188, "dmean": 156.031387329, "max": 11538.265625, "var": 1310429.5, "mean": 788.131958008}, "pitch_salience": {"dmean2": 0.142575412989, "median": 0.594367086887, "min": 0.0973649024963, "dvar2": 0.0140698067844, "dvar": 0.00523664755747, "dmean": 0.0853763148189, "max": 0.878427088261, "var": 0.0117813143879, "mean": 0.584558486938}, "spectral_energyband_middle_high": {"dmean2": 0.0023224260658, "median": 0.00190944899805, "min": 1.00366331209e-21, "dvar2": 1.77344772965e-05, "dvar": 7.7569129644e-06, "dmean": 0.00159718829673, "max": 0.0765936225653, "var": 4.28762068623e-05, "mean": 0.00431477371603}, "spectral_contrast_coeffs": {"dmean2": [0.106256142259, 0.0920297577977, 0.0686700120568, 0.0530644394457, 0.0399604327977, 0.0377727337182], "median": [-0.529937803745, -0.729670345783, -0.750973701477, -0.775892019272, -0.728440880775, -0.805534660816], "min": [-0.976986050606, -0.988985598087, -0.973773539066, -0.971002578735, -0.96711063385, -0.966686487198], "dvar2": [0.00695663690567, 0.00512368325144, 0.00295454123989, 0.00188195169903, 0.00106035231147, 0.00110400258563], "dvar": [0.00256112636998, 0.00183351372834, 0.00112123240251, 0.000750262639485, 0.000502818380482, 0.000506654265337], "dmean": [0.0636563971639, 0.0546598173678, 0.0418447032571, 0.0330425910652, 0.0262284260243, 0.0257271565497], "max": [-0.230761364102, -0.483349561691, -0.51291590929, -0.566524803638, -0.556102454662, -0.693499982357], "var": [0.0109513597563, 0.00468398956582, 0.00484971655533, 0.00362712470815, 0.00504331011325, 0.00137050892226], "mean": [-0.530396938324, -0.728384494781, -0.749455928802, -0.773878693581, -0.732823491096, -0.803779900074]}, "melbands_skewness": {"dmean2": 1.32590901852, "median": 1.90843510628, "min": -1.44765937328, "dvar2": 1.68959391117, "dvar": 0.662940919399, "dmean": 0.821271002293, "max": 13.9717674255, "var": 2.21954679489, "mean": 2.15891480446}, "spectral_spread": {"dmean2": 500399.03125, "median": 1659496, "min": 686440.75, "dvar2": 722450710528, "dvar": 333163495424, "dmean": 304766.25, "max": 42546940, "var": 17073321279500.0, "mean": 2187524.5}, "dissonance": {"dmean2": 0.0580110251904, "median": 0.44280475378, "min": 0.206908777356, "dvar2": 0.00261715962552, "dvar": 0.000930405803956, "dmean": 0.0340671278536, "max": 0.500000119209, "var": 0.00170615210664, "mean": 0.435496658087}, "spectral_skewness": {"dmean2": 1.358694911, "median": 2.83527565002, "min": -0.0791301578283, "dvar2": 1.28013110161, "dvar": 0.507696270943, "dmean": 0.828171908855, "max": 9.19174003601, "var": 1.55556631088, "mean": 3.02311825752}, "spectral_flux": {"dmean2": 0.0392030291259, "median": 0.0781559497118, "min": 6.22755041979e-11, "dvar2": 0.00151678500697, "dvar": 0.000640494865365, "dmean": 0.0239398162812, "max": 0.342295765877, "var": 0.00180909445044, "mean": 0.084493689239}, "spectral_contrast_valleys": {"dmean2": [0.77347266674, 0.59869903326, 0.504515886307, 0.478087604046, 0.543340444565, 0.279163122177], "median": [-7.85561561584, -6.3561258316, -7.33855724335, -7.96530056, -9.176404953, -12.565536499], "min": [-28.122423172, -28.0657978058, -27.6699504852, -27.6164741516, -27.51030159, -27.3808631897], "dvar2": [0.409033536911, 0.256533771753, 0.204451575875, 0.195500925183, 0.271022349596, 0.0855206474662], "dvar": [0.163015961647, 0.109869301319, 0.0982393920422, 0.105214558542, 0.145582005382, 0.052318289876], "dmean": [0.460890054703, 0.358306586742, 0.321127325296, 0.324460238218, 0.383272200823, 0.206100434065], "max": [-5.82114171982, -4.38754987717, -5.18588924408, -6.1430516243, -7.46442604065, -10.5112390518], "var": [5.00868606567, 5.5596909523, 5.24855518341, 4.88846302032, 4.29305553436, 2.70158052444], "mean": [-8.20814037323, -6.68738794327, -7.6189994812, -8.2398223877, -9.44549655914, -12.6729078293]}, "erbbands_flatness_db": {"dmean2": 0.0325242094696, "median": 0.280942499638, "min": 0.0228535421193, "dvar2": 0.000842727022246, "dvar": 0.000335602555424, "dmean": 0.0205880720168, "max": 0.432369619608, "var": 0.00166320754215, "mean": 0.278314858675}, "spectral_energyband_high": {"dmean2": 5.92279320699e-06, "median": 2.35466677623e-06, "min": 7.1466086557e-21, "dvar2": 8.59904786266e-11, "dvar": 4.16659727553e-11, "dmean": 3.93131631427e-06, "max": 0.000129616368213, "var": 9.24022941495e-11, "mean": 5.84595363762e-06}, "spectral_entropy": {"dmean2": 0.380851507187, "median": 6.61971855164, "min": 4.29473018646, "dvar2": 0.13186596334, "dvar": 0.0559695065022, "dmean": 0.24182638526, "max": 9.82486534119, "var": 0.299037963152, "mean": 6.58099412918}, "silence_rate_20dB": {"dmean2": 0, "median": 1, "min": 1, "dvar2": 0, "dvar": 0, "dmean": 0, "max": 1, "var": 0, "mean": 1}, "melbands_flatness_db": {"dmean2": 0.0540836937726, "median": 0.321813941002, "min": 0.00224762014113, "dvar2": 0.00224951840937, "dvar": 0.000966180348769, "dmean": 0.0348027944565, "max": 0.624008774757, "var": 0.00493162032217, "mean": 0.323247730732}, "barkbands": {"dmean2": [1.21799812405e-05, 0.000515951018315, 0.00139685627073, 0.00153166858945, 0.0104109626263, 0.00546835549176, 0.001014578389, 0.00114727322944, 0.00182416907046, 0.00124176288955, 0.000704780803062, 0.000618963502347, 0.000686254119501, 0.000431977212429, 0.000442653661594, 0.000162204320077, 0.000162444019224, 0.000122473880765, 4.94576961501e-05, 8.40963457449e-06, 7.36191339001e-07, 2.30494356401e-06, 9.8303530649e-07, 3.95910944917e-07, 6.71822562026e-08, 5.02343633357e-09, 7.7201018911e-09], "median": [3.09550614475e-06, 0.000168352999026, 0.000374287716113, 0.000382139638532, 0.00412606075406, 0.00213179411367, 0.00052500423044, 0.000433619017713, 0.000687269493937, 0.000335364951752, 0.000119476928376, 0.000117770206998, 7.24320416339e-05, 6.68557549943e-05, 0.000133895504405, 4.55914487247e-05, 5.36433144589e-05, 4.25948092015e-05, 1.86135330296e-05, 2.34399226429e-06, 2.65139306066e-07, 7.85732709119e-07, 3.25560506553e-07, 1.68477626517e-07, 6.66211832367e-08, 7.92599230692e-09, 2.95753999069e-08], "min": [2.43594873417e-25, 2.54964656619e-24, 7.22389414587e-25, 5.20263036109e-25, 9.90799515082e-24, 1.21544201511e-23, 6.15607644456e-24, 1.12597382886e-23, 1.38893303855e-23, 1.44170830643e-23, 1.4508972738e-23, 2.36127983489e-23, 3.44582931544e-23, 2.7351628275e-23, 4.2972999019e-23, 5.64437676968e-23, 5.09737620038e-23, 9.68925159487e-23, 1.31549081403e-22, 1.36197756676e-22, 2.02906220337e-22, 3.34928706635e-22, 3.91933209285e-22, 6.04289516261e-22, 9.1193461652e-22, 1.30620169288e-21, 2.01730267279e-21], "dvar2": [4.1360470604e-10, 9.93602611743e-07, 7.71127361077e-06, 9.96908693196e-06, 0.000309318420477, 0.000102974569018, 2.51873620982e-06, 5.9512281041e-06, 1.40375605042e-05, 6.7259120442e-06, 3.74243040824e-06, 2.79926030089e-06, 4.59493821836e-06, 2.09369068216e-06, 6.49363244065e-07, 9.36361885806e-08, 1.14890191583e-07, 5.44021467874e-08, 1.15947544899e-08, 3.41798422898e-10, 1.15582706166e-12, 1.16330122618e-11, 2.79107271149e-12, 6.17285519575e-13, 3.13341847857e-14, 1.15895957987e-16, 7.17519558211e-17], "dvar": [1.50402551524e-10, 3.65279504422e-07, 3.14128328682e-06, 4.75204797112e-06, 0.000111267479951, 3.94206581404e-05, 9.40467259625e-07, 2.42006035478e-06, 5.50884033146e-06, 2.55417671724e-06, 1.5421610442e-06, 1.08726646886e-06, 1.77878712293e-06, 8.54108122894e-07, 2.69890819027e-07, 4.06312885559e-08, 4.58730724517e-08, 2.52050185168e-08, 6.49776987771e-09, 1.81381701325e-10, 4.84099631042e-13, 4.84029786738e-12, 1.20292653876e-12, 3.06304894643e-13, 1.43435966365e-14, 4.43323412656e-17, 2.74811584474e-17], "dmean": [7.42220800021e-06, 0.000305950030452, 0.000848392839544, 0.000902269326616, 0.00616578338668, 0.0032431029249, 0.000605866312981, 0.00070834136568, 0.00110435660463, 0.000763606920373, 0.000451351108495, 0.000382387108402, 0.000427384249633, 0.000274283316685, 0.000277612241916, 0.000102554062323, 0.00010407728405, 8.09129487607e-05, 3.2973184716e-05, 5.54109965378e-06, 4.60210003439e-07, 1.45141575558e-06, 6.30377371635e-07, 2.61757293174e-07, 4.43218937107e-08, 3.0777773663e-09, 4.72344030555e-09], "max": [0.000199218717171, 0.00921252183616, 0.0377729199827, 0.0735071748495, 0.148851692677, 0.111641585827, 0.0179236494005, 0.041637737304, 0.0703525617719, 0.0282643698156, 0.0330243706703, 0.025084933266, 0.0382333174348, 0.0311857368797, 0.00921348575503, 0.00532838143408, 0.003816829063, 0.00491466280073, 0.00275591877289, 0.000414246314904, 1.69393606484e-05, 3.60933008778e-05, 2.18081677303e-05, 1.22529554574e-05, 3.37775281878e-06, 2.30962527326e-07, 1.6772185063e-07], "var": [1.88934506928e-10, 5.8790658386e-07, 7.17281955076e-06, 1.02078302007e-05, 0.000140864940477, 4.04911806982e-05, 2.00288559427e-06, 5.87221711612e-06, 9.13649546419e-06, 4.66709889224e-06, 3.47014292856e-06, 2.86954400508e-06, 3.74850810658e-06, 1.72205216131e-06, 4.53732184269e-07, 9.47915594907e-08, 1.18281491268e-07, 7.85985960761e-08, 2.0260074507e-08, 5.85334503089e-10, 9.53871855634e-13, 6.79108115229e-12, 2.21184789234e-12, 6.94455994446e-13, 2.81457884478e-14, 6.62949923805e-17, 9.87696466257e-17], "mean": [8.29236887512e-06, 0.00044527230784