{"rhythm": {"bpm": 144.933410645, "bpm_histogram_second_peak_weight": {"mean": 0.0284938942641, "min": 0.0284938942641, "max": 0.0284938942641, "dmean2": 0, "dvar": 0, "dmean": 0, "median": 0.0284938942641, "dvar2": 0, "var": 0}, "bpm_histogram_first_peak_weight": {"mean": 0.586160123348, "min": 0.586160123348, "max": 0.586160123348, "dmean2": 0, "dvar": 0, "dmean": 0, "median": 0.586160123348, "dvar2": 0, "var": 0}, "danceability": 1.42823553085, "beats_loudness": {"mean": 0.0268006976694, "min": 1.68920114008e-10, "max": 0.218655765057, "dmean2": 0.0400501973927, "dvar": 0.00110322516412, "dmean": 0.0219421032816, "median": 0.0185357816517, "dvar2": 0.00309367454611, "var": 0.000887165544555}, "onset_rate": 6.28362464905, "bpm_histogram_second_peak_spread": {"mean": 0.511627912521, "min": 0.511627912521, "max": 0.511627912521, "dmean2": 0, "dvar": 0, "dmean": 0, "median": 0.511627912521, "dvar2": 0, "var": 0}, "bpm_histogram_first_peak_spread": {"mean": 0.364705860615, "min": 0.364705860615, "max": 0.364705860615, "dmean2": 0, "dvar": 0, "dmean": 0, "median": 0.364705860615, "dvar2": 0, "var": 0}, "beats_position": [0.429569154978, 0.859138309956, 1.27709746361, 1.69505667686, 2.11301589012, 2.53097510338, 2.94893407822, 3.35528349876, 3.76163268089, 4.17959165573, 4.59755086899, 5.01551008224, 5.42185926437, 5.8282084465, 6.24616765976, 6.66412687302, 7.08208608627, 7.50004529953, 7.90639448166, 8.31274318695, 8.73070240021, 9.14866161346, 9.56662082672, 9.98458003998, 10.3909292221, 10.7972784042, 11.2152376175, 11.6331968307, 12.051156044, 12.4575052261, 12.8638544083, 13.2818136215, 13.6997728348, 14.117732048, 14.5356912613, 14.9536504745, 15.3599996567, 15.7663488388, 16.1843090057, 16.602268219, 17.0086174011, 17.4149665833, 17.8329238892, 18.2508831024, 18.6688423157, 19.0751914978, 19.4815406799, 19.8994998932, 20.3174591064, 20.7354183197, 21.153377533, 21.5597267151, 21.9660758972, 22.3840351105, 22.8019943237, 23.219953537, 23.6379127502, 24.0442619324, 24.4506111145, 24.8685703278, 25.286529541, 25.7044887543, 26.1108379364, 26.5171871185, 26.9351463318, 27.353105545, 27.7710647583, 28.1890239716, 28.6069831848, 29.0249423981, 29.4429016113, 29.8492507935, 30.2555999756, 30.6735591888, 31.0915184021, 31.5094776154, 31.9158267975, 32.322177887, 32.7401351929, 33.1580963135, 33.5644454956, 33.9707946777, 34.3887519836, 34.8067131042, 35.2246704102, 35.6426315308, 36.0605888367, 36.4785499573, 36.8848991394, 37.2912483215, 37.7092056274, 38.1271629333, 38.5335159302, 38.9398651123, 39.3578224182, 39.7757797241, 40.1937408447, 40.6116981506, 41.0180473328, 41.4360084534, 41.8423576355, 42.2603149414, 42.678276062, 43.0846252441, 43.4909744263, 43.9089317322, 44.3268928528, 44.7448501587, 45.1511993408, 45.5575485229, 45.9755096436, 46.3934669495, 46.8114280701, 47.229385376, 47.6473464966, 48.0536956787, 48.4600448608, 48.8780021667, 49.2959632874, 49.7139205933, 50.1202697754, 50.5266189575, 50.9445800781, 51.362537384, 51.7688865662, 52.1752357483, 52.5931968689, 53.0111541748, 53.4291152954, 53.8470726013, 54.2650337219, 54.6829910278, 55.08934021, 55.4956893921, 55.9136505127, 56.3316078186, 56.7379570007, 57.1443061829, 57.5622673035, 57.9802246094, 58.39818573, 58.8161430359, 59.222492218, 59.6288414001, 60.0468025208, 60.4647598267, 60.8827209473, 61.3006782532, 61.7070274353, 62.1133766174, 62.531337738, 62.9492950439, 63.3672561646, 63.7736053467, 64.1799545288, 64.5979156494, 65.0158691406, 65.4338302612, 65.8517913818, 66.258140564, 66.6644897461, 67.0824508667, 67.5004043579, 67.9183654785, 68.3247146606, 68.7310638428, 69.1490249634, 69.566986084, 69.9849395752, 70.3912887573, 70.8092498779, 71.2155990601, 71.6335601807, 72.0515213013, 72.4694747925, 72.8874359131, 73.2937850952, 73.7001342773, 74.1180953979, 74.5360565186, 74.9540100098, 75.3603591919, 75.7783203125, 76.1846694946, 76.6026306152, 77.0205917358, 77.4385452271, 77.8448944092, 78.2512435913, 78.6692047119, 79.0871658325, 79.5051269531, 79.9114761353, 80.3178253174, 80.7357788086, 81.1537399292, 81.5600891113, 81.9664382935, 82.3843994141, 82.8023605347, 83.2087097168, 83.6150588989, 84.0330123901, 84.4509735107, 84.8689346313, 85.2868881226, 85.7048492432, 86.1111984253, 86.5175476074, 86.935508728, 87.3534698486, 87.7714233398, 88.177772522, 88.5841217041, 89.0020828247, 89.4200439453, 89.8380050659, 90.2559585571, 90.6623077393, 91.0686569214, 91.486618042, 91.9045791626, 92.3225402832, 92.7404937744, 93.158454895, 93.5764160156, 93.9943771362, 94.4007263184, 94.8070755005, 95.2250289917, 95.6429901123, 96.0493392944, 96.4556884766, 96.8736495972, 97.2916107178, 97.709564209, 98.1159133911, 98.5222625732, 98.9402236938, 99.3581848145, 99.7761459351, 100.194099426, 100.612060547, 101.018409729, 101.424758911, 101.842720032, 102.260681152, 102.678634644, 103.084983826, 103.491333008, 103.909294128, 104.327255249, 104.74521637, 105.163169861, 105.569519043, 105.975868225, 106.382217407, 106.788566589, 107.20652771, 107.624488831, 108.042449951, 108.472015381, 108.889976501, 109.307937622, 109.714286804, 110.120635986, 110.526985168, 110.94493866, 111.36289978, 111.780860901, 112.198822021, 112.605171204, 113.011520386, 113.429473877, 113.847434998, 114.265396118, 114.6717453, 115.078094482, 115.496055603, 115.914009094, 116.331970215, 116.738319397, 117.144668579, 117.5626297, 117.98059082, 118.398544312, 118.816505432, 119.234466553, 119.640815735, 120.047164917, 120.465126038, 120.883079529, 121.289428711, 121.695777893, 122.113739014, 122.531700134, 122.949661255, 123.367614746, 123.785575867, 124.191925049, 124.598274231, 125.016235352, 125.434196472, 125.840545654, 126.246894836, 126.664848328, 127.082809448, 127.500770569, 127.907119751, 128.313461304, 128.731430054, 129.149383545, 129.567337036, 129.985305786, 130.391647339, 130.79800415, 131.215957642, 131.633926392, 132.051879883, 132.469833374, 132.876190186, 133.282531738, 133.700500488, 134.118453979, 134.536407471, 134.954376221, 135.360717773, 135.767074585, 136.185028076, 136.602996826, 137.020950317, 137.42729187, 137.833648682, 138.251602173, 138.669570923, 139.087524414, 139.493881226, 139.900222778, 140.31817627, 140.73614502, 141.154098511, 141.572067261, 141.978408813, 142.384765625, 142.802719116, 143.220672607, 143.638641357, 144.056594849, 144.46295166, 144.869293213, 145.287246704, 145.705215454, 146.123168945, 146.541137695, 146.959091187, 147.365432739, 147.771789551, 148.189743042, 148.607711792, 149.014053345, 149.420410156, 149.838363647, 150.256317139, 150.674285889, 151.080627441, 151.486984253, 151.904937744, 152.322906494, 152.740859985, 153.158813477, 153.565170288, 153.971511841, 154.389480591, 154.807434082, 155.225387573, 155.643356323, 156.049697876, 156.456054688, 156.874008179, 157.291976929, 157.70993042, 158.127883911, 158.545852661, 158.952194214, 159.358551025, 159.776504517, 160.194458008, 160.600814819, 161.007156372, 161.425125122, 161.843078613, 162.261047363, 162.679000854, 163.096954346, 163.503311157, 163.90965271, 164.32762146, 164.745574951, 165.163528442, 165.569885254, 165.976226807, 166.394195557, 166.812149048, 167.230117798, 167.636459351, 168.042816162, 168.460769653, 168.878723145, 169.296691895, 169.703033447, 170.109390259, 170.52734375, 170.945297241, 171.363265991, 171.769607544, 172.187576294, 172.593917847, 173.011871338, 173.429840088, 173.847793579, 174.254150391, 174.660491943, 175.078460693, 175.496414185, 175.902755737, 176.309112549, 176.72706604, 177.14503479, 177.551376343, 177.957733154, 178.375686646, 178.793640137, 179.211608887, 179.629562378, 180.047531128, 180.465484619, 180.871826172, 181.278182983, 181.696136475, 182.102493286, 182.508834839, 182.926803589, 183.34475708, 183.762710571, 184.180679321, 184.598632812, 185.004989624, 185.411331177, 185.829299927, 186.247253418, 186.665206909, 187.083175659, 187.594009399, 188.116455078, 188.638900757, 189.149749756, 189.660583496, 190.183029175, 190.705490112, 191.216323853, 191.727157593, 192.24961853, 192.772064209, 193.282897949, 193.805343628, 194.316192627, 194.838638306, 195.361083984, 195.895141602, 196.440811157, 196.986480713, 197.52053833, 198.042984009, 198.553833008, 199.076278687, 199.598724365, 200.121170044, 200.643630981, 201.154464722, 201.6769104, 202.199356079, 202.710205078, 203.221038818, 203.731872559, 204.254333496, 204.776779175, 205.310836792, 205.844894409, 206.390563965, 206.924621582, 207.458679199, 207.981124878, 208.491973877, 209.026031494, 209.560089111, 210.105758667, 210.651428223, 211.18548584, 211.707931519, 212.230377197, 212.671554565, 213.124343872, 213.553924561, 213.971878052, 214.389831543, 214.807800293, 215.225753784, 215.632110596, 216.038452148, 216.45640564, 216.87437439, 217.292327881, 217.710296631, 218.116638184, 218.522994995, 218.940948486, 219.358901978, 219.776870728, 220.194824219, 220.60118103, 221.007522583, 221.425476074, 221.843444824, 222.261398315, 222.679367065, 223.085708618, 223.49206543, 223.910018921, 224.327972412, 224.745941162, 225.152282715, 225.558639526, 225.976593018, 226.394546509, 226.812515259, 227.218856812, 227.636825562, 228.054779053, 228.461135864, 228.879089355, 229.297042847, 229.703399658, 230.109741211, 230.527709961, 230.945663452, 231.363616943, 231.769973755, 232.176315308, 232.594284058, 233.012237549, 233.430206299, 233.836547852, 234.242904663, 234.660858154, 235.078811646, 235.496780396, 235.914733887, 236.321090698, 236.727432251, 237.145385742, 237.563354492, 237.981307983, 238.399276733, 238.805618286, 239.211975098, 239.629928589, 240.04788208, 240.46585083, 240.872192383, 241.278549194, 241.696502686, 242.114456177, 242.532424927, 242.950378418, 243.368347168, 243.774688721, 244.181045532, 244.598999023, 245.016952515, 245.434921265, 245.841262817, 246.247619629, 246.66557312, 247.083526611, 247.501495361, 247.907836914, 248.314193726, 248.732147217, 249.150115967, 249.568069458, 249.986022949, 250.392379761, 250.798721313, 251.216690063, 251.634643555, 252.052597046, 252.470565796, 252.888519287, 253.294876099, 253.701217651, 254.119186401, 254.537139893, 254.943481445, 255.349838257, 255.767791748, 256.185760498, 256.603729248, 257.010070801, 257.416412354, 257.834381104, 258.252319336, 258.670288086, 259.088256836, 259.494598389, 259.900939941, 260.318908691, 260.736877441, 261.154815674, 261.561187744, 261.967529297, 262.385467529, 262.803436279, 263.221405029, 263.639373779, 264.045715332, 264.452056885, 264.870025635, 265.287963867, 265.705932617, 266.123901367, 266.5418396, 266.94821167, 267.354553223, 267.772521973, 268.190460205, 268.596832275, 269.003173828, 269.421142578, 269.839080811, 270.257049561, 270.663391113, 271.081359863, 271.487701416, 271.905670166, 272.323608398, 272.741577148, 273.159545898, 273.565887451, 273.972229004, 274.390197754, 274.808166504, 275.226104736, 275.632476807, 276.038818359, 276.456787109, 276.874725342, 277.292694092, 277.699035645, 278.105377197, 278.523345947, 278.941314697, 279.359283447, 279.77722168, 280.183563232, 280.589935303, 281.007873535, 281.425842285, 281.843811035, 282.261749268, 282.668121338, 283.074462891, 283.492431641, 283.910369873, 284.328338623, 284.734680176, 285.141052246, 285.558990479, 285.976959229, 286.394927979, 286.801269531, 287.207611084, 287.625579834, 288.043518066, 288.461486816, 288.879455566, 289.297424316, 289.703765869, 290.110107422, 290.528076172, 290.946014404, 291.363983154, 291.770324707, 292.176696777, 292.59463501, 293.01260376, 293.43057251, 293.836914062, 294.243255615, 294.661224365, 295.067565918, 295.473907471, 295.891876221, 296.309844971, 296.727783203, 297.15737915, 297.58694458, 298.01651001, 298.457672119, 298.887237549, 299.305206299, 299.723175049, 300.141113281, 300.559082031, 300.965423584, 301.371795654, 301.789733887, 302.207702637, 302.625671387, 303.043609619, 303.449981689, 303.856323242, 304.274291992, 304.692230225, 305.098602295, 305.516540527, 305.934509277, 306.352478027, 306.77041626, 307.18838501, 307.617950439, 308.047515869, 308.488708496, 308.929870605, 309.359436035, 309.800628662, 310.241821289, 310.682983398, 311.124176025], "bpm_histogram_first_peak_bpm": {"mean": 144, "min": 144, "max": 144, "dmean2": 0, "dvar": 0, "dmean": 0, "median": 144, "dvar2": 0, "var": 0}, "beats_count": 738, "beats_loudness_band_ratio": {"mean": [0.303773373365, 0.125806719065, 0.0961646214128, 0.0727406293154, 0.0810159593821, 0.311812669039], "min": [0.00217748153955, 0.0012094869744, 0.000530875346158, 6.69750952511e-05, 3.20222497976e-05, 0.00191815791186], "max": [0.992794275284, 0.914796054363, 0.63543009758, 0.691289961338, 0.444651991129, 0.94321590662], "dmean2": [0.511498808861, 0.190895885229, 0.149377927184, 0.122585818172, 0.0963822379708, 0.306926310062], "dvar": [0.066120699048, 0.0125491898507, 0.00970712117851, 0.00847639609128, 0.00341676734388, 0.0192173589021], "dmean": [0.276348948479, 0.108595259488, 0.0845785140991, 0.0677491724491, 0.0561135485768, 0.177194669843], "median": [0.202069252729, 0.0891339033842, 0.063262835145, 0.0419294163585, 0.0726286619902, 0.2915340662], "dvar2": [0.184209808707, 0.033677469939, 0.0286246556789, 0.0244667138904, 0.00913073588163, 0.0564250983298], "var": [0.0669751390815, 0.0148574197665, 0.0105191338807, 0.00796340871602, 0.00406291056424, 0.0301040299237]}, "bpm_histogram_second_peak_bpm": {"mean": 115, "min": 115, "max": 115, "dmean2": 0, "dvar": 0, "dmean": 0, "median": 115, "dvar2": 0, "var": 0}}, "tonal": {"chords_number_rate": 0.00193625257816, "tuning_diatonic_strength": 0.430726468563, "chords_changes_rate": 0.0974083989859, "thpcp": [1, 0.708278417587, 0.529897451401, 0.729603350163, 0.758360087872, 0.581994116306, 0.442873120308, 0.413071513176, 0.381320029497, 0.337301671505, 0.345552444458, 0.407835006714, 0.458722740412, 0.430604934692, 0.366739928722, 0.38404583931, 0.388921797276, 0.35128647089, 0.440714329481, 0.67890226841, 0.84032279253, 0.836570978165, 0.686550974846, 0.478116750717, 0.448858112097, 0.499622136354, 0.435465604067, 0.363987445831, 0.382026791573, 0.41316652298, 0.421377599239, 0.40753364563, 0.372259885073, 0.350408613682, 0.344252586365, 0.671891629696], "hpcp": {"mean": [0.158248409629, 0.148548439145, 0.126516535878, 0.132486656308, 0.134168744087, 0.121185451746, 0.152035936713, 0.23420509696, 0.289891332388, 0.288597047329, 0.236843720078, 0.164938881993, 0.15484534204, 0.172357723117, 0.150225251913, 0.125566989183, 0.13179013133, 0.142532601953, 0.145365223289, 0.140589386225, 0.128420785069, 0.120882615447, 0.118758939207, 0.231786593795, 0.34497615695, 0.244339168072, 0.1828019768, 0.251695752144, 0.261616140604, 0.200774103403, 0.152780666947, 0.142499819398, 0.131546318531, 0.116361036897, 0.1192073524, 0.140693351626], "min": [0, 0, 0, 0, 0, 0, 0, 0, 0, 0, 0, 0, 0, 0, 0, 0, 0, 0, 0, 0, 0, 0, 0, 0, 0, 0, 0, 0, 0, 0, 0, 0, 0, 0, 0, 0], "max": [1, 1, 1, 1, 1, 1, 1, 1, 1, 1, 1, 1, 1, 1, 1, 1, 1, 1, 1, 1, 1, 1, 1, 1, 1, 1, 1, 1, 1, 1, 1, 1, 1, 1, 1, 1], "dmean2": [0.321825385094, 0.301882654428, 0.26760661602, 0.267443329096, 0.261691778898, 0.252501755953, 0.296897143126, 0.397895962, 0.465514659882, 0.477014988661, 0.439077049494, 0.335968732834, 0.305371791124, 0.317854762077, 0.276241958141, 0.245983332396, 0.265761137009, 0.2904920578, 0.283314943314, 0.272381752729, 0.257025271654, 0.251025170088, 0.235245093703, 0.412702709436, 0.687715768814, 0.432750821114, 0.331072986126, 0.410499334335, 0.378328531981, 0.332369893789, 0.30666834116, 0.285766541958, 0.264029532671, 0.24164378643, 0.255814880133, 0.299830764532], "dvar": [0.0582747645676, 0.0551800392568, 0.0459241084754, 0.0463605299592, 0.0416476204991, 0.0400975160301, 0.0454129166901, 0.0634675398469, 0.0704148188233, 0.0773978233337, 0.07404435426, 0.0540401674807, 0.0481973849237, 0.0521741472185, 0.0441382192075, 0.0398400723934, 0.0460199937224, 0.0532751269639, 0.0475165210664, 0.0475399531424, 0.0430649481714, 0.0428842045367, 0.0383323095739, 0.0461447872221, 0.128698408604, 0.0478354431689, 0.0503604412079, 0.0662965327501, 0.0558799803257, 0.0493994615972, 0.0475454553962, 0.0455485247076, 0.0439989864826, 0.037791416049, 0.0451701693237, 0.0536448508501], "dmean": [0.177028223872, 0.166528120637, 0.146772518754, 0.148967653513, 0.147553697228, 0.140842914581, 0.166696533561, 0.225706681609, 0.264907002449, 0.269663363695, 0.246906161308, 0.187023222446, 0.170100718737, 0.178104400635, 0.155250564218, 0.137225210667, 0.147591605783, 0.161717444658, 0.159596413374, 0.152251690626, 0.143697053194, 0.138236552477, 0.130435839295, 0.228397369385, 0.372688382864, 0.24329225719, 0.189002126455, 0.23535387218, 0.21771222353, 0.188102170825, 0.17075920105, 0.159607633948, 0.14768409729, 0.133286938071, 0.140368521214, 0.164373010397], "median": [0.0666193515062, 0.0597999170423, 0.0501632317901, 0.0502226166427, 0.0521718263626, 0.0474879033864, 0.0698035433888, 0.119240671396, 0.166872188449, 0.149482876062, 0.0975721403956, 0.0633736550808, 0.0711218118668, 0.0809562951326, 0.0696346834302, 0.0511586219072, 0.0505577474833, 0.0552302822471, 0.0578610450029, 0.0551064014435, 0.0545746907592, 0.0506680645049, 0.046386346221, 0.128338053823, 0.153255432844, 0.148051410913, 0.0811253637075, 0.123654790223, 0.134476423264, 0.0937383249402, 0.0663239508867, 0.0580325461924, 0.0546487979591, 0.051138728857, 0.0481355339289, 0.056187607348], "dvar2": [0.160167232156, 0.155212789774, 0.13042716682, 0.126462936401, 0.112065576017, 0.110655166209, 0.125810846686, 0.164993688464, 0.185355111957, 0.199440807104, 0.195013582706, 0.14929920435, 0.133944556117, 0.141456127167, 0.118271656334, 0.107560612261, 0.126187890768, 0.145993486047, 0.12845441699, 0.125668719411, 0.115874126554, 0.119047425687, 0.104726538062, 0.119677275419, 0.328906536102, 0.123661234975, 0.135502010584, 0.17328196764, 0.143438279629, 0.134337976575, 0.13152974844, 0.121104970574, 0.12063408643, 0.106297329068, 0.125398531556, 0.148435845971], "var": [0.052266612649, 0.0481733419001, 0.0369587503374, 0.0417159199715, 0.0390047840774, 0.0336473546922, 0.0412209481001, 0.0755331590772, 0.0939953327179, 0.102491982281, 0.0870889648795, 0.052329801023, 0.0439270325005, 0.0515697970986, 0.042548071593, 0.0360258221626, 0.0404041297734, 0.0461630038917, 0.0442546196282, 0.0440018735826, 0.0365079194307, 0.0345052443445, 0.0354095213115, 0.0581199601293, 0.144903123379, 0.0613444335759, 0.0558797977865, 0.0864401906729, 0.0895201414824, 0.0636206939816, 0.0446079485118, 0.0429333001375, 0.0392154604197, 0.0305449999869, 0.0363045930862, 0.0451636053622]}, "tuning_frequency": 434.193115234, "chords_scale": "minor", "chords_histogram": [13.95591259, 0.640452802181, 1.01280903816, 2.68096518517, 1.48942506313, 25.4244861603, 0.134048253298, 5.34703588486, 0.193625256419, 0, 3.4703605175, 0.134048253298, 15.5198097229, 0, 13.0622577667, 1.31069409847, 0.387250512838, 7.10455751419, 0.848972320557, 4.51295804977, 0, 0.491510272026, 2.1000893116, 0.178731009364], "hpcp_entropy": {"mean": 2.7681210041, "min": 0, "max": 4.80007457733, "dmean2": 1.33340024948, "dvar": 0.380291640759, "dmean": 0.780136168003, "median": 2.81366610527, "dvar2": 1.06544291973, "var": 0.711734056473}, "chords_key": "B", "key_key": "F", "key_scale": "major", "tuning_nontempered_energy_ratio": 0.88520771265, "tuning_equal_tempered_deviation": 0.24231800437, "key_strength": 0.538071632385, "chords_strength": {"mean": 0.441169410944, "min": 0.216678768396, "max": 0.771475851536, "dmean2": 0.0161852035671, "dvar": 9.41382604651e-05, "dmean": 0.0124109303579, "median": 0.436690092087, "dvar2": 0.000167215592228, "var": 0.00777897890657}}, "metadata": {"audio_properties": {"md5_encoded": "44ace05dc86f4294ab2be0d0937c8eab", "downmix": "mix", "equal_loudness": 0, "bit_rate": 192000, "analysis_sample_rate": 44100, "length": 311.746368408, "lossless": false, "replay_gain": -10.1348075867, "codec": "mp3"}, "version": {"essentia_git_sha": "v2.1_beta1-7-ge0e83e8-dirty", "essentia_build_sha": "eef087cf131c10083d474ad51def18efd0e38295", "extractor": "music 1.0", "essentia": "2.1-beta1"}, "tags": {"albumartist": ["Earthbound"], "albumartistsort": ["Earthbound"], "musicbrainz_artistid": ["a10dd5a9-4ee1-441d-8b2c-9ce76dc1d441"], "title": ["The Secret"], "asin": ["B000CAGS04"], "musicbrainz_recordingid": ["1beffaaa-b07a-428b-ab2d-12d1ef622740"], "artist": ["Earthbound"], "genre": ["Trance"], "replaygain_album_peak": ["1.292047"], "script": ["Latn"], "replaygain_track_gain": ["-9.93 dB"], "tracknumber": ["7/15"], "replaygain_album_gain": ["-8.74 dB"], "musicbrainz_albumid": ["ce9b44e2-684c-4f1a-bef3-d90de6f207f0"], "album": ["Earthbound"], "replaygain_track_peak": ["1.131490"], "mp3gain_minmax": ["000,210"], "mp3gain_album_minmax": ["000,210"], "artistsort": ["Earthbound"], "musicbrainz album status": ["official"], "date": ["1999"], "discnumber": ["1/1"], "musicbrainz_albumartistid": ["a10dd5a9-4ee1-441d-8b2c-9ce76dc1d441"], "file_name": "07 The Secret.mp3"}}, "lowlevel": {"mfcc": {"mean": [-687.395446777, 120.912734985, 6.17579507828, 40.590763092, -3.37763381004, 17.9222221375, -3.08264994621, 8.28504180908, -3.19603657722, 5.75974702835, -1.93428611755, 4.73062419891, -2.34517025948], "cov": [[10962.0917969, -1202.02429199, -652.152526855, 864.574707031, -366.148620605, 494.466552734, -142.481872559, 295.249450684, -144.03187561, 334.008666992, -85.7764434814, 233.610107422, -74.9678878784], [-1202.02429199, 1973.85217285, 286.023986816, -405.595031738, 229.785842896, -114.662750244, 163.554672241, -66.0425491333, 74.853187561, -72.4573822021, 95.4236831665, -37.5835494995, 88.6113204956], [-652.152526855, 286.023986816, 851.551025391, 146.114944458, 78.6577453613, 44.8936805725, 83.3146514893, 25.2520103455, 83.2144241333, -7.78335571289, 65.1944656372, 14.8216838837, 42.5874481201], [864.574707031, -405.595031738, 146.114944458, 556.818603516, 39.9258346558, 124.937301636, 7.98504400253, 62.190322876, 24.6091346741, 52.4355697632, 10.2043399811, 41.1023368835, 10.1488552094], [-366.148620605, 229.785842896, 78.6577453613, 39.9258346558, 308.331787109, 42.0357093811, 92.0594482422, 13.4458837509, 54.7829551697, -0.677891612053, 38.1285400391, -8.94671630859, 32.3210296631], [494.466552734, -114.662750244, 44.8936805725, 124.937301636, 42.0357093811, 192.563476562, 46.8065986633, 65.6885452271, 20.7115154266, 33.909702301, 11.0109958649, 25.3634700775, 0.934781849384], [-142.481872559, 163.554672241, 83.3146514893, 7.98504400253, 92.0594482422, 46.8065986633, 143.531387329, 36.1604003906, 49.8029060364, 4.41070079803, 32.479637146, 1.99398303032, 25.9206008911], [295.249450684, -66.0425491333, 25.2520103455, 62.190322876, 13.4458837509, 65.6885452271, 36.1604003906, 100.155433655, 35.3643608093, 34.7429504395, 8.80513477325, 22.3530864716, 8.3166103363], [-144.03187561, 74.853187561, 83.2144241333, 24.6091346741, 54.7829551697, 20.7115154266, 49.8029060364, 35.3643608093, 93.9690551758, 28.7599411011, 40.1769943237, 9.28081226349, 27.4917850494], [334.008666992, -72.4573822021, -7.78335571289, 52.4355697632, -0.677891612053, 33.909702301, 4.41070079803, 34.7429504395, 28.7599411011, 75.7059936523, 30.1625213623, 29.6201305389, 7.11211872101], [-85.7764434814, 95.4236831665, 65.1944656372, 10.2043399811, 38.1285400391, 11.0109958649, 32.479637146, 8.80513477325, 40.1769943237, 30.1625213623, 75.5697250366, 32.3049201965, 31.9543609619], [233.610107422, -37.5835494995, 14.8216838837, 41.1023368835, -8.94671630859, 25.3634700775, 1.99398303032, 22.3530864716, 9.28081226349, 29.6201305389, 32.3049201965, 64.2970123291, 28.4144573212], [-74.9678878784, 88.6113204956, 42.5874481201, 10.1488552094, 32.3210296631, 0.934781849384, 25.9206008911, 8.3166103363, 27.4917850494, 7.11211872101, 31.9543609619, 28.4144573212, 63.7722511292]], "icov": [[0.000158392314916, -5.65333539271e-05, 0.000122066368931, -0.000206484255614, 0.000150546373334, -0.000229449811741, 1.81400773727e-05, -0.000161512216437, 0.000287741655484, -0.000531868601684, 0.000304697401589, -0.000324332795572, 8.39570566313e-05], [-5.65333539271e-05, 0.000875823199749, -0.000296400598017, 0.000681276607793, -0.000441551906988, 0.000311036332278, -0.000523521215655, 0.000269041629508, -7.41526901038e-06, 0.000507665623445, -0.000771281600464, 0.000558418163564, -0.000712726847269], [0.000122066368931, -0.000296400598017, 0.00163761316799, -0.0007769195945, 0.000345997308614, -0.000336762459483, -0.000145563928527, -0.00015263055684, -0.000782910443377, 0.000773026898969, -0.000722288212273, -0.000232402220718, 0.00021078849386], [-0.000206484255614, 0.000681276607793, -0.0007769195945, 0.00307484087534, -0.000833874102682, -0.000698329065926, 0.000233161757933, 8.26427785796e-05, -0.000268680247245, -0.000238736640313, 0.000171919789864, -0.000135930997203, -0.000715685891919], [0.000150546373334, -0.000441551906988, 0.000345997308614, -0.000833874102682, 0.00481942063197, -0.00105425727088, -0.00169952015858, 0.00042220891919, -0.00084380764747, 8.77530110301e-05, -0.000906325352844, 0.00162624532823, -0.00101573485881], [-0.000229449811741, 0.000311036332278, -0.000336762459483, -0.000698329065926, -0.00105425727088, 0.00852263346314, -0.00216873222962, -0.00322244362906, 0.000720313575584, -0.000298273487715, -3.25562541548e-05, -0.00150788004976, 0.0017561474815], [1.81400773727e-05, -0.000523521215655, -0.000145563928527, 0.000233161757933, -0.00169952015858, -0.00216873222962, 0.0118868416175, -0.00320719112642, -0.00240492681041, 0.00223414017819, -0.0026929709129, 0.00224469252862, -0.00157441792544], [-0.000161512216437, 0.000269041629508, -0.00015263055684, 8.26427785796e-05, 0.00042220891919, -0.00322244362906, -0.00320719112642, 0.0176271423697, -0.00560663547367, -0.0039544464089, 0.00536759616807, -0.00422023516148, 0.00041196361417], [0.000287741655484, -7.41526901038e-06, -0.000782910443377, -0.000268680247245, -0.00084380764747, 0.000720313575584, -0.00240492681041, -0.00560663547367, 0.0209027677774, -0.00618742452934, -0.00606894306839, 0.00597323151305, -0.00490155955777], [-0.000531868601684, 0.000507665623445, 0.000773026898969, -0.000238736640313, 8.77530110301e-05, -0.000298273487715, 0.00223414017819, -0.0039544464089, -0.00618742452934, 0.0254232622683, -0.00908226985484, -0.0044365930371, 0.00411832984537], [0.000304697401589, -0.000771281600464, -0.000722288212273, 0.000171919789864, -0.000906325352844, -3.25562541548e-05, -0.0026929709129, 0.00536759616807, -0.00606894306839, -0.00908226985484, 0.029310034588, -0.0116891842335, -0.0031096895691], [-0.000324332795572, 0.000558418163564, -0.000232402220718, -0.000135930997203, 0.00162624532823, -0.00150788004976, 0.00224469252862, -0.00422023516148, 0.00597323151305, -0.0044365930371, -0.0116891842335, 0.0320635028183, -0.0126538695768], [8.39570566313e-05, -0.000712726847269, 0.00021078849386, -0.000715685891919, -0.00101573485881, 0.0017561474815, -0.00157441792544, 0.00041196361417, -0.00490155955777, 0.00411832984537, -0.0031096895691, -0.0126538695768, 0.0266682039946]]}, "barkbands_spread": {"mean": 30.4170570374, "min": 0.071174249053, "max": 123.655075073, "dmean2": 19.2478065491, "dvar": 219.383804321, "dmean": 12.4323062897, "median": 23.5665149689, "dvar2": 461.188232422, "var": 659.292602539}, "spectral_strongpeak": {"mean": 2.00673937798, "min": 0, "max": 79.3711090088, "dmean2": 4.25679683685, "dvar": 44.0143547058, "dmean": 2.33447337151, "median": 0.22817620635, "dvar2": 108.852058411, "var": 40.5249900818}, "melbands_crest": {"mean": 18.2924785614, "min": 1.66611325741, "max": 38.7639884949, "dmean2": 8.94173336029, "dvar": 23.9791069031, "dmean": 5.62143611908, "median": 17.4127044678, "dvar2": 51.8918991089, "var": 77.1747283936}, "spectral_energyband_middle_high": {"mean": 0.00254786456935, "min": 1.17447328131e-21, "max": 0.0549954846501, "dmean2": 0.00212836149149, "dvar": 5.30466377313e-06, "dmean": 0.00149600568693, "median": 0.000983289908618, "dvar2": 1.08938256744e-05, "var": 1.33002959046e-05}, "spectral_rms": {"mean": 0.00558869633824, "min": 3.10781261836e-12, "max": 0.0191389601678, "dmean2": 0.00247193407267, "dvar": 3.13557870868e-06, "dmean": 0.0017145286547, "median": 0.00542155047879, "dvar2": 7.66303492128e-06, "var": 1.19381193144e-05}, "spectral_flux": {"mean": 0.124777533114, "min": 6.41788150402e-11, "max": 0.504087865353, "dmean2": 0.0720609501004, "dvar": 0.00251898961142, "dmean": 0.0456717461348, "median": 0.104665882885, "dvar2": 0.00524490512908, "var": 0.00752598512918}, "erbbands_flatness_db": {"mean": 0.115733854473, "min": 0.0339523591101, "max": 0.426212847233, "dmean2": 0.0418666303158, "dvar": 0.000765765318647, "dmean": 0.0267169047147, "median": 0.104139849544, "dvar2": 0.00176958052907, "var": 0.00201633153483}, "barkbands_flatness_db": {"mean": 0.143853262067, "min": 0.0158712249249, "max": 0.604891836643, "dmean2": 0.0656841769814, "dvar": 0.00189226027578, "dmean": 0.0444789193571, "median": 0.126781329513, "dvar2": 0.00412936601788, "var": 0.00759597076103}, "spectral_entropy": {"mean": 7.6812376976, "min": 4.45305728912, "max": 9.82256793976, "dmean2": 0.425084263086, "dvar": 0.1091189906, "dmean": 0.278584629297, "median": 7.83578920364, "dvar2": 0.234823614359, "var": 0.28354382515}, "spectral_energyband_high": {"mean": 0.00130902207457, "min": 7.29315048668e-21, "max": 0.0159702766687, "dmean2": 0.00119269092102, "dvar": 1.860817747e-06, "dmean": 0.000810795463622, "median": 0.000480763730593, "dvar2": 4.05076207244e-06, "var": 4.2238957576e-06}, "barkbands_kurtosis": {"mean": 25.0092468262, "min": -1.85318255424, "max": 1137.02868652, "dmean2": 33.7304153442, "dvar": 2098.73510742, "dmean": 20.7589454651, "median": 5.58843994141, "dvar2": 4969.38916016, "var": 3140.71728516}, "spectral_complexity": {"mean": 15.221493721, "min": 0, "max": 64, "dmean2": 9.13445091248, "dvar": 46.8494606018, "dmean": 6.48532676697, "median": 11, "dvar2": 83.566444397, "var": 171.865509033}, "spectral_contrast_coeffs": {"mean": [-0.680791318417, -0.778957784176, -0.828478991985, -0.834936857224, -0.831527709961, -0.719762682915], "min": [-0.974675476551, -0.975707113743, -0.972449481487, -0.987598836422, -0.978528439999, -0.962378621101], "max": [-0.327233940363, -0.48593723774, -0.557703793049, -0.569128274918, -0.570607841015, -0.450024038553], "dmean2": [0.116634935141, 0.0905135497451, 0.0655963495374, 0.0512657128274, 0.0424043387175, 0.0691714435816], "dvar": [0.00398276699707, 0.00193550041877, 0.00104497990105, 0.000716775946785, 0.000593263597693, 0.00166573026218], "dmean": [0.0749263688922, 0.0557564981282, 0.0405866727233, 0.0323055647314, 0.027090203017, 0.0460665673018], "median": [-0.693118870258, -0.785571098328, -0.834118008614, -0.835421025753, -0.828057646751, -0.702710092068], "dvar2": [0.00921008270234, 0.0051286984235, 0.00263007986359, 0.00169485446531, 0.00131391303148, 0.00314119970426], "var": [0.0100360363722, 0.00451248139143, 0.00281510176137, 0.00247482932173, 0.00196038256399, 0.00644568586722]}, "spectral_centroid": {"mean": 1539.46179199, "min": 82.8401412964, "max": 11536.8720703, "dmean2": 704.835632324, "dvar": 294704.875, "dmean": 474.818084717, "median": 1333.24169922, "dvar2": 548068.0625, "var": 1209103.125}, "spectral_energyband_low": {"mean": 0.0275063831359, "min": 1.47561496809e-23, "max": 0.317649394274, "dmean2": 0.032020509243, "dvar": 0.00112677994184, "dmean": 0.0198538303375, "median": 0.0121197272092, "dvar2": 0.00290986755863, "var": 0.00178643339314}, "dissonance": {"mean": 0.470419704914, "min": 0.182291433215, "max": 0.500000119209, "dmean2": 0.0325856506824, "dvar": 0.000512231374159, "dmean": 0.0196919031441, "median": 0.479425489902, "dvar2": 0.00132966751698, "var": 0.000924510357436}, "zerocrossingrate": {"mean": 0.2426956743, "min": 0.0048828125, "max": 0.884765625, "dmean2": 0.0663022324443, "dvar": 0.0027083219029, "dmean": 0.0587160550058, "median": 0.224609375, "dvar2": 0.00350958644412, "var": 0.0190152451396}, "erbbands": {"mean": [0.577700316906, 2.24938464165, 6.06874895096, 12.4399147034, 11.4056901932, 5.78082132339, 6.93603610992, 12.1041631699, 11.3330602646, 18.3196430206, 10.1294603348, 10.1843347549, 10.4324846268, 10.6089849472, 10.9061336517, 12.0450267792, 11.709353447, 12.5023994446, 11.2378797531, 11.7472639084, 11.9809932709, 9.74301242828, 11.7502660751, 12.6505479813, 14.7800235748, 13.2962188721, 11.9036884308, 10.6759757996, 8.64579868317, 5.24606561661, 3.16923308372, 1.84181654453, 0.820577442646, 0.108584739268, 0.0274855047464, 0.159620568156, 0.209577843547, 0.151076480746, 0.0533424504101, 0.0087806256488], "min": [4.5870756492e-23, 6.56534221536e-22, 2.06387116413e-21, 7.05635872723e-21, 1.1373457965e-20, 1.774760756e-20, 1.09209417023e-20, 7.41471841019e-20, 1.8881744235e-19, 4.53437405841e-19, 3.58119031561e-19, 5.41108521206e-19, 4.28673246813e-19, 1.10698117559e-18, 1.47461270665e-18, 1.48748249961e-18, 1.25927008945e-18, 1.45180909492e-18, 3.16552611245e-18, 3.74763771812e-18, 4.59677335849e-18, 5.97844539569e-18, 6.18326648229e-18, 8.28672598224e-18, 9.03394966242e-18, 6.70047646313e-18, 8.96811104875e-18, 1.21397779433e-17, 1.14293100336e-17, 1.29714079603e-17, 1.30895318333e-17, 1.15327837108e-17, 1.01651687809e-17, 8.00879329642e-18, 6.58888731696e-18, 4.76467820154e-18, 2.60245186177e-18, 1.07460935892e-18, 2.57352173684e-19, 2.78422531837e-20], "max": [8.79044342041, 57.6176605225, 169.975830078, 331.118286133, 277.39541626, 210.602813721, 206.949447632, 364.73614502, 698.305541992, 1317.15380859, 544.22454834, 415.042510986, 581.526367188, 744.782897949, 968.41394043, 469.553192139, 677.92376709, 1943.27722168, 1109.29650879, 478.43737793, 411.411956787, 364.929260254, 274.094970703, 353.357055664, 478.892059326, 330.046081543, 281.148864746, 182.446472168, 141.422607422, 106.47252655, 71.4024581909, 62.9746856689, 24.4682121277, 1.66629433632, 0.504583060741, 2.39616274834, 4.92451810837, 2.01880550385, 0.746131777763, 0.0836736932397], "dmean2": [0.830063700676, 3.80015993118, 11.7082576752, 25.4292507172, 21.2873153687, 8.67085170746, 10.1732816696, 17.5506839752, 15.6623182297, 25.708026886, 14.1622610092, 13.6807203293, 13.4536542892, 14.3207759857, 13.720117569, 15.759645462, 15.3221073151, 16.5030612946, 12.9411220551, 12.7797021866, 12.2453374863, 9.49104309082, 11.7458724976, 11.9478807449, 14.773809433, 13.2385902405, 12.7242898941, 11.5034704208, 9.92809867859, 6.03246736526, 3.15793466568, 1.73177742958, 0.919307470322, 0.13623136282, 0.0378339551389, 0.194576606154, 0.223679035902, 0.171082049608, 0.0515003688633, 0.00529373437166], "dvar": [0.796063482761, 37.6478996277, 387.207733154, 1769.78417969, 890.141174316, 86.8682479858, 136.728942871, 380.77532959, 476.549346924, 1862.18603516, 423.074432373, 445.160095215, 394.217437744, 560.677612305, 580.247070312, 513.016174316, 613.767700195, 1415.57116699, 508.822784424, 304.699310303, 317.305969238, 126.33405304, 151.261947632, 245.31413269, 379.754211426, 263.866546631, 217.307693481, 163.505599976, 140.331878662, 48.0179023743, 13.4225902557, 4.99601125717, 1.60203373432, 0.0206252485514, 0.00131031288765, 0.0681065395474, 0.0781039223075, 0.0422898866236, 0.00341985188425, 2.22326943913e-05], "dmean": [0.497001975775, 2.33203625679, 7.13338661194, 15.0240249634, 12.521856308, 5.21989870071, 6.21544885635, 10.8534841537, 9.90405464172, 16.6939373016, 8.90284633636, 8.73733997345, 8.57276153564, 9.20289897919, 8.92912197113, 10.1007328033, 9.89747142792, 10.5797529221, 8.31491374969, 8.39432525635, 8.06818962097, 6.28996419907, 7.61187791824, 7.73724222183, 10.0266180038, 8.83493041992, 8.15665149689, 7.34486150742, 6.40940141678, 3.81663990021, 2.05996537209, 1.16620433331, 0.62191683054, 0.0886501669884, 0.0238483417779, 0.130532935262, 0.15052510798, 0.111320398748, 0.0343700908124, 0.0037761204876], "median": [0.175339892507, 0.332337379456, 0.781778275967, 1.89602458477, 2.45015239716, 2.26353597641, 2.94789171219, 4.26706457138, 3.49256944656, 3.87238049507, 2.88392043114, 2.9784913063, 3.49236512184, 2.93008136749, 2.94197225571, 3.27082443237, 3.152354002, 3.36762905121, 3.24389672279, 3.73585534096, 3.23196721077, 3.23076629639, 3.97110366821, 3.68195056915, 3.62620043755, 3.68725299835, 3.69539904594, 3.44207715988, 2.83001637459, 1.72130119801, 0.849358677864, 0.441674232483, 0.203016236424, 0.0416883006692, 0.0116346664727, 0.0424736849964, 0.0596383474767, 0.0539543107152, 0.0215824116021, 0.00546269724146], "dvar2": [2.06425619125, 97.6859512329, 972.557678223, 4596.85400391, 2382.46142578, 207.093948364, 333.106109619, 938.917175293, 986.912719727, 4084.81079102, 1037.14282227, 996.444702148, 932.63470459, 1265.86083984, 1356.24560547, 1194.40393066, 1348.51208496, 3656.5715332, 1328.96630859, 725.332275391, 697.694030762, 289.326416016, 374.015106201, 632.787109375, 826.83404541, 636.200378418, 537.213012695, 393.201782227, 336.152801514, 113.214263916, 30.1571235657, 9.98386287689, 3.19718694687, 0.0442626513541, 0.00317758182064, 0.138768821955, 0.158899247646, 0.0959238633513, 0.00771890161559, 4.448504842e-05], "var": [1.02490413189, 36.2048492432, 326.533813477, 1343.63024902, 727.257263184, 101.992385864, 156.461166382, 466.450958252, 687.205566406, 2546.26879883, 477.926422119, 600.831848145, 515.221801758, 746.856140137, 758.372741699, 669.911804199, 817.160583496, 1536.08251953, 638.597473145, 455.513214111, 631.025146484, 269.89855957, 326.691864014, 574.423706055, 858.514953613, 585.335266113, 498.333557129, 347.549102783, 217.30027771, 79.4613571167, 40.7898826599, 23.7855014801, 3.02029514313, 0.0312604792416, 0.00167877064086, 0.100111044943, 0.19006690383, 0.0638047009706, 0.00683850701898, 8.88173017302e-05]}, "pitch_salience": {"mean": 0.513634622097, "min": 0.0263821277767, "max": 0.879498958588, "dmean2": 0.168590441346, "dvar": 0.00837801396847, "dmean": 0.106177181005, "median": 0.540445446968, "dvar2": 0.0196779873222, "var": 0.0293016005307}, "silence_rate_60dB": {"mean": 0.13696283102, "min": 0, "max": 1, "dmean2": 0.125139668584, "dvar": 0.0586450248957, "dmean": 0.0625651702285, "median": 0, "dvar2": 0.139703825116, "var": 0.118209175766}, "melbands": {"mean": [0.00493583548814, 0.00315489014611, 0.00218742992729, 0.000576746126171, 0.000242815105594, 0.000265280163148, 0.000180953546078, 0.00018372409977, 7.86594682722e-05, 6.39594582026e-05, 5.10976060468e-05, 4.20367614424e-05, 3.59096484317e-05, 3.70738998754e-05, 2.78976076515e-05, 2.3924449124e-05, 2.31274916587e-05, 1.74613942363e-05, 1.80438237294e-05, 1.45233543662e-05, 1.38245886774e-05, 9.79471860774e-06, 9.38082121138e-06, 1.20142012747e-05, 9.68047970673e-06, 1.09941074697e-05, 9.63054571912e-06, 8.64329194883e-06, 7.21748301657e-06, 6.99543306837e-06, 5.99974828219e-06, 5.32052081326e-06, 3.47062587025e-06, 2.70490204457e-06, 1.85039709777e-06, 1.45665592299e-06, 9.76053343038e-07, 6.51466336876e-07, 2.73199020739e-07, 2.82401568796e-08], "min": [5.59256036224e-25, 2.31880653823e-24, 2.44951704314e-24, 9.82012709003e-25, 5.02144035104e-25, 1.51245195218e-24, 2.81804485349e-24, 5.36868321506e-24, 2.41585220679e-24, 2.20859458395e-24, 2.01080033374e-24, 3.39026581869e-24, 4.06033768222e-24, 3.94805043211e-24, 3.72811443402e-24, 2.044373465e-24, 2.60502519338e-24, 2.78493064206e-24, 4.7751758244e-24, 4.76024268747e-24, 3.67970085697e-24, 5.91463215388e-24, 5.06310058848e-24, 5.21417297385e-24, 5.66085520624e-24, 4.91689468603e-24, 5.60943370257e-24, 3.34490040019e-24, 4.72640094906e-24, 6.74039123909e-24, 6.70976134786e-24, 5.9880964034e-24, 5.96330329401e-24, 6.09447114103e-24, 5.8427420763e-24, 6.14657106508e-24, 6.50547043366e-24, 6.53717278129e-24, 7.2121766032e-24, 6.40543340455e-24], "max": [0.0590966679156, 0.0727618560195, 0.0535066686571, 0.0137603217736, 0.00866134744138, 0.00822857394814, 0.00901205278933, 0.0121482908726, 0.00416128383949, 0.00251665222459, 0.00286341574974, 0.00333555857651, 0.00269552576356, 0.0018097339198, 0.0013822