{"rhythm": {"bpm": 155.622634888, "bpm_histogram_second_peak_weight": {"mean": 0.0996884703636, "min": 0.0996884703636, "max": 0.0996884703636, "dmean2": 0, "dvar": 0, "dmean": 0, "median": 0.0996884703636, "dvar2": 0, "var": 0}, "bpm_histogram_first_peak_weight": {"mean": 0.367601245642, "min": 0.367601245642, "max": 0.367601245642, "dmean2": 0, "dvar": 0, "dmean": 0, "median": 0.367601245642, "dvar2": 0, "var": 0}, "danceability": 1.00814366341, "beats_loudness": {"mean": 0.0317139029503, "min": 2.4370904157e-06, "max": 0.195707455277, "dmean2": 0.0294714868069, "dvar": 0.000403969868785, "dmean": 0.0166098121554, "median": 0.0261074882001, "dvar2": 0.00116067926865, "var": 0.000913701893296}, "onset_rate": 4.12612247467, "bpm_histogram_second_peak_spread": {"mean": 0.111111104488, "min": 0.111111104488, "max": 0.111111104488, "dmean2": 0, "dvar": 0, "dmean": 0, "median": 0.111111104488, "dvar2": 0, "var": 0}, "bpm_histogram_first_peak_spread": {"mean": 0.284848451614, "min": 0.284848451614, "max": 0.284848451614, "dmean2": 0, "dvar": 0, "dmean": 0, "median": 0.284848451614, "dvar2": 0, "var": 0}, "beats_position": [0.348299324512, 0.708208620548, 1.06811785698, 1.42802715302, 1.79954648018, 2.17106580734, 2.54258489609, 2.91410422325, 3.28562355042, 3.65714287758, 4.04027223587, 4.42340135574, 4.81814050674, 5.21287965775, 5.59600877762, 5.99074840546, 6.3622674942, 6.73378658295, 7.10530614853, 7.47682523727, 7.84834432602, 8.23147392273, 8.62621307373, 9.05578231812, 9.45052146912, 9.83365058899, 10.2167797089, 10.5999088287, 10.9830379486, 11.354557991, 11.7260770798, 12.0975961685, 12.4691152573, 12.8522443771, 13.2237634659, 13.6068935394, 13.9900226593, 14.3731517792, 14.7446708679, 15.1277999878, 15.4993190765, 15.870839119, 16.2539672852, 16.637096405, 17.0086174011, 17.391746521, 17.786485672, 18.1696147919, 18.5527439117, 18.9242630005, 19.2957820892, 19.6789112091, 20.062040329, 20.4451694489, 20.8282985687, 21.2230377197, 21.6177768707, 22.0125160217, 22.3956451416, 22.7903842926, 23.1851234436, 23.5682544708, 23.9513835907, 24.3461227417, 24.7292518616, 25.1123809814, 25.4955101013, 25.8786392212, 26.2501583099, 26.6332874298, 27.0048065186, 27.3763256073, 27.7594547272, 28.1309738159, 28.5141029358, 28.8856239319, 29.2687530518, 29.6518821716, 30.0466213226, 30.4297504425, 30.8244895935, 31.2076187134, 31.6023578644, 31.9854869843, 32.3686180115, 32.7517471313, 33.1348762512, 33.5296134949, 33.9243545532, 34.2958717346, 34.6790008545, 35.0737419128, 35.4684791565, 35.8516082764, 36.2463493347, 36.6294784546, 37.0126075745, 37.3957366943, 37.7788658142, 38.1619949341, 38.545124054, 38.9282531738, 39.3113822937, 39.7061233521, 40.0892524719, 40.4723815918, 40.8555107117, 41.2502479553, 41.6333770752, 42.0281181335, 42.4112472534, 42.7943763733, 43.1775054932, 43.560634613, 43.9553718567, 44.350112915, 44.7332420349, 45.1163711548, 45.5111083984, 45.9058494568, 46.3005905151, 46.683719635, 47.0668487549, 47.4499778748, 47.8331069946, 48.2162361145, 48.5993652344, 48.994102478, 49.3772315979, 49.7603607178, 50.1434898376, 50.5266189575, 50.9097480774, 51.2928771973, 51.6760063171, 52.0591392517, 52.4422683716, 52.8253974915, 53.1969146729, 53.5684356689, 53.9399528503, 54.3114738464, 54.6829910278, 55.0661201477, 55.4492492676, 55.8323783875, 56.2155075073, 56.5986366272, 56.9817695618, 57.3648986816, 57.7480278015, 58.1195449829, 58.5026741028, 58.8858032227, 59.2689323425, 59.6520614624, 60.0235824585, 60.4067115784, 60.7898406982, 61.1729698181, 61.556098938, 61.9392280579, 62.3223571777, 62.6938781738, 63.0770072937, 63.4601364136, 63.8432655334, 64.2263946533, 64.6095199585, 64.9810409546, 65.3641738892, 65.7356872559, 66.1188201904, 66.5019454956, 66.8734664917, 67.2565994263, 67.6397247314, 68.022857666, 68.4059829712, 68.7775039673, 69.1374130249, 69.508934021, 69.8920593262, 70.2635803223, 70.6351013184, 71.0066223145, 71.3897476196, 71.7728805542, 72.1444015503, 72.515914917, 72.8874359131, 73.2589569092, 73.6420822144, 74.0252151489, 74.4083404541, 74.7914733887, 75.1629943848, 75.5461196899, 75.9292526245, 76.3123779297, 76.6955108643, 77.0786361694, 77.4733810425, 77.8681182861, 78.2628555298, 78.6692047119, 79.1103820801, 79.5515594482, 79.9811325073, 80.4223098755, 80.8634872437, 81.2930603027, 81.7458496094, 82.1754150391, 82.6166000366, 83.0577774048, 83.5221786499, 83.9981842041, 84.4741897583, 84.9734191895, 85.4842605591, 86.0067138672, 86.5059356689, 87.0051651001, 87.5160064697, 88.0268478394, 88.537689209, 89.0601348877, 89.6522445679, 90.2327423096, 90.8132400513, 91.3821334839, 91.9510192871, 92.5083007812, 93.065574646, 93.6112442017, 94.1569137573, 94.7141952515, 95.2714691162, 95.8287506104, 96.3860321045, 96.9665298462, 97.5238113403, 98.0810852051, 98.6383666992, 99.1956481934, 99.7529220581, 100.310203552, 100.855873108, 101.401542664, 101.935600281, 102.469657898, 103.003715515, 103.537773132, 104.083442688, 104.617500305, 105.163169861, 105.697235107, 106.242897034, 106.788566589, 107.322631836, 107.856689453, 108.39074707, 108.924804688, 109.458862305, 110.016143799, 110.573425293, 111.130699158, 111.61831665, 112.105941772, 112.593559265, 113.081176758, 113.557182312, 114.033195496, 114.50920105, 114.985214233, 115.472831726, 115.914009094, 116.331970215, 116.761543274, 117.191108704, 117.609069824, 118.038635254, 118.456596375, 118.874557495, 119.304122925, 119.733695984, 120.151649475, 120.557998657, 120.975959778, 121.38230896, 121.788658142, 122.22983551, 122.671020508, 123.112197876, 123.553375244, 123.994552612, 124.43573761, 124.888526917, 125.341316223, 125.79410553, 126.246894836, 126.688072205, 127.140861511, 127.593650818, 128.058044434, 128.51083374, 128.963623047, 129.428024292, 129.892425537, 130.333602905, 130.774780273, 131.215957642, 131.65713501, 132.098312378, 132.527893066, 132.945846558, 133.363800049, 133.793380737, 134.222946167, 134.652511597, 135.082077026], "bpm_histogram_first_peak_bpm": {"mean": 157, "min": 157, "max": 157, "dmean2": 0, "dvar": 0, "dmean": 0, "median": 157, "dvar2": 0, "var": 0}, "beats_count": 322, "beats_loudness_band_ratio": {"mean": [0.488899409771, 0.193247541785, 0.208946377039, 0.0776775404811, 0.0667562633753, 0.018071744591], "min": [0.00446625938639, 0.00588919781148, 0.000583575514611, 0.000571610231418, 0.00013828118972, 0.000149591942318], "max": [0.98153924942, 0.857125163078, 0.849670231342, 0.864047586918, 0.604080975056, 0.544155955315], "dmean2": [0.39560058713, 0.243283361197, 0.254954904318, 0.11654613167, 0.116278752685, 0.0317302905023], "dvar": [0.0351964235306, 0.0156275629997, 0.0184387546033, 0.00767103256658, 0.0076437080279, 0.00178355874959], "dmean": [0.234363004565, 0.142283633351, 0.147128462791, 0.0673554763198, 0.0648658201098, 0.0179117694497], "median": [0.496815502644, 0.153306633234, 0.16881595552, 0.0452258139849, 0.0394298098981, 0.00834236480296], "dvar2": [0.101300492883, 0.048498634249, 0.0521587841213, 0.0190377663821, 0.0217470340431, 0.00490679498762], "var": [0.0621256455779, 0.0216147117317, 0.0243416372687, 0.0104666855186, 0.0067660943605, 0.0016754604876]}, "bpm_histogram_second_peak_bpm": {"mean": 152, "min": 152, "max": 152, "dmean2": 0, "dvar": 0, "dmean": 0, "median": 152, "dvar2": 0, "var": 0}}, "tonal": {"chords_number_rate": 0.00410396698862, "tuning_diatonic_strength": 0.627708911896, "chords_changes_rate": 0.0660054683685, "thpcp": [1, 0.651056826115, 0.250954687595, 0.190528601408, 0.207436874509, 0.272638589144, 0.314330130816, 0.275737285614, 0.223426356912, 0.222947850823, 0.238893032074, 0.388362675905, 0.513696432114, 0.390190213919, 0.334281235933, 0.38628757, 0.3220936656, 0.275163859129, 0.288882851601, 0.321500182152, 0.634952068329, 0.864215612411, 0.540840625763, 0.221680209041, 0.169891238213, 0.17878895998, 0.293395280838, 0.372397661209, 0.267997086048, 0.206609770656, 0.253767341375, 0.295956999063, 0.383659780025, 0.444910794497, 0.401116162539, 0.680641412735], "hpcp": {"mean": [0.129557237029, 0.0932362526655, 0.0718795880675, 0.0882857143879, 0.102963514626, 0.133475333452, 0.154784575105, 0.139548406005, 0.236795306206, 0.347900241613, 0.226502835751, 0.0873071998358, 0.0662849470973, 0.0721673369408, 0.0948510318995, 0.109355531633, 0.0959290638566, 0.0777300819755, 0.0775636136532, 0.0831109434366, 0.13511146605, 0.178715109825, 0.135747268796, 0.116296522319, 0.134389534593, 0.112056463957, 0.0957295745611, 0.100502409041, 0.111849993467, 0.220899969339, 0.300660818815, 0.188158586621, 0.0771225988865, 0.0591052025557, 0.0622007213533, 0.102072291076], "min": [0, 0, 0, 0, 0, 0, 0, 0, 0, 0, 0, 0, 0, 0, 0, 0, 0, 0, 0, 0, 0, 0, 0, 0, 0, 0, 0, 0, 0, 0, 0, 0, 0, 0, 0, 0], "max": [1, 1, 1, 1, 1, 1, 1, 1, 1, 1, 1, 1, 1, 1, 1, 1, 1, 1, 1, 1, 1, 1, 1, 1, 1, 1, 1, 1, 1, 1, 1, 1, 1, 1, 1, 1], "dmean2": [0.189788416028, 0.166378930211, 0.15240368247, 0.17147949338, 0.188852861524, 0.232470706105, 0.242506757379, 0.264476537704, 0.309646815062, 0.298322021961, 0.28196054697, 0.187294006348, 0.145102098584, 0.150929793715, 0.148147314787, 0.165831446648, 0.165082097054, 0.154500752687, 0.146944969893, 0.172099500895, 0.197379469872, 0.21104376018, 0.222897440195, 0.21678262949, 0.225740492344, 0.220014438033, 0.19092053175, 0.21071767807, 0.251974791288, 0.314535498619, 0.295379221439, 0.279872268438, 0.167255744338, 0.133550778031, 0.141636162996, 0.176452308893], "dvar": [0.0421352572739, 0.0321038402617, 0.0313959419727, 0.0375346839428, 0.0356407687068, 0.046856097877, 0.0490011721849, 0.0465764962137, 0.0488877817988, 0.0574173890054, 0.0455321632326, 0.0363444723189, 0.0254785884172, 0.0261781383306, 0.0253769345582, 0.0276643130928, 0.0258787218481, 0.028277868405, 0.0271949544549, 0.0305393338203, 0.0330692715943, 0.0405337139964, 0.0382999144495, 0.0394338816404, 0.04599538818, 0.0464219599962, 0.0386918373406, 0.0459076054394, 0.0493491366506, 0.0564514733851, 0.0533326976001, 0.0481297560036, 0.0320625863969, 0.0285455714911, 0.0314339995384, 0.0357897803187], "dmean": [0.109665259719, 0.0938633233309, 0.0846600532532, 0.0956491753459, 0.10674482584, 0.130650028586, 0.139349624515, 0.147503256798, 0.177121430635, 0.175336629152, 0.163960754871, 0.104489646852, 0.0815031379461, 0.0845455899835, 0.0851365402341, 0.0951519161463, 0.0950866416097, 0.0874057114124, 0.0831079855561, 0.096446081996, 0.114694036543, 0.124785833061, 0.127380684018, 0.12195854634, 0.128995150328, 0.123797610402, 0.10597974807, 0.116747483611, 0.140148952603, 0.179170608521, 0.178167760372, 0.162958204746, 0.0927855521441, 0.0721739605069, 0.078414849937, 0.100912466645], "median": [0.0243934653699, 0.0200863722712, 0.0147163495421, 0.0161063279957, 0.0196377150714, 0.0299530215561, 0.0378664433956, 0.0405641943216, 0.106561526656, 0.154607534409, 0.104951158166, 0.0211481601, 0.0129390545189, 0.0156487450004, 0.0243161916733, 0.0311362594366, 0.0275247897953, 0.0161211248487, 0.0129149975255, 0.0159069690853, 0.034442383796, 0.050663381815, 0.0443356335163, 0.0267014168203, 0.0241059437394, 0.0190542414784, 0.0137664228678, 0.0156057458371, 0.0244340151548, 0.0803841874003, 0.11922506988, 0.0772440582514, 0.0147330816835, 0.00871119089425, 0.0103996042162, 0.018511466682], "dvar2": [0.0994234159589, 0.0848086625338, 0.0877788737416, 0.104054823518, 0.0987820699811, 0.132777631283, 0.130000114441, 0.129043802619, 0.133227646351, 0.132128372788, 0.12552639842, 0.0982572510839, 0.0693502798676, 0.0710147991776, 0.0646247491241, 0.0731328055263, 0.0704184621572, 0.0770884230733, 0.0721905604005, 0.083257265389, 0.0826995074749, 0.0895838737488, 0.10330042243, 0.107879713178, 0.117679320276, 0.129368469119, 0.103651344776, 0.12396287173, 0.136898398399, 0.148472994566, 0.120815418661, 0.133291125298, 0.0859612524509, 0.0781116783619, 0.0893261656165, 0.0918408036232], "var": [0.0624938160181, 0.0348108634353, 0.0264449734241, 0.0378881618381, 0.0409013368189, 0.0568972751498, 0.0681245326996, 0.0487080030143, 0.0774981752038, 0.144295737147, 0.0699303597212, 0.0317701473832, 0.0212863534689, 0.0233763456345, 0.0346664227545, 0.0400626473129, 0.0290896706283, 0.0275240745395, 0.0310449395329, 0.0285579487681, 0.0498762913048, 0.0792361274362, 0.0446944609284, 0.0429633073509, 0.0597335211933, 0.0456864573061, 0.0421876721084, 0.0439900718629, 0.042830735445, 0.0812158435583, 0.123440407217, 0.0592846386135, 0.0290666371584, 0.0253718532622, 0.0242644567043, 0.0416461415589]}, "tuning_frequency": 434.946166992, "chords_scale": "major", "chords_histogram": [49.4186058044, 0.8891928792, 5.57455539703, 1.43638849258, 0.239398092031, 0, 1.84678518772, 0.478796184063, 0.683994531631, 0.957592368126, 0.478796184063, 1.67578661442, 0, 0.102599181235, 0, 1.09439122677, 0.307797551155, 11.9015045166, 1.74418604374, 1.64158689976, 0.923392593861, 1.23119020462, 9.09712696075, 8.2763338089], "hpcp_entropy": {"mean": 1.91066336632, "min": 0, "max": 4.33701992035, "dmean2": 1.0871887207, "dvar": 0.291835546494, "dmean": 0.651278793812, "median": 1.93542695045, "dvar2": 0.775557160378, "var": 0.576407432556}, "chords_key": "C", "key_key": "C", "key_scale": "major", "tuning_nontempered_energy_ratio": 0.692771315575, "tuning_equal_tempered_deviation": 0.0515699647367, "key_strength": 0.880708754063, "chords_strength": {"mean": 0.52236944437, "min": 0.256214022636, "max": 0.772539615631, "dmean2": 0.011073990725, "dvar": 8.40344728203e-05, "dmean": 0.0106969829649, "median": 0.519937872887, "dvar2": 0.000106409592263, "var": 0.00667284242809}}, "metadata": {"audio_properties": {"md5_encoded": "6c3171aab85f8951e66618344ecb502a", "downmix": "mix", "equal_loudness": 0, "bit_rate": 128000, "analysis_sample_rate": 44100, "length": 135.706115723, "lossless": false, "replay_gain": -9.46968841553, "sample_rate": 44100, "codec": "mp3"}, "version": {"essentia_git_sha": "v2.1_beta2-2-gbb40004", "essentia_build_sha": "c0e182ba78c2de26e491b7b7a4a2c98c1ed34208", "extractor": "music 1.0", "essentia": "2.1-beta2"}, "tags": {"originaldate": ["0000"], "albumartist": ["Elvis Presley"], "albumartistsort": ["Presley, Elvis"], "musicbrainz_artistid": ["01809552-4f87-45b0-afff-2c6f0730a3be"], "title": ["Froggy Went a Courtin' (Informal rehearsal)"], "asin": ["B000002WUD"], "musicbrainz_recordingid": ["1bf26e2b-2715-4b9a-b5fa-969d141e99a2"], "artist": ["Elvis Presley"], "genre": ["Classic Rock.Rock"], "script": ["Latn"], "acoustid_id": ["2c4681fc-4b20-429e-8e33-8c32f80ccbf8"], "tracknumber": ["26/27"], "musicbrainz_albumid": ["8f57e7cf-ca20-4035-8350-64f78218234c"], "album": ["The Essential 70's Masters"], "bpm": ["77"], "musicbrainz_albumartistid": ["01809552-4f87-45b0-afff-2c6f0730a3be"], "musicbrainz_releasegroupid": ["e524d62f-4f3a-3bce-ae2b-805b195aac62"], "artistsort": ["Presley, Elvis"], "musicbrainz album status": ["Official"], "date": ["0000"], "discnumber": ["5/5"], "file_name": "disc=05-track=26-title=Froggy-Went-a-Courtin'-(Informal-rehearsal)-(year=0000-album=The-Essential-70's-Masters-artist=Elvis-Presley).128kbps.Classic-Rock.Rock.mp3", "acoustid_fingerprint": ["AQADtFGkJYzELMGZBrWOZzqeQ8uD44kOPUV4ZgSjD88lMMeZuHiyDvuJKwl2JM8RBg8nNNO1opdx8GLw6wmuS6iSxSWmLKFSPDp6RoLPQMsT4cKJixeeP-izo-HwI1cSaKkzhGTWGP3QPMuLiPoTPIKqIVpv_PiNH392fBeuHWGWL0j2FF-KH70Q5jXuzHg45WiqHRo0Mhfi5cQJM-oWoYmjOTgufXjYMEYuHSKXIX9wy-iHZiqu-bgYFt-D-wqOMN7gC3pCBU3U4nMa7FD_oDnmi7jS4wx86EHz4MXxLyhv-MqKHoe2HV4P00cehLqC0oebxketzEbPQ8sZPEd9NGHChMGzjCJuhHqM5suD-3jT4B0FE9eNp32QnEIYKimNdkdMHs2O_tAbhMmzRCiZHVdO4kRYHVqYD8-DWC014UXv4Q_cKCjTRMexH3mONwma6kIopQ6eLIrw4biCpxLCI8mqHHWi4y-eJUqMnjz-o05TfFTgKHiEH1d6XA0HSznu4FkRhqEETXrQHR4zLkJadbiKpkfuHE2eHIeWSVlePEepHWJ-PDkcUzhh83CVCBqPeMvx5MSVOTiaH32Cv_hrnMmDE_fhWdmQOyLUIxcapzvO8HDNoSyqo8krfEFSRQtSRc6FD8fpRIqEfpbQLMeHK8qhM0dPNFUu449w6nDSZMJTeFyC5xbeR8IP20f08_hJ4cqJ60dPQUryGHkUHVfCXNiFZyF-7AxCHomSJbmOMWXwJzmu4-iR_MhZBX521LSEnocXRoGT_KjwJIoTNNVylBfy_tBPBfHhJJLxcJkUPLqIPkYYJMTN4GHmBM8VOPjxJEP4oTl-aInWhGhHH-FRLzX-sHh3hJ-K5kyRXGmDP8zQVNnxMINr4z-MH6GV48eP9mg0JQkJXcdt2K6Fswibn_BjnMPjDTZyLdshPkeIZyFOvTiZJiG8LCNx_DhzJE-C8GiWPviFdpyFJtJ44nnRI0zVQ--hH_8w9bgzI96yhnj4DH2KR3JxR0fWlIQu4RmP_GDeJEFzzDyeJcejLAq-Hc2Dw_y0IqQePEmgK2iOMstwOYcaqksSnKIlpM_x48fVRAou6XCy45zwsAmOsKGhJfg0dbhz5GiO0GLwQNORqozhbjd6RamCR8eDH019hNyUB9fx6agOVzwuS8FxCuKZ4cF_hGdcnDl-NHnQH89x9bDD4ArCPIdWHvkDT6pxKTnOoJmFnsFz_CneUcngLHfwFxcNPZVw8vDzFM9xiVGDptFQHaHydYSWKsd_aD78IMzd4HzQVLnQXxoqPUWTjEK-OdDTCGeRZzSO6E0FLacjI_Ty4Qnn4koH7MKPZO4RxkmUMbh44oCjZNzx7GjCJwn8cCz6I_-gKrmMh3UQPkezLBHy5cEPzUfzV3jCcFIQUw-C7yK0HFeOG13449xSPMmFpw_-Q27R5DfCRkdvNGlzdNuJJjvOvQjzBT1j9EfD47JwZjnu4_nR5EfL5fjQ_IF2JsSTDw6pHB-eS8jTJwiTKspRW4eeKQgTdehxPQlxJpzgHz9-XFSOZFIQxjmeWcH5wA9xoqmPSlFzPNqoZET-QUuOkKKOv0G5XDn8w2eOdD_aJaI0ItZldE1GocmNw9aK8wnOD6V3REq8CE8TKPoQ5sJzNB6JestwJR2HMM9QJYkOVfOQbw7xkIErXMcVBU_InEIvBs14PEqQDz20XBkeNsIZdUK8o7uQejhZCM8Rnvhx4Q-aKwjVEA-0_Agfpmge9MbHJ8g19Aoh8uioI3wHF-FDaKI0hOGPVziaOuiz43vQ1D7yiUhGvPiSB6ei4Hxxhw_eHd_RLNKOkkEeHfpEXHkQK-PxLEFuB02uFJqeHA-OU8SVxRB9XEFsnkJ-OfhSqOKRRylRkYrRkDpOvMCZI1d0aPpSHGGIf7iW54hzo--FZscV6DVCizeehXiH54aPMz0axsaNxB3CfChT5bikJ8GPmygRhou0Q5ck5A-O60TPHI6lG6Wa4BPqo4mQH9rSBWFyXFfwByeFDx6z43FwblLwJrlCfAocI386tPuQ54iV-Pih68iHJ0ETZcEl5rgkvMng5DnO5A-uGV-S4D3-4zouaUITLnpQhcezPPiNozrCqDuSSeGDZrzwB1VW2EaeDOKO8EoDv_jWDNeRnAiTsEGfHfePB82XC_4i9EuPp3iWHpeuYC3joHJmMOnxNBd-PMhv8GSRrBmPOhUaTJ2KP5EQZ80hpn2Qh1xwtThxKkEykUeYpF4UXGPwJ8Sj4zBrFskf5EUV32jONMSBGAor_Dg0MkEuZUJ54koehL6EhE6OcyCjHY5y4YebtCiLK0MYHQkva0StSB6-B2QSG5WO5rgkDtGzK0ge7JvAsg-eK3jRG3529E3x-8h1FnqO_APzFFN-XFRqfElynMRZ-E9w5Rme47RgPQsuJsazDZfwEqEPHfnh7iQqLV_wZMcrPMoQW4f-4Ki5qnCz5NA-PMR74voS4qaIxskfdD_-HCGZ4FGI8Pihi0HjHprR68iFmseNR5kkPEHPo4mZB19UF-eRJ4X6LEjHzMKTPDiPH02MWlKOL8GR84RYhwvyHk8bpFV6HHqiRGHQL04yNObxRJGPO_hx_MePRocmUULLGWF-4CKOsHHwQ1um3TiNkiRS9kLOHK_hHDJ1eMsR70kT_D6OD-_x41GuBSF76CdOVBfihDpMZUXw6bgPJ-1x5sV5_DCHl_hz_ND25Dh-csjzNImGM4crxA8-aL9ENNUu4kqUE80THv2OZvtCAGYYowATAojAgBnGnCBQUIYECEAIJJgSAHANDECAAMSJBEAAA5yBQhIAhHCAIO0oEAEApQATEBgghHDQGQMEAwYJIDRAWBhklEMKMiEIAYAQCQwQBDDlCBECIKEIkAAAJAhB2AAGEAWAUoaQIYYoYA1AnlMFAAFEAISAE4pBQBBQwhoHEAEQKGaMEAIBgoBBClAhDUDCEAMBcYIAjBBxJBBFoCFIEIWAYgQgAB0QBjgBEDBEGUAAMowKC4EBwDCJrEQKEKCEUcIQQICQRAkDBGFcKEEhERoRAQAgwAjlgDCCMgSMQAQZIKwxwhDEgCFoUUaUEAoBoIgwjHBCIRJAKSAAQxQoSpADwEoxKEKQMIAYQoQbYIBTRACDEDMCGCMYEkAQBIxgogFmgBMEEWGIgVA4hJQUUhAkGBOECGWgIAoQwogCSBGkECJKACIMIMoTAACwkAAkPBBIAWGFMYAJYSQwBABECEISCAOUMAQIBwhSgDEEBCDEQSKAEk4YoAgCQinghCICCaiREQRIhQwxiiFhHDMCAicMEEJAAAQBhhFjCAAUMsOAMAwTAIBSBFyiCARGGSGJGJIwBAAAgGijCBIAADiUQURYI4gQADCkAUDCQcCEEYCQwxBCQghjAIAcIIAARQoYABQAygjGGQIAEAGIUAgJIJxASgihFAEWGYUQU4YAIYQzEkAHkVKKGEqJAIIQYxxxghEnNCHEIcGQAVIAAxxSVDBgBBiECOIIAQohQIkXjgAiGFCIGAUNYJABqQig1AggkFCKE4IsoEARqZgB0AiiAAJMCCKMIE4ZjAABjDgEkFEGEECQA94TQAgTDCohCiWEIQAAIAoIY0yxBBgBqTJeCSAQZYYwwAQUChGAAFAECCIEIE4sBIAQwoAEsABKCCSIAkQA5highBgKgTPAMCQQAcARRhgBQACEgBGAEOOMEAAYQYQB"], "language": ["eng"], "musicbrainz album type": ["compilation"]}}, "lowlevel": {"mfcc": {"mean": [-732.747619629, 161.467849731, -1.76943337917, 26.8871536255, 11.9940099716, 4.14039802551, -4.08100318909, -0.785591483116, 4.91812944412, 4.98941087723, 0.439038842916, 0.814294993877, -0.431320130825], "cov": [[14338.1923828, 1460.92211914, -1369.24462891, 374.043243408, -207.169250488, -66.1984024048, -135.053497314, 32.1301612854, 74.072517395, -58.5444869995, -7.75273561478, -32.0647125244, -261.134796143], [1460.92211914, 1336.3729248, -297.796142578, -80.5163879395, -0.132416218519, -37.8655090332, -1.05783367157, 33.6721305847, -15.0766563416, -30.4839305878, -21.4706192017, -20.2624454498, -35.2407226562], [-1369.24462891, -297.796142578, 704.983520508, 111.563423157, 36.6586151123, 106.704040527, 58.3450775146, 7.31189918518, 17.4928245544, 15.9225473404, -30.7515068054, -4.27552556992, 28.1135749817], [374.043243408, -80.5163879395, 111.563423157, 384.521972656, 109.088539124, 36.6453704834, 0.0676229819655, -15.2258691788, 27.1616020203, 15.3036661148, -25.4747142792, 3.56692361832, -3.83827900887], [-207.169250488, -0.132416218519, 36.6586151123, 109.088539124, 226.500015259, 36.9281082153, -16.8413581848, -7.27393960953, 1.48422968388, 15.4940910339, -1.12140548229, -4.02080821991, 2.77257680893], [-66.1984024048, -37.8655090332, 106.704040527, 36.6453704834, 36.9281082153, 180.149917603, 69.0526428223, -8.41966152191, 14.5126314163, 6.95834112167, -1.58945131302, 9.44405460358, -11.525935173], [-135.053497314, -1.05783367157, 58.3450775146, 0.0676229819655, -16.8413581848, 69.0526428223, 158.373809814, 59.786605835, 17.1321487427, 1.51764476299, -3.65606594086, -1.98317337036, -8.14286804199], [32.1301612854, 33.6721305847, 7.31189918518, -15.2258691788, -7.27393960953, -8.41966152191, 59.786605835, 127.406234741, 35.9847640991, -6.67811107635, 4.57611036301, -0.165995255113, -3.38972377777], [74.072517395, -15.0766563416, 17.4928245544, 27.1616020203, 1.48422968388, 14.5126314163, 17.1321487427, 35.9847640991, 96.9054336548, 27.575548172, -1.15654778481, 10.6839294434, -1.06901609898], [-58.5444869995, -30.4839305878, 15.9225473404, 15.3036661148, 15.4940910339, 6.95834112167, 1.51764476299, -6.67811107635, 27.575548172, 89.5042114258, 33.0374717712, -1.46022629738, 8.43521881104], [-7.75273561478, -21.4706192017, -30.7515068054, -25.4747142792, -1.12140548229, -1.58945131302, -3.65606594086, 4.57611036301, -1.15654778481, 33.0374717712, 85.2788772583, 25.0258426666, -4.30358028412], [-32.0647125244, -20.2624454498, -4.27552556992, 3.56692361832, -4.02080821991, 9.44405460358, -1.98317337036, -0.165995255113, 10.6839294434, -1.46022629738, 25.0258426666, 74.995223999, 22.0042209625], [-261.134796143, -35.2407226562, 28.1135749817, -3.83827900887, 2.77257680893, -11.525935173, -8.14286804199, -3.38972377777, -1.06901609898, 8.43521881104, -4.30358028412, 22.0042209625, 77.6014938354]], "icov": [[0.000113611022243, -8.62669257913e-05, 0.000212803730392, -0.000234347055084, 0.000212759594433, -0.000146427250002, 0.000159829141921, -0.000100886820292, -4.31469816249e-05, -2.85289593194e-06, 1.57111826411e-05, 1.46136108015e-05, 0.00023390527349], [-8.62669257913e-05, 0.000923702202272, 0.00020095531363, 0.000298557250062, -0.000282772933133, 7.53998028813e-05, -0.000128777857753, -0.000219116467633, 0.000201228089281, -2.34713334066e-05, 0.000411634420743, -1.49461866386e-05, 0.000101753088529], [0.000212803730392, 0.00020095531363, 0.00224984367378, -0.000802297785413, 0.000448001723271, -0.00124528165907, 0.000143934157677, -0.000533203128725, 0.000101750607428, -0.000328394089593, 0.000677183677908, 0.000329047732521, -0.000275202502962], [-0.000234347055084, 0.000298557250062, -0.000802297785413, 0.00384034542367, -0.00199318025261, 0.000450011109933, -0.000484466989292, 0.000757042900659, -0.000685068196617, -0.00049477268476, 0.00128006970044, -0.000851149205118, 0.000304558081552], [0.000212759594433, -0.000282772933133, 0.000448001723271, -0.00199318025261, 0.00597021495923, -0.0018927291967, 0.00182762544136, -0.00112162018195, 0.00070319644874, -0.000813499966171, -0.000201831368031, 0.000733369146474, -0.000146025020513], [-0.000146427250002, 7.53998028813e-05, -0.00124528165907, 0.000450011109933, -0.0018927291967, 0.0087912818417, -0.00474816281348, 0.00328627345152, -0.00135480682366, 0.000358601828339, -0.000157247020979, -0.00162826571614, 0.00142892426811], [0.000159829141921, -0.000128777857753, 0.000143934157677, -0.000484466989292, 0.00182762544136, -0.00474816281348, 0.0107817286626, -0.00577799230814, 0.00123867730144, -0.00126898626331, 0.00105212803464, 0.000292358512525, 0.000642126658931], [-0.000100886820292, -0.000219116467633, -0.000533203128725, 0.000757042900659, -0.00112162018195, 0.00328627345152, -0.00577799230814, 0.012728812173, -0.00545108923689, 0.00359891681001, -0.00277227489278, 0.0012077485444, -0.000692992354743], [-4.31469816249e-05, 0.000201228089281, 0.000101750607428, -0.000685068196617, 0.00070319644874, -0.00135480682366, 0.00123867730144, -0.00545108923689, 0.014971065335, -0.00672492943704, 0.00425824290141, -0.00391687406227, 0.00182498828508], [-2.85289593194e-06, -2.34713334066e-05, -0.000328394089593, -0.00049477268476, -0.000813499966171, 0.000358601828339, -0.00126898626331, 0.00359891681001, -0.00672492943704, 0.0176405236125, -0.00922943186015, 0.00540054822341, -0.00387272448279], [1.57111826411e-05, 0.000411634420743, 0.000677183677908, 0.00128006970044, -0.000201831368031, -0.000157247020979, 0.00105212803464, -0.00277227489278, 0.00425824290141, -0.00922943186015, 0.0189422201365, -0.00830046273768, 0.00449695624411], [1.46136108015e-05, -1.49461866386e-05, 0.000329047732521, -0.000851149205118, 0.000733369146474, -0.00162826571614, 0.000292358512525, 0.0012077485444, -0.00391687406227, 0.00540054822341, -0.00830046273768, 0.0190832857043, -0.00681598763913], [0.00023390527349, 0.000101753088529, -0.000275202502962, 0.000304558081552, -0.000146025020513, 0.00142892426811, 0.000642126658931, -0.000692992354743, 0.00182498828508, -0.00387272448279, 0.00449695624411, -0.00681598763913, 0.016717184335]]}, "barkbands_spread": {"mean": 13.2159433365, "min": 0.479563057423, "max": 94.7352676392, "dmean2": 5.56054592133, "dvar": 17.380235672, "dmean": 3.73727440834, "median": 11.3441133499, "dvar2": 37.293296814, "var": 82.5471496582}, "spectral_strongpeak": {"mean": 0.574213802814, "min": 0, "max": 14.472032547, "dmean2": 0.507707893848, "dvar": 0.374163866043, "dmean": 0.305259853601, "median": 0.390362381935, "dvar2": 0.959508061409, "var": 0.494412273169}, "melbands_crest": {"mean": 15.4169740677, "min": 2.6694662571, "max": 31.6588726044, "dmean2": 5.60954332352, "dvar": 8.35814189911, "dmean": 3.45233631134, "median": 14.9008102417, "dvar2": 20.8980102539, "var": 27.3178691864}, "spectral_energyband_middle_high": {"mean": 0.00284018507227, "min": 3.06429256444e-17, "max": 0.0733653455973, "dmean2": 0.00182682322338, "dvar": 1.03396041595e-05, "dmean": 0.00131946825422, "median": 0.00111816823483, "dvar2": 1.84737000382e-05, "var": 2.52659101534e-05}, "spectral_rms": {"mean": 0.00423350883648, "min": 5.11695907868e-10, "max": 0.0174467563629, "dmean2": 0.00110358383972, "dvar": 7.95968503553e-07, "dmean": 0.000770419777837, "median": 0.00407461635768, "dvar2": 1.61220293649e-06, "var": 8.46927650855e-06}, "spectral_flux": {"mean": 0.0678861513734, "min": 9.37573895499e-06, "max": 0.381834387779, "dmean2": 0.0324410535395, "dvar": 0.000573455821723, "dmean": 0.0204098671675, "median": 0.0613075271249, "dvar2": 0.0014229248045, "var": 0.00253330310807}, "erbbands_flatness_db": {"mean": 0.18620197475, "min": 0.0460886694491, "max": 0.4088357687, "dmean2": 0.0260376501828, "dvar": 0.000302988191834, "dmean": 0.018334094435, "median": 0.18675878644, "dvar2": 0.000535011116881, "var": 0.00219033891335}, "barkbands_flatness_db": {"mean": 0.191560521722, "min": 0.0494567081332, "max": 0.459005683661, "dmean2": 0.0371946282685, "dvar": 0.000528869917616, "dmean": 0.025305217132, "median": 0.189180284739, "dvar2": 0.00106179714203, "var": 0.00303538679145}, "spectral_entropy": {"mean": 7.17381811142, "min": 4.70818376541, "max": 9.08292675018, "dmean2": 0.2730704844, "dvar": 0.0324683301151, "dmean": 0.190896645188, "median": 7.17402410507, "dvar2": 0.058364905417, "var": 0.221226513386}, "spectral_energyband_high": {"mean": 9.92653440335e-05, "min": 1.95230903477e-16, "max": 0.00242652045563, "dmean2": 7.25866993889e-05, "dvar": 1.53957397941e-08, "dmean": 5.20832218172e-05, "median": 3.1399053114e-05, "dvar2": 3.19565742757e-08, "var": 3.50477371569e-08}, "barkbands_kurtosis": {"mean": 7.44194698334, "min": -1.86174201965, "max": 190.041549683, "dmean2": 6.26058721542, "dvar": 47.7489700317, "dmean": 4.16501045227, "median": 3.99256157875, "dvar2": 100.431060791, "var": 127.597663879}, "spectral_complexity": {"mean": 12.4462881088, "min": 0, "max": 50, "dmean2": 3.970225811, "dvar": 10.1367607117, "dmean": 2.691873312, "median": 12, "dvar2": 19.6679916382, "var": 80.1396255493}, "spectral_contrast_coeffs": {"mean": [-0.63368242979, -0.74094581604, -0.783401966095, -0.796153664589, -0.802946269512, -0.789319097996], "min": [-0.95817065239, -0.97514718771, -0.989036142826, -0.969214439392, -0.962218403816, -0.926839649677], "max": [-0.2846159935, -0.37432423234, -0.497889637947, -0.546861886978, -0.409624189138, -0.57893538475], "dmean2": [0.0845403298736, 0.0772459656, 0.062209457159, 0.0496438108385, 0.0378682091832, 0.0262721404433], "dvar": [0.00169147213455, 0.00154230755288, 0.00110034341924, 0.000743271317333, 0.000561272259802, 0.000239048502408], "dmean": [0.0507818870246, 0.0480685643852, 0.0389809831977, 0.0315084196627, 0.0250822138041, 0.0167072042823], "median": [-0.630951881409, -0.742962002754, -0.788546562195, -0.801085352898, -0.81007874012, -0.783343970776], "dvar2": [0.00444918917492, 0.00371462618932, 0.00258508697152, 0.00173103425186, 0.0011103474535, 0.000521517766174], "var": [0.00854846742004, 0.00553484493867, 0.0040873917751, 0.00296038622037, 0.00307223456912, 0.0020624413155]}, "spectral_centroid": {"mean": 826.384521484, "min": 150.376785278, "max": 4179.40917969, "dmean2": 262.828430176, "dvar": 44192.2617188, "dmean": 181.558303833, "median": 719.840332031, "dvar2": 88127.7421875, "var": 233710.75}, "spectral_energyband_low": {"mean": 0.0132408933714, "min": 5.24674251893e-18, "max": 0.23700414598, "dmean2": 0.0103715518489, "dvar": 0.000154591180035, "dmean": 0.0068162609823, "median": 0.00578744802624, "dvar2": 0.000348105415469, "var": 0.000429310690379}, "dissonance": {"mean": 0.451053619385, "min": 0.159350782633, "max": 0.499999970198, "dmean2": 0.0397173911333, "dvar": 0.000557998486329, "dmean": 0.0240894593298, "median": 0.460306823254, "dvar2": 0.00144083134364, "var": 0.0013982441742}, "zerocrossingrate": {"mean": 0.0339773930609, "min": 0.00390625, "max": 0.5, "dmean2": 0.00733675155789, "dvar": 4.41733754997e-05, "dmean": 0.00619987724349, "median": 0.0302734375, "dvar2": 5.53970130568e-05, "var": 0.000456975016277}, "erbbands": {"mean": [0.047165710479, 1.58892142773, 6.70461702347, 10.0058116913, 13.7542591095, 13.1143980026, 8.83200263977, 9.368683815, 15.3854932785, 33.4857902527, 28.5312080383, 24.8066139221, 21.7155323029, 11.9970426559, 11.5825099945, 13.6735630035, 17.2415409088, 17.420747757, 18.0633811951, 17.6018829346, 18.9612960815, 12.0916442871, 6.40773820877, 4.89715528488, 4.07277917862, 2.45855545998, 1.63037204742, 1.16624498367, 0.628956317902, 0.457441061735, 0.251329004765, 0.176823586226, 0.128713607788, 0.079653903842, 0.0302868373692, 0.00758086843416, 0.00126531603746, 0.000119847078167, 1.62368651218e-05, 3.05808098346e-05], "min": [8.54970307715e-17, 4.6336757385e-16, 1.52142681557e-15, 3.50821988511e-15, 6.57863808595e-15, 1.05464690597e-14, 1.47220848386e-14, 1.80462453114e-14, 1.91720164728e-14, 1.7045137071e-14, 1.22515158893e-14, 8.19712831277e-15, 1.26792997149e-14, 3.66674260941e-14, 8.86517557497e-14, 1.62477236526e-13, 2.26099290657e-13, 2.2863449415e-13, 1.47264768739e-13, 4.55745772338e-14, 3.48229068194e-14, 9.80116459997e-14, 1.00033642394e-13, 1.72644979367e-13, 3.95668578197e-13, 2.1816333733e-13, 4.41742887929e-13, 9.81389015192e-13, 4.15273257405e-13, 8.57418086184e-13, 2.34964201958e-13, 2.50067842952e-13, 1.8802087708e-13, 4.36223648349e-13, 3.77443763093e-13, 1.3783929781e-13, 4.29171028414e-14, 3.94574340378e-14, 1.0206915574e-14, 6.03436965415e-16], "max": [3.85200047493, 44.2568969727, 128.83152771, 166.720672607, 364.127166748, 520.087768555, 254.644485474, 349.734954834, 1017.7142334, 1259.88293457, 2730.66674805, 799.294372559, 965.098205566, 1252.74902344, 693.380615234, 1081.44006348, 1247.37792969, 1114.58190918, 2009.21435547, 1700.89050293, 1899.23754883, 1035.54614258, 478.18081665, 389.02520752, 348.028045654, 71.522026062, 51.6020240784, 43.2126083374, 20.5843696594, 28.3717002869, 18.1628017426, 8.01829814911, 4.77952766418, 3.22411322594, 1.66353106499, 0.502232253551, 0.0881600901484, 0.00835538655519, 0.000241982270381, 0.000341490929713], "dmean2": [0.0449685491621, 1.39940834045, 6.1845536232, 8.48589992523, 10.077837944, 11.8560009003, 9.24685287476, 9.10140800476, 13.2453260422, 28.7553100586, 28.6056346893, 25.9406661987, 22.4523906708, 12.4258403778, 11.1401576996, 14.4876461029, 17.4573287964, 17.015537262, 18.3916282654, 16.9255847931, 17.0567245483, 11.5595884323, 6.01817750931, 4.67686462402, 3.65865254402, 2.15682268143, 1.41601848602, 1.03065180779, 0.58848118782, 0.44185552001, 0.234657496214, 0.155527830124, 0.117188833654, 0.0692016780376, 0.0253480635583, 0.00607256544754, 0.000881859159563, 7.93014769442e-05, 7.54838174544e-06, 1.48884500959e-05], "dvar": [0.0057061901316, 3.95025634766, 59.8364944458, 96.7359695435, 183.422409058, 253.163131714, 152.233764648, 161.949157715, 642.162719727, 1614.99401855, 4130.58740234, 1873.17260742, 2059.09741211, 1213.81311035, 577.509460449, 824.144470215, 1486.59472656, 1357.03076172, 1861.54443359, 1712.39794922, 1581.92712402, 1080.34423828, 205.000335693, 134.947921753, 75.4256515503, 13.2971544266, 6.07197666168, 3.35246181488, 0.844112277031, 0.720086634159, 0.292181193829, 0.0955894291401, 0.0443969406188, 0.0178328212351, 0.00232269917615, 0.000174761531525, 6.82565132593e-06, 8.42573442128e-08, 8.82092385246e-11, 2.47528136876e-10], "dmean": [0.0282812900841, 0.933502852917, 3.99071621895, 5.2996096611, 6.68088912964, 7.28998565674, 5.5263428688, 5.59128904343, 8.81056404114, 18.4049835205, 18.5158176422, 16.6691379547, 14.702548027, 8.01437282562, 7.51075220108, 9.27937602997, 11.3017187119, 11.2573566437, 11.9427394867, 11.1481103897, 11.5384836197, 7.70957803726, 3.96944069862, 3.19195461273, 2.47958779335, 1.43853485584, 0.953771591187, 0.694225847721, 0.395002365112, 0.300081938505, 0.159319549799, 0.106888189912, 0.079500310123, 0.0479090698063, 0.0172764025629, 0.00429449230433, 0.000628821435384, 5.90307572566e-05, 5.34620539838e-06, 1.02482090369e-05], "median": [0.0159213617444, 0.39287340641, 2.47353863716, 4.12207698822, 4.40177249908, 4.50000858307, 3.45180463791, 3.0925989151, 4.4599647522, 12.9450750351, 9.79189109802, 6.14032936096, 4.93379878998, 2.65772628784, 2.88290858269, 3.84442567825, 4.10085391998, 3.56013131142, 4.28184127808, 4.56268024445, 5.141456604, 3.1336786747, 1.88345742226, 1.35929572582, 0.984111666679, 0.798769235611, 0.501247763634, 0.299336969852, 0.164549529552, 0.112378291786, 0.0591227337718, 0.0360932014883, 0.0260242335498, 0.0140353776515, 0.00434416625649, 0.00090816715965, 0.000163555174368, 1.83374104381e-05, 9.68538734014e-06, 1.93756786757e-05], "dvar2": [0.0131051158533, 7.94757795334, 151.63092041, 238.92175293, 355.740386963, 605.18359375, 389.503387451, 427.863952637, 1319.20825195, 3766.27709961, 8907.11328125, 4268.05712891, 4213.88867188, 3073.16625977, 1228.29370117, 1964.50219727, 3463.82275391, 3043.06396484, 3906.73022461, 4002.08764648, 3439.82763672, 2384.78613281, 441.600189209, 276.109436035, 153.595199585, 30.8358306885, 13.7403869629, 7.43173265457, 1.80233955383, 1.51230347157, 0.710964083672, 0.224070161581, 0.100095689297, 0.0377461649477, 0.00454949960113, 0.000310318893753, 1.14166023195e-05, 1.35284281555e-07, 1.49234277713e-10, 5.05903374748e-10], "var": [0.0118609061465, 12.0978336334, 127.265777588, 261.486297607, 790.098022461, 725.551330566, 259.247619629, 361.670623779, 1357.02575684, 3407.71923828, 6019.83105469, 3267.05273438, 4022.94042969, 1390.55761719, 999.316772461, 1148.46472168, 2129.59155273, 2211.48608398, 2761.93969727, 2311.74829102, 2652.02172852, 1511.1965332, 309.898071289, 199.673110962, 159.338348389, 23.6247196198, 11.2068357468, 7.07233667374, 1.72119653225, 1.30130004883, 0.428862631321, 0.157493367791, 0.0854911506176, 0.0422597825527, 0.00673790555447, 0.000576012651436, 2.65465332632e-05, 3.07814332245e-07, 4.45781606073e-10, 1.23803267638e-09]}, "pitch_salience": {"mean": 0.536518752575, "min": 0.0847906917334, "max": 0.983092010021, "dmean2": 0.124046579003, "dvar": 0.00422122282907, "dmean": 0.0773636028171, "median": 0.545943856239, "dvar2": 0.0105822104961, "var": 0.0133908456191}, "silence_rate_60dB": {"mean": 0.252480328083, "min": 0, "max": 1, "dmean2": 0.05544148013, "dvar": 0.0269477553666, "dmean": 0.0277159959078, "median": 0, "dvar2": 0.0592127554119, "var": 0.188732370734}, "melbands": {"mean": [0.000942722719628, 0.00317084603012, 0.00190181634389, 0.000948024273384, 0.000386819418054, 0.000205422111321, 0.000232589314692, 0.000383296806831, 0.000225193143706, 0.000147723651025, 0.000104655751784, 4.6825130994e-05, 3.95416245738e-05, 3.54402473022e-05, 3.50349328073e-05, 3.63120161637e-05, 3.22949781548e-05, 2.81917691609e-05, 2.57644496742e-05, 2.37865606323e-05, 2.20431447815e-05, 1.34292486109e-05, 7.90288322605e-06, 4.71519479106e-06, 3.78592721972e-06, 3.61393108506e-06, 2.03651870834e-06, 1.49048457843e-06, 1.03580509858e-06, 8.87628686996e-07, 5.92300978042e-07, 3.62867325521e-07, 2.81184583173e-07, 2.40862988221e-07, 1.59385407983e-07, 9.99439251359e-08, 1.08786672115e-07, 9.40473796618e-08, 7.79226922987e-08, 6.33437409192e-08], "min": [7.71827495419e-19, 7.44871281918e-19, 6.91762926171e-19, 6.17817322107e-19, 5.18003453843e-19, 4.06883706816e-19, 2.88097960064e-19, 1.76110242081e-19, 9.17340908252e-20, 4.87161042427e-20, 6.27361306165e-20, 1.3518249567e-19, 2.53968126099e-19, 3.85159643334e-19, 4.81344411757e-19, 4.98416075431e-19, 4.16597754038e-19, 2.61193548749e-19, 1.04871961388e-19, 2.5537744153e-20, 4.44397129539e-20, 9.8699694753e-20, 1.04939434769e-19, 7.81188336519e-20, 1.33013085266e-19, 2.75728663076e-19, 2.83973844325e-19, 9.67473417122e-20, 1.46609349597e-19, 5.607649175e-19, 5.64324223977e-19, 1.72758532088e-19, 3.96528310275e-19, 4.9220188108e-19, 1.00882921658e-19, 1.67466036659e-19, 1.40909855457e-19, 1.19903862295e-19, 2.23576915858e-19, 3.82852559057e-19], "max": [0.0352159067988, 0.0651962012053, 0.026391191408, 0.0215717386454, 0.0105907702819, 0.00739524140954, 0.0130158374086, 0.0208380389959, 0.022239619866, 0.00497073074803, 0.00473966868594, 0.00515907956287, 0.00267365435138, 0.00583183765411, 0.00281962216832, 0.00297070131637, 0.00254287547432, 0.00430720532313, 0.00177674763836, 0.00220626965165, 0.00197671167552, 0.00129146268591, 0.00064270029543, 0.000293674354907, 0.000366793159628, 0.000399654381908, 0.000172864703927, 5.24131901329e-05, 3.95803217543e-05, 4.42036689492e-05, 2.10377293115e-05, 1.35224281621e-05, 1.67687376234e-05, 1.6449674149e-05, 1.49093893924e-05, 4.32717115473e-06, 6.09955031905e-06, 3.6297196857e-06, 3.02614898828e-06, 2.70147938863e-06], "dmean2": [0.000854831770994, 0.00274528376758, 0.00147269619629, 0.000685694278218, 0.000394865433918, 0.000199538873858, 0.000202906157938, 0.000330842041876, 0.000238654494751, 0.000156377151143, 0.000112346220703, 5.24241877429e-05, 4.14873939008e-05, 4.02169935114e-05, 3.74569208361e-05, 3.77802025469e-05, 3.46350861946e-05, 3.10635550704e-05, 2.65606595349e-05, 2.43922786467e-05, 2.07800039789e-05, 1.36665330501e-05, 8.55633243191e-06, 4.80823609905e-06, 3.97370467908e-06, 3.37869096256e-06, 2.01614943762e-06, 1.37383244692e-06, 9.93423100226e-07, 7.85461509167e-07, 5.9993379864e-07, 3.6554334315e-07, 2.82394978512e-07, 2.45245502128e-07, 1.64032229577e-07, 8.91821514415e-08, 1.04339257234e-07, 9.22782561474e-08, 7.20915096508e-08, 5.81289008039e-08], "dvar": [1.48757419538e-06, 1.24465459521e-05, 2.64484924628e-06, 7.16377712706e-07, 2.57242760426e-07, 7.4130028338e-08, 1.24382665945e-07, 2.80290436194e-07, 2.73667154715e-07, 6.73112694471e-08, 5.18365474989e-08, 2.27127419095e-08, 8.84925732691e-09, 1.18014300554e-08, 5.4450546294e-09, 7.79915243498e-09, 6.21020612712e-09, 6.74100730791e-09, 3.46994655231e-09, 2.88750978683e-09, 2.28247198919e-09, 1.56079904556e-09, 4.68708960533e-10, 8.52735382306e-11, 1.09194951692e-10, 7.41848596442e-11, 1.67676497687e-11, 5.15623351308e-12, 3.17331967994e-12, 2.06443369344e-12, 1.16759672677e-12, 3.16342113095e-13, 2.75782733239e-13, 2.56547875391e-13, 1.67608426595e-13, 2.74661834211e-14, 4.29829308539e-14, 2.7724914