{"tonal": {"thpcp": [1, 0.68223965168, 0.268868207932, 0.158595919609, 0.0882122591138, 0.0872617959976, 0.117695078254, 0.193037554622, 0.264600396156, 0.259206652641, 0.293891638517, 0.297540515661, 0.206410825253, 0.157037824392, 0.125780299306, 0.105419494212, 0.104068376124, 0.131618201733, 0.172379925847, 0.176210075617, 0.199891746044, 0.232552886009, 0.200368583202, 0.152592286468, 0.162131920457, 0.221587061882, 0.200482875109, 0.113275878131, 0.0681965425611, 0.0473148971796, 0.039410572499, 0.0522342771292, 0.0616067573428, 0.0578765422106, 0.0663866624236, 0.5147818923], "hpcp": {"dmean2": [0.245618224144, 0.220609635115, 0.189999789, 0.159276589751, 0.141438037157, 0.134916558862, 0.160576567054, 0.193943932652, 0.215628683567, 0.218411684036, 0.200006321073, 0.190313771367, 0.194592222571, 0.186616584659, 0.15156210959, 0.1158105582, 0.0829182639718, 0.0616667829454, 0.0505671277642, 0.0521979257464, 0.0531350150704, 0.053689148277, 0.0638500452042, 0.2230938375, 0.384154886007, 0.268825650215, 0.171973139048, 0.149738430977, 0.111710846424, 0.115640074015, 0.150394007564, 0.180772721767, 0.186701700091, 0.229125320911, 0.215044781566, 0.217768326402], "median": [0.0112720159814, 0.00663704425097, 0.00376659980975, 0.00228072423488, 0.00266399071552, 0.00467323279008, 0.00788785517216, 0.0111293699592, 0.0132189057767, 0.0127464449033, 0.00776053359732, 0.00487602502108, 0.00977901089936, 0.0157228279859, 0.0134238852188, 0.00913588982075, 0.00490553956479, 0.00270848767832, 0.0025798145216, 0.00360477343202, 0.00409250613302, 0.00373528618366, 0.00348794250749, 0.139438033104, 0.346424788237, 0.392684221268, 0.0250750724226, 0.0112318722531, 0.00402356730774, 0.00236982782371, 0.00395322404802, 0.01018032711, 0.0144225256518, 0.0183452125639, 0.0122258942574, 0.0100784609094], "min": [6.73878639645e-06, 3.80100982511e-06, 3.64472771253e-06, 3.00595411318e-06, 3.20640924656e-06, 1.2350947145e-06, 6.41753467789e-06, 3.87530963053e-06, 6.61197964291e-06, 1.13329333544e-05, 4.22918310505e-06, 1.97450208361e-06, 9.66842071648e-06, 5.5122145568e-06, 1.12653169708e-05, 1.36526414281e-05, 2.47444950219e-06, 5.28763337115e-07, 1.42352439525e-06, 2.29600550483e-06, 1.25599990497e-06, 1.3627552562e-06, 3.35288605129e-05, 3.62573155144e-05, 4.65882694698e-05, 4.46640078735e-05, 1.36690523505e-05, 1.57783379109e-05, 8.06125456165e-07, 8.71612087394e-07, 8.99746680716e-07, 3.42115072272e-06, 6.94772734278e-06, 7.48707361709e-06, 4.8768661145e-06, 3.38709764947e-06], "dvar2": [0.166421324015, 0.172473460436, 0.148249223828, 0.129168063402, 0.106645531952, 0.0920457839966, 0.107152856886, 0.13322481513, 0.143381297588, 0.13156555593, 0.118231162429, 0.108455210924, 0.0970552191138, 0.091556020081, 0.0691328495741, 0.0440591610968, 0.0357710719109, 0.025372127071, 0.0213697552681, 0.0259442441165, 0.0233209673315, 0.0224576331675, 0.0292848423123, 0.0794258266687, 0.236122190952, 0.0925460532308, 0.0762727707624, 0.0726633667946, 0.0557948984206, 0.0580664500594, 0.0865504741669, 0.0997654497623, 0.101843975484, 0.125890225172, 0.118989363313, 0.129069149494], "dvar": [0.057090152055, 0.0575906038284, 0.0499974787235, 0.0442538075149, 0.0380851216614, 0.0339136347175, 0.0393931567669, 0.0448638275266, 0.0475559420884, 0.0464527718723, 0.0426845364273, 0.0379008427262, 0.0339789204299, 0.0337095037103, 0.0269792284817, 0.0162174310535, 0.0127822458744, 0.00904976017773, 0.00754746003076, 0.00934169255197, 0.00884317234159, 0.00820518098772, 0.0115427169949, 0.033502984792, 0.103227026761, 0.0380035489798, 0.0306358709931, 0.0270720738918, 0.0201283581555, 0.0208982378244, 0.0308899339288, 0.0364597253501, 0.0374521389604, 0.0451726317406, 0.0470987036824, 0.0502957887948], "dmean": [0.132841452956, 0.116826876998, 0.0992287397385, 0.0830696448684, 0.0750687420368, 0.0734818354249, 0.0888762250543, 0.105720341206, 0.117511406541, 0.121167398989, 0.110527798533, 0.10254521668, 0.106647253036, 0.104194417596, 0.0866147875786, 0.0652733817697, 0.045573271811, 0.0335564874113, 0.0273393075913, 0.0292548071593, 0.0295798555017, 0.0299069453031, 0.0360876731575, 0.126206070185, 0.2138748914, 0.154769539833, 0.0995100289583, 0.0845059156418, 0.0612287037075, 0.0627647638321, 0.0813305675983, 0.100481510162, 0.103405430913, 0.127496987581, 0.120855696499, 0.123237326741], "max": [1, 1, 1, 1, 1, 1, 1, 1, 1, 1, 1, 1, 1, 1, 1, 1, 1, 1, 1, 1, 1, 1, 1, 1, 1, 1, 1, 1, 1, 1, 1, 1, 1, 1, 1, 1], "var": [0.044713806361, 0.0388887189329, 0.0315685868263, 0.0281422659755, 0.0272591654211, 0.0332162231207, 0.0447561554611, 0.0395027063787, 0.042876329273, 0.0529973730445, 0.0454973243177, 0.0308598354459, 0.0283019915223, 0.0478962995112, 0.0424546450377, 0.0161375254393, 0.00923936255276, 0.00599268870428, 0.00477039720863, 0.00759722944349, 0.0119432127103, 0.0100448401645, 0.0126850390807, 0.0609945915639, 0.204167589545, 0.0804122462869, 0.0600746832788, 0.0301252584904, 0.0146967405453, 0.0151316346601, 0.0235720202327, 0.0403228104115, 0.0666512623429, 0.0559399425983, 0.075366973877, 0.0800261050463], "mean": [0.100906223059, 0.0767696797848, 0.0614890940487, 0.051535487175, 0.0508749783039, 0.0643430203199, 0.084269836545, 0.0861422494054, 0.097719296813, 0.113686054945, 0.0979524031281, 0.074596427381, 0.0792599841952, 0.1083252877, 0.098008275032, 0.0553761683404, 0.0333386361599, 0.0231304112822, 0.0192662943155, 0.025535305962, 0.0301171466708, 0.02829358913, 0.0324538573623, 0.251656830311, 0.488861083984, 0.333520412445, 0.131439208984, 0.0775313749909, 0.0431235395372, 0.0426588952541, 0.0575365424156, 0.0943685472012, 0.129352837801, 0.126716047525, 0.143672183156, 0.145455986261]}, "tuning_equal_tempered_deviation": 0.21892632544, "chords_changes_rate": 0.0972121208906, "key_key": "F", "tuning_diatonic_strength": 0.48604542017, "key_scale": "minor", "chords_number_rate": 0.00339393946342, "tuning_frequency": 434.193115234, "tuning_nontempered_energy_ratio": 0.79801595211, "chords_histogram": [6.69090890884, 0.945454537868, 0.703030288219, 0.242424249649, 1.04242420197, 5.8424243927, 9.38181781769, 38.5454559326, 3.53939390182, 0.727272748947, 4.07272720337, 3.8060605526, 0, 0, 1.62424242496, 2.86060595512, 0.703030288219, 3.73333334923, 2.20606064796, 0.0969696938992, 0.169696971774, 0.266666680574, 9.98787879944, 2.81212115288], "key_strength": 0.571705460548, "chords_key": "F", "chords_strength": {"dmean2": 0.0119897108525, "median": 0.48430365324, "min": 0.241664350033, "dvar2": 0.000111349996587, "dvar": 7.18587034498e-05, "dmean": 0.0101442513987, "max": 0.746923565865, "var": 0.00651637790725, "mean": 0.481634706259}, "chords_scale": "major", "hpcp_entropy": {"dmean2": 1.17414093018, "median": 2.30972242355, "min": 0.0498891361058, "dvar2": 0.844974279404, "dvar": 0.30999019742, "dmean": 0.693006873131, "max": 4.48088645935, "var": 0.630581438541, "mean": 2.30614280701}}, "metadata": {"audio_properties": {"equal_loudness": 0, "codec": "mp3", "downmix": "mix", "sample_rate": 44100, "analysis_sample_rate": 44100, "bit_rate": 200114, "md5_encoded": "39a998d147b283c7848fde74c17bd979", "length": 191.504745483, "replay_gain": -6.41039085388, "lossless": false}, "version": {"essentia_build_sha": "ca57ba49d9b1854bd80e60cf9ccf267278fb7d6b", "essentia": "2.1-beta1", "extractor": "music 1.0", "essentia_git_sha": "v2.1_beta1-28-g21ef5f4-dirty"}, "tags": {"title": ["Fly Me to the Moon"], "albumartist": ["Various Artists"], "musicbrainz_recordingid": ["1bf35620-1929-45e4-b45a-ff14cf46ec37"], "musicbrainz_albumartistid": ["89ad4ac3-39f7-470e-963a-56509c546377"], "discnumber": ["2/2"], "album": ["Ambient Lounge 7"], "musicbrainz album type": ["album/compilation"], "musicbrainz album status": ["official"], "file_name": "Ambient Lounge Vol. 7 CD 2 - (2003) - 02 - Jazzamor - fly me to the moon.mp3", "originaldate": ["2004"], "date": ["2004"], "genre": ["Ambient"], "musicbrainz_releasegroupid": ["cfc6acef-7597-3f24-9fca-24eb51f45d83"], "script": ["Latn"], "asin": ["B0006JHRU6"], "musicbrainz_albumid": ["39871bfe-ae6e-462a-bfe0-b7fe96eb150c"], "artist": ["Jazzamor"], "artistsort": ["Jazzamor"], "tracknumber": ["2/16"], "musicbrainz album release country": ["DE"], "albumartistsort": ["Various Artists"], "acoustid_id": ["8bda4ba5-e012-4215-94c7-3bca11ed7d25"], "musicbrainz_artistid": ["930d2a33-3462-413c-ac32-99ecc5cbf8ea"]}}, "rhythm": {"bpm_histogram_first_peak_bpm": {"dmean2": 0, "median": 120, "min": 120, "dvar2": 0, "dvar": 0, "dmean": 0, "max": 120, "var": 0, "mean": 120}, "bpm": 120.088562012, "bpm_histogram_second_peak_spread": {"dmean2": 0, "median": 0.5, "min": 0.5, "dvar2": 0, "dvar": 0, "dmean": 0, "max": 0.5, "var": 0, "mean": 0.5}, "bpm_histogram_first_peak_weight": {"dmean2": 0, "median": 0.771653532982, "min": 0.771653532982, "dvar2": 0, "dvar": 0, "dmean": 0, "max": 0.771653532982, "var": 0, "mean": 0.771653532982}, "onset_rate": 4.17714881897, "beats_position": [0.522448956966, 1.04489791393, 1.57895684242, 2.11301589012, 2.62385487556, 3.13469386101, 3.63392281532, 4.13315200806, 4.62077093124, 5.13160991669, 5.630838871, 6.13006782532, 6.62929677963, 7.12852573395, 7.6277551651, 8.12698364258, 8.62621307373, 9.13705158234, 9.63628101349, 10.1239004135, 10.623128891, 11.1223583221, 11.6215867996, 12.1208162308, 12.6200447083, 13.1192741394, 13.6185035706, 14.117732048, 14.6169614792, 15.1161899567, 15.6270294189, 16.1262588501, 16.6254863739, 17.1247158051, 17.6239452362, 18.1231746674, 18.6224040985, 19.1216316223, 19.6208610535, 20.1200904846, 20.6193199158, 21.1185474396, 21.6177768707, 22.1170063019, 22.616235733, 23.1154651642, 23.614692688, 24.1255321503, 24.6131515503, 25.1123809814, 25.6116104126, 26.1108379364, 26.6100673676, 27.1092967987, 27.6085262299, 28.1077537537, 28.6069831848, 29.106212616, 29.6054420471, 30.0930614471, 30.6038990021, 31.1031284332, 31.6023578644, 32.1015853882, 32.6008148193, 33.1000442505, 33.5992736816, 34.0985031128, 34.5977325439, 35.1085700989, 35.60779953, 36.1070289612, 36.6062583923, 37.1054878235, 37.6047172546, 38.1039466858, 38.6031723022, 39.1024017334, 39.6016311646, 40.1124725342, 40.6000900269, 41.099319458, 41.5985488892, 42.0977783203, 42.5970077515, 43.0962333679, 43.5954627991, 44.0946922302, 44.5939216614, 45.0931510925, 45.5923805237, 46.0916099548, 46.590839386, 47.0900688171, 47.6009063721, 48.1001358032, 48.5993652344, 49.0985946655, 49.5978240967, 50.0970497131, 50.5846710205, 51.0839004517, 51.5831298828, 52.0939674377, 52.5931968689, 53.0808143616, 53.5916557312, 54.0908851624, 54.5901107788, 55.08934021, 55.5885696411, 56.0877990723, 56.5870285034, 57.0862579346, 57.5854873657, 58.0847167969, 58.583946228, 59.0831718445, 59.5824012756, 60.0816307068, 60.5808601379, 61.0800895691, 61.5793190002, 62.0901565552, 62.5777778625, 63.0770072937, 63.5762329102, 64.0870742798, 64.5746917725, 65.0739212036, 65.5731506348, 66.0839920044, 66.5716094971, 67.0708389282, 67.5700683594, 68.0692977905, 68.5685272217, 69.0793609619, 69.5785903931, 70.0778198242, 70.5654373169, 71.0762786865, 71.5755081177, 72.0747375488, 72.5623550415, 73.0731964111, 73.5724258423, 74.060043335, 74.5592727661, 75.0585021973, 75.5577316284, 76.068572998, 76.5678024292, 77.0670318604, 77.5662536621, 78.0654830933, 78.5647125244, 79.0639419556, 79.5631713867, 80.0624008179, 80.561630249, 81.0608596802, 81.5600891113, 82.0593185425, 82.5469360352, 83.0461654663, 83.5453948975, 84.0562362671, 84.5670700073, 85.0546951294, 85.5539245605, 86.0531539917, 86.5523757935, 87.0516052246, 87.5508346558, 88.0500640869, 88.5609054565, 89.0601348877, 89.5593643188, 90.05859375, 90.5578231812, 91.0570526123, 91.5562820435, 92.0671157837, 92.5547409058, 93.0539703369, 93.5531921387, 94.0524215698, 94.551651001, 95.0508804321, 95.5501098633, 96.0493392944, 96.5485687256, 97.0477981567, 97.5470275879, 98.046257019, 98.5454864502, 99.0447158813, 99.5439453125, 100.043174744, 100.542404175, 101.041633606, 101.540863037, 102.040092468, 102.53931427, 103.038543701, 103.537773132, 104.037002563, 104.536231995, 105.035461426, 105.534690857, 106.033920288, 106.533149719, 107.03237915, 107.531608582, 108.042449951, 108.530067444, 109.029296875, 109.528526306, 110.039360046, 110.526985168, 111.0262146, 111.525436401, 112.024665833, 112.523895264, 113.034736633, 113.533966064, 114.033195496, 114.532424927, 115.031654358, 115.530883789, 116.03011322, 116.517730713, 117.016960144, 117.516189575, 118.027030945, 118.526252747, 119.025482178, 119.524711609, 120.02394104, 120.511566162, 121.022399902, 121.521629333, 122.020858765, 122.520088196, 123.019317627, 123.518547058, 124.017776489, 124.51700592, 125.016235352, 125.527069092, 126.026298523, 126.525527954, 127.013153076, 127.512374878, 128.011611938, 128.499221802, 129.010070801, 129.520904541, 130.031738281, 130.519363403, 131.018585205, 131.517822266, 132.017044067, 132.516281128, 133.01550293, 133.51473999, 134.013961792, 134.513198853, 135.000808716, 135.500045776, 135.999267578, 136.498504639, 136.99772644, 137.496963501, 137.996185303, 138.507034302, 139.017868042, 139.517089844, 140.016326904, 140.503936768, 141.003173828, 141.50239563, 142.013244629, 142.500854492, 143.000091553, 143.499313354, 143.998550415, 144.497772217, 144.997009277, 145.496231079, 146.007064819, 146.494689941, 146.993927002, 147.493148804, 147.992385864, 148.491607666, 148.990829468, 149.490066528, 150.000900269, 150.500137329, 150.999359131, 151.498596191, 151.997817993, 152.497055054, 152.996276855, 153.507110596, 154.017959595, 154.505569458, 154.99319458, 155.492416382, 155.991653442, 156.490875244, 156.990112305, 157.489334106, 157.988571167, 158.487792969, 158.987030029, 159.486251831, 159.99710083, 160.496322632, 160.983947754, 161.483169556, 161.982406616, 162.481628418, 162.980865479, 163.491699219, 164.002532959, 164.490158081, 164.977767944, 165.477005005, 165.976226807, 166.475463867, 166.974685669, 167.473922729, 167.973144531, 168.472381592, 168.971603394, 169.482452393, 169.981674194, 170.480911255, 170.980133057, 171.479354858, 171.978591919, 172.477813721, 172.977050781, 173.476272583, 173.975509644, 174.474731445, 174.973968506, 175.473190308, 175.972427368, 176.47164917, 176.982498169, 177.481719971, 177.980941772, 178.468566895, 178.967803955, 179.467025757, 179.966262817, 180.465484619, 180.976318359, 181.47555542, 181.974777222, 182.474014282, 182.973236084, 183.472473145, 183.971694946, 184.459320068, 184.970153809, 185.469390869, 185.968612671, 186.467849731, 186.967071533, 187.477905273, 187.988754272, 188.487976074, 188.987213135, 189.486434937, 189.985671997, 190.508117676, 191.018951416], "beats_loudness": {"dmean2": 0.201040774584, "median": 0.124865457416, "min": 0.00180977373384, "dvar2": 0.0332728475332, "dvar": 0.0129178529605, "dmean": 0.118635423481, "max": 0.871838867664, "var": 0.0155424745753, "mean": 0.160967290401}, "danceability": 1.18780040741, "bpm_histogram_second_peak_weight": {"dmean2": 0, "median": 0.00524934381247, "min": 0.00524934381247, "dvar2": 0, "dvar": 0, "dmean": 0, "max": 0.00524934381247, "var": 0, "mean": 0.00524934381247}, "beats_count": 382, "bpm_histogram_second_peak_bpm": {"dmean2": 0, "median": 112, "min": 112, "dvar2": 0, "dvar": 0, "dmean": 0, "max": 112, "var": 0, "mean": 112}, "bpm_histogram_first_peak_spread": {"dmean2": 0, "median": 0.220159173012, "min": 0.220159173012, "dvar2": 0, "dvar": 0, "dmean": 0, "max": 0.220159173012, "var": 0, "mean": 0.220159173012}, "beats_loudness_band_ratio": {"dmean2": [0.319984674454, 0.141612648964, 0.0422850474715, 0.0225676503032, 0.00776759395376, 0.250024497509], "median": [0.852566301823, 0.031218804419, 0.0105549516156, 0.00394950807095, 0.00178028317168, 0.0672297924757], "min": [0.026345750317, 0.000560970976949, 5.57687089895e-05, 2.69579522865e-05, 1.83064021257e-05, 0.000723437697161], "dvar2": [0.0688161179423, 0.0285890698433, 0.00384962139651, 0.00155809626449, 0.000104067868961, 0.0588208846748], "dvar": [0.0290108025074, 0.0103133553639, 0.00172128470149, 0.000602287822403, 3.61027632607e-05, 0.0241401083767], "dmean": [0.178297847509, 0.0782427117229, 0.0245588738471, 0.0128524582833, 0.00420185504481, 0.134457200766], "max": [0.997814595699, 0.673689842224, 0.430458188057, 0.272062271833, 0.0444738902152, 0.86382329464], "var": [0.0384694039822, 0.0107255382463, 0.00164806307293, 0.000519259483553, 2.83442223008e-05, 0.0266199484468], "mean": [0.783882677555, 0.0727096796036, 0.022917907685, 0.010606306605, 0.00368485064246, 0.135058179498]}}, "lowlevel": {"barkbands_spread": {"dmean2": 5.8599395752, "median": 3.61412096024, "min": 0.173723608255, "dvar2": 136.965026855, "dvar": 63.49634552, "dmean": 3.76094245911, "max": 125.614723206, "var": 112.542167664, "mean": 6.65026855469}, "melbands_spread": {"dmean2": 2.95508384705, "median": 2.1534948349, "min": 0.0772259160876, "dvar2": 39.5888900757, "dvar": 19.4367008209, "dmean": 1.8726272583, "max": 138.506515503, "var": 36.138584137, "mean": 3.60743284225}, "hfc": {"dmean2": 140.385742188, "median": 111.160339355, "min": 0.0790443569422, "dvar2": 148223.84375, "dvar": 60693.2539062, "dmean": 93.4226608276, "max": 5246.57666016, "var": 100758.859375, "mean": 204.595397949}, "barkbands_kurtosis": {"dmean2": 52.6374168396, "median": 41.8415489197, "min": -1.84397017956, "dvar2": 5016.93115234, "dvar": 2021.7142334, "dmean": 32.3970184326, "max": 848.884399414, "var": 4317.08544922, "mean": 61.7979774475}, "gfcc": {"mean": [-35.2306442261, 108.737014771, -33.4329948425, 15.1575860977, -11.9509830475, -6.79111862183, -1.75538170338, -6.83564424515, -6.21653318405, -8.69993019104, -10.3889522552, -3.80927824974, -4.08312940598], "icov": [[0.00046023062896, 0.000160148687428, 0.000745269993786, -0.000269222480711, 0.000339806079865, -0.000314943637932, -5.67490787944e-05, 9.65448707575e-05, -0.000108054337034, -0.000517435313668, 0.000792496080976, -0.000972269743215, 0.000447345984867], [0.000160148687428, 0.00340986205265, -0.00175744306762, 0.00282348925248, -0.00169210205786, -0.00052273721667, 0.00033132857061, 0.000676018651575, -0.00150698784273, -0.000405613536714, -0.000474976055557, 0.0020432418678, -0.00273971236311], [0.000745269993786, -0.00175744306762, 0.00573584577069, -0.00407996913418, 0.00278023770079, -0.00040021748282, -0.00106279435568, 0.00115932500921, -0.000137269380502, -0.000484630203573, -0.000352861592546, 0.00176507746801, -0.00111464085057], [-0.000269222480711, 0.00282348925248, -0.00407996913418, 0.00887846760452, -0.00498971436173, -0.000332142721163, 0.00163083372172, -0.00269044493325, 0.00155211728998, -0.00182770763058, 0.000546775117982, -0.00236147735268, 0.00222030398436], [0.000339806079865, -0.00169210205786, 0.00278023770079, -0.00498971436173, 0.00780300796032, -0.00144882802851, -0.00351933715865, 0.00548902759328, -0.00219063344412, -0.000342976883985, -0.000387798558222, 0.000800045498181, -0.00143271754496], [-0.000314943637932, -0.00052273721667, -0.00040021748282, -0.000332142721163, -0.00144882802851, 0.0072839721106, 0.000575801066589, -0.00700449757278, 0.00570111954585, -0.000818741274998, -0.00240412121639, 0.00178797915578, -0.00211917818524], [-5.67490787944e-05, 0.00033132857061, -0.00106279435568, 0.00163083372172, -0.00351933715865, 0.000575801066589, 0.00904018245637, -0.00417201034725, -0.00491012306884, 0.00530233373865, 0.00202314299531, -0.00596255995333, 0.00134659290779], [9.65448707575e-05, 0.000676018651575, 0.00115932500921, -0.00269044493325, 0.00548902759328, -0.00700449757278, -0.00417201034725, 0.0176631100476, -0.0110697001219, 0.00127867434639, -0.00285313441418, 0.00629667937756, -0.00459843082353], [-0.000108054337034, -0.00150698784273, -0.000137269380502, 0.00155211728998, -0.00219063344412, 0.00570111954585, -0.00491012306884, -0.0110697001219, 0.0274801310152, -0.0140461027622, 0.000949047273025, 0.00175982213113, 0.00179085717537], [-0.000517435313668, -0.000405613536714, -0.000484630203573, -0.00182770763058, -0.000342976883985, -0.000818741274998, 0.00530233373865, 0.00127867434639, -0.0140461027622, 0.0236023757607, -0.00871043559164, -0.00402172887698, 0.0040103555657], [0.000792496080976, -0.000474976055557, -0.000352861592546, 0.000546775117982, -0.000387798558222, -0.00240412121639, 0.00202314299531, -0.00285313441418, 0.000949047273025, -0.00871043559164, 0.02528761141, -0.0129714384675, 0.00219045276754], [-0.000972269743215, 0.0020432418678, 0.00176507746801, -0.00236147735268, 0.000800045498181, 0.00178797915578, -0.00596255995333, 0.00629667937756, 0.00175982213113, -0.00402172887698, -0.0129714384675, 0.0337719172239, -0.0169928278774], [0.000447345984867, -0.00273971236311, -0.00111464085057, 0.00222030398436, -0.00143271754496, -0.00211917818524, 0.00134659290779, -0.00459843082353, 0.00179085717537, 0.0040103555657, 0.00219045276754, -0.0169928278774, 0.0279182959348]], "cov": [[4882.39648438, -1059.24353027, -903.485473633, 143.714508057, -65.5072631836, -17.5368213654, -4.44047117233, -10.8569545746, 3.57095932961, 128.003952026, -32.5859031677, 203.788208008, -127.969039917], [-1059.24353027, 782.676208496, 268.49432373, -175.794036865, 53.6394462585, 52.1772422791, 34.3685073853, 21.8950271606, 48.3462600708, -14.9543161392, 15.5041999817, -60.0856285095, 88.3999938965], [-903.485473633, 268.49432373, 458.852996826, 79.9321212769, -20.8977127075, 69.8757019043, -3.21488976479, 47.70362854, 13.3217058182, 3.30478429794, 22.9439620972, -48.511756897, 32.3751754761], [143.714508057, -175.794036865, 79.9321212769, 302.659698486, 115.665473938, 54.6637611389, 4.37966918945, 22.4295558929, 5.0979924202, 48.9433059692, 29.9312400818, 30.8097820282, -17.8177852631], [-65.5072631836, 53.6394462585, -20.8977127075, 115.665473938, 309.070373535, -9.39322853088, 90.1138916016, -57.2395858765, 19.4306926727, 14.9748687744, 12.7661066055, 37.6027946472, 16.142206192], [-17.5368213654, 52.1772422791, 69.8757019043, 54.6637611389, -9.39322853088, 327.023193359, 17.8273963928, 160.576858521, 3.20646071434, 15.9245481491, 48.02576828, -4.74516153336, 44.6242294312], [-4.44047117233, 34.3685073853, -3.21488976479, 4.37966918945, 90.1138916016, 17.8273963928, 236.161437988, 71.5968093872, 64.5647277832, -15.390912056, -1.0730868578, 31.2783279419, 26.5381565094], [-10.8569545746, 21.8950271606, 47.70362854, 22.4295558929, -57.2395858765, 160.576858521, 71.5968093872, 216.106277466, 76.0622634888, 31.0460071564, 33.1951560974, -12.725520134, 24.1475543976], [3.57095932961, 48.3462600708, 13.3217058182, 5.0979924202, 19.4306926727, 3.20646071434, 64.5647277832, 76.0622634888, 110.440483093, 57.8136672974, 22.3230381012, 3.29788970947, 0.334980249405], [128.003952026, -14.9543161392, 3.30478429794, 48.9433059692, 14.9748687744, 15.9245481491, -15.390912056, 31.0460071564, 57.8136672974, 109.073371887, 48.7891426086, 22.2775192261, -9.09078598022], [-32.5859031677, 15.5041999817, 22.9439620972, 29.9312400818, 12.7661066055, 48.02576828, -1.0730868578, 33.1951560974, 22.3230381012, 48.7891426086, 80.9422302246, 33.6148643494, 16.0683307648], [203.788208008, -60.0856285095, -48.511756897, 30.8097820282, 37.6027946472, -4.74516153336, 31.2783279419, -12.725520134, 3.29788970947, 22.2775192261, 33.6148643494, 80.0944671631, 27.1174602509], [-127.969039917, 88.3999938965, 32.3751754761, -17.8177852631, 16.142206192, 44.6242294312, 26.5381565094, 24.1475543976, 0.334980249405, -9.09078598022, 16.0683307648, 27.1174602509, 72.6959152222]]}, "spectral_energyband_middle_low": {"dmean2": 0.0111741395667, "median": 0.0106143197045, "min": 1.12723519123e-05, "dvar2": 0.000253649806837, "dvar": 0.000101369478216, "dmean": 0.0070202127099, "max": 0.207520753145, "var": 0.000435414462117, "mean": 0.0181178729981}, "melbands_crest": {"dmean2": 6.26055669785, "median": 24.3047370911, "min": 5.58197212219, "dvar2": 32.8888244629, "dvar": 13.9981985092, "dmean": 3.88892626762, "max": 38.6018676758, "var": 53.7965354919, "mean": 24.2579288483}, "spectral_kurtosis": {"dmean2": 14.3941383362, "median": 13.2089233398, "min": 3.84460687637, "dvar2": 505.163024902, "dvar": 186.82170105, "dmean": 8.61238574982, "max": 245.831817627, "var": 198.901733398, "mean": 16.9342422485}, "spectral_rms": {"dmean2": 0.00267375074327, "median": 0.0101705621928, "min": 0.000122668498079, "dvar2": 7.49284163248e-06, "dvar": 3.42134035236e-06, "dmean": 0.00180225109216, "max": 0.0275817401707, "var": 2.12005015783e-05, "mean": 0.0105212088674}, "zerocrossingrate": {"dmean2": 0.0514938086271, "median": 0.12890625, "min": 0.00341796875, "dvar2": 0.00233680801466, "dvar": 0.0017370035639, "dmean": 0.0415143854916, "max": 0.88818359375, "var": 0.016693783924, "mean": 0.163232848048}, "silence_rate_60dB": {"dmean2": 0.0126106459647, "median": 0, "min": 0, "dvar2": 0.0151204084978, "dvar": 0.00626382697374, "dmean": 0.0063045588322, "max": 1, "var": 0.0122119439766, "mean": 0.0123651353642}, "erbbands_kurtosis": {"dmean2": 6.85902261734, "median": 1.82330322266, "min": -1.80511164665, "dvar2": 146.700714111, "dvar": 57.2933578491, "dmean": 4.20699930191, "max": 135.119659424, "var": 95.3963851929, "mean": 5.16144704819}, "erbbands": {"dmean2": [2.27275061607, 5.2917547226, 9.72861003876, 14.3219871521, 26.319026947, 12.0645551682, 12.2429933548, 10.3037862778, 9.98319816589, 16.1151199341, 10.2306756973, 18.1076602936, 13.5552616119, 26.9257736206, 10.1160516739, 5.5910692215, 3.72293806076, 3.33529853821, 5.54799175262, 4.20387840271, 4.35261869431, 2.81699419022, 3.38966751099, 3.32173991203, 2.45125842094, 2.93111419678, 2.05122971535, 1.60554730892, 1.16261827946, 0.922046363354, 0.869408845901, 0.644250810146, 0.399098902941, 0.116792157292, 0.0688705667853, 0.0741883739829, 0.0917737707496, 0.089552976191, 0.0425815880299, 0.00787738990039], "median": [1.32214295864, 3.53808450699, 6.25027894974, 10.4654884338, 11.4688367844, 7.08048629761, 4.59313488007, 4.39932584763, 3.85259699821, 3.57893753052, 3.00896644592, 2.98881483078, 3.08678674698, 3.39807224274, 2.54112410545, 1.69563472271, 1.21815252304, 1.25458371639, 1.48895132542, 1.33056247234, 1.1649273634, 1.02173531055, 1.03906106949, 0.783635497093, 0.628699362278, 0.493952304125, 0.491011410952, 0.48944246769, 0.303493469954, 0.145052179694, 0.0904225111008, 0.065269857645, 0.0454476997256, 0.0282101947814, 0.0170198753476, 0.0132153155282, 0.0136719085276, 0.0180555582047, 0.00962788425386, 0.00584982987493], "min": [4.1437406253e-06, 4.1231745854e-05, 0.000262848072452, 0.00108061789069, 0.00273089110851, 0.00325308437459, 0.00360587448813, 0.0107965534553, 0.00942572113127, 0.00954691041261, 0.00854458194226, 0.00493375957012, 0.00281725428067, 0.00234870193526, 0.00223334808834, 0.00130087544676, 0.000830448640045, 0.000828390126117, 0.000503243703861, 0.000313612312311, 0.000233790371567, 0.000397746858653, 0.000391603563912, 0.000161182397278, 0.000296889280435, 5.48372117919e-05, 4.7414261644e-05, 2.61260502157e-05, 2.60368142335e-05, 1.01455298136e-05, 2.29410616157e-05, 5.50695040147e-05, 3.05895664496e-05, 1.9108007109e-05, 5.87543217989e-06, 1.37240176628e-05, 1.60507916007e-05, 5.14034582011e-06, 4.07615107179e-06, 3.47913191945e-06], "dvar2": [11.2734651566, 42.7183380127, 210.603088379, 499.467346191, 2162.30004883, 333.184814453, 473.807434082, 320.291748047, 408.864257812, 3128.07617188, 787.557373047, 9913.15722656, 1007.86700439, 5800.65917969, 2020.31225586, 130.972381592, 39.3866043091, 112.318603516, 1172.20056152, 147.823928833, 93.4100036621, 25.5823020935, 66.1292190552, 62.5423126221, 43.6684646606, 106.885444641, 19.1852645874, 9.8018655777, 6.05788755417, 3.00625634193, 2.97832775116, 1.65666937828, 0.544014453888, 0.0244544353336, 0.00950577575713, 0.0173140112311, 0.0536995530128, 0.155396565795, 0.0202386844903, 0.000224347037147], "dvar": [5.30564975739, 18.5626983643, 84.1128387451, 201.117660522, 828.753234863, 142.911270142, 172.606048584, 138.890609741, 203.377243042, 1824.91149902, 369.146911621, 5691.90087891, 463.035339355, 2955.73999023, 891.140625, 53.839756012, 17.0546016693, 50.6912879944, 454.157073975, 69.2172851562, 34.2394714355, 10.3498668671, 31.5540409088, 27.8796520233, 17.9813480377, 44.0693740845, 8.50818443298, 4.50299930573, 2.55040025711, 1.19565558434, 1.17406535149, 0.653652727604, 0.214616730809, 0.00985131599009, 0.00382727943361, 0.006962783169, 0.0213124919683, 0.0657252296805, 0.00978304538876, 0.000101343619463], "dmean": [1.49051010609, 3.35462427139, 5.96698951721, 9.06389141083, 15.6552038193, 7.47311639786, 7.1184220314, 6.30228900909, 6.51805973053, 10.7534189224, 6.71203231812, 13.4485940933, 8.44161128998, 17.7163448334, 6.38134098053, 3.41126227379, 2.24754142761, 2.04665708542, 3.43573570251, 2.61910557747, 2.5461575985, 1.71992325783, 2.14716672897, 2.08106374741, 1.53402721882, 1.81703412533, 1.27589905262, 1.00647175312, 0.726693511009, 0.550871670246, 0.509203076363, 0.37943777442, 0.234840109944, 0.0692095607519, 0.0409968905151, 0.0443694926798, 0.0556399449706, 0.0597556531429, 0.0282210148871, 0.00534071261063], "max": [33.1740951538, 67.4206771851, 183.432159424, 301.80279541, 640.95916748, 306.243835449, 151.766494751, 461.259216309, 517.360290527, 1983.72399902, 532.24822998, 3538.71655273, 1125.52661133, 1199.79089355, 1036.25097656, 189.571762085, 118.055931091, 415.919921875, 1115.734375, 480.623382568, 109.401435852, 90.9715805054, 252.056182861, 203.897705078, 152.585327148, 218.052520752, 75.739112854, 70.6692123413, 59.0667724609, 14.622089386, 10.6418247223, 8.72737216949, 4.59511327744, 1.36717963219, 0.854163229465, 0.913790941238, 1.70491051674, 13.382569313, 3.18267822266, 0.153554722667], "var": [21.1306648254, 59.893611908, 219.780731201, 651.070007324, 3455.24243164, 584.863037109, 169.508666992, 312.863800049, 768.115539551, 8024.59570312, 764.313598633, 14774.7705078, 781.466064453, 5478.15039062, 1036.67944336, 91.348274231, 30.6327190399, 69.8775024414, 504.038848877, 149.222640991, 32.059425354, 15.0381135941, 66.4795608521, 64.9999771118, 30.1731910706, 62.9659385681, 18.5008411407, 9.99814891815, 3.92249369621, 1.06589984894, 0.9455088377, 0.528452217579, 0.177486777306, 0.0106178186834, 0.0040859146975, 0.00620093243197, 0.0177881922573, 0.136307045817, 0.0300237406045, 0.000195486223674], "mean": [3.50010442734, 6.47914075851, 11.3824234009, 18.9283390045, 33.673034668, 15.7421827316, 8.96437358856, 9.67970085144, 11.8665056229, 19.6231956482, 10.1051120758, 21.3626022339, 10.3437824249, 20.9042758942, 8.11085605621, 4.51682329178, 2.84645175934, 2.70396471024, 4.98100042343, 4.03413486481, 2.84039497375, 2.25031256676, 3.1545317173, 2.70896887779, 1.9201489687, 2.06419491768, 1.60143089294, 1.40215456486, 0.844553828239, 0.515571653843, 0.42017403245, 0.311662346125, 0.195792764425, 0.06773853302, 0.0405806526542, 0.0410232171416, 0.0531067214906, 0.0929484665394, 0.0491577424109, 0.0102783013135]}, "spectral_strongpeak": {"dmean2": 7.43607902527, "median": 0.491488695145, "min": 0, "dvar2": 1289.28100586, "dvar": 517.178405762, "dmean": 4.16093635559, "max": 526.501647949, "var": 598.757629395, "mean": 4.38245201111}, "spectral_energy": {"dmean2": 0.0649840682745, "median": 0.106026351452, "min": 1.54237495735e-05, "dvar2": 0.00635461835191, "dvar": 0.00283099664375, "dmean": 0.0425961837173, "max": 0.779771149158, "var": 0.0115699497983, "mean": 0.135193273425}, "average_loudness": 0.906418442726, "spectral_rolloff": {"dmean2": 4839.64941406, "median": 193.798828125, "min": 21.533203125, "dvar2": 105214408, "dvar": 42849120, "dmean": 2480.8112793, "max": 22006.9335938, "var": 79534280, "mean": 5050.60400391}, "spectral_centroid": {"dmean2": 223.150588989, "median": 350.859649658, "min": 78.2254714966, "dvar2": 100753.382812, "dvar": 50664.546875, "dmean": 145.20539856, "max": 3934.37939453, "var": 137121.109375, "mean": 446.618438721}, "pitch_salience": {"dmean2": 0.136195883155, "median": 0.415178507566, "min": 0.0628240332007, "dvar2": 0.013576708734, "dvar": 0.00569795304909, "dmean": 0.0854095891118, "max": 0.855948507786, "var": 0.0214386153966, "mean": 0.40928798914}, "spectral_energyband_middle_high": {"dmean2": 0.00134504586458, "median": 0.000529544544406, "min": 2.54328966776e-07, "dvar2": 7.90148897067e-06, "dvar": 3.79927223548e-06, "dmean": 0.000882975757122, "max": 0.0433304086328, "var": 6.76170793668e-06, "mean": 0.0012985666981}, "spectral_contrast_coeffs": {"dmean2": [0.0903658792377, 0.0853724554181, 0.0745770782232, 0.061447262764, 0.0511218085885, 0.0542670786381], "median": [-0.669144690037, -0.789332449436, -0.833173513412, -0.873467803001, -0.872301459312, -0.828869104385], "min": [-0.911121666431, -0.955650389194, -0.963968098164, -0.986176609993, -0.97413700819, -0.961414456367], "dvar2": [0.00508481636643, 0.00448497477919, 0.0037056861911, 0.00232918746769, 0.00169537495822, 0.00279553118162], "dvar": [0.00190251949243, 0.00173179502599, 0.00146678218152, 0.000916703429539, 0.000769806851167, 0.00125894742087], "dmean": [0.0551726408303, 0.0515353307128, 0.0465623997152, 0.0378486551344, 0.032670289278, 0.0346272923052], "max": [-0.25361058116, -0.419850409031, -0.471273899078, -0.6144926548, -0.687106788158, -0.436470448971], "var": [0.00921442825347, 0.00530695542693, 0.0053201271221, 0.00312251085415, 0.00307310814969, 0.00367095437832], "mean": [-0.660875976086, -0.781384170055, -0.822980940342, -0.876637458801, -0.876844882965, -0.808342695236]}, "melbands_skewness": {"dmean2": 2.70420074463, "median": 4.92616891861, "min": -2.88987350464, "dvar2": 7.51322746277, "dvar": 2.93444657326, "dmean": 1.69032847881, "max": 27.6367225647, "var": 9.55090045929, "mean": 5.40939617157}, "spectral_spread": {"dmean2": 1404206, "median": 4715142, "min": 769877.625, "dvar2": 1477708218370.0, "dvar": 609510752256, "dmean": 890709.25, "max": 17106870, "var": 1422549057540.0, "mean": 4657398}, "dissonance": {"dmean2": 0.0509004294872, "median": 0.457378268242, "min": 0.1330422014, "dvar2": 0.00262036290951, "dvar": 0.00101005844772, "dmean": 0.0309897381812, "max": 0.500000059605, "var": 0.00217635650188, "mean": 0.444903641939}, "spectral_skewness": {"dmean2": 1.23197138309, "median": 2.8213634491, "min": 1.42537641525, "dvar2": 2.12279367447, "dvar": 0.795446395874, "dmean": 0.756880939007, "max": 13.2587900162, "var": 1.16907584667, "mean": 3.08093214035}, "spectral_flux": {"dmean2": 0.0799998044968, "median": 0.132527321577, "min": 0.00780350808054, "dvar2": 0.00654971925542, "dvar": 0.00263724173419, "dmean": 0.04998768121, "max": 0.606824040413, "var": 0.00572408083826, "mean": 0.143072098494}, "spectral_contrast_valleys": {"dmean2": [0.639159917831, 0.888306617737, 0.976401329041, 1.0392074585, 1.07567489147, 1.22156846523], "median": [-6.08803701401, -6.7281370163, -7.43644332886, -7.99709033966, -8.08832073212, -10.6572303772], "min": [-9.8468132019, -9.56210041046, -10.8898382187, -11.9296808243, -12.7660245895, -15.0731315613], "dvar2": [0.255062371492, 0.509941935539, 0.650539040565, 0.832545995712, 0.896763622761, 0.960353910923], "dvar": [0.107596844435, 0.200246840715, 0.253672778606, 0.305991798639, 0.342395931482, 0.358165055513], "dmean": [0.399338364601, 0.54406785965, 0.60510879755, 0.638476133347, 0.679019749165, 0.755461812019], "max": [-4.66688203812, -4.36819171906, -5.45357894897, -6.1472158432, -6.0608086586, -8.63015556335], "var": [0.501846075058, 0.498488217592, 0.630466938019, 0.708379149437, 0.778868377209, 0.759787142277], "mean": [-6.21522474289, -6.76242446899, -7.52513599396, -8.12216663361, -8.18034076691, -10.7339344025]}, "erbbands_flatness_db": {"dmean2": 0.0635622888803, "median": 0.136929258704, "min": 0.038846552372, "dvar2": 0.00326247699559, "dvar": 0.00131731806323, "dmean": 0.0403200052679, "max": 0.421893268824, "var": 0.0036148482468, "mean": 0.147519752383}, "spectral_energyband_high": {"dmean2": 0.000443708093371, "median": 0.000132908899104, "min": 6.95148187901e-08, "dvar2": 1.03143440811e-06, "dvar": 4.82614609609e-07, "dmean": 0.000286456721369, "max": 0.0210950821638, "var": 1.24587131722e-06, "mean": 0.000424771162216}, "spectral_entropy": {"dmean2": 0.797620475292, "median": 7.01375102997, "min": 4.43338012695, "dvar2": 0.53187507391, "dvar": 0.207530483603, "dmean": 0.501784265041, "max": 8.29831600189, "var": 0.490212500095, "mean": 6.89581346512}, "silence_rate_20dB": {"dmean2": 0.0688735321164, "median": 1, "min": 0, "dvar2": 0.0774678438902, "dvar": 0.0332486778498, "dmean": 0.0344325900078, "max": 1, "var": 0.0449352152646, "mean": 0.952842772007}, "melbands_flatness_db": {"dmean2": 0.10210185498, "median": 0.401429355145, "min": 0.118699349463, "dvar2": 0.00752561399713, "dvar": 0.00298280455172, "dmean": 0.0657844096422, "max": 0.826307952404, "var": 0.00979129876941, "mean": 0.408207297325}, "barkbands": {"dmean2": [0.0303762331605, 0.0394883453846, 0.00905260071158, 0.00570329697803, 0.00564176170155, 0.00140010670293, 0.000892358249985, 0.000480220012832, 0.000741345575079, 0.000721513759345, 0.000352063827449, 0.000136784889037, 7.98987093731e-05, 7.40292380215e-05, 0.000109632062959, 7.74341606302e-05, 5.17592015967e-05, 6.41641599941e-05, 5.68599680264e-05, 5.73744218855e-05, 4.46666963398e-05, 3.05195280816e-05, 3.27650195686e-05, 2.67223185801e-05, 9.64935225056e-06, 4.18868730776e-05, 0.000286723690806], "median": [0.0233773179352, 0.0262035690248, 0.00512318406254, 0.00301449233666, 0.0028967699036, 0.000521495821886, 0.000272385950666, 0.000121807112009, 0.000128260275233, 9.58619566518e-05, 6.35839096503e-05, 4.03486119467e-05, 2.37134354393e-05, 2.39602395595e-05, 2.77980579995e-05, 2.04482475965e-05, 1.71976935235e-05, 1.86598645087e-05, 1.28012316054e-05, 1.05746657937e-05, 1.28680994749e-05, 7.82147708378e-06, 3.34181891049e-06, 2.89256263386e-06, 2.20807328333e-06, 7.07895696905e-06, 8.40854700073e-05], "min": [2.40345396918e-08, 1.61289790412e-07, 2.84980217202e-07, 4.88072657845e-07, 9.3268118917e-07, 1.07468952137e-06, 6.52453252314e-07, 1.59661766475e-07, 5.83490376016e-08, 7.96118797552e-08, 5.54802426223e-08, 2.5242444579e-08, 1.97774170374e-08, 1.36886804114e-08, 6.82310830058e-09, 4.57075355342e-09, 8.14054779141e-09, 4.21612877943e-09, 5.94171956081e-09, 1.52215118288e-09, 6.16120321428e-10, 6.12658035415e-10, 6.57406851179e-10, 2.2142212508e-09, 4.79348005733e-10, 8.33370439324e-09, 4.89905254142e-08], "dvar2": [0.00196743942797, 0.00281246588565, 0.000179792492418, 9.14431511774e-05, 8.98490325199e-05, 5.84706094742e-06, 5.85503858019e-06, 1.40127758641e-06, 1.36642802318e-05, 3.90752256862e-06, 2.46957142735e-06, 7.85935725389e-08, 2.22460236898e-08, 1.08396037035e-07, 2.9421167369e-07, 3.80070375172e-08, 8.81805739539e-09, 2.42137687678e-08, 1.73711587337e-08, 3.59795215843e-08, 8.20236500942e-09, 3.48637985148e-09, 4.49804948843e-09, 2.57614085619e-09, 1.90295598723e-10, 9.67279856212e-09, 5.80524385896e-07], "dvar": [0.000779338006396, 0.00133502657991, 7.1978494816e-05, 3.57888056897e-05, 3.62890605174e-05, 2.36755545302e-06, 3.32672789227e-06, 6.10806239365e-07, 7.64358537708e-06, 1.9989656721e-06, 1.10141286314e-06, 3.25819051739e-08, 9.36098398796e-09, 4.3156319407e-08, 1.29932033133e-07, 1.41451570457e-08, 3.39926309323e-09, 1.12432489985e-08, 7.52803153148e-09, 1.49412837658e-08, 3.65776164912e-09, 1.50498302709e-09, 1.77037795535e-09, 1.02044273032e-09, 7.6412133565e-11, 3.88954912722e-09, 2.77095381307e-07], "dmean": [0.0187131278217, 0.0257304292172, 0.00559128401801, 0.00358930719085, 0.00337734119967, 0.000840432418045, 0.000599553575739, 0.000297652964946, 0.000537354266271, 0.000468909391202, 0.000218977293116, 8.31433862913e-05, 4.78821966681e-05, 4.43182289018e-05, 6.78724754835e-05, 4.58428621641e-05, 3.11180920107e-05, 4.03777667088e-05, 3.54067378794e-05, 3.56843629561e-05, 2.78018833342e-05, 1.90197351913e-05, 1.91447743418e-05, 1.57584636327e-05, 5.7244042182e-06, 2.53783109656e-05, 0.000192492967471], "max": [0.384442090988, 0.579263865948, 0.156579554081, 0.149168431759, 0.138717293739, 0.050693348050