{"tonal": {"thpcp": [1, 0.591822981834, 0.172939032316, 0.107169426978, 0.122259788215, 0.553251743317, 0.863182961941, 0.523553371429, 0.487678200006, 0.582494258881, 0.299178808928, 0.160832747817, 0.155403986573, 0.141835555434, 0.398293048143, 0.591153621674, 0.387705028057, 0.210195213556, 0.167770013213, 0.190533578396, 0.526177823544, 0.72600620985, 0.423354566097, 0.271423608065, 0.298238605261, 0.20191796124, 0.2082606107, 0.265426337719, 0.213790014386, 0.335830926895, 0.424681782722, 0.242579191923, 0.210885599256, 0.313555806875, 0.279218673706, 0.629431724548], "hpcp": {"dmean2": [0.140329197049, 0.10796508193, 0.100766852498, 0.124310985208, 0.133241340518, 0.190389603376, 0.218930974603, 0.186671480536, 0.0914651677012, 0.0587305352092, 0.0676580742002, 0.150351792574, 0.193291187286, 0.162439659238, 0.160743221641, 0.161742061377, 0.112749353051, 0.0828197002411, 0.0689640045166, 0.0654734447598, 0.11802559346, 0.145746797323, 0.12047188729, 0.0829146802425, 0.0703048631549, 0.0906554535031, 0.173324361444, 0.199235662818, 0.152971282601, 0.115055918694, 0.110657528043, 0.0865253359079, 0.089190363884, 0.106323122978, 0.0994807109237, 0.129065603018], "median": [0.02357403934, 0.0163736566901, 0.010261952877, 0.00891680829227, 0.0178611651063, 0.080516576767, 0.133340150118, 0.0746125429869, 0.0090000461787, 0.0031558861956, 0.00657920259982, 0.0553724244237, 0.0930528193712, 0.0775130689144, 0.0426615774632, 0.0407443419099, 0.0250851362944, 0.00845548138022, 0.00646027177572, 0.00871977210045, 0.0263596735895, 0.0386166349053, 0.0311217010021, 0.0122893657535, 0.00922085437924, 0.0161999054253, 0.0616615861654, 0.0926187112927, 0.0620891787112, 0.0200310815126, 0.0092560313642, 0.0104851145297, 0.0185554623604, 0.0236095264554, 0.0211574453861, 0.0213526375592], "min": [3.34539254254e-06, 1.09119650915e-06, 2.95544350593e-06, 2.98235636365e-06, 0, 0, 8.94246932148e-06, 8.08503864391e-06, 7.22372078599e-06, 2.53007078754e-06, 3.43712599715e-06, 3.84319309887e-06, 0, 0, 2.71008525488e-06, 2.96298298963e-06, 5.40391192771e-06, 4.8872266234e-06, 5.93493450651e-06, 2.84905968329e-06, 5.93317224684e-07, 2.46737340603e-06, 1.38457799039e-05, 1.43293837027e-05, 6.42664508632e-06, 2.59849298345e-06, 0, 0, 0, 5.49703236175e-06, 3.58440911441e-06, 1.99616101781e-06, 1.31708270601e-06, 1.39788437536e-06, 4.95728363603e-06, 4.71121666124e-06], "dvar2": [0.0664985328913, 0.0479313470423, 0.0488982051611, 0.0733715295792, 0.0712940320373, 0.0750579759479, 0.103057943285, 0.0807060748339, 0.0434250496328, 0.0281330049038, 0.0295113716274, 0.0503052212298, 0.081484079361, 0.0529790520668, 0.0671728849411, 0.0683086663485, 0.038836222142, 0.040395911783, 0.0288124382496, 0.0209133066237, 0.041349876672, 0.0588496774435, 0.0441456250846, 0.0420000366867, 0.0279227457941, 0.0332330092788, 0.0641225352883, 0.0742819532752, 0.0480787754059, 0.0473782718182, 0.0510039292276, 0.0334462337196, 0.0331858061254, 0.0428297445178, 0.0399819873273, 0.0562358759344], "dvar": [0.0264819264412, 0.0178238414228, 0.0176630280912, 0.0270091835409, 0.0254055522382, 0.0282071363181, 0.0419275350869, 0.0307053346187, 0.0157504715025, 0.0102651938796, 0.0106260646135, 0.0207164995372, 0.0363900028169, 0.0196861252189, 0.0262418165803, 0.0288326647133, 0.0147446040064, 0.015399386175, 0.0113383932039, 0.00759078981355, 0.0168836265802, 0.0261141508818, 0.0170149877667, 0.0149461049587, 0.0108763147146, 0.0124122658744, 0.0246298406273, 0.0317226722836, 0.0188037529588, 0.0181471370161, 0.0196650121361, 0.0126142697409, 0.0125496713445, 0.016675574705, 0.0147210760042, 0.0218234919012], "dmean": [0.085302747786, 0.0638843774796, 0.0583405829966, 0.072138659656, 0.0767956823111, 0.114466421306, 0.130539208651, 0.111409336329, 0.0526141747832, 0.0335347652435, 0.0387365743518, 0.0925700217485, 0.117500342429, 0.0982773602009, 0.097637064755, 0.0991191267967, 0.0682658553123, 0.0480388812721, 0.040509596467, 0.0382546000183, 0.0722020938993, 0.0897403806448, 0.0731822177768, 0.0480542033911, 0.0422769859433, 0.0534272380173, 0.104561626911, 0.121400974691, 0.0921568125486, 0.0684754550457, 0.0655131861567, 0.0512499734759, 0.0531682260334, 0.0637236833572, 0.0581218004227, 0.0774074792862], "max": [1, 1, 1, 1, 1, 1, 1, 1, 1, 1, 1, 1, 1, 1, 1, 1, 1, 1, 1, 1, 1, 1, 1, 1, 1, 1, 1, 1, 1, 1, 1, 1, 1, 1, 1, 1], "var": [0.0697529613972, 0.0277604572475, 0.0256194043905, 0.0585172250867, 0.0359658785164, 0.071660362184, 0.154614001513, 0.0669715031981, 0.0222922172397, 0.0150560187176, 0.0118868788704, 0.0678818896413, 0.139038205147, 0.0481438748538, 0.0668097957969, 0.0961731746793, 0.0291439369321, 0.0203370731324, 0.0213485918939, 0.012730657123, 0.0515095479786, 0.0997012928128, 0.0469774119556, 0.0324311703444, 0.0201842915267, 0.0188058782369, 0.0619456805289, 0.103204980493, 0.0377336628735, 0.0314480736852, 0.0464805476367, 0.0221202019602, 0.0205286014825, 0.0323116369545, 0.0209180191159, 0.0442381240427], "mean": [0.146230638027, 0.0835272669792, 0.0726142153144, 0.107966639102, 0.096143335104, 0.216732159257, 0.344329893589, 0.203782349825, 0.0595480799675, 0.0369016379118, 0.0420976988971, 0.190501108766, 0.297219693661, 0.180275082588, 0.167922183871, 0.200570195913, 0.103016205132, 0.0553795211017, 0.0535102374852, 0.0488382205367, 0.137144207954, 0.203551873565, 0.133498430252, 0.0723764970899, 0.0577682293952, 0.0656064078212, 0.181178763509, 0.249985635281, 0.145773634315, 0.0934592634439, 0.102692469954, 0.0695263892412, 0.0717103555799, 0.0913942232728, 0.0736142918468, 0.115636624396]}, "tuning_equal_tempered_deviation": 0.0362483412027, "chords_changes_rate": 0.053708832711, "key_key": "B", "tuning_diatonic_strength": 0.545363545418, "key_scale": "minor", "chords_number_rate": 0.00184672209434, "tuning_frequency": 445.112548828, "tuning_nontempered_energy_ratio": 0.673908889294, "chords_histogram": [20.1446590424, 10.2800865173, 6.44813776016, 11.5727920532, 1.92366886139, 4.78608798981, 0.89258235693, 3.24715304375, 0.677131414413, 14.7429981232, 2.80086183548, 2.97014474869, 0.353955060244, 0, 0.0923361033201, 0, 0.200061559677, 0.18467220664, 0, 0, 0.32317635417, 0.0615574009717, 13.9427518845, 4.35518598557], "key_strength": 0.752856612206, "chords_key": "B", "chords_strength": {"dmean2": 0.00753617519513, "median": 0.510856628418, "min": 0.23969297111, "dvar2": 5.06067153765e-05, "dvar": 5.67730494367e-05, "dmean": 0.00916359014809, "max": 0.830449998379, "var": 0.00949564296752, "mean": 0.51447057724}, "chords_scale": "minor", "hpcp_entropy": {"dmean2": 0.911627948284, "median": 1.72945678234, "min": 0.0345349349082, "dvar2": 0.543248414993, "dvar": 0.197650685906, "dmean": 0.536554634571, "max": 4.25741577148, "var": 0.475801497698, "mean": 1.72746288776}}, "metadata": {"audio_properties": {"equal_loudness": 0, "codec": "flac", "downmix": "mix", "sample_rate": 44100, "analysis_sample_rate": 44100, "bit_rate": 0, "md5_encoded": "7f8da374a7f86b65cb7769f188fe01c3", "length": 301.693328857, "replay_gain": 1.98761558533, "lossless": true}, "version": {"essentia_build_sha": "70f2e5ece6736b2c40cc944ad0e695b16b925413", "essentia": "2.1-beta2", "extractor": "music 1.0", "essentia_git_sha": "v2.1_beta2"}, "tags": {"title": ["Messa \u00ed H-moll: Gloria: (Aria Alto) Qui sedes ad dextram Patris"], "barcode": ["5710351120870"], "media": ["CD"], "albumartist": ["Johann Sebastian Bach; The Polyphonic Choir, The Iceland Symphony Orchestra"], "tracktotal": ["12"], "language": ["lat"], "performer": ["Sinf\u00f3n\u00eduhlj\u00f3msveit \u00cdslands (orchestra)", "Bernadette Manca di Nissa (alto vocals)"], "releasetype": ["album"], "musicbrainz_recordingid": ["1bf407d1-fb7a-4cc0-967a-be87998e1878"], "composer": ["Johann Sebastian Bach"], "musicbrainz_releasegroupid": ["eeb0674a-3512-4bdc-a974-0d0f0af5895e"], "originalyear": ["2007"], "musicbrainz_releasetrackid": ["a33abb9f-da3d-433e-b730-ef63399c3591"], "discnumber": ["1"], "composersort": ["Bach, Johann Sebastian"], "catalognumber": ["POL 011-012"], "releasecountry": ["IS"], "isrc": ["ISV170700110"], "musicbrainz_albumartistid": ["24f1766e-9635-4d58-a4d4-9413f9f98a4c", "7f396ebd-8b56-4223-ba2d-fab5c480ff0b", "cc40ae57-e255-4c49-917d-3a957bc0f267"], "work": ["h-Moll-Messe, BWV 232: I. Missa: X. Qui sedes ad dextram Patris"], "date": ["2007"], "file_name": "CD1-10 - Messa \u00ed H-moll_ Gloria_ (Aria Alto) Qui sedes ad dextram Patris.flac", "musicbrainz_albumid": ["880c2025-7e7b-43e4-b7c9-1d51b04a53b6"], "disctotal": ["2"], "albumartistsort": ["Bach, Johann Sebastian; P\u00f3lyf\u00f3nk\u00f3rinn, Sinf\u00f3n\u00eduhlj\u00f3msveit \u00cdslands"], "releasestatus": ["official"], "musicbrainz_artistid": ["24f1766e-9635-4d58-a4d4-9413f9f98a4c"], "originaldate": ["2007"], "musicbrainz_workid": ["7e63e315-a539-3031-8e79-5e7387b19594"], "artist": ["Johann Sebastian Bach"], "tracknumber": ["10"], "artistsort": ["Bach, Johann Sebastian"], "album": ["Mass in B minor"], "label": ["P\u00f3l\u00fdf\u00f3nk\u00f3rinn"], "totaltracks": ["12"], "totaldiscs": ["2"], "script": ["Latn"], "conductor": ["Ing\u00f3lfur Gu\u00f0brandsson"]}}, "rhythm": {"bpm_histogram_first_peak_bpm": {"dmean2": 0, "median": 115, "min": 115, "dvar2": 0, "dvar": 0, "dmean": 0, "max": 115, "var": 0, "mean": 115}, "bpm": 114.524581909, "bpm_histogram_second_peak_spread": {"dmean2": 0, "median": 0.33333337307, "min": 0.33333337307, "dvar2": 0, "dvar": 0, "dmean": 0, "max": 0.33333337307, "var": 0, "mean": 0.33333337307}, "bpm_histogram_first_peak_weight": {"dmean2": 0, "median": 0.213921904564, "min": 0.213921904564, "dvar2": 0, "dvar": 0, "dmean": 0, "max": 0.213921904564, "var": 0, "mean": 0.213921904564}, "onset_rate": 1.34898436069, "beats_position": [0.510838985443, 1.03328800201, 1.5673469305, 2.08979582787, 2.60063481331, 3.12308382988, 3.64553284645, 4.1679816246, 4.7020406723, 5.23609972, 5.75854873657, 6.28099775314, 6.81505680084, 7.33750534058, 7.85995435715, 8.39401340485, 8.91646194458, 9.42730140686, 9.93814086914, 10.4373693466, 10.9365987778, 11.4358272552, 11.9582767487, 12.4807252884, 12.9915647507, 13.4675731659, 13.9435825348, 14.4195919037, 14.9304304123, 15.4412698746, 15.9637184143, 16.4861679077, 16.99700737, 17.5194549561, 18.0302944183, 18.5527439117, 19.0751914978, 19.5976409912, 20.1084804535, 20.6193199158, 21.1417675018, 21.6642169952, 22.1866664886, 22.6975059509, 23.2083435059, 23.7191829681, 24.2416324615, 24.7756919861, 25.3097496033, 25.8438091278, 26.3662586212, 26.8887062073, 27.4111557007, 27.9336051941, 28.4560546875, 28.9785022736, 29.500951767, 29.988571167, 30.4878005981, 30.9870281219, 31.474647522, 31.9738769531, 32.4731063843, 32.9955558777, 33.5180053711, 34.0520629883, 34.5745124817, 35.0969619751, 35.6194114685, 36.1418571472, 36.6643066406, 37.186756134, 37.7092056274, 38.2200431824, 38.7424926758, 39.2649421692, 39.7873916626, 40.3214492798, 40.8438987732, 41.3779602051, 41.88879776, 42.3996353149, 42.9104766846, 43.4213142395, 43.9321517944, 44.4429931641, 44.953830719, 45.4530601501, 45.9522895813, 46.4631271362, 46.9739685059, 47.4848060608, 47.9956436157, 48.5064849854, 49.0173225403, 49.5281639099, 50.0390014648, 50.5614509583, 51.0839004517, 51.5947380066, 52.1171875, 52.6396369934, 53.1620864868, 53.6845359802, 54.2069816589, 54.7294311523, 55.2867126465, 55.8323783875, 56.3780479431, 56.9353294373, 57.4926071167, 57.9918365479, 58.491065979, 58.9902954102, 59.4895210266, 59.9887504578, 60.4879798889, 60.9988212585, 61.5096588135, 62.0204963684, 62.5429458618, 63.0653953552, 63.5762329102, 64.1102905273, 64.6443557739, 65.1784133911, 65.7008590698, 66.234916687, 66.7573699951, 67.2914276123, 67.8254852295, 68.4292068481, 69.0329208374, 69.6366424561, 70.2403640747, 70.844078064, 71.4477996826, 72.0515213013, 72.6552352905, 73.2473449707, 73.8394546509, 74.489616394, 75.1397705078, 75.8015441895, 76.4516983032, 77.1018600464, 77.7520141602, 78.4021759033, 78.9710617065, 79.5399551392, 80.1088409424, 80.677734375, 81.2466201782, 81.7574615479, 82.256690979, 82.7559204102, 83.2435379028, 83.719543457, 84.1955566406, 84.6715621948, 85.1475753784, 85.6235809326, 86.0879821777, 86.5523757935, 87.0051651001, 87.4695663452, 87.9339675903, 88.3983688354, 88.8627624512, 89.3271636963, 89.7915649414, 90.244354248, 90.6971435547, 91.1615371704, 91.6143264771, 92.0671157837, 92.5315170288, 92.9959182739, 93.460319519, 93.9827651978, 94.5052108765, 95.1089324951, 95.7010421753, 96.281539917, 96.8504257202, 97.4309310913, 97.9998168945, 98.5803146362, 99.1492080688, 99.683265686, 100.217323303, 100.739768982, 101.273826599, 101.796279907, 102.318725586, 102.841178894, 103.375236511, 103.909294128, 104.466575623, 105.023849487, 105.59274292, 106.150024414, 106.707298279, 107.276191711, 107.845077515, 108.413963318, 108.971244812, 109.528526306, 110.039360046, 110.550201416, 111.061042786, 111.560272217, 112.071105957, 112.581947327, 113.092788696, 113.603622437, 114.114463806, 114.602081299, 115.089706421, 115.577323914, 116.053329468, 116.529342651, 116.993736267, 117.469749451, 117.945755005, 118.421768188, 118.944213867, 119.466667175, 119.989112854, 120.499954224, 121.010787964, 121.521629333, 122.044082642, 122.56652832, 123.088973999, 123.611427307, 124.133872986, 124.656326294, 125.178771973, 125.701225281, 126.223670959, 126.734512329, 127.245346069, 127.756187439, 128.267028809, 128.777862549, 129.288711548, 129.799545288, 130.310379028, 130.821228027, 131.332061768, 131.854507446, 132.353744507, 132.852966309, 133.340591431, 133.851425171, 134.37387085, 134.896316528, 135.349105835, 135.801895142, 136.254684448, 136.719085693, 137.183486938, 137.636276245, 138.089065552, 138.541854858, 138.994644165, 139.447433472, 139.88861084, 140.31817627, 140.747756958, 141.177322388, 141.606887817, 142.036453247, 142.454421997, 142.918823242, 143.394821167, 143.870834351, 144.358459473, 144.846069336, 145.333694458, 145.82131958, 146.308929443, 146.796554565, 147.284164429, 147.760177612, 148.236190796, 148.747024536, 149.257858276, 149.768707275, 150.209884644, 150.639450073, 151.069015503, 151.579864502, 152.079086304, 152.578323364, 153.089157104, 153.599990845, 154.087615967, 154.586837769, 155.086074829, 155.585296631, 156.084533691, 156.60697937, 157.129425049, 157.651885986, 158.162719727, 158.673553467, 159.195999146, 159.718460083, 160.240905762, 160.76335144, 161.285797119, 161.819854736, 162.353912354, 162.887985229, 163.422042847, 163.956100464, 164.50177002, 165.047439575, 165.593109131, 166.127166748, 166.661224365, 167.195281982, 167.7293396, 168.228561401, 168.727798462, 169.227020264, 169.691421509, 170.155822754, 170.620223999, 171.084625244, 171.549026489, 172.001815796, 172.466217041, 172.930603027, 173.383392334, 173.836181641, 174.288970947, 174.741760254, 175.194549561, 175.717010498, 176.251068115, 176.785125732, 177.330795288, 177.876464844, 178.410522461, 178.944580078, 179.478637695, 180.012695312, 180.54675293, 181.080810547, 181.603256226, 182.125717163, 182.648162842, 183.193832397, 183.739501953, 184.285171509, 184.819229126, 185.353286743, 185.88734436, 186.421401978, 186.955459595, 187.477905273, 188.000366211, 188.52281189, 189.045257568, 189.567703247, 190.090148926, 190.612609863, 191.135055542, 191.669113159, 192.191558838, 192.725616455, 193.259674072, 193.78213501, 194.304580688, 194.827026367, 195.349472046, 195.871917725, 196.394378662, 196.905212402, 197.416046143, 197.926895142, 198.437728882, 198.948562622, 199.459411621, 199.970245361, 200.481079102, 201.003540039, 201.525985718, 202.060043335, 202.570877075, 203.093322754, 203.615783691, 204.126617432, 204.64906311, 205.183120728, 205.717178345, 206.239639282, 206.762084961, 207.28453064, 207.818588257, 208.341033936, 208.863494873, 209.39755249, 209.931610107, 210.465667725, 210.999725342, 211.510559082, 212.021408081, 212.520629883, 213.031463623, 213.542312622, 214.053146362, 214.552383423, 215.039993286, 215.608886719, 216.166168213, 216.723449707, 217.292327881, 217.872833252, 218.453323364, 219.033828735, 219.614334106, 220.171600342, 220.717269897, 221.262939453, 221.785385132, 222.307846069, 222.830291748, 223.364349365, 223.898406982, 224.420852661, 224.954910278, 225.488967896, 226.023040771, 226.557098389, 227.102767944, 227.6484375, 228.182495117, 228.716552734, 229.250610352, 229.784667969, 230.330337524, 230.852783203, 231.375228882, 231.886077881, 232.385299683, 232.896133423, 233.360534668, 233.824935913, 234.289337158, 234.753738403, 235.218139648, 235.670928955, 236.123718262, 236.576507568, 237.029296875, 237.49369812, 237.865203857, 238.236724854, 238.60824585, 238.979766846, 239.351287842, 239.722808838, 240.094329834, 240.477462769, 240.860580444, 241.243713379, 241.615234375, 241.975143433, 242.427932739, 242.880722046, 243.345123291, 243.809524536, 244.285522461, 244.761535645, 245.3072052, 245.841262817, 246.375320435, 246.909378052, 247.455047607, 248.000717163, 248.53477478, 249.068832397, 249.602905273, 250.136962891, 250.671020508, 251.147018433, 251.611419678, 252.087432861, 252.563446045, 253.085891724, 253.619949341, 254.165618896, 254.699676514, 255.233734131, 255.767791748, 256.301849365, 256.835906982, 257.3699646, 257.904022217, 258.438079834, 258.983764648, 259.529418945, 260.086700439, 260.643981934, 261.201263428, 261.758544922, 262.315826416, 262.87310791, 263.430389404, 263.976043701, 264.510101318, 265.055786133, 265.613067627, 266.19354248, 266.774047852, 267.354553223, 267.935058594, 268.515563965, 269.096038818, 269.688171387, 270.280273438, 270.895599365, 271.510925293, 272.079803467, 272.648712158, 273.217590332, 273.74005127, 274.262481689, 274.784942627, 275.307373047, 275.818237305, 276.329071045, 276.874725342, 277.408782959, 277.919647217, 278.442077637, 278.964538574, 279.521820068, 280.079101562, 280.636352539, 281.182037354, 281.716094971, 282.261749268, 282.819030762, 283.376312256, 283.93359375, 284.490875244, 285.048156738, 285.570617676, 286.081451416, 286.592285156, 287.103118896, 287.613952637, 288.124816895, 288.554382324, 288.972320557, 289.390289307, 289.819854736, 290.249420166, 290.678985596, 291.108551025, 291.538146973, 291.956085205, 292.374053955, 292.757171631, 293.151916504, 293.546661377, 293.94140625, 294.336151123, 294.730865479, 295.114013672, 295.508758545, 295.9034729, 296.298217773, 296.692962646, 297.076080322, 297.459228516, 297.842346191, 298.225494385, 298.608612061, 298.991729736, 299.37487793, 299.769622803, 300.164337158, 300.547485352, 300.930603027], "beats_loudness": {"dmean2": 0.0190400090069, "median": 0.0115391612053, "min": 4.82109180666e-06, "dvar2": 0.000883331114892, "dvar": 0.000343635561876, "dmean": 0.0114469584078, "max": 0.245234802365, "var": 0.000416900904384, "mean": 0.0169639252126}, "danceability": 0.848905980587, "bpm_histogram_second_peak_weight": {"dmean2": 0, "median": 0.0543293729424, "min": 0.0543293729424, "dvar2": 0, "dvar": 0, "dmean": 0, "max": 0.0543293729424, "var": 0, "mean": 0.0543293729424}, "beats_count": 590, "bpm_histogram_second_peak_bpm": {"dmean2": 0, "median": 120, "min": 120, "dvar2": 0, "dvar": 0, "dmean": 0, "max": 120, "var": 0, "mean": 120}, "bpm_histogram_first_peak_spread": {"dmean2": 0, "median": 0.58139538765, "min": 0.58139538765, "dvar2": 0, "dvar": 0, "dmean": 0, "max": 0.58139538765, "var": 0, "mean": 0.58139538765}, "beats_loudness_band_ratio": {"dmean2": [0.151895865798, 0.240486115217, 0.301868468523, 0.316000133753, 0.121310450137, 0.0282346010208], "median": [0.0436697229743, 0.115821033716, 0.245076686144, 0.29990658164, 0.0592756308615, 0.00664453860372], "min": [0.000127808511024, 3.97489202442e-05, 0.00566939590499, 0.00307472911663, 0.000538395601325, 6.14161399426e-05], "dvar2": [0.0322528705001, 0.0482812002301, 0.0649340748787, 0.0716684013605, 0.0199880935252, 0.00308008329011], "dvar": [0.0125098116696, 0.0185391474515, 0.027209257707, 0.0310479141772, 0.00723536266014, 0.00105367181823], "dmean": [0.0890925750136, 0.140000388026, 0.178164839745, 0.188514947891, 0.0696367993951, 0.0155801549554], "max": [0.958007693291, 0.838492870331, 0.982872724533, 0.974852859974, 0.571841418743, 0.327286094427], "var": [0.0269452724606, 0.0271462742239, 0.0545723997056, 0.0688689723611, 0.00932452175766, 0.000763489922974], "mean": [0.107712596655, 0.168001160026, 0.306719124317, 0.349841862917, 0.0928576141596, 0.0154826063663]}}, "lowlevel": {"barkbands_spread": {"dmean2": 4.25621032715, "median": 11.2043972015, "min": 0.0899967029691, "dvar2": 21.706029892, "dvar": 8.50689983368, "dmean": 2.72292566299, "max": 67.3064651489, "var": 38.8670501709, "mean": 11.9415340424}, "melbands_spread": {"dmean2": 7.08258628845, "median": 17.7384967804, "min": 0.297415345907, "dvar2": 57.3795471191, "dvar": 21.7586460114, "dmean": 4.45329761505, "max": 105.288925171, "var": 82.9516220093, "mean": 18.5621700287}, "hfc": {"dmean2": 6.61879253387, "median": 8.97592926025, "min": 0.00179730460513, "dvar2": 170.357437134, "dvar": 70.2282791138, "dmean": 4.43964576721, "max": 348.55770874, "var": 376.407836914, "mean": 14.3593940735}, "barkbands_kurtosis": {"dmean2": 3.52997255325, "median": 0.422906756401, "min": -1.9063782692, "dvar2": 145.986022949, "dvar": 50.7826080322, "dmean": 2.19777154922, "max": 448.846252441, "var": 82.8326339722, "mean": 2.54457354546}, "gfcc": {"mean": [-107.179916382, 129.255752563, -159.757720947, -12.0962028503, -43.796333313, -10.932091713, -35.4433021545, -0.28267994523, -17.5544166565, -5.00764513016, 0.642496585846, -1.46840941906, -15.9180679321], "icov": [[0.00185972591862, -0.00309615838341, 0.00385339744389, -0.00277624512091, 0.00351550849155, -0.00315626361407, 0.0023694448173, -0.00168553704862, 0.00133370433468, -0.000385111983633, -0.000289935240289, 0.00140814215411, 6.08072186878e-05], [-0.00309615838341, 0.00794448144734, -0.0069344099611, 0.00555120734498, -0.0070099583827, 0.00747305061668, -0.0053206984885, 0.00580295268446, -0.0027117470745, 0.00280298059806, -0.000431271269917, -0.000781194132287, -0.000449532904895], [0.00385339744389, -0.0069344099611, 0.00964486133307, -0.00668406952173, 0.00784619245678, -0.00744715379551, 0.00565584981814, -0.00501658767462, 0.00418721558526, -0.00212614890188, 0.00135026348289, 0.000975211616606, 0.00125027552713], [-0.00277624512091, 0.00555120734498, -0.00668406952173, 0.00829077884555, -0.00580727728084, 0.00526296813041, -0.00277903187089, 0.00270966952667, -0.0022657031659, 0.00168641353957, 0.00149578822311, -0.00156047008932, -0.000245413830271], [0.00351550849155, -0.0070099583827, 0.00784619245678, -0.00580727728084, 0.0118460888043, -0.00732255494222, 0.00481444131583, -0.00404420727864, 0.00265492475592, -0.00234665325843, 6.48796340101e-05, 0.00160579197109, 0.00107752147596], [-0.00315626361407, 0.00747305061668, -0.00744715379551, 0.00526296813041, -0.00732255494222, 0.0132840899751, -0.00791415385902, 0.00567835988477, -0.00168380874675, 0.000667376443744, 0.00137407029979, -0.00303334067576, 0.000939571997151], [0.0023694448173, -0.0053206984885, 0.00565584981814, -0.00277903187089, 0.00481444131583, -0.00791415385902, 0.0110867237672, -0.00729255052283, 0.00644254265353, -0.00348557624966, 0.00144419737626, 0.00119289732538, -0.0012723186519], [-0.00168553704862, 0.00580295268446, -0.00501658767462, 0.00270966952667, -0.00404420727864, 0.00567835988477, -0.00729255052283, 0.0162180755287, -0.0116860233247, 0.0083289295435, -0.00547723192722, 0.00261701829731, -0.000994997681119], [0.00133370433468, -0.0027117470745, 0.00418721558526, -0.0022657031659, 0.00265492475592, -0.00168380874675, 0.00644254265353, -0.0116860233247, 0.0197181627154, -0.0124593740329, 0.00398143846542, -0.00144837214611, 0.00474925665185], [-0.000385111983633, 0.00280298059806, -0.00212614890188, 0.00168641353957, -0.00234665325843, 0.000667376443744, -0.00348557624966, 0.0083289295435, -0.0124593740329, 0.0157554019243, -0.00456848787144, 0.00325923622586, -0.00466191302985], [-0.000289935240289, -0.000431271269917, 0.00135026348289, 0.00149578822311, 6.48796340101e-05, 0.00137407029979, 0.00144419737626, -0.00547723192722, 0.00398143846542, -0.00456848787144, 0.0154210608453, -0.0103600602597, 0.00873242598027], [0.00140814215411, -0.000781194132287, 0.000975211616606, -0.00156047008932, 0.00160579197109, -0.00303334067576, 0.00119289732538, 0.00261701829731, -0.00144837214611, 0.00325923622586, -0.0103600602597, 0.017240524292, -0.010904786177], [6.08072186878e-05, -0.000449532904895, 0.00125027552713, -0.000245413830271, 0.00107752147596, 0.000939571997151, -0.0012723186519, -0.000994997681119, 0.00474925665185, -0.00466191302985, 0.00873242598027, -0.010904786177, 0.0175497271121]], "cov": [[5693.76611328, 895.07989502, -1702.75415039, -95.4208984375, -207.349960327, -330.781158447, -189.491912842, -94.175567627, -67.4658126831, -251.561935425, 117.096443176, -359.998046875, -195.987472534], [895.07989502, 815.128845215, -80.4545440674, -136.356185913, 67.1398162842, -122.019508362, 39.7151145935, -181.483505249, -168.449737549, -127.845977783, -31.8717918396, -46.3515052795, 15.2852363586], [-1702.75415039, -80.4545440674, 1077.17919922, 253.536407471, -51.4468612671, 164.347167969, 22.5583095551, -38.0006027222, -93.7052154541, -11.0514631271, -143.862930298, 90.3241577148, 74.6154251099], [-95.4208984375, -136.356185913, 253.536407471, 361.017364502, -9.20644664764, 6.92210817337, -64.2338256836, 21.5370178223, 14.0131959915, -15.8270559311, -65.623260498, -14.4156093597, -3.71810913086], [-207.349960327, 67.1398162842, -51.4468612671, -9.20644664764, 224.282043457, 24.3163452148, 13.5920963287, -10.5912246704, 11.8716917038, 26.5187416077, 3.98965406418, 0.24538180232, -6.71373939514], [-330.781158447, -122.019508362, 164.347167969, 6.92210817337, 24.3163452148, 281.872161865, 141.06842041, -61.5566253662, -77.7059173584, 20.1604118347, -59.2236862183, 56.5177078247, 67.5331115723], [-189.491912842, 39.7151145935, 22.5583095551, -64.2338256836, 13.5920963287, 141.06842041, 265.270385742, -22.5607223511, -95.991859436, -7.81515836716, -39.4218444824, 35.5591430664, 74.3457794189], [-94.175567627, -181.483505249, -38.0006027222, 21.5370178223, -10.5912246704, -61.5566253662, -22.5607223511, 232.126525879, 144.937103271, 15.3215265274, 71.0655441284, -38.9024505615, -80.529045105], [-67.4658126831, -168.449737549, -93.7052154541, 14.0131959915, 11.8716917038, -77.7059173584, -95.991859436, 144.937103271, 238.023971558, 110.534126282, 56.2317733765, -46.0237045288, -84.1484069824], [-251.561935425, -127.845977783, -11.0514631271, -15.8270559311, 26.5187416077, 20.1604118347, -7.81515836716, 15.3215265274, 110.534126282, 166.902252197, 21.5748062134, 5.90851020813, 3.11704778671], [117.096443176, -31.8717918396, -143.862930298, -65.623260498, 3.98965406418, -59.2236862183, -39.4218444824, 71.0655441284, 56.2317733765, 21.5748062134, 169.746810913, 38.3601760864, -57.9072570801], [-359.998046875, -46.3515052795, 90.3241577148, -14.4156093597, 0.24538180232, 56.5177078247, 35.5591430664, -38.9024505615, -46.0237045288, 5.90851020813, 38.3601760864, 166.851303101, 89.3676300049], [-195.987472534, 15.2852363586, 74.6154251099, -3.71810913086, -6.71373939514, 67.5331115723, 74.3457794189, -80.529045105, -84.1484069824, 3.11704778671, -57.9072570801, 89.3676300049, 158.248214722]]}, "spectral_energyband_middle_low": {"dmean2": 0.005666884128, "median": 0.0041518593207, "min": 5.05679224716e-07, "dvar2": 0.000232388090808, "dvar": 8.21230496513e-05, "dmean": 0.0035142027773, "max": 0.31204906106, "var": 0.000176455054316, "mean": 0.00798744894564}, "melbands_crest": {"dmean2": 5.31574726105, "median": 13.2753791809, "min": 3.92910981178, "dvar2": 23.2831001282, "dvar": 9.37252998352, "dmean": 3.35972476006, "max": 35.7420043945, "var": 39.110206604, "mean": 14.6586179733}, "spectral_kurtosis": {"dmean2": 9.33293628693, "median": 12.240486145, "min": -1.06594705582, "dvar2": 78.1321716309, "dvar": 25.4132099152, "dmean": 5.27175807953, "max": 85.8467102051, "var": 74.8323669434, "mean": 14.1114711761}, "spectral_rms": {"dmean2": 0.000813753635157, "median": 0.00316378986463, "min": 5.2629471611e-05, "dvar2": 1.08814867872e-06, "dvar": 4.31194564499e-07, "dmean": 0.000540886539966, "max": 0.0190262570977, "var": 3.65032974514e-06, "mean": 0.00339267216623}, "zerocrossingrate": {"dmean2": 0.00583686260507, "median": 0.0478515625, "min": 0.009765625, "dvar2": 4.30157124356e-05, "dvar": 2.71741209872e-05, "dmean": 0.00454038055614, "max": 0.216796875, "var": 0.00020194798708, "mean": 0.049028262496}, "silence_rate_60dB": {"dmean2": 0.0508004911244, "median": 0, "min": 0, "dvar2": 0.0572998449206, "dvar": 0.0247510224581, "dmean": 0.0253982916474, "max": 1, "var": 0.133150070906, "mean": 0.158149912953}, "erbbands_kurtosis": {"dmean2": 2.65273833275, "median": 0.3195977211, "min": -1.89995276928, "dvar2": 26.9335842133, "dvar": 11.685790062, "dmean": 1.72660672665, "max": 155.535720825, "var": 30.4206237793, "mean": 1.9306589365}, "erbbands": {"dmean2": [0.0015475647524, 0.0188485719264, 0.109240300953, 0.321583330631, 0.865200638771, 1.09887564182, 2.12730717659, 6.16542673111, 16.6389045715, 46.8777618408, 59.5710678101, 33.5185241699, 9.82334041595, 16.6053905487, 71.7003250122, 54.2085189819, 33.8533706665, 36.4687347412, 23.4003810883, 14.123249054, 9.75097370148, 14.9616298676, 13.570810318, 12.4876785278, 4.12264537811, 0.893358230591, 0.237880423665, 0.104567028582, 0.0667681917548, 0.0650025382638, 0.0486337020993, 0.0453420877457, 0.0412549823523, 0.0127376057208, 0.00444097956643, 0.00125081092119, 0.000264420581516, 5.70026459172e-05, 7.83462019172e-06, 9.26625034481e-06], "median": [0.000825532595627, 0.00926946289837, 0.0643246099353, 0.189507305622, 0.403621673584, 0.767560601234, 1.63815808296, 4.16767120361, 6.52314996719, 10.3033332825, 8.79259490967, 3.78668260574, 4.35793352127, 6.48068618774, 15.2419261932, 18.9541740417, 12.3372364044, 11.8259859085, 6.39788722992, 5.03467845917, 5.66777038574, 4.85394287109, 3.54957008362, 2.61720275879, 1.2652027607, 0.426685631275, 0.145757600665, 0.0629825219512, 0.0388021543622, 0.0316276848316, 0.016572766006, 0.0104715088382, 0.00645230244845, 0.00247125606984, 0.0011608642526, 0.000479153037304, 0.000176912959432, 0.000116358991363, 1.73777007149e-05, 1.31678443722e-05], "min": [3.77528158424e-06, 1.53856799443e-05, 7.17708462616e-05, 5.77258106205e-05, 0.000142325181514, 0.00020141202549, 0.000345189735526, 0.000314018776407, 0.000232504316955, 0.000107951840619, 0.000247741380008, 0.000323302927427, 0.000365555257304, 0.000394273462007, 0.000224000934395, 0.000168329090229, 0.000200810987735, 0.000266069342615, 0.000292220676783, 0.00018014505622, 0.00020658300491, 0.000310418079607, 0.00032678534626, 0.000240850800765, 0.000143433615449, 0.000212646715227, 0.000167174570379, 0.000115834751341, 0.000118452313473, 0.000103828700958, 0.000103578822745, 7.90006379248e-05, 6.66466512484e-05, 5.79813568038e-05, 5.89208539168e-05, 4.55099689134e-05, 2.70223754342e-05, 1.07152982309e-05, 2.16602757064e-06, 2.17801044755e-07], "dvar2": [7.50734943722e-06, 0.00134073069785, 0.0520766973495, 0.548249006271, 5.16122484207, 5.28411722183, 22.461681366, 176.276672363, 2201.47290039, 20601.1875, 50165.875, 98984.15625, 941.474365234, 1806.10900879, 54974.1328125, 20231.4941406, 8127.30957031, 12768.2861328, 12229.9921875, 1727.53869629, 981.717834473, 2917.74804688, 4527.08105469, 2247.24438477, 273.436126709, 7.37102174759, 0.379687070847, 0.0873880907893, 0.0312941409647, 0.0503038950264, 0.0889559313655, 0.127827078104, 0.18405610323, 0.0198141504079, 0.00251593673602, 0.000244574650424, 9.39558231039e-06, 1.81580716685e-07, 1.70522818088e-09, 3.63171576145e-10], "dvar": [3.07490608975e-06, 0.000541204761248, 0.0217034462839, 0.239576026797, 3.22363209724, 3.05029654503, 14.8349733353, 79.402961731, 837.667358398, 7773.21875, 17378.5351562, 34877.0820312, 390.243713379, 1057.53283691, 26418.1113281, 8978.56542969, 3344.64135742, 5119.69824219, 4892.74804688, 703.331054688, 329.383666992, 1229.42236328, 1618.50012207, 914.339538574, 115.913139343, 2.82062125206, 0.150470986962, 0.0345110855997, 0.0138382920995, 0.02766305767, 0.0524610467255, 0.082183599472, 0.0895651206374, 0.00978469848633, 0.00126960850321, 0.000112340123451, 4.32913475379e-06, 7.97549262188e-08, 7.14897752108e-10, 1.39097525165e-10], "dmean": [0.000947050808463, 0.0121677517891, 0.0736983865499, 0.230564489961, 0.684320867062, 0.844179868698, 1.5568343401, 4.22934246063, 10.5403909683, 29.1008815765, 36.1518135071, 20.8889541626, 6.41619443893, 12.2430181503, 51.4106712341, 36.2316818237, 21.8147830963, 22.8051700592, 14.6523475647, 8.85568237305, 5.92152309418, 9.37183761597, 8.19731235504, 7.8332901001, 2.64539361, 0.542448103428, 0.144772320986, 0.0648202300072, 0.0430688224733, 0.0452908240259, 0.0363041386008, 0.03492211923, 0.0311551839113, 0.00962156336755, 0.00326188770123, 0.000891993113328, 0.000181176452315, 3.70401394321e-05, 5.17818489243e-06, 6.05365494266e-06], "max": [0.111499607563, 0.745654702187, 6.95916175842, 13.9266748428, 95.2795257568, 66.0349807739, 220.060562134, 330.838500977, 901.639160156, 2780.65698242, 3343.5390625, 8739.00976562, 699.190612793, 1355.62597656, 6925.66552734, 3792.04394531, 2006.10925293, 2789.20092773, 3271.58935547, 1032.07409668, 1308.66186523, 1177.61254883, 2903.51245117, 1005.87896729, 497.91708374, 62.4785232544, 20.6876049042, 8.33292388916, 3.98153853416, 7.51251649857, 10.6427497864, 16.1365966797, 15.9862136841, 5.15280532837, 2.28774905205, 0.65649586916, 0.144271031022, 0.0208427440375, 0.00201516854577, 0.000446242862381], "var": [2.62336670858e-05, 0.00270063034259, 0.0981814339757, 1.26293802261, 27.780008316, 27.4114017487, 63.3659629822, 297.381225586, 1613.24487305, 16151.2480469, 31628.7265625, 55912.9179688, 732.127807617, 4141.31005859, 77923.4609375, 27520.9648438, 7857.30175781, 10842.2509766, 12330.8779297, 1646.13513184, 481.320251465, 2853.09033203, 3438.22167969, 2716.69335938, 378.065765381, 8.02713871002, 0.505525112152, 0.120677955449, 0.0584682188928, 0.11911675334, 0.173881322145, 0.267323076725, 0.188047036529, 0.0211206637323, 0.00294880592264, 0.00018653110601, 5.87151498621e-06, 9.82819017281e-08, 9.54002765674e-10, 5.43933453834e-10], "mean": [0.00192153209355, 0.0264524780214, 0.163817062974, 0.61596673727, 2.08450937271, 2.54722738266, 3.68574285507, 9.12385177612, 18.8125495911, 48.4705696106, 57.8472747803, 31.6988487244, 11.5717763901, 26.8752689362, 102.796798706, 71.2576980591, 41.4851646423, 38.6449508667, 26.1016654968, 16.029302597, 11.267241478, 17.4700641632, 17.0830459595, 15.7541513443, 5.82039690018, 1.20719099045, 0.362194895744, 0.169791221619, 0.116845585406, 0.112999483943, 0.0810138210654, 0.0742837786674, 0.0570920296013, 0.0184193309397, 0.00611585378647, 0.00162810028996, 0.000385302817449, 0.000142753851833, 2.24402811e-05, 1.94706390175e-05]}, "spectral_strongpeak": {"dmean2": 1.26496529579, "median": 1.47419071198, "min": 0, "dvar2": 2.194034338, "dvar": 0.934267580509, "dmean": 0.804444372654, "max": 16.1939754486, "var": 3.24984312057, "mean": 1.97317612171}, "spectral_energy": {"dmean2": 0.00789035484195, "median": 0.0102598052472, "min": 2.83910799226e-06, "dvar2": 0.000270496297162, "dvar": 0.000102702768345, "dmean": 0.00513490475714, "max": 0.37104845047, "var": 0.000372468028218, "mean": 0.0155396088958}, "average_loudness": 0.0930944979191, "spectral_rolloff": {"dmean2": 416.857879639, "median": 1205.859375, "min": 43.06640625, "dvar2": 428536, "dvar": 163975.953125, "dmean": 234.111465454, "max": 9087.01171875, "var": 349275.125, "mean": 1321.59289551}, "spectral_centroid": {"dmean2": 236.905136108, "median": 1082.0267334, "min": 242.693771362, "dvar2": 69030.8828125, "dvar": 26069.5878906, "dmean": 148.282928467, "max": 2791.04101562, "var": 140227.90625, "mean": 1129.50634766}, "pitch_salience": {"dmean2": 0.104323931038, "median": 0.484102189541, "min": 0.0585843063891, "dvar2": 0.00847240630537, "dvar": 0.00325369276106, "dmean": 0.0654394701123, "max": 0.857958734035, "var": 0.0119733065367, "mean": 0.48043307662}, "spectral_energyband_middle_high": {"dmean2": 0.00392928114161, "median": 0.00432020239532, "min": 1.14067489676e-07, "dvar2": 5.5063777836e-05, "dvar": 2.62885805569e-05, "dmean": 0.00271512498148, "max": 0.182368144393, "var": 0.000101885445474, "mean": 0.00730534782633}, "spectral_contrast_coeffs": {"dmean2": [0.0643679499626, 0.0708168819547, 0.0580702237785, 0.0490355156362, 0.033156145364, 0.0186283979565], "median": [-0.637071013451, -0.674800932407, -0.675485610962, -0.68784403801, -0.715963244438, -0.794595479965], "min": [-0.917646169662, -0.9452252388, -0.949435412884, -0.931671261787, -0.918021917343, -0.897901713848], "dvar2": [0.00257516116835, 0.00349005893804, 0.00222110468894, 0.00148944649845, 0.000666159146931, 0.000216017753701], "dvar": [0.00098536349833, 0.00131068669725, 0.000914475065656, 0.000587860820815, 0.000262740068138, 8.28142801765e-05], "dmean": [0.039857249707, 0.0437251143157, 0.0372975878417, 0.0304905418307, 0.0206341557205, 0.0113825984299], "max": [-0.328618526459, -0.269147396088, -0.25036919117, -0.376313835382, -0.446848332882, -0.664704799652], "var": [0.0106344940141, 0.00980928726494, 0.00981235411018, 0.0070618847385, 0.00654819374904, 0.00132937775925], "mean": [-0.639810919762, -0.664119064808, -0.671135127544, -0.689571738243, -0.713182330132, -0.793847978115]}, "melbands_skewness": {"dmean2": 0.875411450863, "median": 0.915929436684, "min": -4.63771152496, "dvar2": 0.841333150864, "dvar": 0.320635765791, "dmean": 0.565785169601, "max": 14.3181295395, "var": 2.23468494415, "mean": 1.04546034336}, "spectral_spread": {"dmean2": 337650, "median": 2109990.75, "min": 1030258.4375, "dvar2": 113704509440, "dvar": 65303134208, "dmean": 213040.625, "max": 12198153, "var": 1325689077760.0, "mean": 2404709.25}, "dissonance": {"dmean2": 0.0545733086765, "median": 0.444305896759, "min": 0.134669482708, "dvar2": 0.00284269265831, "dvar": 0.00100257899612, "dmean": 0.0319761261344, "max": 0.5, "var": 0.00226362468675, "mean": 0.433468014002}, "spectral_skewness": {"dmean2": 0.745472729206, "median": 2.22628903389, "min": 0.0230790376663, "dvar2": 0.444367051125, "dvar": 0.144967108965, "dmean": 0.425364971161, "max": 7.78023719788, "var": 0.621930539608, "mean": 2.34838604927}, "spectral_flux": {"dmean2": 0.0230635777116, "median": 0.0427803397179, "min": 0.000836816092487, "dvar2": 0.000761228962801, "dvar": 0.0002725867962, "dmean": 0.0136447576806, "max": 0.365315139294, "var": 0.00128692295402, "mean": 0.05004850775}, "spectral_contrast_valleys": {"dmean2": [0.616373956203, 0.464093506336, 0.4083122015, 0.333868592978, 0.230470627546, 0.181184574962], "median": [-8.87198448181, -7.1899471283, -8.04462051392, -8.6556558609, -8.93712806702, -12.1787595749], "min": [-11.3201475143, -11.58543396, -11.9024848938, -12.3829832077, -12.2183761597, -14.1442365646], "dvar2": [0.23680755496, 0.138842478395, 0.101329416037, 0.0686557665467, 0.0329216569662, 0.0317134186625], "dvar": [0.0819752067327, 0.0515109673142, 0.0388762392104, 0.0269732549787, 0.0132737690583, 0.018172044307], "dmean": [0.364277839661, 0.284388065338, 0.24738843739, 0.204646080732, 0.144806861877, 0.123325884342], "max": [-6.50608158112, -5.3577337265, -5.977684021, -6.39670848846, -6.89770936966, -8.78017425537], "var": [0.543841719627, 1.02324581146, 0.831759572029, 0.768285095692, 0.60698980093, 0.353965550661], "mean": [-8.89904499054, -7.4056763649, -8.21319389343, -8.81098270416, -9.05294513702, -12.1340398788]}, "erbbands_flatness_db": {"dmean2": 0.0282775294036, "median": 0.27126082778, "min": 0.0378449633718, "dvar2": 0.000683249905705, "dvar": 0.000303965731291, "dmean": 0.018988866359, "max": 0.560841858387, "var": 0.00455736275762, "mean": 0.271980166435}, "spectral_energyband_high": {"dmean2": 1.32805098474e-05, "median": 9.18439491215e-06,