{"metadata": {"tags": {"album": ["Global UndergroundShanghai"], "albumartist": ["Nick Warren"], "musicbrainz_recordingid": ["1bfa596c-08a1-4b6c-8018-6a02f6d3c98d"], "artist": ["Nick Warren"], "date": ["2005"], "tracknumber": ["1"], "title": ["Fat Cat"], "file_name": "71504.mp3"}, "audio_properties": {"sample_rate": 44100, "downmix": "mix", "lossless": false, "analysis_sample_rate": 44100, "md5_encoded": "31e0e297c1044c76473498e44cc67e08", "equal_loudness": 0, "replay_gain": -13.7135620117, "codec": "mp3", "bit_rate": 192000, "length": 469.002441406}, "version": {"extractor": "music 1.0", "essentia_build_sha": "70f2e5ece6736b2c40cc944ad0e695b16b925413", "essentia_git_sha": "v2.1_beta2", "essentia": "2.1-beta2"}}, "rhythm": {"beats_loudness_band_ratio": {"dvar2": [0.246880680323, 0.0411186292768, 0.0685414001346, 0.0413506962359, 0.0111190816388, 0.0279974956065], "var": [0.119729720056, 0.0129613336176, 0.0396630205214, 0.0333363302052, 0.00462415535003, 0.0123784998432], "min": [0, 0, 0, 0, 0, 0], "dmean": [0.291012465954, 0.100493051112, 0.146351695061, 0.108406186104, 0.0548882894218, 0.0735904499888], "mean": [0.527967691422, 0.0885197967291, 0.159879401326, 0.125274777412, 0.0502760522068, 0.0725172907114], "max": [0.997904956341, 0.695181131363, 0.970047652721, 0.981585502625, 0.770816862583, 0.749103426933], "dmean2": [0.5134152174, 0.191348388791, 0.263971686363, 0.190307021141, 0.104022525251, 0.129212871194], "median": [0.679272353649, 0.0429386273026, 0.0792877227068, 0.0540799051523, 0.0319092273712, 0.0434042811394], "dvar": [0.0821221321821, 0.0139814242721, 0.0257626455277, 0.0158322472125, 0.00387558434159, 0.00983601715416]}, "bpm_histogram_first_peak_weight": {"dvar2": 0, "var": 0, "min": 0.860440731049, "dmean": 0, "mean": 0.860440731049, "max": 0.860440731049, "dmean2": 0, "median": 0.860440731049, "dvar": 0}, "bpm": 122.986213684, "beats_count": 954, "bpm_histogram_first_peak_spread": {"dvar2": 0, "var": 0, "min": 0.0807174444199, "dmean": 0, "mean": 0.0807174444199, "max": 0.0807174444199, "dmean2": 0, "median": 0.0807174444199, "dvar": 0}, "danceability": 1.3326100111, "bpm_histogram_first_peak_bpm": {"dvar2": 0, "var": 0, "min": 123, "dmean": 0, "mean": 123, "max": 123, "dmean2": 0, "median": 123, "dvar": 0}, "beats_position": [0.626938760281, 1.26548755169, 1.90403628349, 2.53097510338, 3.15791368484, 3.78485250473, 4.41179132462, 5.0387301445, 5.66566896439, 6.29260778427, 6.91954612732, 7.5464849472, 8.17342376709, 8.80036258698, 9.42730140686, 10.0542402267, 10.6463489532, 11.2500677109, 11.8421764374, 12.4691152573, 13.0960540771, 13.6765527725, 14.2454423904, 14.8143310547, 15.2787294388, 15.7315187454, 16.1843090057, 16.637096405, 17.0898857117, 17.5310649872, 17.9838542938, 18.4366436005, 18.9010429382, 19.365442276, 19.8298416138, 20.2942390442, 20.758638382, 21.2230377197, 21.6990470886, 22.1634464264, 22.6394557953, 23.1154651642, 23.5914726257, 24.0558719635, 24.5202713013, 24.984670639, 25.4606800079, 25.9366893768, 26.4126987457, 26.8887062073, 27.3647155762, 27.8407249451, 28.316734314, 28.7927436829, 29.2687530518, 29.7679805756, 30.2672100067, 30.7664394379, 31.265668869, 31.7648983002, 32.2525177002, 32.7401351929, 33.239364624, 33.7269821167, 34.2262115479, 34.725440979, 35.2246704102, 35.7238998413, 36.211517334, 36.6991386414, 37.186756134, 37.6743774414, 38.1619949341, 38.6496124268, 39.1488418579, 39.6480712891, 40.1473007202, 40.6465301514, 41.1457595825, 41.6333770752, 42.1326065063, 42.6202278137, 43.1078453064, 43.6070747375, 44.1063041687, 44.6055335999, 45.1047592163, 45.6156005859, 46.1148300171, 46.6140594482, 47.1132888794, 47.6009063721, 48.0885238647, 48.5761451721, 49.0637626648, 49.5513839722, 50.0390014648, 50.5266189575, 51.0142402649, 51.4902496338, 51.9778671265, 52.4770965576, 52.9647140503, 53.4523353577, 53.9399528503, 54.4275741577, 54.9151916504, 55.4028091431, 55.8904304504, 56.3780479431, 56.8656692505, 57.3532867432, 57.8409042358, 58.3285255432, 58.8161430359, 59.3037643433, 59.8029937744, 60.3022193909, 60.801448822, 61.3006782532, 61.7882995605, 62.2759170532, 62.7751464844, 63.2743759155, 63.7736053467, 64.2728347778, 64.772064209, 65.2596817017, 65.7472991943, 66.234916687, 66.7225418091, 67.1985473633, 67.686164856, 68.1737823486, 68.6614074707, 69.1490249634, 69.6366424561, 70.1242599487, 70.6118774414, 71.0995025635, 71.5871200562, 72.0747375488, 72.5623550415, 73.0499725342, 73.5375976562, 74.0252151489, 74.5128326416, 75.0004501343, 75.488067627, 75.975692749, 76.4633102417, 76.9509277344, 77.4385452271, 77.9261627197, 78.4137878418, 78.9014053345, 79.3890228271, 79.8766403198, 80.3642578125, 80.8518829346, 81.3395004272, 81.8271179199, 82.3147354126, 82.8023605347, 83.2899780273, 83.77759552, 84.2652130127, 84.7528305054, 85.2404556274, 85.7280731201, 86.2156906128, 86.7033081055, 87.1909255981, 87.6785507202, 88.1661682129, 88.6537857056, 89.1414031982, 89.6290206909, 90.116645813, 90.6042633057, 91.0918807983, 91.5911102295, 92.1019515991, 92.6360092163, 93.158454895, 93.6925125122, 94.2265777588, 94.737411499, 95.2250289917, 95.7126541138, 96.2002716064, 96.6878890991, 97.1755065918, 97.6631240845, 98.1507492065, 98.6383666992, 99.1259841919, 99.6136016846, 100.101219177, 100.588844299, 101.076461792, 101.564079285, 102.051696777, 102.53931427, 103.026939392, 103.514556885, 104.002174377, 104.48979187, 104.977409363, 105.465034485, 105.952651978, 106.44026947, 106.927886963, 107.415504456, 107.903129578, 108.39074707, 108.878364563, 109.365982056, 109.853607178, 110.34122467, 110.828842163, 111.316459656, 111.804077148, 112.291702271, 112.779319763, 113.266937256, 113.754554749, 114.242172241, 114.729797363, 115.217414856, 115.705032349, 116.192649841, 116.680267334, 117.167892456, 117.655509949, 118.143127441, 118.630744934, 119.118362427, 119.605987549, 120.093605042, 120.581222534, 121.068840027, 121.55645752, 122.044082642, 122.531700134, 123.019317627, 123.50693512, 123.994552612, 124.482177734, 124.958183289, 125.45741272, 125.945030212, 126.432647705, 126.920272827, 127.40789032, 127.895507812, 128.383132935, 128.870742798, 129.35836792, 129.845977783, 130.333602905, 130.821228027, 131.308837891, 131.796463013, 132.284072876, 132.771697998, 133.25932312, 133.746932983, 134.234558105, 134.722167969, 135.209793091, 135.697418213, 136.185028076, 136.672653198, 137.160263062, 137.647888184, 138.135513306, 138.623123169, 139.110748291, 139.598358154, 140.085983276, 140.56199646, 141.061218262, 141.548843384, 142.036453247, 142.524078369, 143.011703491, 143.499313354, 143.986938477, 144.47454834, 144.962173462, 145.449798584, 145.937408447, 146.425033569, 146.912643433, 147.400268555, 147.887893677, 148.37550354, 148.863128662, 149.350738525, 149.838363647, 150.32598877, 150.813598633, 151.301223755, 151.788833618, 152.27645874, 152.764083862, 153.251693726, 153.739318848, 154.226928711, 154.714553833, 155.202178955, 155.689788818, 156.17741394, 156.665023804, 157.152648926, 157.640274048, 158.127883911, 158.615509033, 159.103118896, 159.590744019, 160.078369141, 160.565979004, 161.041992188, 161.52961731, 162.017227173, 162.504852295, 162.992462158, 163.48008728, 163.967712402, 164.455322266, 164.931335449, 165.418960571, 165.906570435, 166.394195557, 166.88180542, 167.369430542, 167.857055664, 168.344665527, 168.832290649, 169.319900513, 169.807525635, 170.295150757, 170.78276062, 171.270385742, 171.757995605, 172.245620728, 172.73324585, 173.220855713, 173.708480835, 174.196090698, 174.68371582, 175.171340942, 175.658950806, 176.146575928, 176.634185791, 177.121810913, 177.609436035, 178.097045898, 178.584671021, 179.072280884, 179.559906006, 180.047531128, 180.535140991, 181.022766113, 181.510375977, 181.998001099, 182.485626221, 182.973236084, 183.460861206, 183.948471069, 184.436096191, 184.923721313, 185.411331177, 185.898956299, 186.386566162, 186.874191284, 187.373413086, 187.872650146, 188.395095825, 188.917541504, 189.451599121, 189.974060059, 190.496505737, 191.007339478, 191.506576538, 192.00579834, 192.493423462, 192.981033325, 193.468658447, 193.956283569, 194.443893433, 194.931518555, 195.419128418, 195.90675354, 196.394378662, 196.881988525, 197.369613647, 197.857223511, 198.344848633, 198.832473755, 199.320083618, 199.80770874, 200.295318604, 200.782943726, 201.270568848, 201.758178711, 202.245803833, 202.733413696, 203.221038818, 203.70866394, 204.196273804, 204.683898926, 205.171508789, 205.659133911, 206.146759033, 206.634368896, 207.121994019, 207.609603882, 208.097229004, 208.584854126, 209.060852051, 209.548477173, 210.036102295, 210.523712158, 211.01133728, 211.498947144, 211.998184204, 212.485794067, 212.973419189, 213.461044312, 213.948654175, 214.447891235, 214.958724976, 215.469558716, 215.992019653, 216.491241455, 216.990478516, 217.489700317, 218.000534058, 218.511383057, 219.022216797, 219.533050537, 220.032287598, 220.51991272, 221.007522583, 221.495147705, 221.982757568, 222.47038269, 222.958007812, 223.445617676, 223.933242798, 224.420852661, 224.908477783, 225.396102905, 225.883712769, 226.371337891, 226.858947754, 227.346572876, 227.834197998, 228.321807861, 228.809432983, 229.297042847, 229.784667969, 230.272293091, 230.759902954, 231.247528076, 231.735137939, 232.222763062, 232.710388184, 233.197998047, 233.685623169, 234.173233032, 234.660858154, 235.148483276, 235.63609314, 236.123718262, 236.611328125, 237.098953247, 237.586578369, 238.074188232, 238.561813354, 239.049423218, 239.53704834, 240.024673462, 240.512283325, 240.999908447, 241.487518311, 241.975143433, 242.462768555, 242.950378418, 243.43800354, 243.925613403, 244.413238525, 244.900863647, 245.388473511, 245.876098633, 246.363708496, 246.851333618, 247.33895874, 247.826568604, 248.314193726, 248.801803589, 249.289428711, 249.777053833, 250.264663696, 250.752288818, 251.239898682, 251.727523804, 252.215148926, 252.691146851, 253.178771973, 253.666397095, 254.154006958, 254.630020142, 255.117630005, 255.605255127, 256.09286499, 256.580505371, 257.068115234, 257.555725098, 258.043365479, 258.530975342, 259.018585205, 259.506195068, 259.993835449, 260.481445312, 260.969055176, 261.456695557, 261.94430542, 262.431915283, 262.919555664, 263.407165527, 263.894775391, 264.382385254, 264.870025635, 265.357635498, 265.845245361, 266.332885742, 266.820495605, 267.308105469, 267.79574585, 268.283355713, 268.770965576, 269.258575439, 269.74621582, 270.233825684, 270.721435547, 271.209075928, 271.696685791, 272.184295654, 272.671936035, 273.159545898, 273.647155762, 274.134765625, 274.622406006, 275.110015869, 275.597625732, 276.085266113, 276.572875977, 277.06048584, 277.548126221, 278.035736084, 278.523345947, 279.010955811, 279.498596191, 279.986206055, 280.473815918, 280.961456299, 281.449066162, 281.936676025, 282.424316406, 282.91192627, 283.399536133, 283.887145996, 284.374786377, 284.86239624, 285.350006104, 285.837646484, 286.325256348, 286.812866211, 287.300506592, 287.788116455, 288.275726318, 288.763336182, 289.250976562, 289.738586426, 290.226196289, 290.71383667, 291.201446533, 291.689056396, 292.176696777, 292.664306641, 293.151916504, 293.639526367, 294.127166748, 294.614776611, 295.102386475, 295.590026855, 296.077636719, 296.565246582, 297.052886963, 297.540496826, 298.028106689, 298.515716553, 299.003356934, 299.490966797, 299.97857666, 300.466217041, 300.953826904, 301.441436768, 301.929077148, 302.416687012, 302.904296875, 303.391906738, 303.879547119, 304.367156982, 304.854766846, 305.342407227, 305.83001709, 306.317626953, 306.805267334, 307.292877197, 307.780487061, 308.268127441, 308.755737305, 309.243347168, 309.730957031, 310.218597412, 310.706207275, 311.193817139, 311.68145752, 312.169067383, 312.656677246, 313.144317627, 313.63192749, 314.119537354, 314.607147217, 315.094787598, 315.582397461, 316.070007324, 316.557647705, 317.045257568, 317.532867432, 318.020507812, 318.508117676, 318.995727539, 319.483337402, 319.970977783, 320.458587646, 320.94619751, 321.433837891, 321.921447754, 322.409057617, 322.896697998, 323.384307861, 323.871917725, 324.359527588, 324.847167969, 325.334777832, 325.822387695, 326.310028076, 326.797637939, 327.285247803, 327.772888184, 328.260498047, 328.74810791, 329.235717773, 329.723358154, 330.210968018, 330.698577881, 331.186218262, 331.673828125, 332.161437988, 332.649078369, 333.136688232, 333.624298096, 334.111907959, 334.59954834, 335.087158203, 335.574768066, 336.062408447, 336.550018311, 337.037628174, 337.525268555, 338.012878418, 338.500488281, 338.988098145, 339.475738525, 339.963348389, 340.450958252, 340.938598633, 341.426208496, 341.913818359, 342.40145874, 342.889068604, 343.376678467, 343.86428833, 344.351928711, 344.839538574, 345.327148438, 345.814788818, 346.290802002, 346.766784668, 347.254425049, 347.742034912, 348.229644775, 348.717285156, 349.20489502, 349.692504883, 350.180114746, 350.667755127, 351.15536499, 351.642974854, 352.130615234, 352.618225098, 353.105834961, 353.593475342, 354.081085205, 354.568695068, 355.056304932, 355.543945312, 356.031555176, 356.519165039, 357.00680542, 357.494415283, 357.982025146, 358.469665527, 358.957275391, 359.444885254, 359.932525635, 360.420135498, 360.907745361, 361.395355225, 361.882995605, 362.370605469, 362.858215332, 363.345855713, 363.833465576, 364.321075439, 364.80871582, 365.296325684, 365.783935547, 366.27154541, 366.759185791, 367.246795654, 367.734405518, 368.222045898, 368.709655762, 369.197265625, 369.684906006, 370.172515869, 370.660125732, 371.147735596, 371.635375977, 372.12298584, 372.610595703, 373.098236084, 373.585845947, 374.073455811, 374.561096191, 375.048706055, 375.536315918, 376.023925781, 376.511566162, 376.999176025, 377.486785889, 377.97442627, 378.462036133, 378.949645996, 379.437286377, 379.92489624, 380.412506104, 380.900115967, 381.387756348, 381.875366211, 382.362976074, 382.850616455, 383.338226318, 383.825836182, 384.313476562, 384.801086426, 385.288696289, 385.776306152, 386.263946533, 386.751556396, 387.23916626, 387.726806641, 388.214416504, 388.702026367, 389.189666748, 389.677276611, 390.164886475, 390.652496338, 391.140136719, 391.627746582, 392.115356445, 392.602996826, 393.090606689, 393.578216553, 394.065856934, 394.553466797, 395.04107666, 395.528686523, 396.016326904, 396.503936768, 396.991546631, 397.479187012, 397.966796875, 398.454406738, 398.942047119, 399.429656982, 399.917266846, 400.404876709, 400.89251709, 401.380126953, 401.867736816, 402.355377197, 402.842987061, 403.330596924, 403.818237305, 404.305847168, 404.793457031, 405.281066895, 405.768707275, 406.256317139, 406.743927002, 407.231567383, 407.719177246, 408.206787109, 408.69442749, 409.182037354, 409.669647217, 410.15725708, 410.644897461, 411.132507324, 411.620117188, 412.107757568, 412.595367432, 413.082977295, 413.570617676, 414.058227539, 414.545837402, 415.033447266, 415.521087646, 416.00869751, 416.496307373, 416.983947754, 417.471557617, 417.95916748, 418.446807861, 418.934417725, 419.422027588, 419.909637451, 420.397277832, 420.884887695, 421.372497559, 421.860137939, 422.347747803, 422.835357666, 423.31137085, 423.798980713, 424.274993896, 424.762634277, 425.250244141, 425.737854004, 426.225494385, 426.713104248, 427.200714111, 427.688323975, 428.175964355, 428.663574219, 429.151184082, 429.638824463, 430.126434326, 430.614044189, 431.10168457, 431.589294434, 432.076904297, 432.56451416, 433.052154541, 433.539764404, 434.027374268, 434.515014648, 435.002624512, 435.490234375, 435.977874756, 436.465484619, 436.953094482, 437.440704346, 437.928344727, 438.41595459, 438.903564453, 439.391204834, 439.878814697, 440.366424561, 440.854064941, 441.341674805, 441.829284668, 442.316894531, 442.804534912, 443.292144775, 443.779754639, 444.26739502, 444.755004883, 445.242614746, 445.730255127, 446.21786499, 446.705474854, 447.193084717, 447.680725098, 448.168334961, 448.655944824, 449.143585205, 449.631195068, 450.118804932, 450.606445312, 451.094055176, 451.581665039, 452.069274902, 452.556915283, 453.044525146, 453.53213501, 454.019775391, 454.507385254, 454.994995117, 455.482635498, 455.970245361, 456.457855225, 456.945465088, 457.433105469, 457.920715332, 458.408325195, 458.895965576, 459.383575439, 459.871185303, 460.358825684, 460.846435547, 461.33404541, 461.821655273, 462.309295654, 462.796905518, 463.284515381, 463.772155762, 464.259765625, 464.747375488, 465.235015869, 465.722625732, 466.210235596, 466.697845459, 467.18548584, 467.673095703, 468.160705566, 468.648345947], "beats_loudness": {"dvar2": 0.00297846319154, "var": 0.00149809557479, "min": 0, "dmean": 0.0404314361513, "mean": 0.0468893274665, "max": 0.222685739398, "dmean2": 0.0747278109193, "median": 0.0478850528598, "dvar": 0.000986292259768}, "bpm_histogram_second_peak_weight": {"dvar2": 0, "var": 0, "min": 0.0157397687435, "dmean": 0, "mean": 0.0157397687435, "max": 0.0157397687435, "dmean2": 0, "median": 0.0157397687435, "dvar": 0}, "bpm_histogram_second_peak_spread": {"dvar2": 0, "var": 0, "min": 0.16666662693, "dmean": 0, "mean": 0.16666662693, "max": 0.16666662693, "dmean2": 0, "median": 0.16666662693, "dvar": 0}, "bpm_histogram_second_peak_bpm": {"dvar2": 0, "var": 0, "min": 96, "dmean": 0, "mean": 96, "max": 96, "dmean2": 0, "median": 96, "dvar": 0}, "onset_rate": 5.08720445633}, "lowlevel": {"spectral_energyband_high": {"dvar2": 3.92295805796e-06, "var": 2.41857583205e-06, "min": 7.07132067968e-21, "dmean": 0.000599112303462, "mean": 0.000732053362299, "max": 0.0267622359097, "dmean2": 0.000896824058145, "median": 0.00016500975471, "dvar": 1.70148439338e-06}, "spectral_energyband_middle_low": {"dvar2": 0.000213476494537, "var": 0.000195337634068, "min": 1.59386872032e-22, "dmean": 0.00472678057849, "mean": 0.00896797701716, "max": 0.120395071805, "dmean2": 0.00707772420719, "median": 0.00333439186215, "dvar": 9.81468620012e-05}, "spectral_energy": {"dvar2": 0.000663798302412, "var": 0.00086055934662, "min": 1.01304122995e-20, "dmean": 0.00983199011534, "mean": 0.0228257346898, "max": 0.229234054685, "dmean2": 0.0139719648287, "median": 0.0104368953034, "dvar": 0.000331258925144}, "spectral_spread": {"dvar2": 1455297396740.0, "var": 6535371554820.0, "min": 810190.3125, "dmean": 801079.75, "mean": 5272691.5, "max": 42449564, "dmean2": 1112081.875, "median": 5174295, "dvar": 748690145280}, "spectral_energyband_low": {"dvar2": 0.000534616352525, "var": 0.000471996696433, "min": 1.74147387269e-23, "dmean": 0.00686128251255, "mean": 0.0124571509659, "max": 0.223772764206, "dmean2": 0.0101750297472, "median": 0.000670616864227, "dvar": 0.000241310714046}, "spectral_rolloff": {"dvar2": 3863862.25, "var": 3830483.5, "min": 21.533203125, "dmean": 669.850646973, "mean": 1532.74609375, "max": 19595.2148438, "dmean2": 1143.37866211, "median": 968.994140625, "dvar": 1732074.625}, "barkbands": {"dvar2": [1.7182358647e-08, 0.000274299323792, 0.000174013024662, 0.000107305699203, 3.86890642403e-05, 4.91708715344e-06, 5.09801066073e-06, 9.56480221248e-07, 2.2665931283e-06, 7.1759666298e-07, 1.10046676127e-06, 1.21297102851e-06, 9.52926143327e-07, 4.13203025573e-07, 4.16698242134e-07, 5.66823189274e-07, 1.0362653029e-06, 1.07881874101e-06, 3.50696240048e-07, 5.0885893188e-07, 5.98248675487e-07, 1.45762825809e-07, 4.01813139206e-07, 6.19413853542e-08, 3.17832054009e-08, 4.2882328799e-09, 1.71760626555e-11], "var": [8.78599308862e-08, 0.00020514363132, 7.17638395145e-05, 8.99517763173e-05, 1.41775162774e-05, 5.59308182346e-06, 6.15738599663e-06, 9.47454452671e-07, 3.60830813406e-06, 3.43136093761e-06, 2.49547747444e-06, 8.25172207897e-07, 1.14998931622e-06, 3.12802228564e-07, 2.45461762916e-07, 2.43762769969e-07, 3.20496070572e-07, 2.81011978132e-07, 1.4882941457e-07, 2.05293645195e-07, 2.61503458887e-07, 1.05593834121e-07, 1.90560086821e-07, 3.95101196204e-08, 1.83183690439e-08, 2.23598894955e-09, 8.46803269866e-12], "min": [4.88082688076e-25, 3.87560026329e-24, 2.59542357287e-24, 1.58129081439e-24, 1.09450640401e-23, 6.4305057707e-24, 1.2971447335e-23, 1.23827046642e-23, 1.09814037066e-23, 1.89488523065e-23, 3.21761564209e-23, 2.79379475651e-23, 3.87495166185e-23, 4.16059283138e-23, 5.67050699831e-23, 6.26413240255e-23, 6.6724688952e-23, 9.87253111997e-23, 9.94487282042e-23, 1.6675115995e-22, 2.36545029006e-22, 3.75179444489e-22, 4.3907816231e-22, 5.23035176949e-22, 9.4310403812e-22, 1.18675921561e-21, 2.05140549575e-21], "dmean": [5.12269398314e-05, 0.0037745598238, 0.0027179766912, 0.00281100906432, 0.00155811663717, 0.000572517805267, 0.000522900023498, 0.000246003299253, 0.000413489324274, 0.000174562170287, 0.000285633752355, 0.00023850875732, 0.00031090102857, 0.000168496349943, 0.00015434352099, 0.000146012942423, 0.000177520269062, 0.000138171613798, 0.000134474088554, 0.000155345376697, 0.000141002892633, 0.000113867943583, 0.000134773727041, 8.62526649144e-05, 6.00306630076e-05, 2.36541836784e-05, 1.14045133159e-06], "mean": [0.000118026211567, 0.00635757297277, 0.00362482364289, 0.00359011441469, 0.00189646461513, 0.00102353200782, 0.00113646220416, 0.000378943514079, 0.000874933204614, 0.000373769580619, 0.000625672284514, 0.000342230167007, 0.000611838942859, 0.0002628947841, 0.00018675600586, 0.00015562363842, 0.000164049357409, 0.00014051272592, 0.000153084940393, 0.000156553564011, 0.000152404478285, 0.000139198207762, 0.000151708489284, 0.000113024485472, 6.82063691784e-05, 2.61213790509e-05, 1.11580072826e-06], "max": [0.0030610722024, 0.205913603306, 0.112921454012, 0.0905078500509, 0.067372918129, 0.054574560374, 0.0779694467783, 0.0413449853659, 0.0491539873183, 0.0576585046947, 0.0344766937196, 0.0255650151521, 0.014689264819, 0.00676511786878, 0.00739744585007, 0.0100030470639, 0.00877900514752, 0.0155270658433, 0.00533098122105, 0.00816582981497, 0.0258346796036, 0.0057974094525, 0.009172802791, 0.00304090487771, 0.0022939494811, 0.0008701379993, 0.000112219429866], "dmean2": [5.93648801441e-05, 0.00570650119334, 0.0044617257081, 0.00404176395386, 0.00278908247128, 0.00092908955412, 0.000813124876004, 0.000403163052397, 0.000615726399701, 0.000260015804088, 0.000412257679272, 0.000405056140153, 0.000484156567836, 0.000272928446066, 0.000250625394983, 0.000233834638493, 0.000299860053929, 0.000237906657276, 0.000228747085202, 0.000253023201367, 0.000228318021982, 0.000174434680957, 0.000211349819438, 0.000138597359182, 9.22595354496e-05, 3.66969907191e-05, 1.82925623449e-06], "median": [4.73070667795e-06, 0.0002631804673, 4.82515024487e-05, 9.37798758969e-05, 0.000329368805978, 0.000257569074165, 0.000322413630784, 9.01369203348e-05, 0.000314767006785, 7.31203253963e-05, 0.000122882134747, 8.72624586918e-05, 0.000142885968671, 4.62155330752e-05, 2.83287590719e-05, 1.89465281437e-05, 1.71783904079e-05, 1.59866831382e-05, 1.88725389307e-05, 1.98584129976e-05, 1.24145772133e-05, 2.10923044506e-05, 3.06293550238e-05, 3.57377211913e-05, 1.25271799334e-05, 3.79834136766e-06, 9.01136516518e-08], "dvar": [1.22333014829e-08, 0.000119691816508, 6.49497378618e-05, 5.50156109966e-05, 1.34646670631e-05, 2.13839575736e-06, 2.1473272227e-06, 4.17752602289e-07, 1.21626067084e-06, 4.29696427773e-07, 5.89253886574e-07, 4.77355058592e-07, 4.24112187147e-07, 1.72017934119e-07, 1.85332652336e-07, 2.37561380345e-07, 3.94046452357e-07, 3.84147682553e-07, 1.33601020025e-07, 2.06240798661e-07, 2.32898784702e-07, 6.70230235755e-08, 1.73863497821e-07, 2.54996006532e-08, 1.39073561556e-08, 1.73517256119e-09, 6.97559631585e-12]}, "melbands_skewness": {"dvar2": 4.50135278702, "var": 9.56116390228, "min": -2.75522613525, "dmean": 1.05594670773, "mean": 3.20997428894, "max": 24.6617221832, "dmean2": 1.53038322926, "median": 2.42770004272, "dvar": 2.16783952713}, "barkbands_skewness": {"dvar2": 2.44201803207, "var": 4.64407396317, "min": -3.8674018383, "dmean": 0.817680776119, "mean": 2.06120491028, "max": 23.3019104004, "dmean2": 1.19006073475, "median": 1.62937092781, "dvar": 1.23738861084}, "erbbands": {"dvar2": [0.0855196788907, 19.4456501007, 188.185150146, 686.798828125, 475.824890137, 461.445007324, 245.104782104, 432.590759277, 695.864501953, 907.788696289, 543.163818359, 852.979187012, 867.126831055, 1139.8692627, 668.304504395, 2200.10717773, 1477.59020996, 1265.21801758, 1107.09643555, 1135.29101562, 2008.39013672, 4292.91503906, 3794.23779297, 1585.39672852, 739.983825684, 1093.72021484, 1072.53833008, 495.551239014, 209.225814819, 127.023902893, 636.681335449, 37.8389015198, 15.8165616989, 5.96364307404, 1.37170493603, 0.13162381947, 0.026502514258, 0.000178558038897, 6.51407674468e-07, 1.70098191088e-09], "var": [0.0960382446647, 13.677822113, 86.6508865356, 512.946838379, 264.993774414, 169.671188354, 171.009933472, 451.162078857, 1042.29333496, 913.40020752, 567.944824219, 1126.1932373, 2346.35375977, 3088.21069336, 1427.99133301, 1251.69262695, 1656.31726074, 935.345825195, 703.044128418, 704.848632812, 765.674743652, 1261.92492676, 997.501586914, 522.799438477, 336.088653564, 423.563232422, 459.979309082, 261.570678711, 163.437866211, 82.1384124756, 277.180206299, 25.941942215, 8.62023639679, 3.12547850609, 0.748478114605, 0.0693349838257, 0.0133810862899, 9.71902481979e-05, 3.13252286332e-07, 1.81196291305e-09], "min": [1.61600870116e-22, 6.60556579115e-22, 3.62209788657e-21, 5.17866681467e-21, 1.72092018385e-20, 5.12252629268e-20, 7.8501029869e-20, 7.06988102998e-20, 1.33927520509e-19, 2.1428633341e-19, 2.75208418169e-19, 3.18215373523e-19, 4.5099525848e-19, 9.75298571566e-19, 1.23797080906e-18, 1.85159313639e-18, 1.99591919608e-18, 1.85534502085e-18, 2.70822510106e-18, 3.63791014192e-18, 3.72594986964e-18, 4.76216646761e-18, 5.16173564892e-18, 4.20907380539e-18, 7.59612529653e-18, 8.72600686398e-18, 9.21364141561e-18, 9.79168101793e-18, 1.24976253752e-17, 9.58978029247e-18, 1.34781354949e-17, 9.13901152638e-18, 9.5230838925e-18, 8.87446427724e-18, 6.79964714677e-18, 3.75887827547e-18, 2.44526086881e-18, 1.08562130422e-18, 2.5665646309e-19, 3.04580147692e-20], "dmean": [0.0787767395377, 0.966797053814, 2.86764097214, 7.23709344864, 6.028819561, 5.34538125992, 3.64695549011, 5.10482311249, 6.38292694092, 7.33506011963, 5.99242448807, 7.99901580811, 7.13705587387, 9.21047210693, 7.08997869492, 11.0836372375, 12.0091619492, 9.49537086487, 8.00457286835, 7.83686637878, 8.28576850891, 10.95997715, 7.85598707199, 7.56575489044, 6.74038934708, 7.19081783295, 5.94666433334, 4.9875626564, 4.36386156082, 3.49342679977, 4.17618608475, 2.12783026695, 1.27249014378, 0.76440101862, 0.387846320868, 0.118598110974, 0.0574366599321, 0.00471186265349, 0.000214997751755, 1.64925786521e-05], "mean": [0.154461041093, 1.51646780968, 4.08923053741, 9.62041950226, 7.88063335419, 6.46341991425, 5.97461128235, 8.56703853607, 13.4295253754, 14.6053695679, 10.7115449905, 16.8275089264, 16.5928936005, 22.1110897064, 14.8515443802, 18.2664928436, 23.9341259003, 14.9656267166, 10.3027276993, 9.87460327148, 8.60057640076, 10.0875244141, 8.18920135498, 8.25717830658, 7.2420592308, 7.12036180496, 6.63239336014, 5.57351970673, 5.388235569, 4.15428113937, 4.56920909882, 2.76783537865, 1.62029111385, 0.896811306477, 0.402217894793, 0.12562301755, 0.0622967295349, 0.00515924021602, 0.000214889383642, 3.35577024089e-05], "max": [3.02767658234, 54.4366226196, 134.432098389, 225.50730896, 310.535675049, 153.818649292, 253.164627075, 567.227355957, 685.010742188, 922.952209473, 919.204833984, 616.977966309, 1529.31652832, 1118.70031738, 1211.94140625, 459.389312744, 523.041137695, 382.61328125, 327.142700195, 384.036590576, 523.112304688, 634.772338867, 931.536132812, 392.390197754, 236.99118042, 390.201629639, 840.587646484, 642.961914062, 224.438781738, 152.50668335, 393.762878418, 95.136390686, 55.8791847229, 24.9594192505, 15.5139904022, 6.40358686447, 1.35419559479, 0.19133451581, 0.0246419943869, 0.000858530576807], "dmean2": [0.110726840794, 1.48608219624, 4.51385879517, 10.6571998596, 9.78032779694, 9.55122184753, 5.88389062881, 8.53632831573, 10.1542472839, 11.5067930222, 9.66800785065, 12.163441658, 10.334654808, 13.2630748749, 10.7067489624, 18.486656189, 19.1311588287, 15.3140659332, 12.5139741898, 12.4679641724, 13.5950479507, 18.5296325684, 13.4189195633, 13.2548398972, 11.0354204178, 11.925075531, 9.3499956131, 7.9622387886, 6.65345907211, 5.41579866409, 6.49889230728, 3.40771007538, 2.0333211422, 1.21274888515, 0.59406042099, 0.182078436017, 0.0901937559247, 0.0072383643128, 0.000346381304553, 2.39795263042e-05], "median": [0.00972673483193, 0.0482090488076, 0.0730261355639, 0.361125588417, 1.08061075211, 1.19986963272, 1.51333713531, 2.16173768044, 3.51630592346, 5.00398254395, 3.50815320015, 6.10721683502, 5.19790363312, 5.01664829254, 4.53164958954, 4.86397647858, 5.74845457077, 3.36386728287, 2.02834033966, 1.47370147705, 1.14599215984, 1.04657042027, 1.02640533447, 1.11570107937, 0.787185192108, 0.724006533623, 0.837535858154, 0.56719326973, 0.845021605492, 0.657503962517, 0.932435572147, 0.7879524827, 0.510166883469, 0.156107276678, 0.0593610405922, 0.0177880190313, 0.00726535357535, 0.000642764149234, 3.00914070976e-05, 1.73586613528e-05], "dvar": [0.0360534116626, 8.62755489349, 73.2570724487, 328.452362061, 192.918899536, 160.76260376, 98.8067474365, 182.373886108, 301.206085205, 390.157684326, 239.548339844, 408.640777588, 560.969482422, 589.286682129, 313.592956543, 852.572998047, 630.390686035, 518.028503418, 531.530761719, 514.104797363, 817.335144043, 1612.0144043, 1364.13903809, 572.904968262, 296.994873047, 434.699829102, 423.637023926, 203.889572144, 100.041427612, 55.2637557983, 275.100585938, 15.9079036713, 6.36881399155, 2.41815114021, 0.617812991142, 0.0569045878947, 0.0105055347085, 7.38322778489e-05, 2.62530392092e-07, 7.99934063433e-10]}, "silence_rate_30dB": {"dvar2": 0.0510414429009, "var": 0.0177951622754, "min": 0, "dmean": 0.0207931082696, "mean": 0.981881201267, "max": 1, "dmean2": 0.0415882766247, "median": 1, "dvar": 0.0203576292843}, "melbands_spread": {"dvar2": 517.612060547, "var": 455.077423096, "min": 0.36626881361, "dmean": 8.70422554016, "mean": 20.281206131, "max": 261.196350098, "dmean2": 13.9785146713, "median": 15.084271431, "dvar": 231.245162964}, "melbands_crest": {"dvar2": 31.2842826843, "var": 45.9542541504, "min": 1.62573814392, "dmean": 3.78876972198, "mean": 15.7541847229, "max": 39.6723518372, "dmean2": 5.93462371826, "median": 14.9498405457, "dvar": 14.4276638031}, "zerocrossingrate": {"dvar2": 0.000364464736776, "var": 0.00214812508784, "min": 0, "dmean": 0.0134184155613, "mean": 0.0621461421251, "max": 0.5283203125, "dmean2": 0.0162713117898, "median": 0.05126953125, "dvar": 0.00028366188053}, "barkbands_kurtosis": {"dvar2": 1034.71972656, "var": 945.247009277, "min": -1.8965460062, "dmean": 7.545566082, "mean": 11.3142299652, "max": 675.793579102, "dmean2": 11.0984973907, "median": 3.37304615974, "dvar": 513.587158203}, "spectral_flux": {"dvar2": 0.00340779265389, "var": 0.00375157035887, "min": 6.35500055357e-11, "dmean": 0.0276840943843, "mean": 0.0641790926456, "max": 0.439217537642, "dmean2": 0.0418318137527, "median": 0.0442233011127, "dvar": 0.00174572609831}, "barkbands_crest": {"dvar2": 18.271402359, "var": 24.8251533508, "min": 2.31243371964, "dmean": 2.99924969673, "mean": 11.7519388199, "max": 26.7990665436, "dmean2": 4.72599411011, "median": 10.9161109924, "dvar": 7.96090698242}, "barkbands_flatness_db": {"dvar2": 0.00259665562771, "var": 0.00622129347175, "min": 0.023071249947, "dmean": 0.0322505831718, "mean": 0.173589423299, "max": 0.48418995738, "dmean2": 0.0483915619552, "median": 0.158619016409, "dvar": 0.00118654733524}, "spectral_entropy": {"dvar2": 0.182226836681, "var": 0.315828412771, "min": 5.04984045029, "dmean": 0.259503662586, "mean": 7.5226688385, "max": 9.82622623444, "dmean2": 0.389305651188, "median": 7.56139278412, "dvar": 0.086141012609}, "pitch_salience": {"dvar2": 0.019533669576, "var": 0.0234049223363, "min": 0.0157873481512, "dmean": 0.0890564993024, "mean": 0.508992552757, "max": 0.947370648384, "dmean2": 0.140669941902, "median": 0.525901556015, "dvar": 0.00852160528302}, "erbbands_spread": {"dvar2": 393.600219727, "var": 782.714782715, "min": 0.693393349648, "dmean": 11.833990097, "mean": 39.5894355774, "max": 220.353485107, "dmean2": 16.8930454254, "median": 32.9775314331, "dvar": 199.538955688}, "dynamic_complexity": 5.48791694641, "spectral_contrast_valleys": {"dvar2": [0.512915372849, 0.391959697008, 0.357775270939, 0.684988677502, 0.743141651154, 0.753340542316], "var": [6.1658039093, 2.12972807884, 1.6604629755, 1.80023014545, 2.15423560143, 3.19603395462], "min": [-28.0390033722, -28.016204834, -27.5808448792, -27.614118576, -27.4947013855, -27.3911361694], "dmean": [0.540200710297, 0.420085430145, 0.397653102875, 0.468803048134, 0.482447057962, 0.531406342983], "mean": [-8.81585502625, -7.26976966858, -7.84073114395, -8.2950668335, -8.35389995575, -10.6099882126], "max": [-5.14547395706, -4.54823112488, -5.15166139603, -5.18130493164, -4.90442562103, -7.72499132156], "dmean2": [0.810255169868, 0.671191632748, 0.622479856014, 0.712657153606, 0.700901389122, 0.745430231094], "median": [-8.27585029602, -7.03304290771, -7.71780109406, -8.32229804993, -8.33437633514, -10.2279148102], "dvar": [0.27277842164, 0.171482369304, 0.164963826537, 0.311810284853, 0.344650268555, 0.387543469667]}, "hfc": {"dvar2": 583.265869141, "var": 410.249603271, "min": 1.08340516742e-16, "dmean": 7.56969881058, "mean": 13.3952445984, "max": 198.779067993, "dmean2": 10.9638166428, "median": 6.27994585037, "dvar": 255.856781006}, "spectral_kurtosis": {"dvar2": 35.9328536987, "var": 29.4670257568, "min": -1.26165020466, "dmean": 2.29857134819, "mean": 4.54130554199, "max": 114.040641785, "dmean2": 3.73588728905, "median": 3.09139537811, "dvar": 13.1965751648}, "mfcc": {"mean": [-712.81652832, 108.075233459, 5.18936824799, -3.12309265137, -10.8754911423, 3.26183009148, -3.27204060555, 2.88721346855, -6.78829574585, 2.50955843925, -0.825380444527, 2.33891034126, -3.01577091217], "cov": [[12568.0478516, -157.729324341, 2217.30151367, 1633.6217041, 1402.61889648, 738.196838379, 673.630493164, 28.6509819031, -217.423980713, -109.281242371, -56.4318847656, 20.9105873108, -295.121063232], [-157.729324341, 1804.29956055, 100.255371094, 44.3023719788, 241.934173584, 61.0526123047, 129.295516968, 125.315658569, -15.8638267517, 39.6499557495, 0.252846598625, 73.2588729858, 72.3687286377], [2217.30151367, 100.255371094, 1731.04077148, 810.715087891, 649.006530762, 384.335510254, 290.444702148, 169.035751343, 33.3559989929, 58.1267280579, 85.0930709839, 117.216285706, -27.8217048645], [1633.6217041, 44.3023719788, 810.715087891, 1044.93994141, 689.603942871, 263.585998535, 303.628204346, 159.293762207, 64.2220687866, 98.6114578247, 96.4985427856, 74.5001449585, 20.4863052368], [1402.61889648, 241.934173584, 649.006530762, 689.603942871, 724.663574219, 319.302368164, 297.735717773, 173.514007568, 68.9756088257, 93.8022766113, 85.0918807983, 67.967414856, 11.8720855713], [738.196838379, 61.0526123047, 384.335510254, 263.585998535, 319.302368164, 388.687652588, 209.07800293, 105.25894928, 77.1986083984, 68.3405227661, 59.7523460388, 38.0868377686, -3.34719347954], [673.630493164, 129.295516968, 290.444702148, 303.628204346, 297.735717773, 209.07800293, 396.308959961, 189.479003906, 64.7729568481, 98.6762542725, 101.32170105, 62.080406189, 39.1492996216], [28.6509819031, 125.315658569, 169.035751343, 159.293762207, 173.514007568, 105.25894928, 189.479003906, 256.833312988, 125.726196289, 92.4445419312, 68.3368301392, 56.9583015442, 43.3642845154], [-217.423980713, -15.8638267517, 33.3559989929, 64.2220687866, 68.9756088257, 77.1986083984, 64.7729568481, 125.726196289, 202.966567993, 98.0716094971, 60.5097389221, 22.8877735138, 43.9632797241], [-109.281242371, 39.6499557495, 58.1267280579, 98.6114578247, 93.8022766113, 68.3405227661, 98.6762542725, 92.4445419312, 98.0716094971, 155.270782471, 97.361831665, 50.5389442444, 41.8892288208], [-56.4318847656, 0.252846598625, 85.0930709839, 96.4985427856, 85.0918807983, 59.7523460388, 101.32170105, 68.3368301392, 60.5097389221, 97.361831665, 150.514816284, 79.3143997192, 44.6762084961], [20.9105873108, 73.2588729858, 117.216285706, 74.5001449585, 67.967414856, 38.0868377686, 62.080406189, 56.9583015442, 22.8877735138, 50.5389442444, 79.3143997192, 124.62121582, 64.9036407471], [-295.121063232, 72.3687286377, -27.8217048645, 20.4863052368, 11.8720855713, -3.34719347954, 39.1492996216, 43.3642845154, 43.9632797241, 41.8892288208, 44.6762084961, 64.9036407471, 131.54675293]], "icov": [[0.000135826921905, 3.17798221658e-05, -8.28354168334e-05, -4.80751295981e-05, -0.000138133065775, -1.42129729284e-05, -0.000202608192922, 0.000188499165233, 3.95898096031e-05, 9.07897410798e-05, 0.000183566720807, -0.000129984284285, 0.000247119372943], [3.17798221658e-05, 0.00067680014763, -1.22455930978e-05, 0.000321611092659, -0.000577508297283, 0.000135965528898, -9.13125913939e-05, -0.000236959880567, 0.000361736514606, -0.000232575868722, 0.000499048212077, -0.000314073695336, -0.000254203099757], [-8.28354168334e-05, -1.22455930978e-05, 0.00115184893366, -0.00058782286942, -5.49366122868e-05, -0.00056474620942, 0.000251767371083, -0.000353433191776, 0.00013393619156, 0.000270850810921, 3.12894881063e-05, -0.000875913130585, 0.000478751811897], [-4.80751295981e-05, 0.000321611092659, -0.00058782286942, 0.00320622976869, -0.00280682812445, 0.000994031433947, -0.000486207805807, 0.000349665759131, -0.000136310074595, -0.000396790332161, -4.7289631766e-05, 0.000263012159849, -0.000542184745427], [-0.000138133065775, -0.000577508297283, -5.49366122868e-05, -0.00280682812445, 0.00577935343608, -0.00209999666549, -0.000157638947712, -0.000918794830795, 0.000261915032752, -0.000164684621268, -0.000279260362731, 0.000185019423952, 0.000176550616743], [-1.42129729284e-05, 0.000135965528898, -0.00056474620942, 0.000994031433947, -0.00209999666549, 0.0052808560431, -0.00188276614062, 0.00113036506809, -0.00177859643009, -0.000166786005138, 0.000324199063471, -0.000468250742415, 0.000899110920727], [-0.000202608192922, -9.13125913939e-05, 0.000251767371083, -0.000486207805807, -0.000157638947712, -0.00188276614062, 0.00642353203148, -0.00397086888552, 0.00227877311409, -0.000744321383536, -0.00244735134766, 0.00157997524366, -0.0013846406946], [0.000188499165233, -0.000236959880567, -0.000353433191776, 0.000349665759131, -0.000918794830795, 0.00113036506809, -0.00397086888552, 0.00958259683102, -0.00487823132426, -0.000485335331177, 0.0017725918442, -0.00257816747762, 0.00101348827593], [3.95898096031e-05, 0.000361736514606, 0.00013393619156, -0.000136310074595, 0.000261915032752, -0.00177859643009, 0.00227877311409, -0.00487823132426, 0.010431333445, -0.00417065387592, -0.00106315780431, 0.00296434434131, -0.00245919404551], [9.07897410798e-05, -0.000232575868722, 0.000270850810921, -0.000396790332161, -0.000164684621268, -0.000166786005138, -0.000744321383536, -0.000485335331177, -0.00417065387592, 0.0144784366712, -0.00665080780163, 3.29546819557e-05, -0.000131274020532], [0.000183566720807, 0.000499048212077, 3.12894881063e-05, -4.7289631766e-05, -0.000279260362731, 0.000324199063471, -0.00244735134766, 0.0017725918442, -0.00106315780431, -0.00665080780163, 0.0161032788455, -0.00784675963223, 0.00120436772704], [-0.000129984284285, -0.000314073695336, -0.000875913130585, 0.000263012159849, 0.000185019423952, -0.000468250742415, 0.00157997524366, -0.00257816747762, 0.00296434434131, 3.29546819557e-05, -0.00784675963223, 0.0173577219248, -0.00689432863146], [0.000247119372943, -0.000254203099757, 0.000478751811897, -0.000542184745427, 0.000176550616743, 0.000899110920727, -0.0013846406946, 0.00101348827593, -0.00245919404551, -0.000131274020532, 0.00120436772704, -0.00689432863146, 0.0124229537323]]}, "silence_rate_20dB": {"dvar2": 0, "var": 0, "min": 1, "dmean": 0, "mean": 1, "max": 1, "dmean2": 0, "median": 1, "dvar": 0}, "melbands_kurtosis": {"dvar2": 4914.60253906, "var": 5848.90673828, "min": -1