{
    "lowlevel": {
        "average_loudness": 0.332749396563,
        "barkbands": {
            "dmean": [
                0.000147784405272,
                0.00359343877062,
                0.00223913509399,
                0.00194313167594,
                0.00277046137489,
                0.00139951135498,
                0.000683896243572,
                0.000406799459597,
                0.000272883684374,
                0.000273665064014,
                0.000256454542978,
                0.00032193592051,
                0.000197559318622,
                0.000100121505966,
                0.000110956942081,
                0.000104383907455,
                8.82097083377e-05,
                8.80191291799e-05,
                0.00012599103502,
                0.000116728937428,
                0.000119601441838,
                0.000123066391097,
                8.34995735204e-05,
                0.000158298746101,
                0.000580643012654,
                0.000105933868326,
                2.25191047321e-06
            ],
            "dmean2": [
                0.000230171353905,
                0.00584207335487,
                0.00379896489903,
                0.00322416611016,
                0.00462926644832,
                0.00226811622269,
                0.00108067784458,
                0.000613490352407,
                0.000408380379668,
                0.000411239889218,
                0.000392415327951,
                0.000495075597428,
                0.000310901814373,
                0.000161143601872,
                0.000183389754966,
                0.000177761074156,
                0.000145413549035,
                0.000146608552313,
                0.000213327642996,
                0.000194723441382,
                0.000195519445697,
                0.000194606502191,
                0.000130849759444,
                0.000243080052314,
                0.000911423820071,
                0.000177329697181,
                3.82266807719e-06
            ],
            "dvar": [
                1.12549606968e-07,
                5.8425757743e-05,
                2.24730101763e-05,
                2.02228511625e-05,
                2.64217796939e-05,
                7.69516464061e-06,
                2.74522585642e-06,
                1.43516831486e-06,
                9.12261896246e-07,
                7.97067968961e-07,
                9.22686126614e-07,
                2.05325909519e-06,
                5.25299924448e-07,
                1.03829982834e-07,
                2.39006482161e-07,
                1.10744366566e-07,
                6.35642294355e-08,
                5.47825251829e-08,
                1.3675281707e-07,
                7.62571445989e-08,
                6.68454589459e-08,
                7.60240794762e-08,
                2.80970944289e-08,
                7.89883287666e-08,
                2.22465496336e-06,
                9.28533623323e-08,
                5.36870166379e-11
            ],
            "dvar2": [
                2.62545370333e-07,
                0.000142086239066,
                5.99223712925e-05,
                5.34528007847e-05,
                6.85502018314e-05,
                1.94417971215e-05,
                5.98512315264e-06,
                2.72306556326e-06,
                1.83567112799e-06,
                1.57771148679e-06,
                1.90931541511e-06,
                4.29266083302e-06,
                1.07250468773e-06,
                2.50110730349e-07,
                6.12614542206e-07,
                2.91921963935e-07,
                1.59408742206e-07,
                1.42806356962e-07,
                3.80168813763e-07,
                2.07799928376e-07,
                1.720116245e-07,
                1.90256557175e-07,
                6.79680454141e-08,
                1.85006086895e-07,
                5.63951061849e-06,
                2.35482261246e-07,
                1.3410844657e-10
            ],
            "max": [
                0.0101980697364,
                0.141922444105,
                0.11012943089,
                0.10997197777,
                0.098900154233,
                0.0806389823556,
                0.0592659935355,
                0.0667236074805,
                0.039652030915,
                0.0254707597196,
                0.022545138374,
                0.0319183319807,
                0.0208322480321,
                0.0124494582415,
                0.0248607713729,
                0.0112506588921,
                0.0100015131757,
                0.00886879488826,
                0.00739046791568,
                0.00533932447433,
                0.00528799369931,
                0.0132881198078,
                0.00370591343381,
                0.00702731171623,
                0.0354006513953,
                0.0066146068275,
                0.000170213446836
            ],
            "mean": [
                0.000188096964848,
                0.00578920682892,
                0.00368190649897,
                0.00305969826877,
                0.00500494707376,
                0.00287825218402,
                0.0016057130415,
                0.000950437854044,
                0.000554988859221,
                0.000544269219972,
                0.000462708587293,
                0.00059360137675,
                0.000354958610842,
                0.000123620440718,
                0.000140761228977,
                0.000110102264443,
                0.000106696563307,
                0.000107352629129,
                0.000147479833686,
                0.000171267747646,
                0.000175308552571,
                0.000197369226953,
                0.000137364550028,
                0.000263265625108,
                0.000814624130726,
                0.000109774206067,
                2.08497681342e-06
            ],
            "median": [
                4.89793565066e-05,
                0.00210413965397,
                0.00134144502226,
                0.000910754664801,
                0.00241490150802,
                0.00134743307717,
                0.000541781715583,
                0.000250387529377,
                0.000124885584228,
                0.000120606695418,
                4.05157261412e-05,
                4.59799848613e-05,
                3.51437010977e-05,
                2.11266633414e-05,
                2.09653881029e-05,
                2.37331587414e-05,
                2.51022956945e-05,
                3.34625037794e-05,
                4.01831748604e-05,
                5.84456429351e-05,
                5.68445611862e-05,
                6.36084660073e-05,
                4.42319142167e-05,
                8.50639044074e-05,
                0.000224271832849,
                1.34344672915e-05,
                1.17034637981e-07
            ],
            "min": [
                3.62219841901e-24,
                1.08584179249e-23,
                2.06830572993e-24,
                3.47298537878e-24,
                2.60901781564e-23,
                1.64596837616e-23,
                1.6188441828e-23,
                2.27635659186e-23,
                2.35423546477e-23,
                7.27055231019e-24,
                2.68110976273e-23,
                3.38546599452e-23,
                5.01623680757e-23,
                6.68931454651e-23,
                5.64152235538e-23,
                7.6105425251e-23,
                7.62475906079e-23,
                1.47066101626e-22,
                2.12585972784e-22,
                2.5071451072e-22,
                2.71137602063e-22,
                3.99875309418e-22,
                5.10805131858e-22,
                7.08736366187e-22,
                1.04723115325e-21,
                1.43991949806e-21,
                2.09167844793e-21
            ],
            "var": [
                1.55657303935e-07,
                0.000102838770545,
                4.42641176051e-05,
                4.09521926485e-05,
                5.42933157703e-05,
                1.85110366147e-05,
                1.40968722917e-05,
                8.24928156362e-06,
                3.10708514917e-06,
                2.42115652327e-06,
                2.4540065624e-06,
                5.4956922213e-06,
                1.55233510668e-06,
                1.71328963461e-07,
                3.27615367723e-07,
                9.95925972802e-08,
                7.68180115074e-08,
                6.09984169841e-08,
                1.1858237059e-07,
                9.92794824128e-08,
                1.00393734215e-07,
                1.32396635877e-07,
                5.89884905366e-08,
                1.97595397822e-07,
                3.13483883474e-06,
                1.10598058711e-07,
                5.65931468355e-11
            ]
        },
        "barkbands_crest": {
            "dmean": 2.56526708603,
            "dmean2": 4.26469612122,
            "dvar": 5.70048379898,
            "dvar2": 15.0997514725,
            "max": 25.1217193604,
            "mean": 10.5420713425,
            "median": 9.84439086914,
            "min": 2.91735363007,
            "var": 13.7189455032
        },
        "barkbands_flatness_db": {
            "dmean": 0.0298529434949,
            "dmean2": 0.0444936864078,
            "dvar": 0.000903188658413,
            "dvar2": 0.00192452699412,
            "max": 0.513168275356,
            "mean": 0.160953119397,
            "median": 0.151888161898,
            "min": 0.0225624162704,
            "var": 0.00405010813847
        },
        "barkbands_kurtosis": {
            "dmean": 6.70221376419,
            "dmean2": 10.5733938217,
            "dvar": 133.190109253,
            "dvar2": 319.159118652,
            "max": 336.706634521,
            "mean": 11.2402877808,
            "median": 5.97537517548,
            "min": -1.95698845387,
            "var": 277.634674072
        },
        "barkbands_skewness": {
            "dmean": 0.793760001659,
            "dmean2": 1.24518847466,
            "dvar": 0.718663215637,
            "dvar2": 1.76918792725,
            "max": 15.0718450546,
            "mean": 2.45070004463,
            "median": 2.26542043686,
            "min": -2.41642999649,
            "var": 2.2934885025
        },
        "barkbands_spread": {
            "dmean": 10.6417331696,
            "dmean2": 16.589969635,
            "dvar": 202.269195557,
            "dvar2": 445.914550781,
            "max": 127.889450073,
            "mean": 26.2630348206,
            "median": 18.9649887085,
            "min": 0.355149030685,
            "var": 542.514404297
        },
        "dissonance": {
            "dmean": 0.024317888543,
            "dmean2": 0.0395863577724,
            "dvar": 0.000603548716754,
            "dvar2": 0.00155357865151,
            "max": 0.500000059605,
            "mean": 0.443885415792,
            "median": 0.454791784286,
            "min": 0.132555410266,
            "var": 0.00180177518632
        },
        "dynamic_complexity": 4.43977165222,
        "erbbands": {
            "dmean": [
                0.108673855662,
                0.848626434803,
                2.36088109016,
                4.20324850082,
                9.03220176697,
                9.4346818924,
                11.1189775467,
                11.4774427414,
                9.81990909576,
                10.0862035751,
                7.71016550064,
                5.71487903595,
                6.80252599716,
                9.83031082153,
                11.082447052,
                13.2593536377,
                10.0974445343,
                5.15211772919,
                5.71705102921,
                4.92223453522,
                6.11273288727,
                4.70498132706,
                4.68287181854,
                5.56709289551,
                6.39261817932,
                5.31998252869,
                4.99547815323,
                4.91115474701,
                4.40629529953,
                3.24103689194,
                2.35800075531,
                2.40681433678,
                3.54353761673,
                6.841132164,
                4.11982536316,
                0.804081618786,
                0.149454623461,
                0.0114929806441,
                0.000426512007834,
                3.02567113977e-05
            ],
            "dmean2": [
                0.170624017715,
                1.40679574013,
                4.00765895844,
                7.01316690445,
                14.936501503,
                15.8604793549,
                18.0602455139,
                18.7440681458,
                15.8184890747,
                15.5294675827,
                11.465013504,
                8.54091072083,
                10.3077821732,
                14.876496315,
                16.7657279968,
                20.3273963928,
                15.6800775528,
                8.15870857239,
                9.49514198303,
                8.09244251251,
                10.3466062546,
                7.73620080948,
                7.73458242416,
                9.39579296112,
                10.758890152,
                8.90652275085,
                8.25455951691,
                7.95839452744,
                7.06117486954,
                5.07216215134,
                3.6951186657,
                3.73561930656,
                5.47074460983,
                10.7865905762,
                6.59387493134,
                1.31411492825,
                0.251865565777,
                0.0192337129265,
                0.000709434680175,
                4.70917802886e-05
            ],
            "dvar": [
                0.0595044530928,
                3.33956241608,
                24.8639087677,
                78.4569396973,
                349.612884521,
                341.26965332,
                597.361816406,
                620.401062012,
                539.496826172,
                780.687927246,
                634.35723877,
                398.107208252,
                493.839935303,
                1129.13806152,
                1353.72509766,
                3704.74853516,
                1399.69055176,
                221.332275391,
                733.748291016,
                262.129486084,
                377.145385742,
                175.357711792,
                167.543991089,
                255.956878662,
                303.156066895,
                180.352996826,
                137.877334595,
                107.225791931,
                84.7360305786,
                58.7328987122,
                20.517824173,
                20.4986515045,
                43.5837097168,
                333.930908203,
                127.032745361,
                4.79156017303,
                0.201361224055,
                0.00123914284632,
                1.72677914634e-06,
                3.79958420282e-09
            ],
            "dvar2": [
                0.132631137967,
                8.56917095184,
                66.3043518066,
                209.515594482,
                906.462219238,
                888.985290527,
                1459.45800781,
                1630.2277832,
                1228.30053711,
                1640.71838379,
                1136.45617676,
                774.47442627,
                981.607299805,
                2212.8034668,
                2909.22583008,
                7461.32714844,
                2830.74926758,
                503.280822754,
                1889.92272949,
                662.485290527,
                996.446472168,
                448.695251465,
                424.071929932,
                703.293273926,
                835.650756836,
                499.29309082,
                361.93927002,
                272.131713867,
                213.946807861,
                144.842208862,
                48.9422683716,
                49.2525901794,
                104.795013428,
                863.636047363,
                325.844299316,
                12.1486825943,
                0.510343253613,
                0.00310144852847,
                4.25698499384e-06,
                9.26004251056e-09
            ],
            "max": [
                4.15369176865,
                37.0038986206,
                115.938713074,
                188.60760498,
                491.801116943,
                493.811401367,
                1119.40319824,
                572.591796875,
                1006.66711426,
                1059.89465332,
                1325.46679688,
                754.966674805,
                942.708984375,
                1014.93988037,
                774.575805664,
                1520.85144043,
                1088.86193848,
                568.184753418,
                1426.99499512,
                640.471679688,
                751.215026855,
                592.072937012,
                614.875549316,
                260.358276367,
                373.898895264,
                267.189331055,
                350.374816895,
                284.353057861,
                260.562011719,
                308.29296875,
                87.1049041748,
                123.667045593,
                133.946487427,
                470.357879639,
                246.001647949,
                40.4602127075,
                9.33291149139,
                0.921444177628,
                0.033450152725,
                0.0012177444296
            ],
            "mean": [
                0.159613385797,
                1.33474647999,
                4.0190281868,
                7.51479959488,
                14.6287927628,
                15.9749488831,
                21.1981697083,
                23.1212310791,
                21.8377990723,
                25.2544651031,
                18.4089698792,
                12.4686155319,
                14.0957365036,
                19.425113678,
                21.7061328888,
                25.9841308594,
                19.5779876709,
                7.33364534378,
                6.97305059433,
                6.25989627838,
                6.62988710403,
                5.68889951706,
                5.89856815338,
                6.42292070389,
                8.75395488739,
                7.52831602097,
                7.04983997345,
                7.39479446411,
                6.73527145386,
                5.2679810524,
                3.88184666634,
                4.10007953644,
                5.6508603096,
                10.0631370544,
                5.18160057068,
                0.914475142956,
                0.143977507949,
                0.0111631248146,
                0.000443084922154,
                5.90745476075e-05
            ],
            "median": [
                0.0517442040145,
                0.476316869259,
                1.49582862854,
                2.96380329132,
                5.66004419327,
                7.41185903549,
                8.98011016846,
                10.4398479462,
                9.00123405457,
                7.38504457474,
                4.61990833282,
                3.35726666451,
                4.07318782806,
                3.29368257523,
                2.8061902523,
                2.40249848366,
                2.04135346413,
                1.47492933273,
                1.19510054588,
                1.07599103451,
                1.63226044178,
                1.50448417664,
                1.93439388275,
                1.82866811752,
                2.69164443016,
                2.47175264359,
                2.24983048439,
                2.4277510643,
                2.20721268654,
                1.56906378269,
                1.28048527241,
                1.3288141489,
                1.80228543282,
                3.07026958466,
                1.18445634842,
                0.159386247396,
                0.0151729211211,
                0.00113831879571,
                6.59847792122e-05,
                3.50325608451e-05
            ],
            "min": [
                1.82588609163e-22,
                3.19192701149e-21,
                5.42636297948e-21,
                1.08778919598e-20,
                2.94845233547e-20,
                6.27999656953e-20,
                2.46020057786e-19,
                1.55238678693e-19,
                2.31546180674e-19,
                2.66513379913e-19,
                6.63154005806e-19,
                5.55991878571e-19,
                5.38880148335e-19,
                1.15455584814e-18,
                9.70978620817e-19,
                1.37424540286e-18,
                2.72873214922e-18,
                3.14426591634e-18,
                4.93566925546e-18,
                2.4096267552e-18,
                4.68712795116e-18,
                5.27156951783e-18,
                6.91852871723e-18,
                1.01418993631e-17,
                1.10269941991e-17,
                1.32657949229e-17,
                1.1289708416e-17,
                1.32552103198e-17,
                1.32591642431e-17,
                1.57825018628e-17,
                1.20793970673e-17,
                1.2854221283e-17,
                1.16591545745e-17,
                9.43695701994e-18,
                7.74134677923e-18,
                4.25790599926e-18,
                2.7182071031e-18,
                1.1839116609e-18,
                2.68366678076e-19,
                2.98787783141e-20
            ],
            "var": [
                0.0944190770388,
                5.61611652374,
                51.2696876526,
                164.255508423,
                665.620788574,
                655.502929688,
                1277.06408691,
                1523.57617188,
                2593.48486328,
                4283.97998047,
                3692.18676758,
                1454.8223877,
                1340.94506836,
                3588.39746094,
                3571.14550781,
                10746.9199219,
                4318.08447266,
                463.517791748,
                958.612487793,
                362.727416992,
                342.103271484,
                190.159347534,
                205.835189819,
                220.955474854,
                321.404632568,
                211.468551636,
                172.559143066,
                180.103912354,
                141.185913086,
                113.504920959,
                43.9713516235,
                50.5170631409,
                91.8309402466,
                443.17678833,
                163.325515747,
                6.08235120773,
                0.214435040951,
                0.00129376433324,
                1.98638940674e-06,
                6.32270191758e-09
            ]
        },
        "erbbands_crest": {
            "dmean": 2.68478703499,
            "dmean2": 4.20800924301,
            "dvar": 7.61947154999,
            "dvar2": 17.3042316437,
            "max": 33.591468811,
            "mean": 10.3253679276,
            "median": 9.12779998779,
            "min": 1.95906817913,
            "var": 28.9395599365
        },
        "erbbands_flatness_db": {
            "dmean": 0.0213147960603,
            "dmean2": 0.0305745620281,
            "dvar": 0.000513924343977,
            "dvar2": 0.000992876826786,
            "max": 0.386007934809,
            "mean": 0.136935010552,
            "median": 0.12699817121,
            "min": 0.0330984741449,
            "var": 0.00226356647909
        },
        "erbbands_kurtosis": {
            "dmean": 2.30429649353,
            "dmean2": 3.55954694748,
            "dvar": 15.9520196915,
            "dvar2": 35.8194046021,
            "max": 87.5636901855,
            "mean": 2.48725438118,
            "median": 0.431809663773,
            "min": -1.89945495129,
            "var": 34.427406311
        },
        "erbbands_skewness": {
            "dmean": 0.548485040665,
            "dmean2": 0.829435884953,
            "dvar": 0.361873626709,
            "dvar2": 0.780212104321,
            "max": 7.66876173019,
            "mean": 1.03999614716,
            "median": 0.920343577862,
            "min": -5.02317237854,
            "var": 1.27775526047
        },
        "erbbands_spread": {
            "dmean": 17.7466220856,
            "dmean2": 26.8505954742,
            "dvar": 435.824645996,
            "dvar2": 911.818664551,
            "max": 193.92805481,
            "mean": 60.4500770569,
            "median": 55.3016738892,
            "min": 1.99684548378,
            "var": 1347.51342773
        },
        "gfcc": {
            "cov": [
                [
                    13127.2763672,
                    -876.54510498,
                    -1271.22485352,
                    368.867156982,
                    -544.510498047,
                    448.067474365,
                    -189.611175537,
                    218.429275513,
                    -305.203369141,
                    76.2740020752,
                    -121.468154907,
                    38.7139511108,
                    -63.0150566101
                ],
                [
                    -876.54510498,
                    1623.05883789,
                    -128.297607422,
                    -115.713485718,
                    176.680740356,
                    -53.2642097473,
                    171.768218994,
                    -108.862533569,
                    176.31362915,
                    -139.003417969,
                    158.300491333,
                    -65.4402313232,
                    116.509002686
                ],
                [
                    -1271.22485352,
                    -128.297607422,
                    900.819641113,
                    115.876373291,
                    63.4845581055,
                    -58.4533843994,
                    -33.5172462463,
                    103.756263733,
                    13.9660520554,
                    73.5721969604,
                    -41.8662414551,
                    -31.0564231873,
                    -20.2023162842
                ],
                [
                    368.867156982,
                    -115.713485718,
                    115.876373291,
                    437.087646484,
                    112.165802002,
                    45.4237556458,
                    -19.3459568024,
                    33.3188056946,
                    29.8719120026,
                    9.45202255249,
                    -1.22077083588,
                    -38.3396911621,
                    -5.19246578217
                ],
                [
                    -544.510498047,
                    176.680740356,
                    63.4845581055,
                    112.165802002,
                    328.845306396,
                    107.955612183,
                    64.3689346313,
                    -36.0527915955,
                    32.0586395264,
                    2.86576223373,
                    32.2722053528,
                    6.99502229691,
                    -4.76854372025
                ],
                [
                    448.067474365,
                    -53.2642097473,
                    -58.4533843994,
                    45.4237556458,
                    107.955612183,
                    206.138702393,
                    71.4150619507,
                    19.3918762207,
                    -24.8518791199,
                    11.8015317917,
                    27.8486061096,
                    19.7641963959,
                    -4.73556041718
                ],
                [
                    -189.611175537,
                    171.768218994,
                    -33.5172462463,
                    -19.3459568024,
                    64.3689346313,
                    71.4150619507,
                    162.458236694,
                    37.3588447571,
                    33.8350219727,
                    -17.3735771179,
                    32.2395019531,
                    8.44426631927,
                    10.4011249542
                ],
                [
                    218.429275513,
                    -108.862533569,
                    103.756263733,
                    33.3188056946,
                    -36.0527915955,
                    19.3918762207,
                    37.3588447571,
                    144.527191162,
                    41.1040496826,
                    32.8404579163,
                    -16.7163925171,
                    -5.38378095627,
                    10.3726463318
                ],
                [
                    -305.203369141,
                    176.31362915,
                    13.9660520554,
                    29.8719120026,
                    32.0586395264,
                    -24.8518791199,
                    33.8350219727,
                    41.1040496826,
                    135.379730225,
                    31.2514057159,
                    17.6550483704,
                    -13.2952098846,
                    15.1257753372
                ],
                [
                    76.2740020752,
                    -139.003417969,
                    73.5721969604,
                    9.45202255249,
                    2.86576223373,
                    11.8015317917,
                    -17.3735771179,
                    32.8404579163,
                    31.2514057159,
                    105.616416931,
                    25.1318702698,
                    10.8958425522,
                    -19.4881477356
                ],
                [
                    -121.468154907,
                    158.300491333,
                    -41.8662414551,
                    -1.22077083588,
                    32.2722053528,
                    27.8486061096,
                    32.2395019531,
                    -16.7163925171,
                    17.6550483704,
                    25.1318702698,
                    103.823471069,
                    24.379655838,
                    13.2841148376
                ],
                [
                    38.7139511108,
                    -65.4402313232,
                    -31.0564231873,
                    -38.3396911621,
                    6.99502229691,
                    19.7641963959,
                    8.44426631927,
                    -5.38378095627,
                    -13.2952098846,
                    10.8958425522,
                    24.379655838,
                    85.284576416,
                    24.9071578979
                ],
                [
                    -63.0150566101,
                    116.509002686,
                    -20.2023162842,
                    -5.19246578217,
                    -4.76854372025,
                    -4.73556041718,
                    10.4011249542,
                    10.3726463318,
                    15.1257753372,
                    -19.4881477356,
                    13.2841148376,
                    24.9071578979,
                    88.6923446655
                ]
            ],
            "icov": [
                [
                    0.000183168725925,
                    -0.000295607285807,
                    0.000358219112968,
                    -0.000393664144212,
                    0.000435228081187,
                    -0.000501493632328,
                    0.000366643915186,
                    -0.000586685200687,
                    0.000734429457225,
                    -0.000727731559891,
                    0.000708158302587,
                    -0.000441225682152,
                    0.000331934541464
                ],
                [
                    -0.000295607285807,
                    0.00256099854596,
                    -0.00083609612193,
                    0.00158566120081,
                    -0.00145660364069,
                    0.00125619384926,
                    -0.00139408034738,
                    0.00231665931642,
                    -0.00384377851151,
                    0.00438065873459,
                    -0.00455665122718,
                    0.00348493619822,
                    -0.00246863882057
                ],
                [
                    0.000358219112968,
                    -0.00083609612193,
                    0.00228419946507,
                    -0.00108224595897,
                    2.37314707192e-05,
                    0.000143781871884,
                    0.000863382825628,
                    -0.00274446816184,
                    0.00277336267754,
                    -0.00298289395869,
                    0.00218101753853,
                    -0.000798816035967,
                    0.000807700154837
                ],
                [
                    -0.000393664144212,
                    0.00158566120081,
                    -0.00108224595897,
                    0.00427057826892,
                    -0.00239293952473,
                    0.000561148277484,
                    0.000429528445238,
                    0.000703311699908,
                    -0.00330175808631,
                    0.00378080247901,
                    -0.00366130843759,
                    0.00351578835398,
                    -0.00163559161592
                ],
                [
                    0.000435228081187,
                    -0.00145660364069,
                    2.37314707192e-05,
                    -0.00239293952473,
                    0.00682796863839,
                    -0.00435325596482,
                    -0.000357024313416,
                    0.00181070412509,
                    0.000223630893743,
                    -0.00255560385995,
                    0.00318191177212,
                    -0.00285112392157,
                    0.00177717127372
                ],
                [
                    -0.000501493632328,
                    0.00125619384926,
                    0.000143781871884,
                    0.000561148277484,
                    -0.00435325596482,
                    0.0105425892398,
                    -0.00431263400242,
                    -0.000756140041631,
                    0.00203439546749,
                    0.000128519706777,
                    -0.00323667097837,
                    0.00137697230093,
                    -0.0012384679867
                ],
                [
                    0.000366643915186,
                    -0.00139408034738,
                    0.000863382825628,
                    0.000429528445238,
                    -0.000357024313416,
                    -0.00431263400242,
                    0.0121966758743,
                    -0.0058336998336,
                    -0.000560077489354,
                    0.00270647346042,
                    -0.000937698583584,
                    -0.00225254381076,
                    0.00277930288576
                ],
                [
                    -0.000586685200687,
                    0.00231665931642,
                    -0.00274446816184,
                    0.000703311699908,
                    0.00181070412509,
                    -0.000756140041631,
                    -0.0058336998336,
                    0.0157927498221,
                    -0.00737386755645,
                    0.000577273371164,
                    -0.000368161359802,
                    0.00318910111673,
                    -0.00460593961179
                ],
                [
                    0.000734429457225,
                    -0.00384377851151,
                    0.00277336267754,
                    -0.00330175808631,
                    0.000223630893743,
                    0.00203439546749,
                    -0.000560077489354,
                    -0.00737386755645,
                    0.0187923870981,
                    -0.0119037153199,
                    0.00627051433548,
                    -0.00227271206677,
                    0.000936824129894
                ],
                [
                    -0.000727731559891,
                    0.00438065873459,
                    -0.00298289395869,
                    0.00378080247901,
                    -0.00255560385995,
                    0.000128519706777,
                    0.00270647346042,
                    0.000577273371164,
                    -0.0119037153199,
                    0.0245167538524,
                    -0.0133985867724,
                    0.00267908233218,
                    0.00142638047691
                ],
                [
                    0.000708158302587,
                    -0.00455665122718,
                    0.00218101753853,
                    -0.00366130843759,
                    0.00318191177212,
                    -0.00323667097837,
                    -0.000937698583584,
                    -0.000368161359802,
                    0.00627051433548,
                    -0.0133985867724,
                    0.0222453325987,
                    -0.00834134500474,
                    0.00191981741227
                ],
                [
                    -0.000441225682152,
                    0.00348493619822,
                    -0.000798816035967,
                    0.00351578835398,
                    -0.00285112392157,
                    0.00137697230093,
                    -0.00225254381076,
                    0.00318910111673,
                    -0.00227271206677,
                    0.00267908233218,
                    -0.00834134500474,
                    0.0204176008701,
                    -0.0085643036291
                ],
                [
                    0.000331934541464,
                    -0.00246863882057,
                    0.000807700154837,
                    -0.00163559161592,
                    0.00177717127372,
                    -0.0012384679867,
                    0.00277930288576,
                    -0.00460593961179,
                    0.000936824129894,
                    0.00142638047691,
                    0.00191981741227,
                    -0.0085643036291,
                    0.0173552129418
                ]
            ],
            "mean": [
                -25.2319412231,
                80.0291519165,
                -67.6236343384,
                39.7012062073,
                -75.5847167969,
                20.2488498688,
                -49.273853302,
                15.1524457932,
                -36.315032959,
                7.75467443466,
                -13.2484836578,
                -0.160244375467,
                -4.59941387177
            ]
        },
        "hfc": {
            "dmean": 12.580031395,
            "dmean2": 18.9619884491,
            "dvar": 573.033935547,
            "dvar2": 1397.19775391,
            "max": 518.35736084,
            "mean": 24.9112319946,
            "median": 13.2402982712,
            "min": 1.11973202825e-16,
            "var": 1122.19250488
        },
        "melbands": {
            "dmean": [
                0.000963977538049,
                0.00113810272887,
                0.00084643898299,
                0.000679835735355,
                0.000365802377928,
                0.000252588419244,
                0.000146549180499,
                0.000105868173705,
                5.94628727413e-05,
                3.61000165867e-05,
                3.42545536114e-05,
                4.01562174375e-05,
                3.94423768739e-05,
                3.74374467356e-05,
                2.79047599179e-05,
                1.68146561919e-05,
                9.30687656364e-06,
                8.96264555195e-06,
                7.84143867349e-06,
                6.43920020593e-06,
                7.58040459914e-06,
                5.19573040947e-06,
                4.3310719775e-06,
                4.29206420449e-06,
                4.64659433419e-06,
                5.0740691222e-06,
                4.57518990515e-06,
                3.46756542058e-06,
