{"metadata": {"tags": {"label": ["Ministry of Sound"], "catalognumber": ["GCCD05"], "genre": ["Electronica", "Dance"], "asin": ["B000UIH2P8"], "album": ["Gatecrasher: Immortal"], "originalalbum": ["Gatecrasher: Immortal"], "musicbrainz album type": ["Album", "Compilation", "DJ-mix"], "script": ["Latin"], "albumartistsort": ["Bond, Scott"], "musicbrainz album release country": ["GB"], "acoustid_id": ["5410a3de-9eaa-46d3-b7c9-26fb850309ae"], "musicbrainz_artistid": ["2563635f-e78b-495d-9d56-ae4f8eb5cc8b"], "musicbrainz_releasegroupid": ["15a687d6-0a23-31e2-8fcd-0ae0439efee1"], "musicbrainz_recordingid": ["1c055271-1123-48e1-8039-1852f1efa3b7"], "albumartist": ["Gatecrasher"], "barcode": ["5051275007626"], "contentgroup": ["Electronic,Progressive house,Progressive trance,Techno,Trance"], "originaldate": ["2007"], "musicbrainz album status": ["Official"], "artist": ["Kristine Blond"], "musicbrainz_albumid": ["02bf0793-d5f5-450c-8fad-03bbedb7815b"], "artistsort": ["Blond, Kristine"], "title": ["Love Shy (Electrique Boutique mix)"], "tracknumber": ["05/17"], "musicbrainz_albumartistid": ["7783b6ee-2eb4-4dde-b63d-610351701f07", "1eefad44-ba0d-4c91-8dbf-c0452dbc8771", "30fe82d2-686c-4477-a22d-fb6ad9262ee8"], "artistwebpage": ["http://www.gatecrasher.com/"], "encoding": ["Lame3.98"], "discnumber": ["03/3"], "date": ["2007"], "acoustid_fingerprint": ["AQADtEmiSJKiJEmSDEflCT6FHh9L9BCzoSc-7SjMFc-OF-YYC_2N3OjRHCduDmUK68jFozINqXmQU8fRfEGv4-qN7-gicfjxwz_CxjjygzkaGg965LBEQhcOP0f7o_jhDlptvKiX4cVx-jiew0d1HNV24RNMHK_xwBwOXbVgEvlQHvXgoUcZhhyso9eFuJSghwhJffDBKzfO4HyKysnxXMFp9IclFkdPZD-Odod1HJ9gHp1R_vhh6DcO88CPG9dTiCdemAh_FIfzo-iPHyl6Hv3ho-WhWYUv5EdPVD5OpfA7wJKUG_6GH6lraCVxSshiwd_xGGWPb_rxiUOJw2sBpsfxoYcZIzBXaMd99CXho97RrjCuQ5vxlegjOEaP_nCH41QhPviJDzdxHL4efMg1-Ap--DjRo4c_4Uf-QxylHJ3dIR-uVA3YB_3hB48l9MSLbzpOHr1EfIePkAek__jRwzweHD984i_g15AVHbewBeEnfDxuoTy-CA-8iR6M9qTR62j2GKeCH012PPxwzTC-IzfEiAzC48GNJ7h2HM3yo_fxUS6StjIRpwe84y_Ko6m0HbuCf_iD5BYR5gqqB-ue4smPH_1xtFzQTYaeHCWJZ8cnXCfuCNeDiyQeH5aX49TxIPmL-CgvmD9qKiOeZMQ-5WCPY3KeoKkoHj9yHslR5jmaKdpRH76OSY7045PmgGuPH3vwWWjOHH0ivMMX5ni2RTlOUfAeXDqeGw-a7-hj5Dj049PRi4a_o8OFmNsD1L_RHO-D6_gkPFEJZxnxePiP9Dn0IQ-u4_zxJKk8_PCOq8eXXAr-HFcUw9kxMzOeGL2O5rFwrqCi48qDUGIeaLmP3EdfBtQnfNhewkdMGcmUKMd39Lk0NDsePAquJTHOB32K9CKSZ8X0HOODX7hz_Mef4-lxo2NThOmhIzdOTiifY_ILPk1x78WUiEevRTiP-0P3I21CnDvEI3_hjujt4tE6PPfR_EP54kfSI3zgJcJ51PpxIuLxeJCOpkQkbvmQw_wL9UuP5wjjphZ6_EAVjQ4qZzluHMel5ML1ZWiPZl2CXNCJikcufTgn-OmMwx07oQ5uoh-cGJUfoR98eE-OJwv6o9vRZ8I79KmDMFPwUKZw81Ck3EGY4-Ap9H0w5RjVHE-PX7ikNciTUYaU5EdIPzhWXqh1hMkXJC-a48qL93AV3LiO2ni2HO8W5HaRLCd6Cffxp_hw47rwGr0GR1LxIR51Irmox-iF46fxJUfDfJHR9cQZ5Ejw4uXx63jmYh9e9CmoCb284ypyQyfyY2Ly6Wi28Ojhz5hunOrBJy_-oxI27gip9NBlHLl6NE8RVtoLXbKLHE1yRah4fJGFHdVzMDF-odSP5k9QvUPzI096VDwah4dURsmQH_sPK9Ie_MMzNJOOK1kGO-ZwIR9KJsO3w1K_4_nwDz9ahLnwaDsu4keoXC-a_NAuH9thRgfzBreJo3mOaicePQm-F_oibIqI79C7FDl85jieH6WUH-0EXE2CvUgn5UIiX0H_ZLg7oTQeVthn3Dh6Iw9NJHVenPhxHpfxHT0ea2jjwHGGhHsR7sGN0sITPdgNtsaxXUd95Gug2wgT__A1tNRxfXiyB32LhnJxHWdYI5RuTEkE6fCU0NhFHGgmLeg1PJNuVIeWH18-nAy0xDwez0X64zsapw_ulHimZEXsF5odpNtxHBdpdOIS3MeFI5dw5YF4PJFinEKzo8dPPFWF_6guXDz0Gk5_nERLfEeX40uBB75W_NAe3Mh3nKh__DiP5GWOVEcliTge6SirG_5wHT58RviRnI4ipLlx5cSbw1-Knvjx4xHyJoT6I2eIi1vRH-V09DDTGKV-PCHyQ6VoPEdY_mg-XMVxCq-LF-1VbCsO_kbCHNGeoz_eod0j_MeZBH2Cf8gPuelxiT_CpGKHSD9RSod0YTqOPMdJo1q0JAdO4pGKRyd-BOZxHsXToSyPXPiJHz_h47DM48dxlchh7dCNnmgf-EW7orAO7TwKmJfRo69gafjRkzh6-D7aaEfXHQ0JvUZoDadkeMeP9WoR_9CP_GhmPKgdg_pQIa9MyELt_MiOH16RC0e7Gwreod9x4jnSH_3Rw4zRR-hp4TpS9CT0GX2Q6hWedTju4Wh7zH3QP3CoBke6Z5B8-Mjxtrjh_MQ5HD56HH0Pfg1-pEfPMDix8xqan_jhozpxo4cvEa3RF1bREn195PDxG12PSK-O5tAzoj_OIz2Fw9qxCzlheYY-wi9uXCnyG4dhZgdy-Phx6IZp3KTg4xcOD-9xIc8EDz8D58gPcTrOM4i2owcMiGFECOaQAkIpwggTQAAzDALGECuIEQQEKShWCAYjFBRWMAfMgwhTwhxjgjjODFBAKCAYQcYQxgQTRjknKZOEOAOIk4QIAAAjxgLBhBCECQYoII5QoIAAhAhEFQBCWMAEMsMIIBAzggkEAzBKDCOMcIAwqg3TghkChFBACAWoIEAQxoQSAgjAkBLMFCCIAdQJQxxEVgArCBRIESWYNNAkQhgAQiCqDRMGEQYRQkYhAxxVygrhAGMKKUKINIgoYiRjAgFlNBIOKoKBIoogAARD0DlABCLICCaAUcYIoMgTABEghCFACIWQMAYQBABiCgEFCAASI0AAkEJQKQxiSjABgBFCiEeRQQJwhhAjhCGlJBPCEKEMAIIiwYVxAAEBjDAIGEGAMYUJZYAAwAFEGZFGOAQIEAEAAAhG1BEsiUBAOqCAAsgRBgwGhADEFBUGAAEJFMAKAA0giBBjCAIIIKIUcQ4JoqQESBBHHBNGAQCkQIAQIpwywgECkLAMCKSQVIAgIgBQiAggEGNIKEQAGIgYhBxgAgkDjAIWEkaUIMA4ZAhnBAAkEGCIIoAMBIQQI6wBSASChFICAQRAQBQhAQAhyCgABALIIUWEYQgYwxUS1ggBkmKCCAEIMgoIhIjQAgRgsAIGEAcUQxAQgAAiAWCiBCIeUaMAEAYQQSgCjDAjiBHCEECwAUIpoACxyhggmACCKoCFAUgIRYAxgBCBBDEQCIacgEQQIJEigAnkAGWKACIAEkwoiAgQBGGgFDMEEOGAAYICYRSADAIrLDASPmOUcMgRJoiwjJiigGDIIAcFUMAR4IQAQBXoqREEOIMkMIQR4gBThDgGvBECOaaBExIY5AVpQhigiGDAAGAAAEAIIYASxiCBnBCEIEEgZgJQRwSiVBkHl7BGmKIsEYY8IYyhCg"], "media": ["(CD)"], "file_name": "03-05 Love Shy (Electrique Boutique mix).mp3", "language": ["eng"], "length": ["97391548"]}, "audio_properties": {"sample_rate": 44100, "downmix": "mix", "lossless": false, "analysis_sample_rate": 44100, "md5_encoded": "b1180a25c71d8387987de79eb5a937a9", "equal_loudness": 0, "replay_gain": -13.0498847961, "codec": "mp3", "bit_rate": 320031, "length": 270.628570557}, "version": {"extractor": "music 1.0", "essentia_build_sha": "2d9f1f26377add8aeb1075a9c2973f962c4f09fd", "essentia_git_sha": "v2.1_beta2-1-ge3940c0", "essentia": "2.1-beta2"}}, "rhythm": {"beats_loudness_band_ratio": {"dvar2": [0.0481875352561, 0.0189114119858, 0.0282455552369, 0.0430027395487, 0.0332121625543, 0.00457427557558], "var": [0.109431110322, 0.0135778589174, 0.0160838365555, 0.0262940227985, 0.0248627942055, 0.00283326231875], "min": [3.50472328137e-05, 0.000270639749942, 0.00049782928545, 0.000676064461004, 9.34281561058e-05, 0.000127407591208], "dmean": [0.149182423949, 0.0581699125469, 0.0803859680891, 0.120340883732, 0.097113147378, 0.0330308899283], "mean": [0.312597215176, 0.0967595800757, 0.133563429117, 0.217454567552, 0.206689044833, 0.0621003992856], "max": [0.97979593277, 0.764500975609, 0.844222009182, 0.897353351116, 0.750211119652, 0.285823225975], "dmean2": [0.284125715494, 0.101308166981, 0.138509243727, 0.210715487599, 0.17313323915, 0.0589932948351], "median": [0.188021868467, 0.0568586140871, 0.103146143258, 0.198444247246, 0.192703902721, 0.0547093041241], "dvar": [0.015376704745, 0.00694709736854, 0.00959776062518, 0.0144553743303, 0.0113316886127, 0.00143863994163]}, "bpm_histogram_first_peak_weight": {"dvar2": 0, "var": 0, "min": 0.562289535999, "dmean": 0, "mean": 0.562289535999, "max": 0.562289535999, "dmean2": 0, "median": 0.562289535999, "dvar": 0}, "bpm": 134.804901123, "beats_count": 595, "bpm_histogram_first_peak_spread": {"dvar2": 0, "var": 0, "min": 0.342519700527, "dmean": 0, "mean": 0.342519700527, "max": 0.342519700527, "dmean2": 0, "median": 0.342519700527, "dvar": 0}, "danceability": 1.30455994606, "bpm_histogram_first_peak_bpm": {"dvar2": 0, "var": 0, "min": 136, "dmean": 0, "mean": 136, "max": 136, "dmean2": 0, "median": 136, "dvar": 0}, "beats_position": [0.476009070873, 0.940408170223, 1.39319729805, 1.83437633514, 2.28716540337, 2.73995471001, 3.1811337471, 3.62231278419, 4.07510185242, 4.52789115906, 4.96907043457, 5.41024923325, 5.85142850876, 6.30421733856, 6.7570066452, 7.19818592072, 7.63936471939, 8.09215450287, 8.54494285583, 8.98612213135, 9.42730140686, 9.86848068237, 10.321269989, 10.774058342, 11.2152376175, 11.656416893, 12.0975961685, 12.5503854752, 13.0031747818, 13.4443531036, 13.8855323792, 14.3383216858, 14.7911109924, 15.2322902679, 15.6734695435, 16.114648819, 16.5558280945, 17.0086174011, 17.4614048004, 17.9025840759, 18.3437633514, 18.7965526581, 19.2493419647, 19.6905212402, 20.1317005157, 20.5728797913, 21.0256690979, 21.4784584045, 21.9196376801, 22.3608150482, 22.8019943237, 23.2431735992, 23.6959629059, 24.1487522125, 24.589931488, 25.0311107635, 25.4839000702, 25.9366893768, 26.3778686523, 26.8190479279, 27.2602272034, 27.7130146027, 28.1774139404, 28.6302032471, 29.0713825226, 29.5241718292, 30.0001811981, 30.476190567, 30.9521980286, 31.3933773041, 31.8345565796, 32.2873458862, 32.7401351929, 33.1929244995, 33.6457138062, 34.2029914856, 34.7602729797, 35.3175506592, 35.8748283386, 36.4321098328, 36.9893875122, 37.5234451294, 38.0691146851, 38.6147842407, 39.1604537964, 39.7061233521, 40.2053489685, 40.7045783997, 41.2154197693, 41.703037262, 42.1790466309, 42.6550559998, 43.1310653687, 43.6070747375, 44.0830841064, 44.5590934753, 45.0583229065, 45.5459403992, 46.0451698303, 46.5095672607, 46.9739685059, 47.4383659363, 47.9027671814, 48.3671646118, 48.8315620422, 49.2959632874, 49.748752594, 50.2015419006, 50.7820396423, 51.362537384, 51.9546470642, 52.5467567444, 53.1272544861, 53.661315918, 54.1953735352, 54.7178230286, 55.240272522, 55.7743301392, 56.3083877563, 56.8308372498, 57.3532867432, 57.8641242981, 58.3865737915, 58.8974151611, 59.4198646545, 59.8610420227, 60.3022193909, 60.7434005737, 61.1845779419, 61.6373672485, 62.0901565552, 62.5429458618, 62.9957351685, 63.4485244751, 63.9013137817, 64.3541030884, 64.806892395, 65.2596817017, 65.7124710083, 66.1652603149, 66.6180496216, 67.0824508667, 67.5584564209, 68.022857666, 68.4872512817, 68.9400405884, 69.416053772, 69.9384994507, 70.4493408203, 70.9601821899, 71.4710159302, 71.9818572998, 72.4926986694, 73.0151443481, 73.5375976563, 74.0484313965, 74.5592727661, 75.0701141357, 75.5925598145, 76.0453491211, 76.4865264893, 76.9393157959, 77.3921051025, 77.8332901001, 78.2744674683, 78.7156448364, 79.1684341431, 79.6212234497, 80.0624008179, 80.503578186, 80.9447631836, 81.3859405518, 81.8271179199, 82.2799072266, 82.7326965332, 83.1738739014, 83.626663208, 84.0678405762, 84.5090255737, 84.9618148804, 85.4029922485, 85.8441696167, 86.2853469849, 86.7265319824, 87.1677093506, 87.6204986572, 88.0732879639, 88.514465332, 88.9556427002, 89.3968200684, 89.8380050659, 90.2907943726, 90.7435836792, 91.1847610474, 91.6259384155, 92.0671157837, 92.5083007813, 92.9610900879, 93.4138793945, 93.8550567627, 94.2962341309, 94.737411499, 95.1785888672, 95.6313781738, 96.0841674805, 96.525352478, 96.9665298462, 97.4077072144, 97.8488845825, 98.2900695801, 98.7312469482, 99.1724243164, 99.6368255615, 100.07800293, 100.519180298, 100.960357666, 101.401542664, 101.85433197, 102.307121277, 102.748298645, 103.189476013, 103.630653381, 104.071838379, 104.513015747, 104.954193115, 105.406982422, 105.859771729, 106.300949097, 106.742126465, 107.183311462, 107.624488831, 108.077278137, 108.530067444, 108.971244812, 109.41242218, 109.853607178, 110.294784546, 110.747573853, 111.200363159, 111.641540527, 112.082717896, 112.523895264, 112.965080261, 113.417869568, 113.870658875, 114.311836243, 114.753013611, 115.194190979, 115.635368347, 116.076553345, 116.517730713, 116.958908081, 117.411697388, 117.864486694, 118.305664063, 118.74684906, 119.188026428, 119.640815735, 120.093605042, 120.53478241, 120.975959778, 121.417137146, 121.858322144, 122.31111145, 122.763900757, 123.205078125, 123.646255493, 124.087432861, 124.528617859, 124.981407166, 125.434196472, 125.87537384, 126.316551208, 126.757728577, 127.198905945, 127.640090942, 128.081268311, 128.534057617, 128.986846924, 129.428024292, 129.86920166, 130.310379028, 130.763168335, 131.204345703, 131.65713501, 132.098312378, 132.539505005, 132.980682373, 133.421859741, 133.874649048, 134.327438354, 134.768615723, 135.209793091, 135.650970459, 136.092147827, 136.533325195, 136.974502563, 137.41569519, 137.868484497, 138.321273804, 138.762451172, 139.20362854, 139.644805908, 140.097595215, 140.550384521, 140.99156189, 141.432739258, 141.873916626, 142.315093994, 142.767883301, 143.220672607, 143.661849976, 144.103042603, 144.544219971, 144.985397339, 145.426574707, 145.879364014, 146.33215332, 146.773330688, 147.214508057, 147.655685425, 148.108474731, 148.561264038, 149.002441406, 149.443618774, 149.884811401, 150.32598877, 150.767166138, 151.219955444, 151.672744751, 152.113922119, 152.555099487, 152.996276855, 153.437454224, 153.878631592, 154.331420898, 154.784210205, 155.225387573, 155.6665802, 156.107757568, 156.548934937, 156.990112305, 157.431289673, 157.884078979, 158.336868286, 158.789657593, 159.230834961, 159.672012329, 160.113189697, 160.554367065, 160.995559692, 161.436737061, 161.889526367, 162.330703735, 162.771881104, 163.213058472, 163.723892212, 164.234741211, 164.745574951, 165.279632568, 165.802078247, 166.324539185, 166.777328491, 167.230117798, 167.671295166, 168.124084473, 168.576873779, 169.018051147, 169.459228516, 169.900405884, 170.35319519, 170.794372559, 171.247161865, 171.688339233, 172.129516602, 172.57069397, 173.011871338, 173.453063965, 173.905853271, 174.358642578, 174.799819946, 175.240997314, 175.682174683, 176.123352051, 176.564529419, 177.005706787, 177.458496094, 177.9112854, 178.352462769, 178.793640137, 179.234832764, 179.676010132, 180.128799438, 180.581588745, 181.022766113, 181.463943481, 181.90512085, 182.357910156, 182.810699463, 183.251876831, 183.693054199, 184.134231567, 184.575408936, 185.016601563, 185.457778931, 185.910568237, 186.363357544, 186.804534912, 187.24571228, 187.686889648, 188.128067017, 188.569244385, 189.022033691, 189.474822998, 189.916000366, 190.357177734, 190.798370361, 191.239547729, 191.680725098, 192.133514404, 192.586303711, 193.027481079, 193.468658447, 193.909835815, 194.362625122, 194.815414429, 195.256591797, 195.697769165, 196.138946533, 196.58013916, 197.021316528, 197.474105835, 197.926895142, 198.36807251, 198.809249878, 199.250427246, 199.691604614, 200.132781982, 200.585571289, 201.038360596, 201.479537964, 201.920715332, 202.361907959, 202.803085327, 203.244262695, 203.697052002, 204.149841309, 204.591018677, 205.032196045, 205.473373413, 205.914550781, 206.355728149, 206.808517456, 207.261306763, 207.702484131, 208.143676758, 208.584854126, 209.037643433, 209.490432739, 209.931610107, 210.372787476, 210.813964844, 211.255142212, 211.69631958, 212.149108887, 212.601898193, 213.043075562, 213.48425293, 213.925445557, 214.366622925, 214.819412231, 215.272201538, 215.713378906, 216.154556274, 216.595733643, 217.036911011, 217.478088379, 217.930877686, 218.383666992, 218.82484436, 219.266021729, 219.707214355, 220.148391724, 220.60118103, 221.053970337, 221.495147705, 221.936325073, 222.377502441, 222.81867981, 223.271469116, 223.724258423, 224.165435791, 224.606613159, 225.047790527, 225.488967896, 225.930160522, 226.382949829, 226.835739136, 227.276916504, 227.718093872, 228.15927124, 228.600448608, 229.041625977, 229.494415283, 229.94720459, 230.388381958, 230.829559326, 231.270736694, 231.711929321, 232.153106689, 232.605895996, 233.058685303, 233.499862671, 233.941040039, 234.382217407, 234.835006714, 235.287796021, 235.728973389, 236.170150757, 236.611328125, 237.052505493, 237.49369812, 237.958084106, 238.399276733, 238.840454102, 239.28163147, 239.722808838, 240.163986206, 240.628387451, 241.069564819, 241.510742188, 241.951919556, 242.393096924, 242.84588623, 243.298675537, 243.763076782, 244.239089966, 244.715103149, 245.202713013, 245.690338135, 246.15473938, 246.607528687, 247.060317993, 247.501495361, 247.942672729, 248.383850098, 248.836639404, 249.289428711, 249.730606079, 250.171783447, 250.612960815, 251.054138184, 251.495330811, 251.948120117, 252.400909424, 252.842086792, 253.28326416, 253.724441528, 254.165618896, 254.618408203, 255.07119751, 255.512374878, 255.953552246, 256.394744873, 256.835906982, 257.277099609, 257.729888916, 258.182678223, 258.623840332, 259.065032959, 259.506195068, 259.947387695, 260.388580322, 260.841369629, 261.294158936, 261.735321045, 262.176513672, 262.617675781, 263.058868408, 263.511657715, 263.964447021, 264.405609131, 264.846801758, 265.287963867, 265.729156494, 266.170349121, 266.634735107, 267.075927734, 267.517089844, 267.958282471, 268.39944458, 268.840637207, 269.293426514, 269.74621582, 270.18737793], "beats_loudness": {"dvar2": 0.00128880981356, "var": 0.001103090588, "min": 0.000116326329589, "dmean": 0.0161321423948, "mean": 0.0407783314586, "max": 0.168679818511, "dmean2": 0.0286050476134, "median": 0.0332661159337, "dvar": 0.000442748627393}, "bpm_histogram_second_peak_weight": {"dvar2": 0, "var": 0, "min": 0.0303030312061, "dmean": 0, "mean": 0.0303030312061, "max": 0.0303030312061, "dmean2": 0, "median": 0.0303030312061, "dvar": 0}, "bpm_histogram_second_peak_spread": {"dvar2": 0, "var": 0, "min": 0.419354826212, "dmean": 0, "mean": 0.419354826212, "max": 0.419354826212, "dmean2": 0, "median": 0.419354826212, "dvar": 0}, "bpm_histogram_second_peak_bpm": {"dvar2": 0, "var": 0, "min": 129, "dmean": 0, "mean": 129, "max": 129, "dmean2": 0, "median": 129, "dvar": 0}, "onset_rate": 4.66671276093}, "lowlevel": {"spectral_energyband_high": {"dvar2": 1.63511151641e-06, "var": 1.23469112623e-06, "min": 6.3478597243e-15, "dmean": 0.00047053390881, "mean": 0.000803136790637, "max": 0.0134967966005, "dmean2": 0.000709754531272, "median": 0.000390631728806, "dvar": 7.14693101145e-07}, "spectral_energyband_middle_low": {"dvar2": 0.000416819180828, "var": 0.000133674693643, "min": 9.82676803428e-16, "dmean": 0.0054823262617, "mean": 0.00662773801014, "max": 0.11405261606, "dmean2": 0.00910584628582, "median": 0.00333006028086, "dvar": 0.000162459575222}, "spectral_energy": {"dvar2": 0.000647429376841, "var": 0.000924140505958, "min": 9.89221064681e-15, "dmean": 0.0123963383958, "mean": 0.0279661901295, "max": 0.198736190796, "dmean2": 0.0179972629994, "median": 0.0174414142966, "dvar": 0.000341571576428}, "spectral_spread": {"dvar2": 815608627200, "var": 2039150936060.0, "min": 1328320.125, "dmean": 491371.75, "mean": 4420741, "max": 38996120, "dmean2": 758033.875, "median": 4366660.5, "dvar": 448675741696}, "spectral_energyband_low": {"dvar2": 0.000649317691568, "var": 0.000676802825183, "min": 2.38282246376e-17, "dmean": 0.00885539315641, "mean": 0.0134483668953, "max": 0.194520875812, "dmean2": 0.0123866200447, "median": 0.00321713276207, "dvar": 0.000354948831955}, "spectral_rolloff": {"dvar2": 1803508.5, "var": 2105554.75, "min": 64.599609375, "dmean": 598.424621582, "mean": 1826.74157715, "max": 16580.5664063, "dmean2": 949.269958496, "median": 1658.05664063, "dvar": 896476.125}, "barkbands": {"dvar2": [7.06330141043e-08, 0.000508500554133, 0.000507326447405, 9.17670622584e-05, 0.000221882015467, 1.50449602643e-06, 1.13451119432e-06, 3.59513876447e-07, 4.6741447477e-06, 1.05712297227e-05, 7.18601722838e-06, 2.0198533548e-06, 9.69102802628e-06, 9.0458224804e-06, 6.86916564518e-06, 1.67937832884e-06, 1.01957391507e-06, 4.35905235463e-07, 2.42187041977e-07, 2.8522026696e-07, 8.75906707165e-08, 5.6369909629e-08, 7.18936661315e-08, 3.73675312915e-08, 2.72167017812e-08, 1.13412665925e-08, 8.97324325955e-10], "var": [6.3844225906e-08, 0.00029600574635, 0.000181196344784, 2.65241251327e-05, 4.56806192233e-05, 1.03488309833e-06, 9.43799534525e-07, 2.818863436e-07, 3.94631342715e-06, 1.26597096823e-05, 6.5023764364e-06, 1.54462645696e-06, 5.06975175085e-06, 6.196031336e-06, 4.65369339508e-06, 1.57985630267e-06, 7.27708084014e-07, 3.68222060843e-07, 1.68681367541e-07, 1.79967017289e-07, 5.8998413266e-08, 3.96200299235e-08, 4.03277766736e-08, 3.25154445591e-08, 1.85599073887e-08, 6.12891115637e-09, 3.42454398172e-10], "min": [1.07218886301e-17, 1.12761145298e-17, 4.53131442072e-18, 6.85141872695e-18, 5.18694488798e-17, 6.12949238057e-17, 3.20622021394e-17, 1.74001319673e-16, 5.29952463257e-16, 3.21404110737e-16, 2.28208251924e-16, 2.86456696003e-16, 6.77549066047e-17, 1.74654382076e-16, 1.45027962142e-16, 1.89181817684e-16, 1.65080342203e-16, 1.58471248518e-16, 2.60337085116e-16, 8.03707000244e-16, 1.21224750785e-15, 2.38736050895e-16, 3.69960142089e-16, 3.95157704674e-16, 5.55718252601e-16, 1.2394943343e-15, 1.95982184643e-15], "dmean": [8.1677288108e-05, 0.00646915426478, 0.00482791103423, 0.00189258018509, 0.00283815478906, 0.000483003910631, 0.000443729630206, 0.000185587094165, 0.0007484240341, 0.000789789715782, 0.000600901897997, 0.000469565828098, 0.0009487788775, 0.000877259997651, 0.000733135791961, 0.000434007495642, 0.000357420154614, 0.000205648248084, 0.000182403120562, 0.000188391320989, 0.000105296159745, 8.09911070974e-05, 9.24186606426e-05, 7.50594699639e-05, 5.26857002114e-05, 2.8379543437e-05, 7.39167035135e-06], "mean": [0.000119093463582, 0.00866855960339, 0.00392818311229, 0.0015230611898, 0.0023295248393, 0.000646169763058, 0.000661057594698, 0.000250599696301, 0.00102935533505, 0.00125242036302, 0.000806251424365, 0.000645463878755, 0.00124553067144, 0.00116667058319, 0.000966853520367, 0.00063204288017, 0.000535589351784, 0.000317086378345, 0.00027848748141, 0.000279616302578, 0.000159769551829, 0.000130099593662, 0.000137445225846, 0.000130421452923, 8.25214810902e-05, 3.59598052455e-05, 8.33107878861e-06], "max": [0.00359006458893, 0.136520400643, 0.140368193388, 0.0792088806629, 0.0736030340195, 0.0300100427121, 0.0113918157294, 0.0132408021018, 0.0435050874949, 0.0603859126568, 0.0471248589456, 0.034343726933, 0.0498352758586, 0.050599232316, 0.0503940060735, 0.0376449972391, 0.0103588011116, 0.0209003631026, 0.00666625471786, 0.00507900165394, 0.00250375294127, 0.00202072132379, 0.00233891629614, 0.00189130520448, 0.00239190505818, 0.00139367196243, 0.000341736653354], "dmean2": [0.000118298376037, 0.00973582547158, 0.00786450318992, 0.00325321871787, 0.00524481898174, 0.000811113335658, 0.000713277433533, 0.000298203405691, 0.00115250563249, 0.00123855751008, 0.000978850875981, 0.000763035612181, 0.00155614688993, 0.00144226592965, 0.00119683973026, 0.000693902082276, 0.000570290139876, 0.000327477639075, 0.000285839661956, 0.000293908931781, 0.000162319280207, 0.000128223662614, 0.000151560758241, 0.000116830218758, 8.41512810439e-05, 4.57766800537e-05, 1.25083906823e-05], "median": [1.7755839508e-05, 0.00170395080931, 0.000264008995146, 0.000151070897118, 0.000774249434471, 0.00035203556763, 0.000280103820842, 8.36759863887e-05, 0.000324294087477, 0.000265405687969, 0.000232432648772, 0.000244496215601, 0.000498986104503, 0.000425156700658, 0.00036912393989, 0.000273554527666, 0.000218349741772, 0.000150149775436, 0.000132303830469, 0.000122228128021, 6.92466637702e-05, 5.19709574291e-05, 5.59588952456e-05, 5.44528083992e-05, 3.11623698508e-05, 1.03724305518e-05, 1.90715559256e-06], "dvar": [3.37922578808e-08, 0.000211853781366, 0.000211737933569, 3.56282289431e-05, 7.70475307945e-05, 6.03269825206e-07, 4.73805471302e-07, 1.59665532351e-07, 2.19175149141e-06, 4.70639406558e-06, 3.2030886814e-06, 8.68359336437e-07, 3.89149045077e-06, 3.67888924302e-06, 2.97907558888e-06, 7.95757728156e-07, 4.36824251437e-07, 1.81547477496e-07, 1.08222643291e-07, 1.22249218748e-07, 3.91852523762e-08, 2.39242030631e-08, 2.91286923471e-08, 1.63908548956e-08, 1.12773124172e-08, 4.59392968111e-09, 3.32602057007e-10]}, "melbands_skewness": {"dvar2": 3.24620461464, "var": 5.4967751503, "min": -1.94769191742, "dmean": 0.945915043354, "mean": 2.31355667114, "max": 20.8958969116, "dmean2": 1.31660699844, "median": 1.57314693928, "dvar": 1.60357868671}, "barkbands_skewness": {"dvar2": 1.98616504669, "var": 2.70254278183, "min": -2.49209332466, "dmean": 0.691378176212, "mean": 1.17855298519, "max": 23.202205658, "dmean2": 0.962632477283, "median": 0.751683175564, "dvar": 0.953329622746}, "erbbands": {"dvar2": [0.109482176602, 35.7710838318, 437.318695068, 638.799743652, 3358.35375977, 1448.46472168, 159.60534668, 120.962341309, 235.898208618, 323.573638916, 188.582504272, 2690.25366211, 5982.46630859, 11827.8759766, 4905.75097656, 2373.93408203, 21241.9316406, 10562.9130859, 25143.6386719, 15476.0107422, 3005.29150391, 3267.27929688, 1240.77111816, 943.263183594, 631.784545898, 473.574493408, 209.293228149, 114.857284546, 93.2083282471, 47.7863616943, 71.0492401123, 27.2169857025, 7.394053936, 4.31231212616, 1.31612801552, 0.240059301257, 0.0412906557322, 0.00199498492293, 3.13768614433e-05, 7.05581868488e-08], "var": [0.120715849102, 20.5236434937, 200.948486328, 241.312561035, 736.733886719, 304.444091797, 55.8276786804, 93.4027023315, 202.2056427, 259.790802002, 154.315048218, 1952.15356445, 7116.70166016, 13692.0888672, 4565.53125, 2007.72033691, 11273.5488281, 6320.35009766, 14956.5117188, 13020.3037109, 2309.47314453, 2365.29467773, 1378.04187012, 707.109191895, 406.378601074, 350.904144287, 135.751251221, 77.0186309814, 58.0360984802, 34.9832420349, 35.0576705933, 20.4240398407, 6.1187376976, 2.64090800285, 0.882633447647, 0.157021731138, 0.0184885170311, 0.000868124188855, 1.15922830446e-05, 2.33121362214e-08], "min": [4.86167636148e-16, 2.00758031686e-15, 4.97633592929e-15, 1.50844353691e-14, 6.17992595574e-14, 1.97662036478e-13, 4.11540511955e-13, 5.04043909475e-13, 4.01510205292e-13, 1.31309210467e-12, 5.61919608066e-12, 1.17842966288e-11, 1.22248071041e-11, 8.46672471716e-12, 1.10988379945e-11, 1.06143965145e-11, 3.76488987555e-12, 7.57669187806e-12, 5.98542352834e-12, 1.29414924957e-11, 8.81349247056e-12, 8.77959944329e-12, 7.83273619576e-12, 8.62443970406e-12, 2.00384153715e-11, 3.79853752619e-11, 5.41180225633e-11, 3.61690295769e-11, 9.21423354283e-12, 9.94171845542e-12, 9.99704746069e-12, 8.05468539089e-12, 6.42417195829e-12, 5.11101317519e-12, 4.2391402888e-12, 3.18053352752e-12, 2.13277204057e-12, 1.83924598642e-12, 3.1627950042e-13, 1.60026495771e-14], "dmean": [0.11655087024, 1.70473110676, 5.00951766968, 5.62062835693, 10.7116794586, 7.61376476288, 4.08553409576, 4.28584480286, 5.54617500305, 6.52366828918, 5.40186929703, 17.4314041138, 19.4355182648, 22.8994159698, 21.1313533783, 19.8724403381, 42.940071106, 31.7347068787, 40.4842414856, 41.9108848572, 18.4594974518, 19.551858902, 12.1776380539, 10.5551710129, 8.98087024689, 8.16060256958, 5.13777828217, 3.77864408493, 3.09212946892, 2.5917339325, 2.72694706917, 1.94439518452, 1.04213500023, 0.675656497478, 0.339232981205, 0.135048344731, 0.0511571392417, 0.0117824692279, 0.0013531629229, 6.11512514297e-05], "mean": [0.20597371459, 2.09381175041, 4.68465852737, 4.90629482269, 8.02268505096, 6.51993131638, 4.92482709885, 5.95728254318, 8.33115768433, 9.23627948761, 8.05606651306, 23.9013080597, 31.3050365448, 37.4604911804, 30.0385856628, 29.8122406006, 57.9711723328, 45.3271026611, 55.7382049561, 59.3680076599, 28.9214515686, 30.1631584167, 20.3864021301, 16.5895442963, 13.4790239334, 12.8340930939, 7.72898435593, 5.92777872086, 4.72271680832, 4.26575660706, 3.80502271652, 3.23237586021, 1.76695680618, 1.06595921516, 0.503724336624, 0.185509756207, 0.0604761876166, 0.013882515952, 0.00149121135473, 8.64986504894e-05], "max": [2.58991122246, 37.0894393921, 138.479675293, 196.352722168, 272.389953613, 184.384078979, 127.499099731, 262.14440918, 199.710144043, 190.085723877, 256.052947998, 870.153747559, 1808.08703613, 2484.21777344, 1397.67871094, 956.744628906, 2317.70996094, 1358.09655762, 3075.25219727, 2283.55273438, 884.647644043, 738.807861328, 1462.22912598, 655.205078125, 272.049346924, 321.3175354, 121.256500244, 95.5773086548, 77.9966430664, 59.4164085388, 81.335319519, 42.0196533203, 29.7256679535, 28.4042263031, 16.9264431, 6.97213840485, 2.84761762619, 0.509521007538, 0.0697050541639, 0.00333791458979], "dmean2": [0.172203734517, 2.50848865509, 7.68565225601, 8.82685565948, 19.5601730347, 14.0107221603, 6.99885034561, 7.11774587631, 8.99790477753, 10.3173046112, 8.52187919617, 27.1534633636, 29.9378433228, 35.8824958801, 33.7231941223, 32.2413101196, 69.9602813721, 51.8283004761, 66.1168670654, 66.7313461304, 28.8977146149, 30.6668395996, 18.9400463104, 16.4396591187, 13.9804000854, 12.7120676041, 7.94554328918, 5.90863037109, 4.94965457916, 4.10880708694, 4.52171754837, 3.06339502335, 1.61470448971, 1.08020162582, 0.548933446407, 0.217988684773, 0.0833158567548, 0.0191871616989, 0.00230322754942, 0.000103379170469], "median": [0.0444469675422, 0.347235798836, 0.521837592125, 0.568839073181, 1.66238951683, 2.19491076469, 2.52132940292, 3.27351903915, 3.40262174606, 3.34455537796, 3.76600885391, 7.73280334473, 8.83269500732, 10.6715641022, 12.2116928101, 14.357301712, 24.2588920593, 19.7516593933, 22.0435256958, 22.7875709534, 13.1990194321, 12.4051609039, 9.76148223877, 8.16440391541, 6.0496711731, 5.93364906311, 3.43928575516, 2.5551097393, 1.80525457859, 1.84261929989, 1.45562565327, 1.33857440948, 0.731751084328, 0.430132865906, 0.173778712749, 0.0587622448802, 0.0160931646824, 0.00364309223369, 0.000335815624567, 4.71518324048e-05], "dvar": [0.0477499254048, 15.5819005966, 197.512741089, 268.990905762, 1192.46789551, 502.7215271, 57.6594848633, 49.036190033, 98.0373306274, 141.897506714, 83.8340072632, 1178.84240723, 2711.05273438, 5271.02050781, 2205.30859375, 1017.38342285, 8578.33789063, 4204.11181641, 10069.9248047, 6675.79052734, 1295.80541992, 1393.28137207, 567.00592041, 438.664428711, 275.577178955, 207.781494141, 92.7165603638, 49.7038841248, 38.5627555847, 20.2702159882, 28.0962104797, 11.3670167923, 3.26377153397, 1.73137748241, 0.550685107708, 0.100754007697, 0.0161093492061, 0.000783603638411, 1.15901193567e-05, 2.50291201098e-08]}, "silence_rate_30dB": {"dvar2": 0.108907341957, "var": 0.0312161017209, "min": 0, "dmean": 0.0451308451593, "mean": 0.967741906643, "max": 1, "dmean2": 0.0902694389224, "median": 1, "dvar": 0.0430945195258}, "melbands_spread": {"dvar2": 344.23928833, "var": 436.727355957, "min": 0.339185327291, "dmean": 10.1790065765, "mean": 31.1102848053, "max": 228.569915771, "dmean2": 15.2210731506, "median": 28.1938858032, "dvar": 163.329071045}, "melbands_crest": {"dvar2": 27.2794151306, "var": 47.2832756042, "min": 2.75980210304, "dmean": 3.7558119297, "mean": 14.4986448288, "max": 34.09973526, "dmean2": 5.94964504242, "median": 12.98645401, "dvar": 11.245464325}, "zerocrossingrate": {"dvar2": 0.000223966635531, "var": 0.0014444750268, "min": 0.0029296875, "dmean": 0.0127618834376, "mean": 0.0686133205891, "max": 0.490234375, "dmean2": 0.013685785234, "median": 0.06201171875, "dvar": 0.000212537444895}, "barkbands_kurtosis": {"dvar2": 865.285217285, "var": 340.846252441, "min": -1.75875079632, "dmean": 4.30270195007, "mean": 4.16392087936, "max": 714.161987305, "dmean2": 6.4684009552, "median": 0.203235805035, "dvar": 331.800933838}, "spectral_flux": {"dvar2": 0.00252704042941, "var": 0.00492834346369, "min": 4.14749192714e-05, "dmean": 0.0314303524792, "mean": 0.0977092012763, "max": 0.410268455744, "dmean2": 0.0459335595369, "median": 0.0821956023574, "dvar": 0.00146391824819}, "barkbands_crest": {"dvar2": 19.6347503662, "var": 30.0869464874, "min": 1.96600079536, "dmean": 3.18498373032, "mean": 10.6999015808, "max": 26.5309104919, "dmean2": 4.93612337112, "median": 9.36486625671, "dvar": 8.87845802307}, "barkbands_flatness_db": {"dvar2": 0.00156015949324, "var": 0.00364607432857, "min": 0.016464240849, "dmean": 0.0273720417172, "mean": 0.119654200971, "max": 0.439365357161, "dmean2": 0.0383209846914, "median": 0.108059808612, "dvar": 0.000893984804861}, "spectral_entropy": {"dvar2": 0.0549007467926, "var": 0.1616563797, "min": 5.62756586075, "dmean": 0.15460832417, "mean": 7.75318527222, "max": 9.80844116211, "dmean2": 0.227220997214, "median": 7.81339025497, "dvar": 0.0279867239296}, "pitch_salience": {"dvar2": 0.0149186123163, "var": 0.0220785271376, "min": 0.061367765069, "dmean": 0.0891756489873, "mean": 0.519398510456, "max": 0.940958499908, "dmean2": 0.134296894073, "median": 0.550589561462, "dvar": 0.00684120506048}, "erbbands_spread": {"dvar2": 170.366607666, "var": 337.218017578, "min": 3.11507129669, "dmean": 7.99539422989, "mean": 32.1746520996, "max": 164.111343384, "dmean2": 11.869509697, "median": 27.0649089813, "dvar": 82.4290313721}, "dynamic_complexity": 3.72689843178, "spectral_contrast_valleys": {"dvar2": [0.443479418755, 0.472552776337, 0.512087404728, 0.434880286455, 0.300935417414, 0.450177371502], "var": [1.53272366524, 0.652111828327, 0.698677420616, 0.756210505962, 0.853363752365, 1.67367351055], "min": [-27.192232132, -27.5296382904, -27.1348743439, -27.3856525421, -27.3731575012, -27.1552429199], "dmean": [0.480281174183, 0.464592814445, 0.463222593069, 0.419261604548, 0.357519835234, 0.395327121019], "mean": [-7.68647766113, -7.11335754395, -7.34026384354, -7.28892660141, -7.44332838058, -10.0372257233], "max": [-5.4539103508, -5.19667816162, -5.33489847183, -5.17140436172, -5.65679836273, -7.76144886017], "dmean2": [0.757943451405, 0.746725678444, 0.738859951496, 0.658466756344, 0.520536482334, 0.567465901375], "median": [-7.39820480347, -7.00764369965, -7.2277545929, -7.19899082184, -7.3306722641, -9.72347068787], "dvar": [0.230910107493, 0.213112473488, 0.22676935792, 0.205921947956, 0.167682990432, 0.230589255691]}, "hfc": {"dvar2": 379.652618408, "var": 448.042327881, "min": 8.28709600942e-11, "dmean": 10.0518426895, "mean": 21.8937339783, "max": 148.075881958, "dmean2": 15.0443840027, "median": 14.9420642853, "dvar": 176.530548096}, "spectral_kurtosis": {"dvar2": 11.7582187653, "var": 10.7669143677, "min": -1.14272594452, "dmean": 1.48018991947, "mean": 4.94739294052, "max": 41.2267684937, "dmean2": 2.51067471504, "median": 4.34080934525, "dvar": 4.06824636459}, "mfcc": {"mean": [-643.400146484, 108.264778137, -17.1505260468, 12.0049343109, 11.2384214401, 10.8471632004, 4.18102836609, 3.72379088402, -0.735629022121, 5.30238676071, -1.69373738766, -0.454782068729, -1.8541996479], "cov": [[6853.94287109, -1285.11682129, 211.285934448, -19.5097084045, 215.128738403, 330.347198486, 79.2129440308, 162.005340576, 132.044784546, 230.232498169, 143.59274292, 131.374267578, 73.9588394165], [-1285.11682129, 1173.4251709, -179.378265381, 22.285074234, -74.2036590576, -37.5600776672, 41.4594039917, -16.0594005585, -17.7519702911, -65.0008773804, -49.6157112122, -60.8219108582, -39.2438163757], [211.285934448, -179.378265381, 653.943603516, 276.029785156, 230.512069702, 162.626281738, 54.1815681458, 53.1434326172, 40.4954490662, 25.1188087463, 57.7418289185, 55.5061035156, 26.4522094727], [-19.5097084045, 22.285074234, 276.029785156, 369.794219971, 169.020401001, 140.544830322, 60.9371032715, 40.2090797424, 20.2723426819, -2.43108296394, 13.4879179001, 12.2292547226, 10.2208805084], [215.128738403, -74.2036590576, 230.512069702, 169.020401001, 245.223617554, 174.441085815, 92.3303070068, 68.5287704468, 52.2247200012, 32.2506790161, 54.032699585, 57.5741081238, 41.0566139221], [330.347198486, -37.5600776672, 162.626281738, 140.544830322, 174.441085815, 257.937896729, 133.390762329, 76.6955947876, 43.3020439148, 29.7992782593, 48.5468101501, 48.5729675293, 40.2102012634], [79.2129440308, 41.4594039917, 54.1815681458, 60.9371032715, 92.3303070068, 133.390762329, 159.880477905, 86.8084182739, 44.312789917, 30.3492889404, 27.3862075806, 39.5496635437, 35.7675170898], [162.005340576, -16.0594005585, 53.1434326172, 40.2090797424, 68.5287704468, 76.6955947876, 86.8084182739, 137.861053467, 80.474357605, 40.4697113037, 35.9032402039, 38.2256584167, 32.6960945129], [132.044784546, -17.7519702911, 40.4954490662, 20.2723426819, 52.2247200012, 43.3020439148, 44.312789917, 80.474357605, 102.605606079, 58.6912155151, 37.8037605286, 29.9079475403, 23.0581531525], [230.232498169, -65.0008773804, 25.1188087463, -2.43108296394, 32.2506790161, 29.7992782593, 30.3492889404, 40.4697113037, 58.6912155151, 92.7256011963, 54.0780296326, 32.2967262268, 23.7684307098], [143.59274292, -49.6157112122, 57.7418289185, 13.4879179001, 54.032699585, 48.5468101501, 27.3862075806, 35.9032402039, 37.8037605286, 54.0780296326, 96.5515136719, 70.4324874878, 31.4169597626], [131.374267578, -60.8219108582, 55.5061035156, 12.2292547226, 57.5741081238, 48.5729675293, 39.5496635437, 38.2256584167, 29.9079475403, 32.2967262268, 70.4324874878, 102.080535889, 52.6682167053], [73.9588394165, -39.2438163757, 26.4522094727, 10.2208805084, 41.0566139221, 40.2102012634, 35.7675170898, 32.6960945129, 23.0581531525, 23.7684307098, 31.4169597626, 52.6682167053, 68.7968063354]], "icov": [[0.000212059196201, 0.000196981083718, 3.63841827493e-05, 7.37161317375e-05, 3.07481823256e-05, -0.000398819480324, 0.000242652749876, -0.000204507858143, 0.000136914095492, -0.000471817009384, 0.000214312065509, -0.000167181438883, 0.000192479099496], [0.000196981083718, 0.00122303538956, 0.000348352943547, -0.000320709077641, 0.000302655389532, -2.9876076951e-05, -0.000796430627815, 0.000280774780549, -0.000568501476664, 0.000704757636413, -0.000496841326822, 0.000497538538184, 0.000310117873596], [3.63841827493e-05, 0.000348352943547, 0.00281868688762, -0.0014080068795, -0.00162224646192, -0.00013104059326, 0.000623428844847, -0.000111859015306, 3.08627704726e-06, 5.34649661859e-05, -0.000410436681705, -0.000458128983155, 0.000577408762183], [7.37161317375e-05, -0.000320709077641, -0.0014080068795, 0.00503677083179, -0.00204901234247, -0.00111467088573, 0.000437326089013, -0.000457613408798, 0.000428007129813, 0.00023006212723, 0.000682757585309, 0.0007453156868, 0.000290009367745], [3.07481823256e-05, 0.000302655389532, -0.00162224646192, -0.00204901234247, 0.0115601858124, -0.00457339873537, -0.0006349257892, 0.000525132752955, -0.00254138722084, 0.000877280777786, -0.00101143179927, -0.00131377216894, -0.00106122146826], [-0.000398819480324, -2.9876076951e-05, -0.00013104059326, -0.00111467088573, -0.00457339873537, 0.0116855204105, -0.00708636455238, 0.000866900256369, 0.000190101476619, 0.00212391139939, -0.00346155022271, 0.00247993110679, -0.00131599185988], [0.000242652749876, -0.000796430627815, 0.000623428844847, 0.000437326089013, -0.0006349257892, -0.00708636455238, 0.0164938233793, -0.00766166998073, 0.00332497479394, -0.00444914074615, 0.004923065193, -0.00372149585746, -0.000409444735851], [-0.000204507858143, 0.000280774780549, -0.000111859015306, -0.000457613408798, 0.000525132752955, 0.000866900256369, -0.00766166998073, 0.0191446952522, -0.0133689194918, 0.00443801097572, -0.0022191547323, 0.000737410562579, -0.0020480202511], [0.000136914095492, -0.000568501476664, 3.08627704726e-06, 0.000428007129813, -0.00254138722084, 0.000190101476619, 0.00332497479394, -0.0133689194918, 0.0263852123171, -0.0130760613829, 0.0023939490784, -0.00130739074666, 0.0010762156453], [-0.000471817009384, 0.000704757636413, 5.34649661859e-05, 0.00023006212723, 0.000877280777786, 0.00212391139939, -0.00444914074615, 0.00443801097572, -0.0130760613829, 0.0262310393155, -0.0143691990525, 0.00721763819456, -0.00435005128384], [0.000214312065509, -0.000496841326822, -0.000410436681705, 0.000682757585309, -0.00101143179927, -0.00346155022271, 0.004923065193, -0.0022191547323, 0.0023939490784, -0.0143691990525, 0.0317312963307, -0.0204161927104, 0.00596589874476], [-0.000167181438883, 0.000497538538184, -0.000458128983155, 0.0007453156868, -0.00131377216894, 0.00247993110679, -0.00372149585746, 0.000737410562579, -0.00130739074666, 0.00721763819456, -0.0204161927104, 0.0312117524445, -0.0151787456125], [0.000192479099496, 0.000310117873596, 0.000577408762183, 0.000290009367745, -0.00106122146826, -0.00131599185988, -0.000409444735851, -0.0020480202511, 0.0010762156453, -0.00435005128384, 0.00596589874476, -0.0151787456125, 0.0268671736121]]}, "silence_rate_20dB": {"dvar2": 0, "var": 0, "min": 1, "dmean": 0, "mean": 1, "max": 1, "dmean2": 0, "median": 1, "dvar": 0}, "melbands_kurtosis": {"dvar2": 2435.55151367, "var": 1462.76660156, "min": -1.78242230415, "dmean": 10.7098550797, "mean": 14.1052150726, "max": 679.496765137, "dmean2": 15.5184202194, "median": 2.63794517517, "dvar": 1010.39373779}, "barkbands_spread": {"dvar2": 127.70552063, "var": 219.650604248, "min": 0.200779005885, "dmean": 6.95596599579, "mean": 25.3125915527, "max": 96.3003692627, "dmean2": 10.320602417, "median": 22.8867206573, "dvar": 59.5819511414}, "erbbands_skewness": {"dvar2": 0.254121005535, "var": 0.362625151873, "min": -3.81227564812, "dmean": 0.363135546446, "mean": 0.0191398411989, "max": 3.66406679153, "dmean2": 0.552461922169, "median": -0.00985388830304, "dvar": 0.115303859115}, "average_loudness": 0.833617687225, "spectral_centroid": {"dvar2": 188425.734375, "var": 405376.25, "min": 131.296478271, "dmean": 295.529205322, "mean": 1617.06005859, "max": 11300.0244141, "dmean2": 420.367828369, 