{"tonal": {"thpcp": [1, 0.586083710194, 0.14072984457, 0.166346147656, 0.146218404174, 0.184396803379, 0.335818827152, 0.255167037249, 0.228268250823, 0.508910775185, 0.448196679354, 0.277877777815, 0.342684477568, 0.22824986279, 0.343505561352, 0.727491438389, 0.566540002823, 0.152124807239, 0.0413188673556, 0.033402249217, 0.198633939028, 0.425073266029, 0.281715750694, 0.109575949609, 0.167851224542, 0.125050619245, 0.216572672129, 0.451935499907, 0.306139290333, 0.14735853672, 0.243591740727, 0.166745394468, 0.107074171305, 0.177059918642, 0.185913205147, 0.577917516232], "hpcp": {"dmean2": [0.10504847765, 0.0881110057235, 0.0557893812656, 0.0253064967692, 0.0246115233749, 0.0602002553642, 0.077121630311, 0.0691930279136, 0.0439928472042, 0.0466535054147, 0.0444693937898, 0.0567492805421, 0.0698741078377, 0.0669732987881, 0.0473597832024, 0.0449183546007, 0.0450945682824, 0.0371810235083, 0.0437699668109, 0.0675574764609, 0.136771738529, 0.149300634861, 0.13469260931, 0.0639333277941, 0.0369573794305, 0.0407911166549, 0.053827483207, 0.0628768801689, 0.0634412765503, 0.0836048796773, 0.0862068906426, 0.103158578277, 0.0850771144032, 0.0682668313384, 0.0742649957538, 0.0944812595844], "median": [0.0196206253022, 0.0112087596208, 0.00276465620846, 0.00120883597992, 0.00158197898418, 0.0101750902832, 0.0222979485989, 0.0171935670078, 0.00470894016325, 0.00110572180711, 0.00172568822745, 0.00777927180752, 0.00578994955868, 0.00827688165009, 0.00699528586119, 0.0026632968802, 0.00315669318661, 0.00453014485538, 0.00311701651663, 0.00568281207234, 0.0584580376744, 0.120744153857, 0.0705703571439, 0.00874660816044, 0.00181825773325, 0.00146801269148, 0.00626724585891, 0.0102649535984, 0.0108754169196, 0.00752928992733, 0.00284540536813, 0.006437972188, 0.0189672857523, 0.00767352804542, 0.00831555947661, 0.0186034440994], "min": [7.14902625987e-06, 1.11190192911e-05, 6.82709151079e-06, 3.50128198079e-06, 4.23625988333e-06, 1.22229566841e-05, 9.77114814305e-06, 4.6721952458e-06, 4.74137232231e-06, 1.04358150566e-06, 2.87200714411e-06, 3.81724930776e-06, 2.58715022028e-06, 8.63201239554e-06, 1.18620710055e-05, 3.43007332049e-06, 4.72499959869e-06, 2.84516113425e-06, 2.12566010305e-06, 2.23158644985e-06, 1.20288905237e-05, 1.58114289661e-05, 3.16217665386e-05, 8.81418691279e-06, 4.18354238718e-06, 2.74426042779e-06, 5.39569464308e-06, 1.21558778119e-05, 1.41497512232e-05, 5.5148584579e-06, 2.12545501199e-06, 1.27464363686e-06, 4.02764089813e-06, 6.84651604388e-06, 7.43176678952e-06, 1.84948260085e-06], "dvar2": [0.0447468534112, 0.0333393402398, 0.0259420033544, 0.0132844718173, 0.0101684592664, 0.0206825919449, 0.0270708221942, 0.0197946149856, 0.0142710190266, 0.020838400349, 0.0156264305115, 0.0138870058581, 0.0283796768636, 0.0203922837973, 0.013921963051, 0.0182756111026, 0.0171969160438, 0.011734129861, 0.0180367138237, 0.0253825411201, 0.0498280078173, 0.0628007873893, 0.0448471605778, 0.0223280899227, 0.013476703316, 0.0166755449027, 0.0179013479501, 0.0243820734322, 0.0217292811722, 0.0357250198722, 0.0373920425773, 0.0466271303594, 0.0253553800285, 0.0243064016104, 0.0247939210385, 0.0345437563956], "dvar": [0.0195559039712, 0.0139169348404, 0.00978674925864, 0.00498319230974, 0.0034955907613, 0.00761508615687, 0.0125143006444, 0.00816475786269, 0.00528352335095, 0.00878508016467, 0.00640179542825, 0.00581678748131, 0.0136126019061, 0.00898978859186, 0.00536523247138, 0.00785840768367, 0.00666053779423, 0.00492940517142, 0.00818521063775, 0.00986627023667, 0.0198869369924, 0.0288686025888, 0.0182083789259, 0.00845594983548, 0.0060905162245, 0.00709664262831, 0.0074689197354, 0.0109198782593, 0.00904740858823, 0.0127359963953, 0.0155432354659, 0.0179038960487, 0.00973998568952, 0.0114590795711, 0.0100298589095, 0.0130823934451], "dmean": [0.0649742931128, 0.0536039955914, 0.032880820334, 0.0142241669819, 0.0134577397257, 0.0370490923524, 0.0512587726116, 0.0439211390913, 0.0265885218978, 0.0289997924119, 0.0270962230861, 0.0360988341272, 0.0457828715444, 0.0436039492488, 0.0300204437226, 0.0284478105605, 0.028009051457, 0.0233518201858, 0.0278152413666, 0.0410632565618, 0.0865081474185, 0.094360165298, 0.0847292542458, 0.0380015857518, 0.022462412715, 0.0247051529586, 0.0339058339596, 0.0395055226982, 0.0391327105463, 0.0501596555114, 0.0526130199432, 0.0616856962442, 0.0526419654489, 0.0434211716056, 0.0451680608094, 0.0570367462933], "max": [1, 1, 1, 1, 1, 1, 1, 1, 1, 1, 1, 1, 1, 1, 1, 1, 1, 1, 1, 1, 1, 1, 1, 1, 1, 1, 1, 1, 1, 1, 1, 1, 1, 1, 1, 1], "var": [0.140638381243, 0.107099942863, 0.0183278564364, 0.00468384986743, 0.00249104620889, 0.0196073278785, 0.0732912272215, 0.0336275994778, 0.00979438889772, 0.0321963056922, 0.0177559982985, 0.0217217206955, 0.0929269120097, 0.0456094518304, 0.0148692736402, 0.0484077967703, 0.0232567619532, 0.0118109174073, 0.0353443995118, 0.0249544978142, 0.074361115694, 0.162223786116, 0.0711547657847, 0.0127153415233, 0.0364829339087, 0.0303065124899, 0.0215512122959, 0.0646269917488, 0.0419328100979, 0.0241798628122, 0.107357114553, 0.0844962596893, 0.0285971686244, 0.0670321434736, 0.0291406139731, 0.0426102541387], "mean": [0.25509095192, 0.198654204607, 0.0533417463303, 0.0144882388413, 0.0117123182863, 0.0696499198675, 0.149049654603, 0.0987821146846, 0.03842221573, 0.0588561296463, 0.0438483245671, 0.0759400427341, 0.158468753099, 0.107346095145, 0.0516704767942, 0.085414133966, 0.058468375355, 0.0375449806452, 0.0620851069689, 0.0651894658804, 0.202643662691, 0.350644618273, 0.205507099628, 0.0493461601436, 0.0583283789456, 0.0512706972659, 0.0646577477455, 0.117753066123, 0.0894729495049, 0.0800410360098, 0.178446829319, 0.157157748938, 0.0974363461137, 0.120160467923, 0.080034583807, 0.120448380709]}, "tuning_equal_tempered_deviation": 0.0676603093743, "chords_changes_rate": 0.0365523472428, "key_key": "A", "tuning_diatonic_strength": 0.483688235283, "key_scale": "major", "chords_number_rate": 0.00361010828055, "tuning_frequency": 439.491973877, "tuning_nontempered_energy_ratio": 0.692570209503, "chords_histogram": [10.6498193741, 14.3501806259, 9.31859207153, 2.03068590164, 4.44494581223, 1.35379064083, 0, 0, 0, 0.970216631889, 1.33122742176, 0.0676895305514, 0, 0, 0.609205782413, 4.85108280182, 1.60198557377, 2.36913347244, 12.4548740387, 8.2355594635, 5.84386301041, 1.60198557377, 6.31768941879, 11.5974731445], "key_strength": 0.737897574902, "chords_key": "C#", "chords_strength": {"dmean2": 0.00458455691114, "median": 0.551943719387, "min": 0.19961103797, "dvar2": 2.25686453632e-05, "dvar": 4.14505557274e-05, "dmean": 0.00735885836184, "max": 0.798256576061, "var": 0.011596233584, "mean": 0.547008216381}, "chords_scale": "minor", "hpcp_entropy": {"dmean2": 0.7866974473, "median": 1.46597099304, "min": 0.0358578749001, "dvar2": 0.477602601051, "dvar": 0.185069143772, "dmean": 0.468812912703, "max": 3.50218129158, "var": 0.469945698977, "mean": 1.39809012413}}, "metadata": {"audio_properties": {"equal_loudness": 0, "codec": "flac", "downmix": "mix", "sample_rate": 44100, "analysis_sample_rate": 44100, "bit_rate": 0, "md5_encoded": "5ea0ba229215cc2f98497838335ec77b", "length": 205.773330688, "replay_gain": 0.0811061859131, "lossless": true}, "version": {"essentia_build_sha": "70f2e5ece6736b2c40cc944ad0e695b16b925413", "essentia": "2.1-beta2", "extractor": "music 1.0", "essentia_git_sha": "v2.1_beta2"}, "tags": {"title": ["In the South (Alassio)\u2014Concert Overture, op. 50: Meno mosso, molto tranquillo (Canto popolare) (fig. 34)\u2014"], "barcode": ["5099909569423"], "media": ["CD"], "albumartist": ["Edward Elgar"], "tracktotal": ["12"], "language": ["zxx"], "performer": ["London Symphony Orchestra (orchestra)"], "releasetype": ["album", "compilation"], "musicbrainz_recordingid": ["1c0df393-6b37-4e44-ba49-ea99cfe08d13"], "composer": ["Edward Elgar"], "musicbrainz_releasegroupid": ["e21724ef-3cf5-4465-8b38-59170c7aff67"], "musicbrainz_discid": ["k8HH67jSFXlcx3IT5K0cMJUGj7o-"], "originalyear": ["2011"], "producer": ["Fred Gaisberg"], "discnumber": ["7"], "composersort": ["Elgar, Edward"], "catalognumber": ["50999 0 95694 2 3"], "releasecountry": ["GB"], "musicbrainz_albumartistid": ["4e60a56a-514a-4a19-a3cc-49927c96b3cb"], "work": ["In the South (Alassio), op. 50"], "date": ["2011"], "file_name": "05. Edward Elgar - In the South (Alassio)-Concert Overture Op.50 - Meno mosso, molto tranquillo (Canto popolare) (fig.24)-.flac", "musicbrainz_albumid": ["69f8697a-fbd4-40e8-bed3-b0f558eec64a"], "disctotal": ["9"], "albumartistsort": ["Elgar, Edward"], "releasestatus": ["official"], "musicbrainz_artistid": ["4e60a56a-514a-4a19-a3cc-49927c96b3cb"], "originaldate": ["2011-04-04"], "musicbrainz_workid": ["e83e0d9d-9bca-3ea7-96e2-3f7c092706f4"], "musicbrainz_releasetrackid": ["b2f6d3ad-dd9e-4e98-b404-21707d2df410"], "artist": ["Edward Elgar"], "tracknumber": ["5"], "artistsort": ["Elgar, Edward"], "album": ["The Elgar Edition: The Complete Electrical Recordings of Sir Edward Elgar"], "label": ["Warner Classics"], "totaltracks": ["12"], "totaldiscs": ["9"], "acoustid_id": ["729da567-8884-4a62-957f-05dec49be44e"], "conductor": ["Edward Elgar"]}}, "rhythm": {"bpm_histogram_first_peak_bpm": {"dmean2": 0, "median": 144, "min": 144, "dvar2": 0, "dvar": 0, "dmean": 0, "max": 144, "var": 0, "mean": 144}, "bpm": 142.684066772, "bpm_histogram_second_peak_spread": {"dmean2": 0, "median": 0.467532455921, "min": 0.467532455921, "dvar2": 0, "dvar": 0, "dmean": 0, "max": 0.467532455921, "var": 0, "mean": 0.467532455921}, "bpm_histogram_first_peak_weight": {"dmean2": 0, "median": 0.0923482850194, "min": 0.0923482850194, "dvar2": 0, "dvar": 0, "dmean": 0, "max": 0.0923482850194, "var": 0, "mean": 0.0923482850194}, "onset_rate": 0.22839166224, "beats_position": [0.603718817234, 1.20743763447, 1.8111563921, 2.42648530006, 3.06503391266, 3.69197273254, 4.31891155243, 4.93424034119, 5.54956912994, 6.1648979187, 6.79183673859, 7.41877555847, 7.91800451279, 8.40562343597, 8.90485286713, 9.33442115784, 9.76399040222, 10.1935596466, 10.623128891, 11.0526981354, 11.4706573486, 11.8886165619, 12.3065757751, 12.7245349884, 13.1424942017, 13.5836734772, 14.0248527527, 14.4544210434, 14.8839902878, 15.301949501, 15.7199087143, 16.1494789124, 16.5790481567, 16.99700737, 17.4149665833, 17.8329238892, 18.2508831024, 18.6688423157, 19.0868015289, 19.5047607422, 19.9227199554, 20.3406791687, 20.758638382, 21.1765975952, 21.5945568085, 22.0125160217, 22.4188652039, 22.825214386, 23.2315635681, 23.6379127502, 24.0558719635, 24.4622211456, 24.8685703278, 25.3561897278, 25.8438091278, 26.3314285278, 26.8190479279, 27.3182754517, 27.8175048828, 28.3283443451, 28.8391838074, 29.3500213623, 29.7912006378, 30.2323799133, 30.6735591888, 31.1147384644, 31.5443077087, 31.9854869843, 32.4150543213, 32.7865753174, 33.1580963135, 33.5296134949, 33.901134491, 34.2610435486, 34.6209526062, 34.9808616638, 35.3407707214, 35.8400001526, 36.3276176453, 36.8152389526, 37.3957366943, 37.976234436, 38.5567321777, 39.1488418579, 39.7525634766, 40.344669342, 40.9367790222, 41.5288887024, 42.1326065063, 42.7363243103, 43.3284339905, 43.9205436707, 44.5126533508, 45.1279792786, 45.743309021, 46.3005905151, 46.8578681946, 47.415145874, 47.9840354919, 48.5413131714, 49.1566429138, 49.7719726562, 50.3873023987, 51.0258483887, 51.6527900696, 52.2913360596, 52.9298858643, 53.603263855, 54.2766418457, 54.9500198364, 55.6234016418, 56.2967796326, 57.0049858093, 57.7131958008, 58.4097938538, 59.1063919067, 59.8262138367, 60.5344200134, 61.2542381287, 61.9740562439, 62.6938781738, 63.4136962891, 64.0754623413, 64.7372360229, 65.3990020752, 66.049156189, 66.6993179321, 67.3726959229, 68.0460739136, 68.7078475952, 69.3812255859, 70.0546035767, 70.7395935059, 71.4477996826, 72.1560058594, 72.8990478516, 73.6420822144, 74.3851242065, 75.1281585693, 75.8131484985, 76.5097503662, 77.2063446045, 77.9029464722, 78.5995483398, 79.2264862061, 79.8534240723, 80.3526535034, 80.8518829346, 81.3511123657, 81.7342376709, 82.105758667, 82.4772796631, 82.8371887207, 83.1970977783, 83.5570068359, 83.9169158936, 84.2884368896, 84.6599502563, 85.0314712524, 85.414604187, 85.7977294922, 86.1808624268, 86.5639877319, 86.9471206665, 87.3302459717, 87.7482070923, 88.1661682129, 88.5841217041, 89.0020828247, 89.4084320068, 89.8031692505, 90.2095184326, 90.6158676147, 91.0686569214, 91.5098419189, 91.9510192871, 92.3805847168, 92.8101577759, 93.2397232056, 93.6809082031, 94.1220855713, 94.551651001, 94.9928359985, 95.4224014282, 95.8635787964, 96.3047637939, 96.7343292236, 97.1755065918, 97.61668396, 98.046257019, 98.4758224487, 98.9053955078, 99.3349609375, 99.7993621826, 100.263763428, 100.728164673, 101.180953979, 101.645347595, 102.098136902, 102.53931427, 102.968887329, 103.398452759, 103.839637756, 104.304031372, 104.756820679, 105.209609985, 105.650794983, 106.091972351, 106.533149719, 106.974327087, 107.415504456, 107.856689453, 108.297866821, 108.739044189, 109.180221558, 109.621406555, 110.039360046, 110.457321167, 110.875282288, 111.293243408, 111.711196899, 112.12915802, 112.547119141, 112.965080261, 113.383033752, 113.777778625, 114.195732117, 114.636917114, 115.066482544, 115.496055603, 116.076553345, 116.645439148, 117.214332581, 117.794830322, 118.363716125, 118.886169434, 119.397003174, 119.919456482, 120.441902161, 120.95274353, 121.463577271, 121.986030579, 122.508476257, 123.030929565, 123.646255493, 124.261581421, 124.876914978, 125.503852844, 126.119178772, 126.734512329, 127.361450195, 127.976776123, 128.592102051, 129.207427979, 129.811157227, 130.426483154, 131.053421021, 131.680358887, 132.295684814, 132.911010742, 133.526351929, 134.141677856, 134.768615723, 135.418777466, 136.068939209, 136.719085693, 137.369247437, 138.01940918, 138.599899292, 139.168792725, 139.737686157, 140.31817627, 140.887069702, 141.455963135, 142.036453247, 142.60534668, 143.197463989, 143.78956604, 144.346847534, 144.904129028, 145.461410522, 146.053512573, 146.645614624, 147.237731934, 147.829833984, 148.421951294, 149.083709717, 149.745483398, 150.40725708, 151.069015503, 151.823669434, 152.578323364, 153.332962036, 154.087615967, 154.900314331, 155.713012695, 156.52571106, 157.338409424, 158.104675293, 158.870925903, 159.672012329, 160.461486816, 161.262588501, 162.063674927, 162.864761353, 163.665847778, 164.466934204, 165.26802063, 166.069107056, 166.835372925, 167.613235474, 168.391113281, 169.16897583, 169.946838379, 170.713104248, 171.328430176, 171.943756104, 172.535873413, 173.139587402, 173.731704712, 174.323806763, 174.927520752, 175.519638062, 176.100128174, 176.680633545, 177.342407227, 178.004165649, 178.619491577, 179.234832764, 179.86177063, 180.477096558, 181.092422485, 181.707748413, 182.323074341, 182.868743896, 183.402801514, 183.948471069, 184.517364502, 185.086257935, 185.666748047, 186.31690979, 186.967071533, 187.605621338, 188.255783081, 188.871109009, 189.486434937, 190.101760864, 190.659042358, 191.216323853, 191.773605347, 192.342483521, 192.911376953, 193.433822632, 193.956283569, 194.46711731, 194.989562988, 195.512008667, 196.034469604, 196.533691406, 197.032928467, 197.532150269, 197.926895142, 198.310012817, 198.693145752, 199.076278687, 199.47102356, 199.854141235, 200.23727417, 200.620407104, 201.015136719, 201.409881592, 201.804626465, 202.187744141, 202.570877075, 202.95401001, 203.337142944, 203.720275879, 204.103393555, 204.486526489, 204.869659424], "beats_loudness": {"dmean2": 0.0239352248609, "median": 0.00806460157037, "min": 2.94272213068e-05, "dvar2": 0.00169822620228, "dvar": 0.000643524632324, "dmean": 0.015041269362, "max": 0.301646649837, "var": 0.000940869736951, "mean": 0.0192847084254}, "danceability": 0.87331444025, "bpm_histogram_second_peak_weight": {"dmean2": 0, "median": 0.108179420233, "min": 0.108179420233, "dvar2": 0, "dvar": 0, "dmean": 0, "max": 0.108179420233, "var": 0, "mean": 0.108179420233}, "beats_count": 380, "bpm_histogram_second_peak_bpm": {"dmean2": 0, "median": 98, "min": 98, "dvar2": 0, "dvar": 0, "dmean": 0, "max": 98, "var": 0, "mean": 98}, "bpm_histogram_first_peak_spread": {"dmean2": 0, "median": 0.492753565311, "min": 0.492753565311, "dvar2": 0, "dvar": 0, "dmean": 0, "max": 0.492753565311, "var": 0, "mean": 0.492753565311}, "beats_loudness_band_ratio": {"dmean2": [0.224721193314, 0.323358237743, 0.255107760429, 0.101203657687, 0.0718155950308, 0.0134026790038], "median": [0.153771221638, 0.434309244156, 0.200112074614, 0.0424739941955, 0.0279609337449, 0.00562962051481], "min": [0.000197182234842, 0.00647471938282, 0.00375160225667, 0.000550413096789, 0.000582351349294, 7.31367108529e-05], "dvar2": [0.0697623491287, 0.0659939572215, 0.0456138849258, 0.0142572065815, 0.00991705432534, 0.000540338747669], "dvar": [0.0275362487882, 0.0254119634628, 0.0179426278919, 0.00503870518878, 0.00359273306094, 0.000175512701389], "dmean": [0.133230060339, 0.197971537709, 0.151642858982, 0.0576443821192, 0.0425857268274, 0.0076567241922], "max": [0.960718154907, 0.937485158443, 0.920781850815, 0.503708899021, 0.450736522675, 0.150250077248], "var": [0.0748958364129, 0.0631923004985, 0.0441838130355, 0.00668296543881, 0.00540048629045, 0.000215298859985], "mean": [0.25826728344, 0.434849947691, 0.261056363583, 0.0734114572406, 0.0559592135251, 0.0101732872427]}}, "lowlevel": {"barkbands_spread": {"dmean2": 2.65934085846, "median": 7.50966930389, "min": 0.530922651291, "dvar2": 18.7265396118, "dvar": 7.55582475662, "dmean": 1.78098702431, "max": 86.046661377, "var": 52.7424354553, "mean": 9.54885196686}, "melbands_spread": {"dmean2": 3.47796726227, "median": 7.93666410446, "min": 0.534622848034, "dvar2": 29.7948951721, "dvar": 12.9725894928, "dmean": 2.35527181625, "max": 90.5506134033, "var": 81.1360702515, "mean": 10.9091777802}, "hfc": {"dmean2": 1.43162548542, "median": 3.41092991829, "min": 0.0280293542892, "dvar2": 7.45157337189, "dvar": 4.36562013626, "dmean": 1.10568225384, "max": 91.403503418, "var": 74.2929153442, "mean": 6.66149091721}, "barkbands_kurtosis": {"dmean2": 4.98832368851, "median": 6.50041294098, "min": -1.88494074345, "dvar2": 70.9351882935, "dvar": 32.6689376831, "dmean": 3.47008132935, "max": 185.332244873, "var": 246.502120972, "mean": 11.2680540085}, "gfcc": {"mean": [-107.563941956, 110.562545776, -116.19556427, -4.63255357742, -56.0224151611, -25.4257526398, -49.5288467407, -3.47058200836, -28.2608585358, -5.34890508652, -14.7523708344, -3.46259069443, -9.24991893768], "icov": [[0.00488195195794, -0.00600846903399, 0.00441041216254, -0.00110558408778, -0.00130426126998, 0.00373552273959, -0.00400278484449, 0.00234704930335, -0.00231452495791, 7.05049023964e-05, 0.0010389611125, -0.00154636788648, 0.00104774627835], [-0.00600846903399, 0.0090599777177, -0.00560872675851, 0.00178149412386, 0.00119797687512, -0.00396826071665, 0.00337371346541, 2.73263140116e-05, 0.000750728417188, 0.00326384138316, -0.00345429056324, 0.00376381422393, -0.00118872686289], [0.00441041216254, -0.00560872675851, 0.00736268283799, -0.00565651152283, 0.00279171182774, -0.00166678370442, -0.00202786060981, 0.00326353544369, -0.00655904971063, 0.00566068058833, -0.00324218464084, 0.000515016610734, 0.00127648341004], [-0.00110558408778, 0.00178149412386, -0.00565651152283, 0.01297127828, -0.0104425521567, 0.00856028776616, -0.00513977464288, -0.0012093068799, 0.00755116250366, -0.00747265713289, 0.00827484019101, -0.00399332493544, 0.00164302904159], [-0.00130426126998, 0.00119797687512, 0.00279171182774, -0.0104425521567, 0.0136578371748, -0.0104769542813, 0.00687068793923, -0.000856379163451, -0.00591601012275, 0.00853816047311, -0.0105823650956, 0.00649970304221, -0.00202388409525], [0.00373552273959, -0.00396826071665, -0.00166678370442, 0.00856028776616, -0.0104769542813, 0.0170578677207, -0.0102068129927, 0.00314219272695, 0.00107496057171, -0.00529361143708, 0.00801428407431, -0.00585753051564, 0.00284463283606], [-0.00400278484449, 0.00337371346541, -0.00202786060981, -0.00513977464288, 0.00687068793923, -0.0102068129927, 0.0182032790035, -0.0117767089978, 0.00803179945797, -0.00583503488451, 0.00247614481486, 0.00285246456042, -0.00278895068914], [0.00234704930335, 2.73263140116e-05, 0.00326353544369, -0.0012093068799, -0.000856379163451, 0.00314219272695, -0.0117767089978, 0.0216476358473, -0.0168564505875, 0.013963307254, -0.00963850971311, 0.000707634550054, 0.00374999386258], [-0.00231452495791, 0.000750728417188, -0.00655904971063, 0.00755116250366, -0.00591601012275, 0.00107496057171, 0.00803179945797, -0.0168564505875, 0.0310098249465, -0.0269778929651, 0.0184626467526, -0.00873347185552, 0.00202628131956], [7.05049023964e-05, 0.00326384138316, 0.00566068058833, -0.00747265713289, 0.00853816047311, -0.00529361143708, -0.00583503488451, 0.013963307254, -0.0269778929651, 0.0393936261535, -0.0291432831436, 0.0140390684828, -0.00583742093295], [0.0010389611125, -0.00345429056324, -0.00324218464084, 0.00827484019101, -0.0105823650956, 0.00801428407431, 0.00247614481486, -0.00963850971311, 0.0184626467526, -0.0291432831436, 0.0374100543559, -0.0219120420516, 0.00921587273479], [-0.00154636788648, 0.00376381422393, 0.000515016610734, -0.00399332493544, 0.00649970304221, -0.00585753051564, 0.00285246456042, 0.000707634550054, -0.00873347185552, 0.0140390684828, -0.0219120420516, 0.0283168759197, -0.0150676947087], [0.00104774627835, -0.00118872686289, 0.00127648341004, 0.00164302904159, -0.00202388409525, 0.00284463283606, -0.00278895068914, 0.00374999386258, 0.00202628131956, -0.00583742093295, 0.00921587273479, -0.0150676947087, 0.0227101799101]], "cov": [[2674.40258789, 1216.65209961, -756.817871094, 13.4174098969, 1.62524569035, -360.532226562, 15.5224056244, -226.909408569, -180.970809937, -90.0975341797, -75.8974533081, -143.230865479, -4.69718742371], [1216.65209961, 1316.29150391, 492.262878418, 154.066986084, 116.192077637, 80.37840271, 20.5129814148, -178.871963501, -134.866226196, -254.120803833, -156.757843018, -203.177093506, -118.181625366], [-756.817871094, 492.262878418, 1453.33410645, 389.1222229, 212.069885254, 390.151306152, 100.868499756, 15.3915948868, 4.24636507034, -243.582061768, -154.082901001, -140.81968689, -163.174621582], [13.4174098969, 154.066986084, 389.1222229, 434.235595703, 235.353759766, 37.9266433716, 90.5009460449, 18.0524768829, -57.951839447, -97.3118438721, -68.744430542, -79.2938995361, -66.0407180786], [1.62524569035, 116.192077637, 212.069885254, 235.353759766, 327.371612549, 103.861053467, 0.403042167425, 26.6447944641, 5.46906232834, -50.3147087097, 1.57795917988, -40.0894813538, -51.784942627], [-360.532226562, 80.37840271, 390.151306152, 37.9266433716, 103.861053467, 275.71887207, 68.0767288208, 27.034412384, 32.8100318909, -43.8508415222, -41.2813110352, -28.7529983521, -41.7403411865], [15.5224056244, 20.5129814148, 100.868499756, 90.5009460449, 0.403042167425, 68.0767288208, 177.440444946, 60.6111488342, -11.2905960083, -14.0315341949, -41.5156784058, -33.9728240967, -16.8605957031], [-226.909408569, -178.871963501, 15.3915948868, 18.0524768829, 26.6447944641, 27.034412384, 60.6111488342, 153.911468506, 76.9720306396, 33.3154602051, 32.4951248169, 28.9966888428, -12.3004369736], [-180.970809937, -134.866226196, 4.24636507034, -57.951839447, 5.46906232834, 32.8100318909, -11.2905960083, 76.9720306396, 150.120544434, 95.6140441895, 43.6023368835, 41.8457679749, 8.77711391449], [-90.0975341797, -254.120803833, -243.582061768, -97.3118438721, -50.3147087097, -43.8508415222, -14.0315341949, 33.3154602051, 95.6140441895, 181.61114502, 108.334770203, 70.5897293091, 46.3933296204], [-75.8974533081, -156.757843018, -154.082901001, -68.744430542, 1.57795917988, -41.2813110352, -41.5156784058, 32.4951248169, 43.6023368835, 108.334770203, 147.06048584, 93.9856567383, 30.4134922028], [-143.230865479, -203.177093506, -140.81968689, -79.2938995361, -40.0894813538, -28.7529983521, -33.9728240967, 28.9966888428, 41.8457679749, 70.5897293091, 93.9856567383, 139.434936523, 69.4766311646], [-4.69718742371, -118.181625366, -163.174621582, -66.0407180786, -51.784942627, -41.7403411865, -16.8605957031, -12.3004369736, 8.77711391449, 46.3933296204, 30.4134922028, 69.4766311646, 97.4832839966]]}, "spectral_energyband_middle_low": {"dmean2": 0.00361911114305, "median": 0.00549366697669, "min": 2.67883456218e-06, "dvar2": 6.85658524162e-05, "dvar": 4.0164188249e-05, "dmean": 0.00285979360342, "max": 0.329478293657, "var": 0.000518825429026, "mean": 0.0136708589271}, "melbands_crest": {"dmean2": 3.26951527596, "median": 16.6377048492, "min": 4.36973237991, "dvar2": 11.7997722626, "dvar": 4.87287473679, "dmean": 2.26698303223, "max": 34.1862602234, "var": 37.0401916504, "mean": 17.6704998016}, "spectral_kurtosis": {"dmean2": 5.33141231537, "median": 10.4237136841, "min": 0.370030879974, "dvar2": 33.7381362915, "dvar": 10.7198724747, "dmean": 3.01840949059, "max": 52.561706543, "var": 46.4390144348, "mean": 12.3850803375}, "spectral_rms": {"dmean2": 0.000412382971263, "median": 0.00271334662102, "min": 0.000132522720378, "dvar2": 3.28405974415e-07, "dvar": 1.73386112579e-07, "dmean": 0.000323520594975, "max": 0.0181865748018, "var": 5.19734385307e-06, "mean": 0.00332075892948}, "zerocrossingrate": {"dmean2": 0.00536034815013, "median": 0.02880859375, "min": 0.0048828125, "dvar2": 4.28229614045e-05, "dvar": 2.55985105468e-05, "dmean": 0.00423507671803, "max": 0.212890625, "var": 0.000423070625402, "mean": 0.0345539264381}, "silence_rate_60dB": {"dmean2": 0.0720009058714, "median": 0, "min": 0, "dvar2": 0.0760740116239, "dvar": 0.034699101001, "dmean": 0.035996388644, "max": 1, "var": 0.206602394581, "mean": 0.291661977768}, "erbbands_kurtosis": {"dmean2": 1.61541116238, "median": 0.326375007629, "min": -1.84752607346, "dvar2": 6.49517393112, "dvar": 2.91265439987, "dmean": 1.07824122906, "max": 63.2881011963, "var": 21.9965362549, "mean": 1.9012863636}, "erbbands": {"dmean2": [0.000654656207189, 0.0239754561335, 0.307670772076, 1.80695033073, 3.5493710041, 4.37527322769, 9.12854671478, 13.3300991058, 13.2351436615, 4.58832836151, 6.32933092117, 9.12804985046, 5.32758188248, 3.93909811974, 3.45572924614, 2.95354866982, 3.59505438805, 2.90399169922, 4.34208679199, 3.92645478249, 2.21898770332, 3.44542264938, 2.20046663284, 2.37307977676, 0.888578295708, 0.564795017242, 0.21366545558, 0.231385603547, 0.0987909510732, 0.0184982866049, 0.0113960169256, 0.00878216419369, 0.00652510114014, 0.00473659299314, 0.00280061247759, 0.001176345977, 0.000353909563273, 0.000117886433145, 2.65697635768e-05, 5.36280595043e-06], "median": [0.000295286969049, 0.00446176109836, 0.100579857826, 0.594294846058, 1.79784369469, 2.66828751564, 5.490629673, 9.18788051605, 6.90834140778, 3.35511612892, 2.61578416824, 3.13310194016, 2.97816729546, 1.7151017189, 1.80514812469, 1.31275641918, 1.80027341843, 1.41904520988, 1.49293828011, 2.02744102478, 1.56375992298, 1.51106476784, 1.75624454021, 1.3403570652, 0.67818492651, 0.419054150581, 0.152968987823, 0.105237528682, 0.062122438103, 0.0266745984554, 0.0216396506876, 0.018109658733, 0.0144933098927, 0.0107181482017, 0.0066032782197, 0.00293145398609, 0.000975967326667, 0.000329446833348, 7.87026874605e-05, 1.62469295901e-05], "min": [1.44055309192e-06, 5.40182327313e-06, 2.50793382293e-05, 0.000129270527395, 0.000163415868883, 0.000289305084152, 0.000819883658551, 0.00187633978203, 0.00344010721892, 0.00116962054744, 0.000833376776427, 0.000501026050188, 0.000616486300714, 0.000709427753463, 0.000596600177232, 0.000931094051339, 0.000751464045607, 0.000899309059605, 0.00199602101929, 0.00140356854536, 0.00137853389606, 0.00237899646163, 0.00192171602976, 0.00146211055107, 0.00219093379565, 0.00276562338695, 0.00206768047065, 0.00220050825737, 0.00516374967992, 0.00632199412212, 0.00348994578235, 0.0051020598039, 0.00367191340774, 0.00301378523, 0.00222684093751, 0.00096829951508, 0.000237090149312, 5.21119873156e-05, 1.01485329651e-05, 1.50166920321e-06], "dvar2": [2.25317830882e-06, 0.00580993667245, 0.540484309196, 48.7160606384, 192.54927063, 231.471343994, 677.826721191, 1634.0168457, 1861.20214844, 104.068618774, 294.020172119, 1050.1763916, 239.331985474, 133.311050415, 80.7310791016, 65.5205154419, 80.1259613037, 45.580280304, 200.924713135, 112.554847717, 22.2460765839, 88.2950439453, 20.5606002808, 84.7436218262, 3.69465446472, 1.72763073444, 0.267942011356, 0.422955006361, 0.105015903711, 0.00111105106771, 0.000176642162842, 9.48579690885e-05, 4.11570254073e-05, 2.40289009525e-05, 7.40569703339e-06, 1.28689919165e-06, 1.16649140125e-07, 1.6030895722e-08, 8.0757273091e-10, 8.83365394722e-11], "dvar": [1.27756720758e-06, 0.00433429796249, 0.482281863689, 30.0199661255, 101.357063293, 130.909439087, 376.598449707, 1101.63269043, 919.783874512, 66.8297729492, 211.061050415, 500.147644043, 145.862701416, 113.773506165, 38.899066925, 29.4785366058, 33.3537330627, 19.761680603, 113.37210083, 52.5658111572, 8.36368370056, 40.0885696411, 10.6534309387, 35.2837600708, 1.3964214325, 0.623136281967, 0.0998523980379, 0.152116417885, 0.0363999046385, 0.00040473655099, 6.7539527663e-05, 3.70737652702e-05, 1.5992038243e-05, 8.99609040061e-06, 2.80704171018e-06, 4.78511765323e-07, 4.39057998847e-08, 5.9392095686e-09, 3.16126541611e-10, 5.12907633032e-11], "dmean": [0.000465142278699, 0.0204844400287, 0.271455079317, 1.49526369572, 2.81896281242, 3.31680130959, 6.91570234299, 10.7930488586, 10.523396492, 3.70990920067, 5.03860569, 6.73293972015, 4.1263051033, 3.26613950729, 2.34997653961, 1.94647049904, 2.37199497223, 1.87294530869, 2.87597370148, 2.5674636364, 1.39117407799, 2.13242650032, 1.39566373825, 1.48292148113, 0.550242304802, 0.344220072031, 0.131156414747, 0.138724520802, 0.0597970411181, 0.0112650403753, 0.00684966053814, 0.00525738438591, 0.00390149350278, 0.00283012259752, 0.00166964367963, 0.000699329713825, 0.000211405029404, 7.03434925526e-05, 1.61936804943e-05, 4.05968194173e-06], "max": [0.0883774012327, 7.82743692398, 104.032142639, 359.563232422, 540.603942871, 664.342529297, 762.274780273, 1322.58227539, 1408.6595459, 351.601531982, 760.547058105, 750.508300781, 478.298492432, 540.857788086, 200.728561401, 176.636810303, 157.34727478, 154.411727905, 1023.38842773, 336.686553955, 90.0246810913, 378.614562988, 231.140167236, 364.938781738, 25.6759853363, 35.0412445068, 12.846534729, 10.0415153503, 10.598903656, 0.764308869839, 0.222304105759, 0.185447305441, 0.0766619071364, 0.092282101512, 0.0318912155926, 0.0118937427178, 0.00397051032633, 0.00272982381284, 0.00037785092718, 0.000379014934879], "var": [3.5147419112e-05, 0.201762497425, 33.5404090881, 346.289825439, 1231.35839844, 963.005310059, 2228.29370117, 8998.71582031, 8919.95703125, 886.464660645, 1717.99060059, 2404.54711914, 676.764038086, 788.209960938, 129.484390259, 137.463623047, 133.274246216, 81.3770294189, 1052.24560547, 266.259155273, 24.975982666, 190.492370605, 70.8189544678, 116.734970093, 5.25088262558, 6.1428809166, 0.683158934116, 0.564958810806, 0.283836692572, 0.00198809290305, 0.000212365455809, 8.19611741463e-05, 3.74412193196e-05, 1.95966258616e-05, 6.95895505487e-06, 1.34248500672e-06, 1.58339176437e-07, 2.41128415013e-08, 2.02990535492e-09, 7.21222859212e-10], "mean": [0.00187731499318, 0.107828818262, 1.42532646656, 5.77494478226, 10.2395563126, 10.5282297134, 20.7700138092, 35.6517601013, 37.9971199036, 14.5347280502, 16.0748023987, 17.1284637451, 10.9385004044, 8.93087100983, 5.38570547104, 4.99859428406, 5.61144447327, 4.66791582108, 7.88160037994, 6.57082462311, 3.15251946449, 5.25991630554, 3.96790385246, 3.69744825363, 1.45189750195, 1.03514671326, 0.400706321001, 0.359512060881, 0.170885741711, 0.0386468358338, 0.0251201093197, 0.0200553126633, 0.0157723855227, 0.0116330236197, 0.00713977077976, 0.00316113955341, 0.00103681779001, 0.000346182147041, 8.81595042301e-05, 2.48059168371e-05]}, "spectral_strongpeak": {"dmean2": 0.343806564808, "median": 0.591745913029, "min": 0, "dvar2": 0.368165612221, "dvar": 0.156965091825, "dmean": 0.221825093031, "max": 10.2836046219, "var": 0.71138048172, "mean": 0.871981501579}, "spectral_energy": {"dmean2": 0.0038490248844, "median": 0.00754630565643, "min": 1.800132668e-05, "dvar2": 7.32528205845e-05, "dvar": 4.26750812039e-05, "dmean": 0.0030871219933, "max": 0.33902028203, "var": 0.000617906684056, "mean": 0.0166304968297}, "average_loudness": 0.0353308580816, "spectral_rolloff": {"dmean2": 265.010559082, "median": 559.86328125, "min": 129.19921875, "dvar2": 268809.9375, "dvar": 112287.765625, "dmean": 155.079040527, "max": 9065.47851562, "var": 455846.09375, "mean": 822.303955078}, "spectral_centroid": {"dmean2": 147.786392212, "median": 604.682983398, "min": 156.046020508, "dvar2": 41333.2109375, "dvar": 17794.4628906, "dmean": 98.1765975952, "max": 2984.17358398, "var": 191501.265625, "mean": 749.499511719}, "pitch_salience": {"dmean2": 0.071488365531, "median": 0.471433132887, "min": 0.0612517781556, "dvar2": 0.00439112074673, "dvar": 0.00189784110989, "dmean": 0.0484123006463, "max": 0.842737615108, "var": 0.0142248151824, "mean": 0.46969255805}, "spectral_energyband_middle_high": {"dmean2": 0.000402857054723, "median": 0.000627175439149, "min": 4.80334506392e-07, "dvar2": 7.43210307519e-07, "dvar": 4.42635183617e-07, "dmean": 0.000293602148304, "max": 0.0310411062092, "var": 4.41770271209e-06, "mean": 0.0012791720219}, "spectral_contrast_coeffs": {"dmean2": [0.0638153254986, 0.0558569617569, 0.0503559820354, 0.0453443080187, 0.0305187627673, 0.0180965289474], "median": [-0.522732853889, -0.632911682129, -0.694025337696, -0.717378973961, -0.735250473022, -0.823161363602], "min": [-0.904747188091, -0.892153501511, -0.911567389965, -0.904465377331, -0.91489982605, -0.896837711334], "dvar2": [0.00257282401435, 0.002269258257, 0.00163871911354, 0.00138335442171, 0.00059517310001, 0.000206788434298], "dvar": [0.000941425911151, 0.000896149722394, 0.000653870345559, 0.000512105121743, 0.000221390000661, 7.57582602091e-05], "dmean": [0.0387086607516, 0.0355198122561, 0.0317742414773, 0.0275371167809, 0.0184311699122, 0.0109063638374], "max": [-0.187061756849, -0.359430015087, -0.455322980881, -0.52930110693, -0.586869180202, -0.687390089035], "var": [0.0155636239797, 0.00732749840245, 0.00489787757397, 0.00406459765509, 0.00299454247579, 0.00143784598913], "mean": [-0.531347751617, -0.631997227669, -0.69134324789, -0.719972789288, -0.740717172623, -0.82033342123]}, "melbands_skewness": {"dmean2": 0.717872917652, "median": 2.64933776855, "min": -0.5555087924, "dvar2": 0.569667518139, "dvar": 0.255397886038, "dmean": 0.503088474274, "max": 13.2446689606, "var": 2.31509232521, "mean": 2.90719294548}, "spectral_spread": {"dmean2": 388337, "median": 3163939, "min": 1543146, "dvar2": 120032731136, "dvar": 50679734272, "dmean": 234667.921875, "max": 19273174, "var": 1483366858750.0, "mean": 3430742.75}, "dissonance": {"dmean2": 0.0417471043766, "median": 0.421013444662, "min": 0.191811218858, "dvar2": 0.00143989757635, "dvar": 0.000519184512086, "dmean": 0.025170257315, "max": 0.5, "var": 0.00230362731963, "mean": 0.411459833384}, "spectral_skewness": {"dmean2": 0.464378893375, "median": 2.44993901253, "min": 0.823130548, "dvar2": 0.19487862289, "dvar": 0.0639622882009, "dmean": 0.267933577299, "max": 5.89697027206, "var": 0.576188802719, "mean": 2.62141704559}, "spectral_flux": {"dmean2": 0.0131519436836, "median": 0.0231733843684, "min": 0.00220254273154, "dvar2": 0.000287017173832, "dvar": 0.00010465671221, "dmean": 0.00779225723818, "max": 0.224180102348, "var": 0.000452559994301, "mean": 0.0288020316511}, "spectral_contrast_valleys": {"dmean2": [0.67360663414, 0.444582939148, 0.441104590893, 0.408352792263, 0.266653895378, 0.165529534221], "median": [-9.24020671844, -7.60720539093, -8.85016441345, -9.40039920807, -9.39615440369, -11.5851535797], "min": [-12.0850152969, -11.1615371704, -11.6559705734, -11.9135541916, -10.9632806778, -12.2329044342], "dvar2": [0.273810654879, 0.129656463861, 0.133849397302, 0.119891427457, 0.0489448271692, 0.0171644743532], "dvar": [0.0957681983709, 0.0486710779369, 0.0476386472583, 0.0420115627348, 0.0174594465643, 0.00639938237146], "dmean": [0.39591217041, 0.269838035107, 0.263010174036, 0.239491567016, 0.158058255911, 0.0989109650254], "max": [-5.9202003479, -5.15266132355, -6.49258899689, -6.98070430756, -7.56990098953, -10.7689800262], "var": [1.06590557098, 0.793088674545, 0.574591636658, 0.537347972393, 0.345443844795, 0.0227540526539], "mean": [-9.20334815979, -7.61979675293, -8.8813085556, -9.43446731567, -9.45235443115, -11.5776500702]}, "erbbands_flatness_db": {"dmean2": 0.0156434755772, "median": 0.217575028539, "min": 0.0430182367563, "dvar2": 0.000240399356699, "dvar": 0.000103384292743, "dmean": 0.0107566528022, "max": 0.370984554291, "var": 0.00173210341018, "mean": 0.218467399478}, "spectral_energyband_high": {"dmean2": 8.83642951521e-06, "median": 1.14779359137e-05, "min": 1.40177337471e-06, "dvar2": 3.49248491238e-10, "dvar": 1.25192092804e-10, "dmean": 5.40797827853e-06, "max": 0.000349705660483, "var": 9.63976454216e-10, "mean": 2.18595650949e-05}, "spectral_entropy": {"dmean2": 0.16673246026, "median": 6.46539497375, "min": 4.88613367081, "dvar2": 0.0255856197327, "dvar": 0.0110842706636, "dmean": 0.112781278789, "max": 8.63248252869, "var": 0.219344124198, "mean": 6.47107124329}, "silence_rate_20dB": {"dmean2": 0, "median": 1, "min": 1, "dvar2": 0, "dvar": 0, "dmean": 0, "max": 1, "var": 0, "mean": 1}, "melbands_flatness_db": {"dmean2": 0.0216299034655, "median": 0.292269647121, "min": 0.0940094664693, "dvar2": 0.000468134880066, "dvar": 0.000205215212191, "dmean": 0.0153771750629, "max": 0.49824616313, "var": 0.0046531627886, "mean": 0.291510105133}, "barkbands": {"dmean2": [1.1465190255e-05, 6.93511756253e-05, 0.000341374601703, 0.000915027339943, 0.00128131778911, 0.00158618530259, 0.000745626690332, 0.00025598728098, 0.000387194362702, 0.000192557636183, 7.08684456185e-05, 9.75137445494e-05, 7.30681058485e-05, 8.93101168913e-05, 7.86819146015e-05, 4.45507539553e-05, 6.69545479468e-05, 3.77840660803e-05, 3.2931460737e-05, 1.18463913168e-05, 5.52835854251e-06, 2.71497333415e-06, 4.01186525778e-07, 3.69556232727e-07, 3.63131590575e-07, 2.0535092915e-07, 1.43395382679e-07], "median": [3.86355713999e-06, 6.83706002746e-06, 6.6503911512e-05, 0.000122057375847, 0.00080562022049, 0.001016187598, 0.00034046912333, 8.51313234307e-05, 0.00011928530148, 6.90356391715e-05, 2.43092508754e-05, 2.11528877117e-05, 3.02758508042e-05, 2.83313638647e-05, 2.69442625722e-05, 2.6740188332e-05, 2.6002397135e-05, 2.44762104558e-05, 1.66003483173e-05, 7.3299588621e-06, 3.01405088976e-06, 1.44659213674e-06, 7.50847163999e-07, 8.68660890774e-07, 9.50392859522e-07, 5.91954687934e-07, 4.12749329826e-07], "min": [1.43382294926e-09, 4.59759093019e-08, 1.70036109637e-08, 1.40951570415e-08, 5.11463369435e-08, 2.30780798915e-07, 1.37268330036e-07, 1.25349171043e-08, 1.63363793604e-08, 2.02373229286e-08, 4.67963490181e-09, 1.49707979347e-08, 7.76325759233e-09, 1.04652624344e-08, 3.76085864673e-08, 2.02674588223e-08, 2.81064060914e-08, 2.86707741992e-08, 4.27336424025e-08, 5.63182993574e-08, 4.49404495839e-08, 1.57936298706e-07, 1.43366023053e-07, 2.34984611325e-07, 2.83828995862e-07, 1.68565719605e-07, 6.28588807672e-08], "dvar2": [4.17053058754e-10, 5.59744322004e-08, 7.04178205524e-07, 1.3441250303e-05, 1.93431515072e-05, 2.27292675845e-05, 6.17982277618e-06, 5.39788857168e-07, 1.58146008289e-06, 4.08820341136e-07, 5.64048470153e-08, 8.72184102718e-08, 3.31548974941e-08, 6.17678921344e-08, 6.90601709152e-08, 8.62787175038e-09, 3.02805922558e-08, 5.93468074683e-09, 1.3152136269e-08, 8.68633553974e-10, 1.75137640501e-10, 7.36750660479e-11, 2.79998653386e-13, 1.48724497886e-13, 1.3895491474e-13, 3.9780495792e-14, 2.52604892976e-14], "dvar": [1.65642319305e-10, 3.80847424708e-08, 5.43879309589e-07, 8.19364504423e-06, 1.13465448521e-05, 1.45706753756e-05, 3.07622644868e-06, 4.50424096243e-07, 7.75972807