{"tonal": {"thpcp": [1, 0.762040257454, 0.451613038778, 0.342622637749, 0.234958603978, 0.316529333591, 0.428999871016, 0.31697973609, 0.290398597717, 0.357462882996, 0.315048485994, 0.447662085295, 0.582904934883, 0.451131135225, 0.496453583241, 0.585836589336, 0.384905338287, 0.264808118343, 0.305930167437, 0.264535963535, 0.354251235723, 0.527234137058, 0.427915543318, 0.314641684294, 0.302275300026, 0.268229216337, 0.444059431553, 0.580181360245, 0.383274018764, 0.295326441526, 0.384179145098, 0.326663523912, 0.279364794493, 0.344488888979, 0.387529373169, 0.687685728073], "hpcp": {"dmean2": [0.229602947831, 0.180562674999, 0.134901449084, 0.123473189771, 0.119426980615, 0.154296800494, 0.19025555253, 0.18123061955, 0.158879235387, 0.144173651934, 0.150437697768, 0.193929463625, 0.214942336082, 0.177131071687, 0.153205543756, 0.158558994532, 0.15819516778, 0.150581732392, 0.16280028224, 0.21179908514, 0.272112995386, 0.276466757059, 0.293015599251, 0.24215875566, 0.169306382537, 0.12611117959, 0.145739451051, 0.160367935896, 0.145072102547, 0.141551405191, 0.148628398776, 0.156799092889, 0.198742717505, 0.22535482049, 0.216629162431, 0.23028947413], "median": [0.0813271701336, 0.0525391809642, 0.0230389386415, 0.0162372309715, 0.0245329868048, 0.0631156116724, 0.0806726068258, 0.0644757971168, 0.039342649281, 0.0264401249588, 0.035506375134, 0.0599851533771, 0.0673052817583, 0.0519814528525, 0.0420924015343, 0.0353781729937, 0.0312685742974, 0.0349849313498, 0.0338830128312, 0.0520391911268, 0.133043467999, 0.191756531596, 0.13727915287, 0.0674900114536, 0.0294021032751, 0.0241156499833, 0.0337332189083, 0.037916906178, 0.0378921404481, 0.031974952668, 0.0249831229448, 0.0354645736516, 0.0643475651741, 0.074181586504, 0.067824088037, 0.0780333429575], "min": [0, 0, 0, 0, 0, 0, 0, 0, 0, 0, 0, 0, 0, 0, 0, 0, 0, 0, 0, 0, 0, 0, 0, 0, 0, 0, 0, 0, 0, 0, 0, 0, 0, 0, 0, 0], "dvar2": [0.0979725047946, 0.07542655617, 0.0565476417542, 0.0622593387961, 0.0464357361197, 0.0472070388496, 0.0660773217678, 0.0642622634768, 0.0618588849902, 0.0585562214255, 0.0593060962856, 0.0740354210138, 0.0886434316635, 0.0682407915592, 0.0595252290368, 0.0648924186826, 0.0684965252876, 0.0587512254715, 0.0643751323223, 0.0897666364908, 0.108687199652, 0.112509645522, 0.124990358949, 0.105835661292, 0.0750586017966, 0.0467391423881, 0.0571994259953, 0.0681007355452, 0.0524531155825, 0.0572829991579, 0.0666340366006, 0.062488425523, 0.0784748122096, 0.096355445683, 0.089020691812, 0.0924967378378], "dvar": [0.0387344770133, 0.0281281489879, 0.0206712055951, 0.0229646395892, 0.01714005135, 0.0185680668801, 0.0282882172614, 0.0252507738769, 0.0232813432813, 0.022906916216, 0.022190656513, 0.0290692299604, 0.0365252569318, 0.02612792328, 0.0215799156576, 0.0261940676719, 0.0261407159269, 0.0217603035271, 0.024862498045, 0.032327760011, 0.0408562533557, 0.0453657619655, 0.0468768291175, 0.0391948483884, 0.0274648759514, 0.0171560514718, 0.0220666248351, 0.0276485234499, 0.0202465448529, 0.0209626015276, 0.0253891013563, 0.0229969527572, 0.0296304840595, 0.0383666008711, 0.0335546918213, 0.0352309942245], "dmean": [0.135339468718, 0.10508107394, 0.0771300420165, 0.0702361762524, 0.0691352710128, 0.0923081114888, 0.115110769868, 0.107670225203, 0.0924476012588, 0.083829395473, 0.0863895490766, 0.114655643702, 0.127988368273, 0.104220189154, 0.0883493497968, 0.0939841791987, 0.0922344103456, 0.0870270431042, 0.093865826726, 0.121489390731, 0.158964514732, 0.16161327064, 0.170809000731, 0.13899256289, 0.096847422421, 0.0723114013672, 0.0859317779541, 0.09526874125, 0.0858375653625, 0.0820763334632, 0.0866428315639, 0.0904342904687, 0.116510547698, 0.131863445044, 0.126529768109, 0.135679349303], "max": [1, 1, 1, 1, 1, 1, 1, 1, 1, 1, 1, 1, 1, 1, 1, 1, 1, 1, 1, 1, 1, 1, 1, 1, 1, 1, 1, 1, 1, 1, 1, 1, 1, 1, 1, 1], "var": [0.0850592702627, 0.0448001772165, 0.0316433310509, 0.0576088540256, 0.0337674617767, 0.0310812424868, 0.0718601718545, 0.048941809684, 0.0359313301742, 0.0425030216575, 0.0274715125561, 0.0521045513451, 0.0894391015172, 0.0426879897714, 0.0283122193068, 0.0565023757517, 0.042815759778, 0.028914552182, 0.0490579195321, 0.044657997787, 0.0795056596398, 0.145210519433, 0.0959611684084, 0.0531529374421, 0.0478645786643, 0.0233430024236, 0.0383725240827, 0.0723158568144, 0.0355188883841, 0.0322910957038, 0.059579346329, 0.0363362953067, 0.0515553019941, 0.0895296037197, 0.0518246665597, 0.0579609684646], "mean": [0.216556638479, 0.142281666398, 0.0978872925043, 0.113088205457, 0.0977866873145, 0.130950272083, 0.194894045591, 0.158180549741, 0.116308458149, 0.111737169325, 0.0991519168019, 0.164148196578, 0.214466169477, 0.141678646207, 0.109168499708, 0.14201323688, 0.120752371848, 0.103268221021, 0.127341583371, 0.143251657486, 0.254205554724, 0.36965367198, 0.281690984964, 0.166940420866, 0.126651719213, 0.0868533104658, 0.117006234825, 0.158581376076, 0.117172718048, 0.107346907258, 0.132137462497, 0.116458825767, 0.165479928255, 0.215472951531, 0.166762277484, 0.183515891433]}, "tuning_equal_tempered_deviation": 0.00517548061907, "chords_changes_rate": 0.0506702400744, "key_key": "A", "tuning_diatonic_strength": 0.621969938278, "key_scale": "major", "chords_number_rate": 0.00201072380878, "tuning_frequency": 443.316436768, "tuning_nontempered_energy_ratio": 0.723217129707, "chords_histogram": [28.1233253479, 9.3297586441, 12.9892759323, 3.86058974266, 1.08579087257, 0.563002705574, 0.0536193028092, 0, 4.42359256744, 1.15281498432, 0.951742649078, 0.844503998756, 7.7613940239, 0.442359238863, 1.54155492783, 0.844503998756, 0.0938337817788, 5.13404846191, 6.5817694664, 1.8364610672, 0.442359238863, 2.07774806023, 3.10991954803, 6.75603199005], "key_strength": 0.811482727528, "chords_key": "A", "chords_strength": {"dmean2": 0.00863264873624, "median": 0.590804457664, "min": 0.20778375864, "dvar2": 6.58037315588e-05, "dvar": 6.53667229926e-05, "dmean": 0.00915411114693, "max": 0.858576536179, "var": 0.00971780903637, "mean": 0.583169817924}, "chords_scale": "major", "hpcp_entropy": {"dmean2": 1.10858714581, "median": 1.96040630341, "min": 0, "dvar2": 0.781730353832, "dvar": 0.282082736492, "dmean": 0.649693548679, "max": 4.49464797974, "var": 0.605232715607, "mean": 1.90620601177}}, "metadata": {"audio_properties": {"equal_loudness": 0, "codec": "mp3", "downmix": "mix", "sample_rate": 44100, "analysis_sample_rate": 44100, "bit_rate": 200415, "md5_encoded": "b81cb554429187d6446f20c59c68595e", "length": 346.383666992, "replay_gain": -7.88310623169, "lossless": false}, "version": {"essentia_build_sha": "70f2e5ece6736b2c40cc944ad0e695b16b925413", "essentia": "2.1-beta2", "extractor": "music 1.0", "essentia_git_sha": "v2.1_beta2"}, "tags": {"title": ["Jazz Suite No. 1, Op. 96: \"Festive Overture\""], "barcode": ["5029365812825"], "media": ["CD"], "albumartist": ["Shostakovich, Dmitri Dmitrievich"], "musicbrainz_recordingid": ["1c101b88-e50b-4fd9-9893-c5138cdfafe1"], "musicbrainz_albumartistid": ["519dd32e-8f30-4380-8826-7aa99169e1bb"], "discnumber": ["14/27"], "album": ["Shostakovich Edition"], "catalognumber": ["8128"], "musicbrainz album release country": ["NL"], "musicbrainz album type": ["album", "compilation"], "musicbrainz album status": ["official"], "originaldate": ["2006"], "date": ["2006-06-26"], "file_name": "14 - Dmitri Dmitrievich Shostakovich - Jazz Suite No. 1, Op. 96: \"Festive Overture\".mp3", "musicbrainz_releasegroupid": ["29d6e4d5-2219-35aa-a8ad-d73f4112ce3a"], "script": ["Latn"], "asin": ["B000F7BOFI"], "musicbrainz_albumid": ["41251986-80b2-4e28-ac16-471a4df27272"], "artist": ["Dmitri Dmitrievich Shostakovich"], "artistsort": ["Shostakovich, Dmitri Dmitrievich"], "tracknumber": ["14/14"], "label": ["Brilliant Classics"], "albumartistsort": ["Shostakovich, Dmitri Dmitrievich"], "musicbrainz_artistid": ["519dd32e-8f30-4380-8826-7aa99169e1bb"]}}, "rhythm": {"bpm_histogram_first_peak_bpm": {"dmean2": 0, "median": 161, "min": 161, "dvar2": 0, "dvar": 0, "dmean": 0, "max": 161, "var": 0, "mean": 161}, "bpm": 162.812835693, "bpm_histogram_second_peak_spread": {"dmean2": 0, "median": 0, "min": 0, "dvar2": 0, "dvar": 0, "dmean": 0, "max": 0, "var": 0, "mean": 0}, "bpm_histogram_first_peak_weight": {"dmean2": 0, "median": 0.334586471319, "min": 0.334586471319, "dvar2": 0, "dvar": 0, "dmean": 0, "max": 0.334586471319, "var": 0, "mean": 0.334586471319}, "onset_rate": 2.29217886925, "beats_position": [0.557278871536, 1.1261677742, 1.68344664574, 2.2523355484, 2.82122445107, 3.39011335373, 3.97061228752, 4.52789115906, 5.08516979218, 5.64244890213, 6.2229475975, 6.80344676971, 7.37233543396, 7.92961454391, 8.48689365387, 9.04417228699, 9.6014509201, 10.1703395844, 10.7392292023, 11.3081178665, 11.8653964996, 12.4226751328, 12.9799547195, 13.5372333527, 14.0945119858, 14.6517915726, 15.2090702057, 15.7663488388, 16.3236274719, 16.8925170898, 17.4614048004, 18.0419044495, 18.6107940674, 19.1912918091, 19.7717914581, 20.3406791687, 20.9211788177, 21.5016784668, 22.0821762085, 22.6626758575, 23.2431735992, 23.8236732483, 24.3925609589, 24.9730606079, 25.5419502258, 26.1224479675, 26.7029476166, 27.2834453583, 27.8639450073, 28.4444446564, 29.0249423981, 29.6170520782, 30.2091598511, 30.7896595001, 31.3933773041, 31.9970970154, 32.6240348816, 33.239364624, 33.8546943665, 34.4235839844, 34.9924697876, 35.5613594055, 36.1418571472, 36.7223587036, 37.2912483215, 37.8717460632, 38.4522438049, 39.0791816711, 39.7177314758, 40.3562812805, 40.9948310852, 41.6333770752, 42.2719268799, 42.9104766846, 43.467754364, 44.0134239197, 44.5590934753, 45.1163711548, 45.6620407104, 46.2077102661, 46.7533760071, 47.2990455627, 47.6589546204, 48.018863678, 48.3787727356, 48.7502937317, 49.1102027893, 49.4817237854, 49.8532409668, 50.2247619629, 50.5962791443, 50.9678001404, 51.3393173218, 51.7108383179, 52.0823554993, 52.4538764954, 52.8253974915, 53.2085266113, 53.5916557312, 53.9631729126, 54.3346939087, 54.7062110901, 55.0777320862, 55.4492492676, 55.8207702637, 56.1922874451, 56.5638084412, 56.9353294373, 57.3068466187, 57.6783676147, 58.0498847961, 58.433013916, 58.8161430359, 59.1992721558, 59.5824012756, 59.9655303955, 60.3486595154, 60.7434005737, 61.1149177551, 61.4864387512, 61.8579597473, 62.2294769287, 62.5893859863, 62.9492950439, 63.3092041016, 63.6807250977, 64.0638504028, 64.4353713989, 64.8185043335, 65.2016296387, 65.5847625732, 65.9678878784, 66.3394088745, 66.7109298706, 67.0940551758, 67.4655761719, 67.837097168, 68.2086181641, 68.5685272217, 68.9284362793, 69.2883453369, 69.6482543945, 70.0081634521, 70.3680725098, 70.7279815674, 71.087890625, 71.4477996826, 71.8077087402, 72.1676177979, 72.5275268555, 72.8990478516, 73.2705688477, 73.6304779053, 73.9903869629, 74.3502960205, 74.7102050781, 75.0701141357, 75.4416275024, 75.8131484985, 76.1846694946, 76.5561904907, 76.9393157959, 77.3224487305, 77.6939697266, 78.0654830933, 78.4253921509, 78.7853012085, 79.1452102661, 79.5167312622, 79.8766403198, 80.2481613159, 80.619682312, 80.9912033081, 81.3627166748, 81.7342376709, 82.105758667, 82.4772796631, 82.8487930298, 83.2203140259, 83.591835022, 83.9517440796, 84.3116531372, 84.6715621948, 85.0314712524, 85.3913803101, 85.7629013062, 86.1344223022, 86.5175476074, 86.9122848511, 87.3070297241, 87.6901550293, 88.0732879639, 88.456413269, 88.8395462036, 89.2226715088, 89.6058044434, 89.9889297485, 90.3836746216, 90.7667999268, 91.1499328613, 91.5330581665, 91.9045791626, 92.2644882202, 92.6243972778, 92.9843063354, 93.3442153931, 93.7157363892, 94.0872573853, 94.4703826904, 94.853515625, 95.2482528687, 95.6429901123, 96.037727356, 96.4208602905, 96.8039855957, 97.1755065918, 97.5470275879, 97.918548584, 98.3016738892, 98.6848068237, 99.0679321289, 99.439453125, 99.8109741211, 100.194099426, 100.565620422, 100.948753357, 101.320266724, 101.703399658, 102.086524963, 102.458045959, 102.829566956, 103.189476013, 103.560997009, 103.932518005, 104.304031372, 104.66394043, 105.023849487, 105.383758545, 105.743675232, 106.10358429, 106.463493347, 106.835006714, 107.20652771, 107.578048706, 107.949569702, 108.321083069, 108.680992126, 109.040908813, 109.41242218, 109.772331238, 110.132240295, 110.503761292, 110.875282288, 111.246803284, 111.61831665, 111.978225708, 112.338134766, 112.709655762, 113.081176758, 113.464309692, 113.847434998, 114.230567932, 114.613693237, 115.008430481, 115.391563416, 115.763084412, 116.134597778, 116.506118774, 116.877639771, 117.249160767, 117.632286072, 118.003807068, 118.386940002, 118.770065308, 119.153198242, 119.536323547, 119.919456482, 120.302581787, 120.674102783, 121.045623779, 121.417137146, 121.788658142, 122.183395386, 122.56652832, 122.949661255, 123.33278656, 123.715919495, 124.0990448, 124.482177734, 124.86530304, 125.248435974, 125.631561279, 126.014694214, 126.397819519, 126.780952454, 127.164077759, 127.547210693, 127.91872406, 128.301864624, 128.673370361, 129.056503296, 129.451248169, 129.845977783, 130.252334595, 130.658676147, 131.065032959, 131.459777832, 131.866119385, 132.260864258, 132.655593872, 133.038726807, 133.421859741, 133.793380737, 134.164901733, 134.548019409, 134.931152344, 135.325897217, 135.720626831, 136.115371704, 136.510116577, 136.893234253, 137.276367188, 137.671112061, 138.054244995, 138.448974609, 138.843719482, 139.238449097, 139.63319397, 140.027938843, 140.422668457, 140.81741333, 141.212158203, 141.595275879, 141.978408813, 142.361541748, 142.733062744, 143.10458374, 143.476104736, 143.847610474, 144.242355347, 144.625488281, 145.008621216, 145.391738892, 145.786483765, 146.169616699, 146.552734375, 146.93586731, 147.307388306, 147.667297363, 148.027206421, 148.398727417, 148.758636475, 149.130157471, 149.501678467, 149.873199463, 150.267929077, 150.66267395, 151.045806885, 151.440536499, 151.835281372, 152.230026245, 152.624755859, 153.031112671, 153.425842285, 153.820587158, 154.215332031, 154.610061646, 155.016418457, 155.42276001, 155.829116821, 156.212234497, 156.595367432, 156.966888428, 157.338409424, 157.70993042, 158.081451416, 158.452972412, 158.824493408, 159.184402466, 159.555908203, 159.915817261, 160.287338257, 160.647247314, 161.007156372, 161.378677368, 161.750198364, 162.12171936, 162.493240356, 162.864761353, 163.236282349, 163.596191406, 163.956100464, 164.316009521, 164.675918579, 165.047439575, 165.407348633, 165.778869629, 166.150375366, 166.533508301, 166.916641235, 167.29977417, 167.671295166, 168.042816162, 168.414321899, 168.785842896, 169.157363892, 169.528884888, 169.900405884, 170.283538818, 170.666656494, 171.03817749, 171.421310425, 171.804443359, 172.175964355, 172.55909729, 172.942214966, 173.313735962, 173.685256958, 174.056777954, 174.42829895, 174.799819946, 175.171340942, 175.554458618, 175.937591553, 176.320724487, 176.715454102, 177.098587036, 177.481719971, 177.864852905, 178.24798584, 178.631103516, 179.01423645, 179.397369385, 179.792098999, 180.175231934, 180.558364868, 180.929885864, 181.30140686, 181.672927856, 182.044433594, 182.41595459, 182.787475586, 183.170608521, 183.553741455, 183.93687439, 184.319992065, 184.703125, 185.086257935, 185.469390869, 185.840896606, 186.212417603, 186.57232666, 186.943847656, 187.315368652, 187.67527771, 188.046798706, 188.406707764, 188.766616821, 189.126525879, 189.486434937, 189.857955933, 190.229476929, 190.600997925, 190.984130859, 191.367248535, 191.75038147, 192.121902466, 192.493423462, 192.864944458, 193.248062134, 193.631195068, 194.002716064, 194.385848999, 194.757369995, 195.128890991, 195.500411987, 195.871917725, 196.243438721, 196.614959717, 196.986480713, 197.358001709, 197.741134644, 198.124252319, 198.507385254, 198.890518188, 199.273651123, 199.668380737, 200.06312561, 200.446258545, 200.829391479, 201.212509155, 201.59564209, 201.978775024, 202.361907959, 202.745025635, 203.128158569, 203.511291504, 203.894424438, 204.265930176, 204.64906311, 205.032196045, 205.415328979, 205.798446655, 206.169967651, 206.553100586, 206.936233521, 207.319366455, 207.714096069, 208.108840942, 208.503585815, 208.886703491, 209.269836426, 209.664581299, 210.059310913, 210.454055786, 210.848800659, 211.255142212, 211.649887085, 212.056228638, 212.450973511, 212.857315063, 213.252059937, 213.64680481, 214.041534424, 214.436279297, 214.819412231, 215.202529907, 215.59727478, 215.992019653, 216.386749268, 216.781494141, 217.176239014, 217.570968628, 217.965713501, 218.360443115, 218.755187988, 219.149932861, 219.533050537, 219.92779541, 220.310928345, 220.694061279, 221.077178955, 221.448699951, 221.820220947, 222.191741943, 222.563262939, 222.934783936, 223.306304932, 223.689422607, 224.072555542, 224.444076538, 224.815597534, 225.18711853, 225.558639526, 225.930160522, 226.30166626, 226.673187256, 227.033096313, 227.393005371, 227.764526367, 228.136047363, 228.507568359, 228.867477417, 229.227386475, 229.587295532, 229.958816528, 230.330337524, 230.690246582, 231.05015564, 231.410064697, 231.769973755, 232.141494751, 232.524627686, 232.907745361, 233.290878296, 233.67401123, 234.057144165, 234.440261841, 234.811782837, 235.183303833, 235.543212891, 235.914733887, 236.286254883, 236.657775879, 237.029296875, 237.400817871, 237.772338867, 238.143844604, 238.515365601, 238.886886597, 239.246795654, 239.606704712, 239.96661377, 240.326522827, 240.686431885, 241.046340942, 241.417861938, 241.789382935, 242.149291992, 242.520812988, 242.880722046, 243.252243042, 243.623764038, 244.018493652, 244.401626587, 244.784759521, 245.167892456, 245.551010132, 245.934143066, 246.317276001, 246.688796997, 247.060317993, 247.431838989, 247.803344727, 248.174865723, 248.546386719, 248.917907715, 249.289428711, 249.660949707, 250.032470703, 250.403991699, 250.775512695, 251.147018433, 251.518539429, 251.890060425, 252.261581421, 252.633102417, 253.016235352, 253.399353027, 253.782485962, 254.165618896, 254.548751831, 254.920272827, 255.291793823, 255.663299561, 256.034820557, 256.41796875, 256.789459229, 257.160980225, 257.544128418, 257.927246094, 258.310394287, 258.705108643, 259.099853516, 259.494598389, 259.877716064, 260.260864258, 260.643981934, 261.027130127, 261.410247803, 261.781768799, 262.153289795, 262.524810791, 262.896331787, 263.267852783, 263.639373779, 264.010864258, 264.382385254, 264.75390625, 265.125427246, 265.508575439, 265.891693115, 266.286437988, 266.681182861, 267.064300537, 267.435821533, 267.79574585, 268.167236328, 268.527160645, 268.898681641, 269.258575439, 269.618499756, 269.990020752, 270.361541748, 270.733062744, 271.10458374, 271.487701416, 271.870819092, 272.242340088, 272.625488281, 273.008605957, 273.380126953, 273.763275146, 274.134765625, 274.506286621, 274.877807617, 275.249328613, 275.620849609, 275.992370605, 276.363891602, 276.735412598, 277.106933594, 277.47845459, 277.849975586, 278.221496582, 278.593017578, 278.964538574, 279.33605957, 279.707580566, 280.079101562, 280.450592041, 280.822113037, 281.193634033, 281.565155029, 281.936676025, 282.308197021, 282.679718018, 283.051239014, 283.434356689, 283.93359375, 284.421234131, 284.908843994, 285.408081055, 285.895690918, 286.383300781, 286.882537842, 287.370147705, 287.869384766, 288.368621826, 288.867828369, 289.35546875, 289.86630249, 290.365539551, 290.864746094, 291.387207031, 291.909667969, 292.432098389, 293.01260376, 293.593109131, 294.359344482, 295.114013672, 295.891876221, 296.66973877, 297.447601318, 298.225494385, 299.003356934, 299.781219482, 300.547485352, 301.313751221, 302.068389893, 302.823028564, 303.554473877, 304.285888672, 305.040527344, 305.783569336, 306.526611328, 307.26965332, 308.024291992, 308.778961182, 309.55682373, 310.334686279, 311.100952148, 311.867218018, 312.645080566, 313.422943115, 314.189208984, 314.955444336, 315.744934082, 316.557647705, 317.370330811, 318.194641113, 319.007354736, 319.820037842, 320.644348145, 321.36416626, 322.083984375, 322.792205811, 323.500396729, 324.208618164, 324.916809082, 325.636627197, 326.356445312, 327.064666748, 327.772888184, 328.492706299, 329.212524414, 329.932342529, 330.652160645, 331.395172119, 332.126617432, 332.858032227, 333.601074219, 334.355743408, 335.133605957, 335.969512939, 336.805450439, 337.548461914, 338.291503906, 339.011322021, 339.731140137, 340.416137695, 341.089508057, 341.762908936, 342.331787109, 342.900665283, 343.539215088, 344.177764893, 344.816314697, 345.466491699], "beats_loudness": {"dmean2": 0.014802724123, "median": 0.00484878849238, "min": 6.32361434327e-08, "dvar2": 0.000870755349752, "dvar": 0.00030344753759, "dmean": 0.00861413870007, "max": 0.204794496298, "var": 0.000390915607568, "mean": 0.0131384870037}, "danceability": 0.878977239132, "bpm_histogram_second_peak_weight": {"dmean2": 0, "median": 0.112781956792, "min": 0.112781956792, "dvar2": 0, "dvar": 0, "dmean": 0, "max": 0.112781956792, "var": 0, "mean": 0.112781956792}, "beats_count": 799, "bpm_histogram_second_peak_bpm": {"dmean2": 0, "median": 167, "min": 167, "dvar2": 0, "dvar": 0, "dmean": 0, "max": 167, "var": 0, "mean": 167}, "bpm_histogram_first_peak_spread": {"dmean2": 0, "median": 0.410596072674, "min": 0.410596072674, "dvar2": 0, "dvar": 0, "dmean": 0, "max": 0.410596072674, "var": 0, "mean": 0.410596072674}, "beats_loudness_band_ratio": {"dmean2": [0.278817355633, 0.242273181677, 0.226008966565, 0.181397423148, 0.123350664973, 0.0749819949269], "median": [0.196330994368, 0.19615727663, 0.203250542283, 0.137551769614, 0.0758259296417, 0.0252456087619], "min": [2.30665978052e-06, 1.30838579935e-05, 0.00022013054695, 3.19873688568e-05, 1.67367725226e-05, 1.24190237329e-05], "dvar2": [0.0604411438107, 0.0440927967429, 0.0384144671261, 0.0306065157056, 0.0206896066666, 0.0148040177301], "dvar": [0.0225804056972, 0.0157276578248, 0.0148806143552, 0.0110290246084, 0.00695096328855, 0.00502117536962], "dmean": [0.163824826479, 0.139507770538, 0.133376687765, 0.10483533144, 0.0697238147259, 0.0419300086796], "max": [0.99365490675, 0.942034363747, 0.918386518955, 0.759722828865, 0.582324028015, 0.71278399229], "var": [0.0553056485951, 0.0256919264793, 0.023964446038, 0.0177954491228, 0.00897915102541, 0.00473291426897], "mean": [0.261897414923, 0.227677956223, 0.23279479146, 0.169867292047, 0.101855196059, 0.0496016293764]}}, "lowlevel": {"barkbands_spread": {"dmean2": 5.66935396194, "median": 18.171672821, "min": 0.173467278481, "dvar2": 33.7737693787, "dvar": 13.7610855103, "dmean": 3.66436076164, "max": 142.334182739, "var": 96.2420501709, "mean": 18.9524765015}, "melbands_spread": {"dmean2": 8.39175033569, "median": 22.4373397827, "min": 0.238048523664, "dvar2": 70.2779846191, "dvar": 29.2264633179, "dmean": 5.38843870163, "max": 193.998153687, "var": 211.175827026, "mean": 24.3894901276}, "hfc": {"dmean2": 3.01297354698, "median": 3.97361421585, "min": 1.14910474858e-16, "dvar2": 25.7630004883, "dvar": 14.4591398239, "dmean": 2.24417090416, "max": 166.379776001, "var": 385.768859863, "mean": 12.571138382}, "barkbands_kurtosis": {"dmean2": 3.98494052887, "median": 0.68597650528, "min": -1.91106426716, "dvar2": 265.665710449, "dvar": 96.3856658936, "dmean": 2.48585700989, "max": 446.994812012, "var": 187.884414673, "mean": 3.42981314659}, "gfcc": {"mean": [-100.362945557, 100.907218933, -138.381561279, 19.1398639679, -64.6607131958, 0.701740860939, -39.6309814453, 2.06735873222, -23.177778244, 0.092299990356, -15.2306203842, -1.61610221863, -13.3795747757], "icov": [[0.000109107255412, -0.000149862433318, 0.000201679038582, -0.000212674916838, 0.000389186141547, -0.000382345868275, 0.000441659882199, -0.0002041272528, 0.000366044725524, -0.000320812483551, 0.000355097174179, -0.000172732325154, 0.000249569129664], [-0.000149862433318, 0.00191847770475, -0.000779673922807, 0.000174804910785, -0.00196857494302, 0.00156173820142, -0.00156452541705, 0.0022023206111, -0.0017478762893, 0.00248657353222, -0.00220371573232, 0.00218950863928, -0.00193600088824], [0.000201679038582, -0.000779673922807, 0.00185284763575, -0.00122960400768, 0.000443874334451, -0.00109536573291, 0.000937969191, -0.000759227725212, 0.00148436217569, -0.00147334055509, 0.00208934326656, -0.001404392533, 0.000548911746591], [-0.000212674916838, 0.000174804910785, -0.00122960400768, 0.00478117959574, -0.00173258257564, -0.000641980383079, -0.000345542968716, -0.000408642779803, -0.00044142481056, 0.00163028377574, -0.000722149561625, 0.00110742647666, -0.000141850541695], [0.000389186141547, -0.00196857494302, 0.000443874334451, -0.00173258257564, 0.00802199076861, -0.0025050654076, -0.0012639897177, -0.000715952599421, 0.00117115746252, -0.00210249377415, 0.00195765867829, -0.00218518916517, 0.00328031764366], [-0.000382345868275, 0.00156173820142, -0.00109536573291, -0.000641980383079, -0.0025050654076, 0.0103699713945, -0.0036555856932, -0.00078204437159, 4.72599240311e-05, 0.000591677438933, -0.00156645732932, 0.00138380425051, -0.000290160416625], [0.000441659882199, -0.00156452541705, 0.000937969191, -0.000345542968716, -0.0012639897177, -0.0036555856932, 0.0152972918004, -0.00544282607734, -0.00135463336483, 0.00056363560725, 0.000170005398104, 0.00033789864392, 0.0005317957839], [-0.0002041272528, 0.0022023206111, -0.000759227725212, -0.000408642779803, -0.000715952599421, -0.00078204437159, -0.00544282607734, 0.0161264203489, -0.00586315104738, -0.000938965706155, 0.00114977150224, -0.00267590512522, -0.000429561652709], [0.000366044725524, -0.0017478762893, 0.00148436217569, -0.00044142481056, 0.00117115746252, 4.72599240311e-05, -0.00135463336483, -0.00586315104738, 0.016163462773, -0.00643371744081, -0.00174096378032, 0.00233411579393, -0.00211371737532], [-0.000320812483551, 0.00248657353222, -0.00147334055509, 0.00163028377574, -0.00210249377415, 0.000591677438933, 0.00056363560725, -0.000938965706155, -0.00643371744081, 0.0186768975109, -0.00692551070824, -0.000116691735457, 0.000455875706393], [0.000355097174179, -0.00220371573232, 0.00208934326656, -0.000722149561625, 0.00195765867829, -0.00156645732932, 0.000170005398104, 0.00114977150224, -0.00174096378032, -0.00692551070824, 0.0182154979557, -0.00845990236849, 0.00159825466108], [-0.000172732325154, 0.00218950863928, -0.001404392533, 0.00110742647666, -0.00218518916517, 0.00138380425051, 0.00033789864392, -0.00267590512522, 0.00233411579393, -0.000116691735457, -0.00845990236849, 0.0197749901563, -0.00906325131655], [0.000249569129664, -0.00193600088824, 0.000548911746591, -0.000141850541695, 0.00328031764366, -0.000290160416625, 0.0005317957839, -0.000429561652709, -0.00211371737532, 0.000455875706393, 0.00159825466108, -0.00906325131655, 0.0167776849121]], "cov": [[23600.9082031, -3296.42089844, -1360.22338867, 97.7134246826, -1415.92980957, 463.235076904, -964.522705078, 77.6917572021, -758.111083984, 159.269607544, -478.122833252, -1.08181190491, -423.580230713], [-3296.42089844, 2582.13085938, 533.062988281, 238.691268921, 577.093994141, -167.005737305, 275.577606201, -241.556564331, 159.438262939, -245.173995972, 90.0959320068, -177.355438232, 123.287857056], [-1360.22338867, 533.062988281, 1179.85107422, 341.495361328, 259.145904541, 94.4729919434, 68.4975204468, -10.5819253922, -60.4049339294, -61.6245117188, -90.5575332642, -26.6471996307, -17.1487083435], [97.7134246826, 238.691268921, 341.495361328, 378.487091064, 153.038345337, 80.825881958, 44.2633514404, 2.93343758583, -25.9351425171, -47.8586959839, -45.1282234192, -43.1397018433, -32.7067985535], [-1415.92980957, 577.093994141, 259.145904541, 153.038345337, 357.206634521, 36.277973175, 127.09160614, -13.9880723953, 43.6376953125, -41.0214767456, 9.52136325836, -38.698387146, -8.32924842834], [463.235076904, -167.005737305, 94.4729919434, 80.825881958, 36.277973175, 170.034454346, 25.8352737427, 49.2920417786, -17.595539093, 18.0274162292, -20.7391719818, 1.64972853661, -32.1181106567], [-964.522705078, 275.577606201, 68.4975204468, 44.2633514404, 127.09160614, 25.8352737427, 151.768859863, 32.0756111145, 64.483039856, -9.42349147797, 26.9924106598, -11.620136261, 15.4201889038], [77.6917572021, -241.556564331, -10.5819253922, 2.93343758583, -13.9880723953, 49.2920417786, 32.0756111145, 132.075958252, 41.3302841187, 53.0383148193, 9.83601570129, 39.0338973999, 1.20885062218], [-758.111083984, 159.438262939, -60.4049339294, -25.9351425171, 43.6376953125, -17.595539093, 64.483039856, 41.3302841187, 144.663909912, 40.5299339294, 61.275177002, 10.4818964005, 38.559047699], [159.269607544, -245.173995972, -61.6245117188, -47.8586959839, -41.0214767456, 18.0274162292, -9.42349147797, 53.0383148193, 40.5299339294, 116.265693665, 43.4009895325, 44.0125617981, 2.52823400497], [-478.122833252, 90.0959320068, -90.5575332642, -45.1282234192, 9.52136325836, -20.7391719818, 26.9924106598, 9.83601570129, 61.275177002, 43.4009895325, 121.157936096, 47.5722770691, 37.9628219604], [-1.08181190491, -177.355438232, -26.6471996307, -43.1397018433, -38.698387146, 1.64972853661, -11.620136261, 39.0338973999, 10.4818964005, 44.0125617981, 47.5722770691, 111.814170837, 45.0148391724], [-423.580230713, 123.287857056, -17.1487083435, -32.7067985535, -8.32924842834, -32.1181106567, 15.4201889038, 1.20885062218, 38.559047699, 2.52823400497, 37.9628219604, 45.0148391724, 106.519493103]]}, "spectral_energyband_middle_low": {"dmean2": 0.00349572906271, "median": 0.0024931547232, "min": 3.77805707593e-22, "dvar2": 7.87371318438e-05, "dvar": 3.14711069223e-05, "dmean": 0.00226277555339, "max": 0.24111482501, "var": 0.000134588568471, "mean": 0.0068932082504}, "melbands_crest": {"dmean2": 5.14641427994, "median": 10.9269924164, "min": 1.98328578472, "dvar2": 21.0449390411, "dvar": 8.19627285004, "dmean": 3.15532541275, "max": 37.1305236816, "var": 27.8231430054, "mean": 12.1100387573}, "spectral_kurtosis": {"dmean2": 3.81987023354, "median": 4.59967899323, "min": -1.22722637653, "dvar2": 34.434211731, "dvar": 11.9778013229, "dmean": 2.20587587357, "max": 137.781112671, "var": 43.363948822, "mean": 6.49488782883}, "spectral_rms": {"dmean2": 0.000522547983564, "median": 0.00218222127296, "min": 3.20102256333e-12, "dvar2": 5.04211755015e-07, "dvar": 2.18419899056e-07, "dmean": 0.000360588863259, "max": 0.0182018112391, "var": 4.4668386181e-06, "mean": 0.00271946168505}, "zerocrossingrate": {"dmean2": 0.0080770496279, "median": 0.05517578125, "min": 0.00048828125, "dvar2": 5.96486243012e-05, "dvar": 4.41302909167e-05, "dmean": 0.00668017053977, "max": 0.60546875, "var": 0.00125637336168, "mean": 0.0603610090911}, "silence_rate_60dB": {"dmean2": 0.0750821232796, "median": 0, "min": 0, "dvar2": 0.0789518579841, "dvar": 0.0361258238554, "dmean": 0.0375385433435, "max": 1, "var": 0.243025913835, "mean": 0.416247725487}, "erbbands_kurtosis": {"dmean2": 1.5041257143, "median": -0.195000171661, "min": -1.66773331165, "dvar2": 7.37112855911, "dvar": 3.05049419403, "dmean": 0.932028114796, "max": 82.8767700195, "var": 7.61391830444, "mean": 0.500719726086}, "erbbands": {"dmean2": [0.00531258247793, 0.115497641265, 0.917363226414, 2.9898545742, 5.39823150635, 4.31360340118, 8.3055305481, 9.39417934418, 10.9760923386, 10.0107221603, 11.2965774536, 15.4012870789, 12.958612442, 15.2166957855, 9.69471073151, 13.6052923203, 22.3119258881, 14.5938482285, 14.7226133347, 13.7957496643, 11.1246557236, 10.0493593216, 11.0029497147, 7.93397855759, 8.0737323761, 5.56126356125, 4.1452293396, 2.82349276543, 2.659304142, 1.82614696026, 1.36805415154, 0.890139818192, 0.475803375244, 0.312148988247, 0.139371410012, 0.0515811815858, 0.019891673699, 0.00500354776159, 0.000179222959559, 7.08346078682e-06], "median": [0.00126475421712, 0.0276051573455, 0.124874770641, 0.36726680398, 0.70871847868, 1.06419527531, 2.1259932518, 2.90330266953, 3.57530546188, 3.73707103729, 4.27073574066, 5.52281236649, 3.89201188087, 3.82926464081, 4.16052484512, 4.64748048782, 6.19657230377, 4.01562976837, 4.45613861084, 3.70216798782, 3.20508265495, 3.22088766098, 2.91941738129, 2.4283182621, 1.90018510818, 1.30858790874, 0.711690664291, 0.510904312134, 0.405857473612, 0.252878814936, 0.152928605676, 0.0826514735818, 0.0369305089116, 0.0189248658717, 0.00764210661873, 0.00288207549602, 0.000876483449247, 0.000147812315845, 7.29482189854e-06, 6.23506230113e-06], "min": [1.48611256734e-21, 9.73554422471e-21, 4.18840738279e-20, 7.99584251731e-20, 1.26200309419e-19, 1.4229229398e-19, 4.63371948395e-19, 3.97658058046e-19, 2.77056572302e-19, 6.89676724967e-19, 2.55483520981e-18, 3.31516494641e-18, 9.41630976467e-19, 1.7274820267e-18, 3.4722395137e-18, 9.39184672524e-18, 4.232479708e-18, 6.68362638046e-18, 5.54118324823e-18, 5.8239350883e-18, 4.32066874183e-18, 1.05678336857e-17, 1.25989988409e-17, 1.19689014539e-17, 1.03436338253e-17, 1.4909581471e-17, 1.14038990452e-17, 1.34701383127e-17, 1.52580958242e-17, 1.50456013966e-17, 1.85202480059e-17, 2.14959922093e-17, 1.88404380405e-17, 1.37130250103e-17, 9.54093693166e-18, 6.09018343437e-18, 3.19347882009e-18, 1.39112164511e-18, 3.78482796526e-19, 3.38083935181e-20], "dvar2": [0.000573515251745, 0.42284104228, 28.4564590454, 127.37802887, 383.480682373, 142.67338562, 446.906341553, 432.965332031, 707.99005127, 454.071502686, 510.403137207, 943.217285156, 808.438476562, 1272.1809082, 443.330352783, 1160.93212891, 2225.10131836, 1378.98291016, 1094.37976074, 1283.69897461, 941.858886719, 616.415710449, 715.612792969, 399.101501465, 557.389526367, 199.886978149, 131.8777771, 58.3401107788, 68.6795654297, 28.0596923828, 16.2885894775, 7.09623718262, 2.05962657928, 0.89289098978, 0.191273063421, 0.0306469015777, 0.00521355541423, 0.000467451551231, 8.39220206217e-07, 3.54408419279e-10], "dvar": [0.000192272695131, 0.144391879439, 10.6184873581, 47.6693992615, 150.955947876, 51.7536773682, 168.455703735, 180.89541626, 287.153625488, 184.422607422, 231.136581421, 458.897003174, 371.453735352, 531.598510742, 173.247283936, 490.069549561, 926.788452148, 536.020874023, 418.540863037, 476.375030518, 360.193572998, 235.569885254, 274.936920166, 150.911499023, 233.19644165, 76.0696640015, 49.6320457458, 23.0383071899, 26.2384128571, 11.2961654663, 6.86541843414, 3.18571186066, 0.971640527248, 0.42168995738, 0.0931171774864, 0.016758736223, 0.00276041729376, 0.00024120118178, 4.20495723574e-07, 1.85008994236e-10], "dmean": [0.00332719599828, 0.0718652233481, 0.575622022152, 1.7977836132, 3.27212357521, 2.61820220947, 5.08191490173, 6.2435874939, 7.05286598206, 6.38136482239, 7.35219144821, 10.2214927673, 8.58994865417, 9.68404006958, 6.10053491592, 8.6214056015, 14.0592479706, 9.0966501236, 9.01525020599, 8.42062568665, 6.81756067276, 6.14748573303, 6.77700281143, 4.85683345795, 5.04365825653, 3.4911904335, 2.59424591064, 1.80705857277, 1.69699192047, 1.1735213995, 0.891441166401, 0.601329803467, 0.326652526855, 0.215652242303, 0.0990006327629, 0.0379342734814, 0.01437858399, 0.00359697733074, 0.000128406405565, 5.16364798386e-06], "max": [0.550801694393, 21.566991806, 205.135696411, 223.522964478, 510.670928955, 238.451370239, 400.904602051, 364.81439209, 631.277404785, 409.042694092, 465.100280762, 603.835083008, 578.637268066, 500.723083496, 314.161376953, 774.812133789, 647.803161621, 895.543334961, 701.541992188, 723.597229004, 888.702270508, 466.400817871, 430.944366455, 373.75213623, 760.810913086, 313.09866333, 201.013198853, 155.253494263, 205.929595947, 127.354522705, 109.237892151, 77.8270950317, 45.2000389099, 33.4577331543, 12.2826080322, 7.99691534042, 2.78153896332, 0.657998144627, 0.0254969354719, 0.000584861147217], "var": [0.000371625821572, 0.170375421643, 14.6980056763, 82.0434570312, 287.173034668, 107.396728516, 340.814208984, 772.643493652, 1066.96936035, 514.930480957, 778.099609375, 1494.89941406, 1466.61767578, 1411.62084961, 438.549499512, 1340.83154297, 2330.76074219, 1182.87744141, 985.473571777, 992.647644043, 754.391418457, 672.354187012, 926.52911377, 418.475860596, 666.63848877, 330.25994873, 243.80871582, 140.603912354, 138.876754761, 79.6072616577, 54.5916213989, 25.8886489868, 7.58977222443, 3.22116208076, 0.69208830595, 0.119596719742, 0.019209574908, 0.00101206940599, 1.39351482176e-06, 1.65114444339e-09], "mean": [0.00656033772975, 0.117798522115, 0.862632274628, 2.7696185112, 4.8984746933, 4.48037528992, 8.63968372345, 13.6602039337, 14.7580890656, 12.3379421234, 14.7287158966, 20.3455047607, 18.0374546051, 18.2113723755, 11.8746118546, 16.7505817413, 24.7250041962, 16.6416320801, 17.156961441, 15.7329654694, 13.1921863556, 13.1029119492, 14.6317386627, 10.4651470184, 11.1336326599, 8.71365070343, 6.77864837646, 5.16258859634, 4.70790195465, 3.51384305954, 2.78568887711, 1.90090441704, 1.04683840275, 0.675050377846, 0.303016602993, 0.117381542921, 0.0446085706353, 0.00929377786815, 0.000309801544063, 2.25254552788e-05]}, "spectral_strongpeak": {"dmean2": 0.649531245232, "median": 0.37830555439, "min": 0, "dvar2": 1.01370871067, "dvar": 0.403075397015, "dmean": 0.388806641102, "max": 12.6549568176, "var": 0.744141995907, "mean": 0.68524569273}, "spectral_energy": {"dmean2": 0.00460741203278, "median": 0.00488114263862, "min": 1.05027098142e-20, "dvar2": 0.000138767209137, "dvar": 5.48431817151e-05, "dmean": 0.00306130666286, "max": 0.339588552713, "var": 0.000324422202539, "mean": 0.0121588595212}, "average_loudness": 0.0864148885012, "spectral_rolloff": {"dmean2": 571.599243164, "median": 1335.05859375, "min": 21.533203125, "dvar2": 659364, "dvar": 257817.375, "dmean": 341.039489746, "max": 18583.1542969, "var": 1458637.125, "mean": 1583.52355957}, "spectral_centroid": {"dmean2": 304.117248535, "median": 1251.91491699, "min": 112.180793762, "dvar2": 80679.2109375, "dvar": 36497.4882812, "dmean": 197.317016602, "max": 10820.8232422, "var": 381628.75, "mean": 1311.11669922}, "pitch_salience": {"dmean2": 0.108466595411, "median": 0.574207782745, "min": 0.0769783034921, "dvar2": 0.00831793993711, "dvar": 0.00313751469366, "dmean": 0.0665231123567, "max": 0.974540770054, "var": 0.0118568390608, "mean": 0.564292192459}, "spectral_energyband_middle_high": {"dmean2": 0.00138052296825, "median": 0.00133207300678, "min": 1.44204147079e-21, "dvar2": 5.21596484759e-06, "dvar": 2.34004755839e-06, "dmean": 0.000926848442759, "max": 0.0504257567227, "var": 2.42887981585e-05, "mean": 0.00344915105961}, "spectral_contrast_coeffs": {"dmean2": [0.0796753540635, 0.0698609054089, 0.0591974966228, 0.0471226684749, 0.0332026183605, 0.0215918086469], "median": [-0.648220300674, -0.763917565346, -0.767197668552, -0.769385278225, -0.774832487106, -0.748569965363], "min": [-0.962394058704, -0.975588023663, -0.961170256138, -0.965799331665, -0.970564484596, -0.960508167744], "dvar2": [0.0041288184002, 0.003011692781, 0.00214108754881, 0.00135329086334, 0.000684858474415, 0.000294069846859], "dvar": [0.00148284132592, 0.00110476824921, 0.000808668322861, 0.000511094229296, 0.000272367382422, 0.000116214250738], "dmean": [0.0480744577944, 0.0424959249794, 0.036171734333, 0.0285668242723, 0.0205297190696, 0.0132998730987], "max": [-0.262852013111, -0.373749732971, -0.394057303667, -0.466299623251, -0.50376778841, -0.5861992836], "var": [0.010505004786, 0.00573537871242, 0.00497837597504, 0.00437430292368, 0.00395534746349, 0.00178252893966], "mean": [-0.648750424385, -0.753020763397, -0.760406732559, -0.767610728741, -0.772743940353, -0.750551521778]}, "melbands_skewness": {"dmean2": 0.857722222805, "median": 1.65408718586, "min": -1.62100362778, "dvar2": 0.905515789986, "dvar": 0.355052113533, "dmean": 0.541748225689, "max": 19.5422916412, "var": 1.65839862823, "mean": 1.87766253948}, "spectral_spread": {"dmean2": 400359.375, "median": 3500446, "min": 671306.4375, "dvar2": 190850449408, "dvar": 128482091008, "dmean": 263584.21875, "max": 41351360, "var": 1560072683520.0, "mean": 3690440}, "dissonance": {"dmean2": 0.0355459749699, "median": 0.468106240034, "min": 0.247128412127, "dvar2": 0.00111211964395, "dvar": 0.0004043559602, "dmean": 0.0209507513791, "max": 0.500000119209, "var": 0.000925273285247, "mean": 0.460483103991}, "spectral_skewness": {"dmean2": 0.373688519001, "median": 1.56597220898, "min": 0.0