{"tonal": {"thpcp": [1, 0.599504411221, 0.305449306965, 0.501895129681, 0.536665797234, 0.409832537174, 0.495864003897, 0.517875909805, 0.397803366184, 0.396277040243, 0.375530004501, 0.343951225281, 0.393357753754, 0.356915861368, 0.242172762752, 0.227257236838, 0.232189550996, 0.243139266968, 0.489588737488, 0.594143748283, 0.360153883696, 0.249194815755, 0.234425365925, 0.185984000564, 0.205605626106, 0.225543186069, 0.217228502035, 0.280350774527, 0.297717630863, 0.26370292902, 0.342881798744, 0.370070785284, 0.406137347221, 0.738188564777, 0.792121946812, 0.821071445942], "hpcp": {"dmean2": [0.207782492042, 0.17120487988, 0.141665965319, 0.126840308309, 0.129684343934, 0.144795417786, 0.199297904968, 0.214155182242, 0.171028479934, 0.143524244428, 0.122469842434, 0.101661920547, 0.0985965877771, 0.108072862029, 0.113103888929, 0.135312885046, 0.142589539289, 0.141311824322, 0.159356966615, 0.178042069077, 0.212641969323, 0.282997757196, 0.284994482994, 0.321335464716, 0.395638048649, 0.270517408848, 0.181562617421, 0.225296854973, 0.239601701498, 0.232408821583, 0.249775588512, 0.251535087824, 0.24272069335, 0.249922901392, 0.23749384284, 0.225947827101], "median": [0.0249141566455, 0.0224265046418, 0.0209267139435, 0.019845765084, 0.0181561373174, 0.0248892121017, 0.0648241266608, 0.0804998651147, 0.0465530231595, 0.0168370865285, 0.0148574057966, 0.0168774463236, 0.0200694985688, 0.0213624797761, 0.0239674355835, 0.0267593674362, 0.0256308354437, 0.0206585600972, 0.0235537439585, 0.0263268724084, 0.0504444465041, 0.101910337806, 0.114117965102, 0.183678299189, 0.146212846041, 0.097232863307, 0.0213412456214, 0.0438822768629, 0.0547799989581, 0.0487582758069, 0.0395418517292, 0.0368518941104, 0.040945161134, 0.038630373776, 0.0350182652473, 0.0285476744175], "min": [0, 0, 0, 0, 0, 0, 0, 0, 0, 0, 0, 0, 0, 0, 0, 0, 0, 0, 0, 0, 0, 0, 0, 0, 0, 0, 0, 0, 0, 0, 0, 0, 0, 0, 0, 0], "dvar2": [0.117063760757, 0.0934069305658, 0.0766727477312, 0.0614607147872, 0.059508278966, 0.0657228156924, 0.0829912424088, 0.0882998257875, 0.0694748088717, 0.0761095359921, 0.0640478953719, 0.0436985120177, 0.0373451597989, 0.0434072352946, 0.0452244356275, 0.0596957430243, 0.0659056529403, 0.0653484985232, 0.0767231509089, 0.0886991769075, 0.0906746387482, 0.119809888303, 0.119801983237, 0.120666980743, 0.226956143975, 0.112394854426, 0.0961544439197, 0.112898208201, 0.118934549391, 0.111003756523, 0.12474232167, 0.135086268187, 0.129178076982, 0.137267023325, 0.133107349277, 0.130753189325], "dvar": [0.0451001562178, 0.0355454348028, 0.0266071390361, 0.0223113261163, 0.0217221155763, 0.0232297349721, 0.0312605649233, 0.0346384495497, 0.0252134911716, 0.027554480359, 0.0233879312873, 0.0155751695856, 0.0140783814713, 0.0164740271866, 0.0162700749934, 0.0218757800758, 0.024186167866, 0.0237391963601, 0.027979914099, 0.0318877585232, 0.0326234996319, 0.047892075032, 0.0460028238595, 0.0443987809122, 0.0865498930216, 0.0413029231131, 0.0349798984826, 0.0459395460784, 0.046151407063, 0.039899289608, 0.0485128834844, 0.0512271374464, 0.0465392358601, 0.0499823912978, 0.0490199029446, 0.0477380864322], "dmean": [0.1176744923, 0.0978777334094, 0.0793464109302, 0.0718359723687, 0.0734788998961, 0.0812956765294, 0.116659671068, 0.12627068162, 0.0988086983562, 0.0805247575045, 0.0690111890435, 0.0573626086116, 0.0574832558632, 0.0629376769066, 0.064618781209, 0.0777655765414, 0.0820146724582, 0.0795708969235, 0.0894225612283, 0.099711433053, 0.12082324177, 0.16459544003, 0.167064070702, 0.183255761862, 0.220431223512, 0.152433305979, 0.102685153484, 0.131330028176, 0.139966651797, 0.132214426994, 0.142987802625, 0.142932921648, 0.13642694056, 0.140708997846, 0.13343654573, 0.12610475719], "max": [1, 1, 1, 1, 1, 1, 1, 1, 1, 1, 1, 1, 1, 1, 1, 1, 1, 1, 1, 1, 1, 1, 1, 1, 1, 1, 1, 1, 1, 1, 1, 1, 1, 1, 1, 1], "var": [0.0601639486849, 0.0553391166031, 0.0250614359975, 0.0235286857933, 0.0255616065115, 0.0227930359542, 0.0547522902489, 0.0770196467638, 0.0339507199824, 0.0326711796224, 0.033167026937, 0.0160728730261, 0.0199230089784, 0.0249184668064, 0.018976425752, 0.0315562151372, 0.0362628847361, 0.0288260988891, 0.0500183962286, 0.054065246135, 0.0404780097306, 0.0986962839961, 0.105617284775, 0.0798538848758, 0.150728538632, 0.0580934844911, 0.0400096066296, 0.0756416991353, 0.0758493170142, 0.0452679879963, 0.0730981007218, 0.0809594392776, 0.0479691773653, 0.0508269332349, 0.0491209886968, 0.0465512536466], "mean": [0.135737121105, 0.123162008822, 0.0835672691464, 0.0784203261137, 0.0801223367453, 0.0839007869363, 0.168943837285, 0.205022946, 0.124279364944, 0.0859903916717, 0.0808938518167, 0.0641780495644, 0.0709489434958, 0.0778288543224, 0.074959680438, 0.0967414751649, 0.102734304965, 0.0909967496991, 0.118319235742, 0.127701416612, 0.140147015452, 0.254728913307, 0.273339867592, 0.283329546452, 0.345072954893, 0.20687276125, 0.105402290821, 0.173190429807, 0.1851888448, 0.141422122717, 0.171109259129, 0.178704962134, 0.137271180749, 0.136744484305, 0.129585251212, 0.118688262999]}, "tuning_equal_tempered_deviation": 0.186596289277, "chords_changes_rate": 0.0594375543296, "key_key": "E", "tuning_diatonic_strength": 0.418618857861, "key_scale": "major", "chords_number_rate": 0.00104384135921, "tuning_frequency": 434.193115234, "tuning_nontempered_energy_ratio": 0.870935916901, "chords_histogram": [11.3164682388, 4.15694475174, 7.62004184723, 4.4578166008, 0.386835306883, 0.399115800858, 5.90077352524, 1.81137168407, 0.939457178116, 0.208768263459, 2.88591432571, 1.06226205826, 1.35699379444, 2.53592038155, 0.466658473015, 3.00257897377, 3.78238987923, 29.8968448639, 4.72184705734, 3.82537150383, 0.614024341106, 4.57448101044, 3.35871291161, 0.718408465385], "key_strength": 0.518270909786, "chords_key": "E", "chords_strength": {"dmean2": 0.00947685353458, "median": 0.451307654381, "min": -1, "dvar2": 0.000294577068416, "dvar": 0.000175238164957, "dmean": 0.00878217723221, "max": 0.749802589417, "var": 0.0144823854789, "mean": 0.447227060795}, "chords_scale": "minor", "hpcp_entropy": {"dmean2": 1.02506744862, "median": 2.15992116928, "min": 0, "dvar2": 0.69138520956, "dvar": 0.249744981527, "dmean": 0.604443907738, "max": 4.52300024033, "var": 0.565603613853, "mean": 2.1588280201}}, "metadata": {"audio_properties": {"equal_loudness": 0, "codec": "flac", "downmix": "mix", "sample_rate": 44100, "analysis_sample_rate": 44100, "bit_rate": 0, "md5_encoded": "136d91a162e44bcbad1cca6a231b2535", "length": 756.253356934, "replay_gain": -9.23595046997, "lossless": true}, "version": {"essentia_build_sha": "2d9f1f26377add8aeb1075a9c2973f962c4f09fd", "essentia": "2.1-beta2", "extractor": "music 1.0", "essentia_git_sha": "v2.1_beta2-1-ge3940c0"}, "tags": {"title": ["The Electro Suite"], "media": ["Digital Media"], "albumartist": ["Hans Zimmer and The Magnificient Six feat. Pharrell Williams & Johnny Marr"], "tracktotal": ["11"], "musicbrainz_releasegroupid": ["4fd0c62d-bc9f-4a6e-bf52-fcdc648b5a8a"], "releasetype": ["album", "soundtrack"], "musicbrainz_recordingid": ["1c1860c9-cf77-4e78-a3e2-0f792d318f96"], "musicbrainz_albumartistid": ["e6de1f3b-6484-491c-88dd-6d619f142abc", "215d7def-91c5-4653-96f3-db6aab1b28e5", "149f91ef-1287-46da-9a8e-87fee02f1471", "ff621094-2a76-401f-8398-b75b5fd2be24"], "musicbrainz_releasetrackid": ["dc9d926f-71d7-465d-b95b-70395f70d82b"], "discnumber": ["2"], "totaldiscs": ["2"], "album": ["The Amazing Spider-Man 2"], "releasecountry": ["US"], "file_name": "CD2 01 The Electro Suite.flac", "albumartistsort": ["Zimmer, Hans and Magnificient Six, The feat. Williams, Pharrell & Marr, Johnny"], "date": ["2014-04-01"], "genre": ["Soundtrack"], "disctotal": ["2"], "musicbrainz_artistid": ["e6de1f3b-6484-491c-88dd-6d619f142abc", "215d7def-91c5-4653-96f3-db6aab1b28e5", "149f91ef-1287-46da-9a8e-87fee02f1471", "ff621094-2a76-401f-8398-b75b5fd2be24"], "originaldate": ["2014-04-01"], "musicbrainz_albumid": ["484f79ab-5c1b-406d-b5fc-662e6d9b31d2"], "tracknumber": ["1"], "artistsort": ["Zimmer, Hans and Magnificient Six, The feat. Williams, Pharrell & Marr, Johnny"], "artist": ["Hans Zimmer and The Magnificient Six feat. Pharrell Williams & Johnny Marr"], "label": ["Madison Gate Records"], "totaltracks": ["11"], "acoustid_id": ["399201a0-5d65-4174-a295-b49acb6a74a2"], "script": ["Latn"], "releasestatus": ["official"]}}, "rhythm": {"bpm_histogram_first_peak_bpm": {"dmean2": 0, "median": 108, "min": 108, "dvar2": 0, "dvar": 0, "dmean": 0, "max": 108, "var": 0, "mean": 108}, "bpm": 79.9669418335, "bpm_histogram_second_peak_spread": {"dmean2": 0, "median": 0.0215633250773, "min": 0.0215633250773, "dvar2": 0, "dvar": 0, "dmean": 0, "max": 0.0215633250773, "var": 0, "mean": 0.0215633250773}, "bpm_histogram_first_peak_weight": {"dmean2": 0, "median": 0.168453291059, "min": 0.168453291059, "dvar2": 0, "dvar": 0, "dmean": 0, "max": 0.168453291059, "var": 0, "mean": 0.168453291059}, "onset_rate": 2.2293510437, "beats_position": [0.777868449688, 1.57895684242, 2.39165520668, 3.16952371597, 3.92417216301, 4.69043064117, 5.44507932663, 6.19972801208, 6.9543762207, 7.70902490616, 8.45206356049, 9.2067117691, 9.96135997772, 10.7043991089, 11.4590473175, 12.2136955261, 12.9567346573, 13.6997728348, 14.4428119659, 15.1858501434, 15.9404983521, 16.6951465607, 17.4497947693, 18.2044448853, 18.9590930939, 19.7021312714, 20.4451694489, 21.1882076263, 21.942855835, 22.6975059509, 23.4405441284, 24.195192337, 24.9382305145, 25.681268692, 26.435918808, 27.2021770477, 27.9684352875, 28.7230834961, 29.4777317047, 30.2323799133, 30.9754180908, 31.7184581757, 32.4614944458, 33.2161445618, 33.9707946777, 34.725440979, 35.480091095, 36.2231292725, 36.96616745, 37.7208137512, 38.4638557434, 39.2185020447, 39.9731521606, 40.7277984619, 41.4824485779, 42.2370948792, 42.9801368713, 43.7231750488, 44.4662132263, 45.2092514038, 45.9522895813, 46.6953277588, 47.4383659363, 48.1814041138, 48.9360542297, 49.690700531, 50.4337387085, 51.1767807007, 51.931427002, 52.6860771179, 53.4407234192, 54.1837615967, 54.9384117126, 55.6814498901, 56.4361000061, 57.1907463074, 57.9337844849, 58.6884346008, 59.4314727783, 60.1861228943, 60.9407691956, 61.6954193115, 62.4500656128, 63.2047157288, 63.9477539063, 64.6907958984, 65.4338302612, 66.1768722534, 66.9315185547, 67.686164856, 68.4292068481, 69.1838531494, 69.9384994507, 70.6815414429, 71.4245758057, 72.1792297363, 72.9338760376, 73.6769180298, 74.4315643311, 75.1862106323, 75.9292526245, 76.6838989258, 77.4385452271, 78.1815872192, 78.9362335205, 79.6908798218, 80.433921814, 81.1885681152, 81.9432220459, 82.6862564087, 83.4292984009, 84.1839447021, 84.9385910034, 85.6816329956, 86.4362792969, 87.1909255981, 87.9339675903, 88.6770019531, 89.4316558838, 90.1863021851, 90.9293441772, 91.6839904785, 92.4386367798, 93.181678772, 93.9363250732, 94.6909713745, 95.4340133667, 96.188659668, 96.9433059692, 97.6863479614, 98.4293823242, 99.1840362549, 99.9386825562, 100.681724548, 101.43637085, 102.191017151, 102.934059143, 103.688705444, 104.443351746, 105.186393738, 105.929428101, 106.684082031, 107.438728333, 108.181770325, 108.936416626, 109.691062927, 110.434104919, 111.188751221, 111.943397522, 112.698051453, 113.452697754, 114.195732117, 114.938774109, 115.681808472, 116.424850464, 117.179496765, 117.934150696, 118.677185059, 119.43183136, 120.186485291, 120.929519653, 121.684173584, 122.438819885, 123.193466187, 123.948112488, 124.69115448, 125.434196472, 126.177230835, 126.931877136, 127.686531067, 128.42956543, 129.18421936, 129.938858032, 130.681900024, 131.436553955, 132.191192627, 132.945846558, 133.700500488, 134.44354248, 135.186569214, 135.941223145, 136.695877075, 137.438903809, 138.181945801, 138.936599731, 139.691238403, 140.434280396, 141.177322388, 141.931976318, 142.68661499, 143.441268921, 144.195922852, 144.938949585, 145.681991577, 146.425033569, 147.179672241, 147.934326172, 148.677368164, 149.420410156, 150.175048828, 150.929702759, 151.684356689, 152.438995361, 153.182037354, 153.925079346, 154.668121338, 155.42276001, 156.17741394, 156.920455933, 157.675094604, 158.429748535, 159.184402466, 159.939041138, 160.68208313, 161.425125122, 162.179763794, 162.934417725, 163.677459717, 164.432098389, 165.186752319, 165.929794312, 166.672836304, 167.427474976, 168.182128906, 168.925170898, 169.668212891, 170.422851563, 171.165893555, 171.920547485, 172.675186157, 173.429840088, 174.17288208, 174.927520752, 175.682174683, 176.425216675, 177.179855347, 177.922897339, 178.67755127, 179.432189941, 180.186843872, 180.929885864, 181.672927856, 182.427566528, 183.182220459, 183.925262451, 184.668289185, 185.422943115, 186.177597046, 186.920639038, 187.67527771, 188.429931641, 189.172973633, 189.927612305, 190.670654297, 191.425308228, 192.179946899, 192.93460083, 193.677642822, 194.432281494, 195.186935425, 195.941589355, 196.684616089, 197.43927002, 198.19392395, 198.936950684, 199.691604614, 200.434646606, 201.189300537, 201.932327271, 202.686981201, 203.430023193, 204.173049927, 204.927703857, 205.682357788, 206.43699646, 207.191650391, 207.946304321, 208.689331055, 209.443984985, 210.187026978, 210.941680908, 211.69631958, 212.439361572, 213.182403564, 213.925445557, 214.680084229, 215.434738159, 216.177780151, 216.932418823, 217.687072754, 218.430114746, 219.184753418, 219.939407349, 220.682449341, 221.437088013, 222.180130005, 222.923171997, 223.677825928, 224.420852661, 225.175506592, 225.930160522, 226.684799194, 227.439453125, 228.182495117, 228.925521851, 229.680175781, 230.434829712, 231.177871704, 231.932510376, 232.687164307, 233.441802979, 234.184844971, 234.939498901, 235.682540894, 236.437179565, 237.191833496, 237.934875488, 238.68951416, 239.444168091, 240.187210083, 240.941848755, 241.684890747, 242.439544678, 243.18258667, 243.937225342, 244.691879272, 245.434921265, 246.177947998, 246.932601929, 247.687255859, 248.441894531, 249.196548462, 249.939590454, 250.682632446, 251.437271118, 252.191925049, 252.946563721, 253.71282959, 254.479095459, 255.245346069, 256, 256.766265869, 257.520904541, 258.275543213, 259.030212402, 259.784851074, 260.527893066, 261.282531738, 262.03717041, 262.780212402, 263.523254395, 264.277923584, 265.032562256, 265.775604248, 266.53024292, 267.284881592, 268.027923584, 268.782592773, 269.525604248, 270.280273438, 271.02331543, 271.777954102, 272.532592773, 273.275634766, 274.030303955, 274.784942627, 275.527984619, 276.271026611, 277.025665283, 277.780303955, 278.523345947, 279.266387939, 280.021026611, 280.775695801, 281.437469482, 282.099212646, 282.668121338, 283.248626709, 283.829101563, 284.409606934, 284.978485107, 285.547393799, 286.116271973, 286.673553467, 287.230834961, 287.799713135, 288.368621826, 288.92590332, 289.483154297, 290.040435791, 290.597717285, 291.154998779, 291.723907471, 292.292785645, 292.850067139, 293.418945313, 293.987854004, 294.54510498, 295.102386475, 295.659667969, 296.216949463, 296.774230957, 297.343109131, 297.912017822, 298.480895996, 299.049804688, 299.607055664, 300.164337158, 300.721618652, 301.278900146, 301.836181641, 302.405059814, 302.962341309, 303.53125, 304.088531494, 304.645812988, 305.203063965, 305.771972656, 306.34085083, 306.898132324, 307.455413818, 308.024291992, 308.593200684, 309.150482178, 309.707763672, 310.276641846, 310.84552002, 311.402801514, 311.960083008, 312.528961182, 313.086242676, 313.655151367, 314.224029541, 314.792907715, 315.361816406, 315.93069458, 316.487976074, 317.045257568, 317.602539063, 318.159820557, 318.72869873, 319.297576904, 319.854858398, 320.412139893, 320.981048584, 321.549926758, 322.107208252, 322.664489746, 323.23336792, 323.790649414, 324.347930908, 324.905212402, 325.474090576, 326.042999268, 326.600280762, 327.157531738, 327.72644043, 328.283721924, 328.841003418, 329.398284912, 329.967163086, 330.53604126, 331.093322754, 331.650604248, 332.219482422, 332.788391113, 333.345672607, 333.902954102, 334.471832275, 335.040710449, 335.597991943, 336.155273438, 336.724151611, 337.293060303, 337.850341797, 338.407623291, 338.976501465, 339.545379639, 340.102661133, 340.659942627, 341.228851318, 341.797729492, 342.355010986, 342.91229248, 343.481170654, 344.038452148, 344.595733643, 345.164611816, 345.721893311, 346.279174805, 346.836456299, 347.393737793, 347.962615967, 348.531524658, 349.088806152, 349.646057129, 350.21496582, 350.783843994, 351.352722168, 351.921630859, 352.478912354, 353.036193848, 353.593475342, 354.150756836, 354.71963501, 355.288513184, 355.845794678, 356.403076172, 356.971954346, 357.540863037, 358.098144531, 358.655426025, 359.224304199, 359.793182373, 360.350463867, 360.907745361, 361.476623535, 362.045532227, 362.602813721, 363.160095215, 363.728973389, 364.297851563, 364.855133057, 365.412414551, 365.969696045, 366.526977539, 367.084259033, 367.653137207, 368.222045898, 368.779327393, 369.336578369, 369.905487061, 370.474365234, 371.043243408, 371.6121521, 372.169433594, 372.726715088, 373.283996582, 373.841278076, 374.398529053, 374.967437744, 375.536315918, 376.093597412, 376.650878906, 377.21975708, 377.788665771, 378.345947266, 378.903198242, 379.472106934, 380.040985107, 380.598266602, 381.155548096, 381.72442627, 382.293334961, 382.850616455, 383.407897949, 383.976776123, 384.545654297, 385.102935791, 385.660217285, 386.229095459, 386.79800415, 387.355285645, 387.912567139, 388.481445313, 389.050323486, 389.60760498, 390.164886475, 390.722167969, 391.279449463, 391.836730957, 392.405609131, 392.974517822, 393.531799316, 394.089050293, 394.657958984, 395.226837158, 395.784118652, 396.341400146, 396.91027832, 397.479187012, 398.036468506, 398.593719482, 399.162628174, 399.719909668, 400.265563965, 400.799621582, 401.368530273, 401.937408447, 402.506286621, 403.075195313, 403.644073486, 404.21295166, 404.781860352, 405.350738525, 405.919616699, 406.488525391, 407.045806885, 407.603088379, 408.160369873, 408.729248047, 409.298126221, 409.855407715, 410.412689209, 410.981567383, 411.550476074, 412.119354248, 412.676635742, 413.222320557, 413.779571533, 414.336853027, 414.894134521, 415.463043213, 416.031921387, 416.600799561, 417.169708252, 417.726989746, 418.284240723, 418.841522217, 419.410430908, 419.979309082, 420.536590576, 421.10546875, 421.674377441, 422.231658936, 422.78894043, 423.346191406, 423.9034729, 424.472381592, 425.041259766, 425.59854126, 426.155822754, 426.724700928, 427.281982422, 427.850891113, 428.40814209, 428.977050781, 429.522705078, 430.079986572, 430.637268066, 431.20614624, 431.775054932, 432.343933105, 432.912811279, 433.481719971, 434.039001465, 434.607879639, 435.165161133, 435.722442627, 436.279724121, 436.837005615, 437.394287109, 437.963165283, 438.532043457, 439.089324951, 439.646606445, 440.203887939, 440.761169434, 441.330047607, 441.887329102, 442.456237793, 443.013519287, 443.570770264, 444.139678955, 444.708557129, 445.27746582, 445.846343994, 446.403625488, 446.960906982, 447.529785156, 448.08706665, 448.655944824, 449.224853516, 449.793731689, 450.351013184, 450.908294678, 451.465576172, 452.022857666, 452.58013916, 453.149017334, 453.717895508, 454.275177002, 454.844085693, 455.412963867, 455.970245361, 456.527526855, 457.08480835, 457.653686523, 458.222564697, 458.779846191, 459.337127686, 459.906036377, 460.474914551, 461.032196045, 461.589477539, 462.146759033, 462.715637207, 463.284515381, 463.841796875, 464.399078369, 464.967987061, 465.536865234, 466.094146729, 466.651428223, 467.208709717, 467.765991211, 468.334869385, 468.903747559, 469.461029053, 470.018310547, 470.575592041, 471.132873535, 471.701751709, 472.2706604, 472.827941895, 473.385192871, 473.954101563, 474.522979736, 475.08026123, 475.649139404, 476.206420898, 476.763702393, 477.332611084, 477.889892578, 478.458770752, 479.027648926, 479.58493042, 480.142211914, 480.699493408, 481.268371582, 481.837280273, 482.394561768, 482.963439941, 483.532318115, 484.089599609, 484.646881104, 485.204162598, 485.761444092, 486.330322266, 486.899230957, 487.456512451, 488.025390625, 488.582672119, 489.151550293, 489.708831787, 490.266113281, 490.823394775, 491.392272949, 491.961181641, 492.518463135, 493.075714111, 493.632995605, 494.201904297, 494.770782471, 495.339660645, 495.908569336, 496.38458252, 496.860595703, 497.348205566, 497.82421875, 498.288604736, 498.76461792, 499.240631104, 499.728240967, 500.227478027, 500.726715088, 501.225921631, 501.725158691, 502.224395752, 502.735229492, 503.246063232, 503.78012085, 504.314178467, 504.836639404, 505.359069824, 505.881530762, 506.403991699, 506.938049316, 507.472106934, 508.006164551, 508.400909424, 508.795623779, 509.190368652, 509.585113525, 509.979858398, 510.374603271, 510.769348145, 511.1640625, 511.558807373, 511.965148926, 512.371520996, 512.766235352, 513.161010742, 513.544128418, 513.927246094, 514.31036377, 514.693481445, 515.076660156, 515.459777832, 515.842895508, 516.237609863, 516.632385254, 517.027099609, 517.410217285, 517.793395996, 518.176513672, 518.559631348, 518.931152344, 519.31427002, 519.697387695, 520.080505371, 520.452026367, 520.835205078, 521.218322754, 521.58984375, 521.984558105, 522.367675781, 522.750854492, 523.145568848, 523.540283203, 523.935058594, 524.31817627, 524.770935059, 525.235351563, 525.699768066, 526.17578125, 526.640197754, 527.116210938, 527.592163086, 528.06817627, 528.544189453, 529.020202637, 529.484619141, 529.949035645, 530.413391113, 530.924255371, 531.435119629, 531.945922852, 532.456787109, 532.967590332, 533.47845459, 533.989257813, 534.50012207, 535.034179688, 535.568237305, 536.102294922, 536.636352539, 537.170410156, 537.704467773, 538.296569824, 538.90032959, 539.50402832, 540.096130371, 540.688232422, 541.280334473, 541.872436523, 542.464599609, 543.05670166, 543.648803711, 544.217651367, 544.786560059, 545.36706543, 545.912719727, 546.458374023, 547.004089355, 547.561340332, 548.118652344, 548.594665527, 549.082275391, 549.569885254, 550.057495117, 550.54510498, 551.032714844, 551.520324707, 552.007995605, 552.495605469, 552.983215332, 553.470825195, 553.958435059, 554.446044922, 554.93371582, 555.421325684, 555.874084473, 556.326904297, 556.779663086, 557.23248291, 557.638793945, 558.045166016, 558.439880371, 558.846252441, 559.252624512, 559.658935547, 560.065307617, 560.471618652, 560.877990723, 561.272705078, 561.667480469, 562.004150391, 562.340881348, 562.67755127, 563.014221191, 563.362548828, 563.71081543, 564.059143066, 564.407409668, 564.744140625, 565.092407227, 565.440734863, 565.789001465, 566.125732422, 566.462402344, 566.799072266, 567.147399902, 567.495666504, 567.843994141, 568.180664063, 568.528991699, 568.877258301, 569.330078125, 569.794433594, 570.258850098, 570.711669922, 571.164428711, 571.617248535, 572.070007324, 572.511169434, 572.963989258, 573.416748047, 573.881164551, 574.345581055, 574.809936523, 575.297607422, 575.785217285, 576.284423828, 576.795288086, 577.306091309, 577.805358887, 578.246520996, 578.687683105, 579.14050293, 579.593261719, 580.046081543, 580.498840332, 580.940063477, 581.381225586, 581.822387695, 582.27520752, 582.716369629, 583.157531738, 583.598693848, 584.074707031, 584.550720215, 585.026733398, 585.502746582, 586.02520752, 586.559265137, 587.139770508, 587.720275879, 588.30078125, 588.892883301, 589.484985352, 590.065490723, 590.657592773, 591.238098145, 591.760559082, 592.282958984, 592.805419922, 593.31628418, 593.827087402, 594.33795166, 594.895202637, 595.452514648, 596.009765625, 596.578674316, 597.147583008, 597.716430664, 598.285339355, 598.842590332, 599.399902344, 599.968811035, 600.537658691, 601.106567383, 601.675476074, 602.232727051, 602.801635742, 603.358886719, 603.92779541, 604.485046387, 605.042358398, 605.611206055, 606.180114746, 606.737426758, 607.294677734, 607.851989746, 608.420837402, 608.989746094, 609.54699707, 610.115905762, 610.684814453, 611.253662109, 611.83416748, 612.414672852, 612.995178223, 613.575683594, 614.156188965, 614.725097656, 615.305541992, 615.886047363, 616.478149414, 617.058654785, 617.650756836, 618.324157715, 618.997558594, 619.670898438, 620.332702637, 620.994445801, 621.644592285, 622.294799805, 622.933349609, 623.571899414, 624.15234375, 624.721252441, 625.290161133, 625.847412109, 626.404724121, 626.961975098, 627.542480469, 628.12298584, 628.703491211, 629.272399902, 629.841247559, 630.386901855, 630.932617188, 631.489868164, 632.058776855, 632.627624512, 633.184936523, 633.7421875, 634.299499512, 634.868408203, 635.437255859, 636.01776123, 636.516967773, 637.016235352, 637.503845215, 637.991455078, 638.479064941, 638.97833252, 639.384643555, 639.779418945, 640.174133301, 640.568847656, 640.963623047, 641.358337402, 641.753112793, 642.217468262, 642.681884766, 643.14630127, 643.610717773, 644.075073242, 644.539489746, 645.01550293, 645.491516113, 645.967529297, 646.44354248, 646.919555664, 647.395568848, 647.871582031, 648.34753418, 648.823547363, 649.299560547, 649.682739258, 650.065856934, 650.448974609, 650.832092285, 651.238464355, 651.633178711, 652.039550781, 652.50390625, 652.968322754, 653.432739258, 653.908752441, 654.384765625, 654.860778809, 655.348388672, 655.743103027, 656.126220703, 656.509399414, 656.90411377, 657.298828125, 657.682006836, 658.076721191, 658.471435547, 658.866210938, 659.260925293, 659.655700684, 660.050415039, 660.433532715, 660.816650391, 661.211425781, 661.594543457, 661.977661133, 662.360778809, 662.755554199, 663.138671875, 663.53338623, 663.928161621, 664.311279297, 664.694396973, 665.089172363, 665.472290039, 665.855407715, 666.238525391, 666.621643066, 667.004821777, 667.399536133, 667.794250488, 668.189025879, 668.583740234, 668.96685791, 669.350036621, 669.733154297, 670.116271973, 670.510986328, 670.905761719, 671.300476074, 671.695251465, 672.078369141, 672.461486816, 672.844604492, 673.309020996, 673.7734375, 674.237792969, 674.713806152, 675.178222656, 675.64263916, 676.106994629, 676.513366699, 676.91973877, 677.337646484, 677.755615234, 678.161987305, 678.568359375, 678.97467041, 679.38104248, 679.787353516, 680.182128906, 680.576843262, 680.959960938, 681.354736328, 681.749450684, 682.144226074, 682.53894043, 682.933654785, 683.328430176, 683.711547852, 684.106262207, 684.501037598, 684.895751953, 685.290527344, 685.685241699, 686.08001709, 686.474731445, 686.834655762, 687.194519043, 687.554443359, 687.914367676, 688.285888672, 688.657409668, 689.028930664, 689.38885498, 689.725524902, 690.062194824, 690.398925781, 690.723999023, 691.072265625, 691.420593262, 691.768859863, 692.12878418, 692.511901855, 692.883422852, 693.254943848, 693.626464844, 694.021240234, 694.41595459, 694.810668945, 695.205444336, 695.588562012, 695.971679688, 696.354797363, 696.737976074, 697.144287109, 697.5390625, 697.933776855, 698.456237793, 698.967041016, 699.466308594, 699.977111816, 700.487976074, 700.998779297, 701.579284668, 702.159790039, 702.74029541, 703.320800781, 703.912902832, 704.586303711, 705.248046875, 705.898193359, 706.548400879, 707.210144043, 707.860290527, 708.510437012, 709.137390137, 709.764343262, 710.368041992, 710.983398438, 711.587097168, 712.202453613, 712.806152344, 713.444702148, 714.083251953, 714.733398438, 715.371948242, 716.010498047, 716.649047852, 717.299194336, 717.926147461, 718.553100586, 719.191650391, 719.772155762, 720.352661133, 720.817016602, 721.293029785, 721.769042969, 722.245056152, 722.721069336, 723.208679199, 723.684692383, 724.160705566, 724.63671875, 725.112731934, 725.577148438, 726.041503906, 726.50592041, 726.970336914, 727.434753418, 727.887512207, 728.340332031, 728.79309082, 729.245910645, 729.698669434, 730.151489258, 730.615844727, 731.08026123, 731.53302002, 731.985839844, 732.450256348, 732.926269531, 733.402282715, 733.878234863, 734.365905762, 734.853515625, 735.341125488, 735.817138672, 736.293151855, 736.769165039, 737.245178223, 737.721191406, 738.20880127, 738.696411133, 739.184020996, 739.671630859, 740.159240723, 740.646850586, 741.134521484, 741.610534668, 742.098144531, 742.574157715, 743.050170898, 743.526184082, 744.00213623, 744.489807129, 744.977416992, 745.465026855, 745.952636719, 746.451843262, 746.93951416, 747.438720703, 747.856689453, 748.263000488, 748.680969238, 749.110534668, 749.528503418, 749.958068848, 750.376037598, 750.770751953, 751.177124023, 751.583496094, 752.001464844, 752.419372559, 752.848937988, 753.278564453, 753.696472168, 754.114440918, 754.544006348, 754.973571777, 755.403137207], "beats_loudness": {"dmean2": 0.0202233493328, "median": 0.00966816302389, "min": 6.53246257087e-09, "dvar2": 0.00129510683473, "dvar": 0.000445350655355, "dmean": 0.0118089988828, "max": 0.261235654354, "var": 0.00118725921493, "mean": 0.0248028691858}, "danceability": 0.94855928421, "bpm_histogram_second_peak_weight": {"dmean2": 0, "median": 0.277947932482, "min": 0.277947932482, "dvar2": 0, "dvar": 0, "dmean": 0, "max": 0.277947932482, "var": 0, "mean": 0.277947932482}, "beats_count": 1307, "bpm_histogram_second_peak_bpm": {"dmean2": 0, "median": 80, "min": 80, "dvar2": 0, "dvar": 0, "dmean": 0, "max": 80, "var": 0, "mean": 80}, "bpm_histogram_first_peak_spread": {"dmean2": 0, "median": 0.50450450182, "min": 0.50450450182, "dvar2": 0, "dvar": 0, "dmean": 0, "max": 0.50450450182, "var": 0, "mean": 0.50450450182}, "beats_loudness_band_ratio": {"dmean2": [0.205862745643, 0.148734778166, 0.120396368206, 0.0928624644876, 0.0786941125989, 0.037291366607], "median": [0.613201141357, 0.0951593369246, 0.0755014196038, 0.0407872833312, 0.03171877563, 0.00380611582659], "min": [2.06479362532e-05, 0.000162952070241, 4.28078528785e-05, 0.000251536694122, 4.98505396536e-05, 5.04368608745e-06], "dvar2": [0.044772606343, 0.0279329176992, 0.024442685768, 0.0232702605426, 0.0194769650698, 0.00656873267144], "dvar": [0.0175583176315, 0.00918987765908, 0.00943509023637, 0.00774927949533, 0.00653628492728, 0.00268918299116], "dmean": [0.120987139642, 0.0851753205061, 0.0708327740431, 0.0537949539721, 0.0464388616383, 0.0228449236602], "max": [0.992381930351, 0.924676954746, 0.919509828091, 0.900305986404, 0.859401762486, 0.994701147079], "var": [0.112011708319, 0.0403500683606, 0.022940825671, 0.0150363724679, 0.0148726375774, 0.00591009762138], "mean": [0.526711523533, 0.174388706684, 0.134493619204, 0.0846166983247, 0.0805666595697, 0.0373058877885]}}, "lowlevel": {"barkbands_spread": {"dmean2": 6.87005805969, "median": 12.4799375534, "min": 0.210214748979, "dvar2": 92.764175415, "dvar": 37.2528038025, "dmean": 4.31186819077, "max": 166.089691162, "var": 383.851654053, "mean": 19.5036296844}, "melbands_spread": {"dmean2": 8.73996067047, "median": 12.2658290863, "min": 0.212326034904, "dvar2": 165.41015625, "dvar": 66.1212768555, "dmean": 5.45210504532, "max": 291.202148438, "var": 418.689910889, "mean": 19.4207725525}, "hfc": {"dmean2": 5.21150922775, "median": 2.42370939255, "min": 5.81890136075e-09, "dvar2": 230.633834839, "dvar": 94.780632019, "dmean": 3.38094139099, "max": 279.034667969, "var": 631.454406738, "mean": 14.8068399429}, "barkbands_kurtosis": {"dmean2": 7.40566444397, "median": 2.6677634716, "min": -1.98473072052, "dvar2": 550.156921387, "dvar": 226.648162842, "dmean": 4.53791618347, "max": 1392.13439941, "var": 470.096221924, "mean": 7.39757871628}, "gfcc": {"mean": [-123.331115723, 130.864959717, -116.267654419, 13.6727352142, -29.5998840332, -5.99354362488, -24.5274181366, 2.12952065468, -12.0870037079, -2.41372871399, -7.10753488541, -1.67682003975, -5.60178565979], "icov": [[0.000112119108962, 8.87814451289e-07, 2.33474111155e-05, -0.000191569488379, 5.01466129208e-05, -0.000170217390405, 0.000151814820128, -0.000316961813951, 0.000335929216817, -0.000208808603929, 0.000399932207074, -0.000211256410694, 0.000119932905363], [8.87814451289e-07, 0.000627740402706, -0.000109457309009, 0.000113913469249, 6.37675839243e-07, 0.000490125326905, -0.000399331736844, 0.000799155444838, -0.000725714606233, 0.00102253700607, -0.00105025945231, 0.00128894543741, -0.000781364215072], [2.33474111155e-05, -0.000109457309009, 0.000889914575964, -0.000218252534978, -0.000156384659931, -0.00085200346075, 0.000181603347301, 6.07919973845e-05, -2.96097514365e-05, -0.000111239947728, 0.000306737201754, -0.000848144525662, 0.000652301649097], [-0.000191569488379, 0.000113913469249, -0.000218252534978, 0.00139253272209, -0.000236926804064, -0.000399219599785, -0.00109178025741, 0.000763323099818, -0.000613227835856, 0.000762229668908, -0.000386377651012, 0.000854259997141, -0.000319072569255], [5.01466129208e-05, 6.37675839243e-07, -0.000156384659931, -0.000236926804064, 0.00319219147786, 0.000369576009689, -0.000771688180976, -0.000799183093477, 0.000122184035718, -0.000424477504566, -2.29997640417e-05, 0.000883578730281, -0.000679988763295], [-0.000170217390405, 0.000490125326905, -0.00085200346075, -0.000399219599785, 0.000369576009689, 0.00587195064873, -0.000617602956481, -0.000935546180699, -0.000579175946768, 0.000381159683457, -0.00102165725548, 0.000524924078491, -0.000592498690821], [0.000151814820128, -0.000399331736844, 0.000181603347301, -0.00109178025741, -0.000771688180976, -0.000617602956481, 0.00780690182, -0.00253327726386, 0.000149275845615, -0.000278269842966, -0.000461898132926, 0.000335079123033, -0.00137218856253], [-0.000316961813951, 0.000799155444838, 6.07919973845e-05, 0.000763323099818, -0.000799183093477, -0.000935546180699, -0.00253327726386, 0.0122325159609, -0.00428421702236, -0.000338237936376, 0.00062205636641, -0.0011750140693, 0.00228121387772], [0.000335929216817, -0.000725714606233, -2.96097514365e-05, -0.000613227835856, 0.000122184035718, -0.000579175946768, 0.000149275845615, -0.00428421702236, 0.0120373954996, -0.00398311857134, 0.000261126086116, 0.000933751754928, -0.00302821816877], [-0.000208808603929, 0.00102253700607, -0.000111239947728, 0.000762229668908, -0.000424477504566, 0.000381159683457, -0.000278269842966, -0.000338237936376, -0.00398311857134, 0.0162908583879, -0.00507021788508, 1.06522747956e-05, 0.0013426002115], [0.000399932207074, -0.00105025945231, 0.000306737201754, -0.000386377651012, -2.29997640417e-05, -0.00102165725548, -0.000461898132926, 0.00062205636641, 0.000261126086116, -0.00507021788508, 0.0132364034653, -0.00559742422774, -0.000295922858641], [-0.000211256410694, 0.00128894543741, -0.000848144525662, 0.000854259997141, 0.000883578730281, 0.000524924078491, 0.000335079123033, -0.0011750140693, 0.000933751754928, 1.06522747956e-05, -0.00559742422774, 0.0156179443002, -0.00815737619996], [0.000119932905363, -0.000781364215072, 0.000652301649097, -0.000319072569255, -0.000679988763295, -0.000592498690821, -0.00137218856253, 0.00228121387772, -0.00302821816877, 0.0013426002115, -0.000295922858641, -0.00815737619996, 0.0167726445943]], "cov": [[28660.390625, -7690.43896484, 1941.20959473, 3529.57250977, -262.339202881, 1768.83178711, -237.67175293, 1052.36340332, -733.125671387, 180.335159302, -1189.28515625, 198.225708008, -753.649414063], [-7690.43896484, 5302.14746094, -623.24230957, -722.362243652, 145.93309021, -695.232116699, 213.401138306, -504.816955566, 306.436340332, -203.216278076, 444.578155518, -244.363571167, 340.55581665], [1941.20959473, -623.24230957, 1619.90966797, 545.040893555, 46.1221466064, 367.125915527, 17.6922874451, 99.7477874756, -19.9394626617, 24.0959644318, -67.0693359375, 71.2851486206, -64.8687744141], [3529.57250977, -722.362243652, 545.040893555, 1483.51147461, 98.3436126709, 342.133514404, 144.965713501, 110.441253662, -27.8171043396, -17.3190670013, -127.610748291, -31.5444869995, -60.1827354431], [-262.339202881, 145.93309021, 46.1221466064, 98.3436126709, 360.750030518, -9.16487216949, 71.302520752, 19.2475547791, 31.2227916718, 4.72541952133, 13.6462564468, -25.5184955597, 19.3571777344], [1768.83178711, -695.232116699, 367.125915527, 342.133514404, -9.16487216949, 353.975280762, 19.6883735657, 106.24256134, -21.7732696533, 26.6411857605, -59.0461540222, 36.4351081848, -42.8966903687], [-237.67175293, 213.401138306, 17.6922874451, 144.965713501, 71.302520752, 19.6883735657, 186.097290039, 20.8849067688, 40.1886100769, -1.44466602802, 30.7053394318, -8.94608879089, 33.2434005737], [1052.36340332, -504.816955566, 99.7477874756, 110.441253662, 19.2475547791, 106.24256134, 20.8849067688, 164.641616821, 9.6866350174, 33.1996078491, -47.6304092407, 24.6500930786, -38.7314720154], [-733.125671387, 306.436340332, -19.9394626617, -27.8171043396, 31.2227916718, -21.7732696533, 40.1886100769, 9.6866350174, 139.575469971, 20.9061260223, 50.7153244019, -2.34891915321, 45.5096969604], [180.335159302, -203.216278076, 24.0959644318, -17.3190670013, 4.72541952133, 26.6411857605, -1.44466602802, 33.1996078491, 20.9061260223, 90.3992919922, 23.3567333221, 27.0663814545, -5.40981769562], [-1189.28515625, 444.578155518, -67.0693359375, -127.610748291, 13.6462564468, -59.0461540222, 30.7053394318, -47.6304092407, 50.7153244019, 23.3567333221, 169.778442383, 40.1480407715, 66.6615066528], [198.225708008, -244.363571167, 71.2851486206, -31.5444869995, -25.5184955597, 36.4351081848, -8.94608879089, 24.6500930786, -2.34891915321, 27.0663814545, 40.1480407715, 131.128051758, 41.8861579895], [-753.649414063, 340.55581665, -64.8687744141, -60.1827354431, 19.3571777344, -42.8966903687, 33.2434005737, -38.7314720154, 45.5096969604, -5.40981769562, 66.6615066528, 41.8861579895, 119.706741333]]}, "spectral_energyband_middle_low": {"dmean2": 0.00349193252623, "median": 0.00209146318957, "min": 2.07542236198e-16, "dvar2": 5.371385123e-05, "dvar": 2.09366826311e-05, "dmean": 0.00217063026503, "max": 0.117352001369, "var": 0.000100544981251, "mean": 0.00614354433492}, "melbands_crest": {"dmean2": 6.3132853508, "median": 16.1147689819, "min": 1.57355248928, "dvar2": 32.0774612427, "dvar": 12.2146663666, "dmean": 3.86744976044, "max": 38.9224395752, "var": 47.0820045471, "mean": 16.8954925537}, "spectral_kurtosis": {"dmean2": 11.8000497818, "median": 7.15679836273, "min": -1.15894150734, "dvar2": 404.514129639, "dvar": 154.269195557, "dmean": 7.06855392456, "max": 261.431396484, "var": 647.281738281, "mean": 18.2110061646}, "spectral_rms": {"dmean2": 0.000880625622813, "median": 0.00264235842042, "min": 1.6840806083e-08, "dvar2": 1.46999525441e-06, "dvar": 5.97241353262e-07, "dmean": 0.000561454566196, "max": 0.0178796816617, "var": 7.90794365457e-06, "mean": 0.0035102723632}, "zerocrossingrate": {"dmean2": 0.00896418653429, "median": 0.033203125, "min": 0, "dvar2": 0.000173848733539, "dvar": 0.000126415194245, "dmean": 0.00728207686916, "max": 0.8955078125, "var": 0.00431417301297, "mean": 0.0536861121655}, "silence_rate_60dB": {"dmean2": 0.0571095198393, "median": 0, "min": 0, "dvar2": 0.0655140429735, "dvar": 0.0277245528996, "dmean": 0.0285538844764, "max": 1, "var": 0.215982496738, "mean": 0.315587490797}, "erbbands_kurtosis": {"dmean2": 1.73007547855, "median": -0.053496837616, "min": -1.89961397648, "dvar2": 9.37778377533, "dvar": 3.52404499054, "dmean": 1.06066906452, "max": 73.7442398071, "var": 7.1293296814, "mean": 0.731912612915}, "erbbands": {"dmean2": [0.272078633308, 1.21417176723, 2.44213819504, 4.0963435173, 6.20360946655, 4.87035655975, 4.76296567917, 6.99987602234, 6.90076065063, 9.15017604828, 9.39871120453, 13.7370462418, 13.2214326859, 10.6031694412, 11.5770301819, 9.59474277496, 10.287437439, 8.07755565643, 8.95532512665, 20.943157196, 12.1251506805, 11.6687631607, 10.1331920624, 8.56956768036, 7.68749475479, 5.55401515961, 3.73734164238, 2.85396075249, 2.24986958504, 1.91701602936, 1.93057727814, 1.16558349133, 0.732571721077, 0.544458925724, 0.357259780169, 0.200267910957, 0.10834877193, 0.0392810441554, 0.00791023951024, 0.000589116942137], "median": [0.0358885489404, 0.181027323008, 0.352322638035, 0.703492999077, 1.42084276676, 1.32756519318, 1.3345168829, 2.56888198853, 2.2886326313, 1.81832671165, 1.94771850109, 2.23249053955, 1.72557616234, 1.25234746933, 1.45854496956, 2.13546586037, 2.30863332748, 1.50498378277, 1.68327379227, 2.2652463913, 1.9894285202, 1.67511558533, 1.27649843693, 0.90