{"tonal": {"thpcp": [1, 0.903979599476, 0.77561801672, 0.730983138084, 0.683611452579, 0.563402533531, 0.458685278893, 0.388586968184, 0.368568897247, 0.412288933992, 0.438419342041, 0.403659045696, 0.384806334972, 0.376944869757, 0.374138563871, 0.404771476984, 0.453271865845, 0.474003612995, 0.450804322958, 0.418235838413, 0.361308008432, 0.327105015516, 0.313545882702, 0.3417288661, 0.430332034826, 0.474584519863, 0.477651417255, 0.413577049971, 0.330974251032, 0.298913091421, 0.254983305931, 0.21131747961, 0.220922976732, 0.311628371477, 0.523119390011, 0.845051288605], "hpcp": {"dmean2": [0.225077465177, 0.205476999283, 0.205292522907, 0.243374347687, 0.342641174793, 0.470411449671, 0.501504123211, 0.490633606911, 0.499248087406, 0.484547793865, 0.419926911592, 0.366200298071, 0.330549687147, 0.297073721886, 0.279380053282, 0.306566804647, 0.33144813776, 0.313585519791, 0.263523817062, 0.229627355933, 0.219730570912, 0.221137866378, 0.238588243723, 0.250026255846, 0.252483636141, 0.230216786265, 0.205491125584, 0.235785007477, 0.251716196537, 0.270568579435, 0.337931871414, 0.337097138166, 0.325306952, 0.316776335239, 0.270513683558, 0.256691366434], "median": [0.0282256342471, 0.0244968477637, 0.0302931517363, 0.0575503669679, 0.118108019233, 0.222470700741, 0.273247212172, 0.22632136941, 0.178812786937, 0.151229068637, 0.1465036273, 0.126519188285, 0.0965008214116, 0.0761559382081, 0.0590349659324, 0.04725715518, 0.0450006909668, 0.0584141761065, 0.0829099342227, 0.0927023515105, 0.0993943661451, 0.110752366483, 0.129944130778, 0.137177154422, 0.125084847212, 0.117766387761, 0.0948886573315, 0.0626238062978, 0.0498519949615, 0.0623998679221, 0.079543069005, 0.101827032864, 0.109895057976, 0.0775454044342, 0.041981946677, 0.0322955623269], "min": [0, 0, 0, 0, 0, 0, 0, 0, 0, 0, 0, 0, 0, 0, 0, 0, 0, 0, 0, 0, 0, 0, 0, 0, 0, 0, 0, 0, 0, 0, 0, 0, 0, 0, 0, 0], "dvar2": [0.12021677196, 0.103324741125, 0.103140085936, 0.123979456723, 0.147718980908, 0.189574837685, 0.187092915177, 0.19234611094, 0.209954202175, 0.219238772988, 0.187597319484, 0.164629533887, 0.157282799482, 0.151317536831, 0.145036071539, 0.176512464881, 0.193503439426, 0.170123323798, 0.115999706089, 0.083095908165, 0.0728734731674, 0.0613653920591, 0.0635688081384, 0.0664331689477, 0.0829486623406, 0.0717140212655, 0.0642485842109, 0.0875322073698, 0.106260046363, 0.115519724786, 0.16414219141, 0.147872924805, 0.128888815641, 0.143746048212, 0.139129206538, 0.137319713831], "dvar": [0.0412325821817, 0.0360176302493, 0.0367751382291, 0.0446402803063, 0.0521420575678, 0.0683528184891, 0.0684807002544, 0.0708767622709, 0.0757698044181, 0.0782189518213, 0.0672791600227, 0.0575764290988, 0.0565567389131, 0.0535291619599, 0.0522445552051, 0.0654629990458, 0.0700556635857, 0.0607443526387, 0.0422351434827, 0.028977708891, 0.0257435850799, 0.0224442332983, 0.0229995530099, 0.0242688506842, 0.0298032891005, 0.0254960171878, 0.0231453813612, 0.0324781388044, 0.0392609424889, 0.0422180555761, 0.0591403581202, 0.0530972890556, 0.0475905425847, 0.0520461387932, 0.047767303884, 0.0471058040857], "dmean": [0.122757032514, 0.109919473529, 0.110402144492, 0.133269250393, 0.19092746079, 0.264147937298, 0.281485229731, 0.277869969606, 0.279749810696, 0.268900543451, 0.234803512692, 0.204380691051, 0.182072967291, 0.162060901523, 0.152615204453, 0.167803809047, 0.18174354732, 0.170647323132, 0.146585822105, 0.129903793335, 0.125534117222, 0.128270685673, 0.13710513711, 0.143731564283, 0.143816679716, 0.131422385573, 0.117527015507, 0.131825044751, 0.140550687909, 0.149908289313, 0.186571091413, 0.189196974039, 0.183751627803, 0.175285741687, 0.147176668048, 0.139057859778], "max": [1, 1, 1, 1, 1, 1, 1, 1, 1, 1, 1, 1, 1, 1, 1, 1, 1, 1, 1, 1, 1, 1, 1, 1, 1, 1, 1, 1, 1, 1, 1, 1, 1, 1, 1, 1], "var": [0.0338168330491, 0.025682374835, 0.0257263183594, 0.0347054228187, 0.0522756353021, 0.0861567854881, 0.103503644466, 0.0994409993291, 0.0882539153099, 0.0899116843939, 0.0799567103386, 0.0578305572271, 0.0482681505382, 0.042684994638, 0.0458504892886, 0.0663556158543, 0.0738252028823, 0.0555781200528, 0.0368235521019, 0.0266709290445, 0.0242053326219, 0.023201810196, 0.0248046386987, 0.0266860220581, 0.0282706189901, 0.0236428678036, 0.0219599474221, 0.0299735330045, 0.0338743627071, 0.0348829068244, 0.0508186630905, 0.0490834079683, 0.0447684153914, 0.045758228749, 0.0450922995806, 0.0445916615427], "mean": [0.100848391652, 0.083578132093, 0.0873771980405, 0.12325206399, 0.206898838282, 0.334226042032, 0.395509779453, 0.357532769442, 0.306764513254, 0.289110988379, 0.270375013351, 0.222831204534, 0.18141451478, 0.153689950705, 0.145772606134, 0.163064301014, 0.17339913547, 0.159651100636, 0.152194663882, 0.149085387588, 0.147975459695, 0.160091072321, 0.179273456335, 0.187473058701, 0.178297519684, 0.165416359901, 0.142900854349, 0.129373237491, 0.124010458589, 0.135157108307, 0.170200526714, 0.187702819705, 0.188915804029, 0.163573771715, 0.130903556943, 0.118223048747]}, "tuning_equal_tempered_deviation": 0.296988636255, "chords_changes_rate": 0.0697999075055, "key_key": "E", "tuning_diatonic_strength": 0.501060247421, "key_scale": "minor", "chords_number_rate": 0.00232666358352, "tuning_frequency": 434.444000244, "tuning_nontempered_energy_ratio": 0.909132182598, "chords_histogram": [48.0688705444, 0, 0, 0, 0, 0, 0.791065633297, 26.3843650818, 0, 0, 0, 0, 0.186133086681, 1.07026529312, 0.232666358352, 0, 0.372266173363, 3.11772918701, 0.279199630022, 0.325732886791, 0, 0, 0, 19.1717071533], "key_strength": 0.497450590134, "chords_key": "E", "chords_strength": {"dmean2": 0.0134658636525, "median": 0.519895195961, "min": 0.275698781013, "dvar2": 0.0001176936712, "dvar": 6.86906714691e-05, "dmean": 0.0100750746205, "max": 0.717864573002, "var": 0.00518713658676, "mean": 0.516936063766}, "chords_scale": "minor", "hpcp_entropy": {"dmean2": 1.10228264332, "median": 3.23242640495, "min": 0.0620440244675, "dvar2": 0.778227746487, "dvar": 0.269411832094, "dmean": 0.641016721725, "max": 4.63639736176, "var": 0.387184053659, "mean": 3.15953993797}}, "metadata": {"audio_properties": {"equal_loudness": 0, "codec": "mp3", "downmix": "mix", "sample_rate": 44100, "analysis_sample_rate": 44100, "bit_rate": 256000, "md5_encoded": "a4525f89046eae73afe218a00bc150e4", "length": 99.7355117798, "replay_gain": -4.85723114014, "lossless": false}, "version": {"essentia_build_sha": "2d9f1f26377add8aeb1075a9c2973f962c4f09fd", "essentia": "2.1-beta2", "extractor": "music 1.0", "essentia_git_sha": "v2.1_beta2-1-ge3940c0"}, "tags": {"title": ["Endzeit"], "language": ["eng"], "albumartist": ["Various Artists"], "genre": ["Hardcore Punk"], "musicbrainz album type": ["ep"], "musicbrainz_recordingid": ["1c19e1a6-7b68-4bea-837c-e77ef8152ffa"], "musicbrainz_artistid": ["b565c2ea-3986-4061-90ae-83ce3a65d6e1"], "musicbrainz_albumartistid": ["89ad4ac3-39f7-470e-963a-56509c546377"], "musicbrainz_albumid": ["2f49d23f-2f55-4e03-a3f4-3dc467629efe"], "artist": ["World Chaos"], "tracknumber": ["6/9"], "artistsort": ["World Chaos"], "album": ["No desallitjaran les nostres idees"], "albumartistsort": ["Various Artists"], "discnumber": ["1/1"], "script": ["Latn"], "musicbrainz album status": ["official"], "file_name": "06 - World Chaos - Endzeit.mp3"}}, "rhythm": {"bpm_histogram_first_peak_bpm": {"dmean2": 0, "median": 123, "min": 123, "dvar2": 0, "dvar": 0, "dmean": 0, "max": 123, "var": 0, "mean": 123}, "bpm": 123.024681091, "bpm_histogram_second_peak_spread": {"dmean2": 0, "median": 0.137931004167, "min": 0.137931004167, "dvar2": 0, "dvar": 0, "dmean": 0, "max": 0.137931004167, "var": 0, "mean": 0.137931004167}, "bpm_histogram_first_peak_weight": {"dmean2": 0, "median": 0.159999996424, "min": 0.159999996424, "dvar2": 0, "dvar": 0, "dmean": 0, "max": 0.159999996424, "var": 0, "mean": 0.159999996424}, "onset_rate": 0.94232827425, "beats_position": [0.545668900013, 1.10294783115, 1.66022670269, 2.21750569344, 2.7863945961, 3.34367346764, 3.90095233917, 4.446621418, 4.99229001999, 5.54956912994, 6.10684776306, 6.65251684189, 7.19818592072, 7.75546455383, 8.31274318695, 8.87002277374, 9.41569137573, 9.96135997772, 10.5186395645, 11.0759181976, 11.6215867996, 12.1556463242, 12.689704895, 13.2237634659, 13.7694330215, 14.3267116547, 14.8607711792, 15.3948297501, 15.9404983521, 16.4861679077, 17.0434455872, 17.5891151428, 18.1347846985, 18.6804523468, 19.2261219025, 19.760181427, 20.2942390442, 20.8282985687, 21.3507480621, 21.8848075867, 22.4072551727, 22.9529247284, 23.4985942841, 24.009431839, 24.5202713013, 25.0311107635, 25.5419502258, 26.0411777496, 26.5404071808, 27.0512466431, 27.5620861053, 28.0729255676, 28.5837631226, 29.0946025848, 29.6054420471, 30.1162815094, 30.6155090332, 31.1147384644, 31.6023578644, 32.1131973267, 32.6124267578, 33.111656189, 33.5992736816, 34.0985031128, 34.5977325439, 35.1085700989, 35.6194114685, 36.1302490234, 36.6294784546, 37.1287078857, 37.6163253784, 38.1155548096, 38.6147842407, 39.1024017334, 39.6016311646, 40.1008605957, 40.5884780884, 41.0760993958, 41.5521087646, 42.0165061951, 42.492515564, 42.9801368713, 43.467754364, 43.9553718567, 44.4429931641, 44.9306106567, 45.4182319641, 45.9058494568, 46.3934669495, 46.8694763184, 47.3454856873, 47.8331069946, 48.3207244873, 48.7967338562, 49.2727432251, 49.7719726563, 50.2712020874, 50.7704315186, 51.269657135, 51.7688865662, 52.2913360596, 52.7905654907, 53.2897949219, 53.7774124146, 54.2650337219, 54.7526512146, 55.1938323975, 55.6350097656, 56.0761909485, 56.4941482544, 56.912109375, 57.3300666809, 57.7596359253, 58.1892051697, 58.6303825378, 59.0715637207, 59.4895210266, 59.919090271, 60.3370513916, 60.766620636, 61.1845779419, 61.590927124, 61.9972763062, 62.4152374268, 62.8331947327, 63.2511558533, 63.6807250977, 64.1102905273, 64.5514755249, 64.9926528931, 65.5150985718, 66.0143280029, 66.5135574341, 67.0243988037, 67.5352401733, 68.0344696045, 68.5220870972, 69.0097045898, 69.4973220825, 69.9849395752, 70.4609527588, 70.936958313, 71.4245758057, 71.9005889893, 72.3882064819, 72.8758239746, 73.3750534058, 73.8858947754, 74.3502960205, 74.8263015747, 75.3023147583, 75.766708374, 76.2427215576, 76.7187271118, 77.1831283569, 77.6475296021, 78.1235351563, 78.5995483398, 79.075553894, 79.5399551392, 80.0159606934, 80.503578186, 80.9912033081, 81.4672088623, 81.9432220459, 82.4076156616, 82.8487930298, 83.3015823364, 83.7543716431, 84.2187728882, 84.6831741333, 85.1475753784, 85.6235809326, 86.0995864868, 86.5639877319, 87.0283889771, 87.4927902222, 88.0036239624, 88.514465332, 89.0253067017, 89.5245361328, 90.023765564, 90.5578231812, 91.0454406738, 91.5330581665, 92.0206756592, 92.4966888428, 92.972694397, 93.4370956421, 93.9247131348, 94.4007263184, 94.8767318726, 95.3527450562, 95.8287506104, 96.2931518555, 96.7923812866, 97.3032150269, 97.802444458, 98.3132858276, 98.8241271973, 99.3349609375], "beats_loudness": {"dmean2": 0.0140450140461, "median": 0.019514862448, "min": 5.80242049182e-05, "dvar2": 0.000143413286423, "dvar": 4.97010223626e-05, "dmean": 0.00788458064198, "max": 0.0576431304216, "var": 7.38301678211e-05, "mean": 0.0216340646148}, "danceability": 1.43529009819, "bpm_histogram_second_peak_weight": {"dmean2": 0, "median": 0.125, "min": 0.125, "dvar2": 0, "dvar": 0, "dmean": 0, "max": 0.125, "var": 0, "mean": 0.125}, "beats_count": 201, "bpm_histogram_second_peak_bpm": {"dmean2": 0, "median": 117, "min": 117, "dvar2": 0, "dvar": 0, "dmean": 0, "max": 117, "var": 0, "mean": 117}, "bpm_histogram_first_peak_spread": {"dmean2": 0, "median": 0.636363625526, "min": 0.636363625526, "dvar2": 0, "dvar": 0, "dmean": 0, "max": 0.636363625526, "var": 0, "mean": 0.636363625526}, "beats_loudness_band_ratio": {"dmean2": [0.30231577158, 0.124296590686, 0.0347253233194, 0.0138055095449, 0.166836708784, 0.144645512104], "median": [0.391829252243, 0.0886313617229, 0.0118599738926, 0.0108200227842, 0.269950330257, 0.207011029124], "min": [0.0734561383724, 0.00164727028459, 0.000270434567938, 0.000783969531767, 0.016737382859, 0.0370384566486], "dvar2": [0.0509053505957, 0.0124853160232, 0.00143446424045, 0.000143505516462, 0.0177305974066, 0.0135403266177], "dvar": [0.0163261201233, 0.00432852189988, 0.000443285913207, 4.95051317557e-05, 0.00612554745749, 0.00497857667506], "dmean": [0.181538149714, 0.0689900964499, 0.0194168556482, 0.00785242393613, 0.100353695452, 0.0855880379677], "max": [0.866497278214, 0.449779629707, 0.107144474983, 0.0529123395681, 0.537835299969, 0.908378064632], "var": [0.0333772823215, 0.00527750141919, 0.000564874790143, 7.3741786764e-05, 0.0102634634823, 0.0121495779604], "mean": [0.418536186218, 0.100704297423, 0.0222537796944, 0.0129810506478, 0.274639308453, 0.218235105276]}}, "lowlevel": {"barkbands_spread": {"dmean2": 15.0517683029, "median": 53.45079422, "min": 7.33034276962, "dvar2": 168.924407959, "dvar": 62.0263175964, "dmean": 8.79433822632, "max": 97.5877075195, "var": 92.3567733765, "mean": 51.9839859009}, "melbands_spread": {"dmean2": 41.1801528931, "median": 65.8700408936, "min": 4.60291624069, "dvar2": 961.474914551, "dvar": 395.138183594, "dmean": 25.2944412231, "max": 227.107772827, "var": 888.237915039, "mean": 67.3260574341}, "hfc": {"dmean2": 10.5259923935, "median": 36.1522445679, "min": 1.16138077061e-16, "dvar2": 74.9602966309, "dvar": 30.8134460449, "dmean": 6.55930042267, "max": 89.4546356201, "var": 118.452590942, "mean": 36.8205070496}, "barkbands_kurtosis": {"dmean2": 1.62234127522, "median": -1.52248728275, "min": -1.90335845947, "dvar2": 11.561709404, "dvar": 3.85038781166, "dmean": 0.91398948431, "max": 67.0068206787, "var": 4.24699020386, "mean": -1.03515851498}, "gfcc": {"mean": [14.0367870331, 31.7849445343, -112.052246094, 98.2790679932, -18.5609092712, -2.69694161415, -46.4071464539, 15.1640558243, -27.0094814301, -1.02591192722, -24.1179561615, -4.86095905304, -15.9062700272], "icov": [[0.000419879477704, -0.000188948426512, 0.000495818792842, -0.00017412660236, 6.71268862789e-05, -0.000262939574895, 0.00111349171493, -0.000644182029646, -0.000112538218673, 0.000332357099978, 0.000719865085557, -0.00130606233142, 0.0010871863924], [-0.000188948426512, 0.00307706440799, 0.00147737888619, 0.000862846965902, -0.00128225900698, 0.00360452686436, -0.0017521311529, -0.000444407807663, -0.000223091934458, 0.00286183459684, -0.00436085788533, 0.00220583402552, -0.000567586801481], [0.000495818792842, 0.00147737888619, 0.00815287604928, -0.00131847185548, -0.000461059360532, -0.00139438780025, -0.00108686555177, 0.00132715352811, 0.00169576576445, -0.00153683091048, 0.000658599019516, -0.00251096393913, 0.00263484194875], [-0.00017412660236, 0.000862846965902, -0.00131847185548, 0.00768656190485, -0.00464232172817, -0.00154759327415, 0.00109300622717, 0.00346108688973, -0.00327350758016, 0.0017339742044, -0.00384331610985, 0.00484156515449, -0.00358880567364], [6.71268862789e-05, -0.00128225900698, -0.000461059360532, -0.00464232172817, 0.0114653836936, -0.00693351542577, 0.0050724777393, -0.00354159018025, 0.00199036137201, -0.0025841339957, 0.00174075644463, 0.00113961659372, -0.00660675717518], [-0.000262939574895, 0.00360452686436, -0.00139438780025, -0.00154759327415, -0.00693351542577, 0.0293599907309, -0.0186064559966, 0.000408003019402, 0.000792477745563, 0.00363603211008, 0.00248410413042, -0.00831127073616, 0.00470522092655], [0.00111349171493, -0.0017521311529, -0.00108686555177, 0.00109300622717, 0.0050724777393, -0.0186064559966, 0.0316862426698, -0.0103716980666, -0.00518641155213, 0.0101561509073, -0.00885665044188, 0.00352718960494, -0.00165526394267], [-0.000644182029646, -0.000444407807663, 0.00132715352811, 0.00346108688973, -0.00354159018025, 0.000408003019402, -0.0103716980666, 0.0299080759287, -0.00516198948026, -0.0125474194065, 0.00824103597552, 0.00414183922112, -0.00332590122707], [-0.000112538218673, -0.000223091934458, 0.00169576576445, -0.00327350758016, 0.00199036137201, 0.000792477745563, -0.00518641155213, -0.00516198948026, 0.02536021173, -0.0114641534165, -0.00160282815341, 0.00207877857611, 0.00229947944172], [0.000332357099978, 0.00286183459684, -0.00153683091048, 0.0017339742044, -0.0025841339957, 0.00363603211008, 0.0101561509073, -0.0125474194065, -0.0114641534165, 0.0443807095289, -0.0247092265636, -0.00370317790657, 0.00558697478846], [0.000719865085557, -0.00436085788533, 0.000658599019516, -0.00384331610985, 0.00174075644463, 0.00248410413042, -0.00885665044188, 0.00824103597552, -0.00160282815341, -0.0247092265636, 0.0495725050569, -0.0239432621747, 0.00589810172096], [-0.00130606233142, 0.00220583402552, -0.00251096393913, 0.00484156515449, 0.00113961659372, -0.00831127073616, 0.00352718960494, 0.00414183922112, 0.00207877857611, -0.00370317790657, -0.0239432621747, 0.0543648004532, -0.0275690313429], [0.0010871863924, -0.000567586801481, 0.00263484194875, -0.00358880567364, -0.00660675717518, 0.00470522092655, -0.00165526394267, -0.00332590122707, 0.00229947944172, 0.00558697478846, 0.00589810172096, -0.0275690313429, 0.0481394901872]], "cov": [[3774.92456055, 475.25100708, -399.574401855, -176.841903687, -98.8976211548, -194.316101074, -209.809356689, 46.3743896484, -1.94231688976, -22.1993160248, -61.9354133606, -10.7670726776, -65.4623641968], [475.25100708, 710.745605469, -233.940246582, -164.320968628, -87.5443344116, -150.220748901, -29.4756355286, 24.2446746826, 14.870885849, -10.7897109985, 28.4486865997, -34.0313835144, -20.9024429321], [-399.574401855, -233.940246582, 237.177383423, 108.08114624, 67.2547683716, 81.7598724365, 32.3771324158, -18.9057254791, -10.7141199112, 6.26809072495, 4.42835664749, 21.511882782, 13.9490394592], [-176.841903687, -164.320968628, 108.08114624, 308.503387451, 169.845565796, 81.0174865723, 6.62478542328, -23.2530136108, 7.82227563858, 1.85999286175, 8.75808906555, 13.7507133484, 39.3644866943], [-98.8976211548, -87.5443344116, 67.2547683716, 169.845565796, 218.40687561, 72.2007751465, 1.21339082718, 1.98098564148, -6.58878087997, 2.99416637421, -0.838303804398, 17.4534130096, 43.3437576294], [-194.316101074, -150.220748901, 81.7598724365, 81.0174865723, 72.2007751465, 115.379898071, 56.8681793213, 3.62248826027, -0.764272451401, -8.24281787872, -1.83370888233, 16.8708534241, 15.8989944458], [-209.809356689, -29.4756355286, 32.3771324158, 6.62478542328, 1.21339082718, 56.8681793213, 83.8253479004, 18.7703590393, 13.7487716675, -6.39615821838, 7.69575643539, 2.56135320663, 2.50943303108], [46.3743896484, 24.2446746826, -18.9057254791, -23.2530136108, 1.98098564148, 3.62248826027, 18.7703590393, 55.1467704773, 20.6766204834, 14.6143493652, -0.178577214479, -4.6863694191, -2.43269228935], [-1.94231688976, 14.870885849, -10.7141199112, 7.82227563858, -6.58878087997, -0.764272451401, 13.7487716675, 20.6766204834, 63.1239242554, 27.9092292786, 18.1173210144, 0.182480588555, -5.90909194946], [-22.1993160248, -10.7897109985, 6.26809072495, 1.85999286175, 2.99416637421, -8.24281787872, -6.39615821838, 14.6143493652, 27.9092292786, 56.5879936218, 32.3537101746, 14.2765750885, -1.51251196861], [-61.9354133606, 28.4486865997, 4.42835664749, 8.75808906555, -0.838303804398, -1.83370888233, 7.69575643539, -0.178577214479, 18.1173210144, 32.3537101746, 53.1422462463, 23.3278541565, 4.68945121765], [-10.7670726776, -34.0313835144, 21.511882782, 13.7507133484, 17.4534130096, 16.8708534241, 2.56135320663, -4.6863694191, 0.182480588555, 14.2765750885, 23.3278541565, 43.3164901733, 20.4834346771], [-65.4623641968, -20.9024429321, 13.9490394592, 39.3644866943, 43.3437576294, 15.8989944458, 2.50943303108, -2.43269228935, -5.90909194946, -1.51251196861, 4.68945121765, 20.4834346771, 40.1027908325]]}, "spectral_energyband_middle_low": {"dmean2": 0.00735159544274, "median": 0.00338976155035, "min": 4.11126813576e-22, "dvar2": 8.18118860479e-05, "dvar": 3.0406852602e-05, "dmean": 0.00414337730035, "max": 0.0420588180423, "var": 2.43701906584e-05, "mean": 0.00498854415491}, "melbands_crest": {"dmean2": 6.27077531815, "median": 14.5595970154, "min": 2.25692796707, "dvar2": 23.0356731415, "dvar": 8.50311851501, "dmean": 3.77280688286, "max": 36.4081230164, "var": 17.8290786743, "mean": 14.703455925}, "spectral_kurtosis": {"dmean2": 2.40091252327, "median": 5.54796409607, "min": -1.20027673244, "dvar2": 4.7021317482, "dvar": 1.60188543797, "dmean": 1.39038932323, "max": 23.974571228, "var": 2.68076491356, "mean": 5.72385644913}, "spectral_rms": {"dmean2": 0.00144341529813, "median": 0.00471354322508, "min": 3.23549455457e-12, "dvar2": 1.50387791109e-06, "dvar": 5.81058884563e-07, "dmean": 0.000862590037286, "max": 0.00897040963173, "var": 1.14900842618e-06, "mean": 0.00479694409296}, "zerocrossingrate": {"dmean2": 0.0185925457627, "median": 0.10546875, "min": 0.01806640625, "dvar2": 0.000273176265182, "dvar": 0.000186779216165, "dmean": 0.0141641339287, "max": 0.51123046875, "var": 0.000773878593463, "mean": 0.107003480196}, "silence_rate_60dB": {"dmean2": 0.00186263094656, "median": 0, "min": 0, "dvar2": 0.00279052718543, "dvar": 0.000930229725782, "dmean": 0.000931098707952, "max": 1, "var": 0.0187190361321, "mean": 0.0190830808133}, "erbbands_kurtosis": {"dmean2": 5.35744810104, "median": 7.74005270004, "min": -1.25450527668, "dvar2": 19.8394432068, "dvar": 7.63469362259, "dmean": 3.29218959808, "max": 28.55210495, "var": 15.8039331436, "mean": 7.73270606995}, "erbbands": {"dmean2": [0.162610962987, 1.82490587234, 5.92880344391, 9.41910076141, 18.2646274567, 9.7155122757, 2.31219816208, 2.52968859673, 2.62330126762, 4.0869884491, 2.47292590141, 1.46574604511, 1.47942554951, 0.737679898739, 1.23966360092, 2.45235991478, 3.4264690876, 5.21555519104, 4.17208814621, 27.7470855713, 54.6032485962, 73.9127883911, 87.1957931519, 53.1607666016, 34.9902305603, 68.1513214111, 11.8862133026, 15.0062255859, 4.36497783661, 4.44822311401, 1.63715672493, 1.70448064804, 0.808311879635, 0.41146633029, 0.208965286613, 0.0993430912495, 0.0268447883427, 0.00640134839341, 0.000966846127994, 4.05672180932e-05], "median": [0.04234328866, 0.483559429646, 3.38749837875, 6.31559610367, 4.97076225281, 3.26491522789, 1.18459188938, 1.1183180809, 0.767219364643, 1.13855051994, 0.49084815383, 0.502371191978, 0.651582896709, 0.378863841295, 0.402849197388, 0.811391174793, 2.0748231411, 5.43369722366, 5.05420923233, 34.399066925, 67.9815826416, 106.211456299, 128.875320435, 76.4487915039, 61.3122406006, 103.129768372, 21.2439117432, 17.3317680359, 5.45911026001, 4.04137229919, 2.03432178497, 2.20563197136, 1.27080416679, 0.625446498394, 0.309694468975, 0.131364658475, 0.0393283478916, 0.00839720852673, 0.000459186558146, 4.86461176479e-05], "min": [2.75663846124e-22, 1.03384054105e-20, 8.24233135386e-20, 1.50007394629e-19, 6.59585096279e-20, 1.64777130981e-19, 6.69464463302e-19, 5.99253631402e-19, 5.05907695143e-19, 1.0591653799e-18, 1.35009234936e-18, 3.46499568628e-18, 1.3312876389e-18, 1.5257666931e-18, 3.47420075893e-18, 1.394309289e-18, 3.38471842822e-18, 3.58337205618e-18, 4.21438347774e-18, 1.74855840259e-17, 7.13516483811e-18, 6.487127558e-18, 8.92388418293e-18, 1.58985586114e-17, 1.600606893e-17, 1.29608390736e-17, 1.47468651184e-17, 1.48628341859e-17, 2.63083503421e-17, 1.66367858753e-17, 1.69366156863e-17, 1.87709598321e-17, 1.53241991356e-17, 1.52982504798e-17, 8.53975970444e-18, 6.89660719022e-18, 3.19581870725e-18, 1.35176232361e-18, 3.61702507222e-19, 3.08573297476e-20], "dvar2": [0.0458727814257, 6.56729793549, 41.0463790894, 84.1182785034, 612.105529785, 174.378707886, 7.60690689087, 11.6430034637, 22.4784908295, 37.2225952148, 28.2186374664, 6.29675626755, 5.41990232468, 1.12007880211, 6.9141960144, 21.3442745209, 24.8004627228, 27.5859508514, 62.0850334167, 720.99041748, 3325.27612305, 5477.4296875, 5755.62744141, 2022.31530762, 894.659118652, 3336.97363281, 137.855789185, 312.737579346, 27.7462902069, 47.9708633423, 5.08066797256, 4.62336826324, 0.842166304588, 0.229156941175, 0.0699001327157, 0.0202844608575, 0.00101371586788, 6.11184950685e-05, 2.27333134717e-06, 2.81954948278e-09], "dvar": [0.0176699887961, 2.6061091423, 15.1557769775, 30.7221031189, 226.95753479, 64.2193984985, 2.84847092628, 4.58092403412, 9.5845823288, 14.4945201874, 13.4164743423, 2.39309072495, 2.21675014496, 0.434956610203, 2.92865753174, 8.19973945618, 9.30682373047, 9.88379859924, 26.9510726929, 275.196838379, 1254.00366211, 2033.98046875, 2122.17993164, 731.970581055, 330.093719482, 1189.49829102, 51.2996673584, 117.773406982, 10.4627752304, 19.8371238708, 2.18160438538, 1.87361645699, 0.361394107342, 0.10389469564, 0.032771024853, 0.00930593535304, 0.00048294919543, 2.81466964225e-05, 8.36099331991e-07, 1.02782748979e-09], "dmean": [0.0940485373139, 1.07294201851, 3.4552834034, 5.4469370842, 10.1250486374, 5.48714923859, 1.33671808243, 1.51439082623, 1.58690416813, 2.41971492767, 1.51292061806, 0.899625778198, 0.912658631802, 0.43935573101, 0.747592270374, 1.44841706753, 2.01394534111, 3.06057262421, 2.49778747559, 16.2448978424, 32.5352630615, 44.400894165, 51.3293991089, 31.2571792603, 20.7786922455, 40.4267234802, 7.12366676331, 8.92638301849, 2.64353108406, 2.76369428635, 1.00502490997, 1.07357728481, 0.527807712555, 0.270398765802, 0.13912294805, 0.0666704773903, 0.017950700596, 0.00426106248051, 0.000578909530304, 2.41613033722e-05], "max": [0.921009838581, 14.6439161301, 29.721862793, 53.9570999146, 114.985679626, 55.0250053406, 18.6951770782, 26.4011192322, 43.9860267639, 30.9902114868, 122.498313904, 25.0424785614, 20.1819839478, 8.97040653229, 46.1458396912, 85.4853439331, 58.4312896729, 37.5254478455, 188.89630127, 286.723297119, 776.97088623, 663.051269531, 748.86114502, 341.403259277, 241.024002075, 498.665557861, 157.27494812, 209.745346069, 61.7345733643, 79.215057373, 41.3554611206, 31.6180019379, 14.4800081253, 6.01538991928, 3.95025038719, 2.32272768021, 0.323527932167, 0.109736271203, 0.0190052371472, 0.000677787931636], "var": [0.0158730428666, 2.41447496414, 17.772611618, 38.6098175049, 164.690444946, 50.6838188171, 2.81459498405, 7.25346088409, 17.6949062347, 19.8005924225, 25.4008522034, 3.08151292801, 3.33208584785, 0.675993978977, 3.99327802658, 10.4353065491, 14.9057350159, 16.6547756195, 47.2724609375, 448.491760254, 2468.5078125, 4156.51904297, 3666.20996094, 1227.08764648, 622.61340332, 2134.12084961, 184.184875488, 276.559051514, 31.4166355133, 54.7780265808, 8.86209964752, 7.92347145081, 1.90422654152, 0.462071925402, 0.122804224491, 0.0282970983535, 0.00226433412172, 0.000141950076795, 1.88454168892e-06, 2.35345387622e-09], "mean": [0.0903472900391, 1.08328783512, 4.60223865509, 7.82758140564, 9.36687660217, 5.66593885422, 1.70441353321, 2.06784772873, 2.26052975655, 3.084192276, 1.91353428364, 1.18498408794, 1.35164833069, 0.672716379166, 0.982671320438, 1.90435230732, 3.33840060234, 6.31292676926, 6.43988466263, 38.0723648071, 78.7478179932, 118.015014648, 136.912979126, 81.0790328979, 64.2055969238, 109.542053223, 24.3841094971, 21.9284362793, 7.16602468491, 6.50172567368, 3.02378439903, 3.12052512169, 1.67348074913, 0.831610918045, 0.416761219501, 0.184802085161, 0.0541634038091, 0.0120248412713, 0.000932351918891, 6.15694807493e-05]}, "spectral_strongpeak": {"dmean2": 0.628007292747, "median": 0.295335263014, "min": 0, "dvar2": 1.71568965912, "dvar": 0.613747596741, "dmean": 0.348175942898, "max": 12.3273353577, "var": 0.436897397041, "mean": 0.424059838057}, "spectral_energy": {"dmean2": 0.0154363401234, "median": 0.0227729249746, "min": 1.0730136015e-20, "dvar2": 0.000197866858798, "dvar": 7.67108722357e-05, "dmean": 0.00908878445625, "max": 0.0824799463153, "var": 0.000101765472209, "mean": 0.0247636884451}, "average_loudness": 0.981276273727, "spectral_rolloff": {"dmean2": 1006.93133545, "median": 3682.17773438, "min": 21.533203125, "dvar2": 1252166.375, "dvar": 529136.1875, "dmean": 591.085998535, "max": 18174.0234375, "var": 809940.3125, "mean": 3451.84790039}, "spectral_centroid": {"dmean2": 476.886444092, "median": 2911.87133789, "min": 1475.15307617, "dvar2": 220856.15625, "dvar": 90771.484375, "dmean": 284.033172607, "max": 11023.8671875, "var": 136457.015625, "mean": 2872.06079102}, "pitch_salience": {"dmean2": 0.135162636638, "median": 0.62106692791, "min": 0.0875269323587, "dvar2": 0.0125562958419, "dvar": 0.00474704476073, "dmean": 0.0810042470694, "max": 0.981587409973, "var": 0.00816894415766, "mean": 0.604422569275}, "spectral_energyband_middle_high": {"dmean2": 0.00298469373956, "median": 0.00874154269695, "min": 1.45186161523e-21, "dvar2": 6.24714130026e-06, "dvar": 2.52168206316e-06, "dmean": 0.00184593943413, "max": 0.0278600752354, "var": 8.6493901108e-06, "mean": 0.00894657615572}, "spectral_contrast_coeffs": {"dmean2": [0.1082284078, 0.0834429711103, 0.0521342493594, 0.0604615099728, 0.0365998446941, 0.025731312111], "median": [-0.636231780052, -0.76632219553, -0.851107537746, -0.73317861557, -0.747959494591, -0.735719144344], "min": [-0.975170612335, -0.96904951334, -0.97065192461, -0.96975082159, -0.96655780077, -0.957280099392], "dvar2": [0.00713620148599, 0.00426004407927, 0.00166691036429, 0.00212204572745, 0.000819709151983, 0.000403933314374], "dvar": [0.00257376860827, 0.0015073812101, 0.000589760777075, 0.000779544177931, 0.000279002211755, 0.000147833503434], "dmean": [0.0639983937144, 0.0492892898619, 0.0314044579864, 0.0358840338886, 0.0216790158302, 0.0153211988509], "max": [-0.376435220242, -0.537668406963, -0.675778448582, -0.594728529453, -0.626833379269, -0.649425566196], "var": [0.00479010539129, 0.00340411160141, 0.00124586361926, 0.00179115368519, 0.000663163722493, 0.000592574710026], "mean": [-0.635782003403, -0.766024887562, -0.848507881165, -0.734747409821, -0.74813336134, -0.735169649124]}, "melbands_skewness": {"dmean2": 1.62702226639, "median": 1.8283880949, "min": -0.703087806702, "dvar2": 1.96369278431, "dvar": 0.781818985939, "dmean": 0.999097108841, "max": 12.2836112976, "var": 1.42528152466, "mean": 1.99749898911}, "spectral_spread": {"dmean2": 446512.03125, "median": 3254328, "min": 1891843.75, "dvar2": 354368159744, "dvar": 284662300672, "dmean": 283828.8125, "max": 40085968, "var": 702321590272, "mean": 3309627.5}, "dissonance": {"dmean2": 0.00446544121951, "median": 0.496148645878, "min": 0.322389960289, "dvar2": 2.40678837145e-05, "dvar": 1.28247866087e-05, "dmean": 0.00264096073806, "max": 0.500000119209, "var": 1.86997622222e-05, "mean": 0.495217740536}, "spectral_skewness": {"dmean2": 0.333887130022, "median": 1.2669801712, "min": 0.009416250512, "dvar2": 0.0743082687259, "dvar": 0.0266763716936, "dmean": 0.199218332767, "max": 2.90192317963, "var": 0.063008107245, "mean": 1.26509988308}, "spectral_flux": {"dmean2": 0.0371065922081, "median": 0.095181375742, "min": 1.03586368649e-10, "dvar2": 0.000970395456534, "dvar": 0.00043695649947, "dmean": 0.0228068232536, "max": 0.223446041346, "var": 0.000813247461338, "mean": 0.0993896052241}, "spectral_contrast_valleys": {"dmean2": [0.748255550861, 0.929938077927, 0.693668544292, 0.424756318331, 0.252834290266, 0.236795037985], "median": [-6.98537349701, -7.84438419342, -8.39827632904, -7.59829521179, -6.18696641922, -9.46400642395], "min": [-27.0554218292, -27.2794113159, -27.1754951477, -27.3247776031, -27.0901088715, -27.3016624451], "dvar2": [0.359255731106, 0.775587797165, 0.421027988195, 0.188268631697, 0.104098133743, 0.0811342075467], "dvar": [0.178322330117, 0.344490230083, 0.193239271641, 0.106813244522, 0.0823057368398, 0.0669636428356], "dmean": [0.453668177128, 0.567719936371, 0.417184829712, 0.253753453493, 0.154399290681, 0.153985112906], "max": [-5.58941698074, -5.72775173187, -6.62590837479, -6.46052837372, -5.43682384491, -8.53528118134], "var": [0.578514397144, 0.990839362144, 0.633372068405, 0.53768235445, 0.484473586082, 0.369776666164], "mean": [-7.06730079651, -7.88562440872, -8.41314125061, -7.64365959167, -6.26396846771, -9.50944137573]}, "erbbands_flatness_db": {"dmean2": 0.0252682995051, "median": 0.183756396174, "min": 0.0408641137183, "dvar2": 0.000443386874394, "dvar": 0.000189857993973, "dmean": 0.0158388651907, "max": 0.276681929827, "var": 0.000631562201306, "mean": 0.184037744999}, "spectral_energyband_high": {"dmean2": 0.000750398554374, "median": 0.00149772956502, "min": 7.82726116977e-21, "dvar2": 5.19445393365e-07, "dvar": 2.11270162254e-07, "dmean": 0.000462228083052, "max": 0.00822657067329, "var": 9.96224343908e-07, "mean": 0.00175338471308}, "spectral_entropy": {"dmean2": 0.130893290043, "median": 7.67667770386, "min": 7.23030662537, "dvar2": 0.0110030891374, "dvar": 0.00439778761938, "dmean": 0.0782749280334, "max": 9.80427837372, "var": 0.0202473271638, "mean": 7.68269920349}, "silence_rate_20dB": {"dmean2": 0, "median": 1, "min": 1, "dvar2": 0, "dvar": 0, "dmean": 0, "max": 1, "var": 0, "mean": 1}, "melbands_flatness_db": {"dmean2": 0.0557760000229, "median": 0.17046494782, "min": 0.00793047342449, "dvar2": 0.00201924145222, "dvar": 0.000824497197755, "dmean": 0.0346597246826, "max": 0.317060858011, "var": 0.00187155266758, "mean": 0.173551097512}, "barkbands": {"dmean2": [9.99378971756e-05, 0.00720363901928, 0.00605777045712, 0.00348025909625, 0.00427334802225, 0.000283732719254, 0.000218277826207, 0.000135175054311, 7.29497915017e-05, 3.80602250516e-05, 2.4272412702e-05, 5.73220313527e-05, 8.41536093503e-05, 0.000104842700239, 0.000156907757628, 0.00110483006574, 0.00137750385329, 0.00142996269278, 0.000754015811253, 0.00145747198258, 0.000300665647956, 9.85901933745e-05, 0.000105176593934, 6.30713620922e-05, 3.14278040605e-05, 1.69978902704e-05, 5.04360332343e-06], "median": [3.67700413335e-05, 0.00176103855483, 0.00372783956118, 0.00150443881284, 0.00118587375619, 0.00012337625958, 6.04035958531e-05, 1.42205462907e-05, 2.55565755651e-05, 1.6443165805e-05, 8.01671012596e-06, 1.62655614986e-05, 4.79725786136e-05, 0.000105527571577, 0.000148336723214, 0.00136143388227, 0.00169411208481, 0.00200104294345, 0.00102653540671, 0.00228622579016, 0.00040287853335, 0.00012071862875, 9.46354266489e-05, 9.47992448346e-05, 4.99681664223e-05, 2.44702914642e-05, 3.12883844344e-06], "min": [3.69605197138e-24, 3.15266746159e-23, 8.82730304233e-23, 3.9697702183e-23, 3.27236448218e-23, 1.05144379671e-22, 4.82178133225e-23, 3.98668339611e-23, 1.43062638843e-22, 4.72336967215e-23, 7.61366262775e-23, 2.35170148577e-23, 8.83359247255e-23, 5.78954926435e-23, 2.46413565334e-22, 1.43971192036e-22, 1.07984644961e-22, 1.93069023875e-22, 3.12462579143e-22, 3.04805705871e-22, 3.42097319184e-22, 6.47051381392e-22, 6.1618296387e-22, 8.48196169991e-22, 1.32925692908e-21, 1.72475881888e-21, 2.49946455548e-21], "dvar2": [1.16585150423e-08, 0.000101500816527, 3.74726514565e-05, 1.37167562571e-05, 3.70990746887e-05, 1.27801740746e-07, 1.1085557361e-07, 6.15584951902e-08, 1.4672033366e-08, 3.79467657297e-09, 2.3957804629e-09, 1.26936026135e-08, 1.29767681045e-08, 1.41709666224e-08, 3.43952066828e-08, 1.17957256407e-06, 1.73725572949e-06, 1.55571922278e-06, 4.20128912992e-07, 1.49684467488e-06, 1.17661301147e-07, 1.38852529474e-08, 2.62926569405e-08, 5.18969489605e-09, 1.32377220297e-09, 4.90108620355e-10, 5.53644005641e-11], "dvar": [4.22109591725e-09, 4.02108998969e-05, 1.38966379382e-05, 4.96376196679e-06, 1.37105207614e-05, 4.96728738142e-08, 4.66328131665e-08, 2.74120193211e-08, 5.6042703811e-09, 1.56679913488e-09, 9.49624379132e-10, 5.20738829834e-09, 4.93551333136e-09, 5.56482859793e-09, 1.33918902634e-08, 4.48778735063e-07, 6.49765979688e-07, 5.62014690786e-07, 1.51571839524e-07, 5.3856319937e-07, 4.46814887312e-08, 5.16243714443e-09, 1.11099236477e-08, 2.18029172494e-09, 6.42222053315e-10, 2.33545210948e-10, 2.1288176083e-11], "dmean": [5.73093711864e-05, 0.00424261391163, 0.00355823268183, 0.00195897114463, 0.00238579954021, 0.00016739097191, 0.000133402107167, 8.07025644463e-05, 4.46603626187e-05, 2.34488106798e-05, 1.42875596794e-05, 3.40799233527e-05, 4.97997971252e-05, 6.13308875472e-05, 9.17763754842e-05, 0.000654480943922, 0.000820886634756, 0.000840240798425, 0.000443222466856, 0.000864706584252, 0.0001809867681, 5.91344942222e-05, 6.51797963656e-05, 4.07651023124e-05, 2.08659475902e-05, 1.1486558833e-05, 3.07481354866e-06], "max": [0.000532591424417, 0.0554750412703, 0.0317836254835, 0.0172998402268, 0.0250217467546, 0.00227911630645, 0.00291835493408, 0.00466572539881, 0.00107657979243, 0.000522314512637, 0.000954565999564, 0.00222599552944, 0.00143085641321, 0.00235910573974, 0.00286447815597, 0.01497709658, 0.0115131139755, 0.0108665553853, 0.00448819855228, 0.0107322093099, 0.00425010640174, 0.00138478376903, 0.00213602348231, 0.00103040866088, 0.000475614302559, 0.000327755522449, 9.4895811344e-05], "var": [4.43576375631e-09, 3.73480397684e-05, 1.97637655219e-05, 4.73509362564e-06, 9.97307779471e-06, 7.12297421046e-08, 8.43041689791e-08, 4.55010891187e-08, 7.25534787804e-09, 2.32221197827e-09, 1.10473274972e-09, 7.17783965598e-09, 8.22036128056e-09, 8.18774026357e-09, 2.59279762105e-08, 7.57019449793e-07, 1.39521364417e-06, 9.61716182246e-07, 2.38697282384e-07, 9.77811168923e-07, 1.223072843e-07, 1.42439731121e-08, 3.30393810088e-08, 1.17632774632e-08, 2.89923907104e-09, 9.12802278208e-10, 5.86084167309e-11], "mean": [6.02259933657e-05, 0.00413809483871, 0.00497743114829, 0.0021745134145, 0.00224354560487, 0.000218043176574, 0.000189207625226, 8.73835961102e-05, 5.90783420193e-05, 3.39326543326e-05, 1.79710623343e-05, 4.2767085688e-05, 7.73772771936e-05, 0.000122192344861, 0.000185059470823, 0.00151090370491, 0.00193965551443, 0.00213044765405, 0.00109964550938, 0.0024099657312, 0.000497082306538, 0.000155862144311, 0.000158161608852, 0.000128882107674, 6.6434549808e-05, 3.41304621543e-05, 5.68287350688e-06]}, "erbbands_skewness": {"dmean2": 0.639736533165, "median": -2.21753764153, "min": -3.84125757217, "dvar2": 0.321123123169, "dvar": 0.116141401231, "dmean": 0.386971145868, "max": -0.274328827858, "var": 0.226320073009, "mean": -2.18402576447}, "erbbands_spread": {"dmean2": 16.343372345, "median": 19.8155784607, "min": 5.46298456192, "dvar2": 263.266448975, "dvar": 100.380912781, "dmean": 9.6938829422, "max": 102.755996704, "var": 125.228401184, "mean": 22.7697696686}, "melbands_kurtosis": {"dmean2": 8.54349136353, "median": 1.68230021, "min": -1.87666499615, "dvar2": 139.238769531, "dvar": 52.0121154785, "dmean": 5.04745531082, "max": 167.042526245, "var": 78.7083129883, "mean": 3.96076393127}, "melbands": {"dmean2": [0.00177041930147, 0.00270376633853, 0.00175319937989, 0.00113597477321, 0.000104077633296, 5.56895392947e-05, 4.02571458835e-05, 4.22860648541e-05, 1.90437367564e-05, 8.96825440577e-06, 7.45228317101e-06, 3.08200196741e-06, 3.67916481991e-06, 6.04482602284e-06, 8.01320584287e-06, 8.45382328407e-06, 1.09233096737e-05, 6.88265254212e-06, 1.56958976731e-05, 7.76049128035e-05, 6.28940324532e-05, 7.35351568437e-05, 0.000118520925753, 5.32363446837e-05, 5.21126967215e-05, 1.58127859322e-05, 6.74383190926e-05, 4.0781313146e-05, 1.04312721305e-05, 8.39635504235e-06, 8.01520582172e-06, 2.91496075988e-06, 1.40665952131e-06, 3.49323045157e-06, 1.12868224278e-06, 8.59172416767e-07, 1.24303028315e-06, 6.89181831603e-07, 4.35484764694e-07, 3.85385050095e-07], "median": [0.000446406775154, 0.00156652822625, 0.00115021714009, 0.000304864137433, 5.74982077524e-05, 2.43317499553e-05, 1.28475867314e-05, 1.03596257759e-05, 3.45205057783e-06, 3.21455036101e-06, 3.19746436617e-06, 1.44313548844e-06, 1.18595721688e-06, 1.60997637977e-06, 2.78127458841e-06, 5.67810047869e-06, 1.06430725282e-05, 6.18520061835e-06, 1.66567606357e-05, 8.46137918415e-05, 6.85729100951e-05, 8.60369109432e-05, 0.000160341427545, 7.13653062121e-05, 6.30726644886e-05, 2.41782181547e-05, 8.68696079124e-05, 5.97764446866e-05, 1.29941527121e-05, 9.50375761022e-06, 8.7828047981e-06, 3.00609281112e-06, 1.72276020294e-06, 2.47767320616e-06, 1.093517767e-06, 1.06456002413e-06, 1.43941679198e-06, 9.52582240643e-07, 5.87713429923e-07, 4.99320606195e-07], "min": [5.5789185906e-24, 3.40284617798e-23, 2.24668942648e-23, 7.4855318