{"tonal": {"thpcp": [1, 0.838491678238, 0.793202221394, 0.728494107723, 0.6087667346, 0.598616659641, 0.640623092651, 0.676219165325, 0.833164572716, 0.99808460474, 0.897935390472, 0.665879428387, 0.472784459591, 0.388361543417, 0.401171684265, 0.451572656631, 0.470797657967, 0.571118652821, 0.749306023121, 0.685677587986, 0.523225009441, 0.46489867568, 0.435260653496, 0.526061534882, 0.623107790947, 0.566042780876, 0.483821332455, 0.371280938387, 0.252751290798, 0.298908829689, 0.44560495019, 0.474677711725, 0.590244054794, 0.75027513504, 0.776023745537, 0.943125009537], "hpcp": {"dmean2": [0.380058199167, 0.349078148603, 0.345834881067, 0.372624069452, 0.379984676838, 0.401929050684, 0.446443021297, 0.441857606173, 0.380052387714, 0.275140166283, 0.220354110003, 0.201832279563, 0.197885304689, 0.206218928099, 0.257162958384, 0.309025615454, 0.283335387707, 0.237731143832, 0.220068350434, 0.211055696011, 0.247285351157, 0.270827442408, 0.255101144314, 0.24237409234, 0.194878384471, 0.136878445745, 0.152048885822, 0.217025354505, 0.244814872742, 0.290177196264, 0.334873497486, 0.348128855228, 0.445527642965, 0.4797988832, 0.430193692446, 0.410106867552], "median": [0.125327169895, 0.100464299321, 0.0956441611052, 0.102846488357, 0.112148582935, 0.154423713684, 0.202244520187, 0.186118036509, 0.128045037389, 0.0939571708441, 0.0792114287615, 0.0896523445845, 0.102237835526, 0.106777831912, 0.134899541736, 0.167872950435, 0.155170693994, 0.120439857244, 0.102715462446, 0.0993816331029, 0.118988513947, 0.133314266801, 0.123928338289, 0.10866458714, 0.0800764411688, 0.0503959171474, 0.0556251779199, 0.0731416344643, 0.0891165435314, 0.120327025652, 0.142502203584, 0.178533658385, 0.218643814325, 0.23171916604, 0.197716057301, 0.157990813255], "min": [0, 0, 0, 0, 0, 0, 0, 0, 0, 0, 0, 0, 0, 0, 0, 0, 0, 0, 0, 0, 0, 0, 0, 0, 0, 0, 0, 0, 0, 0, 0, 0, 0, 0, 0, 0], "dvar2": [0.175917893648, 0.16303384304, 0.169497415423, 0.173540994525, 0.169901654124, 0.169027477503, 0.176384463906, 0.193026795983, 0.173370495439, 0.127099841833, 0.110449418426, 0.0843452885747, 0.0633722096682, 0.0669995546341, 0.0769104659557, 0.100089028478, 0.0849198326468, 0.0763278976083, 0.0719323530793, 0.0647977665067, 0.0794415771961, 0.0924785137177, 0.0837182924151, 0.0784664079547, 0.0614221543074, 0.0458662882447, 0.0483656078577, 0.0867050215602, 0.100047960877, 0.112602315843, 0.133801862597, 0.117416277528, 0.157909929752, 0.18620428443, 0.170270219445, 0.16987067461], "dvar": [0.0665017440915, 0.059255015105, 0.0616807043552, 0.0650788545609, 0.0643729716539, 0.0646634623408, 0.0696097388864, 0.070951834321, 0.0643257275224, 0.0460951328278, 0.0392501689494, 0.029719164595, 0.0229019280523, 0.0243531726301, 0.0282229054719, 0.0405641794205, 0.0342724658549, 0.0277256462723, 0.025455461815, 0.0226616803557, 0.0284617673606, 0.0354319028556, 0.030563082546, 0.0286940541118, 0.0218579508364, 0.0161879342049, 0.0171646717936, 0.0322680808604, 0.0359085798264, 0.0416291542351, 0.053120534867, 0.0451155900955, 0.0613985210657, 0.0715345442295, 0.0620299428701, 0.0635017380118], "dmean": [0.217332705855, 0.194946378469, 0.193436473608, 0.208650752902, 0.215515226126, 0.232144504786, 0.255923509598, 0.250070780516, 0.209913790226, 0.152063786983, 0.122353456914, 0.113585092127, 0.114183969796, 0.119290947914, 0.149831116199, 0.184340447187, 0.169179841876, 0.137355908751, 0.125757157803, 0.120232336223, 0.142532736063, 0.158607527614, 0.148937165737, 0.139949247241, 0.11198426038, 0.0780753716826, 0.0880559384823, 0.126518175006, 0.139403969049, 0.165582343936, 0.193465545774, 0.202046632767, 0.256144791842, 0.275384992361, 0.242659792304, 0.233155295253], "max": [1, 1, 1, 1, 1, 1, 1, 1, 1, 1, 1, 1, 1, 1, 1, 1, 1, 1, 1, 1, 1, 1, 1, 1, 1, 1, 1, 1, 1, 1, 1, 1, 1, 1, 1, 1], "var": [0.0816315412521, 0.0630119666457, 0.0657501444221, 0.0701493918896, 0.0717394649982, 0.0843828469515, 0.0997289568186, 0.0835353881121, 0.0605457946658, 0.0379162579775, 0.0294074770063, 0.0238100886345, 0.0254892706871, 0.0274182781577, 0.0327975787222, 0.0578924119473, 0.0490954741836, 0.0309540554881, 0.0262754298747, 0.0225806385279, 0.0334034636617, 0.0501962974668, 0.0381809100509, 0.0311332084239, 0.0206168666482, 0.0135691110045, 0.0169106740505, 0.0399389714003, 0.0373091511428, 0.0475201420486, 0.0750811845064, 0.0598914884031, 0.0820735543966, 0.092943251133, 0.0717864781618, 0.0771183669567], "mean": [0.246105179191, 0.205658003688, 0.202229037881, 0.216419950128, 0.228445261717, 0.281465709209, 0.337180197239, 0.303347051144, 0.224952220917, 0.159719482064, 0.131199121475, 0.13552673161, 0.15255355835, 0.159048289061, 0.192939460278, 0.253136008978, 0.231640592217, 0.176759675145, 0.157055452466, 0.147042915225, 0.177717939019, 0.210502803326, 0.191224679351, 0.163448035717, 0.125428825617, 0.0853862762451, 0.100979551673, 0.150537505746, 0.160359069705, 0.199400544167, 0.253463387489, 0.262161970139, 0.318613350391, 0.337827265263, 0.283265352249, 0.267965346575]}, "tuning_equal_tempered_deviation": 0.139345765114, "chords_changes_rate": 0.0891321375966, "key_key": "G#", "tuning_diatonic_strength": 0.377318203449, "key_scale": "minor", "chords_number_rate": 0.00351837370545, "tuning_frequency": 441.272583008, "tuning_nontempered_energy_ratio": 0.840735197067, "chords_histogram": [4.14386224747, 0, 0, 0, 0, 0, 0, 0, 0.0390930399299, 1.01641905308, 12.9397964478, 0, 0, 0, 0.508209526539, 0, 2.07193112373, 30.8444099426, 1.40734946728, 0.23455825448, 0.1954652071, 1.48553562164, 13.2134475708, 31.8999214172], "key_strength": 0.457646548748, "chords_key": "E", "chords_strength": {"dmean2": 0.0155921224505, "median": 0.522464632988, "min": 0.243178039789, "dvar2": 0.000169850100065, "dvar": 0.000112737521704, "dmean": 0.0132586434484, "max": 0.763537704945, "var": 0.00937655661255, "mean": 0.514404952526}, "chords_scale": "major", "hpcp_entropy": {"dmean2": 1.16956818104, "median": 2.96042704582, "min": 0, "dvar2": 0.860296428204, "dvar": 0.315856993198, "dmean": 0.697850584984, "max": 4.68350028992, "var": 0.653307974339, "mean": 2.88498330116}}, "metadata": {"audio_properties": {"equal_loudness": 0, "codec": "flac", "downmix": "mix", "sample_rate": 44100, "analysis_sample_rate": 44100, "bit_rate": 0, "md5_encoded": "2c9e89f640b7e72290fb6918c346f5ce", "length": 118.733329773, "replay_gain": -15.3259925842, "lossless": true}, "version": {"essentia_build_sha": "70f2e5ece6736b2c40cc944ad0e695b16b925413", "essentia": "2.1-beta2", "extractor": "music 1.0", "essentia_git_sha": "v2.1_beta2"}, "tags": {"title": ["I Never Changed"], "language": ["eng"], "albumartist": ["The Exploited"], "tracktotal": ["13"], "musicbrainz_releasegroupid": ["61340cd4-eb78-360e-9924-0d1e39b7b025"], "releasetype": ["album"], "musicbrainz_recordingid": ["1c26cfc1-93a6-484f-8422-08a677b272cb"], "artistsort": ["Exploited, The"], "musicbrainz_albumartistid": ["9876cc18-e3c4-487a-b330-e67b08eee2b2"], "discnumber": ["1"], "album": ["Fuck the System"], "releasecountry": ["US"], "file_name": "09. I Never Changed.flac", "originaldate": ["2002-10-08"], "albumartistsort": ["Exploited, The"], "date": ["2002-10-08"], "genre": ["Punk"], "musicip_puid": ["91318947-0d50-71dc-1387-79b8cc5b709a"], "musicbrainz_artistid": ["9876cc18-e3c4-487a-b330-e67b08eee2b2"], "asin": ["B00008NGBY"], "musicbrainz_albumid": ["480e6783-1e8d-43f2-bad6-700dc0eae5f1"], "tracknumber": ["9"], "encodedby": ["-=udachee=-"], "disctotal": ["1"], "artist": ["The Exploited"], "owner": ["-=udachee=-"], "releasestatus": ["official"], "totaldiscs": ["1"], "script": ["Latn"], "totaltracks": ["13"]}}, "rhythm": {"bpm_histogram_first_peak_bpm": {"dmean2": 0, "median": 91, "min": 91, "dvar2": 0, "dvar": 0, "dmean": 0, "max": 91, "var": 0, "mean": 91}, "bpm": 89.9455108643, "bpm_histogram_second_peak_spread": {"dmean2": 0, "median": 0, "min": 0, "dvar2": 0, "dvar": 0, "dmean": 0, "max": 0, "var": 0, "mean": 0}, "bpm_histogram_first_peak_weight": {"dmean2": 0, "median": 0.5, "min": 0.5, "dvar2": 0, "dvar": 0, "dmean": 0, "max": 0.5, "var": 0, "mean": 0.5}, "onset_rate": 3.19166374207, "beats_position": [0.673378646374, 1.35836732388, 2.04335594177, 2.72834467888, 3.42494320869, 4.1099319458, 4.79492044449, 5.50312900543, 6.19972801208, 6.87310647964, 7.5464849472, 8.20825386047, 8.88163280487, 9.55501079559, 10.2167797089, 10.8901586533, 11.5635375977, 12.2369155884, 12.8986845016, 13.5604534149, 14.2338323593, 14.90721035, 15.5689792633, 16.2307472229, 16.8925170898, 17.5658950806, 18.2276649475, 18.9010429382, 19.5628108978, 20.2245807648, 20.8863487244, 21.548116684, 22.221496582, 22.8948745728, 23.5566444397, 24.2184123993, 24.89179039, 25.553560257, 26.2037181854, 26.865486145, 27.5388660431, 28.2122440338, 28.8740139008, 29.5357818604, 30.2091598511, 30.8593196869, 31.5326976776, 32.2060775757, 32.8794555664, 33.5760536194, 34.2494316101, 34.9112014771, 35.572971344, 36.2347373962, 36.8965072632, 37.5582771301, 38.2200431824, 38.8818130493, 39.55519104, 40.216960907, 40.8903388977, 41.5637168884, 42.2370948792, 42.9104766846, 43.560634613, 44.2340126038, 44.8957824707, 45.5575485229, 46.2077102661, 46.8694763184, 47.5312461853, 48.204624176, 48.8780021667, 49.5397720337, 50.2015419006, 50.8749198914, 51.5599098206, 52.2565078735, 52.9647140503, 53.661315918, 54.3463020325, 55.0196800232, 55.6814498901, 56.3548278809, 57.0282058716, 57.701587677, 58.3749656677, 59.0483436584, 59.7333335876, 60.4183197021, 61.0916976929, 61.7534675598, 62.4152374268, 63.0886154175, 63.7619934082, 64.4237594604, 65.0855331421, 65.7472991943, 66.409072876, 67.0824508667, 67.7442169189, 68.4059829712, 69.0793609619, 69.7527389526, 70.4145126343, 71.0762786865, 71.7496566772, 72.4114303589, 73.0731964111, 73.7465744019, 74.4199523926, 75.0701141357, 75.7434921265, 76.4052581787, 77.0670318604, 77.7287979126, 78.3905639648, 79.0639419556, 79.7373199463, 80.3990936279, 81.0608596802, 81.7342376709, 82.4076156616, 83.0693893433, 83.7311553955, 84.4045333862, 85.0662994385, 85.7280731201, 86.4014511108, 87.0632171631, 87.7249908447, 88.3751449585, 89.0253067017, 89.6638565063, 90.3023986816, 90.9409484863, 91.579498291, 92.2296600342, 92.9030380249, 93.5764160156, 94.2265777588, 94.8767318726, 95.5384979248, 96.2002716064, 96.8736495972, 97.5470275879, 98.2204055786, 98.8937835693, 99.555557251, 100.217323303, 100.890701294, 101.552467346, 102.225845337, 102.887619019, 103.560997009, 104.211151123, 104.884536743, 105.557914734, 106.219680786, 106.881446838, 107.54322052, 108.204986572, 108.855148315, 109.505302429, 110.201904297, 110.875282288, 111.53704834, 112.198822021, 112.872200012, 113.545578003, 114.207344055, 114.869110107, 115.530883789, 116.192649841, 116.854415894, 117.516189575, 118.189567566], "beats_loudness": {"dmean2": 0.0103570213541, "median": 0.0191707201302, "min": 1.10102803319e-06, "dvar2": 0.000227461569011, "dvar": 7.97382963356e-05, "dmean": 0.00598861835897, "max": 0.0783463716507, "var": 7.72698986111e-05, "mean": 0.0213175918907}, "danceability": 1.2841129303, "bpm_histogram_second_peak_weight": {"dmean2": 0, "median": 0.0454545468092, "min": 0.0454545468092, "dvar2": 0, "dvar": 0, "dmean": 0, "max": 0.0454545468092, "var": 0, "mean": 0.0454545468092}, "beats_count": 177, "bpm_histogram_second_peak_bpm": {"dmean2": 0, "median": 86, "min": 86, "dvar2": 0, "dvar": 0, "dmean": 0, "max": 86, "var": 0, "mean": 86}, "bpm_histogram_first_peak_spread": {"dmean2": 0, "median": 0.476190447807, "min": 0.476190447807, "dvar2": 0, "dvar": 0, "dmean": 0, "max": 0.476190447807, "var": 0, "mean": 0.476190447807}, "beats_loudness_band_ratio": {"dmean2": [0.227452158928, 0.108369901776, 0.0559518970549, 0.140318065882, 0.168261691928, 0.136915057898], "median": [0.242876976728, 0.165136426687, 0.0572611652315, 0.10003465414, 0.241453200579, 0.192952916026], "min": [0.0650217458606, 0.00472969841212, 0.00113081838936, 0.00123395968694, 0.00197395472787, 0.00285491603427], "dvar2": [0.0591108202934, 0.00838046241552, 0.00454211235046, 0.0238197948784, 0.0200582388788, 0.0145561695099], "dvar": [0.0206067096442, 0.0032398274634, 0.0015301045496, 0.00796355400234, 0.00668413145468, 0.00462506525218], "dmean": [0.132855668664, 0.064946860075, 0.032452583313, 0.0792386978865, 0.0979136228561, 0.0775697305799], "max": [0.990185201168, 0.381785452366, 0.3366984725, 0.484319835901, 0.553846478462, 0.48201957345], "var": [0.023741222918, 0.00688092643395, 0.00145915953908, 0.00845008250326, 0.00876492913812, 0.00596684264019], "mean": [0.269479900599, 0.165205180645, 0.0625004917383, 0.130477294326, 0.25283357501, 0.205245792866]}}, "lowlevel": {"barkbands_spread": {"dmean2": 12.0551404953, "median": 44.6416511536, "min": 1.76616561413, "dvar2": 121.902610779, "dvar": 48.2875289917, "dmean": 7.41136789322, "max": 95.1536865234, "var": 115.979888916, "mean": 43.2968521118}, "melbands_spread": {"dmean2": 23.2167034149, "median": 60.3020591736, "min": 0.839892685413, "dvar2": 379.946899414, "dvar": 174.045318604, "dmean": 14.5106658936, "max": 161.61239624, "var": 479.643096924, "mean": 58.5070991516}, "hfc": {"dmean2": 19.8428821564, "median": 32.4122619629, "min": 1.55381655986e-06, "dvar2": 448.846679688, "dvar": 168.654602051, "dmean": 11.4735946655, "max": 121.525482178, "var": 318.01663208, "mean": 34.9243850708}, "barkbands_kurtosis": {"dmean2": 1.40253174305, "median": -1.17978692055, "min": -1.82877790928, "dvar2": 13.049041748, "dvar": 6.18949651718, "dmean": 0.869502186775, "max": 129.301605225, "var": 11.1965713501, "mean": -0.558377146721}, "gfcc": {"mean": [41.1765327454, 48.9637565613, -133.718475342, 53.8969993591, -40.3664512634, 14.6781845093, -26.0393600464, 12.2844028473, -26.8313179016, -3.42382502556, -20.7838878632, 2.20849967003, -13.9476413727], "icov": [[0.000365565298125, -0.000314925040584, 0.000563771463931, -0.000556707556825, 0.000448493432486, -0.000642673112452, 0.000687196676154, -0.000800056150183, 0.000935091346037, -0.00145908095874, 0.00166532979347, -0.00119492982049, 0.000875589670613], [-0.000314925040584, 0.00528047373518, 0.000322109059198, 0.000663407030515, -0.00297856330872, 0.00329016987234, -0.00380516750738, 0.00297025754116, -0.0039564142935, 0.00412510661408, -0.00738863321021, 0.00731783593073, -0.00360685563646], [0.000563771463931, 0.000322109059198, 0.00600352045149, -0.00252687558532, -0.000882209453266, -0.00276800221764, 0.00208550319076, -0.00269118743017, 0.00394010124728, -0.00564010301605, 0.00640448415652, -0.00617034966126, 0.00551259564236], [-0.000556707556825, 0.000663407030515, -0.00252687558532, 0.00755511038005, -0.000908174552023, 0.000808258133475, -0.00529686221853, 0.00542767206207, -0.00810671597719, 0.00625007366762, -0.00677829608321, 0.00499102519825, -0.00195877160877], [0.000448493432486, -0.00297856330872, -0.000882209453266, -0.000908174552023, 0.0123466746882, -0.00321655347943, -0.00033653259743, -0.00739031005651, 0.00495588546619, -0.0061710444279, 0.00799862295389, -0.00531200878322, 0.0016139424406], [-0.000642673112452, 0.00329016987234, -0.00276800221764, 0.000808258133475, -0.00321655347943, 0.0151581605896, -0.00727131031454, -0.000337361620041, -0.00169753981754, 0.00577111076564, -0.00854312255979, 0.00843834038824, -0.00726724369451], [0.000687196676154, -0.00380516750738, 0.00208550319076, -0.00529686221853, -0.00033653259743, -0.00727131031454, 0.0190996192396, -0.00668709725142, 0.00466092536226, -0.00682465313002, 0.00939046312124, -0.0100341122597, 0.00409304583445], [-0.000800056150183, 0.00297025754116, -0.00269118743017, 0.00542767206207, -0.00739031005651, -0.000337361620041, -0.00668709725142, 0.0215757116675, -0.0126443747431, 0.00662509119138, -0.00828799419105, 0.00548506015912, -0.00248859357089], [0.000935091346037, -0.0039564142935, 0.00394010124728, -0.00810671597719, 0.00495588546619, -0.00169753981754, 0.00466092536226, -0.0126443747431, 0.0353587083519, -0.0197868477553, 0.0117833828554, -0.00364553881809, -0.00142454309389], [-0.00145908095874, 0.00412510661408, -0.00564010301605, 0.00625007366762, -0.0061710444279, 0.00577111076564, -0.00682465313002, 0.00662509119138, -0.0197868477553, 0.0354188494384, -0.025042001158, 0.00856951158494, -0.00129275524523], [0.00166532979347, -0.00738863321021, 0.00640448415652, -0.00677829608321, 0.00799862295389, -0.00854312255979, 0.00939046312124, -0.00828799419105, 0.0117833828554, -0.025042001158, 0.0506727099419, -0.0276397578418, 0.0108176199719], [-0.00119492982049, 0.00731783593073, -0.00617034966126, 0.00499102519825, -0.00531200878322, 0.00843834038824, -0.0100341122597, 0.00548506015912, -0.00364553881809, 0.00856951158494, -0.0276397578418, 0.0515907928348, -0.0261128358543], [0.000875589670613, -0.00360685563646, 0.00551259564236, -0.00195877160877, 0.0016139424406, -0.00726724369451, 0.00409304583445, -0.00248859357089, -0.00142454309389, -0.00129275524523, 0.0108176199719, -0.0261128358543, 0.0387257114053]], "cov": [[3895.69140625, 53.2462234497, -177.495880127, 109.443771362, -45.1148033142, 53.0641326904, -7.42326974869, 51.0064964294, 24.9126987457, 78.2106246948, -22.6085834503, -9.29883480072, -32.847114563], [53.2462234497, 419.279571533, -173.688323975, 78.146194458, -1.7930535078, -52.1549797058, 37.490032196, -34.3288879395, 44.4322242737, -9.27827262878, 32.2587432861, -35.7960319519, 18.8194694519], [-177.495880127, -173.688323975, 430.152770996, 30.3865070343, 142.078369141, 105.323379517, 62.4277038574, 93.178352356, -8.25934886932, 51.1455612183, -18.1602668762, 35.6247291565, -28.1275367737], [109.443771362, 78.146194458, 30.3865070343, 262.493682861, 11.0780210495, 32.3868560791, 68.3529815674, -8.98619365692, 47.2802810669, 4.2309627533, 14.7213916779, -7.53785705566, 4.25497722626], [-45.1148033142, -1.7930535078, 142.078369141, 11.0780210495, 200.223175049, 81.1733016968, 80.3784713745, 96.7638397217, 11.5252971649, 34.4306182861, -7.3468503952, 20.679479599, 3.36954426765], [53.0641326904, -52.1549797058, 105.323379517, 32.3868560791, 81.1733016968, 143.391571045, 71.4829483032, 63.9209785461, 6.2308382988, 12.7160797119, 0.486983597279, 14.1038665771, 10.694108963], [-7.42326974869, 37.490032196, 62.4277038574, 68.3529815674, 80.3784713745, 71.4829483032, 127.599723816, 58.2453384399, 21.4849529266, 20.5417289734, 3.79473662376, 15.4693965912, 9.39858150482], [51.0064964294, -34.3288879395, 93.178352356, -8.98619365692, 96.7638397217, 63.9209785461, 58.2453384399, 121.871322632, 25.1284503937, 28.3720149994, 0.662809789181, 15.1023664474, 3.43903422356], [24.9126987457, 44.4322242737, -8.25934886932, 47.2802810669, 11.5252971649, 6.2308382988, 21.4849529266, 25.1284503937, 62.2648048401, 29.191986084, 10.2782793045, -1.09932136536, 6.82772684097], [78.2106246948, -9.27827262878, 51.1455612183, 4.2309627533, 34.4306182861, 12.7160797119, 20.5417289734, 28.3720149994, 29.191986084, 73.1409606934, 24.6797847748, 12.2990503311, -4.18089103699], [-22.6085834503, 32.2587432861, -18.1602668762, 14.7213916779, -7.3468503952, 0.486983597279, 3.79473662376, 0.662809789181, 10.2782793045, 24.6797847748, 47.4416656494, 16.0390663147, 5.64934110641], [-9.29883480072, -35.7960319519, 35.6247291565, -7.53785705566, 20.679479599, 14.1038665771, 15.4693965912, 15.1023664474, -1.09932136536, 12.2990503311, 16.0390663147, 47.1822509766, 20.2490825653], [-32.847114563, 18.8194694519, -28.1275367737, 4.25497722626, 3.36954426765, 10.694108963, 9.39858150482, 3.43903422356, 6.82772684097, -4.18089103699, 5.64934110641, 20.2490825653, 45.818862915]]}, "spectral_energyband_middle_low": {"dmean2": 0.00285938498564, "median": 0.00322379730642, "min": 8.29115109902e-11, "dvar2": 1.09073580461e-05, "dvar": 4.11344990425e-06, "dmean": 0.00170147093013, "max": 0.0195848233998, "var": 5.93688855588e-06, "mean": 0.00374355306849}, "melbands_crest": {"dmean2": 6.18680381775, "median": 12.7815675735, "min": 2.79885435104, "dvar2": 23.6293373108, "dvar": 10.4203577042, "dmean": 3.88971495628, "max": 31.3707485199, "var": 29.4557151794, "mean": 13.3677082062}, "spectral_kurtosis": {"dmean2": 2.05414867401, "median": 3.95687627792, "min": -1.23418176174, "dvar2": 3.98922395706, "dvar": 1.35806238651, "dmean": 1.21291458607, "max": 25.5535907745, "var": 2.14713263512, "mean": 4.01899242401}, "spectral_rms": {"dmean2": 0.00125075690448, "median": 0.00444512860849, "min": 6.10916458754e-07, "dvar2": 1.64658433732e-06, "dvar": 6.76169349845e-07, "dmean": 0.000803001050372, "max": 0.009761326015, "var": 1.42138958381e-06, "mean": 0.00456745550036}, "zerocrossingrate": {"dmean2": 0.0139888329431, "median": 0.10009765625, "min": 0.01220703125, "dvar2": 0.000140538686537, "dvar": 0.000101949932287, "dmean": 0.0119486637414, "max": 0.34423828125, "var": 0.000696119095664, "mean": 0.100929789245}, "silence_rate_60dB": {"dmean2": 0.00312927830964, "median": 0, "min": 0, "dvar2": 0.0031195404008, "dvar": 0.00156184576917, "dmean": 0.00156433321536, "max": 1, "var": 0.0134977381676, "mean": 0.0136852394789}, "erbbands_kurtosis": {"dmean2": 1.51754653454, "median": 1.18951702118, "min": -1.55968296528, "dvar2": 2.51401495934, "dvar": 1.04320597649, "dmean": 0.943681895733, "max": 10.6569137573, "var": 2.23026251793, "mean": 1.44442915916}, "erbbands": {"dmean2": [0.184919312596, 1.50781071186, 4.56814861298, 4.27344417572, 5.44390201569, 5.24717378616, 2.5689842701, 3.07703995705, 4.47225618362, 7.11421394348, 4.33464622498, 6.65831661224, 11.3006868362, 34.3536148071, 27.1449279785, 16.5278091431, 17.94672966, 21.5384521484, 34.3340034485, 36.6504211426, 45.8631477356, 64.0735168457, 40.9307899475, 53.4477310181, 41.9341926575, 45.4697380066, 39.2446174622, 45.8102874756, 25.6708297729, 13.399023056, 5.26776885986, 2.6226978302, 1.28834402561, 0.451466917992, 0.187398612499, 0.122297011316, 0.0457696579397, 0.00644866935909, 0.000626154534984, 4.39907453256e-05], "median": [0.0231368467212, 0.354774564505, 2.19181036949, 2.62399196625, 2.51928448677, 2.13808083534, 1.72798848152, 2.07324743271, 2.77897500992, 3.56049060822, 3.83892512321, 6.03147554398, 9.02736186981, 10.2015638351, 18.865316391, 15.4533481598, 12.4909563065, 17.036026001, 22.5947494507, 23.6304664612, 52.5969734192, 68.7073059082, 49.1287994385, 71.9297866821, 56.7071495056, 34.1364784241, 23.1920547485, 17.1954612732, 10.8953752518, 7.71946668625, 3.82882475853, 2.18642425537, 1.38086330891, 0.657265365124, 0.261099874973, 0.126843452454, 0.0470991395414, 0.00715584820136, 0.000682517827954, 7.44630378904e-05], "min": [1.446107456e-09, 8.90271589782e-09, 2.84822299079e-08, 5.3920505394e-08, 8.77756392015e-08, 1.40695831874e-07, 1.53346704224e-07, 1.35593737127e-07, 9.06083172936e-08, 2.87771033669e-08, 4.09964791004e-08, 1.96560261401e-08, 4.57283846345e-08, 2.49960379506e-07, 2.89463713443e-07, 5.52093126771e-08, 5.49630172486e-08, 1.9117690897e-07, 5.14556461439e-07, 1.25362100789e-06, 3.22751617432e-07, 3.76471518848e-07, 7.02754391568e-07, 4.04427737521e-07, 1.1316524251e-06, 6.25660902642e-07, 1.58250998084e-07, 6.03413639055e-07, 5.04980278038e-07, 1.76734317847e-07, 1.34703526555e-07, 2.75575871456e-07, 4.56270214499e-07, 1.38327749255e-07, 1.43151638099e-07, 5.77241188182e-08, 3.54171163508e-08, 1.81332975302e-08, 4.9149537773e-09, 3.02079194991e-10], "dvar2": [0.0903175622225, 5.24256086349, 40.3123245239, 28.7241802216, 53.3579788208, 66.3774719238, 12.2023839951, 21.9662952423, 82.810874939, 233.40411377, 33.1387672424, 223.625457764, 617.497619629, 6918.83496094, 1921.88476562, 364.005615234, 983.753540039, 2862.41772461, 4487.56835938, 5920.60351562, 3815.53369141, 9094.16113281, 2187.55004883, 2729.25708008, 1694.36401367, 3190.60986328, 2169.84448242, 2992.02539062, 1103.16796875, 295.499206543, 43.5764579773, 9.59837722778, 5.54545927048, 0.527345120907, 0.171151578426, 0.0731771290302, 0.00817636586726, 0.000120332791994, 1.19522451314e-06, 3.31763527761e-09], "dvar": [0.0378533750772, 2.37390637398, 15.1714687347, 10.4283103943, 20.0321063995, 24.7299232483, 4.97779464722, 8.53091907501, 32.9878883362, 97.8845214844, 12.4611358643, 79.3302154541, 258.734161377, 3364.03759766, 824.663452148, 138.094711304, 400.892089844, 1347.40661621, 1895.80834961, 2407.84033203, 1592.32678223, 3559.4296875, 864.329406738, 1009.98895264, 620.876037598, 1155.08422852, 806.910461426, 1121.43603516, 401.873260498, 109.431915283, 16.6067371368, 3.9994790554, 2.47321748734, 0.250879377127, 0.0922240838408, 0.037184227258, 0.00387921324, 6.38528581476e-05, 6.26342171017e-07, 1.65680147379e-09], "dmean": [0.112626679242, 0.951765477657, 2.69120335579, 2.47792077065, 3.22252559662, 3.09138870239, 1.56654560566, 1.84971535206, 2.74356770515, 4.3809800148, 2.63684082031, 4.05409240723, 7.2000451088, 22.8109149933, 17.2262649536, 9.84320449829, 10.9727306366, 13.590839386, 21.6855545044, 22.5993518829, 28.1015987396, 39.3443717957, 25.1806259155, 31.6680011749, 24.3586044312, 25.42527771, 21.9993743896, 25.2555522919, 14.1570119858, 7.5719408989, 3.03958654404, 1.54129970074, 0.844614684582, 0.303800433874, 0.13826148212, 0.0886906310916, 0.0321843102574, 0.00453837541863, 0.000435727619333, 3.01450254483e-05], "max": [1.57434546947, 12.8181495667, 79.8964385986, 47.4081230164, 48.2840042114, 59.806388855, 37.127696991, 68.6751556396, 128.614486694, 179.517166138, 57.1538467407, 247.175354004, 284.196899414, 856.170349121, 660.142822266, 179.603775024, 444.113006592, 1054.26525879, 767.969421387, 968.497375488, 911.69732666, 1229.03027344, 539.863464355, 315.15713501, 348.635528564, 286.921478271, 200.544387817, 227.707977295, 180.24307251, 98.6372451782, 50.2350349426, 45.6305084229, 37.7507553101, 14.4412469864, 11.8391456604, 6.69190979004, 2.10925531387, 0.292940735817, 0.0245038159192, 0.00117686099838], "var": [0.0372175127268, 2.62244606018, 16.6751403809, 11.6799077988, 21.7563915253, 26.0334835052, 10.1565294266, 14.0319023132, 46.0418777466, 121.072296143, 19.8632183075, 79.7957687378, 375.311553955, 7388.15087891, 1707.26416016, 284.071685791, 645.787353516, 1919.42932129, 4005.27636719, 4647.26708984, 3717.58251953, 7947.13671875, 1752.50366211, 2125.86547852, 1180.57446289, 1049.56848145, 755.522033691, 962.722290039, 405.310791016, 116.786079407, 24.5688972473, 8.34749794006, 8.48626708984, 0.85011100769, 0.206206068397, 0.0769904702902, 0.0079398015514, 0.000152787062689, 1.61037928592e-06, 4.77928940867e-09], "mean": [0.109348513186, 1.05106270313, 3.41861629486, 3.60940980911, 4.16508626938, 3.92923045158, 2.69086718559, 3.21338248253, 4.45748233795, 6.6242852211, 5.04174757004, 7.95568799973, 13.7041130066, 38.2444419861, 32.1541099548, 20.1286525726, 20.2527694702, 25.2043476105, 41.400138855, 43.2588310242, 64.2858734131, 87.9321212769, 58.8530006409, 77.5037002563, 59.8972015381, 42.3557395935, 31.8370571136, 29.3223724365, 17.6435661316, 10.9156780243, 5.26687955856, 2.99969768524, 2.178429842, 0.885883748531, 0.364650547504, 0.201148346066, 0.072728857398, 0.010752376169, 0.00104332552291, 9.00692975847e-05]}, "spectral_strongpeak": {"dmean2": 1.05189824104, "median": 0.271306753159, "min": 0, "dvar2": 3.41352725029, "dvar": 1.35696852207, "dmean": 0.597626984119, "max": 12.078083992, "var": 1.77150762081, "mean": 0.761137366295}, "spectral_energy": {"dmean2": 0.0130476914346, "median": 0.0202531479299, "min": 3.82549408817e-10, "dvar2": 0.000219071298488, "dvar": 8.71342490427e-05, "dmean": 0.00824705883861, "max": 0.0976655781269, "var": 0.000129419146106, "mean": 0.0228401347995}, "average_loudness": 0.973405718803, "spectral_rolloff": {"dmean2": 1025.64428711, "median": 3294.58007812, "min": 86.1328125, "dvar2": 1219471.5, "dvar": 481180.96875, "dmean": 618.757751465, "max": 11412.5976562, "var": 1009958.3125, "mean": 3217.92114258}, "spectral_centroid": {"dmean2": 389.43637085, "median": 2680.28076172, "min": 320.952728271, "dvar2": 157119.296875, "dvar": 76080.9765625, "dmean": 243.021438599, "max": 10845.3037109, "var": 154861.203125, "mean": 2656.97290039}, "pitch_salience": {"dmean2": 0.13014292717, "median": 0.62573069334, "min": 0.074942111969, "dvar2": 0.0129523333162, "dvar": 0.00585832679644, "dmean": 0.0811952576041, "max": 0.863122165203, "var": 0.0140186212957, "mean": 0.601658523083}, "spectral_energyband_middle_high": {"dmean2": 0.00382215995342, "median": 0.00788952410221, "min": 9.41663622078e-11, "dvar2": 1.56167079695e-05, "dvar": 7.04848525857e-06, "dmean": 0.00242499099113, "max": 0.0358093902469, "var": 3.48072462657e-05, "mean": 0.00950793549418}, "spectral_contrast_coeffs": {"dmean2": [0.0892713740468, 0.0673085674644, 0.0583804547787, 0.0461693257093, 0.0350574292243, 0.0534287467599], "median": [-0.658157706261, -0.803673028946, -0.807552158833, -0.807686507702, -0.78478372097, -0.714058160782], "min": [-0.98360568285, -0.956260979176, -0.957182466984, -0.942400276661, -0.959846019745, -0.957701861858], "dvar2": [0.0049316319637, 0.00272376462817, 0.00206698407419, 0.00132300611585, 0.000741858384572, 0.00251352693886], "dvar": [0.00187144509982, 0.000982867204584, 0.000797782617155, 0.000484698306536, 0.000273243960692, 0.00100671488326], "dmean": [0.0541367381811, 0.0403399951756, 0.0353397727013, 0.0276813618839, 0.02106580697, 0.0324660390615], "max": [-0.384009003639, -0.600986421108, -0.602969586849, -0.636877775192, -0.666727542877, -0.583553850651], "var": [0.00384178454988, 0.00227005966008, 0.00214324216358, 0.00134184397757, 0.000694083748385, 0.00189147738274], "mean": [-0.657025456429, -0.800071120262, -0.801269173622, -0.802872240543, -0.784490764141, -0.706705629826]}, "melbands_skewness": {"dmean2": 1.14099156857, "median": 1.38310921192, "min": -1.11814880371, "dvar2": 1.29238021374, "dvar": 0.632748365402, "dmean": 0.743314981461, "max": 17.2004585266, "var": 1.90359604359, "mean": 1.72852885723}, "spectral_spread": {"dmean2": 457071.40625, "median": 3699810.5, "min": 2161969.75, "dvar2": 343038394368, "dvar": 324668882944, "dmean": 316055.46875, "max": 41732964, "var": 865580941312, "mean": 3831930}, "dissonance": {"dmean2": 0.00901092682034, "median": 0.493821918964, "min": 0.346184045076, "dvar2": 9.94547954178e-05, "dvar": 3.9008580643e-05, "dmean": 0.00522343581542, "max": 0.499999970198, "var": 4.71220519103e-05, "mean": 0.492267251015}, "spectral_skewness": {"dmean2": 0.4106092453, "median": 1.20560073853, "min": 0.0426197461784, "dvar2": 0.155782237649, "dvar": 0.0592168532312, "dmean": 0.247990489006, "max": 2.87512612343, "var": 0.103122316301, "mean": 1.16106104851}, "spectral_flux": {"dmean2": 0.0383897721767, "median": 0.0905664041638, "min": 4.96338543599e-05, "dvar2": 0.0014014840126, "dvar": 0.000592243100982, "dmean": 0.024051072076, "max": 0.220882743597, "var": 0.00117478356697, "mean": 0.0932878181338}, "spectral_contrast_valleys": {"dmean2": [0.675962686539, 0.548303544521, 0.454500228167, 0.372359961271, 0.383702278137, 0.296197444201], "median": [-7.21090555191, -6.85560464859, -6.8093047142, -6.89558553696, -6.20697116852, -9.42858028412], "min": [-27.4882259369, -27.1089935303, -27.393321991, -27.595205307, -27.2623634338, -27.2728214264], "dvar2": [0.296464711428, 0.198971033096, 0.146808624268, 0.106499828398, 0.151555150747, 0.116071023047], "dvar": [0.142197236419, 0.103526115417, 0.086948543787, 0.0719488114119, 0.0908842980862, 0.068216919899], "dmean": [0.415549725294, 0.33232063055, 0.273827672005, 0.228218466043, 0.243525862694, 0.189845591784], "max": [-5.52809238434, -5.78902053833, -5.51036596298, -5.87221479416, -5.37149190903, -8.12822151184], "var": [0.693202793598, 0.529068827629, 0.483089476824, 0.503912448883, 0.522914588451, 0.50425028801], "mean": [-7.27414369583, -6.94956541061, -6.8819642067, -6.99902153015, -6.3318157196, -9.53947257996]}, "erbbands_flatness_db": {"dmean2": 0.0187764782459, "median": 0.139617189765, "min": 0.0588771924376, "dvar2": 0.000275528786005, "dvar": 0.000127935854835, "dmean": 0.0124093480408, "max": 0.269045829773, "var": 0.000699445721693, "mean": 0.141730323434}, "spectral_energyband_high": {"dmean2": 0.00234418548644, "median": 0.00158652756363, "min": 1.11069792252e-10, "dvar2": 7.80135997047e-06, "dvar": 2.91406672659e-06, "dmean": 0.00130232539959, "max": 0.0136065818369, "var": 3.00680835608e-06, "mean": 0.00212475587614}, "spectral_entropy": {"dmean2": 0.125704512, "median": 7.99202775955, "min": 7.11881256104, "dvar2": 0.0118055893108, "dvar": 0.00540788890794, "dmean": 0.0781752988696, "max": 9.79331874847, "var": 0.0185946654528, "mean": 7.98196840286}, "silence_rate_20dB": {"dmean2": 0, "median": 1, "min": 1, "dvar2": 0, "dvar": 0, "dmean": 0, "max": 1, "var": 0, "mean": 1}, "melbands_flatness_db": {"dmean2": 0.0421924851835, "median": 0.108009293675, "min": 0.0224522370845, "dvar2": 0.00139301177114, "dvar": 0.000706693681423, "dmean": 0.0273186154664, "max": 0.406934589148, "var": 0.0022551054135, "mean": 0.11881121248}, "barkbands": {"dmean2": [0.000193164611119, 0.00632360437885, 0.00409784214571, 0.00124170735944, 0.00165409652982, 0.000343598396285, 0.000409371976275, 0.000212268307223, 0.000320445629768, 0.000648636370897, 0.000982982688583, 0.000390981615055, 0.000408602500102, 0.000534019782208, 0.000833501922898, 0.000673784408718, 0.00123149936553, 0.000788338831626, 0.00100842560641, 0.000874521792866, 0.00110750994645, 0.000649277935736, 0.00021333762561, 9.37382137636e-05, 2.83705321635e-05, 2.34495473705e-05, 3.77439778276e-06], "median": [2.70939563052e-05, 0.0012892279774, 0.00201804563403, 0.000668960565235, 0.000720667885616, 0.000274306221399, 0.000223387600272, 0.000147171391291, 0.000291192234727, 0.00023478930234, 0.000435141002527, 0.000354216608685, 0.000244753900915, 0.000398691103328, 0.000378101918614, 0.000682659621816, 0.0012682096567, 0.000827969925012, 0.00147862941958, 0.000707876926754, 0.000503041956108, 0.000281548651401, 0.000169221704709, 9.41235921346e-05, 4.64920303784e-05, 2.60811375483e-05, 4.15157592215e-06], "min": [2.2642391434e-11, 4.24159977974e-11, 2.68819706079e-11, 1.16355475602e-11, 3.88790180605e-11, 1.72422354172e-11, 4.27714374335e-12, 1.60337975535e-12, 8.39895861193e-13, 2.98252156479e-12, 9.69258180661e-12, 1.32602761237e-12, 1.25866146932e-12, 5.43771278005e-12, 1.87034051441e-11, 9.69614579599e-12, 5.833761859e-12, 1.08087904946e-11, 1.35788151556e-11, 1.81130544591e-11, 1.01011473491e-11, 1.13874057753e-11, 4.0998233454e-12, 2.10143551865e-11, 1.68031647624e-11, 1.49085552931e-11, 3.02821413778e-11], "dvar2": [8.49801935487e-08, 8.94066615729e-05, 2.96142225125e-05, 2.29014744946e-06, 6.51215714242e-06, 2.20593079803e-07, 7.8456139363e-07, 1.06746803397e-07, 5.28763337115e-07, 3.23383824252e-06, 3.41932513948e-06, 2.01093769192e-07, 5.98602582613e-07, 1.1051790807e-06, 3.26253280036e-06, 9.28808219669e-07, 3.038856903e-06, 7.42564111533e-07, 9.12157531729e-07, 1.08326935333e-06, 1.74075614723e-06, 6.37403957171e-07, 6.98961244439e-08, 1.57342974205e-08, 2.54420751133e-09, 2.38042474621e-09, 3.84459408753e-11], "dvar": [3.0314613042e-08, 4.19616299041e-05, 1.10685223262e-05, 8.41592111556e-07, 2.45835258283e-06, 8.53249844113e-08, 3.20429563772e-07, 4.02006534728e-08, 1.890475545e-07, 1.58350610491e-06, 1.64066420894e-06, 7.68677779206e-08, 2.46491794087e-07, 5.07174547693e-07, 1.3634876268e-06, 3.95321166025e-07, 1.21140419651e-06, 2.82218820757e-07, 3.34207896913e-07, 3.9454695866e-07, 6.5143797201e-07, 2.36338578929e-07, 2.66500777002e-08, 7.21214865607e-09, 1.34704591925e-09, 1.21196341851e-09, 2.04377157559e-11], "dmean": [0.000108777509013, 0.00396685535088, 0.00239856145345, 0.000726378639229, 0.000987239298411, 0.000209693200304, 0.000254335260252, 0.00012650951976, 0.000198052803171, 0.000418477255153, 0.00064061244484, 0.000233612867305, 0.000251005112659, 0.000333089614287, 0.000524829840288, 0.000406792532885, 0.000760150665883, 0.00047885463573, 0.000597540405579, 0.000492359278724, 0.000612523348536, 0.000358454533853, 0.00012449308997, 5.78152357775e-05, 2.03617528314e-05, 1.7162416043e-05, 2.63113588517e-06], "max": [0.00127950601745, 0.0538045540452, 0.0695798546076, 0.0118173910305, 0.015934638679, 0.00682885479182, 0.0112517178059, 0.00279881246388, 0.0113680120558, 0.0248014554381, 0.0219616424292, 0.00615293765441, 0.00987397041172, 0.0176211837679, 0.0192219130695, 0.0156400892884, 0.0241961330175, 0.00880774389952, 0.00798255763948, 0.00484770257026, 0.00511260703206, 0.00489374715835, 0.00153530668467, 0.00186433689669, 0.00110732018948, 0.00123437098227, 0.000146363774547], "var": [2.9452074557e-08, 4.74936641695e-05, 1.26582917801e-05, 1.04169657789e-06, 2.57650481217e-06, 1.61772732099e-07, 4.43849302201e-07, 4.61635956128e-08, 2.02178568998e-07, 2.62457888311e-06, 3.80948631573e-06, 1.39921780828e-07, 3.76407342628e-07, 7.44568581013e-07, 2.90075399789e-06, 7.92335185906e-07, 2.80458289126e-06, 5.36094546533e-07, 8.04694025192e-07, 3.96904823674e-07, 5.60523631066e-07, 2.44852827791e-07, 3.90557488572e-08, 2.49942395669e-08, 3.91546617351e-09, 2.63904365028e-09, 5.57997606454e-11], "mean": [0.000102132165921, 0.00433564046398, 0.00310296774842, 0.000979067059234, 0.00126956612803, 0.000388545391615, 0.000402785197366, 0.000202978946618, 0.000390616070945, 0.000628229696304, 0.00107973837294, 0.00045521373977, 0.000430946209235, 0.000571694166865, 0.000933101400733, 0.000838941545226, 0.00162022386212, 0.00100183393806, 0.00154860375915, 0.000864818517584, 0.000775176624302, 0.000449136336101, 0.000223345356062, 0.000137162525789, 6.05648492638e-05, 4.06532053603e-05, 6.28008137937e-06]}, "erbbands_skewness": {"dmean2": 0.488610088825, "median": -0.942704677582, "min": -3.01636767387, "dvar2": 0.204362481833, "dvar": 0.0871717706323, "dmean": 0.314581394196, "max": 2.06128954887, "var": 0.271580547094, "mean": -0.899454712868}, "erbbands_spread": {"dmean2": 8.9914598465, "median": 28.1450920105, "min": 8.00913619995, "dvar2": 69.4513092041, "dvar": 30.8874740601, "dmean": 5.68492364883, "max": 120.248916626, "var": 95.9391708374, "mean": 29.4500331879}, "melbands_kurtosis": {"dmean2": 6.26696443558, "median": 0.77071428299, "min": -1.65412402153, "dvar2": 195.669464111, "dvar": 93.2680892944, "dmean": 4.01510095596, "max": 460.145996094, "var": 189.119094849, "mean": 4.18713283539}, "melbands": {"dmean2": [0.00170434394386, 0.00214774580672, 0.000709078565706, 0.000433994195191, 9.76889496087e-05, 6.66137420922e-05, 7.25408099242e-05, 6.93384135957e-05, 3.59058467438e-05, 4.57441274193e-05, 5.98849364906e-05, 0.00013744836906, 0.000115882947284, 4.53885113529e-05, 4.03941157856e-05, 4.43438111688e-05, 4.40757357865e-05, 5.67449678783e-05, 6.92540634191e-05, 3.68794026144e-05, 6.66334090056e-05, 7.65220684116e-05, 5.85291090829e-05, 3.18557431456e-05, 4.96719076182e-05, 3.7819492718e-05, 3.21486259054e-05, 3.10844443447e-05, 2.59611078945e-05, 2.50180182775e-05, 2.67250452453e-05, 1.5765608623e-05, 1.01446084955e-05, 6.40931284579e-06, 3.32821309712e-06, 2.04714683605e-06, 1.50893276896e-06, 9.84452867669e-07, 7.71241559505e-07, 3.24186515854e-07], "median": [0.000282829569187, 0.00101729505695, 0.000511323101819, 0.000178238624358, 6.59432262182e-05, 4.87723409606e-05, 4.5952740038e-05, 3.74591400032e-05, 3.07869231619e-05, 4.01580982725e-05, 4.23850397056e-05, 3.6740257201e-05, 6.25965112704e-05, 4.50342522527e-05, 2.95403769996e-05, 2.42407877522e-05, 3.06387955789e-05, 3.76652969862e-05, 2.74706653727e-05, 3.30408693117e-05, 6.81501987856e-05, 6.88596774125e-05, 6.4294290496e-05, 3.01595482597e-05, 6.1217462644e-05, 5.13535414939e-05, 2.74962676485e-05, 2.08436777029e-05, 1.47662767631e-05, 1.17747104014e-05, 9.10619201022e-06, 6.24236326985e-06, 4.35641231888e-06, 4.27844497608e-06, 2.35460629483e-06, 1.41863370118e-06, 1.22108406231e-06, 9.97018105409e-07, 7.3416538271e-07, 4.69612444931e-07], "min": [1.34348261682e-11, 1.41374550955e-11, 1.02472526992e-11, 8.30644320687e-12, 5.73536530768e-12, 3.07566212082e-12, 1.24814535877e-12, 2.82751225862e-13, 3.33009661513e-13, 1.00487015085e-13, 2.15317496363e-13, 9.34936698373e-13, 1.221322522