{"tonal": {"thpcp": [1, 0.655637919903, 0.640132844448, 0.946288108826, 0.55328720808, 0.372433245182, 0.548176229, 0.34589523077, 0.391251713037, 0.647013902664, 0.41280400753, 0.428687810898, 0.656086146832, 0.409624814987, 0.52763324976, 0.89221483469, 0.620126903057, 0.562633097172, 0.797217965126, 0.484432786703, 0.347366303205, 0.497318536043, 0.333639711142, 0.425384581089, 0.657852351665, 0.430179178715, 0.382257312536, 0.570728838444, 0.404590278864, 0.428618758917, 0.632069706917, 0.41142347455, 0.356712758541, 0.538265705109, 0.388490259647, 0.602910757065], "hpcp": {"dmean2": [0.138639450073, 0.116469070315, 0.103806547821, 0.123747631907, 0.115091249347, 0.137172952294, 0.168779104948, 0.148819670081, 0.161172166467, 0.180535644293, 0.148022204638, 0.11204085499, 0.116974905133, 0.0917019173503, 0.102578856051, 0.129358485341, 0.107272811234, 0.108106978238, 0.125400841236, 0.108668975532, 0.129766851664, 0.170068651438, 0.146657928824, 0.147665455937, 0.159500613809, 0.121895261109, 0.101174116135, 0.112753674388, 0.0980464220047, 0.118952862918, 0.14589099586, 0.117692358792, 0.116640634835, 0.133008629084, 0.117134287953, 0.122158035636], "median": [0.0240612179041, 0.0214938260615, 0.0188113972545, 0.0179551877081, 0.0207063481212, 0.0492681711912, 0.0590676777065, 0.0526072531939, 0.0528958886862, 0.0599399656057, 0.03885076195, 0.0200254302472, 0.0152203282341, 0.0160231217742, 0.0225619822741, 0.0232794135809, 0.0203173756599, 0.0221847612411, 0.0218454450369, 0.0231654010713, 0.0358057916164, 0.0453444942832, 0.0438420623541, 0.0383207798004, 0.0350005850196, 0.0224586464465, 0.0196690354496, 0.0187129117548, 0.0182624850422, 0.0212365854532, 0.0241661518812, 0.0219121519476, 0.0220079421997, 0.0217348281294, 0.0194261409342, 0.0260729957372], "min": [0, 0, 0, 0, 0, 0, 0, 0, 0, 0, 0, 0, 0, 0, 0, 0, 0, 0, 0, 0, 0, 0, 0, 0, 0, 0, 0, 0, 0, 0, 0, 0, 0, 0, 0, 0], "dvar2": [0.0636383965611, 0.0448318719864, 0.0371468141675, 0.0544515922666, 0.0451257452369, 0.0455800518394, 0.0726595968008, 0.0515556000173, 0.0561340153217, 0.0754652693868, 0.0492656119168, 0.0403076708317, 0.0536488220096, 0.0275416411459, 0.032962154597, 0.0568603314459, 0.0365273505449, 0.0362780801952, 0.0560966543853, 0.036861371249, 0.0419910028577, 0.0759336724877, 0.0485054552555, 0.0607471428812, 0.0697863921523, 0.0440390408039, 0.037396453321, 0.0480105690658, 0.0335002094507, 0.0453302003443, 0.0659060180187, 0.0431847199798, 0.0469132624567, 0.0613353289664, 0.0447393320501, 0.0467381291091], "dvar": [0.0272271502763, 0.0169608164579, 0.0141710424796, 0.0232275947928, 0.0171203035861, 0.0181020069867, 0.032821867615, 0.0199393611401, 0.0220174323767, 0.0349708870053, 0.0193673092872, 0.0149580193684, 0.0232918784022, 0.0111198034137, 0.0127008464187, 0.0247496925294, 0.0146042052656, 0.0145536828786, 0.0260561648756, 0.0143985087052, 0.016902551055, 0.0356438420713, 0.0200811028481, 0.0230986364186, 0.0321485623717, 0.0180458482355, 0.0145374108106, 0.0218198988587, 0.0129750007764, 0.0171169284731, 0.0297207143158, 0.0176453161985, 0.0173157472163, 0.025598987937, 0.0173993222415, 0.0177241247147], "dmean": [0.0824022069573, 0.0682830363512, 0.0619253441691, 0.0751072242856, 0.0674317851663, 0.0827200710773, 0.102481529117, 0.0887000486255, 0.0963463559747, 0.110415481031, 0.0884727835655, 0.0654476881027, 0.070634201169, 0.0552296601236, 0.061446826905, 0.079202696681, 0.0651090294123, 0.0646434724331, 0.0759867951274, 0.064770065248, 0.0782265365124, 0.103318445385, 0.0882854089141, 0.0863246321678, 0.096478305757, 0.0736362859607, 0.0599699094892, 0.0688691660762, 0.0581359118223, 0.0708520635962, 0.0891326889396, 0.0710825994611, 0.0685309171677, 0.0792237967253, 0.0694795399904, 0.0720098167658], "max": [1, 1, 1, 1, 1, 1, 1, 1, 1, 1, 1, 1, 1, 1, 1, 1, 1, 1, 1, 1, 1, 1, 1, 1, 1, 1, 1, 1, 1, 1, 1, 1, 1, 1, 1, 1], "var": [0.0790161266923, 0.0347368605435, 0.0251156575978, 0.0655192956328, 0.0322082191706, 0.0415539555252, 0.121120497584, 0.0504035800695, 0.0485460162163, 0.110933199525, 0.0399778410792, 0.0274135544896, 0.0714028775692, 0.0263846274465, 0.0263205505908, 0.0792473554611, 0.0323699451983, 0.0329160951078, 0.0870640277863, 0.0291603803635, 0.0369490198791, 0.109630726278, 0.0475913286209, 0.0482120700181, 0.0971472561359, 0.0409951917827, 0.025610441342, 0.06048373878, 0.023312933743, 0.0333274118602, 0.0809425935149, 0.0363975279033, 0.0281691495329, 0.069603562355, 0.035356823355, 0.0345097891986], "mean": [0.156778633595, 0.102049522102, 0.0884790718555, 0.133511483669, 0.0963611677289, 0.149546056986, 0.248040109873, 0.162624508142, 0.158778622746, 0.234717413783, 0.137237414718, 0.092378385365, 0.135969698429, 0.0857958942652, 0.0970461145043, 0.16048540175, 0.102391950786, 0.106331773102, 0.162735685706, 0.101603381336, 0.130874216557, 0.221305072308, 0.153816342354, 0.139555573463, 0.197742030025, 0.12015876174, 0.0861607789993, 0.123354941607, 0.0827560275793, 0.105512440205, 0.163173764944, 0.106701694429, 0.0948151424527, 0.141563639045, 0.100354619324, 0.106314644217]}, "tuning_equal_tempered_deviation": 0, "chords_changes_rate": 0.0598057582974, "key_key": "E", "tuning_diatonic_strength": 0.19066695869, "key_scale": "minor", "chords_number_rate": 0.00204464141279, "tuning_frequency": 442.293365479, "tuning_nontempered_energy_ratio": 0.621209025383, "chords_histogram": [10.7258472443, 3.59516096115, 4.13187932968, 1.12455272675, 2.02760267258, 4.59192371368, 4.03816652298, 7.16476392746, 4.11484050751, 2.78582382202, 2.00204467773, 2.21502804756, 3.51848697662, 3.89333796501, 4.92417764664, 3.32254219055, 4.59192371368, 1.20974612236, 2.41949224472, 5.000852108, 4.01260852814, 5.92094039917, 5.14568090439, 7.52257633209], "key_strength": 0.488429784775, "chords_key": "E", "chords_strength": {"dmean2": 0.00743438256904, "median": 0.454837024212, "min": 0.153902411461, "dvar2": 5.72774843022e-05, "dvar": 6.1808306782e-05, "dmean": 0.00933516211808, "max": 0.776473641396, "var": 0.0144767547026, "mean": 0.457407712936}, "chords_scale": "minor", "hpcp_entropy": {"dmean2": 0.911940217018, "median": 1.67371106148, "min": 0, "dvar2": 0.622867047787, "dvar": 0.237478941679, "dmean": 0.539374113083, "max": 3.88802862167, "var": 0.537699997425, "mean": 1.62035512924}}, "metadata": {"audio_properties": {"equal_loudness": 0, "codec": "flac", "downmix": "mix", "sample_rate": 44100, "analysis_sample_rate": 44100, "bit_rate": 0, "md5_encoded": "9321fff88a69de030f22ab84d11d37af", "length": 545.039978027, "replay_gain": -5.6107006073, "lossless": true}, "version": {"essentia_build_sha": "2d9f1f26377add8aeb1075a9c2973f962c4f09fd", "essentia": "2.1-beta2", "extractor": "music 1.0", "essentia_git_sha": "v2.1_beta2-1-ge3940c0"}, "tags": {"title": ["Piano Concerto No. 3 in C major, Op. 26: III. Allegro ma non troppo"], "barcode": ["028947828266"], "media": ["CD"], "albumartist": ["Various Artists"], "albumartistsort": ["Various Artists"], "tracktotal": ["9"], "language": ["zxx"], "performer": ["London Symphony Orchestra (orchestra)", "Julius Katchen (piano)"], "releasetype": ["other", "compilation"], "musicbrainz_recordingid": ["1c3ccd97-e119-4f1f-9ab7-f6cc8fa50643"], "composer": ["\u0421\u0435\u0440\u0433\u0435\u0439 \u0421\u0435\u0440\u0433\u0435\u0435\u0432\u0438\u0447 \u041f\u0440\u043e\u043a\u043e\u0444\u044c\u0435\u0432"], "musicbrainz_releasegroupid": ["1fa1b579-824d-4fef-968f-9b9bf990a704"], "originalyear": ["2011"], "musicbrainz_releasetrackid": ["79e53831-c6c0-4b3f-8bbd-55cdbb0da223"], "discnumber": ["23"], "totaldiscs": ["50"], "composersort": ["Prokofiev, Sergei Sergeyevich"], "catalognumber": ["478 2826"], "releasecountry": ["XW"], "file_name": "CD23 09 Piano Concerto No. 3 in C major, Op. 26_ III. Allegro ma non troppo.flac", "compilation": ["1"], "musicbrainz_albumartistid": ["89ad4ac3-39f7-470e-963a-56509c546377"], "work": ["Piano Concerto no. 3 in C major, op. 26: III. Allegro ma non troppo"], "date": ["2011-10-03"], "genre": ["Classical"], "musicbrainz_albumid": ["00ec5a41-2c09-4d86-9516-f403a0766bb2"], "disctotal": ["50"], "discsubtitle": ["Katchen - Bart\u00f3k \u30fb Ravel \u30fb Prokofiev"], "releasestatus": ["official"], "musicbrainz_artistid": ["0e43fe9d-c472-4b62-be9e-55f971a023e1"], "originaldate": ["2011-10-03"], "musicbrainz_workid": ["f1f9dd88-facb-3a82-b119-a86b05621efd"], "artist": ["\u0421\u0435\u0440\u0433\u0435\u0439 \u0421\u0435\u0440\u0433\u0435\u0435\u0432\u0438\u0447 \u041f\u0440\u043e\u043a\u043e\u0444\u044c\u0435\u0432"], "tracknumber": ["9"], "artistsort": ["Prokofiev, Sergei Sergeyevich"], "album": ["The Decca Sound"], "label": ["Decca Classics"], "totaltracks": ["9"], "acoustid_id": ["bcc935eb-3a06-4604-a63b-35fb623a8b05"], "script": ["Latn"], "conductor": ["Istv\u00e1n Kert\u00e9sz"]}}, "rhythm": {"bpm_histogram_first_peak_bpm": {"dmean2": 0, "median": 110, "min": 110, "dvar2": 0, "dvar": 0, "dmean": 0, "max": 110, "var": 0, "mean": 110}, "bpm": 109.128204346, "bpm_histogram_second_peak_spread": {"dmean2": 0, "median": 0.691629946232, "min": 0.691629946232, "dvar2": 0, "dvar": 0, "dmean": 0, "max": 0.691629946232, "var": 0, "mean": 0.691629946232}, "bpm_histogram_first_peak_weight": {"dmean2": 0, "median": 0.114451989532, "min": 0.114451989532, "dvar2": 0, "dvar": 0, "dmean": 0, "max": 0.114451989532, "var": 0, "mean": 0.114451989532}, "onset_rate": 2.11171889305, "beats_position": [0.371519267559, 0.766258478165, 1.16099774837, 1.5673469305, 1.97369611263, 2.36843538284, 2.76317453384, 3.15791368484, 3.54104304314, 3.92417216301, 4.3073015213, 4.69043064117, 5.08516979218, 5.46829938889, 5.83981847763, 6.2229475975, 6.60607719421, 6.97759628296, 7.36072540283, 7.73224496841, 8.10376358032, 8.48689365387, 8.87002277374, 9.24154186249, 9.6014509201, 9.97297000885, 10.3560991287, 10.7276191711, 11.0991382599, 11.4706573486, 11.8421764374, 12.2136955261, 12.5852155685, 12.9567346573, 13.3398637772, 13.7113828659, 14.0712919235, 14.4428119659, 14.8143310547, 15.1858501434, 15.5573692322, 15.9288883209, 16.3120174408, 16.7067565918, 17.1014957428, 17.4962348938, 17.8909740448, 18.2857131958, 18.6920623779, 19.0984115601, 19.5047607422, 19.9111099243, 20.3058490753, 20.6889801025, 21.0721092224, 21.4436283112, 21.826757431, 22.2098865509, 22.5930156708, 22.9645347595, 23.3360538483, 23.707572937, 24.0674819946, 24.4273910522, 24.7873020172, 25.1472110748, 25.5187301636, 25.8786392212, 26.2385482788, 26.6100673676, 26.9815864563, 27.353105545, 27.7246246338, 28.0961437225, 28.4676647186, 28.8391838074, 29.2107028961, 29.5706119537, 29.9305210114, 30.3020401001, 30.6735591888, 31.0566883087, 31.4282073975, 31.7997264862, 32.171245575, 32.5311546326, 32.9026756287, 33.2741928101, 33.6341018677, 33.99401474, 34.3539237976, 34.7138328552, 35.0737419128, 35.4336509705, 35.8051681519, 36.1650772095, 36.5249862671, 36.8848991394, 37.244808197, 37.6047172546, 37.9646263123, 38.3129234314, 38.672832489, 39.0443534851, 39.4042625427, 39.7757797241, 40.1356925964, 40.4956016541, 40.8555107117, 41.2154197693, 41.5869369507, 41.9584579468, 42.3299751282, 42.6898841858, 43.0614051819, 43.4213142395, 43.7812232971, 44.1411323547, 44.5126533508, 44.8725624084, 45.2324714661, 45.5923805237, 45.9522895813, 46.3238105774, 46.6953277588, 47.0668487549, 47.4383659363, 47.8331069946, 48.2278442383, 48.6225852966, 49.0173225403, 49.4004516602, 49.7951927185, 50.1783218384, 50.573059082, 50.9678001404, 51.362537384, 51.7572784424, 52.152015686, 52.5467567444, 52.941493988, 53.3246231079, 53.7077522278, 54.0908851624, 54.4740142822, 54.8571434021, 55.240272522, 55.6350097656, 56.0181388855, 56.4012680054, 56.7960090637, 57.1907463074, 57.5854873657, 57.9686164856, 58.3517456055, 58.7348747253, 59.1180038452, 59.5011329651, 59.884262085, 60.2673912048, 60.6389122009, 61.0452613831, 61.4516105652, 61.8579597473, 62.2643089294, 62.6706581116, 63.0770072937, 63.4833564758, 63.889705658, 64.2960510254, 64.7024002075, 65.1203613281, 65.5731506348, 66.0259399414, 66.478729248, 66.9199066162, 67.3610839844, 67.8022689819, 68.2434463501, 68.6381835938, 69.0329208374, 69.4276657104, 69.8224029541, 70.2287521362, 70.6467132568, 71.0762786865, 71.5058517456, 71.9354171753, 72.3649902344, 72.7945556641, 73.2241287231, 73.6536941528, 74.0832672119, 74.5128326416, 74.9307937622, 75.3487548828, 75.766708374, 76.1730575562, 76.5794067383, 76.9741516113, 77.368888855, 77.7636260986, 78.1583633423, 78.5531082153, 78.947845459, 79.3425827026, 79.7373199463, 80.1320648193, 80.526802063, 80.9215393066, 81.3162765503, 81.7110214233, 82.105758667, 82.5121078491, 82.9184570313, 83.3248062134, 83.7311553955, 84.1375045776, 84.5438537598, 84.9618148804, 85.3681640625, 85.7745132446, 86.1808624268, 86.5872116089, 87.0051651001, 87.4115142822, 87.8294754028, 88.2474365234, 88.6537857056, 89.0717468262, 89.4897003174, 89.8960494995, 90.3140106201, 90.7319717407, 91.1499328613, 91.5678863525, 91.9858474731, 92.4850769043, 92.9843063354, 93.6228561401, 94.2381820679, 94.853515625, 95.4688415527, 96.0841674805, 96.7111129761, 97.3264389038, 97.9417648315, 98.5454864502, 99.1492080688, 99.7297058105, 100.310203552, 100.902313232, 101.494422913, 102.086524963, 102.678634644, 103.270744324, 103.862854004, 104.443351746, 105.023849487, 105.604354858, 106.1848526, 106.765350342, 107.322631836, 107.879905701, 108.437187195, 108.994468689, 109.551742554, 110.097412109, 110.654693604, 111.211967468, 111.769248962, 112.338134766, 112.918640137, 113.48752594, 114.044807434, 114.613693237, 115.18258667, 115.751472473, 116.320358276, 116.889251709, 117.458137512, 118.038635254, 118.607528687, 119.164802551, 119.722084045, 120.267753601, 120.813423157, 121.359092712, 121.916366577, 122.473648071, 123.019317627, 123.576599121, 124.133872986, 124.702766418, 125.271652222, 125.840545654, 126.397819519, 126.966712952, 127.523986816, 128.092880249, 128.661773682, 129.219039917, 129.78793335, 130.356826782, 130.925704956, 131.494598389, 132.07510376, 132.655593872, 133.236099243, 133.816589355, 134.397094727, 134.977600098, 135.55809021, 136.138595581, 136.719085693, 137.299591064, 137.880081177, 138.437362671, 138.994644165, 139.551925659, 139.993103027, 140.434280396, 140.875457764, 141.316635132, 141.757827759, 142.210617065, 142.651794434, 143.11618042, 143.592193604, 144.056594849, 144.544219971, 145.043441772, 145.542678833, 145.983856201, 146.413421631, 146.842987061, 147.260955811, 147.678909302, 148.085250854, 148.491607666, 148.851516724, 149.211425781, 149.571334839, 149.942855835, 150.32598877, 150.709106445, 151.09223938, 151.475372314, 151.812057495, 152.160354614, 152.508651733, 152.845352173, 153.193649292, 153.55355835, 153.901855469, 154.250152588, 154.598449707, 154.958358765, 155.306671143, 155.654968262, 156.003265381, 156.3515625, 156.711471558, 157.071380615, 157.524169922, 157.953735352, 158.383300781, 158.824493408, 159.358551025, 159.892608643, 160.542770386, 161.181304932, 161.819854736, 162.470016479, 163.108566284, 163.747116089, 164.397277832, 165.059051514, 165.720809937, 166.440628052, 167.148834229, 167.868652344, 168.49559021, 169.134140015, 169.737869263, 170.35319519, 170.968521118, 171.595458984, 172.210784912, 172.826126099, 173.453063965, 174.056777954, 174.648880005, 175.240997314, 175.844711304, 176.436828613, 176.982498169, 177.528152466, 178.062225342, 178.607894897, 179.153549194, 179.68762207, 180.244888306, 180.8021698, 181.359451294, 181.916732788, 182.474014282, 183.031295776, 183.588562012, 184.145843506, 184.703125, 185.248794556, 185.80607605, 186.363357544, 186.920639038, 187.454696655, 187.988754272, 188.511199951, 189.03364563, 189.54447937, 190.066940308, 190.589385986, 191.100219727, 191.611068726, 192.110290527, 192.621124268, 193.131973267, 193.607971191, 194.083984375, 194.676101685, 195.256591797, 195.837097168, 196.41758728, 196.998092651, 197.578598022, 198.159088135, 198.739593506, 199.354919434, 199.9818573, 200.608795166, 201.224121094, 201.85105896, 202.431564331, 203.012054443, 203.615783691, 204.196273804, 204.765167236, 205.32244873, 205.891326904, 206.460220337, 207.040725708, 207.62121582, 208.224945068, 208.828659058, 209.443984985, 210.105758667, 210.75592041, 211.394470215, 212.021408081, 212.659957886, 213.298492432, 213.925445557, 214.540771484, 215.156097412, 215.759811401, 216.363540649, 216.978866577, 217.594192505, 218.209518433, 218.82484436, 219.428573608, 219.997451782, 220.566345215, 221.135238647, 221.71572876, 222.307846069, 222.888336182, 223.468841553, 224.049331665, 224.664672852, 225.279998779, 225.895324707, 226.510650635, 227.125976563, 227.683258057, 228.240539551, 228.809432983, 229.366714478, 229.923980713, 230.341949463, 230.759902954, 231.177871704, 231.595825195, 232.025390625, 232.454956055, 232.872924805, 233.290878296, 233.708831787, 234.115188599, 234.521530151, 234.939498901, 235.357452393, 235.775421143, 236.332687378, 236.901580811, 237.470474243, 238.074188232, 238.677902222, 239.270019531, 239.862121582, 240.454238892, 241.046340942, 241.638458252, 242.242172241, 242.834274292, 243.426391602, 244.006881714, 244.598999023, 245.179489136, 245.759994507, 246.340499878, 246.955825806, 247.571151733, 248.174865723, 248.778594971, 249.38230896, 249.986022949, 250.589752197, 251.181854248, 251.773956299, 252.377685547, 253.004623413, 253.631561279, 254.258499146, 254.873825073, 255.489151001, 256.09286499, 256.696594238, 257.300323486, 257.904022217, 258.507751465, 259.111480713, 259.715179443, 260.318908691, 260.922637939, 261.52633667, 262.118438721, 262.710571289, 263.291046143, 263.883178711, 264.475280762, 265.067382813, 265.659484863, 266.251617432, 266.843719482, 267.435821533, 268.074371338, 268.712921143, 269.397918701, 270.082885742, 270.767883301, 271.464477539, 272.137878418, 272.811248779, 273.438171387, 274.053497314, 274.668823242, 275.27255249, 275.876281738, 276.479980469, 277.06048584, 277.652587891, 278.244720459, 278.83682251, 279.428924561, 280.032653809, 280.636352539, 281.240081787, 281.843811035, 282.447509766, 283.051239014, 283.654968262, 284.235473633, 284.815948486, 285.408081055, 286.011779785, 286.627105713, 287.254058838, 287.880981445, 288.484710693, 289.088439941, 289.703765869, 290.3074646, 290.922821045, 291.538146973, 292.1534729, 292.768798828, 293.384124756, 293.999450684, 294.614776611, 295.218505859, 295.833831787, 296.437530518, 297.052886963, 297.656585693, 298.271911621, 298.887237549, 299.490966797, 300.106292725, 300.698394775, 301.290527344, 301.952270508, 302.60244751, 303.264221191, 303.925994873, 304.587738037, 305.249511719, 305.899688721, 306.549835205, 307.199981689, 307.838531494, 308.477081299, 309.13885498, 309.800628662, 310.450775146, 311.112548828, 311.77432251, 312.436096191, 313.097869873, 313.72479248, 314.351745605, 314.978668213, 315.593994141, 316.209350586, 316.824676514, 317.451599121, 318.148193359, 318.844787598, 319.58782959, 320.319274902, 321.050689697, 321.78213501, 322.548370361, 323.31463623, 324.104125977, 324.893585205, 325.683074951, 326.484161377, 327.285247803, 328.086334229, 328.771331787, 329.456329346, 330.141296387, 330.826293945, 331.522888184, 332.219482422, 332.916107178, 333.624298096, 334.320892334, 334.947845459, 335.586395264, 336.143676758, 336.700958252, 337.269836426, 337.82711792, 338.384399414, 338.906829834, 339.429290771, 339.963348389, 340.509033203, 341.0546875, 341.600341797, 342.180847168, 342.761352539, 343.411499023, 344.061676025, 344.71182251, 345.350372314, 346.000549316, 346.615875244, 347.231201172, 347.8465271, 348.461853027, 349.077178955, 349.727325439, 350.365875244, 350.992828369, 351.619781494, 352.246704102, 352.873657227, 353.500579834, 354.127532959, 354.754455566, 355.381408691, 356.008331299, 356.623657227, 357.238983154, 357.865936279, 358.539306641, 359.201080322, 359.874450684, 360.559448242, 361.197998047, 361.836547852, 362.475097656, 363.171691895, 363.856689453, 364.553283691, 365.24987793, 365.946472168, 366.643066406, 367.304840088, 367.95501709, 368.570343018, 369.185668945, 369.800994873, 370.42791748, 371.054870605, 371.670196533, 372.308746338, 372.947296143, 373.57421875, 374.201171875, 374.781677246, 375.35055542, 375.931060791, 376.3722229, 376.813415527, 377.254608154, 377.695770264, 378.136962891, 378.56652832, 379.00769043, 379.437286377, 379.878448486, 380.319641113, 380.760803223, 381.20199585, 381.631561279, 382.061126709, 382.490692139, 382.920257568, 383.477539063, 384.034820557, 384.592102051, 385.195831299, 385.799530029, 386.391662598, 386.983764648, 387.587463379, 388.16796875, 388.748474121, 389.340576172, 389.921081543, 390.489959717, 391.058868408, 391.627746582, 392.196624756, 392.765533447, 393.334411621, 393.903289795, 394.472198486, 395.04107666, 395.586761475, 396.132415771, 396.666473389, 397.200531006, 397.734588623, 398.291870117, 398.849151611, 399.418029785, 399.986938477, 400.55581665, 401.113098145, 401.658782959, 402.216033936, 402.76171875, 403.307373047, 403.853057861, 404.398712158, 404.955993652, 405.513275146, 406.105377197, 406.685882568, 407.382476807, 408.079071045, 408.78729248, 409.483886719, 410.168884277, 410.853881836, 411.550476074, 412.189025879, 412.827575684, 413.408050537, 413.988555908, 414.569061279, 415.172790527, 415.776489258, 416.287353516, 416.798187256, 417.309020996, 417.808258057, 418.3074646, 418.80670166, 419.398803711, 419.990936279, 420.58303833, 421.175140381, 421.767242432, 422.359344482, 422.951477051, 423.531951904, 424.112457275, 424.692962646, 425.273468018, 425.853973389, 426.434448242, 427.026580811, 427.630279541, 428.199188232, 428.779663086, 429.360168457, 429.917449951, 430.463134766, 431.008789063, 431.566070557, 432.123352051, 432.680633545, 433.226287842, 433.771972656, 434.32925415, 434.886535645, 435.432189941, 435.977874756, 436.523529053, 437.06918335, 437.626464844, 438.160522461, 438.694580078, 439.228668213, 439.76272583, 440.28515625, 440.807617188, 441.341674805, 441.864105225, 442.398162842, 442.920623779, 443.454681396, 443.988739014, 444.522796631, 445.056854248, 445.590911865, 446.113372803, 446.64743042, 447.193084717, 447.738769531, 448.284423828, 448.841705322, 449.387390137, 449.933044434, 450.490325928, 451.047607422, 451.616485596, 452.185394287, 452.742675781, 453.299957275, 453.845611572, 454.391296387, 454.925354004, 455.459411621, 455.993469238, 456.539123535, 457.08480835, 457.618865967, 458.164520264, 458.698577881, 459.244262695, 459.789916992, 460.323974609, 460.858032227, 461.403717041, 461.949371338, 462.495056152, 463.02911377, 463.574768066, 464.120452881, 464.666107178, 465.211791992, 465.769073486, 466.32635498, 466.872009277, 467.417663574, 467.974945068, 468.532226563, 469.101135254, 469.658416748, 470.204071045, 470.749755859, 471.295410156, 471.829467773, 472.375152588, 472.920806885, 473.466491699, 474.000549316, 474.534606934, 475.068664551, 475.614318848, 476.160003662, 476.705657959, 477.251342773, 477.79699707, 478.342681885, 478.876739502, 479.422393799, 479.968078613, 480.51373291, 481.059387207, 481.605072021, 482.139129639, 482.684783936, 483.21887207, 483.752929688, 484.286987305, 484.832641602, 485.366699219, 485.889160156, 486.423217773, 486.96887207, 487.526153564, 488.071838379, 488.629119873, 489.18637085, 489.732055664, 490.277709961, 490.823394775, 491.369049072, 491.914733887, 492.460388184, 493.006072998, 493.551727295, 494.097412109, 494.631469727, 495.177124023, 495.722808838, 496.256866455, 496.802520752, 497.348205566, 497.893859863, 498.439544678, 498.985198975, 499.530883789, 500.076538086, 500.6222229, 501.167877197, 501.713562012, 502.247619629, 502.781677246, 503.327331543, 503.884613037, 504.441894531, 504.999176025, 505.544830322, 506.078887939, 506.624572754, 507.181854248, 507.727508545, 508.273193359, 508.830474854, 509.399353027, 509.956634521, 510.513916016, 511.082794189, 511.628479004, 512.174133301, 512.708190918, 513.230651855, 513.764709473, 514.321960449, 514.879272461, 515.436523438, 515.993835449, 516.562683105, 517.119995117, 517.665649414, 518.211303711, 518.757019043, 519.30267334, 519.848327637, 520.382385254, 520.916442871, 521.462097168, 522.0078125, 522.553466797, 523.099121094, 523.644775391, 524.190490723, 524.73614502, 525.281799316, 525.815856934, 526.349914551, 526.895568848, 527.44128418, 527.986938477, 528.532592773, 529.089904785, 529.635559082, 530.181213379, 530.738464355, 531.295776367, 531.853027344, 532.410339355, 532.967590332, 533.524902344, 534.08215332, 534.639465332, 535.219970703, 535.800415039, 536.38092041, 536.949829102, 537.518737793, 538.099243164, 538.6796875, 539.260192871, 539.829101563, 540.409606934, 540.95526123, 541.512573242, 542.069824219, 542.63873291, 543.207580566, 543.764892578, 544.322143555], "beats_loudness": {"dmean2": 0.0192529093474, "median": 0.00870366673917, "min": 3.86298182775e-07, "dvar2": 0.00102230813354, "dvar": 0.000379361852538, "dmean": 0.0112859671935, "max": 0.192249447107, "var": 0.000635124219116, "mean": 0.0185923092067}, "danceability": 0.942008256912, "bpm_histogram_second_peak_weight": {"dmean2": 0, "median": 0.0678952485323, "min": 0.0678952485323, "dvar2": 0, "dvar": 0, "dmean": 0, "max": 0.0678952485323, "var": 0, "mean": 0.0678952485323}, "beats_count": 1032, "bpm_histogram_second_peak_bpm": {"dmean2": 0, "median": 103, "min": 103, "dvar2": 0, "dvar": 0, "dmean": 0, "max": 103, "var": 0, "mean": 103}, "bpm_histogram_first_peak_spread": {"dmean2": 0, "median": 0.558052420616, "min": 0.558052420616, "dvar2": 0, "dvar": 0, "dmean": 0, "max": 0.558052420616, "var": 0, "mean": 0.558052420616}, "beats_loudness_band_ratio": {"dmean2": [0.162440523505, 0.280099481344, 0.357320606709, 0.215597659349, 0.0980641916394, 0.0116061093286], "median": [0.0643634647131, 0.214399620891, 0.39851129055, 0.124185562134, 0.024538455531, 0.00205951277167], "min": [0.000348615285475, 0.000173308872036, 8.84430992301e-05, 4.87938486913e-05, 3.663125608e-05, 8.98784583114e-06], "dvar2": [0.0389065407217, 0.0579463019967, 0.0886879786849, 0.0466195084155, 0.0313612706959, 0.000721550022718], "dvar": [0.0150650320575, 0.0215480867773, 0.0336371436715, 0.0170116201043, 0.0113238822669, 0.000262306566583], "dmean": [0.0939711406827, 0.164126008749, 0.209508821368, 0.1239714697, 0.0557369589806, 0.0066109909676], "max": [0.999137282372, 0.940875530243, 0.98880636692, 0.914602994919, 0.842648863792, 0.192694395781], "var": [0.0358832515776, 0.0398242287338, 0.0613580867648, 0.0271711740643, 0.0110232913867, 0.000262359157205], "mean": [0.135518908501, 0.257744371891, 0.413948595524, 0.176187694073, 0.061671603471, 0.0074412310496]}}, "lowlevel": {"barkbands_spread": {"dmean2": 2.7676153183, "median": 7.35969877243, "min": 0.0517186038196, "dvar2": 8.33117961884, "dvar": 3.50461030006, "dmean": 1.7767906189, "max": 45.4833717346, "var": 28.4414424896, "mean": 8.39910984039}, "melbands_spread": {"dmean2": 4.46354818344, "median": 11.2026004791, "min": 0.0456839874387, "dvar2": 24.8254642487, "dvar": 10.6874170303, "dmean": 2.86300754547, "max": 125.995315552, "var": 80.431427002, "mean": 13.120798111}, "hfc": {"dmean2": 4.15164041519, "median": 3.22096443176, "min": 1.13785813627e-16, "dvar2": 87.4995346069, "dvar": 43.7749633789, "dmean": 2.91023373604, "max": 304.264556885, "var": 275.917999268, "mean": 10.0826807022}, "barkbands_kurtosis": {"dmean2": 16.5004520416, "median": 1.80544304848, "min": -1.74906826019, "dvar2": 50247.5898438, "dvar": 15932.3154297, "dmean": 9.37751865387, "max": 9620.37109375, "var": 17204.5429688, "mean": 11.7078514099}, "gfcc": {"mean": [-163.051055908, 160.450439453, -138.289962769, -13.8662319183, -54.7033882141, -10.0931100845, -29.538476944, -5.13722419739, -11.1670684814, -2.77859139442, -6.50276947021, -4.94722080231, -5.96032428741], "icov": [[0.000246545067057, -0.000394506467273, 0.000691136636306, -0.00069389899727, 0.000690421147738, -0.000502848823089, 0.000643907929771, -0.000270338205155, 0.000223891707719, -2.43462854996e-05, 4.86477147206e-05, 4.93465995532e-05, 0.000259841792285], [-0.000394506467273, 0.00339255202562, -0.00181764282752, 0.00259280740283, -0.00299027818255, 0.00260666548274, -0.00235564168543, 0.00292460876517, -0.00233827368356, 0.00395664619282, -0.00279998406768, 0.00263573694974, -0.00160845881328], [0.000691136636306, -0.00181764282752, 0.00296004861593, -0.00216001784429, 0.00187485956121, -0.00183989212383, 0.00213938299567, -0.00169120228384, 0.0011380877113, -0.0014546973398, 0.00111860653851, -0.00112069770694, 0.00133657385595], [-0.00069389899727, 0.00259280740283, -0.00216001784429, 0.00537492707372, -0.00328616448678, 0.00164842163213, -0.00198461022228, 0.00136822438799, -0.000523663067725, 0.00177252641879, -0.000341676728567, 0.000685467442963, -0.000209919264307], [0.000690421147738, -0.00299027818255, 0.00187485956121, -0.00328616448678, 0.00784577056766, -0.00366842327639, 0.00232671084814, -0.00163642654661, 0.00154726742767, -0.00200382829644, 0.000868974020705, -0.000614115735516, 0.000602224667091], [-0.000502848823089, 0.00260666548274, -0.00183989212383, 0.00164842163213, -0.00366842327639, 0.0104931946844, -0.00574220856652, 0.00162633496802, 0.00113249581773, -0.00023250337108, 0.00194762775209, -0.00182331877295, -0.000230888603255], [0.000643907929771, -0.00235564168543, 0.00213938299567, -0.00198461022228, 0.00232671084814, -0.00574220856652, 0.012542870827, -0.00528389960527, -0.00110023014713, 0.00163049972616, -0.00158201961312, 0.00171406613663, 0.000607209280133], [-0.000270338205155, 0.00292460876517, -0.00169120228384, 0.00136822438799, -0.00163642654661, 0.00162633496802, -0.00528389960527, 0.0143649755046, -0.00707736797631, 0.00189680943731, 0.000813411781564, -0.0010096746264, 5.47770032426e-05], [0.000223891707719, -0.00233827368356, 0.0011380877113, -0.000523663067725, 0.00154726742767, 0.00113249581773, -0.00110023014713, -0.00707736797631, 0.0186662878841, -0.0113122165203, 0.00253372499719, 0.00181078235619, -0.00181899033487], [-2.43462854996e-05, 0.00395664619282, -0.0014546973398, 0.00177252641879, -0.00200382829644, -0.00023250337108, 0.00163049972616, 0.00189680943731, -0.0113122165203, 0.0226707141846, -0.0112430630252, 0.00302358809859, 0.000209364472539], [4.86477147206e-05, -0.00279998406768, 0.00111860653851, -0.000341676728567, 0.000868974020705, 0.00194762775209, -0.00158201961312, 0.000813411781564, 0.00253372499719, -0.0112430630252, 0.0221968796104, -0.0122865121812, 0.00550168054178], [4.93465995532e-05, 0.00263573694974, -0.00112069770694, 0.000685467442963, -0.000614115735516, -0.00182331877295, 0.00171406613663, -0.0010096746264, 0.00181078235619, 0.00302358809859, -0.0122865121812, 0.0223811995238, -0.0113101666793], [0.000259841792285, -0.00160845881328, 0.00133657385595, -0.000209919264307, 0.000602224667091, -0.000230888603255, 0.000607209280133, 5.47770032426e-05, -0.00181899033487, 0.000209364472539, 0.00550168054178, -0.0113101666793, 0.0173598434776]], "cov": [[19413.4960938, -1103.21240234, -3877.61621094, 1109.53149414, -720.445678711, -17.4400539398, -338.450500488, -321.944885254, -386.440765381, -395.369567871, -216.605697632, -283.641052246, -195.092514038], [-1103.21240234, 1479.30615234, 328.805297852, -411.363769531, 210.470626831, -205.5418396, 55.8275909424, -150.502288818, 41.7456741333, -119.986366272, 52.8133544922, -107.278556824, 30.9640083313], [-3877.61621094, 328.805297852, 1374.35571289, -58.5840110779, 146.307357788, 39.4589271545, 26.855298996, 65.8371582031, 46.1197433472, 65.94972229, 26.4138317108, 54.0687103271, 7.17677736282], [1109.53149414, -411.363769531, -58.5840110779, 476.951171875, 19.4289665222, 79.3914031982, -16.0693798065, 17.0971260071, -56.0350608826, -16.6292819977, -46.1462631226, 2.12066435814, -33.2185516357], [-720.445678711, 210.470626831, 146.307357788, 19.4289665222, 250.157226563, 35.9125976563, 21.8216171265, -9.16764068604, -2.38788557053, -7.09666776657, 3.90928173065, -1.4280654192, 7.9861869812], [-17.4400539398, -205.5418396, 39.4589271545, 79.3914031982, 35.9125976563, 186.805435181, 51.8515701294, 32.9219779968, -20.2328662872, 6.27753210068, -21.9235897064, 26.5019226074, 0.478566348553], [-338.450500488, 55.8275909424, 26.855298996, -16.0693798065, 21.8216171265, 51.8515701294, 147.339630127, 53.4709510803, 32.4941291809, -3.07700061798, -2.38132977486, -12.1248893738, -1.11604869366], [-321.944885254, -150.502288818, 65.8371582031, 17.0971260071, -9.16764068604, 32.9219779968, 53.4709510803, 140.5806427, 59.006980896, 37.5410728455, -5.78633785248, 13.1617527008, 0.592977941036], [-386.440765381, 41.7456741333, 46.1197433472, -56.0350608826, -2.38788557053, -20.2328662872, 32.4941291809, 59.006980896, 121.16267395, 61.6648750305, 16.6876277924, -7.76145982742, 5.52123689651], [-395.369567871, -119.986366272, 65.94972229, -16.6292819977, -7.09666776657, 6.27753210068, -3.07700061798, 37.5410728455, 61.6648750305, 117.696365356, 47.1278648376, 23.7165431976, -4.60141849518], [-216.605697632, 52.8133544922, 26.4138317108, -46.1462631226, 3.90928173065, -21.9235897064, -2.38132977486, -5.78633785248, 16.6876277924, 47.1278648376, 96.4208374023, 42.1052360535, 3.27280306816], [-283.641052246, -107.278556824, 54.0687103271, 2.12066435814, -1.4280654192, 26.5019226074, -12.1248893738, 13.1617527008, -7.76145982742, 23.7165431976, 42.1052360535, 108.670028687, 47.3097877502], [-195.092514038, 30.9640083313, 7.17677736282, -33.2185516357, 7.9861869812, 0.478566348553, -1.11604869366, 0.592977941036, 5.52123689651, -4.60141849518, 3.27280306816, 47.3097877502, 92.6252746582]]}, "spectral_energyband_middle_low": {"dmean2": 0.00430069537833, "median": 0.00359243247658, "min": 2.11492763031e-22, "dvar2": 8.49924836075e-05, "dvar": 3.78592230845e-05, "dmean": 0.00292089558206, "max": 0.280349105597, "var": 0.000212095910683, "mean": 0.00941789615899}, "melbands_crest": {"dmean2": 4.58605909348, "median": 12.3707847595, "min": 2.03847813606, "dvar2": 17.1473941803, "dvar": 6.72048473358, "dmean": 2.83932209015, "max": 39.8970184326, "var": 37.0108718872, "mean": 13.7927284241}, "spectral_kurtosis": {"dmean2": 15.291633606, "median": 17.3681869507, "min": -1.23695421219, "dvar2": 298.743133545, "dvar": 103.678070068, "dmean": 8.87073135376, "max": 181.111801147, "var": 505.92489624, "mean": 25.3826370239}, "spectral_rms": {"dmean2": 0.000594885263126, "median": 0.00229225726798, "min": 3.20986835202e-12, "dvar2": 5.85977659284e-07, "dvar": 3.08419572548e-07, "dmean": 0.000418469426222, "max": 0.0180622246116, "var": 5.09596429765e-06, "mean": 0.00289376988076}, "zerocrossingrate": {"dmean2": 0.00410774489865, "median": 0.03369140625, "min": 0, "dvar2": 1.8283530153e-05, "dvar": 1.28420952024e-05, "dmean": 0.00324876676314, "max": 0.5078125, "var": 0.000272692734143, "mean": 0.0358913354576}, "silence_rate_60dB": {"dmean2": 0.0884458050132, "median": 0, "min": 0, "dvar2": 0.0921174585819, "dvar": 0.0422633513808, "dmean": 0.044221021235, "max": 1, "var": 0.239171117544, "mean": 0.396183013916}, "erbbands_kurtosis": {"dmean2": 2.67545962334, "median": 0.771295189857, "min": -1.74991512299, "dvar2": 25.8795833588, "dvar": 11.2718153, "dmean": 1.70036554337, "max": 113.44077301, "var": 52.188533783, "mean": 2.94898819923}, "erbbands": {"dmean2": [0.00552162202075, 0.0984698683023, 0.407950907946, 0.903020739555, 2.62820219994, 5.04134368896, 9.64466190338, 12.6461076736, 12.761507988, 28.3925418854, 22.0047569275, 31.0224761963, 20.5281829834, 13.9737691879, 22.4269332886, 24.6471595764, 26.3127346039, 19.235906601, 19.5576000214, 17.6771183014, 9.00005245209, 8.16922855377, 5.04711341858, 4.02687263489, 2.99972844124, 1.46263313293, 0.840930998325, 0.475834876299, 0.311213195324, 0.218745052814, 0.107693836093, 0.0606571547687, 0.0280127096921, 0.0102298818529, 0.00468011433259, 0.00152685970534, 0.000459121452877, 0.000109994951345, 1.90713144548e-05, 6.80997663949e-06], "median": [0.000939096440561, 0.0120301488787, 0.0461795851588, 0.137611284852, 0.404950767756, 1.11251497269, 2.21024179459, 3.39343309402, 4.54735279083, 9.05867576599, 7.77540302277, 6.24883365631, 5.45602607727, 5.71277713776, 6.16579532623, 3.49879693985, 3.28476428986, 2.9902203083, 2.18601942062, 1.83362209797, 0.883605360985, 0.618269085884, 0.436995387077, 0.268581807613, 0.173443153501, 0.101286269724, 0.0511551909149, 0.0304260030389, 0.0213831141591, 0.011298420839, 0.00613552052528, 0.00271875271574, 0.00136642623693, 0.000582770328037, 0.000257691310253, 8.77688653418e-05, 2.99115999951e-05, 7.48229513192e-06, 5.04947547597e-06, 6.58210774418e-06], "min": [5.61048831493e-22, 2.07960415553e-21, 7.692019563e-21, 7.58981428973e-21, 2.93608857025e-20, 1.16340135572e-19, 1.2116443385e-19, 1.68782585076e-19, 1.26928228358e-19, 1.53906711112e-19, 1.05485101262e-18, 1.074384159e-18, 1.89567090289e-18, 1.46569849138e-18, 1.67199237307e-18, 1.48868945952e-18, 2.43737370167e-18, 3.27105884897e-18, 4.80731936212e-18, 6.17116317557e-18, 5.54319205635e-18, 1.14510863904e-17, 6.86980612479e-18, 8.17752821521e-18, 7.74961114073e-18, 1.4765663625e-17, 1.46394606789e-17, 1.75095623375e-17, 1.57395298299e-17, 1.68180228018e-17, 1.65649650914e-17, 1.25914193849e-17, 1.16489281406e-17, 8.31367056351e-18, 7.88268878486e-18, 5.75429806125e-18, 3.0806404244e-18, 1.1477522876e-18, 2.84166215516e-19, 3.15436214686e-20], "dvar2": [0.000395745708374, 0.162586003542, 4.31629991531, 16.8416213989, 82.3845748901, 310.908874512, 702.21081543, 1113.86230469, 1011.94628906, 7035.49169922, 2985.77978516, 11187.5693359, 3801.09716797, 1207.89868164, 4697.68945313, 7795.40332031, 10660.6777344, 5454.79345703, 6998.83300781, 7386.28173828, 1414.19750977, 1448.85510254, 1153.42358398, 504.888427734, 171.046066284, 80.4714660645, 35.9316329956, 7.61929988861, 3.65239429474, 3.65201997757, 0.550669670105, 0.722009062767, 0.135830819607, 0.0121907722205, 0.00412807613611, 0.000407068873756, 2.07124103326e-05, 1.00792988178e-06, 3.92487855549e-08, 3.9418551756e-10], "dvar": [0.00014238312724, 0.0573773160577, 1.60171175003, 6.2661690712, 31.5986557007, 133.375183105, 248.150878906, 438.475616455, 439.206634521, 2713.57543945, 1411.54309082, 6051.84423828, 1933.6829834, 530.179931641, 2093.48510742, 3084.73486328, 4499.25048828, 2129.55883789, 3418.77050781, 3338.69995117, 610.235656738, 585.159484863, 428.143768311, 245.735336304, 70.4290008545, 35.256275177, 13.93846035, 3.01008272171, 1.78206682205, 1.48498427868, 0.364191174507, 0.373903125525, 0.0859939754009, 0.00935180764645, 0.00270337425172, 0.000292211916531, 1.5368057575e-05, 7.94410595972e-07, 2.30978063342e-08, 2.30056890205e-10], "dmean": [0.00338329235092, 0.0603072531521, 0.25410965085, 0.553663790226, 1.61803305149, 3.24483537674, 5.96106719971, 7.88815021515, 8.20902824402, 17.9276123047, 14.7388982773, 21.6566829681, 14.1170463562, 9.17505836487, 14.6104536057, 15.4760074615, 16.7778606415, 12.1006183624, 12.717707634, 11.3646221161, 5.66811656952, 5.02724885941, 3.09724116325, 2.57497882843, 1.89412617683, 0.917817831039, 0.525003671646, 0.309222579002, 0.208091288805, 0.142649054527, 0.0754953026772, 0.0426179356873, 0.0205759853125, 0.00764255970716, 0.00353898014873, 0.00123377505224, 0.000353273178916, 8.66574482643e-05, 1.44850600918e-05, 4.84291376779e-06], "max": [0.578922331333, 9.22919940948, 78.4408569336, 138.797561646, 238.586746216, 491.946044922, 593.22253418, 784.63293457, 914.984191895, 2059.77172852, 1249.59362793, 2896.1315918, 1410.27941895, 854.699035645, 1789.6574707, 1164.72131348, 2746.2043457, 2461.39282227, 4693.32177734, 2693.33105469, 1319.70593262, 1557.18481445, 1538.46557617, 1434.50268555, 539.877807617, 482.440032959, 330.71472168, 155.459335327, 192.226409912, 136.212234497, 81.8906936646, 79.6542282104, 43.726726532, 12.222161293, 6.74108886719, 2.41993618011, 0.58576887846, 0.112095929682, 0.0161506645381, 0.00120739324484], "var": [0.000368526991224, 0.115020632744, 3.21344852448, 12.8370113373, 60.1744155884, 326.396