{"metadata": {"tags": {"album": ["Takin' Mine"], "albumartist": ["Various Artists"], "genre": ["Rap"], "artist": ["Heather B."], "date": ["1996"], "tracknumber": ["5"], "title": ["Takin' Mine"], "file_name": "122460.mp3", "musicbrainz_recordingid": ["1c40ebfa-ed21-4a6e-ab7e-f5d264e79889"]}, "audio_properties": {"sample_rate": 44100, "downmix": "mix", "lossless": false, "analysis_sample_rate": 44100, "md5_encoded": "f242c009b0a3b89d5c1c36de0582a042", "equal_loudness": 0, "replay_gain": -10.4817810059, "codec": "mp3", "bit_rate": 192000, "length": 229.51184082}, "version": {"extractor": "music 1.0", "essentia_build_sha": "70f2e5ece6736b2c40cc944ad0e695b16b925413", "essentia_git_sha": "v2.1_beta2", "essentia": "2.1-beta2"}}, "rhythm": {"beats_loudness_band_ratio": {"dvar2": [0.229847386479, 0.0478624738753, 0.0172387734056, 0.0103840939701, 0.0163811799139, 0.0313186198473], "var": [0.168797150254, 0.0123330010101, 0.00761408638209, 0.00663468008861, 0.0181010123342, 0.0360443405807], "min": [0.00017963105347, 0.0010998621583, 6.15617827862e-05, 2.11731021409e-05, 7.0488989877e-05, 4.91961873195e-05], "dmean": [0.707127332687, 0.0874286741018, 0.0972578823566, 0.106412366033, 0.24044008553, 0.330598145723], "mean": [0.448607414961, 0.0791459977627, 0.0725374892354, 0.0713128298521, 0.145663231611, 0.200263440609], "max": [0.998027801514, 0.807196676731, 0.746852874756, 0.764198541641, 0.571765244007, 0.985633969307], "dmean2": [1.4010540247, 0.161478325725, 0.183657124639, 0.204737246037, 0.469950556755, 0.650004506111], "median": [0.15121525526, 0.0521202497184, 0.0753058642149, 0.0780303254724, 0.20750965178, 0.253143161535], "dvar": [0.0762800723314, 0.0178809165955, 0.00602763378993, 0.00403201114386, 0.00396434869617, 0.00976892933249]}, "bpm_histogram_first_peak_weight": {"dvar2": 0, "var": 0, "min": 0.584795355797, "dmean": 0, "mean": 0.584795355797, "max": 0.584795355797, "dmean2": 0, "median": 0.584795355797, "dvar": 0}, "bpm": 90.064239502, "beats_count": 343, "bpm_histogram_first_peak_spread": {"dvar2": 0, "var": 0, "min": 0.404761850834, "dmean": 0, "mean": 0.404761850834, "max": 0.404761850834, "dmean2": 0, "median": 0.404761850834, "dvar": 0}, "danceability": 1.86310482025, "bpm_histogram_first_peak_bpm": {"dvar2": 0, "var": 0, "min": 91, "dmean": 0, "mean": 91, "max": 91, "dmean2": 0, "median": 91, "dvar": 0}, "beats_position": [0.673378646374, 1.369977355, 2.07818579674, 2.80961441994, 3.52943301201, 4.2492518425, 4.94585037231, 5.61922883987, 6.28099775314, 6.94276618958, 7.61614513397, 8.27791404724, 8.93968200684, 9.61306095123, 10.2748298645, 10.9365987778, 11.6099767685, 12.2717456818, 12.933514595, 13.6068935394, 14.268661499, 14.9304304123, 15.6038093567, 16.2655773163, 16.9273471832, 17.600725174, 18.2624931335, 18.9242630005, 19.5976409912, 20.2594108582, 20.9211788177, 21.5945568085, 22.2563266754, 22.918094635, 23.5914726257, 24.2648525238, 24.9150104523, 25.5883903503, 26.2617683411, 26.9235363007, 27.5853061676, 28.2470741272, 28.9088420868, 29.5822219849, 30.2555999756, 30.9173698425, 31.5791378021, 32.2525177002, 32.9142837524, 33.5760536194, 34.2494316101, 34.9112014771, 35.572971344, 36.2347373962, 36.8965072632, 37.5698852539, 38.2432632446, 38.9050331116, 39.5668029785, 40.2401809692, 40.9019508362, 41.5637168884, 42.2370948792, 42.9104766846, 43.560634613, 44.2340126038, 44.8957824707, 45.5691604614, 46.2309303284, 46.8926963806, 47.5544662476, 48.2278442383, 48.8896141052, 49.5629920959, 50.2247619629, 50.8981399536, 51.5599098206, 52.2332878113, 52.8950538635, 53.5684356689, 54.2185935974, 54.8803634644, 55.5421295166, 56.2155075073, 56.8888893127, 57.550655365, 58.2124252319, 58.8858032227, 59.5475730896, 60.2093429565, 60.8827209473, 61.5444869995, 62.2062568665, 62.8796348572, 63.5414047241, 64.2147827148, 64.8765487671, 65.5383224487, 66.200088501, 66.8734664917, 67.5352401733, 68.1970062256, 68.8703842163, 69.5321502686, 70.1939239502, 70.8673019409, 71.5290679932, 72.2024459839, 72.8642196655, 73.5259857178, 74.18775177, 74.8611297607, 75.5345077515, 76.1962814331, 76.8580474854, 77.5314254761, 78.1815872192, 78.8433532715, 79.5167312622, 80.1785049438, 80.8518829346, 81.5136489868, 82.1754150391, 82.8487930298, 83.5221786499, 84.1839447021, 84.8457107544, 85.5190887451, 86.1808624268, 86.8542404175, 87.5160064697, 88.1893844604, 88.8395462036, 89.5013122559, 90.1630859375, 90.8364639282, 91.5098419189, 92.1716079712, 92.8333740234, 93.5067520142, 94.1685256958, 94.830291748, 95.5036697388, 96.1654434204, 96.8272094727, 97.4889755249, 98.1623535156, 98.8241271973, 99.497505188, 100.15927124, 100.821044922, 101.494422913, 102.167800903, 102.829566956, 103.491333008, 104.153106689, 104.814872742, 105.488250732, 106.161628723, 106.835006714, 107.485168457, 108.146934509, 108.808708191, 109.482086182, 110.155464172, 110.817230225, 111.479003906, 112.152381897, 112.814147949, 113.48752594, 114.149291992, 114.811065674, 115.472831726, 116.146209717, 116.819587708, 117.481361389, 118.143127441, 118.804893494, 119.466667175, 120.140045166, 120.801811218, 121.475189209, 122.136962891, 122.798728943, 123.460494995, 124.133872986, 124.795646667, 125.45741272, 126.13079071, 126.792556763, 127.454330444, 128.127700806, 128.801086426, 129.451248169, 130.12461853, 130.79800415, 131.459777832, 132.121536255, 132.794921875, 133.468292236, 134.118453979, 134.780227661, 135.441986084, 136.115371704, 136.788757324, 137.450515747, 138.112289429, 138.78565979, 139.447433472, 140.120819092, 140.782577515, 141.444351196, 142.106124878, 142.779495239, 143.441268921, 144.114639282, 144.776412964, 145.438186646, 146.099945068, 146.773330688, 147.446716309, 148.108474731, 148.770248413, 149.443618774, 150.093780518, 150.767166138, 151.440536499, 152.102310181, 152.764083862, 153.425842285, 154.087615967, 154.761001587, 155.434371948, 156.09614563, 156.757904053, 157.419677734, 158.081451416, 158.754821777, 159.428207397, 160.089981079, 160.751739502, 161.413513184, 162.075286865, 162.748657227, 163.422042847, 164.08380127, 164.745574951, 165.418960571, 166.080718994, 166.754104614, 167.415863037, 168.089248657, 168.774230957, 169.436004639, 170.09777832, 170.759536743, 171.409698486, 172.071472168, 172.73324585, 173.406616211, 174.068389893, 174.730148315, 175.403533936, 176.065307617, 176.72706604, 177.40045166, 178.073822021, 178.735595703, 179.397369385, 180.070739746, 180.720901489, 181.394287109, 182.067657471, 182.729431152, 183.391204834, 184.064575195, 184.726348877, 185.399719238, 186.06149292, 186.723266602, 187.385025024, 188.046798706, 188.708572388, 189.381942749, 190.055328369, 190.717086792, 191.378860474, 192.052246094, 192.714004517, 193.375778198, 194.049163818, 194.72253418, 195.372695923, 196.034469604, 196.707839966, 197.381225586, 198.042984009, 198.70475769, 199.366531372, 200.039901733, 200.713287354, 201.375045776, 202.036819458, 202.710205078, 203.371963501, 204.045349121, 204.707122803, 205.380493164, 206.030654907, 206.692428589, 207.354187012, 208.027572632, 208.700942993, 209.362716675, 210.024490356, 210.697860718, 211.359634399, 212.021408081, 212.694778442, 213.368164062, 214.018310547, 214.691696167, 215.365081787, 216.02684021, 216.688613892, 217.350387573, 218.012145996, 218.685531616, 219.358901978, 220.020675659, 220.682449341, 221.355819702, 222.005981445, 222.679367065, 223.352737427, 224.014511108, 224.676269531, 225.349655151, 226.023040771, 226.696411133, 227.381408691, 228.066390991, 228.751373291], "beats_loudness": {"dvar2": 0.0519254952669, "var": 0.0182867944241, "min": 2.7297772931e-09, "dmean": 0.152962803841, "mean": 0.100563369691, "max": 0.528818488121, "dmean2": 0.292530894279, "median": 0.0332991145551, "dvar": 0.0224912017584}, "bpm_histogram_second_peak_weight": {"dvar2": 0, "var": 0, "min": 0.00877192988992, "dmean": 0, "mean": 0.00877192988992, "max": 0.00877192988992, "dmean2": 0, "median": 0.00877192988992, "dvar": 0}, "bpm_histogram_second_peak_spread": {"dvar2": 0, "var": 0, "min": 0.5, "dmean": 0, "mean": 0.5, "max": 0.5, "dmean2": 0, "median": 0.5, "dvar": 0}, "bpm_histogram_second_peak_bpm": {"dvar2": 0, "var": 0, "min": 83, "dmean": 0, "mean": 83, "max": 83, "dmean2": 0, "median": 83, "dvar": 0}, "onset_rate": 4.97975730896}, "lowlevel": {"spectral_energyband_high": {"dvar2": 2.74438048109e-06, "var": 2.09384961636e-06, "min": 7.24736474731e-21, "dmean": 0.000601194624323, "mean": 0.00070546841016, "max": 0.0136886322871, "dmean2": 0.000843217596412, "median": 0.000169412058312, "dvar": 1.39462144944e-06}, "spectral_energyband_middle_low": {"dvar2": 0.000464433513116, "var": 0.000121446952107, "min": 2.65077307532e-22, "dmean": 0.00445733079687, "mean": 0.00502628600225, "max": 0.180162727833, "dmean2": 0.0075823739171, "median": 0.00199279165827, "dvar": 0.000164090641192}, "spectral_energy": {"dvar2": 0.00291144591756, "var": 0.00467531802133, "min": 1.02202445987e-20, "dmean": 0.0183206107467, "mean": 0.0323467217386, "max": 0.540192842484, "dmean2": 0.0252760350704, "median": 0.00763382762671, "dvar": 0.00184178201016}, "spectral_spread": {"dvar2": 3821873397760.0, "var": 5818051198980.0, "min": 954226.375, "dmean": 1040588.1875, "mean": 5431528.5, "max": 41407104, "dmean2": 1526745.125, "median": 4864033, "dvar": 1876792573950.0}, "spectral_energyband_low": {"dvar2": 0.00309412670322, "var": 0.00428993208334, "min": 3.64863157022e-23, "dmean": 0.0152155794203, "mean": 0.0250100120902, "max": 0.522988319397, "dmean2": 0.02166829817, "median": 0.000605690060183, "dvar": 0.00187362264842}, "spectral_rolloff": {"dvar2": 5860689.5, "var": 7182866, "min": 64.599609375, "dmean": 1004.64959717, "mean": 2130.58740234, "max": 19616.7480469, "dmean2": 1594.6081543, "median": 1184.32617188, "dvar": 3050219}, "barkbands": {"dvar2": [1.42800487879e-07, 0.00501024303958, 0.00180470361374, 0.000234332823311, 4.40784533566e-05, 5.88638204135e-06, 8.14572445051e-07, 4.77572143609e-07, 4.73593945571e-06, 8.59442366163e-07, 4.942054602e-06, 2.38898542193e-06, 1.3520216271e-06, 1.43597878832e-06, 5.92420337853e-06, 7.43164036976e-07, 8.19251397388e-07, 1.93751316147e-06, 6.62804836793e-07, 2.24821349093e-07, 1.80800711291e-07, 1.7142504305e-07, 1.08002090826e-07, 8.96403591355e-08, 6.24158715823e-08, 1.88008613122e-08, 4.13179018777e-10], "var": [1.48014237311e-07, 0.00246000452898, 0.000466285040602, 4.79682566947e-05, 1.3366229723e-05, 2.49630215876e-06, 2.53769428582e-07, 2.56240042518e-07, 2.28950284509e-06, 3.67842460491e-07, 1.69815427853e-06, 8.50415631248e-07, 6.47357580874e-07, 4.90879756398e-07, 1.50377445607e-06, 3.84464215131e-07, 2.96163563007e-07, 6.62770503368e-07, 3.69456586213e-07, 1.44499594512e-07, 1.44651338019e-07, 1.07229276125e-07, 7.52999369524e-08, 5.60080941625e-08, 2.59506247602e-08, 1.11269438108e-08, 1.85145135334e-10], "min": [3.84549457013e-24, 5.42294619571e-24, 8.88532198697e-25, 1.22488136693e-23, 3.55334316821e-23, 2.79779649011e-23, 2.33448364989e-23, 2.83426773857e-23, 3.04736021054e-23, 3.10233655811e-23, 4.37129410817e-23, 3.68483681478e-23, 2.68920883987e-23, 7.49351974297e-23, 3.74947449963e-23, 8.92467372158e-23, 8.29214232858e-23, 1.53986973985e-22, 1.4647489771e-22, 2.04659978036e-22, 2.78589573449e-22, 3.09068382036e-22, 5.63273646438e-22, 7.00001896296e-22, 1.11878076163e-21, 1.41483377176e-21, 2.03671576974e-21], "dmean": [0.000133779918542, 0.0146266892552, 0.00745027372614, 0.0021995534189, 0.00128454447258, 0.000825283001177, 0.000227116965107, 0.000165395918884, 0.00064657384064, 0.000162901618751, 0.000476991088362, 0.00032530183671, 0.000306747184368, 0.000273432699032, 0.000421969976742, 0.000216468732106, 0.000175925291842, 0.0002544374438, 0.00017139101692, 0.000127615305246, 0.000131746099214, 0.000121939396195, 0.000128995219711, 0.000104548053059, 5.09433448315e-05, 2.85366386379e-05, 4.78591891806e-06], "mean": [0.00021709788416, 0.0169169474393, 0.0068600224331, 0.00161947286688, 0.00129310868215, 0.000964709965046, 0.000212563230889, 0.000173441745574, 0.000689121894538, 0.000158756694873, 0.000464996497612, 0.000295963400276, 0.00030919740675, 0.000244244991336, 0.00033752026502, 0.000229276862228, 0.000172898318851, 0.000242095688009, 0.000177983951289, 0.000129252104671, 0.000147591694258, 0.00012860923016, 0.000153338725795, 0.00011788518168, 5.39942411706e-05, 3.19601058436e-05, 4.51272899227e-06], "max": [0.00280656246468, 0.469073712826, 0.234848827124, 0.110033847392, 0.0668097138405, 0.0273668263108, 0.0109680229798, 0.0116268638521, 0.0165953449905, 0.0177233573049, 0.0198034755886, 0.0134867867455, 0.0118858665228, 0.0110519025475, 0.0157356336713, 0.00713132694364, 0.0072605018504, 0.00955087784678, 0.00690978299826, 0.00329229352064, 0.00449719559401, 0.00335538946092, 0.0034687879961, 0.00397042185068, 0.00523164542392, 0.00267602130771, 0.0004148731241], "dmean2": [0.000207441145903, 0.0240522306412, 0.0134657621384, 0.00406147446483, 0.00220328359865, 0.00135558156762, 0.000381971971365, 0.000265406037215, 0.00101735431235, 0.000266039656708, 0.00078293500701, 0.000541108776815, 0.000490605656523, 0.000453646498499, 0.000722358876374, 0.000340074417181, 0.000280202220893, 0.000409449043218, 0.000256076426012, 0.000196595312445, 0.00018363595882, 0.000178193047759, 0.00018670350255, 0.000148791790707, 7.72726416471e-05, 4.29825668107e-05, 7.84025451139e-06], "median": [1.74433898792e-05, 0.000330214388669, 8.50120486575e-05, 2.89177914965e-05, 0.000143585944897, 0.000326824578224, 3.63986728189e-05, 2.20050606003e-05, 0.000102279744169, 1.37609567901e-05, 4.45970290457e-05, 2.07920311368e-05, 3.66029125871e-05, 2.65264570771e-05, 3.01759155263e-05, 2.80902113445e-05, 2.61915847659e-05, 3.8695121475e-05, 2.31832127611e-05, 1.77654073923e-05, 2.3351789423e-05, 2.57641586359e-05, 4.01732395403e-05, 1.89242746274e-05, 5.95183519181e-06, 3.63204708265e-06, 2.34968013046e-07], "dvar": [6.36638688434e-08, 0.00192584597971, 0.000577203580178, 7.93741492089e-05, 1.61761090567e-05, 2.2871620331e-06, 3.05745601281e-07, 2.06408657277e-07, 1.98998668566e-06, 3.62288091083e-07, 1.86706779459e-06, 9.15912380606e-07, 5.60971045616e-07, 5.51330970211e-07, 2.15698764805e-06, 3.16758018926e-07, 3.31388292807e-07, 7.58085036523e-07, 3.1135400036e-07, 1.13823858783e-07, 9.60656407756e-08, 8.28294659527e-08, 5.15782012656e-08, 4.18673131719e-08, 2.48873757158e-08, 7.92980614506e-09, 1.6387929902e-10]}, "melbands_skewness": {"dvar2": 7.97723054886, "var": 13.0819416046, "min": -3.06623697281, "dmean": 1.67505455017, "mean": 3.65637016296, "max": 26.3970069885, "dmean2": 2.45562148094, "median": 2.61084151268, "dvar": 3.94078946114}, "barkbands_skewness": {"dvar2": 8.69455337524, "var": 10.1815776825, "min": -6.93470144272, "dmean": 1.42907357216, "mean": 2.26236343384, "max": 31.9903297424, "dmean2": 2.06721448898, "median": 1.46323227882, "dvar": 3.86775493622}, "erbbands": {"dvar2": [1.22725784779, 333.234069824, 1591.28747559, 2240.10717773, 1406.61437988, 341.377441406, 180.173080444, 614.881896973, 328.210418701, 137.742843628, 371.179351807, 2793.99853516, 1737.77233887, 1142.4942627, 9980.97753906, 4259.74951172, 2767.36083984, 2580.00390625, 10819.9570312, 9123.98828125, 1801.75793457, 2133.86938477, 7457.73632812, 3284.04956055, 1002.46166992, 473.778991699, 550.016601562, 181.506500244, 217.386108398, 210.368103027, 55.5827674866, 48.4583930969, 21.3624763489, 9.54111480713, 2.64478850365, 0.68805128336, 0.047579947859, 0.00117988791317, 1.21368893815e-05, 4.39810499131e-08], "var": [0.67346483469, 171.101516724, 755.033996582, 492.63671875, 300.929382324, 127.465660095, 91.9412841797, 238.323181152, 102.482055664, 58.9958839417, 183.30166626, 1407.5369873, 788.134521484, 385.384613037, 3473.7487793, 1340.36474609, 1285.22387695, 1030.44921875, 3005.35058594, 2704.921875, 799.213317871, 834.529052734, 2343.30395508, 1490.46264648, 678.538635254, 278.755432129, 308.701904297, 174.31829834, 125.178367615, 154.153549194, 38.9349365234, 29.4918689728, 12.3348770142, 3.95440793037, 1.18795502186, 0.343103051186, 0.0287264864892, 0.000770972750615, 5.37562300451e-06, 2.00753422774e-08], "min": [2.61384832651e-22, 1.00834821186e-21, 2.1497830392e-21, 2.62483100706e-20, 6.2971133921e-20, 9.19127424505e-20, 1.13260206109e-19, 1.98438095711e-19, 1.50933475023e-19, 3.64088251205e-19, 4.60018920083e-19, 7.72890215711e-19, 9.74063177322e-19, 9.59179096175e-19, 1.64606677491e-18, 1.91256565331e-18, 1.63539387026e-18, 3.72365899294e-18, 3.02928946556e-18, 3.3629383491e-18, 6.15419728761e-18, 5.42303538698e-18, 9.61146483223e-18, 8.28387965375e-18, 8.85670719103e-18, 1.05279842597e-17, 1.31813844501e-17, 1.40086725961e-17, 1.01885242255e-17, 1.02245983992e-17, 1.44652068111e-17, 1.26886114525e-17, 9.08223798504e-18, 9.89341182556e-18, 8.27511236644e-18, 4.44853308015e-18, 2.51100311595e-18, 1.04336012974e-18, 3.09993482577e-19, 3.05294624947e-20], "dmean": [0.250921905041, 3.75069665909, 7.86348390579, 7.63625049591, 5.41007471085, 4.17745304108, 4.37136220932, 7.74756193161, 4.65373563766, 2.91514754295, 4.50101137161, 15.3200397491, 9.04118251801, 6.38364124298, 22.2525157928, 12.6691360474, 13.5936822891, 12.2035427094, 20.4940662384, 18.3215122223, 9.96811199188, 9.2690448761, 14.7111196518, 11.3990678787, 7.08353662491, 5.58404779434, 6.35647583008, 4.4103717804, 3.97222161293, 5.60686206818, 2.8461561203, 2.4607129097, 1.45677435398, 0.658844947815, 0.340185582638, 0.152119204402, 0.0463071614504, 0.0086356876418, 0.00075628887862, 6.43276580377e-05], "mean": [0.334279179573, 4.25918722153, 9.34309387207, 6.2095246315, 4.45232582092, 4.34731149673, 5.30270004272, 8.50674629211, 4.54633903503, 3.0384323597, 4.99340248108, 16.5881710052, 9.16983509064, 6.66730499268, 22.0206718445, 11.9201850891, 13.9093370438, 12.001996994, 17.711648941, 16.5626831055, 10.7573642731, 9.49138355255, 13.4135389328, 11.4494972229, 7.74510288239, 5.5999994278, 6.65351963043, 5.17322158813, 4.1302947998, 6.43516635895, 3.40281319618, 2.73347067833, 1.62630701065, 0.715633511543, 0.355691879988, 0.165492236614, 0.0516728460789, 0.00986431725323, 0.000689372594934, 7.66581069911e-05], "max": [8.7285451889, 121.499015808, 302.891937256, 265.183776855, 385.829528809, 164.412445068, 165.806045532, 275.922973633, 174.583587646, 164.412826538, 322.571044922, 399.689331055, 665.455688477, 629.711791992, 911.340759277, 560.099853516, 496.139160156, 513.905456543, 696.843566895, 763.07800293, 484.186309814, 337.901641846, 643.426208496, 471.94744873, 244.351257324, 141.633209229, 207.494873047, 127.63104248, 118.738204956, 120.536514282, 86.5589065552, 121.91444397, 49.1802597046, 59.3101234436, 34.6056861877, 16.3097229004, 4.07280302048, 0.805217146873, 0.0637946054339, 0.00171138870064], "dmean2": [0.400446265936, 6.16770458221, 13.0375270844, 14.0336685181, 9.77373695374, 7.10832595825, 7.06944131851, 12.8417081833, 7.89109945297, 4.65533256531, 7.28179359436, 24.0546894073, 14.2267551422, 10.3402872086, 36.3166809082, 21.2296657562, 21.8566951752, 19.8030567169, 34.589214325, 30.1961402893, 15.6093177795, 14.6334667206, 24.0328388214, 17.3032093048, 10.5139808655, 8.66629695892, 9.57271099091, 6.08414697647, 5.78476572037, 8.01734256744, 4.12038421631, 3.49285268784, 2.14624762535, 0.987707972527, 0.517161667347, 0.230673760176, 0.0699185356498, 0.0126710226759, 0.00124840787612, 0.00010250579362], "median": [0.0100722508505, 0.0677697509527, 0.124243080616, 0.121872439981, 0.249568164349, 0.504294633865, 1.4631459713, 2.46814823151, 1.04849982262, 0.529335260391, 1.06876373291, 2.59655117989, 1.30957102776, 1.24125123024, 2.32163643837, 1.42912244797, 1.8636739254, 1.76118135452, 2.20234489441, 1.86947751045, 1.55183410645, 1.58974838257, 2.01268959045, 1.65018188953, 1.02937173843, 0.845518529415, 1.14822423458, 0.751561939716, 0.789863348007, 1.46434283257, 0.912146508694, 0.452290505171, 0.260428160429, 0.0956011116505, 0.0318918712437, 0.0171982515603, 0.0061575579457, 0.00104947725777, 4.14299865952e-05, 1.83401280083e-05], "dvar": [0.489971488714, 130.723876953, 608.126708984, 733.11138916, 485.002227783, 130.548950195, 74.994972229, 235.35067749, 121.969436646, 57.0903434753, 157.096282959, 1185.04943848, 740.124206543, 432.251586914, 3781.02294922, 1592.12353516, 1128.02966309, 1023.58990479, 4006.4765625, 3407.92749023, 736.331726074, 883.217102051, 2876.20947266, 1410.85742188, 515.972290039, 231.463104248, 257.29083252, 103.932754517, 101.998840332, 104.41860199, 26.5067424774, 22.4920883179, 9.68941879272, 3.82004499435, 1.07311117649, 0.28079995513, 0.020127357915, 0.000514337327331, 4.84861220684e-06, 1.75942940217e-08]}, "silence_rate_30dB": {"dvar2": 0.0642705634236, "var": 0.0698579251766, "min": 0, "dmean": 0.0343955494463, "mean": 0.924438595772, "max": 1, "dmean2": 0.068798057735, "median": 1, "dvar": 0.033216688782}, "melbands_spread": {"dvar2": 1494.20996094, "var": 1628.94836426, "min": 0.313730061054, "dmean": 16.7191009521, "mean": 31.5224304199, "max": 284.181030273, "dmean2": 24.4529037476, "median": 17.1087379456, "dvar": 731.745910645}, "melbands_crest": {"dvar2": 37.8344802856, "var": 34.4537887573, "min": 1.78860557079, "dmean": 4.53061246872, "mean": 16.3339138031, "max": 33.2313499451, "dmean2": 7.36096382141, "median": 16.7015724182, "dvar": 15.3802633286}, "zerocrossingrate": {"dvar2": 0.000954946794081, "var": 0.00505166174844, "min": 0.001953125, "dmean": 0.0240290183574, "mean": 0.0779779106379, "max": 0.56689453125, "dmean2": 0.025583140552, "median": 0.05859375, "dvar": 0.000906343979295}, "barkbands_kurtosis": {"dvar2": 8209.28417969, "var": 3551.50439453, "min": -1.95848965645, "dmean": 17.4399147034, "mean": 20.0191745758, "max": 1208.83837891, "dmean2": 27.2008495331, "median": 2.94861865044, "dvar": 3181.48803711}, "spectral_flux": {"dvar2": 0.00687228422612, "var": 0.00928418710828, "min": 6.37562294625e-11, "dmean": 0.038510825485, "mean": 0.0915873795748, "max": 0.648605167866, "dmean2": 0.059003341943, "median": 0.061860203743, "dvar": 0.00366909382865}, "barkbands_crest": {"dvar2": 33.2263679504, "var": 30.4614295959, "min": 2.19972968102, "dmean": 4.12928152084, "mean": 12.3434152603, "max": 26.3992042542, "dmean2": 6.687915802, "median": 11.7962694168, "dvar": 13.164308548}, "barkbands_flatness_db": {"dvar2": 0.00358907389455, "var": 0.0074903536588, "min": 0.0219223722816, "dmean": 0.0415334813297, "mean": 0.169882804155, "max": 0.574214935303, "dmean2": 0.0593383908272, "median": 0.159879297018, "dvar": 0.00187915214337}, "spectral_entropy": {"dvar2": 0.197062715888, "var": 0.41194960475, "min": 4.40106105804, "dmean": 0.314620733261, "mean": 7.49589061737, "max": 9.81476593018, "dmean2": 0.438888013363, "median": 7.49163341522, "dvar": 0.102237015963}, "pitch_salience": {"dvar2": 0.0266605075449, "var": 0.0309589095414, "min": 0.0412980541587, "dmean": 0.114536643028, "mean": 0.504729270935, "max": 0.889969944954, "dmean2": 0.180943444371, "median": 0.524400830269, "dvar": 0.0118234343827}, "erbbands_spread": {"dvar2": 782.014221191, "var": 836.031188965, "min": 2.05412912369, "dmean": 16.4210968018, "mean": 43.1387863159, "max": 225.821868896, "dmean2": 24.9046096802, "median": 35.8795700073, "dvar": 340.668731689}, "dynamic_complexity": 5.04428958893, "spectral_contrast_valleys": {"dvar2": [0.59477609396, 0.81101667881, 0.727624416351, 0.639990985394, 0.654572606087, 0.722893893719], "var": [3.28305983543, 2.11362576485, 1.93719673157, 1.91511964798, 2.02711820602, 2.3553955555], "min": [-28.1167221069, -27.3532886505, -27.7366333008, -27.5223522186, -27.4216842651, -27.368812561], "dmean": [0.554564416409, 0.621620237827, 0.544663727283, 0.512829363346, 0.54842120409, 0.628472745419], "mean": [-8.1814699173, -8.07738876343, -8.58351898193, -8.78806591034, -8.52963829041, -10.6308898926], "max": [-4.8493437767, -5.22264385223, -5.1602678299, -5.11921215057, -5.29519939423, -7.61368751526], "dmean2": [0.80685031414, 0.93862259388, 0.822340130806, 0.744432151318, 0.739850640297, 0.757966637611], "median": [-8.19507980347, -8.01785373688, -8.50555419922, -8.71141815186, -8.48755645752, -10.528842926], "dvar": [0.371965676546, 0.401535183191, 0.353979021311, 0.320574045181, 0.340609371662, 0.400625437498]}, "hfc": {"dvar2": 666.256591797, "var": 427.100280762, "min": 1.12427649236e-16, "dmean": 8.89652442932, "mean": 13.2640542984, "max": 189.351028442, "dmean2": 12.6901664734, "median": 7.08949232101, "dvar": 308.908630371}, "spectral_kurtosis": {"dvar2": 29.9103221893, "var": 27.0856132507, "min": -1.44107162952, "dmean": 2.04947853088, "mean": 4.21418523788, "max": 114.878242493, "dmean2": 3.20267033577, "median": 3.21615457535, "dvar": 13.1603345871}, "mfcc": {"mean": [-729.041809082, 93.9902114868, 10.1540126801, 20.7853717804, 8.06386756897, 12.6652431488, -1.92658615112, 8.92637348175, -4.18170642853, 2.53652906418, -0.0999802425504, 1.14009404182, -0.272577106953], "cov": [[11708.3212891, -68.0333709717, -146.932098389, 317.461181641, 77.0432128906, 246.341659546, -77.8184509277, 133.713531494, 37.6295013428, 142.639648438, 13.5274562836, 77.4382476807, 80.8818359375], [-68.0333709717, 2632.31616211, 67.5188980103, 223.980728149, 255.51864624, 227.461532593, 259.05456543, 161.875106812, 51.0630264282, 47.2382240295, 49.8744621277, 12.3886461258, 6.73785305023], [-146.932098389, 67.5188980103, 1615.19604492, 481.394897461, 343.053955078, 167.160675049, 161.183258057, 67.9932861328, 60.6263847351, 47.0614547729, 1.07377493382, 85.7304153442, -22.9066257477], [317.461181641, 223.980728149, 481.394897461, 643.254760742, 343.021087646, 93.9866943359, 24.5453109741, 67.5822296143, 110.69052887, 34.6859970093, 6.86942481995, 52.0965881348, 23.9571418762], [77.0432128906, 255.51864624, 343.053955078, 343.021087646, 507.52130127, 131.667617798, 4.33028411865, 33.6922149658, 96.4575119019, 45.8928337097, 0.889060199261, 27.5097751617, 20.774269104], [246.341659546, 227.461532593, 167.160675049, 93.9866943359, 131.667617798, 348.138092041, 200.14125061, 75.0767211914, 87.9149475098, 52.3967971802, 60.0113945007, 26.1630020142, 20.1196308136], [-77.8184509277, 259.05456543, 161.183258057, 24.5453109741, 4.33028411865, 200.14125061, 361.507781982, 114.335838318, 36.981300354, 20.3896121979, 77.2345275879, 27.5955295563, 18.6404323578], [133.713531494, 161.875106812, 67.9932861328, 67.5822296143, 33.6922149658, 75.0767211914, 114.335838318, 207.790725708, 75.8593063354, 27.2658004761, 25.7735328674, 28.3859825134, 20.7035446167], [37.6295013428, 51.0630264282, 60.6263847351, 110.69052887, 96.4575119019, 87.9149475098, 36.981300354, 75.8593063354, 195.868713379, 69.6484909058, 26.3306598663, 19.5557479858, 0.971604585648], [142.639648438, 47.2382240295, 47.0614547729, 34.6859970093, 45.8928337097, 52.3967971802, 20.3896121979, 27.2658004761, 69.6484909058, 150.274353027, 57.208782196, 12.9061946869, -9.79566192627], [13.5274562836, 49.8744621277, 1.07377493382, 6.86942481995, 0.889060199261, 60.0113945007, 77.2345275879, 25.7735328674, 26.3306598663, 57.208782196, 123.277122498, 30.5844554901, 5.56528902054], [77.4382476807, 12.3886461258, 85.7304153442, 52.0965881348, 27.5097751617, 26.1630020142, 27.5955295563, 28.3859825134, 19.5557479858, 12.9061946869, 30.5844554901, 98.1300964355, 26.4550266266], [80.8818359375, 6.73785305023, -22.9066257477, 23.9571418762, 20.774269104, 20.1196308136, 18.6404323578, 20.7035446167, 0.971604585648, -9.79566192627, 5.56528902054, 26.4550266266, 101.930587769]], "icov": [[9.37784425332e-05, 1.07416317405e-05, 3.23812782881e-05, -8.1950413005e-05, 4.80127928313e-05, -0.000133130641188, 9.13923722692e-05, -8.24586677481e-05, 0.000106154016976, -0.000119596130389, 6.22639490757e-05, -5.57588828087e-05, -3.34902360919e-05], [1.07416317405e-05, 0.000454609515145, 0.000106463310658, -0.000119940043078, -0.000221329726628, -9.73664500634e-05, -0.00027678348124, -0.000234462873777, 0.000233246537391, -0.000107765823486, 7.49528626329e-05, 4.28028797614e-05, 0.000148326536873], [3.23812782881e-05, 0.000106463310658, 0.000964273174759, -0.000601882406045, -0.000306479865685, -0.000118537231174, -0.000515738327522, 7.04060266798e-06, 0.000413596746512, -0.000332802854246, 0.000567795010284, -0.000682628829964, 0.000614418298937], [-8.1950413005e-05, -0.000119940043078, -0.000601882406045, 0.00301890005358, -0.00146902725101, 0.000367678410839, 0.000193649873836, -0.00023462959507, -0.000963769387454, 0.000498736393638, -0.00026541762054, -0.000361643295037, -0.000367311236914], [4.80127928313e-05, -0.000221329726628, -0.000306479865685, -0.00146902725101, 0.0037096850574, -0.0012118096929, 0.000970984809101, 0.000252019061008, -0.000519122753758, -0.000369654182578, 0.000334975018632, 0.00018120961613, -0.00058859330602], [-0.000133130641188, -9.73664500634e-05, -0.000118537231174, 0.000367678410839, -0.0012118096929, 0.00548339821398, -0.00282359705307, 0.00052092858823, -0.00149186246563, -0.000294155965094, -0.000532801263034, 0.000171611463884, -0.000455291679827], [9.13923722692e-05, -0.00027678348124, -0.000515738327522, 0.000193649873836, 0.000970984809101, -0.00282359705307, 0.00581299234182, -0.00212294445373, 0.000548354233615, 0.0010028911056, -0.00239364802837, 0.000373343675165, -0.000363094499335], [-8.24586677481e-05, -0.000234462873777, 7.04060266798e-06, -0.00023462959507, 0.000252019061008, 0.00052092858823, -0.00212294445373, 0.00710792280734, -0.0024433019571, -0.000107707790448, 0.000537048093975, -0.000890763592906, -0.000857213512063], [0.000106154016976, 0.000233246537391, 0.000413596746512, -0.000963769387454, -0.000519122753758, -0.00149186246563, 0.000548354233615, -0.0024433019571, 0.00823601428419, -0.00296814320609, 0.000547542702407, -0.000490769103635, 0.000749807513785], [-0.000119596130389, -0.000107765823486, -0.000332802854246, 0.000498736393638, -0.000369654182578, -0.000294155965094, 0.0010028911056, -0.000107707790448, -0.00296814320609, 0.0100489975885, -0.00462882360443, 0.00050901225768, 0.000996521674097], [6.22639490757e-05, 7.49528626329e-05, 0.000567795010284, -0.00026541762054, 0.000334975018632, -0.000532801263034, -0.00239364802837, 0.000537048093975, 0.000547542702407, -0.00462882360443, 0.0125755928457, -0.00332923140377, 0.000228570439504], [-5.57588828087e-05, 4.28028797614e-05, -0.000682628829964, -0.000361643295037, 0.00018120961613, 0.000171611463884, 0.000373343675165, -0.000890763592906, -0.000490769103635, 0.00050901225768, -0.00332923140377, 0.0129830949008, -0.00311940629035], [-3.34902360919e-05, 0.000148326536873, 0.000614418298937, -0.000367311236914, -0.00058859330602, -0.000455291679827, -0.000363094499335, -0.000857213512063, 0.000749807513785, 0.000996521674097, 0.000228570439504, -0.00311940629035, 0.0113878650591]]}, "silence_rate_20dB": {"dvar2": 0.0241082888097, "var": 0.00782701652497, "min": 0, "dmean": 0.00971168465912, "mean": 0.992110073566, "max": 1, "dmean2": 0.0194253344089, "median": 1, "dvar": 0.00961627066135}, "melbands_kurtosis": {"dvar2": 8605.37988281, "var": 8656.63476562, "min": -1.91282641888, "dmean": 31.3062343597, "mean": 45.1668243408, "max": 1086.98303223, "dmean2": 46.9383277893, "median": 9.47461128235, "dvar": 4242.12109375}, "barkbands_spread": {"dvar2": 392.145935059, "var": 433.620483398, "min": 0.163485616446, "dmean": 11.0998754501, "mean": 22.9164485931, "max": 127.046363831, "dmean2": 16.4159126282, "median": 16.6467437744, "dvar": 184.054489136}, "erbbands_skewness": {"dvar2": 1.00682294369, "var": 1.44921803474, "min": -4.62516355515, "dmean": 0.715759515762, "mean": 0.346968144178, "max": 6.78062582016, "dmean2": 1.0448666811, "median": 0.287434220314, "dvar": 0.470335572958}, "average_loudness": 0.899975061417, "spectral_centroid": {"dvar2": 680690.75, "var": 1195179.75, "min": 105.123199463, "dmean": 467.728881836, "mean": 1488.26916504, "max": 11547.9912109, "dmean2": 670.326538086, "median": 1245.71203613, "dvar": 355763.25}, "dissonance": {"dvar2": 0.00247594132088, "var": 0.00209290790372, "min": 0.160417214036, "dmean": 0.0290333218873, "mean": 0.451336592436, "max": 0.500000119209, "dmean2": 0.0468697026372, "median": 0.46548217535, "dvar": 0.0010035285959}, "erbbands_flatness_db": {"dvar2": 0.00159930821974, "var": 0.00324184866622, "min": 0.0379189401865, "dmean": 0.0301670003682, "mean": 0.165639609098, "max": 0.407640725374, "dmean2": 0.0431489571929, "median": 0.157705575228, "dvar": 0.000841271015815}, "spectral_strongpeak": {"dvar2": 1.08071243763, "var": 0.657256543636, "min": 0, "dmean": 0.459292769432, "mean": 0.655863046646, "max": 7.44965457916, "dmean2": 0.738643288612, "median": 0.328048676252, "dvar": 0.441502660513}, "spectral_rms": {"dvar2": 5.83116934649e-06, "var": 1.54409244715e-05, "min": 3.15768440041e-12, "dmean": 0.00131900107954, "mean": 0.00401457352564, "max": 0.0229568593204, "dmean2": 0.00175950978883, "median": 0.00272903591394, "dvar": 4.09467429563e-06}, "silence_rate_60dB": {"dvar2": 0.202366486192, "var": 0.197590410709, "min": 0, "dmean": 0.11532625556, "mean": 0.2710904181, "max": 1, "dmean2": 0.230675846338, "median": 0, "dvar": 0.102030918002}, "melbands": {"dvar2": [0.000242064954364, 0.000243611109909, 6.02141226409e-05, 3.61351112588e-06, 2.2807358846e-07, 2.74655292287e-07, 6.30378593769e-08, 1.61333915116e-08, 3.44234507565e-08, 1.22151291748e-07, 4.41730314549e-08, 1.62419411254e-08, 1.00166822392e-07, 4.71336925045e-08, 1.60425539519e-08, 1.4956766492e-08, 9.93741622324e-09, 2.67781352647e-08, 3.36281189561e-08, 6.20634610371e-09, 2.73459410671e-09, 1.60107160863e-09, 6.55944720762e-09, 4.81742246095e-09, 2.13251194481e-09, 8.62732163487e-10, 3.42308792423e-10, 2.07602698921e-10, 3.04109015747e-10, 8.3880125068e-11, 6.691962956e-11, 9.1772506261e-11, 5.11433811967e-11, 9.00096525092e-11, 1.68357688901e-11, 2.14151803929e-11, 2.02320278586e-11, 1.0556455883e-11, 1.04481874541e-11, 6.56572886337e-12], "var": [0.000119183343486, 0.000237577580265, 1.37044835355e-05, 9.52145228439e-07, 1.2054438514e-07, 1.08441284397e-07, 1.98756975323e-08, 7.46713979538e-09, 1.68062364025e-08, 5.9993297441e-08, 1.99104910337e-08, 5.41191313985e-09, 3.54089451093e-08, 1.62222999478e-08, 5.27361709857e-09, 7.76401698488e-09, 3.73225583772e-09, 7.74606245812e-09, 8.55337844996e-09, 3.06726555266e-09, 1.05929098826e-09, 7.12750469756e-10, 1.95818095072e-09, 1.61614555072e-09, 9.87554926724e-10, 4.30970953369e-10, 2.70664296531e-10, 9.84161502293e-11, 1.42569678285e-10, 7.27715249171e-11, 5.61394888909e-11, 4.38877927056e-11, 3.53279107357e-11, 5.91863572041e-11, 1.25776862883e-11, 1.06090041266e-11, 1.20390997518e-11, 6.40832352461e-12, 4.49024064458e-12, 2.58817793586e-12], "min": [4.1516353158e-24, 7.91122520132e-25, 7.12873168551e-24, 6.30408489418e-24, 5.50793175875e-24, 4.46504462585e-24, 3.21339590678e-24, 3.77355834418e-24, 3.37186287707e-24, 4.20113752089e-24, 4.17955625868e-24, 3.54890456344e-24, 5.55095859911e-24, 2.85750840914e-24, 3.44766767689e-24, 2.2023897985e-24, 6.5043013418e-24, 5.41266102723e-24, 3.68608471385e-24, 5.07876933821e-24, 8.07091322968e-24, 5.16957551144e-24, 6.99481702482e-24, 6.14773936809e-24, 6.40707107979e-24, 5.52654887612e-24, 6.9256891437e-24, 6.68039442294e-24, 7.23787848035e-24, 6.78430081479e-24, 6.75766965949e-24, 6.01912151395e-24, 5.7757737019e-24, 4.53684713987e-24, 7.51072180164e-24, 8.56263389774e-24, 6.21027434419e-24, 5.56926766629e-24, 6.46850007291e-24, 8.78962704549e-24], "dmean": [0.00327682192437, 0.00361752463505, 0.00127243401948, 0.000335678225383, 0.000152347391122, 0.000168665894307, 6.47173292236e-05, 3.1251765904e-05, 4.4628908654e-05, 0.000100712888525, 4.37774106103e-05, 2.24700470426e-05, 6.99997035554e-05, 4.6525063226e-05, 2.63822239503e-05, 3.19333448715e-05, 2.21741374844e-05, 3.36666744261e-05, 3.03079013975e-05, 1.86696779565e-05, 1.11338367788e-05, 8.83849043021e-06, 1.33697185447e-05, 1.23563440866e-05, 9.26252505451e-06, 5.85446969126e-06, 4.38750112153e-06, 3.62954460797e-06, 4.46679132438e-06, 3.04339664581e-06, 2.47716980084e-06, 2.27664440899e-06, 2.32846696235e-06, 3.66773156202e-06, 1.6456482399e-06, 1.3488776176e-06, 1.62372271006e-06, 1.09113511826e-06, 7.22972629319e-07, 5.17291482538e-07], "mean": [0.00393310980871, 0.0054012616165, 0.00106313009746, 0.000312270363793, 0.0001878264884, 0.00018842186546, 6.27791960142e-05, 3.25133260048e-05, 4.82476643811e-05, 0.000107318192022, 4.27478626079e-05, 2.19948924496e-05, 7.00098826201e-05, 4.31968619523e-05, 2.39164728555e-05, 3.26342051267e-05, 2.03923336812e-05, 2.86956819764e-05, 2.4608349122e-05, 1.91254075617e-05, 1.13596270239e-05, 9.16675435292e-06, 1.19603009807e-05, 1.15331486086e-05, 9.21771697904e-06, 5.997207154e-06, 4.75259957966e-06, 3.43640363099e-06, 4.40089797848e-06, 3.43536953551e-06, 2.81450456896e-06, 2.25364328799e-06, 2.51667165685e-06, 4.18162971982e-06, 2.02244859793e-06, 1.45707610955e-06, 1.73895432454e-06, 1.19958804135e-06, 8.07521132629e-07, 5.38823144325e-07], "max": [0.103866636753, 0.143870323896, 0.0439861379564, 0.0198661461473, 0.00522078527138, 0.00604735687375, 0.00252665719017, 0.00160233641509, 0.00241611804813, 0.00291067711078, 0.00333723053336, 0.0024996441789, 0.00244399602525, 0.00202941359021, 0.00114541116636, 0.00145165226422, 0.00109644187614, 0.00110780785326, 0.00128170696553, 0.000638695317321, 0.000557469553314, 0.000321920757415, 0.000598843907937, 0.000549424381461, 0.000410489068599, 0.000216319254832, 0.000142158431117, 9.5009971119e-05, 0.000135534937726, 9.93881913018e-05, 7.94450024841e-05, 7.71006016294e-05, 7.28806626284e-05, 7.64829164837e-05, 5.00774294778e-05, 7.48518505134e-05, 7.40654286346e-05, 3.71341084247e-05, 4.20259311795e-05, 4.7770452511e-05], "dmean2": [0.00537202926353, 0.00512212933972, 0.00232248427346, 0.000586084090173, 0.000240409746766, 0.000278833322227, 0.000109482964035, 4.97614273627e-05, 7.23705888959e-05, 0.000157879971084, 6.93707042956e-05, 3.6642755731e-05, 0.00011406037811, 7.70866172388e-05, 4.43802164227e-05, 5.01743561472e-05, 3.65802516171e-05, 5.69334115426e-05, 5.17958760611e-05, 2.94358178508e-05, 1.78552854777e-05, 1.38140621857e-05, 2.22828894039e-05, 1.98932793865e-05, 1.42217695611e-05, 8.68711049407e-06, 6.74056400385e-06, 5.78939716434e-06, 6.93760375725e-06, 4.18831223215e-06, 3.48709295395e-06, 3.44353111359e-06, 3.40837868862e-06, 5.32976764589e-06, 2.44173475039e-06, 1.97137728719e-06, 2.33864625443e-06, 1.62807987181e-06, 1.06771562969e-06, 7.8459731867e-07], "median": [9.24623382161e-05, 8.14096129034e-05, 2.82738255919e-05, 2.60583983618e-05, 5.04866184201e-05, 5.71607415623e-05, 1.30088847072e-05, 4.26057886216e-06, 8.11010613688e-06, 1.55243942572e-05, 3.94005655835e-06, 2.51452820521e-06, 7.40962104828e-06, 3.49638480657e-06, 2.70929785984e-06, 3.67741017726e-06, 2.37582798945e-06, 3.19115315506e-06, 2.15779846258e-06, 2.10554799196e-06, 1.55865609486e-06, 1.44766249832e-06, 1.6507322016e-06, 1.66955862824e-06, 1.19541527965e-06, 7.63711398122e-07, 4.95878452966e-07, 4.85549094265e-07, 7.23219955034e-07, 5.29824376372e-07, 3.76166838123e-07, 4.13718964865e-07, 4.78644324176e-07, 9.24524215407e-07, 5.63603180126e-07, 2.69042800483e-07, 2.37957124227e-07, 1.76911925109e-07, 1.28364320062e-07, 5.66187523532e-08], "dvar": [9.24543783185e-05, 0.000126995932078, 1.99280493689e-05, 1.281646405e-06, 9.61176453984e-08, 1.05343289647e-07, 2.35170620755e-08, 6.76800615551e-09, 1.44480027942e-08, 5.17282039425e-08, 1.88562889747e-08, 6.16121997865e-09, 3.79516436055e-08, 1.79937948985e-08, 6.07840400235e-09, 6.39495567611e-09, 3.88906284954e-09, 1.00042223394e-08, 1.2238713154e-08, 2.62816746144e-09, 1.08061304349e-09, 6.89322765535e-10, 2.50212339736e-09, 1.87879400926e-09, 9.24999243868e-10, 3.83332421361e-10, 1.95587462892e-10, 9.24547036152e-11, 1.33430128058e-10, 4.6008554605e-11, 3.61560573148e-11, 4.03788426306e-11, 2.54763207058e-11, 4.22417205381e-11, 8.16032397905e-12, 9.20015539446e-12, 9.39051180565e-12, 4.91343597753e-12, 4.28499770389e-12, 2.56722572888e-12]}, "spectral_skewness": {"d