{"tonal": {"thpcp": [1, 0.922370135784, 0.933299481869, 0.798819243908, 0.717249512672, 0.694793462753, 0.539918363094, 0.400756925344, 0.445253759623, 0.696240186691, 0.781428039074, 0.527932465076, 0.460715144873, 0.532597661018, 0.389584064484, 0.257242023945, 0.273050397635, 0.314835518599, 0.425009638071, 0.460634887218, 0.417198002338, 0.553485631943, 0.578731715679, 0.487603724003, 0.464983105659, 0.311515152454, 0.197709396482, 0.17622603476, 0.143430739641, 0.173602551222, 0.368494808674, 0.517727673054, 0.462743192911, 0.463572829962, 0.686748325825, 0.995596945286], "hpcp": {"dmean2": [0.432472229004, 0.422703444958, 0.411190092564, 0.357491105795, 0.322266966105, 0.298758298159, 0.269044607878, 0.255936712027, 0.261652678251, 0.276202857494, 0.272507041693, 0.233261227608, 0.203325912356, 0.2075419873, 0.174884349108, 0.146616742015, 0.155367895961, 0.175289988518, 0.18453553319, 0.181763291359, 0.18092545867, 0.194646805525, 0.180366441607, 0.195713445544, 0.231705144048, 0.155889242887, 0.102754786611, 0.0930042117834, 0.0806779116392, 0.0910106748343, 0.141844317317, 0.189922511578, 0.218954533339, 0.267052680254, 0.344731777906, 0.418396502733], "median": [0.0454417392612, 0.0417104139924, 0.0427383668721, 0.0471660718322, 0.0410920418799, 0.0293149240315, 0.0184453483671, 0.0124192610383, 0.0177836231887, 0.0352005027235, 0.040323831141, 0.0290760584176, 0.0227596051991, 0.0222151093185, 0.0183496065438, 0.0127964578569, 0.0135337412357, 0.0140265570953, 0.0157310329378, 0.0192401073873, 0.0302089005709, 0.035328567028, 0.0315711088479, 0.0277524366975, 0.0205776318908, 0.0158249996603, 0.0108703970909, 0.00836834684014, 0.0066626239568, 0.0101994415745, 0.0212583895773, 0.0303136222064, 0.029059978202, 0.0208916701376, 0.0296790450811, 0.0423594862223], "min": [0, 0, 0, 0, 0, 0, 0, 0, 0, 0, 0, 0, 0, 0, 0, 0, 0, 0, 0, 0, 0, 0, 0, 0, 0, 0, 0, 0, 0, 0, 0, 0, 0, 0, 0, 0], "dvar2": [0.233762338758, 0.224981740117, 0.243895217776, 0.215425089002, 0.186546161771, 0.183927133679, 0.175467252731, 0.177608326077, 0.172646060586, 0.154330745339, 0.152540788054, 0.124825358391, 0.112853445113, 0.119823671877, 0.0985426083207, 0.0805795714259, 0.0905352532864, 0.108082398772, 0.108744740486, 0.103694841266, 0.0896395966411, 0.0948665067554, 0.0877661183476, 0.0836232230067, 0.151955962181, 0.0771354213357, 0.051895596087, 0.0498605072498, 0.0369177684188, 0.033427529037, 0.0608507730067, 0.0984064936638, 0.124840021133, 0.166765809059, 0.199007555842, 0.242710113525], "dvar": [0.0918696001172, 0.0872402638197, 0.0888327434659, 0.0772910639644, 0.0675043016672, 0.0657974630594, 0.0622600093484, 0.0615186020732, 0.0610961094499, 0.0564535669982, 0.0560778044164, 0.0456342063844, 0.0413969792426, 0.0435387156904, 0.0351577177644, 0.0285610407591, 0.0316157527268, 0.0380187518895, 0.0392454154789, 0.0380508080125, 0.0326948165894, 0.0361878685653, 0.0318327583373, 0.0339094661176, 0.0584551952779, 0.0285710562021, 0.0185432769358, 0.0176271144301, 0.013051523827, 0.0117517421022, 0.0225349310786, 0.036022849381, 0.044341430068, 0.0577035099268, 0.072702229023, 0.0938698798418], "dmean": [0.241150692105, 0.233598694205, 0.224248617887, 0.197078213096, 0.177295550704, 0.162944674492, 0.145343378186, 0.13544242084, 0.140758246183, 0.154323533177, 0.15203653276, 0.129937976599, 0.11240529269, 0.113644450903, 0.096012301743, 0.0787334665656, 0.0833481550217, 0.0944619700313, 0.10076405108, 0.100440725684, 0.100676842034, 0.112742505968, 0.104382991791, 0.110846683383, 0.125158622861, 0.0845182538033, 0.0559555664659, 0.0510217398405, 0.0435991510749, 0.0497226826847, 0.0806884691119, 0.107759840786, 0.119727611542, 0.14233918488, 0.188207790256, 0.23030410707], "max": [1, 1, 1, 1, 1, 1, 1, 1, 1, 1, 1, 1, 1, 1, 1, 1, 1, 1, 1, 1, 1, 1, 1, 1, 1, 1, 1, 1, 1, 1, 1, 1, 1, 1, 1, 1], "var": [0.107225522399, 0.0923338532448, 0.101717658341, 0.0748221278191, 0.0673887506127, 0.073922611773, 0.0543764233589, 0.0411027856171, 0.0440510734916, 0.0688618421555, 0.081601575017, 0.0433600284159, 0.0408287458122, 0.0558062046766, 0.0331253483891, 0.0191361289471, 0.021157393232, 0.026914075017, 0.0426558554173, 0.0477239452302, 0.0285259447992, 0.0468453392386, 0.0539365410805, 0.0378731749952, 0.0491333939135, 0.0219286568463, 0.0129393944517, 0.0121071375906, 0.00845913309604, 0.00793550722301, 0.0256829820573, 0.0432372167706, 0.0378457270563, 0.0416469052434, 0.0670732557774, 0.111469611526], "mean": [0.226892083883, 0.209278479218, 0.21175827086, 0.18124575913, 0.162738233805, 0.157643139362, 0.122503206134, 0.0909285768867, 0.10102455318, 0.157971382141, 0.177299842238, 0.119783692062, 0.104532621801, 0.120842196047, 0.0883935391903, 0.058366175741, 0.0619529746473, 0.07143368572, 0.0964313223958, 0.104514412582, 0.0946589261293, 0.125581502914, 0.131309643388, 0.110633425415, 0.105500988662, 0.0706803202629, 0.0448586978018, 0.039984293282, 0.032543297857, 0.0393890440464, 0.0836085528135, 0.117468304932, 0.104992769659, 0.105181008577, 0.155817762017, 0.225893065333]}, "tuning_equal_tempered_deviation": 0.222631812096, "chords_changes_rate": 0.0660961419344, "key_key": "A", "tuning_diatonic_strength": 0.342405796051, "key_scale": "minor", "chords_number_rate": 0.0023670794908, "tuning_frequency": 434.193115234, "tuning_nontempered_energy_ratio": 0.91711473465, "chords_histogram": [20.1383838654, 9.06773471832, 0.491624176502, 0, 0, 0, 0.236707940698, 3.60524392128, 2.56737065315, 2.1849963665, 0.273124545813, 0, 0.0364166051149, 0.0364166051149, 7.46540403366, 5.29861593246, 3.69628548622, 14.4938087463, 6.00873994827, 6.95557165146, 3.27749443054, 0.418790966272, 0.127458125353, 13.619811058], "key_strength": 0.475967735052, "chords_key": "A", "chords_strength": {"dmean2": 0.0115136019886, "median": 0.486168563366, "min": -1, "dvar2": 0.000746495090425, "dvar": 0.000405400380259, "dmean": 0.0100676408038, "max": 0.727960288525, "var": 0.0171984713525, "mean": 0.47631418705}, "chords_scale": "minor", "hpcp_entropy": {"dmean2": 1.14398002625, "median": 2.21364212036, "min": 0, "dvar2": 0.833014667034, "dvar": 0.300868988037, "dmean": 0.674275875092, "max": 4.59615182877, "var": 0.70884770155, "mean": 2.22339701653}}, "metadata": {"audio_properties": {"equal_loudness": 0, "codec": "flac", "downmix": "mix", "sample_rate": 44100, "analysis_sample_rate": 44100, "bit_rate": 0, "md5_encoded": "182d76230986fc1b3c1b81007280bb70", "length": 254.986663818, "replay_gain": -9.75433158875, "lossless": true}, "version": {"essentia_build_sha": "9d802f11a06d563db11312c01732e940832f6a11", "essentia": "2.1-beta2", "extractor": "music 1.0", "essentia_git_sha": "v2.1_beta2"}, "tags": {"title": ["Tactical Agenda (Jade Dragon remix)"], "language": ["eng"], "media": ["CD"], "albumartist": ["Rom Di Prisco and Jesper Kyd"], "tracktotal": ["15"], "initialkey": ["D#m"], "musicbrainz_recordingid": ["1c45e85b-c668-4477-bcc8-b3c3287fb6d2"], "musicbrainz_releasegroupid": ["bc379e18-8cdf-3a4a-a822-401a7d15be96"], "musicbrainz_albumartistid": ["31c76e9b-27e7-4b03-bb73-45bf12893800"], "discnumber": ["2"], "totaldiscs": ["2"], "album": ["Unreal Tournament 3"], "catalognumber": ["SE-2039-2"], "releasecountry": ["US"], "file_name": "12 - Tactical Agenda (Jade Dragon remix).flac", "compilation": ["0"], "originaldate": ["2007-11-20"], "acoustid_fingerprint": ["AQADtFGSJFGiiE2Q8DuO6ziqC72K74KN7_jRD-eL82gqeoj44cSFQ0cOhz9-XCGOG4d9NHHx9NiTI4fGHZmjIz10xDeOyjx-oUh_JCNDHD2u40RF4z4qnQe9HSfx4_twHyZ-XDyO30f-FeKPXJnh98aHHj94XBfiWEd7uIP0I8WP4yeqceh1Fd8FU4MPh9VRW3h69BG2fEXO4XhwFjqPmMphPDwLRyGOX8J1nEOTPHiGi0dyRGJ0uDryH7p0xOhC4b9w9EIYvtCZIz-IWsKbo8p03EMkHi8uCzfywflM_EcXFvfxK_gbVIa3ZOPxnEJkFj6h-bhz5LtGPIzRkESb7ahyBVnyI3ngqviUHOPRTTyacFGOE03aqLh3NDWuLkdzeUGyM8XF4xT-sMh19ILz4EoOH-dxReHhiMYVVvCxoz8uDdmOMOqKK4d3B8zRRNXRF1ePi1mwOSRy5tB3pGOWo-_hG28SfMcv9MLx2MJ9lIsJjxmKFz-eF9MGR1KWC4dP6gjf5GCJnjk0b8SXFz9yckZDaTnqHUwS_Qh_JCccSgquRBiPRhNjVN-D20Szq3g1NHpwbkeYiyV6KU2gH-eG58WZHHl4-EnxHH_QX3BSHm-wPazQk-iTo3mObF4GucnRRCeeG9RjFdqF9FGO8cFDoVJIB41zPDjJIsyysBDfoj-qMAnSVofzoCT-4Y4x30LJoLnxHcDDHL_AkOHxo_9wJkKPi5TR58Mv_HimXGjSRgPvD-mH5EFz4XxwXcK-Bn64Ii-S6V5hSQlT3EcTt0DzG73xHT_CPhCt40fKH51v_OhMOEp89EKtsNhOPOiZC9mFG804fDeyRHkcnIPl5fhGXEezEtOPnDm0HukK30LVHL9Q0cHR4-KFP0af45wIHz1-A_mUF5N-wS_-I0y39HiC-gffo2fx45fxTPnQhGkEfh_SI3nQXDgf7GIl4YedZCtiaHbCFWHU7EUoU2jGHoeWRjtqDr_Q6wizGz_x5LiaGL2E5sd5_NjNo9cH98j0TNAu5fhQSj_Ma_jCQ_wCXrrQJFWCnBWuLtgYHd9x0WjOIxa8ED00J9JxtkXpCnnwXcLlGNMNj0GrGNeBnDiTGVdJDkzHIteJPzqYH1fAO1MjnMfx7UOVRd5A1cH3IeGH9BTaHn-CnTX6jCEajkF8HcliF52WqUUTikKtFv1hG_2FH306pOSgHhZ15EmPFt1-fOSx7cLhL_iMg_mOoI_h6BdSPmCW5-jCo8k5vMd3-BmiH7qC5lmQs_B9VI2KzsvhsBma49TxHI_R5_B3tDOOX8MRdTsqZ-HgF88Qps6EL-nxg2U_4cfxRT-qUNsGqg5-iB98Cm14_MHeoiGjLEX4QuUnhJGe4s4O70b4Q_PRNMocfMaDkFbQkFdxLReeEH3ioLlw5jh-7MqI56hpCdkjQ7sUFF6yb_gCv4b2gBGZo1GlFDkqdcGUJbrwIPTmw4EXEhqLi0fVIW9RUhVx4iSFv8F0eB3C4sdxPcK3IZQaxRp-XMc_hNaLSzlUbiSm9YdM48dzDaE4JcdNEi-Pb0b7oMnxX_gRnoeYLfKRH65RaUkU9IdPI_wCVYtq5Oh0osnxxgr-FLXywg_yJT_Ep0hDZfhxOF6Mu_AphKJItDrkKSMRahceEteDs8YXGe0zNEeeefgOTZQ0CZbx4iNqHzoVI8xjPEzhUBk6TQ8eozmJyrmQG3oUIjxL-EePn-h2-MfhTjpi0zjUZsH1IDw1_Dy-LjiezfAT5LmEG3pPhIcVXbARWjT0IK10PItwopmko8zyCD_uIBe0n7AiHWF5VMedwL-I8KsQapMC_8K0lsGeITxOQ9dRzRnyhcT14Cy-pWh4Ej3-4QjzrMKHX9AiMjk-NEcfhGoy5IdZRVCpHNcIq0SokR2K5rkQQjx-OHTQ78GZH03RPtCNBznDOMhHEn8sIT9KEw3JIjitQVcO_8i74CfxCdV75CN0HukJp1JQizm6q0HD5bjp4TnCJ4ce5D5--Kjwo0cqaYf5HD1qXKEioj-uNSQ-xYIuhDkposyy4Md9fCR8PBKHPKehNkOOi0G9ID1T2IUm7sNDhDum5MdRnJyQQ_gR6US8bEf_wzJ64kePzxFRLjweZriyQ68RJpaOSlmW4vhx8_DzErmO69Au5XA4yHDHG-Fd3CdicUfDGz1U7uiNlItuBKfmoeJxEjcv9GgmJXqKrznCNSfMHF2J_MUbtfhWCVqnHOmOHicuHA1K5hFyHvIU9FJu2EJ6vPhwPDAvPGHhkUVI7SO0s2iyx3gaIT4m68aXFQ-PdHg_aCU-6iiPL8zgB-rSo9EfBN8DV8yxL8fxMkavw1Xx_2ik2Dgj5UIYh6icGWeM6ih3vENTHZ0WzdAeHPmk4ztaRif6wPgOjzx2-HhEGL2CXMokJP9RJo7hX_CF2sGuw9eRPwqhZzH6kIKF__AP8QpCaRmeoFpUPBv6MMHxwYyDxPyRH89xvXh79PBxGduPfEyFEzphKwo-HaePME82vHg2WBoj7AmOSmTw_XCsGd6OTjsuDWG6C73wSAeisMAkYEQkA4gIAZWzyIlmhPAAhSQBM0oygxQSAhIkmGXGCWWEIQg4QBg1gAmAhBAAGQCcZIQyIYBDwksDDUDEOYGAlJYxRKAQLCnlgHWIOKSEAAoAA4wSgCijgAXOECuAARAhIJEARiEEkCCKACQQQAQwMBRwSBBCDUDEGCMBc0IgiBhiADAijBAECCQUEwABAQAQxFgBDGMAUCAAEcgIpBRQQhGJjAAMEUAAQ8I5RBQRCBhlACDGMSCEREgqApAAwgjDCFDEAcOQAIALACRiRhkGkDKMGAQMEAIhJAwygBimBGGOUAIMMMIZ5YQCTCDkABBEAEYAEwggK4AURBgAsAEAGAAAAkwYoYQhRjJiECBGIISQAIwAQYEjCAgjESJCEEbAEAYIRQRwQiACBBAMIOKQYIQAZQRRwGsBjEGACGYAAx4IJwQQSBEhCCEKOKKolEIAAAQSDh4kAAAAMGCIEwghAQQSQBBjFAVGQAUcY4gRgwxgBAQhnBNAKMQABAAIJpSThBCEAEGEEqGIEoQAARhSAhFjCAIaOIKIYIQRIxhjRDBkiABAIOAAIJQIIIAUCBAjCCECIAIEEpI5gQRFSCGAlXGAAQIUoABIIQBSAChjLDACIAAEU8YoAAQiCCGmAGEGOUGMMcYIQgQQgiiGkELAAmCCQUw4qxQjDAhgDAHCEAANMAQoQQgiCjhBhDJECAEMoE5QTZwzCCligLNCCYAQIBYgBwQDEgFCCQCQMYcYAIgQpIQQFAnnRJHAAeAYIsAIgAgQGgEhlAFAAOIIMQAgwoUDxggiBGAOSKGIAEIhqAgDTAgCiBEOEICIIIYIIAhhklikmAEOEGWMQMoRBQQRhCBAlBAIEAQQIYwp8AxQzAmHAGDUCkcUMgYQI5gxCQGpgEEKAA"], "date": ["2007-11-20"], "genre": ["Electronic"], "disctotal": ["2"], "musicbrainz_artistid": ["31c76e9b-27e7-4b03-bb73-45bf12893800"], "asin": ["B000XXWKAM"], "musicbrainz_albumid": ["721cc8f4-45b9-41f3-97d9-05b7053aa72f"], "artist": ["Rom Di Prisco"], "tracknumber": ["12"], "artistsort": ["Prisco, Rom Di"], "bpm": ["108"], "label": ["Sumthing Else Music Works"], "albumartistsort": ["Prisco, Rom Di and Kyd, Jesper"], "acoustid_id": ["3bcfe19a-b844-43ee-aab6-9da34be077e4"], "script": ["Latn"], "totaltracks": ["15"]}}, "rhythm": {"bpm_histogram_first_peak_bpm": {"dmean2": 0, "median": 108, "min": 108, "dvar2": 0, "dvar": 0, "dmean": 0, "max": 108, "var": 0, "mean": 108}, "bpm": 107.934776306, "bpm_histogram_second_peak_spread": {"dmean2": 0, "median": 0.416666686535, "min": 0.416666686535, "dvar2": 0, "dvar": 0, "dmean": 0, "max": 0.416666686535, "var": 0, "mean": 0.416666686535}, "bpm_histogram_first_peak_weight": {"dmean2": 0, "median": 0.824561417103, "min": 0.824561417103, "dvar2": 0, "dvar": 0, "dmean": 0, "max": 0.824561417103, "var": 0, "mean": 0.824561417103}, "onset_rate": 5.20781183243, "beats_position": [0.568888902664, 1.16099774837, 1.75310659409, 2.32199549675, 2.87927436829, 3.43655323982, 3.99383211136, 4.55111122131, 5.10838985443, 5.66566896439, 6.2229475975, 6.78022670746, 7.33750534058, 7.89478445053, 8.45206356049, 9.0093421936, 9.55501079559, 10.1122903824, 10.6695690155, 11.2268476486, 11.7841272354, 12.3297958374, 12.8870744705, 13.4443531036, 14.0016326904, 14.5589113235, 15.1161899567, 15.6734695435, 16.2307472229, 16.7880268097, 17.3453063965, 17.8909740448, 18.4366436005, 18.9939231873, 19.5512008667, 20.1084804535, 20.6657600403, 21.2230377197, 21.7803173065, 22.3375968933, 22.8948745728, 23.4405441284, 23.9978218079, 24.5434913635, 25.1007709503, 25.6580486298, 26.2153282166, 26.7726078033, 27.3298854828, 27.8871650696, 28.4444446564, 29.0017223358, 29.5590019226, 30.1162815094, 30.6735591888, 31.2308387756, 31.7881164551, 32.3337860107, 32.8910636902, 33.4367332458, 33.99401474, 34.5512924194, 35.1085700989, 35.6658477783, 36.2231292725, 36.7804069519, 37.3376846313, 37.8949661255, 38.4522438049, 39.0095214844, 39.5668029785, 40.1124725342, 40.6581382751, 41.2154197693, 41.7726974487, 42.3299751282, 42.8872566223, 43.4445343018, 44.0018119812, 44.5590934753, 45.1163711548, 45.6736488342, 46.2309303284, 46.7882080078, 47.3454856873, 47.8911552429, 48.4368247986, 48.994102478, 49.5513839722, 50.1086616516, 50.6659393311, 51.2232208252, 51.7804985046, 52.3377761841, 52.8950538635, 53.4523353577, 54.0096130371, 54.5668907166, 55.1125602722, 55.6582298279, 56.2155075073, 56.7727890015, 57.3300666809, 57.8873443604, 58.4446258545, 59.0019035339, 59.5591812134, 60.1164627075, 60.673740387, 61.2310180664, 61.7882995605, 62.3339653015, 62.8912467957, 63.4485244751, 63.9941940308, 64.5514755249, 65.1087493896, 65.6660308838, 66.2233123779, 66.7805862427, 67.3378677368, 67.895149231, 68.4524230957, 69.0097045898, 69.566986084, 70.1126480103, 70.6699295044, 71.2155990601, 71.7728805542, 72.3301544189, 72.8874359131, 73.4447174072, 74.001991272, 74.5592727661, 75.1165542603, 75.673828125, 76.2311096191, 76.7883911133, 77.345664978, 77.8913345337, 78.4370040894, 78.9942855835, 79.5515594482, 80.1088409424, 80.6661224365, 81.2117919922, 81.7806777954, 82.3379592896, 82.8952331543, 83.4525146484, 84.0097961426, 84.5670700073, 85.1243515015, 85.6700210571, 86.2156906128, 86.7729721069, 87.3302459717, 87.8875274658, 88.44480896, 89.0020828247, 89.5593643188, 90.116645813, 90.6739196777, 91.2312011719, 91.788482666, 92.3457565308, 92.9030380249, 93.460319519, 94.0059814453, 94.5632629395, 95.1089324951, 95.6662139893, 96.223487854, 96.7807693481, 97.3380508423, 97.895324707, 98.4526062012, 99.0098876953, 99.5671615601, 100.124443054, 100.67011261, 101.215782166, 101.77305603, 102.330337524, 102.887619019, 103.444892883, 104.002174377, 104.559455872, 105.116729736, 105.67401123, 106.231292725, 106.788566589, 107.334236145, 107.891517639, 108.437187195, 108.994468689, 109.551742554, 110.109024048, 110.666305542, 111.223579407, 111.780860901, 112.338134766, 112.89541626, 113.452697754, 114.009971619, 114.567253113, 115.124534607, 115.681808472, 116.227478027, 116.784759521, 117.330429077, 117.887710571, 118.444984436, 119.00226593, 119.559547424, 120.116821289, 120.674102783, 121.231384277, 121.788658142, 122.345939636, 122.891609192, 123.437278748, 123.994552612, 124.551834106, 125.109115601, 125.666389465, 126.223670959, 126.780952454, 127.338226318, 127.895507812, 128.452789307, 129.010070801, 129.555740356, 130.101409912, 130.658676147, 131.215957642, 131.773239136, 132.33052063, 132.887802124, 133.445083618, 134.002349854, 134.559631348, 135.116912842, 135.674194336, 136.23147583, 136.777145386, 137.334411621, 137.891693115, 138.437362671, 138.994644165, 139.551925659, 140.109207153, 140.666488647, 141.223754883, 141.781036377, 142.338317871, 142.895599365, 143.452880859, 144.010162354, 144.567428589, 145.113098145, 145.6587677, 146.216049194, 146.773330688, 147.330612183, 147.887893677, 148.445159912, 149.002441406, 149.5597229, 150.117004395, 150.674285889, 151.231567383, 151.777236938, 152.322906494, 152.880172729, 153.437454224, 153.994735718, 154.552017212, 155.109298706, 155.6665802, 156.223846436, 156.78112793, 157.338409424, 157.895690918, 158.452972412, 159.010253906, 159.555908203, 160.101577759, 160.658859253, 161.216140747, 161.773422241, 162.330703735, 162.887985229, 163.445251465, 164.002532959, 164.559814453, 165.117095947, 165.674377441, 166.231658936, 166.788925171, 167.334594727, 167.880264282, 168.437545776, 168.994827271, 169.552108765, 170.109390259, 170.666656494, 171.223937988, 171.781219482, 172.338500977, 172.895782471, 173.453063965, 174.0103302, 174.567611694, 175.11328125, 175.670562744, 176.2162323, 176.773513794, 177.330795288, 177.888076782, 178.445343018, 179.002624512, 179.559906006, 180.1171875, 180.674468994, 181.231735229, 181.789016724, 182.346298218, 182.891967773, 183.437637329, 183.994918823, 184.552200317, 185.109481812, 185.666748047, 186.224029541, 186.781311035, 187.338592529, 187.895874023, 188.453155518, 189.010421753, 189.556091309, 190.113372803, 190.670654297, 191.216323853, 191.773605347, 192.330886841, 192.888153076, 193.44543457, 194.002716064, 194.559997559, 195.117279053, 195.674560547, 196.231826782, 196.789108276, 197.346389771, 197.892059326, 198.437728882, 198.995010376, 199.55229187, 200.109558105, 200.6668396, 201.224121094, 201.781402588, 202.338684082, 202.895965576, 203.453231812, 204.010513306, 204.5677948, 205.113464355, 205.659133911, 206.216415405, 206.773696899, 207.330978394, 207.888244629, 208.445526123, 209.002807617, 209.560089111, 210.117370605, 210.6746521, 211.231918335, 211.789199829, 212.346481323, 212.903762817, 213.449432373, 214.006713867, 214.563980103, 215.109649658, 215.666931152, 216.224212646, 216.781494141, 217.338775635, 217.896057129, 218.453323364, 219.010604858, 219.567886353, 220.113555908, 220.670837402, 221.216506958, 221.773788452, 222.331054688, 222.888336182, 223.445617676, 224.00289917, 224.560180664, 225.117462158, 225.674728394, 226.232009888, 226.789291382, 227.346572876, 227.892242432, 228.449523926, 228.995193481, 229.552474976, 230.109741211, 230.667022705, 231.224304199, 231.781585693, 232.338867188, 232.896133423, 233.453414917, 234.010696411, 234.567977905, 235.125259399, 235.682540894, 236.239807129, 236.785476685, 237.342758179, 237.888427734, 238.445709229, 239.002990723, 239.560272217, 240.117553711, 240.674819946, 241.23210144, 241.789382935, 242.346664429, 242.903945923, 243.461227417, 244.018493652, 244.564163208, 245.109832764, 245.667114258, 246.224395752, 246.781677246, 247.33895874, 247.896224976, 248.465118408, 249.057235718, 249.649337769, 250.22984314, 250.82194519, 251.402450562, 251.982940674, 252.563446045, 253.155548096, 253.747665405, 254.328155518], "beats_loudness": {"dmean2": 0.0727441236377, "median": 0.0386070311069, "min": 0, "dvar2": 0.00446318695322, "dvar": 0.00158564641606, "dmean": 0.0417095571756, "max": 0.227184906602, "var": 0.00202852766961, "mean": 0.0535821095109}, "danceability": 1.31488204002, "bpm_histogram_second_peak_weight": {"dmean2": 0, "median": 0.0153508773074, "min": 0.0153508773074, "dvar2": 0, "dvar": 0, "dmean": 0, "max": 0.0153508773074, "var": 0, "mean": 0.0153508773074}, "beats_count": 457, "bpm_histogram_second_peak_bpm": {"dmean2": 0, "median": 101, "min": 101, "dvar2": 0, "dvar": 0, "dmean": 0, "max": 101, "var": 0, "mean": 101}, "bpm_histogram_first_peak_spread": {"dmean2": 0, "median": 0.153153121471, "min": 0.153153121471, "dvar2": 0, "dvar": 0, "dmean": 0, "max": 0.153153121471, "var": 0, "mean": 0.153153121471}, "beats_loudness_band_ratio": {"dmean2": [0.466555386782, 0.241083487868, 0.188639476895, 0.123809330165, 0.138214752078, 0.0428789146245], "median": [0.668920993805, 0.0932629033923, 0.0704969242215, 0.0444339364767, 0.0270545203239, 0.00918066781014], "min": [0, 0, 0, 0, 0, 0], "dvar2": [0.101720899343, 0.0624533891678, 0.0477759987116, 0.0172574408352, 0.0276242680848, 0.00211141863838], "dvar": [0.0439251624048, 0.0213934592903, 0.0185273997486, 0.00605204561725, 0.010284665972, 0.000745554105379], "dmean": [0.267336517572, 0.134999021888, 0.109953656793, 0.0696020126343, 0.0746622160077, 0.0230612512678], "max": [0.990822672844, 0.722381949425, 0.840248405933, 0.451620697975, 0.716105699539, 0.156540200114], "var": [0.0669419914484, 0.0216648802161, 0.0239605661482, 0.00571695622057, 0.00739106256515, 0.00063281331677], "mean": [0.619627118111, 0.143436104059, 0.12395939976, 0.0698767453432, 0.0588628612459, 0.0184282585979]}}, "lowlevel": {"barkbands_spread": {"dmean2": 8.77959537506, "median": 13.7479133606, "min": 0.160406321287, "dvar2": 84.0360946655, "dvar": 37.8043899536, "dmean": 5.56601762772, "max": 76.3952178955, "var": 130.163635254, "mean": 15.9257984161}, "melbands_spread": {"dmean2": 11.1010990143, "median": 12.5607271194, "min": 0.310087949038, "dvar2": 179.170135498, "dvar": 74.3369979858, "dmean": 6.83396959305, "max": 157.762985229, "var": 282.574951172, "mean": 16.4461021423}, "hfc": {"dmean2": 13.2959041595, "median": 10.7828626633, "min": 1.09035355074e-16, "dvar2": 627.460449219, "dvar": 228.933868408, "dmean": 7.80410003662, "max": 157.927764893, "var": 248.873733521, "mean": 14.9787664413}, "barkbands_kurtosis": {"dmean2": 16.1833229065, "median": 3.66660785675, "min": -1.84713685513, "dvar2": 1661.72558594, "dvar": 682.639526367, "dmean": 9.99333381653, "max": 598.84753418, "var": 920.356567383, "mean": 12.7425556183}, "gfcc": {"mean": [-42.3104896545, 121.369651794, -109.592605591, 28.2483615875, -34.8935852051, 14.2579298019, -24.4091148376, 7.50039768219, -9.42930221558, 6.34477806091, 0.913767278194, 4.77736473083, -2.85022926331], "icov": [[0.000105750579678, -0.000151985601406, 0.000181536059245, -0.000109055254143, 0.00019726944447, -0.00030582366162, 0.000234668375924, -0.0002200382296, 0.000210388578125, -0.000151218206156, 0.000418175739469, -0.000269606156508, 0.000368379987776], [-0.000151985601406, 0.00147753441706, -0.000147241997183, 0.000475093780551, -0.000645235937554, 0.00152788334526, -0.00133506499697, 0.00125400908291, -0.000783648109064, 0.000873357173987, -0.00190825096797, 0.00191621656995, -0.00129474792629], [0.000181536059245, -0.000147241997183, 0.00136441574432, 1.78686896106e-05, -0.000128413463244, -0.000544393784367, -1.84340460692e-05, 0.000319669401506, 0.000423449935624, -0.000698555028066, 0.00111549464054, -0.000891171395779, 0.0014451853931], [-0.000109055254143, 0.000475093780551, 1.78686896106e-05, 0.00336022675037, -0.000713771907613, -0.00106941722333, 0.000583848392125, 0.00154108309653, -0.000956242205575, 0.000455991103081, -0.00159422901925, 0.000559249834623, -0.000932983180974], [0.00019726944447, -0.000645235937554, -0.000128413463244, -0.000713771907613, 0.00454688025638, -0.000294510391541, -0.000832272868138, -0.000737007067073, 0.000166578174685, 0.00028238404775, 0.00162767176516, 0.000666185107548, -0.00301161501557], [-0.00030582366162, 0.00152788334526, -0.000544393784367, -0.00106941722333, -0.000294510391541, 0.00899502635002, -0.00444033835083, -0.0012585176155, 0.0023000522051, -0.000472499959869, -0.000680221884977, 0.00131542957388, -0.000487824378069], [0.000234668375924, -0.00133506499697, -1.84340460692e-05, 0.000583848392125, -0.000832272868138, -0.00444033835083, 0.0108711048961, -0.00169675494544, -0.00333218299784, 0.0013714923989, -0.00235279137269, 0.00119926547632, 0.00101760961115], [-0.0002200382296, 0.00125400908291, 0.000319669401506, 0.00154108309653, -0.000737007067073, -0.0012585176155, -0.00169675494544, 0.0111078880727, -0.00452749338001, -0.00229867664166, 0.00129611464217, 0.000990267028101, -0.00208777934313], [0.000210388578125, -0.000783648109064, 0.000423449935624, -0.000956242205575, 0.000166578174685, 0.0023000522051, -0.00333218299784, -0.00452749338001, 0.0146138332784, -0.0046572368592, -0.00231804070063, 0.000759858579841, 0.00041580569814], [-0.000151218206156, 0.000873357173987, -0.000698555028066, 0.000455991103081, 0.00028238404775, -0.000472499959869, 0.0013714923989, -0.00229867664166, -0.0046572368592, 0.0159426573664, -0.00608244817704, -0.00344435428269, 0.00379980239086], [0.000418175739469, -0.00190825096797, 0.00111549464054, -0.00159422901925, 0.00162767176516, -0.000680221884977, -0.00235279137269, 0.00129611464217, -0.00231804070063, -0.00608244817704, 0.019391739741, -0.00734777608886, -0.00231675244868], [-0.000269606156508, 0.00191621656995, -0.000891171395779, 0.000559249834623, 0.000666185107548, 0.00131542957388, 0.00119926547632, 0.000990267028101, 0.000759858579841, -0.00344435428269, -0.00734777608886, 0.021600227803, -0.0093616405502], [0.000368379987776, -0.00129474792629, 0.0014451853931, -0.000932983180974, -0.00301161501557, -0.000487824378069, 0.00101760961115, -0.00208777934313, 0.00041580569814, 0.00379980239086, -0.00231675244868, -0.0093616405502, 0.0215036012232]], "cov": [[23586.8359375, -2068.27758789, -1870.1229248, 314.493682861, -1521.25976562, 739.65045166, -842.07421875, 299.502868652, -625.528198242, 112.813545227, -667.526794434, -22.2714500427, -606.071411133], [-2068.27758789, 2293.09960938, -147.586517334, -116.704246521, 471.426330566, -345.778900146, 330.993865967, -153.371643066, 222.850143433, -128.934921265, 245.003341675, -90.5610275269, 211.426376343], [-1870.1229248, -147.586517334, 1116.52832031, -55.2135238647, 58.4226226807, 29.9147071838, 18.9240264893, -50.4442710876, -34.0794181824, 16.8132534027, -48.7127227783, -4.04360628128, -60.5357246399], [314.493682861, -116.704246521, -55.2135238647, 379.090881348, 26.2023105621, 61.5444145203, -18.7023181915, -27.3273105621, -3.76875591278, 2.65885400772, 25.52501297, 18.4458675385, 21.4251785278], [-1521.25976562, 471.426330566, 58.4226226807, 26.2023105621, 432.316192627, -56.8506698608, 127.112434387, -15.1904964447, 65.2053222656, -52.217880249, 52.2876243591, -21.4775257111, 107.672370911], [739.65045166, -345.778900146, 29.9147071838, 61.5444145203, -56.8506698608, 223.110870361, 14.6318178177, 54.7582015991, -37.5322189331, 23.6333084106, -37.6433982849, -0.0743920728564, -38.6457977295], [-842.07421875, 330.993865967, 18.9240264893, -18.7023181915, 127.112434387, 14.6318178177, 214.541183472, 30.1645812988, 93.7989425659, 0.314968556166, 71.477142334, -17.7576599121, 41.2825546265], [299.502868652, -153.371643066, -50.4442710876, -27.3273105621, -15.1904964447, 54.7582015991, 30.1645812988, 156.844604492, 49.2008361816, 48.5346603394, -1.33526420593, 7.30741071701, -5.7358622551], [-625.528198242, 222.850143433, -34.0794181824, -3.76875591278, 65.2053222656, -37.5322189331, 93.7989425659, 49.2008361816, 158.049591064, 47.0057868958, 79.4467086792, 8.36754131317, 35.7194747925], [112.813545227, -128.934921265, 16.8132534027, 2.65885400772, -52.217880249, 23.6333084106, 0.314968556166, 48.5346603394, 47.0057868958, 121.436897278, 42.2366714478, 37.2392425537, -14.3950471878], [-667.526794434, 245.003341675, -48.7127227783, 25.52501297, 52.2876243591, -37.6433982849, 71.477142334, -1.33526420593, 79.4467086792, 42.2366714478, 143.718231201, 42.1593475342, 58.3638267517], [-22.2714500427, -90.5610275269, -4.04360628128, 18.4458675385, -21.4775257111, -0.0743920728564, -17.7576599121, 7.30741071701, 8.36754131317, 37.2392425537, 42.1593475342, 87.9939422607, 30.6493663788], [-606.071411133, 211.426376343, -60.5357246399, 21.4251785278, 107.672370911, -38.6457977295, 41.2825546265, -5.7358622551, 35.7194747925, -14.3950471878, 58.3638267517, 30.6493663788, 107.791366577]]}, "spectral_energyband_middle_low": {"dmean2": 0.0109016289935, "median": 0.00551924761385, "min": 1.58341625022e-22, "dvar2": 0.000451051484561, "dvar": 0.000206507378607, "dmean": 0.00688348803669, "max": 0.159565508366, "var": 0.000275224650977, "mean": 0.0115162376314}, "melbands_crest": {"dmean2": 6.42724704742, "median": 18.627204895, "min": 1.58016979694, "dvar2": 33.7366371155, "dvar": 14.4945936203, "dmean": 4.16409778595, "max": 36.1024932861, "var": 52.0706825256, "mean": 18.6787853241}, "spectral_kurtosis": {"dmean2": 6.50797176361, "median": 5.71091461182, "min": -1.25659871101, "dvar2": 195.923522949, "dvar": 85.4752578735, "dmean": 3.99299454689, "max": 308.031860352, "var": 243.169082642, "mean": 9.3396692276}, "spectral_rms": {"dmean2": 0.00200608209707, "median": 0.00515791587532, "min": 3.12864144314e-12, "dvar2": 5.1351366892e-06, "dvar": 2.10456846617e-06, "dmean": 0.00130273529794, "max": 0.0184908546507, "var": 1.00942033896e-05, "mean": 0.00576917175204}, "zerocrossingrate": {"dmean2": 0.0102043710649, "median": 0.02978515625, "min": 0.001953125, "dvar2": 0.00013627964654, "dvar": 9.78000825853e-05, "dmean": 0.00850712880492, "max": 0.52099609375, "var": 0.00239121215418, "mean": 0.0383299216628}, "silence_rate_60dB": {"dmean2": 0.0214916672558, "median": 0, "min": 0, "dvar2": 0.0266720987856, "dvar": 0.0106284255162, "dmean": 0.0107448548079, "max": 1, "var": 0.0380407832563, "mean": 0.0396066643298}, "erbbands_kurtosis": {"dmean2": 1.76591348648, "median": -0.0536861419678, "min": -1.77595627308, "dvar2": 8.45724868774, "dvar": 3.49176073074, "dmean": 1.08517003059, "max": 74.5641326904, "var": 6.36448955536, "mean": 0.582640528679}, "erbbands": {"dmean2": [0.589813888073, 4.78625488281, 9.68749904633, 12.5595741272, 16.409154892, 17.8819885254, 20.0507354736, 17.1944675446, 25.0625343323, 31.3101501465, 21.7324352264, 14.4651489258, 22.6347770691, 23.9354763031, 31.6955051422, 28.0168037415, 31.410905838, 34.9214668274, 41.1569519043, 31.5844135284, 20.8588657379, 16.4886341095, 13.308713913, 9.28271198273, 7.03780555725, 7.31274843216, 5.78304100037, 3.47774291039, 4.79073143005, 3.80325245857, 2.8798289299, 1.92229151726, 0.999002099037, 0.600615441799, 0.430274307728, 0.171910315752, 0.0554194375873, 0.0123768858612, 0.00237533356994, 0.000321957777487], "median": [0.273432999849, 1.67478346825, 1.15177536011, 0.656436443329, 1.34380960464, 3.5090379715, 6.14838886261, 6.7529668808, 6.39480400085, 8.37068367004, 7.22248220444, 5.20135974884, 6.92929267883, 8.69909667969, 11.1644687653, 10.800069809, 12.6076555252, 9.77359676361, 10.8276987076, 7.83741044998, 6.12088394165, 7.23155641556, 5.67870330811, 4.67903137207, 2.92140626907, 2.10607790947, 1.20429718494, 0.747389733791, 0.515870213509, 0.402772635221, 0.259977251291, 0.162722587585, 0.101633511484, 0.0581499673426, 0.021930847317, 0.00717825815082, 0.0022984968964, 0.000547054689378, 8.70141739142e-05, 4.74086627946e-05], "min": [9.41835108022e-23, 3.05228131419e-22, 1.73224706524e-21, 4.23608764042e-21, 6.66893204679e-21, 1.69370222584e-20, 3.02751141498e-20, 6.3592624442e-20, 1.27315568605e-19, 1.6787086402e-19, 2.0406552174e-19, 3.34150697831e-19, 3.22920506094e-19, 6.83782132524e-19, 9.27458891032e-19, 1.04369844661e-18, 1.36944031068e-18, 2.26012957592e-18, 2.71715575654e-18, 2.84321973626e-18, 3.65360175814e-18, 5.27641100596e-18, 5.18281924196e-18, 6.1634521979e-18, 6.83908422325e-18, 9.35757663246e-18, 8.20675416062e-18, 9.40026576951e-18, 1.24299835078e-17, 1.1209556269e-17, 1.12141992338e-17, 1.01935203964e-17, 1.01370570478e-17, 7.06737325101e-18, 6.35175862358e-18, 3.49961753762e-18, 2.2604288085e-18, 1.00371481055e-18, 2.460002313e-19, 2.57192973727e-20], "dvar2": [1.17402541637, 87.9633636475, 1054.58093262, 1922.57446289, 2577.74267578, 1776.82202148, 1769.04089355, 1164.51867676, 2675.18725586, 4146.03076172, 2186.0078125, 839.749755859, 1756.62524414, 1590.13024902, 4025.76416016, 2595.15136719, 3072.95581055, 6701.47949219, 7460.22705078, 4142.66796875, 1836.40576172, 996.691101074, 732.840759277, 316.230224609, 233.589675903, 467.957061768, 254.75163269, 59.6598854065, 214.442855835, 127.370010376, 64.4373855591, 20.8166389465, 6.55314874649, 2.25386619568, 1.27019548416, 0.190196126699, 0.0217989031225, 0.00158678798471, 8.98361031432e-05, 1.81918721864e-06], "dvar": [0.629456043243, 38.8318023682, 383.797943115, 761.546875, 964.686096191, 665.101745605, 625.483886719, 422.003692627, 985.649536133, 1692.9440918, 896.384338379, 328.890960693, 621.216674805, 596.399169922, 1438.55371094, 966.803161621, 1242.421875, 2358.46264648, 2670.06982422, 1486.13671875, 668.359680176, 370.561706543, 267.889251709, 115.513519287, 84.6872940063, 161.80406189, 89.2580032349, 22.6727352142, 74.6559906006, 45.7134780884, 23.5855140686, 8.0207862854, 2.63331151009, 0.855284571648, 0.45067024231, 0.0672281756997, 0.00776981143281, 0.000571507378481, 3.18019046972e-05, 6.38033895939e-07], "dmean": [0.421903371811, 3.16009116173, 5.71584224701, 7.47311353683, 9.56299209595, 10.5936994553, 11.4658031464, 9.79117298126, 14.6975479126, 19.4573116302, 13.2952022552, 8.67418766022, 13.1139421463, 14.1707849503, 18.1896705627, 16.1630764008, 19.1834659576, 19.5740222931, 23.0226554871, 17.7512989044, 12.0182447433, 9.70420265198, 7.79862308502, 5.44654369354, 4.08666133881, 4.09405851364, 3.26122760773, 2.08373475075, 2.6817688942, 2.19606924057, 1.69883906841, 1.14680206776, 0.618422150612, 0.357260614634, 0.238721251488, 0.0949022769928, 0.030919700861, 0.00698344130069, 0.00131828116719, 0.000177794427145], "max": [11.5761461258, 68.7737808228, 243.198257446, 297.608856201, 402.230255127, 341.587127686, 393.074310303, 392.081085205, 562.074768066, 840.530517578, 746.41015625, 459.701782227, 427.36529541, 365.696777344, 704.311584473, 584.389160156, 836.233764648, 683.508361816, 653.570068359, 623.679931641, 438.840087891, 337.466094971, 382.333679199, 134.6068573, 113.506088257, 184.441680908, 115.25655365, 67.0930938721, 114.770271301, 95.6660232544, 73.9922866821, 46.1158905029, 31.8456840515, 16.5950126648, 8.00057888031, 2.73777723312, 1.35414981842, 0.38278195262, 0.0861263349652, 0.0126039404422], "var": [1.8390365839, 76.670753479, 307.178466797, 600.932250977, 716.867614746, 591.31628418, 535.8125, 386.65133667, 2481.70019531, 4652.77929688, 3438.80786133, 591.753479004, 887.482910156, 723.764892578, 1138.4354248, 1001.93206787, 2553.2722168, 1701.78564453, 1999.37939453, 1131.515625, 566.735473633, 348.15927124, 238.307296753, 113.953903198, 79.692565918, 108.936302185, 70.5287857056, 27.6516609192, 53.5687255859, 37.8551635742, 22.8366317749, 9.94650363922, 4.38240289688, 1.09813463688, 0.341662019491, 0.0484374053776, 0.00554011762142, 0.000400508055463, 2.00855665753e-05, 3.85699536309e-07], "mean": [0.786503314972, 4.7574262619, 5.95709514618, 6.48151397705, 8.80592441559, 11.8528766632, 13.8769035339, 13.0565090179, 24.7422218323, 35.9297523499, 24.6409358978, 12.6558160782, 16.7432727814, 18.1488647461, 21.5460338593, 20.7100601196, 29.9569244385, 21.5875549316, 24.6159152985, 18.5986785889, 13.873500824, 12.9606256485, 10.3803548813, 7.923579216, 5.89296007156, 4.8687415123, 4.01960468292, 3.05889368057, 2.88731503487, 2.59006166458, 2.07901763916, 1.44376862049, 0.924137473106, 0.462585419416, 0.228974536061, 0.0863337889314, 0.0275094993412, 0.0063871066086, 0.00112441240344, 0.000169284059666]}, "spectral_strongpeak": {"dmean2": 0.525394499302, "median": 0.337993562222, "min": 0, "dvar2": 0.595429956913, "dvar": 0.230634972453, "dmean": 0.311562567949, "max": 5.92441177368, "var": 0.431709229946, "mean": 0.594045221806}, "spectral_energy": {"dmean2": 0.0310574956238, "median": 0.0272691994905, "min": 1.00331062942e-20, "dvar2": 0.00249084318057, "dvar": 0.00098685733974, "dmean": 0.0200791433454, "max": 0.350459516048, "var": 0.0025492683053, "mean": 0.0444621033967}, "average_loudness": 0.840714275837, "spectral_rolloff": {"dmean2": 624.909545898, "median": 538.330078125, "min": 43.06640625, "dvar2": 673712.4375, "dvar": 300834.375, "dmean": 371.833526611, "max": 19552.1484375, "var": 3263378.75, "mean": 930.078491211}, "spectral_centroid": {"dmean2": 377.915863037, "median": 987.815734863, "min": 94.4042282104, "dvar2": 169296.640625, "dvar": 82241.4453125, "dmean": 242.406417847, "max": 11632.8613281, "var": 1119016.375, "mean": 1129.96862793}, "pitch_salience": {"dmean2": 0.16214697063, "median": 0.456900984049, "min": 0.0287539958954, "dvar2": 0.0215634666383, "dvar": 0.00974754896015, "dmean": 0.104884177446, "max": 0.927445590496, "var": 0.0332289859653, "mean": 0.448120892048}, "spectral_energyband_middle_high": {"dmean2": 0.00423442386091, "median": 0.00253114709631, "min": 1.12688343597e-21, "dvar2": 5.41239642189e-05, "dvar": 1.99705173145e-05, "dmean": 0.00246835686266, "max": 0.052883759141, "var": 2.02539758902e-05, "mean": 0.00381259759888}, "spectral_contrast_coeffs": {"dmean2": [0.0917808115482, 0.0828641280532, 0.0635096505284, 0.0575173571706, 0.0358003228903, 0.0299000404775], "median": [-0.68553519249, -0.734295368195, -0.806119740009, -0.794621169567, -0.80190294981, -0.764079749584], "min": [-0.979710698128, -0.979816496372, -0.97372508049, -0.970306396484, -0.967829823494, -0.963430523872], "dvar2": [0.00553670106456, 0.00455248216167, 0.00266506127082, 0.00216412288137, 0.000957630749326, 0.000850852462463], "dvar": [0.00232331361622, 0.00170039664954, 0.00098282599356, 0.000833446683828, 0.000397787312977, 0.000374559836928], "dmean": [0.0570397824049, 0.0504294596612, 0.038301255554, 0.0342307724059, 0.0218259505928, 0.0193443745375], "max": [-0.34349450469, -0.427747994661, -0.433810651302, -0.523041605949, -0.605162739754, -0.635628461838], "var": [0.00784028228372, 0.00726067367941, 0.00492378044873, 0.00316944322549, 0.00227373256348, 0.00201005954295], "mean": [-0.676830530167, -0.724690973759, -0.792542397976, -0.787895023823, -0.795712411404, -0.769237458706]}, "melbands_skewness": {"dmean2": 1.83451068401, "median": 2.78447127342, "min": -1.97663891315, "dvar2": 3.5088737011, "dvar": 1.51919364929, "dmean": 1.18660223484, "max": 16.5800685883, "var": 5.9854183197, "mean": 3.43584871292}, "spectral_spread": {"dmean2": 817853.1875, "median": 3479316.25, "min": 302098.1875, "dvar2": 1295058599940.0, "dvar": 633712410624, "dmean": 546274.5625, "max": 42420924, "var": 13342201610200.0, "mean": 3978057.75}, "dissonance": {"dmean2": 0.0336698181927, "median": 0.47370377183, "min": 0.155070260167, "dvar2": 0.00131271604914, "dvar": 0.000508517085109, "dmean": 0.0204276889563, "max": 0.500000178814, "var": 0.00128374691121, "mean": 0.463004022837}, "spectral_skewness": {"dmean2": 0.590315878391, "median": 1.71320295334, "min": -0.0732913464308, "dvar2": 0.74122351408, "dvar": 0.314538776875, "dmean": 0.367123425007, "max": 14.3319034576, "var": 1.18463695049, "mean": 1.98355078697}, "spectral_flux": {"dmean2": 0.0552005693316, "median": 0.0813402608037, "min": 6.27214530313e-11, "dvar2": 0.00380380405113, "dvar": 0.00186841923278, "dmean": 0.0361886397004, "max": 0.541447341442, "var": 0.00596901448444, "mean": 0.102829694748}, "spectral_contrast_valleys": {"dmean2": [0.674681425095, 0.720478951931, 0.715007781982, 0.78309571743, 0.625691652298, 0.713635325432], "median": [-6.94928979874, -6.61001062393, -7.08498668671, -7.52770376205, -7.78483057022, -10.8116903305], "min": [-27.9952392578, -28.181974411, -27.8484516144, -27.6174049377, -27.4867019653, -27.3978672028], "dvar2": [0.32197406888, 0.474118828773, 0.535027086735, 0.664357960224, 0.654586553574, 0.907235622406], "dvar": [0.140186294913, 0.199813231826, 0.231114700437, 0.310158371925, 0.309731006622, 0.44615611434], "dmean": [0.410781264305, 0.438992798328, 0.444901317358, 0.505513370037, 0.416413128376, 0.513238012791], "max": [-5.03040456772, -4.29403495789, -4.50679969788, -5.22405290604, -5.32580327988, -7.6646361351], "var": [4.48962593079, 4.95577049255, 4.98571825027, 4.79211711884, 4.84534645081, 5.1261267662], "mean": [-7.25952625275, -7.01763725281, -7.55195093155, -7.88058376312, -8.19848632812, -11.1704206467]}, "erbbands_flatness_db": {"dmean2": 0.0321746394038, "median": 0.157828643918, "min": 0.0591338686645, "dvar2": 0.00114203989506, "dvar": 0.000557253370062, "dmean": 0.0216345917434, "max": 0.463381767273, "var": 0.00375482463278, "mean": 0.167473122478}, "spectral_energyband_high": {"dmean2": 0.000565012625884, "median": 9.03124600882e-05, "min":