{"tonal": {"thpcp": [1, 0.990686655045, 0.823661446571, 0.669782578945, 0.609199166298, 0.562169969082, 0.525554358959, 0.51347476244, 0.517689883709, 0.547153413296, 0.585196137428, 0.625816106796, 0.640472888947, 0.547182917595, 0.41714784503, 0.390954375267, 0.399602591991, 0.364894479513, 0.366816043854, 0.437586069107, 0.523483097553, 0.568000912666, 0.519680202007, 0.466823428869, 0.497117847204, 0.513684630394, 0.456237792969, 0.379375994205, 0.35281342268, 0.416850149632, 0.556063115597, 0.607236146927, 0.510517835617, 0.451010942459, 0.530497670174, 0.779060781002], "hpcp": {"dmean2": [0.456795394421, 0.376253753901, 0.333483874798, 0.385213494301, 0.443770378828, 0.489705115557, 0.469882041216, 0.394931018353, 0.354024976492, 0.334602445364, 0.300341278315, 0.25662702322, 0.238603785634, 0.238056629896, 0.243938341737, 0.243064910173, 0.246632874012, 0.257479846478, 0.232865944505, 0.19263446331, 0.183473825455, 0.190950855613, 0.182547956705, 0.200733840466, 0.259517610073, 0.288860887289, 0.293549835682, 0.290413796902, 0.293380945921, 0.315776437521, 0.333276301622, 0.321288377047, 0.278726756573, 0.262828946114, 0.31103593111, 0.404518216848], "median": [0.0462948530912, 0.0445191338658, 0.0436100699008, 0.0588927567005, 0.101938687265, 0.177247822285, 0.210763260722, 0.169108688831, 0.120522305369, 0.104800641537, 0.103842809796, 0.105491511524, 0.107772313058, 0.105547294021, 0.110069692135, 0.118532694876, 0.136056602001, 0.142307728529, 0.116426825523, 0.0871417298913, 0.0795168504119, 0.0797035694122, 0.0708765983582, 0.0599741786718, 0.0628287643194, 0.0771221071482, 0.0859554484487, 0.0774296298623, 0.0720917880535, 0.0649608373642, 0.058164536953, 0.0483412966132, 0.0378818958998, 0.0345876961946, 0.0376158952713, 0.0442729964852], "min": [0, 0, 0, 0, 0, 0, 0, 0, 0, 0, 0, 0, 0, 0, 0, 0, 0, 0, 0, 0, 0, 0, 0, 0, 0, 0, 0, 0, 0, 0, 0, 0, 0, 0, 0, 0], "dvar2": [0.253329068422, 0.200213044882, 0.19338388741, 0.211084067822, 0.21889488399, 0.205734118819, 0.185881838202, 0.142728582025, 0.150156646967, 0.159867882729, 0.128922432661, 0.0992963388562, 0.0871604159474, 0.0848748609424, 0.0851517990232, 0.0777803957462, 0.0726739540696, 0.0798225998878, 0.0731109157205, 0.0545160286129, 0.0539516247809, 0.0540146045387, 0.0549338981509, 0.0715118870139, 0.114735916257, 0.126909688115, 0.12739571929, 0.129201054573, 0.145843937993, 0.167171671987, 0.181729927659, 0.188648045063, 0.160540997982, 0.161455929279, 0.180894300342, 0.231383547187], "dvar": [0.0959130972624, 0.0734292119741, 0.0687990784645, 0.0753058046103, 0.0815204158425, 0.0790890529752, 0.0690786018968, 0.0536173954606, 0.0553516075015, 0.0578045323491, 0.0469141900539, 0.0359179340303, 0.0312375575304, 0.0307186003774, 0.031614150852, 0.0292860195041, 0.0268891956657, 0.0302154310048, 0.0272227823734, 0.0195722840726, 0.0197054073215, 0.0202687047422, 0.0201587677002, 0.0268354639411, 0.042465634644, 0.0456256531179, 0.0471510849893, 0.047492146492, 0.0513662099838, 0.0618802458048, 0.0669235214591, 0.0677539631724, 0.0578052587807, 0.0570266023278, 0.0648828297853, 0.0851254984736], "dmean": [0.249088123441, 0.205636337399, 0.180849179626, 0.209195777774, 0.247876286507, 0.274008452892, 0.266743689775, 0.225778579712, 0.199590206146, 0.187315449119, 0.168943405151, 0.1458247751, 0.136835709214, 0.13596175611, 0.139275878668, 0.140651851892, 0.142759203911, 0.151192933321, 0.135323822498, 0.110736243427, 0.104925319552, 0.109684199095, 0.104599125683, 0.113726101816, 0.143720552325, 0.163092017174, 0.166758462787, 0.164491117001, 0.16300663352, 0.174800679088, 0.183498993516, 0.17540179193, 0.151998877525, 0.143070206046, 0.168389588594, 0.221392884851], "max": [1, 1, 1, 1, 1, 1, 1, 1, 1, 1, 1, 1, 1, 1, 1, 1, 1, 1, 1, 1, 1, 1, 1, 1, 1, 1, 1, 1, 1, 1, 1, 1, 1, 1, 1, 1], "var": [0.0877219960093, 0.0650407597423, 0.0572581961751, 0.0636706575751, 0.093728967011, 0.10872181505, 0.0900821685791, 0.0708448216319, 0.0603988654912, 0.056987196207, 0.0470174662769, 0.0363386161625, 0.0325551070273, 0.0346147976816, 0.039132617414, 0.0413854718208, 0.0415076613426, 0.0418506786227, 0.0340540520847, 0.0217381399125, 0.0217294469476, 0.0229397770017, 0.020802937448, 0.0277921743691, 0.0426014438272, 0.0518797673285, 0.0581542141736, 0.0496166348457, 0.0438844151795, 0.0567117445171, 0.0632473900914, 0.0578411854804, 0.0461891330779, 0.0432069301605, 0.0532774105668, 0.0781387090683], "mean": [0.199775621295, 0.167956113815, 0.148378834128, 0.17452929914, 0.256304502487, 0.328991651535, 0.325927644968, 0.270977735519, 0.220352873206, 0.200421437621, 0.184949219227, 0.172903001308, 0.168928906322, 0.170315653086, 0.180008903146, 0.192524641752, 0.205888271332, 0.210710227489, 0.180018603802, 0.137238159776, 0.12862072885, 0.131465911865, 0.120047233999, 0.120679415762, 0.143962159753, 0.172221571207, 0.186867550015, 0.170970439911, 0.153581008315, 0.163547620177, 0.168997958302, 0.15009842813, 0.124811530113, 0.116072669625, 0.137140214443, 0.182940125465]}, "tuning_equal_tempered_deviation": 0.172620147467, "chords_changes_rate": 0.0857467353344, "key_key": "D#", "tuning_diatonic_strength": 0.300010025501, "key_scale": "minor", "chords_number_rate": 0.0022714366205, "tuning_frequency": 432.690917969, "tuning_nontempered_energy_ratio": 0.89737200737, "chords_histogram": [0, 1.22089719772, 2.58375930786, 0, 0, 0.681430995464, 1.19250428677, 0, 0.0567859187722, 11.7262916565, 0, 0, 0, 0, 0.482680290937, 16.8938102722, 61.0448608398, 2.15786480904, 0.0283929593861, 0.908574700356, 0, 0, 0, 1.02214646339], "key_strength": 0.515713274479, "chords_key": "B", "chords_strength": {"dmean2": 0.0144423926249, "median": 0.463822305202, "min": 0.234107166529, "dvar2": 0.000134041620186, "dvar": 7.81000780989e-05, "dmean": 0.0110009824857, "max": 0.717109024525, "var": 0.00800158362836, "mean": 0.467455506325}, "chords_scale": "minor", "hpcp_entropy": {"dmean2": 0.988575041294, "median": 3.51147770882, "min": 0, "dvar2": 0.615163624287, "dvar": 0.214498221874, "dmean": 0.575332522392, "max": 4.6730670929, "var": 0.493177235126, "mean": 3.34717988968}}, "metadata": {"audio_properties": {"equal_loudness": 0, "codec": "mp3", "downmix": "mix", "sample_rate": 44100, "analysis_sample_rate": 44100, "bit_rate": 320000, "md5_encoded": "52a02f73aebc6652b8ec1fdba25b06c3", "length": 163.47428894, "replay_gain": -14.8688659668, "lossless": false}, "version": {"essentia_build_sha": "70f2e5ece6736b2c40cc944ad0e695b16b925413", "essentia": "2.1-beta2", "extractor": "music 1.0", "essentia_git_sha": "v2.1_beta2"}, "tags": {"title": ["Divine Invisibility"], "barcode": ["616822115329"], "media": ["CD"], "albumartist": ["Fulmination"], "musicbrainz_recordingid": ["1c47e066-f2ef-4ce7-a2d9-f10f50261ff1"], "musicbrainz_albumartistid": ["4dd466e0-0774-404e-b67e-26bc85745a47"], "discnumber": ["1/2"], "album": ["Humanity's Dirge"], "catalognumber": ["DDR089CD"], "musicbrainz album release country": ["US"], "musicbrainz album type": ["album", "compilation"], "musicbrainz album status": ["official"], "originaldate": ["2013"], "date": ["2013-09-13"], "file_name": "11 - Divine Invisibility.mp3", "musicbrainz_releasegroupid": ["53694271-82be-4e0a-8f2e-083c7c559f04"], "script": ["Latn"], "asin": ["B00EC6VMHI"], "musicbrainz_albumid": ["e3f94141-8a71-4085-b926-161e3176e615"], "artist": ["Fulmination"], "artistsort": ["Fulmination"], "tracknumber": ["11/16"], "label": ["Dark Descent Records"], "albumartistsort": ["Fulmination"], "acoustid_id": ["2d278469-8266-4981-ba39-685cb4cf7cda"], "musicbrainz_artistid": ["4dd466e0-0774-404e-b67e-26bc85745a47"]}}, "rhythm": {"bpm_histogram_first_peak_bpm": {"dmean2": 0, "median": 108, "min": 108, "dvar2": 0, "dvar": 0, "dmean": 0, "max": 108, "var": 0, "mean": 108}, "bpm": 107.145011902, "bpm_histogram_second_peak_spread": {"dmean2": 0, "median": 0.232558131218, "min": 0.232558131218, "dvar2": 0, "dvar": 0, "dmean": 0, "max": 0.232558131218, "var": 0, "mean": 0.232558131218}, "bpm_histogram_first_peak_weight": {"dmean2": 0, "median": 0.304054051638, "min": 0.304054051638, "dvar2": 0, "dvar": 0, "dmean": 0, "max": 0.304054051638, "var": 0, "mean": 0.304054051638}, "onset_rate": 3.3579685688, "beats_position": [0.53405892849, 1.07972788811, 1.62539684772, 2.17106580734, 2.70512461662, 3.22757363319, 3.76163268089, 4.29569149017, 4.80653047562, 5.31736946106, 5.8282084465, 6.33904743195, 6.83827638626, 7.33750534058, 7.84834432602, 8.35918331146, 8.893242836, 9.39247131348, 9.89170074463, 10.3909292221, 10.8901586533, 11.3893871307, 11.8886165619, 12.3646259308, 12.8638544083, 13.3514738083, 13.8390922546, 14.3267116547, 14.8027210236, 15.2787294388, 15.7547388077, 16.2191371918, 16.7183666229, 17.2175960541, 17.7284355164, 18.2392749786, 18.7501125336, 19.2493419647, 19.7485713959, 20.247800827, 20.7470283508, 21.246257782, 21.7454872131, 22.2447166443, 22.7555541992, 23.2547836304, 23.7656230927, 24.3461227417, 24.9150104523, 25.4955101013, 26.0527877808, 26.6100673676, 27.1673469543, 27.7246246338, 28.2702941895, 28.8275737762, 29.3848514557, 29.9305210114, 30.4878005981, 31.0450782776, 31.6023578644, 32.1596374512, 32.7285270691, 33.3206329346, 33.901134491, 34.4700202942, 35.0389099121, 35.60779953, 36.1766891479, 36.7571868896, 37.3144645691, 37.8717460632, 38.4290237427, 38.9979133606, 39.5668029785, 40.1473007202, 40.7045783997, 41.2618598938, 41.8191375732, 42.3764152527, 42.9336967468, 43.50258255, 44.071472168, 44.6287536621, 45.1860313416, 45.743309021, 46.3005905151, 46.8578681946, 47.415145874, 47.9724235535, 48.5297050476, 49.0869827271, 49.6442604065, 50.1899299622, 50.7355995178, 51.2928771973, 51.8501586914, 52.4074363708, 52.9647140503, 53.5452156067, 54.1257133484, 54.6946029663, 55.2634925842, 55.8323783875, 56.4012680054, 56.9701576233, 57.5390472412, 58.1195449829, 58.7000427246, 59.280544281, 59.8494338989, 60.4183197021, 60.9756011963, 61.5096588135, 62.0553283691, 62.5661659241, 63.0886154175, 63.6110649109, 64.1567306519, 64.7024002075, 65.2480697632, 65.7937393188, 66.3394088745, 66.9082946777, 67.4655761719, 68.022857666, 68.5917434692, 69.1490249634, 69.7062988281, 70.2635803223, 70.8208618164, 71.3781356812, 71.9354171753, 72.4926986694, 73.0615844727, 73.6304779053, 74.18775177, 74.7334213257, 75.2907028198, 75.8479766846, 76.3936462402, 76.9393157959, 77.4849853516, 78.0190429688, 78.5531082153, 79.0871658325, 79.6212234497, 80.1668930054, 80.7241744995, 81.2698364258, 81.8271179199, 82.3611755371, 82.9068450928, 83.44090271, 83.9749679565, 84.5206298828, 85.0895233154, 85.6468048096, 86.1924667358, 86.7033081055, 87.2141494751, 87.7482070923, 88.2822647095, 88.8163223267, 89.3968200684, 89.9773254395, 90.5578231812, 91.1150970459, 91.67237854, 92.2296600342, 92.7869338989, 93.3558273315, 93.9247131348, 94.4819946289, 95.039276123, 95.5965499878, 96.1538314819, 96.7111129761, 97.2799987793, 97.8372802734, 98.4061660767, 98.9634475708, 99.5207214355, 100.089614868, 100.67011261, 101.238998413, 101.807891846, 102.376777649, 102.945663452, 103.514556885, 104.071838379, 104.629112244, 105.186393738, 105.755279541, 106.324172974, 106.881446838, 107.438728333, 107.996009827, 108.576507568, 109.15700531, 109.74911499, 110.34122467, 110.921722412, 111.502220154, 112.082717896, 112.663215637, 113.243713379, 113.82421875, 114.404716492, 114.961990356, 115.542495728, 116.111381531, 116.680267334, 117.260765076, 117.852874756, 118.444984436, 119.037094116, 119.629203796, 120.221313477, 120.801811218, 121.38230896, 121.951202393, 122.531700134, 123.100585938, 123.66947937, 124.238365173, 124.807250977, 125.364532471, 125.921813965, 126.467483521, 127.024757385, 127.593650818, 128.150924683, 128.708206177, 129.265487671, 129.811157227, 130.356826782, 130.914108276, 131.471374512, 132.028656006, 132.574325562, 133.119995117, 133.677276611, 134.234558105, 134.7918396, 135.349105835, 135.906387329, 136.475280762, 137.044174194, 137.601455688, 138.158721924, 138.727615356, 139.296508789, 139.853790283, 140.411056519, 140.968338013, 141.525619507, 142.071289062, 142.616958618, 143.162628174, 143.708297729, 144.21913147, 144.729980469, 145.229202271, 145.716827393, 146.216049194, 146.715286255, 147.214508057, 147.725341797, 148.212966919, 148.712203979, 149.211425781, 149.710647583, 150.198272705, 150.697509766, 151.208343506, 151.707565308, 152.206802368, 152.70602417, 153.228485107, 153.750930786, 154.273376465, 154.877090454, 155.469207764, 156.049697876, 156.618591309, 157.187484741, 157.756362915, 158.313644409, 158.870925903, 159.451431274, 160.00869751, 160.577590942, 161.146484375, 161.726974487, 162.307479858, 162.887985229], "beats_loudness": {"dmean2": 0.0206420402974, "median": 0.0294587630779, "min": 0.00526867993176, "dvar2": 0.000235200233874, "dvar": 8.83212560439e-05, "dmean": 0.0115033239126, "max": 0.068728633225, "var": 0.000146176724229, "mean": 0.0309737659991}, "danceability": 1.0800100565, "bpm_histogram_second_peak_weight": {"dmean2": 0, "median": 0.111486487091, "min": 0.111486487091, "dvar2": 0, "dvar": 0, "dmean": 0, "max": 0.111486487091, "var": 0, "mean": 0.111486487091}, "beats_count": 297, "bpm_histogram_second_peak_bpm": {"dmean2": 0, "median": 103, "min": 103, "dvar2": 0, "dvar": 0, "dmean": 0, "max": 103, "var": 0, "mean": 103}, "bpm_histogram_first_peak_spread": {"dmean2": 0, "median": 0.521276593208, "min": 0.521276593208, "dvar2": 0, "dvar": 0, "dmean": 0, "max": 0.521276593208, "var": 0, "mean": 0.521276593208}, "beats_loudness_band_ratio": {"dmean2": [0.314737915993, 0.189691364765, 0.156894728541, 0.0885135605931, 0.0985553562641, 0.121788449585], "median": [0.368138283491, 0.137167856097, 0.092689037323, 0.0379764921963, 0.119293645024, 0.139361932874], "min": [0.0876352488995, 0.0172667559236, 0.00679371226579, 0.00454235775396, 0.0238527692854, 0.0244741365314], "dvar2": [0.0602653883398, 0.0270713195205, 0.0238036476076, 0.0146739268675, 0.00568863982335, 0.0118812900037], "dvar": [0.019607597962, 0.0084078265354, 0.00871060788631, 0.00559938978404, 0.00191851262935, 0.00484843039885], "dmean": [0.17941339314, 0.110927298665, 0.0908975824714, 0.0493700280786, 0.0571631938219, 0.0689838305116], "max": [0.888604700565, 0.651422798634, 0.557357847691, 0.609596550465, 0.349630206823, 0.704368233681], "var": [0.0339822694659, 0.0152790909633, 0.0110748903826, 0.00834725145251, 0.00303976750001, 0.00552054587752], "mean": [0.392545878887, 0.177793860435, 0.121676437557, 0.0709996819496, 0.130250200629, 0.148033574224]}}, "lowlevel": {"barkbands_spread": {"dmean2": 13.3634147644, "median": 45.1188278198, "min": 8.33062267303, "dvar2": 127.637161255, "dvar": 46.9415359497, "dmean": 8.07793617249, "max": 82.0863037109, "var": 131.041610718, "mean": 43.7941207886}, "melbands_spread": {"dmean2": 26.6106719971, "median": 41.2158584595, "min": 3.73880362511, "dvar2": 525.702636719, "dvar": 196.950469971, "dmean": 16.0567092896, "max": 159.122894287, "var": 395.337890625, "mean": 44.6319541931}, "hfc": {"dmean2": 13.3978128433, "median": 29.8480472565, "min": 1.23225995825e-16, "dvar2": 202.082595825, "dvar": 73.5369186401, "dmean": 7.92379570007, "max": 142.356414795, "var": 170.827255249, "mean": 32.6859474182}, "barkbands_kurtosis": {"dmean2": 1.78045892715, "median": -0.954064369202, "min": -1.83818113804, "dvar2": 5.08627223969, "dvar": 1.95513486862, "dmean": 1.04682433605, "max": 27.5542697906, "var": 2.57421302795, "mean": -0.480294525623}, "gfcc": {"mean": [24.2655982971, 92.7978134155, -148.937271118, 84.0262145996, -63.3170013428, 4.11173248291, -34.3962440491, -2.50155591965, -14.4056787491, -7.19774913788, -14.7945995331, -14.4211416245, -7.77867984772], "icov": [[0.00391798047349, -0.00954236090183, 0.00633408268914, -0.00837101787329, 0.00858710892498, -0.01009410806, 0.00613687420264, -0.00419204728678, 0.00580645026639, -0.0061894049868, 0.00672771688551, -0.00452380022034, 0.00481716962531], [-0.00954236090183, 0.0376835465431, -0.0210102740675, 0.03032451123, -0.0258188601583, 0.0333732627332, -0.0255781076849, 0.0174235217273, -0.0167483650148, 0.0175838507712, -0.025072991848, 0.0215539094061, -0.0183596629649], [0.00633408268914, -0.0210102740675, 0.023019766435, -0.0231520216912, 0.016031993553, -0.0212802346796, 0.017267562449, -0.0160022359341, 0.0139094311744, -0.0133002009243, 0.0170623641461, -0.0119469109923, 0.0122373271734], [-0.00837101787329, 0.03032451123, -0.0231520216912, 0.0363135002553, -0.0276725403965, 0.0274265930057, -0.0151910930872, 0.0168397631496, -0.0267103910446, 0.0243447758257, -0.0207422599196, 0.0139782121405, -0.01488499064], [0.00858710892498, -0.0258188601583, 0.016031993553, -0.0276725403965, 0.0309421215206, -0.0242469012737, 0.00974200014025, -0.00742362253368, 0.0202263407409, -0.0237836837769, 0.0201013796031, -0.012030239217, 0.0121172415093], [-0.01009410806, 0.0333732627332, -0.0212802346796, 0.0274265930057, -0.0242469012737, 0.0422962866724, -0.0246614571661, 0.00927667226642, -0.0105515355244, 0.0192135516554, -0.0294320248067, 0.0176810678095, -0.0120778009295], [0.00613687420264, -0.0255781076849, 0.017267562449, -0.0151910930872, 0.00974200014025, -0.0246614571661, 0.0370542481542, -0.0171797722578, -0.00183683866635, 0.00395808648318, 0.0148713346571, -0.018051257357, 0.0146035924554], [-0.00419204728678, 0.0174235217273, -0.0160022359341, 0.0168397631496, -0.00742362253368, 0.00927667226642, -0.0171797722578, 0.0321858599782, -0.011956657283, -0.00353692751378, 0.00134486530442, 0.0084814177826, -0.0146839702502], [0.00580645026639, -0.0167483650148, 0.0139094311744, -0.0267103910446, 0.0202263407409, -0.0105515355244, -0.00183683866635, -0.011956657283, 0.0417109429836, -0.0211069844663, 0.00157777813729, 0.00212177634239, 0.010275579989], [-0.0061894049868, 0.0175838507712, -0.0133002009243, 0.0243447758257, -0.0237836837769, 0.0192135516554, 0.00395808648318, -0.00353692751378, -0.0211069844663, 0.0483640395105, -0.0254861935973, 0.00289910356514, 0.00163924170192], [0.00672771688551, -0.025072991848, 0.0170623641461, -0.0207422599196, 0.0201013796031, -0.0294320248067, 0.0148713346571, 0.00134486530442, 0.00157777813729, -0.0254861935973, 0.0583284124732, -0.0270784795284, 0.00899543426931], [-0.00452380022034, 0.0215539094061, -0.0119469109923, 0.0139782121405, -0.012030239217, 0.0176810678095, -0.018051257357, 0.0084814177826, 0.00212177634239, 0.00289910356514, -0.0270784795284, 0.0517918728292, -0.0256628450006], [0.00481716962531, -0.0183596629649, 0.0122373271734, -0.01488499064, 0.0121172415093, -0.0120778009295, 0.0146035924554, -0.0146839702502, 0.010275579989, 0.00163924170192, 0.00899543426931, -0.0256628450006, 0.0481312982738]], "cov": [[1315.12927246, -19.0948104858, -45.8771400452, -271.650604248, -278.518371582, 208.530532837, -65.5374069214, 97.0313644409, -111.900909424, 42.8866119385, -0.754179358482, 6.01410198212, -13.543337822], [-19.0948104858, 321.217926025, -122.895469666, -50.6002426147, 69.5395202637, -106.552574158, 114.212165833, -80.7033920288, 42.0182609558, -34.6879501343, 22.6411933899, -27.5772342682, 9.79370689392], [-45.8771400452, -122.895469666, 241.109176636, 98.8236083984, 9.11514854431, 48.7413978577, -73.8616638184, 69.9848175049, -17.2293624878, 29.8437347412, -27.1707630157, 4.6800198555, -9.09365940094], [-271.650604248, -50.6002426147, 98.8236083984, 332.175140381, 132.332824707, -58.1808013916, 5.46246385574, -51.7527236938, 89.8046798706, -30.6244888306, 3.44406867027, -10.9252729416, -4.47089195251], [-278.518371582, 69.5395202637, 9.11514854431, 132.332824707, 202.805526733, -41.5572013855, 39.6060523987, -49.5153388977, 27.9626808167, -1.00735867023, 3.69805693626, -5.34322023392, -5.07537841797], [208.530532837, -106.552574158, 48.7413978577, -58.1808013916, -41.5572013855, 157.393325806, -6.49219083786, 60.8919067383, -40.2820167542, 13.8527145386, 3.51360630989, 13.1777601242, -6.89837551117], [-65.5374069214, 114.212165833, -73.8616638184, 5.46246385574, 39.6060523987, -6.49219083786, 130.32989502, -15.2905740738, 43.7663230896, -38.4343032837, 9.16831111908, -6.48962259293, 1.57703793049], [97.0313644409, -80.7033920288, 69.9848175049, -51.7527236938, -49.5153388977, 60.8919067383, -15.2905740738, 108.471435547, -17.4461936951, 29.3701381683, -19.6032333374, 5.99173307419, 0.766201496124], [-111.900909424, 42.0182609558, -17.2293624878, 89.8046798706, 27.9626808167, -40.2820167542, 43.7663230896, -17.4461936951, 92.7965698242, -4.07628202438, 16.8509864807, -15.5972824097, -7.50681686401], [42.8866119385, -34.6879501343, 29.8437347412, -30.6244888306, -1.00735867023, 13.8527145386, -38.4343032837, 29.3701381683, -4.07628202438, 65.3787155151, 10.6006422043, 7.46011018753, -9.59112167358], [-0.754179358482, 22.6411933899, -27.1707630157, 3.44406867027, 3.69805693626, 3.51360630989, 9.16831111908, -19.6032333374, 16.8509864807, 10.6006422043, 44.3275642395, 12.3766860962, 2.2294754982], [6.01410198212, -27.5772342682, 4.6800198555, -10.9252729416, -5.34322023392, 13.1777601242, -6.48962259293, 5.99173307419, -15.5972824097, 7.46011018753, 12.3766860962, 40.5508880615, 15.142832756], [-13.543337822, 9.79370689392, -9.09365940094, -4.47089195251, -5.07537841797, -6.89837551117, 1.57703793049, 0.766201496124, -7.50681686401, -9.59112167358, 2.2294754982, 15.142832756, 35.6856689453]]}, "spectral_energyband_middle_low": {"dmean2": 0.00726020429283, "median": 0.00632177852094, "min": 2.4947166983e-22, "dvar2": 9.00772065506e-05, "dvar": 3.50076661562e-05, "dmean": 0.00443317368627, "max": 0.0643825307488, "var": 5.75703816139e-05, "mean": 0.00904178805649}, "melbands_crest": {"dmean2": 7.99284934998, "median": 14.812330246, "min": 2.105656147, "dvar2": 36.0202064514, "dvar": 13.0278902054, "dmean": 4.74072599411, "max": 30.5029220581, "var": 29.2216815948, "mean": 15.2726726532}, "spectral_kurtosis": {"dmean2": 1.93546283245, "median": 1.68236875534, "min": -1.20355260372, "dvar2": 2.96489095688, "dvar": 0.950747311115, "dmean": 1.08803582191, "max": 7.72931098938, "var": 1.23227107525, "mean": 1.8903605938}, "spectral_rms": {"dmean2": 0.00148296856787, "median": 0.00493692979217, "min": 3.26948581056e-12, "dvar2": 1.69391728377e-06, "dvar": 6.22184813892e-07, "dmean": 0.000903300649952, "max": 0.0103811789304, "var": 1.53148153004e-06, "mean": 0.0050861556083}, "zerocrossingrate": {"dmean2": 0.0143143394962, "median": 0.0869140625, "min": 0.02001953125, "dvar2": 0.000189351630979, "dvar": 0.000129005798954, "dmean": 0.0110188182443, "max": 0.5029296875, "var": 0.000512671424076, "mean": 0.0885193869472}, "silence_rate_60dB": {"dmean2": 0.00056818180019, "median": 0, "min": 0, "dvar2": 0.000567882147152, "dvar": 0.000283948815195, "dmean": 0.000284050562186, "max": 1, "var": 0.000993013265543, "mean": 0.000994035741314}, "erbbands_kurtosis": {"dmean2": 1.5150655508, "median": 0.713415622711, "min": -1.67123782635, "dvar2": 1.90368139744, "dvar": 0.802487850189, "dmean": 0.9487439394, "max": 10.5895338058, "var": 2.40006089211, "mean": 0.833034813404}, "erbbands": {"dmean2": [0.0265404991806, 1.16971671581, 9.43275260925, 9.36863136292, 10.304394722, 14.6768274307, 10.6515836716, 8.83270168304, 10.12525177, 33.3132209778, 21.7558460236, 15.2986087799, 13.3418016434, 13.9814548492, 16.6606197357, 18.4786052704, 20.2201366425, 21.9794826508, 16.0541210175, 19.7249107361, 34.0011558533, 50.2304420471, 26.8123378754, 20.0062675476, 18.5110435486, 41.0409393311, 40.949344635, 23.2797431946, 17.8493022919, 12.4237756729, 7.08165740967, 2.76233243942, 0.990446448326, 0.229910880327, 0.0425118654966, 0.00755947828293, 0.000934024341404, 6.99187221471e-05, 1.1294034266e-05, 1.93993437279e-05], "median": [0.0154279442504, 0.586132884026, 4.64158153534, 5.84006309509, 4.86375617981, 5.62516975403, 6.39229488373, 4.75446033478, 4.71566772461, 10.9701776505, 6.08746862411, 5.57686805725, 3.9866604805, 2.87325620651, 3.70628809929, 5.25430107117, 8.70066261292, 10.3898086548, 9.85766029358, 20.4980278015, 47.5345649719, 69.5541152954, 40.1303863525, 24.0291633606, 23.9728393555, 67.0307159424, 67.6018981934, 22.0074081421, 7.20016288757, 7.55245923996, 3.12272381783, 1.61469578743, 0.729833245277, 0.182579994202, 0.0386397950351, 0.00735114142299, 0.00102418730967, 0.0001040267598, 2.81726388494e-05, 3.47612512996e-05], "min": [1.80957593172e-21, 1.89976971854e-20, 3.08789172229e-20, 1.04550588795e-19, 9.59213307848e-20, 9.33081444451e-20, 2.64744919462e-19, 2.44959560541e-19, 5.0121246289e-19, 5.51664534895e-19, 4.41356846585e-19, 1.23433348911e-18, 2.72805716984e-18, 1.32261764871e-18, 1.47056055562e-18, 1.32047576791e-18, 2.75030584677e-18, 2.34091865198e-18, 2.51988724252e-18, 5.5559682745e-18, 9.76933721522e-18, 1.16588923583e-17, 1.27050243702e-17, 1.40301759833e-17, 2.39251817859e-17, 1.99895590018e-17, 1.45651087224e-17, 1.79985584285e-17, 2.6318984576e-17, 1.77475240018e-17, 1.94036636652e-17, 1.48421248921e-17, 1.46459176508e-17, 1.27344190605e-17, 8.26043073775e-18, 6.93270659293e-18, 2.97929921883e-18, 1.46737632386e-18, 4.1376424685e-19, 3.95044076838e-20], "dvar2": [0.000971647095867, 1.70303094387, 104.260345459, 91.9368057251, 212.656204224, 535.431091309, 261.171081543, 193.231201172, 508.121368408, 3419.16357422, 3493.11401367, 906.277038574, 710.253417969, 1811.48254395, 4728.44677734, 3204.58886719, 2202.12011719, 2897.90380859, 2360.65869141, 822.076965332, 919.990600586, 1898.76879883, 681.726745605, 401.483703613, 378.444030762, 1326.63781738, 1382.20385742, 793.762084961, 777.856384277, 369.343048096, 138.454971313, 25.32579422, 2.90665841103, 0.147722691298, 0.00466556102037, 0.000131955457618, 1.51253220793e-06, 9.49160039454e-09, 2.17724088758e-10, 3.43070349906e-10], "dvar": [0.000358677469194, 0.633011519909, 39.1421089172, 34.6230201721, 81.3308868408, 202.568832397, 108.229743958, 74.3802566528, 201.429000854, 1365.84326172, 1323.73010254, 334.024536133, 260.346130371, 676.50177002, 1564.43457031, 1286.46984863, 919.113891602, 1157.79638672, 852.182617188, 310.712585449, 324.552642822, 659.16998291, 245.319915771, 142.870727539, 138.247772217, 468.801269531, 520.16998291, 294.546325684, 274.448699951, 129.00680542, 50.364364624, 11.4453687668, 1.26736366749, 0.0618461966515, 0.00207650358789, 5.91791213083e-05, 7.3955982316e-07, 4.16594625463e-09, 7.73689168287e-11, 1.26270063849e-10], "dmean": [0.0156743545085, 0.683631002903, 5.55110645294, 5.50657320023, 6.08886289597, 8.69022941589, 6.36498498917, 5.31528997421, 6.21187829971, 20.645652771, 13.0743589401, 8.94706439972, 7.94186496735, 8.50106048584, 10.2291641235, 11.6043643951, 12.6684856415, 13.2890367508, 9.71748256683, 11.7232751846, 19.9369068146, 29.3999347687, 15.7277698517, 11.5869092941, 10.8247423172, 24.0359210968, 24.2572917938, 13.5227231979, 10.0453214645, 6.92291116714, 4.00858688354, 1.7011244297, 0.630638599396, 0.152187436819, 0.0286684539169, 0.0051278504543, 0.000639471458271, 4.5715692977e-05, 6.74908369547e-06, 1.16477185657e-05], "max": [0.245008289814, 10.1151046753, 81.1795349121, 78.1510696411, 95.6165084839, 139.976135254, 390.914306641, 181.456237793, 416.432128906, 646.441040039, 850.352905273, 465.461914062, 319.546325684, 727.958251953, 1399.73278809, 1045.45422363, 663.980712891, 1021.4420166, 1385.86962891, 370.98425293, 279.418334961, 319.543579102, 316.689605713, 257.675964355, 241.292816162, 347.765014648, 897.385498047, 274.19619751, 208.567764282, 117.473632812, 112.637840271, 100.707687378, 35.7262153625, 5.48066234589, 1.20679676533, 0.220540389419, 0.0147218946368, 0.00157168693841, 0.000363119092071, 0.000124748257804], "var": [0.00042930568452, 0.836220443249, 54.0616912842, 50.1820640564, 80.4497833252, 200.93347168, 311.699798584, 122.324226379, 328.274963379, 2428.48339844, 2057.49023438, 654.11315918, 598.800415039, 2021.28723145, 4094.84057617, 3467.11889648, 2331.94873047, 2860.55615234, 2021.09509277, 732.090332031, 566.094604492, 1063.73034668, 407.757385254, 222.77230835, 210.498168945, 838.652648926, 1145.63366699, 435.529724121, 236.73550415, 106.531272888, 64.7970199585, 36.3808708191, 4.09787225723, 0.170834749937, 0.00771164475009, 0.000295999547234, 3.78464369533e-06, 1.62531819115e-08, 1.05352372659e-10, 2.63428057146e-10], "mean": [0.021743921563, 0.873964726925, 6.99981594086, 7.94634866714, 7.8494644165, 10.4910163879, 10.2764949799, 8.20729541779, 10.1220560074, 29.5871829987, 19.2904052734, 13.6559534073, 13.1035928726, 15.9392461777, 18.6551551819, 21.660823822, 23.7868118286, 25.126115799, 19.9795532227, 27.1422176361, 51.8929023743, 74.4157943726, 43.5930976868, 27.2592658997, 27.0078620911, 71.2049255371, 72.1491928101, 27.816400528, 12.8215065002, 10.8744678497, 6.09854030609, 3.42827343941, 1.34005999565, 0.32495880127, 0.0691005885601, 0.0136218238622, 0.00178495340515, 0.000152068212628, 2.99906387227e-05, 3.79385965061e-05]}, "spectral_strongpeak": {"dmean2": 0.577358365059, "median": 0.357575446367, "min": 0, "dvar2": 1.03248775005, "dvar": 0.413184523582, "dmean": 0.3369820714, "max": 18.0628433228, "var": 0.493442445993, "mean": 0.529390156269}, "spectral_energy": {"dmean2": 0.0164193008095, "median": 0.0249826051295, "min": 1.09567762327e-20, "dvar2": 0.000249375036219, "dvar": 9.23408006201e-05, "dmean": 0.00987479370087, "max": 0.110463097692, "var": 0.000188656820683, "mean": 0.0280855167657}, "average_loudness": 0.894075632095, "spectral_rolloff": {"dmean2": 1488.16442871, "median": 3036.18164062, "min": 129.19921875, "dvar2": 1775248.125, "dvar": 726572.125, "dmean": 872.360412598, "max": 19789.0136719, "var": 1372133.125, "mean": 3088.85180664}, "spectral_centroid": {"dmean2": 521.121765137, "median": 2567.32763672, "min": 778.44342041, "dvar2": 188597.296875, "dvar": 80188.09375, "dmean": 319.774353027, "max": 11341.0292969, "var": 222339.234375, "mean": 2516.68969727}, "pitch_salience": {"dmean2": 0.164172843099, "median": 0.617859601974, "min": 0.145865797997, "dvar2": 0.0181361883879, "dvar": 0.00660516740754, "dmean": 0.0978357568383, "max": 0.891124784946, "var": 0.0130030782893, "mean": 0.597385108471}, "spectral_energyband_middle_high": {"dmean2": 0.00246453168802, "median": 0.00503052212298, "min": 1.54477766638e-21, "dvar2": 8.58430030348e-06, "dvar": 3.30725447384e-06, "dmean": 0.00152932060882, "max": 0.05316754058, "var": 2.62803823716e-05, "mean": 0.00657830014825}, "spectral_contrast_coeffs": {"dmean2": [0.0984996631742, 0.081589743495, 0.0588126294315, 0.048512686044, 0.0331268757582, 0.0421841144562], "median": [-0.616866111755, -0.777040064335, -0.82579010725, -0.809318423271, -0.794012725353, -0.665770173073], "min": [-0.968403279781, -0.9705991745, -0.97703140974, -0.959151864052, -0.960834622383, -0.962101459503], "dvar2": [0.00572742661461, 0.00400881050155, 0.00198190263472, 0.00136482238304, 0.000629593851045, 0.00137787533458], "dvar": [0.0020146551542, 0.00146479485556, 0.000702660006937, 0.000462916970719, 0.000222539412789, 0.000541802844964], "dmean": [0.0585104227066, 0.0487622618675, 0.034623503685, 0.0283410996199, 0.0192704759538, 0.0261358134449], "max": [-0.376268327236, -0.527648985386, -0.588454782963, -0.612679183483, -0.708520650864, -0.54291844368], "var": [0.00362382340245, 0.00326104066335, 0.00192621385213, 0.00107679527719, 0.000366825144738, 0.00182787410449], "mean": [-0.613246917725, -0.770834743977, -0.819934785366, -0.805360913277, -0.793630361557, -0.663652062416]}, "melbands_skewness": {"dmean2": 1.40038096905, "median": 2.3578877449, "min": -0.32317584753, "dvar2": 1.54578077793, "dvar": 0.569445431232, "dmean": 0.847416400909, "max": 10.7867431641, "var": 1.27167987823, "mean": 2.50726222992}, "spectral_spread": {"dmean2": 461242.15625, "median": 3529864, "min": 2252156.75, "dvar2": 339307266048, "dvar": 263049232384, "dmean": 303771.21875, "max": 40420020, "var": 530013126656, "mean": 3592860.5}, "dissonance": {"dmean2": 0.0107281403616, "median": 0.492480158806, "min": 0.367201566696, "dvar2": 0.000116250063002, "dvar": 4.17899173044e-05, "dmean": 0.00629764655605, "max": 0.500000059605, "var": 6.10727802268e-05, "mean": 0.490399539471}, "spectral_skewness": {"dmean2": 0.292398422956, "median": 0.58111345768, "min": -0.0386294052005, "dvar2": 0.0545357242227, "dvar": 0.018939262256, "dmean": 0.169545978308, "max": 1.77818131447, "var": 0.0625625997782, "mean": 0.581756591797}, "spectral_flux": {"dmean2": 0.0353496000171, "median": 0.0961957871914, "min": 1.04674623136e-10, "dvar2": 0.000991679960862, "dvar": 0.000385379855288, "dmean": 0.021655978635, "max": 0.242368638515, "var": 0.000816428975668, "mean": 0.10014103353}, "spectral_contrast_valleys": {"dmean2": [0.747660696507, 0.599776446819, 0.540645599365, 0.389642298222, 0.284731417894, 0.415310889482], "median": [-6.98498153687, -6.51105594635, -7.35019111633, -7.07179546356, -6.23028945923, -9.80412960052], "min": [-27.0637435913, -26.9619503021, -27.235086441, -27.4484577179, -27.1916160583, -27.2506637573], "dvar2": [0.369546711445, 0.26511579752, 0.218949913979, 0.128716930747, 0.0839724615216, 0.216686636209], "dvar": [0.167666509748, 0.138142317533, 0.119085215032, 0.084506995976, 0.0710039660335, 0.122833311558], "dmean": [0.444202244282, 0.359863370657, 0.32877010107, 0.236773595214, 0.172454401851, 0.30195248127], "max": [-5.85494995117, -4.82387828827, -4.96461200714, -5.57469654083, -5.52413654327, -8.21816062927], "var": [0.301192551851, 0.345484435558, 0.495729744434, 0.230055764318, 0.151526838541, 0.470097512007], "mean": [-7.02467393875, -6.4702539444, -7.23642110825, -7.04036903381, -6.24322462082, -9.88865375519]}, "erbbands_flatness_db": {"dmean2": 0.0184327587485, "median": 0.168211817741, "min": 0.0566257424653, "dvar2": 0.000212201848626, "dvar": 9.73597052507e-05, "dmean": 0.0121977794915, "max": 0.249244645238, "var": 0.000439550407464, "mean": 0.168731838465}, "spectral_energyband_high": {"dmean2": 0.00173933827318, "median": 0.00252390303649, "min": 8.16418378861e-21, "dvar2": 3.90164268538e-06, "dvar": 1.42605574638e-06, "dmean": 0.00100883131381, "max": 0.0225669369102, "var": 2.27164287026e-06, "mean": 0.0028564829845}, "spectral_entropy": {"dmean2": 0.14363360405, "median": 7.87291002274, "min": 7.35549354553, "dvar2": 0.0181062165648, "dvar": 0.00713590206578, "dmean": 0.0888609737158, "max": 9.82155609131, "var": 0.0177493225783, "mean": 7.88801240921}, "silence_rate_20dB": {"dmean2": 0, "median": 1, "min": 1, "dvar2": 0, "dvar": 0, "dmean": 0, "max": 1, "var": 0, "mean": 1}, "melbands_flatness_db": {"dmean2": 0.0501305982471, "median": 0.145233467221, "min": 0.00821551587433, "dvar2": 0.0016959013883, "dvar": 0.000614063173998, "dmean": 0.0303250830621, "max": 0.321920335293, "var": 0.00148242234718, "mean": 0.149321839213}, "barkbands": {"dmean2": [9.88079955277e-06, 0.0036352109164, 0.00939614139497, 0.00263119069859, 0.00383816612884, 0.00119588221423, 0.00136856804602, 0.00117873807903, 0.000691012130119, 0.000428368803114, 0.000426771264756, 0.000470790459076, 0.000508378841914, 0.000403697835281, 0.000333134783432, 0.000559477950446, 0.000987467123196, 0.000484503019834, 0.000313398049911, 0.000826290459372, 0.000782740244176, 0.000475276523503, 0.000285853078822, 8.7204403826e-05, 1.24248308566e-05, 8.72101566074e-07, 3.28297673491e-08], "median": [3.40581209457e-06, 0.00166600022931, 0.0047126756981, 0.00137978815474, 0.00171300652437, 0.000675862771459, 0.000543509959243, 0.000280852022115, 0.000244106297032, 9.37999138841e-05, 8.37207626319e-05, 0.00011374244059, 0.000197415341972, 0.000183843978448, 0.000229670433328, 0.000656948192045, 0.00129108247347, 0.000661213009153, 0.000296928395983, 0.00141170551069, 0.0011140157003, 0.000196640525246, 0.000150662555825, 5.72631251998e-05, 9.77128183877e-06, 8.27135693271e-07, 3.80438827108e-08], "min": [4.79284591425e-24, 7.72468628046e-23, 3.01927518459e-23, 3.74263002687e-23, 3.57900449791e-23, 3.14945932206e-23, 3.38383399907e-23, 2.27701181972e-23, 5.43580510178e-23, 7.5587547533e-23, 3.56142236606e-23, 2.78099280619e-23, 6.74615229028e-23, 4.65063227907e-23, 8.72844614913e-23, 9.58628315863e-23, 2.33197381003e-22, 2.30803156601e-22, 4.25906280408e-22, 4.19044780876e-22, 3.67072175816e-22, 6.86860710549e-22, 5.95811369366e-22, 7.84984000971e-22, 1.2618168695e-21, 1.67743100158e-21, 2.87198764655e-21], "dvar2": [3.13429504573e-10, 1.72161308001e-05, 0.000105046201497, 7.33578099243e-06, 3.6287758121e-05, 2.9971317872e-06, 5.77717855776e-06, 7.92279934103e-06, 1.86047850548e-06, 1.19816752431e-06, 2.8560100418e-06, 2.09333643397e-06, 1.6465490944e-06, 1.09183770292e-06, 5.76892148274e-07, 3.02738470737e-07, 7.28690054075e-07, 2.21449866444e-07, 1.21868595215e-07, 5.33038416961e-07, 5.67055451484e-07, 5.67774122828e-07, 2.044644134e-07, 2.58398866748e-08, 4.8048293122e-10, 1.70198750926e-12, 5.59358959027e-15], "dvar": [1.09833447892e-10, 6.39966674498e-06, 3.99253549404e-05, 2.68590156338e-06, 1.39962421599e-05, 1.17003230571e-06, 2.4636924536e-06, 3.05367120745e-06, 6.93064180268e-07, 4.67686959382e-07, 9.50339142491e-07, 8.24373330488e-07, 7.37346567803e-07, 4.07028892369e-07, 2.12266400013e-07, 1.10609583714e-07, 2.55386765957e-07, 7.87751091025e-08, 4.45569234842e-08, 1.89886009139e-07, 2.16136555764e-07, 1.98808820073e-07, 7.30900779899e-08, 1.15157883229e-08, 1.96331159663e-10, 7.56883759227e-13, 1.9539722369e-15], "dmean": [5.65408709008e-06, 0.0021303743124, 0.00555963208899, 0.00152610102668, 0.00228080269881, 0.000716759415809, 0.000865249254275, 0.000705395883415, 0.000408038555179, 0.000259672931861, 0.000257255887846, 0.000295390927931, 0.000321183935739, 0.000240530876908, 0.000198721143533, 0.000328780588461, 0.000574450648855, 0.000283354835119, 0.000181402501767, 0.000484156393213, 0.000461620365968, 0.000266435410595, 0.000160604904522, 5.48515672563e-05, 8.16616284283e-06, 5.84039696605e-07, 2.02431849061e-08], "max": [0.000314990698826, 0.0325885750353, 0.0830112546682, 0.0225734785199, 0.0357003808022, 0.026239335537, 0.0381423160434, 0.0374587737024, 0.0235025566071, 0.0164492018521, 0.0326577611268, 0.0271942913532, 0.0236775055528, 0.0177382268012, 0.0176038127393, 0.00619771890342, 0.00724086537957, 0.00537129491568, 0.00355131807737, 0.00712338415906, 0.0156280081719, 0.00459334347397, 0.00360942492262, 0.00326511752792, 0.000310583476676, 2.31706435443e-05, 2.16925423047e-06], "var": [8.19418977116e-11, 8.43985981192e-06, 5.68716131966e-05, 3.65032451555e-06, 1.39994281199e-05, 2.38964958044e-06, 4.71352950626e-06, 4.85172313347e-06, 1.38390191751e-06, 1.16787271054e-06, 2.36225878325e-06, 2.15916679736e-06, 1.88525757494e-06, 9.34805029829e-07, 5.02269131175e-07, 1.98460952561e-07, 4.00849813786e-07, 1.2383324588e-07, 6.47368452178e-08, 3.44145121289e-07, 4.53877078144e-07, 1.64799274671e-07, 7.96461634422e-08, 3.73020832001e-08, 4.81433004573e-10, 3.47452101812e-12, 1.68379149074e-15], "mean": [5.78725212108e-06, 0.0026238549035, 0.00708560133353, 0.00196756212972, 0.00293635367416, 0.00112773128785, 0.00132371624932, 0.000951204448938, 0.000615835189819, 0.000426071695983, 0.000432736822404, 0.000520072935615, 0.000573721306864, 0.00042185082566, 0.000390695262467, 0.000752489373554, 0.00138831103686, 0.000723994977307, 0.000367472443031, 0.00149240798783, 0.00123090553097, 0.000343061925378, 0.000251526362263, 0.000113689566206, 1.73420266947e-05, 1.53196299379e-06, 4.47749961552e-08]}, "erbbands_skewness": {"dmean2": 0.455152511597, "median": -1.17716681957, "min": -2.58508062363, "dvar2": 0.16341149807, "dvar": 0.072404615581, "dmean": 0.287885993719, "max": 1.65799236298, "var": 0.414354264736, "mean": -0.991883099079}, "erbbands_spread": {"dmean2": 14.8027830124, "median": 41.8465957642, "min": 9.14856147766, "dvar2": 152.794876099, "dvar": 59.5550498962, "dmean": 9.10004043579, "max": 109.20652771, "var": 156.634674072, "mean": 42.652633667}, "melbands_kurtosis": {"dmean2": 9.18096351624, "median": 4.98302078247, "min": -1.76710855961, "dvar2": 120.699256897, "dvar": 45.6175575256, "dmean": 5.46589803696, "max": 140.7607421