{"tonal": {"thpcp": [1, 0.713154494762, 0.611169099808, 0.646002054214, 0.526153922081, 0.645520746708, 0.809994101524, 0.619606733322, 0.49264973402, 0.467674612999, 0.387792140245, 0.59572660923, 0.776677191257, 0.57490503788, 0.594410181046, 0.736107349396, 0.512525081635, 0.396726876497, 0.450028181076, 0.396332323551, 0.528276801109, 0.709863781929, 0.574810445309, 0.469466656446, 0.451243788004, 0.398124873638, 0.659040153027, 0.876132130623, 0.662970066071, 0.58471262455, 0.578963756561, 0.451713323593, 0.633739471436, 0.78430968523, 0.657001018524, 0.841371953487], "hpcp": {"dmean2": [0.206011652946, 0.197603151202, 0.222689270973, 0.236732661724, 0.213987231255, 0.188177525997, 0.175452768803, 0.150697261095, 0.187765717506, 0.217991858721, 0.180135861039, 0.184462711215, 0.208908706903, 0.168711200356, 0.143770337105, 0.146815463901, 0.153342410922, 0.170436054468, 0.185258328915, 0.186065256596, 0.167037203908, 0.151332363486, 0.146457955241, 0.195588335395, 0.212140709162, 0.190196022391, 0.180030986667, 0.174099892378, 0.162848189473, 0.191814467311, 0.220010191202, 0.225667953491, 0.240873202682, 0.243249371648, 0.228483811021, 0.209447473288], "median": [0.0453051365912, 0.0488608926535, 0.0668351948261, 0.0741591006517, 0.0570908337831, 0.0412791669369, 0.0328712537885, 0.0343678966165, 0.0607756637037, 0.0691723376513, 0.0609973147511, 0.0578134804964, 0.0598425045609, 0.046186439693, 0.035240277648, 0.0319427922368, 0.0345262289047, 0.0464127883315, 0.0539844073355, 0.0472981780767, 0.0332064032555, 0.022516656667, 0.0308590177447, 0.0560367181897, 0.0794027745724, 0.0726246535778, 0.0486449636519, 0.0369957685471, 0.037711661309, 0.0568909049034, 0.065010458231, 0.0711208432913, 0.0873139947653, 0.0911026448011, 0.074868708849, 0.0543803200126], "min": [0, 0, 0, 0, 0, 0, 0, 0, 0, 0, 0, 0, 0, 0, 0, 0, 0, 0, 0, 0, 0, 0, 0, 0, 0, 0, 0, 0, 0, 0, 0, 0, 0, 0, 0, 0], "dvar2": [0.0922955051064, 0.0921665579081, 0.101623654366, 0.105051606894, 0.0968339145184, 0.0900075957179, 0.086557738483, 0.0625606179237, 0.0768038779497, 0.0906251594424, 0.0613586828113, 0.075242780149, 0.0939182713628, 0.0670577138662, 0.0585587583482, 0.0635022222996, 0.0702308937907, 0.0737648457289, 0.0775531753898, 0.081133030355, 0.071848936379, 0.0689880996943, 0.0574311055243, 0.0803759023547, 0.0854223445058, 0.0661101937294, 0.072933293879, 0.0728830471635, 0.0619004145265, 0.0773078799248, 0.093736179173, 0.0908212214708, 0.0995593518019, 0.0958318039775, 0.0864145457745, 0.0926471203566], "dvar": [0.0379957593977, 0.0349530391395, 0.0403977222741, 0.0461527332664, 0.0385117791593, 0.0345062986016, 0.0324596166611, 0.0242373384535, 0.0301623363048, 0.0381286218762, 0.0250311717391, 0.0305143911391, 0.0390439480543, 0.0265833549201, 0.0222411379218, 0.0257784239948, 0.0260448232293, 0.0282457787544, 0.0334168039262, 0.0325560979545, 0.0280528385192, 0.0283486694098, 0.0227054525167, 0.0338029563427, 0.037623886019, 0.0276355016977, 0.0309207122773, 0.0315419659019, 0.0233833044767, 0.0307988543063, 0.0383905172348, 0.0355498380959, 0.0399590246379, 0.0426647290587, 0.0343017429113, 0.0372593291104], "dmean": [0.120996512473, 0.114252105355, 0.131676957011, 0.14188234508, 0.12483035773, 0.107869260013, 0.100643597543, 0.0866708755493, 0.111310303211, 0.128400266171, 0.108061425388, 0.109853245318, 0.124772079289, 0.100089564919, 0.0844394564629, 0.0882572382689, 0.0890057533979, 0.0994611531496, 0.110955238342, 0.108504615724, 0.0980706885457, 0.0885677188635, 0.0855004787445, 0.116091571748, 0.129958033562, 0.11529199779, 0.108150221407, 0.104707241058, 0.0953392535448, 0.112343542278, 0.128105983138, 0.132585644722, 0.142917513847, 0.145004034042, 0.134371012449, 0.122537069023], "max": [1, 1, 1, 1, 1, 1, 1, 1, 1, 1, 1, 1, 1, 1, 1, 1, 1, 1, 1, 1, 1, 1, 1, 1, 1, 1, 1, 1, 1, 1, 1, 1, 1, 1, 1, 1], "var": [0.0677204728127, 0.0451069697738, 0.0549565181136, 0.0842624008656, 0.0564749464393, 0.0435891151428, 0.0427280515432, 0.0296776331961, 0.0469049178064, 0.0750478357077, 0.0412396416068, 0.048703905195, 0.0742829442024, 0.0401564091444, 0.0276568550617, 0.0407773442566, 0.0308263525367, 0.0451763831079, 0.0769678279757, 0.0527133792639, 0.0399170219898, 0.0457270182669, 0.0299096312374, 0.0603364408016, 0.0925283059478, 0.052773937583, 0.0554195679724, 0.0616320110857, 0.0325176790357, 0.0579850077629, 0.0832725018263, 0.053175278008, 0.0754318088293, 0.10680244863, 0.0580768659711, 0.0568335987628], "mean": [0.166233494878, 0.135393381119, 0.166109636426, 0.208433002234, 0.159441277385, 0.126771867275, 0.120345108211, 0.099789224565, 0.153296291828, 0.199859678745, 0.147938340902, 0.15295752883, 0.189419984818, 0.131886318326, 0.102088369429, 0.115804210305, 0.101986840367, 0.135939657688, 0.182666808367, 0.147914007306, 0.120806246996, 0.116117015481, 0.102448105812, 0.169588550925, 0.225452080369, 0.17059981823, 0.150462090969, 0.14898276329, 0.116237841547, 0.163078010082, 0.201823726296, 0.169063821435, 0.216507360339, 0.257326573133, 0.183513596654, 0.157270044088]}, "tuning_equal_tempered_deviation": 0.0314942225814, "chords_changes_rate": 0.0988875180483, "key_key": "C#", "tuning_diatonic_strength": 0.461326420307, "key_scale": "major", "chords_number_rate": 0.00648949341848, "tuning_frequency": 441.782684326, "tuning_nontempered_energy_ratio": 0.768811762333, "chords_histogram": [12.330037117, 13.0407915115, 8.71446228027, 3.49196529388, 5.43881320953, 4.94437599182, 5.74783706665, 0.927070438862, 3.73918414116, 1.88504326344, 2.5030901432, 1.91594564915, 1.91594564915, 0.401730537415, 1.54511737823, 4.9752779007, 1.7305315733, 5.22249698639, 1.05067980289, 2.47218799591, 0.772558689117, 1.7614338398, 2.47218799591, 11.0012359619], "key_strength": 0.629938960075, "chords_key": "F", "chords_strength": {"dmean2": 0.0136101394892, "median": 0.4747595191, "min": -1, "dvar2": 0.00127853860613, "dvar": 0.000705908925738, "dmean": 0.0143278129399, "max": 0.838669538498, "var": 0.036594517529, "mean": 0.463021963835}, "chords_scale": "minor", "hpcp_entropy": {"dmean2": 1.03688657284, "median": 2.08493089676, "min": 0, "dvar2": 0.771479010582, "dvar": 0.279335618019, "dmean": 0.608462274075, "max": 4.14488935471, "var": 0.658997416496, "mean": 2.00459051132}}, "metadata": {"audio_properties": {"equal_loudness": 0, "codec": "flac", "downmix": "mix", "sample_rate": 44100, "analysis_sample_rate": 44100, "bit_rate": 0, "md5_encoded": "dae1149ed4c1108cf622f111ade13d90", "length": 150.199996948, "replay_gain": -13.0210819244, "lossless": true}, "version": {"essentia_build_sha": "2d9f1f26377add8aeb1075a9c2973f962c4f09fd", "essentia": "2.1-beta2", "extractor": "music 1.0", "essentia_git_sha": "v2.1_beta2-1-ge3940c0"}, "tags": {"title": ["Our Delight"], "barcode": ["3307517098627"], "media": ["CD"], "albumartist": ["Dizzy Gillespie"], "tracktotal": ["21"], "language": ["English"], "musicbrainz_recordingid": ["1c4b6ba6-efb6-4e3e-9535-66ea9556271d"], "composer": ["Dizzy Gillespie and His Orchestra"], "musicbrainz_releasegroupid": ["84ce6c0f-6750-4ea9-8a89-4635cb84e2cb"], "musicbrainz_albumartistid": ["e9ba8ccb-505f-4e5c-b909-65998d0d35b5"], "musicbrainz_releasetrackid": ["93b031ab-64de-3fc6-8cd5-2db3d5e2889d"], "discnumber": ["01"], "album": ["The Chronological Classics: Dizzy Gillespie 1946-1947"], "catalognumber": ["986"], "releasecountry": ["FR"], "file_name": "Dizzy Gillespie and His Orchestra - Our Delight.flac", "compilation": ["1"], "acoustid_fingerprint": ["AQADtJGSaNmkCsm1Yz0cPRR8ouWL_SOKTPyRzCsm7lJwKpPwocd3oWrgU_i0455x5fjRp_jxD3mUPCgVEtVx7RC1DflyPPHxLDaaf0VpdXi2CXum44TfgD-SJ0eeSMpQ9nAuJM6NUMMP5vjhI_oMvQtD5JtxkbiPn7im4x2J_ziDw-rREzeuNch59ElxodbSDN_yBAltXMSP5lk0lNRT3EvCBV9ENMf0HN-FrO-MZOEYlDqqx4TlUceP8ccf9HgIT2IiDXeCM4FzIclz5Aqa5_iH54EpURp-XMd_ZGGHZC9T-ESPZ8ePaghpHV-Kpj36oDfCHCzLotUlhHnwiYV2-C9y-EyLScfTaaipo2k-7HjghyF24UmOZrIR6ok26I8oxH_g49glF_UJJvM6XNqD-SeSxYoSPkjfG-XHhPiWo7vQ5MdxtFF25DwFh4aR443kYmYW4xeY50rwFeVx_PAR6Qk1JOvhYMyUBd5CH7Xw4EjrPNCT7Ij9C06ebThz0NHR4yYxKaFu5C7-48FzhM_hik_wxHgUHE835OOh60j14DqMW3iOc8F1_Bf-PAifXbiP59BIojmxjwOnH1U0hnCp4uHhpZYy_EGYh8Vx5SMc5RduDbGzQnyOIzxz_Ae1_Ji-483xkETzIR35DJWifJIgMzmavENP_ECZ5fgRH8-B8_iyGOM_lMwX1MJ3HDx8IhmbE7EvVFHgLWHh6kOf4diapsiVPdCfBtGS4zfeg1NCdAyPF_uPtNWOE_7QE7-MRtEThFJ0nDp6Ijh9iE2OP0Hla3iHhiSqo8tzOFQiK4T3PAirBmd-vCn6IsyN5D5KOOYmPMETXIeXHX2IfXrwQXqw68cvNM8XVDrxKMbZGumP5LiOD9NTpmDyVMGecMUVNXiaiHC-CMdz48ojhBbEJ0F4KceP7hGm1IuEUzwYSfA71MaRB3-gKNJy9KQQS0pGfBWmHOkPTXqEfHnBLHzgh4WDHa7R40OYNi-S8Sn-Zeh0GQ4lfMd37MYzUJcw_Uj6B-Ev-Ik6PJ7wHx4xh4ePeiy-5Lh7hPrR6BaSdzquRIyPPWicoCJ_vEt2XEwk1D_CTDk-9AhzBhfKJCua6DPxPIjNQ3ziIMIvgT7RdHSK6TgvNNcRPmkDcbmR83iaC00u9JSD4wpRZo_xI75wDtMRO5KyDOVCK_iFn3h4uMdNeBf8EImuI5TwlD_aJCFK0tiDH67zIM8sJGF6ON_xgNWOazKaJCwqk5heBv6L3PCP_ujhpM9QST40xtqQOvCDv-iI6grwI12K31DbB2ue4dPxHjV-Hy0zKgizSpMyTD_CXILqp2h-hFtw_sGzHOcT-Mel4FKEJ4nwpRjNJ_gNaXrgZXGws8af6cGYfCF80HHGDHUcREo2Qg5zCfEv-OOCNymuSGgehahlKnh24bxROQNSHdr6HM8SIhJ5YlSYCxV7nFNwGuVbmCf-7XCd44XDRWnwVPmw7Uee55CS48oVxD-ahDvK44l41NzhLYnSgU104Qt2HmkzHu4PjZlk6EeeH8mSLBlCUVeFkw4eVUpwCY1RU5lwKk2QC_-xHXEYbaicKUvhK0kWeBSoMctRaX3wXDiS50idZi14hsdLLeASZnlw8xj-4yuaojyes3gsJwmRzsowfqimvdCSaImOvggz8uDzI8-44IoyPKWE8cMJfyn2JIOuHXlc4T7-SgmYHB2HM8SPX-iPRMlzxNl27PmMHuXxVD5-4kqFxsdkPjhOcEe4CooSMUsVRM4fPOAo4lnEPfAZ7Mdf5DyuBM9RUh-OfsePK3ygLc-IXLh4nPCPFz9qncgv6OKDPFuCyyr2aGBwRJKazZCVZAgz66ioLB_-4MqJPkyKXMeJLfly8EEoKgvmKMe1pcE_o0lQKyeOJFRy5KGUD7-Dz2jemWAfokmWCEm5M8h3CX3gHdeP62gq5vh1_CEjhFKWDMmy48PzJDgVsM-RI1ny5UQtPrj0HYx44uiPSGEpDcmkiwn25DjYS8lwXRTOXHDV4BmFx8wgJfgjeNpcTFsaXMMZ_ZCTJ0FzmfhtPFqYDPWB5ELM4-SOJmKiHPuPZgsd7JsRXkHT4srx48ekB0yS_NhzPNCdB08QUfnx9AIj6micLBPORT7-CSHDKCLG3Am098SPjw3CNDr6DzmD50ug3CTqI0yYK8TDPDLyHsnyzUKvEI940EqO60dThXFwXvih9-hxcFRYhfhyJclw_XiaIsmuhEE-izgf3MfxRLmCkw6cvMXF4sOeJIf740-Ib5yFREmcGuEqBXvK4jqeoIlzVNYeHE-Ebgpj9EdSXUHk7ME3MAqcj0WdSMMZE8lnhHwalD2e4PuRKw2S80WT60kw7SLxRSO-49BeNPlo_An2hMej_MjzIuGDK8s6NCOPWgyeRPFx_PBKSkgeEqcoEXFI9OHQdFEcHDy3oXwwhQ8uiRaeXMgfBZqSC2l2lNJxR9rQ8UL6Dz80KRHChb5wB37Soxf-IXT0QFGWPMhvnERTkcal3MQv7E-Cxwva4zyaKZnQ50WOQ0t0oVMeYVb0IP9wKyWel0gvQrGk_HiSJMuE3PDx8cLXIE9OiD_CJzHqeHiObzrOJEHM9dDylAi_JfCP4xHcH7kzJE-P4_mCa8sW4buCJw-2W_guSGcwvUe_4tFFzE9QHf7xEpXuVEieP8hzHE0fMM_xo8w-bNM0I_WFWrOhc6jMHKmioVpylCx-wT9CQ0534RE35EXjoXp2XC--Kwh5QctCs3gY5ENz40cT6fhyBd9hB8kTIceno4cPWH8Q8fgH7wd_3NiPHP0EhAQBQAEBDHIKSSSEgAAARRkxBBoGhCWIAUCEAQpAY4UBhBCFGEaAAIEYQYoQKBgYhDojhBECEQEIQBpgJYACAFAhBGCECkSkI4AopZigggkhAAiYMOEMwYgoYgIyQgBFPAmGCKMEAlQcYwAAAAABCDIONCCMBIYBg6AjzAgpGAtEGECIEBgIwwSQjCgAAKGKCYIoCMQooowgCBgAAFFGM-QEggwBRIRADAkxDFFEACOQcEIAoAQYklghFTHGCMGEU0ghKZgRCBngiFHAGAGYcMAwjQABCgtpiBEOAAKIAgQZBYiDxBjIBBKcAKEAEQxBxQQSCABGGEFCIGChQMAlYJFgkFBGAAJQKCEAAEQh6SwQBhgkAEICESswAEARYAAgBAgBjFFgCESYAIghoBQhBAABADDMIkKsQpYBwxQATAFEAABGUaAwIpwZYIAxQkiiBAAGMkEoEAARQYRQSBgiAACEEIMYI8QBgZwBBiBMBBFIIUKIQYAwRYgABhJBhAKAAGEERQA5AQgAiiFGgAJQESEMQ8YoggAAAjiDICAGAIeEUYYgAAgSgABgEJBiCOAEQEJgwixxDiAAhDCCAAaQEc4SADwgwBhnGCGGEi4EBAAJoxAAhlFmEAJGQC8eYQoBYIwDCikCgFISCGAcEIIIJRACihAghBACIYMRIAAIIQgDQwHDhBACIEYBggQIBoBBBjkBBBBAGCUQY8wIBhQChAkhCAKCAEIAo4g4I4gxgAhBEDDGEAABMUYAIJoAABFCGHBCKuKIgUxAoSAwAhmQgESQOOMQUgIAAIQgAgDgAHUUCWkMMQQABAgSlkkAgCNCEwWMARICBQigBBhhGFFKCAuAYcYAgAQh3j1HAAAMMACIRwgQgQShDAEkBGCCGGQEYMAlQAADgiAhhCMEQGCEIAAIRRgQjClGIFDAAmEIMAQBRBRlAGlkgDEIGsOxMdYRAgxRAksC"], "date": ["1998"], "genre": ["Jazz"], "composersort": ["Gillespie, Dizzy and His Orchestra"], "disctotal": ["01"], "musicbrainz_artistid": ["e1f3d4a1-e009-4911-a7a9-6e50a02a73d9"], "musicbrainz_albumid": ["44c3dbd6-9176-4df6-b301-415676a15191"], "artist": ["Dizzy Gillespie and His Orchestra"], "artistsort": ["Gillespie, Dizzy and His Orchestra"], "tracknumber": ["5"], "label": ["Classics Records"], "albumartistsort": ["Gillespie, Dizzy"], "acoustid_id": ["d7ef9004-d867-424f-a8cf-181637bce958"], "script": ["Latin"], "totaltracks": ["21"]}}, "rhythm": {"bpm_histogram_first_peak_bpm": {"dmean2": 0, "median": 89, "min": 89, "dvar2": 0, "dvar": 0, "dmean": 0, "max": 89, "var": 0, "mean": 89}, "bpm": 91.028717041, "bpm_histogram_second_peak_spread": {"dmean2": 0, "median": 0.489361703396, "min": 0.489361703396, "dvar2": 0, "dvar": 0, "dmean": 0, "max": 0.489361703396, "var": 0, "mean": 0.489361703396}, "bpm_histogram_first_peak_weight": {"dmean2": 0, "median": 0.172794118524, "min": 0.172794118524, "dvar2": 0, "dvar": 0, "dmean": 0, "max": 0.172794118524, "var": 0, "mean": 0.172794118524}, "onset_rate": 3.02220392227, "beats_position": [0.603718817234, 1.23065757751, 1.8575963974, 2.48453521729, 3.11147379875, 3.76163268089, 4.41179132462, 5.05034017563, 5.6888885498, 6.30421733856, 6.93115615845, 7.56970500946, 8.19664382935, 8.82358264923, 9.47374153137, 10.1122903824, 10.774058342, 11.4358272552, 12.0975961685, 12.7477550507, 13.3979139328, 14.0596818924, 14.7214508057, 15.3948297501, 16.0682086945, 16.7648067474, 17.4381847382, 18.1115646362, 18.784942627, 19.458322525, 20.1317005157, 20.8050785065, 21.4784584045, 22.1518363953, 22.825214386, 23.4869842529, 24.1371421814, 24.7989120483, 25.4490699768, 26.1108379364, 26.7609977722, 27.3995456696, 28.0380954742, 28.711473465, 29.3848514557, 30.0698413849, 30.7432193756, 31.4165973663, 32.0899772644, 32.7401351929, 33.4135131836, 34.0636711121, 34.690612793, 35.329158783, 35.9677085876, 36.6062583923, 37.2796363831, 37.9530143738, 38.638004303, 39.3113822937, 39.9847602844, 40.6697502136, 41.3547401428, 42.0165061951, 42.678276062, 43.2355537415, 43.7928352356, 44.350112915, 44.8145103455, 45.2672996521, 45.743309021, 46.1148300171, 46.4747390747, 46.8346481323, 47.1829452515, 47.5312461853, 47.8563270569, 48.1814041138, 48.5180931091, 48.8547821045, 49.1798629761, 49.5049438477, 49.841632843, 50.1667098999, 50.5033988953, 50.8516998291, 51.2000007629, 51.5482978821, 51.8965988159, 52.2216758728, 52.5467567444, 52.871837616, 53.2201347351, 53.5568237305, 53.8935127258, 54.2302017212, 54.578502655, 54.9151916504, 55.2286605835, 55.5421295166, 55.8672103882, 56.1922874451, 56.5173683167, 56.854057312, 57.1907463074, 57.5274353027, 57.8525161743, 58.1775970459, 58.5142860413, 58.8509750366, 59.2108840942, 59.5824012756, 59.9307022095, 60.2673912048, 60.6040802002, 60.952381134, 61.3006782532, 61.6605873108, 62.0204963684, 62.3920173645, 62.7519264221, 63.1118354797, 63.4717445374, 63.8084335327, 64.1567306519, 64.5050354004, 64.8417205811, 65.1784133911, 65.5267105103, 65.8750076294, 66.2233123779, 66.5599975586, 66.8966903687, 67.2217712402, 67.5468444824, 67.8835372925, 68.2202224731, 68.5801315308, 68.9400405884, 69.3115615845, 69.659866333, 69.9849395752, 70.3100204468, 70.6351013184, 70.9601821899, 71.2852630615, 71.6451721191, 72.0050811768, 72.3533782959, 72.6900634766, 73.0499725342, 73.4214935303, 73.8046264648, 74.303855896, 74.7798614502, 75.2558746338, 75.731880188, 76.1962814331, 76.6722869873, 77.15990448, 77.7868499756, 78.4021759033, 79.0639419556, 79.7373199463, 80.410697937, 81.0840835571, 81.7574615479, 82.4192276001, 83.0809936523, 83.742767334, 84.4045333862, 85.0546951294, 85.7048492432, 86.3550109863, 87.0051651001, 87.6553268433, 88.3170928955, 88.9788665771, 89.6406326294, 90.3023986816, 90.9757843018, 91.6491622925, 92.2993164063, 92.9610900879, 93.6228561401, 94.2730178833, 94.9231719971, 95.5733337402, 96.2350997925, 96.8852615356, 97.5470275879, 98.1971893311, 98.8473434448, 99.497505188, 100.124443054, 100.75138092, 101.401542664, 102.040092468, 102.690246582, 103.340408325, 104.002174377, 104.675552368, 105.348930359, 106.02230835, 106.684082031, 107.345848083, 108.007614136, 108.64616394, 109.273101807, 109.900039673, 110.573425293, 111.258407593, 111.896957397, 112.535507202, 113.174057007, 113.812606812, 114.474372864, 115.147750854, 115.821128845, 116.471290588, 117.121452332, 117.794830322, 118.456596375, 119.118362427, 119.791740417, 120.453514099, 121.12689209, 121.800270081, 122.462036133, 123.135414124, 123.785575867, 124.412513733, 125.051063538, 125.689613342, 126.339767456, 127.001541138, 127.651695251, 128.290252686, 128.952011108, 129.590560913, 130.240722656, 130.867660522, 131.494598389, 132.133148193, 132.771697998, 133.410247803, 134.060409546, 134.698959351, 135.360717773, 136.034103394, 136.707473755, 137.218322754, 137.740768433, 138.251602173, 138.750839233, 139.250061035, 139.749298096, 140.248519897, 140.747756958, 141.281814575, 141.815872192, 142.361541748, 142.988479614, 143.603805542, 144.21913147, 144.846069336, 145.473007202, 146.146392822, 146.819763184, 147.458312988, 148.108474731, 148.758636475, 149.408798218], "beats_loudness": {"dmean2": 0.0152214532718, "median": 0.0133948605508, "min": 0, "dvar2": 0.000206548487768, "dvar": 8.38214691612e-05, "dmean": 0.00883220788091, "max": 0.0730630382895, "var": 0.000133258610731, "mean": 0.015637403354}, "danceability": 1.07738697529, "bpm_histogram_second_peak_weight": {"dmean2": 0, "median": 0.088235296309, "min": 0.088235296309, "dvar2": 0, "dvar": 0, "dmean": 0, "max": 0.088235296309, "var": 0, "mean": 0.088235296309}, "beats_count": 273, "bpm_histogram_second_peak_bpm": {"dmean2": 0, "median": 94, "min": 94, "dvar2": 0, "dvar": 0, "dmean": 0, "max": 94, "var": 0, "mean": 94}, "bpm_histogram_first_peak_spread": {"dmean2": 0, "median": 0.605042040348, "min": 0.605042040348, "dvar2": 0, "dvar": 0, "dmean": 0, "max": 0.605042040348, "var": 0, "mean": 0.605042040348}, "beats_loudness_band_ratio": {"dmean2": [0.39684933424, 0.141945496202, 0.132511779666, 0.252738177776, 0.21835950017, 0.103031136096], "median": [0.11804433912, 0.0854678153992, 0.0830963179469, 0.25953105092, 0.220212295651, 0.0827473849058], "min": [0, 0, 0, 0, 0, 0], "dvar2": [0.139283373952, 0.0204826742411, 0.017286228016, 0.0328446850181, 0.0268943309784, 0.010660527274], "dvar": [0.0533819980919, 0.00756881153211, 0.00637741480023, 0.0124338613823, 0.0105712041259, 0.0041802469641], "dmean": [0.220563814044, 0.0795169919729, 0.077052436769, 0.143526777625, 0.123569346964, 0.0617380440235], "max": [0.970839858055, 0.505041658878, 0.464939385653, 0.595966100693, 0.682861506939, 0.424495369196], "var": [0.0635429397225, 0.0116524845362, 0.00857040751725, 0.019892314449, 0.0222565717995, 0.00907588098198], "mean": [0.22227178514, 0.120409071445, 0.10780993849, 0.248059734702, 0.219253718853, 0.103949069977]}}, "lowlevel": {"barkbands_spread": {"dmean2": 6.23677921295, "median": 19.5561180115, "min": 0.389737337828, "dvar2": 41.9755592346, "dvar": 18.1143283844, "dmean": 4.0053229332, "max": 70.5900650024, "var": 76.434715271, "mean": 19.6310482025}, "melbands_spread": {"dmean2": 11.1742725372, "median": 35.2882843018, "min": 0.305563867092, "dvar2": 137.181304932, "dvar": 63.3110542297, "dmean": 7.26850128174, "max": 160.39465332, "var": 557.877441406, "mean": 36.1856918335}, "hfc": {"dmean2": 6.2367939949, "median": 8.00591278076, "min": 1.0477957038e-16, "dvar2": 113.351387024, "dvar": 68.71925354, "dmean": 4.65729808807, "max": 155.237304688, "var": 342.302093506, "mean": 14.9414453506}, "barkbands_kurtosis": {"dmean2": 4.17562294006, "median": -0.227689668536, "min": -1.83833396435, "dvar2": 179.481750488, "dvar": 69.0196075439, "dmean": 2.58881568909, "max": 181.613891602, "var": 182.029251099, "mean": 3.33392906189}, "gfcc": {"mean": [-149.300720215, 157.651229858, -190.488174438, 42.1871910095, -33.7690544128, -24.6892852783, -2.56922364235, -23.6010665894, -17.3480625153, -6.75780153275, -7.94076251984, -12.2648820877, -5.83981895447], "icov": [[0.000986024620943, -0.00183541979641, 0.00257459096611, -0.0026914505288, 0.00184745201841, -0.00103150238283, 0.000323000742355, 0.000147520040628, -0.000458648166386, 0.00232490152121, -0.00304556591436, 0.0034520085901, -0.00239677471109], [-0.00183541979641, 0.00439801486209, -0.00471755117178, 0.00541834719479, -0.00334501289763, 0.00197919365019, -0.000488362973556, -9.37016520766e-05, 0.00181263207924, -0.00499387318268, 0.00593241723254, -0.00593962939456, 0.00537136150524], [0.00257459096611, -0.00471755117178, 0.00787605624646, -0.00662906700745, 0.00439467420802, -0.00403489544988, 0.00228829751723, -0.00163031043485, -0.000591594609432, 0.0056452350691, -0.00686719827354, 0.00762484921142, -0.00521945673972], [-0.0026914505288, 0.00541834719479, -0.00662906700745, 0.0110359890386, -0.00548513606191, 0.00189676228911, -0.00303053972311, 9.79066498985e-06, 0.00240963697433, -0.00681487098336, 0.0109889302403, -0.0104477060959, 0.00759873399511], [0.00184745201841, -0.00334501289763, 0.00439467420802, -0.00548513606191, 0.00997218862176, -0.00476918742061, -0.000132557397592, -0.000573626137339, 0.00028774960083, 0.00300864875317, -0.00691566150635, 0.0108669521287, -0.00747541664168], [-0.00103150238283, 0.00197919365019, -0.00403489544988, 0.00189676228911, -0.00476918742061, 0.0127325002104, -0.00308645097539, -0.00207547540776, -9.91875640466e-06, -0.00109528214671, 0.00306919380091, -0.00685423891991, 0.00642629805952], [0.000323000742355, -0.000488362973556, 0.00228829751723, -0.00303053972311, -0.000132557397592, -0.00308645097539, 0.0141068827361, -0.00316949631087, -0.00476610288024, 0.00358399027027, -0.000960817735177, -6.43675739411e-05, -0.00196711928584], [0.000147520040628, -9.37016520766e-05, -0.00163031043485, 9.79066498985e-06, -0.000573626137339, -0.00207547540776, -0.00316949631087, 0.0182239990681, -0.00289090862498, -0.00360706192441, 0.000902084924746, 0.00234882463701, -0.00367892929353], [-0.000458648166386, 0.00181263207924, -0.000591594609432, 0.00240963697433, 0.00028774960083, -9.91875640466e-06, -0.00476610288024, -0.00289090862498, 0.0188194066286, -0.00950304139405, 0.00260992045514, -0.00183758931234, 0.00464193476364], [0.00232490152121, -0.00499387318268, 0.0056452350691, -0.00681487098336, 0.00300864875317, -0.00109528214671, 0.00358399027027, -0.00360706192441, -0.00950304139405, 0.0292789917439, -0.018214225769, 0.0145160378888, -0.00849055126309], [-0.00304556591436, 0.00593241723254, -0.00686719827354, 0.0109889302403, -0.00691566150635, 0.00306919380091, -0.000960817735177, 0.000902084924746, 0.00260992045514, -0.018214225769, 0.0403236746788, -0.0317350439727, 0.0184366647154], [0.0034520085901, -0.00593962939456, 0.00762484921142, -0.0104477060959, 0.0108669521287, -0.00685423891991, -6.43675739411e-05, 0.00234882463701, -0.00183758931234, 0.0145160378888, -0.0317350439727, 0.0496022105217, -0.0287072099745], [-0.00239677471109, 0.00537136150524, -0.00521945673972, 0.00759873399511, -0.00747541664168, 0.00642629805952, -0.00196711928584, -0.00367892929353, 0.00464193476364, -0.00849055126309, 0.0184366647154, -0.0287072099745, 0.0323077738285]], "cov": [[28511.9140625, 2237.40307617, -6798.62744141, 1145.00708008, -1128.36169434, -975.864807129, 378.943572998, -970.274291992, -106.229324341, -354.777893066, -44.9461479187, -210.892028809, -18.5572280884], [2237.40307617, 1343.73669434, -81.6019058228, -191.871826172, -64.0285797119, -77.9599838257, -104.031448364, -60.5124397278, -60.0211601257, 23.1670379639, -4.41109514236, -83.4587860107, -94.9374008179], [-6798.62744141, -81.6019058228, 2151.29614258, -179.797653198, 282.121917725, 325.482299805, -127.79334259, 274.534240723, -12.2157649994, 74.4984359741, -7.44281244278, 16.6069889069, -36.6009635925], [1145.00708008, -191.871826172, -179.797653198, 409.381195068, 41.8063659668, 43.7864723206, 99.6074142456, -4.27019834518, -0.615385591984, -31.0548744202, -43.1224746704, -3.40329480171, 11.5636663437], [-1128.36169434, -64.0285797119, 282.121917725, 41.8063659668, 248.330963135, 103.721565247, 22.2628955841, 66.3832397461, 4.29060029984, 22.0025844574, -12.3262901306, -18.77252388, 3.94426512718], [-975.864807129, -77.9599838257, 325.482299805, 43.7864723206, 103.721565247, 175.814346313, 30.9681606293, 65.852935791, 12.7985696793, 8.38593101501, -1.70609164238, 6.42462921143, -11.6896371841], [378.943572998, -104.031448364, -127.79334259, 99.6074142456, 22.2628955841, 30.9681606293, 125.352981567, 16.1319122314, 30.0660190582, -9.00632762909, -7.07885313034, 8.13940143585, 14.3808689117], [-970.274291992, -60.5124397278, 274.534240723, -4.27019834518, 66.3832397461, 65.852935791, 16.1319122314, 109.725120544, 24.2050189972, 26.8797359467, -3.86061644554, -0.0144068822265, 4.9510679245], [-106.229324341, -60.0211601257, -12.2157649994, -0.615385591984, 4.29060029984, 12.7985696793, 30.0660190582, 24.2050189972, 84.0194473267, 31.8296508789, 8.50673770905, -4.37998437881, -9.1498670578], [-354.777893066, 23.1670379639, 74.4984359741, -31.0548744202, 22.0025844574, 8.38593101501, -9.00632762909, 26.8797359467, 31.8296508789, 72.3171920776, 23.6062278748, -5.42139673233, -8.75249671936], [-44.9461479187, -4.41109514236, -7.44281244278, -43.1224746704, -12.3262901306, -1.70609164238, -7.07885313034, -3.86061644554, 8.50673770905, 23.6062278748, 67.0137405396, 33.0253677368, -0.959929227829], [-210.892028809, -83.4587860107, 16.6069889069, -3.40329480171, -18.77252388, 6.42462921143, 8.13940143585, -0.0144068822265, -4.37998437881, -5.42139673233, 33.0253677368, 73.6917190552, 42.423625946], [-18.5572280884, -94.9374008179, -36.6009635925, 11.5636663437, 3.94426512718, -11.6896371841, 14.3808689117, 4.9510679245, -9.1498670578, -8.75249671936, -0.959929227829, 42.423625946, 78.6618804932]]}, "spectral_energyband_middle_low": {"dmean2": 0.0013995122863, "median": 0.00139853241853, "min": 1.50158840272e-22, "dvar2": 7.87510907685e-06, "dvar": 3.32794002134e-06, "dmean": 0.000940064201131, "max": 0.0440248176455, "var": 8.93677133718e-06, "mean": 0.00245026871562}, "melbands_crest": {"dmean2": 4.69076728821, "median": 10.3151912689, "min": 1.43787014484, "dvar2": 19.4522743225, "dvar": 8.5744638443, "dmean": 2.94264984131, "max": 31.5894393921, "var": 35.6581115723, "mean": 11.7176485062}, "spectral_kurtosis": {"dmean2": 7.54430294037, "median": 4.28829574585, "min": -1.25777995586, "dvar2": 48.2127571106, "dvar": 15.5380325317, "dmean": 4.20784807205, "max": 48.6493873596, "var": 22.8007411957, "mean": 5.3900847435}, "spectral_rms": {"dmean2": 0.000619919039309, "median": 0.00266026565805, "min": 3.11913017116e-12, "dvar2": 5.08664641075e-07, "dvar": 3.22121564977e-07, "dmean": 0.000466485391371, "max": 0.00820515770465, "var": 2.37697190641e-06, "mean": 0.00268362439238}, "zerocrossingrate": {"dmean2": 0.00832033343613, "median": 0.0615234375, "min": 0.00341796875, "dvar2": 0.000152986947796, "dvar": 9.78542302619e-05, "dmean": 0.00711385533214, "max": 0.53173828125, "var": 0.00458255363628, "mean": 0.0691078752279}, "silence_rate_60dB": {"dmean2": 0.155225723982, "median": 0, "min": 0, "dvar2": 0.147525832057, "dvar": 0.0715762972832, "dmean": 0.0776008665562, "max": 1, "var": 0.215202435851, "mean": 0.313446670771}, "erbbands_kurtosis": {"dmean2": 1.0023881197, "median": -0.085575312376, "min": -1.78829622269, "dvar2": 1.99499154091, "dvar": 0.836387753487, "dmean": 0.627560317516, "max": 41.2817268372, "var": 2.11028051376, "mean": 0.162125959992}, "erbbands": {"dmean2": [0.00183806940913, 0.068523965776, 0.592624366283, 1.04082000256, 2.02989554405, 1.5712313652, 2.23904848099, 5.0825510025, 3.73895859718, 4.06917333603, 5.37810134888, 5.69677352905, 7.3060092926, 12.6676054001, 22.1727523804, 20.5549259186, 21.6549930573, 28.3523426056, 31.2586650848, 20.7921695709, 14.7077388763, 12.6829767227, 24.9486503601, 21.6554965973, 17.0772018433, 13.8449296951, 11.1574230194, 3.72967481613, 0.608763456345, 0.16123059392, 0.0274769309908, 0.00392538355663, 0.00105330988299, 0.000258873304119, 5.79314037168e-05, 1.72603831743e-05, 5.24043298356e-06, 1.94711446966e-06, 2.70418763648e-06, 5.12322276336e-06], "median": [0.00113735243212, 0.0356929600239, 0.171823650599, 0.356159240007, 0.511213719845, 0.834131598473, 1.12746429443, 1.36507177353, 1.48638534546, 1.86954689026, 2.20457792282, 2.33354902267, 3.04850769043, 4.36350011826, 7.6839966774, 8.14057064056, 8.60691738129, 11.4438495636, 11.5933933258, 8.84975814819, 6.07145738602, 6.30871677399, 9.91337394714, 10.2824678421, 6.41286373138, 4.04825592041, 3.2878818512, 1.25781035423, 0.221530884504, 0.0427192598581, 0.00705846678466, 0.00123535573948, 0.000339478603564, 0.000111822890176, 4.15636204707e-05, 1.84572090802e-05, 7.28639088265e-06, 2.36219420913e-06, 4.53622851637e-06, 9.13455914997e-06], "min": [6.32929609985e-23, 8.00928937214e-22, 2.18745550193e-21, 5.17687310906e-21, 1.10349165279e-20, 2.21310347275e-20, 6.01391130729e-20, 6.15970447519e-20, 1.77611820462e-19, 2.05969678586e-19, 3.54282257688e-19, 4.41285915847e-19, 4.22027936265e-19, 4.56195174304e-19, 8.28107985417e-19, 1.37133103876e-18, 1.66165561394e-18, 1.98238155817e-18, 2.95279966073e-18, 2.85078450975e-18, 4.36196449314e-18, 4.33345240461e-18, 5.22058169128e-18, 5.85572694796e-18, 7.66135427809e-18, 7.1616734952e-18, 8.24324523334e-18, 1.02807424561e-17, 1.21834745863e-17, 1.17945615592e-17, 1.11452677918e-17, 1.13022674992e-17, 9.17501373536e-18, 8.8763345326e-18, 6.32168150932e-18, 4.07189293183e-18, 2.15637465732e-18, 9.36566459769e-19, 2.16265582745e-19, 2.59015824535e-20], "dvar2": [5.52140090804e-06, 0.0103121651337, 1.37648177147, 10.4003572464, 31.5405826569, 8.60360431671, 18.8739299774, 181.508361816, 64.8130722046, 60.5971946716, 124.109199524, 158.039749146, 208.131286621, 1060.22314453, 2308.89770508, 2449.53222656, 2162.84667969, 3154.94433594, 4775.34082031, 2782.45825195, 1576.30554199, 973.676086426, 2866.28076172, 1898.31274414, 1225.25036621, 962.497436523, 835.772644043, 60.5992469788, 1.3714029789, 0.107456088066, 0.00308689195663, 6.66303676553e-05, 1.0478473996e-05, 6.95106677995e-07, 2.01134149336e-08, 1.55867563301e-09, 8.34887436962e-11, 1.16704597375e-11, 1.7357226767e-11, 5.53560149108e-11], "dvar": [2.35081847677e-06, 0.00509021058679, 0.765366375446, 3.8946185112, 11.6227827072, 3.40471291542, 8.46632289886, 71.8768615723, 26.5116004944, 26.0482540131, 62.5421829224, 77.22265625, 98.9164581299, 492.76953125, 1303.41662598, 1203.04736328, 1128.55078125, 1470.37316895, 2302.76635742, 1457.72021484, 811.881713867, 490.784942627, 1365.04064941, 912.687866211, 626.661987305, 582.914611816, 463.746917725, 30.0516738892, 0.704378426075, 0.0526433736086, 0.00158246513456, 3.4258217056e-05, 4.70087161375e-06, 3.06889063495e-07, 9.50623491036e-09, 7.57543916485e-10, 4.86334479632e-11, 7.15834726564e-12, 1.06885784945e-11, 3.32870155051e-11], "dmean": [0.0011625593761, 0.0442674383521, 0.415635079145, 0.649500668049, 1.1958565712, 0.962315440178, 1.46600115299, 3.24022603035, 2.42784523964, 2.62200498581, 3.54354810715, 3.9009642601, 4.89421463013, 8.63151168823, 14.8950567245, 13.9558782578, 14.8398237228, 18.9180183411, 20.9229183197, 14.1217384338, 10.1253023148, 8.62635040283, 16.5317401886, 14.5059185028, 11.7724256516, 9.86004829407, 7.81831264496, 2.5764067173, 0.429860979319, 0.112163804471, 0.0194361675531, 0.00280820927583, 0.000731008243747, 0.000178559756023, 4.07449770137e-05, 1.23348781926e-05, 3.86882902603e-06, 1.4491517959e-06, 2.03715467251e-06, 3.80446522286e-06], "max": [0.0152532495558, 1.11532020569, 17.5875034332, 60.2776908875, 76.9954147339, 31.1084594727, 81.8963851929, 176.806182861, 121.751106262, 105.354019165, 224.018280029, 206.162734985, 315.489440918, 675.926574707, 1270.69506836, 1268.86181641, 778.26751709, 747.43762207, 1159.56518555, 795.583984375, 1237.49072266, 866.47076416, 728.938903809, 605.090759277, 457.069580078, 680.72277832, 757.772583008, 108.593086243, 15.7754821777, 4.34894180298, 0.725327253342, 0.135681554675, 0.0937118902802, 0.0287140030414, 0.00400266749784, 0.00112569588237, 0.000192974650417, 5.91938078287e-05, 6.15735407337e-05, 0.000100579527498], "var": [5.16897080161e-06, 0.0123422825709, 1.91207718849, 3.85853791237, 10.8153305054, 5.40031576157, 28.2597694397, 149.797775269, 57.1266860962, 61.945854187, 213.664916992, 212.022232056, 351.48348999, 1230.48657227, 4802.38525391, 2991.89038086, 3003.88305664, 4326.41503906, 6938.24609375, 4204.40673828, 2389.75683594, 1438.29211426, 3834.83862305, 3010.85620117, 2246.23144531, 2268.31567383, 1599.98449707, 101.59853363, 2.91718387604, 0.207751840353, 0.00738091859967, 0.000142451550346, 1.06835314e-05, 6.39203108221e-07, 2.56341543547e-08, 2.31775310056e-09, 2.27618743298e-10, 3.58144520984e-11, 5.67714035504e-11, 1.75057246476e-10], "mean": [0.00198458973318, 0.0772358328104, 0.687527477741, 0.912471234798, 1.42093718052, 1.57602727413, 2.94482564926, 5.66019678116, 4.52180957794, 4.80536413193, 6.96418142319, 7.74735736847, 10.3196983337, 16.7044963837, 29.4472808838, 26.1330013275, 29.193780899, 38.4746932983, 42.9870033264, 29.0746383667, 20.7364139557, 18.3005886078, 33.5433425903, 31.4086074829, 26.0306434631, 22.2887706757, 16.8626670837, 5.69688606262, 1.03870880604, 0.266378730536, 0.0482937842607, 0.00669644912705, 0.00151221058331, 0.000383360747946, 0.000102543745015, 3.62696664524e-05, 1.30349762912e-05, 4.76242757941e-06, 6.9842353696e-06, 1.29792879306e-05]}, "spectral_strongpeak": {"dmean2": 1.28030228615, "median": 0.55429905653, "min": 0, "dvar2": 3.31527423859, "dvar": 1.44381117821, "dmean": 0.788930058479, "max": 16.315071106, "var": 3.28178834915, "mean": 1.42384636402}, "spectral_energy": {"dmean2": 0.00392439123243, "median": 0.00725393835455, "min": 9.97219704367e-21, "dvar2": 3.04965597024e-05, "dvar": 1.78053160198e-05, "dmean": 0.00288723572157, "max": 0.0690077245235, "var": 9.16656426853e-05, "mean": 0.00981832109392}, "average_loudness": 0.733900725842, "spectral_rolloff": {"dmean2": 571.537475586, "median": 1937.98828125, "min": 107.666015625, "dvar2": 499804.21875, "dvar": 271449.25, "dmean": 360.808319092, "max": 19466.015625, "var": 6785193.5, "mean": 2363.86987305}, "spectral_centroid": {"dmean2": 368.426757813, "median": 1871.87817383, "min": 117.77355957, "dvar2": 188988.828125, "dvar": 101939.59375, "dmean": 248.941680908, "max": 11613.8759766, "var": 2345090.5, "mean": 1966.26464844}, "pitch_salience": {"dmean2": 0.107720218599, "median": 0.585434436798, "min": 0.0496776029468, "dvar2": 0.0106670986861, "dvar": 0.00459498167038, "dmean": 0.0679591670632, "max": 0.939137220383, "var": 0.0172425732017, "mean": 0.579348146915}, "spectral_energyband_middle_high": {"dmean2": 0.00269354810007, "median": 0.00340870488435, "min": 1.07035979769e-21, "dvar2": 1.78478148882e-05, "dvar": 1.04500168163e-05, "dmean": 0.00196195347235, "max": 0.0580998882651, "var": 4.98166882608e-05, "mean": 0.00595642440021}, "spectral_contrast_coeffs": {"dmean2": [0.0799514055252, 0.0654623806477, 0.058674223721, 0.0531800277531, 0.0429679229856, 0.0337067954242], "median": [-0.649477362633, -0.774144053459, -0.753920435905, -0.73043435812, -0.745633900166, -0.614115953445], "min": [-0.981974959373, -0.977483153343, -0.983839869499, -0.971680223942, -0.966867566109, -0.965797364712], "dvar2": [0.00429007038474, 0.00277951173484, 0.00245575467125, 0.00230877613649, 0.00179450341966, 0.00117629684974], "dvar": [0.00165765662678, 0.00108643644489, 0.00113617058378, 0.00113769399468, 0.000977818737738, 0.000611098192167], "dmean": [0.0485731624067, 0.0399799868464, 0.0372689552605, 0.035337947309, 0.0290942769498, 0.0228198394179], "max": [-0.351264744997, -0.397540479898, -0.456688344479, -0.472279459238, -0.472950667143, -0.460065543652], "var": [0.0070490334183, 0.00574904400855, 0.00722576631233, 0.00789389293641, 0.0071709677577, 0.00785389821976], "mean": [-0.650931596756, -0.766407549381, -0.752305567265, -0.737206935883, -0.747091948986, -0.633503317833]}, "melbands_skewness": {"dmean2": 0.914075314999, "median": 0.908145904541, "min": -1.0272769928, "dvar2": 1.38900303841, "dvar": 0.662393808365, "dmean": 0.601072907448, "max": 15.912528038, "var": 4.01765489578, "mean": 1.49857139587}, "spectral_spread": {"dmean2": 385431.03125, "median": 2311148.5, "min": 1526819.75, "dvar2": 890344570880, "dvar": 427095490560, "dmean": 224090.484375, "max": 42614700, "var": 28616167522300.0, "mean": 3118398.75}, "dissonance": {"dmean2": 0.0272076781839, "median": 0.477731078863, "min": 0.280638426542, "dvar2": 0.000717310467735, "dvar": 0.000257580832113, "dmean": 0.0158874131739, "max": 0.5, "var": 0.000605397799518, "mean": 0.470976144075}, "spectral_skewness": {"dmean2": 0.751374781132, "median": 0.885200619698, "min": -0.273270308971, "dvar2": 0.483736366034, "dvar": 0.164769485593, "dmean": 0.429704368114, "max": 5.16973352432, "var": 0.42720669508, "mean": 1.0109641552}, "spectral_flux": {"dmean2": 0.023167276755, "median": 0.0431277528405, "min": 6.363441718e-11, "dvar2": 0.000768331636209, "dvar": 0.000307291396894, "dmean": 0.0144703211263, "max": 0.226648613811, "var": 0.00101307337172, "mean": 0.0474170446396}, "spectral_contrast_valleys": {"dmean2": [0.723764181137, 0.524304807186, 0.508233726025, 0.492184638977, 0.435782819986, 0.341586768627], "median": [-8.40647220612, -7.45383167267, -7.99829959869, -8.19052410126, -8.19281768799, -13.5115890503], "min": [-28.4350833893, -27.9388999939, -27.6961708069, -27.8836975098, -27.546957016, -27.4291133881], "dvar2": [0.362576693296, 0.216095268726, 0.232704415917, 0.252733528614, 0.258829832077, 0.116271272302], "dvar": [0.15656773746, 0.114898845553, 0.121266186237, 0.133632898331, 0.139902934432, 0.068935573101], "dmean": [0.443305075169, 0.332820475101, 0.32995402813, 0.327442586422, 0.305236697197, 0.232322841883], "max": [-6.58438634872, -5.34665107727, -5.66018009186, -6.13655757904, -5.90527534485, -11.5153608322], "var": [7.46542596817, 8.5585193634, 8.2434091568, 8.0721578598, 8.1582069397, 4.21159029007], "mean": [-8.82720279694, -7.90591955185, -8.39292049408, -8.64759254456, -8.64522457123, -13.6977262497]}, "erbbands_flatness_db": {"dmean2": 0.0217489879578, "median": 0.260442256927, "min": 0.0768429711461, "dvar2": 0.00049373449292, "dvar": 0.000257937062997, "dmean": 0.0144719043747, "max": 0.40297934413, "var": 0.00207280367613, "mean": 0.258552610874}, "spectral_energyband_high": {"dmean2": 0.000334280310199, "median": 0.00011594274838, "min": 7.00134798532e-21, "dvar2": 6.23994253601e-07, "dvar": 3.53621658178e-07, "dmean": 0.000237642234424, "max": 0.0149585567415, "var": 1.34981814881e-06, "mean": 0.000558525091037}, "spectral_entropy": {"dmean2": 0.226915240288, "median": 7.23966217041, "min": 5.26999902725, "dvar2": 0.0653577521443, "dvar": 0.0324523039162, "dmean": 0.153643205762, "max": 9.82699012756, "var": 0.304461538792, "mean": 7.16866922379}, "silence_rate_20dB": {"dmean2": 0, "median": 1, "min": 1, "dvar2": 0, "dvar": 0, "dmean": 0, "max": 1, "var": 0, "mean": 1}, "melbands_flatness_db": {"dmean2": 0.0317266620696, "median": 0.220225214958, "min": 0.00242217932828, "dvar2": 0.00124521064572, "dvar": 0.000584646884818, "dmean": 0.0212163124233, "max": 0.588171005249, "var": 0.00571743678302, "mean": 0.227930277586}, "barkbands": {"dmean2": [4.74530509109e-07, 0.000212757280678, 0.000623353931587, 0.000421254138928, 0.000552225625142, 0.000492702994961, 0.000231281170272, 0.000268288160441, 0.00026108630118, 0.000310227886075, 0.000455649831565, 0.000638203404378, 0.000527278869413, 0.000716720242053, 0.000510934274644, 0.00031151305302, 0.000227456912398, 0.000442427844973, 0.000424937403295, 0.000341882288922, 0.000175809895154, 1.30654152599e-05, 1.74452065949e-06, 9.65891686633e-08, 1.27482708834e-08, 1.8511751021e-09, 8.060518919e-10], "median": [1.48338386907e-07, 0.000105065017124, 0.000156749840244, 9.53785929596e-05, 0.000266664370429, 0.000156871188665, 9.45888968999e-05, 9.71430563368e-05, 9.22460458241e-05, 7.79719848651e-05, 0.000106124483864, 0.000164333177963, 0.00012294400949, 0.000169339429704, 0.000104473721876, 8.65071779117e-05, 6.06335743214e-05, 0.000151475251187, 0.00013347028289, 7.59919203119e-05, 5.38986350875e-05, 3.64339462067e-06, 3.01639431655e-07, 2.57709871221e-08, 5.63258284458e-09, 1.81674919553e-09, 5.95856919361e-10], "min": [5.28727513622e-25, 2.44113302943e-24, 1.2808513637e-24, 1.10033721023e-24, 4.41867183196e-24, 1.07887788619e-23, 1.31544819976e-23, 3.5727388124e-24, 1.75554431134e-23, 4.06789812514e-24, 1.14139716397e-23, 2.36047425013e-23, 2.842