{"tonal": {"thpcp": [1, 0.826316833496, 0.746801733971, 0.684992671013, 0.423337519169, 0.327748835087, 0.284420311451, 0.19672653079, 0.20577596128, 0.192787021399, 0.172538876534, 0.245545938611, 0.255683898926, 0.240296900272, 0.378087967634, 0.428215444088, 0.279812991619, 0.182104304433, 0.176697313786, 0.235614597797, 0.507076025009, 0.627713680267, 0.394311368465, 0.284170538187, 0.298209786415, 0.242787256837, 0.249028041959, 0.291832208633, 0.274958252907, 0.352607041597, 0.4221804142, 0.317707449198, 0.295880705118, 0.307264298201, 0.320079058409, 0.700452268124], "hpcp": {"dmean2": [0.189400672913, 0.198972821236, 0.173045262694, 0.137315765023, 0.133607566357, 0.147863790393, 0.199245676398, 0.221367612481, 0.171999111772, 0.151209637523, 0.156577646732, 0.138725563884, 0.135810881853, 0.141806274652, 0.14627841115, 0.164675429463, 0.158917680383, 0.168452680111, 0.178852051497, 0.17768292129, 0.189045831561, 0.266814887524, 0.283297926188, 0.300841510296, 0.351387500763, 0.242072597146, 0.238369241357, 0.198392882943, 0.1594607234, 0.122358836234, 0.120096601546, 0.132813602686, 0.125429362059, 0.140407249331, 0.14333383739, 0.153895139694], "median": [0.0470330864191, 0.0484633855522, 0.0341258905828, 0.0203940682113, 0.0183764193207, 0.0289870761335, 0.0908610075712, 0.108854845166, 0.072262108326, 0.0328738689423, 0.0270411223173, 0.0254711285233, 0.0323399677873, 0.0346389524639, 0.0393858253956, 0.0439620912075, 0.0372669100761, 0.0300490893424, 0.0307973138988, 0.0258676335216, 0.0438198000193, 0.13103762269, 0.207198292017, 0.191782444715, 0.140662252903, 0.0868195667863, 0.0312056988478, 0.0340121388435, 0.0322783440351, 0.0252865534276, 0.0170817784965, 0.0160623937845, 0.0214634165168, 0.0356361828744, 0.0381648018956, 0.034560225904], "min": [0, 0, 0, 0, 0, 0, 0, 0, 0, 0, 0, 0, 0, 0, 0, 0, 0, 0, 0, 0, 0, 0, 0, 0, 0, 0, 0, 0, 0, 0, 0, 0, 0, 0, 0, 0], "dvar2": [0.0811650529504, 0.0981243178248, 0.083533667028, 0.0694474205375, 0.0662265494466, 0.0627902373672, 0.0735654979944, 0.0877226442099, 0.062481790781, 0.0648124739528, 0.0806393921375, 0.0708408504725, 0.0641558244824, 0.0625590831041, 0.0615698881447, 0.0779746174812, 0.0750968828797, 0.0876208096743, 0.0893589779735, 0.0964018777013, 0.0741577446461, 0.109843619168, 0.12407541275, 0.104147657752, 0.163567394018, 0.110027678311, 0.131997421384, 0.106322601438, 0.0754660740495, 0.0506700389087, 0.056031871587, 0.0706618502736, 0.0607998669147, 0.0648173987865, 0.0591269023716, 0.0634857043624], "dvar": [0.0309234037995, 0.0392608642578, 0.0305536389351, 0.0242386069149, 0.0232276953757, 0.0226234830916, 0.0282896645367, 0.0356968156993, 0.0231653302908, 0.0240064244717, 0.030177058652, 0.0249606575817, 0.0231364406645, 0.0241688229144, 0.0228656996042, 0.0282959640026, 0.0302063841373, 0.0309166312218, 0.0316576473415, 0.0350186154246, 0.0273018404841, 0.043207410723, 0.0497520044446, 0.0400661118329, 0.0626514554024, 0.0413892604411, 0.050285268575, 0.0418158322573, 0.0288849081844, 0.0182228572667, 0.0211762413383, 0.0253626499325, 0.0212588459253, 0.0231015235186, 0.021224597469, 0.0228162221611], "dmean": [0.110578969121, 0.115516066551, 0.0983180478215, 0.0763119459152, 0.0741092413664, 0.0843114256859, 0.117793999612, 0.132008418441, 0.102166108787, 0.0885302126408, 0.0897472500801, 0.0801310613751, 0.077924631536, 0.0830013528466, 0.0851369798183, 0.0964434891939, 0.0932369828224, 0.0957600623369, 0.102157749236, 0.100939877331, 0.108864948153, 0.157645791769, 0.165055498481, 0.175941810012, 0.203920975327, 0.137278690934, 0.13976508379, 0.114367544651, 0.0924485549331, 0.0699977353215, 0.0681878104806, 0.0739844888449, 0.0694077834487, 0.0790930986404, 0.0813963934779, 0.0865316092968], "max": [1, 1, 1, 1, 1, 1, 1, 1, 1, 1, 1, 1, 1, 1, 1, 1, 1, 1, 1, 1, 1, 1, 1, 1, 1, 1, 1, 1, 1, 1, 1, 1, 1, 1, 1, 1], "var": [0.0502814278007, 0.0660255178809, 0.0318371281028, 0.0196151267737, 0.0192618966103, 0.023451179266, 0.0578623525798, 0.0844440311193, 0.0373263582587, 0.0354943685234, 0.0474958904088, 0.0300876758993, 0.0291621927172, 0.0401565060019, 0.0304397139698, 0.0464162901044, 0.0760824233294, 0.0447643063962, 0.0383383184671, 0.0500353462994, 0.0314973630011, 0.0936298146844, 0.148363932967, 0.0986119806767, 0.103095956147, 0.112723782659, 0.0703368857503, 0.0511328317225, 0.0386040247977, 0.018692350015, 0.0305564794689, 0.0272537078708, 0.0168224237859, 0.0288768596947, 0.0277054924518, 0.0234307516366], "mean": [0.143767684698, 0.162828624249, 0.106398694217, 0.0692450329661, 0.0671890303493, 0.0895922854543, 0.192815303802, 0.238687679172, 0.149936616421, 0.108055643737, 0.113394059241, 0.0923196822405, 0.0946927368641, 0.110968992114, 0.104552686214, 0.134078577161, 0.160533800721, 0.120808027685, 0.112508431077, 0.116837032139, 0.121709831059, 0.266346484423, 0.380249291658, 0.314206391573, 0.283970832825, 0.260467976332, 0.160973787308, 0.124626263976, 0.108150623739, 0.0748051255941, 0.0782461613417, 0.0733071267605, 0.0656077861786, 0.0933686718345, 0.0972236245871, 0.0913727283478]}, "tuning_equal_tempered_deviation": 0.254094272852, "chords_changes_rate": 0.0499675534666, "key_key": "A", "tuning_diatonic_strength": 0.582258999348, "key_scale": "minor", "chords_number_rate": 0.00178455549758, "tuning_frequency": 434.193115234, "tuning_nontempered_energy_ratio": 0.929728150368, "chords_histogram": [4.65606737137, 0.0162232313305, 11.2426996231, 1.93056452274, 3.03374433517, 0.470473706722, 0.58403635025, 16.2070083618, 0.762491881847, 24.7079811096, 0.600259542465, 0.421804010868, 0.535366654396, 0, 0.16223230958, 3.03374433517, 12.3458795547, 0.0486696958542, 0, 0, 0, 6.16482782364, 7.86826753616, 5.20765733719], "key_strength": 0.691409289837, "chords_key": "E", "chords_strength": {"dmean2": 0.00786033831537, "median": 0.519112586975, "min": 0.234251782298, "dvar2": 5.45684633835e-05, "dvar": 4.48852151749e-05, "dmean": 0.00788121856749, "max": 0.73902207613, "var": 0.0087362146005, "mean": 0.513217389584}, "chords_scale": "major", "hpcp_entropy": {"dmean2": 1.09648859501, "median": 2.02580308914, "min": 0, "dvar2": 0.845935642719, "dvar": 0.313846766949, "dmean": 0.649829447269, "max": 4.52637529373, "var": 0.686800956726, "mean": 2.06687164307}}, "metadata": {"audio_properties": {"equal_loudness": 0, "codec": "mp3", "downmix": "mix", "sample_rate": 44100, "analysis_sample_rate": 44100, "bit_rate": 160015, "md5_encoded": "a88c468eb79d838f7bf2321a3c0f4648", "length": 286.197540283, "replay_gain": -14.3383255005, "lossless": false}, "version": {"essentia_build_sha": "70f2e5ece6736b2c40cc944ad0e695b16b925413", "essentia": "2.1-beta2", "extractor": "music 1.0", "essentia_git_sha": "v2.1_beta2"}, "tags": {"title": ["Blue Verve Vein"], "barcode": ["013964069716"], "media": ["CD"], "albumartist": ["Skytree"], "musicbrainz_recordingid": ["1c59e43c-6313-44ab-aca1-637ff0f40223"], "encoding": ["Lavf56.36.100"], "musicbrainz_albumartistid": ["c9ad4b10-c5dc-4bf2-9a38-6dd3cb773620"], "originalyear": ["2010"], "discnumber": ["1/1"], "album": ["Hyphae"], "catalognumber": ["BOLTLP010"], "musicbrainz album release country": ["GB"], "musicbrainz album type": ["album"], "musicbrainz album status": ["official"], "originaldate": ["2010"], "date": ["2010"], "file_name": "Skytree - Blue Verve Vein.mp3", "musicbrainz_releasegroupid": ["c7ed0726-f747-4e95-9d1f-a8706acd0c4d"], "script": ["Latn"], "asin": ["B0041VCIMC"], "musicbrainz_albumid": ["81858ad2-0091-4c48-a5dd-112f6441a833"], "artist": ["Skytree"], "artistsort": ["Skytree"], "tracknumber": ["2/13"], "label": ["Boltfish Recordings"], "albumartistsort": ["Skytree"], "musicbrainz_artistid": ["c9ad4b10-c5dc-4bf2-9a38-6dd3cb773620"]}}, "rhythm": {"bpm_histogram_first_peak_bpm": {"dmean2": 0, "median": 161, "min": 161, "dvar2": 0, "dvar": 0, "dmean": 0, "max": 161, "var": 0, "mean": 161}, "bpm": 162.729705811, "bpm_histogram_second_peak_spread": {"dmean2": 0, "median": 0, "min": 0, "dvar2": 0, "dvar": 0, "dmean": 0, "max": 0, "var": 0, "mean": 0}, "bpm_histogram_first_peak_weight": {"dmean2": 0, "median": 0.630919218063, "min": 0.630919218063, "dvar2": 0, "dvar": 0, "dmean": 0, "max": 0.630919218063, "var": 0, "mean": 0.630919218063}, "onset_rate": 4.42333841324, "beats_position": [0.383129239082, 0.766258478165, 1.13777780533, 1.50929701328, 1.88081634045, 2.2523355484, 2.61224484444, 2.97215414047, 3.34367346764, 3.7151927948, 4.08671188354, 4.45823097229, 4.82975053787, 5.20126962662, 5.5727891922, 5.93269824982, 6.29260778427, 6.66412687302, 7.03564596176, 7.40716552734, 7.77868461609, 8.15020370483, 8.52172279358, 8.88163280487, 9.24154186249, 9.61306095123, 9.98458003998, 10.3560991287, 10.7276191711, 11.0991382599, 11.4590473175, 11.8189563751, 12.1904764175, 12.5619955063, 12.933514595, 13.3050336838, 13.6765527725, 14.0480718613, 14.4079818726, 14.7678909302, 15.1394100189, 15.5109291077, 15.8824491501, 16.2539672852, 16.6254863739, 16.99700737, 17.3685264587, 17.7284355164, 18.088344574, 18.4598636627, 18.8313827515, 19.2029018402, 19.574420929, 19.9459400177, 20.3174591064, 20.6889801025, 21.0488891602, 21.4204082489, 21.7919273376, 22.1518363953, 22.523355484, 22.8948745728, 23.2663936615, 23.6379127502, 23.9978218079, 24.3577327728, 24.7292518616, 25.1007709503, 25.4722900391, 25.8438091278, 26.2153282166, 26.5868473053, 26.9467563629, 27.3066654205, 27.6781845093, 28.0497055054, 28.4212245941, 28.7927436829, 29.1642627716, 29.5357818604, 29.895690918, 30.2555999756, 30.6271190643, 30.9986381531, 31.3701572418, 31.7416782379, 32.1131973267, 32.4847145081, 32.8562355042, 33.2277526855, 33.5876655579, 33.9475746155, 34.3190917969, 34.690612793, 35.0621299744, 35.4336509705, 35.7935600281, 36.1534690857, 36.5249862671, 36.8965072632, 37.2680282593, 37.6395454407, 38.0110664368, 38.3825836182, 38.7424926758, 39.1024017334, 39.4739227295, 39.8454399109, 40.216960907, 40.5884780884, 40.9599990845, 41.3315200806, 41.703037262, 42.0629463196, 42.4344673157, 42.7943763733, 43.1658935547, 43.5374145508, 43.9089317322, 44.2804527283, 44.6519737244, 45.0234909058, 45.3950119019, 45.7665290833, 46.1380500793, 46.497959137, 46.8578681946, 47.229385376, 47.6009063721, 47.9724235535, 48.3439445496, 48.7038536072, 49.0637626648, 49.4352836609, 49.8068008423, 50.1783218384, 50.5498390198, 50.9213600159, 51.2928771973, 51.6527900696, 52.0126991272, 52.3842163086, 52.7557373047, 53.1272544861, 53.4987754822, 53.8702926636, 54.2418136597, 54.6133308411, 54.9848518372, 55.3563690186, 55.7162818909, 56.0761909485, 56.4477081299, 56.819229126, 57.1907463074, 57.5622673035, 57.9337844849, 58.305305481, 58.6652145386, 59.0251235962, 59.3966445923, 59.7681617737, 60.1396827698, 60.5111999512, 60.8827209473, 61.2542381287, 61.6141471863, 61.9740562439, 62.34557724, 62.7170982361, 63.0886154175, 63.4601364136, 63.831653595, 64.2031707764, 64.563079834, 64.9229888916, 65.2945098877, 65.6660308838, 66.0375518799, 66.409072876, 66.7805862427, 67.1521072388, 67.5120162964, 67.871925354, 68.2434463501, 68.6149673462, 68.9864807129, 69.358001709, 69.7295227051, 70.1010437012, 70.4609527588, 70.8208618164, 71.1923828125, 71.5638961792, 71.9354171753, 72.3069381714, 72.6784591675, 73.0499725342, 73.4214935303, 73.7814025879, 74.1413116455, 74.5128326416, 74.8843536377, 75.2558746338, 75.6273880005, 75.9989089966, 76.3704299927, 76.7303390503, 77.0902481079, 77.461769104, 77.8332901001, 78.2048034668, 78.5763244629, 78.947845459, 79.3193664551, 79.6908798218, 80.0507888794, 80.410697937, 80.7822189331, 81.1537399292, 81.5252609253, 81.8967819214, 82.2682952881, 82.6282043457, 82.9881134033, 83.3596343994, 83.7311553955, 84.1026763916, 84.4741897583, 84.8457107544, 85.2172317505, 85.5887527466, 85.9486618042, 86.3085708618, 86.6800918579, 87.0516052246, 87.4231262207, 87.7946472168, 88.1661682129, 88.537689209, 88.8975982666, 89.2575073242, 89.6290206909, 90.000541687, 90.3720626831, 90.7435836792, 91.1150970459, 91.486618042, 91.8581390381, 92.2180480957, 92.5779571533, 92.9494781494, 93.3209991455, 93.6925125122, 94.0640335083, 94.4355545044, 94.795463562, 95.1553726196, 95.5268936157, 95.8984146118, 96.2699279785, 96.6414489746, 97.0129699707, 97.3844909668, 97.7560043335, 98.1275253296, 98.4874343872, 98.8473434448, 99.2188644409, 99.590385437, 99.9619064331, 100.3334198, 100.693328857, 101.053237915, 101.424758911, 101.796279907, 102.167800903, 102.53931427, 102.910835266, 103.282356262, 103.653877258, 104.025398254, 104.396911621, 104.756820679, 105.116729736, 105.488250732, 105.859771729, 106.231292725, 106.602806091, 106.974327087, 107.345848083, 107.71736908, 108.077278137, 108.448799133, 108.808708191, 109.180221558, 109.551742554, 109.92326355, 110.294784546, 110.666305542, 111.037818909, 111.409339905, 111.769248962, 112.12915802, 112.500679016, 112.872200012, 113.243713379, 113.615234375, 113.975143433, 114.346664429, 114.706573486, 115.078094482, 115.449615479, 115.821128845, 116.192649841, 116.564170837, 116.935691833, 117.3072052, 117.667114258, 118.027030945, 118.398544312, 118.770065308, 119.141586304, 119.5131073, 119.884620667, 120.256141663, 120.61605072, 120.975959778, 121.347480774, 121.71900177, 122.090522766, 122.462036133, 122.833557129, 123.205078125, 123.576599121, 123.936508179, 124.296417236, 124.667930603, 125.039451599, 125.410972595, 125.782493591, 126.154014587, 126.513923645, 126.873832703, 127.245346069, 127.616867065, 127.988388062, 128.359909058, 128.731430054, 129.10295105, 129.462860107, 129.822769165, 130.194290161, 130.565795898, 130.937316895, 131.308837891, 131.680358887, 132.051879883, 132.423400879, 132.794921875, 133.166442871, 133.526351929, 133.886260986, 134.257781982, 134.62928772, 135.000808716, 135.372329712, 135.743850708, 136.103759766, 136.463668823, 136.835189819, 137.206710815, 137.578231812, 137.949752808, 138.321273804, 138.692779541, 139.064300537, 139.424209595, 139.784118652, 140.155639648, 140.527160645, 140.898681641, 141.270202637, 141.630111694, 142.00163269, 142.361541748, 142.733062744, 143.10458374, 143.476104736, 143.847610474, 144.21913147, 144.590652466, 144.962173462, 145.333694458, 145.693603516, 146.053512573, 146.425033569, 146.796554565, 147.168075562, 147.539596558, 147.911102295, 148.271011353, 148.642532349, 149.002441406, 149.373962402, 149.745483398, 150.117004395, 150.488525391, 150.860046387, 151.231567383, 151.59147644, 151.951385498, 152.322906494, 152.694412231, 153.065933228, 153.437454224, 153.80897522, 154.180496216, 154.552017212, 154.91192627, 155.271835327, 155.643356323, 156.014877319, 156.386398315, 156.757904053, 157.129425049, 157.489334106, 157.849243164, 158.22076416, 158.592285156, 158.963806152, 159.335327148, 159.706848145, 160.078369141, 160.449890137, 160.809799194, 161.169708252, 161.541213989, 161.912734985, 162.284255981, 162.655776978, 163.027297974, 163.39881897, 163.770339966, 164.130249023, 164.50177002, 164.861679077, 165.233200073, 165.604721069, 165.976226807, 166.347747803, 166.70765686, 167.079177856, 167.450698853, 167.81060791, 168.182128906, 168.553649902, 168.925170898, 169.296691895, 169.668212891, 170.039718628, 170.411239624, 170.771148682, 171.131057739, 171.502578735, 171.874099731, 172.245620728, 172.617141724, 172.98866272, 173.360183716, 173.720092773, 174.080001831, 174.451522827, 174.823028564, 175.194549561, 175.566070557, 175.937591553, 176.309112549, 176.669021606, 177.028930664, 177.40045166, 177.771972656, 178.143493652, 178.515014648, 178.886520386, 179.258041382, 179.617950439, 179.977859497, 180.349380493, 180.720901489, 181.092422485, 181.463943481, 181.835464478, 182.206985474, 182.566894531, 182.926803589, 183.298324585, 183.669830322, 184.041351318, 184.412872314, 184.784393311, 185.155914307, 185.527435303, 185.88734436, 186.247253418, 186.618774414, 186.99029541, 187.361816406, 187.733337402, 188.10484314, 188.476364136, 188.836273193, 189.196182251, 189.567703247, 189.939224243, 190.310745239, 190.682266235, 191.053787231, 191.425308228, 191.785217285, 192.145126343, 192.516647339, 192.888153076, 193.259674072, 193.631195068, 194.002716064, 194.362625122, 194.734146118, 195.094055176, 195.465576172, 195.837097168, 196.208618164, 196.58013916, 196.951644897, 197.323165894, 197.69468689, 198.066207886, 198.426116943, 198.797637939, 199.157546997, 199.529067993, 199.900588989, 200.272109985, 200.643630981, 201.003540039, 201.363449097, 201.734954834, 202.10647583, 202.477996826, 202.849517822, 203.221038818, 203.592559814, 203.952468872, 204.31237793, 204.683898926, 205.055419922, 205.426940918, 205.798446655, 206.169967651, 206.541488647, 206.901397705, 207.261306763, 207.632827759, 208.004348755, 208.375869751, 208.747390747, 209.118911743, 209.490432739, 209.850341797, 210.210250854, 210.581771851, 210.953277588, 211.324798584, 211.69631958, 212.067840576, 212.439361572, 212.810882568, 213.170791626, 213.542312622, 213.90222168, 214.273742676, 214.645263672, 215.016769409, 215.388290405, 215.759811401, 216.131332397, 216.502853394, 216.87437439, 217.245895386, 217.617416382, 217.988937378, 218.360443115, 218.731964111, 219.115097046, 219.49822998, 219.881362915, 220.264480591, 220.647613525, 221.03074646, 221.413879395, 221.773788452, 222.122085571, 222.481994629, 222.911560059, 223.32951355, 223.7474823, 224.165435791, 224.618225098, 225.071014404, 225.535415649, 225.999816895, 226.46421814, 226.928619385, 227.393005371, 227.845794678, 228.298583984, 228.855865479, 229.401535034, 229.958816528, 230.550918579, 231.154647827, 231.746749878, 232.350479126, 232.954193115, 233.523086548, 234.091964722, 234.660858154, 235.241363525, 235.821853638, 236.379135132, 236.936416626, 237.49369812, 238.050964355, 238.60824585, 239.165527344, 239.722808838, 240.291702271, 240.802536011, 241.313369751, 241.812606812, 242.277008057, 242.741394043, 243.205795288, 243.658584595, 244.12298584, 244.587387085, 245.05178833, 245.551010132, 246.038635254, 246.526260376, 247.09513855, 247.664031982, 248.232925415, 248.801803589, 249.370697021, 249.939590454, 250.508468628, 251.077362061, 251.646255493, 252.215148926, 252.795639038, 253.376144409, 253.956634521, 254.467483521, 254.978317261, 255.500762939, 256.01159668, 256.52243042, 257.033294678, 257.532501221, 258.043365479, 258.577423096, 259.099853516, 259.622314453, 260.179595947, 260.736877441, 261.294158936, 261.93270874, 262.571228027, 263.209777832, 263.859954834, 264.498504639, 265.148651123, 265.787200928, 266.344482422, 266.901763916, 267.45904541, 268.016326904, 268.573608398, 269.130889893, 269.699768066, 270.257049561, 270.814331055, 271.371612549, 271.928894043, 272.486175537, 273.031829834, 273.577514648, 274.134765625, 274.692047119, 275.249328613, 275.806610107, 276.352294922, 276.909576416, 277.46685791, 278.024108887, 278.593017578, 279.161895752, 279.730773926, 280.299682617, 280.868560791, 281.437469482, 282.006347656, 282.586853027, 283.155731201, 283.724609375, 284.305114746, 284.885620117, 285.466125488], "beats_loudness": {"dmean2": 0.0367540456355, "median": 0.0307727493346, "min": 2.92032309446e-09, "dvar2": 0.00110807851888, "dvar": 0.000323133310303, "dmean": 0.0192024428397, "max": 0.0911628305912, "var": 0.000606332614552, "mean": 0.0324313789606}, "danceability": 1.04626739025, "bpm_histogram_second_peak_weight": {"dmean2": 0, "median": 0.194986075163, "min": 0.194986075163, "dvar2": 0, "dvar": 0, "dmean": 0, "max": 0.194986075163, "var": 0, "mean": 0.194986075163}, "beats_count": 719, "bpm_histogram_second_peak_bpm": {"dmean2": 0, "median": 167, "min": 167, "dvar2": 0, "dvar": 0, "dmean": 0, "max": 167, "var": 0, "mean": 167}, "bpm_histogram_first_peak_spread": {"dmean2": 0, "median": 0.0173535943031, "min": 0.0173535943031, "dvar2": 0, "dvar": 0, "dmean": 0, "max": 0.0173535943031, "var": 0, "mean": 0.0173535943031}, "beats_loudness_band_ratio": {"dmean2": [0.317098945379, 0.253188878298, 0.189380899072, 0.108004488051, 0.0877348259091, 0.153969973326], "median": [0.362917304039, 0.132104158401, 0.0738603770733, 0.0573934167624, 0.0455857478082, 0.129794463515], "min": [1.61563070833e-06, 5.15735300723e-05, 0.000861021107994, 0.00230308691971, 0.000863522291183, 0.000748240447138], "dvar2": [0.0832928419113, 0.095713019371, 0.0501598492265, 0.0181184019893, 0.0184789896011, 0.0234523415565], "dvar": [0.0325514599681, 0.0300324801356, 0.0165147930384, 0.0066238604486, 0.00589082948864, 0.00986147020012], "dmean": [0.179197475314, 0.143904358149, 0.104252077639, 0.0619372315705, 0.0511415749788, 0.0927761793137], "max": [0.894476473331, 0.981628775597, 0.860394895077, 0.697310328484, 0.80917263031, 0.942038059235], "var": [0.0739641338587, 0.0439888164401, 0.0178642701358, 0.00905412621796, 0.00683433189988, 0.0416499003768], "mean": [0.368399322033, 0.199197441339, 0.120440796018, 0.0870004370809, 0.0701765492558, 0.189290031791]}}, "lowlevel": {"barkbands_spread": {"dmean2": 16.6526412964, "median": 22.888463974, "min": 0.285374373198, "dvar2": 395.965057373, "dvar": 163.680770874, "dmean": 10.6967487335, "max": 122.400634766, "var": 406.829284668, "mean": 28.3207778931}, "melbands_spread": {"dmean2": 23.2057704926, "median": 22.3432350159, "min": 0.382106244564, "dvar2": 954.910400391, "dvar": 391.847381592, "dmean": 14.4782800674, "max": 233.76953125, "var": 942.441467285, "mean": 31.5642337799}, "hfc": {"dmean2": 29.5334644318, "median": 11.7678346634, "min": 1.16138341759e-16, "dvar2": 2555.81542969, "dvar": 991.852355957, "dmean": 18.8948898315, "max": 317.427856445, "var": 1530.49279785, "mean": 27.7000732422}, "barkbands_kurtosis": {"dmean2": 6.99112129211, "median": 1.13833141327, "min": -1.8889452219, "dvar2": 308.00378418, "dvar": 144.657669067, "dmean": 4.37217092514, "max": 560.201599121, "var": 248.594055176, "mean": 5.20478963852}, "gfcc": {"mean": [-53.4792633057, 70.6338043213, -120.599205017, 28.1658782959, -65.9449081421, 9.91116046906, -38.8161125183, 7.34029483795, -22.3540668488, 3.64890480042, -9.90068340302, 5.88242149353, -9.61358165741], "icov": [[0.000118303389172, -6.10643546679e-05, 4.85731798108e-05, -0.000292548822472, 0.000192898121895, -0.00017880917585, -5.2781906561e-05, -0.000231062760577, 0.000537452695426, -0.000401883065933, 0.0004169207823, 5.33914826519e-05, 0.000240255700191], [-6.10643546679e-05, 0.00142779690214, -0.000460921379272, 0.000209968580748, -0.000943782972172, 0.000498124456499, -0.000839822634589, 0.00058247364359, -0.00159411679488, 0.00251158536412, -0.00239530601539, 0.00264691258781, -0.00177062314469], [4.85731798108e-05, -0.000460921379272, 0.00138036417775, -0.000782863178756, -0.0001719246211, -0.000714167370461, 0.000634602736682, -0.000433072331361, 0.00101384543814, -0.00165844790172, 0.00172739254776, -0.00146032741759, 0.00047594960779], [-0.000292548822472, 0.000209968580748, -0.000782863178756, 0.00371072581038, -0.00106723839417, 8.26442192192e-05, -0.000219147477765, 0.000276878825389, -0.00123711652122, 0.00108775764238, -0.000780634698458, 0.00115566805471, -0.00145533692557], [0.000192898121895, -0.000943782972172, -0.0001719246211, -0.00106723839417, 0.00475582387298, -0.000676855910569, -0.00198118714616, 2.32946804317e-05, 0.000947728229221, -0.00176668923814, 0.0020565027371, -0.00186832877807, 0.000415995222284], [-0.00017880917585, 0.000498124456499, -0.000714167370461, 8.26442192192e-05, -0.000676855910569, 0.00517264474183, -0.00152511743363, 0.000625210872386, -0.00160154071636, -0.000128866449813, 0.000759828311857, -0.000914654869121, 0.00116111384705], [-5.2781906561e-05, -0.000839822634589, 0.000634602736682, -0.000219147477765, -0.00198118714616, -0.00152511743363, 0.00721130007878, -0.00217315927148, 0.00151979585644, -0.000156880487339, -0.0012187139364, 0.000198005116545, 0.00169623061083], [-0.000231062760577, 0.00058247364359, -0.000433072331361, 0.000276878825389, 2.32946804317e-05, 0.000625210872386, -0.00217315927148, 0.0096950000152, -0.00447855005041, -0.00178164872341, -0.000212800325244, 7.36045622034e-05, -3.08518901875e-05], [0.000537452695426, -0.00159411679488, 0.00101384543814, -0.00123711652122, 0.000947728229221, -0.00160154071636, 0.00151979585644, -0.00447855005041, 0.013019291684, -0.00586209958419, 0.00299151893705, -0.00170828541741, -0.000567240873352], [-0.000401883065933, 0.00251158536412, -0.00165844790172, 0.00108775764238, -0.00176668923814, -0.000128866449813, -0.000156880487339, -0.00178164872341, -0.00586209958419, 0.018349757418, -0.00915120914578, 0.00174884893931, -0.000855060585309], [0.0004169207823, -0.00239530601539, 0.00172739254776, -0.000780634698458, 0.0020565027371, 0.000759828311857, -0.0012187139364, -0.000212800325244, 0.00299151893705, -0.00915120914578, 0.0136628635228, -0.00721215782687, -0.000130517350044], [5.33914826519e-05, 0.00264691258781, -0.00146032741759, 0.00115566805471, -0.00186832877807, -0.000914654869121, 0.000198005116545, 7.36045622034e-05, -0.00170828541741, 0.00174884893931, -0.00721215782687, 0.017316184938, -0.00559589359909], [0.000240255700191, -0.00177062314469, 0.00047594960779, -0.00145533692557, 0.000415995222284, 0.00116111384705, 0.00169623061083, -3.08518901875e-05, -0.000567240873352, -0.000855060585309, -0.000130517350044, -0.00559589359909, 0.0148109039292]], "cov": [[27966.1757812, -3498.57299805, 2680.83032227, 1885.9029541, -50.3932037354, 1819.26062012, 312.286804199, 408.329986572, -977.010437012, 24.9865760803, -1882.86291504, -652.25201416, -1247.86682129], [-3498.57299805, 3133.97949219, -365.798278809, 43.7705917358, 436.949645996, -426.749481201, 307.568054199, -118.329078674, 211.620239258, -187.114639282, 453.574066162, -126.838592529, 386.559753418], [2680.83032227, -365.798278809, 1651.09509277, 469.043334961, 257.597930908, 439.697021484, 36.1720962524, 103.727027893, -66.3198852539, 88.275390625, -302.371826172, 21.7990856171, -131.691452026], [1885.9029541, 43.7705917358, 469.043334961, 527.378540039, 169.421707153, 169.298339844, 82.3306503296, 41.8641777039, -24.1596927643, 1.08276104927, -126.056274414, -48.8001441956, -36.3954925537], [-50.3932037354, 436.949645996, 257.597930908, 169.421707153, 423.886169434, 92.6693649292, 164.995925903, 22.4318561554, 25.1111392975, 8.11672782898, 3.77811694145, 4.21053171158, 26.4580898285], [1819.26062012, -426.749481201, 439.697021484, 169.298339844, 92.6693649292, 424.321929932, 71.6369628906, 60.7035903931, -33.7496032715, 44.4168357849, -171.76335144, -2.40208745003, -123.117996216], [312.286804199, 307.568054199, 36.1720962524, 82.3306503296, 164.995925903, 71.6369628906, 256.616668701, 43.2347831726, 2.7513859272, 2.54637002945, 28.0118999481, -23.2456893921, -9.20190620422], [408.329986572, -118.329078674, 103.727027893, 41.8641777039, 22.4318561554, 60.7035903931, 43.2347831726, 165.352462769, 53.5202941895, 63.9435691833, -3.15220427513, 19.2241535187, -17.0086040497], [-977.010437012, 211.620239258, -66.3198852539, -24.1596927643, 25.1111392975, -33.7496032715, 2.7513859272, 53.5202941895, 168.125808716, 51.4631843567, 91.9005661011, 38.8419761658, 67.5369873047], [24.9865760803, -187.114639282, 88.275390625, 1.08276104927, 8.11672782898, 44.4168357849, 2.54637002945, 63.9435691833, 51.4631843567, 139.925720215, 66.1776580811, 58.4002761841, 3.323802948], [-1882.86291504, 453.574066162, -302.371826172, -126.056274414, 3.77811694145, -171.76335144, 28.0118999481, -3.15220427513, 91.9005661011, 66.1776580811, 327.68536377, 93.8501358032, 137.928756714], [-652.25201416, -126.838592529, 21.7990856171, -48.8001441956, 4.21053171158, -2.40208745003, -23.2456893921, 19.2241535187, 38.8419761658, 58.4002761841, 93.8501358032, 138.117980957, 50.5640830994], [-1247.86682129, 386.559753418, -131.691452026, -36.3954925537, 26.4580898285, -123.117996216, -9.20190620422, -17.0086040497, 67.5369873047, 3.323802948, 137.928756714, 50.5640830994, 167.653915405]]}, "spectral_energyband_middle_low": {"dmean2": 0.00543413450941, "median": 0.00550046982244, "min": 3.35868650181e-22, "dvar2": 8.16668762127e-05, "dvar": 3.67618085875e-05, "dmean": 0.00351103651337, "max": 0.0925929695368, "var": 0.000101070945675, "mean": 0.00844017416239}, "melbands_crest": {"dmean2": 5.9685459137, "median": 14.7603569031, "min": 2.72275900841, "dvar2": 30.1268920898, "dvar": 10.9875488281, "dmean": 3.61923718452, "max": 32.6798400879, "var": 39.6051483154, "mean": 15.5951366425}, "spectral_kurtosis": {"dmean2": 3.02542829514, "median": 2.91147899628, "min": -1.21998405457, "dvar2": 18.563835144, "dvar": 6.24494123459, "dmean": 1.83640611172, "max": 34.489402771, "var": 12.7734203339, "mean": 3.98431110382}, "spectral_rms": {"dmean2": 0.00108546612319, "median": 0.00424074102193, "min": 3.19528062863e-12, "dvar2": 1.79262690381e-06, "dvar": 7.50118203996e-07, "dmean": 0.000711223168764, "max": 0.0106348264962, "var": 5.79837387704e-06, "mean": 0.00393340736628}, "zerocrossingrate": {"dmean2": 0.0218983739614, "median": 0.06689453125, "min": 0.0029296875, "dvar2": 0.000533810060006, "dvar": 0.000453557237051, "dmean": 0.019688397646, "max": 0.54150390625, "var": 0.00348612945527, "mean": 0.0824670866132}, "silence_rate_60dB": {"dmean2": 0.068154156208, "median": 0, "min": 0, "dvar2": 0.0706438571215, "dvar": 0.0329119861126, "dmean": 0.0340743139386, "max": 1, "var": 0.193676590919, "mean": 0.262675434351}, "erbbands_kurtosis": {"dmean2": 2.15794944763, "median": -0.308967113495, "min": -1.84643983841, "dvar2": 17.8196296692, "dvar": 8.18180847168, "dmean": 1.34391689301, "max": 109.75957489, "var": 15.3927192688, "mean": 0.602406203747}, "erbbands": {"dmean2": [0.154019013047, 1.01924109459, 1.58171641827, 4.60820865631, 9.98690891266, 7.47673988342, 6.2776465416, 13.3085298538, 8.44100761414, 13.9639291763, 12.4533338547, 22.4025249481, 8.83957099915, 15.0248222351, 18.2405509949, 22.6642723083, 19.1079845428, 13.8051481247, 10.9825325012, 12.8561267853, 17.193063736, 22.827627182, 22.2486839294, 28.0647735596, 26.189743042, 29.7115001678, 27.9331798553, 26.5799598694, 29.7817745209, 17.2632026672, 12.3677787781, 14.4511547089, 9.39347934723, 4.38474559784, 2.40154886246, 1.16896128654, 0.686278998852, 0.0758637115359, 0.00511300424114, 0.000107053543616], "median": [0.00567788956687, 0.0760744959116, 0.384938746691, 1.70589351654, 2.64579510689, 2.3546602726, 3.34529018402, 5.28062915802, 4.502430439, 4.74314498901, 5.14893484116, 5.42715883255, 3.88457012177, 5.84756422043, 7.53010892868, 6.36901903152, 6.69460535049, 4.21488809586, 5.03576517105, 5.34394550323, 6.26005268097, 4.88812828064, 5.12694072723, 4.35970592499, 3.56274819374, 3.07643532753, 2.24164533615, 2.52114152908, 2.86264157295, 1.84758102894, 0.87950360775, 1.07695353031, 0.787837743759, 0.202556654811, 0.0616365037858, 0.0316994823515, 0.0145557047799, 0.00160539941862, 5.75426311116e-05, 3.04733875964e-05], "min": [1.21565227494e-21, 6.20176038933e-21, 2.33298100744e-20, 2.49806816313e-20, 3.44691512075e-19, 3.02280436956e-19, 1.99565452413e-19, 3.71719095753e-19, 5.57469585036e-19, 7.89439308033e-19, 1.18749810924e-18, 1.11537468066e-18, 2.24058722715e-18, 1.73518359519e-18, 2.84627017156e-18, 4.8029981706e-18, 3.53608958518e-18, 5.45829520136e-18, 5.26914050196e-18, 6.9120361766e-18, 5.91966470059e-18, 1.33361747581e-17, 1.31475147127e-17, 7.50726872795e-18, 1.10848356306e-17, 1.76383146542e-17, 1.57894270188e-17, 1.77842375861e-17, 2.01666716058e-17, 1.87271490382e-17, 1.84613014611e-17, 1.74974557221e-17, 1.57224452416e-17, 1.36048455026e-17, 7.2634398716e-18, 5.57193161955e-18, 3.63478133125e-18, 1.20849267697e-18, 2.75215035614e-19, 3.40148364733e-20], "dvar2": [0.156067341566, 6.37508106232, 15.461971283, 76.3164520264, 505.391479492, 223.406951904, 133.223495483, 871.161193848, 274.727325439, 1966.02990723, 1178.28369141, 5626.26416016, 501.28414917, 1138.9621582, 1505.81750488, 7196.98095703, 1638.89074707, 809.363708496, 388.051513672, 827.200561523, 917.21307373, 2855.68139648, 2709.68334961, 4070.87084961, 3517.74560547, 4028.68920898, 3467.53125, 4538.95996094, 2849.7409668, 939.842834473, 723.735839844, 1403.54931641, 494.243865967, 77.4232940674, 26.0482330322, 5.98181056976, 3.98130631447, 0.0262423809618, 0.00014282099437, 4.86669655686e-08], "dvar": [0.0515511222184, 2.16880202293, 5.74437475204, 27.9808101654, 210.433074951, 93.0894775391, 60.2996902466, 412.110626221, 109.219291687, 1090.41491699, 662.140380859, 2511.36743164, 212.642272949, 447.224761963, 589.67956543, 3166.12304688, 644.815734863, 280.840820312, 154.653259277, 309.807189941, 355.877075195, 1011.24749756, 987.908508301, 1404.76928711, 1281.48632812, 1522.27929688, 1152.3223877, 1602.28271484, 1103.71044922, 355.481048584, 254.69468689, 577.037902832, 204.341598511, 31.8418331146, 10.1419200897, 2.40409350395, 1.49828994274, 0.0105169164017, 5.60590451641e-05, 1.96106118011e-08], "dmean": [0.0905434340239, 0.606532275677, 0.944390833378, 2.72554683685, 6.05908918381, 4.46362161636, 4.05003643036, 8.77098751068, 5.14735746384, 9.31803607941, 8.13471412659, 14.2743740082, 5.48904895782, 9.32682704926, 11.2303256989, 14.1246490479, 11.5027694702, 7.98962259293, 6.6809296608, 7.81998968124, 10.3489370346, 13.24355793, 13.0284194946, 15.9294710159, 15.3305711746, 17.4351882935, 15.8034162521, 15.7270479202, 18.0696983337, 10.5086889267, 7.19338989258, 9.44649982452, 6.23394823074, 2.75467848778, 1.45181620121, 0.729312896729, 0.424394398928, 0.0473988652229, 0.00311005953699, 6.77347634337e-05], "max": [3.25671625137, 22.8004646301, 54.7329978943, 93.5322189331, 214.428237915, 247.659072876, 339.905090332, 658.08404541, 427.172698975, 1593.46374512, 1571.00085449, 1819.70666504, 686.731994629, 409.593933105, 694.904846191, 2665.14282227, 557.660949707, 315.180633545, 213.971725464, 597.416015625, 306.467895508, 402.148956299, 511.123352051, 446.748199463, 482.867370605, 938.523010254, 431.095428467, 519.096984863, 360.504150391, 172.142959595, 194.02935791, 473.474151611, 268.488677979, 70.9893112183, 33.3149261475, 15.9962797165, 21.9986038208, 1.04356706142, 0.150457158685, 0.00233161193319], "var": [0.0690777227283, 4.53842163086, 12.8746728897, 58.4208450317, 290.30166626, 154.095779419, 171.523742676, 1181.61914062, 298.954528809, 3277.24047852, 2188.109375, 5734.91015625, 484.274871826, 1141.50292969, 1271.07702637, 6323.15722656, 1164.01416016, 397.933776855, 321.520874023, 487.552612305, 596.834899902, 1127.83312988, 1122.58874512, 1318.12268066, 1261.40930176, 2212.97875977, 1142.67675781, 1709.36547852, 1249.70825195, 406.410430908, 236.071655273, 610.726196289, 244.904342651, 45.3902206421, 11.8908224106, 2.88966608047, 1.22331809998, 0.0125594129786, 6.16640900262e-05, 2.50262974788e-08], "mean": [0.146459773183, 1.23144090176, 2.00739955902, 4.47458982468, 8.37904071808, 6.54298257828, 7.27771854401, 15.4344425201, 9.53233909607, 19.0303440094, 16.6034450531, 24.3931865692, 10.6304159164, 18.5037155151, 19.8503837585, 22.8790054321, 18.2070236206, 11.7842206955, 11.8220014572, 12.4432849884, 15.4795427322, 17.1816520691, 17.6114788055, 18.5664196014, 17.633687973, 21.555103302, 16.4511241913, 18.4955005646, 19.3642749786, 11.4747400284, 7.18113136292, 10.0236654282, 7.11994743347, 3.11893296242, 1.49731516838, 0.76576590538, 0.401855617762, 0.0493325069547, 0.00300407176837, 8.74692341313e-05]}, "spectral_strongpeak": {"dmean2": 0.80906867981, "median": 0.39391040802, "min": 0, "dvar2": 3.44702529907, "dvar": 1.34895038605, "dmean": 0.477954208851, "max": 21.0057678223, "var": 1.8308609724, "mean": 0.787078499794}, "spectral_energy": {"dmean2": 0.0116985626519, "median": 0.0184334833175, "min": 1.04650642106e-20, "dvar2": 0.00028159210342, "dvar": 0.000116424438602, "dmean": 0.00745791615918, "max": 0.115927018225, "var": 0.00041115123895, "mean": 0.0218018144369}, "average_loudness": 0.763615965843, "spectral_rolloff": {"dmean2": 1959.40979004, "median": 1248.92578125, "min": 64.599609375, "dvar2": 6465362.5, "dvar": 2828342.5, "dmean": 1154.23522949, "max": 19121.484375, "var": 6054841, "mean": 2396.24731445}, "spectral_centroid": {"dmean2": 727.75567627, "median": 1435.74084473, "min": 205.3306427, "dvar2": 666525, "dvar": 269542.3125, "dmean": 456.278106689, "max": 11051.7675781, "var": 869259.8125, "mean": 1632.98901367}, "pitch_salience": {"dmean2": 0.13664843142, "median": 0.537474989891, "min": 0.0351532250643, "dvar2": 0.0147401895374, "dvar": 0.00532884383574, "dmean": 0.0830092430115, "max": 0.862244665623, "var": 0.0177921243012, "mean": 0.522459864616}, "spectral_energyband_middle_high": {"dmean2": 0.00301642855629, "median": 0.00203881366178, "min": 1.37887029729e-21, "dvar2": 2.62539160758e-05, "dvar": 9.61178920988e-06, "dmean": 0.00181377516128, "max": 0.0575380437076, "var": 2.19697230932e-05, "mean": 0.0036944062449}, "spectral_contrast_coeffs": {"dmean2": [0.0832038894296, 0.0756305530667, 0.0620394349098, 0.0526495985687, 0.0421191714704, 0.0366702079773], "median": [-0.698353469372, -0.737530469894, -0.784911036491, -0.80256831646, -0.799170136452, -0.757414460182], "min": [-0.94918435812, -0.964674532413, -0.967155992985, -0.961433231831, -0.957699596882, -0.962079823017], "dvar2": [0.00464325584471, 0.00368144200183, 0.00238732155412, 0.00179798773024, 0.00138888868969, 0.000986984581687], "dvar": [0.00183420570102, 0.00140835740604, 0.000932253838982, 0.000721519871149, 0.000527003488969, 0.000401327008149], "dmean": [0.0506142862141, 0.046507243067, 0.0378449745476, 0.0323994718492, 0.0259788800031, 0.0227421019226], "max": [-0.294191688299, -0.370172441006, -0.488438934088, -0.547158837318, -0.548935413361, -0.556785702705], "var": [0.0137812104076, 0.00642752135172, 0.00445516034961, 0.00275020138361, 0.00249863299541, 0.00194940250367], "mean": [-0.67900633812, -0.726496696472, -0.778551578522, -0.796359658241, -0.793928682804, -0.758492588997]}, "melbands_skewness": {"dmean2": 1.47988760471, "median": 2.48310494423, "min": -2.13004541397, "dvar2": 2.67050647736, "dvar": 1.00761425495, "dmean": 0.931530356407, "max": 15.635424614, "var": 3.88085865974, "mean": 2.85776019096}, "spectral_spread": {"dmean2": 1094054.375, "median": 4829084, "min": 1246980.625, "dvar2": 1475819601920.0, "dvar": 825703137280, "dmean": 788056.0625, "max": 40770668, "var": 3800077172740.0, "mean": 5126857}, "dissonance": {"dmean2": 0.0297253560275, "median": 0.474616140127, "min": 0.197239026427, "dvar2": 0.000854379672091, "dvar": 0.000326365814544, "dmean": 0.0178416632116, "max": 0.500000059605, "var": 0.000851685414091, "mean": 0.466285765171}, "spectral_skewness": {"dmean2": 0.439158290625, "median": 1.30703294277, "min": 0.0318387262523, "dvar2": 0.216223791242, "dvar": 0.0828565508127, "dmean": 0.278542309999, "max": 4.77715396881, "var": 0.263533443213, "mean": 1.42013847828}, "spectral_flux": {"dmean2": 0.0327002070844, "median": 0.0600409060717, "min": 1.02298898519e-10, "dvar2": 0.00152911129408, "dvar": 0.00067749270238, "dmean": 0.0211189165711, "max": 0.259930104017, "var": 0.00260044354945, "mean": 0.0690371990204}, "spectral_contrast_valleys": {"dmean2": [0.705798864365, 0.625296473503, 0.586300849915, 0.631313443184, 0.703857421875, 0.806436300278], "median": [-7.85056734085, -6.86673879623, -7.49649858475, -7.86084079742, -7.74059963226, -10.135219574], "min": [-27.9241065979, -27.3751239777, -27.6230392456, -27.2435894012, -27.2929515839, -27.1771869659], "dvar2": [0.394827932119, 0.303983509541, 0.25897282362, 0.343575209379, 0.486829251051, 0.791747748852], "dvar": [0.181636571884, 0.137810632586, 0.12169238925, 0.1546844244, 0.220115765929, 0.369100451469], "dmean": [0.433535844088, 0.377455711365, 0.359568208456, 0.400395274162, 0.465757161379, 0.572305858135], "max": [-5.15783596039, -4.6175661087, -5.20528268814, -5.73592662811, -5.34375572205, -7.27955007553], "var": [4.0032954216, 2.04699468613, 1.95396947861, 1.97875905037, 2.40198159218, 4.26352071762], "mean": [-8.24202251434, -7.28373813629, -7.82761907578, -8.16568660736, -7.98819875717, -10.497344017]}, "erbbands_flatness_db": {"dmean2": 0.0329833105206, "median": 0.