{"tonal": {"thpcp": [1, 0.644915819168, 0.145736500621, 0.0881405174732, 0.0834626555443, 0.100276991725, 0.148938670754, 0.140904486179, 0.175181061029, 0.413544148207, 0.390081644058, 0.126506432891, 0.0552846677601, 0.0583066008985, 0.0678532272577, 0.095559194684, 0.111102357507, 0.0852004289627, 0.0517114698887, 0.0425580181181, 0.106949597597, 0.258325845003, 0.32099121809, 0.648469984531, 0.911750435829, 0.506051659584, 0.129549592733, 0.0661692544818, 0.0654135718942, 0.101892665029, 0.159356549382, 0.128759950399, 0.048827689141, 0.0225877463818, 0.0438265688717, 0.487846076488], "hpcp": {"dmean2": [0.134548932314, 0.124561339617, 0.12226459384, 0.171691536903, 0.164125919342, 0.0949916765094, 0.0708258971572, 0.0769367069006, 0.0838584378362, 0.11054174602, 0.138041272759, 0.117117427289, 0.0702155455947, 0.0513882823288, 0.0879945904016, 0.134877875447, 0.164897501469, 0.239135995507, 0.241235077381, 0.22165311873, 0.13102298975, 0.0754351764917, 0.0715854689479, 0.0989612489939, 0.110005192459, 0.070220939815, 0.0323712453246, 0.0240292102098, 0.046884637326, 0.176234155893, 0.215061083436, 0.222116410732, 0.151367217302, 0.115139260888, 0.105956874788, 0.110867969692], "median": [0.00631971564144, 0.0070108640939, 0.0112632066011, 0.0233594607562, 0.0220281649381, 0.00841804686934, 0.00163374526892, 0.00135384418536, 0.00164977600798, 0.00313744158484, 0.00325049227104, 0.00189673469868, 0.00086425099289, 0.000983126345091, 0.00750025454909, 0.0273874979466, 0.046202134341, 0.0684865787625, 0.0682368949056, 0.0430385731161, 0.00415075803176, 0.00208373763599, 0.00315868295729, 0.00577252637595, 0.0104368664324, 0.00826893560588, 0.0029034386389, 0.0012022620067, 0.00228356989101, 0.0337638929486, 0.0977422520518, 0.0841597318649, 0.00767796579748, 0.00158408831339, 0.00142120698001, 0.00321213505231], "min": [0, 0, 0, 0, 0, 0, 0, 0, 0, 0, 0, 0, 0, 0, 0, 0, 0, 0, 0, 0, 0, 0, 0, 0, 0, 0, 0, 0, 0, 0, 0, 0, 0, 0, 0, 0], "dvar2": [0.103273227811, 0.0868229046464, 0.0695530697703, 0.0943364500999, 0.0878592059016, 0.0574362240732, 0.0589620284736, 0.0726191475987, 0.0744853839278, 0.0960899889469, 0.134427413344, 0.115986607969, 0.0610787048936, 0.0368667505682, 0.0503685772419, 0.0732247382402, 0.0825896859169, 0.113185606897, 0.138697504997, 0.108936823905, 0.0840745121241, 0.0527078993618, 0.0456070266664, 0.0569898858666, 0.046562101692, 0.0297666080296, 0.0105335824192, 0.0122951520607, 0.0242002345622, 0.080726057291, 0.13902965188, 0.110600300133, 0.10430701822, 0.0925834998488, 0.0854139998555, 0.0810775309801], "dvar": [0.0361205488443, 0.0298686046153, 0.0246611908078, 0.039005048573, 0.0357485078275, 0.0198894068599, 0.0200661141425, 0.0247133951634, 0.0261387508363, 0.033786136657, 0.046424780041, 0.039605204016, 0.0209893081337, 0.0129407616332, 0.0179862417281, 0.0279703587294, 0.0301994346082, 0.0464019700885, 0.0631936863065, 0.0421344153583, 0.0301196463406, 0.0184202138335, 0.01579253003, 0.020317716524, 0.0180713608861, 0.0118615468964, 0.00405893893912, 0.00415917253122, 0.00822908058763, 0.0296113602817, 0.0609940811992, 0.040585424751, 0.0365779064596, 0.0326237939298, 0.0302309244871, 0.0286509729922], "dmean": [0.0721374452114, 0.0672965422273, 0.0679263845086, 0.101293936372, 0.0990936383605, 0.0527558326721, 0.036616589874, 0.0396393463016, 0.0438426323235, 0.0583693273365, 0.071580350399, 0.0599931441247, 0.0361383967102, 0.0270653292537, 0.0487971119583, 0.080005325377, 0.0965538099408, 0.142194792628, 0.140808418393, 0.130899459124, 0.0715307742357, 0.0400217212737, 0.0383933447301, 0.0539408065379, 0.0632959157228, 0.0423329994082, 0.0189678426832, 0.0127823101357, 0.0250883698463, 0.105135582387, 0.1265206635, 0.12940043211, 0.0808455273509, 0.0599481537938, 0.0558008998632, 0.0591663196683], "max": [1, 1, 1, 1, 1, 1, 1, 1, 1, 1, 1, 1, 1, 1, 1, 1, 1, 1, 1, 1, 1, 1, 1, 1, 1, 1, 1, 1, 1, 1, 1, 1, 1, 1, 1, 1], "var": [0.0301673095673, 0.0250457916409, 0.0239474102855, 0.0828238800168, 0.0733779296279, 0.0144740324467, 0.0107566304505, 0.01321140863, 0.0153253609315, 0.0200042240322, 0.0261717494577, 0.0213248673826, 0.011378236115, 0.0075151049532, 0.0135637521744, 0.0397427007556, 0.0448715575039, 0.108337275684, 0.188769713044, 0.0760814473033, 0.0204473957419, 0.0107728708535, 0.00925748702139, 0.0133229000494, 0.0197090450674, 0.01701320149, 0.00404430925846, 0.00223357626237, 0.00473490264267, 0.0637443736196, 0.19991530478, 0.0909330248833, 0.0231264512986, 0.0190847609192, 0.0179307833314, 0.0182786621153], "mean": [0.0604515373707, 0.0571906007826, 0.0711028501391, 0.167850151658, 0.158327147365, 0.0513466894627, 0.0224390551448, 0.0236656032503, 0.0275404080749, 0.0387857630849, 0.0450944527984, 0.0345813259482, 0.0209887586534, 0.017273535952, 0.0434089228511, 0.10484983027, 0.130284577608, 0.263202339411, 0.37006315589, 0.205397292972, 0.0525818541646, 0.0268569123, 0.0265501942486, 0.0413564033806, 0.0646799653769, 0.0522613525391, 0.0198182836175, 0.00916796084493, 0.0177884176373, 0.198007971048, 0.405882060528, 0.261759757996, 0.059151828289, 0.0357746556401, 0.0338759943843, 0.0407006330788]}, "tuning_equal_tempered_deviation": 0.143759548664, "chords_changes_rate": 0.0482692532241, "key_key": "G", "tuning_diatonic_strength": 0.59033614397, "key_scale": "minor", "chords_number_rate": 0.000958198565058, "tuning_frequency": 438.477722168, "tuning_nontempered_energy_ratio": 0.795946598053, "chords_histogram": [33.7046356201, 3.78488445282, 2.76679849625, 0.359324455261, 0, 1.84453225136, 0, 0.778536379337, 0, 0.419211894274, 0, 0.515031754971, 0, 0, 0.155707269907, 0.0239549651742, 11.869685173, 0, 0, 0, 0, 2.87459564209, 16.6367225647, 24.2663784027], "key_strength": 0.668489933014, "chords_key": "G", "chords_strength": {"dmean2": 0.00855456106365, "median": 0.510783612728, "min": -1, "dvar2": 0.00053125503473, "dvar": 0.000282850232907, "dmean": 0.00794040318578, "max": 0.751926124096, "var": 0.0193794034421, "mean": 0.503658592701}, "chords_scale": "minor", "hpcp_entropy": {"dmean2": 1.01914143562, "median": 2.03583621979, "min": 0, "dvar2": 0.681320667267, "dvar": 0.243531122804, "dmean": 0.599782943726, "max": 4.30237579346, "var": 0.456122666597, "mean": 2.02555680275}}, "metadata": {"audio_properties": {"equal_loudness": 0, "codec": "flac", "downmix": "mix", "sample_rate": 44100, "analysis_sample_rate": 44100, "bit_rate": 0, "md5_encoded": "41c839da0ada9dcdc9a8a9489f0dd417", "length": 387.679992676, "replay_gain": -12.9283332825, "lossless": true}, "version": {"essentia_build_sha": "70f2e5ece6736b2c40cc944ad0e695b16b925413", "essentia": "2.1-beta2", "extractor": "music 1.0", "essentia_git_sha": "v2.1_beta2"}, "tags": {"title": ["For a Lifetime"], "barcode": ["9340813007584"], "media": ["CD"], "albumartist": ["Lustral"], "tracktotal": ["12"], "language": ["eng"], "releasetype": ["compilation"], "musicbrainz_recordingid": ["1c5fdcda-7b00-47fe-b7a0-5433b213a8f9"], "musicbrainz_releasegroupid": ["d9af4f41-9578-419c-9301-d29b91213080"], "musicbrainz_albumartistid": ["3c96a189-e9fa-4e4e-8a20-b8ef6a39bbdd"], "acoustid_fingerprint": ["AQADtIsUSUkSSQ0-Jbix4vhxHHl2NF-gFb0UOMeZC-6GozlevEfzHffhEn2GUxX6Hc6NXsd59IX444ceuEOMHz4e9Dg-NPmOHvmKB1WDQyd-_NALH6EV4kLVD1aRH96g8_iJQ--DVId_9MJxKcONsD-hRdSe4PihnUXz4MdzaKmIPka49IKP-Al-Qz9yaXhZwTXOI58hZznuHIfJ4Yc2HW9i_EPLPPAP3YJ4nDvKHT1y2Ec9FqeR42isF8qOE_2h7zj-oD_8Iu9wG72Ny0MVowkeXOwQfXSg8cf2qPjwP9CUP-CNHPDk4MeP_LjEozgPnxaO6_BpfMGPw-Gh0_ggHr-C-4SIPy9yDebP4TrOb7B9fD7-eOiNbL6h4keu3ahuIaXC4BArHmdw_HggnriRw_pxfBeQH5YyFsKJ3PCJl8dZ-Mh7-LSgHSGsPzhO4_jh3UIuBccP8_iFP9APF18UQU_xI_hxXPFBhcePHLWyPDjOFzlzPJEulD7MEeneCPqMtIJPVOqCnIbW_UjPDn_RBecRvoIWg-hz6BPS-jh-kahyKzh-JPpxy_CeBg--Qz8qF-mlEjk-iD0O8cfTBPmODcePaM8D2SxyXDx-PE_Bwhf-4j6s-Th67AjmBk8JJlJ-4TT0XfCRAz8OHxx-HP7gIP1xiDoCH8dx-DR4eBeuITw06YhjnIY5Hh-OU6AeFj4-PPCP4BHE40w05DtyQnyF3OhR6iCXGo6DW0IfJTWeI08OvTfyozlKqbgi5UMeaD_84zpeHtXF4S8uopmMqjZuwXXA4-5RG551bEccsRqm5CWu4MIPn_jxHLx0xDr6Hf6Md8iNN8bhEz_yXTh044flBLeC78gL3oezX_hxC1t9PMJ_9Eh-IcAfY-J6UD-qD3eMMPjx44efo-9xVDt8fMcPnTg8TugjkLrRHT4-Hq8FTgfkTnAc5DjRHudxWUF_OEeXjHiKH6EcHeKLw09wERfoQ7OIf0deose3KOA-2DxyZehjHHqQJ_iOh8dPNE-FLt2Rb4N2Rkca7vB7ofKF_kKWPBeeD6qO5sSEWlkI8RyR7uiXivijGE3i4_BRKz_6GI2LnNjxJEdOBlXWgsqFB8fhbzgepPkO_Ru6icjRzArCr4Q8H0zsQpOkPkK-DOUPP4uyo05oY_Lh6-jz4AZyKGQUIdbRaOh1_Gh4MCfKk_iRjkUf5fghNE9RbbTw4Dr6bLDC4g6LGz9EfdB-fAt6J_Cg6eguOMeDZkFeGpcRws_x7Oi1BNDyLGg5_GgmMegDdjlOBdqOP7iPXKOHF3fEwZpxSWGRpVscHPqRo10i48d_rM2Rc4Wo6Ube7Gjwfmi-ILQfyNRIoQmVF5HsUMHx6Mi_I1HCo3KORzvx4BLxoznR_8ih48Ev6CKyXcnQfUUT4tmDPoWPlh7644e1HqG2E7pjRDeaWYh0QqUboVH2FLqyB7Ey-LHwi3isGffB5FfwYAgUSgvylGDQxBOeI9QOX4eaPDg84iHaQzu8H__Rh8dNdDr-cdAnHLkBH8d1pD8eqDp-40d--Ee7zEJ5oznOoLqG-0ifQzURPh5QU7Abo8p2ZDt05EXBShpsGfeC5yhnI3cM_Qi-BOak4HdQfQgjL0fyHqU-7H7w44LVXKh8nM6Q8y8UJTzC78Fr5DqSMYl5wc_xDE92lKcUXDnyHIJt_Hg_vCqH-hCPiC2LjsqGo-mHSR_eoRr8IM6hdR3yCz0aH8lzxPnRhC-ew4yqefj0IX-PhDneoHom4w9wPMKD_Bu0uDHi70HzIKcORi_M59C14MePu4MPXUbO4cEVwtkPmsfh1xUq50KHM7_QfEHuxtCPnHiy4AvCN0iWRDGuoPrh5_gXHGnWQ54yhJq8I6ZogbyE6tDCiEeekEMbWvCDUwh_kCHzQFeDBzl6IczD4pmOlxqeHj96iImsI_xQ9XBFog-NH9OL7ZGO8BL0RMuKPD4OH4-GLOZC3Fmh5sHzIMwt8DpyJYeWZ0GrFvlxffg1PEe-HJpepFKOnvjRfOhF_PFQLUb6sIKsrahuhMeFNBSPxEyC04ff4zso3rj2WYiZI_EPxzn6Kzjwg4-CH7VThDkqZ9ByBlcUFT-0B4dzHcenAeKHnBdOZXjSGP6Dw3tcYR-F4zscZ9nRs0f-HDqRZwmuD_kyaFeOMImUDMfk5mhybjjaF7EhyjyyaNGFTyHOB90RKdmOR1mIp0RzzFaGklmRd6uQ4xUF6Q6uIKcDU9VS5Dh0ywsqzYOoRke7DqGOzQmLi8cPc1nw60V4HvqiZEWeHJMeNCfCZ4LYhCnSKgHnwWqO6gp-5ElyJHLQnEGPv7hyAASA4SAhIYQViAzBgACACWWAAYoBIZAwHhIlOUQAACLAQtARBBpyQhgEDTBGEGEJFQCIqohxSBlFBCGCMEIAZBIBhgBAABCkpAKKYXCZQAYRgAghgBKiBQJQKuEIccAAA4AiwlEhAWJAUGSAo8AEBQ4QggAjEBAEAMaEAkYJqAQwjjBHhRhIGuGQgcBQIIjTBghFgAWGISEsJUwSYCAQEEgKLEHMEaAUYMISg4gCCgFhBGCMCABAEEQ0AwwRjBFIBAiBCkKZoFYQYBQAwyiRgEIOTIMAYAooZpxTRlChhBNKmCC8c8w5AUoDyDAkGADGMAUsAAIpoQCCBgEBAgIUKeKMcYICJQAxyBCoFGIACCiIsBRRQYkhVFpgEULACESEWIgCQJAAQCgAjDMWAAqUAEYAB4hEQAgIAGHSEUEQFApQIQQwBikIBABEGGQUGIgRg4BFQAqBgDEKIMCAV0AQAI0GgihPlhCIkTPEAUQIToQhDgAhoRAEAEUAQJAAgIUwDjEAETCAKmEAA4I5AQEijAFnEADSAICEAgAdqAgERhEFABNGAMWSEEIJAwQpTDgiCPWOSA0IA0orAIARhBFGEHUAIQcEMwwxYaBmkAlABBEESGCQo048owCDwgAgCEAIEGQEQIowSAEgBGhCBDNGKGSAAUoBAAQywAkGhGBCCWSQgQIJAgk1wAJoEHIKOQIYIsAAIIZhBikmBAAIKAIAcYYKoJ1RCBBEAACECOOBJRg4BIBiggrgJEGGEACg8QIY4YxRSAnihIEMGEkIIAsBwRACiBDACEKGMaEIUkQhCAABSEsChBJOAQIQUVQIkBwgAgABsGJAWEYUAUYgIxAQGAmAEKCCGWsEI4AMIxRg1BhEgTbAKEaCochQAgAQgBBmgECSIUIURsgY"], "discnumber": ["2"], "totaldiscs": ["2"], "album": ["Lustral Presents Trance Classics"], "catalognumber": ["45CD9003"], "releasecountry": ["AU"], "file_name": "02.01. Lustral - For a Lifetime.flac", "compilation": ["0"], "albumartistsort": ["Lustral"], "date": ["2009"], "genre": ["Trance, Electronic"], "disctotal": ["2"], "discsubtitle": ["Lustral's Chilled Interpretations"], "musicbrainz_artistid": ["3c96a189-e9fa-4e4e-8a20-b8ef6a39bbdd"], "originaldate": ["2009"], "musicbrainz_albumid": ["68adada8-d0aa-4ae9-a1dc-6a4b894b269b"], "artist": ["Lustral"], "tracknumber": ["1"], "artistsort": ["Lustral"], "bpm": ["134"], "label": ["405 Recordings"], "releasestatus": ["official"], "acoustid_id": ["8116bd15-0ef4-4ac7-9767-9cdd29b769ba"], "script": ["Latn"], "totaltracks": ["12"]}}, "rhythm": {"bpm_histogram_first_peak_bpm": {"dmean2": 0, "median": 136, "min": 136, "dvar2": 0, "dvar": 0, "dmean": 0, "max": 136, "var": 0, "mean": 136}, "bpm": 134.314178467, "bpm_histogram_second_peak_spread": {"dmean2": 0, "median": 0.226415097713, "min": 0.226415097713, "dvar2": 0, "dvar": 0, "dmean": 0, "max": 0.226415097713, "var": 0, "mean": 0.226415097713}, "bpm_histogram_first_peak_weight": {"dmean2": 0, "median": 0.452631592751, "min": 0.452631592751, "dvar2": 0, "dvar": 0, "dmean": 0, "max": 0.452631592751, "var": 0, "mean": 0.452631592751}, "onset_rate": 3.78135228157, "beats_position": [0.476009070873, 0.96362811327, 1.45124709606, 1.93886613846, 2.42648530006, 2.91410422325, 3.40172338486, 3.90095233917, 4.38857126236, 4.87619018555, 5.36380958557, 5.85142850876, 6.32743740082, 6.80344676971, 7.27945566177, 7.75546455383, 8.23147392273, 8.70748329163, 9.16027164459, 9.61306095123, 10.0658502579, 10.5186395645, 10.9714279175, 11.4242172241, 11.8886165619, 12.3530158997, 12.8174142838, 13.2818136215, 13.7462129593, 14.2106122971, 14.6750106812, 15.1394100189, 15.6038093567, 16.0565986633, 16.5209980011, 16.99700737, 17.4614048004, 17.9141941071, 18.3785934448, 18.8429927826, 19.3073921204, 19.7834014893, 20.2594108582, 20.7354183197, 21.1998176575, 21.6642169952, 22.1170063019, 22.5697956085, 23.0225849152, 23.4753742218, 23.9165534973, 24.3577327728, 24.7989120483, 25.2400894165, 25.6928787231, 26.1456680298, 26.5868473053, 27.0396366119, 27.4808158875, 27.9336051941, 28.3747844696, 28.8275737762, 29.2803630829, 29.7215423584, 30.1627197266, 30.6038990021, 31.0450782776, 31.4978675842, 31.9506568909, 32.391834259, 32.8446235657, 33.2974128723, 33.750202179, 34.2029914856, 34.6557807922, 35.0969619751, 35.5381393433, 35.9909286499, 36.4437179565, 36.8965072632, 37.3492965698, 37.8020858765, 38.2432632446, 38.6844444275, 39.1256217957, 39.5668029785, 40.0079803467, 40.4607696533, 40.9019508362, 41.3547401428, 41.795917511, 42.2370948792, 42.6898841858, 43.1426734924, 43.5838546753, 44.0250320435, 44.4662132263, 44.9073905945, 45.3601799011, 45.801361084, 46.2541503906, 46.7069396973, 47.1597251892, 47.6125144958, 48.0653038025, 48.5180931091, 48.9708824158, 49.4120635986, 49.8532409668, 50.2944221497, 50.7472114563, 51.2000007629, 51.6527900696, 52.1055755615, 52.5467567444, 52.9879341125, 53.4291152954, 53.8702926636, 54.3230819702, 54.7758712769, 55.2170524597, 55.6698417664, 56.0994110107, 56.5405883789, 56.9817695618, 57.4345550537, 57.8873443604, 58.340133667, 58.7813148499, 59.2341041565, 59.6752815247, 60.1280708313, 60.5692520142, 61.0104293823, 61.463218689, 61.9160079956, 62.3687973022, 62.8331947327, 63.2743759155, 63.7155532837, 64.1683425903, 64.6095199585, 65.0507049561, 65.5034942627, 65.9446716309, 66.3974609375, 66.8386383057, 67.2914276123, 67.7326049805, 68.1853942871, 68.6381835938, 69.0909729004, 69.5321502686, 69.9849395752, 70.4145126343, 70.8556900024, 71.3084793091, 71.7612686157, 72.2140579224, 72.6552352905, 73.0964126587, 73.5492019653, 74.001991272, 74.4431762695, 74.8843536377, 75.3371429443, 75.789932251, 76.2311096191, 76.6722869873, 77.1366882324, 77.5778656006, 78.0190429688, 78.4602279663, 78.9130172729, 79.3658065796, 79.8069839478, 80.2481613159, 80.712562561, 81.1537399292, 81.6065292358, 82.047706604, 82.5004959106, 82.9416732788, 83.3828582764, 83.8240356445, 84.2652130127, 84.7180023193, 85.170791626, 85.6119689941, 86.0647583008, 86.5175476074, 86.9587249756, 87.3999099731, 87.8526992798, 88.3054885864, 88.7466659546, 89.1878433228, 89.6406326294, 90.093421936, 90.5345993042, 90.9757843018, 91.428565979, 91.8813552856, 92.3341445923, 92.7753295898, 93.2281188965, 93.6692962646, 94.1104736328, 94.5632629395, 95.0160522461, 95.4804534912, 95.9216308594, 96.3511962891, 96.7923812866, 97.2451705933, 97.6979598999, 98.1391372681, 98.5919265747, 99.0331039429, 99.474281311, 99.9154663086, 100.368255615, 100.821044922, 101.273826599, 101.726615906, 102.167800903, 102.608978271, 103.05015564, 103.491333008, 103.944122314, 104.396911621, 104.849700928, 105.302490234, 105.755279541, 106.208068848, 106.649246216, 107.090431213, 107.531608582, 107.984397888, 108.425575256, 108.878364563, 109.33115387, 109.783943176, 110.225120544, 110.666305542, 111.119087219, 111.571876526, 112.013061523, 112.454238892, 112.907028198, 113.359817505, 113.800994873, 114.242172241, 114.694961548, 115.147750854, 115.588935852, 116.03011322, 116.482902527, 116.935691833, 117.376869202, 117.81804657, 118.270835876, 118.723625183, 119.164802551, 119.605987549, 120.058776855, 120.511566162, 120.95274353, 121.393920898, 121.846710205, 122.299499512, 122.74067688, 123.181854248, 123.634643555, 124.087432861, 124.528617859, 124.969795227, 125.422584534, 125.87537384, 126.316551208, 126.757728577, 127.210517883, 127.66330719, 128.104492188, 128.545669556, 128.998458862, 129.451248169, 129.892425537, 130.333602905, 130.786392212, 131.239181519, 131.680358887, 132.121536255, 132.574325562, 133.027114868, 133.479904175, 133.921081543, 134.37387085, 134.826660156, 135.279449463, 135.720626831, 136.161804199, 136.602996826, 137.055786133, 137.508575439, 137.949752808, 138.414154053, 138.855331421, 139.296508789, 139.737686157, 140.190475464, 140.643264771, 141.084442139, 141.525619507, 141.978408813, 142.43119812, 142.872375488, 143.313552856, 143.766342163, 144.21913147, 144.660308838, 145.101501465, 145.554275513, 146.007064819, 146.448257446, 146.889434814, 147.342224121, 147.795013428, 148.236190796, 148.677368164, 149.141769409, 149.582946777, 150.024124146, 150.476913452, 150.929702759, 151.370880127, 151.812057495, 152.264846802, 152.717636108, 153.158813477, 153.599990845, 154.052780151, 154.505569458, 154.946762085, 155.387939453, 155.84072876, 156.293518066, 156.734695435, 157.175872803, 157.628662109, 158.081451416, 158.522628784, 158.963806152, 159.416595459, 159.869384766, 160.310562134, 160.751739502, 161.204528809, 161.657318115, 162.098495483, 162.539672852, 162.992462158, 163.445251465, 163.898040771, 164.339233398, 164.792022705, 165.233200073, 165.68598938, 166.127166748, 166.579956055, 167.0443573, 167.485534668, 167.926712036, 168.367889404, 168.809066772, 169.250244141, 169.691421509, 170.144210815, 170.597000122, 171.049789429, 171.490966797, 171.943756104, 172.39654541, 172.849334717, 173.290512085, 173.731704712, 174.184494019, 174.637283325, 175.078460693, 175.519638062, 175.972427368, 176.425216675, 176.866394043, 177.307571411, 177.760360718, 178.213150024, 178.654327393, 179.095504761, 179.548294067, 180.001083374, 180.442260742, 180.895050049, 181.347839355, 181.789016724, 182.230194092, 182.682983398, 183.135772705, 183.576965332, 184.0181427, 184.470932007, 184.923721313, 185.364898682, 185.80607605, 186.258865356, 186.711654663, 187.152832031, 187.594009399, 188.046798706, 188.499588013, 188.940765381, 189.381942749, 189.834732056, 190.287521362, 190.72869873, 191.169876099, 191.622665405, 192.075454712, 192.516647339, 192.957824707, 193.422225952, 193.86340332, 194.316192627, 194.757369995, 195.210159302, 195.662948608, 196.104125977, 196.545303345, 196.998092651, 197.43927002, 197.880447388, 198.321624756, 198.774414062, 199.227203369, 199.668380737, 200.109558105, 200.562347412, 201.015136719, 201.467926025, 201.909118652, 202.361907959, 202.803085327, 203.255874634, 203.70866394, 204.149841309, 204.591018677, 205.043807983, 205.484985352, 205.937774658, 206.390563965, 206.831741333, 207.272918701, 207.725708008, 208.178497314, 208.631286621, 209.072463989, 209.525253296, 209.978042603, 210.419219971, 210.860397339, 211.301589966, 211.754379272, 212.207168579, 212.648345947, 213.089523315, 213.530700684, 213.98348999, 214.424667358, 214.877456665, 215.330245972, 215.783035278, 216.224212646, 216.665390015, 217.118179321, 217.570968628, 218.012145996, 218.453323364, 218.917724609, 219.358901978, 219.800079346, 220.241271973, 220.705657959, 221.146850586, 221.588027954, 222.040817261, 222.493606567, 222.934783936, 223.375961304, 223.82875061, 224.281539917, 224.722717285, 225.163894653, 225.61668396, 226.069473267, 226.510650635, 226.951828003, 227.40461731, 227.857406616, 228.298583984, 228.739776611, 229.192550659, 229.645339966, 230.086532593, 230.527709961, 230.980499268, 231.433288574, 231.874465942, 232.315643311, 232.768432617, 233.221221924, 233.662399292, 234.115188599, 234.556365967, 235.009155273, 235.450332642, 235.89151001, 236.344299316, 236.797088623, 237.24987793, 237.702667236, 238.143844604, 238.60824585, 239.037811279, 239.479003906, 239.920181274, 240.372970581, 240.825759888, 241.266937256, 241.719726562, 242.172515869, 242.613693237, 243.066482544, 243.507659912, 243.960449219, 244.401626587, 244.854415894, 245.295593262, 245.748382568, 246.201171875, 246.642349243, 247.083526611, 247.536315918, 247.989105225, 248.430297852, 248.883071899, 249.335861206, 249.777053833, 250.218231201, 250.659408569, 251.112197876, 251.564987183, 252.006164551, 252.458953857, 252.911743164, 253.352920532, 253.7940979, 254.246887207, 254.699676514, 255.140853882, 255.58203125, 256.023223877, 256.487609863, 256.92880249, 257.3699646, 257.822753906, 258.275543213, 258.71673584, 259.157897949, 259.610687256, 260.063476562, 260.504669189, 260.945831299, 261.398620605, 261.851409912, 262.292602539, 262.733795166, 263.186584473, 263.639373779, 264.080535889, 264.521728516, 264.974517822, 265.427307129, 265.868469238, 266.309661865, 266.762451172, 267.215240479, 267.656402588, 268.097595215, 268.550384521, 269.003173828, 269.444335938, 269.885528564, 270.338317871, 270.791107178, 271.232299805, 271.685089111, 272.137878418, 272.579040527, 273.031829834, 273.473022461, 273.925811768, 274.366973877, 274.808166504, 275.260955811, 275.70211792, 276.154907227, 276.607696533, 277.06048584, 277.501678467, 277.942840576, 278.395629883, 278.83682251, 279.289611816, 279.742401123, 280.19519043, 280.636352539, 281.089141846, 281.541931152, 281.983123779, 282.424316406, 282.865478516, 283.32989502, 283.771057129, 284.212249756, 284.653411865, 285.106201172, 285.558990479, 286.000183105, 286.441345215, 286.905761719, 287.346923828, 287.788116455, 288.240905762, 288.693695068, 289.134857178, 289.576049805, 290.017242432, 290.481628418, 290.922821045, 291.363983154, 291.816772461, 292.269561768, 292.710754395, 293.151916504, 293.604705811, 294.057495117, 294.498687744, 294.939849854, 295.39263916, 295.845428467, 296.286621094, 296.727783203, 297.18057251, 297.633361816, 298.074554443, 298.515716553, 298.968505859, 299.409698486, 299.862487793, 300.30368042, 300.756469727, 301.209259033, 301.650421143, 302.09161377, 302.544403076, 302.997192383, 303.438354492, 303.879547119, 304.332336426, 304.785125732, 305.226287842, 305.667480469, 306.120269775, 306.573059082, 307.014221191, 307.455413818, 307.908203125, 308.360992432, 308.813781738, 309.254974365, 309.707763672, 310.172149658, 310.613342285, 311.054504395, 311.495697021, 311.948486328, 312.389648438, 312.830841064, 313.283630371, 313.736419678, 314.189208984, 314.630371094, 315.071563721, 315.524353027, 315.977142334, 316.418304443, 316.85949707, 317.323883057, 317.765075684, 318.206237793, 318.64743042, 319.100219727, 319.553009033, 319.99420166, 320.43536377, 320.899780273, 321.340942383, 321.78213501, 322.223297119, 322.676086426, 323.128875732, 323.570068359, 324.022857666, 324.475646973, 324.916809082, 325.358001709, 325.810791016, 326.263580322, 326.704742432, 327.145935059, 327.587127686, 328.039916992, 328.492706299, 328.933868408, 329.386657715, 329.839447021, 330.280639648, 330.721801758, 331.174591064, 331.627380371, 332.068572998, 332.509735107, 332.962524414, 333.415313721, 333.856506348, 334.297668457, 334.750457764, 335.20324707, 335.644439697, 336.085632324, 336.538421631, 336.99118042, 337.432373047, 337.885162354, 338.33795166, 338.802337646, 339.243530273, 339.6847229, 340.12588501, 340.567077637, 341.008239746, 341.449432373, 341.90222168, 342.355010986, 342.796173096, 343.237365723, 343.690155029, 344.142944336, 344.595733643, 345.036895752, 345.489685059, 345.942474365, 346.395263672, 346.836456299, 347.277648926, 347.718811035, 348.171600342, 348.624389648, 349.065582275, 349.529968262, 349.971160889, 350.412322998, 350.853515625, 351.306304932, 351.759094238, 352.200256348, 352.653045654, 353.105834961, 353.547027588, 353.988189697, 354.429382324, 354.893768311, 355.334960938, 355.776153564, 356.217315674, 356.67010498, 357.122894287, 357.564086914, 358.005249023, 358.469665527, 358.910827637, 359.352020264, 359.80480957, 360.257598877, 360.698760986, 361.139953613, 361.581115723, 362.045532227, 362.486694336, 362.927886963, 363.369049072, 363.833465576, 364.274627686, 364.715820312, 365.168609619, 365.621398926, 366.062591553, 366.503753662, 366.956542969, 367.409332275, 367.850524902, 368.291687012, 368.744476318, 369.197265625, 369.638458252, 370.079620361, 370.532409668, 370.985198975, 371.449615479, 371.937225342, 372.413238525, 372.889251709, 373.46975708, 374.050231934, 374.619140625, 375.188018799, 375.756896973, 376.3722229, 376.987579346, 377.591278076, 378.195007324, 378.787109375, 379.367614746, 379.948120117, 380.528594971, 381.109100342, 381.689605713, 382.21206665, 382.722900391, 383.245330811, 383.779388428, 384.313476562, 384.84753418, 385.381591797, 385.915649414, 386.449707031, 386.972137451], "beats_loudness": {"dmean2": 0.100239299238, "median": 0.0489065721631, "min": 0, "dvar2": 0.00703896163031, "dvar": 0.0025320504792, "dmean": 0.0536373816431, "max": 0.228855594993, "var": 0.00259352196008, "mean": 0.0636494904757}, "danceability": 1.16679370403, "bpm_histogram_second_peak_weight": {"dmean2": 0, "median": 0.0479532182217, "min": 0.0479532182217, "dvar2": 0, "dvar": 0, "dmean": 0, "max": 0.0479532182217, "var": 0, "mean": 0.0479532182217}, "beats_count": 856, "bpm_histogram_second_peak_bpm": {"dmean2": 0, "median": 129, "min": 129, "dvar2": 0, "dvar": 0, "dmean": 0, "max": 129, "var": 0, "mean": 129}, "bpm_histogram_first_peak_spread": {"dmean2": 0, "median": 0.494117677212, "min": 0.494117677212, "dvar2": 0, "dvar": 0, "dmean": 0, "max": 0.494117677212, "var": 0, "mean": 0.494117677212}, "beats_loudness_band_ratio": {"dmean2": [0.461041480303, 0.272090733051, 0.131979361176, 0.0639664530754, 0.0687914714217, 0.165140748024], "median": [0.693864345551, 0.110418282449, 0.0188420005143, 0.0122513920069, 0.0110858790576, 0.0057715838775], "min": [0, 0, 0, 0, 0, 0], "dvar2": [0.121721215546, 0.0777329802513, 0.0306230131537, 0.00901063811034, 0.0077612712048, 0.0311922151595], "dvar": [0.0480519086123, 0.0261900164187, 0.0106524974108, 0.00347970752046, 0.0027638184838, 0.0139273032546], "dmean": [0.27074944973, 0.151904776692, 0.0705648958683, 0.0359537899494, 0.0378839448094, 0.0926580131054], "max": [0.999575734138, 0.982017874718, 0.825064361095, 0.92219376564, 0.522418320179, 0.732798099518], "var": [0.0880993455648, 0.0360289253294, 0.0136940544471, 0.0115363188088, 0.00213043997064, 0.0124661885202], "mean": [0.638284981251, 0.167794033885, 0.0696470141411, 0.04525122419, 0.0301023665816, 0.0651536434889]}}, "lowlevel": {"barkbands_spread": {"dmean2": 12.3431186676, "median": 7.16194057465, "min": 0.083445854485, "dvar2": 640.480712891, "dvar": 281.138458252, "dmean": 7.78711605072, "max": 148.066390991, "var": 383.521728516, "mean": 14.0235872269}, "melbands_spread": {"dmean2": 5.46037006378, "median": 5.48201560974, "min": 0.256152153015, "dvar2": 98.4480667114, "dvar": 46.3725166321, "dmean": 3.55441808701, "max": 232.69682312, "var": 195.645889282, "mean": 9.32213783264}, "hfc": {"dmean2": 27.85887146, "median": 11.539522171, "min": 1.06038823822e-16, "dvar2": 5501.47216797, "dvar": 2144.25708008, "dmean": 16.6815032959, "max": 476.334014893, "var": 1824.21044922, "mean": 22.6585540771}, "barkbands_kurtosis": {"dmean2": 22.7927417755, "median": 8.86918830872, "min": -1.97589874268, "dvar2": 7437.03027344, "dvar": 2996.36181641, "dmean": 14.3604516983, "max": 2304.90405273, "var": 3703.91503906, "mean": 23.6075325012}, "gfcc": {"mean": [-81.6981735229, 126.991447449, -78.4221725464, 15.0507640839, -19.2689266205, 2.59515833855, -20.8891868591, 12.9280452728, -16.8724575043, -2.11471867561, -11.7181158066, 5.9734916687, -11.1800956726], "icov": [[5.41841363884e-05, -2.51255278272e-05, 2.20704787353e-05, -9.33318369789e-05, -4.14635360357e-05, -5.10071622557e-05, 0.000181457246072, 8.24710878078e-06, 7.32906410121e-05, -0.000109225322376, 4.71018647659e-05, -9.19719605008e-06, 8.45464674057e-05], [-2.51255278272e-05, 0.000600122206379, 0.000138779068948, 0.000165468853083, -0.000335537217325, 0.00036660610931, -0.00015437854745, 0.000354943273123, -0.000383586389944, 0.000479481706861, -0.000554958067369, -0.000190494014532, 0.000162038239068], [2.20704787353e-05, 0.000138779068948, 0.00131600908935, 0.000176745641511, -0.00062777166022, -0.000496203603689, 0.000356439326424, 0.000424227357144, -0.000170818908373, -0.000260396249359, 4.58200302091e-05, -0.000970296212472, 0.0007916095783], [-9.33318369789e-05, 0.000165468853083, 0.000176745641511, 0.00163025723305, -0.000696342729498, -0.000528128584847, 0.0006889362121, -0.00010881601338, -0.000446497433586, -8.53566743899e-05, -0.00064762349939, 9.05725901248e-05, 0.000123894307762], [-4.14635360357e-05, -0.000335537217325, -0.00062777166022, -0.000696342729498, 0.00189454958308, 0.000983641250059, -0.000778321467806, -0.0005582945887, -0.000510220939759, 0.000108392945549, 0.000861021166202, 0.000612075789832, -0.00055796263041], [-5.10071622557e-05, 0.00036660610931, -0.000496203603689, -0.000528128584847, 0.000983641250059, 0.00284505612217, -0.00111323071178, -0.000534950522706, -0.00117039715406, 0.000172120053321, 0.000403352954891, 0.00174532528035, -0.000226991076488], [0.000181457246072, -0.00015437854745, 0.000356439326424, 0.0006889362121, -0.000778321467806, -0.00111323071178, 0.00440659979358, -0.000269447133178, -0.000846215058118, -0.000385431281757, -0.000256724335486, 0.000347918714397, 0.000733570719603], [8.24710878078e-06, 0.000354943273123, 0.000424227357144, -0.00010881601338, -0.0005582945887, -0.000534950522706, -0.000269447133178, 0.00476827984676, -1.10645362383e-06, 0.000378491269657, 0.000309120165184, -0.00101367221214, 0.000943468825426], [7.32906410121e-05, -0.000383586389944, -0.000170818908373, -0.000446497433586, -0.000510220939759, -0.00117039715406, -0.000846215058118, -1.10645362383e-06, 0.00785480905324, -0.000403167738114, -0.000261707318714, 0.000974835071247, 0.000808926182799], [-0.000109225322376, 0.000479481706861, -0.000260396249359, -8.53566743899e-05, 0.000108392945549, 0.000172120053321, -0.000385431281757, 0.000378491269657, -0.000403167738114, 0.00645825825632, -0.000336966506438, 0.000102025740489, 0.000883203931153], [4.71018647659e-05, -0.000554958067369, 4.58200302091e-05, -0.00064762349939, 0.000861021166202, 0.000403352954891, -0.000256724335486, 0.000309120165184, -0.000261707318714, -0.000336966506438, 0.00979016162455, -0.000728293962311, -0.00073956977576], [-9.19719605008e-06, -0.000190494014532, -0.000970296212472, 9.05725901248e-05, 0.000612075789832, 0.00174532528035, 0.000347918714397, -0.00101367221214, 0.000974835071247, 0.000102025740489, -0.000728293962311, 0.00873636547476, -0.00204414431937], [8.45464674057e-05, 0.000162038239068, 0.0007916095783, 0.000123894307762, -0.00055796263041, -0.000226991076488, 0.000733570719603, 0.000943468825426, 0.000808926182799, 0.000883203931153, -0.00073956977576, -0.00204414431937, 0.00990844424814]], "cov": [[30423.7460938, 105.61857605, 187.93963623, 2774.89868164, 1079.82678223, 94.2291412354, -1438.71350098, 39.8547134399, -141.87852478, 454.986633301, -101.827209473, -49.0261878967, -192.039886475], [105.61857605, 3259.81347656, -188.049194336, -261.096282959, 741.235290527, -893.85357666, 24.4446792603, -211.304779053, 19.9620666504, -229.340026855, 158.691467285, 184.788345337, 72.4313278198], [187.93963623, -188.049194336, 1037.07336426, 79.7032165527, 269.299530029, 113.789123535, -14.2461605072, -13.607632637, 52.5009269714, 62.0763053894, -37.741859436, 42.6468391418, -66.0956573486], [2774.89868164, -261.096282959, 79.7032165527, 1098.5657959, 323.216156006, 216.610809326, -151.176971436, 72.6898803711, 79.7631454468, 71.1658096313, -3.65906953812, -76.3946228027, -40.966545105], [1079.82678223, 741.235290527, 269.299530029, 323.216156006, 1100.7331543, -305.189453125, 37.2190475464, 31.0349140167, 75.5204315186, -28.6085777283, -24.700012207, 19.9199085236, 1.04045045376], [94.2291412354, -893.85357666, 113.789123535, 216.610809326, -305.189453125, 891.094604492, 157.916473389, 105.500511169, 135.329452515, 79.431350708, -60.9539604187, -199.594863892, -80.3497314453], [-1438.71350098, 24.4446792603, -14.2461605072, -151.176971436, 37.2190475464, 157.916473389, 386.312438965, 35.8008499146, 84.1040344238, -2.38026714325, -7.38351345062, -63.7853546143, -31.7553634644], [39.8547134399, -211.304779053, -13.607632637, 72.6898803711, 31.0349140167, 105.500511169, 35.8008499146, 249.222991943, 18.3712158203, 4.53320837021, -23.4907207489, -12.5397148132, -25.1671543121], [-141.87852478, 19.9620666504, 52.5009269714, 79.7631454468, 75.5204315186, 135.329452515, 84.1040344238, 18.3712158203, 180.451156616, 14.7732000351, -5.132771492, -56.7270851135, -33.0655632019], [454.986633301, -229.340026855, 62.0763053894, 71.1658096313, -28.6085777283, 79.431350708, -2.38026714325, 4.53320837021, 14.7732000351, 185.777740479, -8.86152553558, -22.9973316193, -29.1993045807], [-101.827209473, 158.691467285, -37.741859436, -3.65906953812, -24.700012207, -60.9539604187, -7.38351345062, -23.4907207489, -5.132771492, -8.86152553558, 119.486694336, 25.2103366852, 16.6592731476], [-49.0261878967, 184.788345337, 42.6468391418, -76.3946228027, 19.9199085236, -199.594863892, -63.7853546143, -12.5397148132, -56.7270851135, -22.9973316193, 25.2103366852, 182.43838501, 43.610496521], [-192.039886475, 72.4313278198, -66.0956573486, -40.966545105, 1.04045045376, -80.3497314453, -31.7553634644, -25.1671543121, -33.0655632019, -29.1993045807, 16.6592731476, 43.610496521, 125.678817749]]}, "spectral_energyband_middle_low": {"dmean2": 0.0074752131477, "median": 0.00613955641165, "min": 1.8010945284e-22, "dvar2": 0.000166896395967, "dvar": 6.91074237693e-05, "dmean": 0.00478285038844, "max": 0.163238286972, "var": 0.000262441724772, "mean": 0.0130504416302}, "melbands_crest": {"dmean2": 3.49863243103, "median": 19.1291294098, "min": 1.64388167858, "dvar2": 16.3753910065, "dvar": 6.84857034683, "dmean": 2.26658797264, "max": 32.4608955383, "var": 38.5818061829, "mean": 19.4496765137}, "spectral_kurtosis": {"dmean2": 10.0325775146, "median": 9.74893856049, "min": -1.53298056126, "dvar2": 224.716384888, "dvar": 87.9881286621, "dmean": 6.09583044052, "max": 289.987091064, "var": 531.993164062, "mean": 16.6745128632}, "spectral_rms": {"dmean2": 0.00133363110945, "median": 0.00664223497733, "min": 3.10973620986e-12, "dvar2": 4.44776378572e-06, "dvar": 1.76879586888e-06, "dmean": 0.000889336806722, "max": 0.0171770881861, "var": 8.59464216774e-06, "mean": 0.00646515842527}, "zerocrossingrate": {"dmean2": 0.0173399355263, "median": 0.0205078125, "min": 0.001953125, "dvar2": 0.00110295170452, "dvar": 0.000752200081479, "dmean": 0.0133950673044, "max": 0.5263671875, "var": 0.00295689958148, "mean": 0.0373928621411}, "silence_rate_60dB": {"dmean2": 0.00598981743678, "median": 0, "min": 0, "dvar2": 0.00655172113329, "dvar": 0.00298617454246, "dmean": 0.00299472920597, "max": 1, "var": 0.0844894722104, "mean": 0.0931903943419}, "erbbands_kurtosis": {"dmean2": 3.09820318222, "median": 0.376361608505, "min": -1.91448485851, "dvar2": 42.7226829529, "dvar": 15.9367904663, "dmean": 1.94157242775, "max": 179.578262329, "var": 78.3320007324, "mean": 2.33329916}, "erbbands": {"dmean2": [0.389025241137, 3.98315405846, 4.57704734802, 2.32992458344, 2.89262700081, 7.55396604538, 42.2016525269, 21.6568698883, 9.64011478424, 11.4654102325, 18.3142051697, 25.3710632324, 17.3815460205, 30.2614688873, 17.0534915924, 12.676074028, 11.0522661209, 11.6034460068, 20.0121803284, 20.8337173462, 8.26846218109, 12.8602113724, 16.9751014709, 14.3076124191, 6.65678882599, 3.57911944389, 3.37687659264, 3.9204428196, 3.23484611511, 2.60617876053, 2.33860516548, 1.88565182686, 1.96115958691, 1.80471813679, 2.82536649704, 0.908531606197, 0.683517277241, 0.633690774441, 0.162992089987, 0.00406042765826], "median": [0.159493938088, 3.93697214127, 10.3193330765, 4.05434846878, 2.50715112686, 2.71301484108, 8.53961658478, 5.47686767578, 3.3814907074, 2.04391551018, 4.50711011887, 3.6319565773, 2.63015031815, 6.66644573212, 3.73110580444, 2.51914286613, 2.22291755676, 2.1861333847, 3.20726084709, 3.58609104156, 2.01646661758, 2.71310424805, 2.78471136093, 2.1713411808, 1.11020553112, 0.307540923357, 0.17113225162, 0.112502232194, 0.0781091749668, 0.0561426840723, 0.0374994799495, 0.0244711022824, 0.0122906714678, 0.00699332216755, 0.00442970916629, 0.00352908368222, 0.00427016383037, 0.0014023904223, 0.000128760308144, 6.71578309266e-05], "min": [7.72178264124e-23, 6.99751581264e-22, 2.80065422393e-21, 9.72879430166e-21, 1.51048527446e-20, 2.24416798216e-20, 6.77392162293e-20, 5.25211996839e-20, 8.25077053481e-20, 1.68870007727e-19, 2.6458418793e-19, 3.03586296649e-19, 5.62905092239e-19, 6.7395553704e-19, 9.27429009133e-19, 8.57853503642e-19, 1.49344802279e-18, 2.14500133749e-18, 2.90503473664e-18, 2.88756550928e-18, 2.93675752672e-18, 4.01981901714e-18, 6.55974243525e-18, 6.90552419723e-18, 7.87134979302e-18, 8.47321881442e-18, 8.8182664536e-18, 1.03170581665e-17, 1.02318602178e-17, 1.11860014739e-17, 1.20749220202e-17, 9.50988374429e-18, 8.99995336643e-18, 7.4789874228e-18, 5.897332892e-18, 4.28076513549e-18, 2.28115092362e-18, 9.6537436877e-19, 2.35575816877e-19, 2.85894266902e-20], "dvar2": [1.19804418087, 100.747543335, 79.2573394775, 20.5041675568, 41.6390342712, 317.247894287, 8113.86962891, 3125.82666016, 757.965148926, 1588.3927002, 3455.14916992, 8245.32128906, 3412.64672852, 9754.703125, 3810.15820312, 2895.86328125, 1103.83972168, 1534.19128418, 4459.23681641, 4651.81982422, 586.155883789, 930.765441895, 2037.57629395, 1605.69946289, 293.968322754, 183.138778687, 190.784805298, 303.300048828, 286.0184021, 209.334487915, 88.521774292, 81.3466873169, 74.8292694092, 48.6444129944, 230.2837677, 13.3471107483, 9.31533432007, 6.63942861557, 0.727456748486, 0.000507075164933], "dvar": [0.467419922352, 40.4260482788, 31.7846908569, 7.76061010361, 14.6291561127, 201.261627197, 3017.13110352, 1651.39416504, 386.941619873, 1045.84338379, 1570.89367676, 3341.53564453, 1394.64953613, 3655.96044922, 1385.38000488, 1035.8326416, 451.887817383, 609.697509766, 1786.45397949, 1874.75488281, 241.498168945, 409.916015625, 856.692077637, 721.641540527, 126.930747986, 74.6097793579, 73.1512527466, 115.541862488, 114.736717224, 82.0167160034, 39.0859489441, 40.0860443115, 35.6416931152, 20.8505973816, 82.3685455322, 6.07034063339, 3.22284030914, 2.34131741524, 0.287539184093, 0.000196355962544], "dmean": [0.250493317842, 2.66307497025, 3.23029017448, 1.53231108189, 1.85143148899, 5.76537752151, 25.2295284271, 14.6340360641, 6.57386922836, 8.17885303497, 11.899148941, 15.8035106659, 10.6939878464, 18.2348575592, 9.96168708801, 7.25279188156, 6.58306741714, 7.05702781677, 12.3625831604, 12.9091024399, 5.15798187256, 8.31044101715, 11.0156650543, 8.9927778244, 4.28710842133, 2.19141077995, 2.06737804413, 2.36686658859, 2.02436327934, 1.63656461239, 1.49112546444, 1.27822029591, 1.31579589844, 1.16751825809, 1.68248450756, 0.611159026623, 0.381148457527, 0.340951263905, 0.0933084711432, 0.00234039570205], "max": [8.40549278259, 67.6189880371, 166.390899658, 60.6704978943, 81.0339813232, 580.517272949, 1136.26550293, 1297.23840332, 784.188232422, 1432.72351074, 1958.24072266, 1477.40026855, 2015.80126953, 1322.55737305, 1006.40960693, 519.630737305, 704.473449707, 661.50378418, 1607.4954834, 1524.37158203, 381.328643799, 512.260925293, 688.436401367, 1163.50024414, 210.818817139, 481.186706543, 332.491729736, 433.859558105, 549.518981934, 480.458007812, 220.491012573, 367.022766113, 278.151519775, 121.619659424, 164.87336731, 32.4991989136, 28.8353462219, 20.7230186462, 6.49407672882, 0.174669891596], "var": [0.735915243626, 67.2668304443, 165.051803589, 26.0340900421, 60.8420906067, 1797.83251953, 7188.40869141, 5366.25341797, 1194.28259277, 3337.58618164, 2857.02294922, 4269.46582031, 2155.02246094, 3519.11206055, 1351.41418457, 728.738220215, 546.317749023, 770.437255859, 2502.81860352, 2459.61816406, 277.620819092, 729.365844727, 1271.02099609, 1235.72143555, 198.646194458, 115.132637024, 91.5314559937, 116.720123291, 147.914962769, 137.838989258, 66.9825515747, 78.6001663208, 65.1813049316, 29.28442