{"tonal": {"thpcp": [1, 0.661676347256, 0.171708285809, 0.0935434699059, 0.09245159477, 0.219178885221, 0.349745213985, 0.256864905357, 0.29974168539, 0.446002602577, 0.285349905491, 0.123273931444, 0.107354447246, 0.0868446305394, 0.251884043217, 0.408888787031, 0.241437122226, 0.0771455615759, 0.0671157762408, 0.145872160792, 0.600434243679, 0.810848712921, 0.387197494507, 0.116858713329, 0.0929184257984, 0.0765045434237, 0.0779378265142, 0.0908314287663, 0.107282787561, 0.276289403439, 0.502340555191, 0.399900346994, 0.254321634769, 0.206212818623, 0.142009362578, 0.534489631653], "hpcp": {"dmean2": [0.122745931149, 0.101552225649, 0.0690755546093, 0.0653386041522, 0.11299623549, 0.209923192859, 0.225750342011, 0.179022088647, 0.103833064437, 0.0907982960343, 0.0743504464626, 0.0699971914291, 0.0828562378883, 0.095514446497, 0.126639425755, 0.1672372967, 0.175975009799, 0.161874204874, 0.138733804226, 0.135507300496, 0.231906071305, 0.204238086939, 0.236362427473, 0.151539877057, 0.0978941619396, 0.100049614906, 0.124377913773, 0.138520136476, 0.15288181603, 0.165222913027, 0.131653666496, 0.15631018579, 0.105463176966, 0.0841322615743, 0.0750951915979, 0.118783727288], "median": [0.0174635089934, 0.0126964794472, 0.00683575496078, 0.00526190828532, 0.0160427466035, 0.116875693202, 0.185586467385, 0.0891457647085, 0.0126948934048, 0.00643833912909, 0.00495099555701, 0.00647665653378, 0.00835837610066, 0.0120875602588, 0.0370090417564, 0.044416513294, 0.0603691935539, 0.0252464544028, 0.0171439852566, 0.0146883092821, 0.0899098813534, 0.210872322321, 0.16232933104, 0.0177824590355, 0.00493670348078, 0.00549691449851, 0.01541517023, 0.0256503075361, 0.022001652047, 0.0151778478175, 0.0119943954051, 0.0122999269515, 0.0169244110584, 0.0148354778066, 0.010863780044, 0.0158550664783], "min": [0, 0, 0, 0, 0, 0, 0, 0, 0, 0, 0, 0, 0, 0, 0, 0, 0, 0, 0, 0, 0, 0, 0, 0, 0, 0, 0, 0, 0, 0, 0, 0, 0, 0, 0, 0], "dvar2": [0.0609842427075, 0.0442353226244, 0.0360966175795, 0.0339832082391, 0.0453536733985, 0.0847534015775, 0.0958333015442, 0.0669185519218, 0.0488122925162, 0.053088080138, 0.0402835123241, 0.0387372635305, 0.0451644323766, 0.0468779318035, 0.0462865196168, 0.0757031440735, 0.0748250335455, 0.082939080894, 0.0690460950136, 0.0643106773496, 0.105529308319, 0.100805483758, 0.0981550514698, 0.0763299316168, 0.0545697659254, 0.0604341626167, 0.0606237277389, 0.0684928297997, 0.0780223831534, 0.0845121070743, 0.0752363726497, 0.0820254907012, 0.0509901493788, 0.0393694639206, 0.0262192673981, 0.0550545081496], "dvar": [0.0263479929417, 0.016313271597, 0.0128514580429, 0.0121094249189, 0.0159592740238, 0.0342338196933, 0.042145177722, 0.0248868372291, 0.0176233127713, 0.0186678040773, 0.0142903225496, 0.0137052321807, 0.0160713847727, 0.0166514180601, 0.0171981286258, 0.0314135476947, 0.0273727849126, 0.029097750783, 0.0254342053086, 0.0228390861303, 0.0366829186678, 0.0437383316457, 0.0352173894644, 0.0272850114852, 0.0199589282274, 0.0210360940546, 0.0223861522973, 0.0292492136359, 0.0290245506912, 0.0290748439729, 0.0304352100939, 0.0288209319115, 0.0181196834892, 0.0142004936934, 0.00944880861789, 0.0202953983098], "dmean": [0.0713472664356, 0.05946360901, 0.0379467792809, 0.0359263494611, 0.0636969804764, 0.126457348466, 0.1395547539, 0.105567857623, 0.0577036738396, 0.049737546593, 0.0408037900925, 0.0388399288058, 0.0459142103791, 0.0534259900451, 0.0739205554128, 0.101089671254, 0.104035444558, 0.0921932160854, 0.0791667997837, 0.0748405382037, 0.132006645203, 0.120483264327, 0.13761664927, 0.0849724560976, 0.0538186170161, 0.0538521111012, 0.0716280266643, 0.0815689042211, 0.0872635543346, 0.0922989621758, 0.0733051300049, 0.0870270878077, 0.0582186803222, 0.0465985052288, 0.0415896400809, 0.0675781667233], "max": [1, 1, 1, 1, 1, 1, 1, 1, 1, 1, 1, 1, 1, 1, 1, 1, 1, 1, 1, 1, 1, 1, 1, 1, 1, 1, 1, 1, 1, 1, 1, 1, 1, 1, 1, 1], "var": [0.103259108961, 0.0354996323586, 0.00924194790423, 0.00804176740348, 0.0142177734524, 0.0923874899745, 0.137237980962, 0.0401110909879, 0.0134452572092, 0.0123308924958, 0.0100178020075, 0.0103274043649, 0.0115633392707, 0.0124186668545, 0.0299156624824, 0.0987236872315, 0.055976960808, 0.0367808714509, 0.0282971840352, 0.0166912078857, 0.0706908255816, 0.189466610551, 0.0907798334956, 0.0230295229703, 0.0147022847086, 0.0141252987087, 0.0294168721884, 0.073620557785, 0.0401832163334, 0.053287897259, 0.124158486724, 0.0525135807693, 0.0132938344032, 0.0113809285685, 0.00717109441757, 0.0397815108299], "mean": [0.175609275699, 0.103692248464, 0.0331324227154, 0.0288248360157, 0.0626490712166, 0.257874071598, 0.348242729902, 0.166293308139, 0.0501883998513, 0.0399065390229, 0.0328571163118, 0.0334726832807, 0.039010219276, 0.0460757352412, 0.118660584092, 0.215744867921, 0.171748921275, 0.109225876629, 0.0885641351342, 0.0609900802374, 0.229552224278, 0.429479300976, 0.284176290035, 0.0737451538444, 0.0401749834418, 0.0397060476243, 0.0941327959299, 0.150208324194, 0.110318161547, 0.128732845187, 0.191548883915, 0.122551873326, 0.0529436022043, 0.0461065135896, 0.0372979715466, 0.108178988099]}, "tuning_equal_tempered_deviation": 0.0431085601449, "chords_changes_rate": 0.0380300953984, "key_key": "E", "tuning_diatonic_strength": 0.492103159428, "key_scale": "minor", "chords_number_rate": 0.00191518466454, "tuning_frequency": 431.941772461, "tuning_nontempered_energy_ratio": 0.705693125725, "chords_histogram": [13.1053352356, 21.915184021, 3.88508892059, 18.8782482147, 0, 2.79069757462, 0, 36.6347465515, 0, 0, 0, 0.164158686996, 1.09439122677, 0, 0, 0, 0, 0, 0.410396724939, 0, 0.629274964333, 0, 0.492476046085, 0], "key_strength": 0.719636082649, "chords_key": "E", "chords_strength": {"dmean2": 0.00733601441607, "median": 0.555554807186, "min": -1, "dvar2": 0.00111537182238, "dvar": 0.000612871313933, "dmean": 0.00865233037621, "max": 0.820735037327, "var": 0.0281286984682, "mean": 0.532866358757}, "chords_scale": "major", "hpcp_entropy": {"dmean2": 0.947611927986, "median": 1.94479453564, "min": 0, "dvar2": 0.690023005009, "dvar": 0.26681086421, "dmean": 0.572943747044, "max": 4.48571109772, "var": 0.622238099575, "mean": 1.95650088787}}, "metadata": {"audio_properties": {"equal_loudness": 0, "codec": "mp3", "downmix": "mix", "sample_rate": 44100, "analysis_sample_rate": 44100, "bit_rate": 160025, "md5_encoded": "339415870270a399eb856d6ba1015ade", "length": 169.691421509, "replay_gain": -6.62045669556, "lossless": false}, "version": {"essentia_build_sha": "70f2e5ece6736b2c40cc944ad0e695b16b925413", "essentia": "2.1-beta2", "extractor": "music 1.0", "essentia_git_sha": "v2.1_beta2"}, "tags": {"title": ["You Didn't Care"], "barcode": ["5013145409022"], "media": ["CD"], "albumartist": ["Various Artists"], "musicbrainz_recordingid": ["1c698b53-ff94-4824-acd9-ce4786faf4f8"], "encoding": ["Lavf56.36.100"], "musicbrainz_albumartistid": ["89ad4ac3-39f7-470e-963a-56509c546377"], "originalyear": ["1998"], "discnumber": ["1/1"], "album": ["This is the A.L.F."], "catalognumber": ["MORT CD 90"], "musicbrainz album release country": ["GB"], "musicbrainz album type": ["album/compilation"], "musicbrainz album status": ["official"], "originaldate": ["1998"], "date": ["1998"], "file_name": "Lost Cherrees - You Didn't Care.mp3", "musicbrainz_releasegroupid": ["0e39b1ed-eb34-3599-9919-5a772739f6e3"], "script": ["Latn"], "asin": ["B000007RRG"], "musicbrainz_albumid": ["4b6a2c44-e7e7-42af-975c-a9214e4adf6b"], "artist": ["Lost Cherrees"], "artistsort": ["Lost Cherrees"], "tracknumber": ["22/27"], "label": ["Mortarhate Records"], "albumartistsort": ["Various Artists"], "musicbrainz_artistid": ["3fe57744-1c81-4950-9d63-3d21975a8005"]}}, "rhythm": {"bpm_histogram_first_peak_bpm": {"dmean2": 0, "median": 136, "min": 136, "dvar2": 0, "dvar": 0, "dmean": 0, "max": 136, "var": 0, "mean": 136}, "bpm": 134.527786255, "bpm_histogram_second_peak_spread": {"dmean2": 0, "median": 0.388888895512, "min": 0.388888895512, "dvar2": 0, "dvar": 0, "dmean": 0, "max": 0.388888895512, "var": 0, "mean": 0.388888895512}, "bpm_histogram_first_peak_weight": {"dmean2": 0, "median": 0.224376738071, "min": 0.224376738071, "dvar2": 0, "dvar": 0, "dmean": 0, "max": 0.224376738071, "var": 0, "mean": 0.224376738071}, "onset_rate": 4.27806138992, "beats_position": [0.49922901392, 1.02167797089, 1.53251695633, 2.04335594177, 2.54258489609, 3.04181408882, 3.55265307426, 4.05188179016, 4.53950119019, 5.02712011337, 5.52634906769, 6.03718805313, 6.52480697632, 7.01242637634, 7.51165533066, 7.99927425385, 8.498503685, 8.99773216248, 9.49696159363, 9.99619007111, 10.4838094711, 10.9714279175, 11.4590473175, 11.9582767487, 12.4691152573, 12.9683446884, 13.479183197, 13.9900226593, 14.512471199, 15.0117006302, 15.5109291077, 16.0101585388, 16.50938797, 16.99700737, 17.4846248627, 17.9722442627, 18.4482536316, 18.9242630005, 19.3886623383, 19.8762817383, 20.3406791687, 20.8166885376, 21.2810878754, 21.7570972443, 22.2331066132, 22.7091159821, 23.1735134125, 23.6611328125, 24.1255321503, 24.589931488, 25.0543308258, 25.5303401947, 25.9947395325, 26.4591369629, 26.9119262695, 27.3879356384, 27.8523349762, 28.3283443451, 28.7927436829, 29.2687530518, 29.7447605133, 30.2091598511, 30.6735591888, 31.1379585266, 31.6023578644, 32.0667572021, 32.5311546326, 32.9955558777, 33.4483451843, 33.901134491, 34.3539237976, 34.818321228, 35.2711105347, 35.7355079651, 36.1999092102, 36.6643066406, 37.1287078857, 37.5698852539, 38.0110664368, 38.4638557434, 38.91664505, 39.3578224182, 39.8106117249, 40.2634010315, 40.7277984619, 41.192199707, 41.6449890137, 42.1093864441, 42.5737876892, 43.0381851196, 43.4909744263, 43.9553718567, 44.4081611633, 44.86095047, 45.3021316528, 45.7549209595, 46.2193183899, 46.6721076965, 47.1248970032, 47.5776863098, 48.0420837402, 48.5064849854, 48.9708824158, 49.4352836609, 49.8880729675, 50.3408622742, 50.7936515808, 51.2464370728, 51.6992263794, 52.152015686, 52.5931968689, 53.0343742371, 53.4755554199, 53.9283447266, 54.3811340332, 54.8455314636, 55.2983207703, 55.7511100769, 56.2155075073, 56.6799087524, 57.1326980591, 57.5854873657, 58.0382766724, 58.491065979, 58.9438552856, 59.3966445923, 59.8378219604, 60.2906112671, 60.7317886353, 61.1845779419, 61.6373672485, 62.0901565552, 62.5429458618, 63.0073471069, 63.4717445374, 63.9361457825, 64.3889312744, 64.8533325195, 65.3061218262, 65.7589111328, 66.2117004395, 66.6528778076, 67.1056671143, 67.5468444824, 67.98802948, 68.4292068481, 68.8703842163, 69.3347854614, 69.7991790771, 70.2635803223, 70.7279815674, 71.180770874, 71.6335601807, 72.0979614258, 72.5623550415, 73.0151443481, 73.4563217163, 73.9091110229, 74.3502960205, 74.8030853271, 75.2558746338, 75.7202682495, 76.1730575562, 76.6258468628, 77.0786361694, 77.5314254761, 77.9958267212, 78.4486160278, 78.889793396, 79.3425827026, 79.7837600708, 80.2365493774, 80.6893386841, 81.1305236816, 81.5833053589, 82.0360946655, 82.4772796631, 82.9184570312, 83.3596343994, 83.8008117676, 84.2419967651, 84.6831741333, 85.1359634399, 85.5887527466, 86.0415420532, 86.4943313599, 86.9471206665, 87.3999099731, 87.8410873413, 88.2822647095, 88.7234420776, 89.1762313843, 89.6290206909, 90.0702056885, 90.5113830566, 90.9525604248, 91.393737793, 91.8465270996, 92.2993164062, 92.7521057129, 93.2048950195, 93.6460723877, 94.0872573853, 94.5284347534, 94.9696121216, 95.4107894897, 95.8519744873, 96.2931518555, 96.7111129761, 97.1290664673, 97.5470275879, 97.9882049561, 98.4293823242, 98.8705673218, 99.3117446899, 99.7529220581, 100.194099426, 100.635284424, 101.076461792, 101.51763916, 101.958816528, 102.400001526, 102.841178894, 103.282356262, 103.735145569, 104.164710999, 104.605895996, 105.047073364, 105.488250732, 105.929428101, 106.370613098, 106.811790466, 107.252967834, 107.694145203, 108.1353302, 108.56489563, 108.994468689, 109.41242218, 109.830383301, 110.271560669, 110.712738037, 111.153923035, 111.583488464, 112.024665833, 112.454238892, 112.89541626, 113.336593628, 113.777778625, 114.218955994, 114.660133362, 115.10131073, 115.542495728, 115.983673096, 116.424850464, 116.854415894, 117.283988953, 117.725166321, 118.166343689, 118.607528687, 119.048706055, 119.489883423, 119.942672729, 120.395462036, 120.836639404, 121.277824402, 121.730613708, 122.183395386, 122.647796631, 123.100585938, 123.564987183, 124.040992737, 124.51700592, 125.039451599, 125.561904907, 126.095962524, 126.618408203, 127.129249573, 127.640090942, 128.139312744, 128.638549805, 129.137771606, 129.61378479, 130.101409912, 130.577407837, 131.053421021, 131.541046143, 132.028656006, 132.516281128, 133.003890991, 133.491516113, 133.979141235, 134.45513916, 134.931152344, 135.418777466, 135.906387329, 136.394012451, 136.858413696, 137.34602356, 137.822036743, 138.298049927, 138.762451172, 139.226852417, 139.691238403, 140.167251587, 140.643264771, 141.119277954, 141.595275879, 142.082901001, 142.570526123, 143.058135986, 143.545761108, 144.021759033, 144.497772217, 144.9737854, 145.438186646, 145.914199829, 146.378585815, 146.842987061, 147.307388306, 147.771789551, 148.247802734, 148.712203979, 149.176589966, 149.640991211, 150.117004395, 150.593017578, 151.080627441, 151.556640625, 152.044265747, 152.520263672, 152.996276855, 153.472290039, 153.948303223, 154.424301147, 154.900314331, 155.376327515, 155.852325439, 156.339950562, 156.827575684, 157.303573608, 157.779586792, 158.267211914, 158.754821777, 159.242446899, 159.730072021, 160.217681885, 160.68208313, 161.146484375, 161.61088562, 162.12171936, 162.620956421, 163.1434021, 163.700683594, 164.257949829, 164.826843262, 165.407348633, 165.987838745, 166.591567993, 167.195281982, 167.798995972, 168.40272522, 169.006439209], "beats_loudness": {"dmean2": 0.0277080852538, "median": 0.0360161140561, "min": 0, "dvar2": 0.000591722899117, "dvar": 0.000226891599596, "dmean": 0.0163602065295, "max": 0.129629969597, "var": 0.000339084828738, "mean": 0.0383402556181}, "danceability": 1.12941908836, "bpm_histogram_second_peak_weight": {"dmean2": 0, "median": 0.182825490832, "min": 0.182825490832, "dvar2": 0, "dvar": 0, "dmean": 0, "max": 0.182825490832, "var": 0, "mean": 0.182825490832}, "beats_count": 362, "bpm_histogram_second_peak_bpm": {"dmean2": 0, "median": 129, "min": 129, "dvar2": 0, "dvar": 0, "dmean": 0, "max": 129, "var": 0, "mean": 129}, "bpm_histogram_first_peak_spread": {"dmean2": 0, "median": 0.509090900421, "min": 0.509090900421, "dvar2": 0, "dvar": 0, "dmean": 0, "max": 0.509090900421, "var": 0, "mean": 0.509090900421}, "beats_loudness_band_ratio": {"dmean2": [0.332392156124, 0.286021113396, 0.106811352074, 0.0740910619497, 0.101666122675, 0.0484044402838], "median": [0.394692003727, 0.408577293158, 0.0389461442828, 0.0365305989981, 0.0630733370781, 0.015375148505], "min": [0, 0, 0, 0, 0, 0], "dvar2": [0.0569172017276, 0.0458498634398, 0.026091882959, 0.0107889138162, 0.00948768667877, 0.00317511451431], "dvar": [0.0206756796688, 0.0161676798016, 0.00852549728006, 0.00392786506563, 0.00309353321791, 0.00114007596858], "dmean": [0.188284814358, 0.164645284414, 0.0581300742924, 0.0416727140546, 0.0565396733582, 0.0268633626401], "max": [0.965331614017, 0.953168570995, 0.679730951786, 0.621250391006, 0.31891220808, 0.244624838233], "var": [0.0422687530518, 0.0499027483165, 0.00984349381179, 0.0042800209485, 0.00489098345861, 0.00111779640429], "mean": [0.408585071564, 0.430353671312, 0.0735870301723, 0.0542569123209, 0.0776659846306, 0.0275517888367]}}, "lowlevel": {"barkbands_spread": {"dmean2": 6.38570737839, "median": 12.5105676651, "min": 0.261917322874, "dvar2": 65.6832733154, "dvar": 29.8468894958, "dmean": 4.1902256012, "max": 110.053451538, "var": 151.885940552, "mean": 14.6049566269}, "melbands_spread": {"dmean2": 7.25462007523, "median": 10.5537366867, "min": 0.345553427935, "dvar2": 98.6753463745, "dvar": 42.7154426575, "dmean": 4.64321041107, "max": 164.004653931, "var": 327.657318115, "mean": 15.1270055771}, "hfc": {"dmean2": 6.38455343246, "median": 11.7631607056, "min": 1.08488138703e-16, "dvar2": 81.2961959839, "dvar": 36.7797889709, "dmean": 4.39427137375, "max": 120.426269531, "var": 161.4503479, "mean": 15.3913860321}, "barkbands_kurtosis": {"dmean2": 8.88264369965, "median": 5.50431251526, "min": -1.90156686306, "dvar2": 203.317779541, "dvar": 91.6100311279, "dmean": 5.85163879395, "max": 194.244293213, "var": 388.33807373, "mean": 13.5357789993}, "gfcc": {"mean": [-48.7524299622, 111.587738037, -108.529586792, 26.1304645538, -49.1024246216, -7.17804431915, -60.1634979248, -11.9962148666, -38.5301856995, -11.1121673584, -21.9468841553, -1.71459972858, -10.0125808716], "icov": [[0.000348167668562, -0.000916182994843, 0.000611429277342, -0.000592373777181, 0.000915858603548, -0.000820403220132, 0.00130807526875, -0.000985163496807, 0.00120433117263, -0.00101329002064, 0.00138493767008, -0.000802502385341, 0.000501192582306], [-0.000916182994843, 0.00396296707913, -0.00139712030068, 0.00201227073558, -0.00265009095892, 0.00337552069686, -0.00382818095386, 0.00362150813453, -0.00414995849133, 0.00455483747646, -0.00488959439099, 0.00334283499978, -0.00190260354429], [0.000611429277342, -0.00139712030068, 0.00228424672969, -0.00018394451763, 0.00220115249977, -0.000967868953012, 0.00152985274326, -0.00139078358188, 0.00189192814287, -0.00191113131586, 0.00215799431317, -0.00178546307143, 0.00170503079426], [-0.000592373777181, 0.00201227073558, -0.00018394451763, 0.00468793977052, -0.00082760991063, 0.000627856992651, -0.00302293547429, 0.00250758836046, -0.00408646231517, 0.00155054137576, -0.00186144118197, 0.000447793805506, -0.000114179500088], [0.000915858603548, -0.00265009095892, 0.00220115249977, -0.00082760991063, 0.00694334739819, -0.00182289152872, 0.00272017391399, -0.00311559811234, 0.00226616370492, -0.00323579693213, 0.00197310466319, -0.00211964175105, -0.000481557042804], [-0.000820403220132, 0.00337552069686, -0.000967868953012, 0.000627856992651, -0.00182289152872, 0.0115962997079, -0.00582178868353, -3.39817161148e-05, -0.0007455428713, -1.67047201103e-05, -0.00327035947703, 0.00231265090406, -0.00107320805546], [0.00130807526875, -0.00382818095386, 0.00152985274326, -0.00302293547429, 0.00272017391399, -0.00582178868353, 0.0128032276407, -0.00300089083612, -2.40424815274e-05, -0.00226707034744, 0.00358675001189, -0.00354325538501, 0.00153658411], [-0.000985163496807, 0.00362150813453, -0.00139078358188, 0.00250758836046, -0.00311559811234, -3.39817161148e-05, -0.00300089083612, 0.0086636999622, -0.00495241675526, 0.00218636938371, -0.00571454269812, 0.00546760065481, -0.00314789498225], [0.00120433117263, -0.00414995849133, 0.00189192814287, -0.00408646231517, 0.00226616370492, -0.0007455428713, -2.40424815274e-05, -0.00495241675526, 0.0165305603296, -0.00791221577674, 0.00625588744879, -0.00180383259431, 0.000651816779282], [-0.00101329002064, 0.00455483747646, -0.00191113131586, 0.00155054137576, -0.00323579693213, -1.67047201103e-05, -0.00226707034744, 0.00218636938371, -0.00791221577674, 0.021102540195, -0.00616630120203, 0.000814273022115, -0.000892458076123], [0.00138493767008, -0.00488959439099, 0.00215799431317, -0.00186144118197, 0.00197310466319, -0.00327035947703, 0.00358675001189, -0.00571454269812, 0.00625588744879, -0.00616630120203, 0.0197720453143, -0.00465373648331, 0.00193770299666], [-0.000802502385341, 0.00334283499978, -0.00178546307143, 0.000447793805506, -0.00211964175105, 0.00231265090406, -0.00354325538501, 0.00546760065481, -0.00180383259431, 0.000814273022115, -0.00465373648331, 0.0169674642384, -0.00558850355446], [0.000501192582306, -0.00190260354429, 0.00170503079426, -0.000114179500088, -0.000481557042804, -0.00107320805546, 0.00153658411, -0.00314789498225, 0.000651816779282, -0.000892458076123, 0.00193770299666, -0.00558850355446, 0.0180752947927]], "cov": [[21664.0644531, -117.473587036, -2723.63208008, 754.064453125, -818.787658691, 448.530548096, -1105.43164062, 496.924468994, -608.993713379, 104.800491333, -452.364624023, -40.9113388062, -103.072898865], [-117.473587036, 1790.58178711, 38.4861106873, -254.286117554, 180.621505737, -384.505767822, 92.0809936523, -344.070648193, 86.5761184692, -229.306503296, 103.035820007, -77.0918884277, 51.4053573608], [-2723.63208008, 38.4861106873, 1222.45483398, -228.263336182, -156.835998535, -100.768043518, 52.4157295227, -149.941574097, -24.7242965698, -26.5445995331, 4.64020586014, 28.5247077942, -70.0107727051], [754.064453125, -254.286117554, -228.263336182, 458.592987061, -44.8230133057, 100.180686951, 70.9727935791, 16.45677948, 79.1531677246, 53.9016685486, -34.2106246948, 33.8015365601, -7.73426771164], [-818.787658691, 180.621505737, -156.835998535, -44.8230133057, 332.844055176, -10.6589269638, 58.0675315857, 60.8371276855, 59.6815414429, 4.90044879913, 61.1020584106, -12.13560009, 57.9075317383], [448.530548096, -384.505767822, -100.768043518, 100.180686951, -10.6589269638, 228.57951355, 32.3217697144, 150.328887939, 1.83926856518, 73.1412506104, -6.32318019867, 4.33038711548, -0.489432126284], [-1105.43164062, 92.0809936523, 52.4157295227, 70.9727935791, 58.0675315857, 32.3217697144, 224.264938354, -0.414407193661, 100.79410553, 6.6518702507, 30.1729373932, 6.89851331711, 15.7689676285], [496.924468994, -344.070648193, -149.941574097, 16.45677948, 60.8371276855, 150.328887939, -0.414407193661, 352.639587402, 24.6771583557, 74.6671524048, 22.9016113281, -38.0340156555, 24.8301124573], [-608.993713379, 86.5761184692, -24.7242965698, 79.1531677246, 59.6815414429, 1.83926856518, 100.79410553, 24.6771583557, 153.550842285, 23.8676815033, 13.1918392181, -5.23804569244, 18.8673095703], [104.800491333, -229.306503296, -26.5445995331, 53.9016685486, 4.90044879913, 73.1412506104, 6.6518702507, 74.6671524048, 23.8676815033, 98.3817977905, 1.9085817337, 12.3334779739, 0.318652957678], [-452.364624023, 103.035820007, 4.64020586014, -34.2106246948, 61.1020584106, -6.32318019867, 30.1729373932, 22.9016113281, 13.1918392181, 1.9085817337, 92.6899719238, -1.31745529175, 14.6854228973], [-40.9113388062, -77.0918884277, 28.5247077942, 33.8015365601, -12.13560009, 4.33038711548, 6.89851331711, -38.0340156555, -5.23804569244, 12.3334779739, -1.31745529175, 88.1541900635, 11.4605865479], [-103.072898865, 51.4053573608, -70.0107727051, -7.73426771164, 57.9075317383, -0.489432126284, 15.7689676285, 24.8301124573, 18.8673095703, 0.318652957678, 14.6854228973, 11.4605865479, 75.9501571655]]}, "spectral_energyband_middle_low": {"dmean2": 0.0131982984021, "median": 0.0211712531745, "min": 1.32761869848e-22, "dvar2": 0.000347341352608, "dvar": 0.000136847040267, "dmean": 0.00826897472143, "max": 0.151220947504, "var": 0.000272781559033, "mean": 0.0237132124603}, "melbands_crest": {"dmean2": 4.15397167206, "median": 15.0526456833, "min": 1.66285598278, "dvar2": 16.0853118896, "dvar": 6.21160173416, "dmean": 2.54351305962, "max": 32.8058433533, "var": 22.1378116608, "mean": 15.3176298141}, "spectral_kurtosis": {"dmean2": 6.80855703354, "median": 5.85500526428, "min": -1.26765656471, "dvar2": 150.849746704, "dvar": 63.1354293823, "dmean": 4.20615911484, "max": 239.985778809, "var": 693.942138672, "mean": 12.6451215744}, "spectral_rms": {"dmean2": 0.00130131526385, "median": 0.00510695809498, "min": 3.13085473345e-12, "dvar2": 2.54538258559e-06, "dvar": 1.08372887553e-06, "dmean": 0.000853377569001, "max": 0.0125334868208, "var": 3.18148727274e-06, "mean": 0.00503859855235}, "zerocrossingrate": {"dmean2": 0.00919060688466, "median": 0.037109375, "min": 0.0068359375, "dvar2": 0.00016087309632, "dvar": 0.000130744112539, "dmean": 0.00783341284841, "max": 0.53515625, "var": 0.00378447119147, "mean": 0.0491781868041}, "silence_rate_60dB": {"dmean2": 0.0262761730701, "median": 0, "min": 0, "dvar2": 0.0294147226959, "dvar": 0.01296539139, "dmean": 0.0131362890825, "max": 1, "var": 0.0433576777577, "mean": 0.0454234518111}, "erbbands_kurtosis": {"dmean2": 2.19986081123, "median": -0.470919132233, "min": -1.86836564541, "dvar2": 37.903755188, "dvar": 14.980846405, "dmean": 1.42088329792, "max": 157.599746704, "var": 39.9726829529, "mean": 1.73632454872}, "erbbands": {"dmean2": [0.0296689961106, 0.353148251772, 1.96653580666, 10.2376480103, 22.833864212, 22.4233188629, 27.2848854065, 22.286190033, 8.19823360443, 6.94083356857, 15.0261011124, 18.8125514984, 26.9735107422, 11.7893342972, 12.256772995, 14.102016449, 8.07447814941, 20.9807167053, 20.3126068115, 15.0061244965, 17.012752533, 18.3302669525, 10.0014152527, 7.4053235054, 5.06190681458, 3.74527573586, 2.47826433182, 2.64237260818, 2.21795701981, 1.82300007343, 0.98890376091, 0.609335720539, 0.512033164501, 0.417591124773, 0.363047927618, 0.276674747467, 0.0574485585093, 0.00487986346707, 0.000114526163088, 2.02179071493e-05], "median": [0.00234553636983, 0.0363912656903, 0.448310554028, 6.50803470612, 19.1824645996, 31.9304790497, 32.8734970093, 22.1163139343, 5.09993553162, 2.73367238045, 4.84123897552, 2.60502338409, 1.94388055801, 5.52314901352, 5.43746900558, 6.01621198654, 3.60139203072, 11.2653827667, 12.0082273483, 7.51876878738, 10.8576793671, 12.5670404434, 7.41548013687, 4.27265977859, 2.50522780418, 1.9986076355, 1.18279480934, 0.550791144371, 0.357865929604, 0.289107561111, 0.281351864338, 0.204932123423, 0.119778499007, 0.0602894797921, 0.030038645491, 0.0137396464124, 0.00355680310167, 0.000468450947665, 2.80244403257e-05, 3.36709199473e-05], "min": [2.4227911062e-23, 1.72932901196e-22, 7.1801200728e-22, 7.52713597129e-21, 6.92864090974e-21, 2.09821648672e-20, 4.47425256816e-20, 8.19579016594e-20, 1.22491722691e-19, 2.02923211164e-19, 1.99374580487e-19, 2.42227899966e-19, 5.66226635988e-19, 5.41934564446e-19, 6.41632162135e-19, 8.99241485591e-19, 1.47067170802e-18, 2.33828511571e-18, 2.91491582265e-18, 2.8747950814e-18, 3.19991531923e-18, 4.09900543077e-18, 6.70545402247e-18, 6.50298336957e-18, 7.25011730066e-18, 7.7067590491e-18, 1.08401977916e-17, 1.04636990912e-17, 9.55816544946e-18, 1.1192368283e-17, 1.11757849661e-17, 1.10389411687e-17, 7.99765613665e-18, 8.43050403477e-18, 6.37789256785e-18, 4.15843504906e-18, 2.25653651013e-18, 9.26511976026e-19, 2.36312343665e-19, 2.68436603918e-20], "dvar2": [0.00567449908704, 0.896703004837, 31.5908565521, 362.232452393, 1553.73266602, 1084.72119141, 1228.17919922, 1028.84240723, 246.793060303, 1034.18286133, 1863.06213379, 4750.03320312, 30939.0273438, 1281.06237793, 2122.57324219, 1242.38830566, 812.686218262, 2730.40917969, 1899.99536133, 1227.2388916, 780.843444824, 1856.0279541, 310.535827637, 296.460723877, 125.911010742, 44.9585342407, 25.4152069092, 45.544254303, 22.8014812469, 21.7361373901, 6.50250959396, 1.80794835091, 1.56086266041, 2.16994857788, 3.64877796173, 2.51562333107, 0.0798229649663, 0.00039669990656, 2.02959014928e-07, 9.78204961477e-10], "dvar": [0.0028082691133, 0.383439540863, 11.0173454285, 132.614730835, 591.297729492, 494.905273438, 522.267700195, 407.433868408, 98.2082290649, 359.536712646, 730.738098145, 1850.64038086, 11361.9892578, 482.223052979, 771.230407715, 511.502349854, 341.942016602, 1054.78466797, 728.960449219, 492.787536621, 320.358673096, 805.163330078, 132.136611938, 119.54372406, 49.8657836914, 19.0031070709, 11.5539150238, 19.9032325745, 10.2789964676, 9.52057743073, 2.83038020134, 0.79927021265, 0.658965349197, 0.973944365978, 1.64592981339, 1.15328943729, 0.0412723720074, 0.000197964676772, 1.03290368259e-07, 4.34611874267e-10], "dmean": [0.0196100845933, 0.223572552204, 1.08259379864, 5.94583368301, 13.4833860397, 14.5209112167, 18.2240467072, 14.4481067657, 4.91987133026, 4.13350915909, 9.20229816437, 11.6407222748, 16.483997345, 7.35751867294, 7.67643356323, 8.74529647827, 5.12094497681, 13.2319536209, 12.7724561691, 9.47660541534, 10.8745822906, 11.6322841644, 6.54451942444, 4.81646108627, 3.35229611397, 2.44145894051, 1.68914306164, 1.77518355846, 1.46926414967, 1.16883599758, 0.657467842102, 0.406461924314, 0.334517598152, 0.270878911018, 0.23797494173, 0.188659518957, 0.0404634699225, 0.00341941276565, 8.11011486803e-05, 1.31775714181e-05], "max": [0.561699390411, 7.62010860443, 29.374162674, 153.096237183, 325.176452637, 435.61895752, 325.717895508, 273.925994873, 336.20993042, 763.259521484, 854.429870605, 1001.93438721, 3679.15356445, 792.930541992, 1147.04748535, 743.509277344, 787.467346191, 1233.3248291, 720.504333496, 662.891052246, 503.132019043, 1915.74731445, 280.835845947, 544.000854492, 205.374893188, 87.091293335, 106.288627625, 200.971847534, 99.7027359009, 130.693313599, 56.2072944641, 35.3011627197, 29.6649589539, 37.5290374756, 41.0434951782, 33.7419013977, 6.4381275177, 0.386056363583, 0.00929452292621, 0.000452190550277], "var": [0.00339129404165, 0.378998875618, 6.68135356903, 144.68258667, 1134.50219727, 1682.11889648, 1751.38842773, 913.450195312, 128.25, 380.948791504, 940.527832031, 2629.21118164, 20491.7734375, 705.360107422, 1097.4588623, 1154.02807617, 766.475097656, 1785.93432617, 2339.66918945, 1209.53417969, 1270.17663574, 1775.98144531, 336.327606201, 292.47265625, 151.34552002, 63.5967483521, 40.7070999146, 63.0114822388, 39.9317512512, 28.1425819397, 10.2414112091, 3.07124328613, 2.11389994621, 2.62035799026, 4.28755664825, 3.57237768173, 0.142349004745, 0.000610420072917, 3.39989441045e-07, 1.35507682852e-09], "mean": [0.0203289519995, 0.224863514304, 1.06693398952, 10.3053922653, 29.3103561401, 42.9333496094, 44.5390510559, 30.5351409912, 8.00053501129, 5.82473945618, 12.9670286179, 15.7444801331, 22.957654953, 11.2095155716, 12.3136396408, 15.0204610825, 9.05149936676, 22.8044261932, 25.8067131042, 19.2262516022, 22.4190425873, 22.2959842682, 13.6615467072, 9.82685184479, 7.0819439888, 4.99868535995, 3.14359164238, 2.89618086815, 2.29135680199, 1.74078559875, 1.1868070364, 0.843256115913, 0.71603924036, 0.558694303036, 0.436652630568, 0.34094402194, 0.0740063488483, 0.00601559877396, 0.00015570713731, 4.01840843551e-05]}, "spectral_strongpeak": {"dmean2": 0.621536374092, "median": 0.795833706856, "min": 0, "dvar2": 0.850293457508, "dvar": 0.336098879576, "dmean": 0.368816226721, "max": 11.8275117874, "var": 0.583260655403, "mean": 0.912387311459}, "spectral_energy": {"dmean2": 0.0153843397275, "median": 0.0267330463976, "min": 1.00473073051e-20, "dvar2": 0.00048438081285, "dvar": 0.000191953353351, "dmean": 0.00978181883693, "max": 0.161015510559, "var": 0.000347467226675, "mean": 0.0292831510305}, "average_loudness": 0.888347268105, "spectral_rolloff": {"dmean2": 622.589660645, "median": 409.130859375, "min": 107.666015625, "dvar2": 1683648.125, "dvar": 736215.25, "dmean": 364.955963135, "max": 19530.6152344, "var": 5701742.5, "mean": 1215.97924805}, "spectral_centroid": {"dmean2": 274.384918213, "median": 734.055175781, "min": 187.512680054, "dvar2": 131077.953125, "dvar": 65680.78125, "dmean": 180.23210144, "max": 11618.1630859, "var": 1531216.625, "mean": 946.691711426}, "pitch_salience": {"dmean2": 0.0995218157768, "median": 0.616210699081, "min": 0.15969389677, "dvar2": 0.00926566775888, "dvar": 0.00355752650648, "dmean": 0.0606353841722, "max": 0.831616640091, "var": 0.0116859441623, "mean": 0.601603329182}, "spectral_energyband_middle_high": {"dmean2": 0.00165021570865, "median": 0.00218361779116, "min": 1.21156554631e-21, "dvar2": 8.82916538103e-06, "dvar": 3.80563983526e-06, "dmean": 0.00112500740215, "max": 0.046557623893, "var": 1.52172697199e-05, "mean": 0.00330143072642}, "spectral_contrast_coeffs": {"dmean2": [0.0819107219577, 0.0748896002769, 0.0627375468612, 0.0475353747606, 0.0362216345966, 0.0307042282075], "median": [-0.466313362122, -0.678167581558, -0.782892167568, -0.774142324924, -0.787894487381, -0.778203129768], "min": [-0.980822145939, -0.97785705328, -0.980121433735, -0.970158696175, -0.967661261559, -0.963839352131], "dvar2": [0.00524308439344, 0.0039847958833, 0.00262541952543, 0.00139918678906, 0.000898747588508, 0.00077210937161], "dvar": [0.00221609487198, 0.00153352587949, 0.00102749373764, 0.000562846311368, 0.000372636335669, 0.000337941542966], "dmean": [0.0511149764061, 0.0474643819034, 0.0387101061642, 0.0296248774976, 0.0224348846823, 0.0196895748377], "max": [-0.194689050317, -0.403783977032, -0.402324229479, -0.526754617691, -0.587735295296, -0.604493021965], "var": [0.0157165247947, 0.0062513933517, 0.0049168295227, 0.00337027851492, 0.00213536154479, 0.00271016103216], "mean": [-0.471293985844, -0.68506872654, -0.77509278059, -0.772982358932, -0.790258944035, -0.782354950905]}, "melbands_skewness": {"dmean2": 1.28124570847, "median": 3.56908345222, "min": -1.0188024044, "dvar2": 1.76447165012, "dvar": 0.746226489544, "dmean": 0.828209161758, "max": 13.298491478, "var": 3.55344891548, "mean": 3.70939803123}, "spectral_spread": {"dmean2": 822566.8125, "median": 3753614.25, "min": 465412.34375, "dvar2": 1411749773310.0, "dvar": 848182312960, "dmean": 596052.4375, "max": 42665512, "var": 19539150503900.0, "mean": 4344322}, "dissonance": {"dmean2": 0.0250776279718, "median": 0.466447502375, "min": 0.140177056193, "dvar2": 0.000591406831518, "dvar": 0.000238587788772, "dmean": 0.0154238948599, "max": 0.500000119209, "var": 0.00170790869743, "mean": 0.455179423094}, "spectral_skewness": {"dmean2": 0.57066565752, "median": 1.82230746746, "min": -0.0771287307143, "dvar2": 0.481737226248, "dvar": 0.220284715295, "dmean": 0.371822327375, "max": 13.391494751, "var": 3.0712864399, "mean": 2.24076128006}, "spectral_flux": {"dmean2": 0.0384985618293, "median": 0.0578429922462, "min": 6.07578640177e-11, "dvar2": 0.00198227073997, "dvar": 0.00101018161513, "dmean": 0.0247926972806, "max": 0.322077661753, "var": 0.00217227800749, "mean": 0.0695667117834}, "spectral_contrast_valleys": {"dmean2": [0.758074223995, 0.588865578175, 0.542171299458, 0.449273020029, 0.411154806614, 0.435020148754], "median": [-7.94862508774, -6.83756065369, -7.78198575974, -7.80562925339, -7.73465824127, -10.653421402], "min": [-28.5488510132, -28.0522956848, -27.8713779449, -27.7566642761, -27.6226577759, -27.3721179962], "dvar2": [0.434613794088, 0.322948485613, 0.274914175272, 0.206449270248, 0.209643989801, 0.277989119291], "dvar": [0.212916061282, 0.169610768557, 0.149692922831, 0.123766981065, 0.13925217092, 0.17257809639], "dmean": [0.472362905741, 0.377541720867, 0.355309069157, 0.299636691809, 0.302550137043, 0.347443819046], "max": [-5.39963150024, -5.00400686264, -5.56340789795, -6.00302839279, -5.91275787354, -8.03569984436], "var": [5.56479692459, 5.72177553177, 5.34673786163, 5.59349918365, 5.77789115906, 4.68407011032], "mean": [-8.21822166443, -7.12392950058, -8.04961299896, -8.24530982971, -8.19832706451, -10.9918279648]}, "erbbands_flatness_db": {"dmean2": 0.0259383544326, "median": 0.180292651057, "min": 0.065226726234, "dvar2": 0.000658942852169, "dvar": 0.000355435622623, "dmean": 0.0193913467228, "max": 0.465098291636, "var": 0.00433848425746, "mean": 0.193235203624}, "spectral_energyband_high": {"dmean2": 0.000243230184424, "median": 0.000125879363623, "min": 7.03749836303e-21, "dvar2": 2.46871195486e-07, "dvar": 1.27923598825e-07, "dmean": 0.000173691863893, "max": 0.0112079940736, "var": 6.53787026295e-07, "mean": 0.000388804619433}, "spectral_entropy": {"dmean2": 0.287143290043, "median": 7.22727489471, "min": 3.87121272087, "dvar2": 0.099737919867, "dvar": 0.0556105300784, "dmean": 0.216060355306, "max": 9.81827354431, "var": 0.756328999996, "mean": 7.02247619629}, "silence_rate_20dB": {"dmean2": 0, "median": 1, "min": 1, "dvar2": 0, "dvar": 0, "dmean": 0, "max": 1, "var": 0, "mean": 1}, "melbands_flatness_db": {"dmean2": 0.039070494473, "median": 0.248260468245, "min": 0.00322687136941, "dvar2": 0.00149789161514, "dvar": 0.000796781911049, "dmean": 0.027970103547, "max": 0.686476290226, "var": 0.0119337718934, "mean": 0.268386334181}, "barkbands": {"dmean2": [0.000110923516331, 0.00131238333415, 0.00216318457387, 0.00531184719875, 0.00639470666647, 0.00326370005496, 0.000475974025903, 0.000534614315256, 0.000894196506124, 0.00061808823375, 0.000423910852987, 0.000307740730932, 0.000199270099984, 0.000488556397613, 0.000324641616317, 0.000319068640238, 0.000374903931515, 0.000168741651578, 0.000126114711748, 7.79522379162e-05, 6.26514811302e-05, 6.07898218732e-05, 3.74145529349e-05, 2.88553255814e-05, 4.13174457208e-05, 4.33353852713e-05, 8.38740220388e-07], "median": [3.15625948133e-05, 0.000112967391033, 0.000338337034918, 0.00358888180926, 0.00935217365623, 0.00364031409845, 0.000202356473892, 0.000176152490894, 0.000100367280538, 5.93785589444e-05, 0.000117556890473, 0.000128114101244, 6.224810204e-05, 0.000239368018811, 0.00014491318143, 0.000163698248798, 0.000229366851272, 0.000102958983916, 6.2944367528e-05, 3.87801374018e-05, 1.78279806278e-05, 9.58584769251e-06, 9.857330042e-06, 8.42995905259e-06, 4.78371248391e-06, 2.46984609475e-06, 7.0190729673e-08], "min": [2.15023810544e-25, 6.17151918564e-25, 5.03152297948e-25, 1.24620084566e-24, 6.58027456343e-24, 9.4994180556e-24, 7.55468501989e-24, 8.75838342048e-24, 1.03987541974e-23, 1.47110268371e-23, 1.69390540234e-23, 1.38591675e-23, 1.3513813662e-23, 4.36585033684e-23, 4.08326773881e-23, 4.65890963877e-23, 4.83434062895e-23, 1.16789796789e-22, 1.33861289514e-22, 1.60059158228e-22, 2.72866886142e-22, 2.56388528465e-22, 4.08595087563e-22, 5.88565663019e-22, 8.78692194678e-22, 1.19169109826e-21, 2.03810598246e-21], "dvar2": [1.98617460256e-08, 1.15420552902e-05, 3.7595294998e-05, 9.21202081372e-05, 8.61519511091e-05, 1.79085509444e-05, 1.64874495567e-06, 2.22331800614e-06, 9.51326910581e-06, 1.54833687702e-05, 2.94621463581e-06, 5.88550108205e-07, 5.10149334332e-07, 1.22173742056e-06, 6.22573679721e-07, 3.20983446045e-07, 5.98219912717e-07, 8.74750725188e-08, 8.71532179758e-08, 1.90175324377e-08, 2.2285584933e-08, 1.5615484017e-08, 8.44432168634e-09, 4.10126288486e-09, 3.33150964593e-08, 5.45029799071e-08, 1.08492806752e-11], "dvar": [7.7219288741e-09, 5.28642704012e-06, 1.30087119032e-05, 3.37445017067e-05, 3.58467223123e-05, 7.14242560207e-06, 6.28181169304e-07, 8.56682504491e-07, 3.67938719137e-06, 5.48249454368e-06, 1.06560901258e-06, 2.48148580795e-07, 2.07657024021e-07, 4.66471959726e-07, 2.41892990971e-07, 1.354868715e-07, 2.57059582509e-07, 3.82492864048e-08, 3.50769617796e-08, 8.17520451335e-09, 1.02856452244e-08, 7.2310095689e-09, 3.85662701774e-09, 1.80705528319e-09, 1.54323966939e-08, 2.63208779216e-08, 4.52204766688e-12], "dmean": [6.51642112643e-05, 0.000849537900649, 0.00117516063619, 0.00309816631489, 0.00400465819985, 0.00216027908027, 0.000282209133729, 0.000323725253111, 0.000553271383978, 0.000373458315153, 0.000264370639343, 0.000192641920876, 0.000124403915834, 0.000303214590531, 0.000203768999199, 0.000205103540793, 0.000235449595493, 0.000109710417746, 8.14728045953e-05, 5.07768090756e-05, 4.2785624828e-05, 3.97868388973e-05, 2.47323096119e-05, 1.91037870536e-05, 2.7248317565e-05, 2.98592076433e-05, 5.41984320535e-07], "max": [0.00166435912251, 0.0275385025889, 0.0332962423563, 0.0908316522837, 0.0856623351574, 0.0343172028661, 0.0250456444919, 0.0304105971009, 0.0323179252446, 0.0811275318265, 0.0393980033696, 0.014847301878, 0.0149375982583, 0.0211978461593, 0.0125771919265, 0.012297231704, 0.0301368553191, 0.00470775691792, 0.00878833048046, 0.00197721342556, 0.00441440334544, 0.00263353646733, 0.00208702380769, 0.00141522008926, 0.0040220269002, 0.00462597934529, 6.92564135534e-05], "var": [8.25677926031e-09, 5.86943042435e-06, 7.69972211856e-06, 4.13258749177e-05, 9.90653206827e-05, 1.8864939193e-05, 7.57151155995e-07, 1.08801918941e-06, 5.72610588279e-06, 8.73441967997e-06, 1.51074129917e-06, 5.96452878199e-07, 4.26238557338e-07, 8.28595830171e-07, 6.51782329442e-07, 6.09270671248e-07, 5.76527384055e-07, 1.02957621095e-07, 9.00785082081e-08, 3.06538687767e-08, 3.46809692076e-08, 2.79358403077e-08, 1.41592737535e-08, 6.50735954011e-09, 4.21163015574e-08, 9.08783093223e-08, 8.6707993216e-12], "mean": [6.33754243609e-05, 0.000876735080965, 0.00104722520337, 0.00552305253223, 0.0114872949198, 0.00477375183254, 0.000381876830943, 0.