{"tonal": {"thpcp": [1, 0.549497246742, 0.173886701465, 0.13903003931, 0.160937696695, 0.355874150991, 0.463099181652, 0.288811415434, 0.163677632809, 0.146900132298, 0.166605994105, 0.345626920462, 0.41652789712, 0.270659595728, 0.329665392637, 0.36594709754, 0.208820804954, 0.147143825889, 0.158671021461, 0.263192415237, 0.719747960567, 0.850210547447, 0.406552046537, 0.172645613551, 0.150385424495, 0.171293780208, 0.321537405252, 0.395076334476, 0.261716097593, 0.226532518864, 0.223084211349, 0.157346218824, 0.217277571559, 0.287724047899, 0.269620269537, 0.678300321102], "hpcp": {"dmean2": [0.230069279671, 0.19336733222, 0.121223524213, 0.114163383842, 0.127263873816, 0.150407582521, 0.162087842822, 0.132858082652, 0.111879460514, 0.106348752975, 0.107382059097, 0.132255479693, 0.156853079796, 0.179176717997, 0.233373776078, 0.225705042481, 0.208451241255, 0.129390314221, 0.102927275002, 0.113974355161, 0.158573687077, 0.190482795238, 0.160421937704, 0.129848122597, 0.120817668736, 0.126543864608, 0.166490495205, 0.172802582383, 0.145937383175, 0.143748894334, 0.138541847467, 0.113266818225, 0.0970991104841, 0.114708349109, 0.179493412375, 0.239978462458], "median": [0.283586144447, 0.113327071071, 0.0168089792132, 0.0120119359344, 0.0149068366736, 0.039862729609, 0.048962585628, 0.0347168110311, 0.0170957408845, 0.0129872085527, 0.0110885081813, 0.027564112097, 0.0394493490458, 0.048414003104, 0.243353396654, 0.359785914421, 0.187634468079, 0.0168124586344, 0.0102193029597, 0.0158685874194, 0.0690524727106, 0.0970841795206, 0.0531642064452, 0.0130636170506, 0.00983782019466, 0.0150203034282, 0.0469312407076, 0.0585338398814, 0.0514183714986, 0.0400776341558, 0.0366446152329, 0.0238315742463, 0.0162059403956, 0.0158839076757, 0.0446896031499, 0.215071886778], "min": [0, 0, 0, 0, 0, 0, 0, 0, 0, 0, 0, 0, 0, 0, 0, 0, 0, 0, 0, 0, 0, 0, 0, 0, 0, 0, 0, 0, 0, 0, 0, 0, 0, 0, 0, 0], "dvar2": [0.0839436799288, 0.0735722258687, 0.0594984851778, 0.0635268911719, 0.0702222883701, 0.0673569589853, 0.0764837190509, 0.0560852885246, 0.0537362508476, 0.0549579747021, 0.0527381561697, 0.0641275420785, 0.0725898891687, 0.081297673285, 0.0853621810675, 0.092187486589, 0.0729855149984, 0.0565323866904, 0.0500913858414, 0.0572092272341, 0.0612765364349, 0.0792439579964, 0.0709001123905, 0.0730716735125, 0.0726338177919, 0.0655125677586, 0.0775012001395, 0.0781814754009, 0.0602085106075, 0.059778239578, 0.0603346340358, 0.0465603917837, 0.0454932451248, 0.0590381510556, 0.0840907543898, 0.0913928151131], "dvar": [0.0354497283697, 0.0268425624818, 0.0216618273407, 0.0229566209018, 0.0257348418236, 0.0259716585279, 0.0309885442257, 0.0209722276777, 0.0203737635165, 0.0208074226975, 0.0186820272356, 0.0233867522329, 0.028383102268, 0.0296657569706, 0.0321654528379, 0.0400221124291, 0.0276025924832, 0.0210451353341, 0.0181839969009, 0.020866105333, 0.0242474861443, 0.0321423299611, 0.0259913541377, 0.0260973535478, 0.02625275217, 0.0238649025559, 0.0301789175719, 0.0310972686857, 0.0223857536912, 0.0229075308889, 0.0243734717369, 0.0169710125774, 0.0161645114422, 0.0210516750813, 0.0299691502005, 0.0358544811606], "dmean": [0.141211569309, 0.113474093378, 0.0682768002152, 0.0637680366635, 0.0713211745024, 0.0900320112705, 0.0982142090797, 0.0784459486604, 0.0647742375731, 0.0616304501891, 0.0602489672601, 0.076500326395, 0.0921979621053, 0.102487511933, 0.139460608363, 0.136115625501, 0.123179249465, 0.073087759316, 0.0579396486282, 0.0655819550157, 0.0973312482238, 0.116043351591, 0.0932301208377, 0.0720656961203, 0.0663932487369, 0.0714745819569, 0.0979251265526, 0.102982826531, 0.0846895352006, 0.0852903276682, 0.083807349205, 0.0661662966013, 0.055226534605, 0.0647019818425, 0.101660087705, 0.143371403217], "max": [1, 1, 1, 1, 1, 1, 1, 1, 1, 1, 1, 1, 1, 1, 1, 1, 1, 1, 1, 1, 1, 1, 1, 1, 1, 1, 1, 1, 1, 1, 1, 1, 1, 1, 1, 1], "var": [0.125106975436, 0.0450861342251, 0.0298646390438, 0.0265229512006, 0.0302746426314, 0.0528524927795, 0.0782204344869, 0.0365063585341, 0.0476092770696, 0.0512793175876, 0.0241335723549, 0.0333853028715, 0.0496971271932, 0.036176700145, 0.0787748172879, 0.157930999994, 0.0586879886687, 0.0259010586888, 0.0223089698702, 0.025559425354, 0.051173415035, 0.0745645463467, 0.0378034003079, 0.0292867068201, 0.0272859651595, 0.0266792718321, 0.058609969914, 0.0782934874296, 0.0323709920049, 0.0576952397823, 0.0750927254558, 0.0271592754871, 0.0223094839603, 0.0246954634786, 0.0352975055575, 0.106860682368], "mean": [0.398155540228, 0.190389245749, 0.0808503329754, 0.070425838232, 0.0802172645926, 0.1505766958, 0.185015141964, 0.122562251985, 0.106085695326, 0.104470841587, 0.0736855939031, 0.101751580834, 0.134741827846, 0.126263782382, 0.317649573088, 0.468302279711, 0.257330805063, 0.0814315378666, 0.0651080831885, 0.075367487967, 0.166656672955, 0.216870397329, 0.135251045227, 0.0766506120563, 0.068793669343, 0.0780219659209, 0.161857873201, 0.195060968399, 0.12675049901, 0.154383048415, 0.171373859048, 0.097791261971, 0.068907789886, 0.0743060037494, 0.12325360626, 0.337059617043]}, "tuning_equal_tempered_deviation": 0.079328276217, "chords_changes_rate": 0.0426985472441, "key_key": "D", "tuning_diatonic_strength": 0.62788015604, "key_scale": "major", "chords_number_rate": 0.00113862799481, "tuning_frequency": 442.293365479, "tuning_nontempered_energy_ratio": 0.667212724686, "chords_histogram": [45.7443771362, 0.0711642503738, 15.7130661011, 0.982066631317, 0, 0.469684034586, 0.056931398809, 0.0142328497022, 0.056931398809, 0.0853970944881, 0, 0.270424127579, 0.128095641732, 0, 0.099629946053, 1.11016225815, 0.29888984561, 4.1559920311, 0, 3.64360952377, 6.43324804306, 0.099629946053, 10.148021698, 10.4184455872], "key_strength": 0.875461637974, "chords_key": "D", "chords_strength": {"dmean2": 0.0068973461166, "median": 0.537165284157, "min": 0.282452315092, "dvar2": 4.97845139762e-05, "dvar": 4.90552884003e-05, "dmean": 0.00783383194357, "max": 0.741054534912, "var": 0.00667543523014, "mean": 0.531020581722}, "chords_scale": "major", "hpcp_entropy": {"dmean2": 0.891615211964, "median": 1.86291587353, "min": 0, "dvar2": 0.607508897781, "dvar": 0.241143867373, "dmean": 0.543480992317, "max": 4.58143615723, "var": 0.713976085186, "mean": 1.86373460293}}, "metadata": {"audio_properties": {"equal_loudness": 0, "codec": "mp3", "downmix": "mix", "sample_rate": 44100, "analysis_sample_rate": 44100, "bit_rate": 228544, "md5_encoded": "fb4f87f8f1990ebaad5be7bf1392604d", "length": 326.217132568, "replay_gain": -7.23273086548, "lossless": false}, "version": {"essentia_build_sha": "70f2e5ece6736b2c40cc944ad0e695b16b925413", "essentia": "2.1-beta2", "extractor": "music 1.0", "essentia_git_sha": "v2.1_beta2"}, "tags": {"title": ["Auschwitz"], "artist": ["Francesco Guccini"], "albumartist": ["Francesco Guccini"], "date": ["1998"], "file_name": "206558.mp3", "album": ["Quasi Come Dumas..."], "tracknumber": ["2"], "musicbrainz_recordingid": ["1c6dd7da-07c3-45b3-87eb-2ce8831ca60e"]}}, "rhythm": {"bpm_histogram_first_peak_bpm": {"dmean2": 0, "median": 123, "min": 123, "dvar2": 0, "dvar": 0, "dmean": 0, "max": 123, "var": 0, "mean": 123}, "bpm": 122.165420532, "bpm_histogram_second_peak_spread": {"dmean2": 0, "median": 0.239669442177, "min": 0.239669442177, "dvar2": 0, "dvar": 0, "dmean": 0, "max": 0.239669442177, "var": 0, "mean": 0.239669442177}, "bpm_histogram_first_peak_weight": {"dmean2": 0, "median": 0.377880185843, "min": 0.377880185843, "dvar2": 0, "dvar": 0, "dmean": 0, "max": 0.377880185843, "var": 0, "mean": 0.377880185843}, "onset_rate": 3.30749511719, "beats_position": [0.568888902664, 1.14938771725, 1.72988653183, 2.31038546562, 2.89088439941, 3.45977306366, 4.01705217361, 4.5627207756, 5.10838985443, 5.66566896439, 6.21133756638, 6.76861667633, 7.32589578629, 7.85995435715, 8.39401340485, 8.93968200684, 9.4853515625, 10.0310201645, 10.5766887665, 11.1223583221, 11.656416893, 12.1904764175, 12.7245349884, 13.2469835281, 13.7694330215, 14.2918815613, 14.8143310547, 15.3135595322, 15.8243989944, 16.3236274719, 16.8344669342, 17.3453063965, 17.8677539825, 18.390203476, 18.9126529694, 19.4815406799, 20.0504302979, 20.6193199158, 21.1882076263, 21.7570972443, 22.3259868622, 22.8948745728, 23.4637641907, 24.0558719635, 24.6479816437, 25.2516994476, 25.774148941, 26.2965984344, 26.8190479279, 27.3298854828, 27.8407249451, 28.3515644073, 28.8624038696, 29.3732414246, 29.8840808868, 30.3949203491, 30.9173698425, 31.3701572418, 31.8229465485, 32.264125824, 32.7053070068, 33.1580963135, 33.5992736816, 34.0404510498, 34.5629005432, 35.0853500366, 35.5961914062, 36.1070289612, 36.6294784546, 37.151927948, 37.6627655029, 38.1736030579, 38.6844444275, 39.1952819824, 39.7061233521, 40.2285690308, 40.7394104004, 41.2618598938, 41.7726974487, 42.2835350037, 42.7943763733, 43.3052139282, 43.8044433594, 44.3152809143, 44.8145103455, 45.3253517151, 45.8245811462, 46.3238105774, 46.8346481323, 47.3454856873, 47.8563270569, 48.3671646118, 48.8780021667, 49.3888435364, 49.8996810913, 50.4105224609, 50.9097480774, 51.420589447, 51.9198188782, 52.4306564331, 52.941493988, 53.4523353577, 53.9747848511, 54.4972343445, 55.0196800232, 55.5421295166, 56.0529708862, 56.5638084412, 57.0746459961, 57.5854873657, 58.0963249207, 58.5955543518, 59.094783783, 59.5940132141, 60.0932426453, 60.5924720764, 61.0800895691, 61.5793190002, 62.0669364929, 62.5777778625, 63.0770072937, 63.5762329102, 64.0870742798, 64.5979156494, 65.1087493896, 65.6195907593, 66.1188201904, 66.6180496216, 67.1288909912, 67.6281204224, 68.1273422241, 68.6149673462, 69.1141967773, 69.6134262085, 70.1242599487, 70.6234893799, 71.1343307495, 71.6335601807, 72.1211776733, 72.608795166, 73.1196365356, 73.6304779053, 74.1413116455, 74.6521530151, 75.1745986938, 75.6854400635, 76.1846694946, 76.6838989258, 77.1831283569, 77.6939697266, 78.2048034668, 78.7156448364, 79.2148742676, 79.7141036987, 80.2249450684, 80.7357788086, 81.2582321167, 81.7574615479, 82.256690979, 82.7559204102, 83.2551422119, 83.7659835815, 84.2652130127, 84.7644424438, 85.263671875, 85.7512893677, 86.2621307373, 86.7729721069, 87.2838058472, 87.7946472168, 88.2938766479, 88.8047180176, 89.3039474487, 89.8031692505, 90.3023986816, 90.8132400513, 91.3124694824, 91.8233108521, 92.3225402832, 92.8333740234, 93.3442153931, 93.8434448242, 94.3426742554, 94.853515625, 95.3643493652, 95.8635787964, 96.3628082275, 96.8620376587, 97.3612670898, 97.8721084595, 98.3713378906, 98.8705673218, 99.3697967529, 99.8806304932, 100.391471863, 100.890701294, 101.389930725, 101.889160156, 102.376777649, 102.87600708, 103.375236511, 103.862854004, 104.373695374, 104.872924805, 105.372154236, 105.871383667, 106.370613098, 106.869842529, 107.36907196, 107.856689453, 108.355918884, 108.855148315, 109.342765808, 109.841995239, 110.34122467, 110.840454102, 111.339683533, 111.838912964, 112.338134766, 112.825759888, 113.31337738, 113.812606812, 114.311836243, 114.811065674, 115.310295105, 115.809524536, 116.308753967, 116.807983398, 117.3072052, 117.81804657, 118.305664062, 118.793289185, 119.280906677, 119.780136108, 120.27936554, 120.778594971, 121.266212463, 121.753829956, 122.253059387, 122.752288818, 123.239906311, 123.739135742, 124.226753235, 124.725982666, 125.225212097, 125.736053467, 126.246894836, 126.757728577, 127.268569946, 127.779411316, 128.278640747, 128.777862549, 129.265487671, 129.753097534, 130.240722656, 130.728347778, 131.22756958, 131.726806641, 132.226028442, 132.725265503, 133.212875366, 133.712112427, 134.211334229, 134.710571289, 135.209793091, 135.720626831, 136.219863892, 136.719085693, 137.229934692, 137.729156494, 138.228393555, 138.716003418, 139.215240479, 139.71446228, 140.213699341, 140.712921143, 141.212158203, 141.711380005, 142.210617065, 142.698226929, 143.185852051, 143.673461914, 144.172698975, 144.660308838, 145.136322021, 145.612335205, 146.088348389, 146.564346313, 147.040359497, 147.527984619, 148.027206421, 148.526443481, 149.014053345, 149.513290405, 150.000900269, 150.488525391, 150.987747192, 151.486984253, 151.974594116, 152.462219238, 152.94984436, 153.437454224, 153.925079346, 154.424301147, 154.923538208, 155.411148071, 155.910385132, 156.409606934, 156.897232056, 157.384857178, 157.872467041, 158.383300781, 158.89414978, 159.381759644, 159.869384766, 160.357009888, 160.844619751, 161.35546875, 161.854690552, 162.353912354, 162.841537476, 163.340774536, 163.839996338, 164.32762146, 164.815231323, 165.302856445, 165.790466309, 166.278091431, 166.765716553, 167.264938354, 167.752563477, 168.251785278, 168.751022339, 169.238632202, 169.737869263, 170.225479126, 170.713104248, 171.20072937, 171.688339233, 172.175964355, 172.663574219, 173.151199341, 173.638824463, 174.126434326, 174.614059448, 175.101669312, 175.589294434, 176.076919556, 176.564529419, 177.052154541, 177.539764404, 178.027389526, 178.515014648, 179.002624512, 179.490249634, 179.977859497, 180.465484619, 180.953109741, 181.440719604, 181.928344727, 182.41595459, 182.903579712, 183.391204834, 183.890426636, 184.366439819, 184.854049683, 185.341674805, 185.829299927, 186.31690979, 186.804534912, 187.292144775, 187.779769897, 188.26739502, 188.755004883, 189.242630005, 189.741851807, 190.241088867, 190.751922607, 191.239547729, 191.727157593, 192.226394653, 192.725616455, 193.1900177, 193.666030884, 194.142044067, 194.629653931, 195.117279053, 195.604888916, 196.092514038, 196.58013916, 197.067749023, 197.555374146, 198.042984009, 198.530609131, 199.018234253, 199.505844116, 199.993469238, 200.49269104, 200.991928101, 201.467926025, 201.943939209, 202.431564331, 202.919174194, 203.395187378, 203.871200562, 204.358810425, 204.846435547, 205.345672607, 205.844894409, 206.344116211, 206.843353271, 207.330978394, 207.818588257, 208.306213379, 208.793823242, 209.281448364, 209.769073486, 210.25668335, 210.75592041, 211.255142212, 211.742767334, 212.230377197, 212.718002319, 213.217224121, 213.716461182, 214.215682983, 214.703308105, 215.202529907, 215.690155029, 216.177780151, 216.665390015, 217.153015137, 217.652236938, 218.139862061, 218.627471924, 219.126708984, 219.625930786, 220.125167847, 220.61277771, 221.100402832, 221.588027954, 222.075637817, 222.563262939, 223.050872803, 223.538497925, 224.037734985, 224.525344849, 225.024581909, 225.512191772, 225.999816895, 226.487426758, 226.97505188, 227.462677002, 227.938674927, 228.41468811, 228.902313232, 229.366714478, 229.854324341, 230.330337524, 230.829559326, 231.328796387, 231.839630127, 232.350479126, 232.861312866, 233.360534668, 233.859771729, 234.335784912, 234.823394775, 235.311019897, 235.798629761, 236.286254883, 236.773880005, 237.273101807, 237.772338867, 238.25994873, 238.759185791, 239.258407593, 239.757644653, 240.256866455, 240.756088257, 241.255325317, 241.742950439, 242.230560303, 242.718185425, 243.205795288, 243.705032349, 244.181045532, 244.668655396, 245.156280518, 245.643890381, 246.131515503, 246.619140625, 247.106750488, 247.59437561, 248.070373535, 248.546386719, 249.034011841, 249.521621704, 250.009246826, 250.496871948, 250.972869873, 251.448883057, 251.936508179, 252.424118042, 252.911743164, 253.399353027, 253.886978149, 254.374603271, 254.850601196, 255.32661438, 255.814239502, 256.301849365, 256.789459229, 257.277099609, 257.77633667, 258.275543213, 258.763183594, 259.250793457, 259.73840332, 260.226013184, 260.713653564, 261.201263428, 261.688873291, 262.176513672, 262.664123535, 263.151733398, 263.639373779, 264.138580322, 264.626220703, 265.113830566, 265.60144043, 266.10067749, 266.588287354, 267.075927734, 267.563537598, 268.051147461, 268.527160645, 269.014770508, 269.502410889, 270.001617432, 270.489257812, 270.976867676, 271.464477539, 271.95211792, 272.439727783, 272.915740967, 273.39175415, 273.879364014, 274.366973877, 274.842987061, 275.330596924, 275.818237305, 276.305847168, 276.805084229, 277.292694092, 277.791931152, 278.267944336, 278.755554199, 279.243164062, 279.742401123, 280.241638184, 280.729248047, 281.21685791, 281.704498291, 282.192108154, 282.668121338, 283.144134521, 283.631744385, 284.119354248, 284.606964111, 285.094604492, 285.570617676, 286.069824219, 286.5574646, 287.045074463, 287.532684326, 288.020324707, 288.51953125, 289.007171631, 289.494781494, 289.994018555, 290.481628418, 290.969238281, 291.468475342, 291.967712402, 292.466918945, 292.942932129, 293.43057251, 293.918182373, 294.405792236, 294.893432617, 295.38104248, 295.857055664, 296.333068848, 296.820678711, 297.308288574, 297.795898438, 298.271911621, 298.759552002, 299.258758545, 299.746398926, 300.222412109, 300.698394775, 301.174407959, 301.650421143, 302.138031006, 302.625671387, 303.11328125, 303.600891113, 304.088531494, 304.564544678, 305.052154541, 305.528167725, 306.015777588, 306.503387451, 306.991027832, 307.478637695, 307.977874756, 308.465484619, 308.96472168, 309.4871521, 310.009613037, 310.532043457, 311.077728271, 311.635009766, 312.145843506, 312.656677246, 313.155914307, 313.655151367, 314.15435791, 314.653594971, 315.152832031, 315.652069092, 316.139678955, 316.638916016, 317.138122559, 317.625762939, 318.124969482, 318.624206543, 319.123443604, 319.657501221, 320.191558838, 320.725616455, 321.248077393, 321.770507812, 322.29296875, 322.827026367, 323.361083984, 323.895141602, 324.440795898, 324.986480713, 325.52053833], "beats_loudness": {"dmean2": 0.0268304180354, "median": 0.0137204304338, "min": 0.000120884724311, "dvar2": 0.000760610797442, "dvar": 0.000267464085482, "dmean": 0.0147381396964, "max": 0.142639935017, "var": 0.000372866808902, "mean": 0.0200874395669}, "danceability": 1.0025613308, "bpm_histogram_second_peak_weight": {"dmean2": 0, "median": 0.141321048141, "min": 0.141321048141, "dvar2": 0, "dvar": 0, "dmean": 0, "max": 0.141321048141, "var": 0, "mean": 0.141321048141}, "beats_count": 652, "bpm_histogram_second_peak_bpm": {"dmean2": 0, "median": 117, "min": 117, "dvar2": 0, "dvar": 0, "dmean": 0, "max": 117, "var": 0, "mean": 117}, "bpm_histogram_first_peak_spread": {"dmean2": 0, "median": 0.484276771545, "min": 0.484276771545, "dvar2": 0, "dvar": 0, "dmean": 0, "max": 0.484276771545, "var": 0, "mean": 0.484276771545}, "beats_loudness_band_ratio": {"dmean2": [0.306954711676, 0.248171463609, 0.246605157852, 0.139333829284, 0.0844104066491, 0.144065946341], "median": [0.273983448744, 0.21723254025, 0.168395757675, 0.069021999836, 0.0561814904213, 0.0539789684117], "min": [0.000487910612719, 0.00464681489393, 0.0100065357983, 0.00598456943408, 0.00197541154921, 0.000600581231993], "dvar2": [0.0665997639298, 0.0470477752388, 0.0423215217888, 0.0278228670359, 0.00787907186896, 0.0319394804537], "dvar": [0.0225538741797, 0.0165226366371, 0.016243301332, 0.00994961056858, 0.00277015776373, 0.0117635335773], "dmean": [0.181034147739, 0.144528225064, 0.141952425241, 0.0798809453845, 0.0488409996033, 0.0811003372073], "max": [0.938822865486, 0.861521959305, 0.791498601437, 0.797853887081, 0.496911197901, 0.919804513454], "var": [0.0412496887147, 0.0281214825809, 0.0223144888878, 0.0164013206959, 0.0071387742646, 0.00999965425581], "mean": [0.301199823618, 0.250908464193, 0.211134582758, 0.117778927088, 0.0848222076893, 0.0858531445265]}}, "lowlevel": {"barkbands_spread": {"dmean2": 6.25000143051, "median": 19.8832912445, "min": 1.13831794262, "dvar2": 62.7445144653, "dvar": 30.3040504456, "dmean": 4.25534200668, "max": 94.0595855713, "var": 142.618850708, "mean": 21.9399776459}, "melbands_spread": {"dmean2": 8.01994514465, "median": 20.1989974976, "min": 1.30383276939, "dvar2": 152.598342896, "dvar": 70.6722412109, "dmean": 5.32189846039, "max": 221.058242798, "var": 280.52947998, "mean": 23.8608264923}, "hfc": {"dmean2": 4.79399776459, "median": 6.0589184761, "min": 1.24835067257e-16, "dvar2": 133.646942139, "dvar": 69.7546234131, "dmean": 3.59073662758, "max": 289.253143311, "var": 334.962219238, "mean": 12.962428093}, "barkbands_kurtosis": {"dmean2": 2.74345827103, "median": 1.88990712166, "min": -1.90651428699, "dvar2": 21.5938186646, "dvar": 9.42748737335, "dmean": 1.78933215141, "max": 121.114479065, "var": 34.8017997742, "mean": 3.70025134087}, "gfcc": {"mean": [-31.8052253723, 85.7046585083, -120.849006653, 31.663356781, -66.6536178589, 9.04394817352, -46.1589927673, 4.87649297714, -24.5796833038, -1.19649994373, -18.9840164185, -3.75454235077, -17.2711620331], "icov": [[0.000366242340533, -5.45750772289e-05, 0.000163758217241, -0.000398710195441, 0.000335782737238, -0.000241757938056, 0.000259911495959, -0.000613213982433, 0.000594400626142, -2.10878170037e-05, 0.000261071021669, -0.000186112083611, 0.000711224041879], [-5.45750772289e-05, 0.00251201726496, -0.000926589360461, 0.000162835320225, -0.00112794933375, 0.00149443757255, -0.00184749171603, 0.00153690681327, -0.00189949409105, 0.00225644931197, -0.00269742729142, 0.00281980889849, -0.00142395496368], [0.000163758217241, -0.000926589360461, 0.00248058163561, -0.00166540115606, 0.000714750320185, -0.00049667089479, 0.00114834145643, -0.000983168836683, 0.00139945815317, -0.00122071162332, 0.00217526429333, -0.0017060234677, 0.00135410786606], [-0.000398710195441, 0.000162835320225, -0.00166540115606, 0.00504201464355, -0.00109786260873, -0.000580562045798, -8.27713520266e-05, 0.00129067408852, -0.00177551142406, -0.000200734182727, -0.00132628565188, 0.00254438980483, -0.00204702676274], [0.000335782737238, -0.00112794933375, 0.000714750320185, -0.00109786260873, 0.00585831655189, -0.00183397403453, 0.000541215529665, -0.00129150308203, 0.000554940139409, -0.000777873792686, 0.000843017362058, -0.00041654825327, 0.000361834216164], [-0.000241757938056, 0.00149443757255, -0.00049667089479, -0.000580562045798, -0.00183397403453, 0.00728168338537, -0.00354641233571, 0.00125345413107, -0.000373219780158, -0.000604005006608, 0.00167950720061, -0.00166477041785, 0.000305844208924], [0.000259911495959, -0.00184749171603, 0.00114834145643, -8.27713520266e-05, 0.000541215529665, -0.00354641233571, 0.00957354251295, -0.00354314083233, 0.000127895953483, 0.000528091099113, -1.7625374312e-05, -0.00178958510514, 0.00162758515216], [-0.000613213982433, 0.00153690681327, -0.000983168836683, 0.00129067408852, -0.00129150308203, 0.00125345413107, -0.00354314083233, 0.0105785997584, -0.00222010933794, 0.00128524575848, -0.00437669502571, 0.00240823393688, -0.000347105058609], [0.000594400626142, -0.00189949409105, 0.00139945815317, -0.00177551142406, 0.000554940139409, -0.000373219780158, 0.000127895953483, -0.00222010933794, 0.014630947262, -0.00642623053864, 0.00283998996019, -0.00118086393923, -0.00115749309771], [-2.10878170037e-05, 0.00225644931197, -0.00122071162332, -0.000200734182727, -0.000777873792686, -0.000604005006608, 0.000528091099113, 0.00128524575848, -0.00642623053864, 0.014401386492, -0.00314390379936, 0.000876291131135, -0.000147858489072], [0.000261071021669, -0.00269742729142, 0.00217526429333, -0.00132628565188, 0.000843017362058, 0.00167950720061, -1.7625374312e-05, -0.00437669502571, 0.00283998996019, -0.00314390379936, 0.018435863778, -0.00891210790724, 0.00452741514891], [-0.000186112083611, 0.00281980889849, -0.0017060234677, 0.00254438980483, -0.00041654825327, -0.00166477041785, -0.00178958510514, 0.00240823393688, -0.00118086393923, 0.000876291131135, -0.00891210790724, 0.0258036181331, -0.0117486668751], [0.000711224041879, -0.00142395496368, 0.00135410786606, -0.00204702676274, 0.000361834216164, 0.000305844208924, 0.00162758515216, -0.000347105058609, -0.00115749309771, -0.000147858489072, 0.00452741514891, -0.0117486668751, 0.0217209607363]], "cov": [[4023.50610352, -373.532592773, 23.8296737671, 148.650100708, -173.366928101, 118.220672607, -36.5353126526, 185.87020874, -188.185119629, -38.7895774841, -23.0071697235, -50.8340568542, -169.769607544], [-373.532592773, 947.299377441, 100.473434448, 65.2003860474, 106.462867737, -153.530319214, 100.545097351, -19.9805717468, 65.2136154175, -91.436958313, 80.5465087891, -62.8802223206, 18.801366806], [23.8296737671, 100.473434448, 676.746154785, 220.913635254, -0.640643715858, 32.0389022827, -62.2328186035, -28.0748767853, -2.43695449829, 38.0829238892, -56.201965332, -10.9827060699, -5.88578891754], [148.650100708, 65.2003860474, 220.913635254, 325.985839844, 50.016910553, 44.314453125, -19.0294189453, -25.7031860352, 33.931350708, 33.0036125183, -19.697063446, -20.1342353821, 11.1625080109], [-173.366928101, 106.462867737, -0.640643715858, 50.016910553, 220.846176147, 45.1103858948, 29.0681114197, 5.88279294968, 23.6444606781, 7.31818771362, 2.26660251617, -3.85450720787, 9.76394939423], [118.220672607, -153.530319214, 32.0389022827, 44.314453125, 45.1103858948, 228.430450439, 48.1093254089, -0.160584211349, 2.69681501389, 30.6960601807, -32.0265617371, 22.0421619415, -0.381819993258], [-36.5353126526, 100.545097351, -62.2328186035, -19.0294189453, 29.0681114197, 48.1093254089, 168.9190979, 48.2385864258, 11.1784591675, -17.9407215118, 26.0454330444, 4.92504453659, -5.46545505524], [185.87020874, -19.9805717468, -28.0748767853, -25.7031860352, 5.88279294968, -0.160584211349, 48.2385864258, 139.015228271, -0.661984682083, -6.81674957275, 30.7294025421, -2.43049407005, -17.3582782745], [-188.185119629, 65.2136154175, -2.43695449829, 33.931350708, 23.6444606781, 2.69681501389, 11.1784591675, -0.661984682083, 106.339797974, 38.2854652405, -0.341614276171, 1.69282901287, 19.420917511], [-38.7895774841, -91.436958313, 38.0829238892, 33.0036125183, 7.31818771362, 30.6960601807, -17.9407215118, -6.81674957275, 38.2854652405, 105.973838806, -4.22081565857, 9.70405673981, 5.58345508575], [-23.0071697235, 80.5465087891, -56.201965332, -19.697063446, 2.26660251617, -32.0265617371, 26.0454330444, 30.7294025421, -0.341614276171, -4.22081565857, 89.4343643188, 15.5166606903, -3.66166138649], [-50.8340568542, -62.8802223206, -10.9827060699, -20.1342353821, -3.85450720787, 22.0421619415, 4.92504453659, -2.43049407005, 1.69282901287, 9.70405673981, 15.5166606903, 66.5802154541, 28.610086441], [-169.769607544, 18.801366806, -5.88578891754, 11.1625080109, 9.76394939423, -0.381819993258, -5.46545505524, -17.3582782745, 19.420917511, 5.58345508575, -3.66166138649, 28.610086441, 71.5347747803]]}, "spectral_energyband_middle_low": {"dmean2": 0.0039191856049, "median": 0.00441926857457, "min": 3.31312896412e-22, "dvar2": 8.0280660768e-05, "dvar": 3.33085772581e-05, "dmean": 0.00265479763038, "max": 0.145670965314, "var": 0.000105469312984, "mean": 0.00829282496125}, "melbands_crest": {"dmean2": 3.79732704163, "median": 11.8674106598, "min": 2.77154135704, "dvar2": 14.3042707443, "dvar": 5.63393068314, "dmean": 2.38044929504, "max": 33.5528945923, "var": 25.8587474823, "mean": 12.6757993698}, "spectral_kurtosis": {"dmean2": 1.86325180531, "median": 3.62427330017, "min": -1.19895684719, "dvar2": 3.72678208351, "dvar": 1.37319457531, "dmean": 1.11446535587, "max": 24.8671302795, "var": 4.49763822556, "mean": 3.89171719551}, "spectral_rms": {"dmean2": 0.000659286393784, "median": 0.00285552558489, "min": 3.26053420374e-12, "dvar2": 1.26515806187e-06, "dvar": 5.50323420612e-07, "dmean": 0.000455897243228, "max": 0.0155064165592, "var": 3.24782627104e-06, "mean": 0.00328440382145}, "zerocrossingrate": {"dmean2": 0.010304896161, "median": 0.05908203125, "min": 0.00830078125, "dvar2": 0.000138807066833, "dvar": 0.000121175165987, "dmean": 0.00885714869946, "max": 0.5009765625, "var": 0.00110051350202, "mean": 0.065243691206}, "silence_rate_60dB": {"dmean2": 0.0728929415345, "median": 0, "min": 0, "dvar2": 0.0774030685425, "dvar": 0.0351239927113, "dmean": 0.0364438742399, "max": 1, "var": 0.150112941861, "mean": 0.183985769749}, "erbbands_kurtosis": {"dmean2": 0.899143993855, "median": -0.378095269203, "min": -1.78271436691, "dvar2": 1.67517852783, "dvar": 0.794405698776, "dmean": 0.589177429676, "max": 28.2968139648, "var": 3.09941291809, "mean": 0.147338837385}, "erbbands": {"dmean2": [0.0215150937438, 0.312341272831, 1.34541893005, 3.19247865677, 5.91654443741, 5.74151563644, 5.89374256134, 5.40640068054, 8.87858963013, 12.9019021988, 19.3741397858, 13.5165929794, 8.57459068298, 13.113863945, 10.5488739014, 11.4830198288, 14.8267250061, 10.8388395309, 8.07047462463, 6.97372531891, 8.82635784149, 9.24758434296, 8.39785003662, 8.72743988037, 10.8326826096, 4.58611679077, 2.81882953644, 3.66753697395, 3.35090517998, 3.12453532219, 2.57207369804, 1.40002417564, 0.81923186779, 0.508637905121, 0.282270431519, 0.0982312336564, 0.0230880081654, 0.00420015538111, 0.000388566084439, 1.76843495865e-05], "median": [0.00498657859862, 0.0994796082377, 0.473438382149, 1.30212831497, 2.28939080238, 3.28612184525, 3.95689725876, 3.58431315422, 4.18714904785, 3.71165323257, 8.48703765869, 5.19778728485, 3.4453804493, 3.55853414536, 2.91844034195, 3.62942457199, 5.1574382782, 5.89151763916, 4.37246799469, 4.57761573792, 5.41635417938, 4.3145108223, 3.80169248581, 3.39760661125, 2.81372117996, 1.77641987801, 1.42065691948, 1.44843137264, 1.14754748344, 0.990445375443, 0.762182950974, 0.440866261721, 0.253309428692, 0.136374801397, 0.0589989572763, 0.0193121805787, 0.00371199799702, 0.000762586598285, 3.66058884538e-05, 1.2837434042e-05], "min": [7.1492805339e-22, 5.04273464537e-22, 2.74747636563e-21, 6.38352605879e-21, 2.88403855332e-20, 1.16354288115e-19, 1.0447388718e-19, 4.58598909466e-19, 3.75421245982e-19, 1.54749610741e-18, 3.16467080769e-18, 1.93225813536e-18, 7.383783277e-19, 1.1125445856e-18, 2.53263409576e-18, 6.04973967909e-18, 8.86501291156e-18, 1.08700250973e-17, 5.72739525259e-18, 5.21908738951e-18, 8.42366655983e-18, 7.52636501957e-18, 1.26871762941e-17, 9.4107916428e-18, 9.03149707191e-18, 1.97497477617e-17, 1.65771444987e-17, 1.35783930938e-17, 2.10343824141e-17, 1.45290601913e-17, 1.41075454948e-17, 1.82401001304e-17, 1.54432353889e-17, 1.22617209092e-17, 9.63538358682e-18, 5.32787859726e-18, 4.09221386435e-18, 1.32081201683e-18, 3.20808507195e-19, 3.83500383649e-20], "dvar2": [0.0105963535607, 2.05814099312, 25.7488651276, 89.917755127, 448.389556885, 167.520019531, 181.726119995, 165.373840332, 838.802978516, 2121.66308594, 3799.70874023, 2141.81640625, 885.583618164, 2524.08911133, 2717.78979492, 1775.77600098, 2887.32250977, 793.666381836, 506.562438965, 308.976928711, 554.852966309, 666.835083008, 657.655639648, 749.651611328, 1279.38195801, 257.196960449, 115.419952393, 240.933120728, 173.541320801, 150.788772583, 137.716217041, 26.2100200653, 13.087020874, 4.04561853409, 1.2727253437, 0.160263106227, 0.0108159519732, 0.000375550473109, 4.33989498561e-06, 5.34291810794e-09], "dvar": [0.00377501687035, 0.719360113144, 9.04806423187, 34.2179222107, 159.718460083, 70.8634185791, 83.5583572388, 73.2154846191, 422.350524902, 1090.46630859, 1948.10766602, 1025.60913086, 423.822784424, 1361.92224121, 1302.44311523, 843.193725586, 1353.71228027, 379.469512939, 226.853973389, 129.202316284, 248.437652588, 313.101654053, 294.194244385, 387.386535645, 662.197753906, 112.414146423, 53.2209014893, 102.15460968, 80.4078140259, 74.2790298462, 66.2215270996, 12.4280996323, 5.4154419899, 1.91336715221, 0.643552005291, 0.0818112045527, 0.00543467979878, 0.000182705392945, 1.99624605557e-06, 2.35266361948e-09], "dmean": [0.0121100405231, 0.176007062197, 0.787347376347, 1.95418298244, 3.53842782974, 3.6642229557, 3.94060301781, 3.62239718437, 6.18888711929, 9.27205467224, 13.8785619736, 9.43803310394, 5.97778987885, 9.2125043869, 7.14023637772, 7.7795791626, 10.0896348953, 7.11714792252, 5.14066982269, 4.42308855057, 5.73932123184, 6.10194921494, 5.57160425186, 5.88730287552, 7.48324632645, 3.03489971161, 1.84456288815, 2.43155932426, 2.24396681786, 2.16079092026, 1.76469898224, 0.964923679829, 0.553910553455, 0.356734901667, 0.199597939849, 0.0691816061735, 0.0159128122032, 0.00279777729884, 0.000249850418186, 1.17084809972e-05], "max": [1.58769738674, 19.3713912964, 67.0614242554, 134.631027222, 372.32611084, 289.189331055, 471.989959717, 237.644348145, 829.537902832, 1279.99694824, 1972.49194336, 853.896728516, 838.783996582, 1240.6340332, 1800.97998047, 1080.72900391, 1425.69042969, 921.599853516, 564.138000488, 594.231384277, 501.308532715, 730.730834961, 607.714355469, 877.979309082, 908.05682373, 435.811279297, 326.215637207, 708.740844727, 413.189117432, 346.008911133, 389.929443359, 144.685821533, 76.6683883667, 35.1498413086, 20.2059211731, 8.42364406586, 2.19201803207, 0.343562781811, 0.0431404449046, 0.0013237282401], "var": [0.00249244482256, 0.474663287401, 9.14578437805, 46.6830787659, 148.378051758, 219.707504272, 388.175201416, 244.654388428, 1382.92578125, 2801.15795898, 11094.0058594, 3432.53857422, 1433.1048584, 6381.85302734, 2881.6496582, 3325.81811523, 4177.72509766, 2093.16186523, 1085.08850098, 450.82510376, 756.908569336, 1277.26550293, 1087.44445801, 1314.89697266, 3181.96191406, 341.318695068, 117.69858551, 217.459655762, 193.809417725, 169.864685059, 128.522216797, 31.6388568878, 8.29529285431, 3.37545084953, 1.1216366291, 0.140143588185, 0.00828809291124, 0.000249627075391, 2.35306720242e-06, 2.99943070381e-09], "mean": [0.0144836893305, 0.238037884235, 1.38198554516, 3.49143409729, 5.97868394852, 8.38632392883, 9.10478305817, 8.46989631653, 13.967795372, 19.118314743, 34.0013961792, 21.1429100037, 13.4852323532, 21.4671134949, 14.5505561829, 17.8790187836, 20.6605358124, 17.2343196869, 12.2783098221, 10.2372312546, 12.443104744, 14.5299844742, 13.4069643021, 13.5703611374, 18.251991272, 6.74160051346, 3.61845993996, 4.94867181778, 4.40834569931, 4.11582803726, 3.09881973267, 1.85361468792, 1.00616812706, 0.60563147068, 0.323937803507, 0.109625793993, 0.0219352245331, 0.00350250140764, 0.00026117824018, 2.56355215242e-05]}, "spectral_strongpeak": {"dmean2": 0.576924920082, "median": 0.408017456532, "min": 0, "dvar2": 1.31647086143, "dvar": 0.511191785336, "dmean": 0.348500579596, "max": 13.2306003571, "var": 1.27165329456, "mean": 0.826573073864}, "spectral_energy": {"dmean2": 0.00630473392084, "median": 0.00835787691176, "min": 1.08968605683e-20, "dvar2": 0.000230064702919, "dvar": 9.13592884899e-05, "dmean": 0.00419171573594, "max": 0.246460184455, "var": 0.000274793448625, "mean": 0.0143860410899}, "average_loudness": 0.355925232172, "spectral_rolloff": {"dmean2": 662.285400391, "median": 1184.32617188, "min": 107.666015625, "dvar2": 1290816, "dvar": 612003.375, "dmean": 407.481781006, "max": 19422.9492188, "var": 1833772.75, "mean": 1541.90539551}, "spectral_centroid": {"dmean2": 278.807342529, "median": 1222.3190918, "min": 243.439086914, "dvar2": 113473.703125, "dvar": 56803.0078125, "dmean": 188.742904663, "max": 11041.5625, "var": 366481.09375, "mean": 1318.4987793}, "pitch_salience": {"dmean2": 0.0865317061543, "median": 0.613633334637, "min": 0.144205063581, "dvar2": 0.0070287976414, "dvar": 0.00267914659344, "dmean": 0.0535280629992, "max": 0.991421997547, "var": 0.0114406570792, "mean": 0.604327499866}, "spectral_energyband_middle_high": {"dmean2": 0.00124498293735, "median": 0.00123014615383, "min": 1.45521032347e-21, "dvar2": 7.51996458348e-06, "dvar": 4.25699636253e-06, "dmean": 0.000902736734133, "max": 0.055768545717, "var": 3.27541965817e-05, "mean": 0.00336127332412}, "spectral_contrast_coeffs": {"dmean2": [0.0712404772639, 0.0616429746151, 0.0514513775706, 0.0424553304911, 0.0337064191699, 0.0260306447744], "median": [-0.620163559914, -0.74379658699, -0.78607416153, -0.793236911297, -0.793270051479, -0.770589768887], "min": [-0.964890539646, -0.967477202415, -0.965738773346, -0.963972151279, -0.973576724529, -0.961148619652], "dvar2": [0.00376660819165, 0.00260589597747, 0.0017802095972, 0.00114433898125, 0.000820720917545, 0.000509796256665], "dvar": [0.00147260574158, 0.00108827766962, 0.000764689641073, 0.000459774717456, 0.00037678971421, 0.000234984239796], "dmean": [0.0436480231583, 0.0383791513741, 0.0322618559003, 0.0261311642826, 0.0212772395462, 0.0168529059738], "max": [-0.263766795397, -0.402430981398, -0.448730230331, -0.490327388048, -0.535675108433, -0.588909983635], "var": [0.00753892818466, 0.00553208449855, 0.00511304661632, 0.00313138100319, 0.00292981695384, 0.0014742949279], "mean": [-0.612780153751, -0.734574854374, -0.77388882637, -0.784914374352, -0.780258953571, -0.763982474804]}, "melbands_skewness": {"dmean2": 0.77432769537, "median": 2.40058803558, "min": -1.41822016239, "dvar2": 0.899976313114, "dvar": 0.382595658302, "dmean": 0.505470752716, "max": 11.3261461258, "var": 2.01577854156, "mean": 2.52319383621}, "spectral_spread": {"dmean2": 619268.0625, "median": 4391865, "min": 1736258.5, "dvar2": 499054772224, "dvar": 315767062528, "dmean": 437717.96875, "max": 40482044, "var": 1778434048000.0, "mean": 4686682}, "dissonance": {"dmean2": 0.0241035409272, "median": 0.47354054451, "min": 0.271568149328, "dvar2": 0.000621485058218, "dvar": 0.000236409628997, "dmean": 0.0145055167377, "max": 0.500000119209, "var": 0.000715833390132, "mean": 0.466836363077}, "spectral_skewness": {"dmean2": 0.254483908415, "median": 1.49124979973, "min": 0.0137780187652, "dvar2": 0.0545416772366, "dvar": 0.0230286121368, "dmean": 0.15870064497, "max": 3.9633603096, "var": 0.112489916384, "mean": 1.50096797943}, "spectral_flux": {"dmean2": 0.0233589708805, "median": 0.0356897488236, "min": 1.04388026001e-10, "dvar2": 0.00124256871641, "dvar": 0.000587131653447, "dmean": 0.0149023579434, "max": 0.350235670805, "var": 0.00162564637139, "mean": 0.0492337606847}, "spectral_contrast_valleys": {"dmean2": [0.641952395439, 0.485739082098, 0.446209698915, 0.370905488729, 0.320622086525, 0.370155662298], "median": [-7.75306415558, -6.90834140778, -7.75075244904, -8.00526237488, -7.90486240387, -10.3990917206], "min": [-27.2202682495, -27.1776866913, -27.3646240234, -27.1930274963, -27.2159576416, -27.2040195465], "dvar2": [0.329498797655, 0.165499821305, 0.13420638442, 0.104810416698, 0.10601785779, 0.166367143393], "dvar": [0.138277322054, 0.0713938847184, 0.0609775558114, 0.049004599452, 0.0560755245388, 0.0993813425303], "dmean": [0.393370091915, 0.300256818533, 0.274592399597, 0.229579076171, 0.211490407586, 0.273276776075], "max": [-5.16213512421, -4.82653236389, -4.97327327728, -5.96371221542, -5.43555879593, -7.56931686401], "var": [0.959771037102, 0.429346650839, 0.491159260273, 0.508321166039, 0.484230011702, 0.81917065382], "mean": [-7.91841316223, -6.92800045013, -7.74565935135, -7.99607038498, -7.93932819366, -10.4451322556]}, "erbbands_flatness_db": {"dmean2": 0.0185774937272, "median": 0.143113866448, "min": 0.0397447347641, "dvar2": 0.000335611228365, "dvar": 0.000187267592992, "dmean": 0.0132855577394, "max": 0.328608185053, "var": 0.00144555687439, "mean": 0.148414313793}, "spectral_energyband_high": {"dmean2": 0.000330290844431, "median": 0.000164033568581, "min": 7.87574332407e-21, "dvar2": 1.5788195924e-06, "dvar": 8.06599643965e-07, "dmean": 0.000241770161665, "max": 0.0403547845781, "var": 1.99897772291e-06, "mean": 0.00052910472732}, "spectral_entropy": {"dmean2": 0.173719182611, "median": 7.60585832596, "min": 5.72713947296, "dvar2": 0.0306261088699, "dvar": 0.016764478758, "dmean": 0.121861360967, "max": 9.80085468292, "var": 0.134077474475, "mean": 7.57972145081}, "silence_rate_20dB": {"dmean2": 0, "median": 1, "min": 1, "dvar2": 0, "dvar": 0, "dmean": 0, "max": 1, "var": 0, "mean": 1}, "melbands_flatness_db": {"dmean2": 0.0266535487026, "median": 0.171378284693, "min": 0.00736230192706, "dvar2": 0.000879048777279, "dvar": 0.000388400774682, "dmean": 0.0178970247507, "max": 0.385998904705, "var": 0.00279171438888, "mean": 0.173915654421}, "barkbands": {"dmean2": [2.09706558962e-05, 0.00116856396198, 0.00137147842906, 0.00136877596378, 0.00176979741082, 0.000691943918355, 0.000751488085371, 0.000829678378068, 0.000543246860616, 0.000367172207916, 0.000288455223199, 0.000283959059743, 0.00032895480399, 0.000198618232389, 0.000164024357218, 0.000151841581101, 0.00019188009901, 0.000161805990501, 0.000222779766773, 0.000111010551336, 7.96137828729e-05, 9.32226903387e-05, 9.13307885639e-05