{"tonal": {"thpcp": [1, 0.539755046368, 0.131019115448, 0.181666195393, 0.188887283206, 0.157883152366, 0.215844914317, 0.225695207715, 0.211841598153, 0.242021501064, 0.204508140683, 0.220623835921, 0.339624464512, 0.343713074923, 0.22679297626, 0.1722022295, 0.223074555397, 0.402649611235, 0.686152160168, 0.636624157429, 0.318241238594, 0.173964634538, 0.145494997501, 0.136979267001, 0.148931756616, 0.165059685707, 0.22724083066, 0.350175142288, 0.36445531249, 0.328782945871, 0.346686810255, 0.328595995903, 0.404105484486, 0.727292776108, 0.761337816715, 0.81055778265], "hpcp": {"dmean2": [0.258411765099, 0.286110460758, 0.207597836852, 0.16310377419, 0.20935818553, 0.313594192266, 0.350994378328, 0.297092378139, 0.243741184473, 0.170400187373, 0.126684010029, 0.104677475989, 0.107266373932, 0.122575730085, 0.14889511466, 0.18573820591, 0.201734885573, 0.23885473609, 0.252107799053, 0.258107542992, 0.29526501894, 0.329628556967, 0.329558432102, 0.378278702497, 0.487063139677, 0.282254427671, 0.112200513482, 0.11451408267, 0.110335707664, 0.106858961284, 0.14062397182, 0.159149825573, 0.157969415188, 0.167079597712, 0.160580605268, 0.182000055909], "median": [0.00636658072472, 0.00912285782397, 0.0108737498522, 0.00762109877542, 0.0082781361416, 0.0219352543354, 0.0624835304916, 0.0641957893968, 0.0230879336596, 0.00565038342029, 0.00848301965743, 0.010710131377, 0.00763285299763, 0.00911294668913, 0.0225467067212, 0.0299590490758, 0.020685993135, 0.014410937205, 0.0160689651966, 0.0176413860172, 0.032899223268, 0.0594505704939, 0.0540018156171, 0.176379799843, 0.103579312563, 0.0530724599957, 0.00656915362924, 0.0126322861761, 0.0138351768255, 0.00760164344683, 0.00597251811996, 0.00655557215214, 0.0181942377239, 0.0226748418063, 0.0193719416857, 0.00610685907304], "min": [0, 0, 0, 0, 0, 0, 0, 0, 0, 0, 0, 0, 0, 0, 0, 0, 0, 0, 0, 0, 0, 0, 0, 0, 0, 0, 0, 0, 0, 0, 0, 0, 0, 0, 0, 0], "dvar2": [0.178716465831, 0.222587004304, 0.136538848281, 0.107205100358, 0.136647522449, 0.208552911878, 0.197010904551, 0.150889098644, 0.159424707294, 0.129552781582, 0.0859541371465, 0.0565272271633, 0.0624755583704, 0.0692228972912, 0.081029355526, 0.10176602751, 0.118698909879, 0.1396676898, 0.147817015648, 0.142589330673, 0.164242565632, 0.167279988527, 0.165430814028, 0.129429712892, 0.236180588603, 0.103203013539, 0.0733569338918, 0.0644531026483, 0.0555483214557, 0.0558847263455, 0.0886273384094, 0.106761991978, 0.0944969952106, 0.0957236737013, 0.0999296605587, 0.12699855864], "dvar": [0.0640286356211, 0.077950514853, 0.0468273684382, 0.0372868366539, 0.0484182052314, 0.0761957541108, 0.080419242382, 0.0621549002826, 0.0558344982564, 0.0432782769203, 0.0288574974984, 0.0196358188987, 0.0220923889428, 0.0245407260954, 0.0285137090832, 0.0371717140079, 0.0437123700976, 0.0515279583633, 0.0575630813837, 0.0548324026167, 0.0611363463104, 0.0683711841702, 0.0730296224356, 0.0576317720115, 0.117198124528, 0.0453161336482, 0.0258287675679, 0.0233519244939, 0.0206729583442, 0.0198165904731, 0.0319229885936, 0.0378432273865, 0.0331122428179, 0.0339743643999, 0.0347031988204, 0.0445491857827], "dmean": [0.136526942253, 0.150015696883, 0.108977265656, 0.0860289111733, 0.111941844225, 0.173941969872, 0.198157936335, 0.172175437212, 0.131965696812, 0.0896267816424, 0.0676456466317, 0.0573152936995, 0.05867748335, 0.0666111707687, 0.0829227045178, 0.105414777994, 0.112083464861, 0.131905019283, 0.141558796167, 0.1441603899, 0.163472950459, 0.191963583231, 0.189978986979, 0.214930847287, 0.269935160875, 0.156395286322, 0.0600999779999, 0.0639997273684, 0.0625621676445, 0.058773547411, 0.0773916170001, 0.0863774269819, 0.0861548259854, 0.0925547108054, 0.0863062441349, 0.0961275920272], "max": [1, 1, 1, 1, 1, 1, 1, 1, 1, 1, 1, 1, 1, 1, 1, 1, 1, 1, 1, 1, 1, 1, 1, 1, 1, 1, 1, 1, 1, 1, 1, 1, 1, 1, 1, 1], "var": [0.059517249465, 0.0596565715969, 0.0295424871147, 0.0230921749026, 0.0318691432476, 0.0615341588855, 0.102978929877, 0.0915327221155, 0.0402006804943, 0.0266084223986, 0.0181716009974, 0.013345785439, 0.0166661255062, 0.0187697596848, 0.0226214472204, 0.0464534498751, 0.0570546910167, 0.0443763546646, 0.0517912730575, 0.0457639694214, 0.0521700084209, 0.106421604753, 0.120644494891, 0.0722219273448, 0.161124333739, 0.0506068617105, 0.0164376422763, 0.020493330434, 0.0214960183948, 0.0166553799063, 0.0327640026808, 0.0344118699431, 0.0230906009674, 0.0245917309076, 0.0222624447197, 0.0348194912076], "mean": [0.11375913769, 0.115128643811, 0.075965590775, 0.0576801113784, 0.0747200846672, 0.134869769216, 0.229830548167, 0.213240861893, 0.106596708298, 0.0582704395056, 0.0487343743443, 0.0458819828928, 0.0498855337501, 0.0552876740694, 0.0761156007648, 0.117293149233, 0.122076369822, 0.110127709806, 0.116124711931, 0.110065087676, 0.135357424617, 0.243610829115, 0.255014419556, 0.271500915289, 0.334955662489, 0.180794015527, 0.0438855923712, 0.0608501210809, 0.0632688626647, 0.0528838559985, 0.0722984746099, 0.0755978897214, 0.0709575414658, 0.0810664743185, 0.0685011595488, 0.0738992020488]}, "tuning_equal_tempered_deviation": 0.164903134108, "chords_changes_rate": 0.0970956087112, "key_key": "A", "tuning_diatonic_strength": 0.369168460369, "key_scale": "minor", "chords_number_rate": 0.00169599323999, "tuning_frequency": 434.193115234, "tuning_nontempered_energy_ratio": 0.856483697891, "chords_histogram": [13.5785455704, 3.48738598824, 10.9073562622, 8.06656742096, 0.847996592522, 1.88679242134, 0, 3.41318631172, 0.593597650528, 26.6270942688, 2.93618822098, 1.19779515266, 0, 0, 3.2753868103, 1.30379474163, 0.847996592522, 5.07737970352, 2.36379051208, 0, 1.54759383202, 3.01038789749, 8.91456413269, 0.116599529982], "key_strength": 0.563521146774, "chords_key": "E", "chords_strength": {"dmean2": 0.0132096614689, "median": 0.391624629498, "min": -1, "dvar2": 0.000539088854566, "dvar": 0.000282781547867, "dmean": 0.0102564916015, "max": 0.708343923092, "var": 0.0213636662811, "mean": 0.404874205589}, "chords_scale": "major", "hpcp_entropy": {"dmean2": 1.17481970787, "median": 2.40364217758, "min": 0, "dvar2": 0.911459386349, "dvar": 0.349263191223, "dmean": 0.701906442642, "max": 4.80070018768, "var": 0.784340679646, "mean": 2.45327830315}}, "metadata": {"audio_properties": {"equal_loudness": 0, "codec": "mp3", "downmix": "mix", "sample_rate": 44100, "analysis_sample_rate": 44100, "bit_rate": 320019, "md5_encoded": "18df0446cc9696aa25065a7e045895b3", "length": 438.047332764, "replay_gain": -9.59516143799, "lossless": false}, "version": {"essentia_build_sha": "70f2e5ece6736b2c40cc944ad0e695b16b925413", "essentia": "2.1-beta2", "extractor": "music 1.0", "essentia_git_sha": "v2.1_beta2"}, "tags": {"title": ["Come Tomorrow (Soul Seekerz dirty dub)"], "barcode": ["5037300774008"], "media": ["CD"], "albumartist": ["Chicane"], "language": ["eng"], "isrc": ["GBRDU1100013"], "musicbrainz_recordingid": ["1c7c7fc9-8a82-4a07-a1e4-d1f8e050d18a"], "musicbrainz_albumartistid": ["8b506e4a-c343-467b-aad6-300a9bfac355"], "discnumber": ["2/3"], "bpm": ["127"], "catalognumber": ["MODENABOX5"], "musicbrainz album release country": ["GB"], "musicbrainz album type": ["album"], "musicbrainz album status": ["Official"], "file_name": "02.06. Chicane - Come Tomorrow (Soul Seekerz dirty dub).mp3", "acoustid_fingerprint": ["AQADtEmUSEyoJJHw7IJPvCGsww_6onnQM-gz-IUfPIRfPDt8Bn12NCcewoePHs3Row_8wg9e-CH67EJzBn12oSf8wicOH0dz9Bn8wA9--OHRB82Pnjn6DH7hh3jgF8_QPOgHn3gI__Bz9EXzXOgZo88Ov3gIH36IZ_AZ9BmaEw_hw0eP_miOPodfHD78EH2G5gz6DD3hFz5x-PiF5kafHT4ewocfog-ao2fQZ_ALP8QDv3iO5viO5sRD-PCDvmge9Az6DH7hBw_hF88u-Az67EJz4iF8-OjRozn6wC989Efz8OhzoXnRZxd6wi984vBxNEefwYcfoj-ah0cfNL_QMxb6DH7hh3jgF8_gM3gGn_BDHH7Q12ieo2eMPjusFg_hB1aLZ_AZ9Bmas3jhEz569LmE5jX6HH5x-PBD9BmaM-gz9IRf-MTh40dz9NnhEyd8-CH6oDl6Bn0Gv_CDh_BrPIePfheaE28I6_CDvmge9EUf-IUf4oFf9NnRnEGfHY1KPIQPHz06ozn6HH7h8zj8omtWNCf6LEdP-IVP3PDxozn6DD6DHz58Hp3R_ETPHH0Gv_BDvIFf4oGPZ_DxEP7ht0JnovnR9-hz-D1OWC7MFV_gF32G5sRDw4dfaDPRG00-9IH4ZjCZIT_8sKgcpWiSSkGfgY4u_Mih5cxRNgL_44-IRloN_8dZiJ2QcsWXHa6InuHRZ4c_IZN86Dx85KB49DTCF1cUxYeO9EG9gEl89CH6w9fg_MgTiM-HDmGyHj16KUgPn4UYT_gy5JU1NEefzPCRyoKmRymaf0QO-2iPvgzy4kwhPugaBaGO5iEeDpdyRYibQ9sRJk6S4BLxoIxueKzhH6ekdEioRgj1KDguh8GPkoc_o_qOxB3iTsGPhoedov_AUBLSOAoSO0IP7nieopQu_PCDUE0UJFfxHM1gKqWEsqhtpM8G9UkQrikuWfgz4US_w3mOcI2EpJ3y4WiY44zhbkS-Q-yOPCmqVPjxBx8uXcGPMCc0OUky5KNynMafGq2SHRceUUPCPAjXBCf-FM9ROcdzhEmsQBfylWg_eOtBncEfpCF1iHqCMDGOv8F_lMwOKj_CL5AvxD3KHM3WCs0Z_HBIBYktHaEe4RL-FD_6D84jo9eRNIyQPzt-ND88Muh1ZLEOnzcu9MOv4DKRS8HDBz2NMGkaKM-Ro3Fz9BkuZUR9NI5W4viJG81EHVUkqRQu38iZCTpyjfiFYgtZBU7iPMFfomHUgz_uoKF09Liu4D7ISsGdCI-CtRfyB8nyXOjwZEd1nEefKMV3Beeo4FoUCueJWlqJLT46hogP6bqCptONsFWQV0OpDf9xHk7A_Mh9_CHR68PGJRnhG_2FnDl0HyfCr4MnKkef4Q8unIqCJtTQfbiiZEROOkjO4NmKHk0sPB_RLH3wo9mD_NCnDeUxJTueObiISznOLMeqUygPd8gbCs2z5sjJoznCqvhHPMmDe4Nd4Xia40PkH_qRdtvwZWimRpjscLj0DC7iQNPh6XhmNNeJb02KnDlahElo6C3y9UTsfGgqPejTED90IUfz7KjI48mWicizMoR-BZeRo--wXbBC5ca1R2gevMPRZxQaKsf14SZuifij48eTZceDSOkuaCPy7GhCB55E9IlS47SC81i7ieh3nCcspkcoGjqydDHR9PgWDfnCoyScg9nxA3l89M2D5rSQB_0YTMkhPzjOo9F_hJI347gj4fpwKUdTHVUeHVcUEjnzIHkYnEOvo4nl4vnRzNTQonFThGcPPT3-o0mOflC8adCHa9GDfUyF_Oh_OJIPO2FRSkeY_Cit4w--HM-Q-sNFHe_wDzOl48g7B8yD69Dh8eiNnYaeHD2aM8eno-FWTNKPTxX-o4K4H3525KHxKOh59MkRJo_w-NCJPHrwhkFz9DruCHHQK4V4Fv7RF6cMfUGTaFJI9BliqsWz4w2aE30SvMjVo_oFfQxx5Cvq5biCMLmILl0OdTnO7MiPqhuar3ikREF8Df0hVgxs4brQC4cTVcGd48KVXMHRD1ri4FUSxDeOhk-R54OdFrVC6MIviPqOc4i_FBed4LDxJykuHvmhSezRH3l0XDlyot_QJE0S6Me3DJfoID-aZ6ieHEeciEdPQc9wMXhahF6EeFQOy1FIqOaRZ8H14GqKJv_QNcGpFfkH7ZmQK7gttBmL-CoeRnCuQMelHPno4DuaH9Uz_EIs8fgN7cSlLHiOUFxW3ArCRFaIdhl0BldGRchXCtXRqIlxD7mMPod4wk52XB36rHhSpRBz4QuuDzlz4UWTonOOWA9-tIfO4DoetQgfEvGjo9ETVI-gH7myNHiDw8crBf8R8yhZ6DvK5biOp6geNGqiHD-LSzk-OijR5NATIQ593Gg-4QstfPRgJwtCUyWuQ8wHWTzeIo9yBa_hB0-OXMN_SNHToVaGK8elHz8YOVGhRV2CO8El5EqOWFfQ_Oic4cc3lHqh58JzXLqGig7uwHkE_QAGgDBAACEAYIARIAhgSjDBBAAMCAAEEEA45ZRAwAogBGBCCAAYYIgApgRQAhghCGAAMCAAU4IRpYQCTgEBhADCKWeUIIgpIIAQADDAlHIEMAUEEAIABhgAAgCmBCNKAMEEEMIAAQQQTjklEGACCAGQEAAwwAADwAIBlBCEAQYEYEIwIYBQwCkggBBAOOWUEgQ4BQQQAgAGmFIEAGGAAEIAwIAgQBCmBFNCACEcAEIIIIRyQgnglBICECEEAAIwxRBTQgAmhDDAOQMEYEpgIYCBQAgCPRBEEECEMMYQYQQARAkKghCCQMCEQAAQCAiRQggDkFAAGLiwEEAIRAgwhFEkBACMGICEEMQ5QoQhADkiGIBCAAMIAUAIophAigFDhCFCIQAEIAIQRwARBBgnkGAAOEEAIsIIAYQQACngiADEACKEAEgIIQxDACgDBBRAECCMM4w1gZhDzhEgGEdIAEUAUwhYQoAgRgoHgGKISAGUEoBYAQRAAClmKDGCCAEsIEpBgQQRioEEgJAMAEEUElIppAREhgCgEQDCKaOcIEwIAITBDhmJKBFMEAAIIcBRgoFAQBCDGIDCAMStAAQxIAAhWjgQFBMKQAKQYFwRYxAElDgAiBKGMA0EAMohwwAFCggCGUBAAAEQMEA4hogAgBEBgEUKSYIMFYgQgxgCChAstTGGA0SMUEoYQQwAyAgkkABCEaOQAMAAYQBCggGqCADCAOGEcIIpArwAwimAhJBAIQNAE8IEBRgAQBiALADEACiIIIggZQAFBCEEjBUMIUWIQsYYAZxRRgkhFBGEIESAEMIIQRQRCAkEnBIAIAKEQUYIiwAUDillBCACCGCoJUAAoIhAyBAigCHEGCWIMsYZoSwRCjFgBDDGIGKEo4AQohABBAIkDDBACAUA"], "date": ["2011-12-12"], "genre": ["Chillout, Trance, Electronic"], "album": ["Thousand Mile Stare"], "musicbrainz_artistid": ["8b506e4a-c343-467b-aad6-300a9bfac355"], "originaldate": ["2011-12-12"], "musicbrainz_albumid": ["6d3b6a64-7691-48d2-82aa-930a134b836f"], "artist": ["Chicane"], "artistsort": ["Chicane"], "tracknumber": ["6/11"], "label": ["Modena Records"], "albumartistsort": ["Chicane", "Chicane"], "script": ["Latn"], "musicbrainz_releasegroupid": ["6bcd3750-5be9-4cf3-aa51-dcc96356c6a2"]}}, "rhythm": {"bpm_histogram_first_peak_bpm": {"dmean2": 0, "median": 129, "min": 129, "dvar2": 0, "dvar": 0, "dmean": 0, "max": 129, "var": 0, "mean": 129}, "bpm": 128.013320923, "bpm_histogram_second_peak_spread": {"dmean2": 0, "median": 0.444444417953, "min": 0.444444417953, "dvar2": 0, "dvar": 0, "dmean": 0, "max": 0.444444417953, "var": 0, "mean": 0.444444417953}, "bpm_histogram_first_peak_weight": {"dmean2": 0, "median": 0.60580021143, "min": 0.60580021143, "dvar2": 0, "dvar": 0, "dmean": 0, "max": 0.60580021143, "var": 0, "mean": 0.60580021143}, "onset_rate": 5.57904672623, "beats_position": [0.417959183455, 0.847528338432, 1.28870749474, 1.74149656296, 2.20589566231, 2.67029476166, 3.13469386101, 3.59909296036, 4.06349182129, 4.53950119019, 5.01551008224, 5.47990942001, 5.94430828094, 6.40870714188, 6.88471651077, 7.36072540283, 7.8251247406, 8.28952407837, 8.75392246246, 9.22993183136, 9.70594120026, 10.1703395844, 10.6347389221, 11.0991382599, 11.5635375977, 12.0395460129, 12.5155553818, 12.9799547195, 13.4443531036, 13.9087524414, 14.3847618103, 14.8607711792, 15.3251695633, 15.7895689011, 16.2539672852, 16.7299766541, 17.2059860229, 17.6703853607, 18.1347846985, 18.5991840363, 19.0635814667, 19.5395908356, 20.0156002045, 20.4799995422, 20.94439888, 21.4087982178, 21.8848075867, 22.3608150482, 22.825214386, 23.2896137238, 23.7540130615, 24.2300224304, 24.7060317993, 25.1704311371, 25.6348285675, 26.0992279053, 26.563627243, 27.0396366119, 27.5156459808, 27.9800453186, 28.4444446564, 28.9088420868, 29.3848514557, 29.8608608246, 30.3252601624, 30.7896595001, 31.2540588379, 31.7300682068, 32.2060775757, 32.6704750061, 33.1348762512, 33.5992736816, 34.0752830505, 34.5512924194, 35.0156898499, 35.480091095, 35.9444885254, 36.4088897705, 36.8848991394, 37.3609046936, 37.8253059387, 38.2897033691, 38.7541046143, 39.2301139832, 39.7061233521, 40.1705207825, 40.6349182129, 41.099319458, 41.5753288269, 42.0513381958, 42.5273475647, 43.0265769958, 43.5374145508, 44.0482521057, 44.5707015991, 45.0699310303, 45.5575485229, 46.0219497681, 46.497959137, 46.9739685059, 47.4383659363, 47.9027671814, 48.3671646118, 48.8431739807, 49.3191833496, 49.78358078, 50.2479820251, 50.7123794556, 51.1767807007, 51.6527900696, 52.1287956238, 52.5931968689, 53.0575942993, 53.5219955444, 53.9980049133, 54.4740142822, 54.9384117126, 55.4028091431, 55.8672103882, 56.3432197571, 56.819229126, 57.2836265564, 57.7480278015, 58.2124252319, 58.6768226624, 59.1528320312, 59.6288414001, 60.0932426453, 60.5576400757, 61.0336494446, 61.5096588135, 61.9740562439, 62.438457489, 62.9028549194, 63.3788642883, 63.8548736572, 64.3192749023, 64.7836685181, 65.2480697632, 65.7240829468, 66.200088501, 66.6644897461, 67.1288909912, 67.5932846069, 68.0576858521, 68.5220870972, 68.9980926514, 69.474105835, 69.9384994507, 70.4029006958, 70.8673019409, 71.3433074951, 71.8193206787, 72.2837142944, 72.7481155396, 73.2125167847, 73.6885223389, 74.1645355225, 74.6289291382, 75.0933303833, 75.5577316284, 76.0221328735, 76.4865264893, 76.9625396729, 77.4385452271, 77.9029464722, 78.3673477173, 78.831741333, 79.2961425781, 79.7721557617, 80.2365493774, 80.712562561, 81.1885681152, 81.6645812988, 82.1289749146, 82.5933761597, 83.0577774048, 83.5221786499, 83.9865722656, 84.4625854492, 84.9385910034, 85.4029922485, 85.8789978027, 86.3550109863, 86.8194122314, 87.2838058472, 87.7482070923, 88.2242126465, 88.6886138916, 89.1646270752, 89.6290206909, 90.093421936, 90.5578231812, 91.0222167969, 91.4982299805, 91.9742355347, 92.4386367798, 92.9030380249, 93.36743927, 93.8434448242, 94.3194503784, 94.7838516235, 95.2482528687, 95.7126541138, 96.188659668, 96.6646728516, 97.1290664673, 97.5934677124, 98.0578689575, 98.5222625732, 98.9982757568, 99.474281311, 99.9386825562, 100.403083801, 100.867477417, 101.343490601, 101.819496155, 102.2838974, 102.748298645, 103.21269989, 103.677093506, 104.153106689, 104.629112244, 105.093513489, 105.557914734, 106.02230835, 106.498321533, 106.974327087, 107.438728333, 107.903129578, 108.367523193, 108.843536377, 109.319541931, 109.783943176, 110.248344421, 110.712738037, 111.188751221, 111.664756775, 112.12915802, 112.593559265, 113.05796051, 113.522354126, 113.99836731, 114.474372864, 114.938774109, 115.403175354, 115.86756897, 116.343582153, 116.819587708, 117.283988953, 117.748390198, 118.224395752, 118.688796997, 119.164802551, 119.629203796, 120.093605042, 120.557998657, 121.022399902, 121.498413086, 121.97441864, 122.438819885, 122.90322113, 123.379226685, 123.855232239, 124.319633484, 124.784034729, 125.248435974, 125.71282959, 126.188842773, 126.653244019, 127.129249573, 127.593650818, 128.058044434, 128.534057617, 129.010070801, 129.474472046, 129.938858032, 130.403259277, 130.879272461, 131.355285645, 131.81968689, 132.284072876, 132.748474121, 133.224487305, 133.700500488, 134.164901733, 134.62928772, 135.093688965, 135.55809021, 136.022491455, 136.498504639, 136.974502563, 137.438903809, 137.903305054, 138.379318237, 138.855331421, 139.319732666, 139.784118652, 140.248519897, 140.724533081, 141.200546265, 141.66494751, 142.129333496, 142.593734741, 143.058135986, 143.522537231, 143.998550415, 144.47454834, 144.938949585, 145.40335083, 145.867752075, 146.343765259, 146.819763184, 147.284164429, 147.748565674, 148.212966919, 148.688980103, 149.153381348, 149.629379272, 150.093780518, 150.558181763, 151.034194946, 151.51020813, 151.974594116, 152.438995361, 152.903396606, 153.37940979, 153.855422974, 154.31980896, 154.784210205, 155.24861145, 155.724624634, 156.200637817, 156.665023804, 157.129425049, 157.593826294, 158.058227539, 158.534240723, 159.010253906, 159.474639893, 159.939041138, 160.403442383, 160.879455566, 161.35546875, 161.819854736, 162.284255981, 162.748657227, 163.22467041, 163.700683594, 164.16506958, 164.629470825, 165.09387207, 165.558273315, 166.034286499, 166.510284424, 166.974685669, 167.439086914, 167.903488159, 168.379501343, 168.855514526, 169.319900513, 169.784301758, 170.248703003, 170.724716187, 171.20072937, 171.665115356, 172.129516602, 172.593917847, 173.058319092, 173.534332275, 174.0103302, 174.474731445, 174.93913269, 175.403533936, 175.879547119, 176.355545044, 176.819946289, 177.284347534, 177.748748779, 178.224761963, 178.700775146, 179.165161133, 179.629562378, 180.093963623, 180.558364868, 181.034378052, 181.510375977, 181.974777222, 182.450790405, 182.926803589, 183.391204834, 183.85559082, 184.319992065, 184.796005249, 185.260406494, 185.736419678, 186.200805664, 186.665206909, 187.141220093, 187.617233276, 188.081634521, 188.546035767, 189.010421753, 189.486434937, 189.96244812, 190.426849365, 190.89125061, 191.355636597, 191.83164978, 192.296051025, 192.760452271, 193.236465454, 193.70085144, 194.165252686, 194.629653931, 195.094055176, 195.558456421, 196.034469604, 196.510467529, 196.974868774, 197.43927002, 197.903671265, 198.379684448, 198.855682373, 199.320083618, 199.784484863, 200.248886108, 200.724899292, 201.200897217, 201.665298462, 202.129699707, 202.594100952, 203.070114136, 203.546112061, 204.010513306, 204.474914551, 204.939315796, 205.403717041, 205.879730225, 206.355728149, 206.820129395, 207.28453064, 207.748931885, 208.224945068, 208.700942993, 209.165344238, 209.629745483, 210.08253479, 210.558547974, 211.034561157, 211.510559082, 211.974960327, 212.439361572, 212.903762817, 213.379776001, 213.855773926, 214.320175171, 214.784576416, 215.248977661, 215.736587524, 216.20098877, 216.665390015, 217.12979126, 217.594192505, 218.05859375, 218.534591675, 219.010604858, 219.475006104, 219.939407349, 220.403808594, 220.879821777, 221.355819702, 221.820220947, 222.284622192, 222.749023438, 223.225036621, 223.701034546, 224.165435791, 224.629837036, 225.094238281, 225.570251465, 226.04624939, 226.510650635, 226.97505188, 227.439453125, 227.90385437, 228.379852295, 228.855865479, 229.320266724, 229.784667969, 230.249069214, 230.725082397, 231.201080322, 231.665481567, 232.129882812, 232.594284058, 233.058685303, 233.534683228, 234.010696411, 234.475097656, 234.939498901, 235.415512085, 235.89151001, 236.355911255, 236.8203125, 237.284713745, 237.760726929, 238.236724854, 238.701126099, 239.165527344, 239.629928589, 240.094329834, 240.570343018, 241.046340942, 241.510742188, 241.986755371, 242.462768555, 242.927154541, 243.391555786, 243.855957031, 244.331970215, 244.807983398, 245.272369385, 245.73677063, 246.201171875, 246.677185059, 247.153198242, 247.617584229, 248.081985474, 248.546386719, 249.010787964, 249.486801147, 249.962814331, 250.427200317, 250.891601562, 251.356002808, 251.820404053, 252.296417236, 252.772415161, 253.236816406, 253.701217651, 254.165618896, 254.630020142, 255.106033325, 255.58203125, 256.046447754, 256.51083374, 256.975219727, 257.45123291, 257.927246094, 258.391662598, 258.867645264, 259.332061768, 259.808074951, 260.272460938, 260.736877441, 261.212860107, 261.688873291, 262.153289795, 262.617675781, 263.082092285, 263.546478271, 264.010864258, 264.486877441, 264.962890625, 265.427307129, 265.891693115, 266.356109619, 266.820495605, 267.296508789, 267.772521973, 268.236907959, 268.701324463, 269.165710449, 269.630096436, 270.106109619, 270.582122803, 271.046539307, 271.510925293, 271.975311279, 272.451324463, 272.927337646, 273.39175415, 273.856140137, 274.320526123, 274.796539307, 275.27255249, 275.736968994, 276.20135498, 276.665740967, 277.130157471, 277.606170654, 278.082183838, 278.546569824, 279.010955811, 279.475372314, 279.951385498, 280.415771484, 280.891784668, 281.356170654, 281.820587158, 282.296600342, 282.772613525, 283.236999512, 283.701385498, 284.165802002, 284.630187988, 285.106201172, 285.582214355, 286.046630859, 286.511016846, 286.975402832, 287.451416016, 287.927429199, 288.391845703, 288.856231689, 289.320617676, 289.796630859, 290.272644043, 290.737060547, 291.201446533, 291.66583252, 292.130249023, 292.606262207, 293.082275391, 293.546661377, 294.011047363, 294.475463867, 294.951477051, 295.427490234, 295.891876221, 296.356262207, 296.832275391, 297.308288574, 297.772705078, 298.237091064, 298.701477051, 299.165893555, 299.630279541, 300.094696045, 300.582305908, 301.046691895, 301.511108398, 301.975494385, 302.439910889, 302.915924072, 303.391906738, 303.856323242, 304.320709229, 304.785125732, 305.261138916, 305.7371521, 306.201538086, 306.665924072, 307.130340576, 307.60635376, 308.082366943, 308.54675293, 309.011138916, 309.47555542, 309.939941406, 310.41595459, 310.891967773, 311.35635376, 311.820770264, 312.28515625, 312.761169434, 313.237182617, 313.701568604, 314.165985107, 314.630371094, 315.106384277, 315.582397461, 316.046783447, 316.511199951, 316.975585938, 317.440002441, 317.916015625, 318.391998291, 318.856414795, 319.320800781, 319.785217285, 320.261230469, 320.737213135, 321.201629639, 321.666015625, 322.130432129, 322.594818115, 323.082427979, 323.546844482, 324.011230469, 324.475646973, 324.940032959, 325.416046143, 325.892059326, 326.356445312, 326.820861816, 327.285247803, 327.761260986, 328.23727417, 328.701660156, 329.16607666, 329.630462646, 330.10647583, 330.582489014, 331.046875, 331.511291504, 331.987304688, 332.451690674, 332.916107178, 333.392089844, 333.856506348, 334.320892334, 334.785308838, 335.261322021, 335.737304688, 336.201721191, 336.666107178, 337.142120361, 337.618133545, 338.082519531, 338.546936035, 339.011322021, 339.475738525, 339.951751709, 340.427734375, 340.892150879, 341.356536865, 341.820953369, 342.285339355, 342.761352539, 343.237365723, 343.701751709, 344.166168213, 344.630554199, 345.106567383, 345.582580566, 346.046966553, 346.511383057, 346.975769043, 347.451782227, 347.92779541, 348.392181396, 348.8565979, 349.320983887, 349.785400391, 350.261413574, 350.73739624, 351.201812744, 351.66619873, 352.142211914, 352.618225098, 353.082611084, 353.547027588, 354.011413574, 354.475830078, 354.940216064, 355.416229248, 355.892242432, 356.356628418, 356.821044922, 357.285430908, 357.761444092, 358.237457275, 358.701843262, 359.166259766, 359.642272949, 360.118255615, 360.582672119, 361.047058105, 361.511474609, 361.987487793, 362.463470459, 362.927886963, 363.392272949, 363.856689453, 364.321075439, 364.797088623, 365.273101807, 365.737487793, 366.201904297, 366.666290283, 367.142303467, 367.61831665, 368.082702637, 368.547119141, 369.011505127, 369.487518311, 369.963531494, 370.42791748, 370.892333984, 371.356719971, 371.821136475, 372.297149658, 372.773132324, 373.237548828, 373.701934814, 374.166351318, 374.642364502, 375.118347168, 375.582763672, 376.058776855, 376.534790039, 377.022399902, 377.521636963, 378.044067383, 378.543304443, 379.065765381, 379.541748047, 380.01776123, 380.493774414, 380.969787598, 381.434173584, 381.898590088, 382.362976074, 382.838989258, 383.315002441, 383.779388428, 384.243804932, 384.708190918, 385.184204102, 385.648620605, 386.124633789, 386.589019775, 387.053405762, 387.517822266, 387.993835449, 388.469848633, 388.934234619, 389.398620605, 389.863037109, 390.339050293, 390.815063477, 391.279449463, 391.743835449, 392.219848633, 392.695861816, 393.16027832, 393.624664307, 394.089050293, 394.553466797, 395.02947998, 395.505493164, 395.96987915, 396.434265137, 396.898681641, 397.374694824, 397.850708008, 398.315093994, 398.77947998, 399.243896484, 399.708282471, 400.184295654, 400.660308838, 401.124694824, 401.589111328, 402.053497314, 402.529510498, 403.005523682, 403.469909668, 403.934326172, 404.398712158, 404.874725342, 405.350738525, 405.815155029, 406.279541016, 406.743927002, 407.219940186, 407.695953369, 408.160369873, 408.624755859, 409.089141846, 409.565155029, 410.041168213, 410.505584717, 410.969970703, 411.434356689, 411.898773193, 412.374786377, 412.850799561, 413.315185547, 413.779571533, 414.243988037, 414.720001221, 415.196014404, 415.660400391, 416.124786377, 416.589202881, 417.065216064, 417.541229248, 418.005615234, 418.470001221, 418.934417725, 419.398803711, 419.874816895, 420.350830078, 420.815216064, 421.279632568, 421.744018555, 422.220031738, 422.696044922, 423.160430908, 423.624847412, 424.089233398, 424.565246582, 425.041259766, 425.50567627, 425.970062256, 426.434448242, 426.910461426, 427.386474609, 427.850891113, 428.3152771, 428.779663086, 429.24407959, 429.720092773, 430.196105957, 430.660491943, 431.12487793, 431.589294434, 432.065307617, 432.541320801, 433.005706787, 433.470092773, 433.934509277, 434.410522461, 434.886535645, 435.362518311, 435.884979248, 436.419036865, 436.953094482, 437.4871521], "beats_loudness": {"dmean2": 0.060249991715, "median": 0.0591893792152, "min": 0, "dvar2": 0.00400041090325, "dvar": 0.00131126388442, "dmean": 0.0336274765432, "max": 0.23696769774, "var": 0.00165133923292, "mean": 0.0551941134036}, "danceability": 1.29211699963, "bpm_histogram_second_peak_weight": {"dmean2": 0, "median": 0.00537056941539, "min": 0.00537056941539, "dvar2": 0, "dvar": 0, "dmean": 0, "max": 0.00537056941539, "var": 0, "mean": 0.00537056941539}, "beats_count": 932, "bpm_histogram_second_peak_bpm": {"dmean2": 0, "median": 123, "min": 123, "dvar2": 0, "dvar": 0, "dmean": 0, "max": 123, "var": 0, "mean": 123}, "bpm_histogram_first_peak_spread": {"dmean2": 0, "median": 0.380900084972, "min": 0.380900084972, "dvar2": 0, "dvar": 0, "dmean": 0, "max": 0.380900084972, "var": 0, "mean": 0.380900084972}, "beats_loudness_band_ratio": {"dmean2": [0.346321374178, 0.126043274999, 0.112781226635, 0.0882254466414, 0.0915624797344, 0.244198217988], "median": [0.747962653637, 0.0419102087617, 0.0365957766771, 0.0247058309615, 0.018013317138, 0.0438924916089], "min": [0, 0, 0, 0, 0, 0], "dvar2": [0.112461574376, 0.0414030142128, 0.0245782919228, 0.0221676304936, 0.0197821650654, 0.0789883956313], "dvar": [0.0394370034337, 0.0145354941487, 0.00864461343735, 0.00740612484515, 0.00750724365935, 0.0284797437489], "dmean": [0.190123900771, 0.0730493888259, 0.0644044056535, 0.0498992614448, 0.0531789809465, 0.12768791616], "max": [0.999879598618, 0.873884320259, 0.810477077961, 0.742419362068, 0.669996023178, 0.861671388149], "var": [0.103378206491, 0.0108113046736, 0.0120922932401, 0.0101542370394, 0.012878395617, 0.0211193617433], "mean": [0.634322404861, 0.0736568197608, 0.0759998932481, 0.0607599318027, 0.0669103190303, 0.101226344705]}}, "lowlevel": {"barkbands_spread": {"dmean2": 18.4599056244, "median": 15.2903089523, "min": 0.0526300668716, "dvar2": 599.944824219, "dvar": 297.56918335, "dmean": 11.7546796799, "max": 135.043243408, "var": 719.640991211, "mean": 24.9237060547}, "melbands_spread": {"dmean2": 17.8028583527, "median": 9.09535694122, "min": 0.0593726523221, "dvar2": 773.053466797, "dvar": 341.811523438, "dmean": 11.1045684814, "max": 240.083236694, "var": 841.174560547, "mean": 22.4608211517}, "hfc": {"dmean2": 21.3073539734, "median": 13.4284706116, "min": 1.06282431821e-16, "dvar2": 1416.64868164, "dvar": 584.880065918, "dmean": 13.8732347488, "max": 199.309280396, "var": 716.803100586, "mean": 21.8556346893}, "barkbands_kurtosis": {"dmean2": 63.2471160889, "median": 7.91462802887, "min": -1.94613289833, "dvar2": 40640.96875, "dvar": 17995.5800781, "dmean": 41.0594673157, "max": 2112.69873047, "var": 48090.828125, "mean": 66.066947937}, "gfcc": {"mean": [-26.3431777954, 54.0808258057, -78.1708450317, 36.5238113403, -34.0883102417, 26.3062858582, -27.4935131073, 15.0599975586, -17.7795619965, 10.7911567688, -14.7816257477, 3.38537430763, -12.3975458145], "icov": [[8.89077055035e-05, -8.17817999632e-05, 3.23412714351e-05, 3.76032257918e-05, 4.4956606871e-05, -0.000196214197786, 0.000235659463215, -2.46046074608e-05, 0.000251970224781, -0.000259242980974, 0.000187985162484, -3.41564191331e-05, 9.94246365735e-05], [-8.17817999632e-05, 0.000766752520576, -0.000247998425039, 0.000322564505041, -0.000340408238117, 0.000658921722788, -3.81229074264e-05, 0.000265594513621, -0.000820547691546, 0.00137228693347, -0.000893255055416, 0.000753197236918, -0.000425016653026], [3.23412714351e-05, -0.000247998425039, 0.000760109280236, -0.000575298792683, 4.68860416731e-05, -0.000307769427309, -0.00063365790993, 0.000619382597506, 0.000281149841612, -0.000823262496851, 0.00140648381785, -0.0003563692444, 6.72741080052e-05], [3.76032257918e-05, 0.000322564505041, -0.000575298792683, 0.00248170411214, -0.00100795796607, -0.000426191021688, 0.000489158497658, -0.000913066847716, 0.00051543454174, 0.000572199118324, -0.000234239880228, 0.000110242457595, 0.000106855746708], [4.4956606871e-05, -0.000340408238117, 4.68860416731e-05, -0.00100795796607, 0.0047024441883, -0.00170011457521, -0.00207103439607, 0.000827273412142, -0.00118256593123, 0.000861036649439, -0.00144096661825, 0.000611394061707, 0.000230770427152], [-0.000196214197786, 0.000658921722788, -0.000307769427309, -0.000426191021688, -0.00170011457521, 0.00699792569503, -0.00306897121482, -0.00128144572955, 0.000326510489685, -0.00138618669007, 0.00160046201199, -0.00206517265178, 0.000953788519837], [0.000235659463215, -3.81229074264e-05, -0.00063365790993, 0.000489158497658, -0.00207103439607, -0.00306897121482, 0.0110244862735, -0.00342141883448, -0.000366374733858, 0.00128431105986, -0.00500738294795, 0.00328689371236, -0.0023182281293], [-2.46046074608e-05, 0.000265594513621, 0.000619382597506, -0.000913066847716, 0.000827273412142, -0.00128144572955, -0.00342141883448, 0.0152446888387, -0.00552278710529, -0.00401551602408, 0.00496921641752, -0.00400623679161, 0.0023147216998], [0.000251970224781, -0.000820547691546, 0.000281149841612, 0.00051543454174, -0.00118256593123, 0.000326510489685, -0.000366374733858, -0.00552278710529, 0.0139833539724, -0.00544990971684, -0.00194990390446, 0.00331957056187, -0.00430485745892], [-0.000259242980974, 0.00137228693347, -0.000823262496851, 0.000572199118324, 0.000861036649439, -0.00138618669007, 0.00128431105986, -0.00401551602408, -0.00544990971684, 0.0193060897291, -0.00879496429116, -0.000857361592352, 0.00297180283815], [0.000187985162484, -0.000893255055416, 0.00140648381785, -0.000234239880228, -0.00144096661825, 0.00160046201199, -0.00500738294795, 0.00496921641752, -0.00194990390446, -0.00879496429116, 0.0223088897765, -0.00854102801532, -0.00104391470086], [-3.41564191331e-05, 0.000753197236918, -0.0003563692444, 0.000110242457595, 0.000611394061707, -0.00206517265178, 0.00328689371236, -0.00400623679161, 0.00331957056187, -0.000857361592352, -0.00854102801532, 0.0218204949051, -0.0116361519322], [9.94246365735e-05, -0.000425016653026, 6.72741080052e-05, 0.000106855746708, 0.000230770427152, 0.000953788519837, -0.0023182281293, 0.0023147216998, -0.00430485745892, 0.00297180283815, -0.00104391470086, -0.0116361519322, 0.0209102686495]], "cov": [[17800.3046875, 943.010192871, -827.001159668, -817.050170898, -1009.44830322, -331.032318115, -1007.08764648, -327.737213135, -650.961547852, -181.094726562, -492.778442383, -220.235229492, -363.20111084], [943.010192871, 2692.22973633, 106.384567261, -421.48614502, 12.2025852203, -424.330352783, -88.1781539917, -229.688247681, 30.2283039093, -235.598754883, 9.19486427307, -141.434173584, 48.3804779053], [-827.001159668, 106.384567261, 2401.06933594, 704.365112305, 332.419708252, 330.799987793, 245.650161743, 29.5586929321, -23.5913200378, 15.3009414673, -93.1618881226, -24.7598953247, -25.4860553741], [-817.050170898, -421.48614502, 704.365112305, 783.223999023, 285.222229004, 273.140167236, 166.2603302, 96.5470657349, 17.2685451508, 48.2967720032, -1.41927933693, 25.9341259003, -7.76022005081], [-1009.44830322, 12.2025852203, 332.419708252, 285.222229004, 506.193939209, 238.717163086, 253.299240112, 79.7635345459, 117.22467804, 54.8222923279, 90.8155288696, 29.4509239197, 42.5627174377], [-331.032318115, -424.330352783, 330.799987793, 273.140167236, 238.717163086, 396.152709961, 199.68309021, 124.502174377, 63.1871948242, 98.3430938721, 38.3904190063, 56.6838493347, 10.6324100494], [-1007.08764648, -88.1781539917, 245.650161743, 166.2603302, 253.299240112, 199.68309021, 287.98223877, 99.3741912842, 110.995140076, 69.2235794067, 89.8516921997, 38.6442565918, 49.3825950623], [-327.737213135, -229.688247681, 29.5586929321, 96.5470657349, 79.7635345459, 124.502174377, 99.3741912842, 151.318511963, 84.3370742798, 78.4761428833, 31.8008613586, 39.9613494873, 14.0434293747], [-650.961547852, 30.2283039093, -23.5913200378, 17.2685451508, 117.22467804, 63.1871948242, 110.995140076, 84.3370742798, 177.942169189, 76.4592514038, 77.7804794312, 31.9147377014, 49.9009284973], [-181.094726562, -235.598754883, 15.3009414673, 48.2967720032, 54.8222923279, 98.3430938721, 69.2235794067, 78.4761428833, 76.4592514038, 131.690338135, 63.1818618774, 46.1697769165, 15.5445623398], [-492.778442383, 9.19486427307, -93.1618881226, -1.41927933693, 90.8155288696, 38.3904190063, 89.8516921997, 31.8008613586, 77.7804794312, 63.1818618774, 128.749099731, 60.4231338501, 53.6100120544], [-220.235229492, -141.434173584, -24.7598953247, 25.9341259003, 29.4509239197, 56.6838493347, 38.6442565918, 39.9613494873, 31.9147377014, 46.1697769165, 60.4231338501, 107.330039978, 57.8219070435], [-363.20111084, 48.3804779053, -25.4860553741, -7.76022005081, 42.5627174377, 10.6324100494, 49.3825950623, 14.0434293747, 49.9009284973, 15.5445623398, 53.6100120544, 57.8219070435, 96.5380935669]]}, "spectral_energyband_middle_low": {"dmean2": 0.00915416982025, "median": 0.0029535680078, "min": 1.61442895987e-22, "dvar2": 0.000308182148729, "dvar": 0.000125810765894, "dmean": 0.00562467100099, "max": 0.238594830036, "var": 0.000408223771956, "mean": 0.0114092035219}, "melbands_crest": {"dmean2": 6.24609136581, "median": 20.1815166473, "min": 1.63986110687, "dvar2": 40.7103614807, "dvar": 16.8056259155, "dmean": 4.07256269455, "max": 37.785358429, "var": 68.9673995972, "mean": 20.3798484802}, "spectral_kurtosis": {"dmean2": 3.11785340309, "median": 3.47063350677, "min": -1.26673352718, "dvar2": 27.7009181976, "dvar": 11.46875, "dmean": 2.02174305916, "max": 65.0675125122, "var": 18.8132858276, "mean": 4.44029331207}, "spectral_rms": {"dmean2": 0.00202240073122, "median": 0.0061680576764, "min": 3.09597703377e-12, "dvar2": 4.87616762257e-06, "dvar": 2.0365034743e-06, "dmean": 0.00132555235177, "max": 0.0167759377509, "var": 1.16170613182e-05, "mean": 0.00603684969246}, "zerocrossingrate": {"dmean2": 0.0249602962285, "median": 0.04931640625, "min": 0.001953125, "dvar2": 0.000889338902198, "dvar": 0.00071091519203, "dmean": 0.021269403398, "max": 0.5283203125, "var": 0.00470885913819, "mean": 0.069707006216}, "silence_rate_60dB": {"dmean2": 0.109196923673, "median": 0, "min": 0, "dvar2": 0.118704639375, "dvar": 0.0516231097281, "dmean": 0.054595567286, "max": 1, "var": 0.0905894041061, "mean": 0.100757934153}, "erbbands_kurtosis": {"dmean2": 4.81907510757, "median": 0.170251607895, "min": -1.89952301979, "dvar2": 356.692962646, "dvar": 124.265068054, "dmean": 2.83461523056, "max": 282.095397949, "var": 137.312667847, "mean": 2.52451753616}, "erbbands": {"dmean2": [0.468169331551, 4.77559041977, 11.2574949265, 18.0663223267, 13.6886415482, 6.21530675888, 9.49424552917, 11.3939504623, 8.93732357025, 12.2101316452, 12.3237628937, 14.7107057571, 7.91450595856, 8.13706684113, 15.9851922989, 15.5471954346, 21.2941513062, 17.9420528412, 19.3250598907, 20.3988380432, 16.4113883972, 17.7034053802, 12.3433055878, 12.6892433167, 15.3378067017, 9.31261444092, 7.58727884293, 9.1873216629, 7.69727087021, 6.40832471848, 7.08492183685, 4.77220106125, 5.04843950272, 3.72379827499, 2.97134566307, 1.40266573429, 0.772719800472, 0.140995725989, 0.0096339341253, 0.00033399334643], "median": [0.23718111217, 2.08840632439, 1.78610312939, 1.67948031425, 1.54734897614, 1.00794899464, 1.58628165722, 2.13709759712, 2.01010394096, 2.41276717186, 3.47655725479, 4.10271024704, 2.63941574097, 3.07298898697, 4.18218374252, 4.61727952957, 5.26606702805, 5.33050346375, 5.35461807251, 5.79557323456, 4.88749790192, 4.47600269318, 3.85894203186, 3.0753929615, 2.97134828568, 2.65264892578, 2.27098298073, 1.80543768406, 1.70423448086, 1.36329126358, 1.17417478561, 0.8915361166, 0.773316085339, 0.629878759384, 0.366619467735, 0.15878906846, 0.0595636181533, 0.0123508097604, 0.00134786462877, 0.000104268896393], "min": [1.07369535403e-22, 4.30510552278e-22, 2.71359952291e-21, 5.34189927633e-21, 8.8157129212e-21, 2.00417477524e-20, 5.6589099453e-20, 6.08080372321e-20, 8.68975270095e-20, 1.58654611506e-19, 2.60638536408e-19, 2.67642584847e-19, 5.95827294209e-19, 8.97795884073e-19, 7.00533987495e-19, 1.28709365352e-18, 1.12507482091e-18, 2.01206059175e-18, 2.66648246542e-18, 2.98018719722e-18, 3.70760341725e-18, 4.08796339677e-18, 4.85836633208e-18, 5.70372341141e-18, 7.39694516811e-18, 7.97544633721e-18, 9.14587960701e-18, 9.86987274687e-18, 8.99294052919e-18, 1.12307535994e-17, 1.03704137976e-17, 1.06489850668e-17, 9.92528474892e-18, 7.90639164531e-18, 6.42932624475e-18, 4.33381388253e-18, 1.92721419478e-18, 1.01052602251e-18, 2.54403662541e-19, 2.83176849343e-20], "dvar2": [0.59434813261, 62.3832244873, 435.003845215, 1312.32458496, 1058.46289062, 159.92678833, 436.526367188, 1019.55780029, 406.576293945, 670.451049805, 741.14654541, 1664.78942871, 267.898681641, 255.054489136, 1061.26171875, 1101.0012207, 2674.87963867, 1127.35192871, 1350.77197266, 1607.25512695, 1187.53613281, 1228.12487793, 533.052856445, 851.572753906, 1704.40734863, 305.605255127, 209.242385864, 324.699279785, 207.319732666, 161.497833252, 223.929443359, 99.8933639526, 120.341369629, 62.7717933655, 46.4500045776, 10.1780004501, 4.12360429764, 0.14283503592, 0.00063847162528, 6.2689770175e-07], "dvar": [0.247521713376, 21.9803771973, 178.652252197, 494.706298828, 396.051879883, 64.3283691406, 189.662612915, 464.345062256, 154.693237305, 327.196380615, 342.122192383, 838.198852539, 111.617988586, 107.684570312, 443.375518799, 502.695922852, 1191.27319336, 459.209686279, 548.786743164, 862.875488281, 505.266815186, 516.868041992, 206.29359436, 304.104827881, 596.269897461, 123.62726593, 78.30418396, 126.301986694, 85.0385742188, 66.8977890015, 91.0057601929, 43.4742202759, 48.9494400024, 26.3322868347, 18.9264240265, 4.40449810028, 1.65417301655, 0.0573345758021, 0.000249735865509, 2.49006546937e-07], "dmean": [0.331504583359, 3.04665446281, 7.28190326691, 10.8974056244, 8.12505245209, 3.81567120552, 6.08359670639, 7.39840459824, 5.38144159317, 7.97681188583, 8.02827548981, 9.64405250549, 5.01070928574, 5.16406393051, 9.88726615906, 9.79171180725, 13.6023893356, 10.772986412, 11.6447839737, 13.48985672, 10.0043029785, 10.5085144043, 7.30986213684, 7.20137500763, 8.55592632294, 5.64560604095, 4.55164909363, 5.60319423676, 4.77620887756, 4.09016132355, 4.40204524994, 3.16377091408, 3.2719681263, 2.42940068245, 1.91227173805, 0.918884336948, 0.487054109573, 0.0890320837498, 0.00589737575501, 0.000204534997465], "ma