{"tonal": {"thpcp": [1, 0.640642285347, 0.156539559364, 0.110939860344, 0.135592147708, 0.204310491681, 0.478577047586, 0.560480594635, 0.275081545115, 0.184085845947, 0.219794854522, 0.132984057069, 0.0608773604035, 0.0631510615349, 0.0770339295268, 0.111698374152, 0.132519811392, 0.0896153897047, 0.0548977032304, 0.0750825032592, 0.160545170307, 0.337040811777, 0.35204359889, 0.203010544181, 0.150270044804, 0.130969583988, 0.106626644731, 0.141176104546, 0.149963960052, 0.117152109742, 0.178507223725, 0.203358307481, 0.101153023541, 0.0755267962813, 0.150705814362, 0.559506177902], "hpcp": {"dmean2": [0.0739566758275, 0.0740917548537, 0.087676435709, 0.0937703251839, 0.0922289192677, 0.072862714529, 0.055518142879, 0.0549501217902, 0.087006226182, 0.176776975393, 0.176843613386, 0.120107389987, 0.111361086369, 0.119397632778, 0.0959538966417, 0.105740658939, 0.131807997823, 0.133773818612, 0.148450940847, 0.143889158964, 0.0797088220716, 0.0841625481844, 0.170644268394, 0.238468036056, 0.32361215353, 0.24975886941, 0.103403285146, 0.103554368019, 0.124118499458, 0.170307382941, 0.338617891073, 0.346571773291, 0.229364037514, 0.1758595258, 0.149837642908, 0.107616946101], "median": [0.00342393107712, 0.00355057232082, 0.00421099271625, 0.0130907539278, 0.0167097523808, 0.0099839149043, 0.00411704229191, 0.00378286396153, 0.0171064473689, 0.045620597899, 0.049923684448, 0.0204413384199, 0.00835885480046, 0.00603301264346, 0.00950625352561, 0.0197314471006, 0.0209039170295, 0.0114392209798, 0.022164683789, 0.024935439229, 0.0127239115536, 0.00367988925427, 0.00418491987512, 0.265792131424, 0.441864609718, 0.432136237621, 0.015183958225, 0.00406762678176, 0.00349413161166, 0.0150840897113, 0.0657877922058, 0.0869347676635, 0.0470602437854, 0.0179827529937, 0.0180448330939, 0.00922528095543], "min": [0, 0, 0, 0, 0, 0, 0, 0, 0, 0, 0, 0, 0, 0, 0, 0, 0, 0, 0, 0, 0, 0, 0, 0, 0, 0, 0, 0, 0, 0, 0, 0, 0, 0, 0, 0], "dvar2": [0.0451038740575, 0.0326955094934, 0.052988037467, 0.0403411909938, 0.0328550115228, 0.0224244557321, 0.0163054969162, 0.0155443307012, 0.0245077461004, 0.0735905766487, 0.0747033879161, 0.0441576875746, 0.0482212752104, 0.0543673634529, 0.0382097139955, 0.0424472354352, 0.0666886046529, 0.0640037506819, 0.063927963376, 0.0628318861127, 0.0229271743447, 0.0361024551094, 0.125382453203, 0.102461203933, 0.207149162889, 0.106242395937, 0.0386826433241, 0.049793317914, 0.0628256350756, 0.0699927508831, 0.188901007175, 0.181747421622, 0.111639223993, 0.091250218451, 0.0717936530709, 0.0554797947407], "dvar": [0.0157561209053, 0.0117102339864, 0.0184275656939, 0.0143110519275, 0.0121396062896, 0.00796820130199, 0.00611377460882, 0.00594566017389, 0.00990679860115, 0.0319295339286, 0.0311629157513, 0.0171012859792, 0.0190162304789, 0.0207898393273, 0.0144219715148, 0.0174566227943, 0.0243898779154, 0.0230961330235, 0.0249648522586, 0.0252093169838, 0.0084823332727, 0.0130409095436, 0.0468655340374, 0.044044431299, 0.0931302979589, 0.0419597998261, 0.0135969687253, 0.0181680880487, 0.0230097118765, 0.0273122452199, 0.0744113475084, 0.0806552916765, 0.0417521744967, 0.0348693430424, 0.0295850746334, 0.0202859062701], "dmean": [0.0405370183289, 0.0413242019713, 0.0490752644837, 0.0541365556419, 0.0547226779163, 0.0420397333801, 0.0320012271404, 0.0329367034137, 0.0537133216858, 0.107598625124, 0.110320396721, 0.0723275840282, 0.0660316571593, 0.0705682784319, 0.0561175234616, 0.0621828883886, 0.0762485936284, 0.0751162841916, 0.0850866809487, 0.0856460854411, 0.0469218119979, 0.0477536059916, 0.0950218439102, 0.133890062571, 0.176320672035, 0.140149205923, 0.0607292093337, 0.0584602244198, 0.0716042071581, 0.0969969034195, 0.198537260294, 0.200271323323, 0.134865880013, 0.0992612317204, 0.0886698290706, 0.0626668781042], "max": [1, 1, 1, 1, 1, 1, 1, 1, 1, 1, 1, 1, 1, 1, 1, 1, 1, 1, 1, 1, 1, 1, 1, 1, 1, 1, 1, 1, 1, 1, 1, 1, 1, 1, 1, 1], "var": [0.0103562036529, 0.00847755372524, 0.0131011502817, 0.0152020072564, 0.0162630770355, 0.00836989749223, 0.00545266410336, 0.00843835435808, 0.0280236527324, 0.0725762099028, 0.0733477026224, 0.0412695519626, 0.0295665077865, 0.022764839232, 0.0151430722326, 0.0260921884328, 0.023569824174, 0.0172181464732, 0.03086524643, 0.0364868678153, 0.00997754372656, 0.0103903226554, 0.0410031937063, 0.0715542435646, 0.200375959277, 0.0763416588306, 0.0286973379552, 0.0234015658498, 0.0288511365652, 0.0453635528684, 0.105663068593, 0.129793003201, 0.0443773046136, 0.0357886813581, 0.049897942692, 0.0227093901485], "mean": [0.0313041098416, 0.0324732847512, 0.0396120734513, 0.0574370846152, 0.068143799901, 0.046081662178, 0.0282292738557, 0.0386086218059, 0.0825548842549, 0.173311755061, 0.181026428938, 0.104391261935, 0.0772712528706, 0.0673466473818, 0.054829120636, 0.0725950077176, 0.0771138593554, 0.0602414831519, 0.0917912572622, 0.10457008332, 0.0520144961774, 0.038837082684, 0.0774953365326, 0.287707000971, 0.514215946198, 0.329428464174, 0.080495133996, 0.057047046721, 0.0697236433625, 0.105059713125, 0.246091946959, 0.288208067417, 0.141451314092, 0.0946598798037, 0.113022021949, 0.0683825239539]}, "tuning_equal_tempered_deviation": 0.211782097816, "chords_changes_rate": 0.0432450547814, "key_key": "F", "tuning_diatonic_strength": 0.593551933765, "key_scale": "minor", "chords_number_rate": 0.00117331545334, "tuning_frequency": 434.193115234, "tuning_nontempered_energy_ratio": 0.846499443054, "chords_histogram": [57.3248405457, 6.01743221283, 13.4596042633, 1.84378147125, 0.0670465976, 1.82701981068, 0.351994633675, 0.771035850048, 0, 13.9121685028, 0.452564537525, 0.486087828875, 0.184378147125, 0, 0, 0.117331542075, 0.63694268465, 0.821320831776, 0.0838082432747, 0, 0, 0.0167616494, 0.519611120224, 1.10626888275], "key_strength": 0.677306473255, "chords_key": "F", "chords_strength": {"dmean2": 0.00859499815851, "median": 0.467211961746, "min": -1, "dvar2": 0.000685551727656, "dvar": 0.000359207275324, "dmean": 0.00775802042335, "max": 0.72168391943, "var": 0.00918859057128, "mean": 0.465186953545}, "chords_scale": "minor", "hpcp_entropy": {"dmean2": 1.12713909149, "median": 1.880453825, "min": 0, "dvar2": 0.829224288464, "dvar": 0.376451015472, "dmean": 0.683995008469, "max": 4.6603679657, "var": 0.748378515244, "mean": 1.9948798418}}, "metadata": {"audio_properties": {"equal_loudness": 0, "codec": "flac", "downmix": "mix", "sample_rate": 44100, "analysis_sample_rate": 44100, "bit_rate": 0, "md5_encoded": "7e4586fbe9f4f8fd95e3276ac6e9a9b3", "length": 277, "replay_gain": -15.431968689, "lossless": true}, "version": {"essentia_build_sha": "2d9f1f26377add8aeb1075a9c2973f962c4f09fd", "essentia": "2.1-beta2", "extractor": "music 1.0", "essentia_git_sha": "v2.1_beta2-1-ge3940c0"}, "tags": {"title": ["Home"], "artist": ["Shiva"], "date": ["2014-09-14"], "file_name": "04 - Home.flac", "album": ["Dark Moon"], "tracknumber": ["4"], "musicbrainz_recordingid": ["1c7d19f5-a97b-4067-b39b-a00edff1877d"], "totaltracks": ["5"]}}, "rhythm": {"bpm_histogram_first_peak_bpm": {"dmean2": 0, "median": 80, "min": 80, "dvar2": 0, "dvar": 0, "dmean": 0, "max": 80, "var": 0, "mean": 80}, "bpm": 79.9572677612, "bpm_histogram_second_peak_spread": {"dmean2": 0, "median": 0, "min": 0, "dvar2": 0, "dvar": 0, "dmean": 0, "max": 0, "var": 0, "mean": 0}, "bpm_histogram_first_peak_weight": {"dmean2": 0, "median": 0.920980930328, "min": 0.920980930328, "dvar2": 0, "dvar": 0, "dmean": 0, "max": 0.920980930328, "var": 0, "mean": 0.920980930328}, "onset_rate": 4.6098742485, "beats_position": [0.754648506641, 1.52090704441, 2.28716540337, 3.05342388153, 3.8196823597, 4.58594083786, 5.35219955444, 6.11845779419, 6.88471651077, 7.65097475052, 8.4172334671, 9.18349170685, 9.94974994659, 10.7043991089, 11.4590473175, 12.2136955261, 12.9683446884, 13.722992897, 14.4660310745, 15.2206802368, 15.9753284454, 16.7183666229, 17.4730148315, 18.2276649475, 18.970703125, 19.7253513336, 20.4799995422, 21.2230377197, 21.9776859283, 22.7323360443, 23.4753742218, 24.2300224304, 24.984670639, 25.7277088165, 26.470746994, 27.22539711, 27.9800453186, 28.7230834961, 29.4777317047, 30.2323799133, 30.9754180908, 31.7300682068, 32.4731063843, 33.2277526855, 33.9707946777, 34.7370529175, 35.480091095, 36.2231292725, 36.9777755737, 37.7324256897, 38.4754638672, 39.2301139832, 39.9847602844, 40.7277984619, 41.4708366394, 42.2370948792, 42.9801368713, 43.7231750488, 44.4778213501, 45.2324714661, 45.9755096436, 46.7417678833, 47.4848060608, 48.2278442383, 48.9824943542, 49.7371406555, 50.480178833, 51.2232208252, 51.9778671265, 52.7325172424, 53.4755554199, 54.2302017212, 54.9848518372, 55.7278900146, 56.4709281921, 57.2371864319, 57.9802246094, 58.7232627869, 59.4779129028, 60.2325630188, 60.9756011963, 61.7302474976, 62.473285675, 63.227935791, 63.9709739685, 64.7372360229, 65.4802703857, 66.2233123779, 66.9779586792, 67.7326049805, 68.4756469727, 69.2302932739, 69.9849395752, 70.7279815674, 71.4710159302, 72.2372741699, 72.9803161621, 73.7233581543, 74.4780044556, 75.2326507568, 75.9872970581, 76.7419509888, 77.4849853516, 78.2280273438, 78.982673645, 79.7373199463, 80.4803619385, 81.2233963013, 81.9664382935, 82.7094802856, 83.4176864624, 84.1258926392, 84.8341064453, 85.5655288696, 86.2969589233, 87.0400009155, 87.7946472168, 88.5492935181, 89.3039474487, 90.0469818115, 90.7900238037, 91.544670105, 92.2993164063, 93.0423583984, 93.7853927612, 94.5400466919, 95.2946929932, 96.037727356, 96.7923812866, 97.5470275879, 98.2900695801, 99.0331039429, 99.7993621826, 100.542404175, 101.285438538, 102.040092468, 102.79473877, 103.549385071, 104.304031372, 105.047073364, 105.790107727, 106.544761658, 107.299407959, 108.042449951, 108.785484314, 109.540130615, 110.294784546, 111.037818909, 111.792472839, 112.547119141, 113.290153503, 114.033195496, 114.787841797, 115.542495728, 116.28553009, 117.040176392, 117.794830322, 118.537864685, 119.292518616, 120.047164917, 120.79019928, 121.54485321, 122.299499512, 123.042533875, 123.785575867, 124.540222168, 125.294876099, 126.037910461, 126.792556763, 127.547210693, 128.290252686, 129.033279419, 129.78793335, 130.54258728, 131.285614014, 132.040267944, 132.794921875, 133.549560547, 134.304214478, 135.04725647, 135.801895142, 136.556549072, 137.299591064, 138.042633057, 138.797271729, 139.551925659, 140.294967651, 141.037994385, 141.792648315, 142.547302246, 143.301940918, 144.04498291, 144.799636841, 145.542678833, 146.297317505, 147.040359497, 147.795013428, 148.5496521, 149.30430603, 150.047348022, 150.790390015, 151.545028687, 152.299682617, 153.042724609, 153.785751343, 154.540405273, 155.295059204, 156.038085938, 156.792739868, 157.547393799, 158.290420532, 159.045074463, 159.799728394, 160.542770386, 161.285797119, 162.04045105, 162.79510498, 163.549743652, 164.304397583, 165.047439575, 165.790466309, 166.545120239, 167.29977417, 168.042816162, 168.785842896, 169.540496826, 170.295150757, 171.03817749, 171.792831421, 172.547485352, 173.290512085, 174.045166016, 174.799819946, 175.54284668, 176.285888672, 177.040542603, 177.795196533, 178.549835205, 179.304489136, 180.047531128, 180.790557861, 181.545211792, 182.299865723, 183.042892456, 183.797546387, 184.540588379, 185.29524231, 186.038269043, 186.792922974, 187.547576904, 188.290603638, 189.03364563, 189.788299561, 190.542938232, 191.285980225, 192.029022217, 192.783676147, 193.538314819, 194.29296875, 195.047622681, 195.790649414, 196.545303345, 197.299957275, 198.042984009, 198.786026001, 199.540679932, 200.295318604, 201.038360596, 201.793014526, 202.547653198, 203.29069519, 204.033737183, 204.788391113, 205.543029785, 206.286071777, 207.040725708, 207.79536438, 208.550018311, 209.304672241, 210.047698975, 210.790740967, 211.545394897, 212.300048828, 213.043075562, 213.786117554, 214.540771484, 215.295410156, 216.038452148, 216.781494141, 217.536148071, 218.290786743, 219.033828735, 219.788482666, 220.543121338, 221.28616333, 222.040817261, 222.795455933, 223.538497925, 224.293151855, 225.047790527, 225.802444458, 226.568710327, 227.346572876, 228.136047363, 228.937133789, 229.715011597, 230.469650269, 231.224304199, 231.97895813, 232.733596802, 233.476638794, 234.219680786, 234.974319458, 235.728973389, 236.472015381, 237.226669312, 237.981307983, 238.724349976, 239.479003906, 240.233642578, 240.97668457, 241.719726563, 242.474365234, 243.229019165, 243.983673096, 244.738311768, 245.48135376, 246.224395752, 246.979049683, 247.733688354, 248.476730347, 249.231384277, 249.986022949, 250.729064941, 251.483718872, 252.238357544, 252.981399536, 253.724441528, 254.479095459, 255.233734131, 255.976776123, 256.731414795, 257.486083984, 258.229125977, 258.972137451, 259.726806641, 260.481445313, 261.224487305, 261.979125977, 262.733795166, 263.476806641, 264.23147583, 264.986114502, 265.729156494, 266.472198486, 267.226837158, 267.981506348, 268.724517822, 269.479187012, 270.233825684, 270.976867676, 271.731506348, 272.486175537, 273.229187012, 273.972229004, 274.726898193, 275.481536865, 276.236175537], "beats_loudness": {"dmean2": 0.0441776923835, "median": 0.0457558035851, "min": 2.77077638611e-10, "dvar2": 0.00126527773682, "dvar": 0.00037677391083, "dmean": 0.0260193180293, "max": 0.123578518629, "var": 0.00072686036583, "mean": 0.0468545779586}, "danceability": 1.31011128426, "bpm_histogram_second_peak_weight": {"dmean2": 0, "median": 0.00817438680679, "min": 0.00817438680679, "dvar2": 0, "dvar": 0, "dmean": 0, "max": 0.00817438680679, "var": 0, "mean": 0.00817438680679}, "beats_count": 368, "bpm_histogram_second_peak_bpm": {"dmean2": 0, "median": 85, "min": 85, "dvar2": 0, "dvar": 0, "dmean": 0, "max": 85, "var": 0, "mean": 85}, "bpm_histogram_first_peak_spread": {"dmean2": 0, "median": 0.0688705146313, "min": 0.0688705146313, "dvar2": 0, "dvar": 0, "dmean": 0, "max": 0.0688705146313, "var": 0, "mean": 0.0688705146313}, "beats_loudness_band_ratio": {"dmean2": [1.03180730343, 0.213272497058, 0.103052482009, 0.06402849406, 0.184290319681, 0.753459393978], "median": [0.65757894516, 0.0708156228065, 0.0321315452456, 0.0173904076219, 0.0185528174043, 0.0208002626896], "min": [0.000106969164335, 6.2133098254e-05, 0.00015610398259, 0.000223737675697, 6.01618703513e-05, 2.44321881837e-06], "dvar2": [0.3595674932, 0.101657964289, 0.0240986049175, 0.00591056328267, 0.0154942972586, 0.238772779703], "dvar": [0.0934354662895, 0.0276556033641, 0.00779600907117, 0.001978762215, 0.00404222914949, 0.0631753504276], "dmean": [0.52185356617, 0.115876689553, 0.0569427460432, 0.0334698744118, 0.0930650383234, 0.377192229033], "max": [0.983792006969, 0.904516518116, 0.873168289661, 0.492975145578, 0.375907152891, 0.989858746529], "var": [0.134544253349, 0.0227375347167, 0.02160804905, 0.00202711159363, 0.00427379319444, 0.0685853362083], "mean": [0.545218884945, 0.119830213487, 0.0797858312726, 0.0319849438965, 0.0544053725898, 0.199510633945]}}, "lowlevel": {"barkbands_spread": {"dmean2": 9.25613880157, "median": 8.00294494629, "min": 0.112344145775, "dvar2": 188.053665161, "dvar": 107.681121826, "dmean": 6.28983831406, "max": 133.85697937, "var": 286.812591553, "mean": 14.6110095978}, "melbands_spread": {"dmean2": 9.49430274963, "median": 7.59536504745, "min": 0.104341037571, "dvar2": 346.574768066, "dvar": 241.572387695, "dmean": 7.50874090195, "max": 238.56072998, "var": 665.688476563, "mean": 15.8328199387}, "hfc": {"dmean2": 14.4003782272, "median": 6.69629573822, "min": 1.16448541106e-16, "dvar2": 1540.27075195, "dvar": 848.353820801, "dmean": 10.7081279755, "max": 283.836486816, "var": 1383.82324219, "mean": 16.4971370697}, "barkbands_kurtosis": {"dmean2": 11.246635437, "median": 6.8602347374, "min": -1.89123678207, "dvar2": 297.129241943, "dvar": 151.801208496, "dmean": 7.37375688553, "max": 871.543334961, "var": 808.607666016, "mean": 15.1584367752}, "gfcc": {"mean": [-81.1019515991, 104.956565857, -98.2800140381, 8.8886756897, -57.4084320068, 0.936955630779, -26.1944561005, 4.15934276581, -5.26816797256, 8.20872592926, 0.891062140465, 12.558921814, 3.69201779366], "icov": [[0.000105230727058, -5.54008802283e-05, 9.52913760557e-05, -0.000331921677571, 0.000223237409955, -0.000173058986547, 5.49029500689e-05, -2.07244320336e-05, 0.00015683597303, -0.000218472880078, 0.000258252403, -0.000101384277514, 0.00013121952361], [-5.54008802283e-05, 0.000774833722971, -3.04086313463e-07, 0.000861179374624, -0.00106139236595, 0.000215772131924, -0.000539698579814, 0.000308932503685, -0.000934540177695, 0.000750553619582, -0.000779030204285, 0.000820407934953, -0.000723032571841], [9.52913760557e-05, -3.04086313463e-07, 0.0017787712859, -0.000548532640096, -0.000316551624564, -0.00162378977984, 0.000849891046528, -0.000631453818642, -0.000303728040308, -0.000833969621453, 0.00175470672548, -0.000760770344641, 0.000446714228019], [-0.000331921677571, 0.000861179374624, -0.000548532640096, 0.00284887105227, -0.00208362611011, 0.000492471503094, -0.00119296880439, 0.000561498454772, -0.00109159119893, 0.00166375783738, -0.00156316778157, 0.000593938399106, -0.00082436890807], [0.000223237409955, -0.00106139236595, -0.000316551624564, -0.00208362611011, 0.00421841070056, -0.00101884733886, -3.04098775814e-05, -0.00043721194379, 0.00144032598473, -0.00065448670648, -0.000516576343216, 0.000681433768477, 0.00013256292732], [-0.000173058986547, 0.000215772131924, -0.00162378977984, 0.000492471503094, -0.00101884733886, 0.00646735262126, -0.00246146391146, -0.000653080700431, -0.00031961381319, 0.000855024321936, 0.000724955170881, -0.00270123034716, 0.00182985188439], [5.49029500689e-05, -0.000539698579814, 0.000849891046528, -0.00119296880439, -3.04098775814e-05, -0.00246146391146, 0.00807212851942, -0.00227158656344, -0.00143073452637, 0.00059288245393, -0.00165993801784, 0.00345234922133, -0.00189208576921], [-2.07244320336e-05, 0.000308932503685, -0.000631453818642, 0.000561498454772, -0.00043721194379, -0.000653080700431, -0.00227158656344, 0.00764380022883, -0.00252204644494, -0.0013982669916, 0.00106414640322, -0.00220192060806, 0.00136480526999], [0.00015683597303, -0.000934540177695, -0.000303728040308, -0.00109159119893, 0.00144032598473, -0.00031961381319, -0.00143073452637, -0.00252204644494, 0.0112207578495, -0.00468738982454, -0.000740646442864, 0.00146623374894, -0.00267745228484], [-0.000218472880078, 0.000750553619582, -0.000833969621453, 0.00166375783738, -0.00065448670648, 0.000855024321936, 0.00059288245393, -0.0013982669916, -0.00468738982454, 0.0119473105296, -0.00486539397389, -0.00147658551577, 0.00172441883478], [0.000258252403, -0.000779030204285, 0.00175470672548, -0.00156316778157, -0.000516576343216, 0.000724955170881, -0.00165993801784, 0.00106414640322, -0.000740646442864, -0.00486539397389, 0.0137476641685, -0.00600661337376, 0.00123214419], [-0.000101384277514, 0.000820407934953, -0.000760770344641, 0.000593938399106, 0.000681433768477, -0.00270123034716, 0.00345234922133, -0.00220192060806, 0.00146623374894, -0.00147658551577, -0.00600661337376, 0.0173602961004, -0.0107332831249], [0.00013121952361, -0.000723032571841, 0.000446714228019, -0.00082436890807, 0.00013256292732, 0.00182985188439, -0.00189208576921, 0.00136480526999, -0.00267745228484, 0.00172441883478, 0.00123214419, -0.0107332831249, 0.0142745329067]], "cov": [[18555.7753906, -3009.42260742, 945.835205078, 2628.37207031, -127.36895752, 777.363952637, 30.2815036774, 156.016296387, -256.575622559, -17.208404541, -360.980438232, 67.5711364746, -274.26663208], [-3009.42260742, 4709.62255859, -793.220031738, -423.613861084, 946.560668945, -215.74319458, 573.325500488, -68.8494949341, 388.014587402, -69.6295776367, 386.77645874, -189.97958374, 272.973754883], [945.835205078, -793.220031738, 1644.84521484, 556.755004883, 277.061767578, 583.040710449, 25.1406326294, 315.365783691, 77.4708328247, 107.046554565, -150.846832275, 119.136993408, -68.1257781982], [2628.37207031, -423.613861084, 556.755004883, 1379.2545166, 539.460144043, 316.624511719, 246.624084473, 115.691741943, 68.6324920654, -26.8667163849, 41.3781929016, 29.4200458527, 27.3110275269], [-127.36895752, 946.560668945, 277.061767578, 539.460144043, 804.027404785, 199.95211792, 276.96206665, 92.2208786011, 119.249519348, -11.2357091904, 110.326835632, -34.8412017822, 54.3990249634], [777.363952637, -215.74319458, 583.040710449, 316.624511719, 199.95211792, 430.365875244, 114.999389648, 170.049407959, 57.5994567871, 37.5691566467, -35.1073875427, 60.1065216064, -21.5843849182], [30.2815036774, 573.325500488, 25.1406326294, 246.624084473, 276.96206665, 114.999389648, 323.030792236, 97.5404968262, 128.789169312, 9.09544563293, 86.7938613892, -25.1233348846, 55.071056366], [156.016296387, -68.8494949341, 315.365783691, 115.691741943, 92.2208786011, 170.049407959, 97.5404968262, 265.827148438, 108.957992554, 86.637046814, 14.1164722443, 61.4945793152, 11.7398138046], [-256.575622559, 388.014587402, 77.4708328247, 68.6324920654, 119.249519348, 57.5994567871, 128.789169312, 108.957992554, 216.86579895, 90.3198547363, 87.05859375, 38.0698432922, 72.5906448364], [-17.208404541, -69.6295776367, 107.046554565, -26.8667163849, -11.2357091904, 37.5691566467, 9.09544563293, 86.637046814, 90.3198547363, 172.362045288, 64.6081619263, 66.160736084, 20.2300510406], [-360.980438232, 386.77645874, -150.846832275, 41.3781929016, 110.326835632, -35.1073875427, 86.7938613892, 14.1164722443, 87.05859375, 64.6081619263, 186.774902344, 58.6431732178, 80.1477127075], [67.5711364746, -189.97958374, 119.136993408, 29.4200458527, -34.8412017822, 60.1065216064, -25.1233348846, 61.4945793152, 38.0698432922, 66.160736084, 58.6431732178, 179.22492981, 99.9843673706], [-274.26663208, 272.973754883, -68.1257781982, 27.3110275269, 54.3990249634, -21.5843849182, 55.071056366, 11.7398138046, 72.5906448364, 20.2300510406, 80.1477127075, 99.9843673706, 177.984573364]]}, "spectral_energyband_middle_low": {"dmean2": 0.00723982416093, "median": 0.0053870906122, "min": 2.43732347024e-22, "dvar2": 0.000213536986848, "dvar": 7.56238223403e-05, "dmean": 0.00418887287378, "max": 0.0866271778941, "var": 7.16283393558e-05, "mean": 0.00759957823902}, "melbands_crest": {"dmean2": 4.89476251602, "median": 20.3876342773, "min": 1.74105465412, "dvar2": 28.2690849304, "dvar": 12.0417175293, "dmean": 3.13087701797, "max": 35.9904708862, "var": 67.0582122803, "mean": 21.2627182007}, "spectral_kurtosis": {"dmean2": 9.44895076752, "median": 4.95630645752, "min": -1.22711479664, "dvar2": 227.790130615, "dvar": 85.29662323, "dmean": 5.79997968674, "max": 264.405548096, "var": 197.053787231, "mean": 11.0809288025}, "spectral_rms": {"dmean2": 0.000901984574739, "median": 0.00428306311369, "min": 3.15453457626e-12, "dvar2": 2.57743272414e-06, "dvar": 1.16785201953e-06, "dmean": 0.000626449007541, "max": 0.0123455394059, "var": 7.92101400293e-06, "mean": 0.00490145711228}, "zerocrossingrate": {"dmean2": 0.0144052999094, "median": 0.0263671875, "min": 0.001953125, "dvar2": 0.00036810565507, "dvar": 0.000351834431058, "dmean": 0.0135571109131, "max": 0.7783203125, "var": 0.00398546503857, "mean": 0.0439943410456}, "silence_rate_60dB": {"dmean2": 0.0385614894331, "median": 0, "min": 0, "dvar2": 0.0422786287963, "dvar": 0.0189029630274, "dmean": 0.0192791279405, "max": 1, "var": 0.111680828035, "mean": 0.128069728613}, "erbbands_kurtosis": {"dmean2": 3.47964549065, "median": 0.806585907936, "min": -1.88403058052, "dvar2": 24.3691005707, "dvar": 9.07261657715, "dmean": 2.14993453026, "max": 73.9828720093, "var": 15.0505914688, "mean": 1.93818211555}, "erbbands": {"dmean2": [0.209772020578, 0.91391569376, 2.26470518112, 5.09108924866, 4.77856254578, 7.00730514526, 14.8443050385, 30.4323348999, 19.9102039337, 11.6605491638, 13.4836559296, 7.79250669479, 15.6195993423, 5.82765102386, 15.2731122971, 4.86353492737, 5.9056391716, 6.22626972198, 5.48975038528, 6.26768732071, 7.82744121552, 9.25537776947, 7.25198984146, 9.31362438202, 8.4228181839, 16.5109233856, 12.2705469131, 18.2051258087, 14.3049583435, 11.2504768372, 12.0699872971, 4.70484304428, 2.42249011993, 1.26229381561, 0.608977794647, 0.358111619949, 0.125214725733, 0.0301702301949, 0.00652167666703, 0.000690071727149], "median": [0.253680020571, 0.821510374546, 0.155920982361, 0.105032764375, 0.203716143966, 2.2520673275, 5.74605131149, 11.9988775253, 11.5425806046, 5.72231245041, 3.36284041405, 3.14933514595, 6.11249113083, 3.27265167236, 4.29131031036, 2.46818399429, 2.22817826271, 1.76353108883, 1.53055584431, 1.48909831047, 1.70716333389, 1.32684540749, 0.77040296793, 0.538012087345, 0.552513539791, 0.531027436256, 0.355586141348, 0.262661188841, 0.277015417814, 0.19461043179, 0.217871114612, 0.0939896330237, 0.0477089136839, 0.0224835779518, 0.0124819092453, 0.00612278841436, 0.00170228618663, 0.000370758090867, 8.02099675639e-05, 6.20634455117e-05], "min": [8.29212465809e-22, 7.81793196186e-21, 1.84620589647e-20, 7.50898662698e-20, 5.9863144941e-20, 2.6434575958e-20, 1.66922385126e-19, 6.25048483323e-19, 5.21145137508e-19, 5.53639583704e-19, 1.37580019222e-18, 9.27016039212e-19, 1.02189644721e-18, 8.13734533202e-19, 1.52205792543e-18, 3.53830063896e-18, 3.90327795423e-18, 3.72395016051e-18, 8.93555735574e-18, 5.89444727243e-18, 5.994474088e-18, 1.00332706963e-17, 1.58064338522e-17, 1.33378588979e-17, 1.6677655215e-17, 1.16861041189e-17, 1.47314663241e-17, 1.68623828437e-17, 1.33782741154e-17, 1.70948867703e-17, 1.29583418154e-17, 1.55919459194e-17, 1.32363266136e-17, 1.26252171575e-17, 8.03884394089e-18, 5.64838089253e-18, 3.61558660513e-18, 1.29656290698e-18, 3.86844041555e-19, 3.82866459569e-20], "dvar2": [0.328975975513, 8.0543718338, 79.4874954224, 295.278808594, 258.25112915, 368.048065186, 1096.65441895, 5489.79248047, 672.957885742, 413.71862793, 708.940979004, 238.622634888, 1083.52941895, 160.166900635, 1165.77990723, 78.2254180908, 74.0988998413, 174.803405762, 183.164794922, 214.259994507, 336.711730957, 886.203125, 495.424133301, 975.415527344, 612.744689941, 3400.16186523, 1552.7512207, 4511.68457031, 2059.28100586, 1503.88989258, 1463.49462891, 215.441802979, 51.7985115051, 13.5020017624, 2.14865279198, 0.537760913372, 0.0699361488223, 0.00692633306608, 0.000401878962293, 5.10625750394e-06], "dvar": [0.204601898789, 3.27798318863, 28.5109519958, 103.626182556, 89.5490264893, 126.238273621, 389.452148438, 1952.22167969, 259.035675049, 181.306793213, 296.419311523, 91.1924667358, 536.352416992, 68.3011398315, 537.489013672, 30.948884964, 26.0174789429, 67.3653182983, 78.5553817749, 97.1271820068, 150.1612854, 382.329833984, 245.687713623, 525.199951172, 399.497497559, 1671.18579102, 984.951293945, 2242.89648438, 1163.89770508, 784.400817871, 710.616271973, 102.932929993, 22.555847168, 6.3765873909, 1.05708384514, 0.242337211967, 0.0322981327772, 0.00316305900924, 0.000182460644282, 2.52364020525e-06], "dmean": [0.184684604406, 0.631776571274, 1.28401315212, 2.93813991547, 2.68979454041, 3.96762919426, 8.56604099274, 18.2191486359, 11.688539505, 7.31024551392, 8.26171398163, 4.70024061203, 10.5036315918, 3.70862317085, 9.95953559875, 2.96939277649, 3.37733435631, 3.69425845146, 3.60332894325, 4.033182621, 5.27355003357, 6.27459812164, 5.19011831284, 6.87284088135, 6.39964389801, 12.1221418381, 9.68383216858, 13.4809751511, 10.0170764923, 8.36346054077, 8.24847316742, 3.30540990829, 1.56331431866, 0.898500859737, 0.429275631905, 0.238148063421, 0.0842460468411, 0.021195570007, 0.00446907570586, 0.000499516609125], "max": [5.01027917862, 19.2917556763, 84.005821228, 159.67515564, 97.6819229126, 109.190795898, 249.437850952, 719.356933594, 240.921020508, 226.849411011, 284.858947754, 264.748168945, 648.470703125, 322.211853027, 380.212554932, 113.924476624, 65.0899047852, 263.899261475, 300.929321289, 268.601318359, 165.670303345, 330.423431396, 201.734954834, 268.192138672, 204.676513672, 453.464660645, 355.215301514, 533.142456055, 324.671783447, 250.90234375, 253.446014404, 97.1616287231, 44.3178367615, 26.1795425415, 9.60712909698, 4.08843374252, 1.57415902615, 0.561379373074, 0.13152474165, 0.0156738627702], "var": [1.78589630127, 12.2233181, 41.9071311951, 137.985870361, 66.1285400391, 83.8654403687, 304.041290283, 1895.26928711, 439.876800537, 285.551574707, 753.25189209, 328.285522461, 2256.96142578, 122.218399048, 626.275146484, 46.0006141663, 33.8126602173, 80.4422531128, 99.3109207153, 126.665008545, 206.2447052, 442.743621826, 384.926269531, 869.676391602, 790.40222168, 2145.94580078, 1729.95910645, 2958.5534668, 1948.45397949, 1142.6307373, 869.008117676, 138.408874512, 30.135427475, 8.79048442841, 1.50910723209, 0.29555913806, 0.0409070700407, 0.00428011547774, 0.000244192226091, 3.5140253658e-06], "mean": [0.960637450218, 2.53499102592, 2.03767061234, 4.16084623337, 2.86750841141, 4.43640804291, 10.2951517105, 23.9859294891, 18.1124992371, 11.6097011566, 13.6204147339, 9.9905090332, 22.7843456268, 6.60888910294, 11.8742284775, 4.60095930099, 4.42766237259, 4.6583108902, 4.63264131546, 5.23199224472, 6.5659031868, 7.72651910782, 6.97774839401, 9.24054527283, 9.23163127899, 12.6284484863, 12.0779418945, 14.1315927505, 12.7346353531, 9.61224937439, 8.34578227997, 3.72366857529, 1.81145334244, 0.993995666504, 0.463112592697, 0.236296877265, 0.084141895175, 0.0229959022254, 0.0048816325143, 0.000568605028093]}, "spectral_strongpeak": {"dmean2": 0.321893334389, "median": 0.444382488728, "min": 0, "dvar2": 0.337028443813, "dvar": 0.12927621603, "dmean": 0.199004694819, "max": 4.16401958466, "var": 0.204595088959, "mean": 0.543671548367}, "spectral_energy": {"dmean2": 0.0106803569943, "median": 0.0188032444566, "min": 1.01998655826e-20, "dvar2": 0.00052436219994, "dvar": 0.000218699322431, "dmean": 0.00722789391875, "max": 0.156222641468, "var": 0.00101271737367, "mean": 0.0327440276742}, "average_loudness": 0.700532436371, "spectral_rolloff": {"dmean2": 731.380004883, "median": 473.73046875, "min": 64.599609375, "dvar2": 2713525.25, "dvar": 1491813, "dmean": 472.549041748, "max": 21382.4707031, "var": 4885059.5, "mean": 1126.29101563}, "spectral_centroid": {"dmean2": 349.19418335, "median": 666.736572266, "min": 82.156288147, "dvar2": 200183.28125, "dvar": 159012.0625, "dmean": 272.061523438, "max": 10429.4511719, "var": 859148.6875, "mean": 1012.91821289}, "pitch_salience": {"dmean2": 0.119868725538, "median": 0.450390726328, "min": 0.0310223232955, "dvar2": 0.0183714367449, "dvar": 0.0078080589883, "dmean": 0.0759123414755, "max": 0.879406869411, "var": 0.0280790980905, "mean": 0.44737842679}, "spectral_energyband_middle_high": {"dmean2": 0.00125042314176, "median": 0.000765224045608, "min": 1.50579264007e-21, "dvar2": 5.24728739038e-06, "dvar": 3.04332229462e-06, "dmean": 0.000902948668227, "max": 0.0214587580413, "var": 6.49738103675e-06, "mean": 0.00167974201031}, "spectral_contrast_coeffs": {"dmean2": [0.0715604797006, 0.0846321806312, 0.0598430335522, 0.0506872609258, 0.0339428521693, 0.0314994156361], "median": [-0.65423232317, -0.711663365364, -0.772626757622, -0.808230936527, -0.821561157703, -0.782457053661], "min": [-0.964452922344, -0.974104523659, -0.974545776844, -0.958427906036, -0.955114781857, -0.958934009075], "dvar2": [0.00361617654562, 0.00474964873865, 0.00233760476112, 0.00175465072971, 0.000878203485627, 0.000911826267838], "dvar": [0.00143399077933, 0.00178300007246, 0.00105881830677, 0.000665498024318, 0.000357430631993, 0.000494194857311], "dmean": [0.0447665415704, 0.0515323318541, 0.0385076850653, 0.0308436043561, 0.0212502572685, 0.0227821469307], "max": [-0.242106750607, -0.402889192104, -0.500049293041, -0.588978111744, -0.614952027798, -0.58981525898], "var": [0.00860595144331, 0.00573708675802, 0.00473481277004, 0.00209894869477, 0.00125801260583, 0.00263720261864], "mean": [-0.639835000038, -0.708233475685, -0.764954984188, -0.804435908794, -0.819508135319, -0.779579102993]}, "melbands_skewness": {"dmean2": 1.59564054012, "median": 3.02901816368, "min": -1.95789945126, "dvar2": 2.62498211861, "dvar": 1.2510342598, "dmean": 1.07443058491, "max": 31.7485046387, "var": 6.59304857254, "mean": 3.62945795059}, "spectral_spread": {"dmean2": 1717710.125, "median": 4098800.75, "min": 473114.6875, "dvar2": 5166285193220.0, "dvar": 2933566472190.0, "dmean": 1191277.75, "max": 40964220, "var": 8359854473220.0, "mean": 4601788}, "dissonance": {"dmean2": 0.0463961027563, "median": 0.459043771029, "min": 0.231816768646, "dvar2": 0.00199356861413, "dvar": 0.00073733512545, "dmean": 0.027798332274, "max": 0.500000119209, "var": 0.00149392383173, "mean": 0.45017722249}, "spectral_skewness": {"dmean2": 0.840093910694, "median": 1.83492946625, "min": 0.0583602897823, "dvar2": 1.03526318073, "dvar": 0.432591944933, "dmean": 0.544656932354, "max": 12.8761978149, "var": 1.50760996342, "mean": 2.20191025734}, "spectral_flux": {"dmean2": 0.039973359555, "median": 0.0440838970244, "min": 1.00994386465e-10, "dvar2": 0.00409003719687, "dvar": 0.00217216508463, "dmean": 0.0255165752023, "max": 0.365819424391, "var": 0.00325105478987, "mean": 0.0612961277366}, "spectral_contrast_valleys": {"dmean2": [0.702897727489, 0.66463893652, 0.537260770798, 0.520167768002, 0.511188864708, 0.713240087032], "median": [-8.10307788849, -6.78308963776, -7.8041343689, -8.46393299103, -8.54679870605, -11.2538042068], "min": [-27.1557445526, -27.1350669861, -26.9434432983, -27.3037014008, -27.2075786591, -27.220790863], "dvar2": [0.578418135643, 0.436223655939, 0.255918085575, 0.276666015387, 0.40544718504, 0.925364971161], "dvar": [0.28158608079, 0.179445460439, 0.11766012758, 0.139007627964, 0.252073198557, 0.531412065029], "dmean": [0.439088374376, 0.406024813652, 0.330596119165, 0.32578676939, 0.388862401247, 0.579452097416], "max": [-4.89154815674, -4.61468505859, -5.81886863708, -6.16908311844, -5.23077344894, -7.47061300278], "var": [3.60017323494, 1.71617019176, 1.35856211185, 1.51716804504, 2.55245614052, 3.5894408226], "mean": [-8.36443805695, -6.98147201538, -7.92176151276, -8.50449466705, -8.63519763947, -11.2053031921]}, "erbbands_flatness_db": {"dmean2": 0.0419974587858, "median": 0.178778037429, "min": 0.0474466904998, "dvar2": 0.00192482478451, "dvar": 0.000991886714473, "dmean": 0.0293723735958, "max": 0.422920137644, "var": 0.00653042225167, "mean": 0.190146684647}, "spectral_energyband_high": {"dmean2": 0.00152306398377, "median": 5.63438297831e-05, "min": 7.50158465297e-21, "dvar2": 2.3525170036e-05, "dvar": 1.31508104459e-05, "dmean": 0.00116749422159, "max": 0.036417119205, "var": 2.08433411899e-05, "mean": 0.00137306237593}, "spectral_entropy": {"dmean2": 0.412892460823, "median": 7.1647939682, "min": 4.90199184418, "dvar2": 0.207428008318, "dvar": 0.105125360191, "dmean": 0.284690856934, "max": 9.79648590088, "var": 0.538431465626, "mean": 7.18479681015}, "silence_rate_20dB": {"dmean2": 0, "median": 1, "min": 1, "dvar2": 0, "dvar": 0, "dmean": 0, "max": 1, "var": 0, "mean": 1}, "melbands_flatness_db": {"dmean2": 0.0477567873895, "median": 0.31605091691, "min": 0.00543440971524, "dvar2": 0.00292555755004, "dvar": 0.00178172264714, "dmean": 0.0364444442093, "max": 0.719843447208, "var": 0.0121209463105, "mean": 0.302177160978}, "barkbands": {"dmean2": [0.000433509645518, 0.00459808297455, 0.0021816981025, 0.00182686140761, 0.00193144276273, 0.00325415795669, 0.00102391408291, 0.000670019711833, 0.000364361621905, 0.000414060341427, 0.000353940558853, 0.000128768166178, 0.000128666244564, 0.000126910323161, 0.000116095099656, 0.000132724831928, 0.000178612288437, 0.00013003058848, 0.000194163221749, 0.000324746593833, 0.000371320667909, 0.00038566236617, 0.00036078481935, 0.000166567770066, 0.000100712895801, 7.27741207811e-05, 4.66359706479e-05], "median": [0.000361196958693, 0.00581680657342, 2.35903735302e-05, 2.40673834924e-05, 0.000635272415821, 0.0012694002362, 0.000634188181721, 0.000162704964168, 0.000128009996843, 0.000171212101122, 0.000108689899207, 4.9447233323e-05, 4.27068043791e-05, 2.94636301987e-05, 2.12876111618e-05, 2.70791988441e-05, 2.41884263232e-05, 1.18307634693e-05, 1.02336189229e-05, 1.07691557787e-05, 7.09926325726e-06, 7.98933615442e-06, 6.90844672135e-06, 3.21662696479e-06, 1.8555584802e-06, 1.0479991488e-06, 3.58281170065e-07], "min": [3.92790095244e-23, 3.34046463532e-23, 1.49159792111e-23, 3.17504429002e-23, 1.37234155822e-23, 6.35041737727e-23, 2.81606524649e-23, 4.07646460237e-23, 5.23983564462e-23, 3.1243552437e-23, 3.16421796296e-23, 8.4598276513e-23, 7.40743671664e-23, 1.31491475624e-22, 1.27655642628e-22, 9.88447952278e-23, 2.02162330814e-22, 2.70708562705e-22, 3.20891147708e-22, 2.61740388038e-22, 4.07269296372e-22, 3.30986976951e-22, 5.88845714951e-22, 7.83388810624e-22, 1.08071762973e-21, 1.73715521896e-21, 2.68250855826e-21], "dvar2": [1.46228148878e-06, 0.000157291360665, 7.07446233719e-05, 3.42441053363e-05, 3.06917791022e-05, 6.2373241235e-05, 1.47815887885e-06, 1.4341271708e-06, 5.38931772098e-07, 7.3427878533e-07, 5.34873947799e-07, 1.31585665031e-07, 3.39398589233e-08, 9.36676656238e-08, 9.29270242978e-08, 9.54347498805e-08, 3.3400019106e-07, 1.37012619916e-07, 4.76448008158e-07, 1.33563412419e-06, 1.70054693172e-06, 1.64214270626e-06, 1.31451986363e-06, 2.50707103078e-07, 7.30132683202e-08, 2.39716193562e-08, 2.2055495208e-08], "dvar": [7.5680060263e-07, 8.37678599055e-05, 2.48071883107e-05, 1.21690572996e-05, 1.05295439425e-05, 2.22051512537e-05, 5.6647280644e-07, 6.07884601322e-07, 2.1932410732e-07, 3.56923294476e-07, 2.49948243436e-07, 5.22832834804e-08, 1.21693357613e-08, 3.93362604711e-08, 4.14998169163e-08, 4.07844211736e-08, 1.3938145571e-07, 8.33919315824e-08, 2.21892790364e-07, 6.39732832042e-07, 9.37068989515e-07, 9.18745513445e-07, 6.80436869516e-07, 1.15157014591e-07, 3.52051650054e-08, 1.08243316532e-08, 1.03984971744e-08], "dmean": [0.000351098424289, 0.00366920977831, 0.00122205994558, 0.00106238259468, 0.00109472766053, 0.00193474441767, 0.000605546287261, 0.000416400900576, 0.000220700239879, 0.000277718179859, 0.000229549681535, 7.80271293479e-05, 7.42522679502e-05, 7.73825086071e-05, 7.57232410251e-05, 8.44814276206e-05, 0.000122784927953, 9.44285930018e-05, 0.000138722214615, 0.000236833919189, 0.000288284325507, 0.00028651705361, 0.000255770981312, 0.000112359004561, 7.14108318789e-05, 4.88636324008e-05, 3.3434258512e-05], "max": [0.0110851675272, 0.0992589369416, 0.0888407081366, 0.0620699375868, 0.0335695147514, 0.075733833015, 0.0129054784775, 0.0117506273091, 0.0093322629109, 0.0160135142505, 0.00940339732915, 0.00680282013491, 0.00120776018593, 0.00596300000325, 0.00752366054803, 0.00305147934705, 0.00665121292695, 0.00357629731297, 0.00569237396121, 0.00886278692633, 0.0111286845058, 0.00946621783078, 0.00757362041622, 0.00316737173125, 0.00186480104458, 0.000912721501663, 0.000997990136966], "var": [5.90822128288e-06, 0.000609227281529, 3.79110097128e-05, 1.34802030516e-05, 7.02062197888e-06, 2.02822211577e-05, 9.77714080364e-07, 1.3209186136e-06, 5.79289064717e-07, 1.42676935866e-06, 3.05567368741e-07, 5.92834226154e-08, 1.62359619083e-08, 4.6459998515e-08, 5.15867988327e-08, 5.31446815444e-08, 1.54995049684e-07, 1.53046599394e-07, 3.35145301733e-07, 8.00504096787e-07, 1.433878424e-06, 1.4782543758e-06, 9.22340802845e-07, 1.60431554264e-07, 4.92831269128e-08, 1.34502862181e-08, 1.43689193877e-08], "mean": [0.0017073006602, 0.0188757237047, 0.00172405561898, 0.00137663248461, 0.00122777291108, 0.00253201811574, 0.00093541725073, 0.000636684009805, 0.000407332350733, 0.000581760017667, 0.000280797103187, 0.000109266067739, 9.2288129963e-05, 9.68660824583e-05, 9.15339915082e-05, 0.00010403538181, 0.000147546263179, 0.000134642847115, 0.000183878612006, 0.000244693161221, 0.000330190552631, 0.000348885223502, 0.000275309022982, 0.000132271059556, 7.80121335993e-05, 4.89732046844e-05, 3.64821753465e-05]}, "erbbands_skewness": {"dmean2": 0.870005249977, "median": 0.792195618153, "min": -3.43063926697, "dvar2": 0.666742563248, "dvar": 0.309161424637, "dmean": 0.600675702095, "max": 7.00138568878, "var": 1.12739539146, "mean": 0.75914978981}, "erbbands_sp