{"metadata": {"tags": {"album": ["Binocular"], "albumartist": ["Binocular"], "musicbrainz_recordingid": ["1c87da0b-6e7c-48f3-b66c-a5e4256795ee"], "artist": ["Binocular"], "date": ["2001"], "tracknumber": ["8"], "title": ["08 - Fire Burns Bright"], "file_name": "340147.mp3"}, "audio_properties": {"sample_rate": 44100, "downmix": "mix", "lossless": false, "analysis_sample_rate": 44100, "md5_encoded": "91553b58eafe844a9588a1eda93b636d", "equal_loudness": 0, "replay_gain": -14.8177223206, "codec": "mp3", "bit_rate": 192000, "length": 265.613067627}, "version": {"extractor": "music 1.0", "essentia_build_sha": "70f2e5ece6736b2c40cc944ad0e695b16b925413", "essentia_git_sha": "v2.1_beta2", "essentia": "2.1-beta2"}}, "rhythm": {"beats_loudness_band_ratio": {"dvar2": [0.0837639048696, 0.0576589331031, 0.0183473676443, 0.00384571892209, 0.00996334198862, 0.00523868622258], "var": [0.0440551377833, 0.0228811446577, 0.00850864034146, 0.00155177596025, 0.00296264304779, 0.00284137064591], "min": [0.0961875617504, 0.0058197057806, 0.00117758428678, 0.000662982231006, 0.000214976127609, 7.66885787016e-05], "dmean": [0.290808141232, 0.185995638371, 0.0837676376104, 0.0304464828223, 0.0640640333295, 0.0587998591363], "mean": [0.608569204807, 0.197886124253, 0.101293191314, 0.0336772054434, 0.0694303587079, 0.0664571970701], "max": [0.984946012497, 0.689570307732, 0.792482793331, 0.273889422417, 0.323843568563, 0.639105737209], "dmean2": [0.561570048332, 0.357013970613, 0.149110943079, 0.055466093123, 0.123616322875, 0.112118072808], "median": [0.615392744541, 0.157540857792, 0.0750418901443, 0.0213796887547, 0.0562669485807, 0.0594700425863], "dvar": [0.0246402937919, 0.0178313199431, 0.00667321775109, 0.00140128179919, 0.0030022803694, 0.00192495516967]}, "bpm_histogram_first_peak_weight": {"dvar2": 0, "var": 0, "min": 0.693208456039, "dmean": 0, "mean": 0.693208456039, "max": 0.693208456039, "dmean2": 0, "median": 0.693208456039, "dvar": 0}, "bpm": 96.9795684814, "beats_count": 428, "bpm_histogram_first_peak_spread": {"dvar2": 0, "var": 0, "min": 0.301886796951, "dmean": 0, "mean": 0.301886796951, "max": 0.301886796951, "dmean2": 0, "median": 0.301886796951, "dvar": 0}, "danceability": 1.12057089806, "bpm_histogram_first_peak_bpm": {"dvar2": 0, "var": 0, "min": 98, "dmean": 0, "mean": 98, "max": 98, "dmean2": 0, "median": 98, "dvar": 0}, "beats_position": [0.580498874187, 1.18421769142, 1.78793644905, 2.39165520668, 3.00698399544, 3.62231278419, 4.23764181137, 4.85297060013, 5.46829938889, 6.08362817764, 6.71056699753, 7.32589578629, 7.95283412933, 8.56816291809, 9.18349170685, 9.79882049561, 10.4141492844, 11.0294780731, 11.6448068619, 12.2601356506, 12.8870744705, 13.5024032593, 14.117732048, 14.7446708679, 15.3716096878, 15.9869384766, 16.602268219, 17.2292060852, 17.8445339203, 18.4598636627, 19.0751914978, 19.6905212402, 20.3174591064, 20.9327888489, 21.548116684, 22.1750564575, 22.7903842926, 23.405714035, 24.0326519012, 24.6479816437, 25.2633094788, 25.8786392212, 26.4939670563, 27.1209068298, 27.7362346649, 28.3515644073, 28.9785022736, 29.593832016, 30.2091598511, 30.8360996246, 31.4514274597, 32.0667572021, 32.6820869446, 33.2974128723, 33.9243545532, 34.539680481, 35.1550102234, 35.7703399658, 36.3856697083, 37.0126075745, 37.6395454407, 38.2548751831, 38.8702049255, 39.4971427917, 40.1124725342, 40.7277984619, 41.3431282043, 41.9584579468, 42.585395813, 43.2007255554, 43.8160552979, 44.4429931641, 45.0583229065, 45.6736488342, 46.2889785767, 46.9043083191, 47.5312461853, 48.1465759277, 48.7619056702, 49.3888435364, 50.0157814026, 50.631111145, 51.2464370728, 51.8733787537, 52.4770965576, 53.1040344238, 53.7193641663, 54.3346939087, 54.9616317749, 55.5653495789, 56.1806793213, 56.7960090637, 57.4229469299, 58.0498847961, 58.6652145386, 59.280544281, 59.8958702087, 60.5111999512, 61.1265296936, 61.7650794983, 62.380405426, 62.9957351685, 63.6110649109, 64.2263946533, 64.8533325195, 65.4686584473, 66.0839920044, 66.7109298706, 67.3262557983, 67.9415893555, 68.5569152832, 69.1722412109, 69.7991790771, 70.4145126343, 71.029838562, 71.6567764282, 72.2837142944, 72.8990478516, 73.5143737793, 74.1297073364, 74.7450332642, 75.3719711304, 75.9872970581, 76.6026306152, 77.2295684814, 77.8448944092, 78.4602279663, 79.075553894, 79.6908798218, 80.3178253174, 80.9331512451, 81.5484771729, 82.1754150391, 82.7907485962, 83.4060745239, 84.0214080811, 84.6483459473, 85.263671875, 85.8789978027, 86.4943313599, 87.1212692261, 87.7365951538, 88.3519287109, 88.9788665771, 89.6058044434, 90.2211303711, 90.8364639282, 91.451789856, 92.0671157837, 92.6940536499, 93.2977752686, 93.9247131348, 94.551651001, 95.1669845581, 95.7823104858, 96.3976364136, 97.0129699707, 97.6399078369, 98.2552337646, 98.8705673218, 99.497505188, 100.112831116, 100.728164673, 101.343490601, 101.958816528, 102.585754395, 103.201087952, 103.816413879, 104.431747437, 105.047073364, 105.662399292, 106.277732849, 106.904670715, 107.531608582, 108.146934509, 108.762268066, 109.389205933, 110.00453186, 110.619865417, 111.246803284, 111.87374115, 112.489067078, 113.104400635, 113.719726562, 114.33505249, 114.950386047, 115.565711975, 116.192649841, 116.807983398, 117.423309326, 118.038635254, 118.653968811, 119.280906677, 119.907844543, 120.523170471, 121.138504028, 121.753829956, 122.369155884, 122.99609375, 123.611427307, 124.226753235, 124.853691101, 125.469024658, 126.084350586, 126.711288452, 127.326622009, 127.941947937, 128.557281494, 129.172607422, 129.799545288, 130.414871216, 131.030197144, 131.65713501, 132.272476196, 132.887802124, 133.503128052, 134.118453979, 134.745391846, 135.360717773, 135.97605896, 136.602996826, 137.218322754, 137.833648682, 138.460586548, 139.087524414, 139.702850342, 140.31817627, 140.933517456, 141.548843384, 142.164169312, 142.779495239, 143.406433105, 144.033370972, 144.648712158, 145.264038086, 145.879364014, 146.494689941, 147.121627808, 147.736953735, 148.352294922, 148.979232788, 149.582946777, 150.209884644, 150.83682251, 151.452148438, 152.067474365, 152.682815552, 153.298141479, 153.925079346, 154.540405273, 155.155731201, 155.771057129, 156.386398315, 157.013336182, 157.640274048, 158.267211914, 158.882537842, 159.49786377, 160.113189697, 160.728515625, 161.343856812, 161.959182739, 162.586120605, 163.213058472, 163.828384399, 164.443710327, 165.070648193, 165.68598938, 166.301315308, 166.916641235, 167.531967163, 168.158905029, 168.774230957, 169.389572144, 170.004898071, 170.620223999, 171.247161865, 171.874099731, 172.477813721, 173.104751587, 173.731704712, 174.335418701, 174.950744629, 175.566070557, 176.193008423, 176.819946289, 177.435287476, 178.050613403, 178.665939331, 179.281265259, 179.896591187, 180.511917114, 181.138870239, 181.765808105, 182.381134033, 182.996459961, 183.623397827, 184.238723755, 184.865661621, 185.480987549, 186.096328735, 186.711654663, 187.326980591, 187.942306519, 188.569244385, 189.184570312, 189.799911499, 190.426849365, 191.042175293, 191.657501221, 192.272827148, 192.888153076, 193.503494263, 194.11882019, 194.745758057, 195.372695923, 195.988021851, 196.603347778, 197.218673706, 197.845626831, 198.460952759, 199.076278687, 199.691604614, 200.31854248, 200.945480347, 201.560806274, 202.176147461, 202.791473389, 203.418411255, 204.033737183, 204.64906311, 205.264389038, 205.891326904, 206.518280029, 207.133605957, 207.748931885, 208.364257812, 208.97958374, 209.594909668, 210.210250854, 210.825576782, 211.44090271, 212.056228638, 212.671554565, 213.298492432, 213.913833618, 214.529159546, 215.156097412, 215.77142334, 216.386749268, 217.002075195, 217.617416382, 218.244354248, 218.859680176, 219.475006104, 220.10194397, 220.717269897, 221.332611084, 221.95954895, 222.574874878, 223.190200806, 223.817138672, 224.4324646, 225.047790527, 225.651519775, 226.278457642, 226.905395508, 227.520721436, 228.136047363, 228.762985229, 229.378311157, 229.993652344, 230.62059021, 231.235916138, 231.851242065, 232.466567993, 233.093505859, 233.708831787, 234.324172974, 234.939498901, 235.566436768, 236.181762695, 236.797088623, 237.424026489, 238.039367676, 238.654693604, 239.270019531, 239.885345459, 240.512283325, 241.127609253, 241.742950439, 242.369888306, 242.985214233, 243.600540161, 244.227478027, 244.842803955, 245.458129883, 246.073471069, 246.688796997, 247.315734863, 247.931060791, 248.53477478, 249.150115967, 249.777053833, 250.403991699, 251.030929565, 251.646255493, 252.261581421, 252.888519287, 253.503845215, 254.119186401, 254.734512329, 255.349838257, 255.976776123, 256.592102051, 257.207427979, 257.834381104, 258.461303711, 259.099853516, 259.73840332, 260.388580322, 261.027130127, 261.677276611, 262.315826416, 262.954376221, 263.592926025, 264.23147583, 264.881622314], "beats_loudness": {"dvar2": 0.000736366549972, "var": 0.000572571356315, "min": 1.54763604709e-10, "dmean": 0.0172391515225, "mean": 0.048257663846, "max": 0.115554071963, "dmean2": 0.0295044090599, "median": 0.0490277335048, "dvar": 0.00025159548386}, "bpm_histogram_second_peak_weight": {"dvar2": 0, "var": 0, "min": 0.00702576106414, "dmean": 0, "mean": 0.00702576106414, "max": 0.00702576106414, "dmean2": 0, "median": 0.00702576106414, "dvar": 0}, "bpm_histogram_second_peak_spread": {"dvar2": 0, "var": 0, "min": 0, "dmean": 0, "mean": 0, "max": 0, "dmean2": 0, "median": 0, "dvar": 0}, "bpm_histogram_second_peak_bpm": {"dvar2": 0, "var": 0, "min": 92, "dmean": 0, "mean": 92, "max": 92, "dmean2": 0, "median": 92, "dvar": 0}, "onset_rate": 4.23529958725}, "lowlevel": {"spectral_energyband_high": {"dvar2": 8.3456751554e-07, "var": 1.56821533892e-06, "min": 7.03376231778e-21, "dmean": 0.000450819381513, "mean": 0.00101911660749, "max": 0.0157659240067, "dmean2": 0.000605782086495, "median": 0.000548852956854, "dvar": 4.60190392459e-07}, "spectral_energyband_middle_low": {"dvar2": 0.000136978836963, "var": 0.000118916119391, "min": 2.10094472366e-22, "dmean": 0.00486904894933, "mean": 0.011946439743, "max": 0.0884072780609, "dmean2": 0.00768752815202, "median": 0.00865088589489, "dvar": 5.5072196119e-05}, "spectral_energy": {"dvar2": 0.000570343516301, "var": 0.000445395242423, "min": 1.00776779198e-20, "dmean": 0.00974467676133, "mean": 0.0324278436601, "max": 0.184154644608, "dmean2": 0.0154176512733, "median": 0.0304421186447, "dvar": 0.000223380455282}, "spectral_spread": {"dvar2": 1149590306820.0, "var": 3475077595140.0, "min": 978932.375, "dmean": 616563.625, "mean": 4867172, "max": 42466620, "dmean2": 821390.8125, "median": 4548212, "dvar": 636732506112}, "spectral_energyband_low": {"dvar2": 0.000494997133501, "var": 0.000244077586103, "min": 2.66110235691e-23, "dmean": 0.00756602967158, "mean": 0.0169915594161, "max": 0.168043032289, "dmean2": 0.0126280300319, "median": 0.0149315493181, "dvar": 0.000186818433576}, "spectral_rolloff": {"dvar2": 1814613.625, "var": 3024458.5, "min": 86.1328125, "dmean": 568.860107422, "mean": 1405.5826416, "max": 19164.5507812, "dmean2": 953.738342285, "median": 753.662109375, "dvar": 804510.0625}, "barkbands": {"dvar2": [6.11838615328e-08, 0.000135493348353, 0.000239211381995, 4.2180519813e-05, 7.05568527337e-05, 1.12294565042e-05, 1.7898832084e-05, 3.49922083842e-06, 3.61056322618e-06, 1.70415580669e-06, 8.71991687745e-07, 5.41340398286e-07, 4.71644739264e-07, 4.57902586959e-07, 4.4341800276e-07, 3.05887652985e-07, 7.24713800082e-07, 4.69410963433e-07, 2.18197385493e-07, 1.85092034144e-07, 5.50189938053e-08, 3.73750346228e-08, 3.52247475632e-08, 4.58371438583e-08, 3.38168000269e-08, 3.3881395467e-08, 2.48950582371e-10], "var": [2.0689997271e-08, 8.00487105153e-05, 8.29880154924e-05, 1.22479686979e-05, 2.97377428069e-05, 1.36617027238e-05, 1.92217848962e-05, 2.69751444648e-06, 4.2394922275e-06, 1.98860743694e-06, 9.69788857219e-07, 3.0964264397e-07, 3.35586662459e-07, 2.56666282894e-07, 3.38235139452e-07, 2.69492716143e-07, 8.7126784365e-07, 4.62413964897e-07, 2.3440294683e-07, 3.23433113181e-07, 8.11062150774e-08, 5.15066815865e-08, 4.36206057941e-08, 6.26960030559e-08, 3.4271234739e-08, 2.56588013059e-08, 9.7073862837e-11], "min": [5.74647205522e-25, 7.9847924958e-24, 1.82098383386e-24, 3.96252721302e-24, 1.25760678827e-23, 1.06673226815e-23, 1.73592486731e-23, 2.22924171652e-23, 2.07994600367e-23, 1.77613610532e-23, 2.89936485601e-23, 6.18148628541e-23, 3.46381849952e-23, 8.45459150816e-23, 8.96515743215e-23, 1.16434279267e-22, 1.03902012097e-22, 1.16466616253e-22, 1.56774770559e-22, 2.38228521286e-22, 3.36179070103e-22, 4.05234716812e-22, 6.16642901332e-22, 6.38233304867e-22, 9.4764202043e-22, 1.43982619791e-21, 2.19597005003e-21], "dmean": [8.11991121736e-05, 0.00412822980434, 0.00419885665178, 0.0017760876799, 0.00224287365563, 0.0011476916261, 0.0012172103161, 0.000491820392199, 0.000471561594168, 0.000306924135657, 0.00017027593276, 0.000179371912964, 0.000178818503628, 0.000161517513334, 0.000214235042222, 0.000179314884008, 0.000332993018674, 0.000281454442302, 0.000183076554094, 0.000168318932992, 0.000101853795059, 7.77363529778e-05, 7.02862962498e-05, 8.13036604086e-05, 6.97149589541e-05, 6.37756529613e-05, 3.94157450501e-06], "mean": [8.33414305816e-05, 0.00855603627861, 0.00697709387168, 0.00229259859771, 0.00326113402843, 0.00235368963331, 0.00213139876723, 0.0007946913247, 0.000802883412689, 0.000531660276465, 0.000260907778284, 0.000246136041824, 0.000251169607509, 0.000238959895796, 0.00036583491601, 0.000329633330693, 0.000722218828741, 0.000593514007051, 0.000411886547226, 0.000396374001866, 0.000220913003432, 0.000140769698191, 0.000130728789372, 0.000143485958688, 0.000106138846604, 8.07909818832e-05, 3.81926975024e-06], "max": [0.00413888506591, 0.101722538471, 0.116430595517, 0.0500450581312, 0.0794272273779, 0.0438728779554, 0.0489876307547, 0.0351765230298, 0.0355696715415, 0.0332272127271, 0.0318579338491, 0.0133746601641, 0.00813855603337, 0.0129314474761, 0.00873944349587, 0.014139666222, 0.0189456064254, 0.0107662593946, 0.0100986231118, 0.0109748225659, 0.00445596734062, 0.00458101928234, 0.00446269102395, 0.00491582229733, 0.00336295296438, 0.00287417531945, 0.000324906082824], "dmean2": [0.000141132302815, 0.00678223371506, 0.00725082447752, 0.00307645602152, 0.00371013232507, 0.00179809285328, 0.00183949829079, 0.000778456858825, 0.000712526263669, 0.00047025323147, 0.000258474145085, 0.000294944882626, 0.000292893877486, 0.000266719027422, 0.000348355591996, 0.000290685682558, 0.000532519596163, 0.000454689172329, 0.000290201191092, 0.000261274748482, 0.000150207430124, 0.000109960317786, 0.000100752120488, 0.000113814719953, 9.73803980742e-05, 9.04674816411e-05, 6.2747130869e-06], "median": [3.91588764614e-05, 0.00699571706355, 0.00392527598888, 0.00129368784837, 0.00162013759837, 0.00105926883407, 0.000640280311927, 0.000285487534711, 0.000216617961996, 0.000181064708158, 7.77120148996e-05, 9.6046118415e-05, 6.48734130664e-05, 0.000100485252915, 0.000188571080798, 0.000207460368983, 0.000461690098746, 0.000419078394771, 0.000277311657555, 0.000242431764491, 0.000128465908347, 5.1165545301e-05, 4.88893638249e-05, 4.80788658024e-05, 3.27082125295e-05, 2.09804948099e-05, 5.8427087879e-07], "dvar": [2.2385812315e-08, 5.31140030944e-05, 8.48350391607e-05, 1.49789266288e-05, 2.65902508545e-05, 4.50966581411e-06, 7.91244656284e-06, 1.49674110617e-06, 1.73191131125e-06, 7.93684932887e-07, 4.16628324729e-07, 2.11854739973e-07, 1.83330612913e-07, 1.70013066736e-07, 1.79736488803e-07, 1.23540516483e-07, 2.99926881553e-07, 1.85330506497e-07, 8.7478433386e-08, 7.69643406784e-08, 2.63320689697e-08, 1.88278139746e-08, 1.66354183762e-08, 2.34118058273e-08, 1.69610920864e-08, 1.56535744367e-08, 9.76672076547e-11]}, "melbands_skewness": {"dvar2": 2.54376387596, "var": 3.86593198776, "min": -0.217503607273, "dmean": 0.877470135689, "mean": 3.70787286758, "max": 17.1264095306, "dmean2": 1.36913621426, "median": 3.30811595917, "dvar": 1.07655370235}, "barkbands_skewness": {"dvar2": 0.948530673981, "var": 1.663849473, "min": -1.99011826515, "dmean": 0.558784365654, "mean": 1.97306263447, "max": 15.4866962433, "dmean2": 0.868430554867, "median": 1.78747260571, "dvar": 0.403277128935}, "erbbands": {"dvar2": [0.040611859411, 9.75222492218, 228.027633667, 480.412750244, 455.215026855, 1121.73071289, 163.960250854, 1112.54309082, 3988.7199707, 1758.83190918, 2362.79492188, 2207.27392578, 1206.8692627, 2095.51269531, 578.870422363, 906.381896973, 859.118469238, 1571.8717041, 1001.42053223, 1069.33105469, 1380.11328125, 1282.00109863, 1530.27282715, 526.819335938, 706.882385254, 353.819946289, 105.511482239, 113.576400757, 52.2885284424, 35.5466003418, 27.7273406982, 24.1307487488, 12.0279102325, 5.05045890808, 1.77103734016, 0.799905180931, 0.113493695855, 0.0035979480017, 2.14639521801e-06, 2.29251440054e-09], "var": [0.0216778367758, 5.92331933975, 94.0340270996, 131.864761353, 228.790924072, 416.597167969, 125.867538452, 1139.06237793, 4442.05224609, 2404.62280273, 1904.05456543, 2619.1550293, 1493.72570801, 2908.70458984, 534.935546875, 554.60723877, 521.793884277, 1154.44445801, 686.950378418, 788.332458496, 1270.12402344, 1409.43896484, 1558.70874023, 619.904846191, 766.005615234, 601.530090332, 155.283416748, 157.293212891, 69.7608795166, 46.4205589294, 35.5498085022, 33.4422264099, 14.0298509598, 5.32815122604, 1.55217933655, 0.599574148655, 0.0808343291283, 0.0019688368775, 1.06373511244e-06, 1.97098426469e-09], "min": [2.71693894152e-22, 1.76180766498e-21, 2.19926281855e-21, 1.31312482706e-20, 4.2614199659e-20, 4.39546393793e-20, 3.04257418007e-20, 1.1847755735e-19, 2.10734923923e-19, 3.20938503798e-19, 4.99875015237e-19, 6.30074174231e-19, 8.23340168065e-19, 9.15328390747e-19, 1.78889594788e-18, 1.90077419368e-18, 1.62283209869e-18, 5.42734086207e-18, 3.55644774083e-18, 6.05987140082e-18, 5.28515637298e-18, 6.52575234311e-18, 6.32872329788e-18, 7.9064007443e-18, 7.1418939524e-18, 1.04555778319e-17, 1.31801345802e-17, 1.38144580329e-17, 1.29751054577e-17, 1.89282184471e-17, 1.72161812266e-17, 1.198039761e-17, 1.12165128579e-17, 8.81976282333e-18, 7.1666613943e-18, 5.43229815548e-18, 2.49586695151e-18, 1.06166408573e-18, 2.8505266879e-19, 3.2415447216e-20], "dmean": [0.0749953836203, 1.1014213562, 4.2823433876, 5.52802276611, 7.52397203445, 7.18813514709, 4.05683660507, 10.7775182724, 20.2415904999, 10.7151536942, 12.5780992508, 11.1854124069, 10.7913303375, 7.17166614532, 5.72977876663, 7.54680681229, 7.6429476738, 9.47449207306, 8.33131599426, 10.9448022842, 12.3889665604, 14.5158166885, 16.2707901001, 9.79361343384, 9.17877197266, 7.97306108475, 4.76383113861, 3.97556138039, 2.8435792923, 2.15852880478, 2.02500295639, 1.9033370018, 1.25664961338, 0.825612366199, 0.486221373081, 0.306062549353, 0.111904747784, 0.0178736988455, 0.000413893023506, 2.06966033147e-05], "mean": [0.143334537745, 2.32558369637, 7.87949609756, 8.36179828644, 11.1984596252, 9.24786758423, 7.46458435059, 20.8388462067, 37.4522895813, 18.5460453033, 21.4641857147, 20.0185470581, 19.5710811615, 12.5389966965, 9.49703121185, 11.076133728, 10.8254795074, 14.8850717545, 13.9279117584, 19.7115573883, 25.3053321838, 34.1038360596, 36.8140830994, 23.1095981598, 20.838514328, 18.8018245697, 10.9501123428, 8.1458158493, 5.28345584869, 3.79531526566, 3.79442644119, 3.34957385063, 2.14397239685, 1.29312562943, 0.703783333302, 0.395791649818, 0.138685002923, 0.0202066656202, 0.000479390728287, 5.37270279892e-05], "max": [1.86286354065, 25.9483375549, 114.133422852, 160.77633667, 178.231735229, 328.873046875, 167.501480103, 442.177368164, 638.093505859, 882.859008789, 979.335571289, 1069.38757324, 1031.19775391, 1055.97229004, 602.223022461, 631.333740234, 362.48147583, 562.851745605, 516.818115234, 487.318145752, 865.304992676, 539.143920898, 522.927062988, 551.512756348, 694.758422852, 395.087738037, 159.855926514, 248.039260864, 162.547531128, 195.427612305, 103.845359802, 92.6513824463, 76.272354126, 42.7174377441, 21.4164676666, 11.7788543701, 5.38650083542, 1.05884885788, 0.0297328568995, 0.000751790998038], "dmean2": [0.123378425837, 1.81282424927, 7.31608247757, 9.62085342407, 12.5576028824, 12.1025419235, 6.52159786224, 17.228181839, 30.5531730652, 16.4886379242, 19.5024623871, 16.8175735474, 16.6293449402, 10.7461633682, 8.96837615967, 12.2572851181, 12.485250473, 15.5890712738, 13.4389810562, 17.9196529388, 20.0757484436, 23.3445396423, 26.3576107025, 15.6011257172, 14.5144090652, 12.399189949, 7.12772893906, 5.85092926025, 4.05169057846, 3.02062368393, 2.92481231689, 2.70949935913, 1.78257870674, 1.16398489475, 0.690152108669, 0.439129829407, 0.160496935248, 0.0264330040663, 0.000616066216026, 3.03172091662e-05], "median": [0.111295744777, 1.83083355427, 4.46153736115, 5.52093696594, 6.20347595215, 3.70376443863, 3.92469096184, 8.72975349426, 12.1341991425, 5.26067066193, 7.99249792099, 6.10956001282, 7.45037841797, 3.88833856583, 3.82599329948, 4.71198749542, 3.29760122299, 5.75020360947, 6.28208637238, 11.8826055527, 16.6984214783, 23.8344421387, 26.581073761, 16.5394325256, 13.2394447327, 11.6566972733, 7.04656982422, 4.09961462021, 2.01238489151, 1.15389251709, 1.45417428017, 1.12247633934, 0.719965577126, 0.397901326418, 0.211231768131, 0.10836841166, 0.0345621816814, 0.00414958503097, 0.000114022303023, 4.46139165433e-05], "dvar": [0.0150112789124, 3.8610470295, 82.4542922974, 168.822967529, 173.396057129, 416.783203125, 67.6694412231, 433.332244873, 1758.21960449, 853.667175293, 1027.51757812, 1078.18566895, 567.310241699, 1005.24475098, 252.529510498, 356.749481201, 342.922149658, 582.22088623, 404.382904053, 408.192993164, 556.826538086, 501.270141602, 595.105102539, 209.700164795, 282.705596924, 147.330993652, 48.5029296875, 54.780582428, 25.4733295441, 17.2595748901, 13.1318750381, 12.1728887558, 5.94260787964, 2.51481747627, 0.851005554199, 0.368706524372, 0.0510780848563, 0.00150991394185, 8.8012092192e-07, 1.02759811771e-09]}, "silence_rate_30dB": {"dvar2": 0.0207657776773, "var": 0.00417844112962, "min": 0, "dmean": 0.00734329922125, "mean": 0.995804190636, "max": 1, "dmean2": 0.0146878827363, "median": 1, "dvar": 0.00728898122907}, "melbands_spread": {"dvar2": 167.765045166, "var": 309.03427124, "min": 0.508681952953, "dmean": 6.69865036011, "mean": 21.4198932648, "max": 199.752655029, "dmean2": 10.5238227844, "median": 17.2721443176, "dvar": 71.6037368774}, "melbands_crest": {"dvar2": 19.0107917786, "var": 27.5838947296, "min": 1.25984311104, "dmean": 2.96978235245, "mean": 15.6832418442, "max": 31.3580589294, "dmean2": 4.86898422241, "median": 14.8979406357, "dvar": 7.46075057983}, "zerocrossingrate": {"dvar2": 0.000197945104446, "var": 0.00195064395666, "min": 0.00439453125, "dmean": 0.0114190112799, "mean": 0.0617740228772, "max": 0.51953125, "dmean2": 0.0134293138981, "median": 0.0546875, "dvar": 0.000155675486894}, "barkbands_kurtosis": {"dvar2": 141.610534668, "var": 140.353775024, "min": -1.866142869, "dmean": 3.45802116394, "mean": 5.70262002945, "max": 296.182617188, "dmean2": 5.45299482346, "median": 2.56672525406, "dvar": 58.437046051}, "spectral_flux": {"dvar2": 0.00172462849878, "var": 0.00232526031323, "min": 6.44976294595e-11, "dmean": 0.0235406421125, "mean": 0.0807540118694, "max": 0.365575432777, "dmean2": 0.0357912816107, "median": 0.0743182450533, "dvar": 0.000847912917379}, "barkbands_crest": {"dvar2": 13.6921777725, "var": 13.3912944794, "min": 2.27010917664, "dmean": 2.4630792141, "mean": 10.3709669113, "max": 25.9882469177, "dmean2": 4.04966068268, "median": 9.95192337036, "dvar": 5.13227987289}, "barkbands_flatness_db": {"dvar2": 0.0010137258796, "var": 0.00274885562249, "min": 0.0228073038161, "dmean": 0.0235243085772, "mean": 0.134378418326, "max": 0.452957808971, "dmean2": 0.0345225222409, "median": 0.127598062158, "dvar": 0.000461971620098}, "spectral_entropy": {"dvar2": 0.0492371842265, "var": 0.201099038124, "min": 4.44138288498, "dmean": 0.159369960427, "mean": 7.64031887054, "max": 9.8111743927, "dmean2": 0.220164343715, "median": 7.69071006775, "dvar": 0.0266351792961}, "pitch_salience": {"dvar2": 0.00994385033846, "var": 0.0111890193075, "min": 0.105307780206, "dmean": 0.0694338232279, "mean": 0.50488960743, "max": 0.989261209965, "dmean2": 0.112583033741, "median": 0.507237195969, "dvar": 0.00376987387426}, "erbbands_spread": {"dvar2": 221.89050293, "var": 359.929229736, "min": 3.70567202568, "dmean": 9.55076980591, "mean": 51.6582260132, "max": 182.854385376, "dmean2": 14.389503479, "median": 49.1968345642, "dvar": 101.178337097}, "dynamic_complexity": 3.23429179192, "spectral_contrast_valleys": {"dvar2": [0.274062037468, 0.251152962446, 0.230708733201, 0.201257914305, 0.118971042335, 0.219167008996], "var": [2.2464427948, 1.89269971848, 1.88410675526, 1.90922355652, 2.03161478043, 2.31852698326], "min": [-27.509262085, -27.5398139954, -27.652885437, -27.4862747192, -27.3704624176, -27.3539638519], "dmean": [0.380219459534, 0.374088793993, 0.359300136566, 0.325929731131, 0.246379613876, 0.362217873335], "mean": [-7.10919475555, -6.95345687866, -7.81326007843, -8.00200271606, -7.31825685501, -10.1211853027], "max": [-5.22295951843, -4.77580499649, -5.39287281036, -5.74553012848, -5.70457744598, -7.54056882858], "dmean2": [0.637230873108, 0.599758088589, 0.564062893391, 0.496915429831, 0.348908424377, 0.440640360117], "median": [-6.75973033905, -6.72972536087, -7.5782866478, -7.70612049103, -6.91552782059, -9.86354160309], "dvar": [0.106437802315, 0.108217805624, 0.106133110821, 0.098704919219, 0.0666032359004, 0.141656696796]}, "hfc": {"dvar2": 111.359657288, "var": 266.055084229, "min": 1.11855544655e-16, "dmean": 5.9538269043, "mean": 21.1922569275, "max": 136.220184326, "dmean2": 8.02727508545, "median": 17.4274673462, "dvar": 58.604434967}, "spectral_kurtosis": {"dvar2": 6.10727882385, "var": 7.40168476105, "min": -1.25478231907, "dmean": 1.18152880669, "mean": 4.02261066437, "max": 88.2481613159, "dmean2": 1.92553400993, "median": 3.72333097458, "dvar": 2.42243003845}, "mfcc": {"mean": [-641.296081543, 109.589225769, 6.85594749451, 45.4817352295, 17.1520214081, -2.81066823006, 1.06092178822, 5.75101804733, 3.63739824295, 3.47274065018, -1.13739478588, 5.5830950737, -0.628804087639], "cov": [[9746.36425781, 93.9885559082, 63.2001991272, 192.401062012, 22.8731937408, -11.053396225, 36.8788261414, 79.5801773071, 57.6410903931, 200.623809814, 67.2109527588, 57.9526786804, -63.7454795837], [93.9885559082, 1076.81640625, -269.673217773, 119.480857849, -0.760595917702, -111.102783203, -18.9036540985, -0.252317368984, -27.2488117218, -53.9546012878, -42.1826133728, 29.4781646729, 10.5867671967], [63.2001991272, -269.673217773, 590.78326416, -54.1843795776, 82.5422134399, 102.460700989, -22.2601509094, 21.2884616852, -8.10025024414, 38.7374305725, 31.7472896576, 10.6832284927, 37.7928733826], [192.401062012, 119.480857849, -54.1843795776, 337.609924316, 89.6282501221, -8.1569776535, -1.11776614189, -5.81672000885, 31.1690425873, -3.49068713188, -3.30617713928, 11.6532821655, 20.4392719269], [22.8731937408, -0.760595917702, 82.5422134399, 89.6282501221, 149.595626831, 42.4632492065, 10.5194339752, 4.72420501709, 6.76996135712, 15.3619556427, -4.16819667816, 1.75411081314, 7.86200904846], [-11.053396225, -111.102783203, 102.460700989, -8.1569776535, 42.4632492065, 181.40133667, 63.9288406372, 9.82018566132, 7.7379565239, 1.16787385941, 16.1184902191, -21.0114555359, 6.79665374756], [36.8788261414, -18.9036540985, -22.2601509094, -1.11776614189, 10.5194339752, 63.9288406372, 118.037010193, 32.3752822876, 17.4822368622, 14.2963323593, 5.64837217331, -5.00695419312, -9.73814868927], [79.5801773071, -0.252317368984, 21.2884616852, -5.81672000885, 4.72420501709, 9.82018566132, 32.3752822876, 93.056312561, 45.4951629639, 6.8033618927, -6.99455308914, -9.97637462616, -9.70805358887], [57.6410903931, -27.2488117218, -8.10025024414, 31.1690425873, 6.76996135712, 7.7379565239, 17.4822368622, 45.4951629639, 101.285423279, 40.6560211182, 8.43168544769, -15.8787126541, -19.956029892], [200.623809814, -53.9546012878, 38.7374305725, -3.49068713188, 15.3619556427, 1.16787385941, 14.2963323593, 6.8033618927, 40.6560211182, 119.381896973, 41.2211265564, 6.94760370255, -17.0466079712], [67.2109527588, -42.1826133728, 31.7472896576, -3.30617713928, -4.16819667816, 16.1184902191, 5.64837217331, -6.99455308914, 8.43168544769, 41.2211265564, 77.6358261108, 30.2161884308, 5.35662889481], [57.9526786804, 29.4781646729, 10.6832284927, 11.6532821655, 1.75411081314, -21.0114555359, -5.00695419312, -9.97637462616, -15.8787126541, 6.94760370255, 30.2161884308, 79.2549209595, 31.3624629974], [-63.7454795837, 10.5867671967, 37.7928733826, 20.4392719269, 7.86200904846, 6.79665374756, -9.73814868927, -9.70805358887, -19.956029892, -17.0466079712, 5.35662889481, 31.3624629974, 77.8967666626]], "icov": [[0.000110829147161, -1.10085811684e-05, -1.69119302882e-05, -0.000103702186607, 8.15979437903e-05, -4.11415894632e-05, 2.75246347883e-05, -0.000142463351949, 0.000115442111564, -0.000221063804929, 3.82863472623e-05, -0.00011291570263, 0.000132673740154], [-1.10085811684e-05, 0.00116613623686, 0.000477841473185, -0.00028976178146, -0.000200280919671, 0.000378401658963, 8.20870191092e-05, -0.000424793659477, 0.000431481661508, 0.000168217564351, 0.000331583403749, -0.000410546956118, -8.89362709131e-05], [-1.69119302882e-05, 0.000477841473185, 0.00268387328833, 0.00056932377629, -0.00139338441659, -0.0014099261025, 0.00178119167686, -0.00148224341683, 0.000863601802848, -0.000874425051734, -0.000308879272779, -0.000231279016589, -0.00108445063233], [-0.000103702186607, -0.00028976178146, 0.00056932377629, 0.00437454367056, -0.00306185148656, 0.000577823549975, -0.000125437160023, 0.00127015239559, -0.00238369219005, 0.00110360293183, -0.000510351441335, 1.39876574394e-05, -0.0014080023393], [8.15979437903e-05, -0.000200280919671, -0.00139338441659, -0.00306185148656, 0.0101668834686, -0.00229887687601, 0.000113459405839, -0.000448458216852, 0.00105846265797, -0.00226185796782, 0.00271876738407, -0.00115858891513, 0.000761855626479], [-4.11415894632e-05, 0.000378401658963, -0.0014099261025, 0.000577823549975, -0.00229887687601, 0.00995082315058, -0.00582865439355, 0.0017893651966, -0.00101169059053, 0.00256091100164, -0.00351092801429, 0.00417742319405, -0.00183375203051], [2.75246347883e-05, 8.20870191092e-05, 0.00178119167686, -0.000125437160023, 0.000113459405839, -0.00582865439355, 0.0133920442313, -0.00500104250386, 0.00137247086968, -0.00232287845574, 0.000835162471049, -0.00195882329717, 0.00130263972096], [-0.000142463351949, -0.000424793659477, -0.00148224341683, 0.00127015239559, -0.000448458216852, 0.0017893651966, -0.00500104250386, 0.0169920641929, -0.00860012415797, 0.00260688108392, 0.00158735329751, 4.62955758849e-05, -5.1921892009e-05], [0.000115442111564, 0.000431481661508, 0.000863601802848, -0.00238369219005, 0.00105846265797, -0.00101169059053, 0.00137247086968, -0.00860012415797, 0.01740597561, -0.00569454859942, -0.000823188340291, 0.00235033617355, 0.00164681812748], [-0.000221063804929, 0.000168217564351, -0.000874425051734, 0.00110360293183, -0.00226185796782, 0.00256091100164, -0.00232287845574, 0.00260688108392, -0.00569454859942, 0.0140246758237, -0.0066733462736, 0.000394870818127, 0.00188039790373], [3.82863472623e-05, 0.000331583403749, -0.000308879272779, -0.000510351441335, 0.00271876738407, -0.00351092801429, 0.000835162471049, 0.00158735329751, -0.000823188340291, -0.0066733462736, 0.0210734438151, -0.00879241339862, 0.0010237795068], [-0.00011291570263, -0.000410546956118, -0.000231279016589, 1.39876574394e-05, -0.00115858891513, 0.00417742319405, -0.00195882329717, 4.62955758849e-05, 0.00235033617355, 0.000394870818127, -0.00879241339862, 0.0206237118691, -0.00742501113564], [0.000132673740154, -8.89362709131e-05, -0.00108445063233, -0.0014080023393, 0.000761855626479, -0.00183375203051, 0.00130263972096, -5.1921892009e-05, 0.00164681812748, 0.00188039790373, 0.0010237795068, -0.00742501113564, 0.0178456418216]]}, "silence_rate_20dB": {"dvar2": 0, "var": 0, "min": 1, "dmean": 0, "mean": 1, "max": 1, "dmean2": 0, "median": 1, "dvar": 0}, "melbands_kurtosis": {"dvar2": 1143.31530762, "var": 1093.2175293, "min": -1.64011013508, "dmean": 10.9187097549, "mean": 23.3383197784, "max": 467.554290771, "dmean2": 17.4869213104, "median": 13.9500865936, "dvar": 462.19909668}, "barkbands_spread": {"dvar2": 120.886001587, "var": 233.602905273, "min": 0.694297373295, "dmean": 6.83816003799, "mean": 26.4290618896, "max": 121.589691162, "dmean2": 10.3699064255, "median": 24.2750320435, "dvar": 56.9369659424}, "erbbands_skewness": {"dvar2": 0.208250522614, "var": 0.646583974361, "min": -2.89774703979, "dmean": 0.343632996082, "mean": -0.0600497275591, "max": 5.10417795181, "dmean2": 0.51130771637, "median": -0.120443612337, "dvar": 0.0969120785594}, "average_loudness": 0.933900952339, "spectral_centroid": {"dvar2": 178514.15625, "var": 473307.9375, "min": 174.9559021, "dmean": 273.862762451, "mean": 1527.28613281, "max": 11364.1357422, "dmean2": 417.956726074, "median": 1507.14550781, "dvar": 82023.71875}, "dissonance": {"dvar2": 0.000439078634372, "var": 0.00047383265337, "min": 0.277320325375, "dmean": 0.0124011365697, "mean": 0.472307801247, "max": 0.499962985516, "dmean2": 0.020485015586, "median": 0.478206545115, "dvar": 0.000165266043041}, "erbbands_flatness_db": {"dvar2": 0.000383071863325, "var": 0.00149996799883, "min": 0.0374332554638, "dmean": 0.0157204009593, "mean": 0.130759239197, "max": 0.367487877607, "dmean2": 0.0214061643928, "median": 0.126494944096, "dvar": 0.000219418041524}, "spectral_strongpeak": {"dvar2": 1.12223243713, "var": 0.595512866974, "min": 0, "dmean": 0.341668993235, "mean": 0.644285678864, "max": 12.2685823441, "dmean2": 0.599739134312, "median": 0.440067052841, "dvar": 0.437579989433}, "spectral_rms": {"dvar2": 2.21115760723e-06, "var": 3.83018141292e-06, "min": 3.13558315597e-12, "dmean": 0.000767712423112, "mean": 0.00527320150286, "max": 0.0134038450196, "dmean2": 0.00118808145635, "median": 0.00544973649085, "dvar": 9.06699824554e-07}, "silence_rate_60dB": {"dvar2": 0.0138413198292, "var": 0.049930434674, "min": 0, "dmean": 0.00611941609532, "mean": 0.0527097918093, "max": 1, "dmean2": 0.0122399022803, "median": 0, "dvar": 0.00608265167102}, "melbands": {"dvar2": [6.65584911985e-06, 3.52712486347e-05, 1.16905239338e-05, 5.11727421326e-06, 2.47133272069e-07, 5.52248252461e-07, 8.73383839917e-07, 1.52737598569e-07, 1.5005129228e-07, 7.87282701253e-08, 3.11887085047e-08, 3.79184115218e-08, 9.58459800415e-09, 7.28007965023e-09, 3.32926308744e-09, 6.39867803187e-09, 5.47039302745e-09, 2.5311888141e-09, 2.00037897358e-09, 1.38551947693e-09, 2.63995292293e-09, 1.65389424378e-09, 3.07974623581e-09, 1.1802802069e-09, 4.42714781501e-10, 4.16106704648e-10, 4.54519338833e-10, 1.77095393905e-10, 7.28554092055e-11, 3.35277708374e-11, 5.57726226313e-11, 2.19649298749e-11, 1.52191835523e-11, 1.48327322647e-11, 1.22016945159e-11, 1.19483260091e-11, 1.02306661406e-11, 6.44715834539e-12, 6.62085143655e-12, 3.60090277908e-12], "var": [3.82037524105e-06, 1.6953496015e-05, 3.44141153619e-06, 2.06071308639e-06, 1.63753014704e-07, 6.44932981686e-07, 9.89990894595e-07, 1.96340764091e-07, 1.28009133959e-07, 9.13580748829e-08, 3.79062825573e-08, 5.0144819852e-08, 9.43514155693e-09, 4.30299706977e-09, 2.06194950003e-09, 4.42991598959e-09, 3.71180663983e-09, 1.58126134409e-09, 1.44784828571e-09, 1.26501487063e-09, 2.36869124315e-09, 1.71623049106e-09, 2.82869927481e-09, 1.12394349383e-09, 4.18394791035e-10, 3.96691568483e-10, 6.81334266783e-10, 2.3001206495e-10, 8.62023785686e-11, 3.62993142489e-11, 6.82780221251e-11, 2.44707656916e-11, 1.69679131856e-11, 1.48516789145e-11, 1.25646784643e-11, 1.36235536741e-11, 1.28420425335e-11, 7.1817131235e-12, 5.79614741619e-12, 3.49600556837e-12], "min": [2.96126452299e-24, 1.71316666407e-24, 4.32318929129e-24, 2.82778590517e-24, 1.40857603008e-24, 2.87255316989e-24, 3.33867076562e-24, 4.13623675093e-24, 2.43212364625e-24, 3.92608460021e-24, 3.79745609645e-24, 2.81072757695e-24, 4.93668089525e-24, 5.68120032342e-24, 4.62327710723e-24, 4.72534269216e-24, 9.04911495166e-24, 4.29827114744e-24, 7.43760859523e-24, 7.63591560502e-24, 4.72820901826e-24, 6.07032805303e-24, 6.43728287474e-24, 4.67401742951e-24, 5.50919433063e-24, 5.39000770305e-24, 4.73246926158e-24, 7.52043267939e-24, 8.02753850167e-24, 7.33328331823e-24, 6.06689414151e-24, 6.68291798897e-24, 8.45864546435e-24, 1.12789928056e-23, 9.21050721539e-24, 5.85349188386e-24, 7.98071960695e-24, 7.37805196346e-24, 8.54591872402e-24, 5.90838910868e-24], "dmean": [0.000927023938857, 0.00188189942855, 0.000938713143114, 0.00058596249437, 0.00015319409431, 0.000251337361988, 0.000296282640193, 0.000106586900074, 0.000104101753095, 6.70503359288e-05, 5.37900123163e-05, 2.92038821499e-05, 2.20682504732e-05, 2.06451732083e-05, 1.58061557158e-05, 1.92821407836e-05, 1.7690777895e-05, 1.29721256599e-05, 1.44948617162e-05, 1.32218228828e-05, 1.74170963874e-05, 1.57569447765e-05, 2.15371273953e-05, 1.32392397063e-05, 8.45514114189e-06, 7.52523283154e-06, 6.58234330331e-06, 5.63310004509e-06, 3.64902302863e-06, 2.50732500717e-06, 2.51340088653e-06, 1.82411338301e-06, 1.36415997076e-06, 1.23909342165e-06, 1.21860978197e-06, 1.32090895022e-06, 1.15781256227e-06, 9.20767433854e-07, 8.43974703457e-07, 6.85858708493e-07], "mean": [0.00189321057405, 0.00389311090112, 0.00154106912669, 0.000811281672213, 0.000259986409219, 0.00050108024152, 0.000550408556592, 0.000177495123353, 0.000176451547304, 0.000117238501844, 9.45262654568e-05, 4.87921315653e-05, 3.5030530853e-05, 2.85564856313e-05, 2.26038519031e-05, 2.73747955362e-05, 2.65903981926e-05, 2.00241483981e-05, 2.46060681093e-05, 2.4347260478e-05, 3.25579094351e-05, 3.34669311997e-05, 4.3774551159e-05, 2.65981634584e-05, 1.75148179551e-05, 1.51626800289e-05, 1.44339137478e-05, 1.20650875033e-05, 7.60940565669e-06, 4.84614474772e-06, 4.66959818368e-06, 3.1189758829e-06, 2.270442792e-06, 2.03037393476e-06, 2.14929855247e-06, 2.29067404689e-06, 1.92224911189e-06, 1.51146150529e-06, 1.30563364564e-06, 1.02830063042e-06], "max": [0.024272415787, 0.0452748760581, 0.02713720873, 0.0212899968028, 0.00672644237056, 0.00986655429006, 0.00983315519989, 0.00778559502214, 0.0078142080456, 0.00602514808998, 0.0051135532558, 0.00478834705427, 0.00251036765985, 0.00144975050353, 0.000849029340316, 0.00103512464557, 0.00121527793817, 0.000765926379245, 0.000662728969473, 0.000884228560608, 0.00104354985524, 0.000869760639034, 0.00103039178066, 0.000499040645082, 0.000525040028151, 0.000437689159298, 0.000602698652074, 0.00022879386961, 0.000161822739756, 6.83595280861e-05, 0.000185401906492, 8.72407108545e-05, 0.000116747913125, 0.000120706921734, 7.7875185525e-05, 5.358339331e-05, 6.85532359057e-05, 5.64328693144e-05, 4.43365315732e-05, 3.48901885445e-05], "dmean2": [0.00151878735051, 0.00315277581103, 0.00161029316951, 0.000976943760179, 0.000249489879934, 0.000395639886847, 0.000445001845947, 0.000165413846844, 0.000160142910318, 0.000101476493001, 8.2903803559e-05, 4.39493960585e-05, 3.37279452651e-05, 3.41842169291e-05, 2.54774950008e-05, 3.1955227314e-05, 2.92015047307e-05, 2.09951358556e-05, 2.3650825824e-05, 2.16254265979e-05, 2.83856024907e-05, 2.55871000263e-05, 3.52042698069e-05, 2.16584139707e-05, 1.36720082082e-05, 1.20654567581e-05, 1.05082781374e-05, 8.89381135494e-06, 5.60544367545e-06, 3.86796637031e-06, 3.73529928765e-06, 2.69664565167e-06, 1.95829147742e-06, 1.80551660378e-06, 1.82380711067e-06, 1.9500118924e-06, 1.67049188349e-06, 1.33888431719e-06, 1.22751885101e-06, 9.91726778921e-07], "median": [0.00154484610539, 0.00285697868094, 0.00112391542643, 0.000384481449146, 0.000131077074911, 0.000206088530831, 0.00017979866243, 5.31223558937e-05, 6.32067385595e-05, 3.41516133631e-05, 3.37631063303e-05, 1.33371650008e-05, 1.19112537504e-05, 1.13661362775e-05, 8.20517925604e-06, 7.38399239708e-06, 1.01526829894e-05, 8.20599871076e-06, 1.355046879