{"tonal": {"thpcp": [1, 0.46762791276, 0.20637357235, 0.223604768515, 0.253236472607, 0.331526994705, 0.33749383688, 0.237889751792, 0.23227891326, 0.230954408646, 0.162444651127, 0.16252964735, 0.175556883216, 0.23065161705, 0.667229294777, 0.7871966362, 0.338985294104, 0.394022196531, 0.618466615677, 0.332187473774, 0.0886455923319, 0.10625063628, 0.0942587703466, 0.0817872211337, 0.109495714307, 0.241689175367, 0.699778556824, 0.795670092106, 0.351367175579, 0.174998313189, 0.163203343749, 0.129545614123, 0.106541410089, 0.106114678085, 0.231570586562, 0.802681326866], "hpcp": {"dmean2": [0.24976208806, 0.203103706241, 0.166871204972, 0.145992025733, 0.222535952926, 0.421263754368, 0.431532740593, 0.34261238575, 0.258598864079, 0.243970349431, 0.261195510626, 0.23152410984, 0.202953517437, 0.219637691975, 0.253875434399, 0.264091998339, 0.220810845494, 0.235079556704, 0.238558188081, 0.240176022053, 0.327625900507, 0.366678237915, 0.287297815084, 0.374193012714, 0.616715312004, 0.336117058992, 0.117594361305, 0.137896955013, 0.142526969314, 0.123759686947, 0.150957673788, 0.259003549814, 0.400794863701, 0.388123452663, 0.29589471221, 0.256900966167], "median": [0.00309092830867, 0.00240232120268, 0.00184529204853, 0.00199191411957, 0.0386526174843, 0.248215973377, 0.327317297459, 0.140752464533, 0.0161055345088, 0.0135587472469, 0.0125389825553, 0.0180664919317, 0.0178644023836, 0.0265301167965, 0.0354936830699, 0.0239457637072, 0.0096453493461, 0.00842093769461, 0.0088411308825, 0.0378856994212, 0.225985825062, 0.270787656307, 0.074558287859, 0.0321773476899, 0.0308263227344, 0.0164758078754, 0.00894020870328, 0.00969480350614, 0.00464091449976, 0.00112327001989, 0.00137194280978, 0.0326752513647, 0.205870509148, 0.230473041534, 0.0676094740629, 0.00441055512056], "min": [3.66374888472e-06, 4.52394806416e-06, 0, 7.70885799284e-06, 2.43878585025e-05, 9.63101410889e-05, 1.18927109725e-05, 2.66584061137e-06, 3.96786635974e-05, 4.63501601189e-05, 2.62885732809e-05, 9.2261007012e-07, 5.15000574524e-05, 4.63752658106e-05, 3.84510858567e-05, 3.35792392434e-05, 4.75270790048e-05, 0.000113109956146, 4.28769781138e-05, 0, 0, 0, 3.62049177056e-05, 1.86857723747e-05, 3.60224294127e-05, 2.16069729504e-05, 0, 0, 0, 0, 0, 2.83972872239e-06, 0.000102894635347, 5.5777716625e-05, 4.93473780807e-05, 3.74766705136e-06], "dvar2": [0.187326312065, 0.155203521252, 0.118869043887, 0.0708918124437, 0.071289665997, 0.140173092484, 0.168348133564, 0.114221580327, 0.0935088321567, 0.0950300768018, 0.128400921822, 0.11744030565, 0.104932405055, 0.110667802393, 0.143061071634, 0.188073471189, 0.153658688068, 0.183322414756, 0.180380567908, 0.105696991086, 0.109632305801, 0.127988323569, 0.125915363431, 0.153799802065, 0.346463263035, 0.113928794861, 0.0785024985671, 0.103693239391, 0.116250671446, 0.0773603543639, 0.0862428992987, 0.105940505862, 0.156919375062, 0.164312645793, 0.112090244889, 0.17513127625], "dvar": [0.0648633688688, 0.0537869036198, 0.0408253073692, 0.0258459933102, 0.0265806652606, 0.0553047433496, 0.0659750550985, 0.040301118046, 0.0339054018259, 0.0359427146614, 0.0474686510861, 0.045282535255, 0.0406277552247, 0.0393066331744, 0.0515268780291, 0.0634691789746, 0.0518153049052, 0.060548517853, 0.0596149638295, 0.0369969531894, 0.0417336374521, 0.047243386507, 0.0424807667732, 0.0545417591929, 0.127503409982, 0.0418985448778, 0.0271036494523, 0.0356633514166, 0.0393039695919, 0.0270230285823, 0.030812593177, 0.0383951328695, 0.0578977689147, 0.0583432205021, 0.0397245027125, 0.0614980235696], "dmean": [0.128024563193, 0.103543184698, 0.0854071676731, 0.0769069418311, 0.124325014651, 0.24953584373, 0.25709310174, 0.195097625256, 0.137595966458, 0.133354276419, 0.145748123527, 0.133142262697, 0.117423139513, 0.122276902199, 0.138275504112, 0.143797427416, 0.116123311222, 0.120898887515, 0.12477388978, 0.132805407047, 0.195278257132, 0.218656465411, 0.160856068134, 0.210840597749, 0.337983846664, 0.184910714626, 0.0613000914454, 0.0718082860112, 0.0729783922434, 0.0640835240483, 0.0803266018629, 0.141815334558, 0.224127948284, 0.219482988119, 0.165267840028, 0.133404448628], "max": [1, 1, 1, 1, 1, 1, 1, 1, 1, 1, 1, 1, 1, 1, 1, 1, 1, 1, 1, 1, 1, 1, 1, 1, 1, 1, 1, 1, 1, 1, 1, 1, 1, 1, 1, 1], "var": [0.0391744486988, 0.0317935906351, 0.023424603045, 0.0172793194652, 0.0247068684548, 0.10351254046, 0.137744322419, 0.0430197045207, 0.02503115125, 0.0304220579565, 0.0422006770968, 0.0636757239699, 0.0698772668839, 0.0349181294441, 0.0358913205564, 0.0436989404261, 0.0319601483643, 0.035283870995, 0.0359455049038, 0.0282427631319, 0.0638988763094, 0.0845612436533, 0.0378552526236, 0.0592744201422, 0.13803294301, 0.0430451780558, 0.015199733898, 0.0202469788492, 0.0218455102295, 0.0161363426596, 0.0202874802053, 0.0322583466768, 0.0953472182155, 0.114586435258, 0.0416108481586, 0.0382323861122], "mean": [0.0724077299237, 0.0574749484658, 0.0472687706351, 0.0470794439316, 0.102739930153, 0.356122195721, 0.443665713072, 0.207470476627, 0.0915608778596, 0.0992057695985, 0.112352341413, 0.147087156773, 0.149734437466, 0.105543524027, 0.103054188192, 0.10246655345, 0.0720711201429, 0.0721088349819, 0.0778885707259, 0.102332212031, 0.2960267663, 0.349252164364, 0.150396153331, 0.174814134836, 0.274392426014, 0.147380188107, 0.0393290109932, 0.0471397638321, 0.0418193861842, 0.0362861864269, 0.0485794954002, 0.107229202986, 0.310467749834, 0.353011548519, 0.155889570713, 0.0776407495141]}, "tuning_equal_tempered_deviation": 0.108082816005, "chords_changes_rate": 0.0539358593524, "key_key": "E", "tuning_diatonic_strength": 0.37487795949, "key_scale": "major", "chords_number_rate": 0.000874635588843, "tuning_frequency": 434.193115234, "tuning_nontempered_energy_ratio": 0.746141731739, "chords_histogram": [57.9591827393, 0, 0, 0, 0, 0.408163279295, 12.6822156906, 0, 0, 0, 0, 0, 0, 0.291545182467, 0, 0, 0, 0, 0, 0, 0, 0, 0, 28.6588916779], "key_strength": 0.601790308952, "chords_key": "E", "chords_strength": {"dmean2": 0.00838414765894, "median": 0.385767519474, "min": 0.245054900646, "dvar2": 5.23639973835e-05, "dvar": 3.49580113834e-05, "dmean": 0.00690793991089, "max": 0.637922346592, "var": 0.0128263561055, "mean": 0.434891551733}, "chords_scale": "major", "hpcp_entropy": {"dmean2": 1.06519734859, "median": 2.37217116356, "min": 0.0434991419315, "dvar2": 0.717602908611, "dvar": 0.250750124454, "dmean": 0.621590137482, "max": 4.47772979736, "var": 0.449407190084, "mean": 2.31942009926}}, "metadata": {"audio_properties": {"equal_loudness": 0, "codec": "vorbis", "downmix": "mix", "sample_rate": 44100, "analysis_sample_rate": 44100, "bit_rate": 356000, "md5_encoded": "3facd13ea61764e0532c3e7865d11a58", "length": 159.201812744, "replay_gain": -9.8281211853, "lossless": false}, "version": {"essentia_build_sha": "cead25079874084f62182a551b7393616cd33d87", "essentia": "2.1-beta2", "extractor": "music 1.0", "essentia_git_sha": "v2.1_beta2-1-ge3940c0"}, "tags": {"title": ["PMS 1235C (M15, Y60)"], "barcode": ["677517000320"], "media": ["CD"], "albumartist": ["So Takahashi"], "tracktotal": ["10"], "musicbrainz_releasegroupid": ["409d11a8-0c8c-318c-a78f-3285e6800bda"], "releasetype": ["album"], "musicbrainz_recordingid": ["1c882174-142e-44d5-aeff-56cd87ad2a2c"], "musicbrainz_albumartistid": ["663b786f-984f-4753-adf3-272de9a8d3bb"], "originalyear": ["2001"], "musicbrainz_releasetrackid": ["b96fd600-b93c-39f7-b616-35234e39141d"], "discnumber": ["1"], "album": ["NuBus"], "catalognumber": ["CRPK003CD"], "releasecountry": ["US"], "originaldate": ["2001-01-16"], "albumartistsort": ["Takahashi, So"], "date": ["2001-01-16"], "file_name": "07 So Takahashi - PMS 1235C (M15, Y60).ogg", "disctotal": ["1"], "acoustid_id": ["2f9808ef-66ae-41d4-a376-1afbe902847e"], "musicbrainz_artistid": ["663b786f-984f-4753-adf3-272de9a8d3bb"], "asin": ["B00004T3XP"], "musicbrainz_albumid": ["851e37a3-88db-4029-bb77-fdb38dbbda57"], "tracknumber": ["7"], "artistsort": ["Takahashi, So"], "artist": ["So Takahashi"], "label": ["Carpark Records"], "releasestatus": ["official"], "totaldiscs": ["1"], "script": ["Latn"], "totaltracks": ["10"]}}, "rhythm": {"bpm_histogram_first_peak_bpm": {"dmean2": 0, "median": 123, "min": 123, "dvar2": 0, "dvar": 0, "dmean": 0, "max": 123, "var": 0, "mean": 123}, "bpm": 123.639762878, "bpm_histogram_second_peak_spread": {"dmean2": 0, "median": 0.159420251846, "min": 0.159420251846, "dvar2": 0, "dvar": 0, "dmean": 0, "max": 0.159420251846, "var": 0, "mean": 0.159420251846}, "bpm_histogram_first_peak_weight": {"dmean2": 0, "median": 0.187301591039, "min": 0.187301591039, "dvar2": 0, "dvar": 0, "dmean": 0, "max": 0.187301591039, "var": 0, "mean": 0.187301591039}, "onset_rate": 5.37623548508, "beats_position": [0.441179126501, 0.847528338432, 1.26548755169, 1.69505667686, 2.12462592125, 2.57741498947, 3.03020405769, 3.48299312592, 3.94739222527, 4.41179132462, 4.85297060013, 5.31736946106, 5.7701587677, 6.26938772202, 6.74539661407, 7.22140598297, 7.80190467834, 8.39401340485, 8.98612213135, 9.61306095123, 10.2167797089, 10.8321084976, 11.4590473175, 11.9814968109, 12.4807252884, 12.9799547195, 13.4675731659, 13.966802597, 14.4776411057, 14.9768705368, 15.4760990143, 15.9753284454, 16.4745578766, 16.9737873077, 17.4846248627, 17.9722442627, 18.483083725, 18.970703125, 19.4815406799, 19.9923801422, 20.5032196045, 21.0140590668, 21.5248966217, 22.035736084, 22.5117454529, 22.9877548218, 23.4637641907, 23.9397735596, 24.4157810211, 24.9034004211, 25.3910198212, 25.8902492523, 26.3662586212, 26.8422679901, 27.3066654205, 27.7826747894, 28.2586841583, 28.7463035583, 29.2339229584, 29.7099323273, 30.2091598511, 30.6967792511, 31.1611785889, 31.6255779266, 32.1015853882, 32.5775947571, 33.0652160645, 33.5528335571, 34.0520629883, 34.539680481, 35.0156898499, 35.480091095, 35.9444885254, 36.4204978943, 36.8848991394, 37.3492965698, 37.8136940002, 38.2897033691, 38.765712738, 39.2301139832, 39.7061233521, 40.1473007202, 40.6116981506, 41.0760993958, 41.6101570129, 42.1442184448, 42.6550559998, 43.1658935547, 43.6651229858, 44.1411323547, 44.6519737244, 45.139591217, 45.650428772, 46.1380500793, 46.6488876343, 47.1597251892, 47.6473464966, 48.111743927, 48.5877532959, 49.0637626648, 49.5281639099, 49.9925613403, 50.4569587708, 50.9445800781, 51.4089775085, 51.8849868774, 52.3609962463, 52.8253974915, 53.2897949219, 53.8702926636, 54.45079422, 55.0777320862, 55.7278900146, 56.3780479431, 57.0049858093, 57.6319274902, 58.2588653564, 58.8974151611, 59.5243530273, 60.162902832, 60.8130607605, 61.4516105652, 62.1133766174, 62.7635345459, 63.3788642883, 64.0174102783, 64.6443557739, 65.2712936401, 65.8866195679, 66.478729248, 67.0708389282, 67.6629486084, 68.2782745361, 68.8703842163, 69.4624938965, 70.0662155151, 70.6583175659, 71.2852630615, 71.8773651123, 72.4694747925, 73.0615844727, 73.6536941528, 74.210975647, 74.6869812012, 75.1629943848, 75.6622238159, 76.1614532471, 76.6722869873, 77.15990448, 77.6707458496, 78.1583633423, 78.6692047119, 79.1568222046, 79.6676635742, 80.1668930054, 80.6661224365, 81.1769561768, 81.6877975464, 82.1870269775, 82.6978683472, 83.2087097168, 83.7079315186, 84.1955566406, 84.6599502563, 85.1359634399, 85.6235809326, 86.0995864868, 86.5872116089, 87.0748291016, 87.5740585327, 88.0616760254, 88.537689209, 89.0020828247, 89.4780960083, 89.9541015625, 90.4301147461, 90.9177322388, 91.4053497314, 91.9045791626, 92.3805847168, 92.8565979004, 93.3209991455, 93.7970046997, 94.2730178833, 94.760635376, 95.2482528687, 95.7358703613, 96.223487854, 96.7111129761, 97.1755065918, 97.6399078369, 98.104309082, 98.5687026978, 99.0331039429, 99.497505188, 99.9735107422, 100.449523926, 100.913917542, 101.378318787, 101.842720032, 102.318725586, 102.79473877, 103.270744324, 103.758361816, 104.245986938, 104.74521637, 105.232833862, 105.697235107, 106.161628723, 106.637641907, 107.113647461, 107.601264954, 108.088890076, 108.56489563, 109.064125061, 109.551742554, 110.016143799, 110.480545044, 110.956550598, 111.444168091, 111.931785583, 112.419410706, 112.907028198, 113.394645691, 113.870658875, 114.33505249, 114.799453735, 115.26385498, 115.728248596, 116.192649841, 116.657051086, 117.121452332, 117.597457886, 118.07346344, 118.549476624, 119.00226593, 119.478271484, 119.965896606, 120.441902161, 120.929519653, 121.417137146, 121.916366577, 122.403991699, 122.879997253, 123.344398499, 123.820404053, 124.296417236, 124.772422791, 125.260040283, 125.747665405, 126.246894836, 126.722900391, 127.198905945, 127.66330719, 128.127700806, 128.580490112, 129.033279419, 129.497680664, 129.962081909, 130.426483154, 130.879272461, 131.332061768, 131.796463013, 132.284072876, 132.771697998, 133.247711182, 133.735321045, 134.234558105, 134.722167969, 135.209793091, 135.697418213, 136.208251953, 136.707473755, 137.195098877, 137.671112061, 138.135513306, 138.599899292, 139.064300537, 139.528701782, 139.981491089, 140.434280396, 140.898681641, 141.363082886, 141.804260254, 142.268661499, 142.767883301, 143.2787323, 143.812789917, 144.428115845, 145.043441772, 145.635559082, 146.216049194, 146.819763184, 147.423492432, 148.050430298, 148.665756226, 149.269470215, 149.884811401, 150.418869019, 150.929702759, 151.440536499, 151.928161621, 152.427383423, 152.926620483, 153.437454224, 153.925079346, 154.435913086, 154.923538208, 155.434371948, 155.92199707, 156.432830811, 156.943664551, 157.45451355, 157.942123413, 158.452972412, 158.952194214], "beats_loudness": {"dmean2": 0.1063022241, "median": 0.0714626014233, "min": 0.0147604644299, "dvar2": 0.0293198842555, "dvar": 0.010307370685, "dmean": 0.056407250464, "max": 0.532357394695, "var": 0.00689657125622, "mean": 0.0824624300003}, "danceability": 1.29389572144, "bpm_histogram_second_peak_weight": {"dmean2": 0, "median": 0.184126988053, "min": 0.184126988053, "dvar2": 0, "dvar": 0, "dmean": 0, "max": 0.184126988053, "var": 0, "mean": 0.184126988053}, "beats_count": 316, "bpm_histogram_second_peak_bpm": {"dmean2": 0, "median": 129, "min": 129, "dvar2": 0, "dvar": 0, "dmean": 0, "max": 129, "var": 0, "mean": 129}, "bpm_histogram_first_peak_spread": {"dmean2": 0, "median": 0.604026854038, "min": 0.604026854038, "dvar2": 0, "dvar": 0, "dmean": 0, "max": 0.604026854038, "var": 0, "mean": 0.604026854038}, "beats_loudness_band_ratio": {"dmean2": [0.411481767893, 0.242579072714, 0.110400959849, 0.0121365021914, 0.00381268747151, 0.316170871258], "median": [0.492326557636, 0.192452430725, 0.0417324341834, 0.00612429250032, 0.00121070723981, 0.204173862934], "min": [0.0516624487936, 0.0134663945064, 0.00342746451497, 0.000207900637179, 7.34388959245e-06, 0.00246433238499], "dvar2": [0.107194058597, 0.047854270786, 0.0345090590417, 0.000357068580342, 3.47480563505e-05, 0.0817545950413], "dvar": [0.0336015969515, 0.0190018862486, 0.0128966951743, 0.000148388571688, 1.21650800793e-05, 0.0254174694419], "dmean": [0.232031300664, 0.138739079237, 0.066529519856, 0.00718097854406, 0.00222739181481, 0.176026076078], "max": [0.989270567894, 0.785915076733, 0.685892939568, 0.0952164456248, 0.0229681450874, 0.721204221249], "var": [0.0436619631946, 0.0235414747149, 0.014771271497, 0.000151423024363, 9.08123092813e-06, 0.0270833577961], "mean": [0.530377805233, 0.221404016018, 0.0780139118433, 0.00835433322936, 0.00228260597214, 0.220027565956]}}, "lowlevel": {"barkbands_spread": {"dmean2": 35.581653595, "median": 21.940908432, "min": 1.34917712212, "dvar2": 1073.36804199, "dvar": 517.17565918, "dmean": 21.8679294586, "max": 104.434432983, "var": 950.343200684, "mean": 34.648727417}, "melbands_spread": {"dmean2": 28.6626091003, "median": 11.0944166183, "min": 0.659097254276, "dvar2": 1239.61132812, "dvar": 500.968658447, "dmean": 16.9402656555, "max": 208.67074585, "var": 662.583862305, "mean": 21.8658027649}, "hfc": {"dmean2": 72.3179702759, "median": 28.8217010498, "min": 0.0793146267533, "dvar2": 8430.859375, "dvar": 3649.12329102, "dmean": 43.9122161865, "max": 433.693237305, "var": 5342.27783203, "mean": 62.3741111755}, "barkbands_kurtosis": {"dmean2": 21.9854946136, "median": 7.78771209717, "min": -1.93912887573, "dvar2": 961.081542969, "dvar": 381.651855469, "dmean": 13.4149951935, "max": 259.063232422, "var": 455.857788086, "mean": 14.0062885284}, "gfcc": {"mean": [25.2143096924, 64.4108810425, -33.0780906677, 62.7064247131, -79.6518936157, 11.2827005386, -30.8950786591, -3.81139802933, -18.9479694366, 9.67240047455, -20.1257858276, 10.4488916397, -11.8968458176], "icov": [[0.00156655185856, 0.00200217962265, 0.00152061216068, -0.000155247107614, -0.000317093712511, -0.00038627567119, -0.00055967643857, -0.000902626779862, -0.000736319983844, -0.000271337397862, -0.000495617743582, -0.000403459940571, -0.000351829628926], [0.00200217962265, 0.00588921271265, 0.00118510029279, 0.00396072119474, -0.00532595347613, 0.00379200885072, -0.00266135390848, -0.000528299191501, -0.00108369567897, 0.00267425505444, -0.00515009090304, 0.00153397303075, -0.00159287569113], [0.00152061216068, 0.00118510029279, 0.0051889885217, -0.00296562886797, 0.00253644725308, -0.00356186064892, 0.00198772945441, -0.00132830440998, -0.0007161629037, -0.00178702245466, 0.00279240263626, -0.00430891430005, -0.00154455180746], [-0.000155247107614, 0.00396072119474, -0.00296562886797, 0.0138521995395, -0.00884559564292, 0.00866497959942, -0.00512151094154, 0.000306884379825, -0.00369264581241, 0.00520521495491, -0.00600553862751, 0.00348120299168, -0.00239529693499], [-0.000317093712511, -0.00532595347613, 0.00253644725308, -0.00884559564292, 0.0131900431588, -0.00853410083801, 0.00516421720386, -0.00170213624369, -0.00136193120852, -0.00395714351907, 0.00558072049171, -0.00239201076329, 0.00107177929021], [-0.00038627567119, 0.00379200885072, -0.00356186064892, 0.00866497959942, -0.00853410083801, 0.0137934805825, -0.00647130561993, 0.00101901299786, -0.000156300782692, 0.00594908557832, -0.00533330906183, -0.000424506113632, 0.000508211785927], [-0.00055967643857, -0.00266135390848, 0.00198772945441, -0.00512151094154, 0.00516421720386, -0.00647130561993, 0.0147356586531, -0.000988344312645, -0.000419882242568, -0.00305747264065, 3.74259507225e-05, 0.000297444639727, 0.000710714666639], [-0.000902626779862, -0.000528299191501, -0.00132830440998, 0.000306884379825, -0.00170213624369, 0.00101901299786, -0.000988344312645, 0.0119096180424, 0.000665969157126, -0.00374857918359, 0.00178361020517, 0.00146471941844, 0.000517300155479], [-0.000736319983844, -0.00108369567897, -0.0007161629037, -0.00369264581241, -0.00136193120852, -0.000156300782692, -0.000419882242568, 0.000665969157126, 0.016073551029, -0.0019033276476, -0.00325519475155, -0.000889980932698, 0.000641860533506], [-0.000271337397862, 0.00267425505444, -0.00178702245466, 0.00520521495491, -0.00395714351907, 0.00594908557832, -0.00305747264065, -0.00374857918359, -0.0019033276476, 0.014572288841, -0.00256983051077, 0.00323555013165, -0.00202170130797], [-0.000495617743582, -0.00515009090304, 0.00279240263626, -0.00600553862751, 0.00558072049171, -0.00533330906183, 3.74259507225e-05, 0.00178361020517, -0.00325519475155, -0.00256983051077, 0.0246981829405, -0.00216964399442, 0.000811755831819], [-0.000403459940571, 0.00153397303075, -0.00430891430005, 0.00348120299168, -0.00239201076329, -0.000424506113632, 0.000297444639727, 0.00146471941844, -0.000889980932698, 0.00323555013165, -0.00216964399442, 0.023052977398, 0.00195222604088], [-0.000351829628926, -0.00159287569113, -0.00154455180746, -0.00239529693499, 0.00107177929021, 0.000508211785927, 0.000710714666639, 0.000517300155479, 0.000641860533506, -0.00202170130797, 0.000811755831819, 0.00195222604088, 0.0207635778934]], "cov": [[2513.68212891, -1451.20751953, 86.8045806885, 36.3623542786, -266.192382812, 208.754211426, 61.7622413635, 143.732925415, 2.63198471069, 154.790420532, -132.86138916, 87.1128311157, -43.15417099], [-1451.20751953, 1729.97351074, -703.769714355, 67.4108505249, 457.753326416, -278.675811768, 68.0280838013, -75.9788513184, 100.206375122, -115.512466431, 252.028091431, -195.549636841, 40.4943580627], [86.8045806885, -703.769714355, 797.473510742, -42.2722358704, -206.726623535, 192.783157349, -86.1279830933, 25.8965568542, -54.4827079773, 28.1338443756, -148.780349731, 164.885452271, 4.91930341721], [36.3623542786, 67.4108505249, -42.2722358704, 211.141647339, 108.502494812, -69.2352676392, 26.1962890625, 12.6131896973, 66.0682144165, -1.18809342384, 35.6954116821, -30.5089664459, 21.1983776093], [-266.192382812, 457.753326416, -206.726623535, 108.502494812, 309.632080078, -20.1857910156, 18.8434677124, 6.29015111923, 68.6158981323, -22.5223464966, 67.279045105, -47.6489562988, 8.99039268494], [208.754211426, -278.675811768, 192.783157349, -69.2352676392, -20.1857910156, 246.633132935, 15.4994382858, -7.24869203568, -20.1979427338, -29.5989570618, -32.6794548035, 73.7883377075, -24.7499866486], [61.7622413635, 68.0280838013, -86.1279830933, 26.1962890625, 18.8434677124, 15.4994382858, 105.387748718, 5.21529769897, 19.5956497192, 3.1480076313, 31.3423709869, -19.5254364014, -1.89756989479], [143.732925415, -75.9788513184, 25.8965568542, 12.6131896973, 6.29015111923, -7.24869203568, 5.21529769897, 114.667266846, 2.90051794052, 49.0688705444, -19.1478843689, -5.1346116066, 2.72505950928], [2.63198471069, 100.206375122, -54.4827079773, 66.0682144165, 68.6158981323, -20.1979427338, 19.5956497192, 2.90051794052, 94.4983673096, 5.56407642365, 34.6332054138, -14.7823572159, 5.16670227051], [154.790420532, -115.512466431, 28.1338443756, -1.18809342384, -22.5223464966, -29.5989570618, 3.1480076313, 49.0688705444, 5.56407642365, 116.662910461, -17.494556427, -8.7721786499, 8.96978569031], [-132.86138916, 252.028091431, -148.780349731, 35.6954116821, 67.279045105, -32.6794548035, 31.3423709869, -19.1478843689, 34.6332054138, -17.494556427, 94.7118911743, -32.690322876, 3.46154260635], [87.1128311157, -195.549636841, 164.885452271, -30.5089664459, -47.6489562988, 73.7883377075, -19.5254364014, -5.1346116066, -14.7823572159, -8.7721786499, -32.690322876, 88.8328475952, -10.8011646271], [-43.15417099, 40.4943580627, 4.91930341721, 21.1983776093, 8.99039268494, -24.7499866486, -1.89756989479, 2.72505950928, 5.16670227051, 8.96978569031, 3.46154260635, -10.8011646271, 55.0805778503]]}, "spectral_energyband_middle_low": {"dmean2": 0.00809894315898, "median": 0.0160927977413, "min": 1.89757083717e-05, "dvar2": 7.15221176506e-05, "dvar": 3.4848908399e-05, "dmean": 0.0054828254506, "max": 0.209603875875, "var": 0.000133765395731, "mean": 0.0188630241901}, "melbands_crest": {"dmean2": 7.18923377991, "median": 14.9489746094, "min": 5.70215272903, "dvar2": 35.0655670166, "dvar": 12.2919425964, "dmean": 4.24971675873, "max": 31.6860733032, "var": 24.162771225, "mean": 15.7937498093}, "spectral_kurtosis": {"dmean2": 1.89667344093, "median": 0.610173106194, "min": -0.7540538311, "dvar2": 5.51495552063, "dvar": 2.27219080925, "dmean": 1.19167792797, "max": 42.10704422, "var": 3.83075642586, "mean": 1.20830070972}, "spectral_rms": {"dmean2": 0.00305580114946, "median": 0.00723876617849, "min": 0.000342093058862, "dvar2": 7.32717990104e-06, "dvar": 3.09098322759e-06, "dmean": 0.00178647914436, "max": 0.0256785433739, "var": 6.62683669361e-06, "mean": 0.00768247060478}, "zerocrossingrate": {"dmean2": 0.0331885255873, "median": 0.06591796875, "min": 0.005859375, "dvar2": 0.000694711518008, "dvar": 0.000715267960913, "dmean": 0.029780741781, "max": 0.29296875, "var": 0.00361008639447, "mean": 0.0825730040669}, "silence_rate_60dB": {"dmean2": 0, "median": 0, "min": 0, "dvar2": 0, "dvar": 0, "dmean": 0, "max": 0, "var": 0, "mean": 0}, "erbbands_kurtosis": {"dmean2": 5.00298500061, "median": -0.229263782501, "min": -1.93538570404, "dvar2": 46.0106391907, "dvar": 18.3900299072, "dmean": 2.91242480278, "max": 45.4095993042, "var": 20.7780513763, "mean": 1.20546448231}, "erbbands": {"dmean2": [1.41104519367, 8.45209026337, 15.4068479538, 11.377907753, 10.6210756302, 23.9711971283, 22.7195415497, 13.0974378586, 9.61393737793, 25.6850910187, 4.37428283691, 3.1580221653, 2.9948952198, 2.59211325645, 2.52001619339, 3.45193815231, 2.46755647659, 2.63549900055, 2.58654308319, 2.60556340218, 2.77088475227, 3.17123198509, 3.48760342598, 3.76280879974, 4.53884649277, 5.88891410828, 21.0470981598, 65.2331008911, 317.140350342, 88.851234436, 50.068271637, 18.7741146088, 15.864654541, 16.3397655487, 13.5988922119, 3.48408579826, 1.5021520853, 0.105970285833, 0.0121152345091, 0.000543452915736], "median": [0.369515866041, 1.79269361496, 5.9488992691, 8.27980995178, 14.5459527969, 27.9149703979, 22.7709693909, 18.1383666992, 11.5087451935, 10.1070041656, 5.98170661926, 2.91411948204, 2.20683646202, 1.89034509659, 1.60150206089, 1.61174738407, 0.996674060822, 0.82525074482, 0.803169965744, 1.05538868904, 1.08761429787, 1.11311590672, 1.38104200363, 2.00448131561, 2.52884244919, 3.38143920898, 6.30630970001, 16.1097793579, 41.7068939209, 15.0294036865, 8.39937591553, 3.55259490013, 1.70370984077, 0.947608828545, 0.929661750793, 0.358405292034, 0.0961055904627, 0.0143082998693, 0.00139854603913, 0.000159594332217], "min": [0.00168579095043, 0.00782742071897, 0.0193869546056, 0.0291157737374, 0.0298918932676, 0.0230993777514, 0.0157914292067, 0.00866190623492, 0.00267227180302, 0.00146421475802, 0.00273487926461, 0.00532263237983, 0.00169507530518, 0.00113973708358, 0.000700504868291, 0.00105388020165, 0.000562618835829, 0.000493500207085, 0.000658258155454, 0.000746974779759, 0.000849363277666, 0.000416193914134, 0.000698596588336, 0.00121759483591, 0.000723797711544, 0.00131310033612, 0.00670394208282, 0.0492238588631, 0.0139544140548, 0.00637650862336, 0.00411659525707, 0.00287077086978, 0.00199018535204, 0.000928202527575, 0.00205215672031, 0.00235163746402, 0.000195794884348, 1.05612725747e-05, 3.87273030356e-06, 3.71951472289e-07], "dvar2": [2.79029774666, 203.479248047, 528.832214355, 134.843307495, 278.770904541, 586.013793945, 721.860290527, 228.115264893, 192.754043579, 4233.36376953, 27.3847904205, 14.9617385864, 15.4683475494, 8.94272232056, 13.2279481888, 26.7694740295, 10.4354715347, 14.5057249069, 13.4302921295, 12.1504774094, 12.4352149963, 15.4795751572, 16.6966705322, 19.4777755737, 32.7389068604, 56.5229263306, 1291.73071289, 10575.4970703, 187184.6875, 23240.03125, 7981.26416016, 971.928527832, 559.106994629, 1462.90771484, 765.303955078, 39.6751327515, 11.0007715225, 0.0242867339402, 0.000404903606977, 6.39617269371e-07], "dvar": [1.09217369556, 90.0289154053, 212.789413452, 46.962852478, 121.356079102, 286.759307861, 274.587463379, 98.7116165161, 131.403289795, 3381.67919922, 16.0643043518, 6.38888168335, 8.13212203979, 4.26146602631, 5.94683122635, 11.5141077042, 3.88797450066, 6.1094326973, 5.5997710228, 4.45696353912, 4.49910306931, 5.85115909576, 6.19178771973, 7.02464199066, 12.3132505417, 22.2296981812, 518.488586426, 3876.92114258, 69809.9765625, 9276.2109375, 2713.31665039, 381.683349609, 237.357894897, 616.662414551, 327.964202881, 16.8091430664, 3.96984267235, 0.00932581909001, 0.000139235358802, 2.26741178722e-07], "dmean": [0.795552551746, 4.82384443283, 8.91980266571, 6.53752279282, 6.95905971527, 15.1730966568, 13.7819643021, 8.34749412537, 7.93201398849, 25.0162582397, 3.25361895561, 2.01732730865, 2.07340145111, 1.64409661293, 1.60809099674, 2.10578227043, 1.40102410316, 1.47181844711, 1.41371870041, 1.43030202389, 1.50394940376, 1.73118901253, 1.91476917267, 2.1036427021, 2.64015555382, 3.4651260376, 12.9469919205, 38.8490333557, 175.800933838, 52.8320236206, 29.1479263306, 11.3255395889, 9.85976314545, 10.8731994629, 8.4343996048, 2.17255139351, 0.835978746414, 0.0600629523396, 0.00697930669412, 0.00031531706918], "max": [12.026391983, 146.851486206, 211.374755859, 98.9040908813, 655.089599609, 245.704330444, 195.695800781, 170.550613403, 185.367416382, 905.226196289, 70.998588562, 44.3277168274, 33.247341156, 27.5395107269, 29.9504470825, 38.9665298462, 34.0567588806, 117.890769958, 108.153427124, 23.4039993286, 16.039932251, 62.5751075745, 38.7948150635, 26.5488014221, 45.920879364, 90.5517196655, 327.322296143, 444.740356445, 2370.19433594, 948.34387207, 407.064453125, 156.17010498, 101.906951904, 194.250640869, 139.253707886, 32.2912025452, 15.4501457214, 0.668820977211, 0.0750483572483, 0.00296112406068], "var": [1.33845579624, 97.0911560059, 212.866409302, 71.0656356812, 292.92388916, 835.620361328, 465.224578857, 302.70703125, 603.817321777, 16502.9121094, 76.7195739746, 25.7223091125, 24.152048111, 11.1566820145, 12.6700124741, 18.107011795, 4.69884157181, 12.7789812088, 7.67264032364, 4.04560947418, 3.80199956894, 6.94712591171, 8.20589733124, 15.6365623474, 31.7317047119, 146.099487305, 2499.72998047, 3553.04443359, 58765.4726562, 8796.1875, 2284.62133789, 471.319702148, 299.406555176, 611.865478516, 348.410736084, 20.1835250854, 2.77274179459, 0.0103645510972, 0.000130196393002, 2.28384664069e-07], "mean": [0.84715616703, 4.53446722031, 9.83324718475, 10.4997758865, 18.2317008972, 35.2626075745, 28.3732643127, 22.1156253815, 20.2251319885, 56.0424880981, 8.520611763, 4.91695070267, 3.93751573563, 2.85849714279, 2.7123067379, 3.08608222008, 1.73308336735, 1.69406533241, 1.53534817696, 1.73499441147, 1.76368510723, 2.16240715981, 2.54977273941, 3.52565026283, 4.65681505203, 8.44230556488, 27.9793376923, 41.7848968506, 165.215957642, 51.0394248962, 27.1905841827, 13.0029354095, 9.43813323975, 9.56936740875, 8.00296783447, 2.25449872017, 0.680375754833, 0.0632929056883, 0.00648488616571, 0.000372151989723]}, "spectral_strongpeak": {"dmean2": 0.623380482197, "median": 0.244791582227, "min": 0, "dvar2": 1.87238156796, "dvar": 0.673081696033, "dmean": 0.365683674812, "max": 13.9013929367, "var": 0.749530434608, "mean": 0.507177174091}, "spectral_energy": {"dmean2": 0.0565367378294, "median": 0.0537097342312, "min": 0.000119953350804, "dvar2": 0.00438902806491, "dvar": 0.00191367452499, "dmean": 0.032583694905, "max": 0.675872266293, "var": 0.00279733515345, "mean": 0.0672885254025}, "average_loudness": 0.951299309731, "spectral_rolloff": {"dmean2": 3292.24755859, "median": 344.53125, "min": 64.599609375, "dvar2": 11755679, "dvar": 5958200, "dmean": 1867.43432617, "max": 11025, "var": 8713654, "mean": 2246.53198242}, "spectral_centroid": {"dmean2": 1323.92382812, "median": 1144.31433105, "min": 231.950805664, "dvar2": 1901440.125, "dvar": 790649.4375, "dmean": 799.007202148, "max": 5122.72119141, "var": 1183292.25, "mean": 1496.53027344}, "pitch_salience": {"dmean2": 0.159435227513, "median": 0.595699310303, "min": 0.101650156081, "dvar2": 0.0171661470085, "dvar": 0.00595625583082, "dmean": 0.0936906263232, "max": 0.825960457325, "var": 0.0127037903294, "mean": 0.579707622528}, "spectral_energyband_middle_high": {"dmean2": 0.000525573443156, "median": 0.00049555755686, "min": 1.62742040288e-07, "dvar2": 3.57238519655e-07, "dvar": 1.40069417398e-07, "dmean": 0.000309444410959, "max": 0.0088083492592, "var": 2.4826306344e-07, "mean": 0.000614769174717}, "spectral_contrast_coeffs": {"dmean2": [0.0992494821548, 0.076933093369, 0.0950957909226, 0.0831578597426, 0.0663247108459, 0.0556697994471], "median": [-0.653738021851, -0.688187420368, -0.789732575417, -0.83095240593, -0.804038465023, -0.689041256905], "min": [-0.951370000839, -0.885230481625, -0.957681894302, -0.957789719105, -0.95942056179, -0.817393004894], "dvar2": [0.00529976608232, 0.00377238960937, 0.00547809852287, 0.00391908874735, 0.00339516461827, 0.00225563859567], "dvar": [0.00189465237781, 0.00140042603016, 0.00203863135539, 0.00146714097355, 0.00127321539912, 0.000930836249609], "dmean": [0.0596582554281, 0.0474298074841, 0.0557916164398, 0.0479335412383, 0.038548015058, 0.033759329468], "max": [-0.36269697547, -0.394633084536, -0.628426492214, -0.595807850361, -0.574969053268, -0.5546002388], "var": [0.00437929853797, 0.00552545115352, 0.00334296864457, 0.0023152763024, 0.00345967058092, 0.00155351951253], "mean": [-0.651479065418, -0.681371927261, -0.791746675968, -0.834978103638, -0.804743766785, -0.68500649929]}, "melbands_skewness": {"dmean2": 3.30526041985, "median": 4.82034444809, "min": 0.0606760457158, "dvar2": 8.42937469482, "dvar": 3.21483016014, "dmean": 1.98340547085, "max": 19.4445209503, "var": 5.50869083405, "mean": 5.27096652985}, "spectral_spread": {"dmean2": 1773285, "median": 7647583, "min": 1557003.875, "dvar2": 2076017688580.0, "dvar": 1209525731330.0, "dmean": 1256149.125, "max": 20541946, "var": 4544662077440.0, "mean": 7678857.5}, "dissonance": {"dmean2": 0.0345863364637, "median": 0.452706336975, "min": 0.245799615979, "dvar2": 0.000960672914516, "dvar": 0.000350652670022, "dmean": 0.0210143346339, "max": 0.499999970198, "var": 0.000826195057016, "mean": 0.448381453753}, "spectral_skewness": {"dmean2": 0.673314929008, "median": 0.787487745285, "min": -0.149087890983, "dvar2": 0.422068357468, "dvar": 0.173146396875, "dmean": 0.431708872318, "max": 4.83228349686, "var": 0.312861561775, "mean": 0.900274634361}, "spectral_flux": {"dmean2": 0.0794513002038, "median": 0.138236790895, "min": 0.026654176414, "dvar2": 0.00608443189412, "dvar": 0.00230602920055, "dmean": 0.0466771237552, "max": 0.583343267441, "var": 0.00464499881491, "mean": 0.149540260434}, "spectral_contrast_valleys": {"dmean2": [0.786896944046, 0.562550663948, 1.16056609154, 1.39489722252, 0.993453204632, 1.03932273388], "median": [-6.10349464417, -6.63966560364, -8.13013267517, -8.74063014984, -7.93012237549, -9.54815864563], "min": [-8.13954734802, -9.83060646057, -10.3110408783, -10.930524826, -11.3373832703, -12.6380729675], "dvar2": [0.329835623503, 0.206300035119, 0.861292421818, 1.30359280109, 1.08654201031, 0.755580484867], "dvar": [0.118147477508, 0.0802904441953, 0.326022088528, 0.510154187679, 0.393019169569, 0.316553503275], "dmean": [0.46300047636, 0.338873565197, 0.656307935715, 0.782891154289, 0.579171180725, 0.708632051945], "max": [-4.84991407394, -5.3820104599, -6.32213973999, -6.44668483734, -6.03619003296, -7.69775295258], "var": [0.270721524954, 0.189530745149, 0.386489033699, 0.603282153606, 0.52775400877, 0.908658444881], "mean": [-6.1223154068, -6.64125680923, -8.09756088257, -8.58324623108, -7.91155862808, -9.5568780899]}, "erbbands_flatness_db": {"dmean2": 0.0460081063211, "median": 0.137073516846, "min": 0.0690174102783, "dvar2": 0.00134824041743, "dvar": 0.000491963874083, "dmean": 0.0280400868505, "max": 0.32412186265, "var": 0.00105638219975, "mean": 0.140219822526}, "spectral_energyband_high": {"dmean2": 0.0104636531323, "median": 0.00285084033385, "min": 5.2067280194e-06, "dvar2": 0.000198312976863, "dvar": 8.00724883447e-05, "dmean": 0.00619484856725, "max": 0.0711483955383, "var": 9.73450369202e-05, "mean": 0.00750003010035}, "spectral_entropy": {"dmean2": 0.568282723427, "median": 7.62949609756, "min": 5.33345079422, "dvar2": 0.271088242531, "dvar": 0.112730547786, "dmean": 0.369438201189, "max": 8.50795269012, "var": 0.261450141668, "mean": 7.52628469467}, "silence_rate_20dB": {"dmean2": 0.0116686113179, "median": 1, "min": 0, "dvar2": 0.0138669153675, "dvar": 0.00579966558143, "dmean": 0.00583345489576, "max": 1, "var": 0.00464402325451, "mean": 0.995333909988}, "melbands_flatness_db": {"dmean2": 0.0751621574163, "median": 0.269513070583, "min": 0.107094928622, "dvar2": 0.00414974568412, "dvar": 0.0017085763393, "dmean": 0.0476862117648, "max": 0.551205873489, "var": 0.00464512826875, "mean": 0.275986045599}, "barkbands": {"dmean2": [0.00866464432329, 0.0404578708112, 0.0125056188554, 0.00346018210985, 0.00515721365809, 0.00230182311498, 0.00143509590998, 0.000225207550102, 0.000139125244459, 0.000115148752229, 5.98865444772e-05, 8.22524380055e-05, 6.09192575212e-05, 4.81565330119e-05, 4.81698516523e-05, 5.00561000081e-05, 5.65214068047e-05, 6.54997566016e-05, 8.47122937557e-05, 0.000139077921631, 0.000663524260744, 0.0074638556689, 0.00172603572719, 0.00078660750296, 0.00133548141457, 0.00055297347717, 6.81910169078e-05], "median": [0.00625480804592, 0.00956691429019, 0.00522972922772, 0.0023482858669, 0.0070999795571, 0.00259722513147, 0.00109440018423, 0.000215448293602, 0.000113185735245, 7.2695685958e-05, 2.95003737847e-05, 3.63405124517e-05, 2.23586175707e-05, 1.20959357446e-05, 1.81023970072e-05, 1.89120692085e-05, 1.84873824765e-05, 2.54983024206e-05, 4.62926873297e-05, 7.04127305653e-05, 0.000261084351223, 0.000937145785429, 0.000306352623738, 0.00010178868979, 0.000114123045933, 6.29835703876e-05, 7.95609503257e-06], "min": [4.71950841074e-07, 4.17103910877e-05, 1.73622611328e-05, 9.70954442892e-06, 7.56422741688e-06, 1.26754412122e-06, 1.16813609452e-07, 8.69219576316e-08, 2.23185651294e-07, 2.95509661186e-08, 1.72539103005e-08, 2.6594950242e-08, 9.75192016028e-09, 1.13145555147e-08, 1.06725881466e-08, 1.98497591697e-08, 4.91422502691e-09, 1.27138086725e-08, 2.34393517928e-08, 1.98580973887e-08, 7.23883488263e-07, 2.99975368989e-07, 1.56335374868e-07, 1.21570238321e-07, 9.52523464548e-08, 4.04140308774e-07, 1.02199737562e-09], "dvar2": [0.000138197137858, 0.00348514947109, 0.000311831681756, 1.45457088365e-05, 2.95800546155e-05, 7.06705759512e-06, 1.12450061351e-05, 1.33062840746e-07, 2.911866126e-08, 2.10990460658e-08, 8.27538571002e-09, 1.44633665045e-08, 7.65740892916e-09, 4.80976636297e-09, 4.53135617917e-09, 4.18021706139e-09, 4.9181969608e-09, 5.7872293624e-09, 1.18507497149e-08, 4.227645789e-08, 6.81925257595e-07, 0.000117216652143, 8.22787205834e-06, 1.2856895637e-06, 7.73939609644e-06, 1.01716864265e-06, 1.06487121343e-08], "dvar": [5.1253449783e-05, 0.00150569865946, 0.000113817812235, 5.06843525727e-06, 1.36448597914e-05, 2.88990486297e-06, 8.82323547557e-06, 5.37097939457e-08, 1.28373125463e-08, 1.1082700091e-08, 3.63973651218e-09, 6.13868245125e-09, 2.98763325191e-09, 1.82487736033e-09, 1.82374249036e-09, 1.53829049498e-09, 1.91711069242e-09, 2.12253192799e-09, 4.14534362392e-09, 1.63036073531e-08, 2.86463262e-07, 4.3077947339e-05, 3.02955936604e-06, 5.26351357166e-07, 4.00157841796e-06, 4.3492073587e-07, 3.64999874769e-09], "dmean": [0.0050981072709, 0.0230024214834, 0.0070815323852, 0.00199049408548, 0.00329746957868, 0.00142423005309, 0.00136528653093, 0.000146602658788, 9.01268722373e-05, 7.81398048275e-05, 3.82692851417e-05, 4.9808757467e-05, 3.4892334952e-05, 2.60719043581e-05, 2.66359293164e-05, 2.72544693871e-05, 3.11806434183e-05, 3.59498117177e-05, 4.80594244436e-05, 8.313228318e-05, 0.000424421479693, 0.00414427276701, 0.00102308078203, 0.000472254876513, 0.000943453225773, 0.000332811934641, 3.87825130019e-05], "max": [0.0666170120239, 0.587841391563, 0.14612904191, 0.0591700077057, 0.146097972989, 0.027814688161, 0.0462656132877, 0.00421453500167, 0.00216078851372, 0.00113425159361, 0.000658378470689, 0.000875742756762, 0.00136286311317, 0.00139308429789, 0.00178072659764, 0.000309144117637, 0.00149593735114, 0.000402347999625, 0.000701541779563, 0.00238165748306, 0.00618741102517, 0.0607252530754, 0.0126357199624, 0.00490422872826, 0.015875203535, 0.00513798091561, 0.000339171936503], "var": [0.000102605452412, 0.00171263609082, 0.000100275836303, 8.97363133845e-06, 3.66477870557e-05, 7.44710177969e-06, 4.17764385929e-05, 1.13783798383e-07, 5.39394306998e-08, 3.32030580807e-08, 7.39125249893e-09, 9.55191836738e-09, 3.78121622902e-09, 2.57105114976e-09, 2.34253971776e-09, 1.33688382586e-09, 2.51949017205e-09, 2.5864419495e-09, 9.60666213246e-09, 7.56542917202e-08, 8.10833341802e-07, 3.4018070437e-05, 2.8684382869e-06, 6.90743718224e-07, 5.47961508346e-06, 5.01035970046e-07, 3.49589690529e-09], "mean": [0.00923282839358, 0.023157229647, 0.00794777367264, 0.00319737591781, 0.00866371951997, 0.00323971430771, 0.00320290587842, 0.000319279293763, 0.000211353806662, 0.000138001210871, 6.01147912676e-05, 7.10413369234e-05, 4.11564033129e-05, 2.78969728242e-05, 3.08366543322e-05, 3.11968142341e-05, 3.84791565011e-05, 4.55091030744e-05, 8.29724085634e-05, 0.000183422424016, 0.00069834291935, 0.00376870110631, 0.000969926128164, 0.0004879284