{"tonal": {"thpcp": [1, 0.697748661041, 0.396961718798, 0.36848628521, 0.213205605745, 0.101438872516, 0.099567271769, 0.107881166041, 0.211151212454, 0.219920605421, 0.118249885738, 0.128370985389, 0.12491607666, 0.114232353866, 0.319045126438, 0.458763629198, 0.270826488733, 0.194416314363, 0.288001000881, 0.238208889961, 0.228197425604, 0.297685563564, 0.259524643421, 0.273045778275, 0.348718732595, 0.261123508215, 0.173323974013, 0.202840566635, 0.165059179068, 0.341834813356, 0.564125478268, 0.327922910452, 0.122894376516, 0.16420866549, 0.234006524086, 0.639644503593], "hpcp": {"dmean2": [0.197335526347, 0.19950273633, 0.24030405283, 0.253493726254, 0.197756230831, 0.145997107029, 0.140742465854, 0.136966466904, 0.160417944193, 0.130487218499, 0.124072961509, 0.104840859771, 0.146852388978, 0.208512336016, 0.322121500969, 0.346949279308, 0.326696634293, 0.281977534294, 0.21845126152, 0.161628976464, 0.102748759091, 0.0859915986657, 0.0882783308625, 0.18330912292, 0.171601653099, 0.0833580344915, 0.0771526917815, 0.0854375138879, 0.0951174274087, 0.16193293035, 0.187008187175, 0.152904242277, 0.124107033014, 0.139628633857, 0.166474923491, 0.196711361408], "median": [0.0404126755893, 0.0306559596211, 0.040129866451, 0.0538113974035, 0.0383739210665, 0.0125869065523, 0.00664161099121, 0.0086825042963, 0.0379170775414, 0.0290389861912, 0.0187280885875, 0.0118694985285, 0.0151026006788, 0.0268950797617, 0.212531253695, 0.396736800671, 0.270064324141, 0.063936509192, 0.0330050364137, 0.0139195937663, 0.00735213141888, 0.00436719553545, 0.0156197398901, 0.0339772477746, 0.0420226678252, 0.0209589209408, 0.0147635303438, 0.0196750443429, 0.0187935717404, 0.0543747469783, 0.067695081234, 0.0381802096963, 0.00827486999333, 0.00754137197509, 0.0192212387919, 0.034226950258], "min": [0, 0, 0, 0, 0, 0, 0, 0, 0, 0, 0, 0, 0, 0, 0, 0, 0, 0, 0, 0, 0, 0, 0, 0, 0, 0, 0, 0, 0, 0, 0, 0, 0, 0, 0, 0], "dvar2": [0.101788729429, 0.0972348973155, 0.121923834085, 0.139327794313, 0.0935508534312, 0.0745069235563, 0.0858968868852, 0.0759710446, 0.0662443265319, 0.0573432035744, 0.0443913079798, 0.0524484403431, 0.0831010863185, 0.102950632572, 0.111128367484, 0.145198211074, 0.102959044278, 0.121720440686, 0.112171463668, 0.0774703174829, 0.043863274157, 0.040679872036, 0.0258269216865, 0.0660093948245, 0.0532705001533, 0.0232904925942, 0.0233874432743, 0.0251704417169, 0.0265856329352, 0.0554629564285, 0.0786856338382, 0.0555366575718, 0.057051487267, 0.0589200183749, 0.0784916803241, 0.10263119638], "dvar": [0.0350927188993, 0.0355494841933, 0.0415360033512, 0.0474898703396, 0.0334162935615, 0.026036484167, 0.0304491724819, 0.0269633494318, 0.0234488844872, 0.0219328831881, 0.0159763004631, 0.0184532776475, 0.0272884573787, 0.0333576053381, 0.0405895225704, 0.0571119561791, 0.0387253426015, 0.0430066362023, 0.0413131862879, 0.0285186655819, 0.0154166352004, 0.013412270695, 0.00882375799119, 0.0235918313265, 0.0192278437316, 0.00825305934995, 0.00846965704113, 0.0090046050027, 0.00963614694774, 0.0204005409032, 0.0312268137932, 0.0197962019593, 0.0204397328198, 0.0231791473925, 0.0266596116126, 0.0345327556133], "dmean": [0.1111844033, 0.111498579383, 0.131659507751, 0.141757085919, 0.11169667542, 0.0820248499513, 0.0781619995832, 0.0749190673232, 0.090566419065, 0.0754524022341, 0.0719694942236, 0.0579864084721, 0.080513857305, 0.115095302463, 0.19109800458, 0.202749043703, 0.191035345197, 0.15916877985, 0.125364273787, 0.0918365865946, 0.0556281358004, 0.0468777567148, 0.0502579286695, 0.101099908352, 0.0961489602923, 0.047885786742, 0.043854419142, 0.0483111180365, 0.0538579039276, 0.0961173325777, 0.112295582891, 0.089846342802, 0.0701486766338, 0.0800075680017, 0.0929866656661, 0.107571169734], "max": [1, 1, 1, 1, 1, 1, 1, 1, 1, 1, 1, 1, 1, 1, 1, 1, 1, 1, 1, 1, 1, 1, 0.979706287384, 1, 1, 1, 1, 1, 1, 1, 1, 1, 1, 1, 1, 1], "var": [0.0558501183987, 0.0484887212515, 0.0446017719805, 0.0637641847134, 0.0408771187067, 0.0308224204928, 0.0522766895592, 0.0368961617351, 0.0466278381646, 0.148501485586, 0.0473928786814, 0.021300798282, 0.0287754926831, 0.0393986068666, 0.0906986892223, 0.152845397592, 0.0875025168061, 0.0660467743874, 0.0824756473303, 0.0353508815169, 0.0146894333884, 0.0156535636634, 0.0100781852379, 0.0266191139817, 0.0244738198817, 0.00967480428517, 0.0210597552359, 0.0144463926554, 0.0105060813949, 0.0498723909259, 0.0970016121864, 0.0363962613046, 0.0360549911857, 0.0711286664009, 0.038632594049, 0.0333626754582], "mean": [0.143516615033, 0.125118926167, 0.131637573242, 0.168120115995, 0.125889748335, 0.0835608839989, 0.0977910682559, 0.0795763581991, 0.164801314473, 0.271969437599, 0.158094272017, 0.0592483691871, 0.0791663229465, 0.112816430628, 0.30837777257, 0.482108056545, 0.336390256882, 0.191378444433, 0.177650213242, 0.10278814286, 0.0489044971764, 0.0480021834373, 0.0520103797317, 0.101797699928, 0.106025494635, 0.0570092238486, 0.0618886873126, 0.0602230466902, 0.055072337389, 0.153814226389, 0.221173644066, 0.130567625165, 0.0937296748161, 0.138847604394, 0.114842422307, 0.110015816987]}, "tuning_equal_tempered_deviation": 0.073314614594, "chords_changes_rate": 0.0519301481545, "key_key": "G", "tuning_diatonic_strength": 0.539690792561, "key_scale": "minor", "chords_number_rate": 0.00597426481545, "tuning_frequency": 438.984558105, "tuning_nontempered_energy_ratio": 0.704901754856, "chords_histogram": [27.5735301971, 3.03308820724, 4.27389717102, 3.67647051811, 0, 1.37867641449, 0, 13.4650735855, 5.79044103622, 13.648897171, 0.137867644429, 0.873161792755, 1.24080884457, 0, 1.79227936268, 0, 0, 0.183823525906, 0, 0, 0, 9.23713207245, 10.15625, 3.53860282898], "key_strength": 0.711650311947, "chords_key": "G", "chords_strength": {"dmean2": 0.00755273830146, "median": 0.486170649529, "min": -1, "dvar2": 0.00183204351924, "dvar": 0.000908219255507, "dmean": 0.00814060587436, "max": 0.708625853062, "var": 0.0276569779962, "mean": 0.467547237873}, "chords_scale": "minor", "hpcp_entropy": {"dmean2": 0.8707280159, "median": 1.84176230431, "min": 0, "dvar2": 0.543643534184, "dvar": 0.204850375652, "dmean": 0.517307579517, "max": 3.73525285721, "var": 0.600020110607, "mean": 1.7654966116}}, "metadata": {"audio_properties": {"equal_loudness": 0, "codec": "flac", "downmix": "mix", "sample_rate": 44100, "analysis_sample_rate": 44100, "bit_rate": 0, "md5_encoded": "260aa54f627c1b1b9725669886b0062a", "length": 100.986663818, "replay_gain": -5.20749473572, "lossless": true}, "version": {"essentia_build_sha": "9d802f11a06d563db11312c01732e940832f6a11", "essentia": "2.1-beta2", "extractor": "music 1.0", "essentia_git_sha": "v2.1_beta2"}, "tags": {"title": ["Pulling Strings"], "language": ["eng"], "media": ["Digital Media"], "albumartist": ["Various Artists"], "tracktotal": ["22"], "initialkey": ["Gm"], "musicbrainz_recordingid": ["1c8ab027-e624-43b5-907e-5fec4a4b2898"], "musicbrainz_releasegroupid": ["29050ce8-a506-40c4-a5ef-adc298ffdf83"], "musicbrainz_albumartistid": ["89ad4ac3-39f7-470e-963a-56509c546377"], "discnumber": ["1"], "totaldiscs": ["1"], "album": ["Alice: Madness Returns"], "releasecountry": ["US"], "file_name": "18 - Pulling Strings.flac", "compilation": ["1"], "acoustid_fingerprint": ["AQADGpkSLXmyBVrWoz9CU4c34xwavDzOHc145NIPm0eNixKaJFlOhMcJ7MkKlkdeaGmK-pHxHz-aPYd-yOLh-vhj_FjzELaIC1qJnDt-B9fRn_CHvkZ9pGkgPiQiGbfy4OKHVsnhHcyNfmjcI9-xH3J5hD6atPiGZz1-FM2FfMpxZThR6WiS5sOLHbyOs9BvXIUu40elG943oecRoPYF58PhE0Z4jO2HPmXgH4o3XMZF-OiLUCZ8iWCeJSpOM8h5tBfESUd87KnQlMePfPEgP7h2hElz3MeTwt9x4Spc6oBPeOFRmRyOEbmUQ_uRBSceZ2BXhBc8H9pjIT--afCDe7gsos-KiNs56EbI43rxTA-uo7mIvviO1zryHcnRH37CoY9xYk3wBNNT5ISPQ_tSBU9xGiEP_ziO80EYE_oR0oczHlVCEtiRf-CPix10ZWg_-EJx_KgdNJmkHHmPo490bOdx3MLlHN9mIj3eXvCPSD_67IVVE9eMS4K5qARDP8hRmw_8FJWOqYMWHcePjx2qHd4EfSx-pNwLF190_C184SqclEd7HDvRTrrQH5eIPxVC54eno8eP8_hRG42Nozm-H-KHljrWCxd1XESvoDl-5LjQM4Svoy_R6_A-PDny4znEf_CPH7ehp_goovaD__jR9ngNN4rgP8f9CeaPLsXvQPexa8jy0OiDJzueo5IQRviDu9CXodQTNM_xDL-hZWSwNoGzKkX4Hv9x_MSeCT3840eiIz--GtPDDuen4op0lCKsF_2N8N_QHPqRZxoaPuiPdze-YzpP-AQrnMqR8jn0Vdh3_PB59Gqg7sh3-MSD_TgaHuHKHNdwg7lgBdp14TTRnOhx0oF2NPlwEB03uIbWAZFI4v9QUxd-_PBzHL-Qb3h8vDx66D_8WMJ1XFqR3_iYNPA6oyIR_dDRfEf44GiO0qKKs8LNI5QaHeYO_UTubGiO4yhh4njg68gRJjYeJceP3BcaNbPQA6qE8C6ossUtfDlCSWwF_ThPIUz0R_hxwSc-HdGJ6_A_VN-gi0SXKQrR8HiEG3_QHzryiDg32MF_3Ap-VDl-nPiO6MeVQ89a9EP6Yx_24DT2I9cGcUd6VCyeWfhy1OJR_sgL5Tx65C9uBZl-_MUrQpk__KgyHaqPklmMMDWOH30iI66RRAuD5zgTUUIf-DM8KcerIn2hD5Gpwz8-qcKJ-_hhadmR7oeQG_fhHN-Rfjl69FPg89CDLZRs5DxmyZPwXcVvbD--HWYS1uhxdkY_B8145Md1NG5OaF-gK0f1IFo3PvBI9LiOU8PR63gkVC-R_BTi8bhTlL0G__ji4ng2HH2DPcCX4brRuULbI4emA_nRdseP3vCPHz7R87iedajyw__x9PiHSyVsHpdkUE_FBOWPOUQOLcePoJuOExeRi8mD5DkeHI94fLh-9Pix5UcvPDlykYbEMEeeHQ96UB8qo8eO38M19Dju487wC5WJHyf6xsKP5kZZqfjxz8eq41Rx42hzonmHow-y5DF4WdCPI0yMqU7wUcd34ceHJzieBz_648JvJPwR6gkuMXiOYz964gGv40gubNONsPLxGxWFH37g8PiL7cSvGH0tXAGeLSDTD6GeHOKPaD0-vfgduE7RXzhifIsyBT-uKD_yG02lox8-4woe4jqar7iJU8fREznfQz_yUzhT_EGzlkKZoz8a69iP83jRzMczvOiJ68GdHQ2f47kC6iT6DMf1IbnGIteGR6JwOGZc_MHTg3dwD_0xJcd74kt2hHYDLceP6Md3fCl4HQ2J8C3-B_qLKQ90nEOjD5GZHNXABzUV4keLZj1O5D5-QqtywytcEdrDgod2Qj-OMzuOBw-kC8cZ4zrS4zryicfxEIfP4wdyP7CO68R_4ccfZE_xEYcfQ3kGfx-q7fiOnnCPHPsO38Ph4wOfwx0AoQgCgAADmBECACK4gRIQAYARBCklDFAKAKEQgEYIIYwQggCglVHAKQQAIoIIYAAx1HBNjEOECCQNEUIIJZggBlFlBQFIEGKNI4QqQpBBQAJCjKBUKEMEMcooAgkChAgpkEDEESAQAMQYaoQhBCwFSkGAIGAIIgQqBJUyCgHHmEMEOAKEAJYIQrAAiAAmAECGEwQ9ogJBQgQiBhkMACOREMWIAIIpCxhxCCkgCCKWAIUxQFgR4pBAjBgJKQAGKECRcYAQAahBwgBggAAGCoM0QcoQAAQDSAEDAAEAMmOwMo4KJxBCAACDhECYQACQIAQaAgAggAHBiAOCAaAANUYkQKwhAghjgHMACKCYAwhQZ4QRBCAChADEAECA4cIo0YAARAFnEHNUBAENUsgABiwTAgkjAAJMMGCcAYIRRCkAxIiCEAAOIOIIg8QJ5AxGQhEjlGJQAAUAQIgI4RQCjDjkkDWSIWEAsQAZIAVAiBHElCFOQkAZEMAyQBBAThiBgCCMEEEggUARYggziDgEnAFEIoCEo9Qp54AgkjDEKFEKOCuEAIIIIAwFFCCFgBBeAUoFAQIKEYwjSAHukBRGEgUE9EpZiICyJBogBHEUIIeIAgIwQMUATisiqBiOEGAdJQQo7AAJhhBBCGMICUaERAAQIQhSgAIBACLEIEKAEhQQJAUzgAAhiGWQAAcFMJgLAIQQzikmlCMGIIIIswIB4AAQDhDxGCACVIEEgIRYIgSxhBiDIAFYECGYAchCoxSSjAIijCBCMUaEGYcAJix2BgjLxACUGGAUEQI4xRAAKBkglCPEIWGUVA4g"], "date": ["2011-05-17"], "genre": ["Ambient"], "disctotal": ["1"], "musicbrainz_artistid": ["3a21adfb-d0d2-4d46-855c-1f3f73c38791"], "originaldate": ["2011-05-17"], "musicbrainz_albumid": ["544adafe-c2ab-4d49-9124-21e711d5b6ae"], "artist": ["Jason Tai"], "tracknumber": ["18"], "artistsort": ["Tai, Jason"], "bpm": ["128"], "label": ["E.A.R.S. (EA Recordings)"], "albumartistsort": ["Various Artists"], "acoustid_id": ["290266d5-ef55-473e-87e5-0cc297789035"], "script": ["Latn"], "totaltracks": ["22"]}}, "rhythm": {"bpm_histogram_first_peak_bpm": {"dmean2": 0, "median": 75, "min": 75, "dvar2": 0, "dvar": 0, "dmean": 0, "max": 75, "var": 0, "mean": 75}, "bpm": 74.833152771, "bpm_histogram_second_peak_spread": {"dmean2": 0, "median": 0.478260874748, "min": 0.478260874748, "dvar2": 0, "dvar": 0, "dmean": 0, "max": 0.478260874748, "var": 0, "mean": 0.478260874748}, "bpm_histogram_first_peak_weight": {"dmean2": 0, "median": 0.584615409374, "min": 0.584615409374, "dvar2": 0, "dvar": 0, "dmean": 0, "max": 0.584615409374, "var": 0, "mean": 0.584615409374}, "onset_rate": 1.00983297825, "beats_position": [0.650158703327, 1.30031740665, 1.95047616959, 2.61224484444, 3.22757363319, 3.83129239082, 4.43501138687, 5.05034017563, 5.65405893326, 6.26938772202, 6.87310647964, 7.50004529953, 8.12698364258, 8.76553249359, 9.45052146912, 10.1471195221, 10.8437185287, 11.5287075043, 12.2136955261, 12.8986845016, 13.6765527725, 14.4544210434, 15.2555103302, 16.0449886322, 16.8344669342, 17.6355552673, 18.4366436005, 19.2377319336, 20.0388202667, 20.8399085999, 21.640996933, 22.4420852661, 23.2431735992, 24.0442619324, 24.8453502655, 25.6464385986, 26.4475269318, 27.2370071411, 28.0264854431, 28.8275737762, 29.6286621094, 30.4529705048, 31.265668869, 32.0667572021, 32.8678436279, 33.6689338684, 34.4584121704, 35.2478904724, 36.0373687744, 36.8268470764, 37.6395454407, 38.4522438049, 39.2649421692, 40.0776405334, 40.9367790222, 41.761089325, 42.585395813, 43.3284339905, 44.0830841064, 44.8377304077, 45.5923805237, 46.4166870117, 47.229385376, 48.0420837402, 48.8431739807, 49.6442604065, 50.4569587708, 51.2464370728, 52.0707473755, 52.8950538635, 53.696144104, 54.4972343445, 55.2983207703, 56.1110191345, 56.9237174988, 57.7480278015, 58.5026741028, 59.2573242188, 60.0235824585, 60.7898406982, 61.590927124, 62.4152374268, 63.227935791, 64.0406341553, 64.8417205811, 65.6544189453, 66.4555053711, 67.2682037354, 68.0692977905, 68.8587722778, 69.659866333, 70.4493408203, 71.238822937, 72.0282974243, 72.8293838501, 73.6304779053, 74.4431762695, 75.2442626953, 76.0337371826, 76.8348312378, 77.6359176636, 78.4370040894, 79.2264862061, 80.0275726318, 80.8286590576, 81.6297454834, 82.4308395386, 83.2203140259, 84.0214080811, 84.8224945068, 85.6235809326, 86.4246673584, 87.2141494751, 88.0036239624, 88.7931060791, 89.5129241943, 90.2327423096, 90.9641723633, 91.6839904785, 92.4154205322, 93.1352386475, 93.8318328857, 94.5284347534, 95.2366409302, 95.9332427979, 96.6414489746, 97.3496551514, 98.0578689575, 98.7660751343, 99.474281311, 100.182495117], "beats_loudness": {"dmean2": 0.0381181277335, "median": 0.0478317625821, "min": 0, "dvar2": 0.000929957081098, "dvar": 0.000343080115272, "dmean": 0.0218575745821, "max": 0.113203540444, "var": 0.000636982207652, "mean": 0.0495384596288}, "danceability": 0.96116733551, "bpm_histogram_second_peak_weight": {"dmean2": 0, "median": 0.0923076942563, "min": 0.0923076942563, "dvar2": 0, "dvar": 0, "dmean": 0, "max": 0.0923076942563, "var": 0, "mean": 0.0923076942563}, "beats_count": 131, "bpm_histogram_second_peak_bpm": {"dmean2": 0, "median": 85, "min": 85, "dvar2": 0, "dvar": 0, "dmean": 0, "max": 85, "var": 0, "mean": 85}, "bpm_histogram_first_peak_spread": {"dmean2": 0, "median": 0.136363625526, "min": 0.136363625526, "dvar2": 0, "dvar": 0, "dmean": 0, "max": 0.136363625526, "var": 0, "mean": 0.136363625526}, "beats_loudness_band_ratio": {"dmean2": [0.353678226471, 0.302299469709, 0.211975678802, 0.0758265778422, 0.00744192488492, 0.000477768480778], "median": [0.409380853176, 0.403727740049, 0.146138653159, 0.0414484590292, 0.00150485697668, 3.0212362617e-05], "min": [0, 0, 0, 0, 0, 0], "dvar2": [0.0650508329272, 0.0503792986274, 0.0213716179132, 0.00638455199078, 0.000270504620858, 1.01637999705e-06], "dvar": [0.0242895241827, 0.0190064609051, 0.00846264325082, 0.00214327196591, 9.65656508924e-05, 3.835944824e-07], "dmean": [0.199334025383, 0.1791562289, 0.116181239486, 0.0431783571839, 0.00420736661181, 0.00027792583569], "max": [0.848095417023, 0.762320995331, 0.494146734476, 0.270372956991, 0.0670626610518, 0.00449945172295], "var": [0.0431752726436, 0.0337001010776, 0.0139042204246, 0.00252497731708, 8.14991217339e-05, 3.56213234909e-07], "mean": [0.426756650209, 0.396524041891, 0.181040227413, 0.0557885915041, 0.00412520207465, 0.000249643839197]}}, "lowlevel": {"barkbands_spread": {"dmean2": 2.34895849228, "median": 6.1365647316, "min": 0.293281525373, "dvar2": 4.72294569016, "dvar": 1.8590208292, "dmean": 1.41729354858, "max": 37.2363891602, "var": 16.1253528595, "mean": 6.82409667969}, "melbands_spread": {"dmean2": 3.2415060997, "median": 7.20974493027, "min": 0.494332462549, "dvar2": 24.3813610077, "dvar": 11.9831352234, "dmean": 1.97237455845, "max": 155.401901245, "var": 287.677703857, "mean": 10.0207223892}, "hfc": {"dmean2": 4.78089809418, "median": 13.0824375153, "min": 1.0891338233e-16, "dvar2": 21.7068996429, "dvar": 7.93700170517, "dmean": 2.90329766273, "max": 41.7061080933, "var": 42.0915527344, "mean": 13.0511388779}, "barkbands_kurtosis": {"dmean2": 2.69150567055, "median": 1.56546545029, "min": -1.54706645012, "dvar2": 22.1674365997, "dvar": 12.2309217453, "dmean": 1.65875971317, "max": 195.387649536, "var": 61.3575744629, "mean": 2.87162065506}, "gfcc": {"mean": [-149.613754272, 235.265457153, -77.3107223511, -35.07056427, -23.2805614471, -6.66702222824, -20.5228900909, -10.2152585983, -13.7716474533, -7.26308727264, 4.9579076767, 1.29865634441, -1.71098256111], "icov": [[0.000181218012585, -0.000548812386114, 0.000504453200847, -0.000385558232665, 0.00043247375288, -0.00071053445572, 0.000580088468269, -0.000849311472848, 0.000753334665205, -0.000710903841536, 0.000424068828579, -0.0008848842117, 0.000303607201204], [-0.000548812386114, 0.00291095604189, -0.000888901064172, 0.00262926961295, -0.00115650705993, 0.00307138357311, -0.00232153665274, 0.00366547028534, -0.00291894632392, 0.00363637763076, -0.00228969450109, 0.00369196827523, -0.00145813066047], [0.000504453200847, -0.000888901064172, 0.00348715763539, -0.000231814148719, 0.00142528209835, -0.00151479209308, 0.00158530147746, -0.00288422079757, 0.00221810559742, -0.000790550082456, 0.000831283978187, -0.00162363878917, 0.00128966616467], [-0.000385558232665, 0.00262926961295, -0.000231814148719, 0.00530231837183, 0.000882559572347, 0.00339633808471, -0.00310168997385, 0.002975580981, -0.00246469280683, 0.00231506978162, -0.000592603057157, 0.00217575882562, -0.000737633788958], [0.00043247375288, -0.00115650705993, 0.00142528209835, 0.000882559572347, 0.00621398957446, -0.00073755759513, 0.00115782825742, -0.00280834711157, 0.00015220347268, -0.00133145577274, 0.000671631540172, -0.00162049022038, -0.000512661528774], [-0.00071053445572, 0.00307138357311, -0.00151479209308, 0.00339633808471, -0.00073755759513, 0.00998149067163, -0.00430763652548, 0.00374206970446, -0.00418119877577, 0.00307335238904, -0.000744989316445, 0.00123356387485, -0.000472399551654], [0.000580088468269, -0.00232153665274, 0.00158530147746, -0.00310168997385, 0.00115782825742, -0.00430763652548, 0.00914523843676, -0.00311657530256, 0.00251625734381, -0.00222443207167, -2.39080327447e-05, -0.000900338753127, -0.00108949758578], [-0.000849311472848, 0.00366547028534, -0.00288422079757, 0.002975580981, -0.00280834711157, 0.00374206970446, -0.00311657530256, 0.0112710297108, -0.00367609411478, 0.00482889823616, -0.00329095846973, 0.00444451952353, -3.12034826493e-05], [0.000753334665205, -0.00291894632392, 0.00221810559742, -0.00246469280683, 0.00015220347268, -0.00418119877577, 0.00251625734381, -0.00367609411478, 0.0112348292023, -0.00383524596691, 0.00328658567742, -0.00488030631095, 0.00026177521795], [-0.000710903841536, 0.00363637763076, -0.000790550082456, 0.00231506978162, -0.00133145577274, 0.00307335238904, -0.00222443207167, 0.00482889823616, -0.00383524596691, 0.0139667596668, -0.00276515586302, 0.00294653722085, -0.00338767026551], [0.000424068828579, -0.00228969450109, 0.000831283978187, -0.000592603057157, 0.000671631540172, -0.000744989316445, -2.39080327447e-05, -0.00329095846973, 0.00328658567742, -0.00276515586302, 0.0106642292812, -0.00455190241337, 0.00225195544772], [-0.0008848842117, 0.00369196827523, -0.00162363878917, 0.00217575882562, -0.00162049022038, 0.00123356387485, -0.000900338753127, 0.00444451952353, -0.00488030631095, 0.00294653722085, -0.00455190241337, 0.0193220283836, -0.00309636816382], [0.000303607201204, -0.00145813066047, 0.00128966616467, -0.000737633788958, -0.000512661528774, -0.000472399551654, -0.00108949758578, -3.12034826493e-05, 0.00026177521795, -0.00338767026551, 0.00225195544772, -0.00309636816382, 0.0130191696808]], "cov": [[28482.4589844, 2839.35620117, -2578.51464844, -88.063583374, -640.225830078, 467.030578613, -240.172607422, -151.897613525, -221.750061035, 297.320098877, 5.30931568146, 403.650421143, 52.4073867798], [2839.35620117, 3013.12402344, -478.571868896, -767.625305176, 325.288543701, -218.475341797, 98.051322937, -247.204223633, 120.207489014, -211.63494873, 225.70211792, -156.339309692, 153.953567505], [-2578.51464844, -478.571868896, 758.956726074, -46.389919281, -20.6187324524, -8.02886295319, -58.5375022888, 160.079315186, -79.1366500854, -59.9009819031, 7.67574691772, -23.1154518127, -97.7172241211], [-88.063583374, -767.625305176, -46.389919281, 578.476867676, -199.56036377, 10.3923177719, 56.3345336914, -27.907409668, -12.0297250748, 65.1164550781, -84.915977478, 30.6368751526, -10.2225847244], [-640.225830078, 325.288543701, -20.6187324524, -199.56036377, 293.267944336, -33.1973800659, -4.49938392639, 21.2232036591, 52.0290145874, -24.9092998505, 33.8523979187, -18.7034473419, 34.2842826843], [467.030578613, -218.475341797, -8.02886295319, 10.3923177719, -33.1973800659, 193.357528687, 21.0131931305, 7.40321969986, 19.2527179718, 23.4223709106, -28.1450328827, 39.0343132019, -6.63160657883], [-240.172607422, 98.051322937, -58.5375022888, 56.3345336914, -4.49938392639, 21.0131931305, 180.263580322, -22.5261592865, 12.9693145752, -0.603540658951, 14.9721908569, -16.7596321106, 34.1958312988], [-151.897613525, -247.204223633, 160.079315186, -27.907409668, 21.2232036591, 7.40321969986, -22.5261592865, 206.566040039, -26.3402900696, -20.7084636688, 15.7470531464, 1.98059654236, -48.9800376892], [-221.750061035, 120.207489014, -79.1366500854, -12.0297250748, 52.0290145874, 19.2527179718, 12.9693145752, -26.3402900696, 156.209136963, 12.5544958115, -17.8036117554, 10.3705501556, 35.2333259583], [297.320098877, -211.63494873, -59.9009819031, 65.1164550781, -24.9092998505, 23.4223709106, -0.603540658951, -20.7084636688, 12.5544958115, 126.875488281, -16.3285503387, 26.1090183258, 20.5508899689], [5.30931568146, 225.70211792, 7.67574691772, -84.915977478, 33.8523979187, -28.1450328827, 14.9721908569, 15.7470531464, -17.8036117554, -16.3285503387, 139.753265381, -1.19607198238, -7.16320419312], [403.650421143, -156.339309692, -23.1154518127, 30.6368751526, -18.7034473419, 39.0343132019, -16.7596321106, 1.98059654236, 10.3705501556, 26.1090183258, -1.19607198238, 88.4548110962, 4.21419429779], [52.4073867798, 153.953567505, -97.7172241211, -10.2225847244, 34.2842826843, -6.63160657883, 34.1958312988, -48.9800376892, 35.2333259583, 20.5508899689, -7.16320419312, 4.21419429779, 112.664863586]]}, "spectral_energyband_middle_low": {"dmean2": 0.015071881935, "median": 0.0261593423784, "min": 9.94119041772e-23, "dvar2": 0.000233397295233, "dvar": 8.51287550176e-05, "dmean": 0.00911222118884, "max": 0.131468296051, "var": 0.000279528670944, "mean": 0.0280853994191}, "melbands_crest": {"dmean2": 5.50957489014, "median": 12.8329200745, "min": 1.38641417027, "dvar2": 19.8539581299, "dvar": 6.97373104095, "dmean": 3.23340415955, "max": 28.1784305573, "var": 16.9716300964, "mean": 13.3399915695}, "spectral_kurtosis": {"dmean2": 51.9808502197, "median": 81.4784011841, "min": -1.27200579643, "dvar2": 3420.90283203, "dvar": 1182.58764648, "dmean": 29.8846206665, "max": 443.591339111, "var": 5977.89208984, "mean": 105.424430847}, "spectral_rms": {"dmean2": 0.00147084903438, "median": 0.00647995248437, "min": 3.16016006766e-12, "dvar2": 1.58359841862e-06, "dvar": 5.75251533519e-07, "dmean": 0.000884557550307, "max": 0.0135693717748, "var": 4.0459108277e-06, "mean": 0.00626427074894}, "zerocrossingrate": {"dmean2": 0.00339989247732, "median": 0.01708984375, "min": 0.0029296875, "dvar2": 9.26760330913e-05, "dvar": 7.97967295512e-05, "dmean": 0.00245611090213, "max": 0.53076171875, "var": 0.004252738785, "mean": 0.0268701706082}, "silence_rate_60dB": {"dmean2": 0.00252931704745, "median": 0, "min": 0, "dvar2": 0.00298283528537, "dvar": 0.00137741270009, "dmean": 0.00137931038626, "max": 1, "var": 0.0535455942154, "mean": 0.0567685589194}, "erbbands_kurtosis": {"dmean2": 1.62212812901, "median": 0.15717959404, "min": -1.78152000904, "dvar2": 5.54672384262, "dvar": 2.35552573204, "dmean": 1.00529170036, "max": 52.7924118042, "var": 8.25117588043, "mean": 0.93709641695}, "erbbands": {"dmean2": [0.40770354867, 2.30631279945, 3.66534209251, 8.81798839569, 9.49524593353, 25.5311946869, 90.7836914062, 30.9478225708, 43.9829139709, 20.349899292, 22.8853626251, 10.241566658, 13.8285369873, 19.3262863159, 14.8427696228, 14.0871076584, 5.72561407089, 4.80666971207, 3.93639421463, 1.79430580139, 1.09876286983, 0.522325336933, 0.263614803553, 0.204421639442, 0.107823200524, 0.0715487003326, 0.0609015151858, 0.02359556593, 0.0283757038414, 0.014797787182, 0.00841184146702, 0.0064980504103, 0.00695482268929, 0.00614977255464, 0.00265551591292, 0.00212920294143, 0.00188321911264, 0.000392908172216, 9.3886112154e-05, 2.5768593332e-05], "median": [0.253279060125, 1.44388651848, 2.40263104439, 4.12536811829, 6.90752077103, 20.7449417114, 65.3229751587, 31.9936981201, 34.7674026489, 21.9838733673, 20.94688797, 12.3508749008, 15.2020425797, 13.2625741959, 19.0341339111, 18.0252418518, 9.93570804596, 3.03095245361, 1.61119043827, 0.759486854076, 0.412409335375, 0.271941810846, 0.140347331762, 0.0600386448205, 0.0241931006312, 0.010139066726, 0.00489561771974, 0.003167176852, 0.00253862049431, 0.00158977520186, 0.00070785585558, 0.00037553490256, 0.00023073250486, 0.000121055476484, 8.43987290864e-05, 5.17666048836e-05, 2.71591106866e-05, 6.10840061199e-06, 2.50192024396e-05, 5.16096079082e-05], "min": [6.43518710797e-23, 3.14560217088e-22, 2.74600941251e-21, 2.96245830462e-21, 6.60281414334e-21, 3.61172937147e-20, 4.63290613276e-20, 7.61970216703e-20, 1.55452763375e-19, 3.04054946165e-19, 2.64321635633e-19, 1.34971047626e-19, 6.43522218136e-19, 8.14787223929e-19, 5.91242490567e-19, 1.19066765855e-18, 1.91585969331e-18, 1.51884743068e-18, 2.27095799052e-18, 3.50265494483e-18, 3.2882474553e-18, 3.73372040432e-18, 6.23837987214e-18, 3.82266920354e-18, 7.4858100085e-18, 8.45962079233e-18, 9.54165492443e-18, 1.0417295086e-17, 1.16258059609e-17, 1.10610748675e-17, 1.12856477864e-17, 1.08520893401e-17, 8.35667651074e-18, 7.17772658935e-18, 6.25060063851e-18, 4.19813475538e-18, 2.36522824942e-18, 9.43762724303e-19, 2.70516649735e-19, 2.78984691536e-20], "dvar2": [0.156680718064, 6.60600090027, 16.8615169525, 183.391265869, 149.296691895, 1345.63903809, 13071.3515625, 1659.10375977, 5632.984375, 996.617370605, 1237.82849121, 221.812255859, 357.215454102, 2067.01342773, 493.444000244, 586.866760254, 73.5731811523, 252.176818848, 170.124053955, 33.0038414001, 26.1831550598, 2.66946363449, 0.709851801395, 0.480515301228, 0.11804112047, 0.0837445780635, 0.0673799216747, 0.00595390750095, 0.037471588701, 0.00442436058074, 0.000984953949228, 0.000995653448626, 0.00188679236453, 0.00132212799508, 0.000393918569898, 0.000384828774258, 0.000128367595607, 4.33291234003e-06, 2.00675501105e-07, 1.09818298899e-09], "dvar": [0.0545617863536, 2.37668132782, 5.80567169189, 76.0064849854, 59.388507843, 486.793212891, 4639.3515625, 603.690368652, 1763.37145996, 359.385040283, 514.557556152, 93.9447784424, 170.678131104, 769.943664551, 200.128082275, 312.083251953, 32.1372528076, 91.4955825806, 62.5717887878, 12.8983316422, 11.1934633255, 0.957352519035, 0.307923048735, 0.226844266057, 0.0561594478786, 0.0619076304138, 0.034520547837, 0.00267162336968, 0.0215414054692, 0.00194934057072, 0.000496525550261, 0.000688442436513, 0.00169667508453, 0.000748795690015, 0.000156858135597, 0.000140387317515, 5.86537244089e-05, 1.66239840382e-06, 7.33843634748e-08, 3.95596000402e-10], "dmean": [0.234407648444, 1.32824778557, 2.07656693459, 5.46593952179, 5.8001203537, 15.3638114929, 55.3654670715, 18.505897522, 25.6981143951, 12.4742498398, 14.4649887085, 6.5621881485, 9.05501651764, 11.9130582809, 9.41379165649, 10.2745485306, 3.80762171745, 2.90913319588, 2.43803501129, 1.08851623535, 0.698153674603, 0.311642169952, 0.165985018015, 0.133923023939, 0.0735654532909, 0.0526967272162, 0.0403669327497, 0.0163763705641, 0.0218590572476, 0.00981398764998, 0.0054803150706, 0.00462594116107, 0.00518920784816, 0.0043073957786, 0.0016827188665, 0.00138247897848, 0.0011574125383, 0.000239272878389, 5.61628767173e-05, 1.54378176376e-05], "max": [2.26470279694, 30.7338581085, 40.7082824707, 164.736190796, 146.305236816, 350.270507812, 730.080871582, 455.820220947, 620.130065918, 310.114196777, 479.578674316, 211.421340942, 455.917602539, 545.253234863, 353.629150391, 340.241851807, 157.112167358, 382.02166748, 254.174331665, 182.358322144, 141.88873291, 35.9969787598, 19.4551544189, 22.7449245453, 7.82313632965, 13.9553804398, 5.04448890686, 1.63830375671, 6.243953228, 1.90042209625, 0.610332250595, 1.29718327522, 2.45435643196, 1.2091896534, 0.523123145103, 0.547591269016, 0.267167776823, 0.0444079190493, 0.00851008202881, 0.000587484159041], "var": [0.0732757374644, 3.29591751099, 9.11100673676, 251.437484741, 153.777389526, 1723.86401367, 9230.34570312, 1710.95617676, 5462.55175781, 1914.5065918, 1459.12902832, 407.282409668, 1171.05810547, 1821.2722168, 1603.90722656, 3174.62182617, 293.311767578, 527.552734375, 233.645462036, 76.3394775391, 74.6482467651, 3.85962986946, 1.25173771381, 1.8496067524, 0.292858213186, 0.437936961651, 0.126178130507, 0.00829354021698, 0.0541975870728, 0.012646516785, 0.00248651951551, 0.00229828176089, 0.0104288635775, 0.00243495288305, 0.000218180270167, 0.000183352763997, 0.000165363147971, 5.04256695422e-06, 2.65016467438e-07, 1.81000081589e-09], "mean": [0.317997157574, 1.89193797112, 3.20887517929, 10.0473356247, 10.6985816956, 35.5379066467, 94.3987503052, 41.8545532227, 60.4905319214, 36.3661308289, 33.1112289429, 17.8614234924, 24.4147109985, 26.1009502411, 30.4081134796, 38.8564109802, 14.9330158234, 7.58702850342, 5.60266685486, 2.58571457863, 1.90168011189, 0.785468816757, 0.416745245457, 0.383080363274, 0.192360445857, 0.132885217667, 0.0858617648482, 0.0330587103963, 0.040254727006, 0.0264679249376, 0.0143644968048, 0.0103653557599, 0.0132800294086, 0.00869306828827, 0.00311586842872, 0.00281219417229, 0.0026260940358, 0.000660315563437, 0.000171312771272, 5.88496332057e-05]}, "spectral_strongpeak": {"dmean2": 0.906058251858, "median": 0.877610087395, "min": 0, "dvar2": 0.764729201794, "dvar": 0.278786271811, "dmean": 0.522197663784, "max": 5.16132211685, "var": 0.518336951733, "mean": 0.946483075619}, "spectral_energy": {"dmean2": 0.0206186007708, "median": 0.0430395305157, "min": 1.02362776854e-20, "dvar2": 0.000379285716917, "dvar": 0.000138015631819, "dmean": 0.0123425200582, "max": 0.188731059432, "var": 0.000489289697725, "mean": 0.0443689674139}, "average_loudness": 0.948703229427, "spectral_rolloff": {"dmean2": 176.292251587, "median": 430.6640625, "min": 86.1328125, "dvar2": 182654.71875, "dvar": 139763.0625, "dmean": 102.234443665, "max": 19552.1484375, "var": 5881185.5, "mean": 801.431152344}, "spectral_centroid": {"dmean2": 80.846321106, "median": 390.878387451, "min": 200.693374634, "dvar2": 56591.0039062, "dvar": 42598.9179688, "dmean": 50.5450439453, "max": 11654.4189453, "var": 1991489.625, "mean": 594.139343262}, "pitch_salience": {"dmean2": 0.109911479056, "median": 0.578798651695, "min": 0.218002662063, "dvar2": 0.00834894832224, "dvar": 0.00297687994316, "dmean": 0.0647986754775, "max": 0.992096483707, "var": 0.0086853550747, "mean": 0.578230381012}, "spectral_energyband_middle_high": {"dmean2": 0.000940317928325, "median": 0.00210283766501, "min": 1.23212369064e-21, "dvar2": 1.86909051081e-06, "dvar": 7.27771123366e-07, "dmean": 0.000607102469075, "max": 0.0194751545787, "var": 6.13425436313e-06, "mean": 0.00271255406551}, "spectral_contrast_coeffs": {"dmean2": [0.0908940210938, 0.0724491402507, 0.0504325665534, 0.0371661596, 0.0265181846917, 0.0424604900181], "median": [-0.627870798111, -0.663341701031, -0.761330664158, -0.739265203476, -0.768738090992, -0.830215036869], "min": [-0.983096599579, -0.997818470001, -0.99626159668, -0.989791333675, -0.988556861877, -0.964853107929], "dvar2": [0.00499956635758, 0.00352109130472, 0.0015126822982, 0.000905796769075, 0.000456055277027, 0.00164537667297], "dvar": [0.00176564359572, 0.0011875644559, 0.000549485499505, 0.000334415322868, 0.000182993273484, 0.000554556318093], "dmean": [0.0536276586354, 0.0429926589131, 0.0298424623907, 0.0223642475903, 0.0159787908196, 0.0247394889593], "max": [-0.363792598248, -0.428015142679, -0.578090071678, -0.557256042957, -0.58977997303, -0.630929112434], "var": [0.00750588113442, 0.00554360123351, 0.00332572171465, 0.00369963166304, 0.00255551352166, 0.00412994110957], "mean": [-0.630866467953, -0.669735610485, -0.760644853115, -0.74475222826, -0.769172370434, -0.837373316288]}, "melbands_skewness": {"dmean2": 0.668372154236, "median": 1.34987962246, "min": -0.444123208523, "dvar2": 0.331529080868, "dvar": 0.121112816036, "dmean": 0.402151048183, "max": 4.937458992, "var": 0.417185902596, "mean": 1.38918983936}, "spectral_spread": {"dmean2": 469249.6875, "median": 942909.6875, "min": 194700.28125, "dvar2": 973698695168, "dvar": 654152171520, "dmean": 271888.4375, "max": 42633900, "var": 27971452665900.0, "mean": 1791106.25}, "dissonance": {"dmean2": 0.0639869421721, "median": 0.403410941362, "min": 0.130087926984, "dvar2": 0.00306337024085, "dvar": 0.00107759702951, "dmean": 0.0376396179199, "max": 0.499990433455, "var": 0.00343069410883, "mean": 0.39621669054}, "spectral_skewness": {"dmean2": 2.52193331718, "median": 6.36319208145, "min": -0.0678669735789, "dvar2": 6.50105762482, "dvar": 2.21701860428, "dmean": 1.43742001057, "max": 16.5259666443, "var": 9.08500480652, "mean": 7.00428295135}, "spectral_flux": {"dmean2": 0.0366806089878, "median": 0.0918623432517, "min": 6.34270205802e-11, "dvar2": 0.00107831961941, "dvar": 0.000383494159905, "dmean": 0.0217620395124, "max": 0.255072116852, "var": 0.00126641639508, "mean": 0.0910552665591}, "spectral_contrast_valleys": {"dmean2": [0.634328603745, 0.447702199221, 0.380691677332, 0.326904088259, 0.248871415854, 0.784229934216], "median": [-6.3998041153, -6.17694330215, -7.03136205673, -8.66558837891, -10.3424053192, -13.5564804077], "min": [-28.0937843323, -28.2147064209, -27.8058052063, -27.5812797546, -27.4291934967, -27.3517055511], "dvar2": [0.315857470036, 0.214454010129, 0.18761382997, 0.169984281063, 0.149641603231, 0.712408840656], "dvar": [0.179411828518, 0.145794868469, 0.131364837289, 0.119233161211, 0.111876659095, 0.272771954536], "dmean": [0.371965169907, 0.268471539021, 0.22802092135, 0.196917593479, 0.153370901942, 0.444142639637], "max": [-5.28306531906, -5.02191448212, -5.84231376648, -7.06001758575, -8.06346988678, -10.3899431229], "var": [8.51123905182, 8.63016986847, 8.23848724365, 7.21951341629, 6.17095279694, 4.43987607956], "mean": [-6.9466881752, -6.73105478287, -7.58283376694, -9.26208400726, -10.9241476059, -13.8334712982]}, "erbbands_flatness_db": {"dmean2": 0.0249408259988, "median": 0.333317011595, "min": 0.0808539837599, "dvar2": 0.0004562761751, "dvar": 0.000172428859514, "dmean": 0.0152964750305, "max": 0.489447981119, "var": 0.00532421097159, "mean": 0.326635330915}, "spectral_energyband_high": {"dmean2": 3.1270180898e-06, "median": 5.99418683578e-07, "min": 6.99858452353e-21, "dvar2": 1.26689173041e-10, "dvar": 7.05659905509e-11, "dmean": 2.30238333643e-06, "max": 0.000360582838766, "var": 5.17561771218e-10, "mean": 7.66629091231e-06}, "spectral_entropy": {"dmean2": 0.228966876864, "median": 5.88278722763, "min": 4.22056913376, "dvar2": 0.038189932704, "dvar": 0.0162087008357, "dmean": 0.140297055244, "max": 9.81831741333, "var": 0.448136746883, "mean": 5.90554380417}, "silence_rate_20dB": {"dmean2": 0, "median": 1, "min": 1, "dvar2": 0, "dvar": 0, "dmean": 0, "max": 1, "var": 0, "mean": 1}, "melbands_flatness_db": {"dmean2": 0.0374840721488, "median": 0.457113921642, "min": 0.00329469912685, "dvar2": 0.000915112206712, "dvar": 0.00035566650331, "dmean": 0.0226877834648, "max": 0.745977222919, "var": 0.0105633782223, "mean": 0.459187150002}, "barkbands": {"dmean2": [0.00175802118611, 0.0107096228749, 0.00331371324137, 0.00363298505545, 0.00777257513255, 0.00683751376346, 0.00274555128999, 0.000897004269063, 0.000539526517969, 0.000543703732546, 0.000409978383686, 0.000334562733769, 0.000109046588477, 9.60661491263e-05, 5.40899673069e-05, 2.24286904995e-05, 1.20757413242e-05, 4.9920327001e-06, 3.27129305333e-06, 1.38405857797e-06, 1.02651483758e-06, 7.41367500723e-07, 3.56305122295e-07, 4.02814805511e-07, 3.85071302844e-07, 6.81990798057e-07, 4.78911942992e-07], "median": [0.00101689819712, 0.00760810589418, 0.00174555880949, 0.00143029901665, 0.00714492378756, 0.00574108213186, 0.00231703859754, 0.000824496964924, 0.00054431357421, 0.000399119599024, 0.000391948997276, 0.000419651711127, 0.000151937056216, 3.9613336412e-05, 1.92759780475e-05, 7.06201490175e-06, 4.60996488982e-06, 1.95988650376e-06, 6.24429958407e-07, 2.0439357229e-07, 8.76154402363e-08, 6.29664853591e-08, 2.30496617348e-08, 1.47331267186e-08, 8.08733169322e-09, 6.40144115494e-09, 5.44773204325e-09], "min": [3.95926872444e-25, 2.73351821028e-24, 1.38935927982e-24, 1.43037856778e-24, 1.51493936867e-23, 8.06504725999e-24, 1.14230482732e-23, 1.06402710633e-23, 4.35853420415e-24, 1.20732700298e-23, 1.10100007033e-23, 3.09889428467e-23, 3.81842599146e-23, 2.49877513522e-23, 4.81882594376e-23, 5.24414976714e-23, 6.55144690383e-23, 1.03217848811e-22, 1.14291152447e-22, 1.70816999543e-22, 2.61853251945e-22, 3.03586947327e-22, 3.45604077276e-22, 5.14126476083e-22, 7.66309732213e-22, 1.2543205452e-21, 2.02096339128e-21], "dvar2": [3.59312161891e-06, 0.000127058068756, 1.37091756187e-05, 3.21110310324e-05, 9.98562318273e-05, 7.93276849436e-05, 1.87183140952e-05, 1.62997810094e-06, 6.088465625e-07, 1.19718970382e-06, 4.22277565804e-07, 2.77627549394e-07, 3.14650172584e-08, 1.2238692193e-07, 2.42284254881e-08, 1.11478755116e-08, 2.35539032722e-09, 2.20734042156e-10, 1.49501189206e-10, 2.67606908855e-11, 1.6280216758e-11, 1.46874196832e-11, 1.98090285494e-12, 6.95160118705e-12, 5.84712096449e-12, 1.81963194512e-11, 6.6469512186e-12], "dvar": [1.30900014028e-06, 4.55137123936e-05, 4.89885769639e-06, 1.27734156194e-05, 3.63104809367e-05, 2.607672468e-05, 5.74442174184e-06, 6.88196905685e-07, 2.55418029838e-07, 4.39414009179e-07, 1.77275438773e-07, 1.40462987019e-07, 1.36086075742e-08, 4.50995507606e-08, 8.15825096367e-09, 4.5252885883e-09, 7.54489692945e-10, 1.13739080654e-10, 6.83796214096e-11, 1.89509224285e-11, 8.19700991112e-12, 8.07264845248e-12, 9.88153786227e-13, 6.3392511726e-12, 2.76874443511e-12, 7.56855429024e-12, 2.43043129025e-12], "dmean": [0.00103436748032, 0.00620262650773, 0.00190387677867, 0.00222983863205, 0.00476053124294, 0.00413439515978, 0.00160345213953, 0.000566229457036, 0.000345233827829, 0.000337126053637, 0.000264166999841, 0.000236887906794, 7.4433584814e-05, 5.99334234721e-05, 3.18405836879e-05, 1.41734835779e-05, 7.12824339644e-06, 3.23836366078e-06, 2.12050440496e-06, 1.00177874174e-06, 6.80301184275e-07, 5.52483584215e-07, 2.28201727737e-07, 3.06029534158e-07, 2.59690040139e-07, 4.17532532992e-07, 2.84839842379e-07], "max": [0.0128605607897, 0.122532203794, 0.0315045379102, 0.056662119925, 0.102292820811, 0.0517010688782, 0.0311533287168, 0.0175599195063, 0.010014269501, 0.0136399008334, 0.00852604676038, 0.00695926882327, 0.00312880869024, 0.0072369761765, 0.00196104520001, 0.00383113091812, 0.000982933095656, 0.000505726260599, 0.000288011709927, 0.00021541886963, 7.77368768468e-05, 0.000107079242298, 3.75969866582e-05, 0.00015080688172, 6.07185138506e-05, 9.20487800613e-05, 5.73807155888e-05], "var": [2.33617902268e-06, 6.39979043626e-05, 1.12664229164e-05, 3.31304472638e-05, 0.000106988802145, 4.83273688587e-05, 1.8997807274e-05, 3.05891512653e-06, 9.34589138524e-07, 1.58034526976e-06, 9.80442678156e-07, 1.28433396185e-06, 1.13013953751e-07, 3.02289492993e-07, 2.09463077994e-08, 4.84295732406e-08, 1.65479974168e-09, 7.28293758634e-10, 3.15550807706e-10, 1.32190453028e-10, 2.75209490613e-11, 2.47913807538e-11, 5.78903808571e-12, 3.89714857607e-11, 5.0444180083e-12, 2.0768331499e-11, 8.89867606685e-12], "mean": [0.00147665734403, 0.0093496395275, 0.00287818582729, 0.00370453833602, 0.0102827418596, 0.00762980571017, 0.00390902487561, 0.00137732957955, 0.000848289695568, 0.000791671744082, 0.000728699029423, 0.000844561087433, 0.000258512125583, 0.000151142274262, 6.01213869231e-05, 4.15635113313e-05, 1.47691189341e-05, 7.94994321041e-06, 5.12368751515e-06, 2.43631575358e-06, 1.37374524911e-06, 1.09877589693e-06, 6.09247479133e-07, 7.91748789197e-07, 4.96770724112e-07, 1.0451773278e-06, 8.8989