{"tonal": {"thpcp": [1, 0.663463950157, 0.382587850094, 0.308760255575, 0.273449391127, 0.358883887529, 0.420981794596, 0.355763226748, 0.409233480692, 0.490933746099, 0.40041154623, 0.32707631588, 0.307546049356, 0.310175567865, 0.413911342621, 0.494957596064, 0.439900249243, 0.366962105036, 0.339089214802, 0.352849572897, 0.586310982704, 0.794778645039, 0.641269922256, 0.521048009396, 0.481286644936, 0.343778461218, 0.288189798594, 0.297043919563, 0.333464056253, 0.526615798473, 0.666119635105, 0.520974516869, 0.381682485342, 0.342787086964, 0.388757646084, 0.777342140675], "hpcp": {"dmean2": [0.297753453255, 0.287916660309, 0.260548144579, 0.246125683188, 0.252426117659, 0.304097563028, 0.360554873943, 0.354499906301, 0.317235589027, 0.280514001846, 0.229057699442, 0.203222289681, 0.204324871302, 0.224434405565, 0.263595670462, 0.283359467983, 0.288037955761, 0.249901175499, 0.227500244975, 0.253996759653, 0.333417773247, 0.330248951912, 0.309184342623, 0.267030954361, 0.20764939487, 0.173265457153, 0.199994400144, 0.216046661139, 0.198798909783, 0.222347944975, 0.239173799753, 0.210759133101, 0.192956492305, 0.193263664842, 0.210943952203, 0.265109181404], "median": [0.0730751529336, 0.0660666972399, 0.0507428348064, 0.0437769927084, 0.0465941131115, 0.110905498266, 0.163605257869, 0.131417810917, 0.061922699213, 0.0488484278321, 0.0433900728822, 0.0420735739172, 0.0443765819073, 0.0527989193797, 0.0878291428089, 0.104764103889, 0.0838557481766, 0.0625082701445, 0.0500734932721, 0.0594019331038, 0.143857747316, 0.188841342926, 0.135337591171, 0.0560367777944, 0.040341001004, 0.03708704561, 0.0566027276218, 0.0678247511387, 0.0568421185017, 0.0569388270378, 0.0639539733529, 0.0626380294561, 0.0524866953492, 0.047632008791, 0.0442526787519, 0.0600466057658], "min": [7.74158979766e-05, 5.49588039576e-05, 0.000113736998173, 0.000119566109788, 0.000173783875653, 0.000134722184157, 9.59278695518e-05, 0.000164056807989, 8.22155561764e-05, 0.000143231125548, 0.000182340751053, 0.000142649732879, 0.000176415414899, 0.00029647606425, 0.000277208600892, 0.000287092494546, 0.000324412045302, 0.000192719046026, 0.000143480356201, 0.000142346034409, 0.000324777152855, 0.000147356491652, 0.000321458705002, 8.28832489788e-05, 5.80774867558e-05, 7.51096158638e-05, 4.43651915703e-05, 6.67866406729e-05, 0.000124533093185, 3.09250863211e-05, 4.89265803481e-05, 8.21391004138e-05, 9.03498075786e-05, 9.27682849579e-05, 4.63414107799e-05, 6.25389147899e-05], "dvar2": [0.149347305298, 0.156740650535, 0.136033937335, 0.131306290627, 0.128166332841, 0.1267721802, 0.155465811491, 0.151869595051, 0.158384665847, 0.147067919374, 0.117974109948, 0.106913894415, 0.104810766876, 0.113270655274, 0.120538532734, 0.124199733138, 0.136449813843, 0.117513805628, 0.106778554618, 0.114690877497, 0.141220673919, 0.139217719436, 0.117952018976, 0.120315693319, 0.0913673490286, 0.0718086212873, 0.0792132765055, 0.0830235779285, 0.079741306603, 0.0920369252563, 0.10389213264, 0.0853560566902, 0.0800314471126, 0.0837093815207, 0.100696131587, 0.130454331636], "dvar": [0.0537696816027, 0.0561601743102, 0.048925999552, 0.0481927730143, 0.0480749234557, 0.0482768267393, 0.0591201931238, 0.0557707026601, 0.0598924048245, 0.0557674281299, 0.0422950536013, 0.0377657562494, 0.0375069007277, 0.0396594703197, 0.0438310280442, 0.048785418272, 0.0491482466459, 0.0421879924834, 0.0389090813696, 0.0416259914637, 0.0529415011406, 0.0555912964046, 0.0425646714866, 0.0433415807784, 0.0333788283169, 0.0262310132384, 0.0300997663289, 0.0329318195581, 0.0292715597898, 0.0343750491738, 0.040757574141, 0.03204010427, 0.0293923635036, 0.0306294616312, 0.0366140417755, 0.0474517866969], "dmean": [0.167927443981, 0.16165868938, 0.14483961463, 0.137212455273, 0.141505718231, 0.175809264183, 0.207732960582, 0.202363669872, 0.178319126368, 0.156966686249, 0.127589926124, 0.112146340311, 0.11303486675, 0.125120103359, 0.151358783245, 0.162902206182, 0.163025766611, 0.139531031251, 0.127385854721, 0.143080830574, 0.194420978427, 0.193095490336, 0.179204180837, 0.149354487658, 0.116818018258, 0.0980407595634, 0.116089530289, 0.126554459333, 0.114167109132, 0.128478810191, 0.140164941549, 0.122137770057, 0.109623141587, 0.10918867588, 0.118166677654, 0.14876550436], "max": [1, 1, 1, 1, 1, 1, 1, 1, 1, 1, 1, 1, 1, 1, 1, 1, 1, 1, 1, 1, 1, 1, 1, 1, 1, 1, 1, 1, 1, 1, 1, 1, 1, 1, 1, 1], "var": [0.0612460486591, 0.0532167069614, 0.0438496246934, 0.0429347790778, 0.0431404970586, 0.0613291822374, 0.0921165123582, 0.0643996074796, 0.0724706053734, 0.0739837288857, 0.0403326898813, 0.0309028550982, 0.0310710836202, 0.0335528366268, 0.0592443235219, 0.0902344733477, 0.0590284056962, 0.039330534637, 0.036635927856, 0.0417465642095, 0.0927458330989, 0.135077267885, 0.0661743655801, 0.0418731756508, 0.0330097675323, 0.0278184320778, 0.0366875641048, 0.0465817674994, 0.0352000072598, 0.0455638356507, 0.0648484304547, 0.041716504842, 0.0320221558213, 0.0299473386258, 0.0327346250415, 0.0481291040778], "mean": [0.180455222726, 0.160382017493, 0.13378970325, 0.123627603054, 0.128644451499, 0.213761508465, 0.289766162634, 0.233798846602, 0.18996745348, 0.175470978022, 0.12533724308, 0.105070322752, 0.108298428357, 0.121576741338, 0.191997393966, 0.242858722806, 0.189940661192, 0.13915656507, 0.124975800514, 0.141736075282, 0.283409029245, 0.364587247372, 0.241890504956, 0.139486655593, 0.112570047379, 0.0996961593628, 0.13084448874, 0.153484597802, 0.129706740379, 0.14920130372, 0.178988188505, 0.145984947681, 0.119247853756, 0.112127371132, 0.11308605969, 0.150906801224]}, "tuning_equal_tempered_deviation": 0.0541464239359, "chords_changes_rate": 0.0793341994286, "key_key": "E", "tuning_diatonic_strength": 0.518855750561, "key_scale": "minor", "chords_number_rate": 0.0011889321031, "tuning_frequency": 440.254241943, "tuning_nontempered_energy_ratio": 0.761538803577, "chords_histogram": [29.8313884735, 8.44141769409, 12.9161262512, 10.1383485794, 0.0540423691273, 2.50756597519, 0.270211845636, 12.5486383438, 0.356679648161, 3.08041501045, 0.940337240696, 0.313445746899, 0.0108084734529, 0.0324254222214, 0, 0.0648508444428, 0.47557285428, 0.183744058013, 1.48076093197, 0.616083025932, 2.53999137878, 0.551232159138, 3.83700823784, 8.80890655518], "key_strength": 0.705407142639, "chords_key": "E", "chords_strength": {"dmean2": 0.0129181789234, "median": 0.497774779797, "min": 0.218478918076, "dvar2": 0.000131196662551, "dvar": 9.18933583307e-05, "dmean": 0.0112737137824, "max": 0.738774299622, "var": 0.00788360927254, "mean": 0.494752496481}, "chords_scale": "minor", "hpcp_entropy": {"dmean2": 1.22608673573, "median": 2.35377526283, "min": 0.041294105351, "dvar2": 0.935991764069, "dvar": 0.3319439888, "dmean": 0.723577916622, "max": 4.62445306778, "var": 0.718622744083, "mean": 2.34746456146}}, "metadata": {"audio_properties": {"equal_loudness": 0, "codec": "flac", "downmix": "mix", "sample_rate": 44100, "analysis_sample_rate": 44100, "bit_rate": 0, "md5_encoded": "1de70262cf7d9c1cdfaecf2ae436a27a", "length": 429.613342285, "replay_gain": -13.510684967, "lossless": true}, "version": {"essentia_build_sha": "2d9f1f26377add8aeb1075a9c2973f962c4f09fd", "essentia": "2.1-beta2", "extractor": "music 1.0", "essentia_git_sha": "v2.1_beta2-1-ge3940c0"}, "tags": {"title": ["Hallowed Be Thy Name"], "barcode": ["724354127724"], "media": ["CD"], "albumartist": ["Iron Maiden"], "tracktotal": ["14"], "language": ["eng"], "releasetype": ["album", "compilation", "live"], "musicbrainz_recordingid": ["1c8c8356-6990-45b8-8063-9c2c60efd581"], "composer": ["Iron Maiden"], "musicbrainz_releasegroupid": ["ed8eb704-71f8-487a-9631-df30ba719f54"], "musicbrainz_albumartistid": ["ca891d65-d9b0-4258-89f7-e6ba29d83767"], "originalyear": ["2002"], "originaldate": ["2002-11-04"], "musicbrainz_releasetrackid": ["df8a58a9-d03c-3fa8-afff-de889d69dae6"], "discnumber": ["2"], "catalognumber": ["541 2782", "541 2802", "541 2822"], "releasecountry": ["GB"], "file_name": "213 - Hallowed Be Thy Name.flac", "musicip_puid": ["1f7e4162-de38-dbf8-e63d-cafff8ce74e1"], "albumartistsort": ["Iron Maiden"], "date": ["2002-11-18"], "genre": ["Heavy Metal;Metal;Nwobhm;Heavy Metal;Metal;Nwobhm"], "musicbrainz_albumid": ["a4ea6af4-559e-4a61-82cc-11466f49aacc"], "disctotal": ["6"], "discsubtitle": ["BBC Archives (disc 2)"], "releasestatus": ["official"], "musicbrainz_artistid": ["ca891d65-d9b0-4258-89f7-e6ba29d83767"], "asin": ["B00006ALQX"], "musicbrainz_workid": ["8848a6a6-6146-366a-b076-f20f3bb90258"], "artist": ["Iron Maiden"], "tracknumber": ["13"], "artistsort": ["Iron Maiden"], "album": ["Eddie's Archive"], "label": ["EMI"], "isrc": ["GBAYE9801385"], "totaldiscs": ["6"], "script": ["Latn"], "totaltracks": ["14"]}}, "rhythm": {"bpm_histogram_first_peak_bpm": {"dmean2": 0, "median": 123, "min": 123, "dvar2": 0, "dvar": 0, "dmean": 0, "max": 123, "var": 0, "mean": 123}, "bpm": 122.298194885, "bpm_histogram_second_peak_spread": {"dmean2": 0, "median": 0.552727282047, "min": 0.552727282047, "dvar2": 0, "dvar": 0, "dmean": 0, "max": 0.552727282047, "var": 0, "mean": 0.552727282047}, "bpm_histogram_first_peak_weight": {"dmean2": 0, "median": 0.170378625393, "min": 0.170378625393, "dvar2": 0, "dvar": 0, "dmean": 0, "max": 0.170378625393, "var": 0, "mean": 0.170378625393}, "onset_rate": 3.24001812935, "beats_position": [0.580498874187, 1.17260766029, 1.764716506, 2.36843538284, 2.93732428551, 3.50621318817, 4.07510185242, 4.63238096237, 5.20126962662, 5.7701587677, 6.24616765976, 6.71056699753, 7.17496585846, 7.60453510284, 8.03410434723, 8.46367359161, 8.893242836, 9.32281208038, 9.75238037109, 10.1819496155, 10.6115188599, 11.0410881042, 11.4822673798, 11.900226593, 12.3181858063, 12.7477550507, 13.1657142639, 13.5836734772, 14.0016326904, 14.4195919037, 14.8259410858, 15.1974601746, 15.5805892944, 15.9521083832, 16.3352375031, 16.7648067474, 17.2059860229, 17.6355552673, 18.0070743561, 18.3785934448, 18.7385025024, 19.0868015289, 19.4467124939, 19.8066215515, 20.1665306091, 20.5264396667, 20.8979587555, 21.2694778442, 21.6293869019, 21.9892959595, 22.4188652039, 22.8484344482, 23.2780036926, 23.7191829681, 24.102312088, 24.4854412079, 24.8801803589, 25.2749195099, 25.681268692, 26.0876178741, 26.4939670563, 26.8887062073, 27.2834453583, 27.6665763855, 28.0613155365, 28.5024929047, 28.9436721802, 29.3848514557, 29.8144207001, 30.2323799133, 30.6503391266, 31.079908371, 31.5326976776, 31.9738769531, 32.4150543213, 32.8562355042, 33.2974128723, 33.750202179, 34.2029914856, 34.6557807922, 35.1201820374, 35.5845794678, 36.0489807129, 36.5133781433, 36.9777755737, 37.4073448181, 37.8369140625, 38.2780952454, 38.7076644897, 39.1372337341, 39.5668029785, 39.9847602844, 40.402721405, 40.8322906494, 41.2618598938, 41.703037262, 42.1326065063, 42.5621757507, 43.0033569336, 43.4213142395, 43.8392753601, 44.257232666, 44.6751937866, 45.0815429688, 45.4878921509, 45.9058494568, 46.3121986389, 46.718547821, 47.1365089417, 47.5312461853, 47.9492073059, 48.355556488, 48.7735137939, 49.1914749146, 49.6094322205, 50.0273895264, 50.4569587708, 50.8749198914, 51.2928771973, 51.7108383179, 52.1287956238, 52.5351448059, 52.9531059265, 53.3710632324, 53.7774124146, 54.1837615967, 54.5901107788, 55.0080718994, 55.4260292053, 55.8323783875, 56.2503395081, 56.668296814, 57.0862579346, 57.515827179, 57.9337844849, 58.3517456055, 58.7697029114, 59.1760520935, 59.5940132141, 60.01197052, 60.4299316406, 60.8478889465, 61.2658500671, 61.683807373, 62.0901565552, 62.4965057373, 62.9028549194, 63.32081604, 63.7271652222, 64.1335144043, 64.5514755249, 64.9694290161, 65.3873901367, 65.7937393188, 66.200088501, 66.6180496216, 67.0824508667, 67.5468444824, 68.0112457275, 68.5685272217, 69.1258010864, 69.6830825806, 70.2055282593, 70.7395935059, 71.273651123, 71.7844848633, 72.3069381714, 72.817779541, 73.3286132813, 73.8510665894, 74.3502960205, 74.8495254517, 75.3487548828, 75.8479766846, 76.3472061157, 76.8348312378, 77.3224487305, 77.8100662231, 78.2976837158, 78.7853012085, 79.2729263306, 79.7489318848, 80.2365493774, 80.7357788086, 81.2350082397, 81.7342376709, 82.2218551636, 82.7094802856, 83.1970977783, 83.684715271, 84.1723327637, 84.6599502563, 85.1591796875, 85.6584091187, 86.1460266113, 86.6336517334, 87.1212692261, 87.6088867188, 88.0965042114, 88.5957336426, 89.0949630737, 89.5825805664, 90.0702056885, 90.5462112427, 91.0222167969, 91.5098419189, 91.9974594116, 92.4850769043, 92.972694397, 93.460319519, 93.9479370117, 94.4355545044, 94.9115600586, 95.3875732422, 95.8751907349, 96.3511962891, 96.8272094727, 97.3148269653, 97.802444458, 98.2900695801, 98.7776870728, 99.2653045654, 99.7529220581, 100.240539551, 100.728164673, 101.215782166, 101.69178772, 102.179405212, 102.655418396, 103.143035889, 103.630653381, 104.153106689, 104.66394043, 105.186393738, 105.720451355, 106.242897034, 106.765350342, 107.287796021, 107.810249329, 108.344306946, 108.878364563, 109.41242218, 109.969703674, 110.526985168, 111.084259033, 111.69959259, 112.326530457, 112.941856384, 113.545578003, 114.149291992, 114.776237488, 115.379951477, 115.94884491, 116.529342651, 117.109840393, 117.632286072, 118.15473938, 118.66557312, 119.188026428, 119.687255859, 120.209701538, 120.697319031, 121.196548462, 121.695777893, 122.195007324, 122.694236755, 123.193466187, 123.692695618, 124.18031311, 124.667930603, 125.155555725, 125.654785156, 126.154014587, 126.653244019, 127.15246582, 127.640090942, 128.150924683, 128.638549805, 129.137771606, 129.637008667, 130.136230469, 130.623855591, 131.111465454, 131.610702515, 132.109924316, 132.609161377, 133.09677124, 133.584396362, 134.083618164, 134.571243286, 135.070480347, 135.569702148, 136.068939209, 136.556549072, 137.055786133, 137.555007935, 138.042633057, 138.53024292, 139.017868042, 139.517089844, 140.016326904, 140.503936768, 141.003173828, 141.490783691, 141.990020752, 142.477645874, 142.953643799, 143.429656982, 143.917282104, 144.404891968, 144.89251709, 145.380126953, 145.867752075, 146.355377197, 146.854598999, 147.35383606, 147.853057861, 148.352294922, 148.839904785, 149.327529907, 149.815139771, 150.32598877, 150.825210571, 151.324447632, 151.835281372, 152.346115112, 152.86857605, 153.391021729, 153.913467407, 154.435913086, 154.958358765, 155.480819702, 155.991653442, 156.502487183, 157.013336182, 157.524169922, 158.035003662, 158.5574646, 159.06829834, 159.590744019, 160.113189697, 160.624038696, 161.134872437, 161.645706177, 162.168167114, 162.679000854, 163.189834595, 163.700683594, 164.199905396, 164.699142456, 165.186752319, 165.674377441, 166.185211182, 166.696044922, 167.195281982, 167.694503784, 168.193740845, 168.692962646, 169.192199707, 169.691421509, 170.202270508, 170.689880371, 171.177505493, 171.665115356, 172.152740479, 172.640365601, 173.127975464, 173.627212524, 174.126434326, 174.614059448, 175.101669312, 175.589294434, 176.076919556, 176.564529419, 177.052154541, 177.551376343, 178.050613403, 178.549835205, 179.049072266, 179.536682129, 180.024307251, 180.511917114, 180.999542236, 181.487167358, 181.963165283, 182.439178467, 182.903579712, 183.391204834, 183.878814697, 184.366439819, 184.842453003, 185.318450928, 185.80607605, 186.293685913, 186.792922974, 187.280548096, 187.779769897, 188.26739502, 188.755004883, 189.242630005, 189.730239868, 190.21786499, 190.705490112, 191.181488037, 191.657501221, 192.145126343, 192.632736206, 193.120361328, 193.61958313, 194.11882019, 194.606430054, 195.094055176, 195.581680298, 196.069290161, 196.556915283, 197.044525146, 197.532150269, 198.008163452, 198.484161377, 198.960174561, 199.459411621, 199.947021484, 200.434646606, 200.933868408, 201.433105469, 201.920715332, 202.408340454, 202.895965576, 203.383575439, 203.871200562, 204.358810425, 204.846435547, 205.334060669, 205.821670532, 206.297683716, 206.773696899, 207.261306763, 207.748931885, 208.236557007, 208.72416687, 209.211791992, 209.711013794, 210.210250854, 210.709472656, 211.18548584, 211.673095703, 212.160720825, 212.648345947, 213.135955811, 213.635192871, 214.122802734, 214.598815918, 215.08644104, 215.585662842, 216.084899902, 216.584121704, 217.083358765, 217.570968628, 218.05859375, 218.534591675, 219.010604858, 219.49822998, 219.985839844, 220.485076904, 220.984298706, 221.471923828, 221.95954895, 222.447158813, 222.946395874, 223.434005737, 223.910018921, 224.409240723, 224.908477783, 225.396102905, 225.883712769, 226.371337891, 226.858947754, 227.346572876, 227.834197998, 228.321807861, 228.809432983, 229.297042847, 229.77305603, 230.272293091, 230.783126831, 231.293960571, 231.80480957, 232.315643311, 232.826477051, 233.33732605, 233.859771729, 234.393829346, 234.927886963, 235.46194458, 236.007614136, 236.541671753, 237.07572937, 237.598175049, 238.074188232, 238.538589478, 239.014602661, 239.479003906, 239.943389893, 240.407791138, 240.814147949, 241.208877563, 241.603622437, 241.99836731, 242.346664429, 242.694961548, 243.043258667, 243.391555786, 243.797912598, 244.20425415, 244.610610962, 245.016952515, 245.551010132, 246.085067749, 246.619140625, 247.153198242, 247.687255859, 248.209701538, 248.743759155, 249.266204834, 249.788650513, 250.31111145, 250.833557129, 251.367614746, 251.901672363, 252.424118042, 252.946563721, 253.469024658, 253.991470337, 254.525527954, 255.059585571, 255.605255127, 256.139312744, 256.684997559, 257.219055176, 257.741485596, 258.263946533, 258.786376953, 259.308837891, 259.831298828, 260.353729248, 260.876190186, 261.387023926, 261.897857666, 262.431915283, 262.954376221, 263.476806641, 263.999267578, 264.521728516, 265.055786133, 265.58984375, 266.10067749, 266.623138428, 267.133972168, 267.656402588, 268.178863525, 268.701324463, 269.223754883, 269.74621582, 270.257049561, 270.767883301, 271.278717041, 271.789550781, 272.300415039, 272.822845459, 273.345306396, 273.867736816, 274.390197754, 274.912658691, 275.435089111, 275.957550049, 276.479980469, 277.002441406, 277.524902344, 278.035736084, 278.546569824, 279.080627441, 279.603088379, 280.125518799, 280.636352539, 281.158813477, 281.681274414, 282.203704834, 282.726165771, 283.248626709, 283.771057129, 284.293518066, 284.815948486, 285.326782227, 285.837646484, 286.348480225, 286.847717285, 287.358551025, 287.857757568, 288.368621826, 288.879455566, 289.390289307, 289.901123047, 290.423583984, 290.946014404, 291.468475342, 291.990936279, 292.513366699, 293.035827637, 293.558258057, 294.080718994, 294.603179932, 295.125610352, 295.648071289, 296.170501709, 296.692962646, 297.215423584, 297.737854004, 298.260314941, 298.782775879, 299.305206299, 299.827667236, 300.350097656, 300.884155273, 301.395019531, 301.905853271, 302.428283691, 302.950744629, 303.461578369, 303.972412109, 304.48324585, 304.994110107, 305.504943848, 306.015777588, 306.549835205, 307.072296143, 307.594726563, 308.105560303, 308.616424561, 309.104034424, 309.591644287, 310.07925415, 310.555267334, 311.054504395, 311.565338135, 312.076171875, 312.575408936, 313.074645996, 313.573883057, 314.0730896, 314.57232666, 315.071563721, 315.570800781, 316.070007324, 316.569244385, 317.080078125, 317.602539063, 318.113372803, 318.624206543, 319.135040283, 319.634277344, 320.133514404, 320.632751465, 321.131958008, 321.619598389, 322.107208252, 322.618041992, 323.128875732, 323.65133667, 324.16217041, 324.684631348, 325.207061768, 325.717895508, 326.228759766, 326.751190186, 327.273651123, 327.796081543, 328.31854248, 328.841003418, 329.363433838, 329.885894775, 330.408325195, 330.930786133, 331.441619873, 331.952453613, 332.463317871, 332.974151611, 333.484985352, 333.995819092, 334.506652832, 335.017486572, 335.52835083, 336.05078125, 336.573242188, 337.084075928, 337.594909668, 338.105743408, 338.639801025, 339.150665283, 339.661499023, 340.172332764, 340.683166504, 341.194000244, 341.693237305, 342.192474365, 342.691680908, 343.190917969, 343.678527832, 344.177764893, 344.688598633, 345.199462891, 345.710296631, 346.221130371, 346.720367432, 347.231201172, 347.742034912, 348.241271973, 348.740478516, 349.239715576, 349.750549316, 350.261413574, 350.772247314, 351.271453857, 351.782318115, 352.293151855, 352.803985596, 353.314819336, 353.814056396, 354.313293457, 354.824127197, 355.334960938, 355.845794678, 356.356628418, 356.855865479, 357.355102539, 357.8543396, 358.37677002, 358.88760376, 359.3984375, 359.920898438, 360.443359375, 360.965789795, 361.488250732, 361.999084473, 362.52154541, 363.04397583, 363.55480957, 364.065673828, 364.576507568, 365.098937988, 365.609802246, 366.120635986, 366.631469727, 367.142303467, 367.653137207, 368.163970947, 368.674835205, 369.197265625, 369.719726563, 370.242156982, 370.76461792, 371.287078857, 371.832733154, 372.378417969, 372.924072266, 373.492950439, 374.050231934, 374.619140625, 375.188018799, 375.756896973, 376.302581787, 376.848236084, 377.393920898, 377.939575195, 378.48526001, 379.019317627, 379.553375244, 380.087432861, 380.633087158, 381.167144775, 381.71282959, 382.270111084, 382.815765381, 383.361450195, 383.825836182, 384.278625488, 384.731414795, 385.172607422, 385.625396729, 386.078186035, 386.438079834, 386.79800415, 387.169525146, 387.541046143, 387.912567139, 388.284088135, 388.655578613, 389.038726807, 389.410247803, 389.781768799, 390.141662598, 390.489959717, 390.838256836, 391.186553955, 391.534881592, 391.894775391, 392.24307251, 392.614593506, 392.997711182, 393.369232178, 393.740753174, 394.11227417, 394.495422363, 394.878540039, 395.273284912, 395.668029785, 396.051147461, 396.434265137, 396.82901001, 397.223754883, 397.618499756, 398.013244629, 398.431182861, 398.849151611, 399.255493164, 399.661865234, 400.05657959, 400.451324463, 400.846069336, 401.240814209, 401.647155762, 402.041900635, 402.436645508, 402.831390381, 403.237731934, 403.632476807, 404.027191162, 404.421936035, 404.816680908, 405.211425781, 405.606170654, 406.024108887, 406.453674316, 406.883270264, 407.324432373, 407.753997803, 408.183563232, 408.601531982, 409.019500732, 409.449066162, 409.878631592, 410.331420898, 410.772613525, 411.225402832, 411.643341064, 412.049682617, 412.467651367, 412.885620117, 413.303588867, 413.70993042, 414.116271973, 414.522613525, 414.940582275, 415.358551025, 415.776489258, 416.194458008, 416.612426758, 417.03036499, 417.44833374, 417.854675293, 418.272644043, 418.690612793, 419.120178223, 419.549743652, 419.979309082, 420.397277832, 420.757171631, 421.10546875, 421.465393066, 421.825286865, 422.173583984, 422.533508301, 422.8934021, 423.253326416, 423.601623535, 423.949920654, 424.298217773, 424.634918213, 424.971588135, 425.296691895, 425.633361816, 425.970062256, 426.318359375, 426.689880371, 427.061401367, 427.432922363, 427.792816162, 428.164337158, 428.535858154, 428.90737915], "beats_loudness": {"dmean2": 0.0342197045684, "median": 0.0371514745057, "min": 0.000132415720145, "dvar2": 0.00103386782575, "dvar": 0.000328538822941, "dmean": 0.0188769958913, "max": 0.125906422734, "var": 0.000523474882357, "mean": 0.0399559214711}, "danceability": 1.23637223244, "bpm_histogram_second_peak_weight": {"dmean2": 0, "median": 0.13697104156, "min": 0.13697104156, "dvar2": 0, "dvar": 0, "dmean": 0, "max": 0.13697104156, "var": 0, "mean": 0.13697104156}, "beats_count": 899, "bpm_histogram_second_peak_bpm": {"dmean2": 0, "median": 115, "min": 115, "dvar2": 0, "dvar": 0, "dmean": 0, "max": 115, "var": 0, "mean": 115}, "bpm_histogram_first_peak_spread": {"dmean2": 0, "median": 0.483108133078, "min": 0.483108133078, "dvar2": 0, "dvar": 0, "dmean": 0, "max": 0.483108133078, "var": 0, "mean": 0.483108133078}, "beats_loudness_band_ratio": {"dmean2": [0.48488843441, 0.194094076753, 0.181321293116, 0.1152356565, 0.11093377322, 0.197559475899], "median": [0.343863129616, 0.122601374984, 0.114768944681, 0.0576617456973, 0.0706885829568, 0.122377455235], "min": [0.00136671937071, 0.000533226178959, 0.00417478382587, 0.00269702682272, 0.00178176211193, 0.00164571567439], "dvar2": [0.152696967125, 0.0232994649559, 0.0297893900424, 0.0263482537121, 0.0146971968934, 0.0358430743217], "dvar": [0.0473667755723, 0.00814695283771, 0.010560513474, 0.00969178788364, 0.00485360203311, 0.0116860456765], "dmean": [0.260147124529, 0.109816908836, 0.103405050933, 0.065681219101, 0.0621087700129, 0.108208805323], "max": [0.919813871384, 0.820811152458, 0.790921986103, 0.846713125706, 0.572098553181, 0.935575008392], "var": [0.0610708408058, 0.0152089912444, 0.0188168380409, 0.0112401079386, 0.00614953320473, 0.0155228488147], "mean": [0.404362887144, 0.149441823363, 0.154753163457, 0.0866727232933, 0.0887047722936, 0.150416836143]}}, "lowlevel": {"barkbands_spread": {"dmean2": 10.5365400314, "median": 37.2996826172, "min": 1.8016320467, "dvar2": 102.505577087, "dvar": 46.4431610107, "dmean": 6.72006940842, "max": 110.703369141, "var": 258.572784424, "mean": 36.5749511719}, "melbands_spread": {"dmean2": 16.739025116, "median": 33.9979362488, "min": 1.34179794788, "dvar2": 323.197143555, "dvar": 145.220565796, "dmean": 10.667016983, "max": 229.728561401, "var": 521.67791748, "mean": 36.9359397888}, "hfc": {"dmean2": 14.6474599838, "median": 33.9140625, "min": 0.0479186065495, "dvar2": 434.182800293, "dvar": 201.093078613, "dmean": 9.75453948975, "max": 266.031005859, "var": 676.718017578, "mean": 37.7861404419}, "barkbands_kurtosis": {"dmean2": 2.56212186813, "median": -0.0678151547909, "min": -1.91345274448, "dvar2": 16.0711574554, "dvar": 7.00205469131, "dmean": 1.62382829189, "max": 80.0886535645, "var": 25.8659286499, "mean": 1.59355962276}, "gfcc": {"mean": [47.3789710999, 65.1636047363, -114.422714233, 47.9717102051, -68.035369873, 16.3253993988, -34.104839325, 12.1882314682, -22.2483501434, 1.35176610947, -18.100818634, -2.10654807091, -9.45150279999], "icov": [[0.000536526029464, 8.38790219859e-05, 0.000475732726045, -0.000790054560639, 0.000483973853989, -0.000425312959123, 0.000607307360042, -0.000413474364905, 0.000599654624239, -0.00100370391738, 0.00094057264505, -0.000439386203652, 0.000408510299167], [8.38790219859e-05, 0.00298533122987, -0.00115816388279, 0.000688392960001, -0.00168849085458, 0.00211893673986, -0.00193899858277, 0.00258604390547, -0.00179337174632, 0.00332330679521, -0.00421023787931, 0.00380084617063, -0.00194895919412], [0.000475732726045, -0.00115816388279, 0.00344372610562, -0.00186653190758, 0.000755422806833, -0.00177109648939, 0.00227387202904, -0.00126681022812, 0.00140663108323, -0.00306156463921, 0.00415389752015, -0.00482214149088, 0.00274369120598], [-0.000790054560639, 0.000688392960001, -0.00186653190758, 0.00497891800478, -0.00109580205753, 0.000835712708067, -0.000955183873884, -0.000701526063494, -0.000380689860322, 0.00467983214185, -0.00543040689081, 0.00531385559589, -0.00323070189916], [0.000483973853989, -0.00168849085458, 0.000755422806833, -0.00109580205753, 0.00670360820368, -0.00270418846048, 3.9728700358e-05, -0.000853715639096, 0.00136152678169, -0.00461465772241, 0.00509065575898, -0.00272041140124, -0.000633181305602], [-0.000425312959123, 0.00211893673986, -0.00177109648939, 0.000835712708067, -0.00270418846048, 0.0087492922321, -0.00293506798334, 0.000733132066671, -0.00185411563143, 0.00286420760676, -0.0040005017072, 0.00428378488868, -0.00134955591056], [0.000607307360042, -0.00193899858277, 0.00227387202904, -0.000955183873884, 3.9728700358e-05, -0.00293506798334, 0.0116781005636, -0.00637215748429, 0.00278170360252, -0.000585157773457, 0.000293471297482, -0.00312915071845, 0.00301312212832], [-0.000413474364905, 0.00258604390547, -0.00126681022812, -0.000701526063494, -0.000853715639096, 0.000733132066671, -0.00637215748429, 0.0148676326498, -0.00475488556549, -0.00070522679016, -0.000890037568752, 0.00181011552922, -0.00200959341601], [0.000599654624239, -0.00179337174632, 0.00140663108323, -0.000380689860322, 0.00136152678169, -0.00185411563143, 0.00278170360252, -0.00475488556549, 0.0138144269586, -0.00685076508671, 0.00230740895495, 0.000891082163434, -0.00133685907349], [-0.00100370391738, 0.00332330679521, -0.00306156463921, 0.00467983214185, -0.00461465772241, 0.00286420760676, -0.000585157773457, -0.00070522679016, -0.00685076508671, 0.0239633414894, -0.0128881186247, 0.00276571372524, 0.000635802047327], [0.00094057264505, -0.00421023787931, 0.00415389752015, -0.00543040689081, 0.00509065575898, -0.0040005017072, 0.000293471297482, -0.000890037568752, 0.00230740895495, -0.0128881186247, 0.0294152069837, -0.0167547278106, 0.00434366893023], [-0.000439386203652, 0.00380084617063, -0.00482214149088, 0.00531385559589, -0.00272041140124, 0.00428378488868, -0.00312915071845, 0.00181011552922, 0.000891082163434, 0.00276571372524, -0.0167547278106, 0.031450714916, -0.0124014671892], [0.000408510299167, -0.00194895919412, 0.00274369120598, -0.00323070189916, -0.000633181305602, -0.00134955591056, 0.00301312212832, -0.00200959341601, -0.00133685907349, 0.000635802047327, 0.00434366893023, -0.0124014671892, 0.0250149201602]], "cov": [[3807.97192383, -914.757446289, -186.567443848, 497.665283203, -249.166473389, 149.722824097, -123.051849365, 170.447998047, -87.6687164307, 48.2795677185, -69.7347259521, -70.4478225708, -47.1632385254], [-914.757446289, 921.152282715, 29.7424030304, -31.7319774628, 117.315467834, -115.021575928, 63.5426521301, -129.264755249, 25.7399368286, -85.3589248657, 51.1265907288, -24.6042785645, 40.5419616699], [-186.567443848, 29.7424030304, 520.594787598, 57.3202018738, 36.117855072, 35.9804801941, -50.9082489014, 4.46075487137, -13.6694002151, 29.1957969666, -13.5566234589, 42.2428894043, -13.1633062363], [497.665283203, -31.7319774628, 57.3202018738, 419.606719971, -14.0336151123, 39.7278633118, 13.7905607224, 45.430103302, -23.4432353973, -51.568157196, 11.4133958817, -40.3566246033, 19.1514320374], [-249.166473389, 117.315467834, 36.117855072, -14.0336151123, 228.699142456, 40.9638061523, 32.9445037842, 5.95881128311, 12.0603618622, 18.6055908203, -7.83039188385, 8.14382076263, 17.5134239197], [149.722824097, -115.021575928, 35.9804801941, 39.7278633118, 40.9638061523, 173.954971313, 32.4189910889, 40.315864563, 8.37619972229, 10.8027362823, -1.3979947567, -7.95622348785, -3.99511790276], [-123.051849365, 63.5426521301, -50.9082489014, 13.7905607224, 32.9445037842, 32.4189910889, 146.18069458, 45.8032646179, 0.670815885067, -4.86825180054, 20.489906311, 2.44580578804, 0.793873250484], [170.447998047, -129.264755249, 4.46075487137, 45.430103302, 5.95881128311, 40.315864563, 45.8032646179, 125.337852478, 28.3102016449, 26.8038253784, 1.85080957413, 1.45510709286, 0.632842361927], [-87.6687164307, 25.7399368286, -13.6694002151, -23.4432353973, 12.0603618622, 8.37619972229, 0.670815885067, 28.3102016449, 105.308746338, 31.5653381348, 6.37458753586, -3.86788582802, 6.66060686111], [48.2795677185, -85.3589248657, 29.1957969666, -51.568157196, 18.6055908203, 10.8027362823, -4.86825180054, 26.8038253784, 31.5653381348, 91.554069519, 23.5835494995, 23.262676239, -6.71023464203], [-69.7347259521, 51.1265907288, -13.5566234589, 11.4133958817, -7.83039188385, -1.3979947567, 20.489906311, 1.85080957413, 6.37458753586, 23.5835494995, 74.9080047607, 30.9136009216, 7.54995059967], [-70.4478225708, -24.6042785645, 42.2428894043, -40.3566246033, 8.14382076263, -7.95622348785, 2.44580578804, 1.45510709286, -3.86788582802, 23.262676239, 30.9136009216, 70.585357666, 17.8149833679], [-47.1632385254, 40.5419616699, -13.1633062363, 19.1514320374, 17.5134239197, -3.99511790276, 0.793873250484, 0.632842361927, 6.66060686111, -6.71023464203, 7.54995059967, 17.8149833679, 56.0527610779]]}, "spectral_energyband_middle_low": {"dmean2": 0.00801421888173, "median": 0.0105425463989, "min": 3.46463070855e-06, "dvar2": 0.000101848658232, "dvar": 3.78633412765e-05, "dmean": 0.0047970614396, "max": 0.0778359398246, "var": 6.48309433018e-05, "mean": 0.012048731558}, "melbands_crest": {"dmean2": 5.59406232834, "median": 11.9429674149, "min": 2.77616214752, "dvar2": 22.1680831909, "dvar": 10.096455574, "dmean": 3.58825182915, "max": 30.3057327271, "var": 26.013376236, "mean": 12.8917827606}, "spectral_kurtosis": {"dmean2": 1.12737071514, "median": 1.81679487228, "min": -1.0594162941, "dvar2": 1.48309671879, "dvar": 0.539732694626, "dmean": 0.673799991608, "max": 14.8380126953, "var": 3.054002285, "mean": 2.29771280289}, "spectral_rms": {"dmean2": 0.00129240145907, "median": 0.00518335355446, "min": 0.000224750270718, "dvar2": 1.69807151451e-06, "dvar": 8.306573136e-07, "dmean": 0.000850794778671, "max": 0.0109438188374, "var": 3.10654127134e-06, "mean": 0.0052323564887}, "zerocrossingrate": {"dmean2": 0.015221754089, "median": 0.08984375, "min": 0.00732421875, "dvar2": 0.000229504017625, "dvar": 0.000188457852346, "dmean": 0.0132526578382, "max": 0.41015625, "var": 0.00189789466094, "mean": 0.0925440862775}, "silence_rate_60dB": {"dmean2": 0.0129722720012, "median": 0, "min": 0, "dvar2": 0.0153029793873, "dvar": 0.00644708750769, "dmean": 0.00648578535765, "max": 1, "var": 0.0216649603099, "mean": 0.022158568725}, "erbbands_kurtosis": {"dmean2": 1.04762327671, "median": -0.652960181236, "min": -1.76557815075, "dvar2": 3.58954024315, "dvar": 1.40456998348, "dmean": 0.641031384468, "max": 31.9538593292, "var": 4.45639324188, "mean": -0.0868524834514}, "erbbands": {"dmean2": [0.262283027172, 2.27084469795, 4.20994901657, 8.22386074066, 9.93865585327, 9.88911056519, 10.6829652786, 16.0375976563, 19.1394252777, 35.4084510803, 19.3394794464, 31.0389308929, 35.5496292114, 21.5492153168, 18.3606967926, 17.2742137909, 22.2762508392, 26.7041721344, 31.5624694824, 28.6303272247, 24.3530426025, 23.3621940613, 38.483833313, 30.8373565674, 23.2309532166, 16.158164978, 21.6086883545, 25.1900291443, 17.0153274536, 12.2992200851, 8.54662799835, 5.31008005142, 3.95878767967, 2.60822224617, 1.25245165825, 0.373994797468, 0.0862916707993, 0.0112659214064, 0.00101885083131, 7.92540740804e-05], "median": [0.037071146071, 0.536041617393, 1.46945405006, 4.73699522018, 5.51484632492, 5.22776937485, 5.79026269913, 8.05686473846, 10.3662223816, 13.3550777435, 11.3522958755, 17.2095775604, 19.1161193848, 14.5211229324, 12.0750179291, 10.9347219467, 10.344420433, 11.5906534195, 12.9752874374, 11.1335830688, 17.2873592377, 25.0011444092, 28.422914505, 30.2803382874, 27.009803772, 23.1598758698, 30.5807590485, 32.4902267456, 16.3541088104, 11.0982475281, 7.93833112717, 5.36599063873, 4.37468624115, 2.34258103371, 0.58341306448, 0.136108204722, 0.0260575879365, 0.00372417480685, 0.000317106430884, 6.14541422692e-05], "min": [3.44655818481e-05, 4.51723608421e-05, 0.000158936338266, 0.000119800497487, 6.79562290316e-05, 0.000134900488774, 0.00023440233781, 0.000328917638399, 0.000768739380874, 0.00224251649342, 0.00825218949467, 0.0196778476238, 0.0320076160133, 0.0171007625759, 0.0170680880547, 0.0269524939358, 0.0204510167241, 0.0216389335692, 0.0330518037081, 0.0238350834697, 0.0266696829349, 0.0204499270767, 0.0187303945422, 0.010917192325, 0.00762156397104, 0.012237790972, 0.0155382025987, 0.0209814589471, 0.0116898659617, 0.00823834631592, 0.00692936824635, 0.00475954543799, 0.00589773058891, 0.00238186493516, 0.00119845906738, 0.000334239797667, 0.000136806527735, 3.55493648385e-05, 5.90097670283e-06, 6.26043345164e-07], "dvar2": [0.245647624135, 17.8826961517, 72.6534957886, 150.919052124, 276.659118652, 285.216278076, 349.948699951, 806.454650879, 1099.03088379, 6029.30615234, 1661.79589844, 3530.57446289, 4872.96142578, 1825.18505859, 1185.31726074, 1866.0814209, 4500.50878906, 5357.43994141, 4955.02490234, 5434.50341797, 2056.28100586, 1256.61987305, 4820.43554688, 2072.64868164, 1048.29333496, 398.908172607, 761.184509277, 1229.77380371, 836.454162598, 416.407440186, 256.910705566, 116.955055237, 82.7622528076, 49.4095191956, 23.5235958099, 2.26104617119, 0.0819522887468, 0.00104748131707, 1.2401668755e-05, 7.54067954745e-08], "dvar": [0.124771207571, 7.70724964142, 26.2935848236, 54.3086585999, 98.073387146, 105.244216919, 131.962509155, 300.978790283, 431.040130615, 2216.65649414, 664.739807129, 1404.76184082, 1920.79907227, 807.147277832, 500.180084229, 764.749145508, 1913.16027832, 2110.89624023, 2091.83447266, 2422.77441406, 839.933349609, 524.530822754, 1783.59851074, 757.768005371, 381.91607666, 153.275314331, 298.023284912, 482.595397949, 349.332305908, 187.235687256, 111.827041626, 51.3031311035, 36.5582695007, 22.6996154785, 10.2053670883, 0.963369250298, 0.0364612974226, 0.000466301338747, 5.01141903442e-06, 2.95595530275e-08], "dmean": [0.17528025806, 1.4063346386, 2.42369794846, 4.798828125, 5.72225046158, 5.84851408005, 6.31794214249, 9.59145641327, 11.5954942703, 21.4452114105, 11.8596067429, 18.9985466003, 21.7377052307, 13.7419195175, 11.4594135284, 10.6242408752, 13.9370002747, 16.3813076019, 19.7064170837, 18.4436531067, 15.0734634399, 14.4220590591, 22.681886673, 18.1559028625, 13.8013210297, 9.82349205017, 13.1074142456, 15.3467750549, 10.7160654068, 8.02393722534, 5.61199378967, 3.47101759911, 2.62410759926, 1.72482335567, 0.810684919357, 0.239290982485, 0.0553081445396, 0.0071970494464, 0.000644351472147, 5.04693416588e-05], "max": [2.66047263145, 23.1190643311, 53.7215690613, 113.001991272, 146.508224487, 176.595550537, 398.905029297, 266.364318848, 413.493896484, 992.701049805, 722.726196289, 873.365966797, 1212.38134766, 1266.66833496, 720.372619629, 1251.10510254, 1594.29528809, 1875.0994873, 1542.51184082, 1340.27197266, 1184.60668945, 721.320800781, 723.336303711, 410.785369873, 328.7578125, 286.213867188, 299.430603027, 495.833312988, 348.951202393, 284.354309082, 365.314849854, 229.170028687, 237.351882935, 235.642974854, 104.158988953, 46.532081604, 7.6954164505, 0.673257946968, 0.06052736938, 0.00468945829198], "var": [0.165182843804, 8.68269634247, 21.2443237305, 77.5115356445, 101.790672302, 133.022384644, 164.953735352, 429.800140381, 791.893493652, 4578.65820313, 1231.12097168, 4227.72998047, 5247.17089844, 2045.6418457, 1137.21813965, 1151.60571289, 3546.45825195, 3005.00170898, 4602.0625, 6114.33642578, 2981.47338867, 1786.44885254, 1981.08239746, 1093.59326172, 655.484680176, 402.473449707, 724.443359375, 1160.18591309, 700.264526367, 489.218444824, 285.513793945, 120.401046753, 79.2798156738, 44.9341087341, 16.0746650696, 1.4546931982, 0.0601330697536, 0.000834705773741, 6.37143330096e-06, 3.15842498821e-08], "mean": [0.196802705526, 1.63939332962, 2.88972830772, 7.62440633774, 8.52878284454, 8.72201728821, 9.58799743652, 14.732963562, 19.4285945892, 35.5470466614, 20.3581542969, 35.9791870117, 38.6669044495, 26.3490104675, 21.5470790863, 18.8755531311, 24.5022220612, 26.9596576691, 33.4479064941, 32.8081092834, 32.5494117737, 34.5100440979, 38.8779182434, 36.2126617432, 31.0667152405, 26.0656051636, 34.2442016602, 38.8839683533, 23.8205661774, 17.9934864044, 12.919927597, 8.24300670624, 6.51224803925, 3.97285270691, 1.45909678936, 0.39209651947, 0.0878352224827, 0.0116766607389, 0.000964622362517, 9.76951851044e-05]}, "spectral_strongpeak": {"dmean2": 0.896544039249, "median": 0.447931885719, "min": 0.00769855175167, "dvar2": 2.34391260147, "dvar": 0.93840944767, "dmean": 0.522546470165, "max": 16.6733093262, "var": 1.4633307457, "mean": 0.865766584873}, "spectral_energy": {"dmean2": 0.0159682501107, "median": 0.0275388341397, "min": 5.17755033798e-05, "dvar2": 0.000350826157955, "dvar": 0.000167457808857, "dmean": 0.0104042803869, "max": 0.12276135385, "var": 0.00039167876821, "mean": 0.0312462002039}, "average_loudness": 0.937098920345, "spectral_rolloff": {"dmean2": 1311.82897949, "median": 2562.45117188, "min": 86.1328125, "dvar2": 1975743.125, "dvar": 996378.125, "dmean": 828.410461426, "max": 12166.2597656, "var": 3531379.25, "mean": 2672.75488281}, "spectral_centroid": {"dmean2": 422.310638428, "median": 2097.6262207, "min": 219.506607056, "dvar2": 155789.8125, "dvar": 64838.7578125, "dmean": 263.99307251, "max": 5029.09228516, "var": 496118.21875, "mean": 2006.32714844}, "pitch_salience": {"dmean2": 0.115654587746, "median": 0.603898525238, "min": 0.184453710914, "d