{"tonal": {"thpcp": [1, 0.511364400387, 0.109762966633, 0.060293212533, 0.071045383811, 0.110648870468, 0.119172908366, 0.128575131297, 0.175256222486, 0.137778431177, 0.0670499503613, 0.0770546421409, 0.0694820657372, 0.0953101664782, 0.236878439784, 0.251809000969, 0.11801277101, 0.0489970520139, 0.0355954617262, 0.0516785271466, 0.156148672104, 0.234921067953, 0.147136986256, 0.066434815526, 0.0700818672776, 0.0861219391227, 0.111492745578, 0.109445638955, 0.136080592871, 0.236988008022, 0.219624355435, 0.102540709078, 0.0633917823434, 0.0744090974331, 0.154249191284, 0.676090359688], "hpcp": {"dmean2": [0.0442400351167, 0.0562140308321, 0.105131305754, 0.127569064498, 0.109767787158, 0.0829438716173, 0.085624024272, 0.0944790616632, 0.113136313856, 0.110792599618, 0.123548880219, 0.149716556072, 0.137316420674, 0.0900611206889, 0.0697093456984, 0.0916971564293, 0.181274041533, 0.273301005363, 0.240562796593, 0.222691461444, 0.131126537919, 0.0801190361381, 0.08760715276, 0.124398343265, 0.138450667262, 0.130803838372, 0.135539084673, 0.110528767109, 0.0704017356038, 0.0738615244627, 0.0709141418338, 0.0894413590431, 0.134552180767, 0.125342488289, 0.0925972834229, 0.0623640567064], "median": [0.00192091311328, 0.00351386843249, 0.0213121250272, 0.0293514821678, 0.0156060699373, 0.00243696267717, 0.00259159714915, 0.00374306133017, 0.00474037928507, 0.00559980003163, 0.0166924670339, 0.0246685612947, 0.0160655677319, 0.00386220985092, 0.00437270430848, 0.005341488868, 0.0113974921405, 0.403358697891, 0.627303659916, 0.247193902731, 0.00380940479226, 0.00170398352202, 0.00160735752434, 0.00465087359771, 0.00762567855418, 0.00638347212225, 0.00232254364528, 0.00206935172901, 0.00364662753418, 0.00539636006579, 0.00522713316604, 0.00560074672103, 0.0108346259221, 0.0096796490252, 0.00535607151687, 0.00264558638446], "min": [0, 0, 0, 0, 0, 0, 0, 0, 0, 0, 0, 0, 0, 0, 0, 0, 0, 0, 0, 0, 0, 0, 0, 0, 0, 0, 0, 0, 0, 0, 0, 0, 0, 0, 0, 0], "dvar2": [0.0265862401575, 0.0324291437864, 0.0548619925976, 0.0620697028935, 0.0640095993876, 0.0559979267418, 0.061565451324, 0.0645472332835, 0.0738739669323, 0.0657732635736, 0.0677445754409, 0.0777157694101, 0.0772342085838, 0.0489529706538, 0.0415776371956, 0.0531891137362, 0.108148247004, 0.109482012689, 0.13425950706, 0.0879311859608, 0.081970654428, 0.0506578721106, 0.0635136663914, 0.101451873779, 0.108712822199, 0.0937021002173, 0.104965217412, 0.0765630528331, 0.0399608239532, 0.0457252375782, 0.0443480089307, 0.0517262369394, 0.0865836143494, 0.0721133425832, 0.0547991245985, 0.0437757223845], "dvar": [0.00963625498116, 0.0118574323133, 0.0207696463913, 0.027121482417, 0.0244217123836, 0.0205533262342, 0.0233246721327, 0.024092791602, 0.0279207229614, 0.0250592082739, 0.0249811876565, 0.0325050055981, 0.0347628183663, 0.0185373891145, 0.0150203080848, 0.0191764030606, 0.0423051230609, 0.0455424636602, 0.0560129992664, 0.0335376113653, 0.0317959152162, 0.0190676916391, 0.0243011992425, 0.0371689125896, 0.0374961905181, 0.0333655141294, 0.0416117236018, 0.0301138050854, 0.014406084083, 0.017426064238, 0.0162651911378, 0.019669348374, 0.0338331200182, 0.029712125659, 0.0217854678631, 0.0159171707928], "dmean": [0.024552365765, 0.0318755023181, 0.0646016001701, 0.0802178010345, 0.065152592957, 0.0466182343662, 0.0476804561913, 0.0541176833212, 0.0648942887783, 0.0638294070959, 0.0717139467597, 0.0912028625607, 0.0829200074077, 0.0523220300674, 0.0393774993718, 0.0510314442217, 0.103828772902, 0.16462559998, 0.138543009758, 0.133866116405, 0.0734279602766, 0.0439938306808, 0.0495099797845, 0.0699036717415, 0.0772884637117, 0.0737108141184, 0.0764728486538, 0.0640537589788, 0.0400983504951, 0.0432529635727, 0.0410760045052, 0.0524375215173, 0.0786925703287, 0.0750847160816, 0.0556258410215, 0.0347442217171], "max": [1, 1, 1, 1, 1, 1, 1, 1, 1, 1, 1, 1, 1, 1, 1, 1, 1, 1, 1, 1, 1, 1, 1, 1, 1, 1, 1, 1, 1, 1, 1, 1, 1, 1, 1, 1], "var": [0.00719249201939, 0.00974689982831, 0.0272964425385, 0.0554131381214, 0.0305741596967, 0.0163524169475, 0.0197200514376, 0.0218924060464, 0.0274897031486, 0.0242958869785, 0.0256073437631, 0.0548237971961, 0.0634409189224, 0.0201036464423, 0.0115938615054, 0.0138708772138, 0.036691699177, 0.0990099906921, 0.192775428295, 0.0681354254484, 0.0280653741211, 0.0142205953598, 0.0202771257609, 0.0339523293078, 0.0317566879094, 0.0338102206588, 0.0614896938205, 0.0439467281103, 0.0116339810193, 0.0161667037755, 0.0130914319307, 0.0212853588164, 0.0711889788508, 0.079882837832, 0.0268808919936, 0.011877101846], "mean": [0.0196492541581, 0.0285273604095, 0.0861965194345, 0.129680126905, 0.0812219306827, 0.0366730615497, 0.0386862941086, 0.0475406646729, 0.0615457482636, 0.0604157149792, 0.0751186236739, 0.130821108818, 0.121236100793, 0.0566040836275, 0.0349932610989, 0.0410749912262, 0.0851479768753, 0.373212516308, 0.552015721798, 0.282281190157, 0.0605908818543, 0.0332828015089, 0.0392181687057, 0.0610799156129, 0.0657853186131, 0.070975497365, 0.0967441871762, 0.0760558620095, 0.0370126254857, 0.0425353720784, 0.0383551940322, 0.0526127107441, 0.130760625005, 0.139002531767, 0.0651449039578, 0.0270471423864]}, "tuning_equal_tempered_deviation": 0.0768418684602, "chords_changes_rate": 0.0629286020994, "key_key": "G#", "tuning_diatonic_strength": 0.579697668552, "key_scale": "major", "chords_number_rate": 0.00147909100633, "tuning_frequency": 441.782684326, "tuning_nontempered_energy_ratio": 0.673724889755, "chords_histogram": [21.0568771362, 7.16686820984, 35.9553565979, 2.25897550583, 0.282371938229, 0.793330669403, 5.5398683548, 0.36304962635, 0.443727314472, 0.201694235206, 1.39841330051, 0, 0, 0, 0.309264481068, 1.61355388165, 0, 5.68777751923, 0, 10.0578193665, 2.72959518433, 0.645421564579, 2.52790093422, 0.968132317066], "key_strength": 0.692109286785, "chords_key": "D#", "chords_strength": {"dmean2": 0.00777288433164, "median": 0.488149791956, "min": -1, "dvar2": 0.000583199318498, "dvar": 0.000312935764669, "dmean": 0.00807070266455, "max": 0.781685888767, "var": 0.0132933538407, "mean": 0.490312933922}, "chords_scale": "major", "hpcp_entropy": {"dmean2": 0.834685325623, "median": 1.31486558914, "min": 0, "dvar2": 0.659423530102, "dvar": 0.269484728575, "dmean": 0.501273334026, "max": 4.07700681686, "var": 0.603615105152, "mean": 1.3484402895}}, "metadata": {"audio_properties": {"equal_loudness": 0, "codec": "mp3", "downmix": "mix", "sample_rate": 44100, "analysis_sample_rate": 44100, "bit_rate": 192000, "md5_encoded": "ba8da56f518b2f5873f0730438742dca", "length": 345.312652588, "replay_gain": -6.9856262207, "lossless": false}, "version": {"essentia_build_sha": "c0e182ba78c2de26e491b7b7a4a2c98c1ed34208", "essentia": "2.1-beta2", "extractor": "music 1.0", "essentia_git_sha": "v2.1_beta2-2-gbb40004"}, "tags": {"title": ["Murad"], "media": ["CD"], "albumartist": ["Cengiz \u00d6zkan"], "musicbrainz_recordingid": ["1c96e642-e7c1-447d-9126-3f9a7e5bd180"], "musicbrainz_albumartistid": ["76c3b51b-0758-48f9-a410-4de61ad8c14c"], "discnumber": ["1/1"], "album": ["\"A\u015f\u0131k Veysel T\u00fcrk\u00fcleri\" Saklar\u0131m G\u00f6z\u00fcmde G\u00fczelli\u011fini"], "musicbrainz album type": ["album"], "musicbrainz album status": ["official"], "file_name": "02 Murad.mp3", "date": ["2003"], "genre": ["Turkey"], "musicbrainz_releasegroupid": ["b3b7bd72-7733-370c-89e1-2e6056b53523"], "script": ["Latn"], "musicbrainz_albumid": ["05028c7b-a228-479a-ad05-694bb2d9652b"], "tracknumber": ["2/12"], "encodedby": ["iTunes 10.1.2"], "artistsort": ["\u00d6zkan, Cengiz"], "artist": ["Cengiz \u00d6zkan"], "musicbrainz album release country": ["TR"], "albumartistsort": ["\u00d6zkan, Cengiz"], "musicbrainz_artistid": ["76c3b51b-0758-48f9-a410-4de61ad8c14c"]}}, "rhythm": {"bpm_histogram_first_peak_bpm": {"dmean2": 0, "median": 101, "min": 101, "dvar2": 0, "dvar": 0, "dmean": 0, "max": 101, "var": 0, "mean": 101}, "bpm": 101.004951477, "bpm_histogram_second_peak_spread": {"dmean2": 0, "median": 0.307692289352, "min": 0.307692289352, "dvar2": 0, "dvar": 0, "dmean": 0, "max": 0.307692289352, "var": 0, "mean": 0.307692289352}, "bpm_histogram_first_peak_weight": {"dmean2": 0, "median": 0.209183678031, "min": 0.209183678031, "dvar2": 0, "dvar": 0, "dmean": 0, "max": 0.209183678031, "var": 0, "mean": 0.209183678031}, "onset_rate": 3.00584506989, "beats_position": [0.626938760281, 1.27709746361, 1.90403628349, 2.51936507225, 3.12308382988, 3.73841261864, 4.34213161469, 4.94585037231, 5.54956912994, 6.15328788757, 6.7570066452, 7.36072540283, 7.95283412933, 8.54494285583, 9.13705158234, 9.72916126251, 10.3096599579, 10.8901586533, 11.4706573486, 12.0395460129, 12.6084346771, 13.1657142639, 13.7462129593, 14.3267116547, 14.8956003189, 15.4877090454, 16.0798187256, 16.6719264984, 17.2756462097, 17.8561439514, 18.4366436005, 19.0171432495, 19.6092510223, 20.2013607025, 20.7818584442, 21.3739681244, 21.9660758972, 22.5349655151, 23.1038551331, 23.6611328125, 24.2300224304, 24.7989120483, 25.3677997589, 25.9366893768, 26.5055770874, 27.0860767365, 27.6665763855, 28.2470741272, 28.8391838074, 29.4312915802, 30.0001811981, 30.5806789398, 31.1611785889, 31.7416782379, 32.2989578247, 32.7749671936, 33.2509727478, 33.750202179, 34.2378234863, 34.7370529175, 35.2246704102, 35.7238998413, 36.2347373962, 36.7571868896, 37.244808197, 37.7324256897, 38.2200431824, 38.8121528625, 39.4042625427, 39.9963722229, 40.6000900269, 41.2038078308, 41.795917511, 42.3880271912, 42.9801368713, 43.5722427368, 44.164352417, 44.7216300964, 45.2789115906, 45.83618927, 46.3934669495, 46.9507484436, 47.508026123, 48.1233558655, 48.7386856079, 49.3540115356, 49.9693412781, 50.5846710205, 51.1883888245, 51.8037185669, 52.4190483093, 53.0343742371, 53.661315918, 54.2882537842, 54.9268035889, 55.4724693298, 56.0181388855, 56.5405883789, 57.0746459961, 57.5854873657, 58.0963249207, 58.6071662903, 59.1180038452, 59.7101135254, 60.3254394531, 60.9407691956, 61.556098938, 62.1598167419, 62.7635345459, 63.3672561646, 63.9709739685, 64.5746917725, 65.1784133911, 65.7705230713, 66.3626327515, 66.9779586792, 67.5932846069, 68.2086181641, 68.8355560303, 69.4624938965, 70.0894317627, 70.7279815674, 71.3549194336, 71.9818572998, 72.608795166, 73.2357330322, 73.8626708984, 74.4780044556, 75.0933303833, 75.7202682495, 76.3239898682, 76.9160995483, 77.5082092285, 78.1003189087, 78.6924285889, 79.1684341431, 79.6676635742, 80.1668930054, 80.6661224365, 81.1537399292, 81.6529693604, 82.2799072266, 82.8952331543, 83.5221786499, 84.1375045776, 84.7644424438, 85.3913803101, 86.0067138672, 86.6336517334, 87.2489776611, 87.9687957764, 88.6886138916, 89.3968200684, 90.1050338745, 90.7087478638, 91.3008575439, 91.9045791626, 92.4850769043, 93.0887985229, 93.7041244507, 94.3194503784, 94.9231719971, 95.5268936157, 96.1190032959, 96.7227172852, 97.3380508423, 97.9301605225, 98.5454864502, 99.1724243164, 99.8341903687, 100.49596405, 101.08807373, 101.680175781, 102.249069214, 102.829566956, 103.398452759, 103.97895813, 104.582672119, 105.163169861, 105.743675232, 106.324172974, 106.904670715, 107.508384705, 108.123718262, 108.727432251, 109.319541931, 109.911651611, 110.503761292, 111.084259033, 111.687980652, 112.291702271, 112.89541626, 113.406257629, 113.905487061, 114.416320801, 114.996826172, 115.577323914, 116.157821655, 116.738319397, 117.330429077, 117.910926819, 118.491424561, 119.083534241, 119.687255859, 120.27936554, 120.883079529, 121.486801147, 122.055686951, 122.589744568, 123.135414124, 123.704307556, 124.273193359, 124.842086792, 125.410972595, 125.979858398, 126.595191956, 127.23374176, 127.872291565, 128.487609863, 129.091339111, 129.683441162, 130.28717041, 130.879272461, 131.471374512, 132.07510376, 132.667205811, 133.282531738, 133.897872925, 134.524810791, 135.151748657, 135.767074585, 136.394012451, 136.99772644, 137.601455688, 138.193557739, 138.727615356, 139.261672974, 139.784118652, 140.30657959, 140.852249146, 141.490783691, 142.106124878, 142.744674683, 143.371612549, 143.998550415, 144.613876343, 145.217590332, 145.844528198, 146.483078003, 147.144851685, 147.806625366, 148.468383789, 149.095321655, 149.710647583, 150.279541016, 150.825210571, 151.382492065, 151.974594116, 152.566711426, 153.182037354, 153.785751343, 154.377868652, 154.958358765, 155.538864136, 156.130966187, 156.723083496, 157.315185547, 157.895690918, 158.47618103, 159.056686401, 159.648788452, 160.2525177, 160.844619751, 161.448348999, 162.04045105, 162.632553101, 163.22467041, 163.816772461, 164.408889771, 165.01260376, 165.604721069, 166.19682312, 166.788925171, 167.369430542, 167.949935913, 168.542037964, 169.134140015, 169.737869263, 170.341583252, 170.933700562, 171.525802612, 172.117904663, 172.698410034, 173.267303467, 173.847793579, 174.42829895, 175.008789062, 175.589294434, 176.181396484, 176.773513794, 177.365615845, 177.969345093, 178.573059082, 179.165161133, 179.768890381, 180.37260437, 180.953109741, 181.533599854, 182.114105225, 182.694595337, 183.251876831, 183.809158325, 184.378051758, 184.946929932, 185.504211426, 186.084716797, 186.665206909, 187.24571228, 187.837814331, 188.429931641, 189.010421753, 189.602539062, 190.194641113, 190.798370361, 191.413696289, 192.017410278, 192.632736206, 193.1900177, 193.712463379, 194.234924316, 194.745758057, 195.268203735, 195.790649414, 196.278274536, 196.777496338, 197.288345337, 197.787567139, 198.286804199, 198.786026001, 199.378143311, 199.970245361, 200.562347412, 201.177688599, 201.793014526, 202.408340454, 203.012054443, 203.615783691, 204.219497681, 204.82321167, 205.450149536, 206.077087402, 206.692428589, 207.330978394, 207.969512939, 208.550018311, 209.142120361, 209.745849609, 210.372787476, 210.988113403, 211.61505127, 212.230377197, 212.845703125, 213.461044312, 214.053146362, 214.633651733, 215.225753784, 215.77142334, 216.328704834, 216.885986328, 217.443267822, 217.988937378, 218.615875244, 219.24281311, 219.858139038, 220.450241089, 221.03074646, 221.611236572, 222.203353882, 222.807067871, 223.399185181, 223.991287231, 224.595001221, 225.198730469, 225.814056396, 226.30166626, 226.789291382, 227.276916504, 227.752914429, 228.228927612, 228.693328857, 229.157730103, 229.633743286, 230.109741211, 230.713470459, 231.317184448, 231.920898438, 232.524627686, 233.128341675, 233.732055664, 234.335784912, 234.939498901, 235.543212891, 236.14692688, 236.750656128, 237.365982056, 237.981307983, 238.60824585, 239.28163147, 239.943389893, 240.605163574, 241.243713379, 241.882263184, 242.485977173, 243.101318359, 243.716644287, 244.343582153, 244.947296143, 245.551010132, 246.15473938, 246.781677246, 247.408615112, 248.02394104, 248.639266968, 249.254592896, 249.846710205, 250.450424194, 251.054138184, 251.762359619, 252.493789673, 253.213607788, 253.945022583, 254.548751831, 255.140853882, 255.721359253, 256.313476562, 256.905578613, 257.486083984, 258.078186035, 258.670288086, 259.250793457, 259.819671631, 260.388580322, 260.945831299, 261.503112793, 262.060394287, 262.617675781, 263.198181152, 263.790283203, 264.382385254, 264.951293945, 265.531799316, 266.10067749, 266.692779541, 267.273284912, 267.842163086, 268.422668457, 269.003173828, 269.560455322, 270.117736816, 270.675018311, 271.243896484, 271.801177979, 272.370056152, 272.938964844, 273.519439697, 274.111572266, 274.692047119, 275.284179688, 275.876281738, 276.468383789, 277.06048584, 277.640991211, 278.221496582, 278.778778076, 279.33605957, 279.812072754, 280.299682617, 280.78729248, 281.286529541, 281.785766602, 282.401092529, 283.016418457, 283.631744385, 284.258666992, 284.885620117, 285.489349365, 286.093048096, 286.696777344, 287.288879395, 287.880981445, 288.461486816, 289.053588867, 289.645721436, 290.237823486, 290.829925537, 291.422027588, 292.014129639, 292.59463501, 293.233184814, 293.871734619, 294.498687744, 295.137237549, 295.752563477, 296.356262207, 296.959991455, 297.540496826, 298.132598877, 298.724700928, 299.316833496, 299.908935547, 300.489440918, 301.069915771, 301.638824463, 302.26574707, 302.892700195, 303.519622803, 304.158172607, 304.761901855, 305.377227783, 305.980957031, 306.584655762, 307.18838501, 307.780487061, 308.360992432, 308.953094482, 309.545196533, 310.137329102, 310.752655029, 311.391204834, 312.029754639, 312.587036133, 313.167510986, 313.713195801, 314.258850098, 314.792907715, 315.350189209, 315.9190979, 316.534423828, 317.138122559, 317.741851807, 318.345581055, 318.937683105, 319.541412354, 320.133514404, 320.725616455, 321.317718506, 321.909820557, 322.513549805, 323.117279053, 323.709381104, 324.336334229, 324.963256836, 325.601806641, 326.228759766, 326.86730957, 327.482635498, 328.109558105, 328.701660156, 329.282165527, 329.851074219, 330.44317627, 331.023681641, 331.615783691, 332.207885742, 332.81161499, 333.392089844, 333.972595215, 334.495056152, 335.02911377, 335.563171387, 336.085632324, 336.584838867, 337.095672607, 337.594909668, 338.094146729, 338.593383789, 339.092590332, 339.60345459, 340.102661133, 340.532226562, 340.96182251, 341.402984619, 341.844177246, 342.285339355, 342.726531982, 343.167694092, 343.608886719, 344.050048828, 344.502838135], "beats_loudness": {"dmean2": 0.0528152175248, "median": 0.0126760862768, "min": 0, "dvar2": 0.0049196742475, "dvar": 0.00186356843915, "dmean": 0.0299794431776, "max": 0.310650706291, "var": 0.00165651715361, "mean": 0.0275574922562}, "danceability": 1.14539444447, "bpm_histogram_second_peak_weight": {"dmean2": 0, "median": 0.0765306130052, "min": 0.0765306130052, "dvar2": 0, "dvar": 0, "dmean": 0, "max": 0.0765306130052, "var": 0, "mean": 0.0765306130052}, "beats_count": 589, "bpm_histogram_second_peak_bpm": {"dmean2": 0, "median": 96, "min": 96, "dvar2": 0, "dvar": 0, "dmean": 0, "max": 96, "var": 0, "mean": 96}, "bpm_histogram_first_peak_spread": {"dmean2": 0, "median": 0.683804631233, "min": 0.683804631233, "dvar2": 0, "dvar": 0, "dmean": 0, "max": 0.683804631233, "var": 0, "mean": 0.683804631233}, "beats_loudness_band_ratio": {"dmean2": [0.234760552645, 0.554905653, 0.289938747883, 0.177391082048, 0.0777135938406, 0.218484416604], "median": [0.00748640531674, 0.581016182899, 0.045653000474, 0.0504222400486, 0.0151041802019, 0.0129834767431], "min": [0, 0, 0, 0, 0, 0], "dvar2": [0.106683120131, 0.167367711663, 0.109874807298, 0.0413752533495, 0.0145113924518, 0.167575508356], "dvar": [0.0365985780954, 0.0571519359946, 0.0401123836637, 0.0148268714547, 0.00519794877619, 0.0558464229107], "dmean": [0.130125626922, 0.320742279291, 0.161629199982, 0.103342056274, 0.0428510606289, 0.115241758525], "max": [0.904262900352, 0.988951683044, 0.876158237457, 0.848786830902, 0.601990878582, 0.986887156963], "var": [0.0450164824724, 0.0934685319662, 0.0442656651139, 0.0182868596166, 0.00460164435208, 0.0336478613317], "mean": [0.127689540386, 0.552498579025, 0.145747885108, 0.106781624258, 0.0381773449481, 0.0774552598596]}}, "lowlevel": {"barkbands_spread": {"dmean2": 5.82068109512, "median": 8.89326953888, "min": 0.178207144141, "dvar2": 116.680252075, "dvar": 51.380821228, "dmean": 3.91222715378, "max": 117.644798279, "var": 124.228599548, "mean": 12.3796653748}, "melbands_spread": {"dmean2": 8.92039489746, "median": 9.18270015717, "min": 0.331521391869, "dvar2": 463.92376709, "dvar": 230.064331055, "dmean": 6.10897350311, "max": 253.120559692, "var": 688.387329102, "mean": 16.9862346649}, "hfc": {"dmean2": 5.46946954727, "median": 3.79685902596, "min": 1.02754896938e-16, "dvar2": 535.056213379, "dvar": 328.024688721, "dmean": 4.69729042053, "max": 1005.61193848, "var": 911.672607422, "mean": 11.5506982803}, "barkbands_kurtosis": {"dmean2": 9.37648487091, "median": 7.67482471466, "min": -1.9062564373, "dvar2": 446.329345703, "dvar": 217.262878418, "dmean": 6.71974611282, "max": 743.103942871, "var": 771.423339844, "mean": 16.413690567}, "gfcc": {"mean": [-117.718490601, 83.2338104248, -137.979522705, 12.689160347, -98.0732955933, -0.983064711094, -57.8668136597, -24.308172226, -39.3764610291, -7.62393951416, -12.3766956329, 3.3288705349, -0.713081479073], "icov": [[0.000300336716464, -0.00011487629672, 0.000512901926413, -0.000269370706519, 0.000869169540238, -0.000210997255635, 0.00102427729871, -5.59000218345e-05, 0.00102428137325, 9.96899034362e-05, 0.000491031561978, -0.000282976368908, 0.000532600446604], [-0.00011487629672, 0.00137271534186, -0.000288365001325, 0.000992658780888, -0.00122155388817, 0.00071058771573, -0.000977548770607, 0.0012072409736, -0.000885194691364, 0.00144551182166, -0.000729228486307, 0.00130886794068, 0.000292468350381], [0.000512901926413, -0.000288365001325, 0.00236492254771, -0.000521038717125, 0.000492210732773, -0.000173816573806, 0.00211408128962, -0.000333922362188, 0.00243697315454, 0.000107455103716, 0.00144055194687, -0.000311233685352, 0.00219408352859], [-0.000269370706519, 0.000992658780888, -0.000521038717125, 0.00422415044159, -0.00216103694402, -0.00113416055683, -0.000202656228794, 0.00199977471493, -0.00206734612584, 0.00207724398933, -0.00098164472729, 0.00133787584491, -0.00080900703324], [0.000869169540238, -0.00122155388817, 0.000492210732773, -0.00216103694402, 0.00785105675459, -0.00196788134053, 0.00331889232621, -0.00124027440324, 0.001902838354, 0.000404055317631, 0.000530477263965, -0.000936666852795, 0.000612897914834], [-0.000210997255635, 0.00071058771573, -0.000173816573806, -0.00113416055683, -0.00196788134053, 0.0082276808098, -0.00287790945731, -0.00077585427789, 0.000953765935265, -0.00125673343427, 0.000677582866047, 0.000523601251189, -2.07412740565e-05], [0.00102427729871, -0.000977548770607, 0.00211408128962, -0.000202656228794, 0.00331889232621, -0.00287790945731, 0.00892514362931, -0.00156046298798, 0.00258940830827, 0.00173277442809, 0.000386629602872, -0.00241292174906, 0.0019244661089], [-5.59000218345e-05, 0.0012072409736, -0.000333922362188, 0.00199977471493, -0.00124027440324, -0.00077585427789, -0.00156046298798, 0.00837837625295, -0.00234190514311, -0.000829985947348, 0.00202269665897, 0.00150758284144, 0.00216309772804], [0.00102428137325, -0.000885194691364, 0.00243697315454, -0.00206734612584, 0.001902838354, 0.000953765935265, 0.00258940830827, -0.00234190514311, 0.0128521267325, -0.00190771720372, 0.0022921434138, 0.000304826477077, -6.81924211676e-05], [9.96899034362e-05, 0.00144551182166, 0.000107455103716, 0.00207724398933, 0.000404055317631, -0.00125673343427, 0.00173277442809, -0.000829985947348, -0.00190771720372, 0.0120050851256, -0.00264068040997, -0.000520247791428, 0.00179908482824], [0.000491031561978, -0.000729228486307, 0.00144055194687, -0.00098164472729, 0.000530477263965, 0.000677582866047, 0.000386629602872, 0.00202269665897, 0.0022921434138, -0.00264068040997, 0.0107934856787, -0.00303838984109, -0.000691234134138], [-0.000282976368908, 0.00130886794068, -0.000311233685352, 0.00133787584491, -0.000936666852795, 0.000523601251189, -0.00241292174906, 0.00150758284144, 0.000304826477077, -0.000520247791428, -0.00303838984109, 0.0122877713293, -0.00451100151986], [0.000532600446604, 0.000292468350381, 0.00219408352859, -0.00080900703324, 0.000612897914834, -2.07412740565e-05, 0.0019244661089, 0.00216309772804, -6.81924211676e-05, 0.00179908482824, -0.000691234134138, -0.00451100151986, 0.0115795815364]], "cov": [[13899.8564453, -1145.82995605, -1421.14599609, 41.8144798279, -1161.82128906, -65.7827682495, -795.457763672, -243.377456665, -576.714355469, 34.5289878845, -219.694213867, 124.296440125, -72.5952377319], [-1145.82995605, 1644.15612793, 259.34463501, -126.365486145, 221.146286011, -136.083389282, 99.2017440796, -136.369094849, 35.5720062256, -196.438339233, 33.800983429, -151.006149292, -75.8344650269], [-1421.14599609, 259.34463501, 1282.30957031, -7.94484567642, 226.399688721, 26.8687534332, -122.347373962, 165.812210083, -57.8189888, -23.2864608765, -202.309844971, -214.90234375, -299.803833008], [41.8144798279, -126.365486145, -7.94484567642, 444.216308594, 112.006340027, 56.2010993958, -57.6343650818, -103.014724731, 19.1462650299, -59.1657676697, 30.138967514, 3.17729210854, 69.1452026367], [-1161.82128906, 221.146286011, 226.399688721, 112.006340027, 310.458312988, 37.6684875488, -6.15908193588, 9.04473400116, 32.6499328613, -38.0930023193, -1.47731900215, -45.7055625916, -16.0340270996], [-65.7827682495, -136.083389282, 26.8687534332, 56.2010993958, 37.6684875488, 173.915603638, 41.2300987244, 46.1720352173, -11.7893419266, 16.4799442291, -23.971572876, -6.24121809006, -18.3535404205], [-795.457763672, 99.2017440796, -122.347373962, -57.6343650818, -6.15908193588, 41.2300987244, 260.646179199, 21.0202999115, 22.6150112152, -15.2070541382, 42.8805809021, 39.9875411987, 27.0254383087], [-243.377456665, -136.369094849, 165.812210083, -103.014724731, 9.04473400116, 46.1720352173, 21.0202999115, 259.310455322, 27.2998371124, 50.322719574, -103.733581543, -72.2559890747, -118.304420471], [-576.714355469, 35.5720062256, -57.8189888, 19.1462650299, 32.6499328613, -11.7893419266, 22.6150112152, 27.2998371124, 138.369995117, 12.995639801, 3.61985397339, -10.3383226395, 22.2974967957], [34.5289878845, -196.438339233, -23.2864608765, -59.1657676697, -38.0930023193, 16.4799442291, -15.2070541382, 50.322719574, 12.995639801, 132.607513428, 8.29786014557, 16.7610282898, -14.6767807007], [-219.694213867, 33.800983429, -202.309844971, 30.138967514, -1.47731900215, -23.971572876, 42.8805809021, -103.733581543, 3.61985397339, 8.29786014557, 187.958297729, 91.1737289429, 107.446807861], [124.296440125, -151.006149292, -214.90234375, 3.17729210854, -45.7055625916, -6.24121809006, 39.9875411987, -72.2559890747, -10.3383226395, 16.7610282898, 91.1737289429, 175.382553101, 119.398757935], [-72.5952377319, -75.8344650269, -299.803833008, 69.1452026367, -16.0340270996, -18.3535404205, 27.0254383087, -118.304420471, 22.2974967957, -14.6767807007, 107.446807861, 119.398757935, 227.013580322]]}, "spectral_energyband_middle_low": {"dmean2": 0.00585601199418, "median": 0.00560132181272, "min": 1.50184260526e-22, "dvar2": 0.000217325432459, "dvar": 0.000133298293804, "dmean": 0.00480926875025, "max": 0.445534020662, "var": 0.000473519903608, "mean": 0.0124564757571}, "melbands_crest": {"dmean2": 4.00778484344, "median": 18.9946308136, "min": 1.5487370491, "dvar2": 19.1823368073, "dvar": 8.28521442413, "dmean": 2.70604538918, "max": 34.1921920776, "var": 35.5412483215, "mean": 18.7027702332}, "spectral_kurtosis": {"dmean2": 3.33353590965, "median": 3.9508690834, "min": -1.27693140507, "dvar2": 12.1109647751, "dvar": 4.20493078232, "dmean": 1.94763493538, "max": 36.163734436, "var": 14.6486005783, "mean": 4.80396366119}, "spectral_rms": {"dmean2": 0.000665928120725, "median": 0.00264371768571, "min": 3.11094509528e-12, "dvar2": 1.07337280042e-06, "dvar": 6.96187385074e-07, "dmean": 0.000574889767449, "max": 0.0260920133442, "var": 5.08283756062e-06, "mean": 0.00312540424056}, "zerocrossingrate": {"dmean2": 0.0109413610771, "median": 0.03466796875, "min": 0.00732421875, "dvar2": 0.000305787834805, "dvar": 0.000331519026076, "dmean": 0.0101269772276, "max": 0.5322265625, "var": 0.00362199242227, "mean": 0.0514621771872}, "silence_rate_60dB": {"dmean2": 0.141214445233, "median": 0, "min": 0, "dvar2": 0.135918021202, "dvar": 0.0656239613891, "dmean": 0.0706024765968, "max": 1, "var": 0.196974202991, "mean": 0.269683331251}, "erbbands_kurtosis": {"dmean2": 2.69336557388, "median": 1.02812337875, "min": -1.79475224018, "dvar2": 31.0589485168, "dvar": 13.0985202789, "dmean": 1.86667644978, "max": 129.477859497, "var": 35.0422096252, "mean": 3.20096206665}, "erbbands": {"dmean2": [0.000480071117636, 0.00130797713064, 0.021597571671, 0.493745654821, 2.09943699837, 6.15769386292, 31.2403526306, 14.3188314438, 5.95029973984, 13.3162899017, 16.7161502838, 12.95154953, 13.5455207825, 6.60170602798, 15.8168134689, 14.5744972229, 12.8104877472, 8.72375774384, 4.46257925034, 2.3962430954, 2.74823975563, 2.67511224747, 2.99094223976, 1.78372907639, 2.77459454536, 3.00341057777, 2.83742284775, 3.54766511917, 4.8758430481, 4.37806129456, 3.4395210743, 2.04843378067, 1.48334109783, 0.790700495243, 0.298138320446, 0.0702970325947, 0.00881455931813, 0.000601619598456, 2.10256712307e-05, 9.10284597921e-06], "median": [0.00011131229985, 0.000370552646928, 0.00263805245049, 0.0515232235193, 0.58518320322, 2.32880020142, 8.81067085266, 7.15091943741, 1.73707950115, 1.09766077995, 1.28691530228, 1.01730811596, 1.22511732578, 2.82002949715, 2.7568628788, 4.02897453308, 2.83327293396, 1.57575500011, 1.41641199589, 0.637794613838, 0.836652696133, 0.683601617813, 0.647284805775, 0.400929480791, 0.480061501265, 0.500862419605, 0.489698290825, 0.572233200073, 0.546326637268, 0.378649532795, 0.195013746619, 0.123632624745, 0.0559855774045, 0.0335669480264, 0.0137567091733, 0.00420084549114, 0.000502472452354, 1.88429421542e-05, 5.65175969314e-06, 9.00292070583e-06], "min": [1.1554667822e-22, 4.74500415092e-22, 1.72533659323e-21, 3.43390056473e-21, 1.84061031043e-20, 2.64071756003e-20, 3.97517993104e-20, 6.07506192654e-20, 9.88638319435e-20, 1.23791533626e-19, 2.30284342499e-19, 3.18865175593e-19, 6.683765657e-19, 6.68986146113e-19, 1.22038619001e-18, 1.23917983692e-18, 8.72804896612e-19, 1.47872182974e-18, 2.44125131759e-18, 3.38709967441e-18, 4.83793538454e-18, 4.92153315238e-18, 4.83830596146e-18, 6.07791758666e-18, 6.69910706563e-18, 8.09790877253e-18, 9.94100697083e-18, 9.42668426391e-18, 1.20187878894e-17, 1.07748836104e-17, 1.0568449108e-17, 1.13894341378e-17, 9.58544917478e-18, 7.94553135035e-18, 6.33145919775e-18, 4.4046705874e-18, 2.39772259221e-18, 9.98977857372e-19, 2.3836902486e-19, 2.6050990336e-20], "dvar2": [6.02899172009e-06, 3.65436208085e-05, 0.00944442208856, 2.35407829285, 28.9663391113, 253.695083618, 8891.23242188, 1328.8380127, 793.246948242, 10273.7197266, 18474.78125, 33133.4765625, 12948.6708984, 1438.80151367, 128340.6875, 37921.0039062, 10711.6923828, 4865.62207031, 785.760131836, 154.912567139, 102.712242126, 328.366943359, 133.403442383, 61.5662307739, 295.101409912, 288.70401001, 246.449859619, 272.1144104, 761.269470215, 496.711273193, 1457.12060547, 228.336517334, 263.543365479, 85.8357467651, 6.61284017563, 0.224825590849, 0.00271041574888, 1.76099692908e-05, 1.92671176791e-08, 7.64323215829e-10], "dvar": [2.20378228732e-06, 1.45433277794e-05, 0.00586414523423, 1.45638310909, 18.6278266907, 124.929367065, 5447.52685547, 947.31072998, 445.686462402, 4903.42089844, 8614.82128906, 16164.2099609, 9730.64355469, 918.734375, 55800.0390625, 17454.1835938, 5419.72607422, 2189.22827148, 364.974884033, 73.7536087036, 49.864200592, 132.111923218, 68.1859054565, 29.688829422, 130.107574463, 135.95123291, 120.518417358, 145.192504883, 454.855499268, 283.858978271, 673.402160645, 137.589248657, 144.036193848, 48.1748542786, 3.94762921333, 0.132939994335, 0.00150319340173, 9.39162691793e-06, 1.07847615283e-08, 4.74035921627e-10], "dmean": [0.000271752709523, 0.000815619947389, 0.016661202535, 0.377520948648, 1.63381159306, 4.30090475082, 25.8772087097, 12.3442211151, 4.43234443665, 9.57421970367, 12.1124782562, 10.0976896286, 11.4720344543, 4.84331798553, 11.204624176, 10.7809429169, 9.04338169098, 5.91532039642, 3.17344403267, 1.69681882858, 1.97468030453, 1.81616544724, 1.96989154816, 1.21277749538, 1.91312515736, 2.08758306503, 2.03966975212, 2.63702964783, 3.69635605812, 3.30023288727, 2.55849528313, 1.56581926346, 1.12451899052, 0.599774837494, 0.215757280588, 0.0503215193748, 0.00638495432213, 0.000415239017457, 1.54697245307e-05, 7.68292466091e-06], "max": [0.0432584509254, 0.100612446666, 3.89765882492, 51.4150695801, 240.261367798, 519.660583496, 2082.43994141, 1017.58831787, 1584.21984863, 3568.61889648, 4171.86132812, 8605.3515625, 5315.14697266, 2022.77539062, 18932.9726562, 12045.0820312, 3878.41943359, 2862.64331055, 1036.48620605, 478.771789551, 249.982543945, 941.18560791, 551.835388184, 260.173339844, 703.415771484, 864.631652832, 854.526733398, 677.600097656, 2018.86206055, 906.147033691, 2235.06347656, 533.600769043, 648.807128906, 483.44317627, 130.494506836, 24.0039596558, 2.68320178986, 0.232523724437, 0.00742711313069, 0.000859112769831], "var": [1.45973842791e-06, 1.6734804376e-05, 0.0193485468626, 7.91669464111, 113.103027344, 570.451904297, 18744.015625, 4057.80371094, 1141.50415039, 8423.26757812, 15646.4199219, 23497.3183594, 28897.4277344, 2615.24511719, 60883.328125, 28056.8222656, 8868.76464844, 3948.76782227, 595.291137695, 143.125366211, 122.939437866, 171.375701904, 141.410583496, 56.9170722961, 210.208404541, 299.314788818, 230.682357788, 305.493804932, 1001.72845459, 668.067626953, 1039.99328613, 304.037872314, 241.734741211, 88.3711013794, 7.32541179657, 0.233624994755, 0.00250179530121, 1.41206892295e-05, 1.84000619186e-08, 1.51936330184e-09], "mean": [0.00025778482086, 0.00135607016273, 0.0502941161394, 1.31435716152, 5.09507703781, 10.6143779755, 53.8286857605, 27.9716110229, 9.02997398376, 15.629442215, 19.324224472, 15.212594986, 21.8466892242, 10.8178424835, 16.5470981598, 20.0870723724, 15.2226057053, 9.76005268097, 6.08312368393, 3.28264856339, 4.22307920456, 3.05743837357, 3.38952827454, 2.23625183105, 3.53339409828, 4.03074264526, 4.04928827286, 4.88161849976, 6.93962717056, 5.76588153839, 3.85534548759, 2.33389735222, 1.49790513515, 0.811507046223, 0.298644781113, 0.0690779164433, 0.0089057367295, 0.000525051611476, 2.66712722805e-05, 2.01974416996e-05]}, "spectral_strongpeak": {"dmean2": 0.509001135826, "median": 0.661119878292, "min": 0, "dvar2": 1.36712348461, "dvar": 0.633425176144, "dmean": 0.360137671232, "max": 25.5895729065, "var": 1.58514547348, "mean": 1.01080775261}, "spectral_energy": {"dmean2": 0.00662987027317, "median": 0.00716397445649, "min": 9.91992956871e-21, "dvar2": 0.000330357754137, "dvar": 0.000203754330869, "dmean": 0.00558333983645, "max": 0.697813034058, "var": 0.000751941464841, "mean": 0.0152223138139}, "average_loudness": 0.129000514746, "spectral_rolloff": {"dmean2": 645.993896484, "median": 645.99609375, "min": 172.265625, "dvar2": 2152461.75, "dvar": 1104150.625, "dmean": 394.113098145, "max": 19659.8144531, "var": 4928439.5, "mean": 1338.96325684}, "spectral_centroid": {"dmean2": 270.249359131, "median": 648.534851074, "min": 206.575439453, "dvar2": 248798.859375, "dvar": 144427.109375, "dmean": 193.697723389, "max": 11722.6738281, "var": 1231634.625, "mean": 957.043518066}, "pitch_salience": {"dmean2": 0.0886858329177, "median": 0.474942266941, "min": 0.0499857403338, "dvar2": 0.00945976749063, "dvar": 0.0044528353028, "dmean": 0.0625611767173, "max": 0.946887135506, "var": 0.0280413720757, "mean": 0.457313150167}, "spectral_energyband_middle_high": {"dmean2": 0.00119620910846, "median": 0.000593035947531, "min": 1.08415519525e-21, "dvar2": 8.8295993919e-05, "dvar": 4.67237587145e-05, "dmean": 0.000935484888032, "max": 0.485067874193, "var": 0.000115642826131, "mean": 0.00217734719627}, "spectral_contrast_coeffs": {"dmean2": [0.0677980706096, 0.0698806792498, 0.0542941316962, 0.0469904206693, 0.0366089530289, 0.0262768696994], "median": [-0.437645226717, -0.582070171833, -0.732309043407, -0.736167192459, -0.774889886379, -0.749070644379], "min": [-0.981130540371, -0.9784258008, -0.976084291935, -0.970655977726, -0.967112958431, -0.966840028763], "dvar2": [0.00326219853014, 0.00399738363922, 0.00227412278764, 0.00183213932905, 0.00115322088823, 0.000633216986898], "dvar": [0.00135451578535, 0.00199061026797, 0.00110328104347, 0.000885086308699, 0.00060956121888, 0.000327584828483], "dmean": [0.0412809178233, 0.0474466346204, 0.0356553867459, 0.0311568081379, 0.0249847769737, 0.0181916505098], "max": [-0.186678260565, -0.241395249963, -0.347854495049, -0.445824116468, -0.566627621651, -0.578954577446], "var": [0.0138297770172, 0.0129853785038, 0.00664898520336, 0.00503673311323, 0.00399866141379, 0.00370028521866], "mean": [-0.45828935504, -0.58769094944, -0.730271995068, -0.734573662281, -0.769317805767, -0.744750738144]}, "melbands_skewness": {"dmean2": 1.06478214264, "median": 3.12556910515, "min": -3.33634853363, "dvar2": 1.71609556675, "dvar": 0.87267178297, "dmean": 0.794700741768, "max": 16.4578762054, "var": 5.32498455048, "mean": 3.52123117447}, "spectral_spread": {"dmean2": 723403.4375, "median": 4597549.5, "min": 1949707.625, "dvar2": 891693301760, "dvar": 450523561984, "dmean": 486649, "max": 43335024, "var": 9402574700540.0, "mean": 4955563}, "dissonance": {"dmean2": 0.0432459004223, "median": 0.431645274162, "min": 0.157782062888, "dvar2": 0.00188900751527, "dvar": 0.000735252222512, "dmean": 0.0264930613339, "max": 0.500000119209, "var": 0.00280432822183, "mean": 0.419437378645}, "spectral_skewness": {"dmean2": 0.413746863604, "median": 1.63459634781, "min": -0.393927901983, "dvar2": 0.14792662859, "dvar": 0.0628186836839, "dmean": 0.258540123701, "max": 4.93697023392, "var": 0.475804597139, "mean": 1.69621503353}, "spectral_flux": {"dmean2": 0.0249974820763, "median": 0.025427332148, "min": 6.43159622782e-11, "dvar2": 0.00128474959638, "dvar": 0.000614045362454, "dmean": 0.0164557341486, "max": 0.791633963585, "var": 0.00192795100156, "mean": 0.0384677425027}, "spectral_contrast_valleys": {"dmean2": [0.765906393528, 0.587801039219, 0.548848927021, 0.516291439533, 0.460538059473, 0.431982010603], "median": [-10.4220285416, -8.27670288086, -8.69345760345, -9.13932704926, -9.21168231964, -11.2956399918], "min": [-28.2205791473, -28.0832805634, -27.7391338348, -27.5744056702, -27.5878181458, -27.4079036713], "dvar2": [0.382807135582, 0.268686056137, 0.25855448842, 0.26127487421, 0.265785843134, 0.279276907444], "dvar": [0.14661245048, 0.121459409595, 0.126439779997, 0.128224015236, 0.140891775489, 0.169233798981], "dmean": [0.444517999887, 0.368720084429, 0.357136696577, 0.340486317873, 0.322869449854, 0.34130474925], "max": [-7.54308891296, -4.98836946487, -5.01917266846, -5.80742692947, -5.70610618591, -6.46802520752], "var": [2.12240409851, 2.94765639305, 2.90698122978, 2.85424160957, 3.03207063675, 2.96570205688], "mean": [-10.5032196045, -8.3784866333, -8.75544834137, -9.23372745514, -9.2756729126, -11.3411922455]}, "erbbands_flatness_db": {"dmean2": 0.0236086789519, "median": 0.219449296594, "min": 0.0696584060788, "dvar2": 0.000676301599015, "dvar": 0.000343460793374, "dmean": 0.0172640308738, "max": 0.417810440063, "var": 0.00176603207365, "mean": 0.21863630414}, "spectral_energyband_high": {"dmean2": 0.000423110526754, "median": 6.29422866041e-05, "min": 6.75648192527e-21, "dvar2": 5.96968584432e-06, "dvar": 3.80501660402e-06, "dmean": 0.000348484580172, "max": 0.136509671807, "var": 9.20305137697e-06, "mean": 0.000654587813187}, "spectral_entropy": {"dmean2": 0.316760510206, "median": 6.90453243256, "min": 4.3693447113, "dvar2": 0.134610980749, "dvar": 0.0696129202843, "dmean": 0.232436254621, "max": 9.83627033234, "var": 0.450322598219, "mean": 6.93638420105}, "silence_rate_20dB": {"dmean2": 0.00134489941411, "median": 1, "min": 0, "dvar2": 0.00161214917898, "dvar": 0.000671928282827, "dmean": 0.000672404537909, "max": 1, "var": 0.00067188317189, "mean": 0.999327659607}, "melbands_flatness_db": {"dmean2": 0.0351865850389, "median": 0.255085915327, "min": 0.0031641095411, "dvar2": 0.00167614524253, "dvar": 0.000895218108781, "dmean": 0.0262626595795, "max": 0.522876918316, "var": 0.00694503448904, "mean": 0.250265330076}, "barkbands": {"dmean2": [4.84405654788e-06, 8.36976050778e-06, 2.82025230263e-05, 0.000327916030074, 0.00169139646459, 0.00331567274407, 0.000574625562876, 0.000829637574498, 0.000612188829109, 0.000357169221388, 0.000282267050352, 0.000442129385192, 0.000272509758361, 0.000173019740032, 5.08955017722e-05, 5.55824262847e-05, 5.18724336871e-05, 5.29883473064e-05, 4.42923264927e-05, 6.34254392935e-05, 7.49009122956e-05, 0.000133875699248, 0.000124643644085, 9.06963978196e-05, 5.38182903256e-05, 8.44870555738e-06, 8.84312498783e-08], "median": [9.90111743704e-07, 1.30365617679e-06, 8.62188926476e-07, 1.7203103198e-05, 0.000705659622326, 0.00120078155305