{"tonal": {"thpcp": [1, 0.875770330429, 0.616744279861, 0.523098111153, 0.583940148354, 0.666109144688, 0.606679916382, 0.639126300812, 0.717159092426, 0.625568151474, 0.69780510664, 0.716697096825, 0.47233620286, 0.343336522579, 0.351930171251, 0.406132161617, 0.47951772809, 0.543756663799, 0.571464121342, 0.540461242199, 0.452685028315, 0.376463413239, 0.385349750519, 0.394896328449, 0.593858540058, 0.797271966934, 0.543698728085, 0.31572547555, 0.406479120255, 0.431477278471, 0.365687161684, 0.403380662203, 0.44647321105, 0.483722001314, 0.57953029871, 0.788344025612], "hpcp": {"dmean2": [0.393192529678, 0.32887288928, 0.265354424715, 0.261160939932, 0.313804388046, 0.282659202814, 0.280092269182, 0.29590138793, 0.253654509783, 0.268801540136, 0.257339179516, 0.195587322116, 0.162286102772, 0.170695349574, 0.202340096235, 0.241668984294, 0.252416998148, 0.245751231909, 0.232974410057, 0.219339564443, 0.191852152348, 0.194365397096, 0.196297034621, 0.219204723835, 0.249950230122, 0.193091824651, 0.146290153265, 0.180138662457, 0.190107092261, 0.176108986139, 0.204321578145, 0.227284342051, 0.246082171798, 0.30303645134, 0.38071641326, 0.425078392029], "median": [0.0997640788555, 0.0675694048405, 0.0497043728828, 0.05687815696, 0.0629318505526, 0.0515442155302, 0.0476483479142, 0.0541636683047, 0.0477904379368, 0.0495795458555, 0.0407695397735, 0.0293142534792, 0.0220814868808, 0.0245901681483, 0.0292668677866, 0.0355230234563, 0.0441609695554, 0.0471831001341, 0.0403763800859, 0.0361409410834, 0.0327165201306, 0.0313109941781, 0.0280188024044, 0.0587822087109, 0.0598078146577, 0.0498149394989, 0.0182017683983, 0.023222129792, 0.0254313573241, 0.0224489998072, 0.0227180197835, 0.0249893292785, 0.0302206519991, 0.0467584878206, 0.100690923631, 0.107249289751], "min": [0, 0, 0, 0, 0, 0, 0, 0, 0, 0, 0, 0, 0, 0, 0, 0, 0, 0, 0, 0, 0, 0, 0, 0, 0, 0, 0, 0, 0, 0, 0, 0, 0, 0, 0, 0], "dvar2": [0.194776713848, 0.173525720835, 0.137941420078, 0.123975254595, 0.158143103123, 0.1343883425, 0.132211983204, 0.131701901555, 0.119594193995, 0.124610543251, 0.127681687474, 0.0869614854455, 0.0748571231961, 0.0735008493066, 0.101258650422, 0.123533293605, 0.123268090189, 0.121244601905, 0.110850892961, 0.100153259933, 0.0886881053448, 0.100001715124, 0.10296677798, 0.091974645853, 0.139793097973, 0.0808431059122, 0.0622550658882, 0.083364456892, 0.0916083678603, 0.075778670609, 0.103953249753, 0.116945199668, 0.129495203495, 0.166367873549, 0.176569640636, 0.19971178472], "dvar": [0.0758693367243, 0.0647801309824, 0.0500477477908, 0.0450844839215, 0.0581852123141, 0.0490958355367, 0.0508985929191, 0.0529347024858, 0.0476824566722, 0.0474787317216, 0.0486752577126, 0.0311912279576, 0.0265617370605, 0.0264531858265, 0.0365050509572, 0.0457582958043, 0.0483269542456, 0.0474586598575, 0.0426421761513, 0.0356586053967, 0.0309190992266, 0.0362811945379, 0.0383257418871, 0.0349616520107, 0.0563943348825, 0.031170072034, 0.0229174904525, 0.0310741309077, 0.0344368740916, 0.0277917981148, 0.0382477752864, 0.0445617623627, 0.0475747585297, 0.0608295872808, 0.065624140203, 0.0904063805938], "dmean": [0.2243142277, 0.181426808238, 0.147736310959, 0.146834746003, 0.176562696695, 0.159212842584, 0.158751949668, 0.16977635026, 0.144374758005, 0.155648306012, 0.147850766778, 0.111210778356, 0.0916700735688, 0.0957993417978, 0.113167874515, 0.135334938765, 0.14331908524, 0.140478223562, 0.133294686675, 0.123313963413, 0.106677383184, 0.109038233757, 0.110647879541, 0.121881596744, 0.137641236186, 0.108627974987, 0.0841615647078, 0.103822521865, 0.109894417226, 0.100071698427, 0.115641094744, 0.126967847347, 0.137079402804, 0.167126014829, 0.216820567846, 0.242943510413], "max": [1, 1, 1, 1, 1, 1, 1, 1, 1, 1, 1, 1, 1, 1, 1, 1, 1, 1, 1, 1, 1, 1, 1, 1, 1, 1, 1, 1, 1, 1, 1, 1, 1, 1, 1, 1], "var": [0.0946489199996, 0.065259180963, 0.050896987319, 0.056958835572, 0.070999763906, 0.0582160465419, 0.0644216164947, 0.0806124806404, 0.0631633996964, 0.0770457983017, 0.0882286727428, 0.0393414720893, 0.0276320073754, 0.0272186156362, 0.0356987342238, 0.0459980368614, 0.0559562519193, 0.0614758096635, 0.0571348033845, 0.0393887124956, 0.0302797537297, 0.036324609071, 0.0406675413251, 0.047493185848, 0.11499311775, 0.0437983050942, 0.0254349820316, 0.0401145704091, 0.0439314059913, 0.0301715917885, 0.0381394848228, 0.0456161797047, 0.0498620867729, 0.0624555237591, 0.0788208171725, 0.122971639037], "mean": [0.250265002251, 0.176244273782, 0.149483427405, 0.166869983077, 0.190351054072, 0.173368230462, 0.1826402843, 0.204939365387, 0.178765833378, 0.199408665299, 0.204807341099, 0.134977415204, 0.0981137529016, 0.100569523871, 0.116058580577, 0.137029647827, 0.155386924744, 0.163304761052, 0.154445201159, 0.129361793399, 0.107580274343, 0.110119685531, 0.11284776777, 0.169704318047, 0.227832868695, 0.155370369554, 0.0902234688401, 0.116157732904, 0.12330134958, 0.104500792921, 0.115272298455, 0.127586662769, 0.138231083751, 0.165609806776, 0.225281566381, 0.285765558481]}, "tuning_equal_tempered_deviation": 0.234416514635, "chords_changes_rate": 0.117191821337, "key_key": "A", "tuning_diatonic_strength": 0.323797047138, "key_scale": "minor", "chords_number_rate": 0.00193477061111, "tuning_frequency": 434.193115234, "tuning_nontempered_energy_ratio": 0.900779902935, "chords_histogram": [1.99004971981, 2.19734668732, 0.0276395790279, 0.953565478325, 0.386954128742, 2.16970705986, 0.0276395790279, 0.152017682791, 3.92482042313, 11.9541187286, 11.166390419, 0.663349926472, 0.939745724201, 0.373134315014, 0.331674963236, 1.20232176781, 8.98286342621, 19.7899398804, 0, 1.69983410835, 4.21503591537, 14.4831399918, 6.14980649948, 6.21890544891], "key_strength": 0.419135868549, "chords_key": "G#", "chords_strength": {"dmean2": 0.0159377660602, "median": 0.374383807182, "min": -1, "dvar2": 0.000723942357581, "dvar": 0.000385115214158, "dmean": 0.0127734057605, "max": 0.797217428684, "var": 0.0128469355404, "mean": 0.396073073149}, "chords_scale": "major", "hpcp_entropy": {"dmean2": 1.2400765419, "median": 2.90632629395, "min": 0, "dvar2": 0.913728654385, "dvar": 0.344942480326, "dmean": 0.737158298492, "max": 4.73709106445, "var": 0.767744600773, "mean": 2.85267949104}}, "metadata": {"audio_properties": {"equal_loudness": 0, "codec": "mp3", "downmix": "mix", "sample_rate": 44100, "analysis_sample_rate": 44100, "bit_rate": 320025, "md5_encoded": "a27cd7188a7cff14c3ba8ba247955da6", "length": 335.986938477, "replay_gain": -17.1633720398, "lossless": false}, "version": {"essentia_build_sha": "2d9f1f26377add8aeb1075a9c2973f962c4f09fd", "essentia": "2.1-beta2", "extractor": "music 1.0", "essentia_git_sha": "v2.1_beta2-1-ge3940c0"}, "tags": {"title": ["Offguard Remix"], "language": ["eng"], "media": ["12\" Vinyl"], "albumartist": ["SKC"], "musicbrainz_recordingid": ["1c9da88b-f791-4cd5-a5da-8cada3d9391f"], "encoding": ["Lame"], "musicbrainz_albumartistid": ["75cb635d-4354-4eb7-83d4-642b7fefee5e"], "discnumber": ["02/02"], "album": ["Killing Me Softly, Part 1"], "catalognumber": ["SUICIDELP006-1"], "contentgroup": ["Electronic"], "musicbrainz album type": ["Album"], "musicbrainz album status": ["Official"], "file_name": "2-01 - Offguard Remix.mp3", "acoustid_fingerprint": ["AQADtFGWKEmSJEuSJEEfbtgM8SHa-LgRykSYU3g2CM0eC31QiYWrGdq0ED0Py8iJpo6DnDoOP4d-6CEa5_gUbHrRUxvC5whz49kDnTCPZzJ6xrBzfMqgTxP84VLQ_DjeQ4tLtMPqQxtzwoeZ8Qh3VA6aB_Gi7Di0o7EtXGhE4yH0-NiGPkOk5UaYZ3gE7TmmpMaP3oYYZ3CN6Qzy7GjOoRaPqM2g5cNDXAvRHD9qKhA5jkGfofuO5sQV5ShEoiemmzDkbbD0HIdjVIuD79Dh53h4PIMW6agnoT_S483gx0HYTAe0uEcl9nhCTBkPlQp89OxQOUeTy_gU9BnEq-izox0D0Re-4fDxUPBHtMR7aO_Q6MLDY3oOUT3MjOh-9IGPnjEeBdrRXMd_9EPDBS-a80WtoI_RcMSTIDyaSseTo8mDrhnCH1tfod-hEz1c6QKPj0jX4y74bMO1yINJ9DmuHz_ykNDCIHyPP8V3hNELfYlMI7pxDl3nFH-DPHygZRI_RNJxNRV-IUyeVJCZIB_MLIfVo29wRkEySkeY41PT473Q5D7yLOGhRwtyoo_i4w56ekYYhTn0HHmNZlIW45qOvNAjHXmWCS8z9MdzD-FKiMwRvqmH80ckMqwgqkdKSXCPaY2HXy5-hCe09BzyFw-PrlEMv4gnBWJPIqKTaUeTXPjxDWEK7fWQL5kRhjtUJytWHul0PIOvo7yQH1qYI_xx6aicxUirxXjiQpeEPke8Hf-QN-ghNsTNFPVMaMInFTmPb4F_9MedpUMoQ-wRVim-I9wPdwt0PEeeDz9OI32E89DD4B5x4m7xFdop1MpchPnxHuG0wH2F59ByPM2D7nBt6C6sDeGLauPhOAht9IYoRTsuHY6Oo1QoaHqRJhqLnjHOCM2Ox0EYh7iUcULlwjJKHS9qZTCdQM9h9UPOHF-2H43JBX-NPjF42OGRjM8ROyWuHE3ERBT8oK5wZmvQT0fDp_gT4j3I8UeTjSW2s0H4Q7OwuTBHDzEVGp8IfwjvDlqD5hFytuiD88gjDX0qQ5MYuEc94hohKy_CRCemoz9y0niooK-hWMtQ8WhOPCXeD1q4BeFy9ImMtDq8hahGHiUliD_65jgPvSqaRGM6hDyG0L6Mz0W79rhmaNbh-EE58VBuhOXQ6LgR_nB4iFQ3fMEv2Dl-Sah1aIrWIVI-4wzqIx2Zw1RvlB1qVQzEUNAujpiPHympeDjCH64NHaaa4j_yI00bDW8hSjki6SgP_7jEI6Xco-8EVdLR3MS0_fi04dmhRSHRddLwo8eldmg_aBfh7TiF8tC2F9Eyjjg8DSF_9D4aBqouTNEU9Kky3PihRboR8heeoTlyJUcjcREu8Wh-6FuEcoT-odOHSNmNIzyuFG1-qEfZY9OOXsTlQ5s4NGORRzhC6saV48xh3XhRFifxvMcUeUZ_QdMtpD_MpEEv4V20YLpga0TdImcOjUyOMMmF72ia4PJx9I_w41o8hE6CNMe04yd2Iy8ePIfe5aguDj568ShlaHmEV0YXKT_sw0X5Dpq2DJ5-9CEu7oJ6HY005giF20Mp5GHw-HhNiBV_PBcqLvihsTcabsdDPaiNR4d2HteN9jzcFPUP9eisBGGy4UORloKpMEd9lExEOFSL3vgQfkcz7jiPXGQFjfrxIp22FD5HfNE3pNZQ8dDqD6lM9DtCGSeuMEeh96i-CY1P6OPxIYzCHP2R7yi1a9Bxbanwj3j2w2nR5ju0H42O-DuO0MenLNAv-BauoaNbyDt-hIk69EdOyrjQp9DhjJLx4za0i8J3NNKO8DWeITRsBmZw4YEkRYfmyPgZlMzQ5McXUuiPV8LD418cfIRVNjN6SeB9fPvR_HhInNBs4zd6sfh0EV_y454O8RZamsiPkvSR82AJn0Zb_GCegyOBQz9ysDIugvnxZq2QTwl-Qkd4jD0c8Ue1H9-FlxH27Eb-4QyP5mPQZw6-9ZB-TOuL8MmDo423w2OL77DTBzV1XKGDfUe2lDGSKstxHk9Cotbho3dCnHmMUwEZZfhzISGrFEd0_Xhy_DyaR7h0-NyDOuFx5dgjFnHKbEGiMvh24hJDPMnQ62BypXgfnMqPZ8NZhPkuaD-i_7iO50dzDmcFd3_QhzEuYU_y4GaOROwRK8uJy3i0ED2aB3yV4U5-PErwpUe-Q_wR_ccj_GgmE1cP_-hTXNKJJ-EwHonzIOfBiSz4hEGtHH7Qp8KzZ8Mp4VGOPyHSy4fyIN9xtPGywy8u2AmVB6fQR8do6UFexkGi9riy40mJK0dz9AnuPhvIKbg2vDnCsMqh6Dny6Hjy4DnaBx7h5w_qNCIujE_y4M8htR--HZcY4kmG_mhevFVw58ejgCMRXhe0_Ed0XF_x82gPTyr-wE6NWhKe0MH4HIn4I1aW42TxJAtqwn_QL1SK57iEF1eowNEN9sZ9nOwQ6gH1DPLmIefhCx9l3A-iazm08wgv-EfP4ZMu4RM_7Ej2ouGkFJ_yFdwvRB-a82h549dwlIefB3044hLuJDmiPg6SE99yXGKIJ9nRC82DdwxO5cez4WwQhlV6KPqDXHhy_Kgdw5MOn8rRhzcu5Xh0jGYcJC6yKcuJSwyeZEUPJg9eZXh-XEqEr4jXXRCP6H9wHT_6Hx47fA4ap3ZwCk_yYDRzJGJ5xMpy4nhEoj589GlCAAGIUEYIQRQhCgmkEBJGCIWMMYAJIoRgCDhkAACCIMCUY4IIAgwiDgGmBBNGKeCQAAAgIggQzgGDhAJMKAIEIgQopIQyAiAhDLKAIWSAYQAgRYhAwigjADCGAaIYRUpSAABxoghhEBCECCCABAAQIhwwQBhClCHGOEEcMowwBAgxhgAghCBWIMERAcAIwpBgBAKChIIEEEcQEQoAQJwEDhDGAKMAMuKAJEYBIhAzgAOEDAJGAaCQEcAYooiQDABlEAMCIMAEUEYZoIwAwDgFkRFEGQIUMkYZIAAhghMBBFMECOAEoAYIQoQAQBCCCGAACCuQMIAJRIgUCAAEBCDAAUIIAkIISwhwDBkAmCDMESCQEsQoYABTEhgHEIFEMAEEMcQZQRhQDgAwABAEIEIBAMwKRQhAhCghACZAIMAAIYoBA4gyTBlAiBGISGIUQBAoAqwBBCEKgOHUKAOcoEAAYwQiTACigBMEGUIEUIIKBQRBhAAgjABOcMEAIgQwAABQAAAACEBGACMIAVQhQBAxBBhDCECEGACYAsQoAhxRgCBABEEAESCYaEoYQ4xQSDEADGAAAQEMYwwBJgggRCGlABNAiISo0AoLRAhRYiMkiCBEGCEJAUQYgaQCBBAEFGBIEOKQpYoBAIiCgwiFEBGICEEAQwgYgqSADAAEBCDICoGEQoYoRAABCBEAECHIVAcMEIA5RgVQAhmPgKAAEWcFIYBSxQQQFBAi0EFKAEKQEAQwYBCi1AIAkGJUEKqMRgAAwgARBBhgCLLCMoCAQIgIIZRARAAnnQEEEIIMMAwRIIRBwGCggBGAESCMtEIAIIhXAhBAAFNMiAQkQIAQAAhBTlIGEBBAUGEU0koIAwBCjhCCTLUMASAQFUgohIgCAiFmACAEaaoA"], "date": ["2006"], "genre": ["Drum n Bass"], "musicbrainz album release country": ["GB"], "musicbrainz_releasegroupid": ["bceb79ff-8de3-306d-9fa4-da37a86e51d1"], "musicbrainz_artistid": ["75cb635d-4354-4eb7-83d4-642b7fefee5e"], "originaldate": ["2006"], "musicbrainz_albumid": ["4079bf49-ac94-4d3c-9461-10c7d1e6fb2a"], "originalalbum": ["Killing Me Softly"], "tracknumber": ["01/02"], "artistsort": ["SKC"], "artist": ["SKC"], "label": ["Commercial Suicide"], "albumartistsort": ["SKC"], "acoustid_id": ["44091a82-2779-404f-b1a6-7995c2e315f7"], "script": ["Latin"]}}, "rhythm": {"bpm_histogram_first_peak_bpm": {"dmean2": 0, "median": 88, "min": 88, "dvar2": 0, "dvar": 0, "dmean": 0, "max": 88, "var": 0, "mean": 88}, "bpm": 86.9366455078, "bpm_histogram_second_peak_spread": {"dmean2": 0, "median": 0.0434782616794, "min": 0.0434782616794, "dvar2": 0, "dvar": 0, "dmean": 0, "max": 0.0434782616794, "var": 0, "mean": 0.0434782616794}, "bpm_histogram_first_peak_weight": {"dmean2": 0, "median": 0.532091081142, "min": 0.532091081142, "dvar2": 0, "dvar": 0, "dmean": 0, "max": 0.532091081142, "var": 0, "mean": 0.532091081142}, "onset_rate": 6.60705709457, "beats_position": [0.719818592072, 1.45124709606, 2.19428563118, 2.94893407822, 3.66875267029, 4.40018129349, 5.13160991669, 5.87464857101, 6.59446716309, 7.2910656929, 7.98766422272, 8.67265319824, 9.35764122009, 10.0542402267, 10.7392292023, 11.4242172241, 12.1208162308, 12.8058052063, 13.4907932281, 14.1873922348, 14.8723802567, 15.5573692322, 16.2539672852, 16.9505672455, 17.6355552673, 18.3205432892, 19.0171432495, 19.7021312714, 20.3871192932, 21.0837192535, 21.7687072754, 22.4536952972, 23.1502952576, 23.8468933105, 24.5318813324, 25.2168693542, 25.9134693146, 26.5984573364, 27.2834453583, 27.9800453186, 28.6650333405, 29.3500213623, 30.0466213226, 30.7432193756, 31.4282073975, 32.1131973267, 32.8097953796, 33.4947853088, 34.1797714233, 34.8763694763, 35.572971344, 36.2579574585, 36.9429473877, 37.6395454407, 38.3245353699, 39.0095214844, 39.7061233521, 40.3911094666, 41.0760993958, 41.7726974487, 42.4576873779, 43.1426734924, 43.8392753601, 44.5358734131, 45.2208595276, 45.9058494568, 46.6024475098, 47.287437439, 47.9724235535, 48.6690254211, 49.3540115356, 50.0390014648, 50.7355995178, 51.4321975708, 52.1171875, 52.8021774292, 53.4987754822, 54.1837615967, 54.8687515259, 55.5653495789, 56.2503395081, 56.9353294373, 57.6319274902, 58.3285255432, 59.0135154724, 59.6985015869, 60.3950996399, 61.0800895691, 61.7650794983, 62.4616775513, 63.1466636658, 63.831653595, 64.5282516479, 65.2132415771, 65.8982315063, 66.5948257446, 67.2914276123, 67.9764175415, 68.6614074707, 69.358001709, 70.0429916382, 70.7279815674, 71.4245758057, 72.1211776733, 72.8061676025, 73.4911575317, 74.18775177, 74.8727416992, 75.5577316284, 76.2543258667, 76.9393157959, 77.6243057251, 78.3209075928, 79.0175018311, 79.7024917603, 80.3874816895, 81.0840835571, 81.7690658569, 82.4540557861, 83.1506576538, 83.8472518921, 84.5322418213, 85.2172317505, 85.9022216797, 86.598815918, 87.2838058472, 87.9804077148, 88.665397644, 89.3503875732, 90.0469818115, 90.7319717407, 91.4169616699, 92.1135559082, 92.8101577759, 93.4951477051, 94.1801376343, 94.8767318726, 95.5617218018, 96.246711731, 96.9433059692, 97.6399078369, 98.3248977661, 99.0098876953, 99.7064819336, 100.391471863, 101.076461792, 101.77305603, 102.458045959, 103.143035889, 103.839637756, 104.536231995, 105.221221924, 105.906211853, 106.602806091, 107.287796021, 107.97278595, 108.669387817, 109.354377747, 110.039360046, 110.735961914, 111.432563782, 112.117546082, 112.802536011, 113.499137878, 114.184127808, 114.869110107, 115.565711975, 116.250701904, 116.935691833, 117.632286072, 118.328887939, 119.013877869, 119.698867798, 120.395462036, 121.080451965, 121.765441895, 122.462036133, 123.147026062, 123.832015991, 124.528617859, 125.213600159, 125.898590088, 126.595191956, 127.291786194, 127.976776123, 128.661773682, 129.35836792, 130.054962158, 130.739959717, 131.424942017, 132.109924316, 132.794921875, 133.491516113, 134.188110352, 134.87310791, 135.55809021, 136.254684448, 136.951293945, 137.624664307, 138.321273804, 139.017868042, 139.691238403, 140.3878479, 141.084442139, 141.769424438, 142.454421997, 143.151016235, 143.836013794, 144.520996094, 145.217590332, 145.914199829, 146.599182129, 147.284164429, 147.980773926, 148.665756226, 149.350738525, 150.047348022, 150.743942261, 151.428924561, 152.113922119, 152.810516357, 153.495513916, 154.180496216, 154.877090454, 155.562088013, 156.247070313, 156.943664551, 157.628662109, 158.313644409, 159.010253906, 159.706848145, 160.391830444, 161.076828003, 161.773422241, 162.458404541, 163.1434021, 163.839996338, 164.536590576, 165.209976196, 165.906570435, 166.603164673, 167.288162231, 167.973144531, 168.669754028, 169.354736328, 170.039718628, 170.736328125, 171.432922363, 172.117904663, 172.802902222, 173.49949646, 174.242538452, 174.985580444, 175.728607178, 176.47164917, 177.203079224, 177.946121216, 178.654327393, 179.350921631, 180.047531128, 180.744125366, 181.429107666, 182.114105225, 182.810699463, 183.495681763, 184.19229126, 184.87727356, 185.573867798, 186.258865356, 186.955459595, 187.640457153, 188.337051392, 189.022033691, 189.70703125, 190.403625488, 191.088607788, 191.773605347, 192.470199585, 193.155181885, 193.840179443, 194.536773682, 195.22177124, 195.90675354, 196.603347778, 197.288345337, 197.973327637, 198.669921875, 199.366531372, 200.051513672, 200.73651123, 201.433105469, 202.129699707, 202.814697266, 203.499679565, 204.184661865, 204.881271362, 205.566253662, 206.2628479, 206.947845459, 207.644439697, 208.329421997, 209.014419556, 209.699401855, 210.396011353, 211.080993652, 211.765975952, 212.462585449, 213.159179688, 213.855773926, 214.552383423, 215.2605896, 215.968795776, 216.70022583, 217.431655884, 218.163085938, 218.894515991, 219.625930786, 220.35736084, 221.077178955, 221.773788452, 222.458770752, 223.143753052, 223.840362549, 224.525344849, 225.210342407, 225.906936646, 226.603530884, 227.288528442, 227.973510742, 228.67010498, 229.355102539, 230.040084839, 230.736679077, 231.433288574, 232.106658936, 232.803268433, 233.499862671, 234.184844971, 234.869842529, 235.566436768, 236.251419067, 236.936416626, 237.633010864, 238.329605103, 239.014602661, 239.699584961, 240.38458252, 241.069564819, 241.766159058, 242.462768555, 243.147750854, 243.832733154, 244.529342651, 245.22593689, 245.89932251, 246.595916748, 247.292510986, 247.977508545, 248.662490845, 249.359085083, 250.044082642, 250.729064941, 251.42565918, 252.122268677, 252.795639038, 253.492233276, 254.188842773, 254.873825073, 255.558822632, 256.255401611, 256.94039917, 257.625396729, 258.321990967, 259.006988525, 259.691955566, 260.388580322, 261.085174561, 261.770141602, 262.45513916, 263.151733398, 263.836730957, 264.533325195, 265.218322754, 265.914916992, 266.599914551, 267.284881592, 267.981506348, 268.666473389, 269.351470947, 270.048065186, 270.733062744, 271.418029785, 272.114654541, 272.811248779, 273.49621582, 274.181213379, 274.877807617, 275.562805176, 276.247802734, 276.944396973, 277.640991211, 278.314361572, 279.010955811, 279.707580566, 280.392547607, 281.077545166, 281.774139404, 282.459136963, 283.144134521, 283.84072876, 284.537322998, 285.222320557, 285.907287598, 286.592285156, 287.277282715, 287.973876953, 288.670471191, 289.35546875, 290.040435791, 290.737060547, 291.433654785, 292.107025146, 292.803619385, 293.500213623, 294.185211182, 294.87020874, 295.566802979, 296.251800537, 296.936767578, 297.633361816, 298.329986572, 299.014953613, 299.699951172, 300.39654541, 301.081542969, 301.76651001, 302.463134766, 303.148101807, 303.833099365, 304.529693604, 305.226287842, 305.9112854, 306.596282959, 307.292877197, 307.977874756, 308.662841797, 309.359436035, 310.044433594, 310.729431152, 311.426025391, 312.111022949, 312.79598999, 313.492614746, 314.189208984, 314.874176025, 315.559173584, 316.255767822, 316.940765381, 317.625762939, 318.322357178, 319.018951416, 319.703948975, 320.388916016, 321.085540771, 321.770507813, 322.455505371, 323.152099609, 323.848693848, 324.522094727, 325.218688965, 325.915283203, 326.600280762, 327.285247803, 327.981842041, 328.6668396, 329.351837158, 330.048431396, 330.745025635, 331.46484375, 332.184661865, 332.962524414, 333.740386963, 334.518280029, 335.296142578], "beats_loudness": {"dmean2": 0.0317212566733, "median": 0.056231983006, "min": 2.23044693826e-10, "dvar2": 0.000639295845758, "dvar": 0.000233025057241, "dmean": 0.0181653499603, "max": 0.136027798057, "var": 0.000619965605438, "mean": 0.0558968372643}, "danceability": 1.11410653591, "bpm_histogram_second_peak_weight": {"dmean2": 0, "median": 0.0455486550927, "min": 0.0455486550927, "dvar2": 0, "dvar": 0, "dmean": 0, "max": 0.0455486550927, "var": 0, "mean": 0.0455486550927}, "beats_count": 484, "bpm_histogram_second_peak_bpm": {"dmean2": 0, "median": 82, "min": 82, "dvar2": 0, "dvar": 0, "dmean": 0, "max": 82, "var": 0, "mean": 82}, "bpm_histogram_first_peak_spread": {"dmean2": 0, "median": 0.436403512955, "min": 0.436403512955, "dvar2": 0, "dvar": 0, "dmean": 0, "max": 0.436403512955, "var": 0, "mean": 0.436403512955}, "beats_loudness_band_ratio": {"dmean2": [0.414563387632, 0.132749885321, 0.0385686084628, 0.0738910958171, 0.109417006373, 0.227162137628], "median": [0.477514088154, 0.0918711647391, 0.0240296423435, 0.0681471973658, 0.110483847558, 0.200402438641], "min": [0.000931338465307, 0.000456022768049, 8.39208769321e-06, 3.00110423268e-05, 1.80240585905e-05, 6.13775864622e-06], "dvar2": [0.0894737616181, 0.0132431397215, 0.00205539399758, 0.00606330484152, 0.00762137258425, 0.0305839031935], "dvar": [0.0325301997364, 0.00547145260498, 0.000683875812683, 0.00218471139669, 0.00296513503417, 0.0105474358425], "dmean": [0.226566746831, 0.0768873766065, 0.0213946774602, 0.0410688742995, 0.0605767592788, 0.124026998878], "max": [0.999168336391, 0.811805069447, 0.250311523676, 0.496628075838, 0.781714081764, 0.860238313675], "var": [0.0897259116173, 0.0123131787404, 0.000737823720556, 0.00378770031966, 0.0101627828553, 0.0202632881701], "mean": [0.471324771643, 0.122562617064, 0.0308476090431, 0.0810243263841, 0.127108722925, 0.204567462206]}}, "lowlevel": {"barkbands_spread": {"dmean2": 22.5116901398, "median": 38.6152534485, "min": 0.167932420969, "dvar2": 441.267974854, "dvar": 183.418380737, "dmean": 14.6932830811, "max": 125.255989075, "var": 521.960144043, "mean": 39.4945755005}, "melbands_spread": {"dmean2": 28.1236953735, "median": 29.2011795044, "min": 0.119117505848, "dvar2": 1007.046875, "dvar": 464.072570801, "dmean": 18.2360954285, "max": 224.955551147, "var": 1702.44116211, "mean": 43.2738609314}, "hfc": {"dmean2": 35.1281242371, "median": 20.7468833923, "min": 1.1088115898e-16, "dvar2": 1798.79309082, "dvar": 757.619689941, "dmean": 22.9333591461, "max": 250.38079834, "var": 1185.24499512, "mean": 33.6259727478}, "barkbands_kurtosis": {"dmean2": 10.9321155548, "median": 1.18862235546, "min": -1.93785667419, "dvar2": 462.490905762, "dvar": 214.063995361, "dmean": 6.93295621872, "max": 681.227966309, "var": 451.74697876, "mean": 7.74140405655}, "gfcc": {"mean": [4.55788803101, 29.5077228546, -106.19884491, 55.0513916016, -47.0767059326, 34.3655929565, -33.3069610596, 8.17432117462, -19.9083042145, 6.77361440659, -11.6235551834, 0.12450440228, -8.8028459549], "icov": [[9.96219823719e-05, -2.79207906715e-05, 1.46717457028e-06, -0.000125250633573, 0.000200428476091, -0.000184545104275, 0.000187800309504, -0.000415981601691, 0.000318809819873, 0.000164311190019, 2.28303124459e-05, -0.000113793415949, 4.25879516115e-05], [-2.79207906715e-05, 0.001006117207, 7.61820556363e-05, 0.000287549599307, -0.00122986466158, 0.000526146031916, -0.000292846845696, -0.000547365867533, -0.000554681115318, 0.000831810524687, -0.000802071532235, 0.00133823254146, -0.000226138421567], [1.46717457028e-06, 7.61820556363e-05, 0.00156332307961, -0.00105533748865, -9.38597731874e-05, -0.000351955532096, -0.00054709991673, 0.000332308118232, 8.25655661174e-05, -0.000456415553344, 0.00153195078019, -0.000426114158472, 6.99945740052e-05], [-0.000125250633573, 0.000287549599307, -0.00105533748865, 0.00376562285237, -0.00133396906313, -0.00146314688027, 0.000240199835389, -0.000736830115784, 0.00027531865635, 0.00177607208025, -0.0038125270512, 0.00185703800526, 0.00117400998715], [0.000200428476091, -0.00122986466158, -9.38597731874e-05, -0.00133396906313, 0.00708889495581, -0.00334526412189, -0.00177182874177, 0.00214189500548, -0.000119343050756, -0.00026703637559, 0.00171014782973, -0.000988887273706, -0.00140406563878], [-0.000184545104275, 0.000526146031916, -0.000351955532096, -0.00146314688027, -0.00334526412189, 0.0106408447027, -0.00259349774569, -0.00057208823273, 0.000175452849362, -0.00453935191035, 0.00419667363167, -0.00066860782681, -3.10619907395e-05], [0.000187800309504, -0.000292846845696, -0.00054709991673, 0.000240199835389, -0.00177182874177, -0.00259349774569, 0.0184076558799, -0.013620140031, -0.00310906465165, 0.0107504110783, -0.00988646876067, 0.00348037388176, -0.00155542092398], [-0.000415981601691, -0.000547365867533, 0.000332308118232, -0.000736830115784, 0.00214189500548, -0.00057208823273, -0.013620140031, 0.0220724120736, -0.00150566676166, -0.0128134479746, 0.00947007350624, -0.00497973477468, 0.0028721911367], [0.000318809819873, -0.000554681115318, 8.25655661174e-05, 0.00027531865635, -0.000119343050756, 0.000175452849362, -0.00310906465165, -0.00150566676166, 0.0164348501712, -0.00614326121286, -0.00276026665233, 0.000575264799409, -0.00172451592516], [0.000164311190019, 0.000831810524687, -0.000456415553344, 0.00177607208025, -0.00026703637559, -0.00453935191035, 0.0107504110783, -0.0128134479746, -0.00614326121286, 0.0281179342419, -0.0164270699024, -0.000229966259212, 0.00291739287786], [2.28303124459e-05, -0.000802071532235, 0.00153195078019, -0.0038125270512, 0.00171014782973, 0.00419667363167, -0.00988646876067, 0.00947007350624, -0.00276026665233, -0.0164270699024, 0.0309735443443, -0.00953185651451, -0.00132702989504], [-0.000113793415949, 0.00133823254146, -0.000426114158472, 0.00185703800526, -0.000988887273706, -0.00066860782681, 0.00348037388176, -0.00497973477468, 0.000575264799409, -0.000229966259212, -0.00953185651451, 0.0274147503078, -0.012917496264], [4.25879516115e-05, -0.000226138421567, 6.99945740052e-05, 0.00117400998715, -0.00140406563878, -3.10619907395e-05, -0.00155542092398, 0.0028721911367, -0.00172451592516, 0.00291739287786, -0.00132702989504, -0.012917496264, 0.0233864076436]], "cov": [[15184.1582031, -501.221221924, 789.285461426, 852.975402832, -253.94593811, 434.658782959, 28.8603725433, 384.420074463, -369.405731201, -59.2455558777, -196.91104126, -42.0363311768, -191.883361816], [-501.221221924, 1696.13500977, -20.4412879944, 72.6733703613, 355.216400146, 44.799369812, 206.989395142, 79.5862579346, 109.521690369, -40.8277282715, 37.4302635193, -70.3316879272, 15.5505027771], [789.285461426, -20.4412879944, 1067.20056152, 468.566467285, 174.913497925, 207.658233643, 99.1733093262, 71.4575576782, -20.6085224152, -13.4837551117, -45.3454589844, -33.8032150269, -40.836101532], [852.975402832, 72.6733703613, 468.566467285, 620.652893066, 190.478347778, 196.004974365, 115.991401672, 80.8019638062, 2.29773664474, 2.22747302055, 17.6078987122, -37.7472953796, -43.8820304871], [-253.94593811, 355.216400146, 174.913497925, 190.478347778, 325.656219482, 132.617385864, 104.620483398, 35.0455284119, 37.335647583, -6.76760435104, 7.36008882523, -12.5337152481, 13.2856092453], [434.658782959, 44.799369812, 207.658233643, 196.004974365, 132.617385864, 213.061508179, 85.4626235962, 78.8913726807, 21.2765407562, 31.0941886902, -1.12531363964, -2.38889694214, -10.2726478577], [28.8603725433, 206.989395142, 99.1733093262, 115.991401672, 104.620483398, 85.4626235962, 184.333084106, 112.387382507, 63.1467666626, 19.0950241089, 38.3184051514, 1.54973387718, 5.98582458496], [384.420074463, 79.5862579346, 71.4575576782, 80.8019638062, 35.0455284119, 78.8913726807, 112.387382507, 156.310287476, 53.5365028381, 59.5729827881, 24.2729606628, 14.9005403519, -7.59027671814], [-369.405731201, 109.521690369, -20.6085224152, 2.29773664474, 37.335647583, 21.2765407562, 63.1467666626, 53.5365028381, 119.50302887, 56.6747245789, 50.8519821167, 19.9910583496, 17.2424297333], [-59.2455558777, -40.8277282715, -13.4837551117, 2.22747302055, -6.76760435104, 31.0941886902, 19.0950241089, 59.5729827881, 56.6747245789, 105.840293884, 54.9761505127, 31.2799987793, 4.60317134857], [-196.91104126, 37.4302635193, -45.3454589844, 17.6078987122, 7.36008882523, -1.12531363964, 38.3184051514, 24.2729606628, 50.8519821167, 54.9761505127, 87.7975616455, 35.1940917969, 21.293302536], [-42.0363311768, -70.3316879272, -33.8032150269, -37.7472953796, -12.5337152481, -2.38889694214, 1.54973387718, 14.9005403519, 19.9910583496, 31.2799987793, 35.1940917969, 74.5254135132, 39.6432151794], [-191.883361816, 15.5505027771, -40.836101532, -43.8820304871, 13.2856092453, -10.2726478577, 5.98582458496, -7.59027671814, 17.2424297333, 4.60317134857, 21.293302536, 39.6432151794, 71.5015411377]]}, "spectral_energyband_middle_low": {"dmean2": 0.00758580630645, "median": 0.00189894996583, "min": 2.39116690313e-22, "dvar2": 0.000215699517867, "dvar": 7.87387543824e-05, "dmean": 0.00437708944082, "max": 0.0712591260672, "var": 6.32183073321e-05, "mean": 0.00452609267086}, "melbands_crest": {"dmean2": 6.99825239182, "median": 20.2901325226, "min": 1.7704924345, "dvar2": 44.6511955261, "dvar": 19.0626163483, "dmean": 4.40986919403, "max": 37.0775985718, "var": 81.4847717285, "mean": 20.1121253967}, "spectral_kurtosis": {"dmean2": 1.25548386574, "median": 1.56547546387, "min": -1.24402821064, "dvar2": 3.54163956642, "dvar": 1.32065236568, "dmean": 0.777229309082, "max": 28.5588359833, "var": 4.49728250504, "mean": 2.09159708023}, "spectral_rms": {"dmean2": 0.00178685120773, "median": 0.00575065845624, "min": 3.13515012562e-12, "dvar2": 4.13605084759e-06, "dvar": 1.69400016148e-06, "dmean": 0.00114732584916, "max": 0.0129477418959, "var": 6.47221941108e-06, "mean": 0.00538209732622}, "zerocrossingrate": {"dmean2": 0.0278942268342, "median": 0.0712890625, "min": 0, "dvar2": 0.000589860777836, "dvar": 0.000425080157584, "dmean": 0.0231671743095, "max": 0.52685546875, "var": 0.00443094177172, "mean": 0.0904734134674}, "silence_rate_60dB": {"dmean2": 0.0684912577271, "median": 0, "min": 0, "dvar2": 0.0817734897137, "dvar": 0.0331145748496, "dmean": 0.0342778153718, "max": 1, "var": 0.0753348097205, "mean": 0.0820952281356}, "erbbands_kurtosis": {"dmean2": 1.48929595947, "median": 0.100504808128, "min": -1.82698988914, "dvar2": 2.7137260437, "dvar": 1.19950246811, "dmean": 0.942345380783, "max": 46.3702964783, "var": 3.64232063293, "mean": 0.498455733061}, "erbbands": {"dmean2": [0.365610778332, 2.37602138519, 4.90337944031, 6.62864303589, 10.4971752167, 17.5161075592, 8.46946716309, 5.76334047318, 4.40289068222, 8.16589832306, 5.54033470154, 6.37796592712, 7.09896039963, 22.1172504425, 26.7349739075, 18.1901340485, 22.3499965668, 22.9097614288, 33.4971580505, 40.9296340942, 23.4340343475, 30.3022994995, 31.5130500793, 29.7756977081, 29.3379955292, 28.268327713, 26.8131141663, 24.3518886566, 24.2532978058, 26.6475963593, 22.851764679, 14.336306572, 9.53759288788, 5.54992580414, 3.39575052261, 1.29235601425, 0.23069486022, 0.0255016423762, 0.00526245776564, 0.000654463947285], "median": [0.081208601594, 1.53432166576, 1.27137947083, 1.65192723274, 1.71212875843, 1.04357016087, 0.858002722263, 1.05460619926, 1.26981830597, 1.85525178909, 1.69958722591, 1.60412359238, 1.85540866852, 4.17004823685, 5.907102108, 6.33717679977, 8.52511978149, 10.3089990616, 15.0064811707, 13.7927341461, 8.30257320404, 10.8942623138, 11.3027639389, 11.4378995895, 12.9257764816, 12.092581749, 12.9907779694, 13.1888742447, 13.8207483292, 11.6044692993, 9.4199256897, 6.02301359177, 3.87118077278, 2.09234261513, 0.930853903294, 0.301421880722, 0.0480520166457, 0.00404261378571, 0.000710531079676, 0.000132186993142], "min": [1.11885492717e-22, 1.92615271082e-22, 1.26332845321e-21, 6.74689018446e-21, 1.76647764076e-20, 5.6863994835e-20, 5.79149471903e-20, 2.37462124716e-19, 2.31409256433e-19, 4.99689313189e-19, 5.04862759234e-19, 8.66965673571e-19, 1.05383306348e-18, 1.03119726601e-18, 7.83667655309e-19, 1.4536105909e-18, 1.93797726212e-18, 2.86091044122e-18, 2.91151466276e-18, 3.79143693156e-18, 4.56356329767e-18, 4.61767745334e-18, 6.49421897739e-18, 9.13759208445e-18, 8.83047150354e-18, 9.1619393186e-18, 9.07716902225e-18, 1.13015486793e-17, 1.16658762442e-17, 1.4593497561e-17, 1.72153011064e-17, 1.08903547152e-17, 1.05408270659e-17, 8.2385236864e-18, 6.23604474128e-18, 4.18197702288e-18, 2.03870986955e-18, 1.06125897403e-18, 2.89862284612e-19, 3.09610730598e-20], "dvar2": [0.407035917044, 22.4454288483, 76.6988220215, 194.730270386, 570.749755859, 2496.88842773, 435.582580566, 99.6711502075, 93.2454452515, 186.712387085, 100.203178406, 122.015731812, 248.168197632, 2399.55566406, 3246.28076172, 735.756652832, 1624.16271973, 1371.62365723, 3479.78735352, 6071.25146484, 1336.35656738, 2224.22070313, 2445.33227539, 2071.38916016, 1723.01135254, 1645.60803223, 1104.95361328, 967.768371582, 890.932128906, 1110.44116211, 883.754272461, 397.95892334, 178.975311279, 61.9690475464, 20.8795528412, 3.28094577789, 0.109554030001, 0.00158943864517, 7.69770995248e-05, 1.00478882814e-06], "dvar": [0.199587166309, 8.85948753357, 31.5296611786, 72.4563980103, 206.395019531, 911.543762207, 156.436553955, 37.3281669617, 36.1447143555, 98.1974182129, 38.9715690613, 46.5125999451, 102.111923218, 964.994140625, 1311.17529297, 286.937744141, 675.231811523, 571.70513916, 1333.86901855, 2244.58618164, 570.071533203, 900.035095215, 977.011962891, 870.064758301, 740.203308105, 673.358093262, 467.014556885, 402.351654053, 389.216278076, 464.811828613, 402.392272949, 166.763580322, 77.5809249878, 24.9108657837, 8.31134033203, 1.28946948051, 0.0436750873923, 0.000618942431174, 2.94907986245e-05, 3.96265505742e-07], "dmean": [0.239527419209, 1.48221814632, 2.98657727242, 3.84183764458, 6.06230163574, 9.96405029297, 4.77263402939, 3.24908542633, 2.55518960953, 5.28596544266, 3.31336855888, 3.76149296761, 4.24491739273, 13.2823066711, 15.9552183151, 10.8751583099, 14.0006713867, 14.238576889, 20.0553302765, 24.2021064758, 14.2235803604, 18.3825092316, 18.8670063019, 18.1040267944, 17.9838199615, 17.2205600739, 16.4607410431, 15.1760320663, 15.4601078033, 16.9262199402, 15.2744054794, 9.18846225739, 6.17884016037, 3.54879498482, 2.08257389069, 0.781313478947, 0.139495611191, 0.0152810132131, 0.00306548597291, 0.000387056934414], "max": [4.79595327377, 33.6708374023, 80.8437576294, 94.0584030151, 218.121276855, 336.262939453, 143.19303894, 77.7857284546, 128.806427002, 151.574035645, 78.0662994385, 142.529724121, 185.263961792, 500.307861328, 649.055725098, 267.086608887, 539.982055664, 642.736999512, 742.593078613, 763.256774902, 271.168914795, 316.93637085, 365.445953369, 443.177185059, 290.449127197, 391.021026611, 367.830291748, 222.820983887, 229.147796631, 176.028945923, 172.7237854, 116.625831604, 76.0495834351, 51.7379837036, 25.9257488251, 9.89650821686, 2.10244250298, 0.49762737751, 0.144241794944, 0.0101931095123], "var": [0.87560737133, 13.9605064392, 61.2177581787, 68.3809661865, 167.752166748, 614.673278809, 103.138748169, 30.6398696899, 34.6661071777, 193.946960449, 47.7175254822, 49.9164466858, 125.506034851, 1002.63183594, 1379.52307129, 342.371826172, 840.911987305, 878.625671387, 1789.96447754, 2403.06298828, 806.356567383, 1059.26538086, 1086.57312012, 1102.59802246, 1006.99212646, 910.571838379, 730.446105957, 597.290283203, 619.409912109, 649.709350586, 634.510375977, 224.63331604, 107.200149536, 28.1130924225, 8.53213882446, 1.21093940735, 0.0403730794787, 0.000549737887923, 2.36833475356e-05, 3.65419907666e-07], "mean": [0.690753519535, 2.71969985962, 4.58135700226, 4.57981300354, 5.65677785873, 7.37215185165, 3.74695539474, 2.96884179115, 2.79385018349, 7.41043949127, 4.05662584305, 4.20888280869, 5.06695413589, 13.7235336304, 17.9474010468, 13.4250421524, 18.7470932007, 21.2453098297, 30.9078826904, 31.6950569153, 19.2829856873, 22.8469791412, 22.951499939, 23.4354114532, 23.7425613403, 22.9687519073, 22.7716655731, 21.4032058716, 22.5438270569, 21.8517055511, 19.6406536102, 12.0100069046, 8.01299476624, 4.17799425125, 2.17478322983, 0.768868744373, 0.13222232461, 0.0134813627228, 0.00256123510189, 0.00037366640754]}, "spectral_strongpeak": {"dmean2": 0.418175071478, "median": 0.336374223232, "min": 0, "dvar2": 0.714220583439, "dvar": 0.262626439333, "dmean": 0.244281992316, "max": 7.00834941864, "var": 0.252867043018, "mean": 0.393901258707}, "spectral_energy": {"dmean2": 0.021663069725, "median": 0.0338968262076, "min": 1.0074895071e-20, "dvar2": 0.000764169846661, "dvar": 0.00029596791137, "dmean": 0.0135961482301, "max": 0.171835124493, "var": 0.000777950801421, "mean": 0.0363249927759}, "average_loudness": 0.912937998772, "spectral_rolloff": {"dmean2": 2228.23413086, "median": 1873.38867188, "min": 21.533203125, "dvar2": 5947206.5, "dvar": 2711352.25, "dmean": 1386.19519043, "max": 19552.1484375, "var": 7780377.5, "mean": 2695.203125}, "spectral_centroid": {"dmean2": 712.493164063, "median": 2533.53857422, "min": 107.704544067, "dvar2": 418244.8125, "dvar": 201451.078125, "dmean": 471.616699219, "max": 11422.1904297, "var": 848898.5625, "mean": 2426.13671875}, "pitch_salience": {"dmean2": 0.173329740763, "median": 0.446847677231, "min": 0.057565651834, "dvar2": 0.0239657144994, "dvar": 0.0102530168369, "dmean": 0.110575981438, "max": 0.912346184254, "var": 0.031938996166, "mean": 0.459475547075}, "spectral_energyband_middle_high": {"dmean2": 0.00450551509857, "median": 0.00260500749573, "min": 1.18471994075e-21, "dvar2": 4.55066983704e-05, "dvar": 1.87658697541e-05, "dmean": 0.00287294946611, "max": 0.0438536033034, "var": 2.78666648228e-05, "mean": 0.00447471486405}, "spectral_contrast_coeffs": {"dmean2": [0.10723939538, 0.0838403105736, 0.0651600956917, 0.0518103353679, 0.0360499210656, 0.0278407502919], "median": [-0.684581637383, -0.788827061653, -0.826135337353, -0.817025363445, -0.81611597538, -0.765403568745], "min": [-0.970889270306, -0.968863368034, -0.97455739975, -0.970410168171, -0.962504565716, -0.962895929813], "dvar2": [0.00866503361613, 0.00433897739276, 0.00277578365058, 0.00174274726305, 0.000862855289597, 0.000560242508072], "dvar": [0.00361025659367, 0.00170441041701, 0.00114032113925, 0.000664731720462, 0.000336585828336, 0.000228089193115], "dmean": [0.065054744482, 0.0504685267806, 0.0398813821375, 0.0310489889234, 0.0215460024774, 0.0171730909497], "max": [-0.29832676053, -0.491467297077, -0.499729424715, -0.586295485497, -0.634028494358, -0.617383718491], "var": [0.00958317052573, 0.00407358491793, 0.0030671088025, 0.00180685566738, 0.000900729093701, 0.000922555394936], "mean": [-0.669099807739, -0.781943559647, -0.817510008812, -0.812428414822, -0.814386188984, -0.765609562397]}, "melbands_skewness": {"dmean2": 2.48679089546, "median": 3.50457191467, "min": -1.77882874012, "dvar2": 7.85619115829, "dvar": 3.47421836853, "dmean": 1.64900553226, "max": 19.2919807434, "var": 12.2574090958, "mean": 4.14587116241}, "spectral_spread": {"dmean2": 1024164.0625, "median": 6012286, "min": 1462068.75, "dvar2": 1080644730880.0, "dvar": 550633799680, "dmean": 668236.125, "max": 43272676, "var": 3030750330880.0, "mean": 6006773}, "dissonance": {"dmean2": 0.0148558029905, "median": 0.490587860346, "min": 0.310763061047, "dvar2": 0.000265240145382, "dvar": 9.69650645857e-05, "dmean": 0.00866672676057, "max": 0.500000059605, "var": 0.000156775407959, "mean": 0.48676264286}, "spectral_skewness": {"dmean2": 0.256874889135, "median": 1.0060749054, "min": -0.0486578382552, "dvar2": 0.0634287372231, "dvar": 0.0269454922527, "dmean": 0.163003563881, "max": 4.09267711639, "var": 0.137630090117, "mean": 1.06511604786}, "spectral_flux": {"dmean2": 0.0589568726718, "median": 0.0850278511643, "min": 6.35922078884e-11, "dvar2": 0.00380468601361, "dvar": 0.00152067781892, "dmean": 0.0365505889058, "max": 0.305911362171, "var": 0.00308377109468, "mean": 0.0959671363235}, "spectral_contrast_valleys": {"dmean2": [0.800305843353, 0.949470698833, 0.875463426113, 0.704944193363, 0.717552602291, 0.714915573597], "median": [-7.24047756195, -7.39223527908, -7.47784852982, -7.24908733368, -6.91770362854, -8.84843063354], "min": [-27.6695232391, -27.3877925873, -27.6660251617, -27.5444812775, -27.4891605377, -27.3183784485], "dvar2": [0.49371945858, 0.72082978487, 0.690117061138, 0.465204894543, 0.485943287611, 0.459510326385], "dvar": [0.245205715299, 0.311340034008, 0.301384299994, 0.216371625662, 0.221171557903, 0.207660764456], "dmean": [0.501358151436, 0.590204417706, 0.544314324856, 0.450248688459, 0.471473842859, 0.495697319508], "max": [-5.11604213715, -5.12884187698, -5.31633663177, -5.4902048111, -5.15438699722, -7.27607011795], "var": [3.05055832863