{"tonal": {"thpcp": [1, 0.555236577988, 0.258886903524, 0.268727093935, 0.292998284101, 0.411281019449, 0.440086066723, 0.266336023808, 0.219468057156, 0.27426341176, 0.186104997993, 0.163621813059, 0.25387263298, 0.264957815409, 0.550927996635, 0.786950170994, 0.469277709723, 0.206611171365, 0.182651132345, 0.150560483336, 0.208438023925, 0.309547632933, 0.248430877924, 0.187625050545, 0.216806650162, 0.207176759839, 0.32098710537, 0.45218539238, 0.390193730593, 0.512456715107, 0.547695815563, 0.27324166894, 0.153060421348, 0.160058796406, 0.217241540551, 0.706286609173], "hpcp": {"dmean2": [0.218052893877, 0.169631376863, 0.14701244235, 0.14051425457, 0.119616769254, 0.105128057301, 0.142244532704, 0.169922173023, 0.228042036295, 0.261956304312, 0.215551123023, 0.132349297404, 0.116542950273, 0.107599772513, 0.125589609146, 0.166620388627, 0.154604151845, 0.130181491375, 0.140811830759, 0.154802381992, 0.181721583009, 0.225641280413, 0.222253367305, 0.265500575304, 0.250300586224, 0.179112151265, 0.13090915978, 0.131257861853, 0.175122261047, 0.26258918643, 0.268540352583, 0.248642504215, 0.192405477166, 0.193719208241, 0.225964784622, 0.257623970509], "median": [0.048585627228, 0.0330707505345, 0.0210481882095, 0.0157431289554, 0.0125137921423, 0.0185514241457, 0.023804878816, 0.0438455566764, 0.110423870385, 0.174895614386, 0.121840938926, 0.0317193418741, 0.0170063227415, 0.0166764874011, 0.0298488494009, 0.0410692468286, 0.0335938595235, 0.0174529738724, 0.0138581134379, 0.0168035626411, 0.0438665226102, 0.0565172545612, 0.0834074616432, 0.0711320638657, 0.059203132987, 0.0252452772111, 0.0121801458299, 0.0116519387811, 0.029719941318, 0.169930160046, 0.250821709633, 0.155531406403, 0.0316633060575, 0.0232269279659, 0.0260167680681, 0.0426370948553], "min": [0, 0, 0, 0, 0, 0, 0, 0, 0, 0, 0, 0, 0, 0, 0, 0, 0, 0, 0, 0, 0, 0, 0, 0, 0, 0, 0, 0, 0, 0, 0, 0, 0, 0, 0, 0], "dvar2": [0.0958023220301, 0.075453646481, 0.0713824108243, 0.0726386904716, 0.0598285123706, 0.0398850627244, 0.0598699748516, 0.0658089667559, 0.0826484188437, 0.106999740005, 0.0718417093158, 0.0467950925231, 0.0471650250256, 0.0429634563625, 0.0504640303552, 0.0746429413557, 0.0679796040058, 0.0661089867353, 0.081712923944, 0.0877982750535, 0.0792351588607, 0.109814047813, 0.0961301773787, 0.124632552266, 0.121324501932, 0.0968523323536, 0.0806255191565, 0.0791985243559, 0.094006113708, 0.108282715082, 0.126692473888, 0.101698108017, 0.0987276062369, 0.1047867015, 0.124165832996, 0.138992741704], "dvar": [0.0424850098789, 0.0275682527572, 0.0258139166981, 0.0287246163934, 0.0214915722609, 0.0146372010931, 0.0232365634292, 0.0240290891379, 0.03258292377, 0.0440986789763, 0.026233414188, 0.0168542638421, 0.0177505239844, 0.0153142716736, 0.0182898044586, 0.0289208237082, 0.0253739077598, 0.0238535087556, 0.0295752622187, 0.0305475741625, 0.0289488099515, 0.0424621812999, 0.0340647622943, 0.0467572845519, 0.0476759634912, 0.0340511836112, 0.0284937359393, 0.0281408783048, 0.0335747227073, 0.0417992249131, 0.0525603741407, 0.0370810180902, 0.0351338125765, 0.038249310106, 0.0459675081074, 0.0545194149017], "dmean": [0.130112543702, 0.0973635017872, 0.0830251649022, 0.080600105226, 0.0679193809628, 0.0598622076213, 0.0824256464839, 0.0966204926372, 0.135299012065, 0.156400725245, 0.125747680664, 0.0755071341991, 0.0664523690939, 0.0605459101498, 0.0725342333317, 0.0987851321697, 0.0900933668017, 0.0733345597982, 0.0795619040728, 0.086319796741, 0.105460338295, 0.132181227207, 0.127943739295, 0.153049647808, 0.144892171025, 0.100832566619, 0.0713004842401, 0.0716686323285, 0.096283338964, 0.153573974967, 0.157890170813, 0.14405490458, 0.107107684016, 0.108121201396, 0.127658724785, 0.149190858006], "max": [1, 1, 1, 1, 1, 1, 1, 1, 1, 1, 1, 1, 1, 1, 1, 1, 1, 1, 1, 1, 1, 1, 1, 1, 1, 1, 1, 1, 1, 1, 1, 1, 1, 1, 1, 1], "var": [0.0808277949691, 0.0342481695116, 0.0315583087504, 0.0564083009958, 0.0282194111496, 0.017494501546, 0.0394331552088, 0.0295033939183, 0.074653826654, 0.128784134984, 0.0480058342218, 0.0215446334332, 0.0263529103249, 0.0169221498072, 0.0223505292088, 0.0452940911055, 0.0298919305205, 0.0272927302867, 0.0396447330713, 0.0313918590546, 0.0399134755135, 0.0775789320469, 0.0432507544756, 0.0836983174086, 0.10440274328, 0.0388463176787, 0.0254041496664, 0.0272829756141, 0.0285498015583, 0.0919891893864, 0.162725940347, 0.0568652264774, 0.0365022867918, 0.0451678596437, 0.049051836133, 0.0717713311315], "mean": [0.186958149076, 0.11314535141, 0.0932348147035, 0.116513073444, 0.0790614560246, 0.0695101097226, 0.107850626111, 0.112559854984, 0.234046220779, 0.334313571453, 0.199359402061, 0.0877729281783, 0.0775941833854, 0.0639613717794, 0.0885490179062, 0.131502583623, 0.105538852513, 0.0797072127461, 0.0921041890979, 0.088013201952, 0.136362314224, 0.192098215222, 0.165762796998, 0.217702776194, 0.232673108578, 0.11607901752, 0.0650233998895, 0.0679964646697, 0.0922889411449, 0.3000459373, 0.424821794033, 0.235876604915, 0.109980799258, 0.114161126316, 0.124472059309, 0.174721136689]}, "tuning_equal_tempered_deviation": 0.0155369918793, "chords_changes_rate": 0.0449945293367, "key_key": "C", "tuning_diatonic_strength": 0.615059912205, "key_scale": "major", "chords_number_rate": 0.000820568937343, "tuning_frequency": 440.254241943, "tuning_nontempered_energy_ratio": 0.686136543751, "chords_histogram": [36.6110496521, 2.13347911835, 11.5905361176, 0.232494533062, 0.382932156324, 0.143599569798, 0.191466078162, 0.280361056328, 0.629102826118, 0.0752188190818, 0, 0.423960626125, 0.0683807432652, 3.93873095512, 2.83780097961, 7.56974840164, 1.38129103184, 5.08068943024, 2.72839164734, 1.77106130123, 0.526531755924, 0.779540479183, 15.775437355, 4.84819459915], "key_strength": 0.80382245779, "chords_key": "C", "chords_strength": {"dmean2": 0.00785314384848, "median": 0.537645220757, "min": -1, "dvar2": 0.000295359117445, "dvar": 0.000179191833013, "dmean": 0.00797344185412, "max": 0.805671095848, "var": 0.00952636357397, "mean": 0.532789409161}, "chords_scale": "major", "hpcp_entropy": {"dmean2": 0.94475120306, "median": 1.99458265305, "min": 0, "dvar2": 0.658474504948, "dvar": 0.25470456481, "dmean": 0.568010091782, "max": 4.51105070114, "var": 0.681373298168, "mean": 1.95511758327}}, "metadata": {"audio_properties": {"equal_loudness": 0, "codec": "mp3", "downmix": "mix", "sample_rate": 44100, "analysis_sample_rate": 44100, "bit_rate": 320012, "md5_encoded": "71fdbf89b6c98795da9d02e99b77389a", "length": 679.053039551, "replay_gain": -6.08292007446, "lossless": false}, "version": {"essentia_build_sha": "2d9f1f26377add8aeb1075a9c2973f962c4f09fd", "essentia": "2.1-beta2", "extractor": "music 1.0", "essentia_git_sha": "v2.1_beta2-1-ge3940c0"}, "tags": {"title": ["Time Is Tight"], "language": ["eng"], "media": ["CD"], "albumartist": ["Booker T. & The MG\u2019s"], "musicbrainz_recordingid": ["1c9e6b8e-11c7-4aab-bcf0-d53047a3f6a9"], "musicbrainz_albumartistid": ["377015fb-c02f-4b05-960b-e0df6a7ea99e"], "discnumber": ["3/3"], "bpm": ["0"], "catalognumber": ["3SCD-4424-2"], "musicbrainz album release country": ["US"], "musicbrainz album type": ["compilation"], "musicbrainz album status": ["Official"], "originaldate": ["1998"], "acoustid_fingerprint": ["AQADtMnVSFkUQQtfKPqL6ygaTT14Bd2Xwle4oeqCvsN1MAxyvcEvBf2GKf0F_LiJ5kU_JH-R38M1Gv00PHmGHodn5GTxMkTfwt-h48RzHLl4HNbxCe7x4z3yFfqH-0J-3EyGcmFGIN_hBzoV_ETtSPANH19mGPlxHfhhC66KX8hzXIN2Bc9xoSfxLFkklDveQzzeBdeJfoJnN3jhTsfh_Wh5fDvCw_LwRcej7DD-4cc9EV_wd0HYSMqgDzm2scYu4TTxE_2SED_yHLrwSPB1HCkOq8eRK8CFQ_6hZ0EtZsSRww_uDN9xk0LDK8nwHFeOI8cPHTe-4x3SX3g2YceRShz4412Ddxkx_fjRoM2IF32LB-KPE4cf_MQHH78C-ICPK_gDnTB_-MdvQjWJp8fhh_jhH8d1OGcw5kgP5sVxmpiiORd6CbmOnlCWtBPaJcdxzsHTKuAbHPahZ5JxVF_wLGHg48dzvMeP-9hxfMeBP_hxiI-KH67j4ESPbsfGF0--QL9A68EjH76CXsnxBXnwJ5iTnOiHRvRx4wh_bA_0Ovgb5Ddy8BUuHTo2XgitKDlODuGLLxrEH89x4oV4nLB25PAdID0-F8qPp_hLXAx6UvhxOoddvMdPo2-UUDBPvPmhH34eUMcf9AeOM8EdQz3x4zRePHkVeEsOlcJDHMARPkkOyxnu4x_OC-mK-_BbHHLh4-AhPgn6412OJxf6wOihBz_68BCv4OvxHyfY8EMuPrgiY0-O9JiPK9IxKTug78KzwA6PMzlewVQY6NvxQ0XzHNqz43oAOwzyAT9-od9xGzl86GHx5_hyBX2ORxmOHeIbPPjRfQnhb8h1HJ865Dy-QC--4xC5Cw_-4IKoa3g24wt-Ev0Joj2ah4d-YvKFZ8Z_-Pjx9cJxfMeFnIWP48g3HLpxiB8X4c3CoLqRo-mL_kIuoW94iDyeFh8ZJlDu4zzCG38CPix-4o9QiTni9NB3hPkH_vhyoX-wPUfj4GOOPMO_DNVp-IJc4jh8GYePH9dx-PiFHz5wPLiOl8N1_IOfHVc4BdeP7Ycu6BJ6gcefBE90YmKXI4wRfUC_BOLRgzx-PC5xbN7xHKcOnai_FD7O4z5--IB_HId_BT7OC-Lx4w-cHTt5tHmg7QG1444FX-hT3MYs5Wi441oS5bB-PDq87uiPq0KX0oWhcg5-9Ao-HH9CTEyUOYHaHM_RVBl25LiG5jq6_GgXeNSHHD-MHXJ6eEePnvAP5klQb3KgdznK8OgfuA66ZniOwr-gHdDY4F-O-8j-4tjqGMeR5imqONBsNHtwXEGtjEKzTcEnaCmqrbiOP6gNH_1w1E3gw5SKmxb8BuF5nKiPFP3w43HQPtAsBscFu8ETGTdeom8G8Rm-wO_xHN-RV3CWHT-O98Ml5J9x6D7-4J-GLmSH40c_NNfxFxp1NItK4WxQobGPl02I52hODeEbBl92NM4R-sc7C_0NLaGSbcajZEeT7-gfaOEp9Mcs6Aevo0q6C38U1BqeREfOnDiTIPvRjB0mecOVQB6PW1KRLyXOb8A7jXgUVfiMnhmaHc_y4OTWYUeYHj-2-TjDYr-QP4e17bhOeETPErGhZweVH_kuvEHlHf7BpKrx5AgzGW3E4EsuqLSD5gymNcCfQ5eOcF6Oy8HDGXYeXA9OHg4OMZbQR8KpH082PDxcJ_hxHclCJdSOKT8u_NCXS8ipoo0bnJSxL9k0PLgpnDBj_Pgc3BuOE7nG4UUvok90iDpkC81xKWvxjKkwfQmaiikehbjcQD6D6YaPMwGew7OOH7aOU4qDNBQ3DmWHJ0dfI1-sYLsC7fiDZ7mInFSEPc2R5jjuG60fPBlkHcZH_PC0Y3_wHKIf9GCXHP8QS4uOfkkR5gl6Hh4ZlIkCRn1wuArRTcC-E_2DZpLwozx85MuO6g9q4rnhdRf-CsEH_UivHBU548ZzIg-hPYsUxDxh9fh4oi-QH9qPq0d44g92Fk-W8GB0SXh0HM-Ba8fWwW-E8GEP9cdZvNCmI30E_Mfx5biNJM8ipBFOsNrh5jhlnLiPP0EffMmFj8X1wKqP98hDEvrRg-qGpwp-bD4u4vJ6-EdfXDlyH3gr9Fbg7cLh_Tj8ZDiPPc-RH8klXujxgz--HD-uo0uOnil-DqE9aNm-GHk0nPLRWEszTMeDM9xx6oHFI8dxLsfdoTo-OOqNHvlRH6_wo9eJH3moBXM5o1pePIV_6MEP_8gTUG1EdM0ChryQ6mQK7QtCSTrc6LhBXKiR-4TmzQiTh7iU48dJNBGJetkYfBx6HwAIAJwAQoSSAjigAUEGAAIQAYQpoBRBSgHkDFSJGEOAFAQ5AQQRECGBhGAQIGAUI4QhZiwhjCjFDEGEGMWAKYQQwggywhhCBCcCgECQUcIog4RAxjFyrBMCA4iAQUhYgohVDCqOjADGSQ0MIYJBIZVWhjlEgVPOKOUoUMAgIYwxFDChjEYKECQoAJQRJTxSjBGBnVTWMISENUgg9IAVEgGBIKICCSWQEgIRYZwoDhGDHEEYCGKAdoxwCBilyjAiLneKKYWQskJIAQQADhgAoCAACGSwQ4RpJJADDBOAGGMEIUGoIQgAKhASDBBBlGUIKaCIAAABUwRRDBEHjCKAASIkEYwhIQBCTFClBEEUICGAIQoYqAETlBBjHDPESEQYYkIyYzgCQkAgkCBUEAAcEcCMZ0DDYmABzRBCBGI0AEgBQYgyQDCiDCNKCiEAJIYQAQxQSBjlqDFLYAioooAIJ04xzDArgDDEAEWQMhwpgZBQUEPkFDFWGAOBY0goipQi0hpBAFCUUCCMQEQAYBhBgAigIAHMQCAsJYJRYAwTjAABrgBJEEecAYAIoyQwAAClAAOIUiMcR4owpYgJAgBiABGAQmYYk8oZQJhiAhjGLEHEEAcBBQBh4I0gEDhHiFFMAOSAIAoIJBARgDijgBEAGCMARkIIwIhByApIBCBKCkGMEkIIgwgxhjAhBDGKEAIEIIgAQgxSBjBBhCBKcUMYAIIQoYATQDHnkKCkCtAEgJAQyYhggDAmpHGEAGAAJYQQJQAgRQjmkIHKAYqUIAICAYRAoBhEDIPUKEIIAwA5RQBizGAlJCBaGWeQEUoYAJSxhDnmACCAKQKFEYAShIwhijoKmNGEGSAIEYwwbShQCAiBBALIMUWNIgwxRYARBggCkCEIKU2cJQAAggg5xACDVCBCUUGccpgpaQQTSAigQAMIGEMYsmAiQokxWDgFAA"], "date": ["1998"], "file_name": "64 - Booker T. & The MG\u2019s - Time Is Tight.mp3", "album": ["Time Is Tight"], "script": ["Latn"], "asin": ["B00000C2PD"], "musicbrainz_albumid": ["c4d2da9e-da27-4c51-b48f-43c14b413cc3"], "artist": ["Booker T. & The MG\u2019s"], "musicbrainz_releasegroupid": ["8fe774ec-1d18-328a-adae-ecac50881a5b"], "tracknumber": ["64/65"], "label": ["Stax"], "albumartistsort": ["Booker T. & The MG\u2019s"], "acoustid_id": ["1f7c0576-ca61-4770-9497-1c16ce6a5f5d"], "musicbrainz_artistid": ["377015fb-c02f-4b05-960b-e0df6a7ea99e"]}}, "rhythm": {"bpm_histogram_first_peak_bpm": {"dmean2": 0, "median": 140, "min": 140, "dvar2": 0, "dvar": 0, "dmean": 0, "max": 140, "var": 0, "mean": 140}, "bpm": 139.363464355, "bpm_histogram_second_peak_spread": {"dmean2": 0, "median": 0.372781097889, "min": 0.372781097889, "dvar2": 0, "dvar": 0, "dmean": 0, "max": 0.372781097889, "var": 0, "mean": 0.372781097889}, "bpm_histogram_first_peak_weight": {"dmean2": 0, "median": 0.460416674614, "min": 0.460416674614, "dvar2": 0, "dvar": 0, "dmean": 0, "max": 0.460416674614, "var": 0, "mean": 0.460416674614}, "onset_rate": 3.10572910309, "beats_position": [0.580498874187, 1.17260766029, 1.764716506, 2.34521532059, 3.01859402657, 3.69197273254, 4.3653512001, 5.10838985443, 5.86303853989, 6.59446716309, 7.32589578629, 8.05732440948, 8.80036258698, 9.54340076447, 10.2980499268, 11.0526981354, 11.7957363129, 12.538775444, 13.2934236526, 14.0480718613, 14.8027210236, 15.545759201, 16.3004074097, 17.0666656494, 17.8329238892, 18.5991840363, 19.3538322449, 20.0968704224, 20.8399085999, 21.5945568085, 22.3608150482, 23.1038551331, 23.8468933105, 24.589931488, 25.3445796967, 26.0992279053, 26.8538761139, 27.5969161987, 28.3515644073, 29.0946025848, 29.8376407623, 30.5690689087, 31.3004989624, 32.0203170776, 32.7285270691, 33.4367332458, 34.1449432373, 34.8531494141, 35.5613594055, 36.2579574585, 36.96616745, 37.6627655029, 38.3593635559, 39.0791816711, 39.7989997864, 40.5188217163, 41.2618598938, 41.981678009, 42.6898841858, 43.4097061157, 44.1179122925, 44.8377304077, 45.5807685852, 46.3238105774, 47.0668487549, 47.8098869324, 48.5529251099, 49.3191833496, 50.0738296509, 50.8052597046, 51.5366897583, 52.2681159973, 53.0111541748, 53.7541923523, 54.5088424683, 55.240272522, 55.9600906372, 56.6799087524, 57.3997268677, 58.1079368591, 58.8161430359, 59.5243530273, 60.2325630188, 60.9291610718, 61.6257591248, 62.3339653015, 63.042175293, 63.7503852844, 64.4818115234, 65.2016296387, 65.9214477539, 66.6412658691, 67.3726959229, 68.0925140381, 68.8239440918, 69.566986084, 70.3100204468, 71.053062439, 71.7960968018, 72.5275268555, 73.2589569092, 74.001991272, 74.7450332642, 75.4996795654, 76.2659378052, 77.0089797974, 77.7636260986, 78.5182723999, 79.2613143921, 79.9927444458, 80.7009506226, 81.4207687378, 82.1289749146, 82.8487930298, 83.591835022, 84.3348770142, 85.0895233154, 85.8441696167, 86.5872116089, 87.3302459717, 88.0732879639, 88.8163223267, 89.5825805664, 90.3372344971, 91.1150970459, 91.8813552856, 92.6476211548, 93.3906555176, 94.1104736328, 94.8186798096, 95.5733337402, 96.3279800415, 97.0826263428, 97.825668335, 98.5687026978, 99.3117446899, 100.054779053, 100.774604797, 101.51763916, 102.249069214, 102.992103577, 103.735145569, 104.466575623, 105.209609985, 105.964263916, 106.718910217, 107.473556519, 108.22820282, 108.971244812, 109.702674866, 110.445709229, 111.177139282, 111.966621399, 112.756095886, 113.522354126, 114.288612366, 115.043266296, 115.797912598, 116.517730713, 117.249160767, 117.957366943, 118.677185059, 119.455055237, 120.232925415, 121.045623779, 121.869926453, 122.694236755, 123.448883057, 124.203536987, 124.958183289, 125.71282959, 126.513923645, 127.315010071, 128.116104126, 128.917190552, 129.706665039, 130.496139526, 131.285614014, 132.063491821, 132.806533813, 133.549560547, 134.292602539, 135.035644531, 135.755462646, 136.4868927, 137.253143311, 138.01940918, 138.78565979, 139.551925659, 140.31817627, 141.084442139, 141.850692749, 142.628570557, 143.313552856, 143.998550415, 144.579040527, 145.14793396, 145.716827393, 146.285705566, 146.854598999, 147.423492432, 148.003982544, 148.584487915, 149.083709717, 149.582946777, 150.082168579, 150.500137329, 150.929702759, 151.34765625, 151.788833618, 152.230026245, 152.671203613, 153.112380981, 153.55355835, 153.994735718, 154.435913086, 154.853881836, 155.283447266, 155.713012695, 156.130966187, 156.560546875, 156.990112305, 157.408065796, 157.826034546, 158.255599976, 158.673553467, 159.103118896, 159.532699585, 159.962265015, 160.380218506, 160.798187256, 161.216140747, 161.634094238, 162.052062988, 162.470016479, 162.887985229, 163.317550659, 163.747116089, 164.16506958, 164.594650269, 165.024215698, 165.453781128, 165.883346558, 166.301315308, 166.730880737, 167.160446167, 167.590026855, 168.031204224, 168.460769653, 168.890335083, 169.319900513, 169.761077881, 170.190658569, 170.620223999, 171.049789429, 171.479354858, 171.920547485, 172.350112915, 172.779678345, 173.197631836, 173.615600586, 174.056777954, 174.486343384, 174.915908813, 175.345489502, 175.775054932, 176.204620361, 176.634185791, 177.063766479, 177.493331909, 177.922897339, 178.352462769, 178.782043457, 179.211608887, 179.652786255, 180.082351685, 180.511917114, 180.929885864, 181.359451294, 181.789016724, 182.218597412, 182.648162842, 183.077728271, 183.507293701, 183.925262451, 184.366439819, 184.796005249, 185.225570679, 185.655151367, 186.084716797, 186.525894165, 186.967071533, 187.408248901, 187.837814331, 188.26739502, 188.708572388, 189.138137817, 189.567703247, 189.997268677, 190.415237427, 190.844802856, 191.262756348, 191.703948975, 192.145126343, 192.574691772, 193.004257202, 193.433822632, 193.86340332, 194.29296875, 194.72253418, 195.152099609, 195.581680298, 196.022857666, 196.464035034, 196.893600464, 197.323165894, 197.741134644, 198.170700073, 198.600265503, 199.029830933, 199.459411621, 199.900588989, 200.31854248, 200.74810791, 201.177688599, 201.607254028, 202.036819458, 202.466384888, 202.895965576, 203.325531006, 203.755096436, 204.196273804, 204.625839233, 205.055419922, 205.484985352, 205.914550781, 206.332519531, 206.762084961, 207.191650391, 207.62121582, 208.050796509, 208.46875, 208.886703491, 209.304672241, 209.722625732, 210.140579224, 210.570159912, 210.999725342, 211.44090271, 211.87046814, 212.300048828, 212.729614258, 213.159179688, 213.600357056, 214.029922485, 214.459503174, 214.900680542, 215.34185791, 215.783035278, 216.212600708, 216.642166138, 217.083358765, 217.512924194, 217.942489624, 218.383666992, 218.82484436, 219.254425049, 219.683990479, 220.125167847, 220.554733276, 220.984298706, 221.425476074, 221.855056763, 222.296234131, 222.725799561, 223.15536499, 223.596542358, 224.037734985, 224.467300415, 224.908477783, 225.349655151, 225.779220581, 226.20880127, 226.649978638, 227.091156006, 227.520721436, 227.950286865, 228.391464233, 228.821044922, 229.250610352, 229.69178772, 230.121353149, 230.550918579, 230.992111206, 231.433288574, 231.862854004, 232.292419434, 232.733596802, 233.16317749, 233.59274292, 234.033920288, 234.463485718, 234.893051147, 235.322631836, 235.752197266, 236.193374634, 236.622940063, 237.052505493, 237.49369812, 237.92326355, 238.352828979, 238.782394409, 239.211975098, 239.641540527, 240.071105957, 240.500671387, 240.930252075, 241.371429443, 241.800994873, 242.230560303, 242.671737671, 243.112915039, 243.542495728, 243.972061157, 244.413238525, 244.842803955, 245.272369385, 245.713562012, 246.143127441, 246.572692871, 247.002258301, 247.431838989, 247.861404419, 248.290969849, 248.732147217, 249.173324585, 249.614501953, 250.044082642, 250.473648071, 250.903213501, 251.332778931, 251.762359619, 252.18031311, 252.60987854, 253.03944397, 253.469024658, 253.886978149, 254.316543579, 254.746124268, 255.187301636, 255.616867065, 256.046447754, 256.487609863, 256.92880249, 257.3699646, 257.799530029, 258.229125977, 258.670288086, 259.111480713, 259.541046143, 259.970611572, 260.411773682, 260.841369629, 261.270935059, 261.712097168, 262.153289795, 262.582855225, 263.012420654, 263.453613281, 263.894775391, 264.32434082, 264.75390625, 265.195098877, 265.636291504, 266.077453613, 266.51864624, 266.94821167, 267.3777771, 267.818939209, 268.260131836, 268.689697266, 269.119262695, 269.560455322, 270.001617432, 270.442810059, 270.883972168, 271.325164795, 271.754730225, 272.184295654, 272.625488281, 273.066650391, 273.49621582, 273.925811768, 274.366973877, 274.796539307, 275.226104736, 275.644073486, 276.062042236, 276.503204346, 276.944396973, 277.385559082, 277.815155029, 278.244720459, 278.685882568, 279.127075195, 279.568237305, 280.009429932, 280.450592041, 280.891784668, 281.332977295, 281.774139404, 282.215332031, 282.656494141, 283.097686768, 283.538848877, 283.968444824, 284.398010254, 284.839172363, 285.28036499, 285.7215271, 286.151092529, 286.580688477, 287.021850586, 287.451416016, 287.892608643, 288.333770752, 288.763336182, 289.192932129, 289.622497559, 290.063659668, 290.504852295, 290.934417725, 291.363983154, 291.805175781, 292.246337891, 292.687530518, 293.128692627, 293.569885254, 294.011047363, 294.45223999, 294.893432617, 295.334594727, 295.775787354, 296.205352783, 296.634918213, 297.076080322, 297.50567627, 297.935241699, 298.376403809, 298.805969238, 299.235565186, 299.676727295, 300.106292725, 300.535858154, 300.977050781, 301.418212891, 301.847808838, 302.277374268, 302.718536377, 303.159729004, 303.589294434, 304.018859863, 304.448425293, 304.877990723, 305.31918335, 305.760345459, 306.189941406, 306.619506836, 307.060668945, 307.501861572, 307.943023682, 308.372589111, 308.802185059, 309.231750488, 309.661315918, 310.090881348, 310.520446777, 310.950012207, 311.379577637, 311.820770264, 312.250335693, 312.679901123, 313.12109375, 313.55065918, 313.980224609, 314.421386719, 314.850982666, 315.280548096, 315.721710205, 316.162902832, 316.592468262, 317.022033691, 317.451599121, 317.881164551, 318.322357178, 318.751922607, 319.181488037, 319.622680664, 320.063842773, 320.493408203, 320.922973633, 321.36416626, 321.793731689, 322.223297119, 322.652862549, 323.082427979, 323.523620605, 323.953186035, 324.382751465, 324.823944092, 325.253509521, 325.683074951, 326.112640381, 326.542205811, 326.97177124, 327.401367188, 327.830932617, 328.260498047, 328.690063477, 329.119628906, 329.549194336, 329.978759766, 330.419952393, 330.849517822, 331.279083252, 331.708648682, 332.138214111, 332.579406738, 333.020568848, 333.450164795, 333.879730225, 334.309295654, 334.738861084, 335.180053711, 335.609619141, 336.03918457, 336.46875, 336.89831543, 337.327880859, 337.757446289, 338.187011719, 338.616607666, 339.046173096, 339.475738525, 339.905303955, 340.334869385, 340.752838135, 341.182403564, 341.611968994, 342.029937744, 342.459503174, 342.889068604, 343.318634033, 343.748199463, 344.177764893, 344.607330322, 345.036895752, 345.466491699, 345.896057129, 346.325622559, 346.755187988, 347.184753418, 347.602722168, 348.0206604, 348.450256348, 348.879821777, 349.309387207, 349.738952637, 350.168518066, 350.598083496, 351.027648926, 351.457214355, 351.875183105, 352.293151855, 352.722717285, 353.152282715, 353.570251465, 353.988189697, 354.406158447, 354.824127197, 355.253692627, 355.683258057, 356.101226807, 356.530792236, 356.960357666, 357.378326416, 357.796264648, 358.225830078, 358.655426025, 359.073364258, 359.491333008, 359.920898438, 360.350463867, 360.768432617, 361.186401367, 361.6043396, 362.033905029, 362.463470459, 362.881439209, 363.299407959, 363.728973389, 364.158538818, 364.599731445, 365.029296875, 365.458862305, 365.888427734, 366.317993164, 366.735961914, 367.165527344, 367.595092773, 368.024658203, 368.454223633, 368.872192383, 369.31338501, 369.742950439, 370.172515869, 370.590484619, 371.020050049, 371.449615479, 371.879180908, 372.308746338, 372.726715088, 373.156280518, 373.585845947, 374.003814697, 374.42175293, 374.83972168, 375.25769043, 375.687255859, 376.116821289, 376.546386719, 376.975952148, 377.405517578, 377.835083008, 378.253051758, 378.682617188, 379.112182617, 379.530151367, 379.948120117, 380.36605835, 380.795654297, 381.225219727, 381.643157959, 382.061126709, 382.490692139, 382.908660889, 383.338226318, 383.767791748, 384.197357178, 384.626922607, 385.056488037, 385.497680664, 385.927246094, 386.356811523, 386.786376953, 387.215942383, 387.64553833, 388.07510376, 388.493041992, 388.911010742, 389.328979492, 389.746917725, 390.176513672, 390.606079102, 391.035644531, 391.465209961, 391.906402588, 392.335968018, 392.765533447, 393.206695557, 393.647888184, 394.077453613, 394.507019043, 394.936584473, 395.366149902, 395.784118652, 396.213684082, 396.631652832, 397.049621582, 397.479187012, 397.920349121, 398.349914551, 398.77947998, 399.220672607, 399.650238037, 400.079803467, 400.520996094, 400.962158203, 401.391723633, 401.82131958, 402.262481689, 402.703674316, 403.133239746, 403.562805176, 403.980773926, 404.398712158, 404.828277588, 405.269470215, 405.699035645, 406.140228271, 406.581390381, 407.022583008, 407.440551758, 407.881713867, 408.299682617, 408.740844727, 409.158813477, 409.576782227, 410.006347656, 410.435913086, 410.865478516, 411.306671143, 411.759460449, 412.200622559, 412.630187988, 413.071380615, 413.500946045, 413.942138672, 414.371704102, 414.801269531, 415.242431641, 415.683624268, 416.113189697, 416.542755127, 416.960723877, 417.378662109, 417.808258057, 418.237823486, 418.667388916, 419.096954346, 419.526519775, 419.967712402, 420.397277832, 420.838439941, 421.279632568, 421.720794678, 422.138763428, 422.579956055, 423.009521484, 423.450683594, 423.880279541, 424.298217773, 424.716186523, 425.145751953, 425.575317383, 426.004882813, 426.434448242, 426.875640869, 427.316802979, 427.757995605, 428.199188232, 428.628753662, 429.058319092, 429.499481201, 429.940673828, 430.381866455, 430.823028564, 431.264221191, 431.705383301, 432.146575928, 432.576141357, 433.005706787, 433.435272217, 433.864837646, 434.306030273, 434.747192383, 435.165161133, 435.60635376, 436.047515869, 436.511932373, 436.941497803, 437.371063232, 437.812225342, 438.253417969, 438.694580078, 439.135772705, 439.576965332, 440.018127441, 440.447692871, 440.877258301, 441.318450928, 441.748016357, 442.177581787, 442.618774414, 443.048339844, 443.477905273, 443.907470703, 444.337036133, 444.766601563, 445.19619751, 445.637359619, 446.078552246, 446.508117676, 446.937683105, 447.378845215, 447.808441162, 448.238006592, 448.679168701, 449.108734131, 449.538299561, 449.956268311, 450.397460938, 450.81539917, 451.256591797, 451.697784424, 452.127349854, 452.556915283, 452.998077393, 453.43927002, 453.868835449, 454.298400879, 454.739593506, 455.169158936, 455.598724365, 456.028289795, 456.457855225, 456.887420654, 457.316986084, 457.746582031, 458.176147461, 458.61730957, 459.058502197, 459.488067627, 459.917633057, 460.358825684, 460.776763916, 461.217956543, 461.647521973, 462.077087402, 462.495056152, 462.924621582, 463.354187012, 463.783752441, 464.213317871, 464.654510498, 465.084075928, 465.513641357, 465.954833984, 466.384399414, 466.813964844, 467.243530273, 467.673095703, 468.11428833, 468.54385376, 468.973419189, 469.414581299, 469.844177246, 470.273742676, 470.691680908, 471.132873535, 471.550842285, 471.992004395, 472.433197021, 472.874359131, 473.303924561, 473.733520508, 474.174682617, 474.615875244, 475.045440674, 475.475006104, 475.904571533, 476.334136963, 476.77532959, 477.193267822, 477.622833252, 478.052429199, 478.493591309, 478.923156738, 479.352722168, 479.770690918, 480.200256348, 480.629821777, 481.059387207, 481.488983154, 481.930145264, 482.371337891, 482.80090332, 483.23046875, 483.6484375, 484.07800293, 484.507568359, 484.948730469, 485.389923096, 485.819488525, 486.249053955, 486.690246582, 487.119812012, 487.549377441, 487.990570068, 488.431732178, 488.861297607, 489.290863037, 489.708831787, 490.138397217, 490.567962646, 490.997528076, 491.427124023, 491.856689453, 492.286254883, 492.727416992, 493.157012939, 493.586578369, 494.016143799, 494.445709229, 494.886871338, 495.316467285, 495.746032715, 496.175598145, 496.605163574, 497.034729004, 497.464294434, 497.905487061, 498.33505249, 498.76461792, 499.205810547, 499.646972656, 500.076538086, 500.506103516, 500.935668945, 501.365264893, 501.806427002, 502.247619629, 502.677185059, 503.106750488, 503.547912598, 503.977508545, 504.407073975, 504.825012207, 505.254608154, 505.684173584, 506.102111816, 506.543304443, 506.972869873, 507.402435303, 507.832000732, 508.261566162, 508.691162109, 509.120727539, 509.550292969, 509.979858398, 510.409423828, 510.838989258, 511.256958008, 511.67489624, 512.104492188, 512.534057617, 512.963623047, 513.393188477, 513.822753906, 514.252319336, 514.693481445, 515.123046875, 515.55267334, 515.98223877, 516.411804199, 516.829711914, 517.270935059, 517.700500488, 518.130065918, 518.559631348, 518.989196777, 519.418762207, 519.848327637, 520.289489746, 520.730712891, 521.16027832, 521.58984375, 522.01940918, 522.448974609, 522.890136719, 523.319702148, 523.749267578, 524.178833008, 524.608398438, 525.038024902, 525.467590332, 525.908752441, 526.338317871, 526.767883301, 527.20904541, 527.63861084, 528.06817627, 528.497741699, 528.927307129, 529.356933594, 529.786499023, 530.227661133, 530.657226563, 531.086791992, 531.527954102, 531.957519531, 532.387084961, 532.816650391, 533.246276855, 533.675842285, 534.117004395, 534.546569824, 534.987731934, 535.417297363, 535.846862793, 536.276428223, 536.705993652, 537.135620117, 537.565185547, 537.983093262, 538.412658691, 538.842285156, 539.260192871, 539.689758301, 540.107727051, 540.514099121, 540.95526123, 541.38482666, 541.81439209, 542.24395752, 542.673522949, 543.103149414, 543.532714844, 543.973876953, 544.415039063, 544.856201172, 545.297424316, 545.715393066, 546.156555176, 546.586120605, 547.027282715, 547.456848145, 547.898010254, 548.327636719, 548.757202148, 549.198364258, 549.639526367, 550.069091797, 550.498657227, 550.939880371, 551.38104248, 551.82220459, 552.263366699, 552.692932129, 553.122558594, 553.552124023, 553.993286133, 554.434448242, 554.864013672, 555.293579102, 555.734802246, 556.164367676, 556.605529785, 557.035095215, 557.464660645, 557.882629395, 558.312194824, 558.741760254, 559.182922363, 559.612487793, 560.042053223, 560.471618652, 560.901184082, 561.319152832, 561.760375977, 562.201538086, 562.642700195, 563.072265625, 563.501831055, 563.919799805, 564.349365234, 564.778930664, 565.208496094, 565.638061523, 566.067626953, 566.497253418, 566.926818848, 567.356384277, 567.774291992, 568.192260742, 568.610229492, 569.039794922, 569.469360352, 569.898925781, 570.328491211, 570.746459961, 571.164428711, 571.582397461, 572.011962891, 572.44152832, 572.88269043, 573.323913574, 573.741821289, 574.171447754, 574.601013184, 575.018920898, 575.460144043, 575.889709473, 576.319274902, 576.737243652, 577.155212402, 577.573120117, 577.991088867, 578.420654297, 578.861877441, 579.291442871, 579.721008301, 580.15057373, 580.59173584, 581.02130127, 581.450866699, 581.880432129, 582.309997559, 582.739562988, 583.169128418, 583.598693848, 584.028259277, 584.446228027, 584.864196777, 585.282165527, 585.700134277, 586.118103027, 586.536071777, 586.965637207, 587.395202637, 587.813171387, 588.231079102, 588.660644531, 589.090209961, 589.519836426, 589.949401855, 590.36730957, 590.78527832, 591.20324707, 591.62121582, 592.05078125, 592.48034668, 592.89831543, 593.31628418, 593.745849609, 594.175415039, 594.604980469, 595.034545898, 595.464111328, 595.882080078, 596.311645508, 596.741210938, 597.170776367, 597.588745117, 598.018310547, 598.447875977, 598.865844727, 599.283813477, 599.701782227, 600.119689941, 600.549316406, 600.978881836, 601.408447266, 601.838012695, 602.279174805, 602.708740234, 603.138305664, 603.567871094, 603.997436523, 604.427001953, 604.856567383, 605.297790527, 605.715698242, 606.145324707, 606.574890137, 606.992797852, 607.410766602, 607.828735352, 608.246704102, 608.664672852, 609.094238281, 609.523803711, 609.953369141, 610.38293457, 610.80090332, 611.21887207, 611.6484375, 612.07800293, 612.507568359, 612.937133789, 613.366699219, 613.796264648, 614.225830078, 614.655395508, 615.096557617, 615.514526367, 615.944091797, 616.373657227, 616.814880371, 617.244445801, 617.67401123, 618.10357666, 618.53314209, 618.96270752, 619.403869629, 619.845092773, 620.297851563, 620.715820313, 621.122192383, 621.528503418, 621.934875488, 622.341186523, 622.759155273, 623.177124023, 623.606689453, 624.024658203, 624.454223633, 624.872192383, 625.266906738, 625.684875488, 626.102844238, 626.520812988, 626.938781738, 627.379943848, 627.821105957, 628.273925781, 628.72668457, 629.191101074, 629.643859863, 630.096679688, 630.537841797, 630.979064941, 631.420227051, 631.803344727, 632.198059082, 632.581237793, 632.964355469, 633.347473145, 633.718994141, 634.102111816, 634.485229492, 634.880004883, 635.263122559, 635.657836914, 636.075805664, 636.493774414, 636.900146484, 637.318054199, 637.736022949, 638.153991699, 638.571960449, 638.989929199, 639.407897949, 639.825866699, 640.243774414, 640.661743164, 641.079711914, 641.497680664, 641.915649414, 642.345214844, 642.774780273, 643.181152344, 643.599060059, 644.017028809, 644.446594238, 644.876159668, 645.305725098, 645.723693848, 646.164855957, 646.559631348, 646.954345703, 647.349121094, 647.73223877, 648.115356445, 648.498474121, 648.881591797, 649.264770508, 649.60144043, 649.938110352, 650.263183594, 650.599914551, 650.936584473, 651.273254395, 651.609985352, 651.946655273, 652.283325195, 652.643249512, 652.991577148, 653.35144043, 653.711364746, 654.198974609, 654.686584473, 655.162597656, 655.63861084, 656.114624023, 656.590637207, 657.043457031, 657.49621582, 657.93737793, 658.34375, 658.75012207, 659.156433105, 659.562805176, 659.969177246, 660.387084961, 660.805053711, 661.223022461, 661.629394531, 662.035705566, 662.430480957, 662.836791992, 663.243164063, 663.649536133, 664.067443848, 664.473815918, 664.880187988, 665.286499023, 665.692871094, 666.041137695, 666.389465332, 666.737792969, 667.08605957, 667.434387207, 667.794250488, 668.154174805, 668.525695801, 668.920471191, 669.315185547, 669.709899902, 670.104675293, 670.499389648, 670.882507324, 671.265686035, 671.648803711, 672.031921387, 672.415039063, 672.798156738, 673.169677734, 673.54119873, 673.912719727, 674.284240723, 674.667358398, 675.050537109, 675.433654785, 675.816772461, 676.199890137, 676.583007813, 676.977783203, 677.372497559, 677.767272949, 678.161987305], "beats_loudness": {"dmean2": 0.0304085928947, "median": 0.0330285951495, "min": 2.33448468889e-11, "dvar2": 0.00081634131493, "dvar": 0.00025434201234, "dmean": 0.0161880552769, "max": 0.16468539834, "var": 0.000552051176783, "mean": 0.0333824530244}, "danceability": 1.28155612946, "bpm_histogram_second_peak_weight": {"dmean2": 0, "median": 0.0736111104488, "min": 0.0736111104488, "dvar2": 0, "dvar": 0, "dmean": 0, "max": 0.0736111104488, "var": 0, "mean": 0.0736111104488}, "beats_count": 1441, "bpm_histogram_second_peak_bpm": {"dmean2": 0, "median": 81, "min": 81, "dvar2": 0, "dvar": 0, "dmean": 0, "max": 81, "var": 0, "mean": 81}, "bpm_histogram_first_peak_spread": {"dmean2": 0, "median": 0.413793087006, "min": 0.413793087006, "dvar2": 0, "dvar": 0, "dmean": 0, "max": 0.413793087006, "var": 0, "mean": 0.413793087006}, "beats_loudness_band_ratio": {"dmean2": [0.290010213852, 0.2936591506, 0.118068397045, 0.11433339864, 0.105953849852, 0.0539307110012], "median": [0.488675534725, 0.256537139416, 0.0638026967645, 0.0849640220404, 0.0687755867839, 0.0363933667541], "min": [0, 0, 0, 0, 0, 0], "dvar2": [0.0602907985449, 0.0513416193426, 0.0146344313398, 0.0185384713113, 0.0187945012003, 0.00614516576752], "dvar": [0.0189805682749, 0.0167666785419, 0.00523195508868, 0.00691096112132, 0.0068092639558, 0.00206352584064], "dmean": [0.160907521844, 0.160600781441, 0.0652514994144, 0.0653107985854, 0.0610434599221, 0.0296875257045], "max": [0.98457711935, 0.849762737751, 0.892216086388, 0.880400061607, 0.919369935989, 0.910322248936], "var": [0.0603898763657, 0.0279695242643, 0.007745326031, 0.0128625873476, 0.0162041727453, 0.00225352309644], "mean": [0.477618426085, 0.271133452654, 0.0875649824739, 0.111899860203, 0.106851272285, 0.0458251349628]}}, "lowlevel": {"barkbands_spread": {"dmean2": 6.46482610703, "median": 16.7463512421, "min": 0.371544122696, "dvar2": 61.0717811584, "dvar": 23.9911460876, "dmean": 4.04631328583, "max": 78.1853103638, "var": 164.802474976, "mean": 18.2180633545}, "melbands_spread": {"dmean2": 10.0568265915, "median": 17.5642623901, "min": 0.630432188511, "dvar2": 185.083740234, "dvar": 74.4317245483, "dmean": 6.32576274872, "max": 150.338104248, "var": 398.03604126, "mean": 23.0529727936}, "hfc": {"dmean2": 7.89532852173, "median": 8.35215377808, "min": 1.09107200673e-16, "dvar2": 237.474868774, "dvar": 97.9320373535, "dmean": 5.15090084076, "max": 173.346115112, "var": 302.486206055, "mean": 14.529633522}, "barkbands_kurtosis": {"dmean2": 4.9241900444, "median": 1.17872309685, "min": -1.92485189438, "dvar2": 79.9789505005, "dvar": 32.5368919373, "dmean": 3.06652951241, "max": 232.289398193, "var": 118.151260376, "mean": 5.19514703751}, "gfcc": {"mean": [-90.7857055664, 118.645042419, -114.735420227, 25.6364498138, -44.6259841919, 4.59903097153, -33.3275985718, -5.02914237976, -24.635761261, -5.8355512619, -16.9827518463, -4.25741529465, -11.224565506], "icov": [[0.000149434112245, -4.84935007989e-05, 0.000176720874151, -0.000367979606381, 0.000102405560028, -0.000301387772197, 6.17884943495e-05, 4.06397739425e-05, 0.000228410863201, -0.000247820018558, 0.00059392512776, -0.000587592949159, 0.000431061169365], [-4.84935007989e-05, 0.00141506106593, -0.000491811952088, 0.000317437428748, -0.000684129830915, 0.000635505653918, -0.00125116982963, 0.00156976038124, -0.00111264188308, 0.00178035639692, -0.00244135921821, 0.0022381353192, -0.00155681790784], [0.000176720874151, -0.000491811952088, 0.000880021252669, -0.000523364869878, 0.000494162784889, -0.000378991157049, -0.000248103722697, -0.000226243573707, 0.000586185778957, -0.000452973530628, 0.00159203656949, -0.00108740176074, 0.00124611379579], [-0.000367979606381, 0.000317437428748, -0.000523364869878, 0.00232914439403, -0.000731201202143, -7.86163946032e-05, 0.000302504893625, -0.000471764215035, -0.00112818542402, 0.00140360626392, -0.0016711873468, 0.00139820948243, -0.00090993498452], [0.000102405560028, -0.000684129830915, 0.000494162784889, -0.000731201202143, 0.00336604006588, -0.00070396787487, -0.00101978867315, 0.000716461392585, 0.000345810549334, -0.00190452998504, 0.00192059588153, -0.00118217943236, 0.00136660388671], [-0.000301387772197, 0.000635505653918, -0.000378991157049, -7.86163946032e-05, -0.00070396787487, 0.00490032043308, -0.00245285546407, 0.00059294787934, 0.000498984591104, -0.00124935782515, -0.00174153782427, 0.000664602499455, -0.000707277853508], [6.17884943495e-05, -0.00125116982963, -0.000248103722697, 0.000302504893625, -0.00101978867315, -0.00245285546407, 0.0105086220428, -0.00530670071021, 0.000534849532414, 0.00240778084844, -0.00270414189436, 0.000515151419677, -0.00109867227729], [4.06397739425e-05, 0.00156976038124, -0.000226243573707, -0.000471764215035, 0.000716461392585, 0.00059294787934, -0.00530670071021, 0.0140695851296, -0.00639910576865, 0.000226716321777, 0.00502182310447, -0.00416266359389, 0.00182819063775], [0.000228410863201, -0.00111264188308, 0.000586185778957, -0.00112818542402, 0.000345810549334, 0.000498984591104, 0.000534849532414, -0.00639910576865, 0.0146157518029, -0.0069051864557, -0.000704442325514, 0.00573635147884, -0.00358780007809], [-0.000247820018558, 0.00178035639692, -0.000452973530628, 0.00140360626392, -0.00190452998504, -0.00124935782515, 0.00240778084844, 0.000226716321777, -0.0069051864557, 0.0189096983522, -0.00858878064901, 0.00179731845856, 0.00329657248221], [0.00059392512776, -0.00244135921821, 0.00159203656949, -0.0016711873468, 0.00192059588153, -0.00174153782427, -0.00270414189436, 0.00502182310447, -0.000704442325514, -0.00858878064901, 0.0230241753161, -0.0131777795032, 0.00677181733772], [-0.000587592949159, 0.0022381353192, -0.00108740176074, 0.00139820948243, -0.00118217943236, 0.000664602499455, 0.000515151419677, -0.00416266359389, 0.00573635147884, 0.00179731845856, -0.0131777795032, 0.0233410466462, -0.011972126551], [0.000431061169365, -0.00155681790784, 0.00124611379579, -0.00090993498452, 0.00136660388671, -0.000707277853508, -0.00109867227729, 0.00182819063775, -0.00358780007809, 0.00329657248221, 0.00677181733772, -0.011972126551, 0.0215147212148]], "cov": [[26082.9472656, -5104.99951172, -3675.41967773, 3182.38134766, 281.764465332, 1769.87756348, -510.764892578, 342.518371582, -409.458984375, 491.541412354, -113.454292297, 667.453369141, -295.894958496], [-5104.99951172, 3109.0168457, 1303.82702637, -486.226776123, 226.749099731, -354.87322998, 355.246337891, -261.927520752, 133.55116272, -224.450744629, 131.168716431, -248.262252808, 122.728363037], [-3675.41967773, 1303.82702637, 2380.61279297, -142.470062256, -75.5120391846, -154.20199585, 212.587463379, -22.3136940002, 13.4542207718, -154.28213501, -44.9872398376, -117.198432922, 11.3825483322], [3182.38134766, -486.226776123, -142.470062256, 962.492004395, 127.221359253, 260.416473389, -13.9788913727, 77.78165435