{"tonal": {"thpcp": [1, 0.649206578732, 0.157068744302, 0.0741638690233, 0.0994599834085, 0.501870989799, 0.910630345345, 0.584664344788, 0.198930174112, 0.174496054649, 0.11486954987, 0.143704965711, 0.238622710109, 0.208849176764, 0.437035769224, 0.879962205887, 0.648758113384, 0.144729316235, 0.0402696430683, 0.059576548636, 0.278699755669, 0.503983318806, 0.325550705194, 0.0787358507514, 0.0331276245415, 0.0720146149397, 0.339618384838, 0.610781371593, 0.461891055107, 0.482885122299, 0.814285993576, 0.579303979874, 0.184990972281, 0.126925244927, 0.146890357137, 0.554847419262], "hpcp": {"dmean2": [0.0584507696331, 0.0463649220765, 0.0583631247282, 0.0758262500167, 0.0850474312901, 0.146962732077, 0.229899764061, 0.190253078938, 0.0632695108652, 0.0243256650865, 0.0349562764168, 0.0911696329713, 0.113574571908, 0.093084000051, 0.0422728210688, 0.0244230050594, 0.0421633981168, 0.10648933053, 0.145130231977, 0.135063961148, 0.147410914302, 0.157051071525, 0.129779368639, 0.0763957947493, 0.0597073212266, 0.0743633285165, 0.157916918397, 0.189856156707, 0.172773525119, 0.0808224380016, 0.0352699495852, 0.050679191947, 0.132794469595, 0.161815717816, 0.145053744316, 0.0800867527723], "median": [0.00159936479758, 0.00149050622713, 0.00298080313951, 0.00341898039915, 0.00668492447585, 0.0516986213624, 0.113034494221, 0.0697324499488, 0.00738087110221, 0.000705289479811, 0.00094743759837, 0.00555139919743, 0.0107605215162, 0.00947977136821, 0.00256944959983, 0.000822987523861, 0.00153612392023, 0.0157986134291, 0.0305052939802, 0.0293058715761, 0.0495366156101, 0.044845983386, 0.0275304242969, 0.00787198264152, 0.00280593940988, 0.00570607278496, 0.0485156215727, 0.0909497439861, 0.0578062683344, 0.00722720660269, 0.00196732394397, 0.00525118410587, 0.0357784628868, 0.0611368454993, 0.0383666232228, 0.00674187205732], "min": [0, 0, 0, 0, 0, 0, 0, 0, 0, 0, 0, 0, 0, 0, 0, 0, 0, 0, 0, 0, 0, 0, 0, 0, 0, 0, 0, 0, 0, 0, 0, 0, 0, 0, 0, 0], "dvar2": [0.0313436724246, 0.0175260249525, 0.0227853581309, 0.0342877171934, 0.0377698093653, 0.0480288416147, 0.0956567600369, 0.072712816298, 0.0166946649551, 0.00922700017691, 0.0142110083252, 0.0356778204441, 0.0528027415276, 0.0362567566335, 0.0138487955555, 0.00955877639353, 0.0152444513515, 0.0428166873753, 0.0668055787683, 0.056895762682, 0.0547200925648, 0.0671384111047, 0.0499387197196, 0.0342056117952, 0.0373570658267, 0.034558236599, 0.0562952756882, 0.0842884331942, 0.0664861798286, 0.0332079604268, 0.015684697777, 0.0190402120352, 0.0485686138272, 0.0699990466237, 0.0598752088845, 0.0333654806018], "dvar": [0.012154548429, 0.00688898097724, 0.00824740435928, 0.0139923440292, 0.0141531312838, 0.0188678912818, 0.0390330217779, 0.029843878001, 0.00677877105772, 0.00331968511455, 0.00502105243504, 0.0139323771, 0.0216323193163, 0.0145970946178, 0.00545144500211, 0.00327949528582, 0.00555567117408, 0.0169590841979, 0.0265454314649, 0.0218117162585, 0.0207800641656, 0.0286356899887, 0.0213273279369, 0.0125706866384, 0.0136094102636, 0.0124224675819, 0.0223164968193, 0.0346514843404, 0.0263083484024, 0.0118553889915, 0.00572216277942, 0.00686028087512, 0.0189917553216, 0.0297742392868, 0.0241399575025, 0.0123012019321], "dmean": [0.0346612893045, 0.027833968401, 0.0346231013536, 0.0453417077661, 0.0502018555999, 0.0881210416555, 0.138099804521, 0.116425968707, 0.0382153056562, 0.0136357881129, 0.0199321247637, 0.0551352612674, 0.0684739947319, 0.0575886704028, 0.0248730555177, 0.0134194027632, 0.0240790341049, 0.0642405897379, 0.086830355227, 0.0803579762578, 0.0886775776744, 0.0952042415738, 0.0804552733898, 0.0446899272501, 0.0333219356835, 0.043046053499, 0.0961347147822, 0.113601312041, 0.105187371373, 0.0465206429362, 0.0202484410256, 0.029176523909, 0.083116799593, 0.100032031536, 0.0901942178607, 0.047832261771], "max": [1, 1, 1, 1, 1, 1, 1, 1, 1, 1, 1, 1, 1, 1, 1, 1, 1, 1, 1, 1, 1, 1, 1, 1, 1, 1, 1, 1, 1, 1, 1, 1, 1, 1, 1, 1], "var": [0.0299966819584, 0.0128103299066, 0.0143623929471, 0.0389348864555, 0.0254908129573, 0.0399781391025, 0.112290464342, 0.0777867510915, 0.00990620162338, 0.00359671749175, 0.00470041576773, 0.033454656601, 0.0889945924282, 0.0430934801698, 0.00561645440757, 0.00205946876667, 0.00510880118236, 0.0432351827621, 0.0970501303673, 0.063496850431, 0.0485475771129, 0.127377703786, 0.0826837271452, 0.0184593014419, 0.0206384006888, 0.0150344073772, 0.0585135705769, 0.148114204407, 0.0762042477727, 0.0134909702465, 0.00824109837413, 0.00696819648147, 0.0558545328677, 0.140214249492, 0.075172714889, 0.020151315257], "mean": [0.0550422742963, 0.0362339504063, 0.0453296676278, 0.0752701088786, 0.0658784732223, 0.137856662273, 0.277571439743, 0.20464143157, 0.0456527844071, 0.0127024808899, 0.0187925677747, 0.087911836803, 0.158974304795, 0.102690294385, 0.0248360931873, 0.0104496339336, 0.0227159764618, 0.107127740979, 0.192662224174, 0.145696908236, 0.152319177985, 0.256854832172, 0.182733133435, 0.0583527460694, 0.0400367453694, 0.0463344529271, 0.175018653274, 0.315435647964, 0.204782903194, 0.049545083195, 0.023393927142, 0.0313732251525, 0.158307999372, 0.28724527359, 0.184423968196, 0.0627496689558]}, "tuning_equal_tempered_deviation": 0.0489295348525, "chords_changes_rate": 0.0575801767409, "key_key": "E", "tuning_diatonic_strength": 0.671174168587, "key_scale": "major", "chords_number_rate": 0.00267249764875, "tuning_frequency": 437.465789795, "tuning_nontempered_energy_ratio": 0.712095022202, "chords_histogram": [29.1302242279, 9.79105949402, 29.1788139343, 2.01652097702, 3.54713320732, 0.364431500435, 1.45772600174, 0.898931026459, 0.121477164328, 0.655976653099, 0.145772591233, 0, 0, 0.753158390522, 0, 0.194363459945, 0.340136051178, 2.86686110497, 0, 3.42565608025, 0.315840631723, 3.96015548706, 3.59572410583, 7.24003887177], "key_strength": 0.808705210686, "chords_key": "B", "chords_strength": {"dmean2": 0.00705328257754, "median": 0.534465968609, "min": 0.270960181952, "dvar2": 5.56909508305e-05, "dvar": 6.95549606462e-05, "dmean": 0.00965840928257, "max": 0.79642701149, "var": 0.0108507350087, "mean": 0.537858605385}, "chords_scale": "major", "hpcp_entropy": {"dmean2": 0.901163637638, "median": 1.6128256321, "min": 0, "dvar2": 0.567321121693, "dvar": 0.211635485291, "dmean": 0.529513597488, "max": 4.27291965485, "var": 0.534238398075, "mean": 1.57077777386}}, "metadata": {"audio_properties": {"equal_loudness": 0, "codec": "mp3", "downmix": "mix", "sample_rate": 44100, "analysis_sample_rate": 44100, "bit_rate": 256035, "md5_encoded": "b5286683445fe529ccfedc837423e663", "length": 191.059585571, "replay_gain": -0.855117797852, "lossless": false}, "version": {"essentia_build_sha": "70f2e5ece6736b2c40cc944ad0e695b16b925413", "essentia": "2.1-beta2", "extractor": "music 1.0", "essentia_git_sha": "v2.1_beta2"}, "tags": {"title": ["Messen und Motetten (1989 - Remaster): - Ibo michi ad montem - 3-stimmige Motette"], "artist": ["Hilliard Ensemble"], "date": ["1989"], "genre": ["Classical"], "length": ["192"], "album": ["Preco preheminenciae"], "tracknumber": ["12"], "discnumber": ["1"], "musicbrainz_recordingid": ["1cbcdef9-3899-478c-af64-6f3546ac5601"], "file_name": "2181048.mp3"}}, "rhythm": {"bpm_histogram_first_peak_bpm": {"dmean2": 0, "median": 167, "min": 167, "dvar2": 0, "dvar": 0, "dmean": 0, "max": 167, "var": 0, "mean": 167}, "bpm": 164.202224731, "bpm_histogram_second_peak_spread": {"dmean2": 0, "median": 0, "min": 0, "dvar2": 0, "dvar": 0, "dmean": 0, "max": 0, "var": 0, "mean": 0}, "bpm_histogram_first_peak_weight": {"dmean2": 0, "median": 0.12790697813, "min": 0.12790697813, "dvar2": 0, "dvar": 0, "dmean": 0, "max": 0.12790697813, "var": 0, "mean": 0.12790697813}, "onset_rate": 1.37117493153, "beats_position": [0.371519267559, 0.766258478165, 1.16099774837, 1.55573689938, 1.95047616959, 2.34521532059, 2.73995471001, 3.15791368484, 3.5758728981, 3.99383211136, 4.41179132462, 4.77170038223, 5.13160991669, 5.4915189743, 5.85142850876, 6.19972801208, 6.5596370697, 6.90793657303, 7.26784563065, 7.6277551651, 7.98766422272, 8.35918331146, 8.73070240021, 9.0906124115, 9.43891143799, 9.79882049561, 10.1587295532, 10.5070295334, 10.866938591, 11.2152376175, 11.5635375977, 11.9814968109, 12.3994560242, 12.8174142838, 13.235373497, 13.6881628036, 14.1409521103, 14.5937414169, 15.0813598633, 15.5689792633, 16.0565986633, 16.4977779388, 16.9389572144, 17.3801364899, 17.8097057343, 18.1580047607, 18.5295238495, 18.9010429382, 19.272562027, 19.6324710846, 20.0039901733, 20.363899231, 20.7238082886, 21.0721092224, 21.4204082489, 21.7570972443, 22.0937862396, 22.430475235, 22.7787742615, 23.1270751953, 23.4753742218, 23.8236732483, 24.1835823059, 24.5434913635, 24.9034004211, 25.3561897278, 25.8205890656, 26.2733783722, 26.7958278656, 27.3066654205, 27.8291149139, 28.3631744385, 28.8856239319, 29.4080715179, 29.9305210114, 30.4529705048, 30.9754180908, 31.5094776154, 32.0435371399, 32.5775947571, 33.0768241882, 33.5760536194, 34.0636711121, 34.5629005432, 35.0621299744, 35.572971344, 36.0838088989, 36.5946464539, 37.186756134, 37.7788658142, 38.3593635559, 39.0443534851, 39.7293434143, 40.4259414673, 41.1225395203, 41.830745697, 42.5389556885, 43.2587738037, 43.9902038574, 44.7216300964, 45.4646720886, 46.1148300171, 46.7533760071, 47.3919258118, 48.0304756165, 48.6690254211, 49.2959632874, 49.9229011536, 50.6078910828, 51.2928771973, 51.9894790649, 52.6860771179, 53.3710632324, 54.0560531616, 54.7410430908, 55.4492492676, 56.157459259, 56.8772773743, 57.5970954895, 58.340133667, 59.0831718445, 59.8262138367, 60.5692520142, 61.2542381287, 61.9276161194, 62.6009979248, 63.2743759155, 63.9825820923, 64.6907958984, 65.3873901367, 66.0839920044, 66.7805862427, 67.4888000488, 68.1970062256, 68.9168243408, 69.6250305176, 70.3448486328, 71.064666748, 71.7728805542, 72.481086731, 73.2009048462, 73.9207229614, 74.5360565186, 75.1513824463, 75.766708374, 76.3472061157, 76.9160995483, 77.4849853516, 78.0422668457, 78.6111526489, 79.075553894, 79.5515594482, 80.0275726318, 80.5151901245, 81.0028076172, 81.4904327393, 81.9780502319, 82.4656677246, 82.9416732788, 83.4292984009, 83.9169158936, 84.4045333862, 84.7760543823, 85.1475753784, 85.5190887451, 85.8906097412, 86.2389068604, 86.5872116089, 86.935508728, 87.2838058472, 87.6437149048, 87.9804077148, 88.3054885864, 88.6305618286, 88.9672546387, 89.2923355103, 89.6290206909, 89.965713501, 90.3023986816, 90.6971435547, 91.1034927368, 91.5098419189, 91.9045791626, 92.3109283447, 92.7172775269, 93.1120147705, 93.5067520142, 93.8898849487, 94.2846221924, 94.6793670654, 95.1553726196, 95.6313781738, 96.1073913574, 96.5833969116, 97.1058502197, 97.6282958984, 98.1275253296, 98.6383666992, 99.1492080688, 99.6600418091, 100.170883179, 100.693328857, 101.26222229, 101.831108093, 102.411605835, 102.957275391, 103.502944946, 104.037002563, 104.571060181, 105.105125427, 105.627571106, 106.150024414, 106.672470093, 107.078819275, 107.485168457, 107.891517639, 108.297866821, 108.657775879, 109.017684937, 109.377593994, 109.737503052, 110.097412109, 110.457321167, 110.817230225, 111.177139282, 111.53704834, 111.896957397, 112.256866455, 112.616775513, 112.953468323, 113.290153503, 113.638458252, 113.986755371, 114.323448181, 114.660133362, 114.996826172, 115.333511353, 115.670204163, 115.995285034, 116.331970215, 116.657051086, 116.982131958, 117.3072052, 117.655509949, 117.992195129, 118.340499878, 118.677185059, 119.025482178, 119.373786926, 119.722084045, 120.070381165, 120.418685913, 120.755371094, 121.103668213, 121.440361023, 121.765441895, 122.113739014, 122.462036133, 122.810340881, 123.170249939, 123.541763306, 123.913284302, 124.273193359, 124.633102417, 125.004623413, 125.376144409, 125.736053467, 126.107574463, 126.47908783, 126.862220764, 127.245346069, 127.616867065, 127.988388062, 128.348297119, 128.708206177, 129.079727173, 129.451248169, 129.822769165, 130.194290161, 130.554199219, 130.97215271, 131.40171814, 131.831283569, 132.272476196, 132.713653564, 133.154830933, 133.607620239, 134.02557373, 134.45513916, 134.884719849, 135.314285278, 135.743850708, 136.161804199, 136.579772949, 136.986114502, 137.392471313, 137.810424805, 138.228393555, 138.646347046, 139.064300537, 139.482269287, 139.865386963, 140.248519897, 140.631652832, 141.014785767, 141.386306763, 141.757827759, 142.129333496, 142.489242554, 142.86076355, 143.220672607, 143.580581665, 143.940490723, 144.288803101, 144.648712158, 145.008621216, 145.356918335, 145.716827393, 146.07673645, 146.436645508, 146.796554565, 147.168075562, 147.539596558, 147.911102295, 148.282623291, 148.654144287, 149.025665283, 149.397186279, 149.768707275, 150.15184021, 150.534957886, 150.929702759, 151.324447632, 151.707565308, 152.102310181, 152.485443115, 152.86857605, 153.263305664, 153.646438599, 154.029571533, 154.412689209, 154.888702393, 155.364715576, 155.84072876, 156.316726685, 156.804351807, 157.291976929, 157.767974854, 158.255599976, 158.743209839, 159.254058838, 159.764892578, 160.275741577, 160.798187256, 161.309020996, 161.831466675, 162.342315674, 162.853149414, 163.375595093, 163.886444092, 164.397277832, 164.908111572, 165.407348633, 165.906570435, 166.417419434, 166.788925171, 167.160446167, 167.543579102, 167.915100098, 168.286621094, 168.65814209, 169.029663086, 169.389572144, 169.761077881, 170.121002197, 170.480911255, 170.852416992, 171.223937988, 171.595458984, 171.96697998, 172.338500977, 172.698410034, 173.058319092, 173.429840088, 173.812973022, 174.196090698, 174.567611694, 174.950744629, 175.345489502, 175.728607178, 176.100128174, 176.47164917, 176.843170166, 177.226303101, 177.609436035, 177.992553711, 178.375686646, 178.770431519, 179.165161133, 179.559906006, 179.908203125, 180.256500244, 180.604797363, 180.953109741, 181.289794922, 181.626480103, 181.963165283, 182.299865723, 182.636550903, 182.984848022, 183.321533203, 183.658233643, 183.994918823, 184.331604004, 184.668289185, 185.004989624, 185.353286743, 185.689971924, 186.038269043, 186.386566162, 186.723266602, 187.059951782, 187.408248901, 187.756546021, 188.116455078, 188.464752197, 188.813064575, 189.161361694, 189.509658813, 189.857955933, 190.21786499], "beats_loudness": {"dmean2": 0.0198932755738, "median": 0.00767853204161, "min": 1.92933043763e-07, "dvar2": 0.00112300622277, "dvar": 0.000418582232669, "dmean": 0.0117740528658, "max": 0.14881926775, "var": 0.00052902760217, "mean": 0.015574763529}, "danceability": 0.824112951756, "bpm_histogram_second_peak_weight": {"dmean2": 0, "median": 0.109302327037, "min": 0.109302327037, "dvar2": 0, "dvar": 0, "dmean": 0, "max": 0.109302327037, "var": 0, "mean": 0.109302327037}, "beats_count": 431, "bpm_histogram_second_peak_bpm": {"dmean2": 0, "median": 172, "min": 172, "dvar2": 0, "dvar": 0, "dmean": 0, "max": 172, "var": 0, "mean": 172}, "bpm_histogram_first_peak_spread": {"dmean2": 0, "median": 0, "min": 0, "dvar2": 0, "dvar": 0, "dmean": 0, "max": 0, "var": 0, "mean": 0}, "beats_loudness_band_ratio": {"dmean2": [0.029419079423, 0.2442073524, 0.347305476665, 0.195916980505, 0.0863139778376, 0.0126529028639], "median": [0.00152475759387, 0.178876191378, 0.47752609849, 0.0943609476089, 0.0309528112411, 0.00184954307042], "min": [4.09589711126e-06, 0.000567679235246, 0.00418624747545, 5.16417494509e-05, 0.000102735131804, 4.61767958768e-05], "dvar2": [0.00737602217123, 0.0547370761633, 0.0786551162601, 0.0526904910803, 0.016207261011, 0.000419570569647], "dvar": [0.00355377909727, 0.0236668903381, 0.0327045768499, 0.0226178970188, 0.00651136040688, 0.000160278970725], "dmean": [0.0184518024325, 0.148015663028, 0.201003655791, 0.121660917997, 0.0504562295973, 0.00711706699803], "max": [0.931065261364, 0.985567867756, 0.98281955719, 0.897985994816, 0.783446907997, 0.146415814757], "var": [0.0248816311359, 0.074012093246, 0.0739542767406, 0.0482910461724, 0.00940571818501, 0.000244230119279], "mean": [0.0459204390645, 0.277332425117, 0.45972648263, 0.188521042466, 0.0662038996816, 0.00761846359819]}}, "lowlevel": {"barkbands_spread": {"dmean2": 3.07416892052, "median": 6.14091682434, "min": 0.159471407533, "dvar2": 24.7214012146, "dvar": 9.24896526337, "dmean": 1.97617125511, "max": 74.0116043091, "var": 48.436882019, "mean": 7.98328542709}, "melbands_spread": {"dmean2": 4.23976898193, "median": 8.58481693268, "min": 0.255030483007, "dvar2": 28.9504394531, "dvar": 14.2090587616, "dmean": 2.80404925346, "max": 147.336029053, "var": 59.5145530701, "mean": 10.7436485291}, "hfc": {"dmean2": 4.14564466476, "median": 4.88390636444, "min": 1.12858497839e-16, "dvar2": 108.415039062, "dvar": 55.0892982483, "dmean": 2.96483159065, "max": 332.490905762, "var": 431.473114014, "mean": 11.4132518768}, "barkbands_kurtosis": {"dmean2": 5.40201187134, "median": 2.94451022148, "min": -1.84487807751, "dvar2": 117.041664124, "dvar": 49.6194953918, "dmean": 3.54531526566, "max": 330.895629883, "var": 485.898651123, "mean": 8.60694122314}, "gfcc": {"mean": [-203.249221802, 137.98197937, -177.572891235, -47.7385749817, -64.2890472412, -45.2235565186, -50.1512832642, 0.917256772518, -13.0721292496, -19.8568649292, 6.14423179626, 3.44671726227, -12.6194410324], "icov": [[0.00112423615064, -0.00107919436414, 0.0018795945216, -0.000832595338579, 0.00141751114279, -0.000458851834992, 0.000900177576113, -5.57412895432e-05, -0.000548345851712, 0.000708365580067, -0.00127937784418, 0.000800783920567, 6.01318643021e-05], [-0.00107919436414, 0.0039111347869, -0.002753542969, 0.00267657660879, -0.00259337155148, 0.00217169965617, -0.00108332873788, 0.00131958606653, -0.000610077288002, 0.00176820007619, 0.00111948850099, -0.000276947743259, 0.000682499841787], [0.0018795945216, -0.002753542969, 0.00476471241564, -0.00301281618886, 0.00279806763865, -0.00111181545071, 0.00109383405652, -0.000563189794775, 0.000119130374514, -0.000244003080297, -0.000223605180508, 0.000279290950857, 0.00038253882667], [-0.000832595338579, 0.00267657660879, -0.00301281618886, 0.00487695680931, -0.00203076074831, 0.000752182444558, 0.00108542211819, 0.000557227875106, 0.000708627980202, 0.000297458871501, 0.00178032496478, -0.000606931338552, 0.000140687407111], [0.00141751114279, -0.00259337155148, 0.00279806763865, -0.00203076074831, 0.00517537631094, -0.00169705448207, 0.00238463422284, -0.00134098960552, 5.26479489054e-05, -0.000928056368139, -0.00129948998801, 0.000910105358344, 0.000442604039563], [-0.000458851834992, 0.00217169965617, -0.00111181545071, 0.000752182444558, -0.00169705448207, 0.00512771401554, -0.002722409321, 0.00130826688837, -0.000232030841289, -0.00126644491684, 0.0019631262403, -0.000769488920923, 0.00106225383934], [0.000900177576113, -0.00108332873788, 0.00109383405652, 0.00108542211819, 0.00238463422284, -0.002722409321, 0.00712778931484, -0.0047462885268, 0.00234076450579, 9.3139038654e-05, -0.000760688679293, -0.0018126363866, 0.00206045783125], [-5.57412895432e-05, 0.00131958606653, -0.000563189794775, 0.000557227875106, -0.00134098960552, 0.00130826688837, -0.0047462885268, 0.00957429874688, -0.00322042428888, 0.00321376533248, -0.000466917845188, 0.00225931941532, -0.00165159802418], [-0.000548345851712, -0.000610077288002, 0.000119130374514, 0.000708627980202, 5.26479489054e-05, -0.000232030841289, 0.00234076450579, -0.00322042428888, 0.0104806730524, -0.00710069714114, 0.00194902135991, -0.00132461206522, 0.00064677069895], [0.000708365580067, 0.00176820007619, -0.000244003080297, 0.000297458871501, -0.000928056368139, -0.00126644491684, 9.3139038654e-05, 0.00321376533248, -0.00710069714114, 0.0119901839644, -0.00470192078501, 0.00313120428473, -0.00068716640817], [-0.00127937784418, 0.00111948850099, -0.000223605180508, 0.00178032496478, -0.00129948998801, 0.0019631262403, -0.000760688679293, -0.000466917845188, 0.00194902135991, -0.00470192078501, 0.0139547819272, -0.00723693938926, 0.00248047150671], [0.000800783920567, -0.000276947743259, 0.000279290950857, -0.000606931338552, 0.000910105358344, -0.000769488920923, -0.0018126363866, 0.00225931941532, -0.00132461206522, 0.00313120428473, -0.00723693938926, 0.0126146376133, -0.00634215399623], [6.01318643021e-05, 0.000682499841787, 0.00038253882667, 0.000140687407111, 0.000442604039563, 0.00106225383934, 0.00206045783125, -0.00165159802418, 0.00064677069895, -0.00068716640817, 0.00248047150671, -0.00634215399623, 0.00995423551649]], "cov": [[8417.98925781, 855.659240723, -3606.62060547, -1535.58300781, -476.168823242, -848.245300293, -441.366699219, -108.558914185, 395.003387451, -215.693634033, 727.413330078, -75.9448471069, -34.3788490295], [855.659240723, 1032.49121094, -103.783462524, -402.794769287, 32.2280578613, -370.472229004, 6.53854036331, 4.52946472168, -46.2164306641, -246.961120605, 12.7830581665, -48.3737716675, -76.8308334351], [-3606.62060547, -103.783462524, 2143.13720703, 954.272277832, 124.153320312, 255.738723755, 18.8153095245, -35.4882926941, -209.832992554, 14.726682663, -411.627990723, -25.2127780914, -8.37948322296], [-1535.58300781, -402.794769287, 954.272277832, 985.953796387, 218.593231201, 135.083343506, -324.955963135, -147.747512817, -33.8552627563, 125.946662903, -232.384689331, -64.585319519, 32.5529060364], [-476.168823242, 32.2280578613, 124.153320312, 218.593231201, 484.121154785, 50.7148971558, -215.667877197, -64.6557769775, 74.1790542603, 125.289169312, -54.042514801, -85.7295150757, -37.5425682068], [-848.245300293, -370.472229004, 255.738723755, 135.083343506, 50.7148971558, 481.053833008, 186.226730347, 33.9726753235, -1.55689692497, 121.783676147, -60.3501396179, 8.37248516083, -38.8319854736], [-441.366699219, 6.53854036331, 18.8153095245, -324.955963135, -215.667877197, 186.226730347, 643.105957031, 246.583633423, -148.51701355, -139.408294678, 33.6872825623, 107.311157227, -36.3985404968], [-108.558914185, 4.52946472168, -35.4882926941, -147.747512817, -64.6557769775, 33.9726753235, 246.583633423, 229.017166138, -28.3672161102, -75.2654724121, 8.26964664459, 21.3636245728, -1.79795372486], [395.003387451, -46.2164306641, -209.832992554, -33.8552627563, 74.1790542603, -1.55689692497, -148.51701355, -28.3672161102, 240.13873291, 162.679641724, 40.5141334534, -40.8613739014, -8.27422904968], [-215.693634033, -246.961120605, 14.726682663, 125.946662903, 125.289169312, 121.783676147, -139.408294678, -75.2654724121, 162.679641724, 289.214691162, 24.736448288, -38.4970474243, -7.60518312454], [727.413330078, 12.7830581665, -411.627990723, -232.384689331, -54.042514801, -60.3501396179, 33.6872825623, 8.26964664459, 40.5141334534, 24.736448288, 207.761184692, 80.9361572266, 15.9453954697], [-75.9448471069, -48.3737716675, -25.2127780914, -64.585319519, -85.7295150757, 8.37248516083, 107.311157227, 21.3636245728, -40.8613739014, -38.4970474243, 80.9361572266, 198.998916626, 96.5250930786], [-34.3788490295, -76.8308334351, -8.37948322296, 32.5529060364, -37.5425682068, -38.8319854736, -36.3985404968, -1.79795372486, -8.27422904968, -7.60518312454, 15.9453954697, 96.5250930786, 176.384658813]]}, "spectral_energyband_middle_low": {"dmean2": 0.00360400928184, "median": 0.0046810656786, "min": 3.42305477489e-22, "dvar2": 5.6384018535e-05, "dvar": 2.73708083114e-05, "dmean": 0.00261752703227, "max": 0.217790096998, "var": 0.000182189774932, "mean": 0.00863197818398}, "melbands_crest": {"dmean2": 4.12592697144, "median": 14.4153785706, "min": 2.56075429916, "dvar2": 14.5479784012, "dvar": 6.0089097023, "dmean": 2.65626120567, "max": 31.6118068695, "var": 27.5072135925, "mean": 15.2814741135}, "spectral_kurtosis": {"dmean2": 20.4936714172, "median": 22.7624549866, "min": -1.19023525715, "dvar2": 337.016693115, "dvar": 110.827827454, "dmean": 11.5977897644, "max": 140.79006958, "var": 331.31942749, "mean": 26.4419593811}, "spectral_rms": {"dmean2": 0.000555043458007, "median": 0.00260239443742, "min": 3.1444903105e-12, "dvar2": 4.94293828979e-07, "dvar": 2.4159436407e-07, "dmean": 0.00040479938616, "max": 0.0153456702828, "var": 4.42588543592e-06, "mean": 0.00302271149121}, "zerocrossingrate": {"dmean2": 0.00520801683888, "median": 0.0380859375, "min": 0.0126953125, "dvar2": 7.5147683674e-05, "dvar": 5.77342689212e-05, "dmean": 0.00420180568472, "max": 0.5068359375, "var": 0.000368679844541, "mean": 0.0409070514143}, "silence_rate_60dB": {"dmean2": 0.0947982519865, "median": 0, "min": 0, "dvar2": 0.100144527853, "dvar": 0.0451508536935, "dmean": 0.0473933666945, "max": 1, "var": 0.19935259223, "mean": 0.274969637394}, "erbbands_kurtosis": {"dmean2": 2.82798624039, "median": 0.882663965225, "min": -1.90296840668, "dvar2": 26.6585159302, "dvar": 11.7437257767, "dmean": 1.82745754719, "max": 211.623077393, "var": 127.005683899, "mean": 3.44321656227}, "erbbands": {"dmean2": [3.56120581273e-05, 0.00023592627258, 0.00083026982611, 0.0187885463238, 0.0791846960783, 0.571873545647, 3.18979644775, 7.43957901001, 13.9534235001, 25.1729412079, 23.6682014465, 24.9344673157, 24.2961654663, 24.1378726959, 29.1196784973, 17.9622478485, 14.5957479477, 35.1953582764, 13.7930841446, 3.67436504364, 2.81727147102, 9.75256443024, 7.77332305908, 4.1403055191, 0.816543936729, 0.0472780950367, 0.0158455651253, 0.020546451211, 0.0169393215328, 0.0165846906602, 0.0145626422018, 0.0109264813364, 0.00540120247751, 0.00161994772498, 0.00046133849537, 0.000153697474161, 2.2510494091e-05, 4.45929936177e-06, 2.60548335973e-06, 5.80316282139e-06], "median": [1.27888088173e-05, 0.000101515935967, 0.000385617371649, 0.00383276259527, 0.076256044209, 0.332456350327, 1.69522190094, 5.39212751389, 6.73352336884, 8.59270381927, 5.21988248825, 7.71688556671, 6.69084358215, 3.34341454506, 2.12148809433, 1.97880530357, 2.12902832031, 2.36479330063, 1.25747251511, 0.5933791399, 0.861772060394, 3.11202049255, 2.33618664742, 1.55150556564, 0.267421245575, 0.0233185365796, 0.00645109731704, 0.00451896619052, 0.00385830039158, 0.00314984633587, 0.00194836477749, 0.00134488043841, 0.00058879959397, 0.000209643068956, 0.000107765197754, 5.17413718626e-05, 1.85461103683e-05, 1.19307896966e-05, 3.94046355723e-06, 8.08681215858e-06], "min": [7.2208707339e-22, 9.28639161444e-21, 2.97158108088e-20, 1.07339363607e-19, 2.42779370941e-19, 7.327421775e-20, 1.14068284019e-19, 7.47999588522e-20, 2.85694199054e-19, 1.35068729901e-18, 2.26759488094e-18, 2.11811982874e-18, 1.04294964136e-18, 1.0912543008e-18, 1.48559559723e-18, 1.83346733442e-18, 1.82758401231e-18, 2.27206496497e-18, 3.71387510065e-18, 7.23419986413e-18, 1.07946325476e-17, 1.34142275207e-17, 1.03784051895e-17, 1.22675715576e-17, 1.21326509551e-17, 1.7509252972e-17, 1.37098552542e-17, 1.74593210415e-17, 2.12057758913e-17, 1.44405866073e-17, 1.87228410815e-17, 1.97819019265e-17, 1.31503453248e-17, 1.05150636985e-17, 7.70399378431e-18, 5.54642136946e-18, 3.23712004203e-18, 1.37022354732e-18, 2.80695158871e-19, 3.18344174591e-20], "dvar2": [7.48411732587e-09, 1.9443650956e-07, 3.32916670231e-06, 0.00277655385435, 0.029280366376, 2.30461120605, 74.3707733154, 329.329162598, 1741.55432129, 8047.27685547, 6871.05224609, 4426.20605469, 4828.37890625, 9703.3515625, 18037.7089844, 8124.86181641, 3716.08764648, 35984.7890625, 6679.01367188, 185.778945923, 74.1443634033, 811.275024414, 915.639221191, 150.065567017, 8.82355594635, 0.041288997978, 0.00513723958284, 0.0159841235727, 0.00951233599335, 0.0163619592786, 0.0182644501328, 0.0088719651103, 0.00278073805384, 0.000212908867979, 1.55836878548e-05, 4.13582210967e-06, 3.45113591038e-08, 2.89697293931e-10, 3.09572471824e-11, 1.5294346345e-10], "dvar": [3.91529519916e-09, 8.48114680707e-08, 1.67280813912e-06, 0.00131261581555, 0.0114027038217, 0.995934247971, 30.2868213654, 143.281219482, 1226.10461426, 3292.7565918, 3725.19677734, 2211.21533203, 2373.59960938, 4838.37011719, 8371.86035156, 3437.33251953, 2177.67138672, 20317.3476562, 2469.36157227, 86.4872665405, 30.2636680603, 291.243469238, 354.618804932, 61.7496452332, 3.48371577263, 0.01485602092, 0.00219335150905, 0.00758789246902, 0.00483644334599, 0.00868938304484, 0.00881803687662, 0.00438604457304, 0.00131475750823, 9.78036478045e-05, 7.85015163274e-06, 1.56117380357e-06, 1.4619231159e-08, 1.29306426677e-10, 1.56466731932e-11, 7.69127470046e-11], "dmean": [2.27289019676e-05, 0.000142694130773, 0.000559485692065, 0.0134645877406, 0.052795290947, 0.385494142771, 2.17585396767, 5.29636764526, 11.1564025879, 17.7092113495, 17.1954631805, 17.6822490692, 16.9141769409, 16.8236122131, 20.0955047607, 11.94069767, 10.3304872513, 24.2822303772, 8.65657901764, 2.42301988602, 1.7892510891, 5.92551708221, 4.82828330994, 2.54365348816, 0.512153208256, 0.029310900718, 0.0101935928687, 0.0137217454612, 0.0115909110755, 0.0114572150633, 0.0101293269545, 0.00771104637533, 0.00366203906015, 0.00111465726513, 0.000324447930325, 9.92118293652e-05, 1.48871295096e-05, 2.74101967079e-06, 1.89344279988e-06, 4.21392496719e-06], "max": [0.00213299226016, 0.0125844459981, 0.0329897217453, 0.849512279034, 2.35869526863, 32.9570159912, 166.045181274, 482.98449707, 3493.54711914, 2181.51464844, 1875.21960449, 1501.54736328, 1468.66333008, 2456.3503418, 4238.03466797, 2300.68115234, 2278.58813477, 7747.09472656, 2901.68701172, 471.0184021, 161.377838135, 499.914611816, 876.344299316, 373.536437988, 98.7453155518, 5.37591552734, 1.54225218296, 3.53377842903, 3.69654512405, 5.24713182449, 3.39432787895, 3.07336211205, 1.45675945282, 0.351500600576, 0.118870347738, 0.0856243371964, 0.00656277546659, 0.000693269772455, 0.000147866609041, 0.000303266308038], "var": [1.67823159813e-08, 3.55030522314e-07, 8.56747556099e-06, 0.00863646157086, 0.0386148951948, 3.58211636543, 174.409011841, 936.426818848, 19644.9394531, 8498.07714844, 17955.640625, 8204.34277344, 8877.25976562, 20330.8671875, 36766.7265625, 12190.3007812, 10314.5966797, 83759.578125, 6230.64990234, 384.170410156, 102.872886658, 798.537841797, 938.426391602, 221.946258545, 11.0829391479, 0.0427912063897, 0.00472260545939, 0.0142476288602, 0.0121854431927, 0.0208066720515, 0.0164584480226, 0.00811286270618, 0.00223569548689, 0.000163180506206, 1.58218645083e-05, 1.56320777478e-06, 1.86319777384e-08, 1.81203302363e-10, 1.36396033357e-10, 6.570515243e-10], "mean": [4.32569286204e-05, 0.000248188211117, 0.00166050624102, 0.0477855503559, 0.141785353422, 0.96203649044, 6.09024810791, 15.8329114914, 36.6298789978, 38.3239097595, 40.2156829834, 39.8530731201, 38.6817169189, 38.7996749878, 47.5611991882, 24.9329147339, 24.7879753113, 56.7244987488, 17.9251785278, 5.85041046143, 4.12934732437, 11.7090454102, 10.4116544724, 5.90807390213, 1.15669071674, 0.0751305148005, 0.0224740132689, 0.0249270070344, 0.0220662783831, 0.0216501113027, 0.0167887751013, 0.0128717413172, 0.00600494118407, 0.00178292079363, 0.000582582026254, 0.000185095050256, 3.87228901673e-05, 1.40771062433e-05, 7.7080576375e-06, 1.63291879289e-05]}, "spectral_strongpeak": {"dmean2": 0.807328701019, "median": 1.05965733528, "min": 0, "dvar2": 1.70297324657, "dvar": 0.767793953419, "dmean": 0.526193797588, "max": 24.6433963776, "var": 4.14451646805, "mean": 1.69384121895}, "spectral_energy": {"dmean2": 0.00497701112181, "median": 0.00694176834077, "min": 1.01350151072e-20, "dvar2": 0.000109743137727, "dvar": 5.49981887161e-05, "dmean": 0.00361581356265, "max": 0.241376832128, "var": 0.000467692967504, "mean": 0.0139017123729}, "average_loudness": 0.11245470494, "spectral_rolloff": {"dmean2": 305.746612549, "median": 947.4609375, "min": 86.1328125, "dvar2": 385431.1875, "dvar": 201186.03125, "dmean": 173.91569519, "max": 18949.21875, "var": 359399.46875, "mean": 1034.0904541}, "spectral_centroid": {"dmean2": 171.430603027, "median": 840.373168945, "min": 289.261352539, "dvar2": 51147.6953125, "dvar": 27089.7675781, "dmean": 112.151603699, "max": 10690.1748047, "var": 124427.054688, "mean": 895.612670898}, "pitch_salience": {"dmean2": 0.0940794125199, "median": 0.481509506702, "min": 0.0314526669681, "dvar2": 0.00719580473378, "dvar": 0.00281558721326, "dmean": 0.0598726458848, "max": 0.914198875427, "var": 0.0132864089683, "mean": 0.474488317966}, "spectral_energyband_middle_high": {"dmean2": 0.0026074105408, "median": 0.00119795859791, "min": 1.35473534402e-21, "dvar2": 6.23980376986e-05, "dvar": 3.05332578137e-05, "dmean": 0.00179471704178, "max": 0.223744109273, "var": 0.000170576313394, "mean": 0.00533356238157}, "spectral_contrast_coeffs": {"dmean2": [0.0654966831207, 0.0592981800437, 0.0525582544506, 0.0430530756712, 0.0315218493342, 0.0196311958134], "median": [-0.557727336884, -0.595233142376, -0.643165409565, -0.699374914169, -0.658176481724, -0.816822052002], "min": [-0.941462755203, -0.972875535488, -0.964971005917, -0.965118825436, -0.957308888435, -0.962303161621], "dvar2": [0.00270143221132, 0.00246369908564, 0.00186765182298, 0.00118394161109, 0.000635620730463, 0.000291248667054], "dvar": [0.00100505852606, 0.00101338571403, 0.000777541135903, 0.000499026442412, 0.000252533121966, 0.000101365410956], "dmean": [0.0395824685693, 0.0383126586676, 0.0336942337453, 0.0269160512835, 0.0195648614317, 0.0117547428235], "max": [-0.281474202871, -0.237257197499, -0.289113104343, -0.352680504322, -0.466714978218, -0.703205049038], "var": [0.0141993267462, 0.0142291905358, 0.0114473244175, 0.00906674191356, 0.00774549413472, 0.00110058789141], "mean": [-0.578330755234, -0.594589293003, -0.641923904419, -0.696668624878, -0.672441005707, -0.817599475384]}, "melbands_skewness": {"dmean2": 0.885552406311, "median": 1.53620696068, "min": -2.51969623566, "dvar2": 0.840865075588, "dvar": 0.34832495451, "dmean": 0.583956599236, "max": 13.5858306885, "var": 4.22866773605, "mean": 2.09768915176}, "spectral_spread": {"dmean2": 393877.71875, "median": 1589209.5, "min": 603545.0625, "dvar2": 261333729280, "dvar": 191623331840, "dmean": 237412.671875, "max": 40277872, "var": 2189912178690.0, "mean": 1967043.625}, "dissonance": {"dmean2": 0.0574509389699, "median": 0.407587647438, "min": 0.141778081656, "dvar2": 0.00295238895342, "dvar": 0.00109088397585, "dmean": 0.0342111624777, "max": 0.499998390675, "var": 0.00388849852607, "mean": 0.398681342602}, "spectral_skewness": {"dmean2": 1.44899630547, "median": 2.86500406265, "min": 0.0106106195599, "dvar2": 1.4810038805, "dvar": 0.483307570219, "dmean": 0.819762647152, "max": 10.0361261368, "var": 1.77935755253, "mean": 3.10859036446}, "spectral_flux": {"dmean2": 0.0177685562521, "median": 0.0289200916886, "min": 1.00672810366e-10, "dvar2": 0.000483534357045, "dvar": 0.000179850263521, "dmean": 0.0106224454939, "max": 0.277733296156, "var": 0.000802285387181, "mean": 0.0354878827929}, "spectral_contrast_valleys": {"dmean2": [0.692337453365, 0.482299059629, 0.435801684856, 0.343785703182, 0.255604863167, 0.23823748529], "median": [-10.9221477509, -7.81389045715, -9.0334186554, -9.71034812927, -10.2265720367, -13.4514217377], "min": [-28.0361595154, -26.7334671021, -26.7929706573, -27.0502891541, -27.3054275513, -27.194519043], "dvar2": [0.325498253107, 0.17475785315, 0.139421701431, 0.0923750475049, 0.0616032592952, 0.0794216170907], "dvar": [0.132232442498, 0.087268948555, 0.0719951316714, 0.0532635897398, 0.0427273884416, 0.0480160564184], "dmean": [0.398066014051, 0.297933399677, 0.266542255878, 0.210628271103, 0.158723860979, 0.15160728991], "max": [-9.09725570679, -4.75337791443, -5.34175682068, -6.48246145248, -7.99227905273, -9.60160923004], "var": [0.355111986399, 1.85109615326, 1.71067345142, 1.34588384628, 0.754278719425, 0.469218969345], "mean": [-10.9323892593, -8.06949901581, -9.12598800659, -9.78167724609, -10.3057861328, -13.3596687317]}, "erbbands_flatness_db": {"dmean2": 0.0221694260836, "median": 0.359008729458, "min": 0.0278613660485, "dvar2": 0.000401014258387, "dvar": 0.000194971216843, "dmean": 0.0153763918206, "max": 0.547387182713, "var": 0.00655599730089, "mean": 0.351463973522}, "spectral_energyband_high": {"dmean2": 1.59850628734e-06, "median": 5.75481180931e-07, "min": 7.2327501461e-21, "dvar2": 1.12530068597e-10, "dvar": 6.80086473248e-11, "dmean": 1.19071069093e-06, "max": 0.000307289912598, "var": 1.86869519858e-10, "mean": 2.66133315563e-06}, "spectral_entropy": {"dmean2": 0.191639646888, "median": 6.09525871277, "min": 3.46733927727, "dvar2": 0.0320773869753, "dvar": 0.0156827997416, "dmean": 0.133777186275, "max": 9.80760478973, "var": 0.422058194876, "mean": 6.12473297119}, "silence_rate_20dB": {"dmean2": 0, "median": 1, "min": 1, "dvar2": 0, "dvar": 0, "dmean": 0, "max": 1, "var": 0, "mean": 1}, "melbands_flatness_db": {"dmean2": 0.028098616749, "median": 0.364296495914, "min": 0.0096701560542, "dvar2": 0.000699632626493, "dvar": 0.000318292994052, "dmean": 0.0194887872785, "max": 0.629759073257, "var": 0.0049561499618, "mean": 0.362218141556}, "barkbands": {"dmean2": [7.64098544437e-08, 1.08359517981e-06, 7.40513314668e-07, 1.17713461805e-05, 0.000143318204209, 0.000779278983828, 0.00136603508145, 0.00099385890644, 0.0013714885572, 0.000651929934975, 0.000790032267105, 0.000677011557855, 0.000515685940627, 0.000674002687447, 9.73375936155e-05, 4.4250733481e-05, 0.000165208854014, 0.000138477640576, 5.02824950672e-05, 9.40529673699e-07, 4.71188201345e-07, 4.58902064793e-07, 5.23040284861e-07, 3.96222930021e-07, 1.00574986561e-07, 1.88204172247e-08, 2.51776577365e-09], "median": [3.27884350781e-08, 3.54717599294e-07, 1.57700753789e-07, 6.00086195846e-07, 7.22489494365e-05, 0.000546960334759, 0.000580480555072, 0.000166811994859, 0.00036104573519, 7.10857930244e-05, 3.81073732569e-05, 3.39296166203e-05, 3.16603400279e-05, 3.92488582293e-05, 7.99949884822e-06, 8.64205867401e-06, 4.79718801216e-05, 3.40662736562e-05, 1.20461299957e-05, 2.5103651069e-07, 1.20157949368e-07, 1.07599248622e-07, 6.63802239842e-08, 4.69485463839e-08, 1.56548800589e-08, 8.61071391967e-09, 6.29254071072e-09], "min": [5.29170230251e-23, 3.55180394281e-23, 2.2463371212e-23, 6.03280241308e-23, 4.23696687323e-23, 1.29237133616e-23, 1.8204110814e-23, 1.29369843686e-22, 7.17529640925e-23, 3.29000498974e-23, 2.83070271836e-23, 4.60353665194e-23, 4.16682167708e-23, 4.73972149654e-23, 1.02355686951e-22, 1.97510007848e-22, 2.17151596781e-22, 2.1037019503e-22, 2.21347604734e-22, 3.75452226279e-22, 3.26572713274e-22, 6.10412591499e-22, 6.24999828705e-22, 8.46812470098e-22, 1.07229002042e-21, 1.67822183149e-21, 2.1548555789e-21], "dvar2": [2.85650951677e-14, 4.71253158024e-12, 3.81066792704e-12, 1.26177679416e-09, 1.6113462209e-07, 3.22464006786e-06, 2.07621851587e-05, 1.84147556865e-05, 1.27691255329e-05, 7.91750881035e-06, 1.43999959619e-05, 1.46579523062e-05, 6.87390229359e-06, 1.49286788655e-05, 1.50392494902e-07, 2.18086260162e-08, 2.21326359906e-07, 3.04868621015e-07, 2.93891702086e-08, 2.53783955656e-11, 6.55473852279e-12, 5.5698245495e-12, 2.48839560069e-11, 1.15255765001e-11, 7.5643137587e-13, 5.04055551096e-14, 1.50148087711e-17], "dvar": [1.30039733728e-14, 2.23651349177e-12, 1.9464479941e-12, 5.51426404538e-10, 6.89014711952e-08, 1.35768607379e-06, 1.01817195173e-05, 8.75300338521e-06, 6.77338812238e-06, 4.1257844714e-06, 7.16254999134e-06, 5.94942821408e-06, 4.26547558163e-06, 6.84019778419e-06, 6.83506655719e-08, 8.89133833226e-09, 7.89204506191e-08, 1.1832616309e-07, 1.20097913836e-08, 9.22819893417e-12, 3.00291649186e-12, 3.08672380191e-12, 1.23329775212e-11, 5.93042845734e-12, 3.61897686298e-13, 1.96440831809e-14, 5.69027014593e-18], "dmean": [4.71037857608e-08, 6.68196264542e-07, 4.8193692237e-07, 8.3856521087e-06, 9.46332438616e-05, 0.000544148788322, 0.00103356514592, 0.000722495373338, 0.000974907074124, 0.00045621956815, 0.000557758088689, 0.000442327669589, 0.000378067983547, 0.000453905347968, 6.26337059657e-05, 2.82031196548e-05, 0.000100073128124, 8.5523002781e-05, 3.11115509248e-05, 5.67351150949e-07, 3.05216104834e-07, 3.18797958698e-07, 3.62521632269e-07, 2.78167306078e-07, 6.92784354328e-08, 1.24241301691e-08, 1.45345679936e-09], "max": [4.42875307272e-06, 6.20818536845e-05, 5.17397929798e-05, 0.000556419952773, 0.0110423080623, 0.0265740454197, 0.192687049508, 0.110788106918, 0.10182800144, 0.0777685418725, 0.134629711509, 0.1065457016