{"tonal": {"thpcp": [1, 0.856417536736, 0.590021193027, 0.550935029984, 0.567186355591, 0.555085659027, 0.593644917011, 0.550838172436, 0.532379925251, 0.585953474045, 0.563100576401, 0.555946588516, 0.604948937893, 0.601304888725, 0.653724253178, 0.756298720837, 0.617787063122, 0.451943695545, 0.496360421181, 0.508737623692, 0.468944698572, 0.49267321825, 0.48180153966, 0.452906638384, 0.405032336712, 0.350896030664, 0.423843711615, 0.521064519882, 0.485167264938, 0.424862325191, 0.46346539259, 0.480161398649, 0.481607228518, 0.516989409924, 0.712526023388, 0.92852896452], "hpcp": {"dmean2": [0.357537150383, 0.32693862915, 0.304110765457, 0.298561066389, 0.249927312136, 0.222977727652, 0.296339958906, 0.317800432444, 0.278456687927, 0.271534562111, 0.247876033187, 0.246136039495, 0.230081215501, 0.223249346018, 0.266303032637, 0.307153850794, 0.300377458334, 0.283513963223, 0.305632650852, 0.321438521147, 0.343843221664, 0.351031631231, 0.45677831769, 0.54371201992, 0.473447054625, 0.432689905167, 0.341656714678, 0.331813901663, 0.38824853301, 0.331800669432, 0.29422724247, 0.283213555813, 0.323918521404, 0.362586736679, 0.360861510038, 0.33525121212], "median": [0.0321252718568, 0.0326709635556, 0.0376530587673, 0.033881187439, 0.0263340547681, 0.0226315893233, 0.0254033952951, 0.0311056487262, 0.0370075553656, 0.0390021540225, 0.0484159141779, 0.0356204435229, 0.0213121473789, 0.0138057433069, 0.0150984274223, 0.0187420193106, 0.0206760801375, 0.0186802782118, 0.0179822221398, 0.0176563132554, 0.0196939408779, 0.0329338759184, 0.0622416734695, 0.112259864807, 0.122230730951, 0.0886201858521, 0.0420260876417, 0.0221904329956, 0.0195413790643, 0.0239424072206, 0.0232347939163, 0.0215533468872, 0.0224155355245, 0.0304763112217, 0.0314826853573, 0.0330411940813], "min": [0, 0, 0, 0, 0, 0, 0, 0, 0, 0, 0, 0, 0, 0, 0, 0, 0, 0, 0, 0, 0, 1.69947143149e-05, 1.51022695718e-05, 9.94901984086e-06, 1.32130908241e-05, 0, 0, 0, 0, 0, 0, 0, 0, 0, 0, 0], "dvar2": [0.216919437051, 0.158298283815, 0.150546580553, 0.148534491658, 0.108030430973, 0.0910791829228, 0.147112473845, 0.163598164916, 0.120786286891, 0.122211351991, 0.114199742675, 0.10974407196, 0.107086472213, 0.128181621432, 0.157274231315, 0.18655371666, 0.182952895761, 0.174229294062, 0.183518707752, 0.199752166867, 0.21904233098, 0.208644941449, 0.216549962759, 0.248624399304, 0.1978559196, 0.193031668663, 0.157515153289, 0.175403177738, 0.243458777666, 0.178358390927, 0.147216379642, 0.139708086848, 0.17844966054, 0.181753993034, 0.171766027808, 0.164540022612], "dvar": [0.0782674476504, 0.0586508512497, 0.0566533468664, 0.0573413670063, 0.0414043813944, 0.0334461592138, 0.0534199476242, 0.059551615268, 0.0439468361437, 0.0433611683547, 0.0408561676741, 0.0402702353895, 0.0405226573348, 0.0469023920596, 0.0571079924703, 0.0681230425835, 0.0652909055352, 0.0617352798581, 0.0652603209019, 0.0697879046202, 0.0746946558356, 0.0735789909959, 0.0819072946906, 0.0926647409797, 0.0876454785466, 0.0794925838709, 0.0600240156054, 0.069820061326, 0.0917876586318, 0.0661536604166, 0.0560001134872, 0.0512399189174, 0.0651080906391, 0.0697995275259, 0.0643787235022, 0.0610414594412], "dmean": [0.194256424904, 0.179642245173, 0.173037782311, 0.172885239124, 0.143388733268, 0.124883785844, 0.162097886205, 0.173461139202, 0.152348399162, 0.148907259107, 0.138482883573, 0.139991387725, 0.12886929512, 0.121749475598, 0.14443294704, 0.166715309024, 0.163532912731, 0.15353949368, 0.164041817188, 0.172353088856, 0.182721570134, 0.188280120492, 0.247348546982, 0.297301858664, 0.263938367367, 0.243793159723, 0.191486671567, 0.184787243605, 0.210372552276, 0.180438190699, 0.163110420108, 0.156579107046, 0.176920488477, 0.198748230934, 0.1964199543, 0.182075098157], "max": [1, 1, 1, 1, 1, 1, 1, 1, 1, 1, 1, 1, 1, 1, 1, 1, 1, 1, 1, 1, 1, 1, 1, 1, 1, 1, 1, 1, 1, 1, 1, 1, 1, 1, 1, 1], "var": [0.0724530816078, 0.0629817172885, 0.0661097466946, 0.0917288735509, 0.0697977989912, 0.0372865796089, 0.047532223165, 0.0491046980023, 0.0375938527286, 0.0391939133406, 0.0377233475447, 0.0377665236592, 0.0362557694316, 0.0360259339213, 0.0453205145895, 0.0579570680857, 0.052571952343, 0.0448817722499, 0.0485775023699, 0.0518101267517, 0.0531919188797, 0.0533199198544, 0.075691498816, 0.0959195271134, 0.106351822615, 0.0892463326454, 0.0581130869687, 0.0625243410468, 0.0708000138402, 0.0560793988407, 0.0677150264382, 0.0590546913445, 0.0574100613594, 0.0645329579711, 0.0588745214045, 0.0569609254599], "mean": [0.163911178708, 0.162923827767, 0.177126869559, 0.204919472337, 0.167389675975, 0.122454337776, 0.134489074349, 0.137842684984, 0.127060770988, 0.133490025997, 0.13054433465, 0.122715249658, 0.10974368453, 0.0950754359365, 0.114840641618, 0.141182661057, 0.131456285715, 0.115116633475, 0.125576153398, 0.13009993732, 0.130491688848, 0.140078499913, 0.193059235811, 0.251585334539, 0.270950436592, 0.232046708465, 0.159866496921, 0.149276092649, 0.153679385781, 0.150400698185, 0.160848349333, 0.149249836802, 0.144248574972, 0.158764347434, 0.152572348714, 0.150633975863]}, "tuning_equal_tempered_deviation": 0.18282841146, "chords_changes_rate": 0.16513761878, "key_key": "A#", "tuning_diatonic_strength": 0.596708893776, "key_scale": "major", "chords_number_rate": 0.00305810407735, "tuning_frequency": 446.142181396, "tuning_nontempered_energy_ratio": 0.877822339535, "chords_histogram": [9.51834869385, 0.573394477367, 14.7935781479, 46.4067268372, 0.267584085464, 0.688073396683, 0, 0, 0, 0, 2.37003064156, 0.0764525979757, 0.993883788586, 0, 0, 0, 0, 6.3455657959, 0, 7.8746175766, 0, 0, 7.07186555862, 3.0198776722], "key_strength": 0.680714786053, "chords_key": "A", "chords_strength": {"dmean2": 0.0219608340412, "median": 0.457972705364, "min": 0.280580610037, "dvar2": 0.000304587039864, "dvar": 0.000136008064146, "dmean": 0.0150373559445, "max": 0.647541165352, "var": 0.00379790156148, "mean": 0.463843017817}, "chords_scale": "minor", "hpcp_entropy": {"dmean2": 1.37582230568, "median": 3.13996338844, "min": 0.177250519395, "dvar2": 1.03166341782, "dvar": 0.391044229269, "dmean": 0.825607120991, "max": 4.72751188278, "var": 0.652664661407, "mean": 3.02161979675}}, "metadata": {"audio_properties": {"equal_loudness": 0, "codec": "flac", "downmix": "mix", "sample_rate": 44100, "analysis_sample_rate": 44100, "bit_rate": 0, "md5_encoded": "5e6d958d6866aa9b05d85728d63c5f47", "length": 121.400001526, "replay_gain": -12.7111930847, "lossless": true}, "version": {"essentia_build_sha": "2d9f1f26377add8aeb1075a9c2973f962c4f09fd", "essentia": "2.1-beta2", "extractor": "music 1.0", "essentia_git_sha": "v2.1_beta2-1-ge3940c0"}, "tags": {"title": ["En Real Tjukkas"], "barcode": ["0802560006221"], "media": ["CD"], "albumartist": ["The Glimmers"], "tracktotal": ["21"], "musicbrainz_releasegroupid": ["cb53aaf9-03ac-3f34-bc19-15846ea719ab"], "releasetype": ["album", "compilation", "dj-mix"], "musicbrainz_recordingid": ["1cc350a1-4a47-4b54-9423-cb150ce4d145"], "musicbrainz_albumartistid": ["2f1368fe-8855-4256-8826-4e1bb903707c"], "originalyear": ["2006"], "djmixer": ["The Glimmers"], "musicbrainz_releasetrackid": ["3ca35e3d-7b57-3d1f-adff-ad3ef1353e2a"], "discnumber": ["1"], "totaldiscs": ["1"], "catalognumber": ["FABRIC62"], "releasecountry": ["GB"], "file_name": "06 - Prins Thomas vs. Blackbelt Andersen - En Real Tjukkas.flac", "compilation": ["1"], "originaldate": ["2006-12-01"], "albumartistsort": ["Glimmers, The"], "date": ["2006-12-01"], "genre": ["Electronic"], "disctotal": ["1"], "musicbrainz_artistid": ["276f08c2-4b4b-4e45-bab8-3ebe6066e080", "9a24132d-eaa7-48d7-8ad1-a9b64d143c2f"], "asin": ["B000IY03V4"], "musicbrainz_albumid": ["b77e13db-1ccd-4fd0-aa40-834769ae8383"], "artist": ["Prins Thomas vs. Blackbelt Andersen"], "tracknumber": ["6"], "artistsort": ["Thomas, Prins vs. Blackbelt Andersen"], "album": ["FabricLive.31: The Glimmers"], "label": ["fabric"], "releasestatus": ["official"], "acoustid_id": ["d4a5dda0-c170-4767-9526-d33efbd192f5"], "script": ["Latn"], "totaltracks": ["21"]}}, "rhythm": {"bpm_histogram_first_peak_bpm": {"dmean2": 0, "median": 126, "min": 126, "dvar2": 0, "dvar": 0, "dmean": 0, "max": 126, "var": 0, "mean": 126}, "bpm": 126.538978577, "bpm_histogram_second_peak_spread": {"dmean2": 0, "median": 0, "min": 0, "dvar2": 0, "dvar": 0, "dmean": 0, "max": 0, "var": 0, "mean": 0}, "bpm_histogram_first_peak_weight": {"dmean2": 0, "median": 0.590551197529, "min": 0.590551197529, "dvar2": 0, "dvar": 0, "dmean": 0, "max": 0.590551197529, "var": 0, "mean": 0.590551197529}, "onset_rate": 6.90182590485, "beats_position": [0.510838985443, 0.99845802784, 1.47446703911, 1.95047616959, 2.42648530006, 2.90249419212, 3.39011335373, 3.85451245308, 4.33052158356, 4.80653047562, 5.2941493988, 5.75854873657, 6.23455762863, 6.71056699753, 7.19818592072, 7.66258478165, 8.15020370483, 8.6146030426, 9.10222244263, 9.56662082672, 10.0426301956, 10.5186395645, 10.9946479797, 11.4706573486, 11.9582767487, 12.4226751328, 12.8986845016, 13.3746938705, 13.8507022858, 14.3267116547, 14.8027210236, 15.2787294388, 15.7663488388, 16.2307472229, 16.7183666229, 17.1827659607, 17.6703853607, 18.1347846985, 18.6224040985, 19.0868015289, 19.574420929, 20.0388202667, 20.5264396667, 20.9908390045, 21.4784584045, 21.942855835, 22.430475235, 22.9064846039, 23.3824939728, 23.8585033417, 24.3345127106, 24.8105201721, 25.286529541, 25.7625389099, 26.2385482788, 26.7145576477, 27.1905670166, 27.6665763855, 28.142583847, 28.6185932159, 29.0946025848, 29.5706119537, 30.0466213226, 30.5226306915, 30.9986381531, 31.4862575531, 31.962266922, 32.4382743835, 32.9026756287, 33.3902931213, 33.8663024902, 34.3423118591, 34.8067131042, 35.2943305969, 35.7703399658, 36.2463493347, 36.7107467651, 37.1983680725, 37.6743774414, 38.1503829956, 38.6147842407, 39.0907936096, 39.5668029785, 40.0428123474, 40.5188217163, 40.9948310852, 41.4708366394, 41.9468460083, 42.4228553772, 42.8988647461, 43.374874115, 43.8624954224, 44.3268928528, 44.8029022217, 45.2789115906, 45.7549209595, 46.2309303284, 46.7069396973, 47.1829452515, 47.6705665588, 48.1465759277, 48.6225852966, 49.0985946655, 49.5746040344, 50.0506095886, 50.5266189575, 51.0026283264, 51.4786376953, 51.9546470642, 52.4306564331, 52.906665802, 53.3826751709, 53.8586845398, 54.3346939087, 54.8223114014, 55.2867126465, 55.7627182007, 56.2387275696, 56.726348877, 57.1907463074, 57.6667556763, 58.1427650452, 58.6187744141, 59.094783783, 59.5824012756, 60.0468025208, 60.5111999512, 60.9756011963, 61.4399986267, 61.9160079956, 62.3920173645, 62.8680267334, 63.3440361023, 63.8084335327, 64.2960510254, 64.7604522705, 65.2248535156, 65.6892471313, 66.1768722534, 66.6528778076, 67.1288909912, 67.5932846069, 68.0576858521, 68.5336914063, 69.0097045898, 69.474105835, 69.9617233276, 70.4261245728, 70.902130127, 71.3665313721, 71.8425369263, 72.3069381714, 72.7829437256, 73.2589569092, 73.7349624634, 74.210975647, 74.6753692627, 75.1397705078, 75.6273880005, 76.0917892456, 76.5561904907, 77.0321960449, 77.5082092285, 77.9842147827, 78.4602279663, 78.924621582, 79.3890228271, 79.8650360107, 80.3410415649, 80.8170471191, 81.2930603027, 81.7690658569, 82.2450790405, 82.7094802856, 83.1738739014, 83.649887085, 84.1258926392, 84.5902938843, 85.0662994385, 85.5423126221, 86.0183181763, 86.4943313599, 86.9587249756, 87.4231262207, 87.8991394043, 88.3751449585, 88.8511581421, 89.3271636963, 89.7915649414, 90.2675704956, 90.7435836792, 91.2079772949, 91.695602417, 92.1599960327, 92.6243972778, 93.100402832, 93.5764160156, 94.0408172607, 94.5168228149, 94.9928359985, 95.4688415527, 95.9448471069, 96.4092483521, 96.8852615356, 97.3612670898, 97.825668335, 98.2900695801, 98.7776870728, 99.2420806885, 99.7064819336, 100.182495117, 100.658500671, 101.134513855, 101.610519409, 102.074920654, 102.550926208, 103.026939392, 103.491333008, 103.967346191, 104.443351746, 104.907752991, 105.383758545, 105.859771729, 106.324172974, 106.800178528, 107.276191711, 107.740585327, 108.216598511, 108.692604065, 109.15700531, 109.644622803, 110.109024048, 110.585029602, 111.061042786, 111.525436401, 112.001449585, 112.477455139, 112.941856384, 113.417869568, 113.893875122, 114.358276367, 114.834281921, 115.310295105, 115.774688721, 116.262313843, 116.726707458, 117.191108704, 117.667114258, 118.143127441, 118.607528687, 119.095146179, 119.559547424, 120.02394104, 120.499954224, 120.975959778], "beats_loudness": {"dmean2": 0.0802966058254, "median": 0.0884019210935, "min": 0.00607373891398, "dvar2": 0.00374170602299, "dvar": 0.00119754357729, "dmean": 0.0461594648659, "max": 0.23547360301, "var": 0.00298320525326, "mean": 0.0944515317678}, "danceability": 2.08847498894, "bpm_histogram_second_peak_weight": {"dmean2": 0, "median": 0, "min": 0, "dvar2": 0, "dvar": 0, "dmean": 0, "max": 0, "var": 0, "mean": 0}, "beats_count": 255, "bpm_histogram_second_peak_bpm": {"dmean2": 0, "median": 0, "min": 0, "dvar2": 0, "dvar": 0, "dmean": 0, "max": 0, "var": 0, "mean": 0}, "bpm_histogram_first_peak_spread": {"dmean2": 0, "median": 0.409448802471, "min": 0.409448802471, "dvar2": 0, "dvar": 0, "dmean": 0, "max": 0.409448802471, "var": 0, "mean": 0.409448802471}, "beats_loudness_band_ratio": {"dmean2": [0.220550909638, 0.0329184345901, 0.0251564756036, 0.0894560143352, 0.0810901075602, 0.0708685591817], "median": [0.944895267487, 0.00920979492366, 0.00629603676498, 0.00914042629302, 0.015659943223, 0.0121800592169], "min": [0.0270021799952, 0.000550300464965, 0.000377920106985, 0.000239979781327, 0.000360386562534, 3.00345982396e-05], "dvar2": [0.0653069168329, 0.0018780719256, 0.00183438300155, 0.0228494442999, 0.00938552059233, 0.00450047897175], "dvar": [0.0227386225015, 0.000556818034966, 0.000685976061504, 0.00845862645656, 0.0031303956639, 0.00125193351414], "dmean": [0.114807002246, 0.0172852315009, 0.0139075098559, 0.0495757609606, 0.0433863326907, 0.0353391878307], "max": [0.997687757015, 0.127723932266, 0.257076501846, 0.698197841644, 0.401221573353, 0.155729591846], "var": [0.0762893334031, 0.0005321384524, 0.0014123073779, 0.0253707561642, 0.00608672434464, 0.00106227572542], "mean": [0.825402617455, 0.0170577019453, 0.0212846491486, 0.0772152841091, 0.0471835695207, 0.0228512659669]}}, "lowlevel": {"barkbands_spread": {"dmean2": 19.3736343384, "median": 14.7710018158, "min": 0.080328412354, "dvar2": 366.678955078, "dvar": 169.094650269, "dmean": 12.0972061157, "max": 93.5453872681, "var": 391.526824951, "mean": 21.3890590668}, "melbands_spread": {"dmean2": 24.388753891, "median": 10.6690750122, "min": 0.242437005043, "dvar2": 887.154907227, "dvar": 413.029388428, "dmean": 15.2764015198, "max": 159.241455078, "var": 864.649902344, "mean": 22.9193935394}, "hfc": {"dmean2": 17.8441104889, "median": 9.49822044373, "min": 1.94135263882e-05, "dvar2": 531.59954834, "dvar": 227.798080444, "dmean": 11.4129247665, "max": 116.06703949, "var": 299.898956299, "mean": 16.2852725983}, "barkbands_kurtosis": {"dmean2": 33.0821456909, "median": 5.71652936935, "min": -1.87169349194, "dvar2": 4587.61328125, "dvar": 1738.91052246, "dmean": 21.2531547546, "max": 1103.69482422, "var": 2277.95214844, "mean": 25.7637729645}, "gfcc": {"mean": [-24.7584190369, 52.1275863647, -103.872276306, 42.0813560486, -29.2158489227, 36.6070518494, -10.5936937332, 15.1215229034, -20.4929485321, 12.5177745819, -24.1790428162, -1.14344680309, -18.5240287781], "icov": [[0.000343539752066, -0.000331261981046, 0.000269940384896, -0.000260199652985, 0.000373069546185, 3.36404336849e-05, 0.000288562412607, -0.000292907876428, 0.000852923432831, -0.000222048140131, 0.000415345217334, -0.00047394275316, 0.0011347248219], [-0.000331261981046, 0.00273502757773, -0.00144825538155, 0.00220428686589, -0.0015746607678, 0.00245689135045, -0.00154646241572, 0.00241196108982, -0.00372589635663, 0.0039262692444, -0.00136602274142, 0.0035073668696, -0.00178117863834], [0.000269940384896, -0.00144825538155, 0.00214832695201, -0.00189350871369, 0.000457891874248, -0.000744715682231, 0.000881521904375, -0.00257331761532, 0.00206564576365, -0.00203528115526, 0.00194123538677, -0.00103270134423, 0.00280734850094], [-0.000260199652985, 0.00220428686589, -0.00189350871369, 0.00382822658867, -0.00185632286593, 0.00129192660097, -0.00153281306848, 0.00222058361396, -0.00394636718556, 0.00335293030366, -0.00152694107965, 0.00208102259785, 0.000640282582026], [0.000373069546185, -0.0015746607678, 0.000457891874248, -0.00185632286593, 0.00585611630231, -0.00356709840707, 0.000742991163861, 0.000725852267351, 0.000749990111217, -0.00135977065656, 0.000803114380687, -0.00202763872221, 0.00179298524745], [3.36404336849e-05, 0.00245689135045, -0.000744715682231, 0.00129192660097, -0.00356709840707, 0.0119367716834, -0.00661257794127, 0.000973769638222, 0.000874112476595, 0.00243367324583, -0.00294838170521, 0.00501273106784, -0.00248522078618], [0.000288562412607, -0.00154646241572, 0.000881521904375, -0.00153281306848, 0.000742991163861, -0.00661257794127, 0.0157228372991, -0.00851005874574, -0.000489064550493, -0.000387843349017, 0.00335036031902, 0.00142229686026, -0.00364551111124], [-0.000292907876428, 0.00241196108982, -0.00257331761532, 0.00222058361396, 0.000725852267351, 0.000973769638222, -0.00851005874574, 0.0208527743816, -0.00936856679618, 0.00288821477443, -0.000664919090923, -0.00266441050917, 0.00349456863478], [0.000852923432831, -0.00372589635663, 0.00206564576365, -0.00394636718556, 0.000749990111217, 0.000874112476595, -0.000489064550493, -0.00936856679618, 0.0271757915616, -0.0109153147787, -0.00668706186116, 0.00180186587386, -0.00361962220632], [-0.000222048140131, 0.0039262692444, -0.00203528115526, 0.00335293030366, -0.00135977065656, 0.00243367324583, -0.000387843349017, 0.00288821477443, -0.0109153147787, 0.0217304080725, -0.00746464775875, 0.00192900630645, -0.000724071811419], [0.000415345217334, -0.00136602274142, 0.00194123538677, -0.00152694107965, 0.000803114380687, -0.00294838170521, 0.00335036031902, -0.000664919090923, -0.00668706186116, -0.00746464775875, 0.0247986819595, -0.00768047757447, 0.00316650466993], [-0.00047394275316, 0.0035073668696, -0.00103270134423, 0.00208102259785, -0.00202763872221, 0.00501273106784, 0.00142229686026, -0.00266441050917, 0.00180186587386, 0.00192900630645, -0.00768047757447, 0.0325378514826, -0.014459961094], [0.0011347248219, -0.00178117863834, 0.00280734850094, 0.000640282582026, 0.00179298524745, -0.00248522078618, -0.00364551111124, 0.00349456863478, -0.00361962220632, -0.000724071811419, 0.00316650466993, -0.014459961094, 0.0329737514257]], "cov": [[5535.31445313, 692.497741699, -100.012428284, -300.832397461, -379.62008667, -414.142486572, -322.881378174, -173.72769165, -324.17767334, -228.410614014, -207.682373047, -48.0164871216, -208.293914795], [692.497741699, 1467.96789551, 373.532287598, -308.157501221, 69.2392959595, -177.943817139, -18.2494239807, -69.8386077881, 7.8763961792, -156.149414063, -77.6414871216, -110.761932373, -25.8257255554], [-100.012428284, 373.532287598, 1910.77929688, 939.328552246, 282.480102539, 74.1024398804, 107.751434326, 152.095336914, 12.1796560287, -71.4071731567, -116.627388, -152.072952271, -227.003326416], [-300.832397461, -308.157501221, 939.328552246, 1076.69091797, 268.947052002, 135.653167725, 105.743202209, 98.0037155151, 52.8951454163, -12.8969268799, -19.9147205353, -78.8890457153, -137.429428101], [-379.62008667, 69.2392959595, 282.480102539, 268.947052002, 328.457366943, 115.121734619, 63.1334075928, 15.1750173569, 25.7690887451, -10.9185705185, -3.78989696503, -34.2931556702, -28.365945816], [-414.142486572, -177.943817139, 74.1024398804, 135.653167725, 115.121734619, 209.040740967, 106.578430176, 42.5104370117, 15.7150974274, 6.21087265015, 7.91746139526, -15.8015413284, 6.64158058167], [-322.881378174, -18.2494239807, 107.751434326, 105.743202209, 63.1334075928, 106.578430176, 157.377243042, 69.7261581421, 37.9510650635, -0.753255009651, -3.1600587368, -18.0778980255, 10.03312397], [-173.72769165, -69.8386077881, 152.095336914, 98.0037155151, 15.1750173569, 42.5104370117, 69.7261581421, 106.270759583, 42.4443893433, 17.3618240356, 8.43525123596, -2.53770041466, -10.7037200928], [-324.17767334, 7.8763961792, 12.1796560287, 52.8951454163, 25.7690887451, 15.7150974274, 37.9510650635, 42.4443893433, 103.55859375, 51.7418823242, 47.2797775269, 2.89391446114, 18.2309112549], [-228.410614014, -156.149414063, -71.4071731567, -12.8969268799, -10.9185705185, 6.21087265015, -0.753255009651, 17.3618240356, 51.7418823242, 106.041664124, 52.4065895081, 23.0979118347, 17.9987678528], [-207.682373047, -77.6414871216, -116.627388, -19.9147205353, -3.78989696503, 7.91746139526, -3.1600587368, 8.43525123596, 47.2797775269, 52.4065895081, 82.8927001953, 26.2224197388, 22.7084922791], [-48.0164871216, -110.761932373, -152.072952271, -78.8890457153, -34.2931556702, -15.8015413284, -18.0778980255, -2.53770041466, 2.89391446114, 23.0979118347, 26.2224197388, 63.3704032898, 35.1889953613], [-208.293914795, -25.8257255554, -227.003326416, -137.429428101, -28.365945816, 6.64158058167, 10.03312397, -10.7037200928, 18.2309112549, 17.9987678528, 22.7084922791, 35.1889953613, 78.029335022]]}, "spectral_energyband_middle_low": {"dmean2": 0.00952528696507, "median": 0.00174992019311, "min": 5.39195799121e-09, "dvar2": 0.000351780065103, "dvar": 0.000132972243591, "dmean": 0.00560904387385, "max": 0.0904347449541, "var": 9.81398698059e-05, "mean": 0.00490729417652}, "melbands_crest": {"dmean2": 8.13040924072, "median": 20.2049942017, "min": 2.82679724693, "dvar2": 49.5942726135, "dvar": 20.0744438171, "dmean": 5.01342630386, "max": 38.4248085022, "var": 52.590877533, "mean": 18.6640529633}, "spectral_kurtosis": {"dmean2": 2.75641465187, "median": 3.41642069817, "min": 0.688218355179, "dvar2": 14.9849462509, "dvar": 6.10656070709, "dmean": 1.72525966167, "max": 46.6180419922, "var": 14.5746955872, "mean": 4.55491065979}, "spectral_rms": {"dmean2": 0.00289908447303, "median": 0.0051506916061, "min": 5.79347761231e-06, "dvar2": 6.94107075105e-06, "dvar": 3.78933373213e-06, "dmean": 0.00193286256399, "max": 0.016979066655, "var": 1.05952194644e-05, "mean": 0.00541685102507}, "zerocrossingrate": {"dmean2": 0.0214333795011, "median": 0.05322265625, "min": 0.00244140625, "dvar2": 0.000333816657076, "dvar": 0.000304535584291, "dmean": 0.018689153716, "max": 0.22265625, "var": 0.00195174280088, "mean": 0.0611951798201}, "silence_rate_60dB": {"dmean2": 0.168706968427, "median": 0, "min": 0, "dvar2": 0.16893222928, "dvar": 0.0772235170007, "dmean": 0.0843373462558, "max": 1, "var": 0.093350559473, "mean": 0.104206502438}, "erbbands_kurtosis": {"dmean2": 2.52938556671, "median": 0.138340234756, "min": -1.92030072212, "dvar2": 11.5703639984, "dvar": 4.43195104599, "dmean": 1.52935492992, "max": 45.5794410706, "var": 6.97596740723, "mean": 0.714441299438}, "erbbands": {"dmean2": [0.253794699907, 4.61103248596, 24.4312057495, 20.6954956055, 14.3045902252, 5.25565338135, 2.99886083603, 4.34381866455, 4.66229486465, 8.59560680389, 12.4804887772, 20.0216312408, 29.4284229279, 45.4254150391, 46.9695663452, 56.3048362732, 58.321849823, 62.4112586975, 68.4682693481, 52.7087135315, 23.4341545105, 15.5792140961, 18.9949512482, 14.4776849747, 14.64083004, 12.4816122055, 10.3568677902, 9.82128047943, 5.24004983902, 3.82708454132, 2.28469991684, 1.41762375832, 0.529723346233, 0.36469873786, 0.278715014458, 0.245426759124, 0.111452259123, 0.0179711841047, 0.00088696583407, 5.98440710746e-05], "median": [0.116462111473, 2.21016216278, 5.04085969925, 2.66774344444, 1.00831317902, 0.304475903511, 0.198918074369, 0.392816245556, 0.804294347763, 1.29266428947, 1.6058024168, 2.92504644394, 3.39295721054, 3.84267139435, 4.0311217308, 3.92216038704, 4.42793750763, 4.76080942154, 4.82957649231, 4.65293979645, 3.34318590164, 2.89155077934, 2.7911272049, 2.61009025574, 4.31743860245, 5.49927616119, 3.80098509789, 4.21107530594, 2.44031882286, 1.13408434391, 1.17122101784, 0.723122656345, 0.303689152002, 0.193725451827, 0.142749637365, 0.0968096852303, 0.0449628047645, 0.00732866302133, 0.000390346598579, 4.98523659189e-05], "min": [3.66517525663e-07, 1.52778147822e-06, 3.17367903335e-06, 4.04253250963e-06, 4.64834283775e-06, 5.7198290051e-06, 5.78366962145e-06, 6.31326065559e-06, 7.53323956815e-06, 8.02410249889e-06, 1.14869380923e-05, 1.19318028737e-05, 1.40581369124e-05, 1.71251813299e-05, 2.05477554118e-05, 2.79136511381e-05, 3.63260696759e-05, 5.31143959961e-05, 0.000255062652286, 0.000121782599308, 3.46135238942e-05, 1.27514813357e-05, 3.10940095005e-06, 1.05205822365e-06, 8.45746058076e-07, 1.98596922019e-07, 3.06566619201e-07, 2.44655922188e-07, 2.70300205329e-07, 1.06860262861e-07, 1.28658172116e-07, 1.08757099326e-07, 7.49475717043e-08, 4.3603719746e-08, 3.34482699316e-08, 1.37112809995e-08, 5.20511278523e-09, 2.31538255235e-09, 4.4904055474e-10, 7.51376114105e-11], "dvar2": [0.185106724501, 40.5951957703, 1686.73242188, 1767.08764648, 997.14239502, 187.932723999, 68.1486206055, 92.0857543945, 76.2051467896, 307.805725098, 531.773681641, 1480.27819824, 2896.94384766, 9851.00195313, 8883.734375, 14448.2353516, 10981.8681641, 13601.5214844, 18255.8476563, 8985.86523438, 1287.81335449, 730.25177002, 1755.81311035, 550.834228516, 597.830383301, 373.825714111, 219.973800659, 174.860198975, 61.8186569214, 47.0615272522, 12.177977562, 3.83702588081, 0.656730413437, 0.526811718941, 0.189543679357, 0.166835665703, 0.0239935591817, 0.000451199855888, 1.06536776912e-06, 3.88914234151e-09], "dvar": [0.0865213051438, 16.1958236694, 770.046142578, 723.712585449, 367.809417725, 66.8608093262, 24.2059288025, 35.8286170959, 29.2308425903, 112.395736694, 198.076049805, 566.191894531, 1209.73034668, 4033.58496094, 4004.62109375, 5805.31689453, 4535.15625, 5336.99462891, 7032.39404297, 3408.86279297, 548.679748535, 287.771606445, 716.444641113, 236.800338745, 232.404785156, 143.099868774, 83.599395752, 72.6874008179, 31.9080486298, 21.0287017822, 5.49137163162, 1.57340443134, 0.270718663931, 0.195402920246, 0.0749415308237, 0.0649799406528, 0.0100082438439, 0.000218974702875, 4.9420839332e-07, 2.01278615997e-09], "dmean": [0.167436361313, 2.94219350815, 15.0505485535, 12.6480875015, 8.15423870087, 2.90502476692, 1.67868161201, 2.61891531944, 2.82533979416, 5.04230070114, 7.24317121506, 11.5709886551, 17.3117904663, 26.9282836914, 28.6172389984, 33.5576782227, 34.5161552429, 36.5072822571, 39.122177124, 30.5821170807, 14.3709077835, 9.40759563446, 11.7853221893, 8.60367870331, 9.07295894623, 7.59658670425, 6.03422927856, 5.86419582367, 3.36729383469, 2.44305515289, 1.51535153389, 0.847330451012, 0.339578986168, 0.242529287934, 0.185631290078, 0.159561276436, 0.0738359615207, 0.0119962329045, 0.000589094590396, 3.98394658987e-05], "max": [2.92056012154, 33.2695388794, 213.92906189, 264.416717529, 158.055618286, 99.7734527588, 62.1229095459, 81.9751281738, 66.0347213745, 148.439086914, 134.32270813, 375.909759521, 469.946380615, 711.930114746, 848.845275879, 1330.8782959, 695.367004395, 706.482177734, 1546.2911377, 676.285400391, 184.674591064, 173.034835815, 331.816070557, 134.905776978, 144.126800537, 138.093902588, 93.7389678955, 92.7816696167, 54.1539382935, 40.3039283752, 25.7442626953, 19.1283130646, 8.16516399384, 7.93440389633, 4.54695892334, 3.52049207687, 0.937593400478, 0.152057558298, 0.00750946812332, 0.000346002780134], "var": [0.155584335327, 26.4011173248, 886.380371094, 653.415405273, 252.019790649, 40.9943008423, 14.6581382751, 28.0703430176, 23.5314884186, 78.5274200439, 147.049102783, 491.301330566, 1321.90893555, 5112.17773438, 5295.99365234, 5625.86230469, 5082.22802734, 5401.08496094, 6516.98876953, 3209.96875, 652.556335449, 275.604553223, 716.340515137, 246.404449463, 245.535827637, 170.662231445, 92.3327102661, 89.0204315186, 49.564414978, 24.7152366638, 8.09415054321, 2.25865983963, 0.439699888229, 0.251974910498, 0.10062739253, 0.0652997046709, 0.0113476514816, 0.000291535863653, 6.56505960706e-07, 3.82836384816e-09], "mean": [0.247483760118, 4.22968149185, 16.8118896484, 12.4370918274, 6.10606765747, 2.01931715012, 1.15848338604, 2.12199449539, 2.48530888557, 4.08132982254, 6.02301740646, 10.6980714798, 16.5493946075, 27.9557666779, 29.3817520142, 30.1291675568, 32.363494873, 34.146030426, 35.4471702576, 28.0921897888, 14.941488266, 9.5000705719, 11.2503528595, 8.71263027191, 10.2367124557, 10.2413759232, 7.24577331543, 7.64131736755, 5.04006671906, 2.92581486702, 2.20728302002, 1.25987434387, 0.541751623154, 0.366290122271, 0.2565305233, 0.18656937778, 0.083550170064, 0.0138154355809, 0.000699293916114, 6.6905253334e-05]}, "spectral_strongpeak": {"dmean2": 0.784770965576, "median": 0.431553483009, "min": 0, "dvar2": 1.21567261219, "dvar": 0.515963196754, "dmean": 0.488215684891, "max": 10.3750486374, "var": 0.668943762779, "mean": 0.650263249874}, "spectral_energy": {"dmean2": 0.0390862710774, "median": 0.027192864567, "min": 3.44034951638e-08, "dvar2": 0.00235861493275, "dvar": 0.00118216779083, "dmean": 0.0256422292441, "max": 0.295495897532, "var": 0.00214713229798, "mean": 0.0409358814359}, "average_loudness": 0.954025447369, "spectral_rolloff": {"dmean2": 1359.61999512, "median": 193.798828125, "min": 21.533203125, "dvar2": 2959853, "dvar": 1337349.25, "dmean": 801.728393555, "max": 11218.7988281, "var": 2707243.25, "mean": 1327.03015137}, "spectral_centroid": {"dmean2": 718.277038574, "median": 1515.89916992, "min": 91.4097671509, "dvar2": 376465.78125, "dvar": 250325.453125, "dmean": 498.932678223, "max": 4077.01245117, "var": 987841.625, "mean": 1630.7902832}, "pitch_salience": {"dmean2": 0.245299398899, "median": 0.403090715408, "min": 0.0508536733687, "dvar2": 0.045704010874, "dvar": 0.0186820533127, "dmean": 0.151969820261, "max": 0.938565313816, "var": 0.0481261014938, "mean": 0.446147352457}, "spectral_energyband_middle_high": {"dmean2": 0.00777170574293, "median": 0.0012482694583, "min": 9.79754943842e-09, "dvar2": 0.000153177010361, "dvar": 6.55583280604e-05, "dmean": 0.00474017066881, "max": 0.0659159123898, "var": 8.60507861944e-05, "mean": 0.00512180197984}, "spectral_contrast_coeffs": {"dmean2": [0.12269204855, 0.0712567344308, 0.0653858631849, 0.0484531633556, 0.0376197546721, 0.0373504422605], "median": [-0.615897893906, -0.825414776802, -0.847785055637, -0.83534014225, -0.821353375912, -0.747212588787], "min": [-0.925552546978, -0.956965386868, -0.961229205132, -0.93871486187, -0.929072678089, -0.96075463295], "dvar2": [0.00958627369255, 0.00301234005019, 0.002663126681, 0.0015301896492, 0.000887702626642, 0.000953794806264], "dvar": [0.00426583830267, 0.00108825287316, 0.000968837179244, 0.000568651303183, 0.000364131410606, 0.000453752320027], "dmean": [0.0793284922838, 0.043410371989, 0.0387876704335, 0.0293300040066, 0.0237402692437, 0.0239102393389], "max": [-0.361025840044, -0.609783530235, -0.621469676495, -0.668185949326, -0.687929093838, -0.623774170876], "var": [0.0139324134216, 0.00229761144146, 0.00192702701315, 0.00122535857372, 0.00099323107861, 0.00144657609053], "mean": [-0.631944000721, -0.82296538353, -0.841146051884, -0.830393791199, -0.816620349884, -0.747699916363]}, "melbands_skewness": {"dmean2": 3.90388035774, "median": 5.13484668732, "min": -2.71654820442, "dvar2": 14.1967153549, "dvar": 7.4361371994, "dmean": 2.66227412224, "max": 22.5532951355, "var": 24.4691581726, "mean": 5.73404312134}, "spectral_spread": {"dmean2": 1304881.875, "median": 4974319.5, "min": 963443.375, "dvar2": 2024466677760.0, "dvar": 848265805824, "dmean": 852552.1875, "max": 28353100, "var": 2277589123070.0, "mean": 5060663.5}, "dissonance": {"dmean2": 0.0235236026347, "median": 0.491976797581, "min": 0.187419265509, "dvar2": 0.00105769536458, "dvar": 0.000383996753953, "dmean": 0.0134193608537, "max": 0.500000119209, "var": 0.000332422408974, "mean": 0.48591080308}, "spectral_skewness": {"dmean2": 0.442207187414, "median": 1.33649873734, "min": 0.299522459507, "dvar2": 0.202931940556, "dvar": 0.0972777605057, "dmean": 0.295648962259, "max": 5.20142745972, "var": 0.328790009022, "mean": 1.49894475937}, "spectral_flux": {"dmean2": 0.0872694924474, "median": 0.101397305727, "min": 0.00120627204888, "dvar2": 0.0074626961723, "dvar": 0.00306527386419, "dmean": 0.0538353994489, "max": 0.506589174271, "var": 0.00622298195958, "mean": 0.119587861001}, "spectral_contrast_valleys": {"dmean2": [0.873456299305, 1.15568459034, 1.0131957531, 0.960169315338, 0.765778005123, 0.578070998192], "median": [-7.57508563995, -7.46730422974, -7.26859664917, -7.60103988647, -7.60705280304, -10.0672578812], "min": [-15.0019664764, -15.7241697311, -13.5527639389, -12.7063522339, -14.5062799454, -15.2821941376], "dvar2": [0.533795535564, 1.08509659767, 0.896204173565, 0.765829086304, 0.534908235073, 0.30630171299], "dvar": [0.287883430719, 0.519122779369, 0.422085464001, 0.353382498026, 0.243276819587, 0.135711818933], "dmean": [0.600397050381, 0.780978620052, 0.671129584312, 0.625839650631, 0.50643736124, 0.410434395075], "max": [-5.31963777542, -4.69898033142, -4.68939638138, -5.26369476318, -5.61960029602, -8.36882972717], "var": [1.1738768816, 1.20928072929, 1.20800733566, 0.887258291245, 0.658123731613, 0.553118169308], "mean": [-7.78379106522, -7.59513187408, -7.27903270721, -7.44171714783, -7.57800102234, -10.1265029907]}, "erbbands_flatness_db": {"dmean2": 0.0417578369379, "median": 0.125156387687, "min": 0.0540119819343, "dvar2": 0.00154826266225, "dvar": 0.000633822521195, "dmean": 0.0255513768643, "max": 0.419541954994, "var": 0.00271000131033, "mean": 0.138498783112}, "spectral_energyband_high": {"dmean2": 0.000654686766211, "median": 0.000352740695234, "min": 3.49196331573e-11, "dvar2": 7.48462070987e-07, "dvar": 3.442596892e-07, "dmean": 0.000410143868066, "max": 0.00488570705056, "var": 5.08541234012e-07, "mean": 0.000613977492321}, "spectral_entropy": {"dmean2": 0.361181110144, "median": 7.86336660385, "min": 5.23297166824, "dvar2": 0.122719846666, "dvar": 0.0628526955843, "dmean": 0.238297566772, "max": 8.98338413239, "var": 0.172353833914, "mean": 7.77553462982}, "silence_rate_20dB": {"dmean2": 0, "median": 1, "min": 1, "dvar2": 0, "dvar": 0, "dmean": 0, "max": 1, "var": 0, "mean": 1}, "melbands_flatness_db": {"dmean2": 0.0931800156832, "median": 0.240904688835, "min": 0.0232503116131, "dvar2": 0.00594053324312, "dvar": 0.00320111168548, "dmean": 0.0640481710434, "max": 0.707154393196, "var": 0.0126631045714, "mean": 0.246022030711}, "barkbands": {"dmean2": [0.000519821653143, 0.0159667432308, 0.0235133226961, 0.00581116601825, 0.00237887911499, 0.000471892155474, 0.000385067221941, 0.000545562652405, 0.000904800603166, 0.0010014269501, 0.0013192758197, 0.00132305244915, 0.00137791468296, 0.00132141041104, 0.00130537513178, 0.000491167011205, 0.000277505430859, 0.000319596612826, 0.00029045107658, 0.000282192369923, 0.000252334197285, 0.000148401377373, 8.22576112114e-05, 4.72367937618e-05, 3.40060942108e-05, 5.71895980102e-05, 6.39971085548e-06], "median": [0.000138815390528, 0.0085547408089, 0.00305362069048, 0.000416728726123, 0.000132474830025, 4.0724837163e-05, 5.81017957302e-05, 7.38939561415e-05, 0.00012968176452, 0.000104678911157, 9.0595902293e-05, 9.53368435148e-05, 9.90225235e-05, 9.03410546016e-05, 8.51516742841e-05, 7.01462995494e-05, 4.64687982458e-05, 5.23423295817e-05, 5.31963050889e-05, 0.000119289717986, 0.000106351377326, 5.59587861062e-05, 3.93680456909e-05, 2.515457345e-05, 1.90958598978e-05, 2.34442304645e-05, 2.53914049608e-06], "min": [7.95701993184e-09, 8.5889242385e-09, 2.69652367102e-09, 1.29989241593e-09, 1.6564400962e-09, 7.48629713776e-10, 5.10280262489e-10, 4.95635144038e-10, 5.4284254869e-10, 4.71333916341e-10, 4.21344015233e-10, 6.85280998614e-10, 8.34607771782e-10, 1.37734346151e-09, 5.22215026777e-09, 5.65208990722e-10, 2.30009580826e-10, 4.04825825639e-11, 2.23305835628e-11, 4.33124933488e-12, 6.0857937613e-12, 7.37456710281e-12, 4.05080049365e-12, 4.86607412351e-12, 4.17863530236e-12, 2.65234102043e-12, 3.42728232947e-12], "dvar2": [6.37264179204e-07, 0.000499930232763, 0.00186721165664, 0.000165365840076, 3.35717377311e-05, 1.10198266157e-06, 5.91939908645e-07, 1.09969994355e-06, 2.99334874398e-06, 3.76400885216e-06, 1.07067126009e-05, 7.14047791917e-06, 6.29927899354e-06, 5.82540360483e-06, 7.0459732342e-06, 6.00453006427e-07, 2.46864289011e-07, 4.72540222063e-07, 2.60673431285e-07, 2.02093630719e-07, 1.07525345072e-07, 5.80773793502e-08, 1.49800456484e-08, 4.13826573009e-09, 3.40212502614e-09, 6.97416124851e-09, 6.28715968176e-11], "dvar": [2.29684559372e-07, 0.00020833304734, 0.000839746731799, 6.10582210356e-05, 1.20178374345e-05, 4.21446230803e-07, 2.19688530478e-07, 4.04144202548e-07, 1.14524220862e-06, 1.45919727856e-06, 4.8885299293e-06, 2.93600260193e-06, 2.53651796811e-06, 2.26069096243e-06, 2.7023097573e-06, 2.44063045329e-07, 9.52872127868e-08, 1.96215296455e-07, 1.08821488709e-07, 7.68570416199e-08, 4.41521024186e-08, 2.75653952997e-08, 7.01820290772e-09, 1.69502534231e-09, 1.31903099554e-09, 2.838880242e-09, 2.91521598528e-11], "dmean": [0.00029859264032, 0.010405103676, 0.0143617829308, 0.00333385285921, 0.00130409386475, 0.000281421875115, 0.000226015006774, 0.000317819591146, 0.000527259719092, 0.000585093162954, 0.00081208004849, 0.000789287849329, 0.00080381904263, 0.000764369498938, 0.000746685720515, 0.0002978167322, 0.00016356226115, 0.00020004036196, 0.000178721908014, 0.000173329608515, 0.000148726059706, 9.34476047405e-05, 5.43886271771e-05, 2.88015617116e-05, 2.29367051361e-05, 3.79705161322e-05, 4.27533223046e-06], "max": [0.00424748333171, 0.122697152197, 0.245151564479, 0.0679683312774, 0.042048741132, 0.00950836203992, 0.00554438307881, 0.00659044273198, 0.0171274915338, 0.0151256546378, 0.0297058075666, 0.0263767205179, 0.0180482827127, 0.0139387929812, 0.0307728406042, 0.00436104042456, 0.00350025692023, 0.00585991330445, 0.00329361809418, 0.00295078172348, 0.00204150960781, 0.00138974515721, 0.000859019695781, 0.000559188367333, 0.000632231356576, 0.000644504150841, 4.39668656327e-05], "var": [2.8391659157e-07, 0.00036323844688, 0.000882388616446, 4.218720278e-05, 7.44968110666e-06, 3.16954469781e-07, 1.57955909685e-07, 2.85517245402e-07, 1.01234218164e-06, 1.51486210598e-06, 6.67776293994e-06, 2.97125984616e-06, 2.71671342489e-06, 2.23689789891e-06, 2.42169517151e-06, 2.79512136103e-07, 8.471543822e-08, 2.07406557706e-07, 1.1384776144e-07, 9.3455483352e-08, 5.4262510929e-08, 3.81348392864e-08, 1.03956105946e-08, 2.7632953703e-09, 1.80797699034e-09, 3.14699555304e-09, 3.70169658814e-11], "mean": [0.000328381574946, 0.0154835646972, 0.0145964566618, 0.00267889001407, 0.000896425684914, 0.000223290277063, 0.000186909601325, 0.000257232226431, 0.000484920688905, 0.000560689368285, 0.000864136905875, 0.000703318859451, 0.000742273463402, 0.00069537688978, 0.000643411185592, 0.000304964371026, 0.000157467424287, 0.000197214219952, 0.000177998415893, 0.00022987218108, 0.000191314800759, 0.000128836443764, 7.64188880567e-05, 4.42711316282e-05, 3.37804121955e-05, 4.36793670815e-05, 4.82114228362e-06]}, "erbbands_skewness": {"dmean2": 0.92859596014, "median": -0.0558223500848, "min": -5.27897024155, "dvar2": 0.725276112556, "dvar": 0.307627052069, "dmean": 0.591409087181, "max": 5.67160606384, "var": 0.822188198566, "mean": -0.00460201129317}, "erbbands_spread": {"dmean2": 27.5534477234, "median": 44.8409500122, "min": 1.30283558369, "dvar2": 695.883728027, "dvar": 337.402648926, "dmean": 17.9050312042, "max": 149.553421021, "var": 1133.12084961, "mean": 51.8693733215}, "melbands_kurtosis": {"dmean2": 85.8439178467, "median": 30.6008262634, "min": -1.88801109791, "dvar2": 14708.2353516, "dvar": 7260.90820313, "dmean": 58.1186714172, "max": 817.376525879, "var": 13854.4921875, "mean": 81.198135376}, "melbands": {"dmean2": [0.0031865851488, 0.010024911724, 0.00338029675186, 0.000682788144331, 0.000116357579827, 9.58762611845e-05, 7.29503735784e-05, 0.000100519850093, 0.000102830919786, 0.000134