{"tonal": {"thpcp": [1, 0.735923349857, 0.3417121768, 0.269648909569, 0.218875721097, 0.268299072981, 0.35477232933, 0.339166104794, 0.601703703403, 0.832406580448, 0.535097837448, 0.279858887196, 0.236190751195, 0.206354632974, 0.290355145931, 0.399134069681, 0.314205676317, 0.201573207974, 0.195728704333, 0.249189540744, 0.483367323875, 0.693981289864, 0.490173816681, 0.268978565931, 0.281547784805, 0.274282425642, 0.270668596029, 0.280352115631, 0.282301187515, 0.496991127729, 0.693136394024, 0.464566290379, 0.250277161598, 0.271915286779, 0.343091905117, 0.650583744049], "hpcp": {"dmean2": [0.363416612148, 0.269265800714, 0.198238343, 0.2104344666, 0.200474783778, 0.185947492719, 0.192435830832, 0.203748315573, 0.271384775639, 0.318263947964, 0.266949534416, 0.199065178633, 0.221368923783, 0.289520770311, 0.374320268631, 0.349393516779, 0.341613352299, 0.244876220822, 0.213384538889, 0.188535645604, 0.204696163535, 0.240093320608, 0.236976668239, 0.298871725798, 0.324730098248, 0.282607853413, 0.206057429314, 0.180138170719, 0.163424968719, 0.188410669565, 0.2322139889, 0.198805049062, 0.153262361884, 0.158009767532, 0.213583990932, 0.319321215153], "median": [0.0448243618011, 0.0320327281952, 0.0108794905245, 0.0089024733752, 0.0105394870043, 0.0130964694545, 0.0117466347292, 0.0129097448662, 0.0295376107097, 0.0409260243177, 0.0303557366133, 0.011973856017, 0.01012250036, 0.0133245810866, 0.043512403965, 0.0571187958121, 0.0605441182852, 0.0295340009034, 0.0119469631463, 0.00539104267955, 0.00987124349922, 0.0156281255186, 0.0191619377583, 0.0366936177015, 0.0415847599506, 0.026030767709, 0.0118409283459, 0.00914075598121, 0.00831489264965, 0.0164531748742, 0.0228208117187, 0.0177904274315, 0.00825112033635, 0.00546341110021, 0.00798658654094, 0.0295314248651], "min": [0, 0, 0, 0, 0, 0, 0, 0, 0, 0, 0, 0, 0, 0, 0, 0, 0, 0, 0, 0, 0, 0, 0, 0, 0, 0, 0, 0, 0, 0, 0, 0, 0, 0, 0, 0], "dvar2": [0.188000559807, 0.132837712765, 0.122068658471, 0.138926953077, 0.115973427892, 0.104605898261, 0.114375859499, 0.121995232999, 0.150063961744, 0.177000671625, 0.149686127901, 0.131934687495, 0.152948006988, 0.193464368582, 0.205369800329, 0.180229261518, 0.167306900024, 0.139356732368, 0.138859242201, 0.122179724276, 0.125798538327, 0.148474648595, 0.130833804607, 0.152791276574, 0.171229422092, 0.149901255965, 0.120808295906, 0.108218513429, 0.0937101393938, 0.101920999587, 0.13079470396, 0.102940700948, 0.0936719104648, 0.0962044894695, 0.14074857533, 0.185572266579], "dvar": [0.0762864276767, 0.051499273628, 0.0451422072947, 0.0519664138556, 0.0427143648267, 0.0388544388115, 0.0430366769433, 0.044289264828, 0.056591399014, 0.0749612748623, 0.0537125058472, 0.0458937287331, 0.0530682131648, 0.0680570229888, 0.0738682597876, 0.0831721425056, 0.0645518228412, 0.0469465218484, 0.0458338558674, 0.0420580133796, 0.0442512631416, 0.0547575615346, 0.0473047532141, 0.0600970163941, 0.0769878253341, 0.0559456907213, 0.0442896597087, 0.0384988300502, 0.0333534404635, 0.0376382209361, 0.0518188402057, 0.0390545800328, 0.0336221270263, 0.0343250222504, 0.05112497136, 0.0695433318615], "dmean": [0.20219412446, 0.151085361838, 0.109368480742, 0.115066707134, 0.109408728778, 0.103475138545, 0.107195854187, 0.111546233296, 0.150825679302, 0.180143564939, 0.149041742086, 0.106394313276, 0.118126094341, 0.153086736798, 0.204492390156, 0.199121460319, 0.197273626924, 0.133362904191, 0.114311277866, 0.0997083485126, 0.109811231494, 0.131427198648, 0.129982188344, 0.168465986848, 0.184319779277, 0.157409906387, 0.11209281534, 0.0976697206497, 0.0877404436469, 0.104889772832, 0.13081035018, 0.11111677438, 0.0835675150156, 0.0845995470881, 0.112955838442, 0.173031702638], "max": [1, 1, 1, 1, 1, 1, 1, 1, 1, 1, 1, 1, 1, 1, 1, 1, 1, 1, 1, 1, 1, 1, 1, 1, 1, 1, 1, 1, 1, 1, 1, 1, 1, 1, 1, 1], "var": [0.0935145020485, 0.0514568015933, 0.0327478609979, 0.0388346239924, 0.0326382033527, 0.0302489344031, 0.0337932407856, 0.0331738516688, 0.0584281794727, 0.100792519748, 0.0486096478999, 0.0298225469887, 0.0359223373234, 0.0461380109191, 0.072634883225, 0.150857463479, 0.0853480175138, 0.0331602655351, 0.0303119923919, 0.0269434712827, 0.0311519149691, 0.0453215129673, 0.0361787118018, 0.0707766190171, 0.127491369843, 0.0574634745717, 0.0333415903151, 0.0271238964051, 0.0226518642157, 0.0303931180388, 0.0522383823991, 0.0335740633309, 0.0229710433632, 0.0231728572398, 0.0334488973022, 0.054555054754], "mean": [0.204982981086, 0.144783854485, 0.0794488638639, 0.0831614732742, 0.0810154825449, 0.0799480602145, 0.0828083008528, 0.0833840072155, 0.146797508001, 0.204733416438, 0.137220099568, 0.0739249885082, 0.0803162977099, 0.101339906454, 0.192164540291, 0.295372486115, 0.217371508479, 0.100932374597, 0.0796468704939, 0.0646498650312, 0.0792481675744, 0.104789987206, 0.100180335343, 0.177726715803, 0.245869994164, 0.158053174615, 0.0826626196504, 0.0697642490268, 0.0609514787793, 0.0857629179955, 0.117893218994, 0.0928077101707, 0.059539180249, 0.0578128732741, 0.073603734374, 0.142773404717]}, "tuning_equal_tempered_deviation": 0.036281209439, "chords_changes_rate": 0.0359563268721, "key_key": "F", "tuning_diatonic_strength": 0.480768471956, "key_scale": "major", "chords_number_rate": 0.00150602404028, "tuning_frequency": 438.984558105, "tuning_nontempered_energy_ratio": 0.680426239967, "chords_histogram": [21.9691257477, 1.99548196793, 11.2387046814, 0, 9.14909648895, 3.76506018639, 3.85918664932, 0.0188253019005, 0.18825301528, 0, 0.790662646294, 0, 0, 0, 0, 0, 0, 0.075301207602, 0, 0.621234953403, 0, 0.71536141634, 3.21912646294, 42.3945770264], "key_strength": 0.615013182163, "chords_key": "D", "chords_strength": {"dmean2": 0.011069258675, "median": 0.548706769943, "min": -1, "dvar2": 0.00114581687376, "dvar": 0.000579780375119, "dmean": 0.00962432101369, "max": 0.710250794888, "var": 0.0100103290752, "mean": 0.540184617043}, "chords_scale": "minor", "hpcp_entropy": {"dmean2": 1.27587020397, "median": 2.01685523987, "min": 0, "dvar2": 1.06361675262, "dvar": 0.41933876276, "dmean": 0.770958185196, "max": 4.59515285492, "var": 0.827727615833, "mean": 1.99509418011}}, "metadata": {"audio_properties": {"equal_loudness": 0, "codec": "mp3", "downmix": "mix", "sample_rate": 44100, "analysis_sample_rate": 44100, "bit_rate": 189573, "md5_encoded": "3e2fae44b97081e6fe8e8acc36014ce4", "length": 246.622039795, "replay_gain": -13.7156162262, "lossless": false}, "version": {"essentia_build_sha": "70f2e5ece6736b2c40cc944ad0e695b16b925413", "essentia": "2.1-beta2", "extractor": "music 1.0", "essentia_git_sha": "v2.1_beta2"}, "tags": {"title": ["Paris By Night"], "artist": ["Various Artists"], "albumartist": ["Various Artists"], "date": ["2006"], "genre": ["House"], "language": ["English"], "album": ["Gay Happening Vol. 14"], "tracknumber": ["9"], "file_name": "288611.mp3", "musicbrainz_recordingid": ["1ccbb23a-44b7-4c4c-aaa2-1d29463bb9c3"], "encodedby": ["Lame 3.90.3"]}}, "rhythm": {"bpm_histogram_first_peak_bpm": {"dmean2": 0, "median": 136, "min": 136, "dvar2": 0, "dvar": 0, "dmean": 0, "max": 136, "var": 0, "mean": 136}, "bpm": 135.014556885, "bpm_histogram_second_peak_spread": {"dmean2": 0, "median": 0.352941155434, "min": 0.352941155434, "dvar2": 0, "dvar": 0, "dmean": 0, "max": 0.352941155434, "var": 0, "mean": 0.352941155434}, "bpm_histogram_first_peak_weight": {"dmean2": 0, "median": 0.667876601219, "min": 0.667876601219, "dvar2": 0, "dvar": 0, "dmean": 0, "max": 0.667876601219, "var": 0, "mean": 0.667876601219}, "onset_rate": 4.61802244186, "beats_position": [0.46439909935, 0.940408170223, 1.39319729805, 1.84598636627, 2.29877543449, 2.75156450272, 3.20435357094, 3.64553284645, 4.08671188354, 4.52789115906, 4.96907043457, 5.41024923325, 5.86303853989, 6.31582736969, 6.7570066452, 7.19818592072, 7.63936471939, 8.08054447174, 8.53333282471, 8.97451210022, 9.42730140686, 9.86848068237, 10.3096599579, 10.7508392334, 11.2036275864, 11.6448068619, 12.0975961685, 12.538775444, 12.9799547195, 13.4211339951, 13.8623123169, 14.3034915924, 14.756280899, 15.2090702057, 15.6502494812, 16.0914287567, 16.5326080322, 16.9737873077, 17.4149665833, 17.8561439514, 18.3089332581, 18.7617225647, 19.2029018402, 19.6440811157, 20.0852603912, 20.5264396667, 20.9676189423, 21.4204082489, 21.8731975555, 22.3143768311, 22.7555541992, 23.1967334747, 23.6379127502, 24.0790920258, 24.5318813324, 24.984670639, 25.4258499146, 25.8670291901, 26.3082084656, 26.7493877411, 27.1905670166, 27.6433563232, 28.0961437225, 28.537322998, 28.9785022736, 29.4196815491, 29.8608608246, 30.3020401001, 30.7432193756, 31.1843986511, 31.6255779266, 32.0667572021, 32.5079345703, 32.960723877, 33.4135131836, 33.8663024902, 34.3190917969, 34.7602729797, 35.2014503479, 35.6426315308, 36.0838088989, 36.5249862671, 36.9777755737, 37.4189567566, 37.8601341248, 38.3013153076, 38.730884552, 39.1836738586, 39.6364631653, 40.0892524719, 40.5420417786, 40.9832191467, 41.4243965149, 41.8539657593, 42.2835350037, 42.7363243103, 43.1891136169, 43.6302947998, 44.071472168, 44.5242614746, 44.9770507812, 45.4182319641, 45.8594093323, 46.3005905151, 46.7533760071, 47.2061653137, 47.6473464966, 48.0885238647, 48.5297050476, 48.9708824158, 49.4120635986, 49.8648529053, 50.3176422119, 50.7588195801, 51.2000007629, 51.6411781311, 52.0823554993, 52.5235366821, 52.9647140503, 53.4058952332, 53.8586845398, 54.299861908, 54.7526512146, 55.1938323975, 55.6350097656, 56.0877990723, 56.5405883789, 56.9817695618, 57.4229469299, 57.8641242981, 58.305305481, 58.7464828491, 59.1992721558, 59.6520614624, 60.0932426453, 60.5344200134, 60.9756011963, 61.4167785645, 61.8579597473, 62.310749054, 62.7635345459, 63.2047157288, 63.6458930969, 64.0870742798, 64.5282516479, 64.9694290161, 65.4106140137, 65.8517913818, 66.3045806885, 66.7573699951, 67.1985473633, 67.6397247314, 68.0809020996, 68.5336914062, 68.9864807129, 69.4276657104, 69.8688430786, 70.3100204468, 70.7511978149, 71.1923828125, 71.6451721191, 72.0863494873, 72.5391387939, 72.9803161621, 73.4214935303, 73.8626708984, 74.303855896, 74.7450332642, 75.1978225708, 75.6506118774, 76.0917892456, 76.5329666138, 76.9741516113, 77.4153289795, 77.8565063477, 78.3092956543, 78.7620849609, 79.2032623291, 79.6444396973, 80.0856246948, 80.526802063, 80.9679794312, 81.4207687378, 81.8735580444, 82.3147354126, 82.7559204102, 83.1970977783, 83.6382751465, 84.0794525146, 84.5206298828, 84.9734191895, 85.4262084961, 85.8673934937, 86.3085708618, 86.74974823, 87.2025375366, 87.6553268433, 88.0965042114, 88.537689209, 88.9788665771, 89.4200439453, 89.8612213135, 90.3140106201, 90.7667999268, 91.2079772949, 91.6491622925, 92.0903396606, 92.5315170288, 92.972694397, 93.4138793945, 93.8666687012, 94.3194503784, 94.760635376, 95.2018127441, 95.6429901123, 96.0841674805, 96.525352478, 96.9665298462, 97.4193191528, 97.8721084595, 98.3132858276, 98.7544631958, 99.1956481934, 99.6368255615, 100.089614868, 100.542404175, 100.983581543, 101.424758911, 101.865936279, 102.307121277, 102.759910583, 103.21269989, 103.653877258, 104.095054626, 104.536231995, 104.977409363, 105.41859436, 105.859771729, 106.300949097, 106.753738403, 107.20652771, 107.647705078, 108.088890076, 108.530067444, 108.98285675, 109.424034119, 109.876823425, 110.318000793, 110.759178162, 111.200363159, 111.641540527, 112.094329834, 112.547119141, 112.988296509, 113.429473877, 113.870658875, 114.311836243, 114.753013611, 115.194190979, 115.635368347, 116.088157654, 116.54094696, 116.982131958, 117.423309326, 117.864486694, 118.305664062, 118.74684906, 119.199638367, 119.652427673, 120.093605042, 120.53478241, 120.975959778, 121.417137146, 121.858322144, 122.31111145, 122.763900757, 123.205078125, 123.646255493, 124.087432861, 124.528617859, 124.969795227, 125.422584534, 125.87537384, 126.316551208, 126.757728577, 127.198905945, 127.628479004, 128.069656372, 128.522445679, 128.963623047, 129.404800415, 129.857589722, 130.310379028, 130.751556396, 131.192733765, 131.633926392, 132.086715698, 132.539505005, 132.980682373, 133.421859741, 133.863037109, 134.304214478, 134.745391846, 135.198181152, 135.650970459, 136.092147827, 136.533325195, 136.974502563, 137.41569519, 137.856872559, 138.298049927, 138.739227295, 139.192016602, 139.621582031, 140.085983276, 140.527160645, 140.968338013, 141.421127319, 141.873916626, 142.315093994, 142.756271362, 143.197463989, 143.638641357, 144.079818726, 144.532608032, 144.985397339, 145.426574707, 145.867752075, 146.308929443, 146.750106812, 147.19128418, 147.632461548, 148.085250854, 148.538040161, 148.979232788, 149.420410156, 149.861587524, 150.302764893, 150.743942261, 151.185119629, 151.637908936, 152.090698242, 152.53187561, 152.973052979, 153.414230347, 153.867019653, 154.31980896, 154.761001587, 155.202178955, 155.643356323, 156.084533691, 156.52571106, 156.978500366, 157.419677734, 157.872467041, 158.313644409, 158.754821777, 159.195999146, 159.637191772, 160.078369141, 160.531158447, 160.983947754, 161.425125122, 161.86630249, 162.307479858, 162.748657227, 163.189834595, 163.642623901, 164.095413208, 164.536590576, 164.977767944, 165.418960571, 165.860137939, 166.301315308, 166.754104614, 167.206893921, 167.648071289, 168.089248657, 168.530426025, 168.971603394, 169.412780762, 169.85395813, 170.306747437, 170.759536743, 171.20072937, 171.641906738, 172.083084106, 172.524261475, 172.977050781, 173.429840088, 173.871017456, 174.312194824, 174.753372192, 175.194549561, 175.647338867, 176.100128174, 176.541305542, 176.982498169, 177.423675537, 177.864852905, 178.306030273, 178.747207642, 179.199996948, 179.652786255, 180.093963623, 180.535140991, 180.976318359, 181.417495728, 181.858688354, 182.299865723, 182.752655029, 183.205444336, 183.646621704, 184.087799072, 184.52897644, 184.970153809, 185.434555054, 185.910568237, 186.386566162, 186.862579346, 187.385025024, 187.907485962, 188.429931641, 188.905944824, 189.393554688, 189.857955933, 190.310745239, 190.751922607, 191.204711914, 191.657501221, 192.098678589, 192.539855957, 192.981033325, 193.422225952, 193.86340332, 194.304580688, 194.757369995, 195.210159302, 195.65133667, 196.092514038, 196.533691406, 196.963256836, 197.404434204, 197.857223511, 198.310012817, 198.762802124, 199.203994751, 199.645172119, 200.086349487, 200.527526855, 200.980316162, 201.42149353, 201.874282837, 202.315460205, 202.756637573, 203.197814941, 203.650604248, 204.091781616, 204.544570923, 204.985748291, 205.426940918, 205.868118286, 206.309295654, 206.762084961, 207.214874268, 207.656051636, 208.097229004, 208.538406372, 208.97958374, 209.432373047, 209.885162354, 210.326339722, 210.76751709, 211.208709717, 211.649887085, 212.091064453, 212.532241821, 212.973419189, 213.414596558, 213.867385864, 214.308563232, 214.761352539, 215.202529907, 215.643707275, 216.084899902, 216.526077271, 216.967254639, 217.420043945, 217.872833252, 218.31401062, 218.755187988, 219.196365356, 219.637542725, 220.078720093, 220.531509399, 220.984298706, 221.425476074, 221.866668701, 222.307846069, 222.749023438, 223.190200806, 223.642990112, 224.095779419, 224.536956787, 224.978134155, 225.419311523, 225.860488892, 226.30166626, 226.742858887, 227.195648193, 227.6484375, 228.089614868, 228.530792236, 228.971969604, 229.424758911, 229.877548218, 230.318725586, 230.759902954, 231.201080322, 231.64225769, 232.083435059, 232.536224365, 232.989013672, 233.430206299, 233.871383667, 234.312561035, 234.753738403, 235.194915771, 235.63609314, 236.077270508, 236.530059814, 236.982849121, 237.424026489, 237.865203857, 238.306396484, 238.747573853, 239.188751221, 239.641540527, 240.094329834, 240.535507202, 240.97668457, 241.417861938, 241.859039307, 242.323440552, 242.787841797, 243.252243042, 243.716644287, 244.181045532, 244.645431519, 245.109832764, 245.585845947, 246.050247192], "beats_loudness": {"dmean2": 0.0203511826694, "median": 0.0757472068071, "min": 0, "dvar2": 0.000541703135241, "dvar": 0.000197253350052, "dmean": 0.0118992524222, "max": 0.117177262902, "var": 0.000756611989345, "mean": 0.0648075267673}, "danceability": 1.49250555038, "bpm_histogram_second_peak_weight": {"dmean2": 0, "median": 0.0199637021869, "min": 0.0199637021869, "dvar2": 0, "dvar": 0, "dmean": 0, "max": 0.0199637021869, "var": 0, "mean": 0.0199637021869}, "beats_count": 552, "bpm_histogram_second_peak_bpm": {"dmean2": 0, "median": 129, "min": 129, "dvar2": 0, "dvar": 0, "dmean": 0, "max": 129, "var": 0, "mean": 129}, "bpm_histogram_first_peak_spread": {"dmean2": 0, "median": 0.305660367012, "min": 0.305660367012, "dvar2": 0, "dvar": 0, "dmean": 0, "max": 0.305660367012, "var": 0, "mean": 0.305660367012}, "beats_loudness_band_ratio": {"dmean2": [0.393634200096, 0.23395241797, 0.0780246555805, 0.0701181069016, 0.0661845803261, 0.190081045032], "median": [0.811561346054, 0.0334535762668, 0.0156657621264, 0.0126300957054, 0.0236732698977, 0.0645064264536], "min": [0, 0, 0, 0, 0, 0], "dvar2": [0.121624521911, 0.0605850443244, 0.0174385104328, 0.0183735862374, 0.0124157611281, 0.0611601397395], "dvar": [0.0429436303675, 0.0191137734801, 0.00559039553627, 0.00646165478975, 0.00420743227005, 0.0228669419885], "dmean": [0.207491457462, 0.12154096365, 0.0429102107882, 0.0412375666201, 0.0365717895329, 0.101347260177], "max": [0.996658980846, 0.759324789047, 0.511267960072, 0.696122825146, 0.554423093796, 0.981146335602], "var": [0.10645750165, 0.018148811534, 0.00715390173718, 0.0121598225087, 0.0041134711355, 0.023574847728], "mean": [0.672513723373, 0.0940251275897, 0.0446417815983, 0.0540444366634, 0.0444761067629, 0.0999209731817]}}, "lowlevel": {"barkbands_spread": {"dmean2": 16.1777954102, "median": 27.419675827, "min": 0.0209842678159, "dvar2": 360.301544189, "dvar": 151.830535889, "dmean": 10.4521589279, "max": 114.676795959, "var": 368.846618652, "mean": 29.8660125732}, "melbands_spread": {"dmean2": 23.4919757843, "median": 19.9606552124, "min": 0.1385217309, "dvar2": 1209.2265625, "dvar": 606.625549316, "dmean": 15.8364696503, "max": 306.034179688, "var": 1500.98266602, "mean": 34.3631668091}, "hfc": {"dmean2": 22.3029823303, "median": 29.2403526306, "min": 1.08998270913e-16, "dvar2": 2150.41699219, "dvar": 1048.78674316, "dmean": 15.1527442932, "max": 831.219909668, "var": 2433.96289062, "mean": 39.3975982666}, "barkbands_kurtosis": {"dmean2": 26.1532516479, "median": 2.52339935303, "min": -1.92806613445, "dvar2": 22190.2636719, "dvar": 12188.0742188, "dmean": 19.3030376434, "max": 3913.3293457, "var": 20053.9511719, "mean": 24.9084377289}, "gfcc": {"mean": [15.3035736084, 40.0988235474, -107.620811462, 50.1193389893, -60.4465675354, 29.8062553406, -40.9980354309, 15.0930528641, -24.7295379639, 6.43123865128, -12.4606323242, 1.29827260971, -8.72805500031], "icov": [[0.000142168908496, -0.000208829267649, 0.00016290853091, -0.000414953537984, 0.000258395884885, -0.000351291906554, 0.000351234572008, -0.000393177499063, 0.000447234138846, -0.00055681593949, 0.000441222713562, -0.000282901688479, 5.30321049155e-05], [-0.000208829267649, 0.00129210110754, -0.000312625314109, 0.000632374954876, -0.000811577425338, 0.00115093914792, -0.00100912281778, 0.00117808114737, -0.000932772178203, 0.00146759161726, -0.00146524573211, 0.00190976180602, -0.000165477307746], [0.00016290853091, -0.000312625314109, 0.00175596226472, -0.00132932292763, -0.000563732930459, -0.000683055724949, 0.000878495920915, -0.00073948566569, 0.000687149702571, -0.000417298113462, 0.000682094017975, 5.22721966263e-05, 0.000371522357455], [-0.000414953537984, 0.000632374954876, -0.00132932292763, 0.00565691711381, -0.00330896605738, -0.000546065508388, 0.000401090394007, 0.00108926231042, -0.00217161257751, 0.00269096833654, -0.00128884555306, 3.10121904477e-05, -0.000122578494484], [0.000258395884885, -0.000811577425338, -0.000563732930459, -0.00330896605738, 0.00630419608206, -0.00129987823311, -0.00179050618317, -0.000970857450739, 0.000774236861616, -0.0019771931693, 0.00074177706847, 0.000126165803522, -0.000711586675607], [-0.000351291906554, 0.00115093914792, -0.000683055724949, -0.000546065508388, -0.00129987823311, 0.00887684896588, -0.00426375726238, -0.00107775791548, 0.000480214803247, 0.000228607459576, -0.00113320094533, 0.00240356195718, 0.000510119833052], [0.000351234572008, -0.00100912281778, 0.000878495920915, 0.000401090394007, -0.00179050618317, -0.00426375726238, 0.00905796978623, -0.00267644948326, -0.00153672811575, -0.000434453279013, 0.000162485739565, -0.00148549163714, -0.000166937505128], [-0.000393177499063, 0.00117808114737, -0.00073948566569, 0.00108926231042, -0.000970857450739, -0.00107775791548, -0.00267644948326, 0.0140813039616, -0.00460940087214, -0.0005325092352, -0.000118841628137, -0.00143021577969, 0.00126276013907], [0.000447234138846, -0.000932772178203, 0.000687149702571, -0.00217161257751, 0.000774236861616, 0.000480214803247, -0.00153672811575, -0.00460940087214, 0.0143144149333, -0.00560071785003, -0.00224246340804, 0.00170828239061, -0.00233197328635], [-0.00055681593949, 0.00146759161726, -0.000417298113462, 0.00269096833654, -0.0019771931693, 0.000228607459576, -0.000434453279013, -0.0005325092352, -0.00560071785003, 0.016410978511, -0.00483056856319, -0.003353982931, 0.00138455617707], [0.000441222713562, -0.00146524573211, 0.000682094017975, -0.00128884555306, 0.00074177706847, -0.00113320094533, 0.000162485739565, -0.000118841628137, -0.00224246340804, -0.00483056856319, 0.0174030289054, -0.00672911852598, -0.00196799915284], [-0.000282901688479, 0.00190976180602, 5.22721966263e-05, 3.10121904477e-05, 0.000126165803522, 0.00240356195718, -0.00148549163714, -0.00143021577969, 0.00170828239061, -0.003353982931, -0.00672911852598, 0.0196910426021, -0.00709287263453], [5.30321049155e-05, -0.000165477307746, 0.000371522357455, -0.000122578494484, -0.000711586675607, 0.000510119833052, -0.000166937505128, 0.00126276013907, -0.00233197328635, 0.00138455617707, -0.00196799915284, -0.00709287263453, 0.0163749679923]], "cov": [[15084.6367188, 444.108734131, 42.2926521301, 845.70690918, 15.9558725357, 441.457214355, -340.197998047, 212.99848938, -299.712768555, 169.498275757, -250.653900146, 23.6188983917, -148.854644775], [444.108734131, 1711.0065918, 375.738586426, 201.277587891, 304.576080322, -14.8630027771, 116.757598877, -96.7490768433, 32.792842865, -152.975799561, -4.42162322998, -204.110595703, -40.1541252136], [42.2926521301, 375.738586426, 1521.12451172, 763.125427246, 707.338256836, 349.41784668, 187.028656006, 112.849838257, 58.0798110962, -35.8815383911, -29.7321853638, -105.250915527, -49.940372467], [845.70690918, 201.277587891, 763.125427246, 769.502929688, 588.984436035, 309.846618652, 189.183456421, 115.794143677, 93.0055770874, 11.2107200623, 20.3675251007, -29.1518726349, -1.19956457615], [15.9558725357, 304.576080322, 707.338256836, 588.984436035, 737.116210938, 323.955352783, 298.548339844, 140.628189087, 132.763961792, 45.6214942932, 51.346408844, -23.9476394653, 16.3733444214], [441.457214355, -14.8630027771, 349.41784668, 309.846618652, 323.955352783, 337.918579102, 205.552276611, 120.311073303, 70.3900985718, 49.0977935791, 25.0476303101, -3.07022881508, -3.26639127731], [-340.197998047, 116.757598877, 187.028656006, 189.183456421, 298.548339844, 205.552276611, 329.223297119, 119.159927368, 127.206825256, 64.2975692749, 71.2861633301, 25.4528388977, 32.4633827209], [212.99848938, -96.7490768433, 112.849838257, 115.794143677, 140.628189087, 120.311073303, 119.159927368, 156.196990967, 82.2320022583, 70.2414245605, 40.373664856, 41.3553009033, 16.7086715698], [-299.712768555, 32.792842865, 58.0798110962, 93.0055770874, 132.763961792, 70.3900985718, 127.206825256, 82.2320022583, 168.196746826, 78.3285903931, 76.3375396729, 38.4372673035, 42.3663864136], [169.498275757, -152.975799561, -35.8815383911, 11.2107200623, 45.6214942932, 49.0977935791, 64.2975692749, 70.2414245605, 78.3285903931, 146.227996826, 69.9060592651, 75.3876647949, 34.3417510986], [-250.653900146, -4.42162322998, -29.7321853638, 20.3675251007, 51.346408844, 25.0476303101, 71.2861633301, 40.373664856, 76.3375396729, 69.9060592651, 126.635978699, 68.5625762939, 50.5366096497], [23.6188983917, -204.110595703, -105.250915527, -29.1518726349, -23.9476394653, -3.07022881508, 25.4528388977, 41.3553009033, 38.4372673035, 75.3876647949, 68.5625762939, 131.393539429, 60.4092140198], [-148.854644775, -40.1541252136, -49.940372467, -1.19956457615, 16.3733444214, -3.26639127731, 32.4633827209, 16.7086715698, 42.3663864136, 34.3417510986, 50.5366096497, 60.4092140198, 97.4947891235]]}, "spectral_energyband_middle_low": {"dmean2": 0.0107852770016, "median": 0.00484403874725, "min": 1.74513109496e-22, "dvar2": 0.000416812923504, "dvar": 0.000183380194358, "dmean": 0.00706843426451, "max": 0.101584732533, "var": 0.00021219633345, "mean": 0.010017041117}, "melbands_crest": {"dmean2": 6.51777935028, "median": 17.7509174347, "min": 1.00547158718, "dvar2": 33.8696632385, "dvar": 16.7009944916, "dmean": 4.42817020416, "max": 33.8139190674, "var": 51.8879127502, "mean": 17.1354522705}, "spectral_kurtosis": {"dmean2": 1.07852208614, "median": 1.64713478088, "min": -1.3911948204, "dvar2": 2.60262751579, "dvar": 1.46542215347, "dmean": 0.701702475548, "max": 83.6600723267, "var": 4.40678596497, "mean": 1.82595932484}, "spectral_rms": {"dmean2": 0.00184176268522, "median": 0.00651997700334, "min": 3.17077419008e-12, "dvar2": 3.50356935996e-06, "dvar": 2.52464997175e-06, "dmean": 0.00133708445355, "max": 0.0123701570556, "var": 1.00956867755e-05, "mean": 0.00627778144553}, "zerocrossingrate": {"dmean2": 0.0235321596265, "median": 0.0751953125, "min": 0.00244140625, "dvar2": 0.000592295080423, "dvar": 0.000660637277178, "dmean": 0.023956855759, "max": 0.51806640625, "var": 0.00578537303954, "mean": 0.0931978300214}, "silence_rate_60dB": {"dmean2": 0.0681668370962, "median": 0, "min": 0, "dvar2": 0.0731194987893, "dvar": 0.032917175442, "dmean": 0.0340802110732, "max": 1, "var": 0.0693178251386, "mean": 0.0749317482114}, "erbbands_kurtosis": {"dmean2": 1.84860169888, "median": -0.467157125473, "min": -1.89790177345, "dvar2": 40.4020462036, "dvar": 20.3186759949, "dmean": 1.21494400501, "max": 242.896697998, "var": 48.7374267578, "mean": 0.54768705368}, "erbbands": {"dmean2": [0.39311081171, 4.67744493484, 7.84097194672, 13.4450244904, 15.2961053848, 19.9818878174, 15.5857686996, 25.5775737762, 18.2366752625, 14.4874334335, 17.1574611664, 21.8059234619, 19.4141941071, 21.477514267, 24.9975757599, 24.6755313873, 23.1753005981, 25.7687511444, 33.4652671814, 25.246805191, 19.3913593292, 20.4326648712, 23.147857666, 24.6515007019, 19.2390213013, 20.6361484528, 21.694311142, 17.9204444885, 13.4004392624, 13.8964891434, 13.4491119385, 16.0833473206, 11.7164554596, 6.64408874512, 2.34232950211, 0.742539346218, 0.121552653611, 0.0121981827542, 0.00132785656024, 6.90458691679e-05], "median": [0.138213053346, 1.61443769932, 2.24109101295, 2.20453286171, 1.68304097652, 1.90725111961, 3.14116573334, 4.30071973801, 3.39890551567, 2.51094222069, 3.76031923294, 4.58145189285, 4.64119434357, 5.97105741501, 6.74675750732, 7.56026363373, 8.64764785767, 9.61531734467, 13.2998142242, 12.4743442535, 12.4462938309, 13.0996274948, 14.9496774673, 16.7535362244, 14.902674675, 14.6933937073, 14.0959739685, 12.8232765198, 10.9033498764, 9.92127609253, 8.91005516052, 7.46337795258, 5.08521413803, 3.20541381836, 1.33256173134, 0.400859504938, 0.0693667307496, 0.00696140993387, 0.000437195354607, 8.11741192592e-05], "min": [7.55536075814e-23, 7.81468281419e-22, 4.40318458651e-21, 1.05374869428e-20, 9.74852708292e-21, 2.62999603913e-20, 4.82144644376e-20, 7.54968649806e-20, 8.70638484738e-20, 1.70564655233e-19, 4.12906951693e-19, 3.91340724612e-19, 4.00020098135e-19, 6.40921303796e-19, 6.98470378662e-19, 1.42683702921e-18, 2.19584295987e-18, 1.75653684912e-18, 2.46780815795e-18, 3.21120922973e-18, 4.45664234528e-18, 5.29369329049e-18, 4.61638746518e-18, 7.13756945215e-18, 6.67168313319e-18, 7.36790533834e-18, 9.88542622393e-18, 1.1204468281e-17, 1.15125723797e-17, 1.05321499412e-17, 1.18157440004e-17, 1.1934846428e-17, 8.35358533679e-18, 8.36744309359e-18, 6.3732611836e-18, 4.15616526546e-18, 2.43405008997e-18, 1.07888060941e-18, 2.62834339043e-19, 2.85734356087e-20], "dvar2": [0.30518168211, 29.7235984802, 166.831985474, 737.510925293, 1165.00354004, 2472.78344727, 1423.55456543, 6433.39794922, 1983.41442871, 1011.87731934, 1474.70654297, 1805.87219238, 1819.07678223, 1507.68432617, 1923.4987793, 1831.89587402, 1621.12817383, 2123.42529297, 4787.64501953, 2174.11206055, 1595.88659668, 1673.00256348, 3301.82006836, 2818.30151367, 1327.15856934, 2602.86132812, 2878.63720703, 4505.17724609, 3062.71020508, 3642.60083008, 1296.9753418, 2273.95019531, 1325.02587891, 598.185058594, 50.6210289001, 4.62406015396, 0.109871007502, 0.00122873671353, 4.54323853774e-05, 4.61237199545e-08], "dvar": [0.224685892463, 30.0722293854, 119.063049316, 335.544281006, 443.465270996, 905.194946289, 513.760742188, 2308.29199219, 778.508728027, 408.920623779, 568.191101074, 786.307373047, 667.690002441, 581.900634766, 749.10949707, 648.715637207, 606.776245117, 851.007995605, 1867.76745605, 803.263671875, 615.432800293, 621.021179199, 1388.58422852, 1196.01977539, 565.375366211, 976.561096191, 1060.33532715, 1854.43139648, 1283.32568359, 1439.47265625, 606.690917969, 1174.59155273, 635.190612793, 284.492553711, 24.0074939728, 2.11620616913, 0.0512378662825, 0.000564569607377, 2.02453884413e-05, 2.17395541569e-08], "dmean": [0.314672797918, 3.56385326385, 6.84492969513, 9.00636005402, 9.07016658783, 11.3873806, 9.17263031006, 15.2012786865, 11.4239292145, 8.77787876129, 10.4280948639, 13.519990921, 11.3399810791, 12.8033370972, 14.954079628, 14.2820329666, 13.6925849915, 15.4014501572, 19.8959712982, 14.990860939, 11.8772230148, 12.3967380524, 14.1173524857, 14.938999176, 11.6575059891, 12.2168674469, 12.9275913239, 10.9479589462, 8.61420917511, 8.95512676239, 9.12341499329, 11.0283927917, 7.9261841774, 4.442237854, 1.57634675503, 0.497693002224, 0.081969499588, 0.00801832042634, 0.000846392766107, 4.67341924377e-05], "max": [3.19604516029, 34.9477310181, 86.5112915039, 146.861816406, 222.578033447, 220.428436279, 326.407287598, 557.124816895, 494.709777832, 509.209503174, 323.780975342, 564.220336914, 405.353485107, 416.199829102, 471.872833252, 593.764282227, 696.098571777, 492.559356689, 1345.81640625, 907.447692871, 720.591247559, 798.569396973, 1978.91674805, 1680.23217773, 928.906982422, 1238.63134766, 1063.10473633, 2132.94848633, 1379.8380127, 1690.63720703, 1270.99572754, 937.51159668, 913.956726074, 976.653442383, 190.581970215, 54.2519683838, 8.26105308533, 0.963300228119, 0.304873645306, 0.0098791886121], "var": [0.543384373188, 86.0522613525, 294.70980835, 376.7237854, 466.164459229, 706.422912598, 426.915985107, 1689.67785645, 927.558410645, 463.749633789, 587.657409668, 1025.39208984, 578.492858887, 645.973571777, 991.204345703, 856.738464355, 794.727355957, 1302.57727051, 2114.08032227, 989.266845703, 921.470031738, 840.895141602, 2189.02563477, 1962.01794434, 938.34979248, 1188.59338379, 1196.79907227, 2138.80297852, 1604.14306641, 1634.31774902, 1155.58972168, 2227.12182617, 1085.47314453, 558.855895996, 51.3910903931, 4.25005674362, 0.095835968852, 0.000918117875699, 2.28701046581e-05, 3.2150285989e-08], "mean": [0.489648133516, 6.5152888298, 10.2148151398, 10.2659225464, 9.86830329895, 10.3027610779, 10.1000366211, 15.8908452988, 13.2609195709, 9.73795032501, 12.1463127136, 15.9284658432, 12.4400310516, 14.9089574814, 18.2708644867, 17.7256336212, 18.2543621063, 20.8106517792, 26.381483078, 21.9266452789, 20.1488265991, 21.061258316, 23.1274356842, 25.4480953217, 22.7424316406, 22.2203464508, 22.3184757233, 19.5181922913, 16.7240581512, 16.954498291, 17.286283493, 18.5986309052, 12.9420127869, 7.67007923126, 2.97658610344, 0.920158028603, 0.148144870996, 0.0138754723594, 0.00109208922368, 0.000103244085039]}, "spectral_strongpeak": {"dmean2": 0.885000288486, "median": 0.68828779459, "min": 0, "dvar2": 3.85207748413, "dvar": 1.61593389511, "dmean": 0.535406112671, "max": 39.1367340088, "var": 1.86339342594, "mean": 0.931231081486}, "spectral_energy": {"dmean2": 0.0249968785793, "median": 0.0435728542507, "min": 1.03051542039e-20, "dvar2": 0.000640746206045, "dvar": 0.000458128895843, "dmean": 0.017674330622, "max": 0.156846314669, "var": 0.00167420844082, "mean": 0.0507439672947}, "average_loudness": 0.963999986649, "spectral_rolloff": {"dmean2": 1647.19616699, "median": 1335.05859375, "min": 64.599609375, "dvar2": 4455724, "dvar": 2737202.25, "dmean": 1086.44873047, "max": 19681.3476562, "var": 9443100, "mean": 2529.93530273}, "spectral_centroid": {"dmean2": 565.444335938, "median": 1917.55334473, "min": 62.5092887878, "dvar2": 375728.78125, "dvar": 225246.953125, "dmean": 405.483886719, "max": 11673.6044922, "var": 1347922.25, "mean": 1986.8782959}, "pitch_salience": {"dmean2": 0.135028779507, "median": 0.499285340309, "min": 0.0275438353419, "dvar2": 0.0144190629944, "dvar": 0.0110882148147, "dmean": 0.101778589189, "max": 0.995939970016, "var": 0.0455865226686, "mean": 0.471188634634}, "spectral_energyband_middle_high": {"dmean2": 0.00309475068934, "median": 0.00330208893865, "min": 1.16333552458e-21, "dvar2": 2.20515030378e-05, "dvar": 8.68164261192e-06, "dmean": 0.00192769919522, "max": 0.0692902654409, "var": 1.6440753825e-05, "mean": 0.0043405755423}, "spectral_contrast_coeffs": {"dmean2": [0.0922416895628, 0.0842578187585, 0.0752235651016, 0.063434034586, 0.0446497388184, 0.0287501383573], "median": [-0.603956639767, -0.728742718697, -0.768031597137, -0.774474978447, -0.782630801201, -0.778157353401], "min": [-0.977446556091, -0.992354094982, -0.991282582283, -0.987786710262, -0.986656308174, -0.964402318001], "dvar2": [0.00674534030259, 0.00507604982704, 0.00432970374823, 0.00323738646694, 0.00153030233923, 0.000704884354491], "dvar": [0.0031939574983, 0.00244025047868, 0.00185767305084, 0.00136746081989, 0.000656572286971, 0.00028864009073], "dmean": [0.0629366785288, 0.0546130649745, 0.0469850040972, 0.0394753217697, 0.0276327095926, 0.0179632678628], "max": [-0.22786231339, -0.386857897043, -0.458488166332, -0.527445018291, -0.595487356186, -0.621108353138], "var": [0.0144363325089, 0.00807909388095, 0.00617523118854, 0.00438492232934, 0.00253026746213, 0.00136921578087], "mean": [-0.611368536949, -0.720038890839, -0.760191500187, -0.769758105278, -0.777220010757, -0.77745205164]}, "melbands_skewness": {"dmean2": 2.1640496254, "median": 3.78707313538, "min": -3.56532216072, "dvar2": 6.20245504379, "dvar": 4.08582115173, "dmean": 1.71349227428, "max": 28.2629108429, "var": 16.8033123016, "mean": 4.81008863449}, "spectral_spread": {"dmean2": 1000967.0625, "median": 6231993.5, "min": 1681517.75, "dvar2": 1541854330880.0, "dvar": 831632441344, "dmean": 685245.75, "max": 42478988, "var": 8647376109570.0, "mean": 6590316.5}, "dissonance": {"dmean2": 0.0232294332236, "median": 0.479381263256, "min": 0.27460360527, "dvar2": 0.000689233769663, "dvar": 0.000251719844528, "dmean": 0.0139515008777, "max": 0.5, "var": 0.000470768369269, "mean": 0.473771721125}, "spectral_skewness": {"dmean2": 0.231655061245, "median": 1.08392059803, "min": -0.307506263256, "dvar2": 0.0571919083595, "dvar": 0.0301826111972, "dmean": 0.156033694744, "max": 8.10849952698, "var": 0.15012794733, "mean": 1.10837781429}, "spectral_flux": {"dmean2": 0.076539888978, "median": 0.10833401233, "min": 6.26288326755e-11, "dvar2": 0.00490474514663, "dvar": 0.00226764753461, "dmean": 0.047415792942, "max": 0.357255846262, "var": 0.00524809258059, "mean": 0.121978960931}, "spectral_contrast_valleys": {"dmean2": [1.01333677769, 0.909438312054, 0.842398285866, 0.700442671776, 0.489982396364, 0.420400828123], "median": [-7.50167655945, -7.28542566299, -7.69319725037, -7.6549654007, -7.07671022415, -8.79667186737], "min": [-28.0920372009, -28.3583717346, -27.6540966034, -27.7422618866, -27.4974193573, -27.3413105011], "dvar2": [0.850522875786, 0.847168207169, 0.877102732658, 0.658388078213, 0.353782504797, 0.273809462786], "dvar": [0.534146428108, 0.433877319098, 0.408152729273, 0.299015849829, 0.17247787118, 0.15014487505], "dmean": [0.717896938324, 0.60706949234, 0.537314832211, 0.446753978729, 0.316247165203, 0.305191844702], "max": [-5.35473489761, -4.32143115997, -5.03389406204, -5.39083194733, -5.45686388016, -6.61077785492], "var": [4.51369285583, 3.40389633179, 3.10088562965, 3.02227544785, 3.04224920273, 2.94234275818], "mean": [-7.9186258316, -7.49215936661, -7.8237991333, -7.88901567459, -7.39719152451, -9.12303447723]}, "erbbands_flatness_db": {"dmean2": 0.0259356722236, "median": 0.118454165757, "min": 0.0536610670388, "dvar2": 0.000702381017618, "dvar": 0.000404354854254, "dmean": 0.0185289233923, "max": 0.41373822093, "var": 0.00193247455172, "mean": 0.128983601928}, "spectral_energyband_high": {"dmean2": 0.0022636258509, "median": 0.00199586129747, "min": 7.32297260959e-21, "dvar2": 3.22416381096e-05, "dvar": 1.597949813e-05, "dmean": 0.00155038805678, "max": 0.100902140141, "var": 3.43808678736e-05, "mean": 0.00335172656924}, "spectral_entropy": {"dmean2": 0.238496109843, "median": 8.03515529633, "min": 3.68678379059, "dvar2": 0.0722918733954, "dvar": 0.0411874949932, "dmean": 0.166826620698, "max": 9.82192802429, "var": 0.242832869291, "mean": 7.94885015488}, "silence_rate_20dB": {"dmean2": 0, "median": 1, "min": 1, "dvar2": 0, "dvar": 0, "dmean": 0, "max": 1, "var": 0, "mean": 1}, "melbands_flatness_db": {"dmean2": 0.0507173649967, "median": 0.175729185343, "min": 1.85516356055e-07, "dvar2": 0.00243815337308, "dvar": 0.00197463203222, "dmean": 0.0420270487666, "max": 0.852356135845, "var": 0.0119358878583, "mean": 0.190425038338}, "barkbands": {"dmean2": [0.000525779614691, 0.0185250304639, 0.00789185520262, 0.00542992446572, 0.00542489532381, 0.00274265906774, 0.00114000157919, 0.00071048096288, 0.000898359052371, 0.000653632800095, 0.000632533279713, 0.000529588549398, 0.000524407369085, 0.000520898087416, 0.000648969667964, 0.000385273480788, 0.000441416777903, 0.000477389927255, 0.000380366225727, 0.000436323316535, 0.000508093158714, 0.000388873741031, 0.000461303658085, 0.000729811377823, 0.000439391093096, 0.00010067698895, 6.25551274425e-06], "median": [6.07796828263e-05, 0.0059610363096, 0.00120876997244, 0.000329344649799, 0.0005994119565, 0.000569424242713, 0.000173041160451, 0.000165325036505, 0.000159626273671, 0.000189159458387, 0.000114837108413, 0.000132800501888, 0.000180809438461, 0.000132719578687, 0.000254383106949, 0.000185717159184, 0.000265295646386, 0.000270484742941, 0.000293031975161, 0.000300480023725, 0.000347682740539, 0.00030073695234, 0.000305655557895, 0.000332151219482, 0.000234693710809, 5.33908751095e-05, 1.75753723397e-06], "min": [6.41919291367e-25, 6.84567498208e-24, 2.56580046538e-24, 2.06703448058e-24, 8.59361877637e-24, 7.94678991055e-24, 1.69434680945e-24, 1.06628340629e-23, 1.40546708981e-23, 1.09534977521e-23, 1.9673794968e-23, 2.00399494904e-23, 4.38852851014e-23, 2.35099892625e-23, 5.39839353113e-23, 7.09362784854e-23, 6.17182368595e-23, 8.49944298378e-23, 1.19133458362e-22, 1.58020943597e-22, 2.54376617612e-22, 3.45523499868e-22, 4.044278825e-22, 6.0843940425e-22, 9.10307619302e-22, 1.24709856779e-21, 2.03842445508e-21], "dvar2": [6.79847346419e-07, 0.000461418763734, 0.000204965894227, 0.000137328606797, 0.00017316940648, 6.94855698384e-05, 6.54157747704e-06, 2.14490569306e-06, 3.09040410684e-06, 1.31072113163e-06, 1.43067927638e-06, 8.10333915524e-07, 8.24921016829e-07, 9.87940893538e-07, 1.51256904246e-06, 5.29218425527e-07, 7.92969501617e-07, 1.52015672938e-06, 5.28198711436e-07, 1.10279199816e-06, 2.28451699513e-06, 2.68802364189e-06, 1.8223246343e-06, 4.52079984825e-06, 1.98359521164e-06, 7.92885899159e-08, 1.03035524557e-09], "dvar": [2.6441412615e-07, 0.000451556406915, 0.000131918437546, 5.30028155481e-05, 6.26094042673e-05, 2.46465478995e-05, 2.69229576588e-06, 8.475