{"metadata": {"tags": {"album": ["Farakala"], "albumartist": ["Trilok Gurtu &amp; Frikyiwa Family"], "genre": ["Other"], "artist": ["Trilok Gurtu &amp; Frikyiwa Family"], "date": ["2006"], "tracknumber": ["8"], "title": ["008 piste_08"], "file_name": "208398.mp3", "musicbrainz_recordingid": ["1cce925d-6f73-4486-b6e7-b458eb3ddec0"]}, "audio_properties": {"sample_rate": 44100, "downmix": "mix", "lossless": false, "analysis_sample_rate": 44100, "md5_encoded": "42ecf06d257ce1c30bf636ff0cdcd57f", "equal_loudness": 0, "replay_gain": -10.8138008118, "codec": "mp3", "bit_rate": 224000, "length": 261.773071289}, "version": {"extractor": "music 1.0", "essentia_build_sha": "70f2e5ece6736b2c40cc944ad0e695b16b925413", "essentia_git_sha": "v2.1_beta2", "essentia": "2.1-beta2"}}, "rhythm": {"beats_loudness_band_ratio": {"dvar2": [0.148232936859, 0.0955920219421, 0.072047226131, 0.0553594268858, 0.0126144159585, 0.0138612743467], "var": [0.0761670544744, 0.0343004725873, 0.0313390754163, 0.0132784908637, 0.0034822227899, 0.00310282106511], "min": [0.00649217888713, 5.03252522321e-05, 1.18399048006e-05, 2.48695705523e-05, 3.2773843941e-06, 1.88561079995e-05], "dmean": [0.276672691107, 0.170931831002, 0.112983725965, 0.0768865123391, 0.0247815269977, 0.0313036851585], "mean": [0.689185738564, 0.167998850346, 0.112899452448, 0.0583813898265, 0.0186105147004, 0.0248921532184], "max": [0.999902665615, 0.909270346165, 0.906068623066, 0.745229840279, 0.584505081177, 0.613682687283], "dmean2": [0.513519525528, 0.313396006823, 0.206845656037, 0.145755618811, 0.0463297367096, 0.0602743327618], "median": [0.779541790485, 0.108138732612, 0.0337368808687, 0.0176526512951, 0.0034322058782, 0.00711640669033], "dvar": [0.0468545518816, 0.0328945852816, 0.0240657553077, 0.0174274723977, 0.00430467305705, 0.00449320254847]}, "bpm_histogram_first_peak_weight": {"dvar2": 0, "var": 0, "min": 0.361660093069, "dmean": 0, "mean": 0.361660093069, "max": 0.361660093069, "dmean2": 0, "median": 0.361660093069, "dvar": 0}, "bpm": 116.705749512, "beats_count": 507, "bpm_histogram_first_peak_spread": {"dvar2": 0, "var": 0, "min": 0.564285695553, "dmean": 0, "mean": 0.564285695553, "max": 0.564285695553, "dmean2": 0, "median": 0.564285695553, "dvar": 0}, "danceability": 1.26672708988, "bpm_histogram_first_peak_bpm": {"dvar2": 0, "var": 0, "min": 117, "dmean": 0, "mean": 117, "max": 117, "dmean2": 0, "median": 117, "dvar": 0}, "beats_position": [0.53405892849, 1.04489791393, 1.55573689938, 2.0549659729, 2.55419492722, 3.06503391266, 3.5758728981, 4.08671188354, 4.58594083786, 5.08516979218, 5.59600877762, 6.11845779419, 6.64090681076, 7.16335582733, 7.66258478165, 8.15020370483, 8.63782310486, 9.12544155121, 9.61306095123, 10.1122903824, 10.6347389221, 11.1687984467, 11.7028570175, 12.2136955261, 12.7245349884, 13.235373497, 13.7462129593, 14.2338323593, 14.7214508057, 15.2090702057, 15.696688652, 16.1843090057, 16.6603164673, 17.1595458984, 17.6471652985, 18.1463947296, 18.6340141296, 19.1100215912, 19.574420929, 20.0504302979, 20.5264396667, 21.0140590668, 21.5132884979, 22.0125160217, 22.5581855774, 23.0574150085, 23.5450344086, 24.0326519012, 24.5202713013, 25.0311107635, 25.5419502258, 26.0411777496, 26.5520172119, 27.0512466431, 27.5620861053, 28.0729255676, 28.5837631226, 29.0946025848, 29.6054420471, 30.1162815094, 30.6271190643, 31.1379585266, 31.66040802, 32.1828575134, 32.6936950684, 33.204536438, 33.7269821167, 34.2494316101, 34.7602729797, 35.2711105347, 35.7819480896, 36.2927894592, 36.8036270142, 37.3144645691, 37.8253059387, 38.3361434937, 38.8469848633, 39.3578224182, 39.8802719116, 40.3911094666, 40.91355896, 41.4243965149, 41.9352378845, 42.4576873779, 42.9801368713, 43.4909744263, 44.0018119812, 44.5010414124, 45.0002708435, 45.5111083984, 46.0219497681, 46.532787323, 47.0436286926, 47.5544662476, 48.076915741, 48.5993652344, 49.1102027893, 49.6326522827, 50.1551017761, 50.6659393311, 51.1767807007, 51.6876182556, 52.210067749, 52.7325172424, 53.2433547974, 53.7541923523, 54.2766418457, 54.8107032776, 55.333152771, 55.8555984497, 56.3780479431, 56.8888893127, 57.3997268677, 57.9105644226, 58.4446258545, 58.9554634094, 59.4779129028, 59.9887504578, 60.5111999512, 61.0220413208, 61.5328788757, 62.0669364929, 62.5893859863, 63.1118354797, 63.6226730347, 64.1451263428, 64.6675720215, 65.1900177002, 65.7124710083, 66.234916687, 66.7573699951, 67.2798156738, 67.8022689819, 68.3131027222, 68.8355560303, 69.358001709, 69.8688430786, 70.3912887573, 70.9137420654, 71.4361877441, 71.9586410522, 72.481086731, 73.0035324097, 73.5143737793, 74.0368270874, 74.5592727661, 75.0701141357, 75.5925598145, 76.1150131226, 76.6374588013, 77.15990448, 77.6823577881, 78.1931991577, 78.7040328979, 79.2264862061, 79.7373199463, 80.2481613159, 80.7706069946, 81.2930603027, 81.8155059814, 82.3379592896, 82.8604049683, 83.3712463379, 83.8820877075, 84.3813171387, 84.8921508789, 85.4029922485, 85.9254379272, 86.4246673584, 86.935508728, 87.4463500977, 87.9571838379, 88.479637146, 88.9904708862, 89.4897003174, 90.000541687, 90.5113830566, 91.0106124878, 91.5098419189, 92.0090713501, 92.5083007812, 92.9959182739, 93.4835357666, 93.9711532593, 94.4703826904, 94.9696121216, 95.4804534912, 96.0028991699, 96.5021286011, 96.9897460938, 97.4773712158, 97.976600647, 98.4758224487, 98.9982757568, 99.5207214355, 100.054779053, 100.588844299, 101.111289978, 101.656959534, 102.191017151, 102.713470459, 103.235916138, 103.746757507, 104.257591248, 104.768432617, 105.290885925, 105.813331604, 106.324172974, 106.846618652, 107.36907196, 107.879905701, 108.402359009, 108.936416626, 109.458862305, 109.981315613, 110.503761292, 111.0262146, 111.548660278, 112.082717896, 112.605171204, 113.127616882, 113.650062561, 114.172515869, 114.694961548, 115.217414856, 115.728248596, 116.250701904, 116.773147583, 117.295600891, 117.81804657, 118.340499878, 118.862945557, 119.385391235, 119.907844543, 120.418685913, 120.964347839, 121.486801147, 121.997642517, 122.508476257, 123.030929565, 123.58820343, 124.145484924, 124.69115448, 125.225212097, 125.759269714, 126.281723022, 126.804168701, 127.326622009, 127.849067688, 128.359909058, 128.870742798, 129.369979858, 129.880813599, 130.3800354, 130.890884399, 131.413330078, 131.935775757, 132.446624756, 132.957458496, 133.468292236, 133.990753174, 134.513198853, 135.024032593, 135.534866333, 136.045715332, 136.568161011, 137.090606689, 137.613052368, 138.123901367, 138.646347046, 139.157180786, 139.679641724, 140.202087402, 140.712921143, 141.235366821, 141.757827759, 142.268661499, 142.779495239, 143.290344238, 143.801177979, 144.312011719, 144.834457397, 145.356918335, 145.867752075, 146.390197754, 146.912643433, 147.446716309, 147.969161987, 148.491607666, 149.014053345, 149.536499023, 150.058959961, 150.569793701, 151.09223938, 151.603088379, 152.125534058, 152.647979736, 153.158813477, 153.681274414, 154.203720093, 154.73777771, 155.24861145, 155.759460449, 156.270294189, 156.792739868, 157.303573608, 157.814422607, 158.336868286, 158.870925903, 159.370162964, 159.880996704, 160.380218506, 160.891067505, 161.401901245, 161.912734985, 162.435195923, 162.957641602, 163.468475342, 163.979324341, 164.490158081, 165.000991821, 165.51184082, 166.022674561, 166.545120239, 167.067565918, 167.578414917, 168.089248657, 168.588470459, 169.099319458, 169.610153198, 170.121002197, 170.643447876, 171.154281616, 171.665115356, 172.175964355, 172.686798096, 173.186035156, 173.696868896, 174.196090698, 174.706939697, 175.206161499, 175.70539856, 176.2162323, 176.715454102, 177.226303101, 177.725524902, 178.236373901, 178.747207642, 179.258041382, 179.768890381, 180.279724121, 180.790557861, 181.30140686, 181.812240601, 182.323074341, 182.83392334, 183.34475708, 183.843994141, 184.343215942, 184.842453003, 185.341674805, 185.852508545, 186.363357544, 186.874191284, 187.361816406, 187.861038208, 188.34866333, 188.847885132, 189.347122192, 189.846343994, 190.333969116, 190.833190918, 191.332427979, 191.820037842, 192.307662964, 192.806884766, 193.306121826, 193.793731689, 194.29296875, 194.792190552, 195.279815674, 195.767440796, 196.255050659, 196.731063843, 197.230285645, 197.717910767, 198.205535889, 198.70475769, 199.203994751, 199.714828491, 200.225662231, 200.74810791, 201.270568848, 201.793014526, 202.315460205, 202.826293945, 203.348754883, 203.871200562, 204.382034302, 204.90447998, 205.426940918, 205.949386597, 206.460220337, 206.982666016, 207.493515015, 208.015960693, 208.538406372, 209.060852051, 209.583312988, 210.105758667, 210.628204346, 211.150650024, 211.673095703, 212.195556641, 212.718002319, 213.22883606, 213.751281738, 214.262130737, 214.784576416, 215.307022095, 215.817871094, 216.328704834, 216.851150513, 217.361984253, 217.872833252, 218.383666992, 218.906112671, 219.428573608, 219.951019287, 220.473464966, 220.984298706, 221.506759644, 222.029205322, 222.551651001, 223.07409668, 223.584945679, 224.095779419, 224.618225098, 225.140670776, 225.663131714, 226.185577393, 226.696411133, 227.218856812, 227.741317749, 228.252151489, 228.774597168, 229.297042847, 229.831100464, 230.353561401, 230.87600708, 231.38684082, 231.909286499, 232.420135498, 232.930969238, 233.453414917, 233.987472534, 234.498321533, 235.009155273, 235.531600952, 236.042449951, 236.56489563, 237.087341309, 237.621398926, 238.143844604, 238.666305542, 239.200363159, 239.722808838, 240.256866455, 240.779312134, 241.301757812, 241.812606812, 242.323440552, 242.834274292, 243.345123291, 243.832733154, 244.320358276, 244.831192017, 245.342041016, 245.852874756, 246.352111816, 246.862945557, 247.362167358, 247.873016357, 248.395462036, 248.917907715, 249.428741455, 249.997634888, 250.56652832, 251.147018433, 251.715911865, 252.284805298, 252.85369873, 253.422576904, 253.991470337, 254.537139893, 255.094421387, 255.651702881, 256.208984375, 256.766265869, 257.311920166, 257.85760498, 258.391662598, 258.937316895, 259.483001709, 260.028656006, 260.57434082, 261.119995117], "beats_loudness": {"dvar2": 0.00387500692159, "var": 0.00162305810954, "min": 4.23581423092e-06, "dmean": 0.035911232233, "mean": 0.0430493578315, "max": 0.210803240538, "dmean2": 0.0668488442898, "median": 0.0331808291376, "dvar": 0.00127238011919}, "bpm_histogram_second_peak_weight": {"dvar2": 0, "var": 0, "min": 0.0652173906565, "dmean": 0, "mean": 0.0652173906565, "max": 0.0652173906565, "dmean2": 0, "median": 0.0652173906565, "dvar": 0}, "bpm_histogram_second_peak_spread": {"dvar2": 0, "var": 0, "min": 0.131578922272, "dmean": 0, "mean": 0.131578922272, "max": 0.131578922272, "dmean2": 0, "median": 0.131578922272, "dvar": 0}, "bpm_histogram_second_peak_bpm": {"dvar2": 0, "var": 0, "min": 123, "dmean": 0, "mean": 123, "max": 123, "dmean2": 0, "median": 123, "dvar": 0}, "onset_rate": 5.11854076385}, "lowlevel": {"spectral_energyband_high": {"dvar2": 6.86316570864e-06, "var": 5.52808842258e-06, "min": 7.21574205254e-21, "dmean": 0.000386698520742, "mean": 0.000556512211915, "max": 0.0654627084732, "dmean2": 0.000585207599215, "median": 8.10067431303e-05, "dvar": 3.15302804665e-06}, "spectral_energyband_middle_low": {"dvar2": 0.000304069078993, "var": 0.000280444015516, "min": 2.66971911613e-22, "dmean": 0.00643152184784, "mean": 0.0132364938036, "max": 0.244875460863, "dmean2": 0.00980588141829, "median": 0.00813021603972, "dvar": 0.000133990237373}, "spectral_energy": {"dvar2": 0.00147228816058, "var": 0.00114621641114, "min": 1.02882123494e-20, "dmean": 0.0158046372235, "mean": 0.029340852052, "max": 0.350638628006, "dmean2": 0.0239726472646, "median": 0.0188793558627, "dvar": 0.000652677728795}, "spectral_spread": {"dvar2": 2162606342140.0, "var": 3773068738560.0, "min": 1189474.25, "dmean": 958459.75, "mean": 6129529, "max": 42595432, "dmean2": 1447776.625, "median": 5907936, "dvar": 1003690852350.0}, "spectral_energyband_low": {"dvar2": 0.00117332895752, "var": 0.000663664366584, "min": 2.05882346408e-23, "dmean": 0.0117320353165, "mean": 0.0159735046327, "max": 0.326637208462, "dmean2": 0.0187769457698, "median": 0.0060695335269, "dvar": 0.000493152765557}, "spectral_rolloff": {"dvar2": 2043382, "var": 1368894.75, "min": 21.533203125, "dmean": 279.358337402, "mean": 595.274658203, "max": 19056.8847656, "dmean2": 484.086090088, "median": 236.865234375, "dvar": 810677.1875}, "barkbands": {"dvar2": [4.16927150582e-06, 0.000330383161781, 0.000504557217937, 9.91963170236e-05, 7.10820531822e-05, 1.6591112626e-06, 6.29377464065e-05, 2.97511905956e-05, 2.71400313068e-05, 2.20589845412e-06, 8.66794152898e-07, 2.01789930543e-06, 1.55184216055e-06, 2.332400868e-07, 5.5983088032e-07, 2.17406932279e-06, 3.27974767345e-08, 8.92217002502e-08, 2.60939714281e-07, 3.18980983138e-06, 6.96699828495e-07, 2.77982422858e-07, 5.59092427466e-07, 9.74608695969e-08, 1.82989907671e-08, 1.0582109411e-08, 2.41453301797e-10], "var": [1.29547004235e-06, 0.000158088892931, 0.000230634963373, 6.01098399784e-05, 4.13321540691e-05, 2.32419438362e-06, 5.54810139874e-05, 1.56971618708e-05, 3.12021875288e-05, 1.78139055151e-06, 5.18478657341e-07, 6.88802288096e-07, 9.71629674495e-07, 2.27281091725e-07, 1.60546036909e-07, 9.69117650129e-07, 1.94644034224e-08, 7.93882577454e-08, 1.96401458652e-07, 2.29608531299e-06, 2.30602381635e-07, 4.12482847878e-07, 1.98754690928e-07, 8.75622845342e-08, 1.37812987688e-08, 6.82924294892e-09, 9.2637973681e-11], "min": [3.58189196549e-24, 9.71657962989e-24, 3.82122565881e-24, 1.437053396e-23, 2.86327289187e-23, 1.39401914035e-23, 2.65013214161e-23, 2.86629422914e-23, 3.17354419213e-23, 3.44058970131e-23, 2.40354053353e-23, 5.57591374053e-23, 6.97820487633e-23, 8.51714249814e-23, 7.45628487716e-23, 1.37632271833e-22, 1.77199098837e-22, 1.63407576159e-22, 1.9254924658e-22, 2.66759916289e-22, 3.23092082255e-22, 4.10642793768e-22, 5.23702717358e-22, 6.5463944075e-22, 9.51938674413e-22, 1.55385857873e-21, 2.31441641685e-21], "dmean": [0.000527424970642, 0.00513496994972, 0.00617568846792, 0.00293036736548, 0.00257187173702, 0.000303464446915, 0.00110523181502, 0.000645669410005, 0.000857020844705, 0.000372385664377, 0.00019148211868, 0.000197256289539, 0.00013224327995, 6.77941789036e-05, 7.02105244272e-05, 0.000140380536322, 2.89902181976e-05, 4.22296834586e-05, 6.64027174935e-05, 0.000180593269761, 7.27159203961e-05, 7.47126468923e-05, 6.55112453387e-05, 5.26695366716e-05, 2.95525132969e-05, 1.44272953548e-05, 1.94900212591e-06], "mean": [0.000433981476817, 0.00580433150753, 0.00764128565788, 0.00430169375613, 0.00414457451552, 0.000597444130108, 0.00183789758012, 0.000883719476406, 0.00136350723915, 0.000564913032576, 0.000249596778303, 0.00021289808501, 0.000173526161234, 8.65625552251e-05, 8.24851667858e-05, 0.000150057763676, 4.06559702242e-05, 5.47110539628e-05, 8.33378508105e-05, 0.000223570124945, 8.42603258207e-05, 0.000118416537589, 7.62692870921e-05, 7.27753067622e-05, 3.8509733713e-05, 1.81200321094e-05, 1.75408683845e-06], "max": [0.0150799797848, 0.190140530467, 0.224511757493, 0.0880515128374, 0.0721431821585, 0.0302522592247, 0.169769853354, 0.149686872959, 0.118791438639, 0.028858255595, 0.0214219130576, 0.0307442937046, 0.0287582874298, 0.0212207827717, 0.0125893028453, 0.0311410352588, 0.00468289665878, 0.00794251635671, 0.0178075376898, 0.0455623343587, 0.0176687277853, 0.0204786527902, 0.0203644428402, 0.0133460061625, 0.00497239036486, 0.00549030629918, 0.00076350721065], "dmean2": [0.000904868822545, 0.00857311673462, 0.0100530581549, 0.00472086574882, 0.00418527191505, 0.000460448733065, 0.00164238270372, 0.000981468474492, 0.00121589528862, 0.000583725748584, 0.000298427679809, 0.000326175766531, 0.000205850490602, 0.000104764047137, 0.000116974268167, 0.000216596308746, 4.51195228379e-05, 5.90150375501e-05, 0.000103055281215, 0.000278316467302, 0.000118181706057, 0.000111569235742, 0.000103855549241, 8.31243232824e-05, 4.68328689749e-05, 2.30800178542e-05, 3.34395053869e-06], "median": [7.11517204763e-05, 0.00129451043904, 0.00194303598255, 0.000585185945965, 0.00150028651115, 0.000135304318974, 8.25688184705e-05, 6.25699904049e-05, 0.000118774973089, 0.000106903615233, 3.81354657293e-05, 3.0949311622e-05, 2.21665850404e-05, 1.62341602845e-05, 9.32475813897e-06, 7.85891097621e-06, 7.05180264049e-06, 5.38927815796e-06, 6.98213079886e-06, 8.11174231785e-06, 9.69308985077e-06, 9.88343981589e-06, 1.11096196633e-05, 1.18334510262e-05, 9.07406956685e-06, 4.05134460379e-06, 2.30358040199e-07], "dvar": [1.62222613653e-06, 0.000131715059979, 0.00019973279268, 4.02218429372e-05, 2.76431765087e-05, 7.88049021594e-07, 2.89601648547e-05, 1.2474887626e-05, 1.38434024848e-05, 9.51773415636e-07, 3.76662654844e-07, 7.47432977732e-07, 6.3395413008e-07, 1.25927968497e-07, 1.99374653675e-07, 9.38027881148e-07, 1.32841160294e-08, 4.67290846018e-08, 1.22201313957e-07, 1.3744311218e-06, 2.60558806531e-07, 1.43994000723e-07, 2.18586336587e-07, 4.96213488077e-08, 8.6600309146e-09, 5.24927079582e-09, 1.00876494658e-10]}, "melbands_skewness": {"dvar2": 8.56777381897, "var": 11.0854253769, "min": -2.2273709774, "dmean": 1.62685108185, "mean": 5.07359600067, "max": 36.1605415344, "dmean2": 2.56671595573, "median": 4.42047929764, "dvar": 3.45294332504}, "barkbands_skewness": {"dvar2": 18.296579361, "var": 29.2525749207, "min": -4.79968309402, "dmean": 1.59927642345, "mean": 4.71226930618, "max": 79.6285629272, "dmean2": 2.5240175724, "median": 3.56420993805, "dvar": 7.43078041077}, "erbbands": {"dvar2": [0.583760619164, 13.724281311, 465.384368896, 745.766357422, 1433.04760742, 380.484039307, 83.3236846924, 152.868469238, 6152.49804688, 24028.25, 11298.21875, 13364.9306641, 1683.4831543, 1618.1027832, 1163.20666504, 3499.27441406, 3748.48779297, 595.720458984, 316.195892334, 5047.44873047, 4165.80273438, 91.5229415894, 34.9907226562, 1039.02001953, 1333.0300293, 3974.93969727, 5071.7265625, 257.054962158, 519.511108398, 1037.36206055, 105.423934937, 58.9255180359, 25.6401882172, 2.80525636673, 1.10137975216, 0.295024067163, 0.0337598361075, 0.000434206449427, 1.17410099847e-05, 2.52214515939e-08], "var": [0.19669444859, 7.87882137299, 233.706741333, 388.892944336, 735.96295166, 371.018218994, 172.308151245, 233.468475342, 8875.21777344, 12423.9794922, 10543.3007812, 15744.9550781, 1304.54284668, 1089.70361328, 770.084411621, 1299.49353027, 2380.90209961, 654.682556152, 177.367904663, 1372.95178223, 1767.12658691, 55.9601402283, 27.4395065308, 705.687988281, 1300.8762207, 3793.38671875, 2166.90722656, 233.254898071, 748.363708496, 385.843780518, 50.2306632996, 41.7647285461, 19.8330516815, 2.10824418068, 0.731827974319, 0.191228061914, 0.0229608844966, 0.00026855309261, 3.82309826819e-06, 8.40057712281e-09], "min": [3.11889878748e-22, 1.83888187453e-21, 3.78734296591e-21, 2.39147430897e-20, 4.39239787667e-20, 9.9443724327e-20, 6.95023646296e-20, 1.93595806254e-19, 3.1701275631e-19, 5.9727062098e-19, 5.98369116833e-19, 8.46393795135e-19, 8.15205053536e-19, 1.36011509004e-18, 1.17418670523e-18, 2.2578391128e-18, 2.95747964184e-18, 4.67687173875e-18, 5.06308526188e-18, 6.20314115087e-18, 9.33549835473e-18, 9.94627280261e-18, 1.0575437957e-17, 1.06338741314e-17, 1.00457652595e-17, 1.21185632421e-17, 1.06032047558e-17, 1.25702799572e-17, 1.63054189762e-17, 1.5528696381e-17, 1.26588395679e-17, 1.22095944685e-17, 1.1827398148e-17, 1.01243738875e-17, 6.67809502371e-18, 3.81781199898e-18, 2.74967367399e-18, 1.17897732175e-18, 2.90011926755e-19, 2.95055324498e-20], "dmean": [0.17110876739, 1.14753818512, 6.03925037384, 8.47976779938, 11.4851617813, 6.507771492, 2.26519560814, 2.83946347237, 11.3908548355, 17.5085315704, 17.1470184326, 17.3928585052, 10.4468069077, 7.85390901566, 7.52236413956, 8.07227325439, 6.48167324066, 3.69132351875, 2.62523818016, 5.79840946198, 5.82332468033, 1.61189222336, 1.16276848316, 3.73116612434, 4.1722779274, 6.31480121613, 6.35423183441, 2.26374936104, 2.7803478241, 2.69162225723, 1.40276432037, 1.2251663208, 0.795386016369, 0.370703876019, 0.198881879449, 0.0802265554667, 0.0244644358754, 0.00389021239243, 0.000331201561494, 2.52555219049e-05], "mean": [0.152276694775, 1.44635009766, 7.80829620361, 12.178358078, 16.6529121399, 12.2510890961, 5.02904129028, 6.11408662796, 22.4568519592, 24.3720226288, 26.3999176025, 27.7678432465, 16.0913391113, 12.0017309189, 10.3413257599, 9.29377937317, 8.68308448792, 4.98382663727, 3.54253983498, 6.4060049057, 6.42666912079, 2.21346282959, 1.56109464169, 4.82649040222, 6.09118413925, 8.53173065186, 7.04892683029, 3.19908428192, 4.45365428925, 3.2812371254, 1.7329928875, 1.57968628407, 1.09382629395, 0.48935469985, 0.249467268586, 0.0997466221452, 0.0303615387529, 0.0045311586, 0.000297268794384, 4.21460281359e-05], "max": [6.91863107681, 37.0523223877, 203.135681152, 261.041320801, 377.651153564, 248.464050293, 226.601898193, 321.412567139, 2295.10107422, 4582.98925781, 2387.79467773, 3375.01416016, 652.258422852, 1247.41906738, 600.018554688, 1521.98620605, 1509.82299805, 1069.53491211, 407.900604248, 1208.3046875, 1357.57092285, 213.007339478, 110.582611084, 1306.24267578, 1446.92700195, 2266.80834961, 1719.79638672, 436.605560303, 959.018615723, 862.470947266, 225.438140869, 317.372650146, 236.181289673, 67.3094406128, 35.8628845215, 27.4862785339, 10.1105070114, 0.943064212799, 0.173168927431, 0.00756882922724], "dmean2": [0.304176539183, 1.87411606312, 9.74602603912, 13.6470994949, 18.4747619629, 10.3832035065, 3.41168570518, 4.26774454117, 16.7843666077, 27.156496048, 24.3411159515, 24.7481060028, 16.529466629, 12.1759691238, 11.6678543091, 13.1967992783, 9.9715385437, 5.65877485275, 4.1125254631, 9.57102680206, 8.90268993378, 2.49875664711, 1.75026416779, 5.24084806442, 6.3671579361, 9.59547042847, 9.89574623108, 3.45721340179, 4.11796808243, 4.22238540649, 2.21575427055, 1.93029081821, 1.2457780838, 0.590026140213, 0.315059244633, 0.126941978931, 0.039550807327, 0.00643576495349, 0.000572944059968, 3.95150782424e-05], "median": [0.0310747399926, 0.365353792906, 2.15562844276, 3.56932163239, 6.2930150032, 4.27743244171, 1.4226834774, 1.20701098442, 1.17528676987, 1.4883313179, 2.33690857887, 2.72888660431, 3.4433453083, 2.30572152138, 1.74850869179, 1.30396485329, 1.10085499287, 1.02468955517, 0.628455102444, 0.598857879639, 0.432070374489, 0.413036733866, 0.314533501863, 0.3661493361, 0.343545138836, 0.382526665926, 0.4263035357, 0.36439448595, 0.333384007215, 0.376615762711, 0.310085624456, 0.258268535137, 0.188058555126, 0.114548735321, 0.0553021878004, 0.0223043244332, 0.00618887925521, 0.000954302377068, 4.52782696811e-05, 2.49377426371e-05], "dvar": [0.21525080502, 5.73595428467, 188.294372559, 297.524261475, 574.107666016, 154.019775391, 42.5260009766, 67.5279159546, 2941.44262695, 9896.11816406, 5971.99804688, 6768.90039062, 697.796142578, 677.102783203, 509.412689209, 1302.81237793, 1553.1776123, 327.796691895, 127.721885681, 1820.59692383, 1771.23571777, 38.2840118408, 16.4991779327, 505.335510254, 596.454772949, 1726.79382324, 2116.06787109, 113.28427887, 277.395843506, 410.573608398, 42.9027061462, 27.1974983215, 12.0548658371, 1.29038012028, 0.50891661644, 0.146074101329, 0.0171683076769, 0.000207657823921, 4.69894712296e-06, 9.74105329732e-09]}, "silence_rate_30dB": {"dvar2": 0.0860189124942, "var": 0.0331479907036, "min": 0, "dmean": 0.0383182540536, "mean": 0.965676248074, "max": 1, "dmean2": 0.0766433104873, "median": 1, "dvar": 0.036847807467}, "melbands_spread": {"dvar2": 226.213500977, "var": 219.019226074, "min": 0.109983026981, "dmean": 4.34504842758, "mean": 9.49882030487, "max": 271.665344238, "dmean2": 6.80348014832, "median": 4.83382606506, "dvar": 93.7280273438}, "melbands_crest": {"dvar2": 33.4206314087, "var": 41.1086425781, "min": 1.79656004906, "dmean": 4.04540538788, "mean": 20.3810901642, "max": 39.5445175171, "dmean2": 6.63663387299, "median": 19.9375534058, "dvar": 13.1236391068}, "zerocrossingrate": {"dvar2": 0.000217375883949, "var": 0.00104879506398, "min": 0.00146484375, "dmean": 0.00887706875801, "mean": 0.0339631550014, "max": 0.5234375, "dmean2": 0.0113102104515, "median": 0.0263671875, "dvar": 0.000146165679325}, "barkbands_kurtosis": {"dvar2": 118854.554688, "var": 130111.015625, "min": -1.92277181149, "dmean": 49.4564743042, "mean": 88.5732498169, "max": 7014.9296875, "dmean2": 79.9703521729, "median": 19.8199272156, "dvar": 46940.1992188}, "spectral_flux": {"dvar2": 0.00470473617315, "var": 0.00460971612483, "min": 6.72086206133e-11, "dmean": 0.038835991174, "mean": 0.0806218460202, "max": 0.491972237825, "dmean2": 0.0604020990431, "median": 0.0623135790229, "dvar": 0.00213347678073}, "barkbands_crest": {"dvar2": 20.5236816406, "var": 26.1257286072, "min": 3.04990458488, "dmean": 3.19550156593, "mean": 14.3662538528, "max": 26.9479846954, "dmean2": 5.21131181717, "median": 13.6869115829, "dvar": 8.14428901672}, "barkbands_flatness_db": {"dvar2": 0.00374167971313, "var": 0.00918208807707, "min": 0.0253444127738, "dmean": 0.037873994559, "mean": 0.222101584077, "max": 0.687322616577, "dmean2": 0.0593593716621, "median": 0.204479664564, "dvar": 0.00150346918963}, "spectral_entropy": {"dvar2": 0.273396849632, "var": 0.457385629416, "min": 4.25703954697, "dmean": 0.345941096544, "mean": 7.03549003601, "max": 9.81933498383, "dmean2": 0.517168879509, "median": 7.09249830246, "dvar": 0.120045229793}, "pitch_salience": {"dvar2": 0.019398054108, "var": 0.0248239189386, "min": 0.0172636713833, "dmean": 0.0941154062748, "mean": 0.432293593884, "max": 0.882788717747, "dmean2": 0.154394060373, "median": 0.451897978783, "dvar": 0.00769655546173}, "erbbands_spread": {"dvar2": 478.330169678, "var": 618.05456543, "min": 1.08006131649, "dmean": 12.8824567795, "mean": 40.6534080505, "max": 199.044555664, "dmean2": 19.9641628265, "median": 35.7249794006, "dvar": 200.535018921}, "dynamic_complexity": 6.13422679901, "spectral_contrast_valleys": {"dvar2": [0.423904567957, 0.388660132885, 0.398634314537, 0.33985427022, 0.382597535849, 0.351250588894], "var": [1.46553635597, 2.17169499397, 1.83752131462, 1.86026227474, 1.64895129204, 1.54149770737], "min": [-28.0888900757, -27.7516117096, -27.3471336365, -27.2371311188, -27.3057575226, -27.3069496155], "dmean": [0.4962195158, 0.45131149888, 0.436259686947, 0.416936069727, 0.428272634745, 0.441540628672], "mean": [-7.72236299515, -7.88653564453, -8.2399930954, -9.09078502655, -9.0062789917, -10.6518621445], "max": [-4.89940929413, -4.91857719421, -5.19066476822, -5.83840703964, -5.86320257187, -7.48651313782], "dmean2": [0.767555177212, 0.702952265739, 0.66733288765, 0.61158323288, 0.602278888226, 0.602108836174], "median": [-7.54030036926, -7.51607561111, -7.98706865311, -8.77383327484, -8.73423194885, -10.425699234], "dvar": [0.205659002066, 0.180814430118, 0.195653244853, 0.170161753893, 0.187725365162, 0.190925896168]}, "hfc": {"dvar2": 419.856262207, "var": 481.192474365, "min": 1.10810418494e-16, "dmean": 5.54100561142, "mean": 11.4789810181, "max": 469.473510742, "dmean2": 7.94694852829, "median": 5.21535396576, "dvar": 198.482498169}, "spectral_kurtosis": {"dvar2": 13.958615303, "var": 13.5941343307, "min": -1.22851192951, "dmean": 2.03306531906, "mean": 4.84482336044, "max": 43.3819656372, "dmean2": 3.11172056198, "median": 3.94138002396, "dvar": 6.06922721863}, "mfcc": {"mean": [-750.370666504, 127.251533508, 47.2375488281, 20.832567215, 6.33701276779, 16.4443950653, 13.1842803955, 11.3012800217, 6.92479610443, 5.04260826111, -2.80034065247, -3.52902340889, -3.69225931168], "cov": [[16935.6757812, 741.965759277, -971.082763672, -766.710632324, -1320.84802246, -821.152648926, -1116.58544922, -872.899414062, -422.448913574, -93.9425811768, -404.123596191, -203.976028442, -301.463134766], [741.965759277, 1047.96252441, 152.057373047, -168.303756714, -62.0340423584, -0.521101951599, 11.7582902908, 3.03323841095, -27.1576309204, -90.6039428711, -57.5316505432, -81.9433135986, -84.0119018555], [-971.082763672, 152.057373047, 868.792541504, 29.1847915649, 108.457733154, 37.7867698669, -28.4769077301, 9.28720569611, 3.28022861481, -84.2729187012, 43.9579048157, 11.9274215698, 39.8553543091], [-766.710632324, -168.303756714, 29.1847915649, 389.951965332, 234.455718994, 48.4229736328, -20.8419322968, -8.62626075745, 49.2477340698, 21.3300285339, -1.13705778122, 17.4957027435, 19.5423088074], [-1320.84802246, -62.0340423584, 108.457733154, 234.455718994, 435.592437744, 94.4033432007, 52.1176986694, 69.7185745239, 39.9681282043, -4.25011110306, 1.6643743515, 3.66652321815, -12.7901668549], [-821.152648926, -0.521101951599, 37.7867698669, 48.4229736328, 94.4033432007, 216.374847412, 148.411956787, 89.3953170776, 52.6039886475, 38.3131370544, 35.4563446045, 20.37890625, -5.74560451508], [-1116.58544922, 11.7582902908, -28.4769077301, -20.8419322968, 52.1176986694, 148.411956787, 347.927032471, 194.722106934, 46.0036735535, 56.2475776672, 64.2863845825, 22.432062149, 3.53638458252], [-872.899414062, 3.03323841095, 9.28720569611, -8.62626075745, 69.7185745239, 89.3953170776, 194.722106934, 241.179992676, 72.5803527832, 45.8523025513, 37.1077575684, 12.2711324692, 1.33365011215], [-422.448913574, -27.1576309204, 3.28022861481, 49.2477340698, 39.9681282043, 52.6039886475, 46.0036735535, 72.5803527832, 131.155670166, 56.7678489685, 12.0399532318, 14.7844390869, 14.9585075378], [-93.9425811768, -90.6039428711, -84.2729187012, 21.3300285339, -4.25011110306, 38.3131370544, 56.2475776672, 45.8523025513, 56.7678489685, 136.717147827, 56.6730155945, 25.8751106262, 5.96454572678], [-404.123596191, -57.5316505432, 43.9579048157, -1.13705778122, 1.6643743515, 35.4563446045, 64.2863845825, 37.1077575684, 12.0399532318, 56.6730155945, 143.452041626, 69.4487838745, 27.9837398529], [-203.976028442, -81.9433135986, 11.9274215698, 17.4957027435, 3.66652321815, 20.37890625, 22.432062149, 12.2711324692, 14.7844390869, 25.8751106262, 69.4487838745, 107.071617126, 50.3200378418], [-301.463134766, -84.0119018555, 39.8553543091, 19.5423088074, -12.7901668549, -5.74560451508, 3.53638458252, 1.33365011215, 14.9585075378, 5.96454572678, 27.9837398529, 50.3200378418, 123.846504211]], "icov": [[0.000127903927932, -7.88226752775e-05, 8.09498160379e-05, 5.24490278622e-05, 0.000245141447522, 0.000114754373499, 0.000258672807831, 0.000102018282632, 0.000179458831553, -0.000242704991251, 0.000247317570029, -0.000174805842107, 0.000250854733167], [-7.88226752775e-05, 0.00124763790518, -0.000255288236076, 0.00042802549433, -0.000105250946945, -0.000160457973834, -0.00031714598299, 2.77521758107e-05, -0.000411672896007, 0.00080087617971, -0.000118970281619, 0.000584903464187, 0.000459914066596], [8.09498160379e-05, -0.000255288236076, 0.00152410089504, 9.19323210837e-05, -0.000191577229998, -0.000314920063829, 0.000641278515104, -0.000108829590317, -0.000232288162806, 0.00114428903908, -0.00103977962863, 0.000372346083168, -0.000476044253446], [5.24490278622e-05, 0.00042802549433, 9.19323210837e-05, 0.00454365229234, -0.00234067370184, -0.000273370620562, 0.000418496463681, 0.00118314626161, -0.00116465729661, -0.000531123019755, 0.00041180793778, -0.000176819594344, -0.000462587398943], [0.000245141447522, -0.000105250946945, -0.000191577229998, -0.00234067370184, 0.00457078265026, -0.000726772472262, 0.000635822303593, -0.00107523926999, 0.000627363682725, 0.000313129537972, 0.000560801010579, -0.000388163811294, 0.00132820976432], [0.000114754373499, -0.000160457973834, -0.000314920063829, -0.000273370620562, -0.000726772472262, 0.00783902034163, -0.00299820699729, 0.000764002790675, -0.00157824438065, -0.000725724443328, 0.000298994913464, -0.00116914475802, 0.00131402059924], [0.000258672807831, -0.00031714598299, 0.000641278515104, 0.000418496463681, 0.000635822303593, -0.00299820699729, 0.00755701120943, -0.00451236451045, 0.00190235173795, -0.000859352760017, -0.000990278087556, 0.000259592634393, -0.000168620317709], [0.000102018282632, 2.77521758107e-05, -0.000108829590317, 0.00118314626161, -0.00107523926999, 0.000764002790675, -0.00451236451045, 0.00936586223543, -0.00365791749209, -0.000223930779612, 2.98913369079e-06, 0.000136874383315, 0.000464184267912], [0.000179458831553, -0.000411672896007, -0.000232288162806, -0.00116465729661, 0.000627363682725, -0.00157824438065, 0.00190235173795, -0.00365791749209, 0.0126575008035, -0.00530431652442, 0.00268588936888, -0.00119445496239, -0.00100217456929], [-0.000242704991251, 0.00080087617971, 0.00114428903908, -0.000531123019755, 0.000313129537972, -0.000725724443328, -0.000859352760017, -0.000223930779612, -0.00530431652442, 0.0133913718164, -0.00573443155736, 0.00147791928612, 0.000384636136005], [0.000247317570029, -0.000118970281619, -0.00103977962863, 0.00041180793778, 0.000560801010579, 0.000298994913464, -0.000990278087556, 2.98913369079e-06, 0.00268588936888, -0.00573443155736, 0.0140111893415, -0.00793716870248, 0.000901789870113], [-0.000174805842107, 0.000584903464187, 0.000372346083168, -0.000176819594344, -0.000388163811294, -0.00116914475802, 0.000259592634393, 0.000136874383315, -0.00119445496239, 0.00147791928612, -0.00793716870248, 0.017046334222, -0.00528342928737], [0.000250854733167, 0.000459914066596, -0.000476044253446, -0.000462587398943, 0.00132820976432, 0.00131402059924, -0.000168620317709, 0.000464184267912, -0.00100217456929, 0.000384636136005, 0.000901789870113, -0.00528342928737, 0.0114667229354]]}, "silence_rate_20dB": {"dvar2": 0, "var": 0, "min": 1, "dmean": 0, "mean": 1, "max": 1, "dmean2": 0, "median": 1, "dvar": 0}, "melbands_kurtosis": {"dvar2": 14750.0214844, "var": 12461.2197266, "min": -1.9330650568, "dmean": 40.4995613098, "mean": 76.0619812012, "max": 1578.49462891, "dmean2": 66.1677627563, "median": 39.81300354, "dvar": 5585.80078125}, "barkbands_spread": {"dvar2": 171.614089966, "var": 188.865814209, "min": 0.0348574817181, "dmean": 4.73573446274, "mean": 11.0747432709, "max": 130.642089844, "dmean2": 7.63471221924, "median": 6.87232398987, "dvar": 67.2257537842}, "erbbands_skewness": {"dvar2": 1.64637124538, "var": 2.58882689476, "min": -5.71798658371, "dmean": 0.636672198772, "mean": 1.53320586681, "max": 13.4719753265, "dmean2": 1.00617492199, "median": 1.35600543022, "dvar": 0.628957867622}, "average_loudness": 0.831216752529, "spectral_centroid": {"dvar2": 202506.625, "var": 504316.1875, "min": 60.8448524475, "dmean": 187.607086182, "mean": 677.126953125, "max": 11357.1416016, "dmean2": 292.219940186, "median": 438.316345215, "dvar": 93572.9140625}, "dissonance": {"dvar2": 0.00200142199174, "var": 0.00271322438493, "min": 0.170082360506, "dmean": 0.0282637365162, "mean": 0.433350116014, "max": 0.500000178814, "dmean2": 0.0460617914796, "median": 0.444280087948, "dvar": 0.000795241736341}, "erbbands_flatness_db": {"dvar2": 0.00154043524526, "var": 0.00229493412189, "min": 0.0265693031251, "dmean": 0.026176944375, "mean": 0.156855881214, "max": 0.368867069483, "dmean2": 0.0392178967595, "median": 0.153365194798, "dvar": 0.000643220497295}, "spectral_strongpeak": {"dvar2": 1.87110984325, "var": 1.11087822914, "min": 0, "dmean": 0.386606574059, "mean": 0.752526521683, "max": 21.5115852356, "dmean2": 0.635522305965, "median": 0.509020149708, "dvar": 0.753702580929}, "spectral_rms": {"dvar2": 5.0747039495e-06, "var": 7.93041363067e-06, "min": 3.16816668386e-12, "dmean": 0.00126628705766, "mean": 0.00454915780574, "max": 0.0184955801815, "dmean2": 0.00185656698886, "median": 0.00429172255099, "dvar": 2.39029145632e-06}, "silence_rate_60dB": {"dvar2": 0.0924186632037, "var": 0.140579178929, "min": 0, "dmean": 0.044704630971, "mean": 0.169223949313, "max": 1, "dmean2": 0.0894171893597, "median": 0, "dvar": 0.0426971912384}, "melbands": {"dvar2": [3.30556977133e-05, 7.16489885235e-05, 2.04876541829e-05, 4.80543531012e-06, 1.27083609414e-07, 8.09667426438e-08, 1.76758328507e-06, 2.53145549323e-06, 1.07005030259e-06, 4.27069352327e-07, 4.67921132952e-08, 2.95241004977e-08, 1.50331835869e-08, 2.16104751871e-08, 2.41559394709e-08, 8.81136941189e-09, 2.78418843536e-09, 7.48823392183e-10, 4.85303930375e-09, 1.52846002521e-08, 3.22147553078e-09, 1.10138904941e-10, 5.65332225477e-11, 1.02587008333e-10, 9.31045907038e-10, 3.35060562628e-10, 2.62121080397e-09, 2.6467412706e-09, 5.213917742e-09, 1.22430898752e-10, 8.03061228627e-11, 2.60108296013e-10, 6.84865844591e-11, 7.43652639468e-10, 4.21497073355e-11, 1.31520228736e-11, 3.11664374864e-11, 1.77843573201e-11, 7.84832095146e-12, 1.34424199202e-12], "var": [1.34295123644e-05, 3.85629246011e-05, 1.19542228276e-05, 2.8311449114e-06, 2.6434562983e-07, 1.55530756274e-07, 1.99263945433e-06, 1.27216128476e-06, 1.09273605631e-06, 5.1683394986e-07, 3.33042784462e-08, 2.16962376953e-08, 8.93685569991e-09, 7.4348966983e-09, 1.42702507588e-08, 5.73110225943e-09, 2.93213098246e-09, 4.49953352355e-10, 1.33751609788e-09, 6.4209180195e-09, 1.28744492844e-09, 6.67052177383e-11, 2.65820213063e-11, 9.35450467088e-11, 5.94934657094e-10, 4.06826627941e-10, 1.80754111678e-09, 2.13860995579e-09, 2.10232720121e-09, 7.49515727261e-11, 8.7971019358e-11, 4.01422284302e-10, 4.55186409398e-11, 2.36597713643e-10, 2.06569657213e-11, 6.74680537133e-12, 2.25657287994e-11, 1.26055086508e-11, 5.67740429322e-12, 9.57579501804e-13], "min": [3.3967822042e-24, 2.19279429166e-24, 6.52333694987e-24, 5.1528859757e-24, 3.97606958818e-24, 4.8343585361e-24, 5.32162016788e-24, 6.31003329984e-24, 5.09632780424e-24, 4.9824509994e-24, 3.54482023611e-24, 5.33857831076e-24, 3.48508847722e-24, 5.45025064379e-24, 7.00922320267e-24, 7.42196548347e-24, 8.27938628997e-24, 8.45009105669e-24, 5.64143029531e-24, 7.64999756104e-24, 1.16254368494e-23, 1.00791345799e-23, 7.62422231983e-24, 8.55993914888e-24, 8.36462349964e-24, 7.98587560182e-24, 8.014248562e-24, 7.72424751602e-24, 6.7762899323e-24, 6.34952564891e-24, 7.5440811516e-24, 9.49547375107e-24, 7.31384184122e-24, 9.60574940588e-24, 5.74276578948e-24, 7.54275034326e-24, 7.56929709044e-24, 7.68782107487e-24, 8.3008874828e-24, 8.49394383441e-24], "dmean": [0.00145094539039, 0.00252222176641, 0.00153953651898, 0.000687835679855, 9.76706942311e-05, 6.64592080284e-05, 0.000190279315575, 0.000176908084541, 0.000169532446307, 9.81963603408e-05, 5.44134381926e-05, 3.56579694198e-05, 2.57908814092e-05, 2.02721621463e-05, 2.1286896299e-05, 1.12520974653e-05, 6.91604191161e-06, 4.08735104429e-06, 6.19409001956e-06, 1.1803954294e-05, 5.11717325935e-06, 1.61463003678e-06, 1.20896697808e-06, 1.61435207247e-06, 3.23744143316e-06, 2.56104999607e-06, 3.59520890925e-06, 4.91245600642e-06, 6.00025850872e-06, 1.444498821e-06, 1.29489239953e-06, 1.87212083347e-06, 1.15290708891e-06, 1.80561914931e-06, 8.39825361254e-07, 6.59376723888e-07, 8.26630980555e-07, 6.14752707406e-07, 4.30991207168e-07, 2.8763608384e-07], "mean": [0.00147701206151, 0.00334972888231, 0.00231301016174, 0.00112945178989, 0.000219188106712, 0.000147417609696, 0.000345054198988, 0.000242218302446, 0.000258676474914, 0.000155928020831, 8.05579475127e-05, 5.46940573258e-05, 3.37705787388e-05, 2.36537744058e-05, 2.5687064408e-05, 1.46224465425e-05, 8.76853664522e-06, 5.11259167979e-06, 7.40722725823e-06, 1.24639509522e-05, 5.60751004741e-06, 2.24484665523e-06, 1.47521268445e-06, 2.09637596527e-06, 4.02733485316e-06, 3.64763150174e-06, 5.04458012074e-06, 6.18551166554e-06, 6.17640171185e-06, 1.84383088708e-06, 1.83477595783e-06, 2.97891529044e-06, 1.59789533427e-06, 1.9848332613e-06, 1.01540808828e-06, 7.76778279032e-07, 1.05589094801e-06, 8.24981668757e-07, 5.55128224278e-07, 3.630162837e-07], "max": [0.0586159341037, 0.0811889916658, 0.0384975336492, 0.0179773829877, 0.0106085836887, 0.00657492177561, 0.0371256880462, 0.0498872175813, 0.0254629906267, 0.0209308099002, 0.0035555800423, 0.00529141817242, 0.00280667375773, 0.00396112073213, 0.00348323141225, 0.00264363316819, 0.00246138242073, 0.000533620943315, 0.00123053148855, 0.00230567459948, 0.00119376345538, 0.000303845270537, 0.000141603784868, 0.000246833398705, 0.0012722115498, 0.000738723028917, 0.00249776570126, 0.00185595243238, 0.0017874770565, 0.000238330816501, 0.000288641342195, 0.000732921354