{"tonal": {"thpcp": [1, 0.958808541298, 0.474315226078, 0.323431223631, 0.35975676775, 0.438069283962, 0.58732265234, 0.518558502197, 0.321013629436, 0.249632030725, 0.238350749016, 0.333768427372, 0.564963519573, 0.620867013931, 0.558612167835, 0.778621435165, 0.761526346207, 0.382853269577, 0.198099911213, 0.181543931365, 0.221764311194, 0.352365702391, 0.360708773136, 0.224856436253, 0.180357515812, 0.199277535081, 0.291264772415, 0.531796038151, 0.614486992359, 0.547215640545, 0.600691616535, 0.490393549204, 0.307641863823, 0.310467660427, 0.332928687334, 0.531275510788], "hpcp": {"dmean2": [0.290223538876, 0.317100703716, 0.313773691654, 0.289540022612, 0.271528363228, 0.205103114247, 0.146977171302, 0.138164415956, 0.144642576575, 0.170007422566, 0.164346829057, 0.123708456755, 0.113046236336, 0.133849233389, 0.183662027121, 0.235065877438, 0.251143485308, 0.251211822033, 0.254421293736, 0.213814452291, 0.175767183304, 0.18411886692, 0.189874812961, 0.249169901013, 0.359308212996, 0.360002547503, 0.247427135706, 0.237731814384, 0.273439645767, 0.279609799385, 0.263174533844, 0.243286713958, 0.201549872756, 0.16807179153, 0.169399544597, 0.219670966268], "median": [0.102819815278, 0.111078575253, 0.109877958894, 0.131417572498, 0.114486843348, 0.0586335547268, 0.029148645699, 0.0259992610663, 0.0367345027626, 0.0574737340212, 0.0593826696277, 0.0410381779075, 0.030426427722, 0.0287453979254, 0.0418894290924, 0.0910433977842, 0.103596135974, 0.10157122463, 0.0950991585851, 0.0693729072809, 0.047368876636, 0.0602376013994, 0.0668354406953, 0.106295183301, 0.22320780158, 0.240765243769, 0.10306045413, 0.0488830208778, 0.0492456518114, 0.0601307339966, 0.0891740322113, 0.086483284831, 0.0537260510027, 0.0362887531519, 0.0345523282886, 0.0535230264068], "min": [0, 0, 0, 0, 0, 0, 0, 0, 0, 0, 0, 0, 0, 0, 0, 0, 0, 0, 0, 0, 0, 0, 0, 0, 0, 0, 0, 0, 0, 0, 0, 0, 0, 0, 0, 0], "dvar2": [0.128942370415, 0.146813705564, 0.143894761801, 0.126630291343, 0.122572034597, 0.0918661206961, 0.0736113339663, 0.0708523318172, 0.0650839731097, 0.0671881884336, 0.0638881921768, 0.0450993850827, 0.044225525111, 0.0633443519473, 0.0855540633202, 0.0930029600859, 0.0977040082216, 0.0994526594877, 0.104607924819, 0.0856747999787, 0.0757583379745, 0.0828665569425, 0.07857593894, 0.0925728678703, 0.136767014861, 0.122766010463, 0.0928850844502, 0.139113381505, 0.163281738758, 0.145497575402, 0.118037715554, 0.103556513786, 0.102017492056, 0.0811842009425, 0.0894417390227, 0.107958987355], "dvar": [0.0491589717567, 0.0554303489625, 0.0514473095536, 0.048905480653, 0.0509097315371, 0.0346073247492, 0.0261533521116, 0.0248324237764, 0.0234749671072, 0.0258214399219, 0.0252351127565, 0.0164002776146, 0.0162243116647, 0.0227231476456, 0.0313299894333, 0.0359225608408, 0.0401565060019, 0.0360444933176, 0.0412296503782, 0.0343989916146, 0.0275907702744, 0.0298667494208, 0.0282749757171, 0.0346847064793, 0.057533506304, 0.0514372475445, 0.0347429513931, 0.0499883405864, 0.0584640912712, 0.0541882067919, 0.0481579229236, 0.0414561480284, 0.0369219444692, 0.0299735814333, 0.0327967181802, 0.0397442094982], "dmean": [0.16540813446, 0.180471584201, 0.177231803536, 0.16913639009, 0.158408865333, 0.118489943445, 0.0808757022023, 0.0762526914477, 0.0818248018622, 0.0991950780153, 0.0969222560525, 0.0718010440469, 0.0642446652055, 0.0760134831071, 0.104270987213, 0.139716014266, 0.149286091328, 0.14762288332, 0.149404719472, 0.126170799136, 0.101526491344, 0.104500435293, 0.10875479877, 0.145317390561, 0.207968965173, 0.211836159229, 0.142379313707, 0.131367281079, 0.149832636118, 0.157883629203, 0.154702410102, 0.140852436423, 0.112996123731, 0.0946368947625, 0.0941503793001, 0.123727455735], "max": [1, 1, 1, 1, 1, 1, 1, 1, 1, 1, 1, 1, 1, 1, 1, 1, 1, 1, 1, 1, 1, 1, 1, 1, 1, 1, 1, 1, 1, 1, 1, 1, 1, 1, 1, 1], "var": [0.0648067966104, 0.0741277784109, 0.0575362406671, 0.107555806637, 0.113849341869, 0.0409087687731, 0.0195079371333, 0.017365148291, 0.0187931787223, 0.036511875689, 0.0372172668576, 0.0153799401596, 0.0136228967458, 0.019156485796, 0.0299896690995, 0.0583092197776, 0.076289229095, 0.0546362586319, 0.077849984169, 0.0656890198588, 0.0293588340282, 0.0260852538049, 0.0268259942532, 0.0480324700475, 0.113620564342, 0.0972577854991, 0.0382890813053, 0.0385514236987, 0.045963678509, 0.0542580448091, 0.0801672711968, 0.0623947046697, 0.032572362572, 0.0249101743102, 0.0259056109935, 0.0355889573693], "mean": [0.207449689507, 0.227976948023, 0.205117508769, 0.285903006792, 0.279625833035, 0.140580385923, 0.0727405622602, 0.0666613504291, 0.0814299210906, 0.129385620356, 0.132449120283, 0.0825653225183, 0.066225707531, 0.0731729716063, 0.10694988817, 0.195270866156, 0.225634276867, 0.200932815671, 0.220568716526, 0.18006823957, 0.112963415682, 0.114001020789, 0.122248515487, 0.195079743862, 0.367191284895, 0.352066129446, 0.174164414406, 0.118761129677, 0.132099553943, 0.160855218768, 0.215659752488, 0.190410166979, 0.1178734079, 0.0916627049446, 0.0875203162432, 0.122556857765]}, "tuning_equal_tempered_deviation": 0.188931077719, "chords_changes_rate": 0.0418027415872, "key_key": "A#", "tuning_diatonic_strength": 0.729766190052, "key_scale": "major", "chords_number_rate": 0.0026126713492, "tuning_frequency": 434.193115234, "tuning_nontempered_energy_ratio": 0.898485541344, "chords_histogram": [43.1417388916, 28.1841926575, 9.76485919952, 0, 0.261267155409, 0, 0, 0, 0.359242320061, 0, 0, 0, 0, 0, 0, 0, 0, 3.52710652351, 0.0653167888522, 2.25342917442, 0, 2.31874585152, 8.9157409668, 1.20836055279], "key_strength": 0.821634471416, "chords_key": "A#", "chords_strength": {"dmean2": 0.0106782224029, "median": 0.562676548958, "min": 0.278478175402, "dvar2": 8.49220523378e-05, "dvar": 6.71112502459e-05, "dmean": 0.00998228322715, "max": 0.818182766438, "var": 0.00970478076488, "mean": 0.561036646366}, "chords_scale": "major", "hpcp_entropy": {"dmean2": 1.15140533447, "median": 2.26982212067, "min": 0, "dvar2": 0.839556694031, "dvar": 0.315592497587, "dmean": 0.685181200504, "max": 4.54732608795, "var": 0.59452354908, "mean": 2.25685143471}}, "metadata": {"audio_properties": {"equal_loudness": 0, "codec": "mp3", "downmix": "mix", "sample_rate": 44100, "analysis_sample_rate": 44100, "bit_rate": 160029, "md5_encoded": "0f3e72e32c067a23d2131c1ae6ebc48b", "length": 142.132247925, "replay_gain": -8.30075645447, "lossless": false}, "version": {"essentia_build_sha": "70f2e5ece6736b2c40cc944ad0e695b16b925413", "essentia": "2.1-beta2", "extractor": "music 1.0", "essentia_git_sha": "v2.1_beta2"}, "tags": {"title": ["Happy Hour"], "date": ["1986"], "file_name": "The Housemartins - Happy Hour.mp3", "musicbrainz_recordingid": ["1ce335ae-145e-4446-b84a-6cf79f4bea83"], "artistsort": ["Housemartins, The"], "encoding": ["Lavf56.36.100"], "artist": ["The Housemartins"], "tracknumber": ["1/0"], "bpm": ["0"], "album": ["London 0 Hull 4"], "discnumber": ["0/0"], "musicbrainz_artistid": ["e7516564-6f1e-4adc-a245-e481d56c2d9b"]}}, "rhythm": {"bpm_histogram_first_peak_bpm": {"dmean2": 0, "median": 98, "min": 98, "dvar2": 0, "dvar": 0, "dmean": 0, "max": 98, "var": 0, "mean": 98}, "bpm": 96.6289825439, "bpm_histogram_second_peak_spread": {"dmean2": 0, "median": 0, "min": 0, "dvar2": 0, "dvar": 0, "dmean": 0, "max": 0, "var": 0, "mean": 0}, "bpm_histogram_first_peak_weight": {"dmean2": 0, "median": 0.431034505367, "min": 0.431034505367, "dvar2": 0, "dvar": 0, "dmean": 0, "max": 0.431034505367, "var": 0, "mean": 0.431034505367}, "onset_rate": 4.87504434586, "beats_position": [0.592108845711, 1.20743763447, 1.82276642323, 2.43809509277, 3.06503391266, 3.66875267029, 4.28408145905, 4.8994102478, 5.52634906769, 6.15328788757, 6.76861667633, 7.38394546509, 8.01088428497, 8.62621307373, 9.24154186249, 9.85687065125, 10.47219944, 11.0991382599, 11.7260770798, 12.3530158997, 12.9799547195, 13.6068935394, 14.2338323593, 14.8607711792, 15.4760990143, 16.0914287567, 16.7067565918, 17.3220863342, 17.9490242004, 18.5643539429, 19.179681778, 19.8066215515, 20.4335594177, 21.0604991913, 21.6874370575, 22.3143768311, 22.9529247284, 23.5914726257, 24.2300224304, 24.8685703278, 25.5187301636, 26.1572780609, 26.7958278656, 27.4227657318, 28.0613155365, 28.6998634338, 29.3384113312, 29.9769611359, 30.6155090332, 31.2424488068, 31.869386673, 32.5079345703, 33.146484375, 33.7850341797, 34.4119720459, 35.0389099121, 35.6542396545, 36.269569397, 36.8848991394, 37.5002250671, 38.1271629333, 38.7424926758, 39.3578224182, 39.9847602844, 40.6000900269, 41.2154197693, 41.8191375732, 42.4344673157, 43.0497932434, 43.6535148621, 44.2688446045, 44.8841705322, 45.4878921509, 46.1032180786, 46.718547821, 47.322265625, 47.9375953674, 48.5529251099, 49.1798629761, 49.8068008423, 50.4337387085, 51.0606803894, 51.6643981934, 52.2913360596, 52.9182739258, 53.5336036682, 54.1489334106, 54.7642631531, 55.3795890808, 56.0065307617, 56.6218566895, 57.2371864319, 57.8525161743, 58.4794540405, 59.094783783, 59.7217216492, 60.3370513916, 60.9639892578, 61.590927124, 62.2294769287, 62.8564147949, 63.4833564758, 64.1219024658, 64.7604522705, 65.3990020752, 66.0375518799, 66.6761016846, 67.3146438599, 67.9531936646, 68.5801315308, 69.2186813354, 69.8572311401, 70.4957809448, 71.1343307495, 71.7728805542, 72.423034668, 73.0499725342, 73.6769180298, 74.303855896, 74.9307937622, 75.5577316284, 76.1846694946, 76.7999954224, 77.4153289795, 78.0422668457, 78.6692047119, 79.2845306396, 79.8998641968, 80.503578186, 81.1189117432, 81.7342376709, 82.3611755371, 82.9765090942, 83.591835022, 84.2187728882, 84.8457107544, 85.4610443115, 86.0763702393, 86.7033081055, 87.3302459717, 87.9804077148, 88.6305618286, 89.2807235718, 89.9308853149, 90.5694351196, 91.2079772949, 91.8581390381, 92.5083007812, 93.158454895, 93.8086166382, 94.4471664429, 95.0857162476, 95.7358703613, 96.3860321045, 97.0361862183, 97.6747360229, 98.3132858276, 98.9518356323, 99.5787734985, 100.194099426, 100.821044922, 101.447982788, 102.051696777, 102.655418396, 103.259140015, 103.862854004, 104.478187561, 105.093513489, 105.697235107, 106.300949097, 106.904670715, 107.508384705, 108.112106323, 108.727432251, 109.342765808, 109.946479797, 110.550201416, 111.153923035, 111.757637024, 112.361358643, 112.965080261, 113.56879425, 114.172515869, 114.776237488, 115.379951477, 115.983673096, 116.587387085, 117.191108704, 117.794830322, 118.386940002, 119.00226593, 119.629203796, 120.244529724, 120.859863281, 121.486801147, 122.113739014, 122.74067688, 123.344398499, 123.971336365, 124.598274231, 125.213600159, 125.828933716, 126.444259644, 127.059593201, 127.674919128, 128.290252686, 128.917190552, 129.544128418, 130.171066284, 130.79800415, 131.413330078, 132.028656006, 132.655593872, 133.2709198, 133.746932983, 134.222946167, 134.698959351, 135.174957275, 135.627746582, 136.080535889, 136.533325195, 136.928070068, 137.322814941, 137.717544556, 138.112289429, 138.518630981, 138.924987793, 139.331329346, 139.737686157, 140.14402771, 140.56199646, 140.979949951, 141.397918701], "beats_loudness": {"dmean2": 0.0208970233798, "median": 0.030347827822, "min": 7.07540692702e-08, "dvar2": 0.000344429514371, "dvar": 0.00010392726108, "dmean": 0.0113400248811, "max": 0.067843541503, "var": 0.000179566442966, "mean": 0.0302412137389}, "danceability": 1.150395751, "bpm_histogram_second_peak_weight": {"dmean2": 0, "median": 0.0560344830155, "min": 0.0560344830155, "dvar2": 0, "dvar": 0, "dmean": 0, "max": 0.0560344830155, "var": 0, "mean": 0.0560344830155}, "beats_count": 233, "bpm_histogram_second_peak_bpm": {"dmean2": 0, "median": 92, "min": 92, "dvar2": 0, "dvar": 0, "dmean": 0, "max": 92, "var": 0, "mean": 92}, "bpm_histogram_first_peak_spread": {"dmean2": 0, "median": 0.499999940395, "min": 0.499999940395, "dvar2": 0, "dvar": 0, "dmean": 0, "max": 0.499999940395, "var": 0, "mean": 0.499999940395}, "beats_loudness_band_ratio": {"dmean2": [0.267247140408, 0.109262302518, 0.151273906231, 0.168178096414, 0.134185597301, 0.163008153439], "median": [0.366852194071, 0.107106767595, 0.0851045548916, 0.0617929920554, 0.137185975909, 0.195106014609], "min": [0.0454516559839, 0.000101475947304, 2.71327462542e-05, 7.68792961026e-06, 1.19910273497e-05, 3.83984515793e-05], "dvar2": [0.0472108498216, 0.00721556739882, 0.0263417288661, 0.0278711337596, 0.0116728981957, 0.0259350743145], "dvar": [0.0167970638722, 0.00241931620985, 0.00821574870497, 0.0104868197814, 0.0038963004481, 0.00818780064583], "dmean": [0.156788021326, 0.0627395957708, 0.0850974917412, 0.0951929017901, 0.0755561962724, 0.0922211036086], "max": [0.999553143978, 0.296638041735, 0.534182071686, 0.547578155994, 0.529029667377, 0.63834387064], "var": [0.0455169677734, 0.00393618782982, 0.00805530231446, 0.0111195435748, 0.00644229585305, 0.010253068991], "mean": [0.388698548079, 0.111472867429, 0.111841723323, 0.109239168465, 0.145338311791, 0.197839662433]}}, "lowlevel": {"barkbands_spread": {"dmean2": 11.0155658722, "median": 38.1320266724, "min": 0.181704923511, "dvar2": 124.004852295, "dvar": 56.2552947998, "dmean": 7.27798700333, "max": 144.486053467, "var": 275.355834961, "mean": 38.1098251343}, "melbands_spread": {"dmean2": 23.170375824, "median": 44.738697052, "min": 0.224817141891, "dvar2": 641.404052734, "dvar": 268.026123047, "dmean": 14.3398771286, "max": 244.567565918, "var": 666.930603027, "mean": 47.2417564392}, "hfc": {"dmean2": 13.1134977341, "median": 21.5681419373, "min": 1.14252025856e-16, "dvar2": 238.209976196, "dvar": 134.911148071, "dmean": 9.61761856079, "max": 159.792221069, "var": 435.291412354, "mean": 26.571849823}, "barkbands_kurtosis": {"dmean2": 3.26020908356, "median": -0.88473534584, "min": -1.93472671509, "dvar2": 178.22819519, "dvar": 60.8468856812, "dmean": 1.98603057861, "max": 493.666412354, "var": 2679.99047852, "mean": 8.30547332764}, "gfcc": {"mean": [2.60142755508, 64.7964401245, -124.476974487, 46.0994033813, -49.6575164795, 15.2956104279, -36.1373672485, 16.307352066, -21.2591934204, -0.377570509911, -17.6749248505, 3.17215037346, -18.0036773682], "icov": [[0.000223108538194, -0.0002767360711, 0.000428793777246, -0.000407383107813, 0.000455505622085, -0.000375924049877, 0.000379000179237, -0.000533487880602, 0.000567470793612, -0.000579759012908, 0.000847133866046, -0.000752856081817, 0.00075041706441], [-0.0002767360711, 0.00264938501641, 0.000204168318305, 0.000417798873968, -0.00180539663415, 0.00152873364277, -0.0018068626523, 0.00115609227214, -0.00245735840872, 0.00313190207817, -0.00396896898746, 0.00270839547738, -0.00164358387701], [0.000428793777246, 0.000204168318305, 0.00269431248307, -0.00125257042237, -0.000607323949225, 9.98000978143e-05, -0.00090326013742, 0.000363225990441, -0.000163440548931, -0.000883744447492, 0.000628424517345, -0.00158971326891, 0.00157953950111], [-0.000407383107813, 0.000417798873968, -0.00125257042237, 0.00465112598613, -0.00114804599434, -0.000216237385757, 0.000827110430691, 0.00170241761953, -0.00253044068813, 0.000794857449364, 5.44041031389e-05, 0.00223459326662, -0.00302877067588], [0.000455505622085, -0.00180539663415, -0.000607323949225, -0.00114804599434, 0.00621108291671, -0.00104523636401, 0.000780523638241, -0.00347797619179, 0.00120404968038, -0.00265809614211, 0.00326375546865, -0.0028086504899, 0.0016567556886], [-0.000375924049877, 0.00152873364277, 9.98000978143e-05, -0.000216237385757, -0.00104523636401, 0.00988547969609, -0.0055878427811, -0.000648059649393, -0.000131144741317, -0.000292556738714, -0.00271302647889, 0.00352426664904, -0.00276700500399], [0.000379000179237, -0.0018068626523, -0.00090326013742, 0.000827110430691, 0.000780523638241, -0.0055878427811, 0.0107447551563, -0.00270319357514, 0.000949724169914, -0.00159204786178, 0.00331635144539, -0.00277606258169, 0.00178857636638], [-0.000533487880602, 0.00115609227214, 0.000363225990441, 0.00170241761953, -0.00347797619179, -0.000648059649393, -0.00270319357514, 0.0157421790063, -0.00860499124974, 0.00602581771091, -0.00423523131758, -0.000416927388869, -0.0014631113736], [0.000567470793612, -0.00245735840872, -0.000163440548931, -0.00253044068813, 0.00120404968038, -0.000131144741317, 0.000949724169914, -0.00860499124974, 0.0209209881723, -0.0120040923357, 0.0016888671089, 0.00187519181054, -0.000187496858416], [-0.000579759012908, 0.00313190207817, -0.000883744447492, 0.000794857449364, -0.00265809614211, -0.000292556738714, -0.00159204786178, 0.00602581771091, -0.0120040923357, 0.0203506462276, -0.00497312517837, 0.000636830809526, -0.000291203818051], [0.000847133866046, -0.00396896898746, 0.000628424517345, 5.44041031389e-05, 0.00326375546865, -0.00271302647889, 0.00331635144539, -0.00423523131758, 0.0016888671089, -0.00497312517837, 0.0204470641911, -0.00740301609039, 0.00221497169696], [-0.000752856081817, 0.00270839547738, -0.00158971326891, 0.00223459326662, -0.0028086504899, 0.00352426664904, -0.00277606258169, -0.000416927388869, 0.00187519181054, 0.000636830809526, -0.00740301609039, 0.0232565049082, -0.00769324228168], [0.00075041706441, -0.00164358387701, 0.00157953950111, -0.00302877067588, 0.0016567556886, -0.00276700500399, 0.00178857636638, -0.0014631113736, -0.000187496858416, -0.000291203818051, 0.00221497169696, -0.00769324228168, 0.0225908067077]], "cov": [[15672.8847656, -101.345481873, -2806.24853516, 157.402999878, -1163.47277832, 52.2915458679, -588.961486816, -36.1051635742, -446.27331543, -190.857315063, -299.851837158, -12.9574871063, -155.831924438], [-101.345481873, 913.837158203, -99.8027496338, -31.8798618317, 161.510910034, -20.5584430695, 82.2969055176, 91.3007507324, 86.811164856, -63.5668449402, 123.086624146, -34.2973670959, 33.7437705994], [-2806.24853516, -99.8027496338, 1061.75036621, 138.941436768, 315.216583252, 24.7222290039, 156.953292847, 2.9179520607, 121.391792297, 103.946769714, 16.694890976, 28.5968132019, 8.46970367432], [157.402999878, -31.8798618317, 138.941436768, 341.369262695, 59.0813064575, 15.8249540329, -24.4630432129, -15.0756731033, 51.3183097839, 36.6364135742, -29.357301712, -19.4173145294, 24.2348957062], [-1163.47277832, 161.510910034, 315.216583252, 59.0813064575, 360.199768066, 30.3792324066, 90.2941360474, 69.8176956177, 86.1272277832, 43.4752998352, 23.1529006958, 14.4867181778, 14.8962526321], [52.2915458679, -20.5584430695, 24.7222290039, 15.8249540329, 30.3792324066, 166.677505493, 85.9951934814, 34.0712661743, 19.9608154297, 21.2291603088, 4.4164891243, -4.15311193466, 9.33784008026], [-588.961486816, 82.2969055176, 156.953292847, -24.4630432129, 90.2941360474, 85.9951934814, 188.844223022, 48.2392539978, 39.1879844666, 18.649980545, 15.9102010727, 8.89476966858, 5.41636991501], [-36.1051635742, 91.3007507324, 2.9179520607, -15.0756731033, 69.8176956177, 34.0712661743, 48.2392539978, 117.683242798, 49.2658081055, -0.28278785944, 27.1088237762, 8.6834192276, 9.17658233643], [-446.27331543, 86.811164856, 121.391792297, 51.3183097839, 86.1272277832, 19.9608154297, 39.1879844666, 49.2658081055, 121.371185303, 54.9253425598, 23.3097496033, -8.00255393982, 12.4540271759], [-190.857315063, -63.5668449402, 103.946769714, 36.6364135742, 43.4752998352, 21.2291603088, 18.649980545, -0.28278785944, 54.9253425598, 97.7581863403, 5.6688542366, 3.65779447556, -0.318146348], [-299.851837158, 123.086624146, 16.694890976, -29.357301712, 23.1529006958, 4.4164891243, 15.9102010727, 27.1088237762, 23.3097496033, 5.6688542366, 88.0475845337, 13.5328731537, 9.39358997345], [-12.9574871063, -34.2973670959, 28.5968132019, -19.4173145294, 14.4867181778, -4.15311193466, 8.89476966858, 8.6834192276, -8.00255393982, 3.65779447556, 13.5328731537, 62.6874275208, 11.6213235855], [-155.831924438, 33.7437705994, 8.46970367432, 24.2348957062, 14.8962526321, 9.33784008026, 5.41636991501, 9.17658233643, 12.4540271759, -0.318146348, 9.39358997345, 11.6213235855, 57.9068336487]]}, "spectral_energyband_middle_low": {"dmean2": 0.00517067639157, "median": 0.00439098570496, "min": 3.28391258542e-22, "dvar2": 6.6632477683e-05, "dvar": 2.66619899776e-05, "dmean": 0.00324027868919, "max": 0.0496787540615, "var": 3.53341092705e-05, "mean": 0.00607829727232}, "melbands_crest": {"dmean2": 5.93307685852, "median": 11.8930530548, "min": 1.00173461437, "dvar2": 30.6636123657, "dvar": 11.2717857361, "dmean": 3.55136036873, "max": 34.9447402954, "var": 32.0435028076, "mean": 13.0226821899}, "spectral_kurtosis": {"dmean2": 1.83661031723, "median": 3.64185380936, "min": -1.22827363014, "dvar2": 3.56752681732, "dvar": 1.39431416988, "dmean": 1.13877761364, "max": 22.9307537079, "var": 6.26970434189, "mean": 3.99488830566}, "spectral_rms": {"dmean2": 0.00113169231918, "median": 0.0039823288098, "min": 3.1631752339e-12, "dvar2": 1.64887808296e-06, "dvar": 7.90404214968e-07, "dmean": 0.000795725965872, "max": 0.0094161098823, "var": 2.46389845415e-06, "mean": 0.00409353896976}, "zerocrossingrate": {"dmean2": 0.0154885910451, "median": 0.08642578125, "min": 0.0009765625, "dvar2": 0.000381426681997, "dvar": 0.000288573064608, "dmean": 0.0137614440173, "max": 0.52734375, "var": 0.00213748868555, "mean": 0.0923461616039}, "silence_rate_60dB": {"dmean2": 0.0313674248755, "median": 0, "min": 0, "dvar2": 0.0352807827294, "dvar": 0.0154339326546, "dmean": 0.015681149438, "max": 1, "var": 0.0498211607337, "mean": 0.0525886006653}, "erbbands_kurtosis": {"dmean2": 1.74997210503, "median": 0.374535560608, "min": -1.7122682333, "dvar2": 5.3426232338, "dvar": 2.12515115738, "dmean": 1.09852921963, "max": 74.8638839722, "var": 39.8687973022, "mean": 1.61039209366}, "erbbands": {"dmean2": [0.0902959927917, 0.964611232281, 3.29068207741, 4.90439176559, 10.7443933487, 5.72228479385, 5.40634822845, 4.73939228058, 7.26728534698, 9.62110233307, 22.308631897, 17.1237564087, 15.0575532913, 29.8296127319, 14.7773046494, 26.0967292786, 20.4447650909, 27.1717243195, 31.652545929, 17.6643066406, 21.5873947144, 54.4316902161, 68.4962921143, 30.5188293457, 22.6418018341, 19.5363769531, 14.9128665924, 14.7433948517, 15.2686357498, 9.31008720398, 5.17014217377, 3.34656262398, 2.19294524193, 0.990348756313, 0.378773629665, 0.141357406974, 0.0512933135033, 0.0115746287629, 0.000712754845154, 2.28284716286e-05], "median": [0.03221045807, 0.412203192711, 0.745509207249, 1.73369991779, 2.45754694939, 2.38094329834, 2.30443692207, 2.7467648983, 3.46275353432, 5.05604553223, 6.47443151474, 8.20059585571, 6.11415338516, 8.60157394409, 6.13244533539, 7.64951610565, 11.2022151947, 15.5186347961, 19.5477809906, 11.3286037445, 18.0412979126, 48.2895965576, 59.3296318054, 27.0370979309, 15.5467424393, 9.81492805481, 6.12247276306, 5.86392688751, 5.6653137207, 3.57332491875, 2.34640240669, 1.58506417274, 0.909438371658, 0.47824805975, 0.216075643897, 0.0725145637989, 0.0180832147598, 0.00321685220115, 0.000122476587421, 2.88054616249e-05], "min": [1.49847801883e-22, 1.79611203244e-21, 5.81755276625e-21, 1.81096881016e-20, 6.06363326315e-20, 7.52765505943e-20, 3.61365818863e-19, 5.70158845825e-19, 5.85652042096e-19, 7.84253144086e-19, 5.2926861981e-19, 1.15108189636e-18, 1.23082107343e-18, 9.42612529661e-19, 2.9769241765e-18, 4.36105045856e-18, 2.67143479575e-18, 5.60094373876e-18, 3.35155344874e-18, 5.08154338366e-18, 4.04228110668e-18, 7.38060090639e-18, 8.97187223899e-18, 7.21738741818e-18, 1.01335944698e-17, 1.25747334976e-17, 1.5651670014e-17, 1.30966505497e-17, 1.23218991259e-17, 1.53941207128e-17, 1.00924356168e-17, 1.55596130836e-17, 1.46132407079e-17, 9.36390870005e-18, 1.01224515197e-17, 5.35732126398e-18, 2.67390558424e-18, 1.37251008133e-18, 3.00622172472e-19, 2.93595156846e-20], "dvar2": [0.0244617462158, 3.36186218262, 54.0826187134, 66.650100708, 537.835144043, 105.839851379, 102.529510498, 75.1190948486, 196.645095825, 422.196868896, 2608.48608398, 1351.81921387, 2224.640625, 5800.89794922, 2195.73461914, 4647.07128906, 2220.14672852, 3078.74536133, 3245.77758789, 1395.45397949, 859.892089844, 4671.34863281, 7244.68017578, 1964.65734863, 1071.89135742, 1105.55883789, 605.112121582, 604.945007324, 607.665405273, 240.789825439, 117.901382446, 80.1562576294, 47.0252876282, 9.24363803864, 0.807206988335, 0.0567389391363, 0.00694244727492, 0.000409281696193, 1.91543813344e-06, 8.35730262772e-10], "dvar": [0.00994419772178, 1.2224187851, 19.3911914825, 24.5434646606, 202.274810791, 41.008266449, 42.6872940063, 34.1948776245, 78.3233947754, 181.79675293, 1131.01538086, 641.297851562, 1101.38391113, 2506.54272461, 1170.33740234, 2152.89282227, 996.358947754, 1286.01940918, 1260.3729248, 625.064147949, 351.943878174, 1898.8392334, 2998.49438477, 927.222717285, 458.568115234, 459.385986328, 286.073059082, 283.49911499, 311.338134766, 127.826278687, 58.7345123291, 40.3402938843, 22.2071266174, 4.60862159729, 0.378996819258, 0.0275008138269, 0.00348414061591, 0.000212171391468, 9.49344837409e-07, 4.51543802349e-10], "dmean": [0.0548673942685, 0.54646229744, 1.82079648972, 2.7859685421, 6.24056148529, 3.4812104702, 3.36345505714, 2.99633741379, 4.42702150345, 6.11355257034, 14.4909763336, 11.3259820938, 10.6952476501, 19.6300373077, 9.90261936188, 17.193649292, 13.1276874542, 17.2747001648, 19.8934116364, 11.2070741653, 13.5355606079, 34.3898735046, 43.7665901184, 20.2715129852, 14.4690284729, 12.4498710632, 9.82514381409, 9.80543041229, 10.4551486969, 6.53955841064, 3.62780332565, 2.33915781975, 1.5320674181, 0.705058336258, 0.2734131217, 0.104691721499, 0.0371695384383, 0.00838012155145, 0.00048682722263, 1.67194139067e-05], "max": [1.46977341175, 10.9647521973, 41.8290863037, 46.2510223389, 117.533615112, 98.7453765869, 132.307998657, 141.131393433, 155.478927612, 275.912597656, 532.918945312, 842.172119141, 1268.28991699, 762.268859863, 1233.12280273, 964.740966797, 817.595703125, 761.815246582, 635.00592041, 722.327514648, 411.639465332, 756.345275879, 954.915405273, 671.13684082, 356.755737305, 529.423156738, 158.028366089, 186.888793945, 207.771011353, 127.896911621, 222.090377808, 177.086868286, 114.038902283, 61.7397956848, 14.8990783691, 2.95719528198, 0.832716703415, 0.26578950882, 0.0123028736562, 0.000265320093604], "var": [0.020073402673, 1.0437066555, 13.1727485657, 19.6811981201, 155.801940918, 54.9148292542, 74.7048721313, 62.6335144043, 93.1276779175, 251.923217773, 1910.60522461, 1451.4954834, 4342.13378906, 5326.06298828, 3460.59448242, 4542.56103516, 2103.5625, 2736.34375, 2207.32324219, 1304.17883301, 761.095458984, 3980.14526367, 6422.90576172, 2604.91430664, 876.496398926, 588.383361816, 475.898712158, 509.466918945, 583.729736328, 263.543029785, 119.409469604, 80.5352859497, 37.1577911377, 8.4301738739, 0.731226742268, 0.0574135407805, 0.00714022805914, 0.000439551018644, 1.66237896337e-06, 1.08151987366e-09], "mean": [0.0988434404135, 0.72514295578, 1.87962889671, 3.15202498436, 6.24291801453, 4.99749612808, 5.15571451187, 4.98756313324, 6.25429677963, 9.53933143616, 22.199754715, 19.9904441833, 21.1842517853, 34.0192375183, 18.4221134186, 28.8457336426, 22.8065891266, 30.8870239258, 33.3094291687, 20.2297000885, 25.7501430511, 64.3743438721, 81.2140274048, 42.773475647, 25.645483017, 18.4183998108, 15.110915184, 15.3852853775, 15.8980445862, 10.5203466415, 6.06387758255, 3.83304810524, 2.36765527725, 1.12077438831, 0.445113778114, 0.15918469429, 0.0521642938256, 0.0113296089694, 0.000601375591941, 3.81474674214e-05]}, "spectral_strongpeak": {"dmean2": 1.28861403465, "median": 0.288099646568, "min": 0, "dvar2": 4.22293663025, "dvar": 1.68188452721, "dmean": 0.73400837183, "max": 12.8913192749, "var": 2.13008236885, "mean": 0.958472728729}, "spectral_energy": {"dmean2": 0.0114530744031, "median": 0.016255415976, "min": 1.02558198274e-20, "dvar2": 0.000222301896429, "dvar": 9.81744160526e-05, "dmean": 0.00771134253591, "max": 0.0908797010779, "var": 0.000193346655578, "mean": 0.0197015814483}, "average_loudness": 0.886658966541, "spectral_rolloff": {"dmean2": 1138.32446289, "median": 2777.78320312, "min": 21.533203125, "dvar2": 2077141.25, "dvar": 982699.8125, "dmean": 705.014770508, "max": 19164.5507812, "var": 3671293, "mean": 2895.14379883}, "spectral_centroid": {"dmean2": 473.440643311, "median": 2228.34545898, "min": 101.244430542, "dvar2": 252294.46875, "dvar": 114761.359375, "dmean": 301.636810303, "max": 11567.4335938, "var": 434643.6875, "mean": 2161.64306641}, "pitch_salience": {"dmean2": 0.119868628681, "median": 0.574363827705, "min": 0.111373715103, "dvar2": 0.0124070448801, "dvar": 0.0044731348753, "dmean": 0.0714134126902, "max": 0.996075689793, "var": 0.0135966390371, "mean": 0.56025403738}, "spectral_energyband_middle_high": {"dmean2": 0.00339845870622, "median": 0.00560690881684, "min": 1.32606190357e-21, "dvar2": 1.51706199176e-05, "dvar": 7.58695659897e-06, "dmean": 0.00236207572743, "max": 0.0454787611961, "var": 3.42226194334e-05, "mean": 0.0071035916917}, "spectral_contrast_coeffs": {"dmean2": [0.090722873807, 0.075194068253, 0.0619844086468, 0.0487405844033, 0.0420358031988, 0.0358553007245], "median": [-0.672384023666, -0.760541260242, -0.777573287487, -0.778252005577, -0.760311722755, -0.749939918518], "min": [-0.966460227966, -0.995917260647, -0.998112261295, -0.98843640089, -0.989286720753, -0.965201616287], "dvar2": [0.00624402007088, 0.00374404527247, 0.00253294594586, 0.00150700751692, 0.00115111330524, 0.00127569260076], "dvar": [0.00243828981183, 0.00150860962458, 0.00116614589933, 0.000637563702185, 0.000506989192218, 0.000559181265999], "dmean": [0.0553243979812, 0.0461461320519, 0.0394210144877, 0.0307406168431, 0.026538586244, 0.0227988287807], "max": [-0.325194180012, -0.493991523981, -0.444561719894, -0.584276258945, -0.561356902122, -0.617439806461], "var": [0.00687835598364, 0.00442363182083, 0.00582330720499, 0.00289205741137, 0.00272030755877, 0.00235929340124], "mean": [-0.6664686203, -0.75578057766, -0.765779972076, -0.776880264282, -0.760198295116, -0.748650074005]}, "melbands_skewness": {"dmean2": 1.1055226326, "median": 1.62249314785, "min": -1.12160789967, "dvar2": 1.39048814774, "dvar": 0.548539936543, "dmean": 0.685504972935, "max": 27.4758911133, "var": 3.22288393974, "mean": 1.95360076427}, "spectral_spread": {"dmean2": 732993.125, "median": 4176925.25, "min": 1885067.5, "dvar2": 1246625267710.0, "dvar": 744316207104, "dmean": 504318.03125, "max": 43087492, "var": 2256279175170.0, "mean": 4420881}, "dissonance": {"dmean2": 0.0191062428057, "median": 0.48549208045, "min": 0.017977848649, "dvar2": 0.00046454090625, "dvar": 0.000201578950509, "dmean": 0.0115383267403, "max": 0.500000178814, "var": 0.000472297979286, "mean": 0.47894769907}, "spectral_skewness": {"dmean2": 0.293273568153, "median": 1.32250881195, "min": -0.0542352572083, "dvar2": 0.0845329761505, "dvar": 0.0353317148983, "dmean": 0.186110883951, "max": 3.94908308983, "var": 0.197062209249, "mean": 1.33692002296}, "spectral_flux": {"dmean2": 0.0357615277171, "median": 0.0708837732673, "min": 6.80957026877e-11, "dvar2": 0.00130859320052, "dvar": 0.000733624852728, "dmean": 0.0242877770215, "max": 0.228220805526, "var": 0.00184874248225, "mean": 0.0794810131192}, "spectral_contrast_valleys": {"dmean2": [0.672992289066, 0.576769173145, 0.513085722923, 0.465840041637, 0.445477873087, 0.398307621479], "median": [-7.22196435928, -6.86332082748, -7.33872699738, -7.45393371582, -6.99565410614, -9.61999702454], "min": [-27.3875217438, -27.6597537994, -27.4408683777, -27.3452339172, -27.511302948, -27.3268585205], "dvar2": [0.373614281416, 0.255811572075, 0.223390504718, 0.205587282777, 0.246676519513, 0.215365752578], "dvar": [0.20419755578, 0.142064318061, 0.132537990808, 0.13314935565, 0.156519025564, 0.141834899783], "dmean": [0.431319564581, 0.362595677376, 0.33490678668, 0.325299292803, 0.326683819294, 0.32827603817], "max": [-5.63373756409, -5.06221055984, -5.64948225021, -5.68216753006, -5.53694200516, -7.24691009521], "var": [1.48034453392, 1.76434338093, 1.88400995731, 1.92716574669, 1.99556875229, 1.63101530075], "mean": [-7.47721910477, -7.09951162338, -7.59853982925, -7.68733596802, -7.22774505615, -9.83175086975]}, "erbbands_flatness_db": {"dmean2": 0.0251261554658, "median": 0.144471213222, "min": 0.0297200437635, "dvar2": 0.000463010830572, "dvar": 0.000237389991526, "dmean": 0.0176442470402, "max": 0.314074635506, "var": 0.00127739459276, "mean": 0.147791698575}, "spectral_energyband_high": {"dmean2": 0.00114959699567, "median": 0.000655011564959, "min": 7.16978344535e-21, "dvar2": 2.92311415251e-06, "dvar": 1.70594842075e-06, "dmean": 0.000827886688057, "max": 0.0209977384657, "var": 4.17224282501e-06, "mean": 0.00150099943858}, "spectral_entropy": {"dmean2": 0.201953500509, "median": 7.84966611862, "min": 5.1120018959, "dvar2": 0.0364880226552, "dvar": 0.0196035951376, "dmean": 0.142534762621, "max": 9.80675601959, "var": 0.21453897655, "mean": 7.79103517532}, "silence_rate_20dB": {"dmean2": 0, "median": 1, "min": 1, "dvar2": 0, "dvar": 0, "dmean": 0, "max": 1, "var": 0, "mean": 1}, "melbands_flatness_db": {"dmean2": 0.0430318452418, "median": 0.130421623588, "min": -1.46687000324e-07, "dvar2": 0.00188309361693, "dvar": 0.000720722717233, "dmean": 0.026553818956, "max": 0.682530462742, "var": 0.00889509823173, "mean": 0.149020940065}, "barkbands": {"dmean2": [0.000124464131659, 0.00384843256325, 0.00306349969469, 0.00210571009666, 0.00236155930907, 0.000617526762653, 0.000607321446296, 0.000866720045451, 0.000727469741832, 0.000735037145205, 0.000528420612682, 0.000600134895649, 0.000453640328487, 0.000493755040225, 0.000566875562072, 0.000352822156856, 0.000981342745945, 0.00111786229536, 0.000521436042618, 0.000393403053749, 0.000353442854248, 0.000393431051634, 0.000194380598259, 0.00013992152526, 6.75656847307e-05, 2.8446844226e-05, 5.07888398715e-06], "median": [8.73142271303e-05, 0.00172523478977, 0.000543384056073, 0.000598257873207, 0.000811346748378, 0.000333985575708, 0.000241536661633, 0.000291814794764, 0.000274713762337, 0.000199435511604, 0.000142845747177, 0.000159507835633, 0.000225646959734, 0.000237454572925, 0.000328317604726, 0.000195564993192, 0.000813099730294, 0.000969360175077, 0.000375184608856, 0.000188581179827, 0.000146585982293, 0.000156355497893, 8.6000211013e-05, 6.52424641885e-05, 3.62262944691e-05, 1.20206595966e-05, 7.95340838522e-07], "min": [2.2056006596e-24, 9.56926380015e-24, 3.99164328017e-24, 5.05572907775e-24, 2.64956542394e-23, 7.78344758266e-23, 4.64154901906e-23, 2.70950275997e-23, 4.21540067826e-23, 3.9565785707e-23, 4.99755247926e-23, 1.24859591414e-22, 7.07890328643e-23, 9.94165931664e-23, 8.57627992922e-23, 6.68874909101e-23, 1.29897496968e-22, 1.94845993017e-22, 1.54199789725e-22, 3.06733202296e-22, 3.92073765366e-22, 3.76860892042e-22, 3.48516703199e-22, 8.07887220513e-22, 1.16462738844e-21, 1.60562926064e-21, 2.32622070425e-21], "dvar2": [3.82320912706e-08, 4.75489396194e-05, 4.88543628308e-05, 1.30097523652e-05, 2.17748129216e-05, 1.00354679944e-06, 1.50256028064e-06, 3.84539953302e-06, 2.56643534158e-06, 3.28664214067e-06, 2.75872025668e-06, 2.31569492826e-06, 9.55536961555e-07, 1.01522175555e-06, 1.13672217594e-06, 4.1704933551e-07, 1.47547802953e-06, 1.85862518265e-06, 5.11919608925e-07, 4.18909536393e-07, 3.53721702595e-07, 3.95437041334e-07, 1.32654861318e-07, 1.58265805794e-07, 3.52735156639e-08, 2.01139283007e-09, 9.91468851463e-11], "dvar": [1.77187917672e-08, 1.7706926883e-05, 1.74118868017e-05, 4.86666158395e-06, 8.31071520224e-06, 4.35244743358e-07, 6.09411188179e-07, 1.6594688077e-06, 1.15981993076e-06, 1.48197796079e-06, 1.23009897379e-06, 1.08442384317e-06, 4.26054810987e-07, 4.22978274628e-07, 4.47336304887e-07, 1.78472717494e-07, 5.93017773554e-07, 7.86143971254e-07, 2.31716427379e-07, 1.76055110046e-07, 1.68298598169e-07, 2.09481655133e-07, 6.96425885849e-08, 8.05743098908e-08, 1.73434564488e-08, 1.03648600813e-09, 4.88848440894e-11], "dmean": [8.19529086584e-05, 0.00221116701141, 0.0016793491086, 0.00120352220256, 0.00141174159944, 0.000387079722714, 0.000372513139155, 0.000564774556551, 0.00047700633877, 0.000500499329064, 0.000343444262398, 0.00039436831139, 0.000287531875074, 0.00031224192935, 0.000358087097993, 0.000221259397222, 0.000614379765466, 0.000717813905794, 0.000336784782121, 0.000251434714301, 0.000236242296523, 0.000273766985629, 0.000138108298415, 9.85757214949e-05, 4.87993311253e-05, 2.10318212339e-05, 3.49650440512e-06], "max": [0.00283759972081, 0.0489417761564, 0.0385228917003, 0.0203177183867, 0.0321578942239, 0.01148699224, 0.0153727708384, 0.0228177364916, 0.0313804149628, 0.0296042226255, 0.0289501547813, 0.0204425621778, 0.0161054264754, 0.0145352995023, 0.0157779660076, 0.0120047014207, 0.0112491119653, 0.0158387571573, 0.00772072840482, 0.00921325385571, 0.00404244335368, 0.00473032845184, 0.006838707719, 0.00755513040349, 0.00357524352148, 0.000442884513177, 0.000110365843284], "var": [4.43360370639e-08, 1.9106466425e-05, 1.16764285849e-05, 4.08389541917e-06, 7.75024363975e-06, 8.77370439412e-07, 7.68787458583e-07, 2.7372900604e-06, 2.36163077716e-06, 4.34045432485e-06, 2.44362877311e-06, 2.36819505517e-06, 8.77928471255e-07, 8.48846980261e-07, 7.49573189296e-07, 3.5616719174e-07, 1.22259916679e-06, 1.78283642072e-06, 5.59421323487e-07, 2.36088482097e-07, 2.97971780583e-07, 4.14639771407e-07, 1.52066192527e-07, 1.55814589675e-07, 3.29072591398e-08, 2.25973106893e-09, 8.70956570753e-11], "mean": [0.000161635616678, 0.00329740112647, 0.00167736760341, 0.00127857434563, 0.00173735572025, 0.000638784607872, 0.000504850933794, 0.000855761987623, 0.00078581541311, 0.000913372961804, 0.000528832839336, 0.000643297156785, 0.000460812269012, 0.000519443245139, 0.00058175221784, 0.000361736281775, 0.00110854790546, 0.00133709155489, 0.000633486430161, 0.000368110020645, 0.000374519673642, 0.000427482911618, 0.000231155005167, 0.000160108800628, 7.91110869613e-05, 3.08854832838e-05, 4.26903170592e-06]}, "erbbands_skewness": {"dmean2": 0.556146144867, "median": -0.621756434441, "min": -4.37905502319, "dvar2": 0.236210808158, "dvar": 0.114440888166, "dmean": 0.371535539627, "max": 7.64322376251, "var": 1.33962285519, "mean": -0.423954516649}, "erbbands_spread": {"dmean2": 12.1461448669, "median": 31.5148906708, "min": 5.21063327789, "dvar2": 139.92729187, "dvar": 57.3838272095, "dmean": 7.7512755394, "max": 167.750762939, "var": 224.738235474, "mean": 33.9195365906}, "melbands_kurtosis": {"dmean2": 7.82419490814, "median": 2.04438877106, "min": -1.88470339775, "dvar2": 574.382873535, "dvar": 220.069396973, "dmean": 4.73204755783, "max": 1228.16455078, "var": 3635.32983398, "mean": 10.9985942841}, "melbands": {"dmean2": [0.000929543515667, 0.00153079919983, 0.00107025343459, 0.000598985818215, 0.000179761525942, 0.000105997140054, 0.000117113799206, 0.000113208268886, 0.000183774900506, 0.000106617713755, 7.64792712289e-05, 0.000122753379401, 5.40850960533e-05, 6.6797794716e-05, 5.00276764797e-05, 5.21931651747e-05, 5.50588483748e-05, 5.0899139751e-05, 3.19018945447e-05, 2.7272857551e-05, 2.77605995507e-05, 6.36459590169e-05, 6.57635173411e-05, 4.91895443702e-05, 2.60613960563e-05, 2.04654879781e-05, 1.38908717418e-05, 1.39824742291e-05, 9.79052401817e-06, 9.24816231418e-06, 9.03225554794e-06, 9.79602100415e-06, 7.13049303158e-06, 4.864807579e-06, 3.35531399287e-06, 2.39348264586e-06, 2.1000776087e-06, 1.74409331066e-06, 1.21368373129e-06, 7.79595893619e-07], "median": [0.000392429152271, 0.000473845459055, 0.000355183932697, 0.000187091296539, 9.54312636168e-05, 6.20002101641e-05, 5.32947487955e-05, 5.86944734096e-05, 4.84807023895e-05, 4.36686932517e-05, 2.65216021944e-05, 3.16931582347e-05, 1.77575693669e-05, 1.99864571186e-05, 1.74603756022e-05, 2.584824324e-05, 2.51943129115e-05, 2.93819848594e-05, 1.91349427041e-05, 1.27020130094e-05, 2.03220806725e-05, 4.58636932308e-05, 5.67248389416e-05, 4.15819813497e-05, 1.79425351234e-05, 1.30652451844e-05, 7.03347541275e-06, 5.78963818043e-06, 3.70302564079e-06, 3.25000496559e-06, 3.38315976478e-06, 3.40391466125e-06, 2.34251569964e-06, 1.75283628323e-06, 1.37235883813e-06, 1.04844298221e-06, 8.91570664407e-07, 6.60577995859e-07, 4.8