{"tonal": {"thpcp": [1, 0.676679491997, 0.376378297806, 0.251701563597, 0.189543157816, 0.370182543993, 0.463233321905, 0.341706722975, 0.462304651737, 0.724861443043, 0.519533574581, 0.195399954915, 0.141327783465, 0.152441933751, 0.310145556927, 0.443753182888, 0.279192119837, 0.104487836361, 0.0839807316661, 0.176646947861, 0.589097201824, 0.797823548317, 0.490618914366, 0.267854899168, 0.209998607635, 0.161817625165, 0.240457847714, 0.33461356163, 0.278471291065, 0.485103785992, 0.842447221279, 0.637314796448, 0.25661200285, 0.182464718819, 0.267988979816, 0.696480691433], "hpcp": {"dmean2": [0.185301795602, 0.141681939363, 0.0725064501166, 0.0673676729202, 0.118445172906, 0.246290743351, 0.28491961956, 0.244044154882, 0.167477965355, 0.125335618854, 0.118192151189, 0.141963973641, 0.15124052763, 0.155906394124, 0.22444447875, 0.305091947317, 0.281634628773, 0.185856238008, 0.157449185848, 0.228753760457, 0.3277733922, 0.340597659349, 0.306204497814, 0.20021404326, 0.134515434504, 0.123323120177, 0.170623615384, 0.181811198592, 0.183835044503, 0.216965809464, 0.262717366219, 0.217115372419, 0.117893978953, 0.0836417749524, 0.0971498712897, 0.150180280209], "median": [0.0396928414702, 0.0260378550738, 0.00790372025222, 0.00523019582033, 0.0183160118759, 0.0889919102192, 0.131525158882, 0.0804152339697, 0.0229922011495, 0.0107090426609, 0.0110091399401, 0.0176841020584, 0.0187463629991, 0.0245689339936, 0.0878021717072, 0.159976273775, 0.112839303911, 0.0230613630265, 0.0128551013768, 0.0223382562399, 0.118455827236, 0.183942168951, 0.139426261187, 0.0490301027894, 0.0240985173732, 0.0137141961604, 0.0186891891062, 0.0254859887064, 0.0312172714621, 0.0702196806669, 0.100122720003, 0.063179910183, 0.0193623043597, 0.0130896028131, 0.015565412119, 0.0288322754204], "min": [0.000103405836853, 6.62854363327e-05, 2.97801616398e-05, 2.87932289211e-05, 0, 0, 0, 0, 3.6266475945e-05, 4.79664631712e-05, 7.06303908373e-05, 7.11504544597e-05, 8.00079506007e-05, 5.38370732102e-05, 4.22851226176e-05, 8.23420705274e-05, 8.48655254231e-05, 0, 3.15469515044e-05, 6.13288066234e-05, 9.07946232473e-05, 7.95271334937e-05, 0.000109440799861, 4.37535964011e-05, 2.83483332169e-05, 0, 0, 0, 8.37601764943e-05, 0.000235158746364, 0.000223786963033, 9.03005347936e-05, 0, 4.32093147538e-05, 6.39588470221e-05, 4.22968660132e-05], "dvar2": [0.0805349722505, 0.0569258257747, 0.0284420028329, 0.0279217157513, 0.0379221476614, 0.0926702693105, 0.107034564018, 0.0899090021849, 0.065957121551, 0.0531033203006, 0.0527258999646, 0.0635112673044, 0.0700442045927, 0.0590835288167, 0.0750970765948, 0.109760165215, 0.105695582926, 0.0857163518667, 0.0818246081471, 0.118355751038, 0.137999132276, 0.14007756114, 0.119681827724, 0.0771224424243, 0.0500032640994, 0.051344320178, 0.0806056112051, 0.0870875269175, 0.0739450454712, 0.0788505971432, 0.107494406402, 0.0844597071409, 0.0443830937147, 0.0310016795993, 0.0378671884537, 0.0612634979188], "dvar": [0.0362188331783, 0.0229912474751, 0.0107721509412, 0.0106191383675, 0.0140668964013, 0.0393931865692, 0.0475935339928, 0.0350894592702, 0.0253849457949, 0.020453017205, 0.0189233757555, 0.0240556839854, 0.0317002721131, 0.0232696775347, 0.0299663767219, 0.0505106933415, 0.0438503436744, 0.0322400331497, 0.0298487301916, 0.0423756539822, 0.0523803904653, 0.0616980306804, 0.0448095463216, 0.0304601434618, 0.0199086554348, 0.01932557486, 0.0309793949127, 0.0360311344266, 0.0285411737859, 0.0303435064852, 0.0457836836576, 0.0353262498975, 0.0172264110297, 0.0114470887929, 0.0136407986283, 0.0248117037117], "dmean": [0.111775383353, 0.0845869407058, 0.0412626937032, 0.0373426415026, 0.0676249191165, 0.147376656532, 0.170660570264, 0.143200919032, 0.0962038859725, 0.0703838691115, 0.0655852928758, 0.080809623003, 0.0872249677777, 0.090040564537, 0.13315372169, 0.184138074517, 0.168070942163, 0.105168879032, 0.0860733091831, 0.124713368714, 0.191371276975, 0.200681433082, 0.18020927906, 0.117740638554, 0.0791136175394, 0.0697219148278, 0.0992204323411, 0.105823889375, 0.107623435557, 0.128688558936, 0.158027917147, 0.13066624105, 0.0683854073286, 0.0479494221509, 0.0550053492188, 0.0894702747464], "max": [1, 1, 1, 1, 1, 1, 1, 1, 1, 1, 1, 1, 1, 1, 1, 1, 1, 1, 1, 1, 1, 1, 1, 1, 1, 1, 1, 1, 1, 1, 1, 1, 1, 1, 1, 1], "var": [0.0702383220196, 0.0336243845522, 0.0105190835893, 0.00896963756531, 0.0142999505624, 0.0729938820004, 0.107269570231, 0.0516784898937, 0.0310436207801, 0.0306652970612, 0.0170292872936, 0.029402917251, 0.0627932474017, 0.0331538543105, 0.045851226896, 0.106358066201, 0.0715007334948, 0.029829185456, 0.0226096101105, 0.0338340252638, 0.0809960141778, 0.141148343682, 0.0670804977417, 0.0442083664238, 0.0278867445886, 0.0217186175287, 0.0596343949437, 0.08535515517, 0.0418394990265, 0.0471904352307, 0.104098327458, 0.0668824911118, 0.019626038149, 0.0134947355837, 0.0137285888195, 0.0400542058051], "mean": [0.159606546164, 0.100418195128, 0.0375815741718, 0.0302056986839, 0.0635353401303, 0.211883038282, 0.286956518888, 0.176462948322, 0.0963404849172, 0.0755310729146, 0.0582016184926, 0.0864864736795, 0.120351850986, 0.100158929825, 0.174479290843, 0.303006500006, 0.229225665331, 0.0922967046499, 0.0656278431416, 0.0963887125254, 0.250506103039, 0.359674155712, 0.243384122849, 0.135373547673, 0.09053055197, 0.0681737735868, 0.133145093918, 0.166613057256, 0.122903078794, 0.166279032826, 0.260713934898, 0.186862796545, 0.0702803134918, 0.050831951201, 0.0548294223845, 0.111551336944]}, "tuning_equal_tempered_deviation": 0.0457269214094, "chords_changes_rate": 0.0428200699389, "key_key": "G", "tuning_diatonic_strength": 0.591702222824, "key_scale": "major", "chords_number_rate": 0.00129757786635, "tuning_frequency": 446.142181396, "tuning_nontempered_energy_ratio": 0.702439188957, "chords_histogram": [31.3581314087, 12.7018451691, 3.21510958672, 0.31718569994, 4.80103826523, 1.85986161232, 0.15859284997, 0.38927334547, 1.23990774155, 0.259515583515, 0, 0.0720876604319, 0, 0, 0.086505189538, 0.086505189538, 0.201845437288, 0.374855816364, 0.619953870773, 1.73010385036, 0, 0.0576701276004, 7.10784292221, 33.3621673584], "key_strength": 0.655988037586, "chords_key": "E", "chords_strength": {"dmean2": 0.00952186062932, "median": 0.518004894257, "min": 0.212733760476, "dvar2": 7.03632103978e-05, "dvar": 6.37253397144e-05, "dmean": 0.00975452829152, "max": 0.843858957291, "var": 0.0132669396698, "mean": 0.533448815346}, "chords_scale": "minor", "hpcp_entropy": {"dmean2": 1.02632915974, "median": 1.93206334114, "min": 0.037283860147, "dvar2": 0.656995356083, "dvar": 0.236637935042, "dmean": 0.605364143848, "max": 4.17613601685, "var": 0.421240955591, "mean": 1.89311158657}}, "metadata": {"audio_properties": {"equal_loudness": 0, "codec": "mp3", "downmix": "mix", "sample_rate": 44100, "analysis_sample_rate": 44100, "bit_rate": 256000, "md5_encoded": "44d0ba6db954f34cf4040172515f7edd", "length": 322.037536621, "replay_gain": -8.10509490967, "lossless": false}, "version": {"essentia_build_sha": "2d9f1f26377add8aeb1075a9c2973f962c4f09fd", "essentia": "2.1-beta2", "extractor": "music 1.0", "essentia_git_sha": "v2.1_beta2-1-ge3940c0"}, "tags": {"title": ["Solitary Mind Games"], "media": ["Digital Media"], "albumartist": ["Hawkwind"], "genre": ["Rock", "Space Rock", "Psychedelic Rock", "Progressive Rock", "Psychedelic", "Hard Rock"], "musicbrainz_releasegroupid": ["49a731c2-2847-41c6-8a1b-f0c4e3779dc8"], "musicbrainz album type": ["album", "live"], "contentgroup": ["Rock"], "musicbrainz_recordingid": ["1ce9310a-f1fb-45b9-b7ba-0364c91136eb"], "musicbrainz_artistid": ["5a28f8c2-31fb-4047-ae57-c5c326989262"], "musicbrainz_albumartistid": ["5a28f8c2-31fb-4047-ae57-c5c326989262"], "musicbrainz_albumid": ["3b83a315-7e00-4162-99d7-ea5ea5cc1601"], "artist": ["Hawkwind"], "tracknumber": ["15/22"], "artistsort": ["Hawkwind"], "album": ["1982-11-15: Goldiggers Club, Chippenham, UK"], "albumartistsort": ["Hawkwind"], "discnumber": ["1/1"], "script": ["Latn"], "musicbrainz album status": ["bootleg"], "file_name": "15 - Solitary Mind Games.mp3"}}, "rhythm": {"bpm_histogram_first_peak_bpm": {"dmean2": 0, "median": 110, "min": 110, "dvar2": 0, "dvar": 0, "dmean": 0, "max": 110, "var": 0, "mean": 110}, "bpm": 110.642120361, "bpm_histogram_second_peak_spread": {"dmean2": 0, "median": 0, "min": 0, "dvar2": 0, "dvar": 0, "dmean": 0, "max": 0, "var": 0, "mean": 0}, "bpm_histogram_first_peak_weight": {"dmean2": 0, "median": 0.613223135471, "min": 0.613223135471, "dvar2": 0, "dvar": 0, "dmean": 0, "max": 0.613223135471, "var": 0, "mean": 0.613223135471}, "onset_rate": 3.77271604538, "beats_position": [0.487619042397, 0.99845802784, 1.53251695633, 2.06657600403, 2.60063481331, 3.14630389214, 3.69197273254, 4.23764181137, 4.78331041336, 5.31736946106, 5.86303853989, 6.40870714188, 6.94276618958, 7.4884352684, 8.03410434723, 8.56816291809, 9.11383247375, 9.65950107574, 10.1935596466, 10.7392292023, 11.2848978043, 11.8305664063, 12.3646259308, 12.9102945328, 13.4559631348, 14.0016326904, 14.5356912613, 15.0813598633, 15.6270294189, 16.1610889435, 16.6951465607, 17.2524261475, 17.7980957031, 18.3437633514, 18.877822876, 19.4234924316, 19.96916008, 20.5148296356, 21.0604991913, 21.5945568085, 22.128616333, 22.6742858887, 23.2083435059, 23.7540130615, 24.2996826172, 24.8453502655, 25.37940979, 25.9250793457, 26.470746994, 27.0164165497, 27.5504760742, 28.0961437225, 28.6418132782, 29.1874828339, 29.7331504822, 30.2788200378, 30.8128795624, 31.3469390869, 31.8926067352, 32.4382743835, 32.9723358154, 33.5296134949, 34.0636711121, 34.5977325439, 35.1550102234, 35.6890678406, 36.2231292725, 36.7687988281, 37.3144645691, 37.848526001, 38.3941955566, 38.9398651123, 39.4855308533, 40.0312004089, 40.5768699646, 41.1225395203, 41.6565971375, 42.2022666931, 42.7363243103, 43.281993866, 43.8160552979, 44.3617210388, 44.9073905945, 45.4530601501, 45.9987297058, 46.532787323, 47.0784568787, 47.6241264343, 48.1581840515, 48.7038536072, 49.2495231628, 49.78358078, 50.3292503357, 50.8749198914, 51.4089775085, 51.9546470642, 52.5003166199, 53.0459861755, 53.5916557312, 54.1257133484, 54.6713829041, 55.2170524597, 55.7511100769, 56.2851676941, 56.8308372498, 57.3765068054, 57.9221763611, 58.4678459167, 59.0019035339, 59.5475730896, 60.0932426453, 60.6389122009, 61.1845779419, 61.7186393738, 62.2643089294, 62.8099746704, 63.3440361023, 63.889705658, 64.4353713989, 64.9810409546, 65.5267105103, 66.0723800659, 66.6180496216, 67.1521072388, 67.686164856, 68.2318344116, 68.7775039673, 69.3231735229, 69.8688430786, 70.4029006958, 70.936958313, 71.4826278687, 72.0282974243, 72.5623550415, 73.0964126587, 73.6420822144, 74.18775177, 74.7218093872, 75.2558746338, 75.8015441895, 76.3472061157, 76.8928756714, 77.426940918, 77.9726028442, 78.5182723999, 79.0639419556, 79.5979995728, 80.1436691284, 80.6893386841, 81.2233963013, 81.7690658569, 82.3147354126, 82.8604049683, 83.4060745239, 83.9401321411, 84.4858016968, 85.0314712524, 85.5771408081, 86.1111984253, 86.656867981, 87.2025375366, 87.7482070923, 88.2822647095, 88.8279342651, 89.3736038208, 89.9192733765, 90.4649429321, 90.9990005493, 91.5330581665, 92.0787277222, 92.6127853394, 93.158454895, 93.7041244507, 94.2497940063, 94.7838516235, 95.3295211792, 95.8751907349, 96.4208602905, 96.9549179077, 97.5005874634, 98.0578689575, 98.5919265747, 99.1259841919, 99.6716537476, 100.217323303, 100.75138092, 101.297050476, 101.842720032, 102.376777649, 102.922447205, 103.46811676, 104.002174377, 104.547843933, 105.093513489, 105.639183044, 106.1848526, 106.718910217, 107.264579773, 107.810249329, 108.344306946, 108.889976501, 109.435646057, 109.969703674, 110.503761292, 111.049430847, 111.595100403, 112.140769958, 112.686439514, 113.220497131, 113.766166687, 114.311836243, 114.84589386, 115.391563416, 115.937232971, 116.482902527, 117.028572083, 117.5626297, 118.096687317, 118.642356873, 119.188026428, 119.722084045, 120.256141663, 120.801811218, 121.347480774, 121.89315033, 122.438819885, 122.972877502, 123.518547058, 124.064216614, 124.609886169, 125.155555725, 125.701225281, 126.246894836, 126.780952454, 127.326622009, 127.872291565, 128.406341553, 128.952011108, 129.497680664, 130.031738281, 130.577407837, 131.123077393, 131.668746948, 132.214416504, 132.748474121, 133.282531738, 133.828201294, 134.37387085, 134.919540405, 135.465209961, 136.010879517, 136.556549072, 137.090606689, 137.624664307, 138.170333862, 138.716003418, 139.261672974, 139.795730591, 140.341400146, 140.887069702, 141.432739258, 141.978408813, 142.524078369, 143.058135986, 143.592193604, 144.137863159, 144.683532715, 145.229202271, 145.774871826, 146.308929443, 146.854598999, 147.400268555, 147.94593811, 148.491607666, 149.037277222, 149.582946777, 150.117004395, 150.651062012, 151.185119629, 151.730789185, 152.27645874, 152.822128296, 153.367797852, 153.913467407, 154.459136963, 155.004806519, 155.550476074, 156.084533691, 156.630203247, 157.175872803, 157.721542358, 158.267211914, 158.81288147, 159.346939087, 159.892608643, 160.42666626, 160.972335815, 161.518005371, 162.063674927, 162.609344482, 163.1434021, 163.677459717, 164.223129272, 164.768798828, 165.314468384, 165.860137939, 166.394195557, 166.928253174, 167.473922729, 168.019592285, 168.565261841, 169.110931396, 169.656600952, 170.202270508, 170.736328125, 171.281997681, 171.827667236, 172.361724854, 172.907394409, 173.453063965, 173.987121582, 174.532791138, 175.078460693, 175.624130249, 176.169799805, 176.703857422, 177.249526978, 177.795196533, 178.34085083, 178.886520386, 179.420593262, 179.954650879, 180.500320435, 181.04598999, 181.591659546, 182.137313843, 182.682983398, 183.228652954, 183.762710571, 184.308380127, 184.854049683, 185.399719238, 185.945388794, 186.49105835, 187.036727905, 187.570785522, 188.116455078, 188.650512695, 189.196182251, 189.730239868, 190.275909424, 190.821578979, 191.367248535, 191.912918091, 192.458587646, 193.004257202, 193.538314819, 194.083984375, 194.629653931, 195.163711548, 195.709381104, 196.255050659, 196.789108276, 197.334777832, 197.880447388, 198.414505005, 198.960174561, 199.505844116, 200.039901733, 200.585571289, 201.131240845, 201.6769104, 202.222579956, 202.768249512, 203.313919067, 203.847976685, 204.39364624, 204.927703857, 205.473373413, 206.019042969, 206.564712524, 207.11038208, 207.656051636, 208.190109253, 208.735778809, 209.281448364, 209.82711792, 210.372787476, 210.906845093, 211.44090271, 211.986572266, 212.532241821, 213.066299438, 213.611968994, 214.15763855, 214.703308105, 215.248977661, 215.794647217, 216.340316772, 216.87437439, 217.408432007, 217.954101563, 218.499771118, 219.045440674, 219.591110229, 220.136779785, 220.682449341, 221.216506958, 221.762176514, 222.307846069, 222.853515625, 223.399185181, 223.933242798, 224.467300415, 225.012969971, 225.558639526, 226.092697144, 226.638366699, 227.184036255, 227.729705811, 228.275375366, 228.809432983, 229.355102539, 229.900772095, 230.45803833, 230.992111206, 231.537780762, 232.083435059, 232.629104614, 233.16317749, 233.708831787, 234.254501343, 234.788574219, 235.334228516, 235.89151001, 236.425567627, 236.959625244, 237.5052948, 238.050964355, 238.596633911, 239.142303467, 239.676361084, 240.22203064, 240.767700195, 241.313369751, 241.859039307, 242.393096924, 242.927154541, 243.472824097, 244.018493652, 244.564163208, 245.109832764, 245.655502319, 246.201171875, 246.735229492, 247.280899048, 247.826568604, 248.372238159, 248.917907715, 249.451965332, 249.997634888, 250.543304443, 251.077362061, 251.623031616, 252.168701172, 252.714370728, 253.260040283, 253.805709839, 254.339767456, 254.885437012, 255.40788269, 255.941940308, 256.487609863, 257.02166748, 257.578948975, 258.113006592, 258.670288086, 259.204345703, 259.750030518, 260.295684814, 260.829742432, 261.363800049, 261.909484863, 262.45513916, 263.000823975, 263.546478271, 264.080535889, 264.614593506, 265.16027832, 265.694335938, 266.251617432, 266.797271729, 267.342956543, 267.87701416, 268.422668457, 268.956726074, 269.502410889, 270.036468506, 270.582122803, 271.11618042, 271.673461914, 272.207519531, 272.764801025, 273.298858643, 273.83291626, 274.366973877, 274.924255371, 275.469940186, 276.015594482, 276.5496521, 277.095336914, 277.640991211, 278.186676025, 278.720733643, 279.266387939, 279.800445557, 280.346130371, 280.880187988, 281.425842285, 281.9715271, 282.517181396, 283.051239014, 283.608520508, 284.142578125, 284.688262939, 285.233917236, 285.779571533, 286.325256348, 286.882537842, 287.416595459, 287.950653076, 288.484710693, 289.041992188, 289.576049805, 290.121704102, 290.667388916, 291.213043213, 291.758728027, 292.292785645, 292.826843262, 293.384124756, 293.918182373, 294.46383667, 295.009521484, 295.555175781, 296.089233398, 296.646514893, 297.192199707, 297.726257324, 298.260314941, 298.817596436, 299.363250732, 299.908935547, 300.442993164, 300.977050781, 301.522705078, 302.056762695, 302.60244751, 303.136505127, 303.682159424, 304.227844238, 304.761901855, 305.295959473, 305.83001709, 306.364074707, 306.909759521, 307.455413818, 307.989471436, 308.523529053, 309.05758667, 309.417510986, 309.777404785, 310.137329102, 310.4972229, 310.84552002, 311.193817139, 311.542114258, 311.902038574, 312.250335693, 312.587036133, 312.923706055, 313.260406494, 313.597106934, 313.933776855, 314.270477295, 314.618774414, 314.967071533, 315.315368652, 315.675262451, 316.023590088, 316.383483887, 316.720184326, 317.045257568, 317.381958008, 317.71862793, 318.043701172, 318.368804932, 318.705474854, 319.042175293, 319.367248535, 319.703948975, 320.040618896, 320.377319336, 320.714019775, 321.050689697, 321.375762939], "beats_loudness": {"dmean2": 0.0270531643182, "median": 0.0378057397902, "min": 0.00188009080011, "dvar2": 0.00050779565936, "dvar": 0.00017583182489, "dmean": 0.0155292572454, "max": 0.0922797545791, "var": 0.00025848892983, "mean": 0.0396038852632}, "danceability": 1.37105417252, "bpm_histogram_second_peak_weight": {"dmean2": 0, "median": 0.026446281001, "min": 0.026446281001, "dvar2": 0, "dvar": 0, "dmean": 0, "max": 0.026446281001, "var": 0, "mean": 0.026446281001}, "beats_count": 606, "bpm_histogram_second_peak_bpm": {"dmean2": 0, "median": 178, "min": 178, "dvar2": 0, "dvar": 0, "dmean": 0, "max": 178, "var": 0, "mean": 178}, "bpm_histogram_first_peak_spread": {"dmean2": 0, "median": 0.345678985119, "min": 0.345678985119, "dvar2": 0, "dvar": 0, "dmean": 0, "max": 0.345678985119, "var": 0, "mean": 0.345678985119}, "beats_loudness_band_ratio": {"dmean2": [0.275301367044, 0.291507303715, 0.282926917076, 0.15065895021, 0.034715604037, 0.0153680145741], "median": [0.299001514912, 0.256951630116, 0.21848064661, 0.064454048872, 0.0129699613899, 0.00941583607346], "min": [0.00252935779281, 0.00131825939752, 0.00525790033862, 0.00150861428119, 0.000507155433297, 0.00209548906423], "dvar2": [0.0491863898933, 0.0524561777711, 0.0583329088986, 0.0335151329637, 0.00407622661442, 0.000748787482735], "dvar": [0.0175475329161, 0.0210899692029, 0.0215785242617, 0.0122404843569, 0.00150150142144, 0.000279195781332], "dmean": [0.158560544252, 0.173974737525, 0.17095258832, 0.0879777669907, 0.0197970792651, 0.00888744182885], "max": [0.924203276634, 0.986240565777, 0.884402930737, 0.977077722549, 0.817591130733, 0.302156537771], "var": [0.0479435324669, 0.0462180450559, 0.0423577986658, 0.0163313504308, 0.00452072219923, 0.000536529405508], "mean": [0.338918924332, 0.312446773052, 0.266005009413, 0.104230158031, 0.0271195229143, 0.0142026124522]}}, "lowlevel": {"barkbands_spread": {"dmean2": 4.69286489487, "median": 10.8638782501, "min": 1.03825759888, "dvar2": 22.5318107605, "dvar": 9.87256240845, "dmean": 3.04808068275, "max": 68.6819000244, "var": 38.1582870483, "mean": 12.0572500229}, "melbands_spread": {"dmean2": 6.08614444733, "median": 12.0126028061, "min": 0.588292717934, "dvar2": 45.2488021851, "dvar": 20.9007091522, "dmean": 3.95317029953, "max": 120.49962616, "var": 100.760299683, "mean": 14.3827085495}, "hfc": {"dmean2": 8.48238372803, "median": 17.4198436737, "min": 1.18147834782e-16, "dvar2": 131.163024902, "dvar": 59.8490867615, "dmean": 5.7150387764, "max": 145.749435425, "var": 136.051589966, "mean": 19.8125247955}, "barkbands_kurtosis": {"dmean2": 7.03781414032, "median": 6.49188756943, "min": -1.81962323189, "dvar2": 100.728530884, "dvar": 44.8501701355, "dmean": 4.60142803192, "max": 260.182403564, "var": 207.462814331, "mean": 10.3176584244}, "gfcc": {"mean": [4.56093406677, 93.9953079224, -106.697929382, -14.2756080627, -51.8480987549, -17.7513160706, -24.7235679626, -19.2012577057, -23.665014267, 2.50530195236, -19.3761425018, 2.70163822174, -22.4321212769], "icov": [[0.0106515008956, -0.0170135628432, 0.0157018583268, -0.0147080104798, 0.0143589163199, -0.0124309454113, 0.0114925745875, -0.0104598272592, 0.00874559953809, -0.0069524589926, 0.00505084916949, -0.0040079173632, 0.00172409752849], [-0.0170135628432, 0.0326713621616, -0.0280189011246, 0.0260890834033, -0.0252034887671, 0.0226167552173, -0.0201716069132, 0.0193638522178, -0.0148863112554, 0.0133642293513, -0.00943425484002, 0.00947548449039, -0.00282815122046], [0.0157018583268, -0.0280189011246, 0.0268965661526, -0.023867931217, 0.0229816697538, -0.0205207280815, 0.0189335215837, -0.0165800340474, 0.012598269619, -0.0110093746334, 0.00860895588994, -0.00819506589323, 0.0025105138775], [-0.0147080104798, 0.0260890834033, -0.023867931217, 0.0255709327757, -0.021582737565, 0.017521623522, -0.0165706649423, 0.016148192808, -0.012486920692, 0.01033152733, -0.00732615916058, 0.00722805131227, -0.00239742500708], [0.0143589163199, -0.0252034887671, 0.0229816697538, -0.021582737565, 0.0240754093975, -0.0183832775801, 0.0178942847997, -0.0181593168527, 0.0158125907183, -0.0130330370739, 0.00933646038175, -0.00938849523664, 0.00438902713358], [-0.0124309454113, 0.0226167552173, -0.0205207280815, 0.017521623522, -0.0183832775801, 0.0223472565413, -0.0181694105268, 0.0156576130539, -0.0128601072356, 0.0134020615369, -0.0105831529945, 0.0101081375033, -0.00419614324346], [0.0114925745875, -0.0201716069132, 0.0189335215837, -0.0165706649423, 0.0178942847997, -0.0181694105268, 0.0245071463287, -0.0186768211424, 0.0150236561894, -0.0141482008621, 0.0164886899292, -0.0137915946543, 0.00738838221878], [-0.0104598272592, 0.0193638522178, -0.0165800340474, 0.016148192808, -0.0181593168527, 0.0156576130539, -0.0186768211424, 0.0262532010674, -0.0207596160471, 0.0198524687439, -0.0190463252366, 0.0163170974702, -0.00773892970756], [0.00874559953809, -0.0148863112554, 0.012598269619, -0.012486920692, 0.0158125907183, -0.0128601072356, 0.0150236561894, -0.0207596160471, 0.0310543142259, -0.0259908419102, 0.0215204898268, -0.0139597393572, 0.00819351989776], [-0.0069524589926, 0.0133642293513, -0.0110093746334, 0.01033152733, -0.0130330370739, 0.0134020615369, -0.0141482008621, 0.0198524687439, -0.0259908419102, 0.034455601126, -0.0234390385449, 0.0150554217398, -0.00713086733595], [0.00505084916949, -0.00943425484002, 0.00860895588994, -0.00732615916058, 0.00933646038175, -0.0105831529945, 0.0164886899292, -0.0190463252366, 0.0215204898268, -0.0234390385449, 0.0334638282657, -0.024720525369, 0.0130797037855], [-0.0040079173632, 0.00947548449039, -0.00819506589323, 0.00722805131227, -0.00938849523664, 0.0101081375033, -0.0137915946543, 0.0163170974702, -0.0139597393572, 0.0150554217398, -0.024720525369, 0.0350373312831, -0.0191844087094], [0.00172409752849, -0.00282815122046, 0.0025105138775, -0.00239742500708, 0.00438902713358, -0.00419614324346, 0.00738838221878, -0.00773892970756, 0.00819351989776, -0.00713086733595, 0.0130797037855, -0.0191844087094, 0.0231324918568]], "cov": [[952.583312988, 87.9622650146, -202.849899292, 113.690803528, -135.70451355, 68.2107391357, -11.0526657104, -10.2147636414, -44.5306358337, -43.9797554016, -31.7473735809, -82.6223678589, -36.5666046143], [87.9622650146, 395.464294434, 193.794830322, -81.0392684937, 44.1257705688, -72.092918396, -25.9254512787, -37.8487548828, -9.20385932922, -10.8965339661, -22.1456336975, -18.2820358276, -16.2082576752], [-202.849899292, 193.794830322, 621.062194824, 127.386863708, -131.764450073, 73.0925064087, -43.4710998535, -57.4624214172, 44.7569732666, -8.72650241852, -40.0066108704, 3.32053565979, 24.3626861572], [113.690803528, -81.0392684937, 127.386863708, 295.614715576, 26.6197032928, 61.5857429504, -5.65610027313, -21.2736110687, -0.436668723822, -3.26001167297, -12.232790947, -6.81227684021, -0.342043638229], [-135.70451355, 44.1257705688, -131.764450073, 26.6197032928, 400.341705322, -15.6612195969, -27.2708950043, 56.9713935852, -68.3874664307, 1.84760248661, 71.4399795532, 26.5080528259, -12.079454422], [68.2107391357, -72.092918396, 73.0925064087, 61.5857429504, -15.6612195969, 227.286987305, 68.1351776123, 7.16954135895, -8.42710971832, -38.9085731506, -24.9721183777, -19.9940814972, -2.08161783218], [-11.0526657104, -25.9254512787, -43.4710998535, -5.65610027313, -27.2708950043, 68.1351776123, 171.093261719, 44.2149810791, 12.0383653641, -19.5858840942, -52.9238853455, -14.818854332, -13.2014217377], [-10.2147636414, -37.8487548828, -57.4624214172, -21.2736110687, 56.9713935852, 7.16954135895, 44.2149810791, 162.134963989, 29.2747802734, -15.0816297531, 17.8883457184, -20.2125205994, -11.1190462112], [-44.5306358337, -9.20385932922, 44.7569732666, -0.436668723822, -68.3874664307, -8.42710971832, 12.0383653641, 29.2747802734, 134.786010742, 57.1123313904, -37.7165603638, -20.2719230652, -10.9350509644], [-43.9797554016, -10.8965339661, -8.72650241852, -3.26001167297, 1.84760248661, -38.9085731506, -19.5858840942, -15.0816297531, 57.1123313904, 102.372299194, 37.9322090149, 10.211853981, -5.29400539398], [-31.7473735809, -22.1456336975, -40.0066108704, -12.232790947, 71.4399795532, -24.9721183777, -52.9238853455, 17.8883457184, -37.7165603638, 37.9322090149, 139.627807617, 63.2179679871, 6.06783485413], [-82.6223678589, -18.2820358276, 3.32053565979, -6.81227684021, 26.5080528259, -19.9940814972, -14.818854332, -20.2125205994, -20.2719230652, 10.211853981, 63.2179679871, 103.684623718, 52.742767334], [-36.5666046143, -16.2082576752, 24.3626861572, -0.342043638229, -12.079454422, -2.08161783218, -13.2014217377, -11.1190462112, -10.9350509644, -5.29400539398, 6.06783485413, 52.742767334, 86.2557754517]]}, "spectral_energyband_middle_low": {"dmean2": 0.0128464708105, "median": 0.0199974998832, "min": 2.99539169493e-22, "dvar2": 0.000235653569689, "dvar": 9.54866336542e-05, "dmean": 0.00827700924128, "max": 0.126026168466, "var": 0.000229250072152, "mean": 0.0229313261807}, "melbands_crest": {"dmean2": 5.49689102173, "median": 13.06711483, "min": 2.08959674835, "dvar2": 22.3297405243, "dvar": 9.16366767883, "dmean": 3.43002796173, "max": 34.1904144287, "var": 30.6558666229, "mean": 14.2282457352}, "spectral_kurtosis": {"dmean2": 4.21592569351, "median": 6.6210770607, "min": -1.1915589571, "dvar2": 15.083117485, "dvar": 5.61721229553, "dmean": 2.57534646988, "max": 32.0606689453, "var": 16.9206027985, "mean": 7.3187122345}, "spectral_rms": {"dmean2": 0.00128036784008, "median": 0.00516695249826, "min": 3.30058072887e-12, "dvar2": 1.62937351433e-06, "dvar": 7.14447594419e-07, "dmean": 0.000850900134537, "max": 0.0119442623109, "var": 2.22166841013e-06, "mean": 0.005243988242}, "zerocrossingrate": {"dmean2": 0.00927526596934, "median": 0.0498046875, "min": 0.01220703125, "dvar2": 6.97162249708e-05, "dvar": 5.03055598529e-05, "dmean": 0.00734372343868, "max": 0.49169921875, "var": 0.000396338495193, "mean": 0.0531569309533}, "silence_rate_60dB": {"dmean2": 0.00533602526411, "median": 0, "min": 0, "dvar2": 0.00631712656468, "dvar": 0.00266073108651, "dmean": 0.00266782031395, "max": 1, "var": 0.00829350110143, "mean": 0.00836337450892}, "erbbands_kurtosis": {"dmean2": 3.04166245461, "median": 1.39264202118, "min": -1.88287556171, "dvar2": 23.5375366211, "dvar": 11.006524086, "dmean": 1.9964454174, "max": 128.623413086, "var": 43.1755638123, "mean": 3.1863348484}, "erbbands": {"dmean2": [0.0231268517673, 0.249491602182, 1.11160457134, 7.4626121521, 12.7081031799, 13.9001436234, 25.0457668304, 36.410320282, 37.4244766235, 55.2565841675, 55.4958076477, 48.56199646, 58.4608840942, 29.2280921936, 27.9459037781, 65.3222961426, 35.7015571594, 28.1417636871, 19.2169342041, 11.4630451202, 7.83011770248, 8.34450626373, 7.21042871475, 9.5703086853, 4.53775310516, 6.11662817001, 3.49180078506, 2.70763850212, 2.26485300064, 1.24492228031, 0.537075340748, 0.326533824205, 0.176184624434, 0.0890635550022, 0.0412799194455, 0.0131456591189, 0.00457947188988, 0.0209955628961, 0.00052181025967, 2.01419516088e-05], "median": [0.00267629069276, 0.0392019897699, 0.440459012985, 2.47585773468, 4.57623958588, 7.24412822723, 14.7918224335, 23.4198112488, 23.2967300415, 19.3812561035, 21.8172721863, 18.6388778687, 22.1521682739, 11.4650363922, 12.9480295181, 28.4938316345, 22.6162414551, 15.8550872803, 9.72109889984, 6.32946872711, 4.42635154724, 4.02000904083, 3.31813526154, 2.9359292984, 1.8683359623, 2.32121944427, 1.98031425476, 1.62992405891, 1.06154823303, 0.504828035831, 0.221311599016, 0.12238843739, 0.0660905987024, 0.0347871780396, 0.0194748751819, 0.00866300798953, 0.0238436758518, 0.14055249095, 0.00350511912256, 9.33732080739e-05], "min": [1.07723916965e-21, 1.28277214534e-20, 1.04592561749e-20, 1.86200553084e-20, 1.57974617343e-19, 1.47640132963e-19, 4.32809485918e-19, 7.20939809423e-19, 3.90159458998e-19, 4.24739098271e-19, 1.1386857677e-18, 2.18244759703e-18, 4.44889683282e-19, 2.37190856004e-18, 3.79837325458e-18, 4.46542534903e-18, 7.14273354072e-18, 1.11619445801e-17, 9.31311484735e-18, 1.29302896393e-17, 1.25253739761e-17, 1.76237248426e-17, 1.52543884007e-17, 1.32843700907e-17, 1.37436761879e-17, 1.3436386035e-17, 2.41009096896e-17, 2.20144789434e-17, 2.32797112473e-17, 2.16680391592e-17, 1.63235226511e-17, 1.62138997133e-17, 1.39810927402e-17, 1.54419664938e-17, 7.30390720153e-18, 4.52294293933e-18, 2.87774377348e-18, 1.47891539e-18, 3.15432427749e-19, 3.26577045067e-20], "dvar2": [0.00618747854605, 0.569116294384, 3.93456101418, 184.92350769, 677.028259277, 544.161254883, 1905.40222168, 3479.71533203, 3681.13989258, 16188.0126953, 15809.3925781, 14143.4130859, 19235.9414063, 8652.58300781, 9990.61230469, 25835.3417969, 5727.37255859, 5460.24511719, 3263.43945313, 979.574707031, 346.171661377, 473.356506348, 397.875518799, 990.248046875, 143.098770142, 319.344665527, 47.1855201721, 27.1875858307, 19.6889743805, 6.23482561111, 1.2892267704, 0.494054049253, 0.169841244817, 0.0537706874311, 0.0131361130625, 0.00104745139834, 2.23405677389e-05, 0.000267138180789, 1.65175663369e-07, 4.13052897441e-10], "dvar": [0.0028271349147, 0.253693521023, 1.41024661064, 69.5389709473, 241.498825073, 206.830245972, 815.585144043, 1693.86340332, 1656.45874023, 7274.18505859, 7833.47070313, 7231.49804688, 9067.05566406, 4558.1640625, 5078.64794922, 13597.0996094, 2707.73657227, 2275.99804688, 1320.71252441, 440.054199219, 133.929611206, 187.062515259, 156.520645142, 435.431976318, 60.4349250793, 134.478607178, 19.8090801239, 11.8707017899, 8.91242790222, 2.74222588539, 0.535659611225, 0.209701165557, 0.0719595551491, 0.0223948583007, 0.00538149569184, 0.000431761931395, 9.07021149033e-06, 9.06053246581e-05, 5.60291404383e-08, 1.73005526571e-10], "dmean": [0.0151772210374, 0.157917246222, 0.636269748211, 4.4165353775, 7.40825271606, 8.40924358368, 16.0006313324, 24.5783748627, 24.452287674, 36.406578064, 37.1903495789, 32.1624298096, 37.9472389221, 19.5280094147, 18.4734115601, 43.6719207764, 23.7689399719, 18.2832927704, 12.4053239822, 7.19083738327, 4.814909935, 5.13552331924, 4.50857448578, 6.16320800781, 2.84336042404, 3.76491570473, 2.21409320831, 1.74568390846, 1.4682123661, 0.798048555851, 0.341799616814, 0.208077117801, 0.112388975918, 0.0569259785116, 0.026239739731, 0.00841749459505, 0.00276708719321, 0.0121463155374, 0.00030181495822, 1.28310366563e-05], "max": [0.841821312904, 8.81021499634, 46.9581184387, 109.999847412, 241.815567017, 501.774169922, 572.104675293, 857.349304199, 875.057617188, 2124.16162109, 1984.22961426, 2285.03051758, 2629.76318359, 2695.65600586, 3030.41479492, 5489.70800781, 2424.8359375, 1209.56201172, 1541.49707031, 1376.10314941, 262.729370117, 411.122772217, 567.620910645, 879.221679688, 202.808349609, 464.410400391, 133.940628052, 212.329376221, 98.924079895, 49.0372695923, 14.1954994202, 8.93248844147, 6.60671138763, 3.74771237373, 1.82350254059, 0.647350370884, 0.0721458569169, 0.187675580382, 0.00469823367894, 0.000215421896428], "var": [0.00351571501233, 0.306980550289, 1.50026774406, 96.1059951782, 267.894226074, 397.95223999, 2559.33959961, 5322.08056641, 5375.1640625, 17106.1640625, 21794.46875, 16017.6044922, 22244.7558594, 10494.7666016, 14295.4150391, 34374.9023438, 8038.07568359, 3863.42236328, 1778.41320801, 536.937194824, 147.542495728, 196.496200562, 225.659240723, 584.607727051, 76.5810775757, 141.001876831, 38.8309936523, 73.3890914917, 19.3604240417, 4.61609745026, 0.601322412491, 0.253465533257, 0.0825921297073, 0.024051817134, 0.0050459955819, 0.000407389336033, 1.18918023873e-05, 0.00012668108684, 7.82699629553e-08, 3.9870889923e-10], "mean": [0.0166831575334, 0.1804189533, 0.860070705414, 6.13649606705, 10.3871145248, 14.0680084229, 32.2356147766, 50.0101661682, 49.4455528259, 63.5800704956, 67.5607299805, 54.9960289001, 66.3096084595, 34.1763496399, 33.2548294067, 72.3010406494, 49.2663879395, 34.1541671753, 21.0311660767, 11.3930358887, 7.80900716782, 7.91458511353, 7.31863021851, 9.06914615631, 4.40994215012, 5.13542175293, 4.09190273285, 3.6950712204, 2.67566180229, 1.26342737675, 0.490157872438, 0.296300083399, 0.158568635583, 0.0813045874238, 0.0383786819875, 0.0137707637623, 0.0243912264705, 0.140822574496, 0.00351193989627, 9.66142761172e-05]}, "spectral_strongpeak": {"dmean2": 1.25431120396, "median": 1.35201346874, "min": 1.28090016371e-09, "dvar2": 1.97619056702, "dvar": 0.873553991318, "dmean": 0.774273574352, "max": 15.5109682083, "var": 2.14972376823, "mean": 1.74745893478}, "spectral_energy": {"dmean2": 0.0149557003751, "median": 0.0273648314178, "min": 1.11661797513e-20, "dvar2": 0.000299054809147, "dvar": 0.000126054612338, "dmean": 0.0097861494869, "max": 0.146232038736, "var": 0.000285721413093, "mean": 0.0304641984403}, "average_loudness": 0.966320455074, "spectral_rolloff": {"dmean2": 355.694213867, "median": 818.26171875, "min": 172.265625, "dvar2": 243035.734375, "dvar": 124087.523438, "dmean": 214.055755615, "max": 18776.953125, "var": 325378.4375, "mean": 966.263793945}, "spectral_centroid": {"dmean2": 231.886505127, "median": 744.929321289, "min": 211.956481934, "dvar2": 75832.625, "dvar": 40459.5429688, "dmean": 155.7449646, "max": 10528.0263672, "var": 174561.71875, "mean": 846.100341797}, "pitch_salience": {"dmean2": 0.116041958332, "median": 0.563208222389, "min": 0.0940079018474, "dvar2": 0.00916160549968, "dvar": 0.00366017804481, "dmean": 0.0716475918889, "max": 0.825541913509, "var": 0.0127935959026, "mean": 0.55131727457}, "spectral_energyband_middle_high": {"dmean2": 0.00364768248983, "median": 0.00377092906274, "min": 2.00272967294e-21, "dvar2": 4.61407253169e-05, "dvar": 2.27859927691e-05, "dmean": 0.00248954747804, "max": 0.112931393087, "var": 6.11052892054e-05, "mean": 0.00603790720925}, "spectral_contrast_coeffs": {"dmean2": [0.0945668891072, 0.082395426929, 0.0750191435218, 0.0564413480461, 0.040481235832, 0.0296702403575], "median": [-0.554575204849, -0.676242828369, -0.723437190056, -0.755303382874, -0.801622986794, -0.741889834404], "min": [-0.96123021841, -0.960509121418, -0.958383023739, -0.95844078064, -0.965038061142, -0.96063131094], "dvar2": [0.00543496292084, 0.00429004337639, 0.00350198941305, 0.00205171317793, 0.00113314483315, 0.000614819990005], "dvar": [0.00195865379646, 0.00163541629445, 0.00137679488398, 0.000795172061771, 0.000489881553221, 0.000291932490654], "dmean": [0.056265745312, 0.0510268695652, 0.0459117144346, 0.034694455564, 0.0254289899021, 0.019497603178], "max": [-0.264808088541, -0.354510456324, -0.380462616682, -0.463832259178, -0.590808272362, -0.54194432497], "var": [0.00695289904252, 0.00676957983524, 0.00516307260841, 0.0030696017202, 0.00180251873098, 0.00218593189493], "mean": [-0.558259725571, -0.671407163143, -0.716435611248, -0.751550853252, -0.795551478863, -0.735766410828]}, "melbands_skewness": {"dmean2": 0.938163399696, "median": 1.80023944378, "min": -3.94709730148, "dvar2": 0.780586659908, "dvar": 0.347048789263, "dmean": 0.614296913147, "max": 11.7965164185, "var": 1.76433241367, "mean": 1.92457270622}, "spectral_spread": {"dmean2": 590402.9375, "median": 3429167.5, "min": 1826452.75, "dvar2": 471961600000, "dvar": 293174247424, "dmean": 400387.46875, "max": 39985164, "var": 849149886464, "mean": 3584933.25}, "dissonance": {"dmean2": 0.0517286807299, "median": 0.443528980017, "min": 0.249361142516, "dvar2": 0.00203317101113, "dvar": 0.000736729882192, "dmean": 0.0307164415717, "max": 0.5, "var": 0.00151118484791, "mean": 0.436651408672}, "spectral_skewness": {"dmean2": 0.485693871975, "median": 1.9283645153, "min": 0.0711847767234, "dvar2": 0.172333821654, "dvar": 0.0729884281754, "dmean": 0.31216648221, "max": 4.55420064926, "var": 0.297185242176, "mean": 1.97098147869}, "spectral_flux": {"dmean2": 0.0417909324169, "median": 0.0772071406245, "min": 1.05670146244e-10, "dvar2": 0.00174192711711, "dvar": 0.000731363485102, "dmean": 0.0258596278727, "max": 0.328095465899, "var": 0.00132115953602, "mean": 0.0846754238009}, "spectral_contrast_valleys": {"dmean2": [0.788738012314, 0.570438325405, 0.550383448601, 0.490418314934, 0.421539247036, 0.350394397974], "median": [-7.91722106934, -6.28807640076, -7.19035243988, -7.65457439423, -7.8648519516, -10.8640375137], "min": [-27.1791706085, -27.1967430115, -27.5195960999, -27.2400817871, -27.1295471191, -27.2135276794], "dvar2": [0.398192793131, 0.219860076904, 0.204448640347, 0.185410022736, 0.157895520329, 0.130138978362], "dvar": [0.173795238137, 0.0971104502678, 0.090322598815, 0.0875876545906, 0.0856066569686, 0.0810912847519], "dmean": [0.472206920385, 0.345319360495, 0.33429068327, 0.30823674798, 0.282602846622, 0.252740174532], "max": [-5.36117076874, -4.58505105972, -5.21562719345, -5.72651481628, -5.87436056137, -8.78362178802], "var": [0.490449458361, 0.387637108564, 0.310529023409, 0.287233114243, 0.315508753061, 0.234794080257], "mean": [-7.8406419754, -6.3398270607, -7.2293753624, -7.67571496964, -7.90070819855, -10.7694044113]}, "erbbands_flatness_db": {"dmean2": 0.0274029932916, "median": 0.186406582594, "min": 0.0805874839425, "dvar2": 0.000563232868444, "dvar": 0.00027765595587, "dmean": 0.0185763575137, "max": 0.3973338902, "var": 0.00136681005824, "mean": 0.188454478979}, "spectral_energyband_high": {"dmean2": 0.000200601789402, "median": 0.000233646598645, "min": 7.64128528023e-21, "dvar2": 1.12419641596e-07, "dvar": 4.92502536531e-08, "dmean": 0.000130767148221, "max": 0.00518339406699, "var": 1.10944746723e-07, "mean": 0.000350537826307}, "spectral_entropy": {"dmean2": 0.267407983541, "median": 7.15120220184, "min": 5.29812383652, "dvar2": 0.0558831468225, "dvar": 0.026451760903, "dmean": 0.182437032461, "max": 9.79939937592, "var": 0.118951700628, "mean": 7.12647104263}, "silence_rate_20dB": {"dmean2": 0, "median": 1, "min": 1, "dvar2": 0, "dvar": 0, "dmean": 0, "max": 1, "var": 0, "mean": 1}, "melbands_flatness_db": {"dmean2": 0.0355660840869, "median": 0.23450280726, "min": 0.00586208980531, "dvar2": 0.000977838877589, "dvar": 0.000459280068753, "dmean": 0.0243378747255, "max": 0.434927076101, "var": 0.00236872350797, "mean": 0.234758213162}, "barkbands": {"dmean2": [1.67815869645e-05, 0.000975515227765, 0.00127983919811, 0.00385889504105, 0.00407849438488, 0.00409136619419, 0.00300248805434, 0.00245418795384, 0.00210986984894, 0.00160940270871, 0.000731345673557, 0.0013492499711, 0.000736838905