{"tonal": {"thpcp": [1, 0.381107032299, 0.103129580617, 0.0857433751225, 0.195113897324, 0.453949004412, 0.417846411467, 0.15380692482, 0.0611371137202, 0.0430533215404, 0.0880067124963, 0.340010225773, 0.453973442316, 0.253095716238, 0.221186608076, 0.301862180233, 0.267711192369, 0.260551005602, 0.291297703981, 0.415516674519, 0.767603576183, 0.813069760799, 0.388518959284, 0.171083301306, 0.194437593222, 0.347056955099, 0.629875004292, 0.564214885235, 0.249857023358, 0.141983643174, 0.136002063751, 0.116713665426, 0.284451037645, 0.436231791973, 0.523055911064, 0.994158744812], "hpcp": {"dmean2": [0.122155793011, 0.143704622984, 0.134112223983, 0.156097099185, 0.132678464055, 0.0790112838149, 0.0834991261363, 0.114343054593, 0.124871820211, 0.131553709507, 0.0994011685252, 0.0737777128816, 0.0623727440834, 0.0588449165225, 0.0886779651046, 0.118279099464, 0.169904023409, 0.162925571203, 0.17495533824, 0.121762417257, 0.0522457994521, 0.0477938689291, 0.0735826790333, 0.0985867083073, 0.087249442935, 0.0549102723598, 0.0329026356339, 0.0267195515335, 0.0406232252717, 0.0722066015005, 0.0834785923362, 0.0826698541641, 0.0714700743556, 0.0781448632479, 0.0905015170574, 0.0957184508443], "median": [0.00121347792447, 0.00233195931651, 0.0101007018238, 0.0126078352332, 0.00808939896524, 0.000930883863475, 0.000674736569636, 0.00226303539239, 0.00551337143406, 0.00705787865445, 0.00386378914118, 0.000768799916841, 0.00040786457248, 0.000553865218535, 0.00142123899423, 0.00218281755224, 0.010341282934, 0.0150940716267, 0.0169816166162, 0.00552663113922, 0.000441580952611, 0.00026297790464, 0.00116469408385, 0.0029804748483, 0.0029631247744, 0.00123938044999, 0.000378791533876, 0.000273682991974, 0.000528969452716, 0.00203207414597, 0.00303568365052, 0.00285426853225, 0.000860329018906, 0.000589409493841, 0.000883579836227, 0.000865288136993], "min": [0, 0, 0, 0, 0, 0, 0, 0, 0, 0, 0, 0, 0, 0, 0, 0, 0, 0, 0, 0, 0, 0, 0, 0, 0, 0, 0, 0, 0, 0, 0, 0, 0, 0, 0, 0], "dvar2": [0.085495993495, 0.0896822661161, 0.0709202066064, 0.0900366306305, 0.0714762881398, 0.0459143258631, 0.0505460463464, 0.0688948407769, 0.0763991698623, 0.0703253000975, 0.0576801970601, 0.0465824976563, 0.0426434911788, 0.0370979383588, 0.06011999771, 0.0880725383759, 0.103150039911, 0.0896250531077, 0.0982455536723, 0.060389328748, 0.0352622978389, 0.0362615771592, 0.0426585040987, 0.0597520172596, 0.0417532548308, 0.0280944798142, 0.0172024536878, 0.0144005501643, 0.0203094892204, 0.0405750200152, 0.0474917925894, 0.0454468540847, 0.0391281545162, 0.0436147898436, 0.053269829601, 0.0623022317886], "dvar": [0.031072229147, 0.0325035117567, 0.0293157063425, 0.0389563553035, 0.0266326945275, 0.0171901453286, 0.0194530989975, 0.0258594658226, 0.0307777766138, 0.0292641930282, 0.0223571863025, 0.0170656479895, 0.0159883704036, 0.0136344078928, 0.022885683924, 0.0348806940019, 0.0367241464555, 0.0359874367714, 0.0408099070191, 0.0233340580016, 0.0125233875588, 0.0126189570874, 0.0157274398953, 0.0239746794105, 0.0185746364295, 0.0111259324476, 0.00671001896262, 0.00517090829089, 0.00744334375486, 0.0169425457716, 0.021735791117, 0.0172420963645, 0.0153822647408, 0.0188265834004, 0.0200446750969, 0.0236741546541], "dmean": [0.0679092481732, 0.0810437127948, 0.0810936018825, 0.093251362443, 0.077333509922, 0.0444571599364, 0.0473688803613, 0.0658309459686, 0.0728355422616, 0.0797337666154, 0.0576541349292, 0.0411702394485, 0.0345821715891, 0.0333088636398, 0.0505995564163, 0.0660748630762, 0.0971586108208, 0.0966281816363, 0.104412816465, 0.0716824531555, 0.0285968687385, 0.0263442005962, 0.0418266691267, 0.0568152666092, 0.052636243403, 0.0322835184634, 0.0182335283607, 0.0146345794201, 0.0222768820822, 0.0429102182388, 0.0495890527964, 0.0475399233401, 0.041287176311, 0.0458922497928, 0.0519817583263, 0.0541660711169], "max": [1, 1, 1, 1, 1, 1, 1, 1, 1, 1, 1, 1, 1, 1, 1, 1, 1, 1, 1, 1, 1, 1, 1, 1, 1, 1, 1, 1, 1, 1, 1, 1, 1, 1, 1, 1], "var": [0.04006716609, 0.0531274452806, 0.106214493513, 0.114034444094, 0.0364312492311, 0.0197326373309, 0.0249130968004, 0.0408654585481, 0.09412240237, 0.0705952644348, 0.0259221941233, 0.0150227472186, 0.0186661612242, 0.0121470540762, 0.0381273776293, 0.0726659595966, 0.0494633838534, 0.130621418357, 0.130496218801, 0.0363370887935, 0.0132369212806, 0.0110029419884, 0.0189171992242, 0.0700014084578, 0.0589800477028, 0.0152363916859, 0.00667278841138, 0.00351874157786, 0.00776432221755, 0.0482372939587, 0.074571236968, 0.0248376131058, 0.0269121155143, 0.0455987565219, 0.0329230427742, 0.0355895422399], "mean": [0.07177503407, 0.102382287383, 0.189135625958, 0.20033839345, 0.0957301184535, 0.0421545058489, 0.0479089431465, 0.0855139791965, 0.15519964695, 0.139021158218, 0.061564154923, 0.034984420985, 0.0335105732083, 0.0287579596043, 0.0700880363584, 0.107486441731, 0.128879696131, 0.244958266616, 0.246397539973, 0.0939038321376, 0.0254108756781, 0.0211269576102, 0.0480755828321, 0.111851915717, 0.102956324816, 0.0378976464272, 0.015064034611, 0.0106082325801, 0.0216846372932, 0.0837776809931, 0.111857935786, 0.062362164259, 0.0544998347759, 0.0743780955672, 0.0659633800387, 0.0641991272569]}, "tuning_equal_tempered_deviation": 0.0912098884583, "chords_changes_rate": 0.0813269093633, "key_key": "D#", "tuning_diatonic_strength": 0.638503551483, "key_scale": "major", "chords_number_rate": 0.00454788655043, "tuning_frequency": 441.527557373, "tuning_nontempered_energy_ratio": 0.773522496223, "chords_histogram": [16.0781173706, 5.05618000031, 4.78865718842, 5.75173902512, 3.69181370735, 3.58480477333, 0.909577310085, 1.31086146832, 4.54788637161, 8.23970031738, 4.36062049866, 2.2471909523, 1.44462275505, 0, 1.6051363945, 0.240770459175, 0.909577310085, 0.749063670635, 0.214018195868, 1.04333865643, 0.374531835318, 3.29052972794, 11.5302305222, 18.0310325623], "key_strength": 0.813436567783, "chords_key": "C", "chords_strength": {"dmean2": 0.00850139465183, "median": 0.478670179844, "min": 0.189848929644, "dvar2": 7.43857381167e-05, "dvar": 8.0931436969e-05, "dmean": 0.0109825562686, "max": 0.814765453339, "var": 0.0106533402577, "mean": 0.480072259903}, "chords_scale": "minor", "hpcp_entropy": {"dmean2": 0.919747173786, "median": 1.6304204464, "min": 0, "dvar2": 0.663708508015, "dvar": 0.263985395432, "dmean": 0.545580029488, "max": 4.29947566986, "var": 0.688223481178, "mean": 1.65344941616}}, "metadata": {"audio_properties": {"equal_loudness": 0, "codec": "mp3", "downmix": "mix", "sample_rate": 44100, "analysis_sample_rate": 44100, "bit_rate": 192000, "md5_encoded": "5f0395d30d6fb4b7cdebc8eb6a88c5b8", "length": 173.505310059, "replay_gain": 4.59361076355, "lossless": false}, "version": {"essentia_build_sha": "70f2e5ece6736b2c40cc944ad0e695b16b925413", "essentia": "2.1-beta2", "extractor": "music 1.0", "essentia_git_sha": "v2.1_beta2"}, "tags": {"title": ["Venice"], "artist": ["Bill Evans"], "albumartist": ["Various Artists"], "date": ["1991"], "genre": ["Jazz"], "album": ["The Complete Riverside Recordings"], "tracknumber": ["14"], "musicbrainz_recordingid": ["1cec13c4-f624-4a80-aa01-91ec33909495"], "file_name": "333395.mp3"}}, "rhythm": {"bpm_histogram_first_peak_bpm": {"dmean2": 0, "median": 94, "min": 94, "dvar2": 0, "dvar": 0, "dmean": 0, "max": 94, "var": 0, "mean": 94}, "bpm": 93.8750839233, "bpm_histogram_second_peak_spread": {"dmean2": 0, "median": 0.285714268684, "min": 0.285714268684, "dvar2": 0, "dvar": 0, "dmean": 0, "max": 0.285714268684, "var": 0, "mean": 0.285714268684}, "bpm_histogram_first_peak_weight": {"dmean2": 0, "median": 0.32209739089, "min": 0.32209739089, "dvar2": 0, "dvar": 0, "dmean": 0, "max": 0.32209739089, "var": 0, "mean": 0.32209739089}, "onset_rate": 2.74315667152, "beats_position": [0.557278871536, 1.14938771725, 1.74149656296, 2.34521532059, 2.94893407822, 3.54104304314, 4.13315200806, 4.76009082794, 5.3754196167, 5.99074840546, 6.6176867485, 7.23301553726, 7.84834432602, 8.46367359161, 9.07900238037, 9.682721138, 10.2980499268, 10.9365987778, 11.5519275665, 12.1672563553, 12.7941951752, 13.4327430725, 14.0712919235, 14.6982307434, 15.3251695633, 15.9637184143, 16.5790481567, 17.2175960541, 17.8561439514, 18.4714736938, 19.0868015289, 19.7137413025, 20.3406791687, 20.9792289734, 21.6177768707, 22.2563266754, 22.8948745728, 23.5218143463, 24.1487522125, 24.7873020172, 25.4258499146, 26.0643978119, 26.7029476166, 27.3414955139, 27.9800453186, 28.6185932159, 29.2571430206, 29.9073009491, 30.5574588776, 31.2076187134, 31.8577766418, 32.5079345703, 33.1580963135, 33.8082542419, 34.4584121704, 35.1085700989, 35.7587280273, 36.3856697083, 37.0126075745, 37.6395454407, 38.2548751831, 38.8702049255, 39.4971427917, 40.1124725342, 40.7394104004, 41.3779602051, 42.0048980713, 42.6318359375, 43.2703857422, 43.9089317322, 44.5358734131, 45.1744194031, 45.8129692078, 46.4631271362, 47.1016769409, 47.7518348694, 48.3903846741, 49.0173225403, 49.655872345, 50.2944221497, 50.9329681396, 51.5715179443, 52.210067749, 52.8486175537, 53.4871635437, 54.1257133484, 54.7642631531, 55.4028091431, 56.0413589478, 56.6799087524, 57.3184585571, 57.9570045471, 58.583946228, 59.2108840942, 59.8494338989, 60.4763717651, 61.1149177551, 61.741859436, 62.380405426, 63.0189552307, 63.6691131592, 64.2960510254, 64.9346008301, 65.5615386963, 66.200088501, 66.8270263672, 67.4655761719, 68.0809020996, 68.7078475952, 69.3463897705, 69.9849395752, 70.6118774414, 71.238822937, 71.8657608032, 72.4926986694, 73.1312484741, 73.7814025879, 74.4199523926, 75.0585021973, 75.697052002, 76.3356018066, 76.9625396729, 77.5894775391, 78.2048034668, 78.8433532715, 79.4819030762, 80.1204528809, 80.7590026855, 81.4091567993, 82.0593185425, 82.7326965332, 83.3828582764, 84.0097961426, 84.6483459473, 85.2868881226, 85.9254379272, 86.5407714844, 87.1793212891, 87.7946472168, 88.421585083, 89.0601348877, 89.6986846924, 90.3256225586, 90.9641723633, 91.602722168, 92.2296600342, 92.8565979004, 93.4835357666, 94.1104736328, 94.7490234375, 95.3875732422, 96.0261230469, 96.6646728516, 97.3148269653, 97.9649887085, 98.6267547607, 99.2653045654, 99.9154663086, 100.542404175, 101.180953979, 101.831108093, 102.481269836, 103.119819641, 103.769973755, 104.40852356, 105.047073364, 105.697235107, 106.347389221, 106.974327087, 107.601264954, 108.22820282, 108.878364563, 109.528526306, 110.167076111, 110.805618286, 111.444168091, 112.082717896, 112.732879639, 113.371429443, 114.033195496, 114.683357239, 115.333511353, 115.983673096, 116.633827209, 117.283988953, 117.934150696, 118.58430481, 119.234466553, 119.884620667, 120.53478241, 121.184944153, 121.823486328, 122.48526001, 123.135414124, 123.785575867, 124.43573761, 125.085891724, 125.736053467, 126.386207581, 127.024757385, 127.66330719, 128.313461304, 128.94039917, 129.590560913, 130.229110718, 130.879272461, 131.517822266, 132.167984009, 132.806533813, 133.445083618, 134.072021484, 134.722167969, 135.38394165, 136.045715332, 136.695877075, 137.34602356, 137.996185303, 138.646347046, 139.308120728, 139.96987915, 140.620040894, 141.270202637, 141.92036438, 142.570526123, 143.232284546, 143.882446289, 144.544219971, 145.217590332, 145.890975952, 146.564346313, 147.237731934, 147.911102295, 148.584487915, 149.269470215, 149.954467773, 150.651062012, 151.34765625, 152.032653809, 152.717636108, 153.414230347, 154.110839844, 154.807434082, 155.50402832, 156.223846436, 156.955276489, 157.721542358, 158.487792969, 159.300491333, 160.113189697, 160.925888062, 161.726974487, 162.539672852, 163.352371216, 164.095413208, 164.826843262, 165.488616943, 166.150375366, 166.684448242, 167.230117798, 167.775772095, 168.391113281, 168.994827271, 169.59854126, 170.202270508, 170.805984497, 171.409698486, 172.013427734, 172.617141724], "beats_loudness": {"dmean2": 0.1476662606, "median": 0.0357697941363, "min": 1.13928945211e-06, "dvar2": 0.0157715976238, "dvar": 0.00522138085216, "dmean": 0.0768417716026, "max": 0.518290162086, "var": 0.00528307398781, "mean": 0.0617890059948}, "danceability": 1.18919062614, "bpm_histogram_second_peak_weight": {"dmean2": 0, "median": 0.0374531820416, "min": 0.0374531820416, "dvar2": 0, "dvar": 0, "dmean": 0, "max": 0.0374531820416, "var": 0, "mean": 0.0374531820416}, "beats_count": 268, "bpm_histogram_second_peak_bpm": {"dmean2": 0, "median": 99, "min": 99, "dvar2": 0, "dvar": 0, "dmean": 0, "max": 99, "var": 0, "mean": 99}, "bpm_histogram_first_peak_spread": {"dmean2": 0, "median": 0.610859692097, "min": 0.610859692097, "dvar2": 0, "dvar": 0, "dmean": 0, "max": 0.610859692097, "var": 0, "mean": 0.610859692097}, "beats_loudness_band_ratio": {"dmean2": [0.569352030754, 0.347742259502, 0.223620131612, 0.0629002824426, 0.0228974968195, 0.0607935041189], "median": [0.812424480915, 0.090401314199, 0.0261023212224, 0.00349314697087, 0.000824806513265, 0.00376518070698], "min": [0.00513718603179, 0.000492113642395, 0.000172245927388, 1.45542462633e-05, 1.15691063911e-05, 2.59076805378e-05], "dvar2": [0.245571285486, 0.124096989632, 0.0835702344775, 0.0148485014215, 0.00531305884942, 0.0132624693215], "dvar": [0.0757974535227, 0.0390429459512, 0.0298278555274, 0.0050622234121, 0.00177273247391, 0.00443452782929], "dmean": [0.308242082596, 0.1911688447, 0.123478621244, 0.033141631633, 0.0118059618399, 0.0316752530634], "max": [0.997953951359, 0.853893637657, 0.990150392056, 0.515034675598, 0.444133371115, 0.566969633102], "var": [0.0874953791499, 0.0411739237607, 0.0278055891395, 0.00309195904993, 0.000968331063632, 0.00263710459694], "mean": [0.698829650879, 0.17967094481, 0.0974299535155, 0.0216441769153, 0.007060514763, 0.0199007485062]}}, "lowlevel": {"barkbands_spread": {"dmean2": 5.21359634399, "median": 4.30616283417, "min": 0.163157969713, "dvar2": 195.547409058, "dvar": 83.0792999268, "dmean": 3.26899456978, "max": 117.789855957, "var": 178.954040527, "mean": 7.90546178818}, "melbands_spread": {"dmean2": 3.92854332924, "median": 3.12493252754, "min": 0.310324579477, "dvar2": 160.036239624, "dvar": 66.4647521973, "dmean": 2.47215199471, "max": 220.225158691, "var": 162.762023926, "mean": 6.26107358932}, "hfc": {"dmean2": 4.26700544357, "median": 2.94896221161, "min": 1.12787717648e-16, "dvar2": 168.172821045, "dvar": 111.048843384, "dmean": 3.23944044113, "max": 488.739562988, "var": 392.703735352, "mean": 8.3855638504}, "barkbands_kurtosis": {"dmean2": 23.0668907166, "median": 21.9398040771, "min": -1.90655457973, "dvar2": 1532.4041748, "dvar": 747.570129395, "dmean": 15.329413414, "max": 713.929992676, "var": 4016.25415039, "mean": 43.802898407}, "gfcc": {"mean": [-123.452293396, 102.131362915, -40.1758499146, 41.9973869324, -57.6506004333, 15.376991272, -31.0708599091, 6.64098930359, -19.1352767944, 0.0492928437889, -12.8544750214, -5.44650363922, -6.92675161362], "icov": [[0.000314313801937, -0.000755815999582, 0.000464268727228, -0.000558971078135, 0.000575308513362, -0.000701624201611, 0.000906080123968, -0.00103013496846, 0.000729475228582, -0.000638576515485, 0.000672495167237, -0.000502950977534, 0.000345516978996], [-0.000755815999582, 0.00356618594378, -0.00175705796573, 0.00287642516196, -0.00185973546468, 0.00258054444566, -0.00304963882081, 0.00382929760963, -0.00244041532278, 0.00329668750055, -0.00441544083878, 0.00400395132601, -0.00249967817217], [0.000464268727228, -0.00175705796573, 0.00232333573513, -0.0024274631869, 0.00115796481259, -0.00129689008463, 0.00124451459851, -0.00184353499208, 0.00100650137756, -0.000764668337069, 0.00191843847279, -0.00228838552721, 0.00202412297949], [-0.000558971078135, 0.00287642516196, -0.0024274631869, 0.00502359028906, -0.00315460772254, 0.00126957031898, -0.000517155218404, 0.00173466419801, -0.00106463918928, 0.00257011619397, -0.00430896738544, 0.00493674399331, -0.00315754185431], [0.000575308513362, -0.00185973546468, 0.00115796481259, -0.00315460772254, 0.00577670428902, -0.0015216745669, -0.00127883104142, 0.000647529726848, -0.00080735940719, -0.00133088009898, 0.00343593326397, -0.00521907582879, 0.00347792985849], [-0.000701624201611, 0.00258054444566, -0.00129689008463, 0.00126957031898, -0.0015216745669, 0.00730657065287, -0.00466816453263, 6.87695064698e-05, 0.00055104441708, 0.00235060811974, -0.00320015964098, 0.0044487924315, -0.00250228750519], [0.000906080123968, -0.00304963882081, 0.00124451459851, -0.000517155218404, -0.00127883104142, -0.00466816453263, 0.0128163136542, -0.00733294943348, 0.00108264270239, -0.00153635395691, 0.00156476302072, -6.17234618403e-05, 0.000227553362492], [-0.00103013496846, 0.00382929760963, -0.00184353499208, 0.00173466419801, 0.000647529726848, 6.87695064698e-05, -0.00733294943348, 0.0193753764033, -0.0105649698526, 0.00183661025949, 0.000115156304673, -0.000996181741357, 0.000178510439582], [0.000729475228582, -0.00244041532278, 0.00100650137756, -0.00106463918928, -0.00080735940719, 0.00055104441708, 0.00108264270239, -0.0105649698526, 0.0205686576664, -0.00860914122313, -0.00217347918078, 0.00600871583447, -0.00107076764107], [-0.000638576515485, 0.00329668750055, -0.000764668337069, 0.00257011619397, -0.00133088009898, 0.00235060811974, -0.00153635395691, 0.00183661025949, -0.00860914122313, 0.0220150314271, -0.0111585091799, 0.000752734194975, 0.00144420866854], [0.000672495167237, -0.00441544083878, 0.00191843847279, -0.00430896738544, 0.00343593326397, -0.00320015964098, 0.00156476302072, 0.000115156304673, -0.00217347918078, -0.0111585091799, 0.0255165826529, -0.0130053889006, 0.000575990590733], [-0.000502950977534, 0.00400395132601, -0.00228838552721, 0.00493674399331, -0.00521907582879, 0.0044487924315, -6.17234618403e-05, -0.000996181741357, 0.00600871583447, 0.000752734194975, -0.0130053889006, 0.0232514925301, -0.00844267569482], [0.000345516978996, -0.00249967817217, 0.00202412297949, -0.00315754185431, 0.00347792985849, -0.00250228750519, 0.000227553362492, 0.000178510439582, -0.00107076764107, 0.00144420866854, 0.000575990590733, -0.00844267569482, 0.0179212782532]], "cov": [[9995.01660156, 1460.45080566, -1147.50024414, -746.438537598, -990.92980957, 130.583206177, -303.787963867, 41.5209007263, -129.110412598, -22.7057342529, 26.5297107697, -131.117446899, 154.571472168], [1460.45080566, 1598.96289062, -90.6149520874, -514.639953613, -66.7018966675, -194.546569824, 90.3513641357, -130.336090088, 63.0945320129, -36.854675293, 93.6918182373, -62.0171089172, 74.872428894], [-1147.50024414, -90.6149520874, 1201.24108887, 604.715026855, 225.175765991, 102.41860199, 40.9296417236, 28.2583656311, -2.49862003326, -55.9021759033, -27.0186195374, -19.2751216888, -53.7020263672], [-746.438537598, -514.639953613, 604.715026855, 836.388183594, 270.502624512, 141.825439453, 3.85959935188, 35.9790420532, -4.85218143463, -33.010799408, -21.1553001404, -27.757642746, -21.4549674988], [-990.92980957, -66.7018966675, 225.175765991, 270.502624512, 434.127258301, 50.812335968, 104.101249695, 1.87568747997, 32.9706306458, -0.669252038002, -0.990218758583, 21.329864502, -34.3629989624], [130.583206177, -194.546569824, 102.41860199, 141.825439453, 50.812335968, 309.172546387, 106.306266785, 84.3525238037, 9.11569023132, -17.120300293, -25.2632274628, -44.7481765747, -3.45950603485], [-303.787963867, 90.3513641357, 40.9296417236, 3.85959935188, 104.101249695, 106.306266785, 203.378982544, 72.3993148804, 58.273601532, 6.26023626328, 0.895117044449, -28.7326717377, -4.73392534256], [41.5209007263, -130.336090088, 28.2583656311, 35.9790420532, 1.87568747997, 84.3525238037, 72.3993148804, 136.43069458, 61.0840415955, 24.2836475372, -6.36388015747, -15.7678174973, -12.2277355194], [-129.110412598, 63.0945320129, -2.49862003326, -4.85218143463, 32.9706306458, 9.11569023132, 58.273601532, 61.0840415955, 119.613754272, 48.0810279846, 25.402797699, -24.4549064636, -4.82212734222], [-22.7057342529, -36.854675293, -55.9021759033, -33.010799408, -0.669252038002, -17.120300293, 6.26023626328, 24.2836475372, 48.0810279846, 94.1138534546, 46.1980438232, 20.7477416992, -3.20909333229], [26.5297107697, 93.6918182373, -27.0186195374, -21.1553001404, -0.990218758583, -25.2632274628, 0.895117044449, -6.36388015747, 25.402797699, 46.1980438232, 94.4159545898, 44.1320343018, 24.1486244202], [-131.117446899, -62.0171089172, -19.2751216888, -27.757642746, 21.329864502, -44.7481765747, -28.7326717377, -15.7678174973, -24.4549064636, 20.7477416992, 44.1320343018, 107.769630432, 27.5170669556], [154.571472168, 74.872428894, -53.7020263672, -21.4549674988, -34.3629989624, -3.45950603485, -4.73392534256, -12.2277355194, -4.82212734222, -3.20909333229, 24.1486244202, 27.5170669556, 84.0732116699]]}, "spectral_energyband_middle_low": {"dmean2": 0.00568746076897, "median": 0.00466158380732, "min": 3.10781409269e-22, "dvar2": 0.00028737258981, "dvar": 0.00019836021238, "dmean": 0.0042419154197, "max": 0.775361955166, "var": 0.000716052076314, "mean": 0.0119238430634}, "melbands_crest": {"dmean2": 4.04974937439, "median": 18.7450332642, "min": 2.08581209183, "dvar2": 18.5052337646, "dvar": 7.34214925766, "dmean": 2.51407909393, "max": 39.7239723206, "var": 29.4570293427, "mean": 19.1973991394}, "spectral_kurtosis": {"dmean2": 3.37738919258, "median": 5.02643489838, "min": -1.22958981991, "dvar2": 26.0457172394, "dvar": 12.539103508, "dmean": 2.1905195713, "max": 83.3087310791, "var": 53.6658287048, "mean": 7.17228603363}, "spectral_rms": {"dmean2": 0.00099406845402, "median": 0.00364461238496, "min": 3.20134673978e-12, "dvar2": 2.38852840084e-06, "dvar": 1.54041231326e-06, "dmean": 0.0007556687342, "max": 0.0275707114488, "var": 1.00809320429e-05, "mean": 0.00444495724514}, "zerocrossingrate": {"dmean2": 0.0088874110952, "median": 0.0185546875, "min": 0, "dvar2": 0.000298524217214, "dvar": 0.000192243460333, "dmean": 0.00693760579452, "max": 0.49755859375, "var": 0.000750372884795, "mean": 0.0258074998856}, "silence_rate_60dB": {"dmean2": 0.0728051364422, "median": 0, "min": 0, "dvar2": 0.0784812122583, "dvar": 0.0350741706789, "dmean": 0.0363976992667, "max": 1, "var": 0.147306546569, "mean": 0.179555788636}, "erbbands_kurtosis": {"dmean2": 5.41287612915, "median": 5.22592878342, "min": -1.89012980461, "dvar2": 88.1670532227, "dvar": 45.2978401184, "dmean": 3.72194290161, "max": 193.2237854, "var": 193.72227478, "mean": 9.62434864044}, "erbbands": {"dmean2": [0.136733755469, 1.73920869827, 4.62873983383, 3.2256052494, 4.35742425919, 11.6568994522, 10.1735429764, 8.20021152496, 7.81643009186, 12.4929218292, 24.1855754852, 18.353761673, 10.1487026215, 9.16822910309, 4.59623861313, 2.50406122208, 3.17482566833, 3.66102480888, 1.9434864521, 1.87026143074, 1.91962599754, 1.55863010883, 1.79202353954, 1.045758605, 0.718597173691, 1.2510279417, 1.75211811066, 1.22362685204, 0.983155190945, 0.788310885429, 0.895471930504, 0.987695157528, 1.19372057915, 0.535068809986, 0.185255423188, 0.0688894316554, 0.0257794875652, 0.00490026688203, 0.000458597845864, 2.3579415938e-05], "median": [0.0416595041752, 0.629109978676, 1.26193642616, 1.6477946043, 2.23645734787, 3.24250245094, 2.09164977074, 0.944902420044, 1.05531299114, 1.17346787453, 1.17448401451, 0.663458347321, 0.467442899942, 0.383993506432, 0.222219213843, 0.167244821787, 0.149992570281, 0.132097005844, 0.0892124548554, 0.111851423979, 0.101322643459, 0.0571301355958, 0.114584699273, 0.0760670229793, 0.0901465862989, 0.138365328312, 0.144972831011, 0.107723876834, 0.114900410175, 0.0823917388916, 0.0846929624677, 0.106251202524, 0.0906248688698, 0.0452934727073, 0.0141522409394, 0.00342797324993, 0.000992871355265, 0.000270067685051, 5.33165875822e-05, 1.81858740689e-05], "min": [1.00431005182e-21, 1.36205425666e-21, 1.84851796321e-20, 6.35748917576e-20, 7.32389656387e-20, 9.10047566319e-20, 2.21349964703e-19, 9.93462397993e-20, 1.94891248642e-19, 4.73848035757e-19, 1.22953915028e-18, 2.17388255537e-18, 3.004379335e-18, 3.1289591459e-18, 2.6598445478e-18, 2.2798247463e-18, 2.65816475077e-18, 6.09220216866e-18, 5.53793408278e-18, 3.45291512703e-18, 4.62999210471e-18, 6.63483926794e-18, 9.18821884666e-18, 1.21584565087e-17, 7.83976803723e-18, 1.12241609699e-17, 1.82542746974e-17, 1.73891298034e-17, 1.55476503976e-17, 1.63807188818e-17, 1.37037299818e-17, 1.34640593624e-17, 1.25121457037e-17, 1.21639729762e-17, 7.90380505153e-18, 5.86171780354e-18, 3.5670728758e-18, 1.2121176926e-18, 2.65547543151e-19, 2.74612008023e-20], "dvar2": [0.126646533608, 23.7852249146, 295.75479126, 86.8323516846, 177.820175171, 1433.08605957, 976.504211426, 3729.69482422, 1130.49291992, 4426.84765625, 43014.6484375, 26186.5996094, 8638.8828125, 5837.76904297, 1437.3626709, 240.083496094, 795.648803711, 1354.25512695, 279.906921387, 185.227813721, 230.344238281, 196.996429443, 136.900802612, 56.0821609497, 13.5782194138, 52.4134902954, 192.983352661, 47.3851661682, 19.184217453, 11.3879270554, 16.1968688965, 18.9226837158, 41.2212486267, 7.22404527664, 0.624444663525, 0.0924049466848, 0.014146540314, 0.000561341410503, 4.08189225709e-06, 3.55615936698e-09], "dvar": [0.0684021413326, 12.8354473114, 172.176651001, 43.2367401123, 75.0706863403, 631.871520996, 440.949371338, 2047.21411133, 635.637634277, 2675.94775391, 35278.2421875, 20600.8261719, 8808.03808594, 3016.05297852, 951.083862305, 114.37223053, 387.08972168, 759.803833008, 143.30355835, 140.200408936, 160.900436401, 89.0614929199, 67.6376266479, 33.1977272034, 6.68755531311, 26.3952922821, 107.110473633, 23.9485549927, 7.23381567001, 4.35431909561, 5.99700450897, 7.01834011078, 14.5649137497, 2.65048217773, 0.249689355493, 0.0365839451551, 0.00554787600413, 0.000217725537368, 1.55737711793e-06, 1.62589430808e-09], "dmean": [0.0947811603546, 1.25061893463, 3.36024332047, 2.15436244011, 2.77684211731, 7.92549371719, 7.08988666534, 6.08307409286, 5.77420902252, 9.62351036072, 19.7017250061, 15.2214403152, 10.1399364471, 7.13399124146, 3.63335061073, 1.83452951908, 2.40607237816, 2.79481935501, 1.48591518402, 1.51965808868, 1.45967948437, 1.0662907362, 1.2619831562, 0.785264134407, 0.491583734751, 0.833948254585, 1.20661401749, 0.773600041866, 0.580810904503, 0.465814054012, 0.521147608757, 0.591192007065, 0.683356106281, 0.319165676832, 0.113927341998, 0.0422916598618, 0.0152962505817, 0.00291028339416, 0.000267739553237, 1.62567648658e-05], "max": [7.19136381149, 74.0923461914, 425.259307861, 179.14541626, 347.38494873, 851.741271973, 803.209716797, 3172.98168945, 1149.01269531, 3219.21337891, 12192.7587891, 8974.54980469, 5674.75830078, 2437.37304688, 1803.54797363, 590.6796875, 900.200561523, 1370.78039551, 490.688140869, 927.407531738, 1075.57202148, 414.150360107, 287.781219482, 267.485198975, 146.254150391, 221.315093994, 630.480712891, 290.464752197, 50.8996696472, 43.8735923767, 43.9821662903, 60.3011436462, 83.7129211426, 36.1468544006, 14.8801679611, 4.1223154068, 1.65808522701, 0.289906173944, 0.0190831553191, 0.00108736171387], "var": [0.23825712502, 39.5010948181, 420.874908447, 103.60055542, 194.747558594, 3099.14575195, 1772.76013184, 5264.31103516, 3535.09741211, 9541.55273438, 98667.2109375, 63812.8398438, 41819.9570312, 6607.98730469, 2843.78808594, 212.975860596, 662.100402832, 1701.4777832, 284.76361084, 455.278137207, 522.342102051, 136.304626465, 128.298156738, 75.3757019043, 18.7892723083, 46.9472923279, 165.935058594, 34.6808929443, 6.81406641006, 3.9657766819, 5.19863891602, 6.6439166069, 10.2557811737, 2.18489480019, 0.261948883533, 0.0332025624812, 0.00460052350536, 0.000171908861375, 1.14265219509e-06, 3.8593697127e-09], "mean": [0.230813935399, 2.99950480461, 6.86145401001, 4.90945053101, 6.3401093483, 20.4499130249, 18.1233043671, 14.3891582489, 14.9334526062, 21.2552070618, 36.4982032776, 29.6033115387, 21.6818695068, 12.4129934311, 7.36138629913, 3.28773212433, 3.75364589691, 4.56185388565, 2.38918590546, 2.52205920219, 2.40620946884, 1.51831924915, 1.84563016891, 1.22302746773, 0.762285768986, 1.24475002289, 1.49801826477, 1.00658452511, 0.749058663845, 0.57332867384, 0.638108313084, 0.812889635563, 0.761943399906, 0.379866689444, 0.142274454236, 0.0451603345573, 0.0142689915374, 0.00264508905821, 0.000250679906458, 3.99465861847e-05]}, "spectral_strongpeak": {"dmean2": 0.361149221659, "median": 0.393621057272, "min": 0, "dvar2": 0.599819481373, "dvar": 0.317984074354, "dmean": 0.242020562291, "max": 15.6704893112, "var": 1.21825253963, "mean": 0.714918553829}, "spectral_energy": {"dmean2": 0.0136479102075, "median": 0.0136152785271, "min": 1.05048359269e-20, "dvar2": 0.000952499336563, "dvar": 0.000604007800575, "dmean": 0.0103937145323, "max": 0.779147744179, "var": 0.00231178663671, "mean": 0.0305845886469}, "average_loudness": 0.497876405716, "spectral_rolloff": {"dmean2": 363.900909424, "median": 236.865234375, "min": 21.533203125, "dvar2": 2426884, "dvar": 935091.75, "dmean": 199.858276367, "max": 18626.2207031, "var": 1318806.5, "mean": 464.755157471}, "spectral_centroid": {"dmean2": 178.545211792, "median": 357.843200684, "min": 95.1337203979, "dvar2": 198343.875, "dvar": 97879.5234375, "dmean": 116.016433716, "max": 10885.4462891, "var": 312362.4375, "mean": 513.62286377}, "pitch_salience": {"dmean2": 0.0976407676935, "median": 0.456307470798, "min": 0.0186156760901, "dvar2": 0.0103902285919, "dvar": 0.00411608302966, "dmean": 0.0603843852878, "max": 0.84796589613, "var": 0.0157051216811, "mean": 0.45999661088}, "spectral_energyband_middle_high": {"dmean2": 0.000646763830446, "median": 5.62604727747e-05, "min": 1.36842320407e-21, "dvar2": 1.54445388034e-05, "dvar": 1.07920432129e-05, "dmean": 0.000558827887289, "max": 0.134933620691, "var": 3.77858959837e-05, "mean": 0.00113634055015}, "spectral_contrast_coeffs": {"dmean2": [0.0637013465166, 0.06404402107, 0.0517467148602, 0.0393738038838, 0.0279038026929, 0.0188715010881], "median": [-0.642427682877, -0.713023781776, -0.789083003998, -0.83103966713, -0.831027448177, -0.822455406189], "min": [-0.96909481287, -0.979607403278, -0.975743532181, -0.965480268002, -0.96034526825, -0.96244841814], "dvar2": [0.00300715258345, 0.00324249709956, 0.002088237321, 0.00117776251864, 0.00066371873254, 0.000353183713742], "dvar": [0.00120990641881, 0.00157410930842, 0.00108561082743, 0.000609717331827, 0.00032431652653, 0.000159213799634], "dmean": [0.039430629462, 0.0417258292437, 0.0343987159431, 0.0256009567529, 0.0176249742508, 0.0117745958269], "max": [-0.234618663788, -0.247080788016, -0.273697525263, -0.43780824542, -0.540519177914, -0.556605637074], "var": [0.0103484624997, 0.0156342834234, 0.00944502931088, 0.00447087362409, 0.00202434067614, 0.000974180700723], "mean": [-0.630902469158, -0.692579329014, -0.772881925106, -0.815643250942, -0.824033558369, -0.81776714325]}, "melbands_skewness": {"dmean2": 1.77496767044, "median": 3.80647993088, "min": -4.10498666763, "dvar2": 5.56084060669, "dvar": 2.56867408752, "dmean": 1.16594743729, "max": 25.6346168518, "var": 15.935418129, "mean": 4.95027971268}, "spectral_spread": {"dmean2": 1029854.4375, "median": 5684791, "min": 1150647.875, "dvar2": 2183048069120.0, "dvar": 1259630362620.0, "dmean": 688101.875, "max": 41624956, "var": 5238484369410.0, "mean": 5894117.5}, "dissonance": {"dmean2": 0.0450325869024, "median": 0.419561684132, "min": 0.122969090939, "dvar2": 0.00216471240856, "dvar": 0.000866206712089, "dmean": 0.0280085075647, "max": 0.499999940395, "var": 0.00344232772477, "mean": 0.409847229719}, "spectral_skewness": {"dmean2": 0.426188498735, "median": 2.07937479019, "min": 0.0223584380001, "dvar2": 0.262331664562, "dvar": 0.142180919647, "dmean": 0.286456167698, "max": 7.95034742355, "var": 0.890698492527, "mean": 2.19555473328}, "spectral_flux": {"dmean2": 0.0358066223562, "median": 0.0296181738377, "min": 1.02914433919e-10, "dvar2": 0.00398961780593, "dvar": 0.001555354218, "dmean": 0.0220134332776, "max": 0.608310937881, "var": 0.00267127202824, "mean": 0.0472677871585}, "spectral_contrast_valleys": {"dmean2": [0.551630914211, 0.589604854584, 0.557359993458, 0.467065244913, 0.339674443007, 0.355287760496], "median": [-7.43176841736, -8.16480445862, -9.33080291748, -9.85288619995, -9.62848854065, -11.1842651367], "min": [-27.2856712341, -27.7548084259, -26.9341392517, -27.1299972534, -27.2098865509, -27.3377723694], "dvar2": [0.281521975994, 0.305392414331, 0.281231343746, 0.222132816911, 0.163802966475, 0.383161664009], "dvar": [0.152243226767, 0.172806710005, 0.153454735875, 0.123780310154, 0.112991929054, 0.217104002833], "dmean": [0.345930874348, 0.378360509872, 0.356355369091, 0.300303280354, 0.228455141187, 0.243223384023], "max": [-4.81372499466, -4.78531455994, -5.82028770447, -5.88132572174, -5.86295509338, -7.6153459549], "var": [1.4868427515, 1.6299790144, 1.19020974636, 0.891413986683, 0.710228323936, 0.911610007286], "mean": [-7.55588579178, -8.13231563568, -9.26942920685, -9.7734413147, -9.53015899658, -11.0822534561]}, "erbbands_flatness_db": {"dmean2": 0.0260351002216, "median": 0.175457447767, "min": 0.0351730212569, "dvar2": 0.000922233099118, "dvar": 0.000536405364983, "dmean": 0.0186516977847, "max": 0.475146502256, "var": 0.00411257427186, "mean": 0.179434001446}, "spectral_energyband_high": {"dmean2": 0.000205926058698, "median": 2.3156782845e-05, "min": 7.60813100886e-21, "dvar2": 8.09330288121e-07, "dvar": 3.39820331874e-07, "dmean": 0.000128723375383, "max": 0.0213660933077, "var": 3.96577320316e-07, "mean": 0.000171043022419}, "spectral_entropy": {"dmean2": 0.351739108562, "median": 6.54261779785, "min": 3.95214438438, "dvar2": 0.183735817671, "dvar": 0.101022824645, "dmean": 0.247483670712, "max": 9.8106470108, "var": 0.637856960297, "mean": 6.60150432587}, "silence_rate_20dB": {"dmean2": 0.0042826551944, "median": 1, "min": 0, "dvar2": 0.00479982234538, "dvar": 0.00213652104139, "dmean": 0.00214104098268, "max": 1, "var": 0.00280174473301, "mean": 0.997190237045}, "melbands_flatness_db": {"dmean2": 0.0418001115322, "median": 0.369322001934, "min": 0.00572774698958, "dvar2": 0.00231922511011, "dvar": 0.00123508600518, "dmean": 0.0289006344974, "max": 0.688729465008, "var": 0.00902337022126, "mean": 0.369432002306}, "barkbands": {"dmean2": [0.000411931920098, 0.00666044885293, 0.00393739296123, 0.000907565001398, 0.00251979730092, 0.00118747830857, 0.000582947162911, 0.000791993516032, 0.00104420597199, 0.000354337244062, 0.000161083546118, 6.9689231168e-05, 7.46044897824e-05, 6.84557599016e-05, 3.06917609123e-05, 4.2475949158e-05, 2.78310490103e-05, 2.9676781196e-05, 1.57564063556e-05, 2.97402202705e-05, 3.7539160985e-05, 2.72960551229e-05, 2.89524996333e-05, 6.01058854954e-05, 3.58875367965e-05, 1.4280662981e-05, 2.4608041258e-06], "median": [0.000426658807555, 0.00244829035364, 0.000884809298441, 0.000345201056916, 0.000919800135307, 9.1815199994e-05, 5.14535349794e-05, 3.59762343578e-05, 1.84297277883e-05, 9.77397303359e-06, 5.55695987714e-06, 2.77434492091e-06, 2.77929166259e-06, 1.90057744476e-06, 1.6013474351e-06, 1.89462457456e-06, 8.740196904e-07, 1.96214432435e-06, 1.5192212004e-06, 2.82620726466e-06, 2.73807222584e-06, 3.03866681861e-06, 2.81706070382e-06, 5.55574342798e-06, 3.12160864269e-06, 5.72130829823e-07, 2.20803300977e-07], "min": [9.26334590769e-24, 1.36782390959e-23, 9.42511524694e-24, 4.04551664242e-23, 3.51820477914e-23, 2.0420734227e-23, 1.73293240235e-23, 4.74511383414e-23, 7.96289324376e-23, 1.25400030554e-22, 5.25947260136e-23, 6.81046464889e-23, 4.76695581488e-23, 1.50442792332e-22, 7.22222606004e-23, 7.56150062034e-23, 1.1984629832e-22, 1.71656057245e-22, 2.38008347052e-22, 2.41431018882e-22, 4.53703870685e-22, 4.33157186926e-22, 4.48415549125e-22, 7.52679427461e-22, 1.3003065164e-21, 1.89462791054e-21, 2.08496830872e-21], "dvar2": [1.85172368106e-07, 0.00033993620309, 0.000245729868766, 7.67502115195e-06, 5.62581517443e-05, 3.2510561141e-05, 5.08315270054e-06, 2.05039341381e-05, 0.000108189218736, 1.06425723061e-05, 1.40169083807e-06, 5.46361036413e-07, 5.09887627231e-07, 5.2704507425e-07, 5.58974733167e-08, 1.4852814445e-07, 6.67368666996e-08, 3.46006281404e-08, 1.20288072836e-08, 3.53261775388e-08, 7.42784749264e-08, 1.41100340301e-08, 1.57950257318e-08, 8.6856921655e-08, 2.79654521762e-08, 4.2378691667e-09, 1.2947917738e-10], "dvar": [6.29829415288e-08, 0.000183836440556, 0.00014222151367, 2.76824061984e-06, 2.4035693059e-05, 1.70909133885e-05, 3.17354761137e-06, 1.32164459501e-05, 8.96295532584e-05, 9.25468066271e-06, 7.70037843267e-07, 2.54406046452e-07, 2.49388079965e-07, 3.04482426827e-07, 3.02399492114e-08, 1.31316014063e-07, 3.19375850211e-08, 1.76393939455e-08, 7.14605485896e-09, 1.66768607812e-08, 4.32668549877e-08, 5.29366683821e-09, 5.90235016418e-09, 3.12754231402e-08, 1.06329061111e-08, 1.66038216509e-09, 4.96105795333e-11], "dmean": [0.000236809675698, 0.00478075118735, 0.00282574957237, 0.00054910738254, 0.00168817408849, 0.000868961098604, 0.000452538544778, 0.000610295915976, 0.00088179949671, 0.000331226387061, 0.000126611863379, 5.07489603478e-05, 5.502842032e-05, 5.31708683411e-05, 2.26964912144e-05, 3.4209650039e-05, 1.8983566406e-05, 2.07802113437e-05, 1.18113921417e-05, 1.91091348825e-05, 2.53148173215e-05, 1.6068257537e-05, 1.68816986843e-05, 3.51305570803e-05, 2.18388413487e-05, 8.60780437506e-06, 1.44279329106e-06], "max": [0.0044374819845, 0.283702939749, 0.39108762145, 0.0450645126402, 0.156943485141, 0.270461022854, 0.0572220161557, 0.175835162401, 0.615968823433, 0.151372954249, 0.0356419757009, 0.0347070768476, 0.0201430190355, 0.0274398326874, 0.00776482373476, 0.035492837429, 0.00694577675313, 0.0041487980634, 0.00403764331713, 0.00470591057092, 0.014577078633, 0.00153618585318, 0.00126697123051, 0.00353810377419, 0.0023471924942, 0.000855246791616, 0.000152820750372], "var": [8.83472992541e-08, 0.000582456297707, 0.000336798664648, 5.1982228797e-06, 0.000107075822598, 5.27536067239e-05, 1.5930059817e-05, 3.77482865588e-05, 0.000261410721578, 3.54710755346e-05, 2.20042466026e-06, 3.20987794566e-07, 3.94554518834e-07, 6.66843959607e-07, 6.47626734462e-08, 4.80910443912e-07, 5.14353111214e-08, 3.594428577e-08, 1.67729012901e-08, 2.59552042081e-08, 6.88673864602e-08, 4.83753748171e-09, 5.37386402044e-09, 2.48622828991e-08, 9.88789228273e-09, 1.40358835665e-09, 3.69743402562e-11], "mean": [0.000478867761558, 0.0116722406819, 0.00540404999629, 0.00122320035007, 0.00430313590914, 0.00215629441664, 0.00111542339437, 0.00115788192488, 0.00161033670884, 0.000625285727438, 0.000246338866418, 8.12281214166e-05, 8.07897522463e-05, 8.38425767142e-05, 3.44067884726e-05, 5.54900907446e-05, 2.64552600129e-05, 3.07200571115e-05, 1.82644052984e-05, 2.76203663816e-05, 3.08118469547e-05, 2.02398787224e-05, 2.10363741644e-05, 4.38167371613e-05, 2.71199587587e-05, 8.39940912556e-06, 1.29558600293e-06]}, "erbbands_skewness": {"dmean2": 0.762573897839, "median": 1.93942475319, "min": -3.01059913635, "dvar2": 0.820286750793, "dvar": 0.397102683783, "dmean": 0.52553075552, "max": 10.2766923904, "var": 2.45060515404, "mean": 2.10000610352}, "erbbands_spread": {"dmean2": 15.1841316223, "median": 25.2281856537, "min": 0.59855556488, "dvar2": 625.788269043, "dvar": 286.431365967, "dmean": 9.94282722473, "max": 185.479598999, "var": 1278.23034668, "mean": 38.8223075867}, "melbands_kurtosis": {"dmean2": 46.2902946472, "median": 40.7883911133, "min": -1.77420628071, "dvar2": 6756.74511719, "dvar": 2942.65332031, "dmean": 29.7900161743, "max": 957.914733887, "var": 13089.0253906, "mean": 86.8979568481}, "melbands": {"dmean2": [0.00158266862854, 0.00236400705762, 0.000560247222893, 0.000596189522184, 0.000372514594346, 0.000193828047486, 0.000121263794426, 0.000140658405144, 0.000235291852732, 0.000105288629129, 5.07779659529e-05, 3.82640064345e-05, 1.61111183843e-05, 9.0377543529e-06, 6.72247733746e-06, 7.41292478779e-06, 7.37531536288e-06, 3.55263637175e-06, 2.28196427088e-06, 3.60115427611e-06, 1.80243023351e-06, 1.62552373695e-06, 1.7240751049e-06, 1.46646937083e-06, 8.58113310187e-07, 5.09153153416e-07, 7.48698084863e-07, 8.93173933036e-07, 1.1266963611e-06, 1.1576447605e-06, 5.86932003444e-07, 5.75648130052e-07, 5.46766614207e-07, 4.09924325595e-07, 4.8591266