{"tonal": {"thpcp": [1, 0.729322910309, 0.497991293669, 0.474500477314, 0.300342082977, 0.211620777845, 0.229474678636, 0.17674779892, 0.26700308919, 0.379929065704, 0.31361836195, 0.338874220848, 0.342570781708, 0.282369047403, 0.483345806599, 0.714746892452, 0.669056475163, 0.527763903141, 0.411855638027, 0.327859997749, 0.469137817621, 0.647390902042, 0.47939106822, 0.386323213577, 0.481701999903, 0.337428480387, 0.198126375675, 0.223734736443, 0.20993591845, 0.307904988527, 0.472044318914, 0.354227632284, 0.231140345335, 0.31621542573, 0.391430288553, 0.711207211018], "hpcp": {"dmean2": [0.154703721404, 0.121943585575, 0.0999927967787, 0.100187472999, 0.101381652057, 0.100800178945, 0.108155742288, 0.113260641694, 0.10944224149, 0.134911194444, 0.167845696211, 0.220222011209, 0.240123808384, 0.23893609643, 0.180743247271, 0.140520885587, 0.114613093436, 0.0901194140315, 0.0867260843515, 0.0780638083816, 0.0923521220684, 0.100946165621, 0.107005290687, 0.132089436054, 0.128339216113, 0.139873400331, 0.197555378079, 0.217666968703, 0.211298719049, 0.215085834265, 0.185870185494, 0.166714727879, 0.17022280395, 0.190687417984, 0.182987943292, 0.1622287184], "median": [0.0225549414754, 0.0193939451128, 0.0143338870257, 0.0103843193501, 0.00953123904765, 0.0136684775352, 0.0126368477941, 0.0121815819293, 0.010960043408, 0.0119996536523, 0.0210850387812, 0.0677597671747, 0.0855995938182, 0.0733287036419, 0.0313592739403, 0.0183603577316, 0.014949625358, 0.0112927816808, 0.0106162820011, 0.0122509039938, 0.0149540985003, 0.0157111398876, 0.0204572118819, 0.0182682834566, 0.0163375549018, 0.0167433656752, 0.0301050301641, 0.0437994003296, 0.0389427095652, 0.0220898799598, 0.0124840326607, 0.0133916949853, 0.0386414453387, 0.0540060400963, 0.0428789891303, 0.0317421555519], "min": [0, 5.38361246072e-06, 0, 0, 0, 6.33150239082e-06, 6.45763657303e-06, 9.87265229924e-06, 0, 0, 0, 0, 0, 0, 0, 0, 0, 0, 0, 0, 0, 0, 0, 0, 0, 0, 0, 6.03207408858e-05, 0, 1.80918175374e-06, 0, 0, 0, 0, 0, 0], "dvar2": [0.0742247775197, 0.0514574460685, 0.0428993813694, 0.0485914684832, 0.053379137069, 0.0450328178704, 0.0499528720975, 0.0565640926361, 0.0528088249266, 0.0705382078886, 0.0789570957422, 0.0944718644023, 0.11366622895, 0.10243781656, 0.0751751512289, 0.0585987307131, 0.0467337295413, 0.0357772484422, 0.0391726903617, 0.0290586091578, 0.0388983376324, 0.0421301610768, 0.0391807481647, 0.0606367178261, 0.0582743920386, 0.0694805458188, 0.108761832118, 0.113284148276, 0.109168224037, 0.124492973089, 0.105135187507, 0.0971544831991, 0.0750011876225, 0.0879449769855, 0.0827735811472, 0.0722683817148], "dvar": [0.0283810533583, 0.0192804541439, 0.0153093263507, 0.0182204283774, 0.0197481829673, 0.0167601369321, 0.0203783661127, 0.021326975897, 0.0191557537764, 0.0259268246591, 0.0303090494126, 0.035079151392, 0.0455504357815, 0.0392966493964, 0.028124621138, 0.023921366781, 0.0175074227154, 0.013317104429, 0.0154369100928, 0.0108457282186, 0.0138795441017, 0.0172232426703, 0.0151126096025, 0.0219548679888, 0.0211975555867, 0.0245346277952, 0.0377711802721, 0.0415156558156, 0.0398132763803, 0.0460938327014, 0.0387249924242, 0.0349490828812, 0.0278711952269, 0.0336235836148, 0.0304888915271, 0.0263486355543], "dmean": [0.089324966073, 0.07088804245, 0.0567489080131, 0.0570369623601, 0.0575308948755, 0.0585125349462, 0.0639329403639, 0.0644013956189, 0.0628783404827, 0.0772453099489, 0.0959395542741, 0.128727719188, 0.138438120484, 0.142747536302, 0.10472432524, 0.081849694252, 0.0658542662859, 0.0517189390957, 0.0501690357924, 0.0451916456223, 0.0539309158921, 0.0600430741906, 0.062980659306, 0.0759340301156, 0.0731430575252, 0.0798377394676, 0.113076269627, 0.125811040401, 0.123528450727, 0.122217327356, 0.105333819985, 0.0934509634972, 0.0982342213392, 0.110458940268, 0.105440177023, 0.0922321081161], "max": [1, 1, 1, 1, 1, 1, 1, 1, 1, 1, 1, 1, 1, 1, 1, 1, 1, 1, 1, 1, 1, 1, 1, 1, 1, 1, 1, 1, 1, 1, 1, 1, 1, 1, 1, 1], "var": [0.0685236304998, 0.0370835326612, 0.0162813719362, 0.0271386038512, 0.0252668708563, 0.0296492371708, 0.0806606188416, 0.0456961654127, 0.022713618353, 0.0438655987382, 0.0499131903052, 0.0779946744442, 0.137681216002, 0.0776048675179, 0.0569266788661, 0.0702723488212, 0.0330682322383, 0.0202438179404, 0.0279783364385, 0.0143071617931, 0.0277951713651, 0.0588215366006, 0.0319058224559, 0.039448659867, 0.0424762964249, 0.0260400436819, 0.0557385124266, 0.0968227908015, 0.0888030380011, 0.0735632777214, 0.0595503300428, 0.043580327183, 0.0480124019086, 0.0829300805926, 0.0475855320692, 0.0358954705298], "mean": [0.141427621245, 0.0990689396858, 0.0581698678434, 0.0656884759665, 0.0616371445358, 0.0904008448124, 0.138592123985, 0.104001164436, 0.0678627640009, 0.0928407907486, 0.114923857152, 0.208810299635, 0.293599814177, 0.214129075408, 0.146210148931, 0.13931325078, 0.0881803780794, 0.0621318221092, 0.0673737227917, 0.0518931187689, 0.0783920586109, 0.111547105014, 0.0920782908797, 0.099493406713, 0.100578717887, 0.0829034969211, 0.141910240054, 0.20984955132, 0.196434855461, 0.154951378703, 0.120920740068, 0.0962596386671, 0.137738779187, 0.190073847771, 0.140749126673, 0.113424427807]}, "tuning_equal_tempered_deviation": 0.019417155534, "chords_changes_rate": 0.0515356585383, "key_key": "F#", "tuning_diatonic_strength": 0.637843489647, "key_scale": "minor", "chords_number_rate": 0.00468505965546, "tuning_frequency": 443.060424805, "tuning_nontempered_energy_ratio": 0.743371725082, "chords_histogram": [19.0265483856, 6.84539318085, 8.22488307953, 5.02342510223, 0.806871414185, 1.71785533428, 1.32743358612, 3.35762619972, 1.37948989868, 12.7277460098, 0.910983860493, 2.47267055511, 1.19729304314, 0.624674677849, 1.66579902172, 2.23841738701, 1.56168663502, 1.14523684978, 0.910983860493, 0.3383654356, 0.910983860493, 5.96043729782, 13.7948980331, 5.83029651642], "key_strength": 0.844922602177, "chords_key": "F#", "chords_strength": {"dmean2": 0.00781772006303, "median": 0.535657703876, "min": 0.224836304784, "dvar2": 5.64213005418e-05, "dvar": 6.46453045192e-05, "dmean": 0.00885461363941, "max": 0.841785848141, "var": 0.0140023659915, "mean": 0.546154081821}, "chords_scale": "minor", "hpcp_entropy": {"dmean2": 1.0621625185, "median": 1.76071357727, "min": 0.0352085456252, "dvar2": 0.771040797234, "dvar": 0.277409285307, "dmean": 0.621558248997, "max": 4.25782489777, "var": 0.579468905926, "mean": 1.76185131073}}, "metadata": {"audio_properties": {"equal_loudness": 0, "codec": "flac", "downmix": "mix", "sample_rate": 44100, "analysis_sample_rate": 44100, "bit_rate": 0, "md5_encoded": "061e3469e003cf4ec31175f0e853afdc", "length": 178.36328125, "replay_gain": -4.55574226379, "lossless": true}, "version": {"essentia_build_sha": "2d9f1f26377add8aeb1075a9c2973f962c4f09fd", "essentia": "2.1-beta2", "extractor": "music 1.0", "essentia_git_sha": "v2.1_beta2-1-ge3940c0"}, "tags": {"title": ["Peer Gynt Suite no. 2, op. 56: III. Peer Gynt's Homecoming - Stormy Evening on the Sea"], "barcode": ["888750261427"], "media": ["Digital Media"], "albumartist": ["Sibelius; Bernstein"], "tracktotal": ["11"], "albumartistsort": ["Sibelius, Jean; Bernstein, Leonard"], "performer": ["New York Philharmonic (orchestra)"], "releasetype": ["album", "compilation"], "musicbrainz_recordingid": ["1cf48b4a-3e14-4c7a-97f7-a7aeafcb047d"], "composer": ["Edvard Grieg"], "musicbrainz_releasegroupid": ["b327c3cc-58b5-4f3d-89b8-c5de09afe03d"], "musicbrainz_albumartistid": ["691b0e9d-9e57-41cf-932d-a3d21b068e75", "fa39bc82-9b27-4bbb-9425-d719a72e09ac"], "originalyear": ["2015"], "musicbrainz_releasetrackid": ["22645eb4-fdd7-4c41-ba20-7a96f8c3b155"], "discnumber": ["7"], "composersort": ["Grieg, Edvard"], "releasecountry": ["XW"], "file_name": "CD7 07 Peer Gynt Suite no. 2, op. 56_ III. Peer Gynt's Homecoming - Stormy Evening on the Sea.flac", "originaldate": ["2015"], "work": ["Peer Gynt Suite no. 2, op. 55: III. Peer Gynts hjemfart (Stormfull aften p\u00e5 havet)"], "date": ["2015"], "genre": ["Classical"], "musicbrainz_albumid": ["c72e7557-e0c6-4d64-a8f4-6adc9386a1cd"], "disctotal": ["7"], "tracknumber": ["7"], "releasestatus": ["official"], "musicbrainz_artistid": ["691b0e9d-9e57-41cf-932d-a3d21b068e75"], "asin": ["B00UOFIUDK"], "musicbrainz_workid": ["4154671c-f004-32af-be62-52c6b2b9f18f"], "artist": ["Jean Sibelius"], "totaltracks": ["11"], "artistsort": ["Sibelius, Jean"], "album": ["Remastered Edition: The Symphonies"], "label": ["Sony Classical"], "isrc": ["USSM11407593"], "totaldiscs": ["7"], "script": ["Latn"], "conductor": ["Leonard Bernstein"]}}, "rhythm": {"bpm_histogram_first_peak_bpm": {"dmean2": 0, "median": 136, "min": 136, "dvar2": 0, "dvar": 0, "dmean": 0, "max": 136, "var": 0, "mean": 136}, "bpm": 136.629684448, "bpm_histogram_second_peak_spread": {"dmean2": 0, "median": 0.19298247993, "min": 0.19298247993, "dvar2": 0, "dvar": 0, "dmean": 0, "max": 0.19298247993, "var": 0, "mean": 0.19298247993}, "bpm_histogram_first_peak_weight": {"dmean2": 0, "median": 0.273657292128, "min": 0.273657292128, "dvar2": 0, "dvar": 0, "dmean": 0, "max": 0.273657292128, "var": 0, "mean": 0.273657292128}, "onset_rate": 1.70987427235, "beats_position": [0.441179126501, 0.893968224525, 1.35836732388, 1.82276642323, 2.28716540337, 2.75156450272, 3.21596360207, 3.68036270142, 4.14476203918, 4.62077093124, 5.0967798233, 5.5727891922, 6.04879808426, 6.51319694519, 6.97759628296, 7.44199514389, 7.90639448166, 8.37079334259, 8.82358264923, 9.27637195587, 9.72916126251, 10.1935596466, 10.6347389221, 11.0759181976, 11.5170974731, 11.9814968109, 12.4342851639, 12.8870744705, 13.3398637772, 13.7926530838, 14.2338323593, 14.6750106812, 15.1394100189, 15.6038093567, 16.0682086945, 16.5326080322, 16.99700737, 17.4614048004, 17.9258041382, 18.390203476, 18.8429927826, 19.3073921204, 19.760181427, 20.2245807648, 20.6889801025, 21.1417675018, 21.6061668396, 22.0589561462, 22.523355484, 22.9877548218, 23.4521541595, 23.9165534973, 24.3809528351, 24.8453502655, 25.286529541, 25.7277088165, 26.168888092, 26.6100673676, 27.0512466431, 27.4924259186, 27.9336051941, 28.3631744385, 28.7927436829, 29.2339229584, 29.6751022339, 30.1162815094, 30.5690689087, 31.0218582153, 31.4630374908, 31.9158267975, 32.3686180115, 32.8097953796, 33.2625846863, 33.7153739929, 34.1681632996, 34.6209526062, 35.0737419128, 35.5265312195, 35.9793205261, 36.4321098328, 36.8965072632, 37.3376846313, 37.7788658142, 38.2200431824, 38.6612243652, 39.1024017334, 39.5435829163, 39.9847602844, 40.4259414673, 40.8671188354, 41.3083000183, 41.7494773865, 42.1906585693, 42.6318359375, 43.0730133057, 43.5141944885, 43.9553718567, 44.3965530396, 44.8377304077, 45.2789115906, 45.7200889587, 46.1728782654, 46.625667572, 47.0784568787, 47.5428581238, 47.9840354919, 48.4368247986, 48.8896141052, 49.3656234741, 49.8532409668, 50.3408622742, 50.7936515808, 51.2464370728, 51.6876182556, 52.1287956238, 52.5583648682, 52.9879341125, 53.4175033569, 53.8470726013, 54.2882537842, 54.7294311523, 55.1590003967, 55.5885696411, 56.029750824, 56.4941482544, 56.9585494995, 57.4229469299, 57.8873443604, 58.3285255432, 58.7813148499, 59.2341041565, 59.6752815247, 60.1164627075, 60.5576400757, 60.9988212585, 61.4399986267, 61.8811798096, 62.3223571777, 62.7635345459, 63.2047157288, 63.6458930969, 64.0870742798, 64.5282516479, 64.9694290161, 65.4106140137, 65.8517913818, 66.29296875, 66.7341461182, 67.1521072388, 67.5700683594, 67.98802948, 68.4059829712, 68.8239440918, 69.2535171509, 69.6830825806, 70.1126480103, 70.5422210693, 70.971786499, 71.4129714966, 71.8541488647, 72.2953262329, 72.7365036011, 73.1776885986, 73.6188659668, 74.060043335, 74.489616394, 74.9191818237, 75.3487548828, 75.766708374, 76.1846694946, 76.6026306152, 77.0205917358, 77.426940918, 77.8332901001, 78.2396392822, 78.6459884644, 79.075553894, 79.5051269531, 79.9346923828, 80.3642578125, 80.7938308716, 81.2233963013, 81.6529693604, 82.08253479, 82.5121078491, 82.9416732788, 83.3596343994, 83.77759552, 84.1955566406, 84.6251220703, 85.0546951294, 85.4726486206, 85.8906097412, 86.3085708618, 86.7265319824, 87.1444854736, 87.5624465942, 87.9804077148, 88.3983688354, 88.8279342651, 89.2575073242, 89.6870727539, 90.116645813, 90.5462112427, 90.9757843018, 91.4169616699, 91.8581390381, 92.2877044678, 92.7288894653, 93.181678772, 93.6112442017, 94.0175933838, 94.4239425659, 94.830291748, 95.2366409302, 95.6546020508, 96.0725631714, 96.4905166626, 96.9433059692, 97.3960952759, 97.8488845825, 98.2900695801, 98.7312469482, 99.1724243164, 99.6136016846, 100.054779053, 100.49596405, 100.937141418, 101.378318787, 101.819496155, 102.249069214, 102.678634644, 103.108207703, 103.526168823, 103.955734253, 104.396911621, 104.838096619, 105.267662048, 105.708839417, 106.150024414, 106.591201782, 107.03237915, 107.46194458, 107.903129578, 108.344306946, 108.773872375, 109.203445435, 109.633010864, 110.062583923, 110.492149353, 110.921722412, 111.351287842, 111.780860901, 112.198822021, 112.628387451, 113.05796051, 113.499137878, 113.940315247, 114.369888306, 114.799453735, 115.229019165, 115.658592224, 116.099769592, 116.529342651, 116.958908081, 117.38848114, 117.806434631, 118.23600769, 118.677185059, 119.095146179, 119.501495361, 119.919456482, 120.337409973, 120.766983032, 121.196548462, 121.626121521, 122.055686951, 122.48526001, 122.914825439, 123.344398499, 123.773963928, 124.203536987, 124.621498108, 125.051063538, 125.492240906, 125.921813965, 126.362991333, 126.804168701, 127.245346069, 127.686531067, 128.139312744, 128.603713989, 129.068115234, 129.520904541, 129.962081909, 130.403259277, 130.844436646, 131.274017334, 131.703582764, 132.121536255, 132.551101685, 132.980682373, 133.398635864, 133.828201294, 134.257781982, 134.675735474, 135.105300903, 135.534866333, 135.964447021, 136.394012451, 136.811965942, 137.229934692, 137.647888184, 138.065841675, 138.483810425, 138.901763916, 139.319732666, 139.760910034, 140.202087402, 140.643264771, 141.084442139, 141.525619507, 141.966796875, 142.419586182, 142.849151611, 143.267120361, 143.685073853, 144.103042603, 144.520996094, 144.938949585, 145.368530273, 145.82131958, 146.274108887, 146.726898193, 147.214508057, 147.69052124, 148.178131104, 148.654144287, 149.118545532, 149.582946777, 150.047348022, 150.511749268, 150.976135254, 151.440536499, 151.881713867, 152.334503174, 152.78729248, 153.298141479, 153.820587158, 154.343032837, 154.900314331, 155.457595825, 156.038085938, 156.618591309, 157.19909668, 157.767974854, 158.336868286, 158.905761719, 159.463043213, 160.020309448, 160.577590942, 161.134872437, 161.692153931, 162.249435425, 162.818313599, 163.387207031, 163.956100464, 164.524978638, 165.09387207, 165.651153564, 166.220046997, 166.777328491, 167.346206665, 167.903488159, 168.460769653, 169.018051147, 169.644989014, 170.27192688, 170.887252808, 171.490966797, 172.094696045, 172.663574219, 173.232467651, 173.801361084, 174.288970947, 174.764984131, 175.252609253, 175.728607178, 176.2162323, 176.703857422, 177.179855347, 177.65586853], "beats_loudness": {"dmean2": 0.026845972985, "median": 0.00492634624243, "min": 8.27565941108e-07, "dvar2": 0.00248926435597, "dvar": 0.000866225920618, "dmean": 0.0156780295074, "max": 0.200926035643, "var": 0.00101377943065, "mean": 0.0186739582568}, "danceability": 0.859067261219, "bpm_histogram_second_peak_weight": {"dmean2": 0, "median": 0.117647059262, "min": 0.117647059262, "dvar2": 0, "dvar": 0, "dmean": 0, "max": 0.117647059262, "var": 0, "mean": 0.117647059262}, "beats_count": 392, "bpm_histogram_second_peak_bpm": {"dmean2": 0, "median": 129, "min": 129, "dvar2": 0, "dvar": 0, "dmean": 0, "max": 129, "var": 0, "mean": 129}, "bpm_histogram_first_peak_spread": {"dmean2": 0, "median": 0.544680833817, "min": 0.544680833817, "dvar2": 0, "dvar": 0, "dmean": 0, "max": 0.544680833817, "var": 0, "mean": 0.544680833817}, "beats_loudness_band_ratio": {"dmean2": [0.360653489828, 0.247828692198, 0.254502534866, 0.216756686568, 0.0938571542501, 0.0192680768669], "median": [0.274094879627, 0.194261342287, 0.167723953724, 0.0856079161167, 0.0210028477013, 0.00242512696423], "min": [0.000596289988607, 0.00236157141626, 0.000142514458275, 3.60360209015e-05, 3.1457937439e-05, 7.12141900294e-06], "dvar2": [0.0985519513488, 0.0452583245933, 0.0590468086302, 0.0680488944054, 0.0281554739922, 0.00205402588472], "dvar": [0.0382452234626, 0.0169472862035, 0.02136785537, 0.0251961257309, 0.0103822359815, 0.000785065814853], "dmean": [0.207798108459, 0.141743972898, 0.150643140078, 0.12264482677, 0.0535282306373, 0.0114369038492], "max": [0.987343251705, 0.80857861042, 0.895804286003, 0.932198286057, 0.786205351353, 0.330602020025], "var": [0.0879571959376, 0.0272739585489, 0.0414898879826, 0.0460870228708, 0.0104878935963, 0.000776570814196], "mean": [0.349449008703, 0.227476924658, 0.234814435244, 0.174147665501, 0.0584253519773, 0.0128730982542]}}, "lowlevel": {"barkbands_spread": {"dmean2": 3.61650300026, "median": 7.59642267227, "min": 0.477492779493, "dvar2": 25.7481174469, "dvar": 10.5557689667, "dmean": 2.3118519783, "max": 117.977905273, "var": 59.7677307129, "mean": 9.87065982819}, "melbands_spread": {"dmean2": 5.03634262085, "median": 9.7139749527, "min": 0.293017804623, "dvar2": 42.4582328796, "dvar": 17.2783813477, "dmean": 3.2313439846, "max": 87.8435134888, "var": 120.397911072, "mean": 13.2973546982}, "hfc": {"dmean2": 3.35825037956, "median": 1.31279277802, "min": 3.19702085108e-05, "dvar2": 58.8204307556, "dvar": 27.9681606293, "dmean": 2.35344791412, "max": 206.185394287, "var": 303.124084473, "mean": 8.84925079346}, "barkbands_kurtosis": {"dmean2": 5.39817333221, "median": 2.86679911613, "min": -1.84666442871, "dvar2": 195.289718628, "dvar": 71.6532287598, "dmean": 3.32591176033, "max": 384.325592041, "var": 377.57409668, "mean": 6.99045038223}, "gfcc": {"mean": [-167.886978149, 146.202392578, -114.238006592, -3.9771566391, -43.1446380615, -7.36960697174, -31.3153877258, 1.75869035721, -18.0910148621, -1.12400794029, -7.63648319244, -2.59521842003, -9.38527488708], "icov": [[0.000568337214645, -0.0011111771455, 0.00114598299842, -0.00159375241492, 0.00176497851498, -0.00179181597196, 0.0014671619283, -0.00120216642972, 0.000934093550313, -0.000764121534303, 0.000579814426601, -0.000189964499441, 0.000494798354339], [-0.0011111771455, 0.00397852947935, -0.00259404163808, 0.00393728725612, -0.00477596744895, 0.00495988316834, -0.0034515473526, 0.00417217239738, -0.00362175842747, 0.00465812068433, -0.00319012743421, 0.00323074986227, -0.00195743562654], [0.00114598299842, -0.00259404163808, 0.0030726713594, -0.00317804771475, 0.00301178381778, -0.00446852808818, 0.00292795104906, -0.0021916476544, 0.00139196380042, -0.00210845749825, 0.00322136771865, -0.00193104334176, 0.00173668295611], [-0.00159375241492, 0.00393728725612, -0.00317804771475, 0.00712523190305, -0.00600143801421, 0.00356654589996, -0.00298562832177, 0.00455232523382, -0.00296231545508, 0.00379887665622, -0.00183895998634, 0.00382030848414, -0.00239516980946], [0.00176497851498, -0.00477596744895, 0.00301178381778, -0.00600143801421, 0.0114851426333, -0.006459093187, 0.00342856021598, -0.00344644021243, 0.00342795066535, -0.00430897204205, 0.00165155134164, -0.00129149958957, 0.0020231672097], [-0.00179181597196, 0.00495988316834, -0.00446852808818, 0.00356654589996, -0.006459093187, 0.0174154955894, -0.0106922192499, 0.00524709234014, -0.00162763311528, 0.00264706113376, -0.0020058513619, 0.000391412468161, -0.00116139708553], [0.0014671619283, -0.0034515473526, 0.00292795104906, -0.00298562832177, 0.00342856021598, -0.0106922192499, 0.0182139500976, -0.010936233215, 0.00382159184664, 0.000314420060022, -0.00307964463718, 0.000244523835136, -0.000320644438034], [-0.00120216642972, 0.00417217239738, -0.0021916476544, 0.00455232523382, -0.00344644021243, 0.00524709234014, -0.010936233215, 0.0231496281922, -0.0145318750292, 0.00315639516339, 0.0024462477304, -0.00424451706931, 0.00144413905218], [0.000934093550313, -0.00362175842747, 0.00139196380042, -0.00296231545508, 0.00342795066535, -0.00162763311528, 0.00382159184664, -0.0145318750292, 0.0250205490738, -0.0129558155313, 0.00204839603975, 0.0049118748866, -0.00374006549828], [-0.000764121534303, 0.00465812068433, -0.00210845749825, 0.00379887665622, -0.00430897204205, 0.00264706113376, 0.000314420060022, 0.00315639516339, -0.0129558155313, 0.0284001752734, -0.0162676591426, 0.00482642138377, -0.000746253877878], [0.000579814426601, -0.00319012743421, 0.00322136771865, -0.00183895998634, 0.00165155134164, -0.0020058513619, -0.00307964463718, 0.0024462477304, 0.00204839603975, -0.0162676591426, 0.0298471506685, -0.018283823505, 0.00922204740345], [-0.000189964499441, 0.00323074986227, -0.00193104334176, 0.00382030848414, -0.00129149958957, 0.000391412468161, 0.000244523835136, -0.00424451706931, 0.0049118748866, 0.00482642138377, -0.018283823505, 0.0320863761008, -0.016130624339], [0.000494798354339, -0.00195743562654, 0.00173668295611, -0.00239516980946, 0.0020231672097, -0.00116139708553, -0.000320644438034, 0.00144413905218, -0.00374006549828, -0.000746253877878, 0.00922204740345, -0.016130624339, 0.0239190477878]], "cov": [[19453.2128906, -373.767181396, -4284.77880859, 2147.54638672, -861.444519043, -57.2065010071, -702.151000977, -471.439788818, -399.145111084, -324.758880615, -264.04107666, -583.846862793, -182.194046021], [-373.767181396, 1685.24816895, 753.287231445, -100.058280945, 324.820404053, -151.666748047, -49.3955917358, -153.844848633, 26.1291923523, -156.525817871, -106.270111084, -170.971008301, -20.4052524567], [-4284.77880859, 753.287231445, 2494.7890625, 94.7619857788, 400.197814941, 158.718032837, 56.3873596191, -42.8975372314, 38.2167358398, -99.0313949585, -191.822265625, -57.6717567444, -6.21400642395], [2147.54638672, -100.058280945, 94.7619857788, 842.241394043, 84.797492981, 94.7763824463, -120.690429688, -146.855331421, -91.89087677, -112.13494873, -152.454864502, -164.254165649, -40.3344459534], [-861.444519043, 324.820404053, 400.197814941, 84.797492981, 290.421386719, 37.2697143555, 22.539768219, -35.9594421387, 1.03768062592, -21.5140857697, -23.7158527374, -33.0119361877, -10.073679924], [-57.2065010071, -151.666748047, 158.718032837, 94.7763824463, 37.2697143555, 165.102401733, 66.4034576416, 11.5992364883, -18.9600486755, -1.21496105194, -0.80761051178, 16.4311065674, 0.181918233633], [-702.151000977, -49.3955917358, 56.3873596191, -120.690429688, 22.539768219, 66.4034576416, 159.945236206, 83.8262634277, 29.2977809906, 29.3120918274, 51.7318267822, 57.7925758362, 17.2284507751], [-471.439788818, -153.844848633, -42.8975372314, -146.855331421, -35.9594421387, 11.5992364883, 83.8262634277, 147.411941528, 74.434173584, 53.7495346069, 42.0308074951, 58.3125495911, 17.8354854584], [-399.145111084, 26.1291923523, 38.2167358398, -91.89087677, 1.03768062592, -18.9600486755, 29.2977809906, 74.434173584, 108.488548279, 53.7194404602, 21.7586078644, 11.563419342, 11.3578166962], [-324.758880615, -156.525817871, -99.0313949585, -112.13494873, -21.5140857697, -1.21496105194, 29.3120918274, 53.7495346069, 53.7194404602, 112.249000549, 79.7271881104, 49.1346435547, 3.07714748383], [-264.04107666, -106.270111084, -191.822265625, -152.454864502, -23.7158527374, -0.80761051178, 51.7318267822, 42.0308074951, 21.7586078644, 79.7271881104, 132.937698364, 83.7414245605, 6.65832805634], [-583.846862793, -170.971008301, -57.6717567444, -164.254165649, -33.0119361877, 16.4311065674, 57.7925758362, 58.3125495911, 11.563419342, 49.1346435547, 83.7414245605, 127.174491882, 43.4885749817], [-182.194046021, -20.4052524567, -6.21400642395, -40.3344459534, -10.073679924, 0.181918233633, 17.2284507751, 17.8354854584, 11.3578166962, 3.07714748383, 6.65832805634, 43.4885749817, 68.9668045044]]}, "spectral_energyband_middle_low": {"dmean2": 0.00401226244867, "median": 0.00167737342417, "min": 4.93360952092e-09, "dvar2": 0.000127668623463, "dvar": 5.30331999471e-05, "dmean": 0.00261681363918, "max": 0.247876882553, "var": 0.000193148182007, "mean": 0.00694537302479}, "melbands_crest": {"dmean2": 4.93199682236, "median": 13.5341358185, "min": 4.28075027466, "dvar2": 18.4355449677, "dvar": 7.37134838104, "dmean": 3.07251405716, "max": 38.4016532898, "var": 34.0189323425, "mean": 14.612868309}, "spectral_kurtosis": {"dmean2": 9.72282600403, "median": 16.1955852509, "min": -1.18578910828, "dvar2": 118.614204407, "dvar": 42.3689804077, "dmean": 5.674741745, "max": 176.296325684, "var": 305.157867432, "mean": 20.4183635712}, "spectral_rms": {"dmean2": 0.000606630870607, "median": 0.00182709854562, "min": 6.94275558999e-06, "dvar2": 8.668882856e-07, "dvar": 3.91662069887e-07, "dmean": 0.00041741586756, "max": 0.0211389865726, "var": 6.10045708527e-06, "mean": 0.00269197416492}, "zerocrossingrate": {"dmean2": 0.00532665848732, "median": 0.03173828125, "min": 0.00390625, "dvar2": 6.04673914495e-05, "dvar": 3.51032103936e-05, "dmean": 0.00419640913606, "max": 0.25927734375, "var": 0.000471662293421, "mean": 0.0351017862558}, "silence_rate_60dB": {"dmean2": 0.0926962643862, "median": 0, "min": 0, "dvar2": 0.100776873529, "dvar": 0.0441921800375, "dmean": 0.0463420972228, "max": 1, "var": 0.249700754881, "mean": 0.482623964548}, "erbbands_kurtosis": {"dmean2": 2.55464076996, "median": 0.776696741581, "min": -1.64947187901, "dvar2": 24.2745189667, "dvar": 10.051194191, "dmean": 1.62770843506, "max": 94.4895019531, "var": 41.2727279663, "mean": 2.66642904282}, "erbbands": {"dmean2": [0.00880614481866, 0.27745833993, 2.19256663322, 3.9031124115, 4.17774677277, 4.8038983345, 8.28008556366, 12.2582216263, 16.4865226746, 15.4049167633, 16.4547863007, 8.98798274994, 11.0382232666, 13.1190595627, 12.6140079498, 21.5363292694, 15.3631267548, 24.765619278, 18.2898521423, 11.2781333923, 15.1871471405, 7.53858423233, 7.10630178452, 6.73942565918, 6.77603149414, 2.57536816597, 2.13523340225, 0.953100025654, 0.577875852585, 0.313370883465, 0.244499474764, 0.152481138706, 0.0904733538628, 0.0355143919587, 0.0134446900338, 0.00616993568838, 0.00234360434115, 0.00054784695385, 6.47274428047e-05, 9.07703361008e-06], "median": [0.00178270495962, 0.0387812815607, 0.207143679261, 0.441775500774, 0.590635955334, 0.880038559437, 1.64475345612, 2.20900154114, 2.67516064644, 2.45742940903, 2.09968566895, 1.74847257137, 1.62367320061, 1.92200875282, 1.50742208958, 1.59862518311, 1.09934222698, 0.821347177029, 0.707551836967, 0.56760686636, 0.455709397793, 0.355984449387, 0.19482126832, 0.127941846848, 0.0827295780182, 0.0402664095163, 0.0163640119135, 0.00695572374389, 0.00377109413967, 0.00233001075685, 0.0014516612282, 0.00111698498949, 0.000671046029311, 0.000430442014476, 0.000268237956334, 0.000136933056638, 5.96500540269e-05, 2.02132086997e-05, 6.4719920374e-06, 4.37500148109e-06], "min": [3.81881733347e-07, 1.20970116768e-06, 1.79325604677e-06, 4.23713981945e-06, 4.07330344387e-06, 2.50575953942e-06, 2.1295179522e-06, 1.5604462078e-06, 1.69535326222e-06, 2.75784100268e-06, 4.38661527369e-06, 2.83338431473e-06, 2.66243250735e-06, 4.20920468969e-06, 3.25191354023e-06, 3.72944577975e-06, 4.60536148239e-06, 3.81511927117e-06, 4.88136629428e-06, 1.02953508758e-05, 9.51906531554e-06, 6.74416924085e-06, 1.25684118757e-05, 1.23241079564e-05, 8.44851729198e-06, 4.43730868938e-06, 5.53678410142e-06, 3.7386269014e-06, 3.08142693939e-06, 3.63327944797e-06, 2.35237962443e-06, 3.07454274662e-06, 1.7390694893e-06, 9.08980609893e-07, 2.28712497119e-06, 1.15272121093e-06, 7.04619367298e-07, 2.19975774485e-07, 3.96560828619e-08, 4.97280661094e-09], "dvar2": [0.00118207908235, 1.58465361595, 101.526565552, 370.998504639, 204.572265625, 294.676147461, 604.50604248, 1876.74365234, 2747.84228516, 8349.93945313, 2186.56860352, 690.079345703, 1039.4654541, 1765.17980957, 1306.82006836, 7658.32519531, 6367.50488281, 12953.9414063, 4945.5546875, 2305.80004883, 3121.44677734, 865.754211426, 848.642944336, 866.532348633, 921.440368652, 148.367416382, 213.739593506, 21.1523113251, 9.1003742218, 3.97594094276, 2.50342178345, 0.818795204163, 0.450691610575, 0.0708283260465, 0.00918854027987, 0.00257556862198, 0.000516955100466, 4.55449080619e-05, 7.25588904515e-07, 1.95230853706e-09], "dvar": [0.000461581104901, 0.733480751514, 39.3794136047, 134.244186401, 76.7148742676, 99.5026931763, 237.598556519, 823.485900879, 1185.25512695, 3537.16772461, 967.089538574, 281.750427246, 436.951324463, 683.960205078, 519.412902832, 2925.78125, 2584.01806641, 4947.33007813, 2052.94287109, 844.449157715, 1123.33410645, 310.410736084, 317.959747314, 339.211242676, 331.533935547, 64.0466690063, 93.7934036255, 10.9400281906, 4.6941242218, 2.23925805092, 1.03848910332, 0.329529076815, 0.190682128072, 0.0367952249944, 0.00594218214974, 0.00175852235407, 0.000405486876843, 2.72705510724e-05, 3.99366314241e-07, 1.11078768406e-09], "dmean": [0.00584807898849, 0.193395122886, 1.38487100601, 2.37108206749, 2.55179834366, 2.91839456558, 5.27574872971, 7.99376964569, 10.6479082108, 9.69201850891, 10.5231132507, 5.63088512421, 6.87281703949, 8.19258975983, 7.79502010345, 13.2965593338, 9.92816066742, 15.1506004333, 11.4008722305, 6.81402206421, 8.98921489716, 4.54346609116, 4.47638177872, 4.20963287354, 4.02806615829, 1.65373563766, 1.3812776804, 0.639613866806, 0.395139694214, 0.223687946796, 0.165716663003, 0.101080060005, 0.0625156089664, 0.027103709057, 0.0104811564088, 0.00462768692523, 0.00203895568848, 0.000447593571153, 4.93813422509e-05, 6.57542341287e-06], "max": [0.715049803257, 33.3110733032, 204.130004883, 461.553283691, 249.213653564, 295.477722168, 468.683288574, 932.614318848, 1219.94335938, 3686.1472168, 1735.32629395, 528.584960938, 776.227966309, 747.002624512, 542.774047852, 2606.35644531, 1709.69018555, 2113.79272461, 1126.55493164, 696.853210449, 990.723632813, 536.185791016, 603.668273926, 651.889770508, 704.880126953, 534.485656738, 562.513793945, 239.683807373, 166.618057251, 152.240905762, 83.3729171753, 38.5786895752, 29.6366424561, 14.4203720093, 6.02182769775, 3.19532179832, 1.29761481285, 0.325697660446, 0.0367502756417, 0.00179521134123], "var": [0.00137774820905, 2.44907784462, 80.7542190552, 177.912216187, 127.482543945, 184.577590942, 606.90447998, 1720.35083008, 3170.62353516, 8819.18066406, 2700.71142578, 628.456237793, 970.634765625, 1512.0098877, 1318.76965332, 6458.984375, 5194.84277344, 7406.55078125, 4780.89501953, 1597.88549805, 2325.5546875, 610.081298828, 882.395874023, 793.409973145, 623.031433105, 294.836120605, 448.099700928, 72.773223877, 34.3697319031, 16.1926574707, 7.30483627319, 2.44809889793, 1.15059316158, 0.250982493162, 0.0418224595487, 0.00926266983151, 0.00175975554157, 8.1819940533e-05, 9.21537605336e-07, 4.1239838211e-09], "mean": [0.0126236304641, 0.410524696112, 2.360714674, 3.73853492737, 3.92784070969, 4.90459299088, 9.23237991333, 13.4281082153, 17.8510665894, 17.2142448425, 17.8861179352, 9.98091888428, 11.9920034409, 14.346570015, 14.3325567245, 21.5190410614, 17.1649131775, 22.3401527405, 19.6869869232, 11.9876041412, 15.5511245728, 8.54920578003, 8.90947723389, 7.93874263763, 7.37107658386, 3.95900201797, 3.43842244148, 1.64245283604, 1.03668606281, 0.637580215931, 0.455529361963, 0.275958627462, 0.166805878282, 0.074582785368, 0.028754606843, 0.0116402609274, 0.00438986346126, 0.000857153034303, 9.06264758669e-05, 2.01812763407e-05]}, "spectral_strongpeak": {"dmean2": 0.64786875248, "median": 0.3556663692, "min": 0, "dvar2": 1.68015134335, "dvar": 0.662061154842, "dmean": 0.396825641394, "max": 16.7972431183, "var": 1.55037641525, "mean": 0.803178489208}, "spectral_energy": {"dmean2": 0.00639756722376, "median": 0.00342174619436, "min": 4.94068999046e-08, "dvar2": 0.000370574300177, "dvar": 0.000153272630996, "dmean": 0.0042510740459, "max": 0.458028137684, "var": 0.000723624834791, "mean": 0.0136808231473}, "average_loudness": 0.0289556458592, "spectral_rolloff": {"dmean2": 292.142456055, "median": 710.595703125, "min": 43.06640625, "dvar2": 450545.9375, "dvar": 168524.84375, "dmean": 170.924133301, "max": 16472.9003906, "var": 505400.75, "mean": 887.455078125}, "spectral_centroid": {"dmean2": 172.057312012, "median": 692.560058594, "min": 107.957077026, "dvar2": 58383.5429688, "dvar": 30702.7011719, "dmean": 112.509239197, "max": 11679.7480469, "var": 280341.78125, "mean": 808.886901855}, "pitch_salience": {"dmean2": 0.111305624247, "median": 0.530249238014, "min": 0.0952833816409, "dvar2": 0.00938075501472, "dvar": 0.00365376076661, "dmean": 0.0694812759757, "max": 0.847327649593, "var": 0.0141310067847, "mean": 0.527359306812}, "spectral_energyband_middle_high": {"dmean2": 0.00169052451383, "median": 0.000335802673362, "min": 1.74766634498e-09, "dvar2": 1.77198962774e-05, "dvar": 7.20076195648e-06, "dmean": 0.00111751211807, "max": 0.069681674242, "var": 3.57284807251e-05, "mean": 0.00308589125052}, "spectral_contrast_coeffs": {"dmean2": [0.0727417692542, 0.069571480155, 0.0557768717408, 0.0427137427032, 0.0300746504217, 0.0183749739081], "median": [-0.659403562546, -0.744543731213, -0.778040587902, -0.792919635773, -0.805962741375, -0.821083247662], "min": [-0.96578681469, -0.966413617134, -0.961430370808, -0.97119307518, -0.954284548759, -0.960143148899], "dvar2": [0.0034172993619, 0.00309154973365, 0.002079566475, 0.00129625992849, 0.000610992254224, 0.000231815734878], "dvar": [0.00125024351291, 0.00114699930418, 0.000781333190389, 0.000509097240865, 0.000241392583121, 9.25480344449e-05], "dmean": [0.0442580208182, 0.042105641216, 0.0338633321226, 0.0263111423701, 0.0183498375118, 0.0113824317232], "max": [-0.338915526867, -0.308215588331, -0.464146584272, -0.502264797688, -0.586932897568, -0.626758158207], "var": [0.0120031442493, 0.00665193144232, 0.00801218207926, 0.00679242704064, 0.00425045378506, 0.00354383280501], "mean": [-0.665343523026, -0.732518196106, -0.761004030704, -0.783680021763, -0.798014104366, -0.808166921139]}, "melbands_skewness": {"dmean2": 0.940243065357, "median": 1.57887470722, "min": -3.65153217316, "dvar2": 1.35589277744, "dvar": 0.518495023251, "dmean": 0.594976305962, "max": 21.0716285706, "var": 3.83123207092, "mean": 1.73327040672}, "spectral_spread": {"dmean2": 384527.53125, "median": 2244789, "min": 525689.875, "dvar2": 271836004352, "dvar": 177025400832, "dmean": 235534.296875, "max": 40444544, "var": 2264668045310.0, "mean": 2562285.75}, "dissonance": {"dmean2": 0.056124560535, "median": 0.438893198967, "min": 0.136664941907, "dvar2": 0.00311103183776, "dvar": 0.00107585289516, "dmean": 0.0328110530972, "max": 0.500000119209, "var": 0.0033097108826, "mean": 0.424580663443}, "spectral_skewness": {"dmean2": 0.70519143343, "median": 2.81827712059, "min": -0.0562034025788, "dvar2": 0.458200633526, "dvar": 0.164523273706, "dmean": 0.416308969259, "max": 11.2447128296, "var": 2.2088162899, "mean": 3.09240818024}, "spectral_flux": {"dmean2": 0.0164411813021, "median": 0.0273659136146, "min": 0.000196477150894, "dvar2": 0.000521875626873, "dvar": 0.000204383482924, "dmean": 0.00992892123759, "max": 0.419785171747, "var": 0.00183875963558, "mean": 0.0419513694942}, "spectral_contrast_valleys": {"dmean2": [0.627009451389, 0.522493839264, 0.433808118105, 0.343852221966, 0.258052974939, 0.191347748041], "median": [-8.28987884521, -7.30064630508, -8.27337837219, -8.99450111389, -9.78205299377, -13.11195755], "min": [-27.1617794037, -27.2902030945, -27.402639389, -26.970539093, -27.5033874512, -27.2452487946], "dvar2": [0.27346599102, 0.187174215913, 0.135029807687, 0.0898119807243, 0.0685142502189, 0.0578253753483], "dvar": [0.117015063763, 0.0848238095641, 0.0663525909185, 0.0494646206498, 0.0473395362496, 0.0449230223894], "dmean": [0.379950106144, 0.313742130995, 0.264086067677, 0.213547885418, 0.169983804226, 0.140458852053], "max": [-4.95368242264, -4.35588979721, -5.3232755661, -5.99922180176, -5.46923160553, -7.89455890656], "var": [1.90209567547, 2.4177312851, 2.29895305634, 2.48833632469, 2.68850755692, 1.65376579762], "mean": [-8.51765727997, -7.57617473602, -8.48685836792, -9.16458702087, -9.63331794739, -12.6504077911]}, "erbbands_flatness_db": {"dmean2": 0.0255796257406, "median": 0.234303310513, "min": 0.0192748606205, "dvar2": 0.000542835972738, "dvar": 0.000244778319029, "dmean": 0.016724480316, "max": 0.441227763891, "var": 0.00390497338958, "mean": 0.237993612885}, "spectral_energyband_high": {"dmean2": 6.17783807684e-05, "median": 9.30195028559e-07, "min": 1.30858868186e-09, "dvar2": 1.30805943854e-07, "dvar": 7.99836712417e-08, "dmean": 4.64491204184e-05, "max": 0.0259471982718, "var": 8.70262567787e-07, "mean": 0.000165437770193}, "spectral_entropy": {"dmean2": 0.222572699189, "median": 6.68319177628, "min": 4.80821323395, "dvar2": 0.0430459752679, "dvar": 0.0183065887541, "dmean": 0.144744023681, "max": 9.80034351349, "var": 0.448615759611, "mean": 6.63081216812}, "silence_rate_20dB": {"dmean2": 0, "median": 1, "min": 1, "dvar2": 0, "dvar": 0, "dmean": 0, "max": 1, "var": 0, "mean": 1}, "melbands_flatness_db": {"dmean2": 0.0313296616077, "median": 0.305137246847, "min": 0.087547339499, "dvar2": 0.000792571576312, "dvar": 0.000349202862708, "dmean": 0.0208900645375, "max": 0.640029668808, "var": 0.00968571659178, "mean": 0.306682705879}, "barkbands": {"dmean2": [1.29512272906e-05, 0.000874137098435, 0.00219965609722, 0.00151301396545, 0.00142015214078, 0.00126377725974, 0.00114072021097, 0.000849006639328, 0.000452948443126, 0.000397870200686, 0.000272070610663, 0.000576978374738, 0.000302038679365, 0.000550445111003, 0.000267460447503, 0.000272502977168, 0.000142952412716, 0.000169259728864, 0.000128782601678, 6.27416520729e-05, 3.86846913898e-05, 1.4411389202e-05, 8.87784881343e-06, 5.7654824559e-06, 2.20922606786e-06, 1.24104315091e-06, 3.87155239423e-07], "median": [3.02850276057e-06, 0.000125848513562, 0.000198790323338, 0.000126594459289, 0.000317455182085, 0.000256072089542, 0.000171790205059, 9.85627848422e-05, 6.52866947348e-05, 5.36929801456e-05, 2.37529075093e-05, 3.38371028192e-05, 1.78789596248e-05, 1.37103870657e-05, 9.24843607208e-06, 7.98573364591e-06, 6.01963756708e-06, 2.92671120405e-06, 2.01938155442e-06, 8.15813052668e-07, 2.60591320966e-07, 9.91972299857e-08, 5.39784785758e-08, 4.59786768658e-08, 3.82823337475e-08, 3.18664490351e-08, 3.48002089368e-08], "min": [2.36783881391e-09, 7.73065877979e-09, 1.01085628756e-09, 6.45270503696e-10, 7.90768783787e-10, 2.04089495304e-10, 1.27658897342e-10, 2.15905043843e-10, 9.8980719454e-11, 8.4767762254e-11, 1.11102252398e-10, 8.97701496472e-11, 1.02458701245e-10, 5.84022066819e-11, 1.61761770645e-10, 1.70560829349e-10, 9.48910602871e-11, 2.65332256166e-10, 2.37909414391e-10, 9.65201321645e-11, 1.089148563e-10, 1.10263888298e-10, 7.83286005501e-11, 1.30884941774e-10, 1.8575793681e-10, 3.5890901362e-10, 3.27531168853e-10], "dvar2": [2.2253023868e-09, 1.51317472046e-05, 9.6363859484e-05, 5.81083986617e-05, 1.71117935679e-05, 1.626532503e-05, 2.06177064683e-05, 1.34161327878e-05, 1.69917018411e-06, 1.31246395085e-06, 1.42471003528e-06, 4.06019307775e-06, 3.25647215504e-06, 4.82840368932e-06, 1.36770484005e-06, 9.50319304138e-07, 2.79314406271e-07, 7.47090950881e-07, 2.43872875672e-07, 1.11594971486e-07, 4.97998442484e-08, 5.59418866786e-09, 2.73382028126e-09, 1.34232125415e-09, 2.04364886125e-10, 1.33756686282e-10, 2.5805054274e-11], "dvar": [1.02753439091e-09, 7.18842466085e-06, 3.61578568118e-05, 2.06094282476e-05, 6.36329286863e-06, 7.14924590284e-06, 8.55293274071e-06, 6.44431247565e-06, 6.9833561156e-07, 5.58380861548e-07, 5.27733789113e-07, 1.57564306846e-06, 1.17779950415e-06, 1.84805469416e-06, 5.79270363232e-07, 3.37441463216e-07, 1.01828668164e-07, 2.82970233911e-07, 9.32773147611e-08, 4.62238212151e-08, 2.21401492695e-08, 3.33965322064e-09, 1.20055909658e-09, 6.06740713227e-10, 1.3904122298e-10, 1.03236030835e-10, 1.48750785994e-11], "dmean": [8.0305726442e-06, 0.000615606142674, 0.00136709783692, 0.00090173893841, 0.00088268116815, 0.000819019041955, 0.000717192189768, 0.000546