{"tonal": {"thpcp": [1, 0.598578453064, 0.192355230451, 0.14489710331, 0.168645113707, 0.319383889437, 0.491996407509, 0.393135458231, 0.19982855022, 0.155847936869, 0.206072121859, 0.375381708145, 0.496978253126, 0.403928309679, 0.337723463774, 0.304124087095, 0.180681437254, 0.155529484153, 0.211473211646, 0.273652583361, 0.538667321205, 0.795737087727, 0.567716240883, 0.260975062847, 0.211515143514, 0.243418961763, 0.343308568001, 0.379792153835, 0.261158525944, 0.142522200942, 0.111341379583, 0.120707146823, 0.210752025247, 0.314844787121, 0.341625094414, 0.689381539822], "hpcp": {"dmean2": [0.189395979047, 0.194250792265, 0.163344919682, 0.119437359273, 0.10049816221, 0.105890341103, 0.138182580471, 0.179452881217, 0.212698400021, 0.265991359949, 0.250139445066, 0.248928546906, 0.164257436991, 0.119988821447, 0.13122138381, 0.173692077398, 0.196089357138, 0.197607800364, 0.142930626869, 0.125687241554, 0.15218783915, 0.18416634202, 0.202022910118, 0.227569133043, 0.269810438156, 0.187013626099, 0.1100211218, 0.124482564628, 0.156627833843, 0.210443481803, 0.273579597473, 0.269691199064, 0.243831813335, 0.188020735979, 0.163446635008, 0.171017304063], "median": [0.0251616463065, 0.0340741872787, 0.0245955176651, 0.0125698186457, 0.00702814478427, 0.00407354626805, 0.017210168764, 0.0316407606006, 0.0446184910834, 0.12805172801, 0.200772464275, 0.107697166502, 0.0144172860309, 0.00740592973307, 0.00685823848471, 0.022398205474, 0.0440617725253, 0.0369430184364, 0.0133767975494, 0.00756196398288, 0.012284019962, 0.0435401797295, 0.0699026882648, 0.0598827786744, 0.033417865634, 0.0229020006955, 0.012747567147, 0.0144001347944, 0.0192056074739, 0.0274585150182, 0.0929625481367, 0.155725419521, 0.100120857358, 0.0300666354597, 0.0194826982915, 0.0173295605928], "min": [0, 0, 0, 0, 0, 0, 0, 0, 0, 0, 0, 0, 0, 0, 0, 0, 0, 0, 0, 0, 0, 0, 0, 0, 0, 0, 0, 0, 0, 0, 0, 0, 0, 0, 0, 0], "dvar2": [0.10538648814, 0.105506084859, 0.0829764455557, 0.0615843273699, 0.0563879944384, 0.0563960075378, 0.0665150135756, 0.0875118821859, 0.0981174856424, 0.112068541348, 0.115285307169, 0.112174622715, 0.0889087542892, 0.0671895593405, 0.0721119493246, 0.0963090807199, 0.0916818007827, 0.100282870233, 0.0707576051354, 0.0749441757798, 0.0910359844565, 0.0873461812735, 0.0834216475487, 0.0851240307093, 0.173240423203, 0.0784302279353, 0.0497359931469, 0.0661956965923, 0.0732731223106, 0.1047514081, 0.129356101155, 0.114674292505, 0.105695396662, 0.0987338721752, 0.0918544530869, 0.0978399813175], "dvar": [0.0398394726217, 0.0389718674123, 0.0304602291435, 0.0220462754369, 0.0203638803214, 0.0202728062868, 0.0246275961399, 0.0329065322876, 0.0359815210104, 0.041946195066, 0.0461233779788, 0.0408103428781, 0.0318791456521, 0.0247572287917, 0.0258782319725, 0.0357115082443, 0.0382205657661, 0.0403203852475, 0.0273258686066, 0.0284019298851, 0.0325765870512, 0.0329239591956, 0.0344515368342, 0.0321211107075, 0.0635514035821, 0.0309918709099, 0.018271708861, 0.0237000267953, 0.0277933571488, 0.0389694981277, 0.0469107106328, 0.04584511742, 0.0398305095732, 0.0362009145319, 0.0337266549468, 0.0353919230402], "dmean": [0.107885345817, 0.112172573805, 0.0933121293783, 0.0657884851098, 0.0550272762775, 0.0582699924707, 0.0782976523042, 0.103471890092, 0.12093039602, 0.154432371259, 0.147909864783, 0.144459620118, 0.0905801430345, 0.0663804635406, 0.0729671567678, 0.100477151573, 0.115104168653, 0.116274774075, 0.081666007638, 0.070996530354, 0.0852459222078, 0.107880994678, 0.120667472482, 0.131324395537, 0.148235470057, 0.105884477496, 0.0627041533589, 0.0694811567664, 0.0880309194326, 0.119071625173, 0.157852172852, 0.159478053451, 0.14395403862, 0.105477258563, 0.0910480692983, 0.0957973822951], "max": [1, 1, 1, 1, 1, 1, 1, 1, 1, 1, 1, 1, 1, 1, 1, 1, 1, 1, 1, 1, 1, 1, 1, 1, 1, 1, 1, 1, 1, 1, 1, 1, 1, 1, 1, 1], "var": [0.0577662289143, 0.059042558074, 0.0336770415306, 0.0169922374189, 0.0157522652298, 0.0188090633601, 0.027684867382, 0.0430870838463, 0.0433842986822, 0.0878641530871, 0.158589482307, 0.0711538717151, 0.0266093704849, 0.0219187084585, 0.0257238838822, 0.0537542700768, 0.0881205052137, 0.0628430694342, 0.0296095833182, 0.0262313261628, 0.033101156354, 0.0537661090493, 0.0707052648067, 0.0455455258489, 0.0545336641371, 0.0441978238523, 0.021205060184, 0.0184536166489, 0.0272677503526, 0.036070663482, 0.06805126369, 0.112928636372, 0.0701995939016, 0.0350756421685, 0.0301172398031, 0.0399469435215], "mean": [0.132906988263, 0.147031083703, 0.101103782654, 0.0551754236221, 0.0431042164564, 0.0467300415039, 0.0815896242857, 0.121887646616, 0.132255256176, 0.266884177923, 0.387135654688, 0.231731072068, 0.0744675695896, 0.0560948364437, 0.0652885362506, 0.123644895852, 0.190469354391, 0.152196750045, 0.0773607566953, 0.0603342913091, 0.0797778666019, 0.145323649049, 0.192397996783, 0.156375050545, 0.130744799972, 0.117737278342, 0.0699482262135, 0.0602110102773, 0.0818688198924, 0.105940677226, 0.208537325263, 0.308058202267, 0.219783201814, 0.101032756269, 0.0818850547075, 0.0942361578345]}, "tuning_equal_tempered_deviation": 0.367638379335, "chords_changes_rate": 0.0383631698787, "key_key": "C", "tuning_diatonic_strength": 0.670576393604, "key_scale": "major", "chords_number_rate": 0.00319693097845, "tuning_frequency": 434.193115234, "tuning_nontempered_energy_ratio": 0.978564202785, "chords_histogram": [46.4833755493, 8.95140647888, 9.11125278473, 0, 2.84526848793, 0, 1.69437336922, 0.0639386177063, 0.0319693088531, 0, 0, 0, 0, 0, 0.223785161972, 1.72634267807, 0.0959079265594, 0.703324794769, 0, 0, 1.08695650101, 11.668797493, 9.27110004425, 6.04219961166], "key_strength": 0.907181441784, "chords_key": "C", "chords_strength": {"dmean2": 0.00942055135965, "median": 0.592882394791, "min": -1, "dvar2": 0.00132796610706, "dvar": 0.000719524803571, "dmean": 0.00987087283283, "max": 0.857697546482, "var": 0.0506645664573, "mean": 0.55714225769}, "chords_scale": "major", "hpcp_entropy": {"dmean2": 0.970569729805, "median": 1.78399407864, "min": 0, "dvar2": 0.66035181284, "dvar": 0.253708362579, "dmean": 0.581216275692, "max": 3.87963294983, "var": 0.644160091877, "mean": 1.73446762562}}, "metadata": {"audio_properties": {"equal_loudness": 0, "codec": "flac", "downmix": "mix", "sample_rate": 44100, "analysis_sample_rate": 44100, "bit_rate": 0, "md5_encoded": "302a263bfc99e87213c3a004b2ad834e", "length": 145.21333313, "replay_gain": -9.52286148071, "lossless": true}, "version": {"essentia_build_sha": "70f2e5ece6736b2c40cc944ad0e695b16b925413", "essentia": "2.1-beta2", "extractor": "music 1.0", "essentia_git_sha": "v2.1_beta2"}, "tags": {"title": ["Crystal Chandeliers and Burgundy"], "media": ["Digital Media"], "albumartist": ["Johnny Cash"], "tracktotal": ["12"], "musicbrainz_releasegroupid": ["19095126-f289-44ec-89f6-a559bceaff64"], "releasetype": ["album"], "musicbrainz_recordingid": ["1cf9ed32-161f-4ba4-bc9f-e0f5077bbc95"], "musicbrainz_albumartistid": ["d43d12a1-2dc9-4257-a2fd-0a3bb1081b86"], "discnumber": ["1"], "album": ["The Junkie and the Juicehead Minus Me"], "releasecountry": ["US"], "file_name": "08 - Crystal Chandeliers And Burgundy.flac", "compilation": ["1"], "albumartistsort": ["Cash, Johnny"], "date": ["2010-04-02"], "genre": ["Country"], "disctotal": ["1"], "musicbrainz_artistid": ["d43d12a1-2dc9-4257-a2fd-0a3bb1081b86"], "originaldate": ["1974-09-01"], "musicbrainz_albumid": ["fc080c6d-b911-4331-b816-53ab837ebb51"], "tracknumber": ["8"], "artistsort": ["Cash, Johnny"], "artist": ["Johnny Cash"], "label": ["Legacy"], "totaltracks": ["12"], "totaldiscs": ["1"], "script": ["Latn"], "releasestatus": ["official"]}}, "rhythm": {"bpm_histogram_first_peak_bpm": {"dmean2": 0, "median": 161, "min": 161, "dvar2": 0, "dvar": 0, "dmean": 0, "max": 161, "var": 0, "mean": 161}, "bpm": 162.311386108, "bpm_histogram_second_peak_spread": {"dmean2": 0, "median": 0, "min": 0, "dvar2": 0, "dvar": 0, "dmean": 0, "max": 0, "var": 0, "mean": 0}, "bpm_histogram_first_peak_weight": {"dmean2": 0, "median": 0.578125, "min": 0.578125, "dvar2": 0, "dvar": 0, "dmean": 0, "max": 0.578125, "var": 0, "mean": 0.578125}, "onset_rate": 4.06942939758, "beats_position": [0.336689323187, 0.684988677502, 1.03328800201, 1.40480720997, 1.78793644905, 2.17106580734, 2.54258489609, 2.92571425438, 3.30884337425, 3.69197273254, 4.06349182129, 4.43501138687, 4.80653047562, 5.17804956436, 5.54956912994, 5.92108821869, 6.29260778427, 6.66412687302, 7.03564596176, 7.39555549622, 7.77868461609, 8.15020370483, 8.51011276245, 8.87002277374, 9.21832180023, 9.57823085785, 9.93814086914, 10.3096599579, 10.6811790466, 11.0526981354, 11.4242172241, 11.7957363129, 12.1672563553, 12.538775444, 12.9102945328, 13.2818136215, 13.6533327103, 14.0248527527, 14.3847618103, 14.7446708679, 15.1161899567, 15.4877090454, 15.8476190567, 16.2075271606, 16.5790481567, 16.9505672455, 17.3104763031, 17.6703853607, 18.0419044495, 18.4134235382, 18.784942627, 19.1448516846, 19.5163707733, 19.8878898621, 20.2710208893, 20.6309299469, 20.9908390045, 21.3623580933, 21.733877182, 22.1053962708, 22.4769153595, 22.8484344482, 23.2315635681, 23.6030826569, 23.974603653, 24.3345127106, 24.7060317993, 25.0775508881, 25.4490699768, 25.8205890656, 26.1804981232, 26.5404071808, 26.9235363007, 27.3066654205, 27.6897945404, 28.0729255676, 28.4444446564, 28.804353714, 29.1642627716, 29.5357818604, 29.9189109802, 30.3020401001, 30.6619491577, 31.0334682465, 31.4049873352, 31.7648983002, 32.1364173889, 32.5079345703, 32.8678436279, 33.239364624, 33.5992736816, 33.9824028015, 34.3655319214, 34.7486610413, 35.1201820374, 35.5033111572, 35.8748283386, 36.2463493347, 36.6062583923, 36.96616745, 37.3260765076, 37.6859855652, 38.0575065613, 38.4290237427, 38.8005447388, 39.1720619202, 39.5435829163, 39.9151000977, 40.2866210938, 40.6581382751, 41.041267395, 41.4127883911, 41.795917511, 42.1674385071, 42.5389556885, 42.9104766846, 43.281993866, 43.6651229858, 44.0482521057, 44.4197731018, 44.7796821594, 45.1511993408, 45.5227203369, 45.9058494568, 46.2773704529, 46.6488876343, 47.0204086304, 47.4035377502, 47.7750549316, 48.1581840515, 48.5180931091, 48.8780021667, 49.2379112244, 49.5978240967, 49.9693412781, 50.3292503357, 50.7123794556, 51.0839004517, 51.4670295715, 51.8501586914, 52.2448959351, 52.6164169312, 52.9879341125, 53.3594551086, 53.73097229, 54.1024932861, 54.485622406, 54.8687515259, 55.2286605835, 55.5885696411, 55.9600906372, 56.3316078186, 56.7147369385, 57.0978660583, 57.4693870544, 57.8409042358, 58.2008171082, 58.5607261658, 58.9322433472, 59.3037643433, 59.6752815247, 60.0468025208, 60.4067115784, 60.766620636, 61.1381378174, 61.5096588135, 61.8927879333, 62.2759170532, 62.6474380493, 63.0189552307, 63.4020843506, 63.7736053467, 64.1451263428, 64.5166397095, 64.899772644, 65.2712936401, 65.6544189453, 66.0375518799, 66.4206771851, 66.8038101196, 67.1753311157, 67.5352401733, 67.9183654785, 68.2898864746, 68.6614074707, 69.0445327759, 69.416053772, 69.7991790771, 70.1707000732, 70.5422210693, 70.9137420654, 71.2852630615, 71.6567764282, 72.0399093628, 72.4114303589, 72.7945556641, 73.1660766602, 73.5375976562, 73.9091110229, 74.280632019, 74.6637649536, 75.0468902588, 75.4300231934, 75.8131484985, 76.1962814331, 76.5678024292, 76.9393157959, 77.3224487305, 77.6939697266, 78.0654830933, 78.4370040894, 78.8085250854, 79.1800460815, 79.5515594482, 79.9346923828, 80.3178253174, 80.6893386841, 81.0724716187, 81.4555969238, 81.8271179199, 82.198638916, 82.5701599121, 82.9416732788, 83.3131942749, 83.6963272095, 84.0794525146, 84.4509735107, 84.8224945068, 85.1940155029, 85.5655288696, 85.9370498657, 86.3085708618, 86.6800918579, 87.0632171631, 87.4463500977, 87.8178634644, 88.1893844604, 88.572517395, 88.9556427002, 89.3271636963, 89.6986846924, 90.0702056885, 90.4417190552, 90.8248519897, 91.2079772949, 91.579498291, 91.9626312256, 92.3457565308, 92.7288894653, 93.1120147705, 93.4835357666, 93.8666687012, 94.2381820679, 94.609703064, 94.9928359985, 95.3643493652, 95.7358703613, 96.1073913574, 96.4789123535, 96.8736495972, 97.2451705933, 97.61668396, 97.9882049561, 98.3597259521, 98.7312469482, 99.1027679443, 99.4858932495, 99.8690261841, 100.240539551, 100.612060547, 100.983581543, 101.355102539, 101.726615906, 102.098136902, 102.469657898, 102.841178894, 103.21269989, 103.584213257, 103.955734253, 104.327255249, 104.698776245, 105.08190155, 105.465034485, 105.84815979, 106.231292725, 106.602806091, 106.974327087, 107.345848083, 107.728981018, 108.112106323, 108.483627319, 108.855148315, 109.226661682, 109.598182678, 109.969703674, 110.34122467, 110.712738037, 111.084259033, 111.455780029, 111.827301025, 112.210426331, 112.593559265, 112.965080261, 113.336593628, 113.719726562, 114.102851868, 114.474372864, 114.84589386, 115.217414856, 115.588935852, 115.960449219, 116.331970215, 116.715103149, 117.086616516, 117.458137512, 117.841270447, 118.212783813, 118.58430481, 118.955825806, 119.327346802, 119.698867798, 120.070381165, 120.441902161, 120.813423157, 121.184944153, 121.55645752, 121.939590454, 122.322715759, 122.694236755, 123.065757751, 123.437278748, 123.820404053, 124.203536987, 124.575057983, 124.958183289, 125.341316223, 125.71282959, 126.084350586, 126.455871582, 126.827392578, 127.198905945, 127.558815002, 127.941947937, 128.313461304, 128.6849823, 129.068115234, 129.451248169, 129.834381104, 130.217498779, 130.589019775, 130.960540771, 131.332061768, 131.715194702, 132.098312378, 132.469833374, 132.84135437, 133.212875366, 133.584396362, 133.955917358, 134.327438354, 134.698959351, 135.070480347, 135.453598022, 135.836730957, 136.208251953, 136.579772949, 136.962905884, 137.34602356, 137.717544556, 138.112289429, 138.507034302, 138.901763916, 139.296508789, 139.760910034, 140.225296021, 140.689697266, 141.154098511, 141.58366394, 142.013244629, 142.442810059, 142.883987427, 143.325164795, 143.766342163, 144.207519531, 144.648712158], "beats_loudness": {"dmean2": 0.0407283566892, "median": 0.0289207380265, "min": 3.13714543232e-09, "dvar2": 0.000793063780293, "dvar": 0.000261791632511, "dmean": 0.0213801730424, "max": 0.115562982857, "var": 0.000436208356405, "mean": 0.030752107501}, "danceability": 1.01537287235, "bpm_histogram_second_peak_weight": {"dmean2": 0, "median": 0.106770835817, "min": 0.106770835817, "dvar2": 0, "dvar": 0, "dmean": 0, "max": 0.106770835817, "var": 0, "mean": 0.106770835817}, "beats_count": 385, "bpm_histogram_second_peak_bpm": {"dmean2": 0, "median": 167, "min": 167, "dvar2": 0, "dvar": 0, "dmean": 0, "max": 167, "var": 0, "mean": 167}, "bpm_histogram_first_peak_spread": {"dmean2": 0, "median": 0.310559034348, "min": 0.310559034348, "dvar2": 0, "dvar": 0, "dmean": 0, "max": 0.310559034348, "var": 0, "mean": 0.310559034348}, "beats_loudness_band_ratio": {"dmean2": [0.627363145351, 0.364651113749, 0.328518152237, 0.132116660476, 0.107837609947, 0.0521476641297], "median": [0.340664923191, 0.230935722589, 0.224793240428, 0.041167024523, 0.0459953397512, 0.014226465486], "min": [0.000101437675767, 8.42463123263e-05, 0.000269990268862, 0.000470404571388, 0.00135650008451, 0.000161808988196], "dvar2": [0.120213478804, 0.0753715634346, 0.0716121792793, 0.0179263912141, 0.00928799808025, 0.00487996451557], "dvar": [0.0385603681207, 0.025868145749, 0.0212912987918, 0.00639495113865, 0.0032624732703, 0.00245496886782], "dmean": [0.323254942894, 0.201961115003, 0.182892695069, 0.0734828263521, 0.0592070408165, 0.0281343702227], "max": [0.9476121068, 0.867289245129, 0.777211606503, 0.56832164526, 0.408876150846, 0.995892584324], "var": [0.0692378729582, 0.0339974053204, 0.0321323797107, 0.00761924963444, 0.00340054510161, 0.0173553451896], "mean": [0.381813824177, 0.274942755699, 0.253946334124, 0.0738700553775, 0.0631204843521, 0.0402054265141]}}, "lowlevel": {"barkbands_spread": {"dmean2": 5.086769104, "median": 12.5760240555, "min": 0.789411723614, "dvar2": 33.3783988953, "dvar": 15.4889678955, "dmean": 3.36138033867, "max": 151.414306641, "var": 73.1869506836, "mean": 13.738743782}, "melbands_spread": {"dmean2": 6.31725597382, "median": 13.7787418365, "min": 1.51222038269, "dvar2": 61.1497383118, "dvar": 26.7899646759, "dmean": 4.11085271835, "max": 165.734191895, "var": 384.561828613, "mean": 17.8495788574}, "hfc": {"dmean2": 4.04046583176, "median": 7.53545570374, "min": 1.21465186381e-16, "dvar2": 28.6913433075, "dvar": 19.3155479431, "dmean": 3.04021167755, "max": 73.6956176758, "var": 150.916763306, "mean": 12.3486537933}, "barkbands_kurtosis": {"dmean2": 5.19198942184, "median": 2.94252490997, "min": -1.96239030361, "dvar2": 273.063690186, "dvar": 112.097167969, "dmean": 3.22496747971, "max": 340.207336426, "var": 972.879882812, "mean": 8.77098464966}, "gfcc": {"mean": [-88.9599685669, 144.413848877, -133.1355896, 26.1655769348, -45.2934494019, -15.1265897751, -40.8709144592, 1.45446693897, -14.6473560333, -6.27957677841, -1.66192066669, -9.45555686951, -15.0025081635], "icov": [[0.000376020529075, -0.000725096149836, 0.000780408154242, -0.00100842909887, 0.00108495133463, -0.000681287201587, 0.000968542415649, -0.00105758348946, 0.000691704626661, -0.000507006538101, 0.000367757835193, -0.000864424509928, 0.000683264341205], [-0.000725096149836, 0.00213889824226, -0.00114538869821, 0.00177536776755, -0.00235508731566, 0.001446412527, -0.00148872379214, 0.00202121352777, -0.00121229724027, 0.00145441025961, -0.00126098294277, 0.00283581041731, -0.0016404815251], [0.000780408154242, -0.00114538869821, 0.00398941477761, -0.00229015643708, 0.00113577255979, -0.00261276005767, 0.00128565123305, -0.00140360626392, 0.00138642580714, -0.00177599943709, 0.00150976527948, -0.00301492842846, 0.000551843259018], [-0.00100842909887, 0.00177536776755, -0.00229015643708, 0.00693173520267, -0.00412166910246, 0.00144628994167, -0.000609961454757, 0.00236099259928, -0.00277956807986, 0.00151733215898, 0.000111170498712, 0.000996856251732, -0.00187546433881], [0.00108495133463, -0.00235508731566, 0.00113577255979, -0.00412166910246, 0.00931442528963, -0.00187737843953, 0.00190029991791, -0.00175872666296, 0.000750304723624, -0.0010940048378, 0.00041128511657, -0.0013224252034, -0.000258670072071], [-0.000681287201587, 0.001446412527, -0.00261276005767, 0.00144628994167, -0.00187737843953, 0.00995597802103, -0.00615252787247, 0.000907295150682, 0.000712189183105, -0.00159143726341, 0.00114399776794, 0.00227696914226, 0.000672404305078], [0.000968542415649, -0.00148872379214, 0.00128565123305, -0.000609961454757, 0.00190029991791, -0.00615252787247, 0.0130279380828, -0.00638433918357, -0.000348499655956, 0.00215965672396, -0.00198129541241, 0.000162752592587, 0.000712061242666], [-0.00105758348946, 0.00202121352777, -0.00140360626392, 0.00236099259928, -0.00175872666296, 0.000907295150682, -0.00638433918357, 0.0158493053168, -0.00402071326971, 0.00262145558372, -0.00101883872412, -0.00140509812627, -0.000100036515505], [0.000691704626661, -0.00121229724027, 0.00138642580714, -0.00277956807986, 0.000750304723624, 0.000712189183105, -0.000348499655956, -0.00402071326971, 0.0143538760021, -0.00489761913195, 0.00011261151667, 0.00132730882615, -0.00208508572541], [-0.000507006538101, 0.00145441025961, -0.00177599943709, 0.00151733215898, -0.0010940048378, -0.00159143726341, 0.00215965672396, 0.00262145558372, -0.00489761913195, 0.011478824541, -0.000615226279479, 0.00227208365686, -0.000363228667993], [0.000367757835193, -0.00126098294277, 0.00150976527948, 0.000111170498712, 0.00041128511657, 0.00114399776794, -0.00198129541241, -0.00101883872412, 0.00011261151667, -0.000615226279479, 0.0117908921093, -0.00591598683968, 0.00268374802545], [-0.000864424509928, 0.00283581041731, -0.00301492842846, 0.000996856251732, -0.0013224252034, 0.00227696914226, 0.000162752592587, -0.00140509812627, 0.00132730882615, 0.00227208365686, -0.00591598683968, 0.0191419869661, -0.0052143605426], [0.000683264341205, -0.0016404815251, 0.000551843259018, -0.00187546433881, -0.000258670072071, 0.000672404305078, 0.000712061242666, -0.000100036515505, -0.00208508572541, -0.000363228667993, 0.00268374802545, -0.0052143605426, 0.0146563388407]], "cov": [[27213.1542969, 4650.98632812, -3150.98583984, 666.066772461, -1188.12402344, -613.824401855, -1091.71057129, 211.590576172, -521.710449219, -231.625640869, 86.360786438, -47.0823974609, -595.044128418], [4650.98632812, 2111.27685547, -578.296630859, 47.1714401245, 22.9758071899, -226.356048584, -147.879394531, -52.5116615295, -20.7505111694, -126.070716858, 74.0999221802, -131.475845337, -1.50379538536], [-3150.98583984, -578.296630859, 845.672851562, 75.2919235229, 181.47076416, 184.782501221, 107.445068359, -21.6267604828, 55.781211853, 95.978805542, -72.8148422241, 47.4168319702, 89.835357666], [666.066772461, 47.1714401245, 75.2919235229, 322.0206604, 81.9228668213, -20.8931674957, -82.7163696289, -24.2092494965, 28.0613880157, 25.9971122742, -44.2776222229, 16.7681541443, 37.5679473877], [-1188.12402344, 22.9758071899, 181.47076416, 81.9228668213, 256.861816406, 15.0680055618, 23.2289104462, -32.3734321594, 52.0775642395, 17.1512737274, -14.6954202652, -10.2118034363, 70.9954071045], [-613.824401855, -226.356048584, 184.782501221, -20.8931674957, 15.0680055618, 221.843780518, 110.163574219, 32.3377151489, -1.32140552998, 35.4469718933, -25.7952213287, -4.81187486649, -17.6924228668], [-1091.71057129, -147.879394531, 107.445068359, -82.7163696289, 23.2289104462, 110.163574219, 216.230636597, 62.9036560059, 20.2080955505, -28.5618305206, 32.3763618469, -2.82566618919, 0.225399643183], [211.590576172, -52.5116615295, -21.6267604828, -24.2092494965, -32.3734321594, 32.3377151489, 62.9036560059, 113.352714539, 3.53636479378, -22.5348396301, 22.9096775055, 21.207326889, -19.0680942535], [-521.710449219, -20.7505111694, 55.781211853, 28.0613880157, 52.0775642395, -1.32140552998, 20.2080955505, 3.53636479378, 110.48122406, 35.2318115234, -5.31953620911, -12.8623256683, 36.5004043579], [-231.625640869, -126.070716858, 95.978805542, 25.9971122742, 17.1512737274, 35.4469718933, -28.5618305206, -22.5348396301, 35.2318115234, 136.655136108, -28.3942909241, -7.97547388077, 7.07107686996], [86.360786438, 74.0999221802, -72.8148422241, -44.2776222229, -14.6954202652, -25.7952213287, 32.3763618469, 22.9096775055, -5.31953620911, -28.3942909241, 124.929336548, 25.6577968597, -14.3569412231], [-47.0823974609, -131.475845337, 47.4168319702, 16.7681541443, -10.2118034363, -4.81187486649, -2.82566618919, 21.207326889, -12.8623256683, -7.97547388077, 25.6577968597, 91.1837692261, 13.8769340515], [-595.044128418, -1.50379538536, 89.835357666, 37.5679473877, 70.9954071045, -17.6924228668, 0.225399643183, -19.0680942535, 36.5004043579, 7.07107686996, -14.3569412231, 13.8769340515, 112.084289551]]}, "spectral_energyband_middle_low": {"dmean2": 0.00688965013251, "median": 0.0102862846106, "min": 3.231249746e-22, "dvar2": 8.46942639328e-05, "dvar": 3.80206838599e-05, "dmean": 0.00459051085636, "max": 0.0971787422895, "var": 0.0001564881386, "mean": 0.013893856667}, "melbands_crest": {"dmean2": 4.68303537369, "median": 12.1322984695, "min": 1.58126103878, "dvar2": 17.6533508301, "dvar": 7.16015481949, "dmean": 2.88782763481, "max": 32.4645652771, "var": 19.1724796295, "mean": 12.59856987}, "spectral_kurtosis": {"dmean2": 6.74758625031, "median": 7.24134922028, "min": -1.23541581631, "dvar2": 41.3860435486, "dvar": 14.2321996689, "dmean": 3.90056109428, "max": 64.7124328613, "var": 30.3843994141, "mean": 8.63666915894}, "spectral_rms": {"dmean2": 0.000865564623382, "median": 0.00391448987648, "min": 3.27524183989e-12, "dvar2": 8.98797281934e-07, "dvar": 4.95323490668e-07, "dmean": 0.000612062052824, "max": 0.0116040362045, "var": 3.9329752326e-06, "mean": 0.00406352756545}, "zerocrossingrate": {"dmean2": 0.00739426305518, "median": 0.03466796875, "min": 0.00537109375, "dvar2": 0.000131340842927, "dvar": 0.000117796917039, "dmean": 0.00604113377631, "max": 0.89404296875, "var": 0.017219947651, "mean": 0.0575249157846}, "silence_rate_60dB": {"dmean2": 0.0409403480589, "median": 0, "min": 0, "dvar2": 0.0450237318873, "dvar": 0.0200487170368, "dmean": 0.0204669013619, "max": 1, "var": 0.0887880697846, "mean": 0.0984812155366}, "erbbands_kurtosis": {"dmean2": 0.989402830601, "median": -0.694664716721, "min": -1.86623847485, "dvar2": 1.99283885956, "dvar": 0.843600809574, "dmean": 0.623707652092, "max": 22.6588439941, "var": 2.1906619072, "mean": -0.256769120693}, "erbbands": {"dmean2": [0.0795095339417, 0.464244455099, 1.33746755123, 4.04531288147, 5.96525621414, 7.93220567703, 13.2415504456, 21.408782959, 46.8335533142, 27.5239086151, 25.3749351501, 10.7509899139, 8.48230838776, 8.33491706848, 14.165345192, 12.9563875198, 14.5358629227, 13.9556217194, 8.61043930054, 9.4030380249, 7.73925971985, 10.4378480911, 7.87497520447, 11.661491394, 8.21099472046, 1.46246922016, 0.597904682159, 0.473477572203, 0.484242379665, 0.421308279037, 0.28329205513, 0.193584337831, 0.0743059590459, 0.0400859639049, 0.0203775558621, 0.00810827873647, 0.0022193940822, 0.000414410751546, 5.70855008846e-05, 1.28141382447e-05], "median": [0.00784802436829, 0.130565747619, 0.714276254177, 2.31491279602, 3.32062935829, 4.2717165947, 6.82617616653, 12.0346422195, 17.3679714203, 15.8661174774, 8.74452209473, 6.44929647446, 4.51932621002, 2.68770098686, 3.38530707359, 2.52121949196, 5.10180568695, 8.67854595184, 5.5043053627, 5.01256275177, 4.83908653259, 6.4670085907, 5.63631153107, 6.83153772354, 3.94848823547, 1.21384465694, 0.40327078104, 0.168026298285, 0.13432584703, 0.0949177369475, 0.054424636066, 0.0421603135765, 0.0127267148346, 0.00620234292001, 0.00269268010743, 0.000813855498563, 0.00016677757958, 3.08942944685e-05, 1.47327718878e-05, 1.9773367967e-05], "min": [5.42965766652e-22, 5.02461371521e-21, 2.88780545628e-20, 5.52301903406e-20, 1.57352280255e-19, 7.75701608742e-20, 3.58056605275e-19, 6.4656836244e-19, 1.04435812315e-18, 9.04633152222e-19, 1.14149880217e-18, 1.19751950576e-18, 1.00211711119e-18, 4.70794105615e-18, 3.68004465437e-18, 3.09720223462e-18, 4.13045938715e-18, 5.52764726469e-18, 1.01904151604e-17, 4.51668655877e-18, 7.51033177775e-18, 1.50324641141e-17, 8.77264330692e-18, 1.47757982419e-17, 1.85790489669e-17, 1.90291675691e-17, 1.70541415077e-17, 1.83760307205e-17, 1.71358868045e-17, 1.62430809909e-17, 1.22448149918e-17, 1.72916928904e-17, 1.65399743107e-17, 1.0297939541e-17, 7.86629737384e-18, 7.67069480157e-18, 3.01123397394e-18, 1.72407383578e-18, 3.87538640625e-19, 3.64359618145e-20], "dvar2": [0.0481421910226, 1.46084666252, 7.84763765335, 50.9268951416, 152.280761719, 283.02923584, 677.035095215, 1594.72058105, 8802.01367188, 3347.41796875, 4065.58203125, 759.463684082, 607.859558105, 706.114013672, 2797.47412109, 2196.99829102, 1665.31665039, 799.234741211, 403.312408447, 486.705169678, 277.072998047, 334.68548584, 168.983383179, 428.689178467, 321.86505127, 8.51976776123, 1.76964473724, 1.65112960339, 1.47382831573, 1.20009541512, 0.862927496433, 0.449282199144, 0.0459563843906, 0.0144022675231, 0.00360200507566, 0.000584593450185, 4.38153292635e-05, 1.71913245595e-06, 3.14583417094e-08, 3.30255045533e-10], "dvar": [0.0277506038547, 0.565600097179, 2.81241297722, 19.7285919189, 56.1388549805, 104.123527527, 273.215209961, 737.889648438, 4046.04736328, 1593.1484375, 2081.80419922, 399.444274902, 334.805206299, 344.650665283, 1350.56640625, 1253.78076172, 951.615539551, 428.272460938, 205.202545166, 221.172195435, 136.353439331, 181.594741821, 87.9579238892, 246.408172607, 174.226089478, 3.8036403656, 0.74925750494, 0.712462902069, 0.652371406555, 0.561217367649, 0.430150717497, 0.218202695251, 0.0210885275155, 0.00589319784194, 0.00142114958726, 0.00023201633303, 1.84743275895e-05, 7.26922053218e-07, 1.24468204632e-08, 1.48117892951e-10], "dmean": [0.0539186261594, 0.279012858868, 0.794907569885, 2.48346614838, 3.60356426239, 4.83354091644, 8.52405738831, 13.9198713303, 30.998632431, 18.3167591095, 17.7127895355, 7.51684474945, 5.93155956268, 5.6648068428, 9.57321357727, 9.65101623535, 10.5812091827, 9.94146347046, 6.0937795639, 6.14566135406, 5.23304510117, 7.39876461029, 5.4251203537, 8.36916828156, 5.87584495544, 0.963407635689, 0.385070711374, 0.310411125422, 0.315671801567, 0.27856194973, 0.187620535493, 0.127095937729, 0.0475820489228, 0.0249829981476, 0.0125489095226, 0.00495689501986, 0.00139300362207, 0.000263375783106, 3.54705880454e-05, 8.70776148076e-06], "max": [2.05623626709, 10.974524498, 30.0105133057, 82.9679946899, 156.810211182, 197.803222656, 282.423522949, 563.059387207, 1358.37658691, 1371.64978027, 988.028930664, 585.971679688, 565.633911133, 691.034545898, 1583.45788574, 1212.69335938, 769.552062988, 498.942016602, 402.516876221, 337.346252441, 345.900054932, 289.895843506, 205.404541016, 311.141387939, 321.522369385, 56.0001106262, 25.1997871399, 25.2975673676, 18.266834259, 17.2171726227, 19.2075023651, 20.0808010101, 3.91722536087, 1.69308876991, 0.523086607456, 0.177352741361, 0.0672201737761, 0.0188933331519, 0.00163890002295, 0.000159308256116], "var": [0.0479994863272, 0.569960594177, 3.14152765274, 38.6869888306, 80.1778564453, 194.204696655, 882.230834961, 2179.98120117, 10694.5009766, 3629.78515625, 8044.0234375, 1432.99157715, 1677.89685059, 1332.40820312, 5161.69775391, 4473.61376953, 3994.29418945, 1676.7557373, 728.369628906, 493.89263916, 607.921691895, 1001.19665527, 479.709197998, 1133.69775391, 609.562805176, 9.09941291809, 1.2185792923, 1.04906821251, 1.00195324421, 0.819246649742, 0.603820621967, 0.303910195827, 0.026216475293, 0.00556724658236, 0.00127175508533, 0.000209194404306, 1.96773526113e-05, 7.43382713608e-07, 1.05061683797e-08, 4.93492358089e-10], "mean": [0.0723733603954, 0.350328177214, 1.26960599422, 4.36743402481, 6.17747116089, 9.07752418518, 17.9231548309, 28.1172618866, 56.3209686279, 35.0990257263, 39.9445953369, 18.9290733337, 14.8895797729, 12.6623477936, 20.16173172, 19.7031555176, 22.9012413025, 22.443857193, 13.6490821838, 11.4890966415, 12.4408531189, 19.5983409882, 14.9527053833, 20.9652099609, 14.0879669189, 2.14617180824, 0.714618861675, 0.471299946308, 0.4604152143, 0.374715387821, 0.228903710842, 0.174813762307, 0.0568407438695, 0.0261505059898, 0.0128825018182, 0.0047749131918, 0.00134156947024, 0.000243754213443, 3.92895490222e-05, 2.61084951489e-05]}, "spectral_strongpeak": {"dmean2": 0.659898459911, "median": 0.623330950737, "min": 0, "dvar2": 0.693107843399, "dvar": 0.293050020933, "dmean": 0.408110678196, "max": 8.67902565002, "var": 0.896945953369, "mean": 0.958667993546}, "spectral_energy": {"dmean2": 0.00868418160826, "median": 0.015706313774, "min": 1.0995389573e-20, "dvar2": 0.000137766139233, "dvar": 6.97035502526e-05, "dmean": 0.00607275916263, "max": 0.138019993901, "var": 0.000326031557051, "mean": 0.0209562592208}, "average_loudness": 0.853437006474, "spectral_rolloff": {"dmean2": 452.340881348, "median": 710.595703125, "min": 86.1328125, "dvar2": 764050.0625, "dvar": 332436.96875, "dmean": 272.432830811, "max": 21404.0039062, "var": 10869466, "mean": 1458.59228516}, "spectral_centroid": {"dmean2": 263.787902832, "median": 931.384887695, "min": 208.670730591, "dvar2": 80201.3828125, "dvar": 41564.2734375, "dmean": 175.318878174, "max": 10940.1582031, "var": 377008.34375, "mean": 1040.09106445}, "pitch_salience": {"dmean2": 0.100295230746, "median": 0.617653727531, "min": 0.257423639297, "dvar2": 0.00725427316502, "dvar": 0.00283707003109, "dmean": 0.0619260258973, "max": 0.904846608639, "var": 0.0101636499166, "mean": 0.612026929855}, "spectral_energyband_middle_high": {"dmean2": 0.00133374135476, "median": 0.00161665410269, "min": 1.75200347446e-21, "dvar2": 5.6519033933e-06, "dvar": 3.51107814822e-06, "dmean": 0.00100389542058, "max": 0.0486367344856, "var": 2.56674466073e-05, "mean": 0.0036121995654}, "spectral_contrast_coeffs": {"dmean2": [0.075741879642, 0.0702734291553, 0.0538637116551, 0.0448023974895, 0.0390631109476, 0.0261665899307], "median": [-0.620515584946, -0.676234781742, -0.764576852322, -0.761176943779, -0.734000205994, -0.770449638367], "min": [-0.945280909538, -0.971893072128, -0.963796615601, -0.967213749886, -0.959690153599, -0.955695152283], "dvar2": [0.00369101087563, 0.00321532273665, 0.00193941604812, 0.00133717909921, 0.0010669779731, 0.000507680000737], "dvar": [0.00144999357872, 0.00131142325699, 0.000826672825497, 0.000538763706572, 0.000539336993825, 0.000233996994211], "dmean": [0.046289358288, 0.0436820425093, 0.0341015458107, 0.0281637720764, 0.0261236280203, 0.016782335937], "max": [-0.29958230257, -0.406944662333, -0.437963873148, -0.571608543396, -0.51556956768, -0.635673284531], "var": [0.00708700250834, 0.00809625722468, 0.00532520096749, 0.00308522768319, 0.00496420357376, 0.00180587859359], "mean": [-0.624433159828, -0.677642047405, -0.758375823498, -0.761175274849, -0.731168985367, -0.770700335503]}, "melbands_skewness": {"dmean2": 0.722029745579, "median": 2.3590927124, "min": -0.636088609695, "dvar2": 0.504679203033, "dvar": 0.21572740376, "dmean": 0.464098066092, "max": 10.4455509186, "var": 1.21659862995, "mean": 2.40585279465}, "spectral_spread": {"dmean2": 546178.375, "median": 2482880.25, "min": 1084155.625, "dvar2": 452860149760, "dvar": 304942874624, "dmean": 376625.65625, "max": 42000228, "var": 4819373785090.0, "mean": 3024574.5}, "dissonance": {"dmean2": 0.0340519398451, "median": 0.452958524227, "min": 0.257829755545, "dvar2": 0.000961376761552, "dvar": 0.000361140089808, "dmean": 0.0206897519529, "max": 0.499538809061, "var": 0.00107473507524, "mean": 0.447226166725}, "spectral_skewness": {"dmean2": 0.614424467087, "median": 1.73489177227, "min": 0.0112311476842, "dvar2": 0.291900753975, "dvar": 0.10442199558, "dmean": 0.362749755383, "max": 5.91637182236, "var": 0.35751581192, "mean": 1.82634484768}, "spectral_flux": {"dmean2": 0.0320114344358, "median": 0.0576065480709, "min": 1.0485890628e-10, "dvar2": 0.0011816205224, "dvar": 0.000527845171746, "dmean": 0.0202014464885, "max": 0.265627712011, "var": 0.00169974798337, "mean": 0.0642075911164}, "spectral_contrast_valleys": {"dmean2": [0.682887196541, 0.482876449823, 0.482168495655, 0.408747315407, 0.416075021029, 0.522825241089], "median": [-7.49514055252, -6.72034883499, -7.84644126892, -8.03764247894, -8.2753162384, -11.8287248611], "min": [-27.7344837189, -27.1205291748, -27.1604995728, -26.9087772369, -27.3220996857, -27.2938346863], "dvar2": [0.355973988771, 0.16426075995, 0.168100059032, 0.138395816088, 0.186153247952, 0.271452128887], "dvar": [0.166983500123, 0.0773690119386, 0.0817670151591, 0.0717578008771, 0.101198874414, 0.16595685482], "dmean": [0.425012201071, 0.299109697342, 0.308200746775, 0.268975228071, 0.294882535934, 0.397051393986], "max": [-5.15992736816, -4.88902044296, -5.58523607254, -5.96267175674, -6.33970403671, -9.01664733887], "var": [3.59350633621, 3.21308660507, 2.91183829308, 2.75340628624, 2.43251752853, 1.70187604427], "mean": [-7.79494380951, -7.05007362366, -8.14515972137, -8.34615898132, -8.6017036438, -11.9872674942]}, "erbbands_flatness_db": {"dmean2": 0.0271574389189, "median": 0.216865167022, "min": 0.0222198702395, "dvar2": 0.000612583826296, "dvar": 0.00035274963011, "dmean": 0.0196989327669, "max": 0.343032926321, "var": 0.00214029708877, "mean": 0.209345877171}, "spectral_energyband_high": {"dmean2": 5.12627557328e-05, "median": 2.63545352936e-05, "min": 7.98938210748e-21, "dvar2": 1.44470231334e-08, "dvar": 6.88145229688e-09, "dmean": 3.42737293977e-05, "max": 0.00219126790762, "var": 1.12448352851e-08, "mean": 5.72833050683e-05}, "spectral_entropy": {"dmean2": 0.245985776186, "median": 7.0078663826, "min": 5.57292938232, "dvar2": 0.0574147514999, "dvar": 0.0280817374587, "dmean": 0.169786840677, "max": 9.78214168549, "var": 0.211579605937, "mean": 7.04954528809}, "silence_rate_20dB": {"dmean2": 0, "median": 1, "min": 1, "dvar2": 0, "dvar": 0, "dmean": 0, "max": 1, "var": 0, "mean": 1}, "melbands_flatness_db": {"dmean2": 0.0347079709172, "median": 0.253953188658, "min": 0.00326514383778, "dvar2": 0.00104049022775, "dvar": 0.000521375564858, "dmean": 0.0240403581411, "max": 0.48301422596, "var": 0.00451603392139, "mean": 0.251062840223}, "barkbands": {"dmean2": [0.000154130335432, 0.00214806385338, 0.00144495093264, 0.0016879736213, 0.00220573181286, 0.00255223247223, 0.00280023505911, 0.00143156561535, 0.000473352090921, 0.000271885684924, 0.000394878879888, 0.000303544744384, 0.000319209939335, 0.000291493721306, 0.000171763909748, 0.000160783019965, 0.000211777587538, 0.000153579487232, 0.00023969700851, 3.07856316795e-05, 1.22477067634e-05, 1.33862367875e-05, 1.06620600491e-05, 6.57268265059e-06, 3.18960269396e-06, 1.37767426622e-06, 3.63622262967e-07], "median": [3.13094324156e-06, 0.000438962131739, 0.000742537318729, 0.000772351515479, 0.00161566329189, 0.001436955994, 0.000955585739575, 0.000575246056542, 0.000218226632569, 9.80341865215e-05, 7.57051602704e-05, 4.85889213451e-05, 9.05478809727e-05, 0.0001637487876, 8.65946640261e-05, 8.30488861538e-05, 0.000122751938761, 8.10794226709e-05, 0.000127250590594, 1.90363407455e-05, 5.21967467648e-06, 3.97028270527e-06, 2.08421192838e-06, 1.27956559481e-06, 4.66873842697e-07, 1.16803811068e-07, 2.11177031417e-08], "min": [8.40379123244e-24, 2.09962981875e-23, 3.1700785684e-23, 1.65642930286e-23, 4.62344939445e-23, 7.48220810868e-23, 6.95322449136e-23, 5.36877527512e-23, 5.67402910447e-23, 3.4584132246e-23, 1.69912838728e-22, 5.81714172555e-23, 9.93630894643e-23, 1.27931718701e-22, 1.63210752208e-22, 1.04452586522e-22, 2.29738156514e-22, 1.58392844183e-22, 2.71821803215e-22, 5.07533012554e-22, 3.90806968348e-22, 5.74746587008e-22, 4.18468218218e-22, 1.03103923413e-21, 1.02146879887e-21, 1.79482420755e-21, 2.79714739011e-21], "dvar2": [1.9319502087e-07, 3.05948960886e-05, 8.64382218424e-06, 9.39708752412e-06, 1.74712567969e-05, 1.9093080482e-05, 3.13368400384e-05, 1.00608112916e-05, 1.60904392033e-06, 6.62390732487e-07, 2.41403040491e-06, 1.15242301035e-06, 7.67646895383e-07, 3.41996610587e-07, 1.83183644253e-07, 1.3671738941e-07, 1.23827391008e-07, 7.2839036136e-08, 1.93107510427e-07, 4.37445457635e-09, 9.92561144386e-10, 1.0360149405e-09, 1.09334830078e-09, 4.33829333568e-10, 8.89581602825e-11, 1.65969807342e-11, 1.37248253127e-12], "dvar": [1.27512606696e-07, 1.42419348776e-05, 3.18384263664e-06, 3.74358887711e-06, 6.35494325252e-06, 8.55617508932e-06, 1.41950467878e-05, 4.88364821649e-06, 8.18276475911e-07, 3.0585150057e-07, 1.13121700451e-06, 6.37553455363e-07, 4.57701645473e-07, 1.75592248297e-07, 8.46931911269e-08, 6.39422310655e-08, 6.20792945938e-08, 3.53267282094e-08, 1.10854649904e-07, 1.85063631086e-09, 4.13131612254e-10, 4.63308752474e-10, 5.39916833464e-10, 2.06788433599e-10, 3.57255509897e-11, 6.81844814984e-12, 5.455882599e-13], "dmean": [0.000126764338347, 0.00138029386289, 0.000870634976309, 0.00103246863, 0.00136325566564, 0.00166284735315, 0.00186103140004, 0.000973012531176, 0.000325526081724, 0.000185847908142, 0.000261666340521, 0.000220508954953, 0.000232883146964, 0.000201324670343, 0.000112900845124, 0.000104419683339, 0.000143424840644, 0.000103500475234, 0.000172723797732, 1.97063545784e-05, 7.89631121734e-06, 8.72345299285e-06, 7.11802704245e-06, 4.2590177145e-06, 1.97780445887e-06, 8.5425369889e-07, 2.23257174525e-07], "max": [0.00602113176137, 0.0518471226096, 0.0313016697764, 0.0395468473434, 0.0517098978162, 0.0518302544951, 0.0757682770491, 0.0601986981928, 0.0231711063534, 0.0161191467196, 0.0464768782258, 0.0233265832067, 0.0199107956141, 0.00893058534712, 0.00713276024908, 0.0060415212065, 0.00471515953541, 0.0052051153034, 0.00644784234464, 0.00109139387496, 0.000609941314906, 0.000426076643635, 0.000702053366695, 0.000547838164493, 0.000106628504, 3.24249303958e-05, 1.04691380329e-05], "var": [2.88963292405e-07, 2.09195659409e-05, 4.70421218779e-06, 7.25631798559e-06, 1.1788937627e-05, 2.70031687251e-05, 3.36863195116e-05, 1.55439429363e-05, 2.73188879873e-06, 1.36097105496e