{"tonal": {"thpcp": [1, 0.77035588026, 0.390691816807, 0.312461197376, 0.229557603598, 0.224395766854, 0.306857168674, 0.257579386234, 0.199458017945, 0.245085790753, 0.21048489213, 0.196307182312, 0.277983903885, 0.289697647095, 0.468836963177, 0.649217307568, 0.442523926497, 0.235757827759, 0.21544469893, 0.206984549761, 0.284687966108, 0.506410717964, 0.496209204197, 0.355802208185, 0.402159720659, 0.350431382656, 0.249020859599, 0.259354710579, 0.260624557734, 0.362603217363, 0.45910063386, 0.333683252335, 0.264958262444, 0.317771792412, 0.314065694809, 0.598765790462], "hpcp": {"dmean2": [0.140001684427, 0.140607774258, 0.120338715613, 0.1347091645, 0.123085260391, 0.122863277793, 0.155374333262, 0.16902475059, 0.208089947701, 0.227348521352, 0.21236294508, 0.156401395798, 0.146540477872, 0.148698747158, 0.180386781693, 0.237693890929, 0.240829825401, 0.21348837018, 0.207425236702, 0.194300040603, 0.16963519156, 0.155054330826, 0.166591361165, 0.205368623137, 0.213812038302, 0.18846476078, 0.16274484992, 0.170086011291, 0.197492972016, 0.282013863325, 0.313341587782, 0.317765951157, 0.246399953961, 0.185057714581, 0.136702150106, 0.136802747846], "median": [0.0317885093391, 0.0307992212474, 0.0314436815679, 0.0313870310783, 0.0283381026238, 0.0334362089634, 0.0377377569675, 0.0443909987807, 0.0767784416676, 0.104250006378, 0.0749189555645, 0.0258505083621, 0.0178226903081, 0.0173836387694, 0.0454183071852, 0.0888447985053, 0.0853642970324, 0.064826130867, 0.0435139611363, 0.0401737987995, 0.0334078222513, 0.0289231166244, 0.0312559232116, 0.0454663969576, 0.0452500507236, 0.0390226766467, 0.0291220508516, 0.0277177561074, 0.0401475131512, 0.149213314056, 0.257664620876, 0.201559126377, 0.0614005476236, 0.0306084826589, 0.0274750292301, 0.0304440148175], "min": [0, 0, 0, 0, 0, 0, 0, 0, 0, 0, 0, 0, 0, 0, 0, 0, 0, 0, 0, 0, 0, 0, 0, 0, 0, 0, 0, 0, 0, 0, 0, 0, 0, 0, 0, 0], "dvar2": [0.0604124777019, 0.0570252016187, 0.0436067059636, 0.0532160140574, 0.0486162044108, 0.0444400943816, 0.0678334385157, 0.0624802038074, 0.0817743167281, 0.0879400894046, 0.0857373997569, 0.0748296827078, 0.0773480087519, 0.0745219886303, 0.0808138772845, 0.101604633033, 0.105099499226, 0.0926713421941, 0.0952197387815, 0.0897643715143, 0.0817080512643, 0.0751628279686, 0.0760236382484, 0.0955581068993, 0.0965809300542, 0.0823693722486, 0.0736917704344, 0.0815820768476, 0.0848630815744, 0.108055144548, 0.127075850964, 0.115019209683, 0.103026002645, 0.0875559672713, 0.0538506954908, 0.056432954967], "dvar": [0.0257971361279, 0.0221271663904, 0.0165061112493, 0.0207683127373, 0.0182246547192, 0.0163510944694, 0.0264161806554, 0.0246281996369, 0.0319405011833, 0.0389636605978, 0.0345764644444, 0.0282224658877, 0.0293711610138, 0.028238305822, 0.0293443407863, 0.0394482053816, 0.0419273488224, 0.0347355492413, 0.0372781194746, 0.0343450903893, 0.0303001720458, 0.0283179655671, 0.0277258660644, 0.0359278619289, 0.039314545691, 0.0317138805985, 0.0281700175256, 0.0320116095245, 0.0328690595925, 0.0410901606083, 0.0533826462924, 0.0455486699939, 0.0403088666499, 0.034103423357, 0.0204209182411, 0.0214542523026], "dmean": [0.0836825445294, 0.0826293751597, 0.0709272623062, 0.0795292034745, 0.0721956938505, 0.0706450268626, 0.090599745512, 0.0995787531137, 0.125504568219, 0.138475552201, 0.126309245825, 0.0905895233154, 0.0841746851802, 0.085142351687, 0.104986853898, 0.141780778766, 0.144071370363, 0.123522490263, 0.122574195266, 0.113163582981, 0.0977905765176, 0.0903619602323, 0.0959078669548, 0.119398623705, 0.126870512962, 0.109983086586, 0.0945272371173, 0.0986700430512, 0.115259312093, 0.167649522424, 0.184599742293, 0.187686622143, 0.142569839954, 0.107330940664, 0.0795817822218, 0.0798474103212], "max": [1, 1, 1, 1, 1, 1, 1, 1, 1, 1, 1, 1, 1, 1, 1, 1, 1, 1, 1, 1, 1, 1, 1, 1, 1, 1, 1, 1, 1, 1, 1, 1, 1, 1, 1, 1], "var": [0.0573978722095, 0.0374443344772, 0.0201598610729, 0.033874373883, 0.0235161501914, 0.0176689382643, 0.0409770868719, 0.0372013710439, 0.0662287175655, 0.113931283355, 0.0608767569065, 0.0336839146912, 0.0356342494488, 0.0310521069914, 0.0330471694469, 0.0703778713942, 0.0690506398678, 0.0437104515731, 0.068908713758, 0.0548226311803, 0.0320630595088, 0.0432969257236, 0.0358818210661, 0.0529755167663, 0.0842947587371, 0.0478240400553, 0.0368432961404, 0.0604761280119, 0.0442777425051, 0.0676803961396, 0.144601732492, 0.094356328249, 0.0538930520415, 0.053482376039, 0.0289226714522, 0.0257780086249], "mean": [0.128422528505, 0.107799328864, 0.0834750011563, 0.102570638061, 0.0880898460746, 0.0821563452482, 0.116338796914, 0.121241107583, 0.196212545037, 0.271703362465, 0.185200303793, 0.0986668020487, 0.0901655703783, 0.0866249203682, 0.119144514203, 0.211937502027, 0.207668080926, 0.148906469345, 0.168307512999, 0.146658733487, 0.104217499495, 0.108542315662, 0.109073758125, 0.151752755046, 0.192137807608, 0.139649480581, 0.11088745296, 0.132990390062, 0.131439357996, 0.250588953495, 0.41850912571, 0.322400957346, 0.163508087397, 0.130767866969, 0.0960719510913, 0.093911677599]}, "tuning_equal_tempered_deviation": 0.0384629666805, "chords_changes_rate": 0.0481867864728, "key_key": "C", "tuning_diatonic_strength": 0.684535861015, "key_scale": "minor", "chords_number_rate": 0.00298062595539, "tuning_frequency": 442.03793335, "tuning_nontempered_energy_ratio": 0.732126355171, "chords_histogram": [40.4868354797, 3.47739696503, 3.27868843079, 0.57128661871, 6.38350725174, 0.496770977974, 0, 13.5866861343, 5.04222536087, 10.978638649, 1.26676607132, 3.82513666153, 1.46547436714, 0, 0.273224055767, 0, 0, 0, 0, 0, 0.273224055767, 0.248385488987, 6.35866880417, 1.9870839119], "key_strength": 0.849130749702, "chords_key": "C", "chords_strength": {"dmean2": 0.00980467163026, "median": 0.556721925735, "min": 0.239732712507, "dvar2": 7.90779013187e-05, "dvar": 8.14631712274e-05, "dmean": 0.0107388161123, "max": 0.821558177471, "var": 0.0104931043461, "mean": 0.55608612299}, "chords_scale": "minor", "hpcp_entropy": {"dmean2": 1.1043201685, "median": 1.88269603252, "min": 0, "dvar2": 0.793222606182, "dvar": 0.291497647762, "dmean": 0.651698589325, "max": 4.17684221268, "var": 0.572172999382, "mean": 1.84450137615}}, "metadata": {"audio_properties": {"equal_loudness": 0, "codec": "mp3", "downmix": "mix", "sample_rate": 44100, "analysis_sample_rate": 44100, "bit_rate": 128000, "md5_encoded": "82f1881d8d8017c3980cd2a565bf5fee", "length": 186.880004883, "replay_gain": -10.4779167175, "lossless": false}, "version": {"essentia_build_sha": "c0e182ba78c2de26e491b7b7a4a2c98c1ed34208", "essentia": "2.1-beta2", "extractor": "music 1.0", "essentia_git_sha": "v2.1_beta2-2-gbb40004"}, "tags": {"title": ["Nur kein Genieren"], "language": ["deu"], "albumartist": ["Michael Kunze & Sylvester Levay"], "musicbrainz_releasegroupid": ["b5f4e8bb-8c0c-35b0-99c6-54dc3f410f4b"], "musicbrainz_recordingid": ["0208f305-3b34-4981-9c79-193aa181e1f7"], "musicbrainz_albumartistid": ["7aa5ea5a-9017-4a56-92db-ea253c213a7f"], "discnumber": ["1/1"], "bpm": ["110"], "musicbrainz album type": ["soundtrack"], "musicbrainz album status": ["Official"], "acoustid_fingerprint": ["AQADtEySSFuUJTheBoeP9NCeI79wPkf4HM0DXT3iC6WP9F-gI36HHtfxo5t-_MV7JCfSG6j8CE-io0yqHduORLmLHMea6qhsw-yHWjxycQo0vphSxJaRvwxOXtC4MMSejUgP5PgvJM6P6sc3XGKDKb-CMj04D_l4Q_0QneFwhnhiMmh81MePY8-Fq0edg0J_CWfWBfuzoZKF5ioSN9mQFz-qjYdf_HDjBxePpAhzY2d2XD-YhNGOFvsYDn9QEv4xiYtC5AqUH3myzMGlV8GPKa3QD8_0IMx0JG06NNpy_AvO8Wgu9CFi3UjyD1f0o1Ocwzv6B38uHNHzQ1fKIFxJEk30HF_yGP0SI0tKedBPhAkvWMkPRhST45fwnBWqY8p1fBnOIz8eHRp95PhPXDwe8cbh4-h1HM9enPnxC82PH_mhkbmKX4goXqji5fDIYzt-XMkPt0J_HI9yNDVChdCN-EHPPOjp4D3G5-gV4SbK5GAIH0l0B7kU4x-eHHvwSQqqw88j_IphXnNwPaCa4s_xXMUuhDd0RNeFO6oEnsePiRmPH_-x5RvC39B15MgvSN4R5lEqTN9xBeVx4xSNT3CaE_n4Dar5IGfWYMqCc0KDHl9OhElLaM8SvLiOKTv0wz_yPLh5ESlvaN8RNje8aah14ymDfhuaMKGKyym-WkK-RxDVHPF6HG-O5wFyy3AjysNj5DmeH16iCw-PS4G_5EiuI2fg7MKj4Hnwh4GPj0FOySmS9fiPH_3xomHsoBeLNkO630juh-iWWaj8wHuIPIf2yEeeHNWVBGH0HPpC5IlyhLoCvxD6EZcoQxsfI95x9oEbneifIJehXXCo5AgfUgifBKKeI2SUDJfQnAquFA8eJka7I7le5E6K5jn6Ig-Fe5nQHCUP_UH44xGVw1wUnDpOGM8jhCQvyIpzOFcmnCHeIMzOqCh-IR665jK-iBB_XEivHH0u7Df-omuIiiIuZDGHZpWh00bcJviMH30P30V__DniTULyF2Sl4Do9tBE3XEfaV4HW5SkuPOHRPKh-lNRhqekgTso21CnyoBeaM4_xKSeOK0O_D00oIj-Y79ByPDrSm8i-EvclPOygXDpikQ16Hs2JZ8ceKV2IXGpwZYe4HnmZCf-NbO_gozqDxwc1Shb-B_t2VFJOyOfxc0KYo3bwZNuCUxfaC03ELEPeFuoRounxHY-SC6c1oflxWkieZEGc6SSeo3qKz_hy_PiDVDpUKUGYOkFPI3-Opod2zcEp5cdj5ThSHP-I6ehElfh-NDlCdomhGw1-o-Fy7LHwxMHfCPeg6YEpC90UGjlJoYk--Ar6PAvyHbpQO1kQ5h-O7x2eMnGGPBdR6B_SKzlO9EfPwz3i1IKfL9C0Cz9yJRnxHI9-5Dmg_ZEQpi--qCrOo_QLx0dIBjpF5DKj4aFyPDkeIVQORwx0Zlk2pK2moYz04CwaJ6h1PC-e9YGTMMNlIof2Dk2VBfkRvoLYF_lu41Oy4jvMBaFzQdcfCnmCJiiz4c2KB1c-hPGhSV2KXBOeHx9OpniGI5-WHvrCoY8Ed8sRXiKO82g_fPtw5sKPfFohrvmI0MmDWzIeNHmC6cdTgpceRLokaHly5PASvBOD9whzaGtyRNcSNEf1p2BuDk1HRN-hp8oRJpJICc9TbE-UDH2I5DTCBx4TRWtgjiF6fKK44FuOssqRLGuMv8G_BbmPXgjzCTs0ihca6UKOE5U7CV8OfypyJMvYUMI54Tv6DmFyyE2IvEcT_cERcxT0Ik2aHjVO-ZiaLcRLsBKP_EiWHeN6dCF88Th8ZhImR0MuHdp0pPtRXQ1ufbiiR6gF60TPIKKa4_qg_Yh2IZdaiIs0KmB-_FAUkQhFHs0yhiFK5hP-G29qNBX6YObxZR4uxxFRKgebnWh-4ddwTBmlIJm2qQijSkSfCz8-HOcxPXwKPw6O3NCiBllPD00jBt2OmeyC3yUKX-iRR4HKPRny5XiSiFnRnEcv4RyRCxo3xQgVBT-l4B8uofkR_lCdI4_UBk-6CJX-DI5zdIh-6MjzFJ-Fh0zUgJGDk8iXC3oVRgjT45HOo9I_MKmyaMIf7D_65kJTZbivInmRV1dwRy1-PDnKVXCVHz094MelCy-HONOO2OmMHp9xBc_ywOeR7Ij94AkThQ9-oVa-wExyeMzioqfRE81z5Fl0aCkRyvjxYJcbvEdteDkuLRPO45KQbA_-IxfKx0nR5mdwbapxScSbnJgSmspRPOtx9ugPW5yCe4eP8Ejq3Pij4M-EsycehaikBdbRW_j24cGT4_qO54c__PhX9AlrNNWDM4eeHZXI4Mnyw0dXNrizGP2hKxeHfspxRSlxGc2OsAuSSslndHtQOTPyvEgGPwxqHU8uCU8Oc7hyPI7wI7wUaFHiSQr-41CU_tAuZwjvYspWNUXzRyv6BhfM_Lj649UR5kkqJHOKb4cjHs-n4BfeEf5xxM-RcNKLX-hmNMuT4znqzWjMxKg3I8-PhMyWlai0o9Zz5A70DEc65katZ4jnOIE-Iowi8fg1_EGs5zhEZic-1Tl0pNuJboqSoxLZJEa6HHpw5ErG4e2F9CSSLWTwJDl6NE-Do52GPhxeFZH6B1qeWMPF40c3KpuQMuYw9_gPf0ijQ89YlD_6Cj--HJV5fP0Rqk9Q5jleMkStwJcc9ClCBp4Ww-7RpxGeR0auHH04RNt7fIe2JriYBod34lke6LrwQ0seH7WPfMmJXcd3oUceZXC1pHgiHseUkzgffKqEizxKUvCPqsk-YCf0HOSoUgoYQwxQAhBgBADKWIYYAsQIRQAgyiAhGABCIAEEEACAIAQwRkAigAPCGUIocJYcgwASggBgJFFQEQkQQEYQIRhADkhmBABAMUKEMgASBZRAgBDiJEGCECYQIEIYIAzBQABHFJCIOASUYEQQQQBgCCDKDGRBAQWYAAQaxYhRgjgQBTFEOPgMp0IQBQQAQgOlIZBICAkMcYAARgAzVnIDAAKECkeEYYAYYuCQTChhIGJIAAGEw4gpYhggihAgACEEAAMIAQowQJVgxlglkSGCAQ6QAQpoJhjAQjAkECGKEUAAEUYIIIQxjgAgpFMEIE0AEMQhACwBBEEpLABSIA0JMkoIJQABmAkAhCJEKQIUgMAIAhwwhghghRACEeEAAEQhQAhyCDChFAACKUSMEcQQhogBQgAjkHBAGCAEAAYIUZgxAgikCACAICIUMIBoIwgVjABmDHMECOKYYAQ4AAARAAYghDFAEEIIoQZAIpAUQhEmDAgAKMAIUI4BATQAjBLlhCHCKCKMAkwoQqRQziBgwGKAKASWQswIIAxCAABFRCKMCMMYYUYABAC1hClhAIFGGYKoE4IBAYBBxAIFBQdEGAUcIwAYaw4SwgBCpDDACSQoIsAZBwRVABBmDEEKOCcMACIIAgAwQBBBhHFAKCIEAcIABIASyhAshGCCDAGccQQBgYAXAACCmBAGCCekIQJAZpBRAhghkGPEICegAkICAgRhRggFDBAeAAAFcUQQZ5FS0DjIABDIAEEFwMIDZ4iAZADKgIKIAUE1AMIAIQQxRFmBCDGEAcEAIcYiQBYiRgBGBCGIAYUIUQIIBoQgAADErGESQIEMI8ggBiEhiClhAABCAQSIEIAIoYhgwgEBBUCOAOQgAIQRISFHRDoHmBFCAgA4EcwxAwAywCIgEAAAGMKUEEAKAQUj1CAmADEAKKCEUsQQRAQQCAwGiBHOCCaIIIBJwIBpDBChgCIOKQ"], "date": ["1992"], "file_name": "disc=01-track=17-title=Nur-kein-Genieren-(year=1992-album=Elisabeth-(Originalaufnahmen-aus-dem-Musical)-artist=Michael-Kunze-&-Sylvester-Levay).128kbps_.mp3", "album": ["Elisabeth (Originalaufnahmen aus dem Musical)"], "script": ["Latn"], "originaldate": ["1992"], "musicbrainz_albumid": ["4293d9f9-e7a9-47dc-92eb-374252e821ca"], "artist": ["Michael Kunze & Sylvester Levay"], "artistsort": ["Kunze, Michael & Levay, Sylvester"], "tracknumber": ["17/26"], "musicbrainz album release country": ["AT"], "albumartistsort": ["Kunze, Michael & Levay, Sylvester", "Kunze, Michael & Levay, Sylvester"], "musicbrainz_artistid": ["7aa5ea5a-9017-4a56-92db-ea253c213a7f"]}}, "rhythm": {"bpm_histogram_first_peak_bpm": {"dmean2": 0, "median": 96, "min": 96, "dvar2": 0, "dvar": 0, "dmean": 0, "max": 96, "var": 0, "mean": 96}, "bpm": 95.8016204834, "bpm_histogram_second_peak_spread": {"dmean2": 0, "median": 0.453125, "min": 0.453125, "dvar2": 0, "dvar": 0, "dmean": 0, "max": 0.453125, "var": 0, "mean": 0.453125}, "bpm_histogram_first_peak_weight": {"dmean2": 0, "median": 0.246835440397, "min": 0.246835440397, "dvar2": 0, "dvar": 0, "dmean": 0, "max": 0.246835440397, "var": 0, "mean": 0.246835440397}, "onset_rate": 3.55810165405, "beats_position": [0.626938760281, 1.26548755169, 1.90403628349, 2.54258489609, 3.1811337471, 3.8196823597, 4.45823097229, 5.08516979218, 5.71210861206, 6.33904743195, 6.96598625183, 7.59292507172, 8.2198638916, 8.83519268036, 9.47374153137, 10.1122903824, 10.7392292023, 11.3777770996, 12.0047159195, 12.6316547394, 13.2585935593, 13.8855323792, 14.512471199, 15.15102005, 15.7895689011, 16.4165077209, 17.0434455872, 17.6703853607, 18.2973232269, 18.9474830627, 19.574420929, 20.1897506714, 20.8050785065, 21.43201828, 22.0589561462, 22.6858959198, 23.312833786, 23.9397735596, 24.5783214569, 25.2052612305, 25.8205890656, 26.4475269318, 27.0860767365, 27.7130146027, 28.3399543762, 28.9785022736, 29.6170520782, 30.2555999756, 30.8941497803, 31.5210876465, 32.1596374512, 32.7053070068, 33.2625846863, 33.7966423035, 34.3190917969, 34.8415412903, 35.3755989075, 35.9096603394, 36.455329895, 37.000995636, 37.5350570679, 38.0807266235, 38.6263923645, 39.1720619202, 39.7293434143, 40.2750091553, 40.8206787109, 41.3663482666, 41.9120178223, 42.4692955017, 43.0149650574, 43.5722427368, 44.1179122925, 44.6635818481, 45.2092514038, 45.7549209595, 46.3005905151, 46.8578681946, 47.4035377502, 47.9492073059, 48.5064849854, 49.052154541, 49.5978240967, 50.1434898376, 50.6891593933, 51.234828949, 51.7804985046, 52.3377761841, 52.8834457397, 53.4291152954, 53.9747848511, 54.5204544067, 55.0777320862, 55.6350097656, 56.1922874451, 56.7495689392, 57.3068466187, 57.8409042358, 58.3749656677, 58.9322433472, 59.4779129028, 60.0351905823, 60.5924720764, 61.1497497559, 61.6954193115, 62.2178688049, 62.7635345459, 63.2975959778, 63.8432655334, 64.3889312744, 64.9462127686, 65.5267105103, 66.107208252, 66.6993179321, 67.2798156738, 67.8487091064, 68.4175949097, 68.9864807129, 69.566986084, 70.1939239502, 70.8092498779, 71.4245758057, 72.0399093628, 72.6552352905, 73.2821731567, 73.9091110229, 74.5360565186, 75.1629943848, 75.789932251, 76.4052581787, 77.0205917358, 77.6475296021, 78.2744674683, 78.9014053345, 79.5283432007, 80.1552810669, 80.7822189331, 81.3975524902, 82.012878418, 82.6398162842, 83.2667541504, 83.8936920166, 84.5206298828, 85.1475753784, 85.7745132446, 86.4014511108, 87.0167770386, 87.6321105957, 88.2590484619, 88.8859863281, 89.4897003174, 90.093421936, 90.7203598022, 91.3472976685, 91.9742355347, 92.5663452148, 93.158454895, 93.7505645752, 94.3426742554, 94.946395874, 95.5384979248, 96.130607605, 96.7111129761, 97.2916107178, 97.8837203979, 98.4758224487, 99.0679321289, 99.6484298706, 100.240539551, 100.821044922, 101.413146973, 102.005256653, 102.632194519, 103.259140015, 103.886077881, 104.431747437, 104.977409363, 105.499862671, 106.033920288, 106.556373596, 107.090431213, 107.636100769, 108.181770325, 108.715827942, 109.261497498, 109.807167053, 110.352828979, 110.898498535, 111.444168091, 112.001449585, 112.558731079, 113.104400635, 113.638458252, 114.184127808, 114.729797363, 115.287071228, 115.821128845, 116.366798401, 116.912467957, 117.469749451, 118.027030945, 118.58430481, 119.129974365, 119.675643921, 120.221313477, 120.766983032, 121.312652588, 121.858322144, 122.403991699, 122.949661255, 123.483718872, 124.017776489, 124.563446045, 125.109115601, 125.643173218, 126.177230835, 126.711288452, 127.256958008, 127.802627563, 128.336685181, 128.893966675, 129.43963623, 129.985305786, 130.54258728, 131.088256836, 131.633926392, 132.179595947, 132.713653564, 133.236099243, 133.77015686, 134.304214478, 134.826660156, 135.360717773, 135.906387329, 136.440444946, 136.974502563, 137.508575439, 138.042633057, 138.576690674, 139.110748291, 139.644805908, 140.190475464, 140.73614502, 141.281814575, 141.827484131, 142.361541748, 142.895599365, 143.429656982, 143.975326538, 144.544219971, 145.101501465, 145.728439331, 146.366973877, 146.993927002, 147.620864868, 148.259414673, 148.897949219, 149.536499023, 150.16343689, 150.801986694, 151.440536499, 152.079086304, 152.694412231, 153.332962036, 153.971511841, 154.598449707, 155.225387573, 155.852325439, 156.479278564, 157.106216431, 157.733154297, 158.383300781, 159.010253906, 159.637191772, 160.275741577, 160.914276123, 161.541213989, 162.168167114, 162.79510498, 163.410430908, 164.014144897, 164.629470825, 165.256408691, 165.860137939, 166.463851929, 167.067565918, 167.671295166, 168.251785278, 168.843902588, 169.447616577, 170.062942505, 170.666656494, 171.258773804, 171.850875854, 172.477813721, 173.104751587, 173.720092773, 174.335418701, 174.962356567, 175.600906372, 176.251068115, 176.866394043, 177.493331909, 178.120269775, 178.770431519, 179.397369385, 180.024307251, 180.651245117, 181.289794922, 181.928344727, 182.566894531, 183.158996582, 183.762710571, 184.366439819, 184.95854187, 185.55065918, 186.154373169], "beats_loudness": {"dmean2": 0.015704439953, "median": 0.0129555687308, "min": 2.54842660752e-07, "dvar2": 0.000251700956142, "dvar": 8.80769948708e-05, "dmean": 0.00927551742643, "max": 0.0692106634378, "var": 0.000264599046204, "mean": 0.0187186915427}, "danceability": 1.01365101337, "bpm_histogram_second_peak_weight": {"dmean2": 0, "median": 0.221518993378, "min": 0.221518993378, "dvar2": 0, "dvar": 0, "dmean": 0, "max": 0.221518993378, "var": 0, "mean": 0.221518993378}, "beats_count": 317, "bpm_histogram_second_peak_bpm": {"dmean2": 0, "median": 110, "min": 110, "dvar2": 0, "dvar": 0, "dmean": 0, "max": 110, "var": 0, "mean": 110}, "bpm_histogram_first_peak_spread": {"dmean2": 0, "median": 0.476510107517, "min": 0.476510107517, "dvar2": 0, "dvar": 0, "dmean": 0, "max": 0.476510107517, "var": 0, "mean": 0.476510107517}, "beats_loudness_band_ratio": {"dmean2": [0.247090727091, 0.289212048054, 0.237306505442, 0.331543952227, 0.179596751928, 0.079746298492], "median": [0.0770837888122, 0.188779190183, 0.221883922815, 0.212250798941, 0.0977137088776, 0.0250468924642], "min": [0.00425159046426, 0.000294234981993, 0.000340508035151, 0.000641495978925, 0.000337111210683, 0.000106314248114], "dvar2": [0.0781496837735, 0.0723602995276, 0.0385037921369, 0.0961834341288, 0.0286638475955, 0.0168469045311], "dvar": [0.0307424981147, 0.0252481345087, 0.0138006266207, 0.0348024815321, 0.0107343364507, 0.00569491880015], "dmean": [0.142012953758, 0.16664147377, 0.137427315116, 0.188545078039, 0.103604778647, 0.0440418161452], "max": [0.997145950794, 0.842851102352, 0.822293579578, 0.893436014652, 0.667315542698, 0.578567624092], "var": [0.0510961264372, 0.0354769788682, 0.0236974116415, 0.0494996719062, 0.0145333688706, 0.00390355940908], "mean": [0.165781155229, 0.234050735831, 0.237356245518, 0.276201874018, 0.132242053747, 0.0429144911468]}}, "lowlevel": {"barkbands_spread": {"dmean2": 6.74224710464, "median": 15.5943851471, "min": 0.416748374701, "dvar2": 90.5437240601, "dvar": 44.929145813, "dmean": 4.50704479218, "max": 124.880363464, "var": 148.574050903, "mean": 17.8487243652}, "melbands_spread": {"dmean2": 10.2075967789, "median": 21.2667884827, "min": 0.52806866169, "dvar2": 274.200164795, "dvar": 130.770004272, "dmean": 6.85210227966, "max": 282.294769287, "var": 393.424194336, "mean": 25.0681533813}, "hfc": {"dmean2": 6.24790716171, "median": 6.70163726807, "min": 1.1187288236e-16, "dvar2": 108.488395691, "dvar": 56.828212738, "dmean": 4.60788965225, "max": 128.131866455, "var": 375.625366211, "mean": 15.3688831329}, "barkbands_kurtosis": {"dmean2": 5.15406799316, "median": 0.708992362022, "min": -1.9026247263, "dvar2": 718.891235352, "dvar": 291.716796875, "dmean": 3.23045992851, "max": 916.56829834, "var": 2297.61450195, "mean": 7.61029148102}, "gfcc": {"mean": [-99.6927642822, 107.23588562, -145.98046875, 8.5969171524, -57.0828285217, 3.38022375107, -43.388343811, 3.26838111877, -28.0791454315, -9.9856300354, -8.18805885315, -6.53480100632, -10.9862709045], "icov": [[0.0001769651426, -0.000238523964072, 0.000387766689528, -0.000234827035456, 0.000430602551205, -0.00020818648045, 0.00037199651706, -0.000369192450307, 0.000560212123673, -1.72679465322e-05, 0.000431390450103, -8.14841623651e-05, 0.000442586082499], [-0.000238523964072, 0.00159150082618, -0.0008549336344, 0.000904688495211, -0.0011671744287, 0.00137175025884, -0.00108087842818, 0.00177791342139, -0.0018208558904, 0.00190296687651, -0.000848484400194, 0.00155100401025, -0.000542331836186], [0.000387766689528, -0.0008549336344, 0.00214878842235, -0.000921378727071, 0.000354399438947, -0.00170808599796, 0.001405662857, -0.000881733489223, 0.000943683902733, -0.000285326008452, 0.001862283214, -0.00136908958666, 0.000881698157173], [-0.000234827035456, 0.000904688495211, -0.000921378727071, 0.00323662557639, -0.00121652928647, 0.000561172724701, -8.78741848283e-05, 0.000530492223334, -0.00106459611561, 0.000719996052794, -0.000465272256406, 0.00146815285552, -3.88796252082e-06], [0.000430602551205, -0.0011671744287, 0.000354399438947, -0.00121652928647, 0.00507802888751, -0.000564004061744, -0.000474608037621, -0.00161276385188, 0.00032344966894, -5.17421249242e-05, 0.000170888815774, 0.000549351680093, 0.000982300145552], [-0.00020818648045, 0.00137175025884, -0.00170808599796, 0.000561172724701, -0.000564004061744, 0.00655659707263, -0.00296325795352, 0.00158052938059, -0.000714624067768, -5.90113850194e-05, 0.000367245462257, 0.000801035086624, 0.000757378234994], [0.00037199651706, -0.00108087842818, 0.001405662857, -8.78741848283e-05, -0.000474608037621, -0.00296325795352, 0.00631957361475, -0.00093778752489, 0.0028708872851, -0.000521248497535, -0.000151292639202, 0.00045029760804, 0.000222284041229], [-0.000369192450307, 0.00177791342139, -0.000881733489223, 0.000530492223334, -0.00161276385188, 0.00158052938059, -0.00093778752489, 0.0088117076084, -0.00324032502249, 0.00210490101017, -0.00187847425696, 0.000761845323723, 0.000391722220229], [0.000560212123673, -0.0018208558904, 0.000943683902733, -0.00106459611561, 0.00032344966894, -0.000714624067768, 0.0028708872851, -0.00324032502249, 0.0106011582538, -0.00367281376384, 0.00240703253075, -0.00105318671558, -0.00120831513777], [-1.72679465322e-05, 0.00190296687651, -0.000285326008452, 0.000719996052794, -5.17421249242e-05, -5.90113850194e-05, -0.000521248497535, 0.00210490101017, -0.00367281376384, 0.0110845761374, -0.00151235563681, 0.000885481014848, 0.000506527721882], [0.000431390450103, -0.000848484400194, 0.001862283214, -0.000465272256406, 0.000170888815774, 0.000367245462257, -0.000151292639202, -0.00187847425696, 0.00240703253075, -0.00151235563681, 0.0100611755624, -0.00265752151608, 0.00111717463005], [-8.14841623651e-05, 0.00155100401025, -0.00136908958666, 0.00146815285552, 0.000549351680093, 0.000801035086624, 0.00045029760804, 0.000761845323723, -0.00105318671558, 0.000885481014848, -0.00265752151608, 0.0134358853102, -0.00336152920499], [0.000442586082499, -0.000542331836186, 0.000881698157173, -3.88796252082e-06, 0.000982300145552, 0.000757378234994, 0.000222284041229, 0.000391722220229, -0.00120831513777, 0.000506527721882, 0.00111717463005, -0.00336152920499, 0.0115147987381]], "cov": [[20528.2695312, -495.869995117, -3023.36108398, 140.217483521, -1454.79577637, -434.570953369, -513.664428711, 186.303192139, -833.867553711, -286.890045166, -139.239318848, -264.509338379, -563.161621094], [-495.869995117, 2377.10058594, 236.286849976, -189.581893921, 456.815582275, -232.695098877, 201.228729248, -183.462631226, 142.992492676, -285.19732666, 5.22384548187, -186.693115234, 64.0954589844], [-3023.36108398, 236.286849976, 1435.95751953, 184.958984375, 253.396713257, 235.816818237, -47.6282234192, -27.6424808502, 148.697372437, 8.84419727325, -151.195068359, 46.8494873047, 25.7384567261], [140.217483521, -189.581893921, 184.958984375, 445.255187988, 59.9020957947, 39.2183189392, -52.4454612732, 35.3529930115, 17.1483783722, 4.355073452, -38.9208869934, -28.5440006256, -39.1593933105], [-1454.79577637, 456.815582275, 253.396713257, 59.9020957947, 433.271087646, 21.4955158234, 117.136497498, 0.165871977806, 74.8158035278, -40.4410514832, 11.5860481262, -51.6834335327, 10.8254623413], [-434.570953369, -232.695098877, 235.816818237, 39.2183189392, 21.4955158234, 292.608978271, 84.4167098999, -14.7099819183, -23.3478145599, 39.4397735596, -39.2799758911, 2.93963384628, -34.0246696472], [-513.664428711, 201.228729248, -47.6282234192, -52.4454612732, 117.136497498, 84.4167098999, 301.121582031, -25.9628505707, -47.1449394226, -19.8956031799, 38.3865356445, -40.5141334534, -7.24821662903], [186.303192139, -183.462631226, -27.6424808502, 35.3529930115, 0.165871977806, -14.7099819183, -25.9628505707, 161.632415771, 17.6182727814, 4.54967355728, 13.936674118, 8.28865432739, -15.000878334], [-833.867553711, 142.992492676, 148.697372437, 17.1483783722, 74.8158035278, -23.3478145599, -47.1449394226, 17.6182727814, 186.049591064, 27.5305233002, -19.322095871, 11.1635742188, 46.3153610229], [-286.890045166, -285.19732666, 8.84419727325, 4.355073452, -40.4410514832, 39.4397735596, -19.8956031799, 4.54967355728, 27.5305233002, 145.055969238, 8.53641414642, 25.9182567596, 1.2501013279], [-139.239318848, 5.22384548187, -151.195068359, -38.9208869934, 11.5860481262, -39.2799758911, 38.3865356445, 13.936674118, -19.322095871, 8.53641414642, 145.746902466, 15.3087978363, 5.46752500534], [-264.509338379, -186.693115234, 46.8494873047, -28.5440006256, -51.6834335327, 2.93963384628, -40.5141334534, 8.28865432739, 11.1635742188, 25.9182567596, 15.3087978363, 116.022254944, 34.9091529846], [-563.161621094, 64.0954589844, 25.7384567261, -39.1593933105, 10.8254623413, -34.0246696472, -7.24821662903, -15.000878334, 46.3153610229, 1.2501013279, 5.46752500534, 34.9091529846, 125.955825806]]}, "spectral_energyband_middle_low": {"dmean2": 0.00314361019991, "median": 0.00392307154834, "min": 1.97781552705e-22, "dvar2": 2.54579281318e-05, "dvar": 1.05005765363e-05, "dmean": 0.0020611314103, "max": 0.0640717893839, "var": 3.37356214004e-05, "mean": 0.00558046391234}, "melbands_crest": {"dmean2": 4.478120327, "median": 11.3011455536, "min": 1.65802431107, "dvar2": 17.1822757721, "dvar": 7.26915931702, "dmean": 2.82001590729, "max": 39.551235199, "var": 35.7676811218, "mean": 12.5873622894}, "spectral_kurtosis": {"dmean2": 5.98880958557, "median": 6.65034675598, "min": -1.28958439827, "dvar2": 75.2418670654, "dvar": 28.3885288239, "dmean": 3.56653475761, "max": 106.689239502, "var": 99.3842163086, "mean": 9.25834846497}, "spectral_rms": {"dmean2": 0.000633656280115, "median": 0.00279167713597, "min": 3.17986587582e-12, "dvar2": 5.51164930584e-07, "dvar": 2.89403743636e-07, "dmean": 0.000463716482045, "max": 0.00959711056203, "var": 3.68431551578e-06, "mean": 0.00312721799128}, "zerocrossingrate": {"dmean2": 0.00982471834868, "median": 0.0537109375, "min": 0, "dvar2": 0.000227969911066, "dvar": 0.000219406909309, "dmean": 0.00885112117976, "max": 0.517578125, "var": 0.00162221048959, "mean": 0.0573463588953}, "silence_rate_60dB": {"dmean2": 0.11580517143, "median": 0, "min": 0, "dvar2": 0.112337000668, "dvar": 0.0545468665659, "dmean": 0.0578953921795, "max": 1, "var": 0.191671282053, "mean": 0.2585093081}, "erbbands_kurtosis": {"dmean2": 1.82294261456, "median": 0.141675114632, "min": -1.84051632881, "dvar2": 9.55704212189, "dvar": 3.99296188354, "dmean": 1.16614961624, "max": 66.4685440063, "var": 8.03939342499, "mean": 0.915216326714}, "erbbands": {"dmean2": [0.00553097622469, 0.0804216191173, 0.282078057528, 0.932625353336, 2.95661258698, 3.32322144508, 4.35251569748, 7.75719404221, 8.25671386719, 8.42641544342, 13.4845018387, 26.5215473175, 32.4361839294, 25.0611877441, 41.1069908142, 62.1910552979, 41.3143043518, 45.7445335388, 22.7506046295, 16.483215332, 15.1034355164, 16.6838207245, 16.5720329285, 15.6605043411, 9.99136734009, 6.17300033569, 1.80733835697, 1.11752700806, 0.822463214397, 0.807204663754, 0.805121004581, 0.88115888834, 0.447535067797, 0.230442911386, 0.0818679332733, 0.0274486877024, 0.00702055450529, 0.00133938738145, 5.34609316674e-05, 7.85085831012e-06], "median": [0.000763799296692, 0.0104149812832, 0.0972290635109, 0.457848727703, 1.18580234051, 1.63083219528, 2.28000211716, 3.82217359543, 3.76224780083, 3.15010643005, 4.36353206635, 6.24503803253, 10.4925861359, 6.26364707947, 5.8221282959, 7.63906955719, 6.11496925354, 8.8784198761, 5.82759094238, 4.89205598831, 4.65980863571, 4.64549350739, 4.28616714478, 3.60157012939, 2.81962156296, 1.35986185074, 0.462656617165, 0.289530873299, 0.185674726963, 0.176945209503, 0.190844029188, 0.137516245246, 0.0728921741247, 0.0288535766304, 0.00930200982839, 0.00275566382334, 0.000908979680389, 0.000154530644068, 1.11240042315e-05, 1.08179010567e-05], "min": [2.21545261722e-22, 9.9837711099e-22, 6.10487887956e-21, 1.93361869237e-20, 1.18579143853e-20, 3.62083158938e-20, 1.30196302636e-19, 9.93953988846e-20, 2.65439802876e-19, 3.12320858628e-19, 4.77415562341e-19, 5.53060040287e-19, 7.4480293612e-19, 5.7426481529e-19, 1.42729218535e-18, 2.22708309006e-18, 1.85746094886e-18, 3.224927193e-18, 4.49825283882e-18, 4.20287284593e-18, 6.2029393188e-18, 7.42006900213e-18, 6.91346223597e-18, 7.6890697917e-18, 9.19276337695e-18, 1.0868896823e-17, 1.17794208453e-17, 1.38556656895e-17, 1.32222769509e-17, 1.02923759242e-17, 1.33729280471e-17, 1.40078106739e-17, 9.24715877403e-18, 9.5900946211e-18, 6.34092710704e-18, 4.56750398611e-18, 2.689787452e-18, 1.08202937581e-18, 2.91244115675e-19, 2.58535946688e-20], "dvar2": [0.000891344854608, 0.159715026617, 0.678260326385, 3.79676485062, 57.2482223511, 52.477558136, 80.9879989624, 324.673217773, 332.147979736, 426.293731689, 1232.87866211, 5695.46142578, 7167.87451172, 6203.65087891, 18379.3476562, 39175.6796875, 13874.859375, 20220.5625, 4694.72119141, 2965.92138672, 2644.16333008, 3348.93774414, 2124.02099609, 1302.2677002, 536.271240234, 205.843490601, 37.6420478821, 9.3927526474, 6.56800794601, 6.4113984108, 8.32562732697, 18.6893959045, 2.84826755524, 1.23606216908, 0.283069223166, 0.0251619126648, 0.000953429727815, 4.77675203001e-05, 1.27802849192e-07, 2.31201280343e-10], "dvar": [0.000341425009537, 0.0577333159745, 0.261942923069, 1.59625756741, 23.1101455688, 20.5221176147, 37.0719909668, 136.334457397, 142.99772644, 179.973693848, 496.590545654, 2471.25927734, 2761.54077148, 2626.61743164, 7083.99853516, 17280.0019531, 6625.79248047, 8594.76367188, 2185.36279297, 1236.91845703, 1290.97229004, 1647.64221191, 1017.45135498, 602.304931641, 245.994491577, 103.572013855, 16.2216854095, 4.69362688065, 3.71047472954, 3.52264666557, 3.74328255653, 8.4107427597, 1.33832943439, 0.561802327633, 0.130471557379, 0.0111706051975, 0.000446036952781, 2.36543855863e-05, 5.36916964222e-08, 1.01495194194e-10], "dmean": [0.00335927074775, 0.0479823462665, 0.189635947347, 0.606164574623, 1.84881544113, 2.05749511719, 2.82993888855, 5.01191043854, 5.36035966873, 5.40792131424, 8.51613426208, 16.9720954895, 20.4679794312, 15.9836778641, 26.2160873413, 41.3207626343, 27.7658672333, 29.5665149689, 14.8105154037, 10.9064712524, 9.96123504639, 11.481007576, 11.2629680634, 10.6652154922, 6.85874080658, 4.15757846832, 1.19229471684, 0.740924596786, 0.573530137539, 0.570248663425, 0.546433389187, 0.578315556049, 0.306582331657, 0.156907558441, 0.0569773204625, 0.0186473634094, 0.00483415834606, 0.000901594699826, 3.45187945641e-05, 5.45942884855e-06], "max": [0.424183756113, 5.43448114395, 16.3059482574, 28.09998703, 170.565979004, 103.771369934, 168.568954468, 296.311767578, 343.506408691, 372.463562012, 593.64630127, 1413.7154541, 1448.86022949, 1834.13452148, 2273.66601562, 3369.63427734, 2185.29199219, 2405.29296875, 1567.3203125, 1427.07116699, 1152.62084961, 1760.35388184, 1330.13220215, 601.917602539, 412.241119385, 342.99105835, 143.507598877, 105.069671631, 105.026641846, 82.9007415771, 84.1109542847, 117.459960938, 37.0899162292, 37.6860809326, 19.1557159424, 4.28148651123, 0.622302889824, 0.182166025043, 0.0114585133269, 0.000322324485751], "var": [0.000283013680018, 0.050313372165, 0.65877109766, 5.75786972046, 44.117767334, 45.9395523071, 89.6537322998, 252.262481689, 309.902130127, 299.099182129, 820.663574219, 4965.57861328, 4814.59375, 5812.56884766, 18765.3730469, 68420.859375, 19470.9921875, 14160.6464844, 4270.6953125, 2352.69604492, 2492.86767578, 4260.44189453, 3167.09423828, 1867.71496582, 781.612854004, 341.809509277, 31.4938087463, 8.85380649567, 7.38520097733, 6.6494102478, 5.76807498932, 14.6521968842, 2.30570244789, 0.686379432678, 0.148853868246, 0.0135164223611, 0.000594820303377, 3.24687753164e-05, 5.43946008236e-08, 4.01697841657e-10], "mean": [0.00408898154274, 0.0731207057834, 0.445877701044, 1.41669535637, 3.28601169586, 3.93035531044, 5.063975811, 9.00116348267, 9.54213809967, 8.27205657959, 13.789068222, 27.3443069458, 33.9471549988, 27.3299674988, 48.5036811829, 83.081451416, 49.7732696533, 45.1344299316, 24.1253070831, 18.7043495178, 18.2134971619, 22.0085792542, 23.0113334656, 22.067527771, 15.1994247437, 9.10017490387, 2.26471948624, 1.16933083534, 0.924958586693, 0.902802288532, 0.83659440279, 0.854453265667, 0.453125149012, 0.211317256093, 0.0749825686216, 0.0245588570833, 0.00628222245723, 0.00112203939352, 4.51932319265e-05, 1.83499032573e-05]}, "spectral_strongpeak": {"dmean2": 1.15716528893, "median": 0.589742422104, "min": 0, "dvar2": 3.38089227676, "dvar": 1.34557306767, "dmean": 0.700915515423, "max": 16.0719833374, "var": 3.72250628471, "mean": 1.37524569035}, "spectral_energy": {"dmean2": 0.00551114277914, "median": 0.00798829831183, "min": 1.03643347762e-20, "dvar2": 7.29837993276e-05, "dvar": 3.43389583577e-05, "dmean": 0.00384894642048, "max": 0.0944071486592, "var": 0.000221210430027, "mean": 0.0138004086912}, "average_loudness": 0.409948408604, "spectral_rolloff": {"dmean2": 662.338134766, "median": 1356.59179688, "min": 21.533203125, "dvar2": 1784063.5, "dvar": 867587.125, "dmean": 400.047546387, "max": 18970.7519531, "var": 2292766.25, "mean": 1610.71520996}, "spectral_centroid": {"dmean2": 317.082000732, "median": 1315.53991699, "min": 145.390441895, "dvar2": 138512.875, "dvar": 79088.3515625, "dmean": 218.603530884, "max": 11590.3242188, "var": 594705.375, "mean": 1363.18041992}, "pitch_salience": {"dmean2": 0.0972341522574, "median": 0.60424810648, "min": 0.0187523346394, "dvar2": 0.00717055238783, "dvar": 0.00299386447296, "dmean": 0.0616186782718, "max": 0.942427873611, "var": 0.0173373930156, "mean": 0.580983400345}, "spectral_energyband_middle_high": {"dmean2": 0.00364821334369, "median": 0.00235314387828, "min": 1.39282180096e-21, "dvar2": 5.02441398567e-05, "dvar": 2.35326042457e-05, "dmean": 0.00257738842629, "max": 0.0869043916464, "var": 0.000130313899717, "mean": 0.00741491094232}, "spectral_contrast_coeffs": {"dmean2": [0.0761082693934, 0.0757886618376, 0.0659036785364, 0.0549380034208, 0.0432415530086, 0.0304716192186], "median": [-0.599064171314, -0.738579452038, -0.753099501133, -0.756844043732, -0.75961959362, -0.790296077728], "min": [-0.975613772869, -0.980051934719, -0.980912744999, -0.964636683464, -0.965614557266, -0.962693154812], "dvar2": [0.00413787784055, 0.00372309261002, 0.00279149319977, 0.00201572058722, 0.0013888059184, 0.00077105301898], "dvar": [0.00166405632626, 0.00144371530041, 0.00114817044232, 0.000858190178405, 0.000720660900697, 0.000342854997143], "dmean": [0.0466794371605, 0.0467201322317, 0.0412390083075, 0.0347640253603, 0.0290304683149, 0.0197037737817], "max": [-0.283507496119, -0.402190327644, -0.433544278145, -0.480658948421, -0.455334454775, -0.596587538719], "var": [0.00938909128308, 0.00634735217318, 0.00693924631923, 0.00554216746241, 0.00588565086946, 0.00218393094838], "mean": [-0.601034939289, -0.735524952412, -0.745182394981, -0.751377522945, -0.753109276295, -0.793732404709]}, "melbands_skewness": {"dmean2": 0.844384551048, "median": 1.33041369915, "min": -3.71150445938, "dvar2": 0.992272496223, "dvar": 0.444599181414, "dmean": 0.568803489208, "max": 23.3586826324, "var": 3.14346981049, "mean": 1.64199197292}, "spectral_spread": {"dmean2": 725607.625, "median": 2864379, "min": 723288.1875, "dvar2": 1730162196480.0, "dvar": 973574504448, "dmean": 524193.375, "max": 46727568, "var": 5361443536900.0, "mean": 3451171.75}, "dissonance": {"dmean2": 0.0418561138213, "median": 0.46327021718, "min": 0.208634614944, "dvar2": 0.00156039593276, "dvar": 0.000575790705625, "dmean": 0.0247004516423, "max": 0.500000178814, "var": 0.00120443466585, "mean": 0.454743891954}, "spectral_skewness": {"dmean2": 0.556322157383, "median": 1.76601576805, "min": -0.378438383341, "dvar2": 0.363959372044, "dvar": 0.145667895675, "dmean": 0.345245420933, "max": 8.2691450119, "var": 0.758034110069, "mean": 1.95559883118}, "spectral_flux": {"dmean2": 0.0247962884605, "median": 0.0485002063215, "min": 6.62725221923e-11, "dvar2": 0.000885203364305, "dvar": 0.000367767730495, "dmean": 0.0160236451775, "max": 0.292463898659, "var": 0.00193912745453, "mean": 0.0584507659078}, "spectral_contrast_valleys": {"dmean2": [0.715356528759, 0.573141515255, 0.527913331985, 0.455537974834, 0.426478594542, 0.413678616285], "median": [-8.76513290405, -7.1630487442, -7.59716033936, -8.09073257446, -8.36736869812, -11.1903457642], "min": [-27.7249526978, -27.6834278107, -27.4915599823, -27.5032520294, -27.3419818878, -27.4088764191], "dvar2": [0.395206302404, 0.229671269655, 0.201327413321, 0.164191290736, 0.172104045749, 0.230707421899], "dvar": [0.202016890049, 0.108541116118, 0.103035591543, 0.0889302715659, 0.0960833132267, 0.143486902118], "dmean": [0.448167294264, 0.365572720766, 0.343144595623, 0.307860642672, 0.29597863555, 0.31883123517], "max": [-5.51472043991, -5.14951610565, -5.05306434631, -5.75478982925, -5.8578209877, -7.83581209183], "var": [2.40114736557, 2.51470208168, 2.58805251122, 2.3779706955, 2.906280756, 2.51178574562], "mean": [-8.97773647308, -7.47657728195, -7.87237882614, -8.36491203308, -8.6838054657, -11.5015192032]}, "erbbands_flatness_db": {"dmean2": 0.0272307638079, "median": 0.21553952992, "min": 0.0367448478937, "dvar2": 0.000692399567924, "dvar": 0.000358964549378, "dmean": 0.019391015172, "max": 0.413071364164, "var": 0.00289087393321, "mean": 0.213400110602}, "spectral_energyband_high": {"dmean2": 0.000154997687787, "median": 5.51105549675e-05, "min": 7.41705228736e-21, "dvar2": 1.57942068313e-07, "dvar": 8.41923011308e-08, "dmean": 0.000108641826955, "max": 0.00987043511122, "var": 2.0005109036e-07, "mean": 0.000209961101064}, "spectral_entropy": {"dmean2": 0.238208577037, "median": 7.24440479279, "min": 5.14250564575, "dvar2": 0.0603363737464, "dvar": 0.0332236103714, "dmean": 0.170126229525, "max": 9.81269550323, "var": 0.268648326397, "mean": 7.22853755951}, "silence_rate_20dB": {"dmean2": 0, "median": 1, "min": 1, "dvar2": 0, "dvar": 0, "dmean": 0, "max": 1, "var": 0, "mean": 1}, "melbands_flatness_db": {"dmean2": 0.0308277215809, "median": 0.198160141706, "min": 0.00397965079173, "dvar2": 0.000904838787392, "dvar": 0.000492966908496, "dmean": 0.022002896294, "max": 0.553917884827, "var": 0.00584526313469, "mean": 0.212188303471}, "barkbands": {"dmean2": [2.68674230028e-05, 0.000303077657009, 0.000279372208752, 0.00046362291323, 0.00103045068681, 0.000858978135511, 0.000510471872985, 0.000540780485608, 0.00120240007527, 0.000909133872483, 0.000986667233519, 0.00154961564112, 0.000963501632214, 0.000895355071407, 0.000367378204828, 0.000323665997712, 0.000323092477629, 0.000342553277733, 0.000266653660219, 0.00014682757319, 3.23176245729e-05, 2.28963672271e-05, 2.7198006137e-05, 3.39629987138e-05, 1.57211252372e-05, 4.47258753411e-06, 4.45993634912e-07], "median": [0.000118930736789, 2.98564118566e-05, 9.27999644773e-05, 0.000172658037627, 0.00054591166554, 0.000459752511233, 0.000206430151593, 0.000169202394318, 0.000236444902839, 0.000251823686995, 0.000111872330308, 0.000151941698277, 9.78198222583e-05, 0.000142311939271, 7.61209885241e-05, 7.17504735803e-05, 7.6