{"tonal": {"thpcp": [1, 0.62511497736, 0.399320721626, 0.571764588356, 0.437019348145, 0.231337189674, 0.230056867003, 0.289689272642, 0.408973634243, 0.536445736885, 0.519890010357, 0.436591863632, 0.384247899055, 0.326816737652, 0.32902944088, 0.421830415726, 0.466250777245, 0.444398373365, 0.453988611698, 0.425546437502, 0.375129520893, 0.364875882864, 0.336404889822, 0.343635767698, 0.424231946468, 0.383588016033, 0.238922223449, 0.180801466107, 0.224724650383, 0.366345912218, 0.426929503679, 0.299144119024, 0.226673334837, 0.257830053568, 0.247482910752, 0.623521745205], "hpcp": {"dmean2": [0.34240180254, 0.279529154301, 0.242611005902, 0.266319781542, 0.294137060642, 0.289709895849, 0.292801648378, 0.285928040743, 0.269209384918, 0.2745000422, 0.241761922836, 0.225207895041, 0.230635151267, 0.209879264235, 0.161248594522, 0.138583302498, 0.160067304969, 0.213944464922, 0.21369817853, 0.17172165215, 0.155543029308, 0.159947291017, 0.158271625638, 0.362744301558, 0.616919875145, 0.374262571335, 0.201433882117, 0.233887463808, 0.200598850846, 0.159380614758, 0.182264968753, 0.229156017303, 0.280875861645, 0.366991013288, 0.422148287296, 0.395176202059], "median": [0.0167595259845, 0.0129186026752, 0.0173894949257, 0.0280270539224, 0.0311012472957, 0.0294538233429, 0.0310242027044, 0.0281939636916, 0.027119576931, 0.0230762828141, 0.0220848042518, 0.0281732659787, 0.0330775119364, 0.0279812887311, 0.0186537560076, 0.0122987227514, 0.0171089582145, 0.033500239253, 0.0396592132747, 0.02846637927, 0.0183634199202, 0.0168739203364, 0.0178737211972, 0.0755713358521, 0.0992314815521, 0.0895608142018, 0.0433509908617, 0.0534679815173, 0.0386026464403, 0.0193715319037, 0.0163011159748, 0.0189398918301, 0.0322891697288, 0.04610273242, 0.0411551073194, 0.0267065893859], "min": [0, 0, 0, 0, 0, 0, 0, 0, 0, 0, 0, 0, 0, 0, 0, 0, 0, 0, 0, 0, 0, 0, 0, 0, 0, 0, 0, 0, 0, 0, 0, 0, 0, 0, 0, 0], "dvar2": [0.229534596205, 0.17938888073, 0.143370911479, 0.145737856627, 0.172124251723, 0.166002780199, 0.172724187374, 0.162111148238, 0.153490886092, 0.16055637598, 0.135564550757, 0.116719588637, 0.118127159774, 0.101235829294, 0.0745753124356, 0.0661712959409, 0.0787979364395, 0.102147899568, 0.0928771346807, 0.0789587423205, 0.0696071982384, 0.0683175772429, 0.0686732977629, 0.137219414115, 0.40552264452, 0.128617927432, 0.0779828503728, 0.103296026587, 0.0830729752779, 0.0754611343145, 0.112117879093, 0.142616719007, 0.158342301846, 0.202399015427, 0.273090153933, 0.248189777136], "dvar": [0.0797420069575, 0.0642130002379, 0.0528829209507, 0.0552144907415, 0.0633534044027, 0.0593002438545, 0.0641672089696, 0.0594832524657, 0.0558046549559, 0.0579872652888, 0.0489686653018, 0.0431287996471, 0.0464875772595, 0.0408287122846, 0.0273983050138, 0.0240069329739, 0.0285837501287, 0.0370156019926, 0.0366207361221, 0.0287007633597, 0.0253701917827, 0.0267913043499, 0.0260413791984, 0.04681019485, 0.13277362287, 0.0444878600538, 0.0295569188893, 0.0456643141806, 0.0340077765286, 0.0273800753057, 0.0392917469144, 0.0503701381385, 0.0560845546424, 0.0716915801167, 0.0911846756935, 0.0834000781178], "dmean": [0.182605236769, 0.150278821588, 0.133054226637, 0.15051408112, 0.163535535336, 0.160810053349, 0.163792103529, 0.159959435463, 0.149377301335, 0.150921300054, 0.1341265589, 0.126889675856, 0.131411105394, 0.119184583426, 0.0919430404902, 0.0764958411455, 0.0893111303449, 0.123902246356, 0.125146478415, 0.0990474894643, 0.0878332331777, 0.0919018834829, 0.0898802652955, 0.200534582138, 0.332385957241, 0.205751076341, 0.117590934038, 0.139846384525, 0.119565494359, 0.0891299471259, 0.0998882800341, 0.12478351593, 0.155597612262, 0.20064213872, 0.225611418486, 0.20991179347], "max": [1, 1, 1, 1, 1, 1, 1, 1, 1, 1, 1, 1, 1, 1, 1, 1, 1, 1, 1, 1, 1, 1, 1, 1, 1, 1, 1, 1, 1, 1, 1, 1, 1, 1, 1, 1], "var": [0.0604445263743, 0.0500822104514, 0.0464245155454, 0.0590212866664, 0.0683179795742, 0.0615497604012, 0.0653211995959, 0.0586991980672, 0.0479172803462, 0.0501140542328, 0.0442235395312, 0.0410969182849, 0.060436565429, 0.0525058321655, 0.0245001204312, 0.0189576596022, 0.0236127655953, 0.0415520891547, 0.0527131706476, 0.0315559245646, 0.0217014010996, 0.0286753941327, 0.0262855254114, 0.0589402653277, 0.15204051137, 0.055714469403, 0.0401030518115, 0.0828368216753, 0.0521195493639, 0.0227240491658, 0.0286602526903, 0.0385885350406, 0.0509712956846, 0.0717397928238, 0.0728166848421, 0.0623283721507], "mean": [0.125402152538, 0.106659069657, 0.107381202281, 0.137667492032, 0.152164399624, 0.145032703876, 0.148162558675, 0.138880237937, 0.122426308692, 0.119079954922, 0.109788231552, 0.112148083746, 0.138451248407, 0.125186800957, 0.0779740437865, 0.0590059012175, 0.0733405575156, 0.119559705257, 0.139331609011, 0.0976279005408, 0.0739765241742, 0.0841447487473, 0.0807678848505, 0.203490942717, 0.326357424259, 0.204010918736, 0.130321279168, 0.186599612236, 0.142624512315, 0.0754986107349, 0.0750807672739, 0.0945422425866, 0.13347157836, 0.175073057413, 0.16966997087, 0.142484992743]}, "tuning_equal_tempered_deviation": 0.0806650668383, "chords_changes_rate": 0.104701697826, "key_key": "A#", "tuning_diatonic_strength": 0.433342844248, "key_scale": "minor", "chords_number_rate": 0.00553141068667, "tuning_frequency": 434.193115234, "tuning_nontempered_energy_ratio": 0.769738078117, "chords_histogram": [15.2903985977, 18.0956134796, 12.2086133957, 12.2086133957, 0.158040300012, 0.118530228734, 1.81746339798, 7.23034381866, 1.14579212666, 0.553141057491, 0.711181342602, 0.0790201500058, 1.18530225754, 0.158040300012, 0, 0, 2.48913478851, 1.02726197243, 0.948241829872, 0.513630986214, 3.87198734283, 15.645989418, 1.89648365974, 2.64717507362], "key_strength": 0.563855648041, "chords_key": "C#", "chords_strength": {"dmean2": 0.0186554156244, "median": 0.411585241556, "min": -1, "dvar2": 0.0016326442128, "dvar": 0.000869705458172, "dmean": 0.0152434818447, "max": 0.709707558155, "var": 0.0282684583217, "mean": 0.406239330769}, "chords_scale": "major", "hpcp_entropy": {"dmean2": 1.17191660404, "median": 2.13368821144, "min": 0, "dvar2": 0.855896890163, "dvar": 0.30777618289, "dmean": 0.686633527279, "max": 4.41016054153, "var": 0.694276332855, "mean": 2.11756944656}}, "metadata": {"audio_properties": {"equal_loudness": 0, "codec": "alac", "downmix": "mix", "sample_rate": 44100, "analysis_sample_rate": 44100, "bit_rate": 893465, "md5_encoded": "a0f8c91ed577a9b40977a7e392c129d8", "length": 117.453330994, "replay_gain": -6.6314163208, "lossless": true}, "version": {"essentia_build_sha": "ca57ba49d9b1854bd80e60cf9ccf267278fb7d6b", "essentia": "2.1-beta1", "extractor": "music 1.0", "essentia_git_sha": "v2.1_beta1-28-g21ef5f4-dirty"}, "tags": {"title": ["Sugar Shack"], "compilation": ["1"], "media": ["CD"], "date": ["2008"], "genre": ["Classic Pop-Rock"], "musicbrainz_releasegroupid": ["71e9d1e8-a8bc-3e4a-a499-61ecb292a14a"], "discsubtitle": ["The No. 1s"], "musicbrainz_recordingid": ["0214a590-33c0-46f9-9c52-051a1bd33a6c"], "musicbrainz_artistid": ["742ac24e-d1cd-48c5-8a4b-684fd3d84ddb"], "musicbrainz_albumartistid": ["89ad4ac3-39f7-470e-963a-56509c546377"], "musicbrainz_albumid": ["1deadc95-73d9-4fc3-b4b6-fb0e81917c23"], "artist": ["The Fireballs"], "tracknumber": ["9/20"], "artistsort": ["Fireballs, The"], "album": ["Best Singles of All Time"], "label": ["Startel Entertainment"], "albumartistsort": ["Various Artists"], "discnumber": ["10/10"], "script": ["Latn"], "file_name": "10-09 The Fireballs - Sugar Shack.m4a"}}, "rhythm": {"bpm_histogram_first_peak_bpm": {"dmean2": 0, "median": 133, "min": 133, "dvar2": 0, "dvar": 0, "dmean": 0, "max": 133, "var": 0, "mean": 133}, "bpm": 131.805252075, "bpm_histogram_second_peak_spread": {"dmean2": 0, "median": 0.199999988079, "min": 0.199999988079, "dvar2": 0, "dvar": 0, "dmean": 0, "max": 0.199999988079, "var": 0, "mean": 0.199999988079}, "bpm_histogram_first_peak_weight": {"dmean2": 0, "median": 0.607843160629, "min": 0.607843160629, "dvar2": 0, "dvar": 0, "dmean": 0, "max": 0.607843160629, "var": 0, "mean": 0.607843160629}, "onset_rate": 3.4306704998, "beats_position": [0.522448956966, 1.02167797089, 1.49768710136, 1.97369611263, 2.43809509277, 2.90249419212, 3.35528349876, 3.80807256699, 4.26086139679, 4.71365070343, 5.16644001007, 5.61922883987, 6.07201814651, 6.52480697632, 6.97759628296, 7.4303855896, 7.8831744194, 8.33596324921, 8.78875255585, 9.24154186249, 9.69433116913, 10.1471195221, 10.5882987976, 11.0294780731, 11.4822673798, 11.9350566864, 12.387845993, 12.840634346, 13.2934236526, 13.7462129593, 14.1990022659, 14.6517915726, 15.1161899567, 15.5573692322, 15.9985485077, 16.4513378143, 16.8925170898, 17.3336963654, 17.7748756409, 18.2276649475, 18.6804523468, 19.1448516846, 19.5976409912, 20.062040329, 20.5264396667, 20.9908390045, 21.4552383423, 21.9196376801, 22.3840351105, 22.8484344482, 23.312833786, 23.7656230927, 24.2184123993, 24.6712017059, 25.1239910126, 25.5767803192, 26.0295696259, 26.4823570251, 26.9467563629, 27.3995456696, 27.8639450073, 28.3283443451, 28.7927436829, 29.2571430206, 29.7099323273, 30.1627197266, 30.6155090332, 31.0682983398, 31.5210876465, 31.9738769531, 32.4382743835, 32.8910636902, 33.3554649353, 33.8082542419, 34.2726516724, 34.7370529175, 35.2014503479, 35.6658477783, 36.1302490234, 36.5946464539, 37.059047699, 37.5118370056, 37.9646263123, 38.4290237427, 38.8934249878, 39.3462142944, 39.7989997864, 40.251789093, 40.7045783997, 41.1689796448, 41.6217689514, 42.0745582581, 42.5273475647, 42.9685249329, 43.4213142395, 43.8741035461, 44.3268928528, 44.7796821594, 45.2324714661, 45.6968688965, 46.1496582031, 46.6024475098, 47.0552368164, 47.508026123, 47.9608154297, 48.4136047363, 48.866394043, 49.3191833496, 49.7719726562, 50.2131500244, 50.6659393311, 51.1187286377, 51.5715179443, 52.0126991272, 52.4654884338, 52.9182739258, 53.3710632324, 53.8238525391, 54.2766418457, 54.7294311523, 55.182220459, 55.6350097656, 56.0877990723, 56.5405883789, 57.0049858093, 57.4693870544, 57.9221763611, 58.3749656677, 58.8277549744, 59.280544281, 59.7333335876, 60.1861228943, 60.6505203247, 61.1033096313, 61.5677070618, 62.0321083069, 62.4965057373, 62.9492950439, 63.4020843506, 63.8548736572, 64.3076629639, 64.7604522705, 65.2132415771, 65.6660308838, 66.1304321289, 66.5832214355, 67.0476150513, 67.5004043579, 67.964805603, 68.4292068481, 68.8936004639, 69.358001709, 69.8224029541, 70.2635803223, 70.7047576904, 71.145942688, 71.5987319946, 72.0515213013, 72.5043106079, 72.9570999146, 73.4098815918, 73.8626708984, 74.3154602051, 74.7682495117, 75.2326507568, 75.697052002, 76.1498413086, 76.6026306152, 77.0554199219, 77.5082092285, 77.9609985352, 78.4137878418, 78.8665771484, 79.3309707642, 79.7837600708, 80.2481613159, 80.712562561, 81.1769561768, 81.6413574219, 82.08253479, 82.5237197876, 82.9648971558, 83.4176864624, 83.870475769, 84.3232650757, 84.7760543823, 85.228843689, 85.6700210571, 86.1228103638, 86.5872116089, 87.0400009155, 87.5043945312, 87.9571838379, 88.4099731445, 88.8627624512, 89.3155517578, 89.7683410645, 90.2211303711, 90.6623077393, 91.1150970459, 91.5678863525, 92.0206756592, 92.4850769043, 92.9494781494, 93.4138793945, 93.8782730103, 94.3310623169, 94.7838516235, 95.2366409302, 95.6894302368, 96.1422195435, 96.5950088501, 97.0594100952, 97.5238113403, 97.9882049561, 98.4526062012, 98.9053955078, 99.3697967529, 99.8341903687, 100.286979675, 100.739768982, 101.192558289, 101.645347595, 102.098136902, 102.562538147, 103.015327454, 103.46811676, 103.920906067, 104.373695374, 104.838096619, 105.302490234, 105.755279541, 106.208068848, 106.660858154, 107.113647461, 107.566436768, 108.030838013, 108.483627319, 108.936416626, 109.389205933, 109.853607178, 110.306388855, 110.759178162, 111.211967468, 111.687980652, 112.163986206, 112.63999939, 113.104400635, 113.56879425, 114.033195496, 114.497596741, 114.973602295, 115.449615479, 115.937232971, 116.413238525, 116.900856018], "beats_loudness": {"dmean2": 0.0510165132582, "median": 0.0357121005654, "min": 0, "dvar2": 0.00295807910152, "dvar": 0.00107391260099, "dmean": 0.0298725254834, "max": 0.200301602483, "var": 0.00120702246204, "mean": 0.0451814942062}, "danceability": 1.15475285053, "bpm_histogram_second_peak_weight": {"dmean2": 0, "median": 0.0313725508749, "min": 0.0313725508749, "dvar2": 0, "dvar": 0, "dmean": 0, "max": 0.0313725508749, "var": 0, "mean": 0.0313725508749}, "beats_count": 256, "bpm_histogram_second_peak_bpm": {"dmean2": 0, "median": 126, "min": 126, "dvar2": 0, "dvar": 0, "dmean": 0, "max": 126, "var": 0, "mean": 126}, "bpm_histogram_first_peak_spread": {"dmean2": 0, "median": 0.364754140377, "min": 0.364754140377, "dvar2": 0, "dvar": 0, "dmean": 0, "max": 0.364754140377, "var": 0, "mean": 0.364754140377}, "beats_loudness_band_ratio": {"dmean2": [0.374479144812, 0.260824888945, 0.271675378084, 0.081305116415, 0.0577441491187, 0.127094820142], "median": [0.471753060818, 0.0870228484273, 0.148756057024, 0.0398451685905, 0.0169851779938, 0.0848142802715], "min": [0, 0, 0, 0, 0, 0], "dvar2": [0.0622222051024, 0.0763665735722, 0.0522352643311, 0.00758278602734, 0.00565735204145, 0.0102683855221], "dvar": [0.0267556440085, 0.0289001744241, 0.0205513760448, 0.00281150313094, 0.0020908890292, 0.00367511389777], "dmean": [0.219113573432, 0.151167631149, 0.158348530531, 0.048053253442, 0.0312731564045, 0.0711374431849], "max": [0.926770865917, 0.838280081749, 0.777404129505, 0.308007746935, 0.371493607759, 0.362098395824], "var": [0.0515769086778, 0.033694203943, 0.0302028208971, 0.00291100214235, 0.00154743064195, 0.00436408538371], "mean": [0.46131208539, 0.163218542933, 0.196495860815, 0.0553937740624, 0.029155196622, 0.10043156147]}}, "lowlevel": {"barkbands_spread": {"dmean2": 9.28559494019, "median": 12.6866989136, "min": 0.345221966505, "dvar2": 138.39553833, "dvar": 61.8919754028, "dmean": 5.99144029617, "max": 113.722557068, "var": 235.332015991, "mean": 17.5604362488}, "melbands_spread": {"dmean2": 8.61325454712, "median": 10.9144220352, "min": 0.28580147028, "dvar2": 144.052200317, "dvar": 67.5323638916, "dmean": 5.39993715286, "max": 148.082092285, "var": 402.885375977, "mean": 15.7782287598}, "hfc": {"dmean2": 23.8068733215, "median": 38.810043335, "min": 1.0661648044e-16, "dvar2": 955.745056152, "dvar": 561.307189941, "dmean": 16.6210536957, "max": 836.813049316, "var": 2675.43774414, "mean": 51.7467880249}, "barkbands_kurtosis": {"dmean2": 13.6863527298, "median": 7.73939275742, "min": -1.78215873241, "dvar2": 715.609008789, "dvar": 264.133087158, "dmean": 8.19806098938, "max": 403.408874512, "var": 427.812835693, "mean": 13.1638336182}, "gfcc": {"mean": [-71.2186889648, 101.835227966, -72.4812774658, -0.924053907394, -21.8659324646, -21.3844242096, 7.60116863251, -12.334227562, 1.89389550686, -4.81615638733, -11.9814472198, 0.844138383865, -11.6794185638], "icov": [[0.000138422008604, -0.000582331616897, 0.000936137570534, -0.000710413791239, 0.000408848456573, 1.65781548276e-05, 0.000236138279433, -0.00063087703893, 0.000642193423118, -0.000665252853651, 0.000824385148007, -0.00086147460388, 0.000423031713581], [-0.000582331616897, 0.00404727365822, -0.00478651933372, 0.00430457713082, -0.00153000059072, 0.000105384751805, -0.00225765677169, 0.00458441022784, -0.00380773399957, 0.00415902072564, -0.00478663435206, 0.00511369248852, -0.00208617607132], [0.000936137570534, -0.00478651933372, 0.00961853284389, -0.00599560933188, 0.00315979332663, -0.000661634549033, 0.00213525141589, -0.00676216883585, 0.00644806446508, -0.0054331663996, 0.00507533038035, -0.00613046903163, 0.00272776861675], [-0.000710413791239, 0.00430457713082, -0.00599560933188, 0.00883136410266, -0.00415098760277, 0.000124748257804, -0.000438455521362, 0.00396752171218, -0.00444487016648, 0.00528207235038, -0.00353776896372, 0.00290043954737, -0.000758283946197], [0.000408848456573, -0.00153000059072, 0.00315979332663, -0.00415098760277, 0.00610764138401, -0.00120097585022, -0.00124402623624, 0.00120762258302, 0.0003478906292, -0.00130951055326, 0.00093896134058, -0.00149960897397, 0.00135702383704], [1.65781548276e-05, 0.000105384751805, -0.000661634549033, 0.000124748257804, -0.00120097585022, 0.00609904760495, -0.000434946210589, -0.0032046425622, 0.00420967722312, -0.0016145540867, -0.00210981024429, 0.00170724466443, -0.000751245534047], [0.000236138279433, -0.00225765677169, 0.00213525141589, -0.000438455521362, -0.00124402623624, -0.000434946210589, 0.00989156961441, -0.00330909015611, -0.00234710145742, 0.00137906067539, 0.0034783447627, -0.00609457306564, 0.00208462704904], [-0.00063087703893, 0.00458441022784, -0.00676216883585, 0.00396752171218, 0.00120762258302, -0.0032046425622, -0.00330909015611, 0.0136732915416, -0.0105669070035, 0.00579097867012, -0.00255276984535, 0.00401551043615, -0.00237949681468], [0.000642193423118, -0.00380773399957, 0.00644806446508, -0.00444487016648, 0.0003478906292, 0.00420967722312, -0.00234710145742, -0.0105669070035, 0.0188875235617, -0.0117076868191, 0.00342032173648, -0.00110263179522, 0.000743328826502], [-0.000665252853651, 0.00415902072564, -0.0054331663996, 0.00528207235038, -0.00130951055326, -0.0016145540867, 0.00137906067539, 0.00579097867012, -0.0117076868191, 0.0197788625956, -0.00979002844542, 0.0033047539182, 0.00165703275707], [0.000824385148007, -0.00478663435206, 0.00507533038035, -0.00353776896372, 0.00093896134058, -0.00210981024429, 0.0034783447627, -0.00255276984535, 0.00342032173648, -0.00979002844542, 0.0202397648245, -0.0102297933772, 0.00161293812562], [-0.00086147460388, 0.00511369248852, -0.00613046903163, 0.00290043954737, -0.00149960897397, 0.00170724466443, -0.00609457306564, 0.00401551043615, -0.00110263179522, 0.0033047539182, -0.0102297933772, 0.0189572907984, -0.00631020637229], [0.000423031713581, -0.00208617607132, 0.00272776861675, -0.000758283946197, 0.00135702383704, -0.000751245534047, 0.00208462704904, -0.00237949681468, 0.000743328826502, 0.00165703275707, 0.00161293812562, -0.00631020637229, 0.0134877134115]], "cov": [[33681.1953125, 1446.42114258, -2204.83618164, 240.420715332, -495.06048584, -976.990600586, 204.349960327, -339.472290039, 83.0860443115, -84.0880355835, -510.645446777, 221.486923218, -298.880004883], [1446.42114258, 1676.97192383, 21.33070755, -447.356903076, -5.97602367401, -91.7197799683, 118.571815491, -248.860641479, 16.8084068298, -46.0010566711, 95.2122192383, -136.559173584, 47.2634239197], [-2204.83618164, 21.33070755, 531.6640625, 35.460849762, -103.011734009, 163.474822998, -31.4962081909, 144.032470703, -56.6029891968, 0.910566329956, 30.3482685089, 18.1454524994, 24.5369491577], [240.420715332, -447.356903076, 35.460849762, 408.894500732, 150.956680298, 14.1870212555, -25.6763839722, 7.08780908585, -21.5134105682, -19.0375366211, -27.3280544281, 56.4544487, -36.8920555115], [-495.06048584, -5.97602367401, -103.011734009, 150.956680298, 388.064086914, -1.45603001118, 39.1938781738, -139.428207397, -0.0458487719297, -3.38039422035, 31.0107975006, 3.89410996437, -27.3263950348], [-976.990600586, -91.7197799683, 163.474822998, 14.1870212555, -1.45603001118, 285.920501709, -23.532907486, 84.1933135986, -58.0691146851, 10.8280878067, 38.13697052, 0.516641676426, 16.3057746887], [204.349960327, 118.571815491, -31.4962081909, -25.6763839722, 39.1938781738, -23.532907486, 190.785629272, 51.9223403931, 72.7046279907, -16.5387554169, -14.1535644531, 27.3352069855, 3.78174614906], [-339.472290039, -248.860641479, 144.032470703, 7.08780908585, -139.428207397, 84.1933135986, 51.9223403931, 312.761871338, 96.1864395142, 16.747587204, -34.3582611084, 17.9740505219, 14.4539260864], [83.0860443115, 16.8084068298, -56.6029891968, -21.5134105682, -0.0458487719297, -58.0691146851, 72.7046279907, 96.1864395142, 181.180664062, 60.6131820679, -1.93640506268, -11.9694690704, -10.0659151077], [-84.0880355835, -46.0010566711, 0.910566329956, -19.0375366211, -3.38039422035, 10.8280878067, -16.5387554169, 16.747587204, 60.6131820679, 119.559112549, 45.3323822021, 1.50168228149, -22.0256443024], [-510.645446777, 95.2122192383, 30.3482685089, -27.3280544281, 31.0107975006, 38.13697052, -14.1535644531, -34.3582611084, -1.93640506268, 45.3323822021, 114.588973999, 24.1043338776, 10.3102064133], [221.486923218, -136.559173584, 18.1454524994, 56.4544487, 3.89410996437, 0.516641676426, 27.3352069855, 17.9740505219, -11.9694690704, 1.50168228149, 24.1043338776, 122.463996887, 24.9057674408], [-298.880004883, 47.2634239197, 24.5369491577, -36.8920555115, -27.3263950348, 16.3057746887, 3.78174614906, 14.4539260864, -10.0659151077, -22.0256443024, 10.3102064133, 24.9057674408, 103.092483521]]}, "spectral_energyband_middle_low": {"dmean2": 0.00844005774707, "median": 0.00627013854682, "min": 1.24348460034e-22, "dvar2": 0.000248147902312, "dvar": 0.000117548312119, "dmean": 0.00594999408349, "max": 0.331072390079, "var": 0.000500170164742, "mean": 0.0132894460112}, "melbands_crest": {"dmean2": 8.56635665894, "median": 16.1126976013, "min": 1.57480883598, "dvar2": 50.5861968994, "dvar": 18.1472854614, "dmean": 5.03845691681, "max": 36.7787399292, "var": 47.7310409546, "mean": 17.1693878174}, "spectral_kurtosis": {"dmean2": 9.53540897369, "median": 13.3661842346, "min": -1.25860643387, "dvar2": 238.588424683, "dvar": 97.8768386841, "dmean": 5.85756063461, "max": 135.876983643, "var": 192.418930054, "mean": 17.9786262512}, "spectral_rms": {"dmean2": 0.00161005277187, "median": 0.00451735965908, "min": 3.1197685494e-12, "dvar2": 2.70554551207e-06, "dvar": 1.17487365969e-06, "dmean": 0.00107334670611, "max": 0.0182699281722, "var": 6.19710135652e-06, "mean": 0.00471488712355}, "zerocrossingrate": {"dmean2": 0.0429559089243, "median": 0.169921875, "min": 0.0244140625, "dvar2": 0.00153091712855, "dvar": 0.00102191523183, "dmean": 0.03397487849, "max": 0.83251953125, "var": 0.00811905693263, "mean": 0.187012881041}, "silence_rate_60dB": {"dmean2": 0.0442862808704, "median": 0, "min": 0, "dvar2": 0.0522144436836, "dvar": 0.021647118032, "dmean": 0.0221387632191, "max": 1, "var": 0.0810227617621, "mean": 0.0889328047633}, "erbbands_kurtosis": {"dmean2": 3.11107850075, "median": 1.32891345024, "min": -1.68695151806, "dvar2": 18.6202049255, "dvar": 8.57685279846, "dmean": 2.02548956871, "max": 56.8937339783, "var": 22.5226478577, "mean": 2.8543047905}, "erbbands": {"dmean2": [0.454125314951, 1.96163666248, 4.29812002182, 5.42136621475, 5.93486785889, 17.8626365662, 15.6316127777, 16.4355010986, 17.0279941559, 21.53647995, 32.8457527161, 42.6697769165, 32.2110404968, 17.0536403656, 12.3093776703, 7.25511312485, 9.24578475952, 10.5369024277, 6.32479190826, 8.00354194641, 7.6668419838, 7.57349586487, 4.93340444565, 3.82108664513, 3.38303256035, 3.07408046722, 2.59138822556, 1.53589129448, 0.881979465485, 0.462244927883, 0.271457403898, 0.147303014994, 0.0774239823222, 0.0372696630657, 0.0222902353853, 0.0284765921533, 0.0301017332822, 0.0262557901442, 0.0159569624811, 0.00245662196539], "median": [0.101557604969, 0.531187236309, 1.20475971699, 1.44298696518, 1.99261236191, 2.26517558098, 2.68613529205, 4.07291221619, 4.13955879211, 5.98461818695, 7.38333034515, 8.84310913086, 6.98707866669, 4.24432659149, 3.51642417908, 2.92983293533, 2.416036129, 2.14642095566, 1.73704600334, 1.81399822235, 1.94651806355, 2.25338029861, 1.11558866501, 1.14101088047, 1.33426213264, 1.19832921028, 1.04771208763, 0.71817034483, 0.452810317278, 0.27313247323, 0.136584550142, 0.0578145459294, 0.0209813620895, 0.0039988886565, 0.00184499181341, 0.0124384444207, 0.0189176499844, 0.0188350304961, 0.00944941304624, 0.00310647138394], "min": [5.14597224095e-23, 6.04464353081e-22, 8.50014210387e-22, 1.73641931902e-21, 8.97362363884e-21, 2.4790756439e-20, 2.95660458815e-20, 4.83226344586e-20, 1.35778052786e-19, 1.92524982177e-19, 2.78711786557e-19, 3.00747335238e-19, 4.19145082584e-19, 8.36714334402e-19, 4.85547885136e-19, 1.33793269095e-18, 1.57672308679e-18, 1.49033761689e-18, 2.39914141376e-18, 3.53464119193e-18, 4.4516453472e-18, 4.39802046886e-18, 5.11339397315e-18, 6.20823534267e-18, 8.01182491337e-18, 8.61739143211e-18, 8.49855535659e-18, 1.13187796786e-17, 1.10475479829e-17, 1.19918366907e-17, 1.20679952097e-17, 9.80952992118e-18, 9.86754588781e-18, 7.49707207254e-18, 6.77634298737e-18, 4.20855185442e-18, 2.00145220719e-18, 9.12115000862e-19, 2.43487618491e-19, 2.62979182892e-20], "dvar2": [0.573655724525, 9.23101520538, 58.5568771362, 142.159622192, 191.845474243, 3847.04663086, 3101.79370117, 2725.75170898, 3008.34594727, 2783.89379883, 7230.08837891, 14196.3212891, 7701.77441406, 1616.41491699, 839.189819336, 204.876663208, 538.765869141, 961.735351562, 345.965118408, 579.595214844, 642.101196289, 455.252075195, 323.798614502, 203.261413574, 178.70753479, 129.502761841, 87.0660552979, 12.0622997284, 3.64033102989, 0.567875504494, 0.188832610846, 0.0609606318176, 0.0204355940223, 0.00625614309683, 0.00235956185497, 0.00194989098236, 0.002018726198, 0.00209927582182, 0.00349699426442, 2.83937060885e-05], "dvar": [0.214642703533, 3.22543931007, 23.7502746582, 63.44480896, 76.5703964233, 1565.70922852, 1307.00915527, 1794.19946289, 1384.15795898, 1722.91125488, 4376.54541016, 6580.875, 4028.98632812, 723.42779541, 356.881774902, 93.3606033325, 268.307342529, 445.393096924, 138.241104126, 238.806503296, 307.379608154, 202.389877319, 151.446151733, 110.568222046, 89.6317367554, 74.3912200928, 44.5899505615, 6.91672325134, 1.88480269909, 0.310534149408, 0.107359029353, 0.0326285287738, 0.00979004055262, 0.00224758638069, 0.000823096605018, 0.00113245029934, 0.0014146064641, 0.00135406036861, 0.00230827694759, 1.80597926374e-05], "dmean": [0.261059641838, 1.10654008389, 2.58419656754, 3.3639895916, 3.64061617851, 11.7446136475, 10.338848114, 10.918595314, 11.2693767548, 14.8544101715, 23.3224754333, 28.6603603363, 22.2729263306, 10.6874351501, 7.70370340347, 4.6826839447, 6.30239248276, 7.0667591095, 4.19147491455, 5.17448139191, 5.16789054871, 4.89789247513, 3.43179512024, 2.68702197075, 2.41585278511, 2.24074697495, 1.86679577827, 1.12290215492, 0.643944561481, 0.341473698616, 0.19785451889, 0.103441655636, 0.0506637021899, 0.0202865302563, 0.0116031691432, 0.0215390790254, 0.025179669261, 0.0217921491712, 0.0132324043661, 0.00198416830972], "max": [4.19792795181, 16.128282547, 73.4438781738, 267.748626709, 192.238937378, 951.775817871, 1182.8614502, 2150.89990234, 1200.30810547, 1683.72558594, 2325.45947266, 3490.57666016, 3950.21557617, 670.474914551, 626.820922852, 211.435562134, 487.419464111, 607.762023926, 380.891937256, 333.906921387, 840.840026855, 761.876831055, 633.419311523, 768.967651367, 486.456756592, 471.474243164, 320.161590576, 116.092041016, 52.5838928223, 16.5790367126, 9.32043552399, 5.42331409454, 3.10459399223, 0.620711088181, 0.379932910204, 0.647766947746, 0.68117493391, 1.25561797619, 2.97094368935, 0.205914080143], "var": [0.218711689115, 2.93677926064, 37.8425254822, 145.175262451, 143.938446045, 3379.24853516, 3812.44067383, 8212.03515625, 3489.62817383, 7346.44189453, 14556.8632812, 24383.4902344, 11490.1835938, 1665.33483887, 851.060546875, 252.076034546, 1007.79833984, 1318.48669434, 397.232574463, 531.969970703, 841.519165039, 649.981689453, 451.960083008, 371.777587891, 275.682037354, 259.596710205, 104.728721619, 23.4598560333, 6.48362398148, 1.10607898235, 0.387522906065, 0.104974135756, 0.0244473554194, 0.00186730711721, 0.000484686606796, 0.00363878090866, 0.00593486381695, 0.00555055402219, 0.00671326555312, 8.55616526678e-05], "mean": [0.287647753954, 1.16054320335, 3.2909052372, 4.91509342194, 5.3247127533, 17.9341316223, 17.2532863617, 19.1832752228, 19.2849788666, 26.5102825165, 39.4933662415, 49.4190673828, 36.2834472656, 16.1107082367, 11.5626897812, 8.11332416534, 11.9982118607, 12.8604669571, 7.94821596146, 8.94381999969, 9.08970451355, 8.23298168182, 5.87657737732, 4.95780229568, 4.47641563416, 4.1947684288, 3.3644554615, 2.16756653786, 1.2906447649, 0.684985220432, 0.380650997162, 0.182899057865, 0.078990355134, 0.0192118510604, 0.00883928965777, 0.0396161749959, 0.0531489849091, 0.0489952750504, 0.0283191688359, 0.0056773070246]}, "spectral_strongpeak": {"dmean2": 1.2201987505, "median": 0.275229096413, "min": 0, "dvar2": 23.5153160095, "dvar": 7.89735555649, "dmean": 0.690302073956, "max": 58.6441841125, "var": 5.63966751099, "mean": 0.855907320976}, "spectral_energy": {"dmean2": 0.0191079918295, "median": 0.0209167003632, "min": 9.97628044015e-21, "dvar2": 0.000617554120254, "dvar": 0.000266443996225, "dmean": 0.0125405006111, "max": 0.34213501215, "var": 0.00090780062601, "mean": 0.0291379820555}, "average_loudness": 0.78853225708, "spectral_rolloff": {"dmean2": 6200.97167969, "median": 818.26171875, "min": 64.599609375, "dvar2": 109044016, "dvar": 43698296, "dmean": 3252.53320312, "max": 22050, "var": 63878612, "mean": 5041.22705078}, "spectral_centroid": {"dmean2": 316.8203125, "median": 689.68560791, "min": 154.087615967, "dvar2": 232876.5625, "dvar": 114249.679688, "dmean": 209.623794556, "max": 11706.0878906, "var": 2022926.375, "mean": 1052.0390625}, "pitch_salience": {"dmean2": 0.173378139734, "median": 0.536788225174, "min": 0.061773467809, "dvar2": 0.0229756161571, "dvar": 0.00819092616439, "dmean": 0.101936854422, "max": 0.833180904388, "var": 0.0200168713927, "mean": 0.523626565933}, "spectral_energyband_middle_high": {"dmean2": 0.00142743508331, "median": 0.000894631608389, "min": 1.15645019514e-21, "dvar2": 6.02084810453e-06, "dvar": 3.00571491607e-06, "dmean": 0.000997214461677, "max": 0.0539063364267, "var": 1.32739687615e-05, "mean": 0.00223255623132}, "spectral_contrast_coeffs": {"dmean2": [0.0898335799575, 0.0839381217957, 0.0703755244613, 0.0560735501349, 0.0349758639932, 0.0635261312127], "median": [-0.712420940399, -0.777936339378, -0.785847902298, -0.813967823982, -0.836522698402, -0.714010238647], "min": [-0.982243478298, -0.988101840019, -0.981648504734, -0.99397444725, -0.986720085144, -0.965023636818], "dvar2": [0.00503104925156, 0.00451081525534, 0.00342417717911, 0.00244815461338, 0.00105455960147, 0.00390619202517], "dvar": [0.00199795956723, 0.00174973183312, 0.00135515420698, 0.000943493156228, 0.000393915834138, 0.00156906060874], "dmean": [0.0551057383418, 0.0510615110397, 0.0431492067873, 0.0340703316033, 0.0211017299443, 0.036844920367], "max": [-0.301405459642, -0.315437078476, -0.404519915581, -0.502703726292, -0.675819039345, -0.455446064472], "var": [0.0116284387186, 0.0073872464709, 0.00589290913194, 0.00328535493463, 0.00132094242144, 0.00506156124175], "mean": [-0.698049604893, -0.765184760094, -0.777061581612, -0.806904911995, -0.837075889111, -0.724108278751]}, "melbands_skewness": {"dmean2": 1.71149563789, "median": 2.21294593811, "min": -2.03385233879, "dvar2": 3.78838324547, "dvar": 1.35663247108, "dmean": 1.05189192295, "max": 18.7886600494, "var": 3.89356899261, "mean": 2.56085562706}, "spectral_spread": {"dmean2": 970027.625, "median": 4092000.75, "min": 978092.4375, "dvar2": 1542689914880.0, "dvar": 735184814080, "dmean": 598919.125, "max": 42697840, "var": 23030910681100.0, "mean": 4633759.5}, "dissonance": {"dmean2": 0.0543178319931, "median": 0.456807434559, "min": 0.193970531225, "dvar2": 0.00308565259911, "dvar": 0.00110451201908, "dmean": 0.0320595800877, "max": 0.500000119209, "var": 0.00210441253148, "mean": 0.444465398788}, "spectral_skewness": {"dmean2": 0.728615820408, "median": 2.57365274429, "min": -0.0852728113532, "dvar2": 0.987279117107, "dvar": 0.433717429638, "dmean": 0.463103055954, "max": 8.87440872192, "var": 1.28891086578, "mean": 2.84882307053}, "spectral_flux": {"dmean2": 0.0454423502088, "median": 0.0836185961962, "min": 6.26128038306e-11, "dvar2": 0.00208474136889, "dvar": 0.00089803856099, "dmean": 0.0281836222857, "max": 0.333981513977, "var": 0.00252411072142, "mean": 0.0894165188074}, "spectral_contrast_valleys": {"dmean2": [0.769704222679, 0.794827640057, 0.72029286623, 0.707891881466, 0.61742246151, 1.19840788841], "median": [-6.98081016541, -6.66127586365, -7.47383117676, -8.23391437531, -8.02562236786, -11.650390625], "min": [-28.3911800385, -28.0191440582, -28.0301132202, -27.6995925903, -27.4819335938, -27.4296169281], "dvar2": [0.407446026802, 0.431723594666, 0.370796948671, 0.47278752923, 0.519568026066, 1.52356207371], "dvar": [0.165977835655, 0.179880902171, 0.169669672847, 0.230391204357, 0.276268362999, 0.655699789524], "dmean": [0.464987039566, 0.467909246683, 0.441556513309, 0.435495853424, 0.413247644901, 0.683381021023], "max": [-5.21356964111, -4.48397874832, -5.36581325531, -5.891933918, -4.99164772034, -9.07953262329], "var": [7.88680124283, 8.34202003479, 7.74157524109, 7.40644359589, 7.66847896576, 5.33592224121], "mean": [-7.47127771378, -7.13836526871, -7.90621995926, -8.66521167755, -8.58238220215, -12.0792379379]}, "erbbands_flatness_db": {"dmean2": 0.0452037788928, "median": 0.151846632361, "min": 0.0262785442173, "dvar2": 0.00193595525343, "dvar": 0.000885802146513, "dmean": 0.028619736433, "max": 0.429565995932, "var": 0.00333288637921, "mean": 0.158924102783}, "spectral_energyband_high": {"dmean2": 0.000196342123672, "median": 0.00014821307559, "min": 7.10207580415e-21, "dvar2": 2.87720126835e-07, "dvar": 1.87122793704e-07, "dmean": 0.000166741141584, "max": 0.0220369268209, "var": 7.07566414349e-07, "mean": 0.000387121166568}, "spectral_entropy": {"dmean2": 0.428062796593, "median": 7.30004072189, "min": 4.29554367065, "dvar2": 0.200508326292, "dvar": 0.0912070795894, "dmean": 0.267231076956, "max": 9.8243560791, "var": 0.441144734621, "mean": 7.25898218155}, "silence_rate_20dB": {"dmean2": 0.000790826394223, "median": 1, "min": 0, "dvar2": 0.00118559552357, "dvar": 0.00039517408004, "dmean": 0.000395335053327, "max": 1, "var": 0.000197591987671, "mean": 0.999802350998}, "melbands_flatness_db": {"dmean2": 0.0707074850798, "median": 0.280281543732, "min": 0.0032505444251, "dvar2": 0.00401891814545, "dvar": 0.00170426687691, "dmean": 0.0432093665004, "max": 0.639648795128, "var": 0.00772042013705, "mean": 0.284119099379}, "barkbands": {"dmean2": [0.00244290870614, 0.0103184096515, 0.0041248104535, 0.00169005582575, 0.00410257512704, 0.00171853031497, 0.0013063136721, 0.00133341294713, 0.00195509730838, 0.000776168657467, 0.000383470498491, 0.000208818077226, 0.000232713573496, 0.000192363339011, 0.00013692448556, 0.000148172490299, 0.000134766843985, 9.07776120584e-05, 7.08664083504e-05, 6.87846259098e-05, 4.94162268296e-05, 2.24353207159e-05, 1.02083586171e-05, 5.50892673346e-06, 3.16291334457e-06, 1.39999501698e-05, 0.000109301166958], "median": [0.000632836541627, 0.00293640559539, 0.000929626519792, 0.00034122748184, 0.000747818732634, 0.000426407554187, 0.000299608684145, 0.000276139413472, 0.00037732772762, 0.000127432344016, 7.85957308835e-05, 7.54175925977e-05, 4.52129170299e-05, 3.38865720551e-05, 3.03145752696e-05, 2.79146297544e-05, 3.71911337425e-05, 1.97968438442e-05, 2.47383395617e-05, 2.59351545537e-05, 2.17738488573e-05, 1.18570442282e-05, 5.39776192454e-06, 1.83920519703e-06, 1.71094924895e-07, 8.85860754352e-06, 8.68049683049e-05], "min": [1.03031328172e-24, 1.34714920633e-24, 5.36968447676e-25, 5.5513211793e-25, 9.45636912714e-24, 3.59666693581e-24, 9.78429781658e-24, 5.66097314095e-24, 1.34677883613e-23, 2.41066173869e-23, 1.19089550364e-23, 1.57958699317e-23, 3.30111057357e-23, 2.57914980627e-23, 4.36195620387e-23, 6.0183391217e-23, 6.46723694883e-23, 9.89179005456e-23, 1.28226336161e-22, 1.87670855011e-22, 2.10275455991e-22, 3.49728873177e-22, 4.19889354294e-22, 5.50579776379e-22, 9.05857181619e-22, 1.36951150395e-21, 1.93784648195e-21], "dvar2": [1.35588343255e-05, 0.000280627573375, 6.17023179075e-05, 1.60096024047e-05, 0.000167545804288, 2.39350283664e-05, 1.55001507665e-05, 1.27298426378e-05, 2.91527376248e-05, 3.07373284159e-06, 9.20378454339e-07, 2.11968384178e-07, 4.63411140572e-07, 3.06764235347e-07, 1.23311536981e-07, 2.45351174044e-07, 2.06055858598e-07, 1.01577640521e-07, 8.13222911233e-08, 6.9045668738e-08, 1.83473591875e-08, 2.0563759584e-09, 2.558316059e-10, 9.36230745707e-11, 4.80383476054e-11, 4.26340518445e-10, 8.44245988674e-08], "dvar": [5.07625463797e-06, 0.000102104604593, 2.5950050258e-05, 6.81471283315e-06, 6.61949816276e-05, 1.49674251588e-05, 8.35948867461e-06, 1.01383266156e-05, 1.45973381223e-05, 1.26202064621e-06, 3.90284725427e-07, 9.32430381795e-08, 2.10947732171e-07, 1.32710354706e-07, 5.03385813033e-08, 1.05000765416e-07, 8.33850606341e-08, 4.63903582215e-08, 4.32772324643e-08, 3.68269610362e-08, 1.00733510422e-08, 1.06442910042e-09, 1.48206072415e-10, 4.81073306191e-11, 1.68357341956e-11, 3.0505087345e-10, 5.75539509384e-08], "dmean": [0.00142736441921, 0.00592833291739, 0.00252487766556, 0.0010135298362, 0.00269700330682, 0.00113701925147, 0.000867689785082, 0.000963542377576, 0.00135443208274, 0.000477594585391, 0.000238121705479, 0.000132795859827, 0.000154420777108, 0.000125802311231, 8.78872961039e-05, 9.72838388407e-05, 8.66776172188e-05, 6.22064690106e-05, 5.02034745296e-05, 4.9675541959e-05, 3.5777244193e-05, 1.62509804795e-05, 7.53183394409e-06, 3.76466573471e-06, 1.64089294685e-06, 1.18719963211e-05, 9.22755571082e-05], "max": [0.0382191501558, 0.0864675492048, 0.0818979591131, 0.0825309380889, 0.165064349771, 0.221442267299, 0.14127984643, 0.145375162363, 0.192716509104, 0.0204184893519, 0.0153747368604, 0.00866283569485, 0.0176253542304, 0.011530905962, 0.00397932017222, 0.00993502605706, 0.0164270587265, 0.010746399872, 0.0140368659049, 0.00993114430457, 0.00485949032009, 0.00111131672747, 0.000358085293556, 0.000219953857595, 5.29233730049e-05, 0.000335543940309, 0.0122817279771], "var": [6.44964939056e-06, 0.000100175770058, 4.49855469924e-05, 1.54950139404e-05, 0.000146560269059, 7.8514451161e-05, 2.97725964629e-05, 4.10165666835e-05, 5.1435057685e-05, 2.00696695174e-06, 7.98006624336e-07, 2.060957911e-07, 6.87493923124e-07, 3.93912131358e-07, 1.21936636788e-07, 2.47064491532e-07, 2.20738172629e-07, 1.32972559186e-07, 1.43474593983e-07, 1.15982032867e-07, 2.82859726752e-08, 3.68840469278e-09, 5.43601386127e-10, 1.39497052798e-10, 1.01300435054e-11, 1.30391009101e-09, 2.36688251221e-07], "mean": [0.00167002435774, 0.00670263404027, 0.00324672320858, 0.00134398287628, 0.0042059966363, 0.00202182307839, 0.00150852405932, 0.00160747836344, 0.00238576671109, 0.000606105430052, 0.000323545973515, 0.000210694954148, 0.000275628612144, 0.000219435518375, 0.000150481137098, 0.000160846931976, 0.000140817079227, 0.00010389793897, 9.11612733034e-05, 9.10610106075e-05, 6.71356028761e-05, 3.28578571498e-05, 1.45383473864e-05, 6.28316593065e-06, 1.15219427244e-06, 2.51247911365e-05, 0.000223515016842]}, "erbbands_skewness": {"dmean2": 0.732653021812, "median": 0.80148601532, "min": -3.09167790413, "dvar2": 0.445703178644, "dvar": 0.201679497957, "dmean": 0.482395857573, "max": 5.27499294281, "var": 1.14667332172, "mean": 0.786193609238}, "erbbands_spread": {"dmean2": 12.1473960876, "median": 24.4475364685, "min": 1.84065747261, "dvar2": 177.017456055, "dvar": 71.5079956055, "dmean": 7.76124620438, "max": 116.725494385, "var": 246.322555542, "mean": 27.2853469849}, "melbands_kurtosis": {"dmean2": 18.7077255249, "median": 7.60325813293, "min": -1.76264989376, "dvar2": 1576.02856445, "dvar": 513.544250488, "dmean": 11.0597057343, "max": 543.701721191, "var": 637.368469238, "mean": 15.6218271255}, "melbands": {"dmean2": [0.00331587321125, 0.00223347800784, 0.000869485782459, 0.000810893427115, 0.000645450083539, 0.000348058092641, 0.000261825101916, 0.000241278656176, 0.000296696700389, 0.000274402293144, 0.000164566721651, 7.34530694899e-05, 4.77273970318e-05, 2.48844644375e-05, 1.85885837709e-05, 2.42037749558e-05, 2.05615469895e-05, 1.14248268801e-05, 1.10832170321e-05, 1.02232543213e-05, 9.66316838458e-06, 9.4772058219e-06, 5.35889284947e-06, 4.33074137618e-06, 3.33108573614e-06, 2.7344872251e-06, 2.62916728389e-06, 2.09320182876e-06, 1.90086393559e-06, 1.34604772484e-06, 8.47085118494e-07,