{"metadata": {"tags": {"album": ["METAL GEAR SOLID PEACE WALKER ORIGINAL SOUNDTRACK"], "tracknumber": ["6/28"], "genre": ["Soundtrack"], "artist": ["\u9663\u5185\u4e00\u99ac"], "encodedby": ["iTunes 9.1.0.79"], "date": ["2010"], "discnumber": ["1/1"], "musicbrainz_recordingid": ["022329e7-cd5c-4cf2-b789-e98426fd83e4"], "title": ["Heavy Arms"], "file_name": "1527449.mp3", "composer": ["\u9663\u5185\u4e00\u99ac"]}, "audio_properties": {"sample_rate": 44100, "downmix": "mix", "lossless": false, "analysis_sample_rate": 44100, "md5_encoded": "11d3941f2c66a7f00ccee3897f9f2979", "equal_loudness": 0, "replay_gain": -10.6527290344, "codec": "mp3", "bit_rate": 320000, "length": 124.055511475}, "version": {"extractor": "music 1.0", "essentia_build_sha": "70f2e5ece6736b2c40cc944ad0e695b16b925413", "essentia_git_sha": "v2.1_beta2", "essentia": "2.1-beta2"}}, "rhythm": {"beats_loudness_band_ratio": {"dvar2": [0.0293338336051, 0.00809920672327, 0.00386682408862, 0.00290151219815, 0.00616102619097, 0.00379536882974], "var": [0.0311929881573, 0.0039919721894, 0.00209269532934, 0.0015774408821, 0.00397473294288, 0.00951256323606], "min": [0.00442518945783, 0.00238504027948, 0.00531117990613, 0.00460872333497, 0.00146508018952, 0.000275176251307], "dmean": [0.131277039647, 0.0556896440685, 0.0443977378309, 0.0377485081553, 0.0403392836452, 0.0239105131477], "mean": [0.697448551655, 0.0960446968675, 0.0729583650827, 0.0688617229462, 0.0618245899677, 0.0387460887432], "max": [0.96503585577, 0.398621380329, 0.246353000402, 0.206448093057, 0.435401022434, 0.903052270412], "dmean2": [0.22121194005, 0.0969103872776, 0.0752491876483, 0.0639398172498, 0.0624082460999, 0.0387308523059], "median": [0.73408806324, 0.0835169404745, 0.068361915648, 0.0620813220739, 0.0480676107109, 0.0208897162229], "dvar": [0.0134717645124, 0.00265279971063, 0.00141713849735, 0.00100222986657, 0.0025728601031, 0.00260900170542]}, "bpm_histogram_first_peak_weight": {"dvar2": 0, "var": 0, "min": 0.52554744482, "dmean": 0, "mean": 0.52554744482, "max": 0.52554744482, "dmean2": 0, "median": 0.52554744482, "dvar": 0}, "bpm": 133.986419678, "beats_count": 275, "bpm_histogram_first_peak_spread": {"dvar2": 0, "var": 0, "min": 0.452471494675, "dmean": 0, "mean": 0.452471494675, "max": 0.452471494675, "dmean2": 0, "median": 0.452471494675, "dvar": 0}, "danceability": 1.05598652363, "bpm_histogram_first_peak_bpm": {"dvar2": 0, "var": 0, "min": 133, "dmean": 0, "mean": 133, "max": 133, "dmean2": 0, "median": 133, "dvar": 0}, "beats_position": [0.46439909935, 0.940408170223, 1.4164172411, 1.89242625237, 2.38004541397, 2.8444442749, 3.29723358154, 3.75002264977, 4.20281171799, 4.6439909935, 5.08516979218, 5.53795909882, 5.99074840546, 6.44353723526, 6.8963265419, 7.33750534058, 7.77868461609, 8.2198638916, 8.67265319824, 9.12544155121, 9.57823085785, 10.0310201645, 10.4838094711, 10.9365987778, 11.3777770996, 11.8305664062, 12.2717456818, 12.7245349884, 13.1657142639, 13.6068935394, 14.0480718613, 14.4892511368, 14.9304304123, 15.3832197189, 15.8360090256, 16.2771873474, 16.7299766541, 17.1827659607, 17.6239452362, 18.0651245117, 18.5179138184, 18.970703125, 19.4118824005, 19.8646717072, 20.3174591064, 20.758638382, 21.1998176575, 21.640996933, 22.1053962708, 22.5581855774, 23.010974884, 23.4521541595, 23.9049434662, 24.3461227417, 24.7989120483, 25.2516994476, 25.6928787231, 26.1456680298, 26.5868473053, 27.0396366119, 27.4924259186, 27.9336051941, 28.3747844696, 28.8159637451, 29.2571430206, 29.7099323273, 30.1627197266, 30.6155090332, 31.0682983398, 31.5094776154, 31.9506568909, 32.4034461975, 32.8562355042, 33.2974128723, 33.750202179, 34.1913833618, 34.6441726685, 35.0853500366, 35.5265312195, 35.9793205261, 36.4321098328, 36.8732872009, 37.3260765076, 37.7788658142, 38.2316551208, 38.6844444275, 39.1256217957, 39.5668029785, 40.0079803467, 40.4607696533, 40.91355896, 41.3547401428, 41.8075294495, 42.2603149414, 42.7014961243, 43.1426734924, 43.5954627991, 44.0482521057, 44.4894332886, 44.9306106567, 45.3833999634, 45.83618927, 46.2773704529, 46.7301597595, 47.1829452515, 47.6241264343, 48.0653038025, 48.5180931091, 48.9708824158, 49.4120635986, 49.8532409668, 50.3060302734, 50.7588195801, 51.2000007629, 51.6527900696, 52.1055755615, 52.5467567444, 52.999546051, 53.4523353577, 53.8935127258, 54.3346939087, 54.7874832153, 55.240272522, 55.6814498901, 56.1342391968, 56.5870285034, 57.0282058716, 57.4693870544, 57.9221763611, 58.3749656677, 58.8161430359, 59.2689323425, 59.7217216492, 60.162902832, 60.6040802002, 61.0568695068, 61.5096588135, 61.9508361816, 62.3920173645, 62.8448066711, 63.2975959778, 63.7387733459, 64.1915664673, 64.6443557739, 65.0855331421, 65.5267105103, 65.9794998169, 66.4322891235, 66.8734664917, 67.3146438599, 67.7674331665, 68.2202224731, 68.6730117798, 69.1258010864, 69.566986084, 70.0081634521, 70.4609527588, 70.9137420654, 71.3549194336, 71.8077087402, 72.2604980469, 72.701675415, 73.1544647217, 73.6072540283, 74.0484313965, 74.489616394, 74.9424057007, 75.3951950073, 75.8363723755, 76.2775497437, 76.7303390503, 77.1831283569, 77.6243057251, 78.0654830933, 78.5182723999, 78.9710617065, 79.4122467041, 79.8650360107, 80.3178253174, 80.7590026855, 81.2117919922, 81.6645812988, 82.105758667, 82.5469360352, 82.9881134033, 83.4525146484, 83.8936920166, 84.3348770142, 84.7876663208, 85.2404556274, 85.6816329956, 86.1228103638, 86.5872116089, 87.0283889771, 87.4811782837, 87.9223556519, 88.3751449585, 88.8163223267, 89.2575073242, 89.7102966309, 90.1630859375, 90.6158676147, 91.0686569214, 91.5098419189, 91.9626312256, 92.4154205322, 92.8565979004, 93.2977752686, 93.7389526367, 94.1917419434, 94.64453125, 95.0857162476, 95.5384979248, 95.9912872314, 96.432472229, 96.8852615356, 97.3380508423, 97.7792282104, 98.2320175171, 98.6731948853, 99.1259841919, 99.5671615601, 100.008346558, 100.461128235, 100.913917542, 101.355102539, 101.796279907, 102.249069214, 102.701858521, 103.143035889, 103.584213257, 104.037002563, 104.48979187, 104.930976868, 105.383758545, 105.836547852, 106.289337158, 106.742126465, 107.183311462, 107.624488831, 108.077278137, 108.530067444, 108.971244812, 109.41242218, 109.865211487, 110.318000793, 110.759178162, 111.211967468, 111.664756775, 112.105941772, 112.547119141, 112.999908447, 113.452697754, 113.893875122, 114.33505249, 114.787841797, 115.240631104, 115.681808472, 116.134597778, 116.587387085, 117.028572083, 117.469749451, 117.922538757, 118.375328064, 118.816505432, 119.269294739, 119.722084045, 120.174873352, 120.650878906, 121.12689209, 121.602897644, 122.078910828, 122.554916382, 123.030929565, 123.50693512], "beats_loudness": {"dvar2": 0.00156582798809, "var": 0.00141783594154, "min": 2.47128928432e-10, "dmean": 0.0302262548357, "mean": 0.0643962323666, "max": 0.189195901155, "dmean2": 0.0488989055157, "median": 0.0625929459929, "dvar": 0.00070355652133}, "bpm_histogram_second_peak_weight": {"dvar2": 0, "var": 0, "min": 0.0364963486791, "dmean": 0, "mean": 0.0364963486791, "max": 0.0364963486791, "dmean2": 0, "median": 0.0364963486791, "dvar": 0}, "bpm_histogram_second_peak_spread": {"dvar2": 0, "var": 0, "min": 0.0909090638161, "dmean": 0, "mean": 0.0909090638161, "max": 0.0909090638161, "dmean2": 0, "median": 0.0909090638161, "dvar": 0}, "bpm_histogram_second_peak_bpm": {"dvar2": 0, "var": 0, "min": 126, "dmean": 0, "mean": 126, "max": 126, "dmean2": 0, "median": 126, "dvar": 0}, "onset_rate": 3.9250190258}, "lowlevel": {"spectral_energyband_high": {"dvar2": 6.49057142255e-07, "var": 7.29219266304e-07, "min": 8.11201324888e-21, "dmean": 0.000280525506241, "mean": 0.000599939958192, "max": 0.0096906684339, "dmean2": 0.000435163587099, "median": 0.000311097101076, "dvar": 2.91325363833e-07}, "spectral_energyband_middle_low": {"dvar2": 0.000112311921839, "var": 0.000109864296974, "min": 4.28559478378e-22, "dmean": 0.00497372355312, "mean": 0.011446765624, "max": 0.0929290577769, "dmean2": 0.00796486064792, "median": 0.00857543479651, "dvar": 4.31539010606e-05}, "spectral_energy": {"dvar2": 0.00140271650162, "var": 0.00151401781477, "min": 1.09435873872e-20, "dmean": 0.0202909633517, "mean": 0.0538239963353, "max": 0.253317296505, "dmean2": 0.0340422280133, "median": 0.0460620298982, "dvar": 0.000495529093314}, "spectral_spread": {"dvar2": 684851789824, "var": 1387171282940.0, "min": 817353.0625, "dmean": 420368.53125, "mean": 3968070.25, "max": 41501620, "dmean2": 670220.5625, "median": 3776609, "dvar": 450379841536}, "spectral_energyband_low": {"dvar2": 0.00128732656594, "var": 0.0010472422, "min": 6.25856241347e-23, "dmean": 0.0182911604643, "mean": 0.0383473448455, "max": 0.238896757364, "dmean2": 0.0312046036124, "median": 0.03032739833, "dvar": 0.000446062913397}, "spectral_rolloff": {"dvar2": 570551.5, "var": 6579626, "min": 64.599609375, "dmean": 372.631134033, "mean": 1018.14007568, "max": 21511.6699219, "dmean2": 625.350769043, "median": 473.73046875, "dvar": 272120.65625}, "barkbands": {"dvar2": [7.97737902758e-06, 0.000721334887203, 0.000405893893912, 4.27899904025e-05, 2.578508429e-05, 8.74184024724e-06, 1.08702886337e-06, 8.3238978732e-07, 2.27249734053e-06, 3.44801173924e-06, 8.55452924498e-07, 8.55038251757e-07, 9.10696087431e-07, 1.53019038862e-06, 1.81584732672e-06, 6.31322507161e-07, 1.05168794562e-06, 2.22779220849e-07, 1.21700196587e-07, 5.91152939933e-08, 7.1952598546e-08, 3.12865466867e-08, 1.95943421488e-08, 1.20448957475e-08, 5.77096681553e-09, 8.21041368226e-09, 9.62840918106e-09], "var": [7.66383982409e-06, 0.000562664703466, 0.000166580532095, 2.11248880078e-05, 1.73735334101e-05, 9.56089752435e-06, 6.07071626746e-07, 3.61026337714e-07, 1.70381906628e-06, 3.54834287464e-06, 4.28957207532e-07, 4.36843322404e-07, 4.60852106698e-07, 8.50236858696e-07, 5.81806943956e-07, 3.77988357059e-07, 6.29349358405e-07, 1.7303898403e-07, 1.30126636577e-07, 6.38803427933e-08, 6.21937772394e-08, 3.04630418668e-08, 1.69693628038e-08, 8.87996609578e-09, 4.41560166209e-09, 7.33129112973e-09, 6.60618493242e-09], "min": [2.01904294412e-24, 4.22952570609e-23, 1.07634019954e-23, 8.58875702661e-24, 4.71290022576e-23, 2.99344945628e-23, 1.00142610256e-22, 2.47850235659e-23, 1.68420364382e-22, 8.19059825959e-23, 3.39500490058e-23, 7.19340550019e-23, 9.09841118517e-23, 8.77565726549e-23, 1.47320720683e-22, 2.2248543246e-22, 2.67900470318e-22, 1.27082349009e-22, 2.6052039256e-22, 3.11500900902e-22, 3.66554859767e-22, 6.34341204e-22, 7.39308929315e-22, 7.92733366607e-22, 1.32555885013e-21, 1.90486891543e-21, 2.37231441492e-21], "dmean": [0.00165277975611, 0.0132920928299, 0.00778733333573, 0.00261815916747, 0.00181867764331, 0.00132192007732, 0.0004755371192, 0.000387601176044, 0.000718731142115, 0.000674572656862, 0.00039911296335, 0.00037815811811, 0.000398110714741, 0.000462871481432, 0.000448341219453, 0.000310284143779, 0.000315440120175, 0.000194138905499, 0.000134993417305, 0.000102360027086, 9.5147821412e-05, 6.33534364169e-05, 4.5448930905e-05, 3.06693073071e-05, 2.02670398721e-05, 1.63539461937e-05, 9.04306489247e-06], "mean": [0.00255346228369, 0.024903068319, 0.00919735897332, 0.00331354537047, 0.00272990576923, 0.00246851472184, 0.000710115593392, 0.000521669921, 0.00115832022857, 0.000971817935351, 0.000559613166843, 0.000563050736673, 0.000564785557799, 0.000709635030944, 0.000574680452701, 0.000493632105645, 0.000489993952215, 0.000348013505572, 0.000274778663879, 0.000216082946281, 0.000185601646081, 0.000126066064695, 7.86203090684e-05, 4.92052859045e-05, 3.0520495784e-05, 2.17928754864e-05, 9.83112931863e-06], "max": [0.0219124238938, 0.22022613883, 0.148508802056, 0.0483659431338, 0.0464014820755, 0.0279457066208, 0.00758086284623, 0.00661253929138, 0.0110717397183, 0.032592330128, 0.00634726462886, 0.00619310047477, 0.00562913157046, 0.0152668757364, 0.00911891832948, 0.00651301257312, 0.0121916551143, 0.00453212484717, 0.00366959208623, 0.00227223732509, 0.00263571832329, 0.00157630047761, 0.00183247542009, 0.00116123561747, 0.000727794831619, 0.00137947418261, 0.00158429308794], "dmean2": [0.00253552570939, 0.022022433579, 0.0137310139835, 0.00451706722379, 0.00299159740098, 0.00215591001324, 0.000797659682576, 0.000668869295623, 0.00115144101437, 0.00106275710277, 0.000670220819302, 0.000634106167126, 0.000673234637361, 0.000777858425863, 0.00078729481902, 0.000523896771483, 0.000533711572643, 0.00031248506275, 0.000219187830226, 0.000165465957252, 0.000155638335855, 0.000100953599031, 7.28099403204e-05, 4.96435459354e-05, 3.26426234096e-05, 2.51203582593e-05, 1.28364690681e-05], "median": [0.00156054086983, 0.0176871009171, 0.00456128828228, 0.00179855932947, 0.00125039275736, 0.0013911172282, 0.000443864992121, 0.000321730913129, 0.000706018647179, 0.000505821430124, 0.000353159819497, 0.000357834913302, 0.000333572737873, 0.000422208104283, 0.000336557161063, 0.000276545120869, 0.000220105110202, 0.000203529445571, 0.000142264907481, 0.000114378075523, 9.80046825134e-05, 6.83127000229e-05, 3.41559898516e-05, 1.58269667736e-05, 8.6030595412e-06, 3.62773334928e-06, 3.33305990807e-07], "dvar": [3.53877726411e-06, 0.000259859574726, 0.000131249122205, 1.53405471792e-05, 1.00678926174e-05, 3.42125872521e-06, 3.85526988111e-07, 2.95009755291e-07, 8.94507536486e-07, 1.77319918748e-06, 3.24802329033e-07, 3.32661159064e-07, 3.45296257365e-07, 5.48680304746e-07, 6.5424933382e-07, 2.3439578456e-07, 3.95106354745e-07, 9.01296104416e-08, 4.78400750126e-08, 2.41137598778e-08, 2.86591621546e-08, 1.30913910823e-08, 8.18791345836e-09, 4.91860641105e-09, 2.42461539735e-09, 4.13192946525e-09, 4.89120788316e-09]}, "melbands_skewness": {"dvar2": 2.96059250832, "var": 3.82867074013, "min": -0.864474654198, "dmean": 1.1050812006, "mean": 3.94792723656, "max": 16.4752159119, "dmean2": 1.78057491779, "median": 3.59536147118, "dvar": 1.20664453506}, "barkbands_skewness": {"dvar2": 1.68227314949, "var": 2.20436549187, "min": -2.08036541939, "dmean": 0.804360449314, "mean": 2.39917945862, "max": 12.8133354187, "dmean2": 1.28575706482, "median": 2.16394472122, "dvar": 0.723293364048}, "erbbands": {"dvar2": [1.04605770111, 37.9695625305, 479.58807373, 276.962554932, 723.310791016, 192.418792725, 220.606796265, 727.209594727, 341.495025635, 338.631286621, 311.719177246, 1466.02368164, 5254.89648438, 752.893310547, 1492.82751465, 1078.81726074, 1965.14453125, 4168.35839844, 3614.16430664, 2497.45556641, 2614.62646484, 1607.81616211, 588.116699219, 632.093139648, 201.73046875, 118.068054199, 155.090209961, 90.1761474609, 43.8728637695, 25.2177124023, 17.5568981171, 6.65485477448, 2.9856865406, 0.86869686842, 0.28751757741, 0.0898924767971, 0.0274517666548, 0.017359547317, 0.000149373008753, 3.8387213408e-07], "var": [0.992385745049, 25.6490974426, 209.310958862, 167.752410889, 459.649749756, 101.360076904, 182.642044067, 713.503356934, 228.037963867, 166.822372437, 197.375579834, 912.662780762, 5460.46337891, 497.752990723, 639.723144531, 608.357971191, 958.757202148, 2301.84448242, 1266.29614258, 1114.79370117, 1733.69909668, 1111.50012207, 516.652893066, 547.328186035, 223.988937378, 137.931213379, 117.558959961, 81.3905029297, 43.6799201965, 21.2614498138, 14.3248329163, 5.23720026016, 2.07036328316, 0.599672138691, 0.229678839445, 0.0833211019635, 0.0252087786794, 0.00998289138079, 9.81701232377e-05, 3.96006015535e-07], "min": [1.19102598124e-21, 9.36067388748e-21, 1.72162247958e-20, 2.71946192317e-20, 1.29673627886e-19, 1.30557871037e-19, 1.59081992464e-19, 2.73107327714e-19, 6.70939791623e-19, 1.76360924335e-18, 1.08399392977e-18, 2.26012047693e-18, 5.31476902532e-18, 1.09016066463e-18, 2.14666810642e-18, 2.89505542293e-18, 3.70436914105e-18, 4.48584554322e-18, 4.44694489337e-18, 1.30947364538e-17, 1.16848484587e-17, 1.54054497785e-17, 8.4294063661e-18, 1.06040187016e-17, 1.32334380989e-17, 1.53311325635e-17, 1.55147104112e-17, 1.75078302213e-17, 1.94618690562e-17, 2.79285688602e-17, 2.03431141936e-17, 1.36524803526e-17, 1.42937157265e-17, 1.18929894347e-17, 1.14454367468e-17, 7.40723777647e-18, 3.58333731459e-18, 1.37127902978e-18, 3.31622265192e-19, 3.46382592365e-20], "dmean": [0.555370092392, 2.66030979156, 8.74271202087, 7.66205072403, 8.67908573151, 4.87094116211, 6.5999212265, 11.8899326324, 8.47260379791, 7.599858284, 8.46838474274, 16.6810379028, 24.5800819397, 12.6930551529, 14.6582126617, 14.1286907196, 18.2438106537, 24.1119995117, 20.427116394, 19.6432685852, 19.1192989349, 14.4618473053, 10.5788850784, 8.98390960693, 5.83514261246, 4.66442680359, 4.19604301453, 3.45806694031, 2.37454867363, 1.70871019363, 1.25022137165, 0.754995763302, 0.4625184834, 0.252838224173, 0.137394174933, 0.0706349909306, 0.0287771373987, 0.0117945615202, 0.00118419062346, 8.63274690346e-05], "mean": [0.964716553688, 4.5068898201, 11.1804933548, 10.7022562027, 12.207570076, 6.80185699463, 11.1664237976, 20.9763908386, 13.4031772614, 10.8472099304, 13.7737932205, 25.8221340179, 36.4096946716, 21.1925621033, 21.621673584, 22.6030960083, 26.7375202179, 37.1236686707, 27.9950294495, 29.6080360413, 31.7817058563, 24.6858043671, 19.6555194855, 17.1858730316, 12.3056974411, 10.0962963104, 8.14089870453, 6.56981897354, 4.6940331459, 3.15723800659, 2.1427257061, 1.23322403431, 0.72422939539, 0.380162596703, 0.20004966855, 0.0999868810177, 0.0372124873102, 0.0128197744489, 0.0013127878774, 0.000141108466778], "max": [7.14958190918, 54.9275894165, 156.58934021, 165.032592773, 268.805175781, 182.355575562, 142.430618286, 236.946380615, 116.399909973, 177.949523926, 153.274047852, 291.730316162, 1229.92541504, 185.056930542, 361.357849121, 232.271026611, 255.252410889, 801.587402344, 381.281158447, 279.797393799, 429.180114746, 419.365844727, 249.834121704, 360.89831543, 126.423599243, 96.0967330933, 132.222015381, 120.913459778, 58.8464584351, 43.626285553, 70.5500030518, 25.7534065247, 20.1176567078, 8.24480628967, 5.64989042282, 4.09505653381, 2.54636788368, 1.92031848431, 0.196033537388, 0.0119737992063], "dmean2": [0.89235419035, 4.49768781662, 15.4227333069, 13.2647857666, 14.3749370575, 8.25047969818, 10.9077997208, 19.7352390289, 14.0621004105, 13.0453214645, 14.0563955307, 26.8930110931, 38.176776886, 20.771484375, 24.6952800751, 23.4577541351, 31.0611934662, 40.3693237305, 35.3770370483, 33.7906417847, 31.8747768402, 24.469379425, 16.8202896118, 14.9234046936, 9.36609840393, 7.46690225601, 6.90095901489, 5.61618995667, 3.78483343124, 2.76951742172, 2.01281547546, 1.21331298351, 0.751557528973, 0.413286805153, 0.219118729234, 0.111836001277, 0.0435045175254, 0.0177882984281, 0.00170532928314, 0.000126077153254], "median": [0.605291008949, 2.86914372444, 5.68384599686, 6.21544647217, 5.04433250427, 3.38202691078, 6.51953792572, 11.6419868469, 8.34113502502, 6.35765266418, 9.71730041504, 15.7869157791, 17.7928237915, 14.324420929, 14.5752849579, 15.3804702759, 16.28698349, 22.0018348694, 16.7926216125, 19.1269226074, 16.8364562988, 12.2450866699, 11.842206955, 8.87734413147, 6.71358156204, 5.34705066681, 4.22233343124, 3.52114653587, 2.47872614861, 1.53198719025, 0.899538516998, 0.424109041691, 0.22931060195, 0.111470758915, 0.0520014390349, 0.0208834223449, 0.00575610809028, 0.000914045434911, 8.32570949569e-05, 6.1054044636e-05], "dvar": [0.40869551897, 13.4524145126, 154.725021362, 100.420349121, 282.808837891, 69.8452453613, 83.1778030396, 276.244750977, 126.130599976, 122.520141602, 117.783088684, 552.477478027, 2701.93261719, 286.308868408, 561.37121582, 425.300354004, 740.616760254, 1494.88586426, 1310.74926758, 927.511413574, 974.088317871, 611.764221191, 248.463439941, 240.01663208, 83.6358337402, 49.4549980164, 59.6075782776, 38.2343826294, 18.4282875061, 10.304104805, 7.07849264145, 2.74451208115, 1.21246850491, 0.349433213472, 0.125707626343, 0.0425384230912, 0.0140954842791, 0.00819411221892, 7.37182999728e-05, 2.26587445695e-07]}, "silence_rate_30dB": {"dvar2": 0.176283091307, "var": 0.100825563073, "min": 0, "dmean": 0.0816020965576, "mean": 0.886227548122, "max": 1, "dmean2": 0.163234740496, "median": 1, "dvar": 0.0749397203326}, "melbands_spread": {"dvar2": 126.214607239, "var": 235.566146851, "min": 0.40734449029, "dmean": 6.2411699295, "mean": 15.8206529617, "max": 178.179580688, "dmean2": 10.2257614136, "median": 12.4014520645, "dvar": 52.4032249451}, "melbands_crest": {"dvar2": 31.8248519897, "var": 34.9456100464, "min": 2.34437990189, "dmean": 4.21908760071, "mean": 18.6995983124, "max": 35.4347724915, "dmean2": 6.98715209961, "median": 18.3795185089, "dvar": 12.0657339096}, "zerocrossingrate": {"dvar2": 9.32089969865e-05, "var": 0.00445641484112, "min": 0.0029296875, "dmean": 0.00759499892592, "mean": 0.0446873269975, "max": 0.6171875, "dmean2": 0.00967796798795, "median": 0.0341796875, "dvar": 8.09400662547e-05}, "barkbands_kurtosis": {"dvar2": 320.270782471, "var": 236.687759399, "min": -1.87423872948, "dmean": 6.20602178574, "mean": 8.91774940491, "max": 259.560638428, "dmean2": 10.0240564346, "median": 4.50257015228, "dvar": 146.718551636}, "spectral_flux": {"dvar2": 0.00233878125437, "var": 0.00312317837961, "min": 1.04611604101e-10, "dmean": 0.031347323209, "mean": 0.114061564207, "max": 0.410282582045, "dmean2": 0.0511949919164, "median": 0.107201635838, "dvar": 0.000942855898757}, "barkbands_crest": {"dvar2": 17.6757564545, "var": 20.1177062988, "min": 2.76168370247, "dmean": 3.13182806969, "mean": 12.2884292603, "max": 24.8867092133, "dmean2": 5.11677742004, "median": 11.8260536194, "dvar": 6.77296066284}, "barkbands_flatness_db": {"dvar2": 0.00176879123319, "var": 0.00356817780994, "min": 0.0175509992987, "dmean": 0.0310655459762, "mean": 0.148975804448, "max": 0.437912136316, "dmean2": 0.0481698662043, "median": 0.138734146953, "dvar": 0.000845295726322}, "spectral_entropy": {"dvar2": 0.0456800013781, "var": 0.109568707645, "min": 5.03215408325, "dmean": 0.147323384881, "mean": 7.71288537979, "max": 9.78015804291, "dmean2": 0.226581260562, "median": 7.73326826096, "dvar": 0.0239872355014}, "pitch_salience": {"dvar2": 0.0156583748758, "var": 0.0166424717754, "min": 0.127948909998, "dmean": 0.0934906005859, "mean": 0.50437015295, "max": 0.825828611851, "dmean2": 0.153616994619, "median": 0.511947870255, "dvar": 0.00576463248581}, "erbbands_spread": {"dvar2": 137.725341797, "var": 177.315368652, "min": 5.48858308792, "dmean": 7.92049884796, "mean": 41.8698997498, "max": 121.242721558, "dmean2": 12.9920339584, "median": 40.5865211487, "dvar": 54.8229103088}, "dynamic_complexity": 3.38370990753, "spectral_contrast_valleys": {"dvar2": [0.287602394819, 0.315671414137, 0.277519643307, 0.313894957304, 0.234460756183, 0.455822616816], "var": [3.53140068054, 2.86815857887, 2.67032241821, 2.64854693413, 2.41119503975, 2.38341426849], "min": [-27.4636192322, -27.9587955475, -27.1108360291, -27.1213150024, -27.1952705383, -27.2982540131], "dmean": [0.378056198359, 0.391643404961, 0.365534365177, 0.361598998308, 0.290247797966, 0.39917755127], "mean": [-6.71304559708, -6.70285177231, -7.06011199951, -7.31312942505, -7.47629547119, -10.6206912994], "max": [-5.03451442719, -4.91346788406, -5.09660720825, -5.46910572052, -5.57480478287, -8.07686805725], "dmean2": [0.629773139954, 0.62620139122, 0.575229465961, 0.569944620132, 0.421852916479, 0.575508654118], "median": [-6.3297162056, -6.36575603485, -6.7102560997, -6.98462963104, -7.17724704742, -10.307185173], "dvar": [0.145146712661, 0.163262829185, 0.15307289362, 0.173945561051, 0.142829224467, 0.230861514807]}, "hfc": {"dvar2": 205.704727173, "var": 287.301727295, "min": 1.1932629584e-16, "dmean": 6.62879896164, "mean": 19.4284439087, "max": 129.562591553, "dmean2": 10.4524450302, "median": 14.6582241058, "dvar": 92.0368499756}, "spectral_kurtosis": {"dvar2": 21.2308273315, "var": 22.0760612488, "min": -1.22127127647, "dmean": 1.56240308285, "mean": 4.47633886337, "max": 107.217857361, "dmean2": 2.67280435562, "median": 3.85869288445, "dvar": 7.98178195953}, "mfcc": {"mean": [-641.601623535, 136.472473145, -6.11389303207, 33.8889656067, 8.86614894867, 19.3588790894, 4.85137414932, 10.9791479111, 6.38081455231, 6.66989278793, 3.05065250397, 2.50470876694, -0.084564730525], "cov": [[13196.4814453, 1090.50793457, -309.662628174, 284.145233154, 61.4875183105, 179.917877197, 47.1044311523, 102.669418335, 58.6233024597, 55.2453041077, 11.8423843384, 22.1027488708, 11.5957927704], [1090.50793457, 1266.08361816, -170.831924438, 230.251571655, -24.6649990082, 110.675979614, 17.5916404724, 57.9589080811, 34.8373298645, 43.0957221985, 10.4387407303, 12.4666109085, 22.0895118713], [-309.662628174, -170.831924438, 264.358184814, -33.1945228577, 14.9676065445, 7.43633174896, 7.80274629593, -9.81699085236, -17.3798999786, -4.38158750534, -5.14255714417, -11.7120637894, -8.72548294067], [284.145233154, 230.251571655, -33.1945228577, 175.166778564, 16.7958755493, 41.5233612061, 27.6883983612, 20.605298996, 15.7333850861, 14.2553606033, 8.86128616333, 10.2867126465, 1.14452338219], [61.4875183105, -24.6649990082, 14.9676065445, 16.7958755493, 76.9147949219, 22.3224544525, 13.7045345306, 3.56635570526, 6.52267551422, 1.52905189991, 6.79760456085, 5.71316814423, 5.13157081604], [179.917877197, 110.675979614, 7.43633174896, 41.5233612061, 22.3224544525, 87.6054916382, 18.617805481, 20.256231308, 1.72638082504, 12.88950634, 8.3472328186, 13.2840356827, 7.06694793701], [47.1044311523, 17.5916404724, 7.80274629593, 27.6883983612, 13.7045345306, 18.617805481, 57.7736701965, 16.8641700745, 14.3565502167, 6.95628166199, 5.82463502884, 4.25965213776, -0.137500777841], [102.669418335, 57.9589080811, -9.81699085236, 20.605298996, 3.56635570526, 20.256231308, 16.8641700745, 52.0486221313, 19.4117527008, 14.3082304001, 6.88614606857, 5.15398740768, -0.00096880068304], [58.6233024597, 34.8373298645, -17.3798999786, 15.7333850861, 6.52267551422, 1.72638082504, 14.3565502167, 19.4117527008, 43.9049949646, 20.2353591919, 6.86679553986, 2.55240058899, -0.514607906342], [55.2453041077, 43.0957221985, -4.38158750534, 14.2553606033, 1.52905189991, 12.88950634, 6.95628166199, 14.3082304001, 20.2353591919, 40.9249458313, 16.0984859467, 6.06780385971, 0.58877915144], [11.8423843384, 10.4387407303, -5.14255714417, 8.86128616333, 6.79760456085, 8.3472328186, 5.82463502884, 6.88614606857, 6.86679553986, 16.0984859467, 34.8402900696, 17.2232093811, 3.39124250412], [22.1027488708, 12.4666109085, -11.7120637894, 10.2867126465, 5.71316814423, 13.2840356827, 4.25965213776, 5.15398740768, 2.55240058899, 6.06780385971, 17.2232093811, 35.4038543701, 14.385099411], [11.5957927704, 22.0895118713, -8.72548294067, 1.14452338219, 5.13157081604, 7.06694793701, -0.137500777841, -0.00096880068304, -0.514607906342, 0.58877915144, 3.39124250412, 14.385099411, 37.262966156]], "icov": [[8.39621716295e-05, -5.10218887939e-05, 6.86250714352e-05, -2.70939781331e-05, -7.43950367905e-05, -7.65156801208e-05, 5.35071058039e-06, -5.49841934117e-05, 3.55511701855e-06, -1.96937362489e-05, 4.68422294944e-05, 8.90538285603e-06, 3.84532468161e-05], [-5.10218887939e-05, 0.00132290367037, 0.000560439482797, -0.00138307642192, 0.000953901966568, -0.00123684783466, 0.000547903764527, -0.000365260522813, -0.000257255014731, -0.000396593357436, 3.93964255636e-05, 0.000850679993164, -0.000818680913653], [6.86250714352e-05, 0.000560439482797, 0.00456779170781, 0.000311198702548, -0.000609897484537, -0.001249089255, -0.00099354388658, 0.000227827986237, 0.00189156853594, -0.00106641277671, 0.000234596474911, 0.0015910702059, 0.00043107214151], [-2.70939781331e-05, -0.00138307642192, 0.000311198702548, 0.00862627290189, -0.00147132587153, -0.00125349522568, -0.00274736830033, 0.000102605081338, -0.000546312890947, -0.000153673419845, 6.68482825859e-05, -0.00150827749167, 0.00163750641514], [-7.43950367905e-05, 0.000953901966568, -0.000609897484537, -0.00147132587153, 0.0158810596913, -0.00447042658925, -0.00142485985998, 0.0015366045991, -0.00376042025164, 0.00298742554151, -0.00306482915767, 0.00116461305879, -0.0022541617509], [-7.65156801208e-05, -0.00123684783466, -0.001249089255, -0.00125349522568, -0.00447042658925, 0.0178385134786, -0.00291447085328, -0.00468166684732, 0.00616232352331, -0.00469804788008, 0.00198449217714, -0.00495375925675, -0.00038420787314], [5.35071058039e-06, 0.000547903764527, -0.00099354388658, -0.00274736830033, -0.00142485985998, -0.00291447085328, 0.0223662424833, -0.00397880934179, -0.00592033192515, 0.00236650113948, -0.00163231173065, 0.00017013681645, 0.000320375547744], [-5.49841934117e-05, -0.000365260522813, 0.000227827986237, 0.000102605081338, 0.0015366045991, -0.00468166684732, -0.00397880934179, 0.026856219396, -0.0091260522604, -0.00196297653019, -0.000649335270282, -0.000917214376386, 0.00126428506337], [3.55511701855e-06, -0.000257255014731, 0.00189156853594, -0.000546312890947, -0.00376042025164, 0.00616232352331, -0.00592033192515, -0.0091260522604, 0.0374027080834, -0.0165473874658, 0.00291148223914, -0.000298697093967, 0.000566525268368], [-1.96937362489e-05, -0.000396593357436, -0.00106641277671, -0.000153673419845, 0.00298742554151, -0.00469804788008, 0.00236650113948, -0.00196297653019, -0.0165473874658, 0.0407172739506, -0.0167643129826, 0.00359725090675, -0.000250378769124], [4.68422294944e-05, 3.93964255636e-05, 0.000234596474911, 6.68482825859e-05, -0.00306482915767, 0.00198449217714, -0.00163231173065, -0.000649335270282, 0.00291148223914, -0.0167643129826, 0.0467605851591, -0.0218773614615, 0.00454970030114], [8.90538285603e-06, 0.000850679993164, 0.0015910702059, -0.00150827749167, 0.00116461305879, -0.00495375925675, 0.00017013681645, -0.000917214376386, -0.000298697093967, 0.00359725090675, -0.0218773614615, 0.0470518060029, -0.0155424093828], [3.84532468161e-05, -0.000818680913653, 0.00043107214151, 0.00163750641514, -0.0022541617509, -0.00038420787314, 0.000320375547744, 0.00126428506337, 0.000566525268368, -0.000250378769124, 0.00454970030114, -0.0155424093828, 0.0333425477147]]}, "silence_rate_20dB": {"dvar2": 0, "var": 0, "min": 1, "dmean": 0, "mean": 1, "max": 1, "dmean2": 0, "median": 1, "dvar": 0}, "melbands_kurtosis": {"dvar2": 1318.73742676, "var": 1019.54949951, "min": -1.61371636391, "dmean": 14.6374521255, "mean": 25.614736557, "max": 420.433959961, "dmean2": 23.7473087311, "median": 15.9620218277, "dvar": 549.68371582}, "barkbands_spread": {"dvar2": 84.1415176392, "var": 128.264175415, "min": 0.435814231634, "dmean": 5.82537508011, "mean": 18.0405979156, "max": 137.020736694, "dmean2": 9.40215587616, "median": 16.4332313538, "dvar": 35.4166717529}, "erbbands_skewness": {"dvar2": 0.171161949635, "var": 0.211726427078, "min": -1.89052021503, "dmean": 0.286721348763, "mean": -0.0444049611688, "max": 3.36398720741, "dmean2": 0.469756126404, "median": -0.0485307052732, "dvar": 0.0700752809644}, "average_loudness": 0.84731143713, "spectral_centroid": {"dvar2": 152991.703125, "var": 353563.53125, "min": 199.383804321, "dmean": 261.458557129, "mean": 1237.15527344, "max": 10512.8759766, "dmean2": 423.938079834, "median": 1177.90100098, "dvar": 77065.0234375}, "dissonance": {"dvar2": 0.00045533789671, "var": 0.000279659376247, "min": 0.349790990353, "dmean": 0.0135332169011, "mean": 0.477991998196, "max": 0.500000059605, "dmean2": 0.023162394762, "median": 0.482112050056, "dvar": 0.00016459186736}, "erbbands_flatness_db": {"dvar2": 0.000470970611786, "var": 0.00105168693699, "min": 0.034170396626, "dmean": 0.014846349135, "mean": 0.133704796433, "max": 0.352746039629, "dmean2": 0.0232496727258, "median": 0.131394267082, "dvar": 0.00020145533199}, "spectral_strongpeak": {"dvar2": 0.212404280901, "var": 0.110210500658, "min": 0, "dmean": 0.211162269115, "mean": 0.385642409325, "max": 4.32905054092, "dmean2": 0.366482704878, "median": 0.297736763954, "dvar": 0.0789374262094}, "spectral_rms": {"dvar2": 3.86071769753e-06, "var": 8.21150570118e-06, "min": 3.26751754993e-12, "dmean": 0.00130301038735, "mean": 0.0066557880491, "max": 0.0157206486911, "dmean2": 0.00215648044832, "median": 0.0067036235705, "dvar": 1.44571106375e-06}, "silence_rate_60dB": {"dvar2": 0.00149529951159, "var": 0.0566237457097, "min": 0, "dmean": 0.000748643069528, "mean": 0.0602544918656, "max": 1, "dmean2": 0.00149756646715, "median": 0, "dvar": 0.00074808037607}, "melbands": {"dvar2": [6.04841916356e-05, 8.68594288477e-05, 8.36149229144e-06, 1.79598760042e-06, 2.23200530058e-07, 3.43217124055e-07, 6.83533372126e-08, 4.30737792101e-08, 2.81681611369e-08, 5.45134355434e-08, 1.28936520127e-07, 1.22837535699e-08, 1.65082596482e-08, 1.09083195809e-08, 9.08482977735e-09, 1.03008215291e-08, 1.90728552951e-08, 8.2811855151e-09, 8.85416362451e-09, 2.67607247473e-09, 4.98727859011e-09, 2.84360623937e-09, 9.46016931458e-10, 6.184792678e-10, 5.01672481334e-10, 1.43953890475e-10, 1.12478130976e-10, 5.55501616928e-11, 7.7437507795e-11, 4.96350252566e-11, 3.12424634774e-11, 1.90682226953e-11, 9.33113482315e-12, 8.08169243333e-12, 6.96092185629e-12, 4.42415375168e-12, 2.1737104304e-12, 1.69782970235e-12, 8.38578609764e-13, 6.84468649294e-13], "var": [5.06335927639e-05, 4.74570915685e-05, 5.85012003285e-06, 1.16893534141e-06, 1.75228080934e-07, 3.63589464314e-07, 4.44307133307e-08, 2.05980672519e-08, 1.96295797394e-08, 3.56385854161e-08, 1.34744325919e-07, 7.71962316293e-09, 7.80029729697e-09, 5.17610132533e-09, 4.99218932859e-09, 4.97911045727e-09, 9.81149739232e-09, 3.15777026749e-09, 3.24913029814e-09, 1.4264427417e-09, 3.18166226698e-09, 1.75302239391e-09, 6.15503759072e-10, 4.07858885554e-10, 4.02867267324e-10, 1.46593112649e-10, 1.04580816229e-10, 5.47455518418e-11, 4.85175857823e-11, 4.23294801988e-11, 2.50188845335e-11, 1.67283218527e-11, 7.98579778694e-12, 6.20504298984e-12, 5.2744653263e-12, 3.17504594664e-12, 1.62642121992e-12, 1.14120984798e-12, 5.78358812665e-13, 4.19431362472e-13], "min": [1.12695958945e-23, 1.02488067277e-23, 6.62087644536e-24, 1.04852417516e-23, 4.97624581952e-24, 6.1832676911e-24, 1.31549482144e-23, 1.62359722752e-23, 1.00018017565e-23, 1.84786580749e-23, 2.64501637864e-23, 4.0299215723e-24, 6.16696390835e-24, 7.48744488291e-24, 9.23421564104e-24, 7.41340397607e-24, 8.86854863475e-24, 6.7654281065e-24, 1.18687223414e-23, 1.88040568874e-23, 1.19893273409e-23, 1.49132150425e-23, 1.31946081964e-23, 5.02627025054e-24, 9.66169778786e-24, 6.41298714215e-24, 1.12907846984e-23, 1.02191992002e-23, 1.03398854524e-23, 6.98497519617e-24, 1.21130948837e-23, 1.08123855245e-23, 1.22215624694e-23, 1.62776036207e-23, 1.3807019061e-23, 6.03887222443e-24, 8.91787216285e-24, 1.04085084625e-23, 9.44721045203e-24, 9.87670892732e-24], "dmean": [0.00407118862495, 0.0039323233068, 0.00130333937705, 0.000461796444142, 0.000213121064007, 0.000260783621343, 0.00012182626233, 8.5361978563e-05, 8.13810838736e-05, 0.000102327452623, 0.000123272664496, 5.13998093084e-05, 5.34596547368e-05, 4.19717507611e-05, 4.19706193497e-05, 4.10182510677e-05, 4.74195294373e-05, 3.29290414811e-05, 3.32789968525e-05, 2.1569449018e-05, 2.46056206379e-05, 1.72237978404e-05, 1.2198686818e-05, 9.46677937463e-06, 7.71001577959e-06, 4.80768267153e-06, 4.32074193668e-06, 3.15192005473e-06, 2.86258773485e-06, 2.53417397289e-06, 1.99795385925e-06, 1.53417693127e-06, 1.07810990357e-06, 9.59561248237e-07, 7.89796331446e-07, 5.96671156927e-07, 4.25401765369e-07, 3.49926210674e-07, 2.55272709637e-07, 2.14725943692e-07], "mean": [0.00746258860454, 0.00598166044801, 0.00199824688025, 0.000676306255627, 0.000360107369488, 0.000477340945508, 0.000192889376194, 0.000117600378871, 0.000131140448502, 0.000161595860845, 0.000180060291314, 8.30417848192e-05, 7.60790790082e-05, 6.06686880928e-05, 6.14007076365e-05, 5.80902305956e-05, 7.09307423676e-05, 4.35486654169e-05, 4.42687414761e-05, 3.34458127327e-05, 3.88711814594e-05, 2.70882774203e-05, 1.99280129891e-05, 1.62108717632e-05, 1.38531859193e-05, 9.24951655179e-06, 8.41216933622e-06, 6.179724096e-06, 5.09653273184e-06, 4.56231282442e-06, 3.55548422704e-06, 2.83665872303e-06, 2.02353612622e-06, 1.62779235779e-06, 1.29007469241e-06, 9.5629968655e-07, 6.63304206228e-07, 5.31857153874e-07, 3.81645946845e-07, 3.04353932279e-07], "max": [0.0561782605946, 0.0678317546844, 0.0262691304088, 0.0118754478171, 0.00478205736727, 0.00527342781425, 0.00171096087433, 0.00195215793792, 0.00166611454915, 0.00178203347605, 0.00614144327119, 0.000793786486611, 0.00100229715463, 0.000808706507087, 0.000668185064569, 0.000945457606576, 0.00183888850734, 0.000584076158702, 0.000572403601836, 0.000358041317668, 0.000678179494571, 0.000583209097385, 0.000288225943223, 0.000304159097141, 0.000332956173224, 0.000111837958684, 9.52000555117e-05, 5.65422560612e-05, 9.88253741525e-05, 7.97373213572e-05, 6.47131673759e-05, 3.90814711864e-05, 2.74011490546e-05, 2.6194826205e-05, 4.22710108978e-05, 2.83634381049e-05, 1.23019672174e-05, 1.41562695717e-05, 1.0598047993e-05, 7.4039271567e-06], "dmean2": [0.00665512727574, 0.00689627416432, 0.00223558954895, 0.000768072728533, 0.000354616291588, 0.000428335129982, 0.000201805058168, 0.00014654090046, 0.000132925968501, 0.000165435078088, 0.000191704428289, 8.47581613925e-05, 8.98056532606e-05, 7.05327911419e-05, 7.03215191606e-05, 6.94562113495e-05, 8.0096127931e-05, 5.68442301301e-05, 5.80267733312e-05, 3.67935135728e-05, 4.10887914768e-05, 2.91971300612e-05, 2.04104999284e-05, 1.53064193e-05, 1.29277486849e-05, 7.84217991168e-06, 7.0056844379e-06, 5.10819063493e-06, 4.78599577036e-06, 4.24866493631e-06, 3.26486906488e-06, 2.47805110121e-06, 1.77014715064e-06, 1.56313569732e-06, 1.28337433125e-06, 9.77543891167e-07, 6.91114792062e-07, 5.72867179471e-07, 4.19652621986e-07, 3.53767291017e-07], "median": [0.00522976461798, 0.00343581242487, 0.00115944631398, 0.000294446246698, 0.000218729313929, 0.000265356793534, 0.000122093755635, 6.69745641062e-05, 9.04605331016e-05, 9.64307400864e-05, 8.7407475803e-05, 5.51825323782e-05, 4.9323985877e-05, 3.89358465327e-05, 3.77752803615e-05, 3.41643099091e-05, 4.01403158321e-05, 2.414847404e-05, 2.56866860582e-05, 2.11762380786e-05, 1.86655743164e-05, 1.21385319289e-05, 1.13266951303e-05, 9.25846143218e-06, 6.74117836752e-06, 4.86547014589e-06, 4.52704898635e-06, 3.07912637254e-06, 2.65545168077e-06, 2.18609284275e-06, 1.90730634131e-06, 1.47334651501e-06, 1.02836247606e-06, 7.534970905e-07, 5.39638563168e-07, 3.52171412032e-07, 2.10088415997e-07, 1.65171087474e-07, 1.16218643598e-07, 8.37102831497e-08], "dvar": [2.24381328735e-05, 2.89232757495e-05, 3.05894013763e-06, 6.99156487372e-07, 8.34699989127e-08, 1.32653795504e-07, 2.50094807086e-08, 1.54733328372e-08, 1.0886859414e-08, 2.08692938486e-08, 6.66358559442e-08, 4.62325333572e-09, 6.24944451744e-09, 4.18904910759e-09, 3.52159235106e-09, 3.83150844385e-09, 6.73091049563e-09, 3.02997338331e-09, 3.23344684361e-09, 9.98609972491e-10, 1.86792226131e-09, 1.06262965094e-09, 3.72625458267e-10, 2.42665387784e-10, 1.86089199605e-10, 5.88671819624e-11, 4.39535179086e-11, 2.27514933976e-11, 2.90139023917e-11, 2.0044202409e-11, 1.30929963052e-11, 7.84234049228e-12, 3.74159210559e-12, 3.27815660901e-12, 2.74495053423e-12, 1.78499478653e-12, 8.95365379061e-13, 6.91597549628e-13, 3.35202541722e-13, 2.70217144016e-13]}, "spectral_skewness": {"dvar2": 0.134238660336, "var": 0.182909831405, "min": 0.0795420184731, "dmean": 0.202385470271, "mean": 1.47636222839, "max": 8.33709526062, "dmean2": 0.334150582552, "median": 1.43224406242, "dvar": 0.0550072640181}, "melbands_flatness_db": {"dvar2": 0.00248831883073, "var": 0.00546324113384, "min": 0.00556875858456, "dmean": 0.0371839255095, "mean": 0.237991556525, "max": 0.564866840839, "dmean2": 0.0580950379372, "median": 0.231045335531, "dvar": 0.00117986358237}, "spectral_decrease": {"dvar2": 9.58879611298e-17, "var": 1.00723129595e-16, "min": -6.62044783439e-08, "dmean": 5.27691979002e-09, "mean": -1.37940148193e-08, "max": 2.224194534e-17, "dmean2": 8.8705318646e-09, "median": -1.17752811946e-08, "dvar": 3.37815367472e-17}, "erbbands_crest": {"dvar2": 7.8702673912, "var": 5.59452533722, "min": 2.08439159393, "dmean": 1.8095651865, "mean": 5.85176515579, "max": 21.537229538, "dmean2": 3.04802