{"tonal": {"thpcp": [1, 0.618721485138, 0.161111399531, 0.106823801994, 0.105072617531, 0.219131037593, 0.292286038399, 0.185975581408, 0.272157102823, 0.382993519306, 0.196557283401, 0.0636901780963, 0.0730971321464, 0.0803888291121, 0.342281073332, 0.594412863255, 0.368292480707, 0.138165861368, 0.136471569538, 0.211226597428, 0.480595141649, 0.597603201866, 0.304983824492, 0.073039457202, 0.0431694276631, 0.0636531561613, 0.260919839144, 0.456842333078, 0.336899518967, 0.45495852828, 0.657892823219, 0.349321961403, 0.0797040462494, 0.0715280398726, 0.115024626255, 0.558037400246], "hpcp": {"dmean2": [0.198648303747, 0.147934406996, 0.076908223331, 0.0507373549044, 0.0623042955995, 0.128099441528, 0.176417469978, 0.154127329588, 0.175031527877, 0.215704128146, 0.149284794927, 0.0680057778955, 0.0653850510716, 0.0979003980756, 0.195921719074, 0.228962689638, 0.224795624614, 0.139579251409, 0.108999207616, 0.109710536897, 0.124116301537, 0.128307700157, 0.101089842618, 0.168980583549, 0.1883379668, 0.101840883493, 0.0573761835694, 0.0615592524409, 0.0682734847069, 0.136267930269, 0.196911215782, 0.172586783767, 0.115961849689, 0.124012388289, 0.175594180822, 0.214441403747], "median": [0.0667306706309, 0.0267668515444, 0.00161740428302, 0.000510969024617, 0.00234920112416, 0.0200304165483, 0.0315754488111, 0.0363782607019, 0.0463454313576, 0.0613358281553, 0.0305897202343, 0.00401249621063, 0.00169491302222, 0.00627197138965, 0.103623121977, 0.166033178568, 0.0903300046921, 0.00484381709248, 0.00127356464509, 0.00159958470613, 0.00978626962751, 0.0143887922168, 0.013753393665, 0.0112308217213, 0.0101812351495, 0.00572476815432, 0.0036325645633, 0.00275642611086, 0.00521487742662, 0.037194147706, 0.0638877153397, 0.0331463292241, 0.00273514678702, 0.00130633078516, 0.00413347641006, 0.0498153977096], "min": [0, 0, 0, 0, 0, 0, 0, 0, 0, 0, 0, 0, 0, 0, 0, 0, 0, 0, 0, 0, 0, 0, 0, 0, 0, 0, 0, 0, 0, 0, 0, 0, 0, 0, 0, 0], "dvar2": [0.0888450071216, 0.0629364028573, 0.0486524626613, 0.0320823900402, 0.0316425487399, 0.0560390353203, 0.0847331508994, 0.0606726258993, 0.0641751214862, 0.0990565419197, 0.0592664703727, 0.0306577887386, 0.0322509780526, 0.0491910204291, 0.0683544650674, 0.109222091734, 0.100444220006, 0.0892859771848, 0.0752717405558, 0.0829688981175, 0.0697025358677, 0.0648190900683, 0.039852656424, 0.107134744525, 0.118008226156, 0.0400473773479, 0.0254068486392, 0.0303807836026, 0.0323392115533, 0.0506548509002, 0.0993082821369, 0.0905422642827, 0.0746016353369, 0.087250225246, 0.111747413874, 0.107952684164], "dvar": [0.0373615585268, 0.0237254481763, 0.0166705772281, 0.0107907513157, 0.0110694635659, 0.0215807948261, 0.0378249660134, 0.0241902172565, 0.0265461001545, 0.0455131046474, 0.0241106972098, 0.0104371253401, 0.0112626291811, 0.0171201899648, 0.0269222985953, 0.0482339374721, 0.039894271642, 0.0312311165035, 0.0255116540939, 0.0283389929682, 0.0263070445508, 0.0269713234156, 0.0146209076047, 0.0373152382672, 0.0464324429631, 0.0158068221062, 0.00862949807197, 0.010888280347, 0.0111338347197, 0.0192341189831, 0.040153067559, 0.0317040011287, 0.0264654699713, 0.0313438773155, 0.0393430516124, 0.042097683996], "dmean": [0.119718253613, 0.0866250470281, 0.0413770899177, 0.0266415718943, 0.0337436012924, 0.0759790316224, 0.107350997627, 0.0928415060043, 0.107544630766, 0.130997121334, 0.0905212461948, 0.0377627499402, 0.0357988961041, 0.054641187191, 0.118641123176, 0.137434110045, 0.134163782001, 0.0773939862847, 0.0583593286574, 0.0588347353041, 0.0721178725362, 0.0760150551796, 0.0586532615125, 0.0968967527151, 0.108683168888, 0.0605548992753, 0.0311031211168, 0.0339063294232, 0.0373242013156, 0.0823291763663, 0.118170678616, 0.10002861172, 0.0650894343853, 0.0690435022116, 0.0988454297185, 0.128643751144], "max": [1, 1, 1, 1, 1, 1, 1, 1, 1, 1, 1, 1, 1, 1, 1, 1, 1, 1, 1, 1, 1, 1, 1, 1, 1, 1, 1, 1, 1, 1, 1, 1, 1, 1, 1, 1], "var": [0.106436029077, 0.0370135530829, 0.0103456238285, 0.00608039600775, 0.0071362759918, 0.0315422937274, 0.0884071066976, 0.0423162654042, 0.0638864189386, 0.125503599644, 0.0456316806376, 0.00742848450318, 0.00873121153563, 0.0139793697745, 0.0588477365673, 0.168227270246, 0.0811175853014, 0.0265796072781, 0.0182776283473, 0.0198249239475, 0.0344580188394, 0.0590028911829, 0.0202972125262, 0.0428486131132, 0.0819206535816, 0.0276132524014, 0.00543722743168, 0.00834672991186, 0.00807424914092, 0.040752068162, 0.109738953412, 0.0510336011648, 0.0240897480398, 0.0264699421823, 0.0348586589098, 0.0765106901526], "mean": [0.23056858778, 0.117669530213, 0.0281802434474, 0.0166557244956, 0.024558801204, 0.100668668747, 0.176259920001, 0.129983320832, 0.175533100963, 0.253829658031, 0.134776175022, 0.0307515915483, 0.0275971051306, 0.0443790555, 0.215303227305, 0.385822206736, 0.238716483116, 0.0621603541076, 0.0412149950862, 0.0405393503606, 0.0845456197858, 0.112770445645, 0.0717535093427, 0.105004258454, 0.147767409682, 0.0758361667395, 0.024573083967, 0.028202496469, 0.0310157947242, 0.132059633732, 0.229337692261, 0.142095416784, 0.0533074550331, 0.0526537597179, 0.0814959108829, 0.185424283147]}, "tuning_equal_tempered_deviation": 0.0158922895789, "chords_changes_rate": 0.0601792559028, "key_key": "G", "tuning_diatonic_strength": 0.600858151913, "key_scale": "major", "chords_number_rate": 0.00352112669498, "tuning_frequency": 438.984558105, "tuning_nontempered_energy_ratio": 0.650955617428, "chords_histogram": [42.9257354736, 3.2650449276, 1.31242001057, 0, 0, 2.0806658268, 1.60051214695, 0, 0, 0, 0, 0, 0.0320102423429, 0, 0.160051211715, 1.85659408569, 0, 0.256081938744, 0, 14.4366197586, 8.80281734467, 9.44302177429, 8.35467338562, 5.47375154495], "key_strength": 0.692402601242, "chords_key": "G", "chords_strength": {"dmean2": 0.00854070205241, "median": 0.452603936195, "min": 0.26745262742, "dvar2": 6.42339873593e-05, "dvar": 5.89841838519e-05, "dmean": 0.00966684892774, "max": 0.829525053501, "var": 0.00951775722206, "mean": 0.460680395365}, "chords_scale": "major", "hpcp_entropy": {"dmean2": 0.84798759222, "median": 1.60374057293, "min": 0, "dvar2": 0.516463875771, "dvar": 0.197606444359, "dmean": 0.505483210087, "max": 3.87086415291, "var": 0.548477232456, "mean": 1.56294608116}}, "metadata": {"audio_properties": {"equal_loudness": 0, "codec": "flac", "downmix": "mix", "sample_rate": 44100, "analysis_sample_rate": 44100, "bit_rate": 0, "md5_encoded": "d189dfd98d36a272e864e1f5609ae063", "length": 145, "replay_gain": -1.31078529358, "lossless": true}, "version": {"essentia_build_sha": "2d9f1f26377add8aeb1075a9c2973f962c4f09fd", "essentia": "2.1-beta2", "extractor": "music 1.0", "essentia_git_sha": "v2.1_beta2-1-ge3940c0"}, "tags": {"title": ["Ex Agone Sanguinis"], "media": ["CD"], "tracktotal": ["13"], "musicbrainz_releasegroupid": ["df2ae6e5-96fd-4e85-89f7-a540e5fed9fa"], "performer": ["Huelgas Ensemble - Paul Van Nevel"], "releasetype": ["album"], "musicbrainz_recordingid": ["022906e9-0d29-486d-b641-ced966b8e723"], "composer": ["[anonymous - Codex Las Huelgas]"], "musicbrainz_albumartistid": ["393ec3fa-66f4-4f34-b181-0e3e84232f41"], "musicbrainz_releasetrackid": ["a3c5eee9-3994-352f-8008-0900f44147fc"], "discnumber": ["1"], "album": ["Codex Las Huelgas: Music From 13th Century Spain"], "catalognumber": ["88697478442-1"], "releasecountry": ["DE"], "file_name": "04 Ex agone sanguinis.flac", "date": ["2009-06-16"], "genre": ["Mediaeval (Ars Antiqua)"], "disctotal": ["1"], "musicbrainz_artistid": ["393ec3fa-66f4-4f34-b181-0e3e84232f41"], "originaldate": ["1975"], "musicbrainz_albumid": ["65bad9f7-2d65-44c3-9282-856939a92e6e"], "artist": ["[anonymous - Codex Las Huelgas]"], "artistsort": ["Huelgas Ensemble"], "tracknumber": ["4"], "label": ["Sony Classical"], "albumartistsort": ["Huelgas Ensemble"], "script": ["Latn"], "releasestatus": ["official"]}}, "rhythm": {"bpm_histogram_first_peak_bpm": {"dmean2": 0, "median": 136, "min": 136, "dvar2": 0, "dvar": 0, "dmean": 0, "max": 136, "var": 0, "mean": 136}, "bpm": 135.91317749, "bpm_histogram_second_peak_spread": {"dmean2": 0, "median": 0.658823490143, "min": 0.658823490143, "dvar2": 0, "dvar": 0, "dmean": 0, "max": 0.658823490143, "var": 0, "mean": 0.658823490143}, "bpm_histogram_first_peak_weight": {"dmean2": 0, "median": 0.139455780387, "min": 0.139455780387, "dvar2": 0, "dvar": 0, "dmean": 0, "max": 0.139455780387, "var": 0, "mean": 0.139455780387}, "onset_rate": 2.02730345726, "beats_position": [0.545668900013, 1.11455774307, 1.68344664574, 2.2523355484, 2.80961441994, 3.3785033226, 3.94739222527, 4.51628112793, 5.08516979218, 5.66566896439, 6.2229475975, 6.78022670746, 7.3491153717, 7.92961454391, 8.51011276245, 9.0906124115, 9.65950107574, 10.2399997711, 10.6811790466, 11.1223583221, 11.5635375977, 11.9931058884, 12.4226751328, 12.8522443771, 13.2818136215, 13.7113828659, 14.1409521103, 14.5705213547, 14.9884805679, 15.4064397812, 15.8243989944, 16.3932876587, 16.9737873077, 17.5542850494, 18.1463947296, 18.7385025024, 19.3306121826, 19.9227199554, 20.5032196045, 21.0837192535, 21.6642169952, 22.2447166443, 22.825214386, 23.405714035, 24.009431839, 24.6131515503, 25.2168693542, 25.8205890656, 26.4243087769, 27.0164165497, 27.6085262299, 28.2122440338, 28.8159637451, 29.4196815491, 30.0234012604, 30.6271190643, 31.2192287445, 31.8113365173, 32.4034461975, 32.9375038147, 33.4715652466, 34.0172348022, 34.4584121704, 34.8763694763, 35.3059387207, 35.7355079651, 36.1650772095, 36.5946464539, 37.0126075745, 37.4305648804, 37.848526001, 38.2664833069, 38.7076644897, 39.1604537964, 39.613243103, 40.0660324097, 40.5072097778, 40.9483909607, 41.4011802673, 41.8423576355, 42.2835350037, 42.7247161865, 43.1775054932, 43.6070747375, 44.0482521057, 44.4778213501, 44.9073905945, 45.3369598389, 45.7665290833, 46.2193183899, 46.6721076965, 47.1248970032, 47.6705665588, 48.2162361145, 48.7619056702, 49.2727432251, 49.78358078, 50.2944221497, 50.8168716431, 51.3160972595, 51.8269386292, 52.2913360596, 52.7557373047, 53.2201347351, 53.6845359802, 54.1489334106, 54.6133308411, 55.0777320862, 55.5421295166, 56.0065307617, 56.4709281921, 56.9237174988, 57.3765068054, 57.8292961121, 58.2820854187, 58.7348747253, 59.187664032, 59.6288414001, 60.070022583, 60.5228118896, 61.0220413208, 61.5328788757, 62.0553283691, 62.6474380493, 63.2395439148, 63.831653595, 64.4585952759, 65.0855331421, 65.6892471313, 66.2813568115, 66.8850784302, 67.4888000488, 68.1041259766, 68.6962356567, 69.2883453369, 69.8688430786, 70.4493408203, 71.029838562, 71.6103363037, 72.1908340454, 72.7713394165, 73.3518371582, 73.9323348999, 74.5128326416, 75.0933303833, 75.673828125, 76.2659378052, 76.8580474854, 77.4385452271, 78.0190429688, 78.5995483398, 79.1800460815, 79.7605438232, 80.3642578125, 80.9679794312, 81.5717010498, 82.1754150391, 82.7791366577, 83.3828582764, 83.9981842041, 84.6135101318, 85.2172317505, 85.8209533691, 86.4246673584, 87.0283889771, 87.6321105957, 88.235824585, 88.8395462036, 89.4316558838, 90.023765564, 90.6158676147, 91.0802688599, 91.544670105, 92.0206756592, 92.4966888428, 92.972694397, 93.4370956421, 93.9363250732, 94.4355545044, 94.9347839355, 95.4572296143, 95.9796829224, 96.5021286011, 97.0129699707, 97.5238113403, 98.0230331421, 98.4642181396, 98.9170074463, 99.381401062, 99.8225860596, 100.263763428, 100.704940796, 101.146118164, 101.587303162, 102.02848053, 102.469657898, 102.910835266, 103.352012634, 103.793197632, 104.245986938, 104.710380554, 105.174781799, 105.627571106, 106.068748474, 106.509933472, 106.962722778, 107.403900146, 107.856689453, 108.297866821, 108.750656128, 109.191833496, 109.633010864, 110.085800171, 110.526985168, 110.979774475, 111.432563782, 111.827301025, 112.222038269, 112.628387451, 113.092788696, 113.56879425, 114.044807434, 114.497596741, 114.950386047, 115.403175354, 115.844352722, 116.28553009, 116.726707458, 117.179496765, 117.620681763, 118.050247192, 118.479812622, 118.92099762, 119.350563049, 119.791740417, 120.232925415, 120.650878906, 121.068840027, 121.486801147, 121.916366577, 122.345939636, 122.775505066, 123.205078125, 123.623039246, 124.040992737, 124.458953857, 124.876914978, 125.294876099, 125.724441528, 126.142402649, 126.548751831, 126.955101013, 127.361450195, 127.779411316, 128.150924683, 128.522445679, 128.905578613, 129.277099609, 129.648620605, 130.020126343, 130.403259277, 130.774780273, 131.14630127, 131.506210327, 131.866119385, 132.226028442, 132.597549438, 132.945846558, 133.305755615, 133.665664673, 134.02557373, 134.397094727, 134.768615723, 135.151748657, 135.55809021, 135.952835083, 136.347564697, 136.788757324, 137.241546631, 137.682723999, 138.112289429, 138.53024292, 138.936599731, 139.342941284, 139.772521973, 140.202087402, 140.643264771, 141.0728302, 141.525619507, 141.978408813, 142.43119812, 142.895599365, 143.36000061, 143.824401855, 144.288803101], "beats_loudness": {"dmean2": 0.035642541945, "median": 0.00907837040722, "min": 3.18822515055e-07, "dvar2": 0.0018965966301, "dvar": 0.000596039462835, "dmean": 0.0196058936417, "max": 0.172555401921, "var": 0.000759532384109, "mean": 0.0212040878832}, "danceability": 0.915880084038, "bpm_histogram_second_peak_weight": {"dmean2": 0, "median": 0.0986394584179, "min": 0.0986394584179, "dvar2": 0, "dvar": 0, "dmean": 0, "max": 0.0986394584179, "var": 0, "mean": 0.0986394584179}, "beats_count": 295, "bpm_histogram_second_peak_bpm": {"dmean2": 0, "median": 103, "min": 103, "dvar2": 0, "dvar": 0, "dmean": 0, "max": 103, "var": 0, "mean": 103}, "bpm_histogram_first_peak_spread": {"dmean2": 0, "median": 0.594059407711, "min": 0.594059407711, "dvar2": 0, "dvar": 0, "dmean": 0, "max": 0.594059407711, "var": 0, "mean": 0.594059407711}, "beats_loudness_band_ratio": {"dmean2": [0.14547367394, 0.271198630333, 0.261864542961, 0.128546252847, 0.0158617980778, 0.00427549052984], "median": [0.0188112184405, 0.156009808183, 0.518240749836, 0.025517007336, 0.00365843763575, 0.000458555208752], "min": [3.88996631955e-05, 1.96386417883e-06, 9.57534648478e-05, 4.93186344102e-05, 7.9808605733e-06, 6.6892034738e-06], "dvar2": [0.0399313084781, 0.0699917525053, 0.072822779417, 0.0393219813704, 0.000613210781012, 0.000148630642798], "dvar": [0.0152059523389, 0.0260894615203, 0.030841967091, 0.0131551194936, 0.000214237647015, 4.69376827823e-05], "dmean": [0.0825393870473, 0.156598776579, 0.154018849134, 0.0738873705268, 0.00877096597105, 0.00231511495076], "max": [0.999705731869, 0.80958378315, 0.999258339405, 0.879629075527, 0.0948088765144, 0.07235968858], "var": [0.0860390886664, 0.0455630384386, 0.120227903128, 0.0197451300919, 0.000210979866097, 2.75838901871e-05], "mean": [0.197504922748, 0.218645751476, 0.541396975517, 0.0895785167813, 0.00896004866809, 0.00177924649324]}}, "lowlevel": {"barkbands_spread": {"dmean2": 1.60158908367, "median": 3.86430931091, "min": 0.0377466715872, "dvar2": 4.05183982849, "dvar": 1.83107721806, "dmean": 1.04506516457, "max": 30.0558738708, "var": 11.3051424026, "mean": 4.23869657516}, "melbands_spread": {"dmean2": 2.01358985901, "median": 5.41765022278, "min": 0.0911687612534, "dvar2": 5.65023469925, "dvar": 2.38734078407, "dmean": 1.3184081316, "max": 34.9548530579, "var": 20.9329414368, "mean": 5.92209720612}, "hfc": {"dmean2": 2.65819382668, "median": 3.31436872482, "min": 3.79556649932e-06, "dvar2": 51.7681465149, "dvar": 21.9782905579, "dmean": 1.9585660696, "max": 184.895050049, "var": 106.387107849, "mean": 7.24520111084}, "barkbands_kurtosis": {"dmean2": 37.1682281494, "median": 5.14538383484, "min": -1.43174743652, "dvar2": 24969.4179688, "dvar": 19006.3378906, "dmean": 27.7770195007, "max": 7766.68066406, "var": 75242.921875, "mean": 62.1542129517}, "gfcc": {"mean": [-214.986724854, 139.754806519, -135.266067505, -33.0215873718, -72.2560806274, -21.6969509125, -26.3470630646, 4.99704742432, -0.613302230835, 2.92721223831, -3.62410855293, -5.45548629761, -1.87667405605], "icov": [[0.000255772436503, -0.000723935721908, 0.000376614916604, -0.000451074156445, 0.00108680594712, -0.000694209360518, 0.000695211812854, -0.000724646262825, 0.000324384367559, -0.000129098130856, 0.000254941696767, 0.000108673455543, 0.000113979622256], [-0.000723935721908, 0.0031602140516, -0.00120510603301, 0.00158694002312, -0.00419711787254, 0.00265772151761, -0.00258578709327, 0.00379761913791, -0.00161734130234, 0.00259113823995, -0.00238693109713, 0.00157090055291, -0.000931401038542], [0.000376614916604, -0.00120510603301, 0.00339946313761, -0.00279626506381, 0.000362541992217, -0.00108695402741, 8.95184348337e-05, -2.8684413337e-05, 0.000513690989465, -0.000210078214877, 0.00109057570808, -5.93699915044e-05, 0.00103796459734], [-0.000451074156445, 0.00158694002312, -0.00279626506381, 0.00604506349191, -0.00342313456349, -0.000657037191559, 0.000142248361954, 0.000267623487161, -0.000290959287668, 9.53792841756e-05, -0.00153347791638, 0.00095717178192, -0.000946388579905], [0.00108680594712, -0.00419711787254, 0.000362541992217, -0.00342313456349, 0.011696126312, -0.00678537832573, 0.0028767681215, -0.00290198810399, 0.000712337903678, -0.00143500452396, 0.000722745724488, -0.000545704038814, 0.00139906047843], [-0.000694209360518, 0.00265772151761, -0.00108695402741, -0.000657037191559, -0.00678537832573, 0.0136400898919, -0.00635203672573, 0.00147347804159, 0.00240958738141, -0.000626324908808, 0.00417267810553, -0.00465799402446, 0.0019732399378], [0.000695211812854, -0.00258578709327, 8.95184348337e-05, 0.000142248361954, 0.0028767681215, -0.00635203672573, 0.0130228651688, -0.00918165501207, 0.000153359622345, 0.000915190728847, -0.00356914498843, 0.00552699295804, -0.0032689224463], [-0.000724646262825, 0.00379761913791, -2.8684413337e-05, 0.000267623487161, -0.00290198810399, 0.00147347804159, -0.00918165501207, 0.0215396396816, -0.0108527755365, 0.00237648119219, 0.00355359562673, -0.00316411931999, 0.00281082512811], [0.000324384367559, -0.00161734130234, 0.000513690989465, -0.000290959287668, 0.000712337903678, 0.00240958738141, 0.000153359622345, -0.0108527755365, 0.0149797797203, -0.00781690329313, -0.000835109502077, 0.00592396967113, -0.00199941499159], [-0.000129098130856, 0.00259113823995, -0.000210078214877, 9.53792841756e-05, -0.00143500452396, -0.000626324908808, 0.000915190728847, 0.00237648119219, -0.00781690329313, 0.0181472767144, -0.0129232984036, 0.00438819918782, 0.000298022845527], [0.000254941696767, -0.00238693109713, 0.00109057570808, -0.00153347791638, 0.000722745724488, 0.00417267810553, -0.00356914498843, 0.00355359562673, -0.000835109502077, -0.0129232984036, 0.0233725290745, -0.0142276696861, 0.00534000666812], [0.000108673455543, 0.00157090055291, -5.93699915044e-05, 0.00095717178192, -0.000545704038814, -0.00465799402446, 0.00552699295804, -0.00316411931999, 0.00592396967113, 0.00438819918782, -0.0142276696861, 0.0241097230464, -0.0112859196961], [0.000113979622256, -0.000931401038542, 0.00103796459734, -0.000946388579905, 0.00139906047843, 0.0019732399378, -0.0032689224463, 0.00281082512811, -0.00199941499159, 0.000298022845527, 0.00534000666812, -0.0112859196961, 0.0180700980127]], "cov": [[18626.9902344, 4076.171875, -1257.11254883, -817.465515137, -869.065246582, -525.452758789, -611.252868652, -672.208251953, -711.363098145, -934.318969727, -330.099731445, -156.496810913, 177.163116455], [4076.171875, 2923.44824219, 919.025939941, 390.516967773, 706.053833008, 173.089477539, 81.1975097656, -381.60345459, -310.945068359, -425.882751465, -69.9574737549, -124.761016846, 8.48924541473], [-1257.11254883, 919.025939941, 2020.87243652, 1243.18249512, 1113.18481445, 760.753234863, 161.512145996, -187.258850098, -419.719268799, -294.834777832, -159.007095337, 38.9695739746, -76.8369598389], [-817.465515137, 390.516967773, 1243.18249512, 1023.81530762, 767.126159668, 560.71496582, 95.934135437, -91.6477661133, -272.633056641, -161.443511963, -94.8537902832, 49.1974029541, -50.2630844116], [-869.065246582, 706.053833008, 1113.18481445, 767.126159668, 856.900146484, 516.016601563, 126.47480011, -107.66192627, -242.214813232, -170.528610229, -77.6614608765, 28.2563209534, -48.3479232788], [-525.452758789, 173.089477539, 760.753234863, 560.71496582, 516.016601563, 508.076873779, 82.2378616333, -70.7563323975, -276.315582275, -180.588226318, -118.78250885, 74.9626235962, -17.3206443787], [-611.252868652, 81.1975097656, 161.512145996, 95.934135437, 126.47480011, 82.2378616333, 313.599304199, 204.431808472, 235.65826416, 92.1293945313, 5.70933008194, -124.637489319, -45.029132843], [-672.208251953, -381.60345459, -187.258850098, -91.6477661133, -107.66192627, -70.7563323975, 204.431808472, 317.529937744, 367.009368896, 192.739227295, 25.4146022797, -126.063804626, -54.6358718872], [-711.363098145, -310.945068359, -419.719268799, -272.633056641, -242.214813232, -276.315582275, 235.65826416, 367.009368896, 659.949035645, 379.739318848, 130.977310181, -221.835891724, -77.7382583618], [-934.318969727, -425.882751465, -294.834777832, -161.443511963, -170.528610229, -180.588226318, 92.1293945313, 192.739227295, 379.739318848, 360.344726563, 167.212875366, -81.6225967407, -52.2875747681], [-330.099731445, -69.9574737549, -159.007095337, -94.8537902832, -77.6614608765, -118.78250885, 5.70933008194, 25.4146022797, 130.977310181, 167.212875366, 174.264556885, 24.1699085236, -5.96240615845], [-156.496810913, -124.761016846, 38.9695739746, 49.1974029541, 28.2563209534, 74.9626235962, -124.637489319, -126.063804626, -221.835891724, -81.6225967407, 24.1699085236, 192.763031006, 71.6338806152], [177.163116455, 8.48924541473, -76.8369598389, -50.2630844116, -48.3479232788, -17.3206443787, -45.029132843, -54.6358718872, -77.7382583618, -52.2875747681, -5.96240615845, 71.6338806152, 101.191452026]]}, "spectral_energyband_middle_low": {"dmean2": 0.00635104067624, "median": 0.00535770179704, "min": 9.00628127631e-10, "dvar2": 0.000412076769862, "dvar": 0.000153665721882, "dmean": 0.00435343850404, "max": 0.454687714577, "var": 0.000434509420302, "mean": 0.0133026381955}, "melbands_crest": {"dmean2": 4.7626543045, "median": 17.5258617401, "min": 5.24702548981, "dvar2": 19.9966449738, "dvar": 8.20324993134, "dmean": 3.05466508865, "max": 39.7422637939, "var": 62.4979629517, "mean": 19.0245075226}, "spectral_kurtosis": {"dmean2": 18.7356414795, "median": 28.164604187, "min": 1.45473349094, "dvar2": 334.84475708, "dvar": 123.187858582, "dmean": 11.0088882446, "max": 140.529922485, "var": 469.597229004, "mean": 33.158493042}, "spectral_rms": {"dmean2": 0.000734739878681, "median": 0.00252293562517, "min": 2.24985910791e-06, "dvar2": 1.63579204582e-06, "dvar": 7.07246897491e-07, "dmean": 0.000521041220054, "max": 0.0249276645482, "var": 6.20001628704e-06, "mean": 0.00320380972698}, "zerocrossingrate": {"dmean2": 0.00307076051831, "median": 0.0263671875, "min": 0, "dvar2": 2.01905168069e-05, "dvar": 1.22758674479e-05, "dmean": 0.00239723036066, "max": 0.0791015625, "var": 0.0001000345801, "mean": 0.0260215755552}, "silence_rate_60dB": {"dmean2": 0.115951314569, "median": 0, "min": 0, "dvar2": 0.117880173028, "dvar": 0.0546036288142, "dmean": 0.0579663738608, "max": 1, "var": 0.214182913303, "mean": 0.310758888721}, "erbbands_kurtosis": {"dmean2": 7.75359725952, "median": 3.14859104156, "min": -1.58128213882, "dvar2": 259.842071533, "dvar": 129.261932373, "dmean": 5.40349292755, "max": 288.401916504, "var": 1043.16418457, "mean": 16.181427002}, "erbbands": {"dmean2": [0.0705012902617, 0.65375071764, 1.38422787189, 3.93728375435, 6.04347229004, 14.6906757355, 5.87659549713, 8.62631511688, 10.690776825, 27.6727352142, 49.9681510925, 12.7218704224, 12.1520900726, 4.40644311905, 9.11460876465, 3.4945166111, 1.84169864655, 1.53424525261, 1.33904778957, 0.937704086304, 0.580721497536, 0.446026355028, 0.289888888597, 0.140177056193, 0.0859538465738, 0.0721322745085, 0.0446669273078, 0.02277395688, 0.0130508737639, 0.0124195702374, 0.00657917838544, 0.00369005184621, 0.00308337924071, 0.00164364138618, 0.000690405548085, 0.000290403957479, 9.83923309832e-05, 2.63931997324e-05, 6.39707241135e-06, 9.30729311222e-06], "median": [4.27385166404e-05, 0.000100302939245, 0.000363844272215, 0.00466345343739, 0.0887047946453, 0.430247098207, 0.93566429615, 2.16755223274, 6.6454076767, 15.9329509735, 14.69024086, 6.31838941574, 5.36110591888, 2.64910340309, 1.97920656204, 1.49107408524, 0.796568393707, 0.580882966518, 0.551790773869, 0.454166471958, 0.319370031357, 0.252973884344, 0.160783901811, 0.0927529558539, 0.0625145286322, 0.0424191728234, 0.0332357287407, 0.0187503993511, 0.00989015679806, 0.00671061128378, 0.00320051773451, 0.00185270223301, 0.00148011406418, 0.000669519533403, 0.000289723131573, 9.25339336391e-05, 3.54489056917e-05, 8.6496647782e-06, 7.40655423215e-06, 7.702565199e-06], "min": [5.00416881266e-08, 4.30049567512e-07, 1.08156234546e-06, 9.03935358565e-07, 9.71210397438e-07, 5.77372816224e-07, 6.08561720128e-07, 1.03362856407e-06, 5.81421829793e-07, 5.71161194785e-07, 3.86549430687e-07, 5.94397818077e-07, 1.05422452634e-06, 1.1950193084e-06, 1.18364414448e-06, 2.08823578873e-07, 1.27429359509e-07, 4.32768956671e-07, 1.41909185913e-06, 9.1412960046e-07, 1.44288640058e-06, 8.71032852956e-07, 1.02259150481e-06, 5.01266356423e-07, 7.67914798416e-07, 1.02600063201e-06, 7.54721213525e-07, 1.12242730665e-06, 6.90620140631e-07, 1.06536174371e-06, 1.07711298369e-06, 9.29621819523e-07, 5.70143811274e-07, 2.2187991533e-07, 3.13751996828e-07, 1.33362505039e-07, 6.89128327735e-08, 3.57829037512e-08, 6.30208329966e-09, 8.43205283374e-10], "dvar2": [0.0778915658593, 6.79896450043, 36.9542427063, 483.924041748, 998.785766602, 4502.65966797, 515.961914063, 571.478393555, 559.898132324, 3144.32128906, 14883.3339844, 1186.34411621, 2277.42895508, 150.187957764, 894.879333496, 204.780105591, 164.968093872, 50.4027862549, 34.7436637878, 22.8134002686, 7.68591356277, 2.59380912781, 1.09213936329, 0.340517640114, 0.0439075902104, 0.0310618449003, 0.00912543013692, 0.00235872413032, 0.00117942213546, 0.0010807455983, 0.000279033003608, 0.000108692191134, 6.59761790303e-05, 2.41227298829e-05, 5.11505459144e-06, 1.23474876546e-06, 1.13245270938e-07, 6.64371091474e-09, 3.14917814048e-10, 9.47117717587e-10], "dvar": [0.0272340364754, 2.97698545456, 12.6669120789, 163.162597656, 351.983947754, 1553.22253418, 173.567947388, 208.840698242, 245.329650879, 1244.92224121, 11637.2099609, 833.272155762, 1711.99316406, 65.241027832, 507.038024902, 76.3449783325, 56.6102790833, 17.7807941437, 12.8172101974, 8.00887680054, 2.79826855659, 0.965847611427, 0.42437595129, 0.130150258541, 0.0175996981561, 0.0145963262767, 0.0042915167287, 0.00118887668941, 0.000553080637474, 0.000522584072314, 0.000161788368132, 5.88701041124e-05, 3.82366997655e-05, 1.23199570226e-05, 2.28712178796e-06, 4.99066743487e-07, 4.56084769951e-08, 2.91147994602e-09, 1.34622382686e-10, 3.51017881428e-10], "dmean": [0.040233258158, 0.398020446301, 0.790729224682, 2.30128026009, 3.56399059296, 8.57919120789, 3.4636619091, 5.51860284805, 7.14576721191, 18.149848938, 41.8317222595, 10.2915334702, 9.21214962006, 3.01413416862, 6.84415388107, 2.3888130188, 1.10826718807, 0.937412798405, 0.856943190098, 0.608638763428, 0.391383618116, 0.289387464523, 0.185972064734, 0.0916621610522, 0.0556608177722, 0.0486927889287, 0.0298760142177, 0.0155310165137, 0.00885039102286, 0.00866223592311, 0.00466135703027, 0.00264708185568, 0.00217127869837, 0.00117504177615, 0.000475525885122, 0.000195483953576, 6.67803178658e-05, 1.83261236089e-05, 4.55956342194e-06, 6.24276799499e-06], "max": [5.99702072144, 68.5903167725, 95.7027053833, 590.69342041, 741.452575684, 1365.97241211, 340.428924561, 362.67086792, 421.723297119, 826.182739258, 3087.46313477, 1131.22216797, 3052.15942383, 272.248291016, 602.482421875, 404.325744629, 404.673248291, 160.39213562, 136.254364014, 101.439659119, 73.9708862305, 40.8493347168, 27.0700740814, 16.7483520508, 4.86987018585, 3.09353208542, 2.07324719429, 1.00164866447, 0.84646821022, 0.586355984211, 0.607984662056, 0.430889040232, 0.257928997278, 0.117976166308, 0.045153003186, 0.0202406905591, 0.00623515574262, 0.00154680933338, 0.000423549703555, 0.000712257344276], "var": [0.0400102362037, 4.73196458817, 13.7501163483, 153.087341309, 358.314025879, 1431.75708008, 236.639770508, 656.067871094, 749.014953613, 3632.52734375, 113787.421875, 6949.58056641, 20066.2128906, 299.491973877, 2002.34838867, 118.490776062, 54.2789802551, 21.7688922882, 21.1269836426, 9.2286939621, 3.65280222893, 1.69783186913, 0.771885812283, 0.184491977096, 0.0400512181222, 0.0475352779031, 0.0141220595688, 0.00384968752041, 0.00179983931594, 0.00173224206083, 0.000593267264776, 0.000195293323486, 0.000131190041429, 3.54446638084e-05, 5.6306598708e-06, 1.05677099782e-06, 9.55784713597e-08, 7.4123551741e-09, 4.75227635022e-10, 1.05985886734e-09], "mean": [0.0505906268954, 0.479352891445, 0.909012138844, 2.71623682976, 4.65764570236, 10.1222906113, 5.72100400925, 11.8259878159, 16.3578701019, 40.7832946777, 143.936523438, 34.897983551, 28.7445087433, 7.91023302078, 14.7858762741, 4.85091018677, 2.07199335098, 1.63267052174, 1.61776375771, 1.22044479847, 0.825999200344, 0.61755335331, 0.394508391619, 0.197377175093, 0.121193245053, 0.107151165605, 0.0714562833309, 0.0370745360851, 0.020857675001, 0.019536908716, 0.0108781009912, 0.0062039992772, 0.00493774516508, 0.00257740635425, 0.00104387023021, 0.000407102896133, 0.000143291938002, 4.11054243159e-05, 1.40755873872e-05, 1.92661500478e-05]}, "spectral_strongpeak": {"dmean2": 0.516359210014, "median": 0.8071808815, "min": 0, "dvar2": 0.503414928913, "dvar": 0.236465543509, "dmean": 0.352639228106, "max": 8.56324863434, "var": 2.07298922539, "mean": 1.3042832613}, "spectral_energy": {"dmean2": 0.00838951952755, "median": 0.00652433373034, "min": 5.1884128105e-09, "dvar2": 0.000780598493293, "dvar": 0.000288077804726, "dmean": 0.00559031870216, "max": 0.636923193932, "var": 0.000848576717544, "mean": 0.0168759953231}, "average_loudness": 0.0254496112466, "spectral_rolloff": {"dmean2": 95.6024856567, "median": 602.9296875, "min": 21.533203125, "dvar2": 22249.75, "dvar": 10049.1240234, "dmean": 55.5891609192, "max": 2045.65429688, "var": 77282.5859375, "mean": 635.457641602}, "spectral_centroid": {"dmean2": 86.986328125, "median": 571.700195313, "min": 190.879669189, "dvar2": 23899.0976563, "dvar": 9058.84765625, "dmean": 56.7698898315, "max": 2302.51025391, "var": 53584.1289063, "mean": 606.425476074}, "pitch_salience": {"dmean2": 0.10672429204, "median": 0.512810111046, "min": 0.0182292498648, "dvar2": 0.0098592704162, "dvar": 0.00395629135892, "dmean": 0.0683038309216, "max": 0.853483378887, "var": 0.0280505083501, "mean": 0.485064268112}, "spectral_energyband_middle_high": {"dmean2": 0.000426071987022, "median": 0.000344474450685, "min": 2.32120322963e-10, "dvar2": 2.20393485506e-06, "dvar": 1.05389779037e-06, "dmean": 0.000309156574076, "max": 0.0446575321257, "var": 5.87466183788e-06, "mean": 0.000963537779171}, "spectral_contrast_coeffs": {"dmean2": [0.0751774311066, 0.0640945732594, 0.0486338920891, 0.0367132052779, 0.0257067289203, 0.0194202382118], "median": [-0.685849428177, -0.66422355175, -0.748340249062, -0.779212117195, -0.794771969318, -0.800793170929], "min": [-0.967578172684, -0.953042864799, -0.956082522869, -0.953072249889, -0.934124529362, -0.904966175556], "dvar2": [0.00431797653437, 0.00288680754602, 0.00159223261289, 0.000823835493065, 0.000415972579503, 0.000263197871391], "dvar": [0.00157742435113, 0.0011457685614, 0.0006849138299, 0.000341328501236, 0.000179324139026, 0.000101408557384], "dmean": [0.045279186219, 0.0403242185712, 0.0312489159405, 0.0231891404837, 0.0164687577635, 0.0119314882904], "max": [-0.220584154129, -0.202551543713, -0.316233426332, -0.57785898447, -0.643080472946, -0.701868951321], "var": [0.0289669912308, 0.0209033656865, 0.0117860687897, 0.00379552319646, 0.00219786306843, 0.00101230747532], "mean": [-0.675728559494, -0.646836519241, -0.734085142612, -0.780654788017, -0.797283530235, -0.80525714159]}, "melbands_skewness": {"dmean2": 1.20942640305, "median": 1.49248290062, "min": -4.8649430275, "dvar2": 4.12221956253, "dvar": 1.94118762016, "dmean": 0.810375094414, "max": 47.9658546448, "var": 21.9013175964, "mean": 2.77994823456}, "spectral_spread": {"dmean2": 470372.75, "median": 1755174.375, "min": 645518, "dvar2": 192082231296, "dvar": 82561040384, "dmean": 285102.3125, "max": 19460976, "var": 2900108509180.0, "mean": 2213246.25}, "dissonance": {"dmean2": 0.0796034559608, "median": 0.411016970873, "min": 0.0717358291149, "dvar2": 0.00634814752266, "dvar": 0.00225582881831, "dmean": 0.0469570532441, "max": 0.499999910593, "var": 0.00583212357014, "mean": 0.394458860159}, "spectral_skewness": {"dmean2": 1.18728291988, "median": 3.97764587402, "min": 1.17636549473, "dvar2": 1.16294109821, "dvar": 0.424645602703, "dmean": 0.700077116489, "max": 9.67328262329, "var": 2.15655398369, "mean": 4.14460229874}, "spectral_flux": {"dmean2": 0.0227158069611, "median": 0.0258781127632, "min": 0.000121394201415, "dvar2": 0.00136531260796, "dvar": 0.000554797064979, "dmean": 0.0138988681138, "max": 0.585119664669, "var": 0.00219584652223, "mean": 0.0417458564043}, "spectral_contrast_valleys": {"dmean2": [0.727999866009, 0.5314245224, 0.443361967802, 0.362129360437, 0.278066962957, 0.270307183266], "median": [-11.0153141022, -7.42988872528, -8.38923072815, -9.68103790283, -10.2457399368, -13.0157260895], "min": [-14.5186004639, -14.2948160172, -14.497423172, -14.9023427963, -15.0689220428, -16.578086853], "dvar2": [0.350776523352, 0.207029134035, 0.152409717441, 0.127872884274, 0.0834973230958, 0.0885136127472], "dvar": [0.133857265115, 0.0809400081635, 0.0613470226526, 0.0512845031917, 0.0371407903731, 0.0436427742243], "dmean": [0.430416703224, 0.32011026144, 0.269239097834, 0.220663234591, 0.175549775362, 0.187150269747], "max": [-4.66883325577, -4.35956096649, -5.15657186508, -5.85050678253, -7.0925283432, -10.5567436218], "var": [4.92902231216, 3.15362215042, 2.54478216171, 1.77116107941, 1.25156629086, 0.918727278709], "mean": [-9.94806003571, -7.75968694687, -8.67599105835, -9.75012016296, -10.3697652817, -13.158364296]}, "erbbands_flatness_db": {"dmean2": 0.0242536570877, "median": 0.308916062117, "min": 0.0255051925778, "dvar2": 0.000554924889002, "dvar": 0.000288451614324, "dmean": 0.0172767210752, "max": 0.62057107687, "var": 0.0138728646562, "mean": 0.3288603127}, "spectral_energyband_high": {"dmean2": 1.94647736862e-06, "median": 1.98536372409e-06, "min": 2.53679161011e-10, "dvar2": 1.90653777488e-11, "dvar": 9.9016923133e-12, "dmean": 1.43942816067e-06, "max": 0.000102061443613, "var": 4.83283760233e-11, "mean": 4.22584162152e-06}, "spectral_entropy": {"dmean2": 0.246489524841, "median": 6.08015441895, "min": 3.07759284973, "dvar2": 0.063324123621, "dvar": 0.0296388305724, "dmean": 0.16967612505, "max": 8.88321113586, "var": 0.857708930969, "mean": 5.96816158295}, "silence_rate_20dB": {"dmean2": 0.00128123001195, "median": 1, "min": 0, "dvar2": 0.00159991439432, "dvar": 0.00064010679489, "dmean": 0.000640512385871, "max": 1, "var": 0.000640004349407, "mean": 0.999359607697}, "melbands_flatness_db": {"dmean2": 0.0334256477654, "median": 0.382787108421, "min": 0.151154905558, "dvar2": 0.00107432121877, "dvar": 0.00049114896683, "dmean": 0.0230535715818, "max": 0.659159481525, "var": 0.00855306815356, "mean": 0.386093616486}, "barkbands": {"dmean2": [6.65839179419e-05, 0.0026381125208, 0.00118460948579, 0.00160822912585, 0.00320429983549, 0.000860554806422, 0.000972610141616, 0.00226136576384, 0.000401121680625, 0.000297509715892, 0.000226197982556, 7.55547735025e-05, 3.75000818167e-05, 2.6688183425e-05, 2.34008330153e-05, 1.49510460687e-05, 9.89447744359e-06, 4.36182335761e-06, 2.13542034544e-06, 1.30302248635e-06, 8.35937100874e-07, 3.50531934146e-07, 3.017871677e-07, 1.71731585397e-07, 1.13782505196e-07, 5.57704389337e-08, 2.18011546593e-08], "median": [1.01354808066e-05, 4.63966983943e-07, 9.46473761587e-08, 5.9107242123e-07, 0.000135413414682, 0.000244894705247, 0.000541065703146, 0.000840729335323, 0.000169391729287, 0.000113624104415, 3.36845769198e-05, 2.64588561549e-05, 1.33403964355e-05, 6.84981569066e-06, 1.01275090856e-05, 4.38163806393e-06, 4.92012804898e-06, 2.19493722398e-06, 1.38931909532e-06, 7.55456426305e-07, 6.31358375358e-07, 2.42126361627e-07, 1.47544724882e-07, 8.91891147603e-08, 4.80239989997e-08, 1.58547450724e-08, 6.33612096124e-09], "min": [2.87430412804e-10, 1.38973410557e-09, 2.06139286196e-10, 6.45201461702e-11, 1.68846187032e-10, 1.12247947048e-10, 3.87738174901e-11, 1.58856695159e-11, 2.50402025503e-11, 3.98234084598e-11, 3.7657800489e-11, 5.81071692499e-12, 3.5056731823e-12, 1.03512910049e-11, 2.45417783318e-11, 2.70941220848e-11, 1.67536245294e-11, 1.28761801568e-11, 8.29411192504e-12, 2.50653005296e-11, 2.69196765573e-11, 2.42892806562e-11, 3.28897603596e-11, 3.99354230241e-11, 2.97458585541e-11, 4.35294300605e-11, 5.0521555689e-11], "dvar2": [1.11384267143e-07, 0.000106190105726, 3.09736024064e-05, 8.60807122081e-05, 0.000243906557444, 5.67073857383e-06, 3.81200288757e-06, 2.2521990104e-05, 1.40494319112e-06, 1.49615618739e-06, 4.92658330131e-07, 9.54051415647e-08, 7.20418071865e-08, 1.37332882844e-08, 1.27480168644e-08, 5.65786040241e-09, 8.8544632737e-10, 2.96543456457e-10, 4.15957060462e-11, 9.98237863897e-12, 2.92318469777e-12, 7.76090129662e-13, 5.72613462722e-13, 1.95487140473e-13, 1.39641675501e-13, 3.96687111599e-14, 3.76605502019e-15], "dvar": [4.89459281994e-08, 4.50249826827e-05, 1.03792544905e-05, 2.90626157948e-05, 8.6194188043e-05, 2.0355300876e-06, 1.5850669115e-06, 1.64061184478e-05, 9.43684710819e-07, 1.13274359137e-06, 2.58865952674e-07, 3.52712916651e-08, 2.48121452273e-08, 4.81815476405e-09, 4.55907578356e-09, 2.07186046097e-09, 3.79098696879e-10, 1.13365886123e-10, 1.68024014841e-11, 4.54041882217e-12, 1.40305334625e-12, 3.76739221417e-13, 3.1157335826e-13, 1.17872535734e-13, 6.53317189844e-14, 1.64093812458e-14, 1.81882918896e-15], "dmean": [4.59163311461e-05, 0.00158192764502, 0.000670866516884, 0.000932444352657, 0.00190819031559, 0.000554199446924, 0.000622675404884, 0.00182704243343, 0.000300206680549, 0.000223616007133, 0.000165787467267, 5.02483271703e-05, 2.25334424613e-05, 1.605984653e-05, 1.49721781781e-05, 9.92918921838e-06, 6.59247189105e-06, 2.73745126833e-06, 1.41244413498e-06, 8.76209355738e-07, 5.70848555981e-07, 2.37736330178e-07, 2.11704588082e-07, 1.2471161881e-07, 8.08754023751e-08, 3.86046714596e-08, 1.57466306661e-08], "max": [0.00676031317562, 0.280631244183, 0.102974422276, 0.255313456059, 0.357376337051, 0.0304310079664, 0.0278772413731, 0.111883431673, 0.0396349728107, 0.0794263482094, 0.012755587697, 0.00857424736023, 0.0086191482842, 0.00219619856216, 0.00257353973575, 0.00204951595515, 0.000652851129416, 0.000475550070405, 0.000177762616659, 5.87451395404e-05, 3.52761926479e-05, 2.30157857004e-05, 1.93028226931e-05, 1.46201873577e-05, 8.96024448593e-06, 3.61086085832e-06, 1.28167732782e-06], "var": [7.37734566769e-08, 7.75129665271e-05, 9.49906461756e-06, 2.65846192633e-05, 8.4070416051e-05, 6.07321044299e-06, 3.98978318117e-06, 0.000155572721269, 7.55559176469e-06, 1.33628236654e-05, 9.51639435698e-07, 4.9594717666e-08, 2.32536567779e-08, 5.84480064347e-09, 6.33712948783e-09, 2.83196466278e-09, 9.11457020969e-10, 1.66064814677e-10, 3.38262404198e-11, 1.4934671555e-11, 4.50578159852e-12, 1.39548897611e-12, 1.04727121072e-12, 4.50289003133e-13, 1.69894182273e-13, 3.79973288077e-14, 5.64194966584e-15], "mean": [7.33063716325e-05, 0.00205161282793, 0.000747853831854, 0.00104077917058, 0.00244094780646, 0.00120591884479, 0.0012788559543, 0.00591130089015, 0.000839709304273, 0.000708924024366, 0.00034375913674, 9.39032688621e-05, 3.92570291297e-05, 2.5328125048e-05, 2.82775617961e-05, 1.90744176507e-05, 1.39088715514e-05, 5.35167555427e-06, 3.03575825455e-06, 1.96267410502e-06, 1.33442836159e-06, 5.584309406e-07, 4.75762732322e-07, 2.959314997