{"tonal": {"thpcp": [1, 0.782914340496, 0.520102679729, 0.442879527807, 0.326929271221, 0.398209393024, 0.573725104332, 0.443864881992, 0.219980090857, 0.195433467627, 0.21817907691, 0.542563319206, 0.988597154617, 0.831371724606, 0.667630374432, 0.780668854713, 0.569745838642, 0.471770018339, 0.487495303154, 0.356709986925, 0.458586364985, 0.64502209425, 0.588786661625, 0.485967725515, 0.432211726904, 0.377602666616, 0.575658619404, 0.741320192814, 0.559353291988, 0.584169924259, 0.701992511749, 0.458506464958, 0.313767999411, 0.433025747538, 0.510777056217, 0.741519331932], "hpcp": {"dmean2": [0.156031906605, 0.150201499462, 0.0971207767725, 0.0853625014424, 0.101806461811, 0.167573451996, 0.236103415489, 0.243169084191, 0.223884284496, 0.216515138745, 0.188967347145, 0.178057655692, 0.168492183089, 0.139199778438, 0.171257913113, 0.196402698755, 0.207587704062, 0.187680870295, 0.16564463079, 0.162617206573, 0.196764722466, 0.201881587505, 0.177954778075, 0.189457178116, 0.180993586779, 0.147582009435, 0.125734552741, 0.163417935371, 0.178955227137, 0.210568755865, 0.232194796205, 0.231139943004, 0.188485577703, 0.149773836136, 0.135707736015, 0.130511373281], "median": [0.0246136654168, 0.0233969092369, 0.0130294011906, 0.00810401793569, 0.0122571354732, 0.0473018400371, 0.0926518812776, 0.0973983556032, 0.062109567225, 0.0477142073214, 0.0405410155654, 0.029271800071, 0.020308252424, 0.0214028209448, 0.0308938138187, 0.0452498868108, 0.0480822511017, 0.0347423069179, 0.0240740887821, 0.0282197147608, 0.0508509203792, 0.0611528158188, 0.0483321584761, 0.0437300018966, 0.0343979857862, 0.0254530813545, 0.0202540997416, 0.0255204755813, 0.035214509815, 0.0593830794096, 0.0794361904263, 0.0764170140028, 0.0439205542207, 0.0238540414721, 0.019295733422, 0.01984051615], "min": [0, 0, 0, 0, 0, 0, 0, 0, 0, 0, 0, 0, 0, 0, 0, 0, 0, 0, 0, 0, 0, 0, 0, 0, 0, 0, 0, 0, 0, 0, 0, 0, 0, 0, 0, 0], "dvar2": [0.0715083628893, 0.0713419169188, 0.0396251231432, 0.0373309403658, 0.0424002893269, 0.0590820163488, 0.102378964424, 0.095605969429, 0.0962485969067, 0.104182258248, 0.081990852952, 0.0839135572314, 0.0857632309198, 0.0590655915439, 0.078733548522, 0.0849110856652, 0.094244286418, 0.0892281159759, 0.0821146443486, 0.071457862854, 0.0841735005379, 0.0883775055408, 0.0689422339201, 0.0822761431336, 0.0858950689435, 0.05722874403, 0.051874935627, 0.0767982527614, 0.0800354331732, 0.0876506641507, 0.104223735631, 0.0977642461658, 0.0814819261432, 0.0627882778645, 0.0617334507406, 0.0542018152773], "dvar": [0.0282181873918, 0.0260301940143, 0.0142511343583, 0.0140094365925, 0.0154974693432, 0.0225570462644, 0.0405275151134, 0.0354325063527, 0.0352839007974, 0.0395588241518, 0.0299675688148, 0.0314981415868, 0.0332343094051, 0.021728284657, 0.0294200740755, 0.0333117283881, 0.0348671413958, 0.0331181548536, 0.0301082246006, 0.0253606103361, 0.0312588177621, 0.0341458879411, 0.0259974561632, 0.0302323345095, 0.0330046787858, 0.0213899184018, 0.0190783310682, 0.0282994564623, 0.0299197565764, 0.032755382359, 0.0406964682043, 0.0370614118874, 0.0299481172115, 0.0241486225277, 0.0234207324684, 0.0205987561494], "dmean": [0.0920004323125, 0.0876575410366, 0.0559348464012, 0.0486972816288, 0.0579603202641, 0.0992761030793, 0.138979226351, 0.142924383283, 0.130290687084, 0.127119794488, 0.109845176339, 0.103141762316, 0.0974409133196, 0.080589428544, 0.100181370974, 0.114884465933, 0.120158225298, 0.10840665549, 0.0948039889336, 0.0917165353894, 0.114417478442, 0.119429133832, 0.104301385581, 0.109963200986, 0.10513227433, 0.0856801718473, 0.0732618495822, 0.0946329310536, 0.102905057371, 0.123706825078, 0.135619029403, 0.135455816984, 0.110040210187, 0.0868481174111, 0.0778048038483, 0.0774177536368], "max": [1, 1, 1, 1, 1, 1, 1, 1, 1, 1, 1, 1, 1, 1, 1, 1, 1, 1, 1, 1, 1, 1, 1, 1, 1, 1, 1, 1, 1, 1, 1, 1, 1, 1, 1, 1], "var": [0.0732787027955, 0.0444695241749, 0.0159422792494, 0.0184886325151, 0.0172097794712, 0.0417089834809, 0.113930381835, 0.0714034959674, 0.0612852498889, 0.0937704518437, 0.0538968630135, 0.0466171503067, 0.0607966445386, 0.0309946760535, 0.0428829863667, 0.0725031644106, 0.0573493167758, 0.0469003878534, 0.0468393117189, 0.0307421386242, 0.0516560450196, 0.0811075866222, 0.0490006580949, 0.0556134954095, 0.0917744487524, 0.0425350852311, 0.0251422915608, 0.0445315167308, 0.0543221272528, 0.0749523639679, 0.119807288051, 0.0755102708936, 0.0476237908006, 0.0484041720629, 0.0303348712623, 0.0362679883838], "mean": [0.152428433299, 0.11792691797, 0.0584447532892, 0.0519231557846, 0.0579662546515, 0.144149318337, 0.262652486563, 0.220880508423, 0.177377387881, 0.207409664989, 0.151371225715, 0.125340804458, 0.129518732429, 0.0947714298964, 0.121838144958, 0.171370774508, 0.156430020928, 0.129112884402, 0.114830881357, 0.100322239101, 0.15294213593, 0.196955442429, 0.148610115051, 0.155203446746, 0.186506778002, 0.121816918254, 0.0833625122905, 0.11504714936, 0.135704278946, 0.197008341551, 0.265682011843, 0.208006262779, 0.13818192482, 0.11766512692, 0.0868592262268, 0.105797074735]}, "tuning_equal_tempered_deviation": 0.0420637726784, "chords_changes_rate": 0.0507808104157, "key_key": "C", "tuning_diatonic_strength": 0.645203590393, "key_scale": "major", "chords_number_rate": 0.00179755082354, "tuning_frequency": 440, "tuning_nontempered_energy_ratio": 0.745744943619, "chords_histogram": [13.9422540665, 6.35883617401, 16.5936412811, 5.66228532791, 0.921244800091, 1.87619364262, 2.34805083275, 1.33692848682, 12.7963151932, 4.28041791916, 4.75227499008, 0.0224693845958, 0.258397936821, 0.977418243885, 1.14593863487, 0.528030574322, 0.505561172962, 2.16829562187, 0.572969317436, 1.41557133198, 0.471857100725, 4.4152340889, 12.7850799561, 3.86473441124], "key_strength": 0.817799925804, "chords_key": "G", "chords_strength": {"dmean2": 0.00887630879879, "median": 0.579652130604, "min": 0.260897636414, "dvar2": 6.6078871896e-05, "dvar": 6.76199560985e-05, "dmean": 0.00983049813658, "max": 0.897429049015, "var": 0.0109433764592, "mean": 0.579122960567}, "chords_scale": "major", "hpcp_entropy": {"dmean2": 1.05659985542, "median": 1.81766235828, "min": 0, "dvar2": 0.730479717255, "dvar": 0.267375707626, "dmean": 0.622371792793, "max": 4.18992376328, "var": 0.591480374336, "mean": 1.77550172806}}, "metadata": {"audio_properties": {"equal_loudness": 0, "codec": "mp3", "downmix": "mix", "sample_rate": 44100, "analysis_sample_rate": 44100, "bit_rate": 189353, "md5_encoded": "6e024c55d682c66ad43b0eff9372f817", "length": 413.28326416, "replay_gain": -5.30857276917, "lossless": false}, "version": {"essentia_build_sha": "70f2e5ece6736b2c40cc944ad0e695b16b925413", "essentia": "2.1-beta2", "extractor": "music 1.0", "essentia_git_sha": "v2.1_beta2"}, "tags": {"title": ["Rienzi, der letzte der Tribunen, WWV 49: Act II, Scene III. \"Erschallet, Feierkl\u00e4nge!\" (Chor, Adriano, Rienzi, Baroncelli)"], "barcode": ["4011222230645"], "media": ["CD"], "albumartist": ["Wagner, Richard"], "musicbrainz_recordingid": ["022f13ee-a4b4-4cb9-8e61-73d06ced7761"], "musicbrainz_albumartistid": ["eefd7c1e-abcf-4ccc-ba60-0fd435c9061f"], "discnumber": ["2/4"], "album": ["Die Kompletten Opern, Volume 11: Rienzi, der letze der Tribunen, WWV 49 (Sinfonieorchester des Hessischer Rundfunks feat. conductor: Winfried Zillig)"], "musicbrainz album type": ["album", "compilation"], "musicbrainz album status": ["official"], "originaldate": ["2005"], "date": ["2005-09-15"], "file_name": "06 - Richard Wagner - Rienzi, der letzte der Tribunen, WWV 49: Act II, Scene III. \"Erschallet, Feierkl\u00e4nge!\" (Chor, Adriano, Rienzi, Baroncelli).mp3", "musicbrainz_releasegroupid": ["959c63b0-507a-45b1-8653-958dca07a32a"], "script": ["Latn"], "asin": ["3865622119"], "musicbrainz_albumid": ["b0836ec5-ce8c-4dde-9a2b-abdc4d0561a1"], "artist": ["Richard Wagner"], "artistsort": ["Wagner, Richard"], "tracknumber": ["6/8"], "musicbrainz album release country": ["DE"], "albumartistsort": ["Wagner, Richard"], "acoustid_id": ["f7c9f9a6-4334-4223-98eb-1e73aeb2b78b"], "musicbrainz_artistid": ["eefd7c1e-abcf-4ccc-ba60-0fd435c9061f"]}}, "rhythm": {"bpm_histogram_first_peak_bpm": {"dmean2": 0, "median": 112, "min": 112, "dvar2": 0, "dvar": 0, "dmean": 0, "max": 112, "var": 0, "mean": 112}, "bpm": 111.596580505, "bpm_histogram_second_peak_spread": {"dmean2": 0, "median": 0.169230759144, "min": 0.169230759144, "dvar2": 0, "dvar": 0, "dmean": 0, "max": 0.169230759144, "var": 0, "mean": 0.169230759144}, "bpm_histogram_first_peak_weight": {"dmean2": 0, "median": 0.16414141655, "min": 0.16414141655, "dvar2": 0, "dvar": 0, "dmean": 0, "max": 0.16414141655, "var": 0, "mean": 0.16414141655}, "onset_rate": 2.05901908875, "beats_position": [0.603718817234, 1.21904754639, 1.83437633514, 2.4497051239, 3.06503391266, 3.68036270142, 4.28408145905, 4.8994102478, 5.51473903656, 6.10684776306, 6.71056699753, 7.31428575516, 7.89478445053, 8.47528362274, 9.05578231812, 9.64789104462, 10.2399997711, 10.8204984665, 11.4009971619, 11.9698867798, 12.5503854752, 13.1308841705, 13.722992897, 14.3267116547, 14.9652605057, 15.6038093567, 16.2539672852, 16.8925170898, 17.5310649872, 18.1347846985, 18.7385025024, 19.3422222137, 19.9459400177, 20.549659729, 21.1301574707, 21.7106571198, 22.2911567688, 22.8716545105, 23.4405441284, 24.009431839, 24.589931488, 25.1704311371, 25.7625389099, 26.343038559, 26.9119262695, 27.4692058563, 28.0380954742, 28.6069831848, 29.1642627716, 29.7795906067, 30.3949203491, 30.9986381531, 31.5559177399, 32.1131973267, 32.6704750061, 33.2277526855, 33.7850341797, 34.3423118591, 34.8995895386, 35.4568710327, 36.0025405884, 36.5482063293, 37.1054878235, 37.6743774414, 38.2316551208, 38.7773246765, 39.3229942322, 39.8686599731, 40.4143295288, 40.9599990845, 41.5056686401, 42.0397262573, 42.585395813, 43.1194534302, 43.6535148621, 44.1991844177, 44.7448501587, 45.2789115906, 45.8129692078, 46.347026825, 46.8810882568, 47.415145874, 47.9608154297, 48.5064849854, 49.0405426025, 49.5746040344, 50.0970497131, 50.6078910828, 51.1303405762, 51.6527900696, 52.1752357483, 52.6976852417, 53.2201347351, 53.73097229, 54.2534217834, 54.7642631531, 55.2867126465, 55.8091583252, 56.3316078186, 56.854057312, 57.3765068054, 57.8989562988, 58.4214057922, 58.9438552856, 59.4663009644, 59.9887504578, 60.4995918274, 61.0220413208, 61.5444869995, 62.0553283691, 62.5777778625, 63.100227356, 63.6226730347, 64.1219024658, 64.6327438354, 65.1435852051, 65.6660308838, 66.1884765625, 66.7109298706, 67.2217712402, 67.7326049805, 68.2434463501, 68.7542877197, 69.26512146, 69.7643508911, 70.2751922607, 70.7976379395, 71.3200912476, 71.8773651123, 72.423034668, 72.9803161621, 73.5259857178, 74.0716552734, 74.6289291382, 75.1862106323, 75.731880188, 76.2775497437, 76.8348312378, 77.3921051025, 77.9493865967, 78.4950561523, 79.040725708, 79.5747833252, 80.1088409424, 80.6428985596, 81.1885681152, 81.7342376709, 82.2799072266, 82.8255767822, 83.3712463379, 83.9169158936, 84.4625854492, 84.9966430664, 85.5307006836, 86.0647583008, 86.5872116089, 87.1212692261, 87.6437149048, 88.1661682129, 88.6770019531, 89.2110671997, 89.7451248169, 90.2907943726, 90.8364639282, 91.3821334839, 91.9277954102, 92.4618606567, 92.9959182739, 93.5299758911, 94.0756454468, 94.6213150024, 95.1553726196, 95.6894302368, 96.223487854, 96.7459411621, 97.2567749023, 97.7792282104, 98.3132858276, 98.8473434448, 99.381401062, 99.9154663086, 100.437911987, 100.971969604, 101.494422913, 102.005256653, 102.527709961, 103.05015564, 103.584213257, 104.118278503, 104.652336121, 105.186393738, 105.720451355, 106.254508972, 106.788566589, 107.322631836, 107.868293762, 108.402359009, 108.924804688, 109.458862305, 109.992919922, 110.526985168, 111.072654724, 111.606712341, 112.152381897, 112.686439514, 113.220497131, 113.754554749, 114.288612366, 114.822669983, 115.356735229, 115.879180908, 116.413238525, 116.947296143, 117.481361389, 118.015419006, 118.561088562, 119.095146179, 119.617591858, 120.140045166, 120.662490845, 121.184944153, 121.695777893, 122.218231201, 122.74067688, 123.25151825, 123.762359619, 124.273193359, 124.784034729, 125.306480408, 125.828933716, 126.339767456, 126.850608826, 127.361450195, 127.872291565, 128.394729614, 128.917190552, 129.43963623, 129.962081909, 130.472915649, 131.006988525, 131.541046143, 132.07510376, 132.620773315, 133.166442871, 133.712112427, 134.19972229, 134.698959351, 135.186569214, 135.674194336, 136.161804199, 136.637817383, 137.113830566, 137.58984375, 138.065841675, 138.541854858, 139.017868042, 139.505477905, 140.027938843, 140.550384521, 141.061218262, 141.58366394, 142.117736816, 142.651794434, 143.209060669, 143.754730225, 144.312011719, 144.869293213, 145.426574707, 145.983856201, 146.541137695, 147.098403931, 147.667297363, 148.236190796, 148.805084229, 149.362350464, 149.931243896, 150.511749268, 151.080627441, 151.637908936, 152.19519043, 152.752471924, 153.321365356, 153.901855469, 154.470748901, 155.016418457, 155.562088013, 156.09614563, 156.641815186, 157.175872803, 157.733154297, 158.290420532, 158.847702026, 159.393371582, 159.939041138, 160.473098755, 160.995559692, 161.518005371, 162.052062988, 162.586120605, 163.120178223, 163.642623901, 164.16506958, 164.699142456, 165.233200073, 165.76725769, 166.301315308, 166.823760986, 167.346206665, 167.857055664, 168.367889404, 168.878723145, 169.401168823, 169.923629761, 170.446075439, 170.980133057, 171.514190674, 172.048248291, 172.57069397, 173.093154907, 173.615600586, 174.138046265, 174.672103882, 175.194549561, 175.70539856, 176.2162323, 176.72706604, 177.237915039, 177.748748779, 178.25958252, 178.770431519, 179.281265259, 179.792098999, 180.314559937, 180.837005615, 181.359451294, 181.881896973, 182.40435791, 182.91519165, 183.426025391, 183.93687439, 184.436096191, 184.935317993, 185.422943115, 185.945388794, 186.467849731, 186.99029541, 187.50112915, 188.000366211, 188.511199951, 189.022033691, 189.521270752, 190.032104492, 190.554550171, 191.088607788, 191.611068726, 192.226394653, 192.841720581, 193.457046509, 194.072372437, 194.710922241, 195.349472046, 195.999633789, 196.661407471, 197.311553955, 197.880447388, 198.460952759, 199.041442871, 199.621948242, 200.190841675, 200.759719849, 201.328613281, 201.897506714, 202.454788208, 203.012054443, 203.569335938, 204.103393555, 204.64906311, 205.194732666, 205.740402222, 206.286071777, 206.843353271, 207.389022827, 207.934692383, 208.480361938, 209.026031494, 209.583312988, 210.152191162, 210.721084595, 211.26675415, 211.824035645, 212.392913818, 212.938583374, 213.48425293, 214.029922485, 214.575592041, 215.121261597, 215.655319214, 216.189376831, 216.735046387, 217.269119263, 217.80317688, 218.337234497, 218.871292114, 219.393737793, 219.92779541, 220.461853027, 220.995910645, 221.529968262, 222.064025879, 222.598098755, 223.132156372, 223.654602051, 224.188659668, 224.711105347, 225.233551025, 225.756011963, 226.29006958, 226.824127197, 227.358184814, 227.90385437, 228.449523926, 229.00680542, 229.552474976, 230.109741211, 230.655410767, 231.212692261, 231.758361816, 232.292419434, 232.814865112, 233.360534668, 233.906204224, 234.451873779, 234.985931396, 235.531600952, 236.077270508, 236.622940063, 237.168609619, 237.725891113, 238.271560669, 238.817230225, 239.339675903, 239.862121582, 240.38458252, 240.918640137, 241.464309692, 241.99836731, 242.532424927, 243.066482544, 243.600540161, 244.146209717, 244.691879272, 245.22593689, 245.771606445, 246.317276001, 246.862945557, 247.408615112, 247.954284668, 248.499954224, 249.045623779, 249.602905273, 250.14855957, 250.682632446, 251.216690063, 251.750747681, 252.284805298, 252.818862915, 253.341308594, 253.875366211, 254.235275269, 254.595184326, 254.955093384, 255.303390503, 255.651702881, 256, 256.336669922, 256.684997559, 257.02166748, 257.35836792, 257.695037842, 258.031738281, 258.368438721, 258.705108643, 259.041809082, 259.390106201, 259.73840332, 260.086700439, 260.434997559, 260.794921875, 261.154815674, 261.51473999, 261.851409912, 262.199737549, 262.536407471, 262.87310791, 263.267852783, 263.650970459, 264.034088135, 264.417236328, 264.788757324, 265.171875, 265.543395996, 265.914916992, 266.286437988, 266.657958984, 267.02947998, 267.401000977, 267.772521973, 268.144042969, 268.527160645, 268.979949951, 269.421142578, 269.862304688, 270.303497314, 270.849151611, 271.406433105, 271.9637146, 272.509368896, 273.043426514, 273.589111328, 274.134765625, 274.692047119, 275.249328613, 275.806610107, 276.363891602, 276.897949219, 277.420410156, 277.954467773, 278.476898193, 279.010955811, 279.545043945, 280.079101562, 280.61315918, 281.20526123, 281.797363281, 282.401092529, 283.016418457, 283.631744385, 284.235473633, 284.850799561, 285.454498291, 286.046630859, 286.65032959, 287.172790527, 287.695220947, 288.206085205, 288.740142822, 289.285797119, 289.831481934, 290.38873291, 290.946014404, 291.491699219, 292.048980713, 292.606262207, 293.151916504, 293.697601318, 294.231658936, 294.707672119, 295.195281982, 295.682891846, 296.14730835, 296.600097656, 297.052886963, 297.494049072, 297.935241699, 298.376403809, 298.817596436, 299.258758545, 299.699951172, 300.141113281, 300.570709229, 301.000274658, 301.429840088, 301.847808838, 302.277374268, 302.718536377, 303.171325684, 303.62411499, 304.076904297, 304.529693604, 304.9012146, 305.284362793, 305.667480469, 306.131866455, 306.584655762, 307.025848389, 307.478637695, 307.931427002, 308.395812988, 308.848602295, 309.313018799, 309.765808105, 310.230194092, 310.694610596, 311.147399902, 311.611785889, 312.064575195, 312.587036133, 313.097869873, 313.608703613, 314.119537354, 314.630371094, 315.141204834, 315.652069092, 316.162902832, 316.604064941, 317.045257568, 317.474822998, 317.904388428, 318.345581055, 318.786743164, 319.239532471, 319.692321777, 320.133514404, 320.574676514, 321.02746582, 321.480255127, 321.933044434, 322.397460938, 322.943115234, 323.488800049, 324.034454346, 324.58013916, 325.125793457, 325.671478271, 326.217132568, 326.751190186, 327.285247803, 327.830932617, 328.423034668, 329.015136719, 329.60723877, 330.152923584, 330.710205078, 331.255859375, 331.789916992, 332.323974609, 332.858032227, 333.392089844, 333.926147461, 334.460235596, 335.005889893, 335.53994751, 336.074005127, 336.608062744, 337.142120361, 337.664581299, 338.187011719, 338.825561523, 339.440887451, 340.044616699, 340.659942627, 341.263671875, 341.809326172, 342.355010986, 342.900665283, 343.446350098, 344.003631592, 344.560913086, 345.153015137, 345.745117188, 346.325622559, 346.90612793, 347.486602783, 348.067108154, 348.647613525, 349.216491699, 349.762176514, 350.296234131, 350.795471191, 351.283081055, 351.782318115, 352.269927979, 352.757537842, 353.256774902, 353.744384766, 354.232025146, 354.71963501, 355.207244873, 355.694854736, 356.182495117, 356.67010498, 357.157714844, 357.656951904, 358.237457275, 358.817962646, 359.3984375, 359.978942871, 360.571044922, 361.186401367, 361.813323975, 362.4402771, 363.03237915, 363.624481201, 364.088867188, 364.541656494, 364.994445801, 365.447235107, 365.888427734, 366.329620361, 366.770782471, 367.246795654, 367.711181641, 368.187194824, 368.628387451, 369.069549561, 369.510742188, 369.951934814, 370.42791748, 370.903930664, 371.391571045, 371.7862854, 372.181030273, 372.575775146, 372.97052002, 373.330413818, 373.678710938, 374.038635254, 374.386932373, 374.735229492, 375.083526611, 375.43182373, 375.78012085, 376.128417969, 376.476715088, 376.825012207, 377.173339844, 377.533233643, 377.893157959, 378.241455078, 378.601348877, 378.949645996, 379.297943115, 379.646240234, 379.994537354, 380.34286499, 380.691162109, 381.039459229, 381.387756348, 381.736053467, 382.165618896, 382.595184326, 383.013153076, 383.431091309, 383.837463379, 384.255401611, 384.661773682, 385.079711914, 385.486083984, 385.892425537, 386.29876709, 386.705108643, 387.111480713, 387.517822266, 388.040252686, 388.574310303, 389.10836792, 389.723724365, 390.350646973, 390.977600098, 391.604522705, 392.23147583, 392.870025635, 393.496948242, 394.123901367, 394.739227295, 395.389373779, 396.039550781, 396.689697266, 397.32824707, 397.978393555, 398.593719482, 399.220672607, 399.870819092, 400.509368896, 401.147918701, 401.809692383, 402.471466064, 403.098419189, 403.725341797, 404.352294922, 404.979217529, 405.594543457, 406.209869385, 406.83682251, 407.463745117, 408.090698242, 408.71762085, 409.344573975, 409.971496582, 410.621673584, 411.271820068, 411.910369873, 412.537322998], "beats_loudness": {"dmean2": 0.0199595168233, "median": 0.00981477927417, "min": 2.04826596928e-06, "dvar2": 0.000491703744046, "dvar": 0.000189512284123, "dmean": 0.0114786624908, "max": 0.112085014582, "var": 0.000341038918123, "mean": 0.0177980624139}, "danceability": 0.923999488354, "bpm_histogram_second_peak_weight": {"dmean2": 0, "median": 0.0681818202138, "min": 0.0681818202138, "dvar2": 0, "dvar": 0, "dmean": 0, "max": 0.0681818202138, "var": 0, "mean": 0.0681818202138}, "beats_count": 793, "bpm_histogram_second_peak_bpm": {"dmean2": 0, "median": 117, "min": 117, "dvar2": 0, "dvar": 0, "dmean": 0, "max": 117, "var": 0, "mean": 117}, "bpm_histogram_first_peak_spread": {"dmean2": 0, "median": 0.669211149216, "min": 0.669211149216, "dvar2": 0, "dvar": 0, "dmean": 0, "max": 0.669211149216, "var": 0, "mean": 0.669211149216}, "beats_loudness_band_ratio": {"dmean2": [0.209155187011, 0.264797151089, 0.314367890358, 0.213931411505, 0.203445240855, 0.0351448915899], "median": [0.065850391984, 0.183953732252, 0.300857752562, 0.12004327029, 0.0555708184838, 0.00835755094886], "min": [5.91836178501e-05, 0.000155378860654, 0.000594189099502, 2.06055065064e-05, 1.51034673763e-05, 2.04353455047e-05], "dvar2": [0.0626014322042, 0.0584231391549, 0.0706870406866, 0.0512449294329, 0.0885049700737, 0.0126459831372], "dvar": [0.0233464576304, 0.0223159044981, 0.0257840678096, 0.0199109259993, 0.0311345886439, 0.00428787991405], "dmean": [0.119147695601, 0.155667588115, 0.184714615345, 0.12588685751, 0.118275597692, 0.0191209502518], "max": [0.984444737434, 0.925955593586, 0.979400575161, 0.77077203989, 0.983489513397, 0.775535285473], "var": [0.0521538965404, 0.0416238121688, 0.0492693297565, 0.0272748488933, 0.0534710735083, 0.00249794241972], "mean": [0.16665814817, 0.23783506453, 0.317999392748, 0.169857755303, 0.161579996347, 0.0177062433213]}}, "lowlevel": {"barkbands_spread": {"dmean2": 4.46294355392, "median": 10.4192371368, "min": 0.448203265667, "dvar2": 25.6831245422, "dvar": 11.9958105087, "dmean": 2.89102292061, "max": 88.902633667, "var": 57.4157791138, "mean": 11.5097818375}, "melbands_spread": {"dmean2": 7.56208562851, "median": 14.9528388977, "min": 0.356798052788, "dvar2": 103.200332642, "dvar": 45.0551605225, "dmean": 4.85729598999, "max": 216.940216064, "var": 202.246505737, "mean": 18.0629749298}, "hfc": {"dmean2": 5.1117477417, "median": 6.2439699173, "min": 3.62416585631e-07, "dvar2": 94.9734191895, "dvar": 39.1891403198, "dmean": 3.41542363167, "max": 157.020217896, "var": 254.626403809, "mean": 12.4616613388}, "barkbands_kurtosis": {"dmean2": 4.62228679657, "median": 2.10252761841, "min": -1.914234519, "dvar2": 82.6833877563, "dvar": 29.485704422, "dmean": 2.83458781242, "max": 225.798904419, "var": 99.8157119751, "mean": 4.85896348953}, "gfcc": {"mean": [-117.653053284, 119.396965027, -149.999420166, 5.25134325027, -65.7719726562, -7.79068374634, -46.2136688232, -0.306065648794, -16.3260002136, -6.94462585449, -10.7661752701, -2.13588428497, -9.28869247437], "icov": [[0.000222668415518, -0.000247978925472, 0.000504812633153, -0.000276944425423, 0.000502533104736, -0.000302423344692, 0.000403137499234, -0.000124767277157, 0.000241845365963, -2.45636620093e-05, 0.000286844384391, 8.27980402391e-05, 0.000341174134519], [-0.000247978925472, 0.00336618022993, -0.00186662608758, 0.00168227485847, -0.00235102791339, 0.00274885701947, -0.00311513943598, 0.00220446055755, -0.000797521672212, 0.00217406684533, -0.00217616953887, 0.00337244500406, -0.000714453170076], [0.000504812633153, -0.00186662608758, 0.00246795732528, -0.00184453243855, 0.00178755738307, -0.00183967559133, 0.00164398632478, -0.000800549285486, 0.00102735264227, -0.0014241351746, 0.00192181114107, -0.00138776726089, 0.00112526363228], [-0.000276944425423, 0.00168227485847, -0.00184453243855, 0.00420918175951, -0.00192481291015, 0.000716031296179, -0.00168001372367, 0.0012347351294, 0.000266570132226, 0.000806275871582, -0.000901611172594, 0.00222070235759, -0.000596457161009], [0.000502533104736, -0.00235102791339, 0.00178755738307, -0.00192481291015, 0.00559703912586, -0.00252908631228, 0.00311522348784, -0.000956055184361, -0.000340629339917, -0.00165292387828, 0.0024992977269, -0.00210257223807, 0.00129853107501], [-0.000302423344692, 0.00274885701947, -0.00183967559133, 0.000716031296179, -0.00252908631228, 0.00678940303624, -0.00262253778055, -0.000328494235873, -0.000326200912241, 0.00211222399957, -0.00140729662962, 0.00164425221737, 0.000576924125198], [0.000403137499234, -0.00311513943598, 0.00164398632478, -0.00168001372367, 0.00311522348784, -0.00262253778055, 0.00665058149025, -0.00263618445024, 0.00150507804938, -0.00111601315439, 0.000948111701291, -0.00172854831908, 0.00153096148279], [-0.000124767277157, 0.00220446055755, -0.000800549285486, 0.0012347351294, -0.000956055184361, -0.000328494235873, -0.00263618445024, 0.00914041697979, -0.00259168166667, 0.000708843523171, 2.37382992054e-05, 0.0006095385761, -0.000223767667194], [0.000241845365963, -0.000797521672212, 0.00102735264227, 0.000266570132226, -0.000340629339917, -0.000326200912241, 0.00150507804938, -0.00259168166667, 0.0085133779794, -0.000417519418988, -0.000692076748237, -0.000517798354849, -0.000323356856825], [-2.45636620093e-05, 0.00217406684533, -0.0014241351746, 0.000806275871582, -0.00165292387828, 0.00211222399957, -0.00111601315439, 0.000708843523171, -0.000417519418988, 0.00815722066909, -0.00426839990541, 0.00317762186751, -0.000326925422996], [0.000286844384391, -0.00217616953887, 0.00192181114107, -0.000901611172594, 0.0024992977269, -0.00140729662962, 0.000948111701291, 2.37382992054e-05, -0.000692076748237, -0.00426839990541, 0.0138482907787, -0.00498270057142, 0.000855800055433], [8.27980402391e-05, 0.00337244500406, -0.00138776726089, 0.00222070235759, -0.00210257223807, 0.00164425221737, -0.00172854831908, 0.0006095385761, -0.000517798354849, 0.00317762186751, -0.00498270057142, 0.0109810056165, -0.00304378895089], [0.000341174134519, -0.000714453170076, 0.00112526363228, -0.000596457161009, 0.00129853107501, 0.000576924125198, 0.00153096148279, -0.000223767667194, -0.000323356856825, -0.000326925422996, 0.000855800055433, -0.00304378895089, 0.0115201333538]], "cov": [[12185.7900391, -939.171630859, -3152.15966797, -461.601104736, -642.743347168, -92.4523010254, -310.619049072, 46.0120353699, -34.1615982056, -308.43927002, -35.812877655, -220.23109436, -81.1235733032], [-939.171630859, 1932.46740723, 967.832580566, 133.637863159, 80.5169906616, -283.430389404, 436.240783691, -294.280700684, -120.1690979, -66.879196167, -31.0890388489, -376.681030273, -101.013320923], [-3152.15966797, 967.832580566, 2220.34960938, 597.935791016, 107.997131348, 135.130004883, 257.802856445, -127.078582764, -203.048019409, 91.8305130005, -117.793533325, -192.267807007, -133.357757568], [-461.601104736, 133.637863159, 597.935791016, 515.682922363, 79.5295944214, 95.9914779663, 76.1963195801, -45.2864608765, -95.5427856445, 24.6686325073, -60.4093284607, -106.661590576, -60.2001457214], [-642.743347168, 80.5169906616, 107.997131348, 79.5295944214, 350.726043701, 50.9444313049, -72.7170639038, -3.73292565346, 37.0639724731, 21.2084083557, -25.3144111633, 7.49068784714, -9.39413166046], [-92.4523010254, -283.430389404, 135.130004883, 95.9914779663, 50.9444313049, 305.894287109, 11.9914522171, 81.3632659912, -9.12526988983, -11.2819242477, -25.8609848022, 28.0192584991, -35.3956604004], [-310.619049072, 436.240783691, 257.802856445, 76.1963195801, -72.7170639038, 11.9914522171, 364.204071045, -10.9457168579, -62.3201942444, -20.7217617035, -3.24213385582, -84.6445388794, -50.4608459473], [46.0120353699, -294.280700684, -127.078582764, -45.2864608765, -3.73292565346, 81.3632659912, -10.9457168579, 186.617111206, 54.1166496277, 0.613227307796, 2.29606127739, 64.4115905762, 10.2646903992], [-34.1615982056, -120.1690979, -203.048019409, -95.5427856445, 37.0639724731, -9.12526988983, -62.3201942444, 54.1166496277, 170.392288208, 6.254114151, 28.3628826141, 54.2271842957, 31.2388553619], [-308.43927002, -66.879196167, 91.8305130005, 24.6686325073, 21.2084083557, -11.2819242477, -20.7217617035, 0.613227307796, 6.254114151, 177.285644531, 34.9926567078, -3.19319105148, -0.00212318426929], [-35.812877655, -31.0890388489, -117.793533325, -60.4093284607, -25.3144111633, -25.8609848022, -3.24213385582, 2.29606127739, 28.3628826141, 34.9926567078, 112.840881348, 53.3956642151, 19.6490726471], [-220.23109436, -376.681030273, -192.267807007, -106.661590576, 7.49068784714, 28.0192584991, -84.6445388794, 64.4115905762, 54.2271842957, -3.19319105148, 53.3956642151, 231.859664917, 65.3972167969], [-81.1235733032, -101.013320923, -133.357757568, -60.2001457214, -9.39413166046, -35.3956604004, -50.4608459473, 10.2646903992, 31.2388553619, -0.00212318426929, 19.6490726471, 65.3972167969, 119.284538269]]}, "spectral_energyband_middle_low": {"dmean2": 0.00460732961074, "median": 0.00347165763378, "min": 4.23729063989e-12, "dvar2": 8.15174134914e-05, "dvar": 3.17293815897e-05, "dmean": 0.00299918651581, "max": 0.150579333305, "var": 0.000190561986528, "mean": 0.00915810931474}, "melbands_crest": {"dmean2": 5.72083759308, "median": 12.4405994415, "min": 3.43231773376, "dvar2": 25.0036849976, "dvar": 9.54958820343, "dmean": 3.49286437035, "max": 33.5998954773, "var": 29.0562572479, "mean": 13.6034650803}, "spectral_kurtosis": {"dmean2": 7.18127155304, "median": 8.95444869995, "min": -1.02363729477, "dvar2": 61.454208374, "dvar": 20.9276771545, "dmean": 4.17898368835, "max": 148.315582275, "var": 86.4371414185, "mean": 11.6026878357}, "spectral_rms": {"dmean2": 0.000673847738653, "median": 0.00268635479733, "min": 2.17799481561e-07, "dvar2": 6.23165874458e-07, "dvar": 2.6206231496e-07, "dmean": 0.00046244438272, "max": 0.0122136343271, "var": 4.48577429779e-06, "mean": 0.00313650839962}, "zerocrossingrate": {"dmean2": 0.00687676016241, "median": 0.0439453125, "min": 0.00390625, "dvar2": 8.66142945597e-05, "dvar": 8.35349710542e-05, "dmean": 0.00571186747402, "max": 0.455078125, "var": 0.000908352376428, "mean": 0.0488824658096}, "silence_rate_60dB": {"dmean2": 0.091021463275, "median": 0, "min": 0, "dvar2": 0.093082383275, "dvar": 0.0434405170381, "dmean": 0.0455081760883, "max": 1, "var": 0.21670255065, "mean": 0.317471921444}, "erbbands_kurtosis": {"dmean2": 3.28915858269, "median": 0.784153103828, "min": -1.87146651745, "dvar2": 42.4722557068, "dvar": 16.2782783508, "dmean": 2.06161022186, "max": 145.918212891, "var": 64.4816055298, "mean": 3.14740777016}, "erbbands": {"dmean2": [0.00123071740381, 0.0488368235528, 0.533932507038, 2.23583841324, 3.11738419533, 4.17154216766, 5.87910366058, 9.08831119537, 16.238992691, 25.0700893402, 21.1091194153, 41.8705406189, 39.5357818604, 23.5988445282, 24.5614528656, 19.854309082, 25.3478050232, 25.3233261108, 19.7205982208, 24.0952682495, 31.0724105835, 21.152053833, 16.0296974182, 5.48688983917, 2.63537406921, 1.48822319508, 0.700042665005, 0.481232762337, 0.407079637051, 0.283506244421, 0.310164421797, 0.226194307208, 0.139470845461, 0.0665112286806, 0.0249003134668, 0.00929228961468, 0.00225145556033, 0.000186974924873, 6.54035329717e-06, 7.23181028661e-06], "median": [0.000314345292281, 0.00733188260347, 0.0572403669357, 0.139069586992, 0.477707624435, 1.14144444466, 2.51863598824, 3.99819087982, 5.00289678574, 6.62578201294, 5.59273052216, 5.83038759232, 4.65703630447, 3.61937475204, 4.54400062561, 3.69124150276, 4.84697008133, 4.35998249054, 3.40101075172, 4.58209466934, 4.69427633286, 4.28650474548, 2.9132475853, 1.84720087051, 0.872697710991, 0.510519146919, 0.261211633682, 0.19057020545, 0.12967646122, 0.0997254028916, 0.0882859528065, 0.0450554676354, 0.0179402828217, 0.00530460197479, 0.00193383963779, 0.00071251927875, 0.000191822036868, 2.26262563956e-05, 5.74969544687e-06, 9.21668197407e-06], "min": [1.57939328282e-10, 7.20457415948e-10, 1.092383628e-09, 7.12304271122e-10, 1.43253819918e-09, 2.82744361257e-09, 9.31013666161e-09, 1.21879537573e-08, 1.27755326318e-08, 4.62939864221e-09, 1.0525524452e-08, 1.37828184421e-08, 4.6689301314e-09, 1.70005198807e-09, 1.2268123406e-08, 1.88093665088e-08, 5.23735295133e-08, 2.73328595313e-08, 1.3662274867e-08, 3.62093537376e-08, 1.09804894066e-07, 4.96249654702e-08, 5.49283392104e-08, 4.10120506444e-08, 7.96170596118e-08, 1.0517457838e-07, 7.4047278531e-08, 9.67181605915e-08, 5.95164095785e-08, 8.16068208565e-08, 4.87434839158e-08, 7.135211888e-08, 5.1917346866e-08, 6.08534591606e-08, 4.74200838596e-08, 1.78071530854e-08, 1.63598450342e-08, 3.57861806854e-09, 5.96151406018e-10, 6.01138167022e-11], "dvar2": [1.77303463715e-05, 0.0314318314195, 3.39333224297, 97.3211898804, 89.6423721313, 144.037506104, 142.090621948, 312.23135376, 1356.24890137, 3624.82177734, 4527.30224609, 25930.0820312, 39245.6484375, 14454.8535156, 4456.80224609, 8670.98828125, 4891.45654297, 10674.96875, 4581.80859375, 5775.02587891, 14707.3505859, 5925.77539062, 3235.65039062, 429.60836792, 194.743377686, 13.8550405502, 3.1551399231, 1.34953594208, 1.1120634079, 0.964888870716, 1.40504515171, 1.24563205242, 0.824734866619, 0.392391711473, 0.0782140493393, 0.00458129681647, 0.000210726677324, 1.21083144222e-06, 6.62055466005e-10, 1.53117435397e-10], "dvar": [6.82026166032e-06, 0.0166416857392, 1.46588861942, 32.341178894, 29.6564807892, 51.6225776672, 63.2331466675, 146.70880127, 651.569946289, 1910.06103516, 1791.63574219, 9643.21875, 14815.6328125, 5330.25732422, 1782.82739258, 3305.32958984, 1962.17724609, 4704.80908203, 1784.53271484, 2334.80419922, 5869.08642578, 2639.64990234, 1246.17797852, 193.327194214, 86.7462463379, 5.59241294861, 1.19927883148, 0.568249821663, 0.473211497068, 0.504032194614, 0.699712574482, 0.622309446335, 0.409529179335, 0.174462810159, 0.0376725159585, 0.00301023037173, 0.000112514106149, 6.86630073687e-07, 3.81905257418e-10, 6.09428132958e-11], "dmean": [0.000779578229412, 0.0328892208636, 0.338870644569, 1.29234206676, 1.85155105591, 2.61329913139, 3.9046216011, 5.99688339233, 11.1120586395, 16.957616806, 13.4524211884, 26.2912254333, 24.2707614899, 14.7442865372, 15.4739236832, 12.4911623001, 15.8642339706, 16.123260498, 12.1578626633, 15.3306541443, 19.4689025879, 13.2845020294, 9.97113704681, 3.42395281792, 1.62522304058, 0.918982744217, 0.437639176846, 0.304047703743, 0.262391030788, 0.187145203352, 0.209911942482, 0.154751762748, 0.0980215519667, 0.0464456602931, 0.0178988426924, 0.00705078383908, 0.00164757936727, 0.000137023467687, 4.70171380584e-06, 4.79474556414e-06], "max": [0.123030655086, 8.44057750702, 80.6016998291, 178.704055786, 133.732620239, 213.237136841, 305.943634033, 866.252319336, 1391.00964355, 2382.16088867, 1683.1385498, 3207.23876953, 3950.45581055, 4142.27587891, 1159.71374512, 2067.91967773, 1380.84899902, 2487.39208984, 1710.21154785, 1615.15441895, 2989.13769531, 3074.16015625, 1099.03149414, 1513.84204102, 895.6328125, 103.437896729, 29.0742397308, 36.9037246704, 27.3482513428, 60.6757392883, 52.1630477905, 45.1915931702, 40.3259277344, 26.1034107208, 17.3997039795, 4.30512189865, 0.542389154434, 0.0362721867859, 0.000971568282694, 0.00017132240464], "var": [2.11062033486e-05, 0.0681126117706, 3.8018476963, 40.0975532532, 54.4210929871, 122.601585388, 249.151519775, 1642.0222168, 5552.73828125, 8411.21484375, 3856.63134766, 19188.2441406, 29129.6152344, 10090.8984375, 3427.80957031, 4565.60107422, 4085.64892578, 9760.75976562, 3375.26782227, 6404.52050781, 10611.5673828, 5568.44677734, 3157.28076172, 372.867767334, 132.72303772, 15.3515977859, 3.48551630974, 1.98348796368, 1.8319029808, 1.19760859013, 1.61794650555, 1.12934148312, 0.804409503937, 0.258089751005, 0.0573304519057, 0.00646336609498, 0.000220179965254, 1.42239775869e-06, 9.22034892881e-10, 4.5814238514e-10], "mean": [0.00153938890435, 0.0656500533223, 0.5827896595, 1.82325065136, 2.99553418159, 5.03842258453, 8.02794933319, 14.428440094, 25.9179019928, 31.8965587616, 24.5187282562, 44.7985725403, 40.7130126953, 25.3710422516, 25.1653327942, 19.3220729828, 26.4305057526, 26.3418064117, 20.6337585449, 28.5075149536, 32.1511535645, 25.5029811859, 19.8527641296, 6.93042850494, 3.37648034096, 2.00823330879, 0.992901802063, 0.723617196083, 0.642969250679, 0.437614172697, 0.454243093729, 0.298308283091, 0.178195729852, 0.0766434073448, 0.0301401037723, 0.0119275758043, 0.00285811489448, 0.000231622252613, 1.34522533699e-05, 1.77627553057e-05]}, "spectral_strongpeak": {"dmean2": 1.07427287102, "median": 0.71959656477, "min": 0, "dvar2": 2.91618824005, "dvar": 1.1420186758, "dmean": 0.657792389393, "max": 22.8882007599, "var": 2.66154456139, "mean": 1.30183708668}, "spectral_energy": {"dmean2": 0.00610896386206, "median": 0.00739691499621, "min": 4.86225330831e-11, "dvar2": 0.000113539354061, "dvar": 4.4626849558e-05, "dmean": 0.00402922183275, "max": 0.152902185917, "var": 0.000329968577716, "mean": 0.0146814500913}, "average_loudness": 0.106041245162, "spectral_rolloff": {"dmean2": 445.873931885, "median": 1055.12695312, "min": 86.1328125, "dvar2": 692149.8125, "dvar": 337989.8125, "dmean": 261.208648682, "max": 14685.6445312, "var": 1127487.875, "mean": 1319.1697998}, "spectral_centroid": {"dmean2": 230.441955566, "median": 975.984619141, "min": 118.873313904, "dvar2": 67039.9921875, "dvar": 30384.4453125, "dmean": 149.178710938, "max": 5429.15576172, "var": 355817.8125, "mean": 1082.03393555}, "pitch_salience": {"dmean2": 0.116508163512, "median": 0.55911052227, "min": 0.06064209342, "dvar2": 0.00939208921045, "dvar": 0.00352588761598, "dmean": 0.0714340284467, "max": 0.847503006458, "var": 0.0118115274236, "mean": 0.550883591175}, "spectral_energyband_middle_high": {"dmean2": 0.00282907253131, "median": 0.00178907474037, "min": 7.81475318484e-12, "dvar2": 4.64219301648e-05, "dvar": 1.82761814358e-05, "dmean": 0.00183206691872, "max": 0.112230993807, "var": 6.65560291964e-05, "mean": 0.00491628516465}, "spectral_contrast_coeffs": {"dmean2": [0.0771318227053, 0.0723348781466, 0.0623630061746, 0.0490787439048, 0.0333535596728, 0.0216169413179], "median": [-0.607794821262, -0.710263848305, -0.72223174572, -0.744728684425, -0.751730203629, -0.750717878342], "min": [-0.920344471931, -0.942371428013, -0.952093064785, -0.934174537659, -0.93364161253, -0.910907745361], "dvar2": [0.00385245494545, 0.00338299246505, 0.00246474775486, 0.00155351439025, 0.000728037557565, 0.000305623398162], "dvar": [0.00143368181307, 0.00127049279399, 0.000967862375546, 0.000641336373519, 0.000337215227773, 0.000145400175825], "dmean": [0.0470120236278, 0.0449689142406, 0.0387197956443, 0.0304672382772, 0.0211262516677, 0.0139548527077], "max": [-0.282798498869, -0.31722214818, -0.41425344348, -0.42521572113, -0.448505610228, -0.616594433784], "var": [0.0106690265238, 0.0072931596078, 0.00713476119563, 0.00717035541311, 0.00676496746019, 0.00267652026378], "mean": [-0.60983812809, -0.700167775154, -0.720131158829, -0.739400207996, -0.745984554291, -0.761372983456]}, "melbands_skewness": {"dmean2": 0.871882140636, "median": 1.42941737175, "min": -4.60580158234, "dvar2": 0.702253997326, "dvar": 0.281702488661, "dmean": 0.558349609375, "max": 11.8293600082, "var": 1.93089473248, "mean": 1.50089979172}, "spectral_spread": {"dmean2": 447923.71875, "median": 2599234, "min": 717373.1875, "dvar2": 321465090048, "dvar": 205293944832, "dmean": 299557.90625, "max": 15413637, "var": 1330882543620.0, "mean": 2817915}, "dissonance": {"dmean2": 0.046845395118, "m