{"tonal": {"thpcp": [1, 0.732413053513, 0.245267942548, 0.138998404145, 0.121532820165, 0.250615149736, 0.45558103919, 0.364581912756, 0.222759887576, 0.248657107353, 0.193803906441, 0.199541687965, 0.25948035717, 0.234385639429, 0.325949579477, 0.485222607851, 0.368594288826, 0.172661006451, 0.122853532434, 0.127395749092, 0.483368635178, 0.959991872311, 0.68179911375, 0.190892085433, 0.108383871615, 0.0993540361524, 0.13959774375, 0.200040876865, 0.177795723081, 0.194276303053, 0.262573570013, 0.19969432056, 0.159425541759, 0.182773038745, 0.168623358011, 0.515895247459], "hpcp": {"dmean2": [0.117214731872, 0.10687481612, 0.116683289409, 0.143165558577, 0.117560103536, 0.121115088463, 0.140839934349, 0.131965339184, 0.269829541445, 0.298289209604, 0.302108466625, 0.199630647898, 0.116204380989, 0.106571048498, 0.158526599407, 0.234591186047, 0.204062446952, 0.155751600862, 0.154320850968, 0.132393240929, 0.138618782163, 0.155228868127, 0.146861478686, 0.189038529992, 0.208938032389, 0.168756365776, 0.123165726662, 0.0919285267591, 0.100837908685, 0.228774368763, 0.258995562792, 0.277991056442, 0.146578624845, 0.0768355876207, 0.0714945942163, 0.0876791402698], "median": [0.0397605039179, 0.0408121310174, 0.0514205917716, 0.0526925101876, 0.0361459478736, 0.0415011197329, 0.0439261905849, 0.0384932607412, 0.19059997797, 0.456268489361, 0.320401638746, 0.0532895773649, 0.0227953027934, 0.0200968980789, 0.0646311491728, 0.129183590412, 0.104204311967, 0.0501480475068, 0.0420984998345, 0.0381317660213, 0.0494242087007, 0.0575917512178, 0.0492583587766, 0.0816562324762, 0.0997990220785, 0.0678950697184, 0.0391343384981, 0.0241892486811, 0.0269454494119, 0.190837815404, 0.400742769241, 0.293421506882, 0.0481827631593, 0.0175288468599, 0.0191344004124, 0.031461507082], "min": [0, 0, 0, 0, 0, 0, 0, 0, 0, 0, 0, 0, 0, 0, 0, 0, 0, 0, 0, 0, 0, 0, 0, 0, 0, 0, 0, 0, 0, 0, 0, 0, 0, 0, 0, 0], "dvar2": [0.040521223098, 0.0308134369552, 0.0315687842667, 0.0512125790119, 0.0416278913617, 0.0424957163632, 0.0595948509872, 0.0539903379977, 0.0847517773509, 0.101174078882, 0.0917694941163, 0.082388035953, 0.0548105537891, 0.056537643075, 0.0582354031503, 0.0887521132827, 0.068030834198, 0.0664852485061, 0.0760419219732, 0.0545820854604, 0.0540590584278, 0.0585999451578, 0.0605078190565, 0.0744660943747, 0.0868244096637, 0.0622647479177, 0.0462251789868, 0.0342010445893, 0.0343316346407, 0.061045397073, 0.0904478430748, 0.0789691880345, 0.0424668639898, 0.0248132366687, 0.0247001256794, 0.0259055122733], "dvar": [0.0159244593233, 0.0125215006992, 0.0121990488842, 0.0207511242479, 0.0169598832726, 0.0153443897143, 0.02174654603, 0.0196242630482, 0.031555660069, 0.0445893481374, 0.0357778519392, 0.0301392376423, 0.0194329209626, 0.0197191610932, 0.0218363124877, 0.0361201129854, 0.0266371425241, 0.0248897317797, 0.0300247743726, 0.0204143226147, 0.0197486318648, 0.0222851764411, 0.0227683279663, 0.0289331357926, 0.0347827635705, 0.024760292843, 0.0168010815978, 0.0124718789011, 0.0125197414309, 0.0227799937129, 0.0417145490646, 0.0314935706556, 0.015626706183, 0.00931011885405, 0.00902820844203, 0.00980197731405], "dmean": [0.0705134570599, 0.0640562996268, 0.0703522786498, 0.0867539793253, 0.0701342448592, 0.0700950697064, 0.081618450582, 0.0752014815807, 0.160532578826, 0.179941043258, 0.181985139847, 0.113151162863, 0.0660075396299, 0.0596664957702, 0.0934997498989, 0.141394942999, 0.122536510229, 0.0911494493484, 0.0901803672314, 0.0770774632692, 0.080891430378, 0.0917844250798, 0.0869060084224, 0.112305670977, 0.124354436994, 0.100872635841, 0.0713754743338, 0.0532839596272, 0.0579096451402, 0.136225625873, 0.155718713999, 0.166952028871, 0.0844766125083, 0.0456581264734, 0.04206911847, 0.0525929443538], "max": [1, 1, 1, 1, 1, 1, 1, 1, 1, 1, 1, 1, 1, 1, 1, 1, 1, 1, 1, 1, 1, 1, 1, 1, 1, 1, 1, 1, 1, 1, 1, 1, 1, 1, 1, 1], "var": [0.0277696866542, 0.0201755128801, 0.0182017162442, 0.0426532626152, 0.0293622817844, 0.0152631253004, 0.0220009721816, 0.0202180407941, 0.0571956373751, 0.130448281765, 0.0839365869761, 0.0344145298004, 0.0202384982258, 0.0171742849052, 0.0292353201658, 0.0764580443501, 0.0494082197547, 0.0317554213107, 0.0502893775702, 0.0273676346987, 0.0224183369428, 0.0385225676, 0.0341493077576, 0.0459282323718, 0.0974184349179, 0.0655639916658, 0.0195670146495, 0.014223407954, 0.0138097917661, 0.0473149456084, 0.152893647552, 0.0837588757277, 0.0191248729825, 0.0114810690284, 0.0102358767763, 0.01307296101], "mean": [0.103880308568, 0.0923284962773, 0.100886791945, 0.136353239417, 0.103700339794, 0.082788951695, 0.094913199544, 0.0875653326511, 0.26790201664, 0.519295394421, 0.380338728428, 0.127366513014, 0.0721812322736, 0.0631114318967, 0.130143299699, 0.236581131816, 0.189325705171, 0.115678183734, 0.129126489162, 0.100641474128, 0.103621080518, 0.134746953845, 0.121715381742, 0.169264107943, 0.251973867416, 0.191409319639, 0.0896620675921, 0.0637972727418, 0.0661560222507, 0.251011103392, 0.498519361019, 0.354055136442, 0.0991293787956, 0.0562832467258, 0.051594093442, 0.0724924653769]}, "tuning_equal_tempered_deviation": 0.0637937486172, "chords_changes_rate": 0.0520428009331, "key_key": "C", "tuning_diatonic_strength": 0.637137532234, "key_scale": "major", "chords_number_rate": 0.00129701686092, "tuning_frequency": 436.708374023, "tuning_nontempered_energy_ratio": 0.681300282478, "chords_histogram": [29.0531768799, 0.0810635536909, 4.4422826767, 0, 0.0486381314695, 0, 0.0162127111107, 0, 0, 0, 0, 0, 0, 0.113488972187, 0, 2.07522702217, 0.389105051756, 27.7399482727, 2.98313879967, 10.1815824509, 3.08041501045, 0.63229572773, 18.9688720703, 0.194552525878], "key_strength": 0.770672798157, "chords_key": "C", "chords_strength": {"dmean2": 0.00719378842041, "median": 0.526876449585, "min": -1, "dvar2": 0.000345418957295, "dvar": 0.000349155277945, "dmean": 0.00721644051373, "max": 0.768511354923, "var": 0.00625971145928, "mean": 0.526113152504}, "chords_scale": "major", "hpcp_entropy": {"dmean2": 1.03846228123, "median": 1.94130909443, "min": 0, "dvar2": 0.701119661331, "dvar": 0.255565166473, "dmean": 0.614314496517, "max": 4.5789513588, "var": 0.592603564262, "mean": 1.92976868153}}, "metadata": {"audio_properties": {"equal_loudness": 0, "codec": "flac", "downmix": "mix", "sample_rate": 44100, "analysis_sample_rate": 44100, "bit_rate": 0, "md5_encoded": "fcffba8e80517b5148ed21ac8bf0602a", "length": 286.359985352, "replay_gain": -10.353729248, "lossless": true}, "version": {"essentia_build_sha": "81dca3489dfd3c4275b86ac4d56d870715677d3f", "essentia": "2.1-beta1", "extractor": "music 1.0", "essentia_git_sha": "v2.1_beta1-28-g21ef5f4"}, "tags": {"title": ["Unter'm Asphalt"], "barcode": ["743214614624"], "albumartist": ["Silly"], "tracktotal": ["15"], "language": ["deu"], "releasetype": ["compilation"], "discid": ["d40f3a0f"], "replaygain_album_peak": ["0.99221802"], "musicbrainz_recordingid": ["02343226-3c68-43d1-8e69-b227551618e8"], "musicbrainz_discid": ["deoL89EGKxe1ME40Jwtu.oMQ7cc-"], "musicbrainz_albumartistid": ["be28f50e-2d75-4fb2-95c3-371fda5c2667"], "replaygain_album_gain": ["-6.51 dB"], "album": ["P.S.: Best of Silly, Volume 2"], "catalognumber": ["74321 46146 2"], "replaygain_track_gain": ["-5.46 dB"], "releasecountry": ["DE"], "file_name": "01 - Silly - Unter'm Asphalt.flac", "originaldate": ["1997-03-24"], "replaygain_track_peak": ["0.98086548"], "albumartistsort": ["Silly"], "date": ["1997-03-24"], "genre": ["German Singer-Songwriter", "Deutsch", "German", "Ddr", "Rock", "Female Vocalists", "Ostrock", "Silly", "Female Vocal", "Ddr Musicians"], "musicip_puid": ["ca92db3d-2878-4743-b9de-3fb346620b59"], "format": ["CD"], "musicbrainz_artistid": ["be28f50e-2d75-4fb2-95c3-371fda5c2667"], "asin": ["B00000I35P"], "musicbrainz_albumid": ["633d0e59-32ee-43e8-a52d-8da296cb2704"], "artist": ["Silly"], "replaygain_reference_loudness": ["89.0 dB"], "artistsort": ["Silly"], "tracknumber": ["1"], "label": ["Hansa"], "releasestatus": ["official"], "script": ["Latn"], "totaltracks": ["15"]}}, "rhythm": {"bpm_histogram_first_peak_bpm": {"dmean2": 0, "median": 148, "min": 148, "dvar2": 0, "dvar": 0, "dmean": 0, "max": 148, "var": 0, "mean": 148}, "bpm": 145.75592041, "bpm_histogram_second_peak_spread": {"dmean2": 0, "median": 0.145161271095, "min": 0.145161271095, "dvar2": 0, "dvar": 0, "dmean": 0, "max": 0.145161271095, "var": 0, "mean": 0.145161271095}, "bpm_histogram_first_peak_weight": {"dmean2": 0, "median": 0.432510882616, "min": 0.432510882616, "dvar2": 0, "dvar": 0, "dmean": 0, "max": 0.432510882616, "var": 0, "mean": 0.432510882616}, "onset_rate": 3.91100096703, "beats_position": [0.429569154978, 0.859138309956, 1.27709746361, 1.69505667686, 2.11301589012, 2.53097510338, 2.94893407822, 3.36689329147, 3.7732424736, 4.17959165573, 4.59755086899, 5.01551008224, 5.4334692955, 5.86303853989, 6.29260778427, 6.72217655182, 7.1517457962, 7.59292507172, 8.03410434723, 8.46367359161, 8.88163280487, 9.29959201813, 9.70594120026, 10.1239004135, 10.5302495956, 10.9365987778, 11.354557991, 11.7725172043, 12.1788663864, 12.5852155685, 12.9915647507, 13.3979139328, 13.8042631149, 14.2106122971, 14.6169614792, 15.0233106613, 15.4412698746, 15.8592290878, 16.2655773163, 16.6719264984, 17.0898857117, 17.5078449249, 17.9141941071, 18.3321533203, 18.7385025024, 19.1448516846, 19.5512008667, 19.96916008, 20.3871192932, 20.7934684753, 21.1998176575, 21.6061668396, 22.0125160217, 22.430475235, 22.8484344482, 23.2663936615, 23.6843528748, 24.0790920258, 24.4854412079, 24.9034004211, 25.3329696655, 25.7509288788, 26.168888092, 26.5752372742, 26.9815864563, 27.3879356384, 27.7942848206, 28.2006340027, 28.6185932159, 29.0249423981, 29.4312915802, 29.8376407623, 30.2555999756, 30.6735591888, 31.0915184021, 31.5094776154, 31.9390468597, 32.357006073, 32.7749671936, 33.1929244995, 33.6224937439, 34.0520629883, 34.4816322327, 34.8995895386, 35.3175506592, 35.7471199036, 36.1882972717, 36.6178665161, 37.0358276367, 37.4537849426, 37.8717460632, 38.2897033691, 38.7076644897, 39.1256217957, 39.5435829163, 39.9731521606, 40.402721405, 40.8438987732, 41.2734680176, 41.703037262, 42.1326065063, 42.5737876892, 43.0033569336, 43.4213142395, 43.8392753601, 44.257232666, 44.6868019104, 45.1163711548, 45.5459403992, 45.9755096436, 46.347026825, 46.7069396973, 47.0668487549, 47.415145874, 47.7750549316, 48.1349639893, 48.4832649231, 48.8199539185, 49.2263031006, 49.6326522827, 50.0390014648, 50.4569587708, 50.8749198914, 51.2928771973, 51.6992263794, 52.1055755615, 52.5235366821, 52.9298858643, 53.3362350464, 53.7541923523, 54.1605415344, 54.5668907166, 54.9848518372, 55.4028091431, 55.8207702637, 56.2271194458, 56.6334686279, 57.0514259338, 57.457775116, 57.8757362366, 58.2820854187, 58.7000427246, 59.1180038452, 59.5359611511, 59.9423103333, 60.3486595154, 60.7550086975, 61.1613578796, 61.5793190002, 61.9856681824, 62.3920173645, 62.8099746704, 63.2163238525, 63.6226730347, 64.0406341553, 64.4585952759, 64.8765487671, 65.2828979492, 65.6892471313, 66.107208252, 66.5135574341, 66.9199066162, 67.3262557983, 67.7326049805, 68.1505661011, 68.5569152832, 68.9632644653, 69.3696136475, 69.7759628296, 70.1939239502, 70.6002731323, 71.0182266235, 71.4361877441, 71.8541488647, 72.2604980469, 72.666847229, 73.0848083496, 73.4911575317, 73.9091110229, 74.3270721436, 74.7566452026, 75.1862106323, 75.6157836914, 76.0453491211, 76.4633102417, 76.8812713623, 77.2992248535, 77.7287979126, 78.1583633423, 78.5995483398, 79.0291137695, 79.4586868286, 79.8882522583, 80.3062133789, 80.712562561, 81.1072998047, 81.5020370483, 81.9199981689, 82.3379592896, 82.7559204102, 83.1738739014, 83.591835022, 84.0097961426, 84.4393615723, 84.8689346313, 85.2868881226, 85.7048492432, 86.1344223022, 86.5639877319, 86.993560791, 87.4231262207, 87.8526992798, 88.270652771, 88.7002258301, 89.1297912598, 89.5593643188, 89.9773254395, 90.3952789307, 90.8132400513, 91.2312011719, 91.6491622925, 92.0671157837, 92.4850769043, 92.9146499634, 93.3442153931, 93.7737884521, 94.2149658203, 94.64453125, 95.0741043091, 95.5036697388, 95.9216308594, 96.33959198, 96.7575454712, 97.1755065918, 97.5934677124, 98.011428833, 98.4293823242, 98.8473434448, 99.253692627, 99.6484298706, 100.043174744, 100.437911987, 100.844261169, 101.26222229, 101.680175781, 102.098136902, 102.516098022, 102.934059143, 103.352012634, 103.781585693, 104.211151123, 104.652336121, 105.093513489, 105.546302795, 105.975868225, 106.393829346, 106.811790466, 107.229751587, 107.647705078, 108.065666199, 108.483627319, 108.90158844, 109.307937622, 109.714286804, 110.132240295, 110.550201416, 110.968162537, 111.374511719, 111.780860901, 112.187210083, 112.593559265, 112.999908447, 113.406257629, 113.82421875, 114.242172241, 114.660133362, 115.078094482, 115.484443665, 115.890792847, 116.308753967, 116.715103149, 117.133056641, 117.551017761, 117.957366943, 118.363716125, 118.770065308, 119.188026428, 119.59437561, 120.000724792, 120.418685913, 120.836639404, 121.242988586, 121.649337769, 122.067298889, 122.473648071, 122.879997253, 123.297958374, 123.715919495, 124.133872986, 124.563446045, 125.085891724, 125.608345032, 126.13079071, 126.618408203, 127.117637634, 127.616867065, 128.116104126, 128.615325928, 129.10295105, 129.509292603, 129.915649414, 130.321990967, 130.728347778, 131.134689331, 131.541046143, 131.947387695, 132.353744507, 132.76008606, 133.17805481, 133.596008301, 134.013961792, 134.420318604, 134.826660156, 135.233016968, 135.650970459, 136.068939209, 136.4868927, 136.904846191, 137.311203003, 137.717544556, 138.123901367, 138.53024292, 138.924987793, 139.331329346, 139.737686157, 140.155639648, 140.573608398, 140.979949951, 141.397918701, 141.815872192, 142.233825684, 142.651794434, 143.058135986, 143.464492798, 143.870834351, 144.277191162, 144.683532715, 145.089889526, 145.496231079, 145.890975952, 146.297317505, 146.703674316, 147.110015869, 147.527984619, 147.94593811, 148.363891602, 148.781860352, 149.188201904, 149.606170654, 150.024124146, 150.442077637, 150.848434448, 151.254776001, 151.661132812, 152.067474365, 152.473831177, 152.880172729, 153.286529541, 153.692871094, 154.110839844, 154.517181396, 154.923538208, 155.341491699, 155.759460449, 156.17741394, 156.595367432, 157.001724243, 157.408065796, 157.814422607, 158.22076416, 158.63873291, 159.056686401, 159.463043213, 159.880996704, 160.287338257, 160.693695068, 161.100036621, 161.518005371, 161.935958862, 162.342315674, 162.748657227, 163.166610718, 163.584579468, 163.990921021, 164.408889771, 164.815231323, 165.233200073, 165.651153564, 166.069107056, 166.487075806, 166.893417358, 167.29977417, 167.706115723, 168.112472534, 168.518814087, 168.925170898, 169.34312439, 169.761077881, 170.179046631, 170.597000122, 171.014968872, 171.432922363, 171.839263916, 172.245620728, 172.663574219, 173.081542969, 173.49949646, 173.917449951, 174.323806763, 174.730148315, 175.136505127, 175.554458618, 175.96081543, 176.378768921, 176.785125732, 177.191467285, 177.609436035, 178.027389526, 178.433731079, 178.840087891, 179.246429443, 179.652786255, 180.059127808, 180.465484619, 180.88343811, 181.30140686, 181.719360352, 182.137313843, 182.543670654, 182.950012207, 183.367980957, 183.77432251, 184.180679321, 184.587020874, 185.004989624, 185.411331177, 185.817687988, 186.224029541, 186.630386353, 187.036727905, 187.454696655, 187.861038208, 188.26739502, 188.685348511, 189.103302002, 189.521270752, 189.939224243, 190.345581055, 190.751922607, 191.158279419, 191.564620972, 191.982574463, 192.388931274, 192.795272827, 193.213241577, 193.631195068, 194.049163818, 194.455505371, 194.861862183, 195.279815674, 195.697769165, 196.115737915, 196.522079468, 196.928436279, 197.334777832, 197.741134644, 198.147476196, 198.553833008, 198.960174561, 199.366531372, 199.784484863, 200.190841675, 200.608795166, 201.015136719, 201.433105469, 201.85105896, 202.26902771, 202.686981201, 203.093322754, 203.499679565, 203.906021118, 204.31237793, 204.718719482, 205.125076294, 205.531417847, 205.937774658, 206.344116211, 206.750473022, 207.168426514, 207.586395264, 208.004348755, 208.422302246, 208.840270996, 209.258224487, 209.664581299, 210.070922852, 210.477279663, 210.883621216, 211.278366089, 211.673095703, 212.079452515, 212.485794067, 212.903762817, 213.321716309, 213.739685059, 214.15763855, 214.575592041, 214.981948853, 215.388290405, 215.806259155, 216.224212646, 216.630569458, 217.036911011, 217.431655884, 217.826385498, 218.221130371, 218.639083862, 219.057052612, 219.475006104, 219.881362915, 220.299316406, 220.705657959, 221.123626709, 221.5415802, 221.95954895, 222.365890503, 222.783843994, 223.190200806, 223.596542358, 224.00289917, 224.409240723, 224.815597534, 225.233551025, 225.639907837, 226.057861328, 226.46421814, 226.882171631, 227.300125122, 227.706481934, 228.112823486, 228.530792236, 228.948745728, 229.355102539, 229.761444092, 230.179412842, 230.585754395, 230.992111206, 231.398452759, 231.80480957, 232.222763062, 232.640716553, 233.058685303, 233.465026855, 233.871383667, 234.289337158, 234.69569397, 235.102035522, 235.519989014, 235.937957764, 236.344299316, 236.750656128, 237.168609619, 237.574966431, 237.981307983, 238.387664795, 238.794006348, 239.211975098, 239.629928589, 240.04788208, 240.46585083, 240.872192383, 241.278549194, 241.696502686, 242.114456177, 242.532424927, 242.938766479, 243.345123291, 243.751464844, 244.157821655, 244.564163208, 244.97052002, 245.388473511, 245.794830322, 246.201171875, 246.619140625, 247.037094116, 247.455047607, 247.873016357, 248.27935791, 248.685714722, 249.103668213, 249.521621704, 249.927978516, 250.334320068, 250.74067688, 251.147018433, 251.564987183, 251.982940674, 252.389297485, 252.795639038, 253.213607788, 253.631561279, 254.049514771, 254.467483521, 254.873825073, 255.280181885, 255.698135376, 256.104492188, 256.51083374, 256.905578613, 257.311920166, 257.718261719, 258.136230469, 258.542572021, 258.960540771, 259.366882324, 259.784851074, 260.202819824, 260.620758057, 261.027130127, 261.445068359, 261.851409912, 262.269378662, 262.687347412, 263.093688965, 263.500030518, 263.906402588, 264.312744141, 264.719085693, 265.125427246, 265.543395996, 265.949737549, 266.356109619, 266.774047852, 267.192016602, 267.609985352, 268.027923584, 268.434295654, 268.852233887, 269.258575439, 269.66494751, 270.071289062, 270.477630615, 270.883972168, 271.290344238, 271.708282471, 272.126251221, 272.532592773, 272.950561523, 273.356903076, 273.774871826, 274.181213379, 274.599182129, 275.017150879, 275.435089111, 275.841461182, 276.247802734, 276.665740967, 277.083709717, 277.49005127, 277.90802002, 278.314361572, 278.732330322, 279.150299072, 279.556640625, 279.962982178, 280.380950928, 280.798919678, 281.20526123, 281.62322998, 282.041168213, 282.447509766, 282.853881836, 283.260223389, 283.666564941, 284.072906494, 284.490875244, 284.908843994, 285.326782227, 285.756378174], "beats_loudness": {"dmean2": 0.0388781838119, "median": 0.0165615342557, "min": 3.30782778946e-09, "dvar2": 0.00217286939733, "dvar": 0.000618396094069, "dmean": 0.0204000044614, "max": 0.135156884789, "var": 0.000754747714382, "mean": 0.0275031328201}, "danceability": 1.06101155281, "bpm_histogram_second_peak_weight": {"dmean2": 0, "median": 0.0769230797887, "min": 0.0769230797887, "dvar2": 0, "dvar": 0, "dmean": 0, "max": 0.0769230797887, "var": 0, "mean": 0.0769230797887}, "beats_count": 690, "bpm_histogram_second_peak_bpm": {"dmean2": 0, "median": 140, "min": 140, "dvar2": 0, "dvar": 0, "dmean": 0, "max": 140, "var": 0, "mean": 140}, "bpm_histogram_first_peak_spread": {"dmean2": 0, "median": 0.510673224926, "min": 0.510673224926, "dvar2": 0, "dvar": 0, "dmean": 0, "max": 0.510673224926, "var": 0, "mean": 0.510673224926}, "beats_loudness_band_ratio": {"dmean2": [0.505157649517, 0.184040158987, 0.255232572556, 0.275871098042, 0.160674378276, 0.102118767798], "median": [0.267234802246, 0.10747256875, 0.188466519117, 0.172071188688, 0.0891592651606, 0.0277746915817], "min": [0.0115771275014, 0.00149047968443, 0.00181257200893, 0.0022614528425, 0.000915360054933, 1.16742467071e-05], "dvar2": [0.190874695778, 0.0296146888286, 0.0341315083206, 0.0441040433943, 0.0200254078954, 0.0209651906043], "dvar": [0.0549364723265, 0.00991504918784, 0.0127333058044, 0.01434938889, 0.00664029363543, 0.00755801377818], "dmean": [0.266193628311, 0.102903909981, 0.140950605273, 0.150880947709, 0.0873313248158, 0.060926463455], "max": [0.982130527496, 0.750385701656, 0.928820252419, 0.922666847706, 0.598579823971, 0.761595368385], "var": [0.0620075948536, 0.0127736870199, 0.0230033192784, 0.0196119118482, 0.0092838127166, 0.00820914376527], "mean": [0.328819513321, 0.137459814548, 0.215021878481, 0.197612240911, 0.114183567464, 0.0639099702239]}}, "lowlevel": {"barkbands_spread": {"dmean2": 7.43161296844, "median": 18.7905807495, "min": 0.155792579055, "dvar2": 94.2362060547, "dvar": 45.7384033203, "dmean": 4.97952270508, "max": 120.422470093, "var": 187.941955566, "mean": 21.5532569885}, "melbands_spread": {"dmean2": 10.1158342361, "median": 25.1685695648, "min": 0.376262873411, "dvar2": 166.85647583, "dvar": 78.0695877075, "dmean": 6.6498041153, "max": 232.149978638, "var": 368.92855835, "mean": 28.0611114502}, "hfc": {"dmean2": 8.09973335266, "median": 10.083322525, "min": 1.07233219687e-16, "dvar2": 246.156234741, "dvar": 140.881988525, "dmean": 6.04152727127, "max": 298.118164062, "var": 585.362854004, "mean": 18.1095085144}, "barkbands_kurtosis": {"dmean2": 3.60039520264, "median": -0.100507497787, "min": -1.91935896873, "dvar2": 3066.82592773, "dvar": 974.062438965, "dmean": 2.20774364471, "max": 2683.81640625, "var": 772.432128906, "mean": 1.85978984833}, "gfcc": {"mean": [-71.717628479, 146.475387573, -143.369796753, 11.9630756378, -36.5107727051, 1.17834436893, -20.2858695984, 3.5860376358, -14.4419136047, -5.90074586868, -11.7236309052, -3.21286439896, -8.60225391388], "icov": [[0.000112210196676, 5.02104694533e-06, 0.000164938479429, -5.10110330652e-05, 5.81847889407e-05, -0.00012691320444, 0.000146293808939, -0.000109449065349, 0.000145623125718, -3.75394520233e-05, 0.000249438948231, -0.000171874504304, 0.000231172845815], [5.02104694533e-06, 0.00116419338156, 4.85034934172e-06, 0.000569881813135, -0.000714358699042, 0.000649898604024, -0.000520959089044, 0.00113538012374, -0.001028190949, 0.00129691045731, -0.00108194933273, 0.00124340248294, -0.00111832714174], [0.000164938479429, 4.85034934172e-06, 0.00132235058118, 0.000371325091692, -0.000210917613003, -0.00136983511038, 0.000470115366625, -0.00026826231624, 0.000273245328572, 0.000250854791375, 0.000787929340731, -0.000668279419187, 0.000590297393501], [-5.10110330652e-05, 0.000569881813135, 0.000371325091692, 0.00284411665052, 0.00127213215455, 0.000253033882473, -0.00110406556632, 0.000196342662093, -0.000121571683849, 0.000145972779137, 2.95781428576e-05, 0.000913872674573, -0.000922925013583], [5.81847889407e-05, -0.000714358699042, -0.000210917613003, 0.00127213215455, 0.00433018105105, 0.000968399341218, -0.00147155893501, -0.00141086336225, 0.00123273953795, -0.00128858606331, 0.000221377238631, 0.000956942269113, -0.000413154630223], [-0.00012691320444, 0.000649898604024, -0.00136983511038, 0.000253033882473, 0.000968399341218, 0.00625929934904, -0.000540725479368, -0.000939497025684, -0.000140718417242, -0.0011182918679, -0.000551104778424, 0.000760966155212, 0.000134592846734], [0.000146293808939, -0.000520959089044, 0.000470115366625, -0.00110406556632, -0.00147155893501, -0.000540725479368, 0.00628860015422, 0.00194238591939, -0.00243888213299, -0.000139708499773, 0.00100469600875, -0.00154980306979, 0.00160106190015], [-0.000109449065349, 0.00113538012374, -0.00026826231624, 0.000196342662093, -0.00141086336225, -0.000939497025684, 0.00194238591939, 0.00918955449015, -0.00088840018725, -0.000117949442938, -0.00189950794447, 0.00164018350188, -0.000957371783443], [0.000145623125718, -0.001028190949, 0.000273245328572, -0.000121571683849, 0.00123273953795, -0.000140718417242, -0.00243888213299, -0.00088840018725, 0.0117520494387, -0.00191758817527, 0.000353956478648, -0.000531441241037, -0.00156526034698], [-3.75394520233e-05, 0.00129691045731, 0.000250854791375, 0.000145972779137, -0.00128858606331, -0.0011182918679, -0.000139708499773, -0.000117949442938, -0.00191758817527, 0.0134312761948, -0.000734778994229, -0.00265200994909, 6.2939376221e-05], [0.000249438948231, -0.00108194933273, 0.000787929340731, 2.95781428576e-05, 0.000221377238631, -0.000551104778424, 0.00100469600875, -0.00189950794447, 0.000353956478648, -0.000734778994229, 0.0129069946706, -0.00430629169568, 0.000223537354032], [-0.000171874504304, 0.00124340248294, -0.000668279419187, 0.000913872674573, 0.000956942269113, 0.000760966155212, -0.00154980306979, 0.00164018350188, -0.000531441241037, -0.00265200994909, -0.00430629169568, 0.0174665488303, -0.00578916165978], [0.000231172845815, -0.00111832714174, 0.000590297393501, -0.000922925013583, -0.000413154630223, 0.000134592846734, 0.00160106190015, -0.000957371783443, -0.00156526034698, 6.2939376221e-05, 0.000223537354032, -0.00578916165978, 0.0179434530437]], "cov": [[18558.1347656, -5899.265625, -809.197509766, 1620.49023438, -1873.77392578, 1060.12976074, -1182.54833984, 745.027709961, -650.067016602, 443.728240967, -417.918518066, 181.323913574, -397.178192139], [-5899.265625, 5822.38427734, -871.280883789, -1062.03894043, 1437.22827148, -1144.17602539, 977.960266113, -722.569213867, 524.097351074, -455.869750977, 287.559204102, -205.441741943, 306.233764648], [-809.197509766, -871.280883789, 1626.96533203, -223.838790894, -67.9825439453, 458.912902832, -262.887939453, 203.073623657, -128.639694214, 69.7540817261, -64.9803848267, 33.6919555664, -79.4161758423], [1620.49023438, -1062.03894043, -223.838790894, 741.376281738, -433.463317871, 136.489654541, -82.5184326172, 66.3684844971, -55.8007888794, 67.2316818237, -63.1706047058, 29.2662200928, -36.5471458435], [-1873.77392578, 1437.22827148, -67.9825439453, -433.463317871, 689.327636719, -289.562286377, 263.655639648, -130.79019165, 105.399200439, -87.7722549438, 68.7665176392, -59.9463768005, 70.5021057129], [1060.12976074, -1144.17602539, 458.912902832, 136.489654541, -289.562286377, 455.751556396, -216.64239502, 177.870239258, -107.64666748, 102.240661621, -54.7387809753, 37.5122833252, -71.2750167847], [-1182.54833984, 977.960266113, -262.887939453, -82.5184326172, 263.655639648, -216.64239502, 400.386444092, -178.663360596, 138.688354492, -64.7175140381, 34.5747833252, -20.8020038605, 48.2112541199], [745.027709961, -722.569213867, 203.073623657, 66.3684844971, -130.79019165, 177.870239258, -178.663360596, 230.706787109, -73.6635513306, 61.5353889465, -18.4033203125, 15.8306131363, -35.2991600037], [-650.067016602, 524.097351074, -128.639694214, -55.8007888794, 105.399200439, -107.64666748, 138.688354492, -73.6635513306, 152.30632019, -25.6965465546, 27.8879070282, -6.63117694855, 40.2197875977], [443.728240967, -455.869750977, 69.7540817261, 67.2316818237, -87.7722549438, 102.240661621, -64.7175140381, 61.5353889465, -25.6965465546, 119.900856018, -12.3648920059, 33.0309448242, -18.5467891693], [-417.918518066, 287.559204102, -64.9803848267, -63.1706047058, 68.7665176392, -54.7387809753, 34.5747833252, -18.4033203125, 27.8879070282, -12.3648920059, 107.486610413, 13.6235303879, 25.6543579102], [181.323913574, -205.441741943, 33.6919555664, 29.2662200928, -59.9463768005, 37.5122833252, -20.8020038605, 15.8306131363, -6.63117694855, 33.0309448242, 13.6235303879, 84.0707626343, 12.555803299], [-397.178192139, 306.233764648, -79.4161758423, -36.5471458435, 70.5021057129, -71.2750167847, 48.2112541199, -35.2991600037, 40.2197875977, -18.5467891693, 25.6543579102, 12.555803299, 83.9441299438]]}, "spectral_energyband_middle_low": {"dmean2": 0.00416744081303, "median": 0.00456342846155, "min": 1.67555154363e-22, "dvar2": 8.1456360931e-05, "dvar": 3.46461638401e-05, "dmean": 0.00272133154795, "max": 0.113895535469, "var": 7.0348243753e-05, "mean": 0.00697567965835}, "melbands_crest": {"dmean2": 4.60530996323, "median": 10.3589859009, "min": 1.61195909977, "dvar2": 18.8633422852, "dvar": 7.84697055817, "dmean": 2.83932137489, "max": 39.9617118835, "var": 26.4986591339, "mean": 11.4838008881}, "spectral_kurtosis": {"dmean2": 13.280005455, "median": 5.85282087326, "min": -1.38118731976, "dvar2": 739.549133301, "dvar": 342.390991211, "dmean": 8.3071937561, "max": 309.188781738, "var": 795.118530273, "mean": 14.9168224335}, "spectral_rms": {"dmean2": 0.000840046617668, "median": 0.00334654073231, "min": 3.13147923391e-12, "dvar2": 1.18227569601e-06, "dvar": 6.85318752858e-07, "dmean": 0.000589025206864, "max": 0.0136264199391, "var": 3.88619855585e-06, "mean": 0.00372806750238}, "zerocrossingrate": {"dmean2": 0.010923887603, "median": 0.0498046875, "min": 0, "dvar2": 0.000289497664198, "dvar": 0.00026589576737, "dmean": 0.0101285995916, "max": 0.5205078125, "var": 0.00227171974257, "mean": 0.0597522594035}, "silence_rate_60dB": {"dmean2": 0.0681154727936, "median": 0, "min": 0, "dvar2": 0.0715837478638, "dvar": 0.0328950509429, "dmean": 0.0340549759567, "max": 1, "var": 0.0862589329481, "mean": 0.0953461974859}, "erbbands_kurtosis": {"dmean2": 1.30637979507, "median": 0.0163263082504, "min": -1.83259296417, "dvar2": 5.55514097214, "dvar": 2.7846865654, "dmean": 0.843729019165, "max": 66.6482849121, "var": 9.68789386749, "mean": 0.555325746536}, "erbbands": {"dmean2": [0.052601415664, 0.949823379517, 1.94808924198, 3.24406838417, 3.58646082878, 2.53594255447, 5.3215546608, 8.36185741425, 8.85779380798, 12.9067869186, 23.5381965637, 24.2615604401, 38.4570198059, 31.6401519775, 28.0613117218, 34.3796768188, 24.2399520874, 30.7024478912, 24.2999191284, 23.2900123596, 20.9621448517, 20.4935741425, 18.3530807495, 15.084939003, 8.56920528412, 8.06459712982, 5.36305952072, 3.65151190758, 2.65596294403, 2.101095438, 2.03109312057, 2.020414114, 1.98005270958, 1.13363599777, 0.460900247097, 0.365287870169, 0.117864467204, 0.0173770096153, 0.00312276277691, 0.000138057221193], "median": [0.0131304841489, 0.221464768052, 0.827681183815, 1.17413759232, 1.29024982452, 1.60493946075, 2.49911117554, 5.46325826645, 5.54794025421, 5.2988448143, 11.0055789948, 11.8378381729, 17.645652771, 16.7716846466, 15.0363693237, 14.0591659546, 12.7969274521, 13.0796356201, 10.8592948914, 10.5022830963, 10.5046739578, 8.60556221008, 7.41139507294, 5.2079076767, 2.48227214813, 1.68237292767, 0.870741128922, 0.794903755188, 0.474128782749, 0.188333809376, 0.0681393891573, 0.0367255657911, 0.0152149377391, 0.00643259985372, 0.0026754506398, 0.00117418041918, 0.000250342185609, 2.72014331131e-05, 1.09548764158e-05, 1.60009949468e-05], "min": [1.65955899806e-22, 7.32311569002e-22, 2.51410399634e-21, 3.26743793854e-21, 1.48342499776e-20, 2.90718959383e-20, 8.47110236943e-20, 1.20272823622e-19, 2.25587895324e-19, 2.87252995069e-19, 3.07171168177e-19, 5.28671602203e-19, 8.63556035086e-19, 1.09311369942e-18, 1.13202210408e-18, 9.3148022958e-19, 1.33129446314e-18, 2.52360066308e-18, 2.71291624911e-18, 3.43758374796e-18, 2.8634840069e-18, 5.78523916565e-18, 5.81778169172e-18, 6.42870627288e-18, 9.04364670074e-18, 9.30695896923e-18, 9.59205173043e-18, 1.10441466163e-17, 1.47132170654e-17, 1.09882126632e-17, 1.37649975954e-17, 1.26375214692e-17, 9.93785789423e-18, 1.06802946802e-17, 6.44113218004e-18, 4.37002536821e-18, 1.90014739757e-18, 1.03129394275e-18, 2.60156936346e-19, 2.998833774e-20], "dvar2": [0.0435333251953, 12.9798173904, 33.15391922, 190.340454102, 183.284469604, 53.7731170654, 269.179077148, 476.169769287, 558.62097168, 1883.58032227, 3160.47167969, 4383.86767578, 8836.89550781, 4712.00830078, 5069.01660156, 5361.36572266, 2692.82861328, 4067.41870117, 3734.99121094, 2701.50976562, 2208.94506836, 2620.00390625, 2058.40893555, 2216.73095703, 979.86328125, 851.972290039, 369.460144043, 238.157867432, 103.163154602, 49.3422431946, 48.3623809814, 42.656955719, 49.3641777039, 14.8837509155, 2.939712286, 1.62777674198, 0.430336803198, 0.00800942536443, 0.000124775149743, 4.28141873954e-07], "dvar": [0.0241412371397, 6.25823259354, 13.3451852798, 74.6436157227, 78.8760223389, 22.3508987427, 106.203910828, 194.545623779, 238.187194824, 700.988098145, 1380.48742676, 2010.64440918, 3829.1730957, 2281.52246094, 2395.43774414, 2140.92822266, 1135.68884277, 1674.3984375, 1543.02636719, 1113.38891602, 916.727416992, 1004.7980957, 837.860595703, 852.72052002, 385.795318604, 330.748168945, 147.797622681, 101.230773926, 48.0896072388, 25.347196579, 26.971113205, 25.3529529572, 29.0232219696, 8.46150970459, 1.59147930145, 0.833581030369, 0.184786438942, 0.00367144029588, 6.93920592312e-05, 2.9851142358e-07], "dmean": [0.0362343303859, 0.606512725353, 1.2039513588, 1.98855257034, 2.33519387245, 1.63393747807, 3.29908323288, 5.39408683777, 5.78865337372, 8.003033638, 15.2450580597, 15.5906629562, 24.7339134216, 19.8260974884, 17.9562454224, 21.3996944427, 15.1908416748, 18.9181079865, 15.2332925797, 14.5425825119, 13.0552167892, 12.7226686478, 11.56894207, 9.64640045166, 5.45341110229, 5.03437423706, 3.39152932167, 2.37783479691, 1.79036390781, 1.48163437843, 1.46917045116, 1.516451478, 1.50158464909, 0.845191299915, 0.344908297062, 0.263381808996, 0.0832334458828, 0.0122753055766, 0.00222444348037, 0.000101206853287], "max": [2.72398638725, 40.3046035767, 84.7412261963, 219.558029175, 238.803222656, 166.750869751, 356.120910645, 498.829193115, 682.243103027, 800.407104492, 1129.54956055, 1492.09765625, 2236.6105957, 2636.78051758, 2184.63208008, 1631.71447754, 1232.82873535, 1380.36914062, 1767.09619141, 1009.31958008, 1309.39758301, 821.854736328, 921.199768066, 707.114013672, 514.144592285, 636.143127441, 295.031860352, 375.224578857, 188.053665161, 122.407211304, 314.484619141, 189.674850464, 186.399047852, 85.0507202148, 38.9468002319, 30.0402507782, 23.1138248444, 3.55417299271, 0.17077895999, 0.0158723387867], "var": [0.0442728511989, 8.30657100677, 18.7448711395, 91.2774734497, 120.415405273, 30.2365913391, 129.841033936, 359.348876953, 427.556060791, 906.397705078, 2669.95385742, 3626.9609375, 8306.22558594, 4806.31542969, 7303.37988281, 4621.18457031, 2540.03759766, 3310.80981445, 3032.02368164, 2608.97412109, 2746.15625, 2858.24121094, 2559.53808594, 1594.26452637, 723.325866699, 824.865356445, 294.192321777, 187.053070068, 113.469093323, 68.1616897583, 64.5772171021, 57.0907402039, 61.2830352783, 18.2034702301, 3.28665423393, 1.25194239616, 0.199473753572, 0.0048065292649, 0.000110177032184, 6.18332705926e-07], "mean": [0.0582967847586, 0.800521790981, 1.95620119572, 3.32402014732, 4.16709470749, 3.07202744484, 5.20672082901, 10.8015842438, 11.2261219025, 12.995136261, 25.4400081635, 26.8349056244, 41.4091720581, 34.2318572998, 33.9507713318, 35.7822265625, 28.0962963104, 32.3991622925, 27.0759105682, 26.6714878082, 26.8826160431, 26.0246505737, 24.4740047455, 18.1873855591, 10.0731048584, 9.58741474152, 6.20530605316, 4.33849525452, 3.33472394943, 2.52491879463, 2.36483764648, 2.18735742569, 1.99546909332, 1.13324427605, 0.461889833212, 0.306203782558, 0.0936353355646, 0.0139917442575, 0.00245910929516, 0.000139777519507]}, "spectral_strongpeak": {"dmean2": 0.866605043411, "median": 0.376005619764, "min": 0, "dvar2": 2.01470160484, "dvar": 0.769675016403, "dmean": 0.50741571188, "max": 17.7921504974, "var": 1.35929405689, "mean": 0.826122641563}, "spectral_energy": {"dmean2": 0.00869460497051, "median": 0.0114793181419, "min": 1.00513155768e-20, "dvar2": 0.000294444762403, "dvar": 0.000152181950398, "dmean": 0.00598918274045, "max": 0.190321296453, "var": 0.000430803163908, "mean": 0.0182293038815}, "average_loudness": 0.512410640717, "spectral_rolloff": {"dmean2": 760.528869629, "median": 1378.125, "min": 21.533203125, "dvar2": 2263525.25, "dvar": 1057771.125, "dmean": 471.471130371, "max": 19573.6816406, "var": 3057158, "mean": 1737.98071289}, "spectral_centroid": {"dmean2": 290.021697998, "median": 1235.55029297, "min": 151.60534668, "dvar2": 139839.015625, "dvar": 67831.1875, "dmean": 197.21774292, "max": 11570.0869141, "var": 588344.5625, "mean": 1317.90258789}, "pitch_salience": {"dmean2": 0.108645565808, "median": 0.600081682205, "min": 0.00224882410839, "dvar2": 0.00977761484683, "dvar": 0.00397206004709, "dmean": 0.0663909763098, "max": 0.988103508949, "var": 0.0136800343171, "mean": 0.581567764282}, "spectral_energyband_middle_high": {"dmean2": 0.00287078856491, "median": 0.00366260157898, "min": 1.14403178268e-21, "dvar2": 2.50047451118e-05, "dvar": 1.21283055705e-05, "dmean": 0.00194282864686, "max": 0.121056869626, "var": 5.847878856e-05, "mean": 0.00597571441904}, "spectral_contrast_coeffs": {"dmean2": [0.0736208483577, 0.0707027614117, 0.0609180592, 0.0488495565951, 0.0373384431005, 0.0405710339546], "median": [-0.683485507965, -0.76305437088, -0.783048391342, -0.79695546627, -0.776328444481, -0.747710883617], "min": [-0.977186918259, -0.996074795723, -0.995685815811, -0.987974822521, -0.984683275223, -0.964104056358], "dvar2": [0.00359423062764, 0.00315210572444, 0.002258943161, 0.00155388272833, 0.00102079450153, 0.00168431364], "dvar": [0.00134445540607, 0.00119990808889, 0.000874577264767, 0.000594297365751, 0.000438892486272, 0.000920935883187], "dmean": [0.0439368337393, 0.0431378781796, 0.0370854735374, 0.0298185907304, 0.0235861092806, 0.0280846096575], "max": [-0.310714185238, -0.42135232687, -0.467702537775, -0.480611890554, -0.546587705612, -0.518359184265], "var": [0.00490171276033, 0.00391981331632, 0.00320800766349, 0.00239088735543, 0.00253657228313, 0.00652483711019], "mean": [-0.678642630577, -0.758803367615, -0.778215646744, -0.792525112629, -0.772142469883, -0.742772161961]}, "melbands_skewness": {"dmean2": 0.861936151981, "median": 1.29655122757, "min": -3.1201338768, "dvar2": 1.84657275677, "dvar": 0.791956305504, "dmean": 0.565297305584, "max": 43.1797714233, "var": 2.22313451767, "mean": 1.59552407265}, "spectral_spread": {"dmean2": 806298.0625, "median": 2568145, "min": 325068.9375, "dvar2": 2009020891140.0, "dvar": 1152067436540.0, "dmean": 607829.5, "max": 43106236, "var": 7303077560320.0, "mean": 3180265.75}, "dissonance": {"dmean2": 0.0354006327689, "median": 0.475266158581, "min": 0, "dvar2": 0.00175927742384, "dvar": 0.0006283360417, "dmean": 0.0207712315023, "max": 0.500000238419, "var": 0.00111133151222, "mean": 0.465807884932}, "spectral_skewness": {"dmean2": 0.904946625233, "median": 1.64427828789, "min": -0.122886992991, "dvar2": 1.93393313885, "dvar": 0.881303846836, "dmean": 0.568125247955, "max": 13.2886581421, "var": 2.37250709534, "mean": 2.07812190056}, "spectral_flux": {"dmean2": 0.0271342489868, "median": 0.0531884506345, "min": 6.5095435986e-11, "dvar2": 0.00168911670335, "dvar": 0.000681674981024, "dmean": 0.016989050433, "max": 0.335627943277, "var": 0.00188541586976, "mean": 0.0641053542495}, "spectral_contrast_valleys": {"dmean2": [0.616471290588, 0.547533810139, 0.528145134449, 0.504626631737, 0.45494389534, 0.609306931496], "median": [-7.45588493347, -6.63352775574, -6.89284706116, -7.44156074524, -7.87763404846, -11.7537412643], "min": [-28.0477809906, -27.822719574, -27.5964431763, -27.7147350311, -27.5005569458, -27.4114627838], "dvar2": [0.250822067261, 0.211619779468, 0.22749876976, 0.28726747632, 0.324611693621, 0.566507637501], "dvar": [0.0943796783686, 0.0917128324509, 0.116658136249, 0.164592504501, 0.220432877541, 0.355590343475], "dmean": [0.359812259674, 0.33672901988, 0.342122077942, 0.353802353144, 0.354645341635, 0.481004804373], "max": [-5.25119018555, -4.71590185165, -4.8398566246, -4.83333683014, -4.84754180908, -7.32244110107], "var": [1.64275705814, 1.72591710091, 1.81218767166, 2.11246943474, 3.27020812035, 5.4985575676], "mean": [-7.56865930557, -6.80129575729, -7.07968044281, -7.68867874146, -8.30089664459, -12.005531311]}, "erbbands_flatness_db": {"dmean2": 0.0283489171416, "median": 0.