{"tonal": {"thpcp": [1, 0.600466191769, 0.376425921917, 0.357102453709, 0.374624550343, 0.460733920336, 0.44187182188, 0.292548030615, 0.229646846652, 0.251404166222, 0.317357301712, 0.522687137127, 0.600606381893, 0.406841039658, 0.318659543991, 0.315244734287, 0.296371519566, 0.289906442165, 0.266046583652, 0.253240972757, 0.28781363368, 0.318584084511, 0.307183384895, 0.29833906889, 0.287993401289, 0.340443998575, 0.47554141283, 0.451253652573, 0.362231373787, 0.347599565983, 0.239240184426, 0.168805539608, 0.199760600924, 0.208457931876, 0.283051937819, 0.780769646168], "hpcp": {"dmean2": [0.242616131902, 0.236872166395, 0.197888597846, 0.171327933669, 0.182387650013, 0.189794689417, 0.216383785009, 0.241104051471, 0.214467421174, 0.201251655817, 0.202305078506, 0.194201558828, 0.181066155434, 0.186950832605, 0.187491372228, 0.193098172545, 0.202701598406, 0.215197518468, 0.213938072324, 0.215020641685, 0.225182384253, 0.235548421741, 0.211095243692, 0.239410385489, 0.278103321791, 0.185954377055, 0.116606652737, 0.123545862734, 0.121435135603, 0.160655125976, 0.294277787209, 0.339698582888, 0.333249896765, 0.262306928635, 0.263278901577, 0.274951249361], "median": [0.0290075745434, 0.0266329925507, 0.0181139186025, 0.0119904726744, 0.0124263511971, 0.0220285318792, 0.0457052215934, 0.0511999875307, 0.0417439490557, 0.0145431850106, 0.0126483766362, 0.0131202591583, 0.014478364028, 0.0133161162958, 0.014912921004, 0.0207448117435, 0.0242421086878, 0.0206748265773, 0.0185252912343, 0.0165625903755, 0.0252980124205, 0.0443966984749, 0.0426255576313, 0.0263831168413, 0.0147416843101, 0.0108258612454, 0.00966000370681, 0.0147648528218, 0.0159604344517, 0.0320289768279, 0.0878686904907, 0.13047465682, 0.0830650106072, 0.0241412092, 0.0162479244173, 0.0219389647245], "min": [0, 0, 0, 0, 0, 0, 0, 0, 0, 0, 0, 0, 0, 0, 0, 0, 0, 0, 0, 0, 0, 0, 0, 0, 0, 0, 0, 0, 0, 0, 0, 0, 0, 0, 0, 0], "dvar2": [0.124431625009, 0.133472576737, 0.110800646245, 0.0943083241582, 0.101116806269, 0.0958520323038, 0.100073724985, 0.117297329009, 0.104112021625, 0.101707205176, 0.105917945504, 0.102438077331, 0.099304638803, 0.10153015703, 0.102969877422, 0.0969818085432, 0.102181121707, 0.118096925318, 0.11636916548, 0.113332845271, 0.11994946003, 0.116157561541, 0.102857008576, 0.111021660268, 0.205556586385, 0.0884209498763, 0.0497904531658, 0.0558532960713, 0.0489402599633, 0.0523798875511, 0.128701135516, 0.165577962995, 0.143069848418, 0.159611865878, 0.16783721745, 0.180619060993], "dvar": [0.0494213625789, 0.0524436309934, 0.0407912023365, 0.0345578864217, 0.036939047277, 0.0358762033284, 0.0398811288178, 0.0474060252309, 0.0384297184646, 0.0397204943001, 0.0408659428358, 0.0390093363822, 0.0370040759444, 0.0374429374933, 0.0370009951293, 0.0353784449399, 0.0388050973415, 0.0432592444122, 0.0431776754558, 0.0423499681056, 0.0444800332189, 0.0442296490073, 0.039099290967, 0.040666166693, 0.0724605917931, 0.0322165265679, 0.0191329512745, 0.0209491569549, 0.0189632792026, 0.020598506555, 0.0562208294868, 0.073877595365, 0.0617872104049, 0.0612820722163, 0.0648144558072, 0.0663656890392], "dmean": [0.139968335629, 0.135251313448, 0.111027188599, 0.0959833785892, 0.102226100862, 0.108649402857, 0.126088038087, 0.139431416988, 0.122673913836, 0.114503189921, 0.114659361541, 0.107939057052, 0.102216035128, 0.103995375335, 0.105178974569, 0.109933152795, 0.114637091756, 0.119635559618, 0.119953356683, 0.119873836637, 0.128483980894, 0.135731756687, 0.122897669673, 0.134173512459, 0.151996850967, 0.102887034416, 0.066317461431, 0.0711293965578, 0.0710602775216, 0.0939911156893, 0.178317293525, 0.20144315064, 0.193359360099, 0.154300898314, 0.148102924228, 0.152627974749], "max": [1, 1, 1, 1, 1, 1, 1, 1, 1, 1, 1, 1, 1, 1, 1, 1, 1, 1, 1, 1, 1, 1, 1, 1, 1, 1, 1, 1, 1, 1, 1, 1, 1, 1, 1, 1], "var": [0.0714317038655, 0.0698862373829, 0.0387369170785, 0.0298874154687, 0.0329558104277, 0.0416259989142, 0.0732378512621, 0.0929242968559, 0.0454235076904, 0.0485457964242, 0.0475504808128, 0.045570846647, 0.0447571277618, 0.0380469039083, 0.0328567661345, 0.0354919284582, 0.0435942746699, 0.0409382134676, 0.0391512103379, 0.0382632613182, 0.0448737181723, 0.0644573569298, 0.0606486089528, 0.0431963726878, 0.0598586164415, 0.0288265831769, 0.0181775521487, 0.0207004602998, 0.0204399172217, 0.0234916191548, 0.11507974565, 0.152922853827, 0.0769776180387, 0.0559926442802, 0.0591521263123, 0.0553495623171], "mean": [0.159787997603, 0.15324640274, 0.101459138095, 0.0796442553401, 0.0871899500489, 0.110063284636, 0.181274116039, 0.208297431469, 0.141097307205, 0.11051492393, 0.109330624342, 0.102785162628, 0.100542999804, 0.0922681167722, 0.0878269821405, 0.0998171940446, 0.110488750041, 0.106534853578, 0.103467538953, 0.099879540503, 0.118070028722, 0.164923414588, 0.156500130892, 0.125626146793, 0.120551660657, 0.082971341908, 0.0585437677801, 0.0692793503404, 0.0722956880927, 0.0981657728553, 0.270780205727, 0.346811890602, 0.20824880898, 0.130548983812, 0.12384737283, 0.129924252629]}, "tuning_equal_tempered_deviation": 0.191640257835, "chords_changes_rate": 0.0870898514986, "key_key": "C", "tuning_diatonic_strength": 0.586858272552, "key_scale": "major", "chords_number_rate": 0.00367985269986, "tuning_frequency": 434.193115234, "tuning_nontempered_energy_ratio": 0.911900043488, "chords_histogram": [13.8914442062, 32.5053672791, 9.9969329834, 0.735970556736, 0.0613308809698, 0.0306654404849, 5.6424407959, 2.14658069611, 2.48390054703, 0.245323523879, 0.735970556736, 0, 0.337319850922, 4.96780109406, 1.28794848919, 0.275988966227, 1.50260651112, 11.2235507965, 1.93192267418, 0.0306654404849, 0.0306654404849, 0.735970556736, 0.613308787346, 8.58632278442], "key_strength": 0.612918376923, "chords_key": "E", "chords_strength": {"dmean2": 0.0165677554905, "median": 0.550256371498, "min": -1, "dvar2": 0.00156627723482, "dvar": 0.000721409451216, "dmean": 0.0138834267855, "max": 0.772076249123, "var": 0.040802937001, "mean": 0.523466110229}, "chords_scale": "minor", "hpcp_entropy": {"dmean2": 1.27120840549, "median": 2.16005587578, "min": 0, "dvar2": 1.09135842323, "dvar": 0.409906744957, "dmean": 0.756711900234, "max": 4.7955532074, "var": 0.81756323576, "mean": 2.1993021965}}, "metadata": {"audio_properties": {"equal_loudness": 0, "codec": "mp3", "downmix": "mix", "sample_rate": 48000, "analysis_sample_rate": 44100, "bit_rate": 320000, "md5_encoded": "8186ad05a4d92eccce3734013d2a1e66", "length": 151.391998291, "replay_gain": -12.4496898651, "lossless": false}, "version": {"essentia_build_sha": "2d9f1f26377add8aeb1075a9c2973f962c4f09fd", "essentia": "2.1-beta2", "extractor": "music 1.0", "essentia_git_sha": "v2.1_beta2-1-ge3940c0"}, "tags": {"title": ["Swimsuits (feat. Mayer Hawthorne)"], "media": ["Digital Media"], "albumartist": ["The Cool Kids"], "musicbrainz_recordingid": ["02499b6f-421e-4e6f-8eeb-cbaa07f1c110"], "musicbrainz_albumartistid": ["fca8cdfa-120d-49ec-b1da-0ff8aa90c3ab"], "discnumber": ["1/1"], "album": ["When Fish Ride Bicycles"], "musicbrainz album release country": ["US"], "musicbrainz album type": ["album"], "musicbrainz album status": ["official"], "date": ["2011-06-22"], "file_name": "09 The Cool Kids - When Fish Ride Bicycles - Swimsuits (feat. Mayer Hawthorne).mp3", "musicbrainz_releasegroupid": ["42ab5644-31ab-4d93-a968-623e25fa38c4"], "script": ["Latn"], "originaldate": ["2011-06-22"], "musicbrainz_albumid": ["e1b98241-60d5-4895-8ee4-87f106bd8a24"], "artist": ["The Cool Kids"], "artistsort": ["Cool Kids, The feat. Hawthorne, Mayer"], "tracknumber": ["9/11"], "label": ["C.A.K.E. Recordings", "Green Label Sound"], "albumartistsort": ["Cool Kids, The"], "musicbrainz_artistid": ["fca8cdfa-120d-49ec-b1da-0ff8aa90c3ab", "029fbb43-ea37-47a0-8c68-803d69abfa5e"]}}, "rhythm": {"bpm_histogram_first_peak_bpm": {"dmean2": 0, "median": 115, "min": 115, "dvar2": 0, "dvar": 0, "dmean": 0, "max": 115, "var": 0, "mean": 115}, "bpm": 113.969215393, "bpm_histogram_second_peak_spread": {"dmean2": 0, "median": 0, "min": 0, "dvar2": 0, "dvar": 0, "dmean": 0, "max": 0, "var": 0, "mean": 0}, "bpm_histogram_first_peak_weight": {"dmean2": 0, "median": 0.508710801601, "min": 0.508710801601, "dvar2": 0, "dvar": 0, "dmean": 0, "max": 0.508710801601, "var": 0, "mean": 0.508710801601}, "onset_rate": 4.22705316544, "beats_position": [0.557278871536, 1.11455774307, 1.69505667686, 2.2523355484, 2.7863945961, 3.32045340538, 3.85451245308, 4.37696123123, 4.8994102478, 5.42185926437, 5.93269824982, 6.47836732864, 7.01242637634, 7.5464849472, 8.08054447174, 8.60299301147, 9.12544155121, 9.64789104462, 10.1819496155, 10.7043991089, 11.2384576797, 11.7725172043, 12.3065757751, 12.8174142838, 13.328253746, 13.8390922546, 14.3731517792, 14.90721035, 15.4412698746, 15.9753284454, 16.4977779388, 17.0202255249, 17.5542850494, 18.088344574, 18.6107940674, 19.1332416534, 19.6556911469, 20.1897506714, 20.7121982574, 21.246257782, 21.7803173065, 22.3027667999, 22.825214386, 23.3360538483, 23.8701133728, 24.40417099, 24.9266204834, 25.4490699768, 25.9715194702, 26.4939670563, 27.0280265808, 27.5504760742, 28.0729255676, 28.6069831848, 29.1410427094, 29.6634922028, 30.1859397888, 30.6967792511, 31.2308387756, 31.7648983002, 32.2989578247, 32.8214035034, 33.3438529968, 33.8663024902, 34.3887519836, 34.9228096008, 35.4452590942, 35.9677085876, 36.5017662048, 37.0242156982, 37.5466651917, 38.0691146851, 38.5915641785, 39.1256217957, 39.6596832275, 40.1821289063, 40.7045783997, 41.2270278931, 41.7494773865, 42.2835350037, 42.8175964355, 43.340045929, 43.8624954224, 44.3965530396, 44.919002533, 45.4414520264, 45.9638977051, 46.4863471985, 47.0204086304, 47.5544662476, 48.076915741, 48.5993652344, 49.1334228516, 49.6674804688, 50.1899299622, 50.7123794556, 51.2464370728, 51.7804985046, 52.302947998, 52.8370056152, 53.3594551086, 53.8819046021, 54.4043540955, 54.9384117126, 55.4608612061, 55.9949188232, 56.5173683167, 57.0514259338, 57.5738754272, 58.0963249207, 58.6187744141, 59.129611969, 59.6520614624, 60.1861228943, 60.708568573, 61.2310180664, 61.7650794983, 62.2875289917, 62.8099746704, 63.3440361023, 63.8664855957, 64.3889312744, 64.9229888916, 65.4454421997, 65.9678878784, 66.5019454956, 67.0360107422, 67.5700683594, 68.1041259766, 68.6149673462, 69.1258010864, 69.6482543945, 70.1707000732, 70.6931533813, 71.2039871216, 71.7264404297, 72.2604980469, 72.7829437256, 73.3286132813, 73.8626708984, 74.3851242065, 74.9075698853, 75.4300231934, 75.9524688721, 76.4865264893, 77.0205917358, 77.554649353, 78.0654830933, 78.5995483398, 79.133605957, 79.6560516357, 80.1785049438, 80.712562561, 81.2350082397, 81.7574615479, 82.2799072266, 82.8023605347, 83.3248062134, 83.8472518921, 84.3813171387, 84.9153747559, 85.4378204346, 85.9602737427, 86.4943313599, 87.0283889771, 87.5624465942, 88.0848999023, 88.6073455811, 89.1297912598, 89.6522445679, 90.1863021851, 90.7087478638, 91.2312011719, 91.7652587891, 92.2993164063, 92.8333740234, 93.3558273315, 93.8782730103, 94.4007263184, 94.9231719971, 95.4572296143, 95.9796829224, 96.5021286011, 97.0361862183, 97.5702438354, 98.0926971436, 98.6151428223, 99.1375961304, 99.6600418091, 100.194099426, 100.716552734, 101.238998413, 101.761451721, 102.2838974, 102.817955017, 103.328796387, 103.862854004, 104.396911621, 104.919364929, 105.441810608, 105.975868225, 106.498321533, 107.020767212, 107.554824829, 108.077278137, 108.599723816, 109.133781433, 109.66784668, 110.201904297, 110.735961914, 111.270019531, 111.804077148, 112.338134766, 112.860588074, 113.383033752, 113.917098999, 114.439544678, 114.961990356, 115.496055603, 116.018501282, 116.54094696, 117.063400269, 117.574241638, 118.096687317, 118.619132996, 119.153198242, 119.675643921, 120.1980896, 120.720542908, 121.242988586, 121.765441895, 122.299499512, 122.833557129, 123.367614746, 123.890068054, 124.412513733, 124.923355103, 125.445800781, 125.979858398, 126.502311707, 127.036369324, 127.558815002, 128.081268311, 128.603713989, 129.126159668, 129.660217285, 130.194290161, 130.71673584, 131.239181519, 131.761627197, 132.295684814, 132.818145752, 133.352203369, 133.886260986, 134.408706665, 134.931152344, 135.453598022, 135.98765564, 136.510116577, 137.032562256, 137.555007935, 138.077453613, 138.599899292, 139.133972168, 139.668029785, 140.202087402, 140.73614502, 141.24697876, 141.769424438, 142.291885376, 142.825942993, 143.36000061, 143.894058228, 144.335235596, 144.776412964, 145.217590332, 145.6587677, 146.099945068, 146.541137695, 146.982315063, 147.446716309, 147.911102295, 148.37550354, 148.839904785, 149.315917969, 149.791931152, 150.267929077, 150.743942261], "beats_loudness": {"dmean2": 0.0413342937827, "median": 0.0453273579478, "min": 1.37170370548e-11, "dvar2": 0.00148406578228, "dvar": 0.000525568029843, "dmean": 0.0245731696486, "max": 0.151764705777, "var": 0.00107200094499, "mean": 0.0490747950971}, "danceability": 1.04279792309, "bpm_histogram_second_peak_weight": {"dmean2": 0, "median": 0.0243902429938, "min": 0.0243902429938, "dvar2": 0, "dvar": 0, "dmean": 0, "max": 0.0243902429938, "var": 0, "mean": 0.0243902429938}, "beats_count": 288, "bpm_histogram_second_peak_bpm": {"dmean2": 0, "median": 136, "min": 136, "dvar2": 0, "dvar": 0, "dmean": 0, "max": 136, "var": 0, "mean": 136}, "bpm_histogram_first_peak_spread": {"dmean2": 0, "median": 0.453183531761, "min": 0.453183531761, "dvar2": 0, "dvar": 0, "dmean": 0, "max": 0.453183531761, "var": 0, "mean": 0.453183531761}, "beats_loudness_band_ratio": {"dmean2": [0.661878705025, 0.203271701932, 0.225350782275, 0.330865085125, 0.364414840937, 0.183133229613], "median": [0.237150043249, 0.0947368294001, 0.0742506980896, 0.100799955428, 0.0942347198725, 0.0713748857379], "min": [0, 0, 0, 0, 0, 0], "dvar2": [0.233729809523, 0.040966950357, 0.0561666674912, 0.0514854677022, 0.040986713022, 0.0395690836012], "dvar": [0.075541652739, 0.0147971408442, 0.0205199699849, 0.0152966203168, 0.0135445492342, 0.0148081099615], "dmean": [0.339788287878, 0.116762392223, 0.126407235861, 0.175283491611, 0.186605677009, 0.101435318589], "max": [0.997238397598, 0.887932419777, 0.81752383709, 0.711530923843, 0.548487603664, 0.96898829937], "var": [0.09888009727, 0.0253748260438, 0.0263906959444, 0.0199798941612, 0.0184088628739, 0.0141289830208], "mean": [0.33884164691, 0.149758696556, 0.143543064594, 0.146992236376, 0.141368657351, 0.0934254825115]}}, "lowlevel": {"barkbands_spread": {"dmean2": 11.4015283585, "median": 16.4435367584, "min": 0.235483556986, "dvar2": 242.207794189, "dvar": 121.60370636, "dmean": 7.61151790619, "max": 125.835014343, "var": 372.70111084, "mean": 21.9145545959}, "melbands_spread": {"dmean2": 15.3480024338, "median": 14.7983264923, "min": 0.264311641455, "dvar2": 848.788818359, "dvar": 393.184387207, "dmean": 10.1024646759, "max": 284.220611572, "var": 1077.33996582, "mean": 25.2757587433}, "hfc": {"dmean2": 17.5697402954, "median": 17.5093593597, "min": 1.18754773594e-16, "dvar2": 980.438476563, "dvar": 475.824005127, "dmean": 12.3263349533, "max": 284.179077148, "var": 943.995788574, "mean": 26.2599201202}, "barkbands_kurtosis": {"dmean2": 12.2218446732, "median": 3.6257584095, "min": -1.96489703655, "dvar2": 1081.89916992, "dvar": 474.494171143, "dmean": 7.92581129074, "max": 578.730102539, "var": 725.340332031, "mean": 11.485704422}, "gfcc": {"mean": [-35.0995063782, 73.8834838867, -101.550170898, 30.6149101257, -55.0278282166, 12.8852872849, -41.0771255493, 6.991522789, -21.3159713745, 9.90751838684, -13.4834432602, 4.1231007576, -9.36839199066], "icov": [[6.46616390441e-05, -0.000132315908559, 0.00011494053615, -0.000177094552782, 0.000260021915892, -0.000301311927615, 0.000251515681157, -0.000292582379188, 0.000186171324458, -0.000248756114161, 0.000201758652111, -0.000172699030372, 0.000164956305525], [-0.000132315908559, 0.000864744186401, -0.000201062634005, 0.000414280017139, -0.000997012131847, 0.00118576735258, -0.000981953693554, 0.000750312814489, -0.000454084627563, 0.000603867927566, -0.000430786138168, 0.000758091860916, -0.000535243365448], [0.00011494053615, -0.000201062634005, 0.00105841748882, -0.000769701669924, 0.000404693302698, -0.000904077431187, 0.000691519817337, -0.00106091261841, 0.000476890214486, -0.000758907932322, 0.000786041666288, -0.000577394268475, 0.000287689792458], [-0.000177094552782, 0.000414280017139, -0.000769701669924, 0.00233541755006, -0.00148509757128, 0.000680169265252, -0.00076409598114, 0.00118925154675, -0.00115399423521, 0.00153786723968, -0.00102056760807, 0.000749603612348, -0.000145892510773], [0.000260021915892, -0.000997012131847, 0.000404693302698, -0.00148509757128, 0.00435439217836, -0.00154010613915, 0.000473757216241, -0.00198753643781, 0.0004468432453, -0.000436206581071, 0.000356758042471, -0.000584208464716, -7.79751644586e-05], [-0.000301311927615, 0.00118576735258, -0.000904077431187, 0.000680169265252, -0.00154010613915, 0.00569017510861, -0.00325388158672, 0.00160473771393, -0.000883874134161, 0.00100993353408, -0.00212052441202, 0.00120461627375, -0.000351654947735], [0.000251515681157, -0.000981953693554, 0.000691519817337, -0.00076409598114, 0.000473757216241, -0.00325388158672, 0.00603481382132, -0.00317088537849, 0.000776041764766, -0.000615282100625, 3.53544533027e-06, -0.000442165270215, 0.000375666451873], [-0.000292582379188, 0.000750312814489, -0.00106091261841, 0.00118925154675, -0.00198753643781, 0.00160473771393, -0.00317088537849, 0.0100443679839, -0.00332023669034, -0.00111391360406, 0.000843256537337, -0.000282508815872, -0.000476197630633], [0.000186171324458, -0.000454084627563, 0.000476890214486, -0.00115399423521, 0.0004468432453, -0.000883874134161, 0.000776041764766, -0.00332023669034, 0.00882078148425, -0.00311635551043, -0.000519371649716, 0.000731364823878, -0.00184518226888], [-0.000248756114161, 0.000603867927566, -0.000758907932322, 0.00153786723968, -0.000436206581071, 0.00100993353408, -0.000615282100625, -0.00111391360406, -0.00311635551043, 0.0103317322209, -0.0032446407713, 0.000749353785068, 0.000215021747863], [0.000201758652111, -0.000430786138168, 0.000786041666288, -0.00102056760807, 0.000356758042471, -0.00212052441202, 3.53544533027e-06, 0.000843256537337, -0.000519371649716, -0.0032446407713, 0.00976600777358, -0.00378312799148, -0.00107530062087], [-0.000172699030372, 0.000758091860916, -0.000577394268475, 0.000749603612348, -0.000584208464716, 0.00120461627375, -0.000442165270215, -0.000282508815872, 0.000731364823878, 0.000749353785068, -0.00378312799148, 0.0115385204554, -0.00387613708153], [0.000164956305525, -0.000535243365448, 0.000287689792458, -0.000145892510773, -7.79751644586e-05, -0.000351654947735, 0.000375666451873, -0.000476197630633, -0.00184518226888, 0.000215021747863, -0.00107530062087, -0.00387613708153, 0.0117285661399]], "cov": [[35997.1289063, 1445.67590332, -1231.75268555, 288.741729736, -1228.13977051, 355.370513916, -576.921264648, 221.786880493, -361.380889893, 319.503265381, -439.955596924, -62.722240448, -500.303924561], [1445.67590332, 2489.43652344, -213.946182251, 97.7547836304, 431.249359131, -203.037857056, 228.728530884, 31.1390266418, 74.6272888184, -56.8320198059, 7.97497081757, -78.6475906372, 77.9780502319], [-1231.75268555, -213.946182251, 1624.76635742, 456.983062744, 171.301132202, 221.161407471, 71.5033950806, 149.304595947, 69.0170135498, 57.8026618958, -2.3102684021, 32.0471572876, 5.11023330688], [288.741729736, 97.7547836304, 456.983062744, 836.28112793, 287.989257813, 145.885147095, 118.885665894, 41.3393440247, 84.3809204102, -36.2177963257, 59.4129753113, -4.93521118164, 21.5077648163], [-1228.13977051, 431.249359131, 171.301132202, 287.989257813, 528.406738281, 104.72959137, 184.439620972, 89.8507537842, 93.354637146, -4.11492061615, 69.6924667358, 6.99963712692, 64.1928329468], [355.370513916, -203.037857056, 221.161407471, 145.885147095, 104.72959137, 398.071044922, 181.453582764, 60.6380691528, 49.4012527466, 36.7489471436, 81.3839950562, 17.5487651825, 11.7668437958], [-576.921264648, 228.728530884, 71.5033950806, 118.885665894, 184.439620972, 181.453582764, 363.993774414, 105.057975769, 72.966545105, 26.7351970673, 72.8017272949, 9.50011539459, 38.3542404175], [221.786880493, 31.1390266418, 149.304595947, 41.3393440247, 89.8507537842, 60.6380691528, 105.057975769, 190.54624939, 84.037902832, 61.7564163208, 15.8712558746, 15.7903347015, 20.7031593323], [-361.380889893, 74.6272888184, 69.0170135498, 84.3809204102, 93.354637146, 49.4012527466, 72.966545105, 84.037902832, 193.532287598, 66.0435333252, 55.5627212524, 10.1006240845, 48.6904830933], [319.503265381, -56.8320198059, 57.8026618958, -36.2177963257, -4.11492061615, 36.7489471436, 26.7351970673, 61.7564163208, 66.0435333252, 155.583480835, 48.6342315674, 17.8244743347, 11.657494545], [-439.955596924, 7.97497081757, -2.3102684021, 59.4129753113, 69.6924667358, 81.3839950562, 72.8017272949, 15.8712558746, 55.5627212524, 48.6342315674, 178.509918213, 56.2279815674, 51.3619232178], [-62.722240448, -78.6475906372, 32.0471572876, -4.93521118164, 6.99963712692, 17.5487651825, 9.50011539459, 15.7903347015, 10.1006240845, 17.8244743347, 56.2279815674, 123.733825684, 44.6648483276], [-500.303924561, 77.9780502319, 5.11023330688, 21.5077648163, 64.1928329468, 11.7668437958, 38.3542404175, 20.7031593323, 48.6904830933, 11.657494545, 51.3619232178, 44.6648483276, 123.30745697]]}, "spectral_energyband_middle_low": {"dmean2": 0.00953551474959, "median": 0.010799379088, "min": 1.80984520465e-22, "dvar2": 0.000193746644072, "dvar": 7.56234076107e-05, "dmean": 0.00603445945308, "max": 0.0932293981314, "var": 0.00015313916083, "mean": 0.0131502458826}, "melbands_crest": {"dmean2": 5.45172595978, "median": 16.6315345764, "min": 2.25266051292, "dvar2": 29.1329536438, "dvar": 12.6589403152, "dmean": 3.49413442612, "max": 38.3921546936, "var": 65.6187667847, "mean": 17.6285266876}, "spectral_kurtosis": {"dmean2": 2.54042482376, "median": 3.58095240593, "min": -1.38898587227, "dvar2": 13.0560884476, "dvar": 4.81423616409, "dmean": 1.58248496056, "max": 38.6057357788, "var": 13.1853027344, "mean": 4.2147898674}, "spectral_rms": {"dmean2": 0.00139393436257, "median": 0.00585800036788, "min": 3.23367482964e-12, "dvar2": 3.15094894177e-06, "dvar": 1.40803422255e-06, "dmean": 0.000931862625293, "max": 0.0130294933915, "var": 8.33985177451e-06, "mean": 0.00565118575469}, "zerocrossingrate": {"dmean2": 0.0170201100409, "median": 0.048828125, "min": 0.001953125, "dvar2": 0.000555140664801, "dvar": 0.000567431969102, "dmean": 0.0160056650639, "max": 0.8232421875, "var": 0.0114254578948, "mean": 0.0757786110044}, "silence_rate_60dB": {"dmean2": 0.0509280562401, "median": 0, "min": 0, "dvar2": 0.0523229390383, "dvar": 0.0248101949692, "dmean": 0.0254601221532, "max": 1, "var": 0.102374061942, "mean": 0.115779787302}, "erbbands_kurtosis": {"dmean2": 2.33750748634, "median": 0.000693366164342, "min": -1.88700950146, "dvar2": 21.1751079559, "dvar": 8.65833759308, "dmean": 1.46128451824, "max": 69.0122146606, "var": 11.5421514511, "mean": 0.855833947659}, "erbbands": {"dmean2": [0.273876309395, 1.79304587841, 3.51983523369, 8.5361738205, 9.61358451843, 10.4926166534, 17.3343906403, 16.0738487244, 30.7392673492, 44.2851905823, 29.5246620178, 20.3718032837, 25.7795944214, 23.6972503662, 37.5241851807, 41.4465637207, 65.397605896, 45.9890785217, 31.3424263, 38.691280365, 32.3367042542, 26.9704780579, 24.0411624908, 15.6742563248, 11.7931404114, 13.146985054, 7.75238704681, 8.79952430725, 9.04860591888, 8.86212062836, 6.83838939667, 6.01389551163, 5.30274295807, 3.89796161652, 1.57519042492, 0.475293695927, 0.112335450947, 0.0180304907262, 0.000933920498937, 5.65885202377e-05], "median": [0.0208254791796, 0.359357327223, 0.973398327827, 2.33016085625, 2.46367192268, 4.06058931351, 7.80916309357, 7.40278053284, 9.68294429779, 11.7311697006, 5.61196184158, 5.34970331192, 5.5585026741, 5.23809528351, 5.74264574051, 5.21084451675, 7.80408620834, 9.80479717255, 7.84258460999, 6.75225925446, 6.08329820633, 6.91047954559, 5.97288751602, 4.29090213776, 3.14658856392, 4.02336454391, 3.13436150551, 3.30839562416, 2.14292049408, 1.99816036224, 1.10190570354, 0.709620416164, 0.393778890371, 0.472919583321, 0.329382061958, 0.0874346792698, 0.0235022753477, 0.00332398503087, 0.000188884121599, 6.99402808095e-05], "min": [3.90373990996e-22, 6.5534074693e-21, 6.10064038672e-21, 4.21292819886e-21, 2.76684030834e-20, 1.35470832737e-19, 2.65363624711e-19, 2.32617379567e-19, 2.55299990283e-19, 3.91699333257e-19, 1.32206581584e-18, 7.15338038918e-19, 9.90853185998e-19, 1.06941942096e-18, 2.54514954522e-18, 4.3887945099e-18, 4.36412757044e-18, 4.09233918221e-18, 3.69047333394e-18, 5.28725699815e-18, 8.00173248271e-18, 7.28814858368e-18, 1.06834007434e-17, 1.31283613457e-17, 1.15682044118e-17, 1.1397010285e-17, 1.25129795018e-17, 1.47300088319e-17, 1.06667082386e-17, 1.12839950795e-17, 1.59774005043e-17, 1.51834808242e-17, 1.31607181697e-17, 1.27149000796e-17, 1.05922586748e-17, 5.68954429494e-18, 3.26819969918e-18, 1.49579587156e-18, 2.79689358945e-19, 3.5678535792e-20], "dvar2": [0.51342523098, 21.9786281586, 71.2102508545, 307.519287109, 587.220031738, 422.968170166, 1006.24615479, 830.059570313, 3448.47558594, 8113.72607422, 4234.63818359, 3073.55444336, 6243.39111328, 3433.04711914, 10341.7890625, 10615.7480469, 70083.96875, 8774.60742188, 3999.77026367, 8104.19921875, 12549.4853516, 5031.37207031, 4459.41748047, 1986.67895508, 769.724060059, 836.470947266, 247.339202881, 562.036071777, 616.882629395, 667.783813477, 384.881256104, 346.170257568, 329.53024292, 191.050949097, 23.6067962646, 2.04025006294, 0.133468404412, 0.00376858958043, 9.25050062506e-06, 1.7707520783e-08], "dvar": [0.230515941978, 8.33277320862, 25.2926616669, 124.179428101, 214.804367065, 161.553451538, 380.139190674, 381.577056885, 1523.52941895, 3356.19506836, 1912.80944824, 1437.12243652, 2782.57250977, 1705.45910645, 3889.82910156, 4117.01953125, 24796.7636719, 3833.39160156, 1769.95336914, 3278.51953125, 4879.61425781, 2057.28930664, 1870.17456055, 836.815795898, 348.584594727, 371.117980957, 118.760902405, 248.437637329, 289.24017334, 318.249969482, 185.18006897, 170.356399536, 163.275939941, 94.1542205811, 11.1840105057, 0.948037743568, 0.057782240212, 0.00176747981459, 4.22591392635e-06, 8.47487502398e-09], "dmean": [0.186097115278, 1.09695935249, 2.04012274742, 5.4544005394, 5.66769695282, 6.39388847351, 10.6510686874, 10.2622337341, 19.7003002167, 28.082403183, 19.182718277, 13.5614824295, 16.553647995, 15.6155014038, 22.5390701294, 25.1209812164, 39.1250419617, 29.3699073792, 19.9453525543, 24.3213710785, 20.6299781799, 17.5341072083, 15.8172998428, 10.551653862, 7.75662994385, 8.8303976059, 5.24029254913, 5.94761419296, 6.26088857651, 6.02826404572, 4.6712603569, 4.11678361893, 3.56076550484, 2.65903520584, 1.09434640408, 0.319693267345, 0.0754038617015, 0.0124545721337, 0.000625826476607, 3.90232235077e-05], "max": [5.99678945541, 30.4919261932, 65.0445785522, 141.270523071, 166.700378418, 195.967010498, 373.739074707, 552.528259277, 776.03302002, 909.171081543, 748.963256836, 1146.72924805, 1505.3145752, 1232.55383301, 897.465148926, 714.185119629, 2699.88208008, 1201.08483887, 844.312194824, 695.541748047, 1217.11633301, 655.842407227, 642.75579834, 592.324890137, 346.132324219, 359.312591553, 249.417755127, 565.811523438, 553.282653809, 430.512939453, 269.895874023, 341.151947021, 274.713195801, 209.319625854, 88.1128768921, 27.8899765015, 6.9424905777, 1.30135035515, 0.0612129457295, 0.00261874077842], "var": [1.498010993, 16.4388103485, 26.1231784821, 251.803253174, 223.178756714, 316.537963867, 583.479614258, 839.660095215, 2947.80297852, 4877.42138672, 3104.81030273, 2297.74707031, 6824.84960938, 3182.50512695, 3470.80102539, 4048.86425781, 16483.2109375, 6327.67626953, 2501.21679688, 4001.46484375, 4301.53759766, 2267.01489258, 2122.02124023, 1025.01098633, 530.28717041, 603.214294434, 204.09866333, 400.763916016, 582.008300781, 576.028503418, 374.538024902, 318.512756348, 276.574127197, 150.303771973, 17.8315181732, 1.52135765553, 0.0886033847928, 0.00321607966907, 7.41200756238e-06, 1.72818985789e-08], "mean": [0.840517282486, 2.57450127602, 2.96364426613, 8.23999404907, 7.80490922928, 11.6238279343, 16.0946598053, 16.3147163391, 27.5627708435, 37.0252609253, 26.0129489899, 20.5444145203, 26.0631351471, 21.1558933258, 24.4197769165, 26.2224693298, 39.343006134, 38.4067306519, 25.6246833801, 29.1667919159, 23.0519123077, 21.9030590057, 20.0472564697, 13.8385457993, 10.70271492, 12.5896291733, 7.92429208755, 9.43418216705, 9.38163852692, 8.78983402252, 7.03557920456, 6.12704372406, 4.94474649429, 3.71327280998, 1.53183329105, 0.456587672234, 0.116215869784, 0.0207141581923, 0.0010361012537, 9.84277721727e-05]}, "spectral_strongpeak": {"dmean2": 0.631972193718, "median": 0.559372723103, "min": 0, "dvar2": 1.4244146347, "dvar": 0.581381380558, "dmean": 0.386246621609, "max": 11.2953491211, "var": 0.953144311905, "mean": 0.831507205963}, "spectral_energy": {"dmean2": 0.0189716741443, "median": 0.0351740717888, "min": 1.07180700025e-20, "dvar2": 0.000752911611926, "dvar": 0.000314494594932, "dmean": 0.012171481736, "max": 0.174011901021, "var": 0.00109498819802, "mean": 0.0412827171385}, "average_loudness": 0.900611102581, "spectral_rolloff": {"dmean2": 1093.74194336, "median": 775.1953125, "min": 43.06640625, "dvar2": 4093695.25, "dvar": 2115136, "dmean": 669.5, "max": 19250.6835938, "var": 8858397, "mean": 1879.07824707}, "spectral_centroid": {"dmean2": 530.13873291, "median": 1105.04663086, "min": 165.129928589, "dvar2": 463427.125, "dvar": 252548.875, "dmean": 364.008972168, "max": 11211.3242188, "var": 924514.5625, "mean": 1379.25134277}, "pitch_salience": {"dmean2": 0.124946147203, "median": 0.528114259243, "min": 0.0332143865526, "dvar2": 0.0162506364286, "dvar": 0.00663740001619, "dmean": 0.0789600759745, "max": 0.98242354393, "var": 0.0253673680127, "mean": 0.520431041718}, "spectral_energyband_middle_high": {"dmean2": 0.0053058443591, "median": 0.00244826544076, "min": 1.48635127034e-21, "dvar2": 0.000149693776621, "dvar": 6.18541598669e-05, "dmean": 0.00352596328594, "max": 0.0797970592976, "var": 7.76556116762e-05, "mean": 0.00528781488538}, "spectral_contrast_coeffs": {"dmean2": [0.081988170743, 0.0893501192331, 0.0690370872617, 0.0578015111387, 0.0425093956292, 0.037529822439], "median": [-0.645927488804, -0.705575287342, -0.788530230522, -0.792900204659, -0.797313094139, -0.758581459522], "min": [-0.954698264599, -0.968292117119, -0.968573689461, -0.963066577911, -0.960433721542, -0.95771330595], "dvar2": [0.00504581304267, 0.00518367346376, 0.00339879537933, 0.00226798444055, 0.00127226824407, 0.00118387991097], "dvar": [0.00210647447966, 0.00226993835531, 0.00141572230496, 0.000965742161497, 0.000558347965125, 0.000532193807885], "dmean": [0.0517021641135, 0.057315684855, 0.0436822995543, 0.0365222916007, 0.0269032642245, 0.0245237238705], "max": [-0.240255847573, -0.34926995635, -0.467183500528, -0.546648919582, -0.590663611889, -0.596851110458], "var": [0.0131758181378, 0.0102783832699, 0.00557442707941, 0.00415660301223, 0.00270577683114, 0.00281083513983], "mean": [-0.634229063988, -0.701193213463, -0.780472457409, -0.787118375301, -0.793209910393, -0.76235806942]}, "melbands_skewness": {"dmean2": 1.87617075443, "median": 2.83437228203, "min": -4.95213699341, "dvar2": 6.22809886932, "dvar": 2.79528617859, "dmean": 1.23709189892, "max": 25.2220802307, "var": 8.86591339111, "mean": 3.54337596893}, "spectral_spread": {"dmean2": 1249824, "median": 4949828, "min": 1430968.25, "dvar2": 2639463186430.0, "dvar": 1431154065410.0, "dmean": 860401.5625, "max": 41054436, "var": 6000282697730.0, "mean": 5507502}, "dissonance": {"dmean2": 0.0353608392179, "median": 0.465213775635, "min": 0.222616642714, "dvar2": 0.00126635248307, "dvar": 0.000525669078343, "dmean": 0.0219473131001, "max": 0.5, "var": 0.00126909499522, "mean": 0.456930994987}, "spectral_skewness": {"dmean2": 0.407928586006, "median": 1.53032517433, "min": -0.421796053648, "dvar2": 0.199138715863, "dvar": 0.0915030762553, "dmean": 0.270137310028, "max": 4.6475892067, "var": 0.335870593786, "mean": 1.53951430321}, "spectral_flux": {"dmean2": 0.0487030483782, "median": 0.0833385437727, "min": 6.97024729601e-11, "dvar2": 0.00325116561726, "dvar": 0.00161536049563, "dmean": 0.0316111557186, "max": 0.377339154482, "var": 0.003313370049, "mean": 0.0911362990737}, "spectral_contrast_valleys": {"dmean2": [0.724834382534, 0.814756631851, 0.756784617901, 0.725414514542, 0.573543608189, 0.546867072582], "median": [-7.4008898735, -6.86040258408, -7.50649738312, -7.67753458023, -7.69625425339, -10.0346508026], "min": [-27.928527832, -27.582983017, -27.4677696228, -27.1958732605, -27.2881965637, -27.2717094421], "dvar2": [0.424845397472, 0.57802349329, 0.562912583351, 0.605274021626, 0.38011264801, 0.389904797077], "dvar": [0.194403126836, 0.268429964781, 0.273688614368, 0.291958272457, 0.207550927997, 0.250701874495], "dmean": [0.448967576027, 0.518341124058, 0.489588588476, 0.488057792187, 0.405151098967, 0.431340873241], "max": [-4.9036397934, -4.89434194565, -5.36264467239, -5.2057557106, -5.27005004883, -7.23218584061], "var": [4.75129079819, 3.82888364792, 3.66187167168, 3.59035778046, 3.25767111778, 3.47210645676], "mean": [-7.89433813095, -7.29602956772, -7.89788770676, -8.02024078369, -8.01690673828, -10.3392601013]}, "erbbands_flatness_db": {"dmean2": 0.0325862579048, "median": 0.144767820835, "min": 0.0372812077403, "dvar2": 0.00105393060949, "dvar": 0.000452332635177, "dmean": 0.0213400851935, "max": 0.350341975689, "var": 0.00187506654765, "mean": 0.148744150996}, "spectral_energyband_high": {"dmean2": 0.00116548570804, "median": 0.00045213859994, "min": 7.91565398083e-21, "dvar2": 6.90637125444e-06, "dvar": 3.80626988772e-06, "dmean": 0.000839632644784, "max": 0.030607689172, "var": 8.80496463651e-06, "mean": 0.00150736863725}, "spectral_entropy": {"dmean2": 0.289018899202, "median": 7.61407184601, "min": 5.45256900787, "dvar2": 0.0867754295468, "dvar": 0.0480202808976, "dmean": 0.204690754414, "max": 9.80002784729, "var": 0.236714482307, "mean": 7.64047384262}, "silence_rate_20dB": {"dmean2": 0, "median": 1, "min": 1, "dvar2": 0, "dvar": 0, "dmean": 0, "max": 1, "var": 0, "mean": 1}, "melbands_flatness_db": {"dmean2": 0.0465577878058, "median": 0.221173927188, "min": 0.00428793719038, "dvar2": 0.00244719372131, "dvar": 0.00129217852373, "dmean": 0.0333952754736, "max": 0.564403414726, "var": 0.00875666551292, "mean": 0.22197021544}, "barkbands": {"dmean2": [0.000456857465906, 0.00790146086365, 0.00351420417428, 0.00341277150437, 0.00303589180112, 0.00215683015995, 0.00279672490433, 0.00151671376079, 0.000966968946159, 0.000867108232342, 0.000695001683198, 0.00113267474808, 0.00139843579382, 0.000773518288042, 0.000663371174596, 0.000674837618135, 0.00047568581067, 0.00043838689453, 0.000257389852777, 0.000258019630564, 0.000196848079213, 0.000250601267908, 0.000261567649432, 0.000294498895528, 0.000275327911368, 7.47070516809e-05, 7.21499236533e-06], "median": [1.78380996658e-05, 0.00154647941235, 0.000770379672758, 0.000644710962661, 0.00120864971541, 0.000930478039663, 0.000796333246399, 0.00021943936008, 0.000217558874283, 0.00016897066962, 0.000118348223623, 0.00010320511501, 0.000157317539561, 0.000173759894096, 0.000132013650727, 9.61437399383e-05, 0.000117383453471, 0.000100430326711, 6.00461826252e-05, 7.95932137407e-05, 8.07039905339e-05, 6.02970976615e-05, 5.12143742526e-05, 2.88941319013e-05, 4.930355135e-05, 1.56918176799e-05, 1.02597721252e-06], "min": [1.57646249261e-24, 2.38327075257e-23, 4.4189715005e-25, 1.73370189672e-24, 4.18141023958e-23, 2.6952322662e-23, 1.84918162748e-23, 4.68470539037e-23, 3.54548895349e-23, 2.8426441792e-23, 5.21924669054e-23, 1.02983191091e-22, 8.13170379767e-23, 8.87595998296e-23, 1.24021783267e-22, 1.14019582347e-22, 1.42971597984e-22, 1.91407001232e-22, 2.89702919664e-22, 2.1211058627e-22, 4.3283684629e-22, 3.21388773789e-22, 5.24854378549e-22, 7.30786858645e-22, 1.35065487579e-21, 1.65310248078e-21, 2.47935170735e-21], "dvar2": [8.71960367022e-07, 0.000409725500504, 6.01915562584e-05, 5.47575145902e-05, 3.68330984202e-05, 1.31232436615e-05, 2.84729740088e-05, 1.0694437151e-05, 6.59463921693e-06, 4.69930637337e-06, 2.55427084994e-06, 9.48682190938e-06, 2.87213788397e-05, 2.48800415648e-06, 1.81220968898e-06, 5.29854332854e-06, 1.40184647535e-06, 1.45734838952e-06, 4.47023182915e-07, 2.79511880308e-07, 2.32186650351e-07, 4.44210797923e-07, 5.79528261824e-07, 8.65545302986e-07, 8.27004100756e-07, 5.40540980865e-08, 5.61248103548e-10], "dvar": [3.48819838791e-07, 0.000168443060829, 2.18530803977e-05, 2.26769661822e-05, 1.3536689039e-05, 5.48494381292e-06, 1.19618553072e-05, 4.79291793454e-06, 2.92074878416e-06, 2.13802377402e-06, 1.08746826299e-06, 3.57903559234e-06, 1.02059257188e-05, 1.14474823931e-06, 7.59234751513e-07, 2.03136482924e-06, 5.82556992867e-07, 6.14309954017e-07, 1.89977882314e-07, 1.30275680021e-07, 1.02973203298e-07, 2.10699752756e-07, 2.77151343653e-07, 4.43400665517e-07, 4.10649050764e-07, 2.46239615365e-08, 2.51918985672e-10], "dmean": [0.000286481430521, 0.00500402413309, 0.00208251387812, 0.00214587966911, 0.00181901501492, 0.00135110283736, 0.00178495491855, 0.000974032795057, 0.000639318546746, 0.000561323133297, 0.000424583966378, 0.000678234675433, 0.000837017199956, 0.000499837449752, 0.000417240633396, 0.000419328658609, 0.00030971202068, 0.000285101938061, 0.000167452235473, 0.000173610169441, 0.000132072716951, 0.000174266562681, 0.000179695169209, 0.000200286944164, 0.000190607475815, 5.04031122546e-05, 4.7735102271e-06], "max": [0.00810379907489, 0.14127522707, 0.0629171878099, 0.0542777776718, 0.0480305291712, 0.0438990965486, 0.0646928474307, 0.0335671752691, 0.0395978353918, 0.0342276766896, 0.0277747474611, 0.0216269604862, 0.0542034804821, 0.0247881859541, 0.0117981135845, 0.0233287308365, 0.0116863921285, 0.0119688510895, 0.00788799114525, 0.00636511994526, 0.0102911479771, 0.0125700933859, 0.0106318872422, 0.0133599974215, 0.0150058809668, 0.00495800329372, 0.000460221781395], "var": [2.87896591544e-06, 0.000649595982395, 2.53261569014e-05, 4.20102951466e-05, 1.99905007321e-05, 1.14466201921e-05, 2.0312216293e-05, 7.29856174075e-06, 4.65057655674e-06, 4.7937310228e-06, 1.38082089052e-06, 3.08417997985e-06, 6.9489587986e-06, 2.07385596696e-06, 1.05398748929e-06, 1.72515149188e-06, 6.73599060974e-07, 6.87654392095e-07, 2.48908889944e-07, 2.32062831174e-07, 1.6051379248e-07, 4.20557825009e-07, 5.33429385996e-07, 8.31058457607e-07, 6.75312321619e-07, 3.95352586224e-08, 4.54335347122e-10], "mean": [0.00118082959671, 0.0174854677171, 0.00284904194996, 0.0030526376795, 0.00301689631306, 0.00213068397716, 0.00243239360861, 0.0012141733896, 0.000929269182961, 0.000800228386652, 0.000485022028442, 0.000651720794849, 0.000830199802294, 0.000683328544255, 0.000515208696015, 0.000436742266174, 0.000382152735256, 0.000349916052073, 0.000219792622374, 0.000251014105743, 0.000207262230106, 0.000259627879132, 0.00026829590206, 0.000294980040053, 0.000271639408311, 7.66915181885e-05, 7.52475853005e-06]}, "erbbands_skewness": {"dmean2": 0.786772310734, "median": 0.401521682739, "min": -7.11300134659, "dvar2": 0.686476767063, "dvar": 0.33102363348, "dmean": 0.526379823685, "max": 3.86627554893, "var": 0.944106221199, "mean": 0.334240049124}, "erbbands_spread": {"dmean2": 20.2209854126, "median": 39.0198783875, "min": 3.31416702271, "dvar2": 651.547119141, "dvar": 270.109008789, "dmean": 12.9694290161, "max": 207.748306274, "var": 632.69128418, "mean": 44.0334320068}, "melbands_kurtosis": {"dmean2": 30.410697937, "median": 11.3325414658, "min": -1.89647305012, "dvar2": 5401.81640625, "dvar": 2214.56640625, "dmean": 19.5042133331, "max": 846.039367676, "var": 3639.06640625, "mean": 30.8496780396}, "melbands": {"dmean2": [0.00232293829322, 0.00191279943101, 0.00