{"metadata": {"tags": {"album": ["Always"], "tracknumber": ["1"], "genre": ["Pop"], "artist": ["Roberta Flack"], "date": ["1991"], "discnumber": ["1"], "title": ["The Waiting Game"], "file_name": "2179727.mp3", "musicbrainz_recordingid": ["024ddaa5-68fc-4b74-b43e-e2664242a733"], "length": ["279"]}, "audio_properties": {"sample_rate": 44100, "downmix": "mix", "lossless": false, "analysis_sample_rate": 44100, "md5_encoded": "afc6e6e01668dacd828c71209074f5aa", "equal_loudness": 0, "replay_gain": -10.2716217041, "codec": "mp3", "bit_rate": 256024, "length": 279.118377686}, "version": {"extractor": "music 1.0", "essentia_build_sha": "70f2e5ece6736b2c40cc944ad0e695b16b925413", "essentia_git_sha": "v2.1_beta2", "essentia": "2.1-beta2"}}, "rhythm": {"beats_loudness_band_ratio": {"dvar2": [0.220344647765, 0.0490935072303, 0.0439791455865, 0.0263561010361, 0.00956870894879, 0.0412261746824], "var": [0.0898455306888, 0.02106176503, 0.0239407122135, 0.0098010674119, 0.00333453179337, 0.0150161534548], "min": [0.000263280409854, 0.000130551314214, 0.00110604567453, 0.000769185018726, 0.000428302417276, 0.00668046809733], "dmean": [0.392062276602, 0.178745031357, 0.173972055316, 0.0887664705515, 0.0511157512665, 0.155489474535], "mean": [0.312583446503, 0.206793680787, 0.203542172909, 0.107688583434, 0.0545348152518, 0.16098856926], "max": [0.964282095432, 0.76220369339, 0.712319672108, 0.625338971615, 0.541580557823, 0.634048640728], "dmean2": [0.749354362488, 0.330406755209, 0.309228122234, 0.155853420496, 0.0876720100641, 0.294219791889], "median": [0.221728101373, 0.187733456492, 0.172666028142, 0.0787818282843, 0.0418234243989, 0.147091418505], "dvar": [0.0811996608973, 0.015712024644, 0.0156854782254, 0.00912546459585, 0.00327564077452, 0.0125450827181]}, "bpm_histogram_first_peak_weight": {"dvar2": 0, "var": 0, "min": 0.976525783539, "dmean": 0, "mean": 0.976525783539, "max": 0.976525783539, "dmean2": 0, "median": 0.976525783539, "dvar": 0}, "bpm": 92.1103286743, "beats_count": 427, "bpm_histogram_first_peak_spread": {"dvar2": 0, "var": 0, "min": 0.0142180323601, "dmean": 0, "mean": 0.0142180323601, "max": 0.0142180323601, "dmean2": 0, "median": 0.0142180323601, "dvar": 0}, "danceability": 1.29458069801, "bpm_histogram_first_peak_bpm": {"dvar2": 0, "var": 0, "min": 92, "dmean": 0, "mean": 92, "max": 92, "dmean2": 0, "median": 92, "dvar": 0}, "beats_position": [0.650158703327, 1.30031740665, 1.95047616959, 2.61224484444, 3.26240348816, 3.92417216301, 4.60916090012, 5.30575942993, 6.00235795975, 6.71056699753, 7.39555549622, 8.10376358032, 8.77714252472, 9.43891143799, 10.0890703201, 10.7508392334, 11.4009971619, 12.051156044, 12.7013149261, 13.3514738083, 14.0016326904, 14.6517915726, 15.301949501, 15.9521083832, 16.602268219, 17.2524261475, 17.9025840759, 18.5527439117, 19.2029018402, 19.853061676, 20.5032196045, 21.153377533, 21.8035373688, 22.4536952972, 23.1038551331, 23.7540130615, 24.40417099, 25.0543308258, 25.7044887543, 26.3546485901, 27.0048065186, 27.6665763855, 28.316734314, 28.9668922424, 29.6286621094, 30.2788200378, 30.9289798737, 31.5791378021, 32.2292976379, 32.8794555664, 33.5296134949, 34.1797714233, 34.8299331665, 35.480091095, 36.1302490234, 36.7804069519, 37.4305648804, 38.0807266235, 38.730884552, 39.3810424805, 40.0312004089, 40.6813583374, 41.3315200806, 41.981678009, 42.6318359375, 43.281993866, 43.9321517944, 44.5823135376, 45.2324714661, 45.894241333, 46.5443992615, 47.2061653137, 47.8563270569, 48.5064849854, 49.1566429138, 49.8068008423, 50.4569587708, 51.1071205139, 51.7572784424, 52.4074363708, 53.0575942993, 53.7077522278, 54.3579139709, 55.0080718994, 55.6582298279, 56.3083877563, 56.9585494995, 57.608707428, 58.2588653564, 58.9090232849, 59.5591812134, 60.2093429565, 60.859500885, 61.5096588135, 62.1598167419, 62.8099746704, 63.4601364136, 64.1102905273, 64.7604522705, 65.4106140137, 66.0723800659, 66.7341461182, 67.3843078613, 68.0344696045, 68.6846237183, 69.3347854614, 69.9849395752, 70.6351013184, 71.2852630615, 71.9354171753, 72.5855789185, 73.2357330322, 73.8858947754, 74.5360565186, 75.1862106323, 75.8363723755, 76.4865264893, 77.1366882324, 77.7868499756, 78.4370040894, 79.0871658325, 79.7373199463, 80.3874816895, 81.0376434326, 81.6877975464, 82.3379592896, 82.9881134033, 83.6382751465, 84.2884368896, 84.9502029419, 85.6119689941, 86.2621307373, 86.9122848511, 87.5624465942, 88.2126083374, 88.8627624512, 89.5129241943, 90.1630859375, 90.8132400513, 91.4634017944, 92.1135559082, 92.7637176514, 93.4138793945, 94.0640335083, 94.7141952515, 95.3643493652, 96.0145111084, 96.6646728516, 97.3148269653, 97.9649887085, 98.6151428223, 99.2653045654, 99.9154663086, 100.565620422, 101.215782166, 101.865936279, 102.516098022, 103.177864075, 103.839637756, 104.48979187, 105.139953613, 105.790107727, 106.44026947, 107.090431213, 107.740585327, 108.39074707, 109.040908813, 109.691062927, 110.34122467, 110.991378784, 111.641540527, 112.291702271, 112.941856384, 113.592018127, 114.242172241, 114.892333984, 115.542495728, 116.192649841, 116.842811584, 117.492965698, 118.143127441, 118.793289185, 119.443443298, 120.093605042, 120.743759155, 121.393920898, 122.044082642, 122.694236755, 123.356010437, 124.006164551, 124.667930603, 125.318092346, 125.968254089, 126.618408203, 127.268569946, 127.91872406, 128.568893433, 129.219039917, 129.86920166, 130.519363403, 131.169525146, 131.81968689, 132.469833374, 133.119995117, 133.77015686, 134.420318604, 135.070480347, 135.720626831, 136.370788574, 137.020950317, 137.671112061, 138.321273804, 138.971420288, 139.621582031, 140.271743774, 140.921905518, 141.572067261, 142.222213745, 142.872375488, 143.522537231, 144.172698975, 144.834457397, 145.496231079, 146.146392822, 146.796554565, 147.446716309, 148.096862793, 148.747024536, 149.397186279, 150.047348022, 150.697509766, 151.34765625, 151.997817993, 152.647979736, 153.298141479, 153.948303223, 154.598449707, 155.24861145, 155.898773193, 156.548934937, 157.19909668, 157.849243164, 158.499404907, 159.14956665, 159.799728394, 160.449890137, 161.100036621, 161.750198364, 162.400360107, 163.050521851, 163.700683594, 164.350830078, 165.01260376, 165.674377441, 166.324539185, 166.974685669, 167.624847412, 168.275009155, 168.925170898, 169.575332642, 170.225479126, 170.875640869, 171.525802612, 172.175964355, 172.826126099, 173.476272583, 174.126434326, 174.776596069, 175.426757812, 176.076919556, 176.72706604, 177.377227783, 178.027389526, 178.67755127, 179.327713013, 179.977859497, 180.62802124, 181.278182983, 181.928344727, 182.57850647, 183.228652954, 183.878814697, 184.52897644, 185.179138184, 185.829299927, 186.479446411, 187.129608154, 187.791381836, 188.453155518, 189.103302002, 189.753463745, 190.403625488, 191.053787231, 191.703948975, 192.354095459, 193.004257202, 193.654418945, 194.304580688, 194.954742432, 195.604888916, 196.255050659, 196.905212402, 197.555374146, 198.205535889, 198.855682373, 199.505844116, 200.156005859, 200.806167603, 201.456329346, 202.10647583, 202.756637573, 203.406799316, 204.05696106, 204.707122803, 205.357269287, 206.00743103, 206.657592773, 207.307754517, 207.95791626, 208.608062744, 209.269836426, 209.931610107, 210.581771851, 211.231918335, 211.882080078, 212.532241821, 213.182403564, 213.832565308, 214.482711792, 215.132873535, 215.783035278, 216.433197021, 217.083358765, 217.733505249, 218.383666992, 219.033828735, 219.683990479, 220.334152222, 220.984298706, 221.634460449, 222.284622192, 222.934783936, 223.584945679, 224.235092163, 224.885253906, 225.535415649, 226.185577393, 226.835739136, 227.48588562, 228.136047363, 228.786209106, 229.43637085, 230.098129272, 230.748291016, 231.410064697, 232.06022644, 232.710388184, 233.360534668, 234.010696411, 234.660858154, 235.311019897, 235.961181641, 236.611328125, 237.261489868, 237.911651611, 238.561813354, 239.211975098, 239.862121582, 240.512283325, 241.162445068, 241.812606812, 242.462768555, 243.112915039, 243.763076782, 244.413238525, 245.063400269, 245.713562012, 246.363708496, 247.013870239, 247.664031982, 248.314193726, 248.964355469, 249.614501953, 250.264663696, 250.914825439, 251.564987183, 252.215148926, 252.876907349, 253.53868103, 254.188842773, 254.839004517, 255.489151001, 256.139312744, 256.789459229, 257.43963623, 258.089782715, 258.739959717, 259.390106201, 260.040252686, 260.690429688, 261.340576172, 261.990753174, 262.640899658, 263.291046143, 263.941223145, 264.591369629, 265.241546631, 265.891693115, 266.5418396, 267.192016602, 267.842163086, 268.492340088, 269.142486572, 269.792633057, 270.442810059, 271.092956543, 271.743133545, 272.393280029, 273.043426514, 273.705200195, 274.366973877, 275.017150879, 275.667297363, 276.329071045, 277.002441406, 277.687438965, 278.360809326], "beats_loudness": {"dvar2": 0.00314258760773, "var": 0.00145450769924, "min": 7.58697715764e-10, "dmean": 0.0400762110949, "mean": 0.0491403453052, "max": 0.154974833131, "dmean2": 0.065693244338, "median": 0.039379991591, "dvar": 0.00119820400141}, "bpm_histogram_second_peak_weight": {"dvar2": 0, "var": 0, "min": 0.00938967149705, "dmean": 0, "mean": 0.00938967149705, "max": 0.00938967149705, "dmean2": 0, "median": 0.00938967149705, "dvar": 0}, "bpm_histogram_second_peak_spread": {"dvar2": 0, "var": 0, "min": 0, "dmean": 0, "mean": 0, "max": 0, "dmean2": 0, "median": 0, "dvar": 0}, "bpm_histogram_second_peak_bpm": {"dvar2": 0, "var": 0, "min": 85, "dmean": 0, "mean": 85, "max": 85, "dmean2": 0, "median": 85, "dvar": 0}, "onset_rate": 5.7892370224}, "lowlevel": {"spectral_energyband_high": {"dvar2": 2.87364709948e-05, "var": 1.10265855255e-05, "min": 6.96279603734e-21, "dmean": 0.00186559325084, "mean": 0.00199002050795, "max": 0.0227512791753, "dmean2": 0.002972710412, "median": 0.000783662253525, "dvar": 1.14308686534e-05}, "spectral_energyband_middle_low": {"dvar2": 0.000263387802988, "var": 0.000133513545734, "min": 1.6840988831e-22, "dmean": 0.00535938236862, "mean": 0.0101555781439, "max": 0.119257949293, "dmean2": 0.00872907880694, "median": 0.00679683825001, "dvar": 9.85127189779e-05}, "spectral_energy": {"dvar2": 0.00100050959736, "var": 0.000715121685062, "min": 9.78766306565e-21, "dmean": 0.012445082888, "mean": 0.0240004453808, "max": 0.246393039823, "dmean2": 0.0185020510107, "median": 0.0155240725726, "dvar": 0.000448101432994}, "spectral_spread": {"dvar2": 3149056442370.0, "var": 7066375684100.0, "min": 2074118.625, "dmean": 1179262.5, "mean": 6647627.5, "max": 45677732, "dmean2": 1534139.875, "median": 6285239, "dvar": 1702439813120.0}, "spectral_energyband_low": {"dvar2": 0.000557724619284, "var": 0.000307382288156, "min": 2.2391111553e-23, "dmean": 0.00637753587216, "mean": 0.00750268530101, "max": 0.192593470216, "dmean2": 0.00952419545501, "median": 0.00144302472472, "dvar": 0.000259702064795}, "spectral_rolloff": {"dvar2": 12265830, "var": 9220861, "min": 21.533203125, "dmean": 1507.18994141, "mean": 2592.49633789, "max": 19466.015625, "dmean2": 2513.21191406, "median": 1356.59179688, "dvar": 5793094}, "barkbands": {"dvar2": [4.44176635028e-07, 0.000456649373518, 6.82482495904e-05, 1.71914580278e-05, 2.91749383905e-05, 0.000102108991996, 9.9718608908e-06, 1.05662538772e-05, 1.56370642799e-05, 4.30178897659e-06, 5.10388872499e-06, 6.17346040599e-06, 2.39889163822e-06, 1.06778236386e-06, 9.78972252597e-07, 3.29844425551e-07, 1.60950094141e-07, 1.29077136535e-07, 2.53365442404e-07, 4.31225942066e-07, 9.03618854409e-07, 6.52788173738e-07, 9.41482994676e-07, 1.94268795894e-06, 6.3676333184e-07, 8.16945714632e-07, 1.11651630164e-07], "var": [3.24885320424e-07, 0.000216282976908, 1.52966313181e-05, 4.44920624432e-06, 9.65128401731e-06, 3.22605446854e-05, 6.46624948786e-06, 8.59024839883e-06, 1.55826455739e-05, 4.79125174024e-06, 6.27995450486e-06, 5.33288539373e-06, 2.30849650507e-06, 9.35790239964e-07, 7.71542943312e-07, 2.49215389658e-07, 1.14932966255e-07, 1.10781606111e-07, 1.80133824301e-07, 2.50753060982e-07, 2.85553511503e-07, 1.81706482749e-07, 2.70235176458e-07, 5.63920025343e-07, 2.92655187195e-07, 3.61646300462e-07, 3.74891584443e-08], "min": [1.12220167351e-24, 1.04784993575e-23, 3.28551140137e-24, 7.35159987959e-25, 9.99540567229e-24, 1.1113998603e-23, 1.21772095538e-23, 1.39531444996e-23, 1.06907163516e-23, 3.63872442388e-23, 2.58522308861e-23, 3.65848949164e-23, 3.72966714894e-23, 3.45947313811e-23, 7.21257671345e-23, 7.73644346339e-23, 8.52822630941e-23, 1.37010548466e-22, 1.10130725276e-22, 2.21556570832e-22, 2.71983513389e-22, 3.50483301881e-22, 4.3193115824e-22, 6.52854216967e-22, 9.02335100693e-22, 1.41702874883e-21, 2.1026814041e-21], "dmean": [0.000156393725774, 0.00525998789817, 0.00157077540644, 0.00086889276281, 0.00151080056094, 0.00205032085069, 0.00086564180674, 0.000842193723656, 0.00106523511931, 0.000514210027177, 0.000512116763275, 0.000500991358422, 0.000385089137126, 0.000255062099313, 0.000260946108028, 0.000149831175804, 0.000115406932309, 0.000122199009638, 0.000160313255037, 0.00022306239407, 0.000259008840658, 0.000227514261496, 0.000289862218779, 0.000371214642655, 0.000253505422734, 0.000329680857249, 0.000106487888843], "mean": [0.000235567160416, 0.00546337803826, 0.00140405178536, 0.000913296826184, 0.00217689550482, 0.00258383271284, 0.00117601978127, 0.00134402501862, 0.00185402785428, 0.000830613425933, 0.000885328568984, 0.000747484620661, 0.000616994337179, 0.00037397784763, 0.00040895192069, 0.000233121172641, 0.000186411241884, 0.000193363201106, 0.000245046539931, 0.000333746196702, 0.000311713141855, 0.000233382917941, 0.000280486157862, 0.000331068993546, 0.000254940445302, 0.000301791267702, 8.09568227851e-05], "max": [0.00866546388716, 0.146978735924, 0.0848378241062, 0.0538423806429, 0.0531908459961, 0.102593041956, 0.0656540393829, 0.0542503148317, 0.0817185044289, 0.0445845350623, 0.0445035398006, 0.0632609128952, 0.0209044311196, 0.0230622142553, 0.0180288683623, 0.00934059079736, 0.00951005890965, 0.00760349771008, 0.00623287120834, 0.00513707008213, 0.00646912213415, 0.00437450222671, 0.00483688991517, 0.00728035485372, 0.00448415894061, 0.00427929824218, 0.0018465424655], "dmean2": [0.000224913092097, 0.00822592433542, 0.00281655765139, 0.00151347648352, 0.00259157945402, 0.00343409646302, 0.00136464799289, 0.0013043055078, 0.00163009285461, 0.000786535092629, 0.000783094088547, 0.00078529806342, 0.000606823537964, 0.000403573503718, 0.000414079549955, 0.000237338157604, 0.000188167017768, 0.000197291388758, 0.000260402623098, 0.000361646118108, 0.000438234652393, 0.000382555590477, 0.000485255353851, 0.00061088136863, 0.000394215312554, 0.000506693439092, 0.000176247209311], "median": [1.12416273623e-05, 0.000381770543754, 0.000282723660348, 0.000193438027054, 0.00122254027519, 0.000827892275993, 0.000345146749169, 0.000329602713464, 0.00044923031237, 0.000170050479937, 0.000161344432854, 0.000164090160979, 0.000127913779579, 9.42513142945e-05, 0.000121754703287, 8.38982014102e-05, 8.14600498416e-05, 7.70499391365e-05, 8.91200033948e-05, 0.000145795871504, 0.000120246542792, 8.52495577419e-05, 9.36384458328e-05, 8.05352756288e-05, 6.35042088106e-05, 5.46642368136e-05, 4.93967218063e-06], "dvar": [1.82968904028e-07, 0.000206364085898, 2.37714593823e-05, 6.07325591773e-06, 1.02810417957e-05, 3.70696543541e-05, 4.08318555856e-06, 4.37035032519e-06, 6.7485289037e-06, 1.97611848307e-06, 2.22161543206e-06, 2.69413635579e-06, 1.00707086403e-06, 4.67106701763e-07, 4.02437990488e-07, 1.39760672369e-07, 6.64780159809e-08, 5.27948316176e-08, 1.00404818681e-07, 1.70765275698e-07, 3.27747869733e-07, 2.36177029933e-07, 3.48117396243e-07, 7.29114844944e-07, 2.7329994623e-07, 3.48416534734e-07, 4.48968613398e-08]}, "melbands_skewness": {"dvar2": 2.60178613663, "var": 3.6936044693, "min": -2.77094197273, "dmean": 0.94174093008, "mean": 2.69968962669, "max": 21.2955760956, "dmean2": 1.38688087463, "median": 2.33433675766, "dvar": 1.28589487076}, "barkbands_skewness": {"dvar2": 1.17227518559, "var": 1.52361404896, "min": -6.52638721466, "dmean": 0.672337591648, "mean": 1.4742808342, "max": 10.8125896454, "dmean2": 1.01594913006, "median": 1.318541646, "dvar": 0.543157637119}, "erbbands": {"dvar2": [0.393558949232, 27.0099544525, 105.097465515, 112.953819275, 441.478271484, 264.091308594, 435.987945557, 13021.5625, 6253.54394531, 1883.39379883, 7481.62548828, 9208.1640625, 3248.58105469, 6208.40820312, 7984.68066406, 7430.02783203, 5068.65917969, 3613.95019531, 2879.47216797, 1558.92907715, 697.569702148, 461.272888184, 225.948364258, 1104.77709961, 407.668395996, 1022.0123291, 2415.60864258, 559.922363281, 473.743774414, 1715.92944336, 689.340820312, 403.430908203, 749.591430664, 61.559589386, 45.9530410767, 9.3999042511, 3.94657850266, 0.276234477758, 0.00480047008023, 3.18970978697e-06], "var": [0.194852918386, 11.0995502472, 25.407289505, 29.0037307739, 107.322280884, 110.566360474, 417.791625977, 3600.19775391, 2158.2890625, 2008.33959961, 5837.5078125, 8603.61523438, 3443.15649414, 7494.56591797, 9375.90136719, 5469.13867188, 4851.28271484, 3503.96508789, 2151.95605469, 1510.55151367, 573.042175293, 304.664001465, 236.500183105, 468.645812988, 462.043579102, 616.792419434, 800.501586914, 210.659866333, 165.739807129, 383.145904541, 209.547225952, 130.271453857, 209.898712158, 27.4170742035, 18.9683189392, 4.55352067947, 1.65340042114, 0.111826837063, 0.00152078550309, 9.70137989498e-07], "min": [1.86553386207e-22, 7.88836368491e-22, 3.04451983165e-21, 3.65986506311e-21, 1.29320641485e-20, 3.28444857664e-20, 6.23843655987e-20, 9.74712863069e-20, 1.39131210345e-19, 3.15813913108e-19, 2.90673671245e-19, 3.53932386138e-19, 6.73901511806e-19, 9.56759903076e-19, 1.13778838013e-18, 1.66227217369e-18, 1.84258968901e-18, 2.5416305121e-18, 2.30428116829e-18, 5.36668536211e-18, 6.07907605311e-18, 5.87672285986e-18, 7.61252580653e-18, 7.69031304416e-18, 7.80007908426e-18, 1.14485659711e-17, 7.42385666216e-18, 7.07613143934e-18, 1.21543851257e-17, 1.19667987607e-17, 1.1826953952e-17, 1.12729133408e-17, 1.22127170753e-17, 9.37750341341e-18, 6.54542683398e-18, 4.62129471416e-18, 2.55312294594e-18, 1.03719391186e-18, 2.58174701405e-19, 2.95521453698e-20], "dmean": [0.164294749498, 1.18712770939, 1.95128631592, 2.19545054436, 4.30486631393, 5.25707244873, 7.68070650101, 20.468963623, 15.9039592743, 11.6842136383, 20.950170517, 23.6231117249, 15.5178871155, 20.3366355896, 21.4574832916, 17.8941020966, 16.9303417206, 14.4942598343, 12.4887866974, 10.6752099991, 7.35402965546, 6.14095401764, 5.55537319183, 8.62153625488, 7.43325328827, 10.510966301, 13.5722837448, 7.53933238983, 6.89558029175, 10.0161590576, 8.22462558746, 5.9353685379, 6.86781358719, 2.46382713318, 2.14486026764, 1.04753339291, 0.702334940434, 0.187545225024, 0.0212815087289, 0.000532761274371], "mean": [0.175919607282, 1.14183783531, 1.75002288818, 2.40919089317, 4.72207307816, 7.69576931, 13.0017719269, 23.4055404663, 18.5055198669, 19.2221240997, 35.3000602722, 41.9583015442, 26.432800293, 36.2418785095, 38.8270454407, 28.4967041016, 28.5569381714, 23.5006160736, 19.7726593018, 18.2933807373, 12.3282613754, 10.2175168991, 9.79209518433, 11.9019079208, 13.1274747849, 16.4653606415, 16.2322940826, 9.33631896973, 7.69120693207, 8.86615848541, 7.98646879196, 5.73970127106, 5.95305347443, 2.50372552872, 2.05070137978, 1.01463282108, 0.637812972069, 0.157766014338, 0.0157730337232, 0.000412729161326], "max": [3.52167773247, 37.3369636536, 92.2768173218, 145.191741943, 204.860549927, 163.962982178, 340.998809814, 1282.19287109, 647.41973877, 1555.48388672, 1454.76721191, 2115.41894531, 875.239990234, 1925.23779297, 1866.71118164, 2115.52807617, 1139.93737793, 1286.43859863, 1037.88903809, 963.519348145, 445.778656006, 370.632537842, 315.605438232, 461.348724365, 427.725036621, 248.476638794, 330.539611816, 227.03894043, 157.645324707, 243.25302124, 144.335662842, 109.788719177, 143.766204834, 48.593837738, 38.7539367676, 17.5243282318, 9.54933261871, 2.70083236694, 0.313714772463, 0.00910204928368], "dmean2": [0.264588683844, 1.84183990955, 3.41801261902, 3.81547451019, 7.61572885513, 8.98969459534, 12.2824430466, 35.0651931763, 25.8036422729, 18.1572570801, 32.4718475342, 35.9336738586, 23.3328895569, 30.8901863098, 32.2826652527, 28.1235980988, 26.3950271606, 23.0152931213, 19.7576694489, 16.9870147705, 11.5201148987, 9.95672988892, 8.86315250397, 14.2925853729, 11.8372192383, 17.0760936737, 23.125995636, 12.3332834244, 11.3029842377, 17.9215335846, 13.6829462051, 9.71851062775, 11.4119920731, 3.85517573357, 3.39107346535, 1.60931956768, 1.09637665749, 0.293905675411, 0.0356762595475, 0.00089521886548], "median": [0.00944122020155, 0.0884783416986, 0.339221954346, 0.62061882019, 1.69687771797, 4.19308853149, 6.25484704971, 6.05251502991, 5.09062480927, 6.85815906525, 10.1422195435, 10.368347168, 7.69202423096, 9.26656246185, 9.66414642334, 8.36951255798, 6.79171085358, 6.32290554047, 5.70450592041, 6.82356262207, 4.99759149551, 4.60593891144, 4.39408016205, 4.26184606552, 5.28522157669, 7.40273189545, 6.22059726715, 3.89860463142, 2.95483112335, 2.87694358826, 2.6541121006, 1.70108497143, 1.26848590374, 0.694265782833, 0.464084327221, 0.202741026878, 0.113030746579, 0.0181943755597, 0.000826480798423, 5.36128864042e-05], "dvar": [0.173550620675, 11.6434364319, 37.4065704346, 39.8962974548, 154.639801025, 93.9157943726, 180.1378479, 4630.04492188, 2370.76489258, 789.977233887, 3044.31054688, 3959.69555664, 1479.71118164, 2955.88085938, 3567.69091797, 3078.37280273, 2167.58032227, 1551.6418457, 1160.39660645, 645.473876953, 305.086303711, 184.847747803, 96.2090835571, 411.466278076, 173.876251221, 399.041107178, 891.32434082, 210.62399292, 178.517883301, 603.340454102, 259.254425049, 154.507156372, 279.611572266, 25.9405651093, 19.0591926575, 4.07848024368, 1.6770927906, 0.116100020707, 0.00189967814367, 1.24416089875e-06]}, "silence_rate_30dB": {"dvar2": 0.0593764148653, "var": 0.0145042175427, "min": 0, "dmean": 0.0224606934935, "mean": 0.985276997089, "max": 1, "dmean2": 0.0449251234531, "median": 1, "dvar": 0.021957160905}, "melbands_spread": {"dvar2": 763.142333984, "var": 529.512084961, "min": 0.917180418968, "dmean": 11.2281723022, "mean": 27.9752349854, "max": 249.341506958, "dmean2": 18.0162563324, "median": 22.7228736877, "dvar": 317.208648682}, "melbands_crest": {"dvar2": 30.3846302032, "var": 30.3188610077, "min": 1.82743322849, "dmean": 3.94159054756, "mean": 13.4975128174, "max": 37.5439224243, "dmean2": 6.35344600677, "median": 12.2755384445, "dvar": 12.4553108215}, "zerocrossingrate": {"dvar2": 0.00103544082958, "var": 0.00382057600655, "min": 0.0009765625, "dmean": 0.0264495629817, "mean": 0.098893687129, "max": 0.5224609375, "dmean2": 0.0308408103883, "median": 0.08154296875, "dvar": 0.000794502906501}, "barkbands_kurtosis": {"dvar2": 92.4633712769, "var": 69.6331176758, "min": -1.94236886501, "dmean": 3.4318523407, "mean": 3.87672829628, "max": 151.100112915, "dmean2": 5.3684668541, "median": 1.47360420227, "dvar": 40.2952308655}, "spectral_flux": {"dvar2": 0.00452103326097, "var": 0.00404497655109, "min": 6.42581682309e-11, "dmean": 0.0339708030224, "mean": 0.0868451297283, "max": 0.458309531212, "dmean2": 0.0535433590412, "median": 0.0716228410602, "dvar": 0.00203343643807}, "barkbands_crest": {"dvar2": 24.0085449219, "var": 20.2868728638, "min": 2.36442327499, "dmean": 3.29841160774, "mean": 9.8461265564, "max": 25.6644535065, "dmean2": 5.41577911377, "median": 8.78126335144, "dvar": 10.3593816757}, "barkbands_flatness_db": {"dvar2": 0.00143968011253, "var": 0.0020545120351, "min": 0.0134592140093, "dmean": 0.0267545897514, "mean": 0.109371565282, "max": 0.33943131566, "dmean2": 0.0403829142451, "median": 0.103173054755, "dvar": 0.000654349045362}, "spectral_entropy": {"dvar2": 0.124794341624, "var": 0.192615643144, "min": 5.91022491455, "dmean": 0.244150429964, "mean": 7.80323123932, "max": 9.83107757568, "dmean2": 0.338423699141, "median": 7.82098007202, "dvar": 0.0621668547392}, "pitch_salience": {"dvar2": 0.0172243192792, "var": 0.0148469880223, "min": 0.0669086277485, "dmean": 0.0861225873232, "mean": 0.564752399921, "max": 0.874902844429, "dmean2": 0.140723064542, "median": 0.573113501072, "dvar": 0.0070724748075}, "erbbands_spread": {"dvar2": 505.007232666, "var": 643.81628418, "min": 2.69313645363, "dmean": 14.6138525009, "mean": 47.2675361633, "max": 177.94078064, "dmean2": 21.3514385223, "median": 41.8914833069, "dvar": 242.946594238}, "dynamic_complexity": 4.49827957153, "spectral_contrast_valleys": {"dvar2": [0.620378375053, 0.38155913353, 0.30558821559, 0.404084920883, 0.442077040672, 0.677241146564], "var": [3.48016428947, 2.65371608734, 2.55396866798, 2.42156434059, 2.49263429642, 2.4364991188], "min": [-27.5319080353, -28.0303153992, -27.8221359253, -27.5556106567, -27.4419384003, -27.425151825], "dmean": [0.541580617428, 0.410973131657, 0.369385391474, 0.390954911709, 0.38950073719, 0.550490915775], "mean": [-8.06027603149, -7.02915811539, -7.7243642807, -8.22198581696, -7.86598205566, -9.80456447601], "max": [-4.88589859009, -4.50648164749, -5.07813501358, -5.60474681854, -5.50804281235, -7.52654886246], "dmean2": [0.823719024658, 0.652085781097, 0.576550126076, 0.589380204678, 0.554480671883, 0.683944404125], "median": [-7.68803596497, -6.76016712189, -7.46552944183, -7.99147415161, -7.62898826599, -9.58536148071], "dvar": [0.340592324734, 0.176186874509, 0.148539409041, 0.188270688057, 0.212958231568, 0.317183732986]}, "hfc": {"dvar2": 2846.81030273, "var": 1354.11132812, "min": 1.0736532374e-16, "dmean": 20.0657348633, "mean": 28.9202041626, "max": 256.733062744, "dmean2": 31.210975647, "median": 16.7906455994, "dvar": 1158.72143555}, "spectral_kurtosis": {"dvar2": 3.19672656059, "var": 3.17932581902, "min": -1.25106453896, "dmean": 1.08014547825, "mean": 2.91360425949, "max": 20.4140548706, "dmean2": 1.65731835365, "median": 2.66725683212, "dvar": 1.36875641346}, "mfcc": {"mean": [-658.741516113, 91.9574508667, 13.4614934921, 9.55059051514, -8.92489051819, 0.744384586811, -1.95560348034, -2.9635848999, -3.53573060036, 1.90912151337, -5.8848733902, -0.0801119953394, -1.08177101612], "cov": [[12559.2041016, 382.428924561, -243.629776001, 73.0930786133, -196.08140564, 80.4767150879, 120.381408691, -25.9001636505, -76.2175750732, 62.0401000977, 4.73494243622, -9.4575510025, 62.2864837646], [382.428924561, 1111.19055176, -0.746970772743, 93.5253067017, -21.5746593475, 90.2500839233, 84.8232498169, 52.9468574524, 35.1092567444, 45.4812240601, -27.3990001678, 6.50643205643, -6.21127986908], [-243.629776001, -0.746970772743, 873.626342773, 196.804718018, 221.595275879, 108.811218262, 39.8536376953, 78.1298294067, 50.5080757141, -16.6605854034, 14.1427850723, 19.3182277679, 14.6190042496], [73.0930786133, 93.5253067017, 196.804718018, 456.015106201, 231.881561279, 116.941635132, 67.8470230103, 78.7915267944, 90.8855438232, 21.7959156036, 17.9684906006, 34.717376709, 28.9953937531], [-196.08140564, -21.5746593475, 221.595275879, 231.881561279, 334.503936768, 168.343429565, 47.1944770813, 86.4395980835, 91.3419342041, 40.4847602844, 49.1618843079, 29.8916091919, 17.8550643921], [80.4767150879, 90.2500839233, 108.811218262, 116.941635132, 168.343429565, 271.225738525, 152.670837402, 102.106369019, 65.5518798828, 63.3006057739, 53.5168418884, 22.8647594452, 22.2485542297], [120.381408691, 84.8232498169, 39.8536376953, 67.8470230103, 47.1944770813, 152.670837402, 227.062576294, 107.053688049, 25.241109848, 50.2033691406, 49.1490631104, 17.8908290863, 27.0368347168], [-25.9001636505, 52.9468574524, 78.1298294067, 78.7915267944, 86.4395980835, 102.106369019, 107.053688049, 166.488037109, 82.569984436, 50.3875007629, 43.3853034973, 17.5786190033, 5.95982599258], [-76.2175750732, 35.1092567444, 50.5080757141, 90.8855438232, 91.3419342041, 65.5518798828, 25.241109848, 82.569984436, 169.3618927, 82.7940750122, 33.4754524231, 18.6405563354, 11.0033016205], [62.0401000977, 45.4812240601, -16.6605854034, 21.7959156036, 40.4847602844, 63.3006057739, 50.2033691406, 50.3875007629, 82.7940750122, 130.472961426, 56.266204834, 19.6119556427, 11.3356389999], [4.73494243622, -27.3990001678, 14.1427850723, 17.9684906006, 49.1618843079, 53.5168418884, 49.1490631104, 43.3853034973, 33.4754524231, 56.266204834, 128.080352783, 48.5752029419, 13.8729448318], [-9.4575510025, 6.50643205643, 19.3182277679, 34.717376709, 29.8916091919, 22.8647594452, 17.8908290863, 17.5786190033, 18.6405563354, 19.6119556427, 48.5752029419, 96.6193008423, 46.3609886169], [62.2864837646, -6.21127986908, 14.6190042496, 28.9953937531, 17.8550643921, 22.2485542297, 27.0368347168, 5.95982599258, 11.0033016205, 11.3356389999, 13.8729448318, 46.3609886169, 92.9602966309]], "icov": [[8.39562417241e-05, -1.80695024028e-05, 1.33661860673e-05, -6.5138869104e-05, 0.000106088569737, -7.06177743268e-05, 1.71916381078e-05, 7.59593785915e-06, 7.24457058823e-05, -6.77314092172e-05, -2.19269095396e-05, 5.52141791559e-05, -7.27875885786e-05], [-1.80695024028e-05, 0.00102835230064, -9.95362188405e-06, -0.000327349611325, 0.00053533987375, -0.000461197312688, -6.54000468785e-05, -0.000142534190672, 2.48283922701e-05, -0.000410187058151, 0.000602155399974, -0.000367078406271, 0.000360488687875], [1.33661860673e-05, -9.95362188405e-06, 0.0014350299025, -0.000172722953721, -0.000794266408775, -1.97651606868e-05, 8.41315704747e-06, -0.000347154622432, -1.68985370692e-05, 0.000595008081291, 4.82257346448e-05, -1.7421794837e-05, -7.3387818702e-05], [-6.5138869104e-05, -0.000327349611325, -0.000172722953721, 0.00393857248127, -0.0027999302838, 0.000875106896274, -0.00128315074835, 0.000322765408782, -0.00132448750082, 0.000932945811655, 0.000725775025785, -0.000729714811314, -0.000200082853553], [0.000106088569737, 0.00053533987375, -0.000794266408775, -0.0027999302838, 0.00804903171957, -0.00454560248181, 0.00300040980801, -0.00119965453632, -0.000537683372386, 1.72964610101e-05, -0.00126867182553, 0.000190199061763, -0.000134879112011], [-7.06177743268e-05, -0.000461197312688, -1.97651606868e-05, 0.000875106896274, -0.00454560248181, 0.00961262639612, -0.00541926035658, 0.000201609029318, -0.000544701120816, -0.000875430414453, 1.81591258297e-05, 8.04403316579e-05, 1.07326732177e-05], [1.71916381078e-05, -6.54000468785e-05, 8.41315704747e-06, -0.00128315074835, 0.00300040980801, -0.00541926035658, 0.0108508411795, -0.00540285231546, 0.00328535563312, -0.00161216873676, -0.0014651522506, 0.00135303917341, -0.00235418509692], [7.59593785915e-06, -0.000142534190672, -0.000347154622432, 0.000322765408782, -0.00119965453632, 0.000201609029318, -0.00540285231546, 0.01250527706, -0.00515115819871, 0.00106742465869, -0.000905702065211, -0.000627846457064, 0.00181896134745], [7.24457058823e-05, 2.48283922701e-05, -1.68985370692e-05, -0.00132448750082, -0.000537683372386, -0.000544701120816, 0.00328535563312, -0.00515115819871, 0.0123946052045, -0.00688630668446, 0.000977965421043, 7.41110534364e-06, -0.000799752830062], [-6.77314092172e-05, -0.000410187058151, 0.000595008081291, 0.000932945811655, 1.72964610101e-05, -0.000875430414453, -0.00161216873676, 0.00106742465869, -0.00688630668446, 0.0146344341338, -0.00451409909874, 0.000692992995027, -0.000401317956857], [-2.19269095396e-05, 0.000602155399974, 4.82257346448e-05, 0.000725775025785, -0.00126867182553, 1.81591258297e-05, -0.0014651522506, -0.000905702065211, 0.000977965421043, -0.00451409909874, 0.0130970729515, -0.00641221553087, 0.0022225282155], [5.52141791559e-05, -0.000367078406271, -1.7421794837e-05, -0.000729714811314, 0.000190199061763, 8.04403316579e-05, 0.00135303917341, -0.000627846457064, 7.41110534364e-06, 0.000692992995027, -0.00641221553087, 0.0173659007996, -0.00802937336266], [-7.27875885786e-05, 0.000360488687875, -7.3387818702e-05, -0.000200082853553, -0.000134879112011, 1.07326732177e-05, -0.00235418509692, 0.00181896134745, -0.000799752830062, -0.000401317956857, 0.0022225282155, -0.00802937336266, 0.0153118204325]]}, "silence_rate_20dB": {"dvar2": 0, "var": 0, "min": 1, "dmean": 0, "mean": 1, "max": 1, "dmean2": 0, "median": 1, "dvar": 0}, "melbands_kurtosis": {"dvar2": 1269.4185791, "var": 846.247802734, "min": -1.89568161964, "dmean": 10.0728874207, "mean": 15.7885885239, "max": 661.024414062, "dmean2": 15.6978397369, "median": 8.02894592285, "dvar": 544.732727051}, "barkbands_spread": {"dvar2": 374.696502686, "var": 364.028533936, "min": 1.29356813431, "dmean": 11.7432489395, "mean": 30.2459964752, "max": 136.514602661, "dmean2": 17.7609615326, "median": 25.5237579346, "dvar": 176.693908691}, "erbbands_skewness": {"dvar2": 0.559196591377, "var": 0.730919599533, "min": -4.43438577652, "dmean": 0.474545061588, "mean": 0.591225802898, "max": 5.91691112518, "dmean2": 0.718708217144, "median": 0.570769190788, "dvar": 0.239058494568}, "average_loudness": 0.887156248093, "spectral_centroid": {"dvar2": 379252.8125, "var": 667759.4375, "min": 238.472381592, "dmean": 343.297637939, "mean": 1525.61669922, "max": 11606.9970703, "dmean2": 536.295776367, "median": 1400.54187012, "dvar": 167470.546875}, "dissonance": {"dvar2": 0.00116637581959, "var": 0.00100621499587, "min": 0.234931543469, "dmean": 0.0217879191041, "mean": 0.458369493484, "max": 0.500000178814, "dmean2": 0.0363397561014, "median": 0.466069221497, "dvar": 0.000442008284153}, "erbbands_flatness_db": {"dvar2": 0.00108844658826, "var": 0.00225600483827, "min": 0.0337432511151, "dmean": 0.0260542035103, "mean": 0.130561009049, "max": 0.413736075163, "dmean2": 0.034816775471, "median": 0.125298053026, "dvar": 0.000621591985691}, "spectral_strongpeak": {"dvar2": 2.10464549065, "var": 1.63480734825, "min": 0, "dmean": 0.595838367939, "mean": 1.01995944977, "max": 10.4626483917, "dmean2": 1.0048378706, "median": 0.516184747219, "dvar": 0.864443182945}, "spectral_rms": {"dvar2": 4.15717704527e-06, "var": 5.80555342822e-06, "min": 3.09013578614e-12, "dmean": 0.00108843517955, "mean": 0.00419637467712, "max": 0.0155043043196, "dmean2": 0.00156688306015, "median": 0.00389171391726, "dvar": 2.05430274036e-06}, "silence_rate_60dB": {"dvar2": 0.0864690542221, "var": 0.106701180339, "min": 0, "dmean": 0.0404292494059, "mean": 0.121444016695, "max": 1, "dmean2": 0.080865226686, "median": 0, "dvar": 0.0388018712401}, "melbands": {"dvar2": [3.30411130562e-05, 3.03111191897e-05, 5.01204203829e-06, 1.74968283773e-06, 4.27130174785e-07, 5.93293907514e-06, 1.17127490284e-06, 1.97487182163e-07, 5.131169587e-07, 3.51822791345e-07, 8.43706189357e-08, 1.14070189738e-07, 1.13745535657e-07, 9.95350646349e-08, 3.3482709938e-08, 1.84589925567e-08, 1.16827862939e-08, 7.20669213194e-09, 3.46065132106e-09, 2.27637508843e-09, 1.06063557936e-09, 7.18291925939e-10, 4.25674662186e-10, 3.56803170343e-10, 9.35196586838e-10, 3.57556456665e-10, 1.72011377364e-10, 6.90156043426e-10, 1.17473497596e-09, 6.09036321375e-10, 1.28912894248e-10, 1.12670039965e-10, 4.02649413811e-10, 6.02903837965e-10, 3.79353298774e-10, 6.77616227018e-11, 2.18734932944e-10, 6.86827650309e-10, 4.47820253102e-11, 5.82063494625e-11], "var": [1.64389857673e-05, 1.00303814179e-05, 1.24465123008e-06, 5.14356031545e-07, 3.96165319216e-07, 1.67900509496e-06, 4.32634919889e-07, 2.16508325934e-07, 3.99419633368e-07, 3.39344495615e-07, 8.98282905837e-08, 1.35279293545e-07, 1.41761447026e-07, 9.17332414474e-08, 2.42018014518e-08, 1.83063413317e-08, 1.07915560932e-08, 5.50578960201e-09, 2.94519675315e-09, 1.89806015349e-09, 8.01169519615e-10, 4.36868513587e-10, 2.4853968883e-10, 4.00708605186e-10, 3.5151823119e-10, 3.45332762386e-10, 1.81511736197e-10, 3.35428185227e-10, 4.14542261629e-10, 1.73757550015e-10, 5.65720387202e-11, 4.58061609476e-11, 9.31107413393e-11, 1.35614436347e-10, 1.0653287974e-10, 3.37127513406e-11, 6.21879284179e-11, 1.85383250417e-10, 1.80523200555e-11, 2.4317926145e-11], "min": [2.44502369142e-24, 1.28456640553e-24, 7.43229147551e-25, 2.37824444642e-24, 2.10909654405e-24, 2.27846281103e-24, 1.91524699279e-24, 3.22321308353e-24, 1.8204805406e-24, 1.89800860708e-24, 3.06918917508e-24, 2.98657374463e-24, 3.93266646117e-24, 2.850875075e-24, 4.0431704912e-24, 4.30657548619e-24, 3.81643648426e-24, 3.44191727532e-24, 4.65328024847e-24, 5.98657035198e-24, 7.0733670606e-24, 5.56589055275e-24, 5.42017334963e-24, 6.78844075682e-24, 5.32678562909e-24, 4.34646660445e-24, 6.3680240427e-24, 5.8800252204e-24, 4.1585271991e-24, 6.45633110459e-24, 3.35081449039e-24, 6.75443611864e-24, 4.28074936345e-24, 5.90147237626e-24, 6.52180853187e-24, 6.49060711092e-24, 6.4906690365e-24, 8.02596709075e-24, 6.68632113492e-24, 6.67465072669e-24], "dmean": [0.00146836764179, 0.00117344909813, 0.000459252420114, 0.000335665303282, 0.000253146805335, 0.000443336408352, 0.000230560923228, 0.000128426472656, 0.000175315799424, 0.000150437786942, 7.8328201198e-05, 8.49543648656e-05, 7.91877537267e-05, 6.27172266832e-05, 3.85073908546e-05, 3.67718675989e-05, 2.55744162132e-05, 1.98510224436e-05, 1.66050940607e-05, 1.19918204291e-05, 8.69118593982e-06, 6.88504724167e-06, 5.88799639445e-06, 6.25572238278e-06, 7.50143499317e-06, 6.37124685454e-06, 5.13918985234e-06, 7.81669223215e-06, 9.73303758656e-06, 6.26480459687e-06, 4.12733879784e-06, 3.71741884919e-06, 4.76327295473e-06, 5.98122824158e-06, 5.69782469029e-06, 2.83584063254e-06, 3.94461903852e-06, 6.13919655734e-06, 2.16540433939e-06, 2.14753458749e-06], "mean": [0.00156479491852, 0.00114409194794, 0.000493354047649, 0.000439378229203, 0.000441495707491, 0.000515231804457, 0.000278301129583, 0.000216456246562, 0.000296695856377, 0.000260769884335, 0.000128304222017, 0.000144750447362, 0.000140954944072, 9.40543541219e-05, 6.01824722253e-05, 5.96829704591e-05, 3.90596105717e-05, 2.94234032481e-05, 2.66902679869e-05, 1.94292169908e-05, 1.34204428832e-05, 1.05691979115e-05, 8.82984386408e-06, 1.00245524663e-05, 9.22299113881e-06, 1.02591784525e-05, 8.79734034243e-06, 1.12423076644e-05, 1.13605428851e-05, 6.97435507391e-06, 5.01918566442e-06, 4.23652636528e-06, 4.46946160082e-06, 5.13922805112e-06, 5.22058689967e-06, 3.20026788359e-06, 3.57922613148e-06, 5.11923599333e-06, 2.17537240133e-06, 2.13667635762e-06], "max": [0.0343292914331, 0.0484424047172, 0.0279544424266, 0.0128577854484, 0.00978130567819, 0.0250301677734, 0.00896108150482, 0.0143799036741, 0.0106822177768, 0.0115551324561, 0.00464334711432, 0.0081578893587, 0.00684552080929, 0.00897881854326, 0.00270140659995, 0.00226955744438, 0.00229438161477, 0.00149594794493, 0.000978882308118, 0.00100840430241, 0.000645935477223, 0.000495285494253, 0.000351458409568, 0.000582092092372, 0.000423104065703, 0.000364592764527, 0.000209443736821, 0.000214642903302, 0.000232142556342, 0.000175758948899, 0.00011430127779, 7.72350467741e-05, 0.000109564396553, 0.000155524350703, 0.000107355714135, 6.32042283542e-05, 9.86686136457e-05, 0.000147477956489, 5.25497562194e-05, 5.25475370523e-05], "dmean2": [0.00233892095275, 0.00188307242934, 0.000806387804914, 0.000584086985327, 0.000407457991969, 0.00075384916272, 0.000373627262888, 0.000197746398044, 0.000272409874015, 0.000229493598454, 0.000117792347737, 0.000129017294967, 0.000119791176985, 9.74548020167e-05, 6.06702196819e-05, 5.75879748794e-05, 4.07703046221e-05, 3.14848402923e-05, 2.61686927843e-05, 1.89044549188e-05, 1.36625340019e-05, 1.12172419904e-05, 9.67244068306e-06, 1.00654606285e-05, 1.2602510651e-05, 1.02976373455e-05, 8.19456090539e-06, 1.28467872855e-05, 1.66361260199e-05, 1.07153973659e-05, 6.67508857077e-06, 5.98626820647e-06, 8.46732109494e-06, 1.07349314931e-05, 9.63546062849e-06, 4.50484503745e-06, 6.56163774693e-06, 1.03771581053e-05, 3.45488410858e-06, 3.40045426128e-06], "median": [9.93563589873e-05, 0.000206010357942, 0.000134449976031, 0.000221869151574, 0.000235926141613, 0.000138696923386, 7.94601437519e-05, 7.52592459321e-05, 8.05424060673e-05, 6.05500754318e-05, 3.07936206809e-05, 3.23195345118e-05, 2.94396122626e-05, 2.0289728127e-05, 1.48407489178e-05, 1.48866101881e-05, 9.01390740182e-06, 7.20911384633e-06, 8.94031018106e-06, 6.79641016177e-06, 4.7479402383