{"tonal": {"thpcp": [1, 0.973717451096, 0.814378023148, 0.700138568878, 0.673056066036, 0.718743264675, 0.714764416218, 0.747386515141, 0.812080085278, 0.875858962536, 0.842374026775, 0.723549306393, 0.669903934002, 0.668011784554, 0.706203103065, 0.704711318016, 0.673738539219, 0.652164936066, 0.615943908691, 0.596967756748, 0.601660251617, 0.574186265469, 0.511646687984, 0.483755230904, 0.479200035334, 0.457664906979, 0.467043340206, 0.514712810516, 0.517614781857, 0.506239235401, 0.526067912579, 0.51748752594, 0.520156800747, 0.559027254581, 0.589477300644, 0.760979175568], "hpcp": {"dmean2": [0.338061481714, 0.320740818977, 0.325037419796, 0.335422575474, 0.374486654997, 0.377439498901, 0.411183416843, 0.387547820807, 0.346622169018, 0.326445013285, 0.31638982892, 0.340724885464, 0.337710440159, 0.314798682928, 0.301112174988, 0.288246393204, 0.288976758718, 0.300739407539, 0.279962480068, 0.247957423329, 0.229380249977, 0.22695890069, 0.208778336644, 0.214789196849, 0.236490085721, 0.23647454381, 0.234655082226, 0.252233564854, 0.244913056493, 0.247869744897, 0.257848232985, 0.278600275517, 0.354752451181, 0.397510379553, 0.417968273163, 0.392717421055], "median": [0.0876137465239, 0.078673094511, 0.0802995860577, 0.0862172394991, 0.0927280113101, 0.109262086451, 0.126351237297, 0.111456654966, 0.0895081311464, 0.0712941214442, 0.0763579905033, 0.0774882882833, 0.0871179625392, 0.0765584558249, 0.0728301629424, 0.0653902217746, 0.0619406625628, 0.0570232048631, 0.0527976751328, 0.0449673086405, 0.0384283587337, 0.0382008440793, 0.0343872308731, 0.0362275615335, 0.0416664555669, 0.0465048290789, 0.0511190295219, 0.0522063151002, 0.0509610027075, 0.0523197315633, 0.057517696172, 0.063505589962, 0.117577798665, 0.170394986868, 0.183098524809, 0.112878970802], "min": [0, 0, 0, 0, 0, 0, 0, 0, 0, 0, 0, 0, 0, 0, 0, 0, 0, 0, 0, 0, 0, 0, 0, 0, 0, 0, 0, 0, 0, 0, 0, 0, 0, 0, 0, 0], "dvar2": [0.151152938604, 0.142595499754, 0.144073203206, 0.1473877877, 0.176733464003, 0.16683909297, 0.185067608953, 0.175897970796, 0.154164746404, 0.150697857141, 0.142324104905, 0.157317534089, 0.152728453279, 0.139304861426, 0.128558576107, 0.125061586499, 0.128534808755, 0.145737588406, 0.128641009331, 0.110080711544, 0.0956794023514, 0.0999419763684, 0.0862599760294, 0.0903409644961, 0.10637704283, 0.103560648859, 0.0929400473833, 0.112086676061, 0.105872474611, 0.111163794994, 0.111044563353, 0.121741138399, 0.151388809085, 0.164089262486, 0.170555979013, 0.169198691845], "dvar": [0.0547342523932, 0.0526047609746, 0.0543069690466, 0.0549085326493, 0.0636870637536, 0.062573865056, 0.0687891989946, 0.0666761398315, 0.0568778663874, 0.0551190860569, 0.0520950779319, 0.0571519993246, 0.0547447763383, 0.0507912635803, 0.0475397072732, 0.0457929112017, 0.0472027398646, 0.0525769144297, 0.0472531840205, 0.0395882874727, 0.0346597544849, 0.036469232291, 0.0317623578012, 0.0328523740172, 0.0392101034522, 0.0379156470299, 0.0340118594468, 0.0410495772958, 0.0390101261437, 0.040709298104, 0.0413973927498, 0.0441617593169, 0.0556500703096, 0.0657465234399, 0.0632479116321, 0.0630714818835], "dmean": [0.1912009269, 0.180973351002, 0.184774979949, 0.189024507999, 0.209070071578, 0.213588654995, 0.232335433364, 0.218556091189, 0.194859579206, 0.182978093624, 0.178221419454, 0.190124377608, 0.190165683627, 0.177717655897, 0.169504478574, 0.162710413337, 0.162423700094, 0.168223083019, 0.156679689884, 0.139121800661, 0.128921434283, 0.12764801085, 0.11799287051, 0.120840996504, 0.133167698979, 0.133608579636, 0.132861614227, 0.142171129584, 0.138119742274, 0.139884591103, 0.14646242559, 0.157239317894, 0.200146108866, 0.227187618613, 0.237683951855, 0.221307530999], "max": [1, 1, 1, 1, 1, 1, 1, 1, 1, 1, 1, 1, 1, 1, 1, 1, 1, 1, 1, 1, 1, 1, 1, 1, 1, 1, 1, 1, 1, 1, 1, 1, 1, 1, 1, 1], "var": [0.070185482502, 0.0689451992512, 0.0775388404727, 0.0748845264316, 0.0791226923466, 0.0856335684657, 0.092408426106, 0.0924462676048, 0.0747722759843, 0.07073879987, 0.0678629651666, 0.0743677467108, 0.0713592842221, 0.0684299468994, 0.065061584115, 0.0621137991548, 0.0603136308491, 0.0628140643239, 0.0598100312054, 0.0510211139917, 0.046374887228, 0.0483165383339, 0.0462232120335, 0.0461778081954, 0.0539489351213, 0.0518427044153, 0.0465580634773, 0.0528895370662, 0.0511946901679, 0.051785942167, 0.0566409192979, 0.0585279464722, 0.0721650347114, 0.108418360353, 0.0940035954118, 0.0844731777906], "mean": [0.213088810444, 0.204846188426, 0.218751192093, 0.217540219426, 0.227468833327, 0.247158482671, 0.26656973362, 0.256378501654, 0.220213934779, 0.203886836767, 0.203310951591, 0.214934572577, 0.214480549097, 0.205053910613, 0.198487922549, 0.187463968992, 0.181688532233, 0.183116704226, 0.174754932523, 0.155720874667, 0.147232040763, 0.145845651627, 0.139291390777, 0.142145738006, 0.156654044986, 0.157537266612, 0.154075101018, 0.160109996796, 0.157498538494, 0.158310934901, 0.170141249895, 0.179408788681, 0.231605798006, 0.304352343082, 0.296353191137, 0.24785785377]}, "tuning_equal_tempered_deviation": 0.220430031419, "chords_changes_rate": 0.145657837391, "key_key": "G#", "tuning_diatonic_strength": 0.452275067568, "key_scale": "minor", "chords_number_rate": 0.00291009340435, "tuning_frequency": 434.444000244, "tuning_nontempered_energy_ratio": 0.883396863937, "chords_histogram": [14.0603466034, 0.673916399479, 0.490121006966, 4.12007951736, 4.18134498596, 9.58799171448, 5.88145208359, 13.7080717087, 2.02174901962, 2.89477705956, 5.05437278748, 1.30188393593, 0.903660595417, 4.50298690796, 2.34339094162, 0.56670242548, 0.964925706387, 6.08056354523, 2.4046561718, 1.79200494289, 2.91009354591, 2.77224683762, 6.4328379631, 4.34982395172], "key_strength": 0.340981036425, "chords_key": "G#", "chords_strength": {"dmean2": 0.0228776782751, "median": 0.439038902521, "min": -1, "dvar2": 0.000712164386641, "dvar": 0.000422817101935, "dmean": 0.0176990479231, "max": 0.75400352478, "var": 0.0117188198492, "mean": 0.444002628326}, "chords_scale": "minor", "hpcp_entropy": {"dmean2": 1.22060239315, "median": 2.51794576645, "min": 0, "dvar2": 0.914272069931, "dvar": 0.349416106939, "dmean": 0.731123328209, "max": 4.67095851898, "var": 0.951459228992, "mean": 2.47215342522}}, "metadata": {"audio_properties": {"equal_loudness": 0, "codec": "flac", "downmix": "mix", "sample_rate": 44100, "analysis_sample_rate": 44100, "bit_rate": 0, "md5_encoded": "f1c73b79281e034340f8015e5c451c5c", "length": 303.133331299, "replay_gain": -8.17504119873, "lossless": true}, "version": {"essentia_build_sha": "5c9e65ec81695c916afb4cba055c226bfc528ee6", "essentia": "2.1-beta1", "extractor": "music 1.0", "essentia_git_sha": "v2.1_beta1-28-g21ef5f4"}, "tags": {"title": ["A Letter from a Network Censor"], "barcode": ["5099748992925"], "media": ["CD"], "albumartist": ["Jerry Goldsmith"], "discsubtitle": ["Inside Star Trek with Gene Roddenberry"], "tracktotal": ["18"], "albumartistsort": ["Goldsmith, Jerry"], "releasetype": ["album", "soundtrack"], "musicbrainz_recordingid": ["024f6b08-946b-4529-8116-2880b80a2332"], "artistsort": ["Roddenberry, Gene"], "musicbrainz_releasegroupid": ["33884801-3c14-31a2-8dac-f5a56e046fc7"], "musicbrainz_albumartistid": ["db403e3d-4753-45d6-8fcb-94db03e882e1"], "producer": ["Jerry Goldsmith", "Bruce Botnick"], "discnumber": ["2"], "totaldiscs": ["2"], "composersort": ["Goldsmith, Jerry"], "catalognumber": ["489929 2"], "releasecountry": ["GB"], "originaldate": ["1979"], "artists": ["Gene Roddenberry"], "date": ["1998"], "file_name": "CD2 16 A Letter from a Network Censor.flac", "disctotal": ["2"], "tracknumber": ["16"], "releasestatus": ["official"], "musicbrainz_artistid": ["4c113d66-6330-4809-aeb8-e761fcab4589"], "asin": ["B00000FC5P"], "musicbrainz_albumid": ["379d0990-b079-3e85-a557-bfaac74f62d7"], "musicbrainz_releasetrackid": ["2f9cf77d-4c10-3a10-85b6-90c6a1488a27"], "artist": ["Jerry Goldsmith"], "arranger": ["Alexander Courage", "Fred Steiner", "Arthur Morton"], "composer": ["Jerry Goldsmith"], "album": ["Star Trek: The Motion Picture (20th Anniversary Collectors' Edition)"], "label": ["Legacy"], "totaltracks": ["18"], "acoustid_id": ["641457c8-65be-4b14-bb0c-f46037c59386"], "script": ["Latn"], "conductor": ["Jerry Goldsmith"]}}, "rhythm": {"bpm_histogram_first_peak_bpm": {"dmean2": 0, "median": 105, "min": 105, "dvar2": 0, "dvar": 0, "dmean": 0, "max": 105, "var": 0, "mean": 105}, "bpm": 105.72303772, "bpm_histogram_second_peak_spread": {"dmean2": 0, "median": 0.428571462631, "min": 0.428571462631, "dvar2": 0, "dvar": 0, "dmean": 0, "max": 0.428571462631, "var": 0, "mean": 0.428571462631}, "bpm_histogram_first_peak_weight": {"dmean2": 0, "median": 0.0547008551657, "min": 0.0547008551657, "dvar2": 0, "dvar": 0, "dmean": 0, "max": 0.0547008551657, "var": 0, "mean": 0.0547008551657}, "onset_rate": 3.79682374001, "beats_position": [0.441179126501, 0.893968224525, 1.3235373497, 1.75310659409, 2.15945577621, 2.56580495834, 2.97215414047, 3.39011335373, 3.80807256699, 4.22603178024, 4.6439909935, 5.0387301445, 5.4334692955, 5.8282084465, 6.2229475975, 6.62929677963, 7.04725599289, 7.45360517502, 7.85995435715, 8.26630401611, 8.67265319824, 9.0906124115, 9.52018165588, 9.94974994659, 10.47219944, 10.9946479797, 11.4938774109, 11.9582767487, 12.4342851639, 12.8986845016, 13.3514738083, 13.8042631149, 14.2570514679, 14.7214508057, 15.1974601746, 15.6850786209, 16.1610889435, 16.7415866852, 17.3220863342, 17.9141941071, 18.483083725, 19.0635814667, 19.6208610535, 20.1897506714, 20.758638382, 21.3159179688, 21.8731975555, 22.4420852661, 22.9877548218, 23.5450344086, 24.0790920258, 24.6247615814, 25.158821106, 25.681268692, 26.1921081543, 26.6797275543, 27.1557369232, 27.6549663544, 28.2354640961, 28.804353714, 29.3732414246, 29.9653511047, 30.5690689087, 31.2888889313, 32.0319252014, 32.7633552551, 33.4831733704, 34.2029914856, 34.9228096008, 35.6426315308, 36.3508377075, 37.151927948, 37.9297943115, 38.7076644897, 39.4855308533, 40.2634010315, 41.041267395, 41.6914291382, 42.3531951904, 43.0265769958, 43.6651229858, 44.2920608521, 44.919002533, 45.5575485229, 46.2889785767, 47.0204086304, 47.7518348694, 48.4832649231, 49.2030830383, 49.9229011536, 50.5266189575, 51.1303405762, 51.7340583801, 52.3493881226, 52.9763259888, 53.5916557312, 54.1953735352, 54.8107032776, 55.4260292053, 56.029750824, 56.6334686279, 57.2487983704, 57.8641242981, 58.5375061035, 59.2108840942, 59.8726501465, 60.5344200134, 61.1845779419, 61.8347396851, 62.473285675, 63.1118354797, 63.7503852844, 64.4121551514, 65.0855331421, 65.7589111328, 66.4322891235, 67.1056671143, 67.779045105, 68.4524230957, 69.1258010864, 69.8224029541, 70.5189971924, 71.2039871216, 71.9005889893, 72.5971832275, 73.3750534058, 74.1297073364, 74.8611297607, 75.5925598145, 76.3239898682, 77.0670318604, 77.7520141602, 78.4370040894, 79.1452102661, 79.8534240723, 80.5151901245, 81.1885681152, 81.8503417969, 82.4888839722, 83.1506576538, 83.7892074585, 84.4277572632, 84.9734191895, 85.5190887451, 86.0763702393, 86.6452560425, 87.2025375366, 87.7714233398, 88.328704834, 88.8975982666, 89.4316558838, 89.965713501, 90.4997711182, 91.0686569214, 91.637550354, 92.2064361572, 92.7869338989, 93.3558273315, 93.9247131348, 94.5052108765, 95.0857162476, 95.6662139893, 96.246711731, 96.9084777832, 97.5702438354, 98.2320175171, 98.8937835693, 99.555557251, 100.182495117, 100.809432983, 101.401542664, 101.993652344, 102.574150085, 103.154647827, 103.746757507, 104.338867188, 104.930976868, 105.523078918, 106.115188599, 106.69568634, 107.287796021, 107.879905701, 108.472015381, 109.087341309, 109.714286804, 110.25995636, 110.805618286, 111.339683533, 111.850517273, 112.349746704, 112.848976135, 113.336593628, 113.847434998, 114.346664429, 114.84589386, 115.345123291, 115.844352722, 116.355194092, 116.854415894, 117.411697388, 117.957366943, 118.491424561, 119.025482178, 119.571151733, 120.116821289, 120.627662659, 121.150108337, 121.649337769, 122.136962891, 122.624580383, 123.112197876, 123.599815369, 124.087432861, 124.563446045, 125.039451599, 125.515464783, 126.003082275, 126.548751831, 127.094421387, 127.640090942, 128.208984375, 128.777862549, 129.311920166, 129.857589722, 130.403259277, 130.983764648, 131.564254761, 132.144760132, 132.725265503, 133.328979492, 133.909469604, 134.489974976, 135.058868408, 135.627746582, 136.196640015, 136.823577881, 137.450515747, 138.065841675, 138.623123169, 139.192016602, 139.784118652, 140.376235962, 140.968338013, 141.560455322, 142.152557373, 142.744674683, 143.336776733, 143.940490723, 144.47454834, 145.008621216, 145.542678833, 146.088348389, 146.634017944, 147.168075562, 147.725341797, 148.259414673, 148.874740601, 149.47845459, 150.082168579, 150.639450073, 151.196731567, 151.684356689, 152.171966553, 152.659591675, 153.182037354, 153.716094971, 154.250152588, 154.73777771, 155.225387573, 155.724624634, 156.212234497, 156.688247681, 157.164260864, 157.628662109, 158.116271973, 158.592285156, 159.045074463, 159.49786377, 159.939041138, 160.391830444, 160.856231689, 161.320632935, 161.796646118, 162.261047363, 162.71383667, 163.166610718, 163.584579468, 164.002532959, 164.408889771, 164.815231323, 165.233200073, 165.651153564, 166.069107056, 166.475463867, 166.88180542, 167.276550293, 167.671295166, 168.054412842, 168.449157715, 168.832290649, 169.227020264, 169.621765137, 170.01651001, 170.411239624, 170.805984497, 171.20072937, 171.595458984, 171.978591919, 172.361724854, 172.744842529, 173.116363525, 173.49949646, 173.917449951, 174.358642578, 174.811431885, 175.264221191, 175.740219116, 176.227844238, 176.843170166, 177.446884155, 178.039001465, 178.631103516, 179.199996948, 179.768890381, 180.326171875, 180.871826172, 181.440719604, 181.998001099, 182.566894531, 183.112564087, 183.658233643, 184.215499878, 184.761169434, 185.318450928, 185.968612671, 186.607162476, 187.234100342, 187.84942627, 188.476364136, 189.080093384, 189.683807373, 190.299133301, 190.914459229, 191.529785156, 192.017410278, 192.493423462, 192.969436646, 193.422225952, 193.886611938, 194.351013184, 194.815414429, 195.303039551, 195.755828857, 196.220230103, 196.696228027, 197.183853149, 197.671463013, 198.159088135, 198.646713257, 199.111114502, 199.482620239, 199.842529297, 200.214050293, 200.597183228, 200.980316162, 201.363449097, 201.746566772, 202.129699707, 202.501220703, 202.872741699, 203.244262695, 203.604171753, 203.964080811, 204.347213745, 204.730331421, 205.171508789, 205.624298096, 206.077087402, 206.529876709, 206.971069336, 207.412246704, 207.841812134, 208.271377563, 208.700942993, 209.130523682, 209.57170105, 210.012878418, 210.465667725, 210.918457031, 211.382858276, 211.847259521, 212.323257446, 212.845703125, 213.356552124, 213.867385864, 214.378234863, 214.900680542, 215.423126221, 215.945571899, 216.468017578, 216.978866577, 217.489700317, 218.000534058, 218.546203613, 219.091873169, 219.637542725, 220.18321228, 220.717269897, 221.228118896, 221.762176514, 222.296234131, 222.81867981, 223.32951355, 223.840362549, 224.362808228, 224.873641968, 225.326431274, 225.802444458, 226.29006958, 226.766067505, 227.242080688, 227.718093872, 228.205703735, 228.716552734, 229.134506226, 229.552474976, 229.94720459, 230.36517334, 230.783126831, 231.177871704, 231.584213257, 232.037002563, 232.501403809, 232.965805054, 233.41859436, 233.871383667, 234.324172974, 234.77696228, 235.218139648, 235.659317017, 236.100494385, 236.541671753, 236.982849121, 237.412414551, 237.841995239, 238.271560669, 238.701126099, 239.142303467, 239.560272217, 239.989837646, 240.419403076, 240.872192383, 241.324981689, 241.766159058, 242.207336426, 242.648529053, 243.089706421, 243.530883789, 244.088165283, 244.633834839, 245.191101074, 245.829650879, 246.491424561, 247.153198242, 247.826568604, 248.488342285, 249.161712646, 249.765441895, 250.357543945, 250.938049316, 251.518539429, 252.087432861, 252.656326294, 253.225204468, 253.7940979, 254.38621521, 254.989929199, 255.628479004, 256.267028809, 256.917175293, 257.520904541, 258.124633789, 258.670288086, 259.2159729, 259.773223877, 260.295684814, 260.818145752, 261.340576172, 261.851409912, 262.37387085, 262.896331787, 263.418762207, 263.952819824, 264.544952393, 265.148651123, 265.740753174, 266.309661865, 266.866943359, 267.401000977, 267.87701416, 268.352996826, 268.840637207, 269.316650391, 269.804260254, 270.303497314, 270.802703857, 271.290344238, 271.789550781, 272.335235596, 272.90411377, 273.473022461, 274.030303955, 274.587554932, 275.144836426, 275.70211792, 276.271026611, 276.781860352, 277.292694092, 277.803527832, 278.209869385, 278.616241455, 279.022583008, 279.428924561, 279.835266113, 280.241638184, 280.647979736, 281.054321289, 281.460662842, 281.867034912, 282.273376465, 282.621673584, 282.969970703, 283.318267822, 283.678192139, 284.026489258, 284.386383057, 284.746307373, 285.106201172, 285.558990479, 286.011779785, 286.452972412, 286.882537842, 287.312103271, 287.741668701, 288.171234131, 288.554382324, 288.94909668, 289.332244873, 289.715362549, 290.075286865, 290.435180664, 290.79510498, 291.154998779, 291.503295898, 291.851593018, 292.199890137, 292.548217773, 292.884887695, 293.233184814, 293.581481934, 293.918182373, 294.243255615, 294.579956055, 294.905029297, 295.230102539, 295.555175781, 295.880279541, 296.205352783, 296.530426025, 296.855499268, 297.192199707, 297.528869629, 297.865570068, 298.202270508, 298.53894043, 298.875640869, 299.212341309, 299.54901123, 299.88571167, 300.222412109, 300.559082031, 300.895782471, 301.232452393, 301.569152832, 301.905853271, 302.242523193], "beats_loudness": {"dmean2": 0.0344495102763, "median": 0.0161343254149, "min": 0, "dvar2": 0.00244189868681, "dvar": 0.000863988359924, "dmean": 0.0194563120604, "max": 0.266917437315, "var": 0.00072763353819, "mean": 0.0222634691745}, "danceability": 1.14296150208, "bpm_histogram_second_peak_weight": {"dmean2": 0, "median": 0.0478632487357, "min": 0.0478632487357, "dvar2": 0, "dvar": 0, "dmean": 0, "max": 0.0478632487357, "var": 0, "mean": 0.0478632487357}, "beats_count": 586, "bpm_histogram_second_peak_bpm": {"dmean2": 0, "median": 110, "min": 110, "dvar2": 0, "dvar": 0, "dmean": 0, "max": 110, "var": 0, "mean": 110}, "bpm_histogram_first_peak_spread": {"dmean2": 0, "median": 0.683168292046, "min": 0.683168292046, "dvar2": 0, "dvar": 0, "dmean": 0, "max": 0.683168292046, "var": 0, "mean": 0.683168292046}, "beats_loudness_band_ratio": {"dmean2": [0.184519708157, 0.290483266115, 0.32314696908, 0.180093213916, 0.183144032955, 0.047349806875], "median": [0.0845933258533, 0.182221084833, 0.371229827404, 0.0971971228719, 0.0944789424539, 0.00527743622661], "min": [0, 0, 0, 0, 0, 0], "dvar2": [0.0427326150239, 0.0759667679667, 0.0708578675985, 0.0236010923982, 0.0257176011801, 0.0188078507781], "dvar": [0.0158860757947, 0.0274049751461, 0.0239468868822, 0.00894484948367, 0.00989553052932, 0.00618520844728], "dmean": [0.105033122003, 0.170613497496, 0.190615981817, 0.104040235281, 0.106869243085, 0.0255700517446], "max": [0.864633321762, 0.938102662563, 0.898685753345, 0.610006868839, 0.62398058176, 0.647203266621], "var": [0.0169279444963, 0.0384215936065, 0.0426253639162, 0.0219415798783, 0.0220853034407, 0.00394137343392], "mean": [0.124398335814, 0.233382895589, 0.37525588274, 0.151311248541, 0.1534050107, 0.0233735758811]}}, "lowlevel": {"barkbands_spread": {"dmean2": 7.19984054565, "median": 10.6275882721, "min": 0.356586903334, "dvar2": 99.7715377808, "dvar": 48.4068183899, "dmean": 4.61484098434, "max": 70.5517349243, "var": 100.489707947, "mean": 13.0486164093}, "melbands_spread": {"dmean2": 12.1199102402, "median": 14.6694393158, "min": 0.550916552544, "dvar2": 414.760040283, "dvar": 202.452224731, "dmean": 7.87022352219, "max": 167.523986816, "var": 419.552185059, "mean": 19.9994602203}, "hfc": {"dmean2": 6.58227109909, "median": 2.78946447372, "min": 1.07261429855e-16, "dvar2": 175.543457031, "dvar": 110.102409363, "dmean": 5.04109239578, "max": 445.525787354, "var": 365.599639893, "mean": 11.0509986877}, "barkbands_kurtosis": {"dmean2": 4.8319683075, "median": 1.45729064941, "min": -1.85716843605, "dvar2": 59.199962616, "dvar": 28.256231308, "dmean": 3.0855653286, "max": 211.698425293, "var": 54.9406242371, "mean": 3.69430780411}, "gfcc": {"mean": [-168.122421265, 130.318466187, -148.154251099, 8.23056697845, -60.9480895996, -14.2876491547, -54.9699211121, -15.5977458954, -14.1331119537, -1.013843894, -13.7267694473, -21.0506210327, -7.80919885635], "icov": [[0.000251750374446, -0.000424787402153, 0.000765197561122, -0.000330379116349, 0.000577098166104, -0.000453058921266, 0.000503065239172, -2.28755561693e-05, -4.90000929858e-05, -2.16114076466e-05, -4.52473723271e-05, 3.40784608852e-05, -0.000416141352616], [-0.000424787402153, 0.00257313554175, -0.00226786267012, 0.00165001431014, -0.00208569737151, 0.00176173879299, -0.00182581646368, 0.00154601037502, -0.00101661961526, 0.00163307052571, -0.000601416046266, 0.00200460106134, 0.00032654608367], [0.000765197561122, -0.00226786267012, 0.00373648782261, -0.00191290513612, 0.0017465071287, -0.00196938845329, 0.00194594322238, -0.000573343131691, 0.00060398678761, -0.00107025320176, 5.05812640768e-05, -0.00123504165094, -0.00120376120321], [-0.000330379116349, 0.00165001431014, -0.00191290513612, 0.00297395605594, -0.000481150811538, 0.0018205663655, 0.000124080790556, -0.000198219364393, -0.000993917114101, 0.000848227355164, -0.0010981146479, 0.00107013736852, 0.000764054479077], [0.000577098166104, -0.00208569737151, 0.0017465071287, -0.000481150811538, 0.00579976290464, -0.000764742668252, 0.00219857203774, -0.0010160348611, -0.000514253566507, -0.00236502871849, 0.00179881195072, -0.00220947130583, -0.000818307569716], [-0.000453058921266, 0.00176173879299, -0.00196938845329, 0.0018205663655, -0.000764742668252, 0.00666215317324, -0.00231707678176, -0.000976633746177, 0.000306922622258, 0.000431870284956, -6.00847815804e-05, 0.000504963449202, 0.00212663877755], [0.000503065239172, -0.00182581646368, 0.00194594322238, 0.000124080790556, 0.00219857203774, -0.00231707678176, 0.00705910753459, -0.00283498852514, 0.00101492658723, -0.000106392923044, -0.0010672431672, -0.000427081686212, 0.000276664184639], [-2.28755561693e-05, 0.00154601037502, -0.000573343131691, -0.000198219364393, -0.0010160348611, -0.000976633746177, -0.00283498852514, 0.0095481891185, -2.14302635868e-05, 0.00133667036425, 0.0018995499704, -0.00135661999229, -4.29072424595e-05], [-4.90000929858e-05, -0.00101661961526, 0.00060398678761, -0.000993917114101, -0.000514253566507, 0.000306922622258, 0.00101492658723, -2.14302635868e-05, 0.00924809742719, -0.0024046159815, 0.00150456780102, 0.0010688098846, -0.0010973730823], [-2.16114076466e-05, 0.00163307052571, -0.00107025320176, 0.000848227355164, -0.00236502871849, 0.000431870284956, -0.000106392923044, 0.00133667036425, -0.0024046159815, 0.0103211775422, -0.00341161433607, 0.00214431458153, 0.00201012822799], [-4.52473723271e-05, -0.000601416046266, 5.05812640768e-05, -0.0010981146479, 0.00179881195072, -6.00847815804e-05, -0.0010672431672, 0.0018995499704, 0.00150456780102, -0.00341161433607, 0.0118303121999, -0.00151464459486, 0.000858599494677], [3.40784608852e-05, 0.00200460106134, -0.00123504165094, 0.00107013736852, -0.00220947130583, 0.000504963449202, -0.000427081686212, -0.00135661999229, 0.0010688098846, 0.00214431458153, -0.00151464459486, 0.0104138469324, -0.00113628315739], [-0.000416141352616, 0.00032654608367, -0.00120376120321, 0.000764054479077, -0.000818307569716, 0.00212663877755, 0.000276664184639, -4.29072424595e-05, -0.0010973730823, 0.00201012822799, 0.000858599494677, -0.00113628315739, 0.0162546765059]], "cov": [[17080.8632812, 28.2103385925, -3212.51953125, 108.942367554, -1038.78845215, -106.730735779, -296.843566895, -432.882354736, 304.488769531, -287.712371826, 69.9218215942, -681.233093262, 164.097183228], [28.2103385925, 2465.53637695, 671.219177246, -510.344848633, 450.377929688, -339.900604248, -11.8952865601, -397.505859375, 253.73866272, -9.90700626373, -12.1228990555, -298.902862549, 89.2854690552], [-3212.51953125, 671.219177246, 1373.29467773, 210.710494995, 227.493988037, -73.6129837036, -89.9893341064, -46.9176864624, 25.306728363, 72.6930084229, 23.3681774139, 51.8801574707, 13.6702575684], [108.942367554, -510.344848633, 210.710494995, 848.7734375, -121.31817627, -112.694046021, -202.87298584, 13.7838449478, 39.8329391479, 33.0296554565, 55.118183136, 5.64677190781, -3.03695845604], [-1038.78845215, 450.377929688, 227.493988037, -121.31817627, 418.304016113, -84.7328491211, -61.8764038086, -42.6421165466, 72.262298584, 57.6569595337, -48.0263977051, 16.9855270386, 21.465429306], [-106.730735779, -339.900604248, -73.6129837036, -112.694046021, -84.7328491211, 312.845275879, 139.358764648, 124.873313904, -92.6994171143, -20.2599029541, -3.36951327324, 66.0489273071, -42.2543907166], [-296.843566895, -11.8952865601, -89.9893341064, -202.87298584, -61.8764038086, 139.358764648, 307.841369629, 98.9278717041, -78.798248291, -38.0984573364, 7.1949801445, 32.8217887878, -29.5089759827], [-432.882354736, -397.505859375, -46.9176864624, 13.7838449478, -42.6421165466, 124.873313904, 98.9278717041, 225.940475464, -75.4376525879, -29.5984268188, -25.6523647308, 97.2577438354, -20.0695991516], [304.488769531, 253.73866272, 25.306728363, 39.8329391479, 72.262298584, -92.6994171143, -78.798248291, -75.4376525879, 177.966552734, 36.88646698, -11.3109664917, -69.1793746948, 22.8223495483], [-287.712371826, -9.90700626373, 72.6930084229, 33.0296554565, 57.6569595337, -20.2599029541, -38.0984573364, -29.5984268188, 36.88646698, 144.721328735, 29.8213062286, -15.0389471054, -15.245552063], [69.9218215942, -12.1228990555, 23.3681774139, 55.118183136, -48.0263977051, -3.36951327324, 7.1949801445, -25.6523647308, -11.3109664917, 29.8213062286, 111.634963989, -3.8706703186, -11.6125555038], [-681.233093262, -298.902862549, 51.8801574707, 5.64677190781, 16.9855270386, 66.0489273071, 32.8217887878, 97.2577438354, -69.1793746948, -15.0389471054, -3.8706703186, 184.800689697, -5.63488912582], [164.097183228, 89.2854690552, 13.6702575684, -3.03695845604, 21.465429306, -42.2543907166, -29.5089759827, -20.0695991516, 22.8223495483, -15.245552063, -11.6125555038, -5.63488912582, 75.7870407104]]}, "spectral_energyband_middle_low": {"dmean2": 0.00619051139802, "median": 0.00175218959339, "min": 1.78908377402e-22, "dvar2": 0.00014804827515, "dvar": 8.80529405549e-05, "dmean": 0.00463612517342, "max": 0.247246280313, "var": 0.000255962542724, "mean": 0.00915357563645}, "melbands_crest": {"dmean2": 5.49458312988, "median": 11.2843418121, "min": 1.62274873257, "dvar2": 22.8333683014, "dvar": 9.00148296356, "dmean": 3.38503503799, "max": 33.4817085266, "var": 27.4766960144, "mean": 12.0213489532}, "spectral_kurtosis": {"dmean2": 10.5032110214, "median": 9.20891189575, "min": -1.27681660652, "dvar2": 148.669158936, "dvar": 57.4836540222, "dmean": 6.29305458069, "max": 91.9527359009, "var": 111.464958191, "mean": 12.5850858688}, "spectral_rms": {"dmean2": 0.000929042231292, "median": 0.00189402222168, "min": 3.12549140215e-12, "dvar2": 1.50630842199e-06, "dvar": 1.15121270028e-06, "dmean": 0.000740394112654, "max": 0.0180820021778, "var": 5.94308266955e-06, "mean": 0.00270198355429}, "zerocrossingrate": {"dmean2": 0.0107042593881, "median": 0.03564453125, "min": 0.0068359375, "dvar2": 0.000232433711062, "dvar": 0.00022468228417, "dmean": 0.00939736608416, "max": 0.71435546875, "var": 0.0019702592399, "mean": 0.0488918162882}, "silence_rate_60dB": {"dmean2": 0.201624020934, "median": 0, "min": 0, "dvar2": 0.176617473364, "dvar": 0.0906269699335, "dmean": 0.100804291666, "max": 1, "var": 0.247925028205, "mean": 0.454427093267}, "erbbands_kurtosis": {"dmean2": 2.11594724655, "median": -0.0338960886002, "min": -1.8825930357, "dvar2": 10.0149288177, "dvar": 4.36932897568, "dmean": 1.30966663361, "max": 56.2050094604, "var": 7.51909542084, "mean": 0.631775856018}, "erbbands": {"dmean2": [0.000316922552884, 0.010408801958, 0.197411835194, 1.00887954235, 2.08491849899, 4.91388511658, 5.84040498734, 13.0802440643, 43.5449485779, 52.2928886414, 27.6104984283, 20.1175842285, 10.3460664749, 8.64508152008, 13.1426286697, 16.7033061981, 23.9098167419, 38.8158111572, 43.9722061157, 30.7223072052, 23.3466014862, 11.0543489456, 3.17971777916, 2.65496754646, 3.59656500816, 2.7055413723, 1.62180995941, 0.573263645172, 0.45118650794, 0.455464541912, 0.29596722126, 0.202746883035, 0.120380342007, 0.0457562059164, 0.0110537018627, 0.00298348348588, 0.000720373180229, 0.000124809288536, 1.49577454067e-05, 9.7981928775e-06], "median": [8.77418424352e-05, 0.00181188236456, 0.0357991829515, 0.173638477921, 0.347357690334, 0.74565577507, 1.04137897491, 1.54488754272, 4.09494304657, 3.46336364746, 1.96225166321, 1.15918004513, 0.670077443123, 0.530520677567, 0.499500602484, 0.558866143227, 1.17836928368, 1.94569945335, 2.1493768692, 2.02279162407, 2.16781759262, 0.916617512703, 0.237048387527, 0.2063370049, 0.378710985184, 0.312225103378, 0.191480562091, 0.0426340922713, 0.0325256958604, 0.0304213557392, 0.0143268182874, 0.00637333281338, 0.00490025430918, 0.00210668239743, 0.000430740648881, 0.000105521387013, 2.5725856176e-05, 4.81466122437e-06, 3.3729002098e-06, 4.69957285532e-06], "min": [6.27002487797e-23, 1.07387430555e-21, 4.44707524217e-21, 2.8292567805e-21, 1.3843701194e-20, 1.07228666807e-20, 5.91430712931e-20, 7.91351155073e-20, 1.23868836239e-19, 2.43127717376e-19, 2.67950347734e-19, 3.72349536627e-19, 7.18617344757e-19, 8.15653333729e-19, 8.19788926599e-19, 1.42819991267e-18, 1.62812109152e-18, 2.30042567946e-18, 2.25124152023e-18, 3.04504973777e-18, 4.42070548357e-18, 4.24849930134e-18, 5.80045473943e-18, 7.49517038431e-18, 6.8126930258e-18, 9.48809663413e-18, 9.90447536625e-18, 1.12326048296e-17, 1.1722533153e-17, 1.22072345222e-17, 1.18389993561e-17, 1.30326540672e-17, 1.16980684592e-17, 8.30565104747e-18, 5.45392065669e-18, 4.45689711691e-18, 2.4463151105e-18, 9.72072773973e-19, 2.61153456339e-19, 2.82720542913e-20], "dvar2": [5.27813517692e-06, 0.00188288651407, 0.408153682947, 6.39953565598, 34.2100296021, 173.398498535, 174.630950928, 1373.8013916, 19239.5585938, 22205.9980469, 8105.58837891, 8833.5390625, 1641.63220215, 1335.08007812, 4394.51074219, 5419.49804688, 4594.69824219, 11852.6044922, 31831.859375, 8447.19628906, 3324.17333984, 1069.79138184, 124.728462219, 193.537857056, 149.623062134, 53.5404624939, 16.6897830963, 2.82559204102, 1.68628644943, 2.31708192825, 1.46411287785, 0.681746542454, 0.390483260155, 0.0279978886247, 0.00165892578661, 0.000241739908233, 1.56413134391e-05, 4.71906645316e-07, 3.90362364655e-09, 3.23229554233e-10], "dvar": [1.94272729459e-06, 0.000793275074102, 0.186515003443, 2.98427391052, 17.4599895477, 90.2044448853, 101.392807007, 737.176513672, 8751.42578125, 11044.8740234, 4272.79931641, 5428.99414062, 984.711730957, 668.296569824, 2043.13146973, 3171.4831543, 2354.43896484, 6417.01171875, 15119.4902344, 4453.66455078, 1641.10742188, 478.503051758, 45.369758606, 97.2346725464, 69.5108642578, 24.2838249207, 8.30794811249, 1.22242593765, 0.773511648178, 1.08910787106, 0.652826070786, 0.313299626112, 0.166172549129, 0.0120740346611, 0.00061068724608, 8.0220932432e-05, 5.27335214429e-06, 1.56628345849e-07, 1.32013955323e-09, 2.04650463242e-10], "dmean": [0.000203210904147, 0.00725159188733, 0.138537615538, 0.696270227432, 1.45309960842, 3.49442529678, 4.05423402786, 9.04496383667, 29.1225757599, 36.2633743286, 20.076587677, 14.7589006424, 7.58746290207, 6.05416250229, 9.02395629883, 11.824514389, 16.4719657898, 26.93384552, 31.2599849701, 21.5021133423, 16.1879119873, 7.35897874832, 1.9689604044, 1.70164608955, 2.38766026497, 1.7808855772, 1.06607592106, 0.368142783642, 0.294130265713, 0.295969486237, 0.190547630191, 0.129870846868, 0.0764513239264, 0.0287072509527, 0.00663324492052, 0.00169601116795, 0.0004036067985, 6.98538788129e-05, 9.24583855522e-06, 7.45045372241e-06], "max": [0.059978030622, 1.11385083199, 27.7066917419, 68.0075683594, 201.013183594, 351.990661621, 431.419921875, 718.400024414, 3874.48876953, 2154.87133789, 2144.04052734, 5252.43066406, 1548.47387695, 1213.97253418, 2706.84228516, 3892.49243164, 1627.54870605, 2727.4050293, 8187.80224609, 2724.4387207, 1226.46936035, 868.825134277, 240.932693481, 922.611877441, 629.737365723, 169.848083496, 119.096176147, 33.8051719666, 28.4627742767, 31.3735256195, 32.0981750488, 14.5095319748, 18.1515388489, 4.32539749146, 0.69311362505, 0.343564391136, 0.0814878419042, 0.0111228516325, 0.00118105404545, 0.000419575197157], "var": [1.48488766172e-06, 0.00121117942035, 0.333146810532, 6.20069313049, 57.7289276123, 265.967041016, 282.204833984, 1465.15026855, 11975.3398438, 18280.9453125, 7802.43554688, 17017.40625, 2436.74560547, 1327.84057617, 3617.9675293, 6369.70703125, 4669.26855469, 12803.5478516, 23292.4785156, 8689.02148438, 3344.40966797, 940.465393066, 146.749862671, 363.915283203, 268.6144104, 57.0647468567, 19.9324741364, 2.43160676956, 1.46947598457, 1.64262628555, 0.9118090868, 0.415359973907, 0.17798987031, 0.0167631860822, 0.000939783465583, 9.06904097064e-05, 5.20606681675e-06, 1.47519884308e-07, 1.43216483117e-09, 6.75464018052e-10], "mean": [0.000298132712487, 0.0133817614987, 0.276526123285, 1.27848243713, 2.78740501404, 6.41961193085, 6.94265794754, 13.5226430893, 37.272857666, 46.0024108887, 28.9564990997, 23.1162090302, 12.0726966858, 9.92908477783, 13.7867069244, 17.7778167725, 24.2403354645, 38.8412094116, 44.8888816833, 33.5347633362, 26.1276454926, 12.2371530533, 3.9862446785, 3.20062828064, 3.97540903091, 2.75857663155, 1.63771057129, 0.606191217899, 0.456897735596, 0.422252327204, 0.259337544441, 0.168827280402, 0.0958174690604, 0.0383972637355, 0.00969140511006, 0.0023175382521, 0.00049436907284, 7.91117563494e-05, 1.41227728818e-05, 1.63862387126e-05]}, "spectral_strongpeak": {"dmean2": 0.668305695057, "median": 0.376606881618, "min": 0, "dvar2": 1.07863986492, "dvar": 0.519091963768, "dmean": 0.445113569498, "max": 16.2166595459, "var": 1.28841173649, "mean": 0.824881315231}, "spectral_energy": {"dmean2": 0.00806961581111, "median": 0.00367700308561, "min": 1.00129138784e-20, "dvar2": 0.000230901801842, "dvar": 0.000148096980411, "dmean": 0.00620054639876, "max": 0.335132777691, "var": 0.000482048257254, "mean": 0.0135748563334}, "average_loudness": 0.433111786842, "spectral_rolloff": {"dmean2": 770.988342285, "median": 1076.66015625, "min": 129.19921875, "dvar2": 1564718.25, "dvar": 772498.125, "dmean": 471.44354248, "max": 21963.8671875, "var": 2790022.5, "mean": 1463.83044434}, "spectral_centroid": {"dmean2": 386.684631348, "median": 801.342285156, "min": 171.964874268, "dvar2": 336504.25, "dvar": 176566.703125, "dmean": 255.799026489, "max": 11685.8964844, "var": 859010.0625, "mean": 1099.52734375}, "pitch_salience": {"dmean2": 0.11764639616, "median": 0.699247360229, "min": 0.0854246690869, "dvar2": 0.0107800913975, "dvar": 0.00421009585261, "dmean": 0.0729581639171, "max": 0.885571718216, "var": 0.0121204722673, "mean": 0.678789019585}, "spectral_energyband_middle_high": {"dmean2": 0.00249795080163, "median": 0.000516364176292, "min": 1.19415628228e-21, "dvar2": 3.36456832883e-05, "dvar": 2.03562121897e-05, "dmean": 0.00188144831918, "max": 0.213351339102, "var": 6.63025202812e-05, "mean": 0.00400749687105}, "spectral_contrast_coeffs": {"dmean2": [0.0896667391062, 0.0852488353848, 0.0641528740525, 0.055058311671, 0.0438914187253, 0.0340791754425], "median": [-0.573895931244, -0.743571460247, -0.831853866577, -0.815309405327, -0.805066406727, -0.794398665428], "min": [-0.97758936882, -0.977217495441, -0.97563791275, -0.969406306744, -0.966207206249, -0.964544177055], "dvar2": [0.00513741979375, 0.00506805256009, 0.00285745109431, 0.00234905583784, 0.00156606268138, 0.000921969127376], "dvar": [0.00246107578278, 0.00259077758528, 0.00149946310557, 0.00140300486237, 0.000746010278817, 0.000468526384793], "dmean": [0.0581781342626, 0.056302588433, 0.0416902787983, 0.0374242924154, 0.0286882221699, 0.0229505170137], "max": [-0.190641328692, -0.293618887663, -0.395047485828, -0.437602519989, -0.522692382336, -0.61251282692], "var": [0.0166388917714, 0.0160288009793, 0.00707251671702, 0.00717065203935, 0.0037746867165, 0.0023150339257], "mean": [-0.552985727787, -0.717126131058, -0.808905780315, -0.792265355587, -0.800799548626, -0.793933033943]}, "melbands_skewness": {"dmean2": 0.972996652126, "median": 1.68575048447, "min": -1.70495462418, "dvar2": 1.03452050686, "dvar": 0.451660871506, "dmean": 0.624934196472, "max": 11.6067705154, "var": 1.56535983086, "mean": 1.7723634243}, "spectral_spread": {"dmean2": 682012.1875, "median": 2453618.5, "min": 862996.1875, "dvar2": 689014439936, "dvar": 344132648960, "dmean": 431067.1875, "max": 42041924, "var": 5786846101500.0, "mean": 2758754.5}, "dissonance": {"dmean2": 0.0458398461342, "median": 0.452505588531, "min": 0.137969866395, "dvar2": 0.00241480325349, "dvar": 0.00102171185426, "dmean": 0.0285304058343, "max": 0.500000059605, "var": 0.00313302385621, "mean": 0.438327103853}, "spectral_skewness": {"dmean2": 0.92759013176, "median": 2.11063337326, "min": -0.102402195334, "dvar2": 0.920782089233, "dvar": 0.379584729671, "dmean": 0.57569539547, "max": 7.4087471962, "var": 1.01474010944, "mean": 2.29623055458}, "spectral_flux": {"dmean2": 0.034052234143, "median": 0.0434217453003, "min": 6.40637681792e-11, "dvar2": 0.00204885820858, "dvar": 0.000976011389866, "dmean": 0.0221916548908, "max": 0.497982293367, "var": 0.00307665509172, "mean": 0.059037797153}, "spectral_contrast_valleys": {"dmean2": [0.864139616489, 0.70526432991, 0.638895153999, 0.57868129015, 0.619984030724, 0.582725644112], "median": [-9.8604221344, -7.39525508881, -8.59074401855, -8.36177253723, -8.97300338745, -12.4395084381], "min": [-27.8960666656, -27.9555778503, -28.167388916, -27.623922348, -27.5222587585, -27.3795032501], "dvar2": [0.46518266201, 0.35768315196, 0.326990664005, 0.287140190601, 0.40333378315, 0.381818652153], "dvar": [0.187249690294, 0.163521543145, 0.16018293798, 0.163094833493, 0.225849673152, 0.228674501181], "dmean": [0.532982707024, 0.442358016968, 0.410943895578, 0.393784344196, 0.438302278519, 0.420161813498], "max": [-6.65560865402, -4.95884990692, -5.11040258408, -5.02529001236, -6.00333547592, -8.38481235504], "var": [2.00038099289, 2.37891149521, 2.78560137749, 2.83527946472, 2.88855433464, 2.4286866188], "mean": [-9.87068462372, -7.58384799957, -8.55889701843, -8.39389610291, -9.10034370422, -12.3507184982]}, "erbbands_flatness_db": {"dmean2": 0.034568592906, "median": 0.250216364861, "min": 0.064240321517, "dvar2": 0.00112520810217, "dvar": 0.00058130727848, "dmean": 0.0230796206743, "max": 0.438480079174, "var": 0.00293534668162, "mean": 0.248305678368}, "spectral_energyband_high": {"dmean2": 7.6859818364e-05, "median": 1.06717134258e-05, "min": 7.09947390107e-21, "dvar2": 3.60634722085e-08, "dvar": 1.78488512859e-08, "dmean": 5.16838990734e-05, "max": 0.00456092925742, "var": 4.12817726669e-08, "mean": 8.54101162986e-05}, "spectral_entropy": {"dmean2": 0.349285513163, "median": 6.98115634918, "min": 4.61784791946, "dvar2": 0.133570596576, "dvar": 0.0737653970718, "dmean": 0.236327245831, "max": 9.82162570953, "var": 0.389594256878, "mean": 7.03010940552}, "silence_rate_20dB": {"dmean2": 0, "median": 1, "min": 1, "dvar2": 0, "dvar": 0, "dmean": 0, "max": 1, "var": 0, "mean": 1}, "melbands_flatness_db": {"dmean2": 0.050720654428, "median": 0.263046234846, "min": 0.00355235021561, "dvar2": 0.00281305937096, "dvar": 0.00157166749705, "dmean": 0.0349953398108, "max": 0.549335837364, "var": 0.00818593986332, "mean": 0.252261996269}, "barkbands": {"dmean2": [4.19741354563e-07, 2.82946311927e-05, 0.000269173760898, 0.000440112722572, 0.00116134784184, 0.00131855520885, 0.0036863158457, 0.00165565521456, 0.000837204337586, 0.000294049881632, 0.000312868040