{"metadata": {"tags": {"album": ["Ladies Edition"], "albumartist": ["H-Town"], "musicbrainz_recordingid": ["025dafa1-56a0-4527-90f5-ea0c7f05b62e"], "artist": ["H-Town"], "date": ["1997"], "tracknumber": ["17"], "title": ["Visions In My Mind"], "file_name": "266641.mp3"}, "audio_properties": {"sample_rate": 44100, "downmix": "mix", "lossless": false, "analysis_sample_rate": 44100, "md5_encoded": "3198f4af5de3a1dfc3c9b8e04a17c2ed", "equal_loudness": 0, "replay_gain": -9.3542137146, "codec": "mp3", "bit_rate": 192000, "length": 241.554290771}, "version": {"extractor": "music 1.0", "essentia_build_sha": "70f2e5ece6736b2c40cc944ad0e695b16b925413", "essentia_git_sha": "v2.1_beta2", "essentia": "2.1-beta2"}}, "rhythm": {"beats_loudness_band_ratio": {"dvar2": [0.300239652395, 0.126901090145, 0.0951283127069, 0.0531898364425, 0.0140896718949, 0.13265645504], "var": [0.129273086786, 0.0571024045348, 0.0296555962414, 0.0145029108971, 0.00477147148922, 0.059204172343], "min": [0.000409487838624, 0.000796941516455, 0.000222700211452, 0.000106082719867, 0.000203549861908, 0.000738890492357], "dmean": [0.420331567526, 0.287563771009, 0.183391347528, 0.106324844062, 0.0638665482402, 0.254756182432], "mean": [0.307284593582, 0.247439414263, 0.138671875, 0.0946177765727, 0.0574672855437, 0.17862829566], "max": [0.993738293648, 0.99047935009, 0.888530790806, 0.8654769063, 0.449157476425, 0.931093990803], "dmean2": [0.744433939457, 0.55234515667, 0.348947256804, 0.188939422369, 0.109233781695, 0.435806155205], "median": [0.125034481287, 0.173093795776, 0.0653178617358, 0.0624190084636, 0.0354464761913, 0.051611546427], "dvar": [0.125675022602, 0.0403955616057, 0.0311429686844, 0.0175258908421, 0.0050080451183, 0.0577765926719]}, "bpm_histogram_first_peak_weight": {"dvar2": 0, "var": 0, "min": 0.529166638851, "dmean": 0, "mean": 0.529166638851, "max": 0.529166638851, "dmean2": 0, "median": 0.529166638851, "dvar": 0}, "bpm": 121.926460266, "beats_count": 481, "bpm_histogram_first_peak_spread": {"dvar2": 0, "var": 0, "min": 0.410672903061, "dmean": 0, "mean": 0.410672903061, "max": 0.410672903061, "dmean2": 0, "median": 0.410672903061, "dvar": 0}, "danceability": 1.24899208546, "bpm_histogram_first_peak_bpm": {"dvar2": 0, "var": 0, "min": 123, "dmean": 0, "mean": 123, "max": 123, "dmean2": 0, "median": 123, "dvar": 0}, "beats_position": [0.406349211931, 0.847528338432, 1.30031740665, 1.78793644905, 2.27555561066, 2.77478456497, 3.27401351929, 3.76163268089, 4.2492518425, 4.73687076569, 5.22448968887, 5.71210861206, 6.21133756638, 6.71056699753, 7.19818592072, 7.6858048439, 8.17342376709, 8.67265319824, 9.17188167572, 9.65950107574, 10.1471195221, 10.6463489532, 11.1455783844, 11.6331968307, 12.1208162308, 12.6084346771, 13.0960540771, 13.5836734772, 14.0829019547, 14.5821313858, 15.0697498322, 15.5689792633, 16.0565986633, 16.5442180634, 17.0434455872, 17.5310649872, 18.0186843872, 18.5179138184, 19.0171432495, 19.5047607422, 19.9923801422, 20.4799995422, 20.9676189423, 21.4552383423, 21.9544658661, 22.4536952972, 22.9413146973, 23.4289340973, 23.9281635284, 24.4273910522, 24.9150104523, 25.4026298523, 25.8902492523, 26.3894786835, 26.8887062073, 27.3763256073, 27.8639450073, 28.3515644073, 28.8391838074, 29.3384113312, 29.8376407623, 30.3252601624, 30.8128795624, 31.3121089935, 31.8113365173, 32.2989578247, 32.7865753174, 33.2741928101, 33.7618141174, 34.2610435486, 34.7602729797, 35.2478904724, 35.7355079651, 36.2231292725, 36.7107467651, 37.186756134, 37.6859855652, 38.1852149963, 38.6844444275, 39.1836738586, 39.6829032898, 40.1705207825, 40.6581382751, 41.1457595825, 41.6333770752, 42.1326065063, 42.6318359375, 43.1194534302, 43.6070747375, 44.0946922302, 44.5823135376, 45.0815429688, 45.5807685852, 46.0683898926, 46.5560073853, 47.0552368164, 47.5544662476, 48.0536956787, 48.5297050476, 49.0289344788, 49.5165519714, 50.0157814026, 50.5033988953, 50.9910202026, 51.4786376953, 51.9662590027, 52.4654884338, 52.9647140503, 53.4523353577, 53.9399528503, 54.4275741577, 54.9151916504, 55.4144210815, 55.9020385742, 56.4012680054, 56.9004974365, 57.3881187439, 57.8873443604, 58.3749656677, 58.8625831604, 59.3502044678, 59.8378219604, 60.3254394531, 60.8246688843, 61.3238983154, 61.8115196228, 62.2991371155, 62.7983665466, 63.2975959778, 63.7852134705, 64.2728347778, 64.772064209, 65.2596817017, 65.7589111328, 66.2465286255, 66.7341461182, 67.2217712402, 67.7093887329, 68.1970062256, 68.6962356567, 69.1954650879, 69.6830825806, 70.1707000732, 70.6699295044, 71.1691589355, 71.6567764282, 72.1444015503, 72.6436233521, 73.1428527832, 73.6304779053, 74.1180953979, 74.6057128906, 75.0933303833, 75.580947876, 76.068572998, 76.5678024292, 77.0670318604, 77.554649353, 78.0422668457, 78.5414962769, 79.040725708, 79.5283432007, 80.0159606934, 80.5151901245, 81.0144195557, 81.5020370483, 81.9896621704, 82.4772796631, 82.9648971558, 83.4641265869, 83.9633560181, 84.4509735107, 84.9385910034, 85.4262084961, 85.9138336182, 86.4130630493, 86.9122848511, 87.3999099731, 87.8875274658, 88.3751449585, 88.8743743896, 89.3736038208, 89.8612213135, 90.3488388062, 90.8364639282, 91.3356933594, 91.8349151611, 92.3225402832, 92.8101577759, 93.2977752686, 93.7853927612, 94.2846221924, 94.7838516235, 95.2714691162, 95.7590942383, 96.246711731, 96.7343292236, 97.2219467163, 97.7327880859, 98.2204055786, 98.7080230713, 99.2072525024, 99.7064819336, 100.194099426, 100.681724548, 101.169342041, 101.656959534, 102.156188965, 102.655418396, 103.143035889, 103.630653381, 104.118278503, 104.605895996, 105.105125427, 105.604354858, 106.091972351, 106.579589844, 107.067207336, 107.554824829, 108.042449951, 108.541679382, 109.029296875, 109.528526306, 110.027755737, 110.526985168, 111.014602661, 111.502220154, 112.001449585, 112.500679016, 112.988296509, 113.475914001, 113.963539124, 114.451156616, 114.950386047, 115.449615479, 115.937232971, 116.424850464, 116.912467957, 117.400085449, 117.89931488, 118.398544312, 118.886169434, 119.373786926, 119.873016357, 120.372245789, 120.859863281, 121.347480774, 121.846710205, 122.322715759, 122.82194519, 123.321174622, 123.808792114, 124.296417236, 124.784034729, 125.271652222, 125.770881653, 126.270111084, 126.757728577, 127.245346069, 127.7445755, 128.243804932, 128.731430054, 129.219039917, 129.706665039, 130.194290161, 130.693511963, 131.192733765, 131.680358887, 132.167984009, 132.655593872, 133.143218994, 133.642440796, 134.141677856, 134.640899658, 135.116912842, 135.616149902, 136.115371704, 136.602996826, 137.090606689, 137.578231812, 138.065841675, 138.553466797, 139.052688599, 139.540313721, 140.039550781, 140.527160645, 141.014785767, 141.514007568, 142.013244629, 142.500854492, 142.988479614, 143.487701416, 143.986938477, 144.47454834, 144.962173462, 145.449798584, 145.937408447, 146.436645508, 146.93586731, 147.423492432, 147.911102295, 148.398727417, 148.886352539, 149.385574341, 149.884811401, 150.372421265, 150.860046387, 151.359268188, 151.858505249, 152.346115112, 152.833740234, 153.321365356, 153.80897522, 154.30821228, 154.807434082, 155.295059204, 155.782669067, 156.281906128, 156.78112793, 157.268753052, 157.756362915, 158.255599976, 158.743209839, 159.242446899, 159.730072021, 160.229293823, 160.728515625, 161.216140747, 161.703765869, 162.191375732, 162.679000854, 163.166610718, 163.65423584, 164.141860962, 164.641082764, 165.140319824, 165.627929688, 166.11555481, 166.603164673, 167.102401733, 167.601623535, 168.089248657, 168.576873779, 169.064483643, 169.552108765, 170.051330566, 170.550567627, 171.03817749, 171.525802612, 172.013427734, 172.501037598, 173.000274658, 173.49949646, 173.987121582, 174.474731445, 174.973968506, 175.473190308, 175.96081543, 176.448425293, 176.936050415, 177.423675537, 177.922897339, 178.422134399, 178.909744263, 179.397369385, 179.884979248, 180.384216309, 180.871826172, 181.371063232, 181.870285034, 182.357910156, 182.857131958, 183.34475708, 183.832382202, 184.319992065, 184.807617188, 185.306838989, 185.80607605, 186.293685913, 186.781311035, 187.268936157, 187.768157959, 188.255783081, 188.743392944, 189.242630005, 189.730239868, 190.21786499, 190.717086792, 191.216323853, 191.703948975, 192.203170776, 192.702392578, 193.1900177, 193.677642822, 194.165252686, 194.652877808, 195.140487671, 195.639724731, 196.138946533, 196.626571655, 197.114196777, 197.613418579, 198.101043701, 198.600265503, 199.087890625, 199.587112427, 200.074737549, 200.562347412, 201.049972534, 201.537597656, 202.036819458, 202.52444458, 203.012054443, 203.511291504, 204.010513306, 204.498138428, 204.985748291, 205.484985352, 205.972610474, 206.471832275, 207.02911377, 207.598007202, 208.236557007, 208.863494873, 209.502029419, 210.140579224, 210.76751709, 211.429290771, 212.091064453, 212.787658691, 213.495864868, 214.192474365, 214.900680542, 215.59727478, 216.293869019, 216.990478516, 217.687072754, 218.395278931, 218.987380981, 219.579498291, 220.171600342, 220.763717651, 221.367431641, 222.005981445, 222.64453125, 223.306304932, 223.956451416, 224.560180664, 225.163894653, 225.767608643, 226.371337891, 226.986663818, 227.590377808, 228.205703735, 228.809432983, 229.297042847, 229.796279907, 230.295501709, 230.783126831, 231.282348633, 231.781585693, 232.280807495, 232.780044556, 233.279266357, 233.778503418, 234.27772522, 234.77696228, 235.276184082, 235.775421143, 236.274642944, 236.692596436, 237.110565186, 237.528518677, 237.92326355, 238.317993164, 238.724349976, 239.119094849, 239.525436401, 239.931793213, 240.338134766, 240.744491577], "beats_loudness": {"dvar2": 0.0447246022522, "var": 0.0134495338425, "min": 1.55645762945e-09, "dmean": 0.124933838844, "mean": 0.0752563625574, "max": 0.478332877159, "dmean2": 0.246911332011, "median": 0.0223006606102, "dvar": 0.0184181295335}, "bpm_histogram_second_peak_weight": {"dvar2": 0, "var": 0, "min": 0.0187500007451, "dmean": 0, "mean": 0.0187500007451, "max": 0.0187500007451, "dmean2": 0, "median": 0.0187500007451, "dvar": 0}, "bpm_histogram_second_peak_spread": {"dvar2": 0, "var": 0, "min": 0.399999976158, "dmean": 0, "mean": 0.399999976158, "max": 0.399999976158, "dmean2": 0, "median": 0.399999976158, "dvar": 0}, "bpm_histogram_second_peak_bpm": {"dvar2": 0, "var": 0, "min": 99, "dmean": 0, "mean": 99, "max": 99, "dmean2": 0, "median": 99, "dvar": 0}, "onset_rate": 3.31582546234}, "lowlevel": {"spectral_energyband_high": {"dvar2": 1.25255692183e-05, "var": 6.62347383695e-06, "min": 7.17657698924e-21, "dmean": 0.000646220345516, "mean": 0.000824042363092, "max": 0.0412145256996, "dmean2": 0.000973475456703, "median": 0.000161956762895, "dvar": 5.50496679352e-06}, "spectral_energyband_middle_low": {"dvar2": 0.00015148698003, "var": 0.000136640213896, "min": 1.60951656524e-22, "dmean": 0.0034263022244, "mean": 0.00844988040626, "max": 0.131873503327, "dmean2": 0.00538184074685, "median": 0.00392213650048, "dvar": 5.90933886997e-05}, "spectral_energy": {"dvar2": 0.00922226253897, "var": 0.00373168569058, "min": 1.02454493736e-20, "dmean": 0.0145757477731, "mean": 0.0215636603534, "max": 0.66603153944, "dmean2": 0.0227567162365, "median": 0.00723861111328, "dvar": 0.00397846801206}, "spectral_spread": {"dvar2": 2327611441150.0, "var": 6320551362560.0, "min": 1153916.125, "dmean": 763121.875, "mean": 5421977.5, "max": 42712764, "dmean2": 1064028.75, "median": 4982933.5, "dvar": 1229209337860.0}, "spectral_energyband_low": {"dvar2": 0.00877432432026, "var": 0.00322574703023, "min": 2.02764326348e-23, "dmean": 0.0103265475482, "mean": 0.00850894022733, "max": 0.631206512451, "dmean2": 0.0166303124279, "median": 0.000389826658648, "dvar": 0.00375468516722}, "spectral_rolloff": {"dvar2": 3837063.25, "var": 5883804.5, "min": 64.599609375, "dmean": 633.668395996, "mean": 1826.78735352, "max": 19638.28125, "dmean2": 991.398376465, "median": 990.52734375, "dvar": 2042841.125}, "barkbands": {"dvar2": [3.60056333193e-06, 0.00577023904771, 0.00123059086036, 8.05402305559e-05, 1.00775496321e-05, 9.93405137706e-06, 4.96151005791e-06, 1.72934069269e-05, 2.07982211577e-05, 3.28475880451e-06, 8.28067004477e-06, 9.2739592219e-06, 3.0546632388e-06, 1.39792643949e-06, 9.35859418405e-07, 1.89044158105e-06, 3.59644872105e-07, 2.9224941045e-07, 8.78200012266e-07, 3.95092428107e-07, 3.16797098776e-07, 5.11849123086e-07, 2.57212803945e-07, 1.60963168128e-07, 2.43257795773e-06, 3.76731712493e-08, 2.5238113821e-08], "var": [1.5723147726e-06, 0.00191677885596, 0.000224326606258, 1.45847116073e-05, 1.96868313651e-05, 1.92215375137e-05, 7.77763034421e-06, 1.28387800942e-05, 3.67957181879e-05, 3.57397198059e-06, 1.10028449853e-05, 7.02090665072e-06, 5.26142866875e-06, 1.38194093324e-06, 7.80398465849e-07, 1.94499511963e-06, 2.94070531481e-07, 1.74929112973e-07, 2.66414815542e-07, 1.01411337994e-07, 1.29492747192e-07, 2.62553356833e-07, 1.14623361469e-07, 1.06156711865e-07, 1.01632156202e-06, 3.35112382288e-08, 8.17631917727e-09], "min": [1.18330624758e-24, 5.06355181692e-24, 2.02253503413e-24, 1.35039753832e-24, 8.10327782604e-24, 1.55189276891e-23, 9.17669190383e-24, 1.22941329395e-23, 2.08932761088e-23, 1.83901336818e-23, 2.39797827529e-23, 3.06889769097e-23, 4.46116587566e-23, 3.53315085339e-23, 6.16716940661e-23, 8.06363898551e-23, 6.6511109595e-23, 1.12447388874e-22, 1.54345962495e-22, 1.65333166696e-22, 3.18724039516e-22, 3.0968104297e-22, 3.87320556557e-22, 6.55653777035e-22, 1.00079827026e-21, 1.30302413591e-21, 1.92212459771e-21], "dmean": [0.00021924750763, 0.00796728301793, 0.00291207432747, 0.00082296913024, 0.00108914508019, 0.000770080136135, 0.000481974508148, 0.000595114019234, 0.00090349058155, 0.000332574330969, 0.000531769706868, 0.000484677642817, 0.000332663068548, 0.000224868490477, 0.000195490836632, 0.00025130942231, 0.000158269278472, 0.000123449397506, 0.00016312491789, 9.40680256463e-05, 9.32394177653e-05, 0.000130445157993, 8.74786637723e-05, 9.05803899514e-05, 0.000218357570702, 3.43123865605e-05, 1.70770272234e-05], "mean": [0.000190512597328, 0.00602471781895, 0.00194930238649, 0.000595145800617, 0.00240052188747, 0.00171691714786, 0.000871609023307, 0.000911963055842, 0.00182411971036, 0.000509272969794, 0.00080454791896, 0.000658437958919, 0.000639097066596, 0.000340525555657, 0.000273193203611, 0.000353447336238, 0.000247194751864, 0.000173649925273, 0.000209090663702, 9.9359152955e-05, 0.000107524225314, 0.000161801523063, 0.000111049077532, 0.000117777904961, 0.000214254978346, 4.42161253886e-05, 1.44015730257e-05], "max": [0.0193886086345, 0.504003763199, 0.228106886148, 0.0575656481087, 0.0575826689601, 0.093406483531, 0.0823065117002, 0.103169754148, 0.126264855266, 0.0529517270625, 0.0760273635387, 0.0754867121577, 0.0360040329397, 0.0267816521227, 0.0208900533617, 0.0381685644388, 0.00936346035451, 0.0059473705478, 0.00729034887627, 0.00483003817499, 0.0055262860842, 0.00683490233496, 0.0131991747767, 0.00890237186104, 0.0136477155611, 0.00879371818155, 0.00177178927697], "dmean2": [0.000336903205607, 0.0134077593684, 0.00557417329401, 0.00156493182294, 0.00167908158619, 0.0011757845059, 0.000769878388382, 0.000889122427907, 0.00129265582655, 0.000526564894244, 0.000836891587824, 0.000765471020713, 0.000485114433104, 0.000345529755577, 0.00031504832441, 0.000406129984185, 0.000252764963079, 0.000204937299713, 0.000276225007838, 0.000161310628755, 0.00014522174024, 0.000207127464819, 0.000140207426739, 0.000141125943628, 0.000334866490448, 5.18164415553e-05, 2.74186349998e-05], "median": [1.43912461681e-06, 6.43339590169e-05, 0.000147141618072, 7.77068053139e-05, 0.000898447935469, 0.000515194609761, 0.00015326574794, 0.000107857842522, 0.00010027391545, 6.67766216793e-05, 6.7253895395e-05, 5.31417681486e-05, 6.44807587378e-05, 4.3205676775e-05, 3.4101154597e-05, 3.02271146211e-05, 3.62621576642e-05, 2.66549450316e-05, 3.68833607354e-05, 1.78546215466e-05, 1.37398001243e-05, 1.78198570211e-05, 2.06288386835e-05, 2.25417206821e-05, 1.48101898958e-05, 7.55261362428e-06, 1.9689505848e-07], "dvar": [1.5654982235e-06, 0.00238256924786, 0.00041914024041, 2.72430934274e-05, 4.40903068011e-06, 4.97313203596e-06, 2.17661977331e-06, 7.6412643466e-06, 1.07749510789e-05, 1.53075984599e-06, 3.89159868064e-06, 3.93079790229e-06, 1.5190622662e-06, 6.52256005651e-07, 4.19694487164e-07, 8.45068655053e-07, 1.47167028786e-07, 1.11871351294e-07, 3.16897398989e-07, 1.41287387123e-07, 1.26356070496e-07, 2.12418669321e-07, 1.01971828315e-07, 6.93885624514e-08, 1.02107765088e-06, 1.85314110723e-08, 9.83689929512e-09]}, "melbands_skewness": {"dvar2": 3.85528540611, "var": 4.49438810349, "min": -1.3885037899, "dmean": 0.812089681625, "mean": 2.65740966797, "max": 21.9630889893, "dmean2": 1.20435237885, "median": 2.29789972305, "dvar": 1.94989407063}, "barkbands_skewness": {"dvar2": 2.60484337807, "var": 2.70921874046, "min": -3.85324120522, "dmean": 0.662278234959, "mean": 1.77093231678, "max": 18.1856994629, "dmean2": 0.974037051201, "median": 1.58581972122, "dvar": 1.19528126717}, "erbbands": {"dvar2": [5.99224996567, 307.668823242, 1685.25244141, 1336.88696289, 197.924880981, 222.984741211, 485.195251465, 1062.93737793, 650.06640625, 3063.00146484, 8673.08300781, 13254.5751953, 4274.95654297, 6112.97851562, 14479.7509766, 11982.7822266, 4830.63623047, 3983.01245117, 1753.63012695, 3181.5546875, 3489.70263672, 1065.33044434, 671.124328613, 3948.11547852, 610.742004395, 911.636047363, 1023.21685791, 301.288299561, 549.907653809, 380.548797607, 247.448165894, 80.1219482422, 88.3109054565, 370.771789551, 60.5314559937, 1.4711253643, 0.125743448734, 0.0353933833539, 0.00122310454026, 2.96299106139e-07], "var": [1.71632695198, 97.1304931641, 337.010986328, 240.968841553, 58.1503219604, 533.114379883, 524.108337402, 2115.98535156, 853.270202637, 3880.15112305, 8855.48730469, 22592.1679688, 5595.4296875, 5918.625, 15634.9208984, 9381.56347656, 9679.88574219, 6410.97412109, 1501.44689941, 3575.16870117, 4607.25048828, 861.449951172, 525.313903809, 987.660339355, 303.327026367, 234.280059814, 359.857543945, 142.264602661, 277.681945801, 200.87940979, 108.590797424, 53.818195343, 51.6499061584, 176.847808838, 20.1059417725, 1.12155079842, 0.0959282293916, 0.0105755459517, 0.000432192202425, 1.12578945277e-07], "min": [1.68302300304e-22, 1.2535140643e-21, 2.08236519395e-21, 5.99869724247e-21, 1.08414960128e-20, 2.119553546e-20, 3.77513146977e-20, 1.2651878688e-19, 2.15236479591e-19, 9.76311841967e-20, 3.5107925926e-19, 5.7692332208e-19, 6.06367022779e-19, 7.12657146552e-19, 1.5084273331e-18, 1.58525659218e-18, 2.60782191831e-18, 2.61076502693e-18, 2.23786001267e-18, 2.66511099997e-18, 3.80546053807e-18, 4.34290377029e-18, 5.50442623694e-18, 8.0989468842e-18, 7.73616366551e-18, 8.92652454345e-18, 1.04860412395e-17, 1.09532998511e-17, 1.21265885484e-17, 1.24737885115e-17, 1.1551754271e-17, 1.2747689519e-17, 1.14430619113e-17, 9.53567606297e-18, 6.9730821058e-18, 4.4415123847e-18, 2.34817612788e-18, 8.42213689608e-19, 2.74173796169e-19, 2.67388895662e-20], "dmean": [0.24358278513, 1.81061577797, 3.55016994476, 3.1517355442, 2.1882557869, 4.99489736557, 5.93824052811, 6.79406404495, 5.41813564301, 10.1351280212, 14.1665124893, 21.2222309113, 11.8379945755, 14.5706567764, 20.6745281219, 18.4362697601, 13.8000249863, 12.4699268341, 8.37366962433, 11.4761552811, 11.6858091354, 8.26955986023, 6.15693187714, 9.20210552216, 5.63671064377, 4.3825507164, 4.59406661987, 3.1713244915, 4.18161201477, 3.77355241776, 2.52881240845, 1.96591842175, 1.99395191669, 2.81345462799, 1.01796877384, 0.200526729226, 0.063705585897, 0.023318765685, 0.00376736349426, 7.61014598538e-05], "mean": [0.17265085876, 1.34430253506, 2.3739593029, 2.26055407524, 2.83457589149, 11.0363607407, 12.0561199188, 14.8349962234, 9.5207901001, 18.558555603, 24.8376140594, 42.2589569092, 22.3688735962, 23.9412822723, 32.1363945007, 26.9353313446, 27.969997406, 23.3216114044, 13.7671556473, 17.3405742645, 17.91639328, 13.9990119934, 10.2633981705, 10.6930980682, 8.41789913177, 4.7787103653, 4.79349470139, 3.89665865898, 5.12401247025, 5.0851931572, 3.12343335152, 2.53284502029, 2.39958739281, 2.88625812531, 0.933401226997, 0.246704027057, 0.0773672685027, 0.0207548998296, 0.00330364401452, 8.09749180917e-05], "max": [17.7018585205, 120.375839233, 269.067657471, 233.364196777, 123.905784607, 324.28604126, 432.260620117, 1050.65563965, 858.646850586, 2237.47143555, 2276.78100586, 3401.53295898, 1767.2989502, 2018.74328613, 2220.6081543, 1923.18334961, 1555.35656738, 1536.59692383, 1062.86999512, 1704.36743164, 2001.64135742, 516.623168945, 288.667633057, 500.013031006, 212.679534912, 236.711959839, 305.226715088, 210.43321228, 260.340148926, 220.507629395, 468.460205078, 229.905456543, 135.900543213, 171.767211914, 117.290611267, 46.5271034241, 14.8094978333, 1.99079334736, 0.365521460772, 0.00545806437731], "dmean2": [0.418294042349, 3.04358386993, 6.58075046539, 6.02539682388, 3.73593950272, 7.61276054382, 8.99954605103, 10.1431980133, 8.33854484558, 15.8605480194, 20.7784614563, 30.1147937775, 17.8231372833, 22.7227783203, 32.1947059631, 29.1630096436, 19.7101669312, 18.5354194641, 13.1279993057, 17.822221756, 18.7918624878, 13.2222232819, 9.88956642151, 15.8878250122, 9.22172737122, 7.5093536377, 7.28423261642, 5.06812572479, 6.58030319214, 5.90484666824, 4.05080795288, 3.07884454727, 3.04752588272, 4.20968294144, 1.66664540768, 0.310146659613, 0.0965647473931, 0.0384805351496, 0.00597237842157, 0.000118281357572], "median": [0.000995661714114, 0.025380153209, 0.179975628853, 0.316426813602, 0.867077767849, 3.65532207489, 4.83112812042, 3.98152303696, 2.79309177399, 3.24537920952, 3.28631639481, 2.58201146126, 3.05376911163, 3.97812175751, 3.00649619102, 2.84245109558, 3.03239965439, 2.5967965126, 2.41645693779, 1.86825335026, 2.00967502594, 2.11547851562, 1.73755407333, 1.89353811741, 1.64241051674, 0.957563042641, 0.626693606377, 0.503348052502, 0.561551868916, 0.782553315163, 0.564033925533, 0.413560837507, 0.390177577734, 0.190262973309, 0.083394035697, 0.0411039292812, 0.0109711419791, 0.00134999677539, 4.45581972599e-05, 1.43220222526e-05], "dvar": [2.33633708954, 124.752548218, 588.139892578, 453.542694092, 69.3728103638, 100.018081665, 209.14805603, 548.743774414, 332.839172363, 1309.04724121, 4052.72216797, 7101.36083984, 1869.9498291, 2782.43383789, 6285.36914062, 5019.15820312, 2637.85083008, 1864.10302734, 746.817810059, 1525.56860352, 1478.72570801, 426.375610352, 262.10748291, 1395.08361816, 232.490142822, 326.573272705, 406.595062256, 118.557723999, 226.044815063, 157.983413696, 98.9965362549, 35.1843261719, 39.2136573792, 162.804641724, 23.4996871948, 0.680297195911, 0.0592346452177, 0.0134705966339, 0.000489120662678, 1.21253236784e-07]}, "silence_rate_30dB": {"dvar2": 0.0416337437928, "var": 0.0283663738519, "min": 0, "dmean": 0.0213399976492, "mean": 0.970780491829, "max": 1, "dmean2": 0.0426841005683, "median": 1, "dvar": 0.0208862237632}, "melbands_spread": {"dvar2": 508.05255127, "var": 790.421142578, "min": 0.450515210629, "dmean": 8.29785823822, "mean": 23.8344326019, "max": 260.206512451, "dmean2": 11.9119300842, "median": 15.8651733398, "dvar": 273.206451416}, "melbands_crest": {"dvar2": 20.9053421021, "var": 32.7770233154, "min": 1.63341081142, "dmean": 3.07510757446, "mean": 14.2698011398, "max": 33.4491996765, "dmean2": 4.79348659515, "median": 13.068447113, "dvar": 9.20777797699}, "zerocrossingrate": {"dvar2": 0.000560715503525, "var": 0.00373806408606, "min": 0.00537109375, "dmean": 0.0150376828387, "mean": 0.0693949759007, "max": 0.52392578125, "dmean2": 0.0164314955473, "median": 0.05224609375, "dvar": 0.000549765944015}, "barkbands_kurtosis": {"dvar2": 839.225341797, "var": 319.037261963, "min": -1.91639697552, "dmean": 5.22888994217, "mean": 7.09872865677, "max": 371.672302246, "dmean2": 8.45956707001, "median": 3.10342049599, "dvar": 327.329437256}, "spectral_flux": {"dvar2": 0.00996616575867, "var": 0.00899423379451, "min": 6.46587020037e-11, "dmean": 0.0298484880477, "mean": 0.068343386054, "max": 0.764080762863, "dmean2": 0.0468409880996, "median": 0.0424713417888, "dvar": 0.00488898297772}, "barkbands_crest": {"dvar2": 17.344751358, "var": 24.641078949, "min": 2.58153939247, "dmean": 2.66317439079, "mean": 11.4801740646, "max": 25.9597358704, "dmean2": 4.23301839828, "median": 10.3564147949, "dvar": 7.43787479401}, "barkbands_flatness_db": {"dvar2": 0.00142165052239, "var": 0.00283506093547, "min": 0.021453468129, "dmean": 0.0225601512939, "mean": 0.148444443941, "max": 0.390128672123, "dmean2": 0.0334383174777, "median": 0.14460259676, "dvar": 0.00067048612982}, "spectral_entropy": {"dvar2": 0.0989399030805, "var": 0.31433776021, "min": 5.12528419495, "dmean": 0.207512319088, "mean": 7.33719301224, "max": 9.81629943848, "dmean2": 0.289295047522, "median": 7.3133020401, "dvar": 0.0544232055545}, "pitch_salience": {"dvar2": 0.0114804878831, "var": 0.0178803484887, "min": 0.068412065506, "dmean": 0.0697982609272, "mean": 0.551179885864, "max": 0.915692150593, "dmean2": 0.10789860785, "median": 0.564824938774, "dvar": 0.0051186629571}, "erbbands_spread": {"dvar2": 336.540252686, "var": 498.79977417, "min": 2.92089247704, "dmean": 9.12126159668, "mean": 38.5820045471, "max": 170.834732056, "dmean2": 13.3033428192, "median": 33.6257743835, "dvar": 159.803451538}, "dynamic_complexity": 6.02610778809, "spectral_contrast_valleys": {"dvar2": [0.374893218279, 0.293154478073, 0.476443648338, 0.415210336447, 0.463555157185, 0.428952634335], "var": [1.93229091167, 1.89721238613, 2.00227427483, 1.99360239506, 2.18798208237, 2.31037425995], "min": [-27.9363021851, -27.7165813446, -27.5237579346, -27.3750152588, -27.3996734619, -27.3459663391], "dmean": [0.425738155842, 0.349442154169, 0.362080305815, 0.340951740742, 0.339169919491, 0.371620625257], "mean": [-8.57040214539, -7.54999351501, -8.26278686523, -8.7585849762, -8.7376537323, -10.6037187576], "max": [-4.72198867798, -5.03463172913, -4.5197520256, -5.52379226685, -5.50013589859, -7.14069986343], "dmean2": [0.687839925289, 0.568305850029, 0.573530435562, 0.519085049629, 0.483804374933, 0.474496543407], "median": [-8.43173980713, -7.40539646149, -8.13677120209, -8.6545009613, -8.53908443451, -10.3510818481], "dvar": [0.182683795691, 0.127442747355, 0.215870916843, 0.203618586063, 0.234160333872, 0.253713607788]}, "hfc": {"dvar2": 1673.19897461, "var": 928.678222656, "min": 1.09985626779e-16, "dmean": 9.17883491516, "mean": 17.2519950867, "max": 444.712127686, "dmean2": 13.6057987213, "median": 6.69854927063, "dvar": 713.463989258}, "spectral_kurtosis": {"dvar2": 13.8653860092, "var": 27.231918335, "min": -1.27539551258, "dmean": 1.76471138, "mean": 5.39658927917, "max": 62.3326263428, "dmean2": 2.69371962547, "median": 4.16624450684, "dvar": 6.45529699326}, "mfcc": {"mean": [-713.010498047, 116.056793213, 8.12821388245, 4.82029008865, 1.71017122269, -5.41210985184, -8.45439147949, -2.35298275948, -12.2740211487, -7.41495084763, -4.1650595665, -6.1638469696, -3.85686993599], "cov": [[11691.9863281, -1341.27453613, -844.677185059, -203.62171936, -14.8290023804, -259.184326172, -132.373596191, 284.662811279, -32.8913383484, 113.43057251, -80.4359893799, -83.9825592041, 119.805847168], [-1341.27453613, 1828.7322998, -214.56803894, -99.5308532715, 87.0318145752, -28.7103633881, 110.452102661, 52.5111923218, -96.3469161987, 20.4319763184, 35.433719635, 49.4538002014, -71.9495162964], [-844.677185059, -214.56803894, 752.790588379, 150.824523926, -30.8626747131, 150.740509033, 41.2154197693, -16.1304340363, 79.7193450928, -11.2499914169, 7.64745664597, 33.5974998474, 23.6390304565], [-203.62171936, -99.5308532715, 150.824523926, 458.15020752, 66.1489868164, 79.664390564, -33.6688041687, -29.0668792725, 54.3089866638, -4.20640087128, -42.781993866, 12.9839735031, 38.8084487915], [-14.8290023804, 87.0318145752, -30.8626747131, 66.1489868164, 329.070343018, 0.335072368383, -37.5390586853, 38.2578430176, -13.6955356598, 37.5125846863, 5.12315177917, 6.43384790421, 1.61117553711], [-259.184326172, -28.7103633881, 150.740509033, 79.664390564, 0.335072368383, 303.708892822, 103.947372437, -61.9787063599, 73.0473709106, -7.59679985046, 35.1122093201, 50.7183609009, 18.6298732758], [-132.373596191, 110.452102661, 41.2154197693, -33.6688041687, -37.5390586853, 103.947372437, 245.000961304, 15.2678956985, 45.3641090393, 0.0879105702043, 43.9436798096, 48.171546936, 20.1644935608], [284.662811279, 52.5111923218, -16.1304340363, -29.0668792725, 38.2578430176, -61.9787063599, 15.2678956985, 192.069412231, 0.382614135742, 29.3212814331, 0.11200260371, -4.82199954987, 3.05822563171], [-32.8913383484, -96.3469161987, 79.7193450928, 54.3089866638, -13.6955356598, 73.0473709106, 45.3641090393, 0.382614135742, 178.83531189, 8.31784820557, 4.29475069046, 2.10558342934, 21.1398620605], [113.43057251, 20.4319763184, -11.2499914169, -4.20640087128, 37.5125846863, -7.59679985046, 0.0879105702043, 29.3212814331, 8.31784820557, 166.636764526, 13.1145086288, 8.72560977936, -7.31230115891], [-80.4359893799, 35.433719635, 7.64745664597, -42.781993866, 5.12315177917, 35.1122093201, 43.9436798096, 0.11200260371, 4.29475069046, 13.1145086288, 119.203773499, 26.4836406708, -6.69007968903], [-83.9825592041, 49.4538002014, 33.5974998474, 12.9839735031, 6.43384790421, 50.7183609009, 48.171546936, -4.82199954987, 2.10558342934, 8.72560977936, 26.4836406708, 113.503845215, 14.5070753098], [119.805847168, -71.9495162964, 23.6390304565, 38.8084487915, 1.61117553711, 18.6298732758, 20.1644935608, 3.05822563171, 21.1398620605, -7.31230115891, -6.69007968903, 14.5070753098, 105.465301514]], "icov": [[0.000115204886242, 0.000104351296613, 0.00015442998847, 2.3524997232e-05, 1.80488132173e-05, -2.1623356588e-05, 1.27702996906e-05, -0.000183513126103, 2.2573483875e-05, -6.19526326773e-05, 4.82218019897e-05, -7.1645222306e-06, -0.000101302815892], [0.000104351296613, 0.000734579516575, 0.000290254538413, 2.86577524093e-05, -0.000161012416356, 2.05854375963e-05, -0.00038751977263, -0.000262102490524, 0.000316558056511, -4.91968239658e-05, 5.48963289475e-05, -0.000239316868829, 0.000357048062142], [0.00015442998847, 0.000290254538413, 0.00182620377745, -0.000378966768039, 0.00023387093097, -0.000657480326481, 3.37009405484e-05, -0.000478335627122, -0.000226507210755, -2.87476154881e-06, -1.66311372141e-06, -0.00025262645795, -4.7448771511e-05], [2.3524997232e-05, 2.86577524093e-05, -0.000378966768039, 0.00280924607068, -0.000594141427428, -0.000579977175221, 0.0006292356411, 0.000233260318055, -0.000567318988033, 2.08827877941e-05, 0.00104891159572, -0.000308870803565, -0.000747318321373], [1.80488132173e-05, -0.000161012416356, 0.00023387093097, -0.000594141427428, 0.00350744393654, -0.000412253692048, 0.000788223813288, -0.000851613469422, 0.000293825461995, -0.000633822754025, -0.000406721926993, -0.000141877186252, -0.000180034447112], [-2.1623356588e-05, 2.05854375963e-05, -0.000657480326481, -0.000579977175221, -0.000412253692048, 0.00531843537465, -0.00184598774649, 0.0017773208674, -0.00125455786474, 0.00016315060202, -0.000781880749855, -0.00108158763032, 0.000129581341753], [1.27702996906e-05, -0.00038751977263, 3.37009405484e-05, 0.0006292356411, 0.000788223813288, -0.00184598774649, 0.00604084506631, -0.00108487519901, -0.000973319634795, 0.00014477132936, -0.00110855442472, -0.00133884977549, -0.00100847810972], [-0.000183513126103, -0.000262102490524, -0.000478335627122, 0.000233260318055, -0.000851613469422, 0.0017773208674, -0.00108487519901, 0.00649501709267, -0.000507108867168, -0.000733304186724, 2.53832095041e-05, 0.000169403967448, -0.000201709815883], [2.2573483875e-05, 0.000316558056511, -0.000226507210755, -0.000567318988033, 0.000293825461995, -0.00125455786474, -0.000973319634795, -0.000507108867168, 0.00691755954176, -0.000543068803381, 1.03605425466e-05, 0.000944849103689, -0.000685778853949], [-6.19526326773e-05, -4.91968239658e-05, -2.87476154881e-06, 2.08827877941e-05, -0.000633822754025, 0.00016315060202, 0.00014477132936, -0.000733304186724, -0.000543068803381, 0.00646121846512, -0.000623171625193, -0.000573479512241, 0.000600410159677], [4.82218019897e-05, 5.48963289475e-05, -1.66311372141e-06, 0.00104891159572, -0.000406721926993, -0.000781880749855, -0.00110855442472, 2.53832095041e-05, 1.03605425466e-05, -0.000623171625193, 0.00991013925523, -0.00162542751059, 0.000759554386605], [-7.1645222306e-06, -0.000239316868829, -0.00025262645795, -0.000308870803565, -0.000141877186252, -0.00108158763032, -0.00133884977549, 0.000169403967448, 0.000944849103689, -0.000573479512241, -0.00162542751059, 0.0106631340459, -0.0013395564165], [-0.000101302815892, 0.000357048062142, -4.7448771511e-05, -0.000747318321373, -0.000180034447112, 0.000129581341753, -0.00100847810972, -0.000201709815883, -0.000685778853949, 0.000600410159677, 0.000759554386605, -0.0013395564165, 0.0107161356136]]}, "silence_rate_20dB": {"dvar2": 0.0541524402797, "var": 0.0119627863169, "min": 0, "dmean": 0.0199942328036, "mean": 0.987889289856, "max": 1, "dmean2": 0.0399923101068, "median": 1, "dvar": 0.0195924844593}, "melbands_kurtosis": {"dvar2": 5386.33886719, "var": 2076.73779297, "min": -1.86834204197, "dmean": 12.1217298508, "mean": 17.8005847931, "max": 955.323181152, "dmean2": 19.4503574371, "median": 8.08511352539, "dvar": 2183.99291992}, "barkbands_spread": {"dvar2": 170.761459351, "var": 284.27557373, "min": 0.568783462048, "dmean": 6.15175294876, "mean": 20.2178153992, "max": 108.989936829, "dmean2": 8.99665927887, "median": 14.7130794525, "dvar": 85.9649581909}, "erbbands_skewness": {"dvar2": 0.354356974363, "var": 0.864653348923, "min": -4.41639661789, "dmean": 0.385500848293, "mean": 0.631949603558, "max": 8.21970748901, "dmean2": 0.572576105595, "median": 0.626354753971, "dvar": 0.172320142388}, "average_loudness": 0.755671083927, "spectral_centroid": {"dvar2": 239406.34375, "var": 721265.5625, "min": 194.062713623, "dmean": 247.921417236, "mean": 1170.65185547, "max": 11566.8759766, "dmean2": 351.499816895, "median": 969.846435547, "dvar": 139047.71875}, "dissonance": {"dvar2": 0.00148884090595, "var": 0.00155152089428, "min": 0.195318624377, "dmean": 0.0239379182458, "mean": 0.442620754242, "max": 0.5, "dmean2": 0.0397736541927, "median": 0.451060175896, "dvar": 0.000556880899239}, "erbbands_flatness_db": {"dvar2": 0.000646923785098, "var": 0.00223941449076, "min": 0.0354534424841, "dmean": 0.0181546881795, "mean": 0.167689219117, "max": 0.341571360826, "dmean2": 0.0253499466926, "median": 0.168347448111, "dvar": 0.000365635060007}, "spectral_strongpeak": {"dvar2": 4.98072099686, "var": 3.04396605492, "min": 0, "dmean": 0.540823876858, "mean": 1.14232933521, "max": 21.1556472778, "dmean2": 0.889604508877, "median": 0.483512461185, "dvar": 1.91914534569}, "spectral_rms": {"dvar2": 1.0580025446e-05, "var": 9.38319954003e-06, "min": 3.16157560201e-12, "dmean": 0.000863442663103, "mean": 0.00341386743821, "max": 0.0254909172654, "dmean2": 0.00125859747641, "median": 0.00265745352954, "dvar": 5.28841337655e-06}, "silence_rate_60dB": {"dvar2": 0.110398985445, "var": 0.202834427357, "min": 0, "dmean": 0.055368643254, "mean": 0.282871961594, "max": 1, "dmean2": 0.110747933388, "median": 0, "dvar": 0.052295986563}, "melbands": {"dvar2": [0.000466377008706, 0.000435550085967, 3.46203705703e-05, 4.93007519253e-07, 4.91280218284e-07, 4.49272135938e-07, 1.5605907322e-07, 4.38270660652e-07, 5.72928911424e-07, 4.8111758133e-07, 1.08334113236e-07, 9.8708184737e-08, 1.80704034847e-07, 1.63098661687e-07, 3.68977879361e-08, 2.89155419608e-08, 1.26117667421e-08, 6.09768324722e-09, 5.93864246667e-09, 1.05402762074e-08, 4.29167545946e-09, 1.31248034663e-09, 1.04533171008e-09, 5.48703693593e-10, 3.56737195339e-09, 5.6038174101e-10, 1.46303372195e-10, 5.84440829066e-10, 5.12942355257e-10, 1.93003502069e-10, 9.0017313048e-11, 2.02924843595e-10, 4.21291196373e-10, 7.4358186275e-11, 1.0297841746e-10, 4.82477842401e-11, 3.04499238324e-11, 2.95918324567e-11, 4.22653301246e-10, 1.54513249417e-10], "var": [0.000147191429278, 0.000113179594337, 6.2590233938e-06, 9.71469717115e-07, 6.357660709e-07, 8.90646504104e-07, 2.25197652526e-07, 4.12767150237e-07, 6.94325422046e-07, 8.13867075067e-07, 1.4345708621e-07, 9.55173504735e-08, 2.32427694868e-07, 1.00134677439e-07, 4.75012349455e-08, 5.90123789834e-08, 1.80243944214e-08, 4.55916771003e-09, 5.37694289093e-09, 1.11089057953e-08, 5.46296741177e-09, 9.81443259995e-10, 9.22426302008e-10, 3.14588605166e-10, 8.46448133807e-10, 2.68404659609e-10, 7.52950271576e-11, 1.37642300335e-10, 1.68869584982e-10, 7.41151237604e-11, 4.67534448656e-11, 7.85561893313e-11, 1.90099672115e-10, 3.81839351804e-11, 3.73688927024e-11, 3.25616478225e-11, 1.96844745365e-11, 1.78936865325e-11, 1.85392048935e-10, 7.83398623749e-11], "min": [1.74391034848e-24, 1.34397068853e-24, 1.81539100726e-24, 1.93045287839e-24, 9.18108467578e-25, 2.64740556222e-24, 2.91713958825e-24, 9.10991561706e-25, 2.40042208748e-24, 3.27355246726e-24, 2.79285731365e-24, 2.46248216933e-24, 4.16736914655e-24, 4.61800751638e-24, 3.20908024598e-24, 4.32155279934e-24, 4.35882805483e-24, 3.03733004134e-24, 4.37289462806e-24, 4.10108155912e-24, 3.43498476569e-24, 3.66252814393e-24, 6.23213249659e-24, 5.28190457118e-24, 5.53608738775e-24, 6.01261814464e-24, 4.69034330038e-24, 5.63129777142e-24, 5.52255014019e-24, 6.32974220069e-24, 6.52126066797e-24, 5.25475197882e-24, 5.16179892063e-24, 7.46792451981e-24, 5.88504671449e-24, 6.86536968344e-24, 7.69629659643e-24, 7.30090767782e-24, 7.95328854669e-24, 7.72274000283e-24], "dmean": [0.00222784723155, 0.00201766146347, 0.000525775423739, 0.00022578187054, 0.000215716558159, 0.000146654783748, 8.98055659491e-05, 0.00011261220061, 0.000124268131913, 0.000131188789965, 5.94674384047e-05, 5.84631488891e-05, 7.66100201872e-05, 5.78243380005e-05, 3.782497879e-05, 3.21063780575e-05, 2.23975530389e-05, 1.38330187838e-05, 1.45512494782e-05, 1.79871167347e-05, 1.32103632495e-05, 9.06327750272e-06, 7.86078544479e-06, 5.22257641933e-06, 8.3259146777e-06, 5.32515741725e-06, 2.8324102459e-06, 3.10653103952e-06, 3.06571291731e-06, 2.27833174904e-06, 1.80531958449e-06, 2.27582791013e-06, 3.37897608915e-06, 1.69881593592e-06, 1.55131408519e-06, 1.25796782413e-06, 1.2393719544e-06, 1.15357022423e-06, 2.90109369416e-06, 1.93203436538e-06], "mean": [0.00164754933212, 0.00147041666787, 0.000395023467718, 0.000477807334391, 0.000465109682409, 0.000320965016726, 0.000159432951477, 0.000197580156964, 0.000220615649596, 0.000263891386567, 0.00010546840349, 9.12986361072e-05, 0.00011885620188, 7.36242800485e-05, 6.29132046015e-05, 6.52200687909e-05, 3.81499849027e-05, 2.12358027056e-05, 2.07798366318e-05, 2.50915873039e-05, 1.94381846086e-05, 1.41145146699e-05, 1.26008972074e-05, 7.53696031097e-06, 8.86396901478e-06, 7.45809848013e-06, 4.0252175495e-06, 2.97408632832e-06, 3.02163721244e-06, 2.55988220488e-06, 2.18637615035e-06, 2.48571200245e-06, 4.05946821047e-06, 2.28174872063e-06, 1.80100801117e-06, 1.5623602394e-06, 1.5544433154e-06, 1.41692999023e-06, 2.90216553367e-06, 2.01664329325e-06], "max": [0.14663207531, 0.144225090742, 0.0375821366906, 0.0118835903704, 0.0135943507776, 0.0216646380723, 0.0133819375187, 0.0212095864117, 0.0195096135139, 0.0182809233665, 0.00863441359252, 0.00889877509326, 0.00952611491084, 0.0108795948327, 0.00504722073674, 0.00434384681284, 0.00261735799722, 0.00236507761292, 0.00162184785586, 0.0039940122515, 0.00236359005794, 0.000606312998571, 0.000403385871323, 0.000249976816121, 0.000485973258037, 0.000278664607322, 0.000157747446792, 0.000195048080059, 0.000218244706048, 0.00013802263129, 0.000145809433889, 0.000182274976396, 0.000219062843826, 0.000132771907374, 0.000258313521044, 0.000227813085075, 0.000112906411232, 9.08426227397e-05, 0.000179970040335, 0.000111253131763], "dmean2": [0.00376320094801, 0.00347130931914, 0.000998415285721, 0.000353243493009, 0.000323286396451, 0.000219731227844, 0.00013970080181, 0.000173741995241, 0.000181534676813, 0.000187971832929, 8.95960329217e-05