{"tonal": {"thpcp": [1, 0.614834606647, 0.278486758471, 0.211697995663, 0.226985648274, 0.249432548881, 0.234990492463, 0.171214804053, 0.221072718501, 0.344431906939, 0.310509681702, 0.336516320705, 0.34843531251, 0.22744910419, 0.227235972881, 0.264748811722, 0.196168109775, 0.122385315597, 0.116688348353, 0.176035314798, 0.535827696323, 0.938507020473, 0.681046128273, 0.254693210125, 0.178298279643, 0.198367476463, 0.274590164423, 0.303409010172, 0.216816708446, 0.160530686378, 0.169254645705, 0.130774065852, 0.111344650388, 0.134378314018, 0.25287553668, 0.741223216057], "hpcp": {"dmean2": [0.169111788273, 0.140289932489, 0.186637923121, 0.288175463676, 0.283996343613, 0.238795787096, 0.216507896781, 0.145404919982, 0.123143479228, 0.128134995699, 0.12233928591, 0.11564309895, 0.124556027353, 0.163322001696, 0.275529891253, 0.381431132555, 0.334569036961, 0.223498597741, 0.167199373245, 0.184690207243, 0.196824878454, 0.195982113481, 0.159644052386, 0.14470435679, 0.134419411421, 0.105264760554, 0.0892767831683, 0.113282911479, 0.210489213467, 0.35620585084, 0.390625238419, 0.350270301104, 0.276255428791, 0.234434321523, 0.217230811715, 0.19686216116], "median": [0.0355866290629, 0.0305930785835, 0.0197611451149, 0.0155417071655, 0.0232118349522, 0.0517325252295, 0.0612973980606, 0.040954478085, 0.0195998512208, 0.0150136090815, 0.00992000382394, 0.00869541428983, 0.00731489621103, 0.0179208312184, 0.13622829318, 0.262078523636, 0.167904824018, 0.0335245653987, 0.0151948379353, 0.0146094271913, 0.0257731545717, 0.0253301747143, 0.020413774997, 0.0166620649397, 0.0151119139045, 0.012780148536, 0.0166808888316, 0.0182627625763, 0.0383855253458, 0.176757246256, 0.29162222147, 0.175339251757, 0.0273298528045, 0.0127708241343, 0.00929393060505, 0.0207002814859], "min": [0, 0, 0, 0, 0, 0, 0, 0, 0, 0, 0, 0, 0, 0, 0, 0, 0, 0, 0, 0, 0, 0, 0, 0, 0, 0, 0, 0, 0, 0, 0, 0, 0, 0, 0, 0], "dvar2": [0.0797912403941, 0.0634172707796, 0.0899538323283, 0.169505640864, 0.168012574315, 0.109638959169, 0.0756443142891, 0.0425120554864, 0.0489930547774, 0.0523752532899, 0.0554005838931, 0.0560099184513, 0.0581717342138, 0.0735068246722, 0.0884594321251, 0.13183349371, 0.11768912524, 0.106735229492, 0.0790056362748, 0.0914486572146, 0.0820928364992, 0.0884056612849, 0.0620944797993, 0.0605421960354, 0.0609505847096, 0.0435550063848, 0.0325556397438, 0.0469924211502, 0.0807506665587, 0.131000950933, 0.133196726441, 0.133121058345, 0.145889818668, 0.1371396631, 0.128149062395, 0.111987158656], "dvar": [0.0305134356022, 0.0225315559655, 0.0342991910875, 0.0690316036344, 0.0610238276422, 0.0415939725935, 0.0315842293203, 0.0162066183984, 0.0206969715655, 0.0243881884962, 0.0219611357898, 0.0203224532306, 0.0213626790792, 0.027776453644, 0.0346197187901, 0.0611764527857, 0.0484174750745, 0.0384086705744, 0.0309923719615, 0.0353399179876, 0.0324615612626, 0.0386470705271, 0.0248765517026, 0.0218437220901, 0.0236625522375, 0.0165569409728, 0.0115715386346, 0.0165165401995, 0.0293411184102, 0.0549126267433, 0.0697682872415, 0.0518165156245, 0.0539421215653, 0.0487884767354, 0.0508812107146, 0.045423489064], "dmean": [0.0983941107988, 0.0795096978545, 0.106478326023, 0.161148667336, 0.156618848443, 0.138261899352, 0.129467353225, 0.0860247388482, 0.0733999982476, 0.0785144716501, 0.0726372748613, 0.0646019205451, 0.0689712837338, 0.091440744698, 0.164838135242, 0.226048633456, 0.197777822614, 0.125973939896, 0.0946925282478, 0.104193150997, 0.114975966513, 0.119112409651, 0.095264300704, 0.0816545709968, 0.0771543309093, 0.0607887431979, 0.0510129742324, 0.0633425563574, 0.117745041847, 0.213178604841, 0.233784347773, 0.206431880593, 0.152892276645, 0.12820751965, 0.124329604208, 0.114296630025], "max": [1, 1, 1, 1, 1, 1, 1, 1, 1, 1, 1, 1, 1, 1, 1, 1, 1, 1, 1, 1, 1, 1, 1, 1, 1, 1, 1, 1, 1, 1, 1, 1, 1, 1, 1, 1], "var": [0.0337688662112, 0.0180526226759, 0.03285029158, 0.0775984600186, 0.0555714257061, 0.0481497719884, 0.0463554449379, 0.0209484770894, 0.0433571264148, 0.0569356717169, 0.0344715602696, 0.0176263228059, 0.0159805454314, 0.0244571026415, 0.0620115809143, 0.13242392242, 0.0932451859117, 0.0358701087534, 0.0290465150028, 0.0331858806312, 0.0414136201143, 0.0547264143825, 0.029665607959, 0.0195459444076, 0.026325231418, 0.0170346964151, 0.00991760846227, 0.0151200601831, 0.0286057069898, 0.112338632345, 0.154788509011, 0.0740537941456, 0.0466215573251, 0.0376225858927, 0.0466301105917, 0.0478247366846], "mean": [0.101849623024, 0.0742079541087, 0.0958173796535, 0.149283736944, 0.134581163526, 0.145852968097, 0.151018902659, 0.0985810309649, 0.0984886586666, 0.114747472107, 0.0850232169032, 0.0530442669988, 0.0505750849843, 0.0762972608209, 0.232238531113, 0.406767874956, 0.295179128647, 0.110389173031, 0.0772780701518, 0.0859764665365, 0.119012922049, 0.131503582001, 0.0939727351069, 0.0695772394538, 0.0733583793044, 0.0566801168025, 0.0482590198517, 0.0582422763109, 0.10960136354, 0.321261107922, 0.433420181274, 0.266481727362, 0.120701782405, 0.0917541831732, 0.098380163312, 0.108109101653]}, "tuning_equal_tempered_deviation": 0.0301814973354, "chords_changes_rate": 0.0428571440279, "key_key": "G", "tuning_diatonic_strength": 0.639758110046, "key_scale": "major", "chords_number_rate": 0.00277777784504, "tuning_frequency": 444.085327148, "tuning_nontempered_energy_ratio": 0.669130146503, "chords_histogram": [42.8174591064, 3.1746032238, 3.73015880585, 0, 0, 0, 0.0793650820851, 0, 0, 0, 0, 0, 0, 0, 0, 2.14285707474, 0, 39.6825408936, 1.03174602985, 0.317460328341, 0, 0, 6.66666650772, 0.357142865658], "key_strength": 0.773280322552, "chords_key": "G", "chords_strength": {"dmean2": 0.00808146875352, "median": 0.594997286797, "min": 0.294111341238, "dvar2": 4.88987534482e-05, "dvar": 4.78717993246e-05, "dmean": 0.00800623744726, "max": 0.845914959908, "var": 0.00921380426735, "mean": 0.594380319118}, "chords_scale": "major", "hpcp_entropy": {"dmean2": 1.1595184803, "median": 1.80065381527, "min": 0, "dvar2": 0.801653623581, "dvar": 0.332339674234, "dmean": 0.707583546638, "max": 4.24280548096, "var": 0.597818493843, "mean": 1.80131566525}}, "metadata": {"audio_properties": {"equal_loudness": 0, "codec": "mp3", "downmix": "mix", "sample_rate": 44100, "analysis_sample_rate": 44100, "bit_rate": 128000, "md5_encoded": "3c8201714cd0ea295e693e47c0c760c4", "length": 116.950202942, "replay_gain": -5.37679672241, "lossless": false}, "version": {"essentia_build_sha": "2d9f1f26377add8aeb1075a9c2973f962c4f09fd", "essentia": "2.1-beta2", "extractor": "music 1.0", "essentia_git_sha": "v2.1_beta2-1-ge3940c0"}, "tags": {"title": ["Hot Pepper"], "acoustid_fingerprint": ["AQADk1IkJUmiJRJ8vCd-4stgnBScH-EF_UGe63iPrjz-w1tT_PCPnniNiNbx_ArCR7hCC_mxRcyhF-mDJ3jg6zh_ePnR87hzWDveHbpwKVFy9PjRhrrwDD-aj-iHiHPyFDry7Ubz402iFEwu4T3SZBN0HGG5HEyO_0Fk7Qk0ReKRS9rxINUoOdB0Hm_wRIdG5onR5EkenDry5riMaz4eBaFoFlpE9RgpCd-DO1Gg7EfwpRIeHr4i4Q-aZ0U3SagU5WgiXeieB-kzJ2iqBz-eH38CP8dX_Eqh4jkufcWXIox79PjxSDmaODv8B5WkUMc1EuVHhFGJ5FnwPzgvPIpeNNt2hPMNbX9Q_bgO_Ub7IMyqBBcl48j54DeUJc2J_mj24zlUOZ0QKWeHWlmCZkqPyllavN7h-sPF4zvyQ1eMVEl0_HgyfDOs4yLyZEeziEKXWzg1KkmRhgdyB_6MP1B_XHoSxFqSE42SB9UjEX2QvCcqDnlQkh4aLjv-IPahK0FYMceXPbjgiugT5Hmg-rCaBbke_AnO6Qh76AlCckfjKUelMsaF7wmaSZmVorSCI9Qm6NWImvgfhGOSVUGT4saTzYGvFP-DX8h76Dl-hPOF5sGNPGmHP4cWKUoUhJQonHlwKoeRC_8h_rhX5AlzlBKzDvcCq_mCbjp-4gnxPEfzF_0nPJeFz0eeEPoRH82YB52Po0mTo0d-w_kYJTgz4hE9XFlmaDlz9HzxHznT4opojGIWNBd6I3_wHerCw-tSRD1OHnWSoxmP60i54ILODc-HULlOOJKyWHgs_MG5hLiOJxZqHX-O33hCDumeI_GHNzyaSXTQ57ieB003hJOC6xITNJ-IcjZ0SmgXHf6SCv-D8Mep4IwUozIloXmO68Gj40OfIwzH4Dl-BVeOh0GoLYphBteSo6OOV6FwzglCki-0XEcuGWd-PCTRZZnQ50KvIIyT4hKSpz-aM0bXRBZ-Bf_xRBFyDU08GZpuIc-DD1eOUtqDRs1y43mKnMYXHZrM41Qk9ApkKrTgHJ-gL9GDplSK8MeH96iuwfp4OM6LmihjRWi2EPeKMOEDNc6Dpj_yHU-UIfzh-IG2hk3wJ5TxHDr-I5a2MOiuoEmR8yEeXtAMV4lEC6Jzom5i_MajJfCl43kg98i1mKj4whbe4Etu9OGR37geaMnjoQqnhMJd5NkRPjOm8GlwUI-hF_EuVDmoK9HxXMMVHrus4Uc9jviOc0TOI1mio9OF_0IfHs2a4-KNMJskaJZwaE8VNJHy4C9-NDuqL_jxMcG1D1eWoGRm_IOdDLVe6D_CXkaTUcJlnPGCC93RLDyOC18e_MaPUKpYiDxif7jSIt5dPIR-HM6hI9XxP6i547RwHO2ILx_u4_URnlg7Qcif4T76wz9-WNuIfit6XmhOfMePN1h9NKEo9EceR0dy4-iPp6SGksIVhcPrI_mR_sGLJ5qJijf-oVeK6srhB2EPPUS-w2dxV3gzKklwiTmO_Dwui4H-IUws9Bl-5fhXI28JfdmRS4rRJ4P5PCj_DJ_xIORhHy1z7A6uZNXQn4GWPAUpHpGyox8unIe3mHiiHE-KexbyNIEurE2Og8ksXmgPRdSrFO8Z5DnhD2XZ4_rx9Eh_jD7UZIGPXMuSBWeyoz9aZHmO5od06kfV8MjFB5H0qHgWiFWi4FRxH86W5ZCL68j14IQpLcfxG2eO37jcIf-hJdsVfMcDfcZ_pB_-Fi8ffB_SQw_CN8d_XFfQPDuqBreD5uiDP8eJtYmFyjz6EPnxBbqOPjzSOMS033hzPMEf9ERznkN_NNOInmi6JTiPCz7-I_SDRj--IewYB81z5Bde-LohfPER7sUXHX_QH7-Ifmh-fMsQPhma41bQ_DHq4xOqz2hUKccd6Htw5bgT9DN-OHk69OFxGteLejOaOUmFP8G1Y0oTZOm14EczY_oyXFVMdJWOJmaG3DWeHL-EKV_QF3yyD9F6_MefDI1Q7cKf4kwUI_yh5cSbI4-mo5lEUfCDHqeL0kfKSDK0R8mDJxeHnzj041WM5h_6BxcPuckmhEfzHNeDP05yXDxKKSv8LPiO8oidHtdMPD-qt_CRP4ngNIzxBGaJWlmKk8Z__PifIM8HvSRCSjn845uHniIm-2iOkwbP48TpI89edFoKHaeCmKBO48NeB36EC_-Fv0H15LCGN8mRnApyPeiP-vFx7fhOnETDCtVD489xx0JMRT96mkiWM0Xj5CivKoilqBCTH4-h60dzHX2Oi8iT6Lgo9JGMP0WYRw_0EBdX4clSJmiuF9VzPD70HeWaCfnQ5ohJSQxEURHOQn_wN0j54Md53KkkNPrxUEOjhw-uZLnQbFIS1FpKVEeuPDn648T14Mq1wBcJ1YmOPyHC_PBQ5vhN3IVvPHiDXvBuGo0eH9e4Bs-HZi_C74H65LiMh8mRa-HxhgnyQMutBKGc48kiUdiLWsnRxBP-4w9i55CyfAtMYooeXB2N6GieGNX3gBxdXLuNKcymoXyaoj78BH0-Fddz4knQ9COSPUeYow9xcsRzw2E7nElG4rrQlDKq0LZwHX2koFmWKDlyPdCP_8j1o4qqDA6VVfAWqYrRL6kSpM8O_Rku_iilPGg-Ic5x_WijBE8klMdV9EmOZpJOIbeKP4H449fx8MgXHdU3XAruE3469DnyhTm-HeGTXAAhgAKAUSCEMggYBAAFSCJCqBACMIQUlABBAAlAQggBLABCEYStAwoxQwAIxAgAgHMiIQIIAYIwABQxRAAqgEEAGcIAQMoIpJxERBIBiEIGGQoAYgIQBoxDVEClBBJKACQEIcYIRoAxQkEgGAHFGEGEI8AJoIRACggIAIKEguSQUkIIKYAhBAkBgDYCDEEMAQiAQJRxQgIAhCECGgMDAIYQAgiBQhihhCEYICCAMIBQRwRChAhAkCJECCKQEAAwIYBQhKjohBRKAMAMAAQIARxDBBEChEFMkMAIAAoxQ6xSwAhBCWBAGEEEUEA4IoABAgEghFHIGC6IFMwgoxBQyBADFDHACGIJEAIASQAkyDCjAANACmEAANYYAJQiD0gCiHTACKGIMAoIB4ABiCnBACACAEGBAUAzIBgBThBGiAAkIAQEQgYRYzyhSBrAgAECSCLkUkgYJgCUkhAjDQLAMEiQsQQ8QQUkzCDAECOPgyCIYEw-ABgiQhHBCFWAAkAAMMwhRQRSApBkCAIIAoCIcFAQAYDnQAElADNGEEOUEEAAowQwAAABHEWIASSEMc44BAgUwxAqgQBAKKKAMkAhBAwxBCgoGDAAAASQUYwKA5xQzBEFmKACACGME2AhoQRAAgCGBXDAIIGAQ0AAAxgREhhigCACCIagEAABxQTQAhgMBAXKKCsEEwAYSARzhABshKOEMAMARgARQwwkAjADGCJEMEMAYIgxIZRQAAIBCEOOYCAIIQorxgRggiEkBDAEMAQUAMwIAIABRjjFBBBCSKCIEBA4IgCxBkGDgEGOEBAAIGAIYwQ4QBFEAKCEAWEAUAQhAgQRRgABEDCEKAGIUIIMQgQwgBAiADJACmKYA0w4AqggDBDAiADGGwKEEIQBBIQQRDAEHBXKAAGAMYQIAqAgxgCFEOACCMGQIgQoAwAAggBAACAAWKAEYUgQRRATykhAAGACCOCAMEAQAIATyklABCFOKECAMEQIAhQSQBBgAAE"], "date": ["1962"], "genre": ["Instrumental Pop"], "musicbrainz album type": ["Album"], "musicip_puid": ["4200cd7c-85fa-b6ff-094a-b1b225dd5f2f"], "musicbrainz_recordingid": ["02636f88-316c-4274-98a3-cef3f79aa64a"], "musicbrainz_albumartistid": ["a7921b29-671a-4378-8a61-539cf73d7588"], "musicbrainz_albumid": ["7f8820c2-13c8-4b88-b827-c3305e4dfb7e"], "artist": ["Floyd Cramer"], "tracknumber": ["03"], "bpm": ["86.56"], "album": ["The Magic Touch of Floyd Cramer"], "musicbrainz album release country": ["United States"], "acoustid_id": ["c97827d6-e00f-4e68-842d-f192ac26e9a6"], "musicbrainz_artistid": ["a7921b29-671a-4378-8a61-539cf73d7588"], "file_name": "Floyd Cramer - Hot Pepper.mp3"}}, "rhythm": {"bpm_histogram_first_peak_bpm": {"dmean2": 0, "median": 172, "min": 172, "dvar2": 0, "dvar": 0, "dmean": 0, "max": 172, "var": 0, "mean": 172}, "bpm": 172.265701294, "bpm_histogram_second_peak_spread": {"dmean2": 0, "median": 0, "min": 0, "dvar2": 0, "dvar": 0, "dmean": 0, "max": 0, "var": 0, "mean": 0}, "bpm_histogram_first_peak_weight": {"dmean2": 0, "median": 0.701807200909, "min": 0.701807200909, "dvar2": 0, "dvar": 0, "dmean": 0, "max": 0.701807200909, "var": 0, "mean": 0.701807200909}, "onset_rate": 5.29193162918, "beats_position": [0.290249437094, 0.603718817234, 0.9287981987, 1.26548755169, 1.60217678547, 1.95047616959, 2.29877543449, 2.6470746994, 3.00698399544, 3.35528349876, 3.70358276367, 4.04027223587, 4.38857126236, 4.72526073456, 5.07355976105, 5.42185926437, 5.78176879883, 6.13006782532, 6.47836732864, 6.82666635513, 7.17496585846, 7.51165533066, 7.85995435715, 8.19664382935, 8.54494285583, 8.893242836, 9.24154186249, 9.57823085785, 9.91492080688, 10.2632198334, 10.6115188599, 10.9482088089, 11.2848978043, 11.6331968307, 11.9814968109, 12.3181858063, 12.6548748016, 13.0031747818, 13.3514738083, 13.6881628036, 14.0364627838, 14.3731517792, 14.7214508057, 15.0697498322, 15.4180498123, 15.7663488388, 16.114648819, 16.4629478455, 16.8112468719, 17.1595458984, 17.5078449249, 17.8561439514, 18.2044448853, 18.5527439117, 18.9010429382, 19.2377319336, 19.5860309601, 19.9227199554, 20.2710208893, 20.6193199158, 20.9676189423, 21.3159179688, 21.6642169952, 22.0125160217, 22.3608150482, 22.6975059509, 23.0341949463, 23.3824939728, 23.7307929993, 24.0674819946, 24.4157810211, 24.764081955, 25.1239910126, 25.4722900391, 25.8205890656, 26.168888092, 26.5171871185, 26.8538761139, 27.1905670166, 27.5388660431, 27.8871650696, 28.2354640961, 28.5837631226, 28.9204521179, 29.2687530518, 29.6170520782, 29.9653511047, 30.3020401001, 30.6503391266, 30.9986381531, 31.3469390869, 31.6952381134, 32.0435371399, 32.391834259, 32.7401351929, 33.0884361267, 33.4367332458, 33.7850341797, 34.1333312988, 34.4816322327, 34.8067131042, 35.1550102234, 35.5033111572, 35.8516082764, 36.1999092102, 36.5365982056, 36.8965072632, 37.244808197, 37.5931053162, 37.94140625, 38.2897033691, 38.638004303, 38.9863014221, 39.334602356, 39.6829032898, 40.0312004089, 40.3795013428, 40.7277984619, 41.0760993958, 41.4127883911, 41.761089325, 42.0977783203, 42.4460754395, 42.7943763733, 43.1426734924, 43.4909744263, 43.8392753601, 44.1759643555, 44.5126533508, 44.86095047, 45.2092514038, 45.5575485229, 45.9058494568, 46.2541503906, 46.6024475098, 46.9507484436, 47.2990455627, 47.6473464966, 47.9956436157, 48.3439445496, 48.6922454834, 49.0405426025, 49.3888435364, 49.7371406555, 50.0854415894, 50.4337387085, 50.7820396423, 51.1303405762, 51.4786376953, 51.8269386292, 52.1752357483, 52.5235366821, 52.871837616, 53.2201347351, 53.5684356689, 53.9167327881, 54.2650337219, 54.6133308411, 54.9616317749, 55.3099327087, 55.6582298279, 56.0065307617, 56.3664398193, 56.726348877, 57.0746459961, 57.4229469299, 57.7712478638, 58.1195449829, 58.4678459167, 58.8161430359, 59.1644439697, 59.5127410889, 59.8610420227, 60.2093429565, 60.5576400757, 60.9059410095, 61.2542381287, 61.6025390625, 61.9508361816, 62.2991371155, 62.6474380493, 62.9957351685, 63.3440361023, 63.6923332214, 64.0406341553, 64.3889312744, 64.748840332, 65.1087493896, 65.4570541382, 65.8053512573, 66.1536483765, 66.5019454956, 66.8618545532, 67.2217712402, 67.5700683594, 67.9183654785, 68.2898864746, 68.6381835938, 68.9864807129, 69.3347854614, 69.7062988281, 70.0546035767, 70.4029006958, 70.7628097534, 71.122718811, 71.4710159302, 71.8425369263, 72.2140579224, 72.5623550415, 72.91065979, 73.2705688477, 73.6304779053, 73.9787750244, 74.3270721436, 74.6869812012, 75.0468902588, 75.3951950073, 75.7434921265, 76.1034011841, 76.4633102417, 76.8116073608, 77.15990448, 77.5082092285, 77.8565063477, 78.2048034668, 78.5647125244, 78.924621582, 79.2729263306, 79.6328353882, 79.9811325073, 80.3294296265, 80.677734375, 81.0376434326, 81.3859405518, 81.7342376709, 82.0941467285, 82.4540557861, 82.8023605347, 83.1506576538, 83.5105667114, 83.870475769, 84.2303848267, 84.5902938843, 84.9385910034, 85.2868881226, 85.6351928711, 85.9834899902, 86.3317871094, 86.691696167, 87.0516052246, 87.3999099731, 87.7482070923, 88.0965042114, 88.44480896, 88.8047180176, 89.1530151367, 89.5129241943, 89.8612213135, 90.2095184326, 90.5578231812, 90.9177322388, 91.2660293579, 91.6259384155, 91.9742355347, 92.3341445923, 92.6824493408, 93.0423583984, 93.3906555176, 93.7389526367, 94.0872573853, 94.4355545044, 94.7838516235, 95.1553726196, 95.5036697388, 95.8635787964, 96.223487854, 96.5717926025, 96.9200897217, 97.2683868408, 97.61668396, 97.9649887085, 98.3132858276, 98.6615829468, 99.0098876953, 99.3697967529, 99.7297058105, 100.089614868, 100.437911987, 100.786209106, 101.134513855, 101.482810974, 101.831108093, 102.179405212, 102.53931427, 102.887619019, 103.247528076, 103.607437134, 103.955734253, 104.304031372, 104.652336121, 105.00063324, 105.348930359, 105.708839417, 106.057144165, 106.417053223, 106.77696228, 107.136871338, 107.485168457, 107.833465576, 108.193374634, 108.541679382, 108.90158844, 109.249885559, 109.609794617, 109.969703674, 110.318000793, 110.666305542, 111.014602661, 111.36289978, 111.711196899, 112.059501648, 112.407798767, 112.767707825, 113.127616882, 113.48752594, 113.847434998, 114.218955994, 114.59047699, 114.973602295, 115.356735229, 115.739860535, 116.122993469, 116.494506836], "beats_loudness": {"dmean2": 0.0249231252819, "median": 0.0416062958539, "min": 1.08688333e-07, "dvar2": 0.00037343846634, "dvar": 0.000134537520353, "dmean": 0.0138325486332, "max": 0.0951624214649, "var": 0.000295799720334, "mean": 0.0402384102345}, "danceability": 1.16078794003, "bpm_histogram_second_peak_weight": {"dmean2": 0, "median": 0.168674692512, "min": 0.168674692512, "dvar2": 0, "dvar": 0, "dmean": 0, "max": 0.168674692512, "var": 0, "mean": 0.168674692512}, "beats_count": 333, "bpm_histogram_second_peak_bpm": {"dmean2": 0, "median": 167, "min": 167, "dvar2": 0, "dvar": 0, "dmean": 0, "max": 167, "var": 0, "mean": 167}, "bpm_histogram_first_peak_spread": {"dmean2": 0, "median": 0, "min": 0, "dvar2": 0, "dvar": 0, "dmean": 0, "max": 0, "var": 0, "mean": 0}, "beats_loudness_band_ratio": {"dmean2": [0.461811959743, 0.502503216267, 0.16428154707, 0.139359712601, 0.059480689466, 0.0214832574129], "median": [0.371994316578, 0.365239322186, 0.133888483047, 0.0817767158151, 0.0327352099121, 0.0137046854943], "min": [0.0452214963734, 0.017334420234, 0.013917574659, 0.00524719571695, 0.00203873566352, 0.00093617499806], "dvar2": [0.0817133113742, 0.100121244788, 0.017776729539, 0.027092654258, 0.00360958627425, 0.000298373575788], "dvar": [0.0254990570247, 0.030152766034, 0.00591461407021, 0.00867388769984, 0.00121452577878, 0.000100800585642], "dmean": [0.242000281811, 0.259799510241, 0.0916633605957, 0.0789550319314, 0.0316463969648, 0.0116548743099], "max": [0.928703486919, 0.859337449074, 0.48294839263, 0.582893192768, 0.226316183805, 0.0716334953904], "var": [0.0390253923833, 0.0380164794624, 0.0086586214602, 0.0105862645432, 0.00115556456149, 0.000138983668876], "mean": [0.401674419641, 0.370196223259, 0.156852781773, 0.115964286029, 0.0403432287276, 0.0170688293874]}}, "lowlevel": {"barkbands_spread": {"dmean2": 6.63490438461, "median": 11.7396125793, "min": 0.0859082043171, "dvar2": 54.3201828003, "dvar": 21.6283035278, "dmean": 4.2394695282, "max": 127.840332031, "var": 44.1033935547, "mean": 12.4521970749}, "melbands_spread": {"dmean2": 7.90628242493, "median": 12.0380945206, "min": 0.0453172661364, "dvar2": 65.3346633911, "dvar": 28.6847953796, "dmean": 5.0534324646, "max": 136.947509766, "var": 76.2813491821, "mean": 13.651301384}, "hfc": {"dmean2": 7.16183805466, "median": 12.8470935822, "min": 1.14130264869e-16, "dvar2": 81.6254348755, "dvar": 39.35546875, "dmean": 5.1635427475, "max": 73.9500198364, "var": 118.83316803, "mean": 14.9648752213}, "barkbands_kurtosis": {"dmean2": 8.85588359833, "median": 4.77472829819, "min": -1.85325181484, "dvar2": 551.830505371, "dvar": 286.308959961, "dmean": 5.61828660965, "max": 1104.52648926, "var": 509.271240234, "mean": 8.45410346985}, "gfcc": {"mean": [-16.3721179962, 116.362258911, -106.328765869, 21.324514389, -55.7791671753, 7.18386650085, -40.450843811, -0.101952373981, -31.3500118256, 0.0238509140909, -21.0355567932, -1.17106509209, -16.0532951355], "icov": [[0.000152126900502, -0.00035665332689, 0.000438130780822, -0.000347359513398, 0.000374180177459, -0.000304966233671, 0.000337805482559, -0.000218797053094, 0.000512136728503, -0.000312150106765, 0.000608341477346, -0.000458961701952, 0.000372375216102], [-0.00035665332689, 0.00495760049671, -0.00168860889971, 0.00101112725679, -0.00273221358657, 0.00406834855676, -0.00376818608493, 0.0022415346466, -0.00299510871992, 0.00219557760283, -0.00290637207218, 0.00303126778454, -0.00271372473799], [0.000438130780822, -0.00168860889971, 0.00500855222344, -0.00301053840667, 0.00113864336163, -0.00127593695652, 3.02715416183e-05, -0.00172525923699, 0.00361959123984, -0.00155683571938, 0.00205621798523, -0.0011444700649, 0.00157938513439], [-0.000347359513398, 0.00101112725679, -0.00301053840667, 0.0108289979398, -0.00302530336194, 0.000373339891667, 0.000519233290106, 0.000759257178288, -0.00549927167594, 0.00511952955276, -0.00575613742694, 0.00481050135568, -0.0032959736418], [0.000374180177459, -0.00273221358657, 0.00113864336163, -0.00302530336194, 0.00855539552867, -0.00248353322968, 0.0010898951441, -0.000948606815655, 0.00019461014017, -0.00249281595461, 0.00635532243177, -0.00621197139844, 0.00275013362989], [-0.000304966233671, 0.00406834855676, -0.00127593695652, 0.000373339891667, -0.00248353322968, 0.0111657716334, -0.00410433812067, -0.00138513429556, 0.000590886163991, 0.000609239912592, -0.0074395975098, 0.0040590763092, -0.00359437777661], [0.000337805482559, -0.00376818608493, 3.02715416183e-05, 0.000519233290106, 0.0010898951441, -0.00410433812067, 0.0121580129489, -0.00102427636739, -0.00246303156018, -0.00256048724987, 0.00290956045501, -0.00423437682912, 0.00520346965641], [-0.000218797053094, 0.0022415346466, -0.00172525923699, 0.000759257178288, -0.000948606815655, -0.00138513429556, -0.00102427636739, 0.0136903263628, -0.00513427564874, -0.00160686136223, 0.00190923293121, 0.000964013685007, -0.00285414513201], [0.000512136728503, -0.00299510871992, 0.00361959123984, -0.00549927167594, 0.00019461014017, 0.000590886163991, -0.00246303156018, -0.00513427564874, 0.0206194408238, -0.00290346704423, -0.00195760512725, 0.00130368687678, 0.000368074484868], [-0.000312150106765, 0.00219557760283, -0.00155683571938, 0.00511952955276, -0.00249281595461, 0.000609239912592, -0.00256048724987, -0.00160686136223, -0.00290346704423, 0.0173982623965, -0.00463449396193, -0.0013508371776, 0.00238749221899], [0.000608341477346, -0.00290637207218, 0.00205621798523, -0.00575613742694, 0.00635532243177, -0.0074395975098, 0.00290956045501, 0.00190923293121, -0.00195760512725, -0.00463449396193, 0.0255101379007, -0.00724552990869, 0.00201661046594], [-0.000458961701952, 0.00303126778454, -0.0011444700649, 0.00481050135568, -0.00621197139844, 0.0040590763092, -0.00423437682912, 0.000964013685007, 0.00130368687678, -0.0013508371776, -0.00724552990869, 0.0226692855358, -0.0095165418461], [0.000372375216102, -0.00271372473799, 0.00157938513439, -0.0032959736418, 0.00275013362989, -0.00359437777661, 0.00520346965641, -0.00285414513201, 0.000368074484868, 0.00238749221899, 0.00201661046594, -0.0095165418461, 0.018749544397]], "cov": [[11268.1132813, -22.9607467651, -784.853088379, -176.890975952, -242.288955688, -59.7163543701, -269.284515381, -25.4512233734, -240.143157959, 41.2638168335, -159.744827271, 70.6736068726, -44.6345214844], [-22.9607467651, 604.410217285, 83.3403930664, 71.5459213257, 123.172920227, -152.637588501, 123.121398926, -59.2597465515, 89.7521743774, -44.1294822693, -12.0505113602, -17.650018692, -0.830753803253], [-784.853088379, 83.3403930664, 339.320495605, 75.7602081299, 30.9689769745, 16.382774353, 44.2047805786, 19.2511329651, 2.56173348427, -3.05246305466, 4.57938241959, -14.2684793472, -5.75073099136], [-176.890975952, 71.5459213257, 75.7602081299, 200.35824585, 22.0253829956, 17.6933860779, -11.3865337372, 3.50286507607, 51.1628303528, -52.313419342, 34.7603721619, -32.8443717957, 31.8098945618], [-242.288955688, 123.172920227, 30.9689769745, 22.0253829956, 209.780471802, -16.4013996124, 49.6420097351, 7.9803943634, 28.5565662384, 16.2922935486, -25.8789806366, 33.6907920837, -5.32539463043], [-59.7163543701, -152.637588501, 16.382774353, 17.6933860779, -16.4013996124, 179.673797607, 4.60673809052, 39.3891563416, -7.37759637833, 17.6739215851, 41.1316871643, 0.0964261516929, 15.9110965729], [-269.284515381, 123.121398926, 44.2047805786, -11.3865337372, 49.6420097351, 4.60673809052, 156.623352051, 8.03778743744, 37.5777511597, 28.4506988525, -1.66586697102, 10.895608902, -29.8498210907], [-25.4512233734, -59.2597465515, 19.2511329651, 3.50286507607, 7.9803943634, 39.3891563416, 8.03778743744, 99.9848709106, 16.4876651764, 19.4817199707, -0.603897929192, 4.0808300972, 9.62447547913], [-240.143157959, 89.7521743774, 2.56173348427, 51.1628303528, 28.5565662384, -7.37759637833, 37.5777511597, 16.4876651764, 91.2001190186, -0.981570780277, 15.9989452362, -10.5141658783, 4.29320430756], [41.2638168335, -44.1294822693, -3.05246305466, -52.313419342, 16.2922935486, 17.6739215851, 28.4506988525, 19.4817199707, -0.981570780277, 91.8374252319, 3.08691191673, 20.9874591827, -21.4319000244], [-159.744827271, -12.0505113602, 4.57938241959, 34.7603721619, -25.8789806366, 41.1316871643, -1.66586697102, -0.603897929192, 15.9989452362, 3.08691191673, 69.5111236572, 3.30122637749, 12.6967716217], [70.6736068726, -17.650018692, -14.2684793472, -32.8443717957, 33.6907920837, 0.0964261516929, 10.895608902, 4.0808300972, -10.5141658783, 20.9874591827, 3.30122637749, 76.6262969971, 20.2156486511], [-44.6345214844, -0.830753803253, -5.75073099136, 31.8098945618, -5.32539463043, 15.9110965729, -29.8498210907, 9.62447547913, 4.29320430756, -21.4319000244, 12.6967716217, 20.2156486511, 85.2974700928]]}, "spectral_energyband_middle_low": {"dmean2": 0.015134261921, "median": 0.0183939412236, "min": 1.7307988176e-22, "dvar2": 0.000452227250207, "dvar": 0.000158338138135, "dmean": 0.00925243087113, "max": 0.187466531992, "var": 0.000286597904051, "mean": 0.0220122486353}, "melbands_crest": {"dmean2": 6.6247587204, "median": 13.3425951004, "min": 1.00080096722, "dvar2": 35.0702934265, "dvar": 12.7452783585, "dmean": 4.0388174057, "max": 39.7406005859, "var": 30.1889762878, "mean": 14.3879032135}, "spectral_kurtosis": {"dmean2": 3.37190151215, "median": 5.92803382874, "min": -1.21024143696, "dvar2": 13.3704452515, "dvar": 5.34416007996, "dmean": 2.06645965576, "max": 39.4754219055, "var": 10.3265209198, "mean": 6.63231229782}, "spectral_rms": {"dmean2": 0.00136947201099, "median": 0.00527445040643, "min": 3.21436583947e-12, "dvar2": 2.23246297537e-06, "dvar": 8.75058617567e-07, "dmean": 0.000881793093868, "max": 0.0137779517099, "var": 3.80715800929e-06, "mean": 0.00513783842325}, "zerocrossingrate": {"dmean2": 0.0094963721931, "median": 0.03564453125, "min": 0, "dvar2": 0.000139333744301, "dvar": 7.99870540504e-05, "dmean": 0.00778603553772, "max": 0.50634765625, "var": 0.000329717964632, "mean": 0.0365407466888}, "silence_rate_60dB": {"dmean2": 0.016679905355, "median": 0, "min": 0, "dvar2": 0.0195788405836, "dvar": 0.00826879218221, "dmean": 0.00833829678595, "max": 1, "var": 0.0690621212125, "mean": 0.0746327936649}, "erbbands_kurtosis": {"dmean2": 1.71678888798, "median": 0.462534725666, "min": -1.64199912548, "dvar2": 6.42733573914, "dvar": 2.52747392654, "dmean": 1.07631516457, "max": 40.5182533264, "var": 3.90189123154, "mean": 0.882246017456}, "erbbands": {"dmean2": [0.0323535576463, 0.316876292229, 1.7023473978, 10.3230924606, 31.2944793701, 44.8080368042, 18.404920578, 20.3921165466, 18.1991119385, 27.2733783722, 31.1723270416, 15.9473056793, 20.1940097809, 25.0277080536, 21.715171814, 54.1051559448, 25.3292236328, 17.2446670532, 13.554479599, 17.1286296844, 12.4866304398, 11.4439554214, 9.38961696625, 6.16366434097, 4.65096282959, 3.94531869888, 2.4898519516, 1.82713389397, 1.4649271965, 1.09994781017, 0.903922617435, 0.906328141689, 0.584682703018, 0.419235646725, 0.234747469425, 0.0978698655963, 0.0406142771244, 0.00805693119764, 0.000176375178853, 2.08322944673e-05], "median": [0.0339787378907, 0.365242928267, 1.52882146835, 6.44139575958, 17.8451690674, 14.2755794525, 11.5494298935, 11.0507621765, 17.0782032013, 12.7897224426, 20.394821167, 11.1716709137, 12.2144165039, 10.8964290619, 11.4919204712, 19.4389305115, 11.1324186325, 10.5776977539, 9.52065467834, 7.91535758972, 5.37844657898, 5.98744869232, 4.2981595993, 3.54500460625, 3.17794203758, 2.4662001133, 1.70657038689, 1.30169725418, 1.02986860275, 0.681548595428, 0.393273472786, 0.247107863426, 0.160589441657, 0.112814836204, 0.0663946643472, 0.0241388250142, 0.00846599042416, 0.00153927248903, 5.11467151227e-05, 3.52947572537e-05], "min": [9.97752181691e-22, 3.31246293832e-21, 5.73223118633e-21, 2.60913557806e-20, 8.32130836155e-20, 6.75978652797e-20, 1.3046619616e-19, 1.16225726153e-19, 4.25128545243e-19, 7.09807354246e-19, 6.88518155122e-19, 8.83856856776e-19, 1.20702960126e-18, 1.54371961432e-18, 1.49053210773e-18, 2.56215927375e-18, 2.71975206969e-18, 5.52102402952e-18, 6.31534778737e-18, 5.338411088e-18, 9.1760915517e-18, 9.04213709612e-18, 7.30446472126e-18, 9.34279491491e-18, 1.07731672107e-17, 1.88126414632e-17, 1.44596398856e-17, 1.48335751533e-17, 1.7815984778e-17, 2.08874304695e-17, 1.80447200697e-17, 1.92529827905e-17, 1.20101107648e-17, 1.22949355195e-17, 7.80941133593e-18, 5.31175188404e-18, 3.04796947854e-18, 1.19501521645e-18, 3.05398597672e-19, 3.07159012499e-20], "dvar2": [0.001402582624, 0.127791121602, 3.59123492241, 182.455291748, 2109.54443359, 7269.88476563, 632.182006836, 1305.06396484, 601.843200684, 2133.11938477, 3489.21118164, 601.270690918, 1326.91650391, 3027.90332031, 1453.96643066, 11510.4492188, 2896.49023438, 836.722106934, 428.416351318, 815.867126465, 497.088867188, 481.530395508, 366.596893311, 120.340003967, 47.8743591309, 37.1678161621, 16.375995636, 7.73795413971, 4.69912195206, 3.63827562332, 3.0579226017, 4.45315647125, 1.28076457977, 0.797185778618, 0.193835809827, 0.0344862192869, 0.00622620340437, 0.000289913325105, 1.26376306753e-07, 7.26455728906e-10], "dvar": [0.0006484464393, 0.0536934509873, 1.45543158054, 89.6145706177, 722.450622559, 2455.66308594, 256.250061035, 518.104370117, 256.607269287, 985.913513184, 1770.51989746, 266.843322754, 629.201721191, 1841.06335449, 645.468444824, 5759.04882813, 1143.16479492, 384.818481445, 186.147445679, 366.590881348, 206.032012939, 191.459136963, 158.87512207, 51.0741424561, 20.9957389832, 17.0016651154, 7.35423803329, 3.47351980209, 2.00984740257, 1.59614396095, 1.4332267046, 1.80263876915, 0.557390868664, 0.334450244904, 0.0838056877255, 0.0142702180892, 0.00253208703361, 0.000114567854325, 5.06659567634e-08, 2.83967599435e-10], "dmean": [0.0209457650781, 0.20143340528, 1.07424879074, 6.82089805603, 18.8053455353, 25.3396873474, 11.2869844437, 12.6463975906, 11.6147947311, 17.4902896881, 21.3958034515, 10.3743047714, 13.5088329315, 17.6425800323, 14.5650424957, 37.2867546082, 16.0992355347, 11.5048418045, 8.94921779633, 11.0777101517, 8.02969837189, 7.34436321259, 6.07203435898, 4.03996515274, 3.05837655067, 2.64052629471, 1.68489801884, 1.22872805595, 0.994852185249, 0.753099143505, 0.637666165829, 0.603646755219, 0.397585213184, 0.287966281176, 0.158488273621, 0.0641068294644, 0.0259487479925, 0.00509813288227, 0.000112893103505, 1.33354533318e-05], "max": [0.354310274124, 2.87611794472, 21.4362621307, 220.227493286, 382.819763184, 531.353820801, 223.622406006, 526.503540039, 403.09777832, 537.202148438, 1234.58496094, 476.334625244, 584.207946777, 718.457702637, 451.219482422, 964.066589355, 468.994049072, 414.437133789, 237.749206543, 356.232147217, 242.302841187, 204.511199951, 187.834777832, 108.632026672, 65.8305892944, 52.2926483154, 36.0711479187, 23.9408111572, 19.029706955, 19.3209323883, 19.4076023102, 21.9371738434, 13.5210905075, 13.3302211761, 3.9739677906, 1.49808204174, 0.571293592453, 0.127559587359, 0.00269095646217, 0.000245243747486], "var": [0.00305136712268, 0.181089267135, 4.68177223206, 283.701629639, 1062.63452148, 2355.5546875, 456.06817627, 1110.99255371, 618.337585449, 2302.09936523, 4862.60986328, 663.908813477, 1251.72753906, 4844.33447266, 1384.80187988, 10340.8369141, 1576.57556152, 805.922912598, 387.342132568, 763.438659668, 294.225799561, 255.630706787, 230.756851196, 72.6576080322, 36.4500465393, 30.8868942261, 13.6432237625, 6.03178691864, 3.34727549553, 2.66360425949, 2.19930529594, 2.1392185688, 0.748683393002, 0.403420686722, 0.104316845536, 0.015618420206, 0.00258397008292, 0.000112356967293, 5.3130193578e-08, 6.53192999689e-10], "mean": [0.0512123182416, 0.453366667032, 2.20462107658, 12.3566274643, 28.341966629, 30.999420166, 18.8969993591, 21.6152381897, 23.5915279388, 29.4826316833, 40.3269386292, 19.0747699738, 23.7982692719, 30.6419124603, 25.4873809814, 57.4290008545, 24.2866096497, 20.4770965576, 15.8915319443, 18.2595806122, 11.6574831009, 11.1381349564, 9.10028743744, 6.27912664413, 5.0630068779, 4.36289167404, 2.97003483772, 2.10389590263, 1.62428152561, 1.25220894814, 0.914904534817, 0.757391750813, 0.48636212945, 0.342659831047, 0.188448622823, 0.0709095522761, 0.0272471476346, 0.00530081940815, 0.000133163863211, 3.88285152439e-05]}, "spectral_strongpeak": {"dmean2": 0.837687373161, "median": 0.628524899483, "min": 0, "dvar2": 1.21394610405, "dvar": 0.510259747505, "dmean": 0.492067545652, "max": 6.64505910873, "var": 0.735524833202, "mean": 0.845904648304}, "spectral_energy": {"dmean2": 0.0166234001517, "median": 0.0285153221339, "min": 1.05904523514e-20, "dvar2": 0.000469197781058, "dvar": 0.000172175306943, "dmean": 0.0104259299114, "max": 0.194577753544, "var": 0.000390859815525, "mean": 0.0309597048908}, "average_loudness": 0.889995276928, "spectral_rolloff": {"dmean2": 443.517578125, "median": 624.462890625, "min": 21.533203125, "dvar2": 298290.71875, "dvar": 144061.75, "dmean": 262.837615967, "max": 18755.4199219, "var": 428153.96875, "mean": 775.731262207}, "spectral_centroid": {"dmean2": 310.034637451, "median": 689.786010742, "min": 191.926422119, "dvar2": 113882.367188, "dvar": 50161.5742188, "dmean": 200.093154907, "max": 11431.1894531, "var": 155426.140625, "mean": 740.527770996}, "pitch_salience": {"dmean2": 0.136204451323, "median": 0.578085064888, "min": 0.0293911602348, "dvar2": 0.0145591022447, "dvar": 0.00530008086935, "dmean": 0.0834333226085, "max": 0.996097207069, "var": 0.0119605744258, "mean": 0.568724215031}, "spectral_energyband_middle_high": {"dmean2": 0.00281864916906, "median": 0.00308736227453, "min": 1.55340621433e-21, "dvar2": 1.57275590027e-05, "dvar": 8.07901233202e-06, "dmean": 0.0020217737183, "max": 0.0348096676171, "var": 2.16117223317e-05, "mean": 0.00449468847364}, "spectral_contrast_coeffs": {"dmean2": [0.0972568541765, 0.0822302177548, 0.0663525015116, 0.0496603064239, 0.0385399647057, 0.0520829074085], "median": [-0.567593812943, -0.726526260376, -0.752984762192, -0.775435984135, -0.792693853378, -0.748103260994], "min": [-0.968747794628, -0.996525764465, -0.999044656754, -0.987962186337, -0.988663196564, -0.960524976254], "dvar2": [0.00651456229389, 0.00414245482534, 0.00268377852626, 0.00165744370315, 0.0010044912342, 0.0023259751033], "dvar": [0.00239789043553, 0.00164941290859, 0.00123960117344, 0.000696122879162, 0.000394892238546, 0.00127497420181], "dmean": [0.0589088238776, 0.0506329126656, 0.0436469987035, 0.0324055738747, 0.0243062246591, 0.0369803383946], "max": [-0.241437628865, -0.445959508419, -0.527793467045, -0.588213920593, -0.657076716423, -0.477323800325], "var": [0.00831532943994, 0.00452499138191, 0.00422516092658, 0.00253344024532, 0.00136213877704, 0.00445356918499], "mean": [-0.565713465214, -0.72471421957, -0.751879155636, -0.773900508881, -0.792664289474, -0.738560974598]}, "melbands_skewness": {"dmean2": 1.27518284321, "median": 2.60131049156, "min": -0.366754889488, "dvar2": 3.15932011604, "dvar": 1.46560370922, "dmean": 0.814178228378, "max": 72.5281677246, "var": 3.07117676735, "mean": 2.76813840866}, "spectral_spread": {"dmean2": 787148.125, "median": 3895870.5, "min": 1693394.5, "dvar2": 976499834880, "dvar": 455072382976, "dmean": 537716.375, "max": 41091996, "var": 1383192330240.0, "mean": 4006685.5}, "dissonance": {"dmean2": 0.0414207316935, "median": 0.453246355057, "min": 0.245422378182, "dvar2": 0.00124678411521, "dvar": 0.000471779261716, "dmean": 0.0250025689602, "max": 0.500000119209, "var": 0.000940995640121, "mean": 0.447891771793}, "spectral_skewness": {"dmean2": 0.384858012199, "median": 1.94171738625, "min": -0.0733355283737, "dvar2": 0.13276386261, "dvar": 0.0553587712348, "dmean": 0.244333148003, "max": 4.87401103973, "var": 0.147671580315, "mean": 1.99995350838}, "spectral_flux": {"dmean2": 0.0403882414103, "median": 0.0789835304022, "min": 6.40462266555e-11, "dvar2": 0.00169811688829, "dvar": 0.000759805145208, "dmean": 0.0257163904607, "max": 0.296265393496, "var": 0.00203027483076, "mean": 0.0853022485971}, "spectral_contrast_valleys": {"dmean2": [0.627233505249, 0.631475567818, 0.638338565826, 0.594636440277, 0.486058712006, 0.820404231548], "median": [-6.94235515594, -6.34348773956, -7.24632167816, -7.70236635208, -7.8540430069, -10.912065506], "min": [-27.3361530304, -27.6673984528, -27.5795040131, -27.5582580566, -27.3393497467, -27.3494491577], "dvar2": [0.257993817329, 0.285494148731, 0.302003324032, 0.29743501544, 0.192432940006, 0.570790052414], "dvar": [0.110905691981, 0.132032006979, 0.14458489418, 0.147159472108, 0.104986682534, 0.350136131048], "dmean": [0.380353361368, 0.396426439285, 0.42141148448, 0.419398158789, 0.357063114643, 0.656030535698], "max": [-5.74283075333, -4.84417057037, -5.50563001633, -5.77975034714, -6.19842576981, -8.4570980072], "var": [1.31313765049, 1.31552636623, 1.31372654438, 1.33847725391, 1.20271527767, 1.80464875698], "mean": [-7.23940706253, -6.55196046829, -7.41940307617, -7.8788433075, -8.04947853088, -11.1112241745]}, "erbbands_flatness_db": {"dmean2": 0.0263695418835, "median": 0.159277617931, "min": 0.0456430949271, "dvar2": 0.000580593768973, "dvar": 0.000264811038505, "dmean": 0.0185367129743, "max": 0.29047486186, "var": 0.000797105603851, "mean": 0.160541161895}, "spectral_energyband_high": {"dmean2": 0.000217439592234, "median": 0.000151973159518, "min": 7.79338311536e-21, "dvar2": 1.19223017236e-07, "dvar": 5.58538033602e-08, "dmean": 0.000156282330863, "max": 0.00331385503523, "var": 1.01646612904e-07, "mean": 0.000261897163}, "spectral_entropy": {"dmean2": 0.369504749775, "median": 7.23414134979, "min": 5.3241944313, "dvar2": 0.110273316503, "dvar": 0.050818964839, "dmean": 0.257526755333, "max": 9.81692790985, "var": 0.149342387915, "mean": 7.20722913742}, "silence_rate_20dB": {"dmean2": 0, "median": 1, "min": 1, "dvar2": 0, "dvar": 0, "dmean": 0, "max": 1, "var": 0, "mean": 1}, "melbands_flatness_db": {"dmean2": 0.0534140653908, "median": 0.228405803442, "min": -8.62865601192e-09, "dvar2": 0.00216120504774, "dvar": 0.0010387361981, "dmean": 0.0372792668641, "max": 0.614971280098, "var": 0.00359744159505, "mean": 0.23563978076}, "barkbands": {"dmean2": [0.000202473529498, 0.00125424866565, 0.0020892219618, 0.00469968514517, 0.0119866784662, 0.00245154788718, 0.00147659855429, 0.00133459980134, 0.000687820487656, 0.00057654036209, 0.000817143241875, 0.00110310618766, 0.000514992803801, 0.000318666687235, 0.000316986435791, 0.000227305223234, 0.000267864757916, 0.000166308323969, 0.000105050748971, 7.4558040069e-05, 5.38246495125e-05, 3.90883251384e-05, 2.94905221381e-05, 3.94496819354e-05, 3.42893326888e-05, 2.2530750357e-05, 1.67808696006e-06], "median": [8.89354560059e-05, 0.0015298568178, 0.00149673968554, 0.00261155469343, 0.00544185657054, 0.00156621565111, 0.00112440716475, 0.000867481634486, 0.000366527820006, 0.000328520836774, 0.00023693816911, 0.000413302652305, 0.000141547468957, 0.000170395578607, 0.00015974121925, 8.52043303894e-05, 0.000115411712613, 7.03009864083e-05, 6.64149338263e-05, 5.11622674821e-05, 3.43185383826e-05, 2.82917753793e-05, 1.51018175529e-05, 1.10864093585e-05, 1.011164386e-05, 4.9055497584e-06, 2.45492174145e-07], "min": [2.00683248171e-23, 1.92528698331e-23, 3.22592163745e-24, 2.21021565366e-23, 2.80829812202e-23, 1.56087663244e-23, 3.46300691942e-23, 3.74131042035e-23, 2.87425636003e-23, 7.82604859589e-23, 2.01333474661e-23, 6.72816373728e-23, 4.13630695955e-23, 9.72840307714e-23, 1.0804328572