{"metadata": {"tags": {"album": ["Smelly Beaver"], "genre": ["Nu_Metal/Rapcore"], "artist": ["Limp Bizkit"], "date": ["2010"], "tracknumber": ["15/16"], "title": ["Actin Dumb (bonus track)"], "file_name": "1994480.mp3", "musicbrainz_recordingid": ["02685fa5-f5c8-4669-8c5d-add044b424ca"]}, "audio_properties": {"sample_rate": 44100, "downmix": "mix", "lossless": false, "analysis_sample_rate": 44100, "md5_encoded": "d4a9338cdcc10a2dd4548b7addefcdf7", "equal_loudness": 0, "replay_gain": -9.78587150574, "codec": "mp3", "bit_rate": 320028, "length": 300.042449951}, "version": {"extractor": "music 1.0", "essentia_build_sha": "70f2e5ece6736b2c40cc944ad0e695b16b925413", "essentia_git_sha": "v2.1_beta2", "essentia": "2.1-beta2"}}, "rhythm": {"beats_loudness_band_ratio": {"dvar2": [0.0818902477622, 0.0350268818438, 0.00962592847645, 0.0179919749498, 0.0404214784503, 0.00105431023985], "var": [0.0473481118679, 0.011727896519, 0.003973712679, 0.00496488669887, 0.0224180985242, 0.000260008702753], "min": [0.00159903359599, 0.00237260316499, 0.000450488529168, 0.000178657384822, 0.000238347929553, 5.6540749938e-05], "dmean": [0.23228405416, 0.107479713857, 0.0477467551827, 0.0548936463892, 0.131908223033, 0.0171979255974], "mean": [0.624216735363, 0.106200240552, 0.0541174411774, 0.0543825365603, 0.170496702194, 0.0174248442054], "max": [0.994544506073, 0.805244505405, 0.537162005901, 0.695404648781, 0.738706052303, 0.120839960873], "dmean2": [0.428107917309, 0.201018214226, 0.083130210638, 0.0976987332106, 0.236088722944, 0.0324958823621], "median": [0.633702874184, 0.0655256137252, 0.0344088971615, 0.0317558720708, 0.140130072832, 0.0131809748709], "dvar": [0.0289158895612, 0.0120059326291, 0.00364961894229, 0.00627657352015, 0.0132033675909, 0.000319503596984]}, "bpm_histogram_first_peak_weight": {"dvar2": 0, "var": 0, "min": 0.355289429426, "dmean": 0, "mean": 0.355289429426, "max": 0.355289429426, "dmean2": 0, "median": 0.355289429426, "dvar": 0}, "bpm": 96.5679168701, "beats_count": 502, "bpm_histogram_first_peak_spread": {"dvar2": 0, "var": 0, "min": 0.563725471497, "dmean": 0, "mean": 0.563725471497, "max": 0.563725471497, "dmean2": 0, "median": 0.563725471497, "dvar": 0}, "danceability": 1.04786717892, "bpm_histogram_first_peak_bpm": {"dvar2": 0, "var": 0, "min": 96, "dmean": 0, "mean": 96, "max": 96, "dmean2": 0, "median": 96, "dvar": 0}, "beats_position": [0.638548731804, 1.27709746361, 1.91564619541, 2.54258489609, 3.15791368484, 3.7732424736, 4.38857126236, 5.01551008224, 5.64244890213, 6.28099775314, 6.93115615845, 7.58131504059, 8.24308395386, 8.90485286713, 9.57823085785, 10.2399997711, 10.8785486221, 11.5170974731, 12.144036293, 12.7709751129, 13.3979139328, 14.0016326904, 14.6169614792, 15.2439002991, 15.8592290878, 16.4745578766, 17.0898857117, 17.7168254852, 18.3437633514, 18.970703125, 19.6092510223, 20.247800827, 20.8747386932, 21.5016784668, 22.1402263641, 22.7555541992, 23.3824939728, 24.009431839, 24.6247615814, 25.2516994476, 25.8902492523, 26.5171871185, 27.1441268921, 27.7710647583, 28.3980045319, 29.0249423981, 29.6518821716, 30.290430069, 30.9289798737, 31.5559177399, 32.1828575134, 32.8097953796, 33.4367332458, 34.0520629883, 34.6790008545, 35.2943305969, 35.9212684631, 36.5482063293, 37.1751480103, 37.8020858765, 38.4290237427, 39.0559616089, 39.6829032898, 40.309841156, 40.9367790222, 41.5637168884, 42.1906585693, 42.8175964355, 43.4445343018, 44.0598640442, 44.6751937866, 45.3021316528, 45.929069519, 46.5560073853, 47.1829452515, 47.7982749939, 48.4136047363, 49.0405426025, 49.6674804688, 50.2944221497, 50.9329681396, 51.5599098206, 52.1868476868, 52.8021774292, 53.4291152954, 54.0444450378, 54.6597709656, 55.275100708, 55.8904304504, 56.5173683167, 57.1443061829, 57.7712478638, 58.39818573, 59.0251235962, 59.6636734009, 60.3138313293, 60.9291610718, 61.5212669373, 62.1133766174, 62.7170982361, 63.32081604, 63.924533844, 64.5282516479, 65.1319732666, 65.7356872559, 66.3394088745, 66.9547348022, 67.5700683594, 68.1737823486, 68.7891159058, 69.4044418335, 70.0197753906, 70.6234893799, 71.238822937, 71.8541488647, 72.4694747925, 73.0848083496, 73.7001342773, 74.3154602051, 74.9307937622, 75.5461196899, 76.1614532471, 76.7767791748, 77.3921051025, 78.0074386597, 78.6111526489, 79.2264862061, 79.8534240723, 80.4803619385, 81.1072998047, 81.7226257324, 82.3379592896, 82.9648971558, 83.5802230835, 84.1955566406, 84.8224945068, 85.449432373, 86.0763702393, 86.7033081055, 87.3418579102, 87.9804077148, 88.6073455811, 89.2342834473, 89.8612213135, 90.5113830566, 91.1383209229, 91.7652587891, 92.3921966553, 93.0191345215, 93.6460723877, 94.2730178833, 94.8999557495, 95.5152816772, 96.130607605, 96.7575454712, 97.3844909668, 98.011428833, 98.6499786377, 99.288520813, 99.9154663086, 100.542404175, 101.169342041, 101.796279907, 102.423217773, 103.05015564, 103.665489197, 104.280815125, 104.907752991, 105.523078918, 106.138412476, 106.742126465, 107.36907196, 107.984397888, 108.599723816, 109.238273621, 109.876823425, 110.51537323, 111.153923035, 111.780860901, 112.38457489, 113.011520386, 113.638458252, 114.25378418, 114.869110107, 115.496055603, 116.122993469, 116.749931335, 117.376869202, 118.003807068, 118.630744934, 119.2576828, 119.884620667, 120.511566162, 121.12689209, 121.753829956, 122.369155884, 122.984489441, 123.599815369, 124.226753235, 124.853691101, 125.469024658, 126.084350586, 126.711288452, 127.338226318, 127.965164185, 128.592102051, 129.219039917, 129.845977783, 130.472915649, 131.099868774, 131.726806641, 132.33052063, 132.957458496, 133.584396362, 134.19972229, 134.815048218, 135.441986084, 136.045715332, 136.66104126, 137.276367188, 137.903305054, 138.53024292, 139.145568848, 139.760910034, 140.364624023, 140.968338013, 141.58366394, 142.199005127, 142.802719116, 143.406433105, 144.010162354, 144.613876343, 145.217590332, 145.82131958, 146.436645508, 147.063583374, 147.69052124, 148.329071045, 148.921173096, 149.513290405, 150.117004395, 150.720718384, 151.312835693, 151.904937744, 152.508651733, 153.12399292, 153.727706909, 154.343032837, 154.946762085, 155.550476074, 156.165802002, 156.78112793, 157.396453857, 158.011795044, 158.627120972, 159.242446899, 159.857772827, 160.473098755, 161.088439941, 161.715377808, 162.330703735, 162.946029663, 163.561355591, 164.176681519, 164.803619385, 165.418960571, 166.034286499, 166.649612427, 167.276550293, 167.880264282, 168.49559021, 169.122543335, 169.749481201, 170.364807129, 170.980133057, 171.595458984, 172.199172974, 172.802902222, 173.406616211, 174.033554077, 174.648880005, 175.264221191, 175.879547119, 176.494873047, 177.110198975, 177.725524902, 178.352462769, 178.991012573, 179.629562378, 180.268112183, 180.906661987, 181.533599854, 182.172149658, 182.799087524, 183.426025391, 184.064575195, 184.691513062, 185.318450928, 185.80607605, 186.293685913, 186.781311035, 187.257324219, 187.744934082, 188.244171143, 188.720184326, 189.196182251, 189.660583496, 190.124984741, 190.589385986, 191.053787231, 191.506576538, 191.959365845, 192.42376709, 192.888153076, 193.36416626, 193.816955566, 194.281356812, 194.734146118, 195.186935425, 195.639724731, 196.092514038, 196.556915283, 197.032928467, 197.497314453, 197.961715698, 198.437728882, 198.902130127, 199.366531372, 199.819320679, 200.272109985, 200.73651123, 201.200897217, 201.665298462, 202.129699707, 202.594100952, 203.058502197, 203.522903442, 203.987304688, 204.440093994, 204.892883301, 205.345672607, 205.798446655, 206.251235962, 206.727249146, 207.214874268, 207.690887451, 208.166885376, 208.64289856, 209.118911743, 209.583312988, 210.047698975, 210.51210022, 210.988113403, 211.464126587, 211.940139771, 212.416137695, 212.915374756, 213.414596558, 213.90222168, 214.378234863, 214.854232788, 215.330245972, 215.806259155, 216.2706604, 216.735046387, 217.21105957, 217.675460815, 218.139862061, 218.615875244, 219.08026123, 219.544662476, 220.009063721, 220.473464966, 220.937866211, 221.402267456, 221.866668701, 222.331054688, 222.783843994, 223.259857178, 223.724258423, 224.200271606, 224.815597534, 225.4425354, 226.069473267, 226.696411133, 227.311737061, 227.938674927, 228.565612793, 229.192550659, 229.807891846, 230.434829712, 231.061767578, 231.688705444, 232.304031372, 232.9193573, 233.534683228, 234.150024414, 234.77696228, 235.403900146, 236.042449951, 236.657775879, 237.284713745, 237.92326355, 238.550201416, 239.165527344, 239.769241333, 240.38458252, 240.999908447, 241.615234375, 242.230560303, 242.84588623, 243.461227417, 244.064941406, 244.680267334, 245.295593262, 245.910919189, 246.526260376, 247.141586304, 247.756912231, 248.360626221, 248.964355469, 249.579681396, 250.183395386, 250.798721313, 251.414047241, 252.029388428, 252.644714355, 253.260040283, 253.875366211, 254.490692139, 255.094421387, 255.698135376, 256.301849365, 256.905578613, 257.520904541, 258.124633789, 258.739959717, 259.343658447, 259.970611572, 260.59753418, 261.224487305, 261.851409912, 262.466766357, 263.082092285, 263.697418213, 264.312744141, 264.939666748, 265.554992676, 266.170349121, 266.797271729, 267.435821533, 268.074371338, 268.701324463, 269.32824707, 269.955200195, 270.582122803, 271.19744873, 271.812774658, 272.439727783, 273.066650391, 273.681976318, 274.297332764, 274.912658691, 275.527984619, 276.154907227, 276.781860352, 277.408782959, 278.035736084, 278.662658691, 279.289611816, 279.904937744, 280.520263672, 281.147216797, 281.774139404, 282.389465332, 283.00479126, 283.631744385, 284.258666992, 284.874023438, 285.489349365, 286.116271973, 286.743225098, 287.370147705, 287.99710083, 288.624023438, 289.250976562, 289.87789917, 290.504852295, 291.131774902, 291.758728027, 292.385650635, 293.00100708, 293.627929688, 294.243255615, 294.87020874, 295.497131348, 296.124084473, 296.762634277, 297.401184082, 298.028106689, 298.655059814, 299.293609619], "beats_loudness": {"dvar2": 0.000828439078759, "var": 0.000494361040182, "min": 7.85416261806e-07, "dmean": 0.0178189091384, "mean": 0.038028832525, "max": 0.192124888301, "dmean2": 0.030923306942, "median": 0.0352154262364, "dvar": 0.000308453687467}, "bpm_histogram_second_peak_weight": {"dvar2": 0, "var": 0, "min": 0.071856290102, "dmean": 0, "mean": 0.071856290102, "max": 0.071856290102, "dmean2": 0, "median": 0.071856290102, "dvar": 0}, "bpm_histogram_second_peak_spread": {"dvar2": 0, "var": 0, "min": 0.513513445854, "dmean": 0, "mean": 0.513513445854, "max": 0.513513445854, "dmean2": 0, "median": 0.513513445854, "dvar": 0}, "bpm_histogram_second_peak_bpm": {"dvar2": 0, "var": 0, "min": 129, "dmean": 0, "mean": 129, "max": 129, "dmean2": 0, "median": 129, "dvar": 0}, "onset_rate": 3.37932562828}, "lowlevel": {"spectral_energyband_high": {"dvar2": 5.45407310426e-08, "var": 1.22349518961e-07, "min": 7.01612010628e-21, "dmean": 0.000126855113194, "mean": 0.000352794624632, "max": 0.00416032597423, "dmean2": 0.000171980966115, "median": 0.000263453315711, "dvar": 3.15157500097e-08}, "spectral_energyband_middle_low": {"dvar2": 0.000193451720406, "var": 0.000188047924894, "min": 1.98181044489e-22, "dmean": 0.00587843172252, "mean": 0.0109010003507, "max": 0.183823883533, "dmean2": 0.00920016691089, "median": 0.00675952807069, "dvar": 8.67654161993e-05}, "spectral_energy": {"dvar2": 0.000634327996522, "var": 0.000679661112372, "min": 1.00666168025e-20, "dmean": 0.0134657798335, "mean": 0.0403072759509, "max": 0.284669190645, "dmean2": 0.0219321772456, "median": 0.0360765680671, "dvar": 0.000238405977143}, "spectral_spread": {"dvar2": 1505527988220.0, "var": 4497097621500.0, "min": 1510269.25, "dmean": 772284.4375, "mean": 5251849, "max": 49301956, "dmean2": 1094388.25, "median": 4859665.5, "dvar": 781563330560}, "spectral_energyband_low": {"dvar2": 0.000533769780304, "var": 0.000537217943929, "min": 1.88936683308e-23, "dmean": 0.0113250622526, "mean": 0.0264230556786, "max": 0.249880507588, "dmean2": 0.0184067059308, "median": 0.0208683852106, "dvar": 0.000201351882424}, "spectral_rolloff": {"dvar2": 884611.25, "var": 1271415.25, "min": 86.1328125, "dmean": 362.888641357, "mean": 1123.66308594, "max": 20090.4785156, "dmean2": 647.281860352, "median": 667.529296875, "dvar": 391162.09375}, "barkbands": {"dvar2": [2.13564763096e-10, 0.000102023899672, 0.000272257719189, 0.00015448393242, 1.1515654478e-05, 1.67227444763e-05, 8.35960872791e-06, 3.65305891137e-06, 5.03337048485e-07, 1.18164209084e-07, 1.76204935087e-06, 1.14219312763e-06, 7.47207948848e-08, 6.88537014071e-08, 6.82763243276e-07, 4.35977890447e-05, 6.59962324789e-07, 6.65780873987e-07, 2.74126876754e-09, 1.45508965987e-10, 4.99795482778e-11, 6.4730842908e-10, 7.56478968356e-09, 1.6482173848e-08, 8.46307202096e-09, 4.66884753081e-10, 3.53150630314e-15], "var": [8.62396890011e-11, 0.000126922532218, 0.000265475653578, 0.000144649471622, 7.59561771702e-06, 7.16739350537e-06, 7.05833872416e-06, 1.90487560303e-06, 3.1508631082e-07, 7.50245163772e-08, 1.52175402945e-06, 6.58536521314e-07, 4.74715875498e-08, 5.03021269083e-08, 4.48074587212e-07, 3.53445320798e-05, 3.51735906179e-07, 4.88577370561e-07, 2.01093808272e-09, 7.431900928e-11, 3.76289589765e-11, 8.35961300183e-10, 9.08785047216e-09, 2.51954510588e-08, 1.1641150266e-08, 5.5971871582e-10, 1.21927491669e-15], "min": [1.68068078035e-24, 4.91809020473e-24, 2.90699030106e-24, 3.44278383903e-24, 2.54801725288e-23, 4.88938986727e-24, 1.60863064289e-23, 1.31810492552e-23, 4.29914331206e-23, 2.95163888167e-23, 2.54770155074e-23, 4.65649067569e-23, 3.56534205812e-23, 5.91795183835e-23, 5.37608770017e-23, 8.37597299925e-23, 8.27531308557e-23, 1.01196976499e-22, 1.5765578304e-22, 2.30348696989e-22, 3.22411364714e-22, 3.77313306927e-22, 3.58595240611e-22, 6.54732740907e-22, 9.83360531503e-22, 1.38464975734e-21, 2.16046651302e-21], "dmean": [5.38185622645e-06, 0.00524134095758, 0.00640392675996, 0.00452294154093, 0.00130235427059, 0.000684331753291, 0.000707011495251, 0.000321608531522, 0.000199124158826, 7.94780862634e-05, 0.000379411038011, 0.000286561436951, 8.39870845084e-05, 8.13260048744e-05, 0.000253368314588, 0.00248822942376, 0.000218177374336, 0.000302177882986, 2.27366672334e-05, 4.05070250054e-06, 2.54669134847e-06, 1.13006008178e-05, 3.48169014615e-05, 5.40309592907e-05, 4.45738551207e-05, 1.03712409327e-05, 1.9539793783e-08], "mean": [6.10752931607e-06, 0.0104441447183, 0.0118718985468, 0.00632259715348, 0.0019390641246, 0.000952801085077, 0.000981530640274, 0.000373030663468, 0.000297158170724, 0.000111025932711, 0.000632233684883, 0.000390786211938, 0.000127418417833, 0.000119962205645, 0.000387023406802, 0.00413706107065, 0.000317911006277, 0.000499457644764, 3.83899787266e-05, 6.83052485329e-06, 5.28904047314e-06, 2.44482453127e-05, 7.66269367887e-05, 0.000122307304991, 0.000100569435745, 2.15564323298e-05, 1.85848776368e-08], "max": [0.000168379352544, 0.0938017964363, 0.195725500584, 0.181516587734, 0.0558612272143, 0.181009545922, 0.0647685006261, 0.0723050907254, 0.0128211099654, 0.00741522759199, 0.0335343256593, 0.0179083645344, 0.00644892500713, 0.00333688547835, 0.0178799815476, 0.0667824521661, 0.0238494183868, 0.0127897923812, 0.000835159502458, 0.000160548079293, 0.000171084102476, 0.000408903550124, 0.00164365000091, 0.00296343094669, 0.00127608887851, 0.000233406113693, 8.2191348838e-07], "dmean2": [9.3817961897e-06, 0.00836421642452, 0.010683465749, 0.00723074981943, 0.0020908867009, 0.00107656966429, 0.00110824510921, 0.000519194058143, 0.000326662528096, 0.000126005586935, 0.000596891040914, 0.000464140204713, 0.000136937553179, 0.000132068962557, 0.000409807165852, 0.00406337995082, 0.000358945078915, 0.00049677491188, 3.80626916012e-05, 6.78313699609e-06, 4.07491643273e-06, 1.74942051672e-05, 5.17706248502e-05, 7.63795615057e-05, 6.52393864584e-05, 1.58947823365e-05, 3.37173773346e-08], "median": [2.77812341665e-06, 0.0068665612489, 0.00577940698713, 0.00237950426526, 0.00111112790182, 0.00039985353942, 0.000344673200743, 0.000104839593405, 9.62018530117e-05, 4.17450355599e-05, 0.000230496414588, 0.000167022531969, 6.25471730018e-05, 4.7010693379e-05, 0.000166290468769, 0.00122368044686, 0.000124760728795, 0.000266139802989, 2.45485443884e-05, 4.25237749369e-06, 3.47881405105e-06, 1.49475417857e-05, 4.70821651106e-05, 7.5701631431e-05, 7.20518510207e-05, 1.33584244395e-05, 5.83017900624e-09], "dvar": [7.61634713631e-11, 4.13695197494e-05, 0.000100235563878, 7.00665914337e-05, 4.77762841911e-06, 6.87827332513e-06, 3.78996514883e-06, 1.54836925503e-06, 1.94563114064e-07, 5.11109696788e-08, 7.33312674583e-07, 4.65276770001e-07, 2.97064630672e-08, 2.77701577289e-08, 2.77752604916e-07, 1.74652905116e-05, 2.62036252252e-07, 2.7284355042e-07, 1.05089759117e-09, 5.37917106691e-11, 1.93501898532e-11, 2.946652089e-10, 3.610703736e-09, 8.67447003117e-09, 4.04802191767e-09, 2.06265018954e-10, 1.29501924982e-15]}, "melbands_skewness": {"dvar2": 3.94830727577, "var": 10.3981876373, "min": -1.11831176281, "dmean": 1.30186784267, "mean": 4.28248500824, "max": 24.6540966034, "dmean2": 2.00099277496, "median": 3.41859817505, "dvar": 1.786226511}, "barkbands_skewness": {"dvar2": 2.29837679863, "var": 5.31626558304, "min": -2.19271922112, "dmean": 0.966637969017, "mean": 2.47500801086, "max": 18.1051063538, "dmean2": 1.46928930283, "median": 1.92569315434, "dvar": 1.04606974125}, "erbbands": {"dvar2": [0.015890263021, 7.83752155304, 208.051971436, 1163.16772461, 340.542022705, 196.165924072, 338.28918457, 2004.35620117, 1740.88769531, 1618.7208252, 1137.58557129, 314.17401123, 78.7105712891, 469.624481201, 2361.36181641, 1760.89416504, 139.416778564, 239.737442017, 413.686004639, 14120.3955078, 146914.765625, 1714.72363281, 2791.91455078, 58.0288467407, 2.79627418518, 0.217816650867, 0.0852409303188, 0.107687868178, 1.19484162331, 1.45855689049, 8.26488780975, 11.5048475266, 3.79852032661, 0.844201385975, 0.744136214256, 0.0436393842101, 0.000205343269045, 1.59277561806e-07, 5.03326602619e-10, 7.7192063852e-10], "var": [0.0273341014981, 8.92068862915, 192.490631104, 1113.55957031, 265.270751953, 133.960479736, 370.543334961, 649.869140625, 1510.77844238, 957.161254883, 570.153930664, 204.553833008, 49.4627304077, 327.1171875, 1772.95178223, 1158.18676758, 94.246307373, 183.871047974, 264.432922363, 11384.5908203, 106372.78125, 1484.84838867, 1960.69750977, 64.9199523926, 1.78813481331, 0.141951218247, 0.0433491766453, 0.115203119814, 1.13728821278, 1.96168315411, 9.87045383453, 14.7066421509, 5.79263114929, 1.1713103056, 0.772245943546, 0.0581218898296, 0.000254882732406, 2.04680517868e-07, 8.40954805792e-10, 8.68174254709e-10], "min": [2.51639863494e-22, 2.06344606276e-22, 1.89884580465e-21, 1.10886041039e-20, 2.67370801086e-20, 8.72981473823e-20, 6.42558746593e-20, 5.23057385214e-20, 2.45121791339e-19, 3.00354657092e-19, 6.07432224612e-19, 8.87105401837e-19, 1.39728072855e-18, 8.22596480996e-19, 1.60899047191e-18, 1.88601832553e-18, 2.16363440797e-18, 2.41836653876e-18, 3.34748020461e-18, 3.77046252636e-18, 5.39916915835e-18, 6.03176173566e-18, 5.59583631207e-18, 9.62117924134e-18, 7.92363587954e-18, 1.08555163494e-17, 1.10407030634e-17, 1.11974827408e-17, 1.21428922783e-17, 1.44881627275e-17, 1.17222866532e-17, 1.20915218807e-17, 9.98350999224e-18, 1.12251477964e-17, 6.6842265e-18, 5.0399982374e-18, 2.56698070274e-18, 1.08037749613e-18, 2.75584992143e-19, 2.83504684284e-20], "dmean": [0.0648681968451, 1.46558010578, 6.05241107941, 12.6694869995, 7.13604354858, 4.67452287674, 5.02446889877, 5.53906917572, 8.7213716507, 10.470664978, 5.59451246262, 4.95489215851, 2.1491689682, 5.47407388687, 14.0289039612, 12.0547294617, 3.80472111702, 4.68792486191, 6.09413433075, 43.9318618774, 138.177383423, 15.2975311279, 18.8749084473, 3.55196833611, 0.614538967609, 0.176596298814, 0.0814664438367, 0.141366422176, 0.44324824214, 0.510346114635, 1.13953375816, 1.39528644085, 0.775392830372, 0.384719878435, 0.407788068056, 0.106137804687, 0.00678799441084, 0.000201970353373, 1.33085413836e-05, 1.51109143189e-05], "mean": [0.133518129587, 3.02179646492, 12.2588005066, 20.2461433411, 10.8246068954, 6.79608440399, 7.82555103302, 7.33810138702, 11.8013811111, 13.9920368195, 7.57621526718, 7.54712104797, 3.28412818909, 9.34296798706, 23.5312080383, 17.4041042328, 6.58686065674, 7.21761035919, 10.3693532944, 77.3259429932, 219.036972046, 28.4192810059, 30.6426887512, 7.00437450409, 1.15128064156, 0.330526024103, 0.169903129339, 0.306904494762, 0.872152030468, 1.1632887125, 2.48973584175, 2.97342824936, 1.76384246349, 0.862590789795, 0.823736190796, 0.238807052374, 0.0144638568163, 0.000447697733762, 4.58271351818e-05, 4.97929358971e-05], "max": [1.46104133129, 24.6393661499, 160.015197754, 525.545410156, 211.291564941, 327.236480713, 513.248474121, 2101.30126953, 909.541931152, 710.125610352, 1254.29626465, 397.466705322, 219.55355835, 664.494689941, 855.151428223, 765.95690918, 269.465454102, 240.330688477, 344.103271484, 1333.12646484, 4413.56640625, 630.57208252, 812.38671875, 91.6925964355, 19.060508728, 5.05615282059, 9.50408267975, 3.80110549927, 16.9570140839, 34.7082366943, 56.218662262, 53.6913833618, 45.9693069458, 15.4993085861, 13.6963558197, 2.22219491005, 0.140009999275, 0.0043146959506, 0.000282121036435, 0.000309714232571], "dmean2": [0.0997483953834, 2.3566775322, 10.115562439, 20.3106784821, 11.5044946671, 7.50709438324, 7.69857549667, 8.87361812592, 13.6784982681, 16.6148738861, 9.08819580078, 8.05244445801, 3.42684149742, 8.56366348267, 22.1770133972, 19.4496746063, 6.1191277504, 7.54755353928, 9.67508506775, 70.7882385254, 227.276702881, 24.5199604034, 31.083814621, 5.84559392929, 1.01115119457, 0.289964139462, 0.129964068532, 0.223247841001, 0.700076520443, 0.760935425758, 1.69315171242, 2.03473758698, 1.09375965595, 0.562296867371, 0.615172147751, 0.158882796764, 0.0100586405024, 0.000296576763503, 2.02655046451e-05, 2.47082734859e-05], "median": [0.0783918648958, 2.16788935661, 7.71772098541, 10.0392827988, 5.35407304764, 3.57515835762, 3.3508541584, 3.17095732689, 3.60168099403, 5.18524742126, 2.88570332527, 2.54637694359, 1.53629601002, 4.4353427887, 9.89764213562, 8.1135225296, 3.85033845901, 3.1080520153, 5.32227182388, 29.8339958191, 62.6293754578, 12.8074569702, 15.9063186646, 4.52280902863, 0.761072158813, 0.222040817142, 0.122498355806, 0.196750119328, 0.521527826786, 0.742201209068, 1.50062203407, 1.78440463543, 1.10503005981, 0.576851725578, 0.584370553493, 0.164815038443, 0.00912400241941, 0.00031549812411, 4.24040372309e-05, 4.61957388325e-05], "dvar": [0.00713507691398, 3.10187482834, 75.80519104, 506.23046875, 145.947662354, 84.1862411499, 170.679458618, 782.161682129, 807.189697266, 676.774169922, 475.791320801, 124.457794189, 33.2120399475, 198.213378906, 942.624572754, 750.592773438, 56.0971450806, 96.7320785522, 167.245040894, 5690.40625, 57974.9960938, 699.45715332, 1143.67871094, 23.2824707031, 1.09745943546, 0.0834153816104, 0.0315885543823, 0.0436296984553, 0.497810870409, 0.691765129566, 3.91990017891, 5.64963197708, 2.04058384895, 0.417955547571, 0.329368501902, 0.0199652984738, 9.52363407123e-05, 7.49268806999e-08, 2.25764254513e-10, 2.87956297695e-10]}, "silence_rate_30dB": {"dvar2": 0.0355944409966, "var": 0.0194923449308, "min": 0, "dmean": 0.0153227057308, "mean": 0.980112969875, "max": 1, "dmean2": 0.0306477826089, "median": 1, "dvar": 0.0150864254683}, "melbands_spread": {"dvar2": 247.887145996, "var": 344.299865723, "min": 0.229423567653, "dmean": 8.7241153717, "mean": 20.5898075104, "max": 153.830383301, "dmean2": 13.9543848038, "median": 14.3552808762, "dvar": 103.645004272}, "melbands_crest": {"dvar2": 24.4979400635, "var": 27.5274009705, "min": 1.74830520153, "dmean": 3.38958954811, "mean": 18.5001392365, "max": 33.2678985596, "dmean2": 5.56552696228, "median": 18.1302223206, "dvar": 9.43986606598}, "zerocrossingrate": {"dvar2": 9.86628219835e-05, "var": 0.000889436516445, "min": 0.00341796875, "dmean": 0.00946163013577, "mean": 0.0474949963391, "max": 0.52294921875, "dmean2": 0.0111622205004, "median": 0.04443359375, "dvar": 7.60486145737e-05}, "barkbands_kurtosis": {"dvar2": 876.698059082, "var": 953.077392578, "min": -1.92815029621, "dmean": 8.80552864075, "mean": 13.4786958694, "max": 495.672943115, "dmean2": 13.8843021393, "median": 3.14862394333, "dvar": 376.087860107}, "spectral_flux": {"dvar2": 0.00169855647255, "var": 0.00201331079006, "min": 6.33922497828e-11, "dmean": 0.0264650061727, "mean": 0.0942595377564, "max": 0.359974980354, "dmean2": 0.0423834137619, "median": 0.091523014009, "dvar": 0.000689723412506}, "barkbands_crest": {"dvar2": 16.1670455933, "var": 20.1314620972, "min": 3.02019929886, "dmean": 2.91089844704, "mean": 13.1637458801, "max": 26.2939682007, "dmean2": 4.73723363876, "median": 12.4848423004, "dvar": 6.49405574799}, "barkbands_flatness_db": {"dvar2": 0.00151452515274, "var": 0.00361857237294, "min": 0.0141720119864, "dmean": 0.0293512810022, "mean": 0.211174994707, "max": 0.556043684483, "dmean2": 0.0436208322644, "median": 0.201151385903, "dvar": 0.000721055548638}, "spectral_entropy": {"dvar2": 0.0804501995444, "var": 0.20047070086, "min": 4.0790014267, "dmean": 0.211694836617, "mean": 7.13043117523, "max": 9.80948066711, "dmean2": 0.310790598392, "median": 7.19078636169, "dvar": 0.0401210822165}, "pitch_salience": {"dvar2": 0.0138723747805, "var": 0.0190069302917, "min": 0.0516152232885, "dmean": 0.085295163095, "mean": 0.433052510023, "max": 0.950260996819, "dmean2": 0.137576043606, "median": 0.440500944853, "dvar": 0.00544424075633}, "erbbands_spread": {"dvar2": 309.958770752, "var": 555.552246094, "min": 1.93644940853, "dmean": 11.8790559769, "mean": 40.1147384644, "max": 176.734786987, "dmean2": 18.8103904724, "median": 35.307636261, "dvar": 134.921554565}, "dynamic_complexity": 2.67965126038, "spectral_contrast_valleys": {"dvar2": [0.273294359446, 0.242362678051, 0.190412893891, 0.211869567633, 0.185632675886, 0.114645816386], "var": [1.23693156242, 1.09097421169, 1.13026046753, 1.38926112652, 1.26365280151, 1.15488839149], "min": [-27.5332260132, -27.8465137482, -27.4920444489, -27.4121875763, -27.489320755, -27.3774147034], "dmean": [0.395111232996, 0.373594671488, 0.342449784279, 0.318606466055, 0.288455396891, 0.238320320845], "mean": [-7.01652765274, -7.13400650024, -7.8650097847, -8.04713058472, -8.89933490753, -10.0885295868], "max": [-5.27412939072, -4.85052347183, -5.62449169159, -6.10135126114, -7.24918699265, -8.59580135345], "dmean2": [0.65669387579, 0.602834284306, 0.533276200294, 0.479520916939, 0.417281925678, 0.306111991405], "median": [-6.831843853, -7.00413179398, -7.7163066864, -7.83431768417, -8.65375328064, -9.85358810425], "dvar": [0.104018211365, 0.0998322442174, 0.0899345204234, 0.104223459959, 0.0994085967541, 0.0690903887153]}, "hfc": {"dvar2": 236.28213501, "var": 285.562347412, "min": 1.09860682802e-16, "dmean": 7.29929828644, "mean": 21.5261287689, "max": 169.266189575, "dmean2": 11.5872516632, "median": 17.787399292, "dvar": 96.8750076294}, "spectral_kurtosis": {"dvar2": 12.7693119049, "var": 19.3462524414, "min": -1.25779402256, "dmean": 1.9033613205, "mean": 6.82008218765, "max": 55.950717926, "dmean2": 2.84326171875, "median": 6.22546386719, "dvar": 5.08639144897}, "mfcc": {"mean": [-677.625, 134.321914673, 21.7327899933, 4.74955940247, 61.0917701721, 2.78387951851, -13.9208984375, 32.180770874, 0.690569639206, -7.25688314438, -5.56252002716, 5.32019424438, 9.01350879669], "cov": [[5886.13916016, -347.112945557, -711.942749023, -101.929542542, 449.085357666, 17.6207828522, -336.189453125, -10.7060499191, 0.31504920125, 129.226089478, 21.1124591827, 19.8797588348, 13.8115377426], [-347.112945557, 862.338806152, 7.16267728806, -104.218399048, -9.26016998291, -123.024299622, 67.0678024292, 119.174026489, -42.4774131775, -38.1384124756, 44.2705612183, 3.91089177132, 12.4694242477], [-711.942749023, 7.16267728806, 699.048461914, 70.9036560059, -94.8317489624, 79.3801651001, 107.529037476, 32.1092567444, 8.90226364136, -16.0891456604, 9.38533687592, 41.6359710693, 16.4199810028], [-101.929542542, -104.218399048, 70.9036560059, 307.635070801, 152.639373779, 36.2271118164, -18.8971576691, -20.1386051178, 8.4901971817, -12.6966257095, -51.3541717529, -9.50483417511, 9.5215473175], [449.085357666, -9.26016998291, -94.8317489624, 152.639373779, 294.065856934, 25.7420272827, -63.7169685364, -19.7595405579, 12.1251983643, -8.50798225403, -36.8552894592, -14.8800954819, -4.03779029846], [17.6207828522, -123.024299622, 79.3801651001, 36.2271118164, 25.7420272827, 194.330718994, 57.0728607178, -16.0640888214, 9.71374320984, -9.72660160065, -12.7095413208, 2.42421388626, -5.78021860123], [-336.189453125, 67.0678024292, 107.529037476, -18.8971576691, -63.7169685364, 57.0728607178, 184.18145752, 66.8863372803, -5.11096096039, 6.82540750504, 17.6508789062, 0.948114931583, 3.15192556381], [-10.7060499191, 119.174026489, 32.1092567444, -20.1386051178, -19.7595405579, -16.0640888214, 66.8863372803, 135.992980957, 25.0081481934, 3.41063213348, 8.42237377167, -1.62023186684, 6.05237627029], [0.31504920125, -42.4774131775, 8.90226364136, 8.4901971817, 12.1251983643, 9.71374320984, -5.11096096039, 25.0081481934, 103.096008301, 29.0683612823, -1.60466361046, 0.812876224518, 1.26196205616], [129.226089478, -38.1384124756, -16.0891456604, -12.6966257095, -8.50798225403, -9.72660160065, 6.82540750504, 3.41063213348, 29.0683612823, 134.086212158, 69.4706192017, 9.50642585754, -11.4155006409], [21.1124591827, 44.2705612183, 9.38533687592, -51.3541717529, -36.8552894592, -12.7095413208, 17.6508789062, 8.42237377167, -1.60466361046, 69.4706192017, 119.035682678, 34.7071266174, -7.77300262451], [19.8797588348, 3.91089177132, 41.6359710693, -9.50483417511, -14.8800954819, 2.42421388626, 0.948114931583, -1.62023186684, 0.812876224518, 9.50642585754, 34.7071266174, 76.0146865845, 27.4020709991], [13.8115377426, 12.4694242477, 16.4199810028, 9.5215473175, -4.03779029846, -5.78021860123, 3.15192556381, 6.05237627029, 1.26196205616, -11.4155006409, -7.77300262451, 27.4020709991, 73.39087677]], "icov": [[0.000276003032923, 0.000147760743857, 0.000146361635416, 0.000363410945283, -0.000491463229991, -0.0002105741587, 0.000489933940116, -0.000476356159197, 0.000335415476002, -0.000341038889019, 6.15090757492e-05, -0.000144103716593, -0.000180816845386], [0.000147760743857, 0.00179233914241, -6.97472714819e-05, 0.000803638598882, -0.000984349986538, 0.00104772835039, -0.000345884938724, -0.00136506045237, 0.000786625139881, 0.000748607213609, -0.0008836009074, 0.000174010754563, -0.000320840481436], [0.000146361635416, -6.97472714819e-05, 0.00197827070951, -0.000788083882071, 0.000736002752092, -0.000706164399162, -0.000361689453712, -0.000303314212942, -0.000137658716994, 0.000159341390827, -3.95760580432e-05, -0.00108808360528, 9.85881633824e-05], [0.000363410945283, 0.000803638598882, -0.000788083882071, 0.00586902536452, -0.00369387143292, 9.01053717826e-05, 0.000197766261408, -0.000415591406636, 0.000760240480304, -0.000966097286437, 0.00160247518215, 1.93927135115e-05, -0.000961258017924], [-0.000491463229991, -0.000984349986538, 0.000736002752092, -0.00369387143292, 0.00677969306707, -0.0012654219754, 0.00111656403169, 0.000508157419972, -0.00098970066756, 0.00026653642999, 0.000389550375985, 0.000195090731722, 0.000784671574365], [-0.0002105741587, 0.00104772835039, -0.000706164399162, 9.01053717826e-05, -0.0012654219754, 0.00781225319952, -0.00407899683341, 0.00213249539956, -0.00124168035109, 0.00146311544813, -1.45110625454e-05, -0.000523301132489, 0.000995682203211], [0.000489933940116, -0.000345884938724, -0.000361689453712, 0.000197766261408, 0.00111656403169, -0.00407899683341, 0.0104445097968, -0.00531808147207, 0.00239448901266, -0.00165126053616, -0.000447647209512, 0.000943768071011, -0.000945794337895], [-0.000476356159197, -0.00136506045237, -0.000303314212942, -0.000415591406636, 0.000508157419972, 0.00213249539956, -0.00531808147207, 0.012257960625, -0.00431600306183, 0.00110436708201, -0.00018427996838, 0.000728239538148, -0.000188652877114], [0.000335415476002, 0.000786625139881, -0.000137658716994, 0.000760240480304, -0.00098970066756, -0.00124168035109, 0.00239448901266, -0.00431600306183, 0.0125659545884, -0.00407409248874, 0.0022081269417, -0.000676836643834, -0.00052694970509], [-0.000341038889019, 0.000748607213609, 0.000159341390827, -0.000966097286437, 0.00026653642999, 0.00146311544813, -0.00165126053616, 0.00110436708201, -0.00407409248874, 0.0133800487965, -0.00864138361067, 0.0019797468558, 0.000633246614598], [6.15090757492e-05, -0.0008836009074, -3.95760580432e-05, 0.00160247518215, 0.000389550375985, -1.45110625454e-05, -0.000447647209512, -0.00018427996838, 0.0022081269417, -0.00864138361067, 0.0171146970242, -0.00760401412845, 0.00326391519047], [-0.000144103716593, 0.000174010754563, -0.00108808360528, 1.93927135115e-05, 0.000195090731722, -0.000523301132489, 0.000943768071011, 0.000728239538148, -0.000676836643834, 0.0019797468558, -0.00760401412845, 0.01988552697, -0.00780306663364], [-0.000180816845386, -0.000320840481436, 9.85881633824e-05, -0.000961258017924, 0.000784671574365, 0.000995682203211, -0.000945794337895, -0.000188652877114, -0.00052694970509, 0.000633246614598, 0.00326391519047, -0.00780306663364, 0.0173613242805]]}, "silence_rate_20dB": {"dvar2": 0, "var": 0, "min": 1, "dmean": 0, "mean": 1, "max": 1, "dmean2": 0, "median": 1, "dvar": 0}, "melbands_kurtosis": {"dvar2": 3752.02319336, "var": 6860.32177734, "min": -1.90235579014, "dmean": 21.6207199097, "mean": 41.5781173706, "max": 1044.90808105, "dmean2": 33.738609314, "median": 13.3005447388, "dvar": 1671.39794922}, "barkbands_spread": {"dvar2": 93.3383331299, "var": 188.094039917, "min": 0.171658441424, "dmean": 6.4323797226, "mean": 21.7803478241, "max": 88.3855514526, "dmean2": 10.1232976913, "median": 20.1078014374, "dvar": 42.4043006897}, "erbbands_skewness": {"dvar2": 0.862819433212, "var": 1.73929345608, "min": -5.59676980972, "dmean": 0.622266113758, "mean": -0.444352388382, "max": 10.1387357712, "dmean2": 0.957922399044, "median": -0.347274065018, "dvar": 0.391558170319}, "average_loudness": 0.715421557426, "spectral_centroid": {"dvar2": 175086.125, "var": 381688.09375, "min": 115.271736145, "dmean": 262.59262085, "mean": 1077.20300293, "max": 11494.4121094, "dmean2": 414.950439453, "median": 1033.13330078, "dvar": 77580.5078125}, "dissonance": {"dvar2": 0.00132074265275, "var": 0.00124028569553, "min": 0.128574356437, "dmean": 0.0199444442987, "mean": 0.461161732674, "max": 0.500000119209, "dmean2": 0.0333212614059, "median": 0.47320830822, "dvar": 0.000480832270114}, "erbbands_flatness_db": {"dvar2": 0.000743746350054, "var": 0.00160170649178, "min": 0.036096598953, "dmean": 0.0208142958581, "mean": 0.179732009768, "max": 0.402118086815, "dmean2": 0.0318345464766, "median": 0.178411632776, "dvar": 0.000323777348967}, "spectral_strongpeak": {"dvar2": 4.1515789032, "var": 1.2460411787, "min": 0, "dmean": 0.474887371063, "mean": 0.740240037441, "max": 16.4877986908, "dmean2": 0.845962882042, "median": 0.469707965851, "dvar": 1.49863708019}, "spectral_rms": {"dvar2": 2.51094502346e-06, "var": 4.25409916716e-06, "min": 3.13386165976e-12, "dmean": 0.0010141498642, "mean": 0.00592197943479, "max": 0.0166651140898, "dmean2": 0.00164525746368, "median": 0.00593267660588, "dvar": 9.30884084482e-07}, "silence_rate_60dB": {"dvar2": 0.00907217059284, "var": 0.0377603173256, "min": 0, "dmean": 0.00386937009171, "mean": 0.039309758693, "max": 1, "dmean2": 0.00773933902383, "median": 0, "dvar": 0.00385467661545}, "melbands": {"dvar2": [4.08703681387e-06, 3.21602637996e-05, 2.57865285676e-05, 8.08614743164e-07, 3.37061692335e-07, 8.18167336547e-07, 3.86204362712e-07, 1.89110664905e-07, 5.52249623809e-08, 9.74119540587e-09, 2.15817874683e-09, 6.48590958718e-09, 3.66392072237e-08, 1.79620069929e-08, 5.05763919634e-09, 5.9965798993e-10, 8.16592238273e-10, 9.09607555943e-10, 4.91949458947e-09, 1.33002330927e-07, 2.24493703627e-07, 1.82221404632e-09, 2.1844706044e-09, 1.31947064386e-09, 2.61972162713e-11, 1.70292653676e-12, 1.17484505197e-12, 4.30719065828e-14, 4.408357563e-14, 2.2631958021e-14, 5.48276295241e-14, 4.03217118982e-13, 3.57149531303e-13, 6.23223586453e-13, 2.19797834447e-12, 6.26081044647e-12, 5.08772017571e-12, 3.09831370629e-12, 2.15879831372e-12, 2.89044640002e-13], "var": [6.14336022409e-06, 2.82855635305e-05, 2.43797621806e-05, 5.49002152184e-07, 3.45489496567e-07, 2.86789514803e-07, 3.42808959886e-07, 1.07575424124e-07, 2.82446173117e-08, 6.24138563055e-09, 1.31511102008e-09, 4.28408108988e-09, 3.22690674182e-08, 9.9096615358e-09, 2.8855786649e-09, 4.47446579788e-10, 5.91347859569e-10, 4.67023697492e-10, 3.43820838467e-09, 9.46326181861e-08, 1.4982217067e-07, 1.09376963042e-09, 1.42884937215e-09, 9.80385328475e-10, 2.29447294497e-11, 1.20500593011e-12, 4.86806721236e-13, 3.10850114095e-14, 1.90160319674e-14, 1.5460911021e-14, 5.01250110212e-14, 3.24521171654e-13, 4.19026331645e-13, 7.04601199435e-13, 2.59281615275e-12, 6.32536384382e-12, 5.91928155796e-12, 3.64971854822e-12, 2.53626590216e-12, 3.7384366978e-13], "min": [2.44465272958e-24, 7.74550869793e-25, 2.67107572811e-24, 3.91230359462e-24, 2.58245627731e-24, 1.04766141771e-24, 3.23071574238e-24, 3.1586779506e-24, 6.2118441774e-24, 5.37364160028e-24, 7.02737725868e-24, 3.18794035144e-24, 5.17599644478e-24, 6.32620534283e-24, 3.793049125e-24, 3.21417648465e-24, 4.00505628214e-24, 5.5224389108e-24, 4.18626118194e-24, 5.14708114273e-24, 5.3759292969e-24, 5.3270629137e-24, 6.02573137947e-24, 4.9376736767e-24, 7.35147287298e-24, 5.5965815807e-24, 5.18389057585e-24, 5.69487759379e-24, 4.37168490987e-24, 8.06770177694e-24, 6.14594983712e-24, 6.55022645712e-24, 7.80715837489e-24, 8.24682368952e-24, 6.23839013572e-24, 7.30265421586e-24, 6.98503988276e-24, 6.34142444184e-24, 7.08180866114e-24, 9.52030314807e-24], "dmean": [0.00105574959889, 0.00265635084361, 0.00196278141811, 0.0003572407295, 0.00017677465803, 0.000125244667288, 0.000136173592182, 0.000106260216853, 4.50450606877e-05, 2.72545166808e-05, 1.06971574496e-05, 1.95140655705e-05, 5.61845881748e-05, 3.23915519402e-05, 2.11688256968e-05, 7.65501681599e-06, 8.55047164805e-06, 8.1320586105e-06, 2.32017464441e-05, 0.000131124135805, 0.00016467460955, 1.24920461531e-05, 1.61535135703e-05, 1.34235706355e-05, 2.28256749324e-06, 5.14540886343e-07, 3.02828198073e-07, 8.47315462238e-08, 5.57252839428e-08, 5.31417754246e-08, 9.76433369715e-08, 2.48158329441e-07, 2.57419998206e-07, 3.22335409919e-07, 6.14820123701e-07, 9.63387378761e-07, 8.83404425167e-07, 6.13385168435e-07, 5.60695298191e-07, 2.26415622251e-07], "mean": [0.00214120931923, 0.00581579376012, 0.00328557705507, 0.000550636556, 0.000279881234746, 0.000167526814039, 0.00018627908139, 0.000138735864311, 6.18703998043e-05, 4.08451487601e-05, 1.46615075209e-05, 3.19082610076e-05, 9.40917379921e-05, 4.42960190412e-05, 3.03666492982e-05, 1.19599453683e-05, 1.24291991597e-05, 1.12429033834e-05, 3.70296038454e-05, 0.000210688172956, 0.000250378099736, 1.92245061044e-05, 2.49383720075e-05, 2.19159501285e-05, 4.01796705773e-06, 8.80675600001e-07, 4.466588166e-07, 1.48954740098e-07, 9.9396203268e-08, 1.02459935647e-07, 1.90167824599e-07, 4.53064473049e-07, 5.36142749752e-07, 6.66625453505e-07, 1.26814063606e-06, 1.90912123799e-06, 1.78618461177e-06, 1.26236477627e-06, 1.14810438845e-06, 4.9051715223e-07], "max": [0.0215653479099, 0.0588424839079, 0.0739793032408, 0.0115513605997, 0.0147885354236, 0.041745647788, 0.0144376829267, 0.0100329015404, 0.00821330584586, 0.00225925957784, 0.00111683027353, 0.00244962493889, 0.00448620412499, 0.00245610321872, 0.00174028798938, 0.000399078911869, 0.00042016725638, 0.000594110635575, 0.00117944541853, 0.00450796913356, 0.00607517175376, 0.00104528281372, 0.00077399687143, 0.000437478622189, 7.5395386375e-05, 1.95194625121e-05, 1.51983349497e-05, 2.14218812289e-06, 6.70187455398e-06, 3.14911221722e-06, 2.69812198894e-06, 8.65931815497e-06, 1.21493803817e-05, 2.0381039576