{"tonal": {"thpcp": [1, 0.642762184143, 0.1454410851, 0.104111462831, 0.151067167521, 0.371702700853, 0.549607515335, 0.390224844217, 0.188369989395, 0.122832737863, 0.104902155697, 0.187341019511, 0.252543985844, 0.250989228487, 0.603116691113, 0.842703104019, 0.43909484148, 0.123193308711, 0.104648001492, 0.17459179461, 0.414733886719, 0.512048304081, 0.293426573277, 0.118872925639, 0.0937654599547, 0.115040183067, 0.274741977453, 0.446642875671, 0.34059792757, 0.32555475831, 0.426620602608, 0.254634618759, 0.09122479707, 0.0835535526276, 0.100055895746, 0.507159292698], "hpcp": {"dmean2": [0.213968276978, 0.191723152995, 0.114364333451, 0.0977165922523, 0.117458805442, 0.155793100595, 0.183032646775, 0.171356618404, 0.183593735099, 0.166382580996, 0.135468378663, 0.0867056548595, 0.0791846290231, 0.0976298376918, 0.200717672706, 0.260516047478, 0.235367745161, 0.135221004486, 0.111360482872, 0.15727481246, 0.241863816977, 0.253687441349, 0.243645042181, 0.184022217989, 0.129665419459, 0.113337703049, 0.13418905437, 0.143015727401, 0.182561412454, 0.251579016447, 0.240562617779, 0.200103133917, 0.12169483304, 0.103967703879, 0.155362471938, 0.206561878324], "median": [0.0416073203087, 0.0246763043106, 0.00407148944214, 0.00237148278393, 0.00379073154181, 0.0200532805175, 0.0301836058497, 0.0296426452696, 0.0195206999779, 0.0134595008567, 0.0110602742061, 0.00710757775232, 0.00491365138441, 0.00690560042858, 0.1070760414, 0.213823348284, 0.129314765334, 0.0108486451209, 0.00326702324674, 0.0049675963819, 0.0229731220752, 0.0398542918265, 0.027212491259, 0.00592389656231, 0.002994120121, 0.00314832944423, 0.0103813875467, 0.0154266580939, 0.0257576406002, 0.0944586321712, 0.140766069293, 0.0736721605062, 0.00700012221932, 0.00420152489096, 0.00560419168323, 0.023296661675], "min": [0, 0, 0, 0, 0, 0, 0, 0, 0, 0, 0, 0, 0, 0, 0, 0, 0, 0, 0, 0, 0, 0, 0, 0, 0, 0, 0, 0, 0, 0, 0, 0, 0, 0, 0, 0], "dvar2": [0.102385371923, 0.100764259696, 0.0617496557534, 0.0571331866086, 0.0668939203024, 0.0690356642008, 0.0845649167895, 0.0716542452574, 0.0903357714415, 0.0832364708185, 0.0619359388947, 0.0387259982526, 0.0406364686787, 0.0460689812899, 0.0685144141316, 0.113049477339, 0.0899671390653, 0.0711804777384, 0.0663778632879, 0.0937376767397, 0.138386279345, 0.145625784993, 0.139171555638, 0.116599954665, 0.0793994367123, 0.0651786625385, 0.0701729655266, 0.0663458406925, 0.0848616808653, 0.106158450246, 0.103102684021, 0.0786989852786, 0.0619205422699, 0.0568915680051, 0.0849247798324, 0.109512165189], "dvar": [0.0412648618221, 0.036297224462, 0.0221290905029, 0.0203743036836, 0.024082660675, 0.0262745432556, 0.0364825613797, 0.0284152664244, 0.0329593122005, 0.0347957089543, 0.0224972479045, 0.0135921901092, 0.0147873489186, 0.0163126885891, 0.0262545868754, 0.0499746873975, 0.0344972796738, 0.0253948885947, 0.0234422255307, 0.0334080718458, 0.0519645698369, 0.0580796264112, 0.0502335093915, 0.0425289347768, 0.0293804965913, 0.0233881678432, 0.0260164793581, 0.0259348191321, 0.030067179352, 0.0399787016213, 0.0438614077866, 0.0294205229729, 0.022576585412, 0.020317658782, 0.0298899672925, 0.0418804623187], "dmean": [0.126022517681, 0.1093717888, 0.0629667788744, 0.0526752471924, 0.0637468025088, 0.0892058983445, 0.109597854316, 0.100885204971, 0.104457259178, 0.096311300993, 0.0781304463744, 0.0471119843423, 0.0426817238331, 0.0529101192951, 0.118264950812, 0.153183549643, 0.138232931495, 0.0742603316903, 0.0599331334233, 0.0852784216404, 0.134598493576, 0.143443465233, 0.136511996388, 0.100267060101, 0.069908618927, 0.0609155334532, 0.0751941055059, 0.0816363468766, 0.100972220302, 0.14576792717, 0.143204644322, 0.11706495285, 0.0657378658652, 0.0564934685826, 0.0852357596159, 0.117110647261], "max": [1, 1, 1, 1, 1, 1, 1, 1, 1, 1, 1, 1, 1, 1, 1, 1, 1, 1, 1, 1, 1, 1, 1, 1, 1, 1, 1, 1, 1, 1, 1, 1, 1, 1, 1, 1], "var": [0.092243142426, 0.0394304431975, 0.0166832618415, 0.0145945269614, 0.0181333422661, 0.0352690294385, 0.0823138207197, 0.0477800928056, 0.0503069274127, 0.0899164453149, 0.0345921106637, 0.00947142764926, 0.0108271455392, 0.0111674051732, 0.0474548041821, 0.153280481696, 0.0734110400081, 0.0192935317755, 0.0161748621613, 0.0238523520529, 0.060714635998, 0.106505192816, 0.0640082657337, 0.0332331545651, 0.0215478725731, 0.0158309023827, 0.0256855040789, 0.0389392860234, 0.0303493086249, 0.0811432078481, 0.13974224031, 0.0460876263678, 0.0169588346034, 0.0144668864086, 0.025775320828, 0.0796783789992], "mean": [0.201682195067, 0.115572921932, 0.0468208827078, 0.036931719631, 0.045311268419, 0.108213558793, 0.17592073977, 0.134152457118, 0.128227353096, 0.168034508824, 0.100293800235, 0.0359310209751, 0.0329095199704, 0.0394093543291, 0.199756547809, 0.393873393536, 0.253166913986, 0.0572853758931, 0.0410067364573, 0.0595013350248, 0.146403804421, 0.216475784779, 0.153699189425, 0.0741939246655, 0.0483805462718, 0.041318167001, 0.0737886428833, 0.0994703546166, 0.0988579764962, 0.237551614642, 0.331918329, 0.172947779298, 0.0485225655138, 0.0412180647254, 0.0687670633197, 0.163352638483]}, "tuning_equal_tempered_deviation": 0.00876650214195, "chords_changes_rate": 0.0521897301078, "key_key": "G", "tuning_diatonic_strength": 0.649833798409, "key_scale": "major", "chords_number_rate": 0.00139918841887, "tuning_frequency": 440.763122559, "tuning_nontempered_energy_ratio": 0.6267837286, "chords_histogram": [37.3583335876, 3.02224707603, 14.7894220352, 0.0139918848872, 1.34322094917, 0.0139918848872, 1.56709110737, 0, 0, 0, 0, 0, 0, 0, 0.0559675395489, 0.839513063431, 0, 1.30124533176, 0, 4.22554922104, 0, 5.24695682526, 22.3730239868, 7.84944725037], "key_strength": 0.879427194595, "chords_key": "G", "chords_strength": {"dmean2": 0.00744888745248, "median": 0.4989567101, "min": -1, "dvar2": 0.000509077508468, "dvar": 0.000319107755786, "dmean": 0.00877396855503, "max": 0.763161838055, "var": 0.0224895998836, "mean": 0.490662872791}, "chords_scale": "major", "hpcp_entropy": {"dmean2": 0.979380190372, "median": 1.68249380589, "min": 0, "dvar2": 0.730503320694, "dvar": 0.286852121353, "dmean": 0.585008382797, "max": 4.54154491425, "var": 0.632278859615, "mean": 1.66703975201}}, "metadata": {"audio_properties": {"equal_loudness": 0, "codec": "flac", "downmix": "mix", "sample_rate": 44100, "analysis_sample_rate": 44100, "bit_rate": 0, "md5_encoded": "79c5b203f10c4d94787d7a0aae9b3337", "length": 331.826660156, "replay_gain": -12.6623077393, "lossless": true}, "version": {"essentia_build_sha": "2d9f1f26377add8aeb1075a9c2973f962c4f09fd", "essentia": "2.1-beta2", "extractor": "music 1.0", "essentia_git_sha": "v2.1_beta2-1-ge3940c0"}, "tags": {"title": ["Wenn 2 (zueinander passen)"], "barcode": ["4013284054412"], "media": ["CD"], "albumartist": ["Dziuks K\u00fcche"], "tracktotal": ["16"], "language": ["deu"], "performer": ["Danny Dziuk (acoustic guitar, bass, electric guitar, harmonica and keyboard)", "Moe Jaksch (acoustic guitar, cittern, double bass / contrabass / acoustic upright bass and electric bass guitar)", "Moe Jaksch (background vocals vocal)", "Hans Rohe (background vocals vocal)", "Kulle Dziuk (background vocals vocal)", "Kulle Dziuk (drums and percussion)", "Hans Rohe (electric guitar and percussion)"], "releasetype": ["album"], "musicbrainz_recordingid": ["026bfa7f-c215-47a5-92c6-7f7b871fea94"], "musicbrainz_albumartistid": ["d66d7ab6-3cf6-45da-aa26-705b7276b816"], "discnumber": ["1"], "totaldiscs": ["1"], "catalognumber": ["BLD CD 544"], "releasecountry": ["DE"], "file_name": "09. Wenn 2 (zueinander passen).flac", "originaldate": ["1999-03-15"], "producer": ["Danny Dziuk", "Dziuks K\u00fcche"], "date": ["1999-03-15"], "genre": ["Unknown"], "disctotal": ["1"], "albumartistsort": ["Dziuks K\u00fcche"], "musicbrainz_artistid": ["d66d7ab6-3cf6-45da-aa26-705b7276b816"], "asin": ["B000023XDX"], "musicbrainz_albumid": ["41e173e9-0685-46d9-b579-755331e8d50f"], "artist": ["Dziuks K\u00fcche"], "tracknumber": ["9"], "artistsort": ["Dziuks K\u00fcche"], "album": ["Vom Tisch"], "label": ["Boulevard Records"], "releasestatus": ["official"], "acoustid_id": ["7fe7b817-2061-4662-91c4-02959c2cc371"], "script": ["Latn"], "totaltracks": ["16"]}}, "rhythm": {"bpm_histogram_first_peak_bpm": {"dmean2": 0, "median": 94, "min": 94, "dvar2": 0, "dvar": 0, "dmean": 0, "max": 94, "var": 0, "mean": 94}, "bpm": 93.1330337524, "bpm_histogram_second_peak_spread": {"dmean2": 0, "median": 0.489361673594, "min": 0.489361673594, "dvar2": 0, "dvar": 0, "dmean": 0, "max": 0.489361673594, "var": 0, "mean": 0.489361673594}, "bpm_histogram_first_peak_weight": {"dmean2": 0, "median": 0.436432629824, "min": 0.436432629824, "dvar2": 0, "dvar": 0, "dmean": 0, "max": 0.436432629824, "var": 0, "mean": 0.436432629824}, "onset_rate": 4.23687982559, "beats_position": [0.684988677502, 1.39319729805, 2.08979582787, 2.77478456497, 3.47138309479, 4.1679816246, 4.82975053787, 5.47990942001, 6.13006782532, 6.76861667633, 7.40716552734, 8.05732440948, 8.70748329163, 9.34603118896, 9.98458003998, 10.623128891, 11.2732877731, 11.9118366241, 12.5619955063, 13.2121543884, 13.8507022858, 14.4892511368, 15.1277999878, 15.7779588699, 16.4281177521, 17.0666656494, 17.7052154541, 18.3437633514, 18.9939231873, 19.6440811157, 20.2826309204, 20.9211788177, 21.5713367462, 22.2098865509, 22.8484344482, 23.4985942841, 24.1487522125, 24.7873020172, 25.4258499146, 26.076007843, 26.7261676788, 27.3647155762, 28.0032653809, 28.6534233093, 29.291973114, 29.9305210114, 30.5806789398, 31.2308387756, 31.8809967041, 32.5195465088, 33.1580963135, 33.8082542419, 34.4468002319, 35.0853500366, 35.7238998413, 36.3740577698, 37.0242156982, 37.6627655029, 38.3013153076, 38.9398651123, 39.5900230408, 40.2401809692, 40.8787307739, 41.5172767639, 42.1674385071, 42.8175964355, 43.4561424255, 44.0946922302, 44.7448501587, 45.3950119019, 46.0683898926, 46.718547821, 47.3687057495, 48.018863678, 48.6690254211, 49.3075714111, 49.9461212158, 50.5962791443, 51.2464370728, 51.8849868774, 52.5235366821, 53.1736946106, 53.8238525391, 54.4624023438, 55.1009521484, 55.7511100769, 56.4012680054, 57.0398178101, 57.6783676147, 58.305305481, 58.9554634094, 59.6056213379, 60.2557830811, 60.9059410095, 61.5444869995, 62.1830368042, 62.8331947327, 63.4833564758, 64.1219024658, 64.7604522705, 65.4106140137, 66.0607681274, 66.6993179321, 67.3378677368, 67.9764175415, 68.6149673462, 69.26512146, 69.9152832031, 70.5538330078, 71.1923828125, 71.8425369263, 72.481086731, 73.1196365356, 73.7697982788, 74.4199523926, 75.0585021973, 75.697052002, 76.3472061157, 76.9857559204, 77.6359176636, 78.2744674683, 78.924621582, 79.5631713867, 80.2017211914, 80.8518829346, 81.5020370483, 82.140586853, 82.7791366577, 83.4292984009, 84.0678405762, 84.7063903809, 85.356552124, 86.0067138672, 86.6452560425, 87.2954177856, 87.9339675903, 88.572517395, 89.2110671997, 89.8612213135, 90.5113830566, 91.1499328613, 91.788482666, 92.4386367798, 93.0887985229, 93.7389526367, 94.4123306274, 95.0741043091, 95.7126541138, 96.3628082275, 97.0129699707, 97.6515197754, 98.2900695801, 98.9402236938, 99.590385437, 100.228935242, 100.867477417, 101.51763916, 102.156188965, 102.79473877, 103.444892883, 104.095054626, 104.733604431, 105.372154236, 106.02230835, 106.672470093, 107.311019897, 107.949569702, 108.599723816, 109.249885559, 109.888435364, 110.526985168, 111.177139282, 111.815689087, 112.454238892, 113.104400635, 113.74294281, 114.393104553, 115.031654358, 115.681808472, 116.331970215, 116.97052002, 117.609069824, 118.247619629, 118.886169434, 119.536323547, 120.186485291, 120.825035095, 121.463577271, 122.113739014, 122.763900757, 123.390838623, 124.040992737, 124.69115448, 125.329704285, 125.968254089, 126.618408203, 127.268569946, 127.907119751, 128.545669556, 129.195831299, 129.845977783, 130.484527588, 131.123077393, 131.773239136, 132.423400879, 133.050338745, 133.700500488, 134.350662231, 135.000808716, 135.639358521, 136.277908325, 136.904846191, 137.555007935, 138.205169678, 138.855331421, 139.505477905, 140.14402771, 140.794189453, 141.455963135, 142.117736816, 142.779495239, 143.429656982, 144.068206787, 144.706756592, 145.345306396, 145.99546814, 146.645614624, 147.284164429, 147.922714233, 148.561264038, 149.211425781, 149.861587524, 150.500137329, 151.138687134, 151.788833618, 152.438995361, 153.077545166, 153.716094971, 154.366256714, 155.004806519, 155.643356323, 156.293518066, 156.943664551, 157.582214355, 158.22076416, 158.870925903, 159.521087646, 160.159637451, 160.798187256, 161.448348999, 162.098495483, 162.737045288, 163.375595093, 164.025756836, 164.675918579, 165.314468384, 165.953018188, 166.603164673, 167.241714478, 167.880264282, 168.518814087, 169.16897583, 169.807525635, 170.457687378, 171.096237183, 171.734786987, 172.384933472, 173.035095215, 173.67364502, 174.312194824, 174.962356567, 175.612518311, 176.251068115, 176.88961792, 177.539764404, 178.178314209, 178.816864014, 179.467025757, 180.1171875, 180.755737305, 181.394287109, 182.044433594, 182.694595337, 183.333145142, 183.971694946, 184.621856689, 185.272018433, 185.910568237, 186.549118042, 187.199264526, 187.84942627, 188.487976074, 189.138137817, 189.799911499, 190.461669922, 191.123443604, 191.773605347, 192.412155151, 193.050704956, 193.70085144, 194.351013184, 194.989562988, 195.628112793, 196.266662598, 196.916824341, 197.555374146, 198.205535889, 198.855682373, 199.494232178, 200.132781982, 200.771331787, 201.409881592, 202.048431396, 202.686981201, 203.337142944, 203.987304688, 204.625839233, 205.264389038, 205.914550781, 206.564712524, 207.203262329, 207.841812134, 208.46875, 209.118911743, 209.769073486, 210.419219971, 211.057769775, 211.69631958, 212.346481323, 212.996643066, 213.635192871, 214.273742676, 214.92388916, 215.562438965, 216.20098877, 216.851150513, 217.501312256, 218.139862061, 218.778411865, 219.428573608, 220.078720093, 220.717269897, 221.355819702, 222.005981445, 222.64453125, 223.283081055, 223.933242798, 224.583404541, 225.221939087, 225.860488892, 226.510650635, 227.160812378, 227.799362183, 228.437911987, 229.076461792, 229.715011597, 230.36517334, 231.015319824, 231.653869629, 232.292419434, 232.942581177, 233.581130981, 234.219680786, 234.869842529, 235.519989014, 236.158538818, 236.797088623, 237.447250366, 238.097412109, 238.735961914, 239.374511719, 240.024673462, 240.674819946, 241.313369751, 241.951919556, 242.602081299, 243.252243042, 243.890792847, 244.529342651, 245.179489136, 245.81803894, 246.456588745, 247.118362427, 247.780136108, 248.441894531, 249.092056274, 249.742218018, 250.380767822, 251.030929565, 251.66947937, 252.319625854, 252.958175659, 253.596725464, 254.235275269, 254.885437012, 255.523986816, 256.162536621, 256.812683105, 257.462860107, 258.113006592, 258.751556396, 259.390106201, 260.040252686, 260.667205811, 261.317352295, 261.967529297, 262.606079102, 263.244628906, 263.883178711, 264.521728516, 265.171875, 265.822021484, 266.460571289, 267.099121094, 267.749298096, 268.39944458, 269.026397705, 269.676544189, 270.315093994, 270.953643799, 271.592193604, 272.230743408, 272.880889893, 273.531066895, 274.157989502, 274.808166504, 275.458312988, 276.10848999, 276.758636475, 277.397186279, 278.047332764, 278.685882568, 279.324432373, 279.974609375, 280.61315918, 281.251708984, 281.890258789, 282.540405273, 283.190551758, 283.829101563, 284.467651367, 285.117828369, 285.767974854, 286.406524658, 287.045074463, 287.695220947, 288.345397949, 288.983947754, 289.622497559, 290.261047363, 290.899597168, 291.538146973, 292.176696777, 292.826843262, 293.476989746, 294.115539551, 294.754089355, 295.404266357, 296.054412842, 296.692962646, 297.331512451, 297.981658936, 298.631835938, 299.270385742, 299.908935547, 300.39654541, 300.884155273, 301.383392334, 301.894226074, 302.405059814, 302.915924072, 303.415130615, 303.902770996, 304.390380859, 304.877990723, 305.365631104, 305.876464844, 306.375671387, 306.874908447, 307.385742188, 307.896606445, 308.384216309, 308.871826172, 309.371063232, 309.858673096, 310.334686279, 310.822296143, 311.309936523, 311.797546387, 312.27355957, 312.761169434, 313.260406494, 313.748016357, 314.235626221, 314.734863281, 315.257324219, 315.768157959, 316.26739502, 316.766601563, 317.254241943, 317.730255127, 318.21786499, 318.705474854, 319.181488037, 319.657501221, 320.145111084, 320.621124268, 321.120361328, 321.596374512, 322.083984375, 322.571594238, 323.047607422, 323.523620605, 324.011230469, 324.49887085, 324.986480713, 325.485717773, 325.996551514, 326.507385254, 327.018218994, 327.517456055, 328.028289795, 328.539123535, 329.038360596, 329.537597656, 330.048431396, 330.559265137, 331.070098877], "beats_loudness": {"dmean2": 0.032362408936, "median": 0.0400435552001, "min": 0, "dvar2": 0.000849939940963, "dvar": 0.00029360037297, "dmean": 0.0184739548713, "max": 0.141037195921, "var": 0.000597450416535, "mean": 0.0416028350592}, "danceability": 1.16558074951, "bpm_histogram_second_peak_weight": {"dmean2": 0, "median": 0.0455407984555, "min": 0.0455407984555, "dvar2": 0, "dvar": 0, "dmean": 0, "max": 0.0455407984555, "var": 0, "mean": 0.0455407984555}, "beats_count": 528, "bpm_histogram_second_peak_bpm": {"dmean2": 0, "median": 123, "min": 123, "dvar2": 0, "dvar": 0, "dmean": 0, "max": 123, "var": 0, "mean": 123}, "bpm_histogram_first_peak_spread": {"dmean2": 0, "median": 0.496717721224, "min": 0.496717721224, "dvar2": 0, "dvar": 0, "dmean": 0, "max": 0.496717721224, "var": 0, "mean": 0.496717721224}, "beats_loudness_band_ratio": {"dmean2": [0.297606438398, 0.268110513687, 0.153067082167, 0.0923951640725, 0.0356834903359, 0.036428835243], "median": [0.542791485786, 0.326804161072, 0.0790225043893, 0.0381350293756, 0.0140878073871, 0.0271918326616], "min": [0, 0, 0, 0, 0, 0], "dvar2": [0.0539194196463, 0.0388293974102, 0.0261103678495, 0.0128979701549, 0.00330956024118, 0.00352593325078], "dvar": [0.0196080561727, 0.0137820523232, 0.00930880941451, 0.00463373027742, 0.00123687274754, 0.00117083906662], "dmean": [0.175837397575, 0.157318994403, 0.0881883949041, 0.0507532283664, 0.0194212682545, 0.0200069528073], "max": [0.958293378353, 0.944388508797, 0.767982423306, 0.456448465586, 0.396033376455, 0.342049211264], "var": [0.0526663176715, 0.0363600179553, 0.011199160479, 0.0047248643823, 0.00114099273924, 0.000892182637472], "mean": [0.503323197365, 0.357382208109, 0.11445748806, 0.0599765330553, 0.022888591513, 0.0311923101544]}}, "lowlevel": {"barkbands_spread": {"dmean2": 8.40398597717, "median": 9.31721115112, "min": 0.912060797215, "dvar2": 248.630233765, "dvar": 108.793762207, "dmean": 5.2670173645, "max": 111.147789001, "var": 200.482925415, "mean": 13.263379097}, "melbands_spread": {"dmean2": 7.20620298386, "median": 8.21692085266, "min": 0.792467296124, "dvar2": 279.856109619, "dvar": 129.872161865, "dmean": 4.54918956757, "max": 244.661102295, "var": 331.797424316, "mean": 12.5423431396}, "hfc": {"dmean2": 10.231388092, "median": 8.34467697144, "min": 1.08004688031e-16, "dvar2": 727.386779785, "dvar": 324.683319092, "dmean": 6.85474681854, "max": 509.574401855, "var": 444.56338501, "mean": 14.2787265778}, "barkbands_kurtosis": {"dmean2": 8.65805339813, "median": 8.17505073547, "min": -1.94100010395, "dvar2": 131.242080688, "dvar": 53.6894035339, "dmean": 5.46180105209, "max": 133.181259155, "var": 148.5599823, "mean": 11.6060161591}, "gfcc": {"mean": [-51.0776443481, 110.841438293, -85.0586700439, 14.0398855209, -47.8354873657, -6.54420471191, -33.2971458435, -10.4660549164, -29.5974388123, -3.19866967201, -14.4842691422, 0.677646934986, -12.1217670441], "icov": [[0.000110050532385, -0.000172055588337, 0.000192839201191, -0.000285627931589, 0.000272680190392, -0.000252318219282, 0.000120495657029, -0.000153545624926, 0.000239459666773, -0.000409620435676, 0.000620975915808, -0.000458633236121, 0.00053986266721], [-0.000172055588337, 0.0014968290925, -2.92476743198e-05, 0.00088279042393, -0.00108108995482, 0.000841106812004, -0.000668841472361, 0.000704765261617, -0.00081164133735, 0.00144961313345, -0.00200589280576, 0.00142136611976, -0.00139029917773], [0.000192839201191, -2.92476743198e-05, 0.00187567144167, -0.00098581565544, 1.36851476782e-05, -0.00136530993041, 0.000217644075747, -0.000623714644462, 0.000481063558254, -0.000597151869442, 0.000858605373651, -0.00124521751422, 0.00148667290341], [-0.000285627931589, 0.00088279042393, -0.00098581565544, 0.00383118237369, -0.000560728600249, -0.000258455227595, -0.000313408090733, 0.000163949953276, -0.000961665180512, 0.00156823836733, -0.00117483432405, 0.00177811039612, -0.00100016046781], [0.000272680190392, -0.00108108995482, 1.36851476782e-05, -0.000560728600249, 0.00480318441987, -0.000330455310177, -0.00142683449667, 0.000405045284424, -0.000470685190521, -0.00167960987892, 0.00285245524719, -0.00197647185996, 0.00161679391749], [-0.000252318219282, 0.000841106812004, -0.00136530993041, -0.000258455227595, -0.000330455310177, 0.00615231413394, -0.000723297765944, -0.00180510280188, 0.000173394597368, 8.9752873464e-05, -0.000914118136279, 0.00132157537155, -0.00065414753044], [0.000120495657029, -0.000668841472361, 0.000217644075747, -0.000313408090733, -0.00142683449667, -0.000723297765944, 0.00740938540548, -0.000377598771593, -0.00081172445789, -0.000305039837258, 0.000868954346515, -0.00209272140637, 0.00128721515648], [-0.000153545624926, 0.000704765261617, -0.000623714644462, 0.000163949953276, 0.000405045284424, -0.00180510280188, -0.000377598771593, 0.00946910213679, -0.00232045142911, 0.00027237291215, -0.00172002415638, 0.0030937967822, -0.00189653527923], [0.000239459666773, -0.00081164133735, 0.000481063558254, -0.000961665180512, -0.000470685190521, 0.000173394597368, -0.00081172445789, -0.00232045142911, 0.0118636162952, -0.0045188460499, 0.00231884839013, -0.00121349724941, 0.00115901976824], [-0.000409620435676, 0.00144961313345, -0.000597151869442, 0.00156823836733, -0.00167960987892, 8.9752873464e-05, -0.000305039837258, 0.00027237291215, -0.0045188460499, 0.0152765223756, -0.00546350562945, 0.00284240720794, -0.00316455750726], [0.000620975915808, -0.00200589280576, 0.000858605373651, -0.00117483432405, 0.00285245524719, -0.000914118136279, 0.000868954346515, -0.00172002415638, 0.00231884839013, -0.00546350562945, 0.0176735837013, -0.0068640965037, 0.00399055052549], [-0.000458633236121, 0.00142136611976, -0.00124521751422, 0.00177811039612, -0.00197647185996, 0.00132157537155, -0.00209272140637, 0.0030937967822, -0.00121349724941, 0.00284240720794, -0.0068640965037, 0.0170436948538, -0.00654703797773], [0.00053986266721, -0.00139029917773, 0.00148667290341, -0.00100016046781, 0.00161679391749, -0.00065414753044, 0.00128721515648, -0.00189653527923, 0.00115901976824, -0.00316455750726, 0.00399055052549, -0.00654703797773, 0.0181241184473]], "cov": [[22269.5878906, -1319.40075684, 81.7060317993, 1569.46911621, -1149.58850098, 1158.93127441, -455.483184814, 530.219177246, -250.571090698, 142.762527466, -419.190093994, -182.189788818, -385.000396729], [-1319.40075684, 2046.44274902, -866.6484375, -668.201538086, 419.208221436, -585.544799805, 207.119155884, -302.162994385, 78.6146469116, -63.0218200684, 114.57068634, 80.3329315186, 113.400917053], [81.7060317993, -866.6484375, 1278.22265625, 501.472839355, -89.7232589722, 469.462554932, -45.8997077942, 212.313934326, -17.6216278076, 30.2998600006, -50.4139518738, -37.2363052368, -91.5989074707], [1569.46911621, -668.201538086, 501.472839355, 635.098449707, -141.407928467, 321.515533447, -61.6246948242, 154.026153564, -14.8246974945, 10.648314476, -59.0596656799, -60.2269897461, -65.3265228271], [-1149.58850098, 419.208221436, -89.7232589722, -141.407928467, 405.130493164, -126.750640869, 129.309173584, -85.2125549316, 57.6198692322, 3.62444829941, 1.94705951214, 41.9691123962, 18.8208045959], [1158.93127441, -585.544799805, 469.462554932, 321.515533447, -126.750640869, 443.437408447, -44.5761528015, 167.760360718, -18.6522216797, 28.8315963745, -41.7578353882, -47.9600524902, -54.0755996704], [-455.483184814, 207.119155884, -45.8997077942, -61.6246948242, 129.309173584, -44.5761528015, 188.596679688, -29.5369548798, 34.0364761353, 0.271481901407, 7.48976755142, 28.4854469299, 6.7020277977], [530.219177246, -302.162994385, 212.313934326, 154.026153564, -85.2125549316, 167.760360718, -29.5369548798, 190.49822998, 11.2855768204, 21.8286762238, -16.0288410187, -39.0400085449, -19.6836833954], [-250.571090698, 78.6146469116, -17.6216278076, -14.8246974945, 57.6198692322, -18.6522216797, 34.0364761353, 11.2855768204, 111.399642944, 27.3191261292, 0.452855855227, 2.96218681335, 5.68843078613], [142.762527466, -63.0218200684, 30.2998600006, 10.648314476, 3.62444829941, 28.8315963745, 0.271481901407, 21.8286762238, 27.3191261292, 88.6393432617, 12.4333438873, -2.58440136909, 2.05621361732], [-419.190093994, 114.57068634, -50.4139518738, -59.0596656799, 1.94705951214, -41.7578353882, 7.48976755142, -16.0288410187, 0.452855855227, 12.4333438873, 90.4906463623, 27.3128681183, 10.3453636169], [-182.189788818, 80.3329315186, -37.2363052368, -60.2269897461, 41.9691123962, -47.9600524902, 28.4854469299, -39.0400085449, 2.96218681335, -2.58440136909, 27.3128681183, 91.482208252, 26.1288414001], [-385.000396729, 113.400917053, -91.5989074707, -65.3265228271, 18.8208045959, -54.0755996704, 6.7020277977, -19.6836833954, 5.68843078613, 2.05621361732, 10.3453636169, 26.1288414001, 80.2403411865]]}, "spectral_energyband_middle_low": {"dmean2": 0.0137609960511, "median": 0.0125372931361, "min": 1.43344293741e-22, "dvar2": 0.000649721303489, "dvar": 0.000254023529124, "dmean": 0.00830555986613, "max": 0.201098889112, "var": 0.000363848637789, "mean": 0.0177456643432}, "melbands_crest": {"dmean2": 4.97324991226, "median": 13.5423259735, "min": 1.59543776512, "dvar2": 20.866191864, "dvar": 7.98138237, "dmean": 3.01726055145, "max": 31.8874473572, "var": 22.8635883331, "mean": 14.2906532288}, "spectral_kurtosis": {"dmean2": 6.00622272491, "median": 6.14092922211, "min": -1.63928556442, "dvar2": 88.0067901611, "dvar": 33.532787323, "dmean": 3.77146673203, "max": 139.378356934, "var": 118.2240448, "mean": 9.4784526825}, "spectral_rms": {"dmean2": 0.00141804013401, "median": 0.00452790316194, "min": 3.12674343882e-12, "dvar2": 4.34237517766e-06, "dvar": 1.78726804734e-06, "dmean": 0.000893930555321, "max": 0.0148903923109, "var": 4.9644045248e-06, "mean": 0.00466322293505}, "zerocrossingrate": {"dmean2": 0.0132853165269, "median": 0.03369140625, "min": 0.00390625, "dvar2": 0.000401780795073, "dvar": 0.000335887656547, "dmean": 0.011061957106, "max": 0.5263671875, "var": 0.00317063508555, "mean": 0.0473108030856}, "silence_rate_60dB": {"dmean2": 0.0207137856632, "median": 0, "min": 0, "dvar2": 0.0233620852232, "dvar": 0.0102484850213, "dmean": 0.0103561682627, "max": 1, "var": 0.065493427217, "mean": 0.0704590007663}, "erbbands_kurtosis": {"dmean2": 1.98302638531, "median": 0.397310018539, "min": -1.90944850445, "dvar2": 7.53926849365, "dvar": 3.25758743286, "dmean": 1.27363026142, "max": 35.8348464966, "var": 8.31978321075, "mean": 1.23534977436}, "erbbands": {"dmean2": [0.0161716882139, 0.56457054615, 4.86164951324, 17.669008255, 26.1427974701, 16.2415809631, 18.5964794159, 14.1813488007, 20.0990753174, 17.4219036102, 10.1176023483, 7.02988147736, 12.442908287, 10.9819841385, 14.8289041519, 13.6038694382, 7.24773263931, 10.6618585587, 7.12082052231, 4.51738500595, 4.28734922409, 5.24620914459, 4.90602016449, 4.59308242798, 3.14730715752, 4.6215801239, 5.81695508957, 4.17361974716, 4.44014596939, 4.38908815384, 4.85121631622, 3.23662543297, 2.57841849327, 1.9273993969, 0.980779826641, 0.418682456017, 0.151165515184, 0.0428843200207, 0.0077741406858, 0.000449696293799], "median": [0.0172171704471, 0.435113310814, 1.80615234375, 4.05382537842, 9.26506233215, 11.3318586349, 15.2261781693, 11.6759033203, 10.6721582413, 5.68536758423, 5.17931842804, 2.85045051575, 5.72464513779, 5.07064628601, 4.7801399231, 5.99000549316, 3.21994566917, 4.36492061615, 2.83218574524, 1.69983625412, 1.49529051781, 1.9985023737, 1.93031382561, 1.57835459709, 0.877238810062, 1.07592785358, 1.08217668533, 0.749104321003, 0.345454573631, 0.206317782402, 0.195310115814, 0.116815030575, 0.0813587754965, 0.0556389726698, 0.0186028461903, 0.00753112044185, 0.00396165717393, 0.0114299729466, 0.00045765057439, 3.98696065531e-05], "min": [5.14184365852e-23, 4.00313587915e-22, 1.13699277052e-21, 1.12173914401e-20, 1.6722433513e-20, 2.70787735562e-20, 1.8510607358e-20, 6.90111938292e-20, 1.12153322127e-19, 1.32240653671e-19, 7.42501680882e-20, 2.72694771384e-19, 3.23066012334e-19, 5.24917856583e-19, 7.41604642281e-19, 1.43327011624e-18, 1.37906921e-18, 1.54226305266e-18, 2.75392786388e-18, 3.2522036805e-18, 3.44322842846e-18, 4.1619575977e-18, 6.01474621687e-18, 5.81772751139e-18, 6.7569290584e-18, 8.11426296042e-18, 6.55412587889e-18, 9.28689983938e-18, 9.60938281863e-18, 9.227346144e-18, 9.34639232339e-18, 9.62719201722e-18, 1.01986398172e-17, 8.57558820549e-18, 4.73171753567e-18, 4.13342607042e-18, 2.27203766801e-18, 8.56908759985e-19, 2.33658231272e-19, 2.75199209322e-20], "dvar2": [0.000721096294001, 0.830598950386, 93.0211486816, 1837.09265137, 2693.70043945, 899.606384277, 1261.5357666, 776.842712402, 2227.0144043, 3295.8190918, 1059.48266602, 423.397583008, 1337.3515625, 945.69152832, 3358.9597168, 2096.94433594, 434.165130615, 705.540527344, 443.905883789, 132.502639771, 95.1259536743, 143.924667358, 122.538261414, 121.677375793, 79.6476593018, 132.121932983, 206.612060547, 173.470489502, 274.683959961, 486.870666504, 424.957885742, 425.501495361, 227.939498901, 146.393356323, 33.5318069458, 2.0392165184, 0.181650996208, 0.0139351664111, 0.000660847988911, 2.0957606921e-06], "dvar": [0.000288450799417, 0.307340472937, 33.3342399597, 666.037719727, 1007.46673584, 393.058624268, 495.060974121, 272.004211426, 976.538391113, 1476.22949219, 536.194335938, 213.995132446, 610.518066406, 429.417327881, 1226.02612305, 881.303527832, 187.493789673, 301.787689209, 187.272140503, 55.3466644287, 38.5994300842, 57.001625061, 53.3369674683, 51.3939056396, 40.5564079285, 60.886516571, 98.8710479736, 78.9121627808, 124.692016602, 242.147079468, 203.751861572, 177.625793457, 91.9540252686, 59.3813095093, 13.7975931168, 0.907831728458, 0.077840141952, 0.00545698869973, 0.000249924312811, 8.06964180811e-07], "dmean": [0.00985631719232, 0.334644883871, 2.76252126694, 10.0185489655, 15.2302436829, 10.1989974976, 11.879609108, 8.59656238556, 12.8156528473, 11.3761892319, 6.85207891464, 4.93021249771, 8.66562175751, 7.39172887802, 9.23879241943, 8.99353790283, 4.80269575119, 7.0219244957, 4.67637252808, 2.92156410217, 2.69587182999, 3.21997499466, 3.15932559967, 2.89984083176, 2.16566824913, 3.06404304504, 3.95683956146, 2.81221151352, 2.97282671928, 2.98203492165, 3.24553775787, 2.13858485222, 1.63273906708, 1.23951029778, 0.628268063068, 0.272418558598, 0.0962882041931, 0.0272829625756, 0.00458373641595, 0.000266820308752], "max": [0.347551673651, 8.67027378082, 69.6365356445, 264.847198486, 322.126159668, 471.068817139, 608.709899902, 347.448028564, 866.410644531, 1087.71655273, 1643.08032227, 756.870178223, 969.591552734, 802.257019043, 1172.2232666, 1777.16503906, 507.898956299, 674.647033691, 814.819519043, 245.977264404, 170.0597229, 219.05809021, 214.123886108, 224.754043579, 304.038238525, 227.482009888, 206.421127319, 303.878540039, 373.429260254, 570.865234375, 686.165527344, 811.185546875, 395.290649414, 264.606109619, 116.509742737, 21.3408546448, 4.33808898926, 0.856747627258, 0.130545914173, 0.00790724810213], "var": [0.00186777149793, 1.14936590195, 40.5013198853, 489.298522949, 936.065185547, 995.589416504, 1851.17358398, 882.360351563, 2614.20239258, 3040.37353516, 1230.765625, 493.894104004, 1759.7142334, 1343.45019531, 2295.04589844, 2236.09057617, 439.209777832, 782.538818359, 454.33203125, 130.092483521, 107.282524109, 92.3272628784, 102.917663574, 89.7889404297, 73.8676147461, 106.905334473, 168.150772095, 109.924339294, 158.296508789, 337.694458008, 262.170166016, 171.84022522, 84.2033843994, 56.9641075134, 13.4496898651, 1.05328416824, 0.079337708652, 0.0045840004459, 0.000177503869054, 5.9685226006e-07], "mean": [0.0344330780208, 0.833520293236, 4.18236637115, 10.7374572754, 18.8190174103, 20.0020828247, 30.8728523254, 21.9390182495, 29.2973365784, 21.8344020844, 14.5695552826, 9.7684841156, 19.1770744324, 16.3177871704, 17.3816432953, 17.1618423462, 9.5027923584, 13.8760051727, 9.23976230621, 5.69870376587, 5.19214677811, 5.39996814728, 5.31123304367, 4.67137432098, 3.38607954979, 4.39024782181, 5.28082704544, 3.73008608818, 3.31352877617, 3.25130820274, 3.61015629768, 2.40366411209, 1.74848854542, 1.31651234627, 0.638878822327, 0.263458520174, 0.0866755694151, 0.0287595447153, 0.00357184326276, 0.000225679803407]}, "spectral_strongpeak": {"dmean2": 0.526507377625, "median": 0.517414271832, "min": 0, "dvar2": 0.59849178791, "dvar": 0.228731200099, "dmean": 0.30937948823, "max": 11.621837616, "var": 0.418267786503, "mean": 0.710362195969}, "spectral_energy": {"dmean2": 0.0187240839005, "median": 0.0210144519806, "min": 1.00209384997e-20, "dvar2": 0.00129058072343, "dvar": 0.000497482076753, "dmean": 0.0113387750462, "max": 0.22726687789, "var": 0.000698991236277, "mean": 0.0273777395487}, "average_loudness": 0.699345171452, "spectral_rolloff": {"dmean2": 711.600891113, "median": 452.197265625, "min": 107.666015625, "dvar2": 3910808.75, "dvar": 1665571.125, "dmean": 400.249328613, "max": 19702.8808594, "var": 4973068, "mean": 1011.80938721}, "spectral_centroid": {"dmean2": 304.01272583, "median": 568.215270996, "min": 176.121871948, "dvar2": 274969.65625, "dvar": 124040.726563, "dmean": 191.791976929, "max": 11922.9667969, "var": 1178657.75, "mean": 786.104370117}, "pitch_salience": {"dmean2": 0.111663803458, "median": 0.573158740997, "min": 0.156078621745, "dvar2": 0.0100318575278, "dvar": 0.00372875970788, "dmean": 0.0673692524433, "max": 0.972768723965, "var": 0.0103210043162, "mean": 0.569162607193}, "spectral_energyband_middle_high": {"dmean2": 0.00112844607793, "median": 0.00115952896886, "min": 1.14271699768e-21, "dvar2": 6.25350503469e-06, "dvar": 2.54164956459e-06, "dmean": 0.000758335867431, "max": 0.051272328943, "var": 1.01107498267e-05, "mean": 0.00225299806334}, "spectral_contrast_coeffs": {"dmean2": [0.0854969844222, 0.0712154060602, 0.060783136636, 0.0516191907227, 0.0390773043036, 0.030228799209], "median": [-0.587630569935, -0.671945989132, -0.741640031338, -0.772676646709, -0.798507988453, -0.772519350052], "min": [-0.980895400047, -0.975926756859, -0.976233839989, -0.973411083221, -0.968953311443, -0.965427339077], "dvar2": [0.00523330131546, 0.00353412469849, 0.0026969963219, 0.00190844503231, 0.00112187780906, 0.000784230942372], "dvar": [0.00193598493934, 0.00140105211176, 0.00118196499534, 0.000851312128361, 0.000505891570356, 0.000354108167812], "dmean": [0.0514479093254, 0.0438788533211, 0.0390957780182, 0.0337385237217, 0.0251532625407, 0.0198298525065], "max": [-0.227581217885, -0.360247820616, -0.465004593134, -0.525771737099, -0.538766205311, -0.563918948174], "var": [0.00689253024757, 0.00694695115089, 0.00599944032729, 0.00471829902381, 0.0029653753154, 0.00218662875704], "mean": [-0.585250258446, -0.671752333641, -0.736179172993, -0.765310227871, -0.790105223656, -0.77604496479]}, "melbands_skewness": {"dmean2": 1.37938582897, "median": 3.01281118393, "min": -0.790119171143, "dvar2": 2.7989692688, "dvar": 1.15073597431, "dmean": 0.884345114231, "max": 15.8241577148, "var": 3.4683713913, "mean": 3.35583043098}, "spectral_spread": {"dmean2": 1102127, "median": 4052895.75, "min": 667326.875, "dvar2": 2279428849660.0, "dvar": 1336588894210.0, "dmean": 805203.25, "max": 43014332, "var": 17672230142000.0, "mean": 4833386.5}, "dissonance": {"dmean2": 0.0387343727052, "median": 0.444523870945, "min": 0.22579151392, "dvar2": 0.00121794326697, "dvar": 0.000469613238238, "dmean": 0.0235893838108, "max": 0.5, "var": 0.00164328457322, "mean": 0.436484932899}, "spectral_skewness": {"dmean2": 0.605500102043, "median": 1.97975635529, "min": -0.268819630146, "dvar2": 0.474103838205, "dvar": 0.200050652027, "dmean": 0.397021919489, "max": 9.74424648285, "var": 0.967283308506, "mean": 2.1418671608}, "spectral_flux": {"dmean2": 0.0445918180048, "median": 0.058859474957, "min": 6.37888145083e-11, "dvar2": 0.00348396785557, "dvar": 0.00168640725315, "dmean": 0.0283529926091, "max": 0.38666793704, "var": 0.00321655417792, "mean": 0.0720643922687}, "spectral_contrast_valleys": {"dmean2": [0.681610286236, 0.556993305683, 0.563366055489, 0.565622031689, 0.544894933701, 0.569414198399], "median": [-7.02115440369, -6.95286083221, -7.90495109558, -8.5680809021, -8.38227844238, -10.9306926727], "min": [-28.1027259827, -28.2993946075, -27.900806427, -27.6625556946, -27.6246929169, -27.4205322266], "dvar2": [0.332854747772, 0.240265622735, 0.274133294821, 0.278393357992, 0.319896519184, 0.46109905839], "dvar": [0.142283216119, 0.117207840085, 0.135715454817, 0.148239180446, 0.171427965164, 0.263440549374], "dmean": [0.416064620018, 0.3525852561, 0.36869597435, 0.397264122963, 0.394975572824, 0.462795853615], "max": [-5.39017152786, -4.61067533493, -5.51527261734, -6.12619161606, -5.8623342514, -6.76287794113], "var": [5.13275527954, 4.64562225342, 4.44285202026, 4.38902378082, 4.87132024765, 5.20656299591], "mean": [-7.50652933121, -7.24459648132, -8.17467880249, -8.82324123383, -8.70493507385, -11.146821022]}, "erbbands_flatness_db": {"dmean2": 0.0287444163114, "median": 0.15976318717, "min": 0.0459388047457, "dvar2": 0.000859767140355, "dvar": 0.000443697994342, "dmean": 0.0202801935375, "max": 0.396303832531, "var": 0.00394183257595, "mean": 0.168921604753}, "spectral_energyband_high": {"dmean2": 0.0008147014305, "median": 9.4075105153e-05, "min": 7.08894431193e-21, "dvar2": 8.42721783556e-06, "dvar": 3.81979725717e-06, "dmean": 0.000550896802451, "max": 0.0604218319058, "var": 4.65450466436e-06, "mean": 0.000666346575599}, "spectral_entropy": {"dmean2": 0.391537338495, "median": 6.99816656113, "min": 4.99098348618, "dvar2": 0.166001245379, "dvar": 0.0824070498347, "dmean": 0.269237667322, "max": 9.82403850555, "var": 0.494766563177, "mean": 7.00344324112}, "silence_rate_20dB": {"dmean2": 0, "median": 1, "min": 1, "dvar2": 0, "dvar": 0, "dmean": 0, "max": 1, "var": 0, "mean": 1}, "melbands_flatness_db": {"dmean2": 0.0449342876673, "median": 0.269422054291, "min": 0.00354405376129, "dvar2": 0.00220230221748, "dvar": 0.000929827860091, "dmean": 0.0297981798649, "max": 0.516764879227, "var": 0.0054928297177, "mean": 0.271773338318}, "barkbands": {"dmean2": [1.88504218386e-05, 0.00182232772931, 0.00543596083298, 0.00839943625033, 0.00538119208068, 0.0019346337067, 0.00134324457031, 0.000567870330997, 0.000309181894409, 0.000417213625042, 0.000416407739976, 0.000283007218968, 0.000158170529176, 0.000199296380742, 0.000128275743918, 6.85118284309e-05, 0.000112469759188, 0.000100582015875, 6.82826066623e-05, 0.000106831386802, 0.000117517323815, 0.000123099656776, 0.000157869420946, 0.000150485051563, 0.000154825960635, 8.52088123793e-05, 4.71343191748e-05], "median": [6.12563326285e-07, 0.00142811250407, 0.00156180211343, 0.00144171726424, 0.0040054442361, 0.00198796298355, 0.000585145433433, 0.000230330537306, 8.40752400109e-05, 0.000191697166883, 8.27687763376e-05, 0.000121230215882, 5.06220094394e-05, 7.22784534446e-05, 4.30269283243e-05, 1.80727620318e-05, 3.88559128623e-05, 3.1523159123e-05, 2.2230686227e-05, 2.3104948923e-05, 2.34836152231e-05, 8.11346035334e-06, 6.69346763971e-06, 5.05745083501e-06, 3.89528395317e-06, 1.39505777952e-06, 7.42353859096e-06], "min": [6.59998504201e-26, 1.99007636611e-24, 3.1082677666e-25, 1.69373701997e-24, 6.55371243346e-24, 5.71816792316e-24, 9.48049328248e-24, 2.13741684776e-24, 1.18921168004e-23, 8.90866773381e-24, 1.41932942695e-23, 2.72104000848e-23, 2.59436456655e-23, 