{"tonal": {"thpcp": [1, 0.55942183733, 0.261421769857, 0.255407094955, 0.25843578577, 0.411704480648, 0.560087382793, 0.48204562068, 0.398705035448, 0.359175384045, 0.323501169682, 0.379002809525, 0.415265977383, 0.346493005753, 0.467666685581, 0.618683815002, 0.447899460793, 0.308633595705, 0.332154124975, 0.289571464062, 0.377330183983, 0.560568988323, 0.450863033533, 0.276849418879, 0.25402572751, 0.261791348457, 0.483220219612, 0.686684429646, 0.519526958466, 0.447944819927, 0.533437788486, 0.39662244916, 0.274231225252, 0.289107859135, 0.314387023449, 0.742448329926], "hpcp": {"dmean2": [0.22696878016, 0.204705387354, 0.224268704653, 0.219783678651, 0.217693686485, 0.190360277891, 0.189533829689, 0.175080284476, 0.19836461544, 0.240514338017, 0.223313510418, 0.185243219137, 0.169614449143, 0.171518936753, 0.217029973865, 0.228477820754, 0.230358973145, 0.229108780622, 0.228843182325, 0.191655308008, 0.168266355991, 0.164598509669, 0.175941422582, 0.31025570631, 0.333349049091, 0.216151073575, 0.166745051742, 0.160542294383, 0.174298927188, 0.213561609387, 0.248103842139, 0.247539952397, 0.236445620656, 0.216560065746, 0.218795582652, 0.232956543565], "median": [0.0271527692676, 0.0245868228376, 0.0366095975041, 0.0428881980479, 0.0325470529497, 0.0131698995829, 0.00928146392107, 0.00974798109382, 0.024534650147, 0.0336915627122, 0.0288465768099, 0.0122644230723, 0.00771420681849, 0.0102174095809, 0.0386178158224, 0.0514953583479, 0.0463836751878, 0.0257288794965, 0.0233975443989, 0.0209237970412, 0.0184859856963, 0.0166012216359, 0.023496421054, 0.0863818824291, 0.109305433929, 0.0726403743029, 0.0122929103673, 0.00903925020248, 0.0110818855464, 0.02698687464, 0.0382683910429, 0.0420387350023, 0.020098939538, 0.0151774566621, 0.013325823471, 0.02241672948], "min": [0, 0, 0, 0, 0, 0, 0, 0, 0, 0, 0, 0, 0, 0, 0, 0, 0, 0, 0, 0, 0, 0, 0, 0, 0, 0, 0, 0, 0, 0, 0, 0, 0, 0, 0, 0], "dvar2": [0.122045479715, 0.106345415115, 0.11747276783, 0.110622890294, 0.106552518904, 0.102771997452, 0.110783755779, 0.0951422974467, 0.101870812476, 0.131523743272, 0.115408323705, 0.106212832034, 0.100943379104, 0.0978600904346, 0.105151213706, 0.10279969871, 0.114981204271, 0.129039540887, 0.132331699133, 0.0975274145603, 0.0885146930814, 0.0868385210633, 0.0876307785511, 0.178243473172, 0.19799618423, 0.0972333177924, 0.0899486616254, 0.0908377170563, 0.0985907763243, 0.111710935831, 0.134249344468, 0.130855470896, 0.139931187034, 0.127583891153, 0.131967172027, 0.145725920796], "dvar": [0.0462425798178, 0.0388048291206, 0.0426305495203, 0.044522639364, 0.04046074301, 0.0376795753837, 0.0423334166408, 0.0362714380026, 0.0385492481291, 0.0515502132475, 0.0434238240123, 0.0389681309462, 0.0376179888844, 0.0362816862762, 0.0406580194831, 0.0438213758171, 0.0439015217125, 0.0473753139377, 0.0493930354714, 0.0359213389456, 0.0322180651128, 0.033225428313, 0.0332607328892, 0.0633690059185, 0.0739227905869, 0.036544971168, 0.0327250175178, 0.0342101827264, 0.0352850146592, 0.0419447273016, 0.051358550787, 0.0492557510734, 0.0523757338524, 0.0473260655999, 0.0470396317542, 0.0526956245303], "dmean": [0.12895411253, 0.11614163965, 0.127045542002, 0.128116652369, 0.124372079968, 0.107191428542, 0.106839112937, 0.0988732129335, 0.111089937389, 0.137972399592, 0.127301350236, 0.103510349989, 0.0951678082347, 0.0972114354372, 0.123616270721, 0.135300159454, 0.132840558887, 0.129684314132, 0.129616394639, 0.109128043056, 0.0947476178408, 0.0946567133069, 0.0999830961227, 0.176168382168, 0.190749019384, 0.126551061869, 0.0936255455017, 0.0896406695247, 0.0963460803032, 0.119697839022, 0.142393663526, 0.139362558722, 0.133257523179, 0.121643617749, 0.120798312128, 0.12983687222], "max": [1, 1, 1, 1, 1, 1, 1, 1, 1, 1, 1, 1, 1, 1, 1, 1, 1, 1, 1, 1, 1, 1, 1, 1, 1, 1, 1, 1, 1, 1, 1, 1, 1, 1, 1, 1], "var": [0.051436111331, 0.03794015944, 0.0516655035317, 0.0906439721584, 0.0496067777276, 0.036357358098, 0.0490785948932, 0.0360472090542, 0.0421129390597, 0.0807118192315, 0.0513602644205, 0.0342547148466, 0.034328956157, 0.0341084674001, 0.0504546090961, 0.0955591797829, 0.0561771690845, 0.05410457775, 0.0834754481912, 0.0460309535265, 0.0300424955785, 0.03509195894, 0.0343372672796, 0.0832911804318, 0.137561902404, 0.0502180047333, 0.0308308042586, 0.0334855318069, 0.0301529243588, 0.0469835363328, 0.0754901096225, 0.0548894926906, 0.0523920245469, 0.0483619309962, 0.0413408018649, 0.048855740577], "mean": [0.12875162065, 0.107428826392, 0.144998267293, 0.191820546985, 0.138869509101, 0.0956906601787, 0.102983117104, 0.0897805243731, 0.116989776492, 0.173802256584, 0.139788359404, 0.0858361050487, 0.0787597075105, 0.0811674073339, 0.149820581079, 0.212903872132, 0.161077335477, 0.138883575797, 0.165390342474, 0.122971273959, 0.0850243419409, 0.0896367803216, 0.0974744930863, 0.230193257332, 0.310046166182, 0.173446595669, 0.0810528174043, 0.0791879892349, 0.0801270231605, 0.127647399902, 0.173652946949, 0.149456396699, 0.123616963625, 0.111360952258, 0.100300297141, 0.117508366704]}, "tuning_equal_tempered_deviation": 0.0752994120121, "chords_changes_rate": 0.0767094790936, "key_key": "A#", "tuning_diatonic_strength": 0.542595088482, "key_scale": "major", "chords_number_rate": 0.00590072898194, "tuning_frequency": 438.224517822, "tuning_nontempered_energy_ratio": 0.724885284901, "chords_histogram": [28.7053108215, 5.55362701416, 9.96181869507, 1.80492889881, 4.37348127365, 1.07601523399, 5.76188802719, 0.451232224703, 0.69420337677, 0.069420337677, 0.416522026062, 4.54703235626, 0.416522026062, 0.555362701416, 2.11732029915, 1.00659489632, 0, 2.46442198753, 1.73550856113, 9.09406471252, 3.50572729111, 10.2395000458, 2.56855249405, 2.8809440136], "key_strength": 0.793705642223, "chords_key": "A#", "chords_strength": {"dmean2": 0.0151312267408, "median": 0.519290864468, "min": -1, "dvar2": 0.00154833798297, "dvar": 0.000813421909697, "dmean": 0.0140721695498, "max": 0.781840980053, "var": 0.0120056364685, "mean": 0.511222958565}, "chords_scale": "major", "hpcp_entropy": {"dmean2": 1.00261580944, "median": 1.75349378586, "min": 0, "dvar2": 0.787076532841, "dvar": 0.309434562922, "dmean": 0.607490181923, "max": 4.35171890259, "var": 0.734449207783, "mean": 1.81672263145}}, "metadata": {"audio_properties": {"equal_loudness": 0, "codec": "flac", "downmix": "mix", "sample_rate": 44100, "analysis_sample_rate": 44100, "bit_rate": 0, "md5_encoded": "87972d1e211f4aa5c5db050e27fee650", "length": 133.720001221, "replay_gain": -8.62352752686, "lossless": true}, "version": {"essentia_build_sha": "c0e182ba78c2de26e491b7b7a4a2c98c1ed34208", "essentia": "2.1-beta2", "extractor": "music 1.0", "essentia_git_sha": "v2.1_beta2-2-gbb40004"}, "tags": {"title": ["Titwillow (feat. Sam the Eagle)"], "artist": ["Rowlf the Dog"], "date": ["1994-00-00"], "file_name": "14-Rowlf_the_Dog-Titwillow__feat__Sam_the_Eagle_.flac", "musicbrainz_albumid": ["b7e7a03a-9f55-4724-986f-afc2750da023"], "album": ["Muppet Hits Take 2"], "tracknumber": ["14"], "musicbrainz_artistid": ["b35a762a-1134-43ec-88da-ed67cf5013d2"], "musicbrainz_recordingid": ["0272cad9-f42f-436c-a030-2fc604dcbb17"]}}, "rhythm": {"bpm_histogram_first_peak_bpm": {"dmean2": 0, "median": 85, "min": 85, "dvar2": 0, "dvar": 0, "dmean": 0, "max": 85, "var": 0, "mean": 85}, "bpm": 91.0262374878, "bpm_histogram_second_peak_spread": {"dmean2": 0, "median": 0.741935491562, "min": 0.741935491562, "dvar2": 0, "dvar": 0, "dmean": 0, "max": 0.741935491562, "var": 0, "mean": 0.741935491562}, "bpm_histogram_first_peak_weight": {"dmean2": 0, "median": 0.0904977396131, "min": 0.0904977396131, "dvar2": 0, "dvar": 0, "dmean": 0, "max": 0.0904977396131, "var": 0, "mean": 0.0904977396131}, "onset_rate": 3.25269317627, "beats_position": [0.46439909935, 0.9287981987, 1.39319729805, 1.8575963974, 2.32199549675, 2.77478456497, 3.26240348816, 3.7732424736, 4.27247142792, 4.79492044449, 5.32897949219, 5.94430828094, 6.53641700745, 7.14013576508, 7.77868461609, 8.4172334671, 9.0906124115, 9.76399040222, 10.4373693466, 11.0991382599, 11.7609071732, 12.4226751328, 13.0960540771, 13.7462129593, 14.3731517792, 15.0117006302, 15.6502494812, 16.2887973785, 16.9273471832, 17.5542850494, 18.181224823, 18.8081626892, 19.3422222137, 19.8646717072, 20.3871192932, 20.9327888489, 21.4784584045, 22.035736084, 22.5697956085, 23.1154651642, 23.6611328125, 24.2880725861, 24.9266204834, 25.6348285675, 26.343038559, 27.0512466431, 27.7594547272, 28.5141029358, 29.2803630829, 30.0350112915, 30.8128795624, 31.5559177399, 32.2873458862, 33.0187759399, 33.750202179, 34.4816322327, 35.2130622864, 35.9212684631, 36.6294784546, 37.3376846313, 38.034286499, 38.7424926758, 39.4507026672, 40.1589126587, 40.8787307739, 41.5869369507, 42.2603149414, 42.9220848083, 43.5838546753, 44.2456245422, 44.8841705322, 45.5227203369, 46.1380500793, 46.7649879456, 47.380317688, 47.9956436157, 48.5877532959, 49.2379112244, 49.8880729675, 50.538230896, 51.1883888245, 52.0126991272, 52.7905654907, 53.5916557312, 54.392742157, 55.1706123352, 55.936870575, 56.7147369385, 57.4809951782, 58.2240333557, 58.9786834717, 59.6868934631, 60.3834915161, 61.1033096313, 61.8115196228, 62.5197257996, 63.227935791, 63.9477539062, 64.655960083, 65.3757781982, 65.9678878784, 66.5716094971, 67.1753311157, 67.8022689819, 68.3943786621, 68.9864807129, 69.5553741455, 70.1707000732, 70.7976379395, 71.4361877441, 72.0863494873, 72.7365036011, 73.3750534058, 74.0252151489, 74.6985931396, 75.3719711304, 75.9408569336, 76.5329666138, 77.1018600464, 77.6707458496, 78.2512435913, 78.831741333, 79.4122467041, 80.0043487549, 80.654510498, 81.3162765503, 81.9664382935, 82.5933761597, 83.2435379028, 83.8820877075, 84.5322418213, 85.205619812, 85.8789978027, 86.5639877319, 87.2489776611, 87.9804077148, 88.7118377686, 89.4316558838, 90.1630859375, 90.8829040527, 91.602722168, 92.2993164062, 92.9959182739, 93.6809082031, 94.3542861938, 95.0276641846, 95.7010421753, 96.3628082275, 97.0013580322, 97.6282958984, 98.2668457031, 98.9170074463, 99.5439453125, 100.228935242, 100.902313232, 101.564079285, 102.225845337, 102.887619019, 103.549385071, 104.211151123, 104.872924805, 105.511474609, 106.126800537, 106.765350342, 107.392288208, 108.019226074, 108.599723816, 109.168617249, 109.74911499, 110.225120544, 110.68952179, 111.165527344, 111.606712341, 112.047889709, 112.489067078, 112.89541626, 113.31337738, 113.731338501, 114.149291992, 114.555641174, 114.985214233, 115.414779663, 115.832740784, 116.250701904, 116.680267334, 117.109840393, 117.5626297, 118.015419006, 118.468208313, 118.92099762, 119.350563049, 119.780136108, 120.209701538, 120.627662659, 121.057228088, 121.486801147, 121.904762268, 122.322715759, 122.729064941, 123.147026062, 123.576599121, 123.994552612, 124.412513733, 124.842086792, 125.271652222, 125.689613342, 126.095962524, 126.525527954, 126.966712952, 127.396278381, 127.83745575, 128.278640747, 128.719818115, 129.172607422, 129.625396729, 130.078186035, 130.519363403, 130.97215271, 131.424942017, 131.877731323, 132.342132568, 132.818145752], "beats_loudness": {"dmean2": 0.0302435811609, "median": 0.00561874639243, "min": 0, "dvar2": 0.00106035359204, "dvar": 0.000382467522286, "dmean": 0.0167137309909, "max": 0.110271207988, "var": 0.000437971291831, "mean": 0.0152799580246}, "danceability": 1.03382873535, "bpm_histogram_second_peak_weight": {"dmean2": 0, "median": 0.0723981931806, "min": 0.0723981931806, "dvar2": 0, "dvar": 0, "dmean": 0, "max": 0.0723981931806, "var": 0, "mean": 0.0723981931806}, "beats_count": 222, "bpm_histogram_second_peak_bpm": {"dmean2": 0, "median": 94, "min": 94, "dvar2": 0, "dvar": 0, "dmean": 0, "max": 94, "var": 0, "mean": 94}, "bpm_histogram_first_peak_spread": {"dmean2": 0, "median": 0.629629611969, "min": 0.629629611969, "dvar2": 0, "dvar": 0, "dmean": 0, "max": 0.629629611969, "var": 0, "mean": 0.629629611969}, "beats_loudness_band_ratio": {"dmean2": [0.220656424761, 0.4087934196, 0.42633202672, 0.235421925783, 0.249955162406, 0.112437143922], "median": [0.0273078940809, 0.229696050286, 0.286142110825, 0.0534392260015, 0.0282990597188, 0.00339296879247], "min": [0, 0, 0, 0, 0, 0], "dvar2": [0.0985223799944, 0.11210423708, 0.130840033293, 0.0661770403385, 0.0789485871792, 0.0634935572743], "dvar": [0.0395524092019, 0.0386527515948, 0.0467858538032, 0.0234955064952, 0.0282800402492, 0.0211896114051], "dmean": [0.128016799688, 0.23208963871, 0.248000055552, 0.129148989916, 0.136350780725, 0.0586171299219], "max": [0.920169353485, 0.921175479889, 0.99041390419, 0.69754588604, 0.879668712616, 0.970980167389], "var": [0.0438409298658, 0.0634735375643, 0.0770693346858, 0.0245093479753, 0.0317134521902, 0.0122073022649], "mean": [0.118361927569, 0.302086025476, 0.351563006639, 0.11945438385, 0.116297647357, 0.0399971865118]}}, "lowlevel": {"barkbands_spread": {"dmean2": 8.16028213501, "median": 8.8454246521, "min": 0.167311862111, "dvar2": 190.982498169, "dvar": 83.093132019, "dmean": 5.26386022568, "max": 135.408782959, "var": 266.494537354, "mean": 14.689198494}, "melbands_spread": {"dmean2": 10.7296524048, "median": 8.5194606781, "min": 0.341984540224, "dvar2": 567.563720703, "dvar": 261.021728516, "dmean": 7.07377386093, "max": 237.247589111, "var": 640.693969727, "mean": 17.7996253967}, "hfc": {"dmean2": 4.1748456955, "median": 1.6399512291, "min": 1.06018190629e-16, "dvar2": 103.108634949, "dvar": 54.0244445801, "dmean": 3.18224835396, "max": 241.408126831, "var": 196.435089111, "mean": 8.04500579834}, "barkbands_kurtosis": {"dmean2": 9.14820575714, "median": 5.44706106186, "min": -1.92769181728, "dvar2": 1475.28295898, "dvar": 481.116729736, "dmean": 5.8729467392, "max": 973.67755127, "var": 540.582702637, "mean": 10.154168129}, "gfcc": {"mean": [-212.020309448, 98.9499588013, -104.623069763, -22.4146728516, -63.3228187561, -16.1872386932, -54.3231811523, 4.46583223343, -16.1577301025, -9.84284973145, -11.0546350479, 2.57217693329, -12.0914916992], "icov": [[0.000198525463929, -0.000357974640792, 0.000334969954565, -0.000290868541924, 0.000516819767654, -0.000199059140868, 0.000485112192109, -0.000372588634491, 0.000183807307621, -0.000345154461684, 0.000369532295736, -5.68086979911e-05, 0.000210057478398], [-0.000357974640792, 0.0019537396729, -0.00102815963328, 0.00186814425979, -0.00114715576638, 0.00148681842256, -0.000811104371678, 0.00160366867203, -0.000581351283472, 0.00146156095434, -0.000924146326724, 0.00116137100849, -0.00027302512899], [0.000334969954565, -0.00102815963328, 0.00124706490897, -0.00102643831633, 0.000615615397692, -0.000620732782409, 0.000511913036462, -0.000916099525057, 0.000672520254739, -0.00113310397137, 0.00114206108265, -0.000588455994148, 0.000488800113089], [-0.000290868541924, 0.00186814425979, -0.00102643831633, 0.00280505954288, -0.000986879458651, 0.0013465603115, -0.00041901570512, 0.00128088553902, -0.000143674056744, 0.000764859840274, -0.000541485205758, 0.000714534486178, 0.000284139037831], [0.000516819767654, -0.00114715576638, 0.000615615397692, -0.000986879458651, 0.00330708781257, -0.00106839509681, 0.00163310416974, -0.00138025451452, -0.000519346096553, -0.0016127594281, 0.000984806683846, 0.000105331739178, 0.000931856164243], [-0.000199059140868, 0.00148681842256, -0.000620732782409, 0.0013465603115, -0.00106839509681, 0.00474508060142, -0.00105535553303, 0.00184923619963, -0.000372495414922, -0.000137934563099, -0.00130458956119, 0.000849763629958, -0.000189530255739], [0.000485112192109, -0.000811104371678, 0.000511913036462, -0.00041901570512, 0.00163310416974, -0.00105535553303, 0.00313006388023, -0.00116826663725, 0.000120693330246, -0.00197308463976, 0.00169082276989, -0.000531159399543, 0.000153333123308], [-0.000372588634491, 0.00160366867203, -0.000916099525057, 0.00128088553902, -0.00138025451452, 0.00184923619963, -0.00116826663725, 0.00522344838828, -0.000906520930585, 0.0031129529234, -0.00143024756107, 0.00127396476455, 0.000397969415644], [0.000183807307621, -0.000581351283472, 0.000672520254739, -0.000143674056744, -0.000519346096553, -0.000372495414922, 0.000120693330246, -0.000906520930585, 0.00736662372947, -0.00165602890775, 0.00105230102781, -0.00116969051305, -0.000435113412095], [-0.000345154461684, 0.00146156095434, -0.00113310397137, 0.000764859840274, -0.0016127594281, -0.000137934563099, -0.00197308463976, 0.0031129529234, -0.00165602890775, 0.00821301527321, -0.00237455754541, 0.00142705393955, -0.000162657175679], [0.000369532295736, -0.000924146326724, 0.00114206108265, -0.000541485205758, 0.000984806683846, -0.00130458956119, 0.00169082276989, -0.00143024756107, 0.00105230102781, -0.00237455754541, 0.00881090387702, -0.00107179093175, 0.000406955019571], [-5.68086979911e-05, 0.00116137100849, -0.000588455994148, 0.000714534486178, 0.000105331739178, 0.000849763629958, -0.000531159399543, 0.00127396476455, -0.00116969051305, 0.00142705393955, -0.00107179093175, 0.0072239455767, -0.0015425659949], [0.000210057478398, -0.00027302512899, 0.000488800113089, 0.000284139037831, 0.000931856164243, -0.000189530255739, 0.000153333123308, 0.000397969415644, -0.000435113412095, -0.000162657175679, 0.000406955019571, -0.0015425659949, 0.00880100205541]], "cov": [[27980.8515625, 2328.63671875, -5499.91992188, -1046.82043457, -2261.84521484, -1372.2845459, -2951.75341797, 653.683227539, -530.105102539, -1322.11560059, 97.4058532715, -481.971954346, -164.157073975], [2328.63671875, 2863.95532227, 174.671722412, -1282.50170898, 34.8439941406, -397.831207275, -173.263305664, -61.9641151428, 20.8626289368, -256.609161377, -35.6849632263, -203.331481934, 20.836025238], [-5499.91992188, 174.671722412, 2761.62109375, 416.928405762, 484.389556885, 189.29196167, 554.385009766, -103.213989258, 22.4039134979, 303.148406982, -144.542663574, 51.5225524902, -59.9289627075], [-1046.82043457, -1282.50170898, 416.928405762, 1210.54821777, 109.953292847, 73.7759628296, -3.05634522438, 3.64911818504, -43.0964012146, 124.484100342, -22.1386833191, 49.6653442383, -77.3053970337], [-2261.84521484, 34.8439941406, 484.389556885, 109.953292847, 725.048461914, 113.716011047, 32.2037124634, -7.180352211, 94.5189285278, 132.693161011, -6.88536977768, -37.5306892395, -49.0774917603], [-1372.2845459, -397.831207275, 189.29196167, 73.7759628296, 113.716011047, 416.13079834, 219.452545166, -126.012825012, 37.327671051, 172.923492432, 27.0352172852, 28.1449451447, 15.0365600586], [-2951.75341797, -173.263305664, 554.385009766, -3.05634522438, 32.2037124634, 219.452545166, 837.072143555, -95.4103393555, 68.347984314, 216.548202515, -56.8791007996, 72.3190383911, 48.1180610657], [653.683227539, -61.9641151428, -103.213989258, 3.64911818504, -7.180352211, -126.012825012, -95.4103393555, 346.009063721, -10.9272184372, -131.267181396, 0.22024384141, -30.2947349548, -36.1328964233], [-530.105102539, 20.8626289368, 22.4039134979, -43.0964012146, 94.5189285278, 37.327671051, 68.347984314, -10.9272184372, 170.162033081, 50.23878479, -6.17714738846, 20.0221366882, 16.6820812225], [-1322.11560059, -256.609161377, 303.148406982, 124.484100342, 132.693161011, 172.923492432, 216.548202515, -131.267181396, 50.23878479, 285.416290283, 17.3828353882, 15.2634153366, 4.20687532425], [97.4058532715, -35.6849632263, -144.542663574, -22.1386833191, -6.88536977768, 27.0352172852, -56.8791007996, 0.22024384141, -6.17714738846, 17.3828353882, 144.958480835, 7.15381288528, 2.16981124878], [-481.971954346, -203.331481934, 51.5225524902, 49.6653442383, -37.5306892395, 28.1449451447, 72.3190383911, -30.2947349548, 20.0221366882, 15.2634153366, 7.15381288528, 184.042953491, 38.6192207336], [-164.157073975, 20.836025238, -59.9289627075, -77.3053970337, -49.0774917603, 15.0365600586, 48.1180610657, -36.1328964233, 16.6820812225, 4.20687532425, 2.16981124878, 38.6192207336, 137.898757935]]}, "spectral_energyband_middle_low": {"dmean2": 0.00433028582484, "median": 0.00154837488662, "min": 2.07501530747e-22, "dvar2": 0.000113105401397, "dvar": 6.33899253444e-05, "dmean": 0.00323448330164, "max": 0.135359346867, "var": 0.000249313394306, "mean": 0.00840787123889}, "melbands_crest": {"dmean2": 5.79355764389, "median": 13.9358787537, "min": 1.62988507748, "dvar2": 30.0056686401, "dvar": 11.9040803909, "dmean": 3.6447262764, "max": 39.9375343323, "var": 36.9180297852, "mean": 15.0801296234}, "spectral_kurtosis": {"dmean2": 10.1255226135, "median": 13.0736141205, "min": -1.25954496861, "dvar2": 209.154281616, "dvar": 85.9943771362, "dmean": 6.33376646042, "max": 148.115493774, "var": 426.138671875, "mean": 19.4033432007}, "spectral_rms": {"dmean2": 0.000601409643423, "median": 0.00157658825628, "min": 3.06398417922e-12, "dvar2": 9.23166453504e-07, "dvar": 6.04576541718e-07, "dmean": 0.00048107872135, "max": 0.0118795726448, "var": 5.02431657878e-06, "mean": 0.00229115691036}, "zerocrossingrate": {"dmean2": 0.0140641620383, "median": 0.0400390625, "min": 0, "dvar2": 0.000490576494485, "dvar": 0.000398681557272, "dmean": 0.0119844684377, "max": 0.52490234375, "var": 0.00487498613074, "mean": 0.0636878088117}, "silence_rate_60dB": {"dmean2": 0.156304270029, "median": 1, "min": 0, "dvar2": 0.143680617213, "dvar": 0.0720309391618, "dmean": 0.0781385675073, "max": 1, "var": 0.249262571335, "mean": 0.527256965637}, "erbbands_kurtosis": {"dmean2": 4.25858879089, "median": 1.68194699287, "min": -1.86986851692, "dvar2": 80.5737228394, "dvar": 41.9042282104, "dmean": 2.82198524475, "max": 238.350784302, "var": 127.913574219, "mean": 4.31565237045}, "erbbands": {"dmean2": [0.00035693164682, 0.00264976383187, 0.0278118718415, 0.215908482671, 0.852357566357, 3.24410939217, 8.1939239502, 10.0203123093, 23.8742980957, 23.8040008545, 24.472448349, 27.3535022736, 13.5659093857, 9.10716342926, 9.73737716675, 8.78092479706, 7.29317712784, 8.81175422668, 8.14408683777, 8.13922977448, 9.5873336792, 15.4392137527, 9.37751960754, 5.81664419174, 1.98409044743, 0.609152555466, 0.577376782894, 1.14285433292, 1.0080755949, 0.882370173931, 0.776565790176, 0.437479019165, 0.271738529205, 0.127865239978, 0.0560306385159, 0.016294401139, 0.00419513927773, 0.000568554620259, 3.9597205614e-05, 6.96668575983e-06], "median": [0.000134489062475, 0.000837489613332, 0.00499643804505, 0.0352065674961, 0.165020644665, 0.560350716114, 1.235709548, 2.12551283836, 1.86598241329, 1.8568713665, 1.94347405434, 1.87223911285, 1.02911162376, 0.691409230232, 0.476101100445, 0.32655146718, 0.267809331417, 0.238464087248, 0.278784751892, 0.233474940062, 0.223785936832, 0.235124498606, 0.211633339524, 0.107332803309, 0.0373155325651, 0.0105100218207, 0.00625232327729, 0.00642446987331, 0.00587616302073, 0.0067010675557, 0.00556327588856, 0.0054654981941, 0.00608944613487, 0.00274680694565, 0.000833067926578, 0.00027857295936, 0.000189246755326, 0.000326283741742, 1.65234068845e-05, 3.93746086047e-06], "min": [1.84389950952e-22, 7.25188445329e-22, 2.45078388591e-21, 5.89623307136e-21, 1.29840981711e-20, 3.42575558219e-20, 5.589110765e-20, 9.8617351508e-20, 1.04700256787e-19, 1.27431903803e-19, 2.64328382325e-19, 4.47185109482e-19, 5.4671292835e-19, 7.72493996197e-19, 9.9687619823e-19, 1.36826085452e-18, 1.19589244149e-18, 1.86427691711e-18, 2.1942543595e-18, 2.95464592785e-18, 3.9086848203e-18, 4.50490750684e-18, 4.07581749025e-18, 6.26068066146e-18, 7.54474993586e-18, 8.90419149409e-18, 9.47574351886e-18, 1.12287956629e-17, 1.14697963887e-17, 1.25417720045e-17, 1.37359627287e-17, 1.10464056465e-17, 9.85356818981e-18, 7.56649237826e-18, 6.48350161179e-18, 4.65915559798e-18, 2.53819419704e-18, 9.55749088367e-19, 2.45801966447e-19, 2.7036466176e-20], "dvar2": [2.73485647995e-06, 0.000279399595456, 0.00444009620696, 0.273388624191, 5.06434631348, 59.3692588806, 712.935302734, 1356.94567871, 7779.14404297, 5964.84521484, 12419.8828125, 28742.5722656, 3010.05175781, 2233.66625977, 4093.6875, 2431.26098633, 1553.72485352, 1942.12805176, 1265.99926758, 1218.1262207, 1793.92248535, 3270.50878906, 912.308959961, 364.013092041, 79.4680709839, 32.397190094, 38.0736923218, 228.761703491, 84.8291091919, 86.7152633667, 130.367507935, 29.9748153687, 1.85312151909, 0.587571680546, 0.132234930992, 0.0129602188244, 0.000887129281182, 1.3109345673e-05, 5.68053692973e-08, 2.65736543881e-10], "dvar": [1.32688376198e-06, 0.000108262203867, 0.00202336395159, 0.127543821931, 2.5862531662, 26.4825572968, 360.655395508, 615.886535645, 3625.09985352, 3159.44946289, 6028.04492188, 16118.2646484, 1512.46484375, 1343.85217285, 2198.86523438, 1087.83178711, 788.052856445, 892.15045166, 641.650695801, 614.007141113, 854.723205566, 1680.3137207, 528.100036621, 201.954803467, 34.7536315918, 12.1804866791, 20.9514503479, 80.5012817383, 33.0949935913, 32.2259101868, 57.4657058716, 14.3773374557, 1.03044378757, 0.303742647171, 0.0619889236987, 0.00581484055147, 0.0003857644042, 5.66703783988e-06, 2.51602063628e-08, 1.36041636289e-10], "dmean": [0.000219377805479, 0.00164278782904, 0.0187278669327, 0.150082617998, 0.600725352764, 2.18690514565, 5.65770292282, 6.85554790497, 16.2611980438, 16.9053153992, 17.8353824615, 20.7848091125, 9.99754333496, 6.89022541046, 6.99177980423, 5.9721622467, 5.24889373779, 6.04782867432, 5.79799604416, 5.73514699936, 7.02130889893, 11.1347370148, 7.12411546707, 4.2585940361, 1.3881919384, 0.387349754572, 0.412474811077, 0.720786392689, 0.64887034893, 0.556683599949, 0.481549203396, 0.300200819969, 0.188051432371, 0.0904243290424, 0.039600469172, 0.0110280523077, 0.00272745545954, 0.000396984978579, 2.69494703389e-05, 5.14959765496e-06], "max": [0.0556677468121, 0.531694889069, 0.894088804722, 6.17956590652, 30.9934711456, 101.742240906, 605.754150391, 782.895446777, 1486.97705078, 1540.8359375, 2210.19604492, 3117.03564453, 1295.26550293, 1635.66052246, 2278.02392578, 983.920166016, 1641.06591797, 698.979736328, 695.995300293, 924.995605469, 798.127319336, 1064.25158691, 462.329498291, 332.179931641, 163.135345459, 165.453445435, 270.345245361, 401.035766602, 237.83114624, 237.024703979, 470.356201172, 241.056442261, 43.2903366089, 27.3946933746, 11.5198144913, 3.63036394119, 0.699616312981, 0.088163100183, 0.00596187217161, 0.00024520244915], "var": [1.70350267581e-06, 9.12907562451e-05, 0.00522137898952, 0.365119636059, 9.30319023132, 84.8743591309, 1130.11999512, 1544.47253418, 7023.18212891, 7885.37939453, 16053.4902344, 38044.0234375, 4634.38183594, 3820.77709961, 4017.9621582, 1571.89233398, 1375.54577637, 1126.02770996, 978.859558105, 1134.40454102, 1785.4708252, 4658.57519531, 1631.66845703, 495.780700684, 48.6874008179, 13.3119983673, 38.2682876587, 68.3443145752, 38.9490890503, 34.9608840942, 82.9894943237, 20.4488544464, 2.09889268875, 0.635296523571, 0.104723975062, 0.00757035193965, 0.000467512727482, 7.79639594839e-06, 3.52543096938e-08, 5.14710496446e-10], "mean": [0.00027430607588, 0.00245689461008, 0.0363217480481, 0.295519649982, 1.28074097633, 4.55614328384, 11.9407281876, 13.7147703171, 27.5127925873, 29.8499832153, 35.9229431152, 38.8244972229, 19.9201622009, 12.7254705429, 10.0833597183, 7.72297143936, 6.71964740753, 7.27621746063, 7.70373010635, 8.32409286499, 11.0731830597, 19.6215457916, 12.6477575302, 6.87832450867, 1.92881822586, 0.472656220198, 0.525015294552, 0.780129671097, 0.729376733303, 0.59817558527, 0.599749267101, 0.375250250101, 0.25591853261, 0.125620022416, 0.050919316709, 0.0137816239148, 0.00327283050865, 0.0007476118044, 4.80686940136e-05, 1.40977426781e-05]}, "spectral_strongpeak": {"dmean2": 0.598426699638, "median": 0.400480210781, "min": 0, "dvar2": 1.27335691452, "dvar": 0.577990651131, "dmean": 0.39382404089, "max": 12.2431640625, "var": 1.63472259045, "mean": 0.886470019817}, "spectral_energy": {"dmean2": 0.00502449180931, "median": 0.00254777120426, "min": 9.62269950237e-21, "dvar2": 0.000128571002278, "dvar": 7.32083062758e-05, "dmean": 0.00379884010181, "max": 0.144652351737, "var": 0.000324671011185, "mean": 0.0105305323377}, "average_loudness": 0.377764075994, "spectral_rolloff": {"dmean2": 925.561767578, "median": 710.595703125, "min": 21.533203125, "dvar2": 6473630.5, "dvar": 2589531.25, "dmean": 531.454833984, "max": 19358.3496094, "var": 7053992, "mean": 1587.76928711}, "spectral_centroid": {"dmean2": 334.24130249, "median": 696.387084961, "min": 246.297988892, "dvar2": 417114.15625, "dvar": 211646.125, "dmean": 228.256744385, "max": 11803.9355469, "var": 1703337.75, "mean": 1097.63037109}, "pitch_salience": {"dmean2": 0.120154954493, "median": 0.608657240868, "min": 0.0065151611343, "dvar2": 0.0129120294005, "dvar": 0.0051500024274, "dmean": 0.0760839730501, "max": 0.916798532009, "var": 0.0175558384508, "mean": 0.593197762966}, "spectral_energyband_middle_high": {"dmean2": 0.00126318307593, "median": 0.000218732791836, "min": 1.24006026244e-21, "dvar2": 1.07022178781e-05, "dvar": 6.39261634205e-06, "dmean": 0.000971249071881, "max": 0.0935479030013, "var": 2.22906674026e-05, "mean": 0.00208304123953}, "spectral_contrast_coeffs": {"dmean2": [0.0742781534791, 0.0707728639245, 0.0562390908599, 0.0473067723215, 0.0425439216197, 0.0258635785431], "median": [-0.574325203896, -0.716386318207, -0.767988741398, -0.800939202309, -0.781120181084, -0.846217870712], "min": [-0.981193959713, -0.977687120438, -0.98483890295, -0.985375642776, -0.982896208763, -0.977211594582], "dvar2": [0.0037160445936, 0.00382469408214, 0.00266970111988, 0.00184863503091, 0.0018714905018, 0.000747629092075], "dvar": [0.00181146769319, 0.00186134770047, 0.00130714825355, 0.000992242014036, 0.00118160725106, 0.000386600644561], "dmean": [0.0483509339392, 0.0460871122777, 0.0363745242357, 0.0319315753877, 0.03105459176, 0.0175590272993], "max": [-0.246811151505, -0.352285861969, -0.308140784502, -0.466916173697, -0.435178518295, -0.539430916309], "var": [0.0234327260405, 0.0115639008582, 0.0104731610045, 0.00690016662702, 0.0138248084113, 0.00298107089475], "mean": [-0.602548122406, -0.7168648839, -0.759105086327, -0.790375351906, -0.759810447693, -0.835056841373]}, "melbands_skewness": {"dmean2": 1.17296910286, "median": 1.76231694221, "min": -5.71164369583, "dvar2": 3.34172701836, "dvar": 1.24828231335, "dmean": 0.765685677528, "max": 39.6282081604, "var": 3.95333385468, "mean": 2.05858063698}, "spectral_spread": {"dmean2": 954872.875, "median": 2934654.5, "min": 565531.1875, "dvar2": 2688549650430.0, "dvar": 1438029447170.0, "dmean": 633090.3125, "max": 42345328, "var": 21089673543700.0, "mean": 4082899.25}, "dissonance": {"dmean2": 0.0577115006745, "median": 0.436897814274, "min": 0.135249495506, "dvar2": 0.00339624914341, "dvar": 0.00136203458533, "dmean": 0.035278506577, "max": 0.500000178814, "var": 0.00507041905075, "mean": 0.415431141853}, "spectral_skewness": {"dmean2": 0.798298060894, "median": 2.80277061462, "min": -0.0766779333353, "dvar2": 0.804909586906, "dvar": 0.359951972961, "dmean": 0.520128965378, "max": 10.0098772049, "var": 2.7370929718, "mean": 3.07762050629}, "spectral_flux": {"dmean2": 0.0236187055707, "median": 0.0264037400484, "min": 6.40439715149e-11, "dvar2": 0.00145016761962, "dvar": 0.000606970337685, "dmean": 0.0154353156686, "max": 0.329523831606, "var": 0.00174675683957, "mean": 0.0398738346994}, "spectral_contrast_valleys": {"dmean2": [0.719070732594, 0.608845949173, 0.555229961872, 0.539951562881, 0.476959437132, 0.435435771942], "median": [-9.9021396637, -7.71073722839, -8.86391925812, -9.58765602112, -10.3358669281, -12.4479780197], "min": [-28.3503856659, -28.008562088, -27.8110523224, -27.6439113617, -27.5706329346, -27.4416446686], "dvar2": [0.394826978445, 0.387388676405, 0.351703554392, 0.353002279997, 0.377265900373, 0.37444832921], "dvar": [0.174437656999, 0.209242716432, 0.201598152518, 0.212061285973, 0.218773245811, 0.225798636675], "dmean": [0.430768311024, 0.393831372261, 0.371063143015, 0.373704224825, 0.342016547918, 0.322765439749], "max": [-6.73400640488, -4.51349210739, -5.20473051071, -6.10820245743, -6.1202712059, -7.65657186508], "var": [4.43303775787, 6.86604213715, 5.97012329102, 5.66480255127, 5.03273916245, 4.161693573], "mean": [-10.2258787155, -8.17060661316, -9.27022266388, -9.93185806274, -10.4858846664, -12.445684433]}, "erbbands_flatness_db": {"dmean2": 0.0337197855115, "median": 0.254228711128, "min": 0.0224690083414, "dvar2": 0.00142706010956, "dvar": 0.00080976402387, "dmean": 0.0239338073879, "max": 0.530562162399, "var": 0.0084647750482, "mean": 0.2398327142}, "spectral_energyband_high": {"dmean2": 9.85900987871e-05, "median": 2.40196732193e-06, "min": 6.9546260132e-21, "dvar2": 9.39199196637e-07, "dvar": 4.07092670685e-07, "dmean": 6.64049148327e-05, "max": 0.0368759520352, "var": 5.9313691736e-07, "mean": 8.90001247171e-05}, "spectral_entropy": {"dmean2": 0.329766571522, "median": 6.66043949127, "min": 3.6633310318, "dvar2": 0.133589580655, "dvar": 0.0781236365438, "dmean": 0.230486795306, "max": 9.81669521332, "var": 0.73876529932, "mean": 6.75667095184}, "silence_rate_20dB": {"dmean2": 0, "median": 1, "min": 1, "dvar2": 0, "dvar": 0, "dmean": 0, "max": 1, "var": 0, "mean": 1}, "melbands_flatness_db": {"dmean2": 0.0426146276295, "median": 0.292783081532, "min": 0.00322042987682, "dvar2": 0.00223166728392, "dvar": 0.0011799930362, "dmean": 0.0301166307181, "max": 0.575476765633, "var": 0.00798326171935, "mean": 0.289122700691}, "barkbands": {"dmean2": [3.65799337487e-06, 1.06560255517e-05, 3.83664701076e-05, 0.000115762362839, 0.000844636932015, 0.00120951398276, 0.00180377194192, 0.00112983235158, 0.00104949553497, 0.000346149405232, 0.000269052397925, 0.000215204403503, 0.000168259764905, 0.00018619952607, 0.000180415358045, 0.00016712283832, 0.000305663852487, 0.000165764053236, 7.77682726039e-05, 1.19086962513e-05, 2.21136306209e-05, 2.80380918412e-05, 2.74788617389e-05, 1.72358213604e-05, 9.19941066968e-06, 2.50515745392e-06, 2.52968902714e-07], "median": [2.51132792073e-06, 3.47973218595e-06, 3.59919090442e-06, 9.94515266939e-06, 0.000160319104907, 0.000232607344515, 0.000109848690045, 6.75318296999e-05, 6.58467179164e-05, 2.00243812287e-05, 1.10567079901e-05, 5.51856464881e-06, 4.57509213447e-06, 3.16018736157e-06, 4.71560770166e-06, 3.46829256159e-06, 3.61626143786e-06, 3.17750004797e-06, 1.04926243694e-06, 1.59276027034e-07, 1.43790657603e-07, 1.67160308706e-07, 2.01482919238e-07, 3.50522071813e-07, 1.87323834666e-07, 5.3240452047e-08, 2.17872894837e-07], "min": [1.33121214528e-25, 4.8333405111e-24, 1.44259960092e-24, 1.26128258426e-24, 6.17455669456e-24, 1.08507525635e-23, 1.40919524645e-23, 7.89602907788e-24, 2.26332587188e-23, 1.22286661618e-23, 1.39058412443e-23, 2.9260788417e-23, 2.89267878652e-23, 2.43455176012e-23, 5.09246001922e-23, 5.13178694415e-23, 5.55713632663e-23, 7.05486006822e-23, 1.5258995812e-22, 1.88418101926e-22, 2.86395459391e-22, 3.06586915929e-22, 4.86429960976e-22, 5.84732026212e-22, 8.47447547303e-22, 1.44834165477e-21, 1.94934865455e-21], "dvar2": [5.11362376054e-11, 3.9536560692e-09, 8.76995631671e-09, 8.75588455074e-08, 3.64621200788e-06, 1.65714336617e-05, 3.50846785295e-05, 1.83944430319e-05, 3.40516126016e-05, 2.08062670026e-06, 2.40540020968e-06, 1.24816608604e-06, 9.41075427363e-07, 8.22469928607e-07, 6.08365269272e-07, 6.02233228619e-07, 1.20977938423e-06, 2.84023798258e-07, 7.59099378911e-08, 1.0508609094e-08, 6.70321540497e-08, 6.82730174617e-08, 1.52348448523e-07, 1.2949739947e-08, 3.33371197314e-09, 2.94467061845e-10, 2.11276916101e-12], "dvar": [2.54430469748e-11, 1.67735303425e-09, 4.14378309443e-09, 4.01328996702e-08, 1.65957817444e-06, 8.08295044408e-06, 1.73372191057e-05, 8.5934298113e-06, 1.9285504095e-05, 1.00890872545e-06, 1.39598853366e-06, 5.47013712549e-07, 4.36743761156e-07, 3.83345280852e-07, 2.79023566918e-07, 3.21050549701e-07, 6.06901039646e-07, 1.58408482775e-07, 3.80854316973e-08, 4.09429956605e-09, 2.73945595097e-08, 2.59846029138e-08, 6.32115302324e-08, 7.68735564094e-09, 1.62725799502e-09, 1.32470243108e-10, 9.13693057845e-13], "dmean": [2.15653653868e-06, 6.60330852043e-06, 2.59093412751e-05, 7.85710071796e-05, 0.000574785692152, 0.000835289945826, 0.0012517553987, 0.00078630290227, 0.000794307386968, 0.000243215676164, 0.00020134463557, 0.000142004049849, 0.000116137416626, 0.000125294216559, 0.000120863602206, 0.00012093247642, 0.000212965052924, 0.000123023521155, 5.40327491763e-05, 7.46823889131e-06, 1.44508612721e-05, 1.826224252e-05, 1.70608273038e-05, 1.19279702631e-05, 6.50831816529e-06, 1.66962558978e-06, 1.75985320539e-07], "max": [0.000200670823688, 0.00213343463838, 0.00135950522963, 0.00394511036575, 0.0279678329825, 0.116978496313, 0.0853049680591, 0.0812369585037, 0.104916833341, 0.0345397628844, 0.0446989536285, 0.0193722620606, 0.0354943163693, 0.0142183909193, 0.0119978748262, 0.0252310801297, 0.0170566979796, 0.00921562872827, 0.00453878752887, 0.00285885622725, 0.00833760853857, 0.0069239847362, 0.0155101669952, 0.00451803253964, 0.00194122025277, 0.000508311146405, 3.62485516234e-05], "var": [4.0528684575e-11, 1.6773065159e-09, 1.05321094068e-08, 9.97140716663e-08, 5.77253013034e-06, 2.51347591984e-05, 3.76802963729e-05, 2.18706445594e-05, 4.70928862342e-05, 3.1990032312e-06, 3.10592349706e-06, 7.54201494146e-07, 6.39452593987e-07, 4.89782166824e-07, 3.76369314381e-07, 7.21165406503e-07, 1.62579272001e-06, 3.92567017116e-07, 8.00867567818e-08, 4.83519269068e-09, 3.35811449759e-08, 2.99595583897e-08, 8.35161486634e-08, 1.36980196075e-08, 3.15157588915e-09, 1.73735817399e-10, 1.23961030243e-12], "mean": [3.47074910678e-06, 8.60200088937e-06, 4.56569978269e-05, 0.000136420581839, 0.00122284411918, 0.00180743448436, 0.00208881031722, 0.00146102602594, 0.0014756154269, 0.00046783167636, 0.000304244109429, 0.000173566222657, 0.000137533410452, 0.000143102559377, 0.000153694549226, 0.000176313245902, 0.000357788463589, 0.000193704268895, 7.89896366769e-05, 8.86618363438e-06, 1.68762690009e-05, 2.02226146939e-05, 2.04774933081e-05, 1.60453273566e-05, 8.94240838534e-06, 2.07268567465e-06, 3.97172300381e-07]}, "erbbands_skewness": {"dmean2": 0.827371954918, "median": 0.949557065964, "min": -3.88847470284, "dvar2": 0.844829618931, "dvar": 0.391276717186, "dmean": 0.565130472183, "max": 8.71078395844, "var": 1.76979613304, "mean": 0.882681846619}, "erbbands_spread": {"dmean2": 11.3511133194, "median": 18.2565803528, "min": 0.360502779484, "dvar2": 286.437469482, "dvar": 126.99974823, "dmean": 7.29406833649, "max": 155.040512085, "var": 594.014404297, "mean": 26.1224479675}, "melbands_kurtosis": {"dmean2": 13.8505096436, "median": 6.75842237473, "min": -1.92529320717, "dvar2": 4273.20800781, "dvar": 1327.31188965, "dmean": 8.49231719971, "max": 1682.95788574, "var": 1290.86865234, "mean": 14.5053768158}, "melbands": {"dmean2": [2.92095955956e-06, 1.08198619273e-05, 4.74294429296e-05, 0.000134693211294, 0.000254568905802, 0.00023652674281, 0.000358225312084, 0.000244125432801, 0.000193595988094, 0.000170634972164, 6.3290077378e-05, 3.791013296e-05, 3.30498478434e-05, 2.65285707428e-05, 2.00586218853e-05, 1.71032897924e-05, 1.78456884896e-05, 1.37815104608e-05, 1.3436451809e-05, 1.06919069367e-05, 1.32508694151e-05, 1.73150874616e-05, 1.45525473272e-05, 6.47279603072e-06, 5.02786269863e-06, 2.23869142246e-06, 6.60961859467e-07, 3.52529610836e-07, 3.09320995484e-07, 5.20375863289e-07, 7.4489224744e-07, 6.02416776019e-07, 5.37353571417e-07, 4.82020595882e-07, 4.55769338714e-07, 4.02734769978e-07, 2.31136965567e-07, 2.09324895195e-07, 1.60643381264e-07, 9.92632109842e-08], "median": [1.15704938253e-06, 1.64573179973e-06, 7.69429880165e-06, 2.37586082221e-05, 4.54591063317e-05, 4.57379646832e-05, 2.63101646851e-05, 1.91848830582e-05, 1.35217760544e-05, 1.00589049907e-05, 4.11386054111e-06, 2.33303535424e-06, 1.38577638609e-06, 8.51867298479e-07, 5.15456918038e-07, 4.93533889312e-07, 3.35551845865e-07, 3.5755900285e-07, 3.10698453632e-07, 2.43551482981e-07, 2.00816970164e-07, 1.99952353341e-07, 2.07788104944e-07, 1.32681734044e-07, 6.2054475336e-08, 2.95012529961e-08, 8.28919777263e-09, 3.77857212186e-09, 2.75338196687e-09, 2.93457702583e-09, 3.11467918124e-09, 2.58997023828e-09, 3.083