{"tonal": {"thpcp": [1, 0.884085297585, 0.325235813856, 0.134348839521, 0.119244024158, 0.201602727175, 0.572105050087, 0.702805757523, 0.444982081652, 0.596228301525, 0.707842350006, 0.401687443256, 0.242130801082, 0.224825590849, 0.258391022682, 0.586487472057, 0.690536558628, 0.365587115288, 0.219065308571, 0.211986541748, 0.270462572575, 0.641609609127, 0.76532715559, 0.437570601702, 0.320015370846, 0.313730746508, 0.225850299001, 0.231244713068, 0.242083474994, 0.248140707612, 0.571906924248, 0.680837273598, 0.343971699476, 0.201598346233, 0.192412078381, 0.44718503952], "hpcp": {"dmean2": [0.188151627779, 0.168524101377, 0.164928823709, 0.210663676262, 0.211464837193, 0.178446978331, 0.154392883182, 0.155198946595, 0.184645682573, 0.275334596634, 0.296326309443, 0.238924771547, 0.169190853834, 0.148524999619, 0.131465792656, 0.132027819753, 0.132186129689, 0.139227613807, 0.216598451138, 0.234400004148, 0.163228437304, 0.12433757633, 0.119757249951, 0.203864738345, 0.331045031548, 0.267559766769, 0.155592828989, 0.0929658412933, 0.0931057408452, 0.136187806726, 0.231705978513, 0.264291793108, 0.256183922291, 0.266561299562, 0.260593116283, 0.21870470047], "median": [0.0301192961633, 0.0280475337058, 0.0427314639091, 0.0881554856896, 0.0906720757484, 0.0582290366292, 0.0298311449587, 0.0270229056478, 0.0469016842544, 0.126515761018, 0.151664510369, 0.0864613875747, 0.0355953015387, 0.0295344144106, 0.032154224813, 0.0394997745752, 0.0401727743447, 0.0457270257175, 0.0994622856379, 0.112963482738, 0.0662906840444, 0.0254128556699, 0.0238946471363, 0.090554125607, 0.235769942403, 0.204112783074, 0.0565385259688, 0.0172749087214, 0.0136022660881, 0.0304014012218, 0.0916244015098, 0.114523388445, 0.0897889956832, 0.0927970334888, 0.0930951237679, 0.0582297369838], "min": [0, 0, 0, 0, 0, 0, 0, 0, 0, 0, 0, 0, 0, 0, 0, 0, 0, 0, 0, 0, 0, 0, 0, 0, 0, 0, 0, 0, 0, 0, 0, 0, 0, 0, 0, 0], "dvar2": [0.107596121728, 0.0940128713846, 0.0703866928816, 0.0752396956086, 0.0838178396225, 0.0756893977523, 0.0844778269529, 0.0858391299844, 0.0880548432469, 0.122397959232, 0.135613024235, 0.106582328677, 0.0758665576577, 0.0691514015198, 0.0579179003835, 0.054982509464, 0.0540334098041, 0.0495612360537, 0.0822209045291, 0.090818837285, 0.0590555407107, 0.0547427684069, 0.0503399670124, 0.0709197893739, 0.140459731221, 0.0943758189678, 0.0571304187179, 0.0349865369499, 0.0434596277773, 0.0578274056315, 0.0953213274479, 0.112290412188, 0.111485287547, 0.118094168603, 0.117945931852, 0.0990923643112], "dvar": [0.0382009409368, 0.0326815024018, 0.0251012612134, 0.0297891329974, 0.0355693772435, 0.0273030735552, 0.029533976689, 0.0297815483063, 0.0308811701834, 0.0447960421443, 0.0508123040199, 0.0377435609698, 0.0290386732668, 0.0281702037901, 0.02105945535, 0.0205016843975, 0.0202027335763, 0.0181064121425, 0.0327005572617, 0.0395327210426, 0.0215332116932, 0.0202485509217, 0.0192005243152, 0.0271215867251, 0.0585663579404, 0.040958609432, 0.0219110939652, 0.0129440771416, 0.0156510137022, 0.0208607725799, 0.0368847958744, 0.0454227589071, 0.0396187864244, 0.0435709096491, 0.047164041549, 0.0355469733477], "dmean": [0.103164106607, 0.0929435417056, 0.0920458436012, 0.125287279487, 0.125356256962, 0.103921219707, 0.0860470384359, 0.0861045345664, 0.103268317878, 0.161218747497, 0.174127265811, 0.136571645737, 0.0995962098241, 0.0877896547318, 0.0755502805114, 0.0759195759892, 0.0767786949873, 0.0790582001209, 0.128486260772, 0.141198530793, 0.0952564328909, 0.0712953284383, 0.0685861855745, 0.116957448423, 0.193708643317, 0.160212039948, 0.0914920866489, 0.0530277900398, 0.0518043227494, 0.0769609585404, 0.138308078051, 0.155723810196, 0.145700529218, 0.154966205359, 0.152745723724, 0.124176561832], "max": [1, 1, 1, 1, 1, 1, 1, 1, 1, 1, 1, 1, 1, 1, 1, 1, 1, 1, 1, 1, 1, 1, 1, 1, 1, 1, 1, 1, 1, 1, 1, 1, 1, 1, 1, 1], "var": [0.0292692538351, 0.0255782678723, 0.0239776391536, 0.0765640065074, 0.110793836415, 0.0325217656791, 0.0241383817047, 0.0228528529406, 0.025020359084, 0.0737355872989, 0.0975300818682, 0.0387016423047, 0.040029861033, 0.0470691919327, 0.0208001360297, 0.0201380010694, 0.0218842681497, 0.0182261243463, 0.0663020983338, 0.0948813036084, 0.0259792208672, 0.0198759902269, 0.0193904861808, 0.0362781360745, 0.126329287887, 0.104714736342, 0.0268500577658, 0.0106846652925, 0.0112262917683, 0.0174551568925, 0.0701652765274, 0.0986092239618, 0.0396883897483, 0.0730621963739, 0.111936792731, 0.0411599501967], "mean": [0.0906717330217, 0.0841913744807, 0.0967607647181, 0.219624400139, 0.25858810544, 0.136902928352, 0.0820342972875, 0.0793834850192, 0.101281248033, 0.240266233683, 0.286595255136, 0.163858890533, 0.119837485254, 0.117484055459, 0.0845751017332, 0.0865951701999, 0.0906540080905, 0.0929222851992, 0.214164376259, 0.254955977201, 0.128808513284, 0.0754933729768, 0.0720533505082, 0.167459249496, 0.374474167824, 0.331067115068, 0.121792413294, 0.0503101721406, 0.0446538068354, 0.0754950121045, 0.21423856914, 0.263182610273, 0.16663429141, 0.223272100091, 0.265068680048, 0.150421574712]}, "tuning_equal_tempered_deviation": 0.197966977954, "chords_changes_rate": 0.0468048714101, "key_key": "F", "tuning_diatonic_strength": 0.549540817738, "key_scale": "minor", "chords_number_rate": 0.00192348787095, "tuning_frequency": 434.193115234, "tuning_nontempered_energy_ratio": 0.928508996964, "chords_histogram": [27.5699939728, 7.86492824554, 13.998717308, 18.871553421, 0, 1.90211582184, 0, 1.30369734764, 0, 7.75806808472, 0, 0, 0, 0, 0, 0.726651012897, 0, 0, 0, 0, 0.769395172596, 0, 6.79632377625, 12.4385557175], "key_strength": 0.634694635868, "chords_key": "F", "chords_strength": {"dmean2": 0.00958081334829, "median": 0.562302947044, "min": -1, "dvar2": 0.000878446502611, "dvar": 0.000475126580568, "dmean": 0.0107649452984, "max": 0.812939286232, "var": 0.0266195517033, "mean": 0.543949127197}, "chords_scale": "minor", "hpcp_entropy": {"dmean2": 1.12270331383, "median": 1.95620036125, "min": 0, "dvar2": 0.853299915791, "dvar": 0.314438343048, "dmean": 0.669163644314, "max": 4.57283782959, "var": 0.671494781971, "mean": 1.90580356121}}, "metadata": {"audio_properties": {"equal_loudness": 0, "codec": "flac", "downmix": "mix", "analysis_sample_rate": 44100, "bit_rate": 0, "md5_encoded": "b9fe81d232a266029839caa54f0d196e", "length": 217.240005493, "replay_gain": -13.1020507812, "lossless": true}, "version": {"essentia_build_sha": "ed039d7e5a6e3dec64cf0be7c36ef885fb432306", "essentia": "2.1-beta1", "extractor": "music 1.0", "essentia_git_sha": "v2.1_beta1-7-ge0e83e8"}, "tags": {"title": ["Se tu vuoi"], "barcode": ["685738600823"], "media": ["CD"], "albumartist": ["Highland"], "language": ["ita"], "releasetype": ["album"], "musicbrainz_recordingid": ["027223cf-7419-4f86-8b97-a26d0d74881b"], "artistsort": ["Highland"], "musicbrainz_albumartistid": ["fb1dc7c7-8bcc-4024-8f78-c0d828d7408e"], "replaygain_track_gain": ["-8.94 dB"], "replaygain_album_peak": ["0.999115"], "isrc": ["DEA610060611"], "date": ["2000-11-27"], "disctotal": ["1"], "asin": ["B0000525MU"], "musicbrainz_albumid": ["30694d46-c411-459c-8806-2bf40ce49d8a"], "composer": ["Hartmut Krech", "Mark Dollar", "Mike Michaels", "Mark Nissen"], "artist": ["Highland"], "label": ["Triple M"], "musicbrainz_artistid": ["fb1dc7c7-8bcc-4024-8f78-c0d828d7408e"], "totaltracks": ["12"], "tracktotal": ["12"], "replaygain_track_peak": ["0.999115"], "musicbrainz_workid": ["2985ef70-a097-349d-b1a5-f359e2f15802"], "originalyear": ["2000"], "lyricist": ["Patrice Gansao", "Hartmut Krech", "Mark Dollar", "Mike Michaels", "Dean Burke", "Mark Nissen", "Antonio Berardi"], "work": ["Se tu vuoi"], "discnumber": ["1"], "album": ["Bella stella"], "catalognumber": ["8573-86008-2"], "releasecountry": ["DE"], "genre": ["Gothic"], "replaygain_album_gain": ["-8.32 dB"], "artists": ["Highland"], "file_name": "04 Se tu vuoi.flac", "acoustid_id": ["b8f3b892-ec81-4710-8540-eb91f36c28fa"], "script": ["Latn"], "originaldate": ["2000-11-27"], "grouping": ["Dance"], "musicbrainz_releasetrackid": ["098dd017-e8d2-3989-81dd-cb06ff534651"], "tracknumber": ["4"], "musicbrainz_releasegroupid": ["14554d38-7455-3036-9ad7-3bcbb5de6957"], "composersort": ["Krech, Hartmut", "Dollar, Mark", "Michaels, Mike", "Nissen, Mark"], "albumartistsort": ["Highland"], "totaldiscs": ["1"], "releasestatus": ["official"]}}, "rhythm": {"bpm_histogram_first_peak_bpm": {"dmean2": 0, "median": 92, "min": 92, "dvar2": 0, "dvar": 0, "dmean": 0, "max": 92, "var": 0, "mean": 92}, "bpm": 91.4076004028, "bpm_histogram_second_peak_spread": {"dmean2": 0, "median": 0, "min": 0, "dvar2": 0, "dvar": 0, "dmean": 0, "max": 0, "var": 0, "mean": 0}, "bpm_histogram_first_peak_weight": {"dmean2": 0, "median": 0.825214922428, "min": 0.825214922428, "dvar2": 0, "dvar": 0, "dmean": 0, "max": 0.825214922428, "var": 0, "mean": 0.825214922428}, "onset_rate": 3.74210309982, "beats_position": [0.673378646374, 1.35836732388, 2.04335594177, 2.72834467888, 3.41333317757, 4.1099319458, 4.79492044449, 5.47990942001, 6.17650794983, 6.87310647964, 7.5464849472, 8.20825386047, 8.87002277374, 9.53179073334, 10.1935596466, 10.8553285599, 11.5170974731, 12.1672563553, 12.8174142838, 13.4675731659, 14.1293420792, 14.7911109924, 15.4412698746, 16.0914287567, 16.7415866852, 17.4033565521, 18.0651245117, 18.7152824402, 19.365442276, 20.0156002045, 20.6773700714, 21.339138031, 21.9892959595, 22.6394557953, 23.3012237549, 23.9629936218, 24.6131515503, 25.2633094788, 25.9134693146, 26.5868473053, 27.2370071411, 27.8871650696, 28.537322998, 29.199092865, 29.8608608246, 30.5110206604, 31.1611785889, 31.8229465485, 32.4847145081, 33.1348762512, 33.7850341797, 34.4468002319, 35.1085700989, 35.7587280273, 36.4088897705, 37.0706558228, 37.7324256897, 38.3825836182, 39.0327415466, 39.6829032898, 40.3330612183, 40.9948310852, 41.6565971375, 42.3067550659, 42.9685249329, 43.6302947998, 44.2804527283, 44.9306106567, 45.5923805237, 46.2541503906, 46.9043083191, 47.5660743713, 48.2278442383, 48.8780021667, 49.5281639099, 50.1783218384, 50.8284797668, 51.4902496338, 52.152015686, 52.813785553, 53.4755554199, 54.1257133484, 54.7758712769, 55.4260292053, 56.0761909485, 56.7379570007, 57.3997268677, 58.0498847961, 58.7000427246, 59.3618125916, 60.0235824585, 60.673740387, 61.3238983154, 61.9856681824, 62.6474380493, 63.2975959778, 63.9477539062, 64.6095199585, 65.2712936401, 65.9214477539, 66.5716094971, 67.2333755493, 67.895149231, 68.5453033447, 69.1954650879, 69.8572311401, 70.5189971924, 71.1691589355, 71.8193206787, 72.4694747925, 73.1428527832, 73.7930145264, 74.4431762695, 75.0933303833, 75.766708374, 76.4168701172, 77.0670318604, 77.7171859741, 78.3905639648, 79.040725708, 79.6908798218, 80.3410415649, 81.0028076172, 81.6645812988, 82.3147354126, 82.9648971558, 83.626663208, 84.2884368896, 84.9385910034, 85.5887527466, 86.2505187988, 86.9122848511, 87.5624465942, 88.2126083374, 88.8743743896, 89.5361404419, 90.1979141235, 90.8480682373, 91.4982299805, 92.1599960327, 92.8101577759, 93.460319519, 94.1104736328, 94.7722396851, 95.4340133667, 96.0841674805, 96.7343292236, 97.3960952759, 98.0578689575, 98.7080230713, 99.3581848145, 100.019950867, 100.681724548, 101.331878662, 101.982040405, 102.643806458, 103.305580139, 103.955734253, 104.605895996, 105.25605011, 105.917823792, 106.579589844, 107.229751587, 107.879905701, 108.541679382, 109.203445435, 109.853607178, 110.503761292, 111.165527344, 111.827301025, 112.489067078, 113.139228821, 113.789382935, 114.439544678, 115.10131073, 115.751472473, 116.424850464, 117.075012207, 117.725166321, 118.375328064, 119.037094116, 119.698867798, 120.349021912, 120.999183655, 121.649337769, 122.31111145, 122.972877502, 123.623039246, 124.284805298, 124.94657135, 125.596733093, 126.246894836, 126.89704895, 127.558815002, 128.220581055, 128.870742798, 129.520904541, 130.182678223, 130.844436646, 131.494598389, 132.144760132, 132.806533813, 133.468292236, 134.118453979, 134.768615723, 135.430389404, 136.092147827, 136.74230957, 137.392471313, 138.054244995, 138.716003418, 139.366165161, 140.016326904, 140.678085327, 141.339859009, 141.990020752, 142.640182495, 143.290344238, 143.952102661, 144.602264404, 145.264038086, 145.914199829, 146.575958252, 147.237731934, 147.887893677, 148.538040161, 149.199813843, 149.861587524, 150.511749268, 151.161895752, 151.823669434, 152.473831177, 153.135604858, 153.785751343, 154.447525024, 155.109298706, 155.759460449, 156.409606934, 157.071380615, 157.733154297, 158.383300781, 159.033462524, 159.683624268, 160.345397949, 161.007156372, 161.657318115, 162.307479858, 162.96925354, 163.631011963, 164.281173706, 164.931335449, 165.581497192, 166.243255615, 166.905029297, 167.55519104, 168.216964722, 168.878723145, 169.528884888, 170.179046631, 170.840820312, 171.502578735, 172.152740479, 172.802902222, 173.453063965, 174.114822388, 174.776596069, 175.426757812, 176.088516235, 176.750289917, 177.40045166, 178.050613403, 178.700775146, 179.362533569, 180.024307251, 180.674468994, 181.324615479, 181.98638916, 182.648162842, 183.298324585, 183.960083008, 184.621856689, 185.272018433, 185.922180176, 186.57232666, 187.222488403, 187.884262085, 188.546035767, 189.196182251, 189.846343994, 190.508117676, 191.169876099, 191.820037842, 192.470199585, 193.131973267, 193.793731689, 194.443893433, 195.094055176, 195.755828857, 196.41758728, 197.067749023, 197.717910767, 198.379684448, 199.041442871, 199.691604614, 200.364990234, 200.899047852, 201.433105469, 201.967163086, 202.315460205, 202.640533447, 202.965621948, 203.29069519, 203.615783691, 203.940856934, 204.277542114, 204.614242554, 204.939315796, 205.264389038, 205.601089478, 205.937774658, 206.2628479, 206.59954834, 206.924621582, 207.261306763, 207.598007202, 207.934692383, 208.282989502, 208.631286621, 208.97958374, 209.327880859, 209.65296936, 209.989654541, 210.326339722, 210.663040161, 210.999725342, 211.336410522, 211.673095703, 212.021408081, 212.358093262, 212.694778442, 213.043075562, 213.391372681, 213.739685059, 214.111190796, 214.49432373, 214.877456665, 215.2605896, 215.666931152, 216.073287964, 216.479629517], "beats_loudness": {"dmean2": 0.0239629857242, "median": 0.036255761981, "min": 0, "dvar2": 0.000489559432026, "dvar": 0.000157715126988, "dmean": 0.0153905171901, "max": 0.0992977619171, "var": 0.000369819725165, "mean": 0.0355214849114}, "danceability": 1.17447113991, "bpm_histogram_second_peak_weight": {"dmean2": 0, "median": 0.0458452738822, "min": 0.0458452738822, "dvar2": 0, "dvar": 0, "dmean": 0, "max": 0.0458452738822, "var": 0, "mean": 0.0458452738822}, "beats_count": 350, "bpm_histogram_second_peak_bpm": {"dmean2": 0, "median": 178, "min": 178, "dvar2": 0, "dvar": 0, "dmean": 0, "max": 178, "var": 0, "mean": 178}, "bpm_histogram_first_peak_spread": {"dmean2": 0, "median": 0.0431893505156, "min": 0.0431893505156, "dvar2": 0, "dvar": 0, "dmean": 0, "max": 0.0431893505156, "var": 0, "mean": 0.0431893505156}, "beats_loudness_band_ratio": {"dmean2": [0.501258552074, 0.266132175922, 0.212423801422, 0.20504155755, 0.126422807574, 0.218455299735], "median": [0.0885268300772, 0.139479398727, 0.168319419026, 0.160195812583, 0.0997063666582, 0.138013839722], "min": [0, 0, 0, 0, 0, 0], "dvar2": [0.143890231848, 0.0460798814893, 0.030218841508, 0.0342295020819, 0.0124512976035, 0.0297219306231], "dvar": [0.0595659390092, 0.0140635287389, 0.011184961535, 0.0123412190005, 0.00444118259475, 0.00888122804463], "dmean": [0.272485643625, 0.147585809231, 0.125288665295, 0.119878858328, 0.0751518458128, 0.117313034832], "max": [0.862367928028, 0.771701395512, 0.672359645367, 0.86789304018, 0.502669155598, 0.54088550806], "var": [0.0604125149548, 0.0194837208837, 0.0161993801594, 0.0234834179282, 0.00647182669491, 0.0114848995581], "mean": [0.220437407494, 0.170179218054, 0.191961675882, 0.193223968148, 0.11322017014, 0.156054139137]}}, "lowlevel": {"barkbands_spread": {"dmean2": 10.986117363, "median": 29.5660743713, "min": 2.69445896149, "dvar2": 152.258361816, "dvar": 74.0321731567, "dmean": 7.41020584106, "max": 129.04675293, "var": 289.240905762, "mean": 32.7827262878}, "melbands_spread": {"dmean2": 14.3211431503, "median": 32.9940605164, "min": 1.85695791245, "dvar2": 290.670196533, "dvar": 133.704177856, "dmean": 9.33720493317, "max": 290.798217773, "var": 489.006561279, "mean": 36.6725234985}, "hfc": {"dmean2": 16.9317760468, "median": 29.1865272522, "min": 1.0741002458e-16, "dvar2": 589.148864746, "dvar": 267.267883301, "dmean": 11.7774705887, "max": 206.152053833, "var": 749.926330566, "mean": 35.3165779114}, "barkbands_kurtosis": {"dmean2": 1.82979309559, "median": 0.0203862991184, "min": -1.86990082264, "dvar2": 11.3321876526, "dvar": 4.86321115494, "dmean": 1.16636967659, "max": 64.8386764526, "var": 9.91396045685, "mean": 0.822913467884}, "gfcc": {"mean": [19.0573406219, 54.3299751282, -123.6457901, 20.3164081573, -64.6351852417, 9.46658229828, -37.3785972595, 13.8492155075, -24.5016040802, 1.35057795048, -9.86413097382, 3.6800122261, -8.26254177094], "icov": [[0.00010519882926, -6.45821419312e-05, 0.000223726980039, -0.000204424897674, 0.000204548414331, -0.000431348220445, 0.000334496289724, -0.000364571111277, 0.000308731541736, -0.00030434053042, 0.000382061116397, -0.000318143516779, 0.000315580255119], [-6.45821419312e-05, 0.00176000979263, 0.000508215161972, -0.00106668460649, -0.000659871206153, 0.000931792485062, -0.00136548886076, 0.000402440491598, -0.000378441734938, 0.00147832452785, -0.00172542594373, 0.000713056244422, -0.000171810213942], [0.000223726980039, 0.000508215161972, 0.00217935629189, -0.000953766750172, -0.000575111364014, -0.00137095130049, 0.00043251021998, -0.00101634848397, 0.00084972725017, -0.000573960423935, 0.000766140874475, -0.00149616342969, 0.00110392051283], [-0.000204424897674, -0.00106668460649, -0.000953766750172, 0.00502323452383, -0.00154605472926, -0.000783399911597, 0.000680008903146, 6.91432505846e-05, -0.00141795375384, 4.46004887635e-05, 0.000637939025182, 7.0336383942e-05, -0.00177798664663], [0.000204548414331, -0.000659871206153, -0.000575111364014, -0.00154605472926, 0.00626817066222, -0.00169766554609, -0.000930256559514, -0.000217415028601, -0.00156285229605, -0.00139195052907, 0.00102395447902, 0.000821571098641, 0.000182530973689], [-0.000431348220445, 0.000931792485062, -0.00137095130049, -0.000783399911597, -0.00169766554609, 0.00914492178708, -0.00448627397418, 0.000325813540258, 0.000550101220142, -0.00185888737906, 0.000481997965835, 0.0015158073511, -0.000625165761448], [0.000334496289724, -0.00136548886076, 0.00043251021998, 0.000680008903146, -0.000930256559514, -0.00448627397418, 0.00853413715959, -0.00244207424112, 0.000306964793708, 0.0009784308495, -0.000934613461141, -0.00236560031772, 0.00200748606585], [-0.000364571111277, 0.000402440491598, -0.00101634848397, 6.91432505846e-05, -0.000217415028601, 0.000325813540258, -0.00244207424112, 0.00972287449986, -0.00395541870967, 0.00248249643482, -0.00379572832026, 0.00138150469866, -0.000434945133748], [0.000308731541736, -0.000378441734938, 0.00084972725017, -0.00141795375384, -0.00156285229605, 0.000550101220142, 0.000306964793708, -0.00395541870967, 0.0133215356618, -0.0068522435613, 0.00281496206298, -0.000232313002925, -0.00112109759357], [-0.00030434053042, 0.00147832452785, -0.000573960423935, 4.46004887635e-05, -0.00139195052907, -0.00185888737906, 0.0009784308495, 0.00248249643482, -0.0068522435613, 0.0183942876756, -0.00587646802887, -0.00213291938417, 0.00147639738861], [0.000382061116397, -0.00172542594373, 0.000766140874475, 0.000637939025182, 0.00102395447902, 0.000481997965835, -0.000934613461141, -0.00379572832026, 0.00281496206298, -0.00587646802887, 0.0138003872707, -0.00483258999884, 0.000254691723967], [-0.000318143516779, 0.000713056244422, -0.00149616342969, 7.0336383942e-05, 0.000821571098641, 0.0015158073511, -0.00236560031772, 0.00138150469866, -0.000232313002925, -0.00213291938417, -0.00483258999884, 0.0188143979758, -0.00657818559557], [0.000315580255119, -0.000171810213942, 0.00110392051283, -0.00177798664663, 0.000182530973689, -0.000625165761448, 0.00200748606585, -0.000434945133748, -0.00112109759357, 0.00147639738861, 0.000254691723967, -0.00657818559557, 0.0175346583128]], "cov": [[22791.9511719, -177.126449585, -1225.16088867, 549.471374512, -618.312805176, 590.694946289, -604.958862305, 216.77281189, -263.288024902, 144.651092529, -443.914550781, 10.8528118134, -195.44694519], [-177.126449585, 1243.26574707, -259.097473145, 237.261901855, 183.355575562, -23.4435577393, 240.900115967, 79.4772567749, 63.9939193726, -55.9961090088, 148.116638184, -10.2216377258, 30.2068824768], [-1225.16088867, -259.097473145, 1061.81237793, 232.411010742, 306.008026123, 277.182617188, 142.706771851, 100.267822266, 81.1385116577, 92.6715087891, -23.4129104614, 47.700969696, -15.3045740128], [549.471374512, 237.261901855, 232.411010742, 433.525543213, 227.798126221, 161.01272583, 89.4084091187, 76.1083755493, 93.8892059326, 46.0482788086, -9.80747413635, 11.9882144928, 23.5493202209], [-618.312805176, 183.355575562, 306.008026123, 227.798126221, 396.146331787, 175.143478394, 168.76184082, 80.3164215088, 110.571434021, 57.2932472229, 13.3085079193, 2.91055321693, 4.69381380081], [590.694946289, -23.4435577393, 277.182617188, 161.01272583, 175.143478394, 302.008209229, 142.15045166, 75.5481414795, 45.5709228516, 60.7776679993, -14.5195531845, 11.0399312973, -15.2920064926], [-604.958862305, 240.900115967, 142.706771851, 89.4084091187, 168.76184082, 142.15045166, 296.136810303, 94.4819488525, 50.6761665344, 16.9109096527, 67.6521377563, 20.8604335785, -6.25968694687], [216.77281189, 79.4772567749, 100.267822266, 76.1083755493, 80.3164215088, 75.5481414795, 94.4819488525, 172.864303589, 56.6801223755, 21.3591785431, 41.767791748, 11.4829359055, -0.862793982029], [-263.288024902, 63.9939193726, 81.1385116577, 93.8892059326, 110.571434021, 45.5709228516, 50.6761665344, 56.6801223755, 139.611755371, 50.9659843445, 11.4672355652, 8.04594612122, 13.3423633575], [144.651092529, -55.9961090088, 92.6715087891, 46.0482788086, 57.2932472229, 60.7776679993, 16.9109096527, 21.3591785431, 50.9659843445, 99.4223098755, 22.0443172455, 22.0250759125, -1.32292151451], [-443.914550781, 148.116638184, -23.4129104614, -9.80747413635, 13.3085079193, -14.5195531845, 67.6521377563, 41.767791748, 11.4672355652, 22.0443172455, 139.239639282, 33.7020072937, 12.0527744293], [10.8528118134, -10.2216377258, 47.700969696, 11.9882144928, 2.91055321693, 11.0399312973, 20.8604335785, 11.4829359055, 8.04594612122, 22.0250759125, 33.7020072937, 77.7016448975, 23.4973716736], [-195.44694519, 30.2068824768, -15.3045740128, 23.5493202209, 4.69381380081, -15.2920064926, -6.25968694687, -0.862793982029, 13.3423633575, -1.32292151451, 12.0527744293, 23.4973716736, 73.9005126953]]}, "spectral_energyband_middle_low": {"dmean2": 0.00597018282861, "median": 0.0073991199024, "min": 1.8384963803e-22, "dvar2": 6.18660778855e-05, "dvar": 2.4511180527e-05, "dmean": 0.00379636348225, "max": 0.048928745091, "var": 5.68752657273e-05, "mean": 0.00945751555264}, "melbands_crest": {"dmean2": 5.11157464981, "median": 11.5259056091, "min": 1.64635705948, "dvar2": 22.3804626465, "dvar": 9.77997398376, "dmean": 3.20634508133, "max": 34.4730873108, "var": 31.4102706909, "mean": 12.7060537338}, "spectral_kurtosis": {"dmean2": 1.59192204475, "median": 3.12064528465, "min": -1.26766252518, "dvar2": 3.35409617424, "dvar": 1.20626223087, "dmean": 1.00570333004, "max": 19.7856845856, "var": 4.08204984665, "mean": 3.31740760803}, "spectral_rms": {"dmean2": 0.000986028113402, "median": 0.00482683768496, "min": 3.10790477555e-12, "dvar2": 9.77972263172e-07, "dvar": 4.66644934249e-07, "dmean": 0.000666749139782, "max": 0.00979604944587, "var": 3.37327378475e-06, "mean": 0.00476048281416}, "zerocrossingrate": {"dmean2": 0.0184477921575, "median": 0.08544921875, "min": 0, "dvar2": 0.000410337292124, "dvar": 0.000360403209925, "dmean": 0.0166490543634, "max": 0.5283203125, "var": 0.00395211856812, "mean": 0.0985273495317}, "silence_rate_60dB": {"dmean2": 0.0200962051749, "median": 0, "min": 0, "dvar2": 0.0241819247603, "dvar": 0.00994608551264, "dmean": 0.0100470287725, "max": 1, "var": 0.0635351538658, "mean": 0.0681842491031}, "erbbands_kurtosis": {"dmean2": 1.11063325405, "median": -0.315294742584, "min": -1.75964188576, "dvar2": 1.89037787914, "dvar": 0.829278290272, "dmean": 0.71322953701, "max": 20.582775116, "var": 2.10887384415, "mean": 0.0575856119394}, "erbbands": {"dmean2": [0.197733089328, 0.757825493813, 1.56188321114, 3.10274553299, 6.71870231628, 7.78614807129, 9.37843132019, 13.3049020767, 22.1999073029, 25.9639072418, 24.2915744781, 28.2262687683, 42.3088378906, 48.4538650513, 47.7291374207, 31.3356132507, 27.1181545258, 32.3242111206, 30.4865283966, 31.2450294495, 30.2411174774, 29.139875412, 27.163684845, 30.1952972412, 19.5545768738, 15.6026878357, 8.44441318512, 8.51883602142, 8.55519390106, 7.70274591446, 7.30329370499, 7.3960943222, 5.52319717407, 4.83913803101, 2.82442617416, 1.68868601322, 0.204179927707, 0.0316870734096, 0.00316119100899, 0.000711260305252], "median": [0.039729654789, 0.16031357646, 0.416234761477, 0.948853909969, 1.72907996178, 2.38217282295, 4.52728223801, 8.57964420319, 12.2669878006, 11.8505430222, 11.3476552963, 13.1916570663, 22.9172077179, 21.2365093231, 23.5190544128, 18.7172279358, 15.3082036972, 16.3799972534, 16.3901977539, 19.4011898041, 20.7322463989, 21.0816898346, 19.8625659943, 23.9154548645, 19.41771698, 16.5070724487, 9.1120634079, 6.26968717575, 5.33657979965, 3.98939347267, 3.80635905266, 3.19139838219, 1.88595104218, 0.758499383926, 0.318570315838, 0.188590452075, 0.0349034890532, 0.00442247651517, 0.000572477001697, 8.00751804491e-05], "min": [8.06359670256e-23, 7.1308694039e-22, 2.1260183583e-21, 4.9666646242e-21, 8.45367761595e-21, 2.54144877794e-20, 4.01310713148e-20, 7.1846361841e-20, 1.27192357467e-19, 8.33096504896e-20, 9.59552193405e-20, 3.00562305275e-19, 5.20018052225e-19, 5.22355768033e-19, 8.91929622567e-19, 1.12871751754e-18, 1.61002889377e-18, 2.06291172671e-18, 2.16196536429e-18, 2.69853860929e-18, 3.28293385384e-18, 4.53795006359e-18, 4.81644895454e-18, 6.79788732002e-18, 8.29562230973e-18, 7.63745372147e-18, 9.47094173541e-18, 1.13582080697e-17, 1.05703847107e-17, 1.20992063886e-17, 1.28566457493e-17, 1.11112135931e-17, 1.004142587e-17, 7.43956151327e-18, 6.03363860847e-18, 4.30010875411e-18, 2.04629408179e-18, 9.43947495773e-19, 2.48583800697e-19, 2.91640942649e-20], "dvar2": [0.252310454845, 3.82043766975, 17.0956935883, 58.637512207, 242.584747314, 270.535064697, 396.114074707, 551.893981934, 1517.14904785, 2359.81176758, 2505.48657227, 3105.50219727, 4589.64990234, 9347.79199219, 8656.73632812, 3028.99658203, 2207.30200195, 3800.43530273, 3022.61474609, 3076.36547852, 2820.38305664, 2592.43432617, 2323.92895508, 2522.5847168, 828.195739746, 489.212127686, 118.169067383, 166.779510498, 256.08694458, 146.789321899, 138.322769165, 252.510070801, 216.915817261, 210.851638794, 40.0045051575, 13.749833107, 0.178339421749, 0.00606819940731, 5.98494407313e-05, 4.15443673774e-06], "dvar": [0.0980319753289, 1.56241714954, 7.55296468735, 23.0712585449, 84.8749389648, 104.351013184, 158.278045654, 238.263275146, 604.461364746, 979.987060547, 1038.38525391, 1387.14428711, 2136.32788086, 4432.35205078, 3980.66137695, 1433.84143066, 919.476257324, 1657.6809082, 1359.42114258, 1313.22717285, 1200.9107666, 1078.39819336, 986.576416016, 1013.83966064, 352.433166504, 193.148406982, 50.9507637024, 71.4380722046, 107.502662659, 67.4989624023, 69.0533981323, 105.261032104, 95.0251312256, 95.3714752197, 15.9982786179, 5.39127397537, 0.0760866850615, 0.00266677327454, 2.83391091216e-05, 1.58888951773e-06], "dmean": [0.12482611835, 0.520008385181, 1.04366111755, 1.89935493469, 3.8317027092, 4.58230304718, 5.83186292648, 8.58662891388, 14.2863721848, 16.5803070068, 15.0308942795, 17.8258361816, 27.5840854645, 32.0147094727, 31.0046157837, 20.0257167816, 16.9305839539, 20.3706626892, 19.4977359772, 19.8367156982, 19.2671012878, 18.4136943817, 17.0617046356, 18.6669635773, 12.6535739899, 9.97231769562, 5.4687833786, 5.55627202988, 5.48986577988, 5.06482744217, 5.12206459045, 4.83962249756, 3.71966433525, 3.34716629982, 1.80130064487, 1.05190420151, 0.137604355812, 0.021044133231, 0.00212866836227, 0.000431445077993], "max": [2.89893889427, 13.7579307556, 27.3559875488, 52.0941925049, 104.698738098, 139.148101807, 202.038040161, 311.459960938, 431.586273193, 758.243408203, 599.498657227, 728.201171875, 759.316589355, 1686.08337402, 1509.35351562, 1134.76367188, 511.657562256, 946.407409668, 649.913452148, 1635.23657227, 734.528015137, 916.388305664, 715.851806641, 730.036376953, 525.116149902, 275.03036499, 134.204879761, 175.6277771, 214.537567139, 168.910919189, 169.714569092, 213.985641479, 316.514526367, 259.578460693, 78.0992355347, 19.6385192871, 3.88524603844, 0.981861710548, 0.108375869691, 0.0111908046529], "var": [0.147853642702, 3.33844041824, 9.76866722107, 21.9099178314, 67.5142440796, 100.24407959, 253.683822632, 623.167419434, 1668.23266602, 2533.43823242, 1414.59094238, 3374.92822266, 5365.15478516, 18877.2714844, 11492.0166016, 3567.1862793, 1796.92834473, 3283.19018555, 2665.31054688, 2782.42431641, 2560.95214844, 2478.29638672, 2199.93798828, 1838.87719727, 786.19342041, 468.972625732, 146.776748657, 160.42250061, 217.853622437, 137.554504395, 159.838668823, 176.685546875, 176.541122437, 203.010940552, 23.5505123138, 5.17061376572, 0.116921037436, 0.00409635901451, 4.57628739241e-05, 1.24950270219e-06], "mean": [0.190195977688, 0.877977907658, 1.45376265049, 2.35406470299, 4.22894906998, 5.41424274445, 9.58079051971, 17.0328121185, 28.1001186371, 29.640996933, 22.5564517975, 30.5554733276, 48.570022583, 65.9764938354, 56.7071113586, 36.0667800903, 28.9338531494, 33.4753341675, 32.6645469666, 34.2595672607, 35.7830581665, 35.5685195923, 33.476348877, 35.4995193481, 26.7735939026, 22.1551647186, 12.5087022781, 11.0129728317, 11.0470428467, 8.86805343628, 9.49614715576, 8.30441474915, 6.28983068466, 5.11830568314, 2.32751393318, 1.11208510399, 0.185740873218, 0.0282432474196, 0.00294489460066, 0.000419493677327]}, "spectral_strongpeak": {"dmean2": 1.17667293549, "median": 0.668865203857, "min": 0, "dvar2": 3.36915755272, "dvar": 1.35659992695, "dmean": 0.700784623623, "max": 16.1809158325, "var": 2.38508725166, "mean": 1.30003225803}, "spectral_energy": {"dmean2": 0.0110433390364, "median": 0.023880822584, "min": 9.90054898545e-21, "dvar2": 0.000165049845236, "dvar": 7.01814060449e-05, "dmean": 0.00729391165078, "max": 0.0983616486192, "var": 0.000307012785925, "mean": 0.0266863573343}, "average_loudness": 0.887112975121, "spectral_rolloff": {"dmean2": 1485.04980469, "median": 2153.3203125, "min": 64.599609375, "dvar2": 4540724.5, "dvar": 2077556.375, "dmean": 925.755126953, "max": 19702.8808594, "var": 7197299.5, "mean": 2828.73608398}, "spectral_centroid": {"dmean2": 395.988342285, "median": 1857.3996582, "min": 322.089477539, "dvar2": 163830.421875, "dvar": 73738.734375, "dmean": 256.593933105, "max": 11714.6533203, "var": 1098838.875, "mean": 1940.93395996}, "pitch_salience": {"dmean2": 0.100812420249, "median": 0.581484377384, "min": 0.139379218221, "dvar2": 0.00794562697411, "dvar": 0.00349486246705, "dmean": 0.0647125244141, "max": 0.902954757214, "var": 0.0124397100881, "mean": 0.570470094681}, "spectral_energyband_middle_high": {"dmean2": 0.0038937444333, "median": 0.00745187932625, "min": 1.10620028559e-21, "dvar2": 1.91848394024e-05, "dvar": 9.21961600397e-06, "dmean": 0.00271050282754, "max": 0.0564244613051, "var": 4.8498633987e-05, "mean": 0.00881049130112}, "spectral_contrast_coeffs": {"dmean2": [0.0822610929608, 0.0774221867323, 0.06632591784, 0.0554412566125, 0.0372700057924, 0.0285332594067], "median": [-0.67802709341, -0.729945003986, -0.749682784081, -0.767804265022, -0.778694093227, -0.775191307068], "min": [-0.979012548923, -0.975614130497, -0.978530049324, -0.982296586037, -0.96954280138, -0.966572701931], "dvar2": [0.00515063572675, 0.00384713057429, 0.00268948520534, 0.00200335984118, 0.000905361841433, 0.000649235211313], "dvar": [0.00221814936958, 0.00147906749044, 0.00110773893539, 0.000800684909336, 0.000384314946132, 0.000290435506031], "dmean": [0.0515073910356, 0.047640312463, 0.0417558066547, 0.034434851259, 0.0233403816819, 0.0180309955031], "max": [-0.207518652081, -0.446732908487, -0.408512473106, -0.56585842371, -0.543529629707, -0.567258059978], "var": [0.0107605289668, 0.00553968176246, 0.00545897288248, 0.00304988003336, 0.00238854670897, 0.00162644241937], "mean": [-0.666114330292, -0.725928425789, -0.744085431099, -0.766433954239, -0.774555504322, -0.774833083153]}, "melbands_skewness": {"dmean2": 0.823764503002, "median": 1.76463186741, "min": -0.920943498611, "dvar2": 0.712503194809, "dvar": 0.316761344671, "dmean": 0.542311608791, "max": 12.8679141998, "var": 1.26765334606, "mean": 1.93492007256}, "spectral_spread": {"dmean2": 1041308.25, "median": 4833160, "min": 2045910.375, "dvar2": 2108704948220.0, "dvar": 1089680900100.0, "dmean": 764527, "max": 42504180, "var": 15938669772800.0, "mean": 5695555}, "dissonance": {"dmean2": 0.0281380675733, "median": 0.474868506193, "min": 0.0921719297767, "dvar2": 0.000761983916163, "dvar": 0.000271366967354, "dmean": 0.0165560152382, "max": 0.499999970198, "var": 0.000563964771573, "mean": 0.469405293465}, "spectral_skewness": {"dmean2": 0.246125042439, "median": 1.36209762096, "min": -0.0867043212056, "dvar2": 0.0524688996375, "dvar": 0.0212888773531, "dmean": 0.156236499548, "max": 2.97088813782, "var": 0.102252967656, "mean": 1.35698914528}, "spectral_flux": {"dmean2": 0.031085010618, "median": 0.0835342407227, "min": 6.35545227556e-11, "dvar2": 0.000916294171475, "dvar": 0.000428899482358, "dmean": 0.0199809800833, "max": 0.235000327229, "var": 0.00174674077425, "mean": 0.0868033319712}, "spectral_contrast_valleys": {"dmean2": [0.622684776783, 0.573508143425, 0.48567584157, 0.428451567888, 0.311480939388, 0.43010777235], "median": [-7.29286289215, -6.45349979401, -6.91317033768, -7.28617811203, -6.96538066864, -9.39665126801], "min": [-28.0736083984, -28.0557193756, -27.7421207428, -27.6940364838, -27.5532455444, -27.408821106], "dvar2": [0.389416337013, 0.231822937727, 0.187050938606, 0.167673438787, 0.103097841144, 0.285315006971], "dvar": [0.204304456711, 0.097885325551, 0.0825281366706, 0.081232920289, 0.0621141977608, 0.167280748487], "dmean": [0.394696950912, 0.347764611244, 0.302227646112, 0.277852892876, 0.220484271646, 0.34262573719], "max": [-5.52530860901, -4.72917461395, -4.93287372589, -5.89540433884, -5.6575551033, -7.37324333191], "var": [5.5525803566, 5.04206418991, 4.84454917908, 4.87628269196, 4.92247867584, 4.51757144928], "mean": [-7.88913965225, -6.78790712357, -7.25849199295, -7.66227817535, -7.33842325211, -9.65954685211]}, "erbbands_flatness_db": {"dmean2": 0.0243371110409, "median": 0.135949999094, "min": 0.0391403026879, "dvar2": 0.000551754666958, "dvar": 0.000318405567668, "dmean": 0.0178429987282, "max": 0.375088393688, "var": 0.00221927161328, "mean": 0.140916734934}, "spectral_energyband_high": {"dmean2": 0.00145132956095, "median": 0.00100570707582, "min": 7.09968715857e-21, "dvar2": 5.73864099351e-06, "dvar": 2.63365359388e-06, "dmean": 0.00101342913695, "max": 0.0203021336347, "var": 6.33907438896e-06, "mean": 0.00208872882649}, "spectral_entropy": {"dmean2": 0.195500016212, "median": 7.86726522446, "min": 5.54064178467, "dvar2": 0.0423093959689, "dvar": 0.023207899183, "dmean": 0.143910929561, "max": 9.82145786285, "var": 0.203813746572, "mean": 7.87242221832}, "silence_rate_20dB": {"dmean2": 0, "median": 1, "min": 1, "dvar2": 0, "dvar": 0, "dmean": 0, "max": 1, "var": 0, "mean": 1}, "melbands_flatness_db": {"dmean2": 0.0311713758856, "median": 0.132861554623, "min": 0.00351421977393, "dvar2": 0.000915620941669, "dvar": 0.000430242333096, "dmean": 0.021675484255, "max": 0.383392423391, "var": 0.00280518806539, "mean": 0.139858931303}, "barkbands": {"dmean2": [0.000441814569058, 0.00435037864372, 0.00169549451675, 0.00136756477877, 0.00228824280202, 0.00149981328286, 0.00157003209461, 0.00134024594445, 0.00121880380902, 0.00141884537879, 0.00158615026157, 0.000816357322037, 0.000588519731537, 0.000750348903239, 0.00059829489328, 0.000626520835795, 0.000609666574746, 0.000504151568748, 0.000468523561722, 0.000368221284589, 0.000187619603821, 0.000245766306762, 0.000256051687757, 0.000327615736751, 0.000401248020353, 0.000235022685956, 3.73920120182e-05], "median": [0.000101241312223, 0.001319307019, 0.00032690045191, 0.000295647187158, 0.000753480417188, 0.000993882189505, 0.00080303917639, 0.000460652256152, 0.000523694674484, 0.000729889143258, 0.000599257298745, 0.00042413463234, 0.000269116688287, 0.000288491632091, 0.000254086655332, 0.000330695620505, 0.00037347630132, 0.000353094772436, 0.00042496775859, 0.000376803916879, 0.000164415614563, 0.000146517719259, 0.00013380983728, 0.000134958536364, 5.39473767276e-05, 2.83519857476e-05, 3.66134236174e-06], "min": [8.2542164995e-26, 2.229153088e-24, 1.57690898789e-24, 1.0892340916e-24, 7.0961462081e-24, 6.28036424119e-24, 9.32797254849e-24, 3.05594025617e-24, 1.40200809251e-23, 8.68641011807e-24, 1.69279673722e-23, 2.46777195501e-23, 2.49779063681e-23, 3.98526565529e-23, 4.94639043193e-23, 5.08928122531e-23, 7.40732564502e-23, 4.99143312744e-23, 1.35482707908e-22, 1.64273808542e-22, 2.5772174126e-22, 2.91805656806e-22, 4.33885463314e-22, 5.47475627649e-22, 9.19736690686e-22, 1.25498374372e-21, 2.06323765202e-21], "dvar2": [1.05206675016e-06, 0.000120049589896, 2.26706270041e-05, 1.25544447656e-05, 2.17658380279e-05, 6.47833712719e-06, 6.8002750595e-06, 7.61110140957e-06, 5.20719277119e-06, 5.12833275934e-06, 8.29239070299e-06, 1.98025054488e-06, 1.13900853194e-06, 2.05787409868e-06, 1.30221781092e-06, 1.38100199365e-06, 1.1470182244e-06, 6.58637475226e-07, 4.63788239813e-07, 2.52863571859e-07, 6.50438067851e-08, 1.81680420042e-07, 1.60591980602e-07, 6.01013084633e-07, 1.03292927633e-06, 2.64680096507e-07, 9.73722436015e-09], "dvar": [4.40466067175e-07, 4.66837591375e-05, 9.2800537459e-06, 4.5437072913e-06, 8.08137065178e-06, 2.72804641099e-06, 2.92586105388e-06, 3.10871723741e-06, 2.28795738622e-06, 2.37276253756e-06, 3.98485144615e-06, 9.01527698716e-07, 4.69057994223e-07, 8.95938569556e-07, 5.85108921314e-07, 5.81297513236e-07, 4.83820656427e-07, 2.77173199947e-07, 1.95243785583e-07, 9.97629499011e-08, 2.80316072576e-08, 7.74560291461e-08, 7.97762922389e-08, 2.49432446253e-07, 4.45905726565e-07, 1.04066153028e-07, 3.87674781166e-09], "dmean": [0.000282044115011, 0.00285302056, 0.00106222485192, 0.00079527188791, 0.00134358485229, 0.000962865015026, 0.00101634685416, 0.000824226939585, 0.00076548528159, 0.000926254026126, 0.00104709144216, 0.000516927335411, 0.000364907929907, 0.000472275161883, 0.000378025637474, 0.000394564471208, 0.000382005004212, 0.000313603988616, 0.000294955621939, 0.000235498417169, 0.000122058474517, 0.000159380360856, 0.000177280555363, 0.000218413915718, 0.000271584372967, 0.000148535633343, 2.34310191445e-05], "max": [0.00878231227398, 0.0663871541619, 0.0319151096046, 0.0237050950527, 0.0329563878477, 0.0307057257742, 0.0313483811915, 0.0326488427818, 0.0255125463009, 0.0288968812674, 0.0465295724571, 0.0222601722926, 0.0123236048967, 0.0187382455915, 0.0171457007527, 0.025140369311, 0.0217079296708, 0.0103319212794, 0.00998910237104, 0.00569269014522, 0.00424845563248, 0.0058467509225, 0.00480472808704, 0.0118489582092, 0.0135979289189, 0.00295769120567, 0.000845720700454], "var": [7.87449494055e-07, 9.07075591385e-05, 8.99841779756e-06, 3.62549008059e-06, 7.63713887864e-06, 6.90277602189e-06, 1.04007349364e-05, 5.17795388078e-06, 5.1228294069e-06, 6.16707120571e-06, 1.55010038725e-05, 2.08734354601e-06, 8.11816505575e-07, 1.74906801931e-06, 1.06653