{"tonal": {"thpcp": [1, 0.773688971996, 0.239072754979, 0.17334215343, 0.190839141607, 0.502953767776, 0.79108953476, 0.490643084049, 0.155930623412, 0.116142973304, 0.117172211409, 0.159764528275, 0.244796663523, 0.273683160543, 0.448627322912, 0.651052176952, 0.417598456144, 0.1308349967, 0.0952482447028, 0.134311631322, 0.318094164133, 0.490399092436, 0.327421218157, 0.124517731369, 0.109829716384, 0.15724824369, 0.510750114918, 0.870245039463, 0.573546588421, 0.3046862185, 0.4946205616, 0.407542943954, 0.199574634433, 0.176893442869, 0.167786583304, 0.464045971632], "hpcp": {"dmean2": [0.112659901381, 0.111916147172, 0.180455312133, 0.262394160032, 0.26131528616, 0.142044723034, 0.100302532315, 0.12398647517, 0.172663301229, 0.20480120182, 0.179116860032, 0.115636147559, 0.10284332931, 0.103599525988, 0.11498465389, 0.139605492353, 0.156391069293, 0.17798666656, 0.202619433403, 0.162222474813, 0.096508346498, 0.0746543109417, 0.0959557965398, 0.149269431829, 0.165849804878, 0.142405033112, 0.0899599194527, 0.0789132043719, 0.116273447871, 0.193069279194, 0.225080966949, 0.226384535432, 0.154163613915, 0.151578947902, 0.168748214841, 0.13494759798], "median": [0.00396011257544, 0.00584082631394, 0.037397030741, 0.0892479270697, 0.0714571923018, 0.0139565365389, 0.00300811254419, 0.00393011467531, 0.0129143130034, 0.0272366125137, 0.0229394063354, 0.00567236915231, 0.00196847179905, 0.00204332172871, 0.0057708802633, 0.0103650353849, 0.0129878623411, 0.027945831418, 0.0475182421505, 0.0316541977227, 0.00499315140769, 0.00165625778027, 0.00241212081164, 0.012386135757, 0.0263005271554, 0.0190712008625, 0.0039458470419, 0.00175829138607, 0.00295823207125, 0.0195613000542, 0.040581766516, 0.0329749137163, 0.0109629575163, 0.00471413368359, 0.00397578300908, 0.00424557132646], "min": [0, 0, 0, 0, 0, 0, 0, 0, 0, 0, 0, 0, 0, 0, 0, 0, 0, 0, 0, 0, 0, 0, 0, 0, 0, 0, 0, 0, 0, 0, 0, 0, 0, 0, 0, 0], "dvar2": [0.0685932785273, 0.0542519800365, 0.0849689692259, 0.13605633378, 0.124992981553, 0.0735410153866, 0.059566732496, 0.0733506381512, 0.097593806684, 0.130809977651, 0.0915049761534, 0.078736141324, 0.0716425850987, 0.0796988233924, 0.0812151432037, 0.0907930955291, 0.0947810485959, 0.0951630622149, 0.112124398351, 0.0849240347743, 0.0600633434951, 0.0490422397852, 0.0638203024864, 0.0931254550815, 0.0993132293224, 0.0798062831163, 0.0530075542629, 0.0498726777732, 0.0746892020106, 0.1105645895, 0.149155527353, 0.122953623533, 0.0898148342967, 0.111410193145, 0.116771548986, 0.0851941108704], "dvar": [0.0248382966965, 0.0196010246873, 0.0298680439591, 0.0549388974905, 0.0472492724657, 0.0256594531238, 0.0213873013854, 0.0259647909552, 0.0358962900937, 0.0543182492256, 0.0340571701527, 0.0278085507452, 0.0250487849116, 0.027842791751, 0.0286685712636, 0.0328535474837, 0.0347199849784, 0.0361333824694, 0.0455823801458, 0.0307177230716, 0.0206678081304, 0.0174408480525, 0.0225633978844, 0.0328304208815, 0.0380323342979, 0.0284224580973, 0.0184383224696, 0.0173705834895, 0.0268883965909, 0.03914796561, 0.0600899420679, 0.0465384721756, 0.0318220593035, 0.0434152372181, 0.0429158955812, 0.0298224184662], "dmean": [0.0611398406327, 0.0608543157578, 0.101474910975, 0.149518921971, 0.149890124798, 0.0765760391951, 0.053345516324, 0.0671600624919, 0.0965770035982, 0.113158248365, 0.100202105939, 0.0616483092308, 0.0535684861243, 0.0540288202465, 0.0612130500376, 0.0750838369131, 0.0848424434662, 0.100888483226, 0.116958759725, 0.0925853401423, 0.0519210584462, 0.0393535420299, 0.0516467504203, 0.0830866917968, 0.093014061451, 0.0799819603562, 0.0480387583375, 0.0415192320943, 0.0623143725097, 0.10733962059, 0.124108694494, 0.125828132033, 0.0839238762856, 0.0828908830881, 0.0911681056023, 0.0726895853877], "max": [1, 1, 1, 1, 1, 1, 1, 1, 1, 1, 1, 1, 1, 1, 1, 1, 1, 1, 1, 1, 1, 1, 1, 1, 1, 1, 1, 1, 1, 1, 1, 1, 1, 1, 1, 1], "var": [0.0208213366568, 0.0148349916562, 0.0378794781864, 0.125508889556, 0.0785357877612, 0.021924842149, 0.0259359199554, 0.0214021317661, 0.0653001889586, 0.12963090837, 0.0531675443053, 0.0169001389295, 0.0142854778096, 0.0157752092928, 0.0179928112775, 0.029403263703, 0.0307449921966, 0.0489833280444, 0.0827409029007, 0.0390031784773, 0.0125962160528, 0.0113698095083, 0.0160202123225, 0.0359279997647, 0.0671031177044, 0.0321292877197, 0.0116855166852, 0.0134513815865, 0.0190061181784, 0.0571540519595, 0.133827269077, 0.0615327991545, 0.0318685323, 0.092502400279, 0.0662619993091, 0.0212284438312], "mean": [0.0484284609556, 0.0459352582693, 0.127042770386, 0.273771941662, 0.211814329028, 0.065451413393, 0.0474562197924, 0.0522464029491, 0.137694627047, 0.216578111053, 0.13432431221, 0.0426894277334, 0.0317966863513, 0.0320784635842, 0.0437390469015, 0.0670184567571, 0.0749267712235, 0.122821576893, 0.178239822388, 0.114326737821, 0.0358189530671, 0.0260762963444, 0.0367707572877, 0.0870852544904, 0.134257510304, 0.0896387398243, 0.034089460969, 0.0300682950765, 0.0430501550436, 0.139829054475, 0.238248676062, 0.157020971179, 0.0834145396948, 0.135413229465, 0.111573822796, 0.0546379350126]}, "tuning_equal_tempered_deviation": 0.101491913199, "chords_changes_rate": 0.0569493621588, "key_key": "D#", "tuning_diatonic_strength": 0.619586288929, "key_scale": "major", "chords_number_rate": 0.00153917190619, "tuning_frequency": 439.238189697, "tuning_nontempered_energy_ratio": 0.721766293049, "chords_histogram": [28.7055568695, 5.8642449379, 14.2219486237, 0.215484067798, 4.87917518616, 0.107742033899, 0.646452188492, 0.169308915734, 0.046175159514, 0, 0.692627370358, 0, 0.246267512441, 0.0769585967064, 0, 1.63152229786, 1.10820376873, 0.369401276112, 0, 3.13991069794, 0.569493591785, 5.12544250488, 7.04940748215, 25.134677887], "key_strength": 0.748962104321, "chords_key": "D#", "chords_strength": {"dmean2": 0.00846801418811, "median": 0.483691424131, "min": -1, "dvar2": 0.000617137993686, "dvar": 0.000336003140546, "dmean": 0.00831023324281, "max": 0.752659857273, "var": 0.0116777317598, "mean": 0.481163054705}, "chords_scale": "major", "hpcp_entropy": {"dmean2": 0.941649377346, "median": 1.8560448885, "min": 0, "dvar2": 0.661281049252, "dvar": 0.262376278639, "dmean": 0.568031132221, "max": 4.4882273674, "var": 0.472231775522, "mean": 1.88186168671}}, "metadata": {"audio_properties": {"equal_loudness": 0, "codec": "mp3", "downmix": "mix", "sample_rate": 44100, "analysis_sample_rate": 44100, "bit_rate": 192017, "md5_encoded": "d9afb18b212e96f3738233602e54d353", "length": 301.66204834, "replay_gain": -13.0587844849, "lossless": false}, "version": {"essentia_build_sha": "70f2e5ece6736b2c40cc944ad0e695b16b925413", "essentia": "2.1-beta2", "extractor": "music 1.0", "essentia_git_sha": "v2.1_beta2"}, "tags": {"title": ["\u3070\u3089\u306e\u82b1"], "albumartist": ["\u304f\u308b\u308a"], "date": ["2001-02-21"], "file_name": "09 \u3070\u3089\u306e\u82b1.mp3", "musicbrainz_recordingid": ["028fe1e7-ee6d-4395-aeaf-fabadecb1f8c"], "musicbrainz album status": ["official"], "musicbrainz_albumartistid": ["252c9f8a-be04-4146-b73e-a24696b2f5ed"], "musicbrainz_albumid": ["e6a2d762-a62c-4aae-96c3-18a0ad2b79e1"], "artist": ["\u304f\u308b\u308a"], "tracknumber": ["9/11"], "artistsort": ["Quruli"], "album": ["TEAM ROCK"], "musicbrainz album release country": ["JP"], "albumartistsort": ["Quruli"], "musicbrainz album type": ["album"], "musicbrainz_artistid": ["252c9f8a-be04-4146-b73e-a24696b2f5ed"]}}, "rhythm": {"bpm_histogram_first_peak_bpm": {"dmean2": 0, "median": 126, "min": 126, "dvar2": 0, "dvar": 0, "dmean": 0, "max": 126, "var": 0, "mean": 126}, "bpm": 125.122970581, "bpm_histogram_second_peak_spread": {"dmean2": 0, "median": 0.187500059605, "min": 0.187500059605, "dvar2": 0, "dvar": 0, "dmean": 0, "max": 0.187500059605, "var": 0, "mean": 0.187500059605}, "bpm_histogram_first_peak_weight": {"dmean2": 0, "median": 0.595200002193, "min": 0.595200002193, "dvar2": 0, "dvar": 0, "dmean": 0, "max": 0.595200002193, "var": 0, "mean": 0.595200002193}, "onset_rate": 4.25957012177, "beats_position": [0.545668900013, 1.07972788811, 1.62539684772, 2.14784574509, 2.6470746994, 3.13469386101, 3.62231278419, 4.1099319458, 4.58594083786, 5.06195020676, 5.54956912994, 6.025578022, 6.5015873909, 6.98920631409, 7.46521520615, 7.94122457504, 8.4172334671, 8.893242836, 9.38086128235, 9.85687065125, 10.3328800201, 10.8088884354, 11.2848978043, 11.7725172043, 12.2601356506, 12.7361450195, 13.2121543884, 13.6881628036, 14.1641721725, 14.6517915726, 15.1277999878, 15.6038093567, 16.0798187256, 16.5558280945, 17.031835556, 17.5078449249, 17.995464325, 18.483083725, 18.9590930939, 19.4351024628, 19.9111099243, 20.3871192932, 20.8747386932, 21.3507480621, 21.826757431, 22.3143768311, 22.8019943237, 23.2780036926, 23.7540130615, 24.2300224304, 24.7060317993, 25.1936511993, 25.6696586609, 26.1456680298, 26.6332874298, 27.1209068298, 27.5853061676, 28.0729255676, 28.5489330292, 29.0249423981, 29.500951767, 29.9769611359, 30.4529705048, 30.9289798737, 31.4165973663, 31.9042167664, 32.3802261353, 32.8562355042, 33.3438529968, 33.8314743042, 34.3074836731, 34.783493042, 35.2594985962, 35.7355079651, 36.2231292725, 36.6991386414, 37.1751480103, 37.6627655029, 38.1503829956, 38.6263923645, 39.1024017334, 39.5784111023, 40.0544204712, 40.5420417786, 41.0180473328, 41.4940567017, 41.981678009, 42.4692955017, 42.9336967468, 43.4097061157, 43.8857116699, 44.3733329773, 44.86095047, 45.3369598389, 45.8129692078, 46.2889785767, 46.7649879456, 47.2409973145, 47.7170066833, 48.204624176, 48.6922454834, 49.1682548523, 49.6442604065, 50.1318817139, 50.6078910828, 51.0839004517, 51.5599098206, 52.0359191895, 52.5235366821, 53.0111541748, 53.4871635437, 53.9631729126, 54.45079422, 54.9268035889, 55.4028091431, 55.878818512, 56.3548278809, 56.8424491882, 57.3300666809, 57.8060760498, 58.2820854187, 58.7697029114, 59.2457122803, 59.7217216492, 60.1977310181, 60.673740387, 61.1497497559, 61.6257591248, 62.0901565552, 62.5777778625, 63.0537872314, 63.5414047241, 64.0174102783, 64.5050354004, 64.9810409546, 65.4570541382, 65.9446716309, 66.4206771851, 66.8966903687, 67.3726959229, 67.8487091064, 68.3247146606, 68.8007278442, 69.2883453369, 69.7759628296, 70.2519683838, 70.7279815674, 71.2155990601, 71.6916122437, 72.1676177979, 72.6552352905, 73.1312484741, 73.6072540283, 74.094871521, 74.5708847046, 75.0468902588, 75.5345077515, 76.0221328735, 76.4981384277, 76.9857559204, 77.461769104, 77.9493865967, 78.4253921509, 78.9014053345, 79.3890228271, 79.8766403198, 80.3526535034, 80.8286590576, 81.3046722412, 81.7806777954, 82.2682952881, 82.7443084717, 83.2203140259, 83.7079315186, 84.1839447021, 84.6599502563, 85.1359634399, 85.6119689941, 86.0879821777, 86.5639877319, 87.0516052246, 87.5276184082, 88.0036239624, 88.4912490845, 88.9788665771, 89.4432601929, 89.9192733765, 90.3952789307, 90.8829040527, 91.3705215454, 91.8465270996, 92.3225402832, 92.8101577759, 93.2861633301, 93.7621765137, 94.2497940063, 94.7257995605, 95.2018127441, 95.6894302368, 96.1770477295, 96.6414489746, 97.1290664673, 97.6050796509, 98.0810852051, 98.5570983887, 99.0447158813, 99.5207214355, 100.008346558, 100.484352112, 100.960357666, 101.43637085, 101.912376404, 102.400001526, 102.887619019, 103.363624573, 103.839637756, 104.327255249, 104.803260803, 105.279273987, 105.755279541, 106.231292725, 106.718910217, 107.194915771, 107.670928955, 108.158546448, 108.634559631, 109.110565186, 109.58657074, 110.062583923, 110.550201416, 111.0262146, 111.502220154, 111.989837646, 112.477455139, 112.953468323, 113.429473877, 113.905487061, 114.381492615, 114.869110107, 115.345123291, 115.821128845, 116.308753967, 116.784759521, 117.260765076, 117.748390198, 118.23600769, 118.712013245, 119.188026428, 119.664031982, 120.140045166, 120.627662659, 121.103668213, 121.579681396, 122.055686951, 122.531700134, 123.007705688, 123.483718872, 123.971336365, 124.43573761, 124.923355103, 125.399360657, 125.87537384, 126.362991333, 126.850608826, 127.326622009, 127.802627563, 128.290252686, 128.76625061, 129.242263794, 129.718276978, 130.194290161, 130.681900024, 131.157913208, 131.633926392, 132.121536255, 132.597549438, 133.073562622, 133.561172485, 134.037185669, 134.513198853, 134.989196777, 135.465209961, 135.952835083, 136.417236328, 136.904846191, 137.392471313, 137.868484497, 138.35609436, 138.832107544, 139.319732666, 139.795730591, 140.271743774, 140.747756958, 141.223754883, 141.711380005, 142.187393188, 142.663391113, 143.151016235, 143.627029419, 144.103042603, 144.579040527, 145.066665649, 145.542678833, 146.030288696, 146.517913818, 147.005523682, 147.469924927, 147.94593811, 148.421951294, 148.909561157, 149.385574341, 149.861587524, 150.337600708, 150.813598633, 151.301223755, 151.788833618, 152.253234863, 152.740859985, 153.228485107, 153.704483032, 154.180496216, 154.668121338, 155.144119263, 155.631744385, 156.107757568, 156.595367432, 157.082992554, 157.559005737, 158.035003662, 158.522628784, 158.998641968, 159.474639893, 159.950653076, 160.42666626, 160.914276123, 161.390289307, 161.86630249, 162.353912354, 162.829925537, 163.305938721, 163.793563843, 164.281173706, 164.75718689, 165.233200073, 165.69758606, 166.185211182, 166.661224365, 167.148834229, 167.624847412, 168.112472534, 168.588470459, 169.064483643, 169.540496826, 170.01651001, 170.504119873, 170.991744995, 171.467758179, 171.955368042, 172.431381226, 172.895782471, 173.383392334, 173.871017456, 174.34703064, 174.823028564, 175.299041748, 175.775054932, 176.262680054, 176.738677979, 177.214691162, 177.702316284, 178.189926147, 178.665939331, 179.141952515, 179.617950439, 180.093963623, 180.581588745, 181.05758667, 181.533599854, 182.021224976, 182.508834839, 183.008071899, 183.51890564, 184.041351318, 184.563812256, 185.097869873, 185.597091675, 186.084716797, 186.57232666, 187.048339844, 187.524353027, 188.000366211, 188.476364136, 188.963989258, 189.440002441, 189.916000366, 190.403625488, 190.89125061, 191.390472412, 191.912918091, 192.43536377, 192.957824707, 193.468658447, 193.967880249, 194.455505371, 194.943130493, 195.419128418, 195.90675354, 196.382766724, 196.858764648, 197.346389771, 197.822402954, 198.298416138, 198.786026001, 199.262039185, 199.738052368, 200.214050293, 200.701675415, 201.177688599, 201.653686523, 202.129699707, 202.605712891, 203.081726074, 203.569335938, 204.05696106, 204.532974243, 205.008972168, 205.49659729, 205.960998535, 206.448608398, 206.936233521, 207.412246704, 207.888244629, 208.375869751, 208.840270996, 209.327880859, 209.815505981, 210.291519165, 210.76751709, 211.255142212, 211.731155396, 212.207168579, 212.683166504, 213.159179688, 213.64680481, 214.122802734, 214.598815918, 215.08644104, 215.574050903, 216.050064087, 216.526077271, 217.002075195, 217.478088379, 217.965713501, 218.441726685, 218.917724609, 219.393737793, 219.881362915, 220.35736084, 220.844985962, 221.320999146, 221.79699707, 222.273010254, 222.749023438, 223.213424683, 223.677825928, 224.177047729, 224.676269531, 225.163894653, 225.628295898, 226.104309082, 226.580307007, 227.05632019, 227.532333374, 228.019943237, 228.507568359, 228.995193481, 229.471191406, 229.94720459, 230.423217773, 230.899230957, 231.363616943, 231.851242065, 232.338867188, 232.826477051, 233.314102173, 233.790115356, 234.266113281, 234.742126465, 235.218139648, 235.705749512, 236.193374634, 236.669387817, 237.145385742, 237.621398926, 238.097412109, 238.573425293, 239.049423218, 239.53704834, 240.024673462, 240.500671387, 240.97668457, 241.464309692, 241.928695679, 242.404708862, 242.892333984, 243.368347168, 243.855957031, 244.343582153, 244.807983398, 245.283981323, 245.759994507, 246.247619629, 246.735229492, 247.211242676, 247.687255859, 248.174865723, 248.650878906, 249.12689209, 249.602905273, 250.078903198, 250.56652832, 251.054138184, 251.530151367, 252.006164551, 252.482177734, 252.958175659, 253.445800781, 253.933425903, 254.409423828, 254.885437012, 255.373062134, 255.860671997, 256.336669922, 256.812683105, 257.288696289, 257.764709473, 258.240722656, 258.71673584, 259.204345703, 259.691955566, 260.16796875, 260.643981934, 261.108398438, 261.596008301, 262.083618164, 262.559631348, 263.035644531, 263.523254395, 263.999267578, 264.475280762, 264.951293945, 265.427307129, 265.914916992, 266.402526855, 266.890167236, 267.366149902, 267.842163086, 268.31817627, 268.794189453, 269.270202637, 269.74621582, 270.233825684, 270.721435547, 271.19744873, 271.673461914, 272.149475098, 272.625488281, 273.101501465, 273.577514648, 274.065124512, 274.552734375, 275.028747559, 275.504760742, 275.992370605, 276.456787109, 276.944396973, 277.420410156, 277.89642334, 278.384033203, 278.871643066, 279.34765625, 279.823669434, 280.299682617, 280.775695801, 281.263305664, 281.750915527, 282.226928711, 282.702941895, 283.190551758, 283.666564941, 284.142578125, 284.618591309, 285.094604492, 285.582214355, 286.069824219, 286.545837402, 287.021850586, 287.509460449, 287.985473633, 288.461486816, 288.94909668, 289.425109863, 289.901123047, 290.37713623, 290.864746094, 291.340759277, 291.828399658, 292.304382324, 292.780395508, 293.256408691, 293.732421875, 294.220031738, 294.707672119, 295.183654785, 295.659667969, 296.135681152, 296.611694336, 297.08770752, 297.58694458, 298.074554443, 298.573791504, 299.072998047, 299.572235107, 300.071472168, 300.570709229, 301.081542969], "beats_loudness": {"dmean2": 0.0516051463783, "median": 0.0604055002332, "min": 0, "dvar2": 0.00241319253109, "dvar": 0.000784112373367, "dmean": 0.0287653189152, "max": 0.185414373875, "var": 0.00121375406161, "mean": 0.0640153214335}, "danceability": 0.982576489449, "bpm_histogram_second_peak_weight": {"dmean2": 0, "median": 0.0208000000566, "min": 0.0208000000566, "dvar2": 0, "dvar": 0, "dmean": 0, "max": 0.0208000000566, "var": 0, "mean": 0.0208000000566}, "beats_count": 626, "bpm_histogram_second_peak_bpm": {"dmean2": 0, "median": 120, "min": 120, "dvar2": 0, "dvar": 0, "dmean": 0, "max": 120, "var": 0, "mean": 120}, "bpm_histogram_first_peak_spread": {"dmean2": 0, "median": 0.379999995232, "min": 0.379999995232, "dvar2": 0, "dvar": 0, "dmean": 0, "max": 0.379999995232, "var": 0, "mean": 0.379999995232}, "beats_loudness_band_ratio": {"dmean2": [0.427966326475, 0.182933315635, 0.102681063116, 0.117838129401, 0.122882120311, 0.0964555218816], "median": [0.668528556824, 0.0766449347138, 0.0496242307127, 0.0577869154513, 0.0371444225311, 0.0300311334431], "min": [0, 0, 0, 0, 0, 0], "dvar2": [0.118446372449, 0.0319260470569, 0.0101312967017, 0.0214719902724, 0.0123565439135, 0.00908014830202], "dvar": [0.035372260958, 0.0101978788152, 0.00343843502924, 0.00685888761654, 0.00373365287669, 0.00312479794957], "dmean": [0.226833060384, 0.0994817167521, 0.0565724559128, 0.0648253858089, 0.0630525946617, 0.0507752560079], "max": [0.976319253445, 0.810492992401, 0.376908779144, 0.832321941853, 0.804082512856, 0.532564163208], "var": [0.0679392293096, 0.017983365804, 0.00411211373284, 0.0166107304394, 0.00878371950239, 0.00307874241844], "mean": [0.610507488251, 0.124917842448, 0.0717958807945, 0.100950360298, 0.0647503212094, 0.0465192422271]}}, "lowlevel": {"barkbands_spread": {"dmean2": 8.81606578827, "median": 13.877655983, "min": 0.274221718311, "dvar2": 171.782470703, "dvar": 77.9374084473, "dmean": 5.77042245865, "max": 126.259132385, "var": 231.894805908, "mean": 17.385848999}, "melbands_spread": {"dmean2": 9.10331821442, "median": 11.2989788055, "min": 0.262617051601, "dvar2": 210.832199097, "dvar": 82.5947723389, "dmean": 5.58675289154, "max": 176.498504639, "var": 233.398849487, "mean": 15.0266342163}, "hfc": {"dmean2": 12.3712596893, "median": 19.8718204498, "min": 1.11513184525e-16, "dvar2": 410.503845215, "dvar": 192.535079956, "dmean": 8.32089424133, "max": 311.002929688, "var": 592.175231934, "mean": 25.5140285492}, "barkbands_kurtosis": {"dmean2": 9.9970998764, "median": 5.13090896606, "min": -1.96087443829, "dvar2": 436.017364502, "dvar": 190.372497559, "dmean": 6.26292085648, "max": 352.606658936, "var": 489.69442749, "mean": 11.6689062119}, "gfcc": {"mean": [-17.452671051, 101.433616638, -93.5725784302, 31.1110305786, -45.9241714478, 27.6070175171, -25.7185306549, 6.79549121857, -31.7567005157, -2.54808092117, -19.1148281097, -3.076130867, -11.7885818481], "icov": [[0.000108827021904, -0.000309928873321, 0.000172249652678, -0.000368175591575, 0.000284999783617, -0.000315918528941, 0.000284812238533, -0.000358483142918, 0.000385503197322, -0.000376934447559, 0.000301990105072, -0.000304017245071, 0.000285843503661], [-0.000309928873321, 0.00222179014236, -0.000584892288316, 0.00159264984541, -0.000751097337343, 0.00172002823092, -0.00144138676114, 0.00132217514329, -0.00130239583086, 0.00224698660895, -0.00265137315728, 0.00278903939761, -0.00152931024786], [0.000172249652678, -0.000584892288316, 0.00140038889367, -0.00111033848953, 0.000832692603581, -0.00060919841053, 0.000393036491005, -0.000808050739579, 0.000909755413886, -0.00121839356143, 0.000241103683948, -0.000433899200289, 0.00054713053396], [-0.000368175591575, 0.00159264984541, -0.00111033848953, 0.00364904315211, -0.000608361966442, 0.00155680987518, -0.000885925488546, 0.00131527753547, -0.0023165741004, 0.00154733471572, -0.00226627290249, 0.00135174964089, -0.00130799843464], [0.000284999783617, -0.000751097337343, 0.000832692603581, -0.000608361966442, 0.00433851359412, -0.00129765376914, -0.000602409418207, 0.000395622162614, -0.000264380156295, -0.000827939715236, -0.000681312463712, 0.00045713307918, -0.000761909876019], [-0.000315918528941, 0.00172002823092, -0.00060919841053, 0.00155680987518, -0.00129765376914, 0.00461677042767, -0.00152274267748, -9.02428437257e-05, -0.000529006705619, 0.000424173282227, -0.0020518405363, 0.000785479671322, -0.000332907802658], [0.000284812238533, -0.00144138676114, 0.000393036491005, -0.000885925488546, -0.000602409418207, -0.00152274267748, 0.0071279630065, -0.00359459850006, 0.000936526746955, 0.00130766804796, -0.00251461588778, 3.28934074787e-05, 0.000100410034065], [-0.000358483142918, 0.00132217514329, -0.000808050739579, 0.00131527753547, 0.000395622162614, -9.02428437257e-05, -0.00359459850006, 0.00920012407005, -0.00438033323735, 0.000602418149356, 0.00177354877815, -0.00270618754439, 0.000782299495768], [0.000385503197322, -0.00130239583086, 0.000909755413886, -0.0023165741004, -0.000264380156295, -0.000529006705619, 0.000936526746955, -0.00438033323735, 0.0102741979063, -0.00342376367189, 0.00194787199143, 0.000786153308582, 0.000291219417704], [-0.000376934447559, 0.00224698660895, -0.00121839356143, 0.00154733471572, -0.000827939715236, 0.000424173282227, 0.00130766804796, 0.000602418149356, -0.00342376367189, 0.0121175758541, -0.0049829906784, 0.00350626325235, -0.0014130116906], [0.000301990105072, -0.00265137315728, 0.000241103683948, -0.00226627290249, -0.000681312463712, -0.0020518405363, -0.00251461588778, 0.00177354877815, 0.00194787199143, -0.0049829906784, 0.0172755010426, -0.00791466701776, 0.0041433959268], [-0.000304017245071, 0.00278903939761, -0.000433899200289, 0.00135174964089, 0.00045713307918, 0.000785479671322, 3.28934074787e-05, -0.00270618754439, 0.000786153308582, 0.00350626325235, -0.00791466701776, 0.0184057336301, -0.00676011526957], [0.000285843503661, -0.00152931024786, 0.00054713053396, -0.00130799843464, -0.000761909876019, -0.000332907802658, 0.000100410034065, 0.000782299495768, 0.000291219417704, -0.0014130116906, 0.0041433959268, -0.00676011526957, 0.0133001180366]], "cov": [[28485.0546875, -814.072021484, 349.966644287, 1400.23291016, -1920.15454102, 757.637451172, -864.95526123, 814.006896973, -279.507568359, 478.451843262, -228.659866333, 298.58782959, -434.924499512], [-814.072021484, 2077.1484375, -314.905700684, -376.975036621, 379.018035889, -409.041687012, 325.401672363, -287.832977295, -27.1741485596, -253.395935059, 150.394973755, -197.64654541, 84.5269622803], [349.966644287, -314.905700684, 1197.65380859, 333.402435303, -241.105957031, 86.4563903809, -64.5277862549, 108.089653015, 0.510230839252, 118.840278625, 18.4473400116, 42.7858047485, -49.1145362854], [1400.23291016, -376.975036621, 333.402435303, 604.246765137, -137.655563354, 10.8551263809, -71.0422439575, 63.4924888611, 56.9134712219, 70.5107116699, 5.91525125504, 37.246887207, -15.2090435028], [-1920.15454102, 379.018035889, -241.105957031, -137.655563354, 498.378662109, -8.88012599945, 170.74446106, -99.2989273071, 34.720703125, -54.2930831909, 74.436050415, -48.8907203674, 59.5416069031], [757.637451172, -409.041687012, 86.4563903809, 10.8551263809, -8.88012599945, 430.164398193, 32.1369361877, 123.906036377, 1.73837411404, 69.8716659546, 22.0681400299, 60.1067047119, -32.0167579651], [-864.95526123, 325.401672363, -64.5277862549, -71.0422439575, 170.74446106, 32.1369361877, 310.301849365, 31.5191459656, 17.1377773285, -67.0887680054, 79.2339324951, -7.14105558395, 22.2463912964], [814.006896973, -287.832977295, 108.089653015, 63.4924888611, -99.2989273071, 123.906036377, 31.5191459656, 249.665145874, 59.716796875, 41.7648582458, -23.3974342346, 58.627620697, -26.0857105255], [-279.507568359, -27.1741485596, 0.510230839252, 56.9134712219, 34.720703125, 1.73837411404, 17.1377773285, 59.716796875, 154.678268433, 30.5401248932, -8.73583602905, -11.7689828873, 3.44669222832], [478.451843262, -253.395935059, 118.840278625, 70.5107116699, -54.2930831909, 69.8716659546, -67.0887680054, 41.7648582458, 30.5401248932, 150.195724487, 2.84314680099, 12.5453310013, -19.9063205719], [-228.659866333, 150.394973755, 18.4473400116, 5.91525125504, 74.436050415, 22.0681400299, 79.2339324951, -23.3974342346, -8.73583602905, 2.84314680099, 114.013130188, 16.2324848175, 0.850145339966], [298.58782959, -197.64654541, 42.7858047485, 37.246887207, -48.8907203674, 60.1067047119, -7.14105558395, 58.627620697, -11.7689828873, 12.5453310013, 16.2324848175, 106.796279907, 18.8841285706], [-434.924499512, 84.5269622803, -49.1145362854, -15.2090435028, 59.5416069031, -32.0167579651, 22.2463912964, -26.0857105255, 3.44669222832, -19.9063205719, 0.850145339966, 18.8841285706, 105.897674561]]}, "spectral_energyband_middle_low": {"dmean2": 0.0128523614258, "median": 0.00972962286323, "min": 1.42142789163e-22, "dvar2": 0.000616532983258, "dvar": 0.000218527624384, "dmean": 0.00728572113439, "max": 0.209498554468, "var": 0.000201332295546, "mean": 0.0131052527577}, "melbands_crest": {"dmean2": 4.77038908005, "median": 19.2329921722, "min": 1.55051910877, "dvar2": 26.592634201, "dvar": 10.9645757675, "dmean": 2.92227840424, "max": 37.1570091248, "var": 36.355632782, "mean": 19.6031608582}, "spectral_kurtosis": {"dmean2": 5.08008718491, "median": 3.81747674942, "min": -1.30192279816, "dvar2": 139.048782349, "dvar": 67.8489074707, "dmean": 3.31521654129, "max": 150.558639526, "var": 181.99168396, "mean": 7.50381708145}, "spectral_rms": {"dmean2": 0.00187533185817, "median": 0.00736090075225, "min": 3.13650104153e-12, "dvar2": 5.10800418851e-06, "dvar": 1.93816276806e-06, "dmean": 0.00110665673856, "max": 0.0150300143287, "var": 6.90590877639e-06, "mean": 0.00692535564303}, "zerocrossingrate": {"dmean2": 0.0122013557702, "median": 0.03564453125, "min": 0.00341796875, "dvar2": 0.000269019423285, "dvar": 0.000194835301954, "dmean": 0.0101403677836, "max": 0.52587890625, "var": 0.00221497775055, "mean": 0.0455655902624}, "silence_rate_60dB": {"dmean2": 0.0215533822775, "median": 0, "min": 0, "dvar2": 0.0221599712968, "dvar": 0.0106584047899, "dmean": 0.0107758622617, "max": 1, "var": 0.0720715895295, "mean": 0.078195951879}, "erbbands_kurtosis": {"dmean2": 2.33436632156, "median": 0.233510732651, "min": -1.90980434418, "dvar2": 53.0391120911, "dvar": 30.0570888519, "dmean": 1.62198340893, "max": 123.116973877, "var": 61.7878723145, "mean": 1.83706402779}, "erbbands": {"dmean2": [0.240149691701, 4.43707942963, 14.0780181885, 15.0139331818, 17.691734314, 28.7064266205, 17.9264335632, 10.9985904694, 11.5815916061, 12.8228578568, 16.9028644562, 27.3981628418, 23.2016010284, 53.7842063904, 43.4574050903, 28.6323223114, 26.3855628967, 32.4619293213, 19.1401863098, 16.3489665985, 13.3241643906, 14.8970937729, 11.5514535904, 7.62118005753, 8.34707355499, 8.58093643188, 6.52908325195, 7.21487998962, 6.65759754181, 6.96439552307, 5.73302030563, 3.5280714035, 3.37058711052, 2.35286426544, 1.03064680099, 0.398462921381, 0.110662974417, 0.0299353729934, 0.00148050894495, 5.37147607247e-05], "median": [0.0881696715951, 3.18131327629, 16.8620166779, 10.6833438873, 4.98833036423, 8.89177799225, 6.69165420532, 5.86227560043, 5.67682218552, 5.78438854218, 6.02615070343, 12.1424827576, 12.0215320587, 24.1777439117, 26.5136070251, 15.2757482529, 11.3601417542, 11.6752099991, 9.10174846649, 6.85600185394, 4.48018741608, 4.48380470276, 5.25268602371, 3.55353236198, 5.09224462509, 4.65673971176, 2.86675548553, 2.49428749084, 2.04594898224, 2.42559313774, 1.50164306164, 0.870696783066, 0.778546094894, 0.763737022877, 0.363656282425, 0.0990770384669, 0.02099724859, 0.00361479702406, 0.000119144016935, 7.06258870196e-05], "min": [2.1161894291e-22, 7.65278179828e-22, 1.57375342357e-21, 7.19253979792e-21, 1.26197711555e-20, 4.18256186543e-20, 5.77811442639e-20, 5.79839456856e-20, 7.0354147403e-20, 1.71823029589e-19, 4.81876288891e-19, 3.51857972258e-19, 5.62744722598e-19, 7.85321292751e-19, 1.21918088446e-18, 9.21591078562e-19, 1.13825987308e-18, 1.73726829713e-18, 2.60679621435e-18, 3.01466884144e-18, 4.27240688899e-18, 3.71844320558e-18, 5.79865810314e-18, 6.3021670779e-18, 8.47458531679e-18, 8.1962506212e-18, 1.06973056495e-17, 1.03359716512e-17, 9.97791328822e-18, 1.05698081658e-17, 1.09868908286e-17, 1.16173554838e-17, 1.09637967731e-17, 8.36017962063e-18, 6.9682141479e-18, 4.7968075509e-18, 2.65110848656e-18, 9.64460334193e-19, 2.63613362234e-19, 2.85085342424e-20], "dvar2": [0.225256472826, 55.5868644714, 446.034637451, 643.054260254, 1544.79052734, 5831.84960938, 1667.85522461, 525.371398926, 616.22076416, 665.99786377, 1233.65527344, 3115.05957031, 2528.98608398, 14092.4130859, 6983.89941406, 3791.0144043, 3669.59960938, 6775.42236328, 1860.82751465, 1561.31762695, 1003.24884033, 2119.95849609, 544.00970459, 290.444519043, 314.229614258, 238.162246704, 205.826629639, 354.220001221, 262.921630859, 306.176971436, 259.791595459, 93.7304458618, 98.2325668335, 53.2774276733, 10.9656429291, 2.40351819992, 0.224061787128, 0.0228997468948, 4.78385700262e-05, 1.54329704571e-08], "dvar": [0.0954103022814, 21.726266861, 157.685821533, 218.784759521, 546.493041992, 2040.90112305, 600.018371582, 211.308395386, 243.829849243, 279.959197998, 470.848602295, 1321.91113281, 1037.58447266, 5792.35546875, 2711.50927734, 1638.26525879, 1373.44848633, 2670.49414062, 750.701293945, 624.917297363, 440.059570312, 764.963439941, 229.553710938, 128.893371582, 138.19720459, 110.45186615, 97.0317306519, 163.569961548, 118.721282959, 137.182601929, 102.746200562, 39.8133621216, 45.2009506226, 26.4462146759, 5.70898246765, 1.19386303425, 0.0990293473005, 0.00922508817166, 1.92704610527e-05, 6.41821973346e-09], "dmean": [0.148827880621, 2.61745738983, 8.06789588928, 8.40141868591, 9.87044906616, 16.2396087646, 10.5069684982, 6.9441857338, 7.18696403503, 8.08551025391, 10.2703294754, 17.9674911499, 14.7882061005, 33.9371643066, 26.3327121735, 18.1144866943, 16.0820236206, 19.7346305847, 11.713341713, 10.2750997543, 8.58510494232, 9.41546154022, 7.30575418472, 5.16694831848, 5.62804317474, 5.71963834763, 4.43304824829, 4.85473918915, 4.33737611771, 4.55436611176, 3.62322235107, 2.31575131416, 2.18576192856, 1.55150139332, 0.698091089725, 0.275656670332, 0.0752952843904, 0.0192300137132, 0.00090590887703, 3.31418195856e-05], "max": [3.21917200089, 49.6412811279, 150.745361328, 168.919433594, 473.823547363, 646.991455078, 346.452514648, 302.974639893, 350.975280762, 448.914855957, 400.180847168, 655.719604492, 886.201965332, 1610.75085449, 1508.83496094, 1338.4720459, 939.715148926, 1357.88000488, 999.657226562, 679.618408203, 900.690429688, 958.757263184, 473.218231201, 540.143981934, 533.39642334, 349.241943359, 335.729705811, 536.558532715, 451.656280518, 372.107818604, 282.232574463, 154.825653076, 276.872894287, 192.395965576, 84.8259887695, 44.2984313965, 12.583521843, 3.81807231903, 0.143778115511, 0.00245319702663], "var": [0.124357350171, 33.5158462524, 312.534698486, 240.649429321, 403.191711426, 1397.11657715, 692.951660156, 459.03894043, 426.859344482, 637.836853027, 842.848754883, 3825.27856445, 2842.49682617, 13722.265625, 6948.21142578, 4256.09277344, 2696.14428711, 5149.95507812, 1255.32580566, 962.861938477, 976.016479492, 1301.8848877, 507.111297607, 253.213485718, 292.833404541, 316.502502441, 261.166320801, 420.0675354, 266.328887939, 326.360412598, 153.247817993, 82.6497344971, 96.7934951782, 61.2800445557, 15.2221412659, 2.80497550964, 0.153372809291, 0.00904514733702, 1.89055899682e-05, 8.78948025473e-09], "mean": [0.218725144863, 5.11938285828, 21.2415237427, 15.0020399094, 11.2539777756, 18.4563999176, 15.7966175079, 13.4470939636, 12.4092168808, 13.6504983902, 17.5035266876, 36.4828224182, 30.387254715, 61.7735328674, 53.3321304321, 36.9884490967, 27.9905090332, 35.6575202942, 19.6747989655, 16.8070087433, 13.836224556, 14.9372358322, 12.3920621872, 8.88666629791, 10.6950922012, 10.5259552002, 7.87618923187, 8.83697414398, 7.44357681274, 7.8310585022, 5.46087265015, 3.74074912071, 3.40114355087, 2.58026528358, 1.26845359802, 0.464491933584, 0.109536424279, 0.0225938726217, 0.000907055917196, 8.60011641635e-05]}, "spectral_strongpeak": {"dmean2": 0.507488667965, "median": 0.7640619874, "min": 0, "dvar2": 0.932550191879, "dvar": 0.342031210661, "dmean": 0.288686662912, "max": 7.90795516968, "var": 0.418964207172, "mean": 0.822098553181}, "spectral_energy": {"dmean2": 0.0310805011541, "median": 0.0555374361575, "min": 1.00835788519e-20, "dvar2": 0.00175157899503, "dvar": 0.000663424376398, "dmean": 0.0181065220386, "max": 0.23154887557, "var": 0.00114138692152, "mean": 0.0562381483614}, "average_loudness": 0.915348231792, "spectral_rolloff": {"dmean2": 734.898864746, "median": 624.462890625, "min": 21.533203125, "dvar2": 2587625.75, "dvar": 1074135.125, "dmean": 423.648040771, "max": 19789.0136719, "var": 3413479.25, "mean": 1029.50390625}, "spectral_centroid": {"dmean2": 363.106719971, "median": 840.297058105, "min": 113.177734375, "dvar2": 237200.390625, "dvar": 114328, "dmean": 246.242858887, "max": 11572.5419922, "var": 788845.4375, "mean": 1026.38342285}, "pitch_salience": {"dmean2": 0.136438980699, "median": 0.398639172316, "min": 0.0660944730043, "dvar2": 0.0195306688547, "dvar": 0.00786069687456, "dmean": 0.0823967903852, "max": 0.93634814024, "var": 0.0190665051341, "mean": 0.404232949018}, "spectral_energyband_middle_high": {"dmean2": 0.0035176218953, "median": 0.00458353478462, "min": 1.20715277201e-21, "dvar2": 2.58469663095e-05, "dvar": 1.06194311229e-05, "dmean": 0.00224705180153, "max": 0.0544321462512, "var": 3.37259589287e-05, "mean": 0.00609088782221}, "spectral_contrast_coeffs": {"dmean2": [0.0856118127704, 0.0751102864742, 0.0673682019114, 0.0526363439858, 0.0353296101093, 0.0323931872845], "median": [-0.57988089323, -0.72819173336, -0.711520791054, -0.762875854969, -0.802569150925, -0.779413938522], "min": [-0.978797376156, -0.985199987888, -0.988583564758, -0.972062647343, -0.966494739056, -0.965143620968], "dvar2": [0.0056409696117, 0.00396903324872, 0.00306760380045, 0.00179135694634, 0.000831536191981, 0.00113413482904], "dvar": [0.00217126077041, 0.0015723737888, 0.00131152023096, 0.000788454955909, 0.000358764023986, 0.000592866097577], "dmean": [0.0526082441211, 0.0468690656126, 0.0431923605502, 0.0335666388273, 0.022457074374, 0.0209052599967], "max": [-0.250012785196, -0.448972404003, -0.464132040739, -0.493385434151, -0.569315671921, -0.4816852808], "var": [0.00919734314084, 0.00602751877159, 0.00657315412536, 0.00414556451142, 0.0018898450071, 0.00218073674478], "mean": [-0.581203222275, -0.729651749134, -0.713825345039, -0.760279715061, -0.800188779831, -0.778186678886]}, "melbands_skewness": {"dmean2": 1.62166154385, "median": 3.5794634819, "min": -2.90500330925, "dvar2": 3.59742975235, "dvar": 1.44334733486, "dmean": 1.0071862936, "max": 20.1841983795, "var": 6.28009557724, "mean": 3.8708319664}, "spectral_spread": {"dmean2": 937720.125, "median": 5228681, "min": 566471.9375, "dvar2": 2088537030660.0, "dvar": 1001103228930.0, "dmean": 634886.375, "max": 50415172, "var": 9517388529660.0, "mean": 5273680}, "dissonance": {"dmean2": 0.0436055138707, "median": 0.458899825811, "min": 0.149942278862, "dvar2": 0.00194814498536, "dvar": 0.000780181435402, "dmean": 0.0267075970769, "max": 0.499999970198, "var": 0.00183547579218, "mean": 0.447788059711}, "spectral_skewness": {"dmean2": 0.526850700378, "median": 1.67442798615, "min": -0.11616577208, "dvar2": 0.671388506889, "dvar": 0.355483591557, "dmean": 0.365781664848, "max": 9.83599948883, "var": 1.19094324112, "mean": 1.88678908348}, "spectral_flux": {"dmean2": 0.0577927343547, "median": 0.0794187188148, "min": 6.39387640056e-11, "dvar2": 0.00432927021757, "dvar": 0.00226518325508, "dmean": 0.03906192258, "max": 0.451874792576, "var": 0.00499467365444, "mean": 0.0965771228075}, "spectral_contrast_valleys": {"dmean2": [0.719281196594, 0.692009329796, 0.662657022476, 0.62612092495, 0.520386278629, 0.503618121147], "median": [-6.7912979126, -6.86725902557, -7.27707338333, -7.77275419235, -7.62697792053, -9.67727851868], "min": [-28.3070449829, -27.9776325226, -27.9096374512, -27.6626415253, -27.5768642426, -27.4247970581], "dvar2": [0.378977507353, 0.468682229519, 0.390555381775, 0.379529058933, 0.330430179834, 0.551783323288], "dvar": [0.171666190028, 0.211754783988, 0.200966790318, 0.230995446444, 0.229941233993, 0.294985711575], "dmean": [0.451612502337, 0.440402448177, 0.447183549404, 0.461897373199, 0.411662459373, 0.399067372084], "max": [-4.9893746376, -4.18321371078, -5.06610488892, -5.30151557922, -5.67756271362, -7.03936624527], "var": [4.26499700546, 4.12853240967, 3.71316099167, 3.67590236664, 3.99173164368, 4.80485582352], "mean": [-7.29646110535, -7.26861047745, -7.67933940887, -8.18221187592, -8.10268211365, -10.3786249161]}, "erbbands_flatness_db": {"dmean2": 0.0270000938326, "median": 0.138969376683, "min": 0.0430288165808, "dvar2": 0.000877145852428, "dvar": 0.000545587565284, "dmean": 0.0204334370792, "max": 0.526866197586, "var": 0.00639710715041, "mean": 0.16397382319}, "spectral_energyband_high": {"dmean2": 0.000860292755533, "median": 0.000416745693656, "min": 7.27408171174e-21, "dvar2": 4.24206564276e-06, "dvar": 2.10913185583e-06, "dmean": 0.000612420961261, "max": 0.039008371532, "var": 6.11479845247e-06, "mean": 0.00121746072546}, "spectral_entropy": {"dmean2": 0.338093817234, "median": 7.46630764008, "min": 4.01201438904, "dvar2": 0.181179389358, "dvar": 0.115515656769, "dmean": 0.266668587923, "max": 9.81482887268, "var": 0.639589130878, "mean": 7.29861354828}, "silence_rate_20dB": {"dmean2": 0, "median": 1, "min": 1, "dvar2": 0, "dvar": 0, "dmean": 0, "max": 1, "var": 0, "mean": 1}, "melbands_flatness_db": {"dmean2": 0.0527739822865, "median": 0.259661018848, "min": 0.00339896348305, "dvar2": 0.00364017556421, "dvar": 0.00200777966529, "dmean": 0.0380116142333, "max": 0.652862608433, "var": 0.0103463539854, "mean": 0.276145964861}, "barkbands": {"dmean2": [5.84492081543e-05, 0.0162025149912, 0.0123002696782, 0.00512767024338, 0.00693679880351, 0.00159980857279, 0.000916812976357, 0.000640759244561, 0.00115195894614, 0.000808770069852, 0.00162615603767, 0.000726589641999, 0.000591867370531, 0.000617777754087, 0.000389916152926, 0.000276115111774, 0.000253364938544, 0.00020849435532, 0.00014563894365, 0.000181726878509, 0.000166109311976, 0.000191671861103, 0.00020276880241, 0.000178781876457, 0.000166572397575, 7.22230761312e-05, 1.28306228362e-05], "median": [1.32910654429e-05, 0.0104083232582, 0.0152484113351, 0.00137265282683, 0.0022764299064