{"metadata": {"tags": {"album": ["Fistful of Biscuits"], "musicbrainz album type": ["album"], "script": ["Latn"], "albumartistsort": ["Bondo"], "musicbrainz album release country": ["US"], "acoustid_id": ["e014adb8-00c4-4ff5-8b76-1e0e175bd817"], "musicbrainz_artistid": ["a35d81f2-1d2f-4417-b8eb-8c85b7ef1a16"], "musicbrainz_releasegroupid": ["5ba0b1aa-b841-4f35-8f1d-c88f59640f65"], "musicbrainz_recordingid": ["0295a2cf-556b-43f4-aff1-094ab6cb40bb"], "albumartist": ["Bondo"], "originaldate": ["1997"], "musicbrainz album status": ["official"], "artist": ["Bondo"], "musicbrainz_albumid": ["062bc7f4-78be-4202-a966-e053e0671701"], "discnumber": ["1/1"], "title": ["F*** You I'm Drunk"], "tracknumber": ["8/10"], "musicbrainz_albumartistid": ["a35d81f2-1d2f-4417-b8eb-8c85b7ef1a16"], "artistsort": ["Bondo"], "date": ["1997"], "media": ["CD"], "file_name": "Bondo - Fistful of Biscuits 08 - F*** You I'm Drunk.mp3"}, "audio_properties": {"sample_rate": 44100, "downmix": "mix", "lossless": false, "analysis_sample_rate": 44100, "md5_encoded": "a025908be13bc39ca4db5bcb80b6a51a", "equal_loudness": 0, "replay_gain": -13.9418239594, "codec": "mp3", "bit_rate": 223258, "length": 119.144493103}, "version": {"extractor": "music 1.0", "essentia_build_sha": "70f2e5ece6736b2c40cc944ad0e695b16b925413", "essentia_git_sha": "v2.1_beta2", "essentia": "2.1-beta2"}}, "rhythm": {"beats_loudness_band_ratio": {"dvar2": [0.107784666121, 0.0292192362249, 0.0813613757491, 0.0991737991571, 0.0349341221154, 0.0163877848536], "var": [0.0339742302895, 0.00974127743393, 0.0366226471961, 0.0444555394351, 0.0149542875588, 0.00656199129298], "min": [0.000858338025864, 0.00366707611829, 0.0156258381903, 0.0114137167111, 0.00693111354485, 0.00326489284635], "dmean": [0.177878886461, 0.0930929854512, 0.207529723644, 0.218375176191, 0.110979579389, 0.0465200506151], "mean": [0.160931304097, 0.103351578116, 0.29547509551, 0.290132731199, 0.132503524423, 0.0618369877338], "max": [0.917493343353, 0.583775043488, 0.806084871292, 0.869373857975, 0.654418349266, 0.746916651726], "dmean2": [0.326640814543, 0.164939820766, 0.368584394455, 0.381105095148, 0.198327243328, 0.0810749381781], "median": [0.0847034901381, 0.0657525062561, 0.251474738121, 0.241420850158, 0.0878149271011, 0.0418635420501], "dvar": [0.0353013314307, 0.0101135000587, 0.0263411216438, 0.0319243893027, 0.0129688894376, 0.00592711754143]}, "bpm_histogram_first_peak_weight": {"dvar2": 0, "var": 0, "min": 0.320819109678, "dmean": 0, "mean": 0.320819109678, "max": 0.320819109678, "dmean2": 0, "median": 0.320819109678, "dvar": 0}, "bpm": 154.985031128, "beats_count": 294, "bpm_histogram_first_peak_spread": {"dvar2": 0, "var": 0, "min": 0.393548369408, "dmean": 0, "mean": 0.393548369408, "max": 0.393548369408, "dmean2": 0, "median": 0.393548369408, "dvar": 0}, "danceability": 1.00400078297, "bpm_histogram_first_peak_bpm": {"dvar2": 0, "var": 0, "min": 157, "dmean": 0, "mean": 157, "max": 157, "dmean2": 0, "median": 157, "dvar": 0}, "beats_position": [0.603718817234, 1.19582760334, 1.78793644905, 2.36843538284, 2.94893407822, 3.51782298088, 4.08671188354, 4.59755086899, 5.0967798233, 5.59600877762, 6.11845779419, 6.65251684189, 7.17496585846, 7.69741487503, 8.20825386047, 8.73070240021, 9.26476192474, 9.79882049561, 10.321269989, 10.8437185287, 11.3777770996, 11.9118366241, 12.445895195, 12.9683446884, 13.4907932281, 14.0248527527, 14.5589113235, 15.0929698944, 15.6270294189, 16.1610889435, 16.7067565918, 17.2408161163, 17.786485672, 18.1463947296, 18.5063037872, 18.877822876, 19.2493419647, 19.6092510223, 19.96916008, 20.3406791687, 20.7005901337, 21.0604991913, 21.4087982178, 21.7687072754, 22.128616333, 22.4885253906, 22.8484344482, 23.2083435059, 23.5682544708, 23.9281635284, 24.2880725861, 24.6479816437, 25.0078907013, 25.3677997589, 25.7277088165, 26.0992279053, 26.4591369629, 26.8190479279, 27.1905670166, 27.5620861053, 27.921995163, 28.2935142517, 28.6534233093, 29.0249423981, 29.3964614868, 29.7679805756, 30.1278915405, 30.4878005981, 30.8593196869, 31.2308387756, 31.6023578644, 31.9738769531, 32.3453979492, 32.7169151306, 33.0884361267, 33.4599533081, 33.8314743042, 34.2029914856, 34.5745124817, 34.9460296631, 35.3175506592, 35.7006797791, 36.0838088989, 36.455329895, 36.8384590149, 37.2215881348, 37.5931053162, 37.9646263123, 38.3361434937, 38.7076644897, 39.0791816711, 39.462310791, 39.8454399109, 40.216960907, 40.5884780884, 40.9716110229, 41.3547401428, 41.7262573242, 42.0977783203, 42.4692955017, 42.8408164978, 43.2123336792, 43.5954627991, 43.9785919189, 44.350112915, 44.7332420349, 45.1163711548, 45.4878921509, 45.8710212708, 46.2541503906, 46.6488876343, 47.0320167542, 47.415145874, 47.7982749939, 48.16979599, 48.5413131714, 48.9244422913, 49.3075714111, 49.690700531, 50.0738296509, 50.4569587708, 50.8400878906, 51.2232208252, 51.5947380066, 51.9778671265, 52.3493881226, 52.7325172424, 53.1156463623, 53.4987754822, 53.8702926636, 54.2534217834, 54.6365509033, 55.0080718994, 55.3912010193, 55.7743301392, 56.1458511353, 56.5289802551, 56.9004974365, 57.2836265564, 57.6551475525, 58.0498847961, 58.4446258545, 58.8393630981, 59.222492218, 59.6056213379, 60.0003623962, 60.3950996399, 60.766620636, 61.1613578796, 61.556098938, 61.9392280579, 62.3223571777, 62.6938781738, 63.0653953552, 63.4485244751, 63.831653595, 64.2263946533, 64.5979156494, 64.9694290161, 65.3409500122, 65.7240829468, 66.107208252, 66.4903411865, 66.8618545532, 67.2449874878, 67.6397247314, 68.022857666, 68.4059829712, 68.7775039673, 69.1490249634, 69.5205459595, 69.9152832031, 70.3100204468, 70.6931533813, 71.0762786865, 71.4594116211, 71.8425369263, 72.2372741699, 72.632019043, 73.0267562866, 73.4098815918, 73.7930145264, 74.1761474609, 74.5708847046, 74.9656219482, 75.3487548828, 75.7434921265, 76.1266174316, 76.5097503662, 76.8812713623, 77.2643966675, 77.6475296021, 78.0306549072, 78.4137878418, 78.7853012085, 79.1568222046, 79.5283432007, 79.9114761353, 80.3062133789, 80.7009506226, 81.0956878662, 81.4904327393, 81.8851699829, 82.2682952881, 82.6630401611, 83.0577774048, 83.4525146484, 83.835647583, 84.2187728882, 84.6135101318, 84.9966430664, 85.3681640625, 85.7396774292, 86.1228103638, 86.5059356689, 86.8890686035, 87.2838058472, 87.6785507202, 88.0732879639, 88.456413269, 88.8395462036, 89.2226715088, 89.6058044434, 90.000541687, 90.3836746216, 90.7667999268, 91.1615371704, 91.544670105, 91.9277954102, 92.3225402832, 92.7172775269, 93.1120147705, 93.5067520142, 93.8898849487, 94.2846221924, 94.667755127, 95.0624923706, 95.4340133667, 95.8171386719, 96.2118835449, 96.5950088501, 96.9781417847, 97.3612670898, 97.7560043335, 98.1391372681, 98.5338745117, 98.9170074463, 99.3001327515, 99.683265686, 100.07800293, 100.472740173, 100.867477417, 101.273826599, 101.680175781, 102.086524963, 102.492874146, 102.887619019, 103.282356262, 103.688705444, 104.083442688, 104.48979187, 104.884536743, 105.279273987, 105.67401123, 106.057144165, 106.44026947, 106.823402405, 107.194915771, 107.578048706, 107.961174011, 108.344306946, 108.715827942, 109.098953247, 109.482086182, 109.876823425, 110.376052856, 110.875282288, 111.36289978, 111.862129211, 112.361358643, 112.872200012, 113.301765442, 113.731338501, 114.160903931, 114.59047699, 115.008430481, 115.43800354, 115.86756897, 116.308753967, 116.749931335, 117.191108704, 117.632286072, 118.07346344, 118.491424561], "beats_loudness": {"dvar2": 0.00031818356365, "var": 0.000283909612335, "min": 3.39370615166e-07, "dmean": 0.0125372884795, "mean": 0.0245173424482, "max": 0.0865012705326, "dmean2": 0.0212513040751, "median": 0.0212985612452, "dvar": 0.00013611993927}, "bpm_histogram_second_peak_weight": {"dvar2": 0, "var": 0, "min": 0.174061432481, "dmean": 0, "mean": 0.174061432481, "max": 0.174061432481, "dmean2": 0, "median": 0.174061432481, "dvar": 0}, "bpm_histogram_second_peak_spread": {"dvar2": 0, "var": 0, "min": 0.10526317358, "dmean": 0, "mean": 0.10526317358, "max": 0.10526317358, "dmean2": 0, "median": 0.10526317358, "dvar": 0}, "bpm_histogram_second_peak_bpm": {"dvar2": 0, "var": 0, "min": 152, "dmean": 0, "mean": 152, "max": 152, "dmean2": 0, "median": 152, "dvar": 0}, "onset_rate": 3.25599479675}, "lowlevel": {"spectral_energyband_high": {"dvar2": 1.86149662795e-07, "var": 1.85439844813e-07, "min": 6.76004873777e-21, "dmean": 0.000138099378091, "mean": 0.000318589038216, "max": 0.0070092570968, "dmean2": 0.000207999721169, "median": 0.000203566727578, "dvar": 7.74883801569e-08}, "spectral_energyband_middle_low": {"dvar2": 6.96429851814e-05, "var": 7.1894901339e-05, "min": 1.96059740717e-22, "dmean": 0.0035581625998, "mean": 0.00823848228902, "max": 0.0839304253459, "dmean2": 0.0057253097184, "median": 0.00584608083591, "dvar": 2.70220298262e-05}, "spectral_energy": {"dvar2": 0.0002949218906, "var": 0.000278630264802, "min": 9.93362490085e-21, "dmean": 0.00644162017852, "mean": 0.0198854561895, "max": 0.12097351253, "dmean2": 0.0104642398655, "median": 0.0161957629025, "dvar": 0.000107197083707}, "spectral_spread": {"dvar2": 1372004941820.0, "var": 6495573377020.0, "min": 1704637.625, "dmean": 497692.59375, "mean": 3934869.5, "max": 50366128, "dmean2": 731819.25, "median": 3497669.25, "dvar": 830103486464}, "spectral_energyband_low": {"dvar2": 0.00021935145196, "var": 4.92710496474e-05, "min": 3.03596274818e-23, "dmean": 0.00212290813215, "mean": 0.00183193734847, "max": 0.0807300135493, "dmean2": 0.00387838063762, "median": 0.000431225867942, "dvar": 7.70467013353e-05}, "spectral_rolloff": {"dvar2": 1059713.25, "var": 2561378, "min": 64.599609375, "dmean": 416.411193848, "mean": 1972.76062012, "max": 19875.1464844, "dmean2": 692.234375, "median": 1550.390625, "dvar": 558796.0625}, "barkbands": {"dvar2": [7.66875487557e-08, 8.48335694172e-05, 2.8955473681e-05, 9.32312957502e-07, 3.7155418795e-06, 1.35667698942e-06, 4.13906354879e-06, 3.5168704926e-05, 3.07306581817e-05, 3.7483041524e-05, 3.9533852032e-06, 2.00412887352e-05, 9.64203081821e-06, 5.52100891582e-06, 2.38105189965e-06, 7.28852057819e-07, 4.8963113386e-07, 3.78656579869e-07, 3.71422345324e-07, 7.22216597637e-08, 7.1682237035e-08, 1.3903410867e-08, 1.48486920537e-08, 6.76270062172e-09, 2.59814592063e-09, 1.43620129678e-10, 1.49291505807e-12], "var": [3.64639483053e-08, 1.9613380573e-05, 5.55240785616e-06, 3.1820624713e-07, 1.64492030308e-06, 8.81336688963e-07, 2.55590975939e-06, 2.75209331448e-05, 2.10083417187e-05, 2.61113564193e-05, 3.4301190226e-06, 1.4717542399e-05, 9.35262414714e-06, 5.90358695263e-06, 2.61859190687e-06, 8.64053504301e-07, 6.28486134246e-07, 4.93330162499e-07, 4.36344208765e-07, 6.58413839005e-08, 2.72655693578e-08, 1.2442836983e-08, 1.64853091178e-08, 5.40978373209e-09, 1.63025903888e-09, 8.0077847131e-11, 5.89743260736e-13], "min": [1.5384188866e-24, 5.53204960321e-24, 3.60902523075e-24, 3.59729408023e-24, 1.59291495593e-23, 1.18124213386e-23, 4.7379017522e-24, 3.57045190464e-24, 2.43066330694e-23, 2.36719092742e-23, 3.3635694246e-23, 2.9030343214e-23, 5.19266744229e-23, 1.45792097575e-23, 7.88296838119e-23, 6.52379133376e-23, 8.55748547592e-23, 1.31861230508e-22, 1.33152905043e-22, 1.90890354137e-22, 3.26403732957e-22, 3.85903888589e-22, 4.06022567975e-22, 5.79246350586e-22, 8.91718269842e-22, 1.36874450396e-21, 1.98408357598e-21], "dmean": [4.80407215946e-05, 0.00119339011144, 0.000895471544936, 0.000263565278146, 0.000633281073533, 0.000335669057677, 0.000486218079459, 0.00162964512128, 0.0016324595781, 0.00133265194017, 0.000525931769516, 0.00112376525067, 0.000921490136534, 0.000648008252028, 0.000393533933675, 0.000223733470193, 0.000244885886787, 0.000182982868864, 0.000205533171538, 7.96218882897e-05, 3.33849347953e-05, 3.57174903911e-05, 4.01329089073e-05, 2.6043939215e-05, 1.37383512993e-05, 3.58736247108e-06, 1.84650176038e-07], "mean": [4.51369851362e-05, 0.000830194272567, 0.000827732146718, 0.000350021611666, 0.0010526861297, 0.000491794431582, 0.000718644645531, 0.00238133361563, 0.00262881279923, 0.00205884710886, 0.000890106079169, 0.00195299275219, 0.0016283672303, 0.00113347300794, 0.000684636819642, 0.000429330772022, 0.000498119567055, 0.000390967266867, 0.000455245259218, 0.000155203451868, 6.14428136032e-05, 7.78546600486e-05, 7.52837877371e-05, 4.24017016485e-05, 2.0370913262e-05, 4.28070006819e-06, 2.06600319075e-07], "max": [0.00171888014302, 0.0483730584383, 0.0278881043196, 0.00757712777704, 0.032022960484, 0.0165181607008, 0.0286615639925, 0.0817161053419, 0.0565676651895, 0.0998671576381, 0.0346199795604, 0.0590425170958, 0.0388571880758, 0.0393556766212, 0.0229959730059, 0.0121430214494, 0.00889188796282, 0.00975838303566, 0.0114894621074, 0.00407276907936, 0.00588387949392, 0.00180456531234, 0.00170656549744, 0.000948212633375, 0.000717214716133, 0.000101848534541, 2.63872261712e-05], "dmean2": [7.22808690625e-05, 0.00213662022725, 0.00167075695936, 0.000462765718112, 0.0010645375587, 0.000574667879846, 0.00080572173465, 0.00264069787227, 0.00266068731435, 0.00211331318133, 0.00085401115939, 0.00184822734445, 0.00145552086178, 0.00103113416117, 0.000622189661954, 0.000352521368768, 0.000383759033866, 0.000283990666503, 0.000319131970173, 0.00012372470519, 5.43428359379e-05, 5.50997210667e-05, 6.15412354819e-05, 4.09863823734e-05, 2.20136698772e-05, 5.69886378798e-06, 3.12455455287e-07], "median": [3.47404693457e-07, 3.52402603312e-05, 0.000294550380204, 0.000179607057362, 0.000703295867424, 0.000236165215028, 0.00024140579626, 0.000588254886679, 0.000936054217163, 0.000316629768349, 0.000343551742844, 0.000853679084685, 0.00050089310389, 0.000366860767826, 0.00017848717107, 0.000148432343849, 0.000201131973881, 0.000133990761242, 0.000203467687243, 7.26078797015e-05, 3.19764440064e-05, 5.05267380504e-05, 3.88780281355e-05, 2.04882071557e-05, 8.55402777233e-06, 1.20211609556e-06, 8.68323937198e-08], "dvar": [3.34399103963e-08, 3.03924280161e-05, 9.60585475696e-06, 3.22594189583e-07, 1.31136846448e-06, 5.15264900969e-07, 1.60998104093e-06, 1.40217998705e-05, 1.14708309411e-05, 1.48610934048e-05, 1.635599574e-06, 7.35681896913e-06, 3.91535832023e-06, 2.21254640564e-06, 1.00257796021e-06, 3.22754232229e-07, 2.12700598468e-07, 1.58604223088e-07, 1.61211929139e-07, 3.08713552499e-08, 2.50969272031e-08, 6.1687948083e-09, 6.78900713424e-09, 2.83781353971e-09, 1.0435352582e-09, 5.98231950089e-11, 6.06151251154e-13]}, "melbands_skewness": {"dvar2": 1.59942519665, "var": 1.14361608028, "min": -1.40840435028, "dmean": 0.559859335423, "mean": 1.120013237, "max": 11.714225769, "dmean2": 0.900614082813, "median": 0.971892356873, "dvar": 0.643066525459}, "barkbands_skewness": {"dvar2": 0.861765801907, "var": 0.705718040466, "min": -2.80786633492, "dmean": 0.473933935165, "mean": 0.657368779182, "max": 9.38753986359, "dmean2": 0.76419121027, "median": 0.597497463226, "dvar": 0.35305377841}, "erbbands": {"dvar2": [0.0612096898258, 5.03089427948, 37.6101036072, 24.0498466492, 28.0727767944, 57.869720459, 47.7722129822, 156.368896484, 728.852355957, 2313.94506836, 18504.7695312, 11687.0810547, 31188.3847656, 14915.3457031, 11121.8046875, 18743.5429688, 19757.7070312, 16370.4492188, 6468.29248047, 4334.3515625, 1931.20117188, 1614.15698242, 1311.65917969, 665.481201172, 877.204345703, 150.979537964, 270.767486572, 21.1939983368, 17.4870376587, 23.6251811981, 11.1673059464, 4.67659187317, 1.44604444504, 0.458118140697, 0.136987224221, 0.00625660829246, 0.000409352098359, 5.46082128494e-06, 1.06694550084e-07, 3.82414683253e-10], "var": [0.0150831341743, 1.07422375679, 7.04391145706, 5.36332988739, 12.2823066711, 25.1385345459, 24.2506141663, 102.342880249, 385.380493164, 1823.69006348, 13552.5566406, 8047.45849609, 25020.4589844, 11286.9902344, 10026.8457031, 13946.8271484, 19260.5488281, 16999.3515625, 6911.54248047, 4576.69677734, 2421.26269531, 2156.60229492, 1740.87487793, 917.262207031, 1023.86175537, 129.929748535, 80.9447631836, 15.4851903915, 13.9356031418, 25.0862216949, 11.3255205154, 3.58011841774, 1.14666497707, 0.302065104246, 0.0688142925501, 0.0042267437093, 0.000233941696933, 1.98518182515e-06, 4.80790411928e-08, 4.32290647723e-10], "min": [1.61378259879e-22, 1.62672721303e-21, 5.35060971436e-21, 1.29295139442e-20, 3.53473404296e-20, 6.63033470081e-20, 1.34888600983e-19, 1.01670429912e-19, 1.05781304299e-19, 3.17605095176e-19, 1.63133329233e-19, 6.10317430589e-19, 8.68424768473e-19, 8.80274234146e-19, 2.27648727932e-18, 1.58184302459e-18, 1.70236561798e-18, 1.46327888469e-18, 3.99826889423e-18, 4.47163747543e-18, 4.44910548913e-18, 5.43244498003e-18, 7.38058353559e-18, 7.06364762953e-18, 8.55792789941e-18, 9.9193977045e-18, 7.9645325162e-18, 1.19028535635e-17, 1.36891037742e-17, 1.16366230018e-17, 1.16702288685e-17, 1.2384913745e-17, 1.00493833475e-17, 8.61834020827e-18, 7.47651415277e-18, 4.61738628577e-18, 2.27581581546e-18, 1.12461532208e-18, 2.42895822461e-19, 2.83930068376e-20], "dmean": [0.0325006693602, 0.282662093639, 0.92922025919, 0.973541259766, 1.766310215, 2.2780983448, 1.7019020319, 3.49768185616, 5.95354270935, 13.9079017639, 38.7231292725, 31.5330257416, 44.5400352478, 29.4842281342, 28.601398468, 35.9296188354, 39.9453926086, 33.9516448975, 22.8076782227, 15.3041181564, 11.1190366745, 13.6465682983, 10.7307195663, 8.42092704773, 9.66879653931, 3.31371665001, 1.58211910725, 1.06924879551, 1.23099970818, 1.41772842407, 1.04325735569, 0.695150434971, 0.378975749016, 0.181872561574, 0.0846525207162, 0.0237694866955, 0.00573555519804, 0.000671569723636, 3.12979973387e-05, 7.87783937994e-06], "mean": [0.023110890761, 0.198065072298, 0.830741226673, 1.08586239815, 2.59705305099, 3.65402984619, 2.77916789055, 5.08260822296, 9.12083244324, 21.5117664337, 57.6516036987, 52.6974906921, 75.9094772339, 50.9446716309, 53.5499038696, 68.1933364868, 73.9700317383, 64.6152191162, 42.7109069824, 30.370059967, 23.1626873016, 29.4634189606, 24.2755298615, 19.5843200684, 21.8423233032, 7.23066663742, 2.79050207138, 2.25501942635, 2.66432905197, 2.89827728271, 1.8622303009, 1.13752698898, 0.618217587471, 0.281753152609, 0.115715131164, 0.0310011766851, 0.00667019607499, 0.000775163061917, 4.31795488112e-05, 2.57269348367e-05], "max": [1.17263400555, 12.002620697, 31.5107975006, 28.6886367798, 47.7919120789, 145.893630981, 140.286972046, 179.334075928, 409.917633057, 599.750976562, 1413.2767334, 1435.5020752, 2402.04736328, 2357.89501953, 1482.56445312, 1833.27258301, 1671.3795166, 2310.28759766, 1298.87060547, 1285.19897461, 807.067016602, 544.636352539, 551.799743652, 523.653137207, 429.590270996, 253.568878174, 361.762390137, 100.669960022, 70.6486282349, 67.8648223877, 54.817237854, 23.7018756866, 18.1199092865, 10.8327312469, 8.11234092712, 1.15923309326, 0.19293178618, 0.0198000539094, 0.00828285794705, 0.000163673859788], "dmean2": [0.0579932965338, 0.519703567028, 1.73880386353, 1.8067432642, 3.05537676811, 3.83072113991, 2.77726507187, 6.0672750473, 9.83129501343, 22.4264221191, 62.7492675781, 50.8416290283, 71.2053604126, 47.0028114319, 45.7883644104, 58.7285728455, 62.4810295105, 53.8806648254, 36.1486930847, 23.7237663269, 17.214805603, 21.2479038239, 16.4006462097, 13.0010948181, 14.9258966446, 5.07503461838, 2.62416577339, 1.65992176533, 1.90281939507, 2.17397475243, 1.61267066002, 1.09437680244, 0.599002599716, 0.292483061552, 0.135397911072, 0.0372405722737, 0.00910320784897, 0.00109907181468, 5.14603234478e-05, 1.2674102436e-05], "median": [0.000347502267687, 0.0174358393997, 0.275738537312, 0.551786124706, 1.5285589695, 2.1913895607, 1.53006398678, 2.38260030746, 3.4981739521, 7.50080728531, 16.3424034119, 19.5436267853, 22.7122650146, 16.5552463531, 23.305103302, 32.2208595276, 24.4207267761, 23.72605896, 14.8479995728, 10.0602941513, 7.81910848618, 12.2460689545, 8.99521064758, 8.88223171234, 9.73950099945, 3.68024468422, 1.47396874428, 1.35873782635, 1.76014041901, 1.49978482723, 0.966618478298, 0.593435645103, 0.295452266932, 0.131485193968, 0.0411276482046, 0.00945858936757, 0.00167447305284, 0.000265045673586, 2.18469431275e-05, 2.13180737774e-05], "dvar": [0.0222490057349, 1.76637339592, 12.49518013, 8.09845161438, 9.71512794495, 20.7328701019, 18.3600578308, 59.3049545288, 282.003570557, 924.667175293, 7394.9765625, 4405.26220703, 12115.0332031, 5926.18652344, 4525.68701172, 6782.59472656, 8069.49169922, 6510.60498047, 2664.41357422, 1781.85693359, 856.573242188, 707.917358398, 541.434143066, 296.260650635, 380.997650146, 61.6761856079, 91.9815216064, 8.75762748718, 7.52306461334, 11.1053762436, 4.90747880936, 1.95857942104, 0.601070046425, 0.186220183969, 0.0539535917342, 0.00271015311591, 0.000174921326106, 2.06566619454e-06, 4.55810145183e-08, 1.41840358903e-10]}, "silence_rate_30dB": {"dvar2": 0, "var": 0, "min": 1, "dmean": 0, "mean": 1, "max": 1, "dmean2": 0, "median": 1, "dvar": 0}, "melbands_spread": {"dvar2": 178.415756226, "var": 379.296783447, "min": 0.953722596169, "dmean": 7.62133216858, "mean": 29.1506175995, "max": 196.332000732, "dmean2": 12.0231819153, "median": 25.3775501251, "dvar": 79.4259338379}, "melbands_crest": {"dvar2": 24.6974925995, "var": 21.1331138611, "min": 1.60473430157, "dmean": 3.46816778183, "mean": 10.9769735336, "max": 32.0283050537, "dmean2": 5.74547195435, "median": 10.0231637955, "dvar": 9.7779417038}, "zerocrossingrate": {"dvar2": 0.000188526639249, "var": 0.00161734537687, "min": 0.01171875, "dmean": 0.00894614588469, "mean": 0.0722452700138, "max": 0.51171875, "dmean2": 0.0106746219099, "median": 0.064453125, "dvar": 0.000147595928865}, "barkbands_kurtosis": {"dvar2": 65.4200820923, "var": 22.1604957581, "min": -1.84901785851, "dmean": 1.68942379951, "mean": 1.37644660473, "max": 122.600242615, "dmean2": 2.86873245239, "median": 0.500160455704, "dvar": 25.0690193176}, "spectral_flux": {"dvar2": 0.00138304382563, "var": 0.00202250829898, "min": 6.27045151913e-11, "dmean": 0.0188249014318, "mean": 0.0778258666396, "max": 0.268074542284, "dmean2": 0.0302260369062, "median": 0.0737230032682, "dvar": 0.000646023312584}, "barkbands_crest": {"dvar2": 17.3540935516, "var": 14.3619346619, "min": 2.44362306595, "dmean": 2.79737877846, "mean": 8.72868919373, "max": 26.0860805511, "dmean2": 4.65666151047, "median": 7.81849575043, "dvar": 6.57809400558}, "barkbands_flatness_db": {"dvar2": 0.00113934546243, "var": 0.00149101729039, "min": 0.0138601223007, "dmean": 0.0204437039793, "mean": 0.128884658217, "max": 0.341033190489, "dmean2": 0.0318786092103, "median": 0.128437459469, "dvar": 0.000445820856839}, "spectral_entropy": {"dvar2": 0.0391748771071, "var": 0.117382064462, "min": 6.09977579117, "dmean": 0.138938933611, "mean": 7.58108520508, "max": 9.81307792664, "dmean2": 0.20554035902, "median": 7.53918600082, "dvar": 0.0187400728464}, "pitch_salience": {"dvar2": 0.00998027157038, "var": 0.00969615578651, "min": 0.0961740538478, "dmean": 0.069128267467, "mean": 0.595361173153, "max": 0.988610863686, "dmean2": 0.113857619464, "median": 0.606655240059, "dvar": 0.00380943599157}, "erbbands_spread": {"dvar2": 108.650802612, "var": 168.631195068, "min": 3.4501273632, "dmean": 5.82179450989, "mean": 24.4095573425, "max": 109.962089539, "dmean2": 8.94592571259, "median": 21.4530525208, "dvar": 45.4328384399}, "dynamic_complexity": 4.45666122437, "spectral_contrast_valleys": {"dvar2": [0.47459590435, 0.200552985072, 0.141931027174, 0.119232572615, 0.0957304984331, 0.174107804894], "var": [2.7082862854, 2.54772686958, 2.72715735435, 2.56585979462, 2.38778710365, 2.11209797859], "min": [-28.4644641876, -27.9135284424, -27.5193634033, -27.5764503479, -27.4959983826, -27.3338108063], "dmean": [0.498159199953, 0.327501416206, 0.286908239126, 0.252942562103, 0.220129594207, 0.300017654896], "mean": [-8.67059230804, -7.0791387558, -7.09555578232, -7.58855009079, -7.84368133545, -10.4475860596], "max": [-5.50022792816, -5.26632595062, -4.97291946411, -5.69794225693, -6.10417175293, -8.05383205414], "dmean2": [0.832381248474, 0.542856931686, 0.461182534695, 0.391368806362, 0.323279201984, 0.414864242077], "median": [-8.48220825195, -6.8301692009, -6.87145423889, -7.3348107338, -7.59920978546, -10.2646360397], "dvar": [0.219387084246, 0.0980685055256, 0.0819919407368, 0.07164362818, 0.0652213990688, 0.103986278176]}, "hfc": {"dvar2": 101.939613342, "var": 314.109466553, "min": 1.08554339622e-16, "dmean": 5.31531858444, "mean": 21.5841884613, "max": 110.490570068, "dmean2": 7.9358663559, "median": 17.0569438934, "dvar": 43.3087234497}, "spectral_kurtosis": {"dvar2": 8.60457229614, "var": 7.2645316124, "min": -1.22034227848, "dmean": 1.64329624176, "mean": 5.03799772263, "max": 27.4205360413, "dmean2": 2.79704165459, "median": 4.72483825684, "dvar": 2.86673259735}, "mfcc": {"mean": [-657.765991211, 112.275230408, -29.4050960541, -5.11254930496, -10.9912786484, -3.01004862785, -3.99893760681, 7.26840734482, -12.2769651413, 0.812475144863, 0.100520446897, -7.16480827332, -6.15056371689], "cov": [[8888.47558594, 991.344238281, -998.783996582, -249.623519897, -180.544616699, -93.7980575562, 39.4793815613, 279.591644287, -58.6001815796, -11.5246543884, 97.6867523193, -133.19102478, -95.5040435791], [991.344238281, 794.19342041, -192.81010437, -10.5012617111, -8.59862995148, -9.89171695709, 19.6582202911, 45.2195396423, -19.0293769836, -1.36243844032, 12.0415792465, -2.73443770409, 18.3511066437], [-998.783996582, -192.81010437, 613.883544922, 118.781784058, 79.0492706299, 116.809883118, 40.0420722961, -26.6140155792, 23.4557685852, 5.53513050079, -32.0035057068, 61.0719795227, 55.4156684875], [-249.623519897, -10.5012617111, 118.781784058, 282.933654785, 153.459915161, 6.35893917084, -35.2700843811, -3.01506996155, 22.5969944, 29.4929389954, -3.2063138485, -1.87800765038, 48.4169883728], [-180.544616699, -8.59862995148, 79.0492706299, 153.459915161, 239.684280396, 28.2269878387, -48.8387145996, -10.3122835159, 31.7049922943, 19.4128246307, -11.9408016205, 1.35477256775, 27.3995761871], [-93.7980575562, -9.89171695709, 116.809883118, 6.35893917084, 28.2269878387, 164.648117065, 73.0730133057, 7.63047885895, 24.2338905334, 0.446907401085, -12.3827161789, 26.4002494812, 0.963225722313], [39.4793815613, 19.6582202911, 40.0420722961, -35.2700843811, -48.8387145996, 73.0730133057, 193.939941406, 69.7923049927, 9.06517791748, -18.2152957916, 15.8437242508, 17.5722618103, 1.14581787586], [279.591644287, 45.2195396423, -26.6140155792, -3.01506996155, -10.3122835159, 7.63047885895, 69.7923049927, 124.992866516, 24.0346088409, -13.4005098343, 19.6416683197, 1.56889903545, 6.89210987091], [-58.6001815796, -19.0293769836, 23.4557685852, 22.5969944, 31.7049922943, 24.2338905334, 9.06517791748, 24.0346088409, 108.676795959, 33.1553726196, -0.765415430069, 17.795425415, 1.40428614616], [-11.5246543884, -1.36243844032, 5.53513050079, 29.4929389954, 19.4128246307, 0.446907401085, -18.2152957916, -13.4005098343, 33.1553726196, 109.267280579, 28.1845989227, -1.2908744812, 13.0757246017], [97.6867523193, 12.0415792465, -32.0035057068, -3.2063138485, -11.9408016205, -12.3827161789, 15.8437242508, 19.6416683197, -0.765415430069, 28.1845989227, 98.3065185547, 14.612247467, -0.666189670563], [-133.19102478, -2.73443770409, 61.0719795227, -1.87800765038, 1.35477256775, 26.4002494812, 17.5722618103, 1.56889903545, 17.795425415, -1.2908744812, 14.612247467, 85.6020278931, 18.821516037], [-95.5040435791, 18.3511066437, 55.4156684875, 48.4169883728, 27.3995761871, 0.963225722313, 1.14581787586, 6.89210987091, 1.40428614616, 13.0757246017, -0.666189670563, 18.821516037, 87.5359573364]], "icov": [[0.000163916760357, -0.000140275733429, 0.000189289858099, 4.2582545575e-05, 3.35133336193e-05, -0.000127048188006, 0.00011550232739, -0.00035351634142, 0.000101393408841, -6.22877923888e-05, -3.95672796003e-05, 0.000108044092485, 6.62356324028e-05], [-0.000140275733429, 0.0015588082606, 0.000415296439314, -0.000139148774906, -7.99599292804e-05, -0.000162108801305, -0.000149503423017, -0.000149243380292, 0.000340296304785, -9.84995422186e-05, 0.000185045064427, -0.000369261484593, -0.000535199302249], [0.000189289858099, 0.000415296439314, 0.00274997926317, -0.000848524738103, 3.44713807863e-05, -0.00149962736759, -0.000234850886045, 0.000112573761726, 0.000303015462123, -7.56895387894e-05, 0.000647065753583, -0.00114243885037, -0.000895189237781], [4.2582545575e-05, -0.000139148774906, -0.000848524738103, 0.00621106196195, -0.00347671937197, 0.000740623741876, 0.000190616105101, -0.000414624199038, -0.000137558716233, -0.000666933716275, -0.000359373894753, 0.00108438695315, -0.00184641778469], [3.35133336193e-05, -7.99599292804e-05, 3.44713807863e-05, -0.00347671937197, 0.00721417693421, -0.00186973810196, 0.00203844555654, -0.000262560206465, -0.00124797469471, 0.000386381085264, 6.53561000945e-05, 0.000339431833709, -0.000399210170144], [-0.000127048188006, -0.000162108801305, -0.00149962736759, 0.000740623741876, -0.00186973810196, 0.00961994566023, -0.00412669824436, 0.0014767900575, -0.00109092646744, -0.000564209418371, 0.00142835336737, -0.00154463318177, 0.00129698414821], [0.00011550232739, -0.000149503423017, -0.000234850886045, 0.000190616105101, 0.00203844555654, -0.00412669824436, 0.00915872864425, -0.004737643525, 0.00041560511454, 0.000783594150562, -0.00118881487288, -1.8961065507e-05, -0.000267597613856], [-0.00035351634142, -0.000149243380292, 0.000112573761726, -0.000414624199038, -0.000262560206465, 0.0014767900575, -0.004737643525, 0.0129220476374, -0.00397366378456, 0.00294038816355, -0.00235032127239, 0.00129839917645, -0.00175834295806], [0.000101393408841, 0.000340296304785, 0.000303015462123, -0.000137558716233, -0.00124797469471, -0.00109092646744, 0.00041560511454, -0.00397366378456, 0.0127521678805, -0.00490477960557, 0.00239147501998, -0.00325325806625, 0.00187937426381], [-6.22877923888e-05, -9.84995422186e-05, -7.56895387894e-05, -0.000666933716275, 0.000386381085264, -0.000564209418371, 0.000783594150562, 0.00294038816355, -0.00490477960557, 0.0127921225503, -0.00479597086087, 0.00244736694731, -0.00238186866045], [-3.95672796003e-05, 0.000185045064427, 0.000647065753583, -0.000359373894753, 6.53561000945e-05, 0.00142835336737, -0.00118881487288, -0.00235032127239, 0.00239147501998, -0.00479597086087, 0.0132094807923, -0.00382786849514, 0.00147323089186], [0.000108044092485, -0.000369261484593, -0.00114243885037, 0.00108438695315, 0.000339431833709, -0.00154463318177, -1.8961065507e-05, 0.00129839917645, -0.00325325806625, 0.00244736694731, -0.00382786849514, 0.015263739042, -0.00349693489261], [6.62356324028e-05, -0.000535199302249, -0.000895189237781, -0.00184641778469, -0.000399210170144, 0.00129698414821, -0.000267597613856, -0.00175834295806, 0.00187937426381, -0.00238186866045, 0.00147323089186, -0.00349693489261, 0.0145377004519]]}, "silence_rate_20dB": {"dvar2": 0, "var": 0, "min": 1, "dmean": 0, "mean": 1, "max": 1, "dmean2": 0, "median": 1, "dvar": 0}, "melbands_kurtosis": {"dvar2": 339.7628479, "var": 105.018920898, "min": -1.65948998928, "dmean": 3.44544529915, "mean": 3.71745061874, "max": 233.60168457, "dmean2": 5.87042284012, "median": 1.86879587173, "dvar": 129.32182312}, "barkbands_spread": {"dvar2": 65.875, "var": 119.99471283, "min": 1.47096800804, "dmean": 4.48809814453, "mean": 18.6786727905, "max": 80.6100082397, "dmean2": 7.1199889183, "median": 16.4180469513, "dvar": 27.0364131927}, "erbbands_skewness": {"dvar2": 0.278456628323, "var": 0.563431143761, "min": -3.59793353081, "dmean": 0.375995188951, "mean": 0.423343896866, "max": 5.39759206772, "dmean2": 0.596933245659, "median": 0.42987382412, "dvar": 0.110143907368}, "average_loudness": 0.829136252403, "spectral_centroid": {"dvar2": 139088.875, "var": 574308.625, "min": 219.634277344, "dmean": 234.389297485, "mean": 1591.35754395, "max": 11577.9033203, "dmean2": 365.362640381, "median": 1480.26135254, "dvar": 66227.6953125}, "dissonance": {"dvar2": 0.00106197141577, "var": 0.000797399901785, "min": 0.289204925299, "dmean": 0.0208425223827, "mean": 0.465704530478, "max": 0.500000119209, "dmean2": 0.0352748148143, "median": 0.473166257143, "dvar": 0.000393692753278}, "erbbands_flatness_db": {"dvar2": 0.000621474406216, "var": 0.00212321779691, "min": 0.0656882673502, "dmean": 0.0196030940861, "mean": 0.199128732085, "max": 0.39243683219, "dmean2": 0.0284332744777, "median": 0.202831357718, "dvar": 0.000291417061817}, "spectral_strongpeak": {"dvar2": 2.8323905468, "var": 2.70722842216, "min": 0, "dmean": 0.848893821239, "mean": 1.68572723866, "max": 12.8765115738, "dmean2": 1.40487647057, "median": 1.26529622078, "dvar": 1.08844566345}, "spectral_rms": {"dvar2": 1.89703564502e-06, "var": 3.66219614989e-06, "min": 3.11309203242e-12, "dmean": 0.000643682200462, "mean": 0.00396714732051, "max": 0.0108638359234, "dmean2": 0.00101020256989, "median": 0.00397501513362, "dvar": 7.26591906641e-07}, "silence_rate_60dB": {"dvar2": 0.0544957816601, "var": 0.0935127735138, "min": 0, "dmean": 0.0245518311858, "mean": 0.104422368109, "max": 1, "dmean2": 0.0491132326424, "median": 0, "dvar": 0.0239489879459}, "melbands": {"dvar2": [5.56285294806e-06, 1.03577631307e-05, 5.81893061735e-07, 1.99867272954e-07, 7.19599029253e-08, 7.24068769387e-08, 1.53249757773e-07, 5.42445377505e-07, 1.13530666113e-06, 5.77187677209e-07, 8.57957559219e-07, 3.51188901959e-07, 7.59255840421e-08, 3.99229804771e-07, 4.95355152452e-08, 1.30395505948e-07, 6.98997482118e-08, 2.24201617272e-08, 1.61858579872e-08, 4.6480677085e-09, 3.02398750485e-09, 2.05612682436e-09, 1.68384939325e-09, 6.90549950555e-10, 5.78765424475e-10, 7.06180391941e-10, 2.97855295983e-10, 6.42568984133e-11, 1.2572327901e-10, 2.7005177608e-11, 7.04729677392e-12, 4.78036707441e-12, 1.01802385966e-11, 8.89750339378e-12, 5.23415815898e-12, 3.89220296618e-12, 1.86031203463e-12, 8.7522757054e-13, 5.88031522347e-13, 2.95075704322e-13], "var": [1.36759570069e-06, 2.00463568945e-06, 1.53503535216e-07, 8.58738218312e-08, 3.24804041441e-08, 4.84929820743e-08, 8.69827374572e-08, 4.44435926283e-07, 8.46781574637e-07, 3.8958032178e-07, 6.7346547894e-07, 2.4593086323e-07, 7.27472340145e-08, 2.71925529205e-07, 4.84163606984e-08, 1.14283771779e-07, 6.74590623362e-08, 2.24250236158e-08, 1.79404100464e-08, 4.58322180208e-09, 3.2168609998e-09, 2.33150787565e-09, 2.30121477429e-09, 8.53475401463e-10, 6.93210711056e-10, 7.58635876341e-10, 3.35535516038e-10, 4.08002763519e-11, 3.89999282868e-11, 1.12014252041e-11, 4.33149479825e-12, 3.69242483811e-12, 7.64435389988e-12, 8.93964329646e-12, 5.12262324573e-12, 2.40720095766e-12, 1.31527048367e-12, 6.60303138122e-13, 3.55969051978e-13, 1.87186908768e-13], "min": [2.75859452074e-24, 3.45759785797e-24, 2.24428541231e-24, 3.94368172042e-24, 6.04942205575e-24, 2.41009273332e-24, 1.57444074072e-24, 2.74560572872e-24, 1.58836965773e-24, 3.93079094437e-24, 3.94660445007e-24, 3.17548049066e-24, 6.6216566288e-24, 4.49930879926e-24, 2.8658841398e-24, 4.26769174331e-24, 1.95921474699e-24, 4.93973575911e-24, 6.45146067736e-24, 3.68555341603e-24, 4.82801412227e-24, 5.1107781583e-24, 4.29753198477e-24, 6.03375843361e-24, 4.49336907108e-24, 4.42852194366e-24, 4.77739331241e-24, 6.51129853803e-24, 4.07683631363e-24, 7.52417109122e-24, 5.92135837639e-24, 6.25308661438e-24, 6.52350537168e-24, 5.92659365179e-24, 6.01028587738e-24, 7.31536513163e-24, 6.97597113779e-24, 7.00009292655e-24, 5.99703695847e-24, 7.01408258585e-24], "dmean": [0.000311376323225, 0.000452963431599, 0.000181784547749, 0.000148965613334, 6.5805768827e-05, 7.50669350964e-05, 9.22270919546e-05, 0.000204424111871, 0.000309603579808, 0.000213910796447, 0.000232342645177, 0.000133504494443, 7.83185751061e-05, 0.000149350540596, 6.91341265338e-05, 9.81344128377e-05, 6.43349412712e-05, 4.08933483413e-05, 2.99967232422e-05, 1.7694730559e-05, 1.364664422e-05, 1.47296659634e-05, 1.37520182761e-05, 7.91224556451e-06, 7.4315216807e-06, 8.58399744175e-06, 5.5313721532e-06, 1.74676938514e-06, 1.09099005385e-06, 7.56673614433e-07, 6.47631111406e-07, 7.01193641817e-07, 8.48302363465e-07, 8.45419663165e-07, 6.42142481411e-07, 5.89858473177e-07, 4.06389375485e-07, 2.90438492812e-07, 2.01725001148e-07, 1.47067211742e-07], "mean": [0.000221036636503, 0.000381211837521, 0.000239767250605, 0.000232820078963, 0.000111624438432, 0.00011127700418, 0.000141739306855, 0.000308283779304, 0.000458763039205, 0.000350890273694, 0.000386039173463, 0.000216139189433, 0.000144351623021, 0.000252336642006, 0.000125552294776, 0.000171686813701, 0.000112314599392, 6.95090129739e-05, 5.26551302755e-05, 3.17311169056e-05, 2.5178267606e-05, 2.90946227324e-05, 2.88711544272e-05, 1.64778757608e-05, 1.55401157826e-05, 1.7997192117e-05, 1.13830756163e-05, 3.1799968383e-06, 1.69526413174e-06, 1.33803018798e-06, 1.26838779124e-06, 1.44647140132e-06, 1.62707010531e-06, 1.60675938332e-06, 1.08014000944e-06, 9.33426520078e-07, 6.10214499375e-07, 4.54231127378e-07, 3.1255194699e-07, 2.15267604631e-07], "max": [0.0119544481859, 0.0165288913995, 0.00465530529618, 0.00489110033959, 0.00616204133257, 0.00366812967695, 0.00558031536639, 0.0113201858476, 0.00986277591437, 0.0101094404235, 0.0117481453344, 0.0119208227843, 0.00350693822838, 0.00873129535466, 0.00345519999973, 0.00526046380401, 0.00472822599113, 0.00207678577863, 0.00183318951167, 0.00100882700644, 0.00105532747693, 0.000619849888608, 0.000530238554347, 0.000374118098989, 0.000465410004836, 0.000488161720568, 0.00027513076202, 0.000190274935449, 0.000245420786086, 0.000128607818624, 5.36591905984e-05, 3.3073261875e-05, 4.99775051139e-05, 3.95230199501e-05, 4.1651113861e-05, 3.9361344534e-05, 1.55518537213e-05, 1.35093569043e-05, 1.15618158816e-05, 9.2526042863e-06], "dmean2": [0.000548736657947, 0.000850364565849, 0.000328639580403, 0.00025251833722, 0.00010782499885, 0.000129608233692, 0.000153016662807, 0.000330391165335, 0.000499729765579, 0.000345868698787, 0.000372329959646, 0.000213372564758, 0.000125922437292, 0.000245599716436, 0.000108787724457, 0.000155900779646, 0.000102328573121, 6.57681230223e-05, 4.71354469482e-05, 2.75322236121e-05, 2.11358765227e-05, 2.32395050261e-05, 2.1186991944e-05, 1.23990757857e-05, 1.16206083476e-05, 1.342768428e-05, 8.47070350574e-06, 2.748280167e-06, 1.82367375601e-06, 1.22347057641e-06, 1.03284276065e-06, 1.11021415705e-06, 1.33111529976e-06, 1.3087114894e-06, 1.00544843917e-06, 9.2730670076e-07, 6.57051998587e-07, 4.65678084538e-07, 3.26770589254e-07, 2.38120861695e-07], "median": [5.63129060538e-06, 0.00010356506391, 0.000135901966132, 0.000147271435708, 6.62162201479e-05, 5.18694505445e-05, 5.32684753125e-05, 9.30073292693e-05, 0.000125972699607, 0.0001180479303, 0.000104387647298, 5.91192074353e-05, 5.93681288592e-05, 0.000108939872007, 4.73667496408e-05, 5.02653820149e-05, 3.52754541382e-05, 2.17470060306e-05, 1.30890175569e-05, 1.1177059605e-05, 7.50006847738e-06, 1.13304604383e-05, 1.06254656203e-05, 5.84568397244e-06, 6.3630918703e-06, 7.47738567952e-06, 4.93558445669e-06, 1.45314731981e-06, 7.86647660789e-07, 6.9330479846e-07, 7.67765982346e-07, 9.41596567827e-07, 9.18895125324e-07, 7.33953470444e-07, 4.94655694183e-07, 4.89214016852e-07, 2.688349241e-07, 2.10381728039e-07, 1.38113378512e-07, 9.42292288642e-08], "dvar": [2.02491605705e-06, 3.49912443198e-06, 1.94588750446e-07, 6.94444466376e-08, 2.69798867691e-08, 2.75100386915e-08, 5.90786619625e-08, 2.16673370801e-07, 4.59246876972e-07, 2.14037285673e-07, 3.34928841994e-07, 1.38439986586e-07, 3.16419033197e-08, 1.4474829868e-07, 2.06883203901e-08, 5.1464624562e-08, 2.78521223862e-08, 9.08392561172e-09, 6.77542999483e-09, 2.01240557551e-09, 1.30919242114e-09, 9.0128338126e-10, 7.10020209294e-10, 2.8484470338e-10, 2.52032172909e-10, 3.01649705214e-10, 1.32452396273e-10, 2.54940565186e-11, 4.30126489981e-11, 9.75520098728e-12, 2.7829342563e-12, 2.00699071078e-12, 4.43508034118e-12, 4.03966617102e-12, 2.30464345524e-12, 1.57574083989e-12, 7.86546121203e-13, 3.62052456158e-13, 2.2969535887e-13, 1.21053964379e-13]}, "spectral_skewness": {"dvar2": 0.0836463794112, "var": 0.138409644365, "min": -0.0301339607686, "dmean": 0.19712048769, "mean": 1.61897647381, "max": 3