{"metadata": {"tags": {"genre": ["Rap"], "album": ["STN MTN / Kauai"], "musicbrainz album type": ["album"], "script": ["Latn"], "albumartistsort": ["Childish Gambino"], "musicbrainz album release country": ["XW"], "acoustid_id": ["157bde03-5583-4781-b217-41229b5adafc"], "musicbrainz_artistid": ["7fb57fba-a6ef-44c2-abab-2fa3bdee607e"], "musicbrainz_releasegroupid": ["8615b69b-7f26-453b-9411-0299971153ae"], "musicbrainz_recordingid": ["029add0a-325d-44ea-b090-d932bb75fb30"], "musicbrainz album status": ["Official"], "albumartist": ["Childish Gambino"], "originaldate": ["2014-10-02"], "artist": ["Childish Gambino"], "bpm": ["0"], "musicbrainz_albumid": ["ed46d108-080a-47e3-99fc-dff0dec9f698"], "artistsort": ["Childish Gambino"], "title": ["Fucks Given"], "tracknumber": ["2/18"], "musicbrainz_albumartistid": ["7fb57fba-a6ef-44c2-abab-2fa3bdee607e"], "discnumber": ["1/2"], "date": ["2014-10-02"], "acoustid_fingerprint": ["AQADtFEuTRGDJ8iPfEdS5viVLLjAPMH2BCixMFkeKM-DB03To6JyvEnwY_7xI4_mISlzPEsU8EGfYHuCHnMOMn2Q5OmQww5xvJivCD-eDbGUIPmr4EwEPuiTYFMTosecg-0eJHkehI6Gphvy5_gr6AnyWxmehA2eCPATnFOQJ7gQac3yIBJz6HyQo05zNFWS4HLwC3tw4UoUHsmVcMiPJi-oJxt2-CN67MuMKG8SJHWOpkedZMT146kwnzEe5Bk16EqRr_iTgMeUBycq7DyinGk06DwqBmGq44-Pp1YwSRfRHx_x1HjxJwFpRN_R5EIfHXqv4AkVTcd-VMbONMF5VJgy9kKfIMvpww9qB9fyoN5htUfoY6wNXdCZHT9qQoszHdMTwT-qJnTx43QHrXvwj0ifFj149fiTgFHK4sxS_MoRHskeHg1-CZXkUAmsow_qZgjzQHVwZQ9uSWgeolbxD43aHIq6xAt6uEQfJR_6CJbGo4denCwao_aGL4KPW-jR8A7041kHsc5x_Efz4g_StPiF-EcvHU9enCxqU4OijMcFazzG0cFjokaDXRH6QEyTzOh05EfPLsMf_PDjoWvAZ8iyQ3yyBxt3oX5wRkKfDFqOUydyoqkSHf2GPIe_RIRyb_gVHM3RH_dSTMnPQftiVIcWRoqOPtFh99AXoj_eFprEozmusJiuD42aJDiLMEPIHE8G5QuJtD5-_MdVHccbCaeMsMuJ_9D14EcTE3vQHEcTZrSE6xn-C22OZtMe_EF1iM-CLvxwe7g-9MF1uKOHHmikKDz64BuaHy2P40Rz9DkuNNfRFe-F5tAaHTcaJ-h31IfVQrNytDKa7kF-1C8aZcJ54cc_hKGSo9Yk4kcz5gIjN9CDe0d83Ebz40VvHUeeCNKUFmFkFpP0JMFvVEXz483xD6GewT9E6IfeHN9g_MCF_ji0K4PVVvCodehz4snxrESfw5-g7cOPK8mHSw_648vhfNDI47nQjtgeXjDloaJCFI2mHB2NpopFvBZqNE2CH_B7XIko_KgfWOuDK-HQVTuOJkefB19RKkHzGLlxNPnRzYnw6qiJMC1uydATPnjuGPHRLsSJ-0S-H-8hfsKXTcgnfOgXRnhz7B_8BHky6GKOfHOC8TnKw9qWo2eD68gfI1k4wmNUSehF3LHw5NHRjAw6FjnF4gwDTeOBlPqK84Jd5FKk44e4HuGMr8eNK9HxHGsuhE-DJhV07BliP0efXcZJpYZ19MiP5jeS8yJ8lO9x8XhyFM1-5DmeC90sOBSO78hxZscP98KP3II_VDyh_3iJssvRbCHxiAnuBPIjEaGo7PAPWiLRF7WWEc2XIr6hTePxo2HOJEduPFmQugefRT16NvCJ45NRFPokfPCP8KjUHU2iC9-IPAwuiHtwJTIeRivytPgrhD8s07iItoaWH08apIelCzeQ_ngYHHrgC0cvEnGKMEf1DPqHM8dz4fSLOD8YcuOQZuRIPDyuCeHzoKRmNIs0LcCYEs0XBr0S5LuQPBv6oqmIMw8mhUcTKksVXBJlJA_CTDNe4WqGND8k7caPizn6TvihR8f6HP0DT73whHBG4sfh59C0hAmuvHgtQku2LEJJHgqPRvliMEymWMKnbDDy3Mi6psEzZYR-hJ-x_cKZ5EKZS8aPz0ZMhfhxSTn6bBnE_fBV_LgWuIbw4cLR48eUK8Gao3lX4VtyXDfqBPnho3qOUzyeA5X1wFdyJHMUXcjz3PgiuvD0BNeGO_iRoznqHNeFPRYq6miahMaLftCijbih50FfpMyO_viEqg-aa8gXijj6wJMSE8yhuRJhJxcRbip-lFn24QqvwOWDo3lq4dkzcHqQhHmKoE6Ipgt2pcfzBNcpcHmOe8GTHH-QI9mVYUouHDuHK9cWsE_QVPlR1dDFg3yM6mgeo0xONFvz4MpWRDSEMDeepOj6Y6Y3sFn2BNEz6CmaitjTo7uFP07wPA8uDnpnIX_wXOB_VIdVRUTlFH-QNX-g_EFebGGa4duPP0ez9Ajz7NCPXPTwHAejPGgqibiTJADLPsjzIHmOHw7TRAe_GH9WNNHR8MFl5NoT6DXSp_i6BNUjolET7NiiL8TzBHyKiJfg5th3_E7QRBdEos-iHbrE42dQXwF_5AnuiIJVSUfIjJD6BNFpBX-OrQmuHLxipJMMOVGRxVsaNPEnnAmO-Nj5QluYBQ3HHsfRTDuu47ugD-Zw_PgpvCK8D8dxGyeMP0f1D5de6NoT7IYpLcflo4djouchR_rwD1fQMDq06_jU4_CLfMcvFM3DI5-GE-KN_PjR6miON1KL62gehP4BrUoc-GPxb0EjH_WhhUpw6jiaqhPK6XhxnEnQqEe_o8-LJtuL31Bk_bhu5PBJVMiPh4euZBrCRwl-ObgPS6PRZ9zwJDiPtMd7qFSq40E_BXaY4zs-GD_QCDv0xSgZYg_R5_iOK0etQNSHXrh7XKbwJRe0hccHP0ePSxemnEfXoDqa5_jRWEeNJi76HNp2uEkd9EEP8eimHFeK60EIM3uEPhO-o0NTBfGiOjiaSXHQ4zV6r2hChfiiiKgOLQ9xXsijZNmQqz1-ZUaydUOb5UFVXfAk1F6Gki3cqDiD5MqRxjqqPAPhPTCACYOFMA4wBiSQBhkAGJVCOEycetMYzQigUggMHFACCMGFQAQ6BwEExiMGnKYAAaCcUEIBhywDAhpKABWKEAgIQUoIIIiABiEOGHJIEQAIII4gQawgABinNAHKAiAQEAYoIhBBBAhiEBACOUAIAgoBCYgWAgACiiPCEISYUcQBQQQiwhAhHFFSUIKcAYJAa4ARABjFABVGAgGccEaBo4QQgHghFBBMAKqRAIyBJJQVQAABFVNECEIsccgRZAAAACEDCDIKCCkEsEAYJoAwSAgmBLNCMGWEBMBYgZiCCJnhKAKCCoKYQ04pwRgwCCFjEHKCCQOIAAQgQYChAiDAhHHAMESAEIwhIAQTTBiikDAGeAsEkMAAQRQDxhBiDGREEICMAYgQApAQBgkhFFICEGYUA0IARgwgSCgDkTSECGCIMEQJARAhCChCBAKMOAisEcYBoAABAgAlDCAICSCgcAoAqRABAlgAEEFMKIQIRIoAIxhSggEACGIuKaIQIIg5RgAQSCgplJDCCkEIYQ4aII0gSAhGFCFIEIIs8EAhIIA4ShCACAOGCISQcgwQJYRkRjnILGBCAmAIYAQ0AxBCQAACBABIIQedYMQ4xpkSTCCgmAPEBAyYFQQIC4hyxBCigDAIIcSUFUIYABwRhAFBBUCEAQQcMQgAQYBCQAoFgBKCCAAQkgIQIARABHjDjIIACIcEdQQIwAQYxiAkDCOMGSuAEEoAABRBxChgnBEEIUIB91IQIAICmBkFEWYAMKqQAwYARYAQFBBgCTCKCAaMANwZYBwAShilnFBaIAOAAAgoABAhTAJhjACAEAAUMcAggIgAhhiBiAHCAKqQMwgIg6hQRhGlEAAEKOOQgEQAgoBhSAnFhFbKIGSAYkpYIQhGQhgBhCFGKeMA"], "media": ["Digital Media"], "file_name": "02 Fucks Given.mp3", "language": ["eng"]}, "audio_properties": {"sample_rate": 44100, "downmix": "mix", "lossless": false, "analysis_sample_rate": 44100, "md5_encoded": "c7f9c593cefa9b0927652cce0b089279", "equal_loudness": 0, "replay_gain": -12.0147972107, "codec": "mp3", "bit_rate": 320000, "length": 150.230209351}, "version": {"extractor": "music 1.0", "essentia_build_sha": "70f2e5ece6736b2c40cc944ad0e695b16b925413", "essentia_git_sha": "v2.1_beta2", "essentia": "2.1-beta2"}}, "rhythm": {"beats_loudness_band_ratio": {"dvar2": [0.238102510571, 0.0885892957449, 0.0856319740415, 0.0756336823106, 0.0480052903295, 0.0214882921427], "var": [0.133904695511, 0.0498112328351, 0.0346625782549, 0.027219414711, 0.0118079707026, 0.00476369727403], "min": [2.77081344393e-05, 0.000121358003526, 0.000130837521283, 3.68342771253e-05, 1.11459385153e-05, 2.75132401839e-06], "dmean": [0.373223006725, 0.135200113058, 0.159738540649, 0.155346795917, 0.0789772048593, 0.0578183606267], "mean": [0.586050212383, 0.135830074549, 0.138525933027, 0.111232541502, 0.05769636482, 0.0368889905512], "max": [0.998857557774, 0.954006254673, 0.902452945709, 0.77963155508, 0.846193671227, 0.462759226561], "dmean2": [0.646860480309, 0.237899720669, 0.278568536043, 0.28504934907, 0.146259531379, 0.111548289657], "median": [0.704056918621, 0.031176911667, 0.0479904748499, 0.0312585644424, 0.0161914210767, 0.00689938291907], "dvar": [0.0954955071211, 0.0373170189559, 0.0357258953154, 0.0296376664191, 0.0167014151812, 0.00732361339033]}, "bpm_histogram_first_peak_weight": {"dvar2": 0, "var": 0, "min": 0.709790229797, "dmean": 0, "mean": 0.709790229797, "max": 0.709790229797, "dmean2": 0, "median": 0.709790229797, "dvar": 0}, "bpm": 115.00340271, "beats_count": 287, "bpm_histogram_first_peak_spread": {"dvar2": 0, "var": 0, "min": 0.28771930933, "dmean": 0, "mean": 0.28771930933, "max": 0.28771930933, "dmean2": 0, "median": 0.28771930933, "dvar": 0}, "danceability": 1.14782166481, "bpm_histogram_first_peak_bpm": {"dvar2": 0, "var": 0, "min": 115, "dmean": 0, "mean": 115, "max": 115, "dmean2": 0, "median": 115, "dvar": 0}, "beats_position": [0.53405892849, 1.09133780003, 1.62539684772, 2.14784574509, 2.67029476166, 3.19274377823, 3.7151927948, 4.23764181137, 4.74848079681, 5.27092981339, 5.79337835312, 6.31582736969, 6.83827638626, 7.36072540283, 7.8831744194, 8.40562343597, 8.92807197571, 9.45052146912, 9.97297000885, 10.4954195023, 11.017868042, 11.5403175354, 12.0627660751, 12.5852155685, 13.1076641083, 13.6301136017, 14.1525621414, 14.6750106812, 15.1974601746, 15.7315187454, 16.2539672852, 16.7648067474, 17.2756462097, 17.8097057343, 18.3321533203, 18.8546028137, 19.365442276, 19.8878898621, 20.4103393555, 20.9327888489, 21.4552383423, 21.9776859283, 22.5001354218, 23.0225849152, 23.5450344086, 24.0558719635, 24.5783214569, 25.1007709503, 25.6348285675, 26.1456680298, 26.6797275543, 27.2021770477, 27.7246246338, 28.2354640961, 28.7579135895, 29.2803630829, 29.8028106689, 30.3252601624, 30.8477096558, 31.3701572418, 31.8926067352, 32.4150543213, 32.9375038147, 33.4599533081, 33.9824028015, 34.5048522949, 35.0273017883, 35.5497512817, 36.0722007751, 36.5946464539, 37.1054878235, 37.6279373169, 38.1503829956, 38.672832489, 39.1952819824, 39.7177314758, 40.251789093, 40.7742385864, 41.2966880798, 41.8075294495, 42.3299751282, 42.8408164978, 43.374874115, 43.8973236084, 44.4197731018, 44.9306106567, 45.4646720886, 45.9755096436, 46.497959137, 47.0204086304, 47.5428581238, 48.0653038025, 48.5877532959, 49.1102027893, 49.6326522827, 50.1551017761, 50.6775512695, 51.2000007629, 51.7224464417, 52.2448959351, 52.7789573669, 53.2897949219, 53.8122444153, 54.3346939087, 54.8687515259, 55.3795890808, 55.9020385742, 56.4244880676, 56.946937561, 57.4693870544, 57.9802246094, 58.5142860413, 59.0483436584, 59.5591812134, 60.070022583, 60.5924720764, 61.1149177551, 61.6257591248, 62.1598167419, 62.6822662354, 63.2047157288, 63.7155532837, 64.2380065918, 64.7604522705, 65.2945098877, 65.8053512573, 66.327796936, 66.8502502441, 67.3610839844, 67.895149231, 68.4175949097, 68.9400405884, 69.450881958, 69.9733352661, 70.4957809448, 71.0182266235, 71.5406799316, 72.0631256104, 72.5855789185, 73.1080245972, 73.6304779053, 74.1413116455, 74.6637649536, 75.1862106323, 75.7086639404, 76.2311096191, 76.7535552979, 77.2876205444, 77.8100662231, 78.3325119019, 78.85496521, 79.3658065796, 79.8882522583, 80.410697937, 80.9331512451, 81.4555969238, 81.9780502319, 82.5004959106, 83.0229492188, 83.5453948975, 84.0678405762, 84.5902938843, 85.112739563, 85.6351928711, 86.1576385498, 86.6800918579, 87.1909255981, 87.7133789062, 88.235824585, 88.7698822021, 89.2807235718, 89.7915649414, 90.3140106201, 90.8364639282, 91.3705215454, 91.8929672241, 92.4154205322, 92.9262542725, 93.460319519, 93.9711532593, 94.4936065674, 95.0160522461, 95.5501098633, 96.0609512329, 96.5833969116, 97.1058502197, 97.6399078369, 98.1507492065, 98.6731948853, 99.1956481934, 99.7180938721, 100.240539551, 100.75138092, 101.285438538, 101.807891846, 102.330337524, 102.852790833, 103.375236511, 103.886077881, 104.40852356, 104.930976868, 105.453422546, 105.975868225, 106.498321533, 107.020767212, 107.54322052, 108.065666199, 108.576507568, 109.098953247, 109.621406555, 110.143852234, 110.666305542, 111.200363159, 111.711196899, 112.233650208, 112.756095886, 113.278549194, 113.800994873, 114.323448181, 114.84589386, 115.368339539, 115.890792847, 116.413238525, 116.935691833, 117.469749451, 117.98059082, 118.503036499, 119.025482178, 119.559547424, 120.070381165, 120.592834473, 121.115280151, 121.649337769, 122.160179138, 122.682624817, 123.205078125, 123.739135742, 124.249977112, 124.760810852, 125.294876099, 125.828933716, 126.339767456, 126.862220764, 127.373062134, 127.895507812, 128.417953491, 128.94039917, 129.462860107, 129.985305786, 130.496139526, 131.030197144, 131.552658081, 132.07510376, 132.5859375, 133.119995117, 133.630844116, 134.153289795, 134.675735474, 135.198181152, 135.720626831, 136.23147583, 136.753921509, 137.276367188, 137.798812866, 138.321273804, 138.843719482, 139.366165161, 139.88861084, 140.411056519, 140.921905518, 141.444351196, 141.966796875, 142.489242554, 143.011703491, 143.545761108, 144.068206787, 144.590652466, 145.101501465, 145.623947144, 146.146392822, 146.668838501, 147.19128418, 147.725341797, 148.247802734, 148.770248413, 149.281082153, 149.803527832], "beats_loudness": {"dvar2": 0.0218791514635, "var": 0.00764220347628, "min": 4.9934071285e-05, "dmean": 0.0739820897579, "mean": 0.0945785939693, "max": 0.370443284512, "dmean2": 0.13532012701, "median": 0.0566365532577, "dvar": 0.00771428318694}, "bpm_histogram_second_peak_weight": {"dvar2": 0, "var": 0, "min": 0.00349650345743, "dmean": 0, "mean": 0.00349650345743, "max": 0.00349650345743, "dmean2": 0, "median": 0.00349650345743, "dvar": 0}, "bpm_histogram_second_peak_spread": {"dvar2": 0, "var": 0, "min": 0, "dmean": 0, "mean": 0, "max": 0, "dmean2": 0, "median": 0, "dvar": 0}, "bpm_histogram_second_peak_bpm": {"dvar2": 0, "var": 0, "min": 108, "dmean": 0, "mean": 108, "max": 108, "dmean2": 0, "median": 108, "dvar": 0}, "onset_rate": 4.40614461899}, "lowlevel": {"spectral_energyband_high": {"dvar2": 1.94485637621e-05, "var": 5.66915514355e-06, "min": 7.73301104755e-21, "dmean": 0.000826313567813, "mean": 0.000818372354843, "max": 0.0239776391536, "dmean2": 0.00138554919977, "median": 0.000159516435815, "dvar": 7.00178270563e-06}, "spectral_energyband_middle_low": {"dvar2": 0.0016343141906, "var": 0.000417968374677, "min": 2.08760224586e-22, "dmean": 0.00881762988865, "mean": 0.011661878787, "max": 0.272399306297, "dmean2": 0.0148195484653, "median": 0.00570856640115, "dvar": 0.00057742302306}, "spectral_energy": {"dvar2": 0.00167533883359, "var": 0.00342422584072, "min": 1.08051170295e-20, "dmean": 0.0151982484385, "mean": 0.0503809973598, "max": 0.364005446434, "dmean2": 0.0216734427959, "median": 0.0294759329408, "dvar": 0.000939222227316}, "spectral_spread": {"dvar2": 3352697765890.0, "var": 5323365548030.0, "min": 609035.25, "dmean": 918413.3125, "mean": 4376642.5, "max": 40306240, "dmean2": 1413459.75, "median": 3791466, "dvar": 1584843587580.0}, "spectral_energyband_low": {"dvar2": 0.00128150265664, "var": 0.00290247611701, "min": 7.03804534025e-23, "dmean": 0.0110841533169, "mean": 0.0355316996574, "max": 0.363226026297, "dmean2": 0.0149316312745, "median": 0.00291161122732, "dvar": 0.000774993503001}, "spectral_rolloff": {"dvar2": 5043435.5, "var": 4909487.5, "min": 64.599609375, "dmean": 652.030273438, "mean": 1513.35058594, "max": 18755.4199219, "dmean2": 1123.3939209, "median": 710.595703125, "dvar": 2302517.5}, "barkbands": {"dvar2": [1.37086517498e-05, 0.00158960965928, 0.00129302311689, 0.000602672633249, 0.000189256767044, 3.37668061547e-05, 1.05569824882e-05, 1.78688824235e-05, 3.61189813702e-05, 1.27024140966e-05, 4.27087297794e-06, 7.52917458158e-06, 3.39259258908e-06, 7.65007712289e-07, 5.5289666534e-07, 8.43324301059e-07, 8.01905969183e-07, 6.47467004455e-07, 9.87306734146e-08, 2.46464480824e-07, 1.91372649283e-07, 1.38981434361e-07, 4.83471058033e-06, 2.65534936261e-06, 3.47167343762e-08, 8.07549316306e-09, 3.6002541226e-11], "var": [8.48800391395e-06, 0.00200205319561, 0.000281623011688, 0.000126543804072, 5.33891216037e-05, 7.27002225176e-06, 7.12254859536e-06, 1.33171188281e-05, 2.24204195547e-05, 1.33110934257e-05, 4.01619763579e-06, 6.04360411671e-06, 3.49800234289e-06, 5.41674580745e-07, 4.09450308325e-07, 7.27188137262e-07, 9.67035248323e-07, 2.71034679145e-07, 1.07687455397e-07, 1.2928356341e-07, 1.13263141088e-07, 7.10553464955e-08, 1.19503329188e-06, 6.66777964398e-07, 1.38492541879e-08, 1.07032072094e-08, 1.84946068876e-11], "min": [9.39762659983e-24, 4.08532698132e-23, 2.16987535801e-23, 4.12325643916e-24, 1.74866260435e-23, 1.19307031427e-23, 6.70956681476e-23, 5.44611204283e-23, 4.92411426214e-23, 6.80104628077e-23, 3.81531503959e-23, 3.89255619736e-23, 5.44190836084e-23, 1.36267252166e-22, 6.51893131949e-23, 2.13839617913e-22, 2.3884857858e-22, 3.56462185967e-22, 3.72648425296e-22, 5.13832338251e-22, 1.9815523296e-22, 5.8723860965e-22, 7.62140406691e-22, 1.04259876007e-21, 1.09844496248e-21, 1.58173927077e-21, 2.40913182816e-21], "dmean": [0.000625323271379, 0.0105022704229, 0.00526097044349, 0.00367508875206, 0.00289340876043, 0.000812345359009, 0.000800041947514, 0.00110510434024, 0.00111544446554, 0.000802097318228, 0.00047968319268, 0.000520012108609, 0.000416724855313, 0.000236296720686, 0.000172562431544, 0.000226097574341, 0.000232229431276, 0.000152892753249, 8.25494789751e-05, 9.87942476058e-05, 9.11483875825e-05, 7.40810646676e-05, 0.000331278133672, 0.000249825185165, 3.71271635231e-05, 1.87327914318e-05, 1.38067127864e-06], "mean": [0.00100163766183, 0.0272610969841, 0.00584568362683, 0.00312753603794, 0.00328625645489, 0.000593179487623, 0.000897168938536, 0.00137266446836, 0.00155842362437, 0.00114950386342, 0.000693387410138, 0.000649283756502, 0.000563567562494, 0.000307846930809, 0.000207017510547, 0.000317700760206, 0.000342524261214, 0.000190292383195, 0.000143839250086, 0.000139774769195, 0.000112482448458, 8.88367867447e-05, 0.000264528702246, 0.000199874353711, 3.91890607716e-05, 2.62160920101e-05, 1.37495635499e-06], "max": [0.0341173633933, 0.34190684557, 0.23232139647, 0.171086132526, 0.0984516441822, 0.114673316479, 0.0655096322298, 0.0517821647227, 0.140712246299, 0.0521104745567, 0.0285848341882, 0.0368943475187, 0.0364042632282, 0.0107141854241, 0.0106719424948, 0.0180881805718, 0.0177539400756, 0.0106797115877, 0.00356871681288, 0.00494909053668, 0.00397652946413, 0.00368087389506, 0.0127526046708, 0.00903094094247, 0.00163166166749, 0.00154952076264, 8.41352812131e-05], "dmean2": [0.000909525493626, 0.0146361142397, 0.00957032758743, 0.00662499992177, 0.00492058834061, 0.00149372615851, 0.00126014743, 0.00167378527112, 0.00164301204495, 0.001189049799, 0.000714741996489, 0.000808846671134, 0.000646460277494, 0.000368619366782, 0.000271108059678, 0.000332555966452, 0.000342838349752, 0.000244796567131, 0.000116292387247, 0.000151525237015, 0.000140204458148, 0.000117933675938, 0.000580268329941, 0.000436262140283, 6.22704028501e-05, 2.89205909212e-05, 2.37067729358e-06], "median": [3.76493562726e-06, 0.00135074043646, 0.000404317106586, 0.000163886274095, 0.00079001521226, 3.46641463693e-05, 8.39985732455e-05, 9.36111464398e-05, 7.07828294253e-05, 7.7881028119e-05, 6.60675141262e-05, 3.87036088796e-05, 5.0741888117e-05, 5.44686772628e-05, 2.327934817e-05, 5.31693076482e-05, 5.17537191627e-05, 4.77672656416e-05, 5.05129428348e-05, 4.56727357232e-05, 1.83771007869e-05, 1.41445325426e-05, 1.9942794097e-05, 1.29023710542e-05, 3.35395907314e-06, 4.92352342008e-07, 1.14270770624e-08], "dvar": [5.91809794059e-06, 0.000768834841438, 0.00045387778664, 0.000209068297409, 6.82281824993e-05, 1.17706767924e-05, 4.93125844514e-06, 8.30663884699e-06, 1.52721986524e-05, 6.37861376163e-06, 2.0437942112e-06, 3.325552143e-06, 1.52145184984e-06, 3.35938466378e-07, 2.52423546954e-07, 4.00763184416e-07, 4.27258726177e-07, 2.67178450031e-07, 5.25837293708e-08, 1.09585904795e-07, 8.84182895788e-08, 6.17447994955e-08, 1.6907221152e-06, 9.26570066895e-07, 1.27538966055e-08, 4.0090450959e-09, 1.38896758678e-11]}, "melbands_skewness": {"dvar2": 8.93395137787, "var": 20.7295093536, "min": -4.85081005096, "dmean": 1.60245227814, "mean": 4.77090406418, "max": 29.6890239716, "dmean2": 2.32511496544, "median": 3.17307662964, "dvar": 4.44679260254}, "barkbands_skewness": {"dvar2": 7.83923530579, "var": 13.7583665848, "min": -5.97493171692, "dmean": 1.33248794079, "mean": 3.18656182289, "max": 43.1711883545, "dmean2": 1.94773137569, "median": 1.94823813438, "dvar": 3.66852450371}, "erbbands": {"dvar2": [1.9022321701, 84.3648910522, 1193.00866699, 3127.6706543, 5803.90234375, 1112.69909668, 1586.12365723, 2360.47998047, 884.704528809, 7123.30566406, 7875.42724609, 17546.203125, 18190.734375, 2570.16650391, 7318.99560547, 10838.9941406, 6865.90673828, 2336.78076172, 817.641052246, 1833.84216309, 2599.82324219, 1784.61755371, 2131.37109375, 569.991394043, 196.598571777, 800.882751465, 362.645629883, 281.778198242, 231.687316895, 204.033218384, 5039.40917969, 4060.19726562, 128.174713135, 9.78387928009, 0.718920350075, 0.13897074759, 0.0545114465058, 0.000321516476106, 9.64227979239e-07, 2.63651567245e-09], "var": [3.24230909348, 77.2455825806, 341.97454834, 757.242248535, 1303.61816406, 388.017852783, 596.459899902, 510.566833496, 415.944061279, 5915.69726562, 3892.49047852, 12668.6757812, 21383.8808594, 2402.23925781, 8433.984375, 11127.8828125, 6990.34277344, 1941.29699707, 538.541870117, 1474.70532227, 2358.54003906, 2272.31225586, 947.389404297, 359.465576172, 204.583435059, 346.500396729, 210.839874268, 146.934539795, 100.689414978, 89.3875350952, 1227.67736816, 1005.08795166, 35.7313041687, 3.15954494476, 0.468338876963, 0.0950852781534, 0.103311449289, 0.000216933331103, 4.80835751659e-07, 4.46214620808e-09], "min": [1.00243172982e-21, 9.67605669085e-21, 2.63537917546e-20, 2.07294628057e-20, 2.23760417475e-20, 9.70518734246e-20, 5.16723249673e-20, 1.25701532434e-19, 4.11805664105e-19, 2.01198655909e-18, 6.41399569286e-19, 1.17509081364e-18, 1.24535742853e-18, 3.01328021198e-18, 1.22818660658e-18, 1.81549621523e-18, 2.4031034021e-18, 4.45559141231e-18, 5.88566633664e-18, 5.19824409243e-18, 1.36229020282e-17, 1.48124224907e-17, 1.93069430906e-17, 1.52582579516e-17, 2.35700714946e-17, 2.55710660641e-17, 1.08682532764e-17, 1.04509820164e-17, 1.74579032539e-17, 2.63676112155e-17, 1.85803029727e-17, 1.79592028293e-17, 2.00351316905e-17, 1.33651484134e-17, 7.88357304093e-18, 5.93732831539e-18, 3.05065740194e-18, 1.15098759777e-18, 3.34445691117e-19, 3.64143291027e-20], "dmean": [0.36994856596, 2.35622024536, 5.5115685463, 9.01803588867, 12.5153083801, 7.66879987717, 8.44644737244, 6.30299520493, 6.88557481766, 23.7620677948, 17.4852161407, 25.9954166412, 32.9947433472, 11.4700975418, 20.9733390808, 20.7752532959, 18.7093963623, 13.3135480881, 8.05854225159, 9.5442943573, 11.8195333481, 11.502907753, 9.326587677, 5.14584493637, 3.63605546951, 5.05102443695, 3.76273274422, 3.51240682602, 2.84183287621, 3.24080371857, 10.507352829, 9.41180229187, 1.89615988731, 0.581169784069, 0.189930513501, 0.088780708611, 0.039547085762, 0.00424959650263, 0.000220568137593, 2.19646244659e-05], "mean": [0.847525477409, 5.61730051041, 8.76491546631, 8.07947540283, 12.0589818954, 9.09996318817, 8.47493743896, 4.71780633926, 7.40072250366, 30.5824832916, 21.1842918396, 37.4202766418, 51.5938186646, 16.7780914307, 33.0683059692, 28.2109775543, 26.3796634674, 19.1620159149, 11.0120296478, 13.848985672, 17.8168296814, 17.5027770996, 12.348982811, 8.53872871399, 5.7576417923, 6.86400985718, 5.05675840378, 4.08027982712, 3.13272976875, 3.64632701874, 8.17593383789, 7.1131067276, 1.70434212685, 0.591508507729, 0.223320662975, 0.101435787976, 0.0634749978781, 0.00511527853087, 0.000258773856331, 6.4507323259e-05], "max": [13.1941785812, 75.626411438, 228.448547363, 390.73248291, 564.567932129, 274.495483398, 425.236877441, 1047.81884766, 294.194488525, 1734.14807129, 2020.23205566, 2526.18310547, 1999.8112793, 987.657348633, 1238.52160645, 1791.93078613, 1425.45678711, 606.953674316, 369.342834473, 696.608337402, 1234.02770996, 1079.09106445, 613.734375, 231.872772217, 160.329284668, 285.286468506, 162.330947876, 150.181869507, 144.487518311, 85.8904571533, 408.262542725, 362.167877197, 71.5986785889, 25.8708667755, 11.1457853317, 4.80305051804, 5.02064752579, 0.184339553118, 0.0123003171757, 0.000624835316557], "dmean2": [0.475339919329, 3.3906724453, 9.56455230713, 15.9750204086, 21.908788681, 12.9637832642, 14.603222847, 11.5951948166, 11.2422523499, 36.0538101196, 26.7410526276, 37.610080719, 46.4896659851, 17.0669536591, 31.4687385559, 31.0734634399, 28.5919208527, 20.0479469299, 12.5601100922, 14.4820432663, 17.1508960724, 17.0362586975, 14.7171859741, 7.37361049652, 5.14816045761, 7.89687538147, 5.65359115601, 5.43629693985, 4.59813261032, 5.29932117462, 18.4345207214, 16.5844898224, 3.22345304489, 0.977489948273, 0.311279207468, 0.146231114864, 0.0577669814229, 0.0069669727236, 0.000372815411538, 3.24714419548e-05], "median": [0.0107495142147, 0.376129716635, 0.819432735443, 1.67838978767, 1.57453763485, 2.31781864166, 1.07568597794, 0.424437493086, 1.00175428391, 3.36586475372, 2.81224703789, 2.32276129723, 4.11094045639, 2.17883682251, 3.32227253914, 2.19111227989, 2.68393182755, 3.82873511314, 2.4239089489, 2.70434784889, 3.18372035027, 2.8176074028, 3.01063752174, 3.59446334839, 1.40737962723, 2.30119132996, 1.38490462303, 0.682686090469, 0.421565026045, 0.5221580863, 0.609469413757, 0.35630518198, 0.117917649448, 0.0487939454615, 0.0196748003364, 0.00288698775694, 0.000768670404796, 9.96088783722e-05, 3.73918555852e-05, 4.64570330223e-05], "dvar": [1.08810687065, 37.1718139648, 431.424499512, 1137.0300293, 2032.56115723, 411.425994873, 606.552734375, 822.411376953, 367.664215088, 3472.54663086, 3269.0222168, 7775.53613281, 9370.48730469, 1251.09338379, 3592.80834961, 5269.44042969, 3053.9362793, 1060.62072754, 352.934356689, 824.284545898, 1243.51574707, 948.511291504, 873.367126465, 253.076446533, 108.183799744, 334.925109863, 164.743850708, 123.615623474, 97.7320480347, 82.9872131348, 1756.66064453, 1414.95666504, 45.5251464844, 3.5312974453, 0.279825031757, 0.0553982518613, 0.0318585336208, 0.000133050605655, 3.68014752894e-07, 1.36859035216e-09]}, "silence_rate_30dB": {"dvar2": 0.11514043808, "var": 0.124162383378, "min": 0, "dmean": 0.0593508519232, "mean": 0.854736506939, "max": 1, "dmean2": 0.118720047176, "median": 1, "dvar": 0.0558261610568}, "melbands_spread": {"dvar2": 1401.92150879, "var": 890.431518555, "min": 0.189630314708, "dmean": 10.8410768509, "mean": 20.9574642181, "max": 273.781219482, "dmean2": 17.0957393646, "median": 11.8459157944, "dvar": 563.185546875}, "melbands_crest": {"dvar2": 29.8511562347, "var": 47.5127258301, "min": 2.07393455505, "dmean": 3.4330945015, "mean": 20.2752017975, "max": 35.3444709778, "dmean2": 5.19860601425, "median": 20.7171134949, "dvar": 12.9685850143}, "zerocrossingrate": {"dvar2": 0.000592420110479, "var": 0.0033838825766, "min": 0.001953125, "dmean": 0.0141097428277, "mean": 0.0547689944506, "max": 0.50927734375, "dmean2": 0.0162391830236, "median": 0.03759765625, "dvar": 0.000464416312752}, "barkbands_kurtosis": {"dvar2": 14560.7236328, "var": 10434.4277344, "min": -1.9655367136, "dmean": 22.1989421844, "mean": 33.8526115417, "max": 2489.25830078, "dmean2": 34.2040176392, "median": 4.35396766663, "dvar": 6263.56103516}, "spectral_flux": {"dvar2": 0.00692090811208, "var": 0.00911797489971, "min": 1.03947662977e-10, "dmean": 0.0427444763482, "mean": 0.0971625074744, "max": 0.648114800453, "dmean2": 0.0658886134624, "median": 0.0720916241407, "dvar": 0.00401184847578}, "barkbands_crest": {"dvar2": 21.9613304138, "var": 34.376499176, "min": 2.56033945084, "dmean": 2.87859988213, "mean": 15.1002292633, "max": 26.8625526428, "dmean2": 4.40502548218, "median": 14.8908948898, "dvar": 9.68675136566}, "barkbands_flatness_db": {"dvar2": 0.00311686145142, "var": 0.00888517871499, "min": 0.0360002443194, "dmean": 0.0383517295122, "mean": 0.250868558884, "max": 0.618794500828, "dmean2": 0.0552449785173, "median": 0.240158587694, "dvar": 0.00159229431301}, "spectral_entropy": {"dvar2": 0.332516849041, "var": 0.633671522141, "min": 3.1530213356, "dmean": 0.356570661068, "mean": 6.90522623062, "max": 9.79252338409, "dmean2": 0.531105399132, "median": 6.9251036644, "dvar": 0.157407090068}, "pitch_salience": {"dvar2": 0.0248400978744, "var": 0.0353868082166, "min": 0.00913577713072, "dmean": 0.0962086319923, "mean": 0.390445500612, "max": 0.923066437244, "dmean2": 0.147701978683, "median": 0.387732207775, "dvar": 0.0104067306966}, "erbbands_spread": {"dvar2": 739.803833008, "var": 993.246765137, "min": 0.492966622114, "dmean": 13.7090969086, "mean": 42.9990539551, "max": 191.896514893, "dmean2": 20.8174819946, "median": 34.6216125488, "dvar": 317.451263428}, "dynamic_complexity": 3.84492897987, "spectral_contrast_valleys": {"dvar2": [0.76527094841, 0.899396836758, 0.662329375744, 0.505209863186, 0.478095263243, 1.05515635014], "var": [3.57004499435, 1.24455440044, 1.25531983376, 1.2724891901, 1.41308104992, 2.69862604141], "min": [-26.8595199585, -27.4861164093, -27.272857666, -27.238910675, -27.3658351898, -27.2098369598], "dmean": [0.609385609627, 0.631335914135, 0.543805778027, 0.50653898716, 0.46656280756, 0.649354875088], "mean": [-8.59984779358, -8.0968580246, -8.28927898407, -8.68891811371, -8.71292304993, -11.4323215485], "max": [-4.6906337738, -4.76267147064, -4.85791730881, -5.73941993713, -5.41851854324, -7.59373807907], "dmean2": [0.925825417042, 0.975479483604, 0.830006480217, 0.754975736141, 0.665040433407, 0.912227272987], "median": [-8.50125694275, -8.0514421463, -8.21676063538, -8.60986614227, -8.63381385803, -11.434709549], "dvar": [0.426179409027, 0.426424503326, 0.331783026457, 0.270659208298, 0.266413033009, 0.520951747894]}, "hfc": {"dvar2": 1160.92932129, "var": 503.627380371, "min": 1.17557002832e-16, "dmean": 9.8892698288, "mean": 18.72240448, "max": 199.481079102, "dmean2": 15.3800916672, "median": 11.7000665665, "dvar": 437.147033691}, "spectral_kurtosis": {"dvar2": 93.4847183228, "var": 115.869773865, "min": -1.20106816292, "dmean": 3.97289347649, "mean": 7.17037534714, "max": 169.128692627, "dmean2": 6.37603330612, "median": 4.81377840042, "dvar": 42.9561958313}, "mfcc": {"mean": [-718.192810059, 116.975845337, -1.0395386219, 23.0905418396, 5.1167883873, 8.89039516449, 0.620866596699, 14.5352487564, -0.93668037653, 4.89140605927, -4.78354883194, 2.27600502968, -7.37500286102], "cov": [[8283.16308594, 169.557662964, -725.227600098, -80.532623291, -295.145324707, 344.432983398, 232.180831909, 246.926895142, 469.46395874, 381.282196045, 212.426544189, 440.20892334, 311.487976074], [169.557662964, 3152.64770508, -444.457000732, 445.456207275, 291.042449951, 154.921386719, 318.289245605, 149.689117432, 208.878723145, 198.663024902, 222.924880981, 169.136779785, 219.410522461], [-725.227600098, -444.457000732, 2395.47265625, 340.921478271, 693.184997559, 300.972595215, 168.255905151, 157.849624634, 8.49321460724, 80.3561401367, -8.84816741943, 3.92944002151, -39.8072509766], [-80.532623291, 445.456207275, 340.921478271, 1103.15869141, 535.032714844, 476.043304443, 246.084365845, 289.892974854, 230.715759277, 210.323226929, 98.8231964111, 157.299987793, 137.943115234], [-295.145324707, 291.042449951, 693.184997559, 535.032714844, 815.706970215, 351.984893799, 261.15637207, 193.249588013, 158.000640869, 167.378097534, 91.6251373291, 79.4141998291, 107.445838928], [344.432983398, 154.921386719, 300.972595215, 476.043304443, 351.984893799, 685.448791504, 367.611114502, 334.625152588, 217.364974976, 210.608291626, 151.022964478, 145.386062622, 115.46661377], [232.180831909, 318.289245605, 168.255905151, 246.084365845, 261.15637207, 367.611114502, 703.573669434, 276.20425415, 267.839019775, 175.090545654, 140.472229004, 80.4581298828, 93.5235824585], [246.926895142, 149.689117432, 157.849624634, 289.892974854, 193.249588013, 334.625152588, 276.20425415, 517.17791748, 163.075698853, 150.175003052, 118.322151184, 137.455001831, 58.5567893982], [469.46395874, 208.878723145, 8.49321460724, 230.715759277, 158.000640869, 217.364974976, 267.839019775, 163.075698853, 471.494171143, 165.440322876, 122.136550903, 127.38911438, 172.87979126], [381.282196045, 198.663024902, 80.3561401367, 210.323226929, 167.378097534, 210.608291626, 175.090545654, 150.175003052, 165.440322876, 338.631500244, 147.667190552, 90.8412475586, 29.2003307343], [212.426544189, 222.924880981, -8.84816741943, 98.8231964111, 91.6251373291, 151.022964478, 140.472229004, 118.322151184, 122.136550903, 147.667190552, 281.62600708, 107.799690247, 49.9067382812], [440.20892334, 169.136779785, 3.92944002151, 157.299987793, 79.4141998291, 145.386062622, 80.4581298828, 137.455001831, 127.38911438, 90.8412475586, 107.799690247, 252.595001221, 141.727218628], [311.487976074, 219.410522461, -39.8072509766, 137.943115234, 107.445838928, 115.46661377, 93.5235824585, 58.5567893982, 172.87979126, 29.2003307343, 49.9067382812, 141.727218628, 293.987182617]], "icov": [[0.000151602987899, 6.30811882729e-06, 2.8622105674e-05, 6.43326347927e-05, 7.91862621554e-05, -7.63772259234e-05, 7.87331100582e-06, 1.00139404822e-05, -7.49771643314e-05, -0.000154388544615, 6.6932028858e-05, -0.000206391676329, -4.75265660498e-05], [6.30811882729e-06, 0.000399956421461, 0.000120428980154, -0.00013238133397, -0.000131975335535, 0.000171558742295, -0.000154904060764, 1.26967170218e-05, 8.92119642231e-05, -8.84274049895e-05, -0.000192686449736, -3.58005709131e-05, -0.000192867184523], [2.8622105674e-05, 0.000120428980154, 0.000631941715255, 6.79378717905e-05, -0.00060579116689, -9.08200381673e-05, -2.08162655326e-05, -2.5350271244e-05, 6.03721127845e-05, 1.51340927914e-05, 0.000122344383271, -0.000121529948956, 0.000203044197406], [6.43326347927e-05, -0.00013238133397, 6.79378717905e-05, 0.00175226165447, -0.00076069124043, -0.00076892809011, 0.000299774867017, -0.000209792488022, -0.000290841679089, -0.000257120060269, 0.000445229030447, -0.000398190168198, 5.70415722905e-05], [7.91862621554e-05, -0.000131975335535, -0.00060579116689, -0.00076069124043, 0.00265059131198, -0.000297359772958, -0.000252919824561, 6.34460157016e-05, 5.36303996341e-05, -0.000426576181781, -0.000134550005896, 0.000356100179488, -0.000632620241959], [-7.63772259234e-05, 0.000171558742295, -9.08200381673e-05, -0.00076892809011, -0.000297359772958, 0.00334969651885, -0.000845638453029, -0.000915271870326, 0.000166278914548, -0.000439763243776, -0.000444012432126, -8.48083873279e-05, -0.000392091431422], [7.87331100582e-06, -0.000154904060764, -2.08162655326e-05, 0.000299774867017, -0.000252919824561, -0.000845638453029, 0.00250612897798, -0.000612158677541, -0.000887980917469, -9.27164073801e-05, -0.00023718365992, 0.000585869012866, 2.25001235776e-06], [1.00139404822e-05, 1.26967170218e-05, -2.5350271244e-05, -0.000209792488022, 6.34460157016e-05, -0.000915271870326, -0.000612158677541, 0.00328950793482, -0.000154522567755, -0.000110789427708, -8.4800129116e-05, -0.0011881464161, 0.000639801903162], [-7.49771643314e-05, 8.92119642231e-05, 6.03721127845e-05, -0.000290841679089, 5.36303996341e-05, 0.000166278914548, -0.000887980917469, -0.000154522567755, 0.00381497549824, -0.000973286456428, -0.000369199347915, 5.74672158109e-05, -0.0017259059241], [-0.000154388544615, -8.84274049895e-05, 1.51340927914e-05, -0.000257120060269, -0.000426576181781, -0.000439763243776, -9.27164073801e-05, -0.000110789427708, -0.000973286456428, 0.00507360277697, -0.00155987369362, -0.000412334949942, 0.00126444594935], [6.6932028858e-05, -0.000192686449736, 0.000122344383271, 0.000445229030447, -0.000134550005896, -0.000444012432126, -0.00023718365992, -8.4800129116e-05, -0.000369199347915, -0.00155987369362, 0.005482501816, -0.00169510184787, 0.000454987079138], [-0.000206391676329, -3.58005709131e-05, -0.000121529948956, -0.000398190168198, 0.000356100179488, -8.48083873279e-05, 0.000585869012866, -0.0011881464161, 5.74672158109e-05, -0.000412334949942, -0.00169510184787, 0.00748354196548, -0.00294357491657], [-4.75265660498e-05, -0.000192867184523, 0.000203044197406, 5.70415722905e-05, -0.000632620241959, -0.000392091431422, 2.25001235776e-06, 0.000639801903162, -0.0017259059241, 0.00126444594935, 0.000454987079138, -0.00294357491657, 0.0060847401619]]}, "silence_rate_20dB": {"dvar2": 0.00739539414644, "var": 0.00123470358085, "min": 0, "dmean": 0.00247295200825, "mean": 0.998763740063, "max": 1, "dmean2": 0.00494666863233, "median": 1, "dvar": 0.00246679969132}, "melbands_kurtosis": {"dvar2": 11745.0117188, "var": 16653.8574219, "min": -1.92582404613, "dmean": 35.4742279053, "mean": 68.712097168, "max": 1256.79516602, "dmean2": 53.0873260498, "median": 13.3798446655, "dvar": 5685.90771484}, "barkbands_spread": {"dvar2": 308.274932861, "var": 316.369934082, "min": 0.030056014657, "dmean": 7.0716919899, "mean": 17.3790607452, "max": 111.973083496, "dmean2": 10.8181324005, "median": 11.9704380035, "dvar": 135.078308105}, "erbbands_skewness": {"dvar2": 1.90767395496, "var": 2.44485092163, "min": -6.04739618301, "dmean": 0.724361240864, "mean": 0.459415614605, "max": 14.7814044952, "dmean2": 1.07963168621, "median": 0.374143391848, "dvar": 0.841315746307}, "average_loudness": 0.818095982075, "spectral_centroid": {"dvar2": 608844.0625, "var": 810797.3125, "min": 86.6971206665, "dmean": 355.246704102, "mean": 1220.05371094, "max": 10672.6347656, "dmean2": 527.104980469, "median": 1008.1529541, "dvar": 288314.125}, "dissonance": {"dvar2": 0.00279719266109, "var": 0.00263263843954, "min": 0.136941850185, "dmean": 0.0308137182146, "mean": 0.437924772501, "max": 0.500000059605, "dmean2": 0.0508523322642, "median": 0.451389670372, "dvar": 0.00106809276622}, "erbbands_flatness_db": {"dvar2": 0.00164955947548, "var": 0.0045947083272, "min": 0.0705534592271, "dmean": 0.0275429915637, "mean": 0.21548512578, "max": 0.49795255065, "dmean2": 0.0410059504211, "median": 0.209953635931, "dvar": 0.000738980423193}, "spectral_strongpeak": {"dvar2": 2.92797827721, "var": 1.73811590672, "min": 0, "dmean": 0.504006683826, "mean": 1.03443992138, "max": 15.8993854523, "dmean2": 0.831863939762, "median": 0.613219380379, "dvar": 1.1240516901}, "spectral_rms": {"dvar2": 4.33104924014e-06, "var": 1.45074973261e-05, "min": 3.2467795813e-12, "dmean": 0.00103120843414, "mean": 0.00588595960289, "max": 0.018844820559, "dmean2": 0.00142625963781, "median": 0.0053625558503, "dvar": 2.50585935646e-06}, "silence_rate_60dB": {"dvar2": 0.106874726713, "var": 0.12151389569, "min": 0, "dmean": 0.0544049441814, "mean": 0.141554623842, "max": 1, "dmean2": 0.108826711774, "median": 0, "dvar": 0.0514455139637}, "melbands": {"dvar2": [0.0001394458086, 0.000158236347488, 0.000105919039925, 1.41978216561e-05, 1.84406951576e-06, 1.15277816803e-06, 2.60119151108e-07, 8.87996407073e-07, 7.1092813414e-07, 7.0423334364e-07, 4.49518807955e-07, 4.73654253597e-08, 7.19193451459e-08, 1.17585763348e-07, 3.546627525e-08, 4.4599634208e-08, 9.70803881728e-09, 2.4295025991e-09, 4.01356681223e-09, 4.40167546856e-09, 5.21269649667e-09, 2.87224843909e-09, 2.40075603841e-09, 1.1502626629e-09, 3.86744136716e-10, 1.34853461731e-10, 1.81282294731e-10, 4.31365582143e-10, 1.48307671699e-10, 1.05700462272e-10, 1.09719178187e-10, 7.7166939505e-11, 5.15123881051e-11, 1.03083347414e-10, 1.12164644239e-09, 4.01305433329e-09, 8.65747085133e-10, 7.85684642346e-11, 9.91308857917e-12, 5.52213960323e-12], "var": [0.000188812642591, 8.99963270058e-05, 2.61685108853e-05, 3.38054474014e-06, 8.35778621422e-07, 2.48972440886e-07, 1.46981562921e-07, 7.56991823891e-07, 3.13513254468e-07, 5.69918483961e-07, 5.32002331965e-07, 3.84252025754e-08, 6.97028923469e-08, 9.55415231374e-08, 2.84012013907e-08, 5.05339166068e-08, 7.21789517044e-09, 1.36860611732e-09, 2.72684230751e-09, 4.11995015881e-09, 4.05181665997e-09, 3.23812154868e-09, 1.34165623056e-09, 4.82628548237e-10, 2.47472209391e-10, 1.5266166109e-10, 1.16477327783e-10, 1.7090347193e-10, 7.77035102928e-11, 6.76345437989e-11, 5.00860186659e-11, 3.23077224695e-11, 2.79015421878e-11, 3.4885840744e-11, 2.71153405285e-10, 9.61520085774e-10, 2.23958115941e-10, 2.07729007606e-11, 3.44844465483e-12, 1.75478164985e-12], "min": [1.05320298808e-23, 1.40696529444e-23, 3.2938246148e-24, 4.57619709954e-24, 2.16410933699e-24, 2.7321623556e-24, 7.93633119267e-24, 2.1011846636e-23, 4.39012611125e-24, 7.46429812623e-24, 6.23878298845e-24, 1.25463972463e-23, 3.81933594251e-24, 5.35499135075e-24, 5.20882568021e-24, 4.29539535501e-24, 9.87896822496e-24, 1.12772344347e-23, 5.64271456087e-24, 9.14101330281e-24, 1.70503733411e-23, 1.5197468448e-23, 1.65449406928e-23, 1.61723206665e-23, 1.13757039971e-23, 1.58157255606e-23, 1.92827234852e-23, 1.61477618488e-23, 6.70799272171e-24, 5.30374615749e-24, 6.65260364211e-24, 8.55358329657e-24, 1.37971267452e-23, 1.57891172823e-23, 1.06400312496e-23, 1.02029242109e-23, 1.12284418099e-23, 1.25143687047e-23, 1.38989765767e-23, 1.08056186756e-23], "dmean": [0.00307783298194, 0.00255959108472, 0.0017250260571, 0.000687044579536, 0.000314838340273, 0.000141860436997, 0.000121125383885, 0.000270072545391, 0.000135531779961, 0.000175945431693, 0.000164404933457, 4.66669771413e-05, 6.39432764729e-05, 6.72958049108e-05, 4.34849062003e-05, 4.13085435866e-05, 2.53362031799e-05, 1.36283179017e-05, 1.38602990774e-05, 1.65449182532e-05, 1.4945172552e-05, 1.30613034344e-05, 1.11965136966e-05, 6.47732758807e-06, 4.27987561125e-06, 2.98402596854e-06, 2.95619452118e-06, 3.65693699678e-06, 2.35663105741e-06, 2.30070941143e-06, 2.08194069273e-06, 1.64239986589e-06, 1.42392309499e-06, 2.11412566387e-06, 5.07033473696e-06, 9.01596558833e-06, 4.50364814242e-06, 1.42336534736e-06, 6.06117453117e-07, 4.30608253055e-07], "mean": [0.007406743709, 0.00581197673455, 0.00161072856281, 0.000740204472095, 0.000342194223776, 0.0001032557484, 0.000133017470944, 0.000350315065589, 0.000154905224917, 0.000254624494119, 0.000251355028013, 5.9249196056e-05, 9.49291788856e-05, 9.26152497414e-05, 5.33985621587e-05, 5.78492727072e-05, 3.36858574883e-05, 1.702251393e-05, 1.63888253155e-05, 2.41712314164e-05, 2.03264753509e-05, 1.8