{"tonal": {"thpcp": [1, 0.916135251522, 0.887906253338, 0.80092895031, 0.651567280293, 0.567375123501, 0.393406361341, 0.313534647226, 0.401560842991, 0.544319570065, 0.758196175098, 0.737978160381, 0.509064853191, 0.417269915342, 0.379053026438, 0.364339858294, 0.481906473637, 0.688967823982, 0.653834044933, 0.483547836542, 0.480456054211, 0.374304533005, 0.239598125219, 0.231385797262, 0.264428794384, 0.347585171461, 0.474755942822, 0.474879860878, 0.473464459181, 0.523322343826, 0.452569007874, 0.431372821331, 0.459281772375, 0.397161364555, 0.566989660263, 0.913628637791], "hpcp": {"dmean2": [0.205014660954, 0.150883316994, 0.147777497768, 0.169826641679, 0.193505600095, 0.231113046408, 0.233600690961, 0.180017158389, 0.159593060613, 0.154908463359, 0.164679601789, 0.194625258446, 0.213491886854, 0.207209676504, 0.184585273266, 0.179938197136, 0.142003566027, 0.107755385339, 0.0973733067513, 0.106328822672, 0.143524587154, 0.170725598931, 0.178169593215, 0.168992981315, 0.175646439195, 0.182282119989, 0.180969789624, 0.18817858398, 0.183301120996, 0.214876621962, 0.248690098524, 0.292854756117, 0.283540189266, 0.260141462088, 0.26634195447, 0.234612032771], "median": [0.0746143981814, 0.0522687770426, 0.0331326425076, 0.0445857010782, 0.067598156631, 0.106516323984, 0.100279338658, 0.0768410861492, 0.0422347672284, 0.0349484980106, 0.0325038284063, 0.0648779347539, 0.0907639116049, 0.083074003458, 0.0716485977173, 0.0664908215404, 0.0492496266961, 0.0293166916817, 0.0305663924664, 0.042482830584, 0.0502928085625, 0.0551001392305, 0.0598051026464, 0.0621257983148, 0.0691906735301, 0.0681082084775, 0.0625335723162, 0.0559966936707, 0.0512075163424, 0.0610648654401, 0.106856778264, 0.172633692622, 0.157120957971, 0.117435134947, 0.0817171633244, 0.087700240314], "min": [0, 0, 0, 0, 0, 0, 0, 0, 0, 0, 0, 0, 0, 0, 0, 0, 0, 0, 0, 0, 0, 0, 0, 0, 0, 0, 0, 0, 0, 0, 0, 0, 0, 0, 0, 0], "dvar2": [0.0855560004711, 0.060289580375, 0.0768834650517, 0.083081766963, 0.0807682722807, 0.0914441123605, 0.101648248732, 0.0638964623213, 0.0609303787351, 0.0667045861483, 0.07529630512, 0.0797950848937, 0.0787310898304, 0.0794555321336, 0.0677079185843, 0.0713840872049, 0.0575145483017, 0.0440763309598, 0.0353030450642, 0.0322593562305, 0.0508363693953, 0.0689763724804, 0.0722177475691, 0.0645261928439, 0.0606967657804, 0.0685590133071, 0.0717210620642, 0.083562232554, 0.0714092999697, 0.086622826755, 0.0975728332996, 0.103309370577, 0.105757035315, 0.100955888629, 0.115352630615, 0.0928657725453], "dvar": [0.0337720811367, 0.0233257580549, 0.0274598523974, 0.030902562663, 0.0317903235555, 0.0363614559174, 0.0398970097303, 0.0247605647892, 0.0239799451083, 0.0251655150205, 0.027656937018, 0.0292039532214, 0.0337285809219, 0.0325826592743, 0.0249837618321, 0.0275487732142, 0.0212913509458, 0.0159888342023, 0.0129819698632, 0.0115407500416, 0.0190125349909, 0.0286938324571, 0.0276072733104, 0.024060646072, 0.0242221951485, 0.0257639884949, 0.0267254542559, 0.0325931385159, 0.0274507217109, 0.0320859886706, 0.0393816716969, 0.0437000654638, 0.041287239641, 0.0415337607265, 0.0476977825165, 0.0364186502993], "dmean": [0.12088201195, 0.0894707366824, 0.0848461017013, 0.0988676324487, 0.113975793123, 0.139043673873, 0.13862118125, 0.105932876468, 0.0944276154041, 0.0900236815214, 0.0931629613042, 0.114231325686, 0.129223451018, 0.124281473458, 0.107886709273, 0.106952734292, 0.0842110961676, 0.0623509287834, 0.0572827495635, 0.0624304786325, 0.0841034427285, 0.101871006191, 0.10583807528, 0.0986605510116, 0.103899225593, 0.106955833733, 0.105717256665, 0.111240923405, 0.106348089874, 0.1245707497, 0.146177008748, 0.175524190068, 0.168369099498, 0.15178526938, 0.157723262906, 0.136104345322], "max": [1, 1, 1, 1, 1, 1, 1, 1, 1, 1, 1, 1, 1, 1, 1, 1, 1, 1, 1, 1, 1, 1, 1, 1, 1, 1, 1, 1, 1, 1, 1, 1, 1, 1, 1, 1], "var": [0.0562471114099, 0.0295996386558, 0.0278894957155, 0.0385996475816, 0.0539752431214, 0.0752993524075, 0.080293007195, 0.0405603721738, 0.0412555746734, 0.0399759449065, 0.0436742641032, 0.0414808094501, 0.0719599500299, 0.0701083913445, 0.0348494797945, 0.0429453328252, 0.0306778214872, 0.0167498961091, 0.0150380693376, 0.0126998582855, 0.0222300887108, 0.0518123209476, 0.0434280410409, 0.0472345761955, 0.0509188100696, 0.0347854308784, 0.0335546657443, 0.0447000227869, 0.0322524383664, 0.0607719309628, 0.112590566278, 0.100955404341, 0.088830076158, 0.10274015367, 0.100255832076, 0.0647631064057], "mean": [0.172949761152, 0.119919836521, 0.0955729931593, 0.122405521572, 0.165921866894, 0.231116652489, 0.224953711033, 0.155175358057, 0.127194032073, 0.115544594824, 0.11105966568, 0.146896824241, 0.210014179349, 0.199304535985, 0.14739716053, 0.146454706788, 0.114097140729, 0.0730353444815, 0.0705320239067, 0.0806043371558, 0.105952426791, 0.144717171788, 0.144754946232, 0.144323498011, 0.159521386027, 0.137954056263, 0.131492942572, 0.140000268817, 0.121064454317, 0.172832250595, 0.278496265411, 0.304824352264, 0.279260337353, 0.270655453205, 0.244142651558, 0.19861356914]}, "tuning_equal_tempered_deviation": 0.127300992608, "chords_changes_rate": 0.069798655808, "key_key": "F", "tuning_diatonic_strength": 0.356517285109, "key_scale": "minor", "chords_number_rate": 0.0040268455632, "tuning_frequency": 440.763122559, "tuning_nontempered_energy_ratio": 0.801736950874, "chords_histogram": [2.14765095711, 0, 0.0268456377089, 2.06711411476, 7.40939617157, 0.0268456377089, 0, 0.724832236767, 0.805369138718, 6.44295310974, 17.9060401917, 14.8724832535, 1.23489928246, 2.01342272758, 9.74496650696, 4.10738277435, 6.1744966507, 8.21476554871, 0.48322147131, 0.617449641228, 0, 3.03355693817, 1.93288588524, 10.013422966], "key_strength": 0.305875301361, "chords_key": "E", "chords_strength": {"dmean2": 0.0110067697242, "median": 0.498428225517, "min": -1, "dvar2": 0.00110616814345, "dvar": 0.000596083234996, "dmean": 0.01122873649, "max": 0.783229529858, "var": 0.0516623705626, "mean": 0.47794559598}, "chords_scale": "minor", "hpcp_entropy": {"dmean2": 0.987151563168, "median": 2.32496356964, "min": 0, "dvar2": 0.617556750774, "dvar": 0.226619899273, "dmean": 0.581892669201, "max": 4.39341259003, "var": 0.61261755228, "mean": 2.25955605507}}, "metadata": {"audio_properties": {"equal_loudness": 0, "codec": "mp3", "downmix": "mix", "sample_rate": 44100, "analysis_sample_rate": 44100, "bit_rate": 169226, "md5_encoded": "f20ddc95e38f9c538536fbcf830cdb05", "length": 172.905548096, "replay_gain": -6.69812965393, "lossless": false}, "version": {"essentia_build_sha": "ca57ba49d9b1854bd80e60cf9ccf267278fb7d6b", "essentia": "2.1-beta1", "extractor": "music 1.0", "essentia_git_sha": "v2.1_beta1-28-g21ef5f4-dirty"}, "tags": {"title": ["Via-Crucis del Rocanrol"], "source": ["CD (LP)"], "media": ["CD"], "albumartist": ["Pascal Comelade"], "barcode": ["5060107723979"], "musicbrainz_recordingid": ["029c0c10-9f49-43dd-b653-b79c419efa61"], "musicbrainz_releasegroupid": ["b4e8f30f-5877-4952-8dfc-71d5d864a56f"], "musicbrainz_albumartistid": ["0ac4c20f-e12e-47c2-89cf-d29558b60b40"], "rip date": ["2008-10-09"], "acoustid_fingerprint": ["AQADtJWkJYuSMPDmo7eCG6HFB824ZMQP_QjjpugjEXl04mjnBZVkI9fR6_Aj7eh1wcOjBKeMfpHQpA7ySlCv4zl0CyfCHzdsPcjLQxNPxDnxiG6G70Hth_CZA9G65dBepuCDk4acHKeHq9LxotcH8TzeZXCFK9nh89B1Cj3-I7tM4cNHHT-6-thylOzxRAgNH6claDmu5Dgc-ng_xNeDx-gFv0Pt46mOOzhJ_EMPXwh__PiZ4NpQRbvw48iX44dXHC7S9xjVgxQRi2yE3XiP2JkDiykO1SzSMXJQRmiOWscXXFxQHU4SHiHFHw9xpigjQheRnsaPnieakwwmnqiUKD8aJ8ePNzt29LrhScqDPEbn4w7OQ-SNq4txhPGUYvKSbMnx4LnAPsOfDlOSOzF6oBSNxhRxIVeOQ5eCiMO0Eudx_RSMfviJXuMFl4IvXMeVT4iYnEhOB4yP6SkuCn2MfITOIy-q3LiyB_7i4SE8-TgT4hmaWIqQJ4PcE_HxH22OMNuhI3bY4yyNY0-O4-AzI1x4QYufY9USHRcaT6hl4pmTofnR9cLVB--Mx7gL3cAfG18yhJmSGpF8VHKHRofqFHt0oWkTC_2MG20cQdyqw91s_Id36BFPpOKP03lwXdjOoydY4QWi01DFVAvy5hsefPmLz2jGHD0zEid-PC_OwVt4PB_OPIRDi3jC4RNP3Fkn4T1yIqSOS5goCY90MBTR-DiVByf8qMj7JFCeI0wWFn0W48u04JeOU8ezHA4VNviOM7jgqcmRa9CRK_hOoctHodkTCl-O68LRXOiPXDs-6EOb5EaYXBn-4A9-7Mj-YHKOZpKOp8ZPwcmNf9CV4z2sRCdyHW9Co_liBZWF5kf_4YktzGsahOfR_BgrPPtxdsff4Tf2JIemPDGcD22040_w5KAq7fjwHFOuokr54GI-3KgDLT_yCz2ahSFmxbjI4xKyU8KT44sO6dE8THma4Lgo-JqRqx1xHv7QnfhQPsZ2E1kuHYk3Yl1wpgmqK2j24ByPy8KT5UhD_Xj24CGDDzkzBe14nCi55LgwHk8f5KcmMHkPpguPP_iC78J15MKPNwrOpPAoI39woTlzaItsIf6Dvmgqrbji4MSjH9cqMLrRJI_xYPqOZj4eB1eJXEfy4sffoPs0Bb4C5whRJoe4Pag_pdARnoGvjBizKM9xJTqoMUsclGRHHDsehdKROkecEz8-PvhS_OjRHD0SPkM87oGT0VKGOjleHbMlBjm0VM0llEuOzPnQhymaqMiPSz70aGOCyYqC5jg-uGkGNXqL-GfQC83z4g-uFL9woRlzKUH4HD_0PKh1-DnaC_-CLzzURTb6PIL-VPh15N_hJ8T3Ea-F5w8eHZWoIPmJMMkxkVcGfksTbM5x_HhyJOtPpH1RNTl-vB3yK0FTQzsToWTyBD766XigE1-OLzyavtA-XDzy5fiy49sSHG1WBmHoQ2-CXMQfNA-6p8aVHWGa6IN2xC5eHnXyYMoS5_gjND-L8IGO7InRVDns6Kh0H3nUDfqRH3wnofFRj0UTFyHJ44mF3wETbTwmaQ9-hEfjD_lyQZd4NHfRC9_KIt8kHfmkY0p2aP-Qg6yO0-nRWEGNPBkOJk91aEqaQ5HoB0d__NADv8Yv_Mj3B5HK6PgIsaLBXAnyHBHF42kEO8Fj6MzRH82X47oVQ6k-3HhwZTdK1mhy3BH0HldO6DS8J8OXI2dw9Ud_NG-FHBW0yEqK69KO5okaSNHWYxfCCNUiT8dDD_l5ND20Z8eZMfi3KbiSo5SkQFHGZTjy6SDzHE3FoxcPVsPdo_mKUOOOqOsjovoRVoSePMiVokcT6fix5yq-6EEdIt0FKe2K3DoeRNeSws1xSilUH--RPvwQe_g_HKcPXckRKRVzlPiPPc1x_PiFH_XRUMny4GYT3FZhMTtu5TjFA2FOaF-OmBf2BxeoyBvyYR8XiDXOMEL5w-RyiHvQ6zgveNJivA_-oz_ErEPoB0-dGL1gvqiOv8ffI4yWHsn-4w7OFJWkoFVzXB12HNnD4-EFfSP6HT56cugTmOPBJyG-QPlh9egxdVkUHY54nASTOkeu4xbeIXoOUzvuRyHUBw3CPfjnBL0M76i3dPiDB5WsDFtCpuBlHVP84I7xEw0XlCzCsziu46ou_MHVIod5Br3mHO-N3oKjm-iPK0cyxwwnhOEo_MYpOigZoj_GL_gO_oi8GNdy_OjTYTvR8zgTRdOho0cTV9B1Cbwu9EXzI19u8BYe7D9O83jYIMcJHf2OPA8ehUfVHnea4GjhG32NUcysIE7EFlJ-NDxmQnuC5ouRK4QfnEG7LwjzFN0uaPmS4nmgf8h1NAwV1NGa4Ed_nEccBpqP8MYj1MrxREpwEs8C-PqR23igSe_QvCty4inqH7dx1LvwtcEzqUHSHeFz-FZhvkGf4bjRPwhTHXqMB49-VF0OX08Q7biBH-6OCzV1_HiPGMqha3pwOvgyI2yMS0Mf1OLR-BLy79CVRwgpV_CFkH2gC0-EfBeOULsCMSmpIexvlHoIN5ODPkLfwyMe6viO8OEL1czwVA-aJVeE8BRKFt7xHq5yXEc_4qrwTLmQdOkR5smL8knxojlqH_-GhnxQEsGz490DLZOUCzl3eMex-7h-eDJaEj-e8jiSyDn8wN2Dmiu-oFaWA2EokYAwQgBFQBCABCCMASAIA1wZSgRAzBAkAECAAMiAYAYAQAwQiBBuAAMEEeCEAYwza4gVwgBhAABAAEQUUEA5QhQVzgACGGLAGI2ItchBjIhQDABmCADGACKIAkYYQwgVDAAQSCEKGCKYIdgaBQhQSAAimAFSIQUQUURYCpRQgDEmJBHAUQQEe4pSBgQAkilhAGEIMQKMIIIQLACgRABEAIACOMIMIAoAYKhg0EiDhIGEKEEAY5IYxhAgDAFjCEBEIECEMIZARpABRAhDgcXKUIYgUVJAYKhRCiDBCEIUEMIMEEQAgQQjgikGACLAAGSIJAAgpRQwjCAACCJIGYSERgAABRBDCgEgpBFIKCaFIUQhIxgQQAlIIABGCIAYwgQxJCQQCzECggAEOESEIoY4AYAxxgJmgAIAKEWgAEIAAdMBAgBrhENMKSwAkQALYhQAQRgiEgDACmEAQcYDBQwgyCAEABOACCCIMAQghIwyADgEjTFAICepAsIgppgSQlABHACKAECQEAwhAA6RzACCgNBOIEEBMAIyZYQgijABlGHAMGagJQQCgBwSxBggACEAKIYAAsQ4jhBABpAAgCCGEWwMMJYIAIRDSgCDDEEECcAAAIYYgIAAQGjAhBBKIEaMAYAIBxBgQBFALECMYCWwA0gIAZgABBkBgABCBCEsQooIRR0k0kgjADGEAACIUAQJRZgQjBkAlDAGECIQUsIQARAAUBBAGQAgEiCMIEAJQQAHkGkimUKCEweEAYAAYAVxhgiFiDASSAEYAUIAQIAiUghmGAAGKKOMIAQqJAgB3hoCkEWEAcoMEUAAhqQAigBDEEgCIAGAQQQgAQxzgBHiiADGWZAQIQIABAAgCDDiBAHQGCQEA4VYRAEQBgiBnKEGACaQI8AZKQABAghiBDMGcCUAEIIQhQgAgCilLBAGQwgAAchZoIggAAADCHBgAEUEQEAQhwgBAA"], "country": ["France"], "release type": ["Advance"], "album": ["The No Dancing"], "catalognumber": ["BEC5772397"], "musicbrainz album release country": ["FR"], "musicbrainz original album id": ["62c4d1d5-8093-483d-8e74-f48a1bf58ed2"], "musicbrainz album type": ["Album", "Compilation"], "musicbrainz album status": ["Official"], "discnumber": ["01/01"], "artists": ["Pascal Comelade"], "date": ["2008", "2008"], "genre": ["Alternative", "(20)"], "originalalbum": ["L'Argot du bruit"], "musicbrainz release track id": ["b91810a3-c404-39da-825f-41b3ee7b6157"], "musicbrainz_artistid": ["0ac4c20f-e12e-47c2-89cf-d29558b60b40"], "originaldate": ["1998-09-22"], "musicbrainz_albumid": ["96b70e1c-5539-470e-96f5-91827819eb44"], "artist": ["Pascal Comelade"], "url:discogs_release": ["http://www.discogs.com/release/2211269"], "artistsort": ["Comelade, Pascal"], "language": ["mul"], "tracknumber": ["13/20"], "label": ["Because Music"], "file_name": "13-pascal_comelade-via-crucis_del_rocanrol.mp3", "acoustid_id": ["f50b4d8a-0ecb-4e6e-933c-f3c8d56c365e"], "script": ["Latin"], "albumartistsort": ["Comelade, Pascal"]}}, "rhythm": {"bpm_histogram_first_peak_bpm": {"dmean2": 0, "median": 89, "min": 89, "dvar2": 0, "dvar": 0, "dmean": 0, "max": 89, "var": 0, "mean": 89}, "bpm": 89.6182250977, "bpm_histogram_second_peak_spread": {"dmean2": 0, "median": 0.33333337307, "min": 0.33333337307, "dvar2": 0, "dvar": 0, "dmean": 0, "max": 0.33333337307, "var": 0, "mean": 0.33333337307}, "bpm_histogram_first_peak_weight": {"dmean2": 0, "median": 0.604651153088, "min": 0.604651153088, "dvar2": 0, "dvar": 0, "dmean": 0, "max": 0.604651153088, "var": 0, "mean": 0.604651153088}, "onset_rate": 3.06501865387, "beats_position": [0.626938760281, 1.26548755169, 1.90403628349, 2.53097510338, 3.15791368484, 3.78485250473, 4.42340135574, 5.07355976105, 5.73532867432, 6.39709758759, 7.07047605515, 7.74385452271, 8.42884349823, 9.0906124115, 9.75238037109, 10.4141492844, 11.0759181976, 11.7376871109, 12.3994560242, 13.0728340149, 13.7462129593, 14.4195919037, 15.0929698944, 15.7663488388, 16.4397277832, 17.1131057739, 17.786485672, 18.4598636627, 19.1332416534, 19.7950115204, 20.45677948, 21.1185474396, 21.7803173065, 22.4653053284, 23.1502952576, 23.8236732483, 24.497051239, 25.1704311371, 25.8321990967, 26.5055770874, 27.1673469543, 27.8407249451, 28.5024929047, 29.1642627716, 29.8260307312, 30.4994106293, 31.1611785889, 31.8461666107, 32.5311546326, 33.204536438, 33.8779144287, 34.5512924194, 35.2246704102, 35.8980484009, 36.5598182678, 37.2215881348, 37.883354187, 38.5567321777, 39.2301139832, 39.8918800354, 40.5652618408, 41.2270278931, 41.9004058838, 42.5621757507, 43.2239456177, 43.8857116699, 44.5590934753, 45.2208595276, 45.894241333, 46.5676193237, 47.2409973145, 47.9143753052, 48.5877532959, 49.2611312866, 49.934513092, 50.5962791443, 51.2580490112, 51.9198188782, 52.5699768066, 53.2317466736, 53.8935127258, 54.5668907166, 55.240272522, 55.9136505127, 56.5870285034, 57.2487983704, 57.9105644226, 58.583946228, 59.2573242188, 59.9307022095, 60.5924720764, 61.2542381287, 61.9276161194, 62.6009979248, 63.2743759155, 63.9477539062, 64.621131897, 65.2945098877, 65.9794998169, 66.6644897461, 67.3378677368, 68.0112457275, 68.6846237183, 69.3463897705, 70.0313796997, 70.7047576904, 71.3781356812, 72.0515213013, 72.724899292, 73.3982772827, 74.0832672119, 74.7566452026, 75.4416275024, 76.1034011841, 76.7767791748, 77.4501571655, 78.1351470947, 78.8085250854, 79.4819030762, 80.1552810669, 80.8170471191, 81.4788208008, 82.1521987915, 82.8139648438, 83.4873428345, 84.1723327637, 84.8457107544, 85.5190887451, 86.1924667358, 86.865852356, 87.5392303467, 88.2126083374, 88.8743743896, 89.5129241943, 90.151473999, 90.8132400513, 91.4750061035, 92.1251678467, 92.7637176514, 93.4138793945, 94.0640335083, 94.7141952515, 95.3643493652, 96.0145111084, 96.6878890991, 97.3728790283, 98.0578689575, 98.7428588867, 99.404624939, 100.101219177, 100.797821045, 101.471199036, 102.144577026, 102.806350708, 103.46811676, 104.129882812, 104.791656494, 105.465034485, 106.138412476, 106.811790466, 107.46194458, 108.1353302, 108.797096252, 109.458862305, 110.120635986, 110.782402039, 111.455780029, 112.12915802, 112.802536011, 113.475914001, 114.149291992, 114.822669983, 115.496055603, 116.169433594, 116.819587708, 117.469749451, 118.143127441, 118.816505432, 119.478271484, 120.140045166, 120.825035095, 121.510017395, 122.195007324, 122.879997253, 123.553375244, 124.226753235, 124.900131226, 125.573509216, 126.246894836, 126.920272827, 127.593650818, 128.267028809, 128.94039917, 129.61378479, 130.28717041, 130.960540771, 131.633926392, 132.307296753, 132.980682373, 133.654052734, 134.304214478, 134.965988159, 135.627746582, 136.277908325, 136.951293945, 137.624664307, 138.298049927, 138.971420288, 139.63319397, 140.30657959, 140.968338013, 141.641723633, 142.291885376, 142.965255737, 143.638641357, 144.312011719, 144.985397339, 145.6587677, 146.33215332, 147.005523682, 147.678909302, 148.363891602, 149.04888916, 149.722259521, 150.395645142, 151.080627441, 151.765625, 152.4506073, 153.135604858, 153.80897522, 154.493972778, 155.16734314, 155.84072876, 156.514099121, 157.187484741, 157.849243164, 158.522628784, 159.184402466, 159.846160889, 160.50793457, 161.19291687, 161.854690552, 162.516464233, 163.178222656, 163.839996338, 164.50177002, 165.175140381, 165.848526001, 166.533508301, 167.218505859, 167.915100098, 168.518814087, 169.122543335, 169.633377075, 170.132598877, 170.631835938, 171.131057739, 171.6302948, 172.129516602], "beats_loudness": {"dmean2": 0.0307409036905, "median": 0.0188116375357, "min": 0, "dvar2": 0.00101236335468, "dvar": 0.000352450733772, "dmean": 0.0179000701755, "max": 0.120051145554, "var": 0.000629539310466, "mean": 0.0275891162455}, "danceability": 1.09697747231, "bpm_histogram_second_peak_weight": {"dmean2": 0, "median": 0.0232558138669, "min": 0.0232558138669, "dvar2": 0, "dvar": 0, "dmean": 0, "max": 0.0232558138669, "var": 0, "mean": 0.0232558138669}, "beats_count": 259, "bpm_histogram_second_peak_bpm": {"dmean2": 0, "median": 94, "min": 94, "dvar2": 0, "dvar": 0, "dmean": 0, "max": 94, "var": 0, "mean": 94}, "bpm_histogram_first_peak_spread": {"dmean2": 0, "median": 0.352697134018, "min": 0.352697134018, "dvar2": 0, "dvar": 0, "dmean": 0, "max": 0.352697134018, "var": 0, "mean": 0.352697134018}, "beats_loudness_band_ratio": {"dmean2": [0.293692409992, 0.189190402627, 0.218108206987, 0.218384817243, 0.105226248503, 0.117913216352], "median": [0.252218961716, 0.172446444631, 0.181631520391, 0.149951905012, 0.0708639398217, 0.0858793109655], "min": [0, 0, 0, 0, 0, 0], "dvar2": [0.0672889873385, 0.0244061499834, 0.0364071503282, 0.0459397025406, 0.0218408163637, 0.0195042751729], "dvar": [0.0213796813041, 0.0104040112346, 0.0119065633044, 0.0152429668233, 0.00691631110385, 0.00659631146118], "dmean": [0.166259437799, 0.111395873129, 0.125255703926, 0.122006498277, 0.0613282807171, 0.065207451582], "max": [0.719271540642, 0.652632117271, 0.660024046898, 0.900317370892, 0.710340440273, 0.596277058125], "var": [0.0343842729926, 0.0251990631223, 0.0193587709218, 0.0237018149346, 0.00853575207293, 0.0068514472805], "mean": [0.263560920954, 0.207700550556, 0.203104019165, 0.19055621326, 0.0953628644347, 0.108356393874]}}, "lowlevel": {"barkbands_spread": {"dmean2": 6.45561933517, "median": 17.6723079681, "min": 0.161170616746, "dvar2": 55.8374710083, "dvar": 25.3964138031, "dmean": 4.2696762085, "max": 134.089523315, "var": 129.972351074, "mean": 19.359375}, "melbands_spread": {"dmean2": 7.17855644226, "median": 18.1986293793, "min": 0.444396674633, "dvar2": 81.1549453735, "dvar": 34.2595787048, "dmean": 4.7149066925, "max": 185.030822754, "var": 415.655914307, "mean": 21.858297348}, "hfc": {"dmean2": 19.6748142242, "median": 23.8000221252, "min": 1.08543850972e-16, "dvar2": 1592.09289551, "dvar": 712.590026855, "dmean": 13.7826385498, "max": 542.173156738, "var": 2819.41674805, "mean": 41.2448043823}, "barkbands_kurtosis": {"dmean2": 4.47456550598, "median": 3.38508677483, "min": -1.89327847958, "dvar2": 200.929504395, "dvar": 91.7540817261, "dmean": 2.91448283195, "max": 529.005981445, "var": 138.420120239, "mean": 5.64101839066}, "gfcc": {"mean": [-89.275062561, 119.955245972, -107.078125, -23.5955467224, -14.4265127182, -20.2862987518, -9.64040660858, -19.2770709991, -6.30986976624, -12.3805208206, -9.13631248474, -12.4203081131, -2.669880867], "icov": [[0.000123556746985, -0.000346596178133, 0.000817991385702, -0.000643434468657, 0.000496971479151, -0.000345737935277, 5.73092574996e-06, -9.54797869781e-05, 0.000237581916736, -0.000278275285382, 0.000213801627979, 7.53471340431e-06, 0.000135711437906], [-0.000346596178133, 0.0021239221096, -0.0023842479568, 0.00183153757825, -0.00166641536634, 0.000716572976671, 0.000458666589111, 0.00114510685671, -0.0019170200685, 0.00217956141569, -0.00147519051097, 0.00135991792195, -0.000932199822273], [0.000817991385702, -0.0023842479568, 0.00817583594471, -0.00572100933641, 0.00375576270744, -0.00434286240488, 0.000765139702708, -0.0011822093511, 0.0011928495951, -0.00246918294579, 0.00122306519188, -0.000180349234142, 0.000587699469179], [-0.000643434468657, 0.00183153757825, -0.00572100933641, 0.0089038265869, -0.00616758270189, 0.00480237836018, -0.000888846581802, -0.00233957963064, 0.00367831951007, -0.00386570906267, 0.00581859890372, -0.00631750794128, 0.00405014539137], [0.000496971479151, -0.00166641536634, 0.00375576270744, -0.00616758270189, 0.00933620799333, -0.00349646736868, -0.000839538406581, 0.00126329821069, -0.00472654867917, 0.00657729897648, -0.00873761065304, 0.0077218869701, -0.00649996567518], [-0.000345737935277, 0.000716572976671, -0.00434286240488, 0.00480237836018, -0.00349646736868, 0.00709685264155, -0.000415627204347, -0.00279500824399, 0.00289714382961, -0.00409291405231, 0.00506512913853, -0.00416044192389, 0.00199580797926], [5.73092574996e-06, 0.000458666589111, 0.000765139702708, -0.000888846581802, -0.000839538406581, -0.000415627204347, 0.00511381728575, 0.000170532759512, -0.0028234932106, 0.00139441678766, -0.00136658980045, -0.000835644372273, 0.00138722127303], [-9.54797869781e-05, 0.00114510685671, -0.0011822093511, -0.00233957963064, 0.00126329821069, -0.00279500824399, 0.000170532759512, 0.0105799939483, -0.00541290547699, 0.00462689902633, -0.00563828414306, 0.00446283118799, -0.00306256790645], [0.000237581916736, -0.0019170200685, 0.0011928495951, 0.00367831951007, -0.00472654867917, 0.00289714382961, -0.0028234932106, -0.00541290547699, 0.0207539089024, -0.0159456431866, 0.0139522114769, -0.00865666382015, 0.00730002345517], [-0.000278275285382, 0.00217956141569, -0.00246918294579, -0.00386570906267, 0.00657729897648, -0.00409291405231, 0.00139441678766, 0.00462689902633, -0.0159456431866, 0.0304043423384, -0.0235327947885, 0.0136537393555, -0.00805699825287], [0.000213801627979, -0.00147519051097, 0.00122306519188, 0.00581859890372, -0.00873761065304, 0.00506512913853, -0.00136658980045, -0.00563828414306, 0.0139522114769, -0.0235327947885, 0.0321501530707, -0.0178583040833, 0.0100838737562], [7.53471340431e-06, 0.00135991792195, -0.000180349234142, -0.00631750794128, 0.0077218869701, -0.00416044192389, -0.000835644372273, 0.00446283118799, -0.00865666382015, 0.0136537393555, -0.0178583040833, 0.026358615607, -0.00947217550129], [0.000135711437906, -0.000932199822273, 0.000587699469179, 0.00405014539137, -0.00649996567518, 0.00199580797926, 0.00138722127303, -0.00306256790645, 0.00730002345517, -0.00805699825287, 0.0100838737562, -0.00947217550129, 0.0184806510806]], "cov": [[36167.6796875, 2146.94067383, -2986.49902344, 346.961730957, -666.779174805, -897.412597656, 25.0710773468, -502.611541748, -234.972824097, -320.704803467, -354.895874023, -180.643493652, -307.082489014], [2146.94067383, 1345.66345215, -161.996536255, -243.368652344, 232.503570557, -41.5261726379, -107.553947449, -117.117523193, 46.2158699036, -71.3664169312, -24.5451908112, -120.700134277, 87.6837387085], [-2986.49902344, -161.996536255, 782.926940918, 234.966873169, -64.0702667236, 304.577148438, -53.8996086121, 152.374511719, 3.43379759789, 75.729850769, -6.76430940628, 59.2580490112, -23.0397357941], [346.961730957, -243.368652344, 234.966873169, 502.819152832, 46.8107643127, -15.3163671494, 88.3535614014, 93.1353149414, -17.4023075104, 15.8645648956, -3.19535398483, 69.9001083374, -54.210521698], [-666.779174805, 232.503570557, -64.0702667236, 46.8107643127, 402.290710449, -27.9942798615, 75.5897293091, 9.92025279999, 40.7557563782, -20.2898731232, 50.6009674072, -36.5065879822, 77.6226882935], [-897.412597656, -41.5261726379, 304.577148438, -15.3163671494, -27.9942798615, 364.160125732, -31.8474388123, 95.4173126221, 5.17503213882, 41.8714942932, -15.8346233368, 19.3070678711, 1.94219815731], [25.0710773468, -107.553947449, -53.8996086121, 88.3535614014, 75.5897293091, -31.8474388123, 284.401824951, 22.0615177155, 50.7347488403, 8.13573074341, 30.9220466614, 26.8942985535, -30.5067920685], [-502.611541748, -117.117523193, 152.374511719, 93.1353149414, 9.92025279999, 95.4173126221, 22.0615177155, 163.286392212, 25.3641109467, 26.4365940094, 10.8626766205, 14.6752662659, -5.78447294235], [-234.972824097, 46.2158699036, 3.43379759789, -17.4023075104, 40.7557563782, 5.17503213882, 50.7347488403, 25.3641109467, 107.211853027, 38.3882026672, 5.47143983841, -4.45814466476, -8.95209789276], [-320.704803467, -71.3664169312, 75.729850769, 15.8645648956, -20.2898731232, 41.8714942932, 8.13573074341, 26.4365940094, 38.3882026672, 103.57421875, 52.2344474792, 7.24842739105, -9.81255817413], [-354.895874023, -24.5451908112, -6.76430940628, -3.19535398483, 50.6009674072, -15.8346233368, 30.9220466614, 10.8626766205, 5.47143983841, 52.2344474792, 103.862754822, 27.1707801819, -0.864824175835], [-180.643493652, -120.700134277, 59.2580490112, 69.9001083374, -36.5065879822, 19.3070678711, 26.8942985535, 14.6752662659, -4.45814466476, 7.24842739105, 27.1707801819, 85.8140640259, -2.39805746078], [-307.082489014, 87.6837387085, -23.0397357941, -54.210521698, 77.6226882935, 1.94219815731, -30.5067920685, -5.78447294235, -8.95209789276, -9.81255817413, -0.864824175835, -2.39805746078, 100.325683594]]}, "spectral_energyband_middle_low": {"dmean2": 0.00520732812583, "median": 0.00439811870456, "min": 1.2722695668e-22, "dvar2": 8.493437781e-05, "dvar": 3.71989881387e-05, "dmean": 0.0034707034938, "max": 0.169554114342, "var": 0.000259535649093, "mean": 0.0114401038736}, "melbands_crest": {"dmean2": 4.3162856102, "median": 11.847070694, "min": 1.49044859409, "dvar2": 15.8295946121, "dvar": 6.43646240234, "dmean": 2.73812413216, "max": 32.5771522522, "var": 25.6432876587, "mean": 12.4702224731}, "spectral_kurtosis": {"dmean2": 15.1046800613, "median": 23.2885837555, "min": -1.27414512634, "dvar2": 374.233642578, "dvar": 142.639434814, "dmean": 9.38175773621, "max": 163.788757324, "var": 347.172363281, "mean": 27.8990898132}, "spectral_rms": {"dmean2": 0.000749753497075, "median": 0.00337605155073, "min": 3.12607535344e-12, "dvar2": 8.11341692497e-07, "dvar": 4.12820241991e-07, "dmean": 0.000535142142326, "max": 0.0139079699293, "var": 4.98701592733e-06, "mean": 0.003816857934}, "zerocrossingrate": {"dmean2": 0.0271387584507, "median": 0.1552734375, "min": 0.01953125, "dvar2": 0.000590154144447, "dvar": 0.000436003989307, "dmean": 0.0218514874578, "max": 0.61767578125, "var": 0.00732937501743, "mean": 0.17149502039}, "silence_rate_60dB": {"dmean2": 0.0827289819717, "median": 0, "min": 0, "dvar2": 0.0890420228243, "dvar": 0.0396469756961, "dmean": 0.041358936578, "max": 1, "var": 0.138399347663, "mean": 0.165950596333}, "erbbands_kurtosis": {"dmean2": 1.89352416992, "median": 0.0243402719498, "min": -1.77816271782, "dvar2": 23.682844162, "dvar": 9.5099697113, "dmean": 1.19258964062, "max": 128.850479126, "var": 16.242389679, "mean": 0.857457220554}, "erbbands": {"dmean2": [0.0278793144971, 0.302646368742, 0.868401288986, 1.84448409081, 9.60510540009, 6.95918560028, 4.58880138397, 9.80271434784, 18.3166332245, 18.2028999329, 17.2051296234, 35.3609848022, 32.9402809143, 23.4947757721, 49.3092193604, 44.3868484497, 28.0561904907, 17.1833667755, 16.4401264191, 18.1544837952, 7.51636886597, 7.98489236832, 4.87951469421, 3.79424905777, 6.05591726303, 4.71678256989, 2.42588686943, 2.64765715599, 1.14003777504, 0.633232533932, 0.417322129011, 0.239101320505, 0.074273057282, 0.024344233796, 0.0146911079064, 0.0122631248087, 0.0222090035677, 0.0173184126616, 0.0126295704395, 0.0039983028546], "median": [0.0104918088764, 0.189565867186, 0.378804326057, 0.933084487915, 2.74334716797, 2.78281784058, 2.1743979454, 3.60847306252, 5.36886119843, 4.45689105988, 5.96164226532, 8.90312290192, 8.47076797485, 8.57869529724, 9.33282279968, 11.4435720444, 6.8669962883, 7.02262306213, 8.98000717163, 11.2453765869, 5.14243793488, 2.70706605911, 1.65398311615, 0.923243701458, 0.868555545807, 0.629845023155, 0.323239326477, 0.174973338842, 0.0816966295242, 0.0439511239529, 0.0240772478282, 0.0130901988596, 0.00698371790349, 0.00359852891415, 0.00223119184375, 0.00174750573933, 0.00144665117841, 0.00153364858124, 0.0021121785976, 0.00269224075601], "min": [9.1725003703e-23, 4.04669917647e-22, 2.02038763642e-21, 5.57975934278e-21, 1.40663711064e-20, 1.42900588386e-20, 3.46010910389e-20, 2.74904106177e-20, 5.62739888761e-20, 9.91577524796e-20, 2.35510340362e-19, 2.63403025714e-19, 3.83968813445e-19, 5.10973762804e-19, 7.31377949874e-19, 1.00254869268e-18, 1.60769066097e-18, 1.82173894731e-18, 2.50143160228e-18, 3.07919244473e-18, 3.60304530628e-18, 3.96480902486e-18, 4.28947782888e-18, 5.91254639782e-18, 6.10710506816e-18, 8.23682052152e-18, 8.82662345933e-18, 1.06029896889e-17, 1.11645030497e-17, 1.15323759107e-17, 1.05640311364e-17, 9.38388428466e-18, 9.49402255604e-18, 7.7540497919e-18, 6.30894747738e-18, 4.22405032397e-18, 2.23149216952e-18, 9.35752824239e-19, 2.1971129406e-19, 2.74972833253e-20], "dvar2": [0.00335799320601, 0.352989435196, 3.4703514576, 12.4790658951, 401.61416626, 219.593063354, 116.306694031, 760.476806641, 2433.13574219, 4343.24072266, 2057.29199219, 8685.45214844, 10793.4199219, 5721.65673828, 34779.5898438, 25667.5800781, 24489.3632812, 1888.30175781, 2974.74145508, 1919.875, 220.615234375, 1154.3059082, 184.763122559, 146.175704956, 617.290039062, 486.932159424, 121.432060242, 258.93258667, 37.7800178528, 12.3811264038, 7.5275478363, 1.31710040569, 0.162179410458, 0.00320362881757, 0.00115239771549, 0.00216476432979, 0.0144058642909, 0.00824650283903, 0.00289308140054, 0.000107756910438], "dvar": [0.00146260694601, 0.137824878097, 1.37018191814, 5.04625415802, 149.119567871, 123.336044312, 48.3921852112, 379.617340088, 1075.62121582, 1659.37268066, 919.119934082, 4245.48486328, 4152.93115234, 2445.11132812, 11961.4960938, 11238.0351562, 10140.5292969, 887.021362305, 1322.65625, 871.565612793, 95.5154571533, 670.17388916, 100.325973511, 65.4683380127, 288.124084473, 219.633178711, 52.0677986145, 106.289260864, 15.2153129578, 5.46660995483, 2.95213842392, 0.53491973877, 0.0607922412455, 0.00128116132692, 0.000460872368421, 0.000826508854516, 0.0057205427438, 0.00358700845391, 0.00131308392156, 6.01571628067e-05], "dmean": [0.0175914391875, 0.191243454814, 0.551837205887, 1.16315031052, 5.87269258499, 4.80270051956, 2.9190530777, 6.6836309433, 12.3377323151, 11.5796709061, 11.6280422211, 24.1139144897, 20.1526260376, 15.3926734924, 29.4368553162, 28.0395069122, 17.7202320099, 11.3834609985, 10.6842012405, 11.8581171036, 4.95075654984, 5.73390722275, 3.49705266953, 2.5809481144, 4.17643117905, 3.11636996269, 1.58729398251, 1.67770957947, 0.713238358498, 0.397018313408, 0.254987567663, 0.147423908114, 0.0453285723925, 0.0147670255974, 0.00890622008592, 0.007548478432, 0.0137273697183, 0.0109733780846, 0.00865296274424, 0.00290315807797], "max": [0.753844976425, 8.79200172424, 55.329536438, 51.5110969543, 290.421569824, 366.344451904, 201.914550781, 618.049682617, 670.539733887, 2103.49365234, 994.994750977, 2217.44433594, 1182.46411133, 1787.24389648, 2012.87463379, 2800.76782227, 2564.04882812, 645.405273438, 904.37878418, 1175.04821777, 289.273284912, 1148.93774414, 333.691192627, 256.644622803, 358.817199707, 306.460449219, 140.320129395, 350.522369385, 87.4404067993, 89.039604187, 77.4751434326, 19.435043335, 14.0443754196, 0.871179401875, 0.541627466679, 1.53298139572, 2.54549050331, 1.76898252964, 0.671549022198, 0.26909956336], "var": [0.00557351857424, 0.374841958284, 5.00818347931, 14.5332622528, 1039.22155762, 614.745666504, 116.57219696, 1041.69677734, 2821.86572266, 2839.04125977, 2821.95996094, 11762.2382812, 4025.81542969, 4989.23242188, 15418.6835938, 12286.8984375, 8932.62890625, 2276.88110352, 1611.81152344, 1514.76977539, 218.262802124, 2301.62719727, 309.325317383, 141.192718506, 411.742279053, 240.254470825, 53.1492042542, 118.441795349, 13.824508667, 5.69444322586, 2.5003786087, 0.488874584436, 0.0480433814228, 0.00131388474256, 0.000467278849101, 0.000713220855687, 0.00508069293573, 0.00374892284162, 0.00169023848139, 0.000301340041915], "mean": [0.0412073619664, 0.394733518362, 1.33584678173, 2.40441560745, 14.9421052933, 11.4621839523, 5.76067399979, 12.3528251648, 23.5710086823, 21.746723175, 23.2948760986, 41.9932670593, 26.8051757812, 27.0350284576, 39.0053405762, 35.9734687805, 22.2230815887, 21.1122760773, 18.2057495117, 21.7359771729, 9.79578018188, 11.4881448746, 6.71047973633, 4.44737482071, 6.11938142776, 4.07731056213, 1.97320389748, 1.80598688126, 0.743774950504, 0.412605971098, 0.253771722317, 0.143778204918, 0.0463255159557, 0.014737454243, 0.00880772992969, 0.00788516458124, 0.0137264933437, 0.012223245576, 0.0134182292968, 0.00754253193736]}, "spectral_strongpeak": {"dmean2": 1.11961054802, "median": 0.436823010445, "min": 0, "dvar2": 15.6400222778, "dvar": 6.39972114563, "dmean": 0.64369559288, "max": 81.6949920654, "var": 8.90269851685, "mean": 1.02130365372}, "spectral_energy": {"dmean2": 0.0078415600583, "median": 0.0116826677695, "min": 1.0016656386e-20, "dvar2": 0.000150573439896, "dvar": 7.08618244971e-05, "dmean": 0.00541076017544, "max": 0.198267415166, "var": 0.000462282681838, "mean": 0.0200443025678}, "average_loudness": 0.400456160307, "spectral_rolloff": {"dmean2": 2645.02319336, "median": 1636.5234375, "min": 86.1328125, "dvar2": 42886448, "dvar": 17200750, "dmean": 1427.98828125, "max": 21856.2011719, "var": 42391264, "mean": 4086.63378906}, "spectral_centroid": {"dmean2": 242.537231445, "median": 892.494262695, "min": 171.343917847, "dvar2": 136374.84375, "dvar": 65507.2617188, "dmean": 163.520965576, "max": 11728.2578125, "var": 2472891.25, "mean": 1183.9744873}, "pitch_salience": {"dmean2": 0.0973058119416, "median": 0.577867507935, "min": 0.113023251295, "dvar2": 0.0072459988296, "dvar": 0.00285614980385, "dmean": 0.0606066137552, "max": 0.853398025036, "var": 0.00995981320739, "mean": 0.577670633793}, "spectral_energyband_middle_high": {"dmean2": 0.00278861797415, "median": 0.00202202284709, "min": 1.15262377798e-21, "dvar2": 3.82024081773e-05, "dvar": 1.67263606272e-05, "dmean": 0.00189685146324, "max": 0.0708085075021, "var": 4.54617220385e-05, "mean": 0.00424871779978}, "spectral_contrast_coeffs": {"dmean2": [0.0769592523575, 0.076324544847, 0.0655217468739, 0.0491320341825, 0.0521253794432, 0.0586590357125], "median": [-0.643089175224, -0.774604320526, -0.791142761707, -0.788688659668, -0.776290655136, -0.806902527809], "min": [-0.980492711067, -0.97850060463, -0.983884930611, -0.979793727398, -0.973891854286, -0.964988052845], "dvar2": [0.00390277244151, 0.00397136760876, 0.00290507590398, 0.00161402486265, 0.00189433817286, 0.00318286451511], "dvar": [0.00146630534437, 0.00145898328628, 0.00116511585657, 0.000648059358355, 0.000787004828453, 0.0013525626855], "dmean": [0.0470535829663, 0.0464366450906, 0.0400039106607, 0.0302862655371, 0.0337049476802, 0.0368568636477], "max": [-0.286031991243, -0.495387196541, -0.47660857439, -0.505384981632, -0.622902214527, -0.496311545372], "var": [0.0116147557274, 0.00587754230946, 0.00449573481455, 0.00264618382789, 0.00425280584022, 0.00542732793838], "mean": [-0.63705009222, -0.768530964851, -0.784693837166, -0.788072824478, -0.782310009003, -0.794811427593]}, "melbands_skewness": {"dmean2": 0.733390688896, "median": 1.44796991348, "min": -5.09666013718, "dvar2": 0.606495857239, "dvar": 0.278943926096, "dmean": 0.488554775715, "max": 8.81932830811, "var": 1.39129209518, "mean": 1.57149684429}, "spectral_spread": {"dmean2": 879802.6875, "median": 2795570.25, "min": 1010613, "dvar2": 1150208049150.0, "dvar": 533051473920, "dmean": 546957.75, "max": 45144352, "var": 32832286097400.0, "mean": 3723927}, "dissonance": {"dmean2": 0.0436068400741, "median": 0.465150773525, "min": 0.23279042542, "dvar2": 0.00165507639758, "dvar": 0.000614744669292, "dmean": 0.0255865119398, "max": 0.5, "var": 0.00116664473899, "mean": 0.456270754337}, "spectral_skewness": {"dmean2": 0.856462836266, "median": 3.27970314026, "min": -0.0767653733492, "dvar2": 0.934906899929, "dvar": 0.367538541555, "dmean": 0.549242079258, "max": 10.0648107529, "var": 1.58577299118, "mean": 3.49740552902}, "spectral_flux": {"dmean2": 0.0224923565984, "median": 0.0493659824133, "min": 6.30446111982e-11, "dvar2": 0.000720137904864, "dvar": 0.000338914513122, "dmean": 0.0147916842252, "max": 0.258358299732, "var": 0.00163294305094, "mean": 0.059823770076}, "spectral_contrast_valleys": {"dmean2": [0.646410286427, 0.584507346153, 0.511903464794, 0.460248231888, 0.652210712433, 1.15708374977], "median": [-7.51348733902, -6.69416475296, -7.01826477051, -7.62205505371, -8.69404983521, -11.6999034882], "min": [-28.2658805847, -28.1982860565, -27.9024753571, -27.7469425201, -27.5440235138, -27.4430503845], "dvar2": [0.296324938536, 0.233588397503, 0.196495443583, 0.185917302966, 0.403323322535, 0.941670417786], "dvar": [0.13628308475, 0.111787863076, 0.109601303935, 0.11523180455, 0.18695807457, 0.367145806551], "dmean": [0.400039225817, 0.364914745092, 0.331571191549, 0.314162492752, 0.440522521734, 0.723216414452], "max": [-5.44231462479, -4.54596710205, -5.15532302856, -5.74749660492, -5.77853679657, -8.85494041443], "var": [9.88540267944, 10.3006696701, 9.87017250061, 9.45482349396, 8.8879070282, 6.58495330811], "mean": [-8.19364547729, -7.22709703445, -7.57091569901, -8.20190620422, -9.19783210754, -12.1280355453]}, "erbbands_flatness_db": {"dmean2": 0.0407738424838, "median": 0.195214241743, "min": 0.0669245943427, "dvar2": 0.00123770069331, "dvar": 0.000519001041539, "dmean": 0.0259716939181, "max": 0.507179200649, "var": 0.0022317788098, "mean": 0.197952479124}, "spectral_energyband_high": {"dmean2": 0.000244004419073, "median": 5.116743705e-05, "min": 7.14940523703e-21, "dvar2": 9.81594666882e-07, "dvar": 4.46494652806e-07, "dmean": 0.00016576886992, "max": 0.013640422374, "var": 6.4196905214e-07, "mean": 0.000263039633865}, "spectral_entropy": {"dmean2": 0.319065064192, "median": 7.06993436813, "min": 4.87062358856, "dvar2": 0.0946376994252, "dvar": 0.0410532541573, "dmean": 0.207223013043, "max": 9.83105659485, "var": 0.307755231857, "mean": 7.09780263901}, "silence_rate_20dB": {"dmean2": 0, "median": 1, "min": 1, "dvar2": 0, "dvar": 0, "dmean": 0, "max": 1, "var": 0, "mean": 1}, "melbands_flatness_db": {"dmean2": 0.0475382842124, "median": 0.255549281836, "min": 0.00336696114391, "dvar2": 0.00183233665302, "dvar": 0.000808508193586, "dmean": 0.0309915263206, "max": 0.530018985271, "var": 0.00481579685584, "mean": 0.255219310522}, "barkbands": {"dmean2": [0.000223960349103, 0.00118658842985, 0.000808416632935, 0.00104681041557, 0.00259856507182, 0.0010446596425, 0.00137952622026, 0.000641650985926, 0.00159143493511, 0.000886455469299, 0.000994476140477, 0.00114087690599, 0.000600336876232, 0.000332675728714, 0.000412334076827, 0.000138240066008, 0.00016677066742, 7.51757761464e-05, 0.000103007085272, 9.79919568636e-05, 6.32043302176e-05, 2.9338789318e-05, 1.49466359289e-05, 7.28859367882e-06, 2.06890740628e-06, 9.52179198066e-06, 0.0001496073819], "median": [3.31530318363e-05, 0.00073647039244, 0.000295259873383, 0.000297846243484, 0.00102992774919, 0.000384710554499, 0.00038634048542, 0.000192084014998, 0.000414996320615, 0.000204338750336, 0.000182643867447, 0.000262032262981, 0.000121581913845, 0.000109655426058, 0.000258075655438, 6.9308327511e-05, 4.89097292302e-05, 2.07177017728e-05, 1.62389969773e-05, 1.21195425891e-05, 5.62721834285e-06, 2.0360016606e-06, 9.07310209186e-07, 4.90706440814e-07, 2.93630108672e-07, 7.20496359463e-07, 7.78199027991e-05], "min": [2.41098473779e-25, 2.56790494906e-24, 1.67339269166e-24, 1.24722399825e-24, 4.8296427256e-24, 2.64838276367e-24, 5.22418401317e-24, 7.5654458715e-24, 1.08148231047e-23, 1.27187909642e-23, 1.14007653192e-23, 2.02295080327e-23, 3.24407498348e-23, 3.42336255686e-23, 4.0132579112e-23, 5.4339238263e-23, 4.35973761146e-23, 7.23107455505e-23, 1.22579139687e-22, 1.65295149911e-22, 2.32567049585e-22, 3.11000144621e-22, 3.58622579375e-22, 5.78358433994e-22, 8.54101544862e-22, 1.30838697643e-21, 1.90503309947e-21], "dvar2": [2.0839057413e-07, 5.29208136868e-06, 2.277204