{"tonal": {"thpcp": [1, 0.926272749901, 0.281300246716, 0.0679784268141, 0.04876043275, 0.049821395427, 0.0910845547915, 0.123587273061, 0.103877082467, 0.131346032023, 0.133741021156, 0.0697193071246, 0.0533675849438, 0.0491112023592, 0.0388931855559, 0.0747816637158, 0.0989608317614, 0.0640372037888, 0.035341989249, 0.044085059315, 0.122031703591, 0.379918187857, 0.508312046528, 0.414096832275, 0.368092685938, 0.202418744564, 0.0491166636348, 0.0409898757935, 0.0310036409646, 0.0436863936484, 0.106240302324, 0.121865272522, 0.0751205980778, 0.0690084472299, 0.117289945483, 0.389810532331], "hpcp": {"dmean2": [0.338230788708, 0.356952816248, 0.243714287877, 0.108918398619, 0.0807095989585, 0.0793383568525, 0.102822840214, 0.126091748476, 0.112814038992, 0.120082683861, 0.114740118384, 0.0720652043819, 0.0536705963314, 0.0481549203396, 0.0451822467148, 0.0712195187807, 0.083735331893, 0.0627322643995, 0.0472718141973, 0.0641234144568, 0.147217705846, 0.219702124596, 0.208492532372, 0.239710107446, 0.234940707684, 0.137980535626, 0.0527854152024, 0.0448803901672, 0.0399935021996, 0.0474558286369, 0.0884044319391, 0.115287847817, 0.102296963334, 0.113340251148, 0.177750304341, 0.311442375183], "median": [0.556169748306, 0.478493779898, 0.0691132545471, 0.00212592352182, 0.00136787805241, 0.00216476269998, 0.00743118207902, 0.00977109372616, 0.00765699613839, 0.00694825546816, 0.00664813444018, 0.0043791430071, 0.00392297469079, 0.003400453832, 0.00243282411247, 0.00273391325027, 0.00381048512645, 0.00393488351256, 0.00248040398583, 0.00168014818337, 0.0117297023535, 0.0747014433146, 0.0865594372153, 0.0760465487838, 0.00571187073365, 0.00425662007183, 0.00215176353231, 0.0017857508501, 0.00137512839865, 0.00334886088967, 0.00719380518422, 0.00605440605432, 0.00276865903288, 0.00229522190057, 0.00399836013094, 0.111399456859], "min": [0, 0, 0, 0, 0, 0, 0, 0, 0, 0, 0, 0, 0, 0, 0, 0, 0, 0, 0, 0, 0, 0, 0, 0, 0, 0, 0, 0, 0, 0, 0, 0, 0, 0, 0, 0], "dvar2": [0.155411139131, 0.160632237792, 0.118778921664, 0.0824488773942, 0.0656591206789, 0.0599737912416, 0.0667738690972, 0.0820238217711, 0.0755804032087, 0.0756617113948, 0.0691129788756, 0.0383688919246, 0.0281678587198, 0.0257216468453, 0.0256407409906, 0.0420697629452, 0.0535544417799, 0.0360978618264, 0.030449712649, 0.0327567905188, 0.0723412036896, 0.0928466618061, 0.0983112305403, 0.0963130071759, 0.160762384534, 0.0742824673653, 0.0356816872954, 0.0296971090138, 0.0251501500607, 0.0250481944531, 0.0513969734311, 0.0839426517487, 0.0800356790423, 0.0936280041933, 0.126322001219, 0.154593870044], "dvar": [0.0692635774612, 0.06920170784, 0.0422835052013, 0.0281979907304, 0.022382594645, 0.0204327404499, 0.0228834412992, 0.0286720991135, 0.0261312834918, 0.0267691463232, 0.0246816482395, 0.0131853325292, 0.00973505713046, 0.00890704896301, 0.00870011001825, 0.0146261667833, 0.0190991293639, 0.0122765181586, 0.0103410985321, 0.0121301999316, 0.0269164964557, 0.0363154485822, 0.0401551052928, 0.0414347611368, 0.0809202492237, 0.0320944227278, 0.0122728459537, 0.010174414143, 0.00861408840865, 0.00861514639109, 0.0182996150106, 0.0296833850443, 0.0276303179562, 0.0322836376727, 0.045174382627, 0.0577915534377], "dmean": [0.197818174958, 0.207873657346, 0.136089012027, 0.0567266941071, 0.0416146628559, 0.0411026738584, 0.0553860999644, 0.0691878646612, 0.0610182471573, 0.0667750611901, 0.0639100447297, 0.0390594825149, 0.0293446276337, 0.0264782402664, 0.0243647675961, 0.0394899882376, 0.0472643077374, 0.0344997309148, 0.0251986980438, 0.0342373624444, 0.0808337032795, 0.129681542516, 0.124341636896, 0.134365394711, 0.122817113996, 0.0725864246488, 0.0283215995878, 0.0240987222642, 0.0212700571865, 0.0257668495178, 0.0498965866864, 0.0633719339967, 0.0537315681577, 0.0585185550153, 0.0943501666188, 0.175913900137], "max": [1, 1, 1, 1, 1, 1, 1, 1, 1, 1, 1, 1, 1, 1, 1, 1, 1, 1, 1, 1, 1, 1, 1, 1, 1, 1, 1, 1, 1, 1, 1, 1, 1, 1, 1, 1], "var": [0.173855721951, 0.162594258785, 0.0384276397526, 0.0163051020354, 0.0124056050554, 0.0113671533763, 0.015773685649, 0.0243790466338, 0.0192473847419, 0.0262491274625, 0.0284966994077, 0.00975030381233, 0.00772745721042, 0.00767391547561, 0.00574871711433, 0.0130327269435, 0.0222111493349, 0.00987945403904, 0.00591457355767, 0.00824128836393, 0.0210959389806, 0.0647579729557, 0.115319810808, 0.0623540692031, 0.134217068553, 0.039679672569, 0.00931869540364, 0.00738296099007, 0.00557225290686, 0.00575965968892, 0.0202817171812, 0.0280941072851, 0.016767045483, 0.0177007373422, 0.0290081780404, 0.062352091074], "mean": [0.51853454113, 0.480304419994, 0.145863890648, 0.0352491624653, 0.0252839680761, 0.0258341152221, 0.047230489552, 0.0640842691064, 0.0538638569415, 0.0681074559689, 0.0693493410945, 0.0361518673599, 0.0276729352772, 0.0254658553749, 0.0201674606651, 0.0387768745422, 0.0513146109879, 0.0332055017352, 0.01832604222, 0.0228596255183, 0.0632776543498, 0.197000697255, 0.263577342033, 0.21472351253, 0.190868765116, 0.104961112142, 0.0254686865956, 0.0212546661496, 0.016076458618, 0.0226529035717, 0.0550892651081, 0.0631913542747, 0.0389526262879, 0.035783264786, 0.060818888247, 0.202130228281]}, "tuning_equal_tempered_deviation": 0.214676201344, "chords_changes_rate": 0.0405079908669, "key_key": "A", "tuning_diatonic_strength": 0.64505302906, "key_scale": "minor", "chords_number_rate": 0.000766367418692, "tuning_frequency": 434.193115234, "tuning_nontempered_energy_ratio": 0.920736312866, "chords_histogram": [54.7076873779, 0.525509059429, 1.18239545822, 1.01817381382, 0, 1.06196630001, 0.492664754391, 15.1631269455, 0, 0.109481059015, 0, 0, 0, 0, 0, 0, 0.405079931021, 0, 0, 0, 0.262754529715, 0, 13.6413402557, 11.4298229218], "key_strength": 0.761994898319, "chords_key": "A", "chords_strength": {"dmean2": 0.00709044048563, "median": 0.551688075066, "min": -1, "dvar2": 0.000450987543445, "dvar": 0.000235709201661, "dmean": 0.00660518882796, "max": 0.819406926632, "var": 0.0188708230853, "mean": 0.545449316502}, "chords_scale": "minor", "hpcp_entropy": {"dmean2": 0.954848766327, "median": 1.84234762192, "min": 0, "dvar2": 0.594175577164, "dvar": 0.219181403518, "dmean": 0.558814704418, "max": 4.35603141785, "var": 0.465919196606, "mean": 1.85778343678}}, "metadata": {"audio_properties": {"equal_loudness": 0, "codec": "aac", "downmix": "mix", "sample_rate": 44100, "analysis_sample_rate": 44100, "bit_rate": 256088, "md5_encoded": "f7b4847fe30da84402ca8dac8a31b3d0", "length": 424.112457275, "replay_gain": -11.4536151886, "lossless": false}, "version": {"essentia_build_sha": "70f2e5ece6736b2c40cc944ad0e695b16b925413", "essentia": "2.1-beta2", "extractor": "music 1.0", "essentia_git_sha": "v2.1_beta2"}, "tags": {"title": ["Right Where It Ends"], "barcode": ["3760180500277"], "media": ["CD"], "language": ["eng"], "musicbrainz_recordingid": ["02a593df-d4fa-4e17-bfd1-09a7bbe906e6"], "composer": ["Anna Segerstad, Daniel Segerstad & Johannes Hedberg"], "musicbrainz_albumartistid": ["8229a8f1-b315-4fae-af57-b3eb71efdaf4"], "discnumber": ["1/1"], "album": ["Interloper"], "catalognumber": ["inre 041"], "file_name": "2 - Right Where It Ends.m4a", "compilation": ["0"], "date": ["2010-05-03"], "genre": ["Electronic"], "musicbrainz_releasegroupid": ["5812b287-ca1a-4ffe-a02f-08f8cc67d052"], "script": ["Latn"], "musicbrainz_albumid": ["4a4905ff-5b6d-4798-aace-89dd4bdd5972"], "copyright": ["\u2117 2010 ULTIMAE Records"], "artist": ["Carbon Based Lifeforms"], "artistsort": ["Carbon Based Lifeforms"], "tracknumber": ["2/10"], "label": ["Ultimae Records"], "albumartistsort": ["Carbon Based Lifeforms"], "musicbrainz_artistid": ["8229a8f1-b315-4fae-af57-b3eb71efdaf4"]}}, "rhythm": {"bpm_histogram_first_peak_bpm": {"dmean2": 0, "median": 157, "min": 157, "dvar2": 0, "dvar": 0, "dmean": 0, "max": 157, "var": 0, "mean": 157}, "bpm": 155.665390015, "bpm_histogram_second_peak_spread": {"dmean2": 0, "median": 0.144104778767, "min": 0.144104778767, "dvar2": 0, "dvar": 0, "dmean": 0, "max": 0.144104778767, "var": 0, "mean": 0.144104778767}, "bpm_histogram_first_peak_weight": {"dmean2": 0, "median": 0.706371188164, "min": 0.706371188164, "dvar2": 0, "dvar": 0, "dmean": 0, "max": 0.706371188164, "var": 0, "mean": 0.706371188164}, "onset_rate": 3.4588932991, "beats_position": [0.429569154978, 0.870748281479, 1.31192743778, 1.72988653183, 2.14784574509, 2.55419492722, 2.96054410934, 3.36689329147, 3.79646253586, 4.21442174911, 4.62077093124, 5.01551008224, 5.4334692955, 5.83981847763, 6.24616765976, 6.65251684189, 7.05886602402, 7.46521520615, 7.85995435715, 8.25469398499, 8.64943313599, 9.03256225586, 9.42730140686, 9.82204055786, 10.2167797089, 10.6347389221, 11.0410881042, 11.4474372864, 11.8537864685, 12.2601356506, 12.6664848328, 13.0728340149, 13.4907932281, 13.8971424103, 14.3034915924, 14.7214508057, 15.1277999878, 15.5341491699, 15.9288883209, 16.3120174408, 16.7067565918, 17.0898857117, 17.4730148315, 17.8561439514, 18.2392749786, 18.6224040985, 19.0055332184, 19.3886623383, 19.7717914581, 20.154920578, 20.5380496979, 20.9327888489, 21.339138031, 21.7454872131, 22.1518363953, 22.5581855774, 22.9645347595, 23.3592739105, 23.7540130615, 24.1487522125, 24.5434913635, 24.9382305145, 25.3329696655, 25.7393188477, 26.1456680298, 26.5404071808, 26.9351463318, 27.3298854828, 27.7246246338, 28.1193637848, 28.5141029358, 28.9088420868, 29.3151912689, 29.7215423584, 30.1278915405, 30.5342407227, 30.9289798737, 31.3237190247, 31.7068481445, 32.0899772644, 32.4731063843, 32.8562355042, 33.239364624, 33.6224937439, 34.0056228638, 34.3887519836, 34.7718811035, 35.1666221619, 35.5497512817, 35.9328804016, 36.3160095215, 36.6991386414, 37.0822677612, 37.4770050049, 37.8601341248, 38.2432632446, 38.6263923645, 39.0095214844, 39.3926506042, 39.7757797241, 40.1589126587, 40.5420417786, 40.9367790222, 41.3199081421, 41.703037262, 42.0861663818, 42.4692955017, 42.8524246216, 43.2355537415, 43.6186828613, 44.0018119812, 44.3965530396, 44.7912902832, 45.1744194031, 45.5575485229, 45.9406776428, 46.3238105774, 46.6953277588, 47.0784568787, 47.473197937, 47.8563270569, 48.2510643005, 48.6341934204, 49.0173225403, 49.4004516602, 49.78358078, 50.1783218384, 50.5614509583, 50.9445800781, 51.327709198, 51.7108383179, 52.0939674377, 52.4770965576, 52.871837616, 53.2549667358, 53.6380958557, 54.0096130371, 54.4043540955, 54.7874832153, 55.1706123352, 55.5653495789, 55.9484786987, 56.3316078186, 56.7147369385, 57.0978660583, 57.4809951782, 57.8641242981, 58.247253418, 58.6303825378, 59.0251235962, 59.4082527161, 59.7913818359, 60.1745109558, 60.5576400757, 60.9407691956, 61.3238983154, 61.7070274353, 62.0901565552, 62.473285675, 62.8680267334, 63.2511558533, 63.6342849731, 64.0174102783, 64.4005432129, 64.7836685181, 65.1668014526, 65.5499343872, 65.9446716309, 66.327796936, 66.7109298706, 67.0940551758, 67.4771881104, 67.8603134155, 68.2434463501, 68.6265716553, 69.0213165283, 69.4044418335, 69.7875747681, 70.1707000732, 70.5654373169, 70.936958313, 71.3316955566, 71.7032165527, 72.0979614258, 72.481086731, 72.8642196655, 73.2473449707, 73.6304779053, 74.0136032104, 74.4083404541, 74.7914733887, 75.1745986938, 75.5577316284, 75.9524688721, 76.3356018066, 76.7187271118, 77.1018600464, 77.4849853516, 77.8681182861, 78.2512435913, 78.6227645874, 79.0175018311, 79.4006347656, 79.7837600708, 80.1785049438, 80.561630249, 80.9447631836, 81.3278884888, 81.7110214233, 82.105758667, 82.4888839722, 82.8720169067, 83.2551422119, 83.6382751465, 84.0214080811, 84.4045333862, 84.7876663208, 85.170791626, 85.5539245605, 85.9370498657, 86.3201828003, 86.7033081055, 87.08644104, 87.4695663452, 87.8643035889, 88.2474365234, 88.6305618286, 89.0136947632, 89.3968200684, 89.7799530029, 90.1630859375, 90.5578231812, 90.9409484863, 91.3240814209, 91.7072067261, 92.0903396606, 92.4850769043, 92.8682098389, 93.251335144, 93.6344680786, 94.0175933838, 94.4007263184, 94.7838516235, 95.1669845581, 95.5501098633, 95.9332427979, 96.316368103, 96.7111129761, 97.0942382812, 97.4773712158, 97.860496521, 98.2436294556, 98.6267547607, 99.0098876953, 99.3930130005, 99.7877502441, 100.170883179, 100.554008484, 100.937141418, 101.320266724, 101.703399658, 102.086524963, 102.469657898, 102.852790833, 103.235916138, 103.630653381, 104.013786316, 104.396911621, 104.780044556, 105.163169861, 105.546302795, 105.929428101, 106.324172974, 106.707298279, 107.090431213, 107.473556519, 107.856689453, 108.239814758, 108.622947693, 109.006072998, 109.389205933, 109.783943176, 110.167076111, 110.550201416, 110.94493866, 111.328071594, 111.711196899, 112.094329834, 112.477455139, 112.860588074, 113.243713379, 113.626846313, 114.009971619, 114.393104553, 114.776237488, 115.170974731, 115.554100037, 115.937232971, 116.320358276, 116.703491211, 117.098228455, 117.481361389, 117.864486694, 118.247619629, 118.630744934, 119.013877869, 119.397003174, 119.780136108, 120.163261414, 120.557998657, 120.941131592, 121.324264526, 121.707389832, 122.090522766, 122.48526001, 122.868385315, 123.25151825, 123.634643555, 124.017776489, 124.400901794, 124.784034729, 125.178771973, 125.550292969, 125.933418274, 126.316551208, 126.711288452, 127.094421387, 127.477546692, 127.860679626, 128.243804932, 128.626937866, 129.010070801, 129.404800415, 129.799545288, 130.182678223, 130.565795898, 130.937316895, 131.332061768, 131.715194702, 132.098312378, 132.481445312, 132.864578247, 133.247711182, 133.630844116, 134.02557373, 134.408706665, 134.7918396, 135.174957275, 135.55809021, 135.941223145, 136.324356079, 136.707473755, 137.090606689, 137.485351562, 137.868484497, 138.251602173, 138.634735107, 139.017868042, 139.401000977, 139.784118652, 140.178863525, 140.56199646, 140.945129395, 141.32824707, 141.711380005, 142.094512939, 142.477645874, 142.86076355, 143.243896484, 143.627029419, 144.010162354, 144.404891968, 144.788024902, 145.171157837, 145.554275513, 145.937408447, 146.320541382, 146.703674316, 147.086807251, 147.469924927, 147.8646698, 148.247802734, 148.63092041, 149.014053345, 149.397186279, 149.780319214, 150.16343689, 150.558181763, 150.952926636, 151.336044312, 151.719177246, 152.090698242, 152.485443115, 152.856964111, 153.251693726, 153.63482666, 154.017959595, 154.401092529, 154.784210205, 155.16734314, 155.550476074, 155.945205688, 156.328338623, 156.711471558, 157.094604492, 157.477722168, 157.860855103, 158.243988037, 158.627120972, 159.010253906, 159.404983521, 159.788116455, 160.17124939, 160.565979004, 160.9375, 161.320632935, 161.703765869, 162.086883545, 162.470016479, 162.864761353, 163.247894287, 163.631011963, 164.014144897, 164.397277832, 164.792022705, 165.175140381, 165.558273315, 165.94140625, 166.324539185, 166.719268799, 167.090789795, 167.473922729, 167.857055664, 168.251785278, 168.634918213, 169.018051147, 169.401168823, 169.784301758, 170.179046631, 170.562179565, 170.945297241, 171.328430176, 171.71156311, 172.094696045, 172.477813721, 172.860946655, 173.24407959, 173.627212524, 174.0103302, 174.405075073, 174.788208008, 175.171340942, 175.554458618, 175.937591553, 176.320724487, 176.703857422, 177.098587036, 177.493331909, 177.864852905, 178.24798584, 178.631103516, 179.01423645, 179.397369385, 179.792098999, 180.175231934, 180.558364868, 180.953109741, 181.324615479, 181.707748413, 182.090881348, 182.474014282, 182.857131958, 183.251876831, 183.635009766, 184.0181427, 184.401260376, 184.784393311, 185.179138184, 185.55065918, 185.933776855, 186.31690979, 186.711654663, 187.094787598, 187.477905273, 187.861038208, 188.244171143, 188.627304077, 189.010421753, 189.405166626, 189.788299561, 190.171432495, 190.554550171, 190.937683105, 191.332427979, 191.715545654, 192.098678589, 192.481811523, 192.864944458, 193.248062134, 193.631195068, 194.025939941, 194.409072876, 194.792190552, 195.175323486, 195.558456421, 195.941589355, 196.324707031, 196.707839966, 197.0909729, 197.485717773, 197.857223511, 198.240356445, 198.62348938, 199.018234253, 199.412963867, 199.796096802, 200.179229736, 200.562347412, 200.945480347, 201.328613281, 201.711746216, 202.09487915, 202.477996826, 202.861129761, 203.244262695, 203.62739563, 204.010513306, 204.39364624, 204.776779175, 205.171508789, 205.554641724, 205.937774658, 206.320907593, 206.704025269, 207.098770142, 207.481903076, 207.865036011, 208.248153687, 208.631286621, 209.014419556, 209.39755249, 209.780670166, 210.163803101, 210.558547974, 210.941680908, 211.324798584, 211.719543457, 212.102676392, 212.485794067, 212.868927002, 213.252059937, 213.635192871, 214.018310547, 214.401443481, 214.784576416, 215.167709351, 215.550842285, 215.933959961, 216.317092896, 216.711837769, 217.094955444, 217.478088379, 217.861221313, 218.244354248, 218.639083862, 219.022216797, 219.405349731, 219.788482666, 220.171600342, 220.554733276, 220.937866211, 221.320999146, 221.704116821, 222.087249756, 222.47038269, 222.853515625, 223.236633301, 223.631378174, 224.026123047, 224.409240723, 224.792373657, 225.175506592, 225.558639526, 225.941757202, 226.324890137, 226.71963501, 227.091156006, 227.48588562, 227.869018555, 228.252151489, 228.623672485, 229.00680542, 229.389923096, 229.784667969, 230.179412842, 230.562530518, 230.945663452, 231.328796387, 231.711929321, 232.095046997, 232.478179932, 232.861312866, 233.244445801, 233.639175415, 234.02230835, 234.405441284, 234.788574219, 235.171691895, 235.554824829, 235.937957764, 236.332687378, 236.715820312, 237.098953247, 237.482086182, 237.865203857, 238.248336792, 238.631469727, 239.0262146, 239.397735596, 239.79246521, 240.175598145, 240.558731079, 240.941848755, 241.324981689, 241.708114624, 242.091247559, 242.474365234, 242.857498169, 243.252243042, 243.635375977, 244.018493652, 244.401626587, 244.784759521, 245.167892456, 245.551010132, 245.945755005, 246.328887939, 246.712020874, 247.09513855, 247.478271484, 247.873016357, 248.256134033, 248.639266968, 249.022399902, 249.405532837, 249.788650513, 250.171783447, 250.554916382, 250.938049316, 251.332778931, 251.715911865, 252.0990448, 252.482177734, 252.86529541, 253.248428345, 253.631561279, 254.026306152, 254.409423828, 254.792556763, 255.175689697, 255.558822632, 255.941940308, 256.325073242, 256.708190918, 257.091339111, 257.486083984, 257.86920166, 258.252319336, 258.635467529, 259.018585205, 259.413330078, 259.796447754, 260.179595947, 260.562713623, 260.945831299, 261.328979492, 261.712097168, 262.106842041, 262.489959717, 262.87310791, 263.256225586, 263.639373779, 264.022491455, 264.405609131, 264.800354004, 265.183502197, 265.566619873, 265.949737549, 266.332885742, 266.716003418, 267.099121094, 267.482269287, 267.865386963, 268.260131836, 268.654876709, 269.037994385, 269.421142578, 269.804260254, 270.18737793, 270.570526123, 270.965270996, 271.359985352, 271.754730225, 272.265563965, 272.764801025, 273.275634766, 273.786468506, 274.297332764, 274.784942627, 275.27255249, 275.760162354, 276.259399414, 276.677368164, 277.083709717, 277.47845459, 277.873199463, 278.256317139, 278.639465332, 279.022583008, 279.417327881, 279.800445557, 280.183563232, 280.566711426, 280.949829102, 281.332977295, 281.704498291, 282.099212646, 282.48236084, 282.865478516, 283.248626709, 283.631744385, 284.026489258, 284.409606934, 284.792724609, 285.175872803, 285.558990479, 285.942138672, 286.325256348, 286.720001221, 287.103118896, 287.48626709, 287.857757568, 288.252502441, 288.635650635, 289.018768311, 289.401885986, 289.78503418, 290.168151855, 290.551300049, 290.946014404, 291.329162598, 291.712280273, 292.095428467, 292.478546143, 292.873291016, 293.244812012, 293.627929688, 294.011047363, 294.405792236, 294.78894043, 295.172058105, 295.555175781, 295.938323975, 296.32144165, 296.704589844, 297.099304199, 297.482452393, 297.865570068, 298.248687744, 298.631835938, 299.026580811, 299.409698486, 299.792816162, 300.164337158, 300.559082031, 300.942230225, 301.3253479, 301.708465576, 302.09161377, 302.474731445, 302.857849121, 303.252593994, 303.635742188, 304.018859863, 304.401977539, 304.785125732, 305.179870605, 305.562988281, 305.946105957, 306.32925415, 306.712371826, 307.095489502, 307.478637695, 307.873382568, 308.256500244, 308.63961792, 309.022766113, 309.405883789, 309.789031982, 310.172149658, 310.555267334, 310.938415527, 311.3331604, 311.704650879, 312.099395752, 312.482543945, 312.865661621, 313.237182617, 313.63192749, 314.015045166, 314.398193359, 314.781311035, 315.176055908, 315.559173584, 315.942321777, 316.325439453, 316.708557129, 317.091705322, 317.486419678, 317.869567871, 318.252685547, 318.63583374, 319.018951416, 319.402069092, 319.785217285, 320.168334961, 320.551483154, 320.94619751, 321.329345703, 321.712463379, 322.095581055, 322.478729248, 322.861846924, 323.244995117, 323.639709473, 324.011230469, 324.405975342, 324.789123535, 325.172241211, 325.555358887, 325.93850708, 326.321624756, 326.704742432, 327.087890625, 327.471008301, 327.865753174, 328.24887085, 328.632019043, 329.015136719, 329.398284912, 329.792999268, 330.176147461, 330.559265137, 330.942382812, 331.325531006, 331.708648682, 332.091796875, 332.474914551, 332.858032227, 333.2527771, 333.635925293, 334.019042969, 334.413787842, 334.785308838, 335.168426514, 335.551544189, 335.946289062, 336.329437256, 336.712554932, 337.095672607, 337.478820801, 337.861938477, 338.24508667, 338.639801025, 339.022949219, 339.406066895, 339.789215088, 340.172332764, 340.567077637, 340.938598633, 341.321716309, 341.704833984, 342.099578857, 342.482727051, 342.865844727, 343.248962402, 343.632110596, 344.015228271, 344.398345947, 344.79309082, 345.176239014, 345.559356689, 345.942474365, 346.325622559, 346.708740234, 347.091888428, 347.486602783, 347.858123779, 348.252868652, 348.636016846, 349.019134521, 349.402252197, 349.785400391, 350.168518066, 350.551635742, 350.946380615, 351.329528809, 351.712646484, 352.09576416, 352.478912354, 352.873657227, 353.245178223, 353.639892578, 354.011413574, 354.406158447, 354.789276123, 355.172424316, 355.555541992, 355.938690186, 356.321807861, 356.704925537, 357.09967041, 357.482818604, 357.865936279, 358.249053955, 358.632202148, 359.026947021, 359.3984375, 359.793182373, 360.176330566, 360.559448242, 360.942565918, 361.325714111, 361.708831787, 362.09197998, 362.475097656, 362.858215332, 363.252960205, 363.636077881, 364.019226074, 364.40234375, 364.785491943, 365.180206299, 365.551727295, 365.946472168, 366.317993164, 366.712738037, 367.095855713, 367.479003906, 367.873748779, 368.245239258, 368.639984131, 369.023132324, 369.40625, 369.789367676, 370.172515869, 370.555633545, 370.938781738, 371.333496094, 371.70501709, 372.088165283, 372.471282959, 372.866027832, 373.249145508, 373.632293701, 374.027008057, 374.41015625, 374.793273926, 375.176422119, 375.559539795, 375.942657471, 376.325805664, 376.70892334, 377.092071533, 377.486785889, 377.869934082, 378.253051758, 378.636169434, 379.019317627, 379.402435303, 379.785583496, 380.168701172, 380.551818848, 380.934967041, 381.318084717, 381.701202393, 382.084350586, 382.479095459, 382.862213135, 383.245330811, 383.628479004, 384.01159668, 384.394744873, 384.777862549, 385.160980225, 385.555725098, 385.938873291, 386.321990967, 386.705108643, 387.088256836, 387.471374512, 387.854492188, 388.237640381, 388.620758057, 389.01550293, 389.398620605, 389.781768799, 390.164886475, 390.548034668, 390.931152344, 391.325897217, 391.709014893, 392.092132568, 392.475280762, 392.858398438, 393.241546631, 393.624664307, 394.007781982, 394.402526855, 394.785675049, 395.168792725, 395.5519104, 395.946655273, 396.329803467, 396.712921143, 397.084442139, 397.467559814, 397.850708008, 398.233825684, 398.628570557, 399.011688232, 399.394836426, 399.777954102, 400.161071777, 400.544219971, 400.927337646, 401.32208252, 401.716827393, 402.099945068, 402.483062744, 402.877807617, 403.27255249, 403.667297363, 404.062042236, 404.445159912, 404.839904785, 405.234649658, 405.629394531, 406.024108887, 406.430480957, 406.83682251, 407.301208496, 407.765625, 408.230010986, 408.69442749, 409.170410156, 409.64642334, 410.168884277, 410.679718018, 411.190551758, 411.713012695, 412.223846436, 412.734680176, 413.245513916, 413.756378174, 414.267211914, 414.778045654, 415.288879395, 415.799713135, 416.322174072, 416.844604492, 417.36706543, 417.901123047, 418.435180664, 418.969238281, 419.491699219, 420.014129639, 420.548187256, 421.035827637, 421.5234375, 422.011047363, 422.498687744, 422.997894287, 423.485534668], "beats_loudness": {"dmean2": 0.112274609506, "median": 0.0505663752556, "min": 4.81432560484e-10, "dvar2": 0.00754213705659, "dvar": 0.00213218736462, "dmean": 0.0566551499069, "max": 0.190590977669, "var": 0.00346812512726, "mean": 0.0682578012347}, "danceability": 1.31008791924, "bpm_histogram_second_peak_weight": {"dmean2": 0, "median": 0.180978760123, "min": 0.180978760123, "dvar2": 0, "dvar": 0, "dmean": 0, "max": 0.180978760123, "var": 0, "mean": 0.180978760123}, "beats_count": 1084, "bpm_histogram_second_peak_bpm": {"dmean2": 0, "median": 152, "min": 152, "dvar2": 0, "dvar": 0, "dmean": 0, "max": 152, "var": 0, "mean": 152}, "bpm_histogram_first_peak_spread": {"dmean2": 0, "median": 0.0377358794212, "min": 0.0377358794212, "dvar2": 0, "dvar": 0, "dmean": 0, "max": 0.0377358794212, "var": 0, "mean": 0.0377358794212}, "beats_loudness_band_ratio": {"dmean2": [0.357024371624, 0.115938656032, 0.117058128119, 0.0946815162897, 0.061932630837, 0.0827530249953], "median": [0.849915742874, 0.0256251096725, 0.0154079729691, 0.010857636109, 0.00553417392075, 0.00623641116545], "min": [0.000586604292039, 0.000840172171593, 9.39880465012e-06, 1.58071520673e-06, 4.70968529953e-07, 1.74489031224e-07], "dvar2": [0.0969038456678, 0.0231637042016, 0.0318415947258, 0.0210717003793, 0.0122781321406, 0.0139562049881], "dvar": [0.0319836549461, 0.00791319087148, 0.00974942371249, 0.00700174691156, 0.00422300677747, 0.00460657710209], "dmean": [0.18698233366, 0.0634105876088, 0.0616759695113, 0.0514075234532, 0.0330454297364, 0.0421344488859], "max": [0.996838986874, 0.998908519745, 0.974063932896, 0.807293236256, 0.718290150166, 0.690471589565], "var": [0.0919364988804, 0.0472486168146, 0.0160864312202, 0.0128997815773, 0.00536353420466, 0.00372798996978], "mean": [0.719536840916, 0.112418621778, 0.0630763694644, 0.0573346763849, 0.0299553014338, 0.0315653644502]}}, "lowlevel": {"barkbands_spread": {"dmean2": 6.21738243103, "median": 9.49832344055, "min": 0.00615984993055, "dvar2": 94.5917892456, "dvar": 42.3729782104, "dmean": 4.10686159134, "max": 113.037437439, "var": 272.603973389, "mean": 15.3392829895}, "melbands_spread": {"dmean2": 6.3142209053, "median": 7.21624946594, "min": 0.184799447656, "dvar2": 113.570037842, "dvar": 50.0372505188, "dmean": 4.13795375824, "max": 177.90296936, "var": 293.911956787, "mean": 13.7819843292}, "hfc": {"dmean2": 8.35469055176, "median": 8.30300712585, "min": 1.17665462754e-16, "dvar2": 317.661621094, "dvar": 126.147834778, "dmean": 5.49092388153, "max": 168.948776245, "var": 283.397094727, "mean": 13.7422323227}, "barkbands_kurtosis": {"dmean2": 35.1218109131, "median": 7.54382944107, "min": -1.95037317276, "dvar2": 48896.1640625, "dvar": 28844.890625, "dmean": 26.5068264008, "max": 13446.7695312, "var": 85679.9921875, "mean": 56.5997581482}, "gfcc": {"mean": [-105.360366821, 114.686668396, -74.2949142456, 24.9088687897, -40.7144622803, 20.1430549622, -17.8167438507, 13.4572238922, -14.9128265381, 1.2234224081, -6.20480918884, 2.15704798698, -5.46348953247], "icov": [[7.92710343376e-05, -8.9166824182e-05, 0.000107062616735, -0.000139398587635, 8.16237807157e-05, -0.000258093321463, 1.62121923495e-05, -0.00019275386876, 8.17776744952e-05, -0.000140170654049, 0.000238986249315, -0.000184923788765, 0.000286564347334], [-8.9166824182e-05, 0.00125354574993, -0.000240328256041, 0.000955392955802, -0.000532831007149, 0.000944545317907, -0.00092151411809, 0.00115794676822, -0.00129127979744, 0.00160312303342, -0.00149969244376, 0.0014259845484, -0.000659794197418], [0.000107062616735, -0.000240328256041, 0.000751075043809, -0.000123356134281, 0.000547809468117, -0.00050933676539, 0.00051055510994, -0.000478239759104, 0.000615520693827, -0.00042800421943, 2.17544420593e-05, 0.000181499053724, 0.000188855119632], [-0.000139398587635, 0.000955392955802, -0.000123356134281, 0.00183016201481, -0.000357455632184, 0.000562041648664, -0.000306111731334, 0.00052835297538, -0.000655958196148, 0.000678835203871, -0.00137442653067, 0.0013633412309, -0.000466813275125], [8.16237807157e-05, -0.000532831007149, 0.000547809468117, -0.000357455632184, 0.00201202835888, -0.00109273206908, 0.000414247682784, -0.000779200112447, 0.000199182803044, -0.000567000941373, 0.000405067985412, -0.000269095879048, 0.000506340991706], [-0.000258093321463, 0.000944545317907, -0.00050933676539, 0.000562041648664, -0.00109273206908, 0.00419045146555, -0.00189818243962, 0.000585199100897, -0.00106034777127, 0.000640274607576, -0.000417625735281, 0.000148680643179, 0.000316037243465], [1.62121923495e-05, -0.00092151411809, 0.00051055510994, -0.000306111731334, 0.000414247682784, -0.00189818243962, 0.00450432440266, -0.00176879332867, 0.00130782229826, -0.000472568644909, -0.000241467001615, 0.00178632640745, -0.00202660285868], [-0.00019275386876, 0.00115794676822, -0.000478239759104, 0.00052835297538, -0.000779200112447, 0.000585199100897, -0.00176879332867, 0.00507959350944, -0.00245814491063, 0.000913535943255, -0.000408703257563, -0.000968780135736, 0.00102138589136], [8.17776744952e-05, -0.00129127979744, 0.000615520693827, -0.000655958196148, 0.000199182803044, -0.00106034777127, 0.00130782229826, -0.00245814491063, 0.00849735364318, -0.0024197709281, -0.000155948247993, 0.00110862532165, -0.00286881136708], [-0.000140170654049, 0.00160312303342, -0.00042800421943, 0.000678835203871, -0.000567000941373, 0.000640274607576, -0.000472568644909, 0.000913535943255, -0.0024197709281, 0.00854150857776, -0.0037631650921, 0.0014497176744, -0.000450780615211], [0.000238986249315, -0.00149969244376, 2.17544420593e-05, -0.00137442653067, 0.000405067985412, -0.000417625735281, -0.000241467001615, -0.000408703257563, -0.000155948247993, -0.0037631650921, 0.0109376050532, -0.00497841788456, 0.0012239824282], [-0.000184923788765, 0.0014259845484, 0.000181499053724, 0.0013633412309, -0.000269095879048, 0.000148680643179, 0.00178632640745, -0.000968780135736, 0.00110862532165, 0.0014497176744, -0.00497841788456, 0.0162440873682, -0.00732846697792], [0.000286564347334, -0.000659794197418, 0.000188855119632, -0.000466813275125, 0.000506340991706, 0.000316037243465, -0.00202660285868, 0.00102138589136, -0.00286881136708, -0.000450780615211, 0.0012239824282, -0.00732846697792, 0.0165658053011]], "cov": [[38996.9257812, -5836.08935547, -4815.54101562, 3597.91674805, 1735.13452148, 3243.21337891, 1206.61450195, 2362.53466797, 114.693946838, 566.892028809, -683.442810059, 120.604431152, -724.569702148], [-5836.08935547, 4832.60058594, 351.204559326, -1769.68762207, 30.3315181732, -767.76348877, 310.027862549, -774.205749512, 248.03578186, -461.890625, 237.10925293, -203.79486084, 261.652313232], [-4815.54101562, 351.204559326, 2530.76196289, -359.843444824, -687.51373291, -346.035003662, -334.813659668, -241.8046875, -146.839477539, -1.87082087994, 82.1934738159, -26.7362136841, 16.4820785522], [3597.91674805, -1769.68762207, -359.843444824, 1392.86450195, 132.461685181, 340.870300293, -19.8640365601, 314.356689453, -27.0695743561, 174.591201782, -41.2033615112, 29.4305324554, -105.60760498], [1735.13452148, 30.3315181732, -687.51373291, 132.461685181, 841.471618652, 288.946929932, 167.586593628, 175.232620239, 86.6708145142, 18.8767814636, -18.5845108032, -7.73744678497, -25.2980709076], [3243.21337891, -767.76348877, -346.035003662, 340.870300293, 288.946929932, 648.458618164, 213.128723145, 282.071105957, 22.4312763214, 78.0554885864, -62.5119132996, 12.8811645508, -69.3266067505], [1206.61450195, 310.027862549, -334.813659668, -19.8640365601, 167.586593628, 213.128723145, 448.145050049, 120.867286682, 53.9525489807, -21.878578186, 3.38608765602, -39.1382865906, 24.1000556946], [2362.53466797, -774.205749512, -241.8046875, 314.356689453, 175.232620239, 282.071105957, 120.867286682, 467.685668945, 47.8242416382, 79.9632644653, -41.5986366272, 38.4335975647, -54.3416175842], [114.693946838, 248.03578186, -146.839477539, -27.0695743561, 86.6708145142, 22.4312763214, 53.9525489807, 47.8242416382, 189.900115967, 23.3033027649, 32.5806503296, -6.48668384552, 37.6242675781], [566.892028809, -461.890625, -1.87082087994, 174.591201782, 18.8767814636, 78.0554885864, -21.878578186, 79.9632644653, 23.3033027649, 201.006881714, 32.4689750671, 22.3764686584, -15.9292888641], [-683.442810059, 237.10925293, 82.1934738159, -41.2033615112, -18.5845108032, -62.5119132996, 3.38608765602, -41.5986366272, 32.5806503296, 32.4689750671, 150.507644653, 26.3294391632, 30.9609603882], [120.604431152, -203.79486084, -26.7362136841, 29.4305324554, -7.73744678497, 12.8811645508, -39.1382865906, 38.4335975647, -6.48668384552, 22.3764686584, 26.3294391632, 103.799446106, 27.223526001], [-724.569702148, 261.652313232, 16.4820785522, -105.60760498, -25.2980709076, -69.3266067505, 24.1000556946, -54.3416175842, 37.6242675781, -15.9292888641, 30.9609603882, 27.223526001, 104.389266968]]}, "spectral_energyband_middle_low": {"dmean2": 0.0106817139313, "median": 0.0023065621499, "min": 3.05641671238e-22, "dvar2": 0.00130893511232, "dvar": 0.000534350518137, "dmean": 0.00653391890228, "max": 0.257923543453, "var": 0.00044090859592, "mean": 0.00706264656037}, "melbands_crest": {"dmean2": 4.80377531052, "median": 23.1771697998, "min": 2.00817370415, "dvar2": 27.5782051086, "dvar": 11.2324066162, "dmean": 3.09516382217, "max": 37.2350311279, "var": 64.8837509155, "mean": 22.2784671783}, "spectral_kurtosis": {"dmean2": 30.3071651459, "median": 4.57961177826, "min": -1.20586907864, "dvar2": 14830.7353516, "dvar": 4633.57275391, "dmean": 17.2816028595, "max": 2162.03955078, "var": 9766.78515625, "mean": 37.3851013184}, "spectral_rms": {"dmean2": 0.00106936658267, "median": 0.00533611280844, "min": 3.22358741263e-12, "dvar2": 2.20342258217e-06, "dvar": 1.15267675938e-06, "dmean": 0.000764702796005, "max": 0.0161491669714, "var": 1.11700510388e-05, "mean": 0.00554175721481}, "zerocrossingrate": {"dmean2": 0.00819710455835, "median": 0.02490234375, "min": 0.00146484375, "dvar2": 0.000130256303237, "dvar": 0.000100548357295, "dmean": 0.00681799976155, "max": 0.49609375, "var": 0.00134194595739, "mean": 0.0369813852012}, "silence_rate_60dB": {"dmean2": 0.0350416116416, "median": 0, "min": 0, "dvar2": 0.0402692183852, "dvar": 0.0172113534063, "dmean": 0.0175198465586, "max": 1, "var": 0.114486113191, "mean": 0.131884381175}, "erbbands_kurtosis": {"dmean2": 4.17877912521, "median": 0.792696595192, "min": -1.91245114803, "dvar2": 130.224304199, "dvar": 67.5331802368, "dmean": 2.81609249115, "max": 457.223724365, "var": 646.899230957, "mean": 5.54124975204}, "erbbands": {"dmean2": [0.392305225134, 1.9946603775, 5.46386432648, 12.9230604172, 23.0020885468, 8.49062633514, 8.9319229126, 8.10293674469, 4.47680282593, 7.82812929153, 6.04572868347, 14.0277748108, 16.1060371399, 15.2838306427, 16.5910301208, 20.8360176086, 23.7152938843, 8.00627994537, 15.5872840881, 14.3875980377, 11.4335775375, 19.6150512695, 10.6555395126, 15.819278717, 13.1474962234, 9.22767353058, 3.9608874321, 2.35912394524, 1.82432031631, 2.79146933556, 2.80987668037, 1.95268547535, 1.09177076817, 0.688359618187, 0.66953253746, 0.318532794714, 0.0839942023158, 0.0139724602923, 0.00205306522548, 0.000168969214428], "median": [0.491141676903, 1.63201129436, 1.41164982319, 1.47315597534, 1.06547558308, 0.619044244289, 1.57796692848, 2.0476834774, 1.16133117676, 2.04838252068, 2.18888139725, 4.38959789276, 3.70717763901, 3.38322067261, 3.13211321831, 3.14181613922, 2.50608778, 1.73467898369, 1.80426192284, 1.38343262672, 1.0265378952, 1.48396146297, 1.4101088047, 1.3636443615, 1.04418683052, 1.07198357582, 0.542875289917, 0.400113165379, 0.319067537785, 0.380504518747, 0.371090710163, 0.232260614634, 0.144628480077, 0.104754574597, 0.0518116429448, 0.0272728465497, 0.00533143524081, 0.000620460778009, 7.01150856912e-05, 6.35376636637e-05], "min": [1.45105207986e-22, 1.38816891002e-21, 3.16060606801e-20, 5.52197601101e-20, 1.33830817925e-19, 2.06995473018e-19, 2.29353557515e-19, 1.00009528791e-19, 2.03831016037e-19, 3.98830741661e-19, 4.85165520898e-19, 1.56908231607e-18, 1.43136491249e-18, 2.17353555311e-18, 3.07058046058e-18, 1.61211090737e-18, 1.80901339397e-18, 2.97870385558e-18, 7.18848572758e-18, 7.43037898129e-18, 4.09252819298e-18, 7.77130477947e-18, 1.16496328985e-17, 1.41222990882e-17, 1.2397696167e-17, 1.13885440915e-17, 1.84274730828e-17, 1.27473007442e-17, 1.34534375361e-17, 1.21849246339e-17, 1.59591975678e-17, 1.41179084135e-17, 1.22795193544e-17, 1.28318386028e-17, 8.23407510907e-18, 5.99409275774e-18, 3.19170162254e-18, 1.45724077641e-18, 3.17394732807e-19, 3.21052609486e-20], "dvar2": [0.531044125557, 16.8936061859, 266.793182373, 2168.00732422, 10217.7587891, 1072.46643066, 473.093475342, 265.830596924, 110.407394409, 321.15524292, 186.387481689, 2631.64233398, 3398.65209961, 2158.98803711, 2641.94091797, 4821.8671875, 7205.68505859, 1017.90734863, 2783.50854492, 2352.24755859, 1809.97265625, 6646.28320312, 1576.31152344, 9878.97851562, 8269.47851562, 1095.32092285, 599.610290527, 41.0738105774, 19.6086654663, 74.6964874268, 87.7684555054, 34.5787353516, 12.4780168533, 5.78828811646, 6.54052734375, 1.53331172466, 0.106704443693, 0.0030368140433, 7.03765472281e-05, 4.17177943746e-07], "dvar": [0.303330332041, 11.8891029358, 133.892669678, 963.236572266, 3705.52368164, 380.644989014, 170.82371521, 104.18183136, 54.5167617798, 157.494888306, 84.2794418335, 1550.86181641, 1710.31286621, 964.352172852, 1252.05895996, 2172.65380859, 3023.04418945, 420.877960205, 1367.67248535, 1168.58032227, 730.141479492, 2600.40551758, 613.461181641, 3184.66186523, 2652.41943359, 413.435638428, 255.11076355, 17.6096858978, 8.88193225861, 29.1607170105, 35.9347648621, 14.5423746109, 5.5104932785, 2.55943799019, 2.79339337349, 0.617735981941, 0.0455670170486, 0.00128079240676, 3.06522342726e-05, 1.85098571137e-07], "dmean": [0.31590488553, 1.65380835533, 3.8807413578, 8.24860286713, 12.8796434402, 4.73475074768, 5.15843582153, 4.94568824768, 2.79662370682, 4.78327274323, 3.81158542633, 10.1097764969, 10.782989502, 9.89049053192, 10.8418188095, 13.3505916595, 15.0700912476, 5.0624461174, 10.4318027496, 9.53316688538, 7.32543039322, 12.084733963, 6.52819538116, 9.27844715118, 7.67924499512, 5.4891705513, 2.46901488304, 1.51652085781, 1.18325138092, 1.72905051708, 1.7730973959, 1.24225127697, 0.712008655071, 0.464178055525, 0.449925720692, 0.206374391913, 0.0566665641963, 0.00916204880923, 0.00138001400046, 0.000115687078505], "max": [7.68899106979, 40.8577842712, 120.375656128, 308.197174072, 714.43371582, 251.872314453, 180.404159546, 289.214141846, 388.855804443, 747.222961426, 330.199462891, 3024.17797852, 2065.02099609, 1399.7331543, 1526.52075195, 1076.80700684, 1893.15124512, 813.46697998, 833.326049805, 883.911682129, 716.371887207, 1337.26416016, 499.435424805, 2039.93945312, 1780.99975586, 565.006225586, 1546.8404541, 152.53276062, 143.655258179, 120.492210388, 262.645935059, 53.6610603333, 27.2641582489, 20.2449874878, 19.8850154877, 11.5905504227, 3.01657032967, 0.42046096921, 0.0681986287236, 0.00533804204315], "var": [1.68751573563, 44.7474555969, 186.819061279, 916.077575684, 2329.04077148, 228.60736084, 124.642242432, 139.595123291, 149.923904419, 310.730743408, 160.358215332, 4329.70996094, 3407.28027344, 1826.87316895, 3515.76733398, 3444.35717773, 4975.64355469, 586.135742188, 2588.8034668, 2673.80664062, 1283.77990723, 3492.55908203, 937.819763184, 3134.06933594, 2386.30102539, 537.594543457, 313.081695557, 41.99061203, 20.5158805847, 33.1392059326, 39.7802696228, 20.3129920959, 7.6044793129, 3.3665