{"tonal": {"thpcp": [1, 0.628560721874, 0.0999777242541, 0.0368096083403, 0.0388290546834, 0.0953238159418, 0.253128290176, 0.279341518879, 0.163611531258, 0.161682963371, 0.186961397529, 0.148715645075, 0.117599487305, 0.108318671584, 0.161635935307, 0.482868731022, 0.597476840019, 0.289694130421, 0.125014558434, 0.143978074193, 0.270841866732, 0.567463219166, 0.556218862534, 0.245408758521, 0.121872074902, 0.0931322351098, 0.0876349359751, 0.112590968609, 0.112506471574, 0.141692489386, 0.251566112041, 0.234460994601, 0.135626554489, 0.133286833763, 0.121744431555, 0.498918741941], "hpcp": {"dmean2": [0.106999725103, 0.102016314864, 0.138328626752, 0.184255838394, 0.175445795059, 0.185461848974, 0.138719603419, 0.158536851406, 0.228820294142, 0.253947675228, 0.243881106377, 0.203066542745, 0.129676312208, 0.098034106195, 0.0927718877792, 0.0954316183925, 0.0973064005375, 0.10980220139, 0.111342556775, 0.107929870486, 0.114281982183, 0.09378272295, 0.0894170105457, 0.18188200891, 0.274559020996, 0.184814408422, 0.0712955072522, 0.040628362447, 0.0428091436625, 0.0805381387472, 0.123699471354, 0.138742491603, 0.125832259655, 0.1199631989, 0.105159945786, 0.123530060053], "median": [0.00249811541289, 0.00264758616686, 0.00871350523084, 0.023712746799, 0.0238299258053, 0.0134809501469, 0.00254496652633, 0.00248205359094, 0.0108438311145, 0.0418661013246, 0.0462344139814, 0.0218473337591, 0.00415503978729, 0.00285655842163, 0.00269988551736, 0.00418172311038, 0.00516167562455, 0.00690922932699, 0.00594781525433, 0.00623952690512, 0.00845393165946, 0.00503982137889, 0.00457162316889, 0.0941080152988, 0.205325484276, 0.145209103823, 0.00613603182137, 0.00185887003317, 0.001688570017, 0.00671889539808, 0.0212479569018, 0.0246566720307, 0.0120963016525, 0.00344862416387, 0.00328792352229, 0.00317216059193], "min": [0, 0, 0, 0, 0, 0, 0, 0, 0, 0, 0, 0, 0, 0, 0, 0, 0, 0, 0, 0, 0, 0, 0, 0, 0, 0, 0, 0, 0, 0, 0, 0, 0, 0, 0, 0], "dvar2": [0.0782351270318, 0.0734159201384, 0.0864493995905, 0.107253171504, 0.106299869716, 0.113703340292, 0.0997208356857, 0.118482716382, 0.144561052322, 0.152541235089, 0.135710209608, 0.120945937932, 0.0930910408497, 0.0675942823291, 0.0652327015996, 0.0647905617952, 0.0602839030325, 0.0666625276208, 0.0675682127476, 0.0574732385576, 0.0679260715842, 0.046068020165, 0.0472482591867, 0.0720182806253, 0.171709284186, 0.0669457912445, 0.0318841263652, 0.0156504921615, 0.0202768072486, 0.0419376902282, 0.0636095777154, 0.0710744783282, 0.0772599279881, 0.0829390659928, 0.0769932046533, 0.0951587632298], "dvar": [0.0271924622357, 0.025052877143, 0.0303855035454, 0.0392586290836, 0.0410813838243, 0.04012683779, 0.0349758155644, 0.0418037697673, 0.0510061644018, 0.0568201616406, 0.0512663498521, 0.0413940511644, 0.0327618718147, 0.0238304492086, 0.0225424580276, 0.0229279752821, 0.0213018357754, 0.022718206048, 0.0249215885997, 0.021399365738, 0.0227822158486, 0.0168375037611, 0.0171062462032, 0.027454700321, 0.071554325521, 0.0273085106164, 0.0108130639419, 0.00536649627611, 0.00692202243954, 0.01428907644, 0.0237677097321, 0.0279111564159, 0.0266646184027, 0.0288038849831, 0.0280896238983, 0.0325844436884], "dmean": [0.057661164552, 0.0546964332461, 0.0755922794342, 0.106007821858, 0.102381460369, 0.103564850986, 0.0746054798365, 0.08530061692, 0.126317203045, 0.144832104445, 0.139604374766, 0.111730381846, 0.0695431083441, 0.0525090694427, 0.049628611654, 0.0519818812609, 0.0533065162599, 0.0608769319952, 0.0640922635794, 0.0627194046974, 0.0629589706659, 0.0531012304127, 0.0502955280244, 0.103009358048, 0.156547248363, 0.108064047992, 0.0399995110929, 0.0216361712664, 0.0228256247938, 0.0439251959324, 0.0716658830643, 0.0805610269308, 0.0699350908399, 0.0663901418447, 0.0586402267218, 0.0668682977557], "max": [1, 1, 1, 1, 1, 1, 1, 1, 1, 1, 1, 1, 1, 1, 1, 1, 1, 1, 1, 1, 1, 1, 1, 1, 1, 1, 1, 1, 1, 1, 1, 1, 1, 1, 1, 1], "var": [0.0247403290123, 0.0221049506217, 0.0234049018472, 0.09551204741, 0.136762559414, 0.042717885226, 0.0246320199221, 0.0299947988242, 0.047714702785, 0.116893440485, 0.10856051743, 0.0360527075827, 0.0231374166906, 0.0168944448233, 0.0154680609703, 0.0208601560444, 0.0179173462093, 0.0198018141091, 0.0563735067844, 0.0466026365757, 0.018206294626, 0.020487992093, 0.0194583684206, 0.0521123968065, 0.183406665921, 0.076211258769, 0.00935526471585, 0.00319799897261, 0.00414817919955, 0.0109924906865, 0.0439517721534, 0.0505405515432, 0.0238045733422, 0.0329172164202, 0.0475919954479, 0.0322400704026], "mean": [0.0486384928226, 0.0447999984026, 0.0668517202139, 0.199711814523, 0.247113078833, 0.119815871119, 0.0517053231597, 0.0595485270023, 0.112018682063, 0.234699621797, 0.230049014091, 0.101499691606, 0.0504056103528, 0.0385189726949, 0.0362453199923, 0.0465669967234, 0.0465320497751, 0.0586032234132, 0.104046337306, 0.09697175771, 0.0560943894088, 0.0551266930997, 0.0503528192639, 0.206350013614, 0.413594424725, 0.259969204664, 0.0413502305746, 0.0152242481709, 0.0160594806075, 0.0394253991544, 0.104692451656, 0.115534096956, 0.0676688179374, 0.0668711736798, 0.0773261934519, 0.0615079589188]}, "tuning_equal_tempered_deviation": 0.195558711886, "chords_changes_rate": 0.041465099901, "key_key": "A#", "tuning_diatonic_strength": 0.590210974216, "key_scale": "minor", "chords_number_rate": 0.00172771245707, "tuning_frequency": 434.193115234, "tuning_nontempered_energy_ratio": 0.877818644047, "chords_histogram": [7.9820318222, 0.673807859421, 20.024187088, 4.19834136963, 12.6814098358, 7.01451301575, 3.50725650787, 14.3054599762, 0, 7.84381484985, 3.14443683624, 16.1022796631, 0.0691085010767, 0.362819612026, 0, 0, 0, 0.846579134464, 0, 0.691084980965, 0.310988247395, 0.0863856226206, 0.155494123697, 0], "key_strength": 0.684174060822, "chords_key": "F", "chords_strength": {"dmean2": 0.00659385463223, "median": 0.501064181328, "min": -1, "dvar2": 0.000691337743774, "dvar": 0.000354652147507, "dmean": 0.00625864136964, "max": 0.77264213562, "var": 0.0240970551968, "mean": 0.483486413956}, "chords_scale": "minor", "hpcp_entropy": {"dmean2": 0.881509065628, "median": 1.95274925232, "min": 0, "dvar2": 0.615429580212, "dvar": 0.222531780601, "dmean": 0.522078096867, "max": 4.37261867523, "var": 0.515258312225, "mean": 1.9675090313}}, "metadata": {"audio_properties": {"equal_loudness": 0, "codec": "flac", "downmix": "mix", "sample_rate": 44100, "analysis_sample_rate": 44100, "bit_rate": 0, "md5_encoded": "3c23d0fad6806eba01fee321b379bd99", "length": 268.746673584, "replay_gain": -7.79373550415, "lossless": true}, "version": {"essentia_build_sha": "5c9e65ec81695c916afb4cba055c226bfc528ee6", "essentia": "2.1-beta1", "extractor": "music 1.0", "essentia_git_sha": "v2.1_beta1-28-g21ef5f4"}, "tags": {"title": ["Guns & Money"], "barcode": ["030206717921"], "media": ["CD"], "albumartist": ["David Buckley"], "tracktotal": ["21"], "albumartistsort": ["Buckley, David"], "releasetype": ["album", "soundtrack"], "musicbrainz_recordingid": ["02a83c76-2f33-4202-a76c-cfbb4d7a669c"], "musicbrainz_releasegroupid": ["a7bda410-1fde-49d6-b3cd-ae5c1c599aca"], "musicbrainz_albumartistid": ["0aad8921-dfaf-42b0-bb1a-1a2d6cf97b9b"], "musicbrainz_releasetrackid": ["e3be0652-3946-3d06-8c1d-6896853974ec"], "discnumber": ["1"], "catalognumber": ["302 067 179 2"], "releasecountry": ["US"], "originaldate": ["2013-01-23"], "artists": ["David Buckley"], "date": ["2013-01-29"], "file_name": "09 Guns & Money.flac", "disctotal": ["1"], "acoustid_id": ["da2f78ba-d7be-4e0c-8ba9-fd6a56bc4bbc"], "musicbrainz_artistid": ["0aad8921-dfaf-42b0-bb1a-1a2d6cf97b9b"], "asin": ["B00AP2DC58"], "musicbrainz_albumid": ["5b6b8038-2bfc-4e68-9d45-072255dcac14"], "tracknumber": ["9"], "artistsort": ["Buckley, David"], "album": ["Parker"], "label": ["Var\u00e8se Sarabande"], "releasestatus": ["official"], "totaldiscs": ["1"], "script": ["Latn"], "totaltracks": ["21"]}}, "rhythm": {"bpm_histogram_first_peak_bpm": {"dmean2": 0, "median": 126, "min": 126, "dvar2": 0, "dvar": 0, "dmean": 0, "max": 126, "var": 0, "mean": 126}, "bpm": 125.24521637, "bpm_histogram_second_peak_spread": {"dmean2": 0, "median": 0.363636374474, "min": 0.363636374474, "dvar2": 0, "dvar": 0, "dmean": 0, "max": 0.363636374474, "var": 0, "mean": 0.363636374474}, "bpm_histogram_first_peak_weight": {"dmean2": 0, "median": 0.439501792192, "min": 0.439501792192, "dvar2": 0, "dvar": 0, "dmean": 0, "max": 0.439501792192, "var": 0, "mean": 0.439501792192}, "onset_rate": 2.78315877914, "beats_position": [0.557278871536, 1.11455774307, 1.67183673382, 2.24072551727, 2.80961441994, 3.36689329147, 3.92417216301, 4.48145103455, 5.0387301445, 5.59600877762, 6.14167785645, 6.68734693527, 7.23301553726, 7.79029464722, 8.34757328033, 8.893242836, 9.38086128235, 9.8800907135, 10.379319191, 10.866938591, 11.3429479599, 11.8305664062, 12.3065757751, 12.782585144, 13.2585935593, 13.7113828659, 14.1641721725, 14.6169614792, 15.0929698944, 15.5805892944, 16.0682086945, 16.5558280945, 17.0434455872, 17.5194549561, 17.995464325, 18.4714736938, 18.9474830627, 19.4351024628, 19.9111099243, 20.3871192932, 20.8747386932, 21.3507480621, 21.826757431, 22.3143768311, 22.7903842926, 23.2663936615, 23.7540130615, 24.2300224304, 24.7060317993, 25.1820411682, 25.6580486298, 26.1456680298, 26.6332874298, 27.1092967987, 27.5853061676, 28.0729255676, 28.5489330292, 29.0249423981, 29.500951767, 29.9769611359, 30.4645805359, 30.9521980286, 31.4282073975, 31.9042167664, 32.391834259, 32.8678436279, 33.3438529968, 33.8314743042, 34.3074836731, 34.783493042, 35.2594985962, 35.7355079651, 36.2231292725, 36.6991386414, 37.1751480103, 37.6627655029, 38.1387748718, 38.6147842407, 39.1024017334, 39.6016311646, 40.0892524719, 40.5652618408, 41.0528793335, 41.5288887024, 42.0048980713, 42.4809074402, 42.9569168091, 43.432926178, 43.9089317322, 44.3965530396, 44.8725624084, 45.3485717773, 45.8129692078, 46.3005905151, 46.7882080078, 47.2758255005, 47.7634468079, 48.2394561768, 48.7154655457, 49.1914749146, 49.6790924072, 50.1551017761, 50.631111145, 51.1071205139, 51.5947380066, 52.0707473755, 52.5467567444, 53.0343742371, 53.5219955444, 53.9980049133, 54.4740142822, 54.9616317749, 55.4376411438, 55.9252586365, 56.4012680054, 56.8772773743, 57.3532867432, 57.8409042358, 58.3169136047, 58.7929229736, 59.2573242188, 59.7449417114, 60.2325630188, 60.708568573, 61.1961898804, 61.6721992493, 62.1482086182, 62.6242179871, 63.1118354797, 63.5878448486, 64.0638504028, 64.5514755249, 65.0390930176, 65.5150985718, 65.9911117554, 66.478729248, 66.9547348022, 67.4307479858, 67.9183654785, 68.4059829712, 68.9052124023, 69.4044418335, 69.9036712646, 70.4029006958, 70.902130127, 71.4129714966, 71.9238052368, 72.4346466064, 72.9570999146, 73.4911575317, 74.0136032104, 74.5128326416, 75.0120620728, 75.5112915039, 76.0105209351, 76.5097503662, 77.0089797974, 77.5082092285, 77.9958267212, 78.4950561523, 78.9710617065, 79.4470748901, 79.9230804443, 80.3990936279, 80.8750991821, 81.3511123657, 81.8271179199, 82.3031311035, 82.7791366577, 83.2551422119, 83.742767334, 84.2303848267, 84.7063903809, 85.1940155029, 85.6816329956, 86.1692504883, 86.6452560425, 87.1212692261, 87.5972747803, 88.0732879639, 88.5609054565, 89.0369110107, 89.5129241943, 90.000541687, 90.4765548706, 90.9641723633, 91.451789856, 91.9277954102, 92.4154205322, 92.9030380249, 93.3790435791, 93.8550567627, 94.3310623169, 94.8070755005, 95.2830810547, 95.7590942383, 96.246711731, 96.7227172852, 97.1987304688, 97.6863479614, 98.1739654541, 98.6499786377, 99.1259841919, 99.6019973755, 100.07800293, 100.554008484, 101.030021667, 101.51763916, 101.993652344, 102.469657898, 102.957275391, 103.444892883, 103.932518005, 104.40852356, 104.884536743, 105.360542297, 105.836547852, 106.312561035, 106.800178528, 107.276191711, 107.752197266, 108.22820282, 108.704216003, 109.180221558, 109.656234741, 110.132240295, 110.619865417, 111.10748291, 111.583488464, 112.059501648, 112.547119141, 113.034736633, 113.510749817, 113.986755371, 114.462760925, 114.950386047, 115.426391602, 115.902404785, 116.378410339, 116.866027832, 117.353645325, 117.829658508, 118.305664062, 118.781677246, 119.269294739, 119.745300293, 120.221313477, 120.697319031, 121.184944153, 121.672561646, 122.160179138, 122.647796631, 123.123809814, 123.599815369, 124.087432861, 124.575057983, 125.051063538, 125.527069092, 125.991470337, 126.455871582, 126.931877136, 127.40789032, 127.872291565, 128.336685181, 128.801086426, 129.277099609, 129.753097534, 130.217498779, 130.693511963, 131.169525146, 131.633926392, 132.109924316, 132.5859375, 133.050338745, 133.526351929, 134.002349854, 134.478363037, 134.954376221, 135.418777466, 135.883178711, 136.359176636, 136.823577881, 137.299591064, 137.76399231, 138.228393555, 138.704391479, 139.180404663, 139.644805908, 140.120819092, 140.585220337, 141.061218262, 141.525619507, 142.00163269, 142.477645874, 142.94203186, 143.418045044, 143.894058228, 144.370071411, 144.846069336, 145.310470581, 145.774871826, 146.25088501, 146.726898193, 147.19128418, 147.667297363, 148.131698608, 148.607711792, 149.072113037, 149.536499023, 150.012512207, 150.488525391, 150.964538574, 151.440536499, 151.916549683, 152.392562866, 152.880172729, 153.367797852, 153.855422974, 154.331420898, 154.807434082, 155.283447266, 155.759460449, 156.235458374, 156.711471558, 157.187484741, 157.663482666, 158.13949585, 158.627120972, 159.103118896, 159.57913208, 160.055145264, 160.542770386, 161.018768311, 161.506393433, 161.994003296, 162.470016479, 162.957641602, 163.445251465, 163.921264648, 164.397277832, 164.884887695, 165.360900879, 165.848526001, 166.324539185, 166.800537109, 167.276550293, 167.764175415, 168.251785278, 168.7394104, 169.227020264, 169.726257324, 170.213867188, 170.713104248, 171.21232605, 171.699951172, 172.187576294, 172.547485352, 172.907394409, 173.267303467, 173.638824463, 174.0103302, 174.381851196, 174.753372192, 175.124893188, 175.496414185, 175.867935181, 176.239456177, 176.610977173, 176.982498169, 177.354003906, 177.713912964, 178.073822021, 178.433731079, 178.793640137, 179.153549194, 179.513473511, 179.884979248, 180.244888306, 180.604797363, 180.953109741, 181.313018799, 181.672927856, 182.032836914, 182.392745972, 182.752655029, 183.112564087, 183.484085083, 183.843994141, 184.215499878, 184.575408936, 184.935317993, 185.29524231, 185.655151367, 186.015060425, 186.374969482, 186.74647522, 187.117996216, 187.512741089, 187.907485962, 188.290603638, 188.801452637, 189.312286377, 189.823120117, 190.322357178, 190.821578979, 191.309204102, 191.796829224, 192.296051025, 192.795272827, 193.294509888, 193.805343628, 194.304580688, 194.80380249, 195.303039551, 195.790649414, 196.278274536, 196.765899658, 197.253509521, 197.741134644, 198.217132568, 198.693145752, 199.180770874, 199.656768799, 200.132781982, 200.620407104, 201.108016968, 201.584030151, 202.060043335, 202.536056519, 203.023666382, 203.499679565, 203.975692749, 204.451690674, 204.939315796, 205.415328979, 205.891326904, 206.367340088, 206.843353271, 207.330978394, 207.818588257, 208.29460144, 208.770614624, 209.246612549, 209.722625732, 210.210250854, 210.697860718, 211.173873901, 211.649887085, 212.137496948, 212.613510132, 213.089523315, 213.577133179, 214.053146362, 214.529159546, 215.016769409, 215.504394531, 215.980407715, 216.468017578, 216.9556427, 217.454864502, 217.954101562, 218.464935303, 218.975784302, 219.486618042, 219.985839844, 220.496688843, 220.995910645, 221.483535767, 221.97114563, 222.447158813, 222.934783936, 223.410797119, 223.886795044, 224.374420166, 224.85043335, 225.326431274, 225.814056396, 226.29006958, 226.766067505, 227.253692627, 227.741317749, 228.228927612, 228.716552734, 229.204162598, 229.680175781, 230.156188965, 230.632202148, 231.108200073, 231.595825195, 232.071838379, 232.559448242, 233.035461426, 233.511474609, 233.987472534, 234.463485718, 234.939498901, 235.415512085, 235.903121948, 236.379135132, 236.855148315, 237.33114624, 237.818771362, 238.306396484, 238.794006348, 239.28163147, 239.769241333, 240.256866455, 240.744491577, 241.23210144, 241.731338501, 242.218948364, 242.671737671, 243.124526978, 243.577316284, 244.134597778, 244.691879272, 245.237548828, 245.794830322, 246.340499878, 246.874557495, 247.408615112, 247.942672729, 248.418685913, 248.906295776, 249.393920898, 249.846710205, 250.31111145, 250.775512695, 251.25151062, 251.727523804, 252.203536987, 252.702758789, 253.20199585, 253.689605713, 254.165618896, 254.64163208, 255.117630005, 255.605255127, 256.104492188, 256.592102051, 257.079711914, 257.602172852, 258.124633789, 258.589019775, 259.053405762, 259.517822266, 259.982208252, 260.458221436, 260.934234619, 261.410247803, 261.921081543, 262.431915283, 262.942749023, 263.453613281, 263.964447021, 264.475280762, 264.986114502, 265.496948242, 266.007781982, 266.53024292, 267.052703857, 267.575134277, 268.097595215], "beats_loudness": {"dmean2": 0.0877896249294, "median": 0.0205993764102, "min": 0, "dvar2": 0.0276799611747, "dvar": 0.0100267557427, "dmean": 0.0523159913719, "max": 0.655549049377, "var": 0.0125700524077, "mean": 0.0620798394084}, "danceability": 1.05375444889, "bpm_histogram_second_peak_weight": {"dmean2": 0, "median": 0.0622775815427, "min": 0.0622775815427, "dvar2": 0, "dvar": 0, "dmean": 0, "max": 0.0622775815427, "var": 0, "mean": 0.0622775815427}, "beats_count": 563, "bpm_histogram_second_peak_bpm": {"dmean2": 0, "median": 120, "min": 120, "dvar2": 0, "dvar": 0, "dmean": 0, "max": 120, "var": 0, "mean": 120}, "bpm_histogram_first_peak_spread": {"dmean2": 0, "median": 0.417452812195, "min": 0.417452812195, "dvar2": 0, "dvar": 0, "dmean": 0, "max": 0.417452812195, "var": 0, "mean": 0.417452812195}, "beats_loudness_band_ratio": {"dmean2": [0.227418154478, 0.168962344527, 0.062670648098, 0.0393037311733, 0.0215174518526, 0.0076121953316], "median": [0.897605121136, 0.0655179172754, 0.0211188085377, 0.00900640152395, 0.00403651315719, 0.00067051226506], "min": [0, 0, 0, 0, 0, 0], "dvar2": [0.0625986605883, 0.0342831239104, 0.00724792713299, 0.0037928163074, 0.00147293135524, 0.000311418436468], "dvar": [0.0238204281777, 0.0126760974526, 0.00286728632636, 0.00145506800618, 0.000540085486136, 0.000105402272311], "dmean": [0.129839777946, 0.0944305807352, 0.0364945046604, 0.0227785054594, 0.0121987946332, 0.00418482581154], "max": [0.999299705029, 0.748733282089, 0.712267577648, 0.386987298727, 0.196529150009, 0.0811766162515], "var": [0.0411101542413, 0.0145011646673, 0.0063548674807, 0.00162131211255, 0.000593906908762, 9.67069063336e-05], "mean": [0.819834470749, 0.107672296464, 0.0502156727016, 0.0245972741395, 0.0134162427858, 0.00406561885029]}}, "lowlevel": {"barkbands_spread": {"dmean2": 3.44364714622, "median": 4.27779483795, "min": 0.0917785987258, "dvar2": 25.0085926056, "dvar": 10.0655412674, "dmean": 2.11528015137, "max": 70.9701385498, "var": 59.0518989563, "mean": 7.08729600906}, "melbands_spread": {"dmean2": 3.35439300537, "median": 3.62894392014, "min": 0.0736175552011, "dvar2": 33.2772293091, "dvar": 12.9973983765, "dmean": 2.04221749306, "max": 165.928665161, "var": 160.170318604, "mean": 6.77395105362}, "hfc": {"dmean2": 3.2309615612, "median": 2.52239775658, "min": 1.05984785767e-16, "dvar2": 48.2145576477, "dvar": 20.8211154938, "dmean": 2.0483584404, "max": 101.609550476, "var": 169.408981323, "mean": 7.88071203232}, "barkbands_kurtosis": {"dmean2": 20.4759235382, "median": 13.0384597778, "min": -1.77154326439, "dvar2": 2062.87280273, "dvar": 788.536437988, "dmean": 12.4240255356, "max": 1063.18811035, "var": 1763.11865234, "mean": 25.6972980499}, "gfcc": {"mean": [-166.473419189, 165.15423584, -81.8152770996, 28.1888694763, -19.4358711243, 6.01043272018, -19.1655864716, 0.477900087833, -12.0183115005, -5.0976729393, -9.12018585205, -6.91847372055, -4.06168842316], "icov": [[0.00014628090139, -0.000441339972895, 0.000308160524582, -0.000596949132159, 0.000240057095652, -0.000436367961811, 0.000324525579344, -0.000761503411923, 0.000562176574022, -0.000710221880581, 0.000383043545298, -0.000733780383598, 0.000110709304863], [-0.000441339972895, 0.00272539979778, -0.000736222427804, 0.00246335589327, -0.0017751470441, 0.00184403080493, -0.00120869383682, 0.00314465002157, -0.00230833468959, 0.0035573320929, -0.00238263676874, 0.00387732964009, -0.00177462666761], [0.000308160524582, -0.000736222427804, 0.00173775455914, -0.000896006356925, -0.000120742202853, -0.00185941287782, 0.000903146225028, -0.00156570854597, 0.000626527296845, -0.00188487337437, 0.00104964233469, -0.00101938447915, -0.000651409151033], [-0.000596949132159, 0.00246335589327, -0.000896006356925, 0.00433830730617, -0.00159480446018, 0.00181637087371, -0.00128446728922, 0.00242551788688, -0.00275678583421, 0.00347437011078, -0.00260325265117, 0.00371713703498, -0.00172402965836], [0.000240057095652, -0.0017751470441, -0.000120742202853, -0.00159480446018, 0.00470876554027, 0.000187147874385, -0.000439106224803, -0.00216949428432, -3.75576491933e-05, -0.00146784144454, 0.000506274052896, -0.00219770614058, 0.00184357655235], [-0.000436367961811, 0.00184403080493, -0.00185941287782, 0.00181637087371, 0.000187147874385, 0.00608493154868, -0.00182796397712, 0.00149652641267, -0.00204360042699, 0.00310660805553, -0.00261728698388, 0.00288847461343, -0.000419660500484], [0.000324525579344, -0.00120869383682, 0.000903146225028, -0.00128446728922, -0.000439106224803, -0.00182796397712, 0.00909549091011, -0.00347090046853, 0.000523681694176, -0.000592869881075, -0.00126802711748, 0.000463383505121, -0.00251819845289], [-0.000761503411923, 0.00314465002157, -0.00156570854597, 0.00242551788688, -0.00216949428432, 0.00149652641267, -0.00347090046853, 0.0133907804266, -0.00449139205739, 0.000934206065722, 0.00233830581419, 0.000554442696739, 0.000222128277528], [0.000562176574022, -0.00230833468959, 0.000626527296845, -0.00275678583421, -3.75576491933e-05, -0.00204360042699, 0.000523681694176, -0.00449139205739, 0.0143155995756, -0.00563508272171, 0.000313283904688, 0.000836556893773, -0.0040520047769], [-0.000710221880581, 0.0035573320929, -0.00188487337437, 0.00347437011078, -0.00146784144454, 0.00310660805553, -0.000592869881075, 0.000934206065722, -0.00563508272171, 0.0209115222096, -0.00780809205025, 0.00295685441233, 0.00197299220599], [0.000383043545298, -0.00238263676874, 0.00104964233469, -0.00260325265117, 0.000506274052896, -0.00261728698388, -0.00126802711748, 0.00233830581419, 0.000313283904688, -0.00780809205025, 0.0167026165873, -0.0092333862558, -0.000678913318552], [-0.000733780383598, 0.00387732964009, -0.00101938447915, 0.00371713703498, -0.00219770614058, 0.00288847461343, 0.000463383505121, 0.000554442696739, 0.000836556893773, 0.00295685441233, -0.0092333862558, 0.0238090418279, -0.00850495323539], [0.000110709304863, -0.00177462666761, -0.000651409151033, -0.00172402965836, 0.00184357655235, -0.000419660500484, -0.00251819845289, 0.000222128277528, -0.0040520047769, 0.00197299220599, -0.000678913318552, -0.00850495323539, 0.019627539441]], "cov": [[35356.421875, -886.554626465, -3322.00610352, 2897.67041016, -478.181091309, 85.8840026855, -259.01864624, 953.731384277, -424.258850098, 302.977630615, 61.2695198059, 567.854431152, -2.45106577873], [-886.554626465, 2232.62597656, -71.4800262451, -431.931091309, 436.671691895, -252.555465698, 167.69833374, -319.332855225, 155.131759644, -159.588348389, 133.951950073, -135.329360962, 139.32673645], [-3322.00610352, -71.4800262451, 1430.21691895, -118.26525116, 141.209655762, 287.923858643, 51.9098320007, 59.9095153809, 128.952728271, 47.492603302, 3.70600581169, -22.7850971222, 60.3308296204], [2897.67041016, -431.931091309, -118.26525116, 764.803100586, 18.1201190948, 37.7441749573, 24.7519512177, 118.348129272, 30.8771648407, 36.1214942932, 33.8145294189, 48.6468849182, 33.7896690369], [-478.181091309, 436.671691895, 141.209655762, 18.1201190948, 393.131286621, -58.1423187256, 79.682258606, -5.09922170639, 81.9187850952, -5.32763242722, 42.0678100586, -14.8194885254, 33.0495834351], [85.8840026855, -252.555465698, 287.923858643, 37.7441749573, -58.1423187256, 317.928497314, 27.1544380188, 57.2004699707, 23.1983909607, 20.0009765625, 9.86331653595, 9.12577056885, 11.7214679718], [-259.01864624, 167.69833374, 51.9098320007, 24.7519512177, 79.682258606, 27.1544380188, 168.00453186, 11.4269609451, 50.853012085, -6.48059558868, 37.4011154175, -7.00939464569, 44.4483375549], [953.731384277, -319.332855225, 59.9095153809, 118.348129272, -5.09922170639, 57.2004699707, 11.4269609451, 190.728057861, 11.6236219406, 42.8456993103, -32.7823028564, 31.2715167999, -10.3495502472], [-424.258850098, 155.131759644, 128.952728271, 30.8771648407, 81.9187850952, 23.1983909607, 50.853012085, 11.6236219406, 135.619033813, 14.6355056763, 31.0246562958, -12.7405233383, 44.6847229004], [302.977630615, -159.588348389, 47.492603302, 36.1214942932, -5.32763242722, 20.0009765625, -6.48059558868, 42.8456993103, 14.6355056763, 88.0399856567, 23.0373191833, 22.967666626, -6.85676765442], [61.2695198059, 133.951950073, 3.70600581169, 33.8145294189, 42.0678100586, 9.86331653595, 37.4011154175, -32.7823028564, 31.0246562958, 23.0373191833, 121.486183167, 35.0421257019, 39.7636260986], [567.854431152, -135.329360962, -22.7850971222, 48.6468849182, -14.8194885254, 9.12577056885, -7.00939464569, 31.2715167999, -12.7405233383, 22.967666626, 35.0421257019, 89.4654083252, 23.4519290924], [-2.45106577873, 139.32673645, 60.3308296204, 33.7896690369, 33.0495834351, 11.7214679718, 44.4483375549, -10.3495502472, 44.6847229004, -6.85676765442, 39.7636260986, 23.4519290924, 92.948059082]]}, "spectral_energyband_middle_low": {"dmean2": 0.00486020231619, "median": 0.00259675853886, "min": 1.64896238729e-22, "dvar2": 0.000134700807394, "dvar": 5.19338100275e-05, "dmean": 0.00294230459258, "max": 0.140926122665, "var": 0.000145085665281, "mean": 0.00723088812083}, "melbands_crest": {"dmean2": 5.40340948105, "median": 19.2870159149, "min": 1.16854918003, "dvar2": 27.1654167175, "dvar": 9.83668899536, "dmean": 3.24040579796, "max": 39.4013900757, "var": 38.5335884094, "mean": 20.0190734863}, "spectral_kurtosis": {"dmean2": 12.6746587753, "median": 12.3104839325, "min": -1.2540140152, "dvar2": 299.25390625, "dvar": 107.052650452, "dmean": 7.48665428162, "max": 199.775131226, "var": 598.098571777, "mean": 21.429359436}, "spectral_rms": {"dmean2": 0.00158348702826, "median": 0.00401916680858, "min": 3.10497157499e-12, "dvar2": 5.52873234483e-06, "dvar": 2.28322301155e-06, "dmean": 0.000973581569269, "max": 0.0288299620152, "var": 1.49072602653e-05, "mean": 0.00490566296503}, "zerocrossingrate": {"dmean2": 0.00486888922751, "median": 0.01318359375, "min": 0.0009765625, "dvar2": 4.98867193528e-05, "dvar": 3.27053021465e-05, "dmean": 0.00363101693802, "max": 0.5263671875, "var": 0.00256850523874, "mean": 0.0226566717029}, "silence_rate_60dB": {"dmean2": 0.0480428598821, "median": 0, "min": 0, "dvar2": 0.054209318012, "dvar": 0.0234450250864, "dmean": 0.0240193530917, "max": 1, "var": 0.142809942365, "mean": 0.172613397241}, "erbbands_kurtosis": {"dmean2": 1.63306868076, "median": -0.148280858994, "min": -1.83298194408, "dvar2": 7.14238214493, "dvar": 3.20670938492, "dmean": 1.0498175621, "max": 94.1495742798, "var": 25.2791233063, "mean": 1.31286394596}, "erbbands": {"dmean2": [0.964573323727, 4.05103397369, 7.97311878204, 10.3882656097, 8.15695667267, 6.75720214844, 5.60294485092, 5.64946222305, 7.17783498764, 6.83364629745, 5.83143758774, 5.52306175232, 10.5284452438, 4.93676233292, 8.34316635132, 6.00468349457, 4.92959690094, 5.22488689423, 4.20015192032, 6.02426719666, 7.73638534546, 7.76908016205, 4.68574333191, 4.9544377327, 4.41599798203, 1.78493499756, 1.46713793278, 1.00016725063, 0.686629533768, 0.526713907719, 0.487632602453, 0.373581618071, 0.185536578298, 0.130522742867, 0.0681870728731, 0.031305141747, 0.0126898605376, 0.00268378364854, 0.000321144674672, 4.57507485407e-05], "median": [0.180046990514, 1.16952228546, 2.66209554672, 3.53383588791, 1.89596533775, 2.31063699722, 1.77109122276, 1.81000423431, 1.63276171684, 0.850412368774, 0.873363614082, 1.32077407837, 1.45982921124, 0.977456748486, 1.09403085709, 1.0393460989, 0.926914572716, 0.945416152477, 0.796125233173, 0.77146846056, 0.425746113062, 0.333474844694, 0.295782119036, 0.156244948506, 0.120958097279, 0.0714775845408, 0.0422470159829, 0.024838399142, 0.0164544228464, 0.00874671526253, 0.00464033754542, 0.00248083146289, 0.00214716349728, 0.000917889468838, 0.000337876088452, 0.000233054961427, 7.23481061868e-05, 1.91103808902e-05, 1.18129382827e-05, 1.9079856429e-05], "min": [5.37285905026e-23, 7.87552027207e-22, 2.09430943158e-21, 7.39641316173e-21, 9.86397370833e-21, 2.77743500564e-20, 2.23476881933e-20, 6.59780259205e-20, 1.44826594431e-19, 2.58016658209e-19, 3.07163697702e-19, 4.58080732511e-19, 4.66937872317e-19, 6.09615205948e-19, 7.54385461625e-19, 8.06325373058e-19, 1.69908543326e-18, 1.42517832529e-18, 2.60548182436e-18, 2.66792072571e-18, 3.87577130373e-18, 3.2878977647e-18, 5.6972130864e-18, 6.83863713212e-18, 9.10988897856e-18, 7.67113568884e-18, 1.11062405833e-17, 1.16267042791e-17, 1.17070202078e-17, 1.0339515293e-17, 1.04290120994e-17, 9.79062636264e-18, 1.05467041841e-17, 8.56095041737e-18, 5.72213190236e-18, 4.42775182162e-18, 2.44554790048e-18, 8.67479714623e-19, 2.57159363053e-19, 2.85012382509e-20], "dvar2": [8.74390792847, 111.770492554, 503.896057129, 718.996948242, 515.327331543, 231.536651611, 190.484817505, 163.979492188, 329.157104492, 354.45135498, 345.626098633, 283.900939941, 1031.29052734, 220.132675171, 1461.28820801, 351.452728271, 188.811416626, 159.30291748, 116.462722778, 438.996856689, 621.916137695, 706.428955078, 221.743667603, 234.315719604, 244.481201172, 32.5450592041, 41.5407218933, 14.8581953049, 8.59529685974, 6.31587743759, 5.34363555908, 3.89005351067, 0.601831495762, 0.595422148705, 0.0892868041992, 0.0212654024363, 0.00527146784589, 0.000302000582451, 5.7939441831e-06, 7.92511443137e-08], "dvar": [3.03662228584, 49.4324035645, 190.044219971, 269.928039551, 188.565704346, 86.1585693359, 77.8234863281, 64.4289703369, 116.050933838, 142.72265625, 129.904434204, 107.198287964, 399.233703613, 90.3310012817, 611.30267334, 147.453170776, 70.3333358765, 62.3098220825, 42.7039871216, 163.79296875, 234.690551758, 261.182312012, 77.2333755493, 88.9107513428, 91.1979980469, 12.229388237, 14.8836116791, 5.55945682526, 3.34217143059, 2.29207396507, 1.86725330353, 1.43041920662, 0.259486347437, 0.239985883236, 0.0363431796432, 0.0104716597125, 0.00232697860338, 0.000139187584864, 2.61180298367e-06, 3.4043619479e-08], "dmean": [0.560487806797, 2.46668791771, 4.78353881836, 6.19678115845, 4.81519460678, 4.06126260757, 3.44432497025, 3.49915075302, 4.24024438858, 4.16865539551, 3.53834366798, 3.40180230141, 6.41617870331, 3.0565571785, 5.22034263611, 3.71660137177, 2.93831777573, 3.14312314987, 2.52091503143, 3.60051083565, 4.69860887527, 4.73553848267, 2.83747053146, 3.03200101852, 2.67765283585, 1.08914256096, 0.909526884556, 0.615671038628, 0.425861924887, 0.317648440599, 0.286916613579, 0.221067771316, 0.118091583252, 0.0835623070598, 0.0433890484273, 0.0206210035831, 0.00844536162913, 0.00176695000846, 0.000209580524825, 2.89955478365e-05], "max": [36.040813446, 131.270217896, 323.649200439, 308.120910645, 280.259033203, 197.67250061, 272.453399658, 268.320983887, 354.757171631, 376.895690918, 228.529190063, 224.430877686, 628.049316406, 388.907409668, 927.788574219, 726.306396484, 330.461029053, 182.649246216, 170.869155884, 433.264648438, 386.051422119, 468.240600586, 226.160598755, 293.134796143, 221.439971924, 85.5733795166, 159.084457397, 61.4267616272, 49.2955169678, 36.2522087097, 27.2756099701, 66.3376159668, 31.3031196594, 31.1040115356, 7.08305454254, 3.56446743011, 1.63703835011, 0.537791252136, 0.0837287157774, 0.0107043636963], "var": [4.72074985504, 82.8903427124, 243.049453735, 421.277679443, 299.994232178, 167.214294434, 223.182052612, 327.832214355, 271.710784912, 404.456329346, 194.032089233, 160.512710571, 648.83026123, 177.554077148, 1066.47607422, 567.502807617, 149.34286499, 135.815994263, 126.634147644, 318.275543213, 766.941711426, 894.705383301, 363.687011719, 390.524871826, 382.163513184, 56.0162734985, 48.1583747864, 16.676990509, 7.90934371948, 3.2207403183, 2.16510486603, 1.86542594433, 0.664407253265, 0.443216711283, 0.07193107903, 0.0180889330804, 0.00303574325517, 0.000233837999986, 3.48372213921e-06, 4.40753424868e-08], "mean": [0.882187247276, 3.68704080582, 7.60675430298, 10.3282852173, 7.96986961365, 7.3418097496, 6.48333072662, 7.91755962372, 7.49162101746, 7.87433433533, 5.74497556686, 5.61440610886, 10.1515846252, 5.36654281616, 8.4619178772, 7.17545700073, 5.05010652542, 5.53243923187, 5.2570142746, 7.00045108795, 10.5317296982, 11.0183229446, 7.34607315063, 7.4157781601, 6.74830341339, 2.82656311989, 2.09997224808, 1.32077360153, 0.787864327431, 0.48175406456, 0.378888398409, 0.301331847906, 0.199454784393, 0.131696715951, 0.0660683438182, 0.0300101749599, 0.0107221538201, 0.00242884666659, 0.000287995528197, 6.16844190517e-05]}, "spectral_strongpeak": {"dmean2": 0.255426377058, "median": 0.241811826825, "min": 0, "dvar2": 0.133813947439, "dvar": 0.0494419820607, "dmean": 0.148683965206, "max": 5.50213479996, "var": 0.0948485061526, "mean": 0.31545394659}, "spectral_energy": {"dmean2": 0.0275423247367, "median": 0.0165575444698, "min": 9.88186956701e-21, "dvar2": 0.00434383936226, "dvar": 0.00180065410677, "dmean": 0.0167315155268, "max": 0.85194593668, "var": 0.00483102770522, "mean": 0.0399469174445}, "average_loudness": 0.0776714608073, "spectral_rolloff": {"dmean2": 218.247512817, "median": 193.798828125, "min": 43.06640625, "dvar2": 424974.1875, "dvar": 160191.828125, "dmean": 124.354492188, "max": 19939.7460938, "var": 2845857, "mean": 471.763458252}, "spectral_centroid": {"dmean2": 174.029891968, "median": 394.609069824, "min": 88.4572753906, "dvar2": 79969.5078125, "dvar": 35738.5820312, "dmean": 108.748657227, "max": 11830.2558594, "var": 990270, "mean": 628.315124512}, "pitch_salience": {"dmean2": 0.126689404249, "median": 0.469198763371, "min": 0.029706126079, "dvar2": 0.0148838143796, "dvar": 0.00553776929155, "dmean": 0.0764301493764, "max": 0.98664945364, "var": 0.02084287256, "mean": 0.458561390638}, "spectral_energyband_middle_high": {"dmean2": 0.000703807221726, "median": 0.000270827091299, "min": 1.14116088435e-21, "dvar2": 3.20993422065e-06, "dvar": 1.30585669922e-06, "dmean": 0.000444246106781, "max": 0.0312817953527, "var": 9.8681612144e-06, "mean": 0.00155377248302}, "spectral_contrast_coeffs": {"dmean2": [0.0719009637833, 0.0661045834422, 0.0534412935376, 0.0421716235578, 0.0307021979243, 0.0255792755634], "median": [-0.687916338444, -0.765613794327, -0.797830939293, -0.815994977951, -0.809448122978, -0.785499632359], "min": [-0.977385044098, -0.995597481728, -0.993554413319, -0.993729710579, -0.968341886997, -0.965956032276], "dvar2": [0.00380170834251, 0.00311383395456, 0.00201788777485, 0.00119375193026, 0.000781769573223, 0.000634163618088], "dvar": [0.00137886300217, 0.00116072397213, 0.000753814529162, 0.000438368675532, 0.000298095168546, 0.000245044589974], "dmean": [0.043121278286, 0.0397451594472, 0.032485704869, 0.0254938602448, 0.018457705155, 0.0155789637938], "max": [-0.351076632738, -0.430310457945, -0.494538187981, -0.563826739788, -0.627664983273, -0.585932075977], "var": [0.0062968111597, 0.00679070083424, 0.00641342205927, 0.00319526297972, 0.00257066590711, 0.00348587636836], "mean": [-0.684767901897, -0.755791902542, -0.784092128277, -0.810778439045, -0.807848036289, -0.789294838905]}, "melbands_skewness": {"dmean2": 1.53821766376, "median": 4.08834648132, "min": -0.371753096581, "dvar2": 3.21427845955, "dvar": 1.28912448883, "dmean": 0.956784188747, "max": 37.9380111694, "var": 5.78930282593, "mean": 4.43430948257}, "spectral_spread": {"dmean2": 653739.75, "median": 2408134.25, "min": 373705, "dvar2": 1120021118980.0, "dvar": 477322575872, "dmean": 411413.90625, "max": 42358360, "var": 12193165738000.0, "mean": 2977758}, "dissonance": {"dmean2": 0.0409214124084, "median": 0.457676172256, "min": 0.0736809074879, "dvar2": 0.00173676991835, "dvar": 0.000629944144748, "dmean": 0.0243564080447, "max": 0.500000119209, "var": 0.00284973252565, "mean": 0.440618962049}, "spectral_skewness": {"dmean2": 0.890616059303, "median": 2.56379985809, "min": -0.0551305040717, "dvar2": 1.00007486343, "dvar": 0.359648168087, "dmean": 0.531302630901, "max": 11.6905698776, "var": 3.10019373894, "mean": 3.03402376175}, "spectral_flux": {"dmean2": 0.0399856343865, "median": 0.0465416908264, "min": 6.38268674025e-11, "dvar2": 0.00368295353837, "dvar": 0.00154030707199, "dmean": 0.0250914823264, "max": 0.7150785923, "var": 0.0057633407414, "mean": 0.0710094049573}, "spectral_contrast_valleys": {"dmean2": [0.561748564243, 0.588169455528, 0.515222191811, 0.436626762152, 0.385442346334, 0.483281105757], "median": [-6.86873149872, -7.70285081863, -8.51457309723, -8.92616176605, -9.59284496307, -13.0150432587], "min": [-27.9248218536, -28.5274009705, -27.8202819824, -27.7403697968, -27.5121765137, -27.3795146942], "dvar2": [0.26151818037, 0.328309893608, 0.260513901711, 0.194032102823, 0.236447691917, 0.424711436033], "dvar": [0.102775797248, 0.133730560541, 0.108664222062, 0.083948366344, 0.107140764594, 0.192256331444], "dmean": [0.337725192308, 0.357438206673, 0.315010637045, 0.271757572889, 0.250886589289, 0.320220917463], "max": [-4.54698228836, -4.63965415955, -5.39393424988, -5.91474914551, -5.77476358414, -7.95808172226], "var": [5.89907455444, 5.20254135132, 5.42524576187, 5.76268672943, 6.78926229477, 4.99105978012], "mean": [-7.32375955582, -7.97957897186, -8.81696987152, -9.27295780182, -9.81901168823, -12.8879537582]}, "erbbands_flatness_db": {"dmean2": 0.0251754485071, "median": 0.205776199698, "min": 0.0485952459276, "dvar2": 0.000686405343004, "dvar": 0.000310989591526, "dmean": 0.0165669638664, "max": 0.425723135471, "var": 0.0042405850254, "mean": 0.204956546426}, "spectral_energyband_high": {"dmean2": 9.53089474933e-05, "median": 2.71882413472e-06, "min": 7.09843427075e-21, "dvar2": 1.402485168e-07, "dvar": 5.4519905035e-08, "dmean": 6.11739960732e-05, "max": 0.00684908777475, "var": 1.69945067796e-07, "mean": 0.000134193644044}, "spectral_entropy": {"dmean2": 0.278497815132, "median": 6.60272884369, "min": 4.0083489418, "dvar2": 0.0969368517399, "dvar": 0.0427557453513, "dmean": 0.181141898036, "max": 9.82142543793, "var": 0.747267901897, "mean": 6.59208440781}, "silence_rate_20dB": {"dmean2": 0.0210835561156, "median": 1, "min": 0, "dvar2": 0.023231420666, "dvar": 0.0104322554544, "dmean": 0.0105408672243, "max": 1, "var": 0.0130430376157, "mean": 0.986781835556}, "melbands_flatness_db": {"dmean2": 0.0498718842864, "median": 0.401275962591, "min": 0.000450043153251, "dvar2": 0.0027654543519, "dvar": 0.00114650721662, "dmean": 0.0317503027618, "max": 0.756255865097, "var": 0.0166378505528, "mean": 0.403192669153}, "barkbands": {"dmean2": [0.00217139557935, 0.0216151028872, 0.00792291201651, 0.00330717302859, 0.0019917676691, 0.000669104629196, 0.000422986544436, 0.000347264605807, 0.000236849155044, 0.000293838616926, 0.000202502269531, 0.000141773271025, 0.000106629522634, 0.000106509054604, 8.60220825416e-05, 0.000154773297254, 0.000161037911312, 7.9484343587e-05, 9.44837738643e-05, 3.77830328944e-05, 3.1316478271e-05, 1.83676911547e-05, 1.6160436644e-05, 1.38781142596e-05, 1.01704154076e-05, 6.63106357024e-06, 2.10714711102e-06], "median": [0.000489906116854, 0.00595015008003, 0.00247346656397, 0.000717841438018, 0.000672781316098, 0.000214820480323, 7.88689794717e-05, 3.73837028746e-05, 5.14588136866e-05, 4.14068235841e-05, 2.4650405976e-05, 2.14145875361e-05, 1.48363524204e-05, 1.53926575877e-05, 1.48880890265e-05, 6.67014546707e-06, 6.55896747048e-06, 4.81567803945e-06, 2.64509822046e-06, 1.63918