{"tonal": {"thpcp": [1, 0.739159524441, 0.631409466267, 0.53183221817, 0.404986292124, 0.427690476179, 0.488960295916, 0.473934203386, 0.532083690166, 0.482969045639, 0.384026378393, 0.406620502472, 0.346130788326, 0.379412651062, 0.561004579067, 0.506270229816, 0.360784083605, 0.342093318701, 0.342030882835, 0.445315986872, 0.78982925415, 0.850797116756, 0.547727048397, 0.447325110435, 0.440301299095, 0.356772631407, 0.289273530245, 0.274558037519, 0.296531766653, 0.374594718218, 0.41964045167, 0.350076496601, 0.285968691111, 0.30075699091, 0.509797155857, 0.9403039217], "hpcp": {"dmean2": [0.215202659369, 0.198137894273, 0.20208235085, 0.213998198509, 0.23026406765, 0.217916697264, 0.18930234015, 0.204941079021, 0.292277932167, 0.383378773928, 0.417469292879, 0.385109037161, 0.31927549839, 0.259771972895, 0.219726517797, 0.218635201454, 0.241396471858, 0.262092977762, 0.258001863956, 0.235198512673, 0.220698565245, 0.223363563418, 0.20589722693, 0.250512480736, 0.345416039228, 0.284352838993, 0.237623542547, 0.239159286022, 0.241917833686, 0.27887031436, 0.344207286835, 0.375959396362, 0.33177921176, 0.298960238695, 0.281489610672, 0.249621778727], "median": [0.0246544107795, 0.0286112632602, 0.0337086729705, 0.0406596325338, 0.0402889661491, 0.0400189943612, 0.0353158265352, 0.0390282608569, 0.0802049040794, 0.151303365827, 0.182300910354, 0.141150385141, 0.0892620310187, 0.066820025444, 0.0588802434504, 0.0632112622261, 0.0671311616898, 0.0700177401304, 0.0619698390365, 0.0557592734694, 0.0631514638662, 0.0553429611027, 0.0467054955661, 0.0489152148366, 0.0612728856504, 0.0506137423217, 0.0298944916576, 0.0239313319325, 0.0267230402678, 0.0526875220239, 0.0919869765639, 0.100707925856, 0.0735931694508, 0.0439433977008, 0.0349710136652, 0.0273816511035], "min": [0, 0, 0, 0, 0, 0, 0, 0, 0, 0, 0, 0, 0, 0, 0, 0, 0, 0, 0, 0, 0, 0, 0, 0, 0, 0, 0, 0, 0, 0, 0, 0, 0, 0, 0, 0], "dvar2": [0.130666211247, 0.117440737784, 0.11446184665, 0.115603715181, 0.119716748595, 0.107257790864, 0.0971202924848, 0.100578457117, 0.126078918576, 0.168745264411, 0.169253960252, 0.159338772297, 0.141424193978, 0.119846060872, 0.100388631225, 0.0996463447809, 0.11368073523, 0.127684921026, 0.135627180338, 0.115180879831, 0.0940093398094, 0.0970339179039, 0.0899165198207, 0.107281684875, 0.192360207438, 0.139205902815, 0.132123202085, 0.137898266315, 0.130229696631, 0.128062412143, 0.160180419683, 0.177984312177, 0.155778169632, 0.167564436793, 0.169535845518, 0.147958025336], "dvar": [0.0467567369342, 0.0418281033635, 0.0403928123415, 0.0415491908789, 0.0441894866526, 0.0381042994559, 0.0344314053655, 0.036277834326, 0.0446885302663, 0.064495369792, 0.0662983581424, 0.0574270784855, 0.0522354133427, 0.0450975969434, 0.0364193096757, 0.0356191769242, 0.0419870615005, 0.046247895807, 0.0494789369404, 0.0422356389463, 0.032955378294, 0.0354474000633, 0.0318586118519, 0.0376338772476, 0.0691811591387, 0.0504643023014, 0.0468107946217, 0.0502260625362, 0.0472557172179, 0.045761782676, 0.0613057129085, 0.0703613087535, 0.0565134994686, 0.060690689832, 0.0621277466416, 0.0536662079394], "dmean": [0.117935940623, 0.108582243323, 0.111214205623, 0.120130881667, 0.129335969687, 0.121484801173, 0.104787483811, 0.112116187811, 0.16294901073, 0.220181047916, 0.238589242101, 0.217357948422, 0.18077814579, 0.147594898939, 0.12426083535, 0.124744437635, 0.138771593571, 0.149319335818, 0.146017536521, 0.134164750576, 0.124062053859, 0.126655578613, 0.115743674338, 0.139241307974, 0.192842975259, 0.162076607347, 0.132464304566, 0.132914915681, 0.133654773235, 0.155197873712, 0.197220727801, 0.215109735727, 0.185969278216, 0.166254907846, 0.155857607722, 0.137291252613], "max": [1, 1, 1, 1, 1, 1, 1, 1, 1, 1, 1, 1, 1, 1, 1, 1, 1, 1, 1, 1, 1, 1, 1, 1, 1, 1, 1, 1, 1, 1, 1, 1, 1, 1, 1, 1], "var": [0.0350362583995, 0.0309563875198, 0.0311896130443, 0.042345430702, 0.0523461289704, 0.0344400331378, 0.0266026295722, 0.0283085778356, 0.0437842272222, 0.109073482454, 0.108493864536, 0.0655469670892, 0.0673238709569, 0.0622023306787, 0.0369215197861, 0.038428734988, 0.0517519563437, 0.0455085225403, 0.0668467134237, 0.056912869215, 0.0298082865775, 0.0366780124605, 0.0295639447868, 0.0342290885746, 0.0724841952324, 0.0606188625097, 0.0426635853946, 0.0437952801585, 0.0407283864915, 0.0452886894345, 0.100976541638, 0.110706329346, 0.0559023916721, 0.0539753846824, 0.0609549283981, 0.0460983254015], "mean": [0.0942843332887, 0.0894880443811, 0.0966500490904, 0.122093491256, 0.13677546382, 0.114102140069, 0.0932071730494, 0.0980271995068, 0.166160687804, 0.306477844715, 0.325934886932, 0.240917876363, 0.205798372626, 0.173342674971, 0.13199916482, 0.139399245381, 0.159369215369, 0.154471695423, 0.173424631357, 0.157416462898, 0.12516759336, 0.132531806827, 0.112816102803, 0.123663820326, 0.182850971818, 0.165011137724, 0.11759211868, 0.111500151455, 0.111479796469, 0.145144015551, 0.25743290782, 0.277304470539, 0.178523361683, 0.14579886198, 0.143509551883, 0.116284646094]}, "tuning_equal_tempered_deviation": 0.181195542216, "chords_changes_rate": 0.0687058791518, "key_key": "C", "tuning_diatonic_strength": 0.540488421917, "key_scale": "minor", "chords_number_rate": 0.00125490198843, "tuning_frequency": 434.193115234, "tuning_nontempered_energy_ratio": 0.896572291851, "chords_histogram": [57.254901886, 0, 0.203921571374, 0.784313738346, 0, 2.40000009537, 0.0313725508749, 11.3882350922, 0, 0.533333361149, 0.235294118524, 0, 0.360784322023, 0.360784322023, 1.75686275959, 0, 0, 0, 0.0627451017499, 0.878431379795, 2.80784320831, 7.54509782791, 7.27843141556, 6.11764717102], "key_strength": 0.758239150047, "chords_key": "C", "chords_strength": {"dmean2": 0.0137618370354, "median": 0.486242651939, "min": 0.224701419473, "dvar2": 0.000151310188812, "dvar": 9.51449183049e-05, "dmean": 0.0118151362985, "max": 0.732934474945, "var": 0.00901045836508, "mean": 0.489101529121}, "chords_scale": "minor", "hpcp_entropy": {"dmean2": 1.18606758118, "median": 2.47824954987, "min": 0, "dvar2": 0.876243054867, "dvar": 0.310073882341, "dmean": 0.702151477337, "max": 4.36322689056, "var": 0.571137547493, "mean": 2.45529723167}}, "metadata": {"audio_properties": {"equal_loudness": 0, "codec": "flac", "downmix": "mix", "sample_rate": 44100, "analysis_sample_rate": 44100, "bit_rate": 0, "md5_encoded": "9f3b63f5202c8767af76618dc12a0eb7", "length": 295.973327637, "replay_gain": -15.2364959717, "lossless": true}, "version": {"essentia_build_sha": "70f2e5ece6736b2c40cc944ad0e695b16b925413", "essentia": "2.1-beta2", "extractor": "music 1.0", "essentia_git_sha": "v2.1_beta2"}, "tags": {"title": ["Break These Chains"], "media": ["CD-R"], "albumartist": ["Cryogen"], "tracktotal": ["6"], "musicbrainz_releasegroupid": ["09a2829c-2755-4ce1-b5ea-f391a9c4c910"], "releasetype": ["album"], "musicbrainz_recordingid": ["02b3e527-d80d-4c5d-8aab-e498e777678e"], "musicbrainz_albumartistid": ["3f1942f0-8e9b-4ec9-8a8e-d238457bddc2"], "musicbrainz_discid": ["0lE5z6.5AweuN0ouNtjLDHXMqVg-"], "originalyear": ["2009"], "musicbrainz_releasetrackid": ["b3e68ce6-eb7d-3592-a393-ae8e2ad47f12"], "discnumber": ["1"], "album": ["Psalms of Deceit"], "releasecountry": ["US"], "file_name": "06 Break These Chains.flac", "asin": ["B008MA7XB4"], "albumartistsort": ["Cryogen"], "date": ["2009-02-10"], "genre": ["Metal; Doom Metal; Industrial"], "musicbrainz_albumid": ["c9d60de1-f167-4945-9bd9-96fc1af2f843"], "disctotal": ["1"], "musicbrainz_artistid": ["3f1942f0-8e9b-4ec9-8a8e-d238457bddc2"], "originaldate": ["2009-02-10"], "grouping": ["Metal"], "tracknumber": ["6"], "artistsort": ["Cryogen"], "artist": ["Cryogen"], "label": ["DM Records"], "releasestatus": ["official"], "totaldiscs": ["1"], "script": ["Latn"], "totaltracks": ["6"]}}, "rhythm": {"bpm_histogram_first_peak_bpm": {"dmean2": 0, "median": 105, "min": 105, "dvar2": 0, "dvar": 0, "dmean": 0, "max": 105, "var": 0, "mean": 105}, "bpm": 105.038505554, "bpm_histogram_second_peak_spread": {"dmean2": 0, "median": 0, "min": 0, "dvar2": 0, "dvar": 0, "dmean": 0, "max": 0, "var": 0, "mean": 0}, "bpm_histogram_first_peak_weight": {"dmean2": 0, "median": 0.4990439713, "min": 0.4990439713, "dvar2": 0, "dvar": 0, "dmean": 0, "max": 0.4990439713, "var": 0, "mean": 0.4990439713}, "onset_rate": 3.67234230042, "beats_position": [0.522448956966, 1.05650794506, 1.57895684242, 2.11301589012, 2.67029476166, 3.22757363319, 3.80807256699, 4.38857126236, 4.96907043457, 5.53795909882, 6.10684776306, 6.67573690414, 7.24462556839, 7.81351470947, 8.38240337372, 8.96290206909, 9.54340076447, 10.1239004135, 10.6811790466, 11.261677742, 11.8189563751, 12.387845993, 12.9567346573, 13.5372333527, 14.117732048, 14.6866207123, 15.2555103302, 15.8243989944, 16.3932876587, 16.9737873077, 17.5426750183, 18.1115646362, 18.6688423157, 19.2261219025, 19.760181427, 20.2942390442, 20.8399085999, 21.3855781555, 21.942855835, 22.5001354218, 23.0806350708, 23.6379127502, 24.195192337, 24.7756919861, 25.3561897278, 25.9250793457, 26.4939670563, 27.0744667053, 27.6433563232, 28.2122440338, 28.7695236206, 29.3500213623, 29.9305210114, 30.4994106293, 31.0682983398, 31.6487979889, 32.2060775757, 32.7749671936, 33.3438529968, 33.9243545532, 34.4932403564, 35.0621299744, 35.6426315308, 36.2231292725, 36.7920188904, 37.3492965698, 37.9181861877, 38.4870758057, 39.0559616089, 39.6248512268, 40.2053489685, 40.7858505249, 41.3663482666, 41.9468460083, 42.5273475647, 43.0962333679, 43.6535148621, 44.22240448, 44.7912902832, 45.3601799011, 45.929069519, 46.5095672607, 47.0784568787, 47.6473464966, 48.2278442383, 48.7851219177, 49.3656234741, 49.9461212158, 50.5150108337, 51.0839004517, 51.6527900696, 52.2216758728, 52.7789573669, 53.3478431702, 53.9167327881, 54.485622406, 55.0545120239, 55.6350097656, 56.2155075073, 56.7960090637, 57.3765068054, 57.9453964233, 58.525894165, 59.094783783, 59.6636734009, 60.2325630188, 60.7898406982, 61.3703384399, 61.9276161194, 62.5081176758, 63.0886154175, 63.6691131592, 64.2380065918, 64.806892395, 65.3757781982, 65.9446716309, 66.5019454956, 67.0708389282, 67.6397247314, 68.2202224731, 68.7891159058, 69.358001709, 69.9152832031, 70.4841690063, 71.064666748, 71.6335601807, 72.2140579224, 72.7945556641, 73.3518371582, 73.9091110229, 74.489616394, 75.0585021973, 75.6273880005, 76.1962814331, 76.7767791748, 77.3572769165, 77.9261627197, 78.4950561523, 79.0639419556, 79.6328353882, 80.2017211914, 80.7822189331, 81.3511123657, 81.9316101074, 82.5004959106, 83.0693893433, 83.6382751465, 84.1955566406, 84.7760543823, 85.3449401855, 85.9254379272, 86.5059356689, 87.08644104, 87.6553268433, 88.235824585, 88.8163223267, 89.3736038208, 89.9308853149, 90.4881591797, 91.0686569214, 91.6491622925, 92.2180480957, 92.7869338989, 93.36743927, 93.9479370117, 94.5168228149, 95.0857162476, 95.6662139893, 96.223487854, 96.7923812866, 97.3612670898, 97.918548584, 98.4990463257, 99.0679321289, 99.6368255615, 100.194099426, 100.774604797, 101.355102539, 101.935600281, 102.516098022, 103.096595764, 103.653877258, 104.222763062, 104.803260803, 105.372154236, 105.941040039, 106.509933472, 107.078819275, 107.647705078, 108.22820282, 108.808708191, 109.377593994, 109.946479797, 110.526985168, 111.095870972, 111.664756775, 112.222038269, 112.814147949, 113.417869568, 114.033195496, 114.648521423, 115.26385498, 115.86756897, 116.436462402, 117.005348206, 117.585845947, 118.166343689, 118.770065308, 119.350563049, 119.931060791, 120.511566162, 121.092063904, 121.660949707, 122.22983551, 122.798728943, 123.367614746, 123.936508179, 124.505393982, 125.085891724, 125.654785156, 126.223670959, 126.792556763, 127.361450195, 127.941947937, 128.51083374, 129.079727173, 129.637008667, 130.205886841, 130.786392212, 131.355285645, 131.935775757, 132.516281128, 133.085174561, 133.654052734, 134.222946167, 134.7918396, 135.360717773, 135.941223145, 136.521713257, 137.090606689, 137.659500122, 138.228393555, 138.797271729, 139.366165161, 139.935058594, 140.503936768, 141.084442139, 141.653335571, 142.222213745, 142.791107178, 143.36000061, 143.940490723, 144.509384155, 145.078277588, 145.6587677, 146.227661133, 146.796554565, 147.365432739, 147.934326172, 148.491607666, 149.072113037, 149.664215088, 150.244720459, 150.813598633, 151.370880127, 151.93977356, 152.508651733, 153.077545166, 153.646438599, 154.226928711, 154.795822144, 155.364715576, 155.945205688, 156.514099121, 157.082992554, 157.663482666, 158.232376099, 158.81288147, 159.404983521, 159.985488892, 160.565979004, 161.134872437, 161.703765869, 162.261047363, 162.829925537, 163.39881897, 163.956100464, 164.536590576, 165.117095947, 165.69758606, 166.278091431, 166.835372925, 167.404266357, 167.961532593, 168.530426025, 169.110931396, 169.67980957, 170.248703003, 170.817596436, 171.386474609, 171.96697998, 172.547485352, 173.127975464, 173.685256958, 174.242538452, 174.811431885, 175.380310059, 175.96081543, 176.541305542, 177.110198975, 177.690704346, 178.25958252, 178.828475952, 179.385757446, 179.954650879, 180.523529053, 181.092422485, 181.672927856, 182.253417969, 182.822311401, 183.391204834, 183.960083008, 184.52897644, 185.097869873, 185.678359985, 186.247253418, 186.827758789, 187.396636963, 187.965530396, 188.534423828, 189.11491394, 189.683807373, 190.252700806, 190.821578979, 191.390472412, 191.970977783, 192.539855957, 193.10874939, 193.677642822, 194.258132935, 194.838638306, 195.407531738, 195.976409912, 196.533691406, 197.102584839, 197.671463013, 198.240356445, 198.820861816, 199.38973999, 199.947021484, 200.527526855, 201.08480835, 201.642089844, 202.210968018, 202.791473389, 203.360351562, 203.940856934, 204.498138428, 205.07862854, 205.659133911, 206.228027344, 206.796905518, 207.377410889, 207.946304321, 208.503585815, 209.072463989, 209.65296936, 210.233459473, 210.813964844, 211.382858276, 211.95173645, 212.520629883, 213.089523315, 213.670013428, 214.23890686, 214.807800293, 215.365081787, 215.933959961, 216.502853394, 217.060134888, 217.640625, 218.221130371, 218.801635742, 219.370513916, 219.939407349, 220.508300781, 221.077178955, 221.646072388, 222.21496582, 222.795455933, 223.375961304, 223.956451416, 224.525344849, 225.094238281, 225.651519775, 226.220397949, 226.789291382, 227.369796753, 227.950286865, 228.519180298, 229.08807373, 229.656951904, 230.225845337, 230.79473877, 231.363616943, 231.932510376, 232.513015747, 233.081893921, 233.662399292, 234.242904663, 234.811782837, 235.38067627, 235.937957764, 236.506851196, 237.07572937, 237.656234741, 238.236724854, 238.805618286, 239.374511719, 239.943389893, 240.512283325, 241.081176758, 241.673278809, 242.25378418, 242.834274292, 243.403167725, 243.960449219, 244.529342651, 245.086624146, 245.667114258, 246.247619629, 246.816497803, 247.373779297, 247.942672729, 248.511566162, 249.080444336, 249.649337769, 250.218231201, 250.798721313, 251.379226685, 251.959716797, 252.540222168, 253.109115601, 253.677993774, 254.235275269, 254.804168701, 255.373062134, 255.953552246, 256.52243042, 257.091339111, 257.648620605, 258.217498779, 258.786376953, 259.366882324, 259.947387695, 260.516265869, 261.085174561, 261.665649414, 262.234558105, 262.7918396, 263.360717773, 263.929595947, 264.498504639, 265.07901001, 265.659484863, 266.228393555, 266.797271729, 267.366149902, 267.946655273, 268.515563965, 269.096038818, 269.676544189, 270.257049561, 270.825927734, 271.394836426, 271.9637146, 272.532592773, 273.089874268, 273.670379639, 274.239257812, 274.808166504, 275.365447998, 275.934326172, 276.503204346, 277.072113037, 277.640991211, 278.221496582, 278.802001953, 279.370880127, 279.939758301, 280.497039795, 281.077545166, 281.658050537, 282.215332031, 282.795837402, 283.376312256, 283.945220947, 284.514099121, 285.094604492, 285.663482666, 286.23236084, 286.789642334, 287.219238281, 287.672027588, 288.136413574, 288.531158447, 288.92590332, 289.320617676, 289.715362549, 290.133331299, 290.539672852, 290.946014404, 291.3175354, 291.677459717, 292.048980713, 292.420501709, 292.780395508, 293.140319824, 293.500213623, 293.860137939, 294.220031738, 294.579956055, 294.939849854, 295.29977417], "beats_loudness": {"dmean2": 0.0322786383331, "median": 0.0444464609027, "min": 1.37781273679e-06, "dvar2": 0.000809181306977, "dvar": 0.000265872775344, "dmean": 0.0183346047997, "max": 0.121901929379, "var": 0.000432413886301, "mean": 0.0479911714792}, "danceability": 1.12578225136, "bpm_histogram_second_peak_weight": {"dmean2": 0, "median": 0.0172084122896, "min": 0.0172084122896, "dvar2": 0, "dvar": 0, "dmean": 0, "max": 0.0172084122896, "var": 0, "mean": 0.0172084122896}, "beats_count": 524, "bpm_histogram_second_peak_bpm": {"dmean2": 0, "median": 167, "min": 167, "dvar2": 0, "dvar": 0, "dmean": 0, "max": 167, "var": 0, "mean": 167}, "bpm_histogram_first_peak_spread": {"dmean2": 0, "median": 0.465163946152, "min": 0.465163946152, "dvar2": 0, "dvar": 0, "dmean": 0, "max": 0.465163946152, "var": 0, "mean": 0.465163946152}, "beats_loudness_band_ratio": {"dmean2": [0.301444858313, 0.184340298176, 0.149645999074, 0.0639725476503, 0.0680359825492, 0.116367168725], "median": [0.543684005737, 0.12850484252, 0.0899852514267, 0.0325709506869, 0.0656735897064, 0.0729170143604], "min": [0.0254708006978, 0.0102968430147, 0.00819295272231, 0.000142742108437, 0.000117314113595, 3.90390196117e-05], "dvar2": [0.0631629005075, 0.0227852351964, 0.0240454021841, 0.0054642483592, 0.00387832173146, 0.0111009115353], "dvar": [0.0201049596071, 0.0086066108197, 0.00771800149232, 0.00188699667342, 0.00139357941225, 0.00361978448927], "dmean": [0.17605984211, 0.104964435101, 0.0849581956863, 0.0361275821924, 0.0377874076366, 0.0629332363605], "max": [0.946258962154, 0.622670352459, 0.675213992596, 0.278729915619, 0.236945405602, 0.332440257072], "var": [0.0345112346113, 0.0121469097212, 0.00883954297751, 0.00225368444808, 0.00197903858498, 0.00542684271932], "mean": [0.552046477795, 0.158581569791, 0.116293869913, 0.0479800440371, 0.0736602172256, 0.0970437601209]}}, "lowlevel": {"barkbands_spread": {"dmean2": 12.1817474365, "median": 28.3859004974, "min": 0.160249426961, "dvar2": 138.524841309, "dvar": 56.9559249878, "dmean": 7.71096038818, "max": 144.32598877, "var": 173.32824707, "mean": 28.6776695251}, "melbands_spread": {"dmean2": 12.5255174637, "median": 20.5055789948, "min": 0.301877856255, "dvar2": 169.384185791, "dvar": 71.548210144, "dmean": 8.00047111511, "max": 262.024688721, "var": 193.810668945, "mean": 22.6517829895}, "hfc": {"dmean2": 12.8611030579, "median": 28.0086097717, "min": 1.18052795039e-16, "dvar2": 202.702865601, "dvar": 90.6510238647, "dmean": 8.52783107758, "max": 113.887329102, "var": 276.308898926, "mean": 30.4447479248}, "barkbands_kurtosis": {"dmean2": 6.53025817871, "median": 1.93395161629, "min": -1.89105176926, "dvar2": 2061.13110352, "dvar": 1040.05908203, "dmean": 4.11210155487, "max": 2058.33032227, "var": 1032.06774902, "mean": 4.86356544495}, "gfcc": {"mean": [50.9527511597, 74.9879455566, -98.0187072754, 44.652381897, -44.18800354, -0.732528805733, -28.6039886475, 6.99992704391, -16.5143566132, 2.37698745728, -17.9411029816, 2.38948392868, -11.2740869522], "icov": [[0.000325693254126, 0.000130951288156, 0.000274983525742, 3.11980693368e-05, 0.00039784036926, -0.000575147161726, 0.000290785683319, -0.00022992985032, 0.000227255062782, -0.000709227228072, 0.00101333297789, -0.00116709107533, 0.000302542030113], [0.000130951288156, 0.00203324272297, 0.000949031382333, -0.00025591783924, -0.000516861386131, 0.00131721468642, -0.000897004792932, 0.00105195026845, -0.00102951587178, 0.00178581627551, -0.00260908645578, 0.00267707556486, -0.00180655694567], [0.000274983525742, 0.000949031382333, 0.00258531235158, -0.000249989301665, -0.00180724577513, 0.00013981887605, 0.000882673542947, -0.000650944188237, 0.00112524011638, -0.000645255902782, -0.000647238688543, 0.00168783939444, -0.00106857216451], [3.11980693368e-05, -0.00025591783924, -0.000249989301665, 0.00406946614385, 0.00177944253664, -0.00198827777058, -0.000761474424507, 0.00280636921525, -0.00276524759829, -0.000650249712635, 0.00152968498878, -0.0001008194522, -0.00112688355148], [0.00039784036926, -0.000516861386131, -0.00180724577513, 0.00177944253664, 0.00973757263273, -0.000913011957891, -0.00446925451979, 0.00176356546581, -1.28867839067e-06, -0.0037768620532, 0.00235803076066, -0.0026636775583, 0.000372874201275], [-0.000575147161726, 0.00131721468642, 0.00013981887605, -0.00198827777058, -0.000913011957891, 0.0112757608294, -0.00328086293302, -0.00442363973707, 0.00433801393956, 0.000756040972192, -0.00562034128234, 0.00574753526598, -0.00239367992617], [0.000290785683319, -0.000897004792932, 0.000882673542947, -0.000761474424507, -0.00446925451979, -0.00328086293302, 0.0146809946746, -0.00328575493768, -0.00591925252229, 0.00531186675653, 0.00183751666918, -0.0053186211735, 0.00232045608573], [-0.00022992985032, 0.00105195026845, -0.000650944188237, 0.00280636921525, 0.00176356546581, -0.00442363973707, -0.00328575493768, 0.0167032256722, -0.00561086693779, -0.00374891026877, 0.00359272980131, -0.00132531067356, 0.000125456863316], [0.000227255062782, -0.00102951587178, 0.00112524011638, -0.00276524759829, -1.28867839067e-06, 0.00433801393956, -0.00591925252229, -0.00561086693779, 0.0245201699436, -0.0123997237533, -0.00364421494305, 0.00875406712294, -0.00439439481124], [-0.000709227228072, 0.00178581627551, -0.000645255902782, -0.000650249712635, -0.0037768620532, 0.000756040972192, 0.00531186675653, -0.00374891026877, -0.0123997237533, 0.0295419115573, -0.0120636904612, -0.00318461749703, 0.00463299965486], [0.00101333297789, -0.00260908645578, -0.000647238688543, 0.00152968498878, 0.00235803076066, -0.00562034128234, 0.00183751666918, 0.00359272980131, -0.00364421494305, -0.0120636904612, 0.0318788252771, -0.0180032961071, 0.00248326919973], [-0.00116709107533, 0.00267707556486, 0.00168783939444, -0.0001008194522, -0.0026636775583, 0.00574753526598, -0.0053186211735, -0.00132531067356, 0.00875406712294, -0.00318461749703, -0.0180032961071, 0.0405033528805, -0.0179867688566], [0.000302542030113, -0.00180655694567, -0.00106857216451, -0.00112688355148, 0.000372874201275, -0.00239367992617, 0.00232045608573, 0.000125456863316, -0.00439439481124, 0.00463299965486, 0.00248326919973, -0.0179867688566, 0.0271113049239]], "cov": [[8245.92871094, -2088.8203125, -324.534210205, -185.072372437, -426.206085205, 568.52734375, -250.535491943, 429.751495361, -236.456130981, 226.80015564, -137.558898926, 229.816482544, -88.1925811768], [-2088.8203125, 1659.28918457, -419.288818359, 202.768508911, 49.755355835, -262.831756592, 138.50440979, -232.820465088, 145.728805542, -126.060554504, 73.1676940918, -73.8468780518, 80.5791931152], [-324.534210205, -419.288818359, 708.648864746, -82.0689926147, 131.099411011, 39.6590118408, -38.1062850952, 49.1789360046, -39.4704017639, 43.8575973511, -2.413428545, -6.73030376434, -13.2020988464], [-185.072372437, 202.768508911, -82.0689926147, 364.588531494, -48.9570846558, 12.9087982178, 31.6356468201, -51.4215698242, 54.4752502441, -10.4521999359, 4.4648809433, -15.8023300171, 26.5625019073], [-426.206085205, 49.755355835, 131.099411011, -48.9570846558, 185.573959351, -8.5462064743, 57.2238769531, 1.21731305122, 19.7428855896, 16.8900604248, 15.9476423264, 6.78492164612, 6.34803295135], [568.52734375, -262.831756592, 39.6590118408, 12.9087982178, -8.5462064743, 180.835510254, 13.8260831833, 74.9054870605, -21.7020645142, 24.9105911255, -0.871256530285, 13.9245128632, -5.66138744354], [-250.535491943, 138.50440979, -38.1062850952, 31.6356468201, 57.2238769531, 13.8260831833, 128.036758423, 14.7568435669, 43.2576675415, -8.26196670532, 8.97958850861, 3.27592849731, 11.0190372467], [429.751495361, -232.820465088, 49.1789360046, -51.4215698242, 1.21731305122, 74.9054870605, 14.7568435669, 129.371047974, 11.6021366119, 42.6150474548, -4.65847826004, 15.2741603851, -10.6152591705], [-236.456130981, 145.728805542, -39.4704017639, 54.4752502441, 19.7428855896, -21.7020645142, 43.2576675415, 11.6021366119, 98.2674026489, 31.878452301, 25.5314826965, -6.85598993301, 10.7072439194], [226.80015564, -126.060554504, 43.8575973511, -10.4521999359, 16.8900604248, 24.9105911255, -8.26196670532, 42.6150474548, 31.878452301, 85.7500991821, 32.2037239075, 23.1976642609, -4.20575284958], [-137.558898926, 73.1676940918, -2.413428545, 4.4648809433, 15.9476423264, -0.871256530285, 8.97958850861, -4.65847826004, 25.5314826965, 32.2037239075, 70.5963592529, 29.5589771271, 17.2372169495], [229.816482544, -73.8468780518, -6.73030376434, -15.8023300171, 6.78492164612, 13.9245128632, 3.27592849731, 15.2741603851, -6.85598993301, 23.1976642609, 29.5589771271, 64.4148635864, 27.3301391602], [-88.1925811768, 80.5791931152, -13.2020988464, 26.5625019073, 6.34803295135, -5.66138744354, 11.0190372467, -10.6152591705, 10.7072439194, -4.20575284958, 17.2372169495, 27.3301391602, 61.3484191895]]}, "spectral_energyband_middle_low": {"dmean2": 0.0106754899025, "median": 0.0132284862921, "min": 2.9551408561e-22, "dvar2": 0.000187804093002, "dvar": 7.29708262952e-05, "dmean": 0.00652622617781, "max": 0.103364340961, "var": 0.000123769292259, "mean": 0.0156802032143}, "melbands_crest": {"dmean2": 7.26338291168, "median": 13.759349823, "min": 2.42435956001, "dvar2": 41.0418777466, "dvar": 15.7670936584, "dmean": 4.52877902985, "max": 34.0563240051, "var": 28.675863266, "mean": 14.7853975296}, "spectral_kurtosis": {"dmean2": 2.14456820488, "median": 3.3317425251, "min": -1.15952992439, "dvar2": 19.198923111, "dvar": 6.84785556793, "dmean": 1.28642475605, "max": 85.3917312622, "var": 31.6601104736, "mean": 4.08832979202}, "spectral_rms": {"dmean2": 0.00178663094994, "median": 0.00597561709583, "min": 3.23062887206e-12, "dvar2": 3.35174263455e-06, "dvar": 1.39797839438e-06, "dmean": 0.00115325755905, "max": 0.0130299609154, "var": 3.39196913046e-06, "mean": 0.00620090030134}, "zerocrossingrate": {"dmean2": 0.015419665724, "median": 0.06396484375, "min": 0.00439453125, "dvar2": 0.000213799867197, "dvar": 0.0001631519699, "dmean": 0.0123219098896, "max": 0.88720703125, "var": 0.00124906003475, "mean": 0.0667571797967}, "silence_rate_60dB": {"dmean2": 0.00439353520051, "median": 0, "min": 0, "dvar2": 0.00500174472108, "dvar": 0.00219227466732, "dmean": 0.00219659530558, "max": 1, "var": 0.0183962360024, "mean": 0.0187480393797}, "erbbands_kurtosis": {"dmean2": 0.851783454418, "median": -0.817908883095, "min": -1.80527925491, "dvar2": 1.82469832897, "dvar": 0.724037408829, "dmean": 0.530517458916, "max": 33.780796051, "var": 3.76288747787, "mean": -0.412694185972}, "erbbands": {"dmean2": [0.743359148502, 4.79157686234, 8.0263376236, 10.8481960297, 19.2248287201, 17.144569397, 16.4551086426, 23.6641807556, 25.3112049103, 31.5672187805, 36.8847694397, 21.6613464355, 20.8418254852, 12.3503351212, 24.6161289215, 21.6152267456, 15.7463064194, 12.2940826416, 15.1980867386, 23.804889679, 38.4056015015, 36.9249534607, 18.2413101196, 19.8551177979, 18.0715847015, 16.0284614563, 18.2542533875, 17.7231864929, 15.3997859955, 12.5698060989, 5.03736162186, 2.75120973587, 1.7556065321, 1.51179397106, 0.79389154911, 0.405592173338, 0.149434074759, 0.0523240566254, 0.0104922112077, 0.000842753390316], "median": [0.110665440559, 1.47051084042, 4.63589191437, 7.02714967728, 8.35987567902, 8.96179294586, 10.5032844543, 14.0302333832, 12.4178886414, 13.9900588989, 22.7451934814, 11.0639820099, 8.86504077911, 6.37361812592, 12.8591194153, 12.7518415451, 8.15536308289, 6.95224666595, 11.9831056595, 21.3344154358, 39.0267868042, 39.1435241699, 22.3642368317, 24.9774551392, 23.9342765808, 22.4708023071, 19.5132350922, 9.39667320251, 9.46788215637, 6.52073860168, 3.02242398262, 1.6756311655, 1.18481969833, 1.03438138962, 0.545494616032, 0.251374065876, 0.083989970386, 0.0211536213756, 0.00337306712754, 0.000284550595097], "min": [3.65222379035e-22, 3.47255106352e-21, 1.67043567085e-20, 1.45756009398e-20, 4.21580547876e-20, 9.13507443101e-20, 2.81256581862e-19, 1.50598738294e-19, 1.13495838846e-18, 2.32325483039e-18, 1.23430712273e-18, 6.63817559754e-19, 1.21003361105e-18, 1.52868436592e-18, 3.00589535027e-18, 9.35267145142e-18, 3.70563183226e-18, 4.21434418666e-18, 3.18707499458e-18, 5.21408501475e-18, 5.92629662115e-18, 9.77377752075e-18, 1.2969244883e-17, 1.9942671096e-17, 1.75179003181e-17, 1.33039478015e-17, 1.70788940603e-17, 2.24802726181e-17, 1.90476170054e-17, 1.53223727209e-17, 1.30320601516e-17, 1.48608787309e-17, 1.29388807371e-17, 1.68555023554e-17, 1.0698232919e-17, 5.62936897333e-18, 3.49272588234e-18, 1.36238001396e-18, 3.79413323016e-19, 3.56487055912e-20], "dvar2": [1.36102676392, 49.6072998047, 97.5302124023, 144.511047363, 1146.67858887, 710.141662598, 611.856750488, 3368.26586914, 3617.54614258, 8507.03222656, 3751.34448242, 2307.109375, 2597.62255859, 750.920349121, 1710.87341309, 1304.80578613, 1194.44836426, 620.602416992, 598.588562012, 1203.99121094, 2385.359375, 2467.12329102, 603.746948242, 503.16394043, 390.89855957, 308.256256104, 436.127166748, 629.960754395, 413.643341064, 321.732208252, 47.0018577576, 19.5021152496, 13.0373353958, 5.3227558136, 1.94750702381, 0.599142491817, 0.0834026187658, 0.0110152484849, 0.000480011862237, 4.11221799368e-06], "dvar": [0.534973084927, 18.4289131165, 34.5832443237, 55.3894691467, 419.038757324, 256.035552979, 249.898498535, 1515.25415039, 1564.60864258, 3633.96118164, 1480.85827637, 878.301452637, 999.38079834, 287.003051758, 673.572998047, 482.124786377, 458.420349121, 251.880325317, 243.349197388, 463.605743408, 944.243530273, 956.069519043, 234.336013794, 191.357711792, 165.920928955, 124.451820374, 170.87399292, 237.326782227, 161.843841553, 122.527320862, 21.4673347473, 9.28385162354, 5.67983579636, 2.28037238121, 0.871943831444, 0.260618716478, 0.0350824221969, 0.00477573927492, 0.000206180353416, 1.66592553796e-06], "dmean": [0.444965600967, 2.77984285355, 4.65268182755, 6.50511026382, 11.2802219391, 9.96930122375, 10.3176212311, 14.7591905594, 15.9900369644, 20.0264053345, 22.7295074463, 13.1909065247, 12.6829299927, 7.65118837357, 15.1009731293, 13.2370204926, 9.67648601532, 7.70102882385, 9.34267711639, 14.5584058762, 23.8287162781, 22.8376979828, 11.386054039, 12.2275352478, 11.3293104172, 10.1963500977, 11.3005819321, 10.4112844467, 9.13367843628, 7.45827245712, 3.1558163166, 1.78586065769, 1.12606441975, 0.954290032387, 0.508079707623, 0.262989640236, 0.0972386598587, 0.0341592133045, 0.00682002631947, 0.000543275440577], "max": [5.0891084671, 32.9634628296, 72.2510375977, 85.1966934204, 251.315826416, 186.395614624, 347.821807861, 1020.40161133, 1058.85888672, 1732.81591797, 684.237304688, 596.614807129, 850.087524414, 422.684936523, 558.944580078, 373.927886963, 571.709960938, 305.6875, 384.420013428, 444.677154541, 665.778381348, 1025.72900391, 413.193267822, 270.240539551, 461.595703125, 205.270339966, 184.291809082, 138.973602295, 167.543945312, 135.975006104, 67.0155181885, 70.4234848022, 132.811172485, 26.8873786926, 28.7238750458, 10.0642414093, 4.62622737885, 0.808517992496, 0.216737493873, 0.0330616831779], "var": [0.486165642738, 15.582326889, 40.1242408752, 88.5541000366, 388.817687988, 297.459869385, 551.519592285, 2072.23901367, 2368.04467773, 4532.93066406, 2086.70043945, 1411.79663086, 2157.72802734, 523.28704834, 1278.86254883, 1238.53967285, 1105.38049316, 586.074401855, 480.343811035, 906.307250977, 2088.81005859, 2140.28125, 696.270568848, 463.3800354, 414.973297119, 334.521179199, 312.159179688, 271.928192139, 225.74772644, 149.501785278, 41.0055732727, 18.8134078979, 9.43225002289, 3.61071324348, 1.27937209606, 0.389708161354, 0.0508588664234, 0.00608414551243, 0.000248787138844, 1.74102979145e-06], "mean": [0.404078125954, 2.89015626907, 6.48090934753, 9.86052703857, 14.4628143311, 14.2411594391, 18.5182228088, 24.2934780121, 26.2862758636, 29.6285743713, 35.9066238403, 21.5344181061, 20.8767719269, 13.5106315613, 25.0512142181, 24.6893634796, 18.5761871338, 14.6306114197, 18.1838912964, 29.6116466522, 50.5611419678, 50.121925354, 28.563287735, 29.0760478973, 27.0782184601, 25.3962955475, 23.1989803314, 15.1926279068, 14.6718912125, 10.9985084534, 5.26138544083, 3.05887699127, 1.9803955555, 1.57736325264, 0.841593205929, 0.444983124733, 0.158519431949, 0.0482038557529, 0.00896935816854, 0.000732364133]}, "spectral_strongpeak": {"dmean2": 0.607873499393, "median": 0.369463026524, "min": 0, "dvar2": 0.770976483822, "dvar": 0.30194529891, "dmean": 0.351347327232, "max": 12.3654537201, "var": 0.388115465641, "mean": 0.526803731918}, "spectral_energy": {"dmean2": 0.0261390805244, "median": 0.0366007015109, "min": 1.06978864725e-20, "dvar2": 0.000884250330273, "dvar": 0.000358918972779, "dmean": 0.0165432151407, "max": 0.174024373293, "var": 0.000580055930186, "mean": 0.0428890697658}, "average_loudness": 0.966693401337, "spectral_rolloff": {"dmean2": 1122.48242188, "median": 1098.19335938, "min": 64.599609375, "dvar2": 1647249.5, "dvar": 735960.0625, "dmean": 681.541320801, "max": 21640.8691406, "var": 1841272.625, "mean": 1443.20446777}, "spectral_centroid": {"dmean2": 436.578613281, "median": 1682.99121094, "min": 140.212921143, "dvar2": 156644.515625, "dvar": 73702.453125, "dmean": 291.038269043, "max": 10627.7880859, "var": 344369.40625, "mean": 1634.35656738}, "pitch_salience": {"dmean2": 0.166953995824, "median": 0.602401077747, "min": 0.11444234103, "dvar2": 0.0226366277784, "dvar": 0.00878494139761, "dmean": 0.102334834635, "max": 0.940331757069, "var": 0.0154039524496, "mean": 0.580764532089}, "spectral_energyband_middle_high": {"dmean2": 0.00220105540939, "median": 0.00467494362965, "min": 1.55991167885e-21, "dvar2": 6.37458242636e-06, "dvar": 2.70402301794e-06, "dmean": 0.00147223286331, "max": 0.0280210990459, "var": 1.64272787515e-05, "mean": 0.00559988059103}, "spectral_contrast_coeffs": {"dmean2": [0.0982101708651, 0.0807109624147, 0.060667514801, 0.0486685931683, 0.0316062420607, 0.0352473296225], "median": [-0.659804880619, -0.745194494724, -0.812019467354, -0.802973747253, -0.810559809208, -0.727093219757], "min": [-0.968364596367, -0.983320713043, -0.977636277676, -0.969406187534, -0.982189297676, -0.958791196346], "dvar2": [0.0062429215759, 0.00391476182267, 0.00225928681903, 0.00144670414738, 0.000649096036796, 0.000986326369457], "dvar": [0.00234366557561, 0.00154521397781, 0.000824780843686, 0.000552729936317, 0.00024371384643, 0.000419757765485], "dmean": [0.0600339472294, 0.0496069379151, 0.0362836271524, 0.0294055473059, 0.0189757496119, 0.022424640134], "max": [-0.365474313498, -0.411323666573, -0.440879553556, -0.546660482883, -0.568841099739, -0.556660711765], "var": [0.00508929230273, 0.00444887997583, 0.00228516664356, 0.00160042743664, 0.000892323674634, 0.00231398362666], "mean": [-0.655709087849, -0.739813268185, -0.805950701237, -0.798895895481, -0.806909739971, -0.723209857941]}, "melbands_skewness": {"dmean2": 1.63715362549, "median": 3.22072458267, "min": -1.25117182732, "dvar2": 3.41263532639, "dvar": 1.3873796463, "dmean": 1.04822731018, "max": 26.9892787933, "var": 3.15062570572, "mean": 3.51194953918}, "spectral_spread": {"dmean2": 834478.125, "median": 4790952, "min": 817895.3125, "dvar2": 672379568128, "dvar": 361949560832, "dmean": 556010.875, "max": 39338108, "var": 2228164493310.0, "mean": 4869708.5}, "dissonance": {"dmean2": 0.0179453790188, "median": 0.483611285686, "min": 0.226655080914, "dvar2": 0.000269234267762, "dvar": 0.000102913945739, "dmean": 0.0106902439147, "max": 0.500000119209, "var": 0.000385614606785, "mean": 0.479406625032}, "spectral_skewness": {"dmean2": 0.333785891533, "median": 1.27109479904, "min": 0.00713544152677, "dvar2": 0.146432951093, "dvar": 0.0554892793298, "dmean": 0.206389993429, "max": 7.00757360458, "var": 0.327014774084, "mean": 1.3261911869}, "spectral_flux": {"dmean2": 0.0506973825395, "median": 0.107772484422, "min": 1.03430590481e-10, "dvar2": 0.00229889363982, "dvar": 0.00112347805407, "dmean": 0.0332404635847, "max": 0.353399723768, "var": 0.00325790140778, "mean": 0.123089648783}, "spectral_contrast_valleys": {"dmean2": [0.636205852032, 0.566100716591, 0.488613277674, 0.393502056599, 0.323814362288, 0.513652563095], "median": [-6.39774036407, -6.15318012238, -6.93341970444, -7.15245246887, -6.46979999542, -9.43470287323], "min": [-27.0306377411, -27.2442264557, -27.0182857513, -27.290391922, -27.2474784851, -27.2562828064], "dvar2": [0.277077525854, 0.209452062845, 0.162804931402, 0.122695222497, 0.108649164438, 0.35630723834], "dvar": [0.113207742572, 0.0892531052232, 0.0777946263552, 0.060686159879, 0.0598516613245, 0.155844151974], "dmean": [0.389211893082, 0.345731854439, 0.312585651875, 0.253603130579, 0.222450375557, 0.342172533274], "max": [-5.0042591095, -3.96430373192, -5.24687051773, -5.5502820015, -5.56627655029, -7.78150701523], "var": [0.616030156612, 0.744007349014, 0.953989624977, 0.884976804256, 0.941273927689, 1.7933049202], "mean": [-6.51746845245, -6.28072977066, -7.03861951828, -7.26919746399, -6.68627882004, -9.74930858612]}, "erbbands_flatness_db": {"dmean2": 0.0207297485322, "median": 0.104506194592, "min": 0.0346679314971, "dvar2": 0.000382882950362, "dvar": 0.000176590008778, "dmean": 0.0139454407617, "max": 0.382707923651, "var": 0.00188468873966, "mean": 0.114273302257}, "spectral_energyband_high": {"dmean2": 0.00138879346196, "median": 0.00137854879722, "min": 7.93402078316e-21, "dvar2": 3.07512095787e-06, "dvar": 1.27339649225e-06, "dmean": 0.000882221153006, "max": 0.012071964331, "var": 2.30427735914e-06, "mean": 0.00181102007627}, "spectral_entropy": {"dmean2": 0.185647591949, "median": 7.93595314026, "min": 4.70580053329, "dvar2": 0.0370015725493, "dvar": 0.0164543297142, "dmean": 0.127430275083, "max": 9.79975605011, "var": 0.173082992435, "mean": 7.85125923157}, "silence_rate_20dB": {"dmean2": 0, "median": 1, "min": 1, "dvar2": 0, "dvar": 0, "dmean": 0, "max": 1, "var": 0, "mean": 1}, "melbands_flatness_db": {"dmean2": 0.0486581288278, "median": 0.175364464521, "min": 0.00759347807616, "dvar2": 0.00204908195883, "dvar": 0.000850800017361, "dmean": 0.031585868448, "max": 0.624268889427, "var": 0.00516649335623, "mean": 0.1898445189}, "barkbands": {"dmean2": [0.00151512515731, 0.0211206898093, 0.00710880104452, 0.00455128122121, 0.00528753129765, 0.002619050676, 0.00170387735125, 0.00204884936102, 0.000975627161097, 0.000518278568052, 0.000575040932745, 0.000529501994606, 0.000353441719199, 0.000261545646936, 0.000346148764947, 0.000708516337909, 0.000713353452738, 0.000352941162419, 0.000376604468329, 0.000354591291398, 0.000442946708063, 0.000431507651228, 0.000245940376772, 0.000105666593299, 0.000118245305202, 8.4691811935e-05, 7.04888734617e-05], "median": [0.000238618202275, 0.00585596915334, 0.00394714809954, 0.00223669363186, 0.00297858100384, 0.00169912911952, 0.00072893279139, 0.00109477131628, 0.000451446685474, 0.000240274035605, 0.000241460627876, 0.000300651881844, 0.000154955021571, 0.000141383119626, 0.000257268722635, 0.000646707019769, 0.000703456811607, 0.000390047760447, 0.000489530269988, 0.000484185351525, 0.000325394212268, 0.000255714228842, 0.000134715606691, 6.8553010351e-05, 8.49512434797e-05, 5.01958566019e-05, 2.2418647859e-05], "min": [5.14102797634e-23, 1.32439206805e-23, 1.32321137993e-23, 6.66834299489e-24, 2.48158506724e-23, 2.47842031506e-23, 1.13872816353e-22, 8.52298574864e-23, 3.18926208789e-23, 4.29889497865e-23, 6.31506946674e-23, 2.01272306386e-22, 5.494402952e-23, 9.09406550821e-23, 6.62456673668e-23, 8.79302230283e-23, 1.8274187537e-22, 2.51699741193e-22, 4.17390318677e-22, 2.63009406488e-22, 5.59672502717e-22, 5.04698515415e-22, 4.50353496379e-22, 7.46383030016e-22, 1.49064570289e-21, 1.76808502879e-21, 2.4738019636e-21], "dvar2": [5.38140602657e-06, 0.00098964816425, 7.39141614758e-05, 3.08402413793e-05, 7.92347564129e-05, 2.79536052403e-05, 2.07264674827e-05, 1.37230445034e-05, 4.71815428682e-06, 1.14686110919e-06, 1.14989154554e-06, 7.349374