{"tonal": {"thpcp": [1, 0.698306202888, 0.489673733711, 0.567492306232, 0.398346871138, 0.438679248095, 0.619702875614, 0.445542126894, 0.389333963394, 0.450143843889, 0.322278082371, 0.360367894173, 0.487163752317, 0.456192851067, 0.499122917652, 0.521403968334, 0.342505931854, 0.353355437517, 0.473136693239, 0.376105904579, 0.548653066158, 0.812733232975, 0.537395179272, 0.400912046432, 0.489214301109, 0.324539095163, 0.330463945866, 0.445775479078, 0.317312926054, 0.345996439457, 0.452001154423, 0.32755190134, 0.469111680984, 0.694809556007, 0.582444012165, 0.727946817875], "hpcp": {"dmean2": [0.143914625049, 0.122947588563, 0.123438768089, 0.142524465919, 0.133230313659, 0.115715704858, 0.123424701393, 0.123921431601, 0.158088594675, 0.203005611897, 0.211393356323, 0.223606914282, 0.226997584105, 0.208613008261, 0.190494969487, 0.189815014601, 0.150412067771, 0.13741633296, 0.142110705376, 0.119087420404, 0.110326714814, 0.113404341042, 0.115558676422, 0.13524736464, 0.165091395378, 0.148632898927, 0.161917433143, 0.163606598973, 0.13332799077, 0.124308846891, 0.140234202147, 0.11922980845, 0.131118610501, 0.161618441343, 0.145233720541, 0.138741314411], "median": [0.00811137165874, 0.0075168418698, 0.00766353029758, 0.00799235887825, 0.008545499295, 0.0093200802803, 0.00946787465364, 0.0103710088879, 0.0155080109835, 0.0208304040134, 0.0237815417349, 0.0298883281648, 0.0280969999731, 0.0214979257435, 0.0204884130508, 0.0136945527047, 0.0127658182755, 0.0145324273035, 0.0129713257775, 0.0126257417724, 0.00776477623731, 0.00604216801003, 0.00776833528653, 0.0113882729784, 0.0131768239662, 0.0123078692704, 0.0133455973119, 0.01193983946, 0.00920798908919, 0.00875859428197, 0.00951407663524, 0.0124634820968, 0.0275631733239, 0.0326371341944, 0.024646634236, 0.0135302497074], "min": [0, 0, 0, 0, 0, 0, 0, 0, 0, 0, 0, 0, 0, 0, 0, 0, 0, 0, 0, 0, 0, 0, 0, 0, 0, 0, 0, 0, 0, 0, 0, 0, 0, 0, 0, 0], "dvar2": [0.0826887562871, 0.0635075569153, 0.064870506525, 0.084003739059, 0.0782136023045, 0.0624048933387, 0.0658290609717, 0.0663403272629, 0.0856645181775, 0.113961927593, 0.117785051465, 0.127371579409, 0.125423818827, 0.1117541641, 0.107174903154, 0.105964176357, 0.0729392617941, 0.0663476884365, 0.0684656873345, 0.0557229593396, 0.0529433786869, 0.0564808249474, 0.0546752810478, 0.0670714750886, 0.0841692537069, 0.0766318142414, 0.0872374996543, 0.0875890180469, 0.0738117992878, 0.0635520592332, 0.0824842303991, 0.0611422508955, 0.0597121343017, 0.0834612101316, 0.0726513192058, 0.0749985128641], "dvar": [0.0333414413035, 0.0235001407564, 0.024919282645, 0.0343169234693, 0.0279818736017, 0.0229065380991, 0.0262188129127, 0.0238422378898, 0.0321478396654, 0.0459276549518, 0.0442785806954, 0.0468512251973, 0.0520690754056, 0.042419899255, 0.0403293818235, 0.0439853779972, 0.0276889130473, 0.0256149582565, 0.0306393187493, 0.0219557080418, 0.0214013978839, 0.0251079387963, 0.0206356458366, 0.0259340293705, 0.0354987233877, 0.0306544341147, 0.0328027680516, 0.036382522434, 0.0282677244395, 0.0244650430977, 0.0337560623884, 0.0238711796701, 0.0238783862442, 0.036962788552, 0.0275198053569, 0.0280576348305], "dmean": [0.0826390013099, 0.0699456557631, 0.0713813081384, 0.0822290703654, 0.0744081810117, 0.0655645728111, 0.0705134794116, 0.0700611025095, 0.0906859412789, 0.115623906255, 0.121069729328, 0.128580644727, 0.131905302405, 0.119268871844, 0.110220320523, 0.109832897782, 0.0866985917091, 0.0796127989888, 0.0839327946305, 0.0706282630563, 0.0646301284432, 0.0659608617425, 0.0669786930084, 0.0783201977611, 0.0957773700356, 0.0878568291664, 0.093590348959, 0.0957198217511, 0.0757285356522, 0.0725056007504, 0.0800981223583, 0.0688766762614, 0.0776951760054, 0.0946663841605, 0.0843624547124, 0.0786931365728], "max": [1, 1, 1, 1, 1, 1, 1, 1, 1, 1, 1, 1, 1, 1, 1, 1, 1, 1, 1, 1, 1, 1, 1, 1, 1, 1, 1, 1, 1, 1, 1, 1, 1, 1, 1, 1], "var": [0.0623382665217, 0.027051916346, 0.029770584777, 0.0545226819813, 0.0288407728076, 0.0320702418685, 0.0561865530908, 0.0270665939897, 0.0460738614202, 0.0871738865972, 0.0548693090677, 0.0688216164708, 0.126905232668, 0.0721601471305, 0.0461623817682, 0.0672352388501, 0.0327425338328, 0.038162894547, 0.0766511112452, 0.0385971590877, 0.0420411005616, 0.0594277605414, 0.0288469940424, 0.0335092358291, 0.0552434585989, 0.0495927333832, 0.0512365140021, 0.0605338662863, 0.0317983292043, 0.0300784632564, 0.060802936554, 0.0346374064684, 0.0493898876011, 0.0996782407165, 0.0489538572729, 0.0381314232945], "mean": [0.115542590618, 0.0766496136785, 0.0780489444733, 0.105283215642, 0.0749429389834, 0.0817174091935, 0.106753595173, 0.0773611813784, 0.110794760287, 0.164100065827, 0.137561574578, 0.171926423907, 0.236179918051, 0.164925903082, 0.115651100874, 0.134030282497, 0.0940815284848, 0.103607229888, 0.146361380816, 0.105228103697, 0.0919528603554, 0.10631493479, 0.0761156082153, 0.0851116627455, 0.115058295429, 0.10774359107, 0.117882810533, 0.123145140707, 0.0808930248022, 0.0834554582834, 0.111745387316, 0.0888286605477, 0.129580840468, 0.191951274872, 0.126921951771, 0.0946873724461]}, "tuning_equal_tempered_deviation": 0.01182620693, "chords_changes_rate": 0.0923943668604, "key_key": "C#", "tuning_diatonic_strength": 0.383281469345, "key_scale": "major", "chords_number_rate": 0.00413145544007, "tuning_frequency": 441.272583008, "tuning_nontempered_energy_ratio": 0.723879575729, "chords_histogram": [6.72300481796, 7.56807518005, 12.2629108429, 8.78873252869, 0.544600963593, 1.29577469826, 0.131455391645, 2.25352120399, 7.6807513237, 4.39436626434, 7.43661975861, 2.79812216759, 5.46478891373, 2.2910797596, 2.62910795212, 4.82629108429, 2.15962433815, 3.84976530075, 1.20187795162, 3.26760554314, 2.32863855362, 1.46478867531, 5.07042264938, 3.56807518005], "key_strength": 0.716458439827, "chords_key": "G#", "chords_strength": {"dmean2": 0.0101371975616, "median": 0.411880195141, "min": 0.153657257557, "dvar2": 0.000104293023469, "dvar": 8.2570782979e-05, "dmean": 0.0100806159899, "max": 0.727981686592, "var": 0.00989665742964, "mean": 0.418449729681}, "chords_scale": "major", "hpcp_entropy": {"dmean2": 0.883338212967, "median": 1.64774620533, "min": 0, "dvar2": 0.670456767082, "dvar": 0.254181355238, "dmean": 0.52689665556, "max": 4.18089580536, "var": 0.818652451038, "mean": 1.57745945454}}, "metadata": {"audio_properties": {"equal_loudness": 0, "codec": "flac", "downmix": "mix", "sample_rate": 44100, "analysis_sample_rate": 44100, "bit_rate": 0, "md5_encoded": "8a084f8215b5e2835f22769f1c59a58f", "length": 247.199996948, "replay_gain": -10.4116096497, "lossless": true}, "version": {"essentia_build_sha": "70f2e5ece6736b2c40cc944ad0e695b16b925413", "essentia": "2.1-beta2", "extractor": "music 1.0", "essentia_git_sha": "v2.1_beta2"}, "tags": {"title": ["Duet #1"], "barcode": ["608917008722"], "media": ["SACD"], "albumartist": ["Eric Vloeimans"], "tracktotal": ["13"], "language": ["eng"], "releasetype": ["album"], "musicbrainz_recordingid": ["02c21f1e-ed97-48f0-a91b-6d10f0f59d31"], "composer": ["Eric Vloeimans"], "musicbrainz_albumartistid": ["66d67bc9-a37c-4103-b3ca-a1c23a008d12"], "discnumber": ["1"], "totaldiscs": ["1"], "catalognumber": ["CHR70087"], "releasecountry": ["NL"], "file_name": "08. Duet I.flac", "originaldate": ["2000"], "albumartistsort": ["Vloeimans, Eric"], "date": ["2000"], "genre": ["Jazz"], "disctotal": ["1"], "musicbrainz_artistid": ["66d67bc9-a37c-4103-b3ca-a1c23a008d12"], "asin": ["B000050FRT"], "musicbrainz_albumid": ["27d73686-9c6c-47c0-987e-8f85e5f29a66"], "artist": ["Eric Vloeimans"], "tracknumber": ["8"], "artistsort": ["Vloeimans, Eric"], "album": ["Umai"], "label": ["Challenge Records"], "releasestatus": ["official"], "acoustid_id": ["903f66a6-ea5a-4342-92ab-9311e261ac28"], "script": ["Latn"], "totaltracks": ["13"]}}, "rhythm": {"bpm_histogram_first_peak_bpm": {"dmean2": 0, "median": 152, "min": 152, "dvar2": 0, "dvar": 0, "dmean": 0, "max": 152, "var": 0, "mean": 152}, "bpm": 152.080078125, "bpm_histogram_second_peak_spread": {"dmean2": 0, "median": 0.383561611176, "min": 0.383561611176, "dvar2": 0, "dvar": 0, "dmean": 0, "max": 0.383561611176, "var": 0, "mean": 0.383561611176}, "bpm_histogram_first_peak_weight": {"dmean2": 0, "median": 0.108527131379, "min": 0.108527131379, "dvar2": 0, "dvar": 0, "dmean": 0, "max": 0.108527131379, "var": 0, "mean": 0.108527131379}, "onset_rate": 2.99325084686, "beats_position": [0.719818592072, 1.4164172411, 2.11301589012, 2.80961441994, 3.50621318817, 4.20281171799, 4.91102027893, 5.61922883987, 6.33904743195, 7.07047605515, 7.77868461609, 8.47528362274, 9.17188167572, 9.86848068237, 10.5650787354, 11.261677742, 11.9814968109, 12.7013149261, 13.4095239639, 14.117732048, 14.8259410858, 15.545759201, 16.2539672852, 16.9737873077, 17.7052154541, 18.3321533203, 18.9474830627, 19.5279808044, 20.1084804535, 20.6889801025, 21.2694778442, 21.8499774933, 22.4072551727, 22.9645347595, 23.5218143463, 24.0790920258, 24.6363716125, 25.1936511993, 25.7509288788, 26.2965984344, 26.8422679901, 27.3995456696, 27.9452152252, 28.4908847809, 29.0481624603, 29.593832016, 30.1627197266, 30.7432193756, 31.3004989624, 31.8577766418, 32.4150543213, 32.9723358154, 33.5296134949, 34.0868911743, 34.6441726685, 35.2014503479, 35.7703399658, 36.3276176453, 36.8965072632, 37.4653968811, 38.0458946228, 38.6263923645, 39.0675735474, 39.4971427917, 39.9383201599, 40.3795013428, 40.8206787109, 41.2618598938, 41.703037262, 42.1442184448, 42.5621757507, 42.9801368713, 43.3980941772, 43.8160552979, 44.22240448, 44.6519737244, 45.0815429688, 45.5227203369, 45.9638977051, 46.3934669495, 46.8230361938, 47.2526054382, 47.6705665588, 48.0885238647, 48.5064849854, 48.9128341675, 49.3307914734, 49.748752594, 50.1783218384, 50.6194992065, 51.0374603271, 51.4438095093, 51.8617668152, 52.2681159973, 52.6860771179, 53.1040344238, 53.5219955444, 53.9399528503, 54.3579139709, 54.7874832153, 55.2054405212, 55.6350097656, 56.0529708862, 56.4709281921, 56.9004974365, 57.3300666809, 57.7480278015, 58.1543769836, 58.5607261658, 58.9670753479, 59.37342453, 59.7681617737, 60.1745109558, 60.5808601379, 60.9872093201, 61.3935585022, 61.8115196228, 62.2178688049, 62.6358261108, 63.0653953552, 63.5065765381, 63.9361457825, 64.3657150269, 64.7836685181, 65.2132415771, 65.6428070068, 66.0607681274, 66.478729248, 66.8734664917, 67.2682037354, 67.6629486084, 68.0576858521, 68.4524230957, 68.8471679688, 69.2419052124, 69.6366424561, 70.0313796997, 70.4261245728, 70.8092498779, 71.1923828125, 71.5987319946, 71.9934692383, 72.3998184204, 72.7945556641, 73.1892929077, 73.5956420898, 74.001991272, 74.396736145, 74.8030853271, 75.1978225708, 75.6041717529, 75.9989089966, 76.3936462402, 76.7883911133, 77.1947402954, 77.6126937866, 78.0190429688, 78.4370040894, 78.9130172729, 79.3890228271, 79.8766403198, 80.433921814, 80.9795913696, 81.5252609253, 82.08253479, 82.6514282227, 83.2087097168, 83.7311553955, 84.2652130127, 84.7992706299, 85.3333282471, 85.8673934937, 86.4130630493, 86.9471206665, 87.4927902222, 88.0384597778, 88.5841217041, 89.1181869507, 89.6522445679, 90.1863021851, 90.7087478638, 91.2312011719, 91.7536468506, 92.2761001587, 92.8101577759, 93.3558273315, 93.8434448242, 94.3310623169, 94.8186798096, 95.2946929932, 95.7823104858, 96.2699279785, 96.7227172852, 97.1638946533, 97.61668396, 98.0694732666, 98.5106582642, 98.9402236938, 99.3581848145, 99.7877502441, 100.217323303, 100.658500671, 101.08807373, 101.51763916, 101.947212219, 102.376777649, 102.79473877, 103.21269989, 103.630653381, 104.048614502, 104.478187561, 104.907752991, 105.360542297, 105.824943542, 106.254508972, 106.660858154, 107.067207336, 107.485168457, 107.891517639, 108.297866821, 108.692604065, 109.087341309, 109.482086182, 109.888435364, 110.25995636, 110.643081665, 111.0262146, 111.397727966, 111.780860901, 112.152381897, 112.535507202, 112.907028198, 113.266937256, 113.626846313, 113.986755371, 114.358276367, 114.718185425, 115.10131073, 115.472831726, 115.844352722, 116.239089966, 116.633827209, 117.028572083, 117.400085449, 117.771606445, 118.131515503, 118.491424561, 118.897773743, 119.292518616, 119.698867798, 120.10521698, 120.511566162, 120.917915344, 121.324264526, 121.71900177, 122.113739014, 122.508476257, 122.90322113, 123.297958374, 123.681083679, 124.064216614, 124.447341919, 124.818862915, 125.20199585, 125.573509216, 125.945030212, 126.328163147, 126.711288452, 127.094421387, 127.477546692, 127.860679626, 128.243804932, 128.626937866, 129.010070801, 129.393188477, 129.776321411, 130.171066284, 130.554199219, 130.937316895, 131.343673706, 131.750015259, 132.133148193, 132.504669189, 132.876190186, 133.25932312, 133.654052734, 134.048797607, 134.420318604, 134.7918396, 135.163360596, 135.534866333, 135.906387329, 136.289520264, 136.788757324, 137.287979126, 137.798812866, 138.298049927, 138.808883667, 139.319732666, 139.830566406, 140.353012085, 140.875457764, 141.397918701, 141.92036438, 142.454421997, 142.965255737, 143.476104736, 143.986938477, 144.497772217, 145.008621216, 145.519454956, 146.041900635, 146.575958252, 147.098403931, 147.620864868, 148.143310547, 148.654144287, 149.153381348, 149.652603149, 150.15184021, 150.651062012, 151.161895752, 151.661132812, 152.171966553, 152.682815552, 153.182037354, 153.681274414, 154.180496216, 154.679718018, 155.190567017, 155.713012695, 156.189025879, 156.641815186, 157.106216431, 157.547393799, 158.000183105, 158.464584351, 158.917373657, 159.346939087, 159.788116455, 160.194458008, 160.554367065, 160.914276123, 161.285797119, 161.680541992, 162.063674927, 162.446792603, 162.829925537, 163.189834595, 163.561355591, 163.90965271, 164.281173706, 164.641082764, 165.01260376, 165.395736694, 165.790466309, 166.185211182, 166.684448242, 167.183670044, 167.671295166, 168.170516968, 168.669754028, 169.16897583, 169.67980957, 170.190658569, 170.689880371, 171.189117432, 171.699951172, 172.210784912, 172.710021973, 173.197631836, 173.685256958, 174.17288208, 174.672103882, 175.182937622, 175.682174683, 176.181396484, 176.680633545, 177.179855347, 177.679092407, 178.178314209, 178.67755127, 179.165161133, 179.652786255, 180.163619995, 180.662857056, 181.162078857, 181.649703979, 182.137313843, 182.624938965, 183.112564087, 183.588562012, 184.064575195, 184.552200317, 185.016601562, 185.504211426, 185.968612671, 186.456237793, 186.943847656, 187.431472778, 187.907485962, 188.383483887, 188.871109009, 189.358734131, 189.846343994, 190.357177734, 190.868026733, 191.378860474, 191.889694214, 192.400543213, 192.899765015, 193.399002075, 193.898223877, 194.397460938, 194.768981934, 195.140487671, 195.535232544, 195.90675354, 196.289886475, 196.684616089, 197.067749023, 197.43927002, 197.810791016, 198.182312012, 198.553833008, 198.925354004, 199.296859741, 199.668380737, 200.039901733, 200.399810791, 200.74810791, 201.108016968, 201.467926025, 201.827835083, 202.176147461, 202.52444458, 202.872741699, 203.221038818, 203.569335938, 203.952468872, 204.335601807, 204.718719482, 205.101852417, 205.49659729, 205.879730225, 206.2628479, 206.669204712, 207.063934326, 207.470291138, 207.865036011, 208.259765625, 208.654510498, 209.049255371, 209.443984985, 209.838729858, 210.233459473, 210.639816284, 211.034561157, 211.44090271, 211.847259521, 212.253601074, 212.659957886, 213.0546875, 213.449432373, 213.855773926, 214.23890686, 214.633651733, 215.016769409, 215.399902344, 215.794647217, 216.189376831, 216.572509766, 216.9556427, 217.338775635, 217.733505249, 218.116638184, 218.511383057, 218.917724609, 219.324081421, 219.742034912, 220.287704468, 220.833374023, 221.367431641, 221.889877319, 222.412338257, 222.934783936, 223.468841553, 224.00289917, 224.641448975, 225.279998779, 225.918548584, 226.54548645, 227.172424316, 227.810974121, 228.437911987, 229.064849854, 229.703399658, 230.492874146, 231.270736694, 232.06022644, 232.826477051, 233.604354858, 234.382217407, 235.183303833, 235.996002197, 236.878356934, 237.760726929, 238.643081665, 239.525436401, 240.407791138, 241.278549194, 242.149291992, 242.961990356, 243.786300659, 244.610610962, 245.434921265, 246.247619629], "beats_loudness": {"dmean2": 0.0111711658537, "median": 0.00422749295831, "min": 1.51548519511e-07, "dvar2": 0.000219962152187, "dvar": 8.02295544418e-05, "dmean": 0.00639520166442, "max": 0.0668105632067, "var": 0.000256229104707, "mean": 0.0118918344378}, "danceability": 0.937471449375, "bpm_histogram_second_peak_weight": {"dmean2": 0, "median": 0.0872092992067, "min": 0.0872092992067, "dvar2": 0, "dvar": 0, "dmean": 0, "max": 0.0872092992067, "var": 0, "mean": 0.0872092992067}, "beats_count": 517, "bpm_histogram_second_peak_bpm": {"dmean2": 0, "median": 157, "min": 157, "dvar2": 0, "dvar": 0, "dmean": 0, "max": 157, "var": 0, "mean": 157}, "bpm_histogram_first_peak_spread": {"dmean2": 0, "median": 0.445544540882, "min": 0.445544540882, "dvar2": 0, "dvar": 0, "dmean": 0, "max": 0.445544540882, "var": 0, "mean": 0.445544540882}, "beats_loudness_band_ratio": {"dmean2": [0.263184279203, 0.236017599702, 0.238912478089, 0.271097481251, 0.11989479512, 0.0267508216202], "median": [0.0620815195143, 0.093021966517, 0.210008263588, 0.266347497702, 0.0245071332902, 0.000688952568453], "min": [7.23974808352e-05, 1.27547900775e-05, 2.58165182458e-05, 0.000436259433627, 4.95105414302e-05, 1.21286529975e-05], "dvar2": [0.0968230590224, 0.0666893497109, 0.0559806860983, 0.0700498446822, 0.0321498885751, 0.00298384740017], "dvar": [0.0451373048127, 0.0258955396712, 0.0234845876694, 0.0301649551839, 0.0133338607848, 0.00110358081292], "dmean": [0.153176471591, 0.136657387018, 0.139255970716, 0.155914306641, 0.0681566819549, 0.0149681800976], "max": [0.992055416107, 0.95565444231, 0.989627957344, 0.99034422636, 0.961627721786, 0.223177760839], "var": [0.0940998122096, 0.0397374331951, 0.054856441915, 0.0577640235424, 0.020260181278, 0.00159866386093], "mean": [0.221202120185, 0.173303484917, 0.260449975729, 0.278665065765, 0.0925189852715, 0.0164118818939]}}, "lowlevel": {"barkbands_spread": {"dmean2": 3.09338855743, "median": 6.89196014404, "min": 0.137631937861, "dvar2": 28.5256900787, "dvar": 11.9267940521, "dmean": 1.98245942593, "max": 154.148452759, "var": 74.8389892578, "mean": 8.57181835175}, "melbands_spread": {"dmean2": 4.57172346115, "median": 10.92258358, "min": 0.380960822105, "dvar2": 77.5303497314, "dvar": 30.7121219635, "dmean": 2.98592996597, "max": 256.029724121, "var": 114.586250305, "mean": 13.3702497482}, "hfc": {"dmean2": 3.81331419945, "median": 1.11092877388, "min": 1.08281517086e-09, "dvar2": 146.296401978, "dvar": 75.387046814, "dmean": 2.67774891853, "max": 152.148651123, "var": 385.597686768, "mean": 9.1802482605}, "barkbands_kurtosis": {"dmean2": 8.28192138672, "median": 1.15935087204, "min": -1.96046936512, "dvar2": 583.340820312, "dvar": 252.733062744, "dmean": 5.1703209877, "max": 563.075256348, "var": 664.20715332, "mean": 7.80826568604}, "gfcc": {"mean": [-244.532775879, 148.91166687, -130.987731934, -21.4941272736, -39.6106262207, -4.18755531311, -27.226600647, -4.35419654846, -14.4538440704, -5.00079298019, -9.00566673279, -5.19307899475, -6.79674816132], "icov": [[0.000312695920002, -0.000488027522806, 0.000777089269832, -0.000834326143377, 0.000667658401653, -0.000522764632478, 0.000714713882189, -0.000708706618752, 0.000836298568174, -0.000267510826234, 0.000303341163089, -0.000153891378432, 0.000308841699734], [-0.000488027522806, 0.00190862023737, -0.00167522183619, 0.00193945353385, -0.00196161377244, 0.00192935077939, -0.0015320207458, 0.00230546388775, -0.00203722342849, 0.00185252889059, -0.00184986763634, 0.00175370497163, -0.000941910897382], [0.000777089269832, -0.00167522183619, 0.00246065692045, -0.00241380790249, 0.0020045156125, -0.00185570598114, 0.00192656205036, -0.001986077521, 0.00226500234567, -0.0017765648663, 0.00230020587333, -0.00165591971017, 0.00125809968449], [-0.000834326143377, 0.00193945353385, -0.00241380790249, 0.00396210001782, -0.0024344609119, 0.00144557945896, -0.00168414786458, 0.00168021570425, -0.00203429511748, 0.00204847753048, -0.00160799187142, 0.00237137754448, -0.00158875121269], [0.000667658401653, -0.00196161377244, 0.0020045156125, -0.0024344609119, 0.00569573184475, -0.00302642188035, 0.000854151323438, -0.00107399455737, 0.000785253185313, -0.00194744521286, 0.00142059463542, -0.00152787938714, 0.00116537755821], [-0.000522764632478, 0.00192935077939, -0.00185570598114, 0.00144557945896, -0.00302642188035, 0.00684322835878, -0.00345754320733, 0.00194749783259, 0.000117463889183, -0.000375218893168, 8.35183345771e-06, -0.000758373178542, 0.000100932498754], [0.000714713882189, -0.0015320207458, 0.00192656205036, -0.00168414786458, 0.000854151323438, -0.00345754320733, 0.00994693674147, -0.00577749405056, -0.000268495990895, 0.00332247465849, -0.00256163696758, 0.00176325987559, 0.00103750184644], [-0.000708706618752, 0.00230546388775, -0.001986077521, 0.00168021570425, -0.00107399455737, 0.00194749783259, -0.00577749405056, 0.0124251637608, -0.00570165552199, -0.000146145772305, 0.00321480934508, -0.00255103805102, 0.00130812288262], [0.000836298568174, -0.00203722342849, 0.00226500234567, -0.00203429511748, 0.000785253185313, 0.000117463889183, -0.000268495990895, -0.00570165552199, 0.0163540262729, -0.00694949552417, -0.000103506114101, 0.00325663457625, -0.00104175962042], [-0.000267510826234, 0.00185252889059, -0.0017765648663, 0.00204847753048, -0.00194744521286, -0.000375218893168, 0.00332247465849, -0.000146145772305, -0.00694949552417, 0.0151714012027, -0.00838126987219, 0.00218240381218, 1.77792680915e-05], [0.000303341163089, -0.00184986763634, 0.00230020587333, -0.00160799187142, 0.00142059463542, 8.35183345771e-06, -0.00256163696758, 0.00321480934508, -0.000103506114101, -0.00838126987219, 0.0189714711159, -0.0117407655343, 0.00605827989057], [-0.000153891378432, 0.00175370497163, -0.00165591971017, 0.00237137754448, -0.00152787938714, -0.000758373178542, 0.00176325987559, -0.00255103805102, 0.00325663457625, 0.00218240381218, -0.0117407655343, 0.0203012209386, -0.0110486038029], [0.000308841699734, -0.000941910897382, 0.00125809968449, -0.00158875121269, 0.00116537755821, 0.000100932498754, 0.00103750184644, 0.00130812288262, -0.00104175962042, 1.77792680915e-05, 0.00605827989057, -0.0110486038029, 0.0149146467447]], "cov": [[23588.7148438, -1226.20227051, -7066.80810547, 1368.27429199, -596.25177002, -448.064819336, -123.541305542, -37.8032684326, -373.574493408, -615.326782227, -1.76793193817, -446.10168457, -117.614044189], [-1226.20227051, 2986.15039062, 462.322662354, -673.461914062, 319.238708496, -420.046783447, 86.7528152466, -306.735961914, 176.06842041, -56.416519165, 127.795600891, -172.40272522, -65.2528686523], [-7066.80810547, 462.322662354, 4052.83959961, 339.830230713, 29.0270824432, 305.013000488, -139.688491821, 55.2665252686, -56.5203933716, 126.170623779, -216.793304443, 126.200622559, 47.8489952087], [1368.27429199, -673.461914062, 339.830230713, 966.507385254, -3.21894192696, 145.684173584, -0.444052875042, 91.595123291, -72.9072418213, -78.6967544556, -132.066543579, -54.487033844, 2.97063684464], [-596.25177002, 319.238708496, 29.0270824432, -3.21894192696, 368.102630615, 78.9149169922, 76.6206970215, -14.8656425476, 60.8378181458, 38.3615493774, 40.3968734741, -10.6401205063, -23.6935272217], [-448.064819336, -420.046783447, 305.013000488, 145.684173584, 78.9149169922, 333.885314941, 51.0426063538, 60.3603553772, -34.8408660889, 31.6743793488, -21.9567241669, 51.8824195862, 0.151649534702], [-123.541305542, 86.7528152466, -139.688491821, -0.444052875042, 76.6206970215, 51.0426063538, 235.110305786, 81.1544418335, 59.2522010803, -27.0122795105, 14.4343833923, -45.165271759, -45.1824645996], [-37.8032684326, -306.735961914, 55.2665252686, 91.595123291, -14.8656425476, 60.3603553772, 81.1544418335, 187.762252808, 38.18309021, 11.2393789291, -37.9330635071, -1.18817770481, -17.6722049713], [-373.574493408, 176.06842041, -56.5203933716, -72.9072418213, 60.8378181458, -34.8408660889, 59.2522010803, 38.18309021, 143.163482666, 59.1587600708, 34.55078125, -34.6480064392, -25.9042129517], [-615.326782227, -56.416519165, 126.170623779, -78.6967544556, 38.3615493774, 31.6743793488, -27.0122795105, 11.2393789291, 59.1587600708, 159.938034058, 70.4790344238, 36.093547821, -10.1147680283], [-1.76793193817, 127.795600891, -216.793304443, -132.066543579, 40.3968734741, -21.9567241669, 14.4343833923, -37.9330635071, 34.55078125, 70.4790344238, 152.817993164, 53.5665740967, -8.42185783386], [-446.10168457, -172.40272522, 126.200622559, -54.487033844, -10.6401205063, 51.8824195862, -45.165271759, -1.18817770481, -34.6480064392, 36.093547821, 53.5665740967, 157.481506348, 78.0653305054], [-117.614044189, -65.2528686523, 47.8489952087, 2.97063684464, -23.6935272217, 0.151649534702, -45.1824645996, -17.6722049713, -25.9042129517, -10.1147680283, -8.42185783386, 78.0653305054, 127.639778137]]}, "spectral_energyband_middle_low": {"dmean2": 0.00167402462102, "median": 0.000709991087206, "min": 7.93753357262e-16, "dvar2": 1.36095741254e-05, "dvar": 6.76445688441e-06, "dmean": 0.0011733592255, "max": 0.0519675537944, "var": 3.59316654794e-05, "mean": 0.00342013943009}, "melbands_crest": {"dmean2": 4.89440774918, "median": 14.4753837585, "min": 2.79446125031, "dvar2": 24.1741542816, "dvar": 9.17799663544, "dmean": 3.0083117485, "max": 38.6862640381, "var": 30.8948154449, "mean": 15.1728696823}, "spectral_kurtosis": {"dmean2": 19.2676105499, "median": 25.3093070984, "min": -1.17388367653, "dvar2": 409.442993164, "dvar": 156.770599365, "dmean": 11.4327964783, "max": 172.290206909, "var": 520.698120117, "mean": 30.627325058}, "spectral_rms": {"dmean2": 0.000485636264784, "median": 0.00133926083799, "min": 8.91164564365e-09, "dvar2": 6.1142316099e-07, "dvar": 3.27301137304e-07, "dmean": 0.000351342547219, "max": 0.00903215445578, "var": 3.89960860048e-06, "mean": 0.00206729723141}, "zerocrossingrate": {"dmean2": 0.00520556606352, "median": 0.02978515625, "min": 0.0029296875, "dvar2": 0.000115606133477, "dvar": 7.7253091149e-05, "dmean": 0.00422718469054, "max": 0.5986328125, "var": 0.000631302187685, "mean": 0.0333478935063}, "silence_rate_60dB": {"dmean2": 0.0924290791154, "median": 1, "min": 0, "dvar2": 0.0940318107605, "dvar": 0.044075820595, "dmean": 0.0462101995945, "max": 1, "var": 0.245984405279, "mean": 0.563298285007}, "erbbands_kurtosis": {"dmean2": 3.84733438492, "median": 0.420474290848, "min": -1.72156274319, "dvar2": 111.087181091, "dvar": 47.046836853, "dmean": 2.43801045418, "max": 179.333480835, "var": 97.2110290527, "mean": 3.25581026077}, "erbbands": {"dmean2": [0.00157178030349, 0.0362068265676, 0.296493709087, 1.01867187023, 1.09967255592, 2.42063069344, 2.62731313705, 2.93957424164, 5.54601287842, 5.54397535324, 7.26385068893, 6.94754505157, 14.0127134323, 13.8482627869, 14.8650846481, 14.2950525284, 14.6810359955, 12.1290340424, 13.9558258057, 9.91352462769, 6.9596452713, 9.3716173172, 6.37719774246, 5.7303404808, 3.05351114273, 2.23193907738, 1.20559811592, 0.843981146812, 0.563486278057, 0.414389163256, 0.237733498216, 0.188327237964, 0.166678383946, 0.0860389247537, 0.0405793935061, 0.0166632030159, 0.00527884718031, 0.000732608954422, 4.63339129055e-05, 6.4457717599e-06], "median": [0.000163210235769, 0.00299192173406, 0.0166134871542, 0.0349757857621, 0.0312959291041, 0.0628507435322, 0.159269198775, 0.448201864958, 0.589959383011, 0.657249093056, 1.08014345169, 0.576521992683, 1.61754465103, 1.67447531223, 1.01503014565, 1.78324365616, 1.21142053604, 0.73152923584, 0.69299942255, 0.32901763916, 0.224426627159, 0.143453970551, 0.0700765997171, 0.0303834974766, 0.0161078758538, 0.00770554877818, 0.00326010352001, 0.00184665154666, 0.00104157871101, 0.000524375354871, 0.00030803293339, 0.000193740677787, 0.000112708032248, 6.87556021148e-05, 3.75620693376e-05, 1.88245903701e-05, 9.29316411202e-06, 3.54449502993e-06, 2.07797916119e-06, 2.37305721384e-06], "min": [2.54103107913e-15, 1.42012908662e-14, 4.80984270967e-14, 1.17346372419e-13, 2.38192115771e-13, 4.28142086671e-13, 7.05040680785e-13, 1.09040304997e-12, 1.60887188988e-12, 2.28907517941e-12, 3.16570250916e-12, 4.27858443119e-12, 5.67045282257e-12, 7.3824835134e-12, 9.44746104264e-12, 1.18874450214e-11, 1.4732676884e-11, 1.80942396483e-11, 2.23512111597e-11, 2.85118872956e-11, 3.87313549288e-11, 5.66432213633e-11, 8.65509955372e-11, 1.29874624943e-10, 1.78144970997e-10, 2.07078007519e-10, 1.85466766944e-10, 1.10638817552e-10, 3.98398328216e-11, 3.51030281232e-11, 5.03773793514e-11, 2.50456651946e-11, 6.90052737173e-11, 1.35000607915e-10, 6.80187434154e-11, 6.67464070125e-11, 3.28505556091e-11, 2.50161068076e-12, 7.48255732548e-13, 3.69702749317e-13], "dvar2": [2.26851007028e-05, 0.0124954488128, 0.705885648727, 13.0894937515, 13.0754814148, 88.780128479, 75.4308166504, 65.0253448486, 367.116119385, 266.019073486, 567.194458008, 828.202026367, 3884.35644531, 4472.84033203, 5476.76855469, 8486.37792969, 5139.02880859, 3737.16259766, 5842.60449219, 2390.24438477, 993.879699707, 2642.4375, 1257.99584961, 718.6171875, 201.84223938, 104.721572876, 32.4930534363, 16.5992298126, 7.09634065628, 4.09134149551, 1.37293982506, 0.967692136765, 0.843413829803, 0.247162520885, 0.0708465576172, 0.0139274960384, 0.00167700811289, 3.11648364004e-05, 9.28095431618e-08, 6.63195165451e-10], "dvar": [1.35570981001e-05, 0.00564120570198, 0.287855893373, 5.39665126801, 5.35532331467, 41.7235298157, 30.3330802917, 28.7309741974, 163.267089844, 116.746627808, 311.225128174, 455.331817627, 1872.5916748, 2078.94555664, 2803.79174805, 4695.80810547, 2582.55883789, 1872.34753418, 2710.45751953, 1213.6697998, 460.507507324, 1360.30639648, 660.308044434, 383.287994385, 106.465141296, 56.7105407715, 17.0261707306, 9.35239601135, 3.91718101501, 2.18355488777, 0.770602405071, 0.54992890358, 0.500201225281, 0.137017399073, 0.0397405028343, 0.00835746526718, 0.000974312366452, 1.92293246073e-05, 5.34334887448e-08, 4.04457689562e-10], "dmean": [0.00115062168334, 0.0238875132054, 0.183928459883, 0.657335877419, 0.697823643684, 1.5847594738, 1.65262913704, 1.9113907814, 3.59234952927, 3.66281223297, 5.12577962875, 5.17122936249, 9.69750976562, 9.40797424316, 10.8090057373, 10.5336494446, 10.425204277, 8.25640964508, 9.1400604248, 6.90804100037, 4.6023850441, 6.10156774521, 4.37196016312, 3.91020798683, 2.10266757011, 1.56095993519, 0.852116286755, 0.579849123955, 0.392185509205, 0.291610687971, 0.16701246798, 0.134132027626, 0.119690187275, 0.061812710017, 0.0299656428397, 0.0125491842628, 0.0039880592376, 0.000559981679544, 3.30938200932e-05, 4.74204807688e-06], "max": [0.166925281286, 2.83863425255, 18.3169898987, 57.7574195862, 55.6932411194, 186.864562988, 161.366287231, 213.623336792, 357.059967041, 327.324981689, 702.430175781, 623.853515625, 1958.71386719, 1168.21264648, 2505.62280273, 3837.60888672, 1403.49987793, 1329.42651367, 1856.88781738, 1092.23376465, 953.399841309, 815.990844727, 740.569519043, 762.807983398, 299.416503906, 190.548614502, 135.291152954, 74.2172088623, 48.1273345947, 61.1734809875, 30.7584972382, 23.9545536041, 28.6425666809, 13.1028327942, 7.86779785156, 5.72549819946, 2.02158522606, 0.295855134726, 0.0147114759311, 0.00118070060853], "var": [6.50833026157e-05, 0.0184383783489, 1.02943658829, 16.6587181091, 15.1191196442, 125.652610779, 84.1235656738, 88.4555282593, 489.359283447, 439.006439209, 1068.22888184, 1710.08544922, 5420.86865234, 5978.99755859, 23491.2402344, 13418.4628906, 8608.78417969, 6254.00683594, 8054.34570312, 5305.65673828, 2874.81542969, 3491.7734375, 2547.42993164, 2430.57080078, 366.484588623, 304.54586792, 66.9938812256, 35.7543334961, 16.1591739655, 12.8327178955, 5.09432458878, 2.81295800209, 2.10180926323, 0.50074493885, 0.127078413963, 0.0257573258132, 0.00249712076038, 5.45703151147e-05, 1.89422593166e-07, 1.34438404853e-09], "mean": [0.00216726330109, 0.041562102735, 0.303417354822, 1.14283955097, 1.25195729733, 2.78668451309, 3.15152454376, 3.84131860733, 8.23686695099, 8.85460853577, 11.4020462036, 12.609910965, 21.5248622894, 22.5397453308, 34.934173584, 27.8918952942, 27.1204452515, 21.4075260162, 21.7709274292, 19.5973472595, 13.2582626343, 13.2727270126, 11.1303005219, 11.8094539642, 4.99093580246, 4.28915166855, 2.066177845, 1.42633569241, 0.94925737381, 0.786471962929, 0.472253680229, 0.35575440526, 0.292148798704, 0.139202594757, 0.0625177398324, 0.0247320514172, 0.00695723760873, 0.000993347144686, 6.57760174363e-05, 1.36418393595e-05]}, "spectral_strongpeak": {"dmean2": 0.63634198904, "median": 0.365400254726, "min": 0, "dvar2": 1.77438008785, "dvar": 0.804992675781, "dmean": 0.404538840055, "max": 14.0071697235, "var": 3.09254074097, "mean": 1.10966026783}, "spectral_energy": {"dmean2": 0.00336609850638, "median": 0.00183846021537, "min": 8.14028681159e-14, "dvar2": 5.87312133575e-05, "dvar": 2.87554994429e-05, "dmean": 0.00236283079721, "max": 0.0836193040013, "var": 0.000181609124411, "mean": 0.0083776358515}, "average_loudness": 0.03540873155, "spectral_rolloff": {"dmean2": 265.061889648, "median": 925.927734375, "min": 43.06640625, "dvar2": 552215.0625, "dvar": 247258.28125, "dmean": 159.870635986, "max": 22050, "var": 1350075.75, "mean": 1107.5645752}, "spectral_centroid": {"dmean2": 152.004058838, "median": 701.057739258, "min": 109.999084473, "dvar2": 62516.8828125, "dvar": 33669.4179688, "dmean": 104.088478088, "max": 10941.4873047, "var": 350102.46875, "mean": 849.927856445}, "pitch_salience": {"dmean2": 0.118502318859, "median": 0.579621851444, "min": 0.0492989607155, "dvar2": 0.0153807420284, "dvar": 0.00584766175598, "dmean": 0.073795132339, "max": 0.991967439651, "var": 0.0252374000847, "mean": 0.570051848888}, "spectral_energyband_middle_high": {"dmean2": 0.0019901546184, "median": 0.000379449746106, "min": 1.03567785722e-14, "dvar2": 4.00662065658e-05, "dvar": 1.94987860596e-05, "dmean": 0.0013764979085, "max": 0.0762079507113, "var": 8.74999386724e-05, "mean": 0.00439816573635}, "spectral_contrast_coeffs": {"dmean2": [0.0771009474993, 0.068665780127, 0.0583223886788, 0.0476054400206, 0.0348840877414, 0.0265513658524], "median": [-0.7089189291, -0.690795123577, -0.706521213055, -0.744596362114, -0.781229734421, -0.825227558613], "min": [-0.999192416668, -0.996603488922, -0.990548789501, -0.969720602036, -0.978671252728, -0.962640225887], "dvar2": [0.0037080491893, 0.00321620516479, 0.00280016218312, 0.00198830012232, 0.00128105725162, 0.000676896481309], "dvar": [0.00138170376886, 0.00137776089832, 0.00134636112489, 0.00106907729059, 0.000665181491058, 0.000329637725372], "dmean": [0.0466789752245, 0.0430284589529, 0.0380877070129, 0.0315099544823, 0.0235198009759, 0.0171221029013], "max": [-0.310616970062, -0.343755036592, -0.346417784691, -0.428303271532, -0.496872067451, -0.58141130209], "var": [0.0115085486323, 0.0141901532188, 0.0146810570732, 0.0141212064773, 0.00993150472641, 0.00503837876022], "mean": [-0.686606824398, -0.686398386955, -0.705010592937, -0.728991746902, -0.773370742798, -0.809264659882]}, "melbands_skewness": {"dmean2": 0.893793106079, "median": 0.865823507309, "min": -5.76145505905, "dvar2": 1.36728727818, "dvar": 0.543638050556, "dmean": 0.570244014263, "max": 17.5478019714, "var": 2.68231701851, "mean": 1.16943919659}, "spectral_spread": {"dmean2": 734423.3125, "median": 1724545.125, "min": 516861.8125, "dvar2": 1678903738370.0, "dvar": 742747209728, "dmean": 450000.90625, "max": 39800816, "var": 2748176138240.0, "mean": 2260664.5}, "dissonance": {"dmean2": 0.0751254409552, "median": 0.418568968773, "min": 0.116936832666, "dvar2": 0.00472273305058, "dvar": 0.0017136571696, "dmean": 0.0440597943962, "max": 0.500000059605, "var": 0.00406643329188, "mean": 0.406985998154}, "spectral_skewness": {"dmean2": 1.31138074398, "median": 3.67110896111, "min": -0.303663849831, "dvar2": 1.63860487938, "dvar": 0.621746182442, "dmean": 0.779356837273, "max": 10.8297472, "var": 2.6567401886, "mean": 3.77803635597}, "spectral_flux": {"dmean2": 0.0194193888456, "median": 0.0139885339886, "min": 2.95359968732e-05, "dvar2": 0.001070520957, "dvar": 0.000419417629018, "dmean": 0.0120260827243, "max": 0.276986449957, "var": 0.00109046243597, "mean": 0.0272536221892}, "spectral_contrast_valleys": {"dmean2": [0.77289968729, 0.656887888908, 0.611168861389, 0.579413533211, 0.521573185921, 0.478764981031], "median": [-9.55248641968, -8.75260829926, -9.44893264771, -10.0785369873, -11.0268440247, -14.0684547424], "min": [-27.830789566, -27.1628990173, -27.0674476624, -27.2277774811, -27.2531147003, -27.2181682587], "dvar2": [0.389159619808, 0.332507133484, 0.324961930513, 0.33578518033, 0.379293233156, 0.406323075294], "dvar": [0.165152996778, 0.161193355918, 0.157602638006, 0.16669178009, 0.187965646386, 0.191989257932], "dmean": [0.476721227169, 0.41938456893, 0.397817641497, 0.375998079777, 0.341248571873, 0.30731344223], "max": [-5.7622628212, -5.20186042786, -5.7086596489, -6.02590703964, -6.05536651611, -8.49141025543], "var": [1.65673351288, 2.45275592804, 2.38654518127, 2.40670967102, 2.38453102112, 1.44375181198], "mean": [-9.5124835968, -8.73557281494, -9.38873577118, -10.082901001, -10.8749904633, -13.6816387177]}, "erbbands_flatness_db": {"dmean2": 0.034596350044, "median": 0.299256831408, "min": 0.0228938572109, "dvar2": 0.00169231777545, "dvar": 0.000733213615604, "dmean": 0.022738378495, "max": 0.522176861763, "var": 0.00588427344337, "mean": 0.292943269014}, "spectral_energyband_high": {"dmean2": 8.04946539574e-05, "median": 2.19976612925e-07, "min": 4.84427629304e-14, "dvar2": 1.47762236224e-07, "dvar": 8.55783852671e-08, "dmean": 5.80483356316e-05, "max": 0.00806228537112, "var": 4.21181709953e-07, "mean": 0.000159278119099}, "spectral_entropy": {"dmean2": 0.379403293133, "median": 6.05282115936, "min": 3.89458799362, "dvar2": 0.197116717696, "dvar": 0.0853707268834, "dmean": 0.248394981027, "max": 9.81227493286, "var": 0.442167252302, "mean": 6.12747192383}, "silence_rate_20dB": {"dmean2": 0, "median": 1, "min": 1, "dvar2": 0, "dvar": 0, "dmean": 0, "max": 1, "var": 0, "mean": 1}, "melbands_flatness_db": {"dmean2": 0.0453498363495, "median": 0.350552916527, "min": 0.0168139431626, "dvar2": 0.00262623280287, "dvar": 0.00116914161481, "dmean": 0.0299521852285, "max": 0.686733067036, "var": 0.00846646353602, "mean": 0.342816650867}, "barkbands": {"dmean2": [1.23882739445e-06, 0.000122608573292, 0.000371481146431, 0.000385715131415, 0.000551132368855, 0.000345695007127, 0.000358842225978, 0.000387476989999, 0.000341148930602, 0.000462986208731, 0.000404526334023, 0.000363899744116, 0.000327411602484, 0.000303778331727, 0.000235425963183, 0.000132523884531, 0.000162374039064, 0.000104045233456, 9.76120427367e-05, 4.96494249091e-05, 2.47148291237e-05, 1.48992285176e-05, 1.00858433143e-05, 9.39423171076e-06, 6.63969285597e-06, 3.09661936626e-06, 3.17875162636e-07], "median": [9.94153879219e-08, 9.39218261919e-06, 1.60858908202e-05, 1.02448775579e-05, 1.85791395779e-05, 3.82925936719e-05, 2.66613387794e-05, 2.2551683287e-05, 1.00504721559e-05, 3.50249174517e-05, 4.9618902267e-06, 1.60301169672e-05, 8.56963379192e-06, 8.17139152787e-06, 3.30894886247e-06, 2.8884742278e-06, 1.87015405118e-06, 6.56540805721e-07, 3.48708397269e-07, 1.62774597356e-07, 5.36969650966e-08, 2.6841656009e-08, 1.09895701428e-08, 7.64570806666e-09, 5.29287369488e-09, 4.22006740664e-09, 7.64722685176e-09], "min": [4.64438157321e-17, 6.97935957947e-17, 4.67487409757e-17, 4.7031686376e-17, 1.19122650591e-16, 1.22259756225e-16, 1.26292175684e-16, 1.30895693873e-16, 1.91609506755e-16, 2.01333802332e-16, 2.10354173824e-16, 2.81534984594e-16, 3.24686363407e-16, 3.71779912967e-16, 4.72284713203e-16, 6.38613184923e-16, 9.60313439554e-16, 1.73792091947e-15, 3.10063228958e-15, 4.3921174003e-15, 3.70564335984e-15, 1.00975803494e-15, 1.68727713719e-15, 2.43944959414e-15, 1.08526240363e-14, 1.55664293033e-14, 1.4805031387e-14], "dvar2": [9.702927697