{"tonal": {"thpcp": [1, 0.68423885107, 0.430279880762, 0.47492569685, 0.6952278018, 0.878320157528, 0.775786459446, 0.560060024261, 0.399557650089, 0.314814448357, 0.318709611893, 0.463174760342, 0.617722868919, 0.604453623295, 0.571756660938, 0.490588992834, 0.337653338909, 0.269707113504, 0.291037589312, 0.377200692892, 0.536000132561, 0.567738652229, 0.372430950403, 0.251720577478, 0.276710480452, 0.265937328339, 0.529546141624, 0.838257730007, 0.568052828312, 0.262517035007, 0.23863786459, 0.251008659601, 0.292655318975, 0.413498550653, 0.54948669672, 0.833083987236], "hpcp": {"dmean2": [0.270400732756, 0.319071739912, 0.306378960609, 0.30770984292, 0.264143943787, 0.22444717586, 0.186926081777, 0.194628641009, 0.232790887356, 0.26701977849, 0.257372349501, 0.217643752694, 0.197803422809, 0.163087770343, 0.130370482802, 0.150273382664, 0.170117616653, 0.207657188177, 0.21452459693, 0.162578165531, 0.125213131309, 0.138347864151, 0.138796404004, 0.232549145818, 0.375102937222, 0.257430821657, 0.135992929339, 0.133421942592, 0.143930897117, 0.160193547606, 0.202785775065, 0.254050850868, 0.291068762541, 0.312525480986, 0.301182717085, 0.257175803185], "median": [0.0144104287028, 0.0201550126076, 0.0350819379091, 0.0441603809595, 0.0266820751131, 0.0137033220381, 0.00999242532998, 0.0114499563351, 0.0238965135068, 0.0316785424948, 0.0307754650712, 0.0199762899429, 0.0162669420242, 0.0146102495492, 0.0125916767865, 0.0130391810089, 0.0175538994372, 0.0347206443548, 0.0383581891656, 0.0218557193875, 0.0101183047518, 0.0106240157038, 0.0117457052693, 0.0266433060169, 0.0306169446558, 0.0260813236237, 0.0107452627271, 0.00873982906342, 0.00906427204609, 0.0109116481617, 0.0116017255932, 0.0201726965606, 0.0609707757831, 0.0776917338371, 0.0522482693195, 0.0174184180796], "min": [0, 0, 0, 0, 0, 0, 0, 0, 0, 0, 0, 0, 0, 0, 0, 0, 0, 0, 0, 0, 0, 0, 0, 0, 0, 0, 0, 0, 0, 0, 0, 0, 0, 0, 0, 0], "dvar2": [0.166765153408, 0.206102728844, 0.181800842285, 0.173532932997, 0.151712551713, 0.142927408218, 0.117911584675, 0.131079986691, 0.130749642849, 0.156655341387, 0.147053658962, 0.128474131227, 0.1206118837, 0.0937636122108, 0.0678191930056, 0.0822087153792, 0.0912539437413, 0.102755896747, 0.112505540252, 0.0773115456104, 0.0599158145487, 0.0778904631734, 0.0747945010662, 0.0848859772086, 0.230705454946, 0.110628411174, 0.0751311928034, 0.0778257772326, 0.0822752267122, 0.0888726785779, 0.119528524578, 0.152381688356, 0.145938187838, 0.153478547931, 0.162730097771, 0.163802981377], "dvar": [0.0610208287835, 0.073756814003, 0.0700365751982, 0.0628070682287, 0.0560115538538, 0.0514889732003, 0.0424917526543, 0.0472236759961, 0.0487064681947, 0.0587967447937, 0.0529191605747, 0.0473838113248, 0.0451845452189, 0.0342818945646, 0.025492971763, 0.0303074754775, 0.0344689562917, 0.038189727813, 0.0426453463733, 0.029126053676, 0.021834589541, 0.0280418992043, 0.0268907397985, 0.0356376953423, 0.0998221933842, 0.0439330600202, 0.0288457181305, 0.0282542742789, 0.029059369117, 0.0312096327543, 0.0441506616771, 0.0552972145379, 0.0546790547669, 0.0624081008136, 0.0589761920273, 0.0581159591675], "dmean": [0.146230772138, 0.175937384367, 0.171437516809, 0.172409936786, 0.147555187345, 0.123733624816, 0.101998351514, 0.105996377766, 0.129548460245, 0.149936705828, 0.142748609185, 0.119459815323, 0.110951267183, 0.091518163681, 0.0736506655812, 0.0841130390763, 0.0948904752731, 0.118557780981, 0.123094402254, 0.0931702107191, 0.0701800584793, 0.0770842805505, 0.0768320411444, 0.129566669464, 0.204215809703, 0.142984077334, 0.0762857422233, 0.0738766938448, 0.0788673982024, 0.0886484608054, 0.113052368164, 0.141498699784, 0.166886270046, 0.179317265749, 0.168744251132, 0.139639928937], "max": [1, 1, 1, 1, 1, 1, 1, 1, 1, 1, 1, 1, 1, 1, 1, 1, 1, 1, 1, 1, 1, 1, 1, 1, 1, 1, 1, 1, 1, 1, 1, 1, 1, 1, 1, 1], "var": [0.0511597655714, 0.0814836248755, 0.107095755637, 0.0794897675514, 0.0583209246397, 0.0429477132857, 0.03148984164, 0.0338561087847, 0.042163901031, 0.0655932426453, 0.0590851791203, 0.0706003382802, 0.0589250214398, 0.0302047226578, 0.0227441266179, 0.025346999988, 0.0338640734553, 0.0450755320489, 0.0514688938856, 0.0290033835918, 0.0195222645998, 0.0257082879543, 0.0213608965278, 0.0389931611717, 0.108481884003, 0.0455321110785, 0.0247570145875, 0.0222840830684, 0.0226874351501, 0.0244906228036, 0.0441334173083, 0.060669131577, 0.0792077705264, 0.105101592839, 0.0587628930807, 0.0439666323364], "mean": [0.114744827151, 0.167971104383, 0.21220728755, 0.187434539199, 0.135313779116, 0.0965354666114, 0.0760610103607, 0.0770021080971, 0.111905731261, 0.149245455861, 0.146039530635, 0.138139754534, 0.118529170752, 0.0815790221095, 0.0651628151536, 0.0703163817525, 0.0911338925362, 0.129500761628, 0.137168973684, 0.0899814963341, 0.0608171671629, 0.0668548718095, 0.0642520114779, 0.127941444516, 0.202527970076, 0.137244880199, 0.0634256526828, 0.0576563030481, 0.0606451593339, 0.0707072392106, 0.099903665483, 0.132759198546, 0.201277956367, 0.241605848074, 0.165316104889, 0.103958137333]}, "tuning_equal_tempered_deviation": 0.0772088095546, "chords_changes_rate": 0.0655042380095, "key_key": "G#", "tuning_diatonic_strength": 0.70905905962, "key_scale": "major", "chords_number_rate": 0.00306314788759, "tuning_frequency": 434.193115234, "tuning_nontempered_energy_ratio": 0.767335057259, "chords_histogram": [51.2016983032, 0.989632427692, 4.6182847023, 2.0263903141, 1.2959471941, 1.36663520336, 12.8887844086, 1.8143260479, 0.306314796209, 0, 1.5551366806, 0, 0.400565505028, 0, 4.38265800476, 0.212064087391, 0, 0.636192262173, 0, 4.00565481186, 0, 2.35626769066, 1.67295002937, 8.27049922943], "key_strength": 0.630789637566, "chords_key": "G#", "chords_strength": {"dmean2": 0.013972341083, "median": 0.530975937843, "min": -1, "dvar2": 0.000986317289062, "dvar": 0.000556093174964, "dmean": 0.0117776179686, "max": 0.797853291035, "var": 0.101529806852, "mean": 0.476263433695}, "chords_scale": "major", "hpcp_entropy": {"dmean2": 1.13439154625, "median": 2.16216611862, "min": 0, "dvar2": 0.925139009953, "dvar": 0.336894840002, "dmean": 0.668769478798, "max": 4.49201583862, "var": 0.732120454311, "mean": 2.14249134064}}, "metadata": {"audio_properties": {"equal_loudness": 0, "codec": "mp3", "downmix": "mix", "sample_rate": 44100, "analysis_sample_rate": 44100, "bit_rate": 192000, "md5_encoded": "1128d4de126b05a39125d95b6112b56f", "length": 197.041625977, "replay_gain": -10.059879303, "lossless": false}, "version": {"essentia_build_sha": "70f2e5ece6736b2c40cc944ad0e695b16b925413", "essentia": "2.1-beta2", "extractor": "music 1.0", "essentia_git_sha": "v2.1_beta2"}, "tags": {"title": ["Sin Carne (radio mix)"], "media": ["12\" Vinyl"], "albumartist": ["Sole"], "musicbrainz_recordingid": ["02c53790-743c-4d53-9ac9-fc6ced0e00e9"], "musicbrainz_albumartistid": ["7bc3a2d0-7eed-4b42-ae96-7d68c644454d"], "album": ["New Single"], "catalognumber": ["abr0047"], "musicbrainz album release country": ["US"], "musicbrainz album type": ["single"], "musicbrainz album status": ["official"], "date": ["2005-01-24"], "file_name": "01 - Sin Carne (radio mix).mp3", "musicbrainz_releasegroupid": ["5ca35b0c-b110-4497-9491-51349624f9fb"], "script": ["Latn"], "originaldate": ["2005"], "musicbrainz_albumid": ["e11cba68-8031-480c-892a-01079ed9ccdd"], "artist": ["Sole"], "artistsort": ["Sole"], "tracknumber": ["1/6"], "label": ["Anticon"], "albumartistsort": ["Sole"], "acoustid_id": ["65a5c831-da61-4dec-8b0d-408ff4f6c716"], "musicbrainz_artistid": ["7bc3a2d0-7eed-4b42-ae96-7d68c644454d"]}}, "rhythm": {"bpm_histogram_first_peak_bpm": {"dmean2": 0, "median": 82, "min": 82, "dvar2": 0, "dvar": 0, "dmean": 0, "max": 82, "var": 0, "mean": 82}, "bpm": 82.0256118774, "bpm_histogram_second_peak_spread": {"dmean2": 0, "median": 0.478260874748, "min": 0.478260874748, "dvar2": 0, "dvar": 0, "dmean": 0, "max": 0.478260874748, "var": 0, "mean": 0.478260874748}, "bpm_histogram_first_peak_weight": {"dmean2": 0, "median": 0.735714316368, "min": 0.735714316368, "dvar2": 0, "dvar": 0, "dmean": 0, "max": 0.735714316368, "var": 0, "mean": 0.735714316368}, "onset_rate": 3.44064354897, "beats_position": [0.510838985443, 1.04489791393, 1.5673469305, 2.08979582787, 2.60063481331, 3.09986400604, 3.59909296036, 4.09832191467, 4.62077093124, 5.13160991669, 5.65405893326, 6.18811798096, 6.72217655182, 7.26784563065, 7.79029464722, 8.31274318695, 8.83519268036, 9.34603118896, 9.86848068237, 10.379319191, 10.8901586533, 11.4009971619, 11.9118366241, 12.4226751328, 12.933514595, 13.4443531036, 13.9551925659, 14.4660310745, 15.0813598633, 15.696688652, 16.3700675964, 17.0434455872, 17.7168254852, 18.390203476, 19.0403633118, 19.7021312714, 20.3755092621, 21.0721092224, 21.7803173065, 22.5465755463, 23.312833786, 24.0674819946, 24.8221302032, 25.5651702881, 26.3082084656, 27.0512466431, 27.7710647583, 28.4908847809, 29.2223129272, 29.9537410736, 30.68516922, 31.4165973663, 32.1480255127, 32.8794555664, 33.6108856201, 34.3423118591, 35.0737419128, 35.8051681519, 36.5365982056, 37.2680282593, 37.9994544983, 38.7424926758, 39.462310791, 40.1937408447, 40.91355896, 41.6565971375, 42.3880271912, 43.1194534302, 43.8508834839, 44.6055335999, 45.3253517151, 46.0451698303, 46.7649879456, 47.508026123, 48.2394561768, 48.9708824158, 49.7139205933, 50.4569587708, 51.1767807007, 51.8965988159, 52.6164169312, 53.3478431702, 54.0792732239, 54.8223114014, 55.5537414551, 56.2967796326, 57.0165977478, 57.7480278015, 58.4678459167, 59.2108840942, 59.9423103333, 60.673740387, 61.4051704407, 62.1365966797, 62.8680267334, 63.5994529724, 64.3657150269, 65.1087493896, 65.8285675049, 66.5483856201, 67.2682037354, 67.98802948, 68.7194519043, 69.4624938965, 70.1939239502, 70.9253463745, 71.6567764282, 72.3882064819, 73.1196365356, 73.8394546509, 74.5708847046, 75.3023147583, 76.0337371826, 76.7651672363, 77.49659729, 78.2280273438, 78.947845459, 79.6908798218, 80.4223098755, 81.1537399292, 81.8851699829, 82.6282043457, 83.3480224609, 84.0794525146, 84.8108825684, 85.5423126221, 86.2737426758, 87.0051651001, 87.7482070923, 88.4912490845, 89.1878433228, 89.8844451904, 90.5810394287, 91.2892532349, 91.9974594116, 92.7521057129, 93.5067520142, 94.2614059448, 95.0160522461, 95.7590942383, 96.5021286011, 97.2451705933, 97.9649887085, 98.6964187622, 99.4278411865, 100.170883179, 100.890701294, 101.622131348, 102.353561401, 103.096595764, 103.816413879, 104.547843933, 105.279273987, 106.02230835, 106.742126465, 107.46194458, 108.204986572, 108.948028564, 109.66784668, 110.399269104, 111.119087219, 111.862129211, 112.593559265, 113.324989319, 114.056411743, 114.799453735, 115.530883789, 116.250701904, 116.982131958, 117.725166321, 118.444984436, 119.164802551, 119.896232605, 120.639274597, 121.370697021, 122.090522766, 122.833557129, 123.576599121, 124.308021545, 125.039451599, 125.770881653, 126.502311707, 127.23374176, 127.965164185, 128.696594238, 129.416412354, 130.147842407, 130.879272461, 131.610702515, 132.353744507, 133.073562622, 133.816589355, 134.536407471, 135.279449463, 135.999267578, 136.730697632, 137.462127686, 138.205169678, 138.924987793, 139.656417847, 140.3878479, 141.119277954, 141.850692749, 142.582122803, 143.313552856, 144.04498291, 144.776412964, 145.507843018, 146.227661133, 146.959091187, 147.69052124, 148.421951294, 149.153381348, 149.884811401, 150.627838135, 151.359268188, 152.090698242, 152.833740234, 153.55355835, 154.273376465, 155.004806519, 155.736236572, 156.467666626, 157.19909668, 157.930511475, 158.661941528, 159.381759644, 160.113189697, 160.833007812, 161.564437866, 162.29586792, 163.038909912, 163.770339966, 164.513381958, 165.244796753, 165.976226807, 166.70765686, 167.439086914, 168.170516968, 168.901947021, 169.633377075, 170.364807129, 171.096237183, 171.827667236, 172.55909729, 173.290512085, 174.021942139, 174.753372192, 175.484802246, 176.2162323, 176.947662354, 177.679092407, 178.410522461, 179.165161133, 179.884979248, 180.604797363, 181.336227417, 182.079269409, 182.810699463, 183.530517578, 184.261947632, 184.888885498, 185.515823364, 186.154373169, 186.804534912, 187.396636963, 187.988754272, 188.592468262, 189.196182251, 189.799911499, 190.380401611, 190.949295044, 191.518188477, 192.08706665, 192.655960083, 193.248062134, 193.840179443, 194.432281494, 195.012786865, 195.593276978, 196.185394287], "beats_loudness": {"dmean2": 0.114337436855, "median": 0.0611274205148, "min": 0, "dvar2": 0.00864563602954, "dvar": 0.00274554197676, "dmean": 0.0582532733679, "max": 0.27235814929, "var": 0.00352803664282, "mean": 0.0711964070797}, "danceability": 1.03635752201, "bpm_histogram_second_peak_weight": {"dmean2": 0, "median": 0.0428571440279, "min": 0.0428571440279, "dvar2": 0, "dvar": 0, "dmean": 0, "max": 0.0428571440279, "var": 0, "mean": 0.0428571440279}, "beats_count": 281, "bpm_histogram_second_peak_bpm": {"dmean2": 0, "median": 117, "min": 117, "dvar2": 0, "dvar": 0, "dmean": 0, "max": 117, "var": 0, "mean": 117}, "bpm_histogram_first_peak_spread": {"dmean2": 0, "median": 0.0803571939468, "min": 0.0803571939468, "dvar2": 0, "dvar": 0, "dmean": 0, "max": 0.0803571939468, "var": 0, "mean": 0.0803571939468}, "beats_loudness_band_ratio": {"dmean2": [0.788770437241, 0.122732333839, 0.201954632998, 0.16711910069, 0.308381766081, 0.227767601609], "median": [0.532228171825, 0.0442534014583, 0.0631497949362, 0.0616022832692, 0.051218573004, 0.0248338598758], "min": [0, 0, 0, 0, 0, 0], "dvar2": [0.212396606803, 0.0125810531899, 0.0506154708564, 0.023151287809, 0.041802033782, 0.037693079561], "dvar": [0.0640858188272, 0.00442415941507, 0.018356198445, 0.00871021393687, 0.0144491707906, 0.0125357666984], "dmean": [0.408980429173, 0.0673134848475, 0.112798400223, 0.0908062309027, 0.160081624985, 0.115371391177], "max": [0.989470005035, 0.40932226181, 0.864590764046, 0.551615476608, 0.718492269516, 0.772393405437], "var": [0.103837698698, 0.00513453269377, 0.0186136905104, 0.00952611956745, 0.0177218653262, 0.0104663800448], "mean": [0.529429018497, 0.0664143338799, 0.111092992127, 0.0861838012934, 0.117236100137, 0.0719700530171]}}, "lowlevel": {"barkbands_spread": {"dmean2": 11.8692417145, "median": 20.520149231, "min": 0.308174282312, "dvar2": 190.869018555, "dvar": 81.6980285645, "dmean": 7.46779251099, "max": 109.832557678, "var": 228.739242554, "mean": 22.9752178192}, "melbands_spread": {"dmean2": 13.958984375, "median": 16.6094341278, "min": 0.240102350712, "dvar2": 322.884277344, "dvar": 136.820465088, "dmean": 8.85739994049, "max": 247.287704468, "var": 953.670410156, "mean": 27.2846641541}, "hfc": {"dmean2": 9.00327014923, "median": 15.5757923126, "min": 1.05238735029e-16, "dvar2": 182.906478882, "dvar": 100.917182922, "dmean": 6.66950893402, "max": 146.090682983, "var": 412.992736816, "mean": 20.791431427}, "barkbands_kurtosis": {"dmean2": 18.1481361389, "median": 3.22103595734, "min": -1.8971465826, "dvar2": 6378.78662109, "dvar": 1999.06005859, "dmean": 10.7737140656, "max": 1446.49377441, "var": 2159.13671875, "mean": 13.1298351288}, "gfcc": {"mean": [-42.8461036682, 63.6803703308, -90.9781417847, 32.2940635681, -34.565826416, 23.6094913483, -26.9467506409, 19.221906662, -18.7794837952, 10.8207416534, -18.3589572906, 7.43243074417, -16.503610611], "icov": [[0.000105934537714, -0.000153454515385, 0.000267103430815, -0.000495179963764, 0.000461898511276, -0.000508764293045, 0.000362597580533, -0.000378397264285, 0.000326431909343, -0.000251045363257, 9.83028003247e-05, 1.6966372641e-05, 0.000183588315849], [-0.000153454515385, 0.00119235669263, -0.000182041869266, 0.000643218460027, -0.000258787971688, 0.000582901935559, -0.000283278757706, -4.11882720073e-05, -0.000568659743294, 0.000617373036221, -0.000785100273788, 0.000482497765915, -0.000783528957982], [0.000267103430815, -0.000182041869266, 0.00291262660176, -0.00226617255248, 0.000632060924545, -0.000618279504124, -0.00025836774148, 0.000166244717548, 0.000177811074536, -0.000336929631885, -0.0016467893729, 0.00235235970467, -0.0008876377251], [-0.000495179963764, 0.000643218460027, -0.00226617255248, 0.00534561974928, -0.00341256614774, 0.00257640401833, -0.000844367779791, 0.00034435413545, -0.00119694601744, 0.000395522016333, 0.00191933487076, -0.00329227023758, 0.000916414253879], [0.000461898511276, -0.000258787971688, 0.000632060924545, -0.00341256614774, 0.00807537138462, -0.00466103339568, 0.00110342900734, 0.000455500005046, 9.97206952889e-05, -0.000714489840902, -0.000702573393937, 0.00274847797118, -0.00187575560994], [-0.000508764293045, 0.000582901935559, -0.000618279504124, 0.00257640401833, -0.00466103339568, 0.00717845745385, -0.00356385600753, 0.000993652502075, 0.000155528905452, 0.000271319935564, -0.000160375013365, -0.00022255332442, 0.00067868368933], [0.000362597580533, -0.000283278757706, -0.00025836774148, -0.000844367779791, 0.00110342900734, -0.00356385600753, 0.00901941303164, -0.00685095414519, 0.0025062460918, 0.0014846122358, -0.00262524187565, 0.00218859594315, -0.00189280463383], [-0.000378397264285, -4.11882720073e-05, 0.000166244717548, 0.00034435413545, 0.000455500005046, 0.000993652502075, -0.00685095414519, 0.0169604886323, -0.00651273829862, -0.00238205329515, 0.00434919493273, -0.00440700771287, 0.00221189693548], [0.000326431909343, -0.000568659743294, 0.000177811074536, -0.00119694601744, 9.97206952889e-05, 0.000155528905452, 0.0025062460918, -0.00651273829862, 0.0111799659207, -0.00212189834565, -0.00319492537528, 0.00359057076275, -0.00271832104772], [-0.000251045363257, 0.000617373036221, -0.000336929631885, 0.000395522016333, -0.000714489840902, 0.000271319935564, 0.0014846122358, -0.00238205329515, -0.00212189834565, 0.0133648915216, -0.00544348126277, 0.00136089976877, 0.00196855608374], [9.83028003247e-05, -0.000785100273788, -0.0016467893729, 0.00191933487076, -0.000702573393937, -0.000160375013365, -0.00262524187565, 0.00434919493273, -0.00319492537528, -0.00544348126277, 0.0186015721411, -0.0115945572034, 0.00209078518674], [1.6966372641e-05, 0.000482497765915, 0.00235235970467, -0.00329227023758, 0.00274847797118, -0.00022255332442, 0.00218859594315, -0.00440700771287, 0.00359057076275, 0.00136089976877, -0.0115945572034, 0.0238802935928, -0.0124393124133], [0.000183588315849, -0.000783528957982, -0.0008876377251, 0.000916414253879, -0.00187575560994, 0.00067868368933, -0.00189280463383, 0.00221189693548, -0.00271832104772, 0.00196855608374, 0.00209078518674, -0.0124393124133, 0.02310815081]], "cov": [[65842.8203125, 2982.02954102, -4748.44238281, 2023.05322266, -1911.09594727, 1321.39135742, -1327.43505859, 1074.81933594, -1072.56335449, 650.984985352, -1066.89086914, 258.303955078, -1036.2208252], [2982.02954102, 1188.10705566, -223.702835083, -43.9026489258, -146.112075806, -9.07060527802, -28.7811584473, 79.9638214111, 25.8304347992, 14.1496763229, 17.7246341705, 30.3525447845, 4.70485591888], [-4748.44238281, -223.702835083, 939.832702637, 144.699478149, 241.915847778, -56.1599349976, 150.895721436, -69.7972793579, 112.492118835, -20.4697284698, 110.77091217, -37.0695877075, 85.8296585083], [2023.05322266, -43.9026489258, 144.699478149, 514.436279297, 79.0102996826, 4.13686466217, -33.1744728088, 42.3032035828, 5.2271156311, 30.0279846191, -33.409866333, 31.4458961487, -14.8716058731], [-1911.09594727, -146.112075806, 241.915847778, 79.0102996826, 323.797180176, 121.167266846, 81.4203720093, -39.4484825134, 32.0992660522, -11.1874504089, 30.3302497864, -30.7412147522, 34.9947471619], [1321.39135742, -9.07060527802, -56.1599349976, 4.13686466217, 121.167266846, 354.599639893, 101.887962341, 30.246679306, -50.5425071716, 8.97618675232, -15.1900377274, -22.8144035339, -25.8725376129], [-1327.43505859, -28.7811584473, 150.895721436, -33.1744728088, 81.4203720093, 101.887962341, 252.294631958, 52.4104690552, 20.8506450653, -19.6710090637, 41.4930229187, -3.79752016068, 34.2778015137], [1074.81933594, 79.9638214111, -69.7972793579, 42.3032035828, -39.4484825134, 30.246679306, 52.4104690552, 130.18711853, 37.0237617493, 29.5891857147, -10.7769412994, 16.2018814087, -10.914182663], [-1072.56335449, 25.8304347992, 112.492118835, 5.2271156311, 32.0992660522, -50.5425071716, 20.8506450653, 37.0237617493, 163.02494812, 28.1913604736, 45.3496589661, 1.87462210655, 29.4466552734], [650.984985352, 14.1496763229, -20.4697284698, 30.0279846191, -11.1874504089, 8.97618675232, -19.6710090637, 29.5891857147, 28.1913604736, 108.036605835, 24.9721374512, 7.12745380402, -16.5944290161], [-1066.89086914, 17.7246341705, 110.77091217, -33.409866333, 30.3302497864, -15.1900377274, 41.4930229187, -10.7769412994, 45.3496589661, 24.9721374512, 123.162712097, 47.7198524475, 39.7472953796], [258.303955078, 30.3525447845, -37.0695877075, 31.4458961487, -30.7412147522, -22.8144035339, -3.79752016068, 16.2018814087, 1.87462210655, 7.12745380402, 47.7198524475, 99.9385223389, 41.7123031616], [-1036.2208252, 4.70485591888, 85.8296585083, -14.8716058731, 34.9947471619, -25.8725376129, 34.2778015137, -10.914182663, 29.4466552734, -16.5944290161, 39.7472953796, 41.7123031616, 86.7418441772]]}, "spectral_energyband_middle_low": {"dmean2": 0.00711230933666, "median": 0.00455127609894, "min": 1.42264665017e-22, "dvar2": 0.000155657879077, "dvar": 6.04766028118e-05, "dmean": 0.00444049574435, "max": 0.104390546679, "var": 0.000113433627121, "mean": 0.00824942346662}, "melbands_crest": {"dmean2": 6.83135890961, "median": 17.6526527405, "min": 1.5868178606, "dvar2": 37.6599807739, "dvar": 15.4350557327, "dmean": 4.20540809631, "max": 39.1305046082, "var": 63.5948944092, "mean": 17.914276123}, "spectral_kurtosis": {"dmean2": 1.51590383053, "median": 4.01511192322, "min": -1.28474223614, "dvar2": 3.53898000717, "dvar": 1.32921612263, "dmean": 0.956389546394, "max": 32.8293952942, "var": 7.09899616241, "mean": 4.18977880478}, "spectral_rms": {"dmean2": 0.00178785249591, "median": 0.0056764613837, "min": 3.10143750959e-12, "dvar2": 4.87394254378e-06, "dvar": 1.96286805476e-06, "dmean": 0.00116905651521, "max": 0.0199748966843, "var": 1.22485735119e-05, "mean": 0.00584487710148}, "zerocrossingrate": {"dmean2": 0.0147586390376, "median": 0.05078125, "min": 0, "dvar2": 0.000274656777037, "dvar": 0.000221805341425, "dmean": 0.0122994398698, "max": 0.53076171875, "var": 0.00999822467566, "mean": 0.0779782310128}, "silence_rate_60dB": {"dmean2": 0.0212139077485, "median": 0, "min": 0, "dvar2": 0.0228839106858, "dvar": 0.0104929879308, "dmean": 0.010605703108, "max": 1, "var": 0.106549553573, "mean": 0.121244259179}, "erbbands_kurtosis": {"dmean2": 2.10816860199, "median": -0.0332765579224, "min": -1.89318931103, "dvar2": 14.925825119, "dvar": 5.55817937851, "dmean": 1.30763792992, "max": 60.4610824585, "var": 10.7696428299, "mean": 1.0137373209}, "erbbands": {"dmean2": [1.06465280056, 4.95955562592, 7.91481733322, 7.03406000137, 9.00988197327, 6.01782989502, 8.10792160034, 7.37057590485, 21.0317173004, 28.1545200348, 37.338809967, 29.3272857666, 25.6756515503, 24.8552322388, 36.4545822144, 32.1720581055, 24.1648349762, 26.3080539703, 31.9611930847, 22.8403167725, 18.6822834015, 21.7546691895, 16.8558006287, 11.9262161255, 11.7977018356, 7.9925160408, 6.46492958069, 5.40741157532, 4.44083023071, 4.16711425781, 4.63870620728, 2.57101845741, 1.22778964043, 0.848040819168, 0.875559687614, 0.426315188408, 0.126015543938, 0.0257794503123, 0.00332703534514, 9.90929183899e-05], "median": [0.204143449664, 1.66395509243, 2.92322039604, 2.46147561073, 2.20921278, 1.6410702467, 1.57809257507, 1.96383631229, 4.61928796768, 3.8021914959, 5.83307409286, 4.74859333038, 4.37919378281, 6.14132118225, 8.7820520401, 10.9267578125, 8.38238716125, 7.97601127625, 11.6489391327, 10.904665947, 10.6983604431, 13.3168840408, 9.83576869965, 5.95240688324, 5.92188978195, 4.86767435074, 3.90468406677, 3.38488197327, 2.44918632507, 1.8577529192, 1.66294765472, 1.23596227169, 0.595743596554, 0.419439673424, 0.464022219181, 0.253225624561, 0.0940430238843, 0.0148515449837, 0.00047785192146, 6.66189807816e-05], "min": [3.8357960775e-23, 2.26098718329e-22, 9.51008197198e-22, 2.60771353826e-21, 9.03722607313e-21, 2.80119512251e-20, 2.49724146719e-20, 4.96762993751e-20, 6.98322352106e-20, 1.81617494277e-19, 1.61144334676e-19, 2.02537951793e-19, 2.14610975951e-19, 5.51934661064e-19, 9.11476314032e-19, 1.12267599714e-18, 1.08706411401e-18, 1.96380452918e-18, 2.39476728268e-18, 2.46859356594e-18, 2.95759772187e-18, 3.0732547355e-18, 5.25307582729e-18, 5.70697629917e-18, 5.74401620623e-18, 8.21696570528e-18, 8.89863449474e-18, 1.01031269263e-17, 1.02523312836e-17, 9.84035728825e-18, 1.03908790731e-17, 8.93815139414e-18, 8.28576810709e-18, 8.06709546754e-18, 5.95828907211e-18, 3.69466134938e-18, 2.07460495864e-18, 9.26792286856e-19, 2.44521180666e-19, 2.5759851841e-20], "dvar2": [5.10629272461, 101.61050415, 248.589828491, 202.76109314, 557.670593262, 189.761474609, 466.465637207, 362.285186768, 2350.49267578, 6640.30126953, 15980.6865234, 8571.49609375, 6851.09326172, 4683.70556641, 7333.83105469, 5474.62060547, 2181.22338867, 2547.8840332, 2930.35742188, 1886.03955078, 1239.92724609, 971.960388184, 1148.71789551, 457.195007324, 518.247070312, 247.394790649, 163.16015625, 100.956237793, 78.5935287476, 79.6874542236, 234.690383911, 55.2263526917, 11.0229177475, 4.9865603447, 6.69558095932, 1.1566671133, 0.0810112133622, 0.00360286887735, 0.000118675088743, 1.18583791675e-07], "dvar": [1.80427277088, 39.4910163879, 97.6867446899, 76.8715209961, 200.711532593, 69.2071228027, 197.184234619, 137.165130615, 980.122375488, 2688.56542969, 6043.35742188, 3477.16430664, 2731.04345703, 1990.60290527, 2902.4296875, 2313.22241211, 896.175842285, 1037.91088867, 1386.06933594, 805.078552246, 515.046936035, 411.591400146, 554.748168945, 223.885223389, 276.900756836, 130.465133667, 78.6304550171, 46.154712677, 37.6966743469, 36.8671684265, 91.5909423828, 24.8470821381, 4.78763341904, 2.15615129471, 2.70124959946, 0.489376157522, 0.0362494885921, 0.00171513005625, 5.14170533279e-05, 4.61596876278e-08], "dmean": [0.646869659424, 3.01436448097, 4.71674156189, 4.22766780853, 5.19230079651, 3.53848528862, 4.93431520462, 4.52289390564, 13.5742530823, 17.5514259338, 23.192609787, 18.7283782959, 16.2823257446, 15.8499279022, 21.9795856476, 20.1365566254, 14.8075914383, 16.1911945343, 20.2957897186, 14.4179267883, 11.7456350327, 13.6546878815, 11.1354665756, 7.82638978958, 8.01954746246, 5.62594652176, 4.30119180679, 3.53625488281, 2.96761703491, 2.72754883766, 2.92520880699, 1.67020189762, 0.80783444643, 0.562638700008, 0.572542488575, 0.280397117138, 0.0851969346404, 0.0178158842027, 0.00212865276262, 6.27637855359e-05], "max": [13.6729784012, 92.5767669678, 140.347946167, 132.678192139, 271.67098999, 152.98550415, 419.078704834, 252.05821228, 676.705078125, 1173.48339844, 1863.76184082, 1467.93164062, 1577.58203125, 1829.87854004, 1268.21191406, 1128.03515625, 541.536437988, 620.300048828, 823.552612305, 476.723754883, 336.918243408, 384.9949646, 394.852386475, 290.707336426, 448.150054932, 288.548522949, 194.235061646, 117.584457397, 140.239440918, 128.704727173, 249.349319458, 121.816062927, 41.650390625, 33.9056282043, 51.5297966003, 13.9050397873, 3.17007851601, 0.587454080582, 0.161163523793, 0.00806171353906], "var": [2.78477025032, 56.803894043, 133.653305054, 110.102523804, 171.712921143, 75.089881897, 261.217468262, 157.282272339, 1764.64855957, 3708.03442383, 8470.33984375, 5927.19628906, 4443.39599609, 3608.54174805, 4835.97363281, 5155.45458984, 1370.61584473, 1332.4543457, 2248.52539062, 1385.2644043, 846.462768555, 824.214355469, 1019.54504395, 547.945861816, 746.945556641, 353.156768799, 185.48651123, 110.840583801, 82.9937438965, 70.1614379883, 106.980995178, 39.2862815857, 7.07439661026, 3.45502185822, 3.88678693771, 0.844526469707, 0.0765946358442, 0.00350978737697, 7.2155300586e-05, 5.91576778675e-08], "mean": [0.972165942192, 4.73899269104, 7.16383123398, 6.41230344772, 6.05188989639, 4.53087234497, 6.05074548721, 6.52243471146, 21.339427948, 21.3399200439, 29.4736938477, 25.490316391, 22.7606143951, 22.871799469, 31.6271133423, 29.7799301147, 19.8688697815, 21.0268611908, 27.3751049042, 23.0503635406, 19.3449344635, 22.6720237732, 18.5181407928, 14.2461299896, 14.3068056107, 10.3354921341, 8.00274085999, 6.62468528748, 5.39142227173, 4.59860563278, 4.29564428329, 2.76051235199, 1.34317481518, 0.954189479351, 1.00848972797, 0.529758095741, 0.177164614201, 0.0322705730796, 0.00254996330477, 0.000112947003799]}, "spectral_strongpeak": {"dmean2": 0.693593978882, "median": 0.396994203329, "min": 0, "dvar2": 1.15574705601, "dvar": 0.433377146721, "dmean": 0.404433488846, "max": 7.4257183075, "var": 0.554338335991, "mean": 0.634081840515}, "spectral_energy": {"dmean2": 0.0297559220344, "median": 0.0330277718604, "min": 9.85938786425e-21, "dvar2": 0.00229430827312, "dvar": 0.000886609137524, "dmean": 0.0188539493829, "max": 0.408971369267, "var": 0.00238046841696, "mean": 0.0475713722408}, "average_loudness": 0.802707731724, "spectral_rolloff": {"dmean2": 879.898376465, "median": 796.728515625, "min": 21.533203125, "dvar2": 2272845.25, "dvar": 1012332.9375, "dmean": 531.745605469, "max": 19939.7460938, "var": 15535213, "mean": 2011.03918457}, "spectral_centroid": {"dmean2": 480.208099365, "median": 1399.09716797, "min": 203.765792847, "dvar2": 240084.03125, "dvar": 116831.648438, "dmean": 311.764678955, "max": 11922.1845703, "var": 4374483, "mean": 1897.86950684}, "pitch_salience": {"dmean2": 0.148204937577, "median": 0.465125203133, "min": 0.0291829947382, "dvar2": 0.0193111728877, "dvar": 0.00771553674713, "dmean": 0.0899755880237, "max": 0.832610666752, "var": 0.0267162099481, "mean": 0.463912427425}, "spectral_energyband_middle_high": {"dmean2": 0.00278406008147, "median": 0.00313844322227, "min": 9.38698130057e-22, "dvar2": 1.59817591339e-05, "dvar": 8.10980418464e-06, "dmean": 0.00189692003187, "max": 0.059323836118, "var": 3.22091000271e-05, "mean": 0.00491563882679}, "spectral_contrast_coeffs": {"dmean2": [0.0896181091666, 0.0859980285168, 0.0648525282741, 0.0518439114094, 0.0367899686098, 0.0264038816094], "median": [-0.689711809158, -0.759637892246, -0.796368300915, -0.788679540157, -0.802420496941, -0.775934815407], "min": [-0.984208226204, -0.983868181705, -0.98333722353, -0.973495364189, -0.96924674511, -0.966203629971], "dvar2": [0.00563607364893, 0.00541875464842, 0.00303007476032, 0.00181151903234, 0.000924680382013, 0.000547310919501], "dvar": [0.00217264541425, 0.00231493241154, 0.00119361176621, 0.000731931359041, 0.000345567823388, 0.000219931724132], "dmean": [0.0538819506764, 0.0540150627494, 0.0396329760551, 0.0321345031261, 0.0221303552389, 0.0162574350834], "max": [-0.350437551737, -0.383589863777, -0.480791687965, -0.607782065868, -0.642921626568, -0.666484117508], "var": [0.00902047473937, 0.00953651219606, 0.00600519031286, 0.00390483648516, 0.00207925075665, 0.0024598564487], "mean": [-0.694284498692, -0.748751103878, -0.789894163609, -0.791479587555, -0.807507276535, -0.78303450346]}, "melbands_skewness": {"dmean2": 2.21711945534, "median": 2.85916161537, "min": -3.93195533752, "dvar2": 9.00008010864, "dvar": 3.72801399231, "dmean": 1.42935788631, "max": 40.6549568176, "var": 13.2996664047, "mean": 3.86057209969}, "spectral_spread": {"dmean2": 806945.1875, "median": 5191856, "min": 1497107, "dvar2": 1075573293060.0, "dvar": 636399976448, "dmean": 527627.375, "max": 43114156, "var": 55792019439600.0, "mean": 6926020}, "dissonance": {"dmean2": 0.0284732561558, "median": 0.477860718966, "min": 0.159641116858, "dvar2": 0.00106152740773, "dvar": 0.000408511987189, "dmean": 0.0170832723379, "max": 0.500000059605, "var": 0.000772285158746, "mean": 0.470004320145}, "spectral_skewness": {"dmean2": 0.263185471296, "median": 1.56526958942, "min": -0.0934648290277, "dvar2": 0.070997223258, "dvar": 0.0313805341721, "dmean": 0.171006441116, "max": 4.36013364792, "var": 0.276054501534, "mean": 1.5630658865}, "spectral_flux": {"dmean2": 0.053376853466, "median": 0.090742520988, "min": 6.37274955029e-11, "dvar2": 0.00397040229291, "dvar": 0.00161375210155, "dmean": 0.0336873419583, "max": 0.488868623972, "var": 0.00507502397522, "mean": 0.103960447013}, "spectral_contrast_valleys": {"dmean2": [0.667180478573, 0.671638071537, 0.571147799492, 0.484217196703, 0.362801879644, 0.33434689045], "median": [-6.93641805649, -7.078956604, -7.36883497238, -7.49776220322, -7.33174371719, -9.75853633881], "min": [-28.3214225769, -28.4422111511, -27.9889411926, -27.7541484833, -27.6004600525, -27.4555778503], "dvar2": [0.307077825069, 0.315637171268, 0.249717563391, 0.219652757049, 0.141737446189, 0.133483916521], "dvar": [0.140720263124, 0.155861198902, 0.128219977021, 0.118951171637, 0.0930074974895, 0.0892259478569], "dmean": [0.404284000397, 0.418995589018, 0.360770225525, 0.315765112638, 0.248553454876, 0.244709119201], "max": [-4.85974311829, -4.51100158691, -5.13543081284, -5.58926486969, -5.42485761642, -7.78710508347], "var": [19.0747756958, 18.702047348, 17.8659496307, 17.6649360657, 18.0549850464, 14.1243724823], "mean": [-8.00050067902, -8.012134552, -8.34000015259, -8.50521373749, -8.34776973724, -10.67237854]}, "erbbands_flatness_db": {"dmean2": 0.025073165074, "median": 0.1153004691, "min": 0.0249723959714, "dvar2": 0.000629004673101, "dvar": 0.000284213747364, "dmean": 0.016303056851, "max": 0.367973715067, "var": 0.00167146802414, "mean": 0.124151088297}, "spectral_energyband_high": {"dmean2": 0.000600754516199, "median": 0.000486955745146, "min": 6.94675891165e-21, "dvar2": 1.40280030791e-06, "dvar": 7.14944349056e-07, "dmean": 0.000429789011832, "max": 0.013711264357, "var": 1.9216374767e-06, "mean": 0.000913287047297}, "spectral_entropy": {"dmean2": 0.220188245177, "median": 7.84456443787, "min": 5.92801952362, "dvar2": 0.0526765882969, "dvar": 0.0242626685649, "dmean": 0.144906446338, "max": 9.82816791534, "var": 0.287176966667, "mean": 7.87750673294}, "silence_rate_20dB": {"dmean2": 0, "median": 1, "min": 1, "dvar2": 0, "dvar": 0, "dmean": 0, "max": 1, "var": 0, "mean": 1}, "melbands_flatness_db": {"dmean2": 0.0561355911195, "median": 0.215681642294, "min": 0.00279553467408, "dvar2": 0.00307020405307, "dvar": 0.00134415598586, "dmean": 0.0367953889072, "max": 0.585882782936, "var": 0.00874037668109, "mean": 0.215633764863}, "barkbands": {"dmean2": [0.00204105814919, 0.0252134688199, 0.00670203147456, 0.00235523213632, 0.00227006617934, 0.000931200454943, 0.00169409462251, 0.0016907985555, 0.00136174727231, 0.000868074945174, 0.000882810098119, 0.000826000410598, 0.000536766834557, 0.000701666111127, 0.000499888381455, 0.000419257761678, 0.000404112419346, 0.000302420579828, 0.000240562323597, 0.000183122348972, 0.000145504047396, 0.000115812967124, 0.000156277121278, 9.25211134017e-05, 9.66633815551e-05, 7.5296506111e-05, 1.74667966348e-05], "median": [0.000155814021127, 0.00793680734932, 0.00193334650248, 0.000591776217334, 0.000610202201642, 0.000222854956519, 0.000331799383275, 0.000189779122593, 0.000198292735149, 0.000152922380948, 0.000173895154148, 0.000242502050241, 0.000127264123876, 0.000164789496921, 0.000168248763657, 0.000191358150914, 0.000239171422436, 0.000155309637194, 0.000110591186967, 0.000108980704681, 8.72357632034e-05, 6.46870175842e-05, 5.91934622207e-05, 4.68972357339e-05, 5.30600518687e-05, 5.35498584213e-05, 3.03749948216e-06], "min": [1.93855048628e-26, 2.43850158667e-24, 6.13074888191e-25, 4.20455417608e-25, 6.56374240544e-24, 3.87965343062e-24, 6.44335473713e-24, 6.0833797567e-24, 7.03809314522e-24, 1.06881927856e-23, 8.02170171983e-24, 2.14859346851e-23, 2.44764574674e-23, 2.0527691144e-23, 2.765083375e-23, 4.11259632509e-23, 4.67913350803e-23, 6.75588998929e-23, 1.01455218005e-22, 1.62918520263e-22, 2.24851712253e-22, 2.8160254248e-22, 3.56151614584e-22, 4.80652974795e-22, 7.82012178925e-22, 1.2658951163e-21, 1.85545032644e-21], "dvar2": [2.0661876988e-05, 0.00236933492124, 0.00022079377959, 2.50499342656e-05, 3.09852985083e-05, 5.3955209296e-06, 1.52778065967e-05, 3.16158802889e-05, 1.7601174477e-05, 6.83531425238e-06, 4.07597690355e-06, 3.74469436792e-06, 1.23030054056e-06, 1.62172466389e-06, 8.99203598692e-07, 5.85825262078e-07, 3.04909036686e-07, 3.81920841619e-07, 1.88656755995e-07, 1.28977475811e-07, 7.17539663242e-08, 5.24981942363e-08, 2.04214757105e-07, 6.75798190741e-08, 7.42238412954e-08, 3.15679251628e-08, 2.72029709869e-09], "dvar": [1.14395106721e-05, 0.000904751184862, 8.57103295857e-05, 9.55542509473e-06, 1.09993534352e-05, 2.12124268728e-06, 6.27103463557e-06, 1.22375031424e-05, 7.12137671144e-06, 2.76846344605e-06, 1.58942225426e-06, 1.58522902893e-06, 4.89729927722e-07, 7.20143134458e-07, 4.06307634648e-07, 2.33256855608e-07, 1.28657887899e-07, 1.86981040429e-07, 9.26886798425e-08, 6.91498129868e-08, 3.45397772605e-08, 2.53488661173e-08, 8.32799926798e-08, 2.99580236174e-08, 3.10202636911e-08, 1.40701619245e-08, 1.21560650435e-09], "dmean": [0.00150507874787, 0.0154217965901, 0.00403513712808, 0.00137575075496, 0.00132392055821, 0.000566350587178, 0.00107680191286, 0.00104881543666, 0.000857841980178, 0.000544115609955, 0.000531078549102, 0.000513441686053, 0.000321836239891, 0.000436625210568, 0.000313336553518, 0.000258470245171, 0.000250306999078, 0.000198314795853, 0.000159337825608, 0.000127143604914, 9.57422598731e-05, 7.79897600296e-05, 9.96632952592e-05, 6.0358132032e-05, 6.40417056275e-05, 5.0969512813e-05, 1.13918313218e-05], "max": [0.0401365533471, 0.365582108498, 0.139959618449, 0.0488715693355, 0.0711335167289, 0.0362018421292, 0.0406228341162, 0.0699009224772, 0.062040194869, 0.0477297455072, 0.027236269787, 0.031382702291, 0.012864603661, 0.00960135087371, 0.0189137421548, 0.0074958303012, 0.00615521380678, 0.00664396770298, 0.00697732903063, 0.00649311160669, 0.00320920906961, 0.00359849957749, 0.00777369365096, 0.00425270712003, 0.0046275947243, 0.00182949472219, 0.000814859755337], "var": [3.20763720083e-05, 0.00153821974527, 0.00011560007988, 1.00274810393e-05, 1.05253002403e-05, 2.57751412391e-06, 9.43467330217e-06, 1.74328470166e-05, 1.15785978778e-05, 4.26169981438e-06, 2.41558268499e-06, 3.45071703123e-06, 6.40664950424e-07, 9.73349642663e-07, 7.05869183548e-07, 3.8035432226e-07, 2.55001054938e-07, 3.39901703228e-07, 2.3717738884e-07, 1.83238881846e-07, 8.4694207203e-08, 5.70145139989e-08, 1.15934170708e-07, 4.61153675246e-08, 4.83605937518e-08, 2.85713266379e-08, 1.89114324201e-09], "mean": [0.00234571704641, 0.0253315102309, 0.00592502485961, 0.00167457538191, 0.0016557200579, 0.000771514314692, 0.00153621507343, 0.00128214829601, 0.00112959649414, 0.000722889322788, 0.000688407395501, 0.000735722482204, 0.000381230609491, 0.000531345664058, 0.000420613156166, 0.000400881923269, 0.000402349280193, 0.000314513541525, 0.000280412990833, 0.000230969308177, 0.00017871959426, 0.000142720804433, 0.000152503489517, 0.000102180223621, 0.000114804854093, 0.000104654536699, 1.44837640619e-05]}, "erbbands_skewness": {"dmean2": 0.668734788895, "median": -0.0283250249922, "min": -5.69959926605, "dvar2": 0.446822762489, "dvar": 0.181006133556, "dmean": 0.425090581179, "max": 4.33083057404, "var": 0.58317810297, "mean": 0.0556408576667}, "erbbands_spread": {"dmean2": 15.9133377075, "median": 38.58228302, "min": 1.47444474697, "dvar2": 330.08807373, "dvar": 147.715209961, "dmean": 10.3885221481, "max": 191.752960205, "var": 573.794128418, "mean": 43.0661735535}, "melbands_kurtosis": {"dmean2": 41.6926574707, "median": 10.071814537, "min": -1.91907930374, "dvar2": 15497.0449219, "dvar": 5657.03564453, "dmean": 25.5867595673, "max": 2208.49047852, "var": 8855.71679688, "mean": 37.4996299744}, "melbands": {"dmean2": [0.00782367214561, 0.00461566075683, 0.00125063559972, 0.000538144609891, 0.000269488285994, 0.00018300312513, 0.0003164645168, 0.000315576355206, 0.000305576395476, 0.000185874785529, 0.000132193177706, 0.00010583504627, 0.000119677839393, 9.17712750379e-05, 7.74883010308e-05, 5.19312088727e-05, 5.532337308