{"tonal": {"thpcp": [1, 0.715733110905, 0.273702889681, 0.191191166639, 0.167652368546, 0.179661095142, 0.167867720127, 0.120704472065, 0.144367277622, 0.23117429018, 0.230119720101, 0.243135347962, 0.308945924044, 0.295616865158, 0.441075354815, 0.548496484756, 0.377060592175, 0.317180216312, 0.390408664942, 0.427562773228, 0.663325786591, 0.83373272419, 0.547215402126, 0.27067437768, 0.178607165813, 0.113248817623, 0.124969489872, 0.197640329599, 0.199663490057, 0.189970582724, 0.225782215595, 0.215419173241, 0.283787786961, 0.385431170464, 0.363185733557, 0.611164867878], "hpcp": {"dmean2": [0.104317389429, 0.0933042913675, 0.107853263617, 0.144225299358, 0.157489150763, 0.15187689662, 0.166437476873, 0.174161434174, 0.231092229486, 0.277971893549, 0.25803527236, 0.254714787006, 0.25773870945, 0.263209074736, 0.331895440817, 0.336193144321, 0.28315243125, 0.19526194036, 0.126922369003, 0.102988690138, 0.10589980334, 0.120176829398, 0.121656730771, 0.13578273356, 0.142795979977, 0.133334949613, 0.160231113434, 0.198920547962, 0.203003868461, 0.289714634418, 0.344289451838, 0.286949634552, 0.201291874051, 0.153950840235, 0.120382145047, 0.114158146083], "median": [0.00788299180567, 0.00639380235225, 0.00456672627479, 0.00566256651655, 0.00942645780742, 0.0181587338448, 0.0192315224558, 0.0255467072129, 0.0228352919221, 0.022226979956, 0.019313197583, 0.00958264805377, 0.011776516214, 0.0272473562509, 0.0768325328827, 0.0977384448051, 0.055508967489, 0.00890079978853, 0.00260186567903, 0.00239075953141, 0.00382455298677, 0.0055292993784, 0.00740139512345, 0.00866517052054, 0.00680930027738, 0.00639177858829, 0.0090401340276, 0.0127275604755, 0.0171337611973, 0.0934190750122, 0.168057069182, 0.104481369257, 0.0121973473579, 0.00353763345629, 0.00443192804232, 0.00642137043178], "min": [0, 0, 0, 0, 0, 0, 0, 0, 0, 0, 0, 0, 0, 0, 0, 0, 0, 0, 0, 0, 0, 0, 0, 0, 0, 0, 0, 0, 0, 0, 0, 0, 0, 0, 0, 0], "dvar2": [0.0546563826501, 0.0529438965023, 0.0620976425707, 0.0814059227705, 0.095488011837, 0.0815979465842, 0.0850341320038, 0.0825276002288, 0.128059774637, 0.158912315965, 0.145719587803, 0.147963240743, 0.147875085473, 0.136323750019, 0.151494324207, 0.157541304827, 0.13847823441, 0.108273655176, 0.0776275396347, 0.0589517652988, 0.0626237392426, 0.0660937279463, 0.0623597539961, 0.0791423469782, 0.0883926749229, 0.0754483342171, 0.0860433280468, 0.110438913107, 0.112412005663, 0.141630917788, 0.174217239022, 0.133810713887, 0.122755266726, 0.0985716506839, 0.0757412314415, 0.0662076547742], "dvar": [0.0213717408478, 0.0189661048353, 0.0219493601471, 0.031689953059, 0.0356519445777, 0.0304192081094, 0.0334436893463, 0.0309102069587, 0.0488035343587, 0.0626990422606, 0.0529185086489, 0.0561392642558, 0.0581129826605, 0.0518455691636, 0.062146615237, 0.0695803239942, 0.0549543052912, 0.0402087420225, 0.0300933364779, 0.0212185904384, 0.022276904434, 0.0260447766632, 0.0242843516171, 0.0293556861579, 0.0335876718163, 0.029297253117, 0.0347889401019, 0.0449383966625, 0.0440887026489, 0.0540150702, 0.0710457712412, 0.0526144690812, 0.0481127947569, 0.0392222963274, 0.0292305517942, 0.0261672083288], "dmean": [0.0609683096409, 0.0518525801599, 0.0597701705992, 0.0812088921666, 0.0885133072734, 0.0873090624809, 0.0962349325418, 0.101184844971, 0.133002653718, 0.157923132181, 0.144771337509, 0.141567796469, 0.14709366858, 0.149881228805, 0.193969011307, 0.199719056487, 0.166688621044, 0.108531795442, 0.0706999748945, 0.0554627254605, 0.057968582958, 0.0680848509073, 0.069546841085, 0.0765623897314, 0.0817054137588, 0.0769116133451, 0.0938216000795, 0.116259649396, 0.118265941739, 0.168272361159, 0.202952712774, 0.171658411622, 0.115265488625, 0.0867433026433, 0.069158680737, 0.066748008132], "max": [1, 1, 1, 1, 1, 1, 1, 1, 1, 1, 1, 1, 1, 1, 1, 1, 1, 1, 1, 1, 1, 1, 1, 1, 1, 1, 1, 1, 1, 1, 1, 1, 1, 1, 1, 1], "var": [0.0207216572016, 0.0139474561438, 0.0168657321483, 0.0351830162108, 0.032990578562, 0.0288770813495, 0.0400027409196, 0.0316183753312, 0.0688152611256, 0.0973738506436, 0.0496253408492, 0.0490363612771, 0.0658906325698, 0.0618110671639, 0.0935440585017, 0.129251033068, 0.0745997652411, 0.0390320494771, 0.0333263650537, 0.0150682488456, 0.0157459322363, 0.0322797521949, 0.0297919195145, 0.0252706650645, 0.0367958135903, 0.0329817906022, 0.0443343222141, 0.0661973804235, 0.0564250722528, 0.0713670104742, 0.142528161407, 0.0892766490579, 0.042421258986, 0.0348178781569, 0.027232741937, 0.0256242472678], "mean": [0.0584315210581, 0.0420149043202, 0.0502514690161, 0.0804673209786, 0.0801002457738, 0.0846307352185, 0.107538126409, 0.102898538113, 0.153529837728, 0.190921068192, 0.131247535348, 0.110404327512, 0.135893747211, 0.148826375604, 0.2308909446, 0.290206313133, 0.190475150943, 0.0942165404558, 0.0621697157621, 0.0394197329879, 0.0434994734824, 0.0687947943807, 0.0694990158081, 0.0661251023412, 0.0785904452205, 0.0749832689762, 0.0987810716033, 0.134161174297, 0.126417964697, 0.212734729052, 0.34808075428, 0.249132931232, 0.0952707082033, 0.0665499642491, 0.0583565607667, 0.0625365674496]}, "tuning_equal_tempered_deviation": 0.0588733889163, "chords_changes_rate": 0.0731843560934, "key_key": "G", "tuning_diatonic_strength": 0.637061297894, "key_scale": "major", "chords_number_rate": 0.00279329600744, "tuning_frequency": 440, "tuning_nontempered_energy_ratio": 0.754994392395, "chords_histogram": [45.9776535034, 3.8826816082, 1.67597770691, 3.91061449051, 0.0558659210801, 0.502793312073, 0, 0, 1.31284916401, 0, 7.2346367836, 0.502793312073, 3.6871509552, 0, 0, 6.36871528625, 0.586592197418, 10.4748601913, 0.195530727506, 0.0837988853455, 0.251396656036, 0.139664798975, 12.7374305725, 0.418994426727], "key_strength": 0.750855624676, "chords_key": "G", "chords_strength": {"dmean2": 0.0133868940175, "median": 0.517117023468, "min": 0.216630294919, "dvar2": 0.000168220329215, "dvar": 0.000115190006909, "dmean": 0.0120206475258, "max": 0.749764919281, "var": 0.0102809211239, "mean": 0.51104414463}, "chords_scale": "major", "hpcp_entropy": {"dmean2": 1.07930612564, "median": 1.66388952732, "min": 0, "dvar2": 0.836987733841, "dvar": 0.319224208593, "dmean": 0.649012684822, "max": 4.47781991959, "var": 0.730565428734, "mean": 1.64791059494}}, "metadata": {"audio_properties": {"equal_loudness": 0, "codec": "flac", "downmix": "mix", "sample_rate": 44100, "analysis_sample_rate": 44100, "bit_rate": 0, "md5_encoded": "1cfe21cb7ae7380c4a105e571bc59832", "length": 166.199996948, "replay_gain": -9.65543556213, "lossless": true}, "version": {"essentia_build_sha": "70f2e5ece6736b2c40cc944ad0e695b16b925413", "essentia": "2.1-beta2", "extractor": "music 1.0", "essentia_git_sha": "v2.1_beta2"}, "tags": {"title": ["Drop Down (I Don't Feel Welcome Here)"], "barcode": ["714298501629"], "media": ["CD"], "albumartist": ["Sleepy John Estes"], "tracktotal": ["26"], "albumartistsort": ["Estes, Sleepy John"], "performer": ["Robert Nighthawk (harmonica)", "Sleepy John Estes (guitar)", "Ann Sorter (washboard)", "Sleepy John Estes (vocals)"], "releasetype": ["album", "compilation"], "musicbrainz_recordingid": ["02d25521-9c34-4c86-974a-748527d523a1"], "musicbrainz_albumartistid": ["3bef5827-7f0e-4011-8f3c-50cf29bb187e"], "musicbrainz_releasetrackid": ["6e5e04ad-b3d1-3440-90c4-d3818efde8af"], "album": ["Complete Recorded Works in Chronological Order, Volume 2: 2 August 1937 to 24 September 1941"], "catalognumber": ["DOCD-5016"], "releasecountry": ["AT"], "producer": ["Johnny Parth"], "date": ["1990"], "file_name": "20 - Drop Down (I Don't Feel Welcome Here).flac", "musicbrainz_releasegroupid": ["0f53da0e-bade-4987-bdc2-32cb8dd679e6"], "musicbrainz_artistid": ["3bef5827-7f0e-4011-8f3c-50cf29bb187e"], "originaldate": ["1990"], "musicbrainz_albumid": ["b6e7088a-a8ae-4247-98c5-c22c55760b2b"], "artist": ["Sleepy John Estes"], "artistsort": ["Estes, Sleepy John"], "tracknumber": ["20"], "label": ["Document Records"], "totaltracks": ["26"], "acoustid_id": ["99d68d1a-ef6d-46b5-831c-51339b4ef55d"], "script": ["Latn"], "releasestatus": ["official"]}}, "rhythm": {"bpm_histogram_first_peak_bpm": {"dmean2": 0, "median": 110, "min": 110, "dvar2": 0, "dvar": 0, "dmean": 0, "max": 110, "var": 0, "mean": 110}, "bpm": 109.911064148, "bpm_histogram_second_peak_spread": {"dmean2": 0, "median": 0.349999964237, "min": 0.349999964237, "dvar2": 0, "dvar": 0, "dmean": 0, "max": 0.349999964237, "var": 0, "mean": 0.349999964237}, "bpm_histogram_first_peak_weight": {"dmean2": 0, "median": 0.240924090147, "min": 0.240924090147, "dvar2": 0, "dvar": 0, "dmean": 0, "max": 0.240924090147, "var": 0, "mean": 0.240924090147}, "onset_rate": 3.8503177166, "beats_position": [0.49922901392, 1.01006805897, 1.54412698746, 2.08979582787, 2.6470746994, 3.20435357094, 3.75002264977, 4.29569149017, 4.841360569, 5.38702917099, 5.94430828094, 6.48997735977, 7.03564596176, 7.56970500946, 8.11537361145, 8.66104316711, 9.18349170685, 9.70594120026, 10.2399997711, 10.774058342, 11.2848978043, 11.7957363129, 12.3181858063, 12.8522443771, 13.3979139328, 13.9319725037, 14.4776411057, 15.0697498322, 15.6502494812, 16.2191371918, 16.7648067474, 17.3220863342, 17.8793640137, 18.4366436005, 19.0171432495, 19.5860309601, 20.154920578, 20.7121982574, 21.2810878754, 21.8615875244, 22.430475235, 22.9877548218, 23.5450344086, 24.102312088, 24.6595916748, 25.2168693542, 25.7857589722, 26.3546485901, 26.9003162384, 27.4692058563, 28.0264854431, 28.5837631226, 29.1410427094, 29.6983222961, 30.2555999756, 30.8128795624, 31.3701572418, 31.9274368286, 32.4731063843, 33.0187759399, 33.5760536194, 34.1333312988, 34.690612793, 35.2594985962, 35.8283882141, 36.4088897705, 37.000995636, 37.6743774414, 38.3361434937, 38.9746932983, 39.6248512268, 40.2634010315, 40.9019508362, 41.5637168884, 42.1442184448, 42.7247161865, 43.3052139282, 43.8857116699, 44.4546012878, 45.011882782, 45.5691604614, 46.1380500793, 46.6953277588, 47.2526054382, 47.8214950562, 48.3903846741, 48.9476623535, 49.5049438477, 50.0506095886, 50.5962791443, 51.1535606384, 51.7108383179, 52.2681159973, 52.8370056152, 53.4058952332, 53.9631729126, 54.5204544067, 55.0545120239, 55.6001815796, 56.157459259, 56.7147369385, 57.2604064941, 57.8176841736, 58.3749656677, 58.9322433472, 59.4779129028, 60.0235824585, 60.5808601379, 61.1613578796, 61.741859436, 62.3223571777, 62.8215866089, 63.32081604, 63.8084335327, 64.3308868408, 64.8533325195, 65.3757781982, 65.8982315063, 66.4322891235, 66.8850784302, 67.3494796753, 67.8254852295, 68.3131027222, 68.7542877197, 69.1954650879, 69.6134262085, 70.0313796997, 70.4493408203, 70.8789138794, 71.2968673706, 71.7264404297, 72.1560058594, 72.5855789185, 73.1196365356, 73.6653060913, 74.2341918945, 74.8030853271, 75.3719711304, 75.9408569336, 76.4981384277, 77.0438079834, 77.6010894775, 78.1583633423, 78.7156448364, 79.2729263306, 79.8302001953, 80.4571380615, 81.0840835571, 81.7110214233, 82.2682952881, 82.8255767822, 83.3712463379, 83.9169158936, 84.4741897583, 85.0314712524, 85.5771408081, 86.1111984253, 86.656867981, 87.2141494751, 87.7714233398, 88.328704834, 88.8627624512, 89.3968200684, 89.942489624, 90.4765548706, 91.0222167969, 91.5562820435, 92.1019515991, 92.6476211548, 93.1932830811, 93.7389526367, 94.2614059448, 94.795463562, 95.3411331177, 95.8751907349, 96.3976364136, 96.9200897217, 97.4541473389, 97.9998168945, 98.5454864502, 99.0795440674, 99.6019973755, 100.124443054, 100.658500671, 101.192558289, 101.726615906, 102.260681152, 102.79473877, 103.340408325, 103.874465942, 104.40852356, 104.954193115, 105.488250732, 106.02230835, 106.556373596, 107.090431213, 107.624488831, 108.158546448, 108.704216003, 109.249885559, 109.783943176, 110.318000793, 110.852058411, 111.386123657, 111.896957397, 112.396186829, 112.89541626, 113.406257629, 113.928703308, 114.474372864, 114.996826172, 115.519271851, 116.053329468, 116.587387085, 117.109840393, 117.64389801, 118.189567566, 118.74684906, 119.280906677, 119.803352356, 120.349021912, 120.906303406, 121.486801147, 122.032470703, 122.56652832, 123.112197876, 123.66947937, 124.215148926, 124.760810852, 125.306480408, 125.852149963, 126.409431458, 126.955101013, 127.477546692, 128.011611938, 128.568893433, 129.126159668, 129.683441162, 130.217498779, 130.763168335, 131.308837891, 131.866119385, 132.41178894, 132.957458496, 133.503128052, 134.048797607, 134.582855225, 135.116912842, 135.662582397, 136.208251953, 136.753921509, 137.299591064, 137.856872559, 138.367706299, 138.901763916, 139.45904541, 140.027938843, 140.573608398, 141.107666016, 141.641723633, 142.187393188, 142.733062744, 143.267120361, 143.801177979, 144.358459473, 144.915740967, 145.473007202, 146.007064819, 146.552734375, 147.098403931, 147.644073486, 148.189743042, 148.735412598, 149.257858276, 149.791931152, 150.314376831, 150.860046387, 151.405715942, 151.962997437, 152.508651733, 153.042724609, 153.576782227, 154.099227905, 154.610061646, 155.132507324, 155.654968262, 156.154190063, 156.676635742, 157.19909668, 157.733154297, 158.267211914, 158.801269531, 159.335327148, 159.880996704, 160.42666626, 160.960723877, 161.494781494, 162.052062988, 162.609344482, 163.178222656, 163.747116089, 164.316009521, 164.884887695, 165.453781128], "beats_loudness": {"dmean2": 0.0288326591253, "median": 0.0291529260576, "min": 1.65606983682e-09, "dvar2": 0.000524205737747, "dvar": 0.0001962192473, "dmean": 0.0168252363801, "max": 0.122798271477, "var": 0.000252964178799, "mean": 0.0284244362265}, "danceability": 1.23946762085, "bpm_histogram_second_peak_weight": {"dmean2": 0, "median": 0.0858085826039, "min": 0.0858085826039, "dvar2": 0, "dvar": 0, "dmean": 0, "max": 0.0858085826039, "var": 0, "mean": 0.0858085826039}, "beats_count": 304, "bpm_histogram_second_peak_bpm": {"dmean2": 0, "median": 105, "min": 105, "dvar2": 0, "dvar": 0, "dmean": 0, "max": 105, "var": 0, "mean": 105}, "bpm_histogram_first_peak_spread": {"dmean2": 0, "median": 0.636815905571, "min": 0.636815905571, "dvar2": 0, "dvar": 0, "dmean": 0, "max": 0.636815905571, "var": 0, "mean": 0.636815905571}, "beats_loudness_band_ratio": {"dmean2": [0.267573684454, 0.500800788403, 0.258811384439, 0.433903932571, 0.267491906881, 0.0383180119097], "median": [0.0785297751427, 0.3833155334, 0.117686584592, 0.108685716987, 0.0460972115397, 0.00434616021812], "min": [0.000215397623833, 0.00245896656998, 0.00685412390158, 0.000680257857312, 0.000328688387526, 2.7150637834e-05], "dvar2": [0.0659842565656, 0.144902959466, 0.0727764442563, 0.144487738609, 0.0733664557338, 0.00663202255964], "dvar": [0.0285696871579, 0.054836910218, 0.0259588994086, 0.0633601620793, 0.0281530320644, 0.00243216683157], "dmean": [0.148981258273, 0.28229790926, 0.149923145771, 0.239244565368, 0.148353740573, 0.021451888606], "max": [0.903397142887, 0.978163361549, 0.915809333324, 0.924589157104, 0.921790599823, 0.320257425308], "var": [0.0339474342763, 0.0768669098616, 0.0280076581985, 0.0705075711012, 0.0268027093261, 0.00163758359849], "mean": [0.14936722815, 0.400547116995, 0.175156921148, 0.227810233831, 0.119298368692, 0.0158412028104]}}, "lowlevel": {"barkbands_spread": {"dmean2": 5.49688005447, "median": 7.08851146698, "min": 0.0591834224761, "dvar2": 71.2737197876, "dvar": 27.2060756683, "dmean": 3.53114104271, "max": 103.186470032, "var": 117.813850403, "mean": 10.4450922012}, "melbands_spread": {"dmean2": 7.67236185074, "median": 10.1330480576, "min": 0.107964992523, "dvar2": 116.242958069, "dvar": 53.6649055481, "dmean": 5.18321704865, "max": 130.377471924, "var": 208.329574585, "mean": 15.1889696121}, "hfc": {"dmean2": 6.37374353409, "median": 10.3000793457, "min": 1.12917168105e-16, "dvar2": 88.4226074219, "dvar": 56.7606086731, "dmean": 4.93654441833, "max": 135.381439209, "var": 400.393737793, "mean": 17.8563613892}, "barkbands_kurtosis": {"dmean2": 15.2004508972, "median": 3.62706756592, "min": -1.88003230095, "dvar2": 13567.6992188, "dvar": 5327.19873047, "dmean": 9.71919536591, "max": 5834.1640625, "var": 13329.0810547, "mean": 16.0014476776}, "gfcc": {"mean": [-144.516494751, 170.175979614, -174.197494507, 17.8397750854, -46.2687225342, -38.1860542297, -31.9371623993, -33.7411193848, -15.5557556152, -22.8002357483, -0.318339675665, -11.2440729141, -4.91214942932], "icov": [[0.000860725878738, -0.000782399030868, 0.0015569726238, -0.000627051165793, -0.000130580287077, 0.0011560843559, -0.0011628359789, 0.00204149773344, -0.00153288745787, 0.0022567815613, -0.00151398929302, 0.00167807505932, -0.000920496066101], [-0.000782399030868, 0.00318517372943, -0.00259774574079, 0.00118276348803, -0.00130017090123, 0.00157994159963, -0.000239794229856, 0.000674585578963, -0.00117389403749, 0.00240112747997, -0.00151579722296, 0.000660453399178, 0.00148284679744], [0.0015569726238, -0.00259774574079, 0.00440680934116, -0.00175995449536, 0.00127017742489, 0.000944664527196, 0.000366421270883, 0.00113141839392, 0.000751214916818, 0.000957374402788, 0.000481751631014, 0.0014328409452, -0.000608950911555], [-0.000627051165793, 0.00118276348803, -0.00175995449536, 0.00302529591136, -0.000469333288493, -0.00141437829006, 0.00190633547027, -0.000668701773975, -0.000266287737759, -0.000541244866326, -4.86051249027e-06, -0.000196090448298, 0.000642191444058], [-0.000130580287077, -0.00130017090123, 0.00127017742489, -0.000469333288493, 0.00667300820351, -0.00338775850832, 0.00402668258175, -0.000852543336805, 0.00331555469893, -0.00403459044173, 0.00529867224395, -0.00422398420051, 0.0036013147328], [0.0011560843559, 0.00157994159963, 0.000944664527196, -0.00141437829006, -0.00338775850832, 0.0106598157436, -0.00696670031175, 0.00453848158941, -0.0033974093385, 0.00523417489603, -0.00549129024148, 0.00351414596662, 0.000365733838407], [-0.0011628359789, -0.000239794229856, 0.000366421270883, 0.00190633547027, 0.00402668258175, -0.00696670031175, 0.0148935513571, -0.00937873963267, 0.0103162117302, -0.00594446947798, 0.00604632357135, -0.00377859547734, 0.00403184304014], [0.00204149773344, 0.000674585578963, 0.00113141839392, -0.000668701773975, -0.000852543336805, 0.00453848158941, -0.00937873963267, 0.0189205314964, -0.0131927356124, 0.0107766389847, -0.00589526025578, 0.00515820272267, -0.00267445482314], [-0.00153288745787, -0.00117389403749, 0.000751214916818, -0.000266287737759, 0.00331555469893, -0.0033974093385, 0.0103162117302, -0.0131927356124, 0.0291378069669, -0.0188735872507, 0.0162292253226, -0.00656828051433, 0.00292697129771], [0.0022567815613, 0.00240112747997, 0.000957374402788, -0.000541244866326, -0.00403459044173, 0.00523417489603, -0.00594446947798, 0.0107766389847, -0.0188735872507, 0.0301334485412, -0.0194644611329, 0.0116205774248, -0.004922083579], [-0.00151398929302, -0.00151579722296, 0.000481751631014, -4.86051249027e-06, 0.00529867224395, -0.00549129024148, 0.00604632357135, -0.00589526025578, 0.0162292253226, -0.0194644611329, 0.0290234480053, -0.0148493731394, 0.00792474672198], [0.00167807505932, 0.000660453399178, 0.0014328409452, -0.000196090448298, -0.00422398420051, 0.00351414596662, -0.00377859547734, 0.00515820272267, -0.00656828051433, 0.0116205774248, -0.0148493731394, 0.0229386202991, -0.00939420424402], [-0.000920496066101, 0.00148284679744, -0.000608950911555, 0.000642191444058, 0.0036013147328, 0.000365733838407, 0.00403184304014, -0.00267445482314, 0.00292697129771, -0.004922083579, 0.00792474672198, -0.00939420424402, 0.019169351086]], "cov": [[12278.9169922, 1222.97595215, -3505.2512207, -521.67767334, 240.825393677, -485.316986084, 193.287597656, -673.128112793, -45.5853805542, -412.963256836, 126.086257935, -133.60798645, 13.917927742], [1222.97595215, 1675.2779541, 755.467041016, -88.2440872192, 28.6672821045, -450.967895508, -233.635650635, -163.00944519, -37.1529884338, -208.189697266, -88.9589004517, -107.881706238, -78.1704101562], [-3505.2512207, 755.467041016, 2161.71484375, 337.727966309, -129.514480591, -210.209518433, -312.891693115, 96.4499435425, -1.60111892223, -9.24177646637, -137.636474609, -62.6732711792, -37.7356948853], [-521.67767334, -88.2440872192, 337.727966309, 579.643249512, 66.5483779907, 44.1478805542, -136.801803589, -17.2327213287, 37.389957428, 46.6343154907, -8.88583374023, -11.1276865005, -9.40479660034], [240.825393677, 28.6672821045, -129.514480591, 66.5483779907, 283.080108643, 63.9293327332, -51.8082962036, -63.9575653076, -5.15399312973, 10.6503219604, 4.55525922775, 18.6469554901, -38.6483650208], [-485.316986084, -450.967895508, -210.209518433, 44.1478805542, 63.9293327332, 326.121307373, 147.867172241, 34.7835083008, -35.1185569763, 45.0585479736, 54.7821083069, 29.7369499207, -32.1990394592], [193.287597656, -233.635650635, -312.891693115, -136.801803589, -51.8082962036, 147.867172241, 253.030380249, 65.1748275757, -51.117565155, -13.4464054108, 30.9781246185, 10.4196939468, -18.564207077], [-673.128112793, -163.00944519, 96.4499435425, -17.2327213287, -63.9575653076, 34.7835083008, 65.1748275757, 158.329315186, 33.3730621338, 8.77416038513, -24.3206176758, -0.487247079611, 10.6340875626], [-45.5853805542, -37.1529884338, -1.60111892223, 37.389957428, -5.15399312973, -35.1185569763, -51.117565155, 33.3730621338, 99.8815536499, 39.098487854, -33.3945732117, -11.5696163177, 19.3514213562], [-412.963256836, -208.189697266, -9.24177646637, 46.6343154907, 10.6503219604, 45.0585479736, -13.4464054108, 8.77416038513, 39.098487854, 116.234634399, 36.5558013916, 7.27885866165, 7.94036960602], [126.086257935, -88.9589004517, -137.636474609, -8.88583374023, 4.55525922775, 54.7821083069, 30.9781246185, -24.3206176758, -33.3945732117, 36.5558013916, 103.022026062, 38.4962615967, -12.1873245239], [-133.60798645, -107.881706238, -62.6732711792, -11.1276865005, 18.6469554901, 29.7369499207, 10.4196939468, -0.487247079611, -11.5696163177, 7.27885866165, 38.4962615967, 89.3597259521, 25.4941310883], [13.917927742, -78.1704101562, -37.7356948853, -9.40479660034, -38.6483650208, -32.1990394592, -18.564207077, 10.6340875626, 19.3514213562, 7.94036960602, -12.1873245239, 25.4941310883, 87.8776092529]]}, "spectral_energyband_middle_low": {"dmean2": 0.00718267727643, "median": 0.00771433534101, "min": 3.45783205499e-22, "dvar2": 0.000127883264213, "dvar": 6.36406693957e-05, "dmean": 0.00496657798067, "max": 0.130377978086, "var": 0.000196338645765, "mean": 0.0123872477561}, "melbands_crest": {"dmean2": 5.57588529587, "median": 14.1459283829, "min": 1.91215479374, "dvar2": 29.1219081879, "dvar": 11.3801288605, "dmean": 3.54152750969, "max": 39.9610481262, "var": 34.6289710999, "mean": 15.3096895218}, "spectral_kurtosis": {"dmean2": 15.7247333527, "median": 11.123840332, "min": -1.1995613575, "dvar2": 216.704147339, "dvar": 73.5763473511, "dmean": 9.01245975494, "max": 101.384170532, "var": 137.104278564, "mean": 13.9752674103}, "spectral_rms": {"dmean2": 0.000904125161469, "median": 0.004403966479, "min": 3.18821618411e-12, "dvar2": 1.07078949441e-06, "dvar": 6.46246348879e-07, "dmean": 0.000683768710587, "max": 0.0113040283322, "var": 4.06131630371e-06, "mean": 0.00409292709082}, "zerocrossingrate": {"dmean2": 0.00679131876677, "median": 0.03271484375, "min": 0, "dvar2": 0.000111434470455, "dvar": 8.25975148473e-05, "dmean": 0.00624396977946, "max": 0.5009765625, "var": 0.000881280051544, "mean": 0.0404398366809}, "silence_rate_60dB": {"dmean2": 0.117367610335, "median": 0, "min": 0, "dvar2": 0.113655224442, "dvar": 0.0552362203598, "dmean": 0.058675609529, "max": 1, "var": 0.131013527513, "mean": 0.155049592257}, "erbbands_kurtosis": {"dmean2": 4.59821224213, "median": 1.28267240524, "min": -1.8676687479, "dvar2": 65.2787246704, "dvar": 28.9544868469, "dmean": 2.91291069984, "max": 138.963043213, "var": 60.9273986816, "mean": 3.63510417938}, "erbbands": {"dmean2": [0.000262783200014, 0.0132733285427, 0.437553972006, 1.53478658199, 3.87648439407, 12.9321947098, 32.4125175476, 19.4940395355, 13.5948734283, 12.297753334, 20.6329689026, 13.1296567917, 35.5335235596, 12.1151723862, 20.3509063721, 37.167301178, 27.1408233643, 57.7333602905, 30.6290950775, 35.1446075439, 16.5064888, 15.8805103302, 15.6249046326, 6.57033491135, 6.40299987793, 6.19337701797, 1.63726937771, 0.398760288954, 0.223314940929, 0.0724018365145, 0.0222046487033, 0.0104027343914, 0.00219772080891, 0.0002546881733, 4.08958621847e-05, 1.45570911627e-05, 5.8034970607e-06, 1.90375942566e-06, 4.37931703345e-06, 9.84065991361e-06], "median": [0.00019274452643, 0.00536788487807, 0.129898354411, 0.671315193176, 1.4040864706, 4.43356513977, 7.65033817291, 10.9492893219, 7.92010736465, 4.00649404526, 1.79001057148, 1.67779135704, 4.96226406097, 2.40187907219, 3.37446665764, 5.25790834427, 3.48737955093, 4.86414432526, 3.57357907295, 4.14236831665, 3.91289281845, 4.08276176453, 3.67598342896, 1.81169962883, 1.26448452473, 0.558054864407, 0.216467544436, 0.0903261676431, 0.0496843457222, 0.0172461662441, 0.00579374050722, 0.00217613973655, 0.000565338996239, 0.000115140835987, 3.64050647477e-05, 1.90182799997e-05, 9.67135474639e-06, 2.3344323381e-06, 1.04478940557e-05, 2.32741003856e-05], "min": [2.07910493911e-21, 8.11024256538e-21, 1.50052792627e-20, 6.25598829849e-20, 1.70649570493e-19, 6.74177079273e-20, 3.20814530104e-19, 6.81574904457e-19, 4.31136177087e-19, 1.26991032046e-18, 1.40318214524e-18, 1.80516617694e-18, 1.0714105481e-18, 1.20640807843e-18, 2.25522956476e-18, 8.37503164853e-18, 5.2486806031e-18, 5.00210426635e-18, 6.39336167248e-18, 6.85142989389e-18, 1.14378564637e-17, 9.44388052167e-18, 8.05612291671e-18, 1.28327534645e-17, 1.74712043182e-17, 2.03900649652e-17, 1.92984578718e-17, 1.55970066104e-17, 1.79141611906e-17, 2.05811006733e-17, 1.30217642345e-17, 1.21830254272e-17, 1.19852341351e-17, 1.08258933573e-17, 8.57767187345e-18, 7.58703623596e-18, 4.07917005327e-18, 1.4743758228e-18, 3.29661717894e-19, 2.98920875209e-20], "dvar2": [1.21279981613e-07, 0.000530676101334, 0.779863655567, 8.43812561035, 75.9420547485, 1073.85668945, 4985.85058594, 1768.60705566, 734.905517578, 2144.57177734, 12859.4697266, 3878.59008789, 20262.1171875, 2362.15380859, 5440.04882812, 11318.4072266, 9732.29003906, 33135.0625, 10915.6660156, 28406.4707031, 2692.77832031, 2080.42578125, 2230.55004883, 368.919555664, 409.484680176, 1125.19958496, 53.98695755, 1.39021635056, 0.356016904116, 0.0465762577951, 0.00338447280228, 0.00115461694077, 4.53216998721e-05, 6.45832756163e-07, 1.60924304993e-08, 1.53168744355e-09, 1.11634534949e-10, 1.00088990915e-11, 3.16401557732e-11, 1.66788652334e-10], "dvar": [5.56744161884e-08, 0.000245458155405, 0.39753767848, 3.83075737953, 39.8898429871, 620.931396484, 2254.12939453, 724.662414551, 309.527893066, 1043.97509766, 5344.84570312, 1910.02526855, 9670.82128906, 1609.18676758, 2858.19311523, 6496.58398438, 4643.20996094, 19272.9453125, 5711.73681641, 13692.8652344, 1615.62512207, 1151.07006836, 1139.21398926, 171.915939331, 216.54045105, 651.730285645, 38.0291671753, 0.81009054184, 0.217310413718, 0.0310253202915, 0.00193130935077, 0.000569738680497, 2.53744146903e-05, 2.82443892274e-07, 6.64821753205e-09, 6.22703333342e-10, 5.43033326639e-11, 5.87097384597e-12, 1.79684721963e-11, 9.02457344965e-11], "dmean": [0.000165437435498, 0.00857341196388, 0.301755219698, 1.02025079727, 2.68729019165, 9.08111572266, 21.2327423096, 12.741891861, 8.91741466522, 8.37540340424, 13.6737947464, 9.15813732147, 26.1732559204, 9.97073745728, 15.4240522385, 30.1238021851, 19.3971347809, 45.0980110168, 22.6860103607, 25.613286972, 12.5129346848, 11.8892259598, 11.0870361328, 4.57291221619, 4.54481840134, 4.4895234108, 1.2509868145, 0.269565284252, 0.157679468393, 0.0531457699835, 0.0153610203415, 0.00707544665784, 0.00147057208233, 0.000168107610079, 2.75487473118e-05, 9.79873675533e-06, 4.06782146456e-06, 1.35511777444e-06, 3.24619713865e-06, 7.19738045518e-06], "max": [0.0047572334297, 0.31196051836, 13.0243291855, 36.208278656, 191.505096436, 769.560302734, 1145.77429199, 542.44921875, 257.559936523, 1132.53686523, 1540.08837891, 1590.21520996, 1945.46398926, 1558.92199707, 1238.09338379, 1991.62609863, 1726.6027832, 3053.25439453, 1964.01965332, 3500.47167969, 1659.03308105, 1040.0970459, 1197.05480957, 609.988830566, 427.392700195, 1128.92858887, 275.845367432, 38.7652206421, 19.8775367737, 8.73001384735, 2.19122076035, 0.683079838753, 0.288033217192, 0.0154929747805, 0.00313183036633, 0.000952293572482, 0.00023172958754, 9.84180369414e-05, 6.08498194197e-05, 0.00014445304987], "var": [2.11198923239e-07, 0.000831125827972, 1.63907575607, 12.5865650177, 143.267379761, 2085.5378418, 4583.69921875, 1657.96191406, 919.992919922, 1649.87976074, 5887.00439453, 2957.05395508, 21034.2910156, 5450.48046875, 9354.85351562, 29849.4472656, 10081.2773438, 85163.78125, 18886.9863281, 27283.25, 5963.27099609, 3690.6550293, 2941.28393555, 407.987915039, 540.530883789, 1806.6151123, 156.450942993, 2.77210903168, 0.864520728588, 0.128765657544, 0.007348831743, 0.0014292668784, 8.97647332749e-05, 7.21045580576e-07, 1.49679149075e-08, 1.44552170234e-09, 2.01349936724e-10, 3.05601238759e-11, 9.15686623748e-11, 4.08581890543e-10], "mean": [0.000345393375028, 0.0159306675196, 0.59651863575, 2.07503533363, 5.26790857315, 17.261346817, 33.5212631226, 25.9975986481, 20.5249614716, 14.829870224, 19.3674354553, 13.1250352859, 46.2503356934, 18.6842346191, 32.552318573, 78.8406143188, 35.754940033, 99.9307098389, 48.5354309082, 41.9756507874, 26.4644126892, 24.3441543579, 21.1509304047, 8.96262550354, 8.42639541626, 8.5780210495, 2.50212335587, 0.517577886581, 0.312597334385, 0.109085910022, 0.0310140121728, 0.0122549524531, 0.00281778769568, 0.000362864520866, 6.93676265655e-05, 2.83423269138e-05, 1.30775451908e-05, 4.24597010351e-06, 1.17188528748e-05, 2.52757126873e-05]}, "spectral_strongpeak": {"dmean2": 1.36598837376, "median": 1.05189812183, "min": 0, "dvar2": 4.21375751495, "dvar": 1.91845214367, "dmean": 0.858708560467, "max": 17.9027576447, "var": 6.81569290161, "mean": 2.13964605331}, "spectral_energy": {"dmean2": 0.00851246993989, "median": 0.0198797937483, "min": 1.04188398393e-20, "dvar2": 0.000129849140649, "dvar": 6.87616411597e-05, "dmean": 0.00618472369388, "max": 0.130975589156, "var": 0.000288207287667, "mean": 0.0213337428868}, "average_loudness": 0.917610108852, "spectral_rolloff": {"dmean2": 547.164489746, "median": 818.26171875, "min": 21.533203125, "dvar2": 1926680, "dvar": 631662, "dmean": 316.720031738, "max": 18109.4238281, "var": 1004245.5625, "mean": 1118.61364746}, "spectral_centroid": {"dmean2": 289.492706299, "median": 780.628479004, "min": 182.731338501, "dvar2": 149803.671875, "dvar": 78471.96875, "dmean": 201.784698486, "max": 11691.4121094, "var": 440641, "mean": 978.531433105}, "pitch_salience": {"dmean2": 0.129221484065, "median": 0.558417499065, "min": 0.00602023862302, "dvar2": 0.0163126196712, "dvar": 0.00656580738723, "dmean": 0.0832588449121, "max": 0.858264625072, "var": 0.0200717616826, "mean": 0.545917928219}, "spectral_energyband_middle_high": {"dmean2": 0.00324329966679, "median": 0.00200353027321, "min": 1.64340471706e-21, "dvar2": 3.33875177603e-05, "dvar": 2.042619235e-05, "dmean": 0.00256213615648, "max": 0.062236327678, "var": 0.000139159470564, "mean": 0.00821351632476}, "spectral_contrast_coeffs": {"dmean2": [0.0816966816783, 0.0769853666425, 0.0702587291598, 0.0583068840206, 0.0455106794834, 0.043374568224], "median": [-0.505914390087, -0.623846709728, -0.718274235725, -0.74079656601, -0.765018999577, -0.708264946938], "min": [-0.962246477604, -0.966253221035, -0.970466971397, -0.96299213171, -0.960088551044, -0.96192085743], "dvar2": [0.00421817414463, 0.00420968746766, 0.00343622732908, 0.00261052302085, 0.00150692218449, 0.00147804559674], "dvar": [0.00181638763752, 0.00180293968879, 0.00183545332402, 0.00146259460598, 0.000827424053568, 0.000588192197029], "dmean": [0.0507461354136, 0.0485238842666, 0.0464766100049, 0.0401902273297, 0.0308080594987, 0.0266650095582], "max": [-0.172395035625, -0.328265339136, -0.324089437723, -0.39779523015, -0.477052241564, -0.517461955547], "var": [0.0139046655968, 0.00798435974866, 0.0163356997073, 0.013140052557, 0.00749907875434, 0.00307434261777], "mean": [-0.518875479698, -0.628027737141, -0.700614094734, -0.730219602585, -0.75704574585, -0.710943520069]}, "melbands_skewness": {"dmean2": 1.32345628738, "median": 1.91734004021, "min": -2.61253046989, "dvar2": 3.41417503357, "dvar": 1.47067415714, "dmean": 0.874086737633, "max": 68.9066314697, "var": 6.20043182373, "mean": 2.1671025753}, "spectral_spread": {"dmean2": 509933.96875, "median": 2013757.5, "min": 760877.875, "dvar2": 362685923328, "dvar": 218825490432, "dmean": 306361.28125, "max": 39642172, "var": 1054820007940.0, "mean": 2190329.25}, "dissonance": {"dmean2": 0.0576650425792, "median": 0.429613441229, "min": 0.154398515821, "dvar2": 0.00265404395759, "dvar": 0.00100646039937, "dmean": 0.0346884578466, "max": 0.499954104424, "var": 0.00290166214108, "mean": 0.418676912785}, "spectral_skewness": {"dmean2": 1.35188734531, "median": 1.92955482006, "min": -0.135875761509, "dvar2": 1.36240148544, "dvar": 0.468529284, "dmean": 0.790005385876, "max": 8.16246032715, "var": 1.21330320835, "mean": 2.13442015648}, "spectral_flux": {"dmean2": 0.0435829274356, "median": 0.0581175945699, "min": 1.02072718333e-10, "dvar2": 0.00216654501855, "dvar": 0.000894981261808, "dmean": 0.0280957520008, "max": 0.312940627337, "var": 0.00237696198747, "mean": 0.0699683651328}, "spectral_contrast_valleys": {"dmean2": [0.776474297047, 0.632776260376, 0.728312373161, 0.676968872547, 0.68985158205, 0.507505059242], "median": [-9.07297611237, -7.58438158035, -8.45021724701, -8.62574768066, -8.66293239594, -13.32563591], "min": [-27.4757995605, -28.1998996735, -27.6407699585, -27.2212963104, -27.2317676544, -27.2350082397], "dvar2": [0.388322681189, 0.296021670103, 0.397342532873, 0.372361391783, 0.439319401979, 0.221790879965], "dvar": [0.149170696735, 0.144621014595, 0.178699061275, 0.165524557233, 0.184865638614, 0.0954845026135], "dmean": [0.459075808525, 0.411033630371, 0.459740191698, 0.428657531738, 0.4293833673, 0.309425115585], "max": [-7.27159881592, -5.00008487701, -5.32291126251, -6.34810018539, -6.17803049088, -10.6955080032], "var": [1.01362466812, 1.50464498997, 1.33243095875, 1.25251877308, 1.13848567009, 0.435207247734], "mean": [-9.15410995483, -7.73062992096, -8.54470252991, -8.75383472443, -8.75552368164, -13.2973966599]}, "erbbands_flatness_db": {"dmean2": 0.0320653617382, "median": 0.3148445189, "min": 0.0358376652002, "dvar2": 0.00100135046523, "dvar": 0.000467801844934, "dmean": 0.0211431141943, "max": 0.47745141387, "var": 0.00345872459002, "mean": 0.310405761003}, "spectral_energyband_high": {"dmean2": 8.72918753885e-05, "median": 9.49393779592e-06, "min": 7.57847690702e-21, "dvar2": 2.59261213387e-07, "dvar": 1.54675518615e-07, "dmean": 6.38973942841e-05, "max": 0.0175623856485, "var": 4.07334482588e-07, "mean": 0.000119391610497}, "spectral_entropy": {"dmean2": 0.469008713961, "median": 6.43086481094, "min": 3.83299136162, "dvar2": 0.211756706238, "dvar": 0.0860406905413, "dmean": 0.292741298676, "max": 9.79985523224, "var": 0.341638326645, "mean": 6.45662593842}, "silence_rate_20dB": {"dmean2": 0, "median": 1, "min": 1, "dvar2": 0, "dvar": 0, "dmean": 0, "max": 1, "var": 0, "mean": 1}, "melbands_flatness_db": {"dmean2": 0.0507175587118, "median": 0.316786676645, "min": 0.004277322907, "dvar2": 0.00271600857377, "dvar": 0.0011909204768, "dmean": 0.0331833846867, "max": 0.637119352818, "var": 0.00600305246189, "mean": 0.32326361537}, "barkbands": {"dmean2": [1.32623426907e-06, 2.24499599426e-05, 0.000647663429845, 0.000517242879141, 0.00348251243122, 0.0030326761771, 0.000769043108448, 0.000955570721999, 0.000761846371461, 0.00089300313266, 0.000234828941757, 0.000961282697972, 0.000747223559301, 0.00116429908667, 0.000753214873839, 0.000390840432374, 0.000351166119799, 0.000283807632513, 0.000138208139106, 0.00012972218974, 1.83810407179e-05, 5.23633889316e-06, 1.00291038052e-06, 2.98292576417e-07, 1.14916183236e-08, 2.30249463939e-09, 1.75010017589e-09], "median": [5.36695915798e-06, 7.59533986638e-06, 0.0001684941235, 0.000189349084394, 0.00148186017759, 0.0015604509972, 0.000351693801349, 8.23593290988e-05, 3.94290327677e-05, 0.000104753307824, 1.0456423297e-05, 0.000105304563476, 2.1362600819e-05, 6.21166691417e-05, 5.17966909683e-05, 4.25161415478e-05, 5.86917158216e-05, 4.98308436363e-05, 2.86337544821e-05, 1.05222725324e-05, 3.14187877848e-06, 1.14932413453e-06, 2.34159969636e-07, 5.77716683381e-08, 4.82802420265e-09, 1.29694199824e-09, 9.61584700754e-10], "min": [1.13447214851e-23, 4.8726341461e-23, 1.24057559687e-23, 2.4228693612e-23, 3.8574925923e-23, 7.98797523401e-23, 3.79226862602e-23, 7.1054620243e-23, 8.49060079967e-23, 3.20548801008e-23, 2.8879897973e-23, 2.12108263864e-22, 7.37018039381e-23, 1.03679685851e-22, 1.29331978363e-22, 1.69692336328e-22, 1.77192118995e-22, 1.75374495117e-22, 3.00308719084e-22, 4.53846345276e-22, 3.65177723196e-22, 5.14281219038e-22, 5.51513080871e-22, 6.93666623786e-22, 1.03568192668e-21, 2.03010155601e-21, 2.37905928925e-21], "dvar2": [1.46193701676e-12, 9.83743309035e-10, 1.74175386292e-06, 9.60882289291e-07, 5.00750247738e-05, 3.80833698728e-05, 4.11291148339e-06, 2.35905135924e-05, 1.27775283545e-05, 1.14352396849e-05, 2.10450707527e-06, 6.87941155775e-06, 7.6550495578e-06, 1.23159834402e-05, 1.08048388938e-05, 2.86247109216e-06, 1.09473592147e-06, 8.79696244738e-07, 1.66363918197e-07, 3.39402760119e-07, 5.35854560724e-09, 1.96749658232e-10, 7.50525509796e-12, 9.74782320834e-13, 1.66262350211e-15, 3.67525577493e-17, 7.8363691521e-18], "dvar": [5.75303964623e-13, 3.53392343166e-10, 8.90579656243e-07, 4.05979278639e-07, 2.75982001767e-05, 1.6327810954e-05, 1.93324240172e-06, 1.0069761629e-05, 5.77350101594e-06, 6.27329109193e-06, 1.09715097096e-06, 4.01012903239e-06, 3.78729623662e-06, 7.12706196282e-06, 4.94038204124e-06, 1.54745873715e-06, 6.21763263098e-07, 4.2497580921e-07, 7.72098545099e-08, 2.06944349657e-07, 2.70018318815e-09, 1.17091489282e-10, 4.13301164126e-12, 4.94852260297e-13, 6.48212662254e-16, 1.39629807935e-17, 2.89383367717e-18], "dmean": [8.40751908981e-07, 1.28703950395e-05, 0.00044742540922, 0.000328611786244, 0.00240690051578, 0.00198421883397, 0.000509381701704, 0.000637834367808, 0.000518882181495, 0.000686356797814, 0.000164701472386, 0.000735154666472, 0.000528365955688, 0.000879865547176, 0.000519863096997, 0.000274687859928, 0.000257043662714, 0.000196889799554, 9.38612720347e-05, 9.4566399639e-05, 1.23221816466e-05, 3.72672343474e-06, 6.72539954394e-07, 1.9905883164e-07, 7.22863946478e-09, 1.35112487865e-09, 9.87805170993e-10], "max": [1.36437802212e-05, 0.000239259243244, 0.0197833552957, 0.0148044507951, 0.125663891435, 0.0614227540791, 0.0560516156256, 0.0631849840283, 0.0597983635962, 0.0584691874683, 0.0312631130219, 0.0452951304615, 0.0444369204342, 0.0509216487408, 0.0561238378286, 0.0499987564981, 0.0227236151695, 0.0254534967244, 0.0108295083046, 0.0164035502821, 0.0019469994586, 0.000475953798741, 9.89629043033e-05, 2.63514157268e-05, 7.81045287113e-07, 1.29406444671e-07, 5.20310230456e-08], "var": [4.51842599794e-12, 4.5005005278e-10, 3.73399075215e-06, 9.79033188742e-07, 9.85906008282e-05, 3.38673271472e-05, 3.69800272892e-06, 1.19053611343e-05, 9.27055680222e-06, 1.76013254531e-05, 1.80042479769e-06, 2.18776185648e-05, 9.82827077678e-06, 2.94820747513e-05, 8.83378197614e-06, 3.13209466185e-06, 1.96733844859e-06, 9.22207675558e-07, 1.67842870269e-07, 7.20690366052e-07, 5.93509241753e-09, 4.64059374261e-10, 1.31162034359e-11, 1.31802685086e-12, 1.04063376229e-15, 1.97504607914e-17, 4.11837965508e-18], "mean": [5.45996681467e-06, 1.58043312695e-05, 0.000877617509104, 0.000596125086304, 0.00476829102263, 0.00372251891531, 0.00102962600067, 0.000927833083551, 0.000727533886675, 0.00124107219744, 0.000207324192161, 0.00211123959161, 0.000886805122718, 0.00179825059604, 0.000799119006842, 0.000425174250267, 0.000479941867525, 0.000343030609656, 0.000160241252161, 0.0