{"metadata": {"tags": {"artist": ["Buju Banton"], "genre": ["Reggae"], "musicbrainz_albumid": ["e0c51f78-8ffd-44e6-9e1c-aa44c23c3e62"], "file_name": "Buju Banton-The Early Years (90-95)-07-Good Looking Gal.mp3", "title": ["Good Looking Gal"], "tracknumber": ["07"], "musicbrainz_albumartistid": [""], "album": ["The Early Years (90-95)"], "musicbrainz album status": ["official"], "musicbrainz album type": ["album"], "musicbrainz_recordingid": ["02d9ca41-12ca-4674-8bb2-02c958eb92b8"], "encodedby": ["sanchez"], "date": ["90"], "musicbrainz_artistid": ["9f525d0b-3911-4c83-b0d1-e90aa1fd2d14"], "length": ["206000"]}, "audio_properties": {"sample_rate": 44100, "downmix": "mix", "lossless": false, "analysis_sample_rate": 44100, "md5_encoded": "34e095068a714224ade206d82e2ccf0b", "equal_loudness": 0, "replay_gain": -12.5837574005, "codec": "mp3", "bit_rate": 180304, "length": 206.733062744}, "version": {"extractor": "music 1.0", "essentia_build_sha": "70f2e5ece6736b2c40cc944ad0e695b16b925413", "essentia_git_sha": "v2.1_beta2", "essentia": "2.1-beta2"}}, "rhythm": {"beats_loudness_band_ratio": {"dvar2": [0.145328462124, 0.0601987726986, 0.0676925256848, 0.063409358263, 0.0438547469676, 0.0672635212541], "var": [0.115363530815, 0.0179784111679, 0.0257605332881, 0.0244427565485, 0.0183220095932, 0.017712879926], "min": [0.000161413830938, 0.0013483192306, 0.000831287412439, 0.000147743106936, 3.00842839351e-05, 7.06130640538e-06], "dmean": [0.287501841784, 0.101271532476, 0.130996629596, 0.126181080937, 0.148679122329, 0.115334190428], "mean": [0.485740363598, 0.0900854840875, 0.122186891735, 0.118002250791, 0.11864683032, 0.0839091092348], "max": [0.9922529459, 0.960260033607, 0.90176653862, 0.871361732483, 0.675817251205, 0.970540463924], "dmean2": [0.500367939472, 0.17963321507, 0.236364364624, 0.228144198656, 0.271566331387, 0.218348294497], "median": [0.515943050385, 0.042086020112, 0.0651425868273, 0.0516755953431, 0.0502433255315, 0.0323676839471], "dvar": [0.0588051788509, 0.0224939659238, 0.0245642475784, 0.0224518831819, 0.0173945948482, 0.0239176359028]}, "bpm_histogram_first_peak_weight": {"dvar2": 0, "var": 0, "min": 0.472616642714, "dmean": 0, "mean": 0.472616642714, "max": 0.472616642714, "dmean2": 0, "median": 0.472616642714, "dvar": 0}, "bpm": 149.253082275, "beats_count": 494, "bpm_histogram_first_peak_spread": {"dvar2": 0, "var": 0, "min": 0.458139538765, "dmean": 0, "mean": 0.458139538765, "max": 0.458139538765, "dmean2": 0, "median": 0.458139538765, "dvar": 0}, "danceability": 1.21357095242, "bpm_histogram_first_peak_bpm": {"dvar2": 0, "var": 0, "min": 148, "dmean": 0, "mean": 148, "max": 148, "dmean2": 0, "median": 148, "dvar": 0}, "beats_position": [0.510838985443, 1.03328800201, 1.54412698746, 2.04335594177, 2.55419492722, 3.06503391266, 3.58748292923, 4.1099319458, 4.62077093124, 5.13160991669, 5.64244890213, 6.14167785645, 6.64090681076, 7.14013576508, 7.72063493729, 8.3011341095, 8.88163280487, 9.47374153137, 10.0658502579, 10.6347389221, 11.2036275864, 11.7725172043, 12.387845993, 13.0147848129, 13.6533327103, 14.2802715302, 14.8839902878, 15.4877090454, 16.0798187256, 16.637096405, 17.2059860229, 17.7632656097, 18.3205432892, 18.877822876, 19.4815406799, 20.0852603912, 20.6773700714, 21.2810878754, 21.8848075867, 22.4653053284, 23.0458049774, 23.6263027191, 24.0558719635, 24.497051239, 24.9382305145, 25.37940979, 25.8205890656, 26.2617683411, 26.7145576477, 27.1209068298, 27.527256012, 27.9336051941, 28.3399543762, 28.7463035583, 29.1526527405, 29.5590019226, 29.9537410736, 30.3484802246, 30.7432193756, 31.1379585266, 31.5326976776, 31.9390468597, 32.3453979492, 32.7517471313, 33.1580963135, 33.5644454956, 33.9707946777, 34.3655319214, 34.7602729797, 35.1550102234, 35.5613594055, 35.9677085876, 36.3740577698, 36.7687988281, 37.1751480103, 37.5814971924, 37.9878463745, 38.3941955566, 38.7889328003, 39.1836738586, 39.5900230408, 39.9847602844, 40.3795013428, 40.7858505249, 41.192199707, 41.5985488892, 41.9932861328, 42.3996353149, 42.8059844971, 43.2007255554, 43.6070747375, 44.0134239197, 44.4197731018, 44.8145103455, 45.2092514038, 45.6039886475, 46.0103378296, 46.4050788879, 46.8114280701, 47.2177772522, 47.6241264343, 48.0304756165, 48.4252128601, 48.8199539185, 49.2263031006, 49.6326522827, 50.0273895264, 50.4337387085, 50.8284797668, 51.2232208252, 51.6295700073, 52.0359191895, 52.4306564331, 52.8370056152, 53.2433547974, 53.6497039795, 54.0560531616, 54.4624023438, 54.8571434021, 55.2518806458, 55.6582298279, 56.0529708862, 56.4477081299, 56.854057312, 57.2604064941, 57.6551475525, 58.0498847961, 58.4562339783, 58.8625831604, 59.2689323425, 59.6636734009, 60.070022583, 60.4647598267, 60.859500885, 61.2658500671, 61.6721992493, 62.0901565552, 62.4848976135, 62.8796348572, 63.2743759155, 63.6807250977, 64.0870742798, 64.4818115234, 64.8881607056, 65.2945098877, 65.6892471313, 66.0839920044, 66.478729248, 66.8966903687, 67.3030395508, 67.6977767944, 68.1041259766, 68.4988632202, 68.9052124023, 69.3115615845, 69.7179107666, 70.1242599487, 70.5189971924, 70.9137420654, 71.3084793091, 71.7264404297, 72.1327896118, 72.5391387939, 72.9454879761, 73.3518371582, 73.7465744019, 74.1413116455, 74.5360565186, 74.9307937622, 75.3371429443, 75.731880188, 76.1382293701, 76.5561904907, 76.9509277344, 77.345664978, 77.7520141602, 78.1467590332, 78.5531082153, 78.947845459, 79.3541946411, 79.7605438232, 80.1552810669, 80.5500183105, 80.9563674927, 81.3627166748, 81.7690658569, 82.1754150391, 82.5817642212, 82.9881134033, 83.3828582764, 83.77759552, 84.1723327637, 84.5786819458, 84.9734191895, 85.3797683716, 85.7861175537, 86.1924667358, 86.5872116089, 86.9819488525, 87.3766860962, 87.7714233398, 88.1661682129, 88.572517395, 88.9788665771, 89.3852157593, 89.7915649414, 90.1863021851, 90.5810394287, 90.9873886108, 91.3821334839, 91.788482666, 92.1948318481, 92.6011810303, 92.9959182739, 93.3906555176, 93.7970046997, 94.2033538818, 94.5980911255, 95.0044403076, 95.4107894897, 95.8055343628, 96.2002716064, 96.5950088501, 97.0013580322, 97.4077072144, 97.802444458, 98.2204055786, 98.6267547607, 99.0331039429, 99.4278411865, 99.8225860596, 100.228935242, 100.635284424, 101.030021667, 101.424758911, 101.831108093, 102.237457275, 102.632194519, 103.026939392, 103.433288574, 103.839637756, 104.257591248, 104.652336121, 105.058685303, 105.453422546, 105.859771729, 106.254508972, 106.649246216, 107.055595398, 107.450340271, 107.856689453, 108.263038635, 108.669387817, 109.064125061, 109.458862305, 109.865211487, 110.271560669, 110.666305542, 111.061042786, 111.467391968, 111.87374115, 112.280090332, 112.674827576, 113.081176758, 113.475914001, 113.882263184, 114.288612366, 114.683357239, 115.089706421, 115.496055603, 115.890792847, 116.297142029, 116.703491211, 117.109840393, 117.516189575, 117.922538757, 118.317276001, 118.712013245, 119.106758118, 119.501495361, 119.907844543, 120.302581787, 120.697319031, 121.103668213, 121.510017395, 121.916366577, 122.322715759, 122.717460632, 123.123809814, 123.530158997, 123.92489624, 124.319633484, 124.714370728, 125.109115601, 125.515464783, 125.921813965, 126.328163147, 126.722900391, 127.129249573, 127.535598755, 127.941947937, 128.336685181, 128.731430054, 129.126159668, 129.544128418, 129.938858032, 130.333602905, 130.739959717, 131.14630127, 131.541046143, 131.935775757, 132.342132568, 132.748474121, 133.143218994, 133.549560547, 133.955917358, 134.350662231, 134.745391846, 135.151748657, 135.55809021, 135.964447021, 136.359176636, 136.765533447, 137.171875, 137.578231812, 137.961364746, 138.367706299, 138.77406311, 139.180404663, 139.575149536, 139.96987915, 140.376235962, 140.782577515, 141.177322388, 141.572067261, 141.978408813, 142.384765625, 142.779495239, 143.174240112, 143.580581665, 143.986938477, 144.393280029, 144.799636841, 145.205978394, 145.612335205, 146.007064819, 146.401809692, 146.808166504, 147.214508057, 147.60925293, 148.003982544, 148.410339355, 148.816680908, 149.211425781, 149.606170654, 150.012512207, 150.418869019, 150.825210571, 151.231567383, 151.637908936, 152.044265747, 152.438995361, 152.845352173, 153.251693726, 153.669662476, 154.06439209, 154.459136963, 154.865478516, 155.283447266, 155.701400757, 156.130966187, 156.560546875, 156.990112305, 157.408065796, 157.849243164, 158.278823853, 158.696777344, 159.126342773, 159.555908203, 159.985488892, 160.42666626, 160.844619751, 161.262588501, 161.680541992, 162.075286865, 162.470016479, 162.864761353, 163.271102905, 163.677459717, 164.072189331, 164.478546143, 164.884887695, 165.279632568, 165.674377441, 166.080718994, 166.475463867, 166.88180542, 167.276550293, 167.682891846, 168.089248657, 168.48399353, 168.878723145, 169.285079956, 169.691421509, 170.086166382, 170.492507935, 170.898864746, 171.293609619, 171.699951172, 172.106307983, 172.524261475, 172.919006348, 173.313735962, 173.708480835, 174.103210449, 174.509567261, 174.904312134, 175.310653687, 175.717010498, 176.123352051, 176.518096924, 176.912826538, 177.31918335, 177.725524902, 178.120269775, 178.526611328, 178.93296814, 179.327713013, 179.734054565, 180.140411377, 180.535140991, 180.941497803, 181.347839355, 181.742584229, 182.137313843, 182.543670654, 182.938415527, 183.34475708, 183.762710571, 184.157455444, 184.552200317, 184.946929932, 185.353286743, 185.759628296, 186.165985107, 186.549118042, 186.955459595, 187.361816406, 187.768157959, 188.174514771, 188.580856323, 188.975601196, 189.370330811, 189.765075684, 190.171432495, 190.566162109, 190.960906982, 191.367248535, 191.773605347, 192.179946899, 192.586303711, 192.981033325, 193.387390137, 193.793731689, 194.200088501, 194.594833374, 195.001174927, 195.407531738, 195.802261353, 196.197006226, 196.59173584, 196.998092651, 197.404434204, 197.810791016, 198.217132568, 198.62348938, 199.018234253, 199.412963867, 199.80770874, 200.202438354, 200.608795166, 201.015136719, 201.409881592, 201.804626465, 202.210968018, 202.617324829, 203.023666382, 203.441635132, 203.859588623, 204.277542114, 204.707122803, 205.148300171, 205.589477539, 206.030654907], "beats_loudness": {"dvar2": 0.00330681190826, "var": 0.00202261074446, "min": 5.80535655104e-08, "dmean": 0.0414675958455, "mean": 0.0694811940193, "max": 0.203761875629, "dmean2": 0.0729293003678, "median": 0.0655460581183, "dvar": 0.00114337133709}, "bpm_histogram_second_peak_weight": {"dvar2": 0, "var": 0, "min": 0.0202839765698, "dmean": 0, "mean": 0.0202839765698, "max": 0.0202839765698, "dmean2": 0, "median": 0.0202839765698, "dvar": 0}, "bpm_histogram_second_peak_spread": {"dvar2": 0, "var": 0, "min": 0.5, "dmean": 0, "mean": 0.5, "max": 0.5, "dmean2": 0, "median": 0.5, "dvar": 0}, "bpm_histogram_second_peak_bpm": {"dvar2": 0, "var": 0, "min": 136, "dmean": 0, "mean": 136, "max": 136, "dmean2": 0, "median": 136, "dvar": 0}, "onset_rate": 4.98185062408}, "lowlevel": {"spectral_energyband_high": {"dvar2": 1.34250185511e-05, "var": 1.25816495711e-05, "min": 7.24493732764e-21, "dmean": 0.00123834516853, "mean": 0.00167951406911, "max": 0.028703102842, "dmean2": 0.0017684790073, "median": 0.000355838128598, "dvar": 7.45030865801e-06}, "spectral_energyband_middle_low": {"dvar2": 7.31886830181e-05, "var": 5.28904856765e-05, "min": 2.50410376442e-22, "dmean": 0.00405473448336, "mean": 0.00773019436747, "max": 0.0669920071959, "dmean2": 0.00619762809947, "median": 0.00627899635583, "dvar": 3.00792398775e-05}, "spectral_energy": {"dvar2": 0.00104063050821, "var": 0.00125990225933, "min": 1.01800827181e-20, "dmean": 0.0147700896487, "mean": 0.0331046059728, "max": 0.233047217131, "dmean2": 0.0207771938294, "median": 0.0208207853138, "dvar": 0.000512881553732}, "spectral_spread": {"dvar2": 3794233720830.0, "var": 10126337507300.0, "min": 769184.9375, "dmean": 1091923.5, "mean": 5539652.5, "max": 52942496, "dmean2": 1516925.375, "median": 4692524.5, "dvar": 2196804075520.0}, "spectral_energyband_low": {"dvar2": 0.00102107913699, "var": 0.000925294763874, "min": 2.35523226941e-23, "dmean": 0.00968903768808, "mean": 0.0173154808581, "max": 0.217510610819, "dmean2": 0.0141847450286, "median": 0.00120506284293, "dvar": 0.000445698009571}, "spectral_rolloff": {"dvar2": 6575162, "var": 6566111.5, "min": 64.599609375, "dmean": 949.498291016, "mean": 2059.04003906, "max": 19078.4179688, "dmean2": 1599.57275391, "median": 1313.52539062, "dvar": 3244024.25}, "barkbands": {"dvar2": [2.50907930877e-07, 0.000958899676334, 6.92199682817e-05, 2.70230589194e-06, 1.03455886347e-05, 8.55635244079e-06, 3.46729466401e-05, 7.15190981282e-06, 2.05789383472e-05, 6.01827969149e-06, 3.16406567435e-06, 6.20887931291e-06, 6.1799642026e-06, 5.57442081117e-06, 3.77191054213e-06, 3.80910364584e-06, 5.80068308409e-06, 6.3029847297e-06, 1.80738777544e-06, 9.8156021977e-07, 4.44427172397e-07, 3.9224121906e-07, 2.10443261039e-07, 1.16788271498e-06, 9.41023870382e-07, 6.63092009745e-07, 1.58393997918e-09], "var": [1.50141502786e-07, 0.000649934692774, 8.72260643519e-05, 7.41733856557e-07, 8.21627781988e-06, 3.93144455302e-06, 2.1438134354e-05, 3.5889040646e-06, 9.29408543016e-06, 4.37104563389e-06, 1.84111047474e-06, 3.90911509385e-06, 3.36712764692e-06, 2.59218950305e-06, 2.96696566693e-06, 3.29214071826e-06, 3.25573114424e-06, 2.9663224268e-06, 1.16646106108e-06, 6.42335407974e-07, 3.27229173536e-07, 2.93679164542e-07, 1.72872418602e-07, 1.02629428511e-06, 6.39741756459e-07, 4.36639680856e-07, 1.16002452089e-09], "min": [1.22917377605e-24, 5.27037615791e-24, 2.19105524779e-24, 2.63619466547e-25, 1.84597396126e-23, 1.04559947336e-23, 1.05272462283e-23, 1.40625405745e-23, 2.04821454708e-23, 2.07102051585e-23, 1.33232769321e-23, 3.62565899403e-23, 4.99198280572e-23, 4.69108916836e-23, 5.83503056652e-23, 8.96558594139e-23, 9.26048612913e-23, 1.18722013758e-22, 1.05500244291e-22, 2.0294565076e-22, 2.63476285926e-22, 3.51784758292e-22, 4.22419313258e-22, 6.70362082302e-22, 8.77517561858e-22, 1.29009115896e-21, 2.01544212225e-21], "dmean": [0.000125083039165, 0.00864164251834, 0.00191084994003, 0.000335944001563, 0.00132549914997, 0.000692392233759, 0.0019269612385, 0.000517770415172, 0.000985691905953, 0.000609702779911, 0.000452715496067, 0.000641108083073, 0.000667019572575, 0.000533962680493, 0.000608915637713, 0.000699903524946, 0.000595785444602, 0.000386749248719, 0.000270233053016, 0.000211879916606, 0.000187210927834, 0.000163140983204, 0.000132245215354, 0.000298487371765, 0.000263473950326, 0.000200553316972, 1.01889108919e-05], "mean": [0.000158560695127, 0.0139018110931, 0.00312120723538, 0.000315014127409, 0.0023522968404, 0.000786539108958, 0.00236895866692, 0.000591487681959, 0.00112629204523, 0.000770620652474, 0.000513233593665, 0.000731435080525, 0.00078933435725, 0.000599018007051, 0.000832310586702, 0.000955604715273, 0.00071632763138, 0.000409596861573, 0.000285946123768, 0.000265969167231, 0.000245100207394, 0.000200184382265, 0.000157925096573, 0.000381780933822, 0.000304063549265, 0.000213145263842, 1.08134481707e-05], "max": [0.00442536175251, 0.206292033195, 0.100979819894, 0.0224722251296, 0.0377642065287, 0.0388933047652, 0.0421700924635, 0.0400695577264, 0.0460319817066, 0.0390049628913, 0.0217326320708, 0.0344309136271, 0.0365584157407, 0.0700893029571, 0.030823443085, 0.0235497597605, 0.0212439987808, 0.0220891721547, 0.0150993233547, 0.00816155597568, 0.00758948642761, 0.00714849401265, 0.00430491752923, 0.0127029977739, 0.0141843529418, 0.00619065668434, 0.000402907870011], "dmean2": [0.000189676517039, 0.0129192974418, 0.00300847180188, 0.000582269392908, 0.00201495573856, 0.00112178141717, 0.00295029580593, 0.000817026244476, 0.00159271375742, 0.000933922128752, 0.000702863908373, 0.000986500410363, 0.00106418330688, 0.000868902599905, 0.000937303120736, 0.00106300669722, 0.000947138178162, 0.000629963178653, 0.000414541485952, 0.000344225962181, 0.000275866274023, 0.000234698309214, 0.000191419472685, 0.000448449980468, 0.000374171941075, 0.00028861159808, 1.41472155519e-05], "median": [1.5456064375e-06, 0.000423621851951, 9.33453193284e-05, 3.06694782921e-05, 0.00133351783734, 0.000169861508766, 0.000433692941442, 6.96548449923e-05, 9.09411246539e-05, 6.47336128168e-05, 6.0332215071e-05, 8.93221513252e-05, 0.000114915892482, 0.00010756716074, 0.000184924516361, 0.000228445293033, 0.000117822055472, 3.70060770365e-05, 2.34294366237e-05, 4.68316902698e-05, 7.14294073987e-05, 4.57904534414e-05, 1.86130582733e-05, 4.64761833427e-05, 2.11137066799e-05, 6.59454417473e-06, 1.78615337632e-07], "dvar": [1.12581879819e-07, 0.000398886098992, 2.78001298284e-05, 9.69219399849e-07, 4.26775022788e-06, 3.39886014444e-06, 1.51501435539e-05, 2.88582850771e-06, 7.92586342868e-06, 2.65640778707e-06, 1.34306856125e-06, 2.79714436147e-06, 2.49735217039e-06, 2.17047272599e-06, 1.69866018496e-06, 1.8256474732e-06, 2.48835840466e-06, 2.69160841526e-06, 9.11888321298e-07, 4.49687291848e-07, 2.15327546016e-07, 2.05955430488e-07, 1.1282779866e-07, 5.69125404581e-07, 4.52297939546e-07, 3.39312038022e-07, 8.3500545367e-10]}, "melbands_skewness": {"dvar2": 6.63505601883, "var": 8.12824440002, "min": -3.45553016663, "dmean": 1.48227620125, "mean": 3.03538322449, "max": 22.1238231659, "dmean2": 2.2294485569, "median": 2.28055214882, "dvar": 2.92405152321}, "barkbands_skewness": {"dvar2": 3.40148973465, "var": 4.18907308578, "min": -6.91853713989, "dmean": 1.09163117409, "mean": 1.63225746155, "max": 21.4912986755, "dmean2": 1.62403225899, "median": 1.32983028889, "dvar": 1.55738329887}, "erbbands": {"dvar2": [0.452804863453, 64.6814880371, 128.157745361, 24.5050868988, 90.9350662231, 177.133834839, 460.29989624, 609.427429199, 4648.01757812, 6415.45654297, 3887.84912109, 10457.4169922, 8484.57421875, 3772.97412109, 5962.14013672, 8173.35107422, 10908.2617188, 10966.0810547, 8575.06738281, 10648.6962891, 12699.5634766, 16577.7070312, 15259.9746094, 13286.8925781, 1532.65563965, 2425.93969727, 856.195617676, 662.558959961, 579.72644043, 211.086242676, 198.833480835, 371.522277832, 458.537261963, 173.820007324, 39.7849884033, 23.9694404602, 1.45763623714, 0.0131864408031, 4.52420390502e-05, 3.23834008498e-08], "var": [0.396899729967, 39.6047401428, 166.435409546, 13.3437623978, 32.3771972656, 159.019302368, 348.637145996, 298.067657471, 3126.91162109, 3776.71875, 1613.26416016, 4296.09179688, 5311.14697266, 3343.02197266, 4266.54443359, 5041.44335938, 6121.83837891, 6446.60693359, 6117.91601562, 8446.00683594, 11753.3105469, 9575.14746094, 9798.55664062, 5611.41894531, 1434.16186523, 1626.38781738, 649.993774414, 488.39263916, 401.469207764, 164.010177612, 156.445785522, 266.028686523, 393.853607178, 111.77141571, 28.8621120453, 15.213177681, 0.948154568672, 0.01007171534, 3.52863462467e-05, 2.84385439642e-08], "min": [8.97329910778e-23, 1.02944535645e-21, 2.01270592349e-21, 5.86162557937e-21, 3.47297079306e-20, 4.29146019307e-20, 8.32282830592e-20, 9.60176973261e-20, 1.66072095155e-19, 2.25079386043e-19, 3.13169494238e-19, 4.31724302502e-19, 6.07418007446e-19, 9.63566565541e-19, 9.19219448348e-19, 1.87692099315e-18, 2.42851252936e-18, 2.31034812449e-18, 2.43689207576e-18, 4.31071238239e-18, 4.68728263394e-18, 5.64385745535e-18, 6.19342177867e-18, 5.12023475681e-18, 7.99373612773e-18, 9.41229628434e-18, 1.04511838485e-17, 1.15366896576e-17, 1.21601613279e-17, 1.22930296954e-17, 1.10817088879e-17, 1.24713781072e-17, 1.13948745047e-17, 9.12746739375e-18, 6.56134882e-18, 4.69164146218e-18, 2.32874400093e-18, 1.15465231808e-18, 2.65295020419e-19, 2.80188562445e-20], "dmean": [0.187408015132, 2.16744184494, 2.99009037018, 1.13008785248, 2.4760363102, 5.55793809891, 5.25302219391, 5.81009101868, 22.3123245239, 22.4757766724, 11.4198722839, 21.9358310699, 21.3967094421, 16.8099269867, 21.8555850983, 23.5060882568, 28.647687912, 30.1012248993, 25.8314590454, 34.7323150635, 39.1489257812, 30.8763656616, 21.5790195465, 18.0512199402, 9.25162506104, 10.3295459747, 8.47215557098, 6.84630584717, 6.23007154465, 3.7842643261, 4.00145816803, 5.24216032028, 5.52941226959, 3.21478843689, 1.77691757679, 1.20783877373, 0.295908212662, 0.0304945148528, 0.00176232308149, 5.88343755226e-05], "mean": [0.331525117159, 3.28012466431, 5.01494312286, 1.60308992863, 3.72402977943, 9.29810905457, 7.72485017776, 6.96109962463, 28.3769721985, 26.6894569397, 13.7903490067, 24.8254032135, 25.9986076355, 22.7809181213, 26.9844799042, 27.6067752838, 34.9517669678, 35.4343795776, 34.7893180847, 47.9709014893, 55.7538375854, 38.8562316895, 25.1594161987, 17.7196121216, 11.1228866577, 12.9591665268, 11.344789505, 8.80179977417, 7.50692558289, 4.69547367096, 4.79142951965, 6.34293556213, 7.0275053978, 3.76126742363, 2.02720379829, 1.26852500439, 0.313981115818, 0.0340260341763, 0.00192446203437, 8.84548935574e-05], "max": [4.7306265831, 54.0983810425, 132.656112671, 52.3038024902, 157.845092773, 133.905715942, 310.81930542, 383.263427734, 682.394348145, 808.266357422, 879.447937012, 808.509277344, 1417.58190918, 1522.60351562, 785.102722168, 1554.35974121, 1405.32653809, 1407.28308105, 2354.62548828, 1578.55480957, 1583.80407715, 1386.25976562, 1221.15661621, 1208.38635254, 442.654296875, 405.939239502, 295.375366211, 285.446502686, 272.546630859, 160.925842285, 154.283233643, 218.451263428, 326.538299561, 245.803634644, 76.3327178955, 36.7575950623, 9.66250038147, 1.02699184418, 0.0654703453183, 0.00154075352475], "dmean2": [0.270013004541, 3.32569217682, 4.57488489151, 1.84244716167, 3.90428781509, 8.43430995941, 8.19542217255, 9.34751415253, 34.1230430603, 34.6755714417, 18.0278682709, 35.923286438, 32.6298141479, 25.5674686432, 32.5841178894, 36.3497238159, 45.2864494324, 48.0718193054, 39.6145820618, 53.2391471863, 58.7705688477, 49.050113678, 34.1936073303, 28.2005996704, 13.9232654572, 16.7691993713, 12.8790578842, 10.0586395264, 9.07731342316, 5.42714977264, 5.79863882065, 7.88988542557, 8.327460289, 4.6924366951, 2.48289465904, 1.74674594402, 0.42087829113, 0.0416261330247, 0.00243566278368, 8.03372604423e-05], "median": [0.00676251109689, 0.118536688387, 0.286355853081, 0.242554143071, 1.94483423233, 4.35407972336, 1.9041929245, 2.1060321331, 5.73310136795, 5.39163255692, 2.49948334694, 2.26782155037, 2.31748080254, 2.68803167343, 3.65665388107, 4.00525522232, 5.86581993103, 6.96251869202, 8.1655664444, 11.8385915756, 13.3775348663, 7.07197475433, 2.79995727539, 1.48941242695, 1.24391508102, 2.21816635132, 3.26505279541, 2.44228720665, 1.76634323597, 0.925951600075, 0.550716817379, 0.755934715271, 0.804443120956, 0.285779565573, 0.122528873384, 0.0443765521049, 0.00838631764054, 0.00108759454452, 4.70047889394e-05, 3.1295207009e-05], "dvar": [0.196892783046, 26.3901309967, 54.7166976929, 8.96589851379, 33.3256874084, 77.2053604126, 196.312866211, 246.174560547, 2070.06591797, 2839.83300781, 1528.56640625, 3934.12670898, 3656.15429688, 1695.22741699, 2725.94824219, 3613.25537109, 4416.02783203, 4545.91455078, 3733.28417969, 4846.64257812, 6186.32324219, 7189.47949219, 7443.57617188, 5685.99316406, 881.664245605, 1131.73925781, 410.830596924, 331.889129639, 292.716918945, 113.140853882, 103.681877136, 171.933074951, 220.730606079, 79.7165756226, 20.3278865814, 12.0779094696, 0.735577821732, 0.00700762681663, 2.46849613177e-05, 1.80391168669e-08]}, "silence_rate_30dB": {"dvar2": 0.128714367747, "var": 0.0551866702735, "min": 0, "dmean": 0.060422282666, "mean": 0.941381275654, "max": 1, "dmean2": 0.12085814029, "median": 1, "dvar": 0.0567761622369}, "melbands_spread": {"dvar2": 1403.67858887, "var": 1312.82177734, "min": 0.230256259441, "dmean": 14.7912349701, "mean": 30.2774810791, "max": 310.079284668, "dmean2": 22.8376903534, "median": 19.0051784515, "dvar": 672.731140137}, "melbands_crest": {"dvar2": 33.6976585388, "var": 51.8105888367, "min": 1.00132870674, "dmean": 4.26776170731, "mean": 17.5357933044, "max": 34.2702522278, "dmean2": 6.60202741623, "median": 17.56133461, "dvar": 14.6791419983}, "zerocrossingrate": {"dvar2": 0.000857839360833, "var": 0.00449369614944, "min": 0.00244140625, "dmean": 0.0210130941123, "mean": 0.0745627135038, "max": 0.525390625, "dmean2": 0.0224225465208, "median": 0.056640625, "dvar": 0.000835272308905}, "barkbands_kurtosis": {"dvar2": 942.112487793, "var": 450.628143311, "min": -1.9722789526, "dmean": 7.72876644135, "mean": 7.93848180771, "max": 706.473754883, "dmean2": 12.5069828033, "median": 1.93425655365, "dvar": 398.116516113}, "spectral_flux": {"dvar2": 0.0038396010641, "var": 0.00370360328816, "min": 6.50046821926e-11, "dmean": 0.0361536666751, "mean": 0.0979942083359, "max": 0.389889508486, "dmean2": 0.0572560280561, "median": 0.0853544175625, "dvar": 0.00173315021675}, "barkbands_crest": {"dvar2": 27.1706008911, "var": 32.0998840332, "min": 1.99930012226, "dmean": 3.70176053047, "mean": 13.02850914, "max": 26.5882320404, "dmean2": 5.91707229614, "median": 12.3177204132, "dvar": 11.0333356857}, "barkbands_flatness_db": {"dvar2": 0.00286199012771, "var": 0.00463515566662, "min": 0.0287501234561, "dmean": 0.0354099497199, "mean": 0.175796926022, "max": 0.556914269924, "dmean2": 0.0528801903129, "median": 0.172142192721, "dvar": 0.00125745439436}, "spectral_entropy": {"dvar2": 0.137554943562, "var": 0.315180212259, "min": 4.39230728149, "dmean": 0.252394258976, "mean": 7.5723118782, "max": 9.82405853271, "dmean2": 0.351510882378, "median": 7.5384478569, "dvar": 0.0773480534554}, "pitch_salience": {"dvar2": 0.0203075874597, "var": 0.028724918142, "min": 0.0208926349878, "dmean": 0.100089900196, "mean": 0.487602710724, "max": 0.996065139771, "dmean2": 0.158197268844, "median": 0.494510650635, "dvar": 0.00850163027644}, "erbbands_spread": {"dvar2": 726.130310059, "var": 606.976135254, "min": 1.26906526089, "dmean": 14.7575407028, "mean": 37.4346313477, "max": 192.193191528, "dmean2": 22.7600021362, "median": 31.4514732361, "dvar": 306.00177002}, "dynamic_complexity": 3.10094308853, "spectral_contrast_valleys": {"dvar2": [0.562308251858, 0.49125546217, 0.425842136145, 0.46717441082, 0.599981844425, 0.453282773495], "var": [3.01678228378, 2.00293779373, 2.31880688667, 2.19163942337, 2.2416472435, 2.24923419952], "min": [-28.1628780365, -28.023771286, -27.8637199402, -27.5809345245, -27.5035037994, -27.3895130157], "dmean": [0.570335507393, 0.550732731819, 0.534322440624, 0.511212170124, 0.50020647049, 0.502876639366], "mean": [-8.36061859131, -7.49701690674, -7.73396015167, -7.76841592789, -8.01110458374, -10.0911235809], "max": [-5.18806266785, -4.6326880455, -4.57412433624, -5.16085863113, -4.85554599762, -7.34236812592], "dmean2": [0.853912651539, 0.821473836899, 0.760027050972, 0.7414701581, 0.728428065777, 0.637967646122], "median": [-8.27770233154, -7.38100147247, -7.67803621292, -7.63303852081, -7.9286198616, -10.1105566025], "dvar": [0.297084033489, 0.232194766402, 0.230405628681, 0.246464237571, 0.301835030317, 0.281743466854]}, "hfc": {"dvar2": 2130.76123047, "var": 2095.99707031, "min": 1.10058094418e-16, "dmean": 17.2643489838, "mean": 29.9415607452, "max": 379.623077393, "dmean2": 24.700925827, "median": 15.8965988159, "dvar": 1193.14001465}, "spectral_kurtosis": {"dvar2": 22.6625137329, "var": 20.9094219208, "min": -1.43472862244, "dmean": 1.97701609135, "mean": 4.51287746429, "max": 106.228286743, "dmean2": 3.04535937309, "median": 3.93349933624, "dvar": 9.74733066559}, "mfcc": {"mean": [-674.070617676, 99.5261535645, 1.25124847889, 9.29668807983, 12.05382061, 8.82234191895, -9.19391059875, -10.2558403015, 7.93985557556, -4.10885715485, -7.80186271667, 7.19187307358, -0.461718529463], "cov": [[7696.1328125, -480.443786621, -609.279846191, -150.216690063, 75.1367263794, 51.8320350647, 287.275756836, 412.096740723, 178.101654053, 250.051879883, 246.646026611, 79.9217147827, 61.926990509], [-480.443786621, 2190.26611328, -104.198478699, -23.7733478546, -6.07636404037, 174.406921387, 31.7972545624, 31.0316352844, 203.159225464, 17.4748516083, -12.1961507797, 146.854888916, 52.2497138977], [-609.279846191, -104.198478699, 1512.34130859, 320.040222168, 444.5390625, 303.659484863, 180.326599121, 169.169418335, 175.256256104, 170.357421875, 116.090209961, 117.237197876, 130.057144165], [-150.216690063, -23.7733478546, 320.040222168, 718.784851074, 364.103729248, 182.189544678, 97.6063461304, 131.285385132, 44.8392868042, 99.8293991089, 104.640937805, 48.8802833557, 44.302822113], [75.1367263794, -6.07636404037, 444.5390625, 364.103729248, 725.701660156, 353.817626953, 23.15325737, 25.1427078247, 51.3942832947, 171.775283813, 111.571792603, 81.5904998779, 89.3889389038], [51.8320350647, 174.406921387, 303.659484863, 182.189544678, 353.817626953, 449.732696533, 148.994506836, 73.0509796143, 64.720123291, 122.205276489, 91.0132675171, 83.9811706543, 63.0981636047], [287.275756836, 31.7972545624, 180.326599121, 97.6063461304, 23.15325737, 148.994506836, 588.440551758, 348.071411133, 42.0765838623, 129.754730225, 142.432861328, 44.8052520752, 28.4278564453], [412.096740723, 31.0316352844, 169.169418335, 131.285385132, 25.1427078247, 73.0509796143, 348.071411133, 463.393005371, 131.769424438, 102.764877319, 146.110473633, 46.4520645142, 40.5931053162], [178.101654053, 203.159225464, 175.256256104, 44.8392868042, 51.3942832947, 64.720123291, 42.0765838623, 131.769424438, 300.414459229, 93.1929473877, 29.600894928, 74.8249359131, 48.4726982117], [250.051879883, 17.4748516083, 170.357421875, 99.8293991089, 171.775283813, 122.205276489, 129.754730225, 102.764877319, 93.1929473877, 253.300338745, 123.279678345, 48.2055244446, 49.7474555969], [246.646026611, -12.1961507797, 116.090209961, 104.640937805, 111.571792603, 91.0132675171, 142.432861328, 146.110473633, 29.600894928, 123.279678345, 220.883514404, 53.7000770569, 32.5245933533], [79.9217147827, 146.854888916, 117.237197876, 48.8802833557, 81.5904998779, 83.9811706543, 44.8052520752, 46.4520645142, 74.8249359131, 48.2055244446, 53.7000770569, 168.194412231, 64.2849655151], [61.926990509, 52.2497138977, 130.057144165, 44.302822113, 89.3889389038, 63.0981636047, 28.4278564453, 40.5931053162, 48.4726982117, 49.7474555969, 32.5245933533, 64.2849655151, 150.347839355]], "icov": [[0.000160760129802, 5.8172558056e-05, 0.000123908321257, 7.83481955295e-05, -7.38479211577e-05, -1.11342242235e-05, -1.08817880573e-06, -0.000131555672851, -9.39207238844e-05, -7.97550965217e-05, -7.27598308004e-05, -5.67942370253e-05, -3.57070093742e-05], [5.8172558056e-05, 0.000564730667975, 0.00015877156693, 2.6667074053e-05, 8.55900580063e-05, -0.000306352070766, -2.57389456237e-05, 2.66095739789e-05, -0.000398814794607, 7.46752339182e-05, 6.12112489762e-05, -0.000377121003112, -3.81796053261e-05], [0.000123908321257, 0.00015877156693, 0.00102815113496, -6.37257835479e-05, -0.000403420737712, -0.000193594358279, -0.000181201467058, -9.68639360508e-05, -0.000487476121634, -1.47279306475e-05, -8.15168914414e-06, -0.000166921541677, -0.000360142090358], [7.83481955295e-05, 2.6667074053e-05, -6.37257835479e-05, 0.00204681721516, -0.00102207390592, 8.24176895549e-05, 2.83403023786e-05, -0.000571802258492, 4.46330086561e-05, 0.000117239753308, -0.00026569358306, -3.20918334182e-05, 0.00015057757264], [-7.38479211577e-05, 8.55900580063e-05, -0.000403420737712, -0.00102207390592, 0.00339851970784, -0.00198229006492, 0.000856782717165, 0.000190582955838, 0.000469194521429, -0.00111896649469, -0.000148848499521, -6.03349690209e-05, -0.000474312982988], [-1.11342242235e-05, -0.000306352070766, -0.000193594358279, 8.24176895549e-05, -0.00198229006492, 0.00449775764719, -0.0012332603801, 0.000600089842919, -0.000243768765358, 1.29508748614e-06, -0.000226892778301, -0.000548778800294, -2.17706583499e-05], [-1.08817880573e-06, -2.57389456237e-05, -0.000181201467058, 2.83403023786e-05, 0.000856782717165, -0.0012332603801, 0.00386629346758, -0.00281777814962, 0.00133349758107, -0.00123352336232, 6.38727215119e-05, -0.00027708284324, 0.000278593797702], [-0.000131555672851, 2.66095739789e-05, -9.68639360508e-05, -0.000571802258492, 0.000190582955838, 0.000600089842919, -0.00281777814962, 0.00549872592092, -0.00215608812869, 0.000965675513726, -0.00202550552785, 0.000622429477517, -0.000472127489047], [-9.39207238844e-05, -0.000398814794607, -0.000487476121634, 4.46330086561e-05, 0.000469194521429, -0.000243768765358, 0.00133349758107, -0.00215608812869, 0.00553070986643, -0.00206293631345, 0.00152635527775, -0.00148007448297, -5.87250251556e-05], [-7.97550965217e-05, 7.46752339182e-05, -1.47279306475e-05, 0.000117239753308, -0.00111896649469, 1.29508748614e-06, -0.00123352336232, 0.000965675513726, -0.00206293631345, 0.00724759278819, -0.00305184675381, 0.000645523774438, -0.00072647392517], [-7.27598308004e-05, 6.12112489762e-05, -8.15168914414e-06, -0.00026569358306, -0.000148848499521, -0.000226892778301, 6.38727215119e-05, -0.00202550552785, 0.00152635527775, -0.00305184675381, 0.0080779530108, -0.00171179580502, 0.000314684119076], [-5.67942370253e-05, -0.000377121003112, -0.000166921541677, -3.20918334182e-05, -6.03349690209e-05, -0.000548778800294, -0.00027708284324, 0.000622429477517, -0.00148007448297, 0.000645523774438, -0.00171179580502, 0.00864825770259, -0.00260505289771], [-3.57070093742e-05, -3.81796053261e-05, -0.000360142090358, 0.00015057757264, -0.000474312982988, -2.17706583499e-05, 0.000278593797702, -0.000472127489047, -5.87250251556e-05, -0.00072647392517, 0.000314684119076, -0.00260505289771, 0.00861741043627]]}, "silence_rate_20dB": {"dvar2": 0, "var": 0, "min": 1, "dmean": 0, "mean": 1, "max": 1, "dmean2": 0, "median": 1, "dvar": 0}, "melbands_kurtosis": {"dvar2": 4134.27197266, "var": 2324.23828125, "min": -1.93728125095, "dmean": 19.7564334869, "mean": 23.9894256592, "max": 640.614318848, "dmean2": 31.6483135223, "median": 7.0463924408, "dvar": 1696.15979004}, "barkbands_spread": {"dvar2": 442.163391113, "var": 373.819610596, "min": 0.163691565394, "dmean": 10.5206537247, "mean": 23.3728237152, "max": 122.973197937, "dmean2": 16.2621593475, "median": 18.0390415192, "dvar": 201.765197754}, "erbbands_skewness": {"dvar2": 1.06621587276, "var": 1.51633858681, "min": -6.19168567657, "dmean": 0.701513111591, "mean": 0.126224383712, "max": 8.49928665161, "dmean2": 1.03087604046, "median": 0.100583709776, "dvar": 0.498702675104}, "average_loudness": 0.61667996645, "spectral_centroid": {"dvar2": 665812.0625, "var": 1227374.25, "min": 96.0850219727, "dmean": 447.438812256, "mean": 1522.61645508, "max": 11571.6914062, "dmean2": 661.485961914, "median": 1276.71740723, "dvar": 364707.03125}, "dissonance": {"dvar2": 0.00151383900084, "var": 0.00119076645933, "min": 0.164244711399, "dmean": 0.0217659380287, "mean": 0.462621122599, "max": 0.5, "dmean2": 0.0357532314956, "median": 0.472589820623, "dvar": 0.000604027882218}, "erbbands_flatness_db": {"dvar2": 0.00130901450757, "var": 0.00285564712249, "min": 0.045695181936, "dmean": 0.0277831144631, "mean": 0.179549589753, "max": 0.43495953083, "dmean2": 0.0399935543537, "median": 0.18085822463, "dvar": 0.000650585046969}, "spectral_strongpeak": {"dvar2": 2.93264603615, "var": 1.42296600342, "min": 0, "dmean": 0.620574116707, "mean": 0.999266564846, "max": 14.9540863037, "dmean2": 1.02836310863, "median": 0.613454818726, "dvar": 1.14828562737}, "spectral_rms": {"dvar2": 3.52845336238e-06, "var": 7.73399278842e-06, "min": 3.15147387353e-12, "dmean": 0.00121597421821, "mean": 0.00495613226667, "max": 0.0150785660371, "dmean2": 0.00163386529312, "median": 0.00450699031353, "dvar": 1.95583356799e-06}, "silence_rate_60dB": {"dvar2": 0.12936629355, "var": 0.0748851746321, "min": 0, "dmean": 0.0595238097012, "mean": 0.0815272331238, "max": 1, "dmean2": 0.119060993195, "median": 0, "dvar": 0.0559780485928}, "melbands": {"dvar2": [5.76341844862e-05, 4.98575464007e-05, 7.99031226961e-07, 5.94999278292e-07, 4.12598666344e-07, 3.25714381688e-07, 1.20580909879e-06, 5.61279762223e-07, 2.29058827017e-07, 5.07758045387e-07, 2.20604377432e-07, 7.12009793347e-08, 6.15073929566e-08, 1.06456617743e-07, 2.60384620532e-08, 8.8985302682e-08, 4.42473897522e-08, 3.11278967047e-08, 2.74335061334e-08, 1.56332493617e-08, 2.3600252419e-08, 2.39973267924e-08, 1.57550061886e-08, 1.1326324767e-08, 9.98240512473e-09, 1.55910329092e-09, 1.18557264006e-09, 1.15886833463e-09, 3.65641517064e-10, 4.31564228798e-10, 2.09716313759e-10, 1.99147642821e-10, 1.49882800615e-10, 5.2267884465e-11, 6.0266805435e-11, 1.1215490342e-10, 2.13531720084e-10, 2.42897757463e-10, 2.7002775016e-10, 1.11154911664e-10], "var": [4.10365610151e-05, 4.88736695843e-05, 4.61685885966e-07, 4.59377389461e-07, 3.6005977222e-07, 1.53601476427e-07, 7.98871440111e-07, 3.4299242202e-07, 9.63441664226e-08, 2.10283857882e-07, 1.4037686924e-07, 6.20402502705e-08, 4.1222932623e-08, 6.72652760159e-08, 1.59630442198e-08, 4.53803608025e-08, 2.25213803162e-08, 1.80542265582e-08, 1.7932418217e-08, 1.29967308027e-08, 1.99494589737e-08, 1.23647438954e-08, 1.07272049021e-08, 4.98401409033e-09, 4.02318267589e-09, 1.07918707304e-09, 6.67762567463e-10, 7.60538187983e-10, 2.76857370363e-10, 2.59241267342e-10, 1.49492598855e-10, 1.39133607413e-10, 9.6130242655e-11, 4.00416956536e-11, 4.50904487359e-11, 7.12134934355e-11, 1.36517061544e-10, 2.06042238826e-10, 1.70625652496e-10, 6.49905615435e-11], "min": [1.50340687304e-24, 9.44694657806e-25, 1.3042898017e-24, 3.31480811767e-24, 2.89034158887e-24, 2.02035403094e-24, 2.59508337661e-24, 1.99507340551e-24, 2.46949494556e-24, 2.98901014153e-24, 2.44297403357e-24, 3.29877412534e-24, 1.69417720436e-24, 4.34305162559e-24, 5.63628140019e-24, 4.70351530534e-24, 3.74439060664e-24, 3.79082019851e-24, 5.01221748237e-24, 5.80419044386e-24, 4.70125245784e-24, 5.7233377231e-24, 5.28991190379e-24, 5.40426123631e-24, 3.34815050712e-24, 4.35435363578e-24, 5.97859891254e-24, 5.56058033557e-24, 5.69146024835e-24, 6.22796218341e-24, 6.51601119308e-24, 6.50721184411e-24, 5.47967949429e-24, 7.48448665452e-24, 4.92525385061e-24, 7.19623687975e-24, 6.52712545437e-24, 6.43667426855e-24, 6.58801881094e-24, 5.74630264735e-24], "dmean": [0.00210548588075, 0.0020365677774, 0.000217095192056, 0.000302916188957, 0.00019061875355, 0.000136174610816, 0.000365918094758, 0.000216042055399, 9.37090662774e-05, 0.000147821236169, 0.000109627275378, 7.14392226655e-05, 6.74864204484e-05, 8.04514347692e-05, 4.9022717576e-05, 7.50468097976e-05, 5.51318116777e-05, 4.03168960474e-05, 4.72267129226e-05, 4.42514683527e-05, 4.98315966979e-05, 3.6826262658e-05, 2.31213962252e-05, 1.60450472322e-05, 1.53838627739e-05, 8.69441464602e-06, 6.11986797594e-06, 7.44306908018e-06, 5.60245916859e-06, 5.16261161465e-06, 3.82217649531e-06, 3.70289376406e-06, 3.02479838865e-06, 1.83959741662e-06, 2.07209427572e-06, 2.87722264147e-06, 3.64753577742e-06, 4.06487788496e-06, 3.5787249999e-06, 2.55420059148e-06], "mean": [0.00348837021738, 0.00336682749912, 0.000325715081999, 0.00051487685414, 0.000300308834994, 0.000154641238623, 0.000461495306809, 0.000256985309534, 0.000108768901555, 0.000164288328961, 0.000131472988869, 9.45085485e-05, 8.1232006778e-05, 9.21146929613e-05, 5.83042674407e-05, 8.62206070451e-05, 6.12325966358e-05, 5.07491749886e-05, 6.32160081295e-05, 6.03828302701e-05, 6.85984705342e-05, 4.40521653218e-05, 2.72383913398e-05, 1.67654779943e-05, 1.45444237205e-05, 9.18433033803e-06, 7.12210658094e-06, 9.12090581551e-06, 7.30411920813e-06, 6.39250129097e-06, 4.65597986476e-06, 4.38747747467e-06, 3.52091774403e-06, 2.24359769163e-06, 2.47061075243e-06, 3.17547574014e-06, 4.30938735008e-06, 5.06194828631e-06, 4.24524796472e-06, 2.84838893094e-06], "max": [0.0478394329548, 0.0612995475531, 0.0108319409192, 0.0100444369018, 0.00836311001331, 0.00804776046425, 0.0088727446273, 0.00807593017817, 0.00640927255154, 0.00666283816099, 0.00722362566739, 0.00611542584375, 0.00302138156258, 0.00475583178923, 0.002096576849, 0.00487760594115, 0.00370992813259, 0.00574203580618, 0.00333767035045, 0.00160512479488, 0.00230238167569, 0.00185296160635, 0.00137784099206, 0.00104922486935, 0.00103666703217, 0.000448487728136, 0.000341644336004, 0.000291888020001, 0.000321171595715, 0.000187348065083, 0.000203915624297, 0