{"tonal": {"thpcp": [1, 0.581828176975, 0.132602885365, 0.0985053405166, 0.0887942239642, 0.106364682317, 0.134337440133, 0.125092476606, 0.107977069914, 0.116610191762, 0.13438680768, 0.156503543258, 0.144691199064, 0.104955710471, 0.0707626417279, 0.0487711951137, 0.0554029345512, 0.109279640019, 0.199152737856, 0.203926324844, 0.130168750882, 0.107795633376, 0.109875112772, 0.100901819766, 0.115462720394, 0.151754945517, 0.165699288249, 0.144107967615, 0.107721887529, 0.0770991072059, 0.0631534829736, 0.0607986152172, 0.0717929303646, 0.0995295122266, 0.114817686379, 0.552976310253], "hpcp": {"dmean2": [0.184476479888, 0.134861826897, 0.0978020504117, 0.0749910846353, 0.0836780667305, 0.127826675773, 0.166262879968, 0.191917434335, 0.15388481319, 0.141517356038, 0.149244070053, 0.144381016493, 0.159084647894, 0.1664237082, 0.174587219954, 0.166117206216, 0.151074558496, 0.117138184607, 0.0956680700183, 0.0897976458073, 0.0959641560912, 0.122513309121, 0.137376457453, 0.245246604085, 0.365712165833, 0.25060775876, 0.159488230944, 0.146010026336, 0.13300460577, 0.142802149057, 0.179315775633, 0.179320469499, 0.169638842344, 0.177514538169, 0.170210823417, 0.189434275031], "median": [0.0223442278802, 0.0179924555123, 0.0120256412774, 0.00844385847449, 0.0085163321346, 0.0156588256359, 0.0255494900048, 0.0277601610869, 0.0222417041659, 0.0184465572238, 0.0165463238955, 0.0143083147705, 0.0150074409321, 0.017160622403, 0.0176853239536, 0.0163914933801, 0.0124149639159, 0.00873948633671, 0.0069524012506, 0.00827089790255, 0.0129521777853, 0.0188356488943, 0.0230769328773, 0.495697915554, 1, 0.489607989788, 0.026024421677, 0.0172863453627, 0.0141798723489, 0.0153328031301, 0.0152845643461, 0.0150976087898, 0.0145661095157, 0.0160711072385, 0.0168100148439, 0.0199778266251], "min": [0, 0, 0, 0, 0, 0, 0, 0, 0, 0, 0, 0, 0, 0, 0, 0, 0, 0, 0, 0, 0, 0, 0, 0, 0, 0, 0, 0, 0, 0, 0, 0, 0, 0, 0, 0], "dvar2": [0.103371985257, 0.0662827715278, 0.0475786700845, 0.0348036959767, 0.0363152064383, 0.0598847679794, 0.0819978043437, 0.100146710873, 0.0702356025577, 0.0664608180523, 0.0748715922236, 0.0762475132942, 0.0856592357159, 0.0874733775854, 0.101841084659, 0.0944474264979, 0.0930131226778, 0.0624546855688, 0.051979560405, 0.0482394956052, 0.0393771640956, 0.0551309809089, 0.0635344237089, 0.0889288932085, 0.244153514504, 0.0857659056783, 0.069102793932, 0.0708416625857, 0.067032828927, 0.0665127635002, 0.103863492608, 0.109516702592, 0.103961445391, 0.11178959161, 0.0928250849247, 0.1055784747], "dvar": [0.0371891185641, 0.0241027567536, 0.016769932583, 0.0122039346024, 0.0130174197257, 0.0224285982549, 0.0318605825305, 0.0376327708364, 0.0256102196872, 0.0239053238183, 0.0271016787738, 0.027463901788, 0.0312897749245, 0.0327620729804, 0.0377090908587, 0.0348761938512, 0.0320645570755, 0.0218408834189, 0.0182522311807, 0.0172115080059, 0.014364306815, 0.0206487290561, 0.0230355281383, 0.0327843986452, 0.093742378056, 0.0325542502105, 0.0249215494841, 0.0244790092111, 0.0231869220734, 0.023977689445, 0.037958662957, 0.0390881709754, 0.0369818583131, 0.0394876375794, 0.0339451394975, 0.0395833104849], "dmean": [0.104053206742, 0.0758022516966, 0.0540230683982, 0.0410339944065, 0.0461567342281, 0.0724917426705, 0.0971035882831, 0.109579823911, 0.0869417116046, 0.0801330208778, 0.0840472355485, 0.080023214221, 0.0887379124761, 0.0935963913798, 0.0990113988519, 0.094499103725, 0.0835461243987, 0.0642529129982, 0.0527332052588, 0.0494689084589, 0.0543299391866, 0.0698708817363, 0.0775269046426, 0.137536361814, 0.198486864567, 0.141977265477, 0.0904561653733, 0.0805083215237, 0.0728760957718, 0.0803195461631, 0.100241586566, 0.0990374535322, 0.0927271991968, 0.0977563709021, 0.0957417190075, 0.10699519515], "max": [1, 1, 1, 1, 1, 1, 1, 1, 1, 1, 1, 1, 1, 1, 1, 1, 1, 1, 1, 1, 1, 1, 1, 1, 1, 1, 1, 1, 1, 1, 1, 1, 1, 1, 1, 1], "var": [0.0366241782904, 0.0227375291288, 0.0134453931823, 0.0085120704025, 0.00989547464997, 0.0261711664498, 0.0628624483943, 0.0617812611163, 0.0281160306185, 0.0217927619815, 0.0251620933414, 0.0238587372005, 0.0298065133393, 0.0482684597373, 0.0546649247408, 0.0422583855689, 0.028496472165, 0.0176908299327, 0.0138416904956, 0.0129115758464, 0.0118268886581, 0.0195318572223, 0.023293716833, 0.050592277199, 0.163609758019, 0.0587388947606, 0.0269007012248, 0.0197754092515, 0.0180212818086, 0.0235436670482, 0.0382962524891, 0.0346702709794, 0.0279922671616, 0.0301344897598, 0.0365172959864, 0.0460442602634], "mean": [0.0984536781907, 0.0714160650969, 0.0481497310102, 0.0331858731806, 0.0376983731985, 0.0743582397699, 0.135511487722, 0.138759627938, 0.0885720252991, 0.0733484625816, 0.0747634246945, 0.0686576366425, 0.0785654559731, 0.103260137141, 0.112748421729, 0.0980568230152, 0.0732982829213, 0.0524613186717, 0.0429721586406, 0.0413698107004, 0.0488507822156, 0.0677238628268, 0.0781265497208, 0.376267194748, 0.68044000864, 0.395899176598, 0.0902283117175, 0.0670269727707, 0.0604191422462, 0.0723747834563, 0.091408573091, 0.0851179212332, 0.0734719187021, 0.0793462395668, 0.0914421603084, 0.106491267681]}, "tuning_equal_tempered_deviation": 0.126007243991, "chords_changes_rate": 0.0991997346282, "key_key": "A#", "tuning_diatonic_strength": 0.446951240301, "key_scale": "minor", "chords_number_rate": 0.00166722235736, "tuning_frequency": 434.193115234, "tuning_nontempered_energy_ratio": 0.725117444992, "chords_histogram": [5.41847276688, 9.93664550781, 5.15171718597, 0, 0, 0, 0, 16.4388122559, 31.3437805176, 13.2877626419, 0.96698898077, 0.150050014257, 4.4348115921, 0.283427804708, 0.18339446187, 0, 0, 2.43414473534, 4.6848950386, 3.9179725647, 0.60020005703, 0.750250101089, 0, 0.0166722238064], "key_strength": 0.496070921421, "chords_key": "D", "chords_strength": {"dmean2": 0.0110592069104, "median": 0.44955766201, "min": -1, "dvar2": 0.000817660067696, "dvar": 0.000448240432888, "dmean": 0.00891898758709, "max": 0.713880300522, "var": 0.0191432852298, "mean": 0.442645788193}, "chords_scale": "minor", "hpcp_entropy": {"dmean2": 1.18163692951, "median": 2.262591362, "min": 0, "dvar2": 0.869190216064, "dvar": 0.313635915518, "dmean": 0.697413921356, "max": 4.553211689, "var": 0.685686051846, "mean": 2.26842617989}}, "metadata": {"audio_properties": {"equal_loudness": 0, "codec": "mp3", "downmix": "mix", "sample_rate": 44100, "analysis_sample_rate": 44100, "bit_rate": 215811, "md5_encoded": "210c6b70908e41b2a564e51ec81c0fd8", "length": 278.491424561, "replay_gain": -0.0554809570312, "lossless": false}, "version": {"essentia_build_sha": "ca57ba49d9b1854bd80e60cf9ccf267278fb7d6b", "essentia": "2.1-beta1", "extractor": "music 1.0", "essentia_git_sha": "v2.1_beta1-28-g21ef5f4-dirty"}, "tags": {"title": ["Is\u0131rgan Otu"], "barcode": ["8694999007229"], "media": ["CD"], "albumartist": ["Burhan \u00d6\u00e7al & The Trakya All Stars"], "length": ["278622"], "musicbrainz_recordingid": ["02db4a53-6f65-466d-bb32-9c8ebdb887e4"], "musicbrainz_releasegroupid": ["84b4cefd-47ff-3f70-b326-d882b903da6c"], "musicbrainz_albumartistid": ["2ec249bd-76e7-4749-a77e-a9c3354c8e6a", "4f92f622-176b-48c3-8ea4-6f5841e068c5"], "acoustid_fingerprint": ["AQADtFGkJPGnoKmYItkzB4VHooqXo-KPMJ6oCNeCL4P5QM-lI1QOZ4GnsSJ6PcIlIfOPUjss5tDsJ5itVMajH_rQdILGZ0LYSHLQpH1w57j64NLRo5kUvsi1D_qDKecz1Ivi4AssxXjwQVdyIE-O10_xHEeTB08GT8c1_A9-lD3CH1q6IU8UNAcXJnrAiM7xVMd5MD7CNDb0Izw86ggVL0fFxjqaMwn08PjhJ3gy6lC9BlUmtF0T5IqOK2jGdsia5RA1fcMeXWiebTif40EzJRH6MNCyfinahVVwisaT47xQH80WrcMV5cFviM9S4fQTfDlExsFx4csxdjj5IJ-UHFeO_vhC41SW4gOlUIifHuJR6mDiJCf6Bk96ePtwKcShP8N1odERWhmRM_jx48IPGZWsoOF4nDmECxeTBx-NLk6yEr2PskfDB7qDH8fvoJlU9HiVHCeEC3n2gOEFn6i4BThyKngCVQ9OGz2aZcTDHKfRp4SW5zgR5jlK4Tg_xNvxRqEI_eg_gYfH48uqo4sO7WgqxsLFjBpaODrReQGOJ4f04w-q60iPkCFOHPoRLswjmIqiwp4O_wfTKDuu5zjzIPahI_dRuYcjUQjnBIdw_siXB-ULqib6BUAuPAn0CLeH5giXLEM28cKPpg605zl-oT6aYeTw4zh1nEMj9YR61Ho0PDRuQtmhMye-5RGeozm0L0COJzgV9IZ1-Ee-QFSOHE9E-DN-NM-RBw8P9Ti-jDgrRui3SRBVHCep4SJhHdXGH3qWCSWaH9m3DD-yHm-SC9dRPjV8lNmEMzmOH4eqJo-MtrKI5viOP8d1487RQ36OHzW062ieBNchPBe-K4iUodt1fDn248QXfggPX9CHk5i6AA8O_cFFDQ2fD23O4sej41iN4sfLHC5KRnigEs_xK9AbNHuIlscv4HGO5yh_4a_QU2ge1LbwoHvhn1BpOA_KAj_xSMF3aI8Is2Jx3fgRrtdRfmhCHzmJ50GPJgreScV3_JmJM8F3lI8DHxUVFqeO6_ih4w-aXRP6HdeJ43hSFu2D_4J24RGDd0I6KUmCI4-ON8ejHOWF5sE7tjiOP7iDJnsQfjiuJcdHIcdvqE14oWvh8MePhtBxH7-EpoWm3rgkNFU4LUV5KL9wKhO-Gv8RBv2NPMtxHs-Nr7nwoMWUCb3RL0dsCs8Rn3hMRcMPLRf640SoRD-aHHmH_mh-XFqhakoSNBU6_biEJ8sUXBcaaCdx5vhxMTneSMGb5fBu6A-Obzn-4zl-4cPx44Gc48U_Cu8VFGI-4eimLAzyDz_hp8O3H7-EKTvCZ8TN4D-u_LiYEz-053CFM0P1C-vwH1ce6LyGtuMMH2U71IeT6rgTiYK4C9rx4JQUB32OVM9R7ccv5D1uNDv6ZMcj_MGd4xd44zz6BD7RG5dwHl94XDiuFU_C4z2uhcLFHL04OPshscd__EQ7Hr3Q_PhSKOqhJQ8eiTgu53he3DxuQfsDd0eP84ifY8yMH3liRehLNGd46FF2fAglIowaVqh-aDluC3k0NNMkVJbw4T3yKKOCkg-aQ8-Pd9DxhHijHF3zockbXAeuLPh44xe6kDnuHDxqJcqRc_jxG59RSadkXDhPpEsP7RnxgX9w2pA0JsrxCOU-pL2DH_CJczyahFtxhQu-POiPMHwCXTFCZYKzp2imKQ6-5Dh1MOXSw-HxZEGpLRY-StijHz9cZcinMQm0rxrCRPrxKMUTfDraHM0mVviNwK-DS3kGrTqaA7sEVUfz4yLzwAsRHr2OF13z48cFtg_YPJPwByfCnEjmHVxddG_QVBliZcd7aNl2hB6NozBHVGMUdNMH5ylKhg5yCTpCHj_MP2CeCReDHyGZQU8xKZ2OL4N2wb5QK8MfQse9PMjnPDhaJbA__Ahzrvih7YfV8MGPHvqxoxKD5kfWo3FzlFn0xOjRGGfRZFHQ4_GHpG7xGKG1F42nZMIzS_AZ2chDXMrxbPiH8kRTlbizDPiHb7pwsP_QDs0a5dAJHA_CJVlSRbjHwD_69UMuZzjeF0If-NnR49KhU8GF68UXRvgV9LCmHD2JHxeDO_jBP5Daox-absEBecqOyj1SOHrQGS9ufFmYI_8E5ofcHCdPZPrQV0f9Igw-4xw0vaA0HX2OZwe-HP_QG36PThRO4vh8_JNwMWMiaIuaF_5RdsW_I_-Kizny40YfQsvxB2SF6_hwZksS9BMOP0ctEj8eXEzA_DhjvIc-vPAJeTZOZYH44zfCnMEZHL9dnDO6SxrSfZCnZDniHj--sDooBuizo2-HNDtqfNnxH0KeBX3QXOjRqHzxMMiFZHka9DmOH_iLizhyKpmGnripwc_xC_9ytOPxHU3Q19CXS9DyoMezKMN3PNNxpw16o3mCH39wxEf-HD80L1aC5njwjfjRHNUPPSiaH5ceXBAv5Th-_OipQD48Hn0W_BDO5DjQL2i-QAdyfJGOS1TQ3EPtHPnx-dAfACCEIoowBIAAhAhAEDCCACEQEIIYAIABEAhCDREIAUCYOIoJAJAFxghFASCEKKWIRgAgJAyiigiCjBFEECKMAsAoYrAwxAEAiKHIUCIEAAwJAowhyAjmECNMMKCsQhw6BxEjSgJhjLAAOgIGIcIhQIhCZjAHmCBAAcqQcMhgAaABDhphPBCyOcIAIQoQSABhQAEFBCDEeikEI0YQoohiHClDgSCAKQCZMIACSRjCiAAiFCSkEWWAIo6CQQkCSkDBDDDcIAsAQg4ArIVDTlBiLHICcMcMQMQBJQgQRBhAICNGCOOAUyYZRBihVBEIkHFQAFiFEIQpJqBAxAADgQAICECtIAYywYBEwikiiFCMaCI4EMQYYQkSAhDiCABOAZmAAwZYAyhwwBijEDEICMEsU8qQA4AiDkGCHABIEAQMcUIoJYAVBjgniBJSGScQERQ4QBVAABEAFDKCUAMJAQIIwRQCBjhBgXUIGIcRAAZIRhCQCAFgkBdAAMcIAIoKpQhCAAFEgFCGAqglEIQwQBQShhIgDBACAemAAkALAA1AFigmFALCAIIBAAgQh4QjRjjAnGHECkQEggYwoxQAAloDLEICOEIwEoRBAghRBiEjgBGAMSMgNcgBTgQQQiAADAKOAOAcIUYoAwhEhDDgABEKEwGAAEdAxABBSAGPBABWEGYEkAgBZqwCRiEjiCCKM2YAUEAAA4w0BmAAAGCECmGckIAJBoEFSAAhCBbEAQYQIdQwBaATwAUAEKkEMQKEIUoBIZABghgnmBRCUCKMJIYQ5oSA3BAlEFBAQKGAo0gIQRFyEigACBSMECGIEwYRAJSySCAgCDSEcSCQEMII5gAhAABGBSAICCMUIJYQIYAAzghCiEGMCIkEYQg4RjBhBCjkCDFAGCEAVkYyYIAyzDjCCCACGEoRZgggrgQSDghkiCPKCkHAYW4IJI1iCDEgoAAA"], "country": ["Turkey"], "album": ["Oynamaya Geldik (feat. Smadj)"], "catalognumber": ["DM038"], "musicbrainz album release country": ["TR"], "musicbrainz original album id": ["d76ce5e2-1682-4669-a361-f36052610223"], "musicbrainz album type": ["Album"], "musicbrainz album status": ["Official"], "discnumber": ["01/01"], "artists": ["Burhan \u00d6\u00e7al", "The Trakya All Stars"], "date": ["2006"], "genre": ["Ethnic"], "originalalbum": ["Oynamaya Geldik (feat. Smadj)"], "musicbrainz release track id": ["8fcc9f1f-c0a7-319a-93e1-dbbda50f9f04"], "musicbrainz_artistid": ["2ec249bd-76e7-4749-a77e-a9c3354c8e6a", "4f92f622-176b-48c3-8ea4-6f5841e068c5"], "asin": ["B000N0WAFU"], "musicbrainz_albumid": ["d76ce5e2-1682-4669-a361-f36052610223"], "artist": ["Burhan \u00d6\u00e7al & The Trakya All Stars"], "artistsort": ["\u00d6\u00e7al, Burhan"], "language": ["tur"], "tracknumber": ["10/12"], "label": ["Doublemoon Records"], "file_name": "10 - burhan \u00d6\u00e7al & the trakya all stars featuring smadj - isirgan otu - the stinging nettle.mp3", "acoustid_id": ["3847f800-71dd-4a2e-b94b-0f2e2a5f7721"], "script": ["Latin"], "albumartistsort": ["\u00d6\u00e7al, Burhan"]}}, "rhythm": {"bpm_histogram_first_peak_bpm": {"dmean2": 0, "median": 94, "min": 94, "dvar2": 0, "dvar": 0, "dmean": 0, "max": 94, "var": 0, "mean": 94}, "bpm": 93.868598938, "bpm_histogram_second_peak_spread": {"dmean2": 0, "median": 0, "min": 0, "dvar2": 0, "dvar": 0, "dmean": 0, "max": 0, "var": 0, "mean": 0}, "bpm_histogram_first_peak_weight": {"dmean2": 0, "median": 0.336538463831, "min": 0.336538463831, "dvar2": 0, "dvar": 0, "dmean": 0, "max": 0.336538463831, "var": 0, "mean": 0.336538463831}, "onset_rate": 3.65873265266, "beats_position": [0.650158703327, 1.3235373497, 1.99691605568, 2.67029476166, 3.35528349876, 4.04027223587, 4.72526073456, 5.39863920212, 6.06040811539, 6.71056699753, 7.36072540283, 7.99927425385, 8.63782310486, 9.27637195587, 9.91492080688, 10.5534696579, 11.1920175552, 11.8305664062, 12.4691152573, 13.1076641083, 13.7462129593, 14.3847618103, 15.0233106613, 15.6734695435, 16.3120174408, 16.9505672455, 17.5891151428, 18.2276649475, 18.8546028137, 19.4815406799, 20.1200904846, 20.758638382, 21.4087982178, 22.035736084, 22.6742858887, 23.312833786, 23.9397735596, 24.589931488, 25.2284793854, 25.8670291901, 26.5055770874, 27.1441268921, 27.7710647583, 28.4212245941, 29.0597724915, 29.6983222961, 30.3368701935, 30.9754180908, 31.6023578644, 32.2525177002, 32.8910636902, 33.5296134949, 34.1681632996, 34.8067131042, 35.4336509705, 36.0838088989, 36.7107467651, 37.3376846313, 37.9878463745, 38.6263923645, 39.2649421692, 39.9151000977, 40.5536499023, 41.192199707, 41.830745697, 42.4692955017, 43.0962333679, 43.7463951111, 44.3849411011, 45.0234909058, 45.6736488342, 46.3005905151, 46.9391365051, 47.5776863098, 48.2162361145, 48.8547821045, 49.5049438477, 50.1318817139, 50.7588195801, 51.4089775085, 52.0359191895, 52.6744651794, 53.3130149841, 53.9631729126, 54.6133308411, 55.2518806458, 55.8904304504, 56.5173683167, 57.1559181213, 57.794467926, 58.4214057922, 59.0715637207, 59.7101135254, 60.3486595154, 60.9988212585, 61.6257591248, 62.252696991, 62.9028549194, 63.5414047241, 64.1683425903, 64.806892395, 65.4454421997, 66.0839920044, 66.7341461182, 67.3610839844, 67.9996337891, 68.6497955322, 69.2883453369, 69.9152832031, 70.5538330078, 71.1923828125, 71.8193206787, 72.4694747925, 73.1080245972, 73.7465744019, 74.3851242065, 75.0120620728, 75.6506118774, 76.2891616821, 76.9160995483, 77.554649353, 78.1931991577, 78.831741333, 79.4702911377, 80.1088409424, 80.7473907471, 81.3859405518, 82.0360946655, 82.6862564087, 83.3131942749, 83.9633560181, 84.6019058228, 85.2404556274, 85.8789978027, 86.5175476074, 87.1444854736, 87.7946472168, 88.4331970215, 89.0717468262, 89.6986846924, 90.3372344971, 90.9757843018, 91.602722168, 92.2528762817, 92.9030380249, 93.5531921387, 94.1917419434, 94.8186798096, 95.4572296143, 96.0957794189, 96.7227172852, 97.3612670898, 97.9998168945, 98.6383666992, 99.2769165039, 99.9154663086, 100.542404175, 101.180953979, 101.819496155, 102.458045959, 103.096595764, 103.735145569, 104.373695374, 105.023849487, 105.662399292, 106.300949097, 106.939498901, 107.578048706, 108.216598511, 108.855148315, 109.482086182, 110.109024048, 110.759178162, 111.397727966, 112.036277771, 112.686439514, 113.31337738, 113.940315247, 114.59047699, 115.229019165, 115.855964661, 116.506118774, 117.144668579, 117.783218384, 118.421768188, 119.071922302, 119.698867798, 120.337409973, 120.975959778, 121.614509583, 122.253059387, 122.90322113, 123.530158997, 124.168708801, 124.807250977, 125.445800781, 126.084350586, 126.722900391, 127.349838257, 127.988388062, 128.638549805, 129.277099609, 129.915649414, 130.565795898, 131.192733765, 131.81968689, 132.458221436, 133.09677124, 133.746932983, 134.385482788, 135.024032593, 135.685806274, 136.359176636, 136.91645813, 137.462127686, 137.996185303, 138.425750732, 138.866943359, 139.308120728, 139.749298096, 140.178863525, 140.620040894, 141.049606323, 141.479187012, 141.92036438, 142.34992981, 142.802719116, 143.255508423, 143.708297729, 144.161087036, 144.613876343, 145.055053711, 145.519454956, 145.902587891, 146.285705566, 146.645614624, 147.005523682, 147.365432739, 147.725341797, 148.108474731, 148.479995728, 148.839904785, 149.199813843, 149.5597229, 149.90802002, 150.256317139, 150.604629517, 150.952926636, 151.312835693, 151.672744751, 152.02104187, 152.380950928, 152.740859985, 153.089157104, 153.437454224, 153.785751343, 154.134063721, 154.48236084, 154.842269897, 155.202178955, 155.550476074, 155.898773193, 156.247070312, 156.595367432, 156.943664551, 157.303573608, 157.663482666, 158.023391724, 158.39491272, 158.754821777, 159.114730835, 159.463043213, 159.822952271, 160.17124939, 160.519546509, 160.867843628, 161.227752686, 161.576049805, 161.924346924, 162.284255981, 162.632553101, 162.980865479, 163.329162598, 163.677459717, 164.025756836, 164.374053955, 164.722351074, 165.070648193, 165.442169189, 165.778869629, 166.127166748, 166.475463867, 166.812149048, 167.160446167, 167.508743286, 167.857055664, 168.228561401, 168.600082397, 168.948379517, 169.296691895, 169.644989014, 169.993286133, 170.341583252, 170.70149231, 171.061401367, 171.421310425, 171.781219482, 172.129516602, 172.477813721, 172.826126099, 173.174423218, 173.522720337, 173.882629395, 174.242538452, 174.590835571, 174.93913269, 175.28742981, 175.635726929, 175.995635986, 176.355545044, 176.703857422, 177.063766479, 177.423675537, 177.771972656, 178.120269775, 178.468566895, 178.816864014, 179.165161133, 179.52507019, 179.873382568, 180.221679688, 180.581588745, 180.941497803, 181.30140686, 181.661315918, 182.021224976, 182.369522095, 182.717819214, 183.066116333, 183.426025391, 183.785934448, 184.134231567, 184.482528687, 184.830841064, 185.190750122, 185.539047241, 185.88734436, 186.235641479, 186.595550537, 186.943847656, 187.292144775, 187.640457153, 188.000366211, 188.34866333, 188.696960449, 189.056869507, 189.405166626, 189.776687622, 190.148208618, 190.508117676, 190.868026733, 191.216323853, 191.564620972, 191.912918091, 192.26121521, 192.609527588, 192.957824707, 193.317733765, 193.677642822, 194.025939941, 194.374237061, 194.72253418, 195.070831299, 195.419128418, 195.767440796, 196.127349854, 196.487258911, 196.83555603, 197.195465088, 197.555374146, 197.903671265, 198.240356445, 198.588653564, 198.936950684, 199.296859741, 199.645172119, 199.993469238, 200.341766357, 200.690063477, 201.038360596, 201.386657715, 201.746566772, 202.10647583, 202.466384888, 202.826293945, 203.174606323, 203.522903442, 203.871200562, 204.231109619, 204.591018677, 204.962539673, 205.392105103, 205.833282471, 206.2628479, 206.692428589, 207.121994019, 207.551559448, 207.981124878, 208.410705566, 208.840270996, 209.281448364, 209.82711792, 210.372787476, 210.93006897, 211.591827393, 212.230377197, 212.868927002, 213.507476807, 214.134414673, 214.772964478, 215.411514282, 216.061676025, 216.711837769, 217.338775635, 217.988937378, 218.627471924, 219.266021729, 219.916183472, 220.554733276, 221.193283081, 221.831832886, 222.47038269, 223.097320557, 223.735870361, 224.374420166, 225.012969971, 225.651519775, 226.29006958, 226.928619385, 227.578765869, 228.217315674, 228.855865479, 229.506027222, 230.132965088, 230.759902954, 231.398452759, 232.037002563, 232.675552368, 233.314102173, 233.952651978, 234.591201782, 235.241363525, 235.868301392, 236.495239258, 237.145385742, 237.772338867, 238.399276733, 239.049423218, 239.687973022, 240.326522827, 240.97668457, 241.626846313, 242.25378418, 242.903945923, 243.530883789, 244.169433594, 244.807983398, 245.446533203, 246.085067749, 246.735229492, 247.362167358, 248.000717163, 248.639266968, 249.266204834, 249.8931427, 250.543304443, 251.193466187, 251.820404053, 252.470565796, 253.109115601, 253.747665405, 254.38621521, 255.024749756, 255.651702881, 256.301849365, 256.94039917, 257.578948975, 258.217498779, 258.856048584, 259.483001709, 260.121551514, 260.760070801, 261.398620605, 262.03717041, 262.675720215, 263.31427002, 263.964447021, 264.602996826, 265.229919434, 265.868469238, 266.507019043, 267.145568848, 267.79574585, 268.434295654, 269.072814941, 269.699768066, 270.349914551, 270.976867676, 271.62701416, 272.172698975, 272.729980469, 273.275634766, 273.716827393, 274.169616699, 274.622406006, 275.133239746, 275.644073486, 276.166534424, 276.688964844, 277.211425781, 277.745483398], "beats_loudness": {"dmean2": 0.162521794438, "median": 0.085821211338, "min": 0, "dvar2": 0.0314578339458, "dvar": 0.0105516817421, "dmean": 0.089044265449, "max": 0.745571613312, "var": 0.00987341068685, "mean": 0.117835134268}, "danceability": 1.10508084297, "bpm_histogram_second_peak_weight": {"dmean2": 0, "median": 0.184615388513, "min": 0.184615388513, "dvar2": 0, "dvar": 0, "dmean": 0, "max": 0.184615388513, "var": 0, "mean": 0.184615388513}, "beats_count": 521, "bpm_histogram_second_peak_bpm": {"dmean2": 0, "median": 172, "min": 172, "dvar2": 0, "dvar": 0, "dmean": 0, "max": 172, "var": 0, "mean": 172}, "bpm_histogram_first_peak_spread": {"dmean2": 0, "median": 0.414715766907, "min": 0.414715766907, "dvar2": 0, "dvar": 0, "dmean": 0, "max": 0.414715766907, "var": 0, "mean": 0.414715766907}, "beats_loudness_band_ratio": {"dmean2": [0.433205008507, 0.1440628618, 0.185764998198, 0.0922225043178, 0.0551262199879, 0.110485911369], "median": [0.657336771488, 0.0636736601591, 0.0577881038189, 0.0326552689075, 0.0178023073822, 0.0762861743569], "min": [0, 0, 0, 0, 0, 0], "dvar2": [0.121357105672, 0.0211651585996, 0.0472274497151, 0.0103234406561, 0.001996941166, 0.00966060440987], "dvar": [0.0433505959809, 0.00757301272824, 0.0157278701663, 0.00364024797454, 0.000777013483457, 0.00361212785356], "dmean": [0.248176932335, 0.0814974009991, 0.102618351579, 0.0525607354939, 0.031411472708, 0.0631894692779], "max": [0.978961527348, 0.550298750401, 0.721011221409, 0.401334434748, 0.154895618558, 0.772342741489], "var": [0.0726070255041, 0.00783559028059, 0.0218191072345, 0.00466599641368, 0.000859340769239, 0.00469771632925], "mean": [0.599895596504, 0.090237647295, 0.122356116772, 0.0605611354113, 0.0296803880483, 0.0841228067875]}}, "lowlevel": {"barkbands_spread": {"dmean2": 6.63069677353, "median": 11.6451292038, "min": 0.362895816565, "dvar2": 57.850528717, "dvar": 25.7727088928, "dmean": 4.34715843201, "max": 102.284675598, "var": 100.645706177, "mean": 13.6889514923}, "melbands_spread": {"dmean2": 5.84481048584, "median": 9.2617149353, "min": 0.234927549958, "dvar2": 46.5543174744, "dvar": 19.3739547729, "dmean": 3.72294974327, "max": 184.999023438, "var": 227.372741699, "mean": 12.4273643494}, "hfc": {"dmean2": 70.8013839722, "median": 123.646141052, "min": 1.07204857318e-16, "dvar2": 8727.03125, "dvar": 3839.76660156, "dmean": 47.4956741333, "max": 1243.84545898, "var": 15650.2568359, "mean": 157.902511597}, "barkbands_kurtosis": {"dmean2": 17.0153388977, "median": 8.60275554657, "min": -1.58309566975, "dvar2": 1082.11767578, "dvar": 467.094665527, "dmean": 10.9253768921, "max": 427.343292236, "var": 997.199645996, "mean": 19.355966568}, "gfcc": {"mean": [1.50929379463, 112.726493835, -84.6805267334, 7.99711322784, -16.8654174805, -9.72030639648, 4.63268852234, -16.5483398438, 7.6633644104, 0.819806694984, -4.7123670578, -0.646882593632, -8.15462398529], "icov": [[0.000245667033596, -0.000937943579629, 0.00128927268088, -0.00128619570751, 0.00108942668885, -0.000314654404065, 0.00015476848057, -0.000647710519843, 0.000762000156101, -0.000341324775945, 0.00015827419702, -0.000346643355442, 0.000134955873364], [-0.000937943579629, 0.00627664290369, -0.00495199859142, 0.00527088297531, -0.00359787652269, -1.13557471195e-05, -0.000719317875337, 0.00489025376737, -0.0065313000232, 0.00434217974544, -0.00444998685271, 0.00636002747342, -0.00414476497099], [0.00128927268088, -0.00495199859142, 0.0103521198034, -0.00926833506674, 0.00837671384215, -0.00431953603402, 0.00132411159575, -0.00380645808764, 0.00278212479316, 0.000842111825477, -0.00246763578616, 0.0018849541666, -0.0022431826219], [-0.00128619570751, 0.00527088297531, -0.00926833506674, 0.0148603944108, -0.0137872528285, 0.00576803600416, -0.00115196534898, 0.000615755736362, 0.000538446940482, -0.00589339761063, 0.0115682017058, -0.00960482936352, 0.00485006161034], [0.00108942668885, -0.00359787652269, 0.00837671384215, -0.0137872528285, 0.0193758588284, -0.00661925459281, -0.000572587479837, 0.00121542729903, -0.00425432762131, 0.010681387037, -0.0154242664576, 0.0137927876785, -0.0100004058331], [-0.000314654404065, -1.13557471195e-05, -0.00431953603402, 0.00576803600416, -0.00661925459281, 0.0111944125965, -0.000291526084766, -0.00539246667176, 0.00641522277147, -0.0100127896294, 0.0101395687088, -0.0105416681617, 0.00668006623164], [0.00015476848057, -0.000719317875337, 0.00132411159575, -0.00115196534898, -0.000572587479837, -0.000291526084766, 0.00797631870955, -1.67332145793e-05, -0.00291001750156, 0.000927731045522, 2.02964365599e-05, -0.00329408003017, 0.00182642019354], [-0.000647710519843, 0.00489025376737, -0.00380645808764, 0.000615755736362, 0.00121542729903, -0.00539246667176, -1.67332145793e-05, 0.0159377511591, -0.00979653187096, 0.0079684779048, -0.0133971897885, 0.0157255344093, -0.0110014909878], [0.000762000156101, -0.0065313000232, 0.00278212479316, 0.000538446940482, -0.00425432762131, 0.00641522277147, -0.00291001750156, -0.00979653187096, 0.0261642448604, -0.0199043601751, 0.0171450451016, -0.0214186049998, 0.0150121040642], [-0.000341324775945, 0.00434217974544, 0.000842111825477, -0.00589339761063, 0.010681387037, -0.0100127896294, 0.000927731045522, 0.0079684779048, -0.0199043601751, 0.0329072475433, -0.0284060314298, 0.0253349710256, -0.0146637251601], [0.00015827419702, -0.00444998685271, -0.00246763578616, 0.0115682017058, -0.0154242664576, 0.0101395687088, 2.02964365599e-05, -0.0133971897885, 0.0171450451016, -0.0284060314298, 0.0476497486234, -0.0367193296552, 0.0198049768806], [-0.000346643355442, 0.00636002747342, 0.0018849541666, -0.00960482936352, 0.0137927876785, -0.0105416681617, -0.00329408003017, 0.0157255344093, -0.0214186049998, 0.0253349710256, -0.0367193296552, 0.0535238981247, -0.0251767728478], [0.000134955873364, -0.00414476497099, -0.0022431826219, 0.00485006161034, -0.0100004058331, 0.00668006623164, 0.00182642019354, -0.0110014909878, 0.0150121040642, -0.0146637251601, 0.0198049768806, -0.0251767728478, 0.0282103791833]], "cov": [[18262.7382812, 1256.17724609, -1708.99182129, 279.166534424, -105.192886353, -350.460601807, 152.408981323, -330.508056641, 98.642074585, 3.11884760857, -84.9146270752, 74.3912124634, -104.62121582], [1256.17724609, 658.049316406, -40.5502319336, -205.205307007, 4.78071308136, 0.48630207777, 16.4223499298, -32.498588562, 65.7375793457, 10.4013290405, 45.3605194092, -35.1767692566, 17.7566833496], [-1708.99182129, -40.5502319336, 583.255065918, 106.801887512, -7.61945056915, 186.69972229, -104.203330994, 168.822311401, -67.3539199829, 27.9308719635, -4.74490308762, -28.9197158813, 83.7894973755], [279.166534424, -205.205307007, 106.801887512, 456.115478516, 166.7681427, -35.8415756226, 47.1306762695, -4.24682569504, -8.09884357452, -34.5306816101, -61.6280632019, 43.1563415527, 29.6298217773], [-105.192886353, 4.78071308136, -7.61945056915, 166.7681427, 208.732223511, -10.3807449341, 46.5946617126, 2.55038309097, 9.92632865906, -28.2288703918, 5.28164100647, 11.8286333084, 33.2515907288], [-350.460601807, 0.48630207777, 186.69972229, -35.8415756226, -10.3807449341, 238.230987549, -51.3657493591, 118.80393219, -28.012096405, 59.1155090332, 20.1740627289, -14.7488250732, 30.6295967102], [152.408981323, 16.4223499298, -104.203330994, 47.1306762695, 46.5946617126, -51.3657493591, 201.201522827, -51.8671455383, 73.8975753784, -5.25033855438, 10.778503418, 40.8534622192, -32.4382400513], [-330.508056641, -32.498588562, 168.822311401, -4.24682569504, 2.55038309097, 118.80393219, -51.8671455383, 192.887145996, -12.6746377945, 44.4116287231, 28.6102848053, -25.3010520935, 49.4766044617], [98.642074585, 65.7375793457, -67.3539199829, -8.09884357452, 9.92632865906, -28.012096405, 73.8975753784, -12.6746377945, 131.62979126, 48.5650062561, 24.4482002258, 23.975446701, -34.9211387634], [3.11884760857, 10.4013290405, 27.9308719635, -34.5306816101, -28.2288703918, 59.1155090332, -5.25033855438, 44.4116287231, 48.5650062561, 112.466934204, 48.7896690369, -4.11029291153, -1.97916257381], [-84.9146270752, 45.3605194092, -4.74490308762, -61.6280632019, 5.28164100647, 20.1740627289, 10.778503418, 28.6102848053, 24.4482002258, 48.7896690369, 82.6170883179, 20.0249099731, -2.93504214287], [74.3912124634, -35.1767692566, -28.9197158813, 43.1563415527, 11.8286333084, -14.7488250732, 40.8534622192, -25.3010520935, 23.975446701, -4.11029291153, 20.0249099731, 66.0473175049, 9.92183208466], [-104.62121582, 17.7566833496, 83.7894973755, 29.6298217773, 33.2515907288, 30.6295967102, -32.4382400513, 49.4766044617, -34.9211387634, -1.97916257381, -2.93504214287, 9.92183208466, 94.5253219604]]}, "spectral_energyband_middle_low": {"dmean2": 0.011265062727, "median": 0.0129696307704, "min": 1.7500855201e-22, "dvar2": 0.000162886819453, "dvar": 6.90795714036e-05, "dmean": 0.00722240423784, "max": 0.138659000397, "var": 0.000172704851138, "mean": 0.0162481889129}, "melbands_crest": {"dmean2": 6.01995229721, "median": 20.0427589417, "min": 1.56908667088, "dvar2": 29.7123947144, "dvar": 12.530421257, "dmean": 3.82751560211, "max": 37.8258018494, "var": 70.8498153687, "mean": 20.8392410278}, "spectral_kurtosis": {"dmean2": 6.27154493332, "median": 12.3253116608, "min": -1.25157570839, "dvar2": 191.378860474, "dvar": 67.2574005127, "dmean": 3.87749242783, "max": 225.610702515, "var": 119.512710571, "mean": 14.1136617661}, "spectral_rms": {"dmean2": 0.00235411897302, "median": 0.00798930414021, "min": 3.11379004178e-12, "dvar2": 9.17968463909e-06, "dvar": 3.69549320567e-06, "dmean": 0.00152621639427, "max": 0.0291452668607, "var": 1.63712611538e-05, "mean": 0.0086793191731}, "zerocrossingrate": {"dmean2": 0.0417958647013, "median": 0.17236328125, "min": 0.005859375, "dvar2": 0.00135872582905, "dvar": 0.000835937040392, "dmean": 0.0321506373584, "max": 0.9658203125, "var": 0.0116167981178, "mean": 0.182849541306}, "silence_rate_60dB": {"dmean2": 0.00100058363751, "median": 0, "min": 0, "dvar2": 0.0011662991019, "dvar": 0.000500219874084, "dmean": 0.000500250142068, "max": 1, "var": 0.0194480475038, "mean": 0.0198416002095}, "erbbands_kurtosis": {"dmean2": 1.43283355236, "median": -0.118887424469, "min": -1.72653138638, "dvar2": 5.00621271133, "dvar": 1.99173498154, "dmean": 0.883405506611, "max": 43.8170852661, "var": 4.0419793129, "mean": 0.417050510645}, "erbbands": {"dmean2": [1.88564682007, 6.57969474792, 8.13986301422, 6.89819192886, 16.2212924957, 21.0136108398, 17.5888614655, 24.2094688416, 26.9469013214, 63.1750640869, 36.6867218018, 35.5936279297, 23.1448287964, 30.6962013245, 24.9476280212, 26.4111442566, 33.7835998535, 23.4488449097, 22.7571678162, 24.8687000275, 11.6964244843, 8.90769386292, 9.19559001923, 7.94647836685, 6.31946611404, 5.40156841278, 5.32915210724, 4.79550170898, 2.7695145607, 1.2967543602, 0.703590095043, 0.219875782728, 0.117589563131, 0.0796463787556, 0.0498615689576, 0.027927307412, 0.018618516624, 0.0221079606563, 0.0176898352802, 0.00516133289784], "median": [0.963199734688, 2.70762324333, 2.87380409241, 3.25959730148, 5.72412252426, 7.05902433395, 7.06879663467, 10.901096344, 15.9623193741, 15.5153198242, 17.4661808014, 17.9821376801, 13.0503797531, 13.1415367126, 13.0346565247, 13.0256090164, 17.2136878967, 16.0498085022, 17.8102226257, 16.2658233643, 6.77479171753, 3.83608794212, 3.85788846016, 3.35363864899, 2.51522326469, 3.1272251606, 1.9288598299, 1.21812391281, 1.36653673649, 0.916668832302, 0.430950880051, 0.118795029819, 0.0233495589346, 0.0141052007675, 0.00924855098128, 0.00597790023312, 0.0119056133553, 0.0156013322994, 0.00729386648163, 0.00637418078259], "min": [5.92366634674e-23, 4.89516136298e-22, 2.93888123378e-21, 3.29227153227e-21, 1.75436073726e-20, 2.53713192911e-20, 4.41952875453e-20, 6.38711710509e-20, 1.10657469387e-19, 8.52412787787e-20, 2.34172220625e-19, 2.26997255992e-19, 4.97041921639e-19, 8.69379851888e-19, 6.27638334122e-19, 1.30786302133e-18, 1.35373556297e-18, 1.74995290503e-18, 2.31466414614e-18, 2.90753426965e-18, 4.38026669137e-18, 3.3797445912e-18, 5.03856845571e-18, 5.74906324874e-18, 5.44777966782e-18, 8.67499877151e-18, 9.00489990649e-18, 9.84889544653e-18, 1.04648604528e-17, 1.13019482075e-17, 1.10574286554e-17, 9.90825310011e-18, 8.74787172911e-18, 6.93840628094e-18, 6.11268564216e-18, 3.98103086386e-18, 2.30097575456e-18, 9.6639748779e-19, 2.45269830819e-19, 2.51930134015e-20], "dvar2": [14.2494335175, 185.209640503, 271.990966797, 126.385185242, 781.17565918, 1490.67138672, 919.128845215, 1406.63354492, 1175.86743164, 19423.1972656, 4799.01855469, 3259.88330078, 1430.95935059, 4618.109375, 2270.71899414, 3018.73583984, 3858.65014648, 1236.15637207, 957.370605469, 1693.28759766, 330.851867676, 224.268463135, 350.032440186, 212.115005493, 152.86265564, 75.8623962402, 204.232406616, 245.716964722, 37.550151825, 6.06131649017, 0.815026760101, 0.0948310270905, 0.0424571670592, 0.0195234622806, 0.00759761361405, 0.00234262319282, 0.000612905249, 0.00146580243018, 0.00199291016906, 5.80898813496e-05], "dvar": [5.98713350296, 64.0209655762, 98.4175338745, 50.7186470032, 326.428070068, 609.452148438, 376.259246826, 530.752319336, 455.726989746, 8382.89453125, 1927.90600586, 1386.64868164, 591.04119873, 1863.91748047, 960.963256836, 1175.95141602, 1572.04797363, 498.985443115, 396.403625488, 681.237304688, 145.769485474, 102.769172668, 170.12298584, 98.764289856, 71.0207672119, 34.822883606, 79.4338531494, 95.4361419678, 19.2911968231, 3.23653721809, 0.348401904106, 0.0363576933742, 0.0158033259213, 0.0072677009739, 0.00282928394154, 0.000873470446095, 0.000239562010393, 0.000704739068169, 0.00083246367285, 3.57237331627e-05], "dmean": [1.21843087673, 3.87931537628, 4.70954704285, 4.19612360001, 10.0878696442, 12.9454183578, 10.5988388062, 14.6080818176, 16.4604358673, 39.8905982971, 22.3899726868, 22.2637767792, 14.2629175186, 18.8737602234, 15.603061676, 16.4437561035, 21.1240081787, 14.7356567383, 14.5034141541, 15.7734689713, 7.71657705307, 5.95948123932, 6.07914829254, 5.35587120056, 4.31491708755, 3.62175488472, 3.37209200859, 2.97296261787, 1.86810970306, 0.872922360897, 0.451143145561, 0.132375225425, 0.0673674270511, 0.0456173829734, 0.0285987574607, 0.0160642731935, 0.0114448657259, 0.0148044358939, 0.0120255900547, 0.00371850281954], "max": [43.3560829163, 111.780532837, 164.149551392, 148.13470459, 292.111297607, 679.35748291, 501.320465088, 546.000427246, 373.441833496, 1601.9251709, 1268.45007324, 862.176330566, 756.407043457, 968.423400879, 1205.26989746, 907.289489746, 835.685424805, 495.111419678, 316.916534424, 651.586303711, 284.804748535, 248.227355957, 293.25692749, 188.525512695, 211.19367981, 136.632492065, 142.925964355, 131.507797241, 139.604949951, 84.7843017578, 10.9570627213, 4.26005029678, 3.14270710945, 2.11359262466, 1.31164622307, 0.725899934769, 0.334868520498, 0.793307721615, 0.485296994448, 0.104169905186], "var": [14.6675043106, 89.6877365112, 97.6617736816, 65.794921875, 554.628356934, 886.148925781, 520.378234863, 724.23236084, 906.125366211, 28283.1445312, 3500.02368164, 2550.75170898, 1024.97839355, 2568.76806641, 2156.24755859, 2703.88305664, 3548.90429688, 1050.34362793, 805.950317383, 1207.45898438, 326.730133057, 261.715301514, 423.725982666, 233.407150269, 166.710693359, 88.2916946411, 148.338806152, 119.941902161, 49.8382873535, 7.87534666061, 0.610482990742, 0.0424184203148, 0.013890452683, 0.00639503356069, 0.00250152894296, 0.000779881724156, 0.000321416358929, 0.00175105279777, 0.00151481013745, 0.000115184564493], "mean": [2.65015673637, 6.67841100693, 6.22567939758, 5.89338588715, 13.9322872162, 17.2825012207, 14.3486423492, 19.4757232666, 26.2336750031, 74.4503936768, 35.6705856323, 33.8799438477, 22.5920886993, 27.9190216064, 26.3284568787, 28.4827957153, 35.8179016113, 26.2047138214, 26.1563472748, 27.3631038666, 13.2850341797, 9.8572807312, 10.5379114151, 8.88558483124, 7.21466636658, 6.54648113251, 5.59609031677, 4.31881952286, 3.29829525948, 1.57296597958, 0.689040541649, 0.178565591574, 0.062097992748, 0.0408269353211, 0.0258623044938, 0.0151448324323, 0.0171754937619, 0.0282803047448, 0.0208123959601, 0.00953653920442]}, "spectral_strongpeak": {"dmean2": 3.55237746239, "median": 0.468525826931, "min": 0, "dvar2": 279.485626221, "dvar": 105.179840088, "dmean": 1.91450917721, "max": 184.406234741, "var": 105.200012207, "mean": 2.17690515518}, "spectral_energy": {"dmean2": 0.0534588694572, "median": 0.0654247105122, "min": 9.93808149796e-21, "dvar2": 0.0084693832323, "dvar": 0.00329335150309, "dmean": 0.0338920094073, "max": 0.870682775974, "var": 0.00785414688289, "mean": 0.0939943268895}, "average_loudness": 0.561480104923, "spectral_rolloff": {"dmean2": 5861.01025391, "median": 990.52734375, "min": 43.06640625, "dvar2": 109461856, "dvar": 43317020, "dmean": 3059.76586914, "max": 22050, "var": 71381080, "mean": 5348.73583984}, "spectral_centroid": {"dmean2": 311.508514404, "median": 793.148254395, "min": 109.730041504, "dvar2": 114943.6875, "dvar": 58860.15625, "dmean": 206.558807373, "max": 11971.4804688, "var": 1244101.875, "mean": 1009.1027832}, "pitch_salience": {"dmean2": 0.129677370191, "median": 0.452038526535, "min": 0.0401761643589, "dvar2": 0.0129558239132, "dvar": 0.00520412949845, "dmean": 0.0815960839391, "max": 0.921039998531, "var": 0.025632288307, "mean": 0.444771915674}, "spectral_energyband_middle_high": {"dmean2": 0.00274718296714, "median": 0.0033671471756, "min": 1.11209647181e-21, "dvar2": 1.31195447466e-05, "dvar": 6.01488318352e-06, "dmean": 0.00186445924919, "max": 0.0442451089621, "var": 2.06338190765e-05, "mean": 0.00468041980639}, "spectral_contrast_coeffs": {"dmean2": [0.0876935720444, 0.0883577018976, 0.0649826526642, 0.0503802485764, 0.0370319001377, 0.0861379131675], "median": [-0.716220259666, -0.762346088886, -0.798760175705, -0.804619848728, -0.823381066322, -0.730965852737], "min": [-0.983358442783, -0.980234026909, -0.975010991096, -0.988315045834, -0.98397231102, -0.966329216957], "dvar2": [0.00483361631632, 0.00465270131826, 0.00260198838077, 0.00153392762877, 0.00093457888579, 0.00546983443201], "dvar": [0.00180851283949, 0.00169316586107, 0.000961808604188, 0.00060381408548, 0.000364612293197, 0.00217943033203], "dmean": [0.0533204749227, 0.0532491579652, 0.0391083806753, 0.0307825375348, 0.0228645820171, 0.0542299896479], "max": [-0.350446462631, -0.469492197037, -0.56408905983, -0.553347051144, -0.641497194767, -0.407171964645], "var": [0.00655050389469, 0.00547079695389, 0.00314339902252, 0.0026937853545, 0.00161374744494, 0.00750041054562], "mean": [-0.710501670837, -0.75536096096, -0.794959306717, -0.799767315388, -0.826147139072, -0.725253224373]}, "melbands_skewness": {"dmean2": 1.75662052631, "median": 3.39328837395, "min": -0.899138569832, "dvar2": 3.86834287643, "dvar": 1.677272439, "dmean": 1.13618671894, "max": 23.9266242981, "var": 8.72946453094, "mean": 3.96285128593}, "spectral_spread": {"dmean2": 822788.125, "median": 3663167.25, "min": 783793.875, "dvar2": 883777470464, "dvar": 348821159936, "dmean": 506330.875, "max": 49116708, "var": 14451902251000.0, "mean": 4106307.5}, "dissonance": {"dmean2": 0.0384614467621, "median": 0.468176156282, "min": 0.200864329934, "dvar2": 0.00145611015614, "dvar": 0.000525626470335, "dmean": 0.0228739511222, "max": 0.5, "var": 0.00106655433774, "mean": 0.459635972977}, "spectral_skewness": {"dmean2": 0.50789386034, "median": 2.36585426331, "min": -0.109027579427, "dvar2": 0.565577626228, "dvar": 0.210135221481, "dmean": 0.330952942371, "max": 12.3937397003, "var": 0.828491985798, "mean": 2.46348071098}, "spectral_flux": {"dmean2": 0.0614626482129, "median": 0.114132650197, "min": 6.21792825561e-11, "dvar2": 0.00571380602196, "dvar": 0.00231548887677, "dmean": 0.0380301810801, "max": 0.606639921665, "var": 0.00560177583247, "mean": 0.131347641349}, "spectral_contrast_valleys": {"dmean2": [0.600114285946, 0.623529732227, 0