{"tonal": {"thpcp": [1, 0.781636953354, 0.649563252926, 0.645429849625, 0.487614482641, 0.55828088522, 0.694068193436, 0.570188164711, 0.759981274605, 0.975213944912, 0.624674201012, 0.366063684225, 0.390568107367, 0.402422428131, 0.664154946804, 0.87959164381, 0.603163361549, 0.384617239237, 0.385686784983, 0.378903180361, 0.606396019459, 0.804851174355, 0.621323466301, 0.522727847099, 0.559813380241, 0.414688527584, 0.316952139139, 0.333876252174, 0.341391950846, 0.554587960243, 0.700434803963, 0.474321275949, 0.355259269476, 0.448544114828, 0.540244519711, 0.805344820023], "hpcp": {"dmean2": [0.237127318978, 0.236477985978, 0.217641681433, 0.197342053056, 0.171323314309, 0.142739325762, 0.138712018728, 0.148543342948, 0.180210471153, 0.202369138598, 0.178896486759, 0.166980743408, 0.193440496922, 0.228503495455, 0.276175111532, 0.293081283569, 0.271530926228, 0.249402329326, 0.216198638082, 0.198011532426, 0.204884141684, 0.213981568813, 0.222350016236, 0.249058321118, 0.274047881365, 0.223788961768, 0.176789179444, 0.174911186099, 0.191481426358, 0.238245472312, 0.258938521147, 0.217674642801, 0.171000435948, 0.159374892712, 0.170887485147, 0.211245909333], "median": [0.0590059757233, 0.0492833331227, 0.0330303832889, 0.0232083052397, 0.020019557327, 0.015529057011, 0.0147790964693, 0.020318955183, 0.0368003062904, 0.0427152588964, 0.0327415838838, 0.02029325068, 0.0212721731514, 0.0325743295252, 0.0778488069773, 0.103324949741, 0.0855403915048, 0.0427065715194, 0.026997487992, 0.0265302918851, 0.0356207564473, 0.0372806414962, 0.0444754995406, 0.0636726170778, 0.0652107298374, 0.0420229360461, 0.0177400223911, 0.0148317385465, 0.0220203381032, 0.0493529513478, 0.0578070022166, 0.0419651344419, 0.016309838742, 0.0120458099991, 0.0217637903988, 0.0428240485489], "min": [0, 0, 0, 0, 0, 0, 0, 0, 0, 0, 0, 0, 0, 0, 0, 0, 0, 0, 0, 0, 0, 0, 0, 0, 0, 0, 0, 0, 0, 0, 0, 0, 0, 0, 0, 0], "dvar2": [0.107619300485, 0.109124198556, 0.10120036453, 0.0967852547765, 0.0788114666939, 0.0676602050662, 0.0645362064242, 0.0669970735908, 0.0749677494168, 0.0843066200614, 0.073558986187, 0.0737371146679, 0.0953207314014, 0.107121735811, 0.113948948681, 0.125333875418, 0.106734395027, 0.115720197558, 0.0983655825257, 0.0913664996624, 0.0872120410204, 0.0979923456907, 0.102377071977, 0.109346076846, 0.131323501468, 0.105770908296, 0.0930622220039, 0.094580180943, 0.0885252058506, 0.109088823199, 0.119753144681, 0.0977461785078, 0.0840605944395, 0.0821210965514, 0.0829092040658, 0.0958711802959], "dvar": [0.0429921001196, 0.0419567339122, 0.0389268696308, 0.03919679299, 0.0299329794943, 0.024625023827, 0.0244245734066, 0.0253943447024, 0.0302507057786, 0.0348159894347, 0.0279780812562, 0.0269144456834, 0.0353442616761, 0.0411999225616, 0.0447134375572, 0.0494147650898, 0.0413535274565, 0.0449892282486, 0.0397577956319, 0.0348991267383, 0.0338504500687, 0.0395263880491, 0.0366997234523, 0.0420927144587, 0.0529663898051, 0.0398265533149, 0.0333696007729, 0.0365744717419, 0.0330906286836, 0.0411804243922, 0.0475559011102, 0.0382992811501, 0.0328534729779, 0.0314418077469, 0.0305674578995, 0.0369763039052], "dmean": [0.13908199966, 0.136680781841, 0.124472349882, 0.112944573164, 0.09818816185, 0.0810443907976, 0.0784676149487, 0.0842702835798, 0.106770336628, 0.120160400867, 0.103832900524, 0.0941483154893, 0.110233306885, 0.130974367261, 0.161584734917, 0.170546099544, 0.160944834352, 0.144756272435, 0.125294238329, 0.113551512361, 0.120221532881, 0.124105334282, 0.127337828279, 0.146562710404, 0.160202533007, 0.129937425256, 0.100483320653, 0.0991652086377, 0.107685551047, 0.138524785638, 0.150093883276, 0.127529636025, 0.0976739823818, 0.0901611894369, 0.0974606499076, 0.125020697713], "max": [1, 1, 1, 1, 1, 1, 1, 1, 1, 1, 1, 1, 1, 1, 1, 1, 1, 1, 1, 1, 1, 1, 1, 1, 1, 1, 1, 1, 1, 1, 1, 1, 1, 1, 1, 1], "var": [0.0831022784114, 0.0557890869677, 0.0470650456846, 0.0661578476429, 0.0378796942532, 0.0266661569476, 0.0326370149851, 0.0289991535246, 0.0499707125127, 0.0751606225967, 0.0369762852788, 0.0277000125498, 0.0433774478734, 0.0504986904562, 0.0709339305758, 0.0970770269632, 0.0613089688122, 0.0631379187107, 0.0728228911757, 0.0462194308639, 0.0501636303961, 0.0790155306458, 0.0464517138898, 0.0694293454289, 0.109689451754, 0.0551036223769, 0.0328244790435, 0.042728587985, 0.0349026359618, 0.0584958419204, 0.0942904874682, 0.0539195090532, 0.037880089134, 0.0448408015072, 0.031722061336, 0.0540283694863], "mean": [0.201338365674, 0.155427798629, 0.13076351583, 0.140040680766, 0.103736832738, 0.0792874842882, 0.0835211500525, 0.0854012519121, 0.138733521104, 0.175217986107, 0.118654318154, 0.088870242238, 0.112206012011, 0.135145410895, 0.201461851597, 0.250156015158, 0.195531189442, 0.162492156029, 0.161458164454, 0.121979698539, 0.139657318592, 0.173625335097, 0.14263600111, 0.190113887191, 0.243955627084, 0.156266003847, 0.0915730297565, 0.0977029576898, 0.100668393075, 0.166142359376, 0.220035135746, 0.15088494122, 0.0962143167853, 0.0964818671346, 0.0947849079967, 0.151693612337]}, "tuning_equal_tempered_deviation": 0.0140692433342, "chords_changes_rate": 0.0652054771781, "key_key": "D", "tuning_diatonic_strength": 0.521744012833, "key_scale": "minor", "chords_number_rate": 0.00438356166705, "tuning_frequency": 434.946166992, "tuning_nontempered_energy_ratio": 0.728787183762, "chords_histogram": [31.890411377, 4.38356161118, 5.83561658859, 5.5342464447, 0.0273972600698, 4.65753412247, 1.04109585285, 2.41095900536, 0.0821917802095, 7.69863033295, 2.41095900536, 0.273972600698, 0.246575340629, 0.164383560419, 0.301369875669, 2, 0.575342476368, 2.10958909988, 1.34246575832, 0.465753436089, 16.8493156433, 2, 4.32876729965, 3.36986303329], "key_strength": 0.620149254799, "chords_key": "D", "chords_strength": {"dmean2": 0.0127823194489, "median": 0.568897604942, "min": -1, "dvar2": 0.00100569380447, "dvar": 0.00056922447402, "dmean": 0.0119928335771, "max": 0.870467603207, "var": 0.023191196844, "mean": 0.573701560497}, "chords_scale": "minor", "hpcp_entropy": {"dmean2": 1.15774130821, "median": 1.8401787281, "min": 0, "dvar2": 0.875360846519, "dvar": 0.32214063406, "dmean": 0.684544205666, "max": 4.69357347488, "var": 0.65788847208, "mean": 1.79076504707}}, "metadata": {"audio_properties": {"equal_loudness": 0, "codec": "flac", "downmix": "mix", "sample_rate": 44100, "analysis_sample_rate": 44100, "bit_rate": 0, "md5_encoded": "272251a4c584305fdbbec96bbc1e247b", "length": 169.440002441, "replay_gain": -12.4530544281, "lossless": true}, "version": {"essentia_build_sha": "2d9f1f26377add8aeb1075a9c2973f962c4f09fd", "essentia": "2.1-beta2", "extractor": "music 1.0", "essentia_git_sha": "v2.1_beta2-1-ge3940c0"}, "tags": {"title": ["Hunting Tigers Out In India (Yah)"], "barcode": ["029667036221"], "media": ["CD"], "albumartist": ["Various Artists"], "tracktotal": ["25"], "musicbrainz_releasegroupid": ["f7b552d6-6497-4cc6-b13f-cdf1f1a21d35"], "releasetype": ["album", "compilation"], "musicbrainz_recordingid": ["02e6a901-bec0-43e6-8d07-e50b1014296d"], "musicbrainz_albumartistid": ["89ad4ac3-39f7-470e-963a-56509c546377"], "originalyear": ["2009"], "musicbrainz_releasetrackid": ["94d64eb4-e7b1-33b3-8a33-b5283af40c00"], "discnumber": ["1"], "totaldiscs": ["2"], "catalognumber": ["CDCH1 1225"], "releasecountry": ["GB"], "file_name": "19 - Hal Swain & His Band - Hunting Tigers Out In Indiah (Yah).flac", "compilation": ["1"], "originaldate": ["2009-08-31"], "albumartistsort": ["Various Artists"], "date": ["2009-08-31"], "genre": ["Misc"], "disctotal": ["2"], "releasestatus": ["official"], "musicbrainz_artistid": ["ddc01b24-f759-45a3-972a-d48c839cd3cf"], "asin": ["B002GHBVPI"], "musicbrainz_albumid": ["862087a6-a3bd-4cdb-94e1-f29ada4c0f2a"], "artist": ["Hal Swain & His Band"], "tracknumber": ["19"], "artistsort": ["Swain, Hal & His Band"], "album": ["Theme Time Radio Hour Season 2 With Your Host Bob Dylan (Disc 1)"], "label": ["Ace Records"], "isrc": ["GBAYE0802509"], "acoustid_id": ["1b519008-4eef-4399-a832-8d0d8f597462"], "script": ["Latn"], "totaltracks": ["25"]}}, "rhythm": {"bpm_histogram_first_peak_bpm": {"dmean2": 0, "median": 110, "min": 110, "dvar2": 0, "dvar": 0, "dmean": 0, "max": 110, "var": 0, "mean": 110}, "bpm": 109.577690125, "bpm_histogram_second_peak_spread": {"dmean2": 0, "median": 0.527777791023, "min": 0.527777791023, "dvar2": 0, "dvar": 0, "dmean": 0, "max": 0.527777791023, "var": 0, "mean": 0.527777791023}, "bpm_histogram_first_peak_weight": {"dmean2": 0, "median": 0.303921580315, "min": 0.303921580315, "dvar2": 0, "dvar": 0, "dmean": 0, "max": 0.303921580315, "var": 0, "mean": 0.303921580315}, "onset_rate": 3.32823419571, "beats_position": [0.592108845711, 1.19582760334, 1.79954648018, 2.42648530006, 3.03020405769, 3.63392281532, 4.22603178024, 4.81814050674, 5.41024923325, 5.99074840546, 6.58285713196, 7.17496585846, 7.77868461609, 8.38240337372, 8.98612213135, 9.58984088898, 10.1935596466, 10.8204984665, 11.4590473175, 12.1092061996, 12.7593650818, 13.4095239639, 14.0712919235, 14.7446708679, 15.3483896255, 15.9404983521, 16.5326080322, 17.1247158051, 17.7168254852, 18.3321533203, 18.9474830627, 19.5512008667, 20.154920578, 20.758638382, 21.3275279999, 21.8731975555, 22.4072551727, 22.9529247284, 23.4985942841, 24.0558719635, 24.6015415192, 25.1472110748, 25.681268692, 26.2269382477, 26.7958278656, 27.3879356384, 27.9684352875, 28.5489330292, 29.1178226471, 29.6983222961, 30.2788200378, 30.8477096558, 31.4049873352, 31.9738769531, 32.5195465088, 33.0652160645, 33.6108856201, 34.1565513611, 34.539680481, 34.9228096008, 35.3059387207, 35.6890678406, 36.0605888367, 36.4321098328, 36.8152389526, 37.2099761963, 37.6163253784, 38.0226745605, 38.4058036804, 38.8121528625, 39.1952819824, 39.6016311646, 40.0079803467, 40.4723815918, 40.9367790222, 41.4011802673, 41.8655776978, 42.3067550659, 42.771156311, 43.2239456177, 43.6767349243, 44.1179122925, 44.5590934753, 45.046710968, 45.5343284607, 46.0103378296, 46.532787323, 47.0668487549, 47.6241264343, 48.1814041138, 48.7386856079, 49.3075714111, 49.8764610291, 50.445350647, 50.9794082642, 51.513469696, 52.0591392517, 52.5815849304, 53.1040344238, 53.6380958557, 54.1953735352, 54.7526512146, 55.2983207703, 55.8439903259, 56.3896598816, 56.9353294373, 57.4809951782, 58.0266647339, 58.583946228, 59.129611969, 59.6868934631, 60.2325630188, 60.7898406982, 61.3355102539, 61.8811798096, 62.4268455505, 62.9725151062, 63.5297966003, 64.0870742798, 64.6443557739, 65.1900177002, 65.7356872559, 66.2813568115, 66.8270263672, 67.3843078613, 67.929977417, 68.4756469727, 69.0213165283, 69.566986084, 70.1126480103, 70.6699295044, 71.2272109985, 71.7844848633, 72.3417663574, 72.8874359131, 73.4214935303, 73.9555511475, 74.489616394, 75.0352783203, 75.580947876, 76.1266174316, 76.6722869873, 77.2063446045, 77.7520141602, 78.2860794067, 78.8201370239, 79.3541946411, 79.8998641968, 80.4571380615, 81.0260314941, 81.5833053589, 82.1289749146, 82.6862564087, 83.2435379028, 83.8008117676, 84.3580932617, 84.9153747559, 85.4726486206, 86.0299301147, 86.5872116089, 87.1444854736, 87.7017669678, 88.2474365234, 88.8047180176, 89.3503875732, 89.907661438, 90.4533309937, 91.0106124878, 91.5562820435, 92.1135559082, 92.6708374023, 93.2281188965, 93.7853927612, 94.3310623169, 94.8767318726, 95.4340133667, 95.9796829224, 96.525352478, 97.0710220337, 97.61668396, 98.1739654541, 98.7312469482, 99.288520813, 99.8341903687, 100.379859924, 100.92552948, 101.482810974, 102.02848053, 102.574150085, 103.119819641, 103.653877258, 104.187934875, 104.721992493, 105.267662048, 105.813331604, 106.370613098, 106.927886963, 107.485168457, 108.042449951, 108.588119507, 109.133781433, 109.66784668, 110.201904297, 110.735961914, 111.270019531, 111.815689087, 112.361358643, 112.89541626, 113.429473877, 113.963539124, 114.520812988, 115.078094482, 115.623764038, 116.157821655, 116.703491211, 117.237548828, 117.794830322, 118.363716125, 118.944213867, 119.524711609, 120.093605042, 120.650878906, 121.2081604, 121.777046204, 122.345939636, 122.90322113, 123.448883057, 123.994552612, 124.551834106, 125.097503662, 125.643173218, 126.188842773, 126.722900391, 127.256958008, 127.802627563, 128.336685181, 128.893966675, 129.43963623, 129.985305786, 130.530975342, 131.076644897, 131.622314453, 132.167984009, 132.702041626, 133.247711182, 133.793380737, 134.327438354, 134.861495972, 135.407165527, 135.941223145, 136.4868927, 137.032562256, 137.578231812, 138.123901367, 138.669570923, 139.215240479, 139.760910034, 140.294967651, 140.840637207, 141.386306763, 141.931976318, 142.477645874, 143.034912109, 143.592193604, 144.149475098, 144.695144653, 145.240814209, 145.798095703, 146.366973877, 146.924255371, 147.469924927, 148.003982544, 148.538040161, 149.072113037, 149.606170654, 150.140228271, 150.639450073, 151.150299072, 151.672744751, 152.183578491, 152.70602417, 153.228485107, 153.750930786, 154.273376465, 154.73777771, 155.213790894, 155.67817688, 156.154190063, 156.641815186, 157.11781311, 157.593826294, 158.058227539, 158.511016846, 158.952194214, 159.521087646, 160.101577759, 160.68208313, 161.250976563, 161.819854736, 162.470016479, 163.1434021, 164.002532959, 164.850067139, 165.76725769, 166.661224365, 167.55519104, 168.449157715], "beats_loudness": {"dmean2": 0.0381545722485, "median": 0.0246095638722, "min": 0, "dvar2": 0.00129838986322, "dvar": 0.000424851576099, "dmean": 0.0218111220747, "max": 0.128680109978, "var": 0.00058542372426, "mean": 0.0305056869984}, "danceability": 1.15808057785, "bpm_histogram_second_peak_weight": {"dmean2": 0, "median": 0.0555555559695, "min": 0.0555555559695, "dvar2": 0, "dvar": 0, "dmean": 0, "max": 0.0555555559695, "var": 0, "mean": 0.0555555559695}, "beats_count": 307, "bpm_histogram_second_peak_bpm": {"dmean2": 0, "median": 105, "min": 105, "dvar2": 0, "dvar": 0, "dmean": 0, "max": 105, "var": 0, "mean": 105}, "bpm_histogram_first_peak_spread": {"dmean2": 0, "median": 0.510526299477, "min": 0.510526299477, "dvar2": 0, "dvar": 0, "dmean": 0, "max": 0.510526299477, "var": 0, "mean": 0.510526299477}, "beats_loudness_band_ratio": {"dmean2": [0.277681559324, 0.386626571417, 0.31639495492, 0.343950480223, 0.0920473411679, 0.0212459582835], "median": [0.128891021013, 0.290160000324, 0.312990009785, 0.103669792414, 0.0178915578872, 0.00159674126189], "min": [0, 0, 0, 0, 0, 0], "dvar2": [0.0633265227079, 0.086797773838, 0.0685802549124, 0.148731887341, 0.0179314091802, 0.00358356488869], "dvar": [0.0242257155478, 0.0286593660712, 0.0220527406782, 0.0455113835633, 0.00562829710543, 0.00128705136012], "dmean": [0.153457894921, 0.217317715287, 0.183304995298, 0.184688910842, 0.049427241087, 0.0118852509186], "max": [0.805564820766, 0.899489760399, 0.921885967255, 0.855879366398, 0.529369831085, 0.345651358366], "var": [0.0308943074197, 0.036559458822, 0.0351916328073, 0.0380375757813, 0.00432512816042, 0.00126011157408], "mean": [0.189526513219, 0.313698977232, 0.319601088762, 0.178012743592, 0.0429129973054, 0.0100583173335]}}, "lowlevel": {"barkbands_spread": {"dmean2": 3.88288664818, "median": 6.84683609009, "min": 0.450932323933, "dvar2": 25.0414981842, "dvar": 12.4235677719, "dmean": 2.54750943184, "max": 138.443725586, "var": 140.230697632, "mean": 9.48330974579}, "melbands_spread": {"dmean2": 5.95611333847, "median": 9.84955024719, "min": 0.492974877357, "dvar2": 72.2287445068, "dvar": 29.7318706512, "dmean": 3.83479428291, "max": 153.401809692, "var": 221.88659668, "mean": 13.5345220566}, "hfc": {"dmean2": 4.94895839691, "median": 5.5278711319, "min": 1.097315566e-16, "dvar2": 51.4201126099, "dvar": 31.1888465881, "dmean": 3.74366092682, "max": 109.113143921, "var": 177.883056641, "mean": 10.7858057022}, "barkbands_kurtosis": {"dmean2": 5.74022006989, "median": 2.40569114685, "min": -1.91595506668, "dvar2": 181.478912354, "dvar": 76.314781189, "dmean": 3.64197921753, "max": 322.166381836, "var": 148.132949829, "mean": 5.76763391495}, "gfcc": {"mean": [-170.594711304, 194.731155396, -160.744812012, 13.1502685547, -63.9790992737, -29.1580886841, -8.90861225128, -35.0230712891, -3.79653072357, -22.1851520538, -2.71229410172, -12.9527397156, -8.29171276093], "icov": [[0.00039129157085, -0.00111717579421, 0.00075351819396, 5.85652196605e-05, 0.000239799977862, -0.000128720101202, 0.0007697318797, -0.000768166501075, 0.000654700677842, 0.000149781233631, -0.000122557961731, 0.000193051659153, -0.000126784303575], [-0.00111717579421, 0.00509193539619, -0.00217243982479, 0.000564961985219, -0.00162142212503, 0.00255564972758, -0.00548889301717, 0.0066582611762, -0.00527502270415, 0.00203722482547, -0.000392049812945, 0.000208264435059, 0.000670315523166], [0.00075351819396, -0.00217243982479, 0.00255136960186, -0.00033904844895, 0.000970976951066, -0.00051021768013, 0.0016199798556, -0.00169665820431, 0.0019515074091, -0.000812974933069, 0.000994608970359, -0.000467649719212, 2.63179595095e-06], [5.85652196605e-05, 0.000564961985219, -0.00033904844895, 0.00207237806171, -0.000116771632747, 0.000437034497736, 0.000463588279672, 0.000295369012747, -0.000512098195031, 0.00186786719132, -0.00203984649852, 0.00281555159017, -0.00168393598869], [0.000239799977862, -0.00162142212503, 0.000970976951066, -0.000116771632747, 0.00544910924509, -0.00267326482572, 0.00586743373424, -0.00620178878307, 0.00474174832925, -0.00333282654174, 0.00286996900104, -0.00232804543339, 0.00130671006627], [-0.000128720101202, 0.00255564972758, -0.00051021768013, 0.000437034497736, -0.00267326482572, 0.0088008325547, -0.00961147528142, 0.0089954091236, -0.00581956328824, 0.00121376069728, 0.000386616680771, -0.0011452405015, 0.000871725962497], [0.0007697318797, -0.00548889301717, 0.0016199798556, 0.000463588279672, 0.00586743373424, -0.00961147528142, 0.0221663378179, -0.0192875582725, 0.0160640385002, -0.00413748621941, -0.00371324247681, 0.00469921762124, -0.00348359532654], [-0.000768166501075, 0.0066582611762, -0.00169665820431, 0.000295369012747, -0.00620178878307, 0.0089954091236, -0.0192875582725, 0.0283346604556, -0.0172509532422, 0.00509582087398, 0.00453064870089, -0.00804479978979, 0.0061878496781], [0.000654700677842, -0.00527502270415, 0.0019515074091, -0.000512098195031, 0.00474174832925, -0.00581956328824, 0.0160640385002, -0.0172509532422, 0.0241062100977, -0.0106108617038, 0.00074728904292, 0.00450392160565, -0.00617325399071], [0.000149781233631, 0.00203722482547, -0.000812974933069, 0.00186786719132, -0.00333282654174, 0.00121376069728, -0.00413748621941, 0.00509582087398, -0.0106108617038, 0.0182524695992, -0.0103778941557, 0.00779429450631, -0.00262336712331], [-0.000122557961731, -0.000392049812945, 0.000994608970359, -0.00203984649852, 0.00286996900104, 0.000386616680771, -0.00371324247681, 0.00453064870089, 0.00074728904292, -0.0103778941557, 0.0279156174511, -0.0199986733496, 0.0111055802554], [0.000193051659153, 0.000208264435059, -0.000467649719212, 0.00281555159017, -0.00232804543339, -0.0011452405015, 0.00469921762124, -0.00804479978979, 0.00450392160565, 0.00779429450631, -0.0199986733496, 0.0336899757385, -0.0188085101545], [-0.000126784303575, 0.000670315523166, 2.63179595095e-06, -0.00168393598869, 0.00130671006627, 0.000871725962497, -0.00348359532654, 0.0061878496781, -0.00617325399071, -0.00262336712331, 0.0111055802554, -0.0188085101545, 0.025918636471]], "cov": [[20393.2988281, 4336.69921875, -3020.56518555, -1493.97424316, -150.092712402, -733.823242188, -139.627609253, -439.516540527, 31.8256015778, -453.928375244, -0.934056341648, -163.654144287, -147.469497681], [4336.69921875, 1416.54296875, -291.296600342, -352.608520508, -110.077529907, -173.947738647, 5.73324346542, -175.348007202, 19.7628517151, -95.7584533691, -3.21990537643, -67.2449188232, -36.6709747314], [-3020.56518555, -291.296600342, 1147.78259277, 284.90637207, -90.2686157227, 63.2598419189, 22.994184494, 5.10922765732, -22.4764194489, 41.3321762085, -20.5021190643, -1.17102015018, 22.211057663], [-1493.97424316, -352.608520508, 284.90637207, 769.697875977, -42.876159668, -38.1942100525, -90.3548355103, -7.31905460358, 17.1522808075, -17.6186943054, -13.5952606201, -33.2054824829, 28.8700523376], [-150.092712402, -110.077529907, -90.2686157227, -42.876159668, 347.731170654, 8.45290374756, -63.7339630127, 63.4078979492, 13.7095985413, 25.6795787811, -27.4083633423, 24.2985992432, -6.94226884842], [-733.823242188, -173.947738647, 63.2598419189, -38.1942100525, 8.45290374756, 273.555267334, 125.190162659, 0.027107482776, -31.0017318726, 33.9581832886, 23.2293624878, 12.1531143188, 0.533306539059], [-139.627609253, 5.73324346542, 22.994184494, -90.3548355103, -63.7339630127, 125.190162659, 222.11265564, 49.6297874451, -78.8269119263, -7.6673707962, 32.6771240234, 13.5932130814, -13.3850355148], [-439.516540527, -175.348007202, 5.10922765732, -7.31905460358, 63.4078979492, 0.027107482776, 49.6297874451, 132.083908081, 21.2894172668, 8.3072271347, -6.11419916153, 25.3003387451, 0.738970398903], [31.8256015778, 19.7628517151, -22.4764194489, 17.1522808075, 13.7095985413, -31.0017318726, -78.8269119263, 21.2894172668, 138.063919067, 57.5197906494, -13.0563688278, -15.116150856, 18.7660064697], [-453.928375244, -95.7584533691, 41.3321762085, -17.6186943054, 25.6795787811, 33.9581832886, -7.6673707962, 8.3072271347, 57.5197906494, 123.13986969, 25.7322177887, -8.02284622192, 2.97254562378], [-0.934056341648, -3.21990537643, -20.5021190643, -13.5952606201, -27.4083633423, 23.2293624878, 32.6771240234, -6.11419916153, -13.0563688278, 25.7322177887, 79.6255569458, 34.6933059692, -3.7972946167], [-163.654144287, -67.2449188232, -1.17102015018, -33.2054824829, 24.2985992432, 12.1531143188, 13.5932130814, 25.3003387451, -15.116150856, -8.02284622192, 34.6933059692, 83.7100524902, 34.4029006958], [-147.469497681, -36.6709747314, 22.211057663, 28.8700523376, -6.94226884842, 0.533306539059, -13.3850355148, 0.738970398903, 18.7660064697, 2.97254562378, -3.7972946167, 34.4029006958, 70.4022750854]]}, "spectral_energyband_middle_low": {"dmean2": 0.00775135820732, "median": 0.00738383317366, "min": 1.85998053373e-22, "dvar2": 0.000130422791699, "dvar": 6.39948339085e-05, "dmean": 0.00546432193369, "max": 0.131868973374, "var": 0.000259337102761, "mean": 0.0129579296336}, "melbands_crest": {"dmean2": 5.30820846558, "median": 12.0907754898, "min": 1.68498075008, "dvar2": 21.2022972107, "dvar": 8.27021121979, "dmean": 3.27385687828, "max": 35.8073043823, "var": 27.9939136505, "mean": 13.1543951035}, "spectral_kurtosis": {"dmean2": 13.6754875183, "median": 11.6951532364, "min": -1.27141356468, "dvar2": 150.551498413, "dvar": 51.6959686279, "dmean": 7.88718700409, "max": 67.5527267456, "var": 113.817497253, "mean": 13.9077835083}, "spectral_rms": {"dmean2": 0.000971011526417, "median": 0.00322426436469, "min": 3.14263675846e-12, "dvar2": 1.05176354737e-06, "dvar": 6.37329492292e-07, "dmean": 0.000738675589673, "max": 0.0114664807916, "var": 5.14784733241e-06, "mean": 0.00348607986234}, "zerocrossingrate": {"dmean2": 0.00577365653589, "median": 0.0302734375, "min": 0.00634765625, "dvar2": 0.000130479907966, "dvar": 7.59141767048e-05, "dmean": 0.00476331822574, "max": 0.51904296875, "var": 0.00265477248468, "mean": 0.0390538051724}, "silence_rate_60dB": {"dmean2": 0.143620669842, "median": 0, "min": 0, "dvar2": 0.136427640915, "dvar": 0.0666465833783, "dmean": 0.0718004927039, "max": 1, "var": 0.184385865927, "mean": 0.243869021535}, "erbbands_kurtosis": {"dmean2": 2.83101773262, "median": 0.850171029568, "min": -1.91180145741, "dvar2": 18.8759250641, "dvar": 8.10007476807, "dmean": 1.79315674305, "max": 62.0979576111, "var": 18.3692417145, "mean": 2.22438764572}, "erbbands": {"dmean2": [0.0026603799779, 0.0411937572062, 0.381918877363, 3.14397907257, 5.59568881989, 7.03035497665, 15.4565782547, 23.2949008942, 33.2191581726, 30.8246383667, 36.6917572021, 39.9040603638, 32.8906173706, 35.5388336182, 32.933391571, 40.1322975159, 22.8912715912, 18.3677883148, 15.5263595581, 8.57816696167, 5.68397331238, 4.73578214645, 3.20028233528, 2.73519968987, 2.08056282997, 0.688871383667, 0.318908035755, 0.15930211544, 0.0563895329833, 0.0295385159552, 0.0120183061808, 0.00321622658521, 0.000419521762524, 4.79286172776e-05, 1.48821973198e-05, 7.44948511056e-06, 3.70379848391e-06, 1.06708455405e-06, 4.28391558671e-06, 1.00263096101e-05], "median": [0.000836401013657, 0.0141333583742, 0.121291048825, 0.809038460255, 1.79396867752, 2.89230465889, 6.10852622986, 8.37610721588, 9.10678577423, 8.71883010864, 9.46922302246, 11.465089798, 9.43461513519, 7.22092866898, 4.65856361389, 5.59944152832, 3.51109147072, 1.94327485561, 1.59164607525, 0.773860514164, 0.505595743656, 0.469258368015, 0.43173879385, 0.396166324615, 0.295197546482, 0.179626211524, 0.121653303504, 0.0763173550367, 0.0396822802722, 0.0185121148825, 0.00695734750479, 0.00174453854561, 0.000262881949311, 3.10919967887e-05, 1.06447096186e-05, 7.28163240638e-06, 4.27577970186e-06, 1.06365155261e-06, 5.33280217496e-06, 1.21425191537e-05], "min": [1.49318457283e-22, 4.19830233902e-22, 6.31871476143e-22, 1.04645964981e-20, 8.33150449351e-21, 3.17630892872e-20, 6.12958023749e-20, 7.38878500552e-20, 1.70289514282e-19, 1.94486085238e-19, 2.17359283536e-19, 4.21358230162e-19, 3.39448712106e-19, 8.90855735336e-19, 8.62185138317e-19, 1.18054358824e-18, 1.33218895557e-18, 2.34268364862e-18, 2.93734689291e-18, 3.08522362537e-18, 3.32526544208e-18, 3.11599371019e-18, 6.10180035889e-18, 4.74271035242e-18, 6.27051253022e-18, 8.19623076886e-18, 7.82985510477e-18, 9.41228304945e-18, 1.06138662868e-17, 1.23043016856e-17, 1.20750982096e-17, 1.17369103793e-17, 9.71369029387e-18, 8.21675229268e-18, 6.8125308984e-18, 4.24399158059e-18, 2.30308775346e-18, 9.6327519117e-19, 2.49410154128e-19, 2.96092305255e-20], "dvar2": [2.51177352766e-05, 0.00607643928379, 0.680077075958, 39.8649711609, 164.541366577, 179.903167725, 898.93536377, 2163.65795898, 6122.53564453, 5034.64941406, 11051.7236328, 12182.5224609, 5242.45019531, 9325.84667969, 17813.9296875, 13599.453125, 4695.71923828, 3762.39306641, 2509.63793945, 596.051757813, 273.70425415, 182.192169189, 90.2778930664, 82.4518051147, 65.829208374, 14.2195539474, 2.00711679459, 0.338088214397, 0.0168635752052, 0.00456823967397, 0.000857469975017, 8.17168765934e-05, 1.40476231536e-06, 1.22854217466e-07, 2.00387582083e-08, 1.12369624716e-09, 4.56051515996e-11, 2.49970833963e-12, 3.41281031213e-11, 1.88966467474e-10], "dvar": [1.25326760099e-05, 0.00313433981501, 0.259727478027, 16.3774967194, 63.0173797607, 72.3009719849, 405.005157471, 1000.97436523, 2677.27832031, 2369.20727539, 5291.10839844, 5729.078125, 2576.18334961, 4828.59765625, 8109.31152344, 5862.34082031, 2075.21557617, 1704.07397461, 998.95513916, 275.985992432, 128.154693604, 111.434425354, 44.8037528992, 40.5023841858, 34.0652580261, 6.45841503143, 0.863588035107, 0.148557662964, 0.00796070881188, 0.00210497365333, 0.000420143041993, 3.81922727684e-05, 7.1256533829e-07, 5.97454601348e-08, 1.15009184398e-08, 5.2819509877e-10, 1.9417648045e-11, 1.15089751965e-12, 1.90596115279e-11, 1.03329081402e-10], "dmean": [0.00173308735248, 0.0278451964259, 0.237696677446, 1.97708714008, 3.457695961, 4.45174217224, 10.264008522, 15.4446249008, 22.0055789948, 20.3902931213, 24.6100788116, 27.4988136292, 22.365020752, 24.6574611664, 21.4163208008, 26.2436962128, 15.0522994995, 11.808172226, 9.87066364288, 5.71948862076, 3.88770222664, 3.30243945122, 2.21802997589, 1.85016524792, 1.45167064667, 0.461969554424, 0.210483595729, 0.104297071695, 0.03798783198, 0.0196319893003, 0.00814617890865, 0.0021952628158, 0.000296634389088, 3.26691879309e-05, 1.02612293631e-05, 5.00229361933e-06, 2.60806132246e-06, 7.30884380573e-07, 3.15381817018e-06, 7.31905720386e-06], "max": [0.103325262666, 1.3460521698, 11.7905435562, 78.5385513306, 154.202255249, 247.191162109, 419.943725586, 632.03112793, 1476.56726074, 1410.47814941, 3072.62939453, 2182.06738281, 1317.4744873, 1766.29418945, 3669.64819336, 1716.5045166, 1277.67297363, 1618.54650879, 1285.51672363, 377.559906006, 509.761352539, 414.214111328, 257.429931641, 184.63053894, 217.372314453, 93.0656814575, 45.7191772461, 16.5520172119, 2.63907909393, 1.20700716972, 0.398504704237, 0.164127886295, 0.0266645755619, 0.0168411694467, 0.00891081802547, 0.00146511232015, 0.000190161910723, 1.94042440853e-05, 6.70847875881e-05, 0.000153164699441], "var": [3.42788844137e-05, 0.00983328279108, 0.510586738586, 30.0219097137, 84.4802093506, 214.197235107, 958.468994141, 2711.7421875, 6499.8828125, 5945.74951172, 12598.0585938, 10054.4423828, 6077.08740234, 12485.4306641, 11664.5117188, 13655.6943359, 3696.31396484, 2435.15478516, 1936.14196777, 589.058349609, 305.991516113, 378.133178711, 109.212394714, 79.9359054565, 93.3776473999, 16.3232402802, 1.59075760841, 0.329153120518, 0.0205566454679, 0.00575815886259, 0.00128287274856, 0.000108535212348, 2.2468689167e-06, 1.5526865127e-07, 1.97728642348e-08, 9.66562829774e-10, 6.88450130237e-11, 5.09075941124e-12, 1.02612328357e-10, 5.37955735513e-10], "mean": [0.002764781937, 0.0484711453319, 0.370810836554, 2.78767776489, 4.97099304199, 7.64924049377, 17.1612739563, 26.5525016785, 36.904094696, 33.8468551636, 39.7804450989, 42.9604759216, 36.3806838989, 40.263835907, 32.8322067261, 42.8329124451, 23.9378471375, 17.5139865875, 15.2959365845, 9.28495693207, 6.54093122482, 5.80327177048, 3.68251132965, 2.90174102783, 2.34636282921, 0.825382947922, 0.394260555506, 0.20644043386, 0.0844681635499, 0.0423259884119, 0.0176183693111, 0.00467219064012, 0.000683389778715, 7.92627106421e-05, 2.22319595196e-05, 1.27737966977e-05, 7.11396660336e-06, 1.92974243873e-06, 8.9220211521e-06, 2.0313065761e-05]}, "spectral_strongpeak": {"dmean2": 0.757390201092, "median": 0.64271825552, "min": 0, "dvar2": 0.965649664402, "dvar": 0.441759824753, "dmean": 0.489149391651, "max": 11.645813942, "var": 1.44244909286, "mean": 1.05822646618}, "spectral_energy": {"dmean2": 0.00886992644519, "median": 0.0106557765976, "min": 1.01230702638e-20, "dvar2": 0.000148722028825, "dvar": 8.03790899226e-05, "dmean": 0.00644856411964, "max": 0.134767174721, "var": 0.000410634762375, "mean": 0.0177330560982}, "average_loudness": 0.532126128674, "spectral_rolloff": {"dmean2": 364.204223633, "median": 775.1953125, "min": 21.533203125, "dvar2": 493903, "dvar": 240881.9375, "dmean": 216.726455688, "max": 19939.7460938, "var": 4843416, "mean": 1173.80749512}, "spectral_centroid": {"dmean2": 207.426757813, "median": 630.993347168, "min": 168.453277588, "dvar2": 113282.859375, "dvar": 56538.7851563, "dmean": 139.762969971, "max": 11551.4199219, "var": 1029348.875, "mean": 843.321350098}, "pitch_salience": {"dmean2": 0.117932602763, "median": 0.606649041176, "min": 0.0908327102661, "dvar2": 0.0100955273956, "dvar": 0.00392376212403, "dmean": 0.0728589817882, "max": 0.878575861454, "var": 0.0129607245326, "mean": 0.596837639809}, "spectral_energyband_middle_high": {"dmean2": 0.0025116384495, "median": 0.0012756541837, "min": 1.09800249355e-21, "dvar2": 2.49564382102e-05, "dvar": 1.38626273838e-05, "dmean": 0.00180252059363, "max": 0.0906831398606, "var": 5.71829186811e-05, "mean": 0.00427246140316}, "spectral_contrast_coeffs": {"dmean2": [0.0889270603657, 0.0794958174229, 0.0638884007931, 0.0512928105891, 0.0343621559441, 0.0351981371641], "median": [-0.575169146061, -0.724504113197, -0.746546626091, -0.774264335632, -0.831317126751, -0.669007599354], "min": [-0.979466497898, -0.978798210621, -0.978572249413, -0.974793553352, -0.967094004154, -0.964852869511], "dvar2": [0.00508231623098, 0.00401597935706, 0.00267511839047, 0.00185622193385, 0.000942136684898, 0.000901911465917], "dvar": [0.00202842103317, 0.00166562781669, 0.00119443971198, 0.000921084894799, 0.000508915865794, 0.00031754077645], "dmean": [0.0553367212415, 0.0497675053775, 0.040992539376, 0.0335311256349, 0.0227789543569, 0.0206872448325], "max": [-0.280643075705, -0.329197734594, -0.393245279789, -0.497680902481, -0.575320124626, -0.454371184111], "var": [0.0101362718269, 0.00720186531544, 0.00738322548568, 0.00614443747327, 0.00349827622995, 0.00195632805116], "mean": [-0.578926622868, -0.720032989979, -0.745406985283, -0.774021923542, -0.81749278307, -0.670593678951]}, "melbands_skewness": {"dmean2": 0.912641465664, "median": 1.36527919769, "min": -2.58497691154, "dvar2": 1.03681242466, "dvar": 0.458030462265, "dmean": 0.602022051811, "max": 14.845749855, "var": 2.15425515175, "mean": 1.62396430969}, "spectral_spread": {"dmean2": 504619.96875, "median": 1941945.625, "min": 927280.1875, "dvar2": 1297867079680.0, "dvar": 564556136448, "dmean": 314838.25, "max": 50181920, "var": 12181446852600.0, "mean": 2485629}, "dissonance": {"dmean2": 0.0647381097078, "median": 0.434530943632, "min": 0.121360972524, "dvar2": 0.00332085439004, "dvar": 0.0012431954965, "dmean": 0.0385244190693, "max": 0.500000357628, "var": 0.00274826260284, "mean": 0.424566209316}, "spectral_skewness": {"dmean2": 1.04348123074, "median": 2.34699034691, "min": -0.656960070133, "dvar2": 0.750777602196, "dvar": 0.272633731365, "dmean": 0.620036423206, "max": 6.30795574188, "var": 1.06059134007, "mean": 2.37857747078}, "spectral_flux": {"dmean2": 0.0310535617173, "median": 0.0572477914393, "min": 6.46185813191e-11, "dvar2": 0.00120854179841, "dvar": 0.000535310653504, "dmean": 0.0197305139154, "max": 0.327762335539, "var": 0.00191222073045, "mean": 0.0637174025178}, "spectral_contrast_valleys": {"dmean2": [0.70902967453, 0.614071846008, 0.53810185194, 0.45431342721, 0.317914843559, 0.481625169516], "median": [-8.48203277588, -6.65174150467, -7.59114646912, -8.69575500488, -8.97116374969, -13.8481435776], "min": [-28.0873832703, -27.9732475281, -27.562046051, -27.7333812714, -27.5598297119, -27.3462047577], "dvar2": [0.322871267796, 0.284289449453, 0.217990189791, 0.165535882115, 0.110370479524, 0.186387822032], "dvar": [0.150577202439, 0.149228364229, 0.1289024055, 0.101904913783, 0.0749361664057, 0.0783926025033], "dmean": [0.452179342508, 0.406336545944, 0.364470779896, 0.312545657158, 0.230249419808, 0.289185613394], "max": [-6.12341022491, -4.30134057999, -4.85661029816, -6.14028406143, -6.90365839005, -11.7672624588], "var": [4.16964483261, 5.10357904434, 4.67711162567, 4.00702142715, 3.39890551567, 1.82229042053], "mean": [-8.76449012756, -7.04712820053, -7.96678686142, -8.87905502319, -9.13161087036, -13.9050664902]}, "erbbands_flatness_db": {"dmean2": 0.0273736584932, "median": 0.305133551359, "min": 0.0338735356927, "dvar2": 0.000648283166811, "dvar": 0.000341434875736, "dmean": 0.0183635875583, "max": 0.457507401705, "var": 0.00263847154565, "mean": 0.297548562288}, "spectral_energyband_high": {"dmean2": 1.24987209347e-05, "median": 5.72475346416e-06, "min": 7.11519114051e-21, "dvar2": 2.53504750525e-09, "dvar": 1.1849525805e-09, "dmean": 8.33798640087e-06, "max": 0.00149901455734, "var": 2.25979102098e-09, "mean": 1.71309093275e-05}, "spectral_entropy": {"dmean2": 0.267808318138, "median": 6.65343427658, "min": 4.75156497955, "dvar2": 0.0634018331766, "dvar": 0.0321092233062, "dmean": 0.180504456162, "max": 9.81573295593, "var": 0.292153030634, "mean": 6.70278358459}, "silence_rate_20dB": {"dmean2": 0, "median": 1, "min": 1, "dvar2": 0, "dvar": 0, "dmean": 0, "max": 1, "var": 0, "mean": 1}, "melbands_flatness_db": {"dmean2": 0.0364873148501, "median": 0.316219836473, "min": 0.00330213154666, "dvar2": 0.00111380708404, "dvar": 0.000539183616638, "dmean": 0.0244042184204, "max": 0.624267578125, "var": 0.00438821688294, "mean": 0.311836183071}, "barkbands": {"dmean2": [3.64731107538e-07, 0.000150382722495, 0.000548588170204, 0.00150015286636, 0.00205102190375, 0.00270266784355, 0.00226234341972, 0.00157801317982, 0.00172622711398, 0.00126600998919, 0.000769009988289, 0.000990622676909, 0.000523122726008, 0.000333791220328, 0.000261867884547, 0.000132852292154, 9.77558884188e-05, 6.1730381276e-05, 5.11961261509e-05, 1.32432214741e-05, 5.81514950682e-06, 1.43784404827e-06, 5.10536835918e-07, 7.18222850082e-08, 2.29093033433e-09, 1.24674970348e-09, 1.19512977292e-09], "median": [1.58212102974e-07, 4.03446429118e-05, 0.000113763322588, 0.000354036339559, 0.000971564208157, 0.00100215291604, 0.000564476358704, 0.000321508967318, 0.000431256572483, 0.000255359191215, 7.44186763768e-05, 0.000101223828096, 5.29660683242e-05, 2.20438323595e-05, 2.11855476664e-05, 7.8307093645e-06, 7.03826117388e-06, 6.71346424497e-06, 6.0912416302e-06, 3.57703265763e-06, 2.37376434598e-06, 9.83854079095e-07, 2.91454057333e-07, 3.6006078119e-08, 6.11799944039e-10, 1.4348593147e-10, 3.63983371221e-10], "min": [1.5694894306e-25, 3.22209171775e-24, 1.8739072794e-25, 1.60833553002e-24, 1.11623344772e-23, 8.40660194385e-24, 1.03226867069e-23, 8.27818091051e-24, 1.80058590245e-23, 1.496737981e-23, 1.85042644998e-23, 1.73763495998e-23, 2.26094871843e-23, 4.21045041831e-23, 3.99402390461e-23, 5.45234025745e-23, 5.23329535663e-23, 8.45997532606e-23, 1.0870724155e-22, 1.92870180439e-22, 2.35464327431e-22, 2.97485127157e-22, 4.42217147137e-22, 5.59817047278e-22, 9.23007446839e-22, 1.34123004532e-21, 2.05730036931e-21], "dvar2": [6.00168298306e-13, 8.50052259693e-08, 1.69271788764e-06, 8.9138166004e-06, 1.49515872181e-05, 2.73174264294e-05, 2.71975150099e-05, 1.81748546311e-05, 2.3238162612e-05, 8.30211592984e-06, 9.51917900238e-06, 8.61248190631e-06, 2.40187910094e-06, 1.31058743591e-06, 6.06883531873e-07, 1.51744330879e-07, 8.49953991633e-08, 3.24704849675e-08, 3.0090546943e-08, 4.73954830937e-09, 7.09512670838e-10, 1.02103664065e-11, 1.49559596478e-12, 4.32182772642e-14, 4.64587460113e-16, 2.93532683513e-17, 4.2093976466e-18], "dvar": [2.20805470262e-13, 4.40755947295e-08, 6.16238139628e-07, 3.62378659702e-06, 5.81787980991e-06, 1.30037551571e-05, 1.20183267427e-05, 8.9387576736e-06, 1.13069190775e-05, 3.96155564886e-06, 5.0295325309e-06, 3.71226997231e-06, 1.04817172542e-06, 5.89125590977e-07, 2.50407822477e-07, 7.25557285364e-08, 4.60169360395e-08, 1.5277640486e-08, 1.49967291918e-08, 2.3339652433e-09, 3.00606733949e-10, 4.9172970383e-12, 7.0108057814e-13, 1.9398309795e-14, 2.70095169366e-16, 1.00612269195e-17, 1.34242159334e-18], "dmean": [2.22502066549e-07, 0.000100604971522, 0.000336427037837, 0.000933926959988, 0.00129609019496, 0.00181745330337, 0.00148096133489, 0.00104984187055, 0.00117991236039, 0.000848114490509, 0.000512895872816, 0.00065116933547, 0.000338515092153, 0.000212854632991, 0.000165959325386, 8.95803750609e-05, 6.61722151563e-05, 4.09759668401e-05, 3.53357099812e-05, 8.86367615749e-06, 3.78358618036e-06, 9.63700358625e-07, 3.40820889733e-07, 4.82484523445e-08, 1.40352895972e-09, 6.71348032721e-10, 6.470287639e-10], "max": [1.72175787156e-05, 0.00513275107369, 0.0180495604873, 0.0307065732777, 0.0588674917817, 0.0799714922905, 0.0930941998959, 0.124666050076, 0.0982780754566, 0.048322211951, 0.0902677327394, 0.0408850312233, 0.0235123429447, 0.0270654000342, 0.021001894027, 0.0108450725675, 0.00766630284488, 0.00378846260719, 0.00279246992432, 0.00219263602048, 0.000904473185074, 6.54015384498e-05, 1.563961996e-05, 3.91773710362e-06, 1.30834564516e-06, 1.99010287361e-07, 1.51440264773e-08], "var": [2.84570218952e-13, 1.35032522053e-07, 1.04031687442e-06, 5.8280606936e-06, 1.26642189571e-05, 3.91678295273e-05, 2.64726768364e-05, 2.39790315391e-05, 2.03184317797e-05, 1.10749360829e-05, 8.72021064424e-06, 9.13117401069e-06, 1.76456308054e-06, 7.76462513841e-07, 4.7777416512e-07, 1.7128589036e-07, 1.26589810634e-07, 3.12353130028e-08, 3.43472557063e-08, 7.73807240506e-09, 5.69385982807e-10, 1.32073510115e-11, 2.02012668746e-12, 5.10110007078e-14, 6.75076100418e-16, 9.96590262572e-18, 1.12646562172e-18], "mean": [2.95712794696e-07, 0.000163778458955, 0.000465044868179, 0.0012517812429, 0.00223032198846, 0.00323409889825, 0.00240194727667, 0.00168789969757, 0.00178843911272, 0.00135791359935, 0.000710889871698, 0.0010373396799, 0.000489778874908, 0.000281587592326, 0.000243603179115, 0.000138828370837, 0.000107483261672,