{"metadata": {"tags": {"album": ["GodskitchenTrance Anthems"], "albumartist": ["Various Artists"], "musicbrainz_recordingid": ["02eb7197-46ca-4a58-a47b-fb02945d264c"], "artist": ["Various Artists"], "date": ["2008"], "tracknumber": ["1"], "title": ["Greece 2000"], "file_name": "95839.mp3"}, "audio_properties": {"sample_rate": 44100, "downmix": "mix", "lossless": false, "analysis_sample_rate": 44100, "md5_encoded": "02789626316b6a08bbb58c1686074598", "equal_loudness": 0, "replay_gain": -11.4229297638, "codec": "mp3", "bit_rate": 320000, "length": 257.828582764}, "version": {"extractor": "music 1.0", "essentia_build_sha": "70f2e5ece6736b2c40cc944ad0e695b16b925413", "essentia_git_sha": "v2.1_beta2", "essentia": "2.1-beta2"}}, "rhythm": {"beats_loudness_band_ratio": {"dvar2": [0.145230188966, 0.016224168241, 0.00869765691459, 0.0166417453438, 0.0247737690806, 0.0390008464456], "var": [0.102555274963, 0.00864759460092, 0.00601745117456, 0.00999040622264, 0.0136722391471, 0.0125008467585], "min": [0.000557030376513, 0.000999099342152, 5.84549634368e-05, 0.000183838463272, 6.42049344606e-05, 3.98154843424e-05], "dmean": [0.242403745651, 0.0629449635744, 0.0395039506257, 0.0634256899357, 0.0771851763129, 0.0920734703541], "mean": [0.658853769302, 0.0779494196177, 0.0487308390439, 0.0708262398839, 0.082324244082, 0.0802298039198], "max": [0.99837064743, 0.687431037426, 0.529357671738, 0.592416405678, 0.632240116596, 0.797251880169], "dmean2": [0.452317923307, 0.110642693937, 0.0692901909351, 0.113529741764, 0.140937283635, 0.174664586782], "median": [0.814654827118, 0.05157424137, 0.0205423794687, 0.0285931415856, 0.0347886309028, 0.0384681671858], "dvar": [0.0520211718976, 0.00600147480145, 0.00356862600893, 0.00646574934945, 0.00883935485035, 0.0117564173415]}, "bpm_histogram_first_peak_weight": {"dvar2": 0, "var": 0, "min": 0.377733588219, "dmean": 0, "mean": 0.377733588219, "max": 0.377733588219, "dmean2": 0, "median": 0.377733588219, "dvar": 0}, "bpm": 132.4609375, "beats_count": 504, "bpm_histogram_first_peak_spread": {"dvar2": 0, "var": 0, "min": 0.218107044697, "dmean": 0, "mean": 0.218107044697, "max": 0.218107044697, "dmean2": 0, "median": 0.218107044697, "dvar": 0}, "danceability": 1.78297770023, "bpm_histogram_first_peak_bpm": {"dvar2": 0, "var": 0, "min": 133, "dmean": 0, "mean": 133, "max": 133, "dmean2": 0, "median": 133, "dvar": 0}, "beats_position": [0.650158703327, 1.33514738083, 2.02013611794, 2.70512461662, 3.39011335373, 4.06349182129, 4.74848079681, 5.4334692955, 6.10684776306, 6.79183673859, 7.47682523727, 8.15020370483, 8.82358264923, 9.50857162476, 10.1935596466, 10.866938591, 11.5403175354, 12.2253055573, 12.9102945328, 13.5952835083, 14.2802715302, 14.9536504745, 15.6270294189, 16.3120174408, 16.99700737, 17.6703853607, 18.3437633514, 19.0287532806, 19.7137413025, 20.3987293243, 21.0837192535, 21.7570972443, 22.430475235, 23.1154651642, 23.800453186, 24.4854412079, 25.1704311371, 25.8438091278, 26.5171871185, 27.2021770477, 27.8871650696, 28.5605430603, 29.2455329895, 29.9305210114, 30.6038990021, 31.2888889313, 31.9738769531, 32.6472549438, 33.3206329346, 34.0056228638, 34.690612793, 35.3639907837, 36.0489807129, 36.7339668274, 37.4073448181, 38.0923347473, 38.7773246765, 39.4507026672, 40.1356925964, 40.8206787109, 41.4940567017, 42.1674385071, 42.8524246216, 43.5374145508, 44.2107925415, 44.8957824707, 45.5807685852, 46.2541503906, 46.9391365051, 47.6241264343, 48.297504425, 48.9708824158, 49.655872345, 50.3408622742, 51.0142402649, 51.6992263794, 52.3842163086, 53.0575942993, 53.7425842285, 54.4275741577, 55.1009521484, 55.7743301392, 56.4593200684, 57.1443061829, 57.8176841736, 58.5026741028, 59.187664032, 59.8610420227, 60.5460319519, 61.2310180664, 61.9043960571, 62.5777778625, 63.2627639771, 63.9477539062, 64.621131897, 65.3061218262, 65.9911117554, 66.6644897461, 67.3378677368, 68.0344696045, 68.7078475952, 69.3812255859, 70.0546035767, 70.7511978149, 71.4245758057, 72.1095657349, 72.7945556641, 73.4679336548, 74.1413116455, 74.8263015747, 75.5112915039, 76.1846694946, 76.8696594238, 77.554649353, 78.2280273438, 78.9130172729, 79.5979995728, 80.2713851929, 80.9447631836, 81.6297454834, 82.3147354126, 82.9881134033, 83.6731033325, 84.3580932617, 85.0314712524, 85.7048492432, 86.4014511108, 87.0748291016, 87.7482070923, 88.4331970215, 89.1181869507, 89.7915649414, 90.4649429321, 91.1499328613, 91.8349151611, 92.5083007812, 93.1932830811, 93.8782730103, 94.551651001, 95.2250289917, 95.9100189209, 96.5950088501, 97.2683868408, 97.95337677, 98.6383666992, 99.3117446899, 99.9851226807, 100.67011261, 101.355102539, 102.02848053, 102.713470459, 103.398452759, 104.071838379, 104.756820679, 105.441810608, 106.115188599, 106.788566589, 107.46194458, 108.146934509, 108.831924438, 109.516914368, 110.085800171, 110.666305542, 111.258407593, 111.757637024, 112.222038269, 112.686439514, 113.139228821, 113.592018127, 114.044807434, 114.497596741, 114.950386047, 115.403175354, 115.855964661, 116.308753967, 116.761543274, 117.214332581, 117.667114258, 118.119903564, 118.572692871, 119.025482178, 119.478271484, 119.931060791, 120.383850098, 120.836639404, 121.289428711, 121.742218018, 122.195007324, 122.647796631, 123.100585938, 123.553375244, 124.006164551, 124.458953857, 124.911743164, 125.364532471, 125.817321777, 126.270111084, 126.722900391, 127.175689697, 127.640090942, 128.092880249, 128.545669556, 128.998458862, 129.451248169, 129.904037476, 130.356826782, 130.809616089, 131.262405396, 131.715194702, 132.167984009, 132.620773315, 133.073562622, 133.526351929, 133.979141235, 134.431930542, 134.884719849, 135.349105835, 135.801895142, 136.254684448, 136.707473755, 137.160263062, 137.601455688, 138.065841675, 138.518630981, 138.971420288, 139.424209595, 139.876998901, 140.329788208, 140.782577515, 141.24697876, 141.711380005, 142.199005127, 142.68661499, 143.174240112, 143.650253296, 144.137863159, 144.613876343, 145.078277588, 145.542678833, 145.99546814, 146.448257446, 146.912643433, 147.377044678, 147.841445923, 148.317459106, 148.79347229, 149.269470215, 149.745483398, 150.221496582, 150.709106445, 151.185119629, 151.649520874, 152.102310181, 152.555099487, 153.019500732, 153.472290039, 153.925079346, 154.377868652, 154.830657959, 155.283447266, 155.736236572, 156.189025879, 156.641815186, 157.094604492, 157.547393799, 158.000183105, 158.452972412, 158.905761719, 159.358551025, 159.811340332, 160.264129639, 160.728515625, 161.19291687, 161.668930054, 162.052062988, 162.411972046, 162.760269165, 163.120178223, 163.48008728, 163.863220215, 164.211517334, 164.559814453, 164.908111572, 165.256408691, 165.604721069, 165.964630127, 166.336135864, 166.696044922, 167.0443573, 167.392654419, 167.740951538, 168.077636719, 168.414321899, 168.762634277, 169.099319458, 169.436004639, 169.784301758, 170.121002197, 170.457687378, 170.794372559, 171.131057739, 171.479354858, 171.827667236, 172.175964355, 172.535873413, 172.919006348, 173.278915405, 173.615600586, 173.963897705, 174.312194824, 174.648880005, 174.985580444, 175.333877563, 175.670562744, 176.007247925, 176.343948364, 176.680633545, 177.028930664, 177.365615845, 177.713912964, 178.073822021, 178.445343018, 178.816864014, 179.165161133, 179.513473511, 179.86177063, 180.198455811, 180.535140991, 180.871826172, 181.208526611, 181.55682373, 181.893508911, 182.230194092, 182.57850647, 182.91519165, 183.251876831, 183.60017395, 183.93687439, 184.27355957, 184.621856689, 184.95854187, 185.29524231, 185.643539429, 185.980224609, 186.31690979, 186.665206909, 187.013504028, 187.373413086, 187.744934082, 188.10484314, 188.453155518, 188.801452637, 189.138137817, 189.474822998, 189.823120117, 190.171432495, 190.612609863, 191.06539917, 191.518188477, 191.970977783, 192.42376709, 192.876556396, 193.329345703, 193.78213501, 194.234924316, 194.687713623, 195.140487671, 195.593276978, 196.046066284, 196.498855591, 196.951644897, 197.416046143, 197.868835449, 198.321624756, 198.774414062, 199.227203369, 199.679992676, 200.132781982, 200.573959351, 201.038360596, 201.479537964, 201.932327271, 202.385116577, 202.837905884, 203.29069519, 203.743484497, 204.196273804, 204.64906311, 205.101852417, 205.566253662, 206.00743103, 206.471832275, 206.924621582, 207.377410889, 207.830200195, 208.282989502, 208.72416687, 209.188568115, 209.641357422, 210.094146729, 210.546936035, 210.999725342, 211.452514648, 211.905303955, 212.346481323, 212.810882568, 213.263671875, 213.716461182, 214.169250488, 214.622039795, 215.074829102, 215.527618408, 215.992019653, 216.433197021, 216.885986328, 217.338775635, 217.791564941, 218.244354248, 218.697143555, 219.149932861, 219.602722168, 220.055511475, 220.508300781, 220.961090088, 221.413879395, 221.866668701, 222.307846069, 222.772247314, 223.225036621, 223.677825928, 224.119003296, 224.571792603, 225.024581909, 225.477371216, 225.930160522, 226.394546509, 226.835739136, 227.288528442, 227.741317749, 228.194107056, 228.646896362, 229.099685669, 229.552474976, 229.993652344, 230.44644165, 230.899230957, 231.352020264, 231.80480957, 232.257598877, 232.710388184, 233.16317749, 233.615966797, 234.068756104, 234.521530151, 234.962722778, 235.415512085, 235.868301392, 236.321090698, 236.773880005, 237.226669312, 237.679458618, 238.132247925, 238.585037231, 239.0262146, 239.479003906, 239.931793213, 240.396179199, 240.837371826, 241.290161133, 241.742950439, 242.184127808, 242.636917114, 243.089706421, 243.554092407, 243.995285034, 244.448074341, 244.900863647, 245.353652954, 245.806442261, 246.247619629, 246.712020874, 247.153198242, 247.605987549, 248.058776855, 248.511566162, 248.964355469, 249.405532837, 249.869934082, 250.31111145, 250.763900757, 251.216690063, 251.66947937, 252.122268677, 252.563446045, 253.016235352, 253.469024658, 253.921813965, 254.374603271, 254.81578064, 255.268569946, 255.721359253, 256.174133301, 256.626922607, 257.068115234], "beats_loudness": {"dvar2": 0.0079568400979, "var": 0.00452530244365, "min": 0.000119768985314, "dmean": 0.0434551350772, "mean": 0.0697251483798, "max": 0.328346610069, "dmean2": 0.0807080864906, "median": 0.0427694767714, "dvar": 0.0022899643518}, "bpm_histogram_second_peak_weight": {"dvar2": 0, "var": 0, "min": 0.312127232552, "dmean": 0, "mean": 0.312127232552, "max": 0.312127232552, "dmean2": 0, "median": 0.312127232552, "dvar": 0}, "bpm_histogram_second_peak_spread": {"dvar2": 0, "var": 0, "min": 0.0187500119209, "dmean": 0, "mean": 0.0187500119209, "max": 0.0187500119209, "dmean2": 0, "median": 0.0187500119209, "dvar": 0}, "bpm_histogram_second_peak_bpm": {"dvar2": 0, "var": 0, "min": 88, "dmean": 0, "mean": 88, "max": 88, "dmean2": 0, "median": 88, "dvar": 0}, "onset_rate": 6.61635303497}, "lowlevel": {"spectral_energyband_high": {"dvar2": 1.02738058558e-05, "var": 9.30822989176e-06, "min": 7.39712886683e-21, "dmean": 0.00138216407504, "mean": 0.00183666113298, "max": 0.0189068745822, "dmean2": 0.00199604546651, "median": 0.000343449646607, "dvar": 5.37679852641e-06}, "spectral_energyband_middle_low": {"dvar2": 0.000283922272502, "var": 9.486800991e-05, "min": 2.69446940615e-22, "dmean": 0.00457334704697, "mean": 0.00548782385886, "max": 0.11335080117, "dmean2": 0.00749769434333, "median": 0.00296686752699, "dvar": 0.000111996705527}, "spectral_energy": {"dvar2": 0.00253910850734, "var": 0.00269257253967, "min": 1.07251462742e-20, "dmean": 0.0206957701594, "mean": 0.0400364249945, "max": 0.409197032452, "dmean2": 0.031388644129, "median": 0.0245837643743, "dvar": 0.00108909432311}, "spectral_spread": {"dvar2": 1721551159300.0, "var": 4038963232770.0, "min": 1527967.5, "dmean": 896206.3125, "mean": 6117729.5, "max": 40680744, "dmean2": 1292906.25, "median": 5995881.5, "dvar": 907423449088}, "spectral_energyband_low": {"dvar2": 0.00248410669155, "var": 0.00240893336013, "min": 4.67466729313e-23, "dmean": 0.0175544414669, "mean": 0.0303634945303, "max": 0.407692581415, "dmean2": 0.0266212578863, "median": 0.0137199414894, "dvar": 0.00111823936459}, "spectral_rolloff": {"dvar2": 4869251.5, "var": 7506055, "min": 64.599609375, "dmean": 1034.1060791, "mean": 2112.36206055, "max": 19207.6171875, "dmean2": 1649.58312988, "median": 861.328125, "dvar": 2614658.25}, "barkbands": {"dvar2": [3.38352447216e-06, 0.00185531354509, 0.000654665695038, 0.000111296350951, 0.000136832444696, 2.80134190689e-06, 9.27413225327e-07, 4.44273155153e-07, 2.35384419511e-07, 1.15004759493e-07, 2.06068165198e-07, 5.42964073702e-07, 1.02474871255e-06, 2.27207669923e-06, 1.13188343676e-06, 8.28475151593e-07, 1.46565173509e-06, 2.06639265343e-06, 6.93124036388e-07, 4.07590135865e-07, 2.58784069729e-07, 4.8111957085e-07, 4.35606665405e-07, 5.68201301121e-07, 2.95701028108e-07, 3.62374663609e-08, 1.46031708947e-09], "var": [1.10748226234e-06, 0.00175034848507, 0.000215467109228, 2.5428707886e-05, 2.99371004076e-05, 1.68008273249e-06, 6.26927601388e-07, 3.28914353531e-07, 1.33289915993e-07, 6.41721413785e-08, 1.14879341595e-07, 2.26838352546e-07, 4.25926600656e-07, 1.22334813568e-06, 5.03558396758e-07, 4.11825766378e-07, 4.67865135079e-07, 7.07304650405e-07, 3.51093547124e-07, 2.73593826705e-07, 1.98573800958e-07, 3.67601103335e-07, 3.20458440228e-07, 4.07743215192e-07, 2.41059780137e-07, 3.67864245732e-08, 8.45060799115e-10], "min": [5.9334480642e-24, 3.45247846624e-23, 2.22017821748e-24, 6.50739801528e-24, 2.30652705049e-23, 1.18410751332e-23, 5.45193194304e-23, 3.69863935627e-23, 4.27547022738e-23, 7.0074387993e-23, 6.09577244598e-23, 7.14819430399e-23, 3.80934620244e-23, 1.08539283597e-22, 7.43932184334e-23, 1.06115991249e-22, 1.83426177496e-22, 1.37961447712e-22, 1.75820397166e-22, 3.33282196154e-22, 3.40615750052e-22, 5.06177888359e-22, 5.55155624013e-22, 6.92703481418e-22, 1.1594430703e-21, 1.56191288644e-21, 2.21540313987e-21], "dmean": [0.000520623056218, 0.0136914486066, 0.0060305679217, 0.00200338335708, 0.00219488702714, 0.000688047613949, 0.000363804894732, 0.000221361813601, 0.000176599671249, 0.000123873353004, 0.000165503515746, 0.000257702369709, 0.000295141537208, 0.000551843084395, 0.000292827258818, 0.000309299037326, 0.000314734264975, 0.00038995660725, 0.000266251037829, 0.00025733950315, 0.000212365892367, 0.000280207837932, 0.000261665321887, 0.000274183636066, 0.000198368783458, 7.48950114939e-05, 1.27137609525e-05], "mean": [0.000550290453248, 0.0224182233214, 0.00660521909595, 0.00159777002409, 0.00199987925589, 0.000890229828656, 0.000509552890435, 0.000248981174082, 0.000210079597309, 0.000149451632751, 0.000194976950297, 0.00027620056062, 0.000293974531814, 0.000587576942053, 0.000303937558783, 0.000321139232256, 0.000301750726067, 0.000355487049092, 0.000270090880804, 0.000321707688272, 0.000264240457909, 0.000365046522347, 0.000329549016897, 0.000332372670528, 0.000233675484196, 9.21373939491e-05, 1.27401663121e-05], "max": [0.0164442881942, 0.389316856861, 0.1644102633, 0.083100348711, 0.0909525752068, 0.0173960216343, 0.0158366691321, 0.0073659773916, 0.00592906121165, 0.00807805918157, 0.00492972740903, 0.00486548151821, 0.00940127018839, 0.011127688922, 0.010441574268, 0.00683418987319, 0.00745604000986, 0.00934343691915, 0.00727959442884, 0.00481993472204, 0.00340022146702, 0.0044093253091, 0.00392171787098, 0.00474886456504, 0.00352065404877, 0.00131872494239, 0.000222671718802], "dmean2": [0.000894812459592, 0.0204104278237, 0.0101350191981, 0.00357267889194, 0.00394201604649, 0.00107143505011, 0.000563625362702, 0.000361610786058, 0.000281936576357, 0.000199125875952, 0.000260099652223, 0.000423633027822, 0.000471572886454, 0.000828798569273, 0.000473462714581, 0.000488593359478, 0.000515434658155, 0.000651776848827, 0.000424955331255, 0.000399557553465, 0.000325239641825, 0.000410665030358, 0.000392025598558, 0.000396742223529, 0.000285876129055, 0.000108649241156, 1.86818015209e-05], "median": [0.00016128680727, 0.00708303507417, 0.00110075389966, 0.000207176810363, 0.000475164677482, 0.00031992624281, 0.000219959736569, 5.98021069891e-05, 8.96102792467e-05, 6.12846342847e-05, 7.1463509812e-05, 0.000100792523881, 7.8589306213e-05, 0.000148561230162, 7.44313147152e-05, 8.71476222528e-05, 7.74690925027e-05, 6.48402055958e-05, 5.58358588023e-05, 8.09511984698e-05, 5.6895736634e-05, 6.47034830763e-05, 5.43432361155e-05, 4.76917775813e-05, 3.22154046444e-05, 1.25318147184e-05, 1.02899593912e-06], "dvar": [1.26812392409e-06, 0.000891401374247, 0.000253102800343, 3.9954767999e-05, 4.81849492644e-05, 1.1863137388e-06, 3.90524888871e-07, 1.98302259946e-07, 9.80511387638e-08, 4.93507705812e-08, 8.67661142934e-08, 2.14744062532e-07, 4.24534562171e-07, 9.86833242678e-07, 4.83831286147e-07, 3.68778358961e-07, 5.55549036108e-07, 7.90400463302e-07, 3.02936854268e-07, 1.81885013717e-07, 1.15924528643e-07, 2.23694428314e-07, 2.0620153407e-07, 2.76062422699e-07, 1.63407236187e-07, 2.20181348709e-08, 6.89891810346e-10]}, "melbands_skewness": {"dvar2": 8.53690814972, "var": 13.57725811, "min": -1.54061412811, "dmean": 1.81746566296, "mean": 4.6567029953, "max": 22.0292987823, "dmean2": 2.7024064064, "median": 3.69963955879, "dvar": 4.12955093384}, "barkbands_skewness": {"dvar2": 6.80527162552, "var": 10.8218393326, "min": -2.30886030197, "dmean": 1.39904344082, "mean": 2.70882987976, "max": 42.9669342041, "dmean2": 2.00891065598, "median": 1.90086114407, "dvar": 3.53009152412}, "erbbands": {"dvar2": [1.05050003529, 125.686843872, 860.150939941, 685.892150879, 1237.29675293, 1762.53710938, 266.715362549, 202.808929443, 214.239730835, 243.25970459, 179.553649902, 122.448356628, 80.3200531006, 181.250656128, 255.866409302, 1025.75793457, 1796.70629883, 3689.46264648, 4676.96240234, 4885.41748047, 2017.00366211, 6940.91845703, 6097.17138672, 2809.10400391, 919.046569824, 834.253417969, 619.105773926, 450.974639893, 573.665649414, 464.349578857, 381.948577881, 344.263458252, 144.888168335, 41.9987602234, 11.2160291672, 1.24576354027, 0.10424913466, 0.00552056031302, 4.00627141062e-05, 1.59577346892e-08], "var": [0.930551230907, 109.026290894, 355.272216797, 207.323364258, 303.259399414, 365.335357666, 87.0139160156, 121.823898315, 137.805892944, 184.884292603, 144.441238403, 50.1080207825, 48.8223228455, 82.8358078003, 150.122924805, 452.299591064, 758.141113281, 1999.84399414, 2352.95898438, 2154.11499023, 889.451049805, 1992.31677246, 2031.62634277, 1327.90820312, 519.33013916, 555.610717773, 434.972351074, 338.159240723, 386.698638916, 413.325744629, 260.377593994, 230.722167969, 96.5738143921, 31.6585826874, 10.2301778793, 1.23502349854, 0.0943007320166, 0.00431464798748, 2.46350882662e-05, 1.43592098212e-08], "min": [1.22804514092e-21, 4.01387130419e-21, 4.34688137489e-21, 1.14058149441e-20, 4.63080910066e-20, 4.79793189614e-20, 7.05592558832e-20, 8.28711866039e-20, 5.36571435547e-19, 8.13765242282e-19, 9.42770624556e-19, 1.2803746722e-18, 1.50284107223e-18, 3.22040313544e-18, 1.93779797072e-18, 3.23764840364e-18, 2.42913415559e-18, 5.83320902373e-18, 2.74196248952e-18, 4.98234457588e-18, 6.23869916386e-18, 1.24889259167e-17, 9.21747953365e-18, 1.30018895659e-17, 1.38478744753e-17, 1.61059063212e-17, 1.33041504607e-17, 1.33682023643e-17, 1.67460895214e-17, 1.89901097549e-17, 1.54704463223e-17, 1.38961297107e-17, 1.34230394758e-17, 1.33592820485e-17, 8.02340047886e-18, 5.70797139745e-18, 2.90568303944e-18, 9.75274169738e-19, 3.01325560336e-19, 2.7110466529e-20], "dmean": [0.324625819921, 3.48021292686, 7.81279993057, 5.70667266846, 7.22568464279, 7.46800470352, 4.68587732315, 5.65112876892, 5.49904918671, 5.49235057831, 4.37792491913, 3.50506472588, 3.7690808773, 4.80988502502, 6.35431146622, 11.1627101898, 13.0784835815, 20.3145275116, 22.4251499176, 19.5933475494, 14.6967983246, 20.1375179291, 20.9177761078, 15.975933075, 11.1581678391, 11.6272010803, 9.87127017975, 8.40466594696, 9.40222740173, 9.21774673462, 7.5346660614, 6.38406562805, 4.36838006973, 2.43244123459, 1.2026720047, 0.418634951115, 0.125725090504, 0.0270916111767, 0.0021448447369, 5.81798594794e-05], "mean": [0.540968358517, 5.30003499985, 9.53993606567, 5.56940984726, 6.69123649597, 6.63457679749, 5.27632141113, 7.25060558319, 7.51895666122, 7.21675634384, 5.13874578476, 3.90692687035, 4.89855480194, 5.68761062622, 7.96368598938, 12.2418985367, 13.5202074051, 22.1390743256, 23.827495575, 20.3510799408, 15.1970720291, 18.8232498169, 19.2526893616, 15.823097229, 12.2315807343, 14.4332818985, 12.2299528122, 10.7529478073, 11.7192592621, 12.1323080063, 9.22205924988, 7.78969860077, 5.1593079567, 2.84164428711, 1.45593893528, 0.517525434494, 0.148800224066, 0.0302117653191, 0.00220465776511, 8.97267163964e-05], "max": [8.88659286499, 101.027839661, 202.438735962, 201.34967041, 217.407623291, 368.586303711, 135.187057495, 195.89352417, 289.390563965, 154.396606445, 166.946090698, 97.0441207886, 118.181304932, 242.277160645, 138.311691284, 253.653869629, 362.644104004, 552.146728516, 582.321594238, 564.808898926, 383.586669922, 529.296081543, 465.37286377, 707.298095703, 258.452178955, 212.722335815, 203.630371094, 164.228042603, 141.046508789, 166.878204346, 118.743667603, 113.203086853, 83.8283004761, 45.1320877075, 22.6055335999, 7.20650577545, 2.24396634102, 0.46135315299, 0.0400252118707, 0.000743734359276], "dmean2": [0.47804325819, 5.23612976074, 12.6911888123, 9.54739189148, 12.6589250565, 13.5504226685, 7.87821912766, 8.76308727264, 8.28976249695, 8.86377716064, 7.08699178696, 5.74139070511, 5.89371538162, 7.69256258011, 9.95475578308, 17.959854126, 20.7126502991, 30.6859207153, 34.3336296082, 31.1113529205, 23.0800476074, 33.4528999329, 34.9560928345, 25.6249599457, 17.4684333801, 18.0338077545, 15.4284353256, 12.9081220627, 13.9555501938, 13.4938201904, 11.2380905151, 9.33767414093, 6.43571853638, 3.53529763222, 1.71932208538, 0.606191277504, 0.180610999465, 0.0398659817874, 0.00312806968577, 8.44769674586e-05], "median": [0.181472450495, 1.62340211868, 2.0980963707, 1.11732661724, 1.59309911728, 1.65420901775, 1.60697436333, 2.75181531906, 3.46926283836, 2.33501243591, 1.54917657375, 1.62235021591, 2.34015417099, 2.43507790565, 3.59877967834, 4.49991989136, 4.36535978317, 5.96584796906, 6.09957790375, 5.21486091614, 4.41353273392, 4.88424634933, 3.69272542, 3.19719386101, 2.99955821037, 3.56273317337, 2.85710406303, 2.24803185463, 2.22464489937, 2.16044425964, 1.46924054623, 1.08264958858, 0.772963106632, 0.422650545835, 0.190998703241, 0.0693024247885, 0.0199819076806, 0.00318564358167, 0.0001804271742, 4.2401094106e-05], "dvar": [0.451013088226, 60.8995704651, 344.036560059, 265.17364502, 450.111053467, 612.709838867, 97.3734436035, 86.8134307861, 92.0273666382, 105.229621887, 81.8150482178, 47.2769966125, 35.3159599304, 73.6113052368, 108.238227844, 416.955200195, 748.615905762, 1597.06018066, 2036.07983398, 2101.37451172, 848.062133789, 2566.87670898, 2304.27905273, 1181.14038086, 400.308624268, 378.428283691, 270.969818115, 200.398498535, 255.833526611, 233.230163574, 175.252883911, 163.72567749, 68.3746490479, 21.9590816498, 6.57032012939, 0.755046069622, 0.0588872730732, 0.00298987166025, 1.93837931874e-05, 8.13401790367e-09]}, "silence_rate_30dB": {"dvar2": 0.1061366871, "var": 0.0931221246719, "min": 0, "dmean": 0.0556556209922, "mean": 0.896082818508, "max": 1, "dmean2": 0.111321263015, "median": 1, "dvar": 0.0525669939816}, "melbands_spread": {"dvar2": 753.791015625, "var": 937.070495605, "min": 0.240816682577, "dmean": 14.0228700638, "mean": 27.8660678864, "max": 214.384719849, "dmean2": 21.1824302673, "median": 16.7050037384, "dvar": 356.6199646}, "melbands_crest": {"dvar2": 30.311050415, "var": 46.5074195862, "min": 1.22553741932, "dmean": 4.05955123901, "mean": 17.8538265228, "max": 34.1157226562, "dmean2": 6.49911785126, "median": 18.0971164703, "dvar": 13.5224609375}, "zerocrossingrate": {"dvar2": 0.000521887326613, "var": 0.00419199978933, "min": 0.00244140625, "dmean": 0.0216252654791, "mean": 0.0782230943441, "max": 0.5126953125, "dmean2": 0.0236377734691, "median": 0.0615234375, "dvar": 0.000506249431055}, "barkbands_kurtosis": {"dvar2": 12897.7060547, "var": 7601.92285156, "min": -1.97348368168, "dmean": 19.4603290558, "mean": 22.9824810028, "max": 2431.99975586, "dmean2": 29.5551986694, "median": 3.11214160919, "dvar": 5838.44287109}, "spectral_flux": {"dvar2": 0.00579911423847, "var": 0.00641875434667, "min": 6.7988489838e-11, "dmean": 0.0466555505991, "mean": 0.0988111197948, "max": 0.502067089081, "dmean2": 0.0719996914268, "median": 0.0757950842381, "dvar": 0.00249849143438}, "barkbands_crest": {"dvar2": 18.4629764557, "var": 42.5636444092, "min": 1.88182353973, "dmean": 3.26377773285, "mean": 12.7012681961, "max": 26.7154159546, "dmean2": 4.89915466309, "median": 11.4464664459, "dvar": 10.1609010696}, "barkbands_flatness_db": {"dvar2": 0.002956926357, "var": 0.00740489456803, "min": 0.0189894363284, "dmean": 0.041928421706, "mean": 0.147007882595, "max": 0.548241198063, "dmean2": 0.0582723394036, "median": 0.126220822334, "dvar": 0.0017539471155}, "spectral_entropy": {"dvar2": 0.141509816051, "var": 0.321622014046, "min": 5.06103134155, "dmean": 0.260014593601, "mean": 7.7748169899, "max": 9.81123638153, "dmean2": 0.368431717157, "median": 7.86709880829, "dvar": 0.0754325464368}, "pitch_salience": {"dvar2": 0.0178749635816, "var": 0.0322234481573, "min": 0.0255395006388, "dmean": 0.0959999337792, "mean": 0.466782093048, "max": 0.990230202675, "dmean2": 0.148214638233, "median": 0.503768920898, "dvar": 0.00917216483504}, "erbbands_spread": {"dvar2": 558.453857422, "var": 731.229187012, "min": 2.71312952042, "dmean": 16.0137748718, "mean": 53.4556121826, "max": 180.789627075, "dmean2": 24.6117858887, "median": 48.5093841553, "dvar": 264.556640625}, "dynamic_complexity": 3.99763131142, "spectral_contrast_valleys": {"dvar2": [0.574739336967, 0.632847130299, 0.559329807758, 0.583482384682, 0.567591249943, 0.480599969625], "var": [2.00883626938, 1.06674623489, 0.907495737076, 1.23866450787, 1.54327225685, 1.59683740139], "min": [-27.5879650116, -27.4417800903, -27.3382778168, -27.3790340424, -27.3893718719, -27.3826904297], "dmean": [0.541145205498, 0.595509886742, 0.543677866459, 0.560068547726, 0.582677841187, 0.557112336159], "mean": [-7.49175882339, -7.3788561821, -7.96670627594, -8.01083278656, -7.93289470673, -9.82502746582], "max": [-4.98432683945, -4.9051399231, -5.61193180084, -5.38473129272, -5.42315292358, -7.45427083969], "dmean2": [0.841168880463, 0.901784181595, 0.82070505619, 0.839484810829, 0.800320267677, 0.719757556915], "median": [-7.19337415695, -7.33737373352, -7.895362854, -7.9391245842, -7.81880807877, -9.87801837921], "dvar": [0.288471013308, 0.271499246359, 0.232262253761, 0.269084215164, 0.266923069954, 0.271764934063]}, "hfc": {"dvar2": 1077.53674316, "var": 947.614318848, "min": 1.15789218601e-16, "dmean": 16.1667518616, "mean": 23.5209655762, "max": 183.97505188, "dmean2": 23.3838386536, "median": 9.9759054184, "dvar": 537.913879395}, "spectral_kurtosis": {"dvar2": 11.5779314041, "var": 13.0239543915, "min": -1.23976778984, "dmean": 1.55147993565, "mean": 3.2961807251, "max": 57.5623016357, "dmean2": 2.36844205856, "median": 2.36748409271, "dvar": 5.28297185898}, "mfcc": {"mean": [-670.051635742, 93.2105789185, 18.3745632172, 23.5300827026, 17.9001541138, 17.3922805786, 3.58617806435, 5.98666620255, -0.228492692113, 3.51006555557, 2.14063882828, 3.30157351494, 2.65242862701], "cov": [[9078.88085938, -1593.43188477, -376.154174805, 812.952514648, 155.722930908, 391.130004883, 200.927841187, -37.9406814575, -68.2399291992, 53.7693099976, 120.391052246, 103.967140198, -91.0485305786], [-1593.43188477, 1959.55529785, 149.608093262, 108.632408142, 90.4013595581, -64.6477966309, 45.189239502, 85.7724533081, 55.1044502258, -19.1140708923, 16.5973453522, 34.1187477112, 28.057100296], [-376.154174805, 149.608093262, 1044.50915527, 191.241897583, 163.360046387, 82.2974395752, 90.4075088501, 141.452590942, 97.5118179321, 35.9633560181, 25.6906242371, 42.9891891479, 19.3119716644], [812.952514648, 108.632408142, 191.241897583, 566.713928223, 202.561416626, 167.860595703, 132.667388916, 86.6102218628, 70.0661621094, 42.404548645, 65.2457733154, 67.0311813354, -13.0909557343], [155.722930908, 90.4013595581, 163.360046387, 202.561416626, 294.796783447, 166.944854736, 116.312210083, 60.4155693054, 68.5747070312, 55.9989547729, 40.9801139832, 25.300951004, 3.3004193306], [391.130004883, -64.6477966309, 82.2974395752, 167.860595703, 166.944854736, 265.92098999, 122.619293213, 65.1656494141, 74.0275039673, 68.5656204224, 33.7939796448, 29.0616188049, 24.3527240753], [200.927841187, 45.189239502, 90.4075088501, 132.667388916, 116.312210083, 122.619293213, 168.101898193, 86.9249572754, 67.358253479, 37.6706352234, 34.7690734863, 37.6396102905, 19.6979122162], [-37.9406814575, 85.7724533081, 141.452590942, 86.6102218628, 60.4155693054, 65.1656494141, 86.9249572754, 142.626571655, 66.3938980103, 22.53490448, 35.3917617798, 32.222618103, 23.1570339203], [-68.2399291992, 55.1044502258, 97.5118179321, 70.0661621094, 68.5747070312, 74.0275039673, 67.358253479, 66.3938980103, 142.827453613, 67.6834793091, 17.3689117432, 35.8363571167, 43.4765129089], [53.7693099976, -19.1140708923, 35.9633560181, 42.404548645, 55.9989547729, 68.5656204224, 37.6706352234, 22.53490448, 67.6834793091, 100.757888794, 36.2700958252, 34.1098709106, 28.7622089386], [120.391052246, 16.5973453522, 25.6906242371, 65.2457733154, 40.9801139832, 33.7939796448, 34.7690734863, 35.3917617798, 17.3689117432, 36.2700958252, 117.599151611, 63.1164321899, 12.4279851913], [103.967140198, 34.1187477112, 42.9891891479, 67.0311813354, 25.300951004, 29.0616188049, 37.6396102905, 32.222618103, 35.8363571167, 34.1098709106, 63.1164321899, 102.30078125, 39.382610321], [-91.0485305786, 28.057100296, 19.3119716644, -13.0909557343, 3.3004193306, 24.3527240753, 19.6979122162, 23.1570339203, 43.4765129089, 28.7622089386, 12.4279851913, 39.382610321, 83.2872314453]], "icov": [[0.000173804568476, 0.000137530383654, 7.66095981817e-05, -0.000283758708974, 9.81387711363e-05, -0.000129918917082, -0.000129976513563, 9.98711766442e-05, 0.000154820183525, -1.93602829768e-07, -1.13649321065e-05, -0.00012477664859, 9.83238060144e-05], [0.000137530383654, 0.000679035380017, 6.06033900112e-05, -0.000313367636409, -0.000250478246016, 0.000380526384106, -0.000125426333398, -0.000197046814719, -5.07138211105e-05, 0.000256946019363, 2.10082307603e-05, -0.000145425554365, -0.000155225687195], [7.66095981817e-05, 6.06033900112e-05, 0.00123385596089, -0.000287763832603, -0.00053272471996, 0.000187562371138, 0.000285403366433, -0.00104912661482, -0.000181581897778, 2.25090880122e-05, 0.000349665322574, -0.000326775363646, 0.000111826004286], [-0.000283758708974, -0.000313367636409, -0.000287763832603, 0.00332474126481, -0.00114782247692, -0.000676490657497, -0.000286940921796, -0.000342914107023, -0.000642906350549, 0.000590549840126, -0.000114484479127, -0.00151341734454, 0.00165552797262], [9.81387711363e-05, -0.000250478246016, -0.00053272471996, -0.00114782247692, 0.00692535657436, -0.00273916847073, -0.00201254058629, 0.00114267377649, -0.000446691934485, -0.000899546488654, -0.00105681095738, 0.00113520538434, 0.000984265352599], [-0.000129918917082, 0.000380526384106, 0.000187562371138, -0.000676490657497, -0.00273916847073, 0.00825993809849, -0.00294175115414, -0.000582035281695, 8.62005254021e-05, -0.0026442927774, 0.000356532022124, 0.00122686382383, -0.00163423118647], [-0.000129976513563, -0.000125426333398, 0.000285403366433, -0.000286940921796, -0.00201254058629, -0.00294175115414, 0.0130228726193, -0.00498059997335, -0.0014884165721, 0.000816529325675, 0.000283605157165, -0.00168142805342, 0.000281335378531], [9.98711766442e-05, -0.000197046814719, -0.00104912661482, -0.000342914107023, 0.00114267377649, -0.000582035281695, -0.00498059997335, 0.0133568784222, -0.00401076395065, 0.00282827881165, -0.00306251086295, 0.000820388027932, -0.000859961437527], [0.000154820183525, -5.07138211105e-05, -0.000181581897778, -0.000642906350549, -0.000446691934485, 8.62005254021e-05, -0.0014884165721, -0.00401076395065, 0.0149714304134, -0.00799022987485, 0.0031358236447, -0.000911420967896, -0.00350577314384], [-1.93602829768e-07, 0.000256946019363, 2.25090880122e-05, 0.000590549840126, -0.000899546488654, -0.0026442927774, 0.000816529325675, 0.00282827881165, -0.00799022987485, 0.0187144614756, -0.00432941643521, -0.000941767299082, -0.00137033220381], [-1.13649321065e-05, 2.10082307603e-05, 0.000349665322574, -0.000114484479127, -0.00105681095738, 0.000356532022124, 0.000283605157165, -0.00306251086295, 0.0031358236447, -0.00432941643521, 0.0149852214381, -0.00888091418892, 0.00242496212013], [-0.00012477664859, -0.000145425554365, -0.000326775363646, -0.00151341734454, 0.00113520538434, 0.00122686382383, -0.00168142805342, 0.000820388027932, -0.000911420967896, -0.000941767299082, -0.00888091418892, 0.0199159104377, -0.00777477025986], [9.83238060144e-05, -0.000155225687195, 0.000111826004286, 0.00165552797262, 0.000984265352599, -0.00163423118647, 0.000281335378531, -0.000859961437527, -0.00350577314384, -0.00137033220381, 0.00242496212013, -0.00777477025986, 0.0186298433691]]}, "silence_rate_20dB": {"dvar2": 0.00162002409343, "var": 0.00027007542667, "min": 0, "dmean": 0.000540345849004, "mean": 0.99972987175, "max": 1, "dmean2": 0.00108078902122, "median": 1, "dvar": 0.000540056091268}, "melbands_kurtosis": {"dvar2": 7940.39746094, "var": 6761.06494141, "min": -1.8897330761, "dmean": 34.5265045166, "mean": 51.4759063721, "max": 858.539245605, "dmean2": 53.4524040222, "median": 17.7252674103, "dvar": 3440.79711914}, "barkbands_spread": {"dvar2": 327.720855713, "var": 539.924072266, "min": 0.0844242572784, "dmean": 11.3692464828, "mean": 27.9753875732, "max": 161.102767944, "dmean2": 17.1096401215, "median": 22.4827766418, "dvar": 174.813278198}, "erbbands_skewness": {"dvar2": 0.68556779623, "var": 0.91822129488, "min": -3.8431456089, "dmean": 0.533776700497, "mean": 0.0643228963017, "max": 7.17941951752, "dmean2": 0.807646751404, "median": -0.0465535186231, "dvar": 0.300857692957}, "average_loudness": 0.875500559807, "spectral_centroid": {"dvar2": 456430.40625, "var": 872095.5, "min": 88.2614898682, "dmean": 485.942169189, "mean": 1590.7286377, "max": 11412.2363281, "dmean2": 707.937011719, "median": 1546.86755371, "dvar": 234535.3125}, "dissonance": {"dvar2": 0.000983214355074, "var": 0.000893493299372, "min": 0.202570661902, "dmean": 0.0182354245335, "mean": 0.46754783392, "max": 0.499999850988, "dmean2": 0.0298263058066, "median": 0.476535856724, "dvar": 0.000395066919737}, "erbbands_flatness_db": {"dvar2": 0.000754734151997, "var": 0.00163208018057, "min": 0.040697991848, "dmean": 0.0192869789898, "mean": 0.123504139483, "max": 0.298323899508, "dmean2": 0.0289787203074, "median": 0.116148367524, "dvar": 0.000376498879632}, "spectral_strongpeak": {"dvar2": 1.05753052235, "var": 0.417749911547, "min": 0, "dmean": 0.37393540144, "mean": 0.55937063694, "max": 9.37081813812, "dmean2": 0.62742215395, "median": 0.380720347166, "dvar": 0.399460315704}, "spectral_rms": {"dvar2": 5.85312864132e-06, "var": 1.23940653793e-05, "min": 3.2347423351e-12, "dmean": 0.00148708862253, "mean": 0.0051638847217, "max": 0.0199804063886, "dmean2": 0.00215768790804, "median": 0.00489736255258, "dvar": 2.76914943242e-06}, "silence_rate_60dB": {"dvar2": 0.157256886363, "var": 0.134826153517, "min": 0, "dmean": 0.072766572237, "mean": 0.160648360848, "max": 1, "dmean2": 0.145456179976, "median": 0, "dvar": 0.0674824640155}, "melbands": {"dvar2": [0.000111349880171, 0.000181563591468, 1.82642179425e-05, 8.63817149366e-06, 5.81943425004e-07, 9.85977806067e-08, 4.20401029544e-08, 2.66208068922e-08, 1.10198827841e-08, 4.19116785721e-09, 2.11131756522e-09, 2.96428637192e-09, 3.62620866667e-09, 5.08243935826e-09, 1.90342781536e-08, 9.94308280156e-09, 1.19299876644e-08, 1.96017140297e-08, 8.67956639894e-09, 6.37366026623e-09, 2.70691957738e-09, 9.46451805817e-09, 6.55464749144e-09, 4.02383903975e-09, 2.02116567927e-09, 1.09160347428e-09, 3.9631462001e-10, 4.27757551602e-10, 3.81461140453e-10, 1.50643081342e-10, 1.96356320092e-10, 2.47267428755e-10, 1.89755308688e-10, 1.37079514406e-10, 9.70271848977e-11, 2.64155947116e-10, 1.07976343144e-10, 6.41410743962e-11, 8.84780720911e-11, 2.04807542453e-11], "var": [0.000107682775706, 0.000115864670079, 6.19850470684e-06, 1.97275630853e-06, 1.46424980585e-07, 5.98651439532e-08, 2.67829278755e-08, 1.98706153753e-08, 8.18164913596e-09, 1.76203829305e-09, 1.31967470285e-09, 1.40234990287e-09, 2.22656493243e-09, 2.42638797943e-09, 8.60378968071e-09, 4.29938307178e-09, 6.53384413241e-09, 9.36450206268e-09, 3.88036269783e-09, 2.89534396458e-09, 1.18347842637e-09, 2.54162890734e-09, 1.88007920343e-09, 1.55448021122e-09, 9.22129095304e-10, 4.91183649309e-10, 2.08643283206e-10, 3.04237884885e-10, 2.26762789102e-10, 1.2630663182e-10, 1.15783396759e-10, 1.2969968155e-10, 1.62423408057e-10, 1.10169422196e-10, 6.84188053435e-11, 1.40565351026e-10, 7.73518540886e-11, 4.94305395227e-11, 4.47352224708e-11, 1.69717885579e-11], "min": [1.23192471152e-23, 3.27966673092e-24, 2.27077831974e-24, 5.79613617402e-24, 2.64893930504e-24, 1.83636307164e-24, 8.84201608707e-24, 8.6994405225e-24, 8.76382813845e-24, 7.00615611147e-24, 7.16029322146e-24, 1.34753630038e-23, 8.05559749521e-24, 4.64632565073e-24, 6.38961122137e-24, 6.41217855972e-24, 1.00487168923e-23, 3.40744129275e-24, 7.40425240071e-24, 3.59588478022e-24, 7.32763112985e-24, 1.23951994321e-23, 1.27228070551e-23, 7.0765209265e-24, 1.07812263076e-23, 7.13806075457e-24, 8.10037718449e-24, 9.36602483197e-24, 8.11393218143e-24, 8.04414639031e-24, 7.4731570342e-24, 1.01163790698e-23, 7.39875956223e-24, 1.11819029608e-23, 9.36500246824e-24, 8.20992708726e-24, 8.21226132668e-24, 8.34341181876e-24, 9.22484634007e-24, 1.14035413208e-23], "dmean": [0.00335408630781, 0.004195461981, 0.00100526283495, 0.000563062378205, 0.000182749878149, 0.000128208004753, 7.85492593423e-05, 5.80576415814e-05, 3.52973729605e-05, 2.15641830437e-05, 1.93718879018e-05, 1.95770353457e-05, 2.23100723815e-05, 2.26533811656e-05, 4.25140715379e-05, 2.79268660961e-05, 3.73963121092e-05, 4.17289302277e-05, 2.54461101576e-05, 2.33698538068e-05, 1.61545540323e-05, 2.15892359847e-05, 1.86746710824e-05, 1.92943971342e-05, 1.24677844724e-05, 1.04867349364e-05, 7.15555279385e-06, 8.1497055362e-06, 7.05354887032e-06, 5.14915382155e-06, 4.94004916618e-06, 5.61665046916e-06, 5.53725112695e-06, 4.98084455103e-06, 3.9342535274e-06, 5.09524716108e-06, 3.67055622519e-06, 3.03267006529e-06, 3.0652240639e-06, 1.752821845e-06], "mean": [0.00566017068923, 0.00591676495969, 0.00103476084769, 0.000529832788743, 0.000190878941794, 0.00016824726481, 0.000108843363705, 7.329822256e-05, 4.0430444642e-05, 2.42934129346e-05, 2.51055862464e-05, 2.27298551181e-05, 2.7207102903e-05, 2.5355931939e-05, 4.38932220277e-05, 2.78188563243e-05, 4.06491162721e-05, 4.26507212978e-05, 2.63281417574e-05, 2.39124074142e-05, 1.63586173585e-05, 1.96963301278e-05, 1.63953463925e-05, 1.81907034857e-05, 1.21301127365e-05, 1.03513266367e-05, 8.19456272438e-06, 1.01213499875e-05, 8.382510714e-06, 6.35436708762e-06, 6.08770005783e-06, 6.48242757961e-06, 7.36991705708e-06, 6.24217636869e-06, 4.81242523165e-06, 5.85036741541e-06, 4.46160902356e-06, 3.70360749002e-06, 3.21107336276e-06, 2.10871576201e-06], "max": [0.0990904271603, 0.0987233072519, 0.031551297754, 0.0215234793723, 0.00708852661774, 0.00396557664499, 0.00392784131691, 0.00150580669288, 0.00111234118231, 0.000568201241549, 0.000649785390124, 0.00110764056444, 0.000640508951619, 0.000698276329786, 0.00143080763519, 0.000949681096245, 0.000972996349446, 0.00127758062445, 0.000813246937469, 0.000614803808276, 0.00056186952861, 0.000619815662503, 0.000511683931109, 0.000533991551492, 0.000648656627163, 0.000292198674288, 0.000222184491577, 0.000138063041959, 0.000153397748363, 0.000112305606308, 0.000109194996185, 0.000103192891402, 0.000115683680633, 8.21750072646