{"tonal": {"thpcp": [1, 0.435750424862, 0.0770770087838, 0.111019641161, 0.0838429182768, 0.121700316668, 0.170185416937, 0.109162554145, 0.121525749564, 0.153278321028, 0.0753871202469, 0.146944284439, 0.203053891659, 0.0972033888102, 0.326807260513, 0.579805016518, 0.298171371222, 0.0323057807982, 0.0165234208107, 0.0134816979989, 0.266690939665, 0.47656711936, 0.224722936749, 0.103514231741, 0.187762007117, 0.128094747663, 0.347632914782, 0.516792118549, 0.222539305687, 0.0684712901711, 0.0940818116069, 0.0885077789426, 0.0688127577305, 0.0300389323384, 0.0578501336277, 0.630030870438], "hpcp": {"dmean2": [0.0457063317299, 0.0355312712491, 0.043661814183, 0.0512854084373, 0.0324175842106, 0.0619000270963, 0.0809144750237, 0.0522657074034, 0.10888222605, 0.164341136813, 0.100361019373, 0.0221130624413, 0.012565581128, 0.0107592558488, 0.0772653222084, 0.13725656271, 0.0787525326014, 0.0291073750705, 0.0404260009527, 0.0426527559757, 0.0848550647497, 0.109446018934, 0.0601897612214, 0.0339991301298, 0.0381955951452, 0.0296477433294, 0.0197840537876, 0.0139541756362, 0.0567595995963, 0.166605621576, 0.17391346395, 0.115662097931, 0.0309547558427, 0.0338651798666, 0.0339540541172, 0.0367667414248], "median": [0.00536060426384, 0.0130581669509, 0.0182716846466, 0.0122777065262, 0.00542623316869, 0.0268169753253, 0.0433090478182, 0.0233142264187, 0.0849099010229, 0.145210772753, 0.0828253105283, 0.00610052794218, 0.00343692628667, 0.0024622771889, 0.0461296513677, 0.0865000486374, 0.0443778783083, 0.00186907174066, 0.00329277198762, 0.0156255103648, 0.0976123213768, 0.107732966542, 0.0341920666397, 0.00789249315858, 0.0102972816676, 0.0117543749511, 0.00851928535849, 0.00507832225412, 0.010434769094, 0.346622794867, 0.55116546154, 0.218162626028, 0.00828887335956, 0.0186289362609, 0.0145774614066, 0.00982508435845], "min": [0, 0, 0, 0, 0, 0, 0, 0, 0, 0, 0, 0, 0, 0, 0, 0, 0, 0, 0, 0, 0, 0, 0, 0, 0, 0, 0, 0, 0, 0, 0, 0, 0, 0, 0, 0], "dvar2": [0.0221453402191, 0.00683661876246, 0.0106584839523, 0.0225158277899, 0.00897877290845, 0.0119216339663, 0.0184992998838, 0.0100280549377, 0.0263800807297, 0.0624698325992, 0.0207080170512, 0.00511135999113, 0.00512700667605, 0.00239666528068, 0.0168052334338, 0.0584053061903, 0.0188803505152, 0.00858953502029, 0.0209397021681, 0.0111544104293, 0.0214004609734, 0.041481629014, 0.0130986589938, 0.0104006035253, 0.0153200170025, 0.00637604715303, 0.00283893127926, 0.00306586571969, 0.0123114809394, 0.0449104718864, 0.0693613812327, 0.0225477907807, 0.00811091903597, 0.0094113284722, 0.00641783606261, 0.00779852131382], "dvar": [0.0113641051576, 0.00338447885588, 0.00464131403714, 0.0105168325827, 0.00401396211237, 0.00583283882588, 0.0101755755022, 0.00382276740856, 0.0127093419433, 0.0360593721271, 0.0104367593303, 0.00175201776437, 0.00171644624788, 0.000812654790934, 0.00951714627445, 0.0338089130819, 0.00974530912936, 0.00378999812528, 0.0103350915015, 0.00465425522998, 0.0101978732273, 0.0227463450283, 0.0063323546201, 0.00426328275353, 0.00739360321313, 0.00295791472308, 0.0011794148013, 0.00107168813702, 0.0042518558912, 0.0196016747504, 0.0374544449151, 0.00999274849892, 0.00340263242833, 0.00463966326788, 0.00307705882005, 0.00392094627023], "dmean": [0.0301075428724, 0.0230533592403, 0.028668044135, 0.0330690927804, 0.0198860540986, 0.0414692983031, 0.0551663115621, 0.0323185920715, 0.0684294328094, 0.104783549905, 0.0641528367996, 0.0125713702291, 0.0069360374473, 0.00606426503509, 0.0576198548079, 0.0993464067578, 0.0542446188629, 0.0176424272358, 0.0243394058198, 0.025389065966, 0.0588691942394, 0.0733954161406, 0.0393871739507, 0.0207317043096, 0.0245240852237, 0.0196291469038, 0.0132510345429, 0.0082869110629, 0.0316023528576, 0.102601803839, 0.110253989697, 0.0723076462746, 0.0193176940084, 0.0230544190854, 0.0231082551181, 0.0248364601284], "max": [1, 0.843213915825, 1, 1, 1, 1, 1, 1, 1, 1, 1, 1, 1, 0.890953421593, 1, 1, 0.915269315243, 1, 1, 1, 1, 1, 1, 1, 1, 1, 0.924921095371, 1, 0.779138207436, 1, 1, 1, 0.977937340736, 1, 1, 0.973392248154], "var": [0.0580217838287, 0.0146461008117, 0.0150901423767, 0.0405755639076, 0.0106368632987, 0.0164746362716, 0.0306047517806, 0.00695265829563, 0.0418916940689, 0.126392826438, 0.031726706773, 0.00132745387964, 0.000966527732089, 0.000514419341926, 0.0380585305393, 0.116715736687, 0.0260835923254, 0.0220389869064, 0.074164159596, 0.018220320344, 0.050463039428, 0.127371743321, 0.0287852864712, 0.00874757673591, 0.0211997982115, 0.00960154552013, 0.0070141046308, 0.00143673713319, 0.00355124706402, 0.0703760907054, 0.166545063257, 0.0360091887414, 0.00992889609188, 0.020275330171, 0.00804778467864, 0.0189038179815], "mean": [0.0940289050341, 0.0603132508695, 0.0671440213919, 0.0846875905991, 0.0416520312428, 0.0811879783869, 0.112189017236, 0.0537057071924, 0.180563822389, 0.320347249508, 0.16474224627, 0.0178492218256, 0.00912933237851, 0.00744875380769, 0.147349029779, 0.2633074224, 0.124161355197, 0.0571925006807, 0.103740125895, 0.0707734525204, 0.192070171237, 0.285532087088, 0.122954875231, 0.0378309749067, 0.0519810095429, 0.0489013083279, 0.0380196385086, 0.0165967680514, 0.0319626964629, 0.348097473383, 0.552508592606, 0.240755856037, 0.0425857082009, 0.0613393075764, 0.0463239327073, 0.0672404691577]}, "tuning_equal_tempered_deviation": 0.0307455807924, "chords_changes_rate": 0.0196078438312, "key_key": "C", "tuning_diatonic_strength": 0.518793106079, "key_scale": "major", "chords_number_rate": 0.00232198135927, "tuning_frequency": 441.527557373, "tuning_nontempered_energy_ratio": 0.597284555435, "chords_histogram": [69.5046463013, 5.13415908813, 3.30237364769, 0, 0, 0, 1.47058820724, 0, 0, 0, 0, 0.0257997941226, 0.0257997941226, 0, 0, 0.799793601036, 9.00412750244, 2.86377716064, 5.31475734711, 0.0257997941226, 0.0257997941226, 1.08359134197, 0.232198148966, 1.18679046631], "key_strength": 0.782961428165, "chords_key": "C", "chords_strength": {"dmean2": 0.00530230766162, "median": 0.529611229897, "min": -1, "dvar2": 0.00253579579294, "dvar": 0.00135375943501, "dmean": 0.00605498440564, "max": 0.683098912239, "var": 0.03941937536, "mean": 0.493890076876}, "chords_scale": "major", "hpcp_entropy": {"dmean2": 0.502610087395, "median": 1.35406184196, "min": 0, "dvar2": 0.327769339085, "dvar": 0.140081763268, "dmean": 0.310553491116, "max": 3.38304209709, "var": 0.407142281532, "mean": 1.3277425766}}, "metadata": {"audio_properties": {"equal_loudness": 0, "codec": "flac", "downmix": "mix", "sample_rate": 44100, "analysis_sample_rate": 44100, "bit_rate": 0, "md5_encoded": "4d5bc93f44ca356e9b1f4f2df7cd18bc", "length": 179.933334351, "replay_gain": -0.717224121094, "lossless": true}, "version": {"essentia_build_sha": "70f2e5ece6736b2c40cc944ad0e695b16b925413", "essentia": "2.1-beta2", "extractor": "music 1.0", "essentia_git_sha": "v2.1_beta2"}, "tags": {"title": ["Day Star"], "barcode": ["076742600327"], "media": ["CD"], "albumartist": ["David Lanz"], "tracktotal": ["12"], "musicbrainz_releasegroupid": ["e88da55d-9d9e-3e81-bcf2-2f9b12054a02"], "releasetype": ["album"], "musicbrainz_recordingid": ["02ee2489-10d6-47de-9799-dbd0ed8e8f6e"], "artistsort": ["Lanz, David"], "musicbrainz_albumartistid": ["6416a02b-eda2-4c43-bca8-396ee30b5c74"], "discnumber": ["1"], "album": ["Heartsounds"], "catalognumber": ["ND-61003"], "releasecountry": ["US"], "file_name": "07. Day Star.flac", "originaldate": ["1983"], "albumartistsort": ["Lanz, David"], "date": ["1983"], "genre": ["New Age"], "musicip_puid": ["1851edc4-1497-7b34-efc0-5a3bed1417ef"], "musicbrainz_artistid": ["6416a02b-eda2-4c43-bca8-396ee30b5c74"], "asin": ["B000005OWW"], "musicbrainz_albumid": ["453502d9-0db6-488b-82d5-647d2296e53a"], "tracknumber": ["7"], "disctotal": ["1"], "artist": ["David Lanz"], "label": ["Narada Lotus"], "releasestatus": ["official"], "totaldiscs": ["1"], "script": ["Latn"], "totaltracks": ["12"]}}, "rhythm": {"bpm_histogram_first_peak_bpm": {"dmean2": 0, "median": 126, "min": 126, "dvar2": 0, "dvar": 0, "dmean": 0, "max": 126, "var": 0, "mean": 126}, "bpm": 125.897605896, "bpm_histogram_second_peak_spread": {"dmean2": 0, "median": 0.111111104488, "min": 0.111111104488, "dvar2": 0, "dvar": 0, "dmean": 0, "max": 0.111111104488, "var": 0, "mean": 0.111111104488}, "bpm_histogram_first_peak_weight": {"dmean2": 0, "median": 0.547368407249, "min": 0.547368407249, "dvar2": 0, "dvar": 0, "dmean": 0, "max": 0.547368407249, "var": 0, "mean": 0.547368407249}, "onset_rate": 3.08966732025, "beats_position": [0.441179126501, 0.893968224525, 1.34675729275, 1.8111563921, 2.27555561066, 2.75156450272, 3.22757363319, 3.70358276367, 4.17959165573, 4.65560102463, 5.13160991669, 5.59600877762, 6.08362817764, 6.5596370697, 7.03564596176, 7.51165533066, 7.98766422272, 8.46367359161, 8.93968200684, 9.41569137573, 9.89170074463, 10.3677091599, 10.8437185287, 11.3313379288, 11.8189563751, 12.3297958374, 12.840634346, 13.3398637772, 13.8158731461, 14.2802715302, 14.756280899, 15.2322902679, 15.7082986832, 16.1959171295, 16.6719264984, 17.1363258362, 17.600725174, 18.0767345428, 18.5527439117, 19.0171432495, 19.4931507111, 19.96916008, 20.45677948, 20.94439888, 21.43201828, 21.9196376801, 22.3724250793, 22.8484344482, 23.312833786, 23.800453186, 24.2880725861, 24.764081955, 25.2400894165, 25.7044887543, 26.168888092, 26.6448974609, 27.1092967987, 27.5853061676, 28.0729255676, 28.5489330292, 29.0249423981, 29.5125617981, 29.9769611359, 30.4645805359, 30.9405899048, 31.4165973663, 31.9042167664, 32.391834259, 32.8678436279, 33.3438529968, 33.8082542419, 34.2842636108, 34.7602729797, 35.2362823486, 35.7122879028, 36.1882972717, 36.6643066406, 37.1403160095, 37.6163253784, 38.0807266235, 38.545124054, 39.0211334229, 39.4971427917, 39.9847602844, 40.4723815918, 40.9483909607, 41.4127883911, 41.8771858215, 42.3531951904, 42.8408164978, 43.3284339905, 43.7928352356, 44.2688446045, 44.7448501587, 45.2324714661, 45.708480835, 46.1844902039, 46.6721076965, 47.1481170654, 47.6241264343, 48.0885238647, 48.5645332336, 49.0405426025, 49.5281639099, 50.0041732788, 50.480178833, 50.9561882019, 51.4321975708, 51.9082069397, 52.3958282471, 52.871837616, 53.3478431702, 53.8238525391, 54.299861908, 54.7758712769, 55.2518806458, 55.7278900146, 56.2038993835, 56.6799087524, 57.1559181213, 57.6319274902, 58.1079368591, 58.583946228, 59.0599517822, 59.5359611511, 60.0003623962, 60.4763717651, 60.952381134, 61.4167785645, 61.8811798096, 62.3571853638, 62.8448066711, 63.32081604, 63.7852134705, 64.2728347778, 64.748840332, 65.2248535156, 65.7124710083, 66.200088501, 66.6877059937, 67.1637191772, 67.6397247314, 68.115737915, 68.5801315308, 69.0561447144, 69.543762207, 70.0313796997, 70.5073928833, 70.9833984375, 71.4594116211, 71.9354171753, 72.4114303589, 72.8874359131, 73.3518371582, 73.8162307739, 74.2922439575, 74.7566452026, 75.2442626953, 75.7202682495, 76.1962814331, 76.6722869873, 77.1483001709, 77.6243057251, 78.1003189087, 78.5763244629, 79.0639419556, 79.5399551392, 80.0159606934, 80.491973877, 80.9795913696, 81.4555969238, 81.9316101074, 82.4076156616, 82.8836288452, 83.3596343994, 83.835647583, 84.3232650757, 84.7992706299, 85.2868881226, 85.7629013062, 86.2389068604, 86.7149200439, 87.1909255981, 87.6553268433, 88.1197280884, 88.5841217041, 89.0601348877, 89.5361404419, 90.023765564, 90.5113830566, 90.9873886108, 91.4634017944, 91.9394073486, 92.4154205322, 92.8914260864, 93.36743927, 93.8550567627, 94.3310623169, 94.8070755005, 95.2830810547, 95.7590942383, 96.246711731, 96.7227172852, 97.1871185303, 97.6631240845, 98.1507492065, 98.6267547607, 99.1027679443, 99.5671615601, 100.043174744, 100.519180298, 100.983581543, 101.447982788, 101.935600281, 102.400001526, 102.864395142, 103.340408325, 103.816413879, 104.304031372, 104.791656494, 105.267662048, 105.743675232, 106.208068848, 106.672470093, 107.160087585, 107.647705078, 108.1353302, 108.611335754, 109.087341309, 109.574966431, 110.050971985, 110.526985168, 110.991378784, 111.467391968, 111.943397522, 112.419410706, 112.89541626, 113.359817505, 113.812606812, 114.288612366, 114.787841797, 115.27545929, 115.763084412, 116.239089966, 116.703491211, 117.191108704, 117.667114258, 118.143127441, 118.619132996, 119.095146179, 119.559547424, 120.035552979, 120.511566162, 120.987571716, 121.463577271, 121.951202393, 122.438819885, 122.914825439, 123.402442932, 123.878456116, 124.342857361, 124.818862915, 125.294876099, 125.759269714, 126.235282898, 126.711288452, 127.187301636, 127.66330719, 128.139312744, 128.615325928, 129.079727173, 129.567337036, 130.031738281, 130.519363403, 130.995376587, 131.471374512, 131.935775757, 132.423400879, 132.899414062, 133.387023926, 133.863037109, 134.350662231, 134.838272095, 135.314285278, 135.790298462, 136.266296387, 136.730697632, 137.218322754, 137.705932617, 138.181945801, 138.646347046, 139.122360229, 139.598358154, 140.074371338, 140.550384521, 141.026397705, 141.514007568, 141.990020752, 142.466033936, 142.94203186, 143.418045044, 143.905670166, 144.381668091, 144.846069336, 145.310470581, 145.786483765, 146.262496948, 146.738494873, 147.226119995, 147.713745117, 148.189743042, 148.654144287, 149.118545532, 149.594558716, 150.070556641, 150.558181763, 151.034194946, 151.52180481, 151.997817993, 152.473831177, 152.94984436, 153.437454224, 153.925079346, 154.401092529, 154.877090454, 155.353103638, 155.829116821, 156.305114746, 156.78112793, 157.257141113, 157.733154297, 158.209152222, 158.685165405, 159.172790527, 159.648788452, 160.113189697, 160.589202881, 161.076828003, 161.552825928, 162.028839111, 162.504852295, 162.980865479, 163.445251465, 163.90965271, 164.374053955, 164.861679077, 165.34928894, 165.848526001, 166.347747803, 166.730880737, 167.114013672, 167.508743286, 167.903488159, 168.333053589, 168.762634277, 169.192199707, 169.563720703, 169.935241699, 170.306747437, 170.678268433, 171.049789429, 171.421310425, 171.792831421, 172.164352417, 172.535873413, 172.907394409, 173.278915405, 173.650421143, 174.021942139, 174.393463135, 174.764984131, 175.136505127, 175.589294434, 176.04208374, 176.494873047, 176.947662354, 177.40045166, 177.888076782, 178.375686646, 178.863311768, 179.350921631], "beats_loudness": {"dmean2": 0.0437645874918, "median": 0.0158051364124, "min": 0, "dvar2": 0.0015804261202, "dvar": 0.000558390805963, "dmean": 0.0240178965032, "max": 0.196583777666, "var": 0.000682938843966, "mean": 0.0253782402724}, "danceability": 1.03366982937, "bpm_histogram_second_peak_weight": {"dmean2": 0, "median": 0.0421052612364, "min": 0.0421052612364, "dvar2": 0, "dvar": 0, "dmean": 0, "max": 0.0421052612364, "var": 0, "mean": 0.0421052612364}, "beats_count": 381, "bpm_histogram_second_peak_bpm": {"dmean2": 0, "median": 161, "min": 161, "dvar2": 0, "dvar": 0, "dmean": 0, "max": 161, "var": 0, "mean": 161}, "bpm_histogram_first_peak_spread": {"dmean2": 0, "median": 0.391812860966, "min": 0.391812860966, "dvar2": 0, "dvar": 0, "dmean": 0, "max": 0.391812860966, "var": 0, "mean": 0.391812860966}, "beats_loudness_band_ratio": {"dmean2": [0.263417243958, 0.315552651882, 0.31437766552, 0.280448824167, 0.0626129209995, 0.00792276207358], "median": [0.106132932007, 0.264882445335, 0.327040046453, 0.111007422209, 0.0131929600611, 0.000505259202328], "min": [0, 0, 0, 0, 0, 0], "dvar2": [0.0507283173501, 0.0577791444957, 0.0888493210077, 0.142329335213, 0.0213273987174, 0.00220075296238], "dvar": [0.0150795308873, 0.0211412478238, 0.0298785921186, 0.0454828552902, 0.00765221938491, 0.00075271143578], "dmean": [0.13962289691, 0.181168705225, 0.181557908654, 0.152875870466, 0.0338827706873, 0.0041213859804], "max": [0.889635980129, 0.790754795074, 0.88773393631, 0.970680713654, 0.67927223444, 0.418731153011], "var": [0.0378998219967, 0.0439525209367, 0.0596275478601, 0.0575403161347, 0.00596363609657, 0.000661853991915], "mean": [0.177033245564, 0.288653403521, 0.37111800909, 0.198234975338, 0.0340035110712, 0.00451177917421]}}, "lowlevel": {"barkbands_spread": {"dmean2": 1.72484815121, "median": 8.37117958069, "min": 1.16925764084, "dvar2": 7.4134221077, "dvar": 3.27255105972, "dmean": 1.20172965527, "max": 89.4780654907, "var": 55.2799797058, "mean": 9.85400295258}, "melbands_spread": {"dmean2": 2.65150761604, "median": 9.33874702454, "min": 1.58136570454, "dvar2": 18.5999584198, "dvar": 7.69518756866, "dmean": 1.77698433399, "max": 165.08744812, "var": 255.578262329, "mean": 12.8304615021}, "hfc": {"dmean2": 4.11169528961, "median": 4.03034734726, "min": 1.07311318772e-16, "dvar2": 169.735687256, "dvar": 82.0889282227, "dmean": 3.17292928696, "max": 290.750762939, "var": 245.55166626, "mean": 10.0921087265}, "barkbands_kurtosis": {"dmean2": 1.44488477707, "median": 1.37608146667, "min": -1.79073059559, "dvar2": 9.18390369415, "dvar": 4.19625759125, "dmean": 1.01687669754, "max": 56.6635169983, "var": 17.1976528168, "mean": 2.62893152237}, "gfcc": {"mean": [-193.519454956, 196.491485596, -140.794021606, -33.1718635559, -35.8960380554, -20.570646286, -16.3672790527, -4.85421514511, -4.82140874863, -1.14015853405, -1.08311212063, -1.45349693298, -2.62405657768], "icov": [[0.00130882347003, -0.0030860400293, 0.00391544867307, -0.00224973191507, 0.00342258787714, -0.00281467451714, 0.0026906025596, -0.00177623901982, 0.00118529761676, -0.0010789638618, -0.000643698498607, -0.000117548552225, 3.33200441673e-05], [-0.0030860400293, 0.00844086240977, -0.00887903571129, 0.00711772637442, -0.00861444603652, 0.00778372585773, -0.00634698802605, 0.00492850039154, -0.00241592549719, 0.00320902653039, 0.0016290206695, 0.00149607390631, -0.00026577184326], [0.00391544867307, -0.00887903571129, 0.013224397786, -0.00645549409091, 0.00981888081878, -0.00881620682776, 0.00924877077341, -0.00684937322512, 0.00496833631769, -0.00437771994621, -0.000382675090805, -0.00132179213688, 0.000521607289556], [-0.00224973191507, 0.00711772637442, -0.00645549409091, 0.0107007026672, -0.0060413251631, 0.00570851098746, -0.0061754710041, 0.00638155918568, -0.00315243913792, 0.00319720758125, 0.00159462110605, 0.00362478382885, -0.00074358144775], [0.00342258787714, -0.00861444603652, 0.00981888081878, -0.0060413251631, 0.0145024703816, -0.00846746470779, 0.00793624576181, -0.00601138360798, 0.00616315426305, -0.0056104674004, -0.00121391331777, 0.000611627940089, -2.28570797844e-06], [-0.00281467451714, 0.00778372585773, -0.00881620682776, 0.00570851098746, -0.00846746470779, 0.0127250598744, -0.00780333718285, 0.00521102547646, 0.000251408695476, 0.00288819521666, 0.00156124157365, 0.000297564605717, 0.00257146428339], [0.0026906025596, -0.00634698802605, 0.00924877077341, -0.0061754710041, 0.00793624576181, -0.00780333718285, 0.0149248028174, -0.00685795769095, 0.00430864747614, -0.0016276196111, -0.00209979293868, -0.00246797897853, 0.000592890428379], [-0.00177623901982, 0.00492850039154, -0.00684937322512, 0.00638155918568, -0.00601138360798, 0.00521102547646, -0.00685795769095, 0.0140738561749, -0.00507268728688, 0.00398076698184, 0.00248222402297, 0.00313030555844, 0.00158139574341], [0.00118529761676, -0.00241592549719, 0.00496833631769, -0.00315243913792, 0.00616315426305, 0.000251408695476, 0.00430864747614, -0.00507268728688, 0.0141094522551, -0.00813122373074, 0.00308815971948, -0.00180547195487, 0.00388382957317], [-0.0010789638618, 0.00320902653039, -0.00437771994621, 0.00319720758125, -0.0056104674004, 0.00288819521666, -0.0016276196111, 0.00398076698184, -0.00813122373074, 0.0191383101046, -0.00714403856546, 0.00459966389462, -0.00153923756443], [-0.000643698498607, 0.0016290206695, -0.000382675090805, 0.00159462110605, -0.00121391331777, 0.00156124157365, -0.00209979293868, 0.00248222402297, 0.00308815971948, -0.00714403856546, 0.0218014437705, -0.00718626473099, 0.00525263184682], [-0.000117548552225, 0.00149607390631, -0.00132179213688, 0.00362478382885, 0.000611627940089, 0.000297564605717, -0.00246797897853, 0.00313030555844, -0.00180547195487, 0.00459966389462, -0.00718626473099, 0.0235820375383, -0.00888399221003], [3.33200441673e-05, -0.00026577184326, 0.000521607289556, -0.00074358144775, -2.28570797844e-06, 0.00257146428339, 0.000592890428379, 0.00158139574341, 0.00388382957317, -0.00153923756443, 0.00525263184682, -0.00888399221003, 0.0258027650416]], "cov": [[27674.4707031, 5286.93066406, -5305.25927734, -340.525543213, -1067.53173828, -1122.74658203, -57.7366065979, -677.266662598, 435.474182129, -167.435333252, 262.359802246, -134.881546021, 95.3998718262], [5286.93066406, 2446.51635742, -477.331756592, -560.791503906, 145.492446899, -382.041809082, -143.07850647, -29.1314105988, -44.3481483459, -35.8234710693, -4.54098415375, -62.5977363586, 38.9303894043], [-5305.25927734, -477.331756592, 1457.7890625, -98.8698501587, 277.654266357, 237.679290771, -87.0607223511, 188.20135498, -163.439437866, 27.1399688721, -80.6912078857, 7.08788251877, -18.494058609], [-340.525543213, -560.791503906, -98.8698501587, 343.800506592, -91.9998855591, 43.6272735596, 56.8576660156, -60.5454025269, 44.1037483215, -0.853672385216, 1.560526371, -6.39513921738, -4.59091997147], [-1067.53173828, 145.492446899, 277.654266357, -91.9998855591, 317.230926514, 81.5386352539, -34.1397743225, 43.1209068298, -106.759353638, 17.7740039825, -12.0921649933, -19.6783885956, -2.52724671364], [-1122.74658203, -382.041809082, 237.679290771, 43.6272735596, 81.5386352539, 312.307098389, 65.5344696045, 3.62786078453, -111.016593933, -21.9360694885, 2.47295236588, 15.0261821747, -18.805934906], [-57.7366065979, -143.07850647, -87.0607223511, 56.8576660156, -34.1397743225, 65.5344696045, 157.767349243, 6.23438215256, -23.0579204559, -25.9529132843, 12.2617635727, 16.673992157, -3.3747382164], [-677.266662598, -29.1314105988, 188.20135498, -60.5454025269, 43.1209068298, 3.62786078453, 6.23438215256, 150.289703369, 13.3508491516, -1.07983803749, -27.8789367676, -15.5958967209, -16.4551410675], [435.474182129, -44.3481483459, -163.439437866, 44.1037483215, -106.759353638, -111.016593933, -23.0579204559, 13.3508491516, 184.736068726, 47.1333274841, -2.99677681923, -12.3239068985, -14.3062238693], [-167.435333252, -35.8234710693, 27.1399688721, -0.853672385216, 17.7740039825, -21.9360694885, -25.9529132843, -1.07983803749, 47.1333274841, 91.1044540405, 19.9155960083, -10.4690408707, -7.1942820549], [262.359802246, -4.54098415375, -80.6912078857, 1.560526371, -12.0921649933, 2.47295236588, 12.2617635727, -27.8789367676, -2.99677681923, 19.9155960083, 69.6778640747, 17.721950531, -3.97340798378], [-134.881546021, -62.5977363586, 7.08788251877, -6.39513921738, -19.6783885956, 15.0261821747, 16.673992157, -15.5958967209, -12.3239068985, -10.4690408707, 17.721950531, 64.5462493896, 18.121679306], [95.3998718262, 38.9303894043, -18.494058609, -4.59091997147, -2.52724671364, -18.805934906, -3.3747382164, -16.4551410675, -14.3062238693, -7.1942820549, -3.97340798378, 18.121679306, 51.0073127747]]}, "spectral_energyband_middle_low": {"dmean2": 0.00315557583235, "median": 0.0046648378484, "min": 1.29614049779e-22, "dvar2": 4.3975225708e-05, "dvar": 2.29440356634e-05, "dmean": 0.00244986475445, "max": 0.128935575485, "var": 0.000247089628829, "mean": 0.0111720981076}, "melbands_crest": {"dmean2": 2.87178659439, "median": 12.6431798935, "min": 1.53264653683, "dvar2": 10.2469673157, "dvar": 4.55454301834, "dmean": 1.88412952423, "max": 35.7210502625, "var": 30.5514221191, "mean": 13.6222753525}, "spectral_kurtosis": {"dmean2": 31.8809452057, "median": 44.985294342, "min": -1.25578963757, "dvar2": 664.846069336, "dvar": 232.824859619, "dmean": 18.2734622955, "max": 150.382003784, "var": 704.475891113, "mean": 47.296207428}, "spectral_rms": {"dmean2": 0.000486006931169, "median": 0.00281936931424, "min": 3.13552981322e-12, "dvar2": 7.19395416127e-07, "dvar": 3.7433687794e-07, "dmean": 0.000385738676414, "max": 0.0152097223327, "var": 4.24326935899e-06, "mean": 0.00335363298655}, "zerocrossingrate": {"dmean2": 0.0032145655714, "median": 0.02685546875, "min": 0, "dvar2": 6.68325956212e-05, "dvar": 3.24469292536e-05, "dmean": 0.00250774947926, "max": 0.5205078125, "var": 0.00323597737588, "mean": 0.0360544472933}, "silence_rate_60dB": {"dmean2": 0.0722673907876, "median": 0, "min": 0, "dvar2": 0.0758236646652, "dvar": 0.0348276756704, "dmean": 0.0361290313303, "max": 1, "var": 0.159355700016, "mean": 0.198942065239}, "erbbands_kurtosis": {"dmean2": 1.70699203014, "median": 1.12715005875, "min": -1.62993729115, "dvar2": 18.8032245636, "dvar": 10.0582304001, "dmean": 1.21079707146, "max": 86.0514221191, "var": 42.3394432068, "mean": 2.71113204956}, "erbbands": {"dmean2": [0.00215159193613, 0.0557575374842, 0.187094047666, 0.151698946953, 0.38569933176, 0.929017841816, 4.83170795441, 12.0232038498, 11.5084724426, 21.8781776428, 23.4854812622, 12.4563388824, 12.2516994476, 10.7487640381, 34.9085769653, 32.2750091553, 14.7130088806, 18.0954589844, 9.87857818604, 7.29172801971, 4.98077058792, 3.84169006348, 1.06193602085, 0.86475533247, 0.41321003437, 0.392769366503, 0.209286630154, 0.174910828471, 0.0999329537153, 0.044718272984, 0.0270678065717, 0.012748837471, 0.00425038998947, 0.00177342898678, 0.00103369599674, 0.000227000375162, 8.76652047737e-05, 1.80865499715e-05, 4.64584991278e-06, 5.91952857576e-06], "median": [0.00270100077614, 0.0479917004704, 0.237189441919, 0.174493998289, 0.278087735176, 0.424052089453, 4.83240556717, 8.69931030273, 8.26436138153, 13.1567382812, 6.61605501175, 9.55923748016, 10.4230251312, 6.2706193924, 8.70259284973, 4.94211626053, 2.49097156525, 3.44740200043, 2.08208465576, 1.1173055172, 0.694638133049, 0.590076029301, 0.320617288351, 0.138130754232, 0.070134088397, 0.0432346723974, 0.0151129551232, 0.00611688150093, 0.00291931140237, 0.00105264724698, 0.000422747310949, 0.00015707591956, 8.89683215064e-05, 6.04955530434e-05, 4.32738415839e-05, 2.91284395644e-05, 1.65331584867e-05, 6.79036747897e-06, 5.6452508943e-06, 9.37786171562e-06], "min": [5.04124874697e-23, 5.82169250634e-22, 1.13746209858e-21, 8.59365127744e-21, 1.34732155603e-20, 2.70250924425e-20, 3.86115631478e-20, 4.68799506909e-20, 5.12594584441e-20, 1.53667746388e-19, 2.57032390829e-19, 2.3735360896e-19, 3.93190714052e-19, 6.87804091458e-19, 7.26834712059e-19, 1.39170997732e-18, 1.1031493648e-18, 1.7368300982e-18, 2.43992865579e-18, 3.2923351751e-18, 3.6525367631e-18, 3.78336034006e-18, 5.53163717037e-18, 5.48968877356e-18, 7.24114569973e-18, 7.89847469967e-18, 8.39070754832e-18, 9.94495179517e-18, 1.02188585929e-17, 1.07952016478e-17, 1.09311471271e-17, 1.10051913725e-17, 8.23196497133e-18, 7.35229395864e-18, 6.16267051222e-18, 4.63578485054e-18, 2.12837810911e-18, 9.64420422728e-19, 2.34288542899e-19, 2.83888095423e-20], "dvar2": [1.56575079018e-05, 0.0131480721757, 0.110302403569, 0.0844760537148, 0.791622936726, 19.6659870148, 120.216339111, 1187.9732666, 1135.42504883, 4197.77636719, 10652.125, 1608.52758789, 1608.7935791, 1495.85791016, 49179.2851562, 45551.59375, 30030.4160156, 34794.9960938, 3841.40698242, 3372.62744141, 3589.29882812, 6481.42919922, 45.0412940979, 28.9186706543, 9.51139545441, 7.50445556641, 3.21784591675, 10.6916389465, 0.377164661884, 0.165446817875, 0.0528453998268, 0.0444897077978, 0.00240190210752, 0.000362514954759, 0.000487760640681, 1.07825071609e-05, 1.49652544223e-06, 7.0609516456e-08, 1.98634197979e-09, 1.94273319654e-10], "dvar": [6.16410488874e-06, 0.00445834826678, 0.0392082594335, 0.0297271162271, 0.305270731449, 10.9050397873, 52.1484832764, 501.078155518, 738.582885742, 2193.76489258, 5845.85839844, 860.526916504, 1494.23425293, 776.288208008, 29707.7246094, 19330.15625, 12601.0166016, 16708.59375, 1999.15625, 1695.88879395, 1684.1081543, 2844.28979492, 20.7826728821, 12.7907123566, 4.8526763916, 3.19543623924, 1.25580251217, 3.76864385605, 0.143918037415, 0.0673629567027, 0.0206021834165, 0.0166807696223, 0.000856160360854, 0.000134855697979, 0.000173617823748, 3.7294030335e-06, 5.34950572728e-07, 2.46045637198e-08, 6.94458879291e-10, 9.68574109805e-11], "dmean": [0.0012805389706, 0.0332988724113, 0.116313554347, 0.0974200442433, 0.250036805868, 0.61108070612, 3.31766319275, 8.15077877045, 9.06291389465, 15.8119621277, 18.8101634979, 8.53467082977, 11.6921672821, 7.68609476089, 28.6061840057, 22.377571106, 10.1796808243, 13.9908456802, 7.66795492172, 5.24155044556, 3.50160551071, 2.68992996216, 0.708083629608, 0.581760346889, 0.279350548983, 0.264386773109, 0.136707931757, 0.108686923981, 0.061738088727, 0.0284046642482, 0.0169011745602, 0.00755026750267, 0.00249582016841, 0.0010341174202, 0.000599904917181, 0.00012761214748, 4.91372811666e-05, 9.87235489447e-06, 3.15053557642e-06, 4.56854559161e-06], "max": [0.0741935893893, 1.95534741879, 4.39530611038, 6.39941215515, 15.1818351746, 218.180603027, 289.770019531, 556.066101074, 1275.09155273, 1416.03088379, 2063.296875, 1067.20458984, 2076.28466797, 1557.57019043, 7853.64648438, 3791.03613281, 5522.73291016, 6828.37207031, 1915.77746582, 2789.95581055, 1789.11425781, 3913.79663086, 309.35824585, 152.595718384, 143.317718506, 77.5248947144, 51.0131263733, 127.571159363, 17.232925415, 11.264626503, 6.29315137863, 7.73642110825, 1.20546388626, 0.418655604124, 0.552432656288, 0.0923664569855, 0.027294870466, 0.00594682293013, 0.0011304380605, 0.000300853920635], "var": [1.02693638837e-05, 0.0068495972082, 0.122534915805, 0.0832771509886, 1.48113787174, 62.7437133789, 218.11618042, 3260.25439453, 8660.67578125, 12207.3056641, 20045.9707031, 3043.63305664, 8291.22851562, 2033.06359863, 73484.765625, 27875.6757812, 18152.1660156, 33413.75, 4493.91064453, 2606.57910156, 2186.03955078, 2946.86206055, 25.7706184387, 15.3556098938, 7.25702905655, 3.83182454109, 1.10592854023, 2.39035868645, 0.132821619511, 0.0587016865611, 0.0178929194808, 0.0120483068749, 0.000556624203455, 9.54159040703e-05, 0.000108507818368, 2.13821840589e-06, 3.28468161115e-07, 1.41169760326e-08, 5.04397301704e-10, 5.12331399527e-10], "mean": [0.00332329771481, 0.0682917237282, 0.315930068493, 0.241330519319, 0.633517324924, 1.62569832802, 9.57136917114, 29.756816864, 41.5666618347, 50.8216896057, 55.0235824585, 25.1809120178, 34.2859458923, 20.4728469849, 56.566444397, 40.1653137207, 18.4720611572, 25.0016880035, 15.1388339996, 9.31198406219, 5.58205366135, 3.96826243401, 1.33586239815, 0.98503023386, 0.487605392933, 0.415896117687, 0.174515411258, 0.117389895022, 0.0722706392407, 0.0309860799462, 0.0172713324428, 0.00678138341755, 0.00216628657654, 0.000871950061992, 0.000470589991892, 0.000115720918984, 4.87515098939e-05, 1.27660932776e-05, 1.02515896288e-05, 1.84005148185e-05]}, "spectral_strongpeak": {"dmean2": 0.597374975681, "median": 0.793673276901, "min": 0, "dvar2": 2.08529853821, "dvar": 0.937333405018, "dmean": 0.418600797653, "max": 23.720495224, "var": 3.7845454216, "mean": 1.47104227543}, "spectral_energy": {"dmean2": 0.00505017396063, "median": 0.00814756471664, "min": 1.00773362232e-20, "dvar2": 0.000130426225951, "dvar": 6.54192554066e-05, "dmean": 0.00389146921225, "max": 0.237119063735, "var": 0.000378130789613, "mean": 0.0158772915602}, "average_loudness": 0.337265759706, "spectral_rolloff": {"dmean2": 120.610816956, "median": 710.595703125, "min": 21.533203125, "dvar2": 73860.1953125, "dvar": 40589.3671875, "dmean": 71.7308807373, "max": 19595.2148438, "var": 4613843.5, "mean": 1028.24633789}, "spectral_centroid": {"dmean2": 73.5750808716, "median": 592.500366211, "min": 304.227081299, "dvar2": 51350.6054688, "dvar": 21367.6269531, "dmean": 49.4985809326, "max": 12240.9560547, "var": 1689322.875, "mean": 851.090637207}, "pitch_salience": {"dmean2": 0.0637762993574, "median": 0.565267384052, "min": 0.123416975141, "dvar2": 0.00513288984075, "dvar": 0.00212626578286, "dmean": 0.0409142561257, "max": 0.848507583141, "var": 0.0142372827977, "mean": 0.549863278866}, "spectral_energyband_middle_high": {"dmean2": 0.00225363159552, "median": 0.00111656205263, "min": 1.18713029578e-21, "dvar2": 7.84654548625e-05, "dvar": 3.88062435377e-05, "dmean": 0.00169784983154, "max": 0.218657061458, "var": 9.42619590205e-05, "mean": 0.00398010434583}, "spectral_contrast_coeffs": {"dmean2": [0.0600245036185, 0.0518223233521, 0.0468577705324, 0.0367303416133, 0.0339631214738, 0.0311095584184], "median": [-0.683388233185, -0.702601909637, -0.75097900629, -0.76300239563, -0.731612205505, -0.797410130501], "min": [-0.977573335171, -0.980913519859, -0.982830584049, -0.983325362206, -0.978548943996, -0.977954745293], "dvar2": [0.00229850504547, 0.00223829154857, 0.00190051645041, 0.00128171406686, 0.00139489513822, 0.000922939099837], "dvar": [0.00082278373884, 0.000871298660059, 0.000775076448917, 0.000539866625331, 0.000547453877516, 0.000408524210798], "dmean": [0.0351293198764, 0.0313526913524, 0.0286923609674, 0.023202823475, 0.0208032801747, 0.0190719179809], "max": [-0.355358272791, -0.389064490795, -0.427269905806, -0.466446280479, -0.565729379654, -0.589479327202], "var": [0.00617779092863, 0.00832583941519, 0.00598873430863, 0.00557630928233, 0.00375208305195, 0.00470518460497], "mean": [-0.684842526913, -0.701008498669, -0.744466006756, -0.754151582718, -0.736734867096, -0.795861005783]}, "melbands_skewness": {"dmean2": 0.410993218422, "median": 0.907320678234, "min": -5.28519582748, "dvar2": 0.248023629189, "dvar": 0.11496078223, "dmean": 0.27921974659, "max": 8.4663105011, "var": 1.44187438488, "mean": 0.912346482277}, "spectral_spread": {"dmean2": 412459.03125, "median": 1191146.875, "min": 583996.1875, "dvar2": 273690886144, "dvar": 138783211520, "dmean": 237541.421875, "max": 42451444, "var": 23177889579000.0, "mean": 2007448.625}, "dissonance": {"dmean2": 0.0519152022898, "median": 0.438347369432, "min": 0.199988231063, "dvar2": 0.00265115103684, "dvar": 0.000978437019512, "dmean": 0.0303872972727, "max": 0.500000059605, "var": 0.00250036735088, "mean": 0.4306614995}, "spectral_skewness": {"dmean2": 1.92261528969, "median": 4.43374586105, "min": -0.146921187639, "dvar2": 2.27018499374, "dvar": 0.778273999691, "dmean": 1.10261428356, "max": 9.62513923645, "var": 2.66874837875, "mean": 4.48751354218}, "spectral_flux": {"dmean2": 0.0241822339594, "median": 0.0213923975825, "min": 6.40958605636e-11, "dvar2": 0.00188010418788, "dvar": 0.000725295685697, "dmean": 0.0146370148286, "max": 0.404324889183, "var": 0.00103032030165, "mean": 0.0320761799812}, "spectral_contrast_valleys": {"dmean2": [0.607501447201, 0.417374491692, 0.411862552166, 0.400238513947, 0.433487445116, 0.458212912083], "median": [-8.53716659546, -6.72651815414, -7.44100427628, -8.75434017181, -10.5673246384, -14.0590877533], "min": [-28.1935443878, -27.9223899841, -27.7675552368, -27.6834545135, -27.6124172211, -27.4169178009], "dvar2": [0.241467699409, 0.153726786375, 0.185703918338, 0.205232709646, 0.336676120758, 0.26779165864], "dvar": [0.0952899456024, 0.0692462101579, 0.0821737200022, 0.0920305401087, 0.145745933056, 0.104829356074], "dmean": [0.35944417119, 0.249045401812, 0.252752989531, 0.251743108034, 0.275285571814, 0.268675237894], "max": [-6.34389019012, -4.52024841309, -5.08732366562, -5.82818508148, -6.86446714401, -10.30397892], "var": [6.30625391006, 7.83162021637, 7.22648954391, 6.34018802643, 5.18547534943, 2.90031123161], "mean": [-8.98405838013, -7.2021150589, -7.92959785461, -9.22757339478, -10.8464479446, -14.125620842]}, "erbbands_flatness_db": {"dmean2": 0.0173074547201, "median": 0.326030880213, "min": 0.0328553617001, "dvar2": 0.000476721557789, "dvar": 0.000214581086766, "dmean": 0.0114532029256, "max": 0.491175383329, "var": 0.00352851813659, "mean": 0.32115983963}, "spectral_energyband_high": {"dmean2": 1.29954514705e-05, "median": 1.01176453882e-06, "min": 7.04319411547e-21, "dvar2": 1.10239977147e-08, "dvar": 4.32173985487e-09, "dmean": 8.56815222505e-06, "max": 0.00261068413965, "var": 4.03452160569e-09, "mean": 1.17612444228e-05}, "spectral_entropy": {"dmean2": 0.201871350408, "median": 6.19561100006, "min": 4.92812490463, "dvar2": 0.0843060016632, "dvar": 0.0323677994311, "dmean": 0.125810071826, "max": 9.82062149048, "var": 0.395819574594, "mean": 6.28158330917}, "silence_rate_20dB": {"dmean2": 0, "median": 1, "min": 1, "dvar2": 0, "dvar": 0, "dmean": 0, "max": 1, "var": 0, "mean": 1}, "melbands_flatness_db": {"dmean2": 0.0216060634702, "median": 0.364853203297, "min": 0.00326486397535, "dvar2": 0.000776682572905, "dvar": 0.000334378040861, "dmean": 0.0139490906149, "max": 0.496029168367, "var": 0.00430934131145, "mean": 0.352943092585}, "barkbands": {"dmean2": [4.94893756695e-05, 0.000197394227143, 0.00016171002062, 6.51687223581e-05, 0.000240973065956, 0.00135525106452, 0.000803951057605, 0.00127340201288, 0.000488538993523, 0.000428942032158, 0.000710277003236, 0.00071996031329, 0.000250325538218, 0.000348585512256, 0.000181421783054, 0.000107654159365, 8.46325565362e-05, 1.08208832899e-05, 1.40766805998e-05, 8.0247027654e-06, 4.69673568659e-06, 2.17479828279e-06, 1.15185548566e-06, 4.28834596278e-07, 1.33335973374e-07, 4.23401900207e-08, 1.33665025714e-08], "median": [0.000581142376177, 0.00015513136168, 0.000176079571247, 4.36312257079e-05, 0.000137761468068, 0.00129803211894, 0.000709040556103, 0.000356867531082, 0.000317775789881, 0.000306642701617, 0.000173845983227, 0.000125707636471, 3.58459001291e-05, 5.67923525523e-05, 2.02531773539e-05, 9.97606912279e-06, 1.28337633214e-05, 2.8685540201e-06, 2.09054996958e-06, 8.56282497352e-07, 1.46898514686e-07, 6.01232628128e-08, 1.85572641698e-08, 5.30024912848e-09, 5.04883290731e-09, 7.10736935972e-09, 1.19228502626e-08], "min": [1.81461908221e-25, 2.30101713317e-24, 5.19769603613e-25, 1.42096154072e-24, 1.04831607366e-23, 5.01112491002e-24, 2.42719642104e-24, 1.00080006255e-23, 8.62819533871e-24, 1.1480319575e-23, 1.19385578307e-23, 2.97511632884e-23, 1.67168603053e-23, 2.84169281295e-23, 2.85953400673e-23, 6.81647576899e-23, 5.54187281474e-23, 9.18972593702e-23, 1.29184126896e-22, 1.41332572215e-22, 2.7805703554e-22, 3.11073679079e-22, 4.08846134658e-22, 5.55583704116e-22, 8.88123487495e-22, 1.28464491375e-21, 1.83796523078e-21], "dvar2": [4.15288070599e-09, 1.64818530379e-07, 7.25823667835e-08, 1.86764061993e-08, 7.70495546476e-07, 1.2326583601e-05, 3.9968240344e-06, 1.94046988327e-05, 2.76970718005e-06, 1.47177888721e-06, 1.76837565959e-05, 2.07434641197e-05, 1.04935688796e-05, 1.33738112709e-05, 2.09545646612e-06, 2.39266069002e-06, 1.66241136412e-06, 1.81000647803e-09, 7.01986468954e-09, 4.71789318723e-09, 3.57241614068e-09, 1.42613393317e-10, 9.18622192203e-11, 4.5042570368e-11, 3.68414456928e-12, 2.80872818493e-13, 4.03250193925e-14], "dvar": [2.90755486354e-09, 5.63315332158e-08, 2.72097562259e-08, 6.53375575865e-09, 3.89214250163e-07, 5.52959454581e-06, 1.93077289623e-06, 1.14396189019e-05, 1.64703010341e-06, 1.13192629669e-06, 1.08979384095e-05, 8.75916430232e-06, 4.42587770522e-06, 6.49115600027e-06, 1.09335212528e-06, 1.13216538011e-06, 7.27388055566e-07, 8.44518399656e-10, 3.24829252385e-09, 1.89386883953e-09, 1.2906261615e-09, 5.69266161987e-11, 3.70455992271e-11, 1.66935614637e-11, 1.36675761854e-12, 9.89594623152e-14, 1.38163203209e-14], "dmean": [4.24194367952e-05, 0.000118047348224, 0.000102258003608, 4.10151660617e-05, 0.000161233183462, 0.000953565584496, 0.000565316411667, 0.00103031960316, 0.000331405171892, 0.000368810811779, 0.000597429985646, 0.000482395174913, 0.000173942622496, 0.000269588519586, 0.000138425646583, 7.56643930799e-05, 5.90739982727e-05, 7.11519624019e-06, 9.34804666031e-06, 5.39131951882e-06, 2.93919561045e-06, 1.3523515463e-06, 7.21116123259e-07, 2.47157998956e-07, 7.79545956675e-08, 2.33821655371e-08, 7.22777526718e-09], "max": [0.00171069381759, 0.00698691979051, 0.00373072596267, 0.00198733410798, 0.0362948514521, 0.0642059445381, 0.0694668292999, 0.11378762871, 0.048428658396, 0.0531288050115, 0.153777718544, 0.0972891300917, 0.105882883072, 0.134083881974, 0.0717661976814, 0.0487585663795, 0.0561724901199, 0.00126489321701, 0.00210357573815, 0.00216134544462, 0.00205387943424, 0.000285078305751, 0.000213426130358, 0.0002