{"tonal": {"thpcp": [1, 0.638696193695, 0.333498299122, 0.253398448229, 0.201634451747, 0.21388117969, 0.242474302649, 0.266288399696, 0.344979077578, 0.345570027828, 0.252655565739, 0.219927743077, 0.21351338923, 0.212018996477, 0.305190622807, 0.385928988457, 0.335178673267, 0.266600996256, 0.231638997793, 0.24569568038, 0.580140709877, 0.852155506611, 0.519473910332, 0.18528945744, 0.148166403174, 0.15025959909, 0.1768989712, 0.18663392961, 0.211791306734, 0.339983344078, 0.402745246887, 0.348541945219, 0.305605381727, 0.271614164114, 0.321287810802, 0.744391322136], "hpcp": {"dmean2": [0.267330080271, 0.230485931039, 0.196909606457, 0.190718576312, 0.20215845108, 0.212922245264, 0.211138471961, 0.23879674077, 0.215035513043, 0.174261018634, 0.196468964219, 0.29792663455, 0.30999776721, 0.269089967012, 0.152794867754, 0.124417558312, 0.117284946144, 0.118599146605, 0.1274022609, 0.152179509401, 0.199412927032, 0.21541133523, 0.238310977817, 0.245973214507, 0.239911094308, 0.269016563892, 0.36178445816, 0.381205946207, 0.385509490967, 0.291210561991, 0.207371622324, 0.16343331337, 0.163927465677, 0.184365108609, 0.225096985698, 0.264597326517], "median": [0.0280711688101, 0.0297724921256, 0.0381400585175, 0.0370464622974, 0.0290895551443, 0.0333060696721, 0.0366929769516, 0.0386798232794, 0.0330340862274, 0.0289455838501, 0.0388893447816, 0.128448963165, 0.173981279135, 0.10423707962, 0.0319209806621, 0.026173915714, 0.0293803699315, 0.0365769341588, 0.0372633561492, 0.0395725816488, 0.0495755635202, 0.0520891137421, 0.0553424060345, 0.0502722561359, 0.0413898229599, 0.0560289695859, 0.198541551828, 0.299122482538, 0.16429258883, 0.0473775491118, 0.032550804317, 0.0299225151539, 0.0332707986236, 0.0386728644371, 0.0369139164686, 0.0300683490932], "min": [0, 0, 0, 0, 0, 0, 0, 0, 0, 0, 0, 0, 0, 0, 0, 0, 0, 0, 0, 0, 0, 0, 0, 0, 0, 0, 0, 0, 0, 0, 0, 0, 0, 0, 0, 0], "dvar2": [0.162748336792, 0.140284523368, 0.11444529146, 0.110420785844, 0.119481116533, 0.116924002767, 0.11341624707, 0.130431130528, 0.112624906003, 0.0833372920752, 0.0933287665248, 0.118876129389, 0.141393974423, 0.111518844962, 0.0688891485333, 0.0615438967943, 0.0531383119524, 0.0451681688428, 0.0520981103182, 0.0621899813414, 0.0907631441951, 0.106256246567, 0.118210576475, 0.12509983778, 0.132541686296, 0.136406719685, 0.143741488457, 0.164991393685, 0.172129049897, 0.151909768581, 0.11279732734, 0.0817988142371, 0.0827774479985, 0.091432467103, 0.119980186224, 0.159494176507], "dvar": [0.0618746578693, 0.051299341023, 0.0401400066912, 0.0386369004846, 0.0413791872561, 0.0419273413718, 0.0452624075115, 0.0482387430966, 0.0402581766248, 0.0306109003723, 0.0334802530706, 0.0442194566131, 0.0616459585726, 0.0406677573919, 0.024655232206, 0.021541826427, 0.0184321776032, 0.0159877743572, 0.0183012709022, 0.022029587999, 0.0346849784255, 0.0418295897543, 0.0414302311838, 0.0443303659558, 0.0467004366219, 0.0475745461881, 0.0556216575205, 0.0726978182793, 0.0615938194096, 0.0546895638108, 0.0414299033582, 0.0293267779052, 0.0300512071699, 0.0342492982745, 0.0437821745872, 0.0602522194386], "dmean": [0.149043411016, 0.126315608621, 0.106754802167, 0.103236250579, 0.109764486551, 0.11963173002, 0.122596383095, 0.135097935796, 0.119836524129, 0.0980814397335, 0.109440289438, 0.172764033079, 0.186198279262, 0.155956819654, 0.0843126997352, 0.0675992146134, 0.0642682313919, 0.0663288906217, 0.0708143934608, 0.0850654840469, 0.114785693586, 0.125146731734, 0.13434535265, 0.136737957597, 0.131732553244, 0.148651614785, 0.213892370462, 0.226182177663, 0.218054547906, 0.160639405251, 0.114093899727, 0.0903289243579, 0.0917362719774, 0.102838099003, 0.124277435243, 0.147389948368], "max": [1, 1, 1, 1, 1, 1, 1, 1, 1, 1, 1, 1, 1, 1, 1, 1, 1, 1, 1, 1, 1, 1, 1, 1, 1, 1, 1, 1, 1, 1, 1, 1, 1, 1, 1, 1], "var": [0.0687028169632, 0.0402881428599, 0.0276508741081, 0.0262723974884, 0.0298782177269, 0.0494501627982, 0.0748022869229, 0.0549217760563, 0.0397498048842, 0.0332077518106, 0.0307455286384, 0.0689420104027, 0.138176128268, 0.0614562518895, 0.0188506301492, 0.0145590230823, 0.0127764279023, 0.0133238807321, 0.0156875737011, 0.0196399893612, 0.0488335713744, 0.0697460398078, 0.0458374917507, 0.0387456268072, 0.0367430597544, 0.0398090519011, 0.0964822545648, 0.149421855807, 0.0772195160389, 0.0477878116071, 0.0392747223377, 0.0247881598771, 0.0265096053481, 0.0328947529197, 0.0365454666317, 0.0674576312304], "mean": [0.147047176957, 0.107510149479, 0.093583792448, 0.0908543542027, 0.0902184545994, 0.129864901304, 0.164220750332, 0.142625436187, 0.113444224, 0.0985671728849, 0.104548580945, 0.246861845255, 0.362609744072, 0.221046864986, 0.0788444876671, 0.063047863543, 0.0639385581017, 0.0752741619945, 0.0794165879488, 0.0901215672493, 0.144669920206, 0.171376407146, 0.148311793804, 0.130041390657, 0.115577429533, 0.136714592576, 0.316753864288, 0.425520628691, 0.271778404713, 0.141910403967, 0.107826270163, 0.0857996195555, 0.0910108536482, 0.103177815676, 0.113311201334, 0.146795719862]}, "tuning_equal_tempered_deviation": 0.0761829912663, "chords_changes_rate": 0.0464601777494, "key_key": "F#", "tuning_diatonic_strength": 0.531933367252, "key_scale": "minor", "chords_number_rate": 0.00176991149783, "tuning_frequency": 444.598632812, "tuning_nontempered_energy_ratio": 0.740327477455, "chords_histogram": [48.8495559692, 15.4867258072, 3.84955763817, 0.707964599133, 0, 15.3761062622, 0, 6.81415939331, 0, 1.59292030334, 0.57522124052, 0, 0.508849561214, 0, 0, 0, 0, 0, 0.33185839653, 3.27433633804, 0.929203510284, 0, 1.4380531311, 0.265486717224], "key_strength": 0.725456535816, "chords_key": "F#", "chords_strength": {"dmean2": 0.011047532782, "median": 0.53127849102, "min": 0.232333242893, "dvar2": 9.95518348645e-05, "dvar": 7.87342651165e-05, "dmean": 0.0100701441988, "max": 0.791383326054, "var": 0.00939958915114, "mean": 0.5274335742}, "chords_scale": "minor", "hpcp_entropy": {"dmean2": 1.15825521946, "median": 2.46222233772, "min": 0, "dvar2": 0.898491561413, "dvar": 0.334244579077, "dmean": 0.69690233469, "max": 4.5783200264, "var": 0.694388210773, "mean": 2.45872688293}}, "metadata": {"audio_properties": {"equal_loudness": 0, "codec": "vorbis", "downmix": "mix", "sample_rate": 44100, "analysis_sample_rate": 44100, "bit_rate": 320000, "md5_encoded": "88a227bae080e9a27fcc142b5c467cd5", "length": 209.831466675, "replay_gain": -13.721540451, "lossless": false}, "version": {"essentia_build_sha": "cead25079874084f62182a551b7393616cd33d87", "essentia": "2.1-beta2", "extractor": "music 1.0", "essentia_git_sha": "v2.1_beta2-1-ge3940c0"}, "tags": {"title": ["I'm O"], "barcode": ["721616025224"], "media": ["CD"], "albumartist": ["Various Artists"], "tracktotal": ["30"], "musicbrainz_releasegroupid": ["5da52040-584c-47d8-a657-25887d69cd26"], "releasetype": ["album", "compilation"], "musicbrainz_recordingid": ["02ef2f78-6eb1-4e0b-8ef4-e08cb86cc1bf"], "musicbrainz_albumartistid": ["89ad4ac3-39f7-470e-963a-56509c546377"], "discnumber": ["1"], "album": ["The Ecstasy of the Agony"], "catalognumber": ["VIRUS 252"], "releasecountry": ["US"], "compilation": ["1"], "originaldate": ["2000"], "albumartistsort": ["Various Artists"], "date": ["2000"], "file_name": "04 Black Kali Ma - I'm O.ogg", "disctotal": ["1"], "musicbrainz_artistid": ["0783b78c-dd28-4a23-9276-3c92921ba1b5"], "asin": ["B00004Y6SZ"], "musicbrainz_albumid": ["0d7674ff-0f82-4b85-b857-dc4b41d99227"], "tracknumber": ["4"], "artistsort": ["Black Kali Ma"], "artist": ["Black Kali Ma"], "label": ["Alternative Tentacles"], "releasestatus": ["official"], "totaldiscs": ["1"], "script": ["Latn"], "totaltracks": ["30"]}}, "rhythm": {"bpm_histogram_first_peak_bpm": {"dmean2": 0, "median": 110, "min": 110, "dvar2": 0, "dvar": 0, "dmean": 0, "max": 110, "var": 0, "mean": 110}, "bpm": 110.270797729, "bpm_histogram_second_peak_spread": {"dmean2": 0, "median": 0.43298971653, "min": 0.43298971653, "dvar2": 0, "dvar": 0, "dmean": 0, "max": 0.43298971653, "var": 0, "mean": 0.43298971653}, "bpm_histogram_first_peak_weight": {"dmean2": 0, "median": 0.297752797604, "min": 0.297752797604, "dvar2": 0, "dvar": 0, "dmean": 0, "max": 0.297752797604, "var": 0, "mean": 0.297752797604}, "onset_rate": 3.20228219032, "beats_position": [0.53405892849, 1.07972788811, 1.62539684772, 2.17106580734, 2.71673464775, 3.25079369545, 3.7732424736, 4.29569149017, 4.82975053787, 5.35219955444, 5.87464857101, 6.39709758759, 6.91954612732, 7.44199514389, 7.97605419159, 8.498503685, 9.03256225586, 9.57823085785, 10.1122903824, 10.6463489532, 11.1687984467, 11.7028570175, 12.2369155884, 12.7709751129, 13.3050336838, 13.8390922546, 14.3731517792, 14.90721035, 15.4412698746, 15.9753284454, 16.50938797, 17.0550556183, 17.600725174, 18.1463947296, 18.6920623779, 19.2261219025, 19.760181427, 20.2942390442, 20.8282985687, 21.3623580933, 21.8964176178, 22.430475235, 22.9877548218, 23.5218143463, 24.0558719635, 24.589931488, 25.1239910126, 25.6580486298, 26.1921081543, 26.73777771, 27.2834453583, 27.8175048828, 28.3515644073, 28.8856239319, 29.4196815491, 29.9653511047, 30.5110206604, 31.0450782776, 31.5791378021, 32.1131973267, 32.6240348816, 33.1580963135, 33.6921539307, 34.2378234863, 34.783493042, 35.329158783, 35.8632202148, 36.4088897705, 36.9429473877, 37.4770050049, 38.0110664368, 38.5567321777, 39.1024017334, 39.6480712891, 40.1937408447, 40.7394104004, 41.2850799561, 41.8423576355, 42.3996353149, 42.9453048706, 43.4909744263, 44.0366439819, 44.5823135376, 45.1163711548, 45.650428772, 46.2077102661, 46.7649879456, 47.3106575012, 47.8563270569, 48.4019927979, 48.9476623535, 49.4933319092, 50.0390014648, 50.5846710205, 51.1303405762, 51.6760063171, 52.2216758728, 52.7789573669, 53.3362350464, 53.8702926636, 54.4043540955, 54.9616317749, 55.5073013306, 56.0529708862, 56.5870285034, 57.1210861206, 57.643535614, 58.1892051697, 58.7232627869, 59.2573242188, 59.8029937744, 60.3486595154, 60.8827209473, 61.4283905029, 61.9624481201, 62.4965057373, 63.042175293, 63.5878448486, 64.1335144043, 64.6675720215, 65.2132415771, 65.7589111328, 66.29296875, 66.8386383057, 67.3843078613, 67.929977417, 68.4640350342, 69.0097045898, 69.543762207, 70.0778198242, 70.6118774414, 71.1691589355, 71.7264404297, 72.2837142944, 72.8409957886, 73.3866653442, 73.9323348999, 74.4780044556, 75.0236740112, 75.580947876, 76.1266174316, 76.6722869873, 77.2295684814, 77.7868499756, 78.3325119019, 78.8665771484, 79.4122467041, 79.9695205688, 80.526802063, 81.0724716187, 81.6181411743, 82.16381073, 82.7094802856, 83.2551422119, 83.8008117676, 84.3348770142, 84.8921508789, 85.4378204346, 85.9834899902, 86.5175476074, 87.0632171631, 87.5972747803, 88.1429443359, 88.7002258301, 89.2575073242, 89.814781189, 90.3720626831, 90.9293441772, 91.486618042, 92.0322875977, 92.5779571533, 93.1352386475, 93.6692962646, 94.2265777588, 94.7838516235, 95.3295211792, 95.8751907349, 96.4208602905, 96.9665298462, 97.5121994019, 98.0578689575, 98.5919265747, 99.1375961304, 99.683265686, 100.228935242, 100.774604797, 101.308662415, 101.865936279, 102.411605835, 102.957275391, 103.491333008, 104.025398254, 104.536231995, 105.08190155, 105.627571106, 106.1848526, 106.730522156, 107.276191711, 107.845077515, 108.425575256, 109.017684937, 109.58657074, 110.167076111, 110.747573853, 111.316459656, 112.036277771, 112.756095886, 113.475914001, 114.184127808, 114.880722046, 115.588935852, 116.28553009, 116.982131958, 117.678726196, 118.363716125, 119.048706055, 119.745300293, 120.418685913, 121.103668213, 121.788658142, 122.462036133, 123.147026062, 123.832015991, 124.528617859, 125.213600159, 125.898590088, 126.583580017, 127.268569946, 127.953559875, 128.638549805, 129.311920166, 130.008529663, 130.681900024, 131.355285645, 132.028656006, 132.702041626, 133.375411987, 134.072021484, 134.768615723, 135.465209961, 136.161804199, 136.858413696, 137.543395996, 138.228393555, 138.924987793, 139.621582031, 140.31817627, 141.014785767, 141.711380005, 142.407974243, 143.10458374, 143.801177979, 144.486160278, 145.171157837, 145.856140137, 146.541137695, 147.214508057, 147.911102295, 148.584487915, 149.269470215, 149.954467773, 150.651062012, 151.34765625, 152.044265747, 152.729248047, 153.414230347, 154.099227905, 154.784210205, 155.480819702, 156.154190063, 156.827575684, 157.512557983, 158.197555542, 158.870925903, 159.544311523, 160.217681885, 160.891067505, 161.564437866, 162.214599609, 162.864761353, 163.514923096, 164.16506958, 164.815231323, 165.453781128, 166.092330933, 166.742492676, 167.415863037, 168.089248657, 168.762634277, 169.436004639, 170.109390259, 170.771148682, 171.432922363, 172.094696045, 172.73324585, 173.371795654, 174.0103302, 174.648880005, 175.28742981, 175.914367676, 176.541305542, 177.203079224, 177.876464844, 178.549835205, 179.223220825, 179.884979248, 180.558364868, 181.208526611, 181.870285034, 182.532058716, 183.182220459, 183.85559082, 184.52897644, 185.202362061, 185.771240234, 186.31690979, 186.862579346, 187.408248901, 187.965530396, 188.52281189, 189.080093384, 189.660583496, 190.21786499, 190.775146484, 191.32081604, 191.866485596, 192.42376709, 192.981033325, 193.538314819, 194.11882019, 194.676101685, 195.23336792, 195.790649414, 196.347930908, 196.893600464, 197.43927002, 197.996551514, 198.553833008, 199.111114502, 199.656768799, 200.202438354, 200.73651123, 201.282180786, 201.827835083, 202.373504639, 202.919174194, 203.46484375, 204.010513306, 204.544570923, 205.090240479, 205.635910034, 206.18157959, 206.750473022, 207.319366455, 207.888244629, 208.457138062, 209.026031494], "beats_loudness": {"dmean2": 0.0154992518947, "median": 0.035697594285, "min": 0.00307334703393, "dvar2": 0.00018865216407, "dvar": 6.69022338116e-05, "dmean": 0.00885129533708, "max": 0.094546996057, "var": 0.000119291842566, "mean": 0.0356977954507}, "danceability": 1.23537254333, "bpm_histogram_second_peak_weight": {"dmean2": 0, "median": 0.15449437499, "min": 0.15449437499, "dvar2": 0, "dvar": 0, "dmean": 0, "max": 0.15449437499, "var": 0, "mean": 0.15449437499}, "beats_count": 357, "bpm_histogram_second_peak_bpm": {"dmean2": 0, "median": 89, "min": 89, "dvar2": 0, "dvar": 0, "dmean": 0, "max": 89, "var": 0, "mean": 89}, "bpm_histogram_first_peak_spread": {"dmean2": 0, "median": 0.518181800842, "min": 0.518181800842, "dvar2": 0, "dvar": 0, "dmean": 0, "max": 0.518181800842, "var": 0, "mean": 0.518181800842}, "beats_loudness_band_ratio": {"dmean2": [0.450072944164, 0.320375293493, 0.086186863482, 0.0790920704603, 0.148229598999, 0.0678943619132], "median": [0.450808167458, 0.19328777492, 0.0567558482289, 0.0559945330024, 0.147201016545, 0.0640208646655], "min": [0.0288164634258, 0.00424444954842, 0.000489327299874, 0.000228311866522, 0.0188457276672, 0.00329977064393], "dvar2": [0.0778156220913, 0.049787774682, 0.00745654758066, 0.00750785740092, 0.0159836187959, 0.00288726342842], "dvar": [0.0241506639868, 0.0146470721811, 0.00273104174994, 0.00288648763672, 0.00569210713729, 0.000893572054338], "dmean": [0.234839916229, 0.170561820269, 0.0495394058526, 0.0471312664449, 0.0828079283237, 0.0371380187571], "max": [0.881647408009, 0.65518027544, 0.405422896147, 0.503988862038, 0.961100578308, 0.178799986839], "var": [0.0351597182453, 0.0176390390843, 0.00304831308313, 0.00356113980524, 0.0102712949738, 0.00106603768654], "mean": [0.476239085197, 0.20518617332, 0.0740506723523, 0.0729235038161, 0.166639700532, 0.0672151446342]}}, "lowlevel": {"barkbands_spread": {"dmean2": 9.2803401947, "median": 27.8628349304, "min": 0.434281915426, "dvar2": 101.714752197, "dvar": 39.9459991455, "dmean": 5.71011590958, "max": 136.680969238, "var": 124.464538574, "mean": 28.6181564331}, "melbands_spread": {"dmean2": 12.735118866, "median": 24.173122406, "min": 1.40335452557, "dvar2": 178.023635864, "dvar": 69.6824493408, "dmean": 7.82665967941, "max": 198.841812134, "var": 278.171020508, "mean": 27.4967021942}, "hfc": {"dmean2": 7.96405363083, "median": 20.2924213409, "min": 1.13831394588e-16, "dvar2": 129.235458374, "dvar": 56.305103302, "dmean": 5.28030443192, "max": 93.9908447266, "var": 169.192443848, "mean": 22.7736587524}, "barkbands_kurtosis": {"dmean2": 3.22049307823, "median": 0.498531222343, "min": -1.91579949856, "dvar2": 22.8305339813, "dvar": 9.70315551758, "dmean": 1.92502140999, "max": 182.861175537, "var": 32.4949645996, "mean": 1.89722931385}, "gfcc": {"mean": [28.2377281189, 84.4706420898, -113.818969727, 39.3275032043, -27.0209674835, 3.49901771545, -40.4797325134, 8.91716861725, -24.4497337341, -8.50875091553, -23.8598976135, -5.06596422195, -18.1515674591], "icov": [[0.000275370490272, -0.000199646601686, 1.37632750921e-05, -0.000248228781857, 0.000280209293123, -0.000297546823276, 0.00031372383819, -0.000372617505491, 0.000731177220587, -0.000635959149804, 0.00096340617165, -0.000644051993731, 0.000829974131193], [-0.000199646601686, 0.00249914266169, 0.000887477130163, 0.000936224416364, -0.00120850477833, 0.000869398762006, -0.00120427808724, 0.00091893109493, -0.00183263572399, 0.00190583209042, -0.00362897547893, 0.00330034713261, -0.00290678464808], [1.37632750921e-05, 0.000887477130163, 0.00347936805338, 0.000682490644976, -0.000835215207189, -0.000466928759124, 0.000294763653073, -0.000834710139316, 0.000341566919815, -0.00321692647412, 0.00175147131085, -0.00201562303118, -0.000466554571176], [-0.000248228781857, 0.000936224416364, 0.000682490644976, 0.00550898723304, 0.000455394358141, 0.000416515104007, -0.00117128062993, 0.00155870709568, -0.00496531883255, 0.00432104850188, -0.00477971369401, 0.000609672511928, -0.00228758016601], [0.000280209293123, -0.00120850477833, -0.000835215207189, 0.000455394358141, 0.00578114762902, -0.00012225015962, -8.62488450366e-05, -0.00217919959687, 0.000527823576704, -0.00148742843885, 0.00160317670088, -0.00183241569903, 0.00118342693895], [-0.000297546823276, 0.000869398762006, -0.000466928759124, 0.000416515104007, -0.00012225015962, 0.00680212955922, -0.00258496170864, 0.000953820243012, -0.000662245322019, -6.08827067481e-05, -0.00244981795549, 0.00258863694035, -0.000699682626873], [0.00031372383819, -0.00120427808724, 0.000294763653073, -0.00117128062993, -8.62488450366e-05, -0.00258496170864, 0.0118869487196, -0.00404193252325, 0.00110595906153, -0.000947355525568, 0.00133439211641, -0.00397756742314, 0.00127445301041], [-0.000372617505491, 0.00091893109493, -0.000834710139316, 0.00155870709568, -0.00217919959687, 0.000953820243012, -0.00404193252325, 0.0145334750414, -0.00594464223832, 0.00212239124812, -0.00102914532181, 0.00113029719796, 0.00244320533238], [0.000731177220587, -0.00183263572399, 0.000341566919815, -0.00496531883255, 0.000527823576704, -0.000662245322019, 0.00110595906153, -0.00594464223832, 0.0214726887643, -0.0100571429357, 0.00514143705368, 0.000552165671252, -3.98950542149e-05], [-0.000635959149804, 0.00190583209042, -0.00321692647412, 0.00432104850188, -0.00148742843885, -6.08827067481e-05, -0.000947355525568, 0.00212239124812, -0.0100571429357, 0.0284567661583, -0.0121031114832, 0.00398887414485, -0.00189185782801], [0.00096340617165, -0.00362897547893, 0.00175147131085, -0.00477971369401, 0.00160317670088, -0.00244981795549, 0.00133439211641, -0.00102914532181, 0.00514143705368, -0.0121031114832, 0.0312091596425, -0.0139304297045, 0.0107573494315], [-0.000644051993731, 0.00330034713261, -0.00201562303118, 0.000609672511928, -0.00183241569903, 0.00258863694035, -0.00397756742314, 0.00113029719796, 0.000552165671252, 0.00398887414485, -0.0139304297045, 0.0355294048786, -0.0148100368679], [0.000829974131193, -0.00290678464808, -0.000466554571176, -0.00228758016601, 0.00118342693895, -0.000699682626873, 0.00127445301041, 0.00244320533238, -3.98950542149e-05, -0.00189185782801, 0.0107573494315, -0.0148100368679, 0.0316109471023]], "cov": [[5042.65576172, -215.380996704, 132.287033081, -64.3955612183, -171.565567017, 163.312530518, -73.5649414062, 48.8941574097, -139.738754272, 40.2081451416, -93.0102844238, 5.06121015549, -109.434799194], [-215.380996704, 816.567077637, -322.624206543, 59.0923690796, 65.322845459, -72.0692596436, 45.2180557251, -26.9499015808, 46.457195282, -47.9615974426, 60.2816886902, -42.3507080078, 33.3086357117], [132.287033081, -322.624206543, 567.311462402, -161.954315186, 92.0551834106, 55.9515724182, -7.54080200195, 59.1478233337, -13.1083421707, 85.2645339966, -42.5883636475, 36.6111907959, -6.23047733307], [-64.3955612183, 59.0923690796, -161.954315186, 326.26965332, -72.6416702271, -12.570605278, 18.3660793304, -29.5843887329, 49.1830863953, -38.5440979004, 42.3723297119, 6.7494726181, 18.8306827545], [-171.565567017, 65.322845459, 92.0551834106, -72.6416702271, 240.800674438, -1.45644056797, 22.7401752472, 47.739944458, 11.5850458145, 24.1540203094, -4.92125034332, 5.46036958694, -1.34741997719], [163.312530518, -72.0692596436, 55.9515724182, -12.570605278, -1.45644056797, 179.153884888, 29.1893806458, 8.18672657013, -1.73828554153, 18.3877277374, 4.93642282486, -1.34658396244, -10.0010557175], [-73.5649414062, 45.2180557251, -7.54080200195, 18.3660793304, 22.7401752472, 29.1893806458, 109.65322876, 29.3319091797, 11.7398700714, 1.8385720253, 10.2723846436, 8.10016155243, 0.838277816772], [48.8941574097, -26.9499015808, 59.1478233337, -29.5843887329, 47.739944458, 8.18672657013, 29.3319091797, 101.911727905, 22.2537460327, 14.4866704941, -6.02253961563, -0.606858193874, -13.0349760056], [-139.738754272, 46.457195282, -13.1083421707, 49.1830863953, 11.5850458145, -1.73828554153, 11.7398700714, 22.2537460327, 77.9714431763, 15.5867490768, 6.5645570755, -5.45893383026, 4.88092756271], [40.2081451416, -47.9615974426, 85.2645339966, -38.5440979004, 24.1540203094, 18.3877277374, 1.8385720253, 14.4866704941, 15.5867490768, 63.3917579651, 8.9724149704, 3.96133732796, -6.0718126297], [-93.0102844238, 60.2816886902, -42.5883636475, 42.3723297119, -4.92125034332, 4.93642282486, 10.2723846436, -6.02253961563, 6.5645570755, 8.9724149704, 59.3684997559, 10.8877925873, -3.78918910027], [5.06121015549, -42.3507080078, 36.6111907959, 6.7494726181, 5.46036958694, -1.34658396244, 8.10016155243, -0.606858193874, -5.45893383026, 3.96133732796, 10.8877925873, 45.2771987915, 14.225481987], [-109.434799194, 33.3086357117, -6.23047733307, 18.8306827545, -1.34741997719, -10.0010557175, 0.838277816772, -13.0349760056, 4.88092756271, -6.0718126297, -3.78918910027, 14.225481987, 47.2413520813]]}, "spectral_energyband_middle_low": {"dmean2": 0.00920417904854, "median": 0.0104722138494, "min": 2.08478064817e-22, "dvar2": 0.000264975358732, "dvar": 9.58892997005e-05, "dmean": 0.00530327716842, "max": 0.0971244946122, "var": 8.42272202135e-05, "mean": 0.0123324813321}, "melbands_crest": {"dmean2": 5.13903284073, "median": 14.8995752335, "min": 1.85672032833, "dvar2": 23.2157287598, "dvar": 8.0417432785, "dmean": 3.04313373566, "max": 38.9626960754, "var": 15.2528123856, "mean": 15.2454614639}, "spectral_kurtosis": {"dmean2": 2.55551719666, "median": 5.76855564117, "min": -1.17903959751, "dvar2": 8.59429550171, "dvar": 3.02247714996, "dmean": 1.5265532732, "max": 41.3038864136, "var": 7.69696617126, "mean": 6.04506015778}, "spectral_rms": {"dmean2": 0.00140595296398, "median": 0.00521854218096, "min": 3.16904662234e-12, "dvar2": 3.07515369968e-06, "dvar": 1.12734403501e-06, "dmean": 0.000834612699691, "max": 0.0109308846295, "var": 1.77298079507e-06, "mean": 0.00532172527164}, "zerocrossingrate": {"dmean2": 0.0105063682422, "median": 0.05810546875, "min": 0.00732421875, "dvar2": 0.000132641347591, "dvar": 9.29796806304e-05, "dmean": 0.00830591376871, "max": 0.529296875, "var": 0.00096846051747, "mean": 0.061716414988}, "silence_rate_60dB": {"dmean2": 0.00265604257584, "median": 0, "min": 0, "dvar2": 0.00331356120296, "dvar": 0.00132625282276, "dmean": 0.00132787425537, "max": 1, "var": 0.00681159971282, "mean": 0.00685992464423}, "erbbands_kurtosis": {"dmean2": 1.47525894642, "median": -0.0886381864548, "min": -1.72123968601, "dvar2": 9.3443813324, "dvar": 3.48081469536, "dmean": 0.905079782009, "max": 135.141860962, "var": 20.5598335266, "mean": 0.653148412704}, "erbbands": {"dmean2": [0.0928377360106, 1.74892556667, 7.34649515152, 9.9662065506, 15.5131454468, 24.5482578278, 10.936583519, 6.40572214127, 7.02579116821, 13.1652545929, 13.2638731003, 12.7506532669, 16.7741794586, 11.0769462585, 11.1644248962, 14.0390625, 14.1610851288, 28.0538864136, 23.7147674561, 24.2664928436, 36.2531852722, 46.0130195618, 41.8326683044, 22.659702301, 12.8828659058, 8.66061687469, 6.72486400604, 4.5998711586, 3.30657172203, 2.66372036934, 1.88147759438, 1.17899215221, 0.650975167751, 0.441958725452, 0.285365641117, 0.130795523524, 0.0486050061882, 0.0159457530826, 0.00285587459803, 0.000127856328618], "median": [0.0306648463011, 0.708082973957, 4.80404186249, 10.5683279037, 14.053691864, 7.28487730026, 4.42423725128, 3.91231012344, 4.35044240952, 7.02021884918, 5.93399381638, 6.27883243561, 7.58710384369, 6.77337646484, 7.08961343765, 8.70416736603, 9.67686843872, 17.979598999, 19.7583885193, 23.0803642273, 36.6979751587, 50.0643463135, 45.7589569092, 22.7907962799, 11.1598777771, 6.87316656113, 4.58059883118, 2.56549596786, 1.47275829315, 1.17924153805, 0.866239070892, 0.591362118721, 0.419408321381, 0.327376842499, 0.208193063736, 0.0920579135418, 0.0300620626658, 0.00803750380874, 0.00117007980589, 8.6813881353e-05], "min": [6.3474045597e-22, 4.1485813828e-21, 1.79723034185e-20, 2.78428929562e-20, 3.17435600699e-20, 8.62613475703e-20, 9.66663167863e-20, 2.7072166128e-19, 2.50727516802e-19, 3.48470021415e-19, 1.28433490278e-18, 2.25862555477e-18, 1.38461783415e-18, 1.68505924181e-18, 9.60424726779e-19, 2.90491913815e-18, 4.34484805832e-18, 7.83794989425e-18, 4.61509706342e-18, 4.44095569215e-18, 4.94928423475e-18, 7.74068503474e-18, 1.01646724726e-17, 1.59333647172e-17, 9.5784512268e-18, 1.33785255783e-17, 1.8265425092e-17, 1.68453478862e-17, 2.4870900689e-17, 2.17758902762e-17, 1.85387768516e-17, 1.8521081804e-17, 1.50061581163e-17, 1.62899755142e-17, 8.01422952741e-18, 7.03330747184e-18, 2.6105698123e-18, 1.10221558129e-18, 3.73318320221e-19, 3.48043125133e-20], "dvar2": [0.0246535781771, 9.47657299042, 137.80657959, 164.083648682, 547.90637207, 4031.31396484, 491.98147583, 123.086349487, 155.418807983, 575.632385254, 720.642456055, 656.397827148, 1148.23669434, 412.858856201, 397.942474365, 829.010253906, 651.052062988, 2748.63842773, 1464.41052246, 1083.68481445, 2485.43017578, 3397.72998047, 3098.93701172, 1185.87243652, 440.249267578, 175.396057129, 141.935546875, 96.684677124, 55.3010025024, 35.8252754211, 19.9540863037, 7.19592666626, 3.24947786331, 1.93472850323, 0.459749162197, 0.0853762477636, 0.0169528704137, 0.00129896728322, 3.1080446206e-05, 5.36782991389e-08], "dvar": [0.00996110308915, 3.31639885902, 47.0303878784, 57.4405517578, 196.247467041, 1439.71984863, 174.481033325, 47.7233810425, 58.4918403625, 223.04850769, 297.739074707, 281.60055542, 476.223754883, 175.792510986, 178.682296753, 369.821868896, 293.91217041, 1162.86315918, 612.780395508, 471.652984619, 1049.65014648, 1425.3704834, 1233.25415039, 510.138763428, 191.820510864, 74.1926651001, 58.8745574951, 44.4927902222, 25.4526405334, 16.7546691895, 9.4594745636, 3.3807849884, 1.70503163338, 1.05592417717, 0.262318134308, 0.0468131639063, 0.00867817271501, 0.000618849531747, 1.40052497954e-05, 2.49279388242e-08], "dmean": [0.0562435984612, 0.990351378918, 4.22427940369, 5.85928010941, 9.06084156036, 13.7585783005, 6.35289621353, 3.94643425941, 4.18011236191, 7.90021657944, 8.03379535675, 7.90415620804, 10.3149185181, 6.72393894196, 7.00714683533, 8.78252315521, 8.91159820557, 17.2775630951, 14.7466907501, 15.251080513, 22.3681163788, 28.2916946411, 25.7005157471, 14.1900005341, 8.23927974701, 5.45481348038, 4.14245462418, 2.94896554947, 2.14675593376, 1.71461606026, 1.21851599216, 0.780770838261, 0.446282833815, 0.297196090221, 0.192444309592, 0.0863229185343, 0.0322536788881, 0.0105426898226, 0.00184261321556, 8.36874824017e-05], "max": [1.00527346134, 15.1467952728, 63.4776229858, 82.5642471313, 129.124588013, 388.596221924, 182.369720459, 115.526420593, 135.014633179, 259.14932251, 252.505783081, 522.818054199, 434.136016846, 481.493469238, 315.864715576, 956.927734375, 786.194213867, 1204.14819336, 770.44317627, 468.102508545, 1030.71936035, 818.303894043, 670.614074707, 575.209960938, 294.061340332, 130.129852295, 167.517608643, 219.146224976, 146.293319702, 122.726264954, 104.614784241, 50.1699943542, 45.3794288635, 39.3342857361, 17.7779350281, 7.031270504, 3.40056586266, 0.739082038403, 0.0822153612971, 0.00308689358644], "var": [0.0115320887417, 2.89921402931, 42.5031814575, 85.2020645142, 247.463546753, 941.927001953, 170.537307739, 75.3071899414, 72.6333084106, 344.094268799, 520.510253906, 1299.81066895, 1668.29785156, 590.217041016, 493.330047607, 960.997802734, 993.751586914, 4421.71923828, 1671.06677246, 1303.80212402, 3366.83984375, 4560.79052734, 4093.22460938, 1437.37023926, 514.136047363, 156.002441406, 95.0520324707, 79.9152526855, 51.3549423218, 35.5878257751, 18.3050460815, 8.2731218338, 3.51001667976, 1.87410342693, 0.511084139347, 0.0957530885935, 0.014638248831, 0.00100764562376, 2.18644854613e-05, 4.07080555931e-08], "mean": [0.0709148272872, 1.26977133751, 6.5574426651, 12.782160759, 18.2782764435, 14.9250183105, 8.64178943634, 6.63097429276, 6.85294771194, 12.5566034317, 12.6164970398, 16.1920089722, 20.192522049, 12.6213302612, 13.5438709259, 17.5208244324, 19.2987823486, 35.676486969, 31.2406635284, 34.1447753906, 53.2866744995, 70.5916442871, 64.9019699097, 34.3814582825, 18.3779315948, 11.4382581711, 7.84786272049, 5.36056852341, 3.92772650719, 3.25696372986, 2.32771134377, 1.6291564703, 0.949083447456, 0.612351119518, 0.368601769209, 0.16212400794, 0.057620678097, 0.0178434010595, 0.00287189125083, 0.000154362554895]}, "spectral_strongpeak": {"dmean2": 0.594399154186, "median": 0.387053519487, "min": 0, "dvar2": 1.46260774136, "dvar": 0.534034311771, "dmean": 0.333727627993, "max": 10.4892168045, "var": 0.581800580025, "mean": 0.564424037933}, "spectral_energy": {"dmean2": 0.0180140957236, "median": 0.0279140081257, "min": 1.02939274889e-20, "dvar2": 0.000655515992548, "dvar": 0.000237036088947, "dmean": 0.0104479314759, "max": 0.122471340001, "var": 0.000248019117862, "mean": 0.0308462139219}, "average_loudness": 0.968444883823, "spectral_rolloff": {"dmean2": 870.03137207, "median": 1658.05664062, "min": 21.533203125, "dvar2": 1243217, "dvar": 517005.15625, "dmean": 510.760498047, "max": 18367.8222656, "var": 1608106.75, "mean": 1682.86022949}, "spectral_centroid": {"dmean2": 370.323608398, "median": 1540.77648926, "min": 319.314758301, "dvar2": 126225.960938, "dvar": 55283.7070312, "dmean": 231.502059937, "max": 11468.1142578, "var": 282160.0625, "mean": 1567.6607666}, "pitch_salience": {"dmean2": 0.114775925875, "median": 0.575181007385, "min": 0.061833076179, "dvar2": 0.0106880022213, "dvar": 0.00388930784538, "dmean": 0.069335848093, "max": 0.877335608006, "var": 0.00924490951002, "mean": 0.568630456924}, "spectral_energyband_middle_high": {"dmean2": 0.00244042044505, "median": 0.00546160433441, "min": 1.28815588752e-21, "dvar2": 8.16745978227e-06, "dvar": 3.68088490177e-06, "dmean": 0.00158092624042, "max": 0.0308548975736, "var": 1.79615271918e-05, "mean": 0.00657210219651}, "spectral_contrast_coeffs": {"dmean2": [0.0870077311993, 0.0693316236138, 0.0563844032586, 0.0466646254063, 0.0392074137926, 0.0277526415884], "median": [-0.600091695786, -0.783767580986, -0.810481369495, -0.798750281334, -0.766086935997, -0.76343357563], "min": [-0.954195201397, -0.960534632206, -0.958452939987, -0.955894947052, -0.96251553297, -0.960695505142], "dvar2": [0.0056217033416, 0.00296839512885, 0.00193998147734, 0.001330950181, 0.00099968619179, 0.000640087586362], "dvar": [0.00200823694468, 0.00108479754999, 0.000723359407857, 0.000501713948324, 0.000396705581807, 0.000267838448053], "dmean": [0.0519252829254, 0.0415567867458, 0.0339247882366, 0.0280512906611, 0.0241875313222, 0.0174819342792], "max": [-0.249896153808, -0.543538987637, -0.535850286484, -0.404203951359, -0.580517351627, -0.634287893772], "var": [0.00453821336851, 0.00288313464262, 0.00300983269699, 0.00203618826345, 0.00162546045613, 0.00146408565342], "mean": [-0.596662461758, -0.778687655926, -0.799883246422, -0.790729641914, -0.761413276196, -0.762798368931]}, "melbands_skewness": {"dmean2": 1.22246956825, "median": 2.83296537399, "min": -6.54704380035, "dvar2": 1.69413614273, "dvar": 0.61138677597, "dmean": 0.738368630409, "max": 9.63809013367, "var": 1.77530670166, "mean": 2.9520983696}, "spectral_spread": {"dmean2": 572865.9375, "median": 3821998, "min": 1209344, "dvar2": 477184786432, "dvar": 308279083008, "dmean": 388032.5625, "max": 40349164, "var": 1372196831230.0, "mean": 3916393.25}, "dissonance": {"dmean2": 0.0138207497075, "median": 0.487657994032, "min": 0.402521818876, "dvar2": 0.000186112636584, "dvar": 6.66813066346e-05, "dmean": 0.00812279619277, "max": 0.500000119209, "var": 0.000137570939842, "mean": 0.484769046307}, "spectral_skewness": {"dmean2": 0.306556850672, "median": 1.58218932152, "min": -0.0536882169545, "dvar2": 0.0976375117898, "dvar": 0.0377724394202, "dmean": 0.189591959119, "max": 4.66664934158, "var": 0.178474411368, "mean": 1.61554086208}, "spectral_flux": {"dmean2": 0.0407370850444, "median": 0.0799505338073, "min": 1.01458993984e-10, "dvar2": 0.00184338889085, "dvar": 0.000994184636511, "dmean": 0.0259611364454, "max": 0.272914767265, "var": 0.0020067144651, "mean": 0.0902586951852}, "spectral_contrast_valleys": {"dmean2": [0.68198877573, 0.558495819569, 0.485972344875, 0.394177019596, 0.331914067268, 0.320870369673], "median": [-6.77659988403, -6.64167118073, -7.10961723328, -7.04262542725, -6.91324996948, -9.99475383759], "min": [-27.8161582947, -27.277299881, -27.6114215851, -27.1831226349, -27.2890625, -27.2668056488], "dvar2": [0.337506562471, 0.232783675194, 0.174660086632, 0.117065511644, 0.114742159843, 0.155083462596], "dvar": [0.133831530809, 0.100236475468, 0.0755150765181, 0.0562806464732, 0.0650383159518, 0.0897104889154], "dmean": [0.40793210268, 0.33977112174, 0.295704931021, 0.244485452771, 0.220628499985, 0.228521302342], "max": [-5.10902309418, -4.53062105179, -5.29976463318, -5.54402828217, -5.6000995636, -7.79461193085], "var": [0.785631656647, 0.600314557552, 0.579044401646, 0.566231966019, 0.555127501488, 0.760033249855], "mean": [-6.86659860611, -6.67004537582, -7.13565683365, -7.09779453278, -6.97907400131, -10.0711374283]}, "erbbands_flatness_db": {"dmean2": 0.0203791335225, "median": 0.136076748371, "min": 0.0513869635761, "dvar2": 0.000371200294467, "dvar": 0.000180400078534, "dmean": 0.0136282909662, "max": 0.547108888626, "var": 0.00144383893348, "mean": 0.140450611711}, "spectral_energyband_high": {"dmean2": 0.000385034654755, "median": 0.000361656013411, "min": 7.92596869689e-21, "dvar2": 5.58528142847e-07, "dvar": 2.76724136938e-07, "dmean": 0.00026284638443, "max": 0.0127128977329, "var": 6.36771858353e-07, "mean": 0.000637346471194}, "spectral_entropy": {"dmean2": 0.150852158666, "median": 7.66195011139, "min": 4.58631515503, "dvar2": 0.0218345988542, "dvar": 0.0113463643938, "dmean": 0.101602554321, "max": 9.79708003998, "var": 0.0696348100901, "mean": 7.66374444962}, "silence_rate_20dB": {"dmean2": 0, "median": 1, "min": 1, "dvar2": 0, "dvar": 0, "dmean": 0, "max": 1, "var": 0, "mean": 1}, "melbands_flatness_db": {"dmean2": 0.035729970783, "median": 0.193320587277, "min": 0.00633737863973, "dvar2": 0.00119848619215, "dvar": 0.000461469084257, "dmean": 0.0225634928793, "max": 0.467333704233, "var": 0.00211123912595, "mean": 0.195086315274}, "barkbands": {"dmean2": [0.000145741854794, 0.00615876773372, 0.00722019281238, 0.00345125584863, 0.00623926566914, 0.000792754639406, 0.000590833369642, 0.000737804104574, 0.000617029436398, 0.000495114305522, 0.000254288490396, 0.000388960907003, 0.000335012562573, 0.000603121588938, 0.000467517558718, 0.000638298748527, 0.000860696134623, 0.000730554049369, 0.00034852346289, 0.000187057652511, 0.000139335810672, 9.00113664102e-05, 7.06963910488e-05, 4.30597101513e-05, 3.77504366043e-05, 2.69841566478e-05, 1.6022591808e-05], "median": [2.84340821963e-05, 0.00247463397682, 0.00511538330466, 0.00351437740028, 0.00334493536502, 0.00048048683675, 0.000338413199643, 0.000280316395219, 0.000284931913484, 0.000210149257327, 0.000138262228575, 0.000221371359657, 0.000189678292372, 0.000399394368287, 0.000344773579855, 0.000573872181121, 0.000855405582115, 0.00073407770833, 0.000286163645796, 0.000150699925143, 8.48374766065e-05, 3.88859298255e-05, 3.27140623995e-05, 2.6700889066e-05, 3.0625553336e-05, 1.84753625945e-05, 6.78840433466e-06], "min": [2.54185009609e-23, 1.74687709658e-23, 1.41642342115e-23, 9.78929051725e-24, 2.30870225555e-23, 2.15971703836e-23, 1.85337694754e-23, 3.35815878542e-23, 9.86035804957e-23, 4.67025061869e-23, 3.90382113108e-23, 5.76419148832e-23, 9.25932303261e-23, 1.45183791154e-22, 8.33365660703e-23, 7.97246496644e-23, 1.59536591521e-22, 2.60106575061e-22, 1.72303251354e-22, 2.88377784805e-22, 4.46235061852e-22, 7.70983423843e-22, 5.67069821819e-22, 8.24049705662e-22, 1.37418226733e-21, 1.60858326074e-21, 2.50643641981e-21], "dvar2": [6.03226482099e-08, 0.000113763817353, 0.000116482900921, 1.8091273887e-05, 0.000189785932889, 1.77754316155e-06, 1.02360809251e-06, 2.27160330724e-06, 1.39270537147e-06, 8.38727999053e-07, 2.33234288771e-07, 5.60297280572e-07, 4.167222869e-07, 1.08885342343e-06, 5.21093113548e-07, 7.62390982345e-07, 1.12298357635e-06, 9.83296331469e-07, 2.84482155166e-07, 8.63970441856e-08, 6.77614693245e-08, 4.2056871763e-08, 2.81975598426e-08, 1.11580993334e-08, 1.14362901371e-08, 4.37390879071e-09, 9.98607641023e-10], "dvar": [2.29875976032e-08, 4.06250328524e-05, 3.99134332838e-05, 6.18917283646e-06, 6.81674355292e-05, 6.72481064612e-07, 3.79714379051e-07, 9.02617159682e-07, 5.98244241701e-07, 3.23945869241e-07, 1.01732076985e-07, 2.42752406621e-07, 1.87298184073e-07, 4.61834190446e-07, 2.22137330752e-07, 3.15607138646e-07, 4.68373116291e-07, 3.91579703773e-07, 1.25992812627e-07, 3.62819676525e-08, 3.00153395472e-08, 1.92146281108e-08, 1.32153052945e-08, 5.73577674245e-09, 6.47982778545e-09, 2.33978836306e-09, 4.52483522873e-10], "dmean": [8.66110276547e-05, 0.00353040196933, 0.00419631134719, 0.00201039901003, 0.00355973211117, 0.000480340328068, 0.000350690155756, 0.000443393655587, 0.000385685998481, 0.000298148952425, 0.000156899521244, 0.000242030335357, 0.000209492223803, 0.000369299959857, 0.000291887379717, 0.000391412497265, 0.000528084230609, 0.000447578117019, 0.000218160712393, 0.000117210329336, 8.72040982358e-05, 5.81779786444e-05, 4.59082184534e-05, 2.9496364732e-05, 2.58090676653e-05, 1.80750666914e-05, 1.04158734757e-05], "max": [0.00189110264182, 0.0557820796967, 0.0607634335756, 0.0266821086407, 0.081535577774, 0.0126643599942, 0.0144381513819, 0.0152644859627, 0.0165332444012, 0.0126530192792, 0.0072846673429, 0.0190357044339, 0.0145997935906, 0.0206931438297, 0.0124653792009, 0.0149784954265, 0.0115404194221, 0.0111629851162, 0.00775040779263, 0.00249469582923, 0.00486651156098, 0.0046987561509, 0.0038669584319, 0.00243856455199, 0.00300905038603, 0.00168923242018, 0.000504786905367], "var": [2.48000766589e-08, 3.84481754736e-05, 4.01565630455e-05, 8.89077819011e-06, 5.08476477989e-05, 9.50446406023e-07, 4.95306380799e-07, 1.52832797085e-06, 2.87272268906e-06, 7.61921626236e-07, 2.13998902154e-07, 6.93691504239e-07, 5.03572664456e-07, 1.50493747242e-06, 6.39552013126e-07, 9.2409015906e-07, 1.36093592573e-06, 1.23187510326e-06, 3.45199538287e-07, 7.20399029319e-08, 5.26123322686e-08, 3.90021597241e-08, 2.54057095361e-08, 1.41769227469e-08, 1.21043477463e-08, 4.40208713925e-09, 7.28634208524e-10], "mean": [9.01563616935e-05, 0.00453750509769, 0.00674603879452, 0.00420737313107, 0.00516707310453, 0.000793016166426, 0.000537581043318, 0.00