{"tonal": {"thpcp": [1, 0.642613828182, 0.179563477635, 0.124683193862, 0.113408878446, 0.228720203042, 0.345685750246, 0.279558330774, 0.299725443125, 0.30425325036, 0.164811864495, 0.267211377621, 0.376985251904, 0.222102805972, 0.290023177862, 0.450577050447, 0.279477804899, 0.115604169667, 0.108318783343, 0.126720920205, 0.495202690363, 0.876056492329, 0.53917580843, 0.187495067716, 0.182733625174, 0.125391289592, 0.185687333345, 0.288930058479, 0.216029182076, 0.241427287459, 0.34692800045, 0.243623271585, 0.203997984529, 0.28430172801, 0.250059604645, 0.568540930748], "hpcp": {"dmean2": [0.281618118286, 0.22216668725, 0.134546786547, 0.10265699029, 0.0949182808399, 0.119039513171, 0.145514145494, 0.138389021158, 0.156687662005, 0.183283880353, 0.162619277835, 0.152117878199, 0.14951634407, 0.158526018262, 0.242339879274, 0.281910151243, 0.244062408805, 0.147168681026, 0.123406685889, 0.117513164878, 0.135394096375, 0.174488857388, 0.188863351941, 0.240106359124, 0.187822654843, 0.10259629786, 0.138723820448, 0.163921058178, 0.116678521037, 0.139221221209, 0.178048282862, 0.142736822367, 0.100317724049, 0.0988901033998, 0.111914999783, 0.206811144948], "median": [0.236587166786, 0.145583167672, 0.0196279417723, 0.00770453223959, 0.00921103078872, 0.0177557375282, 0.0219954159111, 0.0210622698069, 0.025389701128, 0.0244332514703, 0.0208362564445, 0.0203841719776, 0.0206666439772, 0.0271000918001, 0.174792423844, 0.319445043802, 0.189415067434, 0.0276673063636, 0.00863835401833, 0.00946612749249, 0.031061289832, 0.0524810031056, 0.0471160635352, 0.0285998135805, 0.0224173143506, 0.0233810860664, 0.038131698966, 0.0416898727417, 0.0291929338127, 0.0303535759449, 0.037785474211, 0.0306049119681, 0.0124611798674, 0.00807290803641, 0.0151039650664, 0.128885284066], "min": [0, 0, 0, 0, 0, 0, 0, 0, 0, 0, 0, 0, 0, 0, 0, 0, 0, 0, 0, 0, 0, 0, 0, 0, 0, 0, 0, 0, 0, 0, 0, 0, 0, 0, 0, 0], "dvar2": [0.101942233741, 0.068350315094, 0.0658138915896, 0.0527192354202, 0.0450501553714, 0.0525873936713, 0.0673705562949, 0.0628599002957, 0.070737272501, 0.0910199806094, 0.0732126608491, 0.0778100937605, 0.0787993296981, 0.0680664256215, 0.0801929682493, 0.114836394787, 0.0806472599506, 0.0707952678204, 0.0829095989466, 0.0728222355247, 0.0531368404627, 0.0700955241919, 0.0722334235907, 0.142612412572, 0.0820856168866, 0.0336570292711, 0.0494030676782, 0.0680920407176, 0.0361672416329, 0.0491727404296, 0.0771089568734, 0.0586732327938, 0.0540442839265, 0.0570467449725, 0.0558879114687, 0.0632652789354], "dvar": [0.045319724828, 0.0266793817282, 0.023377796635, 0.0207300074399, 0.0159303843975, 0.0198768675327, 0.0275040809065, 0.0236299727112, 0.0264164246619, 0.0360415019095, 0.0275006573647, 0.0283429473639, 0.0299008004367, 0.0256263762712, 0.0315792746842, 0.0494594573975, 0.0319535396993, 0.0255939625204, 0.0293887406588, 0.0255690291524, 0.0207327697426, 0.0292364042252, 0.027281716466, 0.0518334023654, 0.0334173366427, 0.0126353316009, 0.018385509029, 0.0276056919247, 0.0137290311977, 0.0200922302902, 0.0342538692057, 0.0227414406836, 0.0198806747794, 0.0209027212113, 0.0203323364258, 0.0248317141086], "dmean": [0.17108386755, 0.133648484945, 0.076244071126, 0.0601428337395, 0.0534231327474, 0.0697611495852, 0.0863917320967, 0.0805016309023, 0.0905297249556, 0.107092037797, 0.0935876592994, 0.0855397135019, 0.0840994864702, 0.0910759866238, 0.146789968014, 0.169001370668, 0.148842900991, 0.0826933309436, 0.0676967054605, 0.0648250505328, 0.0807317048311, 0.10583101213, 0.108825989068, 0.133896440268, 0.10850418359, 0.0600189901888, 0.0816744193435, 0.0985482335091, 0.0694484338164, 0.0842250734568, 0.10825920105, 0.0858787074685, 0.0563987493515, 0.0555732771754, 0.0629097744823, 0.125703051686], "max": [1, 1, 1, 1, 1, 1, 1, 1, 1, 1, 1, 1, 1, 1, 1, 1, 1, 1, 1, 1, 1, 1, 1, 1, 1, 1, 1, 1, 1, 1, 1, 1, 1, 1, 1, 1], "var": [0.133800193667, 0.0580992698669, 0.0266896523535, 0.0409897342324, 0.0173069946468, 0.0252479184419, 0.0600699223578, 0.0314356051385, 0.0357785858214, 0.0733452737331, 0.0378101281822, 0.0326910950243, 0.0678940340877, 0.0418321006, 0.0631291642785, 0.157769754529, 0.0788351371884, 0.0220975056291, 0.0213008001447, 0.0181982629001, 0.0306885335594, 0.0578577406704, 0.0356274098158, 0.0541025400162, 0.0580440051854, 0.016448808834, 0.0322409458458, 0.0713756009936, 0.0241271853447, 0.0427264198661, 0.0951778143644, 0.0408558622003, 0.0171426963061, 0.0180467236787, 0.0165806151927, 0.0513803735375], "mean": [0.3934006989, 0.242121517658, 0.0841962695122, 0.0820581018925, 0.0563080385327, 0.0833844915032, 0.12974652648, 0.0970097631216, 0.108415000141, 0.155790999532, 0.109401121736, 0.0916070491076, 0.127668127418, 0.112291418016, 0.255308181047, 0.449058592319, 0.28857126832, 0.0806345194578, 0.0559900589287, 0.0509272329509, 0.102708771825, 0.155233159661, 0.12553806603, 0.134594291449, 0.136627539992, 0.0740101858974, 0.119993560016, 0.169288471341, 0.099737174809, 0.130237400532, 0.202335491776, 0.125501915812, 0.0519130453467, 0.0486414805055, 0.0569051206112, 0.222375020385]}, "tuning_equal_tempered_deviation": 0.00837778300047, "chords_changes_rate": 0.0500932969153, "key_key": "D", "tuning_diatonic_strength": 0.565540373325, "key_scale": "major", "chords_number_rate": 0.00157887185924, "tuning_frequency": 441.272583008, "tuning_nontempered_energy_ratio": 0.638160943985, "chords_histogram": [8.02353954315, 7.47811126709, 1.1913305521, 0.114827044308, 0, 0, 0, 0, 0.215300709009, 0, 0, 0, 0, 0.143533796072, 0, 6.51643466949, 2.00947332382, 28.620639801, 5.43993091583, 13.9801921844, 2.5692551136, 0.25836083293, 10.7506818771, 12.6883878708], "key_strength": 0.776195824146, "chords_key": "D", "chords_strength": {"dmean2": 0.00676509412006, "median": 0.520728945732, "min": 0.261749655008, "dvar2": 3.76583302568e-05, "dvar": 4.76419299957e-05, "dmean": 0.00809890218079, "max": 0.728223145008, "var": 0.00782584305853, "mean": 0.521767616272}, "chords_scale": "minor", "hpcp_entropy": {"dmean2": 0.968268632889, "median": 1.70549380779, "min": 0, "dvar2": 0.639392077923, "dvar": 0.245233207941, "dmean": 0.577626466751, "max": 4.39406919479, "var": 0.467354506254, "mean": 1.68080210686}}, "metadata": {"audio_properties": {"equal_loudness": 0, "codec": "mp3", "downmix": "mix", "sample_rate": 44100, "analysis_sample_rate": 44100, "bit_rate": 128000, "md5_encoded": "b27d5a6bb837ec8edef1c5a0300e893d", "length": 323.500396729, "replay_gain": -12.9315357208, "lossless": false}, "version": {"essentia_build_sha": "70f2e5ece6736b2c40cc944ad0e695b16b925413", "essentia": "2.1-beta2", "extractor": "music 1.0", "essentia_git_sha": "v2.1_beta2"}, "tags": {"title": ["Save a Prayer"], "barcode": ["724353490225"], "media": ["CD"], "albumartist": ["Various Artists"], "musicbrainz_recordingid": ["02f16fa2-966c-45de-8c14-fb69f02e50cc"], "encoding": ["Audiograbber 1.81.02, LAME dll 3.93, 128 Kbit/s, Stereo, Normal quality"], "musicbrainz_albumartistid": ["89ad4ac3-39f7-470e-963a-56509c546377"], "discnumber": ["2/3"], "album": ["Greatest Love: 54 Timeless Love Songs"], "catalognumber": ["TESCO01"], "musicbrainz album type": ["album/compilation"], "musicbrainz album status": ["promotion"], "file_name": "Save a Prayer - Duran Duran.mp3", "date": ["2001"], "genre": ["Ballad"], "musicbrainz_releasegroupid": ["ccefc9c6-f425-4612-9532-d3b8543129a4"], "script": ["Latn"], "originaldate": ["2001"], "musicbrainz_albumid": ["d64493ec-d9dd-4316-a5c5-1a99d1163499"], "artist": ["Duran Duran"], "artistsort": ["Duran Duran"], "tracknumber": ["9/18"], "musicbrainz album release country": ["GB"], "albumartistsort": ["Various Artists"], "musicbrainz_artistid": ["1a1cd7f3-e5df-4eca-bae2-2757c9e656b5"]}}, "rhythm": {"bpm_histogram_first_peak_bpm": {"dmean2": 0, "median": 112, "min": 112, "dvar2": 0, "dvar": 0, "dmean": 0, "max": 112, "var": 0, "mean": 112}, "bpm": 113.389717102, "bpm_histogram_second_peak_spread": {"dmean2": 0, "median": 0, "min": 0, "dvar2": 0, "dvar": 0, "dmean": 0, "max": 0, "var": 0, "mean": 0}, "bpm_histogram_first_peak_weight": {"dmean2": 0, "median": 0.548440039158, "min": 0.548440039158, "dvar2": 0, "dvar": 0, "dmean": 0, "max": 0.548440039158, "var": 0, "mean": 0.548440039158}, "onset_rate": 3.68456172943, "beats_position": [0.53405892849, 1.09133780003, 1.66022670269, 2.22911548615, 2.7863945961, 3.34367346764, 3.9125623703, 4.48145103455, 5.0387301445, 5.5727891922, 6.10684776306, 6.64090681076, 7.16335582733, 7.6858048439, 8.2198638916, 8.75392246246, 9.27637195587, 9.79882049561, 10.3328800201, 10.866938591, 11.4009971619, 11.9234466553, 12.445895195, 12.9683446884, 13.4907932281, 14.0248527527, 14.5589113235, 15.0813598633, 15.6038093567, 16.1262588501, 16.6487064362, 17.1827659607, 17.7168254852, 18.2508831024, 18.784942627, 19.3190021515, 19.853061676, 20.3871192932, 20.9211788177, 21.43201828, 21.9660758972, 22.5001354218, 23.0225849152, 23.5566444397, 24.0790920258, 24.6131515503, 25.1472110748, 25.6696586609, 26.1921081543, 26.7145576477, 27.2370071411, 27.7710647583, 28.3051242828, 28.8391838074, 29.3616313934, 29.895690918, 30.4181404114, 30.9521980286, 31.4862575531, 32.0203170776, 32.542766571, 33.0768241882, 33.5992736816, 34.1333312988, 34.6673927307, 35.1898422241, 35.7122879028, 36.2347373962, 36.7571868896, 37.2912483215, 37.8253059387, 38.3593635559, 38.8934249878, 39.427482605, 39.9615402222, 40.4956016541, 41.0180473328, 41.5521087646, 42.0861663818, 42.6086158752, 43.1310653687, 43.6535148621, 44.1875724792, 44.7216300964, 45.2556915283, 45.7781410217, 46.3005905151, 46.8230361938, 47.3454856873, 47.8679351807, 48.4019927979, 48.9360542297, 49.4585037231, 49.9925613403, 50.5266189575, 51.0606803894, 51.5831298828, 52.1171875, 52.6396369934, 53.1736946106, 53.7077522278, 54.2302017212, 54.7526512146, 55.275100708, 55.8207702637, 56.3548278809, 56.8772773743, 57.3997268677, 57.9337844849, 58.4678459167, 58.9902954102, 59.5127410889, 60.0468025208, 60.5808601379, 61.1149177551, 61.648979187, 62.1830368042, 62.7054862976, 63.227935791, 63.7619934082, 64.2960510254, 64.8301086426, 65.3525619507, 65.8750076294, 66.409072876, 66.9315185547, 67.4539642334, 67.98802948, 68.5220870972, 69.0445327759, 69.566986084, 70.1010437012, 70.6351013184, 71.1691589355, 71.6916122437, 72.2140579224, 72.7481155396, 73.2589569092, 73.7814025879, 74.303855896, 74.8379135132, 75.3719711304, 75.9060287476, 76.4400863647, 76.9625396729, 77.49659729, 78.0190429688, 78.5531082153, 79.0871658325, 79.6212234497, 80.1552810669, 80.677734375, 81.2001800537, 81.7342376709, 82.2682952881, 82.7907485962, 83.3131942749, 83.8472518921, 84.3813171387, 84.9153747559, 85.4378204346, 85.9602737427, 86.4943313599, 87.0283889771, 87.5624465942, 88.0848999023, 88.6073455811, 89.1297912598, 89.6522445679, 90.1863021851, 90.7203598022, 91.2428131104, 91.7652587891, 92.2993164062, 92.8333740234, 93.36743927, 93.8898849487, 94.4123306274, 94.9347839355, 95.4688415527, 95.9912872314, 96.525352478, 97.0594100952, 97.5818557739, 98.104309082, 98.6383666992, 99.1724243164, 99.7064819336, 100.228935242, 100.762992859, 101.285438538, 101.819496155, 102.341949463, 102.87600708, 103.398452759, 103.932518005, 104.466575623, 105.00063324, 105.523078918, 106.045532227, 106.579589844, 107.113647461, 107.647705078, 108.170158386, 108.692604065, 109.226661682, 109.760726929, 110.283172607, 110.805618286, 111.339683533, 111.87374115, 112.396186829, 112.918640137, 113.452697754, 113.986755371, 114.50920105, 115.031654358, 115.565711975, 116.088157654, 116.6222229, 117.144668579, 117.678726196, 118.212783813, 118.74684906, 119.269294739, 119.791740417, 120.325805664, 120.859863281, 121.38230896, 121.904762268, 122.438819885, 122.972877502, 123.50693512, 124.040992737, 124.575057983, 125.097503662, 125.619949341, 126.154014587, 126.688072205, 127.222129822, 127.7445755, 128.278640747, 128.801086426, 129.335144043, 129.857589722, 130.3800354, 130.914108276, 131.448165894, 131.970611572, 132.493057251, 133.027114868, 133.561172485, 134.072021484, 134.606079102, 135.140136719, 135.674194336, 136.196640015, 136.730697632, 137.253143311, 137.775604248, 138.298049927, 138.832107544, 139.366165161, 139.900222778, 140.434280396, 140.956726074, 141.479187012, 142.013244629, 142.547302246, 143.069747925, 143.592193604, 144.126251221, 144.648712158, 145.171157837, 145.705215454, 146.239273071, 146.773330688, 147.307388306, 147.829833984, 148.352294922, 148.886352539, 149.420410156, 149.954467773, 150.488525391, 151.022583008, 151.545028687, 152.067474365, 152.601531982, 153.12399292, 153.646438599, 154.168884277, 154.691329956, 155.225387573, 155.759460449, 156.293518066, 156.827575684, 157.361633301, 157.895690918, 158.418136597, 158.940582275, 159.474639893, 160.00869751, 160.531158447, 161.053604126, 161.587661743, 162.12171936, 162.644165039, 163.178222656, 163.700683594, 164.234741211, 164.768798828, 165.302856445, 165.836914062, 166.359359741, 166.88180542, 167.404266357, 167.926712036, 168.460769653, 168.994827271, 169.528884888, 170.051330566, 170.573776245, 171.107849121, 171.6302948, 172.152740479, 172.686798096, 173.220855713, 173.75491333, 174.277359009, 174.799819946, 175.333877563, 175.867935181, 176.401992798, 176.936050415, 177.458496094, 177.980941772, 178.515014648, 179.049072266, 179.583129883, 180.1171875, 180.62802124, 181.162078857, 181.684524536, 182.218597412, 182.741043091, 183.275100708, 183.809158325, 184.331604004, 184.854049683, 185.3881073, 185.922180176, 186.456237793, 186.99029541, 187.512741089, 188.035186768, 188.569244385, 189.103302002, 189.637359619, 190.159820557, 190.682266235, 191.216323853, 191.738769531, 192.26121521, 192.783676147, 193.306121826, 193.840179443, 194.374237061, 194.908294678, 195.442352295, 195.976409912, 196.498855591, 197.021316528, 197.555374146, 198.089431763, 198.611877441, 199.13432312, 199.668380737, 200.190841675, 200.713287354, 201.247344971, 201.781402588, 202.315460205, 202.849517822, 203.360351562, 203.8828125, 204.416870117, 204.950927734, 205.473373413, 206.00743103, 206.529876709, 207.052337646, 207.586395264, 208.120452881, 208.654510498, 209.188568115, 209.722625732, 210.245071411, 210.76751709, 211.301589966, 211.824035645, 212.346481323, 212.88053894, 213.402984619, 213.925445557, 214.459503174, 214.993560791, 215.527618408, 216.050064087, 216.584121704, 217.106567383, 217.640625, 218.174682617, 218.708755493, 219.24281311, 219.765258789, 220.287704468, 220.821762085, 221.344207764, 221.866668701, 222.400726318, 222.934783936, 223.468841553, 224.00289917, 224.525344849, 225.047790527, 225.581848145, 226.115921021, 226.649978638, 227.172424316, 227.706481934, 228.240539551, 228.762985229, 229.297042847, 229.819503784, 230.341949463, 230.87600708, 231.410064697, 231.932510376, 232.454956055, 232.977416992, 233.499862671, 234.033920288, 234.567977905, 235.102035522, 235.63609314, 236.170150757, 236.704208374, 237.226669312, 237.74911499, 238.283172607, 238.817230225, 239.339675903, 239.862121582, 240.396179199, 240.930252075, 241.452697754, 241.975143433, 242.50920105, 243.043258667, 243.577316284, 244.099761963, 244.6222229, 245.156280518, 245.690338135, 246.212783813, 246.735229492, 247.269287109, 247.791748047, 248.314193726, 248.848251343, 249.38230896, 249.904754639, 250.427200317, 250.961257935, 251.495330811, 252.017776489, 252.540222168, 253.074279785, 253.608337402, 254.14239502, 254.664840698, 255.187301636, 255.721359253, 256.255401611, 256.789459229, 257.323547363, 257.845977783, 258.368438721, 258.902496338, 259.436553955, 259.970611572, 260.504669189, 261.038726807, 261.572784424, 262.095245361, 262.617675781, 263.140136719, 263.662567139, 264.196624756, 264.730712891, 265.264770508, 265.798828125, 266.321258545, 266.843719482, 267.3777771, 267.911834717, 268.434295654, 268.956726074, 269.479187012, 270.001617432, 270.535675049, 271.069732666, 271.603790283, 272.137878418, 272.671936035, 273.205993652, 273.728424072, 274.25088501, 274.77331543, 275.295776367, 275.829833984, 276.363891602, 276.897949219, 277.420410156, 277.942840576, 278.476898193, 279.010955811, 279.545043945, 280.067474365, 280.589935303, 281.12399292, 281.64642334, 282.168884277, 282.702941895, 283.225402832, 283.747833252, 284.281890869, 284.815948486, 285.350006104, 285.884063721, 286.418121338, 286.952209473, 287.474639893, 287.99710083, 288.51953125, 289.041992188, 289.576049805, 290.110107422, 290.632568359, 291.154998779, 291.689056396, 292.223114014, 292.757171631, 293.291229248, 293.825286865, 294.347747803, 294.87020874, 295.404266357, 295.926696777, 296.449157715, 296.971618652, 297.494049072, 298.028106689, 298.562164307, 299.084625244, 299.607055664, 300.141113281, 300.675201416, 301.209259033, 301.74331665, 302.277374268, 302.811431885, 303.333862305, 303.856323242, 304.37878418, 304.912841797, 305.446899414, 305.969329834, 306.491790771, 307.014221191, 307.536682129, 308.059143066, 308.593200684, 309.127258301, 309.649688721, 310.172149658, 310.717803955, 311.251861572, 311.785949707, 312.308380127, 312.842437744, 313.376495361, 313.898956299, 314.421386719, 314.955444336, 315.489532471, 316.011962891, 316.534423828, 317.068481445, 317.602539062, 318.124969482, 318.64743042, 319.181488037, 319.715545654, 320.238006592, 320.760437012, 321.294494629, 321.828552246, 322.362609863, 322.896697998], "beats_loudness": {"dmean2": 0.0344129130244, "median": 0.0365075357258, "min": 3.45356716025e-06, "dvar2": 0.000617542944383, "dvar": 0.000197454995941, "dmean": 0.0192211046815, "max": 0.116378374398, "var": 0.000406883540563, "mean": 0.0370486304164}, "danceability": 1.14909696579, "bpm_histogram_second_peak_weight": {"dmean2": 0, "median": 0.0082101803273, "min": 0.0082101803273, "dvar2": 0, "dvar": 0, "dmean": 0, "max": 0.0082101803273, "var": 0, "mean": 0.0082101803273}, "beats_count": 610, "bpm_histogram_second_peak_bpm": {"dmean2": 0, "median": 117, "min": 117, "dvar2": 0, "dvar": 0, "dmean": 0, "max": 117, "var": 0, "mean": 117}, "bpm_histogram_first_peak_spread": {"dmean2": 0, "median": 0.44333332777, "min": 0.44333332777, "dvar2": 0, "dvar": 0, "dmean": 0, "max": 0.44333332777, "var": 0, "mean": 0.44333332777}, "beats_loudness_band_ratio": {"dmean2": [0.521275341511, 0.249587282538, 0.289055258036, 0.196423009038, 0.114931762218, 0.0824384912848], "median": [0.341643512249, 0.138705700636, 0.180001407862, 0.106588229537, 0.0531026870012, 0.0359837859869], "min": [0.000601474894211, 0.00159417605028, 0.00349597958848, 0.00467616366223, 0.00180120707955, 0.0020091808401], "dvar2": [0.134917765856, 0.0501855127513, 0.0597480535507, 0.0395843535662, 0.0142316818237, 0.0110510485247], "dvar": [0.0444854237139, 0.016420321539, 0.0205827150494, 0.0137194115669, 0.00503469724208, 0.00374115351588], "dmean": [0.288589179516, 0.141038149595, 0.165767937899, 0.112941272557, 0.0647419393063, 0.0441051051021], "max": [0.932864367962, 0.780867278576, 0.841432332993, 0.791683077812, 0.588793754578, 0.703216075897], "var": [0.0583255961537, 0.0212683845311, 0.0301277320832, 0.0152209065855, 0.00555459503084, 0.00274329376407], "mean": [0.361573278904, 0.183717757463, 0.230243965983, 0.13892108202, 0.0753597170115, 0.0472187548876]}}, "lowlevel": {"barkbands_spread": {"dmean2": 6.84084796906, "median": 17.9169273376, "min": 0.877482712269, "dvar2": 71.0514831543, "dvar": 34.4338760376, "dmean": 4.5850892067, "max": 125.916999817, "var": 118.482002258, "mean": 19.6418819427}, "melbands_spread": {"dmean2": 9.43842887878, "median": 20.2352867126, "min": 1.09796690941, "dvar2": 147.26550293, "dvar": 74.6117019653, "dmean": 6.29564905167, "max": 263.58807373, "var": 267.541656494, "mean": 23.2691555023}, "hfc": {"dmean2": 8.52455615997, "median": 17.4348316193, "min": 1.05928047794e-16, "dvar2": 128.190826416, "dvar": 59.3696784973, "dmean": 5.80785751343, "max": 161.682952881, "var": 281.446289062, "mean": 21.7377605438}, "barkbands_kurtosis": {"dmean2": 3.37126946449, "median": 1.58686685562, "min": -1.926394701, "dvar2": 24.4262657166, "dvar": 9.95588207245, "dmean": 2.12960243225, "max": 90.3449249268, "var": 25.1908779144, "mean": 2.99982619286}, "gfcc": {"mean": [-0.468398422003, 89.1288452148, -132.199050903, 24.5887470245, -73.7644119263, 13.2609138489, -53.2905731201, 8.17309474945, -29.6122226715, 2.35166049004, -18.9036254883, -2.14640426636, -11.7230072021], "icov": [[0.000259014108451, -0.000532752368599, 0.000350172427716, -0.000592762080487, 0.000679668097291, -0.000638372031972, 0.000719995994586, -0.00100157607812, 0.000573758676182, -0.000415198970586, 0.000501589616761, -0.000407733023167, 0.000521055480931], [-0.000532752368599, 0.00485350145027, -0.00249073165469, 0.00248308363371, -0.00460110930726, 0.00446696626022, -0.00496235582978, 0.00474340096116, -0.00364772276953, 0.00406722072512, -0.00444659637287, 0.00348618323915, -0.00167338107713], [0.000350172427716, -0.00249073165469, 0.00348143302836, -0.00259947613813, 0.00179465964902, -0.00309862033464, 0.00348477694206, -0.00391908036545, 0.00347294681706, -0.00308178504929, 0.002263299888, -0.00171703076921, 0.00103817263152], [-0.000592762080487, 0.00248308363371, -0.00259947613813, 0.00609244825318, -0.00406160252169, 0.00193562230561, -0.00290763401426, 0.00465653743595, -0.00375415454619, 0.00285712582991, -0.00199293601327, 0.00234486861154, -0.00162358477246], [0.000679668097291, -0.00460110930726, 0.00179465964902, -0.00406160252169, 0.0109319984913, -0.00613901531324, 0.00460986094549, -0.0044731060043, 0.00162889726926, -0.00324624800123, 0.00441095326096, -0.00482473475859, 0.00163280963898], [-0.000638372031972, 0.00446696626022, -0.00309862033464, 0.00193562230561, -0.00613901531324, 0.0140693830326, -0.00835157837719, 0.00199767318554, 0.000622163235676, 0.00104848854244, -0.00354775669985, 0.00423540081829, -0.00371975312009], [0.000719995994586, -0.00496235582978, 0.00348477694206, -0.00290763401426, 0.00460986094549, -0.00835157837719, 0.0126108527184, -0.00719326548278, 0.00322292558849, -0.00253128586337, 0.00244779558852, -0.00343830976635, 0.00310170929879], [-0.00100157607812, 0.00474340096116, -0.00391908036545, 0.00465653743595, -0.0044731060043, 0.00199767318554, -0.00719326548278, 0.0180200468749, -0.010411160998, 0.00290223304182, -0.000619495171122, 0.000408810097724, -0.000849831092637], [0.000573758676182, -0.00364772276953, 0.00347294681706, -0.00375415454619, 0.00162889726926, 0.000622163235676, 0.00322292558849, -0.010411160998, 0.0174901466817, -0.00688419491053, 0.000639494915958, 0.00165956339333, -0.00128030392807], [-0.000415198970586, 0.00406722072512, -0.00308178504929, 0.00285712582991, -0.00324624800123, 0.00104848854244, -0.00253128586337, 0.00290223304182, -0.00688419491053, 0.0155177498236, -0.007109221071, 0.00122799421661, 0.00212203967385], [0.000501589616761, -0.00444659637287, 0.002263299888, -0.00199293601327, 0.00441095326096, -0.00354775669985, 0.00244779558852, -0.000619495171122, 0.000639494915958, -0.007109221071, 0.0188384279609, -0.00888038985431, 0.00326681998558], [-0.000407733023167, 0.00348618323915, -0.00171703076921, 0.00234486861154, -0.00482473475859, 0.00423540081829, -0.00343830976635, 0.000408810097724, 0.00165956339333, 0.00122799421661, -0.00888038985431, 0.0173418410122, -0.00814618635923], [0.000521055480931, -0.00167338107713, 0.00103817263152, -0.00162358477246, 0.00163280963898, -0.00371975312009, 0.00310170929879, -0.000849831092637, -0.00128030392807, 0.00212203967385, 0.00326681998558, -0.00814618635923, 0.0144471852109]], "cov": [[6504.53613281, 100.569999695, 271.864257812, 370.742126465, -19.1875762939, 179.619888306, 0.30238109827, 256.554107666, 3.76165938377, 65.191368103, -74.4938659668, -67.7093887329, -167.951049805], [100.569999695, 841.625671387, 118.727142334, 62.7073669434, 165.467071533, -63.0204963684, 112.619277954, -60.1380271912, 64.9810409546, -73.9827957153, 71.1672515869, -39.0368728638, 8.25009441376], [271.864257812, 118.727142334, 804.347045898, 242.393676758, 159.608596802, 155.531799316, -13.0228652954, 80.9273910522, -34.8128738403, 71.5917434692, -15.107254982, 25.0917472839, 6.9131360054], [370.742126465, 62.7073669434, 242.393676758, 358.930023193, 126.652267456, 63.4743232727, 7.91578865051, 2.73579239845, 17.9304008484, -1.00353169441, -12.0482826233, -6.49600219727, 18.0985450745], [-19.1875762939, 165.467071533, 159.608596802, 126.652267456, 234.139297485, 79.4501037598, 33.9731025696, 32.3993034363, 23.7023391724, 13.9789009094, 3.45328688622, 27.3576450348, 25.9197502136], [179.619888306, -63.0204963684, 155.531799316, 63.4743232727, 79.4501037598, 198.147964478, 86.9598388672, 60.8985214233, -17.5652828217, 34.3684654236, -2.83924746513, 17.0116634369, 12.7593803406], [0.30238109827, 112.619277954, -13.0228652954, 7.91578865051, 33.9731025696, 86.9598388672, 201.696838379, 53.9486083984, 17.6592445374, 7.73474502563, 19.5115203857, 6.34620285034, -7.1251540184], [256.554107666, -60.1380271912, 80.9273910522, 2.73579239845, 32.3993034363, 60.8985214233, 53.9486083984, 147.314346313, 50.7935523987, 40.518196106, -8.26543617249, 12.8301515579, -4.97218847275], [3.76165938377, 64.9810409546, -34.8128738403, 17.9304008484, 23.7023391724, -17.5652828217, 17.6592445374, 50.7935523987, 120.619239807, 33.7208938599, 14.7649316788, -12.3353366852, -0.655120015144], [65.191368103, -73.9827957153, 71.5917434692, -1.00353169441, 13.9789009094, 34.3684654236, 7.73474502563, 40.518196106, 33.7208938599, 126.271514893, 32.3471717834, 12.9353656769, -23.7653408051], [-74.4938659668, 71.1672515869, -15.107254982, -12.0482826233, 3.45328688622, -2.83924746513, 19.5115203857, -8.26543617249, 14.7649316788, 32.3471717834, 96.7291107178, 35.3893852234, -0.495715200901], [-67.7093887329, -39.0368728638, 25.0917472839, -6.49600219727, 27.3576450348, 17.0116634369, 6.34620285034, 12.8301515579, -12.3353366852, 12.9353656769, 35.3893852234, 112.998817444, 48.7877426147], [-167.951049805, 8.25009441376, 6.9131360054, 18.0985450745, 25.9197502136, 12.7593803406, -7.1251540184, -4.97218847275, -0.655120015144, -23.7653408051, -0.495715200901, 48.7877426147, 110.414932251]]}, "spectral_energyband_middle_low": {"dmean2": 0.0076408740133, "median": 0.0121885975823, "min": 2.33981900018e-22, "dvar2": 0.000157355127158, "dvar": 6.30958238617e-05, "dmean": 0.00512604229152, "max": 0.129086300731, "var": 0.000154706547619, "mean": 0.0151593787596}, "melbands_crest": {"dmean2": 4.96181058884, "median": 12.1547288895, "min": 1.82017457485, "dvar2": 20.2245674133, "dvar": 8.74728679657, "dmean": 3.23714923859, "max": 33.3495330811, "var": 24.0326805115, "mean": 13.0694942474}, "spectral_kurtosis": {"dmean2": 2.12975716591, "median": 3.82432508469, "min": -1.45044851303, "dvar2": 5.16406679153, "dvar": 1.95019817352, "dmean": 1.28761708736, "max": 23.0989818573, "var": 6.04392004013, "mean": 4.28268909454}, "spectral_rms": {"dmean2": 0.00109382672235, "median": 0.00454801274464, "min": 3.17777314879e-12, "dvar2": 2.17377100853e-06, "dvar": 9.84963321571e-07, "dmean": 0.000768828380387, "max": 0.0124083673581, "var": 3.50098116542e-06, "mean": 0.00466968957335}, "zerocrossingrate": {"dmean2": 0.0113615561277, "median": 0.0576171875, "min": 0.00927734375, "dvar2": 0.000222394388402, "dvar": 0.000214913336094, "dmean": 0.00993532501161, "max": 0.51904296875, "var": 0.00144685304258, "mean": 0.0640984326601}, "silence_rate_60dB": {"dmean2": 0.0169406365603, "median": 0, "min": 0, "dvar2": 0.0188093539327, "dvar": 0.00839645508677, "dmean": 0.00846971012652, "max": 1, "var": 0.0463634170592, "mean": 0.0487332232296}, "erbbands_kurtosis": {"dmean2": 1.45395958424, "median": 0.0919227600098, "min": -1.84107685089, "dvar2": 3.13333320618, "dvar": 1.3794850111, "dmean": 0.937750220299, "max": 26.0578937531, "var": 3.92888569832, "mean": 0.631641626358}, "erbbands": {"dmean2": [0.13060452044, 0.989583551884, 2.71035242081, 6.51409578323, 7.34953975677, 10.9423456192, 17.0180683136, 10.4410352707, 14.8455410004, 19.6465549469, 55.5930671692, 26.1960067749, 23.8753566742, 27.1830005646, 17.7632598877, 38.1719322205, 35.0268859863, 60.7452278137, 43.5326690674, 22.1751689911, 16.8529453278, 25.061630249, 19.6964759827, 12.1755771637, 9.93603420258, 7.0479888916, 5.11324501038, 5.1335978508, 4.42063999176, 2.64959025383, 1.96130228043, 1.83680057526, 1.45268702507, 1.08241832256, 0.777573108673, 0.248499631882, 0.0401609092951, 0.000826336443424, 3.82154430554e-05, 1.72662312252e-05], "median": [0.00735139288008, 0.0872551649809, 0.410619676113, 1.43036425114, 5.44193029404, 7.97184658051, 10.7110080719, 8.24960231781, 9.62812137604, 13.0945444107, 29.2980728149, 11.7637090683, 12.9252052307, 15.9220190048, 8.39548397064, 14.8890228271, 14.8498868942, 12.8343648911, 16.4406013489, 8.42946338654, 9.79514217377, 12.8173627853, 11.3440732956, 7.91866970062, 5.83723974228, 2.98115181923, 2.44624376297, 3.15783929825, 2.91946482658, 1.73063802719, 1.01751065254, 0.829973697662, 0.641922175884, 0.381733089685, 0.208817794919, 0.0727111697197, 0.00985890906304, 0.000223022259888, 2.62904995907e-05, 2.93521952699e-05], "min": [3.28174113533e-22, 1.70604971402e-21, 6.64536870845e-21, 1.05729902779e-20, 1.36530506031e-20, 2.97939890702e-20, 1.4599846379e-19, 2.83289843507e-19, 2.06558799203e-19, 3.64416590209e-19, 5.24251717696e-19, 5.46434892267e-19, 8.40084216519e-19, 8.51885033631e-19, 1.2612689714e-18, 1.46495682056e-18, 2.68744859882e-18, 2.79792063758e-18, 4.19098336539e-18, 3.84907156792e-18, 6.29862136821e-18, 9.00334811566e-18, 7.59436257464e-18, 8.00235121381e-18, 9.46158301396e-18, 1.0555226626e-17, 1.16054540091e-17, 1.07699362432e-17, 1.70512066709e-17, 1.42175241203e-17, 1.25952914173e-17, 1.37449996769e-17, 1.08378047581e-17, 1.06412674717e-17, 8.63301439234e-18, 5.43400256113e-18, 2.48471635005e-18, 9.15221891243e-19, 2.75349478313e-19, 2.75419187667e-20], "dvar2": [0.111501932144, 7.27583217621, 59.1475410461, 245.084457397, 262.308074951, 466.107635498, 1303.82568359, 378.732177734, 872.924316406, 1403.03491211, 10828.0546875, 4370.48193359, 2506.22924805, 2030.59838867, 2024.35693359, 7419.20361328, 5301.50439453, 18154.8378906, 8761.87695312, 3732.65112305, 960.772827148, 2082.29223633, 1661.36950684, 443.431152344, 335.77355957, 357.053894043, 121.540763855, 79.6436691284, 100.01259613, 40.5532302856, 39.5329208374, 55.9232139587, 30.1560001373, 22.4124794006, 7.09438753128, 0.408723980188, 0.0102009102702, 4.19578918809e-06, 7.48095008163e-09, 6.93147428343e-10], "dvar": [0.053029153496, 2.84924006462, 20.743555069, 93.3684310913, 90.7018127441, 167.206939697, 485.913269043, 150.768630981, 466.363128662, 840.065612793, 6900.46337891, 2620.36352539, 1499.73962402, 1208.03918457, 981.661560059, 3199.94995117, 2531.07397461, 7313.35302734, 3553.64624023, 1488.62475586, 359.683654785, 765.128540039, 584.340881348, 159.843780518, 123.281158447, 126.189628601, 43.9820098877, 30.0835323334, 36.2368507385, 16.871257782, 18.4501686096, 28.8216743469, 15.3632726669, 11.8834152222, 3.60544204712, 0.194724813104, 0.00432092091069, 1.82565747764e-06, 3.57166718423e-09, 3.04330588508e-10], "dmean": [0.086675696075, 0.592626571655, 1.47449064255, 3.73274493217, 4.30502033234, 6.56979513168, 10.567527771, 6.62581205368, 10.8096847534, 14.9208507538, 44.0161895752, 19.6974048615, 17.3467197418, 19.9620056152, 11.9256830215, 25.0455131531, 22.3510131836, 38.2028656006, 26.8410263062, 13.8540821075, 10.1150417328, 14.9365272522, 11.76130867, 7.20426797867, 5.91505432129, 4.03754997253, 2.97332906723, 3.0993103981, 2.65639042854, 1.66696894169, 1.28639745712, 1.28249680996, 1.0254638195, 0.784227371216, 0.556342482567, 0.173991948366, 0.0266089122742, 0.000555226230063, 2.68705443887e-05, 1.19614796859e-05], "max": [1.88165473938, 14.7444086075, 37.5815162659, 157.164489746, 153.929580688, 204.555847168, 553.911621094, 326.817077637, 632.319213867, 621.979919434, 1804.62072754, 1618.99206543, 1631.45666504, 852.426940918, 1249.55334473, 1614.84887695, 1978.8560791, 1890.05895996, 1461.84619141, 921.224182129, 577.631347656, 985.052001953, 1015.79498291, 340.632843018, 308.670043945, 262.426452637, 108.92514801, 111.460502625, 129.511550903, 162.051361084, 247.19140625, 188.33732605, 141.089248657, 113.197929382, 56.4314727783, 11.4194097519, 1.57533848286, 0.0316071398556, 0.00131051964127, 0.000230378194829], "var": [0.058500315994, 2.30168628693, 12.4566011429, 79.2821807861, 105.553894043, 259.82321167, 831.165222168, 406.241607666, 1965.5501709, 3921.75073242, 26789.3398438, 9424.91113281, 4833.07666016, 3836.5847168, 2024.49890137, 5570.81542969, 4745.37451172, 13055.1132812, 6344.57226562, 2615.58349609, 747.497741699, 1530.22387695, 1113.41320801, 406.454925537, 275.213623047, 113.047592163, 56.4645042419, 69.4570770264, 51.6081886292, 39.2754173279, 32.3282051086, 55.2423782349, 32.0048294067, 24.5682029724, 7.45120716095, 0.345998376608, 0.00541862985119, 2.52203335549e-06, 6.65395472055e-09, 7.24852067258e-10], "mean": [0.0851374492049, 0.547889888287, 1.32533693314, 4.34438991547, 8.20126533508, 13.3361577988, 19.6271457672, 14.3462257385, 24.9321746826, 34.5705032349, 91.2694473267, 40.0545158386, 34.1165847778, 37.6134719849, 20.7082099915, 38.5613479614, 34.7149887085, 56.3358268738, 40.7708129883, 22.4215888977, 18.1420173645, 26.4448471069, 22.3322982788, 14.9076633453, 11.422990799, 6.51731777191, 5.18234920502, 6.43299627304, 5.42774963379, 3.65828728676, 2.64108109474, 2.45690345764, 1.889778018, 1.35612797737, 0.893170237541, 0.254084706306, 0.0337374135852, 0.000739367504138, 5.01039685332e-05, 3.55575975846e-05]}, "spectral_strongpeak": {"dmean2": 1.22061634064, "median": 0.953656435013, "min": 0, "dvar2": 2.80727887154, "dvar": 1.13776922226, "dmean": 0.739341616631, "max": 12.5674581528, "var": 1.95991408825, "mean": 1.42882621288}, "spectral_energy": {"dmean2": 0.0129216136411, "median": 0.0212015286088, "min": 1.0350698413e-20, "dvar2": 0.000429469946539, "dvar": 0.000181033392437, "dmean": 0.00876238010824, "max": 0.157816767693, "var": 0.0003830982605, "mean": 0.0259398575872}, "average_loudness": 0.83481836319, "spectral_rolloff": {"dmean2": 748.401062012, "median": 1313.52539062, "min": 129.19921875, "dvar2": 1594479.625, "dvar": 834134.6875, "dmean": 449.814147949, "max": 19272.2167969, "var": 2248733.75, "mean": 1548.71166992}, "spectral_centroid": {"dmean2": 311.66897583, "median": 1155.23376465, "min": 242.668884277, "dvar2": 126827.539062, "dvar": 55082.0585938, "dmean": 200.019378662, "max": 11225.7792969, "var": 288001.96875, "mean": 1223.95397949}, "pitch_salience": {"dmean2": 0.0998870432377, "median": 0.542013943195, "min": 0.171065285802, "dvar2": 0.00724950293079, "dvar": 0.00295280455612, "dmean": 0.0635297894478, "max": 0.934994757175, "var": 0.00866744294763, "mean": 0.54238653183}, "spectral_energyband_middle_high": {"dmean2": 0.00325124827214, "median": 0.00461769010872, "min": 1.3143553592e-21, "dvar2": 1.78068130481e-05, "dvar": 7.80180562288e-06, "dmean": 0.00215435447171, "max": 0.0500277467072, "var": 3.12317679345e-05, "mean": 0.00621527153999}, "spectral_contrast_coeffs": {"dmean2": [0.0765250995755, 0.0700607076287, 0.0646455064416, 0.0598423667252, 0.04390976578, 0.0311591289937], "median": [-0.574254989624, -0.675004959106, -0.714788913727, -0.729027211666, -0.74828594923, -0.757207512856], "min": [-0.98067176342, -0.967282116413, -0.974646568298, -0.984599411488, -0.965846180916, -0.965659022331], "dvar2": [0.00437905825675, 0.00327621004544, 0.00269287871197, 0.00219614454545, 0.00134760222863, 0.000884143635631], "dvar": [0.00185711577069, 0.00134089018684, 0.00112636131234, 0.000867687922437, 0.00055234786123, 0.000359193334589], "dmean": [0.0491160042584, 0.045181568712, 0.0417556539178, 0.0372178293765, 0.0274444986135, 0.0201421398669], "max": [-0.303538352251, -0.340610563755, -0.45422527194, -0.506376028061, -0.529668748379, -0.567009150982], "var": [0.00799249112606, 0.0055261682719, 0.00522487098351, 0.0036936358083, 0.00260065821931, 0.00156683742534], "mean": [-0.578995943069, -0.672179698944, -0.713040351868, -0.726207613945, -0.748745381832, -0.757010757923]}, "melbands_skewness": {"dmean2": 0.962249994278, "median": 1.8044564724, "min": -0.958510935307, "dvar2": 1.04602730274, "dvar": 0.460558354855, "dmean": 0.63386797905, "max": 9.48068904877, "var": 1.47368752956, "mean": 2.03833961487}, "spectral_spread": {"dmean2": 760973.5625, "median": 4523946.5, "min": 2143894.25, "dvar2": 965639208960, "dvar": 632244928512, "dmean": 565158.375, "max": 42569436, "var": 3451003076610.0, "mean": 4867501.5}, "dissonance": {"dmean2": 0.0342995040119, "median": 0.457358151674, "min": 0.265722870827, "dvar2": 0.000896908110008, "dvar": 0.000336917553796, "dmean": 0.0207297876477, "max": 0.500000178814, "var": 0.000866975111421, "mean": 0.451950192451}, "spectral_skewness": {"dmean2": 0.305020391941, "median": 1.5976318121, "min": -0.0330468825996, "dvar2": 0.103074133396, "dvar": 0.0408128760755, "dmean": 0.189269647002, "max": 3.55919361115, "var": 0.164049237967, "mean": 1.62863433361}, "spectral_flux": {"dmean2": 0.0366340018809, "median": 0.0674408897758, "min": 6.50823492321e-11, "dvar2": 0.00200123502873, "dvar": 0.00104629725683, "dmean": 0.0240235272795, "max": 0.307407259941, "var": 0.00232028402388, "mean": 0.0779440924525}, "spectral_contrast_valleys": {"dmean2": [0.707827985287, 0.553670465946, 0.523736000061, 0.448658645153, 0.413635373116, 0.368756055832], "median": [-7.63720369339, -6.65938663483, -7.52663850784, -7.86505746841, -7.82270812988, -9.99725246429], "min": [-27.3840522766, -28.092212677, -27.5816822052, -27.6166133881, -27.4440174103, -27.4198646545], "dvar2": [0.496596246958, 0.239239037037, 0.226116001606, 0.173582002521, 0.229103416204, 0.173768296838], "dvar": [0.286789685488, 0.103151313961, 0.101231634617, 0.0808139443398, 0.106693670154, 0.110752671957], "dmean": [0.484864592552, 0.346232801676, 0.326813519001, 0.286199241877, 0.27113699913, 0.297226160765], "max": [-5.15647220612, -4.72847509384, -5.38187789917, -6.0380525589, -6.00318050385, -7.53729486465], "var": [1.90041065216, 1.11529314518, 0.889185845852, 0.753749668598, 0.945561110973, 1.15937101841], "mean": [-7.88926267624, -6.80593633652, -7.60635995865, -7.94994020462, -7.90098428726, -10.123005867]}, "erbbands_flatness_db": {"dmean2": 0.0253703482449, "median": 0.170609608293, "min": 0.0625133663416, "dvar2": 0.000533795566298, "dvar": 0.0003049330262, "dmean": 0.0187277216464, "max": 0.334385722876, "var": 0.00155278039165, "mean": 0.17205606401}, "spectral_energyband_high": {"dmean2": 0.000450615072623, "median": 0.000379537959816, "min": 7.19342675526e-21, "dvar2": 1.01138357422e-06, "dvar": 4.85618954826e-07, "dmean": 0.00030612788396, "max": 0.017237463966, "var": 1.18710602237e-06, "mean": 0.000723295903299}, "spectral_entropy": {"dmean2": 0.210732594132, "median": 7.46967697144, "min": 5.65117311478, "dvar2": 0.0447731874883, "dvar": 0.0238008387387, "dmean": 0.150439441204, "max": 9.81096553802, "var": 0.134982272983, "mean": 7.45768213272}, "silence_rate_20dB": {"dmean2": 0, "median": 1, "min": 1, "dvar2": 0, "dvar": 0, "dmean": 0, "max": 1, "var": 0, "mean": 1}, "melbands_flatness_db": {"dmean2": 0.0309833735228, "median": 0.175977230072, "min": 0.00424861256033, "dvar2": 0.00104267802089, "dvar": 0.000471251900308, "dmean": 0.0211788993329, "max": 0.406877577305, "var": 0.00232922611758, "mean": 0.179495260119}, "barkbands": {"dmean2": [0.000294240162475, 0.00398055324331, 0.00269220327027, 0.00235326867551, 0.00318473926745, 0.00142199965194, 0.00109461601824, 0.00227639288642, 0.0010420588078, 0.000955506169703, 0.000302741216728, 0.000871564727277, 0.000898557307664, 0.0010771023808, 0.000757213041652, 0.000316389690852, 0.000521486974321, 0.000346825225279, 0.000217121079913, 0.000147188489791, 0.000121202203445, 0.000113059541036, 7.08090447006e-05, 8.59669671627e-05, 0.000101081510365, 3.08905291604e-05, 3.81555276263e-09], "median": [8.562761649