{"tonal": {"thpcp": [1, 0.630178868771, 0.23868240416, 0.219455420971, 0.298656791449, 0.537113010883, 0.602376043797, 0.312010467052, 0.118699774146, 0.107112511992, 0.134442746639, 0.278422534466, 0.406452178955, 0.379670619965, 0.680617272854, 0.888630986214, 0.449931621552, 0.13402171433, 0.124811157584, 0.143573403358, 0.35411092639, 0.547225058079, 0.378630161285, 0.170135393739, 0.146484330297, 0.220528021455, 0.48332747817, 0.681071937084, 0.497920900583, 0.401391983032, 0.46761649847, 0.326122641563, 0.189210727811, 0.168369263411, 0.202473595738, 0.629409492016], "hpcp": {"dmean2": [0.307882189751, 0.200064465404, 0.106131695211, 0.102431356907, 0.119316548109, 0.192643150687, 0.237841740251, 0.187253832817, 0.133944436908, 0.126194223762, 0.187962651253, 0.272818207741, 0.295490384102, 0.254370361567, 0.225228235126, 0.209231689572, 0.180262222886, 0.149280875921, 0.131232649088, 0.165858924389, 0.290465474129, 0.350078821182, 0.293872535229, 0.22004070878, 0.214578151703, 0.282299309969, 0.296287477016, 0.263535618782, 0.17768804729, 0.105063542724, 0.0945356115699, 0.112128071487, 0.164965853095, 0.208700418472, 0.219524145126, 0.27976500988], "median": [0.217722132802, 0.100674554706, 0.0141194546595, 0.0121402787045, 0.0146179124713, 0.0484215058386, 0.0791190639138, 0.0505508221686, 0.0145421177149, 0.0117891309783, 0.0163954440504, 0.0710575506091, 0.103318050504, 0.0729247331619, 0.0451698713005, 0.0437181256711, 0.0300530493259, 0.0192304458469, 0.0162635650486, 0.0211365614086, 0.148873075843, 0.262150615454, 0.153617143631, 0.0218218546361, 0.0130351232365, 0.0199569612741, 0.0715227946639, 0.0833299383521, 0.0405928753316, 0.0109854219481, 0.00813398882747, 0.0107684582472, 0.0315524972975, 0.0489242225885, 0.0615971647203, 0.171182841063], "min": [0, 0, 0, 0, 0, 0, 0, 0, 0, 0, 0, 0, 0, 0, 0, 0, 0, 0, 0, 0, 0, 0, 0, 0, 0, 0, 0, 0, 0, 0, 0, 0, 0, 0, 0, 0], "dvar2": [0.120360538363, 0.069294475019, 0.04193424806, 0.0516681708395, 0.0588769242167, 0.0826054736972, 0.100352033973, 0.0803813636303, 0.0703327804804, 0.0617859214544, 0.104904860258, 0.127806663513, 0.138708531857, 0.114539839327, 0.103593535721, 0.092822432518, 0.0721046328545, 0.073689751327, 0.0682386830449, 0.0790998339653, 0.114592991769, 0.13705278933, 0.11023991555, 0.126606956124, 0.131473883986, 0.182304292917, 0.151586934924, 0.119893744588, 0.0789939388633, 0.0534767173231, 0.0450224466622, 0.0534046851099, 0.0714541599154, 0.0880644470453, 0.0881324112415, 0.100649036467], "dvar": [0.0511904358864, 0.0255814380944, 0.0160423163325, 0.0192589294165, 0.0210993196815, 0.0316176265478, 0.0417962223291, 0.0302409697324, 0.0264836028218, 0.0226430818439, 0.0384601466358, 0.0469277761877, 0.0564317554235, 0.043614346534, 0.040180966258, 0.0391049534082, 0.0275956261903, 0.0269221551716, 0.0245923101902, 0.027905812487, 0.0412513688207, 0.0571736432612, 0.0405743904412, 0.0451846420765, 0.0485012419522, 0.0688498616219, 0.0595627166331, 0.0499661751091, 0.0292707271874, 0.0189283099025, 0.0164018832147, 0.019660577178, 0.0268416609615, 0.0350122153759, 0.0326043441892, 0.038739785552], "dmean": [0.184665963054, 0.118082873523, 0.058867149055, 0.0567103587091, 0.0665179714561, 0.112678721547, 0.144574522972, 0.110655002296, 0.0753324106336, 0.0700236260891, 0.103604480624, 0.157681375742, 0.175019398332, 0.150916188955, 0.132636085153, 0.124286532402, 0.104766078293, 0.0833513662219, 0.0726976171136, 0.0910321697593, 0.170206338167, 0.208626896143, 0.171454206109, 0.120911799371, 0.11742375046, 0.156016767025, 0.171457976103, 0.155985847116, 0.101576603949, 0.0572040304542, 0.0518063493073, 0.062218926847, 0.0953222811222, 0.121253959835, 0.1263782233, 0.167136490345], "max": [1, 1, 1, 1, 1, 1, 1, 1, 1, 1, 1, 1, 1, 1, 1, 1, 1, 1, 1, 1, 1, 1, 1, 1, 1, 1, 1, 1, 1, 1, 1, 1, 1, 1, 1, 1], "var": [0.120771579444, 0.0379641279578, 0.0161661580205, 0.0161102991551, 0.0169729404151, 0.0409393534064, 0.0802457109094, 0.0458442382514, 0.024251408875, 0.0182095635682, 0.0337501205504, 0.0623363144696, 0.108648240566, 0.064795717597, 0.0543717965484, 0.0805478841066, 0.0404412075877, 0.0235213954002, 0.0223246440291, 0.0245812069625, 0.0644229352474, 0.128841906786, 0.0621141120791, 0.0340886935592, 0.0355235226452, 0.0532780848444, 0.0790732353926, 0.0964024886489, 0.0348919741809, 0.0144333653152, 0.0130955865607, 0.0160628594458, 0.0341529659927, 0.0613255761564, 0.0428066328168, 0.0700673535466], "mean": [0.348385006189, 0.176394283772, 0.0525427907705, 0.0489318221807, 0.0562875047326, 0.138828083873, 0.214537873864, 0.148440763354, 0.0667010471225, 0.0574287213385, 0.0864573195577, 0.189487025142, 0.267012119293, 0.195208325982, 0.157364472747, 0.183327585459, 0.127855360508, 0.0741794705391, 0.0660086423159, 0.0793791413307, 0.246758013964, 0.392046868801, 0.247059643269, 0.0935746878386, 0.0860368087888, 0.117087461054, 0.210573464632, 0.236159652472, 0.122322723269, 0.0465358756483, 0.0419931262732, 0.0527078583837, 0.109154678881, 0.15934830904, 0.148848682642, 0.266833871603]}, "tuning_equal_tempered_deviation": 0.00750324781984, "chords_changes_rate": 0.0420632474124, "key_key": "A", "tuning_diatonic_strength": 0.672842204571, "key_scale": "major", "chords_number_rate": 0.00245624803938, "tuning_frequency": 442.293365479, "tuning_nontempered_energy_ratio": 0.644989788532, "chords_histogram": [51.642616272, 10.316242218, 8.13632202148, 0, 1.3816395998, 0, 0.15351550281, 0, 1.10531163216, 0, 0, 0, 0, 0, 0, 0, 0, 0.70617133379, 0, 0, 0, 2.9167945385, 16.7024860382, 6.93890094757], "key_strength": 0.891163825989, "chords_key": "A", "chords_strength": {"dmean2": 0.00866866018623, "median": 0.564144670963, "min": 0.280695915222, "dvar2": 6.21261569904e-05, "dvar": 6.28602138022e-05, "dmean": 0.00976787414402, "max": 0.835320353508, "var": 0.00883385539055, "mean": 0.563223898411}, "chords_scale": "major", "hpcp_entropy": {"dmean2": 0.981873452663, "median": 1.79465126991, "min": 0, "dvar2": 0.69333678484, "dvar": 0.261518418789, "dmean": 0.588193953037, "max": 4.13616943359, "var": 0.490318179131, "mean": 1.78135490417}}, "metadata": {"audio_properties": {"equal_loudness": 0, "codec": "mp3", "downmix": "mix", "sample_rate": 44100, "analysis_sample_rate": 44100, "bit_rate": 192033, "md5_encoded": "be6cf6f79e5a3d7782cfe2ab37b41326", "length": 151.196731567, "replay_gain": -6.17178916931, "lossless": false}, "version": {"essentia_build_sha": "2d9f1f26377add8aeb1075a9c2973f962c4f09fd", "essentia": "2.1-beta2", "extractor": "music 1.0", "essentia_git_sha": "v2.1_beta2-1-ge3940c0"}, "tags": {"title": ["Almost Saturday Night"], "acoustid_fingerprint": ["AQADtJGSR0yUJEF0-CEDV0d5HccVoeThXugp4QgPbxpapngO7SmaJx3-49SPRibC4ziajhX64zuOcgwaWkVObkFydB6aMxTuo7k6_Lg2wUcemQvOPHBt9GGEssfx6fADbWtSBSdaLj3CTNTxHz-8H1cqnDe6Y-vQZ0mPU0N_mMuOrQifGcl9_GhuXMkRWhNO6JqO0ylO0dCTHvlD3BuKtPKhXUS-C2c_NBXR53hI9GiUSsbO4z_4oxl5VGNGIiSHZFG1CUdj9MZxDZ-IZomOnkh-5AO_bfiFk0Y77UhofUJ_5D2qI32LKyTEHeGT40Qf3OB8GU-WHU1y_BRC8hCvIjxxhN8hqVN25A1KWnh_jOKDbmIePEOOZD-u62glwueI3RZ8Jkf6QNGPmEqJVrmwOooenOYC_w2uow9ZnOk68HqCPhPiPS2k52gmHfnw41HeoRIvuH0w_UIvPMePM0t4_IL1DsmeICeaOLM2lI-xH2eGPieukPgNJpqiCNeHtpYRpscT4rbA_HC-EKESabiH_HizDPqFSJl0xagiH_9xOXhu7NLRPB1CI2lpBWQEZ4yCy8NfmFFy_CiPpsoMnuE05DQJ_UPDHqF0Cj9OjUIfB46Sg6EWHs-w53h2PPxQ_khvnDuSMD8uHg8Odg9u9NKFhxSeE2epIUcuD-kza-C0B_qFhuuR5Qrx4hSmND6KnNAzIn_QX4GPX0FzI7c4JLmoo1K0OfD0gu8QPoJ05Dgt6XiUZEIp8fBROUfyIZd1PEqHK5gS3kGoNJGhZ0cOL5FwZqh1EemzK0gaThZRUVmOG16OG7syUUhzIzGdE3c7wqdxBcejUOj5DM8-nFmKH3akFEeof4LM5EFfIZrD412O3i5-NEf14_bxB9eD_miI8cH3I9mPMIrB7celJMtQSs_gR8H2nPAZXPhRLYvGIUlz5CglL2hcE8_xpEGfefDRH390fERyBtEjoY1anPqwU0gTkYMeHvkPlkU-TP2hyyyqmMRFicjR5sdzfDmqw4mJ88etCXkO3cjxXMe36LieoEcP8wjfIHns4UQtH86WDX8avMeP6XiL4IX2JGvh4yoPkctRksmH7FoVIl_CQmSOi-GQsTTC7wGTHycFPQpzZGVe1A-a68gp6CYR8guuPMXF4Ed7Y1KaeTi5wdakjMO1owi752i67IGe46hoCmH0LMgXTzhfaHocuPaRHn0045qE48qkZEYYndCk5UsQni5ynzih4ww3Ild19BfaV2iq48cRO0l2aKuUIvVxffCZD8eFHc1lYj-q-kTjZMLL4ImKmQijl4Z2XQlwLYYWriiZI9uP83DEKMep48NlNGoulJTCYDfxmOioH9UXhDzEKhzCD99xBj02RolkJOeDnGAufBL2HU35If6hRckexGqPM0LjipieIN_xHMmkHpYcEpWYKBEqH1auog9zVMoe-Dn65shRblD34yFfRNsn1B_eCOEDcTryhDtcLWHw41SqYooeDZ-YByfCI0senBOF1yka5UfF4cQ11NIOO1lRH71iNI-F7DqhJ6ERKfnQPfgSHV0Pi1WJfEFDJWegnvh-6ER6HZc64cGfY9dR0aqIMGolqJLyI-x6o9lc8PpR_vAlZD-0MIqO3MXVPOgoNFtu_KCfLMLJx3jQC1M8HI-CfJESamh4QZcPH-FvVA6PLZnxjTBjXDWY7MSRRzx0hNIl7EQjZbHwJcepF_3R9Lhe3Dz67EKYbUqgLgqOXMrRXNESdOxx5DxsLYX-Q89RPmhOI1-OH81OtNKOU8ok3EU-I91XPOhrWNgP_0Ik_1BXEiG1Hd4TXDseHZf0BOGzdOhXaNGPGyKXpcd_fBGaH7UYCzrii2gqxpge4szx4wq-9fjxZh6R7GGOMC2xH31y3KgV4llaCf9xHl-K80QYyUOhS5kl5BdKTvAvTF17fFGO6wcj8WjO4xJ2PKgc4SGD8NA3xNJdXGh-ofow5ym-WrgPXzty6Mg1vDN66ch_PAwkxSc-HDd07D_uqjhx__jQW9CZzDgNtVKOzkea8zgv-MUPP8xRHt9IIT80LnnQxFKQ_8A_xEfyC4089NXw7eg_weyxZx6a-7g-HBm9o7mhUUenKEGswz5cHcd3WKHkILw-cJSOG9dRKWdCND2RNzve6BFx_ERzhE82FieHE_-PMzu-HoctHXqPL_qEL-j2CU3E1tgJ_cgdEZVywwrxpEi_Z3BoSUOya8GFdsH1FP4ebELF5vjGoJm2o5ewUwm-8KjFIz3UKZGRV0f1ZMrwHqfyoszRXPim41oQ5iiTH5cSHX2PMGYRXZKOB7ydHM2ZQXvAokvGBpks5qgootfhi6iUXXh8GXeJ-sP2EEe6UYKZXajy4yKXo4eWqiv26ch7Dc1IXmCe4mONkD-UXTHSOhW-E8cRShQhi9uQsy7GU2j8I3zo4jH0fmiySQjJMBz-IMxb9CM-zWiy9dDOEjn6wsek5-jaGM6H9siR7MrhvUL_oBcc0egkJhr-G-MR5tkjhBKlHKR2XEta-BWuBPtxopRTwpRe1I2JnDmm5Ie2KSd4KPohvseH1CF6NB_aBd8X3MP3os-OZsPzI78aaEakfMfDo12ipGiig-ijVJiyHzmukEYzKWSG6oKO90Xq0DiPd3mCa7TQN4HHENV1PMGP5MmQT9VQmpPw4Cn84j82jsEnb_BHdD1idzoe4VHUFb-ET8vhE_uh7yilcFoQpol0XBf6ID0JIVKWRLhMHf0TNL_A_fixI88JVVKUiIj0yoTr4wBiBASCGcMcYoxgY4AgAmAlDkIIDSQAMhYATIgB0hlhGQEKAaQEgEZRQJBQQCCkGELECQCAMQIiAIAihFAlDALCCEyoFZ0QA50CyhBHBCJAAgOBYoogJSRCRgkEhJFGCAQYGBQIAgQAQFgkgAHMKACIAIQSRIARAjAABDCAAIaAUgIwooACDBCgkAJCGceUIw4IQZgwAlFmhLKQCISMQ1AoRSQRDhAiAALACKQIRBQJxQwABxjCACFIMSAgIQgIAIRhhKAQBHFUYgEIAgaiYgBgzBCBAABKNAMIIRQ4QoQjhAhDAaBGOMGMEpAoIQwECiFgAFFKsWOpwAIAgJBBAElDhFCSAQBIQAohZQwACBlCAiAAIGKIAkIcYQAzWhETACGAAIGAAEAAAIhChhFnEKKAAAQQEEaxQggzgALHAAECCQwKMYIIQSgSBEAgjBLLGCCYEAIYIYQwQIEJBAVCCWIoAgBYahExQhjErBMMOCMAIEgooIgCRjgmGDJMAQIAFsIAogg3lCBAjCMGUQUcUQAJQAwBgCACAEAAKEWQUwAYCgARjAEmFCBUMEEkQsZoYBwQRFBGACBCSEEIIYMKAIyEgAmogCCMEcaIAggAAxQzABihhCRAEECQAAEQIwkCAjEBgDGCUIGAYAIRAxQCAgiAkGDCMIGEFkARIQVBEAAsDRGACCEQWxYhAoAABDgFGCEAEEIVAYQAIIUQgjFrgABIAGgAAlgxZYgyBDBCpCKIKEAAsAQpQYAgABABBCJIAGAYQcYAKQAgQAgAlHLOCEGAMAoAIyhCChBElAACMAAAMAIIIwgwABoAAaAEGACIMQo6QuJQSAgJHEOAEKC8oYQIgAIhBBEigAQCGKCQsdQoBAgQCgDmMCCEMiKYUUQAhYRxRBBoJEUCAQKEMowhYpRiCkBDhCSOIOSI0kAg5ggBRBCiBEACGEGAEQE"], "date": ["1987"], "genre": ["Folk Rock"], "musicbrainz album type": ["Album"], "musicip_puid": ["5a21afc7-2a93-29e0-52a8-663f74f702ed"], "musicbrainz_recordingid": ["02fb4068-e39e-4aef-ac67-0d96f8c1b1d7"], "musicbrainz_albumid": ["406ce325-aef3-4454-be6a-397d6ff78acf"], "artist": ["Gene Clark & Carla Olson"], "tracknumber": ["07"], "bpm": ["134.29"], "album": ["So Rebellious a Lover"], "musicbrainz album release country": ["United States"], "acoustid_id": ["2c13a7c6-8f0f-4cf1-a423-ed7e7f710e30"], "file_name": "Gene Clark & Carla Olson - Almost Saturday Night.mp3"}}, "rhythm": {"bpm_histogram_first_peak_bpm": {"dmean2": 0, "median": 136, "min": 136, "dvar2": 0, "dvar": 0, "dmean": 0, "max": 136, "var": 0, "mean": 136}, "bpm": 134.427032471, "bpm_histogram_second_peak_spread": {"dmean2": 0, "median": 0.0999999940395, "min": 0.0999999940395, "dvar2": 0, "dvar": 0, "dmean": 0, "max": 0.0999999940395, "var": 0, "mean": 0.0999999940395}, "bpm_histogram_first_peak_weight": {"dmean2": 0, "median": 0.485119044781, "min": 0.485119044781, "dvar2": 0, "dvar": 0, "dmean": 0, "max": 0.485119044781, "var": 0, "mean": 0.485119044781}, "onset_rate": 4.29209136963, "beats_position": [0.46439909935, 0.952018141747, 1.43963718414, 1.93886613846, 2.41487526894, 2.87927436829, 3.33206343651, 3.78485250473, 4.22603178024, 4.67882061005, 5.11999988556, 5.5727891922, 6.01396799088, 6.46675729752, 6.90793657303, 7.36072540283, 7.80190467834, 8.25469398499, 8.6958732605, 9.14866161346, 9.6014509201, 10.0542402267, 10.4954195023, 10.9482088089, 11.4009971619, 11.8421764374, 12.2833557129, 12.7245349884, 13.1541042328, 13.6068935394, 14.0480718613, 14.4776411057, 14.9188203812, 15.3716096878, 15.8011789322, 16.2539672852, 16.7067565918, 17.1595458984, 17.600725174, 18.0419044495, 18.483083725, 18.9242630005, 19.3770523071, 19.8298416138, 20.2826309204, 20.7354183197, 21.1882076263, 21.640996933, 22.0937862396, 22.5465755463, 22.9877548218, 23.4289340973, 23.8701133728, 24.3112926483, 24.764081955, 25.2168693542, 25.6696586609, 26.1224479675, 26.563627243, 27.0048065186, 27.4459857941, 27.8987751007, 28.3515644073, 28.7927436829, 29.2339229584, 29.6751022339, 30.1278915405, 30.5806789398, 31.0334682465, 31.4862575531, 31.9274368286, 32.3686180115, 32.8097953796, 33.2509727478, 33.7153739929, 34.1565513611, 34.5977325439, 35.0389099121, 35.480091095, 35.9212684631, 36.3740577698, 36.8268470764, 37.2680282593, 37.7092056274, 38.1503829956, 38.6031723022, 39.0559616089, 39.4971427917, 39.9383201599, 40.3795013428, 40.8206787109, 41.2618598938, 41.7146492004, 42.1674385071, 42.6086158752, 43.0614051819, 43.4909744263, 43.9437637329, 44.3849411011, 44.8377304077, 45.2905197144, 45.743309021, 46.1844902039, 46.625667572, 47.0784568787, 47.5312461853, 47.9724235535, 48.4136047363, 48.8547821045, 49.2959632874, 49.7371406555, 50.1783218384, 50.6194992065, 51.0606803894, 51.5018577576, 51.9546470642, 52.4074363708, 52.8486175537, 53.2897949219, 53.7193641663, 54.1489334106, 54.5901107788, 55.0312919617, 55.4840812683, 55.9252586365, 56.3780479431, 56.819229126, 57.2604064941, 57.701587677, 58.1427650452, 58.5955543518, 59.0483436584, 59.5011329651, 59.9539222717, 60.3950996399, 60.8362808228, 61.2890701294, 61.741859436, 62.1830368042, 62.6358261108, 63.0886154175, 63.5414047241, 63.9941940308, 64.4469833374, 64.8881607056, 65.3409500122, 65.7937393188, 66.2465286255, 66.6877059937, 67.1404953003, 67.5816802979, 68.0344696045, 68.4756469727, 68.9168243408, 69.358001709, 69.7991790771, 70.2403640747, 70.6931533813, 71.145942688, 71.5871200562, 72.0282974243, 72.4694747925, 72.91065979, 73.3634490967, 73.8162307739, 74.2690200806, 74.7218093872, 75.1862106323, 75.6273880005, 76.068572998, 76.5213623047, 76.9741516113, 77.4153289795, 77.8797302246, 78.3325119019, 78.7853012085, 79.2264862061, 79.6792755127, 80.1320648193, 80.5964584351, 81.0376434326, 81.4904327393, 81.9432220459, 82.3843994141, 82.8371887207, 83.2899780273, 83.7311553955, 84.1723327637, 84.6135101318, 85.0662994385, 85.5190887451, 85.9602737427, 86.4014511108, 86.842628479, 87.2954177856, 87.7482070923, 88.1893844604, 88.6421737671, 89.0949630737, 89.5361404419, 89.9773254395, 90.4185028076, 90.8712921143, 91.3240814209, 91.7652587891, 92.2064361572, 92.6592254639, 93.1120147705, 93.5531921387, 93.9943771362, 94.4355545044, 94.8767318726, 95.3179092407, 95.7706985474, 96.2118835449, 96.6646728516, 97.1058502197, 97.5470275879, 97.9882049561, 98.4293823242, 98.8705673218, 99.3349609375, 99.7645339966, 100.205711365, 100.646888733, 101.09967804, 101.540863037, 101.993652344, 102.44644165, 102.899223328, 103.340408325, 103.793197632, 104.234375, 104.675552368, 105.128341675, 105.581130981, 106.02230835, 106.475097656, 106.916282654, 107.36907196, 107.810249329, 108.263038635, 108.704216003, 109.15700531, 109.598182678, 110.050971985, 110.492149353, 110.94493866, 111.386123657, 111.827301025, 112.268478394, 112.7212677, 113.162445068, 113.615234375, 114.056411743, 114.497596741, 114.938774109, 115.379951477, 115.832740784, 116.28553009, 116.738319397, 117.191108704, 117.632286072, 118.085075378, 118.537864685, 118.979042053, 119.43183136, 119.884620667, 120.325805664, 120.778594971, 121.231384277, 121.672561646, 122.113739014, 122.56652832, 123.007705688, 123.460494995, 123.913284302, 124.366073608, 124.807250977, 125.248435974, 125.701225281, 126.154014587, 126.606803894, 127.059593201, 127.500770569, 127.941947937, 128.394729614, 128.847518921, 129.288711548, 129.729888916, 130.182678223, 130.635467529, 131.076644897, 131.517822266, 131.958999634, 132.41178894, 132.852966309, 133.305755615, 133.746932983, 134.188110352, 134.62928772, 135.070480347, 135.511657715, 135.952835083, 136.394012451, 136.846801758, 137.299591064, 137.752380371, 138.205169678, 138.646347046, 139.087524414, 139.540313721, 139.993103027, 140.445892334, 140.887069702, 141.339859009, 141.781036377, 142.233825684, 142.68661499, 143.127792358, 143.568969727, 144.010162354, 144.46295166, 144.915740967, 145.356918335, 145.82131958, 146.285705566, 146.750106812, 147.19128418, 147.632461548, 148.085250854, 148.538040161, 148.979232788, 149.432022095, 149.884811401, 150.337600708, 150.790390015], "beats_loudness": {"dmean2": 0.0389825925231, "median": 0.0387731418014, "min": 1.29491031231e-08, "dvar2": 0.00112569355406, "dvar": 0.000362484628567, "dmean": 0.021265571937, "max": 0.150272846222, "var": 0.000518740445841, "mean": 0.0390267856419}, "danceability": 1.35194647312, "bpm_histogram_second_peak_weight": {"dmean2": 0, "median": 0.0267857145518, "min": 0.0267857145518, "dvar2": 0, "dvar": 0, "dmean": 0, "max": 0.0267857145518, "var": 0, "mean": 0.0267857145518}, "beats_count": 337, "bpm_histogram_second_peak_bpm": {"dmean2": 0, "median": 129, "min": 129, "dvar2": 0, "dvar": 0, "dmean": 0, "max": 129, "var": 0, "mean": 129}, "bpm_histogram_first_peak_spread": {"dmean2": 0, "median": 0.495356023312, "min": 0.495356023312, "dvar2": 0, "dvar": 0, "dmean": 0, "max": 0.495356023312, "var": 0, "mean": 0.495356023312}, "beats_loudness_band_ratio": {"dmean2": [0.414978474379, 0.270523637533, 0.310503274202, 0.190152660012, 0.0896697565913, 0.184980690479], "median": [0.305675983429, 0.155235543847, 0.207025274634, 0.0692389756441, 0.0409553460777, 0.0747660920024], "min": [0.0115798013285, 0.0130111891776, 0.00703130289912, 0.00299509312026, 0.00245991558768, 0.00754319410771], "dvar2": [0.0945036038756, 0.0322770252824, 0.0684208571911, 0.0366609431803, 0.00708746910095, 0.00933864247054], "dvar": [0.0316117219627, 0.0108529664576, 0.0228779576719, 0.0145373260602, 0.0025487493258, 0.0033017534297], "dmean": [0.232826575637, 0.146752104163, 0.178116008639, 0.110436484218, 0.0482839569449, 0.0945973917842], "max": [0.955575048923, 0.836035609245, 0.792988777161, 0.744902312756, 0.40297332406, 0.472801059484], "var": [0.0471958555281, 0.0141611555591, 0.0292982552201, 0.0199169330299, 0.00256743538193, 0.00499485852197], "mean": [0.328355371952, 0.177235782146, 0.254284739494, 0.129331350327, 0.0543909035623, 0.0890332534909]}}, "lowlevel": {"barkbands_spread": {"dmean2": 9.41928005219, "median": 16.1218013763, "min": 1.39428448677, "dvar2": 129.106414795, "dvar": 55.1823425293, "dmean": 6.17888498306, "max": 99.4538574219, "var": 174.581588745, "mean": 19.9988822937}, "melbands_spread": {"dmean2": 11.0545930862, "median": 17.6328582764, "min": 0.746601819992, "dvar2": 217.72883606, "dvar": 114.446899414, "dmean": 7.23745965958, "max": 241.690505981, "var": 338.707885742, "mean": 21.9332065582}, "hfc": {"dmean2": 8.34829139709, "median": 14.1442956924, "min": 1.15805828388e-16, "dvar2": 127.591918945, "dvar": 78.1813659668, "dmean": 6.60627412796, "max": 138.279159546, "var": 334.102325439, "mean": 19.5287265778}, "barkbands_kurtosis": {"dmean2": 5.88620567322, "median": 2.71079707146, "min": -1.8255661726, "dvar2": 209.331817627, "dvar": 73.0535812378, "dmean": 3.458766222, "max": 187.828109741, "var": 57.5652198792, "mean": 4.38723564148}, "gfcc": {"mean": [-17.41954422, 85.0211105347, -121.03062439, 20.9315433502, -82.7733459473, 9.30105876923, -42.0147171021, 7.87011957169, -25.2587814331, 6.67373561859, -14.6806030273, 0.0358812250197, -10.1839647293], "icov": [[0.000118201358418, -0.000175467750523, 0.000166136014741, -0.000112114837975, 0.00011424440163, -0.000236560750636, 0.000397597963456, -0.000467270729132, 0.000348135537934, -0.000175982087967, 0.000396737392293, -0.000441118405433, 0.000391693756683], [-0.000175467750523, 0.00326156592928, -0.00057083502179, 0.000829237280414, -0.00177168019582, 0.00187987310346, -0.0030877336394, 0.00272946385667, -0.00264668627642, 0.00211527291685, -0.00371375400573, 0.00384032703005, -0.00325015792623], [0.000166136014741, -0.00057083502179, 0.00303390133195, -0.00121837644838, -8.70736548677e-05, -0.000586422509514, 0.000641332939267, -0.00135327142198, 0.00116358220112, -0.00309031340294, 0.00218719244003, -0.00301410723478, 0.00213212962262], [-0.000112114837975, 0.000829237280414, -0.00121837644838, 0.00408819131553, -0.00102758023422, -8.80068837432e-05, -0.000488860416226, 0.00242408574559, -0.0026907203719, 0.000827862357255, 0.000242993206484, 0.000442365475465, -0.00233497121371], [0.00011424440163, -0.00177168019582, -8.70736548677e-05, -0.00102758023422, 0.00610418058932, -0.00244516506791, 0.00126582337543, -0.00346541567706, 0.00020347633108, -0.000439027149696, 0.00165527197532, -0.00208469992504, 0.00107671448495], [-0.000236560750636, 0.00187987310346, -0.000586422509514, -8.80068837432e-05, -0.00244516506791, 0.010565539822, -0.0066526834853, 0.00155357818585, 0.000686993065756, -0.00101539015304, -0.00192534679081, 0.00270320125856, -0.000961957848631], [0.000397597963456, -0.0030877336394, 0.000641332939267, -0.000488860416226, 0.00126582337543, -0.0066526834853, 0.011739294976, -0.00468670390546, 0.00222834479064, -0.000861994281877, 0.00111341720913, -0.00389590556733, 0.00472710141912], [-0.000467270729132, 0.00272946385667, -0.00135327142198, 0.00242408574559, -0.00346541567706, 0.00155357818585, -0.00468670390546, 0.0133941369131, -0.0061863749288, 0.00289020664059, -0.00420508906245, 0.00366588472389, -0.00234481412917], [0.000348135537934, -0.00264668627642, 0.00116358220112, -0.0026907203719, 0.00020347633108, 0.000686993065756, 0.00222834479064, -0.0061863749288, 0.0151174031198, -0.00650130584836, 0.0039182654582, -0.000263837573584, 0.000274690944934], [-0.000175982087967, 0.00211527291685, -0.00309031340294, 0.000827862357255, -0.000439027149696, -0.00101539015304, -0.000861994281877, 0.00289020664059, -0.00650130584836, 0.0169497746974, -0.00604211073369, 0.00116131966934, -0.000592622614931], [0.000396737392293, -0.00371375400573, 0.00218719244003, 0.000242993206484, 0.00165527197532, -0.00192534679081, 0.00111341720913, -0.00420508906245, 0.0039182654582, -0.00604211073369, 0.017888519913, -0.00616614939645, 0.00169788347557], [-0.000441118405433, 0.00384032703005, -0.00301410723478, 0.000442365475465, -0.00208469992504, 0.00270320125856, -0.00389590556733, 0.00366588472389, -0.000263837573584, 0.00116131966934, -0.00616614939645, 0.0209640413523, -0.00707552349195], [0.000391693756683, -0.00325015792623, 0.00213212962262, -0.00233497121371, 0.00107671448495, -0.000961957848631, 0.00472710141912, -0.00234481412917, 0.000274690944934, -0.000592622614931, 0.00169788347557, -0.00707552349195, 0.0178561974317]], "cov": [[11895.7998047, -499.400909424, -221.416305542, -16.2212581635, -66.4457092285, 82.2354125977, -238.211410522, 185.174530029, -209.045410156, -54.2997894287, -187.338745117, 103.892028809, -171.319641113], [-499.400909424, 974.592468262, -209.410369873, -91.0155487061, 149.543991089, -24.8259391785, 149.604110718, 19.9293956757, 105.01978302, -55.6448059082, 134.307525635, -97.4258804321, 99.270866394], [-221.416305542, -209.410369873, 691.246765137, 209.061431885, 91.7246017456, 83.9976654053, 31.3937778473, 26.8665676117, 23.6388378143, 128.50604248, -46.7889633179, 90.6496887207, -49.9787063599], [-16.2212581635, -91.0155487061, 209.061431885, 406.098419189, 59.041759491, 10.3819093704, -37.2484130859, -33.415725708, 61.2814331055, 39.7523880005, -50.1092300415, 36.5942497253, 34.0435295105], [-66.4457092285, 149.543991089, 91.7246017456, 59.041759491, 275.794311523, 77.4133605957, 74.7618408203, 76.1907653809, 49.3318824768, 20.9265003204, 14.6239547729, 6.36616897583, 4.26674079895], [82.2354125977, -24.8259391785, 83.9976654053, 10.3819093704, 77.4133605957, 199.84223938, 127.364051819, 40.2135238647, -13.5732374191, 31.9425067902, 18.4679431915, 8.57635688782, -34.4221954346], [-238.211410522, 149.604110718, 31.3937778473, -37.2484130859, 74.7618408203, 127.364051819, 226.152374268, 63.0361671448, 2.4875895977, 13.3788080215, 46.5848236084, -2.35627174377, -30.3594493866], [185.174530029, 19.9293956757, 26.8665676117, -33.415725708, 76.1907653809, 40.2135238647, 63.0361671448, 143.013000488, 37.1442718506, 10.0732126236, 18.9692382813, -4.74011421204, -12.2667303085], [-209.045410156, 105.01978302, 23.6388378143, 61.2814331055, 49.3318824768, -13.5732374191, 2.4875895977, 37.1442718506, 125.339607239, 30.6161003113, 1.56425797939, -12.6987085342, 23.3125934601], [-54.2997894287, -55.6448059082, 128.50604248, 39.7523880005, 20.9265003204, 31.9425067902, 13.3788080215, 10.0732126236, 30.6161003113, 102.670028687, 12.3394908905, 19.9275054932, -11.1839561462], [-187.338745117, 134.307525635, -46.7889633179, -50.1092300415, 14.6239547729, 18.4679431915, 46.5848236084, 18.9692382813, 1.56425797939, 12.3394908905, 100.226371765, 2.25782132149, 9.61178016663], [103.892028809, -97.4258804321, 90.6496887207, 36.5942497253, 6.36616897583, 8.57635688782, -2.35627174377, -4.74011421204, -12.6987085342, 19.9275054932, 2.25782132149, 81.6894378662, 7.03986549377], [-171.319641113, 99.270866394, -49.9787063599, 34.0435295105, 4.26674079895, -34.4221954346, -30.3594493866, -12.2667303085, 23.3125934601, -11.1839561462, 9.61178016663, 7.03986549377, 93.7099990845]]}, "spectral_energyband_middle_low": {"dmean2": 0.00927086360753, "median": 0.00881317537278, "min": 1.76560146747e-22, "dvar2": 0.00029459639336, "dvar": 0.000121228615171, "dmean": 0.00595573987812, "max": 0.112224064767, "var": 0.000193942556507, "mean": 0.0131220370531}, "melbands_crest": {"dmean2": 5.22813272476, "median": 10.9381694794, "min": 2.36788654327, "dvar2": 23.9830360413, "dvar": 9.40586280823, "dmean": 3.17850613594, "max": 28.3636627197, "var": 19.7101955414, "mean": 11.8686513901}, "spectral_kurtosis": {"dmean2": 2.08035254478, "median": 3.16267180443, "min": -1.19297242165, "dvar2": 5.25772619247, "dvar": 2.0800640583, "dmean": 1.3185839653, "max": 25.7038936615, "var": 6.5978937149, "mean": 3.72773551941}, "spectral_rms": {"dmean2": 0.0015152101405, "median": 0.00399655336514, "min": 3.18404807728e-12, "dvar2": 6.12446638115e-06, "dvar": 2.60189926848e-06, "dmean": 0.00100876681972, "max": 0.0141442213207, "var": 5.38731273991e-06, "mean": 0.00426932657138}, "zerocrossingrate": {"dmean2": 0.0144942514598, "median": 0.0576171875, "min": 0.01513671875, "dvar2": 0.000267043244094, "dvar": 0.000236734384089, "dmean": 0.0126884886995, "max": 0.51416015625, "var": 0.0015316355275, "mean": 0.0671416297555}, "silence_rate_60dB": {"dmean2": 0.047918908298, "median": 0, "min": 0, "dvar2": 0.0526828207076, "dvar": 0.0233809277415, "dmean": 0.0239557735622, "max": 1, "var": 0.0846362039447, "mean": 0.0933517590165}, "erbbands_kurtosis": {"dmean2": 1.67209470272, "median": 0.425869196653, "min": -1.79635334015, "dvar2": 4.26209926605, "dvar": 1.85352444649, "dmean": 1.09831023216, "max": 22.1565322876, "var": 5.88864135742, "mean": 1.07345604897}, "erbbands": {"dmean2": [0.130709141493, 2.49765920639, 5.14361047745, 3.89808559418, 11.7153606415, 10.0165071487, 16.2786121368, 19.9331932068, 29.1007099152, 29.7076072693, 48.66639328, 48.9656677246, 27.5132389069, 32.9948043823, 25.6285057068, 20.0213985443, 26.7850627899, 15.0823802948, 20.8186817169, 13.257815361, 10.5927848816, 9.32903575897, 8.40842056274, 7.2417178154, 7.21033620834, 8.0533246994, 6.25481796265, 7.68591117859, 7.28718805313, 5.94534444809, 4.07000017166, 2.41001439095, 1.40018200874, 0.956439077854, 0.435778975487, 0.163539737463, 0.047725521028, 0.00812437664717, 0.000319106300594, 2.67103805527e-05], "median": [0.00682647945359, 0.0895747020841, 0.339350938797, 0.549257338047, 1.31197583675, 3.48092055321, 8.59010314941, 11.7472829819, 15.7175388336, 14.6357240677, 16.7616558075, 17.2829055786, 10.3873538971, 12.8292884827, 9.04310417175, 6.59522104263, 9.76438617706, 4.72116136551, 6.97713088989, 4.86760997772, 3.7904009819, 4.0611782074, 4.71878623962, 3.8809864521, 4.28978252411, 4.91731834412, 2.94858574867, 2.42193174362, 2.21067333221, 1.76480567455, 1.06234633923, 0.686019182205, 0.581937789917, 0.376168608665, 0.143173590302, 0.0362987853587, 0.00753497425467, 0.000849439937156, 3.4069922549e-05, 2.39530181716e-05], "min": [1.35753558567e-22, 2.77766098589e-21, 8.76176119666e-21, 1.50161812447e-20, 4.95170186396e-20, 1.33588518629e-19, 9.4142285007e-20, 3.59459994732e-19, 3.02627516771e-19, 9.08777637283e-19, 3.71418312203e-19, 5.80425139504e-19, 1.91757237077e-18, 1.84294537667e-18, 1.5169561856e-18, 3.971484786e-18, 5.54538491215e-18, 1.13287405875e-17, 1.10471434916e-17, 4.13493774299e-18, 5.76684308242e-18, 7.93499058781e-18, 9.516193478e-18, 9.22796156637e-18, 1.28670144583e-17, 2.83982155422e-17, 2.12141469591e-17, 1.94560721745e-17, 1.93305425534e-17, 1.57787778956e-17, 1.88228488719e-17, 1.42611678238e-17, 1.37799935527e-17, 1.28260930062e-17, 8.94280263072e-18, 5.08942931003e-18, 3.26358630611e-18, 1.32307073689e-18, 3.22060057311e-19, 3.75092125034e-20], "dvar2": [0.188287958503, 74.3446731567, 280.368682861, 98.6426315308, 1465.32128906, 432.591278076, 850.621032715, 1349.49450684, 3392.36743164, 4075.49902344, 16213.7265625, 13489.0390625, 5922.92626953, 8247.33789063, 3415.24072266, 2743.71240234, 4059.46142578, 1246.88916016, 3407.23632813, 1047.23486328, 726.924499512, 405.907745361, 186.119598389, 182.419677734, 167.550140381, 221.522613525, 131.941314697, 212.424301147, 230.808517456, 179.318481445, 141.595977783, 83.8488616943, 16.0023174286, 5.13934469223, 0.872411727905, 0.0896175801754, 0.0073778135702, 0.000207427307032, 6.7904198886e-07, 2.66103228341e-09], "dvar": [0.0713530182838, 26.5926437378, 103.640899658, 38.072479248, 558.049377441, 152.658584595, 330.394348145, 517.47052002, 1407.07397461, 1803.71887207, 6495.7734375, 5555.60888672, 2566.31347656, 3636.4140625, 1455.98864746, 1193.59118652, 1759.53051758, 596.445617676, 1445.20788574, 462.413085938, 340.151672363, 178.045776367, 84.8427963257, 83.5538787842, 78.5269393921, 99.3749542236, 63.2741928101, 99.4057312012, 109.985565186, 92.7760696411, 70.1462936401, 42.3264579773, 7.92708826065, 2.69819331169, 0.466613888741, 0.045854344964, 0.00367539818399, 0.000101414152596, 2.90559910354e-07, 1.13119957845e-09], "dmean": [0.0743500441313, 1.36580991745, 2.91192173958, 2.27748060226, 6.95341539383, 5.8297662735, 10.0194683075, 12.0793762207, 18.3327465057, 19.2292575836, 31.5674762726, 31.761341095, 17.8220062256, 21.9301357269, 16.7866840363, 13.2445354462, 17.5692768097, 9.9284620285, 13.5325431824, 8.72037124634, 7.25149536133, 6.21061038971, 5.55920600891, 4.96269750595, 4.94961071014, 5.39973735809, 4.40794324875, 5.30314970016, 5.16623735428, 4.43666267395, 2.98904395103, 1.814255476, 1.03113889694, 0.70589953661, 0.326861590147, 0.120787471533, 0.0347141176462, 0.00577802490443, 0.000215587104321, 1.80917322723e-05], "max": [2.005443573, 36.4817848206, 80.6685714722, 64.5501785278, 225.421936035, 169.473266602, 279.432403564, 510.380126953, 613.140380859, 785.999389648, 1686.78308105, 1132.24743652, 1322.19262695, 1300.93237305, 875.136230469, 831.489135742, 993.3671875, 713.161865234, 951.500549316, 460.256591797, 496.94909668, 321.885131836, 151.055587769, 254.30909729, 140.185470581, 177.92074585, 118.486335754, 147.621810913, 173.284912109, 222.571182251, 245.07460022, 222.731384277, 119.278633118, 41.0480079651, 18.7434768677, 4.71780967712, 1.42641150951, 0.149201199412, 0.0107507463545, 0.000339123187587], "var": [0.0493970289826, 16.1595935822, 69.4878158569, 28.9019775391, 417.284667969, 176.7212677, 570.228271484, 855.839477539, 2254.19555664, 3687.96533203, 10904.953125, 10634.2919922, 4889.43798828, 8205.91601563, 4508.64355469, 3046.17285156, 3899.12695313, 1554.76391602, 2787.45336914, 996.258422852, 1128.53979492, 551.313354492, 256.292541504, 228.138870239, 164.45854187, 199.098999023, 138.499008179, 175.295166016, 213.687759399, 196.024002075, 158.94354248, 89.0212249756, 20.0771179199, 8.19163417816, 1.29662740231, 0.107679985464, 0.00664841523394, 0.000151015105075, 3.01350951304e-07, 1.57689949987e-09], "mean": [0.0566210262477, 0.956163823605, 2.22338533401, 2.11021327972, 6.05048179626, 8.2903547287, 17.320016861, 21.4281692505, 32.4322547913, 34.8894386292, 54.5086402893, 55.9266357422, 33.5476341248, 43.2891578674, 35.1832695007, 25.9875183105, 31.1880512238, 18.6401443481, 22.8300971985, 15.2529277802, 13.7590742111, 11.9111185074, 11.1848297119, 10.0325918198, 9.10072803497, 9.70667934418, 7.44026899338, 7.57785463333, 7.74081707001, 6.80515766144, 4.61847400665, 2.83077859879, 1.74112355709, 1.1775188446, 0.506345033646, 0.165714606643, 0.042943444103, 0.00642488664016, 0.000225692216191, 3.59659752576e-05]}, "spectral_strongpeak": {"dmean2": 0.876698732376, "median": 0.839764118195, "min": 0, "dvar2": 1.5246835947, "dvar": 0.618718266487, "dmean": 0.537802636623, "max": 14.2304048538, "var": 1.2338051796, "mean": 1.18246519566}, "spectral_energy": {"dmean2": 0.020412331447, "median": 0.0163717512041, "min": 1.03916163883e-20, "dvar2": 0.00178900640458, "dvar": 0.000697920797393, "dmean": 0.0127404350787, "max": 0.205060467124, "var": 0.000759591930546, "mean": 0.0242047738284}, "average_loudness": 0.925391852856, "spectral_rolloff": {"dmean2": 968.184692383, "median": 1098.19335938, "min": 107.666015625, "dvar2": 2411952.25, "dvar": 1154485.25, "dmean": 582.246948242, "max": 18863.0859375, "var": 2694579, "mean": 1572.01000977}, "spectral_centroid": {"dmean2": 398.299621582, "median": 1114.43383789, "min": 269.397735596, "dvar2": 216220.90625, "dvar": 105953.640625, "dmean": 263.519775391, "max": 11416.5185547, "var": 311880.90625, "mean": 1228.09631348}, "pitch_salience": {"dmean2": 0.125440165401, "median": 0.592252075672, "min": 0.119317412376, "dvar2": 0.016795264557, "dvar": 0.00640821270645, "dmean": 0.0759929418564, "max": 0.84747582674, "var": 0.0111202346161, "mean": 0.583876013756}, "spectral_energyband_middle_high": {"dmean2": 0.00234711077064, "median": 0.00252255774103, "min": 1.60346639337e-21, "dvar2": 1.82197854883e-05, "dvar": 9.26381017052e-06, "dmean": 0.00168591004331, "max": 0.0582802817225, "var": 4.52365384263e-05, "mean": 0.00513213174418}, "spectral_contrast_coeffs": {"dmean2": [0.0889998152852, 0.0728984773159, 0.0628785192966, 0.0523601397872, 0.0402732938528, 0.0359321124852], "median": [-0.637182414532, -0.708836138248, -0.734988152981, -0.759161651134, -0.784015417099, -0.762967288494], "min": [-0.969159185886, -0.953350365162, -0.965340673923, -0.957265138626, -0.960271716118, -0.958847284317], "dvar2": [0.00582266179845, 0.00369005813263, 0.00256128795445, 0.00173913105391, 0.00108988711145, 0.00107073783875], "dvar": [0.0023270631209, 0.0014035977656, 0.00106597470585, 0.000737562892027, 0.00047763454495, 0.00044194291695], "dmean": [0.0534289255738, 0.0444395020604, 0.0394073054194, 0.0328785032034, 0.0255634021014, 0.0232532285154], "max": [-0.297176629305, -0.460829705, -0.474917083979, -0.527208566666, -0.597912490368, -0.584125339985], "var": [0.00833887979388, 0.00454491563141, 0.00515747815371, 0.00354913366027, 0.00230137770995, 0.00161982083227], "mean": [-0.628720641136, -0.707075715065, -0.730129480362, -0.754655361176, -0.779074907303, -0.762677907944]}, "melbands_skewness": {"dmean2": 1.18087089062, "median": 2.13981103897, "min": -0.776533842087, "dvar2": 3.11460328102, "dvar": 1.29456329346, "dmean": 0.758184790611, "max": 17.4524154663, "var": 2.27662181854, "mean": 2.2767572403}, "spectral_spread": {"dmean2": 841965, "median": 4960624.5, "min": 2144905.5, "dvar2": 949054668800, "dvar": 621015203840, "dmean": 670984.5625, "max": 40043020, "var": 2292139425790.0, "mean": 5117968}, "dissonance": {"dmean2": 0.0383999869227, "median": 0.453955739737, "min": 0.26907786727, "dvar2": 0.00110705720726, "dvar": 0.000422307814006, "dmean": 0.0230857152492, "max": 0.5, "var": 0.00108780141454, "mean": 0.447493821383}, "spectral_skewness": {"dmean2": 0.334595054388, "median": 1.51226198673, "min": -0.00985742267221, "dvar2": 0.102622143924, "dvar": 0.0445790737867, "dmean": 0.221642002463, "max": 3.65065741539, "var": 0.220921471715, "mean": 1.52857851982}, "spectral_flux": {"dmean2": 0.0532034896314, "median": 0.0652299597859, "min": 1.01939276465e-10, "dvar2": 0.00563081959262, "dvar": 0.00265833269805, "dmean": 0.0336063802242, "max": 0.403665095568, "var": 0.00488422811031, "mean": 0.0837608575821}, "spectral_contrast_valleys": {"dmean2": [0.719127357006, 0.562722325325, 0.544140994549, 0.466443657875, 0.44815737009, 0.450571477413], "median": [-7.74796056747, -6.45268535614, -7.39919471741, -8.02959823608, -7.85231733322, -10.0586051941], "min": [-26.9239044189, -28.0294265747, -27.5953636169, -27.5687084198, -27.2944869995, -27.2461490631], "dvar2": [0.460960060358, 0.252728641033, 0.239123180509, 0.18065237999, 0.216620028019, 0.20774936676], "dvar": [0.2397967875, 0.140567690134, 0.130127429962, 0.114221781492, 0.13377520442, 0.147333800793], "dmean": [0.449902683496, 0.353406488895, 0.341901481152, 0.307777881622, 0.330489635468, 0.413852363825], "max": [-4.89821577072, -4.45833110809, -5.19080638885, -5.85316514969, -5.81670618057, -7.51202583313], "var": [1.36400520802, 1.1960760355, 1.29268062115, 1.23539710045, 1.28964245319, 1.48334276676], "mean": [-7.92031240463, -6.58338451385, -7.52466440201, -8.17350673676, -7.9765663147, -10.1766290665]}, "erbbands_flatness_db": {"dmean2": 0.026121750474, "median": 0.158290937543, "min": 0.0429900474846, "dvar2": 0.000580605759751, "dvar": 0.00033187342342, "dmean": 0.0199565943331, "max": 0.289876312017, "var": 0.00180357031059, "mean": 0.161571890116}, "spectral_energyband_high": {"dmean2": 0.000620303384494, "median": 0.000331402639858, "min": 7.70517367344e-21, "dvar2": 1.28352019146e-06, "dvar": 7.76546812631e-07, "dmean": 0.000501312373672, "max": 0.0144295487553, "var": 2.41146767621e-06, "mean": 0.000907314883079}, "spectral_entropy": {"dmean2": 0.260213702917, "median": 7.53133916855, "min": 6.1577038765, "dvar2": 0.0632998943329, "dvar": 0.0297311339527, "dmean": 0.188695788383, "max": 9.78584671021, "var": 0.155405774713, "mean": 7.53966331482}, "silence_rate_20dB": {"dmean2": 0, "median": 1, "min": 1, "dvar2": 0, "dvar": 0, "dmean": 0, "max": 1, "var": 0, "mean": 1}, "melbands_flatness_db": {"dmean2": 0.0429833270609, "median": 0.173171833158, "min": 0.00883475039154, "dvar2": 0.00275106285699, "dvar": 0.0010764633771, "dmean": 0.0280285179615, "max": 0.426725536585, "var": 0.00258689280599, "mean": 0.175821959972}, "barkbands": {"dmean2": [3.19354003295e-05, 0.00921759661287, 0.00318808481097, 0.00216317363083, 0.00336842914112, 0.00227163941599, 0.00215479033068, 0.0020570945926, 0.0019194195047, 0.00118546397425, 0.000660202233121, 0.000585380301345, 0.000567994313315, 0.000415794667788, 0.000315181241604, 0.000229567827773, 0.000193544212379, 0.000169543985976, 0.000148002349306, 0.000164536599186, 0.000172499378095, 0.000206074430025, 0.000152027714648, 9.06326677068e-05, 7.14678753866e-05, 2.95465724776e-05, 2.55855866271e-06], "median": [1.60554482136e-05, 0.000339535443345, 0.00024788628798, 0.000204164651223, 0.0010735654505, 0.00137205258943, 0.0010146087734, 0.000576176098548, 0.000656597549096, 0.000361675804015, 0.000148089660797, 0.000138580740895, 0.000184210992302, 9.00850936887e-05, 0.000106636354758, 7.19788586139e-05, 7.35050998628e-05, 7.51290426706e-05, 7.19034360372e-05, 9.63984493865e-05, 6.43554594717e-05, 6.49865542073e-05, 4.0336206439e-05, 3.32794297719e-05, 2.76671962638e-05, 5.247136869e-06, 1.26232507114e-07], "min": [1.44739498776e-24, 1.02729663818e-23, 8.81406753406e-24, 4.00726469824e-24, 2.90038248658e-23, 3.27480521782e-23, 4.0479583247e-23, 1.87016217211e-23, 3.67194998303e-23, 4.74793353856e-23, 4.69139366867e-23, 9.10053290546e-23, 1.98712181381e-22, 1.55434148782e-22, 1.63522106141e-22, 9.3