{"metadata": {"tags": {"label": ["Om Records"], "catalognumber": ["OM 315"], "genre": ["Jazz, Hip Hop, Rap"], "asin": ["B001EN46FC"], "album": ["Mushroom Jazz, Volume 6"], "musicbrainz album type": ["compilation"], "script": ["Latn"], "albumartistsort": ["Farina, Mark", "Farina, Mark"], "musicbrainz album release country": ["US"], "acoustid_id": ["e3a35541-90bd-44dd-a49d-dad25c2084af"], "musicbrainz_artistid": ["13b58f42-ae0c-4d29-96c7-6fe0a163a766"], "musicbrainz_releasegroupid": ["0c1564e4-60a6-3fc1-9c2f-51d0e488582e"], "musicbrainz_recordingid": ["15048166-de37-4bd3-a145-6dde9a793360"], "musicbrainz album status": ["Official"], "albumartist": ["Mark Farina"], "barcode": ["600353081529"], "originaldate": ["2008-10-21"], "artist": ["Kero One"], "bpm": ["0"], "musicbrainz_albumid": ["cb06a172-2b89-47ba-bfdd-4a745278d60c"], "artistsort": ["Kero One"], "title": ["Groovin\u2019"], "tracknumber": ["4/20"], "musicbrainz_albumartistid": ["723644fe-d2b7-4b9c-a8e8-9ed7d5cdb476"], "discnumber": ["1/1"], "date": ["2008-10-21"], "acoustid_fingerprint": ["AQADtFpWNVEiBa5aBaHCpMKhHq8ILdERWolyPMyX4PZQFm2U6Di343hyIVJOR0imJM-DuXiOs6jQxAkeifiP5MqFdMcVGiecJmzwY9cl5MyN5PrQHJNeCk_kuPiENiWHhKzCoySFfGkypMnE48zxD8-P-3Cefsg3Cm8d_BYe7riK4eiTG05CRUYZXUP2Q0fOwxHxPRN4OqiWo6kUGZX8oRGTBfmPK-GHGraHp8b-CHenBd86dOGh8sPvIZ8vNPzgsQ_6HB-F-IxwKwssHTmT42UK_xFOXTG6ZkTDKEuOH6ePPOOQfLiUD3ByAf7xrDFy19CVC-m3BL_xbanRRH_QXkT0UBv0RopxF4WixKmJOCGOUg7eHh-P5pmMMEl1IZl6_PjRZCfKJsWDXEWyUC76JA9ui9nwa_gTofkR7tSRlMo-_MZz_MKPP8FzxHSQHN-J1bEivEyO_jBPlNOCLyL6JF2CUnrwLUSef5CGfAmu-DGq5XioOEGfLMfxt3iUJZYwJVKSI9KuBKqOvAO95NiFK0wYXDPxiMLzrEjIC7mUeMGPmzJ6DY2KU8HzDro6JngDj_ge4mKconlmtDrmS0HyI-2P_xLxOMeVDj-Y9EFIJYxFnDzEsymO48-OhuqN_gpiOfgV4weZOzjTHOeOw8d1_KGQ21CfIg-aNEd74VGNw6OUCv3RJJESBT_yPahO7CNyvNTg6YuGqWOOWCeSkyA_oYkUH22uxHhz-MKJdziTLEen6By8E32E38eTJ7iJy8lx7NGRC8mbTRqm_GAk0nicYY1yHUfZdWg45sh5Ill8tEuC96jaTERTZXiOWdeQPEH4o3FSGs90xbi8EjeH_IoKLU2TD21EJ3gI78QD9fjCHG1PQtyTD-Ej3A_G5JXxJEatG1OG0tzR0OoQZlqg6MK1ZCE-wuORX_gUXFNKhMwELcdx50GYLUf740euHFp6ohK_CLmTEQ8XnIh1aI1ThNl63LVgNRd-vPC2IVYGPRcOhxcaeY1Q_dCJ6amhhUcpRwjzCV90_MHEHN-Ht0cXCfl4Ecmzo3nQ-sRFPDmaUAzKxA7yXUgeHH6pDPePR5eCTz-S5TnCdsGfoIlKRkTHHEeMv4X4BXrLGPGOM8WdYw-PP0O9Gkx-tFO2bLiUzAgPnUf2o2TQZGOHL0yDMxdShgtx54IyTVmKm8ijS_iToQ_yZBB3HWFzBtfxTEx0XMF7hHyuDL7CCLrRNMky3PgR38cZ1FQkowkTpXiJJ9njYE-FX8UxHWF-QWeSDrm0Fffx5fgFlCyHUDt0KTny4Nni4DGNSmzRPMN1IrmOXELzH32Z4CJ9PMsUCe8R5k-Q7Plw6Rl6sWiq4zli6EfNJOPhLQk0KdGDfKqW4HVxHp5MfPHQbL_QjcezrUGyzHsQnglx47vQKImCflFQmWh249mTCBc6ljPChA5uHbrxBdElFrsyDv-xqSFxE5k5Er0FTz-eaEfzKBR-8sKPnDmaJZfgJjn6HU1yrgPzB2dwK8aeY0aePEgmsYV1TOWFz8dzwNEiER9zXH2Q7HkQZseV48vhhw6u49GjIMmD_NgcG1eeCtfDYL22I9QPLU8qIasS6SE-FlR8_EPyI_OKUlEeuEsQrjzUJ0yGrP3xXVgj5zjeG3suNFsUGW2P5DlisUeTBP1x49eCkmWGPCw0r8QZJYgnHr-CCvkh0silKxmqz_gV4k4PlmiXHZGVpgpcJjma71CYH9cQ60GzJHkkXEeTKyq652AS58eJ3Ypx5RhyPUgmMSysCzsvlDOeA44WGV-Pqw-S_UGY2cYVnIfThMZfPDqSPNeCYPONK89xPTVWfTp6IVlYJRWyKlme4Rtr-PrBIYfk8wgTLcmDcNahPsjbEM9lsBeeMPjxEVeSE1WSzmCyC7kg_8hWNMvRx7iJH02eFY-YIMwevIHyPUIJOx2-4gmhRwoqUcOTRDv-4S_OHaXcDO2ynPhiIj--47nRvEefHDn05cizlngVdP9gTN5Cwy74jcObqcRUSxsa7cGlIXkkhIlzVKIs5IrkQY9WRMqP5sGPVnoUeM-R8ET2HPZNdHkw7gyLPjnsxMjTJIVGSo9wjh2sHmpv_MhPlEfzLBzyHLpmxE14PCE5PJKCR1aMHg0fFbMOH98jDe0Tw7MQ7Yd2HrngNfiiJ6jUE424HU8R6xk-aE8HfTl8JsSnoBI7XOGPa9BPPDn6Lygl5lCbFMcj78IvokfjhMf1Qi6P3_h2NM-hXYNyfWgORo-M81i740ZDHWVzTPqNJleQTxfaTQWTD31bmLDSZ7Cejkj2ENE_o5mE7kzx-7iyFK2SFGmeQ5MoJUXupcrg80NcXD9U9AjzLLh_5D9kLctxSsKDXM7x6ZjSLZGGsjt-oc8WNHuI_cFDR0j2IJ1QOcenPNiD8UsFu0aeHj9FPAz6Hnb0BPU3_KNxBWtzqC9x1RnBZMqegMo2MSiZ4Dme4Eo2oWJyBumTD8-Ton_xXsf-BH_wF3tEHnluaJlsCaGUZcF53EEPVzm6WMETHzmzR0iy-RE-fNHRrItRLsR-40suJM8RHk1XyhiPNf9QXUivB1KoMMnBK1GaEI55_LgO_SiV5INYHnniHdVZPH2G55il4vmw_ziaScmoo22OXNDZGn_RZDvCUTceZdGCifDDCpbzaKgVJXh2_ApifcQpMuiRz4oGV58QMguHH-Mhn8h1J8rQZMmu4JyKJk6QH_KPawvKJDkziM-HPCGqeA5-zFyOx8nw5cdOSfiDMPuRRFKW4zTe9DiaWEa55ni2HLkeiM-F3LhynFl6OCKpCL8Q-dBzhA-mVOZx58VzHZMOP5zApzqySUryBGHU4j-Cn9CYJIe7R8j2xDtIZxsqX_iPOXHwR9jT4znR5xHCJL-gqkOOPceHJstIdCWFJl_QB9811EpuNFOOH12uBOERXZFGfDpx8kkQiS8afVB5PB4AJA4wACBBkGICAEGBIAQQYqQgxAEiDDEkAAUYAYwYAhQUAgBABCEKDUEMlMABQJQQQgDChCLACmYEUUAQRQgQQiBAhGGQCSUIYxIQQYgBQggADELgIIIAYUgRMIAAAiAiCFJEAGYggsYIZhiBCAGgAGNAAaCAJcAJwQARRjGnpCNEAsIEg0oKIgAECgHEFBEKACAE4IIZAFg2QAiDhHFECGAUEYgCggxgyIhEjBRIQuUIEBwBRISBBACilCCECUCEAgYEIQwBjBmkiCDUGMEAAcYBwDAwBAAACDDEAKGBQQAqIhAgRhCikBOACMgEIBBIBEgzCggmiEBIIAAYAUggQBQSBCEBEBAAIEIEQw4RIQgUwBBnAADEKiQYIYAIIABhChlBgACGGAMIIUBABTgBxgGFSDAACAIAURIYLwwgSjAhgCBAACSJYIAgQACyAjAAmAMGCAIEIpAYQwAzgAkBjAPMAUQAEEAYYZQyQAhDjLBKYEAAgAYQQ4gVhhgAOEFGCUSAAIQQBBARHBgjDBEACA-EIQIJBBhFgBEgGBVCAAGAEk4YQKkgiAmBDCCAWCUoAAAaQAwxghgiiTIAIAKAAMYCAQAQwhgCFGECIYIRUMggppBxQAgAEAIXQAWYQQAQYYERAgAgKUGCAAAIMAIagxwijggFCAVOCEEAUIZoAhRAFANgmBFMEAGEBEQZQARxIBDDtAAEECGNAYALgIwAkDAiADFAEKGAQYApAoQQhgBCABLIAIIIAEAAJhQABEgBBKBMGIIUEhAIJaRQGghChCJGEEKAAIgIUIEABggFCBAAEIAIAcowhoAgAgAggAGOEOM4JYgRAAASHDAhEGIAAEOwIkIYEAwCBAligBDCIKAcAsRDJAAgWhBIhDCQGWcIMMoRohhTAAgijAFACEeAYRARIIARRFEEAACCEWIQAIIIo4BRShgAhCTCOW2IIEAqLgAAAhmtAA"], "media": ["CD"], "file_name": "04. Kero One - Groovin\u2019.mp3", "language": ["eng"]}, "audio_properties": {"sample_rate": 44100, "downmix": "mix", "lossless": false, "analysis_sample_rate": 44100, "md5_encoded": "5726ace835ca73c2fefbc4a5c3342379", "equal_loudness": 0, "replay_gain": -13.8864269257, "codec": "mp3", "bit_rate": 210766, "length": 205.792648315}, "version": {"extractor": "music 1.0", "essentia_build_sha": "70f2e5ece6736b2c40cc944ad0e695b16b925413", "essentia_git_sha": "v2.1_beta2", "essentia": "2.1-beta2"}}, "rhythm": {"beats_loudness_band_ratio": {"dvar2": [0.282693386078, 0.145420342684, 0.0747413784266, 0.00929546169937, 0.0609333366156, 0.0228573735803], "var": [0.146180823445, 0.0672902464867, 0.0220704395324, 0.00298833777197, 0.0114647569135, 0.00889437738806], "min": [0.000750400009565, 0.002411454916, 0.000724016572349, 0.00034177856287, 0.000224523697398, 0.000284558336716], "dmean": [0.567015647888, 0.35952731967, 0.118392661214, 0.0543874539435, 0.103202603757, 0.112968638539], "mean": [0.492817521095, 0.282951116562, 0.0909947007895, 0.0443012528121, 0.066189609468, 0.0735904797912], "max": [0.988101780415, 0.947465360165, 0.929959654808, 0.36714437604, 0.475181996822, 0.62989783287], "dmean2": [1.07982432842, 0.691526174545, 0.209527701139, 0.0980810075998, 0.201004445553, 0.214270561934], "median": [0.508008003235, 0.202362671494, 0.038640961051, 0.0224051661789, 0.0273895971477, 0.0348956957459], "dvar": [0.0921780839562, 0.0443831458688, 0.0271747391671, 0.00291698193178, 0.0164383724332, 0.00823875050992]}, "bpm_histogram_first_peak_weight": {"dvar2": 0, "var": 0, "min": 0.979104459286, "dmean": 0, "mean": 0.979104459286, "max": 0.979104459286, "dmean2": 0, "median": 0.979104459286, "dvar": 0}, "bpm": 98.0464706421, "beats_count": 336, "bpm_histogram_first_peak_spread": {"dvar2": 0, "var": 0, "min": 0.0120481848717, "dmean": 0, "mean": 0.0120481848717, "max": 0.0120481848717, "dmean2": 0, "median": 0.0120481848717, "dvar": 0}, "danceability": 1.38082385063, "bpm_histogram_first_peak_bpm": {"dvar2": 0, "var": 0, "min": 98, "dmean": 0, "mean": 98, "max": 98, "dmean2": 0, "median": 98, "dvar": 0}, "beats_position": [0.557278871536, 1.11455774307, 1.68344664574, 2.26394557953, 2.85605430603, 3.47138309479, 4.08671188354, 4.69043064117, 5.30575942993, 5.92108821869, 6.52480697632, 7.14013576508, 7.75546455383, 8.35918331146, 8.97451210022, 9.58984088898, 10.2051696777, 10.8204984665, 11.4242172241, 12.0395460129, 12.6548748016, 13.2585935593, 13.873922348, 14.4892511368, 15.1045799255, 15.7199087143, 16.3352375031, 16.9505672455, 17.5542850494, 18.1580047607, 18.7733325958, 19.3886623383, 20.0039901733, 20.6193199158, 21.2230377197, 21.8383674622, 22.4536952972, 23.0574150085, 23.6727428436, 24.2880725861, 24.89179039, 25.5071201324, 26.1224479675, 26.7261676788, 27.3414955139, 27.9568252563, 28.5721530914, 29.1874828339, 29.8028106689, 30.4181404114, 31.0218582153, 31.6255779266, 32.2409057617, 32.8562355042, 33.4715652466, 34.0868911743, 34.690612793, 35.3059387207, 35.9212684631, 36.5249862671, 37.1403160095, 37.755645752, 38.3593635559, 38.9746932983, 39.5900230408, 40.2053489685, 40.8206787109, 41.4243965149, 42.0397262573, 42.6550559998, 43.2703857422, 43.8741035461, 44.4894332886, 45.1047592163, 45.7200889587, 46.3238105774, 46.9275283813, 47.5428581238, 48.1581840515, 48.7735137939, 49.3888435364, 49.9925613403, 50.6078910828, 51.2232208252, 51.8269386292, 52.4422683716, 53.0575942993, 53.6729240417, 54.2882537842, 54.8919715881, 55.5073013306, 56.122631073, 56.726348877, 57.3416786194, 57.9570045471, 58.5723342896, 59.187664032, 59.7913818359, 60.4067115784, 61.0220413208, 61.6257591248, 62.2410888672, 62.8564147949, 63.4717445374, 64.0870742798, 64.7024002075, 65.3061218262, 65.9214477539, 66.5251693726, 67.1404953003, 67.7558288574, 68.3711547852, 68.9864807129, 69.60181427, 70.2171401978, 70.8208618164, 71.4245758057, 72.0399093628, 72.6552352905, 73.2705688477, 73.8858947754, 74.489616394, 75.0933303833, 75.7086639404, 76.3239898682, 76.9393157959, 77.554649353, 78.1583633423, 78.7736968994, 79.3890228271, 80.0043487549, 80.6080703735, 81.2233963013, 81.8503417969, 82.4656677246, 83.0693893433, 83.684715271, 84.2884368896, 84.8921508789, 85.507484436, 86.1228103638, 86.7265319824, 87.3418579102, 87.9571838379, 88.572517395, 89.1878433228, 89.8031692505, 90.4068908691, 91.0222167969, 91.6259384155, 92.2412643433, 92.8565979004, 93.4719238281, 94.0872573853, 94.6909713745, 95.3063049316, 95.9216308594, 96.525352478, 97.1406784058, 97.7560043335, 98.3713378906, 98.9866638184, 99.590385437, 100.205711365, 100.821044922, 101.424758911, 102.040092468, 102.655418396, 103.259140015, 103.874465942, 104.48979187, 105.093513489, 105.708839417, 106.324172974, 106.939498901, 107.554824829, 108.170158386, 108.785484314, 109.389205933, 109.992919922, 110.608253479, 111.223579407, 111.838912964, 112.454238892, 113.05796051, 113.673286438, 114.288612366, 114.903945923, 115.519271851, 116.122993469, 116.726707458, 117.342041016, 117.957366943, 118.572692871, 119.188026428, 119.791740417, 120.407073975, 121.022399902, 121.637733459, 122.241447449, 122.856781006, 123.472106934, 124.087432861, 124.69115448, 125.306480408, 125.921813965, 126.537139893, 127.140861511, 127.756187439, 128.371520996, 128.986846924, 129.590560913, 130.194290161, 130.809616089, 131.424942017, 132.040267944, 132.655593872, 133.2709198, 133.886260986, 134.489974976, 135.093688965, 135.709014893, 136.324356079, 136.939682007, 137.555007935, 138.158721924, 138.77406311, 139.389389038, 139.993103027, 140.608428955, 141.223754883, 141.827484131, 142.442810059, 143.058135986, 143.673461914, 144.288803101, 144.89251709, 145.507843018, 146.123168945, 146.738494873, 147.35383606, 147.969161987, 148.584487915, 149.188201904, 149.791931152, 150.418869019, 151.034194946, 151.649520874, 152.264846802, 152.880172729, 153.483901978, 154.087615967, 154.702941895, 155.318267822, 155.92199707, 156.537322998, 157.152648926, 157.767974854, 158.383300781, 158.987030029, 159.590744019, 160.206069946, 160.821395874, 161.436737061, 162.052062988, 162.679000854, 163.282714844, 163.898040771, 164.513381958, 165.128707886, 165.744033813, 166.347747803, 166.96307373, 167.578414917, 168.193740845, 168.809066772, 169.412780762, 170.028121948, 170.643447876, 171.247161865, 171.850875854, 172.466217041, 173.081542969, 173.685256958, 174.300582886, 174.915908813, 175.519638062, 176.123352051, 176.738677979, 177.354003906, 177.969345093, 178.584671021, 179.18838501, 179.803710938, 180.419036865, 181.022766113, 181.626480103, 182.230194092, 182.845535278, 183.460861206, 184.076187134, 184.691513062, 185.29524231, 185.898956299, 186.514282227, 187.129608154, 187.744934082, 188.360275269, 188.963989258, 189.567703247, 190.183029175, 190.798370361, 191.402084351, 192.00579834, 192.621124268, 193.236465454, 193.851791382, 194.46711731, 195.070831299, 195.674560547, 196.289886475, 196.905212402, 197.508926392, 198.11265564, 198.727981567, 199.343307495, 199.947021484, 200.562347412, 201.177688599, 201.781402588, 202.396728516, 203.012054443, 203.62739563, 204.242721558, 204.846435547, 205.450149536], "beats_loudness": {"dvar2": 0.00406293338165, "var": 0.00204873131588, "min": 0.000958049728069, "dmean": 0.0538731925189, "mean": 0.0552349984646, "max": 0.177549868822, "dmean2": 0.0930870845914, "median": 0.0416524782777, "dvar": 0.00161469902378}, "bpm_histogram_second_peak_weight": {"dvar2": 0, "var": 0, "min": 0.0029850746505, "dmean": 0, "mean": 0.0029850746505, "max": 0.0029850746505, "dmean2": 0, "median": 0.0029850746505, "dvar": 0}, "bpm_histogram_second_peak_spread": {"dvar2": 0, "var": 0, "min": 0.5, "dmean": 0, "mean": 0.5, "max": 0.5, "dmean2": 0, "median": 0.5, "dvar": 0}, "bpm_histogram_second_peak_bpm": {"dvar2": 0, "var": 0, "min": 103, "dmean": 0, "mean": 103, "max": 103, "dmean2": 0, "median": 103, "dvar": 0}, "onset_rate": 5.33015680313}, "lowlevel": {"spectral_energyband_high": {"dvar2": 8.29327802876e-07, "var": 7.16827344149e-07, "min": 1.64321139161e-12, "dmean": 0.000305386056425, "mean": 0.00034987431718, "max": 0.0119705870748, "dmean2": 0.000423690042226, "median": 2.46132367465e-05, "dvar": 4.2654849608e-07}, "spectral_energyband_middle_low": {"dvar2": 0.000847896502819, "var": 0.000382431026082, "min": 1.07066773795e-13, "dmean": 0.00984794087708, "mean": 0.0148998284712, "max": 0.157523661852, "dmean2": 0.0163905601948, "median": 0.00763068255037, "dvar": 0.000322507141391}, "spectral_energy": {"dvar2": 0.00167232984677, "var": 0.00118978740647, "min": 2.83444535204e-12, "dmean": 0.0155796697363, "mean": 0.0281698275357, "max": 0.235520407557, "dmean2": 0.0244110133499, "median": 0.0174006670713, "dvar": 0.000738319009542}, "spectral_spread": {"dvar2": 1449045786620.0, "var": 3113732800510.0, "min": 709991.3125, "dmean": 893920.6875, "mean": 4385894, "max": 26307862, "dmean2": 1255150.25, "median": 4151156, "dvar": 834280685568}, "spectral_energyband_low": {"dvar2": 0.00114493700676, "var": 0.000795008148998, "min": 2.867612467e-15, "dmean": 0.00972890388221, "mean": 0.0156733542681, "max": 0.210704952478, "dmean2": 0.0157479904592, "median": 0.00358074740507, "dvar": 0.000511628284585}, "spectral_rolloff": {"dvar2": 2756261.25, "var": 1680818.375, "min": 64.599609375, "dmean": 459.523712158, "mean": 858.891113281, "max": 15590.0390625, "dmean2": 782.74432373, "median": 366.064453125, "dvar": 1235210.75}, "barkbands": {"dvar2": [4.63008035467e-07, 0.00047668805928, 0.00032409679261, 0.000344446394593, 0.00018508262292, 4.38168608525e-05, 2.0942365154e-05, 6.93434139976e-06, 6.3312279508e-07, 3.23309791384e-07, 4.0728895101e-07, 1.49305989794e-07, 4.63295464215e-07, 3.43668062897e-07, 3.9973124899e-07, 9.66356651588e-07, 3.32754410692e-07, 4.25049677233e-07, 2.46706974849e-07, 8.90889211291e-08, 7.82987825687e-08, 6.75293279073e-08, 3.13536503427e-08, 1.13399245549e-08, 4.34149516337e-09, 3.48597088695e-11, 3.00772969898e-12], "var": [5.66563073789e-07, 0.000335910677677, 0.000124972793856, 0.000133601890411, 7.76357119321e-05, 2.66497972916e-05, 9.05502201931e-06, 3.676103006e-06, 2.7974152772e-07, 1.73115779489e-07, 2.14622914996e-07, 8.86696298608e-08, 1.83283717092e-07, 2.5809342219e-07, 2.35197276766e-07, 4.60198947394e-07, 1.8747536501e-07, 3.4473271171e-07, 1.27966302443e-07, 5.25911865168e-08, 6.61485088926e-08, 4.41174030641e-08, 2.06378256706e-08, 9.53616652311e-09, 2.84854806409e-09, 3.76265824054e-11, 2.50426675924e-12], "min": [1.50717283926e-15, 1.50119575126e-15, 2.48180177089e-16, 1.10469973453e-15, 5.66873157708e-15, 2.40458656506e-15, 1.44187487877e-14, 5.8379547839e-15, 6.5486631146e-14, 3.4196271845e-14, 2.00994531755e-14, 1.08011761021e-14, 1.31281992249e-14, 6.43295858341e-15, 4.1398759014e-14, 1.79383892181e-13, 1.34314312602e-13, 2.69850277106e-13, 3.30276496256e-13, 9.16971847845e-14, 3.80105391335e-14, 1.37509090486e-13, 1.60515603088e-13, 1.61977527745e-13, 2.64576528004e-13, 4.09123445842e-13, 4.2291896981e-13], "dmean": [0.000120625758427, 0.00501634739339, 0.00414784438908, 0.00475634727627, 0.00362598220818, 0.00188102026004, 0.000863089400809, 0.000470964412671, 0.000160006049555, 0.000105129845906, 0.000100079247204, 8.46391703817e-05, 0.000126315047964, 0.000112832611194, 0.000113222842629, 0.000124494094052, 8.47073097248e-05, 9.73259084276e-05, 7.12764594937e-05, 5.56791310373e-05, 8.79895378603e-05, 7.35807116143e-05, 6.04869783274e-05, 3.87662366848e-05, 2.38804368564e-05, 2.02584988074e-06, 2.2117595222e-07], "mean": [0.000169394552358, 0.0057834261097, 0.00571209890768, 0.00630298163742, 0.00428046192974, 0.0024174246937, 0.00102327845525, 0.000627931382041, 0.000226270072744, 0.00015267211711, 0.000123284335132, 0.000114064932859, 0.000167635997059, 0.000156430716743, 0.000134980771691, 0.000132537621539, 9.17873185244e-05, 0.000105310871731, 7.2639377322e-05, 5.81067906751e-05, 9.69290704234e-05, 8.05455201771e-05, 6.45719337626e-05, 4.67252866656e-05, 2.5605688279e-05, 2.44600823862e-06, 2.38538376607e-07], "max": [0.0219005197287, 0.193248689175, 0.116251021624, 0.126642361283, 0.0721682980657, 0.0917980894446, 0.0399554334581, 0.0359650813043, 0.0114695774391, 0.00802993122488, 0.00998038891703, 0.00613115448505, 0.0135751953349, 0.0121418023482, 0.0127806263044, 0.0142333786935, 0.0131837101653, 0.0102470647544, 0.00636291084811, 0.00455311639234, 0.00348946056329, 0.00224933191203, 0.00132405164186, 0.000793986488134, 0.000459116301499, 0.000166897516465, 6.04453998676e-05], "dmean2": [0.000186874822248, 0.00805113837123, 0.00720284692943, 0.00817757472396, 0.00617081671953, 0.00307966955006, 0.0014635293046, 0.000766877201386, 0.000261183624389, 0.000172997417394, 0.00016247126041, 0.000134205823997, 0.000201223068871, 0.000163565404364, 0.0001761878666, 0.000197938075871, 0.000125518025015, 0.00013185221178, 0.000102965859696, 8.34760212456e-05, 0.000127388484543, 0.000105686456664, 8.77859711181e-05, 5.54237376491e-05, 3.45355838363e-05, 2.77157982964e-06, 3.04296975173e-07], "median": [1.46445709106e-05, 0.000630419002846, 0.000521751469932, 0.000936118827667, 0.000894381722901, 0.000434540794231, 0.000122058860143, 0.000130093438202, 8.15808671177e-05, 1.70998864633e-05, 1.85324824997e-05, 2.03293275263e-05, 4.43957032985e-05, 3.66229505744e-05, 2.18195873458e-05, 1.4858738723e-05, 1.14878321256e-05, 6.03793250775e-06, 3.84971326639e-06, 3.16778005072e-06, 5.18679007655e-06, 6.70041663398e-06, 5.95529763814e-06, 2.39184714701e-06, 1.95432949113e-06, 3.03282831737e-07, 1.27398358529e-08], "dvar": [2.16466531811e-07, 0.0002113829687, 0.000118514421047, 0.000127666906337, 7.17559305485e-05, 1.8887594706e-05, 7.95819141786e-06, 2.93091693493e-06, 2.48929211466e-07, 1.27902637814e-07, 1.72437182755e-07, 6.37941326431e-08, 1.78362327574e-07, 1.65479050906e-07, 1.77905079113e-07, 3.97653025175e-07, 1.45092514003e-07, 2.25765631967e-07, 1.10122435615e-07, 3.9975951438e-08, 3.9649084016e-08, 3.17984927278e-08, 1.4598447784e-08, 5.68594549222e-09, 2.05153138921e-09, 1.93044937674e-11, 1.5697442261e-12]}, "melbands_skewness": {"dvar2": 6.68700504303, "var": 10.302945137, "min": -2.26082801819, "dmean": 1.58165287971, "mean": 4.18852424622, "max": 27.1293678284, "dmean2": 2.40595507622, "median": 3.73516559601, "dvar": 3.10413169861}, "barkbands_skewness": {"dvar2": 4.10937547684, "var": 7.39230823517, "min": -2.424036026, "dmean": 1.24523222446, "mean": 3.1138920784, "max": 26.4290237427, "dmean2": 1.87992119789, "median": 2.78412413597, "dvar": 1.91073691845}, "erbbands": {"dvar2": [0.109394356608, 35.8596687317, 306.502288818, 2239.4543457, 2474.41772461, 3054.5612793, 3769.50585938, 2803.31469727, 4010.33496094, 4911.55712891, 1439.9041748, 296.857818604, 199.519790649, 331.479736328, 465.350341797, 272.104431152, 781.889587402, 668.316711426, 1298.30615234, 1664.15002441, 2698.34082031, 1207.35522461, 1858.51171875, 644.587463379, 383.272583008, 226.340713501, 97.1138687134, 173.204650879, 89.8569641113, 76.9996643066, 15.7007007599, 6.01385498047, 2.91687917709, 0.91107994318, 0.113927163184, 0.00160515529569, 7.87836543168e-05, 7.03347313902e-06, 1.05703129805e-07, 2.1540269568e-09], "var": [0.393604546785, 17.3323936462, 131.597946167, 888.525085449, 1093.3996582, 1219.74914551, 1907.23876953, 1651.11706543, 1502.61950684, 3072.45678711, 1056.83728027, 134.802581787, 89.403503418, 238.449310303, 256.68460083, 168.91506958, 365.734375, 441.309753418, 881.879089355, 807.682067871, 1371.18835449, 707.706481934, 1373.8548584, 373.577667236, 224.138137817, 129.139816284, 100.156692505, 116.73235321, 56.8593673706, 47.9600410461, 11.1020450592, 5.01942873001, 2.25700592995, 0.658445298672, 0.0712823867798, 0.00191330979578, 7.529532013e-05, 6.02482532486e-06, 8.51272687896e-08, 1.6491233934e-09], "min": [7.04559769359e-14, 2.41977716076e-13, 3.32332929622e-13, 2.00659302542e-12, 1.01597957478e-11, 2.13042274794e-11, 1.85567654992e-11, 2.43327805821e-11, 1.52734477843e-10, 2.40667263895e-10, 1.98271871144e-10, 1.47548995244e-09, 1.36584388244e-09, 1.17333587291e-09, 4.72740069313e-10, 5.36513777849e-10, 6.58315624236e-10, 2.92081747677e-10, 1.15609355422e-09, 4.89930851444e-09, 1.03852837441e-08, 7.75568498312e-09, 1.53339758668e-08, 1.77897252485e-08, 1.13352731645e-08, 4.34433333751e-09, 1.83094994721e-09, 1.820913198e-09, 4.16229317679e-09, 6.72138922297e-09, 3.85500875666e-09, 3.379578839e-09, 2.35292674233e-09, 2.35973662832e-09, 2.20394502648e-09, 8.67622806933e-10, 1.0979933629e-09, 4.06207734116e-10, 8.17117623564e-11, 2.04892396452e-12], "dmean": [0.0907113850117, 1.32951676846, 4.11144828796, 11.9258651733, 12.5818719864, 13.2404346466, 14.2717103958, 14.1802034378, 12.1409320831, 13.4991950989, 7.76093482971, 3.70481467247, 2.71235156059, 3.71304345131, 3.69362807274, 3.76083111763, 5.89750623703, 4.78810214996, 6.06677293777, 6.90830135345, 6.33867406845, 5.02409648895, 5.84989023209, 3.99468517303, 3.1679983139, 2.71894860268, 2.78064632416, 3.67517566681, 2.4686152935, 2.84041309357, 1.39176678658, 0.817832231522, 0.634412586689, 0.355961203575, 0.120355017483, 0.0162932332605, 0.00247255619615, 0.000378158671083, 4.81931820104e-05, 1.85165245057e-05], "mean": [0.148798570037, 1.37892401218, 5.21443796158, 17.3496131897, 16.1704711914, 13.7829217911, 17.8367404938, 17.8280105591, 13.5513238907, 18.1848220825, 11.4591255188, 5.1929731369, 4.10279417038, 5.88005065918, 4.82254600525, 5.36464643478, 8.35459899902, 6.9492650032, 7.5172123909, 7.99548912048, 6.93292999268, 5.36017370224, 6.26228523254, 4.09570074081, 3.24294805527, 2.85167098045, 3.25062346458, 3.98144364357, 2.66354370117, 3.06559085846, 1.4979878664, 0.993870794773, 0.742723941803, 0.391817092896, 0.128142952919, 0.0199779942632, 0.00303551647812, 0.000440143368905, 6.01986939728e-05, 3.34927099175e-05], "max": [9.07755756378, 40.608959198, 111.643737793, 272.984191895, 371.014587402, 405.33404541, 444.213226318, 1106.28430176, 646.827880859, 1077.24243164, 559.233398438, 219.591278076, 179.639648438, 241.707626343, 311.807159424, 290.172973633, 526.237976074, 499.867004395, 760.438598633, 655.429931641, 797.754089355, 658.159423828, 694.363830566, 324.612487793, 267.060272217, 238.832168579, 163.384140015, 136.823394775, 97.2159500122, 58.2518386841, 30.6179504395, 23.0147247314, 9.42631626129, 6.31847000122, 2.66098237038, 0.813147902489, 0.20149846375, 0.1080102548, 0.00959168653935, 0.000333719537593], "dmean2": [0.132663428783, 2.17188072205, 7.02713537216, 20.488363266, 21.7691822052, 22.2045516968, 23.4539203644, 23.3760318756, 20.6704959869, 22.245677948, 12.1285982132, 6.07304525375, 4.41612434387, 5.82994604111, 5.96413898468, 5.96575403214, 9.24675273895, 7.17412853241, 8.88798904419, 11.2915973663, 9.68044757843, 7.41220521927, 7.94663238525, 5.69237232208, 4.49348688126, 4.05988407135, 4.09431743622, 5.44999361038, 3.58660054207, 4.07439184189, 2.01409888268, 1.20550644398, 0.895375847816, 0.505656003952, 0.177272185683, 0.0223095212132, 0.00352160586044, 0.000525374955032, 6.6380489443e-05, 2.83540721284e-05], "median": [0.0155593957752, 0.182649791241, 0.744320571423, 3.24924564362, 3.27410435677, 2.56539583206, 3.74116230011, 2.93071436882, 2.00226402283, 2.70135378838, 3.06596088409, 2.0299012661, 1.11477160454, 0.735293745995, 0.949820816517, 1.17714595795, 2.37475252151, 1.98852741718, 1.30901908875, 1.13421678543, 0.866222977638, 0.663610100746, 0.415557265282, 0.247319608927, 0.174231827259, 0.148707568645, 0.17922718823, 0.212856531143, 0.167813628912, 0.362177193165, 0.0960230231285, 0.055502269417, 0.0367771051824, 0.0276733264327, 0.00959825515747, 0.00187182147056, 0.000487167795654, 6.44592073513e-05, 1.47329610627e-05, 2.10651196539e-05], "dvar": [0.0779146403074, 15.28536129, 124.175376892, 820.30480957, 910.241882324, 1232.16040039, 1538.75927734, 1179.33007812, 1501.96606445, 2012.10961914, 655.256774902, 116.277862549, 76.4000549316, 146.038650513, 198.582733154, 117.564834595, 310.659362793, 300.718811035, 628.099609375, 665.182312012, 1153.82495117, 538.937805176, 959.696044922, 297.140594482, 178.326477051, 100.385848999, 55.2083587646, 79.1643753052, 41.3474388123, 35.869682312, 7.48607444763, 2.93564152718, 1.4602701664, 0.446808159351, 0.0531653724611, 0.000933248724323, 4.13908928749e-05, 3.68889914171e-06, 5.42914619928e-08, 9.9151353794e-10]}, "silence_rate_30dB": {"dvar2": 0.0707028284669, "var": 0.0306977611035, "min": 0, "dmean": 0.0315920114517, "mean": 0.968298733234, "max": 1, "dmean2": 0.0631911531091, "median": 1, "dvar": 0.0305923242122}, "melbands_spread": {"dvar2": 403.755737305, "var": 289.428283691, "min": 0.180559322238, "dmean": 6.6404466629, "mean": 12.3597822189, "max": 188.552642822, "dmean2": 10.39204216, "median": 5.54271793365, "dvar": 172.752624512}, "melbands_crest": {"dvar2": 30.5104408264, "var": 42.3549690247, "min": 2.63948130608, "dmean": 3.96420431137, "mean": 18.2971496582, "max": 37.3528289795, "dmean2": 6.41272783279, "median": 18.4939804077, "dvar": 13.0381364822}, "zerocrossingrate": {"dvar2": 0.000339928927133, "var": 0.00115214008838, "min": 0.001953125, "dmean": 0.011749105528, "mean": 0.0371041968465, "max": 0.240234375, "dmean2": 0.0134121961892, "median": 0.0244140625, "dvar": 0.000273259269306}, "barkbands_kurtosis": {"dvar2": 2281.70849609, "var": 3347.49365234, "min": -1.84251952171, "dmean": 16.0037918091, "mean": 26.3315849304, "max": 1203.33862305, "dmean2": 24.3704662323, "median": 11.3012771606, "dvar": 1176.82519531}, "spectral_flux": {"dvar2": 0.0067876833491, "var": 0.00598355615512, "min": 0.000877121230587, "dmean": 0.0443278290331, "mean": 0.0824187248945, "max": 0.454971164465, "dmean2": 0.068105623126, "median": 0.0529741123319, "dvar": 0.00313981506042}, "barkbands_crest": {"dvar2": 21.4289360046, "var": 24.7860069275, "min": 2.45821642876, "dmean": 3.12115049362, "mean": 12.9826278687, "max": 26.5188884735, "dmean2": 5.09508991241, "median": 12.3889884949, "dvar": 9.10384654999}, "barkbands_flatness_db": {"dvar2": 0.00348183931783, "var": 0.00809138640761, "min": 0.0306020285934, "dmean": 0.0421193018556, "mean": 0.22473230958, "max": 0.49657613039, "dmean2": 0.0611422471702, "median": 0.22553615272, "dvar": 0.00186037656385}, "spectral_entropy": {"dvar2": 0.343319624662, "var": 0.696613073349, "min": 4.14326477051, "dmean": 0.414033830166, "mean": 6.92276573181, "max": 8.60745620728, "dmean2": 0.592265486717, "median": 6.99740314484, "dvar": 0.188001468778}, "pitch_salience": {"dvar2": 0.0230212435126, "var": 0.0242684464902, "min": 0.0235655941069, "dmean": 0.10160575062, "mean": 0.473054528236, "max": 0.967715084553, "dmean2": 0.163337424397, "median": 0.470978677273, "dvar": 0.00967979803681}, "erbbands_spread": {"dvar2": 510.078765869, "var": 645.053894043, "min": 0.721484422684, "dmean": 13.8193912506, "mean": 35.285369873, "max": 156.909591675, "dmean2": 20.0714931488, "median": 28.3861236572, "dvar": 253.388305664}, "dynamic_complexity": 3.97945141792, "spectral_contrast_valleys": {"dvar2": [0.571932375431, 0.672629475594, 0.586383938789, 0.39440330863, 0.501316130161, 0.564791977406], "var": [1.78468799591, 0.838293075562, 0.72378641367, 0.704192996025, 1.10617613792, 1.58404541016], "min": [-13.516374588, -14.6030826569, -15.2142028809, -15.7795419693, -17.0039157867, -17.5000038147], "dmean": [0.533886790276, 0.541036725044, 0.494964182377, 0.474849909544, 0.52212947607, 0.577437102795], "mean": [-7.85169839859, -7.44005584717, -8.38190937042, -8.45046901703, -8.7666425705, -10.9366922379], "max": [-5.10722303391, -4.35127687454, -5.09377098083, -5.09318828583, -5.24048233032, -8.31272506714], "dmean2": [0.835011541843, 0.828955054283, 0.753142952919, 0.670580267906, 0.686860203743, 0.718607723713], "median": [-7.62368392944, -7.40963888168, -8.46262359619, -8.52591323853, -8.86845779419, -11.1158561707], "dvar": [0.276149988174, 0.307283610106, 0.273137032986, 0.205380007625, 0.292801380157, 0.343884676695]}, "hfc": {"dvar2": 203.525878906, "var": 218.851394653, "min": 2.2595093796e-08, "dmean": 5.55083560944, "mean": 9.33837223053, "max": 200.014923096, "dmean2": 7.8045463562, "median": 5.23222017288, "dvar": 114.835037231}, "spectral_kurtosis": {"dvar2": 121.288452148, "var": 131.107650757, "min": -0.215818166733, "dmean": 5.11945486069, "mean": 9.62178516388, "max": 121.298545837, "dmean2": 7.9088768959, "median": 5.98730659485, "dvar": 55.8449478149}, "mfcc": {"mean": [-740.46282959, 139.715255737, 23.3768463135, 17.6172637939, 10.1621026993, 16.8085575104, -10.6555347443, -4.89425516129, -2.85211277008, -3.22527599335, 2.98644328117, 0.353954583406, -2.53236341476], "cov": [[7065.80810547, -2103.17089844, 358.438751221, 495.749633789, -187.207000732, -133.978805542, -59.8404197693, -59.3080787659, -140.401855469, -163.75, -332.743011475, -198.218856812, -172.294662476], [-2103.17089844, 2193.47998047, 145.452957153, -75.2007827759, 249.141265869, 126.502563477, -13.485332489, -1.65306258202, 18.3901023865, 5.29049158096, 113.657188416, 48.1261138916, 59.244342804], [358.438751221, 145.452957153, 1486.00622559, 620.941345215, 165.713592529, 242.482009888, 154.752944946, 132.403991699, 135.240890503, 79.8559341431, 57.2934761047, 13.7545022964, 2.02563309669], [495.749633789, -75.2007827759, 620.941345215, 527.254943848, 173.593536377, 139.441040039, 108.015792847, 90.6688232422, 48.5873222351, 22.5438995361, -24.0092411041, -23.2572422028, -33.7814445496], [-187.207000732, 249.141265869, 165.713592529, 173.593536377, 401.756622314, 276.771148682, 136.476608276, 70.4477615356, 35.8513908386, 38.8567771912, 31.9676895142, 27.7988357544, -26.0856323242], [-133.978805542, 126.502563477, 242.482009888, 139.441040039, 276.771148682, 336.767364502, 180.374862671, 112.007514954, 83.1521224976, 43.5117416382, 41.9568519592, 12.1623592377, -15.5234632492], [-59.8404197693, -13.485332489, 154.752944946, 108.015792847, 136.476608276, 180.374862671, 221.142608643, 156.456054688, 97.8263397217, 63.4451522827, 8.26254272461, -0.346578836441, -24.2602977753], [-59.3080787659, -1.65306258202, 132.403991699, 90.6688232422, 70.4477615356, 112.007514954, 156.456054688, 197.545608521, 156.397567749, 89.6005401611, 35.5114326477, 3.89015603065, -5.76678514481], [-140.401855469, 18.3901023865, 135.240890503, 48.5873222351, 35.8513908386, 83.1521224976, 97.8263397217, 156.397567749, 212.560119629, 143.21711731, 92.7297744751, 33.331829071, 16.7097835541], [-163.75, 5.29049158096, 79.8559341431, 22.5438995361, 38.8567771912, 43.5117416382, 63.4451522827, 89.6005401611, 143.21711731, 177.547225952, 120.196052551, 64.063117981, 11.9242868423], [-332.743011475, 113.657188416, 57.2934761047, -24.0092411041, 31.9676895142, 41.9568519592, 8.26254272461, 35.5114326477, 92.7297744751, 120.196052551, 180.362503052, 109.661521912, 57.5978622437], [-198.218856812, 48.1261138916, 13.7545022964, -23.2572422028, 27.7988357544, 12.1623592377, -0.346578836441, 3.89015603065, 33.331829071, 64.063117981, 109.661521912, 130.944030762, 80.248878479], [-172.294662476, 59.244342804, 2.02563309669, -33.7814445496, -26.0856323242, -15.5234632492, -24.2602977753, -5.76678514481, 16.7097835541, 11.9242868423, 57.5978622437, 80.248878479, 127.788887024]], "icov": [[0.000231928250287, 0.000204532130738, -3.36173943651e-05, -0.000164308148669, 1.56615169544e-05, -5.18279048265e-05, 0.000260950648226, -8.12372381915e-05, 2.43947779381e-05, 2.60310048361e-06, 0.000292257813271, -7.80332702561e-05, 0.000131595152197], [0.000204532130738, 0.000770917511545, -0.00025980672217, 0.000333789503202, -0.00081354600843, 0.000359941623174, 0.000381259334972, -0.000269896409009, 8.87952865014e-06, 0.000437205570051, -0.00045258924365, 0.000579123618081, -0.000253069098108], [-3.36173943651e-05, -0.00025980672217, 0.00168297556229, -0.00214090407826, 0.0012271621963, -0.00118446769193, -0.000272587029031, 0.000882205204107, -0.000678161915857, 2.64111422439e-05, -0.000346866581822, -0.000210019104998, -4.83896583319e-05], [-0.000164308148669, 0.000333789503202, -0.00214090407826, 0.00535908201709, -0.00270257145166, 0.00154970295262, 0.000264955102466, -0.00199056440033, 0.000956212112214, -0.000217207532842, 0.00064743537223, 0.000726981728803, -0.000181718016393], [1.56615169544e-05, -0.00081354600843, 0.0012271621963, -0.00270257145166, 0.00867429934442, -0.00737139768898, 0.00117434968706, -0.000245483504841, 0.00215507415123, -0.00254865782335, 0.00227541220374, -0.00397463515401, 0.00217792391777], [-5.18279048265e-05, 0.000359941623174, -0.00118446769193, 0.00154970295262, -0.00737139768898, 0.0130667174235, -0.00801245868206, 0.00332039198838, -0.00424088397995, 0.00554253160954, -0.00529018975794, 0.00391241209581, -0.001132154488], [0.000260950648226, 0.000381259334972, -0.000272587029031, 0.000264955102466, 0.00117434968706, -0.00801245868206, 0.0199844762683, -0.0155433919281, 0.00725633837283, -0.00608625495806, 0.00628779642284, -0.00393952336162, 0.00186732423026], [-8.12372381915e-05, -0.000269896409009, 0.000882205204107, -0.00199056440033, -0.000245483504841, 0.00332039198838, -0.0155433919281, 0.0279691312462, -0.0180773064494, 0.00520254485309, -0.00108069519047, 0.0017122143181, -0.000569840834942], [2.43947779381e-05, 8.87952865014e-06, -0.000678161915857, 0.000956212112214, 0.00215507415123, -0.00424088397995, 0.00725633837283, -0.0180773064494, 0.0256122965366, -0.0138095999137, -0.00108952145092, 0.00390300177969, -0.00324155320413], [2.60310048361e-06, 0.000437205570051, 2.64111422439e-05, -0.000217207532842, -0.00254865782335, 0.00554253160954, -0.00608625495806, 0.00520254485309, -0.0138095999137, 0.0229218881577, -0.0100300665945, -0.00256876880303, 0.00477614672855], [0.000292257813271, -0.00045258924365, -0.000346866581822, 0.00064743537223, 0.00227541220374, -0.00529018975794, 0.00628779642284, -0.00108069519047, -0.00108952145092, -0.0100300665945, 0.022363666445, -0.0134626580402, 0.00120008701924], [-7.80332702561e-05, 0.000579123618081, -0.000210019104998, 0.000726981728803, -0.00397463515401, 0.00391241209581, -0.00393952336162, 0.0017122143181, 0.00390300177969, -0.00256876880303, -0.0134626580402, 0.0269648563117, -0.0123209776357], [0.000131595152197, -0.000253069098108, -4.83896583319e-05, -0.000181718016393, 0.00217792391777, -0.001132154488, 0.00186732423026, -0.000569840834942, -0.00324155320413, 0.00477614672855, 0.00120008701924, -0.0123209776357, 0.015883339569]]}, "silence_rate_20dB": {"dvar2": 0, "var": 0, "min": 1, "dmean": 0, "mean": 1, "max": 1, "dmean2": 0, "median": 1, "dvar": 0}, "melbands_kurtosis": {"dvar2": 6290.90820312, "var": 7076.13525391, "min": -1.69392490387, "dmean": 30.8182964325, "mean": 50.8235702515, "max": 1068.28552246, "dmean2": 47.3158416748, "median": 23.8282051086, "dvar": 3001.76831055}, "barkbands_spread": {"dvar2": 169.78137207, "var": 164.011062622, "min": 0.137549519539, "dmean": 5.6408162117, "mean": 11.2065019608, "max": 92.7430953979, "dmean2": 8.41186904907, "median": 6.16579723358, "dvar": 79.945602417}, "erbbands_skewness": {"dvar2": 1.462890625, "var": 1.92308187485, "min": -2.83650016785, "dmean": 0.740143060684, "mean": 1.10791444778, "max": 11.4749794006, "dmean2": 1.12475168705, "median": 0.892785668373, "dvar": 0.657239258289}, "average_loudness": 0.860873043537, "spectral_centroid": {"dvar2": 366039.03125, "var": 433398.28125, "min": 126.846282959, "dmean": 263.501708984, "mean": 737.63269043, "max": 4216.35253906, "dmean2": 390.611541748, "median": 483.084442139, "dvar": 172120.21875}, "dissonance": {"dvar2": 0.00279356003739, "var": 0.00293588871136, "min": 0.121239133179, "dmean": 0.0322980470955, "mean": 0.43396115303, "max": 0.500000059605, "dmean2": 0.051801815629, "median": 0.449067115784, "dvar": 0.00113706255797}, "erbbands_flatness_db": {"dvar2": 0.00186500756536, "var": 0.00377042335458, "min": 0.0490392930806, "dmean": 0.0309348534793, "mean": 0.200060889125, "max": 0.478714644909, "dmean2": 0.043724514544, "median": 0.195569604635, "dvar": 0.000971685221884}, "spectral_strongpeak": {"dvar2": 0.397537738085, "var": 0.288586646318, "min": 0, "dmean": 0.313670992851, "mean": 0.714238464832, "max": 5.27437782288, "dmean2": 0.514769613743, "median": 0.659617781639, "dvar": 0.158860146999}, "spectral_rms": {"dvar2": 6.37489165456e-06, "var": 8.03807597549e-06, "min": 5.25862375866e-08, "dmean": 0.0012780019315, "mean": 0.00440961914137, "max": 0.0151583645493, "dmean2": 0.00190125964582, "median": 0.00412022601813, "dvar": 3.0642204365e-06}, "silence_rate_60dB": {"dvar2": 0.143512576818, "var": 0.145086020231, "min": 0, "dmean": 0.0733385980129, "mean": 0.176105588675, "max": 1, "dmean2": 0.14646807313, "median": 0, "dvar": 0.0679554790258}, "melbands": {"dvar2": [1.88408903341e-05, 6.84356200509e-05, 6.23334490228e-05, 1.15554466902e-05, 4.61256968265e-06, 1.36905293857e-06, 8.98325481558e-07, 5.33781872036e-07, 7.2181379096e-08, 9.60618340429e-09, 5.3193698335e-09, 5.88479265318e-09, 6.83301371041e-09, 2.17187712259e-09, 2.55530308024e-09, 4.27603286113e-09, 2.4231625595e-09, 4.1913166271e-09, 2.8711348854e-09, 3.08126457682e-09, 4.83312367905e-09, 1.33629896037e-09, 1.69763203495e-09, 6.93938739804e-10, 4.80861517271e-10, 4.50329912249e-10, 7.60576671088e-11, 1.33876479347e-10, 4.46117101593e-11, 5.87898826843e-11, 5.76597276869e-11, 2.90181958323e-11, 3.06936837058e-11, 2.38664591562e-11, 6.86063402269e-12, 2.41679744793e-12, 2.28638006965e-12, 1.78069928594e-12, 9.23467790952e-13, 8.45555450744e-13], "var": [2.54496826528e-05, 3.25683067786e-05, 2.35339430219e-05, 4.72513374916e-06, 2.08792107514e-06, 8.15529972442e-07, 3.47008153767e-07, 3.14554540637e-07, 5.23981320555e-08, 4.66285854372e-09, 2.33731700661e-09, 4.25145429972e-09, 3.83936260562e-09, 1.21647558693e-09, 1.70126113197e-09, 1.60026469853e-09, 1.60958479878e-09, 2.76077827266e-09, 1.33469713059e-09, 1.45313783229e-09, 2.23892815399e-09, 6.87476686689e-10, 1.24696153403e-09, 5.64701063688e-10, 2.34870817239e-10, 1.9246530758e-10, 4.74742987977e-11, 6.43364320152e-11, 4.07730342544e-11, 3.99801997064e-11, 3.9759820436e-11, 1.87490023507e-11, 1.61815734423e-11, 1.49478936173e-11, 4.25957446398e-12, 1.81343687896e-12, 1.85248691387e-12, 1.20905618416e-12, 7.81027694775e-13, 4.70099707859e-13], "min": [5.95270032556e-16, 2.17914141402e-16, 5.47761278034e-16, 1.17690897565e-15, 7.35903548064e-16, 5.85192987462e-16, 2.52979391653e-15, 2.40524534494e-15, 2.08353227893e-15, 1.01638947706e-14, 6.62983191024e-15, 4.71707989645e-15, 2.1444239952e-15, 7.99824571791e-16, 2.04299667021e-15, 9.44670540963e-16, 4.39133193606e-16, 1.58693644959e-15, 3.30907778053e-15, 1.00729590074e-14, 1.22430946877e-14, 7.37130337645e-15, 1.10622096336e-14, 1.37231975187e-14, 1.47248834355e-14, 1.20666221494e-14, 3.78837772648e-15, 2.7069663158e-15, 1.21626180874e-15, 8.53106120547e-16, 1.16598870926e-15, 2.24348555717e-15, 2.9949558238e-15, 4.19806554021e-15, 2.96382397486e-15, 6.68459290792e-16, 3.00502048104e-15, 2.01798209321e-15, 1.06670893042e-15, 2.338