{"tonal": {"thpcp": [1, 0.579876184464, 0.0829751268029, 0.0382350832224, 0.06372269243, 0.138204351068, 0.194450721145, 0.15120960772, 0.157213568687, 0.199688732624, 0.116906039417, 0.0406980216503, 0.0406069383025, 0.10643684864, 0.349847704172, 0.496352255344, 0.277325451374, 0.0786222070456, 0.0582287311554, 0.0861298367381, 0.350174278021, 0.536321341991, 0.265147924423, 0.0294431000948, 0.0195022821426, 0.0356989353895, 0.166055947542, 0.263776570559, 0.197873592377, 0.454408586025, 0.688525974751, 0.36197796464, 0.08880353719, 0.106729358435, 0.207516565919, 0.62106525898], "hpcp": {"dmean2": [0.186970308423, 0.166563078761, 0.0997066125274, 0.12744911015, 0.203275918961, 0.261505126953, 0.237477824092, 0.232778996229, 0.0871008634567, 0.0424053743482, 0.0532006472349, 0.0831283554435, 0.101841457188, 0.0974042564631, 0.0984786525369, 0.0964478552341, 0.0697633102536, 0.0423852279782, 0.040714263916, 0.0761942490935, 0.135625883937, 0.169869422913, 0.134607836604, 0.0753339827061, 0.0619340017438, 0.0777203664184, 0.127069577575, 0.150883510709, 0.0986515134573, 0.0335746668279, 0.024433914572, 0.0323796868324, 0.0763245895505, 0.110715314746, 0.134931623936, 0.194463789463], "median": [0.07293176651, 0.0425862446427, 0.00374496611767, 0.00176797411405, 0.00536446738988, 0.160824596882, 0.278492927551, 0.133956521749, 0.00459069153294, 0.000530902296305, 0.000791717669927, 0.00606880802661, 0.0115033462644, 0.0113544370979, 0.00983490981162, 0.00526969041675, 0.00254593323916, 0.00196224264801, 0.00181812630035, 0.00341860717162, 0.030919842422, 0.0582359656692, 0.0264568664134, 0.00250374851748, 0.000811006233562, 0.00214974395931, 0.0387607589364, 0.0604458898306, 0.0292496792972, 0.00213572545908, 0.00077894970309, 0.00134557066485, 0.00515132956207, 0.00692969094962, 0.0160426460207, 0.0481520742178], "min": [0, 0, 0, 0, 0, 0, 0, 0, 0, 0, 0, 0, 0, 0, 0, 0, 0, 0, 0, 0, 0, 0, 0, 0, 0, 0, 0, 0, 0, 0, 0, 0, 0, 0, 0, 0], "dvar2": [0.0877227634192, 0.0712595209479, 0.054133720696, 0.0837286487222, 0.118000268936, 0.109894640744, 0.11239220947, 0.0929396152496, 0.0424774214625, 0.0246616229415, 0.0273023415357, 0.0417095720768, 0.0471607558429, 0.0440081916749, 0.0471943244338, 0.0423995293677, 0.0324066244066, 0.0238755587488, 0.0176400970668, 0.0368860326707, 0.0584822818637, 0.0757352113724, 0.0559746995568, 0.0469066426158, 0.0463222116232, 0.0439082756639, 0.0551963895559, 0.0617600865662, 0.0293627753854, 0.0132986297831, 0.0117533560842, 0.0144654754549, 0.031450714916, 0.05392729491, 0.0633932873607, 0.0878131091595], "dvar": [0.0423641949892, 0.0275189206004, 0.0198926664889, 0.0303069464862, 0.0427255518734, 0.0394619032741, 0.0503025837243, 0.0355221703649, 0.0148109532893, 0.00872418377548, 0.0106558026746, 0.0171195100993, 0.0201577488333, 0.0175607949495, 0.0175674576312, 0.0184086915106, 0.0131494086236, 0.00876333657652, 0.00653980812058, 0.0139808310196, 0.0252720862627, 0.0349444448948, 0.0231622308493, 0.0175089128315, 0.0162112638354, 0.0161719787866, 0.0231426190585, 0.0313241183758, 0.013221219182, 0.00454213144258, 0.00397448334843, 0.00522866938263, 0.0132212825119, 0.0246286094189, 0.023875311017, 0.0353843718767], "dmean": [0.115762248635, 0.0971797257662, 0.0546237006783, 0.0684826523066, 0.111711241305, 0.148094907403, 0.142765372992, 0.137615263462, 0.0476441644132, 0.0229684300721, 0.0303690694273, 0.0496467165649, 0.0613624416292, 0.057363666594, 0.0571172237396, 0.0590842626989, 0.0409416668117, 0.0232069510967, 0.0224396493286, 0.0446375645697, 0.0814458504319, 0.101385004818, 0.0788954868913, 0.0420442931354, 0.0345392674208, 0.0433894842863, 0.0788422599435, 0.094743616879, 0.0629961565137, 0.017946748063, 0.0129331555218, 0.0179477091879, 0.0454644672573, 0.0648123323917, 0.0774585157633, 0.113700270653], "max": [1, 1, 1, 1, 1, 1, 1, 1, 1, 1, 1, 1, 1, 1, 1, 1, 1, 1, 1, 1, 1, 1, 1, 1, 1, 1, 1, 1, 1, 1, 1, 1, 1, 1, 1, 1], "var": [0.151184514165, 0.0490190349519, 0.0145988194272, 0.0222368016839, 0.0435631014407, 0.0866169258952, 0.170832425356, 0.078546255827, 0.010821797885, 0.00664829043671, 0.0126553121954, 0.0268712472171, 0.0365678519011, 0.0228479094803, 0.0213885530829, 0.0354483239353, 0.0157246738672, 0.00616953661665, 0.00507134385407, 0.0187737699598, 0.067701280117, 0.102459155023, 0.0420324392617, 0.0162435770035, 0.013102739118, 0.0158484298736, 0.0566533505917, 0.108698435128, 0.0318143106997, 0.00262296199799, 0.00223696278408, 0.00463253213093, 0.0262446179986, 0.0618971213698, 0.0289083812386, 0.0736693888903], "mean": [0.305381864309, 0.160548046231, 0.0393870249391, 0.0473376624286, 0.0920398011804, 0.275461018085, 0.443529903889, 0.25719243288, 0.0368019491434, 0.0169584024698, 0.028262918815, 0.0612977594137, 0.0862447097898, 0.0670659840107, 0.0697289183736, 0.0885679274797, 0.0518513247371, 0.0180507898331, 0.0180103909224, 0.0472079254687, 0.155167922378, 0.220147073269, 0.123002126813, 0.0348712988198, 0.0258261840791, 0.0382011570036, 0.155312761664, 0.237874552608, 0.117601037025, 0.0130588952452, 0.00864984560758, 0.0158335454762, 0.0736507773399, 0.116992801428, 0.0877628549933, 0.201543793082]}, "tuning_equal_tempered_deviation": 0.0115348314866, "chords_changes_rate": 0.0623318403959, "key_key": "E", "tuning_diatonic_strength": 0.578084051609, "key_scale": "major", "chords_number_rate": 0.0040358742699, "tuning_frequency": 438.731048584, "tuning_nontempered_energy_ratio": 0.606373429298, "chords_histogram": [18.3856506348, 0, 4.66367721558, 0.358744382858, 0, 0, 0.0896860957146, 0, 0.313901335001, 0, 0.672645747662, 0.179372191429, 0, 0, 0, 2.51121068001, 0, 1.03139019012, 0, 31.8385658264, 4.79820632935, 10.4484300613, 22.6905822754, 2.01793718338], "key_strength": 0.725255131721, "chords_key": "B", "chords_strength": {"dmean2": 0.00787570606917, "median": 0.495696544647, "min": -1, "dvar2": 0.00102676369715, "dvar": 0.00108878908213, "dmean": 0.010531457141, "max": 0.651062130928, "var": 0.00633282586932, "mean": 0.488558292389}, "chords_scale": "minor", "hpcp_entropy": {"dmean2": 0.804006934166, "median": 1.53078389168, "min": 0, "dvar2": 0.512075066566, "dvar": 0.199122682214, "dmean": 0.46980124712, "max": 3.58098077774, "var": 0.400677621365, "mean": 1.49709582329}}, "metadata": {"audio_properties": {"equal_loudness": 0, "codec": "mp3", "downmix": "mix", "sample_rate": 44100, "analysis_sample_rate": 44100, "bit_rate": 157566, "md5_encoded": "1d91b532a7c21f4149794f20f586a32c", "length": 103.47102356, "replay_gain": -9.56404304504, "lossless": false}, "version": {"essentia_build_sha": "70f2e5ece6736b2c40cc944ad0e695b16b925413", "essentia": "2.1-beta2", "extractor": "music 1.0", "essentia_git_sha": "v2.1_beta2"}, "tags": {"title": ["Blind Date"], "releasedate": ["2005"], "date": ["2005"], "file_name": "A Present From the Past (disc 2)-05-Blind Date.mp3", "musicip_puid": ["11ee154b-a2bb-fe9d-d0c6-00d91e800d9f"], "musicbrainz_recordingid": ["15177450-503d-4034-b73c-969e71d236e6"], "taggingdate": ["2007-07-26T07:58:22"], "musicbrainz album status": ["official"], "musicbrainz_albumartistid": ["6fd077ad-3430-4940-a584-9dabf66698c1"], "musicbrainz_albumid": ["1aefa139-680f-4fd9-84f6-9eb175f6e1e2"], "artist": ["The Soundtrack of Our Lives"], "tracknumber": ["5/16"], "artistsort": ["Soundtrack of Our Lives, The"], "album": ["A Present From the Past (disc 2)"], "musicbrainz album release country": ["NO"], "musicbrainz album type": ["compilation"], "musicbrainz_artistid": ["6fd077ad-3430-4940-a584-9dabf66698c1"]}}, "rhythm": {"bpm_histogram_first_peak_bpm": {"dmean2": 0, "median": 129, "min": 129, "dvar2": 0, "dvar": 0, "dmean": 0, "max": 129, "var": 0, "mean": 129}, "bpm": 129.90171814, "bpm_histogram_second_peak_spread": {"dmean2": 0, "median": 0.125, "min": 0.125, "dvar2": 0, "dvar": 0, "dmean": 0, "max": 0.125, "var": 0, "mean": 0.125}, "bpm_histogram_first_peak_weight": {"dmean2": 0, "median": 0.610859751701, "min": 0.610859751701, "dvar2": 0, "dvar": 0, "dmean": 0, "max": 0.610859751701, "var": 0, "mean": 0.610859751701}, "onset_rate": 3.61382889748, "beats_position": [0.49922901392, 0.99845802784, 1.48607707024, 1.95047616959, 2.39165520668, 2.83283448219, 3.28562355042, 3.73841261864, 4.20281171799, 4.66721057892, 5.13160991669, 5.59600877762, 6.04879808426, 6.5015873909, 6.96598625183, 7.4303855896, 7.89478445053, 8.35918331146, 8.82358264923, 9.287981987, 9.75238037109, 10.2167797089, 10.6695690155, 11.1223583221, 11.5867567062, 12.051156044, 12.5155553818, 12.9683446884, 13.4443531036, 13.9087524414, 14.3731517792, 14.8491611481, 15.3251695633, 15.7895689011, 16.2539672852, 16.7183666229, 17.1827659607, 17.6355552673, 18.0999546051, 18.5527439117, 19.0171432495, 19.4815406799, 19.9575500488, 20.4103393555, 20.8747386932, 21.339138031, 21.8035373688, 22.2679367065, 22.7323360443, 23.1851234436, 23.6495227814, 24.102312088, 24.5667114258, 25.0311107635, 25.4955101013, 25.9599094391, 26.4243087769, 26.8887062073, 27.353105545, 27.8175048828, 28.2819042206, 28.7346935272, 29.199092865, 29.6518821716, 30.1046714783, 30.5574588776, 30.9986381531, 31.4514274597, 31.9042167664, 32.3686180115, 32.8446235657, 33.2974128723, 33.7618141174, 34.2146034241, 34.6673927307, 35.1317901611, 35.5961914062, 36.0489807129, 36.5133781433, 36.96616745, 37.4189567566, 37.8717460632, 38.3245353699, 38.7773246765, 39.2301139832, 39.6829032898, 40.1356925964, 40.5884780884, 41.0528793335, 41.5172767639, 41.981678009, 42.4460754395, 42.9104766846, 43.374874115, 43.8392753601, 44.3152809143, 44.7796821594, 45.2440795898, 45.7200889587, 46.1844902039, 46.6488876343, 47.0900688171, 47.5544662476, 48.018863678, 48.4832649231, 48.9476623535, 49.4120635986, 49.8764610291, 50.3408622742, 50.8052597046, 51.269657135, 51.7456665039, 52.210067749, 52.6628570557, 53.1272544861, 53.5916557312, 54.0444450378, 54.4972343445, 54.9616317749, 55.4260292053, 55.8904304504, 56.3548278809, 56.819229126, 57.2836265564, 57.7480278015, 58.2124252319, 58.6768226624, 59.1412239075, 59.6056213379, 60.070022583, 60.5344200134, 60.9988212585, 61.463218689, 61.9276161194, 62.3920173645, 62.8448066711, 63.2975959778, 63.7503852844, 64.2031707764, 64.6675720215, 65.1203613281, 65.5731506348, 66.0375518799, 66.5019454956, 66.9663467407, 67.4307479858, 67.895149231, 68.3479385376, 68.8123321533, 69.26512146, 69.7295227051, 70.1823120117, 70.6351013184, 71.0995025635, 71.5638961792, 72.0282974243, 72.481086731, 72.9338760376, 73.3982772827, 73.8626708984, 74.3270721436, 74.7914733887, 75.2558746338, 75.7086639404, 76.1730575562, 76.6258468628, 77.0902481079, 77.554649353, 78.0074386597, 78.4602279663, 78.924621582, 79.3890228271, 79.8534240723, 80.3178253174, 80.7822189331, 81.2350082397, 81.6877975464, 82.140586853, 82.6049880981, 83.0693893433, 83.533782959, 83.9865722656, 84.4509735107, 84.9269790649, 85.4029922485, 85.8673934937, 86.3317871094, 86.7961883545, 87.2605895996, 87.7249908447, 88.1893844604, 88.6537857056, 89.1181869507, 89.5825805664, 90.0469818115, 90.5113830566, 90.9757843018, 91.4401779175, 91.9045791626, 92.3689804077, 92.8217697144, 93.274559021, 93.7389526367, 94.2033538818, 94.667755127, 95.1321487427, 95.5849380493, 96.0493392944, 96.5137405396, 96.9897460938, 97.4773712158, 97.9649887085, 98.4758224487, 98.9982757568, 99.5091171265, 99.9851226807, 100.472740173, 100.948753357, 101.424758911, 101.912376404, 102.400001526, 102.887619019], "beats_loudness": {"dmean2": 0.027389055118, "median": 0.0235268380493, "min": 3.97105059946e-09, "dvar2": 0.000703446974512, "dvar": 0.000274668069324, "dmean": 0.016449091956, "max": 0.118839770555, "var": 0.000421050208388, "mean": 0.0279414672405}, "danceability": 1.06884467602, "bpm_histogram_second_peak_weight": {"dmean2": 0, "median": 0.0316742099822, "min": 0.0316742099822, "dvar2": 0, "dvar": 0, "dmean": 0, "max": 0.0316742099822, "var": 0, "mean": 0.0316742099822}, "beats_count": 222, "bpm_histogram_second_peak_bpm": {"dmean2": 0, "median": 123, "min": 123, "dvar2": 0, "dvar": 0, "dmean": 0, "max": 123, "var": 0, "mean": 123}, "bpm_histogram_first_peak_spread": {"dmean2": 0, "median": 0.34466022253, "min": 0.34466022253, "dvar2": 0, "dvar": 0, "dmean": 0, "max": 0.34466022253, "var": 0, "mean": 0.34466022253}, "beats_loudness_band_ratio": {"dmean2": [0.360227793455, 0.402069747448, 0.249905154109, 0.0876791328192, 0.0764901861548, 0.012366047129], "median": [0.240975260735, 0.428351283073, 0.139853775501, 0.0451216511428, 0.0139742903411, 0.00147629692219], "min": [0.0291774142534, 3.24714746966e-05, 0.000299224426271, 7.987657591e-05, 3.01063173538e-05, 6.91797185937e-06], "dvar2": [0.0810606554151, 0.0894974172115, 0.0437030605972, 0.00762583408505, 0.00936474464834, 0.00221723807044], "dvar": [0.0312970615923, 0.0307826083153, 0.0167584028095, 0.00274777947925, 0.00386992120184, 0.00194392772391], "dmean": [0.202218621969, 0.224913686514, 0.148698210716, 0.0542471557856, 0.0427653752267, 0.0081804599613], "max": [0.99135273695, 0.947355806828, 0.704523205757, 0.368477106094, 0.353749275208, 0.884004831314], "var": [0.0539867170155, 0.0528764687479, 0.0278302039951, 0.00340831116773, 0.00417063431814, 0.00540229072794], "mean": [0.311815053225, 0.435841292143, 0.20059479773, 0.0609036572278, 0.0404523201287, 0.0107824504375]}}, "lowlevel": {"barkbands_spread": {"dmean2": 3.18660140038, "median": 5.22777271271, "min": 0.22732116282, "dvar2": 40.4003105164, "dvar": 21.9574699402, "dmean": 2.15456461906, "max": 165.034988403, "var": 169.251617432, "mean": 8.07333946228}, "melbands_spread": {"dmean2": 3.47763800621, "median": 6.51590919495, "min": 0.319047808647, "dvar2": 50.7057113647, "dvar": 22.6385936737, "dmean": 2.28991651535, "max": 157.094467163, "var": 93.7184448242, "mean": 8.6433057785}, "hfc": {"dmean2": 3.48475003242, "median": 5.48708534241, "min": 1.11294517676e-16, "dvar2": 45.0266151428, "dvar": 22.4814167023, "dmean": 2.46094942093, "max": 147.697052002, "var": 124.430366516, "mean": 9.17144298553}, "barkbands_kurtosis": {"dmean2": 7.84376859665, "median": 5.37872743607, "min": -1.98444604874, "dvar2": 435.663299561, "dvar": 163.311264038, "dmean": 4.88853502274, "max": 761.436645508, "var": 3787.43237305, "mean": 16.3200073242}, "gfcc": {"mean": [-138.965621948, 170.143264771, -107.197158813, -5.0544257164, -50.2638092041, -19.1052856445, -40.3567390442, -14.4666776657, -24.4300842285, -16.9477939606, -18.6778182983, -7.84755802155, -17.2608375549], "icov": [[0.000350331887603, -0.000679365592077, 0.000782460556366, -0.000668474764097, 0.000471334467875, -0.000823211739771, 0.000853207195178, -0.000618152378593, 0.000663684157189, -0.000554417085368, 0.00085102050798, -0.000628253503237, 0.000613126612734], [-0.000679365592077, 0.00198404747061, -0.00145795743447, 0.00165042793378, -0.00105052476283, 0.00175502791535, -0.00172522943467, 0.001588782412, -0.00138194661122, 0.00203798385337, -0.00194381445181, 0.00187656807248, -0.00127540505491], [0.000782460556366, -0.00145795743447, 0.00291164545342, -0.00159900425933, 0.000747663492803, -0.00271373940632, 0.00122537906282, -0.00147156405728, 0.00149855203927, -0.00136545149144, 0.00235604308546, -0.00147765362635, 0.00110945955385], [-0.000668474764097, 0.00165042793378, -0.00159900425933, 0.0032930097077, -0.000416687777033, 0.00159831298515, -0.00160122173838, 0.000451155501651, -0.00201901770197, 0.000742903794162, -0.00242553791031, 0.00106575526297, -0.00233440450393], [0.000471334467875, -0.00105052476283, 0.000747663492803, -0.000416687777033, 0.00434637395665, -0.000456921494333, 0.000445112091256, -0.001604191144, -0.0006476615672, -0.000871883879881, 8.62332453835e-05, 0.000317540863762, -0.00117830594536], [-0.000823211739771, 0.00175502791535, -0.00271373940632, 0.00159831298515, -0.000456921494333, 0.00781075004488, -0.00267115491442, 5.75962985749e-05, -0.00262522371486, 0.000459363596747, -0.00213706097566, 0.00155586760957, -0.000425978098065], [0.000853207195178, -0.00172522943467, 0.00122537906282, -0.00160122173838, 0.000445112091256, -0.00267115491442, 0.00711228651926, -0.00225776527077, 0.00146367587149, -0.000795757921878, -1.00278693935e-05, -0.00111021788325, 0.00122811982874], [-0.000618152378593, 0.001588782412, -0.00147156405728, 0.000451155501651, -0.001604191144, 5.75962985749e-05, -0.00225776527077, 0.00965259689838, -0.00125338905491, 0.0022400082089, 0.000584141351283, -0.000159861592692, 0.0013326103799], [0.000663684157189, -0.00138194661122, 0.00149855203927, -0.00201901770197, -0.0006476615672, -0.00262522371486, 0.00146367587149, -0.00125338905491, 0.00955454912037, -0.00140091346111, 0.00361687433906, -0.0010239033727, 0.00193533021957], [-0.000554417085368, 0.00203798385337, -0.00136545149144, 0.000742903794162, -0.000871883879881, 0.000459363596747, -0.000795757921878, 0.0022400082089, -0.00140091346111, 0.0126501182094, -0.00263161328621, 0.00348920444958, 0.00154436775483], [0.00085102050798, -0.00194381445181, 0.00235604308546, -0.00242553791031, 8.62332453835e-05, -0.00213706097566, -1.00278693935e-05, 0.000584141351283, 0.00361687433906, -0.00263161328621, 0.0110166650265, -0.00187389366329, 0.00190075556748], [-0.000628253503237, 0.00187656807248, -0.00147765362635, 0.00106575526297, 0.000317540863762, 0.00155586760957, -0.00111021788325, -0.000159861592692, -0.0010239033727, 0.00348920444958, -0.00187389366329, 0.0136744752526, -0.00104309548624], [0.000613126612734, -0.00127540505491, 0.00110945955385, -0.00233440450393, -0.00117830594536, -0.000425978098065, 0.00122811982874, 0.0013326103799, 0.00193533021957, 0.00154436775483, 0.00190075556748, -0.00104309548624, 0.0118846492842]], "cov": [[21874.8496094, 2230.55517578, -3083.97875977, 235.931900024, -1305.24902344, -98.8415145874, -1259.22949219, 97.7845840454, -321.794036865, -48.6553344727, -399.842102051, 188.494247437, -429.482849121], [2230.55517578, 2599.05297852, -346.206817627, -562.641357422, 265.117126465, -256.612854004, 48.8914489746, -240.119476318, -51.972366333, -208.171707153, 117.306045532, -148.458892822, 128.331237793], [-3083.97875977, -346.206817627, 1266.42468262, 162.518783569, 116.811775208, 252.926498413, 217.217529297, 115.490104675, 75.7346038818, 37.7726325989, -31.4875297546, 9.94717979431, 9.56540584564], [235.931900024, -562.641357422, 162.518783569, 694.056945801, -64.8161392212, 79.5482559204, 22.6704769135, 86.4715270996, 52.6623916626, 50.8642082214, 10.3093166351, 40.7082252502, 19.7298622131], [-1305.24902344, 265.117126465, 116.811775208, -64.8161392212, 417.86114502, -34.0355148315, 106.426193237, -15.6474065781, 51.1914482117, -23.020275116, 53.5684890747, -52.5483703613, 84.5942611694], [-98.8415145874, -256.612854004, 252.926498413, 79.5482559204, -34.0355148315, 265.014587402, 57.1480064392, 81.6244888306, 44.2612419128, 38.8586540222, -21.4432659149, 14.9213685989, -46.8771362305], [-1259.22949219, 48.8914489746, 217.217529297, 22.6704769135, 106.426193237, 57.1480064392, 282.934417725, 23.7423915863, 18.3113269806, -5.94207954407, 59.781578064, -15.8302631378, 21.9254989624], [97.7845840454, -240.119476318, 115.490104675, 86.4715270996, -15.6474065781, 81.6244888306, 23.7423915863, 176.339202881, 28.9989929199, 7.52730321884, -44.5487098694, 29.2326831818, -41.4713134766], [-321.794036865, -51.972366333, 75.7346038818, 52.6623916626, 51.1914482117, 44.2612419128, 18.3113269806, 28.9989929199, 148.183517456, 9.44141578674, -28.3339233398, -3.57412266731, -5.32377386093], [-48.6553344727, -208.171707153, 37.7726325989, 50.8642082214, -23.020275116, 38.8586540222, -5.94207954407, 7.52730321884, 9.44141578674, 115.440093994, 6.1865811348, -8.2296295166, -32.7350006104], [-399.842102051, 117.306045532, -31.4875297546, 10.3093166351, 53.5684890747, -21.4432659149, 59.781578064, -44.5487098694, -28.3339233398, 6.1865811348, 154.203353882, -14.2314472198, 19.4396286011], [188.494247437, -148.458892822, 9.94717979431, 40.7082252502, -52.5483703613, 14.9213685989, -15.8302631378, 29.2326831818, -3.57412266731, -8.2296295166, -14.2314472198, 97.5785522461, -12.4141530991], [-429.482849121, 128.331237793, 9.56540584564, 19.7298622131, 84.5942611694, -46.8771362305, 21.9254989624, -41.4713134766, -5.32377386093, -32.7350006104, 19.4396286011, -12.4141530991, 133.066864014]]}, "spectral_energyband_middle_low": {"dmean2": 0.00713812932372, "median": 0.0107605103403, "min": 2.63520007753e-22, "dvar2": 0.000107559986645, "dvar": 4.96505454066e-05, "dmean": 0.00475212791935, "max": 0.17449440062, "var": 0.000279200699879, "mean": 0.0164462085813}, "melbands_crest": {"dmean2": 4.53441905975, "median": 14.6858901978, "min": 1.95453679562, "dvar2": 19.3203086853, "dvar": 7.67764616013, "dmean": 2.73600935936, "max": 37.2198257446, "var": 30.3483867645, "mean": 15.7948331833}, "spectral_kurtosis": {"dmean2": 22.6778907776, "median": 21.9565811157, "min": -1.17765700817, "dvar2": 646.630615234, "dvar": 261.405700684, "dmean": 13.7626047134, "max": 230.391708374, "var": 840.056213379, "mean": 31.3733463287}, "spectral_rms": {"dmean2": 0.000872020260431, "median": 0.00391869060695, "min": 3.16292434951e-12, "dvar2": 9.68983044913e-07, "dvar": 4.65988051701e-07, "dmean": 0.000591986172367, "max": 0.0140354493633, "var": 4.57154919786e-06, "mean": 0.00418846867979}, "zerocrossingrate": {"dmean2": 0.00546719413251, "median": 0.0205078125, "min": 0.0048828125, "dvar2": 0.000197205517907, "dvar": 0.000120360244182, "dmean": 0.00445752451196, "max": 0.6982421875, "var": 0.0049277311191, "mean": 0.0317795723677}, "silence_rate_60dB": {"dmean2": 0.0251346491277, "median": 0, "min": 0, "dvar2": 0.0289921723306, "dvar": 0.0124061061069, "dmean": 0.0125645054504, "max": 1, "var": 0.0781595632434, "mean": 0.085464335978}, "erbbands_kurtosis": {"dmean2": 2.09551239014, "median": 0.786601543427, "min": -1.7841770649, "dvar2": 12.3885345459, "dvar": 4.94204282761, "dmean": 1.35040581226, "max": 74.0516586304, "var": 38.9335441589, "mean": 2.260638237}, "erbbands": {"dmean2": [0.00197108392604, 0.123216062784, 2.13695263863, 4.54023742676, 7.60007572174, 21.4099063873, 9.60238170624, 13.6531038284, 27.2460174561, 17.870141983, 14.4820671082, 20.0298538208, 15.7682704926, 10.5951595306, 5.75672149658, 5.83275842667, 11.5708169937, 6.88341856003, 3.85589790344, 8.30290412903, 4.0434346199, 6.26261758804, 4.35569238663, 1.51567828655, 1.0857694149, 0.532477259636, 0.469634145498, 0.436172932386, 0.552000522614, 0.217378929257, 0.129028379917, 0.0837710350752, 0.0432994887233, 0.0332928597927, 0.0151764201, 0.00632330169901, 0.00243824790232, 0.000392702262616, 3.23769054376e-05, 1.04140644908e-05], "median": [0.000617977115326, 0.0379516258836, 1.07989382744, 3.01348590851, 6.23768377304, 13.3816490173, 9.44549751282, 12.2243919373, 13.8623018265, 6.71537208557, 5.6780424118, 8.50128269196, 5.20062255859, 3.51907324791, 2.68635797501, 2.62372398376, 3.70627617836, 2.06057262421, 1.0407242775, 0.806147098541, 0.851054728031, 0.900914609432, 0.863030314445, 0.38032835722, 0.194952517748, 0.0682514756918, 0.0415105298162, 0.0383178517222, 0.0420238375664, 0.0176360271871, 0.00904036685824, 0.0051000919193, 0.00188524357509, 0.00123203312978, 0.000735788373277, 0.000370239955373, 0.000125284772366, 2.04324769584e-05, 1.058903581e-05, 1.82616549864e-05], "min": [1.2478474934e-21, 8.97580387368e-21, 9.13510803522e-21, 4.61890157725e-20, 5.83996233305e-20, 1.76801829696e-19, 4.6527591137e-19, 5.82814399005e-19, 4.02176273648e-19, 4.7906718353e-19, 3.09558385575e-19, 4.6156357648e-19, 1.3632615817e-18, 1.98920890015e-18, 2.33864080337e-18, 2.24636156821e-18, 2.03757311659e-18, 1.8781137876e-18, 6.43765843506e-18, 7.34092684267e-18, 1.23588434936e-17, 5.64750987135e-18, 8.1885834841e-18, 1.48386292268e-17, 1.42759511957e-17, 1.55569197835e-17, 1.45342548855e-17, 1.63036405379e-17, 2.00807407751e-17, 1.3697373926e-17, 1.25222323441e-17, 1.69631152444e-17, 1.39046612516e-17, 1.04722322864e-17, 7.36073864552e-18, 4.93432301901e-18, 2.33725072635e-18, 1.12541737708e-18, 2.80304212634e-19, 2.79509337302e-20], "dvar2": [4.05936298193e-05, 0.101354941726, 20.2760047913, 69.0333938599, 183.572250366, 1587.8269043, 320.09588623, 984.220153809, 4016.25317383, 2738.58154297, 1566.96044922, 3298.42358398, 10486.8613281, 2579.0847168, 423.947570801, 396.583435059, 1482.12658691, 795.344238281, 193.806686401, 1829.37683105, 197.895080566, 2037.46899414, 564.872558594, 21.5693531036, 13.3510971069, 3.70399188995, 9.37863445282, 4.46191072464, 6.48261499405, 1.10670101643, 0.225387632847, 0.0945255532861, 0.0344976633787, 0.0153573360294, 0.00640396121889, 0.00076690147398, 0.000180596878636, 2.55491340795e-06, 2.07046753076e-08, 2.09882625168e-10], "dvar": [2.66748193098e-05, 0.0514163412154, 8.79180526733, 24.9600791931, 92.1177749634, 689.234191895, 123.214355469, 482.957580566, 1470.08642578, 1251.23022461, 838.447143555, 1534.44030762, 4288.08886719, 932.263916016, 209.828918457, 185.230651855, 703.921630859, 339.459014893, 105.257972717, 1342.28930664, 118.347503662, 789.868652344, 232.8021698, 10.3306798935, 6.18102407455, 1.60874605179, 4.35486793518, 2.26233386993, 3.40983247757, 0.535625338554, 0.106092616916, 0.0424627810717, 0.0150456586853, 0.00769502669573, 0.00287714484148, 0.000397043040721, 9.03737527551e-05, 1.29587283482e-06, 1.03253245953e-08, 9.94014801026e-11], "dmean": [0.00141615886241, 0.0893161445856, 1.44578075409, 2.77358484268, 5.06772327423, 13.9467220306, 6.2663025856, 9.83479309082, 16.8068962097, 12.3411149979, 10.2304782867, 13.6700134277, 10.6482553482, 6.7541270256, 4.11036777496, 4.01799297333, 7.85297632217, 4.71356868744, 2.76494455338, 6.98134946823, 2.93160963058, 4.11935377121, 2.94307494164, 1.03575086594, 0.723936676979, 0.352688521147, 0.320570766926, 0.303815275431, 0.374086230993, 0.146099895239, 0.0874514207244, 0.0540481433272, 0.0272985976189, 0.0211941655725, 0.00950407143682, 0.00406319880858, 0.00164318282623, 0.000253619655268, 2.11032947846e-05, 7.01265207681e-06], "max": [0.179561033845, 6.08617973328, 68.5332260132, 97.9746017456, 292.575469971, 774.842590332, 239.354919434, 455.962860107, 812.588989258, 678.114929199, 679.478088379, 1164.14501953, 2261.40576172, 1113.73913574, 628.830993652, 459.822540283, 1032.51635742, 483.730072021, 378.836761475, 1168.48205566, 594.85736084, 1204.5378418, 679.761413574, 75.3614120483, 66.1896438599, 41.0493087769, 88.0627288818, 49.4996032715, 57.7364883423, 26.8073272705, 8.97911453247, 5.12360858917, 2.85757112503, 1.89965081215, 2.30109024048, 0.897588253021, 0.338689267635, 0.0401590019464, 0.00396285764873, 0.000223167284275], "var": [0.00011999810522, 0.288218289614, 47.145488739, 61.5000686646, 340.375213623, 2922.83129883, 377.513061523, 1760.56018066, 3992.68603516, 4329.14941406, 3173.81958008, 6509.35058594, 10666.1123047, 2159.89648438, 653.724609375, 576.871032715, 2358.72241211, 978.567321777, 323.211730957, 4408.23583984, 521.905029297, 952.894348145, 415.435913086, 20.3788261414, 11.0447654724, 2.49590659142, 5.22719526291, 3.22160673141, 5.56335783005, 0.796738088131, 0.175227895379, 0.0557324141264, 0.0178321711719, 0.0122840730473, 0.00309232599102, 0.000688217580318, 0.000147023063619, 2.14647093344e-06, 1.83857729041e-08, 6.18242679273e-10], "mean": [0.00338473217562, 0.219983935356, 3.42822098732, 6.00903749466, 12.1188325882, 30.8817119598, 15.3186321259, 24.3899059296, 35.6420974731, 28.7892742157, 23.7010498047, 32.6133842468, 22.8520965576, 14.8599758148, 9.93957901001, 8.99347877502, 17.513261795, 9.71035766602, 5.41330432892, 14.8676099777, 6.13246631622, 6.72628068924, 5.32629060745, 1.76621854305, 1.03368353844, 0.463305801153, 0.399894058704, 0.384323596954, 0.524230957031, 0.205307617784, 0.107577137649, 0.0638979524374, 0.0288791861385, 0.0241656415164, 0.0108345262706, 0.00536564458162, 0.00217389059253, 0.000317997648381, 3.33070274792e-05, 2.60649539996e-05]}, "spectral_strongpeak": {"dmean2": 0.491258263588, "median": 0.641212582588, "min": 0, "dvar2": 0.603455364704, "dvar": 0.28471109271, "dmean": 0.306000381708, "max": 11.8586397171, "var": 0.789522647858, "mean": 0.863803088665}, "spectral_energy": {"dmean2": 0.00894544459879, "median": 0.0157400388271, "min": 1.02541921233e-20, "dvar2": 0.000156067151693, "dvar": 7.44383651181e-05, "dmean": 0.00605487637222, "max": 0.201918691397, "var": 0.000473309773952, "mean": 0.0226676613092}, "average_loudness": 0.835508286953, "spectral_rolloff": {"dmean2": 239.114089966, "median": 452.197265625, "min": 129.19921875, "dvar2": 858734.375, "dvar": 365951.5625, "dmean": 139.276916504, "max": 19035.3515625, "var": 5122277, "mean": 867.094665527}, "spectral_centroid": {"dmean2": 139.089309692, "median": 432.676116943, "min": 127.14414978, "dvar2": 79261.0703125, "dvar": 54760.0039062, "dmean": 94.9968032837, "max": 11104.0839844, "var": 279972.90625, "mean": 549.325317383}, "pitch_salience": {"dmean2": 0.0983569473028, "median": 0.536367893219, "min": 0.0580864623189, "dvar2": 0.00888139009476, "dvar": 0.00334852817468, "dmean": 0.0597828663886, "max": 0.851142823696, "var": 0.0148222399876, "mean": 0.52304071188}, "spectral_energyband_middle_high": {"dmean2": 0.00105716858525, "median": 0.00070222519571, "min": 1.50809899167e-21, "dvar2": 1.96811597561e-05, "dvar": 8.7727803475e-06, "dmean": 0.000753197295126, "max": 0.124152161181, "var": 3.05897447106e-05, "mean": 0.00212196493521}, "spectral_contrast_coeffs": {"dmean2": [0.0770988464355, 0.0650911480188, 0.0551709607244, 0.04927508533, 0.0461560115218, 0.0360107533634], "median": [-0.482901126146, -0.669519543648, -0.716818034649, -0.736054062843, -0.756756126881, -0.781121969223], "min": [-0.969849348068, -0.965842485428, -0.967703819275, -0.963269472122, -0.960844218731, -0.958490669727], "dvar2": [0.00412558438256, 0.0032579251565, 0.00221478147432, 0.00174101872835, 0.0017685451312, 0.00101392460056], "dvar": [0.00162195367739, 0.0012323053088, 0.000937387812883, 0.000863955356181, 0.000873636687174, 0.000476681860164], "dmean": [0.0471296720207, 0.039781793952, 0.0352932922542, 0.0320648252964, 0.0304814521223, 0.0241279713809], "max": [-0.204201370478, -0.383801847696, -0.453922122717, -0.458872884512, -0.525512158871, -0.612227499485], "var": [0.0101029705256, 0.00812031794339, 0.00634466204792, 0.0064404993318, 0.00507768942043, 0.00290040764958], "mean": [-0.487232685089, -0.667922317982, -0.713764369488, -0.734878957272, -0.756031990051, -0.782732725143]}, "melbands_skewness": {"dmean2": 0.847002089024, "median": 2.32300066948, "min": -0.619379043579, "dvar2": 0.824256777763, "dvar": 0.345925956964, "dmean": 0.541476905346, "max": 15.0041704178, "var": 1.84685230255, "mean": 2.53787684441}, "spectral_spread": {"dmean2": 785131.8125, "median": 1973536.75, "min": 343416.59375, "dvar2": 1086069604350.0, "dvar": 671103582208, "dmean": 507498.03125, "max": 40604380, "var": 4652896092160.0, "mean": 2397829.75}, "dissonance": {"dmean2": 0.0554346181452, "median": 0.40687161684, "min": 0.154974207282, "dvar2": 0.00233595911413, "dvar": 0.000889532326255, "dmean": 0.0335721634328, "max": 0.499986678362, "var": 0.00339395110495, "mean": 0.397504627705}, "spectral_skewness": {"dmean2": 1.48521864414, "median": 3.4666326046, "min": -0.0260715633631, "dvar2": 2.17137026787, "dvar": 0.853961586952, "dmean": 0.905449509621, "max": 13.0774278641, "var": 3.19745564461, "mean": 3.82054591179}, "spectral_flux": {"dmean2": 0.0296461973339, "median": 0.0420467741787, "min": 1.01262984109e-10, "dvar2": 0.00104284379631, "dvar": 0.000429609179264, "dmean": 0.0185541845858, "max": 0.233300179243, "var": 0.00130863534287, "mean": 0.0504275225103}, "spectral_contrast_valleys": {"dmean2": [0.817350924015, 0.508103966713, 0.525676965714, 0.564341545105, 0.672829449177, 0.72350525856], "median": [-8.3178730011, -7.03215026855, -8.20464324951, -9.15451049805, -9.76993179321, -12.7826147079], "min": [-27.2678432465, -27.2025127411, -27.3567142487, -27.206993103, -27.2722988129, -27.2520980835], "dvar2": [0.539615035057, 0.232376888394, 0.242091283202, 0.313126474619, 0.535216510296, 0.663945198059], "dvar": [0.253775209188, 0.121561996639, 0.127709656954, 0.164805114269, 0.260687589645, 0.309694945812], "dmean": [0.517248511314, 0.312883526087, 0.330909788609, 0.369072973728, 0.448943972588, 0.479484677315], "max": [-5.90487241745, -4.83303928375, -5.33796167374, -6.31366682053, -6.61949729919, -9.15301704407], "var": [2.60414004326, 2.68259859085, 2.44541573524, 2.44957947731, 2.17919516563, 1.74131667614], "mean": [-8.60016441345, -7.33369588852, -8.46077632904, -9.39754009247, -9.94223690033, -12.8204774857]}, "erbbands_flatness_db": {"dmean2": 0.0361069180071, "median": 0.262656271458, "min": 0.0271326377988, "dvar2": 0.0015894996468, "dvar": 0.000726266298443, "dmean": 0.0251451376826, "max": 0.452405869961, "var": 0.00363497436047, "mean": 0.260896980762}, "spectral_energyband_high": {"dmean2": 3.51581547875e-05, "median": 4.98066219734e-06, "min": 7.2846476516e-21, "dvar2": 2.06415702309e-08, "dvar": 1.1256259036e-08, "dmean": 2.47938514804e-05, "max": 0.00346953701228, "var": 1.91670324057e-08, "mean": 3.51479939127e-05}, "spectral_entropy": {"dmean2": 0.376000076532, "median": 6.17298984528, "min": 4.25450611115, "dvar2": 0.179146587849, "dvar": 0.0800059586763, "dmean": 0.250721275806, "max": 9.8023557663, "var": 0.469203561544, "mean": 6.20236158371}, "silence_rate_20dB": {"dmean2": 0, "median": 1, "min": 1, "dvar2": 0, "dvar": 0, "dmean": 0, "max": 1, "var": 0, "mean": 1}, "melbands_flatness_db": {"dmean2": 0.0475380271673, "median": 0.356495380402, "min": 0.00475159520283, "dvar2": 0.00253589986823, "dvar": 0.00123980850913, "dmean": 0.033139038831, "max": 0.712177693844, "var": 0.00792247243226, "mean": 0.36059114337}, "barkbands": {"dmean2": [1.57513284194e-07, 0.000289647374302, 0.00255302572623, 0.00155831093434, 0.00439567863941, 0.00133796338923, 0.00178252952173, 0.000740672578104, 0.000881464919075, 0.000471248757094, 0.000185887824045, 0.000143053141073, 0.0002896792721, 0.000103705169749, 0.000136837625178, 7.72347411839e-05, 0.000132069108076, 5.32516241947e-05, 2.57178107859e-05, 1.11202425614e-05, 1.12465959319e-05, 1.34916763272e-05, 4.44824991064e-06, 3.08576159114e-06, 2.54157316704e-06, 1.26891927721e-06, 1.76644192607e-07], "median": [2.70813167447e-08, 3.83244478144e-05, 0.00127275427803, 0.000706636463292, 0.00363653246313, 0.00122482562438, 0.000766098091844, 0.000161656120326, 0.000419940479333, 7.63567804825e-05, 5.53015233891e-05, 4.95492495247e-05, 8.03474540589e-05, 2.93892971968e-05, 1.45306421473e-05, 1.46619349835e-05, 1.45955455082e-05, 1.10825385491e-05, 4.81913139083e-06, 1.39485405271e-06, 9.11580457341e-07, 1.04738182927e-06, 3.53032390876e-07, 1.59498441121e-07, 1.11112690604e-07, 7.30538545213e-08, 7.59662732719e-09], "min": [1.3337790395e-23, 4.13121060256e-23, 6.69963000725e-24, 1.98679036601e-23, 5.22278678274e-23, 9.70902865331e-23, 2.64573503093e-23, 1.2365799375e-23, 2.68947926139e-23, 5.70936186888e-23, 5.16819445265e-23, 6.16643860587e-23, 3.7613862993e-23, 6.79323214019e-23, 1.42936862861e-22, 2.36266012059e-22, 9.57972614679e-23, 1.55465274078e-22, 3.30380273495e-22, 3.46836997451e-22, 3.67429018624e-22, 5.94003274928e-22, 4.67625637453e-22, 8.05347971922e-22, 1.0038980771e-21, 1.37999383717e-21, 2.05918252832e-21], "dvar2": [2.5498033589e-13, 8.56669487348e-07, 2.92164149869e-05, 1.03196298369e-05, 5.82183420192e-05, 8.33333160699e-06, 1.62665764947e-05, 6.38125402475e-06, 5.76499951421e-06, 1.34171978061e-05, 5.80886023727e-07, 2.44147145168e-07, 1.06516176857e-06, 1.44444470607e-07, 4.11329978078e-07, 6.84871110934e-08, 1.11718009066e-06, 2.27930261332e-08, 7.1804646673e-09, 1.39883371553e-09, 4.10587652766e-09, 4.01998168087e-09, 2.49263276686e-10, 1.41074388282e-10, 1.11349429677e-10, 3.94638106915e-11, 6.50561527392e-13], "dvar": [9.91624385144e-14, 4.56922435887e-07, 1.18849502542e-05, 4.0903187255e-06, 2.66997594736e-05, 3.96545783587e-06, 6.15548015048e-06, 3.5085276977e-06, 2.73401656159e-06, 5.13069335284e-06, 2.7714531825e-07, 1.15513785204e-07, 4.79379934859e-07, 7.41646957181e-08, 2.73619889413e-07, 4.02772677432e-08, 4.30689368613e-07, 1.2882969358e-08, 3.2902809366e-09, 6.16180495516e-10, 2.01838967762e-09, 2.15563056294e-09, 1.19338566806e-10, 6.28803051295e-11, 5.27675160511e-11, 2.10021427333e-11, 3.09690505662e-13], "dmean": [9.13378528367e-08, 0.000210535508813, 0.00167593662627, 0.000958764052484, 0.0029022290837, 0.000956848380156, 0.00112321285997, 0.000531173252966, 0.000617527111899, 0.000297654565657, 0.000127718885778, 9.82548226602e-05, 0.000193444313481, 7.08577717887e-05, 0.000111437038868, 5.46489609405e-05, 8.65072724991e-05, 3.68250293832e-05, 1.70067505678e-05, 7.3064065873e-06, 7.75751414039e-06, 9.10526523512e-06, 2.97970927932e-06, 1.94185986402e-06, 1.6008110606e-06, 8.50181606893e-07, 1.12328336854e-07], "max": [7.46133264329e-06, 0.0172396190464, 0.0633222013712, 0.043974891305, 0.172235965729, 0.0396540462971, 0.0481552630663, 0.0539083555341, 0.0556343793869, 0.0898653194308, 0.0226424597204, 0.0105087030679, 0.0207794178277, 0.00964991189539, 0.0156402885914, 0.00987548008561, 0.0299079380929, 0.00562777742743, 0.00136896886397, 0.000649626308586, 0.00185846863315, 0.00136405800004, 0.000274479272775, 0.000180880786502, 0.000258041662164, 0.00019219450769, 1.89075653907e-05], "var": [9.38196663912e-14, 2.00342242351e-06, 4.8543617595e-05, 1.28200981635e-05, 0.000114367394417, 1.43579836731e-05, 1.85174631042e-05, 1.28016181407e-05, 1.21833290905e-05, 1.17606741696e-05, 7.28540271666e-07, 3.35341013624e-07, 1.65741619185e-06, 1.60175986252e-07, 8.76175761277e-07, 1.78040821197e-07, 4.32962536934e-07, 5.70597684657e-08, 5.49819123563e-09, 1.04700148551e-09, 2.61807286961e-09, 3.50650530834e-09, 2.00174238296e-10, 7.55282572595e-11, 7.06305014475e-11, 3.73859034009e-11, 4.95325894016e-13], "mean": [9.29665731064e-08, 0.000485951080918, 0.00368724716827, 0.00214854162186, 0.00683973683044, 0.00234721251763, 0.00239762431011, 0.00107497023419, 0.00149277655873, 0.000573713972699, 0.000276154314633, 0.000197079469217, 0.000419119605795, 0.000126395461848, 0.000227559619816, 0.000110856402898, 0.000128521540319, 6.82023455738e-05, 2.47141579166e-05, 9.60440047493e-06, 9.65334311331e-06, 1.29002100948e-05, 3.77407536689e-06, 2.18364607463e-06, 1.85362227967e-06, 1.1606678072e-06, 1.27407318473e-07]}, "erbbands_skewness": {"dmean2": 0.525504112244, "median": 0.865641474724, "min": -2.0376458168, "dvar2": 0.28548631072, "dvar": 0.122467651963, "dmean": 0.347119837999, "max": 7.64928770065, "var": 1.02327609062, "mean": 0.986304461956}, "erbbands_spread": {"dmean2": 7.24249362946, "median": 17.7440261841, "min": 2.00331020355, "dvar2": 86.0433120728, "dvar": 42.8640632629, "dmean": 4.82978916168, "max": 169.600723267, "var": 203.595001221, "mean": 21.5243778229}, "melbands_kurtosis": {"dmean2": 8.78354549408, "median": 8.81311321259, "min": -1.24571955204, "dvar2": 229.99307251, "dvar": 100.444519043, "dmean": 5.5345044136, "max": 411.699707031, "var": 678.555786133, "mean": 15.3112945557}, "melbands": {"dmean2": [4.30305881309e-05, 0.000793930958025, 0.000778544752393, 0.00108329369687, 0.000448435021099, 0.000292649230687, 0.000392413407099, 0.000185910481378, 0.000127961699036, 0.000122048535559, 8.24197995826e-05, 4.87671350129e-05, 2.4274640964e-05, 1.6621512259e-05, 2.55312315858e-05, 2.30473306146e-05, 1.21039120131e-05, 6.54053110338e-06, 9.11063216336e-06, 8.73388944456e-06, 4.42321697847e-06, 5.47912122784e-06, 8.37630977912e-06, 2.27251939577e-06, 1.15999216632e-06, 1.06754225726e-06, 5.06734636474e-07, 3.27337403405e-07, 3.0604735457e-07, 2.62712234189e-07, 2.7164895755e-07, 3.62842314416e-07, 2.1005554629e-07, 9.20252958281e-08, 7.84613121141e-08, 6.9349383125e-08, 4.5202433796e-08, 3.0521569272e-08, 3.13040366962e-08, 2.71050275558e-08], "median": [5.42700854567e-06, 0.000374735041987, 0.000625462562311, 0.000812042679172, 0.000424462545197, 0.000268413161393, 0.00020611898799, 5.9926816