{"tonal": {"thpcp": [1, 0.746918976307, 0.450725287199, 0.391934782267, 0.292309999466, 0.258504807949, 0.310985177755, 0.288527786732, 0.28386259079, 0.324460923672, 0.268394649029, 0.26324146986, 0.326906859875, 0.348229169846, 0.576548874378, 0.766801655293, 0.575728654861, 0.384568750858, 0.330475687981, 0.293463081121, 0.479676574469, 0.752211153507, 0.621132552624, 0.492753624916, 0.562869608402, 0.387473285198, 0.202016234398, 0.18410371244, 0.264714956284, 0.439471691847, 0.469616472721, 0.302306234837, 0.192741990089, 0.189534544945, 0.242768079042, 0.636973381042], "hpcp": {"dmean2": [0.181358143687, 0.180727481842, 0.180546492338, 0.182231321931, 0.161457464099, 0.163364306092, 0.195385530591, 0.217310577631, 0.270358741283, 0.278269141912, 0.276045322418, 0.247233837843, 0.231881052256, 0.216226533055, 0.238374739885, 0.279746651649, 0.286594361067, 0.260058581829, 0.238467887044, 0.190376639366, 0.142506659031, 0.139106109738, 0.189645677805, 0.249297663569, 0.210981637239, 0.159656852484, 0.134681388736, 0.123002298176, 0.161502912641, 0.287119925022, 0.323852419853, 0.321344047785, 0.288718640804, 0.238328516483, 0.195149362087, 0.176386356354], "median": [0.0201629903167, 0.0193533375859, 0.0192278455943, 0.0195743683726, 0.019647533074, 0.0218211840838, 0.0230282433331, 0.0300530865788, 0.0568867474794, 0.0792056620121, 0.0672751069069, 0.0294716265053, 0.0149142015725, 0.0134543720633, 0.046873357147, 0.0923594161868, 0.0750195235014, 0.0528603754938, 0.0382679142058, 0.0254251342267, 0.0110153257847, 0.00820264779031, 0.0150403287262, 0.0237811375409, 0.0239765048027, 0.0150418076664, 0.0121499784291, 0.0100571578369, 0.0187080036849, 0.09009911865, 0.163349300623, 0.119977451861, 0.028947358951, 0.0113908778876, 0.0108418632299, 0.0156021630391], "min": [0, 0, 0, 0, 0, 0, 0, 0, 0, 0, 0, 0, 0, 0, 0, 0, 0, 0, 0, 0, 0, 0, 0, 0, 0, 0, 0, 0, 0, 0, 0, 0, 0, 0, 0, 0], "dvar2": [0.100168161094, 0.0970253497362, 0.100630380213, 0.0969592034817, 0.0792350322008, 0.0813202783465, 0.10736721009, 0.106034100056, 0.128499791026, 0.123882107437, 0.128949716687, 0.127994135022, 0.135328933597, 0.120201595128, 0.111451767385, 0.126339927316, 0.131815433502, 0.125344395638, 0.124677062035, 0.0971811115742, 0.0778841525316, 0.0824779421091, 0.09855248034, 0.138501167297, 0.101580478251, 0.0862901955843, 0.0746149718761, 0.06046256423, 0.0743907690048, 0.125235214829, 0.137580513954, 0.141660243273, 0.167795091867, 0.136005401611, 0.114006012678, 0.0979765579104], "dvar": [0.0359458811581, 0.0352549999952, 0.0371745452285, 0.0368085950613, 0.0289047025144, 0.0297463610768, 0.0404933281243, 0.0386797450483, 0.0500491373241, 0.0537811554968, 0.0488385595381, 0.0478722862899, 0.0518730841577, 0.0442987754941, 0.042170021683, 0.0540205799043, 0.0509792342782, 0.0462224259973, 0.0511947721243, 0.0372684001923, 0.0287406798452, 0.0301633104682, 0.0359093099833, 0.052544541657, 0.0417321845889, 0.0319398120046, 0.0269948709756, 0.022379539907, 0.0271207410842, 0.0468519404531, 0.0581031665206, 0.0553557612002, 0.0624476671219, 0.0523977056146, 0.0417076572776, 0.0355892628431], "dmean": [0.102492511272, 0.101329736412, 0.10055424273, 0.102330334485, 0.0901951864362, 0.0918654426932, 0.109708808362, 0.122002445161, 0.156565383077, 0.164784491062, 0.158327504992, 0.140240758657, 0.13140322268, 0.119970865548, 0.136670872569, 0.163673758507, 0.164765626192, 0.14846727252, 0.137286826968, 0.110421024263, 0.0796612203121, 0.0760624483228, 0.105412751436, 0.141116574407, 0.121103040874, 0.0912934839725, 0.0748085528612, 0.0683888345957, 0.0901216194034, 0.167721122503, 0.193094968796, 0.186091274023, 0.160049661994, 0.132018640637, 0.107604235411, 0.0972364246845], "max": [1, 1, 1, 1, 1, 1, 1, 1, 1, 1, 1, 1, 1, 1, 1, 1, 1, 1, 1, 1, 1, 1, 1, 1, 1, 1, 1, 1, 1, 1, 1, 1, 1, 1, 1, 1], "var": [0.0338230319321, 0.0318092703819, 0.035678461194, 0.0412194766104, 0.0282108094543, 0.0272220000625, 0.04140804708, 0.0386728905141, 0.0718007832766, 0.10835467279, 0.0668473914266, 0.0470467284322, 0.0471909828484, 0.0373394601047, 0.0556021742523, 0.103051796556, 0.0747445821762, 0.0569173283875, 0.0870923623443, 0.0481666363776, 0.0243543405086, 0.0246145538986, 0.0315296240151, 0.0626406297088, 0.073883831501, 0.0386688783765, 0.0215666182339, 0.0221547093242, 0.025421096012, 0.0663123205304, 0.124686330557, 0.0831964612007, 0.0622510015965, 0.0626533105969, 0.0398804098368, 0.0293625537306], "mean": [0.101805582643, 0.0944538265467, 0.0929266065359, 0.106217063963, 0.0878629460931, 0.0861759781837, 0.10701777786, 0.11399795115, 0.188741773367, 0.251023828983, 0.188473254442, 0.125894248486, 0.108186088502, 0.096069470048, 0.15702919662, 0.246247410774, 0.203336894512, 0.161310166121, 0.184263661504, 0.126845091581, 0.066132992506, 0.0602690652013, 0.0866583436728, 0.143867537379, 0.153735876083, 0.0989644005895, 0.0630969330668, 0.0620469264686, 0.0794737115502, 0.208522632718, 0.327364742756, 0.244514942169, 0.147551566362, 0.128305628896, 0.095691986382, 0.0846253633499]}, "tuning_equal_tempered_deviation": 0.0295926257968, "chords_changes_rate": 0.0563964322209, "key_key": "C", "tuning_diatonic_strength": 0.723039269447, "key_scale": "minor", "chords_number_rate": 0.00269541773014, "tuning_frequency": 442.548919678, "tuning_nontempered_energy_ratio": 0.75455302, "chords_histogram": [41.4264984131, 3.89798879623, 5.84698343277, 1.61725068092, 1.6794526577, 1.45137882233, 0.0207339823246, 6.28239679337, 0.393945664167, 20.0082931519, 4.41633844376, 2.59174776077, 0.53908354044, 1.32697486877, 0.145137876272, 0.476881623268, 0.0207339823246, 0, 0, 0.165871858597, 0, 0.165871858597, 6.42753458023, 1.09890115261], "key_strength": 0.884816050529, "chords_key": "C", "chords_strength": {"dmean2": 0.0117558129132, "median": 0.55529499054, "min": 0.260954529047, "dvar2": 0.000110074433906, "dvar": 8.62920205691e-05, "dmean": 0.0111268144101, "max": 0.809438467026, "var": 0.011273602955, "mean": 0.550672829151}, "chords_scale": "minor", "hpcp_entropy": {"dmean2": 1.0912501812, "median": 2.00398921967, "min": 0, "dvar2": 0.775828480721, "dvar": 0.299281299114, "dmean": 0.651303052902, "max": 4.48829174042, "var": 0.638138771057, "mean": 2.00565671921}}, "metadata": {"audio_properties": {"equal_loudness": 0, "codec": "mp3", "downmix": "mix", "sample_rate": 44100, "analysis_sample_rate": 44100, "bit_rate": 128000, "md5_encoded": "c0559d90741f3d642540adebbdd5c705", "length": 223.895507812, "replay_gain": -12.374874115, "lossless": false}, "version": {"essentia_build_sha": "c0e182ba78c2de26e491b7b7a4a2c98c1ed34208", "essentia": "2.1-beta2", "extractor": "music 1.0", "essentia_git_sha": "v2.1_beta2-2-gbb40004"}, "tags": {"title": ["Hem of Your Garment"], "barcode": ["261115070000"], "media": ["CD"], "albumartist": ["CAKE"], "language": ["eng"], "musicbrainz_recordingid": ["151cd5b2-c5ee-4cc9-b35e-f9fb95ac4d4c"], "composer": ["John McCrea"], "originalyear": ["1998"], "lyricist": ["John McCrea"], "discnumber": ["1/1"], "album": ["Prolonging the Magic"], "catalognumber": ["CXK 38092"], "musicbrainz album release country": ["US"], "musicbrainz album type": ["album"], "musicbrainz album status": ["official"], "isrc": ["USCA19886892"], "musicbrainz_albumartistid": ["fa7b9055-3703-473a-8a09-adf2fe031a24"], "work": ["Hem of Your Garment"], "date": ["1998"], "file_name": "09 Hem of Your Garment.mp3", "musicbrainz_albumid": ["6b72283b-e90c-4e0a-a48b-73592c1297f1"], "musicbrainz_releasegroupid": ["34cc7616-0e7e-34aa-a42d-bc9c17755f18"], "musicbrainz_artistid": ["fa7b9055-3703-473a-8a09-adf2fe031a24"], "originaldate": ["1998-10-06"], "musicbrainz_workid": ["9de04f5e-d832-4ec6-bf13-eecc851cda56"], "artist": ["CAKE"], "artistsort": ["CAKE"], "tracknumber": ["9/13"], "label": ["Capricorn Records"], "albumartistsort": ["CAKE"], "acoustid_id": ["d509e0bd-7a33-493c-b6a3-1b3acc18810b"], "script": ["Latn"]}}, "rhythm": {"bpm_histogram_first_peak_bpm": {"dmean2": 0, "median": 120, "min": 120, "dvar2": 0, "dvar": 0, "dmean": 0, "max": 120, "var": 0, "mean": 120}, "bpm": 119.52734375, "bpm_histogram_second_peak_spread": {"dmean2": 0, "median": 0.54545456171, "min": 0.54545456171, "dvar2": 0, "dvar": 0, "dmean": 0, "max": 0.54545456171, "var": 0, "mean": 0.54545456171}, "bpm_histogram_first_peak_weight": {"dmean2": 0, "median": 0.596371889114, "min": 0.596371889114, "dvar2": 0, "dvar": 0, "dmean": 0, "max": 0.596371889114, "var": 0, "mean": 0.596371889114}, "onset_rate": 4.47947788239, "beats_position": [0.545668900013, 1.1261677742, 1.70666658878, 2.24072551727, 2.76317453384, 3.26240348816, 3.76163268089, 4.27247142792, 4.77170038223, 5.27092981339, 5.78176879883, 6.29260778427, 6.79183673859, 7.2910656929, 7.80190467834, 8.3011341095, 8.80036258698, 9.29959201813, 9.79882049561, 10.3096599579, 10.8088884354, 11.3081178665, 11.8189563751, 12.3181858063, 12.8174142838, 13.3166437149, 13.8158731461, 14.3267116547, 14.8259410858, 15.3251695633, 15.8360090256, 16.3352375031, 16.8344669342, 17.3336963654, 17.8329238892, 18.3321533203, 18.8313827515, 19.3422222137, 19.8414516449, 20.3522891998, 20.851518631, 21.3507480621, 21.8499774933, 22.3608150482, 22.8716545105, 23.3592739105, 23.8701133728, 24.3809528351, 24.89179039, 25.37940979, 25.8670291901, 26.3662586212, 26.8770961761, 27.3763256073, 27.8755550385, 28.3863945007, 28.8856239319, 29.3848514557, 29.8840808868, 30.383310318, 30.8825397491, 31.3817672729, 31.8809967041, 32.391834259, 32.8910636902, 33.3902931213, 33.901134491, 34.4119720459, 34.9228096008, 35.422039032, 35.9212684631, 36.4204978943, 36.9197273254, 37.4189567566, 37.9181861877, 38.4290237427, 38.9398651123, 39.4390907288, 39.9383201599, 40.4375495911, 40.9367790222, 41.4243965149, 41.923625946, 42.4344673157, 42.9453048706, 43.4445343018, 43.9437637329, 44.4546012878, 44.953830719, 45.4646720886, 45.9755096436, 46.4631271362, 46.9623565674, 47.4615859985, 47.9608154297, 48.4600448608, 48.959274292, 49.4585037231, 49.9577331543, 50.4569587708, 50.9678001404, 51.4670295715, 51.9662590027, 52.4770965576, 52.9763259888, 53.4755554199, 53.9863929749, 54.485622406, 54.9848518372, 55.4840812683, 55.9833106995, 56.4825401306, 56.9817695618, 57.4693870544, 57.9802246094, 58.4794540405, 58.9786834717, 59.4779129028, 59.977142334, 60.4879798889, 60.9872093201, 61.4864387512, 61.9972763062, 62.4965057373, 62.9957351685, 63.5065765381, 64.0174102783, 64.5282516479, 65.0158691406, 65.5150985718, 66.0143280029, 66.5251693726, 67.0243988037, 67.5236282349, 68.022857666, 68.5336914062, 69.0329208374, 69.543762207, 70.0429916382, 70.5538330078, 71.053062439, 71.5522918701, 72.0515213013, 72.5623550415, 73.0615844727, 73.5608139038, 74.060043335, 74.5592727661, 75.0701141357, 75.5693435669, 76.068572998, 76.5794067383, 77.0786361694, 77.5778656006, 78.0887069702, 78.5995483398, 79.098777771, 79.5979995728, 80.1088409424, 80.6080703735, 81.0956878662, 81.5949172974, 82.105758667, 82.6049880981, 83.1042175293, 83.6034469604, 84.1026763916, 84.6135101318, 85.112739563, 85.6119689941, 86.1228103638, 86.6336517334, 87.1328811646, 87.6321105957, 88.1313400269, 88.6305618286, 89.1181869507, 89.6058044434, 90.116645813, 90.6274795532, 91.1383209229, 91.6491622925, 92.1599960327, 92.6592254639, 93.158454895, 93.6576843262, 94.1569137573, 94.667755127, 95.1553726196, 95.6662139893, 96.1770477295, 96.6762771606, 97.1755065918, 97.6747360229, 98.1739654541, 98.6848068237, 99.1724243164, 99.6716537476, 100.170883179, 100.681724548, 101.169342041, 101.680175781, 102.179405212, 102.690246582, 103.189476013, 103.688705444, 104.187934875, 104.675552368, 105.174781799, 105.67401123, 106.1848526, 106.69568634, 107.20652771, 107.71736908, 108.22820282, 108.727432251, 109.226661682, 109.737503052, 110.248344421, 110.759178162, 111.246803284, 111.746032715, 112.245262146, 112.756095886, 113.243713379, 113.74294281, 114.242172241, 114.741401672, 115.240631104, 115.739860535, 116.239089966, 116.738319397, 117.237548828, 117.725166321, 118.23600769, 118.74684906, 119.2576828, 119.76852417, 120.27936554, 120.778594971, 121.277824402, 121.788658142, 122.299499512, 122.798728943, 123.297958374, 123.785575867, 124.273193359, 124.772422791, 125.271652222, 125.782493591, 126.281723022, 126.780952454, 127.291786194, 127.791015625, 128.290252686, 128.801086426, 129.300308228, 129.799545288, 130.310379028, 130.809616089, 131.308837891, 131.808074951, 132.307296753, 132.818145752, 133.317367554, 133.816589355, 134.327438354, 134.826660156, 135.337509155, 135.836730957, 136.335968018, 136.835189819, 137.334411621, 137.833648682, 138.344482422, 138.855331421, 139.354553223, 139.853790283, 140.353012085, 140.852249146, 141.351470947, 141.850692749, 142.361541748, 142.872375488, 143.371612549, 143.870834351, 144.370071411, 144.869293213, 145.356918335, 145.844528198, 146.355377197, 146.866210938, 147.377044678, 147.876281738, 148.37550354, 148.886352539, 149.385574341, 149.884811401, 150.395645142, 150.894866943, 151.394104004, 151.893325806, 152.392562866, 152.903396606, 153.391021729, 153.89024353, 154.389480591, 154.888702393, 155.387939453, 155.887161255, 156.386398315, 156.897232056, 157.408065796, 157.907302856, 158.406524658, 158.905761719, 159.404983521, 159.904220581, 160.403442383, 160.914276123, 161.413513184, 161.901138306, 162.388748169, 162.887985229, 163.39881897, 163.898040771, 164.397277832, 164.896499634, 165.395736694, 165.906570435, 166.417419434, 166.928253174, 167.439086914, 167.961532593, 168.460769653, 168.971603394, 169.459228516, 169.958450317, 170.480911255, 170.980133057, 171.479354858, 171.978591919, 172.477813721, 172.977050781, 173.476272583, 173.975509644, 174.474731445, 174.985580444, 175.496414185, 176.007247925, 176.506484985, 177.005706787, 177.493331909, 177.992553711, 178.491790771, 179.002624512, 179.501861572, 180.001083374, 180.500320435, 181.011154175, 181.510375977, 182.009613037, 182.508834839, 183.019683838, 183.530517578, 184.0181427, 184.52897644, 185.039810181, 185.539047241, 186.038269043, 186.549118042, 187.059951782, 187.559173584, 188.058410645, 188.557632446, 189.056869507, 189.54447937, 190.055328369, 190.566162109, 191.06539917, 191.564620972, 192.075454712, 192.574691772, 193.073913574, 193.573150635, 194.072372437, 194.583221436, 195.082443237, 195.581680298, 196.092514038, 196.59173584, 197.0909729, 197.590194702, 198.089431763, 198.588653564, 199.087890625, 199.587112427, 200.086349487, 200.585571289, 201.08480835, 201.584030151, 202.083267212, 202.594100952, 203.093322754, 203.592559814, 204.091781616, 204.591018677, 205.101852417, 205.601089478, 206.100311279, 206.611160278, 207.11038208, 207.609603882, 208.120452881, 208.631286621, 209.130523682, 209.629745483, 210.128982544, 210.628204346, 211.139038086, 211.638275146, 212.137496948, 212.648345947, 213.159179688, 213.658401489, 214.15763855, 214.656860352, 215.167709351, 215.678543091, 216.212600708, 216.746658325, 217.292327881, 217.837997437, 218.453323364, 219.045440674, 219.649154663, 220.252868652, 220.844985962, 221.448699951, 222.040817261, 222.632919312, 223.225036621], "beats_loudness": {"dmean2": 0.0501244142652, "median": 0.0490356720984, "min": 4.43623974888e-07, "dvar2": 0.00208091456443, "dvar": 0.000646019878332, "dmean": 0.0273975934833, "max": 0.162666529417, "var": 0.000944643339608, "mean": 0.0512293465436}, "danceability": 1.3243496418, "bpm_histogram_second_peak_weight": {"dmean2": 0, "median": 0.0113378688693, "min": 0.0113378688693, "dvar2": 0, "dvar": 0, "dmean": 0, "max": 0.0113378688693, "var": 0, "mean": 0.0113378688693}, "beats_count": 442, "bpm_histogram_second_peak_bpm": {"dmean2": 0, "median": 101, "min": 101, "dvar2": 0, "dvar": 0, "dmean": 0, "max": 101, "var": 0, "mean": 101}, "bpm_histogram_first_peak_spread": {"dmean2": 0, "median": 0.376777231693, "min": 0.376777231693, "dvar2": 0, "dvar": 0, "dmean": 0, "max": 0.376777231693, "var": 0, "mean": 0.376777231693}, "beats_loudness_band_ratio": {"dmean2": [0.39643535018, 0.537164747715, 0.189347445965, 0.107873290777, 0.0642089098692, 0.0709181949496], "median": [0.484234511852, 0.259597063065, 0.0852280706167, 0.0388658344746, 0.039556145668, 0.057857375592], "min": [3.34004216711e-05, 0.000299976352835, 0.00143161031883, 0.00109418749344, 0.00156105693895, 0.000684440310579], "dvar2": [0.0792708322406, 0.0867196545005, 0.0412820354104, 0.0263630244881, 0.00498194387183, 0.0056065977551], "dvar": [0.026578316465, 0.0277041662484, 0.0144451186061, 0.00882026087493, 0.00177608861122, 0.00191334635019], "dmean": [0.221793696284, 0.275546044111, 0.107585892081, 0.0616696812212, 0.039773710072, 0.0404538437724], "max": [0.97847276926, 0.795914113522, 0.888258457184, 0.713950455189, 0.44081094861, 0.364741235971], "var": [0.0457361601293, 0.0402014292777, 0.0193044915795, 0.0114026144147, 0.00251268874854, 0.00185348140076], "mean": [0.485631227493, 0.305032730103, 0.133085012436, 0.0756627544761, 0.0522486455739, 0.0644255131483]}}, "lowlevel": {"barkbands_spread": {"dmean2": 9.50839519501, "median": 15.8230247498, "min": 0.570209264755, "dvar2": 159.934143066, "dvar": 71.7991943359, "dmean": 6.2342467308, "max": 108.687309265, "var": 160.929748535, "mean": 18.4852695465}, "melbands_spread": {"dmean2": 10.1068401337, "median": 14.439084053, "min": 0.440771192312, "dvar2": 361.593444824, "dvar": 161.339813232, "dmean": 6.41690206528, "max": 263.79309082, "var": 258.508300781, "mean": 17.3461341858}, "hfc": {"dmean2": 8.73021507263, "median": 11.9216461182, "min": 1.26615451103e-16, "dvar2": 254.140136719, "dvar": 130.672454834, "dmean": 6.7412443161, "max": 162.564849854, "var": 324.402893066, "mean": 17.1810188293}, "barkbands_kurtosis": {"dmean2": 7.21447181702, "median": 3.46711039543, "min": -1.92027652264, "dvar2": 261.914642334, "dvar": 92.416557312, "dmean": 4.52600908279, "max": 428.333251953, "var": 135.583084106, "mean": 6.53939533234}, "gfcc": {"mean": [-22.8345336914, 88.8957748413, -95.1373291016, 16.6686859131, -46.9835014343, 7.08111190796, -40.6368141174, 8.86233139038, -24.278169632, 4.84969949722, -20.0005645752, 0.967854559422, -11.3503580093], "icov": [[0.000120270909974, 3.43964643434e-06, -5.80197520321e-05, 4.8799731303e-05, -6.00382372795e-06, -6.81234669173e-05, 7.16660069884e-05, -0.00013137354108, 0.000273241632385, -0.000330162612954, 0.000400293938583, -8.67714916239e-05, 0.000228171018534], [3.43964643434e-06, 0.000864622823428, 9.8480428278e-05, -0.000178419606527, -0.000687286665197, 0.000376888638129, -0.000252613652265, -0.000193743297132, -9.26851353142e-05, 0.00108488718979, -0.000927577726543, 0.000890804978553, -0.000295938603813], [-5.80197520321e-05, 9.8480428278e-05, 0.0010776250856, -0.000927450542804, -0.000224834657274, 0.000162641881616, -0.000162686759722, 0.000290259136818, -0.000250206096098, 0.000111553061288, 0.000548723735847, -0.000630613532849, 0.000573744589929], [4.8799731303e-05, -0.000178419606527, -0.000927450542804, 0.00280261249281, -0.000269955373369, -0.000270613410976, 0.000448522885563, 0.000436344969785, -0.000208843688597, -0.000736626680009, 0.000264323985903, 0.000989649328403, -0.00122641923372], [-6.00382372795e-06, -0.000687286665197, -0.000224834657274, -0.000269955373369, 0.00314338039607, -0.00110600714106, -0.000334187672706, 0.000791394908447, -0.00157699245028, -5.29255557922e-05, 0.000571702315938, -0.00115692743566, -8.80049847183e-05], [-6.81234669173e-05, 0.000376888638129, 0.000162641881616, -0.000270613410976, -0.00110600714106, 0.00568288331851, -0.00268509658054, -0.000392743386328, 0.000808504584711, 0.000187864148756, 7.56859617468e-06, -0.00134808628354, 0.00177929119673], [7.16660069884e-05, -0.000252613652265, -0.000162686759722, 0.000448522885563, -0.000334187672706, -0.00268509658054, 0.00627510715276, -0.00192640477326, 0.00138907553628, -0.000214059851714, -0.00106733688153, 0.00110817316454, -0.000944907835219], [-0.00013137354108, -0.000193743297132, 0.000290259136818, 0.000436344969785, 0.000791394908447, -0.000392743386328, -0.00192640477326, 0.00855233613402, -0.00313355773687, 4.72747560707e-05, -5.88592010899e-05, -0.000113081121526, 0.00108913960867], [0.000273241632385, -9.26851353142e-05, -0.000250206096098, -0.000208843688597, -0.00157699245028, 0.000808504584711, 0.00138907553628, -0.00313355773687, 0.0102995950729, -0.00405759597197, 0.000803087023087, 0.000773191219196, -0.00157859781757], [-0.000330162612954, 0.00108488718979, 0.000111553061288, -0.000736626680009, -5.29255557922e-05, 0.000187864148756, -0.000214059851714, 4.72747560707e-05, -0.00405759597197, 0.0143077941611, -0.00374366226606, -0.00118864967953, 0.00153815012891], [0.000400293938583, -0.000927577726543, 0.000548723735847, 0.000264323985903, 0.000571702315938, 7.56859617468e-06, -0.00106733688153, -5.88592010899e-05, 0.000803087023087, -0.00374366226606, 0.0126080093905, -0.00268531567417, 0.00193232332822], [-8.67714916239e-05, 0.000890804978553, -0.000630613532849, 0.000989649328403, -0.00115692743566, -0.00134808628354, 0.00110817316454, -0.000113081121526, 0.000773191219196, -0.00118864967953, -0.00268531567417, 0.0127307092771, -0.00405738735572], [0.000228171018534, -0.000295938603813, 0.000573744589929, -0.00122641923372, -8.80049847183e-05, 0.00177929119673, -0.000944907835219, 0.00108913960867, -0.00157859781757, 0.00153815012891, 0.00193232332822, -0.00405738735572, 0.0136576099321]], "cov": [[12308.4384766, -1411.02697754, 953.875366211, -69.7966079712, -171.321685791, 292.227539062, -92.5802688599, 77.5189743042, -260.54083252, 245.305007935, -372.472381592, 123.087600708, -302.782470703], [-1411.02697754, 2057.91064453, -176.662612915, 140.73223877, 397.741394043, -66.1296539307, 116.736427307, 24.8130817413, 67.1697769165, -147.853591919, 106.259963989, -124.776054382, 77.812713623], [953.875366211, -176.662612915, 1656.00061035, 575.944885254, 226.06489563, 10.6448640823, -70.3711853027, -88.4511489868, 63.6601028442, 42.424156189, -123.494682312, 57.7692642212, 1.85678589344], [-69.7966079712, 140.73223877, 575.944885254, 629.213439941, 166.356536865, -23.000328064, -55.9792022705, -62.1653327942, 64.1077880859, 15.2663946152, -47.7557563782, -9.93702507019, 51.1702613831], [-171.321685791, 397.741394043, 226.06489563, 166.356536865, 525.387939453, 83.3094100952, 52.0338249207, -17.4011764526, 79.8197097778, -5.56445503235, -4.51967334747, 25.1586723328, 32.407989502], [292.227539062, -66.1296539307, 10.6448640823, -23.000328064, 83.3094100952, 284.71206665, 130.271530151, 32.2228775024, -30.8629322052, 8.89706039429, 9.39397144318, 28.7159137726, -36.3067970276], [-92.5802688599, 116.736427307, -70.3711853027, -55.9792022705, 52.0338249207, 130.271530151, 254.100692749, 56.9009437561, -25.8823947906, -9.00889205933, 34.3052368164, -6.34000968933, -10.3022823334], [77.5189743042, 24.8130817413, -88.4511489868, -62.1653327942, -17.4011764526, 32.2228775024, 56.9009437561, 153.683761597, 29.6098957062, 10.4449834824, 13.3448476791, -5.8203868866, -16.6240634918], [-260.54083252, 67.1697769165, 63.6601028442, 64.1077880859, 79.8197097778, -30.8629322052, -25.8823947906, 29.6098957062, 150.828430176, 32.0844650269, -0.303034752607, -0.728287160397, 22.9201583862], [245.305007935, -147.853591919, 42.424156189, 15.2663946152, -5.56445503235, 8.89706039429, -9.00889205933, 10.4449834824, 32.0844650269, 102.790397644, 13.6630535126, 20.2687530518, -14.1441545486], [-372.472381592, 106.259963989, -123.494682312, -47.7557563782, -4.51967334747, 9.39397144318, 34.3052368164, 13.3448476791, -0.303034752607, 13.6630535126, 115.399551392, 9.15646839142, -5.69967365265], [123.087600708, -124.776054382, 57.7692642212, -9.93702507019, 25.1586723328, 28.7159137726, -6.34000968933, -5.8203868866, -0.728287160397, 20.2687530518, 9.15646839142, 106.675117493, 16.3958930969], [-302.782470703, 77.812713623, 1.85678589344, 51.1702613831, 32.407989502, -36.3067970276, -10.3022823334, -16.6240634918, 22.9201583862, -14.1441545486, -5.69967365265, 16.3958930969, 99.9519042969]]}, "spectral_energyband_middle_low": {"dmean2": 0.010186675936, "median": 0.0103943236172, "min": 2.28790311737e-22, "dvar2": 0.00044329566299, "dvar": 0.000191276500118, "dmean": 0.00662134215236, "max": 0.148787990212, "var": 0.000292155920761, "mean": 0.0145557438955}, "melbands_crest": {"dmean2": 5.462433815, "median": 12.096326828, "min": 1.99278140068, "dvar2": 26.1039676666, "dvar": 10.1009616852, "dmean": 3.28944683075, "max": 32.8761177063, "var": 21.325799942, "mean": 12.9743919373}, "spectral_kurtosis": {"dmean2": 3.66740107536, "median": 5.32659482956, "min": -1.20569217205, "dvar2": 33.8435020447, "dvar": 13.8587636948, "dmean": 2.41666150093, "max": 110.724624634, "var": 28.0621509552, "mean": 6.47804355621}, "spectral_rms": {"dmean2": 0.0015580264153, "median": 0.0046095373109, "min": 3.34642968718e-12, "dvar2": 4.38735060015e-06, "dvar": 2.17628166865e-06, "dmean": 0.00106190261431, "max": 0.0137193854898, "var": 6.01861120231e-06, "mean": 0.0046863052994}, "zerocrossingrate": {"dmean2": 0.016126954928, "median": 0.04736328125, "min": 0.00390625, "dvar2": 0.000428265338996, "dvar": 0.000385283055948, "dmean": 0.0142993032932, "max": 0.51513671875, "var": 0.00203404878266, "mean": 0.0583308264613}, "silence_rate_60dB": {"dmean2": 0.0672059729695, "median": 0, "min": 0, "dvar2": 0.07658726722, "dvar": 0.0324707776308, "dmean": 0.0335995033383, "max": 1, "var": 0.0943313613534, "mean": 0.105454169214}, "erbbands_kurtosis": {"dmean2": 2.14146113396, "median": 0.167466044426, "min": -1.84404432774, "dvar2": 13.6897821426, "dvar": 6.79205226898, "dmean": 1.42656171322, "max": 60.888633728, "var": 16.5469455719, "mean": 1.39827716351}, "erbbands": {"dmean2": [0.265866041183, 2.54802393913, 4.57174825668, 6.18337011337, 19.6822776794, 20.7344245911, 19.7025203705, 12.6720809937, 17.3884906769, 20.5853939056, 25.3466930389, 19.595249176, 20.6169872284, 14.0931749344, 11.456568718, 12.9239425659, 13.5554656982, 17.5267410278, 13.371260643, 16.2941818237, 15.7703094482, 9.36135482788, 7.87572097778, 5.20930337906, 5.20139551163, 5.79419708252, 4.13345384598, 3.82990789413, 3.05664730072, 2.55464911461, 2.29564857483, 1.73012804985, 1.11224687099, 0.904776573181, 0.73316937685, 0.826593101025, 0.229524567723, 0.0629268959165, 0.0084893386811, 0.000571683514863], "median": [0.0462934449315, 0.521453142166, 1.33927202225, 2.63680505753, 7.06592655182, 8.94786453247, 8.12986183167, 6.27070665359, 7.61810588837, 7.55094432831, 10.4217910767, 6.34990501404, 8.4742269516, 7.36699771881, 5.86468315125, 6.71286344528, 8.27680873871, 8.92854785919, 7.12253379822, 8.50532722473, 7.55167818069, 5.43414831161, 4.01094722748, 2.48841905594, 2.62836837769, 3.00630998611, 1.41881251335, 0.531145334244, 0.537434339523, 0.692111551762, 0.515800356865, 0.380945682526, 0.276580035686, 0.188011407852, 0.127547472715, 0.0774656757712, 0.0236540958285, 0.00415937975049, 0.000153253466124, 4.09237800341e-05], "min": [1.6594287161e-21, 4.23090564469e-21, 2.4258965739e-21, 4.00151933276e-21, 4.19692798934e-20, 2.23042014345e-19, 4.4209603586e-19, 3.88404466082e-19, 4.03379537096e-19, 3.73180025962e-19, 9.47296233085e-19, 9.77350186281e-19, 1.01626851711e-18, 4.38392324327e-18, 2.6936187458e-18, 1.22369760079e-18, 5.75990965452e-18, 6.65547328832e-18, 6.30448897388e-18, 1.43189083392e-17, 1.02072391869e-17, 5.88116771488e-18, 7.85467052315e-18, 1.06174959553e-17, 1.73312850632e-17, 1.86978304485e-17, 2.23685354066e-17, 1.65505804205e-17, 2.5580724225e-17, 2.41363709225e-17, 2.10060531324e-17, 1.52515577886e-17, 1.26620912149e-17, 1.83367628024e-17, 1.03569563962e-17, 5.52950097644e-18, 3.73724047141e-18, 1.63708338666e-18, 3.49111163938e-19, 3.46600599693e-20], "dvar2": [0.318080544472, 33.7566490173, 123.969558716, 120.556442261, 3114.70825195, 2537.64624023, 1460.49523926, 858.354614258, 2252.9987793, 3355.46704102, 3796.19628906, 3638.1315918, 2458.1965332, 1175.50585938, 774.812866211, 867.379333496, 672.619140625, 1030.54394531, 684.589172363, 874.139160156, 658.869140625, 250.336700439, 209.360122681, 108.673141479, 131.034988403, 111.018875122, 92.9034881592, 74.6238021851, 50.383895874, 30.651763916, 30.5602531433, 16.4468078613, 6.37907361984, 4.41403484344, 2.79633045197, 9.5152053833, 0.398893177509, 0.022228570655, 0.000581102212891, 3.59116279469e-06], "dvar": [0.125855505466, 12.7266025543, 44.7166175842, 46.7488479614, 1226.74072266, 960.154296875, 593.360107422, 344.346557617, 1009.48034668, 1580.86022949, 1835.04492188, 1792.8972168, 1325.94677734, 505.0184021, 339.256988525, 361.554534912, 278.690734863, 390.401641846, 262.05355835, 371.031555176, 288.598083496, 103.901985168, 87.7340164185, 43.1292381287, 51.8554382324, 45.9471817017, 38.8656692505, 34.1419715881, 21.9763450623, 14.0541696548, 13.1131134033, 7.69515752792, 3.17160105705, 2.34790921211, 1.36329448223, 3.65193986893, 0.173000067472, 0.012572879903, 0.000300524960039, 1.52017594246e-06], "dmean": [0.161068752408, 1.4902869463, 2.59378838539, 3.70093798637, 11.926530838, 12.4101381302, 12.3548460007, 7.80938673019, 11.1863708496, 13.7590560913, 17.2253494263, 13.7949447632, 13.8971500397, 9.13711738586, 7.43451547623, 8.32917690277, 8.49465179443, 10.7255830765, 8.18968582153, 10.5084381104, 10.0830802917, 5.98744440079, 5.07956457138, 3.28074502945, 3.32170510292, 3.74737143517, 2.72680807114, 2.66385698318, 2.09044337273, 1.75483548641, 1.57273709774, 1.23077654839, 0.808243453503, 0.678960859776, 0.54527336359, 0.549408853054, 0.164132118225, 0.0480153933167, 0.00608768081293, 0.000382661673939], "max": [3.93289399147, 34.2476043701, 69.01222229, 72.2214889526, 393.080230713, 380.819763184, 374.199981689, 414.844665527, 1127.32104492, 1200.86499023, 1054.20715332, 1128.45800781, 1556.98388672, 648.586364746, 582.568908691, 479.201507568, 524.620849609, 419.646881104, 517.734130859, 346.045440674, 241.578063965, 160.966049194, 170.101928711, 174.490234375, 293.660705566, 113.078720093, 214.437820435, 116.968833923, 147.056167603, 102.390693665, 74.6721420288, 58.6073036194, 45.7033615112, 38.6491966248, 26.996969223, 40.4858589172, 7.44441127777, 1.58968245983, 0.250113546848, 0.0289110634476], "var": [0.139919400215, 11.18379879, 33.8965988159, 65.6093521118, 1102.26953125, 956.463500977, 972.196411133, 518.904174805, 2149.86230469, 4652.88916016, 5664.46679688, 4326.29931641, 6052.49707031, 1140.37768555, 1243.96569824, 1924.24963379, 730.535522461, 774.471252441, 496.659515381, 873.809814453, 595.88092041, 188.212936401, 142.775787354, 58.1926193237, 70.1626739502, 82.2315979004, 62.7676010132, 63.6110801697, 39.7452087402, 31.0893783569, 21.5595169067, 13.9356355667, 6.59608221054, 5.34649085999, 2.69748520851, 3.48091030121, 0.241085633636, 0.0240777507424, 0.000463575561298, 1.74934928054e-06], "mean": [0.192846089602, 1.7249237299, 3.09302568436, 6.17836618423, 14.8352088928, 17.3118152618, 19.3421440125, 12.7161998749, 18.9252376556, 27.2001152039, 36.5564537048, 25.8541736603, 32.3002052307, 19.7678871155, 16.553237915, 23.0504684448, 17.3581733704, 18.9465236664, 14.9283342361, 18.7054824829, 16.7795886993, 10.2282304764, 8.15238380432, 5.08745670319, 5.42460012436, 6.47896385193, 4.30881786346, 3.81472253799, 2.97624540329, 2.72522354126, 2.24958825111, 1.77804219723, 1.23816895485, 1.04895675182, 0.795918047428, 0.636668682098, 0.214638546109, 0.0663950443268, 0.00724541628733, 0.000416687544202]}, "spectral_strongpeak": {"dmean2": 0.706052720547, "median": 0.493546485901, "min": 0, "dvar2": 0.801318883896, "dvar": 0.342469155788, "dmean": 0.421625524759, "max": 8.06855297089, "var": 0.867303669453, "mean": 0.863245487213}, "spectral_energy": {"dmean2": 0.0205030217767, "median": 0.0217790324241, "min": 1.14785567548e-20, "dvar2": 0.00117532082368, "dvar": 0.000518665590789, "dmean": 0.0133469514549, "max": 0.192927062511, "var": 0.000802563154139, "mean": 0.0286796223372}, "average_loudness": 0.945576012135, "spectral_rolloff": {"dmean2": 806.076843262, "median": 796.728515625, "min": 64.599609375, "dvar2": 2751652.5, "dvar": 1319417.875, "dmean": 480.987243652, "max": 19939.7460938, "var": 2545368.5, "mean": 1167.63537598}, "spectral_centroid": {"dmean2": 362.611328125, "median": 921.93560791, "min": 147.009765625, "dvar2": 212822.296875, "dvar": 106236.289062, "dmean": 238.504440308, "max": 11036.375, "var": 289265.625, "mean": 1011.49212646}, "pitch_salience": {"dmean2": 0.130720004439, "median": 0.583750486374, "min": 0.10263107717, "dvar2": 0.016562409699, "dvar": 0.00610035704449, "dmean": 0.0787163823843, "max": 0.928081214428, "var": 0.0130507899448, "mean": 0.577687084675}, "spectral_energyband_middle_high": {"dmean2": 0.00175704713911, "median": 0.00271010771394, "min": 1.63534778402e-21, "dvar2": 7.25088375475e-06, "dvar": 3.17751141665e-06, "dmean": 0.00116950564552, "max": 0.0410740450025, "var": 1.28232159113e-05, "mean": 0.00350493588485}, "spectral_contrast_coeffs": {"dmean2": [0.0881555527449, 0.0796315222979, 0.0671154633164, 0.0575271807611, 0.04112117365, 0.0286426469684], "median": [-0.638787150383, -0.704359531403, -0.737180948257, -0.751430332661, -0.796225726604, -0.800949931145], "min": [-0.977616608143, -0.973826825619, -0.964372515678, -0.965799748898, -0.958819687366, -0.959186851978], "dvar2": [0.00569122191519, 0.00460202340037, 0.00316129159182, 0.00229247403331, 0.00122958223801, 0.000580190273467], "dvar": [0.00241276039742, 0.00193140143529, 0.00141358980909, 0.00101917237043, 0.000554526573978, 0.000248125084909], "dmean": [0.0548451058567, 0.0501839965582, 0.0428198873997, 0.0368565022945, 0.0262449160218, 0.0181542225182], "max": [-0.290429353714, -0.352382391691, -0.380985110998, -0.501274645329, -0.524088859558, -0.658888041973], "var": [0.00895545165986, 0.00781901087612, 0.00843933969736, 0.00492930365726, 0.00249488954432, 0.000960005680099], "mean": [-0.632086396217, -0.700447678566, -0.733731806278, -0.751912891865, -0.78963547945, -0.799840331078]}, "melbands_skewness": {"dmean2": 1.38374018669, "median": 2.51512074471, "min": -3.25121855736, "dvar2": 2.61681246758, "dvar": 1.13358688354, "dmean": 0.910184681416, "max": 19.6183204651, "var": 3.18057966232, "mean": 2.76344656944}, "spectral_spread": {"dmean2": 1250747.875, "median": 4762794, "min": 965272.125, "dvar2": 2136209227780.0, "dvar": 1225571303420.0, "dmean": 959369.6875, "max": 40904568, "var": 4593594925060.0, "mean": 5127826}, "dissonance": {"dmean2": 0.0404915362597, "median": 0.452879488468, "min": 0.201137825847, "dvar2": 0.00141080480535, "dvar": 0.000581242027692, "dmean": 0.0251717492938, "max": 0.500000059605, "var": 0.00167243857868, "mean": 0.443107277155}, "spectral_skewness": {"dmean2": 0.432519704103, "median": 1.86529302597, "min": -0.0337238423526, "dvar2": 0.26279759407, "dvar": 0.118526853621, "dmean": 0.296563655138, "max": 8.61877346039, "var": 0.382887244225, "mean": 1.93462741375}, "spectral_flux": {"dmean2": 0.0514500364661, "median": 0.0641494393349, "min": 1.07138027616e-10, "dvar2": 0.00406714808196, "dvar": 0.00201045395806, "dmean": 0.0339208059013, "max": 0.35951513052, "var": 0.00421933503821, "mean": 0.0826019719243}, "spectral_contrast_valleys": {"dmean2": [0.780405402184, 0.725439965725, 0.702535271645, 0.643334031105, 0.562182605267, 0.602799355984], "median": [-7.02327060699, -6.90231513977, -7.85656309128, -8.039478302, -8.00724220276, -10.3238334656], "min": [-27.3373775482, -26.9837169647, -27.4134693146, -26.9404430389, -27.2654800415, -27.2378807068], "dvar2": [0.517633497715, 0.530284643173, 0.467983603477, 0.476970046759, 0.398477971554, 0.495032310486], "dvar": [0.280878573656, 0.246796548367, 0.235183849931, 0.242643356323, 0.214072316885, 0.282524287701], "dmean": [0.511985123158, 0.461991935968, 0.457739889622, 0.436955958605, 0.410236001015, 0.503987729549], "max": [-4.97176074982, -4.41487598419, -5.39635658264, -5.83344745636, -5.70416593552, -7.70591402054], "var": [2.19010829926, 1.20677483082, 1.10108649731, 1.09803652763, 1.19863176346, 1.87117946148], "mean": [-7.39728736877, -7.08237457275, -7.96470689774, -8.14825630188, -8.1251039505, -10.4520940781]}, "erbbands_flatness_db": {"dmean2": 0.0342488959432, "median": 0.150363206863, "min": 0.0285995993763, "dvar2": 0.00119346007705, "dvar": 0.000674797396641, "dmean": 0.0265801772475, "max": 0.416893005371, "var": 0.00332847842947, "mean": 0.152738690376}, "spectral_energyband_high": {"dmean2": 0.000562702130992, "median": 0.000194339052541, "min": 8.64736308729e-21, "dvar2": 1.4330578324e-06, "dvar": 7.1067307772e-07, "dmean": 0.000432446104242, "max": 0.0119583401829, "var": 1.52066024839e-06, "mean": 0.000698867021129}, "spectral_entropy": {"dmean2": 0.34859290719, "median": 7.38981676102, "min": 4.76150846481, "dvar2": 0.135313287377, "dvar": 0.0742315128446, "dmean": 0.257286518812, "max": 9.80712032318, "var": 0.298503518105, "mean": 7.3642282486}, "silence_rate_20dB": {"dmean2": 0, "median": 1, "min": 1, "dvar2": 0, "dvar": 0, "dmean": 0, "max": 1, "var": 0, "mean": 1}, "melbands_flatness_db": {"dmean2": 0.0515754707158, "median": 0.223461925983, "min": 0.00976419262588, "dvar2": 0.00274470122531, "dvar": 0.0012499159202, "dmean": 0.0344937965274, "max": 0.628538072109, "var": 0.00535403704271, "mean": 0.231253802776}, "barkbands": {"dmean2": [0.000219384601223, 0.0103543605655, 0.00386485364288, 0.00230028666556, 0.00670964596793, 0.00173622951843, 0.00120176840574, 0.00130568188615, 0.000883887929376, 0.000634384632576, 0.000321662024362, 0.000314746284857, 0.000317898899084, 0.000335202465067, 0.0002691061527, 0.000339069665642, 0.000187657191418, 0.000134898538818, 0.000102556339698, 0.000121197212138, 9.85550796031e-05, 8.12440703157e-05, 7.91199418018e-05, 7.0908710768e-05, 8.6688574811e-05, 0.000151879998157, 5.48277785128e-05], "median": [2.6111396437e-05, 0.00239115441218, 0.000988710322417, 0.00099221477285, 0.00317041645758, 0.000909704365768, 0.000444581441116, 0.000433521025116, 0.000222526970902, 0.000273295328952, 0.00011647491192, 0.000141184456879, 0.000117812494864, 0.000140486226883, 0.000128660278278, 0.000131550361402, 9.38431621762e-05, 6.08272021054e-05, 4.58365248051e-05, 6.57633790979e-05, 1.87413079402e-05, 1.7122420104e-05, 1.9922368665e-05, 1.83846805157e-05, 1.7433976609e-05, 1.53670443979e-05, 1.28884107653e-06], "min": [1.74599909439e-23, 3.08912061359e-23, 1.73751170047e-24, 2.87868143583e-24, 4.63457832856e-23, 6.10005438297e-23, 3.10293419913e-23, 3.19895150862e-23, 4.81651142586e-23, 2.55453450613e-23, 1.44309417727e-22, 2.60297277452e-23, 1.2237324068e-22, 1.49232275807e-22, 1.78851655148e-22, 2.29408526251e-22, 1.09014846816e-22, 1.63799179334e-22, 2.72658626863e-22, 4.02822165594e-22, 4.72191236207e-22, 7.93377531489e-22, 6.95109494557e-22, 6.88817640952e-22, 1.59996501215e-21, 1.82449830228e-21, 2.53081219653e-21], "dvar2": [2.39426412918e-07, 0.000530093791895, 8.81247033249e-05, 1.44742652992e-05, 0.000304095854517, 1.2875374523e-05, 1.05451208583e-05, 1.21078837765e-05, 5.89062983636e-06, 2.25557437261e-06, 5.76500099214e-07, 4.94850439736e-07, 3.47931603528e-07, 4.10123675465e-07, 2.14517584141e-07, 3.52098282974e-07, 1.10091420424e-07, 6.08490609011e-08, 4.80608122189e-08, 4.86586273496e-08, 5.17571443481e-08, 3.30804112991e-08, 3.50801734328e-08, 2.51793323969e-08, 3.78493041353e-08, 2.47555647093e-07, 2.15981277307e-08], "dvar": [9.69549915908e-08, 0.00020410293655, 3.13084819936e-05, 5.71135797145e-06, 0.00012244618847, 5.16016325491e-06, 4.79341815662e-06, 6.03580974712e-06, 2.88845876639e-06, 1.15216084851e-06, 2.53202330214e-07, 2.0191558292e-07, 1.42814570836e-07, 1.58606255241e-07, 8.25258510417e-08, 1.5488558347e-07, 4.42954188884e-08, 2.48062672625e-08, 1.89753208701e-08, 2.01442986736e-08, 2.32242101106e-08, 1.4734577114e-08, 1.53030708105e-08, 1.24154437842e-08, 2.00451566457e-08, 9.94586670799e-08, 1.11742020081e-08], "dmean": [0.000138240880915, 0.00617043673992, 0.00217039138079, 0.00138792488724, 0.00413349783048, 0.00107895594556, 0.000775655382313,