{"tonal": {"thpcp": [1, 0.474893659353, 0.184209629893, 0.171063378453, 0.159590676427, 0.389973849058, 0.549062848091, 0.373949915171, 0.467473626137, 0.545309245586, 0.285668551922, 0.169699668884, 0.140344902873, 0.0998365581036, 0.24821177125, 0.345745682716, 0.219844356179, 0.21463701129, 0.24564486742, 0.164119362831, 0.330160588026, 0.482070028782, 0.49609336257, 0.681227326393, 0.593744695187, 0.265880823135, 0.209733128548, 0.227111309767, 0.161508411169, 0.266069382429, 0.37585490942, 0.276161253452, 0.276220977306, 0.364173084497, 0.457082659006, 0.888525724411], "hpcp": {"dmean2": [0.267223626375, 0.255591660738, 0.202875450253, 0.129754751921, 0.0934128537774, 0.0968981385231, 0.119854316115, 0.136071279645, 0.144083455205, 0.138000383973, 0.147303059697, 0.106903910637, 0.0629932507873, 0.0546889305115, 0.0564289726317, 0.0864675045013, 0.105251900852, 0.090700417757, 0.072813205421, 0.0722986161709, 0.076032705605, 0.113949686289, 0.124735847116, 0.171034023166, 0.220172435045, 0.167191788554, 0.10999430716, 0.0937777459621, 0.0944017991424, 0.0860762670636, 0.125183820724, 0.161126464605, 0.147068142891, 0.151680484414, 0.184589922428, 0.233147159219], "median": [0.103362865746, 0.122557505965, 0.0502779893577, 0.00663057435304, 0.00306171947159, 0.00479164533317, 0.0143748838454, 0.0206122025847, 0.0307876542211, 0.0315509364009, 0.0299442000687, 0.0199730154127, 0.00971971265972, 0.00701765157282, 0.0048600314185, 0.00548662338406, 0.0067956247367, 0.00867111701518, 0.00778151350096, 0.00527461152524, 0.00992619805038, 0.0262060631067, 0.0340359173715, 0.0441430546343, 0.0225409995764, 0.0178107041866, 0.0113550908864, 0.0105565423146, 0.00902712997049, 0.0125912930816, 0.0161546468735, 0.0166783276945, 0.0140595277771, 0.00650559458882, 0.00711299199611, 0.0299298129976], "min": [0, 0, 0, 0, 0, 0, 0, 0, 0, 0, 0, 0, 0, 0, 0, 0, 0, 0, 0, 0, 0, 0, 0, 0, 0, 0, 0, 0, 0, 0, 0, 0, 0, 0, 0, 0], "dvar2": [0.136943951249, 0.129631310701, 0.106138959527, 0.0827891230583, 0.0578081943095, 0.0577632002532, 0.0520887337625, 0.0656492710114, 0.0565836913884, 0.0547710061073, 0.0657448470592, 0.0387954302132, 0.0230994466692, 0.0183039903641, 0.0223522055894, 0.0383294261992, 0.0506987199187, 0.0385633260012, 0.028283521533, 0.0287959817797, 0.028132872656, 0.0442801043391, 0.0514381714165, 0.0663409605622, 0.14009770751, 0.0721237063408, 0.0477373749018, 0.0360461808741, 0.0433075167239, 0.0343031473458, 0.0687281489372, 0.104796215892, 0.0921095982194, 0.0950532108545, 0.11906798929, 0.139125823975], "dvar": [0.0531410351396, 0.0500074774027, 0.0370485633612, 0.0283000431955, 0.0206343606114, 0.0200005006045, 0.0192896686494, 0.0253623779863, 0.0203701462597, 0.0208877623081, 0.0257946904749, 0.0143484678119, 0.00797596294433, 0.00632542604581, 0.00766098685563, 0.0142310895026, 0.019425181672, 0.0137234870344, 0.0102066081017, 0.0111336270347, 0.00976943317801, 0.0157833117992, 0.0204956736416, 0.024397097528, 0.0545660629869, 0.0284440182149, 0.0176404640079, 0.0137394135818, 0.0161169469357, 0.012182998471, 0.0246579870582, 0.0375374294817, 0.0322532951832, 0.0340894646943, 0.0426700040698, 0.0481154359877], "dmean": [0.152501821518, 0.148475214839, 0.115829922259, 0.0707559809089, 0.0510774254799, 0.0533062815666, 0.0695900544524, 0.0788462534547, 0.0829029902816, 0.0812747329473, 0.0878114327788, 0.0625449419022, 0.0352670811117, 0.0304032377899, 0.0316049046814, 0.0504043549299, 0.0615944750607, 0.0527525693178, 0.0422255434096, 0.042614813894, 0.04346331954, 0.0679149776697, 0.0751206353307, 0.0977361351252, 0.124269209802, 0.0961872562766, 0.0645728558302, 0.054678235203, 0.055041231215, 0.0487518943846, 0.0708770751953, 0.0906072109938, 0.0814306735992, 0.0833576321602, 0.101348735392, 0.130346298218], "max": [1, 1, 1, 1, 1, 1, 1, 1, 1, 1, 1, 1, 1, 1, 1, 1, 1, 1, 1, 1, 1, 1, 1, 1, 1, 1, 1, 1, 1, 1, 1, 1, 1, 1, 1, 1], "var": [0.12083016336, 0.1422380656, 0.047524869442, 0.0244200248271, 0.0282287597656, 0.0187810938805, 0.0541553162038, 0.0987194627523, 0.0347741916776, 0.0668167322874, 0.0855752378702, 0.0256379339844, 0.0264582578093, 0.0212624352425, 0.00780956447124, 0.032407540828, 0.0568992011249, 0.0218989197165, 0.0285711251199, 0.0418117009103, 0.0129793118685, 0.0353004261851, 0.0752956643701, 0.0484572164714, 0.119850762188, 0.0889738127589, 0.0309595316648, 0.0210881084204, 0.0268254652619, 0.0126382820308, 0.0315863378346, 0.0605262890458, 0.0368158482015, 0.0403832830489, 0.0645245686173, 0.058647017926], "mean": [0.289993882179, 0.326376467943, 0.154994115233, 0.0601216889918, 0.0558310598135, 0.0520866401494, 0.127278283238, 0.179201185703, 0.122048452497, 0.152572393417, 0.177976101637, 0.0932354927063, 0.0553859770298, 0.0458052717149, 0.0325843021274, 0.0810104832053, 0.112843252718, 0.0717520266771, 0.0700524672866, 0.0801727026701, 0.053564697504, 0.107756644487, 0.157336309552, 0.161913201213, 0.222336575389, 0.193784296513, 0.0867772474885, 0.0684519559145, 0.0741237848997, 0.0527125447989, 0.0868387818336, 0.122670195997, 0.0901325345039, 0.0901520252228, 0.118857525289, 0.14918102324]}, "tuning_equal_tempered_deviation": 0.263308376074, "chords_changes_rate": 0.0358475260437, "key_key": "A", "tuning_diatonic_strength": 0.545172512531, "key_scale": "minor", "chords_number_rate": 0.00308191403747, "tuning_frequency": 434.193115234, "tuning_nontempered_energy_ratio": 0.934575736523, "chords_histogram": [19.3998374939, 3.22789955139, 3.89294409752, 4.07137060165, 3.90916466713, 1.13544201851, 1.31386864185, 9.06731510162, 1.89781022072, 1.91403079033, 1.29764807224, 6.01784276962, 0, 0.0162205994129, 0, 0.243309006095, 4.31467962265, 3.42254662514, 4.93106222153, 0, 2.46553111076, 1.97891318798, 9.06731510162, 16.4152469635], "key_strength": 0.760203778744, "chords_key": "A", "chords_strength": {"dmean2": 0.00581412529573, "median": 0.553828597069, "min": 0.217389062047, "dvar2": 3.05630492221e-05, "dvar": 3.77243231924e-05, "dmean": 0.00655667250976, "max": 0.809408247471, "var": 0.0141883548349, "mean": 0.545412242413}, "chords_scale": "minor", "hpcp_entropy": {"dmean2": 0.903005301952, "median": 1.70160365105, "min": 0, "dvar2": 0.56329113245, "dvar": 0.20462885499, "dmean": 0.527065932751, "max": 3.99993133545, "var": 0.453078836203, "mean": 1.68135631084}}, "metadata": {"audio_properties": {"equal_loudness": 0, "codec": "flac", "downmix": "mix", "analysis_sample_rate": 44100, "bit_rate": 0, "md5_encoded": "4579ef8a4b54ae3d971cd25d052f2311", "length": 286.239990234, "replay_gain": -6.86961936951, "lossless": true}, "version": {"essentia_build_sha": "7f154e5731828a63663f0144680ef47bd640f88b", "essentia": "2.1-beta1", "extractor": "music 1.0", "essentia_git_sha": "v2.1_beta1-6-g5578087"}, "tags": {"title": ["The Alien Ships"], "barcode": ["075678399824"], "media": ["CD"], "albumartist": ["John Powell"], "tracktotal": ["29"], "releasetype": ["soundtrack"], "musicbrainz_recordingid": ["151e252a-aa8d-4757-a927-99a288273829"], "composer": ["John Powell"], "musicbrainz_albumartistid": ["52bb713d-b0c9-4bf6-9f58-392388d5cc11"], "ensemble": ["John Powell"], "totaldiscs": ["1"], "catalognumber": ["ATL 83998"], "releasecountry": ["US"], "discnumber": ["1"], "originaldate": ["2006-12-19"], "albumartistsort": ["Powell, John"], "date": ["2006"], "genre": ["Soundtrack"], "encoder": ["MediaMonkey 3.2.4"], "disctotal": ["1"], "releasestatus": ["official"], "musicbrainz_artistid": ["52bb713d-b0c9-4bf6-9f58-392388d5cc11"], "asin": ["B000KHYOK0"], "musicbrainz_albumid": ["b8e4a28b-c849-461c-879d-ad334084cc7c"], "album artist": ["John Powell"], "artist": ["John Powell"], "tracknumber": ["23"], "artistsort": ["Powell, John"], "album": ["Happy Feet"], "label": ["Atlantic"], "file_name": "23 The Alien Ships.flac", "acoustid_id": ["765315c2-c3db-4fac-ada3-ebffb0c1854a"], "script": ["Latn"], "totaltracks": ["29"]}}, "rhythm": {"bpm_histogram_first_peak_bpm": {"dmean2": 0, "median": 123, "min": 123, "dvar2": 0, "dvar": 0, "dmean": 0, "max": 123, "var": 0, "mean": 123}, "bpm": 122.229408264, "bpm_histogram_second_peak_spread": {"dmean2": 0, "median": 0.494623661041, "min": 0.494623661041, "dvar2": 0, "dvar": 0, "dmean": 0, "max": 0.494623661041, "var": 0, "mean": 0.494623661041}, "bpm_histogram_first_peak_weight": {"dmean2": 0, "median": 0.14789916575, "min": 0.14789916575, "dvar2": 0, "dvar": 0, "dmean": 0, "max": 0.14789916575, "var": 0, "mean": 0.14789916575}, "onset_rate": 1.89341259003, "beats_position": [0.406349211931, 0.835918366909, 1.25387752056, 1.67183673382, 2.08979582787, 2.50775504112, 2.92571425438, 3.33206343651, 3.75002264977, 4.15637159348, 4.5627207756, 4.96907043457, 5.38702917099, 5.79337835312, 6.28099775314, 6.7570066452, 7.24462556839, 7.70902490616, 8.17342376709, 8.63782310486, 9.14866161346, 9.64789104462, 10.1471195221, 10.623128891, 11.0991382599, 11.5751476288, 12.0395460129, 12.5155553818, 12.9799547195, 13.4443531036, 13.9087524414, 14.3731517792, 14.8375511169, 15.2903394699, 15.7431287766, 16.2075271606, 16.6719264984, 17.1247158051, 17.5775051117, 18.0070743561, 18.4250335693, 18.8429927826, 19.2609519958, 19.7137413025, 20.1665306091, 20.6193199158, 21.0604991913, 21.5016784668, 21.9544658661, 22.4072551727, 22.8484344482, 23.2896137238, 23.7424030304, 24.1835823059, 24.6363716125, 25.0891609192, 25.5303401947, 25.9715194702, 26.4243087769, 26.9351463318, 27.4459857941, 27.9568252563, 28.4676647186, 28.9785022736, 29.4893417358, 29.9305210114, 30.383310318, 30.8360996246, 31.2772789001, 31.7184581757, 32.1596374512, 32.6008148193, 33.0419960022, 33.4947853088, 33.9475746155, 34.4003639221, 34.8531494141, 35.3059387207, 35.7703399658, 36.2231292725, 36.6875267029, 37.1403160095, 37.6163253784, 38.0807266235, 38.545124054, 39.0907936096, 39.6364631653, 40.1821289062, 40.7277984619, 41.2850799561, 41.795917511, 42.2951469421, 42.7943763733, 43.3052139282, 43.8044433594, 44.3152809143, 44.8261222839, 45.3253517151, 45.8245811462, 46.3238105774, 46.8114280701, 47.2990455627, 47.7866668701, 48.2742843628, 48.7735137939, 49.2727432251, 49.7603607178, 50.2479820251, 50.7355995178, 51.2232208252, 51.7108383179, 52.1984558105, 52.6860771179, 53.1736946106, 53.6729240417, 54.1721534729, 54.6597709656, 55.1473922729, 55.6350097656, 56.1342391968, 56.6218566895, 57.1210861206, 57.608707428, 58.0963249207, 58.583946228, 59.0715637207, 59.5591812134, 60.0468025208, 60.5460319519, 61.0452613831, 61.5328788757, 62.0204963684, 62.5081176758, 62.9957351685, 63.4949645996, 63.9941940308, 64.4818115234, 64.9694290161, 65.4570541382, 65.9446716309, 66.4322891235, 66.9315185547, 67.4307479858, 67.9183654785, 68.4059829712, 68.8936004639, 69.3812255859, 69.8688430786, 70.3564605713, 70.844078064, 71.3316955566, 71.8193206787, 72.3069381714, 72.8061676025, 73.3053970337, 73.7930145264, 74.280632019, 74.7798614502, 75.2790908813, 75.766708374, 76.2543258667, 76.7419509888, 77.2295684814, 77.7171859741, 78.2048034668, 78.6924285889, 79.1916503906, 79.6792755127, 80.1785049438, 80.6661224365, 81.1653518677, 81.6645812988, 82.1521987915, 82.6398162842, 83.1274337769, 83.6150588989, 84.1026763916, 84.5902938843, 85.077911377, 85.5655288696, 86.0531539917, 86.5407714844, 87.0400009155, 87.5276184082, 88.0152359009, 88.5028533936, 89.0020828247, 89.4897003174, 89.9773254395, 90.4765548706, 90.9757843018, 91.4634017944, 91.9510192871, 92.4386367798, 92.9262542725, 93.4138793945, 93.9131011963, 94.4123306274, 94.8999557495, 95.3875732422, 95.8751907349, 96.374420166, 96.8736495972, 97.3612670898, 97.8488845825, 98.3365097046, 98.8357315063, 99.3349609375, 99.8341903687, 100.3334198, 100.832649231, 101.331878662, 101.842720032, 102.341949463, 102.841178894, 103.340408325, 103.839637756, 104.338867188, 104.849700928, 105.348930359, 105.84815979, 106.347389221, 106.846618652, 107.345848083, 107.833465576, 108.321083069, 108.808708191, 109.296325684, 109.783943176, 110.271560669, 110.759178162, 111.246803284, 111.87374115, 112.500679016, 113.139228821, 113.777778625, 114.416320801, 115.054870605, 115.670204163, 116.297142029, 116.912467957, 117.539405823, 118.166343689, 118.793289185, 119.408615112, 120.02394104, 120.627662659, 121.254600525, 121.904762268, 122.554916382, 123.193466187, 123.855232239, 124.51700592, 125.143943787, 125.770881653, 126.397819519, 127.024757385, 127.640090942, 128.267028809, 128.882354736, 129.509292603, 130.136230469, 130.763168335, 131.390106201, 132.005432129, 132.574325562, 133.131607056, 133.677276611, 134.188110352, 134.698959351, 135.209793091, 135.662582397, 136.115371704, 136.579772949, 136.951293945, 137.334411621, 137.729156494, 138.205169678, 138.657958984, 139.122360229, 139.575149536, 140.004714966, 140.434280396, 140.875457764, 141.316635132, 141.757827759, 142.199005127, 142.640182495, 143.069747925, 143.487701416, 143.905670166, 144.312011719, 144.71836853, 145.124710083, 145.542678833, 145.960632324, 146.378585815, 146.796554565, 147.214508057, 147.620864868, 148.027206421, 148.445159912, 148.863128662, 149.269470215, 149.675827026, 150.093780518, 150.500137329, 150.91809082, 151.336044312, 151.742401123, 152.148742676, 152.555099487, 152.96144104, 153.367797852, 153.774139404, 154.180496216, 154.586837769, 154.99319458, 155.399536133, 155.805892944, 156.212234497, 156.618591309, 157.024932861, 157.431289673, 157.837631226, 158.243988037, 158.650344849, 159.056686401, 159.463043213, 159.869384766, 160.264129639, 160.658859253, 161.065216064, 161.459945679, 161.854690552, 162.249435425, 162.655776978, 163.050521851, 163.445251465, 163.851608276, 164.257949829, 164.664306641, 165.070648193, 165.465393066, 165.860137939, 166.254867554, 166.649612427, 167.055953979, 167.462310791, 167.857055664, 168.251785278, 168.65814209, 169.064483643, 169.459228516, 169.85395813, 170.248703003, 170.643447876, 171.03817749, 171.432922363, 171.839263916, 172.245620728, 172.640365601, 173.035095215, 173.429840088, 173.824569702, 174.219314575, 174.614059448, 175.008789062, 175.403533936, 175.798278809, 176.193008423, 176.587753296, 176.982498169, 177.377227783, 177.771972656, 178.166702271, 178.561447144, 178.956192017, 179.339309692, 179.734054565, 180.1171875, 180.511917114, 180.906661987, 181.289794922, 181.672927856, 182.067657471, 182.462402344, 182.857131958, 183.251876831, 183.635009766, 184.0181427, 184.412872314, 184.796005249, 185.179138184, 185.573867798, 185.957000732, 186.340133667, 186.723266602, 187.117996216, 187.50112915, 187.884262085, 188.26739502, 188.638900757, 189.022033691, 189.405166626, 189.788299561, 190.171432495, 190.554550171, 190.937683105, 191.309204102, 191.692337036, 192.075454712, 192.458587646, 192.841720581, 193.224853516, 193.607971191, 193.991104126, 194.374237061, 194.745758057, 195.117279053, 195.47718811, 195.848709106, 196.208618164, 196.58013916, 196.928436279, 197.288345337, 197.636642456, 198.089431763, 198.553833008, 199.018234253, 199.482620239, 199.947021484, 200.411422729, 200.875823975, 201.34022522, 201.793014526, 202.245803833, 202.710205078, 203.151382446, 203.592559814, 204.033737183, 204.486526489, 204.927703857, 205.368881226, 205.810058594, 206.251235962, 206.611160278, 206.971069336, 207.330978394, 207.702484131, 208.050796509, 208.399093628, 208.747390747, 209.095687866, 209.443984985, 209.780670166, 210.117370605, 210.465667725, 210.813964844, 211.162261963, 211.498947144, 211.835647583, 212.172332764, 212.509017944, 212.834106445, 213.170791626, 213.507476807, 213.867385864, 214.227294922, 214.598815918, 214.958724976, 215.330245972, 215.713378906, 216.084899902, 216.45640564, 216.827926636, 217.187835693, 217.559356689, 217.942489624, 218.453323364, 218.964172363, 219.475006104, 220.032287598, 220.589569092, 221.135238647, 221.727340698, 222.307846069, 222.888336182, 223.49206543, 224.095779419, 224.699493408, 225.303222656, 225.883712769, 226.46421814, 227.044708252, 227.671646118, 228.286987305, 228.925521851, 229.575683594, 230.225845337, 230.899230957, 231.572601318, 232.245986938, 232.9193573, 233.697235107, 234.475097656, 235.252960205, 236.030838013, 236.785476685, 237.540130615, 238.25994873, 238.979766846, 239.711196899, 240.442626953, 241.15083313, 241.870651245, 242.567245483, 243.275466919, 243.983673096, 244.691879272, 245.400085449, 246.108291626, 246.816497803, 247.524719238, 248.232925415, 248.941131592, 249.649337769, 250.357543945, 251.065750122, 251.773956299, 252.482177734, 253.190383911, 253.898590088, 254.606796265, 255.32661438, 256.034820557, 256.743041992, 257.335144043, 257.927246094, 258.507751465, 259.018585205, 259.529418945, 260.040252686, 260.504669189, 260.957458496, 261.410247803, 261.863037109, 262.315826416, 262.768615723, 263.221405029, 263.674194336, 264.126983643, 264.579772949, 265.032562256, 265.485351562, 265.938140869, 266.483795166, 267.04107666, 267.586761475, 268.144042969, 268.689697266, 269.23538208, 269.792633057, 270.361541748, 270.918823242, 271.476104736, 272.021759033, 272.567443848, 273.113098145, 273.658782959, 274.204437256, 274.738494873, 275.168060303, 275.597625732, 276.027191162, 276.456787109, 276.886352539, 277.315917969, 277.757080078, 278.186676025, 278.616241455, 279.045806885, 279.463745117, 279.881713867, 280.299682617, 280.729248047, 281.182037354, 281.64642334, 282.110839844, 282.586853027, 283.051239014, 283.515655518, 283.980041504, 284.456054688, 284.920440674, 285.384857178], "beats_loudness": {"dmean2": 0.023282431066, "median": 0.0118174031377, "min": 5.67905988902e-09, "dvar2": 0.00135073636193, "dvar": 0.000519850116689, "dmean": 0.0141039760783, "max": 0.189626187086, "var": 0.00120859360322, "mean": 0.0269147921354}, "danceability": 0.888129353523, "bpm_histogram_second_peak_weight": {"dmean2": 0, "median": 0.078991599381, "min": 0.078991599381, "dvar2": 0, "dvar": 0, "dmean": 0, "max": 0.078991599381, "var": 0, "mean": 0.078991599381}, "beats_count": 596, "bpm_histogram_second_peak_bpm": {"dmean2": 0, "median": 152, "min": 152, "dvar2": 0, "dvar": 0, "dmean": 0, "max": 152, "var": 0, "mean": 152}, "bpm_histogram_first_peak_spread": {"dmean2": 0, "median": 0.409395992756, "min": 0.409395992756, "dvar2": 0, "dvar": 0, "dmean": 0, "max": 0.409395992756, "var": 0, "mean": 0.409395992756}, "beats_loudness_band_ratio": {"dmean2": [0.319348067045, 0.205119118094, 0.223767876625, 0.133985340595, 0.0461427494884, 0.0100161610171], "median": [0.416971623898, 0.156456649303, 0.14586147666, 0.0667539834976, 0.0159119870514, 0.00248764664866], "min": [0.00136869493872, 1.31030674311e-06, 4.09733693232e-05, 7.05528691469e-06, 1.71030148977e-06, 1.51767108036e-06], "dvar2": [0.0721122324467, 0.0356189385056, 0.0473456978798, 0.0257647186518, 0.0083993524313, 0.000312185962684], "dvar": [0.0298235118389, 0.0138737540692, 0.0175210628659, 0.00991268269718, 0.00390389747918, 0.000135573965963], "dmean": [0.187429904938, 0.122845239937, 0.127945929766, 0.0771568864584, 0.0280945394188, 0.00597344711423], "max": [0.999057590961, 0.816900908947, 0.887591183186, 0.990142762661, 0.966401040554, 0.299138814211], "var": [0.0910470858216, 0.0284216552973, 0.0349272117019, 0.030260393396, 0.00773937255144, 0.000683955906425], "mean": [0.456015616655, 0.197411373258, 0.203488811851, 0.128147527575, 0.0431026294827, 0.00997698213905]}}, "lowlevel": {"barkbands_spread": {"dmean2": 3.77475142479, "median": 8.91021633148, "min": 0.0696022138, "dvar2": 26.2349815369, "dvar": 10.2438659668, "dmean": 2.38757181168, "max": 149.13861084, "var": 127.509857178, "mean": 11.4323740005}, "melbands_spread": {"dmean2": 5.10034704208, "median": 10.8951787949, "min": 0.0875665843487, "dvar2": 50.3885917664, "dvar": 20.2375144958, "dmean": 3.2035176754, "max": 207.818481445, "var": 107.185264587, "mean": 13.1283569336}, "hfc": {"dmean2": 3.23343896866, "median": 2.63565611839, "min": 1.15838968552e-16, "dvar2": 34.2363739014, "dvar": 14.6261644363, "dmean": 2.12330818176, "max": 95.0867767334, "var": 208.845993042, "mean": 10.4144487381}, "barkbands_kurtosis": {"dmean2": 7.27303552628, "median": 2.36993026733, "min": -1.96584236622, "dvar2": 690.280029297, "dvar": 264.871337891, "dmean": 4.63132095337, "max": 730.747375488, "var": 607.709533691, "mean": 8.40389251709}, "gfcc": {"mean": [-147.979171753, 161.241638184, -119.424255371, 10.3375377655, -36.3429946899, -3.24314975739, -19.6385154724, 2.7860455513, -10.8428277969, 1.18649291992, -4.03769016266, -2.56022882462, -3.53697299957], "icov": [[0.000183321637451, -0.000455710163806, 0.000408201507526, -0.000688455766067, 0.000603896740358, -0.000770135025959, 0.000682861660607, -0.000709096493665, 0.000395403272705, -0.000340144732036, 0.000484589661937, -0.000113790010801, 6.01464889769e-05], [-0.000455710163806, 0.00234455289319, -0.00122063595336, 0.00194933440071, -0.00158655457199, 0.00256743608043, -0.00167291809339, 0.00225424254313, -0.00222866376862, 0.00392135092989, -0.00292336381972, 0.00216067349538, -0.001546229003], [0.000408201507526, -0.00122063595336, 0.00209870375693, -0.00145681202412, 0.000604420842137, -0.00171013968065, 0.00141275511123, -0.00167096825317, 0.000319913728163, -6.61552403471e-05, 0.00160088588018, -0.00148096296471, 0.00014815958275], [-0.000688455766067, 0.00194933440071, -0.00145681202412, 0.00566457724199, -0.00359565787949, 0.00242603104562, -0.00195386493579, 0.00225619389676, -0.00127023109235, 0.00113650457934, 0.000640651851427, -0.000626398890745, -0.000484108604724], [0.000603896740358, -0.00158655457199, 0.000604420842137, -0.00359565787949, 0.00814071949571, -0.00463012279943, -0.000791417784058, 0.000761966977734, -0.00272613647394, 0.00013953288726, -0.00120761082508, 0.00322924484499, -0.000889167364221], [-0.000770135025959, 0.00256743608043, -0.00171013968065, 0.00242603104562, -0.00463012279943, 0.0113328257576, -0.00619898084551, 0.00161332893185, 0.00234313076362, -0.00339865824208, 8.02079157438e-05, -0.00124100316316, 0.0022507137619], [0.000682861660607, -0.00167291809339, 0.00141275511123, -0.00195386493579, -0.000791417784058, -0.00619898084551, 0.0184406805784, -0.00939425919205, 0.000191445476958, 0.00378054822795, -0.00675661209971, 0.00340275652707, -0.000560677435715], [-0.000709096493665, 0.00225424254313, -0.00167096825317, 0.00225619389676, 0.000761966977734, 0.00161332893185, -0.00939425919205, 0.020004844293, -0.0109321400523, 0.00364380725659, 0.00373814394698, -0.00915302149951, 0.00474182795733], [0.000395403272705, -0.00222866376862, 0.000319913728163, -0.00127023109235, -0.00272613647394, 0.00234313076362, 0.000191445476958, -0.0109321400523, 0.0273336488754, -0.0157877635211, 0.00109241844621, 0.00739864911884, -0.00689145084471], [-0.000340144732036, 0.00392135092989, -6.61552403471e-05, 0.00113650457934, 0.00013953288726, -0.00339865824208, 0.00378054822795, 0.00364380725659, -0.0157877635211, 0.0291149336845, -0.0149533040822, 0.00560223776847, 0.000159775649081], [0.000484589661937, -0.00292336381972, 0.00160088588018, 0.000640651851427, -0.00120761082508, 8.02079157438e-05, -0.00675661209971, 0.00373814394698, 0.00109241844621, -0.0149533040822, 0.0308282393962, -0.0196928530931, 0.0075975805521], [-0.000113790010801, 0.00216067349538, -0.00148096296471, -0.000626398890745, 0.00322924484499, -0.00124100316316, 0.00340275652707, -0.00915302149951, 0.00739864911884, 0.00560223776847, -0.0196928530931, 0.0329218842089, -0.0170435830951], [6.01464889769e-05, -0.001546229003, 0.00014815958275, -0.000484108604724, -0.000889167364221, 0.0022507137619, -0.000560677435715, 0.00474182795733, -0.00689145084471, 0.000159775649081, 0.0075975805521, -0.0170435830951, 0.0258265398443]], "cov": [[30539.296875, -169.117584229, -2931.7644043, 1373.81958008, -1827.96057129, 187.96762085, -885.388977051, 232.40977478, -638.835266113, -292.86807251, -719.387756348, 69.3187484741, -91.1632232666], [-169.117584229, 2708.10522461, 712.316772461, -269.873748779, 157.939849854, -553.47644043, -17.8922462463, -178.524520874, 68.8095703125, -360.552886963, -45.9253311157, -114.705314636, 197.847946167], [-2931.7644043, 712.316772461, 1234.81335449, -16.0094585419, 247.181884766, -86.0810317993, 85.3436660767, 2.48132443428, 72.5212097168, -106.9815979, 13.7110538483, 18.1079807281, 87.4285888672], [1373.81958008, -269.873748779, -16.0094585419, 436.072967529, 89.0470962524, 101.0337677, 1.20023083687, 22.8124542236, 1.41651165485, 22.8120937347, -44.1557159424, -5.01788282394, -11.0772724152], [-1827.96057129, 157.939849854, 247.181884766, 89.0470962524, 464.927368164, 116.728126526, 144.135009766, -19.6740112305, 115.208724976, 57.7306632996, 64.3812484741, -65.285118103, -5.09860658646], [187.96762085, -553.47644043, -86.0810317993, 101.0337677, 116.728126526, 331.086486816, 96.6136016846, 62.8630905151, 10.9480772018, 117.787834167, 46.3807601929, 13.6195831299, -67.9291687012], [-885.388977051, -17.8922462463, 85.3436660767, 1.20023083687, 144.135009766, 96.6136016846, 158.455093384, 52.5479049683, 49.1044769287, 32.9252319336, 60.7451782227, 3.19509792328, -12.0037870407], [232.40977478, -178.524520874, 2.48132443428, 22.8124542236, -19.6740112305, 62.8630905151, 52.5479049683, 123.456207275, 24.6511421204, 23.1764755249, 12.0471143723, 38.8022956848, -10.0008764267], [-638.835266113, 68.8095703125, 72.5212097168, 1.41651165485, 115.208724976, 10.9480772018, 49.1044769287, 24.6511421204, 109.277236938, 53.7290458679, 29.8677368164, -23.5971240997, 9.23822021484], [-292.86807251, -360.552886963, -106.9815979, 22.8120937347, 57.7306632996, 117.787834167, 32.9252319336, 23.1764755249, 53.7290458679, 144.09854126, 58.800907135, 0.413434892893, -35.2603149414], [-719.387756348, -45.9253311157, 13.7110538483, -44.1557159424, 64.3812484741, 46.3807601929, 60.7451782227, 12.0471143723, 29.8677368164, 58.800907135, 106.430351257, 38.0485572815, -3.2932536602], [69.3187484741, -114.705314636, 18.1079807281, -5.01788282394, -65.285118103, 13.6195831299, 3.19509792328, 38.8022956848, -23.5971240997, 0.413434892893, 38.0485572815, 100.251548767, 30.9501972198], [-91.1632232666, 197.847946167, 87.4285888672, -11.0772724152, -5.09860658646, -67.9291687012, -12.0037870407, -10.0008764267, 9.23822021484, -35.2603149414, -3.2932536602, 30.9501972198, 81.4648284912]]}, "spectral_energyband_middle_low": {"dmean2": 0.00444741081446, "median": 0.00341726350598, "min": 2.48911187312e-22, "dvar2": 8.20699788164e-05, "dvar": 3.35049662681e-05, "dmean": 0.00290032476187, "max": 0.158639684319, "var": 0.000167848687852, "mean": 0.00898221042007}, "melbands_crest": {"dmean2": 5.05599737167, "median": 14.8752889633, "min": 2.08027887344, "dvar2": 23.8595714569, "dvar": 9.74111175537, "dmean": 3.18939900398, "max": 39.4587669373, "var": 52.2273330688, "mean": 16.4466114044}, "spectral_kurtosis": {"dmean2": 13.0063734055, "median": 11.4465932846, "min": -1.25588095188, "dvar2": 321.643341064, "dvar": 120.187286377, "dmean": 7.514731884, "max": 204.675674438, "var": 407.342773438, "mean": 18.9216346741}, "spectral_rms": {"dmean2": 0.000828088086564, "median": 0.00296907057054, "min": 3.19957537027e-12, "dvar2": 1.47415801166e-06, "dvar": 6.65937648137e-07, "dmean": 0.000552566489205, "max": 0.0195982567966, "var": 7.94143124949e-06, "mean": 0.00368365133181}, "zerocrossingrate": {"dmean2": 0.0049232551828, "median": 0.02783203125, "min": 0.001953125, "dvar2": 8.09617558843e-05, "dvar": 4.28757302871e-05, "dmean": 0.00377506995574, "max": 0.73486328125, "var": 0.00119459675625, "mean": 0.0326347239316}, "silence_rate_60dB": {"dmean2": 0.0736594498158, "median": 0, "min": 0, "dvar2": 0.0786216184497, "dvar": 0.0354636907578, "dmean": 0.0368267372251, "max": 1, "var": 0.217765361071, "mean": 0.320463955402}, "erbbands_kurtosis": {"dmean2": 2.77988529205, "median": 0.419759273529, "min": -1.76786112785, "dvar2": 66.0247879028, "dvar": 27.4217910767, "dmean": 1.77508187294, "max": 165.834121704, "var": 125.126457214, "mean": 2.7784538269}, "erbbands": {"dmean2": [0.225260898471, 1.32409238815, 2.83745789528, 3.04074573517, 4.0446434021, 6.45575380325, 10.0488958359, 15.3441123962, 15.2888422012, 20.9487018585, 17.1188602448, 19.1580047607, 18.099111557, 19.782907486, 32.779712677, 18.2993526459, 13.6083860397, 16.1122226715, 14.1956233978, 15.4786939621, 8.82038879395, 7.09427309036, 6.3387670517, 6.13637495041, 3.91070222855, 2.64166307449, 1.348539114, 0.825749218464, 0.496667593718, 0.316013783216, 0.198022842407, 0.108114793897, 0.0575497895479, 0.0315733700991, 0.0152689786628, 0.00638492731377, 0.00196525850333, 0.000402222154662, 5.48535208509e-05, 1.3930991372e-05], "median": [0.0256401244551, 0.263294219971, 0.616517543793, 0.633912563324, 1.09684967995, 2.24806261063, 2.77593302727, 4.2176451683, 6.26780748367, 5.87723875046, 4.26540231705, 4.66259241104, 3.24753975868, 4.34965658188, 3.54468274117, 2.13113665581, 1.73004341125, 1.52854311466, 1.63085496426, 1.29507684708, 0.989039301872, 0.728566527367, 0.45841178298, 0.395397275686, 0.270578414202, 0.171634659171, 0.0785546451807, 0.0374344624579, 0.0178923066705, 0.00858141295612, 0.00466729793698, 0.00218004337512, 0.00111665925942, 0.000569285533857, 0.000282120978227, 0.000119031719805, 3.90566819988e-05, 1.06772740764e-05, 6.840271908e-06, 1.05520994111e-05], "min": [5.97144935571e-22, 2.4513564096e-21, 1.34581502103e-20, 2.337068766e-20, 2.72769010844e-20, 4.08572777315e-20, 1.6925323792e-19, 2.08105239207e-19, 2.38059400817e-19, 3.98086847796e-19, 4.43132493167e-19, 1.40537200251e-18, 1.23253861058e-18, 1.04089957761e-18, 1.60986004552e-18, 2.06980793147e-18, 3.80514579585e-18, 3.81118628227e-18, 3.10708332063e-18, 5.28180753227e-18, 5.4489025655e-18, 5.59348794631e-18, 6.74188140228e-18, 9.85784884948e-18, 9.84935122305e-18, 1.38904734497e-17, 1.2091157094e-17, 1.40768554397e-17, 1.50813273273e-17, 1.71821543249e-17, 1.44175810601e-17, 1.15829712401e-17, 9.82763855915e-18, 1.05136657633e-17, 8.36805438007e-18, 4.46381441478e-18, 2.86097475452e-18, 1.23868476932e-18, 3.449507298e-19, 3.7120595943e-20], "dvar2": [0.443491786718, 15.1642580032, 93.0752792358, 103.421546936, 139.496368408, 214.097442627, 1055.09777832, 2377.80834961, 1656.20861816, 2373.63256836, 2195.21948242, 2844.98486328, 3182.48730469, 2918.55053711, 7760.42578125, 3184.54052734, 1228.84118652, 1968.02954102, 1656.09765625, 1796.53051758, 507.695953369, 336.369689941, 294.896575928, 335.774200439, 120.738746643, 49.6238708496, 16.5776138306, 7.51553058624, 2.98698163033, 1.30569863319, 0.677034080029, 0.263255059719, 0.075359903276, 0.0302600190043, 0.00814654957503, 0.00208846735768, 0.000249424396316, 1.12781926873e-05, 2.45719235181e-07, 2.66151700679e-09], "dvar": [0.213229194283, 5.51212835312, 32.5173683167, 36.7835350037, 52.0356407166, 76.0011291504, 384.840698242, 975.288879395, 850.844848633, 1230.63684082, 1086.25805664, 1326.39538574, 1432.52172852, 1295.79833984, 3155.77783203, 1348.23474121, 514.290893555, 736.933898926, 664.874084473, 647.230224609, 185.462387085, 125.023277283, 107.753387451, 120.974479675, 44.4311676025, 18.4259529114, 6.23301553726, 2.86854052544, 1.14717638493, 0.502121806145, 0.259224832058, 0.102104663849, 0.0297444332391, 0.0117622399703, 0.0035212803632, 0.000822471978609, 0.000109218752186, 6.09025755693e-06, 1.34652992756e-07, 1.3447483127e-09], "dmean": [0.153264462948, 0.786355316639, 1.68072092533, 1.79647612572, 2.48965811729, 3.8471133709, 6.1408662796, 9.64507102966, 10.3935775757, 14.3344087601, 11.7945737839, 13.1646337509, 11.9475269318, 12.9396648407, 20.9270896912, 11.6006498337, 8.62643241882, 9.860247612, 8.78493022919, 9.22334671021, 5.22734928131, 4.23712491989, 3.79344081879, 3.63156366348, 2.33481955528, 1.58205711842, 0.81882750988, 0.503090560436, 0.301921933889, 0.193864881992, 0.123965702951, 0.0683229193091, 0.0362329259515, 0.0198301915079, 0.0100828167051, 0.00416435208172, 0.00135457946453, 0.000287026487058, 3.96014584112e-05, 9.33380397328e-06], "max": [11.6108732224, 73.3441619873, 183.805541992, 230.76600647, 163.305282593, 204.479293823, 633.35760498, 1592.24621582, 1431.50805664, 1016.05853271, 1646.48510742, 1177.79321289, 1225.6517334, 994.687316895, 1252.06445312, 1206.77905273, 629.670593262, 646.326538086, 992.380432129, 547.363647461, 334.068664551, 428.968078613, 238.111373901, 337.110443115, 188.122909546, 139.36277771, 87.5461807251, 63.1244125366, 35.9362487793, 27.3660736084, 22.4615116119, 16.2449760437, 9.20259952545, 4.62019920349, 3.16970396042, 1.6515557766, 0.550663053989, 0.178082302213, 0.028052393347, 0.00293287984096], "var": [0.456784367561, 7.63058137894, 57.636138916, 52.5170783997, 86.395904541, 116.399131775, 707.63873291, 2798.85595703, 3769.48950195, 4873.91699219, 3791.82470703, 4291.61425781, 4079.68945312, 3830.08618164, 6797.07958984, 3358.83325195, 1288.83837891, 1823.29577637, 1546.6348877, 1353.26403809, 464.366485596, 322.64440918, 329.821594238, 316.110687256, 137.464767456, 62.291305542, 23.3122386932, 10.1798887253, 4.32771968842, 2.17332959175, 1.06954586506, 0.422804832458, 0.12213024497, 0.0462801866233, 0.0151045275852, 0.00261407508515, 0.000332346447976, 2.12742270378e-05, 4.33692463275e-07, 4.32355040658e-09], "mean": [0.25497213006, 1.17720997334, 2.77530503273, 2.75927686691, 4.08428573608, 6.15551185608, 10.6440620422, 18.1474666595, 22.4806404114, 28.6821575165, 24.9738578796, 28.2337055206, 24.295129776, 26.2132225037, 35.8766784668, 21.9176502228, 16.8371601105, 19.5103130341, 16.4785747528, 16.498506546, 10.7016420364, 8.57259273529, 8.49659252167, 7.49220609665, 5.12427425385, 3.66294312477, 2.05821800232, 1.27419745922, 0.79593616724, 0.520303606987, 0.330975621939, 0.187081977725, 0.100732326508, 0.0556866079569, 0.0281807202846, 0.0108744371682, 0.00338761042804, 0.000727394537535, 0.000105907070974, 3.09402603307e-05]}, "spectral_strongpeak": {"dmean2": 0.58909869194, "median": 0.339050084352, "min": 0, "dvar2": 0.99913841486, "dvar": 0.389512002468, "dmean": 0.349108099937, "max": 6.89264726639, "var": 0.777697443962, "mean": 0.685129225254}, "spectral_energy": {"dmean2": 0.0103896288201, "median": 0.00903576426208, "min": 1.04932150086e-20, "dvar2": 0.000543601403479, "dvar": 0.000225994313951, "dmean": 0.00674364203587, "max": 0.393693953753, "var": 0.000989923486486, "mean": 0.0220483578742}, "average_loudness": 0.0531644262373, "spectral_rolloff": {"dmean2": 302.606567383, "median": 667.529296875, "min": 21.533203125, "dvar2": 678575.0625, "dvar": 239087.03125, "dmean": 174.822998047, "max": 21942.3339844, "var": 2835612.5, "mean": 905.11315918}, "spectral_centroid": {"dmean2": 165.320632935, "median": 670.658203125, "min": 59.0550842285, "dvar2": 54654.9140625, "dvar": 23293.2324219, "dmean": 104.259742737, "max": 11161.9628906, "var": 261150.796875, "mean": 805.174194336}, "pitch_salience": {"dmean2": 0.108356714249, "median": 0.506058931351, "min": 0.0329463146627, "dvar2": 0.0104870693758, "dvar": 0.00421728612855, "dmean": 0.0679194480181, "max": 0.92224496603, "var": 0.0177879184484, "mean": 0.489169985056}, "spectral_energyband_middle_high": {"dmean2": 0.00171231431887, "median": 0.000578357372433, "min": 1.25056652654e-21, "dvar2": 1.11439048851e-05, "dvar": 4.61342142444e-06, "dmean": 0.00109709415119, "max": 0.0421851985157, "var": 3.30590701196e-05, "mean": 0.0037437514402}, "spectral_contrast_coeffs": {"dmean2": [0.0702064707875, 0.0680784881115, 0.0564362518489, 0.0433005690575, 0.0314140282571, 0.0242533497512], "median": [-0.693775713444, -0.719706177711, -0.745458841324, -0.76992303133, -0.791415631771, -0.767251133919], "min": [-0.974282503128, -0.963968157768, -0.973138689995, -0.971750736237, -0.961783587933, -0.963122308254], "dvar2": [0.00351679767482, 0.00297211669385, 0.00200694729574, 0.00122236309107, 0.000647958891932, 0.0008495010552], "dvar": [0.00130149407778, 0.00114374014083, 0.000785004871432, 0.000457553134765, 0.000243326154305, 0.000334135664161], "dmean": [0.0428492277861, 0.0421483740211, 0.0350543893874, 0.0262985434383, 0.0191056560725, 0.0145322997123], "max": [-0.371810078621, -0.40908575058, -0.454591691494, -0.445512235165, -0.600360155106, -0.625579059124], "var": [0.00776507565752, 0.00621837284416, 0.0053081815131, 0.00570051372051, 0.00331434141845, 0.00297761848196], "mean": [-0.69491481781, -0.716208815575, -0.744585514069, -0.766475319862, -0.786860883236, -0.772499382496]}, "melbands_skewness": {"dmean2": 0.982474148273, "median": 1.70453047752, "min": -11.580737114, "dvar2": 1.74388647079, "dvar": 0.685263991356, "dmean": 0.631347954273, "max": 29.6869697571, "var": 4.1722946167, "mean": 1.96286702156}, "spectral_spread": {"dmean2": 402198.65625, "median": 2269648.75, "min": 444944.6875, "dvar2": 225226604544, "dvar": 108061614080, "dmean": 242521.546875, "max": 42702724, "var": 2269373792260.0, "mean": 2479496.5}, "dissonance": {"dmean2": 0.0538337007165, "median": 0.439675271511, "min": 0.0993604138494, "dvar2": 0.00312384497374, "dvar": 0.00114507705439, "dmean": 0.0318926274776, "max": 0.499999970198, "var": 0.00344267371111, "mean": 0.424408376217}, "spectral_skewness": {"dmean2": 0.920238673687, "median": 2.3503715992, "min": -0.0153508959338, "dvar2": 1.19301772118, "dvar": 0.438223987818, "dmean": 0.534713983536, "max": 11.7394828796, "var": 2.06002759933, "mean": 2.81165027618}, "spectral_flux": {"dmean2": 0.0251931380481, "median": 0.04050206393, "min": 6.5215707834e-11, "dvar2": 0.00133069511503, "dvar": 0.000543381320313, "dmean": 0.0152982827276, "max": 0.432451486588, "var": 0.00258410861716, "mean": 0.0539452619851}, "spectral_contrast_valleys": {"dmean2": [0.593419313431, 0.526603758335, 0.432595282793, 0.373863816261, 0.323901772499, 0.227301299572], "median": [-7.47046422958, -7.03166389465, -7.99197626114, -8.8545999527, -9.28583049774, -12.9767303467], "min": [-27.106880188, -27.5409698486, -27.402431488, -27.3929367065, -27.3612041473, -27.3017539978], "dvar2": [0.279864966869, 0.218000650406, 0.150199100375, 0.143959671259, 0.204120323062, 0.0900636091828], "dvar": [0.12273838371, 0.0941341742873, 0.068428426981, 0.069166444242, 0.0982077941298, 0.0454275645316], "dmean": [0.367843568325, 0.324712008238, 0.266488403082, 0.232485845685, 0.210440903902, 0.156357765198], "max": [-4.75938653946, -4.82865190506, -5.31917572021, -5.89832115173, -6.03085422516, -8.52460289001], "var": [3.2294678688, 3.22488045692, 3.2525703907, 3.26948523521, 3.15086388588, 2.74307250977], "mean": [-7.88749551773, -7.46405887604, -8.31761837006, -9.02438640594, -9.44444274902, -12.8377151489]}, "erbbands_flatness_db": {"dmean2": 0.0244607403874, "median": 0.227418527007, "min": 0.0199350044131, "dvar2": 0.00061681860825, "dvar": 0.000260216853349, "dmean": 0.016306836158, "max": 0.602955579758, "var": 0.00535795139149, "mean": 0.235213577747}, "spectral_energyband_high": {"dmean2": 5.37266751053e-05, "median": 3.81923700843e-06, "min": 7.59708523963e-21, "dvar2": 3.12721439855e-08, "dvar": 1.26559402958e-08, "dmean": 3.42360144714e-05, "max": 0.00372811453417, "var": 8.16175642626e-08, "mean": 0.000120548058476}, "spectral_entropy": {"dmean2": 0.226904809475, "median": 6.76471471786, "min": 3.68238687515, "dvar2": 0.0696024820209, "dvar": 0.0305316057056, "dmean": 0.149534463882, "max": 9.81220817566, "var": 0.465337187052, "mean": 6.69684553146}, "silence_rate_20dB": {"dmean2": 0.000324490945786, "median": 1, "min": 0, "dvar2": 0.000324325519614, "dvar": 0.000162190946867, "dmean": 0.000162232317962, "max": 1, "var": 0.000162177806487, "mean": 0.999837756157}, "melbands_flatness_db": {"dmean2": 0.0351303108037, "median": 0.305190712214, "min": 0.00538991158828, "dvar2": 0.00161442277022, "dvar": 0.000723840377759, "dmean": 0.0231825951487, "max": 0.882057785988, "var": 0.0130111332983, "mean": 0.320349782705}, "barkbands": {"dmean2": [0.000526183110196, 0.00614531105384, 0.00253638951108, 0.00106896227226, 0.00162098405417, 0.00169275514781, 0.00110808678437, 0.00102532911114, 0.00073695887113, 0.000733111752197, 0.000727863109205, 0.00043267768342, 0.000284674490103, 0.000304245884763, 0.000301510