{"tonal": {"thpcp": [1, 0.591060638428, 0.204969987273, 0.188800305128, 0.230115801096, 0.359195649624, 0.434399455786, 0.294731080532, 0.215115711093, 0.245506629348, 0.219628617167, 0.233383432031, 0.26179420948, 0.293677717447, 0.713012397289, 0.944829404354, 0.479805916548, 0.140863999724, 0.133550181985, 0.172472774982, 0.382725954056, 0.577303230762, 0.365235000849, 0.133513897657, 0.123376771808, 0.172722056508, 0.485663205385, 0.615451276302, 0.321119815111, 0.208403244615, 0.247590810061, 0.174647256732, 0.102764964104, 0.103806473315, 0.168919071555, 0.63942027092], "hpcp": {"dmean2": [0.189633205533, 0.156055748463, 0.116698741913, 0.108111172915, 0.0979810208082, 0.0753198266029, 0.0708139538765, 0.113501049578, 0.223708316684, 0.266948223114, 0.251939564943, 0.173362329602, 0.159885048866, 0.183120295405, 0.189366981387, 0.18644297123, 0.174634486437, 0.147355601192, 0.142762258649, 0.152478307486, 0.155736267567, 0.163661569357, 0.205924868584, 0.286946117878, 0.282333999872, 0.2324911654, 0.121389806271, 0.105715923011, 0.112961426377, 0.168941691518, 0.183045506477, 0.168099761009, 0.103279046714, 0.0947813242674, 0.118358835578, 0.178837448359], "median": [0.0569809600711, 0.0311308242381, 0.00939263217151, 0.00650773337111, 0.00563144264743, 0.00428407080472, 0.00330776302144, 0.00905830319971, 0.089252859354, 0.157506480813, 0.0925423949957, 0.0112567506731, 0.00654767081141, 0.00825929455459, 0.0191146433353, 0.0178749524057, 0.0137792509049, 0.00549690797925, 0.00376738468185, 0.00494016101584, 0.0094094350934, 0.00950921699405, 0.0188978519291, 0.0894844830036, 0.115373179317, 0.052735555917, 0.00431170035154, 0.00183253909927, 0.00420337822288, 0.0290055498481, 0.0427515730262, 0.0263098552823, 0.00428181421012, 0.0019076828612, 0.00989120639861, 0.0429775044322], "min": [0, 0, 0, 0, 0, 0, 0, 0, 0, 0, 0, 0, 0, 0, 0, 0, 0, 0, 0, 0, 0, 0, 0, 0, 0, 0, 0, 0, 0, 0, 0, 0, 0, 0, 0, 0], "dvar2": [0.0850877463818, 0.0626614019275, 0.0530011206865, 0.0533384047449, 0.046631526202, 0.0350604169071, 0.0354107171297, 0.0516619607806, 0.0854015350342, 0.128875300288, 0.102073155344, 0.0941892191768, 0.0927202627063, 0.107030816376, 0.0954456925392, 0.0994270592928, 0.0931947976351, 0.0863364338875, 0.0835894793272, 0.0921263545752, 0.0924983844161, 0.100310899317, 0.115646034479, 0.137795984745, 0.150900885463, 0.101077929139, 0.0674438178539, 0.0642932802439, 0.0595266111195, 0.0786067694426, 0.0933481454849, 0.0834718495607, 0.0533550977707, 0.0580147318542, 0.0575788877904, 0.0754727870226], "dvar": [0.0371063798666, 0.0235969461501, 0.019713183865, 0.0215626154095, 0.0174368638545, 0.0129158133641, 0.0130769368261, 0.0186706259847, 0.0331059992313, 0.054004624486, 0.0374576970935, 0.0330559574068, 0.0338009297848, 0.0391220189631, 0.0359942354262, 0.0402167625725, 0.0340863205492, 0.0313980132341, 0.0316697433591, 0.033711142838, 0.0344028361142, 0.0373271815479, 0.0420425273478, 0.0518112108111, 0.0621975585818, 0.0376421697438, 0.0239799637347, 0.0228029657155, 0.0215697959065, 0.0286501590163, 0.0381207317114, 0.0301108490676, 0.0194051358849, 0.0214770529419, 0.0208740830421, 0.0301387682557], "dmean": [0.115224406123, 0.0904099941254, 0.0668396279216, 0.0628338605165, 0.0557801350951, 0.0421911925077, 0.0399483926594, 0.0632841140032, 0.133524134755, 0.157594695687, 0.145505905151, 0.0945862308145, 0.087099596858, 0.101311139762, 0.10831169039, 0.10922549665, 0.0992060080171, 0.0814689546824, 0.0792984515429, 0.084637157619, 0.0874183997512, 0.0926771685481, 0.114482052624, 0.165397748351, 0.165289565921, 0.133555307984, 0.0662634521723, 0.0580604635179, 0.0626407936215, 0.0974609255791, 0.106614239514, 0.0963690057397, 0.0572595559061, 0.0520040616393, 0.0662334561348, 0.107746146619], "max": [1, 1, 1, 1, 1, 1, 1, 1, 1, 1, 1, 1, 1, 1, 1, 1, 1, 1, 1, 1, 1, 1, 1, 1, 1, 1, 1, 1, 1, 1, 1, 1, 1, 1, 1, 1], "var": [0.0992019176483, 0.0357439145446, 0.0265713166445, 0.0424934029579, 0.0243680402637, 0.0125811910257, 0.0136168040335, 0.0205358956009, 0.0770114287734, 0.149775624275, 0.0649048984051, 0.026272488758, 0.0275959204882, 0.0326682142913, 0.0501163899899, 0.0766141191125, 0.0383699983358, 0.035520747304, 0.0448221042752, 0.0346267931163, 0.0352250747383, 0.0427831150591, 0.0399525016546, 0.0946358889341, 0.151094570756, 0.0538206286728, 0.0195644181222, 0.0209837220609, 0.0284504033625, 0.0479595698416, 0.101650230587, 0.0490392223001, 0.0175816752017, 0.0205329693854, 0.0209870692343, 0.0686566904187], "mean": [0.217924326658, 0.113704882562, 0.0737932249904, 0.0876690968871, 0.0618406161666, 0.0363879092038, 0.0367566943169, 0.0598123259842, 0.22641146183, 0.354088664055, 0.209287881851, 0.0725775510073, 0.0668520480394, 0.0814813971519, 0.127187103033, 0.153815925121, 0.104360938072, 0.0761700347066, 0.086931116879, 0.0777680054307, 0.0826384276152, 0.0926983654499, 0.103987954557, 0.252469599247, 0.334553390741, 0.169893831015, 0.0498783439398, 0.0472886040807, 0.0610706545413, 0.135518923402, 0.204416528344, 0.129325568676, 0.0472757592797, 0.0436863154173, 0.0611589215696, 0.171967834234]}, "tuning_equal_tempered_deviation": 0.0439818315208, "chords_changes_rate": 0.0420548319817, "key_key": "F", "tuning_diatonic_strength": 0.682587742805, "key_scale": "major", "chords_number_rate": 0.00186318869237, "tuning_frequency": 433.942382813, "tuning_nontempered_energy_ratio": 0.682704865932, "chords_histogram": [48.2033538818, 4.17886590958, 5.86904430389, 0.119776420295, 2.42214536667, 1.21107268333, 0.505722641945, 1.10460472107, 0.51903116703, 0.319403767586, 0.385946244001, 0.0133084906265, 1.79664623737, 0.0798509418964, 0.665424525738, 0.252861320972, 0.705350041389, 4.13894081116, 1.30423212051, 3.20734620094, 4.32525968552, 7.79877567291, 1.66356134415, 9.20947551727], "key_strength": 0.869022786617, "chords_key": "F", "chords_strength": {"dmean2": 0.00818702578545, "median": 0.571785569191, "min": 0.228381767869, "dvar2": 6.82197205606e-05, "dvar": 6.35145042907e-05, "dmean": 0.00876530446112, "max": 0.799489438534, "var": 0.0100566344336, "mean": 0.556346535683}, "chords_scale": "major", "hpcp_entropy": {"dmean2": 0.995030760765, "median": 1.64259934425, "min": 0, "dvar2": 0.712309420109, "dvar": 0.273396909237, "dmean": 0.591193139553, "max": 4.65153408051, "var": 0.632616281509, "mean": 1.63663506508}}, "metadata": {"audio_properties": {"equal_loudness": 0, "codec": "mp3", "downmix": "mix", "sample_rate": 44100, "analysis_sample_rate": 44100, "bit_rate": 192000, "md5_encoded": "33fcd397baefceeb918dcc57321a37b7", "length": 348.86529541, "replay_gain": -5.59804725647, "lossless": false}, "version": {"essentia_build_sha": "2d9f1f26377add8aeb1075a9c2973f962c4f09fd", "essentia": "2.1-beta2", "extractor": "music 1.0", "essentia_git_sha": "v2.1_beta2-1-ge3940c0"}, "tags": {"title": ["Train Leaves Here This Morning"], "language": ["eng"], "acoustid_fingerprint": ["AQADtEmiSEqUJEmiLDjzEGGuoyKu5MJz1DdeEV5jHGWJ50cehYX249GRHp_gy_DRI89xHT1ErpuQCz8-HLzQfjv4Hi2RHh9USjiFM7nwA3nwEf6Pa-JxAj36I8zB5IfGRJ2Eb9yCH82XoGotPH2R3sQp432GKdfRh8d74W_woJl39Ec-8viYZMHUnBBnzeAZFeeglD22HnmM_6DHID1OZYeeK_jRtYNiRjE-TQ5OJgjzHOU9fMKb4jXiZQcsE9Fz4sz24JFylMS2p3A2IrmSHNY-hHqDR8d55BfEPMmDXDkeePLxp7ikK8GbC04_ILl35MdPPA0q3fCVoHnwnPiJVyKR7GEBhKLx6Kh--CFa_rhY4ceT4xd6hIm6IHnQaDpRdUqDk7iSGLUYFd60NcIT5OmSQzehh-iJHk8ulB1Uh8gddOlxnDfc48Bz_LhwCv2RP9CVGt-Po7sELUceHY9OvEN_NEcO_chb9AwuBn3Qe3AdTJfQzEF7xEm_QL2C0KJxBl6O_-iPmnGE7dvQTHqRhxf0K4kQf6ngE3-MhzmmRmjmiMieHEmm8AH-HK10PMSVHFpKfDl-_EuK5svwhJjS4_A35DmkkhZWNhuOHifuHB2VQ3mGHs13XPBk6NzwI0xP9OGxK_iPpsp4lF3QOEVp9EfHaPiP8xmeZxn6SirSikdymjiqXMZ5PGExHc3hB_kJ5dnxurB2fDl6w2c6GF1znDy6qYMfxSiN4xmLH0WjHg8R6kOTo1fQKMV7XA-aEe2bIIdWHukLjzl64gwfPNPhHEnzIdfgZVmi4dxxHj2P-sSVQ1-ISj2a4zq-LXnQB-14XFuOHGIcXNxxHf2FRuWDF-2LJk6Ei_FwEcq4E3kutNGSp2hmCfzR_-izEBwvVEHqQ5iyKMLVI0Tz6ziXCD3DwKFy2Ef14Fnx44qSwyPJILnHID8aLgvqbUrwmGi4ICSnCfqDWE9gRpKFM0_wGw2X5Sj5BP-KPzmaSjr6HD-SMUfODKeDH82DJ7hXGteDS8o09EHzI9fyQX9QH_6F5sNL6NGR_jg15MeUvZi2B0IuHd5zPAryP3iKZrKFsMyD90f34HzwHz1T9PngNBdCUznUByHR8MWpIz8-5-g0wk5yob3wB3r24EdX4mvw5agdo3sgnnC2PUHFETr6Ds2lHHl44ReaJQjXFsrz4H8gRVR45AkPo2xuXMaP57iU4_GRkEV-HI9SEc2ToNyPdpnQjB1ONO-QzM6DfAnxwD-Ik5nwRMqDMJPJQDbSozryStCSRUfI8cGP_8SUDWXWDlce3EiWIx-6E7V6oQ-P68gDHeFzNFVd4fgO7_jxUMcrNAszaDp-lFl4NJGOnrCaZUXPE0fxDHl1hPiP6Mmx39CiByFZ4zruo-FRMjry6sFznMaXI2-OMkoHX2JQtcFF8viRQ3xmxN_xy2giKUefo-GJfhma3UL45QkOP4He4iIqh0UjP8h3HGHQZ9Bt6LmQi0ePa6i04RHKGz-6mkj-I0yPSksffAmJx0E1_WiO43nQ5-h7HOcx5TumR-lx7bgIvy8uvA-DJxLCt0SzKPFxIT9xJeGCG590XIpmNEhGFvlx3nikBz_x4EnWoxJTMWj6PHi-4cF19B2aO8FxKbjy4z9-o58NH8nKI9cu_MGjwgp7_MOHC31xJQhxVHociPxR9miOHv0hXuijHPpxHg_-4GiO6cFzHHl-fMePWouFJs9x_AKPMBVzaEf8HDzC6DGqG7mCKa4Rng16hNkTXAp-xCJjdN5xK9COf7gDH8-hQ79R8YfVIDZ--MHV4cL05biI6sdPpMxQKjsuaD-y5Eo77KnQTSyaJoksXDmK5kSvDE1tEWfC4C-a_cSSrjvmB0l95EllNPrRJxWu57iOD-fxoOQFe4d_XNKRrFRFxDJRpaHQ1CKup8CVIz-SHU3fDQ-cEPfxFz-SHWGO80pw7cGPZz1hHpeFHzl09cipJBrOK2iC4jlavNSRQg9xuBJ0LihP4UeO8rAehHKWBzol_FAlNUXzLD3CMbnxcFrQ5EHb48eX-MgR6hb8J_hxPH_xDScbPEft41qO41tYpBMTQs2P_PixZ0f5HX4pw0K_7MHDB0duBcmNklmOptqMW0JzI9mfId-Ok0Gji-ilMAleZsOp4UHJB3bCgr_QP4mRQ9EehFcSPFH0YBePJ6TAKyimqPFxCY9xp2zwUDgZfA_Kw8-O3EEyTjGDz1fx9MF_OG3wE1_w48lRXYaTB59iIacCXUKKUtLRJ_Tg7IIVHlfxw5dxXDtxJbJwlUPJCz9CHU2THsmXDU1MTA_eKzh4MFyPZEwc5DmO7k_xowwlnGieEz0bvAmHUtdgC9HjUEKyU1pwybiF7UnxSNEPVsnx78J54seNsswRLUqQbMsjPDimJ8_ASzkmynjCE-9jHDmS5UflI2cO-U8S5IyOE8_RRQ6FhqdwXEJyhOsV-Dl-49ES5EuChJpzPDN-NGvyBNdx5cKlsEWyVAzC58Q__Aqew00fXCmaCyWfDw-F8wjTNJmg6EPXE02u46qK3YcZ0XiOUofPwyn0JsWU41xSgcd_TFGUELUYBw-004P3VDCJS4f1GD0AgQxASCnAACBCMWCQIkYA5YCEDGiInBAGSKsIIQIcYABwgCglBCXAAQGAIoIIwYQAiABFGCCGACAYAMIAYYx1gADgKFPSIAAMEABYhAgwAAhgkDIGACIINcAIx6gACBGEhEDAAAQMQBYpRxQwDBEFIBKiGKrEAwANB0giCkFCABMiKWWMkUYor4AVQBEDhWOQKEEYMQIoAYBCghCjkAKEMmggkUwIJDRjSCSGAHFSAKMEBEAI4QBBDABGFAGAKcwAQAYh4YAByhgFDAGAGgIVk4IYAZzwVBlLADGSSQKQIUJxIBGFAAAhCPBEMEEMsAJBpAgwRAEhDCQIGEAFwMwqgoCAQBkEiCECGSiEQEIgBKFgAioGmAEUIAAAhIIQgQBQhDCiFBHACACoUQAQY4hwQhDDiCBEOMGEIwIBZoghAgqEAEBAQEOAEcA4IQikQgEhBKCOAuUQAIwAYoBAQghKBBDIUGUQEIIKEAYDAxPDhCAYYcCkELABQYQwyCiJDJECAEIZMQZYgoCDDAghiAEGEAcECQohJpggxiignRGAImEcMJIYAhoCSjAnlACEIEkAUcJQZQhDjAoJpEECAcg0AAggQiFDxAFEgAFOGIKVIMwQBoByDDkBCEKCECIEQ0wQ4kBSzpgAiDEEGuGYUUABxIkxxACDlKAMAIScQkAAgwBAVAgLnHAEE0MMF0ICh4QRwiEgDBCECaSIOQw5QhRBUglqGIKEGKeoIcQwI5AACihlGCJCECC5FFIYIgEwAAigjHGECacAog4JAQBhkijEEBAIMASQIIIQIYwAAypBjCBESGIMUIRIIowQglJDEKDUIAegAUQQCQgRhniFBCEECICYQoBCJIgQUkhEqBAuCCbEEQ4QJIQAQDBjhBAGCGAUkaAIhgkhQBCAOIVICgKAAcQJoAg4wBBhBGEWCMYQEAIR5wBVAgEgCBJECEIIYIgJRhBhzgAmBEECAA"], "date": ["1984"], "genre": ["Rock", "Rock"], "musicbrainz_releasegroupid": ["5cb7c259-a543-46a9-aba7-cff6363c098e"], "musicbrainz album type": ["Album", "Live"], "musicbrainz_recordingid": ["15286654-7dac-4aad-a32e-50252a297ea1"], "artistsort": ["Clark, Gene & Firebyrds, The"], "musicbrainz_albumartistid": ["2b6f3780-6fb6-42c2-95bb-5e080772e38c", "ffc860ad-acfd-4184-bd79-900fa28053db"], "musicbrainz_albumid": ["239f90f4-bf89-4ce8-b195-3e3b9b8bad6a"], "artist": ["Gene Clark & The Firebyrds (Ritz) 04"], "tracknumber": ["04"], "bpm": ["96.87"], "album": ["Hidden Treasures, Volume 10: Live At The Ritz 1984"], "acoustid_id": ["fd664c1a-2bf5-4360-9551-7a289ca38f73"], "musicbrainz_artistid": ["2b6f3780-6fb6-42c2-95bb-5e080772e38c", "ffc860ad-acfd-4184-bd79-900fa28053db"], "file_name": "Gene Clark & The Firebyrds (Ritz) 04 - Train Leaves Here This Morning.mp3"}}, "rhythm": {"bpm_histogram_first_peak_bpm": {"dmean2": 0, "median": 96, "min": 96, "dvar2": 0, "dvar": 0, "dmean": 0, "max": 96, "var": 0, "mean": 96}, "bpm": 96.1663665771, "bpm_histogram_second_peak_spread": {"dmean2": 0, "median": 0.523809492588, "min": 0.523809492588, "dvar2": 0, "dvar": 0, "dmean": 0, "max": 0.523809492588, "var": 0, "mean": 0.523809492588}, "bpm_histogram_first_peak_weight": {"dmean2": 0, "median": 0.369718313217, "min": 0.369718313217, "dvar2": 0, "dvar": 0, "dmean": 0, "max": 0.369718313217, "var": 0, "mean": 0.369718313217}, "onset_rate": 3.21600723267, "beats_position": [0.708208620548, 1.42802715302, 2.14784574509, 2.85605430603, 3.54104304314, 4.22603178024, 4.79492044449, 5.36380958557, 5.93269824982, 6.47836732864, 7.01242637634, 7.53487491608, 8.05732440948, 8.56816291809, 9.07900238037, 9.58984088898, 10.1122903824, 10.6347389221, 11.1455783844, 11.656416893, 12.1788663864, 12.7245349884, 13.2585935593, 13.6765527725, 14.0945119858, 14.512471199, 14.90721035, 15.301949501, 15.696688652, 16.0798187256, 16.4861679077, 16.8460769653, 17.2175960541, 17.5891151428, 17.9490242004, 18.2973232269, 18.6572322845, 18.9939231873, 19.3886623383, 19.7834014893, 20.1781406403, 20.5728797913, 21.0953292847, 21.6177768707, 22.1402263641, 22.6626758575, 23.1967334747, 23.707572937, 24.2184123993, 24.7292518616, 25.2516994476, 25.8205890656, 26.4010887146, 27.0280265808, 27.6549663544, 28.2702941895, 28.8856239319, 29.4893417358, 30.0930614471, 30.7083892822, 31.3237190247, 31.9274368286, 32.5195465088, 33.111656189, 33.7037620544, 34.3190917969, 34.9228096008, 35.5265312195, 36.1302490234, 36.7455787659, 37.3609046936, 37.9646263123, 38.57995224, 39.1952819824, 39.8106117249, 40.4259414673, 41.0296592712, 41.6333770752, 42.2370948792, 42.8408164978, 43.4445343018, 44.0482521057, 44.6519737244, 45.2556915283, 45.8826293945, 46.497959137, 47.1132888794, 47.7402267456, 48.3439445496, 48.9476623535, 49.5281639099, 50.1434898376, 50.7472114563, 51.3393173218, 51.9430389404, 52.5467567444, 53.1504745483, 53.7541923523, 54.3579139709, 54.9848518372, 55.5885696411, 56.2155075073, 56.819229126, 57.4345550537, 58.0498847961, 58.6652145386, 59.2689323425, 59.884262085, 60.4879798889, 61.0916976929, 61.6954193115, 62.3223571777, 62.9260749817, 63.5530128479, 64.1567306519, 64.772064209, 65.3873901367, 65.9911117554, 66.5948257446, 67.1985473633, 67.8022689819, 68.4059829712, 69.0097045898, 69.6134262085, 70.2171401978, 70.8208618164, 71.4245758057, 72.0166854858, 72.608795166, 73.2241287231, 73.8162307739, 74.4199523926, 75.0352783203, 75.6506118774, 76.2659378052, 76.8812713623, 77.5082092285, 78.1235351563, 78.738861084, 79.3541946411, 79.9695205688, 80.584854126, 81.2001800537, 81.8039016724, 82.4076156616, 83.0229492188, 83.6382751465, 84.2536010742, 84.8573226929, 85.4726486206, 86.0763702393, 86.6800918579, 87.2838058472, 87.9107437134, 88.5260772705, 89.1297912598, 89.7451248169, 90.3604507446, 90.9757843018, 91.5911102295, 92.2064361572, 92.8333740234, 93.4487075806, 94.0640335083, 94.667755127, 95.2946929932, 95.8984146118, 96.5137405396, 97.1290664673, 97.7444000244, 98.3597259521, 98.9866638184, 99.6136016846, 100.240539551, 100.867477417, 101.482810974, 102.098136902, 102.713470459, 103.328796387, 103.955734253, 104.559455872, 105.186393738, 105.813331604, 106.417053223, 107.03237915, 107.647705078, 108.274642944, 108.90158844, 109.528526306, 110.132240295, 110.747573853, 111.36289978, 111.966621399, 112.593559265, 113.197273254, 113.800994873, 114.404716492, 115.008430481, 115.6121521, 116.250701904, 116.866027832, 117.492965698, 118.096687317, 118.723625183, 119.350563049, 119.954284668, 120.569610596, 121.184944153, 121.811882019, 122.427207947, 123.042533875, 123.66947937, 124.284805298, 124.900131226, 125.515464783, 126.13079071, 126.746116638, 127.361450195, 127.976776123, 128.592102051, 129.195831299, 129.799545288, 130.426483154, 131.053421021, 131.680358887, 132.307296753, 132.934234619, 133.561172485, 134.188110352, 134.815048218, 135.418777466, 136.045715332, 136.672653198, 137.299591064, 137.926528931, 138.553466797, 139.180404663, 139.784118652, 140.411056519, 141.061218262, 141.688156128, 142.338317871, 142.965255737, 143.61541748, 144.242355347, 144.869293213, 145.473007202, 146.099945068, 146.726898193, 147.35383606, 147.980773926, 148.61932373, 149.246261597, 149.873199463, 150.488525391, 151.115463257, 151.742401123, 152.380950928, 153.019500732, 153.646438599, 154.273376465, 154.91192627, 155.550476074, 156.189025879, 156.827575684, 157.466125488, 158.104675293, 158.731613159, 159.358551025, 159.985488892, 160.589202881, 161.204528809, 161.819854736, 162.446792603, 163.073745728, 163.700683594, 164.32762146, 164.954559326, 165.581497192, 166.208435059, 166.835372925, 167.473922729, 168.100860596, 168.7394104, 169.366348267, 169.993286133, 170.620223999, 171.247161865, 171.862487793, 172.501037598, 173.139587402, 173.778137207, 174.416687012, 175.055236816, 175.682174683, 176.309112549, 176.924438477, 177.562988281, 178.189926147, 178.816864014, 179.44380188, 180.035919189, 180.651245117, 181.278182983, 181.90512085, 182.532058716, 183.158996582, 183.797546387, 184.436096191, 185.063034058, 185.689971924, 186.31690979, 186.943847656, 187.570785522, 188.197723389, 188.847885132, 189.486434937, 190.124984741, 190.751922607, 191.378860474, 192.00579834, 192.632736206, 193.259674072, 193.898223877, 194.513549805, 195.128890991, 195.744216919, 196.371154785, 196.986480713, 197.601806641, 198.228744507, 198.855682373, 199.482620239, 200.086349487, 200.713287354, 201.34022522, 201.967163086, 202.594100952, 203.221038818, 203.847976685, 204.474914551, 205.101852417, 205.728790283, 206.355728149, 206.982666016, 207.632827759, 208.271377563, 208.909927368, 209.536865234, 210.163803101, 210.790740967, 211.406066895, 212.033004761, 212.671554565, 213.298492432, 213.925445557, 214.552383423, 215.179321289, 215.829467773, 216.45640564, 217.083358765, 217.733505249, 218.360443115, 218.987380981, 219.637542725, 220.276092529, 220.914642334, 221.5415802, 222.168518066, 222.807067871, 223.422393799, 224.049331665, 224.676269531, 225.303222656, 225.918548584, 226.533874512, 227.137588501, 227.764526367, 228.391464233, 229.030014038, 229.668563843, 230.307113647, 230.934051514, 231.572601318, 232.199539185, 232.826477051, 233.465026855, 234.10357666, 234.730514526, 235.38067627, 236.030838013, 236.657775879, 237.307937622, 237.946487427, 238.585037231, 239.235183716, 239.862121582, 240.512283325, 241.15083313, 241.789382935, 242.416320801, 243.043258667, 243.658584595, 244.250701904, 244.854415894, 245.458129883, 246.073471069, 246.688796997, 247.315734863, 247.942672729, 248.557998657, 249.173324585, 249.800262451, 250.427200317, 251.054138184, 251.681091309, 252.308029175, 252.911743164, 253.527069092, 254.14239502, 254.769332886, 255.396270752, 256.023223877, 256.650146484, 257.277099609, 257.904022217, 258.530975342, 259.157897949, 259.784851074, 260.411773682, 261.038726807, 261.665649414, 262.292602539, 262.907928467, 263.523254395, 264.161804199, 264.800354004, 265.438903809, 266.077453613, 266.704406738, 267.354553223, 267.981506348, 268.620025635, 269.24697876, 269.885528564, 270.512481689, 271.139404297, 271.789550781, 272.416503906, 273.055053711, 273.693603516, 274.34375, 274.970703125, 275.60925293, 276.236175537, 276.851501465, 277.46685791, 278.105377197, 278.743927002, 279.382476807, 280.032653809, 280.671203613, 281.309753418, 281.936676025, 282.56362915, 283.190551758, 283.817504883, 284.44442749, 285.071380615, 285.698303223, 286.325256348, 286.963806152, 287.602355957, 288.229278564, 288.856231689, 289.506378174, 290.133331299, 290.771881104, 291.410430908, 292.037353516, 292.652679443, 293.291229248, 293.918182373, 294.568328857, 295.218505859, 295.857055664, 296.495605469, 297.145751953, 297.772705078, 298.422851563, 299.049804688, 299.699951172, 300.350097656, 301.000274658, 301.627197266, 302.254150391, 302.869476318, 303.519622803, 304.158172607, 304.819946289, 305.458496094, 306.108642578, 306.75881958, 307.385742188, 308.012695313, 308.662841797, 309.289794922, 309.916717529, 310.520446777, 311.124176025, 311.739501953, 312.378051758, 313.004974365, 313.655151367, 314.305297852, 314.955444336, 315.582397461, 316.220947266, 316.85949707, 317.474822998, 318.113372803, 318.763519287, 319.413696289, 320.052246094, 320.690795898, 321.329345703, 321.967895508, 322.606445313, 323.244995117, 323.871917725, 324.49887085, 325.125793457, 325.752746582, 326.36807251, 326.983398438, 327.610321045, 328.22567749, 328.864196777, 329.491149902, 330.118103027, 330.768249512, 331.395172119, 332.022125244, 332.649078369, 333.276000977, 333.879730225, 334.506652832, 335.12197876, 335.748931885, 336.387481689, 337.014404297, 337.618133545, 338.24508667, 338.872009277, 339.498962402, 340.12588501, 340.752838135, 341.391387939, 341.99508667, 342.598815918, 343.202545166, 343.817871094, 344.433197021, 345.048522949, 345.675445557, 346.302398682, 346.929321289, 347.556274414, 348.183227539], "beats_loudness": {"dmean2": 0.0705988183618, "median": 0.0567505396903, "min": 8.59230294736e-06, "dvar2": 0.00204772432335, "dvar": 0.000576795544475, "dmean": 0.0367626659572, "max": 0.116111919284, "var": 0.000907624315005, "mean": 0.05681392923}, "danceability": 1.19909334183, "bpm_histogram_second_peak_weight": {"dmean2": 0, "median": 0.0176056344062, "min": 0.0176056344062, "dvar2": 0, "dvar": 0, "dmean": 0, "max": 0.0176056344062, "var": 0, "mean": 0.0176056344062}, "beats_count": 569, "bpm_histogram_second_peak_bpm": {"dmean2": 0, "median": 115, "min": 115, "dvar2": 0, "dvar": 0, "dmean": 0, "max": 115, "var": 0, "mean": 115}, "bpm_histogram_first_peak_spread": {"dmean2": 0, "median": 0.584158420563, "min": 0.584158420563, "dvar2": 0, "dvar": 0, "dmean": 0, "max": 0.584158420563, "var": 0, "mean": 0.584158420563}, "beats_loudness_band_ratio": {"dmean2": [0.742169320583, 0.474057972431, 0.296903222799, 0.106295034289, 0.016502244398, 0.0290805902332], "median": [0.66564899683, 0.196020334959, 0.0721079409122, 0.0149791445583, 0.0020374529995, 0.00534103810787], "min": [0.0031377968844, 0.00806917250156, 0.00283895991743, 0.000310350063955, 3.4974218579e-05, 0.000147457190906], "dvar2": [0.23709487915, 0.112251453102, 0.0798023790121, 0.0223543625325, 0.000570272502955, 0.00131595635321], "dvar": [0.0665839314461, 0.0350575000048, 0.0241863057017, 0.00725476071239, 0.000185879951459, 0.00045435881475], "dmean": [0.383309990168, 0.250282108784, 0.156365215778, 0.055305428803, 0.00870390515774, 0.0152015099302], "max": [0.986766159534, 0.929002940655, 0.817840158939, 0.745522677898, 0.11036939919, 0.175221323967], "var": [0.0888553783298, 0.0484073534608, 0.0241330489516, 0.00482596317306, 0.000137984665344, 0.000503186951391], "mean": [0.584132909775, 0.272160947323, 0.137203499675, 0.039705760777, 0.00646683666855, 0.0120782731101]}}, "lowlevel": {"barkbands_spread": {"dmean2": 3.54896235466, "median": 5.67237567902, "min": 0.485154122114, "dvar2": 37.1833648682, "dvar": 15.9846487045, "dmean": 2.34799146652, "max": 86.0183181763, "var": 89.5577316284, "mean": 8.22920131683}, "melbands_spread": {"dmean2": 3.62892627716, "median": 6.5001001358, "min": 0.461502194405, "dvar2": 63.0021438599, "dvar": 24.9979057312, "dmean": 2.39534425735, "max": 269.874664307, "var": 54.8120193481, "mean": 8.37321567535}, "hfc": {"dmean2": 4.38991451263, "median": 8.89382457733, "min": 1.22308963545e-16, "dvar2": 51.5061836243, "dvar": 21.6227798462, "dmean": 2.89418339729, "max": 70.8516311646, "var": 56.1262969971, "mean": 10.0991029739}, "barkbands_kurtosis": {"dmean2": 9.47256660461, "median": 8.92640399933, "min": -1.87318563461, "dvar2": 265.415374756, "dvar": 111.59702301, "dmean": 6.09072446823, "max": 225.003112793, "var": 237.373886108, "mean": 13.3458433151}, "gfcc": {"mean": [-82.3589706421, 149.450027466, -96.9488830566, 17.8706893921, -67.7152938843, -17.8798313141, -16.3042907715, -19.837934494, -30.1342010498, 10.0130281448, -23.1537723541, -3.86645269394, -6.39170217514], "icov": [[0.00847837422043, -0.0119086643681, 0.00957228988409, -0.0059921797365, 0.00262194825336, 0.00183120998554, -0.0047521898523, 0.00648179883137, -0.00726732611656, 0.00690765632316, -0.00536207761616, 0.00337605015375, -0.00158231845126], [-0.0119086643681, 0.0233747512102, -0.0157712064683, 0.0138187324628, -0.010001540184, 0.00361244566739, -0.00130333937705, -0.00204256013967, 0.00458758557215, -0.00597766134888, 0.00507394457236, -0.00197898596525, 0.000262060493696], [0.00957228988409, -0.0157712064683, 0.0135835716501, -0.0100150117651, 0.00623792828992, -0.00213340553455, -0.000587248068769, 0.00401991605759, -0.00651584006846, 0.00835328549147, -0.00798210687935, 0.0056671872735, -0.00305896368809], [-0.0059921797365, 0.0138187324628, -0.0100150117651, 0.0123923206702, -0.0099246846512, 0.00690859090537, -0.00674511771649, 0.00290839606896, 0.000582246051636, -0.00435919081792, 0.00638822792098, -0.00522296968848, 0.00334267038852], [0.00262194825336, -0.010001540184, 0.00623792828992, -0.0099246846512, 0.0159984584898, -0.0112716872245, 0.0115233464167, -0.00872453209013, 0.00315720727667, 0.00113013281953, -0.00448596617207, 0.00554063450545, -0.00452769361436], [0.00183120998554, 0.00361244566739, -0.00213340553455, 0.00690859090537, -0.0112716872245, 0.0157254561782, -0.0142167983577, 0.010529095307, -0.00678924936801, 0.000510252895765, 0.00430897483602, -0.00623067561537, 0.0055626234971], [-0.0047521898523, -0.00130333937705, -0.000587248068769, -0.00674511771649, 0.0115233464167, -0.0142167983577, 0.0221686474979, -0.0154746156186, 0.0110180880874, -0.0045412494801, -0.00125592271797, 0.0024969256483, -0.00131847779267], [0.00648179883137, -0.00204256013967, 0.00401991605759, 0.00290839606896, -0.00872453209013, 0.010529095307, -0.0154746156186, 0.0198230706155, -0.0114398058504, 0.00744295399636, -0.00486379116774, 0.000766176148318, 8.41556720843e-06], [-0.00726732611656, 0.00458758557215, -0.00651584006846, 0.000582246051636, 0.00315720727667, -0.00678924936801, 0.0110180880874, -0.0114398058504, 0.0202140863985, -0.0139842675999, 0.0134829059243, -0.00985557585955, 0.00425579585135], [0.00690765632316, -0.00597766134888, 0.00835328549147, -0.00435919081792, 0.00113013281953, 0.000510252895765, -0.0045412494801, 0.00744295399636, -0.0139842675999, 0.0255607012659, -0.0190339889377, 0.0149992257357, -0.00781457964331], [-0.00536207761616, 0.00507394457236, -0.00798210687935, 0.00638822792098, -0.00448596617207, 0.00430897483602, -0.00125592271797, -0.00486379116774, 0.0134829059243, -0.0190339889377, 0.0296890046448, -0.0198187883943, 0.0108805987984], [0.00337605015375, -0.00197898596525, 0.0056671872735, -0.00522296968848, 0.00554063450545, -0.00623067561537, 0.0024969256483, 0.000766176148318, -0.00985557585955, 0.0149992257357, -0.0198187883943, 0.0290715042502, -0.0156403034925], [-0.00158231845126, 0.000262060493696, -0.00305896368809, 0.00334267038852, -0.00452769361436, 0.0055626234971, -0.00131847779267, 8.41556720843e-06, 0.00425579585135, -0.00781457964331, 0.0108805987984, -0.0156403034925, 0.0204115509987]], "cov": [[3187.09155273, 1027.88024902, -789.297485352, -86.1291351318, -254.577896118, -371.699493408, 273.806243896, -374.211883545, 112.55317688, -71.8618774414, -24.4626350403, -110.454116821, 69.7783660889], [1027.88024902, 715.397155762, 48.0867996216, -223.390350342, -6.56605482101, -120.543281555, 37.9206848145, -119.752944946, 14.1185359955, -32.3737182617, 23.6104774475, -72.4408874512, 64.7486114502], [-789.297485352, 48.0867996216, 797.833557129, 170.275558472, 90.5566482544, 107.044692993, -59.7567329407, 25.9753551483, 5.24209451675, -19.8609809875, 12.0908546448, 2.29991316795, 3.54236745834], [-86.1291351318, -223.390350342, 170.275558472, 541.747070313, 55.023639679, 16.2167243958, 82.130241394, -13.8664989471, 43.3468093872, -0.917488217354, -38.0774993896, 19.2361927032, -28.2638912201], [-254.577896118, -6.56605482101, 90.5566482544, 55.023639679, 245.950759888, 102.470596313, -47.6535186768, 72.1020889282, 5.79510307312, 11.2367105484, 1.36095929146, 2.61124825478, 12.8019943237], [-371.699493408, -120.543281555, 107.044692993, 16.2167243958, 102.470596313, 285.050567627, 45.072013855, 27.9405994415, 39.8122329712, 7.43258714676, -20.5680618286, 29.0823078156, -38.1402702332], [273.806243896, 37.9206848145, -59.7567329407, 82.130241394, -47.6535186768, 45.072013855, 220.376647949, 32.2693939209, -26.335477829, 2.72756838799, 26.6596603394, -9.66087532043, -25.3770389557], [-374.211883545, -119.752944946, 25.9753551483, -13.8664989471, 72.1020889282, 27.9405994415, 32.2693939209, 197.7681427, -6.83773803711, 10.8751659393, 29.8885116577, 22.1467380524, -4.29923677444], [112.55317688, 14.1185359955, 5.24209451675, 43.3468093872, 5.79510307312, 39.8122329712, -26.335477829, -6.83773803711, 163.608322144, 18.0553703308, -47.8511123657, 20.9018783569, 5.29215574265], [-71.8618774414, -32.3737182617, -19.8609809875, -0.917488217354, 11.2367105484, 7.43258714676, 2.72756838799, 10.8751659393, 18.0553703308, 97.882019043, 38.0465087891, -10.8720560074, -2.24478173256], [-24.4626350403, 23.6104774475, 12.0908546448, -38.0774993896, 1.36095929146, -20.5680618286, 26.6596603394, 29.8885116577, -47.8511123657, 38.0465087891, 109.631797791, 26.200214386, -0.356380611658], [-110.454116821, -72.4408874512, 2.29991316795, 19.2361927032, 2.61124825478, 29.0823078156, -9.66087532043, 22.1467380524, 20.9018783569, -10.8720560074, 26.200214386, 101.79800415, 37.0982780457], [69.7783660889, 64.7486114502, 3.54236745834, -28.2638912201, 12.8019943237, -38.1402702332, -25.3770389557, -4.29923677444, 5.29215574265, -2.24478173256, -0.356380611658, 37.0982780457, 96.9793319702]]}, "spectral_energyband_middle_low": {"dmean2": 0.0129209076986, "median": 0.0160256959498, "min": 3.21621822233e-22, "dvar2": 0.000555450969841, "dvar": 0.000221363661694, "dmean": 0.00801413413137, "max": 0.223353520036, "var": 0.000387721374864, "mean": 0.0212871041149}, "melbands_crest": {"dmean2": 4.85686779022, "median": 13.7688474655, "min": 2.31902885437, "dvar2": 22.7254371643, "dvar": 8.69135189056, "dmean": 2.98530268669, "max": 33.5824050903, "var": 22.4222564697, "mean": 14.5420770645}, "spectral_kurtosis": {"dmean2": 5.76894187927, "median": 6.42349338531, "min": -1.2236354351, "dvar2": 40.3825912476, "dvar": 16.3196659088, "dmean": 3.50582408905, "max": 71.6270141602, "var": 61.0291824341, "mean": 8.45006370544}, "spectral_rms": {"dmean2": 0.00122813752387, "median": 0.00457887351513, "min": 3.27639868361e-12, "dvar2": 2.98369536722e-06, "dvar": 1.52807092491e-06, "dmean": 0.000851713470183, "max": 0.0148668829352, "var": 4.88821706313e-06, "mean": 0.00474642310292}, "zerocrossingrate": {"dmean2": 0.00605229567736, "median": 0.0244140625, "min": 0.0029296875, "dvar2": 7.05050915712e-05, "dvar": 4.76936838822e-05, "dmean": 0.00494410376996, "max": 0.5, "var": 0.000493298342917, "mean": 0.0295211933553}, "silence_rate_60dB": {"dmean2": 0.027689030394, "median": 0, "min": 0, "dvar2": 0.0303798448294, "dvar": 0.0136551819742, "dmean": 0.013843594119, "max": 1, "var": 0.0706309005618, "mean": 0.0764674544334}, "erbbands_kurtosis": {"dmean2": 3.3556292057, "median": 2.60115194321, "min": -1.90915155411, "dvar2": 23.6026439667, "dvar": 10.8547315598, "dmean": 2.21422171593, "max": 92.2380523682, "var": 39.5155944824, "mean": 4.40359640121}, "erbbands": {"dmean2": [0.0511592030525, 1.22673392296, 3.51533222198, 10.7845249176, 16.2655830383, 16.7457447052, 28.6972141266, 34.3745918274, 33.0847702026, 29.1914672852, 20.4590530396, 15.5795316696, 13.9529094696, 11.9039182663, 10.9191541672, 5.63772153854, 5.29885339737, 3.7064666748, 3.63842511177, 1.82428193092, 1.29918885231, 0.768760442734, 0.526038587093, 1.03667473793, 2.1802380085, 3.08296298981, 3.14889836311, 1.41460847855, 0.806180775166, 0.371252000332, 0.0813942328095, 0.0290000550449, 0.017326483503, 0.00352017977275, 0.00132206466515, 0.00063373579178, 0.000350452843122, 0.000140534350066, 8.78847549757e-06, 1.68716833286e-05], "median": [0.00561681296676, 0.123209178448, 0.68119430542, 2.84217429161, 6.47271108627, 11.9648971558, 15.9859104156, 18.8827991486, 16.0542831421, 11.3769302368, 6.97487354279, 7.80916976929, 6.65221309662, 5.71683883667, 3.94720029831, 1.87125825882, 2.24603199959, 1.43833959103, 1.46784234047, 0.911691427231, 0.54850256443, 0.24341905117, 0.190836146474, 0.33270123601, 0.745415568352, 1.22824347019, 1.2859787941, 0.626889586449, 0.284175038338, 0.102734535933, 0.0239200480282, 0.00751640554518, 0.00469807349145, 0.00342279858887, 0.00244483537972, 0.0016227203887, 0.000949962763116, 0.000318779493682, 1.86371034943e-05, 2.44601924351e-05], "min": [2.6375191014e-21, 1.76796155754e-20, 4.70083672498e-20, 1.07327637675e-20, 2.37802228426e-20, 8.587790412e-20, 3.8204903064e-19, 5.3612672257e-19, 1.29955026976e-18, 5.43905270556e-19, 6.19631070696e-19, 2.92098526039e-18, 1.58648371462e-18, 1.50649359163e-18, 3.32905124095e-18, 2.48435776726e-18, 3.59708174765e-18, 5.43040515264e-18, 6.03431234708e-18, 8.32607579116e-18, 6.49955677388e-18, 9.9495624999e-18, 7.10846262076e-18, 1.17980654963e-17, 1.06349527749e-17, 1.98676193446e-17, 2.13205802886e-17, 2.6743528408e-17, 1.81492128334e-17, 1.4510890342e-17, 1.69239631316e-17, 1.87968439678e-17, 1.88773154066e-17, 1.479344035e-17, 7.90902373402e-18, 5.6211997376e-18, 3.41832202022e-18, 1.36617739335e-18, 4.28027089507e-19, 3.43880855688e-20], "dvar2": [0.0187854301184, 11.9813661575, 99.8899230957, 641.535827637, 1745.35144043, 926.661987305, 3988.55029297, 5926.34765625, 5853.75390625, 4201.95117188, 3107.1171875, 2361.98608398, 1561.26513672, 1128.21972656, 1005.54876709, 432.397399902, 266.729919434, 131.815917969, 98.5589065552, 19.4512710571, 11.1820774078, 4.18533802032, 2.20977592468, 10.4259634018, 39.9073791504, 54.4075813293, 40.2844924927, 8.36386013031, 5.35188579559, 1.2109606266, 0.161889031529, 1.68088126183, 1.19416558743, 0.0212967991829, 0.000685775419697, 1.07610558189e-05, 2.97057908938e-07, 2.06596499908e-08, 1.51268039761e-10, 8.55781889797e-10], "dvar": [0.00898892898113, 5.36703920364, 39.6740989685, 237.15272522, 666.90045166, 375.865386963, 1611.45129395, 2307.36791992, 2361.87426758, 1774.51928711, 1340.29980469, 1059.5958252, 838.499328613, 555.092956543, 519.603210449, 200.646102905, 136.393829346, 61.3403549194, 47.1795120239, 9.48939228058, 5.47385501862, 1.93692970276, 1.01755070686, 4.57083082199, 20.7467212677, 24.5401496887, 18.3844337463, 3.87464237213, 2.33919715881, 0.547413170338, 0.0671681016684, 0.560577332973, 0.39808511734, 0.00709922425449, 0.00022867822554, 3.59480736734e-06, 1.00117972579e-07, 7.00945035348e-09, 6.8753107374e-11, 3.94043631058e-10], "dmean": [0.0334431119263, 0.765443325043, 2.15882349014, 6.26956605911, 9.79663658142, 10.606171608, 17.513130188, 21.1697845459, 20.4204521179, 18.2180728912, 13.3381128311, 10.5988540649, 9.66856193542, 8.37766361237, 7.88257360458, 3.89586591721, 3.76484012604, 2.61493229866, 2.51452708244, 1.24407052994, 0.879744768143, 0.502414882183, 0.334379196167, 0.666033446789, 1.4274109602, 1.97558379173, 2.01802492142, 0.921289741993, 0.527308046818, 0.246811792254, 0.0564243905246, 0.0164986457676, 0.00894096214324, 0.0018885898171, 0.000739021284971, 0.000366483320249, 0.000203713978408, 8.19361375761e-05, 5.69513304072e-06, 1.13487512863e-05], "max": [1.08337914944, 23.6081447601, 71.340057373, 190.60975647, 379.889007568, 477.519683838, 1243.43811035, 1329.14233398, 1276.97766113, 1061.29528809, 1062.76220703, 1413.30957031, 1052.1217041, 817.127319336, 784.722167969, 578.07800293, 426.195770264, 267.450317383, 268.83416748, 129.82333374, 102.107803345, 54.344455719, 36.8674354553, 85.0471420288, 273.072814941, 194.655593872, 162.670715332, 54.8435211182, 54.0900192261, 20.3617534637, 14.5394868851, 64.8795700073, 54.7003479004, 7.30387830734, 1.31065881252, 0.163301467896, 0.0246956348419, 0.00509933428839, 0.000163831326063, 0.000250594835961], "var": [0.0101365093142, 5.25841140747, 35.0408744812, 200.985229492, 856.841430664, 1457.73291016, 3937.71459961, 6237.74902344, 5267.83740234, 4652.28515625, 2778.90161133, 2418.37451172, 3005.07739258, 2031.30615234, 2053.11328125, 534.574768066, 365.604644775, 217.781997681, 141.189605713, 23.9183044434, 19.7877140045, 5.59253358841, 2.2206287384, 10.0077772141, 70.5565109253, 79.5773696899, 72.4117965698, 9.26126670837, 4.30904388428, 1.05593442917, 0.100244268775, 0.281401067972, 0.199084982276, 0.00355102331378, 0.000114637732622, 1.87778869076e-06, 7.52051008135e-08, 7.66960361887e-09, 1.36846409204e-10, 7.35530192308e-10], "mean": [0.0354127809405, 0.760048985481, 2.48449659348, 7.47353458405, 15.6596231461, 26.209821701, 36.4375610352, 48.8221359253, 41.2916793823, 36.4123878479, 25.4982357025, 22.9214935303, 23.2322025299, 19.1420040131, 18.6035232544, 7.99154853821, 7.66607141495, 5.38446331024, 4.72419977188, 2.42057013512, 1.76914858818, 0.945427656174, 0.570273578167, 1.14087402821, 2.68271803856, 3.90675139427, 4.038646698, 1.67490291595, 0.881181240082, 0.394345939159, 0.0914165377617, 0.0198501870036, 0.0090336818248, 0.00406264932826, 0.00260318838991, 0.00166528963018, 0.000964952458162, 0.00032523763366, 2.12442319025e-05, 3.15335382766e-05]}, "spectral_strongpeak": {"dmean2": 0.627979636192, "median": 0.771584272385, "min": 0, "dvar2": 0.548092722893, "dvar": 0.239566192031, "dmean": 0.377886772156, "max": 8.83476638794, "var": 0.673042595387, "mean": 1.00017929077}, "spectral_energy": {"dmean2": 0.015360398218, "median": 0.021490233019, "min": 1.1003157316e-20, "dvar2": 0.000716086069588, "dvar": 0.000330095936079, "dmean": 0.0103275245056, "max": 0.226549804211, "var": 0.000609019945841, "mean": 0.028102196753}, "average_loudness": 0.842420697212, "spectral_rolloff": {"dmean2": 297.581359863, "median": 473.73046875, "min": 43.06640625, "dvar2": 832276.25, "dvar": 312630.71875, "dmean": 175.195587158, "max": 18367.8222656, "var": 457356.21875, "mean": 629.066345215}, "spectral_centroid": {"dmean2": 188.41557312, "median": 505.079956055, "min": 145.987335205, "dvar2": 96537.0546875, "dvar": 45746.140625, "dmean": 124.389862061, "max": 11062.546875, "var": 192065.59375, "mean": 637.655944824}, "pitch_salience": {"dmean2": 0.122908219695, "median": 0.57919460535, "min": 0.115683108568, "dvar2": 0.0160279814154, "dvar": 0.00612039351836, "dmean": 0.0753251761198, "max": 0.986072659492, "var": 0.0142913926393, "mean": 0.570670485497}, "spectral_energyband_middle_high": {"dmean2": 0.000747451209463, "median": 0.000754581647925, "min": 1.33192507123e-21, "dvar2": 2.43238810071e-06, "dvar": 1.29365025714e-06, "dmean": 0.00053581193788, "max": 0.0300522949547, "var": 6.08143409409e-06, "mean": 0.00164381158538}, "spectral_contrast_coeffs": {"dmean2": [0.0869775265455, 0.0717452615499, 0.0571624673903, 0.0432467274368, 0.0382059924304, 0.0387241207063], "median": [-0.563276171684, -0.651744127274, -0.725160717964, -0.788450419903, -0.790863871574, -0.699959337711], "min": [-0.954893410206, -0.982878446579, -0.9905179739, -0.967278599739, -0.956379950047, -0.963763713837], "dvar2": [0.00518042454496, 0.00369979743846, 0.00229427730665, 0.00125231605489, 0.000933845876716, 0.00155207049102], "dvar": [0.00208444264717, 0.00152410066221, 0.00100265222136, 0.00055663153762, 0.000384507613489, 0.000809491204564], "dmean": [0.0538760460913, 0.0447656698525, 0.0362274460495, 0.0276439506561, 0.0236066523939, 0.0265517756343], "max": [-0.234092235565, -0.354392319918, -0.458253264427, -0.576949357986, -0.55582344532, -0.454211056232], "var": [0.0102074239403, 0.0087041342631, 0.00626468565315, 0.00321083702147, 0.00220666709356, 0.00476700114086], "mean": [-0.564537703991, -0.65496969223, -0.725971162319, -0.78675031662, -0.787344098091, -0.697520077229]}, "melbands_skewness": {"dmean2": 1.14541220665, "median": 2.38449335098, "min": -1.34898531437, "dvar2": 2.07938933372, "dvar": 0.875996232033, "dmean": 0.746937692165, "max": 18.2463531494, "var": 2.68095397949, "mean": 2.65112543106}, "spectral_spread": {"dmean2": 500508.90625, "median": 3125592.5, "min": 1055797.75, "dvar2": 338296045568, "dvar": 182877831168, "dmean": 325423.90625, "max": 40423908, "var": 1386237394940.0, "mean": 3293632.5}, "dissonance": {"dmean2": 0.0534029640257, "median": 0.418761610985, "min": 0.14824514091, "dvar2": 0.00241327960975, "dvar": 0.000913576688617, "dmean": 0.0322774425149, "max": 0.500000119209, "var": 0.00266145542264, "mean": 0.41180625557