{"tonal": {"thpcp": [1, 0.715427398682, 0.37393411994, 0.335766285658, 0.346408098936, 0.458980679512, 0.516790688038, 0.409526079893, 0.418860524893, 0.543901562691, 0.521936774254, 0.617073357105, 0.812617480755, 0.63918453455, 0.523518025875, 0.608775556087, 0.45884051919, 0.326688528061, 0.331035286188, 0.364439338446, 0.646460413933, 0.761093556881, 0.467753916979, 0.335426181555, 0.427257061005, 0.464925169945, 0.577412247658, 0.655197024345, 0.489173054695, 0.375230431557, 0.366955429316, 0.367244541645, 0.482187479734, 0.618198573589, 0.586838841438, 0.75089854002], "hpcp": {"dmean2": [0.272975325584, 0.270449101925, 0.280094653368, 0.278472900391, 0.265342891216, 0.217973217368, 0.200838342309, 0.212821438909, 0.240139707923, 0.23960109055, 0.223273709416, 0.216976955533, 0.229682892561, 0.231924071908, 0.249448403716, 0.261826127768, 0.268811017275, 0.244456917048, 0.199370324612, 0.202647775412, 0.185466811061, 0.163689121604, 0.192350894213, 0.292946457863, 0.285488277674, 0.207305550575, 0.182324543595, 0.183530375361, 0.203191623092, 0.258759886026, 0.242052614689, 0.235621139407, 0.220049574971, 0.208010569215, 0.22631265223, 0.254911214113], "median": [0.0679342746735, 0.0730450376868, 0.108593903482, 0.118540368974, 0.0863480120897, 0.0400637201965, 0.0283962730318, 0.0289352033287, 0.0392411798239, 0.0452250577509, 0.0384799540043, 0.0312283337116, 0.0410186611116, 0.0475894808769, 0.0751922354102, 0.0873748883605, 0.0738195776939, 0.0584901049733, 0.0468001402915, 0.0367353037, 0.0300914328545, 0.0290995594114, 0.039617780596, 0.070114582777, 0.0911755859852, 0.0567101426423, 0.0360118299723, 0.0333786420524, 0.0373642928898, 0.0560852140188, 0.0562237948179, 0.0419898033142, 0.0316207669675, 0.0277604516596, 0.030408103019, 0.047456048429], "min": [0, 0, 0, 0, 0, 0, 0, 0, 0, 0, 0, 0, 0, 0, 0, 0, 0, 0, 0, 0, 0, 0, 0, 0, 0, 0, 0, 0, 0, 0, 0, 0, 0, 0, 0, 0], "dvar2": [0.146370112896, 0.134837284684, 0.122959569097, 0.129604935646, 0.121982127428, 0.111973069608, 0.121103458107, 0.128371790051, 0.140432134271, 0.13508823514, 0.128762155771, 0.121525131166, 0.130041629076, 0.124681644142, 0.117567002773, 0.125218659639, 0.134047821164, 0.122057586908, 0.0954753011465, 0.105056174099, 0.0974323898554, 0.0803297460079, 0.0908934399486, 0.151527449489, 0.130755737424, 0.095057964325, 0.083478488028, 0.0844466090202, 0.101788729429, 0.127778187394, 0.112930618227, 0.120418787003, 0.119259878993, 0.114035539329, 0.127658784389, 0.144082248211], "dvar": [0.0511265359819, 0.047033701092, 0.0429396405816, 0.0480251312256, 0.0434580370784, 0.0395245812833, 0.0421933494508, 0.0441166572273, 0.0488662496209, 0.0472053103149, 0.0449754744768, 0.0432959012687, 0.0465126521885, 0.0445538535714, 0.0419477187097, 0.0469569601119, 0.0467867329717, 0.0417460873723, 0.0348447971046, 0.0356014706194, 0.0334123708308, 0.0283545460552, 0.0308923590928, 0.0538431927562, 0.0478901229799, 0.0331062786281, 0.0288113243878, 0.0304316990077, 0.0351125299931, 0.0437611974776, 0.0414811633527, 0.0424496233463, 0.04202548787, 0.0406598933041, 0.0449921786785, 0.0499426238239], "dmean": [0.150988355279, 0.150628909469, 0.158380150795, 0.159754917026, 0.151662677526, 0.119597271085, 0.110566437244, 0.116174392402, 0.131827741861, 0.132979482412, 0.122342564166, 0.119737915695, 0.127227470279, 0.12998047471, 0.141411274672, 0.148133158684, 0.149671763182, 0.135597556829, 0.112749412656, 0.113007076085, 0.101452283561, 0.0905139148235, 0.10663279891, 0.164115116, 0.162553787231, 0.117180779576, 0.100478842854, 0.101658262312, 0.113051593304, 0.144365876913, 0.13637983799, 0.130616500974, 0.120566636324, 0.114016138017, 0.12318033725, 0.139247626066], "max": [1, 1, 1, 1, 1, 1, 1, 1, 1, 1, 1, 1, 1, 1, 1, 1, 1, 1, 1, 1, 1, 1, 1, 1, 1, 1, 1, 1, 1, 1, 1, 1, 1, 1, 1, 1], "var": [0.0632368028164, 0.0501880310476, 0.0627144053578, 0.116017110646, 0.0659745931625, 0.0316743217409, 0.0344464555383, 0.0346697382629, 0.0484242103994, 0.0581686459482, 0.0398376435041, 0.0452661216259, 0.0711196810007, 0.0581135489047, 0.0543862730265, 0.094500079751, 0.0605568811297, 0.0460457019508, 0.0773238912225, 0.0470929928124, 0.0279747974128, 0.0320525839925, 0.027119057253, 0.0657841041684, 0.0794765204191, 0.035978756845, 0.0252493880689, 0.0482308864594, 0.0514526888728, 0.0557723417878, 0.0779224261642, 0.0497529320419, 0.0367624647915, 0.0369094796479, 0.036252181977, 0.0470391847193], "mean": [0.177867382765, 0.168844610453, 0.216047674417, 0.287718862295, 0.205841958523, 0.107587896287, 0.0966062918305, 0.0996681451797, 0.132057398558, 0.14869043231, 0.117828376591, 0.120514072478, 0.15649074316, 0.15017105639, 0.177543640137, 0.233805373311, 0.18390545249, 0.150626018643, 0.175156205893, 0.132017076015, 0.0939944535494, 0.0952450931072, 0.104856073856, 0.185998857021, 0.218980967999, 0.134581625462, 0.0965084433556, 0.122929915786, 0.133767738938, 0.166132390499, 0.188512548804, 0.140744313598, 0.107960872352, 0.105579994619, 0.105663180351, 0.138734430075]}, "tuning_equal_tempered_deviation": 0.0445406287909, "chords_changes_rate": 0.0636744871736, "key_key": "A#", "tuning_diatonic_strength": 0.570410072803, "key_scale": "major", "chords_number_rate": 0.00279546505772, "tuning_frequency": 440.508636475, "tuning_nontempered_energy_ratio": 0.757718741894, "chords_histogram": [15.8564996719, 9.13185310364, 4.06895494461, 3.86706018448, 1.61515760422, 0.201894700527, 2.36061501503, 2.32955431938, 4.89206409454, 3.26137590408, 11.9273176193, 1.35114145279, 0, 0.0155303617939, 0.652275204659, 6.75570726395, 1.7859916687, 5.71517324448, 2.54697942734, 0.0155303617939, 0.341667950153, 5.63752126694, 5.20267105103, 10.4674634933], "key_strength": 0.745522677898, "chords_key": "A#", "chords_strength": {"dmean2": 0.0107132447883, "median": 0.522436976433, "min": -1, "dvar2": 0.00187794293743, "dvar": 0.00102546694688, "dmean": 0.0101405950263, "max": 0.813696026802, "var": 0.0340380296111, "mean": 0.50666064024}, "chords_scale": "major", "hpcp_entropy": {"dmean2": 1.06131994724, "median": 2.22496747971, "min": 0, "dvar2": 0.768336594105, "dvar": 0.275954693556, "dmean": 0.625011444092, "max": 4.53923416138, "var": 0.756703555584, "mean": 2.17275595665}}, "metadata": {"audio_properties": {"equal_loudness": 0, "codec": "mp3", "downmix": "mix", "sample_rate": 44100, "analysis_sample_rate": 44100, "bit_rate": 320028, "md5_encoded": "3193cfc384f4f63141a5c5f2076bf7bb", "length": 298.9453125, "replay_gain": -4.87813568115, "lossless": false}, "version": {"essentia_build_sha": "2d9f1f26377add8aeb1075a9c2973f962c4f09fd", "essentia": "2.1-beta2", "extractor": "music 1.0", "essentia_git_sha": "v2.1_beta2-1-ge3940c0"}, "tags": {"title": ["Nexus (remix)"], "media": ["CD"], "albumartist": ["Bethlehem"], "musicbrainz_recordingid": ["152b0c3a-ab62-4e5f-9042-e9cbbd3c5dd3"], "mood": ["Suicidal", "Depressive"], "originalyear": ["1996"], "discnumber": ["2/2"], "album": ["Dictius Te Necare"], "catalognumber": ["RSR-0165"], "contentgroup": ["Black Metal"], "musicbrainz album type": ["album"], "musicbrainz album status": ["official"], "file_name": "206 - Nexus (remix).mp3", "musicbrainz_albumartistid": ["45ec8daf-e54f-4773-be87-407d950b8ae7"], "date": ["2004"], "genre": ["Doom Metal"], "musicbrainz album release country": ["US"], "musicbrainz_releasegroupid": ["ba8c0345-2fdd-3fde-a5af-080abe37ed1d"], "musicbrainz_artistid": ["45ec8daf-e54f-4773-be87-407d950b8ae7"], "originaldate": ["1996"], "musicbrainz_albumid": ["edbaed05-63f0-4b3b-abcc-0488eab0853f"], "artist": ["Bethlehem"], "artistsort": ["Bethlehem"], "tracknumber": ["6/11"], "label": ["Red Stream Inc."], "albumartistsort": ["Bethlehem"], "acoustid_id": ["bb84e864-730e-47f0-a7bc-28403d41aac1"], "script": ["Latn"]}}, "rhythm": {"bpm_histogram_first_peak_bpm": {"dmean2": 0, "median": 144, "min": 144, "dvar2": 0, "dvar": 0, "dmean": 0, "max": 144, "var": 0, "mean": 144}, "bpm": 142.336776733, "bpm_histogram_second_peak_spread": {"dmean2": 0, "median": 0.0416665971279, "min": 0.0416665971279, "dvar2": 0, "dvar": 0, "dmean": 0, "max": 0.0416665971279, "var": 0, "mean": 0.0416665971279}, "bpm_histogram_first_peak_weight": {"dmean2": 0, "median": 0.527999997139, "min": 0.527999997139, "dvar2": 0, "dvar": 0, "dmean": 0, "max": 0.527999997139, "var": 0, "mean": 0.527999997139}, "onset_rate": 3.80656862259, "beats_position": [0.417959183455, 0.847528338432, 1.27709746361, 1.70666658878, 2.14784574509, 2.57741498947, 3.01859402657, 3.45977306366, 3.90095233917, 4.34213161469, 4.78331041336, 5.21287965775, 5.64244890213, 6.07201814651, 6.5015873909, 6.91954612732, 7.33750534058, 7.75546455383, 8.17342376709, 8.59138298035, 9.0093421936, 9.42730140686, 9.84526062012, 10.2632198334, 10.6811790466, 11.0991382599, 11.5170974731, 11.9466667175, 12.3646259308, 12.782585144, 13.2005443573, 13.6301136017, 14.0596818924, 14.4892511368, 14.9188203812, 15.3483896255, 15.7779588699, 16.2075271606, 16.6254863739, 17.0434455872, 17.4614048004, 17.8793640137, 18.3089332581, 18.7385025024, 19.1680717468, 19.574420929, 19.9923801422, 20.4103393555, 20.8282985687, 21.246257782, 21.6642169952, 22.0705661774, 22.4769153595, 22.8948745728, 23.3012237549, 23.707572937, 24.1255321503, 24.5434913635, 24.9614505768, 25.3910198212, 25.8205890656, 26.2501583099, 26.6681175232, 27.0976867676, 27.527256012, 27.9452152252, 28.3631744385, 28.7811336517, 29.199092865, 29.6286621094, 30.0582313538, 30.4878005981, 30.9057598114, 31.3237190247, 31.7416782379, 32.1596374512, 32.5775947571, 32.9955558777, 33.4135131836, 33.843082428, 34.2726516724, 34.690612793, 35.1201820374, 35.5381393433, 35.9561004639, 36.3740577698, 36.7920188904, 37.2215881348, 37.6395454407, 38.0575065613, 38.4754638672, 38.8934249878, 39.3113822937, 39.7293434143, 40.1473007202, 40.5768699646, 40.9948310852, 41.4127883911, 41.830745697, 42.2487068176, 42.6666641235, 43.0846252441, 43.5141944885, 43.9437637329, 44.3733329773, 44.7912902832, 45.2092514038, 45.6272087097, 46.0451698303, 46.4631271362, 46.8810882568, 47.2990455627, 47.7170066833, 48.1349639893, 48.5645332336, 48.994102478, 49.4120635986, 49.8300209045, 50.2479820251, 50.6659393311, 51.0839004517, 51.5018577576, 51.9198188782, 52.3377761841, 52.7557373047, 53.1736946106, 53.5916557312, 54.0212249756, 54.45079422, 54.8687515259, 55.2867126465, 55.7046699524, 56.122631073, 56.5405883789, 56.9585494995, 57.3765068054, 57.794467926, 58.2124252319, 58.6419944763, 59.0715637207, 59.4895210266, 59.9074821472, 60.3254394531, 60.7550086975, 61.1845779419, 61.6025390625, 62.0204963684, 62.438457489, 62.8564147949, 63.2743759155, 63.6923332214, 64.1102905273, 64.5282516479, 64.9462127686, 65.3757781982, 65.8053512573, 66.2233123779, 66.6412658691, 67.0592269897, 67.4888000488, 67.9183654785, 68.3363265991, 68.7658920288, 69.1954650879, 69.6134262085, 70.0313796997, 70.4493408203, 70.8673019409, 71.2852630615, 71.7032165527, 72.1327896118, 72.5507507324, 72.9687042236, 73.3866653442, 73.8162307739, 74.2341918945, 74.6521530151, 75.0817184448, 75.5112915039, 75.9292526245, 76.3472061157, 76.7651672363, 77.1831283569, 77.6010894775, 78.0190429688, 78.4370040894, 78.85496521, 79.2729263306, 79.6792755127, 80.0856246948, 80.503578186, 80.9215393066, 81.3395004272, 81.7574615479, 82.1754150391, 82.6049880981, 83.0345535278, 83.4525146484, 83.870475769, 84.2884368896, 84.7063903809, 85.1359634399, 85.5655288696, 85.9834899902, 86.4014511108, 86.8310165405, 87.2605895996, 87.6785507202, 88.0965042114, 88.5260772705, 88.9556427002, 89.3736038208, 89.7915649414, 90.2095184326, 90.6390914917, 91.0686569214, 91.486618042, 91.9045791626, 92.3225402832, 92.7404937744, 93.158454895, 93.5764160156, 93.9943771362, 94.4123306274, 94.830291748, 95.2482528687, 95.6662139893, 96.0957794189, 96.525352478, 96.9549179077, 97.3844909668, 97.802444458, 98.2204055786, 98.6383666992, 99.0679321289, 99.497505188, 99.9154663086, 100.345031738, 100.762992859, 101.192558289, 101.610519409, 102.02848053, 102.44644165, 102.87600708, 103.293968201, 103.72353363, 104.141494751, 104.559455872, 104.977409363, 105.406982422, 105.824943542, 106.254508972, 106.672470093, 107.102035522, 107.519996643, 107.949569702, 108.367523193, 108.785484314, 109.203445435, 109.633010864, 110.050971985, 110.480545044, 110.898498535, 111.339683533, 111.757637024, 112.175598145, 112.593559265, 113.023124695, 113.441085815, 113.870658875, 114.300224304, 114.729797363, 115.147750854, 115.565711975, 115.983673096, 116.401634216, 116.831199646, 117.260765076, 117.678726196, 118.108299255, 118.537864685, 118.955825806, 119.373786926, 119.791740417, 120.209701538, 120.639274597, 121.057228088, 121.486801147, 121.904762268, 122.322715759, 122.752288818, 123.181854248, 123.599815369, 124.017776489, 124.43573761, 124.853691101, 125.271652222, 125.689613342, 126.107574463, 126.525527954, 126.943489075, 127.361450195, 127.779411316, 128.197372437, 128.615325928, 129.044891357, 129.462860107, 129.892425537, 130.321990967, 130.751556396, 131.169525146, 131.599090576, 132.017044067, 132.446624756, 132.864578247, 133.282531738, 133.700500488, 134.118453979, 134.536407471, 134.954376221, 135.372329712, 135.801895142, 136.219863892, 136.649429321, 137.078994751, 137.508575439, 137.949752808, 138.367706299, 138.78565979, 139.20362854, 139.63319397, 140.051147461, 140.457504272, 140.875457764, 141.305038452, 141.734603882, 142.152557373, 142.558914185, 142.965255737, 143.394821167, 143.812789917, 144.242355347, 144.660308838, 145.089889526, 145.507843018, 145.937408447, 146.355377197, 146.784942627, 147.202896118, 147.620864868, 148.038818359, 148.456771851, 148.886352539, 149.30430603, 149.722259521, 150.140228271, 150.558181763, 150.976135254, 151.405715942, 151.835281372, 152.253234863, 152.671203613, 153.100769043, 153.530334473, 153.948303223, 154.366256714, 154.795822144, 155.213790894, 155.631744385, 156.049697876, 156.467666626, 156.897232056, 157.315185547, 157.744766235, 158.162719727, 158.592285156, 159.021850586, 159.451431274, 159.869384766, 160.287338257, 160.705307007, 161.123260498, 161.541213989, 161.959182739, 162.37713623, 162.79510498, 163.213058472, 163.631011963, 164.048980713, 164.466934204, 164.908111572, 165.34928894, 165.76725769, 166.185211182, 166.603164673, 167.021133423, 167.427474976, 167.833831787, 168.24017334, 168.669754028, 169.076095581, 169.505661011, 169.900405884, 170.318359375, 170.747940063, 171.177505493, 171.595458984, 172.013427734, 172.442993164, 172.872558594, 173.290512085, 173.708480835, 174.126434326, 174.544403076, 174.962356567, 175.345489502, 175.775054932, 176.2162323, 176.634185791, 177.063766479, 177.493331909, 177.9112854, 178.34085083, 178.770431519, 179.18838501, 179.606338501, 180.035919189, 180.465484619, 180.88343811, 181.30140686, 181.719360352, 182.148925781, 182.566894531, 182.984848022, 183.402801514, 183.832382202, 184.261947632, 184.679901123, 185.097869873, 185.527435303, 185.957000732, 186.386566162, 186.804534912, 187.222488403, 187.640457153, 188.070022583, 188.487976074, 188.917541504, 189.335510254, 189.753463745, 190.171432495, 190.589385986, 191.007339478, 191.425308228, 191.866485596, 192.296051025, 192.714004517, 193.143585205, 193.549926758, 193.979492188, 194.397460938, 194.815414429, 195.244979858, 195.674560547, 196.092514038, 196.510467529, 196.928436279, 197.346389771, 197.7759552, 198.205535889, 198.62348938, 199.05305481, 199.47102356, 199.888977051, 200.306930542, 200.724899292, 201.142852783, 201.572418213, 201.990386963, 202.419952393, 202.837905884, 203.267486572, 203.685440063, 204.103393555, 204.532974243, 204.962539673, 205.392105103, 205.821670532, 206.239639282, 206.657592773, 207.087158203, 207.516723633, 207.934692383, 208.352645874, 208.782211304, 209.211791992, 209.629745483, 210.047698975, 210.465667725, 210.883621216, 211.301589966, 211.719543457, 212.149108887, 212.578674316, 212.996643066, 213.414596558, 213.832565308, 214.262130737, 214.691696167, 215.109649658, 215.527618408, 215.945571899, 216.363540649, 216.781494141, 217.199447632, 217.62902832, 218.05859375, 218.476547241, 218.894515991, 219.335693359, 219.753646851, 220.171600342, 220.589569092, 221.007522583, 221.437088013, 221.866668701, 222.284622192, 222.714187622, 223.143753052, 223.57333374, 224.00289917, 224.4324646, 224.862030029, 225.279998779, 225.709564209, 226.139129639, 226.568710327, 226.998275757, 227.416229248, 227.845794678, 228.275375366, 228.704940796, 229.26222229, 229.831100464, 230.481262207, 231.13142395, 231.990570068, 232.849700928, 233.697235107, 234.544754028, 235.392288208, 236.239807129, 237.07572937, 237.92326355, 238.770782471, 239.61831665, 240.454238892, 241.301757813, 242.149291992, 242.996826172, 243.832733154, 244.668655396, 245.516189575, 246.375320435, 247.211242676, 248.058776855, 248.906295776, 249.753829956, 250.589752197, 251.437271118, 252.284805298, 253.132324219, 253.96824646, 254.81578064, 255.663299561, 256.51083374, 257.346740723, 258.194274902, 259.041809082, 259.900939941, 260.748474121, 261.584381104, 262.420318604, 263.256225586, 264.103759766, 264.939666748, 265.787200928, 266.634735107, 267.482269287, 268.31817627, 269.165710449, 270.013244629, 270.860778809, 271.696685791, 272.532592773, 273.368530273, 274.111572266, 274.85458374, 275.586029053, 276.317443848, 277.04888916, 277.780303955, 278.523345947, 279.266387939, 280.113922119, 280.949829102, 281.797363281, 282.644897461, 283.492431641, 284.339935303, 285.187469482, 286.035003662, 286.882537842, 287.718444824, 288.565979004, 289.413513184, 290.272644043, 291.131774902, 291.990936279, 292.850067139, 293.709197998, 294.568328857, 295.427490234, 296.22857666, 297.110931396, 297.993286133], "beats_loudness": {"dmean2": 0.0346584096551, "median": 0.0282129310071, "min": 0, "dvar2": 0.00107093644328, "dvar": 0.000366910855519, "dmean": 0.0194947179407, "max": 0.153055265546, "var": 0.000592137686908, "mean": 0.0342192053795}, "danceability": 1.07078695297, "bpm_histogram_second_peak_weight": {"dmean2": 0, "median": 0.110400006175, "min": 0.110400006175, "dvar2": 0, "dvar": 0, "dmean": 0, "max": 0.110400006175, "var": 0, "mean": 0.110400006175}, "beats_count": 626, "bpm_histogram_second_peak_bpm": {"dmean2": 0, "median": 71, "min": 71, "dvar2": 0, "dvar": 0, "dmean": 0, "max": 71, "var": 0, "mean": 71}, "bpm_histogram_first_peak_spread": {"dmean2": 0, "median": 0.372623592615, "min": 0.372623592615, "dvar2": 0, "dvar": 0, "dmean": 0, "max": 0.372623592615, "var": 0, "mean": 0.372623592615}, "beats_loudness_band_ratio": {"dmean2": [0.428082793951, 0.220977440476, 0.154370948672, 0.0964749455452, 0.0839872136712, 0.18135535717], "median": [0.411888062954, 0.169377028942, 0.100270986557, 0.0773492157459, 0.0454654805362, 0.092721670866], "min": [0, 0, 0, 0, 0, 0], "dvar2": [0.0984798148274, 0.0321429185569, 0.0262601524591, 0.00787417590618, 0.00839854963124, 0.0339317396283], "dvar": [0.0323087833822, 0.0115951327607, 0.00891055259854, 0.00265477690846, 0.0029190662317, 0.0113749755546], "dmean": [0.247637823224, 0.126849845052, 0.0906797349453, 0.0554254464805, 0.0464606359601, 0.102354727685], "max": [0.919992208481, 0.804719805717, 0.804048478603, 0.414409667253, 0.359866470098, 0.823642611504], "var": [0.0511816330254, 0.0227690450847, 0.0118779912591, 0.00354612292722, 0.00335622322746, 0.0141075681895], "mean": [0.42635884881, 0.206739678979, 0.13029435277, 0.0886335223913, 0.0614906661212, 0.125230520964]}}, "lowlevel": {"barkbands_spread": {"dmean2": 12.7088890076, "median": 31.4308624268, "min": 1.22471010685, "dvar2": 217.900085449, "dvar": 93.8465652466, "dmean": 8.1026725769, "max": 106.095443726, "var": 348.546203613, "mean": 33.0733108521}, "melbands_spread": {"dmean2": 13.3141117096, "median": 25.1120014191, "min": 1.50538659096, "dvar2": 251.055938721, "dvar": 101.359832764, "dmean": 8.32872581482, "max": 206.246795654, "var": 530.14831543, "mean": 29.7396583557}, "hfc": {"dmean2": 20.0210342407, "median": 22.473903656, "min": 1.06116724383e-16, "dvar2": 1617.78222656, "dvar": 661.098937988, "dmean": 12.9419879913, "max": 511.625274658, "var": 1267.2644043, "mean": 32.6290779114}, "barkbands_kurtosis": {"dmean2": 3.24612855911, "median": 1.09570837021, "min": -1.89221823215, "dvar2": 21.8264713287, "dvar": 8.90009498596, "dmean": 2.02455377579, "max": 77.7847747803, "var": 22.2000427246, "mean": 2.55521607399}, "gfcc": {"mean": [7.00091838837, 70.4774475098, -94.641708374, 25.8133907318, -56.1384849548, 13.1660442352, -30.4395256042, -2.13619351387, -19.5747337341, 0.628290951252, -12.1989784241, -1.06501948833, -11.0330171585], "icov": [[6.47103079245e-05, -5.89117007621e-05, 0.000107459665742, -0.000130339671159, 0.000123536388855, -0.000205377684324, 0.000277303450275, -0.000233763086726, 0.000201244634809, -0.00028426409699, 0.000203632487683, -7.44782446418e-05, 0.000134471352794], [-5.89117007621e-05, 0.00102031766437, 0.000502676179167, 0.00079769664444, -0.0002095442469, -0.000283315748675, -0.000974519178271, 0.00164643209428, -0.000584645487834, 0.000908947840799, -0.00129122787621, 0.000688812870067, -0.000530151301064], [0.000107459665742, 0.000502676179167, 0.00252177589573, 0.000759843736887, -0.00140797591303, -0.00117519998457, 0.000478806818137, -0.000765066943131, 0.000902688247152, -0.000314579578117, -0.00137311045546, 0.000119233904115, 0.000387259031413], [-0.000130339671159, 0.00079769664444, 0.000759843736887, 0.00364514673129, 0.000372053415049, -0.000862564716954, -0.00214269314893, 0.000387182168197, -0.000696566479746, 0.000859764695633, -0.00128826161381, 6.82471800246e-05, -0.000837321451399], [0.000123536388855, -0.0002095442469, -0.00140797591303, 0.000372053415049, 0.00648351246491, -0.00108558067586, -0.00210751546547, 0.00130062538665, -0.0012633606093, -0.00101723021362, 0.000453973363619, 0.000198530891794, -0.000477657915326], [-0.000205377684324, -0.000283315748675, -0.00117519998457, -0.000862564716954, -0.00108558067586, 0.00940961949527, 0.00192790734582, -0.0031181499362, -0.00231516594067, 0.00285971257836, -0.00130158395041, -0.0014574957313, 0.000169866005308], [0.000277303450275, -0.000974519178271, 0.000478806818137, -0.00214269314893, -0.00210751546547, 0.00192790734582, 0.00994617398828, -0.00347503949888, -4.38000097347e-05, -0.00107332633343, 0.00301589770243, -0.00214446848258, -0.000982939382084], [-0.000233763086726, 0.00164643209428, -0.000765066943131, 0.000387182168197, 0.00130062538665, -0.0031181499362, -0.00347503949888, 0.0131577877328, -0.00340118072927, -0.00204555736855, -0.000732477172278, 0.00315227475949, -0.0023619721178], [0.000201244634809, -0.000584645487834, 0.000902688247152, -0.000696566479746, -0.0012633606093, -0.00231516594067, -4.38000097347e-05, -0.00340118072927, 0.0122076617554, -0.00338664115407, -0.00363829475828, 0.000449939048849, 0.00142833136488], [-0.00028426409699, 0.000908947840799, -0.000314579578117, 0.000859764695633, -0.00101723021362, 0.00285971257836, -0.00107332633343, -0.00204555736855, -0.00338664115407, 0.015000092797, -0.00181326211896, -0.00360120390542, -0.00115662603639], [0.000203632487683, -0.00129122787621, -0.00137311045546, -0.00128826161381, 0.000453973363619, -0.00130158395041, 0.00301589770243, -0.000732477172278, -0.00363829475828, -0.00181326211896, 0.0188734084368, -0.00178019015584, -0.00355874397792], [-7.44782446418e-05, 0.000688812870067, 0.000119233904115, 6.82471800246e-05, 0.000198530891794, -0.0014574957313, -0.00214446848258, 0.00315227475949, 0.000449939048849, -0.00360120390542, -0.00178019015584, 0.0167331695557, -0.00332065508701], [0.000134471352794, -0.000530151301064, 0.000387259031413, -0.000837321451399, -0.000477657915326, 0.000169866005308, -0.000982939382084, -0.0023619721178, 0.00142833136488, -0.00115662603639, -0.00355874397792, -0.00332065508701, 0.0174312796444]], "cov": [[33668.9140625, -775.321350098, -1876.90966797, 1268.17504883, -1405.00024414, 583.601928711, -761.113769531, 535.345458984, -258.837158203, 286.511627197, -306.218109131, 53.9956016541, -207.275787354], [-775.321350098, 2238.95385742, -431.291625977, -317.256713867, 55.9593009949, -97.1694869995, 64.7794036865, -324.799255371, 3.87964248657, -161.773162842, 61.5982894897, -54.9694824219, 21.5925941467], [-1876.90966797, -431.291625977, 823.545715332, -140.786132813, 211.576828003, 99.0220413208, -15.0484924316, 89.3634490967, 35.1887702942, 39.8866081238, 61.0296936035, 6.76027345657, 5.90693092346], [1268.17504883, -317.256713867, -140.786132813, 467.699615479, -69.5954208374, 55.8157424927, 56.1566734314, 87.0335464478, 34.1587677002, 29.6867046356, 2.31093502045, 24.5677032471, 22.9934387207], [-1405.00024414, 55.9593009949, 211.576828003, -69.5954208374, 269.417572021, 18.3996143341, 68.1501846313, -4.25334596634, 46.5133552551, 14.4544334412, 27.9637069702, 6.78927373886, 19.1172428131], [583.601928711, -97.1694869995, 99.0220413208, 55.8157424927, 18.3996143341, 181.193069458, -29.7405605316, 74.0174636841, 48.2845001221, 7.0650935173, 29.2136211395, 7.60492277145, 4.04003620148], [-761.113769531, 64.7794036865, -15.0484924316, 56.1566734314, 68.1501846313, -29.7405605316, 176.621902466, 18.7456207275, 27.0792350769, 15.6913642883, -2.31721973419, 17.324930191, 27.1801071167], [535.345458984, -324.799255371, 89.3634490967, 87.0335464478, -4.25334596634, 74.0174636841, 18.7456207275, 175.932662964, 53.176612854, 53.4155578613, 12.1164903641, 4.81472921371, 14.8234443665], [-258.837158203, 3.87964248657, 35.1887702942, 34.1587677002, 46.5133552551, 48.2845001221, 27.0792350769, 53.176612854, 134.361038208, 34.4427566528, 40.1604003906, 6.085460186, 13.1445198059], [286.511627197, -161.773162842, 39.8866081238, 29.6867046356, 14.4544334412, 7.0650935173, 15.6913642883, 53.4155578613, 34.4427566528, 105.522270203, 12.2034978867, 25.6665477753, 13.4198932648], [-306.218109131, 61.5982894897, 61.0296936035, 2.31093502045, 27.9637069702, 29.2136211395, -2.31721973419, 12.1164903641, 40.1604003906, 12.2034978867, 81.039604187, 9.60127639771, 20.876537323], [53.9956016541, -54.9694824219, 6.76027345657, 24.5677032471, 6.78927373886, 7.60492277145, 17.324930191, 4.81472921371, 6.085460186, 25.6665477753, 9.60127639771, 73.952255249, 17.935333252], [-207.275787354, 21.5925941467, 5.90693092346, 22.9934387207, 19.1172428131, 4.04003620148, 27.1801071167, 14.8234443665, 13.1445198059, 13.4198932648, 20.876537323, 17.935333252, 72.1150741577]]}, "spectral_energyband_middle_low": {"dmean2": 0.00772897480056, "median": 0.00942032039165, "min": 1.28182803661e-22, "dvar2": 0.000109446918941, "dvar": 4.50418265245e-05, "dmean": 0.0047869225964, "max": 0.135395154357, "var": 0.000112652553071, "mean": 0.0120803508908}, "melbands_crest": {"dmean2": 5.7574763298, "median": 12.7442808151, "min": 1.00055158138, "dvar2": 23.2241783142, "dvar": 8.81601428986, "dmean": 3.51366233826, "max": 32.0079574585, "var": 26.6931381226, "mean": 13.4689731598}, "spectral_kurtosis": {"dmean2": 2.25627684593, "median": 2.1253786087, "min": -1.27449643612, "dvar2": 21.9906406403, "dvar": 7.64015960693, "dmean": 1.33813810349, "max": 61.3850784302, "var": 54.3979530334, "mean": 4.47056531906}, "spectral_rms": {"dmean2": 0.00129136571195, "median": 0.00481422711164, "min": 3.11894260419e-12, "dvar2": 1.87410989838e-06, "dvar": 7.48037336962e-07, "dmean": 0.000815992418211, "max": 0.0165434051305, "var": 4.59927832708e-06, "mean": 0.00491596525535}, "zerocrossingrate": {"dmean2": 0.0199779998511, "median": 0.08251953125, "min": 0.00439453125, "dvar2": 0.000602510641329, "dvar": 0.000364696403267, "dmean": 0.0158375296742, "max": 0.529296875, "var": 0.00562292756513, "mean": 0.0951705127954}, "silence_rate_60dB": {"dmean2": 0.00652477843687, "median": 0, "min": 0, "dvar2": 0.00787998270243, "dvar": 0.00325176119804, "dmean": 0.00326213589869, "max": 1, "var": 0.056771773845, "mean": 0.0604224912822}, "erbbands_kurtosis": {"dmean2": 0.797656595707, "median": -0.661687016487, "min": -1.76662027836, "dvar2": 0.914036929607, "dvar": 0.384205400944, "dmean": 0.49103808403, "max": 8.8375415802, "var": 0.866623461246, "mean": -0.43308532238}, "erbbands": {"dmean2": [0.245779931545, 2.16842913628, 4.21450424194, 7.43388223648, 12.4473905563, 12.8076505661, 13.5979328156, 18.1165943146, 18.5705108643, 24.0677871704, 23.1906051636, 18.9494228363, 18.4444046021, 24.9397449493, 15.4136228561, 22.5063724518, 17.8097000122, 20.6498069763, 21.1913299561, 14.4925298691, 11.747253418, 11.5341291428, 11.9482221603, 11.0723733902, 12.2846260071, 12.2791414261, 14.1788740158, 13.578748703, 15.0974273682, 12.2839221954, 8.680975914, 7.62914228439, 7.21075057983, 3.63820648193, 2.54952049255, 1.48662638664, 0.564421236515, 0.130960151553, 0.0241696685553, 0.00136251037475], "median": [0.0606829673052, 0.49907413125, 1.36553061008, 3.41214466095, 5.10207366943, 6.69007873535, 7.52634763718, 10.0086650848, 10.6326313019, 10.2593727112, 10.4037628174, 10.2172231674, 10.4939880371, 12.8048381805, 10.7516403198, 14.8880872726, 14.2482872009, 12.7869195938, 10.5549507141, 10.6565170288, 10.1343383789, 9.76573944092, 10.7257671356, 10.5193090439, 10.6914539337, 9.00882339478, 9.82005119324, 7.25372886658, 11.0146865845, 7.5669631958, 4.461789608, 2.87576723099, 2.0288901329, 1.10534381866, 0.422031342983, 0.0758631974459, 0.0248320288956, 0.00998408161104, 0.00184945994988, 0.000154556997586], "min": [4.76612751093e-23, 3.58276894215e-22, 1.93065610947e-21, 3.93779451775e-21, 6.24772869005e-21, 1.8142095164e-20, 3.00797315042e-20, 3.52788718468e-20, 4.63654346564e-20, 1.10039927361e-19, 2.1184011477e-19, 3.9235029855e-19, 4.83660207279e-19, 5.38204031582e-19, 7.41523578581e-19, 7.30173471505e-19, 1.51337997362e-18, 1.63484865484e-18, 1.49842527193e-18, 2.24638907197e-18, 3.12178045896e-18, 3.56114323158e-18, 4.7642493084e-18, 6.11148002642e-18, 5.24136129545e-18, 6.55599489349e-18, 8.19804064004e-18, 8.6355248855e-18, 1.08293509722e-17, 1.00110691687e-17, 1.06341181497e-17, 1.03711193827e-17, 9.60044099621e-18, 7.86481672054e-18, 6.10599540537e-18, 4.11735601907e-18, 2.31516231566e-18, 9.14411667833e-19, 2.37419550764e-19, 2.70288680697e-20], "dvar2": [0.228455737233, 17.5926704407, 59.4927597046, 146.491729736, 479.909973145, 441.534332275, 505.608581543, 1025.24487305, 1045.43432617, 2862.12280273, 3072.04785156, 1584.07287598, 1931.71569824, 3060.92211914, 900.188049316, 1604.57373047, 908.627685547, 1638.76452637, 1754.99645996, 638.909545898, 357.594116211, 389.812988281, 382.037475586, 270.04901123, 395.411132813, 416.507080078, 706.598632813, 1073.27172852, 1297.51806641, 1198.0526123, 459.030883789, 288.896392822, 360.075683594, 72.3957519531, 52.0518836975, 28.7128543854, 4.70547580719, 0.301885694265, 0.00888551305979, 1.70299281308e-05], "dvar": [0.0945815071464, 6.8692150116, 22.8703689575, 54.3145141602, 185.244064331, 161.078552246, 196.937240601, 429.503234863, 417.457855225, 1268.63793945, 1684.42407227, 715.934814453, 953.479858398, 1263.93310547, 405.077056885, 626.567749023, 342.806182861, 590.280090332, 724.557983398, 278.233978271, 140.238769531, 146.144561768, 150.885879517, 106.421630859, 155.319335938, 173.825897217, 289.272338867, 448.981719971, 559.967346191, 488.24206543, 187.842453003, 115.315437317, 142.796020508, 29.9651489258, 19.7755622864, 10.6841163635, 1.81319224834, 0.116658955812, 0.0033927843906, 6.64352137392e-06], "dmean": [0.154131501913, 1.33081221581, 2.51920938492, 4.40353345871, 7.363260746, 7.57648563385, 8.21726894379, 10.9751138687, 11.3902072906, 14.8704986572, 14.8653736115, 11.8178606033, 11.3615465164, 15.1430149078, 9.40445613861, 13.2962865829, 10.6591930389, 12.3787584305, 12.964925766, 8.96147537231, 7.06703472137, 6.83797740936, 7.22648954391, 6.75465726852, 7.44498062134, 7.59548854828, 8.87734889984, 8.56364822388, 9.4926700592, 7.76673984528, 5.55428934097, 4.81773900986, 4.54483652115, 2.3041806221, 1.54164350033, 0.880575478077, 0.340490102768, 0.0791364610195, 0.0144261810929, 0.000821783731226], "max": [6.34532165527, 47.3323173523, 71.6422271729, 105.221786499, 312.295501709, 230.787841797, 390.438140869, 1018.38806152, 686.094421387, 1862.05383301, 1741.33959961, 940.120361328, 1896.01538086, 2539.78662109, 994.63873291, 941.819885254, 445.633850098, 577.765625, 835.931152344, 413.498535156, 227.064559937, 503.904876709, 415.40045166, 174.800704956, 311.142364502, 193.50453186, 522.063232422, 584.859985352, 641.667175293, 677.782714844, 374.270477295, 273.776885986, 258.356903076, 118.739128113, 93.6353302002, 88.0613174438, 38.5676383972, 6.95683193207, 1.28626799583, 0.0526718348265], "var": [0.155717983842, 9.6998796463, 27.143491745, 73.2401046753, 315.64654541, 223.809143066, 450.839324951, 890.087158203, 971.440795898, 2498.48364258, 4383.75585938, 1521.11047363, 2194.21459961, 2443.66455078, 983.570495605, 1687.16064453, 830.381408691, 1017.19348145, 2549.17358398, 857.534729004, 356.485046387, 560.630432129, 729.777160645, 300.957366943, 420.549072266, 449.536743164, 650.373657227, 685.461486816, 965.897583008, 778.634887695, 298.030975342, 203.836166382, 209.184204102, 52.0605735779, 18.5409793854, 8.05561733246, 1.48567903042, 0.111598186195, 0.00316876149736, 6.45789623377e-06], "mean": [0.213346660137, 1.67815792561, 3.16714000702, 6.30909061432, 10.691824913, 11.5742378235, 14.0581855774, 18.7756252289, 20.5155887604, 24.0491085052, 26.983581543, 21.5173892975, 20.6070747375, 27.4462852478, 18.9108715057, 26.0441570282, 22.7990913391, 22.8078403473, 29.6303958893, 20.4867801666, 15.300037384, 15.5579872131, 16.9842433929, 15.5207014084, 17.2276039124, 16.8448791504, 18.7689933777, 16.2751579285, 18.8859100342, 15.5819787979, 10.0472650528, 8.30643463135, 7.31717061996, 3.88497972488, 1.92377030849, 0.88225632906, 0.346873730421, 0.090935587883, 0.0161408744752, 0.000949252222199]}, "spectral_strongpeak": {"dmean2": 0.586506903172, "median": 0.369881182909, "min": 0, "dvar2": 1.22308087349, "dvar": 0.476213276386, "dmean": 0.340733915567, "max": 15.4783182144, "var": 0.667010486126, "mean": 0.585819661617}, "spectral_energy": {"dmean2": 0.0159721635282, "median": 0.0237562060356, "min": 9.97099747022e-21, "dvar2": 0.000480735907331, "dvar": 0.000186390752788, "dmean": 0.00995467603207, "max": 0.28052636981, "var": 0.000567860144656, "mean": 0.0294851474464}, "average_loudness": 0.804787456989, "spectral_rolloff": {"dmean2": 1812.90368652, "median": 1485.79101563, "min": 64.599609375, "dvar2": 7511261.5, "dvar": 3148193.5, "dmean": 1084.18444824, "max": 19875.1464844, "var": 10653891, "mean": 2637.08203125}, "spectral_centroid": {"dmean2": 432.650054932, "median": 1569.41894531, "min": 223.89944458, "dvar2": 215757.59375, "dvar": 94176.3359375, "dmean": 271.950500488, "max": 12093.7880859, "var": 2192977.25, "mean": 1708.91271973}, "pitch_salience": {"dmean2": 0.122406341136, "median": 0.603621959686, "min": 0.134013846517, "dvar2": 0.0117879956961, "dvar": 0.00471797306091, "dmean": 0.0763361155987, "max": 0.997719526291, "var": 0.0129722077399, "mean": 0.587633430958}, "spectral_energyband_middle_high": {"dmean2": 0.00184865028132, "median": 0.00341348862275, "min": 1.14027493675e-21, "dvar2": 7.90164358477e-06, "dvar": 3.60232070307e-06, "dmean": 0.00117838883307, "max": 0.0837926194072, "var": 1.88449121197e-05, "mean": 0.00457405392081}, "spectral_contrast_coeffs": {"dmean2": [0.0885499790311, 0.0764808058739, 0.057768072933, 0.0433026403189, 0.0299940425903, 0.0300672333688], "median": [-0.648601830006, -0.74061113596, -0.799763560295, -0.807192385197, -0.814403414726, -0.764768660069], "min": [-0.983165025711, -0.99656689167, -0.998998641968, -0.987930119038, -0.98862683773, -0.966385364532], "dvar2": [0.00493636215106, 0.00365383620374, 0.00206738850102, 0.00116965023335, 0.000555350619834, 0.000826876028441], "dvar": [0.00184581126086, 0.0013157541398, 0.000733219028916, 0.000415426417021, 0.000194395484868, 0.000370091147488], "dmean": [0.0537350289524, 0.0456234551966, 0.0345771424472, 0.0254554785788, 0.0176187232137, 0.0190204232931], "max": [-0.301648288965, -0.428655445576, -0.557296574116, -0.622576415539, -0.706804573536, -0.518069088459], "var": [0.00937232747674, 0.00477314414456, 0.00271169166081, 0.00203216820955, 0.00123122544028, 0.00413569668308], "mean": [-0.641283631325, -0.739199340343, -0.798356831074, -0.803682327271, -0.815084040165, -0.757261395454]}, "melbands_skewness": {"dmean2": 1.06693387032, "median": 2.65267896652, "min": -0.568547606468, "dvar2": 1.14456295967, "dvar": 0.463396757841, "dmean": 0.666675984859, "max": 14.3770141602, "var": 1.78271138668, "mean": 2.86184167862}, "spectral_spread": {"dmean2": 1078825.125, "median": 5637140, "min": 1235931.375, "dvar2": 2518209265660.0, "dvar": 1199696510980.0, "dmean": 711975, "max": 42786552, "var": 27651402104800.0, "mean": 6345206}, "dissonance": {"dmean2": 0.0242837686092, "median": 0.477720677853, "min": 0.2910810709, "dvar2": 0.000580740685109, "dvar": 0.00021086698689, "dmean": 0.0143399136141, "max": 0.500000119209, "var": 0.000575258687604, "mean": 0.471197664738}, "spectral_skewness": {"dmean2": 0.299583941698, "median": 1.1951341629, "min": -0.104356504977, "dvar2": 0.128129810095, "dvar": 0.0506927259266, "dmean": 0.184294655919, "max": 6.21943712234, "var": 0.808404922485, "mean": 1.43423724174}, "spectral_flux": {"dmean2": 0.0333848819137, "median": 0.084522947669, "min": 6.31724464406e-11, "dvar2": 0.00128284364473, "dvar": 0.000531476165634, "dmean": 0.0208054631948, "max": 0.350234687328, "var": 0.00232110009529, "mean": 0.0894528403878}, "spectral_contrast_valleys": {"dmean2": [0.676346898079, 0.578793406487, 0.468300849199, 0.375820666552, 0.338680326939, 0.42961359024], "median": [-6.90372180939, -6.4275970459, -6.8949098587, -7.23001241684, -6.98348999023, -9.30355262756], "min": [-28.5809497833, -28.032579422, -27.7374992371, -27.7242279053, -27.5856513977, -27.4567260742], "dvar2": [0.305834054947, 0.245458453894, 0.176294758916, 0.129266440868, 0.162947237492, 0.276761293411], "dvar": [0.132186591625, 0.111391894519, 0.0847747996449, 0.0702845901251, 0.0913776084781, 0.144843503833], "dmean": [0.406479567289, 0.34452560544, 0.280552148819, 0.229456365108, 0.215854004025, 0.299960762262], "max": [-4.96940135956, -4.73378419876, -5.36221885681, -5.78092241287, -5.51582384109, -6.93881416321], "var": [8.75874710083, 8.8258562088, 8.35412025452, 8.22200012207, 8.70742702484, 7.62964773178], "mean": [-7.48583555222, -6.90468168259, -7.37115001678, -7.77256631851, -7.72573041916, -9.96873760223]}, "erbbands_flatness_db": {"dmean2": 0.019878635183, "median": 0.10711927712, "min": 0.0286078378558, "dvar2": 0.000381786521757, "dvar": 0.000174430620973, "dmean": 0.0130473310128, "max": 0.32186371088, "var": 0.00248891604133, "mean": 0.11896777153}, "spectral_energyband_high": {"dmean2": 0.0019563275855, "median": 0.00153274717741, "min": 6.75833863878e-21, "dvar2": 1.5094077753e-05, "dvar": 6.29422493148e-06, "dmean": 0.00126124056987, "max": 0.0418880470097, "var": 1.14035847218e-05, "mean": 0.00256031472236}, "spectral_entropy": {"dmean2": 0.201362848282, "median": 7.99546051025, "min": 5.32765245438, "dvar2": 0.0440488755703, "dvar": 0.0204140972346, "dmean": 0.131464228034, "max": 9.82853412628, "var": 0.396052211523, "mean": 7.87759828568}, "silence_rate_20dB": {"dmean2": 0, "median": 1, "min": 1, "dvar2": 0, "dvar": 0, "dmean": 0, "max": 1, "var": 0, "mean": 1}, "melbands_flatness_db": {"dmean2": 0.0396778658032, "median": 0.152909219265, "min": -1.29429722051e-07, "dvar2": 0.00133140711114, "dvar": 0.000553896767087, "dmean": 0.0254600327462, "max": 0.46865555644, "var": 0.00663622561842, "mean": 0.171511590481}, "barkbands": {"dmean2": [0.000220887741307, 0.00908606685698, 0.0038953772746, 0.00303442776203, 0.00380453118123, 0.00211164890788, 0.0015043389285, 0.00109707668889, 0.000780566944741, 0.000658859033138, 0.000535143073648, 0.000530804041773, 0.000407823565183, 0.000374283583369, 0.000439343537437, 0.000235706465901, 0.00023