{"tonal": {"thpcp": [1, 0.705052435398, 0.488577544689, 0.387646585703, 0.22155803442, 0.517320334911, 0.718328177929, 0.449954777956, 0.536356806755, 0.705851435661, 0.443802028894, 0.314281761646, 0.384493470192, 0.451514750719, 0.692603588104, 0.770522236824, 0.460526287556, 0.259820818901, 0.232062458992, 0.219538331032, 0.476995408535, 0.708930313587, 0.517321705818, 0.429733216763, 0.441994637251, 0.288951009512, 0.314855486155, 0.340662389994, 0.216840997338, 0.42618060112, 0.64996355772, 0.384783387184, 0.163388460875, 0.156884536147, 0.167861193419, 0.609903454781], "hpcp": {"dmean2": [0.287460446358, 0.238470166922, 0.179581984878, 0.161126971245, 0.157911404967, 0.19022834301, 0.221015974879, 0.211854368448, 0.183237552643, 0.167804062366, 0.153638422489, 0.152190819383, 0.138455733657, 0.112929485738, 0.16222563386, 0.188356608152, 0.144501164556, 0.0975964739919, 0.0990859568119, 0.118594199419, 0.211912363768, 0.22535379231, 0.257940977812, 0.305387228727, 0.242308691144, 0.16790305078, 0.182846367359, 0.208448782563, 0.199562400579, 0.219423428178, 0.24385689199, 0.231296017766, 0.225506573915, 0.258263349533, 0.252503454685, 0.269859135151], "median": [0.0739389136434, 0.0419023968279, 0.0150077519938, 0.0106047978625, 0.0137349516153, 0.0537797734141, 0.0853454321623, 0.0571544133127, 0.024467471987, 0.0150240464136, 0.0140825835988, 0.0207330193371, 0.0231817979366, 0.0219044778496, 0.0378682464361, 0.0448701642454, 0.0335590057075, 0.0135043393821, 0.00925885699689, 0.0128974830732, 0.0540148951113, 0.0787873566151, 0.0846191123128, 0.0251984782517, 0.0118461847305, 0.0123357977718, 0.0436743013561, 0.056433904916, 0.0468671619892, 0.038255084306, 0.0369719266891, 0.0301888864487, 0.0205436274409, 0.0176830608398, 0.0213433690369, 0.0632625296712], "min": [0, 0, 0, 0, 0, 0, 0, 0, 0, 0, 0, 0, 0, 0, 0, 0, 0, 0, 0, 0, 0, 0, 0, 0, 0, 0, 0, 0, 0, 0, 0, 0, 0, 0, 0, 0], "dvar2": [0.153148040175, 0.140051528811, 0.108858466148, 0.106933362782, 0.0988217890263, 0.0934984758496, 0.0959996208549, 0.102935962379, 0.104481004179, 0.0989812389016, 0.0942084491253, 0.0903577134013, 0.0741552487016, 0.0560343004763, 0.0854336246848, 0.0974069386721, 0.0649938285351, 0.055615413934, 0.0622374378145, 0.0712149143219, 0.103465363383, 0.112175732851, 0.117805980146, 0.181602582335, 0.150594040751, 0.123233549297, 0.0929637253284, 0.112818203866, 0.101945511997, 0.119797356427, 0.13603939116, 0.133233398199, 0.153401300311, 0.186072304845, 0.148922488093, 0.139188110828], "dvar": [0.0546794831753, 0.0471216849983, 0.0378051847219, 0.0364077687263, 0.0338501743972, 0.0331717655063, 0.0357079319656, 0.0376703590155, 0.0379425175488, 0.035618301481, 0.0327126197517, 0.0313233137131, 0.0266578793526, 0.0198051966727, 0.0298953782767, 0.0358239859343, 0.022913845256, 0.0194800905883, 0.0214154869318, 0.024256920442, 0.0363991521299, 0.0451257750392, 0.0435681752861, 0.064786285162, 0.0536383204162, 0.0417695716023, 0.0331226438284, 0.0422235317528, 0.0352160073817, 0.0423291288316, 0.0490924939513, 0.0456816963851, 0.0510124750435, 0.061791755259, 0.0543328784406, 0.052522175014], "dmean": [0.16327175498, 0.131586402655, 0.0971759781241, 0.0864286720753, 0.0849063247442, 0.108538374305, 0.128220289946, 0.122101634741, 0.104602009058, 0.0942017883062, 0.0846491083503, 0.0838628336787, 0.0779559910297, 0.0621734708548, 0.0915288478136, 0.10880740732, 0.0823967829347, 0.0528443604708, 0.0537146702409, 0.0636132732034, 0.120364062488, 0.130224451423, 0.145933747292, 0.166989326477, 0.133232057095, 0.089670971036, 0.104582622647, 0.119193762541, 0.112639017403, 0.124415874481, 0.137928977609, 0.128906473517, 0.119745738804, 0.139779955149, 0.141683012247, 0.155596077442], "max": [1, 1, 1, 1, 1, 1, 1, 1, 1, 1, 1, 1, 1, 1, 1, 1, 1, 1, 1, 1, 1, 1, 1, 1, 1, 1, 1, 1, 1, 1, 1, 1, 1, 1, 1, 1], "var": [0.0925586819649, 0.0451496727765, 0.0283421296626, 0.0269221458584, 0.0231444519013, 0.0407351404428, 0.0781266540289, 0.0478927195072, 0.0521235913038, 0.0652337148786, 0.0298578031361, 0.036607246846, 0.0410605892539, 0.0164752453566, 0.0380656830966, 0.0854529589415, 0.0306399166584, 0.0149572631344, 0.0159742515534, 0.0156177543104, 0.0572974346578, 0.139612361789, 0.0696279630065, 0.0593612380326, 0.0511319823563, 0.0280474051833, 0.0534444414079, 0.0978504195809, 0.0377288497984, 0.0612809658051, 0.0982876121998, 0.0451267883182, 0.0371236130595, 0.0521190464497, 0.0609382241964, 0.0820434093475], "mean": [0.229786232114, 0.137338802218, 0.0774841308594, 0.0692059919238, 0.0654710307717, 0.142250239849, 0.211418196559, 0.154276415706, 0.128155648708, 0.131812259555, 0.0861713811755, 0.0938966497779, 0.101592816412, 0.0646666288376, 0.127096176147, 0.193833053112, 0.114750646055, 0.0487259365618, 0.046786326915, 0.0500598028302, 0.181886270642, 0.298221409321, 0.21026173234, 0.14570428431, 0.115604512393, 0.0660733506083, 0.154275998473, 0.214220836759, 0.134186148643, 0.159953087568, 0.210500001907, 0.132351264358, 0.0937255471945, 0.114664182067, 0.134651362896, 0.206549212337]}, "tuning_equal_tempered_deviation": 0.0517851896584, "chords_changes_rate": 0.0556976422668, "key_key": "A", "tuning_diatonic_strength": 0.466231554747, "key_scale": "minor", "chords_number_rate": 0.00426257448271, "tuning_frequency": 440.763122559, "tuning_nontempered_energy_ratio": 0.652805328369, "chords_histogram": [7.38846254349, 8.07047462463, 8.29781150818, 9.09349250793, 10.7985219955, 19.1531677246, 5.02983808517, 12.0204601288, 1.25035524368, 7.36004543304, 0, 1.93236720562, 0, 3.2395567894, 0.0284171644598, 0.113668657839, 0, 0, 0.767263412476, 0, 1.22193801403, 0, 2.84171628952, 1.39244103432], "key_strength": 0.605659365654, "chords_key": "D", "chords_strength": {"dmean2": 0.00864604860544, "median": 0.467506349087, "min": -1, "dvar2": 0.00134936743416, "dvar": 0.000611106399447, "dmean": 0.00872241798788, "max": 0.71824413538, "var": 0.0365601330996, "mean": 0.44662091136}, "chords_scale": "major", "hpcp_entropy": {"dmean2": 0.903377175331, "median": 1.85832560062, "min": 0, "dvar2": 0.622478604317, "dvar": 0.234087362885, "dmean": 0.538838982582, "max": 4.36058998108, "var": 0.569282531738, "mean": 1.81537997723}}, "metadata": {"audio_properties": {"equal_loudness": 0, "codec": "mp3", "downmix": "mix", "sample_rate": 44100, "analysis_sample_rate": 44100, "bit_rate": 40000, "md5_encoded": "fc5cd5e4ece89e39be8db7cfe6693b19", "length": 163.343673706, "replay_gain": -8.27863883972, "lossless": false}, "version": {"essentia_build_sha": "c0e182ba78c2de26e491b7b7a4a2c98c1ed34208", "essentia": "2.1-beta2", "extractor": "music 1.0", "essentia_git_sha": "v2.1_beta2-2-gbb40004"}, "tags": {"title": ["\u30ac\u30e9\u30cf\u30c9\u8981\u585e"], "barcode": ["4580252780302"], "media": ["CD"], "albumartist": ["\u4e0b\u6751\u967d\u5b50\u3001ACE+\u3001\u6e05\u7530\u611b\u672a"], "musicbrainz_recordingid": ["1532419c-fc85-411a-bb03-dafb63c18e79"], "albumsort": ["2010-06-23 DERP-10008; DERP-10009; DERP-10010; DERP-10011 Xenoblade Original Soundtrack"], "musicbrainz_albumartistid": ["b3933fd6-fba9-44b1-992a-1e8128324ca1/16563fb9-c2b5-4ab7-b5b1-7b6592f862a1/252ea5d7-bc86-4278-9310-fe75910c6eb9/4f87137d-4abb-42f0-af17-4e4a7e2f3e63"], "originalyear": ["2010"], "discnumber": ["4/4"], "album": ["Xenoblade Original Soundtrack"], "catalognumber": ["DERP-10008/DERP-10009/DERP-10010/DERP-10011"], "musicbrainz album release country": ["JP"], "musicbrainz album type": ["album/soundtrack"], "musicbrainz album status": ["official"], "file_name": "4-08 \u30ab\u3099\u30e9\u30cf\u30c8\u3099\u8981\u585e.mp3", "originaldate": ["2010"], "date": ["2010"], "genre": ["Game"], "musicbrainz_releasegroupid": ["22d84e56-4266-4905-8abc-2db79c3a0a4d"], "musicbrainz_artistid": ["4f87137d-4abb-42f0-af17-4e4a7e2f3e63"], "asin": ["B003IGMJOS"], "musicbrainz_albumid": ["dc650c1d-5801-4546-9db1-716630b2089e"], "tracknumber": ["8/25"], "encodedby": ["Rdeath"], "artistsort": ["Kiyota, Manami"], "artist": ["\u6e05\u7530\u611b\u672a"], "label": ["Dog Ear Records"], "albumartistsort": ["Shimomura, Yoko\u3001ACEHiramatsu, Kenji\u3001Kiyota, Manami"], "script": ["Jpan"]}}, "rhythm": {"bpm_histogram_first_peak_bpm": {"dmean2": 0, "median": 78, "min": 78, "dvar2": 0, "dvar": 0, "dmean": 0, "max": 78, "var": 0, "mean": 78}, "bpm": 77.9189605713, "bpm_histogram_second_peak_spread": {"dmean2": 0, "median": 0.0277777314186, "min": 0.0277777314186, "dvar2": 0, "dvar": 0, "dmean": 0, "max": 0.0277777314186, "var": 0, "mean": 0.0277777314186}, "bpm_histogram_first_peak_weight": {"dmean2": 0, "median": 0.679012358189, "min": 0.679012358189, "dvar2": 0, "dvar": 0, "dmean": 0, "max": 0.679012358189, "var": 0, "mean": 0.679012358189}, "onset_rate": 2.68725061417, "beats_position": [0.777868449688, 1.57895684242, 2.39165520668, 3.20435357094, 4.02866220474, 4.86458063126, 5.70049858093, 6.5015873909, 7.26784563065, 8.03410434723, 8.8119726181, 9.58984088898, 10.3560991287, 11.1223583221, 11.8886165619, 12.6548748016, 13.4211339951, 14.1873922348, 14.9652605057, 15.7431287766, 16.50938797, 17.2756462097, 18.0419044495, 18.8081626892, 19.574420929, 20.3406791687, 21.1185474396, 21.8964176178, 22.6626758575, 23.4289340973, 24.195192337, 24.9614505768, 25.7277088165, 26.4939670563, 27.2718353271, 28.0497055054, 28.8159637451, 29.5822219849, 30.3484802246, 31.1147384644, 31.8809967041, 32.6472549438, 33.4251251221, 34.2029914856, 34.9692497253, 35.7355079651, 36.5017662048, 37.2680282593, 38.034286499, 38.8121528625, 39.5900230408, 40.3562812805, 41.1225395203, 41.88879776, 42.6550559998, 43.4213142395, 44.1875724792, 44.953830719, 45.7317008972, 46.5095672607, 47.2758255005, 48.0420837402, 48.80834198, 49.5746040344, 50.3408622742, 51.1071205139, 51.8849868774, 52.6628570557, 53.4291152954, 54.1953735352, 54.9616317749, 55.7278900146, 56.4941482544, 57.2720184326, 58.0498847961, 58.8161430359, 59.5824012756, 60.3486595154, 61.1149177551, 61.8811798096, 62.6474380493, 63.4253044128, 64.2031707764, 64.9694290161, 65.7356872559, 66.5019454956, 67.2682037354, 68.0344696045, 68.8007278442, 69.5785903931, 70.3564605713, 71.122718811, 71.8889770508, 72.6552352905, 73.4214935303, 74.18775177, 74.9540100098, 75.731880188, 76.5097503662, 77.276008606, 78.0422668457, 78.8085250854, 79.5747833252, 80.3410415649, 81.1072998047, 81.8851699829, 82.6630401611, 83.4292984009, 84.1955566406, 84.9618148804, 85.7280731201, 86.4943313599, 87.2722015381, 88.0500640869, 88.8163223267, 89.5825805664, 90.3488388062, 91.1150970459, 91.8813552856, 92.6476211548, 93.4254837036, 94.2033538818, 94.9696121216, 95.7358703613, 96.5021286011, 97.2683868408, 98.0346450806, 98.8009033203, 99.5787734985, 100.356643677, 101.122901917, 101.889160156, 102.655418396, 103.421676636, 104.187934875, 104.965805054, 105.743675232, 106.509933472, 107.276191711, 108.042449951, 108.808708191, 109.574966431, 110.34122467, 111.10748291, 111.885353088, 112.663215637, 113.429473877, 114.195732117, 114.961990356, 115.728248596, 116.494506836, 117.260765076, 118.038635254, 118.816505432, 119.582763672, 120.349021912, 121.115280151, 121.881538391, 122.647796631, 123.414054871, 124.191925049, 124.969795227, 125.736053467, 126.502311707, 127.268569946, 128.034820557, 128.812698364, 129.590560913, 130.356826782, 131.123077393, 131.889343262, 132.655593872, 133.421859741, 134.002349854, 134.582855225, 135.163360596, 135.755462646, 136.347564697, 136.811965942, 137.276367188, 137.740768433, 138.193557739, 138.599899292, 138.994644165, 139.389389038, 139.807342529, 140.225296021, 140.631652832, 141.037994385, 141.455963135, 141.873916626, 142.268661499, 142.663391113, 143.046524048, 143.429656982, 143.812789917, 144.195922852, 144.579040527, 144.962173462, 145.345306396, 145.728439331, 146.111557007, 146.494689941, 146.889434814, 147.27255249, 147.655685425, 148.050430298, 148.433563232, 148.816680908, 149.199813843, 149.582946777, 149.954467773, 150.349197388, 150.732330322, 151.115463257, 151.498596191, 151.881713867, 152.264846802, 152.647979736, 153.042724609, 153.425842285, 153.80897522, 154.203720093, 154.586837769, 154.969970703, 155.353103638, 155.736236572, 156.119369507, 156.502487183, 156.897232056, 157.28036499, 157.663482666, 158.046615601, 158.429748535, 158.81288147, 159.207611084, 159.602355957, 160.00869751, 160.415054321, 160.821395874, 161.227752686, 161.634094238, 162.052062988, 162.470016479], "beats_loudness": {"dmean2": 0.0876537263393, "median": 0.053738668561, "min": 1.00608388287e-09, "dvar2": 0.0104948217049, "dvar": 0.0036935089156, "dmean": 0.0485647395253, "max": 0.332395285368, "var": 0.00413238955662, "mean": 0.0701078027487}, "danceability": 1.2451543808, "bpm_histogram_second_peak_weight": {"dmean2": 0, "median": 0.144032925367, "min": 0.144032925367, "dvar2": 0, "dvar": 0, "dmean": 0, "max": 0.144032925367, "var": 0, "mean": 0.144032925367}, "beats_count": 244, "bpm_histogram_second_peak_bpm": {"dmean2": 0, "median": 157, "min": 157, "dvar2": 0, "dvar": 0, "dmean": 0, "max": 157, "var": 0, "mean": 157}, "bpm_histogram_first_peak_spread": {"dmean2": 0, "median": 0.0236686468124, "min": 0.0236686468124, "dvar2": 0, "dvar": 0, "dmean": 0, "max": 0.0236686468124, "var": 0, "mean": 0.0236686468124}, "beats_loudness_band_ratio": {"dmean2": [0.303420484066, 0.149137467146, 0.0955102443695, 0.0758692398667, 0.0506304465234, 0.114691704512], "median": [0.764929711819, 0.0576899200678, 0.0390715971589, 0.0253934916109, 0.0221881121397, 0.0461509488523], "min": [0.0644699335098, 0.000442448072135, 0.000889204617124, 0.000327032379573, 0.000434239686001, 0.00221913424321], "dvar2": [0.0632320046425, 0.0232634022832, 0.0111960330978, 0.00771545805037, 0.00703856814653, 0.0173140559345], "dvar": [0.0199338626117, 0.00759167503566, 0.00406904472038, 0.00279357261024, 0.00333116902038, 0.00661179609597], "dmean": [0.173012986779, 0.0844645425677, 0.0526353120804, 0.0418375991285, 0.0295337326825, 0.0691839829087], "max": [0.978504836559, 0.502880036831, 0.529480934143, 0.358300983906, 0.653577208519, 0.706661403179], "var": [0.0389206446707, 0.00920961145312, 0.00492495344952, 0.00384687306359, 0.00449128355831, 0.00683507230133], "mean": [0.702766537666, 0.0942375734448, 0.0652111917734, 0.0507638938725, 0.0432686768472, 0.0718789547682]}}, "lowlevel": {"barkbands_spread": {"dmean2": 14.9162864685, "median": 27.9270706177, "min": 1.38240218163, "dvar2": 343.748687744, "dvar": 149.450210571, "dmean": 9.32938194275, "max": 141.201339722, "var": 577.329162598, "mean": 35.0050735474}, "melbands_spread": {"dmean2": 13.429564476, "median": 20.5622329712, "min": 0.511986255646, "dvar2": 377.790863037, "dvar": 158.142959595, "dmean": 8.44920063019, "max": 247.131988525, "var": 624.570617676, "mean": 27.3251457214}, "hfc": {"dmean2": 19.8825569153, "median": 24.6609573364, "min": 1.17658262974e-16, "dvar2": 1800.8314209, "dvar": 847.415710449, "dmean": 13.2058410645, "max": 426.0340271, "var": 1747.9864502, "mean": 36.853313446}, "barkbands_kurtosis": {"dmean2": 5.37588691711, "median": 1.20189762115, "min": -1.96400880814, "dvar2": 166.350326538, "dvar": 63.3188171387, "dmean": 3.27727937698, "max": 221.523147583, "var": 79.8724594116, "mean": 3.81432509422}, "gfcc": {"mean": [5.58664369583, 67.2204589844, -88.676399231, 18.3319721222, -29.2009887695, 6.2703127861, -24.7923927307, 10.8242816925, -18.430644989, 6.37585687637, -14.1392707825, 1.01635050774, -10.4970750809], "icov": [[4.30786640209e-05, -4.68517064292e-05, -3.12296724587e-05, 1.38895147757e-05, 2.12796226151e-06, -5.93544700678e-06, 6.40901052975e-05, -0.000102517005871, 0.000133503432153, -8.51742588566e-05, 1.79574853973e-05, 9.64775972534e-05, 2.50712837442e-05], [-4.68517064292e-05, 0.000731123611331, 0.000460741110146, -8.9732617198e-05, -0.000178540562047, 0.000441746931756, 3.55311249223e-06, 0.000275741418591, 0.000139555530041, 0.000509093923029, -9.23934858292e-05, 0.000182891220902, -0.000341429113178], [-3.12296724587e-05, 0.000460741110146, 0.00110024923924, 0.000312500982545, -0.000270131888101, -0.00026977667585, 6.88268846716e-05, 0.000625725020654, -0.000546258583199, 0.000200251466595, 0.000374165101675, -0.000529135868419, 0.000941578182392], [1.38895147757e-05, -8.9732617198e-05, 0.000312500982545, 0.0029479758814, 0.000504203198943, -0.00115039176308, 0.000547379138879, 0.000733312161174, -0.00128449476324, -0.00118149851914, 0.000313308788463, 0.00148605625145, -0.000559912237804], [2.12796226151e-06, -0.000178540562047, -0.000270131888101, 0.000504203198943, 0.00469309045002, 0.000463406613562, -0.00128945650067, -0.000127702223836, -0.000637481512967, -0.00132156244945, 0.00156504695769, -0.00167131703347, 0.00105892657302], [-5.93544700678e-06, 0.000441746931756, -0.00026977667585, -0.00115039176308, 0.000463406613562, 0.00552580691874, 0.000145876445458, -0.00128388230223, -0.000727422942873, 0.00228848354891, -0.0014152051881, -0.000426359154517, -0.000137125098263], [6.40901052975e-05, 3.55311249223e-06, 6.88268846716e-05, 0.000547379138879, -0.00128945650067, 0.000145876445458, 0.0083175888285, -0.00359069835395, 0.000857541046571, -0.000549919321202, -0.000969984685071, 0.00139860308263, -0.00167120771948], [-0.000102517005871, 0.000275741418591, 0.000625725020654, 0.000733312161174, -0.000127702223836, -0.00128388230223, -0.00359069835395, 0.0126101458445, -0.00399139756337, -0.00160320650321, 0.00182772532571, -0.000728667539079, 2.46257750405e-05], [0.000133503432153, 0.000139555530041, -0.000546258583199, -0.00128449476324, -0.000637481512967, -0.000727422942873, 0.000857541046571, -0.00399139756337, 0.0142172258347, -0.00405272701755, 0.000619141967036, 0.00194960215595, -0.00264619430527], [-8.51742588566e-05, 0.000509093923029, 0.000200251466595, -0.00118149851914, -0.00132156244945, 0.00228848354891, -0.000549919321202, -0.00160320650321, -0.00405272701755, 0.0174663327634, -0.00433310307562, -0.00521858455613, 0.00443769851699], [1.79574853973e-05, -9.23934858292e-05, 0.000374165101675, 0.000313308788463, 0.00156504695769, -0.0014152051881, -0.000969984685071, 0.00182772532571, 0.000619141967036, -0.00433310307562, 0.0144219268113, -0.00190697575454, -0.00132282322738], [9.64775972534e-05, 0.000182891220902, -0.000529135868419, 0.00148605625145, -0.00167131703347, -0.000426359154517, 0.00139860308263, -0.000728667539079, 0.00194960215595, -0.00521858455613, -0.00190697575454, 0.0216455720365, -0.00888593867421], [2.50712837442e-05, -0.000341429113178, 0.000941578182392, -0.000559912237804, 0.00105892657302, -0.000137125098263, -0.00167120771948, 2.46257750405e-05, -0.00264619430527, 0.00443769851699, -0.00132282322738, -0.00888593867421, 0.0217034872621]], "cov": [[26869.3808594, 1970.14978027, -169.953536987, -189.596878052, 11.6809167862, -230.92477417, -147.18270874, 40.1754226685, -285.487823486, -7.1617898941, -70.584197998, -147.272354126, -108.913894653], [1970.14978027, 2543.92700195, -1199.14086914, 85.0855789185, -42.3826141357, -233.563430786, -10.6295757294, -64.5265731812, -116.23828125, -82.3204803467, 12.260427475, -52.8875045776, 73.5626983643], [-169.953536987, -1199.14086914, 1649.81994629, -171.509475708, 116.172325134, 113.26751709, -21.2932434082, -8.12644577026, 61.0627059937, 32.932472229, -44.216999054, 37.819355011, -87.7503356934], [-189.596878052, 85.0855789185, -171.509475708, 463.640899658, -87.5029678345, 88.8393783569, -43.6123657227, -14.4063520432, 44.4353294373, 8.04726886749, 9.35204124451, -34.6317596436, 12.6113967896], [11.6809167862, -42.3826141357, 116.172325134, -87.5029678345, 279.310882568, -43.9452133179, 51.4455413818, 28.0402698517, 16.5884552002, 34.3407859802, -24.2413921356, 26.5583400726, -13.5564374924], [-230.92477417, -233.563430786, 113.26751709, 88.8393783569, -43.9452133179, 245.538925171, -8.80532836914, 19.9276676178, 29.7032566071, -14.3931341171, 14.3253793716, -0.865927636623, 4.04831886292], [-147.18270874, -10.6295757294, -21.2932434082, -43.6123657227, 51.4455413818, -8.80532836914, 156.072616577, 50.6601676941, 8.18001651764, 13.7280521393, 4.69689178467, 5.74072790146, 10.0232076645], [40.1754226685, -64.5265731812, -8.12644577026, -14.4063520432, 28.0402698517, 19.9276676178, 50.6601676941, 114.309944153, 35.9118118286, 20.7138366699, -6.08553695679, 7.2281293869, 4.18006849289], [-285.487823486, -116.23828125, 61.0627059937, 44.4353294373, 16.5884552002, 29.7032566071, 8.18001651764, 35.9118118286, 100.887145996, 28.0369033813, -0.952856004238, 2.71478748322, 4.58722925186], [-7.1617898941, -82.3204803467, 32.932472229, 8.04726886749, 34.3407859802, -14.3931341171, 13.7280521393, 20.7138366699, 28.0369033813, 85.445274353, 17.8915119171, 19.422454834, -8.25078105927], [-70.584197998, 12.260427475, -44.216999054, 9.35204124451, -24.2413921356, 14.3253793716, 4.69689178467, -6.08553695679, -0.952856004238, 17.8915119171, 83.6006546021, 12.4653139114, 10.5004177094], [-147.272354126, -52.8875045776, 37.819355011, -34.6317596436, 26.5583400726, -0.865927636623, 5.74072790146, 7.2281293869, 2.71478748322, 19.422454834, 12.4653139114, 66.3472824097, 20.2201766968], [-108.913894653, 73.5626983643, -87.7503356934, 12.6113967896, -13.5564374924, 4.04831886292, 10.0232076645, 4.18006849289, 4.58722925186, -8.25078105927, 10.5004177094, 20.2201766968, 64.1099319458]]}, "spectral_energyband_middle_low": {"dmean2": 0.00427308306098, "median": 0.00857645645738, "min": 4.94303423899e-22, "dvar2": 5.55195074412e-05, "dvar": 2.28336903092e-05, "dmean": 0.0027505219914, "max": 0.0716077238321, "var": 7.56615918363e-05, "mean": 0.00999938882887}, "melbands_crest": {"dmean2": 5.80913543701, "median": 14.6561470032, "min": 2.19318389893, "dvar2": 25.8523731232, "dvar": 10.2121219635, "dmean": 3.53264951706, "max": 32.8101539612, "var": 31.4614486694, "mean": 15.2187004089}, "spectral_kurtosis": {"dmean2": 2.30815076828, "median": 5.16862154007, "min": -1.21771192551, "dvar2": 7.66010856628, "dvar": 2.85462641716, "dmean": 1.40351831913, "max": 35.5373878479, "var": 10.7932949066, "mean": 5.5448589325}, "spectral_rms": {"dmean2": 0.00150264718104, "median": 0.0051953359507, "min": 3.30195679826e-12, "dvar2": 3.76949196834e-06, "dvar": 1.69011696016e-06, "dmean": 0.000982912722975, "max": 0.0193697120994, "var": 7.2317525337e-06, "mean": 0.00541379442438}, "zerocrossingrate": {"dmean2": 0.020985333249, "median": 0.06982421875, "min": 0.0068359375, "dvar2": 0.000607909692917, "dvar": 0.000438193965238, "dmean": 0.0170511137694, "max": 0.59814453125, "var": 0.00501766102389, "mean": 0.0952135920525}, "silence_rate_60dB": {"dmean2": 0.0199033264071, "median": 0, "min": 0, "dvar2": 0.0214980412275, "dvar": 0.00985141005367, "dmean": 0.00995024852455, "max": 1, "var": 0.0654046535492, "mean": 0.0703524723649}, "erbbands_kurtosis": {"dmean2": 1.27298283577, "median": -0.143958330154, "min": -1.7654337883, "dvar2": 3.21339797974, "dvar": 1.41670954227, "dmean": 0.799863219261, "max": 23.7636489868, "var": 3.82742238045, "mean": 0.413593202829}, "erbbands": {"dmean2": [0.445267677307, 4.21089410782, 8.11402320862, 4.19067811966, 6.32471323013, 8.42646026611, 6.88966464996, 8.67015266418, 9.32866573334, 13.1007823944, 14.4536113739, 12.5668973923, 15.4872980118, 24.1109237671, 17.4248313904, 26.421339035, 35.0834236145, 38.3622894287, 27.5777873993, 43.8227233887, 29.6650447845, 20.6181182861, 19.9577407837, 20.766500473, 13.9874248505, 11.8500642776, 10.9498186111, 9.22503852844, 4.72299289703, 3.51463651657, 4.42262840271, 12.7873697281, 4.69679403305, 2.52844715118, 1.31060230732, 0.806996405125, 0.835767328739, 0.191714555025, 0.0657887756824, 0.00166511605494], "median": [0.142342835665, 1.2116549015, 2.20788002014, 3.08681535721, 4.30028629303, 3.95902967453, 5.70520210266, 8.62704658508, 7.73897743225, 6.95321083069, 10.5766439438, 11.2281112671, 10.5115308762, 10.5093650818, 8.19225120544, 11.047826767, 12.8250389099, 13.9358320236, 13.939332962, 17.9563827515, 15.1814212799, 12.8726863861, 11.1791591644, 11.0412158966, 8.28412628174, 6.85551166534, 4.63880586624, 2.78786039352, 1.22642612457, 0.763181805611, 0.735140562057, 0.567182481289, 0.476806282997, 0.223445311189, 0.22323101759, 0.20822109282, 0.081841647625, 0.0263969544321, 0.00538225565106, 0.000164788740221], "min": [3.54039486842e-22, 3.77403093182e-21, 1.56169954816e-20, 2.52256676487e-20, 3.08658083489e-20, 2.98196465326e-19, 3.70272279314e-19, 6.08820543873e-19, 1.19396903977e-18, 2.07780842236e-18, 2.85880402579e-18, 2.00665558684e-18, 2.25038249317e-18, 2.23050265471e-18, 3.81620644141e-18, 5.64178288638e-18, 6.04058278971e-18, 5.36851343126e-18, 1.14719189341e-17, 1.37551533189e-17, 1.01572088219e-17, 1.21956845993e-17, 8.61676856511e-18, 9.12169119154e-18, 1.77640345268e-17, 1.77911495073e-17, 3.18890236063e-17, 1.91964367238e-17, 2.19940475822e-17, 1.96029777969e-17, 1.69809393322e-17, 1.80868731937e-17, 1.27801224437e-17, 1.25517469755e-17, 8.26861899863e-18, 5.40098233826e-18, 3.58498671273e-18, 1.39750437751e-18, 3.13787785897e-19, 3.25858496533e-20], "dvar2": [0.556797921658, 93.1657180786, 378.197143555, 86.5982971191, 192.435943604, 525.705383301, 107.925514221, 179.587173462, 260.277984619, 572.597717285, 893.391296387, 573.674621582, 826.342895508, 3934.23071289, 1036.7376709, 3397.93676758, 6421.78857422, 7097.29980469, 2592.00732422, 11286.5029297, 3351.79614258, 1444.9543457, 1453.46032715, 1925.71435547, 880.559204102, 775.017456055, 706.226074219, 442.034515381, 135.677871704, 111.060630798, 170.32951355, 1510.6307373, 145.943084717, 72.0969772339, 17.4092063904, 3.90242648125, 5.92141580582, 0.211109533906, 0.0293319206685, 1.58556922543e-05], "dvar": [0.218016162515, 33.8860626221, 152.994949341, 33.4113922119, 71.4497833252, 215.308166504, 40.9410057068, 86.7473983765, 115.159721375, 238.469223022, 490.901824951, 299.452667236, 419.01449585, 1836.05249023, 518.925476074, 1319.40039062, 2536.80078125, 2509.88647461, 923.321228027, 3936.6081543, 1307.42089844, 544.204101562, 505.982025146, 619.063354492, 323.77822876, 269.68850708, 262.29473877, 175.643890381, 50.7706413269, 40.2959709167, 67.1340942383, 669.508117676, 73.1948699951, 32.9987869263, 6.35764980316, 1.68390369415, 2.74898576736, 0.0966850891709, 0.013203419745, 8.64562662173e-06], "dmean": [0.27256038785, 2.51696395874, 4.95483732224, 2.55786681175, 3.96985769272, 5.06836557388, 4.40647649765, 6.16944360733, 6.31932449341, 8.38523006439, 10.5443983078, 9.15378475189, 10.70408535, 16.228931427, 11.8625831604, 15.9132919312, 21.8741226196, 22.830072403, 16.4289150238, 26.2046909332, 17.9754314423, 12.337600708, 11.7791481018, 11.9409980774, 8.29024887085, 6.99204015732, 6.43974113464, 5.3743185997, 2.74982094765, 2.0133190155, 2.6414835453, 7.95411348343, 2.98487091064, 1.53210401535, 0.774699032307, 0.529054760933, 0.542729496956, 0.128262162209, 0.0436093397439, 0.00118725863285], "max": [5.79837608337, 77.1473693848, 160.45715332, 101.168228149, 136.466995239, 249.246887207, 110.588722229, 225.701843262, 434.536254883, 325.233001709, 1680.20446777, 659.72253418, 615.019836426, 1104.97094727, 889.173400879, 1025.8269043, 1405.89343262, 910.966674805, 463.722747803, 1318.71264648, 894.807922363, 565.936828613, 423.981414795, 447.890625, 710.11920166, 308.627044678, 239.225402832, 200.50743103, 108.223327637, 97.2852325439, 166.042861938, 442.811157227, 191.476776123, 138.678817749, 62.1343040466, 19.8529644012, 20.462677002, 4.35467290878, 1.3856344223, 0.0554027073085], "var": [0.334187984467, 33.054599762, 167.846557617, 54.8373756409, 128.583755493, 247.965332031, 168.009048462, 463.400390625, 390.601043701, 884.851257324, 8901.44433594, 1739.31347656, 2400.00927734, 8604.78417969, 8300.99023438, 5264.68212891, 4709.15771484, 3407.53149414, 1365.53320312, 5841.46337891, 2467.30664062, 1045.22009277, 970.40222168, 1025.94152832, 647.539855957, 422.384460449, 279.84777832, 207.830047607, 57.3896751404, 34.0023574829, 137.049346924, 1041.63012695, 168.170440674, 56.9414253235, 9.35214614868, 2.45810890198, 3.54794287682, 0.376469105482, 0.0273354444653, 3.47493732988e-05], "mean": [0.394261538982, 3.00873947144, 6.31377840042, 5.44586420059, 8.20329189301, 8.03657054901, 10.3446159363, 16.3693675995, 14.0996456146, 17.6395645142, 33.6878852844, 26.844909668, 28.7777328491, 42.009677887, 40.0788040161, 32.6771202087, 34.6932258606, 32.0756072998, 25.2534656525, 39.4296798706, 29.8991661072, 21.8810443878, 20.9979076385, 21.5893421173, 15.4530630112, 12.8271389008, 10.2116661072, 8.04519939423, 3.6658411026, 2.47553682327, 4.36313295364, 11.2317905426, 4.72816562653, 2.21504974365, 1.43766379356, 0.919761419296, 0.719684779644, 0.352028101683, 0.083705380559, 0.00294932583347]}, "spectral_strongpeak": {"dmean2": 0.88735896349, "median": 0.332200616598, "min": 0, "dvar2": 3.84744024277, "dvar": 1.48196005821, "dmean": 0.50005531311, "max": 25.2625732422, "var": 2.07571840286, "mean": 0.790125370026}, "spectral_energy": {"dmean2": 0.0222522448748, "median": 0.0276663042605, "min": 1.11754919955e-20, "dvar2": 0.00170835875906, "dvar": 0.000710995809641, "dmean": 0.0144406557083, "max": 0.384565353394, "var": 0.00136972952168, "mean": 0.0374545641243}, "average_loudness": 0.786567628384, "spectral_rolloff": {"dmean2": 1789.41369629, "median": 1205.859375, "min": 86.1328125, "dvar2": 11561666, "dvar": 4652114, "dmean": 1026.64562988, "max": 18863.0859375, "var": 10227909, "mean": 2345.10107422}, "spectral_centroid": {"dmean2": 402.903076172, "median": 1383.63134766, "min": 184.530944824, "dvar2": 228921.828125, "dvar": 99661.3125, "dmean": 252.732971191, "max": 11349.9658203, "var": 601511.5, "mean": 1523.53796387}, "pitch_salience": {"dmean2": 0.127088367939, "median": 0.506528735161, "min": 0.0720419585705, "dvar2": 0.0149874072522, "dvar": 0.00579068763182, "dmean": 0.0789838284254, "max": 0.900313973427, "var": 0.014918230474, "mean": 0.4946398139}, "spectral_energyband_middle_high": {"dmean2": 0.00307902530767, "median": 0.00411273306236, "min": 1.7834846034e-21, "dvar2": 2.01339098567e-05, "dvar": 8.20120749268e-06, "dmean": 0.00197542645037, "max": 0.0595688596368, "var": 5.92906653765e-05, "mean": 0.00657604681328}, "spectral_contrast_coeffs": {"dmean2": [0.0767493769526, 0.0674909353256, 0.0551953725517, 0.0524333417416, 0.0400452911854, 0.0343363434076], "median": [-0.678542375565, -0.720936059952, -0.748785972595, -0.7647767663, -0.762675523758, -0.760642528534], "min": [-0.963391661644, -0.964767456055, -0.962304532528, -0.959452152252, -0.958776175976, -0.95854562521], "dvar2": [0.00405588001013, 0.00296054873616, 0.00194148067385, 0.00192061753478, 0.00116490887012, 0.00106363662053], "dvar": [0.00151463248767, 0.00117075454909, 0.000804777781013, 0.000767486577388, 0.000479864305817, 0.000396575807827], "dmean": [0.0459373965859, 0.0416448153555, 0.0351368412375, 0.0323176085949, 0.0244813617319, 0.0204263180494], "max": [-0.424491196871, -0.390597701073, -0.420668244362, -0.511099994183, -0.508023142815, -0.576445698738], "var": [0.0049261758104, 0.00607378128916, 0.00757895456627, 0.00511695118621, 0.00433972338215, 0.00236337375827], "mean": [-0.677169561386, -0.720179438591, -0.740698456764, -0.757704675198, -0.759814023972, -0.761127829552]}, "melbands_skewness": {"dmean2": 1.39531290531, "median": 2.56341910362, "min": -1.46442627907, "dvar2": 3.02562689781, "dvar": 1.3077082634, "dmean": 0.918268322945, "max": 18.5756778717, "var": 4.67954301834, "mean": 3.03707337379}, "spectral_spread": {"dmean2": 1102993.625, "median": 4895937, "min": 1509634.125, "dvar2": 2119271448580.0, "dvar": 1108829929470.0, "dmean": 727177.75, "max": 40926176, "var": 6972187344900.0, "mean": 5591097}, "dissonance": {"dmean2": 0.0246514715254, "median": 0.473596721888, "min": 0.321256935596, "dvar2": 0.000556954822969, "dvar": 0.000209871432162, "dmean": 0.0147701976821, "max": 0.5, "var": 0.000554496829864, "mean": 0.468096375465}, "spectral_skewness": {"dmean2": 0.32462823391, "median": 1.65317833424, "min": -0.0422924906015, "dvar2": 0.117310866714, "dvar": 0.0460174567997, "dmean": 0.198600664735, "max": 3.80970644951, "var": 0.268106281757, "mean": 1.70654046535}, "spectral_flux": {"dmean2": 0.0431409366429, "median": 0.0768012553453, "min": 1.05714201282e-10, "dvar2": 0.0029821251519, "dvar": 0.0013526492985, "dmean": 0.0267962701619, "max": 0.513710260391, "var": 0.00363188446499, "mean": 0.0882499143481}, "spectral_contrast_valleys": {"dmean2": [0.630292654037, 0.56122982502, 0.503794252872, 0.492047667503, 0.398333340883, 0.457063764334], "median": [-6.72611808777, -6.69328737259, -7.41083335876, -7.65158462524, -7.60571861267, -10.2763729095], "min": [-27.5426158905, -27.1491680145, -28.0064868927, -27.1597766876, -27.2981548309, -27.2796535492], "dvar2": [0.271671384573, 0.246211856604, 0.218662276864, 0.251108288765, 0.193645820022, 0.436913520098], "dvar": [0.122109785676, 0.116978600621, 0.110527127981, 0.13718432188, 0.113342709839, 0.234119266272], "dmean": [0.380612522364, 0.350036859512, 0.320447146893, 0.336661249399, 0.273053497076, 0.321739584208], "max": [-4.9485669136, -4.79608678818, -5.70236110687, -5.60787630081, -5.7421708107, -7.22368097305], "var": [4.13357639313, 2.82513403893, 2.36202096939, 2.31600189209, 2.11327171326, 2.45149064064], "mean": [-7.18966531754, -7.05390453339, -7.7192735672, -7.91919469833, -7.88701486588, -10.3852901459]}, "erbbands_flatness_db": {"dmean2": 0.02447713539, "median": 0.114681974053, "min": 0.0198681429029, "dvar2": 0.0007171035395, "dvar": 0.000366197549738, "dmean": 0.0160047635436, "max": 0.296236813068, "var": 0.00242249947041, "mean": 0.119912803173}, "spectral_energyband_high": {"dmean2": 0.00153933314141, "median": 0.000596099242102, "min": 7.8508770147e-21, "dvar2": 1.44880796142e-05, "dvar": 6.68101392876e-06, "dmean": 0.000999111565761, "max": 0.0401688106358, "var": 1.21297862279e-05, "mean": 0.00194380187895}, "spectral_entropy": {"dmean2": 0.233108088374, "median": 7.57452392578, "min": 6.28462839127, "dvar2": 0.0764188617468, "dvar": 0.0351307839155, "dmean": 0.153977230191, "max": 9.78964710236, "var": 0.191573917866, "mean": 7.63007545471}, "silence_rate_20dB": {"dmean2": 0, "median": 1, "min": 1, "dvar2": 0, "dvar": 0, "dmean": 0, "max": 1, "var": 0, "mean": 1}, "melbands_flatness_db": {"dmean2": 0.0464607924223, "median": 0.204309910536, "min": 0.00545357819647, "dvar2": 0.00215324875899, "dvar": 0.000932673399802, "dmean": 0.0299242660403, "max": 0.492958009243, "var": 0.00352519750595, "mean": 0.204407408834}, "barkbands": {"dmean2": [0.0005892868503, 0.0173853561282, 0.00591607950628, 0.00116254959721, 0.00237011280842, 0.00101425568573, 0.000719510309864, 0.000661220634356, 0.000572700926568, 0.000703320431057, 0.000451344909379, 0.000629528716672, 0.000757452158723, 0.000711727596354, 0.000770387938246, 0.000512882717885, 0.000501045433339, 0.000408962718211, 0.000353894633008, 0.0002353550517, 0.000284951354843, 0.0001263920567, 0.000127014034661, 0.000455548695754, 0.000198116365937, 0.000303970475215, 0.000268655887339], "median": [0.000184823918971, 0.00563649507239, 0.0017445954727, 0.000806911382824, 0.00157437368762, 0.00114621792454, 0.000428579456639, 0.000352739647496, 0.000455313303974, 0.000253499951214, 0.000140852906043, 0.000181481329491, 0.00026480446104, 0.000244260270847, 0.000330910668708, 0.000231797312154, 0.000234333187109, 0.00018662592629, 0.00017644847685, 0.000133660651045, 9.35115094762e-05, 3.03652232105e-05, 2.36540163314e-05, 2.89611271e-05, 3.84595659852e-05, 4.25871439802e-05, 2.8023869163e-05], "min": [1.00913485133e-23, 1.50773927741e-23, 1.34512680363e-23, 8.74803514312e-24, 6.52401537025e-23, 5.49345190129e-23, 9.84853207797e-23, 1.12507001515e-22, 1.13866328761e-22, 6.47575601552e-23, 1.08774136955e-22, 1.18231493736e-22, 1.35477621333e-22, 1.19406883863e-22, 2.93615896946e-22, 1.61015547946e-22, 2.04539995448e-22, 1.34988426597e-22, 2.9647205305e-22, 3.47005069e-22, 6.70941068341e-22, 5.1546610074e-22, 6.75307646954e-22, 8.15442210822e-22, 1.20679784771e-21, 1.7657038553e-21, 2.29361391497e-21], "dvar2": [9.25937058582e-07, 0.00136755593121, 0.000173922133399, 4.79630125483e-06, 3.107633529e-05, 2.05090145755e-06, 1.549394824e-06, 1.56354349201e-06, 9.32820228172e-07, 3.08923858938e-06, 8.56828933138e-07, 2.05121523322e-06, 2.97424048767e-06, 2.08818187275e-06, 1.98067641577e-06, 9.23836125821e-07, 1.51443100549e-06, 7.61989269904e-07, 5.28243162989e-07, 2.74900656905e-07, 4.97805558552e-07, 1.1071500694e-07, 1.39329031867e-07, 1.7540215822e-06, 4.01787758619e-07, 6.71080272241e-07, 4.84347935981e-07], "dvar": [3.58705364079e-07, 0.000502852955833, 7.41613766877e-05, 1.73982994056e-06, 1.22943392853e-05, 9.5262225841e-07, 6.67717927172e-07, 7.96396477654e-07, 4.97978305702e-07, 1.44836167237e-06, 4.21975983045e-07, 8.39521931084e-07, 1.19386345432e-06, 7.4263488159e-07, 6.77923594594e-07, 3.73858853209e-07, 5.4526645954e-07, 2.56138520172e-07, 1.76401897534e-07, 9.69518794136e-08, 1.89556047303e-07, 4.08494571502e-08, 5.28076711248e-08, 8.22129777589e-07, 1.64692337989e-07, 3.15917532134e-07, 2.22408928607e-07], "dmean": [0.000365124316886, 0.0105008287355, 0.00365401175804, 0.000704983307514, 0.0014332580613, 0.000711146451067, 0.000472414947581, 0.000459812785266, 0.000415842107031, 0.000479069713037, 0.000303151377011, 0.000387386360671, 0.000471822480904, 0.000423610850703, 0.000453459535493, 0.000316957681207, 0.000295497389743, 0.000238579246798, 0.000206062410143, 0.00013826295617, 0.000167576421518, 7.29383755242e-05, 7.42862393963e-05, 0.000288893206744, 0.000119114032714, 0.00020362820942, 0.000182904637768], "max": [0.00636642146856, 0.306316316128, 0.146750435233, 0.0351683944464, 0.0612605921924, 0.0248647909611, 0.0239589586854, 0.0613384246826, 0.0244371816516, 0.0292577780783, 0.021112697199, 0.0350098274648, 0.0300880819559, 0.0152816120535, 0.0131741855294, 0.0107862930745, 0.021507980302, 0.0100870653987, 0.0113349137828, 0.00556358415633, 0.0069088046439, 0.0032815777231, 0.00420412700623, 0.0180045031011, 0.00977334659547, 0.00672887731344, 0.00568926194683], "var": [5.06887943175e-07, 0.000544196751434, 9.06785207917e-05, 7.53001449993e-06, 1.51667536556e-05, 5.2328982747e-06, 2.31152034758e-06, 1.26257773445e-05, 3.78541471946e-06, 6.55815256323e-06, 3.05806474898e-06, 9.96242397378e-06, 2.1112491595e-06, 1.02184594652e-06, 9.31754414069e-07, 6.66013136197e-07, 9.42145732097e-07, 4.32089024116e-07, 3.11182219548e-07, 1.40989669717e-07, 1.97331885943e-07, 3.92050409914e-08, 9.06592418914e-08, 1.48884532791e-06, 2.9350937325e-07, 4.59866868141e-07, 6.28363522992e-07], "mean": [0.000479563517729, 0.0136691471562, 0.00492204446346, 0.00172860966995, 0.00258547114208, 0.00193833466619, 0.000959012191743, 0.00133538956288, 0.00117542163935, 0.00115628622007, 0.000734867120627, 0.000990233151242, 0.000719972944353, 0.000572186894715, 0.000650722824503, 0.000503974442836, 0.000479993468616, 0.000391001638491, 0.000361890590284, 0.00024273469171, 0.000250325130764, 9.12156319828e-05, 0.000118290576211, 0.000435883848695, 0.000227608616115, 0.000310776842525, 0.000423662859248]}, "erbbands_skewness": {"dmean2": 0.520007431507, "median": 0.044557094574, "min": -4.22734451294, "dvar2": 0.289572715759, "dvar": 0.122555911541, "dmean": 0.333628475666, "max": 3.05254721642, "var": 0.596682906151, "mean": 0.0589095316827}, "erbbands_spread": {"dmean2": 14.3575286865, "median": 38.3884353638, "min": 5.19656562805, "dvar2": 292.383239746, "dvar": 140.018844604, "dmean": 9.44024753571, "max": 196.945571899, "var": 674.866638184, "mean": 45.1163482666}, "melbands_kurtosis": {"dmean2": 17.7094230652, "median": 8.08873653412, "min": -1.78564810753, "dvar2": 1669.56164551, "dvar": 673.384277344, "dmean": 11.1082677841, "max": 626.091918945, "var": 1151.83227539, "mean": 18.1327095032}, "melbands": {"dmean2": [0.00431011803448, 0.00458111567423, 0.000712005072273, 0.000584282039199, 0.000244240130996, 0.000192831153981, 0.000145222104038, 0.000138584247907, 0.000114866277727