{"tonal": {"thpcp": [1, 0.590020775795, 0.18662878871, 0.155139058828, 0.120071828365, 0.19352760911, 0.343055099249, 0.350623846054, 0.495390832424, 0.60969132185, 0.352207183838, 0.224850580096, 0.267956227064, 0.21186812222, 0.369973152876, 0.527852654457, 0.312920361757, 0.118785500526, 0.115481629968, 0.192036941648, 0.588816404343, 0.824618935585, 0.469993025064, 0.314891427755, 0.389311820269, 0.240489408374, 0.204175949097, 0.276535153389, 0.224189892411, 0.36175173521, 0.509716868401, 0.300606459379, 0.177959576249, 0.237273514271, 0.236703634262, 0.633987367153], "hpcp": {"dmean2": [0.212627887726, 0.188349157572, 0.14890435338, 0.132765263319, 0.113324359059, 0.109557367861, 0.122260808945, 0.115417003632, 0.141301184893, 0.155159786344, 0.125972360373, 0.0944884493947, 0.10188575834, 0.118008725345, 0.204655334353, 0.211842745543, 0.192591845989, 0.110372841358, 0.0769123136997, 0.0660092309117, 0.0871790125966, 0.124971881509, 0.147973909974, 0.170917034149, 0.173977807164, 0.144702449441, 0.112315692008, 0.105434440076, 0.111995726824, 0.151747733355, 0.158837810159, 0.123942963779, 0.0704875811934, 0.0773116350174, 0.124459192157, 0.189863622189], "median": [0.0980828255415, 0.0678847134113, 0.0193843953311, 0.0118208453059, 0.0115303806961, 0.0140741830692, 0.0126315355301, 0.0174528695643, 0.0250637773424, 0.0271057374775, 0.0223332308233, 0.0131445834413, 0.00932045653462, 0.0203749127686, 0.102447405457, 0.15504938364, 0.0846946239471, 0.0127676595002, 0.00347163318656, 0.00482665281743, 0.0161227621138, 0.0220778509974, 0.0295163355768, 0.0355478972197, 0.0340070128441, 0.0305344425142, 0.021479588002, 0.0141383185983, 0.0156950764358, 0.0286048687994, 0.0305612720549, 0.0173073709011, 0.00580123299733, 0.00426280265674, 0.0121329594404, 0.0649039298296], "min": [0, 0, 0, 0, 0, 0, 0, 0, 0, 0, 0, 0, 0, 0, 0, 0, 0, 0, 0, 0, 0, 0, 0, 0, 0, 0, 0, 0, 0, 0, 0, 0, 0, 0, 0, 0], "dvar2": [0.0920718163252, 0.0751773267984, 0.0666828900576, 0.0640236958861, 0.0465991608799, 0.046292476356, 0.0565366968513, 0.0431382767856, 0.0632132813334, 0.0750176236033, 0.0500374101102, 0.0353573970497, 0.0462975651026, 0.0427237041295, 0.0736087560654, 0.0874772593379, 0.0698772445321, 0.0408385060728, 0.0338592939079, 0.0264199748635, 0.0290937684476, 0.0529202744365, 0.0584106259048, 0.0717967152596, 0.0776414871216, 0.0537037551403, 0.0441633015871, 0.0435695424676, 0.0499590374529, 0.0679585039616, 0.0706422403455, 0.0574703067541, 0.0330763719976, 0.041239194572, 0.0648896321654, 0.0805046334863], "dvar": [0.0389319621027, 0.0278569553047, 0.0247115362436, 0.0261218938977, 0.0176172815263, 0.0165234226733, 0.0219885930419, 0.0162277277559, 0.0236186869442, 0.0313987359405, 0.0193106364459, 0.013127438724, 0.0185836944729, 0.0161307267845, 0.0282089225948, 0.0386652871966, 0.0267536770552, 0.0147067327052, 0.0137486970052, 0.0101488754153, 0.0110732326284, 0.0216393116862, 0.0225341748446, 0.0275863166898, 0.0319014079869, 0.0206152629107, 0.0161919053644, 0.0175498519093, 0.0180735588074, 0.0254213549197, 0.0299676395953, 0.0216429680586, 0.0118329040706, 0.0149949239567, 0.0230555310845, 0.03069056198], "dmean": [0.127656787634, 0.111704088748, 0.0866114869714, 0.0790213271976, 0.0661642923951, 0.0629549920559, 0.0719906166196, 0.0675999224186, 0.0837577357888, 0.0936278626323, 0.0756359100342, 0.0542888082564, 0.0592224039137, 0.0689653083682, 0.122907161713, 0.12807109952, 0.1167261675, 0.0630113184452, 0.0446868650615, 0.0384668000042, 0.0515833348036, 0.0752802044153, 0.0881764143705, 0.102302588522, 0.103955768049, 0.085809879005, 0.0654242783785, 0.0628379955888, 0.0651231557131, 0.0895292982459, 0.0972136110067, 0.074378170073, 0.04033511132, 0.0433732308447, 0.0708296597004, 0.114203117788], "max": [1, 1, 1, 1, 1, 1, 1, 1, 1, 1, 1, 1, 1, 1, 1, 1, 1, 1, 1, 1, 1, 1, 1, 1, 1, 1, 1, 1, 1, 1, 1, 1, 1, 1, 1, 1], "var": [0.132317587733, 0.0474853999913, 0.0437751859426, 0.0746571570635, 0.0306995362043, 0.0229303464293, 0.0444134511054, 0.0227455366403, 0.0522163696587, 0.0940684601665, 0.0348301529884, 0.0198715087026, 0.0423227474093, 0.025905136019, 0.0706694498658, 0.155602782965, 0.0668054968119, 0.0187526121736, 0.0269939247519, 0.0147938597947, 0.0182694625109, 0.0570683442056, 0.0443950481713, 0.0746741518378, 0.110019035637, 0.0418362990022, 0.0242203176022, 0.0425994955003, 0.0238177943975, 0.0497802942991, 0.0946877226233, 0.0428417362273, 0.0151916770265, 0.0162264090031, 0.0228610951453, 0.0799540951848], "mean": [0.29654031992, 0.169013679028, 0.113237768412, 0.140000000596, 0.0864821374416, 0.0734234899282, 0.0994445085526, 0.0806206837296, 0.130089148879, 0.18329872191, 0.108100764453, 0.0639958530664, 0.0853256732225, 0.0851207375526, 0.227987512946, 0.359608918428, 0.212176725268, 0.0671133771539, 0.0557893887162, 0.0431789010763, 0.0695942565799, 0.123365677893, 0.126087456942, 0.178146958351, 0.219250440598, 0.126656845212, 0.0808582752943, 0.0963594466448, 0.0761896669865, 0.133045643568, 0.18982052803, 0.112528949976, 0.0427163243294, 0.0415282249451, 0.0690581947565, 0.211743623018]}, "tuning_equal_tempered_deviation": 0, "chords_changes_rate": 0.0536480695009, "key_key": "D", "tuning_diatonic_strength": 0.492442160845, "key_scale": "minor", "chords_number_rate": 0.00176723045297, "tuning_frequency": 441.782684326, "tuning_nontempered_energy_ratio": 0.668658137321, "chords_histogram": [16.8265590668, 14.9583435059, 2.03231501579, 3.37036108971, 2.43625354767, 7.27089118958, 4.14036846161, 18.0257511139, 1.28755366802, 3.44609951973, 0.429184556007, 0.820499897003, 0, 0.176723048091, 0, 0.138853818178, 1.83034586906, 0.0631153732538, 0.946730613708, 0, 2.49936890602, 0.403938412666, 6.84170675278, 12.0550365448], "key_strength": 0.735098302364, "chords_key": "D", "chords_strength": {"dmean2": 0.00718464655802, "median": 0.552735209465, "min": 0.132614433765, "dvar2": 4.86037934024e-05, "dvar": 5.69452349737e-05, "dmean": 0.00910193752497, "max": 0.792277932167, "var": 0.010589748621, "mean": 0.545784831047}, "chords_scale": "major", "hpcp_entropy": {"dmean2": 0.969452440739, "median": 1.64934563637, "min": 0, "dvar2": 0.652877151966, "dvar": 0.24068634212, "dmean": 0.578158020973, "max": 4.52621746063, "var": 0.51985347271, "mean": 1.62536108494}}, "metadata": {"audio_properties": {"equal_loudness": 0, "codec": "flac", "downmix": "mix", "sample_rate": 44100, "analysis_sample_rate": 44100, "bit_rate": 0, "md5_encoded": "88f8eee0ded3dca0cb77e3d1ae25a73d", "length": 367.826660156, "replay_gain": -8.44229507446, "lossless": true}, "version": {"essentia_build_sha": "2d9f1f26377add8aeb1075a9c2973f962c4f09fd", "essentia": "2.1-beta2", "extractor": "music 1.0", "essentia_git_sha": "v2.1_beta2-1-ge3940c0"}, "tags": {"title": ["Symphony no. 1 in B-flat major, op. 38 \"Spring\": III. Scherzo (Molto vivace) - Trio I - Trio II"], "barcode": ["5099940430928"], "media": ["CD"], "albumartist": ["Berlioz, Dvo\u0159\u00e1k, Franck, Mendelssohn, Schubert, Schumann, J.S. Straus II, Tchaikovsky, Weber; Philharmonia Orchestra, New Philharmonia Orchestra, Otto Klemperer"], "albumartistsort": ["Berlioz, Hector, Dvo\u0159\u00e1k, Anton\u00edn, Franck, C\u00e9sar, Mendelssohn, Felix, Schubert, Franz, Schumann, Robert, Strauss, Johann, II, Tchaikovsky, Pyotr Ilyich, Weber, Carl Maria von; Philharmonia Orchestra, Philharmonia Orchestra, Klemperer, Otto"], "tracktotal": ["8"], "language": ["zxx"], "performer": ["Philharmonia Orchestra (orchestra)"], "releasetype": ["album", "compilation"], "musicbrainz_recordingid": ["6948e3ac-0fd2-46ec-b75d-1713930a7f6e"], "composer": ["Robert Schumann"], "musicbrainz_releasegroupid": ["d75baa2b-cd39-4e85-838e-577ee565c641"], "musicbrainz_albumartistid": ["274774a7-1cde-486a-bc3d-375ec54d552d", "819eaeb2-8dd8-48a5-ad07-0bcd137985ef", "69802473-e361-4e15-bbd8-53fe83cd1587", "0e85eb79-1c05-44ba-827c-7b259a3d941a", "f91e3a88-24ee-4563-8963-fab73d2765ed", "3cd3882c-00f8-4362-a0c2-ad89ed248533", "8255db36-4902-4cf6-8612-0f2b4288bc9a", "9ddd7abc-9e1b-471d-8031-583bc6bc8be9", "c2d17829-1424-435b-9386-c77d3a920abe", "5610302e-bfd9-421c-80e2-03d790a0f5e5", "5610302e-bfd9-421c-80e2-03d790a0f5e5", "d47261e7-cb6d-4bb3-8e31-4a21824a31fa"], "originalyear": ["2012"], "producer": ["Peter Andry"], "discnumber": ["4"], "composersort": ["Schumann, Robert"], "catalognumber": ["50999 4 04309 2 8"], "tracknumber": ["3"], "releasecountry": ["XE"], "file_name": "CD4 03 Symphony no. 1 in B-flat major, op. 38 _Spring__ III. Scherzo (Molto vivace) - Trio I - Trio II.flac", "originaldate": ["2012-10"], "work": ["Symphonie Nr. 1 B-Dur, op. 38 \"Fr\u00fchlings\": III. Scherzo: Molto vivace"], "date": ["2012-10"], "genre": ["Classical"], "musicbrainz_albumid": ["f52daa84-4df6-40d4-a168-04b3dfecd3d9"], "disctotal": ["10"], "acoustid_id": ["07c05951-dd99-475f-a199-95177754ac7e"], "releasestatus": ["official"], "musicbrainz_artistid": ["3cd3882c-00f8-4362-a0c2-ad89ed248533"], "asin": ["B008YKRRIQ"], "musicbrainz_workid": ["907b2bcf-7de5-3d1b-8d80-b03055850d42"], "musicbrainz_releasetrackid": ["b3ed3334-14fc-4d81-84dd-d11b41a4ded9"], "artist": ["Robert Schumann"], "totaltracks": ["8"], "artistsort": ["Schumann, Robert"], "album": ["Romantic Symphonies & Overtures"], "label": ["EMI Classics"], "isrc": ["GBAYC6500027"], "totaldiscs": ["10"], "script": ["Latn"], "conductor": ["Otto Klemperer"]}}, "rhythm": {"bpm_histogram_first_peak_bpm": {"dmean2": 0, "median": 110, "min": 110, "dvar2": 0, "dvar": 0, "dmean": 0, "max": 110, "var": 0, "mean": 110}, "bpm": 110.187828064, "bpm_histogram_second_peak_spread": {"dmean2": 0, "median": 0.325842738152, "min": 0.325842738152, "dvar2": 0, "dvar": 0, "dmean": 0, "max": 0.325842738152, "var": 0, "mean": 0.325842738152}, "bpm_histogram_first_peak_weight": {"dmean2": 0, "median": 0.146017700434, "min": 0.146017700434, "dvar2": 0, "dvar": 0, "dmean": 0, "max": 0.146017700434, "var": 0, "mean": 0.146017700434}, "onset_rate": 2.16127204895, "beats_position": [0.545668900013, 1.10294783115, 1.67183673382, 2.22911548615, 2.7863945961, 3.35528349876, 3.92417216301, 4.5046710968, 5.08516979218, 5.66566896439, 6.25777769089, 6.84988641739, 7.4303855896, 8.01088428497, 8.59138298035, 9.16027164459, 9.72916126251, 10.3096599579, 10.8901586533, 11.4590473175, 12.0395460129, 12.6084346771, 13.1889343262, 13.7810430527, 14.3847618103, 15.0000905991, 15.6154193878, 16.2191371918, 16.8112468719, 17.4033565521, 17.995464325, 18.5875740051, 19.179681778, 19.7717914581, 20.363899231, 20.94439888, 21.5248966217, 22.1053962708, 22.6858959198, 23.2663936615, 23.8468933105, 24.4273910522, 25.0078907013, 25.5883903503, 26.168888092, 26.73777771, 27.3182754517, 27.8987751007, 28.4560546875, 29.0133323669, 29.5590019226, 30.1394996643, 30.7316093445, 31.3237190247, 31.9158267975, 32.5079345703, 33.111656189, 33.7269821167, 34.3423118591, 34.9460296631, 35.5497512817, 36.1534690857, 36.7571868896, 37.3609046936, 37.9646263123, 38.5683441162, 39.1836738586, 39.7989997864, 40.4375495911, 41.0760993958, 41.703037262, 42.3299751282, 42.9569168091, 43.5490226746, 44.1411323547, 44.7216300964, 45.3137397766, 45.9058494568, 46.497959137, 47.0900688171, 47.6937866211, 48.2858963013, 48.8780021667, 49.4701118469, 50.0738296509, 50.6659393311, 51.2580490112, 51.8385467529, 52.4306564331, 53.0227661133, 53.6148757935, 54.2069816589, 54.7874832153, 55.3795890808, 55.9833106995, 56.5986366272, 57.2139663696, 57.8292961121, 58.433013916, 59.03673172, 59.6288414001, 60.2209510803, 60.8130607605, 61.4051704407, 61.9972763062, 62.6009979248, 63.2047157288, 63.8084335327, 64.4005432129, 65.0042648315, 65.6195907593, 66.2233123779, 66.8386383057, 67.4539642334, 68.0692977905, 68.6846237183, 69.299949646, 69.9152832031, 70.5306091309, 71.145942688, 71.7612686157, 72.3765945435, 72.9803161621, 73.5840377808, 74.18775177, 74.7682495117, 75.3487548828, 75.9292526245, 76.5097503662, 77.0902481079, 77.6707458496, 78.2512435913, 78.8433532715, 79.4354629517, 80.0275726318, 80.619682312, 81.2233963013, 81.8039016724, 82.3960113525, 82.9881134033, 83.5686187744, 84.1491165161, 84.7528305054, 85.356552124, 85.9718780518, 86.5872116089, 87.2025375366, 87.7830352783, 88.3751449585, 88.9556427002, 89.5477523804, 90.1398620605, 90.7087478638, 91.2776412964, 91.8465270996, 92.4038085938, 92.972694397, 93.5299758911, 94.0872573853, 94.64453125, 95.2018127441, 95.7590942383, 96.316368103, 96.8968658447, 97.4773712158, 98.0578689575, 98.6035385132, 99.1492080688, 99.6948699951, 100.240539551, 100.786209106, 101.331878662, 101.865936279, 102.400001526, 102.934059143, 103.46811676, 104.002174377, 104.547843933, 105.08190155, 105.627571106, 106.173240662, 106.730522156, 107.276191711, 107.833465576, 108.379135132, 108.924804688, 109.470474243, 110.016143799, 110.561813354, 111.095870972, 111.629928589, 112.163986206, 112.709655762, 113.255325317, 113.789382935, 114.33505249, 114.869110107, 115.403175354, 115.925621033, 116.448066711, 116.97052002, 117.492965698, 118.015419006, 118.537864685, 119.060317993, 119.582763672, 120.10521698, 120.61605072, 121.12689209, 121.637733459, 122.1485672, 122.671020508, 123.193466187, 123.727523804, 124.261581421, 124.784034729, 125.318092346, 125.840545654, 126.362991333, 126.89704895, 127.431106567, 127.965164185, 128.487609863, 129.010070801, 129.474472046, 129.938858032, 130.403259277, 130.960540771, 131.506210327, 132.051879883, 132.609161377, 133.154830933, 133.700500488, 134.257781982, 134.815048218, 135.372329712, 135.929611206, 136.4868927, 137.032562256, 137.578231812, 138.123901367, 138.657958984, 139.192016602, 139.702850342, 140.225296021, 140.73614502, 141.24697876, 141.769424438, 142.291885376, 142.814331055, 143.336776733, 143.870834351, 144.393280029, 144.915740967, 145.426574707, 145.937408447, 146.448257446, 146.959091187, 147.469924927, 147.992385864, 148.514831543, 149.106933594, 149.699050903, 150.256317139, 150.813598633, 151.359268188, 151.904937744, 152.4506073, 152.996276855, 153.530334473, 154.06439209, 154.610061646, 155.155731201, 155.701400757, 156.247070313, 156.792739868, 157.338409424, 157.872467041, 158.406524658, 158.928970337, 159.451431274, 159.973876953, 160.496322632, 161.018768311, 161.541213989, 162.052062988, 162.574508667, 163.096954346, 163.619400024, 164.130249023, 164.652694702, 165.163528442, 165.674377441, 166.185211182, 166.719268799, 167.241714478, 167.775772095, 168.298233032, 168.820678711, 169.34312439, 169.865570068, 170.388031006, 170.910476685, 171.432922363, 171.96697998, 172.477813721, 172.98866272, 173.49949646, 174.068389893, 174.637283325, 175.206161499, 175.775054932, 176.332336426, 176.9012146, 177.458496094, 178.004165649, 178.561447144, 179.118728638, 179.676010132, 180.210067749, 180.744125366, 181.278182983, 181.812240601, 182.346298218, 182.880355835, 183.414413452, 183.93687439, 184.459320068, 184.993377686, 185.527435303, 186.06149292, 186.595550537, 187.129608154, 187.663665771, 188.197723389, 188.731781006, 189.254241943, 189.776687622, 190.310745239, 190.856414795, 191.390472412, 192.00579834, 192.609527588, 193.1900177, 193.758911133, 194.316192627, 194.873458862, 195.430740356, 195.999633789, 196.568527222, 197.125808716, 197.69468689, 198.263580322, 198.832473755, 199.401351929, 199.970245361, 200.550750732, 201.108016968, 201.653686523, 202.210968018, 202.77986145, 203.337142944, 203.8828125, 204.428482056, 204.985748291, 205.543029785, 206.100311279, 206.68081665, 207.261306763, 207.841812134, 208.46875, 209.095687866, 209.687789917, 210.291519165, 210.883621216, 211.475738525, 212.067840576, 212.648345947, 213.22883606, 213.809341431, 214.366622925, 214.92388916, 215.492782593, 216.050064087, 216.607345581, 217.176239014, 217.745117188, 218.31401062, 218.894515991, 219.463394165, 220.032287598, 220.60118103, 221.170059204, 221.738952637, 222.319458008, 222.888336182, 223.434005737, 223.991287231, 224.548568726, 225.10585022, 225.663131714, 226.232009888, 226.789291382, 227.358184814, 227.90385437, 228.449523926, 229.0184021, 229.587295532, 230.144577026, 230.713470459, 231.270736694, 231.839630127, 232.40852356, 232.977416992, 233.557907104, 234.138412476, 234.718902588, 235.287796021, 235.856689453, 236.425567627, 236.982849121, 237.540130615, 238.097412109, 238.654693604, 239.211975098, 239.769241333, 240.326522827, 240.883804321, 241.441085815, 241.99836731, 242.544036865, 243.089706421, 243.646972656, 244.181045532, 244.726715088, 245.272369385, 245.81803894, 246.363708496, 246.897766113, 247.443435669, 247.989105225, 248.53477478, 249.080444336, 249.626113892, 250.195007324, 250.763900757, 251.309570313, 251.855239868, 252.400909424, 252.946563721, 253.492233276, 254.037902832, 254.583572388, 255.129241943, 255.674911499, 256.220581055, 256.766265869, 257.300323486, 257.834381104, 258.368438721, 258.902496338, 259.424926758, 259.947387695, 260.469848633, 260.992279053, 261.52633667, 262.060394287, 262.594451904, 263.128509521, 263.662567139, 264.196624756, 264.730712891, 265.264770508, 265.822021484, 266.379302979, 266.924987793, 267.47064209, 268.004699707, 268.538757324, 269.072814941, 269.606903076, 270.140960693, 270.68661499, 271.220672607, 271.766357422, 272.312011719, 272.857696533, 273.40335083, 273.949005127, 274.483093262, 275.017150879, 275.551208496, 276.085266113, 276.61932373, 277.153381348, 277.687438965, 278.209869385, 278.743927002, 279.277984619, 279.800445557, 280.334503174, 280.868560791, 281.391021729, 281.913452148, 282.435913086, 282.958374023, 283.480804443, 284.014862061, 284.560546875, 285.094604492, 285.628662109, 286.162719727, 286.696777344, 287.242431641, 287.776489258, 288.322174072, 288.856231689, 289.390289307, 289.924346924, 290.458404541, 291.004089355, 291.549743652, 292.08380127, 292.617858887, 293.151916504, 293.685974121, 294.231658936, 294.777313232, 295.322998047, 295.868652344, 296.425933838, 296.971618652, 297.517272949, 298.062927246, 298.62020874, 299.189117432, 299.757995605, 300.326873779, 300.895782471, 301.464660645, 302.033569336, 302.60244751, 303.159729004, 303.717010498, 304.274291992, 304.831573486, 305.388824463, 305.946105957, 306.491790771, 307.037445068, 307.583129883, 308.12878418, 308.686065674, 309.231750488, 309.777404785, 310.3230896, 310.868743896, 311.414428711, 311.960083008, 312.447692871, 312.935333252, 313.422943115, 313.910552979, 314.398193359, 314.885803223, 315.361816406, 315.83782959, 316.313812256, 316.789825439, 317.265838623, 317.741851807, 318.22946167, 318.717102051, 319.193115234, 319.6690979, 320.156738281, 320.644348145, 321.201629639, 321.747283936, 322.29296875, 322.850250244, 323.395904541, 323.953186035, 324.464019775, 324.974884033, 325.497314453, 326.019775391, 326.530609131, 327.041442871, 327.552276611, 328.063110352, 328.539123535, 329.015136719, 329.491149902, 329.967163086, 330.44317627, 330.919189453, 331.395172119, 331.871185303, 332.347198486, 332.81161499, 333.32244873, 333.833282471, 334.344116211, 334.843353271, 335.342590332, 335.841796875, 336.341033936, 336.840270996, 337.339508057, 337.82711792, 338.32635498, 338.813964844, 339.231933594, 339.649871826, 340.067840576, 340.485809326, 340.892150879, 341.298492432, 341.704833984, 342.111206055, 342.517547607, 342.92388916, 343.34185791, 343.75982666, 344.18939209, 344.61895752, 345.060119629, 345.501312256, 345.930877686, 346.360443115, 346.778411865, 347.207977295, 347.637542725, 348.067108154, 348.496673584, 348.926239014, 349.355834961, 349.79699707, 350.238189697, 350.714202881, 351.178588867, 351.642974854, 352.107391357, 352.548553467, 353.001342773, 353.45413208, 353.941772461, 354.429382324, 354.916992188, 355.381408691, 355.845794678, 356.310211182, 356.716552734, 357.122894287, 357.52923584, 357.94720459, 358.353546143, 358.759887695, 359.166259766, 359.584197998, 360.002166748, 360.420135498, 360.83807373, 361.267669678, 361.697235107, 362.11517334, 362.53314209, 362.927886963, 363.334228516, 363.740570068, 364.158538818, 364.576507568, 364.994445801, 365.412414551, 365.830383301, 366.248352051, 366.666290283, 367.084259033], "beats_loudness": {"dmean2": 0.0179811324924, "median": 0.00812686700374, "min": 2.42008724172e-07, "dvar2": 0.000505680800416, "dvar": 0.000184029850061, "dmean": 0.0107471747324, "max": 0.100488469005, "var": 0.000546561845113, "mean": 0.0201021973044}, "danceability": 0.851251006126, "bpm_histogram_second_peak_weight": {"dmean2": 0, "median": 0.0884955748916, "min": 0.0884955748916, "dvar2": 0, "dvar": 0, "dmean": 0, "max": 0.0884955748916, "var": 0, "mean": 0.0884955748916}, "beats_count": 679, "bpm_histogram_second_peak_bpm": {"dmean2": 0, "median": 115, "min": 115, "dvar2": 0, "dvar": 0, "dmean": 0, "max": 115, "var": 0, "mean": 115}, "bpm_histogram_first_peak_spread": {"dmean2": 0, "median": 0.623574137688, "min": 0.623574137688, "dvar2": 0, "dvar": 0, "dmean": 0, "max": 0.623574137688, "var": 0, "mean": 0.623574137688}, "beats_loudness_band_ratio": {"dmean2": [0.306937068701, 0.297649651766, 0.313170611858, 0.223135173321, 0.0758062824607, 0.0144207375124], "median": [0.189416259527, 0.238454222679, 0.283520072699, 0.099367082119, 0.0298718232661, 0.00395427737385], "min": [8.26986943139e-05, 0.000112320463813, 0.00459430832416, 0.00112384010572, 6.00509847573e-05, 3.15628421959e-05], "dvar2": [0.0764674469829, 0.0590624846518, 0.0564578399062, 0.0635656565428, 0.0199468135834, 0.000844454218168], "dvar": [0.0296797901392, 0.0215738341212, 0.0209695287049, 0.0268133357167, 0.00692871259525, 0.000328879366862], "dmean": [0.176412090659, 0.176929473877, 0.184140101075, 0.128188669682, 0.0429057814181, 0.00820473209023], "max": [0.985154688358, 0.943252682686, 0.887753367424, 0.993093669415, 0.788571119308, 0.288103550673], "var": [0.0452667102218, 0.0362892486155, 0.0369035080075, 0.0313514135778, 0.00537644606084, 0.000788465258665], "mean": [0.236363247037, 0.278768420219, 0.311797440052, 0.16027957201, 0.0488678626716, 0.0110178021714]}}, "lowlevel": {"barkbands_spread": {"dmean2": 3.8746380806, "median": 10.0683307648, "min": 0.177034541965, "dvar2": 36.6700057983, "dvar": 12.4245986938, "dmean": 2.49436426163, "max": 105.386032104, "var": 92.2825088501, "mean": 11.5955591202}, "melbands_spread": {"dmean2": 5.02013301849, "median": 12.7383623123, "min": 0.44543081522, "dvar2": 33.1287841797, "dvar": 13.9070882797, "dmean": 3.27791595459, "max": 88.9915847778, "var": 65.5634765625, "mean": 14.0078706741}, "hfc": {"dmean2": 3.15387606621, "median": 3.50407505035, "min": 0.000438479764853, "dvar2": 31.8215446472, "dvar": 17.2150993347, "dmean": 2.35058283806, "max": 100.061141968, "var": 175.988601685, "mean": 9.73723983765}, "barkbands_kurtosis": {"dmean2": 3.32546687126, "median": 2.06471800804, "min": -1.80603575706, "dvar2": 35.9385414124, "dvar": 16.9974746704, "dmean": 2.18807554245, "max": 212.244567871, "var": 87.3637313843, "mean": 4.29772567749}, "gfcc": {"mean": [-131.262359619, 143.840362549, -130.864044189, -0.105995044112, -54.3492126465, -8.29055023193, -35.2092590332, -4.0255074501, -17.1845531464, -3.14032173157, -8.35104751587, -6.65144538879, -10.3772315979], "icov": [[0.000635966775008, -0.00135111820418, 0.00129916018341, -0.00177695974708, 0.00225108093582, -0.00226749130525, 0.00182873453014, -0.00104778050445, 0.000591248041019, -0.000306576141156, 0.000218731089262, 0.00014965122682, 0.000573841796722], [-0.00135111820418, 0.00452524330467, -0.00286169955507, 0.00406486634165, -0.00584098976105, 0.00556048098952, -0.00466547068208, 0.00338309956715, -0.00322932354175, 0.00365942157805, -0.00334381265566, 0.00300100864843, -0.00225711194798], [0.00129916018341, -0.00286169955507, 0.0037142415531, -0.00366462324746, 0.0038736409042, -0.00467223953456, 0.00383653608151, -0.00225995434448, 0.00141323846765, -0.00113760773093, 0.00186517229304, -0.000914397533052, 0.00149665388744], [-0.00177695974708, 0.00406486634165, -0.00366462324746, 0.00780662894249, -0.00730232801288, 0.00466135703027, -0.00410738121718, 0.00110427371692, -0.00208010221832, 0.00314999930561, -0.00155907066073, 0.00230473326519, -0.00251281168312], [0.00225108093582, -0.00584098976105, 0.0038736409042, -0.00730232801288, 0.0148209156469, -0.00968438386917, 0.00320749240927, -0.0017638488207, 0.00113102281466, -0.00303112552501, 0.00218222988769, -0.00200126320124, 0.0024934692774], [-0.00226749130525, 0.00556048098952, -0.00467223953456, 0.00466135703027, -0.00968438386917, 0.0165729299188, -0.0110408654436, 0.00340221868828, 0.000260720669758, -0.00052587344544, 1.06412844616e-05, -0.000599112012424, 0.000250006618444], [0.00182873453014, -0.00466547068208, 0.00383653608151, -0.00410738121718, 0.00320749240927, -0.0110408654436, 0.0213492959738, -0.0109462672845, 0.00304294005036, 0.00140140717849, -0.00430190516636, 0.00315694906749, -0.000587778806221], [-0.00104778050445, 0.00338309956715, -0.00225995434448, 0.00110427371692, -0.0017638488207, 0.00340221868828, -0.0109462672845, 0.0224015880376, -0.0143237756565, 0.00170348631218, 0.00478197308257, -0.00599047588184, 0.00208969903179], [0.000591248041019, -0.00322932354175, 0.00141323846765, -0.00208010221832, 0.00113102281466, 0.000260720669758, 0.00304294005036, -0.0143237756565, 0.0235822517425, -0.0124993426725, 0.00137897522654, 0.00337224220857, -0.0033784781117], [-0.000306576141156, 0.00365942157805, -0.00113760773093, 0.00314999930561, -0.00303112552501, -0.00052587344544, 0.00140140717849, 0.00170348631218, -0.0124993426725, 0.026362311095, -0.0159428734332, 0.00694846361876, -0.000690283079166], [0.000218731089262, -0.00334381265566, 0.00186517229304, -0.00155907066073, 0.00218222988769, 1.06412844616e-05, -0.00430190516636, 0.00478197308257, 0.00137897522654, -0.0159428734332, 0.0317153260112, -0.0212355926633, 0.00902255810797], [0.00014965122682, 0.00300100864843, -0.000914397533052, 0.00230473326519, -0.00200126320124, -0.000599112012424, 0.00315694906749, -0.00599047588184, 0.00337224220857, 0.00694846361876, -0.0212355926633, 0.0353001430631, -0.0147569198161], [0.000573841796722, -0.00225711194798, 0.00149665388744, -0.00251281168312, 0.0024934692774, 0.000250006618444, -0.000587778806221, 0.00208969903179, -0.0033784781117, -0.000690283079166, 0.00902255810797, -0.0147569198161, 0.0212888475507]], "cov": [[17996.2246094, 1272.08984375, -2448.43505859, 1639.3170166, -484.240539551, 517.134887695, -46.7080154419, 142.455841064, 15.7856845856, -294.559112549, -169.416687012, -482.047271729, -218.608963013], [1272.08984375, 1276.20288086, 52.9857063293, 13.0795631409, 197.020355225, -64.3776092529, 95.6545181274, -31.5472354889, 79.5000839233, -66.0640716553, 26.6034889221, -86.9253158569, 21.1990413666], [-2448.43505859, 52.9857063293, 1174.6217041, 126.32244873, 209.212432861, 98.332572937, 65.0789642334, 49.9041557312, 18.9412708282, -5.25557279587, -46.7914581299, 20.2923355103, 11.9192018509], [1639.3170166, 13.0795631409, 126.32244873, 644.347900391, 155.907577515, 201.710906982, 95.381690979, 112.147346497, 41.5112457275, -47.4067268372, -64.5432357788, -64.6922149658, -17.0692825317], [-484.240539551, 197.020355225, 209.212432861, 155.907577515, 300.839660645, 125.834159851, 116.23085022, 47.4470863342, 45.6524009705, 13.7473583221, 9.68973827362, -3.61592936516, 0.551241874695], [517.134887695, -64.3776092529, 98.332572937, 201.710906982, 125.834159851, 254.856414795, 105.060081482, 60.376701355, 5.7473282814, 5.98809909821, -7.95610713959, -14.0362529755, -29.8777370453], [-46.7080154419, 95.6545181274, 65.0789642334, 95.381690979, 116.23085022, 105.060081482, 149.935195923, 74.5194168091, 42.3787612915, 9.15384960175, 13.268245697, -2.99078154564, -0.613018870354], [142.455841064, -31.5472354889, 49.9041557312, 112.147346497, 47.4470863342, 60.376701355, 74.5194168091, 141.129776001, 85.6578292847, 23.8169384003, -8.62854957581, 0.0481684654951, 2.53836393356], [15.7856845856, 79.5000839233, 18.9412708282, 41.5112457275, 45.6524009705, 5.7473282814, 42.3787612915, 85.6578292847, 130.156906128, 54.11510849, 13.1605510712, -5.90998077393, 11.6547460556], [-294.559112549, -66.0640716553, -5.25557279587, -47.4067268372, 13.7473583221, 5.98809909821, 9.15384960175, 23.8169384003, 54.11510849, 100.779335022, 51.34633255, 17.3198471069, -5.9562754631], [-169.416687012, 26.6034889221, -46.7914581299, -64.5432357788, 9.68973827362, -7.95610713959, 13.268245697, -8.62854957581, 13.1605510712, 51.34633255, 91.4951858521, 41.6878700256, -2.89639878273], [-482.047271729, -86.9253158569, 20.2923355103, -64.6922149658, -3.61592936516, -14.0362529755, -2.99078154564, 0.0481684654951, -5.90998077393, 17.3198471069, 41.6878700256, 77.4885940552, 30.8850059509], [-218.608963013, 21.1990413666, 11.9192018509, -17.0692825317, 0.551241874695, -29.8777370453, -0.613018870354, 2.53836393356, 11.6547460556, -5.9562754631, -2.89639878273, 30.8850059509, 76.5734024048]]}, "spectral_energyband_middle_low": {"dmean2": 0.00440608710051, "median": 0.00362546159886, "min": 1.61107749364e-08, "dvar2": 6.27986300969e-05, "dvar": 2.76523423963e-05, "dmean": 0.00302340323105, "max": 0.0993490591645, "var": 0.000197506538825, "mean": 0.0104018487036}, "melbands_crest": {"dmean2": 4.51204824448, "median": 12.417388916, "min": 4.33933877945, "dvar2": 16.2471733093, "dvar": 6.46575164795, "dmean": 2.86830019951, "max": 32.3674278259, "var": 24.8144340515, "mean": 13.4911785126}, "spectral_kurtosis": {"dmean2": 8.04750728607, "median": 10.9302520752, "min": 1.32658946514, "dvar2": 72.1369934082, "dvar": 24.9732055664, "dmean": 4.66787385941, "max": 135.909423828, "var": 163.039077759, "mean": 14.6047115326}, "spectral_rms": {"dmean2": 0.000561743043363, "median": 0.00252944161184, "min": 8.81120195118e-06, "dvar2": 4.8465301461e-07, "dvar": 2.49211723258e-07, "dmean": 0.00041320300079, "max": 0.0110245803371, "var": 6.06784306001e-06, "mean": 0.00324260490015}, "zerocrossingrate": {"dmean2": 0.00557075254619, "median": 0.033203125, "min": 0.00390625, "dvar2": 5.28828859387e-05, "dvar": 3.07099508063e-05, "dmean": 0.00447979010642, "max": 0.3076171875, "var": 0.000707437924575, "mean": 0.0377782434225}, "silence_rate_60dB": {"dmean2": 0.0714646428823, "median": 0, "min": 0, "dvar2": 0.0747004374862, "dvar": 0.0344564393163, "dmean": 0.0357300676405, "max": 1, "var": 0.234122663736, "mean": 0.373879551888}, "erbbands_kurtosis": {"dmean2": 1.8911857605, "median": 0.331684172153, "min": -1.69783902168, "dvar2": 15.2622041702, "dvar": 7.40591669083, "dmean": 1.24832880497, "max": 108.672798157, "var": 29.976978302, "mean": 1.59141874313}, "erbbands": {"dmean2": [0.00612577050924, 0.228716358542, 1.63480579853, 3.16173791885, 3.95492959023, 8.86373519897, 11.3014583588, 12.0040836334, 18.8826751709, 21.1423664093, 36.0465278625, 17.325761795, 12.3964223862, 22.4899425507, 14.9711008072, 30.7513847351, 20.0009250641, 22.4874134064, 16.8921413422, 7.83667039871, 10.0514450073, 5.51316928864, 4.7692065239, 3.18445801735, 3.26213502884, 1.39398992062, 0.864202797413, 0.486392527819, 0.380344867706, 0.260154604912, 0.15326628089, 0.105647623539, 0.0512916818261, 0.0186131503433, 0.00654473854229, 0.00202824897133, 0.000512693310156, 7.92229548097e-05, 9.13988515094e-06, 6.52888229524e-06], "median": [0.00222670543008, 0.0706083923578, 0.33153796196, 0.502668023109, 0.786465167999, 1.56502234936, 3.26496171951, 5.03727579117, 5.93949985504, 7.81815814972, 7.53953456879, 5.82808256149, 3.85860466957, 4.50291824341, 4.18305301666, 3.63441419601, 3.54759860039, 3.39005851746, 3.30688476563, 2.02296590805, 1.56745648384, 1.12706613541, 0.975819945335, 0.726868152618, 0.457576453686, 0.229422926903, 0.119248643517, 0.0688146576285, 0.0391303487122, 0.0212106332183, 0.0117372125387, 0.00682507827878, 0.00369169702753, 0.00141227804124, 0.000715452362783, 0.000255897088209, 7.40818213671e-05, 1.78500085894e-05, 6.99504971635e-06, 7.93051549408e-06], "min": [1.62702207263e-07, 9.01290604816e-07, 3.41343206856e-06, 2.87187504e-06, 3.46748288393e-06, 4.1511048039e-06, 4.3166701289e-06, 4.29203055319e-06, 1.03867187136e-05, 1.19309861475e-05, 7.9588189692e-06, 7.56933923185e-06, 1.89309721463e-05, 1.84235796041e-05, 2.0590288841e-05, 2.4699147616e-05, 2.55179056694e-05, 1.66395548149e-05, 2.92393360724e-05, 3.74310438929e-05, 3.58994293492e-05, 5.19073691976e-05, 4.72549145343e-05, 5.8128600358e-05, 5.67769129702e-05, 6.88758591423e-05, 8.08375480119e-05, 6.33845920675e-05, 5.89898008911e-05, 7.67880483181e-05, 6.24858221272e-05, 5.04859635839e-05, 5.86277492403e-05, 2.55104805547e-05, 2.76930422842e-05, 1.831168629e-05, 9.5247542049e-06, 3.17411081596e-06, 9.34168440381e-07, 1.1562853075e-07], "dvar2": [0.000185678247362, 0.269683331251, 14.2363176346, 65.4332733154, 89.0184326172, 500.168212891, 590.056152344, 732.80657959, 1869.9420166, 2337.11157227, 7423.07324219, 1515.33984375, 970.288879395, 3244.84814453, 1552.02148438, 10079.1640625, 3520.28613281, 6188.21289063, 2080.23730469, 473.116943359, 653.541259766, 246.757324219, 179.2940979, 62.0522270203, 93.1404724121, 13.8762702942, 9.12221050262, 2.23302841187, 2.61147999763, 1.058573246, 0.330280035734, 0.322176963091, 0.0565389916301, 0.0104357935488, 0.00127795222215, 6.37695047772e-05, 4.03792682846e-06, 1.80706720698e-07, 3.28201088529e-09, 1.28376712039e-10], "dvar": [8.13458609628e-05, 0.117278911173, 6.93501520157, 22.2821350098, 31.8031139374, 178.548171997, 264.057800293, 326.714172363, 934.65222168, 1103.70690918, 3703.52441406, 732.728210449, 458.470672607, 1339.98486328, 617.802062988, 4537.49511719, 1553.50146484, 2668.26977539, 903.266052246, 178.37789917, 253.484085083, 100.422843933, 72.3642501831, 24.8755130768, 36.5058822632, 5.62887620926, 3.93550491333, 1.02326786518, 1.05773794651, 0.464245796204, 0.150758653879, 0.159149482846, 0.0284995399415, 0.00547736603767, 0.000660246470943, 3.62762257282e-05, 2.44076909439e-06, 1.0021292951e-07, 1.67968694509e-09, 6.34157865109e-11], "dmean": [0.00411701016128, 0.156206771731, 1.13033103943, 1.90087449551, 2.39471173286, 5.38033390045, 7.41110992432, 8.03134059906, 13.1244983673, 14.2555007935, 24.919303894, 11.6676635742, 8.36936187744, 14.5671100616, 9.45641899109, 20.1668014526, 13.0340032578, 14.2868070602, 10.6613950729, 4.82533740997, 6.16401720047, 3.4640994072, 2.99601626396, 2.01226568222, 2.02202224731, 0.887905478477, 0.568609416485, 0.326669543982, 0.250559568405, 0.176813259721, 0.106109328568, 0.0745656862855, 0.0372098945081, 0.0140113802627, 0.00495842285454, 0.0015698694624, 0.000402264471631, 6.268893776e-05, 7.21418382454e-06, 4.70413488074e-06], "max": [0.318692356348, 8.71812057495, 92.9940567017, 83.6491088867, 113.004867554, 279.801635742, 544.070068359, 686.038146973, 1042.04992676, 791.574523926, 1738.31433105, 764.007263184, 657.694885254, 908.161254883, 823.325805664, 2007.81176758, 1393.42956543, 1642.26293945, 853.049316406, 691.884216309, 430.923828125, 412.40536499, 263.409454346, 134.280395508, 183.768508911, 57.9853096008, 105.082420349, 40.3392791748, 56.0733108521, 28.2676143646, 14.9627408981, 27.1934642792, 10.1699171066, 4.93616628647, 1.84397864342, 0.343713581562, 0.0888104960322, 0.0228639245033, 0.00328487833031, 0.000231822908972], "var": [0.00031370006036, 0.427966922522, 25.8532791138, 44.5830535889, 68.2007369995, 330.752502441, 933.795227051, 899.93762207, 3105.08203125, 3342.44555664, 10610.9228516, 2316.02612305, 1364.60241699, 2959.78808594, 1212.56494141, 9974.89355469, 4209.10205078, 6093.45458984, 2194.94018555, 316.953704834, 523.478088379, 294.851776123, 214.759277344, 65.9174880981, 73.7235870361, 13.4904584885, 9.77137565613, 3.39442586899, 2.76364994049, 1.26802766323, 0.464788287878, 0.375254273415, 0.0827477425337, 0.014446486719, 0.0014893085463, 0.000118221825687, 8.61026819621e-06, 2.28985342687e-07, 3.13047010536e-09, 6.58239684981e-10], "mean": [0.00903642550111, 0.329292863607, 2.29960489273, 3.33036589622, 4.23367547989, 8.89582633972, 14.899936676, 15.8952760696, 26.8248920441, 28.3649902344, 45.4365882874, 23.5165023804, 16.9200973511, 24.9876270294, 16.5531024933, 33.7383575439, 23.8105182648, 24.6401195526, 18.0494880676, 8.96476554871, 10.6030511856, 6.60991859436, 5.98350667953, 4.07862377167, 3.57067871094, 1.79568243027, 1.17216289043, 0.719423115253, 0.531417548656, 0.377372086048, 0.232384473085, 0.15736964345, 0.0816436633468, 0.0304942373186, 0.010702656582, 0.00354171614163, 0.000922866689507, 0.000145829108078, 2.35826682911e-05, 2.04469706659e-05]}, "spectral_strongpeak": {"dmean2": 0.715318739414, "median": 0.451490461826, "min": 0, "dvar2": 1.50361275673, "dvar": 0.620678901672, "dmean": 0.43599230051, "max": 11.1663703918, "var": 1.2582706213, "mean": 0.856853246689}, "spectral_energy": {"dmean2": 0.00567475054413, "median": 0.00655802618712, "min": 7.95782142404e-08, "dvar2": 9.30339447223e-05, "dvar": 4.41527445219e-05, "dmean": 0.00403761165217, "max": 0.124579913914, "var": 0.000458693335531, "mean": 0.0169967338443}, "average_loudness": 0.225868970156, "spectral_rolloff": {"dmean2": 409.504425049, "median": 796.728515625, "min": 86.1328125, "dvar2": 1812103.875, "dvar": 545354.875, "dmean": 235.540435791, "max": 15826.9042969, "var": 862499.5, "mean": 961.664367676}, "spectral_centroid": {"dmean2": 164.404693604, "median": 725.273864746, "min": 128.290939331, "dvar2": 34134.515625, "dvar": 14691.2626953, "dmean": 109.445793152, "max": 2918.87890625, "var": 123729.164063, "mean": 787.495910645}, "pitch_salience": {"dmean2": 0.0972672700882, "median": 0.54486978054, "min": 0.0923463925719, "dvar2": 0.00734470924363, "dvar": 0.00285329855978, "dmean": 0.061550334096, "max": 0.856728553772, "var": 0.0110041694716, "mean": 0.53750616312}, "spectral_energyband_middle_high": {"dmean2": 0.00176371959969, "median": 0.00103934993967, "min": 1.17296439228e-08, "dvar2": 1.26035083667e-05, "dvar": 5.94750008531e-06, "dmean": 0.00120724237058, "max": 0.0526094399393, "var": 2.85828446067e-05, "mean": 0.00339233549312}, "spectral_contrast_coeffs": {"dmean2": [0.0739175155759, 0.0653812885284, 0.0556534305215, 0.0452261455357, 0.0308630708605, 0.0193415097892], "median": [-0.617446541786, -0.710392177105, -0.735350728035, -0.745701730251, -0.776048958302, -0.775189518929], "min": [-0.935076534748, -0.964250743389, -0.961938023567, -0.937234580517, -0.9387768507, -0.904406249523], "dvar2": [0.00354374665767, 0.00285180239007, 0.00199681450613, 0.00137260288466, 0.00060792430304, 0.000239320623223], "dvar": [0.00132024264894, 0.00110113760456, 0.000801504298579, 0.000560946587939, 0.000244791415753, 0.000100664139609], "dmean": [0.0449784472585, 0.0409459620714, 0.0348867699504, 0.0281031727791, 0.0192607939243, 0.0121969701722], "max": [-0.283689409494, -0.391558945179, -0.433136880398, -0.46487095952, -0.598442792892, -0.662120699883], "var": [0.00958059541881, 0.00552783627063, 0.00576460501179, 0.00517525430769, 0.00315997749567, 0.002290654229], "mean": [-0.61784952879, -0.709141969681, -0.732277750969, -0.746914863586, -0.779946863651, -0.785236954689]}, "melbands_skewness": {"dmean2": 0.747588276863, "median": 1.61683702469, "min": -4.91662979126, "dvar2": 0.558107554913, "dvar": 0.233144670725, "dmean": 0.493060141802, "max": 10.0106811523, "var": 1.35472416878, "mean": 1.71108579636}, "spectral_spread": {"dmean2": 348106.59375, "median": 2477372.25, "min": 779925.6875, "dvar2": 90498736128, "dvar": 42676281344, "dmean": 224750.8125, "max": 11241697, "var": 1702361169920.0, "mean": 2724791.25}, "dissonance": {"dmean2": 0.0498530492187, "median": 0.435501933098, "min": 0.122036732733, "dvar2": 0.00200982159004, "dvar": 0.000739560986403, "dmean": 0.0296610221267, "max": 0.500000059605, "var": 0.00224473513663, "mean": 0.42639964819}, "spectral_skewness": {"dmean2": 0.628097474575, "median": 2.35292363167, "min": 1.05786371231, "dvar2": 0.341899514198, "dvar": 0.11997935921, "dmean": 0.371963918209, "max": 9.69957637787, "var": 1.16754794121, "mean": 2.62689781189}, "spectral_flux": {"dmean2": 0.0173211749643, "median": 0.0332284420729, "min": 0.00