{"tonal": {"thpcp": [1, 0.605646133423, 0.164052963257, 0.110025011003, 0.081559419632, 0.0677265673876, 0.102532088757, 0.162802144885, 0.211734801531, 0.228909924626, 0.199596256018, 0.178149357438, 0.187409818172, 0.189816370606, 0.175577253103, 0.153023943305, 0.124626584351, 0.115960717201, 0.129134938121, 0.160761475563, 0.195861116052, 0.215544700623, 0.238574892282, 0.280832916498, 0.247724071145, 0.146213650703, 0.0968061387539, 0.0922974795103, 0.104540869594, 0.119065873325, 0.130842462182, 0.126524031162, 0.108281612396, 0.107626788318, 0.124830253422, 0.562761068344], "hpcp": {"dmean2": [0.271096169949, 0.28219845891, 0.264740109444, 0.226427271962, 0.183319598436, 0.178719878197, 0.199576511979, 0.225928902626, 0.254616439342, 0.26200017333, 0.263237893581, 0.292628765106, 0.264281481504, 0.179804295301, 0.133974120021, 0.129643633962, 0.148593753576, 0.159338235855, 0.168344810605, 0.161498069763, 0.144659414887, 0.146063551307, 0.159343481064, 0.381538182497, 0.649259865284, 0.418225824833, 0.191321015358, 0.130152791739, 0.0910877734423, 0.0820016637444, 0.142929047346, 0.239083349705, 0.301554173231, 0.323864281178, 0.291793495417, 0.255890637636], "median": [0.00795750971884, 0.00849270448089, 0.00954692531377, 0.00867910403758, 0.00626040436327, 0.00508391764015, 0.00464307097718, 0.00694445893168, 0.0151803018525, 0.0285299308598, 0.0324177220464, 0.0239336974919, 0.0155125726014, 0.00734488852322, 0.00460369233042, 0.00460683042184, 0.00479412125424, 0.00621605571359, 0.00813268683851, 0.00720824254677, 0.00530757568777, 0.00527272373438, 0.00708056241274, 0.209408551455, 0.376550972462, 0.247744947672, 0.0120251886547, 0.00800363905728, 0.00591774750501, 0.0060586896725, 0.00678578950465, 0.00713855493814, 0.0069621312432, 0.00686371140182, 0.00668791960925, 0.00685538910329], "min": [0, 0, 0, 0, 0, 0, 0, 0, 0, 0, 0, 0, 0, 0, 0, 0, 0, 0, 0, 0, 0, 0, 0, 0, 0, 0, 0, 0, 0, 0, 0, 0, 0, 0, 0, 0], "dvar2": [0.207346722484, 0.205819413066, 0.20555229485, 0.183591738343, 0.137908697128, 0.148583263159, 0.166530936956, 0.166357457638, 0.169380679727, 0.148356571794, 0.143849700689, 0.171506106853, 0.164673164487, 0.109573632479, 0.0938685983419, 0.0925013646483, 0.107791133225, 0.11222460866, 0.111024536192, 0.112197734416, 0.093997836113, 0.0888406857848, 0.0934092923999, 0.127464354038, 0.338310033083, 0.149253711104, 0.104294426739, 0.065707936883, 0.0424704663455, 0.0332089066505, 0.103271685541, 0.200480103493, 0.241905286908, 0.249259769917, 0.229252383113, 0.188182324171], "dvar": [0.073300935328, 0.073009505868, 0.0716903209686, 0.0636373013258, 0.0475200712681, 0.0508064888418, 0.0573611184955, 0.0576463378966, 0.0592255406082, 0.052383299917, 0.0520440787077, 0.0651638507843, 0.0626065731049, 0.0395704396069, 0.0332398042083, 0.0325368829072, 0.0385892689228, 0.0401586182415, 0.039198294282, 0.0394604168832, 0.0331661440432, 0.0315184108913, 0.034298826009, 0.0536852404475, 0.149129152298, 0.0607542358339, 0.0399970039725, 0.0234419442713, 0.0149924065918, 0.0113284494728, 0.0354203879833, 0.0698213726282, 0.086355522275, 0.0889021679759, 0.0801377892494, 0.0658690482378], "dmean": [0.141296640038, 0.146284028888, 0.137081801891, 0.117772452533, 0.0951426625252, 0.0924300849438, 0.102946437895, 0.117344945669, 0.134189575911, 0.141222581267, 0.144189655781, 0.164695814252, 0.147527575493, 0.0972560495138, 0.0706187933683, 0.0680020749569, 0.0775545760989, 0.0842647850513, 0.0889050886035, 0.0855547189713, 0.0761464238167, 0.077557399869, 0.0862491056323, 0.214563980699, 0.351237624884, 0.233887717128, 0.104918912053, 0.0708751678467, 0.0494376048446, 0.0435431301594, 0.0742502734065, 0.124053388834, 0.157366842031, 0.169255763292, 0.152200490236, 0.134547993541], "max": [1, 1, 1, 1, 1, 1, 1, 1, 1, 1, 1, 1, 1, 1, 1, 1, 1, 1, 1, 1, 1, 1, 1, 1, 1, 1, 1, 1, 1, 1, 1, 1, 1, 1, 1, 1], "var": [0.049360640347, 0.0486513860524, 0.0455396510661, 0.0393982864916, 0.0288959629834, 0.0297933015972, 0.0346315130591, 0.0397825911641, 0.0441615320742, 0.0371856875718, 0.0417982488871, 0.0588761605322, 0.0567282252014, 0.0291676837951, 0.0214989297092, 0.0202197171748, 0.0242731310427, 0.0266273934394, 0.0269669611007, 0.0279818307608, 0.0221940204501, 0.020887888968, 0.0248207487166, 0.0695031955838, 0.196263313293, 0.0759171918035, 0.032163053751, 0.0180164091289, 0.012212540023, 0.00890005286783, 0.0223389603198, 0.0445797480643, 0.0603333674371, 0.0631671026349, 0.0537478625774, 0.0456387549639], "mean": [0.090289466083, 0.0914488881826, 0.0845888257027, 0.0737231969833, 0.0600420422852, 0.0558670386672, 0.0622140541673, 0.0774509459734, 0.0943610966206, 0.103844165802, 0.114939548075, 0.13529843092, 0.119347400963, 0.0704421624541, 0.0466388314962, 0.0444666706026, 0.0503652356565, 0.0573630258441, 0.0630367025733, 0.0609561875463, 0.0521674342453, 0.0518519543111, 0.0601401627064, 0.271124511957, 0.481775552034, 0.291785508394, 0.0790367051959, 0.0530073605478, 0.0392933338881, 0.0326290056109, 0.0493974536657, 0.0784340947866, 0.102008648217, 0.110283203423, 0.0961605980992, 0.0858280062675]}, "tuning_equal_tempered_deviation": 0.128119677305, "chords_changes_rate": 0.0874754711986, "key_key": "A#", "tuning_diatonic_strength": 0.525074362755, "key_scale": "minor", "chords_number_rate": 0.00114453886636, "tuning_frequency": 434.193115234, "tuning_nontempered_energy_ratio": 0.782842636108, "chords_histogram": [29.1039886475, 25.0327014923, 15.5820798874, 4.90516662598, 0.523217797279, 0.17985612154, 0, 2.01111841202, 2.69784164429, 17.3969917297, 0.44146502018, 0.31066057086, 0.686723351479, 0.0817527770996, 0.212557226419, 0, 0, 0, 0, 0.17985612154, 0.425114452839, 0.19620667398, 0.016350556165, 0.016350556165], "key_strength": 0.650096595287, "chords_key": "A#", "chords_strength": {"dmean2": 0.0137539478019, "median": 0.476905226707, "min": 0.214094206691, "dvar2": 0.00013572939497, "dvar": 8.21638604975e-05, "dmean": 0.0111787905917, "max": 0.762520253658, "var": 0.00960980821401, "mean": 0.47749119997}, "chords_scale": "minor", "hpcp_entropy": {"dmean2": 1.34466362, "median": 2.50794911385, "min": 0, "dvar2": 1.09480679035, "dvar": 0.381878495216, "dmean": 0.78426861763, "max": 4.60552549362, "var": 0.707721292973, "mean": 2.51745510101}}, "metadata": {"audio_properties": {"equal_loudness": 0, "codec": "flac", "downmix": "mix", "sample_rate": 44100, "analysis_sample_rate": 44100, "bit_rate": 0, "md5_encoded": "bc35a773d7bb7a1061158b9614ad3ba3", "length": 283.959991455, "replay_gain": -12.8652076721, "lossless": true}, "version": {"essentia_build_sha": "81dca3489dfd3c4275b86ac4d56d870715677d3f", "essentia": "2.1-beta1", "extractor": "music 1.0", "essentia_git_sha": "v2.1_beta1-28-g21ef5f4"}, "tags": {"title": ["Blinding"], "barcode": ["8016670003724"], "albumartist": ["Various Artists"], "tracktotal": ["16"], "language": ["eng"], "releasetype": ["compilation"], "discid": ["0b112e10"], "replaygain_album_peak": ["0.97729492"], "musicbrainz_recordingid": ["1546d33b-eabf-43ff-ba08-f3a0fc29c4bc"], "musicbrainz_albumartistid": ["89ad4ac3-39f7-470e-963a-56509c546377"], "replaygain_album_gain": ["-7.78 dB"], "discnumber": ["1"], "album": ["Awake the Machines: On the Line, Volume 2"], "catalognumber": ["OUT 017"], "replaygain_track_gain": ["-6.96 dB"], "releasecountry": ["DE"], "file_name": "1 - 02 - Crocodile Shop - Blinding.flac", "compilation": ["1"], "originaldate": ["1997-11-18"], "replaygain_track_peak": ["0.97726440"], "albumartistsort": ["Various Artists"], "date": ["1997-11-18"], "genre": ["Industrial", "Dark Electro", "Ebm", "Radio Guillotine", "Electro-Industrial", "Electronic"], "musicip_puid": ["1c1fa5e2-8800-6349-85bc-e7da0db41ddb"], "format": ["CD"], "musicbrainz_artistid": ["d77aa05e-b465-4640-9f73-f8b4ab31b829"], "asin": ["B00000B85Z"], "musicbrainz_albumid": ["e346ab35-b106-4124-a4bf-f9322ddd2e7b"], "album artist": ["Various"], "artist": ["Crocodile Shop"], "replaygain_reference_loudness": ["89.0 dB"], "artistsort": ["Crocodile Shop"], "tracknumber": ["2"], "label": ["Out of Line"], "releasestatus": ["official"], "script": ["Latn"], "totaltracks": ["16"]}}, "rhythm": {"bpm_histogram_first_peak_bpm": {"dmean2": 0, "median": 136, "min": 136, "dvar2": 0, "dvar": 0, "dmean": 0, "max": 136, "var": 0, "mean": 136}, "bpm": 135.784606934, "bpm_histogram_second_peak_spread": {"dmean2": 0, "median": 0.299999952316, "min": 0.299999952316, "dvar2": 0, "dvar": 0, "dmean": 0, "max": 0.299999952316, "var": 0, "mean": 0.299999952316}, "bpm_histogram_first_peak_weight": {"dmean2": 0, "median": 0.825471699238, "min": 0.825471699238, "dvar2": 0, "dvar": 0, "dmean": 0, "max": 0.825471699238, "var": 0, "mean": 0.825471699238}, "onset_rate": 5.01091575623, "beats_position": [0.406349211931, 0.824308395386, 1.24226760864, 1.67183673382, 2.10140585899, 2.53097510338, 2.97215414047, 3.41333317757, 3.85451245308, 4.29569149017, 4.73687076569, 5.17804956436, 5.61922883987, 6.06040811539, 6.5015873909, 6.94276618958, 7.38394546509, 7.83673477173, 8.27791404724, 8.73070240021, 9.17188167572, 9.61306095123, 10.0542402267, 10.4954195023, 10.9365987778, 11.3777770996, 11.8189563751, 12.2601356506, 12.7013149261, 13.1424942017, 13.5836734772, 14.0248527527, 14.4660310745, 14.90721035, 15.3483896255, 15.7895689011, 16.2307472229, 16.6719264984, 17.1131057739, 17.5542850494, 17.995464325, 18.4366436005, 18.877822876, 19.3190021515, 19.760181427, 20.2013607025, 20.642539978, 21.0837192535, 21.5248966217, 21.9660758972, 22.4072551727, 22.8484344482, 23.3012237549, 23.7540130615, 24.1835823059, 24.6131515503, 25.0659408569, 25.5187301636, 25.9599094391, 26.4010887146, 26.8422679901, 27.2834453583, 27.7246246338, 28.1658039093, 28.6069831848, 29.0481624603, 29.4893417358, 29.9305210114, 30.3717002869, 30.8128795624, 31.2540588379, 31.6952381134, 32.1364173889, 32.5775947571, 33.0187759399, 33.4599533081, 33.901134491, 34.3423118591, 34.783493042, 35.2246704102, 35.6774597168, 36.1302490234, 36.5830383301, 37.0242156982, 37.4537849426, 37.8949661255, 38.3361434937, 38.7773246765, 39.2185020447, 39.6596832275, 40.1008605957, 40.5420417786, 40.9832191467, 41.4243965149, 41.8655776978, 42.2835350037, 42.7247161865, 43.1658935547, 43.6070747375, 44.0482521057, 44.4894332886, 44.9306106567, 45.3717918396, 45.8129692078, 46.2541503906, 46.6953277588, 47.1365089417, 47.5776863098, 48.018863678, 48.4600448608, 48.901222229, 49.3424034119, 49.78358078, 50.2247619629, 50.6659393311, 51.1071205139, 51.5482978821, 51.9894790649, 52.4306564331, 52.871837616, 53.3130149841, 53.7541923523, 54.1953735352, 54.6365509033, 55.1009521484, 55.5421295166, 55.9949188232, 56.4361000061, 56.8656692505, 57.3068466187, 57.7480278015, 58.1892051697, 58.6303825378, 59.0715637207, 59.5127410889, 59.9539222717, 60.3950996399, 60.8362808228, 61.2774581909, 61.7186393738, 62.1598167419, 62.6009979248, 63.042175293, 63.4833564758, 63.924533844, 64.3657150269, 64.806892395, 65.2480697632, 65.6892471313, 66.1304321289, 66.5716094971, 67.0127868652, 67.4539642334, 67.895149231, 68.3363265991, 68.7775039673, 69.2302932739, 69.6830825806, 70.1242599487, 70.5654373169, 71.0066223145, 71.4477996826, 71.8889770508, 72.3301544189, 72.7713394165, 73.2125167847, 73.6536941528, 74.094871521, 74.5360565186, 74.9772338867, 75.4184112549, 75.859588623, 76.3007659912, 76.7419509888, 77.1831283569, 77.6243057251, 78.0654830933, 78.5066680908, 78.947845459, 79.3890228271, 79.8302001953, 80.2713851929, 80.712562561, 81.1537399292, 81.5949172974, 82.0360946655, 82.4772796631, 82.9184570312, 83.3712463379, 83.8240356445, 84.2652130127, 84.7063903809, 85.1475753784, 85.5887527466, 86.0299301147, 86.4711074829, 86.9122848511, 87.3534698486, 87.7946472168, 88.235824585, 88.6770019531, 89.1181869507, 89.5593643188, 90.000541687, 90.4417190552, 90.8829040527, 91.3240814209, 91.7652587891, 92.2064361572, 92.6476211548, 93.0887985229, 93.5299758911, 93.9711532593, 94.4239425659, 94.8651199341, 95.2946929932, 95.7474822998, 96.2002716064, 96.6414489746, 97.0826263428, 97.5238113403, 97.9649887085, 98.4061660767, 98.8473434448, 99.288520813, 99.7297058105, 100.182495117, 100.635284424, 101.076461792, 101.506027222, 101.947212219, 102.376777649, 102.817955017, 103.259140015, 103.700317383, 104.141494751, 104.594284058, 105.035461426, 105.488250732, 105.929428101, 106.370613098, 106.811790466, 107.252967834, 107.694145203, 108.1353302, 108.576507568, 109.017684937, 109.458862305, 109.900039673, 110.34122467, 110.782402039, 111.223579407, 111.664756775, 112.105941772, 112.547119141, 112.988296509, 113.441085815, 113.882263184, 114.311836243, 114.753013611, 115.194190979, 115.635368347, 116.076553345, 116.517730713, 116.958908081, 117.38848114, 117.841270447, 118.282447815, 118.735237122, 119.188026428, 119.640815735, 120.081993103, 120.511566162, 120.95274353, 121.393920898, 121.835098267, 122.276275635, 122.717460632, 123.158638, 123.599815369, 124.040992737, 124.482177734, 124.923355103, 125.364532471, 125.805709839, 126.246894836, 126.688072205, 127.129249573, 127.570426941, 128.011611938, 128.452789307, 128.893966675, 129.335144043, 129.776321411, 130.217498779, 130.658676147, 131.099868774, 131.552658081, 131.993835449, 132.423400879, 132.864578247, 133.305755615, 133.746932983, 134.188110352, 134.62928772, 135.082077026, 135.534866333, 135.97605896, 136.417236328, 136.858413696, 137.299591064, 137.740768433, 138.181945801, 138.623123169, 139.064300537, 139.505477905, 139.946670532, 140.3878479, 140.829025269, 141.270202637, 141.711380005, 142.152557373, 142.593734741, 143.034912109, 143.476104736, 143.917282104, 144.358459473, 144.799636841, 145.240814209, 145.681991577, 146.123168945, 146.564346313, 147.005523682, 147.446716309, 147.887893677, 148.329071045, 148.781860352, 149.234649658, 149.675827026, 150.117004395, 150.558181763, 150.999359131, 151.440536499, 151.881713867, 152.322906494, 152.764083862, 153.20526123, 153.646438599, 154.087615967, 154.528793335, 154.969970703, 155.411148071, 155.852325439, 156.293518066, 156.734695435, 157.175872803, 157.617050171, 158.058227539, 158.499404907, 158.940582275, 159.381759644, 159.822952271, 160.264129639, 160.705307007, 161.146484375, 161.599273682, 162.04045105, 162.481628418, 162.922805786, 163.375595093, 163.816772461, 164.257949829, 164.699142456, 165.140319824, 165.581497192, 166.022674561, 166.463851929, 166.905029297, 167.346206665, 167.787384033, 168.228561401, 168.669754028, 169.110931396, 169.552108765, 169.993286133, 170.434463501, 170.875640869, 171.316818237, 171.757995605, 172.199172974, 172.640365601, 173.081542969, 173.522720337, 173.963897705, 174.405075073, 174.85786438, 175.299041748, 175.751831055, 176.193008423, 176.645797729, 177.075378418, 177.516555786, 177.957733154, 178.398910522, 178.840087891, 179.281265259, 179.722442627, 180.163619995, 180.604797363, 181.04598999, 181.487167358, 181.928344727, 182.369522095, 182.822311401, 183.275100708, 183.716278076, 184.157455444, 184.598632812, 185.039810181, 185.480987549, 185.922180176, 186.363357544, 186.804534912, 187.24571228, 187.686889648, 188.128067017, 188.569244385, 189.010421753, 189.451599121, 189.892791748, 190.333969116, 190.775146484, 191.216323853, 191.657501221, 192.098678589, 192.539855957, 192.981033325, 193.422225952, 193.86340332, 194.304580688, 194.745758057, 195.186935425, 195.628112793, 196.069290161, 196.522079468, 196.974868774, 197.416046143, 197.857223511, 198.298416138, 198.739593506, 199.180770874, 199.621948242, 200.06312561, 200.504302979, 200.945480347, 201.398269653, 201.839447021, 202.292236328, 202.721817017, 203.151382446, 203.592559814, 204.033737183, 204.474914551, 204.916091919, 205.368881226, 205.821670532, 206.2628479, 206.704025269, 207.145217896, 207.598007202, 208.03918457, 208.46875, 208.909927368, 209.351104736, 209.792282104, 210.233459473, 210.6746521, 211.115829468, 211.557006836, 211.998184204, 212.439361572, 212.88053894, 213.321716309, 213.762893677, 214.204071045, 214.656860352, 215.109649658, 215.550842285, 215.992019653, 216.433197021, 216.862762451, 217.303939819, 217.756729126, 218.197906494, 218.639083862, 219.08026123, 219.521453857, 219.962631226, 220.403808594, 220.844985962, 221.28616333, 221.727340698, 222.168518066, 222.609695435, 223.062484741, 223.515274048, 223.968063354, 224.397644043, 224.827209473, 225.268386841, 225.697952271, 226.139129639, 226.591918945, 227.044708252, 227.47428894, 227.915466309, 228.368255615, 228.809432983, 229.250610352, 229.69178772, 230.144577026, 230.585754395, 231.015319824, 231.456497192, 231.897689819, 232.338867188, 232.780044556, 233.221221924, 233.662399292, 234.10357666, 234.544754028, 234.985931396, 235.427108765, 235.868301392, 236.30947876, 236.750656128, 237.203445435, 237.656234741, 238.097412109, 238.538589478, 238.979766846, 239.420944214, 239.862121582, 240.30329895, 240.744491577, 241.185668945, 241.626846313, 242.068023682, 242.50920105, 242.950378418, 243.391555786, 243.832733154, 244.273925781, 244.715103149, 245.156280518, 245.597457886, 246.038635254, 246.479812622, 246.92098999, 247.362167358, 247.803344727, 248.244537354, 248.685714722, 249.138504028, 249.591293335, 250.05569458, 250.531692505, 250.99609375, 251.460494995, 251.948120117, 252.424118042, 252.876907349, 253.329696655, 253.770874023, 254.212051392, 254.653244019, 255.094421387, 255.535598755, 255.976776123, 256.41796875, 256.859130859, 257.300323486, 257.741485596, 258.182678223, 258.623840332, 259.065032959, 259.506195068, 259.947387695, 260.388580322, 260.829742432, 261.270935059, 261.712097168, 262.153289795, 262.594451904, 263.035644531, 263.476806641, 263.917999268, 264.359191895, 264.800354004, 265.241546631, 265.68270874, 266.123901367, 266.565063477, 267.017852783, 267.47064209, 267.911834717, 268.352996826, 268.794189453, 269.23538208, 269.676544189, 270.117736816, 270.558898926, 271.000091553, 271.441253662, 271.882446289, 272.323608398, 272.764801025, 273.205993652, 273.647155762, 274.088348389, 274.529510498, 274.970703125, 275.411865234, 275.876281738, 276.340667725, 276.805084229, 277.281097412, 277.89642334, 278.511749268, 279.127075195, 279.753997803, 280.380950928, 280.961456299, 281.541931152, 282.122436523, 282.702941895, 283.271820068], "beats_loudness": {"dmean2": 0.0725279301405, "median": 0.0836236178875, "min": 4.57802968867e-08, "dvar2": 0.00318199489266, "dvar": 0.00110581587069, "dmean": 0.0404729619622, "max": 0.225472837687, "var": 0.00184801663272, "mean": 0.0899446979165}, "danceability": 1.3354947567, "bpm_histogram_second_peak_weight": {"dmean2": 0, "median": 0.0110062891617, "min": 0.0110062891617, "dvar2": 0, "dvar": 0, "dmean": 0, "max": 0.0110062891617, "var": 0, "mean": 0.0110062891617}, "beats_count": 637, "bpm_histogram_second_peak_bpm": {"dmean2": 0, "median": 129, "min": 129, "dvar2": 0, "dvar": 0, "dmean": 0, "max": 129, "var": 0, "mean": 129}, "bpm_histogram_first_peak_spread": {"dmean2": 0, "median": 0.142156898975, "min": 0.142156898975, "dvar2": 0, "dvar": 0, "dmean": 0, "max": 0.142156898975, "var": 0, "mean": 0.142156898975}, "beats_loudness_band_ratio": {"dmean2": [0.246160507202, 0.0339075215161, 0.0118016712368, 0.0449241660535, 0.064864128828, 0.152060836554], "median": [0.819336056709, 0.0148617429659, 0.00660149985924, 0.0232502836734, 0.0272959228605, 0.105349637568], "min": [0.00653327954933, 0.00110596395098, 0.000528542266693, 0.00105847907253, 0.000738492002711, 8.78737846506e-05], "dvar2": [0.0422727428377, 0.00218222104013, 0.000209051489946, 0.00219586212188, 0.00783989671618, 0.0203812140971], "dvar": [0.0138888992369, 0.000743103097193, 7.95758023742e-05, 0.000999528099783, 0.00283388420939, 0.00660354690626], "dmean": [0.134075015783, 0.0189974699169, 0.00674787163734, 0.0255826245993, 0.036547832191, 0.0815593674779], "max": [0.99248021841, 0.301777750254, 0.14508754015, 0.937567591667, 0.656426131725, 0.593055844307], "var": [0.0283560827374, 0.000655126234051, 0.000138839313877, 0.00827688165009, 0.0055001177825, 0.00886647962034], "mean": [0.765844583511, 0.0215678680688, 0.00967013370246, 0.0403889231384, 0.0504534393549, 0.120074942708]}}, "lowlevel": {"barkbands_spread": {"dmean2": 18.5219688416, "median": 15.5020990372, "min": 0.165698230267, "dvar2": 360.159576416, "dvar": 166.83807373, "dmean": 12.0711288452, "max": 109.098091125, "var": 568.784545898, "mean": 24.8947238922}, "melbands_spread": {"dmean2": 17.2403659821, "median": 8.71210002899, "min": 0.213930279016, "dvar2": 590.451660156, "dvar": 232.247406006, "dmean": 10.5972738266, "max": 190.814941406, "var": 422.694061279, "mean": 16.6521492004}, "hfc": {"dmean2": 20.1920223236, "median": 25.0264568329, "min": 1.16490905989e-16, "dvar2": 549.385864258, "dvar": 319.987823486, "dmean": 14.4980182648, "max": 311.409637451, "var": 1287.6809082, "mean": 40.4178276062}, "barkbands_kurtosis": {"dmean2": 37.6802902222, "median": 9.74201107025, "min": -1.95925819874, "dvar2": 3835.45019531, "dvar": 1442.42663574, "dmean": 22.6791286469, "max": 520.071350098, "var": 1734.86499023, "mean": 26.0908279419}, "gfcc": {"mean": [11.0913009644, 87.6895675659, -97.2312393188, 71.1221084595, -29.613910675, 38.4143943787, -25.6978321075, 8.13271141052, -11.6524953842, -6.41284036636, -4.75991392136, -0.0685338899493, -7.53632116318], "icov": [[0.000285858899588, -0.00018644980446, 0.000152279055328, -0.000643726089038, -0.000142075266922, -0.000644565327093, 0.00026956415968, -0.000404189981055, 3.51482922269e-05, -0.000600044324528, 0.000617486541159, -0.000372590700863, 0.000663498649374], [-0.00018644980446, 0.00269269011915, -0.000593870761804, 0.00202873628587, -0.000738910457585, 0.00210996321402, -0.000228336415603, 0.000902243074961, -0.000611352035776, 0.00242152786814, -0.00331553816795, 0.0043561719358, -0.00371052674018], [0.000152279055328, -0.000593870761804, 0.00159072130919, -0.000361728103599, 0.000798592402134, -0.000618128338829, 0.00035207576002, -0.000797384651378, -0.000410170003306, -0.0015444875462, -5.6118296925e-05, -0.00141251494642, 0.000630160153378], [-0.000643726089038, 0.00202873628587, -0.000361728103599, 0.00532407825813, 0.000721124291886, 0.00261577381752, 0.000374816037947, 4.90916972922e-05, -0.000482376810396, 0.00127857550979, -0.00458492105827, 0.00308315292932, -0.00366294872947], [-0.000142075266922, -0.000738910457585, 0.000798592402134, 0.000721124291886, 0.00416964013129, 0.00197083805688, -0.000805876508821, -0.0002273213031, -0.00172165199183, -0.00126029876992, -7.6823263953e-05, -0.00210370845161, -0.0012558887247], [-0.000644565327093, 0.00210996321402, -0.000618128338829, 0.00261577381752, 0.00197083805688, 0.00759040471166, 9.54210190685e-05, 0.00163791154046, -0.00281112245284, 0.00200267066248, -0.00369005021639, 0.00187253789045, -0.00133764755446], [0.00026956415968, -0.000228336415603, 0.00035207576002, 0.000374816037947, -0.000805876508821, 9.54210190685e-05, 0.00797625444829, -0.0018082841998, 0.00192543969024, -0.00191269896459, -0.00280691147782, 0.000319308193866, -0.000924304011278], [-0.000404189981055, 0.000902243074961, -0.000797384651378, 4.90916972922e-05, -0.0002273213031, 0.00163791154046, -0.0018082841998, 0.00939505361021, -0.00104971358087, 0.00107584428042, 0.000134047309984, -7.54620778025e-05, -0.000914994627237], [3.51482922269e-05, -0.000611352035776, -0.000410170003306, -0.000482376810396, -0.00172165199183, -0.00281112245284, 0.00192543969024, -0.00104971358087, 0.00990169029683, -0.000286480237264, 0.000751619809307, 0.00177068612538, -0.00222361134365], [-0.000600044324528, 0.00242152786814, -0.0015444875462, 0.00127857550979, -0.00126029876992, 0.00200267066248, -0.00191269896459, 0.00107584428042, -0.000286480237264, 0.0152086159214, -0.00396707793698, 0.00637357495725, -0.00242874398828], [0.000617486541159, -0.00331553816795, -5.6118296925e-05, -0.00458492105827, -7.6823263953e-05, -0.00369005021639, -0.00280691147782, 0.000134047309984, 0.000751619809307, -0.00396707793698, 0.0198942497373, -0.00713759986684, 0.00477435905486], [-0.000372590700863, 0.0043561719358, -0.00141251494642, 0.00308315292932, -0.00210370845161, 0.00187253789045, 0.000319308193866, -7.54620778025e-05, 0.00177068612538, 0.00637357495725, -0.00713759986684, 0.0226223301142, -0.00991674512625], [0.000663498649374, -0.00371052674018, 0.000630160153378, -0.00366294872947, -0.0012558887247, -0.00133764755446, -0.000924304011278, -0.000914994627237, -0.00222361134365, -0.00242874398828, 0.00477435905486, -0.00991674512625, 0.025952545926]], "cov": [[8901.58691406, -2204.49780273, 3.0558514595, 1193.90893555, -822.882995605, 968.273864746, -511.16595459, 256.534637451, 95.8186340332, 236.749862671, -146.145263672, 1.304074049, -315.651977539], [-2204.49780273, 1953.52233887, -95.0575027466, -539.315063477, 712.455932617, -567.535827637, 245.387802124, -87.9683761597, 58.3186035156, -93.4949417114, 97.6891784668, -87.4683837891, 217.567047119], [3.0558514595, -95.0575027466, 903.985290527, 62.014755249, -242.346725464, 144.658218384, -47.6079483032, 40.5093193054, 37.0759277344, 54.3851280212, 41.0900764465, 16.7288894653, -24.3054943085], [1193.90893555, -539.315063477, 62.014755249, 488.446838379, -217.328887939, 119.362960815, -79.6143035889, 54.4444351196, -4.45859861374, 45.5763015747, 17.2237701416, 6.42970609665, -42.3065223694], [-822.882995605, 712.455932617, -242.346725464, -217.328887939, 667.419921875, -339.200561523, 150.713058472, -1.77456438541, 38.9104499817, -11.8632984161, 26.414730072, 13.279759407, 120.66885376], [968.273864746, -567.535827637, 144.658218384, 119.362960815, -339.200561523, 420.04006958, -120.732810974, -2.18584871292, 38.941444397, 16.5898799896, -13.6618709564, 5.27954769135, -82.2849273682], [-511.16595459, 245.387802124, -47.6079483032, -79.6143035889, 150.713058472, -120.732810974, 203.317657471, 13.3651590347, -29.4633083344, 10.7120008469, 39.7996406555, 2.28017354012, 38.8819885254], [256.534637451, -87.9683761597, 40.5093193054, 54.4444351196, -1.77456438541, -2.18584871292, 13.3651590347, 131.582641602, 6.65132045746, 10.4431381226, -3.12866449356, 11.6812496185, -0.932095527649], [95.8186340332, 58.3186035156, 37.0759277344, -4.45859861374, 38.9104499817, 38.941444397, -29.4633083344, 6.65132045746, 135.641784668, 1.35106825829, -3.61964631081, -11.2131767273, 15.5634479523], [236.749862671, -93.4949417114, 54.3851280212, 45.5763015747, -11.8632984161, 16.5898799896, 10.7120008469, 10.4431381226, 1.35106825829, 94.926399231, 9.29040431976, -12.0710945129, -10.5994577408], [-146.145263672, 97.6891784668, 41.0900764465, 17.2237701416, 26.414730072, -13.6618709564, 39.7996406555, -3.12866449356, -3.61964631081, 9.29040431976, 81.4300689697, 9.92781162262, 10.3903455734], [1.304074049, -87.4683837891, 16.7288894653, 6.42970609665, 13.279759407, 5.27954769135, 2.28017354012, 11.6812496185, -11.2131767273, -12.0710945129, 9.92781162262, 75.7668228149, 14.4046258926], [-315.651977539, 217.567047119, -24.3054943085, -42.3065223694, 120.66885376, -82.2849273682, 38.8819885254, -0.932095527649, 15.5634479523, -10.5994577408, 10.3903455734, 14.4046258926, 79.211517334]]}, "spectral_energyband_middle_low": {"dmean2": 0.00623030262068, "median": 0.00512158637866, "min": 2.33504897916e-22, "dvar2": 6.44760439172e-05, "dvar": 2.25405401579e-05, "dmean": 0.00365959154442, "max": 0.0674298927188, "var": 2.9071163226e-05, "mean": 0.00651782518253}, "melbands_crest": {"dmean2": 8.49475860596, "median": 23.4296760559, "min": 1.89794135094, "dvar2": 44.1758384705, "dvar": 17.245677948, "dmean": 5.13387918472, "max": 37.6748809814, "var": 42.1864624023, "mean": 23.5894680023}, "spectral_kurtosis": {"dmean2": 4.00599861145, "median": 2.39942932129, "min": -1.2427687645, "dvar2": 82.8068237305, "dvar": 32.0254898071, "dmean": 2.49039721489, "max": 144.048675537, "var": 74.3889846802, "mean": 4.15936565399}, "spectral_rms": {"dmean2": 0.00371685810387, "median": 0.00911410246044, "min": 3.21522322655e-12, "dvar2": 1.0368196854e-05, "dvar": 4.04897400585e-06, "dmean": 0.00230842153542, "max": 0.0160123892128, "var": 8.33357171359e-06, "mean": 0.00914939586073}, "zerocrossingrate": {"dmean2": 0.020621728152, "median": 0.037109375, "min": 0.00146484375, "dvar2": 0.000443710247055, "dvar": 0.000340563303325, "dmean": 0.0175079368055, "max": 0.65234375, "var": 0.00241577625275, "mean": 0.0545178726315}, "silence_rate_60dB": {"dmean2": 0.000981274060905, "median": 0, "min": 0, "dvar2": 0.000980301876552, "dvar": 0.000490357924718, "dmean": 0.000490596867166, "max": 1, "var": 0.0204141922295, "mean": 0.0208486635238}, "erbbands_kurtosis": {"dmean2": 2.93486475945, "median": 0.0164992809296, "min": -1.87988567352, "dvar2": 36.5075187683, "dvar": 13.7810096741, "dmean": 1.83210635185, "max": 169.951477051, "var": 17.4654636383, "mean": 1.20507371426}, "erbbands": {"dmean2": [3.11774277687, 13.4119701385, 16.8846702576, 16.3335418701, 10.2990064621, 6.48744344711, 4.78118467331, 3.60016298294, 2.53338718414, 2.38896012306, 3.20889163017, 5.20633220673, 5.53753805161, 7.41118526459, 13.0980606079, 13.2791585922, 21.8865509033, 28.3100643158, 31.4262733459, 32.0985183716, 43.0915260315, 75.0844268799, 34.1292991638, 24.2741584778, 20.0964069366, 14.3222436905, 11.5606870651, 9.13367652893, 12.9406337738, 18.5591125488, 44.6408081055, 13.8907527924, 4.99965524673, 1.4173374176, 0.495090007782, 0.149462491274, 0.0364927910268, 0.00850176904351, 0.00164272554684, 0.000161751493579], "median": [1.96534478664, 8.06105041504, 8.10238075256, 9.18632698059, 5.35744667053, 3.94946789742, 3.11472034454, 2.31609797478, 1.79520130157, 1.61169350147, 2.03584289551, 2.85203409195, 2.9078309536, 3.81323361397, 8.00181293488, 7.04073143005, 9.39687252045, 10.6697626114, 10.9448099136, 10.6849069595, 12.9936733246, 16.3438720703, 13.161854744, 10.0959968567, 9.33490943909, 8.45666503906, 6.86996984482, 4.67652368546, 4.23712968826, 4.84399986267, 7.11280012131, 2.71321225166, 1.19521200657, 0.542881250381, 0.211776956916, 0.0595439560711, 0.0090410374105, 0.00084377132589, 0.000148165388964, 0.000124014826724], "min": [3.22861482436e-22, 1.90054176724e-21, 9.60423980378e-21, 3.24583248985e-20, 6.14036589719e-20, 8.99981553746e-20, 1.78768735946e-19, 2.95980732808e-19, 2.35902372274e-19, 3.24471004453e-19, 5.41276542268e-19, 7.99348052892e-19, 4.41001158921e-19, 8.80947042176e-19, 1.65133767317e-18, 2.212374578e-18, 3.73282911721e-18, 2.41703002169e-18, 4.25173399112e-18, 5.59668582656e-18, 6.35636064291e-18, 6.65485745235e-18, 1.05607902428e-17, 1.15104365994e-17, 1.88987757804e-17, 1.13262036246e-17, 1.41367648227e-17, 1.64379763238e-17, 1.04411046527e-17, 1.17483469784e-17, 1.44175744427e-17, 1.4675229623e-17, 1.2711023084e-17, 1.08879525827e-17, 6.78544983233e-18, 5.93716949671e-18, 2.24618786028e-18, 1.12411343025e-18, 2.81671852379e-19, 3.73601487409e-20], "dvar2": [9.55931568146, 165.822494507, 574.632629395, 391.278717041, 187.807479858, 77.7762145996, 45.9356842041, 25.6577091217, 8.87882137299, 9.34222507477, 22.5085353851, 78.7559204102, 130.674545288, 266.484985352, 601.300476074, 558.256164551, 1162.35327148, 3865.48364258, 3149.96411133, 5464.94140625, 12589.03125, 51006.8007812, 3961.67236328, 1913.25817871, 995.796325684, 652.797729492, 385.780151367, 156.737564087, 313.873687744, 808.80682373, 4443.70996094, 594.951171875, 62.2510986328, 5.03497266769, 1.12871003151, 0.0763223618269, 0.00445286044851, 0.000479492504383, 3.62284554285e-05, 1.16161452013e-07], "dvar": [3.45020914078, 64.0512771606, 202.324920654, 131.810012817, 70.1130599976, 29.0011882782, 18.0729293823, 10.3714008331, 3.33855724335, 3.68720769882, 8.74348258972, 31.2218036652, 49.836605072, 114.674430847, 258.798828125, 231.389205933, 488.130584717, 1558.19824219, 1325.63305664, 2392.54101562, 5460.01953125, 23804.796875, 1555.71838379, 716.090454102, 412.310760498, 324.287841797, 183.796142578, 71.4364395142, 147.301391602, 461.807159424, 2490.01049805, 292.975036621, 33.2214851379, 2.77931571007, 0.642409563065, 0.0395197942853, 0.00184698123485, 0.000176044864929, 1.28068631966e-05, 4.23765769142e-08], "dmean": [1.90318453312, 7.93758106232, 9.47246265411, 9.25188732147, 6.05583095551, 3.92256617546, 2.92789435387, 2.18320345879, 1.51521682739, 1.44034183025, 1.95886218548, 3.215061903, 3.42029261589, 4.67694091797, 8.3744802475, 8.60786914825, 14.0872869492, 18.0916213989, 20.0382900238, 20.4130401611, 27.0175228119, 47.0685653687, 21.3079547882, 14.8946447372, 12.4111394882, 9.11563110352, 7.23360347748, 6.02695846558, 8.44157886505, 13.4395036697, 32.4894599915, 9.49477481842, 3.4983382225, 0.984952449799, 0.336710005999, 0.0972819775343, 0.0226849094033, 0.00498731713742, 0.000938275479712, 9.804063302e-05], "max": [12.1636428833, 54.3543930054, 123.793609619, 130.955352783, 108.193641663, 75.093536377, 82.3660888672, 73.0818710327, 37.6518478394, 33.833694458, 69.0679473877, 149.680374146, 196.15284729, 294.797821045, 410.603118896, 546.898681641, 413.931671143, 1825.57873535, 811.328857422, 1165.71398926, 1887.05151367, 2305.60546875, 644.991149902, 549.633483887, 1022.41162109, 1362.00305176, 911.042175293, 191.18510437, 232.450897217, 369.829681396, 415.040863037, 794.605773926, 170.094207764, 75.6647949219, 40.145816803, 8.42884063721, 1.03788387775, 0.215689450502, 0.0681456625462, 0.00305991596542], "var": [5.91298818588, 85.3328094482, 158.957489014, 135.598373413, 98.027961731, 34.3617935181, 25.4824981689, 15.6951713562, 4.41056966782, 5.65555381775, 12.6140375137, 55.5044403076, 84.4467926025, 176.536315918, 663.403015137, 356.178588867, 868.280517578, 2138.26318359, 2466.34082031, 4283.71435547, 10037.265625, 43643.6601562, 3167.98950195, 1424.2088623, 1006.19506836, 810.388671875, 385.076446533, 194.803634644, 390.701568604, 1650.43823242, 8630.33691406, 788.761535645, 89.9957809448, 7.52930259705, 1.41662693024, 0.074710316956, 0.00247682118788, 0.000147502971231, 8.56895985635e-06, 3.57736560375e-08], "mean": [2.72273159027, 10.6962203979, 11.5071029663, 12.5199222565, 8.82299232483, 5.65488386154, 4.45563220978, 3.28423547745, 2.36100053787, 2.27248239517, 3.06016254425, 5.1161866188, 5.43696975708, 7.45116996765, 15.0362234116, 13.316576004, 20.7449436188, 26.057926178, 28.6954555511, 30.234046936, 41.0040817261, 68.8606643677, 34.3804359436, 24.8553771973, 21.3003959656, 16.387840271, 12.5534324646, 10.9036903381, 15.048948288, 27.2873210907, 60.4680938721, 17.8896408081, 6.272585392, 1.74336469173, 0.517713844776, 0.126722052693, 0.0253501050174, 0.00466796802357, 0.00083518284373, 0.000161410003784]}, "spectral_strongpeak": {"dmean2": 0.589264035225, "median": 0.489855676889, "min": 0, "dvar2": 1.76149594784, "dvar": 0.705224335194, "dmean": 0.344438612461, "max": 16.2259616852, "var": 0.638693034649, "mean": 0.57958817482}, "spectral_energy": {"dmean2": 0.0734855681658, "median": 0.0851435363293, "min": 1.05961020597e-20, "dvar2": 0.00454469537362, "dvar": 0.00176377873868, "dmean": 0.0453371740878, "max": 0.262806534767, "var": 0.00283656991087, "mean": 0.0943462327123}, "average_loudness": 0.93122535944, "spectral_rolloff": {"dmean2": 1673.14990234, "median": 150.732421875, "min": 43.06640625, "dvar2": 7017171, "dvar": 2906328.25, "dmean": 930.747924805, "max": 21102.5390625, "var": 4394117, "mean": 1204.14746094}, "spectral_centroid": {"dmean2": 692.59375, "median": 1645.8659668, "min": 111.703186035, "dvar2": 365860, "dvar": 183515.21875, "dmean": 458.535522461, "max": 11056.5820312, "var": 743637.75, "mean": 1657.02282715}, "pitch_salience": {"dmean2": 0.208952188492, "median": 0.402557641268, "min": 0.072584323585, "dvar2": 0.0267621744424, "dvar": 0.0100708529353, "dmean": 0.126459419727, "max": 0.965709686279, "var": 0.0223261546344, "mean": 0.401221752167}, "spectral_energyband_middle_high": {"dmean2": 0.00378100876696, "median": 0.00313779548742, "min": 1.61780806133e-21, "dvar2": 3.18983802572e-05, "dvar": 1.44572431964e-05, "dmean": 0.00245804688893, "max": 0.0487485043705, "var": 4.04580168833e-05, "mean": 0.00531338900328}, "spectral_contrast_coeffs": {"dmean2": [0.0980181321502, 0.073108330369, 0.0598015114665, 0.0531543828547, 0.0470355525613, 0.0357224866748], "median": [-0.705335736275, -0.80761307478, -0.82566177845, -0.811902940273, -0.798239529133, -0.757210731506], "min": [-0.965968608856, -0.986911892891, -0.969279170036, -0.963483631611, -0.962374150753, -0.960895061493], "dvar2": [0.00588843040168, 0.00321813719347, 0.00223629293032, 0.00189305620734, 0.00182773801498, 0.0013296273537], "dvar": [0.00201054359786, 0.00111903017387, 0.000825888419058, 0.000734136789106, 0.000749090278987, 0.000593047065195], "dmean": [0.05720468238, 0.0431293733418, 0.0360413901508, 0.0324762389064, 0.029412297532, 0.0238065160811], "max": [-0.453639358282, -0.534439146519, -0.580289781094, -0.582421541214, -0.556276738644, -0.496883273125], "var": [0.0036530464422, 0.00214794604108, 0.00221127900295, 0.00213136291131, 0.00221345270984, 0.00190870207734], "mean": [-0.702273070812, -0.80426377058, -0.820059299469, -0.807915389538, -0.790241479874, -0.75819593668]}, "melbands_skewness": {"dmean2": 3.99318289757, "median": 6.55922698975, "min": -2.18967914581, "dvar2": 13.0759620667, "dvar": 5.05401945114, "dmean": 2.49825406075, "max": 24.8524875641, "var": 14.3185749054, "mean": 7.02497196198}, "spectral_spread": {"dmean2": 1327604.125, "median": 4876395, "min": 628391.0625, "dvar2": 1688346820610.0, "dvar": 884992311296, "dmean": 940004.625, "max": 41221532, "var": 4309467529220.0, "mean": 5040712.5}, "dissonance": {"dmean2": 0.0140997534618, "median": 0.490777254105, "min": 0.198479250073, "dvar2": 0.00030098928255, "dvar": 0.000112447873107, "dmean": 0.00830578617752, "max": 0.5, "var": 0.000152043168782, "mean": 0.487451523542}, "spectral_skewness": {"dmean2": 0.51022952795, "median": 1.09153676033, "min": -0.206267505884, "dvar2": 0.50813382864, "dvar": 0.203342556953, "dmean": 0.339283019304, "max": 9.56673812866, "var": 0.603616774082, "mean": 1.22461366653}, "spectral_flux": {"dmean2": 0.0943817943335, "median": 0.151366531849, "min": 6.45259262688e-11, "dvar2": 0.00636579608545, "dvar": 0.00257734092884, "dmean": 0.0579147860408, "max": 0.486449450254, "var": 0.00518427416682, "mean": 0.162797138095}, "spectral_contrast_valleys": {"dmean2": [0.594351649284, 0.622522056103, 0.598518192768, 0.679653227329, 0.614903271198, 0.874530017376], "median": [-6.03106880188, -7.01231241226, -7.27159404755, -7.26944732666, -7.05808162689, -9.45252799988], "min": [-28.0718803406, -27.935546875, -27.7643680573, -27.5371170044, -27.2450199127, -27.3836288452], "dvar2": [0.211247041821, 0.254397511482, 0.260300636292, 0.389328241348, 0.414222121239, 0.957747399807], "dvar": [0.0892671272159, 0.106383517385, 0.121833749115, 0.193325892091, 0.200495272875, 0.430726677179], "dmean": [0.359739989042, 0.379479765892, 0.384749621153, 0.443411678076, 0.421131044626, 0.659605741501], "max": [-4.89032745361, -5.70039415359, -5.68514060974, -5.60021352768, -5.20566558838, -7.41591835022], "var": [0.997433841228, 0.695089042187, 0.695156514645, 0.995905816555, 1.27850151062, 2.40074038506], "mean": [-6.1850399971, -7.12366580963, -7.36898946762, -7.36599731445, -7.26994419098, -9.78319835663]}, "erbbands_flatness_db": {"dmean2": 0.0384103879333, "median": 0.12993042171, "min": 0.0373654775321, "dvar2": 0.00128935603425, "dvar": 0.000553622026928, "dmean": 0.0254276860505, "max": 0.36597892642, "var": 0.00249426625669, "mean": 0.143467411399}, "spectral_energyband_high": {"dmean2": 0.00194420164917, "median": 0.000968385546003, "min": 7.2687123079e-21, "dvar2": 6.66382584313e-06, "dvar": 4.45430805485e-06, "dmean": 0.00143111404032, "max": 0.0426138937473, "var": 1.83381034731e-05, "mean": 0.00328519870527}, "spectral_entropy": {"dmean2": 0.372171163559, "median": 7.84046173096, "min": 4.84400177002, "dvar2": 0.170853599906, "dvar": 0.0799136459827, "dmean": 0.25569024682, "max": 9.79953098297, "var": 0.269834011793, "mean": 7.76244068146}, "silenc