{"tonal": {"thpcp": [1, 0.65138477087, 0.325128376484, 0.240474760532, 0.218046113849, 0.355434119701, 0.43993088603, 0.353117227554, 0.296485930681, 0.249039396644, 0.207980111241, 0.247922047973, 0.283225417137, 0.342862308025, 0.665772378445, 0.863782703876, 0.545546174049, 0.250610262156, 0.202516421676, 0.204302385449, 0.35024023056, 0.513695120811, 0.442794233561, 0.314030110836, 0.276964306831, 0.313530951738, 0.482432037592, 0.538326621056, 0.359771460295, 0.354665160179, 0.470554322004, 0.384949415922, 0.274113208055, 0.263299584389, 0.358415186405, 0.758491396904], "hpcp": {"dmean2": [0.311832457781, 0.264512121677, 0.19262881577, 0.164861693978, 0.150125101209, 0.181401968002, 0.238251194358, 0.252205103636, 0.235331818461, 0.218327254057, 0.216260194778, 0.250351399183, 0.250903487206, 0.200239479542, 0.204965218902, 0.218011468649, 0.242258936167, 0.213206335902, 0.190674290061, 0.2380618155, 0.300948381424, 0.32077896595, 0.282458275557, 0.21139703691, 0.178147405386, 0.164828255773, 0.194120466709, 0.238303750753, 0.247451275587, 0.211421042681, 0.17848624289, 0.155988231301, 0.168670013547, 0.186827942729, 0.226872429252, 0.283129096031], "median": [0.110923551023, 0.0738184824586, 0.0165597740561, 0.0103239072487, 0.0144709218293, 0.0334472842515, 0.0460984669626, 0.0375514626503, 0.0174659546465, 0.015575540252, 0.0204900670797, 0.0470040477812, 0.0482406802475, 0.0333275347948, 0.0159254334867, 0.0164563134313, 0.0161828175187, 0.0148170143366, 0.0124513981864, 0.0239616837353, 0.103990621865, 0.14614726603, 0.0928502976894, 0.0265977308154, 0.0131710339338, 0.0117954546586, 0.0187027268112, 0.0238914955407, 0.0217357892543, 0.0117009626701, 0.00816614553332, 0.0101191727445, 0.0198669694364, 0.0239420887083, 0.0290060508996, 0.0747562944889], "min": [0, 0, 0, 0, 0, 0, 0, 0, 0, 0, 0, 0, 0, 0, 0, 0, 0, 0, 0, 0, 0, 0, 0, 0, 0, 0, 0, 0, 0, 0, 0, 0, 0, 0, 0, 0], "dvar2": [0.134285435081, 0.11070420593, 0.105483397841, 0.0948102846742, 0.0735162049532, 0.0779631361365, 0.116569235921, 0.139333084226, 0.150747984648, 0.127993538976, 0.119753994048, 0.122329615057, 0.124883085489, 0.0907812342048, 0.112882144749, 0.119338326156, 0.138342857361, 0.130604207516, 0.104953944683, 0.126365378499, 0.128934875131, 0.138438403606, 0.116985887289, 0.0995450392365, 0.100754484534, 0.0907535478473, 0.100280575454, 0.140845805407, 0.151338160038, 0.124102391303, 0.107579275966, 0.0909272655845, 0.0934684276581, 0.0932873860002, 0.114715248346, 0.126387491822], "dvar": [0.0584564842284, 0.042318675667, 0.0374593436718, 0.0335106104612, 0.0267676562071, 0.0296454038471, 0.0458510778844, 0.0523336827755, 0.0564700216055, 0.0470381639898, 0.0451391637325, 0.0459609851241, 0.0489485040307, 0.0340012349188, 0.04183614254, 0.0489482991397, 0.0502891689539, 0.0457855500281, 0.0385444760323, 0.0460667125881, 0.0518818311393, 0.0596357584, 0.0443842150271, 0.0374966561794, 0.0371284969151, 0.0323719456792, 0.0376868546009, 0.0538066700101, 0.0552490092814, 0.0473668538034, 0.0401048921049, 0.0329460352659, 0.033914078027, 0.0340317115188, 0.0414861850441, 0.0498911216855], "dmean": [0.184229880571, 0.15245296061, 0.106014408171, 0.0903824791312, 0.0830268338323, 0.103718213737, 0.135456591845, 0.142259091139, 0.129152089357, 0.119798570871, 0.121335670352, 0.141424760222, 0.143352881074, 0.11402117461, 0.115737609565, 0.122780002654, 0.134171381593, 0.115959629416, 0.104216389358, 0.132666125894, 0.175768390298, 0.188681155443, 0.166072309017, 0.118981473148, 0.097293689847, 0.090059928596, 0.108112499118, 0.13245524466, 0.136405527592, 0.116448253393, 0.0982221961021, 0.0859877690673, 0.0934666469693, 0.104267835617, 0.126387685537, 0.164219990373], "max": [1, 1, 1, 1, 1, 1, 1, 1, 1, 1, 1, 1, 1, 1, 1, 1, 1, 1, 1, 1, 1, 1, 1, 1, 1, 1, 1, 1, 1, 1, 1, 1, 1, 1, 1, 1], "var": [0.118266224861, 0.0574923530221, 0.0295812059194, 0.0251849014312, 0.022036543116, 0.0370169393718, 0.071851208806, 0.0562566258013, 0.04760658741, 0.0367970056832, 0.0410200208426, 0.0593368560076, 0.0737116336823, 0.0376176312566, 0.0491799451411, 0.0852255150676, 0.0547920204699, 0.0380583666265, 0.0364829674363, 0.0442072451115, 0.0919926688075, 0.133132919669, 0.0668921247125, 0.0379165560007, 0.0323001369834, 0.0258755758405, 0.0523166954517, 0.0715341046453, 0.0475264526904, 0.0460243560374, 0.0383114926517, 0.0269438419491, 0.0288875438273, 0.0311549063772, 0.0387665219605, 0.0838801115751], "mean": [0.284756243229, 0.179845795035, 0.0826166570187, 0.0667619481683, 0.0673507153988, 0.1154608652, 0.169345706701, 0.145972386003, 0.103523768485, 0.0913045853376, 0.103359207511, 0.159039467573, 0.177465781569, 0.118602946401, 0.116919592023, 0.155123829842, 0.126903161407, 0.0903646796942, 0.0867998450994, 0.118155829608, 0.250045716763, 0.329661905766, 0.214736744761, 0.107182435691, 0.0792753696442, 0.0718814954162, 0.117173090577, 0.145028457046, 0.116409301758, 0.0977401137352, 0.0820988044143, 0.068563118577, 0.0817304551601, 0.093368627131, 0.113028645515, 0.219479784369]}, "tuning_equal_tempered_deviation": 0.0654141902924, "chords_changes_rate": 0.0577609762549, "key_key": "A", "tuning_diatonic_strength": 0.674440860748, "key_scale": "major", "chords_number_rate": 0.00210039899684, "tuning_frequency": 441.782684326, "tuning_nontempered_energy_ratio": 0.728080570698, "chords_histogram": [52.7200164795, 1.82734715939, 10.8170557022, 0.840159654617, 1.49128329754, 0, 1.07120347023, 0.273051887751, 0.546103775501, 0.567107737064, 3.86473441124, 0.651123702526, 0, 0.336063861847, 0, 0, 0.126023948193, 4.1377863884, 0.0420079827309, 7.79248046875, 0.588111758232, 0.399075835943, 5.75509357452, 6.15416908264], "key_strength": 0.881275296211, "chords_key": "A", "chords_strength": {"dmean2": 0.0109317824244, "median": 0.559702277184, "min": 0.245407864451, "dvar2": 9.27410583245e-05, "dvar": 8.06450916571e-05, "dmean": 0.0111310789362, "max": 0.859980225563, "var": 0.011952211149, "mean": 0.563136398792}, "chords_scale": "major", "hpcp_entropy": {"dmean2": 1.11059129238, "median": 1.93015003204, "min": 0, "dvar2": 0.808742403984, "dvar": 0.298022329807, "dmean": 0.657752871513, "max": 4.22125339508, "var": 0.563814878464, "mean": 1.90822839737}}, "metadata": {"audio_properties": {"equal_loudness": 0, "codec": "mp3", "downmix": "mix", "sample_rate": 44100, "analysis_sample_rate": 44100, "bit_rate": 256030, "md5_encoded": "a289ecb47023c9aed6e62824138cd611", "length": 221.048156738, "replay_gain": -6.50343132019, "lossless": false}, "version": {"essentia_build_sha": "70f2e5ece6736b2c40cc944ad0e695b16b925413", "essentia": "2.1-beta2", "extractor": "music 1.0", "essentia_git_sha": "v2.1_beta2"}, "tags": {"title": ["Judy Teen"], "artist": ["Steve Harley & Cockney Rebel"], "date": ["1974"], "genre": ["Rock"], "length": ["221"], "album": ["I Can't Even Touch You"], "tracknumber": ["2"], "discnumber": ["1"], "musicbrainz_recordingid": ["154aca29-4391-4a48-93ce-5fe5b31ce704"], "file_name": "2086825.mp3"}}, "rhythm": {"bpm_histogram_first_peak_bpm": {"dmean2": 0, "median": 133, "min": 133, "dvar2": 0, "dvar": 0, "dmean": 0, "max": 133, "var": 0, "mean": 133}, "bpm": 131.737487793, "bpm_histogram_second_peak_spread": {"dmean2": 0, "median": 0.214285731316, "min": 0.214285731316, "dvar2": 0, "dvar": 0, "dmean": 0, "max": 0.214285731316, "var": 0, "mean": 0.214285731316}, "bpm_histogram_first_peak_weight": {"dmean2": 0, "median": 0.511387169361, "min": 0.511387169361, "dvar2": 0, "dvar": 0, "dmean": 0, "max": 0.511387169361, "var": 0, "mean": 0.511387169361}, "onset_rate": 3.97619557381, "beats_position": [0.487619042397, 0.986848056316, 1.48607707024, 1.98530614376, 2.47292518616, 2.96054410934, 3.3785033226, 3.79646253586, 4.21442174911, 4.57433080673, 4.92263031006, 5.27092981339, 5.630838871, 6.08362817764, 6.53641700745, 6.98920631409, 7.45360517502, 7.90639448166, 8.37079334259, 8.82358264923, 9.26476192474, 9.70594120026, 10.1587295532, 10.6115188599, 11.0526981354, 11.505487442, 11.9582767487, 12.4226751328, 12.8638544083, 13.3166437149, 13.7694330215, 14.2106122971, 14.6517915726, 15.1161899567, 15.5805892944, 16.0449886322, 16.5209980011, 16.9853973389, 17.4381847382, 17.9025840759, 18.3669834137, 18.8313827515, 19.2841720581, 19.7369613647, 20.2013607025, 20.6541500092, 21.1069393158, 21.5713367462, 22.035736084, 22.4885253906, 22.9413146973, 23.405714035, 23.8701133728, 24.3229026794, 24.7989120483, 25.2633094788, 25.7277088165, 26.1921081543, 26.6565074921, 27.1209068298, 27.5853061676, 28.0497055054, 28.5141029358, 28.9785022736, 29.4429016113, 29.895690918, 30.3484802246, 30.8012695312, 31.265668869, 31.7184581757, 32.171245575, 32.6472549438, 33.111656189, 33.5644454956, 34.0172348022, 34.4816322327, 34.9460296631, 35.4104309082, 35.8748283386, 36.3392295837, 36.8036270142, 37.244808197, 37.6859855652, 38.1387748718, 38.6031723022, 39.0559616089, 39.520362854, 39.9847602844, 40.4375495911, 40.8903388977, 41.3431282043, 41.795917511, 42.2603149414, 42.7014961243, 43.1426734924, 43.5954627991, 44.0482521057, 44.5126533508, 44.9654426575, 45.4182319641, 45.8710212708, 46.3238105774, 46.7765960693, 47.229385376, 47.6821746826, 48.1349639893, 48.5761451721, 49.0289344788, 49.4817237854, 49.934513092, 50.3873023987, 50.8284797668, 51.2928771973, 51.7572784424, 52.1984558105, 52.6512451172, 53.1040344238, 53.5568237305, 54.0096130371, 54.4624023438, 54.9151916504, 55.367980957, 55.8207702637, 56.2735595703, 56.726348877, 57.1791381836, 57.6319274902, 58.0847167969, 58.5375061035, 58.9902954102, 59.4663009644, 59.9307022095, 60.3950996399, 60.859500885, 61.3238983154, 61.7882995605, 62.2410888672, 62.6938781738, 63.1582756042, 63.6226730347, 64.0870742798, 64.5398635864, 64.9926528931, 65.4570541382, 65.9214477539, 66.3742370605, 66.8270263672, 67.2914276123, 67.7558288574, 68.2086181641, 68.6614074707, 69.1258010864, 69.566986084, 70.0081634521, 70.4609527588, 70.9253463745, 71.3781356812, 71.8309249878, 72.2837142944, 72.7365036011, 73.1776885986, 73.6304779053, 74.0832672119, 74.5360565186, 74.9772338867, 75.4184112549, 75.8712005615, 76.3239898682, 76.7767791748, 77.2295684814, 77.6823577881, 78.1351470947, 78.5879364014, 79.040725708, 79.4935150146, 79.9463043213, 80.3874816895, 80.8402709961, 81.2930603027, 81.7458496094, 82.198638916, 82.6514282227, 83.1158294678, 83.5686187744, 84.0097961426, 84.4509735107, 84.9153747559, 85.3681640625, 85.8209533691, 86.2737426758, 86.7381362915, 87.1909255981, 87.6437149048, 88.0965042114, 88.5609054565, 89.0136947632, 89.4664840698, 89.9192733765, 90.3720626831, 90.8364639282, 91.2892532349, 91.7420425415, 92.2064361572, 92.6708374023, 93.1120147705, 93.5531921387, 94.0059814453, 94.458770752, 94.9231719971, 95.3875732422, 95.8519744873, 96.316368103, 96.7691574097, 97.2451705933, 97.709564209, 98.1739654541, 98.6383666992, 99.1027679443, 99.5671615601, 100.019950867, 100.472740173, 100.92552948, 101.378318787, 101.831108093, 102.2838974, 102.725074768, 103.177864075, 103.619049072, 104.083442688, 104.547843933, 105.00063324, 105.453422546, 105.906211853, 106.35900116, 106.811790466, 107.276191711, 107.728981018, 108.181770325, 108.634559631, 109.087341309, 109.551742554, 110.00453186, 110.457321167, 110.921722412, 111.386123657, 111.827301025, 112.291702271, 112.756095886, 113.23210907, 113.696502686, 114.160903931, 114.613693237, 115.066482544, 115.519271851, 115.983673096, 116.436462402, 116.889251709, 117.342041016, 117.794830322, 118.259223938, 118.700408936, 119.164802551, 119.629203796, 120.093605042, 120.53478241, 120.999183655, 121.463577271, 121.927978516, 122.369155884, 122.833557129, 123.286346436, 123.750747681, 124.203536987, 124.656326294, 125.12071991, 125.573509216, 126.037910461, 126.490699768, 126.943489075, 127.40789032, 127.872291565, 128.336685181, 128.801086426, 129.265487671, 129.718276978, 130.171066284, 130.623855591, 131.076644897, 131.517822266, 131.970611572, 132.423400879, 132.876190186, 133.328979492, 133.793380737, 134.257781982, 134.698959351, 135.151748657, 135.627746582, 136.068939209, 136.533325195, 136.986114502, 137.438903809, 137.891693115, 138.344482422, 138.797271729, 139.250061035, 139.71446228, 140.178863525, 140.643264771, 141.096054077, 141.548843384, 141.990020752, 142.43119812, 142.895599365, 143.36000061, 143.824401855, 144.288803101, 144.741577148, 145.194366455, 145.6587677, 146.123168945, 146.575958252, 147.028747559, 147.493148804, 147.957550049, 148.398727417, 148.863128662, 149.327529907, 149.791931152, 150.256317139, 150.720718384, 151.185119629, 151.649520874, 152.102310181, 152.555099487, 153.019500732, 153.460678101, 153.901855469, 154.354644775, 154.807434082, 155.260223389, 155.713012695, 156.165802002, 156.618591309, 157.059768677, 157.512557983, 157.96534729, 158.418136597, 158.870925903, 159.312103271, 159.764892578, 160.217681885, 160.68208313, 161.134872437, 161.587661743, 162.04045105, 162.493240356, 162.946029663, 163.39881897, 163.863220215, 164.304397583, 164.75718689, 165.209976196, 165.674377441, 166.138778687, 166.579956055, 167.021133423, 167.473922729, 167.926712036, 168.391113281, 168.855514526, 169.319900513, 169.772689819, 170.225479126, 170.689880371, 171.142669678, 171.595458984, 172.048248291, 172.501037598, 172.965438843, 173.406616211, 173.871017456, 174.335418701, 174.799819946, 175.240997314, 175.693786621, 176.146575928, 176.610977173, 177.063766479, 177.516555786, 177.980941772, 178.445343018, 178.909744263, 179.374145508, 179.838546753, 180.302947998, 180.778961182, 181.254959106, 181.696136475, 182.16053772, 182.624938965, 183.08934021, 183.542129517, 184.006530762, 184.459320068, 184.912109375, 185.364898682, 185.817687988, 186.270477295, 186.711654663, 187.176055908, 187.617233276, 188.058410645, 188.511199951, 188.963989258, 189.428390503, 189.892791748, 190.345581055, 190.798370361, 191.262756348, 191.727157593, 192.179946899, 192.632736206, 193.097137451, 193.549926758, 194.002716064, 194.46711731, 194.908294678, 195.361083984, 195.813873291, 196.278274536, 196.742675781, 197.218673706, 197.683074951, 198.147476196, 198.611877441, 199.064666748, 199.529067993, 199.9818573, 200.434646606, 200.875823975, 201.328613281, 201.781402588, 202.245803833, 202.69859314, 203.151382446, 203.604171753, 204.05696106, 204.509750366, 204.962539673, 205.415328979, 205.868118286, 206.320907593, 206.773696899, 207.226486206, 207.679275513, 208.132064819, 208.584854126, 209.037643433, 209.490432739, 209.954818726, 210.419219971, 210.872009277, 211.324798584, 211.777587891, 212.230377197, 212.683166504, 213.135955811, 213.600357056, 214.053146362, 214.505935669, 214.947113037, 215.399902344, 215.85269165, 216.305480957, 216.758270264, 217.222671509, 217.675460815, 218.128250122, 218.581039429, 219.033828735, 219.49822998, 219.974243164, 220.461853027], "beats_loudness": {"dmean2": 0.0531924776733, "median": 0.0322367697954, "min": 3.75000979602e-07, "dvar2": 0.0023384205997, "dvar": 0.000833977595903, "dmean": 0.0308532137424, "max": 0.180913478136, "var": 0.000944482395425, "mean": 0.0375518761575}, "danceability": 1.25180184841, "bpm_histogram_second_peak_weight": {"dmean2": 0, "median": 0.0227743275464, "min": 0.0227743275464, "dvar2": 0, "dvar": 0, "dmean": 0, "max": 0.0227743275464, "var": 0, "mean": 0.0227743275464}, "beats_count": 484, "bpm_histogram_second_peak_bpm": {"dmean2": 0, "median": 126, "min": 126, "dvar2": 0, "dvar": 0, "dmean": 0, "max": 126, "var": 0, "mean": 126}, "bpm_histogram_first_peak_spread": {"dmean2": 0, "median": 0.461873590946, "min": 0.461873590946, "dvar2": 0, "dvar": 0, "dmean": 0, "max": 0.461873590946, "var": 0, "mean": 0.461873590946}, "beats_loudness_band_ratio": {"dmean2": [0.427962899208, 0.318100839853, 0.245018437505, 0.117740489542, 0.0808224529028, 0.18842972815], "median": [0.488604784012, 0.191643461585, 0.127017945051, 0.0259470045567, 0.0267689563334, 0.0781679153442], "min": [0.00323160691187, 0.00368661782704, 0.000909537367988, 0.000127081744722, 0.000167680424056, 5.08133452968e-05], "dvar2": [0.129668980837, 0.0571692213416, 0.0599042028189, 0.0324453487992, 0.0159163996577, 0.0501626692712], "dvar": [0.0432932823896, 0.0220659822226, 0.0205242745578, 0.0115076163784, 0.00489155063406, 0.0175425764173], "dmean": [0.24621322751, 0.181782349944, 0.140639126301, 0.0662492439151, 0.0441715456545, 0.103491477668], "max": [0.972784936428, 0.879936695099, 0.927052974701, 0.841005563736, 0.578810155392, 0.959299981594], "var": [0.0537689775229, 0.0299652274698, 0.0219343248755, 0.0109264096245, 0.00339198461734, 0.0153212444857], "mean": [0.471008390188, 0.223525494337, 0.165401503444, 0.0662827417254, 0.0435416437685, 0.109162695706]}}, "lowlevel": {"barkbands_spread": {"dmean2": 11.7598466873, "median": 19.4391670227, "min": 0.511875331402, "dvar2": 183.577133179, "dvar": 88.277885437, "dmean": 7.79533815384, "max": 128.312698364, "var": 311.029449463, "mean": 23.4732112885}, "melbands_spread": {"dmean2": 13.68983078, "median": 17.1703605652, "min": 0.550665378571, "dvar2": 444.51953125, "dvar": 220.761367798, "dmean": 8.82657623291, "max": 258.78918457, "var": 575.424377441, "mean": 22.669424057}, "hfc": {"dmean2": 11.2209205627, "median": 11.2789754868, "min": 1.16383121046e-16, "dvar2": 435.161376953, "dvar": 250.65020752, "dmean": 8.55499458313, "max": 280.612701416, "var": 739.591552734, "mean": 19.938167572}, "barkbands_kurtosis": {"dmean2": 7.45527839661, "median": 2.74835681915, "min": -1.95460796356, "dvar2": 191.370849609, "dvar": 78.888671875, "dmean": 4.71322202682, "max": 168.731155396, "var": 167.022781372, "mean": 6.84609079361}, "gfcc": {"mean": [-45.4233322144, 89.3963775635, -102.055854797, 41.0234184265, -68.5938796997, 8.86551761627, -44.2193565369, 7.03553962708, -21.4583740234, -3.58356118202, -17.3808517456, -7.31989049911, -15.6656866074], "icov": [[0.000124634112581, -0.000133282126626, 0.000155580826686, -0.000209659105167, 0.000222119648242, -0.000386275642086, 0.000436932517914, -0.000369409914128, 0.000413629924878, -0.000209049394471, 0.000165145218489, 0.000129351814394, -2.00951599254e-05], [-0.000133282126626, 0.00179591740016, -0.00038471314474, 0.000883905275259, -0.00138059654273, 0.00104522029869, -0.00139062665403, 0.00131851353217, -0.00135553558357, 0.00200585904531, -0.00213105231524, 0.00166856951546, -0.00100392231252], [0.000155580826686, -0.00038471314474, 0.00138211075682, -0.000834868813399, 0.000151639906107, -0.00113989284728, 0.00117600290105, -0.00038287739153, 0.000526402203832, -0.000274955469649, 0.00108654575888, -0.000922961335164, 0.000867936236318], [-0.000209659105167, 0.000883905275259, -0.000834868813399, 0.00279196188785, -0.000823709648103, 0.000994980102405, -0.00116196495946, 0.00126191671006, -0.00219024438411, 0.00188864662778, -0.00131560792215, 0.000846632290632, -0.000837488856632], [0.000222119648242, -0.00138059654273, 0.000151639906107, -0.000823709648103, 0.00409376900643, -0.00073192716809, 0.000671365531161, -0.00183377740905, 0.00119253469165, -0.00140960502904, 0.000304973073071, 0.000444496923592, -0.000408641353715], [-0.000386275642086, 0.00104522029869, -0.00113989284728, 0.000994980102405, -0.00073192716809, 0.0055562350899, -0.00352001469582, 0.000936384312809, -0.000352036004188, 2.30849800573e-05, -0.000580582534894, -0.00087177491514, 0.00094997335691], [0.000436932517914, -0.00139062665403, 0.00117600290105, -0.00116196495946, 0.000671365531161, -0.00352001469582, 0.0082828970626, -0.00276089576073, 0.000660051766317, 0.00034885268542, -0.000634192838334, 0.000567390292417, 8.66146074259e-05], [-0.000369409914128, 0.00131851353217, -0.00038287739153, 0.00126191671006, -0.00183377740905, 0.000936384312809, -0.00276089576073, 0.00974392797798, -0.00498318159953, -0.00017557751562, 0.000538357475307, -0.000685429316945, 0.0006263392861], [0.000413629924878, -0.00135553558357, 0.000526402203832, -0.00219024438411, 0.00119253469165, -0.000352036004188, 0.000660051766317, -0.00498318159953, 0.0127503369004, -0.00516308005899, 0.00113295391202, 0.00124199129641, -0.00114253140055], [-0.000209049394471, 0.00200585904531, -0.000274955469649, 0.00188864662778, -0.00140960502904, 2.30849800573e-05, 0.00034885268542, -0.00017557751562, -0.00516308005899, 0.0142075251788, -0.00535502890125, 0.00228137313388, 0.000378716445994], [0.000165145218489, -0.00213105231524, 0.00108654575888, -0.00131560792215, 0.000304973073071, -0.000580582534894, -0.000634192838334, 0.000538357475307, 0.00113295391202, -0.00535502890125, 0.0152579229325, -0.00776643399149, 0.00270546949469], [0.000129351814394, 0.00166856951546, -0.000922961335164, 0.000846632290632, 0.000444496923592, -0.00087177491514, 0.000567390292417, -0.000685429316945, 0.00124199129641, 0.00228137313388, -0.00776643399149, 0.0140781719238, -0.00670404778793], [-2.00951599254e-05, -0.00100392231252, 0.000867936236318, -0.000837488856632, -0.000408641353715, 0.00094997335691, 8.66146074259e-05, 0.0006263392861, -0.00114253140055, 0.000378716445994, 0.00270546949469, -0.00670404778793, 0.0135309314355]], "cov": [[14823.1113281, -1052.41882324, -510.268157959, 174.401260376, -678.686401367, 635.905334473, -453.717651367, 212.668258667, -283.395172119, 115.414009094, -238.991592407, -159.644714355, -143.098007202], [-1052.41882324, 1649.31896973, -165.612426758, -62.4188995361, 447.71685791, -216.725814819, 206.609344482, -81.117767334, 76.574432373, -114.388259888, 125.012252808, -109.558914185, 89.1262435913], [-510.268157959, -165.612426758, 1176.83117676, 227.873001099, -3.32291555405, 160.219161987, -79.2130279541, -23.2332820892, -27.0444335938, -26.2897109985, -47.537437439, 57.5483856201, -47.7249259949], [174.401260376, -62.4188995361, 227.873001099, 559.570373535, 38.5213317871, -18.4310932159, 8.76349925995, -12.0697050095, 53.1994972229, -36.4936485291, -3.13417577744, -6.46499347687, 21.5422992706], [-678.686401367, 447.71685791, -3.32291555405, 38.5213317871, 423.515563965, -44.0245628357, 75.682975769, 30.8547267914, 45.6716079712, -1.70135819912, 37.6553115845, -37.2851676941, 26.6778373718], [635.905334473, -216.725814819, 160.219161987, -18.4310932159, -44.0245628357, 339.46673584, 61.8754348755, 29.7056751251, -28.0826416016, 24.9940986633, -0.760775148869, 31.3676528931, -40.8645439148], [-453.717651367, 206.609344482, -79.2130279541, 8.76349925995, 75.682975769, 61.8754348755, 225.369216919, 36.5535430908, 33.4427032471, -8.4628868103, 37.4804840088, -10.1169805527, 5.6398730278], [212.668258667, -81.117767334, -23.2332820892, -12.0697050095, 30.8547267914, 29.7056751251, 36.5535430908, 169.104034424, 62.6366539001, 40.8597106934, -9.57398796082, -8.90653800964, -12.5280981064], [-283.395172119, 76.574432373, -27.0444335938, 53.1994972229, 45.6716079712, -28.0826416016, 33.4427032471, 62.6366539001, 142.385284424, 40.098865509, 7.25204992294, -24.1729164124, 7.99918079376], [115.414009094, -114.388259888, -26.2897109985, -36.4936485291, -1.70135819912, 24.9940986633, -8.4628868103, 40.8597106934, 40.098865509, 116.202178955, 20.2358932495, -2.7947101593, -17.8286190033], [-238.991592407, 125.012252808, -47.537437439, -3.13417577744, 37.6553115845, -0.760775148869, 37.4804840088, -9.57398796082, 7.25204992294, 20.2358932495, 119.228034973, 49.7790794373, 14.0397291183], [-159.644714355, -109.558914185, 57.5483856201, -6.46499347687, -37.2851676941, 31.3676528931, -10.1169805527, -8.90653800964, -24.1729164124, -2.7947101593, 49.7790794373, 143.734222412, 43.9900283813], [-143.098007202, 89.1262435913, -47.7249259949, 21.5422992706, 26.6778373718, -40.8645439148, 5.6398730278, -12.5280981064, 7.99918079376, -17.8286190033, 14.0397291183, 43.9900283813, 109.080635071]]}, "spectral_energyband_middle_low": {"dmean2": 0.0107520828024, "median": 0.0100126434118, "min": 3.92546678012e-22, "dvar2": 0.000423936842708, "dvar": 0.000182311297976, "dmean": 0.00692349672318, "max": 0.172507807612, "var": 0.000311985233566, "mean": 0.014233908616}, "melbands_crest": {"dmean2": 5.46526479721, "median": 13.8585071564, "min": 2.64441823959, "dvar2": 21.8158550262, "dvar": 8.42839813232, "dmean": 3.35761713982, "max": 37.9911575317, "var": 22.4676399231, "mean": 14.4376029968}, "spectral_kurtosis": {"dmean2": 3.22836923599, "median": 3.07848453522, "min": -1.27215278149, "dvar2": 31.425737381, "dvar": 13.5838985443, "dmean": 2.0766890049, "max": 105.210525513, "var": 28.5495376587, "mean": 4.18985271454}, "spectral_rms": {"dmean2": 0.00124324124772, "median": 0.00429101102054, "min": 3.25800345903e-12, "dvar2": 2.4173955353e-06, "dvar": 1.27169903408e-06, "dmean": 0.000876344332937, "max": 0.0140062104911, "var": 5.40423388884e-06, "mean": 0.00420322176069}, "zerocrossingrate": {"dmean2": 0.0158508531749, "median": 0.05419921875, "min": 0.0048828125, "dvar2": 0.000374393246602, "dvar": 0.000350054295268, "dmean": 0.0144335832447, "max": 0.51171875, "var": 0.00229329685681, "mean": 0.06569134444}, "silence_rate_60dB": {"dmean2": 0.0781594738364, "median": 0, "min": 0, "dvar2": 0.0821316316724, "dvar": 0.0375477410853, "dmean": 0.0390756316483, "max": 1, "var": 0.134507000446, "mean": 0.160172253847}, "erbbands_kurtosis": {"dmean2": 2.72853946686, "median": -0.300958871841, "min": -1.93913936615, "dvar2": 27.8260650635, "dvar": 13.4980392456, "dmean": 1.76428997517, "max": 114.243858337, "var": 26.8373203278, "mean": 1.27304625511}, "erbbands": {"dmean2": [0.0681141018867, 0.947583138943, 2.73035001755, 7.02330875397, 22.1145954132, 15.6831111908, 10.8782052994, 15.3177509308, 19.8958358765, 24.3575248718, 31.2185173035, 24.5831699371, 14.6206531525, 12.867565155, 10.4531517029, 11.4572973251, 17.9705638885, 11.7083587646, 13.2389059067, 21.9621925354, 13.0863304138, 11.02161026, 14.5175075531, 8.47535610199, 9.85267543793, 11.8252801895, 6.80022239685, 6.67715787888, 8.10959148407, 9.48384571075, 11.5966539383, 6.07367229462, 2.95533442497, 2.24524760246, 0.783042311668, 0.276788681746, 0.0394787378609, 0.00734823243693, 0.000508256140165, 4.21223085141e-05], "median": [0.0108691742644, 0.245373100042, 1.10126245022, 3.0296561718, 7.48002099991, 5.86104249954, 3.66457462311, 3.83046865463, 6.28196239471, 8.60772705078, 9.34169864655, 5.75033426285, 3.08087420464, 3.04103112221, 2.84171748161, 2.41007995605, 3.26803684235, 2.57248902321, 3.57468962669, 3.48135638237, 3.30577611923, 3.78932833672, 6.06895780563, 3.21622467041, 2.9304959774, 4.31194782257, 2.00626587868, 1.22136366367, 1.21073508263, 1.3340678215, 1.08080196381, 0.520213127136, 0.287023752928, 0.16897726059, 0.0574981346726, 0.0142194861546, 0.00261242338456, 0.000379437784432, 2.85550413537e-05, 2.69391293841e-05], "min": [6.18052501106e-22, 1.92874123482e-21, 2.90521599259e-20, 1.37191161616e-19, 2.92894987232e-19, 8.67832662251e-20, 1.52072774146e-19, 3.87081700885e-19, 1.99871568693e-18, 8.06427426466e-19, 4.49926179237e-19, 1.2267434866e-18, 2.87479115229e-18, 4.52762560878e-18, 2.01324366682e-18, 3.76245748598e-18, 4.10608361527e-18, 6.85627386355e-18, 1.12439727727e-17, 1.20031955349e-17, 1.21299493832e-17, 2.0207267976e-17, 1.1167810945e-17, 9.53901208238e-18, 1.43462019907e-17, 1.27081957807e-17, 1.37029855192e-17, 2.53546077871e-17, 2.18100577986e-17, 1.43459554909e-17, 1.26776852238e-17, 1.91281645448e-17, 1.8296838103e-17, 1.13627244758e-17, 8.12053216229e-18, 6.89721558156e-18, 3.24901034974e-18, 1.19227145836e-18, 3.14396513279e-19, 3.67927351524e-20], "dvar2": [0.0234000235796, 3.95537042618, 30.4095096588, 173.506973267, 3182.33227539, 1000.98980713, 640.724914551, 1623.82470703, 2377.015625, 2453.32250977, 4803.73583984, 4229.92578125, 1830.66479492, 1238.21252441, 635.782470703, 1110.21228027, 3608.28955078, 1010.84368896, 981.126586914, 2735.87963867, 871.251464844, 559.56652832, 689.212219238, 296.743530273, 701.775878906, 526.754089355, 261.708953857, 426.979705811, 505.89352417, 709.27166748, 852.003662109, 270.722564697, 63.8500976562, 40.2354888916, 5.56506252289, 0.728899002075, 0.0158595591784, 0.000488841033075, 2.74697640634e-06, 1.07347535305e-08], "dvar": [0.0111312596127, 1.56494641304, 10.9692611694, 68.2610626221, 1250.88769531, 383.826202393, 267.870727539, 617.395507812, 942.640319824, 1039.55432129, 2039.5267334, 1780.36474609, 746.592834473, 525.463867188, 285.88659668, 529.840942383, 1800.48254395, 475.978942871, 412.414642334, 1134.19348145, 362.80557251, 233.104232788, 272.53717041, 126.055274963, 274.779724121, 236.665054321, 114.60458374, 183.892150879, 228.156463623, 341.881530762, 408.789855957, 136.545333862, 35.3981437683, 20.8279476166, 2.97468543053, 0.38591748476, 0.00846444722265, 0.000252102065133, 1.2150431985e-06, 4.64472682538e-09], "dmean": [0.0463844947517, 0.578976869583, 1.58621835709, 4.37589740753, 13.4209270477, 9.58089256287, 7.02184486389, 9.62463951111, 12.573802948, 16.0818748474, 20.3514022827, 16.029548645, 9.48413467407, 8.51603603363, 6.94307231903, 7.63031101227, 12.0788259506, 7.79536342621, 8.60687160492, 13.6985282898, 8.22108459473, 6.93903398514, 8.9565038681, 5.37531852722, 6.11293983459, 7.48972988129, 4.45316410065, 4.45531654358, 5.52546691895, 6.70170211792, 8.17649745941, 4.36915254593, 2.22520303726, 1.65236067772, 0.598884105682, 0.209487661719, 0.0305679198354, 0.00547489384189, 0.000338145997375, 2.866331306e-05], "max": [1.03808951378, 15.2730770111, 39.8523178101, 124.128814697, 494.949462891, 317.216461182, 352.35559082, 443.81338501, 786.477844238, 567.710693359, 1287.46228027, 1080.05285645, 744.359985352, 543.894958496, 510.323486328, 698.984558105, 1369.58117676, 836.442199707, 532.507568359, 698.983703613, 855.508605957, 319.331359863, 344.407409668, 213.424041748, 364.410308838, 483.892211914, 217.030181885, 281.663696289, 231.378265381, 359.277252197, 336.866088867, 227.405853271, 122.448318481, 123.470985413, 45.179889679, 16.2205638885, 3.30026483536, 0.348316371441, 0.030664421618, 0.00159749819431], "var": [0.0166070237756, 2.01745486259, 12.5420627594, 110.336479187, 1407.37353516, 510.554779053, 486.775604248, 858.818054199, 1147.4465332, 2115.53271484, 3483.42871094, 4041.06494141, 1180.07373047, 1210.14355469, 698.797607422, 1413.91992188, 4519.63330078, 1200.53845215, 963.873413086, 1929.67626953, 667.040466309, 505.532501221, 483.829467773, 200.652069092, 346.125030518, 537.721191406, 207.793807983, 304.392120361, 421.263366699, 661.099060059, 745.884399414, 298.571136475, 86.0299301147, 41.3458404541, 6.08961105347, 0.736572980881, 0.0174802634865, 0.000466978526674, 1.88881233498e-06, 7.38708916259e-09], "mean": [0.0588556788862, 0.77141648531, 2.3768055439, 7.85518264771, 17.7505836487, 13.6811075211, 11.270611763, 13.5670604706, 17.8948001862, 25.990070343, 31.6649475098, 26.4951171875, 14.4766321182, 14.8507184982, 11.86398983, 12.8120975494, 19.7833690643, 12.851600647, 14.6966753006, 18.6806163788, 12.2629413605, 11.1320171356, 14.2808265686, 8.25809574127, 8.96402072906, 12.3605136871, 7.07612466812, 6.60767269135, 8.36771965027, 10.0847148895, 11.5919618607, 6.4947810173, 3.43280243874, 2.38306999207, 0.869174599648, 0.291646420956, 0.0444884449244, 0.00737652927637, 0.000415291026002, 5.08201483171e-05]}, "spectral_strongpeak": {"dmean2": 0.706849694252, "median": 0.494359642267, "min": 0, "dvar2": 1.31016635895, "dvar": 0.517875909805, "dmean": 0.418665200472, "max": 10.46326828, "var": 0.82339733839, "mean": 0.749845206738}, "spectral_energy": {"dmean2": 0.0143678542227, "median": 0.0188730955124, "min": 1.08799510256e-20, "dvar2": 0.000539016444236, "dvar": 0.000252360885497, "dmean": 0.00967082381248, "max": 0.201078280807, "var": 0.000552729528863, "mean": 0.0236480608582}, "average_loudness": 0.891492307186, "spectral_rolloff": {"dmean2": 1285.49536133, "median": 818.26171875, "min": 21.533203125, "dvar2": 4036112.5, "dvar": 1873756.125, "dmean": 756.145874023, "max": 18690.8203125, "var": 3765315.75, "mean": 1615.08984375}, "spectral_centroid": {"dmean2": 489.225219727, "median": 1074.58532715, "min": 149.675384521, "dvar2": 320548.1875, "dvar": 158438.625, "dmean": 317.760925293, "max": 10842.6230469, "var": 552526.5625, "mean": 1210.49975586}, "pitch_salience": {"dmean2": 0.121389493346, "median": 0.545284748077, "min": 0.0851575806737, "dvar2": 0.011407208629, "dvar": 0.00438472814858, "dmean": 0.0742840245366, "max": 0.866956889629, "var": 0.0113452114165, "mean": 0.542061448097}, "spectral_energyband_middle_high": {"dmean2": 0.00190574745648, "median": 0.00156627956312, "min": 1.87887250286e-21, "dvar2": 8.6765985543e-06, "dvar": 4.00072758566e-06, "dmean": 0.00127339665778, "max": 0.0331040807068, "var": 1.35712252813e-05, "mean": 0.00298191723414}, "spectral_contrast_coeffs": {"dmean2": [0.0892304331064, 0.082381233573, 0.0672278180718, 0.0582735762, 0.0444347970188, 0.0333115160465], "median": [-0.600260972977, -0.708681166172, -0.749764442444, -0.758181452751, -0.782470822334, -0.786899924278], "min": [-0.955617547035, -0.957211077213, -0.966735243797, -0.970180988312, -0.964224874973, -0.960165143013], "dvar2": [0.00562622584403, 0.00451676733792, 0.0029853368178, 0.00243358500302, 0.0015018186532, 0.00108650664333], "dvar": [0.00231123925187, 0.00179042073432, 0.00126683001872, 0.0010570618324, 0.000692784553394, 0.000473612308269], "dmean": [0.0546488016844, 0.0508797168732, 0.0426865890622, 0.0370990894735, 0.0285727102309, 0.0216493271291], "max": [-0.297794014215, -0.379893809557, -0.460962384939, -0.474298655987, -0.52600133419, -0.60937076807], "var": [0.0101166544482, 0.00706733157858, 0.00747762154788, 0.00635743141174, 0.0038252142258, 0.00193626061082], "mean": [-0.605877637863, -0.705250561237, -0.741439700127, -0.752114713192, -0.776076734066, -0.783928573132]}, "melbands_skewness": {"dmean2": 1.48838055134, "median": 2.86938476562, "min": -1.8804911375, "dvar2": 2.28515219688, "dvar": 0.992443859577, "dmean": 0.96448379755, "max": 14.8533067703, "var": 3.21762275696, "mean": 3.11453795433}, "spectral_spread": {"dmean2": 1110170.75, "median": 4972804.5, "min": 1175288.125, "dvar2": 1462388391940.0, "dvar": 987896283136, "dmean": 854922.6875, "max": 40992268, "var": 4413335797760.0, "mean": 5421073.5}, "dissonance": {"dmean2": 0.0409362465143, "median": 0.455065697432, "min": 0.155921950936, "dvar2": 0.00157346238848, "dvar": 0.000613397103734, "dmean": 0.0250001884997, "max": 0.499999880791, "var": 0.00160110613797, "mean": 0.445176661015}, "spectral_skewness": {"dmean2": 0.484048753977, "median": 1.4336502552, "min": -0.370580196381, "dvar2": 0.362322807312, "dvar": 0.16905349493, "dmean": 0.325384587049, "max": 8.7153377533, "var": 0.560384273529, "mean": 1.49604403973}, "spectral_flux": {"dmean2": 0.039201091975, "median": 0.0657306462526, "min": 1.04307000537e-10, "dvar2": 0.00220483215526, "dvar": 0.00104791857302, "dmean": 0.0260777659714, "max": 0.37163951993, "var": 0.0028296597302, "mean": 0.0756806507707}, "spectral_contrast_valleys": {"dmean2": [0.740342736244, 0.692560076714, 0.667745232582, 0.617418706417, 0.607894122601, 0.510574579239], "median": [-7.3625421524, -7.00538063049, -8.16549777985, -8.535987854, -8.10322761536, -10.2201061249], "min": [-27.2719211578, -27.2605876923, -27.3363647461, -26.9393291473, -27.1124629974, -27.2963523865], "dvar2": [0.405037432909, 0.371999502182, 0.398372352123, 0.377767145634, 0.481275618076, 0.379523396492], "dvar": [0.212663531303, 0.185671254992, 0.204393208027, 0.197847768664, 0.246477529407, 0.248891621828], "dmean": [0.469985693693, 0.446089029312, 0.437714040279, 0.419468671083, 0.424079298973, 0.441627144814], "max": [-5.26904249191, -4.51106023788, -5.25790023804, -6.02000045776, -5.40761184692, -7.24228143692], "var": [1.65092051029, 1.37514877319, 1.47273957729, 1.46227788925, 1.43910849094, 2.16338515282], "mean": [-7.69879722595, -7.18032932281, -8.33842468262, -8.7472782135, -8.28310108185, -10.3115139008]}, "erbbands_flatness_db": {"dmean2": 0.0295590274036, "median": 0.153630629182, "min": 0.0245436932892, "dvar2": 0.000900788814761, "dvar": 0.000491326965857, "dmean": 0.0210901182145, "max": 0.399421095848, "var": 0.00284167355858, "mean": 0.161639526486}, "spectral_energyband_high": {"dmean2": 0.00106615526602, "median": 0.000269718002528, "min": 7.65313238068e-21, "dvar2": 6.31795683148e-06, "dvar": 3.43554484061e-06, "dmean": 0.000805682502687, "max": 0.0334971882403, "var": 8.36983690533e-06, "mean": 0.00136435811874}, "spectral_entropy": {"dmean2": 0.374115884304, "median": 7.41747140884, "min": 4.43895292282, "dvar2": 0.17021663487, "dvar": 0.0893668904901, "dmean": 0.268162280321, "max": 9.8130197525, "var": 0.456258505583, "mean": 7.36016988754}, "silence_rate_20dB": {"dmean2": 0, "median": 1, "min": 1, "dvar2": 0, "dvar": 0, "dmean": 0, "max": 1, "var": 0, "mean": 1}, "melbands_flatness_db": {"dmean2": 0.0486256480217, "median": 0.20280829072, "min": 0.00803657248616, "dvar2": 0.00242335908115, "dvar": 0.00118691916578, "dmean": 0.0329786576331, "max": 0.659653782845, "var": 0.00705067999661, "mean": 0.219584912062}, "barkbands": {"dmean2": [8.09555058368e-05, 0.00350317358971, 0.00245311157778, 0.00371675938368, 0.00581235205755, 0.00160240172409, 0.00158187956549, 0.00143423944246, 0.00104492320679, 0.000488739926368, 0.000257861393038, 0.000298057100736, 0.000375443138182, 0.000280391628621, 0.000300090934616, 0.000310600735247, 0.000213905703276, 0.000262299610768, 0.000156983471243, 0.000250555458479, 0.000166754252859, 0.000228764169151, 0.000393474998418, 0.000203048504773, 0.000146891310578, 3.82583639293e-05, 3.31642877427e-06], "median": [2.92500080832e-05, 0.000775638734922, 0.000685352599248, 0.00115137116518, 0.00194790377282, 0.000432047760114, 0.000456185080111, 0.000331466726493, 0.000186810066225, 7.2970178735e-05, 3.24233660649e-05, 3.81357713195e-05, 5.73356228415e-05, 4.68070647912e-05, 5.79442821618e-05, 5.34201863047e-05, 5.4190728406e-05, 0.00010195687355, 4.47011952929e-05, 8.41485016281e-05, 3.66585409211e-05, 3.56274176738e-05, 4.04054735554e-05, 1.86442775885e-05, 1.10884793685e-05, 1.98070529223e-06, 9.23014908949e-08], "min": [2.76138014637e-23, 9.96272789815e-24, 3.63700723146e-23, 6.76681224184e-23, 5.33409379429e-23, 3.64956842143e-23, 1.2986820183e-22, 1.59239746318e-23, 4.57814542821e-23, 1.4348178273e-22, 4.35209954463e-23, 9.14225544319e-23, 7.48911032606e-23, 1.92669292277e-22, 2.33796814317e-22, 1.81886989963e-22, 3.64108053053e-22, 1.73129826121e-22, 2.65550775537e-22, 2.4306064143e-22, 5.23233389296e-22, 5.4352980851e-22, 4.29100447633e-22, 1.04037793361e-21, 1.06368247509e-21, 1.83296216133e-21, 2.28223715232e-21], "dvar2": [1.40268152649e-08, 5.39784632565e-05, 2.42791211349e-05, 5.7094006479e-05, 0.000183574898983, 1.48070157593e-05, 1.31390252136e-05, 9.87840030575e-06, 7.80337813922e-06, 1.96672931452e-06, 5.43918133644e-07, 7.86240491379e-07, 1.47603043388e-06, 4.6433686407e-07, 3.90825221075e-07, 5.06283015511e-07, 2.01019474844e-07, 2.10810824797e-07, 1.15915305798e-07, 3.29150452671e-07, 2.08516070188e-07, 3.93205368709e-07, 9.90859462036e-07, 3.10508852408e-07, 1.75670578528e-07, 1.41622988892e-08, 9.3754642938e-11], "dvar": [5.38477396006e-09, 2.28193148359e-05, 8.87391161086e-06, 2.25394633162e-05, 7.19014060451e-05, 5.74706291445e-06, 5.23282642462e-06, 4.2276305976e-06, 3.25152745972e-06, 8.29439898098e-07, 2.44991241516e-07, 3.69934696209e-07, 7.35718685974e-07, 2.24175138896e-07, 1.64843257267e-07, 2.08664516776e-07, 8.35267428556e-08, 8.39689064946e-08, 4.94928755757e-08, 1.36806704631e-07, 8.93874485541e-08, 1.8389403067e-07, 4.84139889068e-07, 1.68337010109e-07, 9.45555314047e-08, 7.48970663267e-09, 4.22667525979e-11], "dmean": [4.57001224277e-05, 0.00219301157631, 0.00143555668183, 0.00231376802549, 0.00354593060911, 0.0010172885377, 0.00101476558484, 0.000935653457418, 0.000678367330693, 0.000319266808219, 0.000169822349562, 0.000196268869331, 0.000251417397521, 0.000184809265193, 0.000190265433048, 0.000190644888789, 0.000133638866828, 0.000161369083798, 9.96237140498e-05, 0.000158537557581, 0.000109154534584, 0.000159871735377, 0.0002778