{"metadata": {"tags": {"album": ["Fabric 65"], "albumartist": ["Matthias Tanzmann"], "tracknumber": ["5"], "musicbrainz_recordingid": ["154d79aa-1ada-49f1-ab34-076acae7c882"], "artist": ["Matthias Tanzmann"], "date": ["2012"], "discnumber": ["1"], "title": ["Konoa(Moon Harbour)"], "file_name": "2129621.mp3"}, "audio_properties": {"sample_rate": 44100, "downmix": "mix", "lossless": false, "analysis_sample_rate": 44100, "md5_encoded": "b69412b0171ecb5a282d5779733af657", "equal_loudness": 0, "replay_gain": -13.531993866, "codec": "mp3", "bit_rate": 320000, "length": 373.263671875}, "version": {"extractor": "music 1.0", "essentia_build_sha": "70f2e5ece6736b2c40cc944ad0e695b16b925413", "essentia_git_sha": "v2.1_beta2", "essentia": "2.1-beta2"}}, "rhythm": {"beats_loudness_band_ratio": {"dvar2": [0.135684683919, 0.118528179824, 0.0564512349665, 0.00144177360926, 0.0113532217219, 0.156454622746], "var": [0.107137918472, 0.0354450382292, 0.0146341770887, 0.000336948898621, 0.00328191486187, 0.0874672755599], "min": [6.23473606538e-05, 9.32644834393e-05, 2.53292091656e-05, 4.83896974401e-06, 2.95099152936e-06, 7.32078797228e-06], "dmean": [0.252852201462, 0.188894972205, 0.104888476431, 0.0102425720543, 0.0387251973152, 0.232775956392], "mean": [0.458983868361, 0.135447993875, 0.0740320160985, 0.0093944882974, 0.0367721654475, 0.306789427996], "max": [0.95881319046, 0.834109842777, 0.611176073551, 0.242656573653, 0.456591874361, 0.945030510426], "dmean2": [0.460112422705, 0.362455070019, 0.204372927547, 0.0190446153283, 0.0727432966232, 0.43098923564], "median": [0.57099634409, 0.0248080883175, 0.0163315515965, 0.00405794102699, 0.018504306674, 0.201128259301], "dvar": [0.0501247383654, 0.0342654623091, 0.0165883917361, 0.000480238319142, 0.00375932757743, 0.0523017272353]}, "bpm_histogram_first_peak_weight": {"dvar2": 0, "var": 0, "min": 0.850065171719, "dmean": 0, "mean": 0.850065171719, "max": 0.850065171719, "dmean2": 0, "median": 0.850065171719, "dvar": 0}, "bpm": 123.471237183, "beats_count": 768, "bpm_histogram_first_peak_spread": {"dvar2": 0, "var": 0, "min": 0.146596908569, "dmean": 0, "mean": 0.146596908569, "max": 0.146596908569, "dmean2": 0, "median": 0.146596908569, "dvar": 0}, "danceability": 1.57011556625, "bpm_histogram_first_peak_bpm": {"dvar2": 0, "var": 0, "min": 123, "dmean": 0, "mean": 123, "max": 123, "dmean2": 0, "median": 123, "dvar": 0}, "beats_position": [0.417959183455, 0.859138309956, 1.27709746361, 1.71827661991, 2.20589566231, 2.69351458549, 3.1811337471, 3.66875267029, 4.14476203918, 4.62077093124, 5.10838985443, 5.59600877762, 6.08362817764, 6.57124710083, 7.05886602402, 7.5464849472, 8.03410434723, 8.52172279358, 9.0093421936, 9.49696159363, 9.98458003998, 10.4605894089, 10.9365987778, 11.4242172241, 11.9118366241, 12.3994560242, 12.8870744705, 13.3746938705, 13.8623123169, 14.3499317169, 14.8375511169, 15.3251695633, 15.8127889633, 16.3004074097, 16.7880268097, 17.2756462097, 17.7632656097, 18.2392749786, 18.7152824402, 19.2029018402, 19.6905212402, 20.1781406403, 20.6657600403, 21.153377533, 21.640996933, 22.128616333, 22.616235733, 23.1038551331, 23.5914726257, 24.0790920258, 24.5667114258, 25.0543308258, 25.5303401947, 26.0063495636, 26.4939670563, 26.9815864563, 27.4692058563, 27.9568252563, 28.4444446564, 28.932062149, 29.4196815491, 29.9073009491, 30.3949203491, 30.8825397491, 31.3701572418, 31.8577766418, 32.3453979492, 32.8214035034, 33.2974128723, 33.7850341797, 34.2726516724, 34.7602729797, 35.2478904724, 35.7355079651, 36.2231292725, 36.7107467651, 37.1983680725, 37.6859855652, 38.1736030579, 38.6612243652, 39.1372337341, 39.6248512268, 40.1008605957, 40.5884780884, 41.0760993958, 41.5637168884, 42.0513381958, 42.5389556885, 43.0265769958, 43.5141944885, 44.0018119812, 44.4894332886, 44.9770507812, 45.4530601501, 45.929069519, 46.4166870117, 46.9043083191, 47.3919258118, 47.8795471191, 48.3671646118, 48.8547821045, 49.3424034119, 49.8300209045, 50.3176422119, 50.8052597046, 51.2928771973, 51.7804985046, 52.2681159973, 52.7557373047, 53.2317466736, 53.7077522278, 54.1953735352, 54.6829910278, 55.1706123352, 55.6582298279, 56.1458511353, 56.6334686279, 57.1210861206, 57.608707428, 58.0963249207, 58.583946228, 59.0715637207, 59.5591812134, 60.0351905823, 60.5111999512, 60.9988212585, 61.4864387512, 61.9740562439, 62.4616775513, 62.9492950439, 63.4369163513, 63.924533844, 64.4121551514, 64.899772644, 65.3873901367, 65.8750076294, 66.3626327515, 66.8386383057, 67.3146438599, 67.8022689819, 68.2898864746, 68.7775039673, 69.26512146, 69.7527389526, 70.2403640747, 70.7279815674, 71.2155990601, 71.7032165527, 72.1908340454, 72.6784591675, 73.1660766602, 73.6420822144, 74.1180953979, 74.6057128906, 75.0933303833, 75.580947876, 76.068572998, 76.5561904907, 77.0438079834, 77.5314254761, 78.0190429688, 78.5066680908, 78.9942855835, 79.4819030762, 79.9695205688, 80.4455337524, 80.9215393066, 81.4091567993, 81.8967819214, 82.3843994141, 82.8720169067, 83.3596343994, 83.8472518921, 84.3348770142, 84.8224945068, 85.3101119995, 85.7977294922, 86.2853469849, 86.7729721069, 87.2605895996, 87.7365951538, 88.2126083374, 88.7002258301, 89.1878433228, 89.6754608154, 90.1630859375, 90.6507034302, 91.1383209229, 91.6259384155, 92.1135559082, 92.6011810303, 93.0887985229, 93.5764160156, 94.0524215698, 94.5284347534, 95.0160522461, 95.5036697388, 95.9912872314, 96.4789123535, 96.9665298462, 97.4541473389, 97.9417648315, 98.4293823242, 98.9170074463, 99.404624939, 99.8922424316, 100.379859924, 100.867477417, 101.343490601, 101.819496155, 102.307121277, 102.79473877, 103.282356262, 103.769973755, 104.257591248, 104.74521637, 105.232833862, 105.720451355, 106.208068848, 106.69568634, 107.183311462, 107.670928955, 108.158546448, 108.64616394, 109.122177124, 109.598182678, 110.085800171, 110.573425293, 111.061042786, 111.548660278, 112.036277771, 112.523895264, 113.011520386, 113.499137878, 113.986755371, 114.474372864, 114.950386047, 115.426391602, 115.914009094, 116.401634216, 116.889251709, 117.376869202, 117.864486694, 118.352104187, 118.839729309, 119.327346802, 119.814964294, 120.302581787, 120.79019928, 121.277824402, 121.753829956, 122.241447449, 122.717460632, 123.205078125, 123.692695618, 124.18031311, 124.667930603, 125.155555725, 125.643173218, 126.13079071, 126.618408203, 127.106025696, 127.593650818, 128.081268311, 128.557281494, 129.044891357, 129.520904541, 130.008529663, 130.496139526, 130.983764648, 131.471374512, 131.958999634, 132.446624756, 132.934234619, 133.421859741, 133.909469604, 134.397094727, 134.884719849, 135.372329712, 135.859954834, 136.335968018, 136.811965942, 137.299591064, 137.787200928, 138.27482605, 138.762451172, 139.250061035, 139.737686157, 140.225296021, 140.712921143, 141.200546265, 141.688156128, 142.164169312, 142.651794434, 143.127792358, 143.61541748, 144.103042603, 144.590652466, 145.078277588, 145.565887451, 146.053512573, 146.541137695, 147.028747559, 147.516372681, 148.003982544, 148.491607666, 148.979232788, 149.466842651, 149.942855835, 150.418869019, 150.906478882, 151.394104004, 151.881713867, 152.369338989, 152.856964111, 153.344573975, 153.832199097, 154.31980896, 154.807434082, 155.295059204, 155.771057129, 156.258682251, 156.734695435, 157.222305298, 157.70993042, 158.197555542, 158.685165405, 159.172790527, 159.660400391, 160.148025513, 160.635650635, 161.123260498, 161.61088562, 162.098495483, 162.574508667, 163.062133789, 163.538131714, 164.025756836, 164.513381958, 165.000991821, 165.488616943, 165.976226807, 166.463851929, 166.951477051, 167.439086914, 167.926712036, 168.414321899, 168.901947021, 169.389572144, 169.877182007, 170.35319519, 170.829208374, 171.316818237, 171.804443359, 172.292053223, 172.779678345, 173.267303467, 173.75491333, 174.242538452, 174.730148315, 175.217773438, 175.70539856, 176.193008423, 176.669021606, 177.14503479, 177.632644653, 178.120269775, 178.607894897, 179.095504761, 179.583129883, 180.070739746, 180.558364868, 181.04598999, 181.533599854, 182.021224976, 182.508834839, 182.984848022, 183.460861206, 183.948471069, 184.436096191, 184.923721313, 185.411331177, 185.898956299, 186.386566162, 186.874191284, 187.361816406, 187.84942627, 188.337051392, 188.824661255, 189.312286377, 189.788299561, 190.264297485, 190.751922607, 191.239547729, 191.727157593, 192.214782715, 192.702392578, 193.1900177, 193.677642822, 194.165252686, 194.652877808, 195.140487671, 195.628112793, 196.104125977, 196.58013916, 197.067749023, 197.555374146, 198.042984009, 198.530609131, 199.018234253, 199.505844116, 199.993469238, 200.469467163, 200.957092285, 201.456329346, 201.955551147, 202.431564331, 202.919174194, 203.406799316, 203.894424438, 204.370422363, 204.846435547, 205.334060669, 205.821670532, 206.309295654, 206.796905518, 207.28453064, 207.772155762, 208.259765625, 208.747390747, 209.23500061, 209.722625732, 210.210250854, 210.686248779, 211.173873901, 211.649887085, 212.137496948, 212.62512207, 213.112747192, 213.600357056, 214.087982178, 214.575592041, 215.063217163, 215.550842285, 216.038452148, 216.526077271, 217.013687134, 217.501312256, 217.977325439, 218.453323364, 218.940948486, 219.428573608, 219.916183472, 220.403808594, 220.891418457, 221.379043579, 221.866668701, 222.354278564, 222.841903687, 223.32951355, 223.817138672, 224.304763794, 224.780761719, 225.256774902, 225.744400024, 226.232009888, 226.71963501, 227.207244873, 227.694869995, 228.182495117, 228.67010498, 229.157730103, 229.645339966, 230.132965088, 230.62059021, 231.108200073, 231.595825195, 232.071838379, 232.547836304, 233.035461426, 233.523086548, 234.010696411, 234.498321533, 234.985931396, 235.473556519, 235.961181641, 236.448791504, 236.936416626, 237.424026489, 237.900039673, 238.387664795, 238.86366272, 239.351287842, 239.838912964, 240.326522827, 240.814147949, 241.301757812, 241.789382935, 242.277008057, 242.76461792, 243.252243042, 243.739852905, 244.227478027, 244.715103149, 245.202713013, 245.690338135, 246.177947998, 246.653961182, 247.129974365, 247.617584229, 248.105209351, 248.592834473, 249.080444336, 249.568069458, 250.05569458, 250.543304443, 251.030929565, 251.518539429, 252.006164551, 252.493789673, 252.969787598, 253.445800781, 253.933425903, 254.421035767, 254.908660889, 255.396270752, 255.883895874, 256.371520996, 256.859130859, 257.346740723, 257.834381104, 258.321990967, 258.80960083, 259.297241211, 259.773223877, 260.249237061, 260.736877441, 261.224487305, 261.712097168, 262.199737549, 262.687347412, 263.174957275, 263.662567139, 264.15020752, 264.637817383, 265.125427246, 265.60144043, 266.089050293, 266.565063477, 267.052703857, 267.540313721, 268.027923584, 268.515563965, 269.003173828, 269.490783691, 269.978393555, 270.466033936, 270.953643799, 271.441253662, 271.928894043, 272.416503906, 272.90411377, 273.380126953, 273.867736816, 274.34375, 274.831390381, 275.319000244, 275.806610107, 276.294250488, 276.781860352, 277.269470215, 277.757080078, 278.244720459, 278.732330322, 279.219940186, 279.707580566, 280.183563232, 280.659576416, 281.147216797, 281.63482666, 282.122436523, 282.610076904, 283.097686768, 283.585296631, 284.072906494, 284.560546875, 285.048156738, 285.535766602, 286.023406982, 286.511016846, 286.987030029, 287.474639893, 287.950653076, 288.438262939, 288.92590332, 289.413513184, 289.901123047, 290.38873291, 290.876373291, 291.363983154, 291.851593018, 292.339233398, 292.826843262, 293.314453125, 293.790466309, 294.266479492, 294.754089355, 295.241729736, 295.7293396, 296.216949463, 296.704589844, 297.192199707, 297.67980957, 298.167419434, 298.655059814, 299.142669678, 299.630279541, 300.106292725, 300.593902588, 301.069915771, 301.557556152, 302.045166016, 302.532775879, 303.02041626, 303.508026123, 303.995635986, 304.48324585, 304.97088623, 305.458496094, 305.946105957, 306.433746338, 306.921356201, 307.397369385, 307.873382568, 308.360992432, 308.848602295, 309.336242676, 309.823852539, 310.311462402, 310.799072266, 311.286712646, 311.77432251, 312.261932373, 312.749572754, 313.237182617, 313.713195801, 314.189208984, 314.676818848, 315.164428711, 315.652069092, 316.139678955, 316.627288818, 317.114929199, 317.602539062, 318.090148926, 318.577758789, 319.06539917, 319.553009033, 320.040618896, 320.51663208, 320.992645264, 321.480255127, 321.967895508, 322.455505371, 322.943115234, 323.430755615, 323.918365479, 324.405975342, 324.893585205, 325.381225586, 325.868835449, 326.356445312, 326.832458496, 327.30847168, 327.796081543, 328.283721924, 328.771331787, 329.25894165, 329.746582031, 330.234191895, 330.721801758, 331.209442139, 331.697052002, 332.184661865, 332.672271729, 333.159912109, 333.647521973, 334.123535156, 334.59954834, 335.087158203, 335.574768066, 336.062408447, 336.550018311, 337.037628174, 337.525268555, 338.012878418, 338.500488281, 338.988098145, 339.475738525, 339.963348389, 340.439361572, 340.915374756, 341.402984619, 341.890594482, 342.378234863, 342.865844727, 343.35345459, 343.841094971, 344.328704834, 344.816314697, 345.303924561, 345.791564941, 346.279174805, 346.766784668, 347.254425049, 347.742034912, 348.218048096, 348.705657959, 349.181671143, 349.669281006, 350.156921387, 350.64453125, 351.132141113, 351.619781494, 352.107391357, 352.595001221, 353.082611084, 353.570251465, 354.057861328, 354.545471191, 355.021484375, 355.497497559, 355.985107422, 356.472747803, 356.960357666, 357.447967529, 357.93560791, 358.423217773, 358.910827637, 359.3984375, 359.886077881, 360.373687744, 360.861297607, 361.337310791, 361.813323975, 362.300933838, 362.788574219, 363.276184082, 363.763793945, 364.251434326, 364.739044189, 365.226654053, 365.714263916, 366.201904297, 366.68951416, 367.177124023, 367.664764404, 368.152374268, 368.628387451, 369.104400635, 369.592010498, 370.079620361, 370.567260742, 371.054870605, 371.542480469, 372.03012085, 372.517730713, 373.005340576], "beats_loudness": {"dvar2": 0.00158971978817, "var": 0.000588171591517, "min": 8.41472356115e-05, "dmean": 0.0242418125272, "mean": 0.0382363088429, "max": 0.114560417831, "dmean2": 0.0445803962648, "median": 0.0336876139045, "dvar": 0.000459133676486}, "bpm_histogram_second_peak_weight": {"dvar2": 0, "var": 0, "min": 0.00260756188072, "dmean": 0, "mean": 0.00260756188072, "max": 0.00260756188072, "dmean2": 0, "median": 0.00260756188072, "dvar": 0}, "bpm_histogram_second_peak_spread": {"dvar2": 0, "var": 0, "min": 0, "dmean": 0, "mean": 0, "max": 0, "dmean2": 0, "median": 0, "dvar": 0}, "bpm_histogram_second_peak_bpm": {"dvar2": 0, "var": 0, "min": 136, "dmean": 0, "mean": 136, "max": 136, "dmean2": 0, "median": 136, "dvar": 0}, "onset_rate": 5.26140975952}, "lowlevel": {"spectral_energyband_high": {"dvar2": 4.23847086495e-05, "var": 1.89963666344e-05, "min": 8.61913876182e-15, "dmean": 0.00213492615148, "mean": 0.00202356255613, "max": 0.0311381425709, "dmean2": 0.00330832204781, "median": 0.000212957558688, "dvar": 1.80927236215e-05}, "spectral_energyband_middle_low": {"dvar2": 0.000455388653791, "var": 0.000361558631994, "min": 1.18026980333e-13, "dmean": 0.00730784796178, "mean": 0.00918222777545, "max": 0.139619126916, "dmean2": 0.0114659350365, "median": 0.000721169286408, "dvar": 0.00021297908097}, "spectral_energy": {"dvar2": 0.00183912843931, "var": 0.00265384442173, "min": 4.30515811802e-13, "dmean": 0.0234955456108, "mean": 0.044709932059, "max": 0.287342727184, "dmean2": 0.0349297486246, "median": 0.0281079728156, "dvar": 0.00103715935256}, "spectral_spread": {"dvar2": 3134474944510.0, "var": 5268346765310.0, "min": 322388.53125, "dmean": 1198673.25, "mean": 7315538.5, "max": 23086878, "dmean2": 1806980.5, "median": 7450388.5, "dvar": 1476535648260.0}, "spectral_energyband_low": {"dvar2": 0.0017788374098, "var": 0.00239653117023, "min": 2.57410195589e-13, "dmean": 0.0180997494608, "mean": 0.0330953635275, "max": 0.285964816809, "dmean2": 0.0267976541072, "median": 0.0179708264768, "dvar": 0.000995744136162}, "spectral_rolloff": {"dvar2": 9503585, "var": 10486183, "min": 21.533203125, "dmean": 1108.75024414, "mean": 2023.91467285, "max": 15762.3046875, "dmean2": 1854.8671875, "median": 279.931640625, "dvar": 4895848}, "barkbands": {"dvar2": [4.74965463582e-06, 0.00140514608938, 0.000936272903346, 6.38942001387e-05, 6.11156938248e-05, 5.221628453e-05, 2.36133146245e-05, 7.88778925198e-06, 1.7063107407e-06, 2.76603122984e-06, 2.89447825708e-07, 6.74708701354e-07, 2.7395819302e-07, 3.75392886554e-07, 2.59483869058e-07, 3.24913941085e-07, 3.26317319832e-07, 3.06435481434e-07, 1.86040125527e-07, 4.65513124936e-07, 5.81159099511e-07, 9.50085166096e-07, 1.85424778465e-06, 5.73620854993e-06, 1.08533799903e-06, 7.12476833087e-08, 2.38806174835e-09], "var": [7.63061052567e-06, 0.00184507283848, 0.000196781125851, 3.0340088415e-05, 4.64353215648e-05, 4.29218052886e-05, 1.45761969179e-05, 3.6845710838e-06, 9.27772020987e-07, 6.68391805903e-07, 1.19753181593e-07, 2.29172727018e-07, 8.54558734886e-08, 1.60948090411e-07, 1.23215883718e-07, 1.35174289539e-07, 1.30717396019e-07, 1.58467699407e-07, 1.09794861203e-07, 2.00399654204e-07, 3.2548314266e-07, 4.42554693336e-07, 7.38530388844e-07, 1.87445129995e-06, 5.41484723726e-07, 4.49713546402e-08, 1.57433222014e-09], "min": [9.32980363973e-14, 1.24408336822e-13, 6.26326315573e-14, 4.32335780674e-14, 4.08977864595e-14, 6.9669882927e-15, 1.31087123849e-14, 9.02748656942e-15, 2.93043668894e-15, 6.96725341401e-15, 1.87423149646e-15, 3.92264769522e-15, 2.07939473474e-15, 2.01875924594e-15, 2.13506576344e-15, 1.24019567758e-15, 1.59004781337e-15, 1.47139384993e-15, 9.64162886662e-16, 1.44792913146e-15, 1.08365890673e-15, 1.79209365277e-15, 4.50705807718e-16, 1.53010975032e-15, 7.25754981625e-16, 1.01446129126e-15, 1.41688442104e-15], "dmean": [0.000811368518043, 0.0164698455483, 0.00558005040511, 0.00161261379253, 0.00237727002241, 0.00216092751361, 0.00119997223374, 0.000609955226537, 0.000252890080446, 0.000249001022894, 0.000110958622827, 0.000150790321641, 8.26121395221e-05, 0.000135639915243, 0.000124877609778, 0.000138000919833, 0.000161167030456, 0.000148587307194, 0.000133052235469, 0.000201710296096, 0.000259189488133, 0.000299662555335, 0.000396624935092, 0.000629330519587, 0.0003706322168, 0.000106115643575, 1.79744201887e-05], "mean": [0.00139741890598, 0.0268459394574, 0.00394504470751, 0.00163068249822, 0.002773568267, 0.00254129921086, 0.00129081564955, 0.000590640760493, 0.000274512160104, 0.000182794465218, 0.000101093377452, 0.000128074578242, 8.02022041171e-05, 0.000119131313113, 0.000116776012874, 0.000127932653413, 0.000146373349708, 0.000148475868627, 0.000145348603837, 0.000190752645722, 0.000259167078184, 0.000297070655506, 0.000374318711692, 0.000517965934705, 0.000349352339981, 0.000115113165521, 1.98944308067e-05], "max": [0.0197666101158, 0.280943959951, 0.161227151752, 0.10822879523, 0.0997554808855, 0.114325866103, 0.0479519851506, 0.0342196151614, 0.0167046748102, 0.0236495863646, 0.00833108089864, 0.012029918842, 0.00883925147355, 0.0164967738092, 0.0133004579693, 0.00614033266902, 0.00511861592531, 0.00722245173529, 0.0087617887184, 0.00502860359848, 0.00552780274302, 0.00726450420916, 0.012876923196, 0.00961793493479, 0.00513706170022, 0.00175537692849, 0.000552040932234], "dmean2": [0.000983134377748, 0.0222917404026, 0.0103468066081, 0.00278896116652, 0.00381171773188, 0.00345125584863, 0.00189703691285, 0.000970137654804, 0.000400565942982, 0.000445011537522, 0.00018362737319, 0.000246303417953, 0.00013803227921, 0.000225389958359, 0.000205107135116, 0.000225683630561, 0.000266737974016, 0.000237036234466, 0.000201673115953, 0.000324319757055, 0.000398182863137, 0.000459542876342, 0.000626011460554, 0.00103631510865, 0.000574997859076, 0.000157406335347, 2.75103866443e-05], "median": [8.2437582023e-05, 0.01343618799, 0.000138517832966, 2.58095915342e-05, 0.000105773098767, 7.96396561782e-05, 3.30855982611e-05, 2.12608611037e-05, 1.34716956381e-05, 6.72090527587e-06, 4.39322502643e-06, 4.67584186481e-06, 4.64494087282e-06, 5.33805587111e-06, 6.64136177875e-06, 9.12367886485e-06, 1.13699970825e-05, 1.49254046846e-05, 1.93020769075e-05, 1.62146316143e-05, 2.32862821576e-05, 3.090638711e-05, 4.01011639042e-05, 3.04076347675e-05, 2.95649733744e-05, 1.36379057949e-05, 2.9465472835e-06], "dvar": [2.96083567264e-06, 0.00084336346481, 0.000331702496624, 2.55955128523e-05, 2.71231947409e-05, 2.35406987485e-05, 1.06174093162e-05, 3.34037690664e-06, 7.57969360166e-07, 1.00368845324e-06, 1.26068044892e-07, 2.72287593361e-07, 1.03822664244e-07, 1.57262860512e-07, 1.0849429799e-07, 1.30906315121e-07, 1.28548023781e-07, 1.31290519789e-07, 8.12121001559e-08, 1.88528261447e-07, 2.6326691227e-07, 4.00558036517e-07, 7.59503791414e-07, 2.26335782827e-06, 4.89551894134e-07, 3.31830598554e-08, 1.08148190403e-09]}, "melbands_skewness": {"dvar2": 68.5565643311, "var": 72.0376052856, "min": -2.00067257881, "dmean": 4.04058694839, "mean": 8.37528419495, "max": 60.787399292, "dmean2": 6.19136381149, "median": 5.5891752243, "dvar": 28.2421245575}, "barkbands_skewness": {"dvar2": 38.5921669006, "var": 62.3691635132, "min": -4.16105794907, "dmean": 3.207716465, "mean": 5.99557256699, "max": 49.8265380859, "dmean2": 4.56847143173, "median": 3.21351003647, "dvar": 19.6494197845}, "erbbands": {"dvar2": [2.2863073349, 77.711227417, 1092.11987305, 682.96307373, 441.707946777, 1052.81420898, 2037.44226074, 4577.78613281, 5473.68945312, 6348.01953125, 2656.28369141, 866.170532227, 3151.50952148, 708.022888184, 571.050476074, 1226.63781738, 599.020324707, 625.446105957, 826.071533203, 600.72644043, 1128.09179688, 1138.60107422, 965.403686523, 427.633056641, 718.722595215, 977.110351562, 875.343322754, 962.551025391, 1336.64245605, 963.895019531, 2119.20458984, 2536.61474609, 1209.36767578, 264.182739258, 27.3035411835, 1.79702627659, 0.273192197084, 0.0116522731259, 6.67128842906e-05, 1.00624347965e-07], "var": [2.33605217934, 88.4538192749, 291.544494629, 217.809356689, 288.575622559, 671.36126709, 1441.26318359, 3336.47314453, 3402.23266602, 2764.65771484, 1335.53015137, 486.009643555, 831.033447266, 204.68031311, 238.012420654, 415.602813721, 197.546218872, 294.051879883, 406.485595703, 291.727294922, 440.985473633, 453.502227783, 482.3671875, 258.081817627, 391.240142822, 426.596374512, 499.473571777, 502.602905273, 553.050354004, 524.363647461, 733.833312988, 839.116516113, 419.201721191, 134.617919922, 12.2565174103, 1.17057192326, 0.154622077942, 0.00578091712669, 4.35962101619e-05, 8.12376512727e-08], "min": [4.80060782793e-12, 2.41094227915e-11, 6.75590139387e-11, 1.20868190456e-10, 1.51293283457e-10, 1.28069152505e-10, 7.06436575904e-11, 6.04631483769e-11, 1.48961842861e-10, 2.31324917555e-10, 1.57277649238e-10, 6.44005820893e-11, 1.71928693504e-10, 1.85789800211e-10, 6.97273003225e-11, 1.69846761655e-10, 1.03030368959e-10, 1.20747759014e-10, 7.23743634468e-11, 1.00953252702e-10, 7.55384158002e-11, 9.74560779299e-11, 9.30847135483e-11, 4.85428641728e-11, 5.68761357456e-11, 7.1550480818e-11, 5.11674140558e-11, 4.71426474247e-11, 5.87080661862e-11, 4.37971221789e-11, 1.01657033486e-11, 2.47883380489e-11, 2.56678220345e-11, 9.11745592219e-12, 4.83185063141e-12, 2.8309303686e-12, 1.8711698857e-12, 6.20677662912e-13, 1.85285936442e-13, 2.62917180296e-14], "dmean": [0.575275957584, 3.49088144302, 6.74693918228, 5.55710220337, 5.37719011307, 9.24342536926, 13.7486429214, 18.7340736389, 17.8300266266, 16.4668140411, 11.3205957413, 5.834649086, 7.97795724869, 5.39682388306, 4.70111083984, 6.41094207764, 4.24586772919, 5.69245529175, 6.82264661789, 6.57478904724, 8.20595741272, 9.32766246796, 8.14375019073, 6.4153881073, 8.31473350525, 9.24997711182, 9.56406211853, 10.3694105148, 10.4511451721, 10.8334112167, 12.3890581131, 13.432138443, 9.33249473572, 5.70518541336, 1.81314074993, 0.517090022564, 0.201180011034, 0.0395885445178, 0.0030176169239, 0.000126043640194], "mean": [0.928626000881, 5.25947999954, 6.06435155869, 5.05218219757, 6.07611083984, 10.367688179, 15.4759206772, 21.4827804565, 20.2140197754, 16.3443946838, 11.363368988, 6.29279088974, 6.37715530396, 4.32551050186, 4.33562231064, 5.43024349213, 4.10320854187, 5.4381685257, 6.29471540451, 6.22175216675, 7.54664230347, 8.47289848328, 8.14004421234, 6.92510032654, 8.56021022797, 8.8072309494, 9.57592391968, 10.40417099, 10.0166740417, 11.0592222214, 11.0693740845, 11.1494255066, 7.88163948059, 5.3040137291, 1.71073591709, 0.573068022728, 0.207843244076, 0.0399374328554, 0.00335535616614, 0.000176464047399], "max": [10.3072242737, 63.7259788513, 179.77961731, 220.993637085, 353.103149414, 390.47052002, 505.095214844, 1071.44812012, 1081.41760254, 741.194091797, 617.169189453, 436.76159668, 826.086425781, 283.027984619, 352.825775146, 488.477355957, 413.374176025, 489.21685791, 875.35559082, 448.289886475, 368.378875732, 335.773468018, 403.645843506, 528.188659668, 303.306091309, 234.505477905, 246.806518555, 210.482192993, 299.735565186, 177.126922607, 445.662902832, 210.214202881, 159.391723633, 79.4524765015, 25.7635192871, 10.2886333466, 2.71304035187, 0.732163488865, 0.0992216095328, 0.00418881466612], "dmean2": [0.825127899647, 4.99775648117, 11.6466083527, 9.80457878113, 8.89616107941, 14.8231611252, 22.3466262817, 29.7467575073, 28.058013916, 26.2480373383, 17.9611244202, 9.22072601318, 13.9148836136, 9.19110393524, 7.78237199783, 10.4616012573, 7.03149700165, 9.26896286011, 11.2458267212, 10.7536048889, 13.4299058914, 15.397151947, 12.982884407, 9.90685272217, 12.8432731628, 14.8410367966, 14.7929430008, 15.9572696686, 16.3954868317, 16.1411933899, 20.1861858368, 22.2091407776, 15.0988025665, 8.89889907837, 2.82855153084, 0.765508413315, 0.304384499788, 0.0609803497791, 0.00460079172626, 0.000190380334971], "median": [0.277326077223, 1.80969393253, 0.594520747662, 0.270967006683, 0.23767028749, 0.338603049517, 0.505673885345, 0.656526863575, 0.611537873745, 0.539408147335, 0.471715778112, 0.359114617109, 0.259578406811, 0.230618879199, 0.210677862167, 0.214833557606, 0.217923998833, 0.271732598543, 0.327355384827, 0.409641087055, 0.576816260815, 0.672556698322, 0.79614418745, 0.868499219418, 0.98341858387, 0.790785312653, 0.814909994602, 1.0647482872, 1.0168119669, 1.25385344028, 1.13828122616, 0.77479827404, 0.426168948412, 0.386410295963, 0.174710407853, 0.0612179897726, 0.0225628912449, 0.00518365530297, 0.000551789999008, 7.03036930645e-05], "dvar": [1.1205290556, 49.0472183228, 403.180908203, 254.26574707, 186.56300354, 451.39730835, 897.728759766, 2009.08361816, 2367.30249023, 2605.05761719, 1149.06103516, 393.201293945, 1161.61376953, 268.076599121, 248.507980347, 495.152709961, 232.459640503, 267.582824707, 347.301177979, 251.986801147, 448.578582764, 446.144744873, 407.374237061, 189.861816406, 310.816192627, 396.76159668, 402.828186035, 420.057159424, 541.040100098, 432.799133301, 839.59564209, 1003.24377441, 485.430114746, 121.249046326, 11.6557826996, 0.850217759609, 0.123352460563, 0.00490267574787, 3.02365860989e-05, 4.39485248194e-08]}, "silence_rate_30dB": {"dvar2": 0.126441925764, "var": 0.0995687991381, "min": 0, "dmean": 0.0706643462181, "mean": 0.887852191925, "max": 1, "dmean2": 0.141275271773, "median": 1, "dvar": 0.0656788572669}, "melbands_spread": {"dvar2": 2104.66137695, "var": 1693.78942871, "min": 0.0710940212011, "dmean": 15.5716876984, "mean": 24.3742218018, "max": 255.058151245, "dmean2": 24.606880188, "median": 5.70925140381, "dvar": 931.284545898}, "melbands_crest": {"dvar2": 48.1924629211, "var": 93.2331848145, "min": 2.13017725945, "dmean": 4.32201719284, "mean": 21.5053539276, "max": 38.8264160156, "dmean2": 6.71522903442, "median": 22.4785747528, "dvar": 22.3873844147}, "zerocrossingrate": {"dvar2": 0.000991897191852, "var": 0.00684326561168, "min": 0, "dmean": 0.0248171165586, "mean": 0.0746925473213, "max": 0.509765625, "dmean2": 0.0269141532481, "median": 0.0380859375, "dvar": 0.00092452019453}, "barkbands_kurtosis": {"dvar2": 127423.492188, "var": 94206.640625, "min": -1.92930865288, "dmean": 98.5751724243, "mean": 131.797424316, "max": 3609.36572266, "dmean2": 152.74307251, "median": 13.7765865326, "dvar": 55868.3984375}, "spectral_flux": {"dvar2": 0.00643226597458, "var": 0.00813247915357, "min": 0.000102127516584, "dmean": 0.0518264919519, "mean": 0.107689209282, "max": 0.478049457073, "dmean2": 0.0800340920687, "median": 0.0876638665795, "dvar": 0.00360745331272}, "barkbands_crest": {"dvar2": 31.4811668396, "var": 53.593421936, "min": 2.023021698, "dmean": 3.6437754631, "mean": 16.1285800934, "max": 26.8831920624, "dmean2": 5.57729434967, "median": 17.0103702545, "dvar": 15.4426498413}, "barkbands_flatness_db": {"dvar2": 0.00739122321829, "var": 0.0168242678046, "min": 0.0222480893135, "dmean": 0.0581567101181, "mean": 0.240252047777, "max": 0.658501446247, "dmean2": 0.0805400907993, "median": 0.22139313817, "dvar": 0.00370820704848}, "spectral_entropy": {"dvar2": 0.318512678146, "var": 0.797319173813, "min": 3.48522949219, "dmean": 0.364638864994, "mean": 7.69076061249, "max": 9.31608867645, "dmean2": 0.510265648365, "median": 7.96456766129, "dvar": 0.200556635857}, "pitch_salience": {"dvar2": 0.0477424785495, "var": 0.0781872943044, "min": 0.00439216010273, "dmean": 0.116589650512, "mean": 0.391950726509, "max": 0.927019774914, "dmean2": 0.183599695563, "median": 0.378885477781, "dvar": 0.0221608970314}, "erbbands_spread": {"dvar2": 1776.69238281, "var": 1801.87316895, "min": 0.651132524014, "dmean": 26.1053829193, "mean": 60.9851913452, "max": 207.133071899, "dmean2": 40.984703064, "median": 51.8305778503, "dvar": 764.182067871}, "dynamic_complexity": 4.2522816658, "spectral_contrast_valleys": {"dvar2": [0.855501651764, 1.41142785549, 1.12809121609, 0.911712408066, 0.890972733498, 0.714897990227], "var": [2.19244933128, 2.69442605972, 1.73772549629, 1.41854548454, 1.51140296459, 1.56061697006], "min": [-21.6537590027, -22.7711658478, -21.7985115051, -21.4444713593, -20.812795639, -22.1088218689], "dmean": [0.608160197735, 0.807156741619, 0.749330937862, 0.64703720808, 0.641759097576, 0.645597398281], "mean": [-8.15427970886, -7.91068887711, -8.79999732971, -8.77687358856, -8.21502876282, -9.74940299988], "max": [-5.03887939453, -4.12920188904, -4.97056627274, -5.5965294838, -5.3085436821, -7.11417770386], "dmean2": [0.928824186325, 1.16845238209, 1.10530149937, 0.907110095024, 0.852501988411, 0.830861330032], "median": [-8.05898952484, -7.89825868607, -8.84793567657, -8.99171066284, -8.29893112183, -9.84458827972], "dvar": [0.446560412645, 0.68809980154, 0.57169687748, 0.472674369812, 0.488599687815, 0.441290140152]}, "hfc": {"dvar2": 3159.68969727, "var": 1496.36450195, "min": 1.75709002903e-10, "dmean": 21.6580162048, "mean": 23.8484153748, "max": 259.69354248, "dmean2": 33.1138648987, "median": 7.5171790123, "dvar": 1345.19543457}, "spectral_kurtosis": {"dvar2": 83.4079208374, "var": 112.980514526, "min": -0.918351650238, "dmean": 2.29154014587, "mean": 3.95907998085, "max": 287.03427124, "dmean2": 3.39869523048, "median": 1.69118642807, "dvar": 41.2722167969}, "mfcc": {"mean": [-736.415893555, 68.5302276611, 47.4651679993, 39.3013572693, 21.7523326874, 15.6247768402, 2.7604906559, 7.74169874191, 5.62534475327, 9.22504425049, 7.55646276474, 6.63496017456, 5.69422340393], "cov": [[13158.5810547, -679.329711914, -1121.53637695, -808.093139648, -946.798156738, -926.852416992, -430.431518555, -265.053466797, -211.204421997, -408.450042725, -206.560119629, -111.057983398, -94.5743484497], [-679.329711914, 3590.57348633, 1161.73815918, 169.364074707, -334.68069458, -380.7137146, -439.069061279, -304.298675537, -175.419113159, -84.8720321655, -24.7092456818, -88.0327224731, -88.3164901733], [-1121.53637695, 1161.73815918, 1672.54602051, 600.544311523, 178.503555298, 5.57687473297, -124.854240417, -103.682144165, -26.5687942505, 35.0976257324, 79.5800933838, -12.5543041229, 24.8537845612], [-808.093139648, 169.364074707, 600.544311523, 613.212524414, 412.986358643, 287.014648438, 190.121841431, 107.49420929, 80.5756378174, 78.7826080322, 96.7011871338, 52.212726593, 70.8191299438], [-946.798156738, -334.68069458, 178.503555298, 412.986358643, 614.622497559, 531.144775391, 407.393096924, 254.663391113, 178.554702759, 138.08883667, 104.552360535, 82.7351379395, 88.8346862793], [-926.852416992, -380.7137146, 5.57687473297, 287.014648438, 531.144775391, 675.940673828, 532.753173828, 368.841033936, 253.376358032, 179.128585815, 142.653823853, 108.987808228, 100.626853943], [-430.431518555, -439.069061279, -124.854240417, 190.121841431, 407.393096924, 532.753173828, 551.621154785, 395.35635376, 271.8359375, 181.662887573, 145.46812439, 104.470611572, 99.0657730103], [-265.053466797, -304.298675537, -103.682144165, 107.49420929, 254.663391113, 368.841033936, 395.35635376, 376.253692627, 265.168731689, 170.929718018, 137.439788818, 95.0050430298, 81.3533554077], [-211.204421997, -175.419113159, -26.5687942505, 80.5756378174, 178.554702759, 253.376358032, 271.8359375, 265.168731689, 261.061431885, 177.240951538, 133.51260376, 85.9733810425, 75.2448425293], [-408.450042725, -84.8720321655, 35.0976257324, 78.7826080322, 138.08883667, 179.128585815, 181.662887573, 170.929718018, 177.240951538, 193.055465698, 132.928009033, 92.7844161987, 65.5377349854], [-206.560119629, -24.7092456818, 79.5800933838, 96.7011871338, 104.552360535, 142.653823853, 145.46812439, 137.439788818, 133.51260376, 132.928009033, 165.013168335, 107.106872559, 77.2500534058], [-111.057983398, -88.0327224731, -12.5543041229, 52.212726593, 82.7351379395, 108.987808228, 104.470611572, 95.0050430298, 85.9733810425, 92.7844161987, 107.106872559, 125.34098053, 81.3265075684], [-94.5743484497, -88.3164901733, 24.8537845612, 70.8191299438, 88.8346862793, 100.626853943, 99.0657730103, 81.3533554077, 75.2448425293, 65.5377349854, 77.2500534058, 81.3265075684, 104.392227173]], "icov": [[0.000101589670521, 1.74911019712e-05, 3.05667381326e-05, -7.80812115408e-06, 7.2885544796e-05, 0.000224569259444, -0.000192247622181, 6.37127959635e-05, -0.000231507292483, 0.000390406494262, -7.33658016543e-05, -9.76637893473e-05, 1.12918560262e-05], [1.74911019712e-05, 0.000422410143074, -0.000290403113468, -7.32487387722e-05, 0.000416035298258, -0.00014287455997, 9.51409747358e-05, 7.13458284736e-05, -7.65913137002e-05, 5.2218169003e-05, -7.9773235484e-05, -5.09730125486e-05, 0.000251005461905], [3.05667381326e-05, -0.000290403113468, 0.00146428158041, -0.00147977832239, 0.000153548462549, -0.000175627501449, 0.000820954155643, 0.000171211489942, -0.00017779126938, -0.000249364849878, -0.000847912102472, 0.0011042606784, -0.00038471526932], [-7.80812115408e-06, -7.32487387722e-05, -0.00147977832239, 0.00554322265089, -0.00399118382484, 0.00102217413951, -0.000278395571513, -0.000389043038012, 0.000803043250926, 0.000930203997996, -0.00166470708791, 0.000442562217358, -0.000774487503804], [7.2885544796e-05, 0.000416035298258, 0.000153548462549, -0.00399118382484, 0.00918145291507, -0.00511470763013, -0.00122203060891, 0.00190818111878, -0.000532265577931, -0.00124485732522, 0.00252938456833, -0.00069530645851, -0.000286143884296], [0.000224569259444, -0.00014287455997, -0.000175627501449, 0.00102217413951, -0.00511470763013, 0.0107708089054, -0.0067656445317, -0.000442674790975, -0.00012441513536, 0.0011755671585, -0.000307389331283, -0.00144932465628, 0.000874735123944], [-0.000192247622181, 9.51409747358e-05, 0.000820954155643, -0.000278395571513, -0.00122203060891, -0.0067656445317, 0.016131600365, -0.00959673617035, 0.00144313869532, -0.00104908051435, -0.00124289724045, 0.00273289019242, -0.00195936788805], [6.37127959635e-05, 7.13458284736e-05, 0.000171211489942, -0.000389043038012, 0.00190818111878, -0.000442674790975, -0.00959673617035, 0.01984709315, -0.0123093901202, 0.00278752646409, -0.000495467917062, -0.00203813239932, 0.00186120148282], [-0.000231507292483, -7.65913137002e-05, -0.00017779126938, 0.000803043250926, -0.000532265577931, -0.00012441513536, 0.00144313869532, -0.0123093901202, 0.0234562177211, -0.0120539143682, -0.00198372150771, 0.00487134186551, -0.00364742754027], [0.000390406494262, 5.2218169003e-05, -0.000249364849878, 0.000930203997996, -0.00124485732522, 0.0011755671585, -0.00104908051435, 0.00278752646409, -0.0120539143682, 0.0214183870703, -0.00743485428393, -0.00457197148353, 0.00288095674478], [-7.33658016543e-05, -7.9773235484e-05, -0.000847912102472, -0.00166470708791, 0.00252938456833, -0.000307389331283, -0.00124289724045, -0.000495467917062, -0.00198372150771, -0.00743485428393, 0.0232907049358, -0.0119371842593, -0.000931258837227], [-9.76637893473e-05, -5.09730125486e-05, 0.0011042606784, 0.000442562217358, -0.00069530645851, -0.00144932465628, 0.00273289019242, -0.00203813239932, 0.00487134186551, -0.00457197148353, -0.0119371842593, 0.027317199856, -0.0127999475226], [1.12918560262e-05, 0.000251005461905, -0.00038471526932, -0.000774487503804, -0.000286143884296, 0.000874735123944, -0.00195936788805, 0.00186120148282, -0.00364742754027, 0.00288095674478, -0.000931258837227, -0.0127999475226, 0.0217093601823]]}, "silence_rate_20dB": {"dvar2": 0, "var": 0, "min": 1, "dmean": 0, "mean": 1, "max": 1, "dmean2": 0, "median": 1, "dvar": 0}, "melbands_kurtosis": {"dvar2": 426098.875, "var": 280152.75, "min": -1.87449288368, "dmean": 192.582458496, "mean": 269.331176758, "max": 6351.58984375, "dmean2": 304.527709961, "median": 49.5926895142, "dvar": 175121.953125}, "barkbands_spread": {"dvar2": 662.217590332, "var": 663.547058105, "min": 0.0654689669609, "dmean": 12.6318655014, "mean": 21.6253223419, "max": 120.862487793, "dmean2": 18.9898452759, "median": 11.0331745148, "dvar": 312.235443115}, "erbbands_skewness": {"dvar2": 1.91021132469, "var": 3.45479869843, "min": -3.94745016098, "dmean": 0.916041493416, "mean": 0.638390958309, "max": 14.6938400269, "dmean2": 1.32579433918, "median": 0.376932948828, "dvar": 0.963134765625}, "average_loudness": 0.911939024925, "spectral_centroid": {"dvar2": 784277.4375, "var": 1822802.5, "min": 81.7565689087, "dmean": 508.491424561, "mean": 1544.44946289, "max": 5756.35205078, "dmean2": 727.751220703, "median": 988.531188965, "dvar": 453952.65625}, "dissonance": {"dvar2": 0.00260955863632, "var": 0.00198206119239, "min": 0.132889956236, "dmean": 0.0217355452478, "mean": 0.467755913734, "max": 0.500000059605, "dmean2": 0.0351367145777, "median": 0.48613718152, "dvar": 0.00106416514609}, "erbbands_flatness_db": {"dvar2": 0.00232038693503, "var": 0.00407355604693, "min": 0.0274721886963, "dmean": 0.0322263725102, "mean": 0.146458953619, "max": 0.559636056423, "dmean2": 0.0476267375052, "median": 0.134562760592, "dvar": 0.00130105298012}, "spectral_strongpeak": {"dvar2": 1.05167365074, "var": 0.390111982822, "min": 0, "dmean": 0.323920577765, "mean": 0.549802720547, "max": 9.92101192474, "dmean2": 0.523163259029, "median": 0.385141819715, "dvar": 0.391010284424}, "spectral_rms": {"dvar2": 6.1621126406e-06, "var": 1.27211915242e-05, "min": 2.04942782744e-08, "dmean": 0.00171218300238, "mean": 0.00555862020701, "max": 0.0167431887239, "dmean2": 0.00243338569999, "median": 0.00523664150387, "dvar": 3.45876128449e-06}, "silence_rate_60dB": {"dvar2": 0.113525852561, "var": 0.114262931049, "min": 0, "dmean": 0.0577880069613, "mean": 0.13155439496, "max": 1, "dmean2": 0.115583203733, "median": 0, "dvar": 0.0544531345367}, "melbands": {"dvar2": [0.000138557137689, 0.000162631797139, 1.84413256648e-05, 3.22840423905e-06, 2.08870960705e-06, 2.17301908378e-06, 1.18796799597e-06, 6.75299759223e-07, 1.52269009845e-07, 3.10456549357e-08, 8.16488494593e-08, 1.25443362364e-08, 5.85789594609e-09, 8.04472843896e-09, 5.55949464243e-09, 2.50075005148e-09, 2.52033283132e-09, 2.84001733242e-09, 1.88141635604e-09, 1.12520337492e-09, 1.62982194407e-09, 1.62273328108e-09, 7.32669147574e-10, 7.08141822958e-10, 2.7473054387e-10, 3.12833842164e-10, 6.83559653325e-10, 3.7787545315e-10, 3.52110979263e-10, 4.02433641966e-10, 3.33143401754e-10, 4.96144125783e-10, 3.58454627092e-10, 3.1195723782e-10, 8.47643011337e-10, 