{"tonal": {"thpcp": [1, 0.689899682999, 0.306054621935, 0.230141535401, 0.19994404912, 0.300144612789, 0.441320598125, 0.355959743261, 0.29644459486, 0.386682987213, 0.327833026648, 0.305980443954, 0.414970487356, 0.402624875307, 0.520295321941, 0.950407743454, 0.865671336651, 0.43453541398, 0.29827272892, 0.243384301662, 0.334431529045, 0.435716062784, 0.324583947659, 0.2601531744, 0.271196484566, 0.203909158707, 0.286072224379, 0.424126416445, 0.317753255367, 0.363582521677, 0.564735472202, 0.391077578068, 0.185302227736, 0.209693461657, 0.301192671061, 0.668058037758], "hpcp": {"dmean2": [0.354536831379, 0.291461855173, 0.207530230284, 0.171915888786, 0.149889886379, 0.157103404403, 0.183690711856, 0.173254027963, 0.168660879135, 0.180826023221, 0.170602142811, 0.168643712997, 0.226873084903, 0.251789182425, 0.26505613327, 0.301506727934, 0.283621639013, 0.250607430935, 0.213086292148, 0.175411954522, 0.176857843995, 0.188236579299, 0.155825003982, 0.143428787589, 0.143072068691, 0.10849699378, 0.125275895, 0.160003215075, 0.140162080526, 0.155649468303, 0.195120289922, 0.170035794377, 0.125404164195, 0.140036478639, 0.199134156108, 0.300298333168], "median": [0.0943609327078, 0.0645228028297, 0.0113608194515, 0.00375065067783, 0.00333199021406, 0.0112886903808, 0.0174263361841, 0.0154255786911, 0.0131471008062, 0.0138449026272, 0.0132628250867, 0.0113787436858, 0.0137527659535, 0.0146093359217, 0.0418367274106, 0.0578384511173, 0.0540405847132, 0.0183336995542, 0.00461933296174, 0.00437766872346, 0.0184257850051, 0.0282541085035, 0.0201033316553, 0.00679774908349, 0.00526909064502, 0.00521225202829, 0.0136636011302, 0.0210408773273, 0.020508935675, 0.0166325047612, 0.0196624677628, 0.0135726705194, 0.00672692572698, 0.00665990076959, 0.0119101684541, 0.053246345371], "min": [0, 0, 0, 0, 0, 0, 0, 0, 0, 0, 0, 0, 0, 0, 0, 0, 0, 0, 0, 0, 0, 0, 0, 0, 0, 0, 0, 0, 0, 0, 0, 0, 0, 0, 0, 0], "dvar2": [0.205309078097, 0.157099217176, 0.136634111404, 0.121107436717, 0.102854594588, 0.0948614999652, 0.102511689067, 0.0952949151397, 0.0968015119433, 0.0954949334264, 0.089555926621, 0.0867639556527, 0.134599000216, 0.145315423608, 0.130240008235, 0.148749619722, 0.136071816087, 0.149083077908, 0.157513916492, 0.118739791214, 0.0929216220975, 0.0924883261323, 0.0749016329646, 0.0814593285322, 0.0875366851687, 0.0574714578688, 0.0625900179148, 0.0819792896509, 0.0664305239916, 0.0768734365702, 0.109843686223, 0.0901161432266, 0.0743666440248, 0.0835538879037, 0.127485573292, 0.185156911612], "dvar": [0.0774975419044, 0.0572299212217, 0.0488484539092, 0.0427954532206, 0.0359037145972, 0.0345355458558, 0.0422061830759, 0.0362156927586, 0.0346571579576, 0.0370658710599, 0.0333105362952, 0.0322444662452, 0.0506477169693, 0.0533559396863, 0.0472528934479, 0.0654724836349, 0.0573543608189, 0.0570394061506, 0.0589394718409, 0.0418854542077, 0.0327809229493, 0.036610737443, 0.0286461021751, 0.030620791018, 0.0331487059593, 0.0218690317124, 0.024023771286, 0.0344519354403, 0.0250888261944, 0.0304237436503, 0.0485487021506, 0.0341580510139, 0.0263889878988, 0.0300393868238, 0.0446157753468, 0.0638615712523], "dmean": [0.201132982969, 0.167622819543, 0.113044269383, 0.0926735922694, 0.0810479968786, 0.08749871701, 0.105618804693, 0.0982780754566, 0.0932840630412, 0.101697392762, 0.0952466502786, 0.0943447649479, 0.127799779177, 0.138551160693, 0.148199424148, 0.173334673047, 0.164299100637, 0.140934050083, 0.117053478956, 0.0954069495201, 0.0981821492314, 0.10771369189, 0.0898537635803, 0.0817622169852, 0.0805643051863, 0.0611023008823, 0.0724078193307, 0.0934153571725, 0.0808581337333, 0.0896949991584, 0.1124856323, 0.0974262431264, 0.0686748176813, 0.0763572156429, 0.108399756253, 0.16747610271], "max": [1, 1, 1, 1, 1, 1, 1, 1, 1, 1, 1, 1, 1, 1, 1, 1, 1, 1, 1, 1, 1, 1, 1, 1, 1, 1, 1, 1, 1, 1, 1, 1, 1, 1, 1, 1], "var": [0.124519720674, 0.0682583898306, 0.0380034297705, 0.0303856804967, 0.0251909848303, 0.0342704989016, 0.0610550716519, 0.0393392033875, 0.0309566128999, 0.0493205152452, 0.0361081771553, 0.03303617239, 0.0540539696813, 0.0473371259868, 0.04884358868, 0.129486396909, 0.111832678318, 0.0525257028639, 0.0452733188868, 0.0308511350304, 0.0354006178677, 0.0488997995853, 0.0308387000114, 0.031072748825, 0.0366937741637, 0.0235144048929, 0.0283346306533, 0.0539063625038, 0.0296645555645, 0.0380963534117, 0.0860998034477, 0.0435192883015, 0.0194211006165, 0.023738572374, 0.0351065136492, 0.0718437060714], "mean": [0.280703663826, 0.193657368422, 0.0859106555581, 0.0646015703678, 0.0561250261962, 0.0842516943812, 0.123880311847, 0.0999191999435, 0.083213083446, 0.108543328941, 0.0920239314437, 0.0858898311853, 0.116483733058, 0.113018281758, 0.146048799157, 0.266782939434, 0.24299710989, 0.121975682676, 0.0837262496352, 0.0683188661933, 0.0938761532307, 0.122307091951, 0.0911119058728, 0.0730259492993, 0.0761258453131, 0.0572380498052, 0.0803015232086, 0.119053840637, 0.0891944989562, 0.102058947086, 0.158523321152, 0.109776906669, 0.0520150139928, 0.058861721307, 0.0845458880067, 0.187526345253]}, "tuning_equal_tempered_deviation": 0.0420752428472, "chords_changes_rate": 0.0640157312155, "key_key": "D", "tuning_diatonic_strength": 0.575340867043, "key_scale": "major", "chords_number_rate": 0.00262180459686, "tuning_frequency": 438.477722168, "tuning_nontempered_energy_ratio": 0.717441082001, "chords_histogram": [28.3810348511, 4.45706796646, 7.47214317322, 0.39327070117, 0.48066419363, 0, 0.852086544037, 0.0873934924603, 0.436967432499, 0.0218483731151, 0.524360954762, 0.0873934924603, 0.0218483731151, 1.28905391693, 0, 1.44199252129, 0.0655451193452, 12.5409660339, 1.44199252129, 7.03517580032, 17.0635795593, 1.00502514839, 4.28228092194, 10.618309021], "key_strength": 0.814897894859, "chords_key": "D", "chords_strength": {"dmean2": 0.0117609789595, "median": 0.485528826714, "min": -1, "dvar2": 0.000934540177695, "dvar": 0.000505449483171, "dmean": 0.0114391306415, "max": 0.798474311829, "var": 0.108614511788, "mean": 0.42324873805}, "chords_scale": "major", "hpcp_entropy": {"dmean2": 0.957889437675, "median": 1.89409708977, "min": 0, "dvar2": 0.748372554779, "dvar": 0.278238028288, "dmean": 0.568863272667, "max": 4.21563386917, "var": 0.649642586708, "mean": 1.82122957706}}, "metadata": {"audio_properties": {"equal_loudness": 0, "codec": "mp3", "downmix": "mix", "sample_rate": 44100, "analysis_sample_rate": 44100, "bit_rate": 209030, "md5_encoded": "fbd40f7e15bea1c8c48d11aea88340a4", "length": 212.506118774, "replay_gain": -12.9899959564, "lossless": false}, "version": {"essentia_build_sha": "70f2e5ece6736b2c40cc944ad0e695b16b925413", "essentia": "2.1-beta2", "extractor": "music 1.0", "essentia_git_sha": "v2.1_beta2"}, "tags": {"title": ["Live Today"], "barcode": ["600353981027"], "media": ["CD"], "albumartist": ["Naked Music NYC"], "language": ["eng"], "musicbrainz_recordingid": ["154e7b02-1d16-4c87-a145-56be5ebc3cc7"], "musicbrainz_albumartistid": ["ed2889f6-5e4e-4a5b-b66f-098096a9d8d8"], "discnumber": ["1/1"], "bpm": ["0"], "catalognumber": ["OM-010"], "musicbrainz album release country": ["US"], "musicbrainz album type": ["album"], "musicbrainz album status": ["Official"], "file_name": "1.11. Naked Music NYC - Live Today.mp3", "originaldate": ["1998-06-23"], "acoustid_fingerprint": ["AQADtEqUTEqUJI7wIIxeQZN15FFCZviPpkr0IA0SH810PLpwtTLyPBCRRxN3PDLRtEcP2Rf-GU-qyjhN5HygJZeHLFx6PFFY8NcR5kHSf-h-XEmOWYq6oDrS54K258j544mPOtLh64H8DhOLpxe-9TizI30O1TnyrG_w5Qg9HUmfY4qOJzw-_chVaE-MMCouKc_xyEdT5chvJEf540mu4wqR9DL8Enm0Y06yy6icI-GjI_yMH08SZhT4bSKaZwt64kVSiuQRJ0mmHM1-RJegE2F3xBIPeYmUB8o-IM_gJHqGC7wUauhRUqSOOWky5IW-3UifKcXcD6MSSR2eKUekixDlOSEqUXyhJz_yhMQfNLkilM_xJFF2PAH_ILzkBMmyH9-kUMGP_6h_eEv-ILQOvUf-HLckG8nDI5aOakezy8GJfEcPLcuR50KtUA2SHUETooxM4TKI9Dx0_ciXKJHQxpiyxkR-IznxHHl6PBBPHKcOeUkWOJYQPcdTBdcuoWkaxeiDvGA-H4pynAosljh_6M0RPkeYUDpk-oG7Q7-RH42SOEfVZMdO8BOevbiczshDGfoO_zhrXOEjNPXxUENyPcPbUEYyBrkogs9xPRms41mPS_nw_Milx0gW_SjP4amOxzlq0bDFHbXYI0GeXsd7BbktJK2LS2gW-wjPB3qOD832ocwYB08OvUds9B6aJQc7LfiRf_AzHYoZ_cgTE9eC8OSh5R_y7MiNC81ITLg_dEyGMLEUvHiq4FLmo3HIolZ3JPpWHOlL4xSmhEnWI1R2HMlXuM0R95CnQjyi40l4OJqPJ-C7or9QxvGMWY-RPAny9vCPq4_wRMyLp0ii3cqQPvNQPkfy5MjT43_gPJJwIdeCJ0h-ZQL1J3hcjKJ25C403oiUMNGDK8efzXjwC7keIZkpw2mYg2HCD9eP_NC8D41C4co7ZPFlpNeFhBduNAtxaWmO7GFy6Ed6psd1PMflIo94JDyN2cd3YvyR5xCjNcaR50OYZEoE7RNiHa_Y4tphN4rx3cgbaHlmhId_PEfuQ_o6pN_BHzHBSxfSJBLT4dmOJ0OfyBZqHXyy43I4eFlw4hmVIIsDLfEu5Jk8_HrwRcJZdGEiNBz-Iz7RPAs08gnyY6oUBU2PP8cf4o62RGiSWBaSPQty4cOJZ_iN5vGQjEweIY90_BbOMAit_Gi-Qj-cLTvyY30VpC-SSjcOypGKnFku6EO0-SpOPJnRbPRQrRKhT4txPPKNj0GfB40eNjgxhXuKSswcfA4qXfiPsiOJPD2Sixao6wmeCueSHyM9XDoq-sjDQswqruimHHqYoza0yEe8HZdhJwt2Pbi0GfRuzPqEnIKuqEdJE012Cq-uYBcJzXGRrs_QaV2RezGSq3jCBg-sHFd-fMeD_gkS6WyEkKH04OqMT4mN6cdpNM-M_4i-HN-Z4JmF-DwqUmim6fieICs_48kh7sLPHXmJ8DykzNGMvHAkHY-y4o-GHmEeURekLyFKEg1dIhl9nEmFKomKi3E1_EE_BWGqCDqTB_kj4xniRTa0JFGOPlOOZ0XzBH2U49qN54sg-sGdGPoQlCiz5DiT4Q96hNkHPRyLuIqxH3cOh2KOfAnkmcPxQ8sRNoqS48N1_DlyPyqUMUee4sqOH_kVQdODMKeMKzf-oKmjoh0Ri5kHeVSOnJRCnJuAJz9yZhR6xmiaT8jx52gqok9yvEejC6HUldDz4BfyLCd4tQizB4qY6jj3IM-jIXfQ6EGfCcf54EmO0FKSojmd4dmC53geRPwhSTxiKseF8h02HiH0SUWM45-CZmyIcMk76DyeBxe8F_oxSzny5MV_VJcQZmqOSwsDHfuxvYeeXHj0g5DiozHy6DhxS8fPIA-S52hKJSjJ45gfxNyhLBEj5Myk4WTR00MYXlCRNzjz4EweoTrMo2uIXPgDPrgTNFIkHdqjB_OFppbQ53h4hNqy3Nh2pFeqQXNQi0czJgp-gUnvCKGaCBfyHpaOhwjFJmg8URKRXDtSPsdpNFUYHn10nIrUElOUo9qCvEfy45YxK1fwjNvxw2dy3Cyyboeq5AiTXJmO8EcS8_iii8jXB58YBz5yXBG2aD5-XBEZMPkLL07Co1SK5EKepYdPTsOV5RlmiTkitoeWblQmVGYKOalkIz94EU8u-BWeXMa1T8MZ5DmSyRKanXjiHFdiKeh7w88yhNahP0eej_jY4z6S-g3y62iiVA3KIw-ufGj0QmOqBhfD4ywTJMfhaXjUcHhzI9_hpzOkI08iCpeCLzvSE_qhLlfwJfTxw8d__Ak0hdGFMI8S_McrHp8-uI5y5NmhF_6F7C6aUFmPaTRimtCtI8zUPKi0FPmMMDl6XGgYlaiSHe8mNGNg7hFKIXmYD99ceNzx7AriM8O3WMgXi0iWzw26FMmzI1-CkcoVHP5xRTpyKdCTXAiTNE9SVMf14xeSPBe87Sli7nhOXDly0imU60K-D5Ulo1lIkGGUIz_0J4GfXEGe4wsRbj8SXVaK6miWXSilxce1UMgliG9l5McVNBPH6OAtpCbUS0KYhTtOm_iHZtl3hE-Oh-h5NOEiI-8y47JS4lFGNFuYI_QDPUN4o3kWymiOWjmOXC-S_Wjm4dcQV0OuP3ASfngWevhx-cNT_DCHZ8e17IjDQyyP_Hie4gp-FOkOjTly_SAbwj3e6NgnFemlQ09wfmiW5Tv8IJR5fFtS2NrxBA_OZahNhBkvJFfSEf-FS6ywRyqaHaEFRdErhM_IDD8ihYf25DgloU9eNH8OjczQUMaVI0uSSugljGuO5HqQd2twLcyxq3gYool5ow-eHYySTXGCaj2uHx-aSkNYkUi-tBJ4D34C7sQVa8TbHD_2DMnaoemOUcvxaUkHPyfyEF_h6XgO_ocf3ZjTThM8Hcnj41SWHlZeIefxk8MnZmim7EcnzhlmUjjxdrijCX5wneCaSDfCKCKSMSzuR_iT4AFlpCCCAAGIQRIAQYQgRBChgAAEAQCAEAZgCwARghAiACCGCESEQEAJQIgAxhBEBDEICEEEYQYSQQxAAgEgDFGEOAKQcAAB44EzQAigAAaICEQQkwAAYJhhQgCBrBDAAGIdEYAQQAQRAghCuALMKAEAQ0QoYohgBBhuCAEmGEYIAcISAgIACgojDKCAKWmUgAQQRCgwBAiHFBBCGEQoEUQgBBQQhhDAjBFCAGIMMAIgJYxShBCEFAMIEECIEIIIbAwwiBBhjBjcQNeIEkYAwYAAgCiBABBEIACIAsYQAQSUwgAHDGDECQQIIVAxAAAAAAQCgALEUCKAgAAIZwgkRgFnhCEEiGQEMYQgZIEQFjmjEBCGCEeEFEQQwgAQRAAIiBEGGC-EAYYBIAxRhwgECFKAGUEYFUoCIJxQwjAFyCBGGAWUEEYQQwgAjAAggFPGMMCIIYQRRIwgQBBBEJhACISQAQAAARRDhBFAiGCAAEOIUs4AIADBwhDCBCCCAQoAEAQwpAQDxhBEjEHKAISwE0IZIIQligqCIDBMCIUQAhIwAxBRCCAkCBACGUEAEEhAAJBCAAAEkDGSCAacMsAoRwFAyDDhAGoCGOKAKAISQwQgkhjiHBBIAAQEEQ4IgzxBDjqikBAAGASkMQpZ5ARwSggnAAGGAKQAF0ABQAggQAiEGCKEOAQYMhYIBQhQggghBMIGAUGIEgAIRoQCiDghiAAeEAEQEMACBgRARAFggAIgEQUAgo4gwAjihjgBmFFEMKMAIIAKQAgwhhCjBBWEAgYAABowBAxCghgjgAAWAFAcIwIgohggBAAjgCAAGwQQccggAoRABABEhVAGMAWAFoAQBwRAigAADCCICQ2VAAIhY4gwhBkEkAWOIMCEgAQgJik0RGgABYCeECCQEpBJYAQQghhlBGAKMQIUIAAJxwgSAAEBABMCAeIIo04AgIwBSggCAFAMCAIMMAgIQQgRQgCgEEUEAOIIBQ"], "date": ["1998-06-23"], "genre": ["Chillout, Ambient, Electronic"], "album": ["What's on Your Mind?"], "musicbrainz_artistid": ["ed2889f6-5e4e-4a5b-b66f-098096a9d8d8"], "asin": ["B000006RA5"], "musicbrainz_albumid": ["5734fae5-0a3d-4afb-8835-202d403b55ed"], "artist": ["Naked Music NYC"], "artistsort": ["Naked Music NYC"], "tracknumber": ["11/13"], "label": ["Om Records"], "albumartistsort": ["Naked Music NYC", "Naked Music NYC"], "script": ["Latn"], "musicbrainz_releasegroupid": ["b1840f69-f119-3d51-8b83-6eecf2c4a20c"]}}, "rhythm": {"bpm_histogram_first_peak_bpm": {"dmean2": 0, "median": 92, "min": 92, "dvar2": 0, "dvar": 0, "dmean": 0, "max": 92, "var": 0, "mean": 92}, "bpm": 92.7949371338, "bpm_histogram_second_peak_spread": {"dmean2": 0, "median": 0, "min": 0, "dvar2": 0, "dvar": 0, "dmean": 0, "max": 0, "var": 0, "mean": 0}, "bpm_histogram_first_peak_weight": {"dmean2": 0, "median": 0.570552170277, "min": 0.570552170277, "dvar2": 0, "dvar": 0, "dmean": 0, "max": 0.570552170277, "var": 0, "mean": 0.570552170277}, "onset_rate": 4.06078243256, "beats_position": [0.731428563595, 1.40480720997, 2.06657600403, 2.70512461662, 3.34367346764, 3.99383211136, 4.6439909935, 5.2941493988, 5.93269824982, 6.57124710083, 7.22140598297, 7.87156438828, 8.52172279358, 9.16027164459, 9.79882049561, 10.4489793777, 11.0991382599, 11.749297142, 12.3994560242, 13.0263938904, 13.6765527725, 14.3267116547, 14.9768705368, 15.6270294189, 16.2539672852, 16.904127121, 17.5542850494, 18.1928348541, 18.8313827515, 19.4815406799, 20.1317005157, 20.7702484131, 21.4087982178, 22.0589561462, 22.6858959198, 23.3360538483, 23.9862117767, 24.6363716125, 25.286529541, 25.9366893768, 26.5868473053, 27.22539711, 27.8639450073, 28.5141029358, 29.1642627716, 29.8028106689, 30.4413604736, 31.0915184021, 31.7416782379, 32.391834259, 33.0419960022, 33.6805419922, 34.3190917969, 34.9692497253, 35.6194114685, 36.269569397, 36.8965072632, 37.5466651917, 38.1968231201, 38.8353729248, 39.4739227295, 40.124080658, 40.7742385864, 41.4243965149, 42.0629463196, 42.7014961243, 43.3516540527, 44.0018119812, 44.6519737244, 45.2905197144, 45.929069519, 46.5792274475, 47.229385376, 47.8795471191, 48.5180931091, 49.1566429138, 49.8068008423, 50.4569587708, 51.1071205139, 51.7456665039, 52.3842163086, 53.0343742371, 53.6845359802, 54.3230819702, 54.9616317749, 55.6117897034, 56.2619476318, 56.912109375, 57.550655365, 58.1892051697, 58.8393630981, 59.4895210266, 60.1396827698, 60.7782287598, 61.4167785645, 62.0669364929, 62.7170982361, 63.3556442261, 63.9941940308, 64.6443557739, 65.2945098877, 65.9446716309, 66.5832214355, 67.2333755493, 67.871925354, 68.5220870972, 69.1606369019, 69.7991790771, 70.4493408203, 71.0995025635, 71.7496566772, 72.3998184204, 73.0267562866, 73.6769180298, 74.3270721436, 74.9772338867, 75.6157836914, 76.2543258667, 76.9044876099, 77.554649353, 78.1931991577, 78.831741333, 79.4819030762, 80.1320648193, 80.7706069946, 81.4091567993, 82.0593185425, 82.7094802856, 83.3596343994, 84.0097961426, 84.6483459473, 85.2868881226, 85.9370498657, 86.5872116089, 87.2373657227, 87.8759155273, 88.514465332, 89.1646270752, 89.814781189, 90.4417190552, 91.0918807983, 91.7420425415, 92.3921966553, 93.0423583984, 93.6809082031, 94.3194503784, 94.9696121216, 95.6197738647, 96.2583236694, 96.8968658447, 97.5470275879, 98.1971893311, 98.8473434448, 99.4858932495, 100.124443054, 100.774604797, 101.424758911, 102.063308716, 102.701858521, 103.352012634, 104.002174377, 104.652336121, 105.302490234, 105.941040039, 106.579589844, 107.229751587, 107.879905701, 108.518455505, 109.15700531, 109.807167053, 110.457321167, 111.095870972, 111.734420776, 112.38457489, 113.034736633, 113.684898376, 114.33505249, 114.973602295, 115.6121521, 116.262313843, 116.912467957, 117.551017761, 118.189567566, 118.839729309, 119.489883423, 120.140045166, 120.778594971, 121.417137146, 122.067298889, 122.717460632, 123.367614746, 124.006164551, 124.644714355, 125.294876099, 125.945030212, 126.583580017, 127.222129822, 127.872291565, 128.522445679, 129.172607422, 129.811157227, 130.449707031, 131.099868774, 131.750015259, 132.400177002, 133.038726807, 133.677276611, 134.327438354, 134.977600098, 135.616149902, 136.254684448, 136.904846191, 137.555007935, 138.193557739, 138.832107544, 139.482269287, 140.13243103, 140.782577515, 141.432739258, 142.071289062, 142.709838867, 143.348388672, 143.998550415, 144.648712158, 145.287246704, 145.937408447, 146.58757019, 147.237731934, 147.876281738, 148.514831543, 149.164993286, 149.815139771, 150.465301514, 151.103851318, 151.742401123, 152.392562866, 153.042724609, 153.681274414, 154.31980896, 154.969970703, 155.620132446, 156.270294189, 156.920455933, 157.559005737, 158.197555542, 158.847702026, 159.49786377, 160.148025513, 160.774963379, 161.425125122, 162.075286865, 162.71383667, 163.352371216, 164.002532959, 164.652694702, 165.302856445, 165.94140625, 166.579956055, 167.230117798, 167.880264282, 168.530426025, 169.16897583, 169.807525635, 170.457687378, 171.107849121, 171.746398926, 172.384933472, 173.035095215, 173.685256958, 174.335418701, 174.985580444, 175.635726929, 176.262680054, 176.912826538, 177.562988281, 178.201538086, 178.840087891, 179.490249634, 180.140411377, 180.778961182, 181.417495728, 182.067657471, 182.717819214, 183.356369019, 183.994918823, 184.645080566, 185.29524231, 185.945388794, 186.595550537, 187.234100342, 187.872650146, 188.52281189, 189.172973633, 189.811508179, 190.450057983, 191.100219727, 191.75038147, 192.400543213, 193.039093018, 193.677642822, 194.327789307, 194.97795105, 195.628112793, 196.278274536, 196.916824341, 197.555374146, 198.205535889, 198.855682373, 199.494232178, 200.132781982, 200.782943726, 201.444717407, 202.118087769, 202.803085327, 203.488067627, 204.207885742, 204.927703857, 205.612701416, 206.297683716, 206.971069336, 207.644439697, 208.317825317, 209.002807617, 209.676193237, 210.349563599, 211.022949219, 211.707931519], "beats_loudness": {"dmean2": 0.0369085296988, "median": 0.0575730353594, "min": 0, "dvar2": 0.000844201596919, "dvar": 0.000279300817056, "dmean": 0.0222658291459, "max": 0.110402815044, "var": 0.000664238759782, "mean": 0.0521846227348}, "danceability": 1.30039691925, "bpm_histogram_second_peak_weight": {"dmean2": 0, "median": 0.00613496918231, "min": 0.00613496918231, "dvar2": 0, "dvar": 0, "dmean": 0, "max": 0.00613496918231, "var": 0, "mean": 0.00613496918231}, "beats_count": 327, "bpm_histogram_second_peak_bpm": {"dmean2": 0, "median": 83, "min": 83, "dvar2": 0, "dvar": 0, "dmean": 0, "max": 83, "var": 0, "mean": 83}, "bpm_histogram_first_peak_spread": {"dmean2": 0, "median": 0.425925910473, "min": 0.425925910473, "dvar2": 0, "dvar": 0, "dmean": 0, "max": 0.425925910473, "var": 0, "mean": 0.425925910473}, "beats_loudness_band_ratio": {"dmean2": [1.21469533443, 1.11666321754, 0.150821745396, 0.107435017824, 0.0837481096387, 0.0684867575765], "median": [0.267813652754, 0.144435673952, 0.0473554283381, 0.0147812059149, 0.0287202112377, 0.0238512065262], "min": [0, 0, 0, 0, 0, 0], "dvar2": [0.258911043406, 0.133059948683, 0.038124691695, 0.0265366006643, 0.00621151132509, 0.000961445213761], "dvar": [0.0726490989327, 0.0360055714846, 0.0138786556199, 0.00916836410761, 0.00237479922362, 0.000302222528262], "dmean": [0.608364522457, 0.559314489365, 0.0824371352792, 0.0591684579849, 0.045046813786, 0.0347065515816], "max": [0.993528842926, 0.869026422501, 0.906391382217, 0.576297342777, 0.40708065033, 0.164818137884], "var": [0.133122414351, 0.0979727879167, 0.0131076071411, 0.00816795323044, 0.00304162711836, 0.000537277082913], "mean": [0.436708211899, 0.334949284792, 0.084087960422, 0.0506381243467, 0.0381961502135, 0.0241533368826]}}, "lowlevel": {"barkbands_spread": {"dmean2": 7.89762496948, "median": 10.4762229919, "min": 0.291217833757, "dvar2": 157.56048584, "dvar": 71.2781295776, "dmean": 5.10140609741, "max": 108.566452026, "var": 164.231582642, "mean": 13.7611761093}, "melbands_spread": {"dmean2": 9.97662067413, "median": 11.2856206894, "min": 0.277691692114, "dvar2": 285.206665039, "dvar": 132.984786987, "dmean": 6.43129062653, "max": 286.07925415, "var": 969.54888916, "mean": 21.1440353394}, "hfc": {"dmean2": 8.74036693573, "median": 5.64200878143, "min": 1.05427312356e-16, "dvar2": 228.309631348, "dvar": 100.560081482, "dmean": 5.81830835342, "max": 168.028106689, "var": 292.091674805, "mean": 12.9691114426}, "barkbands_kurtosis": {"dmean2": 15.3240356445, "median": 3.70499181747, "min": -1.91626679897, "dvar2": 1313.66699219, "dvar": 575.343505859, "dmean": 9.80391597748, "max": 319.887542725, "var": 795.84967041, "mean": 12.8898792267}, "gfcc": {"mean": [-156.327529907, 111.667861938, -96.1875, 20.2188854218, -57.8864631653, 0.404488176107, -31.2332630157, 4.36425304413, -18.2123641968, 1.40817761421, -15.5103397369, -10.0103626251, -11.7237977982], "icov": [[6.79980657878e-05, -0.000159643052029, 0.000127739156596, -0.000181767798495, 0.000184281743714, -0.00032028259011, 0.000297243968816, -0.000175777808181, 0.000176469577127, -0.000117822637549, 0.000188554899069, -0.000137422277476, 0.000139717303682], [-0.000159643052029, 0.000826496572699, -0.000275907979812, 0.000455014436739, -0.000341049715644, 0.000800667912699, -0.000908586836886, 0.000488824502099, -0.000727666367311, 0.000863488996401, -0.000756204302888, 0.00108348508365, -0.000583471904974], [0.000127739156596, -0.000275907979812, 0.000766891229432, -0.00047557146172, 0.00016395097191, -0.000761819421314, 0.00020154901722, -0.000447491329396, -0.000102411053376, 0.000206921205972, 0.000628629000857, -0.000689750770107, 0.000379551318474], [-0.000181767798495, 0.000455014436739, -0.00047557146172, 0.00200483412482, -0.000979056116194, 0.000627831439488, -0.000375560339307, -0.000402975594625, -8.45178146847e-05, -0.000189385129488, -1.29283780552e-05, 0.000739511102438, -0.000573256460484], [0.000184281743714, -0.000341049715644, 0.00016395097191, -0.000979056116194, 0.00314519973472, -0.00172845460474, -0.000330816226779, 0.000736607296858, -0.000505442207213, 0.000368645560229, -0.000365999614587, -0.000462574447738, 6.22226070845e-05], [-0.00032028259011, 0.000800667912699, -0.000761819421314, 0.000627831439488, -0.00172845460474, 0.00598634639755, -0.00291315210052, 0.00110284204129, 0.000545000308193, -0.00170653592795, 0.000488562393002, -0.000143250916153, 0.000845100497827], [0.000297243968816, -0.000908586836886, 0.00020154901722, -0.000375560339307, -0.000330816226779, -0.00291315210052, 0.00702004134655, -0.00311065581627, 0.000466597470222, 0.000873312179465, -0.002038636012, 0.00155665399507, -0.000447261962108], [-0.000175777808181, 0.000488824502099, -0.000447491329396, -0.000402975594625, 0.000736607296858, 0.00110284204129, -0.00311065581627, 0.00785798300058, -0.00205369922332, -0.000852269877214, 0.00184535060544, -0.00146239250898, 6.32458904875e-05], [0.000176469577127, -0.000727666367311, -0.000102411053376, -8.45178146847e-05, -0.000505442207213, 0.000545000308193, 0.000466597470222, -0.00205369922332, 0.00682375347242, -0.00291058467701, 0.00149651488755, 0.00055815523956, -0.00190249888692], [-0.000117822637549, 0.000863488996401, 0.000206921205972, -0.000189385129488, 0.000368645560229, -0.00170653592795, 0.000873312179465, -0.000852269877214, -0.00291058467701, 0.009660939686, -0.0043230149895, 0.000918267818633, 0.000853884732351], [0.000188554899069, -0.000756204302888, 0.000628629000857, -1.29283780552e-05, -0.000365999614587, 0.000488562393002, -0.002038636012, 0.00184535060544, 0.00149651488755, -0.0043230149895, 0.00999417994171, -0.00347694498487, 0.000943397695664], [-0.000137422277476, 0.00108348508365, -0.000689750770107, 0.000739511102438, -0.000462574447738, -0.000143250916153, 0.00155665399507, -0.00146239250898, 0.00055815523956, 0.000918267818633, -0.00347694498487, 0.0110165476799, -0.00415345933288], [0.000139717303682, -0.000583471904974, 0.000379551318474, -0.000573256460484, 6.22226070845e-05, 0.000845100497827, -0.000447261962108, 6.32458904875e-05, -0.00190249888692, 0.000853884732351, 0.000943397695664, -0.00415345933288, 0.00998906977475]], "cov": [[70400.7109375, 2465.43774414, -6958.44628906, 1751.38793945, -3282.98901367, 747.444213867, -2346.17211914, 212.069732666, -1535.77380371, 553.827331543, -925.328979492, -328.716033936, -1014.09100342], [2465.43774414, 3413.21142578, 69.4875488281, -251.407455444, 94.8807601929, -225.925842285, 306.152709961, -50.6921157837, 226.2134552, -255.330688477, 46.8046340942, -257.639953613, 133.731964111], [-6958.44628906, 69.4875488281, 2960.68237305, 378.178039551, 549.248168945, 208.979721069, 404.90612793, 198.660614014, 283.66519165, -111.955322266, -68.25440979, 75.3179321289, 107.723976135], [1751.38793945, -251.407455444, 378.178039551, 867.37878418, 157.690338135, 137.133102417, 16.9842033386, 120.853065491, 15.7554512024, 53.2352638245, -72.0991897583, 2.24906635284, -10.1679697037], [-3282.98901367, 94.8807601929, 549.248168945, 157.690338135, 692.506591797, 166.149414062, 258.010375977, -17.6662940979, 109.444206238, -14.06407547, 83.0163116455, 6.58955907822, 49.8816680908], [747.444213867, -225.925842285, 208.979721069, 137.133102417, 166.149414062, 379.085296631, 103.973518372, 17.8453712463, -47.2081336975, 75.6269226074, 10.7047634125, 10.140868187, -64.5361709595], [-2346.17211914, 306.152709961, 404.90612793, 16.9842033386, 258.010375977, 103.973518372, 381.707336426, 62.0648078918, 90.3440093994, -25.5535030365, 72.9665679932, -32.4085578918, 41.6071472168], [212.069732666, -50.6921157837, 198.660614014, 120.853065491, -17.6662940979, 17.8453712463, 62.0648078918, 211.267959595, 72.1732940674, 20.2373943329, -45.6538009644, 17.4036006927, 17.0656757355], [-1535.77380371, 226.2134552, 283.66519165, 15.7554512024, 109.444206238, -47.2081336975, 90.3440093994, 72.1732940674, 272.537841797, 14.464635849, -6.21089076996, -11.3803472519, 78.2456893921], [553.827331543, -255.330688477, -111.955322266, 53.2352638245, -14.06407547, 75.6269226074, -25.5535030365, 20.2373943329, 14.464635849, 182.599502563, 49.3981933594, 14.8392372131, -34.2836265564], [-925.328979492, 46.8046340942, -68.25440979, -72.0991897583, 83.0163116455, 10.7047634125, 72.9665679932, -45.6538009644, -6.21089076996, 49.3981933594, 182.421325684, 27.3294677734, 4.99528837204], [-328.716033936, -257.639953613, 75.3179321289, 2.24906635284, 6.58955907822, 10.140868187, -32.4085578918, 17.4036006927, -11.3803472519, 14.8392372131, 27.3294677734, 146.664276123, 39.3217277527], [-1014.09100342, 133.731964111, 107.723976135, -10.1679697037, 49.8816680908, -64.5361709595, 41.6071472168, 17.0656757355, 78.2456893921, -34.2836265564, 4.99528837204, 39.3217277527, 158.043777466]]}, "spectral_energyband_middle_low": {"dmean2": 0.00929114967585, "median": 0.00430716294795, "min": 1.54668032315e-22, "dvar2": 0.000288751354674, "dvar": 0.000125512495288, "dmean": 0.00574911106378, "max": 0.137970611453, "var": 0.000199936956051, "mean": 0.00969002954662}, "melbands_crest": {"dmean2": 5.768887043, "median": 15.3098049164, "min": 1.49222254753, "dvar2": 30.8245811462, "dvar": 12.9862546921, "dmean": 3.69738602638, "max": 33.6012191772, "var": 44.0494766235, "mean": 15.8027048111}, "spectral_kurtosis": {"dmean2": 9.99630355835, "median": 5.67594242096, "min": -1.34623551369, "dvar2": 515.164550781, "dvar": 262.776092529, "dmean": 6.55006504059, "max": 363.115600586, "var": 1151.68078613, "mean": 15.3991565704}, "spectral_rms": {"dmean2": 0.00158472883049, "median": 0.003753045341, "min": 3.0920726049e-12, "dvar2": 6.17263731328e-06, "dvar": 2.97259589388e-06, "dmean": 0.00109976273961, "max": 0.0133720720187, "var": 7.52516280045e-06, "mean": 0.00391473434865}, "zerocrossingrate": {"dmean2": 0.0122204245999, "median": 0.03759765625, "min": 0.0029296875, "dvar2": 0.000297997408779, "dvar": 0.000249621429248, "dmean": 0.0103066721931, "max": 0.52685546875, "var": 0.0111210448667, "mean": 0.0659665167332}, "silence_rate_60dB": {"dmean2": 0.102721013129, "median": 0, "min": 0, "dvar2": 0.10069976747, "dvar": 0.0487112514675, "dmean": 0.0513548962772, "max": 1, "var": 0.187261849642, "mean": 0.249535664916}, "erbbands_kurtosis": {"dmean2": 3.90083265305, "median": 0.907300710678, "min": -1.90385973454, "dvar2": 55.4465179443, "dvar": 25.4324569702, "dmean": 2.48931241035, "max": 167.435699463, "var": 56.4825057983, "mean": 2.97996997833}, "erbbands": {"dmean2": [0.0433524027467, 1.25431072712, 10.2964334488, 11.8903989792, 7.12173032761, 6.62191820145, 21.4633159637, 16.7028255463, 14.9235582352, 24.9027061462, 33.121963501, 20.4232654572, 26.7550811768, 21.2660236359, 19.2148323059, 21.977684021, 24.2032814026, 34.2620048523, 43.3455162048, 21.579454422, 17.5519790649, 8.66883563995, 5.65798091888, 6.44134044647, 7.69328212738, 6.08266210556, 3.69701099396, 2.31190133095, 1.61767339706, 1.93548154831, 1.32111036777, 1.33902275562, 0.74343675375, 0.555684149265, 0.261950105429, 0.136127054691, 0.0354964733124, 0.00564858224243, 0.000363422150258, 3.06473375531e-05], "median": [0.00255741318688, 0.0407558977604, 0.35617467761, 1.04425811768, 1.19556987286, 1.20789408684, 1.88038098812, 3.36964797974, 3.34112071991, 4.57765007019, 5.16509771347, 3.47948718071, 3.25408220291, 1.82879590988, 1.07023513317, 1.0887336731, 1.65857982635, 1.36049830914, 1.05685985088, 1.16629087925, 0.655825436115, 0.75682169199, 0.638746500015, 0.742341220379, 1.05345416069, 1.003688097, 0.458541542292, 0.322687476873, 0.215998649597, 0.251921474934, 0.106577888131, 0.0528094768524, 0.036135841161, 0.025193175301, 0.0115966163576, 0.00352049898356, 0.00058362778509, 0.000118219322758, 1.96671717276e-05, 2.04339357879e-05], "min": [6.84079161753e-23, 4.54104687756e-22, 1.60335724026e-21, 3.24270693459e-21, 4.52152715186e-21, 1.79812990077e-20, 2.70373709048e-20, 6.33220588335e-20, 8.65809300924e-20, 1.17162068757e-19, 2.40981648976e-19, 3.17695671454e-19, 3.16396997892e-19, 5.74306639609e-19, 6.6441886836e-19, 8.69738641479e-19, 1.39125978427e-18, 1.76333565337e-18, 2.0545795364e-18, 2.23802730995e-18, 3.60860230563e-18, 3.46909374583e-18, 4.70696043353e-18, 5.28753989392e-18, 5.36977612247e-18, 7.28803195121e-18, 7.66277289284e-18, 7.5343547571e-18, 1.07527581834e-17, 9.70965034376e-18, 9.73458818487e-18, 1.05867149103e-17, 9.53486708033e-18, 8.25021588436e-18, 5.922403082e-18, 3.83068251572e-18, 2.14226709198e-18, 8.69623146386e-19, 2.2925946572e-19, 2.57277517402e-20], "dvar2": [0.00835851766169, 10.6829881668, 845.561523438, 937.983520508, 297.690856934, 315.36328125, 4652.40917969, 2466.62915039, 3102.89428711, 5159.16210938, 13984.0957031, 6439.59716797, 13440.8681641, 7104.11572266, 4638.87744141, 5896.61474609, 8998.73242188, 31589.4414062, 43390.0195312, 8209.43261719, 4414.23779297, 752.724365234, 311.578277588, 387.587402344, 583.900939941, 553.212097168, 166.432907104, 63.0546875, 32.3156051636, 41.3768157959, 56.4906311035, 14.1438131332, 9.45295238495, 4.84619617462, 0.625285208225, 0.0804085731506, 0.00509862788022, 0.000124245067127, 7.77207390001e-07, 2.7377924372e-09], "dvar": [0.00384082691744, 4.13134050369, 326.566772461, 344.12020874, 104.56439209, 120.972366333, 2353.09448242, 1048.03320312, 1663.47241211, 2025.98596191, 5328.41845703, 2467.35595703, 6020.15771484, 3237.23510742, 2141.47900391, 2807.97387695, 4179.37744141, 12648.1542969, 17108.5878906, 3093.72412109, 1612.76904297, 295.345855713, 132.846511841, 158.124755859, 222.580276489, 228.26914978, 81.2213363647, 29.9166507721, 14.0024671555, 18.4503993988, 24.3467617035, 7.69572734833, 4.78624105453, 2.42249464989, 0.290260881186, 0.0346485413611, 0.00238591665402, 6.11030045548e-05, 4.25090888712e-07, 1.30849309166e-09], "dmean": [0.0287489388138, 0.775254368782, 6.14536046982, 6.88178682327, 3.9460735321, 3.92455506325, 14.2213497162, 10.7223882675, 9.88356208801, 15.1910734177, 20.4173374176, 12.5714683533, 16.9919300079, 13.9973011017, 12.4511556625, 14.145026207, 16.0033454895, 21.3898544312, 26.992395401, 13.4616737366, 10.9111642838, 5.48002147675, 3.48666214943, 4.01764965057, 4.88413476944, 3.88848567009, 2.44346189499, 1.50839877129, 1.11672973633, 1.33524990082, 0.938408613205, 0.898019433022, 0.506171226501, 0.371701389551, 0.17012013495, 0.0848320201039, 0.0225987900048, 0.003676796332, 0.000249310542131, 2.02363153221e-05], "max": [0.736931800842, 16.6091403961, 133.19418335, 147.304382324, 92.642288208, 160.861877441, 493.580413818, 577.909606934, 2272.35961914, 1079.75915527, 1833.0826416, 1838.1829834, 3071.69360352, 2360.41088867, 1365.29016113, 1768.32202148, 2158.91674805, 3837.20947266, 5430.03808594, 1567.62145996, 994.600402832, 411.519287109, 471.154144287, 423.200714111, 372.977935791, 753.157714844, 453.100128174, 174.740631104, 193.294433594, 153.315933228, 294.979827881, 122.286094666, 82.7602615356, 58.4221305847, 16.027261734, 3.54507493973, 0.877295792103, 0.112404808402, 0.0231751855463, 0.000618405174464], "var": [0.00999916344881, 4.33880519867, 262.96496582, 301.998626709, 72.1574401855, 112.732810974, 2839.62451172, 1221.3190918, 4520.39501953, 3591.00830078, 7807.33203125, 4851.33007812, 23967.7363281, 6630.97412109, 4249.72851562, 7647.56835938, 15273.6054688, 20403.8515625, 28396.9160156, 3525.66625977, 1994.75317383, 415.094451904, 198.103790283, 279.545715332, 489.47668457, 369.271148682, 127.188980103, 47.9762268066, 26.6889400482, 32.732711792, 38.7598838806, 18.6959152222, 10.4983921051, 4.56264448166, 0.491097301245, 0.0432434752584, 0.0030617446173, 8.5866835434e-05, 7.45269119307e-07, 2.03368255569e-09], "mean": [0.0577917583287, 0.98283213377, 6.06927394867, 8.45270442963, 4.20954561234, 4.237637043, 15.6386976242, 13.6075429916, 17.6267929077, 23.1199302673, 29.1759967804, 20.7149124146, 30.7221088409, 20.1976909637, 18.5599975586, 23.4562511444, 28.123380661, 31.5865497589, 36.9963493347, 17.7999172211, 14.2051811218, 7.49265766144, 5.26830339432, 5.97849941254, 8.23757362366, 6.17755460739, 3.39832139015, 2.10479640961, 1.59781849384, 1.77765738964, 1.17124390602, 1.11012971401, 0.63223862648, 0.444255948067, 0.192235678434, 0.084057636559, 0.0218783970922, 0.00374781363644, 0.000285039248411, 3.45307817042e-05]}, "spectral_strongpeak": {"dmean2": 0.977050602436, "median": 0.510739564896, "min": 0, "dvar2": 3.2108566761, "dvar": 1.30740749836, "dmean": 0.591564595699, "max": 16.947675705, "var": 2.71006608009, "mean": 1.06742095947}, "spectral_energy": {"dmean2": 0.0207045041025, "median": 0.0144374836236, "min": 9.79993587331e-21, "dvar2": 0.0015217444161, "dvar": 0.000647832697723, "dmean": 0.0133404843509, "max": 0.183282613754, "var": 0.000815757317469, "mean": 0.023421600461}, "average_loudness": 0.864337265491, "spectral_rolloff": {"dmean2": 688.790710449, "median": 667.529296875, "min": 64.599609375, "dvar2": 2416860.25, "dvar": 1095514.75, "dmean": 405.512939453, "max": 19875.1464844, "var": 16361014, "mean": 1908.92236328}, "spectral_centroid": {"dmean2": 364.631225586, "median": 803.884643555, "min": 116.207801819, "dvar2": 258482.234375, "dvar": 131482.3125, "dmean": 242.009994507, "max": 11972.5380859, "var": 5196524, "mean": 1420.06530762}, "pitch_salience": {"dmean2": 0.130958259106, "median": 0.497371405363, "min": 0.0400335974991, "dvar2": 0.0190140493214, "dvar": 0.00762197375298, "dmean": 0.0829917639494, "max": 0.90968054533, "var": 0.0214851927012, "mean": 0.500595808029}, "spectral_energyband_middle_high": {"dmean2": 0.00302704703063, "median": 0.000580031308345, "min": 1.13927155617e-21, "dvar2": 5.17069565831e-05, "dvar": 2.14134779526e-05, "dmean": 0.00196422962472, "max": 0.0920997038484, "var": 6.74541224726e-05, "mean": 0.00411244714633}, "spectral_contrast_coeffs": {"dmean2": [0.0842648670077, 0.0773399397731, 0.0689656287432, 0.0547283291817, 0.039208445698, 0.0290511343628], "median": [-0.628926932812, -0.72348856926, -0.732040166855, -0.785610556602, -0.807895839214, -0.78609597683], "min": [-0.984649062157, -0.984251141548, -0.980417490005, -0.972488284111, -0.971410751343, -0.965205311775], "dvar2": [0.00554900569841, 0.00527062872425, 0.00400086957961, 0.00244546611793, 0.00125432538334, 0.000789530866314], "dvar": [0.00242896866985, 0.00205802032724, 0.00177288427949, 0.00111573003232, 0.000611517811194, 0.000385877530789], "dmean": [0.053416185081, 0.0475780107081, 0.0439740158617, 0.0352692008018, 0.0255460012704, 0.0194553937763], "max": [-0.258896708488, -0.31312635541, -0.336194723845, -0.43078315258, -0.475697994232, -0.528866052628], "var": [0.0182444807142, 0.00930431857705, 0.0110547086224, 0.00966583564878, 0.00620573665947, 0.00391117110848], "mean": [-0.622521281242, -0.721871495247, -0.731127262115, -0.772454380989, -0.799984157085, -0.788990736008]}, "melbands_skewness": {"dmean2": 1.61333036423, "median": 2.18881893158, "min": -4.21654891968, "dvar2": 4.47585201263, "dvar": 2.15105080605, "dmean": 1.10332071781, "max": 23.9915046692, "var": 6.32489824295, "mean": 2.66362762451}, "spectral_spread": {"dmean2": 1135806.875, "median": 3668063.5, "min": 284241.6875, "dvar2": 2202463633410.0, "dvar": 1318535561220.0, "dmean": 849649.8125, "max": 42854120, "var": 66145134575600.0, "mean": 5802102}, "dissonance": {"dmean2": 0.0536280013621, "median": 0.446645706892, "min": 0.0703773424029, "dvar2": 0.00287171499804, "dvar": 0.00113004271407, "dmean": 0.0325567387044, "max": 0.499999970198, "var": 0.00359617592767, "mean": 0.430031448603}, "spectral_skewness": {"dmean2": 0.763489484787, "median": 1.84317290783, "min": -0.412424176931, "dvar2": 1.32804524899, "dvar": 0.69568580389, "dmean": 0.514538764954, "max": 16.450170517, "var": 4.18129825592, "mean": 2.35554337502}, "spectral_flux": {"dmean2": 0.0519653297961, "median": 0.0525717027485, "min": 6.30879445906e-11, "dvar2": 0.00517540611327, "dvar": 0.00253388588317, "dmean": 0.0346618145704, "max": 0.378232240677, "var": 0.0054593491368, "mean": 0.0760037004948}, "spectral_contrast_valleys": {"dmean2": [0.800116896629, 0.659682095051, 0.756275653839, 0.678280472755, 0.572369337082, 0.67284309864], "median": [-8.33072471619, -7.24170589447, -8.60812091827, -8.98614883423, -8.83075523376, -11.4196243286], "min": [-28.5727996826, -28.6983318329, -27.8794841766, -27.7082939148, -27.5818595886, -27.4295330048], "dvar2": [0.528876185417, 0.48794195056, 0.726872682571, 0.645389676094, 0.573228418827, 0.847255766392], "dvar": [0.280261099339, 0.23157517612, 0.3560988307, 0.332565397024, 0.327387183905, 0.515844523907], "dmean": [0.528807103634, 0.419130712748, 0.504310131073, 0.469951808453, 0.426155209541, 0.557768940926], "max": [-5.48325157166, -4.3717083931, -4.98815917969, -5.35359334946, -6.02600288391, -7.53578424454], "var": [19.2290344238, 20.2911224365, 18.1082019806, 17.6591777802, 17.9398975372, 14.4209032059], "mean": [-9.25524330139, -8.29876995087, -9.54102134705, -9.92916965485, -9.90341472626, -12.3255147934]}, "erbbands_flatness_db": {"dmean2": 0.0413510538638, "median": 0.202883049846, "min": 0.0394544638693, "dvar2": 0.00204178271815, "dvar": 0.00117627321742, "dmean": 0.0298393648118, "max": 0.56182706356, "var": 0.00631815427914, "mean": 0.20787383616}, "spectral_energyband_high": {"dmean2": 0.000292382086627, "median": 4.78140391351e-05, "min": 6.96858387825e-21, "dvar2": 4.83934513795e-07, "dvar": 2.59624670207e-07, "dmean": 0.000200500755454, "max": 0.0161270610988, "var": 5.89298963405e-07, "mean": 0.000296962069115}, "spectral_entropy": {"dmean2": 0.417292773724, "median": 6.97772455215, "min": 3.64770412445, "dvar2": 0.267972767353, "dvar": 0.139176502824, "dmean": 0.291377514601, "max": 9.82400226593, "var": 1.02909290791, "mean": 6.99270582199}, "silence_rate_20dB": {"dmean2": 0, "median": 1, "min": 1, "dvar2": 0, "dvar": 0, "dmean": 0, "max": 1, "var": 0, "mean": 1}, "melbands_flatness_db": {"dmean2": 0.0563063770533, "median": 0.26102283597, "min": 0.00286942278035, "dvar2": 0.00479883141816, "dvar": 0.00242747669108, "dmean": 0.0399226136506, "max": 0.837027192116, "var": 0.0185674224049, "mean": 0.281864076853}, "barkbands": {"dmean2": [2.91930336971e-05, 0.00385938468389, 0.0104061216116, 0.0033291738946, 0.00185672880616, 0.00264929141849, 0.00109505711589, 0.00170668680221, 0.0009476528503, 0.000971389759798, 0.000371301604901, 0.00055946741486, 0.000536841747817, 0.000719542149454, 0.000702175195329, 0.000434765941463, 0.0001924646931, 9.28358058445e-05, 0.000155474757776, 0.000124552723719, 7.7888762462e-05, 4.69410479127e-05, 4.80864000565e-05, 5.51935736439e-05, 4.11121181969e-05, 2.4707051125e-05, 2.340201263e-06], "median": [3.46727233591e-06, 0.000108466068923, 0.000365613232134, 0.000293396587949, 0.000404732069001, 0.000401029305067, 0.000192841791431, 0.00024180841865