{"metadata": {"tags": {"album": ["Inolvidable, Vol. 1"], "albumartist": ["Jose Luis Rodriguez Y Los Panchos"], "genre": ["Latin"], "artist": ["Jose Luis Rodriguez Y Los Panchos"], "date": ["1997"], "tracknumber": ["14"], "title": ["Si Tu Me Dices Ven"], "file_name": "203038.mp3", "musicbrainz_recordingid": ["1558c60f-a4c5-4d32-8d29-8a711f27ea18"]}, "audio_properties": {"sample_rate": 44100, "downmix": "mix", "lossless": false, "analysis_sample_rate": 44100, "md5_encoded": "0d2e2616a867dfb500b29fb8f791a89d", "equal_loudness": 0, "replay_gain": -13.9172420502, "codec": "mp3", "bit_rate": 224000, "length": 191.712646484}, "version": {"extractor": "music 1.0", "essentia_build_sha": "70f2e5ece6736b2c40cc944ad0e695b16b925413", "essentia_git_sha": "v2.1_beta2", "essentia": "2.1-beta2"}}, "rhythm": {"beats_loudness_band_ratio": {"dvar2": [0.0975836068392, 0.0775367170572, 0.0677067115903, 0.0333892293274, 0.0153669314459, 0.034925956279], "var": [0.0588184222579, 0.0370485298336, 0.0357000529766, 0.0127763487399, 0.00517335813493, 0.00915580708534], "min": [0, 0, 0, 0, 0, 0], "dmean": [0.229486390948, 0.199830785394, 0.196843013167, 0.0911572277546, 0.0549953393638, 0.0645984634757], "mean": [0.336021989584, 0.273902654648, 0.23733048141, 0.0891899764538, 0.0541263632476, 0.057880256325], "max": [0.954833626747, 0.970780432224, 0.840962946415, 0.725631833076, 0.59062743187, 0.676737070084], "dmean2": [0.387136846781, 0.347274333239, 0.337547808886, 0.160630196333, 0.0991336777806, 0.118776284158], "median": [0.291877865791, 0.230893105268, 0.185524255037, 0.0483290292323, 0.0264738555998, 0.0273646526039], "dvar": [0.0373932868242, 0.0280793122947, 0.0238476581872, 0.0130797233433, 0.0059544253163, 0.0122356144711]}, "bpm_histogram_first_peak_weight": {"dvar2": 0, "var": 0, "min": 0.504950523376, "dmean": 0, "mean": 0.504950523376, "max": 0.504950523376, "dmean2": 0, "median": 0.504950523376, "dvar": 0}, "bpm": 95.0211410522, "beats_count": 304, "bpm_histogram_first_peak_spread": {"dvar2": 0, "var": 0, "min": 0.433333337307, "dmean": 0, "mean": 0.433333337307, "max": 0.433333337307, "dmean2": 0, "median": 0.433333337307, "dvar": 0}, "danceability": 1.04124248028, "bpm_histogram_first_peak_bpm": {"dvar2": 0, "var": 0, "min": 96, "dmean": 0, "mean": 96, "max": 96, "dmean2": 0, "median": 96, "dvar": 0}, "beats_position": [0.650158703327, 1.30031740665, 1.93886613846, 2.57741498947, 3.20435357094, 3.83129239082, 4.45823097229, 5.0967798233, 5.73532867432, 6.3622674942, 6.98920631409, 7.61614513397, 8.24308395386, 8.88163280487, 9.52018165588, 10.1587295532, 10.7972784042, 11.4242172241, 12.051156044, 12.6780948639, 13.3050336838, 13.9319725037, 14.5589113235, 15.1974601746, 15.8360090256, 16.4629478455, 17.0898857117, 17.7168254852, 18.3437633514, 18.9823131561, 19.6208610535, 20.247800827, 20.8747386932, 21.5016784668, 22.1402263641, 22.7787742615, 23.405714035, 24.0326519012, 24.6595916748, 25.2981395721, 25.9366893768, 26.563627243, 27.1905670166, 27.8175048828, 28.4444446564, 29.0829925537, 29.7099323273, 30.3484802246, 30.9754180908, 31.6023578644, 32.2292976379, 32.8562355042, 33.4831733704, 34.1101112366, 34.7370529175, 35.3755989075, 36.0141487122, 36.6410865784, 37.2680282593, 37.9065742493, 38.545124054, 39.1720619202, 39.7989997864, 40.4259414673, 41.0644874573, 41.703037262, 42.3299751282, 42.9569168091, 43.5954627991, 44.22240448, 44.8493423462, 45.4878921509, 46.1148300171, 46.7417678833, 47.3687057495, 47.9956436157, 48.6341934204, 49.2727432251, 49.8996810913, 50.5266189575, 51.1535606384, 51.7804985046, 52.4190483093, 53.0575942993, 53.6845359802, 54.3114738464, 54.9384117126, 55.5653495789, 56.1922874451, 56.819229126, 57.457775116, 58.0963249207, 58.7232627869, 59.3618125916, 60.0003623962, 60.6505203247, 61.2774581909, 61.9043960571, 62.531337738, 63.1814956665, 63.8084335327, 64.4353713989, 65.0507049561, 65.6892471313, 66.316192627, 66.9431304932, 67.5700683594, 68.2086181641, 68.8471679688, 69.485710144, 70.1010437012, 70.7279815674, 71.3549194336, 71.9934692383, 72.6204071045, 73.2589569092, 73.8975067139, 74.5360565186, 75.1629943848, 75.8015441895, 76.4284820557, 77.0438079834, 77.6707458496, 78.3092956543, 78.9362335205, 79.5631713867, 80.2017211914, 80.8518829346, 81.5252609253, 82.198638916, 82.8604049683, 83.4292984009, 84.0097961426, 84.5902938843, 85.2172317505, 85.8441696167, 86.4827194214, 87.1212692261, 87.7598190308, 88.3983688354, 89.0253067017, 89.6638565063, 90.2907943726, 90.9177322388, 91.544670105, 92.1832199097, 92.8101577759, 93.4487075806, 94.0756454468, 94.702583313, 95.3411331177, 95.9796829224, 96.6182327271, 97.2567749023, 97.8837203979, 98.5106582642, 99.1492080688, 99.7877502441, 100.426300049, 101.076461792, 101.726615906, 102.36516571, 103.003715515, 103.653877258, 104.315643311, 104.977409363, 105.627571106, 106.266120911, 106.893058777, 107.508384705, 108.1353302, 108.762268066, 109.389205933, 110.00453186, 110.643081665, 111.270019531, 111.896957397, 112.547119141, 113.174057007, 113.800994873, 114.427932739, 115.066482544, 115.705032349, 116.331970215, 116.958908081, 117.585845947, 118.212783813, 118.839729309, 119.466667175, 120.10521698, 120.732154846, 121.359092712, 121.997642517, 122.624580383, 123.25151825, 123.878456116, 124.51700592, 125.155555725, 125.782493591, 126.409431458, 127.036369324, 127.674919128, 128.313461304, 128.94039917, 129.567337036, 130.194290161, 130.832824707, 131.459777832, 132.098312378, 132.725265503, 133.352203369, 133.979141235, 134.62928772, 135.256240845, 135.883178711, 136.510116577, 137.148666382, 137.775604248, 138.414154053, 139.041091919, 139.679641724, 140.30657959, 140.945129395, 141.572067261, 142.199005127, 142.825942993, 143.452880859, 144.091430664, 144.729980469, 145.356918335, 145.983856201, 146.610794067, 147.237731934, 147.8646698, 148.491607666, 149.118545532, 149.757095337, 150.395645142, 151.022583008, 151.661132812, 152.288070679, 152.903396606, 153.437454224, 153.971511841, 154.517181396, 155.086074829, 155.631744385, 156.17741394, 156.757904053, 157.338409424, 157.96534729, 158.615509033, 159.242446899, 159.869384766, 160.496322632, 161.123260498, 161.750198364, 162.37713623, 163.004074097, 163.631011963, 164.257949829, 164.884887695, 165.5234375, 166.161987305, 166.800537109, 167.439086914, 168.042816162, 168.669754028, 169.296691895, 169.946838379, 170.597000122, 171.270385742, 171.943756104, 172.605529785, 173.278915405, 173.963897705, 174.648880005, 175.333877563, 175.984039307, 176.622589111, 177.284347534, 177.946121216, 178.584671021, 179.223220825, 179.86177063, 180.511917114, 181.138870239, 181.765808105, 182.381134033, 183.008071899, 183.623397827, 184.250335693, 184.854049683, 185.457778931, 186.084716797, 186.723266602, 187.24571228, 187.768157959, 188.278991699, 188.801452637, 189.323898315, 189.834732056, 190.380401611, 190.937683105], "beats_loudness": {"dvar2": 0.000574790989049, "var": 0.000285205460386, "min": 0, "dmean": 0.0142061905935, "mean": 0.0218037907034, "max": 0.0936352387071, "dmean2": 0.0242614168674, "median": 0.0179696567357, "dvar": 0.000207178571145}, "bpm_histogram_second_peak_weight": {"dvar2": 0, "var": 0, "min": 0.0198019798845, "dmean": 0, "mean": 0.0198019798845, "max": 0.0198019798845, "dmean2": 0, "median": 0.0198019798845, "dvar": 0}, "bpm_histogram_second_peak_spread": {"dvar2": 0, "var": 0, "min": 0.571428537369, "dmean": 0, "mean": 0.571428537369, "max": 0.571428537369, "dmean2": 0, "median": 0.571428537369, "dvar": 0}, "bpm_histogram_second_peak_bpm": {"dvar2": 0, "var": 0, "min": 91, "dmean": 0, "mean": 91, "max": 91, "dmean2": 0, "median": 91, "dvar": 0}, "onset_rate": 3.87008261681}, "lowlevel": {"spectral_energyband_high": {"dvar2": 7.4795849514e-07, "var": 9.81607513495e-07, "min": 7.0245558945e-21, "dmean": 0.000245972361881, "mean": 0.000399397948058, "max": 0.0158332213759, "dmean2": 0.000358563178452, "median": 0.000112762878416, "dvar": 4.05912032875e-07}, "spectral_energyband_middle_low": {"dvar2": 0.00012342678383, "var": 0.000157420116011, "min": 1.59138589106e-22, "dmean": 0.0049560633488, "mean": 0.0117738824338, "max": 0.129842847586, "dmean2": 0.00773726450279, "median": 0.00774117745459, "dvar": 5.0117734645e-05}, "spectral_energy": {"dvar2": 0.000139567651786, "var": 0.000290351017611, "min": 9.96423058351e-21, "dmean": 0.00586365349591, "mean": 0.0179809555411, "max": 0.139570355415, "dmean2": 0.00883568450809, "median": 0.0128919556737, "dvar": 6.10707938904e-05}, "spectral_spread": {"dvar2": 1543293239300.0, "var": 17736107294700.0, "min": 1194805.5, "dmean": 536585.1875, "mean": 4596318.5, "max": 46377612, "dmean2": 795276.5625, "median": 3834742.75, "dvar": 824109694976}, "spectral_energyband_low": {"dvar2": 3.81386576009e-06, "var": 6.18143531028e-06, "min": 1.76843682289e-23, "dmean": 0.000847379909828, "mean": 0.00257918448187, "max": 0.016936223954, "dmean2": 0.00131042941939, "median": 0.00207176525146, "dvar": 1.61830030265e-06}, "spectral_rolloff": {"dvar2": 1608952.375, "var": 6257267.5, "min": 21.533203125, "dmean": 421.22543335, "mean": 1475.96130371, "max": 19595.2148438, "dmean2": 693.016784668, "median": 775.1953125, "dvar": 798199.6875}, "barkbands": {"dvar2": [2.68522559743e-09, 1.01872126379e-06, 9.47259877648e-07, 4.80291873828e-06, 2.45850878855e-05, 1.29803256641e-05, 1.52084367073e-05, 2.96003654512e-05, 4.66729434265e-05, 4.64671666123e-06, 3.43933311342e-06, 1.15033690236e-05, 7.31295131118e-06, 4.12144572692e-06, 7.023326134e-07, 1.76856516987e-07, 1.2252209558e-07, 4.01878139655e-08, 2.86838769625e-07, 2.53320763477e-07, 5.49284919771e-08, 4.20976391524e-08, 3.4682415162e-08, 6.38888622007e-08, 7.74418218441e-09, 2.92815827141e-10, 2.73657724086e-12], "var": [1.98086835823e-09, 2.035889338e-06, 1.24317568861e-06, 3.40267979482e-06, 1.89230358956e-05, 1.1459268535e-05, 1.25623364511e-05, 2.91588312393e-05, 4.76986715512e-05, 3.55044767275e-06, 2.46032027462e-06, 1.08244303192e-05, 7.78087269282e-06, 3.65162577509e-06, 5.91418768181e-07, 2.52314947602e-07, 1.28667252852e-07, 3.47684512292e-08, 5.64460492569e-07, 2.02837796337e-07, 3.08921563885e-08, 3.29292504375e-08, 4.8790706586e-08, 8.18654655177e-08, 1.29628139334e-08, 1.54471047065e-10, 5.09713148425e-13], "min": [9.83766248188e-25, 4.01979299271e-24, 1.53217505253e-24, 2.27207865833e-25, 7.64596411523e-24, 1.18130666268e-23, 5.90489051057e-24, 4.27754540488e-24, 1.64441463572e-23, 1.28886232508e-23, 1.15856956147e-23, 1.83754403586e-23, 3.35334294737e-23, 3.14365709233e-23, 3.55527556188e-23, 4.31219959113e-23, 7.05354361714e-23, 8.86472155496e-23, 1.27019366355e-22, 1.51094025409e-22, 2.51929028348e-22, 3.00383540963e-22, 3.62806924808e-22, 5.4300650974e-22, 8.00795045431e-22, 1.34550337427e-21, 1.90318607948e-21], "dmean": [1.43849101732e-05, 0.000433621462435, 0.000363154365914, 0.000628827954642, 0.00189753307495, 0.00109216256533, 0.0010652791243, 0.00120266748127, 0.00129004940391, 0.000403061916586, 0.000300588377286, 0.00045075151138, 0.000356680131517, 0.000299047387671, 0.000180921313586, 9.03721011127e-05, 0.000116382725537, 6.42048034933e-05, 0.000181104027433, 0.000108943764644, 6.09250346315e-05, 5.42076013517e-05, 4.66760284326e-05, 4.02263067372e-05, 1.81000377779e-05, 3.11094913741e-06, 1.50171047153e-07], "mean": [2.23149017984e-05, 0.00132323184516, 0.000883242755663, 0.000959820055868, 0.00314799533226, 0.0017593378434, 0.00161234312691, 0.00189020088874, 0.00215939758345, 0.000574380625039, 0.000436134490883, 0.000670843874104, 0.00054487620946, 0.000432519474998, 0.000254864455201, 0.000148708277266, 0.000197908782866, 0.000105494349555, 0.000378126977012, 0.000153052053065, 7.51403422328e-05, 7.63257557992e-05, 7.47463855078e-05, 6.61108642817e-05, 2.99869952869e-05, 3.73466718884e-06, 1.07337136512e-07], "max": [0.000938979152124, 0.00860322080553, 0.00825322698802, 0.0333129651845, 0.051545843482, 0.0689109191298, 0.0609507858753, 0.0951787382364, 0.0977440401912, 0.0388769470155, 0.0465928688645, 0.0791862010956, 0.0645221322775, 0.0472335368395, 0.0204872544855, 0.0126695279032, 0.00546523742378, 0.00250862794928, 0.0082521783188, 0.0133592607453, 0.00389585737139, 0.00429316237569, 0.00492957653478, 0.00839316751808, 0.00194886035752, 0.000343984895153, 2.81056945823e-05], "dmean2": [2.4358576411e-05, 0.000662527047098, 0.000578262435738, 0.00106438982766, 0.00308495992795, 0.00172430765815, 0.00164691277314, 0.00185444764793, 0.00196622288786, 0.000648499059025, 0.000464357057353, 0.000703552854247, 0.000565826485399, 0.000459495233372, 0.000276929262327, 0.000137040551635, 0.000181018040166, 0.000100998106063, 0.000263683585217, 0.00016571598826, 9.99006515485e-05, 8.59912252054e-05, 6.83657053742e-05, 5.88548573432e-05, 2.54907517956e-05, 5.009173492e-06, 2.76589872783e-07], "median": [5.50796949028e-06, 0.000870181946084, 0.000406533130445, 0.000364667794202, 0.0015756431967, 0.000634505413473, 0.000379099947168, 0.000175583816599, 0.000172045198269, 0.000140982068842, 5.80744963372e-05, 5.43365058547e-05, 4.69901788165e-05, 2.89234703814e-05, 5.20082176081e-05, 3.23139684042e-05, 6.76690251566e-05, 3.92646797991e-05, 7.3157963925e-05, 3.73684233637e-05, 2.0522489649e-05, 2.15799409489e-05, 1.64001794474e-05, 7.87921453593e-06, 4.67997733722e-06, 6.67662447995e-07, 1.56395074669e-08], "dvar": [1.03047970157e-09, 4.72672326168e-07, 3.71770738639e-07, 1.73531736891e-06, 9.6737903732e-06, 5.88820921621e-06, 6.6632742346e-06, 1.2600201444e-05, 1.90260070667e-05, 1.75059437879e-06, 1.47965079123e-06, 4.68924781671e-06, 2.8550607567e-06, 1.81410121058e-06, 3.31552882926e-07, 8.13145248912e-08, 5.60014079554e-08, 1.75886150089e-08, 1.46940863033e-07, 1.27782072923e-07, 2.20976215104e-08, 1.92026536894e-08, 1.92737577009e-08, 3.38652199616e-08, 4.53390036625e-09, 1.18820980832e-10, 9.29132313622e-13]}, "melbands_skewness": {"dvar2": 1.35466051102, "var": 2.48398113251, "min": -1.21961975098, "dmean": 0.725843846798, "mean": 2.65271544456, "max": 14.3812351227, "dmean2": 1.11389732361, "median": 2.50002717972, "dvar": 0.591027915478}, "barkbands_skewness": {"dvar2": 0.740008592606, "var": 1.72714829445, "min": -3.02212071419, "dmean": 0.559941649437, "mean": 1.77894580364, "max": 11.8527822495, "dmean2": 0.856909930706, "median": 1.7187680006, "dvar": 0.331516444683}, "erbbands": {"dvar2": [0.000432473345427, 0.0719488933682, 0.950750231743, 13.2396564484, 299.564544678, 309.373931885, 497.275421143, 1255.86340332, 2616.93188477, 6473.26025391, 14138.5361328, 34355.109375, 9797.61816406, 1480.29821777, 8142.68212891, 22146.6542969, 15949.5664062, 4793.23876953, 6603.14746094, 1507.50964355, 240.951889038, 311.600524902, 137.889953613, 219.289093018, 947.38092041, 786.25378418, 127.792785645, 65.754989624, 46.3796539307, 41.9838447571, 26.974439621, 30.3242359161, 15.724811554, 2.04472780228, 0.21229608357, 0.00859839934856, 0.000709865824319, 5.42607158422e-05, 1.0718288479e-07, 2.97087909829e-10], "var": [0.000998094328679, 0.135914519429, 1.42103612423, 9.55447769165, 169.77281189, 271.999450684, 510.120788574, 1106.56274414, 2059.51269531, 6613.33007812, 16644.2832031, 33012.4960938, 8154.89257812, 1090.98266602, 6490.99462891, 20064.8203125, 16852.0976562, 4412.56835938, 5663.42626953, 1781.11132812, 330.766235352, 329.393707275, 142.734710693, 350.55065918, 1714.39221191, 623.388977051, 88.6221542358, 41.8503074646, 34.3232383728, 38.2798233032, 41.6784133911, 39.7436599731, 19.4114665985, 3.19947624207, 0.354671239853, 0.00961949396878, 0.000296451908071, 1.1946270206e-05, 2.10597939088e-08, 4.53598492101e-10], "min": [3.71603247705e-23, 6.33792863629e-22, 1.36510226374e-21, 3.74927448237e-21, 1.64436865712e-20, 2.43299990663e-20, 5.68543659357e-20, 8.17444696743e-20, 8.49476878223e-20, 1.41738173443e-19, 2.26955224877e-19, 4.28710108049e-19, 4.47297140756e-19, 9.59015728004e-19, 8.84941600752e-19, 9.75889592114e-19, 1.6437122053e-18, 1.70424941843e-18, 2.40526379106e-18, 3.45436724259e-18, 3.59122200019e-18, 5.03036116967e-18, 5.46842568232e-18, 5.57771692075e-18, 7.25001555744e-18, 8.22935025341e-18, 9.47937318739e-18, 8.19775195401e-18, 1.02831578235e-17, 1.03801414416e-17, 1.09384991084e-17, 8.27801246167e-18, 9.37566045501e-18, 7.38272179748e-18, 6.09832785468e-18, 4.16178140823e-18, 2.18826019519e-18, 9.36711423172e-19, 2.38781322697e-19, 2.73445457177e-20], "dmean": [0.00863587018102, 0.113525353372, 0.38631644845, 1.14270508289, 5.2490901947, 6.32379817963, 7.25351238251, 9.59296226501, 13.0626277924, 18.8384361267, 26.2733612061, 33.4088134766, 14.2529802322, 10.368689537, 14.531744957, 18.5051689148, 15.9084091187, 12.9443292618, 13.2807092667, 7.06108999252, 4.40648078918, 5.54448843002, 3.92095351219, 4.9562664032, 10.0693445206, 5.09607791901, 2.92987442017, 2.18652677536, 1.84950578213, 1.74335181713, 1.26647162437, 0.939617037773, 0.606405258179, 0.281520247459, 0.0931143388152, 0.0207017641515, 0.0045862919651, 0.000651641341392, 2.69314132311e-05, 7.63237494539e-06], "mean": [0.0257772076875, 0.342318058014, 1.01744735241, 2.12765836716, 7.66287374496, 10.2858219147, 12.4671487808, 15.0837745667, 21.1005325317, 28.996919632, 45.3916778564, 56.8836250305, 22.8287792206, 16.0972366333, 22.4589252472, 28.8456459045, 25.8817443848, 19.941614151, 20.5711650848, 11.2026414871, 8.17136001587, 9.94585990906, 7.28838968277, 9.91401767731, 20.6697864532, 7.80610990524, 3.76032233238, 2.77637481689, 2.55153012276, 2.64874100685, 2.03126764297, 1.53356921673, 0.966382443905, 0.464697986841, 0.14982996881, 0.0286981519312, 0.00517483428121, 0.000603675318416, 3.11410258291e-05, 2.26961728913e-05], "max": [0.213751092553, 2.25551390648, 9.35851669312, 49.9322128296, 217.382369995, 253.521224976, 404.2550354, 803.223266602, 736.161193848, 2488.18334961, 2605.94311523, 2764.51416016, 2414.19677734, 588.400024414, 2393.79125977, 3083.12744141, 3359.86914062, 1458.13964844, 2046.97131348, 1354.52563477, 321.603637695, 224.834335327, 182.145111084, 266.206512451, 543.544128418, 803.349914551, 243.753204346, 112.002700806, 120.007850647, 116.627540588, 136.263473511, 182.574859619, 97.4052047729, 32.8966522217, 11.6032419205, 1.72254920006, 0.384568452835, 0.217090249062, 0.00685485359281, 0.000246738491114], "dmean2": [0.0130885858089, 0.174761101604, 0.613763809204, 1.9099034071, 8.7066192627, 10.238240242, 11.5605821609, 15.1463756561, 20.3963451385, 29.4598484039, 39.7033920288, 50.8807220459, 22.6389408112, 16.3408851624, 22.0361442566, 28.7172355652, 24.9506092072, 19.7171726227, 20.0195484161, 10.6914978027, 6.67879962921, 8.5094127655, 6.00751638412, 7.35760831833, 14.8012523651, 7.59389352798, 4.6598315239, 3.55004644394, 2.98286509514, 2.64882183075, 1.83919370174, 1.36996853352, 0.879799425602, 0.395600646734, 0.129626348615, 0.0314747989178, 0.00753392698243, 0.00112693163101, 4.72022911708e-05, 1.15615002869e-05], "median": [0.0126464478672, 0.231366038322, 0.631868720055, 1.21251893044, 3.05804252625, 4.57269525528, 5.0736374855, 4.97650051117, 5.99725246429, 6.07640552521, 5.89765834808, 5.20021009445, 4.34306097031, 5.26073312759, 3.01615667343, 2.97326517105, 2.64675855637, 2.15454292297, 2.9544198513, 2.30953788757, 2.51106119156, 3.41655087471, 2.89239954948, 2.87298369408, 3.86845016479, 2.00406479836, 1.08020567894, 0.701527357101, 0.708210468292, 0.735238313675, 0.414845317602, 0.211891293526, 0.0981461703777, 0.0645939856768, 0.0237045846879, 0.00498212594539, 0.000928932335228, 0.000109022046672, 1.23846311908e-05, 1.63826261996e-05], "dvar": [0.000215891283005, 0.0324763096869, 0.38483658433, 4.66418790817, 111.795677185, 126.731086731, 215.239822388, 595.028137207, 1151.38891602, 2738.3215332, 6326.87011719, 13964.7753906, 3531.64990234, 612.803894043, 3554.36694336, 8944.36328125, 6547.41552734, 2133.33642578, 2894.83618164, 757.731506348, 106.348991394, 138.800857544, 62.5522613525, 107.752120972, 471.758575439, 403.515441895, 56.3239707947, 27.0835647583, 20.3501014709, 19.798204422, 15.6568403244, 16.4356861115, 8.21171379089, 1.1493396759, 0.126487612724, 0.00437238207087, 0.000272188393865, 1.90771879716e-05, 3.67789851907e-08, 1.21891843841e-10]}, "silence_rate_30dB": {"dvar2": 0.00531456898898, "var": 0.00193379551638, "min": 0, "dmean": 0.00193774979562, "mean": 0.998062491417, "max": 1, "dmean2": 0.00387596897781, "median": 1, "dvar": 0.00193402869627}, "melbands_spread": {"dvar2": 243.55128479, "var": 611.926147461, "min": 0.658239543438, "dmean": 6.54648685455, "mean": 20.6720466614, "max": 248.402633667, "dmean2": 9.89290809631, "median": 14.173576355, "dvar": 130.315322876}, "melbands_crest": {"dvar2": 20.0726203918, "var": 26.3231697083, "min": 1.5600348711, "dmean": 3.16243982315, "mean": 14.1293954849, "max": 33.7651176453, "dmean2": 5.12381792068, "median": 13.3495941162, "dvar": 8.15399932861}, "zerocrossingrate": {"dvar2": 0.00017906211724, "var": 0.00411244668067, "min": 0.00341796875, "dmean": 0.00963777396828, "mean": 0.0561134964228, "max": 0.5263671875, "dmean2": 0.0109267123044, "median": 0.04248046875, "dvar": 0.000194297521375}, "barkbands_kurtosis": {"dvar2": 87.1312484741, "var": 95.2130661011, "min": -1.93759083748, "dmean": 3.41630506516, "mean": 6.26568174362, "max": 169.753845215, "dmean2": 5.40008974075, "median": 3.6611225605, "dvar": 35.833240509}, "spectral_flux": {"dvar2": 0.00113370781764, "var": 0.0016374400584, "min": 6.31130842033e-11, "dmean": 0.0205227136612, "mean": 0.0645644515753, "max": 0.265757590532, "dmean2": 0.0329135581851, "median": 0.0581385493279, "dvar": 0.000461390271084}, "barkbands_crest": {"dvar2": 13.8495073318, "var": 17.9630947113, "min": 3.07430267334, "dmean": 2.64638924599, "mean": 11.0468635559, "max": 26.1718215942, "dmean2": 4.27405786514, "median": 10.2054615021, "dvar": 5.6759557724}, "barkbands_flatness_db": {"dvar2": 0.00102342327591, "var": 0.00274267885834, "min": 0.0495578795671, "dmean": 0.0232170596719, "mean": 0.172078505158, "max": 0.435143917799, "dmean2": 0.0353444367647, "median": 0.168053641915, "dvar": 0.000465218065074}, "spectral_entropy": {"dvar2": 0.0926542878151, "var": 0.31556648016, "min": 5.11047697067, "dmean": 0.224149614573, "mean": 7.22922801971, "max": 9.81877422333, "dmean2": 0.328371226788, "median": 7.17377853394, "dvar": 0.0476981773973}, "pitch_salience": {"dvar2": 0.00980998296291, "var": 0.0130700068548, "min": 0.0995990484953, "dmean": 0.0694421231747, "mean": 0.528884589672, "max": 0.881890118122, "dmean2": 0.112852610648, "median": 0.529065191746, "dvar": 0.00394617160782}, "erbbands_spread": {"dvar2": 245.138442993, "var": 337.567169189, "min": 3.24703741074, "dmean": 9.31081771851, "mean": 37.0601463318, "max": 133.949172974, "dmean2": 14.2698688507, "median": 34.5415420532, "dvar": 108.836418152}, "dynamic_complexity": 4.15432262421, "spectral_contrast_valleys": {"dvar2": [0.364382594824, 0.356522232294, 0.297874927521, 0.315983086824, 0.239479422569, 0.364046782255], "var": [6.22767400742, 6.11842012405, 5.76353406906, 5.42502737045, 5.44467973709, 4.78397655487], "min": [-28.465637207, -28.0734043121, -27.7917480469, -27.7573299408, -27.5114002228, -27.4278144836], "dmean": [0.430604577065, 0.389100313187, 0.352289259434, 0.323052585125, 0.322683990002, 0.391250520945], "mean": [-8.15725517273, -7.4626584053, -8.2398891449, -8.74916934967, -8.61061477661, -11.1497421265], "max": [-5.97591114044, -4.72101020813, -5.36325883865, -5.7848534584, -6.22680616379, -7.44970750809], "dmean2": [0.670117914677, 0.64035576582, 0.569973111153, 0.519014358521, 0.468874126673, 0.54845303297], "median": [-7.50649404526, -7.10404968262, -7.90023708344, -8.42351913452, -8.28247070312, -10.8839378357], "dvar": [0.189441680908, 0.153411895037, 0.13135536015, 0.142714172602, 0.12625695765, 0.196106463671]}, "hfc": {"dvar2": 108.963684082, "var": 270.02230835, "min": 1.08797861594e-16, "dmean": 4.85005760193, "mean": 13.7979793549, "max": 123.687232971, "dmean2": 6.94119501114, "median": 7.52599954605, "dvar": 52.1881752014}, "spectral_kurtosis": {"dvar2": 13.4161567688, "var": 20.7700767517, "min": -1.27431881428, "dmean": 2.05085492134, "mean": 4.99368238449, "max": 62.7368087769, "dmean2": 3.40211033821, "median": 4.1975107193, "dvar": 4.80561590195}, "mfcc": {"mean": [-699.46105957, 126.691726685, 5.50727415085, 26.1190414429, -4.48967218399, -2.91733765602, -6.70276880264, 1.8210132122, -9.62718200684, 0.00244309520349, -2.09672832489, -5.75851249695, -0.766777157784], "cov": [[10074.2148438, 254.154663086, -832.641052246, -115.281303406, -334.628723145, -291.612457275, -247.207672119, -29.9776363373, -332.686798096, 199.477462769, 31.3879356384, -193.859954834, -24.594997406], [254.154663086, 1800.74487305, -94.7970504761, 143.987503052, 23.5154380798, 14.690076828, 147.640457153, 231.089706421, 51.5808486938, -32.1569328308, 65.7806625366, 57.1084213257, 90.9003143311], [-832.641052246, -94.7970504761, 712.986816406, 196.999923706, 87.8720626831, 179.804702759, 137.190963745, 35.617099762, 145.328353882, -47.647315979, -32.9115867615, 91.7771987915, 46.7437019348], [-115.281303406, 143.987503052, 196.999923706, 428.161437988, 118.699745178, 160.639404297, 53.7164840698, 32.7340316772, 154.697738647, 17.5600681305, -28.3687400818, 46.7828598022, 27.2572860718], [-334.628723145, 23.5154380798, 87.8720626831, 118.699745178, 322.170257568, 98.2649459839, -6.28755950928, -19.4475498199, 54.0081253052, 43.7695617676, 39.9291038513, 6.11692476273, 3.994161129], [-291.612457275, 14.690076828, 179.804702759, 160.639404297, 98.2649459839, 240.424163818, 93.8682785034, 6.36359930038, 118.619407654, 10.78211689, -9.56086826324, 59.7520751953, -0.447050988674], [-247.207672119, 147.640457153, 137.190963745, 53.7164840698, -6.28755950928, 93.8682785034, 250.80430603, 128.666748047, 60.8604393005, 43.0711517334, 26.019536972, 76.7869033813, 35.3719673157], [-29.9776363373, 231.089706421, 35.617099762, 32.7340316772, -19.4475498199, 6.36359930038, 128.666748047, 245.17791748, 30.4202861786, 28.8050098419, 34.886302948, 19.64777565, 51.6481208801], [-332.686798096, 51.5808486938, 145.328353882, 154.697738647, 54.0081253052, 118.619407654, 60.8604393005, 30.4202861786, 215.597808838, 19.8776988983, -26.8499774933, 39.5945358276, 4.57827711105], [199.477462769, -32.1569328308, -47.647315979, 17.5600681305, 43.7695617676, 10.78211689, 43.0711517334, 28.8050098419, 19.8776988983, 189.346618652, 70.3692321777, 18.1305618286, 8.14323234558], [31.3879356384, 65.7806625366, -32.9115867615, -28.3687400818, 39.9291038513, -9.56086826324, 26.019536972, 34.886302948, -26.8499774933, 70.3692321777, 149.199035645, 45.886592865, 17.1698036194], [-193.859954834, 57.1084213257, 91.7771987915, 46.7828598022, 6.11692476273, 59.7520751953, 76.7869033813, 19.64777565, 39.5945358276, 18.1305618286, 45.886592865, 144.13949585, 28.4996891022], [-24.594997406, 90.9003143311, 46.7437019348, 27.2572860718, 3.994161129, -0.447050988674, 35.3719673157, 51.6481208801, 4.57827711105, 8.14323234558, 17.1698036194, 28.4996891022, 116.394241333]], "icov": [[0.00012284386321, -2.55971735896e-05, 8.35069949972e-05, -9.45258507272e-05, 0.000149689949467, -4.52554231742e-05, 9.84623475233e-05, -4.67096560897e-06, 0.000172835381818, -0.000192332881852, 2.41986890614e-05, 8.57377672219e-05, -1.65172532434e-05], [-2.55971735896e-05, 0.000731767388061, 0.000303481530864, -0.000290695927106, -0.000146784077515, 0.000169181104866, -0.000337463017786, -0.000471568462672, -0.000174848712049, 0.000591145944782, -0.000331453280523, -0.000110151187982, -0.000271822034847], [8.35069949972e-05, 0.000303481530864, 0.00229336274788, -0.000511193764396, -0.000281831104076, -0.000500988971908, -0.000879666593391, 2.87114853563e-05, -0.000493491650559, 0.00095397332916, 0.000146278282045, -0.000510034209583, -0.000702351797372], [-9.45258507272e-05, -0.000290695927106, -0.000511193764396, 0.00407637748867, -0.000789310026448, -0.00147024716716, 0.000783644383773, -0.000394504895667, -0.00154787546489, -0.00045985149336, 0.00102644541766, -0.000469716644147, -0.000527263793629], [0.000149689949467, -0.000146784077515, -0.000281831104076, -0.000789310026448, 0.00450490275398, -0.0017437748611, 0.00104108359665, 0.000436030444689, 0.000146025689901, -0.000928275985643, -0.00167976901866, 0.00126979313791, -0.000230787656619], [-4.52554231742e-05, 0.000169181104866, -0.000500988971908, -0.00147024716716, -0.0017437748611, 0.00864171702415, -0.00284521258436, 0.00125489733182, -0.00221091532148, 0.000635607342701, 0.000341051461874, -0.00129694968928, 0.00111440569162], [9.84623475233e-05, -0.000337463017786, -0.000879666593391, 0.000783644383773, 0.00104108359665, -0.00284521258436, 0.00847050268203, -0.00368184386753, 0.000418828683905, -0.00199809344485, 0.000760642171372, -0.00242342776619, 7.15504429536e-05], [-4.67096560897e-06, -0.000471568462672, 2.87114853563e-05, -0.000394504895667, 0.000436030444689, 0.00125489733182, -0.00368184386753, 0.00703484006226, -0.000863740802743, 9.67655796558e-05, -0.0014471875038, 0.00178825913463, -0.00176186847966], [0.000172835381818, -0.000174848712049, -0.000493491650559, -0.00154787546489, 0.000146025689901, -0.00221091532148, 0.000418828683905, -0.000863740802743, 0.00811530370265, -0.00160209368914, 0.00199146359228, -0.00087476009503, 0.000689525681082], [-0.000192332881852, 0.000591145944782, 0.00095397332916, -0.00045985149336, -0.000928275985643, 0.000635607342701, -0.00199809344485, 9.67655796558e-05, -0.00160209368914, 0.00797613337636, -0.00366568751633, 0.000532013946213, -0.000263698020717], [2.41986890614e-05, -0.000331453280523, 0.000146278282045, 0.00102644541766, -0.00167976901866, 0.000341051461874, 0.000760642171372, -0.0014471875038, 0.00199146359228, -0.00366568751633, 0.0111168660223, -0.00416399957612, -7.38111157261e-06], [8.57377672219e-05, -0.000110151187982, -0.000510034209583, -0.000469716644147, 0.00126979313791, -0.00129694968928, -0.00242342776619, 0.00178825913463, -0.00087476009503, 0.000532013946213, -0.00416399957612, 0.0109512098134, -0.00175664387643], [-1.65172532434e-05, -0.000271822034847, -0.000702351797372, -0.000527263793629, -0.000230787656619, 0.00111440569162, 7.15504429536e-05, -0.00176186847966, 0.000689525681082, -0.000263698020717, -7.38111157261e-06, -0.00175664387643, 0.0104006184265]]}, "silence_rate_20dB": {"dvar2": 0, "var": 0, "min": 1, "dmean": 0, "mean": 1, "max": 1, "dmean2": 0, "median": 1, "dvar": 0}, "melbands_kurtosis": {"dvar2": 347.407531738, "var": 352.999542236, "min": -1.79968953133, "dmean": 7.03463745117, "mean": 14.7236185074, "max": 297.670776367, "dmean2": 11.1324052811, "median": 9.56155776978, "dvar": 142.134017944}, "barkbands_spread": {"dvar2": 99.4676895142, "var": 204.931838989, "min": 0.671241879463, "dmean": 5.15416383743, "mean": 17.1833972931, "max": 112.191596985, "dmean2": 7.87198543549, "median": 13.194852829, "dvar": 50.0988731384}, "erbbands_skewness": {"dvar2": 0.35053101182, "var": 0.740507006645, "min": -3.79427433014, "dmean": 0.416462630033, "mean": 0.654125630856, "max": 4.31436443329, "dmean2": 0.641846358776, "median": 0.677302241325, "dvar": 0.157413721085}, "average_loudness": 0.729483008385, "spectral_centroid": {"dvar2": 258349.859375, "var": 1669153.125, "min": 149.297546387, "dmean": 264.796112061, "mean": 1253.15869141, "max": 11723.3212891, "dmean2": 404.075286865, "median": 974.916748047, "dvar": 127512.789062}, "dissonance": {"dvar2": 0.00151615601499, "var": 0.00132298108656, "min": 0.238817423582, "dmean": 0.0258961785585, "mean": 0.444283723831, "max": 0.5, "dmean2": 0.0432861745358, "median": 0.451175123453, "dvar": 0.000568713527173}, "erbbands_flatness_db": {"dvar2": 0.000721224292647, "var": 0.00194478861522, "min": 0.0370968654752, "dmean": 0.0204978324473, "mean": 0.184566184878, "max": 0.3536426723, "dmean2": 0.0301027912647, "median": 0.182126104832, "dvar": 0.000360506906873}, "spectral_strongpeak": {"dvar2": 2.40648341179, "var": 2.15360641479, "min": 0, "dmean": 0.557930827141, "mean": 1.10659134388, "max": 19.6064186096, "dmean2": 0.896225869656, "median": 0.568937599659, "dvar": 0.993817985058}, "spectral_rms": {"dvar2": 9.90382545751e-07, "var": 3.43206693287e-06, "min": 3.11788398918e-12, "dmean": 0.000644433661364, "mean": 0.00375636992976, "max": 0.0116690276191, "dmean2": 0.000947196094785, "median": 0.00354647962376, "dvar": 4.68494732786e-07}, "silence_rate_60dB": {"dvar2": 0.0695528909564, "var": 0.100308209658, "min": 0, "dmean": 0.0319728702307, "mean": 0.113102443516, "max": 1, "dmean2": 0.0639534890652, "median": 0, "dvar": 0.0309505872428}, "melbands": {"dvar2": [5.0710159627e-08, 1.84316803598e-07, 9.72833845481e-07, 1.5417231225e-06, 5.06598553329e-07, 5.5142339761e-07, 6.19048307726e-07, 8.83455413714e-07, 9.17625357033e-07, 1.27555051677e-06, 2.37256003288e-07, 2.74341598328e-08, 7.30790148395e-08, 1.93617964328e-07, 5.02907866462e-08, 9.25549059616e-08, 1.83212343075e-08, 3.20806776699e-08, 3.28335736377e-09, 1.76120118489e-09, 4.09500988674e-10, 4.54729587318e-10, 3.27852051063e-10, 9.38956273844e-11, 1.91622190338e-10, 8.4349438545e-10, 2.7850080575e-10, 6.55643594971e-10, 5.05430419739e-11, 5.61823157441e-11, 2.21961355545e-11, 1.5189443453e-11, 2.52626895098e-11, 1.48382590937e-11, 1.13199484508e-11, 1.03965221848e-11, 1.54281552811e-11, 1.01764482258e-11, 3.74172914874e-12, 1.43756057405e-12], "var": [1.14694927333e-07, 2.92641118449e-07, 6.45446675662e-07, 1.0598425888e-06, 5.45564262211e-07, 4.93305435612e-07, 4.96194104471e-07, 8.3591493194e-07, 1.12726229418e-06, 1.20773802337e-06, 1.94613349436e-07, 1.86034334604e-08, 5.44634950472e-08, 1.75306283268e-07, 4.4026936763e-08, 9.88681279068e-08, 1.74232095418e-08, 2.74458837879e-08, 2.72394351519e-09, 2.56316923242e-09, 4.50574078048e-10, 4.09201394991e-10, 3.11395187413e-10, 8.05520580793e-11, 2.40931913309e-10, 1.34092081883e-09, 3.53954171528e-10, 5.03322938883e-10, 4.05467985576e-11, 2.52740658263e-11, 1.57469419448e-11, 1.05092549246e-11, 1.64400489749e-11, 1.40124283704e-11, 1.47527667166e-11, 1.35458051026e-11, 1.68718389953e-11, 1.13878351193e-11, 4.77987137718e-12, 1.97849007143e-12], "min": [9.63820590453e-25, 7.8326447944e-25, 8.81048571112e-25, 1.67838677284e-24, 1.94901201447e-24, 2.11752808662e-24, 1.04260886222e-24, 2.07284463836e-24, 1.95695347721e-24, 3.18875346982e-24, 1.28666704351e-24, 3.65121824513e-24, 2.20158022999e-24, 1.95486516518e-24, 3.07722076517e-24, 3.5185503791e-24, 2.67960568108e-24, 2.43815784053e-24, 3.07663266936e-24, 3.24697120741e-24, 3.61793383695e-24, 4.77194307241e-24, 3.96692353484e-24, 4.72946449039e-24, 3.26002981362e-24, 4.5901137892e-24, 4.17620636084e-24, 4.55960459369e-24, 5.23492474883e-24, 4.80807369073e-24, 4.69079097894e-24, 4.6219762756e-24, 5.27106798892e-24, 5.21448339062e-24, 5.82275510197e-24, 4.55584133275e-24, 5.02071272546e-24, 5.4915218742e-24, 5.42217745076e-24, 6.43122600071e-24], "dmean": [9.85056249192e-05, 0.000182327028597, 0.000305073685013, 0.000440264760982, 0.000250103243161, 0.000210374200833, 0.000207841265365, 0.000220433721552, 0.000224630726734, 0.000198931535124, 6.82027675794e-05, 4.29187093687e-05, 4.36597001681e-05, 5.80644373258e-05, 3.51909584424e-05, 3.61179772881e-05, 2.49155818892e-05, 2.5514533263e-05, 1.1252061995e-05, 8.08654294815e-06, 5.55391443413e-06, 6.3596930886e-06, 5.51202265342e-06, 2.84621387436e-06, 4.18216404796e-06, 8.90349201654e-06, 5.04408171764e-06, 3.58474994755e-06, 1.87495959381e-06, 1.67040582255e-06, 1.26333350181e-06, 1.09438383333e-06, 1.04256866962e-06, 1.01366879335e-06, 7.82251618148e-07, 6.5898603907e-07, 5.7821438304e-07, 4.61030481347e-07, 3.31390253905e-07, 2.23474955874e-07], "mean": [0.000307538430206, 0.000520145054907, 0.000526022166014, 0.000688051339239, 0.000442244316218, 0.000332955940394, 0.000328883819748, 0.000334088399541, 0.000385029561585, 0.000331986433594, 0.000101971949334, 6.24996027909e-05, 6.48873465252e-05, 8.6983993242e-05, 5.26966687175e-05, 5.55125698156e-05, 3.57286808139e-05, 3.79377197532e-05, 1.59293012985e-05, 1.26058239402e-05, 9.46139243752e-06, 1.05775152406e-05, 9.04829994397e-06, 4.78253741676e-06, 7.39847246223e-06, 1.7256317733e-05, 9.19131252886e-06, 4.62442676508e-06, 2.34588901549e-06, 1.91285494111e-06, 1.56855946898e-06, 1.44364059906e-06, 1.42277463056e-06, 1.50582945935e-06, 1.20136985515e-06, 1.00365150502e-06, 9.03591967472e-07, 7.04860383394e-07, 5.12798862928e-07, 3.60697754331e-07], "max": [0.0022247126326, 0.00398329552263, 0.0141063537449, 0.0122408429161, 0.0110902637243, 0.0156488846987, 0.0124244987965, 0.025750817731, 0.0199776384979, 0.0162103641778, 0.0116494586691, 0.00263550481759, 0.0063611571677, 0.0119618698955, 0.00426356494427, 0.00822501722723, 0.0028497679159, 0.00469403667375, 0.00161228398792, 0.0012648969423, 0.000466449477244, 0.00024808984017, 0.000353748735506, 0.000143919562106, 0.000242464026087, 0.000427391933044, 0.000227767945034, 0.000765394477639, 0.00020088882593, 0.000115694187116, 7.46681689634e-05, 6.91444365657e-05, 0.000143016673974, 7.62139752624e-05, 7.87653552834e-05, 8.49452917464e-05, 0.000135819776915, 8.27461844892e-05, 4.61835188617e-05, 2.66307979473e-05], "dmean2": [0.000148857958266, 0.000285624817479, 0.000505888427142, 0.000721611606423, 0.000396862014895, 0.000331456307322, 0.000322332896758, 0.000344723695889, 0.000335801654728, 0.000304602785036, 0.000108126878331, 6.81057135807e-05, 6.70492154313e-05, 8.88601207407e-05, 5.42117813893e-05, 5.74225887249e-05, 3.77540600311e-05, 3.84808154195e-05, 1.74114538822e-05, 1.21243856483e-05, 8.58405564941e-06, 9.95688515104e-06, 8.44842543302e-06, 4.48461241831e-06, 6.34494108454e-06, 1.32141294671e-05, 7.68794507167e-06, 5.34708169653e-06, 2.9671939501e-06, 2.76898094853e-06, 2.05846026802e-06, 1.79194955763e-06, 1.65880328495e-06, 1.53633095579e-06, 1.18126024518e-06, 9.54431129685e-07, 8.60304908201e-07, 6.8214814064e-07, 4.78647905311e-07, 3.23668928104e-07], "median": [0.000192494975636, 0.000415458460338, 0.000289939402137, 0.000320672406815, 0.00019733508816, 0.000110110864625, 8.6601547082e-05, 5.90401541558e-05, 4.37342459918e-05, 2.77518447547e-05, 1.69860468304e-05, 1.86971683434e-05, 8.52004995977e-06, 7.03431214788e-06, 5.92499691265e-06, 4.50777861261e-06, 2.99681778415e-06, 4.19088246417e-06, 3.28594842358e-06, 2.42054284172e-06, 2.74563308267e-06, 3.33324010171e-06, 3.02486841974e-06, 1.82647613656e-06, 1.99568512471e-06, 2.83417102764e-06, 1.82620510714e-06, 8.0959580373e-07, 6.10198981121e-07, 4.14178032315e-07, 3.6060595221e-07, 3.83933411285e-07, 3.64386778529e-07, 3.73310257373e-07, 2.36941360754e-07, 1.52103126538e-07, 1.02403497237e-07, 6.18835116484e-08, 4.94959522257e-08, 4.96424306107e-08], "dvar": [2.49372220651e-08, 7.74394663949e-08, 3.54068021124e-07, 5.94896107486e-07, 2.19811639113e-07, 2.59265704017e-07, 2.71033030685e-07, 3.64501005379e-07, 4.15381663288e-07, 5.12017265919e-07, 8.58353033095e-08, 1.13060476536e-08, 3.13549719522e-08, 8.00820458835e-08, 2.2013455947e-08, 3.72388484493e-08, 8.47008063687e-09, 1.40277922611e-08, 1.51526924341e-09, 8.83537687457e-10, 1.74766923156e-10, 1.95627139488e-10, 1.47620832225e-10, 4.07961546489e-11, 8.96564142372e-11, 4.00420502311e-10, 1.26319010807e-10, 3.3950739442e-10, 2.35708379898e-11, 2.21439151737e-11, 9.31474428839e-12, 6.35535677904e-12, 1.13624266246e-11, 7.0696421807e-12, 6.02755562476e-12, 5.72360084675e-12, 7.80220246049e-12, 5.16542798118e-12, 1.99979963145e-12, 7.63075692044e-13]}, "spectral_skewness": {"dvar2": 0.153363853693, "var": 0.425490826368, "min": -0.0734894648194, "dmean": 0.281737029552, "mean": 1.59212267399, "max": 6.6203250885, "dmean2": 0.440655231476, "median": 1.5624256134, "dvar": 0.0644675195217}, "melbands_flatness_db": {"dvar2": 0.00134801794775, "var": 0.00546719226986, "min": 0.00318781193346, "dmean": 0.0259849932045, "mean": 0.226939916611, "max": 0.587238132954, "dmean2": 0.0387227088213, "median": 0.22254884243, "dvar": 0.000647052365821}, "spectral_decrease": {"dvar2": 8.71599880575e-18, "var":