{"tonal": {"thpcp": [1, 0.619952559471, 0.35456636548, 0.2872415483, 0.260254979134, 0.272948622704, 0.370375394821, 0.518557608128, 0.509586930275, 0.389238804579, 0.314772099257, 0.394495904446, 0.423315823078, 0.437641113997, 0.658074259758, 0.719281613827, 0.58742749691, 0.514244794846, 0.452384442091, 0.394368708134, 0.425128042698, 0.467259317636, 0.477053523064, 0.606233894825, 0.630158185959, 0.514578461647, 0.468797504902, 0.426516860723, 0.436678677797, 0.437482386827, 0.375341922045, 0.34266024828, 0.300767570734, 0.296993792057, 0.479893058538, 0.884885728359], "hpcp": {"dmean2": [0.242236480117, 0.251799434423, 0.26339840889, 0.278704404831, 0.318871766329, 0.311860471964, 0.324551194906, 0.341920435429, 0.307994365692, 0.301726043224, 0.261637955904, 0.223627761006, 0.216052472591, 0.185283049941, 0.195865228772, 0.278752982616, 0.375144273043, 0.425329774618, 0.328628838062, 0.238431200385, 0.187816783786, 0.157703250647, 0.14869877696, 0.207528606057, 0.311437696218, 0.27114251256, 0.226840957999, 0.198923587799, 0.210164055228, 0.218865945935, 0.234941884875, 0.331750899553, 0.332798719406, 0.324403315783, 0.359470963478, 0.278781682253], "median": [0.0597704872489, 0.0919961482286, 0.109137758613, 0.114398665726, 0.0918906927109, 0.0786235481501, 0.0802175402641, 0.0654558315873, 0.0580887682736, 0.0668964833021, 0.0860511660576, 0.0689625814557, 0.0395519137383, 0.033191293478, 0.0416488684714, 0.0821234583855, 0.264079123735, 0.306924641132, 0.148770257831, 0.0403881296515, 0.0329537466168, 0.0348165407777, 0.0363791622221, 0.0718713775277, 0.0870734453201, 0.0861132591963, 0.0695328041911, 0.0581171289086, 0.0702240988612, 0.0776579529047, 0.108986675739, 0.140968903899, 0.128121078014, 0.107741892338, 0.0800959691405, 0.0658188015223], "min": [0, 0, 0, 0, 0, 0, 0, 0, 0, 0, 0, 0, 0, 0, 0, 0, 0, 0, 0, 0, 0, 0, 0, 0, 0, 0, 0, 0, 0, 0, 0, 0, 0, 0, 0, 0], "dvar2": [0.10060211271, 0.0993423685431, 0.102530486882, 0.111535787582, 0.138405457139, 0.142940580845, 0.165466353297, 0.186572983861, 0.162606671453, 0.150314733386, 0.106199420989, 0.101393982768, 0.0931332856417, 0.072178915143, 0.0875707268715, 0.114103488624, 0.122116737068, 0.155444860458, 0.125017315149, 0.117610998452, 0.0798560529947, 0.0494385696948, 0.0397686064243, 0.0597668811679, 0.158283919096, 0.0939004421234, 0.0821567177773, 0.0673652738333, 0.0660696104169, 0.068420112133, 0.0777448862791, 0.133553430438, 0.139051228762, 0.132970094681, 0.187088698149, 0.112660303712], "dvar": [0.0401106849313, 0.0375406108797, 0.0387333072722, 0.0420037135482, 0.0561726763844, 0.0625838115811, 0.0616408847272, 0.0699208155274, 0.062091037631, 0.0569336749613, 0.0409952886403, 0.0373677015305, 0.0350669361651, 0.0280142687261, 0.0321789495647, 0.0436085574329, 0.0495106093585, 0.0644241198897, 0.0473980568349, 0.0441605113447, 0.0296110957861, 0.0186406839639, 0.0162752550095, 0.0234275572002, 0.0617618262768, 0.0409065298736, 0.0318326242268, 0.0250812787563, 0.0262220911682, 0.0278866868466, 0.0292581859976, 0.0519283898175, 0.0619139373302, 0.0554864481091, 0.0686206817627, 0.0452481769025], "dmean": [0.141436725855, 0.144677683711, 0.152871862054, 0.16096419096, 0.184935808182, 0.180410549045, 0.184681639075, 0.19133657217, 0.172827705741, 0.16819666326, 0.149269551039, 0.12916816771, 0.125493884087, 0.108837999403, 0.112045302987, 0.161460533738, 0.2221262604, 0.251281857491, 0.19045715034, 0.136461928487, 0.107996284962, 0.0901844352484, 0.0876412764192, 0.119311474264, 0.176620334387, 0.155808404088, 0.129676699638, 0.11246265471, 0.123656377196, 0.129044219851, 0.135558128357, 0.196036472917, 0.198915377259, 0.188762634993, 0.200067192316, 0.16106750071], "max": [1, 1, 1, 1, 1, 1, 1, 1, 1, 1, 1, 1, 1, 1, 1, 1, 1, 1, 1, 1, 1, 1, 1, 1, 1, 1, 1, 1, 1, 1, 1, 1, 1, 1, 1, 1], "var": [0.0469854548573, 0.0415958799422, 0.0442671813071, 0.046713013202, 0.0865462124348, 0.105880253017, 0.0691821053624, 0.0689456090331, 0.0598079934716, 0.0593624003232, 0.0501052103937, 0.0413396283984, 0.0407268442214, 0.0329979099333, 0.032272066921, 0.0556369759142, 0.0928672254086, 0.115579381585, 0.0623924918473, 0.0446652509272, 0.0315208695829, 0.023061690852, 0.0239678435028, 0.0305588133633, 0.0725506916642, 0.0685250908136, 0.0426827408373, 0.0282070618123, 0.0398259535432, 0.0438317172229, 0.036187633872, 0.0837344229221, 0.11057806015, 0.0750460997224, 0.0692886710167, 0.0581903420389], "mean": [0.155214309692, 0.167320460081, 0.183902338147, 0.187757119536, 0.2385994941, 0.248015537858, 0.202526047826, 0.184507742524, 0.167867064476, 0.171866521239, 0.172182843089, 0.14772580564, 0.134863063693, 0.118375085294, 0.116889812052, 0.188874691725, 0.348270326853, 0.393576622009, 0.24399882555, 0.139549031854, 0.113051563501, 0.102430276573, 0.107426196337, 0.145771101117, 0.204092144966, 0.200561508536, 0.153195291758, 0.123886942863, 0.155264362693, 0.166607216001, 0.172245308757, 0.259002655745, 0.283092439175, 0.231197729707, 0.202394723892, 0.178047940135]}, "tuning_equal_tempered_deviation": 0.316626757383, "chords_changes_rate": 0.0670277625322, "key_key": "G", "tuning_diatonic_strength": 0.617636620998, "key_scale": "minor", "chords_number_rate": 0.000580326945055, "tuning_frequency": 434.193115234, "tuning_nontempered_energy_ratio": 0.951667785645, "chords_histogram": [47.3450050354, 4.8554019928, 0.696392297745, 0.106393270195, 0, 0.222458645701, 0.377212494612, 23.8707809448, 2.23425865173, 16.3458747864, 0.309507697821, 0, 0, 0.444917291403, 1.76032495499, 0.135409608483, 0, 0.222458645701, 0, 0.270819216967, 0.454589426517, 0.299835562706, 0.0483605749905, 0], "key_strength": 0.71572971344, "chords_key": "G", "chords_strength": {"dmean2": 0.012974800542, "median": 0.542090892792, "min": 0.18935264647, "dvar2": 0.000129384279717, "dvar": 7.71094273659e-05, "dmean": 0.0101819345728, "max": 0.823288917542, "var": 0.0139116086066, "mean": 0.531060755253}, "chords_scale": "minor", "hpcp_entropy": {"dmean2": 1.28128015995, "median": 2.66734886169, "min": 0, "dvar2": 1.02373468876, "dvar": 0.413218647242, "dmean": 0.768069803715, "max": 4.80414390564, "var": 1.00268888474, "mean": 2.62689232826}}, "metadata": {"audio_properties": {"equal_loudness": 0, "codec": "mp3", "downmix": "mix", "sample_rate": 44100, "analysis_sample_rate": 44100, "bit_rate": 192010, "md5_encoded": "66cf3f3d0bb2465c47b69ab85245fe55", "length": 480.078369141, "replay_gain": -10.7345714569, "lossless": false}, "version": {"essentia_build_sha": "70f2e5ece6736b2c40cc944ad0e695b16b925413", "essentia": "2.1-beta2", "extractor": "music 1.0", "essentia_git_sha": "v2.1_beta2"}, "tags": {"title": ["Kinda New (Tiefschwarz Dub) (12inch B1)"], "artist": ["Spektrum"], "albumartist": ["Various Artists"], "date": ["2007"], "file_name": "111294.mp3", "album": ["Kinda New"], "tracknumber": ["2"], "musicbrainz_recordingid": ["155d1508-1151-4f80-925d-76372142d5ec"]}}, "rhythm": {"bpm_histogram_first_peak_bpm": {"dmean2": 0, "median": 129, "min": 129, "dvar2": 0, "dvar": 0, "dmean": 0, "max": 129, "var": 0, "mean": 129}, "bpm": 128.262771606, "bpm_histogram_second_peak_spread": {"dmean2": 0, "median": 0.302325606346, "min": 0.302325606346, "dvar2": 0, "dvar": 0, "dmean": 0, "max": 0.302325606346, "var": 0, "mean": 0.302325606346}, "bpm_histogram_first_peak_weight": {"dmean2": 0, "median": 0.654761910439, "min": 0.654761910439, "dvar2": 0, "dvar": 0, "dmean": 0, "max": 0.654761910439, "var": 0, "mean": 0.654761910439}, "onset_rate": 4.65532112122, "beats_position": [0.522448956966, 1.02167797089, 1.49768710136, 1.97369611263, 2.43809509277, 2.90249419212, 3.36689329147, 3.84290242195, 4.3073015213, 4.78331041336, 5.24770975113, 5.71210861206, 6.17650794983, 6.64090681076, 7.11691617966, 7.59292507172, 8.05732440948, 8.52172279358, 8.98612213135, 9.45052146912, 9.92653083801, 10.4025392532, 10.866938591, 11.3313379288, 11.7957363129, 12.2601356506, 12.7245349884, 13.2005443573, 13.6765527725, 14.1409521103, 14.6053514481, 15.0697498322, 15.5341491699, 15.9985485077, 16.4745578766, 16.9505672455, 17.4149665833, 17.8793640137, 18.3437633514, 18.8081626892, 19.2841720581, 19.760181427, 20.2245807648, 20.6889801025, 21.153377533, 21.6177768707, 22.0821762085, 22.5581855774, 23.0341949463, 23.4985942841, 23.9629936218, 24.4273910522, 24.89179039, 25.3561897278, 25.8321990967, 26.3082084656, 26.7726078033, 27.2370071411, 27.7014045715, 28.1774139404, 28.6534233093, 29.1178226471, 29.5822219849, 30.0466213226, 30.5110206604, 30.9870281219, 31.4630374908, 31.9274368286, 32.391834259, 32.8562355042, 33.3206329346, 33.7850341797, 34.2610435486, 34.725440979, 35.2014503479, 35.6658477783, 36.1302490234, 36.5946464539, 37.0706558228, 37.5466651917, 38.0110664368, 38.4754638672, 38.9398651123, 39.4042625427, 39.8686599731, 40.344669342, 40.8206787109, 41.2850799561, 41.7494773865, 42.2138786316, 42.678276062, 43.1426734924, 43.6186828613, 44.0830841064, 44.5590934753, 45.0234909058, 45.4878921509, 45.9522895813, 46.4282989502, 46.8926963806, 47.3687057495, 47.8331069946, 48.297504425, 48.7619056702, 49.2263031006, 49.7023124695, 50.1783218384, 50.6427192688, 51.1071205139, 51.5715179443, 52.0359191895, 52.5003166199, 52.9763259888, 53.4523353577, 53.9167327881, 54.3811340332, 54.8455314636, 55.3099327087, 55.7743301392, 56.2503395081, 56.726348877, 57.1907463074, 57.6551475525, 58.1195449829, 58.583946228, 59.03673172, 59.5127410889, 59.9887504578, 60.4647598267, 60.9291610718, 61.3935585022, 61.8695678711, 62.34557724, 62.8099746704, 63.2743759155, 63.7387733459, 64.2031707764, 64.67918396, 65.1551895142, 65.6195907593, 66.0839920044, 66.5483856201, 67.0127868652, 67.4771881104, 67.9531936646, 68.4292068481, 68.8936004639, 69.358001709, 69.8224029541, 70.2868041992, 70.7511978149, 71.2272109985, 71.7032165527, 72.1676177979, 72.632019043, 73.0964126587, 73.5608139038, 74.0252151489, 74.5012207031, 74.9656219482, 75.4416275024, 75.9060287476, 76.3704299927, 76.8348312378, 77.310836792, 77.7868499756, 78.2512435913, 78.7156448364, 79.1800460815, 79.6444396973, 80.1088409424, 80.584854126, 81.0608596802, 81.5252609253, 81.9896621704, 82.4540557861, 82.9184570312, 83.3944625854, 83.870475769, 84.3348770142, 84.7992706299, 85.263671875, 85.7280731201, 86.1924667358, 86.6684799194, 87.1444854736, 87.6088867188, 88.0732879639, 88.537689209, 89.0020828247, 89.4664840698, 89.942489624, 90.4185028076, 90.8829040527, 91.3472976685, 91.8116989136, 92.2761001587, 92.7521057129, 93.2281188965, 93.6925125122, 94.1569137573, 94.6213150024, 95.0857162476, 95.5501098633, 96.0261230469, 96.5021286011, 96.9665298462, 97.4309310913, 97.895324707, 98.3597259521, 98.8241271973, 99.3001327515, 99.7761459351, 100.240539551, 100.704940796, 101.169342041, 101.633743286, 102.10974884, 102.585754395, 103.05015564, 103.514556885, 103.97895813, 104.443351746, 104.907752991, 105.383758545, 105.859771729, 106.324172974, 106.788566589, 107.252967834, 107.71736908, 108.181770325, 108.657775879, 109.133781433, 109.598182678, 110.062583923, 110.526985168, 110.991378784, 111.467391968, 111.943397522, 112.407798767, 112.872200012, 113.336593628, 113.800994873, 114.265396118, 114.741401672, 115.217414856, 115.681808472, 116.146209717, 116.610610962, 117.075012207, 117.539405823, 118.015419006, 118.491424561, 118.955825806, 119.420227051, 119.884620667, 120.349021912, 120.825035095, 121.301040649, 121.765441895, 122.22983551, 122.694236755, 123.158638, 123.623039246, 124.0990448, 124.575057983, 125.039451599, 125.503852844, 125.968254089, 126.432647705, 126.908660889, 127.373062134, 127.849067688, 128.313461304, 128.777862549, 129.242263794, 129.706665039, 130.182678223, 130.658676147, 131.123077393, 131.587478638, 132.051879883, 132.516281128, 132.980682373, 133.456680298, 133.932693481, 134.397094727, 134.861495972, 135.325897217, 135.790298462, 136.254684448, 136.730697632, 137.206710815, 137.671112061, 138.135513306, 138.599899292, 139.064300537, 139.540313721, 140.016326904, 140.480728149, 140.945129395, 141.409515381, 141.873916626, 142.338317871, 142.814331055, 143.290344238, 143.754730225, 144.21913147, 144.683532715, 145.14793396, 145.623947144, 146.088348389, 146.564346313, 147.028747559, 147.493148804, 147.957550049, 148.421951294, 148.897949219, 149.373962402, 149.838363647, 150.302764893, 150.767166138, 151.231567383, 151.695953369, 152.171966553, 152.647979736, 153.112380981, 153.576782227, 154.041183472, 154.505569458, 154.981582642, 155.445983887, 155.92199707, 156.386398315, 156.850784302, 157.315185547, 157.79119873, 158.255599976, 158.731613159, 159.195999146, 159.660400391, 160.124801636, 160.589202881, 161.053604126, 161.52961731, 162.005615234, 162.470016479, 162.934417725, 163.39881897, 163.863220215, 164.32762146, 164.803619385, 165.279632568, 165.744033813, 166.208435059, 166.672836304, 167.137237549, 167.613235474, 168.089248657, 168.553649902, 169.018051147, 169.482452393, 169.946838379, 170.422851562, 170.898864746, 171.363265991, 171.827667236, 172.292053223, 172.756454468, 173.220855713, 173.696868896, 174.17288208, 174.637283325, 175.101669312, 175.566070557, 176.030471802, 176.506484985, 176.97088623, 177.446884155, 177.9112854, 178.375686646, 178.840087891, 179.304489136, 179.780502319, 180.256500244, 180.720901489, 181.185302734, 181.649703979, 182.114105225, 182.57850647, 183.042892456, 183.51890564, 183.994918823, 184.459320068, 184.923721313, 185.3881073, 185.852508545, 186.31690979, 186.792922974, 187.257324219, 187.733337402, 188.197723389, 188.662124634, 189.138137817, 189.614151001, 190.078552246, 190.542938232, 191.007339478, 191.471740723, 191.936141968, 192.412155151, 192.888153076, 193.352554321, 193.805343628, 194.269744873, 194.734146118, 195.210159302, 195.686157227, 196.16217041, 196.626571655, 197.0909729, 197.555374146, 198.019775391, 198.495773315, 198.971786499, 199.436187744, 199.900588989, 200.364990234, 200.829391479, 201.293777466, 201.769790649, 202.245803833, 202.710205078, 203.174606323, 203.63899231, 204.103393555, 204.579406738, 205.043807983, 205.519821167, 205.984207153, 206.448608398, 206.913009644, 207.377410889, 207.841812134, 208.317825317, 208.793823242, 209.258224487, 209.722625732, 210.187026978, 210.651428223, 211.127426147, 211.603439331, 212.067840576, 212.532241821, 212.996643066, 213.461044312, 213.925445557, 214.401443481, 214.877456665, 215.34185791, 215.806259155, 216.2706604, 216.735046387, 217.199447632, 217.687072754, 218.151473999, 218.615875244, 219.08026123, 219.544662476, 220.009063721, 220.473464966, 220.949478149, 221.425476074, 221.889877319, 222.354278564, 222.81867981, 223.294692993, 223.770706177, 224.235092163, 224.699493408, 225.163894653, 225.628295898, 226.092697144, 226.557098389, 227.033096313, 227.497497559, 227.973510742, 228.437911987, 228.902313232, 229.366714478, 229.842712402, 230.318725586, 230.783126831, 231.247528076, 231.711929321, 232.176315308, 232.640716553, 233.116729736, 233.59274292, 234.057144165, 234.521530151, 234.985931396, 235.450332642, 235.914733887, 236.39074707, 236.866760254, 237.33114624, 237.795547485, 238.25994873, 238.724349976, 239.200363159, 239.676361084, 240.140762329, 240.605163574, 241.069564819, 241.533966064, 241.99836731, 242.462768555, 242.950378418, 243.414779663, 243.879180908, 244.343582153, 244.807983398, 245.272369385, 245.748382568, 246.212783813, 246.688796997, 247.153198242, 247.617584229, 248.081985474, 248.557998657, 249.034011841, 249.498413086, 249.962814331, 250.427200317, 250.891601562, 251.356002808, 251.820404053, 252.308029175, 252.7840271, 253.28326416, 253.782485962, 254.281723022, 254.769332886, 255.256958008, 255.907119751, 256.545654297, 257.184204102, 257.811157227, 258.438079834, 259.065032959, 259.691955566, 260.318908691, 260.945831299, 261.561187744, 262.188110352, 262.815063477, 263.430389404, 264.057312012, 264.684265137, 265.311187744, 265.938140869, 266.565063477, 267.180389404, 267.807342529, 268.422668457, 269.049621582, 269.66494751, 270.291870117, 270.907196045, 271.53414917, 272.161071777, 272.788024902, 273.41494751, 274.041900635, 274.657226562, 275.284179688, 275.911102295, 276.526428223, 277.153381348, 277.780303955, 278.395629883, 279.022583008, 279.661132812, 280.28805542, 280.915008545, 281.541931152, 282.168884277, 282.644897461, 283.120910645, 283.596923828, 284.072906494, 284.560546875, 285.048156738, 285.512542725, 285.988555908, 286.464569092, 286.928985596, 287.393371582, 287.857757568, 288.322174072, 288.798187256, 289.262573242, 289.738586426, 290.20300293, 290.667388916, 291.131774902, 291.596191406, 292.07220459, 292.548217773, 293.01260376, 293.476989746, 293.94140625, 294.405792236, 294.87020874, 295.346221924, 295.81060791, 296.286621094, 296.75100708, 297.215423584, 297.67980957, 298.155822754, 298.631835938, 299.096221924, 299.560638428, 300.025024414, 300.489440918, 300.953826904, 301.429840088, 301.905853271, 302.370239258, 302.834655762, 303.299041748, 303.763427734, 304.227844238, 304.715454102, 305.179870605, 305.644256592, 306.108642578, 306.573059082, 307.037445068, 307.513458252, 307.977874756, 308.453857422, 308.918273926, 309.382659912, 309.847076416, 310.311462402, 310.787475586, 311.26348877, 311.727874756, 312.19229126, 312.656677246, 313.12109375, 313.585479736, 314.06149292, 314.525878906, 315.00189209, 315.466308594, 315.93069458, 316.395111084, 316.87109375, 317.347106934, 317.811523438, 318.275909424, 318.740325928, 319.204711914, 319.680725098, 320.156738281, 320.621124268, 321.085540771, 321.549926758, 322.014312744, 322.478729248, 322.954742432, 323.430755615, 323.895141602, 324.359527588, 324.823944092, 325.288330078, 325.752746582, 326.228759766, 326.704742432, 327.169158936, 327.633544922, 328.097961426, 328.562347412, 329.026763916, 329.502746582, 329.978759766, 330.44317627, 330.907562256, 331.37197876, 331.836364746, 332.31237793, 332.788391113, 333.2527771, 333.717193604, 334.18157959, 334.645965576, 335.11038208, 335.586395264, 336.062408447, 336.526794434, 336.99118042, 337.455596924, 337.91998291, 338.384399414, 338.860412598, 339.336425781, 339.800811768, 340.265197754, 340.729614258, 341.194000244, 341.670013428, 342.146026611, 342.610412598, 343.074829102, 343.539215088, 344.003631592, 344.479644775, 344.955627441, 345.420043945, 345.884429932, 346.348846436, 346.813232422, 347.277648926, 347.753631592, 348.218048096, 348.694061279, 349.158447266, 349.62286377, 350.087249756, 350.551635742, 351.016052246, 351.49206543, 351.956451416, 352.4324646, 352.896850586, 353.36126709, 353.837280273, 354.313293457, 354.777679443, 355.24206543, 355.706481934, 356.17086792, 356.635284424, 357.111297607, 357.587280273, 358.051696777, 358.516082764, 358.980499268, 359.444885254, 359.909301758, 360.385284424, 360.861297607, 361.325714111, 361.790100098, 362.254516602, 362.718902588, 363.194915771, 363.670928955, 364.135314941, 364.599731445, 365.064117432, 365.528533936, 365.992919922, 366.468933105, 366.933319092, 367.409332275, 367.873748779, 368.338134766, 368.802520752, 369.266937256, 369.742950439, 370.218963623, 370.683349609, 371.147735596, 371.6121521, 372.076538086, 372.54095459, 373.016967773, 373.492950439, 373.957366943, 374.42175293, 374.886169434, 375.35055542, 375.826568604, 376.302581787, 376.766967773, 377.231384277, 377.695770264, 378.160186768, 378.636169434, 379.100585938, 379.576599121, 380.040985107, 380.505401611, 380.969787598, 381.434173584, 381.898590088, 382.386199951, 382.850616455, 383.315002441, 383.779388428, 384.243804932, 384.708190918, 385.184204102, 385.648620605, 386.124633789, 386.589019775, 387.053405762, 387.517822266, 387.982208252, 388.458221436, 388.934234619, 389.398620605, 389.863037109, 390.327423096, 390.7918396, 391.267852783, 391.743835449, 392.208251953, 392.672637939, 393.137054443, 393.60144043, 394.077453613, 394.553466797, 395.017852783, 395.482269287, 395.946655273, 396.411071777, 396.875457764, 397.351470947, 397.815856934, 398.291870117, 398.756286621, 399.220672607, 399.685058594, 400.149475098, 400.625488281, 401.101501465, 401.565887451, 402.030273438, 402.494689941, 402.959075928, 403.423492432, 403.887878418, 404.363891602, 404.839904785, 405.304290771, 405.768707275, 406.233093262, 406.709106445, 407.173492432, 407.649505615, 408.113922119, 408.578308105, 409.042724609, 409.518737793, 409.994720459, 410.459136963, 410.923522949, 411.387939453, 411.852325439, 412.316741943, 412.792724609, 413.268737793, 413.733154297, 414.197540283, 414.661956787, 415.126342773, 415.59072876, 416.066741943, 416.542755127, 417.007171631, 417.471557617, 417.935943604, 418.400360107, 418.876373291, 419.352386475, 419.816772461, 420.281158447, 420.745574951, 421.209960938, 421.685974121, 422.150390625, 422.626373291, 423.090789795, 423.555175781, 424.019592285, 424.483978271, 424.959991455, 425.436004639, 425.900390625, 426.364807129, 426.829193115, 427.293609619, 427.757995605, 428.234008789, 428.698394775, 429.174407959, 429.638824463, 430.103210449, 430.567596436, 431.043609619, 431.519622803, 431.984039307, 432.448425293, 432.912811279, 433.377227783, 433.84161377, 434.317626953, 434.793640137, 435.258056641, 435.722442627, 436.186828613, 436.651245117, 437.115631104, 437.603271484, 438.067657471, 438.532043457, 438.996459961, 439.460845947, 439.925262451, 440.401275635, 440.865661621, 441.341674805, 441.806060791, 442.270477295, 442.734863281, 443.199279785, 443.675262451, 444.151275635, 444.615692139, 445.080078125, 445.544494629, 446.008880615, 446.484893799, 446.960906982, 447.425292969, 447.889709473, 448.354095459, 448.818481445, 449.294494629, 449.770507812, 450.234924316, 450.699310303, 451.163696289, 451.628112793, 452.092498779, 452.556915283, 453.032928467, 453.508911133, 453.973327637, 454.437713623, 454.902130127, 455.366516113, 455.842529297, 456.31854248, 456.782928467, 457.247344971, 457.711730957, 458.176147461, 458.640533447, 459.116546631, 459.592559814, 460.056945801, 460.521362305, 460.985748291, 461.450164795, 461.926147461, 462.402160645, 462.866577148, 463.330963135, 463.795379639, 464.259765625, 464.724151611, 465.200164795, 465.676177979, 466.140594482, 466.604980469, 467.069366455, 467.533782959, 467.998168945, 468.474182129, 468.950195312, 469.414581299, 469.878997803, 470.343383789, 470.807800293, 471.283813477, 471.748199463, 472.224212646, 472.688598633, 473.153015137, 473.617401123, 474.093414307, 474.56942749, 475.033813477, 475.49822998, 475.962615967, 476.427032471, 476.914642334, 477.402252197, 477.889892578, 478.377502441, 478.865112305, 479.364349365], "beats_loudness": {"dmean2": 0.0230098180473, "median": 0.0296568572521, "min": 1.3625606698e-05, "dvar2": 0.000106057683297, "dvar": 3.30459697579e-05, "dmean": 0.0116062071174, "max": 0.0594189986587, "var": 7.66675148043e-05, "mean": 0.0305173285306}, "danceability": 1.39975297451, "bpm_histogram_second_peak_weight": {"dmean2": 0, "median": 0.0297619048506, "min": 0.0297619048506, "dvar2": 0, "dvar": 0, "dmean": 0, "max": 0.0297619048506, "var": 0, "mean": 0.0297619048506}, "beats_count": 1009, "bpm_histogram_second_peak_bpm": {"dmean2": 0, "median": 96, "min": 96, "dvar2": 0, "dvar": 0, "dmean": 0, "max": 96, "var": 0, "mean": 96}, "bpm_histogram_first_peak_spread": {"dmean2": 0, "median": 0.301587283611, "min": 0.301587283611, "dvar2": 0, "dvar": 0, "dmean": 0, "max": 0.301587283611, "var": 0, "mean": 0.301587283611}, "beats_loudness_band_ratio": {"dmean2": [0.914338171482, 0.0504809096456, 0.041223756969, 0.375660955906, 0.42804479599, 0.127315148711], "median": [0.399109572172, 0.0194001961499, 0.0149251027033, 0.159256964922, 0.225370675325, 0.0874438360333], "min": [3.99160780944e-05, 0.000765093485825, 0.000505702046212, 0.00173491926398, 0.00265834573656, 0.00141025823541], "dvar2": [0.159974858165, 0.00732690142468, 0.0017620063154, 0.0225385576487, 0.0355474501848, 0.00570871355012], "dvar": [0.0401327721775, 0.00268854433671, 0.000673024798743, 0.0062190904282, 0.00952500477433, 0.00179585267324], "dmean": [0.467870146036, 0.0274378471076, 0.0227758809924, 0.189291402698, 0.218984559178, 0.0656132698059], "max": [0.991646707058, 0.829742789268, 0.299834787846, 0.525085270405, 0.800471067429, 0.460886269808], "var": [0.0985627546906, 0.00592749658972, 0.0006991190603, 0.013548232615, 0.0190347190946, 0.00347735895775], "mean": [0.551834344864, 0.038950547576, 0.0198458153754, 0.132987782359, 0.1701310426, 0.101959548891]}}, "lowlevel": {"barkbands_spread": {"dmean2": 17.5324687958, "median": 32.0420761108, "min": 0.696159720421, "dvar2": 372.997375488, "dvar": 155.863998413, "dmean": 10.9927968979, "max": 119.532051086, "var": 346.922302246, "mean": 33.8177909851}, "melbands_spread": {"dmean2": 26.3370704651, "median": 44.2188949585, "min": 0.562717437744, "dvar2": 932.700622559, "dvar": 427.791351318, "dmean": 16.4191417694, "max": 216.95249939, "var": 1128.5402832, "mean": 47.6685752869}, "hfc": {"dmean2": 18.2731761932, "median": 14.7844591141, "min": 1.16423288937e-16, "dvar2": 812.279296875, "dvar": 342.780059814, "dmean": 11.2160358429, "max": 247.763534546, "var": 739.43359375, "mean": 24.1404094696}, "barkbands_kurtosis": {"dmean2": 8.21537685394, "median": -0.161712646484, "min": -1.88200688362, "dvar2": 884.344360352, "dvar": 314.881744385, "dmean": 5.00521993637, "max": 562.719482422, "var": 305.225982666, "mean": 4.43427705765}, "gfcc": {"mean": [-41.8670768738, 28.5153064728, -120.081222534, 32.5557365417, -28.2407665253, 21.1582756042, -32.4050254822, 6.31654834747, -23.6612758636, 1.76564049721, -17.2076339722, 4.78618907928, -11.3847169876], "icov": [[7.04171616235e-05, -2.03943527595e-05, 6.9045338023e-05, -8.81016167114e-05, 2.45650444413e-05, -1.63274160059e-06, 6.94254094924e-06, -0.000140315765748, 8.20192653919e-05, -0.000271769211395, 0.000318477948895, -0.000197521192604, 0.000405628146837], [-2.03943527595e-05, 0.000715984497219, 0.00017801685317, -0.000267682306003, -0.000854644516949, -2.13210314541e-05, 0.000879621424247, -1.80170695785e-06, -0.000992004061118, 0.00105242058635, -0.00125762389507, 0.00127984595019, -0.0008160417201], [6.9045338023e-05, 0.00017801685317, 0.00149474514183, -0.00114877289161, -0.00135448388755, 0.000349365029251, 0.000229290846619, 0.000532803765964, -0.000178582253284, -0.00193698180374, 0.00199456023984, -0.00106295663863, 0.0012195087038], [-8.81016167114e-05, -0.000267682306003, -0.00114877289161, 0.00350172258914, 5.58154206374e-05, -0.000519335735589, -0.00015850487398, -0.0013981735101, 0.000860177911818, 0.000762222101912, -0.00215996103361, 0.00203803693876, -0.00147478026338], [2.45650444413e-05, -0.000854644516949, -0.00135448388755, 5.58154206374e-05, 0.00716901058331, -0.00163962773513, -0.00343240052462, 0.000695452152286, -0.000857886334416, 0.00304903974757, -0.00213483883999, 0.00175791210495, -0.000473293737741], [-1.63274160059e-06, -2.13210314541e-05, 0.000349365029251, -0.000519335735589, -0.00163962773513, 0.00614264328033, -0.00422766478732, 0.00200594728813, -0.00211697071791, -0.00160567718558, 0.00525155616924, -0.00390783511102, 0.00376231665723], [6.94254094924e-06, 0.000879621424247, 0.000229290846619, -0.00015850487398, -0.00343240052462, -0.00422766478732, 0.0162942428142, -0.00911247637123, 0.000882389256731, 0.000423572899308, -0.00455664191395, 0.00568940769881, -0.00457346113399], [-0.000140315765748, -1.80170695785e-06, 0.000532803765964, -0.0013981735101, 0.000695452152286, 0.00200594728813, -0.00911247637123, 0.0171193815768, -0.00623856997117, -0.00289028603584, 0.00474239932373, -0.00492540979758, 0.0045428914018], [8.20192653919e-05, -0.000992004061118, -0.000178582253284, 0.000860177911818, -0.000857886334416, -0.00211697071791, 0.000882389256731, -0.00623856997117, 0.0218630991876, -0.00822011101991, -0.00358922104351, 0.00464274035767, -0.000426142854849], [-0.000271769211395, 0.00105242058635, -0.00193698180374, 0.000762222101912, 0.00304903974757, -0.00160567718558, 0.000423572899308, -0.00289028603584, -0.00822011101991, 0.026571277529, -0.0121350931004, 0.00198191497475, -0.00255170674063], [0.000318477948895, -0.00125762389507, 0.00199456023984, -0.00215996103361, -0.00213483883999, 0.00525155616924, -0.00455664191395, 0.00474239932373, -0.00358922104351, -0.0121350931004, 0.0333645455539, -0.0153012936935, 0.00482427934185], [-0.000197521192604, 0.00127984595019, -0.00106295663863, 0.00203803693876, 0.00175791210495, -0.00390783511102, 0.00568940769881, -0.00492540979758, 0.00464274035767, 0.00198191497475, -0.0153012936935, 0.0263543240726, -0.0119445445016], [0.000405628146837, -0.0008160417201, 0.0012195087038, -0.00147478026338, -0.000473293737741, 0.00376231665723, -0.00457346113399, 0.0045428914018, -0.000426142854849, -0.00255170674063, 0.00482427934185, -0.0119445445016, 0.0214711166918]], "cov": [[19788.3339844, -517.18371582, -125.603126526, 373.41494751, -95.1299514771, 529.661804199, 263.948516846, 516.639099121, 133.547607422, 211.946609497, -191.963851929, -114.155990601, -501.242889404], [-517.18371582, 2849.29321289, 66.4105834961, 355.775909424, 498.998504639, 41.4779281616, 35.1133728027, -21.6515922546, 147.480392456, -89.9980392456, 63.9827346802, -171.034454346, 37.2267303467], [-125.603126526, 66.4105834961, 1446.35583496, 491.703125, 371.701477051, 219.043212891, 149.835159302, 87.6843032837, 84.374710083, 70.3084945679, -40.5797195435, -72.864440918, -81.6916427612], [373.41494751, 355.775909424, 491.703125, 547.348266602, 222.790481567, 134.549438477, 120.305206299, 85.3579177856, 60.1554946899, 21.1414089203, 1.11547029018, -66.314666748, -28.4004135132], [-95.1299514771, 498.998504639, 371.701477051, 222.790481567, 406.179107666, 191.773300171, 152.930877686, 62.2999687195, 75.5962677002, -7.20499610901, -5.77924871445, -77.6440963745, -31.5547866821], [529.661804199, 41.4779281616, 219.043212891, 134.549438477, 191.773300171, 374.74987793, 164.740188599, 90.567237854, 70.1322555542, 24.6563529968, -38.1924934387, -42.66746521, -67.9726715088], [263.948516846, 35.1133728027, 149.835159302, 120.305206299, 152.930877686, 164.740188599, 194.688583374, 108.817253113, 58.6834068298, 26.0233058929, -5.07128095627, -37.7186965942, -26.5350112915], [516.639099121, -21.6515922546, 87.6843032837, 85.3579177856, 62.2999687195, 90.567237854, 108.817253113, 144.644012451, 58.2598190308, 36.2707061768, -4.59413194656, -16.5414428711, -34.3253669739], [133.547607422, 147.480392456, 84.374710083, 60.1554946899, 75.5962677002, 70.1322555542, 58.6834068298, 58.2598190308, 94.1734313965, 35.0113868713, 10.6190538406, -25.24269104, -18.4263324738], [211.946609497, -89.9980392456, 70.3084945679, 21.1414089203, -7.20499610901, 24.6563529968, 26.0233058929, 36.2707061768, 35.0113868713, 73.243812561, 22.0574874878, 10.8161697388, -6.11563968658], [-191.963851929, 63.9827346802, -40.5797195435, 1.11547029018, -5.77924871445, -38.1924934387, -5.07128095627, -4.59413194656, 10.6190538406, 22.0574874878, 62.6905822754, 31.0339832306, 20.907371521], [-114.155990601, -171.034454346, -72.864440918, -66.314666748, -77.6440963745, -42.66746521, -37.7186965942, -16.5414428711, -25.24269104, 10.8161697388, 31.0339832306, 91.9083786011, 41.4111557007], [-501.242889404, 37.2267303467, -81.6916427612, -28.4004135132, -31.5547866821, -67.9726715088, -26.5350112915, -34.3253669739, -18.4263324738, -6.11563968658, 20.907371521, 41.4111557007, 90.2203903198]]}, "spectral_energyband_middle_low": {"dmean2": 0.00253220531158, "median": 0.00142045482062, "min": 2.62356658799e-22, "dvar2": 2.14759566006e-05, "dvar": 7.93710023572e-06, "dmean": 0.00148344004992, "max": 0.024953071028, "var": 7.49709806769e-06, "mean": 0.002235210035}, "melbands_crest": {"dmean2": 6.75211143494, "median": 14.0765008926, "min": 1.71196186543, "dvar2": 40.5228691101, "dvar": 17.8469676971, "dmean": 4.2004327774, "max": 39.2847557068, "var": 50.98670578, "mean": 14.5616006851}, "spectral_kurtosis": {"dmean2": 2.66585731506, "median": 3.90340328217, "min": -1.20540690422, "dvar2": 19.4149627686, "dvar": 7.75613260269, "dmean": 1.66096711159, "max": 79.8809814453, "var": 12.791967392, "mean": 4.77191829681}, "spectral_rms": {"dmean2": 0.00115923583508, "median": 0.00355429714546, "min": 3.24671995018e-12, "dvar2": 1.92610355043e-06, "dvar": 9.72347720563e-07, "dmean": 0.000739686598536, "max": 0.0103671541438, "var": 3.70193151866e-06, "mean": 0.00339313526638}, "zerocrossingrate": {"dmean2": 0.0262575577945, "median": 0.09765625, "min": 0.001953125, "dvar2": 0.00086104933871, "dvar": 0.000850522774272, "dmean": 0.0237100273371, "max": 0.515625, "var": 0.00515071302652, "mean": 0.107976965606}, "silence_rate_60dB": {"dmean2": 0.124014511704, "median": 0, "min": 0, "dvar2": 0.113181233406, "dvar": 0.0581555515528, "dmean": 0.0620042569935, "max": 1, "var": 0.162128955126, "mean": 0.20355951786}, "erbbands_kurtosis": {"dmean2": 1.83073139191, "median": 0.547726631165, "min": -1.83426892757, "dvar2": 11.4595050812, "dvar": 5.59307289124, "dmean": 1.14683449268, "max": 76.880645752, "var": 16.7728691101, "mean": 1.21302175522}, "erbbands": {"dmean2": [0.0972412675619, 1.02921748161, 1.87251210213, 3.81005358696, 2.76070570946, 2.87554311752, 4.73554706573, 3.78122496605, 4.26660346985, 2.64364695549, 5.41787624359, 4.72104692459, 9.57696437836, 14.2151355743, 21.4153366089, 37.6851119995, 44.0717697144, 57.7980117798, 46.460521698, 41.9569473267, 39.9243011475, 68.123336792, 43.5868644714, 28.9200782776, 22.8866424561, 17.7203216553, 10.6704816818, 13.725484848, 12.8851995468, 9.69057559967, 6.60756731033, 3.51631307602, 2.53983712196, 1.48548662663, 0.829298377037, 0.33566197753, 0.148502662778, 0.0469582676888, 0.00939522031695, 0.000210170648643], "median": [0.0691289380193, 0.341872960329, 0.612192451954, 0.902809083462, 0.914082884789, 0.819403886795, 0.55225032568, 0.554350793362, 0.625453352928, 0.789780974388, 1.14982926846, 1.57675337791, 2.91703605652, 3.3002614975, 4.00703620911, 5.64051246643, 7.32528924942, 13.5503368378, 15.6016998291, 12.4210138321, 16.055606842, 15.5160074234, 12.8435792923, 11.9109392166, 9.01456356049, 5.76215553284, 3.41655135155, 4.41430711746, 3.05814743042, 2.18143296242, 1.43050205708, 1.30622303486, 0.935710668564, 0.587334930897, 0.352109283209, 0.186045885086, 0.0770581290126, 0.0193781536072, 0.00283792242408, 8.6198131612e-05], "min": [3.257469463e-22, 1.71687495561e-21, 1.3513153682e-20, 1.04438331338e-19, 3.90057664084e-20, 2.45717232133e-20, 1.6285380681e-19, 3.20215108503e-19, 2.20813098636e-19, 4.5134722383e-19, 1.26439250879e-18, 1.0013361493e-18, 1.04367208023e-18, 1.75555250419e-18, 2.93406939652e-18, 2.31841623739e-18, 2.3695080819e-18, 4.37237042525e-18, 4.67210180175e-18, 7.60918978712e-18, 6.7168955847e-18, 8.27309404574e-18, 7.29562216052e-18, 1.08291499673e-17, 1.119033011e-17, 1.25363200571e-17, 1.17554474968e-17, 1.70909791691e-17, 1.95852066486e-17, 1.85473646407e-17, 1.55545375034e-17, 1.5433297641e-17, 1.55036179192e-17, 9.15858013813e-18, 6.93735907028e-18, 4.95349541125e-18, 2.46626691367e-18, 1.13420947981e-18, 3.11732914159e-19, 2.94460239133e-20], "dvar2": [0.022378673777, 3.97140455246, 11.9200744629, 82.1401824951, 38.7238578796, 39.3549118042, 90.5137634277, 60.3366279602, 97.932434082, 30.1424884796, 150.559295654, 99.3458251953, 745.412841797, 571.379577637, 2592.51855469, 7683.90478516, 8476.82910156, 8740.75976562, 7102.08056641, 7461.73925781, 4342.28710938, 23169.8378906, 10734.8066406, 4643.53955078, 1786.2800293, 1309.41796875, 601.652770996, 788.969848633, 788.288330078, 416.756561279, 202.670928955, 36.7996177673, 21.5372982025, 6.76491308212, 1.86599230766, 0.213065102696, 0.0398881994188, 0.00412778789178, 0.0001928848651, 9.01195562619e-08], "dvar": [0.00870570819825, 1.57057034969, 6.33039140701, 30.176076889, 13.9100818634, 13.8498497009, 51.8775100708, 21.4796829224, 34.5400352478, 12.7011585236, 68.5953140259, 41.6113090515, 274.94921875, 242.851150513, 960.219970703, 3389.76245117, 2894.47070312, 3136.89990234, 2690.21655273, 3322.83740234, 1841.13232422, 8420.4296875, 4488.11962891, 2325.47924805, 682.91015625, 516.083068848, 222.992523193, 314.094055176, 318.798706055, 165.505157471, 86.6845779419, 16.8921279907, 9.53372764587, 3.08380317688, 0.813710570335, 0.101549118757, 0.0202629920095, 0.00214269501157, 8.41475848574e-05, 3.93022361322e-08], "dmean": [0.0607536919415, 0.618580818176, 1.22605443001, 2.1669178009, 1.56653690338, 1.61744499207, 3.06216788292, 2.15031456947, 2.34795069695, 1.58202409744, 3.25315403938, 2.97292113304, 5.98252344131, 8.93381786346, 12.3182353973, 23.580696106, 24.8215656281, 33.5986061096, 26.740819931, 26.2610759735, 24.2563037872, 39.2249450684, 25.914768219, 18.4417705536, 13.939702034, 10.7979030609, 6.25340938568, 8.20052337646, 7.83357524872, 5.91241979599, 4.03428888321, 2.20873188972, 1.59866094589, 0.994318306446, 0.547588050365, 0.224001571536, 0.102036401629, 0.0327277965844, 0.00615971535444, 0.000138525749207], "max": [0.778017997742, 9.81817150116, 20.4423389435, 53.2564697266, 39.0365829468, 46.8062438965, 72.9836654663, 74.6957473755, 48.8851661682, 113.333587646, 266.060913086, 204.772872925, 456.698181152, 244.076171875, 625.240112305, 1524.67224121, 1132.37341309, 1286.82580566, 963.906982422, 1196.80981445, 777.545043945, 1064.88562012, 1619.00048828, 1280.9699707, 440.046203613, 257.290100098, 153.957824707, 159.348419189, 163.169754028, 128.348831177, 95.5479431152, 41.7889328003, 40.2308692932, 25.3015842438, 9.87519836426, 4.72636508942, 1.96636521816, 0.507673859596, 0.098586820066, 0.00222284928896], "var": [0.0157842412591, 1.57321608067, 9.20138931274, 22.4055175781, 10.0109291077, 10.7920293808, 90.625617981, 19.4804019928, 23.3479957581, 18.8031520844, 107.550010681, 88.8548965454, 510.805206299, 433.964447021, 1602.84924316, 6940.80273438, 3847.32714844, 5239.20800781, 4824.41845703, 5911.2734375, 4189.81591797, 9005.91503906, 8238.54199219, 7054.30322266, 1453.72692871, 676.454345703, 206.933929443, 326.480133057, 341.504364014, 175.468490601, 94.2409210205, 26.1904144287, 12.8799333572, 4.80055046082, 1.3338098526, 0.24234059453, 0.0509191229939, 0.00488026253879, 0.000136710499646, 6.90026027428e-08], "mean": [0.109199754894, 0.771711111069, 1.75256156921, 2.2822701931, 1.70833063126, 1.81954479218, 4.04764270782, 2.34326910973, 2.08957862854, 2.00197315216, 4.02112722397, 4.60739278793, 9.72620010376, 13.2175359726, 18.9853382111, 35.2405281067, 31.4860744476, 44.4328193665, 41.9398117065, 40.2886734009, 40.8365936279, 50.83959198, 38.898651123, 33.6934051514, 23.7907505035, 15.7207403183, 8.61861133575, 11.2497873306, 10.6763362885, 7.5787229538, 5.34873342514, 3.44980311394, 2.42808699608, 1.51617479324, 0.829201102257, 0.381872028112, 0.170128107071, 0.0499892123044, 0.00810850970447, 0.000199745947612]}, "spectral_strongpeak": {"dmean2": 0.919508576393, "median": 0.221405118704, "min": 0, "dvar2": 3.67374992371, "dvar": 1.45512866974, "dmean": 0.5394089818, "max": 17.4503574371, "var": 2.43414568901, "mean": 0.739068210125}, "spectral_energy": {"dmean2": 0.00956916250288, "median": 0.0129488538951, "min": 1.08047195951e-20, "dvar2": 0.000167281570612, "dvar": 7.31100080884e-05, "dmean": 0.00585196819156, "max": 0.110164821148, "var": 0.000181838753633, "mean": 0.0155956735834}, "average_loudness": 0.883995175362, "spectral_rolloff": {"dmean2": 1657.72192383, "median": 2519.38476562, "min": 21.533203125, "dvar2": 5076283, "dvar": 2793182.75, "dmean": 1036.28540039, "max": 20176.6113281, "var": 7956660.5, "mean": 3093.41308594}, "spectral_centroid": {"dmean2": 530.856323242, "median": 2233.29833984, "min": 165.711654663, "dvar2": 341511.8125, "dvar": 177466.3125, "dmean": 347.59942627, "max": 11537.1083984, "var": 682985, "mean": 2225.42602539}, "pitch_salience": {"dmean2": 0.159943476319, "median": 0.589660346508, "min": 0.0301557965577, "dvar2": 0.0252792965621, "dvar": 0.0100984629244, "dmean": 0.102372914553, "max": 0.955170631409, "var": 0.0212609767914, "mean": 0.576816260815}, "s