{"tonal": {"thpcp": [1, 0.614565134048, 0.260205805302, 0.268832176924, 0.247844308615, 0.255585134029, 0.304657757282, 0.33742043376, 0.348100483418, 0.38481169939, 0.549774646759, 0.653457343578, 0.506298243999, 0.315149337053, 0.210957765579, 0.192065060139, 0.221390232444, 0.231430917978, 0.213821098208, 0.22045725584, 0.230380520225, 0.236394435167, 0.23529009521, 0.245176523924, 0.33135086298, 0.463531523943, 0.488709628582, 0.403320580721, 0.324412196875, 0.258993089199, 0.212313458323, 0.199947282672, 0.211608752608, 0.233883395791, 0.257345974445, 0.639438867569], "hpcp": {"dmean2": [0.405745446682, 0.296636879444, 0.215121284127, 0.186437234282, 0.198519945145, 0.193173080683, 0.175154671073, 0.187550365925, 0.201581373811, 0.211636692286, 0.218841418624, 0.224681213498, 0.269899398088, 0.304053336382, 0.326783537865, 0.314726471901, 0.298629850149, 0.244174659252, 0.203540056944, 0.175615146756, 0.168869152665, 0.180203825235, 0.202345043421, 0.343633830547, 0.559264183044, 0.343751639128, 0.196244642138, 0.215200379491, 0.2226498276, 0.228531375527, 0.259774714708, 0.306806921959, 0.318464994431, 0.354289978743, 0.405496776104, 0.428024500608], "median": [0.0897431522608, 0.0484651625156, 0.0296457186341, 0.0270353108644, 0.0323029346764, 0.0362607203424, 0.0418204516172, 0.0439605079591, 0.0416512414813, 0.0415646582842, 0.0437422432005, 0.0480899624527, 0.0700912103057, 0.101055786014, 0.0979828387499, 0.0729043632746, 0.0541033521295, 0.0449854247272, 0.0361419245601, 0.03716789186, 0.0431502684951, 0.0490886867046, 0.0524765439332, 0.215216383338, 0.297358810902, 0.202536642551, 0.0547786206007, 0.0526093877852, 0.042525999248, 0.0419887974858, 0.0532276928425, 0.0545674301684, 0.0486337803304, 0.07083696872, 0.10745665431, 0.124900095165], "min": [0, 0, 0, 0, 0, 0, 0, 0, 0, 0, 0, 0, 0, 0, 0, 0, 0, 0, 0, 0, 0, 0, 0, 0, 0, 0, 0, 0, 0, 0, 0, 0, 0, 0, 0, 0], "dvar2": [0.197173193097, 0.155706077814, 0.128362849355, 0.110391043127, 0.113900944591, 0.103185944259, 0.0864758789539, 0.0921245589852, 0.107426889241, 0.110499724746, 0.115241162479, 0.0962152853608, 0.113014183939, 0.122581399977, 0.143777355552, 0.151559010148, 0.142820835114, 0.124430537224, 0.104335583746, 0.0778628438711, 0.0671045258641, 0.0647238120437, 0.0908059552312, 0.103785976768, 0.277146726847, 0.10280251503, 0.0757695361972, 0.0975602790713, 0.108415596187, 0.120594590902, 0.132941097021, 0.170966103673, 0.178998485208, 0.17644970119, 0.18759483099, 0.200743019581], "dvar": [0.0716151446104, 0.0558113008738, 0.0449068062007, 0.0386291630566, 0.0402602888644, 0.0366472117603, 0.0300476104021, 0.0329052917659, 0.0375017002225, 0.0386284030974, 0.040594290942, 0.0347641371191, 0.0416739955544, 0.0458114780486, 0.0529708079994, 0.0557931400836, 0.051287535578, 0.0447529219091, 0.0371124818921, 0.0275335069746, 0.0241339951754, 0.0238727834076, 0.0326649583876, 0.0391735695302, 0.110105372965, 0.0385108143091, 0.0273477137089, 0.0346621647477, 0.0388902910054, 0.0426490977407, 0.0480823405087, 0.061622556299, 0.0643783658743, 0.064115665853, 0.0694784596562, 0.0766843557358], "dmean": [0.227741971612, 0.163586914539, 0.116712294519, 0.10243947804, 0.10946200788, 0.107474550605, 0.0984110832214, 0.103937588632, 0.111290231347, 0.115740135312, 0.120251558721, 0.124095320702, 0.151788085699, 0.173494547606, 0.186729416251, 0.177156299353, 0.163833558559, 0.13393175602, 0.111177779734, 0.0971419811249, 0.0951312109828, 0.102178916335, 0.113804727793, 0.196485877037, 0.308587163687, 0.194049566984, 0.111026532948, 0.121037982404, 0.122838832438, 0.127327933908, 0.145982131362, 0.169772669673, 0.176281586289, 0.195431664586, 0.228107735515, 0.240871667862], "max": [1, 1, 1, 1, 1, 1, 1, 1, 1, 1, 1, 1, 1, 1, 1, 1, 1, 1, 1, 1, 1, 1, 1, 1, 1, 1, 1, 1, 1, 1, 1, 1, 1, 1, 1, 1], "var": [0.076949596405, 0.0502958223224, 0.0327335558832, 0.0293294414878, 0.0340897925198, 0.0338841825724, 0.0250006318092, 0.0262312889099, 0.029428852722, 0.0315324552357, 0.0316653810441, 0.0281204357743, 0.0398784726858, 0.0629689693451, 0.0741720050573, 0.0628786310554, 0.0462016388774, 0.0353648327291, 0.0280448198318, 0.0226948987693, 0.0218440815806, 0.0235311184078, 0.0295745544136, 0.0583934225142, 0.156671151519, 0.0526761189103, 0.0273693725467, 0.0324894413352, 0.0325971320271, 0.0371176041663, 0.0438655950129, 0.054781910032, 0.0584555752575, 0.0577400587499, 0.0844094008207, 0.110772609711], "mean": [0.226682350039, 0.141100212932, 0.0944510549307, 0.0859923139215, 0.099121928215, 0.10361739248, 0.0957330390811, 0.0987042114139, 0.103147104383, 0.105839684606, 0.105345241725, 0.109771646559, 0.148354038596, 0.207534626126, 0.21880748868, 0.180576682091, 0.145247429609, 0.115957669914, 0.0950580313802, 0.0895213857293, 0.0947425141931, 0.104715429246, 0.115220211446, 0.286292731762, 0.447724938393, 0.275156140327, 0.116500623524, 0.120362870395, 0.110966078937, 0.114431843162, 0.136402875185, 0.151071548462, 0.155853271484, 0.172289788723, 0.246147826314, 0.292569160461]}, "tuning_equal_tempered_deviation": 0.214442670345, "chords_changes_rate": 0.106112472713, "key_key": "D", "tuning_diatonic_strength": 0.325389385223, "key_scale": "minor", "chords_number_rate": 0.00488997576758, "tuning_frequency": 434.193115234, "tuning_nontempered_energy_ratio": 0.832370638847, "chords_histogram": [19.9022006989, 4.93887519836, 0.684596598148, 0.586797058582, 1.613691926, 0.195599019527, 0, 0.0977995097637, 0, 1.32029342651, 25.4767723083, 4.93887519836, 0.733496308327, 0, 0, 0.391198039055, 2.10268950462, 23.4229831696, 9.73105144501, 0.929095327854, 0, 0, 0.293398529291, 2.64058685303], "key_strength": 0.460083961487, "chords_key": "C#", "chords_strength": {"dmean2": 0.0166103132069, "median": 0.500358521938, "min": 0.248751744628, "dvar2": 0.000207979755942, "dvar": 0.00011268054368, "dmean": 0.0126464702189, "max": 0.764453709126, "var": 0.0116616440937, "mean": 0.499815940857}, "chords_scale": "minor", "hpcp_entropy": {"dmean2": 1.16521942616, "median": 2.80269622803, "min": 0, "dvar2": 0.86676543951, "dvar": 0.306667745113, "dmean": 0.691698670387, "max": 4.37030267715, "var": 0.569559037685, "mean": 2.75617313385}}, "metadata": {"audio_properties": {"equal_loudness": 0, "codec": "mp3", "downmix": "mix", "sample_rate": 44100, "analysis_sample_rate": 44100, "bit_rate": 256000, "md5_encoded": "88e581d71e57162184a9def1f052a40a", "length": 94.9028549194, "replay_gain": 1.2315120697, "lossless": false}, "version": {"essentia_build_sha": "e76a03f03bb3900de42a1fa0d9be1e72f12def64", "essentia": "2.1-beta1", "extractor": "music 1.0", "essentia_git_sha": "v2.1_beta1-28-g21ef5f4-dirty"}, "tags": {"title": ["Choke on It"], "replaygain_album_gain": ["-0.30 dB"], "albumartist": ["Ruiner"], "date": ["2007"], "file_name": "09 - Ruiner - Choke on It.mp3", "replaygain_track_gain": ["+0.18 dB"], "replaygain_track_peak": ["0.273887"], "acoustid_id": ["4ec8670a-0730-4bed-908b-7bbb761167fd"], "musicbrainz_recordingid": ["155f0cfc-b54f-416f-8db5-0e1a81fb624d"], "musicbrainz_albumartistid": ["820efdc9-3ad8-4893-8172-c9f62ee53a59"], "musicbrainz_albumid": ["4129dff9-f107-4a2b-8c90-55506a14e317"], "artist": ["Ruiner"], "tracknumber": ["9/12"], "replaygain_album_peak": ["0.375779"], "album": ["Prepare to Be Let Down"], "discnumber": ["1/1"], "musicbrainz_artistid": ["820efdc9-3ad8-4893-8172-c9f62ee53a59"], "musicbrainz_releasegroupid": ["32dbddc6-b142-39bf-a8e3-09a4663d8b5d"]}}, "rhythm": {"bpm_histogram_first_peak_bpm": {"dmean2": 0, "median": 103, "min": 103, "dvar2": 0, "dvar": 0, "dmean": 0, "max": 103, "var": 0, "mean": 103}, "bpm": 104.541511536, "bpm_histogram_second_peak_spread": {"dmean2": 0, "median": 0.200000032783, "min": 0.200000032783, "dvar2": 0, "dvar": 0, "dmean": 0, "max": 0.200000032783, "var": 0, "mean": 0.200000032783}, "bpm_histogram_first_peak_weight": {"dmean2": 0, "median": 0.288343548775, "min": 0.288343548775, "dvar2": 0, "dvar": 0, "dmean": 0, "max": 0.288343548775, "var": 0, "mean": 0.288343548775}, "onset_rate": 1.40113306046, "beats_position": [0.545668900013, 1.11455774307, 1.67183673382, 2.22911548615, 2.7863945961, 3.33206343651, 3.87773227692, 4.43501138687, 4.95746040344, 5.47990942001, 6.06040811539, 6.64090681076, 7.23301553726, 7.8251247406, 8.4172334671, 9.0093421936, 9.6014509201, 10.1935596466, 10.774058342, 11.3081178665, 11.8421764374, 12.3994560242, 12.9567346573, 13.5140132904, 14.0945119858, 14.66340065, 15.2206802368, 15.7663488388, 16.3236274719, 16.8809070587, 17.4381847382, 17.9838542938, 18.5411338806, 19.1100215912, 19.6905212402, 20.247800827, 20.8166885376, 21.3739681244, 21.9196376801, 22.4769153595, 23.0341949463, 23.5914726257, 24.1719722748, 24.7524719238, 25.3213596344, 25.8902492523, 26.4591369629, 27.0280265808, 27.5969161987, 28.1658039093, 28.7230834961, 29.2803630829, 29.8376407623, 30.3949203491, 30.9521980286, 31.5210876465, 32.0783653259, 32.6472549438, 33.204536438, 33.7850341797, 34.3655319214, 34.9460296631, 35.5033111572, 36.0605888367, 36.6410865784, 37.1983680725, 37.7672538757, 38.3245353699, 38.8702049255, 39.427482605, 39.9847602844, 40.5652618408, 41.1457595825, 41.7494773865, 42.3531951904, 42.9685249329, 43.5838546753, 44.1991844177, 44.8145103455, 45.4182319641, 46.0103378296, 46.6024475098, 47.2061653137, 47.7982749939, 48.3787727356, 48.959274292, 49.5281639099, 50.1086616516, 50.6891593933, 51.269657135, 51.8385467529, 52.4074363708, 52.9879341125, 53.5684356689, 54.1489334106, 54.7294311523, 55.3099327087, 55.8904304504, 56.4709281921, 57.0398178101, 57.608707428, 58.1892051697, 58.7464828491, 59.3269844055, 59.9074821472, 60.4763717651, 61.0568695068, 61.648979187, 62.2294769287, 62.8099746704, 63.3904762268, 63.9825820923, 64.5746917725, 65.1551895142, 65.7356872559, 66.316192627, 66.8966903687, 67.4888000488, 68.0809020996, 68.6846237183, 69.2883453369, 69.8920593262, 70.4841690063, 71.087890625, 71.6800003052, 72.2604980469, 72.8409957886, 73.4214935303, 74.001991272, 74.5824966431, 75.1629943848, 75.7434921265, 76.3007659912, 76.8812713623, 77.4385452271, 77.9958267212, 78.5414962769, 79.098777771, 79.6676635742, 80.2249450684, 80.7822189331, 81.3627166748, 81.9083862305, 82.4656677246, 83.0345535278, 83.591835022, 84.1607208252, 84.7296142578, 85.3101119995, 85.8906097412, 86.4595031738, 87.0283889771, 87.5856704712, 88.2009963989, 88.8163223267, 89.4432601929, 90.05859375, 90.6855316162, 91.3124694824, 91.9394073486, 92.5663452148, 93.181678772, 93.8086166382, 94.4355545044], "beats_loudness": {"dmean2": 0.0477996692061, "median": 0.0671269521117, "min": 0.0166694708169, "dvar2": 0.0015962398611, "dvar": 0.000541680317838, "dmean": 0.0274199210107, "max": 0.222658619285, "var": 0.000744281569496, "mean": 0.0708240643144}, "danceability": 1.25330364704, "bpm_histogram_second_peak_weight": {"dmean2": 0, "median": 0.245398774743, "min": 0.245398774743, "dvar2": 0, "dvar": 0, "dmean": 0, "max": 0.245398774743, "var": 0, "mean": 0.245398774743}, "beats_count": 164, "bpm_histogram_second_peak_bpm": {"dmean2": 0, "median": 108, "min": 108, "dvar2": 0, "dvar": 0, "dmean": 0, "max": 108, "var": 0, "mean": 108}, "bpm_histogram_first_peak_spread": {"dmean2": 0, "median": 0.510416686535, "min": 0.510416686535, "dvar2": 0, "dvar": 0, "dmean": 0, "max": 0.510416686535, "var": 0, "mean": 0.510416686535}, "beats_loudness_band_ratio": {"dmean2": [0.296753823757, 0.121676325798, 0.0894322544336, 0.101888865232, 0.0388306677341, 0.15257692337], "median": [0.524764299393, 0.0635131746531, 0.0609056055546, 0.0643581748009, 0.0434063151479, 0.184641674161], "min": [0.163632556796, 0.00708995573223, 0.00213780323975, 0.0017776543973, 0.00014220601588, 0.0391759872437], "dvar2": [0.0482926890254, 0.018113674596, 0.0108892265707, 0.0141550181434, 0.00134818442166, 0.0171368010342], "dvar": [0.0162505824119, 0.00666259042919, 0.00344634638168, 0.00472671585158, 0.000494053878356, 0.00607703300193], "dmean": [0.170981019735, 0.0692116990685, 0.0519548766315, 0.0561327561736, 0.0225523710251, 0.0898993760347], "max": [0.914361596107, 0.516960203648, 0.371035218239, 0.461670726538, 0.15093947947, 0.558636367321], "var": [0.0311173032969, 0.00804813206196, 0.00398472417146, 0.00467485096306, 0.00073408044409, 0.00860730279237], "mean": [0.523023962975, 0.0950377136469, 0.0769629701972, 0.0841383561492, 0.0418750345707, 0.196324303746]}}, "lowlevel": {"barkbands_spread": {"dmean2": 15.165309906, "median": 33.1910820007, "min": 0.88454657793, "dvar2": 210.473815918, "dvar": 86.27003479, "dmean": 9.69930076599, "max": 92.5641784668, "var": 350.537261963, "mean": 33.6918296814}, "melbands_spread": {"dmean2": 10.7849063873, "median": 17.7393474579, "min": 0.566284835339, "dvar2": 106.325408936, "dvar": 42.6580200195, "dmean": 6.653901577, "max": 139.149765015, "var": 148.781646729, "mean": 18.7559528351}, "hfc": {"dmean2": 137.436828613, "median": 293.253875732, "min": 1.13573142183e-16, "dvar2": 21859.9355469, "dvar": 8269.90429688, "dmean": 86.5952148438, "max": 1621.13500977, "var": 19003.75, "mean": 319.98348999}, "barkbands_kurtosis": {"dmean2": 9.67396354675, "median": 3.54658341408, "min": -1.62731921673, "dvar2": 245.920547485, "dvar": 99.9772109985, "dmean": 5.88913917542, "max": 223.060882568, "var": 453.935546875, "mean": 10.7065858841}, "gfcc": {"mean": [27.7899703979, 108.037055969, -94.8019485474, -6.30036115646, 0.850570499897, -14.7776212692, 11.7709627151, -14.8039512634, 4.41429710388, -10.603685379, -0.790250480175, -1.98650681973, -3.62417030334], "icov": [[0.000360051228199, -0.000530937046278, 0.00123309972696, -0.000870402611326, 0.000597000820562, -0.000185826123925, 0.00046516652219, -0.000465963938041, 0.000579020939767, -0.000294813653454, 0.000487733603222, -0.000345014967024, 0.000386826286558], [-0.000530937046278, 0.00515347952023, -0.00434716185555, 0.00487309228629, -0.00321029522456, 0.000238520427956, -0.00163870793767, 0.00348233990371, -0.00319622876123, 0.00311508076265, -0.00483984267339, 0.00381005043164, -0.00143206003122], [0.00123309972696, -0.00434716185555, 0.00947769731283, -0.00664084497839, 0.00348878395744, -0.00426786532626, 0.00473996438086, -0.00280699296854, 0.00328067806549, -0.00126414222177, 0.00195365585387, -0.00184000830632, 0.00175111484714], [-0.000870402611326, 0.00487309228629, -0.00664084497839, 0.0118050090969, -0.00541236205027, 0.00362857803702, -0.00330500933342, 0.00266881403513, -0.000126146464027, -0.00282324105501, 0.00317992921919, -0.00354617438279, 0.00156434276141], [0.000597000820562, -0.00321029522456, 0.00348878395744, -0.00541236205027, 0.0123228747398, -0.00190198258497, -0.00027602649061, -0.00163599301595, -0.00324701028876, 0.00722715817392, -0.00461924588308, 0.00434612063691, -0.00405399641022], [-0.000185826123925, 0.000238520427956, -0.00426786532626, 0.00362857803702, -0.00190198258497, 0.0108274975792, -0.00184038549196, -0.0062297093682, 0.00513665517792, -0.00217380234972, 0.00314273848198, -0.00480825221166, 0.00233394443057], [0.00046516652219, -0.00163870793767, 0.00473996438086, -0.00330500933342, -0.00027602649061, -0.00184038549196, 0.0112229343504, 0.000879296741914, -0.00177159521263, -0.000452744250651, 0.00114070577547, -0.000501135422383, 0.0035496216733], [-0.000465963938041, 0.00348233990371, -0.00280699296854, 0.00266881403513, -0.00163599301595, -0.0062297093682, 0.000879296741914, 0.0184591375291, -0.00833842530847, -0.00076849211473, -0.00288084847853, 0.0104935904965, -0.00777377793565], [0.000579020939767, -0.00319622876123, 0.00328067806549, -0.000126146464027, -0.00324701028876, 0.00513665517792, -0.00177159521263, -0.00833842530847, 0.0219215396792, -0.0101351216435, 0.00907896552235, -0.012496274896, 0.00712971994653], [-0.000294813653454, 0.00311508076265, -0.00126414222177, -0.00282324105501, 0.00722715817392, -0.00217380234972, -0.000452744250651, -0.00076849211473, -0.0101351216435, 0.0364175401628, -0.0280668698251, 0.0146683407947, -0.00465137092397], [0.000487733603222, -0.00483984267339, 0.00195365585387, 0.00317992921919, -0.00461924588308, 0.00314273848198, 0.00114070577547, -0.00288084847853, 0.00907896552235, -0.0280668698251, 0.0473231077194, -0.0240287389606, 0.00110101548489], [-0.000345014967024, 0.00381005043164, -0.00184000830632, -0.00354617438279, 0.00434612063691, -0.00480825221166, -0.000501135422383, 0.0104935904965, -0.012496274896, 0.0146683407947, -0.0240287389606, 0.0362993776798, -0.0112384893], [0.000386826286558, -0.00143206003122, 0.00175111484714, 0.00156434276141, -0.00405399641022, 0.00233394443057, 0.0035496216733, -0.00777377793565, 0.00712971994653, -0.00465137092397, 0.00110101548489, -0.0112384893, 0.0243935305625]], "cov": [[6654.79199219, -679.993774414, -1344.82287598, 300.769805908, -185.128768921, -588.70880127, 276.813995361, -243.442367554, 77.9542236328, 0.559988260269, -104.102035522, 19.4333972931, -169.525482178], [-679.993774414, 742.151977539, 274.952056885, -247.838241577, 136.096954346, 147.862808228, -52.4709129333, 36.0759620667, 3.80695009232, -30.820104599, 57.4347686768, -34.4036407471, 52.6790771484], [-1344.82287598, 274.952056885, 685.816467285, -24.4678077698, -10.7950868607, 311.096008301, -193.609481812, 122.516487122, -98.7389602661, 10.1528606415, 23.3851718903, -12.1085262299, 49.6231002808], [300.769805908, -247.838241577, -24.4678077698, 265.598144531, -8.52730178833, -85.1748046875, 47.2321739197, -54.8494377136, 4.96680784225, 1.62956428528, -28.8256225586, 29.9512729645, -38.2565917969], [-185.128768921, 136.096954346, -10.7950868607, -8.52730178833, 162.221679688, 2.0441198349, 29.4813022614, 8.73564052582, 29.8836040497, -26.8129291534, 6.80016899109, -6.81330490112, 20.2125110626], [-588.70880127, 147.862808228, 311.096008301, -85.1748046875, 2.0441198349, 296.633209229, -94.7023696899, 120.198196411, -63.6832580566, 8.53847789764, 12.2752571106, -16.3618850708, 37.3389434814], [276.813995361, -52.4709129333, -193.609481812, 47.2321739197, 29.4813022614, -94.7023696899, 177.379104614, -57.4417915344, 50.4649391174, -11.6170186996, -14.7337522507, 5.71787452698, -40.4226112366], [-243.442367554, 36.0759620667, 122.516487122, -54.8494377136, 8.73564052582, 120.198196411, -57.4417915344, 143.155349731, -3.84603238106, 23.2912311554, 8.17511367798, -26.1815757751, 37.7658996582], [77.9542236328, 3.80695009232, -98.7389602661, 4.96680784225, 29.8836040497, -63.6832580566, 50.4649391174, -3.84603238106, 95.6163635254, 11.1878614426, 4.32297277451, 13.2672138214, -11.6487102509], [0.559988260269, -30.820104599, 10.1528606415, 1.62956428528, -26.8129291534, 8.53847789764, -11.6170186996, 23.2912311554, 11.1878614426, 65.1391983032, 33.1977500916, 4.203373909, 10.7773141861], [-104.102035522, 57.4347686768, 23.3851718903, -28.8256225586, 6.80016899109, 12.2752571106, -14.7337522507, 8.17511367798, 4.32297277451, 33.1977500916, 60.9718399048, 25.4403915405, 23.9327983856], [19.4333972931, -34.4036407471, -12.1085262299, 29.9512729645, -6.81330490112, -16.3618850708, 5.71787452698, -26.1815757751, 13.2672138214, 4.203373909, 25.4403915405, 63.6851921082, 12.9944105148], [-169.525482178, 52.6790771484, 49.6231002808, -38.2565917969, 20.2125110626, 37.3389434814, -40.4226112366, 37.7658996582, -11.6487102509, 10.7773141861, 23.9327983856, 12.9944105148, 73.7367172241]]}, "spectral_energyband_middle_low": {"dmean2": 0.00954287499189, "median": 0.00947667378932, "min": 2.63247326937e-22, "dvar2": 0.000202921932214, "dvar": 7.95182568254e-05, "dmean": 0.00586271565408, "max": 0.145279064775, "var": 0.000128616418806, "mean": 0.0125090079382}, "melbands_crest": {"dmean2": 8.37935638428, "median": 17.6616973877, "min": 1.00011992455, "dvar2": 51.3543357849, "dvar": 19.7891578674, "dmean": 5.09179496765, "max": 35.9721603394, "var": 42.7167549133, "mean": 18.0513534546}, "spectral_kurtosis": {"dmean2": 10.0066661835, "median": 20.9792022705, "min": -1.23357534409, "dvar2": 240.502990723, "dvar": 90.9218521118, "dmean": 6.33200979233, "max": 121.864593506, "var": 159.432327271, "mean": 24.3784332275}, "spectral_rms": {"dmean2": 0.00221289135516, "median": 0.007782259956, "min": 3.16714558225e-12, "dvar2": 5.38104404768e-06, "dvar": 2.17730485019e-06, "dmean": 0.00139935791958, "max": 0.0163562223315, "var": 3.67139432456e-06, "mean": 0.00806758459657}, "zerocrossingrate": {"dmean2": 0.0599292069674, "median": 0.2939453125, "min": 0.06591796875, "dvar2": 0.00231857062317, "dvar": 0.00146389880683, "dmean": 0.0473342575133, "max": 0.68505859375, "var": 0.00760524952784, "mean": 0.299793809652}, "silence_rate_60dB": {"dmean2": 0.00097871304024, "median": 0, "min": 0, "dvar2": 0.000977755058557, "dvar": 0.00048899743706, "dmean": 0.000489236786962, "max": 1, "var": 0.00341209745966, "mean": 0.00342382001691}, "erbbands_kurtosis": {"dmean2": 1.27507615089, "median": 0.0445705763996, "min": -1.53801703453, "dvar2": 2.20772385597, "dvar": 0.824335694313, "dmean": 0.770176827908, "max": 18.9491348267, "var": 1.64489734173, "mean": 0.353614628315}, "erbbands": {"dmean2": [1.08850646019, 3.98391127586, 11.824177742, 9.50026798248, 7.2570681572, 10.4954929352, 20.4115848541, 45.4930839539, 35.6590919495, 15.1983165741, 24.1417865753, 50.0753746033, 53.1726837158, 43.7422218323, 57.6798706055, 77.6295547485, 52.8457107544, 32.6989593506, 32.7937278748, 39.1577148438, 26.1905727386, 23.0963668823, 18.5208721161, 14.3261842728, 9.39506149292, 10.9179620743, 4.63585329056, 2.43794441223, 1.5825792551, 0.875578224659, 0.501069009304, 0.213830754161, 0.0859696939588, 0.0562193468213, 0.0361914299428, 0.0218397416174, 0.023154148832, 0.0269520748407, 0.0440894402564, 0.0191009100527], "median": [0.444600135088, 2.50035524368, 5.50971221924, 5.29098939896, 3.73514771461, 3.19412970543, 5.20310258865, 12.8754320145, 12.3967075348, 9.64026641846, 13.9813280106, 33.9004631042, 34.804775238, 27.2252807617, 41.6833953857, 48.6147575378, 31.7547912598, 22.0315246582, 30.7623577118, 40.8337249756, 23.1158351898, 19.7880058289, 17.705291748, 12.4114599228, 9.77637290955, 6.24764156342, 3.79363059998, 2.1550090313, 1.18514966965, 0.626526296139, 0.329208254814, 0.110149398446, 0.0266760140657, 0.0157058294863, 0.0107678463683, 0.00814330112189, 0.0164143480361, 0.025425221771, 0.0440988875926, 0.0554135926068], "min": [1.60016395656e-22, 1.54202349421e-21, 1.0593799848e-20, 1.64256921617e-20, 2.04721159311e-20, 6.09497452264e-21, 1.18158343181e-19, 2.87879196642e-19, 2.02928975579e-19, 4.49695757737e-19, 6.3325111647e-19, 1.07762712059e-18, 1.59949464527e-18, 9.148397338e-19, 1.05775555394e-18, 1.71600427532e-18, 3.19738580092e-18, 3.48123841159e-18, 4.73241071303e-18, 2.56217871249e-18, 6.1809024001e-18, 6.53440713386e-18, 9.2183265666e-18, 8.05679210583e-18, 8.78811406591e-18, 1.37650108303e-17, 1.28752564859e-17, 1.40881448007e-17, 1.58579721675e-17, 1.48602633086e-17, 1.32172584461e-17, 1.21553008146e-17, 1.31155772693e-17, 1.02113684725e-17, 7.50768645416e-18, 4.48860046825e-18, 2.64863252819e-18, 1.1352470745e-18, 2.84366393225e-19, 2.95322898039e-20], "dvar2": [3.48594260216, 19.3048400879, 379.512695312, 225.555099487, 139.145629883, 764.701782227, 2705.2175293, 12066.5810547, 5576.03125, 434.677368164, 1823.85412598, 5426.70361328, 7258.49560547, 6367.61425781, 6111.63525391, 14130.171875, 5550.4453125, 2055.18652344, 3068.88916016, 1979.73583984, 1362.92932129, 951.859924316, 597.677001953, 392.790466309, 158.60508728, 527.896362305, 91.6832275391, 21.7820568085, 15.5417871475, 7.53439044952, 1.79825603962, 0.259166061878, 0.0149238351732, 0.00634167948738, 0.00250337435864, 0.000823960930575, 0.00242760870606, 0.00557645317167, 0.00645605800673, 0.000357139681], "dvar": [1.28702008724, 7.30388736725, 143.132873535, 82.6069641113, 53.0259590149, 271.931182861, 981.747375488, 4958.03710938, 2187.80273438, 156.27482605, 716.692932129, 2057.26367188, 2831.81494141, 2555.96728516, 2354.78540039, 5953.29443359, 2144.89453125, 789.695007324, 1244.22558594, 725.009399414, 481.378051758, 354.414703369, 216.298171997, 140.567245483, 60.3869056702, 213.666625977, 37.5345687866, 9.96105003357, 6.47958755493, 2.8839199543, 0.745291233063, 0.122897222638, 0.00621152948588, 0.00259749242105, 0.00102343747858, 0.00033549926593, 0.00103523908183, 0.0020925430581, 0.0027744488325, 0.000144483026816], "dmean": [0.65172547102, 2.40568757057, 7.05578899384, 5.67485046387, 4.38872766495, 6.03054380417, 11.9097061157, 27.7869644165, 21.7581443787, 8.93071937561, 14.3271398544, 29.6649398804, 31.7862091064, 26.2076854706, 34.5124473572, 47.6474685669, 31.9733810425, 19.4117393494, 19.5721626282, 23.1274299622, 15.109251976, 13.4435863495, 10.7764120102, 8.24875450134, 5.64276075363, 6.80559062958, 2.92195320129, 1.56805586815, 1.0212392807, 0.562096655369, 0.317721188068, 0.133338391781, 0.0514287650585, 0.0333688035607, 0.0215533599257, 0.0131229553372, 0.0145090250298, 0.0172249153256, 0.0284573156387, 0.0121648376808], "max": [10.1284799576, 31.6690540314, 115.466049194, 138.920516968, 142.372116089, 306.587341309, 647.174255371, 1545.38122559, 698.990539551, 175.260543823, 461.962219238, 1410.19628906, 1010.46911621, 978.333190918, 1165.51245117, 1375.41723633, 518.679931641, 442.690979004, 1339.18945312, 295.52130127, 260.889160156, 321.639282227, 176.450775146, 114.366203308, 130.067001343, 257.857025146, 172.354476929, 67.9613037109, 73.7319412231, 53.6606826782, 26.9107189178, 14.3578987122, 1.44457161427, 0.732144832611, 0.441808640957, 0.233320087194, 0.988025903702, 1.80673122406, 0.985460937023, 0.194903090596], "var": [1.11738240719, 9.78845405579, 165.880157471, 95.1139221191, 63.5018234253, 195.633163452, 812.871887207, 6502.46289062, 3128.50512695, 246.740890503, 922.558532715, 2650.68774414, 4017.74511719, 4186.53564453, 4029.82861328, 9424.85058594, 3173.89306641, 1138.51721191, 1756.98046875, 1486.91650391, 650.056396484, 546.54876709, 362.293182373, 244.484176636, 169.424118042, 559.292602539, 74.8454360962, 23.2869739532, 11.2829637527, 3.93599796295, 1.35065960884, 0.262981623411, 0.00802798941731, 0.00285320915282, 0.00114318658598, 0.000403159327107, 0.0019919751212, 0.00340225826949, 0.0113495113328, 0.000939468271099], "mean": [0.794302582741, 3.43861436844, 9.95069503784, 8.40291595459, 6.10472726822, 6.63818502426, 13.0903539658, 33.8919181824, 29.3825054169, 14.2929258347, 21.9056720734, 46.7978935242, 51.3938026428, 43.7308006287, 58.6167488098, 75.0924301147, 49.3821334839, 31.5652008057, 37.4409866333, 46.9044342041, 27.9716892242, 24.563123703, 20.9914875031, 15.9587535858, 12.6685476303, 13.7677240372, 6.22139406204, 3.44280719757, 2.07957720757, 1.09864711761, 0.619710981846, 0.219144240022, 0.0569206885993, 0.034527644515, 0.0227259919047, 0.0150581067428, 0.0278230011463, 0.0440883375704, 0.0812404081225, 0.0544625706971]}, "spectral_strongpeak": {"dmean2": 13.5476388931, "median": 0.287933588028, "min": 0, "dvar2": 1299.03527832, "dvar": 499.749145508, "dmean": 7.27603149414, "max": 252.576690674, "var": 455.043914795, "mean": 5.86616659164}, "spectral_energy": {"dmean2": 0.0412898883224, "median": 0.0620776563883, "min": 1.02815819798e-20, "dvar2": 0.0024987636134, "dvar": 0.000987082486972, "dmean": 0.0255182273686, "max": 0.274214178324, "var": 0.00122295774054, "mean": 0.0704762488604}, "average_loudness": 0.975812494755, "spectral_rolloff": {"dmean2": 10223.6767578, "median": 21102.5390625, "min": 64.599609375, "dvar2": 137148224, "dvar": 66000260, "dmean": 5351.19580078, "max": 22006.9335938, "var": 75475600, "mean": 16078.4199219}, "spectral_centroid": {"dmean2": 360.100616455, "median": 1154.57104492, "min": 138.449188232, "dvar2": 134186.46875, "dvar": 59060.5390625, "dmean": 225.626708984, "max": 11721.1660156, "var": 404329.40625, "mean": 1181.92419434}, "pitch_salience": {"dmean2": 0.144089922309, "median": 0.539783656597, "min": 0.127972498536, "dvar2": 0.0163672268391, "dvar": 0.00616049766541, "dmean": 0.0880744084716, "max": 0.996096551418, "var": 0.0127005139366, "mean": 0.527348220348}, "spectral_energyband_middle_high": {"dmean2": 0.00502599030733, "median": 0.00747416494414, "min": 1.3548892287e-21, "dvar2": 3.50392292603e-05, "dvar": 1.42711905937e-05, "dmean": 0.00314812385477, "max": 0.0651672556996, "var": 4.14224123233e-05, "mean": 0.00857744272798}, "spectral_contrast_coeffs": {"dmean2": [0.0931737199426, 0.0934056118131, 0.0673419311643, 0.049848549068, 0.0414734110236, 0.0716587975621], "median": [-0.703575015068, -0.776465594769, -0.802520692348, -0.807916998863, -0.797638118267, -0.729606509209], "min": [-0.975873053074, -0.996404111385, -0.998854935169, -0.987289309502, -0.988002538681, -0.963031828403], "dvar2": [0.00551135931164, 0.00553680211306, 0.00264428881928, 0.00157119042706, 0.00124334567226, 0.00396282598376], "dvar": [0.00199131481349, 0.00203302223235, 0.000926063279621, 0.000564519490581, 0.000478952046251, 0.00155254604761], "dmean": [0.0567934438586, 0.0556853637099, 0.0393521673977, 0.0293953176588, 0.0248569175601, 0.0453861840069], "max": [-0.415852934122, -0.438753843307, -0.565425693989, -0.608271598816, -0.67860776186, -0.476371794939], "var": [0.00482323020697, 0.0044546299614, 0.00190769799519, 0.00118611683138, 0.00179986667354, 0.0080890012905], "mean": [-0.69866257906, -0.766173005104, -0.799603223801, -0.807496011257, -0.80397439003, -0.73460406065]}, "melbands_skewness": {"dmean2": 1.53634130955, "median": 2.4221227169, "min": -0.595264196396, "dvar2": 2.13111639023, "dvar": 0.834366083145, "dmean": 0.951926290989, "max": 11.7265672684, "var": 2.38348650932, "mean": 2.76234149933}, "spectral_spread": {"dmean2": 749617.25, "median": 3584597.5, "min": 1353814.25, "dvar2": 1144612847620.0, "dvar": 500803141632, "dmean": 462396.8125, "max": 41647328, "var": 2583892852740.0, "mean": 3653044.25}, "dissonance": {"dmean2": 0.0282842367887, "median": 0.483358889818, "min": 0.11788251996, "dvar2": 0.000999876763672, "dvar": 0.000369188725017, "dmean": 0.0164420157671, "max": 0.500000059605, "var": 0.000606782792602, "mean": 0.476449370384}, "spectral_skewness": {"dmean2": 0.701267719269, "median": 3.05949902534, "min": -0.0400726012886, "dvar2": 0.962993919849, "dvar": 0.36582839489, "dmean": 0.45119035244, "max": 9.11490345001, "var": 1.02616298199, "mean": 3.33328080177}, "spectral_flux": {"dmean2": 0.0626779273152, "median": 0.141882419586, "min": 6.68899102774e-11, "dvar2": 0.00372479716316, "dvar": 0.0016636645887, "dmean": 0.0383024439216, "max": 0.439288526773, "var": 0.00344989122823, "mean": 0.151555582881}, "spectral_contrast_valleys": {"dmean2": [0.629487931728, 0.604966580868, 0.516146183014, 0.483958333731, 0.511988818645, 1.06396615505], "median": [-6.3950176239, -6.11512613297, -6.15577507019, -6.62743234634, -7.01374578476, -10.9584703445], "min": [-27.7870235443, -27.4372138977, -27.1976032257, -27.5351009369, -27.3851566315, -27.268951416], "dvar2": [0.267424166203, 0.252550780773, 0.182349085808, 0.20819875598, 0.389520168304, 0.782257854939], "dvar": [0.129289463162, 0.116741701961, 0.0982615351677, 0.109723195434, 0.174657583237, 0.313407540321], "dmean": [0.384639799595, 0.367658048868, 0.31587177515, 0.301239818335, 0.320096313953, 0.659869372845], "max": [-4.9901008606, -4.66950321198, -4.88629770279, -5.50144004822, -5.7470908165, -8.96386241913], "var": [0.989709615707, 1.15162432194, 1.20957064629, 1.32573342323, 1.57873439789, 1.05525565147], "mean": [-6.45051002502, -6.23915719986, -6.31712245941, -6.86960840225, -7.37547826767, -11.0377588272]}, "erbbands_flatness_db": {"dmean2": 0.033674094826, "median": 0.143926799297, "min": 0.0573728904128, "dvar2": 0.00101229047868, "dvar": 0.000384477170883, "dmean": 0.0212092883885, "max": 0.299663841724, "var": 0.00106575968675, "mean": 0.14797706902}, "spectral_energyband_high": {"dmean2": 0.000639162550215, "median": 0.00132343079895, "min": 7.30109190524e-21, "dvar2": 5.97856910645e-07, "dvar": 2.45029667667e-07, "dmean": 0.000409533211496, "max": 0.00817074626684, "var": 1.37785752941e-06, "mean": 0.00146692432463}, "spectral_entropy": {"dmean2": 0.252179652452, "median": 7.62604570389, "min": 5.38917016983, "dvar2": 0.102910064161, "dvar": 0.0403225943446, "dmean": 0.159414038062, "max": 9.81381797791, "var": 0.173577308655, "mean": 7.50252056122}, "silence_rate_20dB": {"dmean2": 0, "median": 1, "min": 1, "dvar2": 0, "dvar": 0, "dmean": 0, "max": 1, "var": 0, "mean": 1}, "melbands_flatness_db": {"dmean2": 0.0635715425014, "median": 0.245051085949, "min": 5.39293012025e-07, "dvar2": 0.00319303874858, "dvar": 0.0012500602752, "dmean": 0.0394800528884, "max": 0.612846672535, "var": 0.00735593400896, "mean": 0.264916598797}, "barkbands": {"dmean2": [0.0111513920128, 0.0226396843791, 0.0108027132228, 0.00252595893107, 0.00302378996275, 0.00466896733269, 0.00172538647894, 0.000967263476923, 0.00222638505511, 0.00163104245439, 0.00124237302225, 0.00201890734024, 0.00114954030141, 0.000646086526103, 0.000790328485891, 0.000548361393157, 0.000440353207523, 0.000337943492923, 0.000236174222664, 0.000186620920431, 8.70495059644e-05, 4.09643762396e-05, 1.86421966646e-05, 6.92436287864e-06, 5.04964236825e-06, 1.27163966681e-05, 0.000852105382364], "median": [0.00290784076788, 0.0135689778253, 0.00444953097031, 0.00127407128457, 0.00106929277536, 0.00142804929055, 0.000720863230526, 0.000473516614875, 0.00151231489144, 0.000865536334459, 0.000726571946871, 0.00125301035587, 0.000613677198999, 0.000424614292569, 0.000757124857046, 0.000472903600894, 0.000329365633661, 0.000308415328618, 0.000214528394281, 0.000125466889585, 7.33618217055e-05, 3.11453004542e-05, 1.25705901155e-05, 2.71871658697e-06, 1.4365689367e-06, 8.26064751891e-06, 0.001992453821], "min": [2.21022062349e-24, 4.97145782826e-24, 6.90408303236e-24, 8.42493980445e-24, 1.07560513895e-24, 3.05124866371e-23, 2.00856450472e-23, 2.75428418475e-23, 5.11483274558e-23, 2.56808966084e-23, 2.29223825514e-23, 4.15118361404e-23, 6.23697791692e-23, 4.3044804294e-23, 8.77488607507e-23, 1.12168700093e-22, 1.3951937858e-22, 1.78984625542e-22, 1.91657177424e-22, 2.8994949865e-22, 3.91361493388e-22, 4.47942737453e-22, 4.4265532466e-22, 7.27643329979e-22, 1.01986300623e-21, 1.40413353623e-21, 2.0853913906e-21], "dvar2": [0.000466424302431, 0.000848088529892, 0.000364394625649, 1.21914918054e-05, 4.69932892884e-05, 0.000111206376459, 1.01315572465e-05, 2.4415965072e-06, 1.01945524875e-05, 1.00518209365e-05, 3.08323865283e-06, 7.9852716226e-06, 2.77157073469e-06, 7.07665719801e-07, 1.14432702958e-06, 5.19093703133e-07, 3.81961285711e-07, 2.00073969836e-07, 9.2469917945e-08, 1.25936338691e-07, 3.23646780487e-08, 1.14718101685e-08, 2.66100141921e-09, 1.34650485206e-10, 4.99823168965e-11, 6.45548003941e-10, 7.77922593898e-07], "dvar": [0.000199564165086, 0.000318696635077, 0.000136436108733, 4.38882216258e-06, 1.68835176737e-05, 4.54411019746e-05, 3.72827093997e-06, 9.48519073063e-07, 3.8582252273e-06, 4.11694873037e-06, 1.19515539154e-06, 3.3076823911e-06, 1.05527180949e-06, 2.69587985713e-07, 4.4484605155e-07, 1.83937785891e-07, 1.40939292237e-07, 7.29230933416e-08, 3.38702363933e-08, 5.15783646904e-08, 1.37943523271e-08, 4.64235228037e-09, 1.11595244157e-09, 6.21372120424e-11, 2.04537324577e-11, 2.57659005243e-10, 3.11623779226e-07], "dmean": [0.00697770668194, 0.0136301573366, 0.006442646496, 0.00150915503036, 0.00175466202199, 0.00285342358984, 0.00102474039886, 0.000567473063711, 0.00131175981369, 0.000987189123407, 0.000739715993404, 0.00122947385535, 0.000688515778165, 0.000381224643206, 0.000469731341582, 0.00031659466913, 0.000255120801739, 0.000195252054255, 0.000137474096846, 0.000116892537335, 5.53530881007e-05, 2.63382535195e-05, 1.18409825518e-05, 4.21038976128e-06, 3.00137708109e-06, 7.8327002484e-06, 0.000542274094187], "max": [0.122696973383, 0.160343587399, 0.123659968376, 0.0379264578223, 0.0742949992418, 0.137486293912, 0.0296656899154, 0.0158706400543, 0.0572673268616, 0.0458005405962, 0.021027315408, 0.0267037302256, 0.0147837512195, 0.00807092245668, 0.0214357078075, 0.00572747085243, 0.00627426430583, 0.00297001842409, 0.00251161074266, 0.00425214646384, 0.00335966539569, 0.00211925618351, 0.00105211057235, 0.000298292696243, 6.36107288301e-05, 0.00053825811483, 0.00862823612988], "var": [0.000198522771825, 0.000343791762134, 0.000146325823152, 6.27257804808e-06, 1.34203355628e-05, 6.08442460361e-05, 4.82202631247e-06, 1.28711167235e-06, 5.2265040722e-06, 6.11822497376e-06, 2.02890237233e-06, 5.31925979885e-06, 1.42398289427e-06, 3.79299905262e-07, 7.51395646148e-07, 2.69911453188e-07, 1.90104870512e-07, 1.16685427543e-07, 7.68132721873e-08, 1.51288887196e-07, 2.63415813606e-08, 7.64232410688e-09, 1.95741733933e-09, 1.25750077018e-10, 2.26096606715e-11, 4.4819792322e-10, 1.91105436897e-06], "mean": [0.0076851779595, 0.0190896373242, 0.00861165672541, 0.00211048987694, 0.00206921505742, 0.00358511321247, 0.00140163779724, 0.000801434507594, 0.00209502899088, 0.00151140918024, 0.00112621334847, 0.0018954972038, 0.000989678665064, 0.000592114345636, 0.000897688034456, 0.000576048507355, 0.000431974680396, 0.000370350142475, 0.00027736343327, 0.000247931980994, 0.000115475042548, 5.37027299288e-05, 2.34914223256e-05, 5.68558061786e-06, 3.11604480885e-06, 1.45671865539e-05, 0.00199798704125]}, "erbbands_skewness": {"dmean2": 0.529564499855, "median": -0.113812640309, "min": -1.93580114841, "dvar2": 0.210660740733, "dvar": 0.080291941762, "dmean": 0.32602545619, "max": 3.76337194443, "var": 0.302477508783, "mean": -0.0574950128794}, "erbbands_spread": {"dmean2": 9.43626308441, "median": 27.1040859222, "min": 5.44840240479, "dvar2": 67.7771377563, "dvar": 27.2745037079, "dmean": 5.88843393326, "max": 91.4841842651, "var": 93.3869476318, "mean": 28.1191482544}, "melbands_kurtosis": {"dmean2": 12.8502321243, "median": 6.3516163826, "min": -1.51469111443, "dvar2": 338.52835083, "dvar": 132.327697754, "dmean": 7.8736615181, "max": 197.005935669, "var": 326.286071777, "mean": 12.7562475204}, "melbands": {"dmean2": [0.00810098554939, 0.00552118662745, 0.00152880477253, 0.000565428985283, 0.00068069860572, 0.000981453922577, 0.000495096901432, 0.000166381621966, 0.000216825676034, 0.000335993390763, 0.000273239362286, 0.000189145051991, 0.000178685266292, 0.000236738706008, 0.000180987306521, 9.18759105843e-05, 6.36665718048e-05, 5.42489906366e-05, 6.45807522233e-05, 4.61104500573e-05, 3.05704779748e-05, 2.69530937658e-05, 2.23832048505e-05, 1.57738941198e-05, 1.22204091895e-05, 9.42162023421e-06, 6.00315524935e-06, 7.78174671723e-06, 3.56805685442e-06, 2.20614265345e-06, 1.38789960147e-06, 1.01947159692e-06, 7.36758238418e-07, 4.5556510031e-07, 3.39697209029e-07, 2.09252505101e-07, 1.09980483387e-07, 6.0929664869e-08, 5.13438109806e-08, 4.59758240368e-08], "median": [0.00423706462607, 0.00327561236918, 0.000963067810517, 0.000246186333243, 0.000171336432686, 0.000297074322589, 0.00018403348804, 9.74813374341e-05, 0.000125109450892, 0.000218968780246, 0.000172011030372, 0.000105693143269, 0.000116138304293, 0.000151670494233, 9.33684641495e-05, 4.98097069794e-05, 3.82353791792e-05, 4.28379098594e-05, 5.93798213231e-05, 4.2976680561e-05, 2.23328024731e-05, 1.92418119696e-05, 1.82821240742e-05, 1.27799348775e-05, 9.21374885365e-06, 7.91884485807e-06, 4.83902022097e-06, 3.74672686121e-06, 2.29868123824e-06, 1.59700744007e-06, 9.89189402389e-07, 6.7665791903e-07, 4.44717301207e-07, 2.8261175089e-07, 2.00787923177e-07, 1.13439298843e-07, 3.91869257044e-08, 1.56454458278e-08, 1.35611983865e-08, 1.26644703613e-08], "min": [3.24142847348e-24, 4.18999131073e-24, 5.29585715401e-24, 2.99609297847e-25, 3.06806090677e-24, 6.43944040931e-24, 3.61665233241e-24, 5.22216058495e-24, 4.6532534272e-24, 6.8229620989e-24, 7.93146392089e-24, 3.26802590497e-24, 2.97674670711e-24, 4.17016881391e-24, 4.70708174549e-24, 6.91393038304e-24, 5.54668376186e-24, 7.60163565439e-24, 3.59071182484e-24, 4.78459442918e-24, 5.08408152754e-24, 7.05374099014e-24, 6.11198188097e-24, 1.01729585405e-23, 5.48914858617e-24, 5.40865045839e-24, 6.40656187008