{"metadata": {"tags": {"album": ["GodskitchenTrance Anthems"], "albumartist": ["Various Artists"], "musicbrainz_recordingid": ["1563a398-b640-4729-8025-e7567fb9802a"], "artist": ["Various Artists"], "date": ["2008"], "tracknumber": ["11"], "title": ["False Light"], "file_name": "95855.mp3"}, "audio_properties": {"sample_rate": 44100, "downmix": "mix", "lossless": false, "analysis_sample_rate": 44100, "md5_encoded": "f02e3284a2de35a578e1d12460dd2de1", "equal_loudness": 0, "replay_gain": -12.33177948, "codec": "mp3", "bit_rate": 320000, "length": 250.070205688}, "version": {"extractor": "music 1.0", "essentia_build_sha": "70f2e5ece6736b2c40cc944ad0e695b16b925413", "essentia_git_sha": "v2.1_beta2", "essentia": "2.1-beta2"}}, "rhythm": {"beats_loudness_band_ratio": {"dvar2": [0.0462720319629, 0.0115395542234, 0.00994266662747, 0.00960417371243, 0.0123482756317, 0.0245074518025], "var": [0.0422836728394, 0.00615949742496, 0.00635930011049, 0.00445282412693, 0.00318039883859, 0.0108755631372], "min": [0.00783124193549, 0.00295143434778, 0.00163922517095, 0.00423628324643, 0.00188484031241, 5.20842295373e-05], "dmean": [0.137534484267, 0.0652151331306, 0.0570568814874, 0.0472181737423, 0.0383305102587, 0.0694048479199], "mean": [0.557126045227, 0.103051871061, 0.107680827379, 0.0759979188442, 0.0526812113822, 0.133003458381], "max": [0.978780865669, 0.60058426857, 0.554918348789, 0.594650387764, 0.669380426407, 0.700007855892], "dmean2": [0.243868038058, 0.117142960429, 0.101670950651, 0.0846369117498, 0.0709435492754, 0.125214874744], "median": [0.567645668983, 0.0823336169124, 0.0836453139782, 0.0549593009055, 0.0402208380401, 0.122071839869], "dvar": [0.0153773473576, 0.00381508283317, 0.00343051552773, 0.00325558381155, 0.00418648635969, 0.00778934312984]}, "bpm_histogram_first_peak_weight": {"dvar2": 0, "var": 0, "min": 0.482456147671, "dmean": 0, "mean": 0.482456147671, "max": 0.482456147671, "dmean2": 0, "median": 0.482456147671, "dvar": 0}, "bpm": 138.206710815, "beats_count": 571, "bpm_histogram_first_peak_spread": {"dvar2": 0, "var": 0, "min": 0.448897778988, "dmean": 0, "mean": 0.448897778988, "max": 0.448897778988, "dmean2": 0, "median": 0.448897778988, "dvar": 0}, "danceability": 1.23328661919, "bpm_histogram_first_peak_bpm": {"dvar2": 0, "var": 0, "min": 140, "dmean": 0, "mean": 140, "max": 140, "dmean2": 0, "median": 140, "dvar": 0}, "beats_position": [0.46439909935, 0.940408170223, 1.42802715302, 1.88081634045, 2.32199549675, 2.76317453384, 3.20435357094, 3.63392281532, 4.06349182129, 4.5046710968, 4.94585037231, 5.38702917099, 5.8282084465, 6.25777769089, 6.68734693527, 7.12852573395, 7.56970500946, 8.0224943161, 8.48689365387, 8.96290206909, 9.42730140686, 9.89170074463, 10.3677091599, 10.8204984665, 11.261677742, 11.7028570175, 12.144036293, 12.5852155685, 13.0263938904, 13.4559631348, 13.8855323792, 14.3267116547, 14.7678909302, 15.1974601746, 15.6270294189, 16.0682086945, 16.50938797, 16.9389572144, 17.3685264587, 17.8097057343, 18.2508831024, 18.6804523468, 19.1100215912, 19.5512008667, 19.9923801422, 20.4335594177, 20.851518631, 21.2926979065, 21.733877182, 22.1750564575, 22.6046257019, 23.0341949463, 23.4753742218, 23.9165534973, 24.369342804, 24.8337402344, 25.3097496033, 25.7857589722, 26.2733783722, 26.7261676788, 27.1673469543, 27.6085262299, 28.0380954742, 28.4676647186, 28.9088420868, 29.3384113312, 29.7679805756, 30.2091598511, 30.6503391266, 31.079908371, 31.5094776154, 31.9506568909, 32.3802261353, 32.8097953796, 33.2509727478, 33.6805419922, 34.1101112366, 34.5512924194, 34.9808616638, 35.4104309082, 35.8516082764, 36.2927894592, 36.7223587036, 37.151927948, 37.5931053162, 38.0226745605, 38.4522438049, 38.8934249878, 39.3229942322, 39.7525634766, 40.1937408447, 40.6349182129, 41.0644874573, 41.4940567017, 41.9352378845, 42.3648071289, 42.7943763733, 43.2355537415, 43.6651229858, 44.0946922302, 44.5358734131, 44.9770507812, 45.4066200256, 45.83618927, 46.2773704529, 46.7069396973, 47.1365089417, 47.5776863098, 48.0072555542, 48.4368247986, 48.8780021667, 49.3191833496, 49.748752594, 50.1783218384, 50.6194992065, 51.0490684509, 51.4786376953, 51.9198188782, 52.3493881226, 52.7789573669, 53.2201347351, 53.661315918, 54.0908851624, 54.5204544067, 54.9616317749, 55.3912010193, 55.8207702637, 56.2619476318, 56.6915168762, 57.1210861206, 57.5622673035, 58.0034446716, 58.433013916, 58.8625831604, 59.3037643433, 59.7217216492, 60.162902832, 60.6040802002, 61.0336494446, 61.463218689, 61.9043960571, 62.3339653015, 62.7635345459, 63.2047157288, 63.6342849731, 64.0638504028, 64.5050354004, 64.9462127686, 65.3757781982, 65.8053512573, 66.2465286255, 66.6761016846, 67.1056671143, 67.5468444824, 67.98802948, 68.4059829712, 68.8471679688, 69.2883453369, 69.7179107666, 70.1474838257, 70.5886611938, 71.0182266235, 71.4477996826, 71.8889770508, 72.3185501099, 72.7481155396, 73.1892929077, 73.6304779053, 74.060043335, 74.489616394, 74.9307937622, 75.3603591919, 75.789932251, 76.2311096191, 76.6606826782, 77.0902481079, 77.5314254761, 77.9726028442, 78.4021759033, 78.831741333, 79.2729263306, 79.7024917603, 80.1320648193, 80.5732421875, 81.0260314941, 81.4672088623, 81.9316101074, 82.3960113525, 82.8604049683, 83.3364181519, 83.8124237061, 84.3000411987, 84.7412261963, 85.1824035645, 85.6235809326, 86.0647583008, 86.5059356689, 86.9471206665, 87.3882980347, 87.8294754028, 88.270652771, 88.7118377686, 89.1530151367, 89.5709762573, 90.000541687, 90.4185028076, 90.8364639282, 91.2544174194, 91.67237854, 92.0903396606, 92.5083007812, 92.9262542725, 93.3442153931, 93.7273483276, 94.1220855713, 94.5052108765, 94.8999557495, 95.2714691162, 95.6429901123, 96.0145111084, 96.3976364136, 96.7691574097, 97.1406784058, 97.5005874634, 97.8721084595, 98.2552337646, 98.6383666992, 99.0331039429, 99.5671615601, 100.07800293, 100.600448608, 101.134513855, 101.656959534, 102.191017151, 102.725074768, 103.259140015, 103.793197632, 104.315643311, 104.849700928, 105.383758545, 105.836547852, 106.289337158, 106.742126465, 107.194915771, 107.647705078, 108.100494385, 108.553283691, 108.994468689, 109.435646057, 109.865211487, 110.294784546, 110.724349976, 111.165527344, 111.595100403, 112.036277771, 112.46585083, 112.89541626, 113.336593628, 113.777778625, 114.207344055, 114.636917114, 115.066482544, 115.496055603, 115.937232971, 116.366798401, 116.79637146, 117.22593689, 117.655509949, 118.096687317, 118.537864685, 118.979042053, 119.420227051, 119.84979248, 120.27936554, 120.708930969, 121.138504028, 121.579681396, 122.020858765, 122.462036133, 122.891609192, 123.321174622, 123.750747681, 124.18031311, 124.609886169, 125.051063538, 125.480628967, 125.921813965, 126.351379395, 126.780952454, 127.222129822, 127.66330719, 128.092880249, 128.522445679, 128.963623047, 129.393188477, 129.834381104, 130.263946533, 130.705123901, 131.134689331, 131.564254761, 132.005432129, 132.446624756, 132.899414062, 133.363800049, 133.816589355, 134.269378662, 134.722167969, 135.174957275, 135.627746582, 136.080535889, 136.533325195, 136.974502563, 137.41569519, 137.856872559, 138.286437988, 138.716003418, 139.157180786, 139.598358154, 140.027938843, 140.457504272, 140.898681641, 141.32824707, 141.757827759, 142.199005127, 142.628570557, 143.058135986, 143.499313354, 143.928878784, 144.358459473, 144.799636841, 145.229202271, 145.6587677, 146.099945068, 146.541137695, 146.970703125, 147.400268555, 147.841445923, 148.271011353, 148.700592041, 149.141769409, 149.571334839, 150.000900269, 150.442077637, 150.871658325, 151.301223755, 151.742401123, 152.171966553, 152.601531982, 153.042724609, 153.472290039, 153.901855469, 154.343032837, 154.772598267, 155.202178955, 155.643356323, 156.072921753, 156.502487183, 156.943664551, 157.373245239, 157.802810669, 158.243988037, 158.685165405, 159.114730835, 159.544311523, 159.985488892, 160.415054321, 160.844619751, 161.285797119, 161.715377808, 162.144943237, 162.586120605, 163.027297974, 163.456863403, 163.886444092, 164.32762146, 164.75718689, 165.186752319, 165.627929688, 166.057495117, 166.487075806, 166.928253174, 167.357818604, 167.787384033, 168.228561401, 168.65814209, 169.08770752, 169.528884888, 169.958450317, 170.388031006, 170.829208374, 171.258773804, 171.688339233, 172.129516602, 172.57069397, 173.000274658, 173.429840088, 173.871017456, 174.300582886, 174.730148315, 175.171340942, 175.600906372, 176.030471802, 176.47164917, 176.9012146, 177.330795288, 177.771972656, 178.201538086, 178.631103516, 179.072280884, 179.501861572, 179.931427002, 180.37260437, 180.8021698, 181.231735229, 181.672927856, 182.102493286, 182.532058716, 182.973236084, 183.414413452, 183.843994141, 184.27355957, 184.714736938, 185.144302368, 185.573867798, 186.015060425, 186.444625854, 186.874191284, 187.315368652, 187.744934082, 188.174514771, 188.615692139, 189.045257568, 189.474822998, 189.916000366, 190.345581055, 190.775146484, 191.216323853, 191.645889282, 192.075454712, 192.516647339, 192.946212769, 193.375778198, 193.816955566, 194.246520996, 194.676101685, 195.117279053, 195.546844482, 195.976409912, 196.41758728, 196.858764648, 197.288345337, 197.717910767, 198.159088135, 198.588653564, 199.018234253, 199.459411621, 199.888977051, 200.31854248, 200.759719849, 201.189300537, 201.618865967, 202.060043335, 202.489608765, 202.919174194, 203.360351562, 203.789932251, 204.219497681, 204.660675049, 205.090240479, 205.519821167, 205.960998535, 206.402175903, 206.831741333, 207.261306763, 207.702484131, 208.132064819, 208.561630249, 209.002807617, 209.432373047, 209.861953735, 210.303131104, 210.732696533, 211.162261963, 211.603439331, 212.033004761, 212.462585449, 212.903762817, 213.333328247, 213.762893677, 214.204071045, 214.633651733, 215.063217163, 215.504394531, 215.933959961, 216.363540649, 216.804718018, 217.234283447, 217.663848877, 218.105026245, 218.534591675, 218.964172363, 219.405349731, 219.834915161, 220.264480591, 220.705657959, 221.135238647, 221.564804077, 222.005981445, 222.435546875, 222.865127563, 223.306304932, 223.7474823, 224.177047729, 224.606613159, 225.047790527, 225.477371216, 225.906936646, 226.348114014, 226.777679443, 227.207244873, 227.6484375, 228.07800293, 228.507568359, 228.948745728, 229.378311157, 229.807891846, 230.249069214, 230.678634644, 231.108200073, 231.549377441, 231.97895813, 232.40852356, 232.849700928, 233.279266357, 233.708831787, 234.150024414, 234.579589844, 235.009155273, 235.450332642, 235.879898071, 236.30947876, 236.750656128, 237.180221558, 237.609786987, 238.050964355, 238.480545044, 238.910110474, 239.351287842, 239.79246521, 240.233642578, 240.686431885, 241.162445068, 241.626846313, 242.102859497, 242.578857422, 243.02003479, 243.461227417, 243.902404785, 244.331970215, 244.761535645, 245.202713013, 245.632278442, 246.061859131, 246.503036499, 246.932601929, 247.362167358, 247.803344727, 248.232925415, 248.662490845, 249.103668213, 249.544845581], "beats_loudness": {"dvar2": 0.000553907942958, "var": 0.00152977497783, "min": 0.000928137742449, "dmean": 0.0154662486166, "mean": 0.0511687658727, "max": 0.263362199068, "dmean2": 0.0284783300012, "median": 0.047698456794, "dvar": 0.000198627385544}, "bpm_histogram_second_peak_weight": {"dvar2": 0, "var": 0, "min": 0.0385964922607, "dmean": 0, "mean": 0.0385964922607, "max": 0.0385964922607, "dmean2": 0, "median": 0.0385964922607, "dvar": 0}, "bpm_histogram_second_peak_spread": {"dvar2": 0, "var": 0, "min": 0.290322601795, "dmean": 0, "mean": 0.290322601795, "max": 0.290322601795, "dmean2": 0, "median": 0.290322601795, "dvar": 0}, "bpm_histogram_second_peak_bpm": {"dvar2": 0, "var": 0, "min": 133, "dmean": 0, "mean": 133, "max": 133, "dmean2": 0, "median": 133, "dvar": 0}, "onset_rate": 4.57834243774}, "lowlevel": {"spectral_energyband_high": {"dvar2": 1.27569892356e-05, "var": 1.07116211439e-05, "min": 7.73307001648e-21, "dmean": 0.00150380167179, "mean": 0.00262134405784, "max": 0.024556171149, "dmean2": 0.00222795084119, "median": 0.00146289856639, "dvar": 5.85182624491e-06}, "spectral_energyband_middle_low": {"dvar2": 0.000576061022002, "var": 0.000194114167243, "min": 3.05787351759e-22, "dmean": 0.00667152600363, "mean": 0.0106209591031, "max": 0.126299187541, "dmean2": 0.0109659405425, "median": 0.00675847986713, "dvar": 0.000221550231799}, "spectral_energy": {"dvar2": 0.000846000271849, "var": 0.00235168403015, "min": 1.03647976419e-20, "dmean": 0.0158050619066, "mean": 0.0568083971739, "max": 0.279753446579, "dmean2": 0.0237677544355, "median": 0.04645954445, "dvar": 0.000407378713135}, "spectral_spread": {"dvar2": 1207861510140.0, "var": 4215078649860.0, "min": 965570.6875, "dmean": 647447.0625, "mean": 6344086.5, "max": 40913916, "dmean2": 953825.875, "median": 6515100, "dvar": 676767137792}, "spectral_energyband_low": {"dvar2": 0.000939880905207, "var": 0.00224434840493, "min": 3.99103601504e-23, "dmean": 0.0152944652364, "mean": 0.0416914671659, "max": 0.275802701712, "dmean2": 0.0222841631621, "median": 0.0254185013473, "dvar": 0.000468215177534}, "spectral_rolloff": {"dvar2": 4427154.5, "var": 4477514.5, "min": 64.599609375, "dmean": 901.174865723, "mean": 1593.34020996, "max": 18927.6855469, "dmean2": 1416.60205078, "median": 796.728515625, "dvar": 2168390}, "barkbands": {"dvar2": [1.04889170416e-06, 0.00112076627556, 0.000733455293812, 0.000316644029226, 0.00021560274763, 1.82976828e-06, 1.3172564195e-06, 2.80614108306e-06, 9.0012849796e-07, 9.18130297123e-07, 7.56638428356e-07, 1.432172553e-06, 6.17102045908e-07, 6.61083163322e-07, 2.33832963659e-07, 2.76732492921e-07, 3.76104793531e-07, 2.84173495402e-07, 3.42739582493e-07, 2.55866297039e-07, 4.52628825087e-07, 2.11515228443e-07, 2.54505238217e-07, 1.2834309473e-06, 6.14847749603e-07, 2.01144601419e-07, 1.87166060428e-09], "var": [1.85475391845e-06, 0.00185299071018, 0.000248405500315, 7.65218137531e-05, 4.67678801215e-05, 1.6456405092e-06, 9.34700096877e-07, 1.88343301488e-06, 6.10887695984e-07, 4.34700638152e-07, 2.82498035631e-07, 7.82445397363e-07, 3.59689806828e-07, 2.3189551257e-07, 9.24254663914e-08, 1.07311365127e-07, 1.4972108886e-07, 1.37198611583e-07, 1.54099183192e-07, 1.65501674587e-07, 2.17017486648e-07, 2.10617912444e-07, 2.94480543062e-07, 8.23535742711e-07, 4.73672457701e-07, 1.00606108333e-07, 1.07164044305e-09], "min": [1.93515799981e-23, 2.21179668869e-23, 3.34949235952e-24, 1.47965882686e-23, 1.18526552958e-22, 4.08025050362e-23, 3.40087055473e-23, 3.95173906682e-23, 2.64282287201e-23, 6.9931168718e-23, 1.07572013909e-22, 1.00357723159e-22, 6.44275827939e-23, 8.56921047333e-23, 1.69053889109e-22, 6.25442120926e-23, 2.41166138323e-22, 1.43848218087e-22, 2.08740029747e-22, 3.59799408384e-22, 6.21447405033e-22, 5.26610622738e-22, 4.92043873831e-22, 5.75291191334e-22, 1.21487426876e-21, 1.71632848327e-21, 2.61570948288e-21], "dmean": [0.000446115038358, 0.0149956550449, 0.00680803740397, 0.00364377046935, 0.0030884349253, 0.000660773017444, 0.000540518609341, 0.000530953460839, 0.000447975617135, 0.000378022406949, 0.000336069148034, 0.000450012565125, 0.000348206725903, 0.000268456933554, 0.000187460973393, 0.000182197458344, 0.000197383094928, 0.000214394371142, 0.000208322540857, 0.000214320170926, 0.000234617269598, 0.000204203170142, 0.000236459338339, 0.000386228522984, 0.000289730989607, 0.000146232137922, 1.35240215968e-05], "mean": [0.00092106370721, 0.0310828778893, 0.00774666806683, 0.00373389548622, 0.00298626162112, 0.00122017832473, 0.000948098604567, 0.000801673100796, 0.000741421419661, 0.00054595596157, 0.000431209540693, 0.000636705954093, 0.000504500465468, 0.000345190259395, 0.00024635225418, 0.000244576483965, 0.000295045843814, 0.000298502855003, 0.000316576333717, 0.00034800809226, 0.000360707286745, 0.00035790912807, 0.000456925336039, 0.000586154463235, 0.00044953849283, 0.000184044372872, 1.83120500878e-05], "max": [0.0114158680663, 0.251612246037, 0.137225478888, 0.102256163955, 0.0914331376553, 0.0148553177714, 0.00881683081388, 0.0210445057601, 0.00856779422611, 0.00779177760705, 0.00506481667981, 0.0130137167871, 0.00762050319463, 0.0100807109848, 0.0042470083572, 0.00584073225036, 0.00754077453166, 0.00476148026064, 0.00594549579546, 0.00388455856591, 0.00484679825604, 0.00472533050925, 0.00328895449638, 0.00846017897129, 0.00508641637862, 0.00413500191644, 0.000336329161655], "dmean2": [0.000633704650681, 0.0216605067253, 0.0113177699968, 0.00636377651244, 0.00561927491799, 0.00107066158671, 0.000889651477337, 0.000869459996466, 0.000726174970623, 0.0006209051935, 0.000577116501518, 0.000758507172577, 0.000579413608648, 0.00045458812383, 0.00031316690729, 0.000295601348625, 0.00032777315937, 0.000337991310516, 0.000332217605319, 0.000343435298419, 0.000381419784389, 0.000309239665512, 0.000368584238458, 0.000586210808251, 0.000424570433097, 0.000227791169891, 2.12964841921e-05], "median": [0.000261312408838, 0.0124646993354, 0.00176278804429, 0.00106576678809, 0.00124122342095, 0.000849198666401, 0.000632996321656, 0.000422840326792, 0.000490643549711, 0.000350434333086, 0.000256635947153, 0.000365075393347, 0.000307755602989, 0.000195821703528, 0.000147482962348, 0.000143014913192, 0.000178614383913, 0.000171727791894, 0.000189242506167, 0.000203308954951, 0.000203025600058, 0.000170817642356, 0.000271760887699, 0.000270735356025, 0.000190656923223, 6.67359563522e-05, 4.89372587253e-06], "dvar": [5.59475836326e-07, 0.000583746412303, 0.000282388646156, 0.000111841538455, 7.53977001295e-05, 7.24211076886e-07, 4.93124389322e-07, 1.05464710032e-06, 3.49467057958e-07, 3.53946205678e-07, 2.7628422572e-07, 5.37336006801e-07, 2.3881193556e-07, 2.43220284801e-07, 8.95442084925e-08, 1.07340028421e-07, 1.40564225148e-07, 1.16149891483e-07, 1.33164064664e-07, 1.03041301713e-07, 1.66538626445e-07, 9.62007220551e-08, 1.23138448771e-07, 5.70872828121e-07, 2.92053073281e-07, 8.44296366154e-08, 7.72374053604e-10]}, "melbands_skewness": {"dvar2": 5.95616292953, "var": 12.2074260712, "min": -1.26621079445, "dmean": 1.37482583523, "mean": 5.03706693649, "max": 19.6873455048, "dmean2": 2.02311444283, "median": 3.81202793121, "dvar": 2.64814352989}, "barkbands_skewness": {"dvar2": 2.81485271454, "var": 5.12026548386, "min": -2.46144866943, "dmean": 0.931815624237, "mean": 2.62448310852, "max": 25.9661121368, "dmean2": 1.35048723221, "median": 1.86582803726, "dvar": 1.32733559608}, "erbbands": {"dvar2": [0.94316059351, 66.6671447754, 568.364868164, 1738.07543945, 3080.75268555, 1863.88024902, 269.729766846, 139.815185547, 313.801544189, 461.749053955, 1290.20239258, 476.789520264, 1224.71557617, 523.183227539, 1181.52941895, 2472.29272461, 1256.81762695, 1138.42663574, 1520.68652344, 509.015045166, 852.430847168, 1084.62194824, 858.922119141, 922.512756348, 779.464477539, 550.363525391, 511.718414307, 851.755493164, 279.642456055, 272.616821289, 259.645568848, 446.626556396, 340.081054688, 82.9713821411, 37.3874130249, 4.93706417084, 0.707734525204, 0.012784678489, 7.83576979302e-05, 7.30268752136e-08], "var": [2.2716178894, 85.7265701294, 280.096466064, 509.351043701, 732.592407227, 398.04864502, 109.827102661, 131.348953247, 202.868515015, 294.287719727, 950.995178223, 318.068572998, 488.122375488, 312.101257324, 517.377197266, 1305.76928711, 751.132202148, 506.708953857, 485.979705811, 230.980194092, 340.331970215, 452.433197021, 412.731140137, 453.532775879, 333.861206055, 369.007049561, 354.835266113, 348.468200684, 275.433197021, 259.590820312, 262.01675415, 318.424377441, 216.086242676, 68.116394043, 23.1355781555, 3.13657808304, 0.292263180017, 0.00550743099302, 4.40529329353e-05, 4.65383358517e-08], "min": [1.14816283899e-21, 3.2973971844e-21, 3.74583772464e-21, 2.89670960321e-20, 2.26583252095e-19, 4.90626050314e-19, 2.16275211645e-19, 3.34801430479e-19, 5.04702027701e-19, 7.62283588909e-19, 6.34828498199e-19, 5.94775844253e-19, 1.7939512622e-18, 2.32113910918e-18, 4.70754070073e-18, 4.74919751638e-18, 3.25182421139e-18, 3.19294652937e-18, 7.12823306458e-18, 8.57357732942e-18, 4.79642084396e-18, 1.24302076738e-17, 7.82043930786e-18, 9.5475485863e-18, 1.22642586993e-17, 1.70199574417e-17, 2.30775400338e-17, 2.52643822346e-17, 1.56144005643e-17, 1.99444975108e-17, 1.19990199271e-17, 1.0839892562e-17, 1.18264013954e-17, 1.15017263875e-17, 8.95817330087e-18, 6.41258328197e-18, 3.40470952247e-18, 1.41263371771e-18, 3.73636319467e-19, 3.62184843992e-20], "dmean": [0.454328119755, 3.49898672104, 7.16833734512, 9.62141132355, 11.7895278931, 9.48026275635, 5.69387674332, 5.6058883667, 8.08652973175, 7.39216804504, 12.6373262405, 10.0662622452, 13.4519720078, 10.5412607193, 13.4833059311, 18.5515880585, 15.6426620483, 12.6890983582, 12.4540128708, 9.04958343506, 10.134601593, 11.0801811218, 11.1192369461, 11.3661327362, 9.9202003479, 10.0699625015, 9.47782802582, 9.44005870819, 7.60164022446, 7.2888174057, 7.09961557388, 7.68030786514, 6.44260978699, 3.49508905411, 1.99725997448, 0.799915134907, 0.242172285914, 0.03304759413, 0.00272930134088, 9.55945943133e-05], "mean": [0.96019333601, 6.57521772385, 10.4418640137, 10.6743078232, 11.5424222946, 9.41065883636, 8.3328332901, 10.6620559692, 13.6346321106, 13.2167596817, 19.8414382935, 17.1392803192, 18.2265853882, 16.8413658142, 19.4204940796, 26.3027248383, 23.5675067902, 18.1597671509, 15.383184433, 12.9482393265, 14.2288551331, 16.8361530304, 16.3385810852, 16.4522342682, 15.2112236023, 16.4422893524, 15.4176273346, 13.9863367081, 13.1281900406, 13.8511075974, 12.506485939, 11.7567539215, 9.74918842316, 5.54211759567, 2.91434693336, 1.10565948486, 0.278614252806, 0.0394572019577, 0.00368496030569, 0.000177664420335], "max": [9.09396934509, 65.1043701172, 172.374603271, 227.760055542, 303.09979248, 269.316345215, 100.245750427, 141.323608398, 148.143661499, 309.548583984, 534.417236328, 202.362380981, 291.172607422, 208.183074951, 266.433074951, 556.83013916, 406.197509766, 411.32611084, 512.907714844, 176.954849243, 297.988372803, 364.823944092, 328.8878479, 292.794036865, 301.407073975, 186.527099609, 215.944595337, 199.243057251, 140.228759766, 117.308502197, 105.164596558, 166.673110962, 140.925064087, 63.4470252991, 40.1558914185, 23.0675430298, 5.30407810211, 0.811085820198, 0.0642911568284, 0.00182442343794], "dmean2": [0.587388396263, 5.20442485809, 11.2391080856, 16.088684082, 20.6994590759, 17.257642746, 9.634724617, 9.11601352692, 13.5436887741, 11.9413080215, 20.6491012573, 16.3739585876, 22.3464794159, 17.636516571, 22.997095108, 31.2130966187, 25.9875659943, 21.0441703796, 20.9110107422, 14.8435573578, 16.4255561829, 18.2696990967, 17.6355228424, 17.8420410156, 15.9157943726, 15.9996013641, 15.2337303162, 15.4954891205, 11.6214666367, 11.6100845337, 10.9531621933, 11.4875631332, 9.85376739502, 5.19411611557, 2.98620176315, 1.20610189438, 0.384814828634, 0.0530434288085, 0.00431731482968, 0.000149299870827], "median": [0.266665965319, 2.94627904892, 4.75622224808, 3.79908514023, 4.16942834854, 3.857391119, 4.54018354416, 7.36836767197, 8.84622859955, 8.1133108139, 11.3808460236, 11.4522476196, 11.0016832352, 11.7455024719, 12.5169000626, 15.0766973495, 14.5774641037, 11.2157754898, 8.81663703918, 7.93649959564, 8.46916484833, 10.3918571472, 9.76082801819, 9.08229160309, 9.31894302368, 9.84022331238, 8.85882854462, 7.60102844238, 6.56242752075, 8.65775299072, 6.58172082901, 5.43334913254, 4.28426122665, 2.40943479538, 1.20620059967, 0.430231958628, 0.0860211476684, 0.0114220250398, 0.00104367698077, 0.000112641537271], "dvar": [0.573510944843, 34.2680702209, 234.907653809, 655.389160156, 1104.0168457, 642.496948242, 94.2402877808, 56.3701133728, 112.655303955, 170.647201538, 508.681091309, 186.514068604, 465.772735596, 200.207382202, 431.394622803, 934.51940918, 485.587127686, 430.224090576, 569.191711426, 198.365341187, 331.920043945, 407.131988525, 347.11807251, 378.093566895, 292.158355713, 225.31817627, 203.494445801, 305.746673584, 130.993530273, 121.314460754, 124.346191406, 202.448486328, 148.27456665, 40.1569480896, 16.5093326569, 2.17186117172, 0.288243383169, 0.00522466981784, 3.25776600221e-05, 3.09042142987e-08]}, "silence_rate_30dB": {"dvar2": 0.121432267129, "var": 0.141197964549, "min": 0, "dmean": 0.0666666701436, "mean": 0.829820811749, "max": 1, "dmean2": 0.133252859116, "median": 1, "dvar": 0.0622295476496}, "melbands_spread": {"dvar2": 216.390426636, "var": 349.010314941, "min": 0.249363958836, "dmean": 8.22861099243, "mean": 20.7145824432, "max": 182.690933228, "dmean2": 12.2296171188, "median": 16.7835292816, "dvar": 105.356391907}, "melbands_crest": {"dvar2": 26.1255283356, "var": 49.5629920959, "min": 2.68800830841, "dmean": 3.4908041954, "mean": 18.0967636108, "max": 33.9033203125, "dmean2": 5.62097597122, "median": 17.5630664825, "dvar": 10.5643053055}, "zerocrossingrate": {"dvar2": 0.000426740618423, "var": 0.00251084845513, "min": 0.00048828125, "dmean": 0.0167667716742, "mean": 0.0699201449752, "max": 0.50244140625, "dmean2": 0.0195300262421, "median": 0.05517578125, "dvar": 0.000342368992278}, "barkbands_kurtosis": {"dvar2": 1428.72473145, "var": 1053.45959473, "min": -1.78296923637, "dmean": 8.91981315613, "mean": 12.7672233582, "max": 1030.63195801, "dmean2": 13.2406330109, "median": 2.9036693573, "dvar": 653.210205078}, "spectral_flux": {"dvar2": 0.00334111927077, "var": 0.00592341506854, "min": 1.01807652586e-10, "dmean": 0.037772603333, "mean": 0.110583618283, "max": 0.430637657642, "dmean2": 0.0550343096256, "median": 0.0901765674353, "dvar": 0.00178384687752}, "barkbands_crest": {"dvar2": 16.793390274, "var": 40.1955108643, "min": 1.90126109123, "dmean": 2.94742226601, "mean": 13.2200860977, "max": 26.4180240631, "dmean2": 4.46331691742, "median": 11.9169979095, "dvar": 8.56585121155}, "barkbands_flatness_db": {"dvar2": 0.00191134808119, "var": 0.00450564548373, "min": 0.0134564489126, "dmean": 0.0301700141281, "mean": 0.127917975187, "max": 0.477899610996, "dmean2": 0.0428809523582, "median": 0.115802377462, "dvar": 0.000931668968406}, "spectral_entropy": {"dvar2": 0.0439566522837, "var": 0.158960938454, "min": 6.12559175491, "dmean": 0.143747523427, "mean": 8.036195755, "max": 9.79370975494, "dmean2": 0.207324489951, "median": 8.13002586365, "dvar": 0.0226852931082}, "pitch_salience": {"dvar2": 0.0165582578629, "var": 0.0364034697413, "min": 0.0393427051604, "dmean": 0.0910713896155, "mean": 0.48525506258, "max": 0.875597178936, "dmean2": 0.136759802699, "median": 0.521780729294, "dvar": 0.00812731310725}, "erbbands_spread": {"dvar2": 280.589691162, "var": 642.128845215, "min": 5.9308848381, "dmean": 10.7284641266, "mean": 63.1535148621, "max": 159.743255615, "dmean2": 16.393945694, "median": 61.3948669434, "dvar": 121.825187683}, "dynamic_complexity": 2.59067606926, "spectral_contrast_valleys": {"dvar2": [0.281283020973, 0.266031950712, 0.30073043704, 0.289004564285, 0.249130442739, 0.323880642653], "var": [0.743120253086, 0.349103927612, 0.438880741596, 0.425934106112, 0.594708025455, 1.40694367886], "min": [-27.1135063171, -27.3428325653, -27.0928096771, -27.2433586121, -27.3066940308, -27.3114585876], "dmean": [0.35808879137, 0.362957596779, 0.374601751566, 0.351097285748, 0.324584633112, 0.365183293819], "mean": [-6.73012971878, -6.41708421707, -6.85185623169, -7.27814865112, -7.08493280411, -9.21570968628], "max": [-5.12414121628, -4.79534769058, -5.250395298, -5.4687795639, -5.25491905212, -7.29491901398], "dmean2": [0.593312799931, 0.596735417843, 0.604575455189, 0.554684758186, 0.472199946642, 0.497342169285], "median": [-6.49610137939, -6.36231517792, -6.77600240707, -7.22221660614, -6.99903774261, -8.90992164612], "dvar": [0.130727574229, 0.124272249639, 0.142917871475, 0.143240764737, 0.130953341722, 0.177077934146]}, "hfc": {"dvar2": 1337.47155762, "var": 1069.43249512, "min": 1.16503320315e-16, "dmean": 16.5906257629, "mean": 33.4749145508, "max": 230.568695068, "dmean2": 24.271314621, "median": 22.6831665039, "dvar": 602.16809082}, "spectral_kurtosis": {"dvar2": 9.44144248962, "var": 15.1872406006, "min": -1.19982481003, "dmean": 0.904303848743, "mean": 2.56341338158, "max": 72.3505630493, "dmean2": 1.47073161602, "median": 1.71869564056, "dvar": 3.3659901619}, "mfcc": {"mean": [-605.869995117, 100.267127991, 21.6073722839, 20.6300621033, 7.72573566437, 11.8650503159, 8.63467693329, 8.75798511505, 1.7184869051, 5.0678935051, 3.36337161064, 7.03246355057, 1.44577121735], "cov": [[4210.21875, -1541.62854004, 469.586120605, 27.3973388672, 27.9684677124, 102.462867737, 146.88999939, 108.93724823, 15.6449785233, -25.2393531799, -31.6491584778, -167.641799927, -90.5194320679], [-1541.62854004, 1237.28601074, -335.129821777, 59.4470291138, -15.4139709473, 2.98657941818, -28.4632396698, 21.0951652527, 0.725087344646, 23.6012687683, 8.36019420624, 71.327545166, 17.862329483], [469.586120605, -335.129821777, 523.090759277, 33.5404701233, 142.930252075, 74.1354980469, 110.502197266, 58.9828033447, 49.0545310974, 48.9930419922, 42.5874214172, -18.4594306946, 30.1598110199], [27.3973388672, 59.4470291138, 33.5404701233, 225.161483765, 51.7709541321, 81.1834411621, 25.1180362701, 49.0835189819, 44.4474487305, 33.4071006775, 13.159948349, 17.8998260498, 6.22198009491], [27.9684677124, -15.4139709473, 142.930252075, 51.7709541321, 190.873138428, 70.0696640015, 74.7487869263, 51.3236083984, 48.050819397, 39.6786155701, 33.4297294617, 5.52241134644, 22.5846614838], [102.462867737, 2.98657941818, 74.1354980469, 81.1834411621, 70.0696640015, 132.514083862, 74.698600769, 66.520690918, 40.2540435791, 42.2922286987, 35.7409324646, 10.3519096375, 11.5815229416], [146.88999939, -28.4632396698, 110.502197266, 25.1180362701, 74.7487869263, 74.698600769, 132.560806274, 77.580657959, 46.7151832581, 39.5989341736, 38.7333488464, 8.49268817902, 15.7538528442], [108.93724823, 21.0951652527, 58.9828033447, 49.0835189819, 51.3236083984, 66.520690918, 77.580657959, 114.694778442, 45.8178405762, 41.6862983704, 32.8791694641, 14.2431926727, 14.1393508911], [15.6449785233, 0.725087344646, 49.0545310974, 44.4474487305, 48.050819397, 40.2540435791, 46.7151832581, 45.8178405762, 74.4364242554, 40.0489692688, 22.8020420074, 15.0184526443, 23.253282547], [-25.2393531799, 23.6012687683, 48.9930419922, 33.4071006775, 39.6786155701, 42.2922286987, 39.5989341736, 41.6862983704, 40.0489692688, 71.653717041, 42.6843185425, 19.5765991211, 18.0122451782], [-31.6491584778, 8.36019420624, 42.5874214172, 13.159948349, 33.4297294617, 35.7409324646, 38.7333488464, 32.8791694641, 22.8020420074, 42.6843185425, 66.6605377197, 27.9529151917, 16.5851783752], [-167.641799927, 71.327545166, -18.4594306946, 17.8998260498, 5.52241134644, 10.3519096375, 8.49268817902, 14.2431926727, 15.0184526443, 19.5765991211, 27.9529151917, 60.237651825, 27.5574245453], [-90.5194320679, 17.862329483, 30.1598110199, 6.22198009491, 22.5846614838, 11.5815229416, 15.7538528442, 14.1393508911, 23.253282547, 18.0122451782, 16.5851783752, 27.5574245453, 57.7773742676]], "icov": [[0.000538108521141, 0.000638618250377, 8.02793465482e-07, -0.000172407642822, 0.000212701808778, -0.000159327071742, -0.000320945691783, -0.000621328072157, 0.00014883185213, 9.67453961493e-05, 0.000195785789401, 0.000653072958812, 0.000394371512812], [0.000638618250377, 0.00186478241812, 0.000836486986373, -0.000438509916421, -0.000151701286086, -9.0047447884e-05, -0.000464431039291, -0.0010234642541, 0.000671206449624, -0.000550539756659, 0.000621992337983, -0.000104052669485, 0.000261609209701], [8.02793465482e-07, 0.000836486986373, 0.00342433201149, -0.000326360139297, -0.0016268187901, 0.000229844401474, -0.00160524901003, 0.000161145144375, 0.000621674174909, -0.000962881022133, -0.000553729594685, 0.00158942933194, -0.00157077331096], [-0.000172407642822, -0.000438509916421, -0.000326360139297, 0.00678060390055, -0.00061780679971, -0.00411409698427, 0.0027583388146, -0.000907957321033, -0.00270544504747, -0.000572362740058, 0.0020676816348, -0.00232906173915, 0.00162649771664], [0.000212701808778, -0.000151701286086, -0.0016268187901, -0.00061780679971, 0.00857689790428, -0.00171700690407, -0.00188835151494, 0.000312615913572, -0.00202939473093, 0.000199612099095, -0.000977198593318, 0.00148591329344, -0.000947889231611], [-0.000159327071742, -9.0047447884e-05, 0.000229844401474, -0.00411409698427, -0.00171700690407, 0.0158601086587, -0.00490229437128, -0.00242054718547, 0.00105242163409, -0.00187179353088, -0.00266848620959, 0.00131827720907, -0.000180472663487], [-0.000320945691783, -0.000464431039291, -0.00160524901003, 0.0027583388146, -0.00188835151494, -0.00490229437128, 0.0181333459914, -0.0067190900445, -0.00399047648534, 0.00157949980348, -0.00306380470283, 3.04589812004e-05, 0.000581000873353], [-0.000621328072157, -0.0010234642541, 0.000161145144375, -0.000907957321033, 0.000312615913572, -0.00242054718547, -0.0067190900445, 0.0183043144643, -0.00357730966061, -0.00247536925599, -0.00079630856635, -0.00115440762602, 6.28739435342e-05], [0.00014883185213, 0.000671206449624, 0.000621674174909, -0.00270544504747, -0.00202939473093, 0.00105242163409, -0.00399047648534, -0.00357730966061, 0.0260353144258, -0.00963690225035, 0.00349331088364, -0.000301984051475, -0.00579434912652], [9.67453961493e-05, -0.000550539756659, -0.000962881022133, -0.000572362740058, 0.000199612099095, -0.00187179353088, 0.00157949980348, -0.00247536925599, -0.00963690225035, 0.0305505357683, -0.0144532956183, 0.000903736799955, -0.000569575058762], [0.000195785789401, 0.000621992337983, -0.000553729594685, 0.0020676816348, -0.000977198593318, -0.00266848620959, -0.00306380470283, -0.00079630856635, 0.00349331088364, -0.0144532956183, 0.0314618237317, -0.0113082844764, 0.00159025809262], [0.000653072958812, -0.000104052669485, 0.00158942933194, -0.00232906173915, 0.00148591329344, 0.00131827720907, 3.04589812004e-05, -0.00115440762602, -0.000301984051475, 0.000903736799955, -0.0113082844764, 0.0297866817564, -0.0112155564129], [0.000394371512812, 0.000261609209701, -0.00157077331096, 0.00162649771664, -0.000947889231611, -0.000180472663487, 0.000581000873353, 6.28739435342e-05, -0.00579434912652, -0.000569575058762, 0.00159025809262, -0.0112155564129, 0.0261249244213]]}, "silence_rate_20dB": {"dvar2": 0, "var": 0, "min": 1, "dmean": 0, "mean": 1, "max": 1, "dmean2": 0, "median": 1, "dvar": 0}, "melbands_kurtosis": {"dvar2": 4535.76806641, "var": 5069.3046875, "min": -1.66038322449, "dmean": 26.481218338, "mean": 49.9790802002, "max": 521.199401855, "dmean2": 39.0557365417, "median": 17.9572410583, "dvar": 1972.26391602}, "barkbands_spread": {"dvar2": 229.823455811, "var": 365.687530518, "min": 0.144411996007, "dmean": 9.24861717224, "mean": 28.1593971252, "max": 89.5281448364, "dmean2": 13.5592556, "median": 23.5443744659, "dvar": 115.907264709}, "erbbands_skewness": {"dvar2": 0.142845600843, "var": 0.253096371889, "min": -1.99130237103, "dmean": 0.281950473785, "mean": 0.079348936677, "max": 2.99910998344, "dmean2": 0.434385240078, "median": 0.0472919717431, "dvar": 0.0656662359834}, "average_loudness": 0.889118671417, "spectral_centroid": {"dvar2": 233570.703125, "var": 417250.09375, "min": 126.912719727, "dmean": 341.372344971, "mean": 1516.06958008, "max": 11304.1552734, "dmean2": 510.680236816, "median": 1452.42504883, "dvar": 118834.851562}, "dissonance": {"dvar2": 0.00035329311504, "var": 0.00026338128373, "min": 0.31048360467, "dmean": 0.0106833549216, "mean": 0.481570512056, "max": 0.500000119209, "dmean2": 0.017952663824, "median": 0.485736340284, "dvar": 0.000129817606648}, "erbbands_flatness_db": {"dvar2": 0.000288413779344, "var": 0.00187908159569, "min": 0.0418060533702, "dmean": 0.0112207308412, "mean": 0.102352187037, "max": 0.319272428751, "dmean2": 0.0164922382683, "median": 0.0880436375737, "dvar": 0.000153347413288}, "spectral_strongpeak": {"dvar2": 0.193943411112, "var": 0.173665896058, "min": 4.3896313251e-09, "dmean": 0.22225676477, "mean": 0.560911297798, "max": 4.0062122345, "dmean2": 0.356358230114, "median": 0.487413853407, "dvar": 0.0814020037651}, "spectral_rms": {"dvar2": 2.19883077079e-06, "var": 1.04105711216e-05, "min": 3.17993678264e-12, "dmean": 0.000968757260125, "mean": 0.00670910067856, "max": 0.0165205989033, "dmean2": 0.00145943381358, "median": 0.00673248711973, "dvar": 1.07349308109e-06}, "silence_rate_60dB": {"dvar2": 0.0278183203191, "var": 0.0253173746169, "min": 0, "dmean": 0.0121634164825, "mean": 0.0259957294911, "max": 1, "dmean2": 0.0243290923536, "median": 0, "dvar": 0.0120170684531}, "melbands": {"dvar2": [7.8657620179e-05, 6.47140550427e-05, 4.41920747107e-05, 1.39982230394e-05, 5.63433729894e-07, 7.12987073825e-08, 6.29147010045e-08, 6.95583324273e-08, 6.77189575526e-08, 1.9430999032e-08, 3.05357978903e-08, 8.53122994471e-09, 1.55411630232e-08, 1.83423978228e-08, 1.01938137931e-08, 6.27142293652e-09, 4.66340477345e-09, 5.64658186875e-09, 1.18414766881e-09, 1.16746501355e-09, 1.17140497302e-09, 1.18395226956e-09, 1.29225674605e-09, 6.40295649834e-10, 6.50561660098e-10, 6.01083072205e-10, 3.8750574971e-10, 2.48565473759e-10, 2.0498810982e-10, 3.38643890707e-10, 2.64670008132e-10, 9.25185900114e-11, 9.56836623822e-11, 9.32192170677e-11, 9.3238555765e-11, 9.5823897428e-11, 2.17851042761e-10, 1.60674945571e-10, 1.26467905592e-10, 5.3791780058e-11], "var": [0.000157629183377, 7.46687073843e-05, 1.50869818754e-05, 3.11613530357e-06, 1.80778656045e-07, 6.70080879672e-08, 4.04580653424e-08, 4.23081694123e-08, 4.95983840665e-08, 1.20903553835e-08, 1.229108193e-08, 5.27969135078e-09, 5.86890269716e-09, 1.14074545365e-08, 4.89504481394e-09, 3.29894822571e-09, 1.87748727676e-09, 1.70603708938e-09, 4.75170014447e-10, 4.6406509191e-10, 4.76974071351e-10, 4.7288412075e-10, 5.56877821634e-10, 3.03808117552e-10, 3.15391324168e-10, 2.38919967144e-10, 1.58021706831e-10, 1.79084386209e-10, 1.45399275953e-10, 1.49118481452e-10, 1.11607514897e-10, 9.11579423057e-11, 8.29290941473e-11, 8.6016548051e-11, 8.20898418685e-11, 9.40037978014e-11, 1.44273690217e-10, 1.10855172264e-10, 7.56274556868e-11, 4.55537274568e-11], "min": [9.12735259851e-24, 2.42307758104e-24, 8.71406679255e-24, 2.94322173581e-23, 1.00419271665e-23, 8.06985931152e-24, 7.82714811022e-24, 9.3368243567e-24, 4.93558990062e-24, 3.67947563718e-24, 9.04751435288e-24, 8.29862581859e-24, 1.63690483768e-23, 1.06784077549e-23, 1.23144879174e-23, 5.12907618143e-24, 5.89504907634e-24, 1.13216260044e-23, 1.11363249443e-23, 8.12590314567e-24, 5.74211379594e-24, 1.3378386755e-23, 9.51223073442e-24, 7.07378515688e-24, 7.71004328657e-24, 8.19175962062e-24, 9.36709847166e-24, 1.2173113788e-23, 1.47891493102e-23, 1.41121110161e-23, 1.45496211627e-23, 7.4427969334e-24, 1.10576786675e-23, 1.11047578863e-23, 5.56677683798e-24, 8.01148044909e-24, 6.46185352535e-24, 7.32996300268e-24, 1.08562722232e-23, 9.27492086375e-24], "dmean": [0.00418057246134, 0.00337615399621, 0.00164666830096, 0.000784779898822, 0.000228714605328, 0.000128851854242, 0.000116997165605, 8.56650949572e-05, 9.80182085186e-05, 6.44636384095e-05, 6.761043187e-05, 4.22424200224e-05, 4.71775092592e-05, 5.19396380696e-05, 3.96069190174e-05, 3.38667996402e-05, 2.38433167397e-05, 2.30338282563e-05, 1.319097737e-05, 1.24227399283e-05, 1.1997331967e-05, 1.17688869068e-05, 1.15282127808e-05, 1.0026673408e-05, 9.4700644695e-06, 8.2724600361e-06, 7.02944589648e-06, 6.93149922881e-06, 6.2012595663e-06, 6.28739144304e-06, 5.30039233126e-06, 4.40214762421e-06, 4.0244021875e-06, 4.36881555288e-06, 4.33034529124e-06, 3.97599023927e-06, 5.20823505212e-06, 4.70589156976e-06, 3.76503498956e-06, 2.85092983177e-06], "mean": [0.00860666763037, 0.00676062935963, 0.00195287005045, 0.000754128501285, 0.000319270242471, 0.000247885123827, 0.000200659793336, 0.000149218394654, 0.000155986461323, 0.00010502711666, 9.02473693714e-05, 6.74590046401e-05, 6.28086927463e-05, 7.34560235287e-05, 5.75073136133e-05, 4.73067302664e-05, 3.2367042877e-05, 2.64314621745e-05, 1.80443294084e-05, 1.66104473465e-05, 1.64715420397e-05, 1.71085503098e-05, 1.67351627169e-05, 1.35217987918e-05, 1.31659144245e-05, 1.23515765154e-05, 9.63740694715