{"tonal": {"thpcp": [1, 0.838365137577, 0.533112704754, 0.361296087503, 0.277592688799, 0.306617051363, 0.494604080915, 0.726743876934, 0.619269967079, 0.37898337841, 0.327984333038, 0.382421344519, 0.555296421051, 0.89615881443, 0.959356129169, 0.661343216896, 0.571584284306, 0.52558362484, 0.408903479576, 0.369119346142, 0.359968781471, 0.525173544884, 0.769039094448, 0.686231553555, 0.463173538446, 0.449958145618, 0.519749879837, 0.498784840107, 0.40585103631, 0.355781465769, 0.36712539196, 0.443196892738, 0.461843341589, 0.406234532595, 0.370065629482, 0.652527332306], "hpcp": {"dmean2": [0.296863079071, 0.334304630756, 0.352565914392, 0.311709374189, 0.238629177213, 0.222793251276, 0.213014468551, 0.199850574136, 0.209023222327, 0.240395620465, 0.243936687708, 0.247364193201, 0.219884455204, 0.209868937731, 0.215456753969, 0.213012322783, 0.191330850124, 0.20238442719, 0.195001333952, 0.193925485015, 0.206536352634, 0.199859023094, 0.186801165342, 0.226548358798, 0.298432260752, 0.242800533772, 0.207896798849, 0.177430540323, 0.148754999042, 0.169708818197, 0.223470419645, 0.266904622316, 0.251107871532, 0.206262975931, 0.204836934805, 0.248000249267], "median": [0.0456204414368, 0.108037158847, 0.111960500479, 0.0820441842079, 0.0322384275496, 0.0292620845139, 0.0364460647106, 0.0315666645765, 0.0305059608072, 0.0496534705162, 0.0687559694052, 0.0709198415279, 0.0582292489707, 0.0506519898772, 0.0541242137551, 0.0463310554624, 0.0354710035026, 0.0247548781335, 0.0307780522853, 0.0384689718485, 0.0423625707626, 0.0403415486217, 0.0352583527565, 0.0710425078869, 0.092860519886, 0.0983657389879, 0.0426526367664, 0.0325844362378, 0.021626342088, 0.0241780634969, 0.0485648140311, 0.0747108757496, 0.0680691152811, 0.0356885939837, 0.0208708904684, 0.0223862752318], "min": [3.58730030712e-05, 0.000177706591785, 0.000213885126868, 8.81817904883e-05, 1.38666591738e-05, 3.11329386022e-05, 4.22018383688e-05, 7.72537459852e-05, 4.56221023342e-05, 4.051387441e-05, 7.64726937632e-05, 9.3506227131e-05, 9.95719965431e-05, 4.22643679485e-05, 8.45575123094e-05, 5.11202524649e-05, 5.03273877257e-05, 5.10237332492e-05, 4.84569391119e-05, 7.31767941033e-05, 7.56992521929e-05, 6.33661984466e-05, 6.18821431999e-05, 0.000104277358332, 5.30688848812e-05, 5.00128808198e-05, 5.68969262531e-05, 9.19989179238e-05, 1.09294833237e-05, 1.71944902831e-05, 2.2888827516e-05, 4.89195190312e-05, 6.18166959612e-05, 5.77818791498e-05, 5.65445152461e-05, 1.74839988176e-05], "dvar2": [0.151937395334, 0.151594892144, 0.162010446191, 0.131655320525, 0.119010962546, 0.113541789353, 0.102849185467, 0.102802157402, 0.106067746878, 0.113178193569, 0.108586788177, 0.107627779245, 0.0878003165126, 0.0862484946847, 0.094057969749, 0.10045427084, 0.0884827151895, 0.110800907016, 0.0950502976775, 0.0878253653646, 0.0959312692285, 0.0908038690686, 0.0933893620968, 0.0936265066266, 0.158530205488, 0.102095775306, 0.0963539928198, 0.0776186063886, 0.0693489313126, 0.0831702947617, 0.102684043348, 0.122462011874, 0.107516564429, 0.0989191606641, 0.108140237629, 0.139750406146], "dvar": [0.0555239357054, 0.0560768544674, 0.0621932111681, 0.0480899736285, 0.0460504852235, 0.0424443818629, 0.0380894914269, 0.0374813005328, 0.0374624766409, 0.0408946536481, 0.0417484603822, 0.0403184108436, 0.0322741270065, 0.0320857688785, 0.035110745579, 0.0368331223726, 0.0329274386168, 0.0389298163354, 0.0334561280906, 0.032662011683, 0.0346863940358, 0.033145647496, 0.0339506901801, 0.0346631519496, 0.0599732212722, 0.0380439572036, 0.036416515708, 0.0280799437314, 0.0250723585486, 0.0297562070191, 0.0379039272666, 0.0461857356131, 0.0408675856888, 0.0364113971591, 0.0389776751399, 0.0497400052845], "dmean": [0.166256770492, 0.191369667649, 0.201360866427, 0.176503628492, 0.13447381556, 0.125037401915, 0.119422733784, 0.112096346915, 0.115775942802, 0.136730566621, 0.13989084959, 0.142481014132, 0.125845551491, 0.120614215732, 0.124083213508, 0.121708467603, 0.108395688236, 0.111579373479, 0.109119124711, 0.110101148486, 0.117496363819, 0.112979054451, 0.105756640434, 0.13004270196, 0.16979944706, 0.140616580844, 0.119146838784, 0.100938893855, 0.0837363898754, 0.0952191352844, 0.128487825394, 0.155120655894, 0.145125240088, 0.115616492927, 0.113033570349, 0.135918483138], "max": [1, 1, 1, 1, 1, 1, 1, 1, 1, 1, 1, 1, 1, 1, 1, 1, 1, 1, 1, 1, 1, 1, 1, 1, 1, 1, 1, 1, 1, 1, 1, 1, 1, 1, 1, 1], "var": [0.0585602894425, 0.0904745683074, 0.106869995594, 0.0552269518375, 0.0753349512815, 0.0673911869526, 0.0387176685035, 0.0352575145662, 0.0323854833841, 0.049839772284, 0.0938841104507, 0.071823336184, 0.035005453974, 0.0368399992585, 0.0497225522995, 0.0499537438154, 0.0384013615549, 0.0369221046567, 0.0330567769706, 0.0456084236503, 0.0462168715894, 0.0357325524092, 0.034071803093, 0.0514781065285, 0.127434104681, 0.0803803727031, 0.0567197538912, 0.0295323766768, 0.0241748970002, 0.0279482696205, 0.0463751479983, 0.0793011635542, 0.0591494292021, 0.0337658673525, 0.0328121557832, 0.0412279479206], "mean": [0.157168015838, 0.253643810749, 0.271530836821, 0.18718290329, 0.16177803278, 0.148758262396, 0.115733772516, 0.104473486543, 0.10188356787, 0.148642197251, 0.217664554715, 0.194227159023, 0.131094068289, 0.127353653312, 0.147107124329, 0.141173288226, 0.114869825542, 0.100698411465, 0.103909134865, 0.125439986587, 0.13071757555, 0.1149783656, 0.104741320014, 0.184687718749, 0.283034443855, 0.23728621006, 0.150889262557, 0.102259233594, 0.0785682946444, 0.0867831856012, 0.139989987016, 0.205693542957, 0.175274729729, 0.107265353203, 0.0928308591247, 0.10823841393]}, "tuning_equal_tempered_deviation": 0.271354913712, "chords_changes_rate": 0.0727627575397, "key_key": "F", "tuning_diatonic_strength": 0.624103188515, "key_scale": "major", "chords_number_rate": 0.00250906054862, "tuning_frequency": 434.193115234, "tuning_nontempered_energy_ratio": 0.897085547447, "chords_histogram": [13.4931697845, 9.56230831146, 15.7095069885, 2.39754676819, 0.45999443531, 0.250906050205, 1.39392244816, 5.36660146713, 11.1513795853, 0.250906050205, 0.0557569004595, 0.320602178574, 2.14664053917, 3.30359625816, 5.00418186188, 4.40479516983, 2.59269595146, 4.85085010529, 0.390298306942, 2.75996661186, 2.41148591042, 2.17451906204, 3.21996092796, 6.32840824127], "key_strength": 0.709923326969, "chords_key": "C", "chords_strength": {"dmean2": 0.0126146534458, "median": 0.517282366753, "min": 0.217350259423, "dvar2": 0.000132827961352, "dvar": 9.63135971688e-05, "dmean": 0.0111371325329, "max": 0.778880834579, "var": 0.0116958860308, "mean": 0.518487632275}, "chords_scale": "major", "hpcp_entropy": {"dmean2": 1.14452576637, "median": 2.35424900055, "min": 0.0385371334851, "dvar2": 0.792461454868, "dvar": 0.289316236973, "dmean": 0.677521348, "max": 4.41491651535, "var": 0.629827558994, "mean": 2.32305574417}}, "metadata": {"audio_properties": {"equal_loudness": 0, "codec": "vorbis", "downmix": "mix", "analysis_sample_rate": 44100, "bit_rate": 160000, "md5_encoded": "85cd63a93707ba71e5cb75542afb1374", "length": 333.107666016, "replay_gain": -8.92486763, "lossless": false}, "version": {"essentia_build_sha": "ab033649a6180e58ab3ffa3648ee50b8e9460706", "essentia": "2.1-beta1", "extractor": "music 1.0", "essentia_git_sha": "v2.1_beta1-8-g0ed32f5-dirty"}, "tags": {"title": ["The Great Reward"], "albumartist": ["Unitopia"], "date": ["2011-10-15"], "genre": ["Progressive Rock"], "musicbrainz_recordingid": ["1574bb84-e302-4744-aac3-e64b4ad8c8c8"], "musicbrainz_discid": ["LzX.S2GND3rFDQFjiGN3RVJ.Cf8-"], "musicbrainz_albumartistid": ["670f4eb9-32c0-42de-bf05-57d6342aeedf"], "musicbrainz_albumid": ["894a5c8f-51b2-464f-ba5a-f32a068c71ce"], "artist": ["Unitopia"], "tracknumber": ["7"], "artistsort": ["Unitopia"], "album": ["One Night in Europe"], "albumartistsort": ["Unitopia"], "discnumber": ["1"], "musicbrainz_artistid": ["670f4eb9-32c0-42de-bf05-57d6342aeedf"], "file_name": "07 - Unitopia - The Great Reward.ogg"}}, "rhythm": {"bpm_histogram_first_peak_bpm": {"dmean2": 0, "median": 123, "min": 123, "dvar2": 0, "dvar": 0, "dmean": 0, "max": 123, "var": 0, "mean": 123}, "bpm": 122.320915222, "bpm_histogram_second_peak_spread": {"dmean2": 0, "median": 0.40769225359, "min": 0.40769225359, "dvar2": 0, "dvar": 0, "dmean": 0, "max": 0.40769225359, "var": 0, "mean": 0.40769225359}, "bpm_histogram_first_peak_weight": {"dmean2": 0, "median": 0.331818193197, "min": 0.331818193197, "dvar2": 0, "dvar": 0, "dmean": 0, "max": 0.331818193197, "var": 0, "mean": 0.331818193197}, "onset_rate": 2.18236327171, "beats_position": [0.487619042397, 0.986848056316, 1.48607707024, 1.97369611263, 2.46131515503, 2.94893407822, 3.43655323982, 3.92417216301, 4.41179132462, 4.8994102478, 5.3754196167, 5.85142850876, 6.33904743195, 6.81505680084, 7.2910656929, 7.75546455383, 8.23147392273, 8.70748329163, 9.19510173798, 9.67111110687, 10.1471195221, 10.623128891, 11.0991382599, 11.5867567062, 12.0627660751, 12.538775444, 13.0147848129, 13.4907932281, 13.966802597, 14.4544210434, 14.9304304123, 15.4180498123, 15.8940582275, 16.3816776276, 16.8576869965, 17.3336963654, 17.8097057343, 18.2973232269, 18.7733325958, 19.2493419647, 19.7369613647, 20.2245807648, 20.7121982574, 21.1998176575, 21.6874370575, 22.1750564575, 22.6626758575, 23.1502952576, 23.6379127502, 24.1255321503, 24.6131515503, 25.1007709503, 25.5883903503, 26.076007843, 26.563627243, 27.0512466431, 27.527256012, 28.0032653809, 28.4908847809, 28.9901123047, 29.4893417358, 29.9769611359, 30.4645805359, 30.9521980286, 31.4514274597, 31.9506568909, 32.449886322, 32.9375038147, 33.4367332458, 33.935962677, 34.4351921082, 34.9460296631, 35.4452590942, 35.9444885254, 36.4437179565, 36.9429473877, 37.4537849426, 37.9530143738, 38.4638557434, 38.9630813599, 39.4507026672, 39.9383201599, 40.4375495911, 40.9251708984, 41.4243965149, 41.9120178223, 42.3996353149, 42.8872566223, 43.3864860535, 43.8857116699, 44.3733329773, 44.8725624084, 45.3833999634, 45.894241333, 46.4050788879, 46.9159164429, 47.4383659363, 47.9492073059, 48.4600448608, 48.9824943542, 49.4236717224, 49.8532409668, 50.2828102112, 50.723991394, 51.1651687622, 51.6063499451, 52.0475273132, 52.5003166199, 52.9531059265, 53.4987754822, 54.0212249756, 54.5436706543, 55.0661201477, 55.5769615173, 56.0994110107, 56.6102485657, 57.1210861206, 57.6319274902, 58.1543769836, 58.6768226624, 59.187664032, 59.6985015869, 60.2093429565, 60.708568573, 61.2077980042, 61.7070274353, 62.2062568665, 62.7054862976, 63.2047157288, 63.7039451599, 64.2147827148, 64.7256240845, 65.2364578247, 65.7472991943, 66.2465286255, 66.7573699951, 67.2682037354, 67.779045105, 68.2898864746, 68.8239440918, 69.358001709, 69.8572311401, 70.3564605713, 70.8673019409, 71.4245758057, 71.9702453613, 72.5275268555, 73.0615844727, 73.5840377808, 74.1180953979, 74.6405410767, 75.1629943848, 75.697052002, 76.3007659912, 76.8812713623, 77.4733810425, 78.0654830933, 78.6575927734, 79.2613143921, 79.8534240723, 80.4455337524, 81.0376434326, 81.6297454834, 82.2218551636, 82.8023605347, 83.3364181519, 83.8820877075, 84.4161453247, 84.9385910034, 85.4610443115, 85.9834899902, 86.5059356689, 87.0283889771, 87.5508346558, 88.0732879639, 88.5957336426, 89.1065750122, 89.6174163818, 90.1282501221, 90.6507034302, 91.1615371704, 91.67237854, 92.1832199097, 92.6940536499, 93.2048950195, 93.7041244507, 94.2033538818, 94.7141952515, 95.2250289917, 95.7358703613, 96.246711731, 96.7343292236, 97.2219467163, 97.709564209, 98.2087936401, 98.7080230713, 99.1956481934, 99.6948699951, 100.194099426, 100.681724548, 101.169342041, 101.656959534, 102.156188965, 102.759910583, 103.352012634, 103.955734253, 104.559455872, 105.163169861, 105.732063293, 106.289337158, 106.846618652, 107.403900146, 107.97278595, 108.530067444, 109.087341309, 109.644622803, 110.17868042, 110.712738037, 111.246803284, 111.780860901, 112.314918518, 112.848976135, 113.383033752, 113.917098999, 114.451156616, 114.985214233, 115.519271851, 116.053329468, 116.587387085, 117.133056641, 117.655509949, 118.189567566, 118.712013245, 119.234466553, 119.756912231, 120.27936554, 120.79019928, 121.301040649, 121.823486328, 122.345939636, 122.879997253, 123.390838623, 123.913284302, 124.43573761, 124.969795227, 125.492240906, 126.026298523, 126.537139893, 127.059593201, 127.570426941, 128.092880249, 128.615325928, 129.137771606, 129.660217285, 130.194290161, 130.71673584, 131.239181519, 131.761627197, 132.284072876, 132.794921875, 133.317367554, 133.839813232, 134.350662231, 134.861495972, 135.395553589, 135.929611206, 136.463668823, 136.986114502, 137.508575439, 138.042633057, 138.576690674, 139.099136353, 139.621582031, 140.13243103, 140.654876709, 141.177322388, 141.688156128, 142.199005127, 142.709838867, 143.220672607, 143.719909668, 144.21913147, 144.729980469, 145.240814209, 145.751647949, 146.262496948, 146.773330688, 147.284164429, 147.795013428, 148.305847168, 148.805084229, 149.30430603, 149.803527832, 150.302764893, 150.801986694, 151.301223755, 151.788833618, 152.27645874, 152.764083862, 153.251693726, 153.739318848, 154.226928711, 154.714553833, 155.202178955, 155.689788818, 156.17741394, 156.653427124, 157.141036987, 157.617050171, 158.104675293, 158.580673218, 159.079910278, 159.567520142, 160.066757202, 160.565979004, 161.053604126, 161.552825928, 162.04045105, 162.516464233, 163.004074097, 163.491699219, 163.979324341, 164.466934204, 164.942947388, 165.442169189, 165.929794312, 166.417419434, 166.916641235, 167.415863037, 167.903488159, 168.391113281, 168.878723145, 169.366348267, 169.85395813, 170.341583252, 170.829208374, 171.316818237, 171.804443359, 172.292053223, 172.779678345, 173.267303467, 173.75491333, 174.242538452, 174.741760254, 175.240997314, 175.728607178, 176.2162323, 176.703857422, 177.191467285, 177.679092407, 178.166702271, 178.654327393, 179.141952515, 179.629562378, 180.1171875, 180.62802124, 181.127258301, 181.626480103, 182.125717163, 182.624938965, 183.112564087, 183.60017395, 184.087799072, 184.575408936, 185.063034058, 185.55065918, 186.038269043, 186.525894165, 187.025115967, 187.524353027, 188.011962891, 188.499588013, 188.987213135, 189.474822998, 189.96244812, 190.461669922, 190.949295044, 191.448516846, 191.936141968, 192.42376709, 192.911376953, 193.410614014, 193.898223877, 194.397460938, 194.896682739, 195.384307861, 195.883529663, 196.394378662, 196.893600464, 197.392837524, 197.892059326, 198.391296387, 198.890518188, 199.38973999, 199.877365112, 200.364990234, 200.864212036, 201.363449097, 201.85105896, 202.338684082, 202.826293945, 203.325531006, 203.824752808, 204.323989868, 204.82321167, 205.32244873, 205.821670532, 206.309295654, 206.820129395, 207.319366455, 207.818588257, 208.317825317, 208.805435181, 209.304672241, 209.792282104, 210.291519165, 210.790740967, 211.278366089, 211.765975952, 212.265213013, 212.752838135, 213.252059937, 213.739685059, 214.227294922, 214.714920044, 215.214141846, 215.701766968, 216.20098877, 216.70022583, 217.187835693, 217.687072754, 218.174682617, 218.662307739, 219.149932861, 219.637542725, 220.125167847, 220.624389648, 221.123626709, 221.622848511, 222.110473633, 222.598098755, 223.097320557, 223.608154297, 224.095779419, 224.583404541, 225.071014404, 225.558639526, 226.04624939, 226.533874512, 227.021499634, 227.509109497, 227.996734619, 228.484344482, 228.971969604, 229.459594727, 229.94720459, 230.434829712, 230.934051514, 231.421676636, 231.920898438, 232.40852356, 232.896133423, 233.395370483, 233.882995605, 234.35899353, 234.846618652, 235.334228516, 235.821853638, 236.321090698, 236.808700562, 237.307937622, 237.795547485, 238.283172607, 238.770782471, 239.258407593, 239.734420776, 240.21043396, 240.686431885, 241.162445068, 241.638458252, 242.114456177, 242.602081299, 243.101318359, 243.600540161, 244.099761963, 244.598999023, 245.098220825, 245.597457886, 246.096679688, 246.595916748, 247.083526611, 247.582763672, 248.070373535, 248.569610596, 249.045623779, 249.521621704, 250.009246826, 250.48526001, 250.961257935, 251.448883057, 251.936508179, 252.424118042, 252.911743164, 253.410964966, 253.910202026, 254.39781189, 254.885437012, 255.373062134, 255.872283936, 256.371520996, 256.859130859, 257.35836792, 257.845977783, 258.333587646, 258.832824707, 259.332061768, 259.831298828, 260.330505371, 260.829742432, 261.328979492, 261.828216553, 262.327423096, 262.815063477, 263.30267334, 263.790283203, 264.266296387, 264.75390625, 265.241546631, 265.729156494, 266.216766357, 266.704406738, 267.203613281, 267.702850342, 268.190460205, 268.678100586, 269.165710449, 269.66494751, 270.152557373, 270.640167236, 271.127807617, 271.61541748, 272.103027344, 272.590667725, 273.089874268, 273.600708008, 274.088348389, 274.575958252, 275.063568115, 275.574401855, 276.073638916, 276.572875977, 277.072113037, 277.57131958, 278.058959961, 278.558166504, 279.045806885, 279.545043945, 280.044250488, 280.543487549, 281.042724609, 281.541931152, 282.029571533, 282.517181396, 283.00479126, 283.492431641, 283.991638184, 284.490875244, 285.001708984, 285.512542725, 286.011779785, 286.511016846, 287.010253906, 287.509460449, 287.99710083, 288.484710693, 288.972320557, 289.459960938, 289.947570801, 290.435180664, 290.922821045, 291.410430908, 291.898040771, 292.385650635, 292.884887695, 293.384124756, 293.883361816, 294.382568359, 294.88180542, 295.38104248, 295.857055664, 296.333068848, 296.820678711, 297.331512451, 297.830749512, 298.318359375, 298.817596436, 299.305206299, 299.792816162, 300.280456543, 300.779663086, 301.278900146, 301.778137207, 302.277374268, 302.776580811, 303.275817871, 303.763427734, 304.251068115, 304.761901855, 305.261138916, 305.760345459, 306.25958252, 306.75881958, 307.258056641, 307.757263184, 308.268127441, 308.778961182, 309.289794922, 309.789031982, 310.288238525, 310.868743896, 311.449249268, 312.029754639, 312.621856689, 313.21395874, 313.72479248, 314.235626221, 314.758087158, 315.268920898, 315.791381836, 316.302215576, 316.813049316, 317.323883057, 317.846343994, 318.368804932, 318.891235352, 319.413696289, 319.866485596, 320.307647705, 320.748840332, 321.201629639, 321.642791748, 322.095581055, 322.571594238, 323.047607422, 323.523620605, 323.999633789, 324.475646973, 324.951660156, 325.42767334, 325.903656006, 326.379669189, 326.855682373, 327.401367188, 327.947021484, 328.585571289, 329.224121094, 329.862670898, 330.501220703, 331.139770508, 331.778320312, 332.416870117], "beats_loudness": {"dmean2": 0.0264926124364, "median": 0.0271769501269, "min": 0.000643245526589, "dvar2": 0.00078195950482, "dvar": 0.000267911324045, "dmean": 0.0156534593552, "max": 0.179747119546, "var": 0.000977364019491, "mean": 0.0364612676203}, "danceability": 0.984523832798, "bpm_histogram_second_peak_weight": {"dmean2": 0, "median": 0.116666667163, "min": 0.116666667163, "dvar2": 0, "dvar": 0, "dmean": 0, "max": 0.116666667163, "var": 0, "mean": 0.116666667163}, "beats_count": 661, "bpm_histogram_second_peak_bpm": {"dmean2": 0, "median": 117, "min": 117, "dvar2": 0, "dvar": 0, "dmean": 0, "max": 117, "var": 0, "mean": 117}, "bpm_histogram_first_peak_spread": {"dmean2": 0, "median": 0.501138925552, "min": 0.501138925552, "dvar2": 0, "dvar": 0, "dmean": 0, "max": 0.501138925552, "var": 0, "mean": 0.501138925552}, "beats_loudness_band_ratio": {"dmean2": [0.328258484602, 0.283073425293, 0.165048480034, 0.0993630588055, 0.0495982058346, 0.123826891184], "median": [0.353534609079, 0.204727843404, 0.106912784278, 0.0416694842279, 0.0119981933385, 0.127299666405], "min": [0.00162574590649, 0.00980401225388, 0.00328570697457, 0.000671663845424, 0.000122542420286, 0.00551292672753], "dvar2": [0.0733628571033, 0.0560957603157, 0.0370711423457, 0.0177782382816, 0.0164753179997, 0.0158493053168], "dvar": [0.0250050853938, 0.0204930324107, 0.0128626041114, 0.00618819380179, 0.00541346892715, 0.00590975442901], "dmean": [0.188443481922, 0.163239657879, 0.095226071775, 0.0556306764483, 0.0269185677171, 0.0698194950819], "max": [0.965348720551, 0.919888019562, 0.807065188885, 0.641422212124, 0.780193686485, 0.587073147297], "var": [0.0451627671719, 0.0439648143947, 0.0161974392831, 0.00681953737512, 0.00308927474543, 0.0100386720151], "mean": [0.384307146072, 0.27971559763, 0.143650844693, 0.0708748921752, 0.0247415229678, 0.142047733068]}}, "lowlevel": {"barkbands_spread": {"dmean2": 6.37079238892, "median": 13.0024662018, "min": 0.270198315382, "dvar2": 69.271774292, "dvar": 32.2000465393, "dmean": 4.13523483276, "max": 101.493309021, "var": 163.589523315, "mean": 15.7466583252}, "melbands_spread": {"dmean2": 5.3798661232, "median": 10.0363121033, "min": 0.408027261496, "dvar2": 67.6808395386, "dvar": 36.0006370544, "dmean": 3.47238969803, "max": 149.363067627, "var": 150.360946655, "mean": 12.6215744019}, "hfc": {"dmean2": 36.2750434875, "median": 46.6560745239, "min": 0.279631346464, "dvar2": 3595.47265625, "dvar": 1420.09399414, "dmean": 22.8994693756, "max": 819.190124512, "var": 13958.6289062, "mean": 101.636901855}, "barkbands_kurtosis": {"dmean2": 10.0211629868, "median": 8.37591743469, "min": -1.73000645638, "dvar2": 529.472595215, "dvar": 192.73651123, "dmean": 6.17859172821, "max": 472.596160889, "var": 424.784484863, "mean": 14.1865205765}, "gfcc": {"mean": [-41.2998771667, 112.0911026, -75.5672607422, -4.9063038826, -29.098526001, -20.7267932892, -5.03007364273, -15.8624811172, -6.85551977158, -8.81686401367, -6.69873380661, -0.0465369969606, -2.01023674011], "icov": [[0.000224259332754, 0.000110352113552, 0.000288903014734, 2.88418777927e-05, 1.62587148225e-05, -6.33756717434e-05, -0.000121134638903, -0.000201124159503, -5.71635573579e-05, -0.000235078958212, 0.000482565810671, -0.000837229541503, 0.000422070705099], [0.000110352113552, 0.00299134384841, -0.00300284987316, 0.00260408921167, -0.00303304055706, 0.00228822347708, -0.00105794519186, -0.0010078685591, 0.000129917127197, 0.00112703023478, -0.000619823811576, 0.000752083607949, -0.00102497194894], [0.000288903014734, -0.00300284987316, 0.00787993054837, -0.00611833715811, 0.0066280271858, -0.00593990646303, 0.00205987808295, 0.002407978056, -0.00226425123401, 0.000771232240368, -0.00178160949145, 0.00200834567659, -0.00102693017107], [2.88418777927e-05, 0.00260408921167, -0.00611833715811, 0.010910869576, -0.0103172622621, 0.00766408769414, -0.00116255611647, -0.00537659134716, 0.00722046475857, -0.00764904916286, 0.00993118807673, -0.00827640574425, 0.00517547875643], [1.62587148225e-05, -0.00303304055706, 0.0066280271858, -0.0103172622621, 0.0163424499333, -0.00874519906938, -0.0013872794807, 0.00535485707223, -0.00781355798244, 0.00966284796596, -0.0109907854348, 0.00923052337021, -0.00563661428168], [-6.33756717434e-05, 0.00228822347708, -0.00593990646303, 0.00766408769414, -0.00874519906938, 0.0112961651757, -0.00125327007845, -0.00585723062977, 0.00786401797086, -0.00615740893409, 0.00641946587712, -0.00598131865263, 0.00342478696257], [-0.000121134638903, -0.00105794519186, 0.00205987808295, -0.00116255611647, -0.0013872794807, -0.00125327007845, 0.00771193066612, 0.00152194232214, -0.00408647954464, 0.000444205768872, 0.00169367704075, -0.00217462820001, -8.81636951817e-05], [-0.000201124159503, -0.0010078685591, 0.002407978056, -0.00537659134716, 0.00535485707223, -0.00585723062977, 0.00152194232214, 0.0111983576789, -0.00610140664503, 0.0042604575865, -0.00609936611727, 0.00712465681136, -0.00346538005397], [-5.71635573579e-05, 0.000129917127197, -0.00226425123401, 0.00722046475857, -0.00781355798244, 0.00786401797086, -0.00408647954464, -0.00610140664503, 0.0225839391351, -0.0164379663765, 0.00940502807498, -0.0086678378284, 0.0072259074077], [-0.000235078958212, 0.00112703023478, 0.000771232240368, -0.00764904916286, 0.00966284796596, -0.00615740893409, 0.000444205768872, 0.0042604575865, -0.0164379663765, 0.0308553222567, -0.0199689716101, 0.0128646818921, -0.00808712095022], [0.000482565810671, -0.000619823811576, -0.00178160949145, 0.00993118807673, -0.0109907854348, 0.00641946587712, 0.00169367704075, -0.00609936611727, 0.00940502807498, -0.0199689716101, 0.034711163491, -0.0208502300084, 0.00851755961776], [-0.000837229541503, 0.000752083607949, 0.00200834567659, -0.00827640574425, 0.00923052337021, -0.00598131865263, -0.00217462820001, 0.00712465681136, -0.0086678378284, 0.0128646818921, -0.0208502300084, 0.0322023890913, -0.013420834206], [0.000422070705099, -0.00102497194894, -0.00102693017107, 0.00517547875643, -0.00563661428168, 0.00342478696257, -8.81636951817e-05, -0.00346538005397, 0.0072259074077, -0.00808712095022, 0.00851755961776, -0.013420834206, 0.0210382994264]], "cov": [[7873.27099609, -1165.2578125, -935.167175293, 60.6273803711, 27.3760242462, -116.385490417, 412.121520996, 25.2077236176, 253.235061646, 84.5618896484, -2.6529250145, 282.90045166, -116.055152893], [-1165.2578125, 886.34777832, 231.90385437, -112.405189514, 111.115188599, 2.79802107811, 29.0926246643, -9.50391769409, 1.83787584305, -46.8546638489, 31.1579685211, -54.0145721436, 67.688621521], [-935.167175293, 231.90385437, 530.229736328, 126.485145569, -85.5294799805, 137.24206543, -160.146469116, 50.785533905, -83.5322570801, 9.11728382111, -27.4369697571, -45.61145401, 1.46975338459], [60.6273803711, -112.405189514, 126.485145569, 402.489013672, 93.0569381714, -29.5635681152, 17.4015102386, 39.9044151306, -21.6037311554, 6.27484178543, -49.2411155701, 7.93561410904, -28.3112888336], [27.3760242462, 111.115188599, -85.5294799805, 93.0569381714, 237.487319946, 16.8472728729, 116.576057434, -13.8734588623, 29.0367031097, -24.1578102112, 12.0314435959, 5.36387968063, 16.1772060394], [-116.385490417, 2.79802107811, 137.24206543, -29.5635681152, 16.8472728729, 252.488464355, -40.0600204468, 59.1436386108, -53.9324035645, -0.839657187462, -3.25406312943, -7.53298664093, 4.1418762207], [412.121520996, 29.0926246643, -160.146469116, 17.4015102386, 116.576057434, -40.0600204468, 258.610198975, -33.0242347717, 80.8447723389, 0.414907544851, 6.36334037781, 37.5507469177, 8.22047901154], [25.2077236176, -9.50391769409, 50.785533905, 39.9044151306, -13.8734588623, 59.1436386108, -33.0242347717, 147.020889282, 6.63568067551, 15.2586565018, 0.0668157115579, -18.5269088745, -5.83221054077], [253.235061646, 1.83787584305, -83.5322570801, -21.6037311554, 29.0367031097, -53.9324035645, 80.8447723389, 6.63568067551, 122.602783203, 45.8422584534, 19.3667831421, 15.7128753662, -8.06792068481], [84.5618896484, -46.8546638489, 9.11728382111, 6.27484178543, -24.1578102112, -0.839657187462, 0.414907544851, 15.2586565018, 45.8422584534, 83.106010437, 31.6492137909, 6.93566846848, -1.08670532703], [-2.6529250145, 31.1579685211, -27.4369697571, -49.2411155701, 12.0314435959, -3.25406312943, 6.36334037781, 0.0668157115579, 19.3667831421, 31.6492137909, 74.4681854248, 29.7822818756, 10.5000972748], [282.90045166, -54.0145721436, -45.61145401, 7.93561410904, 5.36387968063, -7.53298664093, 37.5507469177, -18.5269088745, 15.7128753662, 6.93566846848, 29.7822818756, 78.3660049438, 22.4864940643], [-116.055152893, 67.688621521, 1.46975338459, -28.3112888336, 16.1772060394, 4.1418762207, 8.22047901154, -5.83221054077, -8.06792068481, -1.08670532703, 10.5000972748, 22.4864940643, 75.3754730225]]}, "spectral_energyband_middle_low": {"dmean2": 0.00753486761823, "median": 0.00980376359075, "min": 3.12302363454e-05, "dvar2": 0.000126430590171, "dvar": 5.44180184079e-05, "dmean": 0.00487999292091, "max": 0.162127807736, "var": 0.000272802513791, "mean": 0.0150856506079}, "melbands_crest": {"dmean2": 5.57608938217, "median": 13.7833242416, "min": 3.87031769753, "dvar2": 23.8053359985, "dvar": 8.98995399475, "dmean": 3.40720295906, "max": 33.9414825439, "var": 32.0167808533, "mean": 14.884349823}, "spectral_kurtosis": {"dmean2": 9.07893943787, "median": 15.6323661804, "min": 2.26821517944, "dvar2": 151.88609314, "dvar": 55.9979057312, "dmean": 5.60215187073, "max": 127.927825928, "var": 103.738777161, "mean": 18.2273712158}, "spectral_rms": {"dmean2": 0.00098505418282, "median": 0.00446928665042, "min": 0.000427822378697, "dvar2": 1.28218493956e-06, "dvar": 5.26264443579e-07, "dmean": 0.000634862517472, "max": 0.0139482617378, "var": 7.32823082217e-06, "mean": 0.00491554150358}, "zerocrossingrate": {"dmean2": 0.0366029515862, "median": 0.2080078125, "min": 0.01953125, "dvar2": 0.000950880057644, "dvar": 0.000571460055653, "dmean": 0.0280967634171, "max": 0.66357421875, "var": 0.00815005414188, "mean": 0.211910039186}, "silence_rate_60dB": {"dmean2": 0.0621122345328, "median": 0, "min": 0, "dvar2": 0.0688406676054, "dvar": 0.0301287807524, "dmean": 0.0310888048261, "max": 1, "var": 0.106276191771, "mean": 0.120861500502}, "erbbands_kurtosis": {"dmean2": 3.20473408699, "median": 1.38355922699, "min": -1.76328361034, "dvar2": 54.1850242615, "dvar": 19.7465171814, "dmean": 2.00793886185, "max": 169.374008179, "var": 48.1707954407, "mean": 3.37937140465}, "erbbands": {"dmean2": [0.218242630363, 0.975327968597, 2.65862607956, 6.0295586586, 6.89780235291, 14.9235277176, 18.6655673981, 22.6833648682, 24.0031394958, 25.0497398376, 22.3000354767, 29.8303108215, 46.783454895, 24.080406189, 37.0652770996, 28.3673686981, 12.7833051682, 6.37435150146, 6.42394018173, 6.35103845596, 6.6345281601, 6.47270393372, 5.59414434433, 4.226749897, 2.99975275993, 2.60363578796, 3.27365708351, 2.09177088737, 1.15048408508, 0.891325175762, 0.567787110806, 0.295072495937, 0.17994505167, 0.0855246260762, 0.0427043028176, 0.0422036312521, 0.0353316403925, 0.0338012799621, 0.0111473863944, 0.00333608314395], "median": [0.0779640972614, 0.372535616159, 1.00571656227, 2.0165708065, 3.49943208694, 6.62787008286, 8.36758518219, 8.81175136566, 9.57455062866, 7.19391441345, 6.66144323349, 6.61149597168, 7.23755455017, 5.40423488617, 5.71275949478, 5.13379192352, 3.12912249565, 2.14676237106, 2.24599671364, 2.09528422356, 2.04279112816, 1.84631109238, 1.41931629181, 1.0615862608, 0.77218580246, 0.595258295536, 0.637060821056, 0.502225637436, 0.258779883385, 0.139217928052, 0.0686398893595, 0.0340752974153, 0.0203626547009, 0.0113688427955, 0.00626865960658, 0.00521225202829, 0.00417196145281, 0.00538185657933, 0.00459380215034, 0.00368005386554], "min": [7.92853188614e-06, 7.91830025264e-05, 0.000239226195845, 0.00272652204148, 0.00927144661546, 0.00890175253153, 0.0207686014473, 0.00860809069127, 0.0109152598307, 0.00729911867529, 0.0125769311562, 0.0114003242925, 0.00868739839643, 0.0102147236466, 0.0157316587865, 0.00435504084453, 0.00210309331305, 0.000622375111561, 0.0011699849274, 0.000614316086285, 0.000638294965029, 0.000481299473904, 0.00103820348158, 0.00074436282739, 0.000538622029126, 0.000322252250044, 0.000469333899673, 0.000288831855869, 0.000219240610022, 0.000243672329816, 0.000210894068005, 0.000113460846478, 5.97218604526e-05, 9.50441881287e-06, 5.36740390089e-06, 7.6587057265e-06, 1.40832808029e-05, 5.93322283748e-06, 5.52419487576e-06, 8.99055066839e-06], "dvar2": [0.209557458758, 4.09526586533, 22.3730545044, 109.91192627, 156.998947144, 862.975097656, 1428.6739502, 2782.31347656, 2344.51245117, 4136.82666016, 2934.77197266, 7365.08056641, 18934.1191406, 4743.44238281, 14089.6708984, 5816.68359375, 783.788757324, 164.989105225, 163.438644409, 212.093963623, 203.270309448, 222.275299072, 212.425323486, 111.000595093, 68.3141021729, 56.351890564, 103.221298218, 31.005443573, 9.73491954803, 11.9872713089, 5.18803739548, 0.87546223402, 0.309624135494, 0.0500926859677, 0.00965106114745, 0.0196922942996, 0.020942106843, 0.019891185686, 0.00089189177379, 4.53253705928e-05], "dvar": [0.0764020234346, 1.46552062035, 8.08035373688, 38.7616615295, 60.26587677, 384.89276123, 661.43572998, 1196.04980469, 1068.28210449, 1877.59802246, 1297.49658203, 3287.80004883, 8721.52832031, 2088.18969727, 6022.88427734, 2262.36547852, 294.833465576, 60.9721565247, 65.641166687, 83.654258728, 76.3571472168, 84.1412658691, 83.5301055908, 48.0192527771, 28.0450286865, 25.3756923676, 47.2478179932, 13.5027961731, 4.42972278595, 5.00851535797, 1.98858511448, 0.363688647747, 0.127581983805, 0.0195543225855, 0.00357803422958, 0.00773435458541, 0.00810381583869, 0.00845877546817, 0.000453923159512, 1.9041915948e-05], "dmean": [0.1318693012, 0.57453584671, 1.55852496624, 3.49790620804, 4.11119842529, 9.60525989532, 12.0170574188, 14.79337883, 15.473487854, 16.082452774, 14.4357643127, 19.1684589386, 30.407365799, 15.28120327, 23.0844154358, 17.3312835693, 7.63565540314, 3.78353333473, 3.85754013062, 3.83853888512, 3.99916982651, 3.90877628326, 3.41715598106, 2.6475379467, 1.88149499893, 1.66343104839, 2.12307620049, 1.33863687515, 0.752791583538, 0.573083102703, 0.349008351564, 0.184579432011, 0.11107134074, 0.0516705848277, 0.0251316167414, 0.0259324349463, 0.0218681506813, 0.0226089321077, 0.00779204070568, 0.00212000659667], "max": [4.97108364105, 30.6647052765, 42.9531822205, 123.014183044, 131.245010376, 476.089538574, 944.408935547, 996.168884277, 1204.33544922, 1818.45935059, 1204.26013184, 1749.69104004, 2004.69677734, 1667.9708252, 3202.96289062, 1507.27819824, 409.850067139, 245.298187256, 393.291809082, 403.4012146, 217.723831177, 266.680847168, 255.06477356, 165.688751221, 252.017990112, 135.274887085, 250.095825195, 102.842201233, 65.6960525513, 87.1102600098, 39.9206390381, 13.0411920547, 8.36467266083, 3.69473099709, 0.95851200819, 2.30803418159, 2.78314757347, 2.98543763161, 0.707852005959, 0.164539858699], "var": [0.166405230761, 1.7972663641, 13.951374054, 85.3923110962, 102.226127625, 1019.75689697, 1749.32214355, 3368.18652344, 5059.39355469, 7220.15429688, 3979.05981445, 6982.93847656, 20401.5507812, 4022.58276367, 13976.3994141, 4067.40527344, 729.946350098, 128.34564209, 164.070846558, 188.531097412, 168.724105835, 185.322006226, 186.600540161, 132.798934937, 72.6177825928, 73.4167480469, 136.034851074, 45.2944946289, 16.3513259888, 8.12436103821, 2.12471079826, 0.428046256304, 0.131325796247, 0.0183116514236, 0.00311306212097, 0.00702649960294, 0.00820419937372, 0.0168105680496, 0.00303577259183, 0.000198727677343], "mean": [0.234085664153, 0.845346271992, 2.3364033699, 5.36653900146, 6.81609010696, 18.2127780914, 21.7803325653, 28.1740493774, 32.483581543, 30.8708686829, 27.4674015045, 32.4016838074, 49.7263526917, 26.1964130402, 39.0276145935, 27.7410049438, 13.6213703156, 7.04023838043, 7.37823057175, 7.39641714096, 7.69772768021, 7.41558885574, 6.37205886841, 5.29386854172, 3.81883859634, 3.35478949547, 4.21435976028, 2.94050002098, 1.70770525932, 1.01296114922, 0.459956586361, 0.219730511308, 0.118836417794, 0.0514388717711, 0.0241859219968, 0.0269880387932, 0.0276507399976, 0.0455568656325, 0.0252964366227, 0.0104924840853]}, "spectral_strongpeak": {"dmean2": 1.93148314953, "median": 0.340211987495, "min": 0, "dvar2": 79.2984542847, "dvar": 28.1772212982, "dmean": 1.06989586353, "max": 111.701934814, "var": 19.2187156677, "mean": 1.16402435303}, "spectral_energy": {"dmean2": 0.012588199228, "median": 0.0204738881439, "min": 0.000187607787666, "dvar2": 0.000339742284268, "dvar": 0.00013517581101, "dmean": 0.00799154583365, "max": 0.199417859316, "var": 0.000940024270676, "mean": 0.0322779379785}, "average_loudness": 0.409764796495, "spectral_rolloff": {"dmean2": 6775.25146484, "median": 1227.39257812, "min": 64.599609375, "dvar2": 123164240, "dvar": 48163184, "dmean": 3538.76123047, "max": 21963.8671875, "var": 90361392, "mean": 7917.55029297}, "spectral_centroid": {"dmean2": 206.891494751, "median": 607.796813965, "min": 157.28855896, "dvar2": 81342.953125, "dvar": 46867.1367188, "dmean": 137.627166748, "max": 3907.54833984, "var": 263144.5625, "mean": 730.302246094}, "pitch_salience": {"dmean2": 0.117917507887, "median": 0.591829836369, "min": 0.127077490091, "dvar2": 0.0107681509107, "dvar": 0.00405566580594, "dmean": 0.0717483311892, "max": 0.854125857353, "var": 0.0120536554605, "mean": 0.581415116787}, "spectral_energyband_middle_high": {"dmean2": 0.0022170082666, "median": 0.000954219081905, "min": 1.61454363479e-06, "dvar2": 2.16507542063e-05, "dvar": 9.3163598649e-06, "dmean": 0.00141632149462, "max": 0.0758448988199, "var": 3.29784306814e-05, "mean": 0.00360821932554}, "spectral_contrast_coeffs": {"dmean2": [0.086205124855, 0.0766486674547, 0.0631208568811, 0.0470343343914, 0.0373792238533, 0.0576416738331], "median": [-0.660758256912, -0.756257534027, -0.811003446579, -0.831362903118, -0.834676265717, -0.767267167568], "min": [-0.883224546909, -0.934282183647, -0.946787297726, -0.972673118114, -0.969622671604, -0.913331508636], "dvar2": [0.00476045161486, 0.00374320778064, 0.00259582931176, 0.00138434686232, 0.00105826242361, 0.00251345080324], "dvar": [0.00179689016659, 0.00138357945252, 0.000977398362011, 0.000502602604683, 0.000404802703997, 0.00099175691139], "dmean": [0.0522532314062, 0.0467537455261, 0.0380538627505, 0.0280558522791, 0.0226714741439, 0.0360574424267], "max": [-0.315147936344, -0.401572108269, -0.487752765417, -0.613230109215, -0.662391066551, -0.475251048803], "var": [0.00724969198927, 0.00504094408825, 0.00376640423201, 0.00175190484151, 0.00173107930459, 0.00526474136859], "mean": [-0.653223872185, -0.748666882515, -0.798513829708, -0.829968929291, -0.835822165012, -0.757891774178]}, "melbands_skewness": {"dmean2": 1.06779623032, "median": 2.04751944542, "min": -1.76427042484, "dvar2": 1.24964368343, "dvar": 0.497878730297, "dmean": 0.673951268196, "max": 11.7131748199, "var": 1.98932731152, "mean": 2.2525370121}, "spectral_spread": {"dmean2": 934042.8125, "median": 3794461, "min": 1079926.875, "dvar2": 784989880320, "dvar": 326631522304, "dmean": 594078.125, "max": 21599980, "var": 878549794816, "mean": 3847518.25}, "dissonance": {"dmean2": 0.0469606928527, "median": 0.45575773716, "min": 0.210589677095, "dvar2": 0.00188398780301, "dvar": 0.000685146544129, "dmean": 0.0278184525669, "max": 0.5, "var": 0.00146946357563, "mean": 0.44708096981}, "spectral_skewness": {"dmean2": 0.698966026306, "median": 2.8813419342, "min": 0.77537804842, "dvar2": 0.738195538521, "dvar": 0.281859725714, "dmean": 0.443694770336, "max": 9.73096752167, "var": 0.838500916958, "mean": 3.00657105446}, "spectral_flux": {"dmean2": 0.0295808855444, "median": 0.0675026103854, "min": 0.005518686492, "dvar2": 0.00110100838356, "dvar": 0.000473221065477, "dmean": 0.0183722991496, "max": 0.319469958544, "var": 0.00276807346381, "mean": 0.0807505473495}, "spectral_contrast_valleys": {"dmean2": [0.625856816769, 0.560957431793, 0.502074897289, 0.4990490973, 0.527338624001, 1.03395938873], "median": [-6.95752096176, -6.46878147125, -7.13723993301, -7.96664714813, -8.18811607361, -11.2737731934], "min": [-11.1384077072, -9.70147705078, -10.3378372192, -11.7418813705, -11.7177944183, -14.6867227554], "dvar2": [0.258603692055, 0.205723643303, 0.164873495698, 0.215086489916, 0.301070541143, 0.723335206509], "dvar": [0.0936525985599, 0.0752170309424, 0.0615972653031, 0.0823862627149, 0.122673973441, 0.264206022024], "dmean": [0.372569859028, 0.339527279139, 0.303837537766, 0.305701643229, 0.336203366518, 0.63854521513], "max": [-4.96663856506, -4.67396497726, -5.18593025208, -5.93871355057, -5.80325365067, -8.69249725342], "var": [0.737610280514, 0.646348714828, 0.796686887741, 0.851400971413, 1.08952653408, 0.945119917393], "mean": [-7.08028364182, -6.55628824234, -7.18272018433, -8.03911590576, -8.23571300507, -11.306517601]}, "erbbands_flatness_db": {"dmean2": 0.0400076881051, "median": 0.160745292902, "min": 0.0478992238641, "dvar2": 0.0014407527633, "dvar": 0.000583303743042, "dmean": 0.0257242396474, "max": 0.385469913483, "var": 0.00219238759018, "mean": 0.163290679455}, "spectral_energyband_high": {"dmean2": 0.000218097178731, "median": 9.01280218386e-05, "min": 8.60173727801e-08, "dvar2": 3.08482839273e-07, "dvar": 1.44578024219e-07, "dmean": 0.00014835051843, "max": 0.00893749576062, "var": 6.95067058132e-07, "mean": 0.000428474828368}, "spectral_entropy": {"dmean2": 0.374529063702, "median": 7.19540786743, "min": 4.25622367859, "dvar2": 0.1631719172, "dvar": 0.0642