{"tonal": {"thpcp": [1, 0.799349606037, 0.336601316929, 0.19736763835, 0.178617492318, 0.166658371687, 0.242844074965, 0.270281791687, 0.227345347404, 0.234868898988, 0.266699582338, 0.301522016525, 0.421638220549, 0.487209677696, 0.477260738611, 0.509742319584, 0.45622998476, 0.349806338549, 0.301575511694, 0.319171190262, 0.411162346601, 0.588473975658, 0.690469145775, 0.579366266727, 0.385099112988, 0.281415015459, 0.323241025209, 0.590588986874, 0.647060275078, 0.417111247778, 0.317789644003, 0.2565099895, 0.202677443624, 0.206481814384, 0.260003805161, 0.590394377708], "hpcp": {"dmean2": [0.239503756166, 0.292245835066, 0.27816799283, 0.295387327671, 0.276521086693, 0.242073267698, 0.212070524693, 0.200403422117, 0.227273598313, 0.292686700821, 0.331897139549, 0.347635298967, 0.257635354996, 0.196120038629, 0.193814456463, 0.251634657383, 0.27803003788, 0.237896561623, 0.19555105269, 0.170945882797, 0.144891560078, 0.141281440854, 0.182000204921, 0.306105494499, 0.372516095638, 0.295648008585, 0.17471036315, 0.135912135243, 0.130895391107, 0.12378898263, 0.158268883824, 0.169784829021, 0.153589919209, 0.164447456598, 0.172250702977, 0.183639004827], "median": [0.0429980866611, 0.054015673697, 0.0571374744177, 0.065872579813, 0.0566695034504, 0.0283442437649, 0.0171204339713, 0.0178049951792, 0.0334246642888, 0.0736236870289, 0.094828158617, 0.0594362094998, 0.0298457853496, 0.0149755328894, 0.0275113973767, 0.0558291301131, 0.0710440129042, 0.048884883523, 0.0207485929132, 0.0139639340341, 0.0122758978978, 0.0132065732032, 0.0114927273244, 0.0385843887925, 0.118287056684, 0.12626041472, 0.0415793433785, 0.0142748467624, 0.0107185672969, 0.0115014100447, 0.0145229455084, 0.015722412616, 0.0131271602586, 0.0117169581354, 0.0129482988268, 0.0250394232571], "min": [0, 0, 0, 0, 0, 0, 0, 0, 0, 0, 0, 0, 0, 0, 0, 0, 0, 0, 0, 0, 0, 0, 0, 0, 0, 0, 0, 0, 0, 0, 0, 0, 0, 0, 0, 0], "dvar2": [0.119366973639, 0.165420755744, 0.138945415616, 0.15396527946, 0.151095107198, 0.135838970542, 0.123326815665, 0.111320890486, 0.108787335455, 0.132180452347, 0.152031034231, 0.190948501229, 0.136780589819, 0.106857962906, 0.0906193181872, 0.116615496576, 0.133680701256, 0.12558349967, 0.114958785474, 0.105004921556, 0.0808902904391, 0.0768715143204, 0.0951512083411, 0.162002593279, 0.176740601659, 0.13068446517, 0.0750618800521, 0.074520803988, 0.0814485028386, 0.0657323747873, 0.0924317315221, 0.103453189135, 0.0867668688297, 0.0944117978215, 0.0980916842818, 0.0952898561954], "dvar": [0.0428573526442, 0.0602743290365, 0.0564651452005, 0.0577109344304, 0.0564453527331, 0.0513145029545, 0.0479504354298, 0.0453620627522, 0.0482950396836, 0.054988604039, 0.0623642876744, 0.0740480720997, 0.049570094794, 0.0390445478261, 0.0331027954817, 0.0474969446659, 0.054398637265, 0.0479287691414, 0.0422913245857, 0.0377447456121, 0.0287006627768, 0.0274482183158, 0.0344142913818, 0.0691858455539, 0.0842396020889, 0.0539630018175, 0.0261746309698, 0.0262703262269, 0.0285909231752, 0.0226913932711, 0.0328931882977, 0.0385106913745, 0.0336003825068, 0.0350173041224, 0.0369349941611, 0.035750836134], "dmean": [0.135068833828, 0.165421709418, 0.160334572196, 0.170141369104, 0.15697671473, 0.136311605573, 0.121254734695, 0.117917433381, 0.135035350919, 0.172247290611, 0.193392172456, 0.196215689182, 0.144720107317, 0.108462847769, 0.109109915793, 0.145827487111, 0.16032423079, 0.1351634413, 0.110556945205, 0.0954639241099, 0.0795012488961, 0.0785311609507, 0.100728318095, 0.176303982735, 0.217839926481, 0.172039479017, 0.0995011329651, 0.0765419974923, 0.0728856027126, 0.0669476613402, 0.0871934741735, 0.0958204567432, 0.0870764628053, 0.09229952842, 0.0976619422436, 0.105046451092], "max": [1, 1, 1, 1, 1, 1, 1, 1, 1, 1, 1, 1, 1, 1, 1, 1, 1, 1, 1, 1, 1, 1, 1, 1, 1, 1, 1, 1, 1, 1, 1, 1, 1, 1, 1, 1], "var": [0.0494380407035, 0.0639299750328, 0.0608293749392, 0.0634574815631, 0.0555639192462, 0.0424053147435, 0.0396333374083, 0.0441067405045, 0.0556359700859, 0.0750921815634, 0.0922985598445, 0.0827668234706, 0.046653304249, 0.0331373773515, 0.0325814671814, 0.084357611835, 0.0943326726556, 0.0473694205284, 0.0390037074685, 0.0332213938236, 0.0223848167807, 0.0235678385943, 0.0320229828358, 0.0883732661605, 0.149288326502, 0.103379607201, 0.028693286702, 0.0215433724225, 0.0210470799357, 0.0164547041059, 0.0280742179602, 0.0342952348292, 0.0281388629228, 0.0288804192096, 0.0338516682386, 0.0327380299568], "mean": [0.142308682203, 0.164439946413, 0.161082044244, 0.172045022249, 0.153983876109, 0.118064433336, 0.101785868406, 0.107724659145, 0.138772934675, 0.198618039489, 0.233042806387, 0.195544064045, 0.12997622788, 0.0949814319611, 0.109098277986, 0.199331879616, 0.21839171648, 0.140780761838, 0.107258364558, 0.0865756422281, 0.0684064179659, 0.0696904435754, 0.0877548456192, 0.199266195297, 0.337513715029, 0.269791454077, 0.113607563078, 0.0666142851114, 0.0602858550847, 0.0562494881451, 0.0819632038474, 0.0912238135934, 0.076732173562, 0.0792714729905, 0.090014770627, 0.10176781565]}, "tuning_equal_tempered_deviation": 0.216033816338, "chords_changes_rate": 0.0724725946784, "key_key": "A#", "tuning_diatonic_strength": 0.66704338789, "key_scale": "major", "chords_number_rate": 0.000783017254435, "tuning_frequency": 434.193115234, "tuning_nontempered_energy_ratio": 0.902426600456, "chords_histogram": [38.8985557556, 15.8256483078, 20.6107540131, 2.72316002846, 0.121802680194, 0, 4.74160432816, 0.0348007641733, 0.0696015283465, 0.261005729437, 0.269705921412, 0, 0.00870019104332, 0, 0, 0, 0, 7.36906194687, 0.0261005740613, 3.27127194405, 2.54045581818, 2.33165121078, 0.174003824592, 0.72211587429], "key_strength": 0.736105799675, "chords_key": "A#", "chords_strength": {"dmean2": 0.0120135508478, "median": 0.527502655983, "min": -1, "dvar2": 0.000402010453399, "dvar": 0.000216949061723, "dmean": 0.00975769851357, "max": 0.799443542957, "var": 0.0204627085477, "mean": 0.520041227341}, "chords_scale": "major", "hpcp_entropy": {"dmean2": 1.17773199081, "median": 2.6035399437, "min": 0, "dvar2": 0.858774721622, "dvar": 0.320827752352, "dmean": 0.696878731251, "max": 4.76720094681, "var": 0.82031005621, "mean": 2.61442422867}}, "metadata": {"audio_properties": {"equal_loudness": 0, "codec": "flac", "downmix": "mix", "sample_rate": 44100, "analysis_sample_rate": 44100, "bit_rate": 0, "md5_encoded": "b53cd94a2a01ffff870e2caa7a378f1e", "length": 533.706665039, "replay_gain": -12.8749923706, "lossless": true}, "version": {"essentia_build_sha": "70f2e5ece6736b2c40cc944ad0e695b16b925413", "essentia": "2.1-beta2", "extractor": "music 1.0", "essentia_git_sha": "v2.1_beta2"}, "tags": {"title": ["Space Age"], "barcode": ["675744001424"], "media": ["CD"], "albumartist": ["Various Artists"], "tracktotal": ["9"], "musicbrainz_releasegroupid": ["47016841-99f9-3cb7-aba8-3493a40b12a0"], "releasetype": ["album", "compilation"], "musicbrainz_recordingid": ["157d671c-c317-4d2b-830f-f7e2f080668b"], "musicbrainz_albumartistid": ["89ad4ac3-39f7-470e-963a-56509c546377"], "originalyear": ["2000"], "musicbrainz_releasetrackid": ["61bb2214-2e3b-37c5-b8e4-fd13e5149c43"], "discnumber": ["1"], "album": ["Points in Time 008"], "catalognumber": ["GLRPIT008"], "releasecountry": ["GB"], "file_name": "05. Alaska & Paradox - Space Age.flac", "compilation": ["1"], "originaldate": ["2000"], "albumartistsort": ["Various Artists"], "date": ["2000"], "genre": ["Drum & Bass"], "disctotal": ["1"], "musicbrainz_artistid": ["cc4a46b2-41e4-450f-ad9c-e6afc4abc989"], "asin": ["B0000509EO"], "musicbrainz_albumid": ["fd91eb73-9cda-4e85-a913-c97b4c909c7b"], "tracknumber": ["5"], "artistsort": ["Alaska & Paradox"], "artist": ["Alaska & Paradox"], "label": ["Good Looking Records"], "releasestatus": ["official"], "totaldiscs": ["1"], "script": ["Latn"], "totaltracks": ["9"]}}, "rhythm": {"bpm_histogram_first_peak_bpm": {"dmean2": 0, "median": 88, "min": 88, "dvar2": 0, "dvar": 0, "dmean": 0, "max": 88, "var": 0, "mean": 88}, "bpm": 87.4723052979, "bpm_histogram_second_peak_spread": {"dmean2": 0, "median": 0, "min": 0, "dvar2": 0, "dvar": 0, "dmean": 0, "max": 0, "var": 0, "mean": 0}, "bpm_histogram_first_peak_weight": {"dmean2": 0, "median": 0.421520233154, "min": 0.421520233154, "dvar2": 0, "dvar": 0, "dmean": 0, "max": 0.421520233154, "var": 0, "mean": 0.421520233154}, "onset_rate": 6.65889358521, "beats_position": [0.359909296036, 0.731428563595, 1.09133780003, 1.46285712719, 1.82276642323, 2.18267560005, 2.54258489609, 2.90249419212, 3.25079369545, 3.59909296036, 3.93578219414, 4.27247142792, 4.62077093124, 4.96907043457, 5.31736946106, 5.65405893326, 5.99074840546, 6.33904743195, 6.67573690414, 7.01242637634, 7.36072540283, 7.70902490616, 8.05732440948, 8.40562343597, 8.74231243134, 9.07900238037, 9.42730140686, 9.77560043335, 10.1239004135, 10.4605894089, 10.7972784042, 11.1455783844, 11.4938774109, 11.8305664062, 12.1672563553, 12.5155553818, 12.8638544083, 13.2005443573, 13.5372333527, 13.8855323792, 14.2338323593, 14.5705213547, 14.90721035, 15.2555103302, 15.6038093567, 15.9404983521, 16.2771873474, 16.6254863739, 16.9737873077, 17.3104763031, 17.6471652985, 17.995464325, 18.3437633514, 18.6920623779, 19.0287532806, 19.365442276, 19.7137413025, 20.062040329, 20.3987293243, 20.7354183197, 21.0837192535, 21.43201828, 21.7803173065, 22.1170063019, 22.4536952972, 22.8019943237, 23.1502952576, 23.4869842529, 23.8236732483, 24.1719722748, 24.5202713013, 24.8569602966, 25.2052612305, 25.5419502258, 25.8902492523, 26.2385482788, 26.5868473053, 26.9119262695, 27.2602272034, 27.6085262299, 27.9568252563, 28.2935142517, 28.6302032471, 28.9785022736, 29.3151912689, 29.6634922028, 30.0001811981, 30.3484802246, 30.6967792511, 31.0334682465, 31.3701572418, 31.7184581757, 32.0667572021, 32.4034461975, 32.7401351929, 33.0884361267, 33.4367332458, 33.7734222412, 34.1101112366, 34.4584121704, 34.8067131042, 35.1550102234, 35.4916992188, 35.8283882141, 36.1766891479, 36.5249862671, 36.8616790771, 37.1983680725, 37.5466651917, 37.8949661255, 38.2432632446, 38.57995224, 38.91664505, 39.2649421692, 39.6016311646, 39.9383201599, 40.2866210938, 40.6349182129, 40.9832191467, 41.3315200806, 41.6682090759, 42.0048980713, 42.3531951904, 42.7014961243, 43.0497932434, 43.374874115, 43.7231750488, 44.071472168, 44.4197731018, 44.7448501587, 45.0931510925, 45.4414520264, 45.7781410217, 46.1148300171, 46.4631271362, 46.8114280701, 47.1597251892, 47.4964179993, 47.8331069946, 48.1814041138, 48.5297050476, 48.866394043, 49.2030830383, 49.5513839722, 49.8996810913, 50.2363700867, 50.573059082, 50.9213600159, 51.269657135, 51.6179580688, 51.9546470642, 52.2913360596, 52.6396369934, 52.9879341125, 53.3246231079, 53.661315918, 54.0096130371, 54.3579139709, 54.7062110901, 55.0429000854, 55.3795890808, 55.7278900146, 56.06457901, 56.4012680054, 56.7495689392, 57.0978660583, 57.4461669922, 57.7828559875, 58.1195449829, 58.4678459167, 58.8161430359, 59.1644439697, 59.5011329651, 59.8378219604, 60.1861228943, 60.5344200134, 60.8711090088, 61.2077980042, 61.556098938, 61.8927879333, 62.2294769287, 62.5777778625, 62.9260749817, 63.2743759155, 63.6226730347, 63.95936203, 64.2960510254, 64.6443557739, 64.9926528931, 65.3293380737, 65.6660308838, 66.0143280029, 66.3626327515, 66.6993179321, 67.0360107422, 67.3843078613, 67.7326049805, 68.0809020996, 68.4292068481, 68.7658920288, 69.1025848389, 69.450881958, 69.7875747681, 70.1242599487, 70.4725646973, 70.8208618164, 71.1691589355, 71.5058517456, 71.8425369263, 72.1908340454, 72.5275268555, 72.8642196655, 73.2125167847, 73.5608139038, 73.9091110229, 74.245803833, 74.5824966431, 74.9307937622, 75.2790908813, 75.6273880005, 75.9640808105, 76.3007659912, 76.6490707397, 76.9973678589, 77.3340606689, 77.6707458496, 78.0190429688, 78.3673477173, 78.7156448364, 79.0523376465, 79.3890228271, 79.7373199463, 80.0856246948, 80.4223098755, 80.7590026855, 81.1072998047, 81.4555969238, 81.7922897339, 82.1289749146, 82.4772796631, 82.8255767822, 83.1622695923, 83.4989547729, 83.8472518921, 84.1955566406, 84.5438537598, 84.8805389404, 85.2172317505, 85.5655288696, 85.9022216797, 86.2389068604, 86.5872116089, 86.935508728, 87.2838058472, 87.6321105957, 87.9687957764, 88.3054885864, 88.6537857056, 88.9904708862, 89.3387756348, 89.6754608154, 90.023765564, 90.3720626831, 90.7203598022, 91.0570526123, 91.393737793, 91.7420425415, 92.0903396606, 92.4270248413, 92.7637176514, 93.1120147705, 93.460319519, 93.7970046997, 94.1336975098, 94.4819946289, 94.830291748, 95.1669845581, 95.5036697388, 95.8519744873, 96.2002716064, 96.5485687256, 96.8852615356, 97.2219467163, 97.5702438354, 97.918548584, 98.2552337646, 98.5919265747, 98.9402236938, 99.288520813, 99.625213623, 99.9619064331, 100.310203552, 100.658500671, 101.006797791, 101.343490601, 101.680175781, 102.02848053, 102.36516571, 102.701858521, 103.05015564, 103.398452759, 103.746757507, 104.095054626, 104.431747437, 104.768432617, 105.116729736, 105.453422546, 105.790107727, 106.138412476, 106.486709595, 106.835006714, 107.171699524, 107.508384705, 107.856689453, 108.204986572, 108.553283691, 108.889976501, 109.226661682, 109.574966431, 109.911651611, 110.248344421, 110.596641541, 110.94493866, 111.293243408, 111.629928589, 111.966621399, 112.314918518, 112.651611328, 112.988296509, 113.336593628, 113.684898376, 114.033195496, 114.369888306, 114.718185425, 115.054870605, 115.403175354, 115.751472473, 116.088157654, 116.424850464, 116.773147583, 117.121452332, 117.469749451, 117.806434631, 118.143127441, 118.491424561, 118.828117371, 119.164802551, 119.5131073, 119.84979248, 120.1980896, 120.53478241, 120.883079529, 121.231384277, 121.579681396, 121.927978516, 122.264671326, 122.601356506, 122.949661255, 123.297958374, 123.646255493, 123.982948303, 124.319633484, 124.667930603, 125.004623413, 125.341316223, 125.689613342, 126.026298523, 126.362991333, 126.711288452, 127.059593201, 127.40789032, 127.756187439, 128.092880249, 128.42956543, 128.777862549, 129.126159668, 129.462860107, 129.799545288, 130.147842407, 130.484527588, 130.821228027, 131.169525146, 131.517822266, 131.866119385, 132.214416504, 132.562713623, 132.911010742, 133.2709198, 133.630844116, 134.002349854, 134.362258911, 134.733779907, 135.279449463, 135.81350708, 136.324356079, 137.009338379, 137.694335938, 138.379318237, 139.064300537, 139.760910034, 140.434280396, 141.119277954, 141.804260254, 142.500854492, 143.185852051, 143.870834351, 144.555831909, 145.240814209, 145.937408447, 146.610794067, 147.307388306, 147.980773926, 148.677368164, 149.362350464, 150.047348022, 150.732330322, 151.417327881, 152.090698242, 152.78729248, 153.472290039, 154.157272339, 154.842269897, 155.527252197, 156.223846436, 156.897232056, 157.582214355, 158.267211914, 158.963806152, 159.648788452, 160.333786011, 161.018768311, 161.703765869, 162.388748169, 163.073745728, 163.770339966, 164.443710327, 165.140319824, 165.813690186, 166.510284424, 167.183670044, 167.880264282, 168.565261841, 169.250244141, 169.935241699, 170.620223999, 171.305206299, 171.990203857, 172.675186157, 173.360183716, 174.045166016, 174.730148315, 175.426757812, 176.100128174, 176.785125732, 177.470108032, 178.166702271, 178.863311768, 179.548294067, 180.233291626, 180.906661987, 181.603256226, 182.288253784, 182.973236084, 183.646621704, 184.343215942, 185.016601562, 185.713195801, 186.398178101, 187.083175659, 187.768157959, 188.453155518, 189.138137817, 189.823120117, 190.508117676, 191.193099976, 191.889694214, 192.574691772, 193.259674072, 193.944671631, 194.629653931, 195.314651489, 195.999633789, 196.684616089, 197.369613647, 198.042984009, 198.727981567, 199.412963867, 200.109558105, 200.806167603, 201.491149902, 202.176147461, 202.861129761, 203.546112061, 204.231109619, 204.916091919, 205.601089478, 206.286071777, 206.971069336, 207.656051636, 208.352645874, 209.037643433, 209.722625732, 210.407608032, 211.092605591, 211.777587891, 212.462585449, 213.147567749, 213.832565308, 214.529159546, 215.202529907, 215.899139404, 216.584121704, 217.269119263, 217.942489624, 218.639083862, 219.324081421, 220.009063721, 220.694061279, 221.379043579, 222.075637817, 222.749023438, 223.434005737, 224.119003296, 224.815597534, 225.500579834, 226.185577393, 226.870559692, 227.555557251, 228.240539551, 228.925521851, 229.622131348, 230.295501709, 230.992111206, 231.677093506, 232.362075806, 233.047073364, 233.732055664, 234.417053223, 235.102035522, 235.787017822, 236.472015381, 237.156997681, 237.841995239, 238.526977539, 239.211975098, 239.896957397, 240.581939697, 241.278549194, 241.951919556, 242.636917114, 243.321899414, 244.018493652, 244.703491211, 245.388473511, 246.073471069, 246.758453369, 247.455047607, 248.140045166, 248.825027466, 249.498413086, 250.195007324, 250.868392944, 251.564987183, 252.249969482, 252.934967041, 253.619949341, 254.304931641, 254.989929199, 255.674911499, 256.359893799, 257.044891357, 257.741485596, 258.414855957, 259.099853516, 259.784851074, 260.481445312, 261.154815674, 261.839813232, 262.524810791, 263.221405029, 263.906402588, 264.591369629, 265.276367188, 265.961364746, 266.657958984, 267.342956543, 268.027923584, 268.712921143, 269.397918701, 270.082885742, 270.767883301, 271.452880859, 272.137878418, 272.822845459, 273.507843018, 274.192840576, 274.877807617, 275.562805176, 276.247802734, 276.944396973, 277.617767334, 278.302764893, 278.987762451, 279.684356689, 280.36932373, 281.054321289, 281.739318848, 282.424316406, 283.120910645, 283.794281006, 284.490875244, 285.175872803, 285.860870361, 286.545837402, 287.230834961, 287.91583252, 288.600799561, 289.285797119, 289.970794678, 290.655792236, 291.340759277, 292.025756836, 292.710754395, 293.395721436, 294.080718994, 294.765716553, 295.450683594, 296.14730835, 296.832275391, 297.517272949, 298.202270508, 298.887237549, 299.572235107, 300.257232666, 300.953826904, 301.627197266, 302.323791504, 303.008789062, 303.693786621, 304.367156982, 305.063751221, 305.7371521, 306.433746338, 307.118713379, 307.803710938, 308.488708496, 309.173675537, 309.858673096, 310.543670654, 311.228668213, 311.913635254, 312.598632812, 313.283630371, 313.968597412, 314.653594971, 315.338592529, 316.023590088, 316.708557129, 317.393554688, 318.078552246, 318.763519287, 319.448516846, 320.133514404, 320.830108643, 321.515106201, 322.200073242, 322.885070801, 323.570068359, 324.255065918, 324.940032959, 325.625030518, 326.310028076, 326.994995117, 327.679992676, 328.364990234, 329.049957275, 329.734954834, 330.419952393, 331.104949951, 331.789916992, 332.48651123, 333.171508789, 333.856506348, 334.553100586, 335.238098145, 335.923065186, 336.608062744, 337.293060303, 337.978057861, 338.663024902, 339.348022461, 340.03302002, 340.729614258, 341.402984619, 342.099578857, 342.772949219, 343.469573975, 344.154541016, 344.839538574, 345.524536133, 346.209503174, 346.894500732, 347.579498291, 348.276092529, 348.949462891, 349.634460449, 350.319458008, 351.016052246, 351.689422607, 352.374420166, 353.059417725, 353.756011963, 354.440979004, 355.125976562, 355.810974121, 356.49597168, 357.192565918, 357.865936279, 358.562530518, 359.235900879, 359.932525635, 360.605895996, 361.302490234, 361.975860596, 362.672454834, 363.345855713, 364.042449951, 364.727416992, 365.412414551, 366.097412109, 366.782409668, 367.479003906, 368.152374268, 368.837371826, 369.522338867, 370.218963623, 370.903930664, 371.588928223, 372.273925781, 372.958892822, 373.643890381, 374.328887939, 375.025482178, 375.698852539, 376.395446777, 377.080444336, 377.765441895, 378.450408936, 379.135406494, 379.820404053, 380.505401611, 381.20199585, 381.875366211, 382.56036377, 383.245330811, 383.941955566, 384.626922607, 385.311920166, 385.996917725, 386.681884766, 387.366882324, 388.051879883, 388.748474121, 389.421844482, 390.118438721, 390.7918396, 391.488433838, 392.173431396, 392.858398438, 393.531799316, 394.228393555, 394.913360596, 395.598358154, 396.283355713, 396.968322754, 397.653320312, 398.338317871, 399.02331543, 399.708282471, 400.404876709, 401.089874268, 401.774871826, 402.459869385, 403.144836426, 403.829833984, 404.514831543, 405.199798584, 405.884796143, 406.581390381, 407.25479126, 407.951385498, 408.624755859, 409.321350098, 409.994720459, 410.691345215, 411.376312256, 412.061309814, 412.746307373, 413.431274414, 414.116271973, 414.801269531, 415.486236572, 416.171234131, 416.867828369, 417.541229248, 418.226196289, 418.911193848, 419.607788086, 420.292785645, 420.977783203, 421.662750244, 422.347747803, 423.044342041, 423.717712402, 424.414337158, 425.08770752, 425.784301758, 426.457672119, 427.154266357, 427.839263916, 428.524261475, 429.209259033, 429.894226074, 430.579223633, 431.264221191, 431.949188232, 432.634185791, 433.31918335, 434.004150391, 434.689147949, 435.374145508, 436.070739746, 436.744110107, 437.429107666, 438.125701904, 438.810699463, 439.507293701, 440.180664062, 440.865661621, 441.55065918, 442.247253418, 442.920623779, 443.617218018, 444.302215576, 444.987213135, 445.660583496, 446.357177734, 447.042175293, 447.727142334, 448.400543213, 449.097137451, 449.78213501, 450.467102051, 451.152099609, 451.837097168, 452.533691406, 453.207061768, 453.892059326, 454.577056885, 455.273651123, 455.958618164, 456.643615723, 457.328613281, 458.01361084, 458.698577881, 459.383575439, 460.080169678, 460.753540039, 461.450164795, 462.135131836, 462.820129395, 463.493499756, 464.190093994, 464.875091553, 465.560089111, 466.245056152, 466.930053711, 467.61505127, 468.300048828, 468.996643066, 469.670013428, 470.355010986, 471.039978027, 471.736602783, 472.421569824, 473.106567383, 473.803161621, 474.476531982, 475.173156738, 475.858123779, 476.543121338, 477.216491699, 477.913085938, 478.598083496, 479.283081055, 479.968078613, 480.653045654, 481.338043213, 482.023040771, 482.708007812, 483.393005371, 484.07800293, 484.762969971, 485.459594727, 486.144561768, 486.829559326, 487.514556885, 488.199523926, 488.896148682, 489.581115723, 490.266113281, 490.939483643, 491.636077881, 492.321075439, 493.006072998, 493.691070557, 494.376037598, 495.061035156, 495.746032715, 496.430999756, 497.115997314, 497.800994873, 498.485992432, 499.18258667, 499.867553711, 500.55255127, 501.249145508, 501.957366943, 502.688781738, 503.43182373, 503.965881348, 504.488342285, 505.010772705, 505.359069824, 505.695770264, 506.032470703, 506.380767822, 506.729064941, 507.065765381, 507.402435303, 507.750732422, 508.099029541, 508.44732666, 508.7840271, 509.120727539, 509.469024658, 509.80569458, 510.14239502, 510.490692139, 510.838989258, 511.187286377, 511.523986816, 511.860656738, 512.208984375, 512.545654297, 512.882324219, 513.230651855, 513.578918457, 513.927246094, 514.263916016, 514.600646973, 514.948913574, 515.297241211, 515.645507812, 515.98223877, 516.318908691, 516.667175293, 517.00390625, 517.340576172, 517.688903809, 518.03717041, 518.385498047, 518.733764648, 519.070495605, 519.407165527, 519.755432129, 520.092163086, 520.428833008, 520.777160645, 521.125427246, 521.473754883, 521.810424805, 522.147094727, 522.495422363, 522.843688965, 523.180419922, 523.517089844, 523.86541748, 524.213684082, 524.562011719, 524.898681641, 525.235351562, 525.583679199, 525.920349121, 526.257019043, 526.60534668, 526.953613281, 527.301940918, 527.63861084, 527.975341797, 528.323608398, 528.671936035, 529.020202637, 529.356933594, 529.693603516, 530.041870117, 530.390197754, 530.726867676, 531.063598633, 531.411865234, 531.760192871, 532.120056152, 532.514831543, 532.909545898], "beats_loudness": {"dmean2": 0.0438191927969, "median": 0.0345128960907, "min": 0, "dvar2": 0.0011464204872, "dvar": 0.000407060753787, "dmean": 0.0243129525334, "max": 0.146393015981, "var": 0.00111640663818, "mean": 0.0381058230996}, "danceability": 1.23439049721, "bpm_histogram_second_peak_weight": {"dmean2": 0, "median": 0.248766034842, "min": 0.248766034842, "dvar2": 0, "dvar": 0, "dmean": 0, "max": 0.248766034842, "var": 0, "mean": 0.248766034842}, "beats_count": 1014, "bpm_histogram_second_peak_bpm": {"dmean2": 0, "median": 172, "min": 172, "dvar2": 0, "dvar": 0, "dmean": 0, "max": 172, "var": 0, "mean": 172}, "bpm_histogram_first_peak_spread": {"dmean2": 0, "median": 0.198874354362, "min": 0.198874354362, "dvar2": 0, "dvar": 0, "dmean": 0, "max": 0.198874354362, "var": 0, "mean": 0.198874354362}, "beats_loudness_band_ratio": {"dmean2": [0.464284390211, 0.0572222992778, 0.18129992485, 0.0475309379399, 0.11103978008, 0.389122724533], "median": [0.209942400455, 0.0199042949826, 0.0333997830749, 0.0227427631617, 0.0560337230563, 0.249655395746], "min": [0, 0, 0, 0, 0, 0], "dvar2": [0.237528339028, 0.0135033288971, 0.0731952115893, 0.00224061310291, 0.00964528881013, 0.149094894528], "dvar": [0.0861470773816, 0.004656850826, 0.0259273257107, 0.000909097841941, 0.00312479329295, 0.0497432798147], "dmean": [0.267895340919, 0.0327538996935, 0.102531641722, 0.0267120450735, 0.0631714686751, 0.233829855919], "max": [0.996804356575, 0.733764588833, 0.910158574581, 0.479245364666, 0.522468626499, 0.936186730862], "var": [0.123762585223, 0.00645594671369, 0.0349562987685, 0.00156376801897, 0.00479948893189, 0.0714572370052], "mean": [0.41202288866, 0.0398649685085, 0.115385279059, 0.0331719890237, 0.0765509828925, 0.329016029835]}}, "lowlevel": {"barkbands_spread": {"dmean2": 18.1808357239, "median": 25.9485549927, "min": 0.00529639841989, "dvar2": 369.402984619, "dvar": 174.811447144, "dmean": 11.9171276093, "max": 119.028320312, "var": 524.551574707, "mean": 30.7112407684}, "melbands_spread": {"dmean2": 28.0571613312, "median": 18.157585144, "min": 0.141461059451, "dvar2": 1643.66711426, "dvar": 792.467956543, "dmean": 19.0391750336, "max": 244.284347534, "var": 2748.28100586, "mean": 43.3340263367}, "hfc": {"dmean2": 20.7723560333, "median": 9.74117469788, "min": 1.08419641531e-16, "dvar2": 798.374023438, "dvar": 476.439208984, "dmean": 15.1647396088, "max": 201.825302124, "var": 1077.47888184, "mean": 23.6880664825}, "barkbands_kurtosis": {"dmean2": 69.9353256226, "median": 3.34461092949, "min": -1.92657768726, "dvar2": 459862.0625, "dvar": 168696.53125, "dmean": 41.3090782166, "max": 22316.046875, "var": 188100.453125, "mean": 48.7200698853}, "gfcc": {"mean": [-47.8369979858, 25.9278373718, -80.8164825439, 52.5019416809, -64.9531097412, 19.8068027496, -32.4897994995, 18.3254089355, -18.5827617645, 7.46010494232, -21.4043121338, -5.2538933754, -12.7237119675], "icov": [[0.000101485253253, -5.98977712798e-05, 0.00017622980522, -0.000201234142878, 9.57837255555e-05, -0.000306907226332, 5.53393656446e-05, -4.60234623461e-05, 0.000308949034661, -0.000292643235298, 0.00024106062483, -0.000190198945347, 8.73053868418e-05], [-5.98977712798e-05, 0.000879379746038, -0.000155712783453, 0.000524660455994, -0.000485262018628, 0.00022433581762, -0.000739648472518, 0.00101461657323, -0.000905783323105, 0.000881387793925, -0.000818875152618, 0.000812097568996, -0.000667592859827], [0.00017622980522, -0.000155712783453, 0.00206697057001, -0.000833446276374, -8.40803986648e-05, -0.00103404093534, -0.000595730787609, 0.000216825967073, 3.60849589924e-05, -0.000827288196888, 0.000512934930157, -0.00233968370594, 0.000979177420959], [-0.000201234142878, 0.000524660455994, -0.000833446276374, 0.00265616737306, -0.00107843487058, -0.000432577129686, -0.000356676900992, -0.000473965978017, 0.000593616452534, 0.00220302515663, -0.00365405250341, 0.00254146661609, -0.000148226201418], [9.57837255555e-05, -0.000485262018628, -8.40803986648e-05, -0.00107843487058, 0.00416706362739, -0.00152654468548, -0.00232924846932, 0.00215793051757, -0.00106009736191, -0.000970250344835, 0.00100179295987, -0.00101546861697, 0.000827040988952], [-0.000306907226332, 0.00022433581762, -0.00103404093534, -0.000432577129686, -0.00152654468548, 0.00858220923692, -0.000626392255072, -0.00247504841536, -0.000867509515956, 0.000156745038112, -2.46256204264e-05, 0.000800722744316, -0.00252852146514], [5.53393656446e-05, -0.000739648472518, -0.000595730787609, -0.000356676900992, -0.00232924846932, -0.000626392255072, 0.011225883849, -0.0064041512087, 0.000193628337001, 0.00245090248063, -0.00250429846346, 0.000191557046492, -0.00129788485356], [-4.60234623461e-05, 0.00101461657323, 0.000216825967073, -0.000473965978017, 0.00215793051757, -0.00247504841536, -0.0064041512087, 0.0148465372622, -0.0077991229482, -0.00087740982417, 0.0050953454338, -0.00331691396423, 0.00217368896119], [0.000308949034661, -0.000905783323105, 3.60849589924e-05, 0.000593616452534, -0.00106009736191, -0.000867509515956, 0.000193628337001, -0.0077991229482, 0.0153022743762, -0.00752853835002, -0.000448935781606, 0.00603516027331, -0.00417826650664], [-0.000292643235298, 0.000881387793925, -0.000827288196888, 0.00220302515663, -0.000970250344835, 0.000156745038112, 0.00245090248063, -0.00087740982417, -0.00752853835002, 0.0163669902831, -0.00938173569739, -0.000265866954578, 0.00185211142525], [0.00024106062483, -0.000818875152618, 0.000512934930157, -0.00365405250341, 0.00100179295987, -2.46256204264e-05, -0.00250429846346, 0.0050953454338, -0.000448935781606, -0.00938173569739, 0.0200280323625, -0.011028027162, 0.00068374176044], [-0.000190198945347, 0.000812097568996, -0.00233968370594, 0.00254146661609, -0.00101546861697, 0.000800722744316, 0.000191557046492, -0.00331691396423, 0.00603516027331, -0.000265866954578, -0.011028027162, 0.0203186292201, -0.00647275568917], [8.73053868418e-05, -0.000667592859827, 0.000979177420959, -0.000148226201418, 0.000827040988952, -0.00252852146514, -0.00129788485356, 0.00217368896119, -0.00417826650664, 0.00185211142525, 0.00068374176044, -0.00647275568917, 0.0170037671924]], "cov": [[16114.7822266, -461.957763672, -703.799987793, 1265.72045898, -122.355522156, 424.100708008, -147.258804321, -110.681098938, -531.606872559, -127.142944336, -8.24711322784, 14.0102729797, -88.5059967041], [-461.957763672, 2008.28613281, 211.246841431, -65.1433563232, 424.698455811, 94.2270584106, 246.410064697, -32.0625724792, 193.45401001, 14.0332365036, 87.9425735474, -12.7248630524, 122.377548218], [-703.799987793, 211.246841431, 1320.07897949, 688.359130859, 532.246398926, 328.8487854, 344.036865234, 129.959533691, 128.076293945, 154.99420166, 288.835296631, 223.139846802, 62.4664764404], [1265.72045898, -65.1433563232, 688.359130859, 1230.28479004, 490.948303223, 311.392089844, 272.218322754, 61.1850128174, -20.4677352905, 16.8567523956, 249.46321106, 108.119003296, 21.6715869904], [-122.355522156, 424.698455811, 532.246398926, 490.948303223, 670.608459473, 258.948760986, 292.965942383, 79.9407501221, 134.609207153, 84.9371185303, 165.38961792, 84.8724060059, 58.4468727112], [424.100708008, 94.2270584106, 328.8487854, 311.392089844, 258.948760986, 301.680480957, 183.09727478, 128.674636841, 109.66166687, 60.190952301, 79.3727798462, 46.6984062195, 50.0672187805], [-147.258804321, 246.410064697, 344.036865234, 272.218322754, 292.965942383, 183.09727478, 300.39642334, 147.458648682, 129.639190674, 50.2240791321, 91.233215332, 51.3365936279, 52.3067588806], [-110.681098938, -32.0625724792, 129.959533691, 61.1850128174, 79.9407501221, 128.674636841, 147.458648682, 229.382385254, 161.594604492, 61.1021881104, -4.26997661591, 0.309531778097, 22.8793506622], [-531.606872559, 193.45401001, 128.076293945, -20.4677352905, 134.609207153, 109.66166687, 129.639190674, 161.594604492, 259.601928711, 113.712852478, 24.9700698853, -15.1192893982, 46.4140052795], [-127.142944336, 14.0332365036, 154.99420166, 16.8567523956, 84.9371185303, 60.190952301, 50.2240791321, 61.1021881104, 113.712852478, 172.430999756, 100.407852173, 54.4266700745, 19.1084003448], [-8.24711322784, 87.9425735474, 288.835296631, 249.46321106, 165.38961792, 79.3727798462, 91.233215332, -4.26997661591, 24.9700698853, 100.407852173, 208.259368896, 119.348518372, 32.5617675781], [14.0102729797, -12.7248630524, 223.139846802, 108.119003296, 84.8724060059, 46.6984062195, 51.3365936279, 0.309531778097, -15.1192893982, 54.4266700745, 119.348518372, 145.13041687, 35.0198287964], [-88.5059967041, 122.377548218, 62.4664764404, 21.6715869904, 58.4468727112, 50.0672187805, 52.3067588806, 22.8793506622, 46.4140052795, 19.1084003448, 32.5617675781, 35.0198287964, 87.6767959595]]}, "spectral_energyband_middle_low": {"dmean2": 0.00534355128184, "median": 0.00189313548617, "min": 1.59619264144e-22, "dvar2": 8.7837659521e-05, "dvar": 3.330448817e-05, "dmean": 0.00319206831045, "max": 0.0545614436269, "var": 3.39514044754e-05, "mean": 0.00397868314758}, "melbands_crest": {"dmean2": 5.65106010437, "median": 18.0513725281, "min": 1.00028157234, "dvar2": 30.1595439911, "dvar": 13.0626859665, "dmean": 3.5510737896, "max": 39.3735961914, "var": 72.6220779419, "mean": 19.1385307312}, "spectral_kurtosis": {"dmean2": 1.500669837, "median": 1.38136553764, "min": -1.28662824631, "dvar2": 11.1931095123, "dvar": 4.57521820068, "dmean": 0.940922856331, "max": 86.2528457642, "var": 7.88684082031, "mean": 1.81486177444}, "spectral_rms": {"dmean2": 0.00160694506485, "median": 0.00358537584543, "min": 3.12686074949e-12, "dvar2": 6.1161326812e-06, "dvar": 2.78259653896e-06, "dmean": 0.00111039448529, "max": 0.0171246267855, "var": 1.04641258076e-05, "mean": 0.00460468139499}, "zerocrossingrate": {"dmean2": 0.0309945140034, "median": 0.08349609375, "min": 0.0009765625, "dvar2": 0.00101008918136, "dvar": 0.000799845147412, "dmean": 0.0268324613571, "max": 0.53076171875, "var": 0.00843148119748, "mean": 0.110846877098}, "silence_rate_60dB": {"dmean2": 0.235468149185, "median": 0, "min": 0, "dvar2": 0.238007813692, "dvar": 0.103888116777, "dmean": 0.117728956044, "max": 1, "var": 0.170909404755, "mean": 0.218828856945}, "erbbands_kurtosis": {"dmean2": 3.41865539551, "median": 0.0451236963272, "min": -1.91453170776, "dvar2": 282.466186523, "dvar": 109.636436462, "dmean": 2.18150615692, "max": 570.22479248, "var": 190.569961548, "mean": 1.54687571526}, "erbbands": {"dmean2": [0.300977706909, 2.75128078461, 5.71851348877, 9.76408004761, 8.67218494415, 5.69818019867, 3.50077462196, 1.73505723476, 3.29911637306, 5.32374382019, 5.10719490051, 8.02415752411, 3.24285030365, 3.19677066803, 6.54935216904, 6.16080904007, 3.39494943619, 4.18108797073, 11.9979496002, 8.56609249115, 8.92701816559, 6.51684617996, 15.9442873001, 17.3540401459, 23.7530841827, 24.8078250885, 24.554649353, 19.1428203583, 17.6210727692, 12.6430978775, 9.21038627625, 10.4787559509, 9.34743881226, 4.44576978683, 2.16146731377, 0.71737074852, 0.172298282385, 0.0183245129883, 0.00311582232825, 0.000110597997264], "median": [0.00806482415646, 0.113600596786, 0.326324641705, 0.624584555626, 0.898590922356, 0.587039291859, 0.548188090324, 0.61614048481, 1.14291715622, 1.36929428577, 1.65427231789, 1.88870644569, 1.29351603985, 1.00532054901, 0.735892295837, 0.540268599987, 0.952194213867, 1.03417158127, 1.7085621357, 1.74348890781, 2.05837678909, 1.82348585129, 2.34787511826, 2.46366119385, 3.4930357933, 4.08068227768, 4.63938617706, 4.95854473114, 4.37258338928, 3.99431657791, 3.05090522766, 2.74865579605, 2.0384619236, 1.08682310581, 0.508224368095, 0.184432566166, 0.0464761182666, 0.00363203021698, 0.000509208883159, 6.12429284956e-05], "min": [4.76739284383e-23, 2.72399880486e-22, 2.25503288642e-21, 7.47321009614e-21, 1.00146344787e-20, 1.92834493129e-20, 4.13163209662e-20, 9.48454079147e-20, 1.54621808751e-19, 2.91816136918e-19, 2.85015497361e-19, 2.66410421776e-19, 3.12151570946e-19, 5.0695314804e-19, 1.07896094933e-18, 1.1446929601e-18, 1.53084796021e-18, 2.65872682e-18, 2.99240134614e-18, 3.0503943585e-18, 3.99107407726e-18, 4.32421362434e-18, 5.44764194225e-18, 5.57303301053e-18, 5.85660334582e-18, 7.88239017266e-18, 7.99705477635e-18, 8.3061407384e-18, 1.0518482436e-17, 1.22510014756e-17, 1.08884985219e-17, 9.45340302488e-18, 9.10620388893e-18, 8.00692221388e-18, 5.65449251649e-18, 4.35150975738e-18, 2.21597860393e-18, 1.01476821828e-18, 2.39219133885e-19, 2.91471887611e-20], "dvar2": [0.604167342186, 50.0541572571, 272.693511963, 611.299682617, 322.055938721, 160.458328247, 36.5074768066, 10.3800792694, 34.7589225769, 155.752487183, 132.743850708, 417.856628418, 30.555803299, 38.6840286255, 256.130493164, 323.426635742, 35.5359230042, 62.9205741882, 1332.33410645, 433.444824219, 483.444213867, 146.086624146, 1418.69030762, 1806.67663574, 2548.93041992, 2620.41723633, 2000.93054199, 930.898803711, 875.557373047, 291.656616211, 179.008071899, 295.053100586, 232.278320312, 54.0167274475, 15.0752830505, 1.40256023407, 0.0689394399524, 0.000795257335994, 1.51902422658e-05, 2.08025685566e-08], "dvar": [0.225758194923, 19.5028495789, 105.34879303, 227.383071899, 115.835601807, 58.3772392273, 15.5847482681, 4.17256307602, 13.2248926163, 71.7979125977, 100.426780701, 305.217468262, 18.2417411804, 18.4137420654, 104.267448425, 120.083518982, 16.7551651001, 30.0287494659, 512.998352051, 176.341873169, 220.887512207, 79.9277877808, 637.863891602, 788.506652832, 1116.66821289, 1330.75366211, 923.255065918, 527.420471191, 523.044433594, 171.722290039, 96.311920166, 139.259033203, 109.530410767, 24.4774589539, 6.40192842484, 0.627518355846, 0.0301720499992, 0.000377072079573, 6.77690786688e-06, 9.93137483363e-09], "dmean": [0.182672828436, 1.66375553608, 3.37177467346, 5.61977434158, 4.87845516205, 3.22659349442, 2.15044808388, 1.04931533337, 1.98681676388, 3.38714981079, 4.00720310211, 6.2485165596, 2.28312301636, 2.17754817009, 3.89385437965, 3.64147782326, 2.1700425148, 2.81795096397, 7.43361854553, 5.52100038528, 6.0567522049, 4.66987276077, 10.8622589111, 11.5836296082, 14.5346975327, 17.6077804565, 15.5805358887, 13.4320344925, 12.5051431656, 9.10064411163, 6.31767511368, 7.4004445076, 6.18033313751, 2.98912119865, 1.41832828522, 0.47019341588, 0.112475402653, 0.0121081219986, 0.00189209775999, 7.27845690562e-05], "max": [6.84008789062, 59.8399009705, 138.684875488, 182.214767456, 104.46987915, 98.337600708, 63.2740936279, 63.1851272583, 82.5193710327, 301.913208008, 486.893310547, 679.466186523, 144.29309082, 107.801170349, 120.086647034, 104.587532043, 52.6746025085, 95.7628097534, 790.272338867, 125.069099426, 162.056350708, 172.758377075, 312.634277344, 325.895172119, 366.015991211, 354.833312988, 385.888824463, 250.001434326, 428.102874756, 246.026077271, 95.1193008423, 119.903900146, 75.2272491455, 37.621547699, 18.8149223328, 7.12945795059, 2.13957595825, 0.610746264458, 0.121544592083, 0.00355933746323], "var": [1.04148113728, 41.8362503052, 87.8454971313, 174.091003418, 92.0060882568, 41.0446777344, 18.5429668427, 8.78728199005, 23.0899429321, 198.60269165, 713.554931641, 1242.78894043, 71.6993026733, 56.7320861816, 112.177497864, 92.1702880859, 23.7769565582, 52.4190979004, 794.499633789, 200.623748779, 266.249542236, 150.784057617, 784.411560059, 1052.03222656, 1553.06164551, 2422.77880859, 1799.72436523, 1088.13427734, 1110.46557617, 393.466400146, 191.654678345, 239.954345703, 173.202301025, 34.1015739441, 7.93303394318, 0.871941745281, 0.0421574823558, 0.000611330615357, 9.29549241846e-06, 1.67708655852e-08], "mean": [0.747590899467, 4.20278644562, 3.50619387627, 4.88280582428, 4.57424879074, 2.65691304207, 2.27790141106, 1.48662686348, 2.91838002205, 5.29774236679, 9.86701488495, 12.8871936798, 4.37022924423, 3.76204299927, 4.17615270615, 3.19557785988, 2.77506303787, 3.75137996674, 9.79633426666, 6.53820848465, 6.94845914841, 6.43663787842, 11.5490636826, 14.2922372818, 18.9513721466, 23.673614502, 21.9122390747, 18.2752151489, 18.0731048584, 12.9894714355, 9.06717300415, 9.47824001312, 7.8309431076, 3.62856698036, 1.68368887901, 0.578916490078, 0.130392506719, 0.0137777309865, 0.0018030339852, 0.000104397986433]}, "spectral_strongpeak": {"dmean2": 0.432359665632, "median": 0.492265880108, "min": 0, "dvar2": 0.92493802309, "dvar": 0.361451983452, "dmean": 0.26147800684, "max": 17.6153907776, "var": 0.474275559187, "mean": 0.570739924908}, "spectral_energy": {"dmean2": 0.0206049270928, "median": 0.013176292181, "min": 1.00216897477e-20, "