{"tonal": {"thpcp": [1, 0.667657911777, 0.311647444963, 0.244332313538, 0.256965965033, 0.375958055258, 0.521746218204, 0.422731697559, 0.233416795731, 0.188694432378, 0.213288605213, 0.293787002563, 0.381082624197, 0.388339370489, 0.596106827259, 0.902530372143, 0.721256434917, 0.371991664171, 0.289767771959, 0.359174817801, 0.545416295528, 0.675747573376, 0.546908259392, 0.378474473953, 0.336594760418, 0.368759095669, 0.545007586479, 0.703278064728, 0.579668521881, 0.478199571371, 0.512553334236, 0.423993498087, 0.318936794996, 0.342662930489, 0.518930077553, 0.84298312664], "hpcp": {"dmean2": [0.369368612766, 0.312911182642, 0.192586481571, 0.165489822626, 0.17275556922, 0.193991050124, 0.221329703927, 0.208468809724, 0.16135121882, 0.134036228061, 0.139722391963, 0.168532535434, 0.215551272035, 0.227475345135, 0.310878902674, 0.333302587271, 0.317264378071, 0.240408435464, 0.208624109626, 0.244214713573, 0.288655340672, 0.306506693363, 0.309947341681, 0.281007796526, 0.256453573704, 0.246616989374, 0.299521923065, 0.32665002346, 0.312476277351, 0.283658355474, 0.270352929831, 0.248290419579, 0.23335956037, 0.235082566738, 0.31202185154, 0.391150742769], "median": [0.19030842185, 0.121943384409, 0.0466178245842, 0.0242548044771, 0.0242903921753, 0.0458911657333, 0.0626118555665, 0.0505197234452, 0.0256849136204, 0.0181446392089, 0.019560450688, 0.0369112417102, 0.054447054863, 0.0572647415102, 0.0885063558817, 0.138451203704, 0.104825653136, 0.04399176687, 0.0243159439415, 0.0306156985462, 0.0632724165916, 0.08424654603, 0.0682474300265, 0.0323324427009, 0.023544870317, 0.0262029990554, 0.0723730847239, 0.109020009637, 0.0887700021267, 0.0575143061578, 0.0485740713775, 0.0405508987606, 0.031848076731, 0.0370696559548, 0.0682169124484, 0.15106780827], "min": [0, 0, 0, 0, 0, 0, 0, 0, 0, 0, 0, 0, 0, 0, 0, 0, 0, 0, 0, 0, 0, 0, 0, 0, 0, 0, 0, 0, 0, 0, 0, 0, 0, 0, 0, 0], "dvar2": [0.144961938262, 0.112289346755, 0.0638965144753, 0.0685933083296, 0.0873678103089, 0.0823331400752, 0.0922589227557, 0.087966285646, 0.0778591558337, 0.0664165467024, 0.0679844394326, 0.0732258781791, 0.0916545689106, 0.0873717069626, 0.134238734841, 0.141142144799, 0.13708627224, 0.109242498875, 0.11088642478, 0.122466593981, 0.141083195806, 0.14991389215, 0.159165561199, 0.160864084959, 0.146929085255, 0.132669106126, 0.142438217998, 0.143346384168, 0.144122064114, 0.12577842176, 0.122046329081, 0.118178829551, 0.115673951805, 0.115396626294, 0.134801834822, 0.16297338903], "dvar": [0.0623359829187, 0.0437715724111, 0.0235662665218, 0.0251817852259, 0.0314672701061, 0.0318985879421, 0.0366651043296, 0.0328540317714, 0.0276794545352, 0.0233784522861, 0.0248738545924, 0.0275502484292, 0.0341327413917, 0.0326912626624, 0.0479244589806, 0.0557892881334, 0.0506451018155, 0.0400837734342, 0.0411776043475, 0.0455472916365, 0.053181219846, 0.0574833862484, 0.0594538412988, 0.0588380508125, 0.0524769499898, 0.0495128929615, 0.0513999536633, 0.0545301549137, 0.0520095974207, 0.0475744493306, 0.0488231033087, 0.0442172251642, 0.0417001582682, 0.0415125712752, 0.0513262189925, 0.0626585930586], "dmean": [0.218906164169, 0.184223592281, 0.108838364482, 0.0920174717903, 0.0975769609213, 0.112673074007, 0.131738141179, 0.120822638273, 0.0902904570103, 0.0747383758426, 0.0794825702906, 0.0962511003017, 0.123493507504, 0.12991464138, 0.175762593746, 0.192944094539, 0.183620139956, 0.135030090809, 0.115816473961, 0.137353554368, 0.163717597723, 0.176898851991, 0.175807192922, 0.15513074398, 0.141726762056, 0.137768670917, 0.17082837224, 0.189048692584, 0.179200038314, 0.160884395242, 0.156748518348, 0.14254117012, 0.127936959267, 0.131033286452, 0.177411422133, 0.226255550981], "max": [1, 1, 1, 1, 1, 1, 1, 1, 1, 1, 1, 1, 1, 1, 1, 1, 1, 1, 1, 1, 1, 1, 1, 1, 1, 1, 1, 1, 1, 1, 1, 1, 1, 1, 1, 1], "var": [0.120745308697, 0.0654372945428, 0.0235343016684, 0.0216961465776, 0.027055401355, 0.0402809306979, 0.0665879696608, 0.0465345606208, 0.0217534471303, 0.0173863824457, 0.0215121395886, 0.0274100191891, 0.0359360724688, 0.0344335027039, 0.0639227628708, 0.119526974857, 0.0843607932329, 0.0403787828982, 0.0365296415985, 0.0448920950294, 0.0685846209526, 0.090166002512, 0.0680705755949, 0.051198400557, 0.0456605479121, 0.0497610569, 0.0646302849054, 0.0846291035414, 0.0632054507732, 0.0549497455359, 0.0703876540065, 0.0530798360705, 0.0355856753886, 0.0384195521474, 0.0593208819628, 0.0964351221919], "mean": [0.340408235788, 0.22727625072, 0.106087356806, 0.0831727311015, 0.0874733328819, 0.12797921896, 0.177606701851, 0.143901348114, 0.079456999898, 0.0642331391573, 0.0726052001119, 0.100007511675, 0.129723668098, 0.132193922997, 0.2029196769, 0.307228773832, 0.245521634817, 0.126629024744, 0.0986393392086, 0.122266069055, 0.185664206743, 0.230030030012, 0.18617208302, 0.128835827112, 0.114579632878, 0.125528633595, 0.185525074601, 0.239401638508, 0.197323933244, 0.162783071399, 0.174477368593, 0.144330874085, 0.108568713069, 0.116645283997, 0.176648080349, 0.286958396435]}, "tuning_equal_tempered_deviation": 0.0753695294261, "chords_changes_rate": 0.070478245616, "key_key": "D", "tuning_diatonic_strength": 0.75241202116, "key_scale": "major", "chords_number_rate": 0.00251708016731, "tuning_frequency": 441.782684326, "tuning_nontempered_energy_ratio": 0.766530334949, "chords_histogram": [48.2200660706, 4.71053600311, 13.8079824448, 0.431499451399, 0.575332641602, 0, 0.647249162197, 0.251708030701, 0, 0, 0.431499451399, 0, 0, 0, 0, 0, 0, 2.12153911591, 0.179791435599, 0, 0.0719165802002, 14.7788562775, 4.45882797241, 9.31319713593], "key_strength": 0.883060395718, "chords_key": "D", "chords_strength": {"dmean2": 0.0129240555689, "median": 0.587740600109, "min": 0.248876348138, "dvar2": 0.000127830295241, "dvar": 0.000121248507639, "dmean": 0.013462039642, "max": 0.825286984444, "var": 0.010800069198, "mean": 0.573733329773}, "chords_scale": "major", "hpcp_entropy": {"dmean2": 1.19514632225, "median": 2.27298021317, "min": 0, "dvar2": 0.901440918446, "dvar": 0.321318984032, "dmean": 0.706917285919, "max": 4.29787111282, "var": 0.577051579952, "mean": 2.25565648079}}, "metadata": {"audio_properties": {"equal_loudness": 0, "codec": "mp3", "downmix": "mix", "sample_rate": 44100, "analysis_sample_rate": 44100, "bit_rate": 192000, "md5_encoded": "16dd795cc244e37cdffd7543f0b62850", "length": 129.071014404, "replay_gain": -4.87199211121, "lossless": false}, "version": {"essentia_build_sha": "2d9f1f26377add8aeb1075a9c2973f962c4f09fd", "essentia": "2.1-beta2", "extractor": "music 1.0", "essentia_git_sha": "v2.1_beta2-1-ge3940c0"}, "tags": {"title": ["Lord of the Dance"], "acoustid_fingerprint": ["AQADtKGiKUojKUj2hHiOLk8Lh3qOviz6HNv4oZfAPhNyVDzR7MElYU629NCShofm59iLMBHJo12MHxd3sNRk4qoR_tDS7YiOB4_240b3H36Oq8VDPMtxvKxgHSdyxkHConJwCq8cBX-Ou-gZNF-PGzkPPcmLV2kSVLJSiNIwsVaMz0SdHFq-49bR_Ph0bOlRi6lQ6kHjHPqHM0PEK1h_XC8umXDTHP9GNCuLo5GOf8SehMfPwTmS18hXXEkMapI58MKPh8TkLWh-6OmFV0qNH_3RqBV25Ti-j3iiHFmiO6iu4JOhsYGZ5EL5Cm9Ramj-4nogJTd6JsYvZHp2PIiPZwor9CEHOjzyw-N29EuHS8R1XBf8GWfwDMmP6EetmHAaNuie4EefI18K7Uzwt0H_wLuDJzocUdAuXDti53iVoJXhf-iT4umk4dGRLPyRS2wiNLWIh8zxKUF5NH5xMR0uCSF_QZ-OSlK2IOdl3AeasyS6_Dht9OpxCpGOcyIuSPMjBfl2lEqOvzgZ-EO3H3kvyNuSg6WSI8wlVHTw5Mb3YR_S1IespYipo5kV9GGLKwx6NL9WXD2SpxdyijgdnNnRMQ-qRbSEE1MeIfyH5FHAxzmu41OOKrngs-gbvEN-IfmK5iHKH-WSB00p8EoqNPmQbGWQ6yOePJjcCRdvNFeOC_8Q6g-0PEZzBaG-4NLx2EPezEPSHb_gv8IdXXg2HxUdNPsShOGh-TGRJ0El-miSX_iDOx_CD80u6PKIhkouCaUI_Oh5Y3tiXLkGh7oi9IG5jIdO_ApYKseX5LgcnJugf0JJikg1Fcx7XEOnHX6OWCL2mBvEMcY5hJqaID-uUEcTOQm0MyNOXQjVbERT5chDtcWhq0IeBx2Ti_AkChYm_jArxHomQpeC7EqJo9JypESXzhJxl8P7Qd_xHD1zNBeu5NBboll5POkQJrockBqeJ7h-9Efz5XiOZwGjX7iUGeEP7UdznEflGg2f46GhGX6O1jl-SJ-MkLrgrcf-FF6PXsGT4fRxe0jqHPmL7_iN5qgaxse3iBJG78F_JDryTDmaonKGvId-pCEe434zsMwldAdG0wjzQLl0_MlBijz009gT-oip40LDMeiHU-WGH88ioqHDoqKO5vGJ-_DDo8d-fEEz6rhe-MwQNhQVSMx05JKPqVfRjGaKaz8eDw_2E8-LOdERpknyoHtGnA-JPDvKJReaUH2GUUyN58eaHaGcS0Pyo2kUpcnwbcF97Nwa_EHFXCKRag-SSceDj12RPw8qJrIgVkG47vjx4DRe5NcgplOM9aOQE5UWHblOQ7uQG82D_kIzigjVhJBx50J-4fvQHGXl4FMkPL8RJjyJ5CTc0-iD9_iEJsl29D1yXtCP20LIJVaMGv_wI8x5otR4yGwxiTtyC_0yfPiTCryOiklgRTqRHzpjpD9co2-OD72Ug0mOVznyucIOtW8QfkIjCtcjHE2b7OgTJSpOlCOLJvtxkQ3yHn9WaI14NJsehOIRKSfxwDO3Q9-QM1EEPhVxfkeVHumKWjyuH_pxQsszHX3wBHkk9Maj6PCTSshN4vMSvAOzORG-EeHhz5gsxriG5jvCKwtUIy8qZ8abjYN7lHmKU4mQM8rRhJ4F7QizPCjlhLiPMwmcrziPW6KRO0d9Qf-FJxNRET-aF9pFXBFjDfrhfMQ1FlN-hFeG41YOcgo-PN5w8shvNCdq55CeHBohlgrKZ7gOzcojiLvQ6amQY3zQpNONdj3uojlKfseF3NCPvHmHU-iylAkOZztKK8ihJ0mO6DZiX3gyHVp4hA_x4HiOPnERhh_-FVLIHM2-oTKDdLmD6d_xoOmF8BVxOsWt3NCF53jxE9qjo_GEPEsxdkfdmGDyEJ-OJpY89IjOE70C_zhVbM8C5rhj7DNK5MOb5Th15OoGOzkOP_Hxw2aOp5i8F9r0nPCHXgfvIidjDU-HPo6InAfvCGITwidC80FDJdJRS8faIJdWQquOKSGP4yeYdDnqZDn0pEQvxUGTY9_RPYd_vJgSZ8Ej6sgPRk2WBo2DB3t2NKpQaUxwGWHCo2cORd7gLe5xZ0cmfhMuktgeBTfO4JuNcz_OC9ce-AnK481ihDl9JCMe5vhxJRa6PvAxnRHOPHiS_Mj7Qm525GLwowkzVQhJXDl4Q0d7OFQuVGG-EKX84imY7EQuBq2SXPD0I18OMSoRTm-OvTkeVoN_3MdFH3mjeEiyX_g10ElOPFJQhHkJVb1xU0MeLfg-ZBN5iM8yRD2ufcW1Bz-PxkmGbjp-If-hViVCLVbRqOXwbNfwXDouNE_R_ggpoXFy_NC4KQ4eH10-hE8x5VHi4wclxUTyuEdsbkEfNHyO41EUHWHTHkmU8XhI7PgDshmFiw8ehFYGLc5C_HgqXFyOJNdR62imJAyFo2SiI1n0TIi3XMcTHudMtCea45GOM5OHVHME5Ub6pLiwL3iOKj_8PbjSDaHHQ9_xX4gnDZ8RvNByHbWYYqU8EZqHX9AeDsdjIY-Sg1Fz5PIKvi4uiG9Riy_iqXiU5egemM8QXhpO5RquHX2gKGom4zniK0dTbeijrMWPWiocRXRUlDqu0_iRSwwULVle_EJF8XgO6sL5Q2eScDhpnMfrDlXVwz_6fNB_PPh49A3RdMaPKo4MXQPH8eg1B-FhHlVD7PjRLh98Hc-FZ0g5KSK0HfHx5ggvazBzaE-KmJKONycav_iL9OgT6JPRIc2Pfg-uHOeO0MeTChV14vgP7WgqJhQ-7ZjEw-vho3rwLTmuubiUQ-LSoTxy0IePbsdZfEvQXEd4RVCtI3pM_EM_AEGAMAIopYSASkACEHGIGSEQYI4LA4QSQADIlEGiQIA4MQwQIQwwBjiCjCIMCCIshY4gQwhkAjAA2AAAMASMAMYipYAAgkBihUCmMEKIQMYwYIwiABkBTARAiIAIMY4YyRhggAkmiGQCAIOIEkwIRJURQDEBhGDAKcQAEA4AJAABABjECAQAWeOIAwoJoIgiRlAiEAIAEACABYQYJwRhxCADkBCCCymAYMIAAxRBggDFjAEIAAYUEFAABIAQiAEEBFAIGeUIAVIARBRQBgFBhCJMOMCIIIRQRgQRSBlgICEEAARMAooAwKQAxBAiGGGEKAAgEYwKApgiACAHDFHCECiNAgAo4wRBhggElKBAKCIBOQAAwBEAACtjgBBOCEEQKIBoYYBgCBgBGSOAAiWIQIAgZpSgRhhCiAHCKKIAJIwYQARQihkhAACAQGKMUAoBIRESwCihDACCACKFIgAIZAwhgAEoHCAACmIIQERJhygAAAlEDDEaMEChEYgBAjARyihAgRAAGGCIIYIABpDyBBhhJAKACwMAAMoBAIh1QAmpBDFCIQCUIFgJwwwBysBgiCFAGUCEBEwRAZgRQmAAoIUAAIaAQkwgABigZEkgECJKCCAYBIwIpZSVQgBFAAPYCEMIAyQhKQBxEFEjHCIUASKEYUIoQgATgBplLEMCOmEAIwgBbIRk1EAIBRGIACAAQ0QAgRgATgBBlKLIIEGQYMAAAB1BkoBhhKHCGAGUAEIAhoghSAggCSICGGQMc8AQYgQBiCEnmDFACYCAUEQwAxwSgFhCBAAoGQOYBAYggigFCBkrAQECCSQAM8BJihAACADFhEJCCJIAEMJKgqwgAAhDABAAAKWUEYAwxRigQhiFCAWAACUIgEIBowQQghkGmHIMCAIpJIhRwCBQzDBEBECIUaWEEAAyBpxSxiDCiVJAAQMgIVA1hAUCDgkDJAM"], "date": ["1996"], "genre": ["Folk Rock"], "musicbrainz album type": ["Album"], "musicip_puid": ["460d021c-1ea8-e29f-8f72-08d99b52e849"], "musicbrainz_recordingid": ["15802552-542c-42b1-ac31-f2a1ebfb2860"], "musicbrainz_albumartistid": ["9ada6fba-df61-4849-9f39-eec9be772b22"], "musicbrainz_albumid": ["d0e92825-8f42-4e9b-9b4a-be20556b21ed"], "artist": ["Kelly Family"], "tracknumber": ["02"], "bpm": ["84.13"], "album": ["Lieder Der Welt"], "acoustid_id": ["05511c18-98b6-4fa7-abe9-07cac05f8858"], "musicbrainz_artistid": ["9ada6fba-df61-4849-9f39-eec9be772b22"], "file_name": "Kelly Family - Lord of the Dance.mp3"}}, "rhythm": {"bpm_histogram_first_peak_bpm": {"dmean2": 0, "median": 167, "min": 167, "dvar2": 0, "dvar": 0, "dmean": 0, "max": 167, "var": 0, "mean": 167}, "bpm": 165.897216797, "bpm_histogram_second_peak_spread": {"dmean2": 0, "median": 0, "min": 0, "dvar2": 0, "dvar": 0, "dmean": 0, "max": 0, "var": 0, "mean": 0}, "bpm_histogram_first_peak_weight": {"dmean2": 0, "median": 0.575419008732, "min": 0.575419008732, "dvar2": 0, "dvar": 0, "dmean": 0, "max": 0.575419008732, "var": 0, "mean": 0.575419008732}, "onset_rate": 3.93519830704, "beats_position": [0.394739210606, 0.801088392735, 1.21904754639, 1.60217678547, 1.97369611263, 2.33360528946, 2.70512461662, 3.06503391266, 3.42494320869, 3.78485250473, 4.14476203918, 4.5046710968, 4.87619018555, 5.24770975113, 5.60761880875, 5.9675283432, 6.33904743195, 6.71056699753, 7.07047605515, 7.44199514389, 7.80190467834, 8.16181373596, 8.52172279358, 8.88163280487, 9.24154186249, 9.6014509201, 9.96135997772, 10.321269989, 10.6811790466, 11.0526981354, 11.412607193, 11.7725172043, 12.1208162308, 12.4807252884, 12.840634346, 13.1889343262, 13.5488433838, 13.9087524414, 14.268661499, 14.6169614792, 14.9768705368, 15.3483896255, 15.7082986832, 16.0682086945, 16.4281177521, 16.7996368408, 17.1711559296, 17.5426750183, 17.9025840759, 18.2624931335, 18.6224040985, 18.9823131561, 19.3422222137, 19.7021312714, 20.062040329, 20.4219493866, 20.7818584442, 21.1301574707, 21.4900684357, 21.8499774933, 22.2098865509, 22.5697956085, 22.9297046661, 23.2896137238, 23.6495227814, 24.009431839, 24.3577327728, 24.7176418304, 25.0775508881, 25.4258499146, 25.7857589722, 26.1456680298, 26.5055770874, 26.865486145, 27.22539711, 27.5853061676, 27.9452152252, 28.3051242828, 28.6650333405, 29.0249423981, 29.3964614868, 29.7447605133, 30.1046714783, 30.4645805359, 30.8244895935, 31.1843986511, 31.5443077087, 31.9042167664, 32.2525177002, 32.6124267578, 32.9723358154, 33.332244873, 33.6921539307, 34.0520629883, 34.4119720459, 34.7718811035, 35.1317901611, 35.480091095, 35.8400001526, 36.1999092102, 36.5598182678, 36.9197273254, 37.2680282593, 37.6279373169, 37.9878463745, 38.3477554321, 38.7076644897, 39.0559616089, 39.4158706665, 39.7757797241, 40.1473007202, 40.5188217163, 40.8903388977, 41.2618598938, 41.6217689514, 41.981678009, 42.3415870667, 42.7014961243, 43.0730133057, 43.4445343018, 43.8160552979, 44.1759643555, 44.5242614746, 44.8841705322, 45.2324714661, 45.5807685852, 45.929069519, 46.2889785767, 46.6488876343, 47.0204086304, 47.380317688, 47.7402267456, 48.0885238647, 48.4368247986, 48.80834198, 49.1798629761, 49.5397720337, 49.8880729675, 50.2479820251, 50.5962791443, 50.9445800781, 51.2928771973, 51.6411781311, 51.9894790649, 52.3377761841, 52.6976852417, 53.0575942993, 53.4175033569, 53.7774124146, 54.1373214722, 54.4972343445, 54.8571434021, 55.2170524597, 55.5769615173, 55.936870575, 56.2967796326, 56.6566886902, 57.0165977478, 57.3765068054, 57.7248077393, 58.0731048584, 58.4214057922, 58.7813148499, 59.1412239075, 59.4895210266, 59.8610420227, 60.2209510803, 60.5808601379, 60.9407691956, 61.3006782532, 61.6605873108, 62.0204963684, 62.3687973022, 62.7170982361, 63.0770072937, 63.4369163513, 63.7852134705, 64.1451263428, 64.5050354004, 64.8533325195, 65.2132415771, 65.5731506348, 65.9446716309, 66.316192627, 66.6761016846, 67.0360107422, 67.3959197998, 67.7558288574, 68.1041259766, 68.4524230957, 68.8007278442, 69.1490249634, 69.508934021, 69.8688430786, 70.2287521362, 70.5770492554, 70.936958313, 71.2968673706, 71.6567764282, 72.0166854858, 72.3765945435, 72.724899292, 73.0731964111, 73.4214935303, 73.7697982788, 74.1297073364, 74.4780044556, 74.8379135132, 75.1862106323, 75.5345077515, 75.8828125, 76.2427215576, 76.6026306152, 76.9741516113, 77.345664978, 77.7171859741, 78.0770950317, 78.4370040894, 78.7853012085, 79.133605957, 79.4819030762, 79.8302001953, 80.1901092529, 80.5500183105, 80.8983230591, 81.2466201782, 81.5949172974, 81.9432220459, 82.291519165, 82.6398162842, 82.9997253418, 83.3596343994, 83.7079315186, 84.0562362671, 84.4161453247, 84.7760543823, 85.1243515015, 85.4726486206, 85.8209533691, 86.1692504883, 86.5175476074, 86.865852356, 87.2141494751, 87.5740585327, 87.9339675903, 88.2938766479, 88.6537857056, 89.0253067017, 89.3736038208, 89.7219009399, 90.0818099976, 90.4301147461, 90.7900238037, 91.1499328613, 91.5098419189, 91.8697509766, 92.2064361572, 92.5547409058, 92.9030380249, 93.2397232056, 93.5880279541, 93.9479370117, 94.3078460693, 94.6793670654, 95.039276123, 95.3875732422, 95.7358703613, 96.0841674805, 96.432472229, 96.7807693481, 97.1406784058, 97.5005874634, 97.8488845825, 98.1971893311, 98.5454864502, 98.8937835693, 99.253692627, 99.6136016846, 99.9735107422, 100.3334198, 100.693328857, 101.053237915, 101.401542664, 101.749839783, 102.10974884, 102.469657898, 102.817955017, 103.177864075, 103.526168823, 103.886077881, 104.234375, 104.594284058, 104.954193115, 105.314102173, 105.67401123, 106.033920288, 106.393829346, 106.742126465, 107.102035522, 107.46194458, 107.810249329, 108.158546448, 108.506843567, 108.866752625, 109.226661682, 109.574966431, 109.92326355, 110.271560669, 110.631469727, 110.991378784, 111.36289978, 111.734420776, 112.094329834, 112.442626953, 112.790924072, 113.139228821, 113.48752594, 113.847434998, 114.195732117, 114.544036865, 114.903945923, 115.26385498, 115.6121521, 115.960449219, 116.320358276, 116.680267334, 117.040176392, 117.400085449, 117.759994507, 118.108299255, 118.456596375, 118.804893494, 119.164802551, 119.524711609, 119.896232605, 120.256141663, 120.61605072, 120.975959778, 121.335868835, 121.695777893, 122.044082642, 122.392379761, 122.74067688, 123.088973999, 123.448883057, 123.808792114, 124.168708801, 124.528617859, 124.888526917, 125.248435974, 125.608345032, 125.968254089, 126.339767456, 126.711288452, 127.082809448, 127.454330444, 127.83745575, 128.220581055, 128.603713989], "beats_loudness": {"dmean2": 0.0376652292907, "median": 0.0329368971288, "min": 1.23867073398e-06, "dvar2": 0.00103922211565, "dvar": 0.000351885479176, "dmean": 0.0207722336054, "max": 0.12806597352, "var": 0.000410320993979, "mean": 0.0376599095762}, "danceability": 1.30725717545, "bpm_histogram_second_peak_weight": {"dmean2": 0, "median": 0.29608938098, "min": 0.29608938098, "dvar2": 0, "dvar": 0, "dmean": 0, "max": 0.29608938098, "var": 0, "mean": 0.29608938098}, "beats_count": 359, "bpm_histogram_second_peak_bpm": {"dmean2": 0, "median": 172, "min": 172, "dvar2": 0, "dvar": 0, "dmean": 0, "max": 172, "var": 0, "mean": 172}, "bpm_histogram_first_peak_spread": {"dmean2": 0, "median": 0, "min": 0, "dvar2": 0, "dvar": 0, "dmean": 0, "max": 0, "var": 0, "mean": 0}, "beats_loudness_band_ratio": {"dmean2": [0.560209751129, 0.400177180767, 0.207502245903, 0.191426619887, 0.110331997275, 0.11128757149], "median": [0.381945252419, 0.202936813235, 0.0933811292052, 0.0739518553019, 0.050286822021, 0.0510335154831], "min": [0.026407033205, 0.00384164485149, 0.007996680215, 0.00107672484592, 0.000730119412765, 0.000769491889514], "dvar2": [0.115822277963, 0.0977328121662, 0.0432674214244, 0.0321556404233, 0.0100983679295, 0.00763237848878], "dvar": [0.0375131852925, 0.0317137278616, 0.0144186643884, 0.0120690241456, 0.00363210518844, 0.00240144040436], "dmean": [0.298693954945, 0.220277547836, 0.11523219943, 0.107398934662, 0.06122674793, 0.0592230148613], "max": [0.947449684143, 0.90783649683, 0.789685428143, 0.772826015949, 0.329945772886, 0.382248550653], "var": [0.0507315844297, 0.038285471499, 0.015304624103, 0.0165789164603, 0.00471403356642, 0.00320382043719], "mean": [0.40746614337, 0.264462411404, 0.1338198632, 0.119087472558, 0.0743352472782, 0.0686125308275]}}, "lowlevel": {"barkbands_spread": {"dmean2": 11.9821910858, "median": 21.304561615, "min": 0.898626923561, "dvar2": 209.623962402, "dvar": 88.3782806396, "dmean": 7.56939220428, "max": 100.187698364, "var": 230.535491943, "mean": 23.7034320831}, "melbands_spread": {"dmean2": 14.5130777359, "median": 20.6203746796, "min": 0.752084314823, "dvar2": 434.938781738, "dvar": 204.134719849, "dmean": 9.19936180115, "max": 262.813995361, "var": 452.306732178, "mean": 25.0917034149}, "hfc": {"dmean2": 12.0058755875, "median": 18.3260688782, "min": 1.12410536524e-16, "dvar2": 453.495422363, "dvar": 212.398544312, "dmean": 8.29500102997, "max": 305.138336182, "var": 434.820831299, "mean": 22.0028152466}, "barkbands_kurtosis": {"dmean2": 6.62961769104, "median": 1.86500525475, "min": -1.92693841457, "dvar2": 138.976425171, "dvar": 59.2056503296, "dmean": 4.14215421677, "max": 151.404724121, "var": 120.245979309, "mean": 5.59647989273}, "gfcc": {"mean": [7.58839035034, 82.3755493164, -109.993453979, 35.2796783447, -63.5911026001, 10.3895053864, -45.821811676, 11.4096059799, -33.463432312, 2.32681417465, -13.4801692963, -1.9800286293, -6.40273284912], "icov": [[0.00021042698063, 2.39649416471e-05, 0.000110078690341, -0.000159171482665, 0.000275982922176, -0.000134655972943, 0.000188761783647, -0.000349358888343, 0.000306330184685, -0.000443868892035, 0.000200004666112, 0.000100649223896, -6.92244357197e-05], [2.39649416471e-05, 0.00264986348338, 6.60291989334e-05, -6.0179951106e-05, -0.000342895917129, 0.00133010477293, -0.00248914188705, 0.00245003099553, -0.00295363180339, 0.00251406873576, -0.00286411051638, 0.00276271044277, -0.00174522364978], [0.000110078690341, 6.60291989334e-05, 0.00217370735481, -0.000980523880571, 0.000654796720482, -0.000727161648683, 0.000724471989088, 0.000324076798279, -0.000643640407361, 0.000243292728555, 0.000759436865337, -0.00211782311089, 0.00196243124083], [-0.000159171482665, -6.0179951106e-05, -0.000980523880571, 0.00407386710867, -0.0011756477179, 0.000283494649921, 0.000431351247244, -0.000429457431892, -0.000752349500544, 0.000685290957335, -0.00117906334344, 0.000876335951034, -0.00175924913492], [0.000275982922176, -0.000342895917129, 0.000654796720482, -0.0011756477179, 0.00618943246081, -0.00193227897398, 3.87379222957e-05, -0.00103119388223, 0.000804954499472, -0.00229547778144, 0.00216460926458, -0.0008582570008, -0.000110261404188], [-0.000134655972943, 0.00133010477293, -0.000727161648683, 0.000283494649921, -0.00193227897398, 0.00704231532291, -0.0046818559058, 0.00204220670275, -0.00187944748905, 0.00259745237418, -0.000707256724127, 0.00105715624522, 0.000478379690321], [0.000188761783647, -0.00248914188705, 0.000724471989088, 0.000431351247244, 3.87379222957e-05, -0.0046818559058, 0.00993043091148, -0.00483263563365, 0.00465741194785, -0.0018475917168, 0.00141689146403, -0.00214020139538, 0.00180274492595], [-0.000349358888343, 0.00245003099553, 0.000324076798279, -0.000429457431892, -0.00103119388223, 0.00204220670275, -0.00483263563365, 0.0115215880796, -0.00489432318136, 0.00164526887238, -0.00121063797269, 0.00272868480533, -0.00246637454256], [0.000306330184685, -0.00295363180339, -0.000643640407361, -0.000752349500544, 0.000804954499472, -0.00187944748905, 0.00465741194785, -0.00489432318136, 0.0144423637539, -0.00753513164818, 0.00408132327721, -0.00127176416572, 0.00198242464103], [-0.000443868892035, 0.00251406873576, 0.000243292728555, 0.000685290957335, -0.00229547778144, 0.00259745237418, -0.0018475917168, 0.00164526887238, -0.00753513164818, 0.0189337097108, -0.00857814680785, 0.00387576944195, 0.000575221900363], [0.000200004666112, -0.00286411051638, 0.000759436865337, -0.00117906334344, 0.00216460926458, -0.000707256724127, 0.00141689146403, -0.00121063797269, 0.00408132327721, -0.00857814680785, 0.0211034473032, -0.00868428964168, 0.00132608111016], [0.000100649223896, 0.00276271044277, -0.00211782311089, 0.000876335951034, -0.0008582570008, 0.00105715624522, -0.00214020139538, 0.00272868480533, -0.00127176416572, 0.00387576944195, -0.00868428964168, 0.0215383507311, -0.007827793248], [-6.92244357197e-05, -0.00174522364978, 0.00196243124083, -0.00175924913492, -0.000110261404188, 0.000478379690321, 0.00180274492595, -0.00246637454256, 0.00198242464103, 0.000575221900363, 0.00132608111016, -0.007827793248, 0.0185040459037]], "cov": [[6216.60595703, -463.368377686, -353.697357178, 139.248275757, -161.268600464, -81.7624511719, -105.741744995, 241.545654297, -46.802646637, 148.849899292, -32.983165741, -81.0045852661, 42.4366760254], [-463.368377686, 811.27154541, -110.060783386, 15.3725967407, 5.93195772171, -44.3938217163, 100.706459045, -75.3706359863, 62.9361572266, -35.0481491089, 59.7480316162, -42.1915855408, 41.4586219788], [-353.697357178, -110.060783386, 727.595947266, 119.050750732, -40.8599433899, 46.1625747681, -85.225769043, -55.3861122131, 47.1352119446, -19.023519516, -12.4229755402, 57.4915351868, -57.313243866], [139.248275757, 15.3725967407, 119.050750732, 314.520355225, 34.6796531677, -17.6629562378, -40.7090263367, 16.767414093, 33.6489105225, 5.5975689888, 10.4744539261, 6.39595794678, 24.2879257202], [-161.268600464, 5.93195772171, -40.8599433899, 34.6796531677, 214.163925171, 73.4286193848, 53.2343826294, 24.2289505005, 0.730518817902, 8.00054359436, -14.823964119, -4.22125482559, 3.95724987984], [-81.7624511719, -44.3938217163, 46.1625747681, -17.6629562378, 73.4286193848, 259.974578857, 124.457763672, 5.89314746857, -19.8294734955, -27.5767650604, -20.695268631, -0.280325174332, -24.3449554443], [-105.741744995, 100.706459045, -85.225769043, -40.7090263367, 53.2343826294, 124.457763672, 229.0597229, 41.6259040833, -39.963558197, -20.5329341888, -1.75484597683, -6.08259963989, -2.92489147186], [241.545654297, -75.3706359863, -55.3861122131, 16.767414093, 24.2289505005, 5.89314746857, 41.6259040833, 141.25453186, 20.4608764648, 15.7050323486, -10.1504201889, -13.3147735596, 8.44186973572], [-46.802646637, 62.9361572266, 47.1352119446, 33.6489105225, 0.730518817902, -19.8294734955, -39.963558197, 20.4608764648, 124.266998291, 37.7022132874, -1.37529933453, -13.40695858, -8.95968341827], [148.849899292, -35.0481491089, -19.023519516, 5.5975689888, 8.00054359436, -27.5767650604, -20.5329341888, 15.7050323486, 37.7022132874, 88.9530487061, 21.1714363098, -8.5467300415, -7.28192663193], [-32.983165741, 59.7480316162, -12.4229755402, 10.4744539261, -14.823964119, -20.695268631, -1.75484597683, -10.1504201889, -1.37529933453, 21.1714363098, 74.6550521851, 22.4943256378, 10.7447719574], [-81.0045852661, -42.1915855408, 57.4915351868, 6.39595794678, -4.22125482559, -0.280325174332, -6.08259963989, -13.3147735596, -13.40695858, -8.5467300415, 22.4943256378, 76.1015472412, 21.3118190765], [42.4366760254, 41.4586219788, -57.313243866, 24.2879257202, 3.95724987984, -24.3449554443, -2.92489147186, 8.44186973572, -8.95968341827, -7.28192663193, 10.7447719574, 21.3118190765, 77.9935836792]]}, "spectral_energyband_middle_low": {"dmean2": 0.0104606607929, "median": 0.00938014034182, "min": 4.05989852336e-22, "dvar2": 0.000178436981514, "dvar": 7.75786611484e-05, "dmean": 0.00662783626467, "max": 0.112149775028, "var": 0.000230193327297, "mean": 0.0144945112988}, "melbands_crest": {"dmean2": 6.51847648621, "median": 12.0855293274, "min": 2.20111989975, "dvar2": 28.8003520966, "dvar": 11.5046653748, "dmean": 3.98346853256, "max": 31.6398277283, "var": 27.0472793579, "mean": 13.0931739807}, "spectral_kurtosis": {"dmean2": 1.86669540405, "median": 3.55921888351, "min": -1.19550144672, "dvar2": 3.8458032608, "dvar": 1.58196151257, "dmean": 1.1623686552, "max": 27.6765079498, "var": 4.66849994659, "mean": 3.82502985001}, "spectral_rms": {"dmean2": 0.00150657910854, "median": 0.00454773195088, "min": 3.19569696226e-12, "dvar2": 2.92315235129e-06, "dvar": 1.37379151965e-06, "dmean": 0.0010209948523, "max": 0.0134951099753, "var": 3.85097655453e-06, "mean": 0.0046834917739}, "zerocrossingrate": {"dmean2": 0.0158975161612, "median": 0.06103515625, "min": 0.00634765625, "dvar2": 0.000375725532649, "dvar": 0.000318760954542, "dmean": 0.0137402117252, "max": 0.494140625, "var": 0.00170727260411, "mean": 0.0689843073487}, "silence_rate_60dB": {"dmean2": 0.0374235324562, "median": 0, "min": 0, "dvar2": 0.046101346612, "dvar": 0.0183592401445, "dmean": 0.0187084004283, "max": 1, "var": 0.0340099297464, "mean": 0.0352517999709}, "erbbands_kurtosis": {"dmean2": 2.15260434151, "median": -0.176921606064, "min": -1.7663500309, "dvar2": 12.5984163284, "dvar": 5.62783384323, "dmean": 1.34986937046, "max": 70.3201217651, "var": 16.6193141937, "mean": 0.981098890305}, "erbbands": {"dmean2": [0.098571062088, 2.09392809868, 4.34200382233, 3.29009389877, 10.9477739334, 12.0767393112, 32.7300720215, 50.8855552673, 28.4853553772, 19.0184707642, 32.9749488831, 30.4247055054, 26.4103145599, 30.9328804016, 30.9460315704, 30.3160877228, 21.1853027344, 20.5900592804, 21.6913547516, 20.082201004, 20.0019683838, 12.2322101593, 13.0141897202, 16.2326965332, 14.787946701, 11.8399887085, 8.81970691681, 4.18934011459, 3.46786546707, 4.3933339119, 4.42479848862, 4.05701541901, 3.38113546371, 4.18524980545, 0.962899565697, 0.189708054066, 0.140853866935, 0.0543710403144, 0.0011933716014, 5.00611240568e-05], "median": [0.0211742706597, 0.2897362113, 1.15221714973, 2.09177684784, 4.36155033112, 6.09604358673, 9.29515457153, 14.4960107803, 8.23679161072, 5.4191160202, 7.14737987518, 9.11334228516, 9.87331771851, 7.02796936035, 6.80034828186, 7.50208187103, 6.22358608246, 6.51963043213, 7.86966896057, 7.22671985626, 7.98737335205, 7.34495973587, 8.49044418335, 8.88429641724, 8.56950187683, 7.78920650482, 5.723736763, 2.91830730438, 1.69263601303, 1.38554334641, 1.22689986229, 1.06155514717, 1.04621958733, 0.703538060188, 0.227141469717, 0.0516239963472, 0.0120910741389, 0.00170698319562, 5.66202106711e-05, 3.25660294038e-05], "min": [2.95660700143e-22, 1.42220579683e-21, 1.70543284247e-20, 4.87645880126e-20, 8.68605559136e-20, 2.73656136202e-19, 4.89547303398e-19, 3.57868886974e-19, 3.2687747965e-19, 1.25157162288e-18, 6.7510878191e-19, 6.15606785317e-19, 2.30503907253e-18, 1.59805286946e-18, 2.90338016862e-18, 2.401034003e-18, 4.57413507949e-18, 5.18471348556e-18, 5.88042738823e-18, 6.02653064546e-18, 6.3797632368e-18, 1.22873436558e-17, 1.19580538073e-17, 1.17743609815e-17, 8.13858041607e-18, 1.1541188693e-17, 2.09960856061e-17, 2.02349454392e-17, 1.92878484533e-17, 1.59323224697e-17, 1.35001475981e-17, 2.07490861664e-17, 1.50284589056e-17, 1.10172152699e-17, 7.21860337368e-18, 4.7217367744e-18, 2.70077365131e-18, 1.05610501843e-18, 3.0836098994e-19, 3.098404994e-20], "dvar2": [0.0708444267511, 36.9451332092, 116.619567871, 27.0934066772, 349.733612061, 423.199676514, 4604.765625, 10507.9482422, 4732.63623047, 2707.17895508, 11367.6943359, 4199.65966797, 2442.95654297, 6579.82373047, 7441.18115234, 4297.10986328, 2661.61523438, 1961.75354004, 1695.38793945, 1283.82189941, 1737.91577148, 398.405548096, 449.383850098, 983.675231934, 695.223083496, 364.156219482, 247.283874512, 67.5872039795, 112.583183289, 337.180267334, 512.632324219, 297.244232178, 152.350372314, 172.667922974, 7.82397651672, 0.507392585278, 0.234719485044, 0.0455761924386, 2.10651487578e-05, 1.61646642738e-08], "dvar": [0.0299606882036, 14.1620359421, 44.7098884583, 10.0783510208, 133.291931152, 165.268249512, 2152.29296875, 4610.36816406, 2248.7265625, 1108.87963867, 4356.76855469, 1746.87963867, 1011.28027344, 2627.01953125, 3007.04882813, 1775.42126465, 1076.85449219, 980.911865234, 668.723937988, 531.082336426, 667.071166992, 169.857406616, 194.074630737, 403.922058105, 292.92074585, 158.299743652, 101.334594727, 27.0279560089, 51.3063545227, 168.444885254, 240.73789978, 132.987487793, 68.1669845581, 69.3001327515, 3.64389204979, 0.264547944069, 0.0892009586096, 0.016671365127, 7.61601131671e-06, 6.05709749024e-09], "dmean": [0.0619594082236, 1.19692003727, 2.59092378616, 1.96559143066, 6.59215259552, 7.30524206161, 20.7887554169, 32.0650901794, 17.968629837, 11.9548006058, 20.4628829956, 19.0906333923, 16.6843719482, 19.3600540161, 19.9401283264, 19.1349506378, 13.5866556168, 13.4701890945, 13.7327880859, 12.8397760391, 12.7826004028, 7.94291210175, 8.58692550659, 10.6263990402, 9.688829422, 7.83007287979, 5.84089422226, 2.74017167091, 2.20798826218, 2.85295605659, 2.88473272324, 2.56152224541, 2.16261100769, 2.64614129066, 0.624365985394, 0.130732402205, 0.0866827219725, 0.032206043601, 0.000704177771695, 3.15220204357e-05], "max": [1.80002951622, 40.0270881653, 82.2494049072, 45.1171722412, 155.604202271, 201.508605957, 783.666259766, 1180.30688477, 1209.19787598, 678.002990723, 1902.66296387, 745.397277832, 517.40802002, 1152.48535156, 1226.45776367, 824.862854004, 605.91784668, 852.372680664, 466.875030518, 372.62411499, 582.031921387, 204.765625, 264.186035156, 428.269226074, 282.551818848, 347.63180542, 195.655685425, 93.1304244995, 231.886566162, 481.544250488, 542.175231934, 307.80847168, 337.352996826, 136.447723389, 48.7231292725, 22.360408783, 3.93406963348, 1.43984115124, 0.0369116142392, 0.00100472790655], "var": [0.0274186711758, 10.1902742386, 35.3447380066, 12.519068718, 168.954299927, 267.47479248, 4919.50878906, 10255.1435547, 5900.69140625, 1704.78601074, 7034.92285156, 2203.89331055, 1901.56567383, 4318.60791016, 5028.49072266, 3293.79248047, 1754.65270996, 1734.23071289, 1304.89770508, 1207.20324707, 1477.9798584, 428.245239258, 525.051818848, 881.426086426, 853.600891113, 462.975891113, 242.291229248, 42.6116981506, 74.7116317749, 272.044525146, 320.192962646, 169.878967285, 98.0401000977, 76.4403991699, 5.72746038437, 0.434639424086, 0.0771060064435, 0.0128131238744, 5.62931654713e-06, 5.46793099687e-09], "mean": [0.0646810755134, 1.0337266922, 2.77286529541, 3.13388347626, 8.68465137482, 11.3378601074, 31.0894241333, 47.192489624, 28.1200714111, 16.267156601, 27.1435508728, 25.366853714, 25.9997577667, 28.4778881073, 29.3418045044, 28.7074546814, 19.7504043579, 19.5851802826, 22.0400829315, 21.8618965149, 22.0178508759, 15.3506660461, 17.6037960052, 21.4462757111, 20.7005710602, 16.8151664734, 11.83436203, 5.14363670349, 3.40353989601, 3.77999949455, 3.87729144096, 3.40310382843, 3.04471349716, 3.1511785984, 0.86571264267, 0.188466966152, 0.0881352201104, 0.0290073119104, 0.000631220289506, 5.08998382429e-05]}, "spectral_strongpeak": {"dmean2": 1.03197288513, "median": 0.649421215057, "min": 0, "dvar2": 1.65077507496, "dvar": 0.631032288074, "dmean": 0.617461740971, "max": 10.2676906586, "var": 1.01507902145, "mean": 1.00512564182}, "spectral_energy": {"dmean2": 0.0178634319454, "median": 0.0211989097297, "min": 1.04677913217e-20, "dvar2": 0.00068080186611, "dvar": 0.000289751391392, "dmean": 0.0116080678999, "max": 0.186670944095, "var": 0.000483800831717, "mean": 0.026430722326}, "average_loudness": 0.900209069252, "spectral_rolloff": {"dmean2": 1260.28967285, "median": 1119.7265625, "min": 86.1328125, "dvar2": 4787168, "dvar": 2030494.5, "dmean": 743.291381836, "max": 19315.2832031, "var": 3411361.25, "mean": 1672.95678711}, "spectral_centroid": {"dmean2": 463.910980225, "median": 1277.21313477, "min": 216.465133667, "dvar2": 242988.609375, "dvar": 114526.9375, "dmean": 301.003479004, "max": 11222.5498047, "var": 468945.96875, "mean": 1368.56091309}, "pitch_salience": {"dmean2": 0.139941647649, "median": 0.587922751904, "min": 0.132461458445, "dvar2": 0.0166293326765, "dvar": 0.00662867445499, "dmean": 0.08536657691, "max": 0.856289088726, "var": 0.0128522692248, "mean": 0.570739686489}, "spectral_energyband_middle_high": {"dmean2": 0.00278583867475, "median": 0.00287846243009, "min": 1.53687946477e-21, "dvar2": 1.60455674632e-05, "dvar": 7.40681252864e-06, "dmean": 0.00195522606373, "max": 0.039690811187, "var": 2.82991404674e-05, "mean": 0.00495831063017}, "spectral_contrast_coeffs": {"dmean2": [0.0889042690396, 0.0923046916723, 0.071636646986, 0.0545669160783, 0.0380899384618, 0.027957778424], "median": [-0.641867339611, -0.702603876591, -0.755216538906, -0.77467238903, -0.783753752708, -0.784230113029], "min": [-0.957596898079, -0.960919439793, -0.965430796146, -0.963845193386, -0.961206376553, -0.961233496666], "dvar2": [0.00509882625192, 0.00540140504017, 0.00324980495498, 0.0018606337253, 0.000947611872107, 0.00059361406602], "dvar": [0.00187996868044, 0.00211250525899, 0.00131592235994, 0.000772680330556, 0.000391513633076, 0.000263970985543], "dmean": [0.0542311631143, 0.0566539876163, 0.0441446602345, 0.034355673939, 0.0239956825972, 0.0181925334036], "max": [-0.344500094652, -0.34915715456, -0.478262275457, -0.56980919838, -0.594618082047, -0.644719004631], "var": [0.00503065669909, 0.00766161410138, 0.00482461368665, 0.00310975895263, 0.00152176863048, 0.00119436974637], "mean": [-0.636232256889, -0.692529797554, -0.74988001585, -0.768883109093, -0.781902432442, -0.784375071526]}, "melbands_skewness": {"dmean2": 1.46676445007, "median": 2.47452688217, "min": -1.60428082943, "dvar2": 2.75763583183, "dvar": 1.19307756424, "dmean": 0.94785797596, "max": 13.8232164383, "var": 2.9550743103, "mean": 2.74742484093}, "spectral_spread": {"dmean2": 963211.5625, "median": 4731161, "min": 2111776.25, "dvar2": 1821021831170.0, "dvar": 938911137792, "dmean": 680913.25, "max": 40778692, "var": 3384603049980.0, "mean": 5151896}, "dissonance": {"dmean2": 0.0319491177797, "median": 0.470981538296, "min": 0.232481732965, "dvar2": 0.000926660781261, "dvar": 0.000350303889718, "dmean": 0.0191957633942, "max": 0.500000119209, "var": 0.000985885388218, "mean": 0.461190164089}, "spectral_skewness": {"dmean2": 0.287850171328, "median": 1.45521593094, "min": -0.0806577429175, "dvar2": 0.0781875774264, "dvar": 0.0362975150347, "dmean": 0.185155317187, "max": 3.94613981247, "var": 0.14518623054, "mean": 1.50573217869}, "spectral_flux": {"dmean2": 0.0489636436105, "median": 0.086351826787, "min": 6.85181494875e-11, "dvar2": 0.0030730443541, "dvar": 0.00133248639759, "dmean": 0.0306625440717, "max": 0.356683552265, "var": 0.00284326844849, "mean": 0.0951428636909}, "spectral_contrast_valleys": {"dmean2": [0.669136404991, 0.62289172411, 0.527251422405, 0.468509823084, 0.365083992481, 0.407647371292], "median": [-7.12179279327, -6.66279888153, -7.39071464539, -7.88708496094, -7.33087825775, -9.77087402344], "min": [-27.2982330322, -27.2734622955, -27.3782615662, -27.456653595, -27.300868988, -27.2817878723], "dvar2": [0.313816845417, 0.282413214445, 0.223154127598, 0.179859608412, 0.136963889003, 0.240605413914], "dvar": [0.151839882135, 0.123980902135, 0.105335280299, 0.0957248434424, 0.0851551517844, 0.13508079946], "dmean": [0.419291108847, 0.384006589651, 0.337333500385, 0.311787188053, 0.268198609352, 0.316345363855], "max": [-5.39015102386, -4.89019203186, -5.19729709625, -5.83092546463, -5.74495029449, -7.02443170547], "var": [0.826109945774, 0.830252707005, 0.849994540215, 0.877498030663, 1.02751350403, 0.923131883144], "mean": [-7.26169919968, -6.76943445206, -7.41917657852, -7.88998126984, -7.45140218735, -9.84630775452]}, "erbbands_flatness_db": {"dmean2": 0.0298165082932, "median": 0.144138365984, "min": 0.0329430215061, "dvar2": 0.00070102873724, "dvar": 0.000349301524693, "dmean": 0.0202196463943, "max": 0.31399205327, "var": 0.00163667625748, "mean": 0.146811291575}, "spectral_energyband_high": {"dmean2": 0.000891015457455, "median": 0.000540607084986, "min": 7.28470662053e-21, "dvar2": 5.47413037566e-06, "dvar": 2.61708623839e-06, "dmean": 0.000594949175138, "max": 0.0370923876762, "var": 4.27635768574e-06, "mean": 0.00104203319643}, "spectral_entropy": {"dmean2": 0.269026279449, "median": 7.65262937546, "min": 5.64230394363, "dvar2": 0.0686798170209, "dvar": 0.034141972661, "dmean": 0.182006150484, "max": 9.81247806549, "var": 0.170346647501, "mean": 7.58932924271}, "silence_rate_20dB": {"dmean2": 0, "median": 1, "min": 1, "dvar2": 0, "dvar": 0, "dmean": 0, "max": 1, "var": 0, "mean": 1}, "melbands_flatness_db": {"dmean2": 0.0468124039471, "median": 0.175317913294, "min": 0.00481169112027, "dvar2": 0.00191438535694, "dvar": 0.000848059135024, "dmean": 0.0308438818902, "max": 0.43518525362, "var": 0.00353088695556, "mean": 0.181693986058}, "barkbands": {"dmean2": [3.43228421116e-05, 0.00764201069251, 0.00305935530923, 0.00143379205838, 0.00409199716523, 0.00579261453822, 0.00162157544401, 0.00133096706122, 0.00135127000976, 0.000971611123532, 0.00071258720709, 0.000800276349764, 0.000465327466372, 0.000411030458054, 0.000487487268401, 0.000365225918358, 0.00025443371851, 0.000296280253679, 0.000317332596751, 0.000260360626271, 0.000158557217219, 0.000102313388197, 0.000163504533703, 0.000164951925399, 0.000281055865344, 7.39311653888e-05, 9.67268715613e-06], "median": [7.0259320637e-06, 0.00109090702608, 0.00101835385431, 0.000643919105642, 0.00199837144464, 0.00187790230848, 0.000392994261347, 0.000237452506553, 0.000414479058236, 0.0002122818114, 9.92158020381e-05, 0.000161547010066, 0.000102295802208, 0.000112025052658, 0.000153265864355, 0.000129383115564, 0.000136848771945, 0.000164250901435, 0.000152778608026, 0.000168349666637, 0.000105438593891, 4.67408826808e-05, 4.48392856924e-05, 5.49678588868e-05, 4.90391394123e-05, 8.38939