{"tonal": {"thpcp": [1, 0.698655843735, 0.289658099413, 0.214722394943, 0.209986150265, 0.512167990208, 0.889524698257, 0.64066028595, 0.340404272079, 0.393850952387, 0.314313054085, 0.360360085964, 0.583823800087, 0.557560384274, 0.659265697002, 0.892109632492, 0.666469931602, 0.430870562792, 0.371485233307, 0.325881510973, 0.610205173492, 0.942901194096, 0.694689512253, 0.353507250547, 0.323277920485, 0.328244537115, 0.502736985683, 0.720669925213, 0.656498730183, 0.735310137272, 0.843614935875, 0.534972250462, 0.360738873482, 0.457250356674, 0.456754505634, 0.673755407333], "hpcp": {"dmean2": [0.219118028879, 0.196543753147, 0.172514796257, 0.176420032978, 0.194731459022, 0.227962434292, 0.228262379766, 0.214051708579, 0.164352014661, 0.128889903426, 0.111960738897, 0.167185038328, 0.208129346371, 0.185208916664, 0.139043807983, 0.12741817534, 0.127504616976, 0.137793958187, 0.173676386476, 0.193943828344, 0.215596154332, 0.21594324708, 0.222978189588, 0.215246513486, 0.186116144061, 0.1706610322, 0.220446065068, 0.233239963651, 0.231346920133, 0.188790872693, 0.165896907449, 0.178995102644, 0.228620260954, 0.245215907693, 0.254592001438, 0.251855045557], "median": [0.0410186685622, 0.0290099959821, 0.018154066056, 0.0191416237503, 0.0228938814253, 0.0603484064341, 0.0814272761345, 0.0513058528304, 0.0112462164834, 0.00600774493068, 0.00690978206694, 0.0377065315843, 0.0763050317764, 0.0608014762402, 0.0183125063777, 0.0109855644405, 0.00975899212062, 0.0209574624896, 0.0274827443063, 0.0395305790007, 0.0581478998065, 0.0729029923677, 0.0615955293179, 0.0187870450318, 0.0125175975263, 0.0129136797041, 0.0465232133865, 0.0752339214087, 0.0522389635444, 0.0144799984992, 0.00693888962269, 0.00766759831458, 0.0209621749818, 0.0371527448297, 0.0465783551335, 0.0467530228198], "min": [0, 0, 0, 0, 0, 0, 0, 0, 0, 0, 0, 0, 0, 0, 0, 0, 0, 0, 0, 0, 0, 0, 0, 0, 0, 0, 0, 0, 0, 0, 0, 0, 0, 0, 0, 0], "dvar2": [0.111516453326, 0.0977474376559, 0.0899505391717, 0.0939223915339, 0.107462443411, 0.105194851756, 0.107272781432, 0.102456562221, 0.0887860581279, 0.0720371007919, 0.0541881658137, 0.0691071823239, 0.0950697958469, 0.0739183202386, 0.0671615004539, 0.069098636508, 0.0677174851298, 0.0601555518806, 0.0831632092595, 0.0893643125892, 0.0974216610193, 0.0985076203942, 0.101142965257, 0.1175038293, 0.104031085968, 0.0920102372766, 0.105851046741, 0.113870635629, 0.113184943795, 0.10933662951, 0.103390038013, 0.105433821678, 0.135211840272, 0.140163883567, 0.128027319908, 0.122898422182], "dvar": [0.0434921905398, 0.0351057872176, 0.0324804373085, 0.0346770919859, 0.0393046624959, 0.0382885709405, 0.043834593147, 0.036905311048, 0.0321029387414, 0.0263119954616, 0.0198509916663, 0.0254732109606, 0.039903935045, 0.0280680153519, 0.0243339762092, 0.0266699828207, 0.0245606023818, 0.0219961237162, 0.0325715355575, 0.0334038883448, 0.0366070084274, 0.0404581576586, 0.0373102016747, 0.0424986332655, 0.0370578095317, 0.0332006849349, 0.0382260940969, 0.0458933152258, 0.0417713597417, 0.038625523448, 0.0373709760606, 0.0383586585522, 0.0500363446772, 0.053720459342, 0.0470723509789, 0.0455394014716], "dmean": [0.125094175339, 0.111933864653, 0.0959249213338, 0.100331239402, 0.108922451735, 0.131010711193, 0.133572220802, 0.122319057584, 0.0905615314841, 0.0705481544137, 0.0624753050506, 0.0968478918076, 0.12375126034, 0.10983594507, 0.0789031460881, 0.072133436799, 0.0716720744967, 0.0783685147762, 0.101399242878, 0.112493366003, 0.124576471746, 0.126834779978, 0.128454789519, 0.120040588081, 0.102538444102, 0.0950388684869, 0.127003744245, 0.135264217854, 0.132574483752, 0.104249022901, 0.090995632112, 0.0983036756516, 0.128206461668, 0.139853641391, 0.144074991345, 0.142022758722], "max": [1, 1, 1, 1, 1, 1, 1, 1, 1, 1, 1, 1, 1, 1, 1, 1, 1, 1, 1, 1, 1, 1, 1, 1, 1, 1, 1, 1, 1, 1, 1, 1, 1, 1, 1, 1], "var": [0.104984335601, 0.0497991219163, 0.0320138037205, 0.0476114563644, 0.0448531582952, 0.0552964545786, 0.11325982213, 0.0658477470279, 0.0268078818917, 0.0210807751864, 0.0170453283936, 0.0402561351657, 0.0961935073137, 0.0504515469074, 0.0298976693302, 0.0524430982769, 0.0325803346932, 0.0283045191318, 0.0622232928872, 0.047883387655, 0.0566321238875, 0.0963832065463, 0.0566154532135, 0.0430647134781, 0.036874409765, 0.0300137102604, 0.0513452328742, 0.104220137, 0.0640574768186, 0.0337032862008, 0.038634557277, 0.0343507528305, 0.0519187189639, 0.0826858058572, 0.0623600967228, 0.0771662816405], "mean": [0.214350536466, 0.135928824544, 0.0916586071253, 0.116180799901, 0.116054810584, 0.171191647649, 0.254085749388, 0.177518486977, 0.073597997427, 0.0545579008758, 0.0533544868231, 0.13013458252, 0.226015552878, 0.162782654166, 0.0864918753505, 0.100071914494, 0.0798624679446, 0.0915623605251, 0.148341313004, 0.141668140888, 0.167510017753, 0.22667235136, 0.169340506196, 0.109478071332, 0.094389103353, 0.08280184865, 0.155044436455, 0.239577755332, 0.176510706544, 0.089821152389, 0.0821403115988, 0.083402261138, 0.127738296986, 0.183111950755, 0.166806966066, 0.186831831932]}, "tuning_equal_tempered_deviation": 0.0585703700781, "chords_changes_rate": 0.0420463941991, "key_key": "E", "tuning_diatonic_strength": 0.526709616184, "key_scale": "major", "chords_number_rate": 0.00248550134711, "tuning_frequency": 440.763122559, "tuning_nontempered_energy_ratio": 0.702156424522, "chords_histogram": [8.82352924347, 8.55426692963, 15.7622203827, 3.31400156021, 11.5161561966, 1.11847555637, 0.372825175524, 0.165700078011, 0, 0, 0.372825175524, 0.0828500390053, 0, 0, 0.497100234032, 0.994200468063, 0.124275058508, 1.40845072269, 0, 4.6396021843, 2.75476384163, 8.42999172211, 23.1980113983, 7.87075376511], "key_strength": 0.793097615242, "chords_key": "A", "chords_strength": {"dmean2": 0.00938103627414, "median": 0.560241818428, "min": -1, "dvar2": 0.000887999427505, "dvar": 0.000476135202916, "dmean": 0.00974546559155, "max": 0.79540926218, "var": 0.0213075317442, "mean": 0.544363081455}, "chords_scale": "major", "hpcp_entropy": {"dmean2": 0.961492776871, "median": 2.03963899612, "min": 0, "dvar2": 0.632452368736, "dvar": 0.235685005784, "dmean": 0.574263334274, "max": 4.084379673, "var": 0.511610507965, "mean": 1.98762953281}}, "metadata": {"audio_properties": {"equal_loudness": 0, "codec": "mp3", "downmix": "mix", "sample_rate": 44100, "analysis_sample_rate": 44100, "bit_rate": 128000, "md5_encoded": "c8956ba2426d8ae8c3cd53d3e3558ba9", "length": 224.130615234, "replay_gain": -11.7164897919, "lossless": false}, "version": {"essentia_build_sha": "70f2e5ece6736b2c40cc944ad0e695b16b925413", "essentia": "2.1-beta2", "extractor": "music 1.0", "essentia_git_sha": "v2.1_beta2"}, "tags": {"title": ["The Man I Love"], "barcode": ["724354300820"], "media": ["CD"], "albumartist": ["Various Artists"], "musicbrainz_recordingid": ["15900526-2af4-4df2-a309-cdb139509a18"], "musicbrainz_albumartistid": ["89ad4ac3-39f7-470e-963a-56509c546377"], "discnumber": ["2/2"], "album": ["Lady Sings the Blues"], "catalognumber": ["7243 543008 20"], "musicbrainz album release country": ["GB"], "musicbrainz album type": ["compilation"], "musicbrainz album status": ["official"], "file_name": "The Man I Love - Peggy Lee.mp3", "originaldate": ["2002"], "date": ["2002"], "genre": ["Disco"], "script": ["Latn"], "asin": ["B00008RJQP"], "musicbrainz_albumid": ["4ff08481-0f7c-419f-b276-b5f0e87008e8"], "artist": ["Peggy Lee"], "artistsort": ["Lee, Peggy"], "tracknumber": ["15/22"], "label": ["EMI Records"], "albumartistsort": ["Various Artists"], "musicbrainz_artistid": ["5a2463af-eef0-4a22-bc8f-5865fbe9c78e"]}}, "rhythm": {"bpm_histogram_first_peak_bpm": {"dmean2": 0, "median": 94, "min": 94, "dvar2": 0, "dvar": 0, "dmean": 0, "max": 94, "var": 0, "mean": 94}, "bpm": 93.840965271, "bpm_histogram_second_peak_spread": {"dmean2": 0, "median": 0.178571403027, "min": 0.178571403027, "dvar2": 0, "dvar": 0, "dmean": 0, "max": 0.178571403027, "var": 0, "mean": 0.178571403027}, "bpm_histogram_first_peak_weight": {"dmean2": 0, "median": 0.303724914789, "min": 0.303724914789, "dvar2": 0, "dvar": 0, "dmean": 0, "max": 0.303724914789, "var": 0, "mean": 0.303724914789}, "onset_rate": 3.32824397087, "beats_position": [0.731428563595, 1.47446703911, 2.20589566231, 2.97215414047, 3.70358276367, 4.43501138687, 5.16644001007, 5.90947818756, 6.66412687302, 7.4303855896, 8.19664382935, 8.91646194458, 9.62467098236, 10.3328800201, 11.0294780731, 11.7260770798, 12.4110651016, 13.0960540771, 13.7810430527, 14.4660310745, 15.15102005, 15.8360090256, 16.5209980011, 17.2059860229, 17.8793640137, 18.5527439117, 19.2261219025, 19.8762817383, 20.5380496979, 21.1998176575, 21.8615875244, 22.523355484, 23.1851234436, 23.8468933105, 24.5086612701, 25.1704311371, 25.8321990967, 26.4823570251, 27.1441268921, 27.8058948517, 28.4676647186, 29.1294326782, 29.7912006378, 30.4529705048, 31.1147384644, 31.7648983002, 32.4150543213, 33.0652160645, 33.7153739929, 34.3771438599, 35.0389099121, 35.7122879028, 36.3856697083, 37.0474357605, 37.7092056274, 38.3593635559, 39.0211334229, 39.6945114136, 40.3562812805, 41.0180473328, 41.6798171997, 42.3299751282, 42.9801368713, 43.6302947998, 44.2804527283, 44.9306106567, 45.5807685852, 46.2425384521, 46.8926963806, 47.5428581238, 48.2162361145, 48.8896141052, 49.5629920959, 50.2247619629, 50.8865280151, 51.5366897583, 52.1868476868, 52.8253974915, 53.4755554199, 54.1257133484, 54.7758712769, 55.4260292053, 56.0761909485, 56.726348877, 57.3765068054, 58.0266647339, 58.6768226624, 59.3269844055, 59.977142334, 60.6156921387, 61.2658500671, 61.9160079956, 62.5545578003, 63.2047157288, 63.8432655334, 64.4818115234, 65.1319732666, 65.7705230713, 66.409072876, 67.0592269897, 67.7093887329, 68.3479385376, 68.9864807129, 69.6250305176, 70.2635803223, 70.9137420654, 71.5522918701, 72.1908340454, 72.8293838501, 73.4679336548, 74.1064834595, 74.7450332642, 75.3719711304, 76.0105209351, 76.6490707397, 77.2992248535, 77.9493865967, 78.5879364014, 79.2264862061, 79.8650360107, 80.503578186, 81.1537399292, 81.8039016724, 82.4540557861, 83.1042175293, 83.742767334, 84.3813171387, 85.0314712524, 85.6700210571, 86.3085708618, 86.9471206665, 87.5856704712, 88.235824585, 88.8859863281, 89.5245361328, 90.1630859375, 90.8016281128, 91.4401779175, 92.0671157837, 92.6940536499, 93.3326034546, 93.9711532593, 94.609703064, 95.2482528687, 95.8751907349, 96.5137405396, 97.1522903442, 97.7792282104, 98.4177780151, 99.0563278198, 99.6948699951, 100.3334198, 100.971969604, 101.610519409, 102.249069214, 102.887619019, 103.514556885, 104.141494751, 104.780044556, 105.41859436, 106.045532227, 106.672470093, 107.299407959, 107.926345825, 108.553283691, 109.180221558, 109.807167053, 110.434104919, 111.072654724, 111.69959259, 112.338134766, 112.988296509, 113.626846313, 114.265396118, 114.903945923, 115.542495728, 116.181037903, 116.819587708, 117.458137512, 118.096687317, 118.723625183, 119.350563049, 119.989112854, 120.627662659, 121.254600525, 121.881538391, 122.508476257, 123.135414124, 123.762359619, 124.389297485, 125.016235352, 125.643173218, 126.270111084, 126.89704895, 127.523986816, 128.150924683, 128.777862549, 129.416412354, 130.054962158, 130.681900024, 131.308837891, 131.947387695, 132.5859375, 133.212875366, 133.839813232, 134.466751099, 135.105300903, 135.743850708, 136.370788574, 137.009338379, 137.647888184, 138.286437988, 138.924987793, 139.551925659, 140.178863525, 140.805801392, 141.432739258, 142.059677124, 142.698226929, 143.336776733, 143.975326538, 144.613876343, 145.252426147, 145.890975952, 146.529525757, 147.168075562, 147.795013428, 148.421951294, 149.04888916, 149.664215088, 150.279541016, 150.906478882, 151.533416748, 152.171966553, 152.810516357, 153.449066162, 154.087615967, 154.714553833, 155.341491699, 155.980041504, 156.618591309, 157.245529175, 157.872467041, 158.499404907, 159.126342773, 159.75328064, 160.391830444, 161.030380249, 161.668930054, 162.307479858, 162.934417725, 163.561355591, 164.188293457, 164.815231323, 165.442169189, 166.069107056, 166.70765686, 167.346206665, 167.98475647, 168.623306274, 169.250244141, 169.888793945, 170.515731812, 171.142669678, 171.769607544, 172.39654541, 173.035095215, 173.662033081, 174.300582886, 174.93913269, 175.566070557, 176.204620361, 176.843170166, 177.481719971, 178.108657837, 178.747207642, 179.374145508, 180.001083374, 180.639633179, 181.266571045, 181.90512085, 182.532058716, 183.147384644, 183.762710571, 184.389663696, 185.016601562, 185.643539429, 186.282089233, 186.920639038, 187.547576904, 188.174514771, 188.801452637, 189.428390503, 190.055328369, 190.670654297, 191.285980225, 191.912918091, 192.539855957, 193.166793823, 193.793731689, 194.420669556, 195.047622681, 195.674560547, 196.301498413, 196.928436279, 197.543762207, 198.170700073, 198.786026001, 199.412963867, 200.039901733, 200.6668396, 201.293777466, 201.932327271, 202.582489014, 203.244262695, 203.964080811, 204.695510864, 205.426940918, 206.158370972, 206.878189087, 207.609603882, 208.29460144, 208.97958374, 209.676193237, 210.349563599, 211.022949219, 211.707931519, 212.381317139, 212.903762817, 213.414596558, 213.937042236, 214.436279297, 214.947113037, 215.446350098, 215.957183838, 216.468017578, 216.967254639, 217.478088379, 217.988937378, 218.499771118, 219.010604858, 219.533050537, 220.009063721, 220.473464966, 220.937866211, 221.402267456, 221.866668701, 222.331054688, 222.807067871, 223.283081055], "beats_loudness": {"dmean2": 0.0255908854306, "median": 0.0208606142551, "min": 0, "dvar2": 0.000525113136973, "dvar": 0.000189899175894, "dmean": 0.0150751257315, "max": 0.112182937562, "var": 0.000393320835428, "mean": 0.0249629374593}, "danceability": 1.08418691158, "bpm_histogram_second_peak_weight": {"dmean2": 0, "median": 0.0659025758505, "min": 0.0659025758505, "dvar2": 0, "dvar": 0, "dmean": 0, "max": 0.0659025758505, "var": 0, "mean": 0.0659025758505}, "beats_count": 350, "bpm_histogram_second_peak_bpm": {"dmean2": 0, "median": 89, "min": 89, "dvar2": 0, "dvar": 0, "dmean": 0, "max": 89, "var": 0, "mean": 89}, "bpm_histogram_first_peak_spread": {"dmean2": 0, "median": 0.624113440514, "min": 0.624113440514, "dvar2": 0, "dvar": 0, "dmean": 0, "max": 0.624113440514, "var": 0, "mean": 0.624113440514}, "beats_loudness_band_ratio": {"dmean2": [0.350175470114, 0.330410182476, 0.145931363106, 0.173575878143, 0.128574341536, 0.0585709176958], "median": [0.467110455036, 0.24872250855, 0.0653938055038, 0.0366505905986, 0.031785685569, 0.0303293392062], "min": [0, 0, 0, 0, 0, 0], "dvar2": [0.0699871703982, 0.0638626217842, 0.030692756176, 0.0415171571076, 0.0269516855478, 0.0132764717564], "dvar": [0.0254310369492, 0.0213545337319, 0.0110693592578, 0.0161318350583, 0.00949243176728, 0.00460743810982], "dmean": [0.21262088418, 0.184750810266, 0.0852478072047, 0.0997378751636, 0.071242660284, 0.0328487120569], "max": [0.937662661076, 0.949580669403, 0.728018760681, 0.790090560913, 0.759604215622, 0.823624968529], "var": [0.0545344278216, 0.0347207896411, 0.0137864388525, 0.0177448540926, 0.0089991800487, 0.00314207631163], "mean": [0.468764424324, 0.289754956961, 0.107965491712, 0.0959921777248, 0.0704663470387, 0.0392529778183]}}, "lowlevel": {"barkbands_spread": {"dmean2": 6.76397037506, "median": 15.1766414642, "min": 0.262223213911, "dvar2": 78.3203735352, "dvar": 36.4792938232, "dmean": 4.42913007736, "max": 102.15222168, "var": 152.832977295, "mean": 17.0642261505}, "melbands_spread": {"dmean2": 9.0012922287, "median": 14.3942308426, "min": 0.313704490662, "dvar2": 208.741165161, "dvar": 98.7217330933, "dmean": 5.96979761124, "max": 243.758453369, "var": 483.544708252, "mean": 20.9898529053}, "hfc": {"dmean2": 6.3483748436, "median": 5.80449581146, "min": 1.06840924318e-16, "dvar2": 181.972335815, "dvar": 96.1127471924, "dmean": 4.43937206268, "max": 465.104217529, "var": 410.309204102, "mean": 14.1500005722}, "barkbands_kurtosis": {"dmean2": 7.62565898895, "median": 3.69641685486, "min": -1.92428910732, "dvar2": 319.696990967, "dvar": 140.427062988, "dmean": 4.87540245056, "max": 473.803436279, "var": 480.822509766, "mean": 10.1488618851}, "gfcc": {"mean": [-69.3090133667, 104.711372375, -107.633613586, 37.4286346436, -56.7736434937, 5.77825880051, -43.1569671631, 6.30011415482, -28.8735980988, 0.344840109348, -16.2691745758, 2.48917961121, -10.8494558334], "icov": [[0.000213591411011, -0.000380453100661, 0.000526643474586, -0.00056211539777, 0.0004571757745, -0.000659423938487, 0.000497641274706, -0.000466090772534, 0.000490150414407, -0.000413157453295, 0.000791946542449, -0.000582970678806, 0.000866521033458], [-0.000380453100661, 0.00210560346022, -0.000983535312116, 0.000973174406681, -0.00127100711688, 0.00188612181228, -0.00155172718223, 0.00145509024151, -0.0011416975176, 0.00153428979684, -0.00215231440961, 0.00221999059431, -0.00230138632469], [0.000526643474586, -0.000983535312116, 0.00214463984594, -0.00180771911982, 0.00115417444613, -0.00164676934946, 0.000828853750136, -0.000491956598125, 0.00124039221555, -0.00122359814122, 0.00241750758141, -0.00121227221098, 0.00209693098441], [-0.00056211539777, 0.000973174406681, -0.00180771911982, 0.00516285607591, -0.00178346747998, 0.000792422681116, -0.000505587493535, 0.000800627924036, -0.00216709007509, 0.000456022302387, -0.00131551118102, 0.00149999535643, -0.00254899519496], [0.0004571757745, -0.00127100711688, 0.00115417444613, -0.00178346747998, 0.00506871892139, -0.00294180912897, -6.60757577862e-05, -0.00125264981762, -7.27555880076e-06, -0.000429751729826, 0.000921228958759, -0.00162013014778, 0.00135364930611], [-0.000659423938487, 0.00188612181228, -0.00164676934946, 0.000792422681116, -0.00294180912897, 0.00868450012058, -0.00357603025623, 0.000929248228204, -2.07468401641e-05, -0.000106666760985, -0.00225534453057, 0.00136665499303, -0.00159479642753], [0.000497641274706, -0.00155172718223, 0.000828853750136, -0.000505587493535, -6.60757577862e-05, -0.00357603025623, 0.00836211349815, -0.00188951706514, 0.00101850531064, -0.000733419146854, 0.0010573239997, -0.00129185349215, 0.00202483544126], [-0.000466090772534, 0.00145509024151, -0.000491956598125, 0.000800627924036, -0.00125264981762, 0.000929248228204, -0.00188951706514, 0.00933432392776, -0.00434143189341, 0.00112342310604, -0.000718706985936, 0.000361935177352, -0.00163735297974], [0.000490150414407, -0.0011416975176, 0.00124039221555, -0.00216709007509, -7.27555880076e-06, -2.07468401641e-05, 0.00101850531064, -0.00434143189341, 0.0111990971491, -0.00452508125454, 0.00153853651136, 0.000331176328473, -0.000790044898167], [-0.000413157453295, 0.00153428979684, -0.00122359814122, 0.000456022302387, -0.000429751729826, -0.000106666760985, -0.000733419146854, 0.00112342310604, -0.00452508125454, 0.0125462608412, -0.00459013227373, -0.000198345340323, 0.000303022359731], [0.000791946542449, -0.00215231440961, 0.00241750758141, -0.00131551118102, 0.000921228958759, -0.00225534453057, 0.0010573239997, -0.000718706985936, 0.00153853651136, -0.00459013227373, 0.0138088138774, -0.00478120520711, 0.00259018689394], [-0.000582970678806, 0.00221999059431, -0.00121227221098, 0.00149999535643, -0.00162013014778, 0.00136665499303, -0.00129185349215, 0.000361935177352, 0.000331176328473, -0.000198345340323, -0.00478120520711, 0.0150057878345, -0.00696222111583], [0.000866521033458, -0.00230138632469, 0.00209693098441, -0.00254899519496, 0.00135364930611, -0.00159479642753, 0.00202483544126, -0.00163735297974, -0.000790044898167, 0.000303022359731, 0.00259018689394, -0.00696222111583, 0.0177678503096]], "cov": [[22528.8769531, -432.593505859, -3074.80957031, 589.971984863, -583.367736816, 500.679077148, -543.097412109, 501.595916748, -245.019119263, 174.93347168, -356.036621094, 170.921569824, -404.7237854], [-432.593505859, 1066.01989746, 120.531105042, -34.4125289917, 121.74294281, -109.290634155, 97.2751235962, -89.2754440308, 28.1684970856, -86.8190460205, 56.1585464478, -81.8539276123, 64.0872879028], [-3074.80957031, 120.531105042, 1434.38659668, 159.537689209, 30.98985672, 39.4977493286, 69.8465194702, -109.9585495, -19.3898391724, 3.79925966263, -60.27759552, -52.520565033, -10.4570894241], [589.971984863, -34.4125289917, 159.537689209, 348.59387207, 81.3301773071, 71.2903213501, 1.4501452446, 37.4965858459, 53.8192062378, 39.0786628723, -18.7576255798, 4.46687602997, 7.65583658218], [-583.367736816, 121.74294281, 30.98985672, 81.3301773071, 363.023040771, 100.840713501, 98.5005722046, 38.3389358521, 59.6178970337, 17.6702671051, 41.043762207, 16.6286735535, 28.8134937286], [500.679077148, -109.290634155, 39.4977493286, 71.2903213501, 100.840713501, 232.146194458, 68.4486541748, 32.2747840881, -3.70748567581, 39.1709976196, 5.71011257172, 20.4588413239, -18.3282394409], [-543.097412109, 97.2751235962, 69.8465194702, 1.4501452446, 98.5005722046, 68.4486541748, 190.783843994, 15.235461235, 13.8936681747, 4.36326360703, 23.9906845093, 1.01343011856, 6.79554748535], [501.595916748, -89.2754440308, -109.9585495, 37.4965858459, 38.3389358521, 32.2747840881, 15.235461235, 168.396072388, 62.4905662537, 24.3971118927, -2.8465256691, 19.5835189819, 6.53975915909], [-245.019119263, 28.1684970856, -19.3898391724, 53.8192062378, 59.6178970337, -3.70748567581, 13.8936681747, 62.4905662537, 155.729202271, 43.5220336914, 16.8570232391, 1.98582410812, 29.4107036591], [174.93347168, -86.8190460205, 3.79925966263, 39.0786628723, 17.6702671051, 39.1709976196, 4.36326360703, 24.3971118927, 43.5220336914, 121.077529907, 29.6269550323, 21.0468940735, -6.89965295792], [-356.036621094, 56.1585464478, -60.27759552, -18.7576255798, 41.043762207, 5.71011257172, 23.9906845093, -2.8465256691, 16.8570232391, 29.6269550323, 120.809242249, 27.1877918243, 16.7358074188], [170.921569824, -81.8539276123, -52.520565033, 4.46687602997, 16.6286735535, 20.4588413239, 1.01343011856, 19.5835189819, 1.98582410812, 21.0468940735, 27.1877918243, 100.972625732, 25.4914512634], [-404.7237854, 64.0872879028, -10.4570894241, 7.65583658218, 28.8134937286, -18.3282394409, 6.79554748535, 6.53975915909, 29.4107036591, -6.89965295792, 16.7358074188, 25.4914512634, 91.6150970459]]}, "spectral_energyband_middle_low": {"dmean2": 0.00661958288401, "median": 0.00521686580032, "min": 1.68864448896e-22, "dvar2": 0.000207022734685, "dvar": 8.22200745461e-05, "dmean": 0.00407749274746, "max": 0.105158872902, "var": 0.000109545529995, "mean": 0.0082624591887}, "melbands_crest": {"dmean2": 4.9328918457, "median": 12.474029541, "min": 1.17646574974, "dvar2": 23.8974876404, "dvar": 9.09547328949, "dmean": 2.98599219322, "max": 33.8398170471, "var": 28.4149570465, "mean": 13.3658027649}, "spectral_kurtosis": {"dmean2": 3.10250425339, "median": 4.83821678162, "min": -1.28530144691, "dvar2": 15.3907461166, "dvar": 6.1345911026, "dmean": 1.87603497505, "max": 65.7670822144, "var": 20.9366397858, "mean": 5.85829973221}, "spectral_rms": {"dmean2": 0.00101395417005, "median": 0.00326681882143, "min": 3.12429552715e-12, "dvar2": 2.11871406464e-06, "dvar": 9.55819928095e-07, "dmean": 0.000676448165905, "max": 0.0112444451079, "var": 3.85509792977e-06, "mean": 0.0035998316016}, "zerocrossingrate": {"dmean2": 0.00987423863262, "median": 0.044921875, "min": 0.00341796875, "dvar2": 0.000180755901965, "dvar": 0.000148280407302, "dmean": 0.00827179662883, "max": 0.52685546875, "var": 0.00300951325335, "mean": 0.0532095059752}, "silence_rate_60dB": {"dmean2": 0.0741815194488, "median": 0, "min": 0, "dvar2": 0.0802748352289, "dvar": 0.0357097163796, "dmean": 0.0370869152248, "max": 1, "var": 0.134076580405, "mean": 0.159519374371}, "erbbands_kurtosis": {"dmean2": 2.07502198219, "median": 0.0490143299103, "min": -1.83306205273, "dvar2": 14.9157543182, "dvar": 7.38245820999, "dmean": 1.32863128185, "max": 131.875946045, "var": 28.5505237579, "mean": 1.7006509304}, "erbbands": {"dmean2": [0.0421535484493, 0.722829461098, 3.16348433495, 4.30804109573, 12.0657291412, 10.9204063416, 9.30519676208, 9.37937545776, 10.2636785507, 13.2450017929, 14.9775981903, 15.6034812927, 15.5611743927, 24.3265895844, 20.890996933, 13.9929533005, 18.2022762299, 27.4176502228, 21.8835353851, 21.3663158417, 14.4657649994, 18.2457427979, 24.1026916504, 17.1649398804, 7.69046592712, 4.05682706833, 3.97001099586, 3.00977802277, 2.37537837029, 2.30893611908, 1.42687594891, 1.00468671322, 0.728504776955, 0.481025338173, 0.255270063877, 0.124442093074, 0.0641622617841, 0.00407388294116, 7.9193378042e-05, 1.47361306517e-05], "median": [0.0211459696293, 0.242754310369, 0.732028484344, 1.43696713448, 3.13065767288, 4.26570415497, 5.44831752777, 5.0270318985, 4.16694736481, 4.31231021881, 3.40845775604, 2.62941360474, 2.57332849503, 3.41055631638, 3.14526534081, 2.6875, 2.38784909248, 2.83673334122, 3.45584535599, 3.50343894958, 3.09344434738, 4.21524810791, 3.5937898159, 2.86885547638, 2.82688570023, 1.55096328259, 1.16728210449, 0.928875923157, 0.652294516563, 0.5035841465, 0.307401835918, 0.205408513546, 0.119116917253, 0.0665165036917, 0.0403720699251, 0.0173398926854, 0.0044180881232, 0.000296041136608, 1.42805201904e-05, 1.38790001074e-05], "min": [9.08147718143e-23, 3.74568474874e-22, 1.49428299538e-21, 4.88559244234e-21, 1.04609581959e-20, 1.94201699897e-20, 3.32346403657e-20, 5.42389306987e-20, 1.27843490781e-19, 1.79902050933e-19, 2.00654681259e-19, 2.71047415345e-19, 3.97495491207e-19, 7.69527519725e-19, 8.16331363338e-19, 6.43295001961e-19, 1.3618447247e-18, 1.93223373353e-18, 2.26942129574e-18, 3.23120508026e-18, 4.27263601802e-18, 5.02718810484e-18, 5.82784393028e-18, 6.48311945434e-18, 6.52966862972e-18, 8.41777455232e-18, 9.2829649412e-18, 9.5535257934e-18, 1.05410040825e-17, 1.05422407175e-17, 9.76132927971e-18, 1.00051233945e-17, 8.55059246174e-18, 7.18368228976e-18, 6.42486277816e-18, 4.28984013399e-18, 2.59181080358e-18, 9.80591803704e-19, 2.51731171229e-19, 2.65546867835e-20], "dvar2": [0.00775589607656, 2.99192667007, 67.7506103516, 105.633049011, 1351.14147949, 828.374572754, 354.43270874, 637.919921875, 1204.23181152, 2448.24560547, 3511.02954102, 4712.16748047, 3876.43774414, 7805.51269531, 6516.72167969, 3380.953125, 4809.69189453, 11123.0732422, 5314.82519531, 5948.80078125, 2722.17358398, 4804.36376953, 5336.96777344, 3939.5793457, 433.784210205, 133.466186523, 245.7734375, 103.847305298, 74.2040100098, 196.807769775, 51.9211044312, 30.9407730103, 36.3279838562, 17.8308544159, 3.06491708755, 0.521019756794, 0.214825361967, 0.000422547134804, 1.6100045741e-07, 1.001559502e-09], "dvar": [0.00334645854309, 1.10589456558, 24.8659152985, 40.8207321167, 514.38482666, 315.169677734, 130.811248779, 249.344268799, 467.026580811, 966.957824707, 1435.86242676, 2163.26171875, 1839.76904297, 3761.40014648, 3109.38647461, 1616.03979492, 2070.75610352, 4711.60400391, 2345.37402344, 2582.86767578, 1066.21411133, 1915.43835449, 2244.05639648, 1767.60754395, 203.900375366, 57.7043418884, 101.486373901, 42.6457710266, 38.1698684692, 85.4972000122, 25.7681388855, 14.8207406998, 16.5350418091, 10.4648008347, 2.03359127045, 0.332607507706, 0.084770873189, 0.000171524909092, 6.81901468624e-08, 4.67725080888e-10], "dmean": [0.0266908667982, 0.422318905592, 1.80337941647, 2.5839202404, 7.06516122818, 6.49245929718, 5.73924064636, 5.91364908218, 6.51197242737, 8.32609272003, 9.57657718658, 10.3133459091, 10.5449705124, 16.7496299744, 14.0788936615, 9.4382352829, 12.0602149963, 17.7203655243, 14.2837924957, 13.7934484482, 9.19917297363, 11.7831268311, 15.5653648376, 11.4818878174, 5.11713075638, 2.61472892761, 2.52138447762, 1.97017264366, 1.64365327358, 1.58716845512, 0.986505270004, 0.705994307995, 0.502255797386, 0.351649820805, 0.18375210464, 0.0915002450347, 0.0400880761445, 0.00253573944792, 5.08698612975e-05, 9.8156851891e-06], "max": [0.913717031479, 14.1244688034, 77.4476470947, 134.272079468, 302.434082031, 255.330734253, 331.924682617, 497.182983398, 651.52746582, 1274.04492188, 941.569091797, 2509.88525391, 1532.67443848, 1860.06860352, 1875.41088867, 1308.40185547, 1019.53033447, 1808.73791504, 1207.43896484, 1376.20202637, 814.51739502, 1734.05944824, 1282.98986816, 1480.1003418, 609.161010742, 370.471832275, 491.410125732, 216.872192383, 303.757995605, 452.144378662, 236.512954712, 190.251358032, 213.530044556, 233.206466675, 109.93460083, 38.6089668274, 17.670999527, 0.515384018421, 0.011381180957, 0.000789793848526], "var": [0.00442448956892, 0.955416500568, 19.5288333893, 45.1930809021, 412.711029053, 288.269714355, 230.024520874, 408.139099121, 813.91003418, 1417.02160645, 2029.82531738, 3232.16479492, 4078.49169922, 7276.05957031, 6408.37060547, 2903.93774414, 5184.82519531, 10350.3320312, 4800.42919922, 3832.35009766, 2074.28540039, 3395.00854492, 4783.73730469, 3868.34838867, 587.697631836, 124.755813599, 135.10496521, 80.8213577271, 97.2886657715, 131.590927124, 54.7419204712, 25.895532608, 28.0572986603, 22.7885856628, 4.86937952042, 0.763843774796, 0.0747737362981, 0.000168046739418, 7.69505419385e-08, 1.00543617876e-09], "mean": [0.0422903969884, 0.538020372391, 1.93922328949, 3.67882394791, 8.40152835846, 9.0951385498, 10.5511655807, 11.0483474731, 12.1082344055, 14.9171504974, 15.0949554443, 15.6241407394, 17.4560890198, 28.1157073975, 23.6673755646, 15.541009903, 22.0251045227, 29.9446220398, 23.8572120667, 20.9024715424, 16.4568023682, 21.3709526062, 27.388343811, 21.8187160492, 10.8484764099, 5.43373966217, 4.52249193192, 3.59896230698, 2.92641758919, 2.5672712326, 1.63082015514, 1.09372794628, 0.736131906509, 0.517394185066, 0.264912992716, 0.123525165021, 0.0397779271007, 0.00252084457316, 6.10566348769e-05, 2.3854589017e-05]}, "spectral_strongpeak": {"dmean2": 0.945794224739, "median": 0.386528789997, "min": 0, "dvar2": 3.1439332962, "dvar": 1.27331769466, "dmean": 0.565142869949, "max": 17.675617218, "var": 2.3272190094, "mean": 0.976916730404}, "spectral_energy": {"dmean2": 0.0105162253603, "median": 0.0109389070421, "min": 1.00052527642e-20, "dvar2": 0.000354718911694, "dvar": 0.00014730852854, "dmean": 0.00672697229311, "max": 0.129598483443, "var": 0.000317514670314, "mean": 0.0172342453152}, "average_loudness": 0.556423187256, "spectral_rolloff": {"dmean2": 580.832580566, "median": 710.595703125, "min": 86.1328125, "dvar2": 1099825.375, "dvar": 545031.9375, "dmean": 355.092773438, "max": 19509.0820312, "var": 4492212, "mean": 1346.83911133}, "spectral_centroid": {"dmean2": 326.488708496, "median": 990.293457031, "min": 116.479492188, "dvar2": 163750, "dvar": 84430.84375, "dmean": 217.630554199, "max": 11953.4580078, "var": 1396116.875, "mean": 1206.59338379}, "pitch_salience": {"dmean2": 0.107681535184, "median": 0.55597037077, "min": 0.145563021302, "dvar2": 0.0108605371788, "dvar": 0.0041095293127, "dmean": 0.0659846588969, "max": 0.991073668003, "var": 0.0124468607828, "mean": 0.546418488026}, "spectral_energyband_middle_high": {"dmean2": 0.00231698597781, "median": 0.00115305616055, "min": 1.09061855353e-21, "dvar2": 2.30635523621e-05, "dvar": 1.12602774607e-05, "dmean": 0.00157396239229, "max": 0.0571842193604, "var": 5.71537311771e-05, "mean": 0.00475524319336}, "spectral_contrast_coeffs": {"dmean2": [0.0801295340061, 0.067997507751, 0.0585365518928, 0.0488701350987, 0.0374783538282, 0.0298004876822], "median": [-0.648927271366, -0.705862879753, -0.747562289238, -0.760466694832, -0.771869301796, -0.762311697006], "min": [-0.980833828449, -0.98776704073, -0.989583015442, -0.984337866306, -0.984240174294, -0.964861631393], "dvar2": [0.00487081846222, 0.0034002608154, 0.00242521916516, 0.00178399181459, 0.00103713932913, 0.00064025336178], "dvar": [0.00193235022016, 0.00132805737667, 0.00107204902451, 0.000774678657763, 0.000473576248623, 0.000274273974355], "dmean": [0.0493778809905, 0.0417682826519, 0.0372093059123, 0.0309789180756, 0.0241003111005, 0.019050905481], "max": [-0.299347817898, -0.407250702381, -0.41222846508, -0.50935614109, -0.526167035103, -0.579546689987], "var": [0.00985635910183, 0.00545741524547, 0.00667837727815, 0.00509697105736, 0.00387793174013, 0.0021133616101], "mean": [-0.635399878025, -0.704200088978, -0.740041673183, -0.754286587238, -0.766657590866, -0.764147758484]}, "melbands_skewness": {"dmean2": 1.17724585533, "median": 2.56008672714, "min": -2.19958877563, "dvar2": 2.07641458511, "dvar": 0.910921871662, "dmean": 0.773875594139, "max": 18.0947132111, "var": 3.59023332596, "mean": 2.76852321625}, "spectral_spread": {"dmean2": 751502.8125, "median": 3996190.75, "min": 1358362.375, "dvar2": 1208035704830.0, "dvar": 628652244992, "dmean": 520883.0625, "max": 43360452, "var": 14114079375400.0, "mean": 4596177}, "dissonance": {"dmean2": 0.035242151469, "median": 0.459776818752, "min": 0.227108791471, "dvar2": 0.00112584850285, "dvar": 0.000415983085986, "dmean": 0.0210072360933, "max": 0.499999910593, "var": 0.00121706584468, "mean": 0.450846463442}, "spectral_skewness": {"dmean2": 0.369954317808, "median": 1.65386676788, "min": -0.116282582283, "dvar2": 0.148116320372, "dvar": 0.0666920393705, "dmean": 0.232769578695, "max": 6.98598718643, "var": 0.423701286316, "mean": 1.76227939129}, "spectral_flux": {"dmean2": 0.0364067256451, "median": 0.0486691109836, "min": 6.33371827208e-11, "dvar2": 0.00215813354589, "dvar": 0.0009840792045, "dmean": 0.0232822112739, "max": 0.316335946321, "var": 0.00310841179453, "mean": 0.0671042054892}, "spectral_contrast_valleys": {"dmean2": [0.673833310604, 0.529629170895, 0.48935225606, 0.413223356009, 0.342171639204, 0.42874443531], "median": [-7.3034324646, -7.21105051041, -8.14317512512, -8.47332763672, -8.21293258667, -10.8020839691], "min": [-28.1235485077, -28.2071933746, -27.7883071899, -27.6756000519, -27.5614147186, -27.399066925], "dvar2": [0.347227960825, 0.214688792825, 0.175871118903, 0.136037245393, 0.106216110289, 0.223428994417], "dvar": [0.17042478919, 0.101583726704, 0.0858930423856, 0.0724707022309, 0.0691351592541, 0.140101477504], "dmean": [0.425053060055, 0.335211843252, 0.309534609318, 0.269487202168, 0.238567963243, 0.324751228094], "max": [-5.43257665634, -5.0234503746, -5.70595312119, -5.91350698471, -5.91664218903, -6.8736038208], "var": [4.95622253418, 4.71191596985, 4.47833871841, 4.67947626114, 4.81359148026, 4.00999259949], "mean": [-7.7723031044, -7.50629091263, -8.46771621704, -8.88991641998, -8.60127258301, -11.1508827209]}, "erbbands_flatness_db": {"dmean2": 0.0246993973851, "median": 0.16435533762, "min": 0.0429491400719, "dvar2": 0.00060116732493, "dvar": 0.000311081297696, "dmean": 0.0171846430749, "max": 0.347794800997, "var": 0.00196134205908, "mean": 0.168429374695}, "spectral_energyband_high": {"dmean2": 0.000279900326859, "median": 0.000110872839286, "min": 6.7350305632e-21, "dvar2": 1.3627845874e-06, "dvar": 7.98917255906e-07, "dmean": 0.000204301511985, "max": 0.0535320527852, "var": 2.12761574403e-06, "mean": 0.000407530111261}, "spectral_entropy": {"dmean2": 0.25433781743, "median": 7.28460884094, "min": 4.43506717682, "dvar2": 0.079252704978, "dvar": 0.0384778119624, "dmean": 0.169547468424, "max": 9.82333278656, "var": 0.378119796515, "mean": 7.19239854813}, "silence_rate_20dB": {"dmean2": 0, "median": 1, "min": 1, "dvar2": 0, "dvar": 0, "dmean": 0, "max": 1, "var": 0, "mean": 1}, "melbands_flatness_db": {"dmean2": 0.0372237078846, "median": 0.21688836813, "min": 0.000209335921681, "dvar2": 0.00168066401966, "dvar": 0.000776788510848, "dmean": 0.0245970655233, "max": 0.680022776127, "var": 0.00786775164306, "mean": 0.231930375099}, "barkbands": {"dmean2": [4.36470509158e-05, 0.00254069757648, 0.00285410601646, 0.00187641091179, 0.00363484211266, 0.00121409830172, 0.000848394993227, 0.000642273284029, 0.000744378368836, 0.000636097334791, 0.000640609825496, 0.000405295548262, 0.00049060524907, 0.000605904089753, 0.000478132889839, 0.000326547509758, 0.000319319893606, 0.000480015500216, 0.000227207885473, 0.000100879085949, 8.86335546966e-05, 6.94174523233e-05, 5.57493149245e-05, 4.5020984544e-05, 3.93826740037e-05, 2.83653953375e-05, 1.26278010271e-09], "median": [5.8686327975e-06, 0.000993952504359, 0.000581408850849, 0.000549756106921, 0.00134808162693, 0.000652217946481, 0.000283343659248, 0.000113774651254, 0.000111182438559, 6.08589398325e-05, 4.9413243687e-05, 5.28519958607e-05, 4.02281075367e-05, 5.90251220274e-05, 5.85056986893e-05, 4.75850392831e-05, 6.59288343741e-05, 5.472733028e-05, 5.30208380951e-05, 3.31844275934e-05, 2.67239684035e-05, 1.81212453754e-05, 1.16511673696e-05, 8.38590858621e-06, 5.8911296037e-06, 2.88220849143e-06, 1.63861008096e-10], "min": [4.69096630328e-25, 2.6632303092e-24, 8.39908390221e-25, 8.99149674835e-25, 7.29863023639e-24, 6.81956526384e-24, 1.06529196591e-23, 8.84062453643e-24, 1.23404619516e-23, 1.24951883407e-23, 1.39140927294e-23, 1.71068305384e-23, 2.69461443034e-23, 3.62120035219e-23, 4.10607086768e-23, 5.60683140821e-23, 7.50609292362e-23, 1.07579486e-22, 1.46919890991e-22, 1.69632067355e-22, 2.62488202932e-22, 3.01714835248e-22, 3.79851192366e-22, 5.81251243732e-22, 8.79079329745e-22, 1.31447915356e-21, 2.03914480499e-21], "dvar2": [1.0530059491e-08, 3.39609432558e-05, 5.39724569535e-05, 2.10296984733e-05, 0.000115494571219, 8.20026434667e-06, 6.87893134454e-06, 7.92018454376e-06, 8.75574642123e-06, 5.53765312361e-06, 5.36086054126e-06, 2.84162342723e-06, 3.30123521053e-06, 4.77722232972e-06, 2.67552331934e-06, 1.40637450841e-06, 1.27084990709e-06, 2.17470301322e-06, 5.73241322854e-07, 6.83501966137e-08, 1.00621420529e-07, 7.70500392377e-08, 9.0866166147e-08, 1.00595983099e-07, 9.80789778282e-08, 2.60315911049e-08, 4.11657267903e-18], "dvar": [4.88512963415e-09, 1.28216424855e-05, 1.9934561351e-05, 8.13084170659e-06, 4.42600940005e-05, 3.08574544761e-06, 2.63326137429e-06, 3.17386547977e-06, 3.90007153328e-06, 2.68790631708e-06, 2.35436118601e-06, 1.24784799027e-06, 1.5023447304e-06, 2.07376297112e-06, 1.09880863874e-06, 6.00986481913e-07, 5.20289859196e-07, 9.86564373306e-07, 2.46263198278e-07, 2.86881842726e-08, 4.03674356164e-08, 3.80066396133e-08, 4.34941718197e-08, 4.65318237275e-08, 5.94184079716e-08, 1.25491537162e-08, 1.30770337547e-18], "dmean": [2.88132578135e-05, 0.00150919810403, 0.001627577818, 0.00111482734792, 0.00215330859646, 0.000756987719797, 0.00052970222896, 0.000408156600315, 0.000489961821586, 0.000422755285399, 0.000420237221988, 0.000266097631538, 0.000316639168886, 0.00039033225039, 0.000300676794723, 0.000204124036827, 0.000202812050702, 0.00031368661439, 0.000147201077198, 6.38396159047e-05, 5.66096168768e-05, 4.79622904095e-05, 3.85331477446e-05, 3.11748008244e-05, 2.86862123176e-05, 1.90878690773e-05, 6.8032585121e-10], "max": [0.00103103020228, 0.0489219874144, 0.0741096958518, 0.0645774155855, 0.0768738910556, 0.0442511104047, 0.0490031093359, 0.0526659116149, 0.0913052409887, 0.0528880655766, 0.0371238291264, 0.0266774967313, 0.0283865388483, 0.0302345566452, 0.0314173847437, 0.0194457657635, 0.0250489916652, 0.0294319372624, 0.0169388912618, 0.00700431643054, 0.00753199402243, 0.00916316639632, 0.0101174078882, 0.0123485736549, 0.0184829495847, 0.00492203375325, 1.3711587421e-08], "var": [6.3545444462e-09, 1.23794461615e-05, 1.6128500647e-05, 8.83489974512e-06, 3.71488713427e-05, 5.23013113707e-06, 4.79368463857e-06, 4.01112629334e-06, 6.73854174238e-06, 6.10259667155e-06, 5.49772994418e-06, 2.16117769014e-06, 3.23626954923e-06, 3.98381962441e-06, 1.47880678014e-06, 8.96437143183e-07, 9.39977780945e-07, 2.06812023862e-06, 5.12214057835e-07, 6.59629577626e-08, 6.03161751656e-08, 8.64715588023e-08, 8.31340045693e-08, 7.97467976099e-08, 1.34421711095e-07, 1.86184099249e-08, 1.08784342154e-18], "mean": [3.47848035744e-05, 0.00208740704693, 0.00175294827204, 0.0015024098102, 0.00290635530837, 0.00140834331978, 0.000968364765868, 0.000607524823863, 0.000752278778236, 0.000685729668476, 0.000692480243742, 0.000390093511669, 0.000508982047904, 0.000588306749705, 0.000407049345085, 0.000303673208691, 0.00034649236477, 0.000534378283191, 0.00027214147849, 0.000124166326714, 0.00010311241931, 8.3230814198e-05, 6.28681300441e-05, 4.7036250180