{"tonal": {"thpcp": [1, 0.556015312672, 0.124012432992, 0.0683740749955, 0.0977536439896, 0.428014934063, 0.66480910778, 0.368521690369, 0.118576869369, 0.0964556857944, 0.0993457660079, 0.285191118717, 0.393387049437, 0.282034665346, 0.572977662086, 0.803052544594, 0.394595950842, 0.0791663080454, 0.046684704721, 0.0935941785574, 0.32525357604, 0.418520927429, 0.197550475597, 0.0528633780777, 0.0416718348861, 0.105758860707, 0.42162451148, 0.564415633678, 0.302256703377, 0.218726322055, 0.300297886133, 0.204477399588, 0.174023494124, 0.236406102777, 0.226389497519, 0.639621376991], "hpcp": {"dmean2": [0.110119596124, 0.130960226059, 0.233509495854, 0.244006469846, 0.211763501167, 0.0811343789101, 0.0327216498554, 0.0617863349617, 0.165036052465, 0.168741300702, 0.143704116344, 0.0772604644299, 0.0519758574665, 0.0631021037698, 0.133814185858, 0.150638312101, 0.149542167783, 0.184942692518, 0.191287755966, 0.143960833549, 0.0605360381305, 0.0397051051259, 0.0680430233479, 0.167250290513, 0.174529075623, 0.100650221109, 0.036846652627, 0.0306882057339, 0.0598149448633, 0.177143588662, 0.215203493834, 0.164783477783, 0.129869356751, 0.129357978702, 0.110811889172, 0.0968214347959], "median": [0.0115750050172, 0.0367639735341, 0.181066274643, 0.293891876936, 0.147242724895, 0.012790709734, 0.00299552478828, 0.00757250189781, 0.0489118546247, 0.0706169903278, 0.0419603362679, 0.00903200078756, 0.00338853127323, 0.010030368343, 0.0334856435657, 0.0446050353348, 0.0515492036939, 0.115239240229, 0.150224432349, 0.0686780065298, 0.00690187467262, 0.00407234951854, 0.0108388382941, 0.0468042045832, 0.0626095533371, 0.0250160358846, 0.00557859474793, 0.00348034314811, 0.0123100755736, 0.0609412416816, 0.0882757008076, 0.040879830718, 0.0101034119725, 0.00416283356026, 0.00699539389461, 0.0115832835436], "min": [0, 0, 0, 0, 0, 0, 0, 0, 0, 0, 0, 0, 0, 0, 0, 0, 0, 0, 0, 0, 0, 0, 0, 0, 0, 0, 0, 0, 0, 0, 0, 0, 0, 0, 0, 0], "dvar2": [0.0499858856201, 0.0331593863666, 0.0633145198226, 0.0901644974947, 0.0621885918081, 0.0213482845575, 0.00928100850433, 0.014851603657, 0.063980191946, 0.070420794189, 0.0461947321892, 0.0281874854118, 0.0173054486513, 0.0135761611164, 0.0456465631723, 0.0553599298, 0.0488192588091, 0.0556203499436, 0.076329395175, 0.0407628230751, 0.0204875543714, 0.0106151774526, 0.0183967929333, 0.0800161957741, 0.0717758908868, 0.029361564666, 0.00649821804836, 0.00794082321227, 0.0117265954614, 0.0656907036901, 0.0905515104532, 0.068643540144, 0.0646424591541, 0.0718045830727, 0.0518203526735, 0.0328491106629], "dvar": [0.0188057087362, 0.0129142478108, 0.0257656276226, 0.0382554195821, 0.0237655546516, 0.00753851002082, 0.00368128716946, 0.00541079463437, 0.0239599794149, 0.0297501329333, 0.0174872335047, 0.0105432001874, 0.0073733124882, 0.00521026179194, 0.0176394376904, 0.0229513309896, 0.0177709013224, 0.0218589846045, 0.0324339605868, 0.0155011024326, 0.00763669563457, 0.00370639143512, 0.00659927306697, 0.0285206958652, 0.0274555198848, 0.0107382107526, 0.00241035874933, 0.00314987031743, 0.00472567277029, 0.0260846074671, 0.0380592085421, 0.0260206703097, 0.0238957870752, 0.029018336907, 0.0201158933342, 0.0121755041182], "dmean": [0.0644171908498, 0.077119037509, 0.142174318433, 0.146271899343, 0.128294736147, 0.0463564023376, 0.0187504440546, 0.0358676239848, 0.0983490645885, 0.104406498373, 0.086344383657, 0.0451299771667, 0.030902042985, 0.0371163822711, 0.0799003913999, 0.0890049338341, 0.0880942940712, 0.112634778023, 0.115896709263, 0.0858745276928, 0.0345060415566, 0.0220470633358, 0.0390335246921, 0.0985743254423, 0.104205049574, 0.0594887956977, 0.0211112406105, 0.0172839555889, 0.0349586233497, 0.106742873788, 0.129405841231, 0.0961100533605, 0.0745402574539, 0.077108591795, 0.06442386657, 0.0567380599678], "max": [1, 1, 1, 1, 1, 1, 1, 1, 1, 1, 1, 1, 1, 0.839813053608, 1, 1, 1, 1, 1, 1, 1, 0.667628467083, 0.825083613396, 1, 1, 1, 0.615513503551, 0.864547431469, 1, 1, 1, 1, 1, 1, 1, 1], "var": [0.0475222729146, 0.0229120608419, 0.0731939151883, 0.153088137507, 0.065056309104, 0.0145541941747, 0.0136153632775, 0.00696548866108, 0.0621716417372, 0.137948870659, 0.0515874512494, 0.0159753374755, 0.0186292584985, 0.00717117264867, 0.0429678782821, 0.0753112360835, 0.0324370376766, 0.0785451084375, 0.153226658702, 0.046635594219, 0.00827891752124, 0.00322600151412, 0.00666113989428, 0.0451237224042, 0.0698682442307, 0.0212843008339, 0.00290158484131, 0.00364172901027, 0.0073195961304, 0.0647525191307, 0.102665320039, 0.0410400368273, 0.0360415205359, 0.0729630663991, 0.0370773971081, 0.0211261659861], "mean": [0.102292850614, 0.0979586690664, 0.27676397562, 0.432699710131, 0.240587666631, 0.0536601431668, 0.0295854434371, 0.0422979742289, 0.185201942921, 0.28766271472, 0.159459233284, 0.0513081774116, 0.0417363457382, 0.0429868847132, 0.123402118683, 0.170218467712, 0.122036322951, 0.247927263379, 0.347480595112, 0.170741558075, 0.0342552401125, 0.0202004574239, 0.040498174727, 0.140737131238, 0.181093886495, 0.0854800343513, 0.022873967886, 0.0180313903838, 0.0457618273795, 0.182436808944, 0.244222477078, 0.130786389112, 0.0946428179741, 0.129938811064, 0.0884773135185, 0.0752999186516]}, "tuning_equal_tempered_deviation": 0.0320651903749, "chords_changes_rate": 0.0499627143145, "key_key": "D#", "tuning_diatonic_strength": 0.660438537598, "key_scale": "major", "chords_number_rate": 0.00894854590297, "tuning_frequency": 441.017791748, "tuning_nontempered_energy_ratio": 0.669422090054, "chords_histogram": [33.4824752808, 5.14541387558, 14.5413866043, 4.32513046265, 9.02311706543, 0, 0, 0, 1.26771068573, 0, 0.298284858465, 0, 0.298284858465, 0.149142429233, 0, 1.86428034306, 0, 0.223713651299, 0.521998524666, 3.20656228065, 1.71513795853, 3.28113341331, 7.08426570892, 13.5719614029], "key_strength": 0.874564886093, "chords_key": "D#", "chords_strength": {"dmean2": 0.00667203962803, "median": 0.522142887115, "min": 0.299448013306, "dvar2": 3.77237483917e-05, "dvar": 4.79477093904e-05, "dmean": 0.00913529284298, "max": 0.715182304382, "var": 0.00751114450395, "mean": 0.520350813866}, "chords_scale": "major", "hpcp_entropy": {"dmean2": 0.973333597183, "median": 1.75126063824, "min": 0, "dvar2": 0.604081213474, "dvar": 0.222606673837, "dmean": 0.568946123123, "max": 3.28527951241, "var": 0.452814400196, "mean": 1.69652843475}}, "metadata": {"audio_properties": {"equal_loudness": 0, "codec": "flac", "downmix": "mix", "sample_rate": 44100, "analysis_sample_rate": 44100, "bit_rate": 0, "md5_encoded": "8695edd5e50199a16eb3a60ac0a1751e", "length": 62.186668396, "replay_gain": 0.135082244873, "lossless": true}, "version": {"essentia_build_sha": "70f2e5ece6736b2c40cc944ad0e695b16b925413", "essentia": "2.1-beta2", "extractor": "music 1.0", "essentia_git_sha": "v2.1_beta2"}, "tags": {"title": ["Johannes-Passion, BWV 245: No. 22 Choral: Durch dein Gef\u00e4ngnis"], "barcode": ["0035627704123"], "media": ["CD"], "albumartist": ["Johann Sebastian Bach; Christoph Pr\u00e9gardien, Harry van der Kamp, La Petite Bande, Sigiswald Kuijken"], "tracktotal": ["36"], "language": ["deu"], "performer": ["La Petite Bande (orchestra)", "La Petite Bande (choir vocals)"], "releasetype": ["album"], "musicbrainz_recordingid": ["159008cb-5706-4d68-b09b-93d2835c5885"], "composer": ["Johann Sebastian Bach"], "musicbrainz_releasegroupid": ["a16cad90-733e-3c29-a34c-39418e1274b2"], "musicbrainz_albumartistid": ["24f1766e-9635-4d58-a4d4-9413f9f98a4c", "06bdfba6-40b6-407d-8ede-d77e3b94db30", "879579db-7ee3-4c14-a8cf-c3051ab42a6d", "1ce79c93-e3c5-42c7-b09e-6b43a2d1fdd2", "8dde51e7-de48-4cfe-9904-7b8af564f2ef"], "originalyear": ["1990"], "musicbrainz_releasetrackid": ["eee29a54-9df8-4bda-961a-fe3cdb6e9786"], "discnumber": ["2"], "composersort": ["Bach, Johann Sebastian"], "catalognumber": ["GD77041"], "file_name": "CD2-08 - Johannes-Passion, BWV 245 - No. 22 Choral - Durch dein Gefangnis.flac", "originaldate": ["1990"], "work": ["Johannes-Passion, BWV 245: Teil II. No. 22 Choral \"Durch dein Gef\u00e4ngnis, Gottes Sohn\""], "date": ["1988"], "genre": ["Chorus"], "musicbrainz_albumid": ["c2fe5043-02b0-4bfc-8686-acb0619017e6"], "disctotal": ["2"], "albumartistsort": ["Bach, Johann Sebastian; Pr\u00e9gardien, Christoph, Kamp, Harry van der, Petite Bande, La, Kuijken, Sigiswald"], "releasestatus": ["official"], "musicbrainz_artistid": ["24f1766e-9635-4d58-a4d4-9413f9f98a4c"], "asin": ["B000026ND6"], "musicbrainz_workid": ["9e830d6e-ffce-3c92-a53f-f945ca11a117"], "artist": ["Johann Sebastian Bach"], "tracknumber": ["8"], "artistsort": ["Bach, Johann Sebastian"], "album": ["Johannes-Passion, BWV 245"], "label": ["Deutsche Harmonia Mundi"], "totaltracks": ["36"], "totaldiscs": ["2"], "script": ["Latn"], "conductor": ["Sigiswald Kuijken"]}}, "rhythm": {"bpm_histogram_first_peak_bpm": {"dmean2": 0, "median": 133, "min": 133, "dvar2": 0, "dvar": 0, "dmean": 0, "max": 133, "var": 0, "mean": 133}, "bpm": 132.980651855, "bpm_histogram_second_peak_spread": {"dmean2": 0, "median": 0, "min": 0, "dvar2": 0, "dvar": 0, "dmean": 0, "max": 0, "var": 0, "mean": 0}, "bpm_histogram_first_peak_weight": {"dmean2": 0, "median": 0.125, "min": 0.125, "dvar2": 0, "dvar": 0, "dmean": 0, "max": 0.125, "var": 0, "mean": 0.125}, "onset_rate": 0.852004349232, "beats_position": [0.452789098024, 0.905578196049, 1.369977355, 1.82276642323, 2.27555561066, 2.72834467888, 3.16952371597, 3.62231278419, 4.06349182129, 4.5046710968, 4.95746040344, 5.41024923325, 5.87464857101, 6.32743740082, 6.78022670746, 7.23301553726, 7.61614513397, 7.99927425385, 8.38240337372, 8.76553249359, 9.12544155121, 9.4853515625, 9.84526062012, 10.1935596466, 10.5534696579, 10.9133787155, 11.2732877731, 11.6331968307, 11.9931058884, 12.3530158997, 12.7129249573, 13.0728340149, 13.4327430725, 13.7926530838, 14.1525621414, 14.512471199, 15.0117006302, 15.5109291077, 16.0101585388, 16.5442180634, 17.0782756805, 17.6239452362, 18.2276649475, 18.8313827515, 19.4351024628, 20.0388202667, 20.6309299469, 21.2346477509, 21.826757431, 22.430475235, 23.0341949463, 23.6379127502, 24.2184123993, 24.7989120483, 25.3677997589, 25.948299408, 26.5287971497, 27.1673469543, 27.8058948517, 28.4444446564, 29.0713825226, 29.6983222961, 30.2672100067, 30.8360996246, 31.3933773041, 31.9506568909, 32.5195465088, 33.0419960022, 33.5528335571, 34.0752830505, 34.5280723572, 34.9808616638, 35.4336509705, 35.9096603394, 36.3856697083, 36.8616790771, 37.3028564453, 37.7440338135, 38.1736030579, 38.6031723022, 39.0327415466, 39.462310791, 39.8802719116, 40.309841156, 40.7277984619, 41.1689796448, 41.6101570129, 42.0397262573, 42.4809074402, 42.9104766846, 43.374874115, 43.8392753601, 44.3036727905, 44.7332420349, 45.1744194031, 45.6156005859, 46.0451698303, 46.439907074, 46.8346481323, 47.229385376, 47.6241264343, 48.018863678, 48.4136047363, 48.80834198, 49.2030830383, 49.5978240967, 49.9925613403, 50.3873023987, 50.7820396423, 51.1767807007, 51.5831298828, 52.0359191895, 52.4887046814, 52.9531059265, 53.4058952332, 53.9167327881, 54.4275741577, 54.9384117126, 55.4260292053, 55.9136505127, 56.4012680054, 56.946937561, 57.4926071167, 58.1543769836, 58.8161430359, 59.4663009644, 60.1280708313, 60.7898406982, 61.4516105652], "beats_loudness": {"dmean2": 0.0232214704156, "median": 0.0108313579112, "min": 3.55934980689e-06, "dvar2": 0.000706944905687, "dvar": 0.000241980844294, "dmean": 0.013248370029, "max": 0.123248122633, "var": 0.000360136968084, "mean": 0.0175739508122}, "danceability": 0.813924908638, "bpm_histogram_second_peak_weight": {"dmean2": 0, "median": 0.1171875, "min": 0.1171875, "dvar2": 0, "dvar": 0, "dmean": 0, "max": 0.1171875, "var": 0, "mean": 0.1171875}, "beats_count": 129, "bpm_histogram_second_peak_bpm": {"dmean2": 0, "median": 167, "min": 167, "dvar2": 0, "dvar": 0, "dmean": 0, "max": 167, "var": 0, "mean": 167}, "bpm_histogram_first_peak_spread": {"dmean2": 0, "median": 0.5, "min": 0.5, "dvar2": 0, "dvar": 0, "dmean": 0, "max": 0.5, "var": 0, "mean": 0.5}, "beats_loudness_band_ratio": {"dmean2": [0.129230514169, 0.317904144526, 0.297418385744, 0.251411378384, 0.0263776835054, 0.00697777839378], "median": [0.0514921173453, 0.308903515339, 0.357212036848, 0.153943538666, 0.017883522436, 0.00375519692898], "min": [0.000369060668163, 0.013648875989, 0.0264804661274, 0.00925397034734, 0.000601282343268, 0.000288871378871], "dvar2": [0.0174025148153, 0.0579147078097, 0.0555828735232, 0.0471777506173, 0.000839205167722, 7.77356181061e-05], "dvar": [0.00672320695594, 0.0223957300186, 0.0221595577896, 0.017936239019, 0.000348693487467, 2.77851577266e-05], "dmean": [0.0773033350706, 0.185431286693, 0.174665957689, 0.146782100201, 0.0150704002008, 0.00407521659508], "max": [0.68068921566, 0.831349134445, 0.88228738308, 0.813171565533, 0.139532670379, 0.0408879630268], "var": [0.0126795163378, 0.0498126633465, 0.0412793084979, 0.0314398594201, 0.000516258995049, 3.10169016302e-05], "mean": [0.0937483981252, 0.347108125687, 0.387643516064, 0.202969148755, 0.0245121642947, 0.00529333157465]}}, "lowlevel": {"barkbands_spread": {"dmean2": 2.75401139259, "median": 7.3064365387, "min": 0.282310187817, "dvar2": 7.40024995804, "dvar": 3.1601755619, "dmean": 1.75239181519, "max": 49.7150230408, "var": 12.8081073761, "mean": 7.7658033371}, "melbands_spread": {"dmean2": 3.79751086235, "median": 10.5947332382, "min": 0.408118456602, "dvar2": 12.0510253906, "dvar": 4.89035797119, "dmean": 2.43181180954, "max": 33.0037574768, "var": 22.307888031, "mean": 11.0443592072}, "hfc": {"dmean2": 5.78482913971, "median": 5.4270157814, "min": 1.38217004064e-07, "dvar2": 213.558044434, "dvar": 87.4164657593, "dmean": 3.77566766739, "max": 249.165084839, "var": 335.554595947, "mean": 11.5800457001}, "barkbands_kurtosis": {"dmean2": 6.04850006104, "median": 2.63583493233, "min": -1.11775541306, "dvar2": 1250.04528809, "dvar": 432.336639404, "dmean": 3.67969417572, "max": 915.87878418, "var": 597.649047852, "mean": 6.2757229805}, "gfcc": {"mean": [-127.459564209, 160.041763306, -145.487869263, -8.68709468842, -61.365032196, -20.7493915558, -31.1830711365, -1.1668844223, -22.7766838074, -13.431637764, 4.36131906509, -2.32564973831, -9.30813598633], "icov": [[0.000515381339937, -0.000716524373274, 0.00148467393592, -0.000764318159781, 0.000826122181024, -0.000887232017703, 0.00126656750217, -0.00147051725071, 0.000863296852913, -0.000180110349902, -0.000201807255507, -0.000231893558521, 0.000831422337797], [-0.000716524373274, 0.00479033589363, -0.0025422796607, 0.00173963769339, -0.00446123955771, 0.00326636200771, -0.00374967907555, 0.00478935334831, -0.00414650700986, 0.00445684883744, -0.0024653300643, 0.00110929447692, -0.00210515642539], [0.00148467393592, -0.0025422796607, 0.00625530770048, -0.00286502158269, 0.00208646128885, -0.00395163800567, 0.00429292442277, -0.00457211025059, 0.00285413744859, -0.00185238278937, 0.00240875245072, -0.00329182366841, 0.00294904480688], [-0.000764318159781, 0.00173963769339, -0.00286502158269, 0.00769230350852, -0.0040728780441, -0.000101509816886, -0.000281882676063, 0.00233811372891, -0.00466092023998, 0.00330550712533, -0.00197269720957, 0.00160680501722, -0.00365454377607], [0.000826122181024, -0.00446123955771, 0.00208646128885, -0.0040728780441, 0.0103887151927, -0.00322013441473, 0.00156103458721, -0.00332764233463, 0.00238041789271, -0.00334878149442, 0.00146519939881, 0.00139778398443, 0.000658953562379], [-0.000887232017703, 0.00326636200771, -0.00395163800567, -0.000101509816886, -0.00322013441473, 0.0125652290881, -0.00507578253746, 0.000616871984676, 0.0013587808935, -0.00218617287464, 0.00253133825026, -0.00108765938785, 0.000473654014058], [0.00126656750217, -0.00374967907555, 0.00429292442277, -0.000281882676063, 0.00156103458721, -0.00507578253746, 0.0101628787816, -0.00754759274423, 0.00164302415214, 0.00164401088841, -0.000684567028657, -0.00271131377667, 0.00331046641804], [-0.00147051725071, 0.00478935334831, -0.00457211025059, 0.00233811372891, -0.00332764233463, 0.000616871984676, -0.00754759274423, 0.0211946479976, -0.0095553221181, 0.0041489736177, -0.00257784267887, -1.15024949991e-05, -0.00320384581573], [0.000863296852913, -0.00414650700986, 0.00285413744859, -0.00466092023998, 0.00238041789271, 0.0013587808935, 0.00164302415214, -0.0095553221181, 0.0240469481796, -0.0170486439019, 0.00300296954811, 0.00132548168767, 0.00363407167606], [-0.000180110349902, 0.00445684883744, -0.00185238278937, 0.00330550712533, -0.00334878149442, -0.00218617287464, 0.00164401088841, 0.0041489736177, -0.0170486439019, 0.0245145540684, -0.00756658473983, 0.000159208328114, -0.00157512060832], [-0.000201807255507, -0.0024653300643, 0.00240875245072, -0.00197269720957, 0.00146519939881, 0.00253133825026, -0.000684567028657, -0.00257784267887, 0.00300296954811, -0.00756658473983, 0.0208744835109, -0.00675983680412, 0.00122607301455], [-0.000231893558521, 0.00110929447692, -0.00329182366841, 0.00160680501722, 0.00139778398443, -0.00108765938785, -0.00271131377667, -1.15024949991e-05, 0.00132548168767, 0.000159208328114, -0.00675983680412, 0.0235473103821, -0.0114462012425], [0.000831422337797, -0.00210515642539, 0.00294904480688, -0.00365454377607, 0.000658953562379, 0.000473654014058, 0.00331046641804, -0.00320384581573, 0.00363407167606, -0.00157512060832, 0.00122607301455, -0.0114462012425, 0.02133092843]], "cov": [[10921.7128906, 320.846221924, -2830.08203125, -162.456192017, -418.752197266, -509.872894287, -188.560150146, -13.3197202682, -140.006851196, -239.33946228, 397.316894531, -252.839416504, -131.414047241], [320.846221924, 937.05682373, -169.031341553, 24.8323307037, 265.972198486, -155.249633789, 224.931594849, -56.9924430847, 13.2638092041, -132.589172363, 75.4381332397, -28.0072154999, 27.9433555603], [-2830.08203125, -169.031341553, 1137.3614502, 176.428466797, 121.797080994, 256.528625488, -56.5239753723, 48.0137176514, 42.5339851379, 95.4827728271, -139.004104614, 98.7232971191, 33.9055900574], [-162.456192017, 24.8323307037, 176.428466797, 256.70010376, 111.304069519, 51.8363494873, -38.1145172119, 15.765914917, 48.9563865662, 26.9307842255, -5.38638544083, 5.34278297424, 28.8890609741], [-418.752197266, 265.972198486, 121.797080994, 111.304069519, 256.359008789, 28.91264534, 68.7185974121, 8.07084655762, 39.2786140442, 1.80173635483, -3.14668130875, -8.64935207367, 15.7681798935], [-509.872894287, -155.249633789, 256.528625488, 51.8363494873, 28.91264534, 199.663406372, 29.1721954346, 47.4395751953, 5.53171873093, 38.3734703064, -44.2467002869, 30.2390232086, -4.10096549988], [-188.560150146, 224.931594849, -56.5239753723, -38.1145172119, 68.7185974121, 29.1721954346, 286.098114014, 50.6517829895, -4.16094446182, -53.6477928162, 21.9914474487, 17.5217418671, -3.8457763195], [-13.3197202682, -56.9924430847, 48.0137176514, 15.765914917, 8.07084655762, 47.4395751953, 50.6517829895, 97.2447891235, 34.0729560852, 22.2181835175, 4.45052433014, 15.0072479248, 0.0327701941133], [-140.006851196, 13.2638092041, 42.5339851379, 48.9563865662, 39.2786140442, 5.53171873093, -4.16094446182, 34.0729560852, 119.400985718, 79.0987854004, 9.31334877014, -9.69808673859, -6.54001617432], [-239.33946228, -132.589172363, 95.4827728271, 26.9307842255, 1.80173635483, 38.3734703064, -53.6477928162, 22.2181835175, 79.0987854004, 127.050743103, 6.58071613312, 6.12938213348, -2.77122998238], [397.316894531, 75.4381332397, -139.004104614, -5.38638544083, -3.14668130875, -44.2467002869, 21.9914474487, 4.45052433014, 9.31334877014, 6.58071613312, 86.9375839233, 10.2429904938, 7.98722982407], [-252.839416504, -28.0072154999, 98.7232971191, 5.34278297424, -8.64935207367, 30.2390232086, 17.5217418671, 15.0072479248, -9.69808673859, 6.12938213348, 10.2429904938, 80.7472381592, 38.3332481384], [-131.414047241, 27.9433555603, 33.9055900574, 28.8890609741, 15.7681798935, -4.10096549988, -3.8457763195, 0.0327701941133, -6.54001617432, -2.77122998238, 7.98722982407, 38.3332481384, 76.2479782104]]}, "spectral_energyband_middle_low": {"dmean2": 0.00500359060243, "median": 0.00678005442023, "min": 9.16240416871e-11, "dvar2": 7.03879049979e-05, "dvar": 3.9101618313e-05, "dmean": 0.00342691782862, "max": 0.236004814506, "var": 0.000208811659832, "mean": 0.010581612587}, "melbands_crest": {"dmean2": 4.22490215302, "median": 11.4706001282, "min": 4.56641149521, "dvar2": 13.9648113251, "dvar": 5.52055978775, "dmean": 2.64587426186, "max": 38.3459625244, "var": 20.8958759308, "mean": 12.4859027863}, "spectral_kurtosis": {"dmean2": 10.9261827469, "median": 12.3202667236, "min": -0.165754318237, "dvar2": 102.515579224, "dvar": 32.5987205505, "dmean": 6.18755483627, "max": 77.1394042969, "var": 74.9855728149, "mean": 14.3583154678}, "spectral_rms": {"dmean2": 0.000736245536245, "median": 0.00309937284328, "min": 7.01318924712e-07, "dvar2": 8.45383908654e-07, "dvar": 3.60776112984e-07, "dmean": 0.000490937498398, "max": 0.0157538503408, "var": 4.47962202088e-06, "mean": 0.0034293057397}, "zerocrossingrate": {"dmean2": 0.00412395270541, "median": 0.033203125, "min": 0, "dvar2": 1.53160781338e-05, "dvar": 9.82173696684e-06, "dmean": 0.00318157416768, "max": 0.13330078125, "var": 0.000101984856883, "mean": 0.0334266759455}, "silence_rate_60dB": {"dmean2": 0.0657206848264, "median": 0, "min": 0, "dvar2": 0.0718564093113, "dvar": 0.0317689850926, "dmean": 0.0328480787575, "max": 1, "var": 0.153389930725, "mean": 0.189179107547}, "erbbands_kurtosis": {"dmean2": 2.17775583267, "median": 1.16213345528, "min": -1.47173035145, "dvar2": 9.21828460693, "dvar": 3.92025494576, "dmean": 1.37249457836, "max": 45.7592697144, "var": 9.29502391815, "mean": 1.97416591644}, "erbbands": {"dmean2": [0.000682777201291, 0.0118095232174, 0.0693596750498, 0.196637421846, 0.83401709795, 3.01355719566, 6.99226713181, 12.3694467545, 29.3749332428, 34.1108779907, 43.6057128906, 24.0409374237, 18.7585163116, 56.3717193604, 85.0586471558, 67.5884475708, 25.8481616974, 14.4108247757, 6.69965648651, 4.23616170883, 2.30162119865, 3.73295235634, 4.50624513626, 3.54589104652, 1.80287837982, 0.761327981949, 0.144998773932, 0.0578342862427, 0.0362930819392, 0.027655152604, 0.0219598282129, 0.0195606146008, 0.0125201102346, 0.00784594286233, 0.00244447845034, 0.00100137060508, 0.00019513744337, 2.6841476938e-05, 6.27319013802e-06, 8.73656881595e-06], "median": [0.000608510221355, 0.0193309150636, 0.101441711187, 0.241261869669, 0.556178927422, 2.35019159317, 6.59320735931, 9.43985557556, 16.911239624, 15.1690101624, 10.0199384689, 8.05717468262, 6.45286560059, 13.5370063782, 10.8205804825, 8.66167259216, 4.04755449295, 3.29213428497, 1.78303742409, 1.41226458549, 1.39208507538, 2.45168042183, 2.77998828888, 1.94288408756, 1.07146787643, 0.450875461102, 0.108297735453, 0.0468957573175, 0.0284061096609, 0.0208075009286, 0.0139950271696, 0.0075624990277, 0.00372288213111, 0.00175071228296, 0.000500548223499, 0.000156609079568, 4.97740184073e-05, 1.4862676835e-05, 7.72176281316e-06, 1.16471019282e-05], "min": [6.9589254359e-09, 3.31770912965e-08, 8.44288052804e-08, 1.27423035678e-07, 1.17488930584e-07, 5.54148513743e-08, 2.84407928319e-08, 1.0473056733e-07, 1.72378875618e-07, 9.56007326636e-08, 4.37281038046e-08, 1.09063385878e-07, 4.93497509524e-08, 3.69204009587e-08, 4.19888195324e-08, 1.24392997236e-07, 8.85930617756e-08, 1.0476066592e-07, 1.13008070457e-07, 9.93992657072e-08, 7.15198424928e-08, 5.40953024597e-08, 5.25594856526e-08, 4.8035857958e-08, 7.62008838251e-08, 6.28918570555e-08, 6.86137937578e-08, 2.63489674523e-08, 1.88931359446e-08, 1.648544945e-08, 1.66044831218e-08, 1.0915742088e-08, 7.97879895487e-09, 6.92956136916e-09, 5.25733856449e-09, 1.75091785515e-09, 9.879983498e-10, 1.38507916247e-09, 1.1813990064e-10, 1.40183238281e-11], "dvar2": [1.28299018343e-06, 0.00034710901673, 0.0126597881317, 0.127872273326, 3.63259267807, 24.3604469299, 158.996551514, 578.167236328, 3637.66479492, 4668.70703125, 13345.5830078, 4244.24853516, 1815.18835449, 36910.578125, 107298.351562, 85449.1015625, 23244.9375, 2379.86669922, 1086.75231934, 187.589553833, 41.8899383545, 56.3114013672, 71.2847671509, 71.0877609253, 16.609703064, 2.65496754646, 0.0801952704787, 0.0137652494013, 0.00649999408051, 0.00427563348785, 0.00387012585998, 0.00410582311451, 0.00282639358193, 0.0017460770905, 0.000149836589117, 8.16363317426e-05, 2.91436595035e-06, 1.70479328432e-08, 2.78842476886e-10, 3.12566666993e-10], "dvar": [7.51266895804e-07, 0.000427382910857, 0.014428676106, 0.067240126431, 1.78662860394, 16.2095775604, 63.0259361267, 244.512481689, 2579.95043945, 2596.43066406, 5926.59326172, 1816.23681641, 809.827758789, 14097.9306641, 38496.4101562, 34021.8515625, 8776.53222656, 961.697387695, 461.165740967, 65.3218994141, 15.2241783142, 20.2455387115, 25.7304325104, 24.888343811, 5.95497465134, 1.00426673889, 0.0273035038263, 0.00507320370525, 0.00252243876457, 0.00195534480736, 0.00208083051257, 0.00230694329366, 0.00137746939436, 0.000832319376059, 0.000119723496027, 5.24721217516e-05, 1.3359734794e-06, 1.01048822643e-08, 1.55043422545e-10, 1.37342637263e-10], "dmean": [0.000482580799144, 0.01130335778, 0.0655789300799, 0.146717607975, 0.619010806084, 2.24665117264, 4.76098299026, 8.2352809906, 19.7685928345, 23.6474514008, 28.5423145294, 15.4043321609, 12.0512990952, 34.8938331604, 51.6222000122, 42.1887397766, 16.3286495209, 8.74462509155, 4.25861024857, 2.51982021332, 1.35544359684, 2.19960689545, 2.65378499031, 2.12122368813, 1.0891033411, 0.465647697449, 0.0851199552417, 0.0348735265434, 0.0223555900156, 0.0178279038519, 0.0149588864297, 0.0136132864282, 0.00882368627936, 0.00542299170047, 0.00194088846911, 0.000805812189355, 0.000148756982526, 2.06135009648e-05, 4.43741146228e-06, 5.80825280849e-06], "max": [0.0727716684341, 1.02963376045, 6.12601280212, 7.79981040955, 37.6049461365, 185.810943604, 155.283370972, 348.828735352, 2718.40234375, 1354.12585449, 1770.74169922, 865.895690918, 696.414550781, 3429.7019043, 4387.14160156, 4930.93701172, 2661.76416016, 937.829406738, 904.195922852, 190.801742554, 116.573867798, 129.01612854, 97.0307769775, 121.356430054, 58.5137863159, 20.7269554138, 3.27327299118, 1.4519020319, 1.43807387352, 1.81975054741, 1.85837960243, 1.39195585251, 1.01294147968, 0.930863022804, 0.646251678467, 0.467499792576, 0.054060228169, 0.00443857908249, 0.000493541359901, 0.00030419047107], "var": [3.93415466533e-05, 0.0184150915593, 0.342885226011, 0.528542459011, 10.6188516617, 177.96244812, 217.038635254, 662.052734375, 12049.5458984, 8895.44238281, 15775.0908203, 4722.84716797, 1997.83337402, 26812.6738281, 71725.765625, 63051.1171875, 14541.0400391, 1591.31542969, 865.135803223, 151.709976196, 27.5776901245, 62.8101959229, 82.9270172119, 63.6976318359, 18.3359909058, 3.63281869888, 0.126975879073, 0.0190237890929, 0.0110706537962, 0.0090753370896, 0.00884552299976, 0.0108474828303, 0.00636022817343, 0.0027403102722, 0.000888940296136, 0.000257120467722, 4.16165767092e-06, 4.78652069091e-08, 6.85225709507e-10, 6.57043419672e-10], "mean": [0.00263455649838, 0.0713753774762, 0.339927196503, 0.511286258698, 1.74481129646, 6.41876173019, 11.3068990707, 17.5358963013, 39.1010856628, 46.3791236877, 50.4936218262, 27.4764785767, 21.3666858673, 58.598613739, 81.5018386841, 64.4236450195, 25.5468139648, 13.058054924, 7.26031064987, 4.45283985138, 2.9124724865, 5.20057487488, 6.26604318619, 4.82857942581, 2.64920663834, 1.14276874065, 0.239474743605, 0.0970136746764, 0.0688430815935, 0.0527765601873, 0.0409402064979, 0.0349199846387, 0.0224551465362, 0.012387752533, 0.00521961413324, 0.00192700058687, 0.000357930257451, 5.94360790274e-05, 1.52608081407e-05, 1.96017444978e-05]}, "spectral_strongpeak": {"dmean2": 0.884811580181, "median": 0.820059776306, "min": 0, "dvar2": 1.74491858482, "dvar": 0.755662679672, "dmean": 0.55076867342, "max": 15.3144683838, "var": 2.75233840942, "mean": 1.35180532932}, "spectral_energy": {"dmean2": 0.00754469819367, "median": 0.00984626729041, "min": 5.04144392899e-10, "dvar2": 0.00022231679759, "dvar": 9.87592648016e-05, "dmean": 0.00501346355304, "max": 0.254388391972, "var": 0.00047623590217, "mean": 0.0166457723826}, "average_loudness": 0.234179660678, "spectral_rolloff": {"dmean2": 227.786880493, "median": 925.927734375, "min": 21.533203125, "dvar2": 149872.890625, "dvar": 55733.1914062, "dmean": 128.459243774, "max": 6976.7578125, "var": 100601.78125, "mean": 845.477722168}, "spectral_centroid": {"dmean2": 124.540817261, "median": 699.783813477, "min": 189.304641724, "dvar2": 16238.7646484, "dvar": 6938.45458984, "dmean": 80.0168533325, "max": 1924.92871094, "var": 45766.796875, "mean": 724.179199219}, "pitch_salience": {"dmean2": 0.0958795174956, "median": 0.572915792465, "min": 0.0566700212657, "dvar2": 0.00628752913326, "dvar": 0.00244402349927, "dmean": 0.0597514770925, "max": 0.815781891346, "var": 0.00989974103868, "mean": 0.565473973751}, "spectral_energyband_middle_high": {"dmean2": 0.00412440253422, "median": 0.00163618964143, "min": 1.57192939221e-11, "dvar2": 0.000143383775139, "dvar": 5.80268570047e-05, "dmean": 0.00261609139852, "max": 0.170763298869, "var": 0.00015044225438, "mean": 0.00561289163306}, "spectral_contrast_coeffs": {"dmean2": [0.0613545812666, 0.0685718357563, 0.0574448667467, 0.046311751008, 0.0283206254244, 0.0179705750197], "median": [-0.595515668392, -0.687562227249, -0.715084373951, -0.754941642284, -0.749287545681, -0.788128495216], "min": [-0.91608184576, -0.974575161934, -0.947714030743, -0.948773145676, -0.936427354813, -0.911579191685], "dvar2": [0.0025176492054, 0.00300846598111, 0.00212589255534, 0.00138538668398, 0.000501687813085, 0.000195414133486], "dvar": [0.000947619962972, 0.00112955551594, 0.000828924239613, 0.00052726623835, 0.000179422902875, 7.68949394114e-05], "dmean": [0.0380632802844, 0.0428305529058, 0.0361340381205, 0.028132379055, 0.0172957889736, 0.0110296849161], "max": [-0.253093510866, -0.380508482456, -0.429412186146, -0.473352223635, -0.589628279209, -0.69773453474], "var": [0.0109546259046, 0.00653706258163, 0.00627595186234, 0.00463272631168, 0.00340582174249, 0.00139440968633], "mean": [-0.592162251472, -0.684005260468, -0.711349546909, -0.754134833813, -0.757665634155, -0.793233752251]}, "melbands_skewness": {"dmean2": 0.738966345787, "median": 1.40349555016, "min": -1.69421827793, "dvar2": 0.66233754158, "dvar": 0.272092521191, "dmean": 0.478875100613, "max": 18.6939868927, "var": 1.75902831554, "mean": 1.52875101566}, "spectral_spread": {"dmean2": 377800.1875, "median": 2050945.25, "min": 1050550.75, "dvar2": 156690628608, "dvar": 137825845248, "dmean": 244416.90625, "max": 26030342, "var": 1473752334340.0, "mean": 2367291.25}, "dissonance": {"dmean2": 0.0564884766936, "median": 0.425350129604, "min": 0.197511658072, "dvar2": 0.00225778389722, "dvar": 0.000808611453976, "dmean": 0.0332755111158, "max": 0.499711930752, "var": 0.00187559018377, "mean": 0.419772744179}, "spectral_skewness": {"dmean2": 0.833230376244, "median": 2.39039087296, "min": 0.907857179642, "dvar2": 0.514595627785, "dvar": 0.165210083127, "dmean": 0.477530002594, "max": 6.94160842896, "var": 0.529973566532, "mean": 2.49884748459}, "spectral_flux": {"dmean2": 0.0214030072093, "median": 0.0413475930691, "min": 0.000342990271747, "dvar2": 0.000728999148123, "dvar": 0.000246043229708, "dmean": 0.0124464472756, "max": 0.324026376009, "var": 0.00119265820831, "mean": 0.048856895417}, "spectral_contrast_valleys": {"dmean2": [0.549861252308, 0.471122175455, 0.410496562719, 0.324109137058, 0.22900480032, 0.192569479346], "median": [-8.76473236084, -6.66662454605, -7.77644252777, -8.67850875854, -8.82572746277, -12.4238681793], "min": [-16.5264167786, -16.3300170898, -16.430765152, -17.3964958191, -17.6786060333, -18.8633060455], "dvar2": [0.225550383329, 0.142400145531, 0.106881529093, 0.0646393671632, 0.037590034306, 0.0369113609195], "dvar": [0.0827077776194, 0.0562614239752, 0.0407921969891, 0.0277264695615, 0.019522331655, 0.0235109850764], "dmean": [0.331681907177, 0.286415487528, 0.247876271605, 0.195039272308, 0.140763998032, 0.136156529188], "max": [-6.77183055878, -4.95001792908, -5.22138166428, -6.70545530319, -7.3800330162, -9.72741508484], "var": [0.913675904274, 1.22201097012, 1.30649447441, 1.19793987274, 1.18834459782, 0.898789703846], "mean": [-8.8490152359, -6.8874206543, -7.91170835495, -8.89964962006, -9.09519767761, -12.5136880875]}, "erbbands_flatness_db": {"dmean2": 0.025177622214, "median": 0.268684983253, "min": 0.0526592172682, "dvar2": 0.0004591299803, "dvar": 0.000201135946554, "dmean": 0.0166977308691, "max": 0.416209548712, "var": 0.0024251525756, "mean": 0.265612751245}, "spectral_energyband_high": {"dmean2": 8.1708194557e-06, "median": 7.39448250897e-06, "min": 5.94596073766e-12, "dvar2": 2.73321254518e-10, "dvar": 1.11347452092e-10, "dmean": 5.18283786732e-06, "max": 0.000245025672484, "var": 6.44891362533e-10, "mean": 1.63732456713e-05}, "spectral_entropy": {"dmean2": 0.204493910074, "median": 6.70555019379, "min": 5.42477273941, "dvar2": 0.029958140105, "dvar": 0.0130201457068, "dmean": 0.134528622031, "max": 8.89978218079, "var": 0.107699297369, "mean": 6.70987939835}, "silence_rate_20dB": {"dmean2": 0, "median": 1, "min": 1, "dvar2": 0, "dvar": 0, "dmean": 0, "max": 1, "var": 0, "mean": 1}, "melbands_flatness_db": {"dmean2": 0.0271160583943, "median": 0.285126119852, "min": 0.141046315432, "dvar2": 0.000551604258362, "dvar": 0.00023560092086, "dmean": 0.0178436636925, "max": 0.476702511311, "var": 0.00192165852059, "mean": 0.287441074848}, "barkbands": {"dmean2": [6.09636390436e-06, 4.19182724727e-05, 7.27427832317e-05, 9.17695942917e-05, 0.000712463923264, 0.00141502975021, 0.00217770505697, 0.00199463940226, 0.00121689250227, 0.000986373634078, 0.00222730915993, 0.00166960840579, 0.000438317016233, 0.000259620632278, 0.000138944655191, 4.62275129394e-05, 7.23433040548e-05, 8.03594739409e-05, 4.5863314881e-05, 2.14083702303e-05, 1.74546346443e-06, 8.87218220669e-07, 7.50143556161e-07, 7.66710797961e-07, 5.08857169734e-07, 1.49344685951e-07, 1.84090449551e-08], "median": [2.43987005888e-06, 5.08936900587e-05, 8.77458442119e-05, 4.55272675026e-05, 0.000605225155596, 0.00118026393466, 0.00126033136621, 0.000350356596755, 0.000302642496536, 0.000207528908504, 0.00045507500181, 0.000193375701201, 4.87532524858e-05, 3.86187748518e-05, 2.02772844204e-05, 1.86205797945e-05, 4.26717742812e-05, 4.77487374155e-05, 2.69642514468e-05, 1.03609490907e-05, 1.31237072765e-06, 7.45810496028e-07, 5.27003635398e-07, 2.75020312301e-07, 1.09871429288e-07, 2.8185166201e-08, 1.41878810922e-08], "min": [1.39252415154e-10, 1.75358838561e-10, 7.6119721637e-11, 4.2200624939e-11, 2.16681811382e-11, 9.98062309882e-12, 1.10970711786e-11, 1.59945136562e-12, 4.7137588971e-12, 6.71794922209e-13, 1.16966646872e-12, 2.68075752569e-12, 1.86859186978e-12, 1.87647662166e-12, 2.01255917313e-12, 1.68043812372e-12, 1.10123477177e-12, 7.93734435817e-13, 1.30400681572e-12, 1.40570053427e-12, 1.14076304826e-12, 5.58994690814e-13, 5.872547457e-13, 4.817633922e-13, 6.68793904805e-13, 6.10801719533e-13, 1.29705480297e-12], "dvar2": [2.97898372636e-11, 4.3366910063e-09, 1.50373118402e-08, 4.30052402578e-08, 1.15742420803e-06, 6.25344137006e-06, 1.83566426131e-05, 2.14254432649e-05, 1.46337997649e-05, 9.17312900128e-06, 5.35165672773e-05, 5.22027403349e-05, 6.48685909255e-06, 8.48966521971e-07, 4.15718062641e-07, 3.15530499506e-08, 2.23924025988e-08, 2.1936704897e-08, 1.2501632618e-08, 2.11946415973e-09, 1.13495870688e-11, 3.00802590301e-12, 5.12235176151e-12, 7.51536853583e-12, 7.02452896198e-12, 1.85335796189e-12, 7.03652165086e-15], "dvar": [1.04832106537e-11, 5.05640640469e-09, 1.45451402034e-08, 2.52649758892e-08, 6.7459757247e-07, 2.64198979494e-06, 1.26358827401e-05, 1.10195005618e-05, 6.43668772682e-06, 3.93214213545e-06, 1.97586941795e-05, 2.09462432395e-05, 2.4128721634e-06, 3.44197928825e-07, 1.68610014839e-07, 1.16000737904e-08, 8.16492917721e-09, 8.01380206639e-09, 4.64365612629e-09, 7.8287742955e-10, 4.0653006135e-12, 1.31945962403e-12, 2.58352627486e-12, 4.17404088723e-12, 3.85374978457e-12, 1.01292932375e-12, 4.29386750765e-15], "dmean": [3.39816938322e-06, 3.81455283787e-05, 6.56543124933e-05, 6.6863198299e-05, 0.000512353028171, 0.000957890646532, 0.00146811734885, 0.00135588482954, 0.000779792258982, 0.000626177992672, 0.00136229221243, 0.00102907896508, 0.000275289872661, 0.000156102818437, 8.70058574947e-05, 2.70691725746e-05, 4.27355262218e-05, 4.82631076011e-05, 2.75432721537e-05, 1.30301505123e-05, 1.05541130324e-06, 5.70228337438e-07, 5.09730398335e-07, 5.60959506402e-07, 3.69661023569e-07, 1.16197625744e-07, 1.35008910718e-08], "max": [5.88247967244e-05, 0.0040133735165, 0.00669473176822, 0.00560749229044, 0.0317866317928, 0.0294384099543, 0.18447239697, 0.0947036743164, 0.0578264258802, 0.0499668605626, 0.100994847715, 0.131666645408, 0.0335104353726, 0.0170271378011, 0.016209827736, 0.00355148524977, 0.00281818583608, 0.00156539445743, 0.00198822258972, 0.000533211801667, 4.23435740231e-05, 4.0609826101e-05, 7.07246217644e-05, 5.38704261999e-05, 7.18254814274e-05, 5.91386160522e-05, 2.64431264441e-06], "var": [9.60239700254e-12, 2.3790695991e-07, 3.18322662451e-07, 1.73403179815e-07, 6.15308908891e-06, 7.77326113166e-06, 5.64712427149e-05, 3.24736574839e-05, 1.60306899488e-05, 9.92434797809e-06, 3.78406548407e-05, 3.47241220879e-05, 4.07919196732e-06, 5.8169928252e-07, 3.03320774719e-07, 1.38269804495e-08, 2.23872547167e-08, 2.74438427539e-08, 1.13300862026e-08, 2.22884066758e-09, 1.65020427878e-11, 8.46132018617e-12, 1.00733388644e-11, 2.34194746929e-11, 1.85662544366e-11, 4.01025827129e-12, 1.72803022163e-14], "mean": [3.27620614371e-06, 0.000238424181589, 0.000309236318571, 0.000193646395928, 0.00144513638224, 0.0021454624366, 0.00283104367554, 0.00237544439733, 0.00131607975345, 0.00104632694274, 0.00216702185571, 0.00147278711665, 0.000396647345042, 0.000223621173063, 0.000130222688313, 4.55220615549e-05, 9.2775648227e-05, 0.000113209724077, 6.29284186289e-05, 2.81902921415e-05, 2.83866074824e-06, 1.83472889148e-06, 1.41066823289e-06, 1.50133610077e-06, 9.02485908227e-07, 2.71187957424e-07, 4.11765945785e-08]}, "erbbands_skewness": {"dmean2": 0.612054586411, "median": 0.768303930759, "min": -1.44548749924, "dvar2": 0.274826645851, "dvar": 0.11744081229, "dmean": 0.394427627325, "max": 5.85497093201, "var": 0.499073326588, "mean": 0.849510550499}, "erbbands_spread": {"dmean2": 5.40681791306, "median": 15.5307807922, "min": 2.35449147224, "dvar2": 31.0400810242, "dvar": 13.1149978638, "dmean": 3.4859457016, "max": 98.5501785278, "var": 71.009262085, "mean": 16.7476673126}, "melbands_kurtosis": {"dmean2": 5.96037387848, "median": 3.65354323387, "min": -1.45344114304, "dvar2": 374.628448486, "dvar": 158.907012939, "dmean": 3.78605699539, "max": 559.417785645, "var": 478.874053955, "mean": 7.58600091934}, "melbands": {"dmean2": [8.76584635989e-06, 2.84869747702e-05, 4.52248968941e-05, 0.000133168607135, 0.00021344187553, 0.000293932622299, 0.000451934844023, 0.00037989707198, 0.000379469827749, 0.000136061105877, 9.44399289438e-05, 0.000221272741328, 0.000258715997916, 0.000171198189491, 0.000189662532648, 1.75657405634e-05, 3.0936946132e-05, 1.0710737115e-05, 1.08528411147e-05, 4.03944022764e-06, 2.75643947134e-06, 4.1808275455e-06, 5.02597458762e-06, 3.24866573465e-06, 3.28306850861e-06, 1.4808541664e-06, 1.28992576265e-06, 4.5635783863e-07, 1.30518458263e-07, 5.22118384083e-08, 3.79895688241e-08, 2.41047697358e-08, 1.96179108514e-08, 1.62192161923e-08, 1.37237412545e-08, 1.46238186005e-08, 1.33490631882e-08, 1.01530375218e-08, 8.85213680135e-09, 6.59460352992e-09], "median": [9.82753590506e-06, 5.41239205631e-05, 4.85655327793e-05, 0.000102629346657, 0.000223402981646, 0.000225391355343, 0.000269558106083, 0.000143085751915, 7.34011919121e-05, 4.47342536063e-05, 2.54450933426e-05, 4.69182268716e-05, 4.39720024588e-05, 2.25931253226e-05, 1.07258574644e-05, 3.93102982343e-06, 4.29163173976e-06, 2.4131063582