{"tonal": {"thpcp": [1, 0.5718947649, 0.18053509295, 0.158999592066, 0.175160080194, 0.219501465559, 0.302753090858, 0.295403569937, 0.230843603611, 0.271387666464, 0.289070278406, 0.258534431458, 0.250528424978, 0.187923982739, 0.152156382799, 0.164636209607, 0.151022955775, 0.138793244958, 0.119537621737, 0.11364531517, 0.140290856361, 0.186550408602, 0.168236270547, 0.0978488996625, 0.0750080645084, 0.0849258303642, 0.100194260478, 0.0944957360625, 0.169566005468, 0.309100419283, 0.232136905193, 0.0883313268423, 0.0812288299203, 0.0919011756778, 0.144195541739, 0.628588438034], "hpcp": {"dmean2": [0.270470529795, 0.262843519449, 0.249678686261, 0.263255983591, 0.249445170164, 0.210722178221, 0.188175410032, 0.161774381995, 0.147584453225, 0.133760005236, 0.118243530393, 0.115189373493, 0.10900747776, 0.104985192418, 0.10843834281, 0.114423856139, 0.109082959592, 0.0839187204838, 0.0701805129647, 0.0765989050269, 0.0907596349716, 0.0901570990682, 0.102170132101, 0.128184720874, 0.11840428412, 0.0909706875682, 0.0886018201709, 0.0965508595109, 0.137765571475, 0.249610379338, 0.246158331633, 0.280822008848, 0.193600952625, 0.164971902966, 0.185108348727, 0.23545512557], "median": [0.0391106233001, 0.0357334651053, 0.0245822332799, 0.0448888614774, 0.0468941070139, 0.0494776070118, 0.0513734780252, 0.0249116402119, 0.017565915361, 0.0207494776696, 0.0209850259125, 0.0202138405293, 0.0149070173502, 0.0112138073891, 0.0277278926224, 0.0506339147687, 0.0398233905435, 0.0126346256584, 0.00743273226544, 0.00848306808621, 0.00803651846945, 0.00700600259006, 0.0428557209671, 0.0719553679228, 0.0644875913858, 0.00957791879773, 0.0068839751184, 0.00841548852623, 0.0203513801098, 0.374465852976, 0.739375293255, 0.32383570075, 0.0191407129169, 0.0212834887207, 0.0210649035871, 0.0212003439665], "min": [0, 0, 0, 0, 0, 0, 0, 0, 0, 0, 0, 0, 0, 0, 0, 0, 0, 0, 0, 0, 0, 0, 0, 0, 0, 0, 0, 0, 0, 0, 0, 0, 0, 0, 0, 0], "dvar2": [0.176406309009, 0.170829281211, 0.163293018937, 0.167086198926, 0.155735895038, 0.125861361623, 0.107396118343, 0.100122287869, 0.100744321942, 0.071809694171, 0.0586833395064, 0.0489514768124, 0.0446731895208, 0.0463277548552, 0.0399678908288, 0.0368639193475, 0.0388311222196, 0.0309208035469, 0.026084817946, 0.0276524815708, 0.0395136028528, 0.0406164266169, 0.0378519631922, 0.0502776689827, 0.0450906082988, 0.034578897059, 0.0444794557989, 0.0513729900122, 0.0662078335881, 0.0914577543736, 0.138487264514, 0.111849911511, 0.105091124773, 0.0928522720933, 0.108876734972, 0.160026177764], "dvar": [0.064836256206, 0.0621962510049, 0.0582909323275, 0.0601827651262, 0.0561817064881, 0.0449603013694, 0.0369286239147, 0.0339976660907, 0.0333826206625, 0.0257359854877, 0.0214098468423, 0.017588660121, 0.0159084349871, 0.0168261807412, 0.0148078119382, 0.014079191722, 0.0143587533385, 0.0111331511289, 0.00936378818005, 0.0100308004767, 0.0138832256198, 0.015477059409, 0.0142326401547, 0.0200897231698, 0.0167770441622, 0.0128107164055, 0.0157640837133, 0.0180410929024, 0.0239280052483, 0.0354602411389, 0.0532674118876, 0.0418512225151, 0.0390885286033, 0.0333453677595, 0.0387730412185, 0.0572341382504], "dmean": [0.153714761138, 0.148288682103, 0.138956591487, 0.148138687015, 0.141936063766, 0.12166878581, 0.109334491193, 0.0919757857919, 0.0832149237394, 0.0767613500357, 0.0679687559605, 0.0664884597063, 0.0618600621819, 0.0592213273048, 0.0625427290797, 0.0683334991336, 0.0647965744138, 0.0484694950283, 0.0397840738297, 0.0438482873142, 0.0513624623418, 0.05152028054, 0.0597210228443, 0.0783949941397, 0.0705193132162, 0.0513695701957, 0.0493647940457, 0.0536106564105, 0.0779288113117, 0.1468565166, 0.14211897552, 0.166412457824, 0.109255567193, 0.0925645902753, 0.103291645646, 0.131187081337], "max": [1, 1, 1, 1, 1, 1, 1, 1, 1, 1, 1, 1, 1, 1, 1, 1, 1, 1, 1, 1, 1, 1, 1, 1, 1, 1, 1, 1, 1, 1, 1, 1, 1, 1, 1, 1], "var": [0.0804148390889, 0.0786238461733, 0.0582669265568, 0.0627780109644, 0.068207770586, 0.0563943386078, 0.0503904335201, 0.0409889258444, 0.0350268408656, 0.0371445454657, 0.0328866094351, 0.0237229596823, 0.0196751579642, 0.0229145362973, 0.0222300775349, 0.0247183516622, 0.0233445987105, 0.0142694022506, 0.0116536654532, 0.0137549452484, 0.0189658571035, 0.018745098263, 0.021177392453, 0.0643757432699, 0.0329800620675, 0.0145636387169, 0.0150795420632, 0.0179172791541, 0.0295835696161, 0.0919820293784, 0.177855327725, 0.0720545575023, 0.041370421648, 0.0332193374634, 0.0386319570243, 0.05762411654], "mean": [0.177698791027, 0.173385053873, 0.135492026806, 0.159289091825, 0.169667765498, 0.151744961739, 0.147045895457, 0.110300660133, 0.0893071219325, 0.0966320633888, 0.088641859591, 0.0814637169242, 0.0701617673039, 0.0667033195496, 0.0823427289724, 0.109494455159, 0.0987451002002, 0.0574317239225, 0.0440254583955, 0.0498466193676, 0.0588083155453, 0.0554636083543, 0.0995255708694, 0.181424319744, 0.136251121759, 0.0518454499543, 0.0476766899228, 0.0539407506585, 0.0846345573664, 0.3689455688, 0.586942970753, 0.335669606924, 0.105963803828, 0.0933236926794, 0.102808974683, 0.128834843636]}, "tuning_equal_tempered_deviation": 0.135279819369, "chords_changes_rate": 0.0535028800368, "key_key": "C", "tuning_diatonic_strength": 0.448963314295, "key_scale": "major", "chords_number_rate": 0.0028790787328, "tuning_frequency": 435.700531006, "tuning_nontempered_energy_ratio": 0.765271604061, "chords_histogram": [16.386756897, 20.5854129791, 18.785987854, 2.8550863266, 1.99136281013, 0, 2.75911712646, 0.119961611927, 0.575815737247, 0.599808037281, 0.407869488001, 0.479846447706, 3.38291740417, 0.407869488001, 0, 0.119961611927, 2.7831094265, 1.87140119076, 0.359884828329, 21.9049911499, 1.87140119076, 0.335892528296, 1.10364687443, 0.31190019846], "key_strength": 0.562921226025, "chords_key": "G", "chords_strength": {"dmean2": 0.0078399265185, "median": 0.407856822014, "min": 0.227209061384, "dvar2": 8.34799866425e-05, "dvar": 5.53251375095e-05, "dmean": 0.00724075268954, "max": 0.725061357021, "var": 0.00927197001874, "mean": 0.423233777285}, "chords_scale": "minor", "hpcp_entropy": {"dmean2": 0.823343098164, "median": 2.06473112106, "min": 0, "dvar2": 0.679820418358, "dvar": 0.252536863089, "dmean": 0.494547814131, "max": 4.57099914551, "var": 0.772029101849, "mean": 2.14160227776}}, "metadata": {"audio_properties": {"equal_loudness": 0, "codec": "mp3", "downmix": "mix", "sample_rate": 44100, "analysis_sample_rate": 44100, "bit_rate": 192000, "md5_encoded": "24d38734ec47896ca41595d2f7bc1b98", "length": 193.488983154, "replay_gain": -6.60309028625, "lossless": false}, "version": {"essentia_build_sha": "70f2e5ece6736b2c40cc944ad0e695b16b925413", "essentia": "2.1-beta2", "extractor": "music 1.0", "essentia_git_sha": "v2.1_beta2"}, "tags": {"title": ["Horse"], "artist": ["DNA"], "date": ["1982"], "genre": ["Rock"], "album": ["Last Live at CBGB's"], "tracknumber": ["7/15"], "discnumber": ["1"], "musicbrainz_recordingid": ["1592db4a-90e0-4c32-8587-d8767b5f15f6"], "file_name": "1644429.mp3"}}, "rhythm": {"bpm_histogram_first_peak_bpm": {"dmean2": 0, "median": 152, "min": 152, "dvar2": 0, "dvar": 0, "dmean": 0, "max": 152, "var": 0, "mean": 152}, "bpm": 152.275466919, "bpm_histogram_second_peak_spread": {"dmean2": 0, "median": 0, "min": 0, "dvar2": 0, "dvar": 0, "dmean": 0, "max": 0, "var": 0, "mean": 0}, "bpm_histogram_first_peak_weight": {"dmean2": 0, "median": 0.062972292304, "min": 0.062972292304, "dvar2": 0, "dvar": 0, "dmean": 0, "max": 0.062972292304, "var": 0, "mean": 0.062972292304}, "onset_rate": 1.98446023464, "beats_position": [0.336689323187, 0.684988677502, 1.03328800201, 1.38158726692, 1.72988653183, 2.07818579674, 2.42648530006, 2.7863945961, 3.15791368484, 3.54104304314, 3.92417216301, 4.3073015213, 4.66721057892, 5.02712011337, 5.38702917099, 5.75854873657, 6.18811798096, 6.6176867485, 7.05886602402, 7.45360517502, 7.84834432602, 8.2198638916, 8.59138298035, 8.97451210022, 9.36925125122, 9.75238037109, 10.1355104446, 10.5186395645, 10.8901586533, 11.2732877731, 11.656416893, 12.0047159195, 12.3530158997, 12.7013149261, 13.0496139526, 13.4675731659, 13.8623123169, 14.2570514679, 14.66340065, 15.0581407547, 15.4644899368, 15.870839119, 16.3468475342, 16.8112468719, 17.2640361786, 17.7168254852, 18.1231746674, 18.5295238495, 18.9358730316, 19.3422222137, 19.7369613647, 20.1317005157, 20.5264396667, 20.94439888, 21.3739681244, 21.8035373688, 22.2911567688, 22.7555541992, 23.219953537, 23.6843528748, 24.1139221191, 24.5434913635, 24.984670639, 25.4258499146, 25.8670291901, 26.2849884033, 26.7029476166, 27.132516861, 27.5388660431, 27.9568252563, 28.3515644073, 28.7346935272, 29.1178226471, 29.5125617981, 29.9537410736, 30.4181404114, 30.8593196869, 31.3121089935, 31.7648983002, 32.2176856995, 32.6588668823, 33.1000442505, 33.5528335571, 34.0056228638, 34.4700202942, 34.9344215393, 35.4104309082, 35.7935600281, 36.1882972717, 36.5714263916, 36.9545555115, 37.3144645691, 37.6859855652, 38.0575065613, 38.4406356812, 38.8469848633, 39.2533340454, 39.6596832275, 40.0660324097, 40.4143295288, 40.7510185242, 41.099319458, 41.4360084534, 41.7726974487, 42.1093864441, 42.4460754395, 42.7827644348, 43.1310653687, 43.467754364, 43.8044433594, 44.1411323547, 44.4778213501, 44.8145103455, 45.1511993408, 45.4995002747, 45.8478012085, 46.2541503906, 46.6372795105, 47.0204086304, 47.415145874, 47.8098869324, 48.1930160522, 48.5761451721, 48.959274292, 49.3540115356, 49.7371406555, 50.1318817139, 50.5266189575, 50.9329681396, 51.3393173218, 51.7340583801, 52.152015686, 52.5699768066, 52.999546051, 53.4291152954, 53.8819046021, 54.3230819702, 54.7758712769, 55.2286605835, 55.6814498901, 56.1342391968, 56.5870285034, 57.0282058716, 57.4809951782, 57.9105644226, 58.305305481, 58.6652145386, 59.0251235962, 59.3966445923, 59.7449417114, 60.1164627075, 60.4995918274, 60.9988212585, 61.5096588135, 62.0204963684, 62.5545578003, 63.100227356, 63.6458930969, 64.1915664673, 64.7372360229, 65.2828979492, 65.8169631958, 66.3626327515, 67.0243988037, 67.686164856, 68.3363265991, 68.9864807129, 69.6250305176, 70.2751922607, 70.9253463745, 71.5871200562, 72.2256698608, 72.8293838501, 73.4331054688, 74.0484313965, 74.6637649536, 75.2790908813, 75.8828125, 76.4981384277, 77.1366882324, 77.6939697266, 78.2280273438, 78.7504730225, 79.2032623291, 79.6676635742, 80.1320648193, 80.5732421875, 81.0144195557, 81.4555969238, 81.8967819214, 82.349571228, 82.8139648438, 83.2899780273, 83.7543716431, 84.1955566406, 84.6135101318, 85.0546951294, 85.4842605591, 85.9138336182, 86.3433990479, 86.784576416, 87.2257614136, 87.6669387817, 88.0268478394, 88.3983688354, 88.7582778931, 89.1181869507, 89.4548721313, 89.7915649414, 90.1282501221, 90.4649429321, 90.8016281128, 91.1383209229, 91.4634017944, 91.788482666, 92.1135559082, 92.4386367798, 92.7869338989, 93.1352386475, 93.4835357666, 93.8202285767, 94.1453018188, 94.4819946289, 94.8070755005, 95.2018127441, 95.5965499878, 95.9796829224, 96.374420166, 96.7575454712, 97.1522903442, 97.5470275879, 97.9417648315, 98.3132858276, 98.6848068237, 99.0563278198, 99.404624939, 99.7297058105, 100.054779053, 100.391471863, 100.739768982, 101.076461792, 101.401542664, 101.738227844, 102.074920654, 102.411605835, 102.841178894, 103.259140015, 103.688705444, 104.095054626, 104.501403809, 104.919364929, 105.325714111, 105.743675232, 106.161628723, 106.567977905, 106.974327087, 107.38067627, 107.79863739, 108.216598511, 108.692604065, 109.180221558, 109.66784668, 110.167076111, 110.666305542, 111.165527344, 111.722808838, 112.280090332, 112.837364197, 113.336593628, 113.835823059, 114.33505249, 114.903945923, 115.472831726, 116.076553345, 116.691879272, 117.3072052, 117.968978882, 118.630744934, 119.315734863, 120.000724792, 120.720542908, 121.440361023, 122.160179138, 122.891609192, 123.646255493, 124.412513733, 125.132331848, 125.852149963, 126.47908783, 127.117637634, 127.767799377, 128.417953491, 129.056503296, 129.637008667, 130.217498779, 130.79800415, 131.378494263, 131.935775757, 132.516281128, 133.108383179, 133.700500488, 134.304214478, 134.907928467, 135.488433838, 136.068939209, 136.672653198, 137.264755249, 137.856872559, 138.472198486, 139.099136353, 139.71446228, 140.31817627, 140.956726074, 141.618499756, 142.268661499, 142.849151611, 143.429656982, 144.010162354, 144.602264404, 145.194366455, 145.798095703, 146.378585815, 146.959091187, 147.574417114, 148.166534424, 148.770248413, 149.397186279, 150.000900269, 150.604629517, 151.208343506, 151.858505249, 152.508651733, 153.170425415, 153.820587158, 154.459136963, 155.109298706, 155.736236572, 156.386398315, 157.024932861, 157.70993042, 158.39491272, 159.091522217, 159.776504517, 160.473098755, 161.169708252, 161.86630249, 162.562896729, 163.282714844, 163.967712402, 164.652694702, 165.372512817, 166.103942871, 166.846984863, 167.590026855, 168.298233032, 168.971603394, 169.610153198, 170.248703003, 170.875640869, 171.537414551, 172.199172974, 172.837722778, 173.476272583, 174.09161377, 174.706939697, 175.333877563, 175.925979614, 176.529708862, 177.110198975, 177.702316284, 178.294418335, 178.840087891, 179.385757446, 179.931427002, 180.477096558, 181.022766113, 181.580047607, 182.148925781, 182.717819214, 183.228652954, 183.739501953, 184.250335693, 184.761169434, 185.272018433, 185.782852173, 186.305297852, 186.827758789, 187.350204468, 187.861038208, 188.383483887, 188.905944824, 189.428390503, 189.950836182, 190.47328186, 191.007339478, 191.541397095, 192.08706665, 192.632736206], "beats_loudness": {"dmean2": 0.0386115349829, "median": 0.0216797664762, "min": 8.01874875833e-07, "dvar2": 0.00248901429586, "dvar": 0.000876191304997, "dmean": 0.0219204258174, "max": 0.235186353326, "var": 0.00150515639689, "mean": 0.0326242670417}, "danceability": 0.955102860928, "bpm_histogram_second_peak_weight": {"dmean2": 0, "median": 0.062972292304, "min": 0.062972292304, "dvar2": 0, "dvar": 0, "dmean": 0, "max": 0.062972292304, "var": 0, "mean": 0.062972292304}, "beats_count": 398, "bpm_histogram_second_peak_bpm": {"dmean2": 0, "median": 178, "min": 178, "dvar2": 0, "dvar": 0, "dmean": 0, "max": 178, "var": 0, "mean": 178}, "bpm_histogram_first_peak_spread": {"dmean2": 0, "median": 0.456521749496, "min": 0.456521749496, "dvar2": 0, "dvar": 0, "dmean": 0, "max": 0.456521749496, "var": 0, "mean": 0.456521749496}, "beats_loudness_band_ratio": {"dmean2": [0.331398040056, 0.157276645303, 0.112677380443, 0.121342353523, 0.172570645809, 0.0667862296104], "median": [0.62561583519, 0.118200212717, 0.0580931715667, 0.0530350953341, 0.101554602385, 0.0132300071418], "min": [0.00210897880606, 0.00031200403464, 0.000241367262788, 1.57749145728e-05, 5.46296760149e-05, 0.000229454730288], "dvar2": [0.0892995968461, 0.0209035649896, 0.0289283841848, 0.0229847170413, 0.0323319546878, 0.0240566208959], "dvar": [0.0324912145734, 0.00767953461036, 0.0111908381805, 0.0080736130476, 0.0109583903104, 0.00888638850302], "dmean": [0.193066462874, 0.0904586538672, 0.0659679472446, 0.0685875415802, 0.0994577929378, 0.0375404395163], "max": [0.997048556805, 0.59382379055, 0.95129686594, 0.734914422035, 0.634004831314, 0.75417047739], "var": [0.0663959532976, 0.0193743221462, 0.0160908121616, 0.0109678823501, 0.0182529147714, 0.00739298202097], "mean": [0.597790300846, 0.165895774961, 0.0940377637744, 0.0886551588774, 0.138070642948, 0.0368284732103]}}, "lowlevel": {"barkbands_spread": {"dmean2": 6.58738803864, "median": 18.729183197, "min": 0.540325880051, "dvar2": 80.1544952393, "dvar": 30.9887542725, "dmean": 4.05749750137, "max": 133.21963501, "var": 161.326843262, "mean": 19.2035274506}, "melbands_spread": {"dmean2": 10.8328886032, "median": 19.4806232452, "min": 0.36058780551, "dvar2": 225.116714478, "dvar": 91.4746322632, "dmean": 6.74384832382, "max": 169.275436401, "var": 471.554382324, "mean": 24.3184070587}, "hfc": {"dmean2": 4.74858093262, "median": 9.33072280884, "min": 1.15910886943e-16, "dvar2": 60.3944740295, "dvar": 24.6592960358, "dmean": 3.0857489109, "max": 116.633430481, "var": 243.472930908, "mean": 15.1673994064}, "barkbands_kurtosis": {"dmean2": 6.48400354385, "median": 0.851322054863, "min": -1.87613105774, "dvar2": 439.459259033, "dvar": 134.929473877, "dmean": 3.87705659866, "max": 233.777755737, "var": 616.824584961, "mean": 9.55425930023}, "gfcc": {"mean": [-101.956634521, 136.248580933, -152.276260376, 45.9671134949, -35.959815979, 6.08766031265, -19.9025878906, -10.92436409, -14.0356969833, -17.8824653625, -24.2898235321, -24.3126888275, -9.29381942749], "icov": [[0.00110692193266, -0.0026853363961, 0.00228112377226, -0.00265857693739, 0.0019192158943, -0.00184230296873, 0.000980201177299, -0.000255514692981, -0.00059530971339, 0.00114182708785, -0.00120401231106, 0.00100803945679, -0.000613973999862], [-0.0026853363961, 0.0092484857887, -0.00613299338147, 0.0079510640353, -0.00553287286311, 0.00621430715546, -0.00401515001431, 0.00377935008146, -0.0029751623515, 0.0014451823663, -0.00153395731468, 0.000535778177436, 2.17444303416e-05], [0.00228112377226, -0.00613299338147, 0.00607291562483, -0.00697681028396, 0.00498739164323, -0.00499842595309, 0.00218913494609, 1.10504724944e-05, -0.00145626929589, 0.00265601533465, -0.00161178188864, 0.000782199436799, 0.000226543226745], [-0.00265857693739, 0.0079510640353, -0.00697681028396, 0.0102718798444, -0.00623128982261, 0.00576174585149, -0.00324012176134, 0.00112671696115, 0.000249110511504, -0.00278232200071, -0.000432323169662, -8.58509665704e-05, 0.000392907095375], [0.0019192158943, -0.00553287286311, 0.00498739164323, -0.00623128982261, 0.00726583553478, -0.00340863550082, 0.00149986532051, 0.000472141837236, -0.00284974533133, 0.0035056064371, -0.00355851696804, -0.000287914590444, -0.000259730208199], [-0.00184230296873, 0.00621430715546, -0.00499842595309, 0.00576174585149, -0.00340863550082, 0.0107624558732, -0.00449990248308, 0.00192266493104, 0.000375681323931, -0.00277767353691, 0.000611907686107, -0.00213231146336, 0.000369799876353], [0.000980201177299, -0.00401515001431, 0.00218913494609, -0.00324012176134, 0.00149986532051, -0.00449990248308, 0.0111547643319, -0.00539307948202, 0.00231883605011, -0.000145894591697, -0.000996879884042, 0.000770115701016, -0.00014935186482], [-0.000255514692981, 0.00377935008146, 1.10504724944e-05, 0.00112671696115, 0.000472141837236, 0.00192266493104, -0.00539307948202, 0.0158850159496, -0.00913101900369, 0.00350959086791, -0.0026812874712, -0.000214052968659, -0.00152314070147], [-0.00059530971339, -0.0029751623515, -0.00145626929589, 0.000249110511504, -0.00284974533133, 0.000375681323931, 0.00231883605011, -0.00913101900369, 0.024141067639, -0.0133971106261, 0.0103811388835, -0.00494874548167, 0.00113472726662], [0.00114182708785, 0.0014451823663, 0.00265601533465, -0.00278232200071, 0.0035056064371, -0.00277767353691, -0.000145894591697, 0.00350959086791, -0.0133971106261, 0.0262801107019, -0.015846600756, 0.00326333194971, 0.00115373625886], [-0.00120401231106, -0.00153395731468, -0.00161178188864, -0.000432323169662, -0.00355851696804, 0.000611907686107, -0.000996879884042, -0.0026812874712, 0.0103811388835, -0.015846600756, 0.0248074587435, -0.0103602427989, -0.000457326852484], [0.00100803945679, 0.000535778177436, 0.000782199436799, -8.58509665704e-05, -0.000287914590444, -0.00213231146336, 0.000770115701016, -0.000214052968659, -0.00494874548167, 0.00326333194971, -0.0103602427989, 0.0178094748408, -0.00369919347577], [-0.000613973999862, 2.17444303416e-05, 0.000226543226745, 0.000392907095375, -0.000259730208199, 0.000369799876353, -0.00014935186482, -0.00152314070147, 0.00113472726662, 0.00115373625886, -0.000457326852484, -0.00369919347577, 0.0169039163738]], "cov": [[13886.0146484, 4370.06542969, -2756.77050781, -529.043762207, 1129.42590332, -966.340454102, 42.7038383484, -363.988220215, 195.349319458, -497.358856201, 315.504547119, -473.977264404, 479.699432373], [4370.06542969, 2241.25024414, -429.142730713, -340.972991943, 570.879882812, -444.715362549, 31.392780304, -242.946243286, 107.564399719, -267.727050781, 95.0423431396, -182.534118652, 140.086242676], [-2756.77050781, -429.142730713, 1899.37316895, 624.807434082, -265.355194092, 306.127563477, 33.8166618347, -32.8071174622, 7.04987335205, 102.00479126, 21.4655780792, 85.483795166, -141.134735107], [-529.043762207, -340.972991943, 624.807434082, 712.934814453, 116.98210907, 112.262252808, 54.1368141174, 30.9288673401, 28.7058506012, 132.062103271, 132.817367554, 84.3706436157, -29.9988517761], [1129.42590332, 570.879882812, -265.355194092, 116.98210907, 605.163879395, -114.343307495, 39.8877029419, -42.0389862061, 71.6287689209, -14.5742530823, 140.778900146, 41.6192741394, 58.5923957825], [-966.340454102, -444.715362549, 306.127563477, 112.262252808, -114.343307495, 277.414001465, 45.0598258972, 41.9025611877, -13.0683689117, 83.5075531006, 17.7025852203, 69.3845596313, -34.0503501892], [42.7038383484, 31.392780304, 33.8166618347, 54.1368141174, 39.8877029419, 45.0598258972, 137.919281006, 37.9167556763, 9.11467933655, 18.2269268036, 36.9293708801, 18.1103477478, 7.16777515411], [-363.988220215, -242.946243286, -32.8071174622, 30.9288673401, -42.0389862061, 41.9025611877, 37.9167556763, 129.282318115, 26.3339424133, 39.8797149658, 3.67764830589, 36.0544929504, 0.734099686146], [195.349319458, 107.564399719, 7.04987335205, 28.7058506012, 71.6287689209, -13.0683689117, 9.11467933655, 26.3339424133, 87.4311065674, 26.9396381378, 18.5477371216, 16.5388736725, 6.44846153259], [-497.358856201, -267.727050781, 102.00479126, 132.062103271, -14.5742530823, 83.5075531006, 18.2269268036, 39.8797149658, 26.9396381378, 130.407653809, 66.138458252, 60.5310020447, -16.1267166138], [315.504547119, 95.0423431396, 21.4655780792, 132.817367554, 140.778900146, 17.7025852203, 36.9293708801, 3.67764830589, 18.5477371216, 66.138458252, 149.638458252, 66.7443847656, 23.2912578583], [-473.977264404, -182.534118652, 85.483795166, 84.3706436157, 41.6192741394, 69.3845596313, 18.1103477478, 36.0544929504, 16.5388736725, 60.5310020447, 66.7443847656, 127.518630981, 6.91273164749], [479.699432373, 140.086242676, -141.134735107, -29.9988517761, 58.5923957825, -34.0503501892, 7.16777515411, 0.734099686146, 6.44846153259, -16.1267166138, 23.2912578583, 6.91273164749, 83.5751571655]]}, "spectral_energyband_middle_low": {"dmean2": 0.00439709797502, "median": 0.00607793731615, "min": 3.47071181855e-22, "dvar2": 7.64365686337e-05, "dvar": 2.82012497337e-05, "dmean": 0.00271403067745, "max": 0.110671289265, "var": 6.23138257652e-05, "mean": 0.00783339329064}, "melbands_crest": {"dmean2": 4.83759450912, "median": 16.7638435364, "min": 1.51663935184, "dvar2": 32.0487709045, "dvar": 11.5613489151, "dmean": 2.95607972145, "max": 33.6993675232, "var": 43.2670173645, "mean": 17.494348526}, "spectral_kurtosis": {"dmean2": 5.39779949188, "median": 4.44809150696, "min": -1.19881212711, "dvar2": 28.3232269287, "dvar": 8.93275547028, "dmean": 3.00456738472, "max": 27.1718196869, "var": 16.1656131744, "mean": 5.47085046768}, "spectral_rms": {"dmean2": 0.00115718331654, "median": 0.00410336814821, "min": 3.16819075315e-12, "dvar2": 3.35184449796e-06, "dvar": 1.24609312024e-06, "dmean": 0.000747103302274, "max": 0.0185994617641, "var": 7.78194771556e-06, "mean": 0.00427902955562}, "zerocrossingrate": {"dmean2": 0.00778548372909, "median": 0.04150390625, "min": 0.00390625, "dvar2": 0.000149456463987, "dvar": 0.000104074650153, "dmean": 0.00633675744757, "max": 0.51318359375, "var": 0.00114198762458, "mean": 0.0464468896389}, "silence_rate_60dB": {"dmean2": 0.0388862229884, "median": 0, "min": 0, "dvar2": 0.0414594002068, "dvar": 0.0190655365586, "dmean": 0.0194407775998, "max": 1, "var": 0.153184071183, "mean": 0.188864886761}, "erbbands_kurtosis": {"dmean2": 1.57090067863, "median": 0.510697007179, "min": -1.84056353569, "dvar2": 5.31729078293, "dvar": 1.91353845596, "dmean": 0.973821222782, "max": 46.7487716675, "var": 18.5784626007, "mean": 1.67855751514}, "erbbands": {"dmean2": [0.029717605561, 1.27354454994, 11.5945005417, 9.57388782501, 10.5474052429, 6.63365650177, 3.11889314651, 1.72715568542, 2.20701360703, 3.31631016731, 6.75544643402, 15.2406949997, 7.27386379242, 11.4105377197, 12.0433502197, 12.6204462051, 14.5007791519, 22.9142608643, 33.5328712463, 50.5350456238, 33.2479629517, 16.1032123566, 11.4039649963, 7.53030824661, 6.77275896072, 6.0001745224, 2.48147797585, 1.50917303562, 0.814226567745, 0.304562956095, 0.154292166233, 0.0566795729101, 0.0256337318569, 0.00972090754658, 0.00154655333608, 0.000194301785086, 4.66966521344e-05, 6.80447055856e-06, 7.57358930059e-06, 1.78964492079e-05], "median": [0.00572177022696, 0.326659291983, 2.00876712799, 2.65049290657, 9.9987154007, 4.10291481018, 1.18035078049, 0.989297389984, 1.2618200779, 2.21301865578, 5.49145126343, 17.9038238525, 7.73237514496, 7.92736577988, 7.62083244324, 9.52316474915, 7.01422023773, 12.9225082397, 24.517616272, 28.8945941925, 12.9817209244, 6.44080352783, 3.96313858032, 3.13018584251, 2.87051606178, 2.41809415817, 0.787688851357, 0.458924919367, 0.238616943359, 0.0957882627845, 0.0406959280372, 0.0162897724658, 0.00564612681046, 0.00183970038779, 0.000554186583031, 0.000182254283573, 6.07442561886e-05, 1.32224549816e-05, 9.56367330218e-06, 2.03010640689e-05], "min": [2.0201591823e-22, 4.83788334648e-21, 1.83553752839e-20, 4.35227929384e-20, 1.85619381156e-19, 4.37025677199e-19, 2.12837345621e-19, 7.76910313488e-19, 3.2733744377e-19, 1.74501670472e-18, 9.49139915273e-19, 8.20212856663e-19, 1.27350834933e-18, 1.17111848554e-18, 1.8917879103e-18, 5.38072675301e-18, 4.45952258818e-18, 4.32167831577e-18, 8.31284421008e-18, 1.2351370744e-17, 9.10515088801e-18, 9.63373418868e-18, 1.18234260267e-17, 1.25348162428e-17, 1.1112380745e-17, 1.07497919137e-17, 7.95142749376e-18, 1.04108000638e-17, 1.42126073587e-17, 1.83720983038e-17, 1.84851705848e-17, 1.73193041792e-17, 1.3289001475e-17, 1.13002764755e-17, 1.00872409226e-17, 6.72678659688e-18, 3.06220298213e-18, 1.29112812356e-18, 3.17554301117e-19, 3.89378988241e-20], "dvar2": [0.00751769402996, 7.35906791687, 664.335144043, 564.248657227, 366.64956665, 220.733139038, 37.4031333923, 11.4047260284, 23.6812171936, 36.7114334106, 172.689682007, 1962.80944824, 364.801147461, 524.166442871, 1426.01403809, 678.196289062, 1181.57116699, 1743.36218262, 3251.65795898, 9345.47363281, 4220.72021484, 1114.06445312, 618.358764648, 244.845840454, 210.121582031, 556.225830078, 70.5599136353, 44.4083251953, 13.5138320923, 2.30700755119, 0.849436998367, 0.124472223222, 0.028382498771, 0.00748809473589, 0.000216777028982, 1.68121664501e-06, 6.16682740429e-08, 4.20969176185e-10, 2.1951805651e-10, 1.33351529819e-09], "dvar": [0.0028482452035, 2.61392688751, 258.689025879, 208.401626587, 137.964279175, 76.0575027466, 12.8498601913, 4.17761230469, 8.49252128601, 13.2711486816, 67.2599182129, 1036.35192871, 180.684234619, 215.094207764, 635.572570801, 268.192687988, 444.677520752, 654.71887207, 1181.52783203, 3627.73608398, 1575.98632812, 410.185424805, 216.171234131, 88.608505249, 78.7280578613, 210.096939087, 25.5128593445, 18.5632362366, 5.61503458023, 1.05130851269, 0.389115005732, 0.0580129362643, 0.0137652792037, 0.00367571716197, 8.87446149136e-05, 7.60341379191e-07, 2.9603421936e-08, 1.88379548072e-10, 8.572766802e-11, 5.13952325143e-10], "dmean": [0.0175013579428, 0.752752363682, 7.04276657104, 5.67654800415, 6.62487030029, 3.93146538734, 1.84370756149, 1.05187880993, 1.31833589077, 1.9239140749, 4.09007930756, 9.8083486557, 4.50361633301, 7.28873729706, 7.60950040817, 7.87741518021, 8.81689834595, 14.1483707428, 20.788772583, 31.8233375549, 20.7068042755, 9.84516525269, 6.85244989395, 4.63799571991, 4.28373908997, 3.56352901459, 1.47443938255, 0.920594871044, 0.48513635993, 0.185218960047, 0.0960467606783, 0.0376579686999, 0.017067881301, 0.0065935170278, 0.00099426554516, 0.000130123036797, 3.01806467178e-05, 4.14248506786e-06, 4.75341994388e-06, 1.11966974146e-05], "max": [0.945850610733, 24.5078716278, 256.732940674, 239.997421265, 194.91192627, 119.032531738, 43.5300636292, 39.4987449646, 121.86113739, 119.771812439, 158.250106812, 2691.28173828, 843.698303223, 522.748413086, 1836.01074219, 653.070068359, 979.44329834, 614.430847168, 446.822418213, 1474.13098145, 620.29876709, 330.88079834, 291.127532959, 177.587539673, 194.320480347, 708.54901123, 173.955047607, 254.073287964, 118.756958008, 62.3532676697, 33.5716438293, 12.5810470581, 6.19497394562, 2.98186683655, 0.426399052143, 0.0475247725844, 0.00807221513242, 0.000676566618495, 0.000162363634445, 0.000388239335734], "var": [0.00272669363767, 3.76425004005, 451.785736084, 292.680206299, 366.337524414, 103.380859375, 22.9559020996, 8.07035732269, 14.0232610703, 22.3148460388, 146.597290039, 2749.578125, 367.294036865, 655.542114258, 2699.87817383, 818.669372559, 1177.27636719, 1803.40258789, 4438.46826172, 11156.1708984, 4769.08398438, 1393.12451172, 700.105651855, 271.742675781, 231.432846069, 388.824035645, 52.5807685852, 50.5564575195, 19.2795963287, 5.61327791214, 2.1793615818, 0.313488900661, 0.0583258084953, 0.0154822003096, 0.000281324930256, 3.6250435187e-06, 1.02749091013e-07, 6.44890862933e-10, 2.64724048238e-10, 1.4036378726e-09], "mean": [0.0222629383206, 1.10554754734, 10.1595726013, 8.53162288666, 16.9707679749, 7.26093959808, 3.21094226837, 2.07940626144, 2.53103733063, 3.66904330254, 8.97445869446, 29.7364044189, 11.2280817032, 17.1407260895, 17.1540756226, 17.8765525818, 17.6518783569, 30.0643997192, 53.7594871521, 77.9393081665, 49.2546043396, 23.9628715515, 16.2026233673, 11.6826496124, 10.570684433, 7.91343450546, 3.28196167946, 1.8466643095, 0.97715318203, 0.449202090502, 0.253881126642, 0.105900384486, 0.0468073785305, 0.0180775560439, 0.00273985089734, 0.00044277406414, 0.000101173187431, 1.66705922311e-05, 1.43423403642e-05, 3.08685775963e-05]}, "spectral_strongpeak": {"dmean2": 0.49344047904, "median": 0.444220125675, "min": 0, "dvar2": 1.49862575531, "dvar": 0.528216958046, "dmean": 0.285150617361, "max": 16.3307342529, "var": 0.521600008011, "mean": 0.593282520771}, "spectral_energy": {"dmean2": 0.0163912270218, "median": 0.0172585714608, "min": 1.02883690614e-20, "dvar2": 0.00113492284436, "dvar": 0.000436803733464, "dmean": 0.0102186789736, "max": 0.354588478804, "var": 0.00111459789332, "mean": 0.0267444271594}, "average_loudness": 0.276373803616, "spectral_rolloff": {"dmean2": 522.713928223, "median": 1378.125, "min": 21.533203125, "dvar2": 821037.25, "dvar": 379698.71875, "dmean": 305.123901367, "max": 18884.6191406, "var": 1490914, "mean": 1393.63952637}, "spectral_centroid": {"dmean2": 293.548248291, "median": 1194.55029297, "min": 129.461029053, "dvar2": 139496.078125, "dvar": 62920.3554688, "dmean": 186.145629883, "max": 10963.1650391, "var": 576794.75, "mean": 1257.30761719}, "pitch_salience": {"dmean2": 0.108194433153, "median": 0.492344677448, "min": 0.0474519245327, "dvar2": 0.0150250317529, "dvar": 0.00570445135236, "dmean": 0.0672782734036, "max": 0.984078288078, "var": 0.0220255367458, "mean": 0.487418800592}, "spectral_energyband_middle_high": {"dmean2": 0.00196640123613, "median": 0.00314251240343, "min": 1.55322880267e-21, "dvar2": 1.04282580651e-05, "dvar": 4.22633775088e-06, "dmean": 0.00126739277039, "max": 0.0766034647822, "var": 4.27004488301e-05, "mean": 0.00581164378673}, "spectral_contrast_coeffs": {"dmean2": [0.0750747397542, 0.0533730052412, 0.0469113439322, 0.0431150272489, 0.0315685905516, 0.0261605419219], "median": [-0.544859647751, -0.756806731224, -0.769043624401, -0.75810700655, -0.782063364983, -0.718793272972], "min": [-0.98020118475, -0.971931397915, -0.978224217892, -0.973345935345, -0.974283337593, -0.95578867197], "dvar2": [0.00472850911319, 0.00233752699569, 0.00185404520016, 0.00138633232564, 0.000769575650338, 0.000840069376864], "dvar": [0.00167363043875, 0.000883658532985, 0.000778105459176, 0.000542918220162, 0.000308073998895, 0.000311364914523], "dmean": [0.0446328781545, 0.0320563539863, 0.0292916484177, 0.026682138443, 0.0191236529499, 0.0159317012876], "max": [-0.301892668009, -0.510282576084, -0.449194908142, -0.532328784466, -0.619267940521, -0.492213338614], "var": [0.00945298746228, 0.00410195207223, 0.00852688029408, 0.00499724922702, 0.00310759874992, 0.00225316360593], "mean": [-0.559504330158, -0.762178599834, -0.752960562706, -0.761251449585, -0.793213546276, -0.712448775768]}, "melbands_skewness": {"dmean2": 1.24956762791, "median": 2.31908130646, "min": -1.83490872383, "dvar2": 2.81094264984, "dvar": 1.05045425892, "dmean": 0.777403593063, "max": 18.2464504242, "var": 7.53414392471, "mean": 3.09199333191}, "spectral_spread": {"dmean2": 356824.5625, "median": 2513817.5, "min": 1415155.25, "dvar2": 278047195136, "dvar": 204734332928, "dmean": 222255.609375, "max": 40388728, "var": 1756019425280.0, "mean": 3022698}, "dissonance": {"dmean2": 0.0139837637544, "median": 0.476837188005, "min": 0.262660682201, "dvar2": 0.000379632227123, "dvar": 0.000138227478601, "dmean": 0.00848229881376, "max": 0.499999850988, "var": 0.000962298945524, "mean": 0.466813415289}, "spectral_skewness": {"dmean2": 0.508457541466, "median": 1.23844099045, "min": -0.00722318189219, "dvar2": 0.221671581268, "dvar": 0.0731993913651, "dmean": 0.289678573608, "max": 3.70224046707, "var": 0.301383823156, "mean": 1.31287515163}, "spectral_flux": {"dmean2": 0.0289102457464, "median": 0.0406345240772, "min": 1.01431599231e-10, "dvar2": 0.00208024354652, "dvar": 0.000823811860755, "dmean": 0.0184600949287, "max": 0.435620605946, "var": 0.00354939838871, "mean": 0.0610464327037}, "spectral_contrast_valleys": {"dmean2": [0.659915983677, 0.510269224644, 0.437037914991, 0.398365586996, 0.307479143143, 0.186353877187], "median": [-7.88587141037, -7.58007764816, -7.49660587311, -7.72777271271, -8.0361661911, -12.0963439941], "min": [-26.657201767, -27.6838912964, -27.3990001678, -27.3498401642, -27.1439094543, -27.3338756561], "dvar2": [0.358501553535, 0.276228815317, 0.230612725019, 0.200826108456, 0.137019693851, 0.0721480473876], "dvar": [0.161552235484, 0.136759802699, 0.132014751434, 0.124589830637, 0.0822957977653, 0.0432967804372], "dmean": [0.408190667629, 0.318397164345, 0.280964523554, 0.265561342239, 0.203939586878, 0.113940268755], "max": [-5.08147525787, -5.47815084457, -5.45139360428, -5.40720844269, -5.5735616684, -8.88459396362], "var": [2.63386297226, 2.59135603905, 2.78085446358, 2.67860746384, 1.57197141647, 0.44218608737], "mean": [-8.27623558044, -7.97849273682, -8.00495243073, -8.03942298889, -8.12134170532, -11.9787282944]}, "erbbands_flatness_db": {"dmean2": 0.017150407657, "median": 0.236394315958, "min": 0.0416086949408, "dvar2": 0.000364734471077, "dvar": 0.000144875069964, "dmean": 0.0107737453654, "max": 0.346083372831, "var": 0.00155655352864, "mean": 0.227403908968}, "spectral_energyband_high": {"dmean2": 9.78607422439e-05, "median": 3.93859590986e-05, "min": 7.49470467516e-21, "dvar2": 1.21171893852e-07, "dvar": 4.75960462154e-08, "dmean": 5.97362195549e-05, "max": 0.00991499982774, "var": 1.65882454439e-07, "mean": 0.000152675347636}, "spectral_entropy": {"dmean2": 0.172159418464, "median": 7.3220500946, "min": 5.21752262115, "dvar2": 0.0394829176366, "dvar": 0.0161271076649, "dmean": 0.110732413828, "max": 9.80466365814, "var": 0.245143726468, "mean": 7.22089576721}, "silence_rate_20dB": {"dmean2": 0, "median": 1, "min": 1, "dvar2": 0, "dvar": 0, "dmean": 0, "max": 1, "var": 0, "mean": 1}, "melbands_flatness_db": {"dmean2": 0.0389925390482, "median": 0.25879907608, "min": 0.00156353018247, "dvar2": 0.00210512871854, "dvar": 0.000793206621893, "dmean": 0.0246750600636, "max": 0.57219940424, "var": 0.00757867796347, "mean": 0.264258623123}, "barkbands": {"dmean2": [7.61871297073e-06, 0.00380412815139, 0.0115053569898, 0.0022920682095, 0.00274722860195, 0.000264495902229, 0.000166641606484, 0.000240970650339, 0.000548054522369, 0.000311333016725, 0.000331236922648, 0.000314562115818, 0.000344903877703, 0.000647015636787, 0.000975956907496, 0.000681616133079, 0.000329951668391, 0.000213703082409, 0.00012797502859, 0.000132870787638, 4.87144279759e-05, 2.05568394449e-05, 6.48941113468e-06, 1.65403821484e-06, 5.5109103414e-07, 2.58780854523e-08, 3.84274567722e-09], "median": [3.8085494225e-07, 0.000927265093196, 0.00163623562548, 0.000884141714778, 0.00242795795202, 0.000141183118103, 0.000116187715321, 0.000116733805044, 0.000631912960671, 0.000181845098268, 0.000146783830132, 0.00020584090089, 0.000139162817504, 0.000312791788019, 0.000572708086111, 0.000253056146903, 0.000114153473987, 7.21984106349e-05, 5.10377940373e-05, 5.49697942915e-05, 1.43796851262e-05, 5.75314288653e-06, 1.63670506481e-06, 4.9542427405e-07, 1.09699278994e-07, 3.06479819301e-08, 3.28055449472e-09], "min": [2.53554528308e-24, 1.69760973537e-23, 1.50162450099e-23, 2.30019833499e-23, 1.00488459499e-22, 5.94609839544e-23, 4.34210404587e-23, 7.21691860387e-23, 3.51803564736e-23, 5.11531426628e-23, 2.09785977265e-23, 1.17981936011e-22, 1.217518581e-22, 5.71686866925e-23, 1.98597209637e-22, 2.18486096997e-22, 2.0261980703e-22, 2.27965327313e-22, 1.87496232761e-22, 2.44370402968e-22, 2.30638215252e-22, 4.0169360225e-22, 6.63204879837e-22, 8.45551958724e-22, 1.26344174626e-21, 1.74453299955e-21, 2.49156090127e-21], "dvar2": [8.74162076059e-10, 6.79136646795e-05, 0.000687947263941, 3.25168366544e-05, 2.72758843494e-05, 2.5917049129e-07, 1.20447367635e-07, 2.04032573947e-07, 3.00765282191e-06, 4.6404855425e-07, 6.72226235565e-07, 5.48862146843e-07, 7.0051567036e-07, 1.31227136535e-06, 3.18857814818e-06, 1.83486395144e-06, 4.1054025246e-07, 2.00057499455e-07, 8.02600865768e-08, 1.8630154841e-07, 3.14324637429e-08, 1.02623163301e-08, 1.68642333431e-09, 9.30879956451e-11, 2.61952785852e-11, 2.24924923522e-14, 2.99376284407e-17], "dvar": [3.41089378963e-10, 2.3757942472e-05, 0.000270549993729, 1.15462198664e-05, 9.73605528998e-06, 9.25469834101e-08, 4.39740617253e-08, 7.70598731492e-08, 1.5957832602e-06, 1.98440304189e-07, 2.83837806592e-07, 2.77310022057e-07, 2.57563954165e-07, 4.72225195836e-07, 1.23735708257e-06, 6.73479235047e-07, 1.55751692432e-07, 7.02407518816e-08, 2.92698949522e-08, 6.95360640179e-08, 1.24660353151e-08, 4.28751834036e-09, 7.88647536165e-10, 4.715691726e-11, 1.25667696735e-11, 1.09928257767e-14, 1.0425561929e-17], "dmean": [4.446771527e-06, 0.00223654462025, 0.00700240349397, 0.00133776362054, 0.00170281145256, 0.000160179886734, 9.71727058641e-05, 0.000145027501276, 0.000345726875821, 0.000200753391255, 0.000206737531698, 0.000199764530407, 0.00021100603044, 0.000395842420403, 0.000606629415415, 0.000420664408011, 0.000202286042622, 0.000127960855025, 8.02984504844e-05, 7.96878812253e-05, 2.94028850476e-05, 1.23705804072e-05, 4.1114585656e-06, 1.09529389647e-06, 3.66872029645e-07, 1.73881815613e-08, 2.20233498105e-09], "max": [0.000212931088754, 0.0740541517735, 0.268093526363, 0.061367791146, 0.0555002428591, 0.00435020215809, 0.00736942328513, 0.00520379003137, 0.104252912104, 0.0161419343203, 0.036089643836, 0.0293188020587, 0.0247028507292, 0.0101020876318, 0.0272042211145, 0.0152789736167, 0.00537766516209, 0.0050328085199, 0.00450518913567, 0.0120441867039, 0.00444330042228, 0.0035340716131, 0.00149675365537, 0.000372571754269, 0.000185865326785, 4.98475628774e-06, 1.09953070648e-07], "var": [2.58224025496e-10, 3.03493125102e-05, 0.000468664773507, 1.22006040328e-05, 2.06487311516e-05, 1.86828671644e-07, 7.35567766696e-08, 1.65390346751e-07, 3.76838647753e-06, 5.03451815348e-07, 8.62134356794e-07, 8.14439886199e-07, 6.97211362422e-07, 1.13633370802e-06, 3.87650061384e-06, 1.81421296475e-06, 4.83758753944e-07, 2.1578667031e-07, 7.69591537164e-08, 1.42564516636e-07, 2.95896338542e-08, 1.44925822454e-08, 3.92660393089e-09, 2.42183967325e-10, 5.01412245058e-11, 4.84853314182e-14, 1.47620968222e-17], "mean": [3.50243635694e-06, 0.0031284824945, 0.00986088812351, 0.00194272701629, 0.00400289567187, 0.000323062151438, 0.00