{"metadata": {"tags": {"genre": ["Psychedelic Rock"], "musicip_puid": ["1ccc7395-763d-232e-42cd-463bd1d38a26"], "musicbrainz_albumid": ["97ef7bc5-c4b8-498d-9109-936f93b2d72e"], "musicbrainz_artistid": ["774666d2-2064-4d6c-856c-f8cda0aaf9f0"], "title": ["Love & Beauty"], "tracknumber": ["16"], "artist": ["Moody Blues"], "musicbrainz_albumartistid": ["89ad4ac3-39f7-470e-963a-56509c546377"], "album": ["The Psychedelic Scene"], "musicbrainz album type": ["Compilation"], "musicbrainz_recordingid": ["15956048-c268-4634-ab86-4884b9b48b46"], "bpm": ["111.04"], "acoustid_id": ["f5549cec-ce55-46f9-b896-8528d4a9e878"], "file_name": "Moody Blues - Love & Beauty.mp3", "acoustid_fingerprint": ["AQADtFISbcmUJJLQhCou4ZGO5iiPF89QvkGP7wiPZPlxnMpT_PiPB49wHk23o0_RB36OuniyBB9-NNWPcg0eCw_Cj1OgPReQKw_-o1WP5jg11Dn8jcfRRMeN78i1I-HmHn3QPMO94lSPQMsQdsUrGT_KouGOT0fJEOmIPIuOp8djoXKGZnKMnsaXow-aPMKN_zg_hPnxQ8OJ8C88oje-BY90NPsRPhEFXSFC8Q7S3fiRoDqu5HhoNCODNtuRvC_SCm9wG_7xFx8TJFGQ5cf1Dv8cMN87THky3EdCC3nwo1aNxsmPIx8cD5-SE3mO7wn-KEXjHn2MX8itQ5M_hGEUHs9QoTl65QjTHs8eaL-GMA9RHs3yHP_xo9bRWPh05BLOSI2hS4fc4PpRK4fdw9OOMrtxHE3-GKGCE7uYI_iRWhJOMBKZg0mOD79Qi_CzFIcr5kiTZoemP4iuLHj0SHhvPP3RTD765sJ1PD-uoEpzHIeXpKKHizHyIzkOJz1O2KgpvGgelCFy7niMf4OW5EIprriOUoeWF1_xoz_yFkf44IkmqONRS7rgxsYL_XB05Cf-8rgK20Ht40MeQvdCxDGP1yH-o6Yo_PhTtD56mkiWRwny4sfrJIPJpQeu9ULyBmF-9MmFPzgpPEdPlEeeN0XyiziPH01_dH2IT7nw48gHNc0TvNnh-rgSw3mEp30R8jmaBt9xOBQTxPEMPRJCNzgaRgmuB1ePKkeTH3kN7USzHIqPB_miOCmaKklcVGbwZod3I6LyNFAfxGnewdWP43xyPFuCayPyHcmN-kdzPDtK4syJ1E2F_tBzQafRbAna4C8RksnRnOnQPMnRB1eHK8mJe8SZwq-Id5mQS4PO49yOkMxuNKFT3Bmew1mUHflxSYEmP4lGbLqgH6HA7zhyJMu2Ff5QO_jxZ-h5uMoS4ofT8EiWpEF-fHhyZfj0gM_R4waVE1V-ZG1w_Ih0Bu72o1VwxEG17oWWu8KHsNIF90S6Gg9-aOvxG9-xHzOLXscP9UJfGR1-HF3wQ1dy1IZzQ6x64U2EPMfRzjZGUdrRayn8DO-R99B-4iKiK-gP_0ba1cYJj4VOXCRUrficwdex5egLVkqu4JcFRdlx6ug8_NCxH_kJttQU7ETTlCiFO0evPmiOS0SemtDlKUX4U3D4oCuO08aZofxx9YGNB-mDqsGVKMjxHnnz4IsoCdeF9oSoKKh1vAiTt_jQ_Dh1_HiS52i0o49JVP-R7qhFnCm058F1Scj_wc_R_3iGHz-aP6iNPjmaULiCZ8YkarCRSZEYol0i46-Cormw59CZozm2kUZY7uDFaIpQwdQ0lNJQPSTSH5qPZ2EexHtQSofPoJfwHzPTIU9x6gn65EMzxK7RJ0dzXAwe5MUjpQouKR-649fgKTE-6HA--AjlD5cznGXw7WisUyilaiiaH_kAzUe6XcKlV0Ef_BI-48dzD3kP4c6h2TlEa8WPR-hC6MOZ6HgRps_QH0fnFemJd9CyBjmX47eC2kfz9MgxHTIjodaEnNnwPkMo3dAZDmnnBp_xZbh87HB2NEdyI8dX1BTeE9WToEmOWlGOPy_6w6xyXDt-nEb4BfqOHDXcPLi-wc_hI2yQPDue9miyB-WFOzqeKkBdhImUFDqj41lx4flxXYJ-K8jz4HrRJ2i-xMHj4_jR_GiX40T-oX8EjwxaCjmPw9eD56jko8qLsOMGLeSCXLhyFdc1NA-5ot3xf_iD5pLQNzxyJTbUdE9wJ2-E8MVR5sUT4MoOpymeUc6EX8f9YXeCc8QXo7fR5AHzIs2RhEnw44lyo-mSHMek50jcTAyydIxW7Djuw03yGHd6XMvxIxct6EmUHEe1Q9Th-HBH9McXHs2P6sHJQ5OE5skn3Dj6QytxHU9-3CkcJsQTBSeP51qGx7jiHM_R9EN1yMmLP0VzF31H_EGdown1YP0-HM-JUorgIyG5g7GOM5TxHZV-w3XQ68aH5j2eHkxy5MxVKM8V5F9x5jCHW8QdhAqzJ2hC5YceNPOhHTn7wQuP63jRIUwopg_U78hP4frQFN_wwBdCHoe8sehz-NCqoFw4otGRC0dICe8FHVeC9MeRJ4cryEeoX_hQ8oafJcd9wQ6P9IkSQzsuH2FO4Qua58hTC1d2Q6NV3FngSDT6kKi1pNieQMvDgROzB98FpdE1NN_wQ_N-_MiPOe_B9kJzTD9yHmWSFF2aE4d2oTm-mMgT5QpR6oVf9PjxX8iDH_3hOngJhwp6nMrwTPiCK1lGXDzuQJsET_KRHz5-ovnxZ7jI42GWIkx1lEpCQ0eYr-iPT8GNZrvw6MH5IVyz6Piho8clyYHo48yF9CiOMFF1TOMh5UIzOZizhMQ_ofnQ42Fm4jvKG-l17Aef5biOUdFRS0cvhQij44Quk8ijXEF9-BTRBz_OBzf-oOmPIs8SaELz42Fwo0efJccTHde1oKNhRjj8FuGL_mi-Dn-G5ymutOjooyGRSw_6Q8tD3EOOSqdgqieeLfiDOHnwH-WhQ3_wHDkuPCJldJF4NEd-_MMV5ih3-LhP-AFlCJDEEJGoUIoCohBTgBRigCLAIseMMIYJIgADgBJBBCBOCAANExgoAIhDlAlCBKDCAAWMAAIYwBB0QimkBDBCACGwQU4BQBQShhCghBBACACQIsQRgJwwQhIEgECICcWAUEAAB4QBDhhggIBWSEUQAYIZZ4wjATHBoEDEGAKBQsYwoQQCRBAACEKMECCZTAx5awAzAlDAjFEKICiBUxQABkxSBigACFJqFASIAEYIIgQw0CgAlAEGEGEBVMQJAQmDDilgFCKAFQKMcAAAQRDCBiIjgRdCOerEEUwAJoBRCABCEEEAWKCIEhYxZIQBQigAAGKCGgMQAYAyIzQGhADjIBTGESkERkZZ54AhhAgEiDKgCCAQAIg4CowBBjIBASEUAaRAYgIhAAigQgAElBMGY2AAYBIJAaAQBkAAGOEOKWUAEcYQYQQCjjEhEBAAKYQQQEAI5JATkAGAkABMCCGAAQoYAwgwwggquKAKAAIZMc4AhJQAQBknADNAMUAkQEAAQhAzCghjCOIIKUqEMYowAgAQTEAgBSAQEAGcIcwopIQlggAiAALICSMEcg4w5kykkBhCABEEMKEEYowI4RUTCCAiGFBGCCoEJckAJASQRjgBDDKTKKAIsAoIhAxgyCFPFDFAEESQQoAYAIQgAiQGJABEOCCU9AA5JgQzygkgCBJQEGCMQcAwBggDBggChCUDMQaAQIwIBiwiyhoPgIHCIQOAwQgQAAVSQgCCgAHUKCCQMcQQJBAAwgphkAEAACOUcpQQg4Aw0iGBDCIiIWOEBEAhgIBXijCAEBIAACSMEIgRIJgDQABDoTCCgIQQMAIQZgQxEhngBECMIWCUYIYCgJBDQDCEiAAIIqMIIkBKhhgB1gpkmHBiAEEIo4IIIhQkwAFhGFAOEEgtAAAIoqAGggkgiGDECaYIQEYYCADShhiGBDBCiUaYgBAJKRRjSDCKDAI"]}, "audio_properties": {"sample_rate": 44100, "downmix": "mix", "lossless": false, "analysis_sample_rate": 44100, "md5_encoded": "5a9df410ff52791930de292fa4a55b0b", "equal_loudness": 0, "replay_gain": -6.68531417847, "codec": "mp3", "bit_rate": 192000, "length": 143.203262329}, "version": {"extractor": "music 1.0", "essentia_build_sha": "2d9f1f26377add8aeb1075a9c2973f962c4f09fd", "essentia_git_sha": "v2.1_beta2-1-ge3940c0", "essentia": "2.1-beta2"}}, "rhythm": {"beats_loudness_band_ratio": {"dvar2": [0.100946240127, 0.0425322763622, 0.0485955253243, 0.014729806222, 0.0067889704369, 0.00649192882702], "var": [0.053193744272, 0.0200421083719, 0.0218058545142, 0.0118289617822, 0.00231688353233, 0.00181033497211], "min": [0.0351868122816, 0.00799143221229, 0.0064877034165, 0.00246397103183, 0.00121599866543, 7.12615219527e-05], "dmean": [0.261952638626, 0.122310332954, 0.13472597301, 0.0747908428311, 0.0500589162111, 0.0464058816433], "mean": [0.5024985075, 0.199016809464, 0.178674161434, 0.118374802172, 0.0523141436279, 0.0362833365798], "max": [0.983899950981, 0.704545497894, 0.675081551075, 0.48744058609, 0.406442195177, 0.234365344048], "dmean2": [0.486428797245, 0.207047432661, 0.23898640275, 0.130363032222, 0.0935069024563, 0.0900445804], "median": [0.51080083847, 0.161027699709, 0.135144978762, 0.0732907503843, 0.0423129089177, 0.0192263908684], "dvar": [0.0350111275911, 0.0138056846336, 0.0168416798115, 0.00634475052357, 0.00227184477262, 0.00209049647674]}, "bpm_histogram_first_peak_weight": {"dvar2": 0, "var": 0, "min": 0.404580146074, "dmean": 0, "mean": 0.404580146074, "max": 0.404580146074, "dmean2": 0, "median": 0.404580146074, "dvar": 0}, "bpm": 110.693107605, "beats_count": 263, "bpm_histogram_first_peak_spread": {"dvar2": 0, "var": 0, "min": 0.552742660046, "dmean": 0, "mean": 0.552742660046, "max": 0.552742660046, "dmean2": 0, "median": 0.552742660046, "dvar": 0}, "danceability": 0.974983751774, "bpm_histogram_first_peak_bpm": {"dvar2": 0, "var": 0, "min": 110, "dmean": 0, "mean": 110, "max": 110, "dmean2": 0, "median": 110, "dvar": 0}, "beats_position": [0.557278871536, 1.11455774307, 1.68344664574, 2.2523355484, 2.80961441994, 3.35528349876, 3.9125623703, 4.46984100342, 5.00390005112, 5.53795909882, 6.08362817764, 6.62929677963, 7.17496585846, 7.72063493729, 8.26630401611, 8.80036258698, 9.33442115784, 9.86848068237, 10.4025392532, 10.9482088089, 11.4938774109, 12.0279359818, 12.5619955063, 13.1076641083, 13.6533327103, 14.1873922348, 14.7330608368, 15.2671203613, 15.8127889633, 16.3468475342, 16.904127121, 17.4497947693, 17.995464325, 18.5295238495, 19.0751914978, 19.6208610535, 20.1665306091, 20.7121982574, 21.2578678131, 21.8035373688, 22.3492050171, 22.8948745728, 23.4405441284, 23.9862117767, 24.5318813324, 25.0775508881, 25.6232185364, 26.168888092, 26.7029476166, 27.2602272034, 27.8175048828, 28.3747844696, 28.932062149, 29.4893417358, 30.0466213226, 30.5922889709, 31.1263484955, 31.66040802, 32.2060775757, 32.7401351929, 33.2741928101, 33.8198623657, 34.3655319214, 34.9112014771, 35.4568710327, 35.9909286499, 36.5249862671, 37.059047699, 37.5931053162, 38.1271629333, 38.672832489, 39.2185020447, 39.7641716003, 40.2866210938, 40.8206787109, 41.3547401428, 41.9120178223, 42.4576873779, 43.0033569336, 43.5374145508, 44.0946922302, 44.6519737244, 45.2092514038, 45.7665290833, 46.3238105774, 46.8810882568, 47.4383659363, 47.9724235535, 48.5064849854, 49.0289344788, 49.5746040344, 50.1202697754, 50.6659393311, 51.2232208252, 51.7804985046, 52.3261680603, 52.871837616, 53.4175033569, 53.9631729126, 54.4972343445, 55.0312919617, 55.5885696411, 56.122631073, 56.6566886902, 57.1907463074, 57.7248077393, 58.2356452942, 58.7580947876, 59.280544281, 59.8146018982, 60.3486595154, 60.8827209473, 61.4167785645, 61.9508361816, 62.4848976135, 63.0073471069, 63.5414047241, 64.0754623413, 64.621131897, 65.1551895142, 65.6892471313, 66.234916687, 66.7573699951, 67.2914276123, 67.8254852295, 68.3711547852, 68.9168243408, 69.450881958, 70.0081634521, 70.5654373169, 71.122718811, 71.6800003052, 72.2372741699, 72.7829437256, 73.3286132813, 73.8742828369, 74.4199523926, 74.9772338867, 75.5345077515, 76.0801773071, 76.6258468628, 77.1831283569, 77.7287979126, 78.2744674683, 78.8201370239, 79.3658065796, 79.8882522583, 80.433921814, 80.9679794312, 81.5252609253, 82.0593185425, 82.5933761597, 83.1390457153, 83.684715271, 84.2187728882, 84.7528305054, 85.2752838135, 85.8209533691, 86.3666229248, 86.9122848511, 87.4579544067, 88.0036239624, 88.537689209, 89.0833511353, 89.6290206909, 90.1863021851, 90.7319717407, 91.2776412964, 91.8233108521, 92.3921966553, 92.9378662109, 93.4951477051, 94.0408172607, 94.5864868164, 95.1321487427, 95.6778182983, 96.223487854, 96.7459411621, 97.2683868408, 97.7908401489, 98.3365097046, 98.9053955078, 99.474281311, 100.031562805, 100.588844299, 101.134513855, 101.668571472, 102.191017151, 102.725074768, 103.259140015, 103.793197632, 104.338867188, 104.884536743, 105.41859436, 105.952651978, 106.486709595, 107.020767212, 107.554824829, 108.088890076, 108.622947693, 109.168617249, 109.702674866, 110.236732483, 110.7707901, 111.316459656, 111.850517273, 112.38457489, 112.918640137, 113.464309692, 114.009971619, 114.544036865, 115.078094482, 115.6121521, 116.146209717, 116.691879272, 117.237548828, 117.783218384, 118.328887939, 118.886169434, 119.443443298, 120.000724792, 120.557998657, 121.103668213, 121.660949707, 122.206619263, 122.74067688, 123.274734497, 123.820404053, 124.35446167, 124.900131226, 125.445800781, 125.991470337, 126.525527954, 127.059593201, 127.593650818, 128.127700806, 128.661773682, 129.207427979, 129.741500854, 130.275558472, 130.821228027, 131.355285645, 131.877731323, 132.400177002, 132.934234619, 133.468292236, 134.002349854, 134.548019409, 135.082077026, 135.604537964, 136.126983643, 136.649429321, 137.160263062, 137.682723999, 138.216781616, 138.750839233, 139.284896851, 139.830566406, 140.376235962, 140.921905518, 141.467575073, 142.013244629, 142.558914185], "beats_loudness": {"dvar2": 0.000758363225032, "var": 0.000512150640134, "min": 6.96811097711e-09, "dmean": 0.0188422184438, "mean": 0.0467508174479, "max": 0.132760822773, "dmean2": 0.0335427224636, "median": 0.0487652607262, "dvar": 0.000249780045124}, "bpm_histogram_second_peak_weight": {"dvar2": 0, "var": 0, "min": 0.068702287972, "dmean": 0, "mean": 0.068702287972, "max": 0.068702287972, "dmean2": 0, "median": 0.068702287972, "dvar": 0}, "bpm_histogram_second_peak_spread": {"dvar2": 0, "var": 0, "min": 0.100000016391, "dmean": 0, "mean": 0.100000016391, "max": 0.100000016391, "dmean2": 0, "median": 0.100000016391, "dvar": 0}, "bpm_histogram_second_peak_bpm": {"dvar2": 0, "var": 0, "min": 115, "dmean": 0, "mean": 115, "max": 115, "dmean2": 0, "median": 115, "dvar": 0}, "onset_rate": 2.98839521408}, "lowlevel": {"spectral_energyband_high": {"dvar2": 7.08186007614e-07, "var": 1.26590884975e-06, "min": 7.93944673255e-21, "dmean": 0.000233532191487, "mean": 0.000525106093846, "max": 0.035177692771, "dmean2": 0.000318375357892, "median": 0.000238220993197, "dvar": 4.49907247457e-07}, "spectral_energyband_middle_low": {"dvar2": 0.000246599549428, "var": 0.000288179959171, "min": 3.76060343374e-22, "dmean": 0.00730927241966, "mean": 0.0204456765205, "max": 0.157450050116, "dmean2": 0.0118188289925, "median": 0.0163641963154, "dvar": 9.74104841589e-05}, "spectral_energy": {"dvar2": 0.000414807611378, "var": 0.000577634433284, "min": 1.06820181756e-20, "dmean": 0.0106694055721, "mean": 0.037120718509, "max": 0.179548233747, "dmean2": 0.0166564881802, "median": 0.0361527912319, "dvar": 0.000169930033735}, "spectral_spread": {"dvar2": 751107112960, "var": 2632118435840.0, "min": 779638.125, "dmean": 438636.8125, "mean": 3963031.75, "max": 42466472, "dmean2": 620738.625, "median": 3810833, "dvar": 479443353600}, "spectral_energyband_low": {"dvar2": 0.000288102164632, "var": 0.000286897906335, "min": 4.99977959136e-23, "dmean": 0.00627347547561, "mean": 0.0127100683749, "max": 0.146395608783, "dmean2": 0.00990058109164, "median": 0.0065717776306, "dvar": 0.000116248382255}, "spectral_rolloff": {"dvar2": 1028433.75, "var": 1846253.625, "min": 21.533203125, "dmean": 296.428070068, "mean": 1082.18579102, "max": 19099.9511719, "dmean2": 490.905700684, "median": 796.728515625, "dvar": 526041.625}, "barkbands": {"dvar2": [6.59874899611e-07, 0.000142345495988, 0.000111223678687, 0.000104239610664, 6.36592812953e-05, 2.04300813493e-05, 1.41616137626e-05, 1.6228759705e-05, 6.34206617178e-06, 8.03366674518e-06, 4.2102583393e-06, 1.1601417782e-06, 9.85822498478e-06, 1.43681006648e-06, 3.74932881186e-07, 1.53889374133e-07, 2.48608102993e-07, 4.31258001754e-07, 2.61411685187e-07, 5.02729555762e-08, 3.31429284017e-08, 1.99489846864e-08, 3.03482998731e-08, 1.55754079856e-07, 8.11978466686e-08, 5.48145306922e-09, 1.76136577545e-10], "var": [4.91994001095e-07, 6.3492123445e-05, 0.000100244425994, 0.000130567103042, 4.59252114524e-05, 1.98428333533e-05, 1.13374844659e-05, 1.63220447575e-05, 5.6329608924e-06, 6.35242486169e-06, 2.91063042823e-06, 8.61362252635e-07, 1.07696096165e-05, 1.03705656329e-06, 3.02590819956e-07, 1.62819233651e-07, 2.24204853794e-07, 3.81985671538e-07, 2.83805036361e-07, 5.33650279522e-08, 2.79317013963e-08, 2.68610715892e-08, 1.72758074513e-08, 1.83533657605e-07, 1.12741702196e-07, 9.14782738448e-09, 5.15729438322e-11], "min": [2.52752485537e-23, 1.41751694014e-23, 1.92625460009e-23, 1.3387647982e-23, 5.21065315538e-23, 6.26516991241e-23, 5.30586898219e-23, 2.85055929398e-23, 1.16421897306e-22, 9.76795530075e-23, 1.0245746894e-22, 7.36048119121e-23, 2.83138176983e-23, 7.58176929689e-23, 1.09065914515e-22, 2.24002393048e-22, 1.23820680534e-22, 8.74032513218e-23, 3.69867494967e-22, 2.48578755016e-22, 3.5051821371e-22, 5.63735805333e-22, 6.55366707396e-22, 9.0625885697e-22, 1.07291979648e-21, 1.8421001241e-21, 2.65094503438e-21], "dmean": [0.000251362827839, 0.00322790676728, 0.00295940903015, 0.00347200222313, 0.00299084349535, 0.00155668205116, 0.00118936458603, 0.00118370936252, 0.000889844028279, 0.000944804691244, 0.000611405761447, 0.000337995326845, 0.000830981764011, 0.000320339371683, 0.00017464873963, 0.000121787415992, 0.000158322422067, 0.000195806074771, 0.000144464502227, 7.76703382144e-05, 5.40355904377e-05, 4.40979965788e-05, 3.43655410688e-05, 6.02286709181e-05, 3.98520023737e-05, 1.3066001884e-05, 1.92481934391e-06], "mean": [0.000303015491227, 0.00425151921809, 0.00526927225292, 0.00620171520859, 0.00539566436782, 0.00269982288592, 0.00197449256666, 0.00194233539514, 0.00153900554869, 0.00160201429389, 0.00100455142092, 0.00060994195519, 0.00161160121206, 0.000547751842532, 0.000305156834656, 0.000239379223785, 0.000320729246596, 0.000385966530303, 0.000305848108837, 0.000164938974194, 0.000106203544419, 0.000104157355963, 5.79757797823e-05, 9.11241295398e-05, 6.35287651676e-05, 2.09633799386e-05, 2.03210674954e-06], "max": [0.00842755939811, 0.091705173254, 0.128088161349, 0.152221307158, 0.057862251997, 0.0767022818327, 0.0635458752513, 0.0460407398641, 0.0224477350712, 0.023754067719, 0.023990187794, 0.0112063977867, 0.0336925685406, 0.0162299536169, 0.0124853020534, 0.00700534088537, 0.00953357480466, 0.0111215347424, 0.00830529257655, 0.00387878203765, 0.00236857007258, 0.00268782651983, 0.00314875505865, 0.0206300038844, 0.00894587300718, 0.00322424038313, 0.000207652905374], "dmean2": [0.000379164266633, 0.00526190921664, 0.00496372301131, 0.00580161530524, 0.00494313426316, 0.00243585580029, 0.00183502398431, 0.00193580775522, 0.00143073219806, 0.00155768461991, 0.00101311306935, 0.000552436162252, 0.00133978947997, 0.000519964611158, 0.000288122770144, 0.000198798588826, 0.000260838482063, 0.000324373366311, 0.000236024279729, 0.000122995450511, 8.18011976662e-05, 6.76291892887e-05, 5.26463591086e-05, 8.24102680781e-05, 5.53822683287e-05, 1.83706688404e-05, 3.09096685669e-06], "median": [1.72706604644e-05, 0.00109513802454, 0.00153976818547, 0.00219397433102, 0.00311968405731, 0.00113047822379, 0.000867206894327, 0.000691566499881, 0.000505841337144, 0.000562364701182, 0.000323014421156, 0.000238424661802, 0.000258465879597, 0.000183385040145, 0.000147351238411, 0.000124634723761, 0.000177819179953, 0.000162069438375, 0.000127812250867, 7.80415066401e-05, 4.52622552984e-05, 3.29810281983e-05, 2.22622002184e-05, 2.6863795938e-05, 1.36875405587e-05, 4.91629771204e-06, 3.9991047629e-07], "dvar": [3.11154593646e-07, 5.64029978705e-05, 4.17766241299e-05, 4.20694377681e-05, 2.40044028033e-05, 9.13789153856e-06, 6.20238688498e-06, 6.64379149384e-06, 2.46102558776e-06, 2.89987428914e-06, 1.54144754561e-06, 4.27570569173e-07, 3.72410568161e-06, 5.48801153855e-07, 1.39354455087e-07, 6.05770154039e-08, 9.01557086763e-08, 1.60575837072e-07, 9.51714582698e-08, 2.14516280295e-08, 1.45121132888e-08, 8.36679348026e-09, 1.24944374846e-08, 9.56355918902e-08, 4.49267112401e-08, 3.01098390665e-09, 6.54100523745e-11]}, "melbands_skewness": {"dvar2": 1.66017377377, "var": 3.40559339523, "min": -0.686821877956, "dmean": 0.727111816406, "mean": 2.60172915459, "max": 34.6024627686, "dmean2": 1.14626896381, "median": 2.24887180328, "dvar": 0.707744181156}, "barkbands_skewness": {"dvar2": 0.754897356033, "var": 1.91083610058, "min": -2.47641277313, "dmean": 0.537136733532, "mean": 1.77106869221, "max": 14.7043809891, "dmean2": 0.845370650291, "median": 1.53473114967, "dvar": 0.32204374671}, "erbbands": {"dvar2": [0.169392302632, 8.52977561951, 105.789268494, 450.227416992, 1582.79125977, 451.334228516, 328.24899292, 2193.8112793, 4656.68603516, 4672.70947266, 4169.24658203, 3933.60107422, 6679.83203125, 8321.58398438, 7963.10351563, 1537.6484375, 19099.6445313, 5428.37158203, 1642.65441895, 1271.39416504, 398.105926514, 730.508972168, 1165.89013672, 504.401733398, 696.714233398, 110.879386902, 72.0888137817, 43.0850791931, 27.3334503174, 50.4773254395, 15.5951805115, 73.3362960815, 34.1122398376, 15.7218971252, 3.09020638466, 0.273553162813, 0.0074888295494, 0.000151578118675, 9.11051847652e-06, 1.27932073823e-08], "var": [0.0746401101351, 3.2981133461, 84.1214752197, 571.268127441, 982.141540527, 351.55581665, 298.118011475, 2081.62158203, 4100.21533203, 4219.53125, 3919.08447266, 3464.37060547, 5938.89111328, 6163.43994141, 5695.39306641, 1718.61804199, 19822.0625, 4720.78613281, 1282.73620605, 1045.50512695, 419.755950928, 663.137084961, 1004.0123291, 543.172424316, 668.160827637, 123.095672607, 57.4513969421, 43.5263633728, 38.0662345886, 22.3573589325, 13.3648948669, 77.71824646, 44.0142631531, 18.0347499847, 5.22303628922, 0.572217047215, 0.0106590585783, 0.000128373751068, 2.43788986154e-06, 4.28523527773e-09], "min": [2.33214445642e-22, 4.13231201646e-21, 1.68298054339e-20, 4.39337983053e-20, 4.27585879123e-20, 1.79782148519e-19, 5.13282320497e-19, 5.28733485652e-19, 7.19188564669e-19, 8.61698807816e-19, 6.51351379236e-19, 2.7578778581e-18, 3.80104587514e-18, 3.04332816812e-18, 2.85827649136e-18, 3.76623108393e-18, 1.59571670462e-18, 3.63222492957e-18, 5.4446190107e-18, 8.13293987148e-18, 1.04003668348e-17, 7.97468781258e-18, 5.29705660687e-18, 1.12723963529e-17, 1.94912835988e-17, 1.21710453704e-17, 1.51480857658e-17, 1.18275056815e-17, 1.67999952276e-17, 2.07199048888e-17, 2.33924245319e-17, 1.64617180617e-17, 1.60638177173e-17, 1.10747903492e-17, 8.53994830162e-18, 6.64356023313e-18, 3.38957583957e-18, 1.35364819201e-18, 4.2669750007e-19, 3.31162533717e-20], "dmean": [0.109881855547, 0.743834674358, 2.92706370354, 7.36930036545, 13.6830968857, 7.68721628189, 6.40156936646, 15.0506687164, 20.1697387695, 19.8438682556, 19.4689178467, 21.23462677, 27.1296863556, 23.0194835663, 25.9928436279, 13.3776550293, 37.2939224243, 19.6378688812, 10.2899246216, 8.42530250549, 6.17943143845, 8.09551429749, 11.0311174393, 6.89694929123, 7.16096353531, 3.58638978004, 2.45484614372, 2.04470729828, 1.6654664278, 1.36194336414, 0.824339091778, 1.17006182671, 0.978522658348, 0.498305231333, 0.26158952713, 0.0934520289302, 0.015639487654, 0.00251186569221, 0.000405871425755, 2.36826217588e-05], "mean": [0.112001813948, 1.025562644, 5.29934692383, 14.3170347214, 23.3760051727, 14.3211698532, 12.4965229034, 25.2108707428, 33.9485931396, 34.0552902222, 33.6932411194, 37.6670837402, 48.0000038147, 41.6840820313, 44.2307052612, 28.4331417084, 72.0204544067, 38.3281745911, 20.2171516418, 15.8122024536, 13.5592765808, 17.7147846222, 22.4680252075, 15.0629014969, 14.8466377258, 7.90919446945, 4.71431589127, 4.30702543259, 3.92712974548, 2.64187216759, 1.42583668232, 1.79170107841, 1.45461606979, 0.764754891396, 0.420101374388, 0.149064391851, 0.0257349144667, 0.00380779290572, 0.000417689327151, 5.77085083933e-05], "max": [3.10612797737, 22.8682041168, 112.446792603, 350.855834961, 268.491760254, 233.387420654, 318.912750244, 971.821472168, 1076.5255127, 836.458251953, 821.635498047, 673.545898438, 777.360778809, 1064.69372559, 977.441162109, 471.280395508, 1762.26086426, 740.917480469, 1015.09313965, 930.130859375, 303.656646729, 561.019226074, 578.559936523, 318.611602783, 328.261993408, 192.150665283, 104.079475403, 86.9180221558, 96.0827865601, 139.201660156, 93.6899871826, 408.834259033, 310.464752197, 151.430267334, 70.996635437, 27.328327179, 2.53924369812, 0.259097665548, 0.0463081039488, 0.00205029337667], "dmean2": [0.17751532793, 1.26770484447, 4.95820856094, 12.1583824158, 22.9597148895, 12.6573200226, 10.1610660553, 23.5924472809, 30.9766540527, 32.3246536255, 31.1548233032, 34.4234542847, 43.7542953491, 38.3347434998, 43.1236686707, 21.4477787018, 60.5522079468, 32.1904335022, 16.7975769043, 13.7170829773, 10.1127710342, 13.1837463379, 18.2453765869, 11.1206645966, 11.7124996185, 5.66376924515, 3.67820191383, 3.16326284409, 2.55566287041, 2.14939546585, 1.23854637146, 1.6189776659, 1.3315050602, 0.694103479385, 0.369272083044, 0.130200132728, 0.0219753477722, 0.00358341424726, 0.000656382704619, 3.70942070731e-05], "median": [0.0179382264614, 0.314215689898, 1.88036119938, 6.15667867661, 11.6639509201, 8.09867191315, 6.72701311111, 10.2408323288, 13.8605661392, 14.5498180389, 13.7510929108, 13.672545433, 20.1978416443, 12.4144058228, 12.3888626099, 10.4727993011, 12.2540779114, 9.8930721283, 9.821600914, 8.07975292206, 7.74232959747, 10.4660558701, 10.5647535324, 6.78313541412, 5.85820436478, 3.77689409256, 2.08572769165, 1.60935592651, 1.21841323376, 0.985534131527, 0.545108616352, 0.531707286835, 0.403752595186, 0.16052018106, 0.0947724655271, 0.0341898091137, 0.00605619000271, 0.000948405009694, 8.69151117513e-05, 5.1248116506e-05], "dvar": [0.0700139179826, 3.14383292198, 38.8868789673, 179.696502686, 583.219970703, 171.894332886, 129.804580688, 1014.60644531, 2081.31347656, 1899.80664063, 1698.58544922, 1511.09570313, 2587.87768555, 2954.90795898, 2895.75390625, 614.68536377, 7263.00830078, 2028.88049316, 636.563842773, 508.452301025, 149.325164795, 261.695129395, 430.887939453, 192.47593689, 247.714630127, 47.7745323181, 31.7493286133, 18.5744590759, 11.4441537857, 18.4322338104, 7.3335351944, 42.6329803467, 21.7997837067, 8.5241651535, 1.75990331173, 0.169117942452, 0.00378552614711, 6.64547551423e-05, 3.34880246555e-06, 4.71514560729e-09]}, "silence_rate_30dB": {"dvar2": 0.013512509875, "var": 0.00580179411918, "min": 0, "dmean": 0.00518806744367, "mean": 0.994164347649, "max": 1, "dmean2": 0.0103778177872, "median": 1, "dvar": 0.00516098830849}, "melbands_spread": {"dvar2": 102.306137085, "var": 200.182723999, "min": 0.25413313508, "dmean": 4.71522521973, "mean": 17.565908432, "max": 198.379867554, "dmean2": 7.46497869492, "median": 14.2451725006, "dvar": 47.9533691406}, "melbands_crest": {"dvar2": 23.6187801361, "var": 29.4096698761, "min": 1.95002806187, "dmean": 3.32659196854, "mean": 14.33111763, "max": 39.6130714417, "dmean2": 5.51264333725, "median": 13.425658226, "dvar": 8.98065662384}, "zerocrossingrate": {"dvar2": 0.000126295344671, "var": 0.00127592170611, "min": 0.00537109375, "dmean": 0.00749299582094, "mean": 0.0466918461025, "max": 0.513671875, "dmean2": 0.00891677383333, "median": 0.041015625, "dvar": 0.000123494537547}, "barkbands_kurtosis": {"dvar2": 121.547149658, "var": 212.324462891, "min": -1.88684988022, "dmean": 3.51039266586, "mean": 6.64252901077, "max": 378.930480957, "dmean2": 5.61349201202, "median": 2.69314575195, "dvar": 56.4770545959}, "spectral_flux": {"dvar2": 0.00180370046292, "var": 0.00245053111576, "min": 1.03353846315e-10, "dmean": 0.025797246024, "mean": 0.0911845564842, "max": 0.298396110535, "dmean2": 0.0400300323963, "median": 0.0870710685849, "dvar": 0.000827171141282}, "barkbands_crest": {"dvar2": 12.3366680145, "var": 14.9910087585, "min": 2.76211380959, "dmean": 2.41323637962, "mean": 9.78307723999, "max": 24.8259010315, "dmean2": 3.96661329269, "median": 9.0138092041, "dvar": 4.73864126205}, "barkbands_flatness_db": {"dvar2": 0.00085054920055, "var": 0.00329203065485, "min": 0.0339036174119, "dmean": 0.0196710117161, "mean": 0.15185700357, "max": 0.442866384983, "dmean2": 0.0303251836449, "median": 0.139810085297, "dvar": 0.00037779394188}, "spectral_entropy": {"dvar2": 0.0503755882382, "var": 0.287758409977, "min": 4.71343612671, "dmean": 0.15012408793, "mean": 7.30728197098, "max": 9.79902935028, "dmean2": 0.2185857445, "median": 7.41463851929, "dvar": 0.0263351872563}, "pitch_salience": {"dvar2": 0.0110459569842, "var": 0.0112935956568, "min": 0.0242251884192, "dmean": 0.0720101222396, "mean": 0.559015572071, "max": 0.920398831367, "dmean2": 0.11767949909, "median": 0.570786714554, "dvar": 0.00411352049559}, "erbbands_spread": {"dvar2": 125.734146118, "var": 326.103271484, "min": 4.9838104248, "dmean": 6.76513147354, "mean": 33.0030326843, "max": 152.397903442, "dmean2": 10.5298204422, "median": 28.4070720673, "dvar": 60.6824035645}, "dynamic_complexity": 3.44055700302, "spectral_contrast_valleys": {"dvar2": [0.316884994507, 0.181063264608, 0.140848994255, 0.111430935562, 0.0965099111199, 0.163430869579], "var": [1.6483438015, 1.47138905525, 1.49923336506, 1.45552670956, 1.99359095097, 1.90789711475], "min": [-27.3772697449, -26.8513145447, -26.9210338593, -27.5366210938, -27.2019767761, -27.2803211212], "dmean": [0.42548853159, 0.325097262859, 0.275350481272, 0.244352981448, 0.221233323216, 0.263660311699], "mean": [-7.39405870438, -6.64195537567, -7.20421934128, -7.71027374268, -7.89560031891, -10.5822134018], "max": [-5.2353477478, -4.8954334259, -5.323969841, -5.89651441574, -5.78575468063, -7.16589832306], "dmean2": [0.681840538979, 0.531620621681, 0.45090419054, 0.381316304207, 0.318275630474, 0.345442444086], "median": [-7.13988924026, -6.42939043045, -7.07394933701, -7.47330904007, -7.49420404434, -10.2230424881], "dvar": [0.148507207632, 0.0807406008244, 0.0664683654904, 0.0620500333607, 0.0674128979445, 0.103253126144]}, "hfc": {"dvar2": 95.758140564, "var": 268.454864502, "min": 1.20667109291e-16, "dmean": 4.9517660141, "mean": 21.1201515198, "max": 319.364318848, "dmean2": 7.34487295151, "median": 18.5353527069, "dvar": 50.8788299561}, "spectral_kurtosis": {"dvar2": 50.8091697693, "var": 155.450210571, "min": -1.25227594376, "dmean": 2.4672806263, "mean": 9.48523712158, "max": 119.493057251, "dmean2": 4.10726833344, "median": 5.26290750504, "dvar": 18.0055580139}, "mfcc": {"mean": [-656.805603027, 146.25177002, -1.98937451839, 16.1356639862, 4.49330615997, -0.318341910839, 0.859324812889, 2.86839461327, -4.35575580597, -3.09973311424, -0.698991894722, -2.36013650894, -6.24553251266], "cov": [[11372.2675781, -1178.86877441, -426.120758057, 572.066589355, -442.258514404, 40.1726951599, 127.869400024, 254.948669434, -96.7433853149, 95.9066772461, 169.115844727, -12.7923126221, -229.677719116], [-1178.86877441, 2129.65576172, -73.8411178589, -227.317581177, 200.713562012, -8.54585075378, -82.6456222534, -104.514320374, 12.851937294, -80.0442886353, -25.8626270294, 1.17669475079, 65.2541275024], [-426.120758057, -73.8411178589, 554.091308594, 91.715171814, 202.290802002, -14.1424074173, -4.85269594193, -28.3627433777, 55.7967033386, 15.2398099899, -38.3579597473, -11.0867910385, 31.3505344391], [572.066589355, -227.317581177, 91.715171814, 462.208740234, 136.959686279, -60.0926895142, 15.3040390015, 22.8615531921, 36.9478683472, 30.9830780029, -32.481174469, -24.1784934998, 28.165807724], [-442.258514404, 200.713562012, 202.290802002, 136.959686279, 285.204925537, -61.8091239929, -56.3352279663, -41.5121994019, 37.7096061707, 5.40888786316, -57.1850013733, -12.4607753754, 52.1485290527], [40.1726951599, -8.54585075378, -14.1424074173, -60.0926895142, -61.8091239929, 278.524353027, 166.935134888, 108.972335815, 13.5251626968, 5.18176460266, 41.2588043213, 11.2265892029, -48.9370574951], [127.869400024, -82.6456222534, -4.85269594193, 15.3040390015, -56.3352279663, 166.935134888, 213.19732666, 110.6434021, 22.2946128845, 26.2200374603, 39.9551200867, 7.79661035538, -43.1824951172], [254.948669434, -104.514320374, -28.3627433777, 22.8615531921, -41.5121994019, 108.972335815, 110.6434021, 159.723953247, 30.6828269958, 20.7711582184, 39.1583862305, 0.256200581789, -35.0276222229], [-96.7433853149, 12.851937294, 55.7967033386, 36.9478683472, 37.7096061707, 13.5251626968, 22.2946128845, 30.6828269958, 82.1913833618, 25.679725647, 6.93781328201, -7.78281974792, -0.86806088686], [95.9066772461, -80.0442886353, 15.2398099899, 30.9830780029, 5.40888786316, 5.18176460266, 26.2200374603, 20.7711582184, 25.679725647, 84.8935546875, 36.3819770813, 1.89646732807, 1.43681585789], [169.115844727, -25.8626270294, -38.3579597473, -32.481174469, -57.1850013733, 41.2588043213, 39.9551200867, 39.1583862305, 6.93781328201, 36.3819770813, 101.915534973, 22.3155937195, -13.7950439453], [-12.7923126221, 1.17669475079, -11.0867910385, -24.1784934998, -12.4607753754, 11.2265892029, 7.79661035538, 0.256200581789, -7.78281974792, 1.89646732807, 22.3155937195, 71.0859909058, 21.8856925964], [-229.677719116, 65.2541275024, 31.3505344391, 28.165807724, 52.1485290527, -48.9370574951, -43.1824951172, -35.0276222229, -0.86806088686, 1.43681585789, -13.7950439453, 21.8856925964, 84.655670166]], "icov": [[0.000120127799164, 6.43252315058e-06, 1.42523613249e-05, -0.000241106987232, 0.000196277032956, 9.32835155254e-06, 0.000135347509058, -0.000137378097861, 0.000192958847038, -9.0943176474e-05, -8.44345704536e-05, -8.31803263281e-05, 0.000303848442854], [6.43252315058e-06, 0.000676687050145, 0.000394546572352, 0.000490657286718, -0.000954268907662, -0.000117640018289, -0.000188610516489, 0.000401380413678, -0.000392118556192, 0.000719388772268, -0.000447380618425, 0.000286384311039, -0.000386980536859], [1.42523613249e-05, 0.000394546572352, 0.00279616261832, 0.00033767989953, -0.00226962123998, -0.00020477072394, -0.000630620110314, 0.000857906416059, -0.00123476760928, 0.000300866609905, -0.000130656189867, 0.00020453518664, -0.000192217470612], [-0.000241106987232, 0.000490657286718, 0.00033767989953, 0.0038033623714, -0.00240200012922, 0.00111743062735, -0.00160605658311, -0.000337701960234, -0.000765373231843, -3.98387601308e-06, 0.000432979693869, 0.00111086340621, -0.00148059939966], [0.000196277032956, -0.000954268907662, -0.00226962123998, -0.00240200012922, 0.00834875646979, -0.000294103461783, 0.00189296260942, -0.000431909225881, -0.000881092390046, -0.00166322395671, 0.00262663443573, -0.000360838952474, -0.00107776175719], [9.32835155254e-06, -0.000117640018289, -0.00020477072394, 0.00111743062735, -0.000294103461783, 0.00792120397091, -0.00521827489138, -0.00199202960357, 0.000259268854279, 0.00128203630447, -0.000525723735336, -0.000561349675991, 0.00113453494851], [0.000135347509058, -0.000188610516489, -0.000630620110314, -0.00160605658311, 0.00189296260942, -0.00521827489138, 0.0118321366608, -0.00371240871027, 0.000102533536847, -0.00237359595485, 0.000372905720724, -0.00142467650585, 0.00206773960963], [-0.000137378097861, 0.000401380413678, 0.000857906416059, -0.000337701960234, -0.000431909225881, -0.00199202960357, -0.00371240871027, 0.0120414737612, -0.00363438553177, 0.00084591115592, -0.00214812741615, 0.000611352035776, 0.000756006571464], [0.000192958847038, -0.000392118556192, -0.00123476760928, -0.000765373231843, -0.000881092390046, 0.000259268854279, 0.000102533536847, -0.00363438553177, 0.0167839452624, -0.00423101661727, -0.000170361279743, 0.00118684128392, 0.00068816030398], [-9.0943176474e-05, 0.000719388772268, 0.000300866609905, -3.98387601308e-06, -0.00166322395671, 0.00128203630447, -0.00237359595485, 0.00084591115592, -0.00423101661727, 0.017290417105, -0.00688972324133, 0.00159738014918, -0.00187895656563], [-8.44345704536e-05, -0.000447380618425, -0.000130656189867, 0.000432979693869, 0.00262663443573, -0.000525723735336, 0.000372905720724, -0.00214812741615, -0.000170361279743, -0.00688972324133, 0.0159519929439, -0.0046157008037, 0.00130748411175], [-8.31803263281e-05, 0.000286384311039, 0.00020453518664, 0.00111086340621, -0.000360838952474, -0.000561349675991, -0.00142467650585, 0.000611352035776, 0.00118684128392, 0.00159738014918, -0.0046157008037, 0.0183194298297, -0.00697089312598], [0.000303848442854, -0.000386980536859, -0.000192217470612, -0.00148059939966, -0.00107776175719, 0.00113453494851, 0.00206773960963, 0.000756006571464, 0.00068816030398, -0.00187895656563, 0.00130748411175, -0.00697089312598, 0.0182404816151]]}, "silence_rate_20dB": {"dvar2": 0, "var": 0, "min": 1, "dmean": 0, "mean": 1, "max": 1, "dmean2": 0, "median": 1, "dvar": 0}, "melbands_kurtosis": {"dvar2": 1152.2322998, "var": 982.848083496, "min": -1.58054804802, "dmean": 7.59430170059, "mean": 15.189494133, "max": 1310.38464355, "dmean2": 12.1196985245, "median": 7.2588262558, "dvar": 519.49987793}, "barkbands_spread": {"dvar2": 60.8302879333, "var": 136.211853027, "min": 0.232407063246, "dmean": 3.88063335419, "mean": 15.8258666992, "max": 117.519714355, "dmean2": 5.9975938797, "median": 13.6223888397, "dvar": 31.0890026093}, "erbbands_skewness": {"dvar2": 0.23113502562, "var": 0.53165781498, "min": -2.69427776337, "dmean": 0.348298698664, "mean": 0.563969969749, "max": 6.02362394333, "dmean2": 0.547888636589, "median": 0.489080965519, "dvar": 0.102799579501}, "average_loudness": 0.860019624233, "spectral_centroid": {"dvar2": 116783.15625, "var": 310748.03125, "min": 158.828201294, "dmean": 182.569335938, "mean": 985.305969238, "max": 11367.5976563, "dmean2": 285.159118652, "median": 879.161315918, "dvar": 58121.328125}, "dissonance": {"dvar2": 0.000921495025977, "var": 0.000848956580739, "min": 0.277143806219, "dmean": 0.0204994510859, "mean": 0.458270668983, "max": 0.500000119209, "dmean2": 0.034392926842, "median": 0.46534794569, "dvar": 0.000343219289789}, "erbbands_flatness_db": {"dvar2": 0.000476230459753, "var": 0.00212871143594, "min": 0.0299418698996, "dmean": 0.0167071539909, "mean": 0.171177074313, "max": 0.359989732504, "dmean2": 0.0241029281169, "median": 0.168289795518, "dvar": 0.000237797154114}, "spectral_strongpeak": {"dvar2": 1.86487650871, "var": 1.20637834072, "min": 0, "dmean": 0.54660063982, "mean": 1.04991531372, "max": 12.1790838242, "dmean2": 0.927592158318, "median": 0.702669680119, "dvar": 0.705095291138}, "spectral_rms": {"dvar2": 1.85820874776e-06, "var": 4.95702670378e-06, "min": 3.2282319179e-12, "dmean": 0.000824693008326, "mean": 0.00559091428295, "max": 0.0132351433858, "dmean2": 0.00126123602968, "median": 0.00593894068152, "dvar": 8.10531389561e-07}, "silence_rate_60dB": {"dvar2": 0.0134855099022, "var": 0.068178139627, "min": 0, "dmean": 0.00583657575771, "mean": 0.0735937729478, "max": 1, "dmean2": 0.0116750448942, "median": 0, "dvar": 0.00580276828259}, "melbands": {"dvar2": [1.08539552457e-05, 1.91467697732e-05, 1.5947569409e-05, 4.49468143415e-06, 3.74983443407e-07, 1.04867649497e-06, 8.31404747714e-07, 6.8594744107e-07, 2.6681897225e-07, 1.54194935931e-07, 1.68415738244e-07, 1.512560317e-07, 9.98781430894e-08, 1.78510735083e-08, 3.98238242383e-08, 1.20191927522e-07, 1.60190190002e-08, 6.73526923123e-09, 1.96137350805e-09, 1.43169165412e-09, 6.18741613501e-10, 8.29702140326e-10, 1.11272846492e-09, 1.16957521445e-09, 3.65994401452e-10, 6.99239888213e-10, 1.12926792917e-10, 5.59143321921e-11, 3.93818519462e-11, 1.92717109632e-11, 1.73548345833e-11, 1.14205268506e-11, 8.35099957935e-12, 2.48512391221e-11, 5.20429879747e-12, 1.14731306053e-11, 4.20139062429e-11, 2.06702155392e-11, 1.76645035405e-11, 9.94042261698e-12], "var": [4.91827768201e-06, 1.41604405144e-05, 1.74050037458e-05, 3.02709918287e-06, 3.70009104245e-07, 1.03375600702e-06, 7.19903368918e-07, 6.62823595121e-07, 2.54152126899e-07, 1.40987623354e-07, 1.46669762557e-07, 1.0650668969e-07, 6.7993880748e-08, 1.33349074005e-08, 3.96107289191e-08, 1.25633448533e-07, 1.23890950832e-08, 4.62531390966e-09, 1.81389037124e-09, 1.26853960669e-09, 5.53594448061e-10, 6.82010670161e-10, 9.21031084733e-10, 9.95530879955e-10, 3.40700523349e-10, 6.27189689073e-10, 1.10206184456e-10, 5.48901583908e-11, 2.78366565909e-11, 1.46832303261e-11, 1.67918543653e-11, 1.32119142016e-11, 9.48518954352e-12, 8.14015521655e-12, 3.06715265165e-12, 1.55842266175e-11, 3.6725039676e-11, 2.07913374017e-11, 2.14526070519e-11, 1.09536477111e-11], "min": [4.34381879282e-24, 8.25432891218e-24, 7.02947799527e-24, 6.73290337137e-24, 1.58371415565e-23, 1.18367884631e-23, 1.09218115761e-23, 9.05639298237e-24, 5.5329094616e-24, 1.89908417948e-23, 1.877244092e-23, 1.16066730039e-23, 1.24992178422e-23, 7.46315033361e-24, 7.00568121721e-24, 2.4344466444e-24, 7.53522776566e-24, 8.02661947872e-24, 8.1197318868e-24, 1.53547152476e-23, 1.06122925336e-23, 8.25594686589e-24, 5.75235005504e-24, 4.52680533498e-24, 9.08062600051e-24, 1.51862429573e-23, 9.46104943889e-24, 8.03345180302e-24, 1.03613787566e-23, 7.99292328515e-24, 5.99999913117e-24, 7.36153479383e-24, 1.51413899039e-23, 8.98769818588e-24, 1.45434270269e-23, 1.00103892963e-23, 1.01762291578e-23, 1.20568120247e-23, 1.01671186032e-23, 8.48817331689e-24], "dmean": [0.000895755540114, 0.00129055965226, 0.00144858192652, 0.000776319473516, 0.000232114078244, 0.000346591608832, 0.000279629166471, 0.00023572416103, 0.000159546994837, 0.000133431094582, 0.000137027003802, 9.60446996032e-05, 8.89356961125e-05, 4.01726792916e-05, 6.45191903459e-05, 8.3091770648e-05, 3.43489045918e-05, 1.89489328477e-05, 1.25900605781e-05, 1.00571314761e-05, 7.80106984166e-06, 8.88515296538e-06, 1.10222981675e-05, 9.58704367804e-06, 5.83919427299e-06, 6.54827499602e-06, 3.49542756339e-06, 2.42743362833e-06, 1.79944129286e-06, 1.32057448354e-06, 1.2637274267e-06, 1.03169247723e-06, 8.67769699653e-07, 8.29342354791e-07, 4.81437666622e-07, 5.23346841419e-07, 8.62425565629e-07, 7.98750875219e-07, 5.27679105744e-07, 3.93015739064e-07], "mean": [0.00106714537833, 0.00230775307864, 0.0028732935898, 0.00138676213101, 0.000465557473945, 0.000595041783527, 0.000472528568935, 0.000396223127609, 0.000268267845968, 0.000233748025494, 0.000234869046835, 0.000164565964951, 0.000148406499648, 7.30574465706e-05, 0.000115474496852, 0.000157987175044, 6.01836873102e-05, 3.36671255354e-05, 2.27185573749e-05, 1.83997944987e-05, 1.54605877469e-05, 1.76165140147e-05, 2.12721624848e-05, 1.81064606295e-05, 1.12340821943e-05, 1.25758024296e-05, 7.21834885553e-06, 4.83216444991e-06, 3.09819870381e-06, 2.44007173933e-06, 2.51260485129e-06, 2.26303859563e-06, 1.88384331068e-06, 1.3497827922e-06, 7.85334179909e-07, 8.10438280041e-07, 1.25424924136e-06, 1.14570343612e-06, 7.68464985867e-07, 5.90711181303e-07], "max": [0.0219590868801, 0.0410108976066, 0.0506281368434, 0.0153946159407, 0.00860307179391, 0.0189142711461, 0.0152232646942, 0.00983340665698, 0.00664698611945, 0.00387247465551, 0.00391166331246, 0.00446254946291, 0.00382293551229, 0.00134081195574, 0.00246335635893, 0.00382505357265, 0.001319