{"metadata": {"tags": {"album": ["Wonder Of The World"], "albumartist": ["Rush Of Fools"], "genre": ["Contemporary Christian"], "artist": ["Rush Of Fools"], "encodedby": ["iTunes v7.6.2.9"], "date": ["2008"], "tracknumber": ["8"], "title": ["Freedom Begins Here"], "file_name": "285055.mp3", "musicbrainz_recordingid": ["159f6db6-9c1b-4894-85d7-0b54e9340084"]}, "audio_properties": {"sample_rate": 44100, "downmix": "mix", "lossless": false, "analysis_sample_rate": 44100, "md5_encoded": "ef0397ae694a2fb69b037c0285187844", "equal_loudness": 0, "replay_gain": -10.01212883, "codec": "mp3", "bit_rate": 224000, "length": 227.970611572}, "version": {"extractor": "music 1.0", "essentia_build_sha": "70f2e5ece6736b2c40cc944ad0e695b16b925413", "essentia_git_sha": "v2.1_beta2", "essentia": "2.1-beta2"}}, "rhythm": {"beats_loudness_band_ratio": {"dvar2": [0.0623005330563, 0.0231005232781, 0.0296393465251, 0.0247773844749, 0.0119443042204, 0.0354558452964], "var": [0.0756146460772, 0.010206617415, 0.014122735709, 0.00922665279359, 0.00779382605106, 0.0121367610991], "min": [0, 0, 0, 0, 0, 0], "dmean": [0.166146308184, 0.0958311483264, 0.0887000709772, 0.0666255801916, 0.0603435225785, 0.0762309357524], "mean": [0.486607402563, 0.113931402564, 0.109041087329, 0.0822665542364, 0.105754256248, 0.0896237716079], "max": [0.999978363514, 0.547513186932, 0.669004201889, 0.572228312492, 0.495726525784, 0.834875226021], "dmean2": [0.256104260683, 0.169408634305, 0.158261194825, 0.118619196117, 0.108457677066, 0.136145487428], "median": [0.502875804901, 0.0911849811673, 0.0622254982591, 0.0482489839196, 0.0841203480959, 0.0640506371856], "dvar": [0.0252349562943, 0.00819104909897, 0.0109408395365, 0.00818372797221, 0.00434133503586, 0.0125107420608]}, "bpm_histogram_first_peak_weight": {"dvar2": 0, "var": 0, "min": 0.581818163395, "dmean": 0, "mean": 0.581818163395, "max": 0.581818163395, "dmean2": 0, "median": 0.581818163395, "dvar": 0}, "bpm": 102.816505432, "beats_count": 386, "bpm_histogram_first_peak_spread": {"dvar2": 0, "var": 0, "min": 0.361823379993, "dmean": 0, "mean": 0.361823379993, "max": 0.361823379993, "dmean2": 0, "median": 0.361823379993, "dvar": 0}, "danceability": 1.06217932701, "bpm_histogram_first_peak_bpm": {"dvar2": 0, "var": 0, "min": 103, "dmean": 0, "mean": 103, "max": 103, "dmean2": 0, "median": 103, "dvar": 0}, "beats_position": [0.603718817234, 1.21904754639, 1.83437633514, 2.42648530006, 3.01859402657, 3.59909296036, 4.17959165573, 4.76009082794, 5.34058952332, 5.92108821869, 6.51319694519, 7.10530614853, 7.6858048439, 8.26630401611, 8.84680271149, 9.42730140686, 10.0078001022, 10.5882987976, 11.1687984467, 11.749297142, 12.3414058685, 12.9219045639, 13.5140132904, 14.0945119858, 14.6750106812, 15.2555103302, 15.8360090256, 16.4165077209, 16.99700737, 17.5775051117, 18.1580047607, 18.7385025024, 19.3190021515, 19.8994998932, 20.4799995422, 21.0604991913, 21.6526069641, 22.2447166443, 22.825214386, 23.405714035, 23.9862117767, 24.5667114258, 25.1472110748, 25.7277088165, 26.3082084656, 26.8887062073, 27.4692058563, 28.0613155365, 28.6534233093, 29.2339229584, 29.8144207001, 30.3949203491, 30.9754180908, 31.5559177399, 32.1364173889, 32.7169151306, 33.2974128723, 33.8895225525, 34.4700202942, 35.0505218506, 35.6426315308, 36.2231292725, 36.8036270142, 37.3841247559, 37.9646263123, 38.545124054, 39.1488418579, 39.7757797241, 40.344669342, 40.91355896, 41.4824485779, 42.0513381958, 42.6318359375, 43.2123336792, 43.7928352356, 44.3733329773, 44.953830719, 45.5343284607, 46.1148300171, 46.6953277588, 47.2642173767, 47.8563270569, 48.4368247986, 49.0173225403, 49.6094322205, 50.2015419006, 50.7820396423, 51.362537384, 51.9546470642, 52.5235366821, 53.1040344238, 53.6845359802, 54.2766418457, 54.8687515259, 55.4492492676, 56.029750824, 56.6218566895, 57.1907463074, 57.7712478638, 58.3517456055, 58.9322433472, 59.5127410889, 60.0932426453, 60.673740387, 61.2542381287, 61.8347396851, 62.4152374268, 63.0073471069, 63.5994529724, 64.1799545288, 64.7604522705, 65.3409500122, 65.9214477539, 66.5019454956, 67.0824508667, 67.6629486084, 68.2550582886, 68.8471679688, 69.4276657104, 70.0081634521, 70.5886611938, 71.1691589355, 71.7496566772, 72.3301544189, 72.91065979, 73.4911575317, 74.0832672119, 74.6753692627, 75.2558746338, 75.8363723755, 76.4168701172, 76.9973678589, 77.5778656006, 78.1583633423, 78.738861084, 79.3193664551, 79.8998641968, 80.4803619385, 81.0724716187, 81.6645812988, 82.2450790405, 82.8255767822, 83.4060745239, 83.9749679565, 84.5438537598, 85.1359634399, 85.7280731201, 86.3085708618, 86.900680542, 87.4811782837, 88.0616760254, 88.6537857056, 89.2342834473, 89.814781189, 90.3952789307, 90.9757843018, 91.5562820435, 92.1367797852, 92.7172775269, 93.309387207, 93.9014968872, 94.4819946289, 95.0624923706, 95.6429901123, 96.223487854, 96.8039855957, 97.3844909668, 97.9649887085, 98.5454864502, 99.1259841919, 99.7064819336, 100.275375366, 100.855873108, 101.447982788, 102.040092468, 102.62059021, 103.189476013, 103.769973755, 104.362083435, 104.942581177, 105.534690857, 106.115188599, 106.69568634, 107.287796021, 107.879905701, 108.460403442, 109.040908813, 109.621406555, 110.201904297, 110.782402039, 111.36289978, 111.95500946, 112.547119141, 113.127616882, 113.708114624, 114.288612366, 114.869110107, 115.449615479, 116.03011322, 116.610610962, 117.191108704, 117.771606445, 118.352104187, 118.944213867, 119.536323547, 120.116821289, 120.697319031, 121.277824402, 121.858322144, 122.427207947, 122.99609375, 123.58820343, 124.18031311, 124.760810852, 125.341316223, 125.933418274, 126.525527954, 127.106025696, 127.686531067, 128.278640747, 128.870742798, 129.474472046, 130.089797974, 130.705123901, 131.320449829, 131.935775757, 132.539505005, 133.154830933, 133.77015686, 134.37387085, 134.977600098, 135.674194336, 136.370788574, 137.102218628, 137.833648682, 138.588302612, 139.319732666, 140.051147461, 140.782577515, 141.374694824, 141.966796875, 142.547302246, 143.127792358, 143.696685791, 144.312011719, 144.938949585, 145.57749939, 146.227661133, 146.889434814, 147.481536865, 148.073654175, 148.654144287, 149.234649658, 149.815139771, 150.395645142, 150.976135254, 151.556640625, 152.137145996, 152.717636108, 153.309753418, 153.901855469, 154.48236084, 155.062850952, 155.643356323, 156.223846436, 156.804351807, 157.384857178, 157.976959229, 158.569061279, 159.161178589, 159.75328064, 160.322174072, 160.891067505, 161.448348999, 162.04045105, 162.632553101, 163.213058472, 163.805160522, 164.385665894, 164.966171265, 165.558273315, 166.150375366, 166.719268799, 167.288162231, 167.868652344, 168.460769653, 169.041259766, 169.621765137, 170.202270508, 170.794372559, 171.37487793, 171.955368042, 172.535873413, 173.116363525, 173.696868896, 174.277359009, 174.846252441, 175.438369751, 176.030471802, 176.610977173, 177.179855347, 177.771972656, 178.352462769, 178.944580078, 179.536682129, 180.105575562, 180.686080933, 181.266571045, 181.847076416, 182.439178467, 183.019683838, 183.60017395, 184.19229126, 184.784393311, 185.364898682, 185.945388794, 186.525894165, 187.106384277, 187.686889648, 188.26739502, 188.847885132, 189.440002441, 190.020492554, 190.600997925, 191.193099976, 191.773605347, 192.342483521, 192.911376953, 193.491882324, 194.072372437, 194.652877808, 195.23336792, 195.825485229, 196.41758728, 196.998092651, 197.578598022, 198.159088135, 198.739593506, 199.320083618, 199.900588989, 200.49269104, 201.08480835, 201.665298462, 202.245803833, 202.826293945, 203.418411255, 203.998901367, 204.579406738, 205.159912109, 205.75201416, 206.332519531, 206.913009644, 207.493515015, 208.074005127, 208.654510498, 209.23500061, 209.815505981, 210.407608032, 210.999725342, 211.603439331, 212.207168579, 212.741226196, 213.275283813, 213.809341431, 214.401443481, 214.993560791, 215.59727478, 216.20098877, 216.804718018, 217.420043945, 218.023757935, 218.639083862, 219.24281311, 219.858139038, 220.450241089, 221.03074646, 221.657684326, 222.273010254, 222.888336182, 223.503662109, 224.119003296, 224.722717285, 225.326431274, 225.930160522, 226.533874512, 227.137588501], "beats_loudness": {"dvar2": 0.000221087189857, "var": 0.000206385520869, "min": 0, "dmean": 0.00869567878544, "mean": 0.0260009299964, "max": 0.0679144561291, "dmean2": 0.0145689547062, "median": 0.0270135328174, "dvar": 7.06353894202e-05}, "bpm_histogram_second_peak_weight": {"dvar2": 0, "var": 0, "min": 0.0415584407747, "dmean": 0, "mean": 0.0415584407747, "max": 0.0415584407747, "dmean2": 0, "median": 0.0415584407747, "dvar": 0}, "bpm_histogram_second_peak_spread": {"dvar2": 0, "var": 0, "min": 0.199999988079, "dmean": 0, "mean": 0.199999988079, "max": 0.199999988079, "dmean2": 0, "median": 0.199999988079, "dvar": 0}, "bpm_histogram_second_peak_bpm": {"dvar2": 0, "var": 0, "min": 98, "dmean": 0, "mean": 98, "max": 98, "dmean2": 0, "median": 98, "dvar": 0}, "onset_rate": 3.24582576752}, "lowlevel": {"spectral_energyband_high": {"dvar2": 8.10210076452e-06, "var": 1.15721868497e-05, "min": 7.05310331916e-21, "dmean": 0.000694328104146, "mean": 0.00147675280459, "max": 0.0458196550608, "dmean2": 0.00102672772482, "median": 0.000662645616103, "dvar": 4.14831220041e-06}, "spectral_energyband_middle_low": {"dvar2": 0.000117317227705, "var": 5.85957677686e-05, "min": 1.20848176913e-22, "dmean": 0.00310911540873, "mean": 0.00722784223035, "max": 0.0854861661792, "dmean2": 0.00508616352454, "median": 0.00527962343767, "dvar": 4.42068958364e-05}, "spectral_energy": {"dvar2": 0.000433676526882, "var": 0.0002889954485, "min": 9.9547390091e-21, "dmean": 0.00717594055459, "mean": 0.0241219028831, "max": 0.162935093045, "dmean2": 0.0119378203526, "median": 0.0246452596039, "dvar": 0.00015808227181}, "spectral_spread": {"dvar2": 1753355649020.0, "var": 57469464215600.0, "min": 928212.0625, "dmean": 487694.34375, "mean": 6042057, "max": 46918036, "dmean2": 719649.8125, "median": 4433901, "dvar": 939295834112}, "spectral_energyband_low": {"dvar2": 0.000304371642414, "var": 0.000134116562549, "min": 6.67010688787e-24, "dmean": 0.0048614279367, "mean": 0.0104708606377, "max": 0.146795421839, "dmean2": 0.00821196381003, "median": 0.00850025191903, "dvar": 0.000108806270873}, "spectral_rolloff": {"dvar2": 1975488.875, "var": 15929913, "min": 86.1328125, "dmean": 562.927856445, "mean": 2882.15332031, "max": 19767.4804688, "dmean2": 910.529663086, "median": 1873.38867188, "dvar": 999943.0625}, "barkbands": {"dvar2": [2.02104061486e-07, 0.000173676307895, 3.69358240278e-05, 1.79735925485e-05, 4.52581116406e-05, 2.21360346586e-06, 4.12157532992e-06, 3.57086355507e-06, 1.64016898907e-06, 6.56312067804e-07, 8.27964356631e-07, 1.61544630828e-06, 2.09915526739e-07, 2.98590549619e-07, 6.6777192842e-07, 1.13304497518e-06, 6.50574179417e-07, 5.37945254564e-07, 1.84733414699e-06, 1.30835155687e-06, 3.55275716402e-07, 5.60422790841e-07, 4.90166371492e-07, 5.62433456253e-07, 5.31445493834e-07, 3.36557548053e-07, 4.68317074009e-09], "var": [1.93644922319e-07, 7.43730270187e-05, 1.58080438268e-05, 6.45618092676e-06, 1.42908984344e-05, 1.94627909877e-06, 4.70562417831e-06, 5.15670262757e-06, 3.77657215722e-06, 1.08618166905e-06, 1.0600274436e-06, 1.55140742208e-06, 1.89959592944e-07, 2.383743265e-07, 5.31877162757e-07, 1.33863295559e-06, 8.12376867998e-07, 4.8355633453e-07, 1.82330347798e-06, 1.45584465372e-06, 1.36270500661e-07, 3.84600127745e-07, 7.95089476924e-07, 6.07207937264e-07, 4.98820099892e-07, 4.43016119789e-07, 7.88960186071e-09], "min": [1.38378479424e-25, 1.15755516523e-24, 5.5082276802e-25, 5.28956776322e-25, 4.80917770157e-24, 2.81348227923e-24, 5.09918900274e-24, 4.03471745217e-24, 1.00616747215e-23, 1.1556820939e-23, 1.10699872642e-23, 1.43321353666e-23, 2.16669388198e-23, 2.51228122278e-23, 3.4610350827e-23, 4.78219282104e-23, 5.23320353322e-23, 6.5470886051e-23, 1.03069763842e-22, 1.41313488092e-22, 2.45045415467e-22, 2.6140189729e-22, 3.54321129118e-22, 5.39912306969e-22, 8.49156535568e-22, 1.23398848209e-21, 1.8421193092e-21], "dmean": [0.000140243399073, 0.00358689436689, 0.0018052845262, 0.00110191397835, 0.00148567231372, 0.000440388394054, 0.000541964604054, 0.000476420740597, 0.000380456884159, 0.000189277503523, 0.000291569449473, 0.000288866081974, 0.00014926707081, 0.000187620826182, 0.000277198472759, 0.000358227931429, 0.000307697220705, 0.000231530662859, 0.000366711814422, 0.000287513859803, 0.000129957523313, 0.000160993717145, 0.00014692361583, 0.000119633841678, 0.000118282143376, 8.63640161697e-05, 5.70541305933e-06], "mean": [0.000214206971577, 0.00646902807057, 0.00323067512363, 0.00129027175717, 0.002029200783, 0.000843846355565, 0.00108812644612, 0.000988684361801, 0.000922150211409, 0.000374966766685, 0.000563110748772, 0.000524596776813, 0.000274368270766, 0.000342475628713, 0.000516891421285, 0.000716865179129, 0.000624882814009, 0.000466242141556, 0.000752121384721, 0.000564882240724, 0.000209200617974, 0.000260830420302, 0.000266917631961, 0.000227672280744, 0.000208121797186, 0.000142958844663, 8.60849559103e-06], "max": [0.00394245516509, 0.109256014228, 0.0725393369794, 0.0327903665602, 0.0511972270906, 0.0227009132504, 0.0297184642404, 0.0369153283536, 0.0195235591382, 0.0156835131347, 0.0166110098362, 0.0316329225898, 0.00959919393063, 0.00706724217162, 0.00835708715022, 0.0219755414873, 0.00920259114355, 0.0160383731127, 0.0272657163441, 0.020944930613, 0.00725479563698, 0.0136858038604, 0.0152627499774, 0.0161543674767, 0.012281101197, 0.0155460424721, 0.00237629958428], "dmean2": [0.000223562776227, 0.00603761756793, 0.00306877424009, 0.00186193268746, 0.00253837648779, 0.00070726883132, 0.000867224647664, 0.0007172471378, 0.000539555388968, 0.000298343948089, 0.000460759096313, 0.000457123533124, 0.000240151915932, 0.000304246030282, 0.000451164320111, 0.000580542662647, 0.000491071608849, 0.000372729729861, 0.000573525787331, 0.000460494513391, 0.000222952090553, 0.000267112394795, 0.000223390947212, 0.00017555213708, 0.000170233397512, 0.00012269691797, 9.21626997297e-06], "median": [3.6451536289e-05, 0.00414103968069, 0.0019494270673, 0.000536810955964, 0.000941210018937, 0.000402147910791, 0.000309888389893, 0.000245738890953, 0.000276029255474, 0.000138446921483, 0.000285836460534, 0.000251991557889, 0.00015503897157, 0.000198641660972, 0.000282302295091, 0.000349101464963, 0.000311732408591, 0.000269570155069, 0.00037895157584, 0.000274786201771, 0.000120391683595, 0.000106056642835, 7.13583722245e-05, 6.41970182187e-05, 4.938389975e-05, 2.34676354012e-05, 3.23713550188e-07], "dvar": [8.35358875406e-08, 6.22805819148e-05, 1.30167818497e-05, 6.9402308327e-06, 1.64290649991e-05, 9.21580749491e-07, 1.70178498138e-06, 1.58951797857e-06, 8.44531825805e-07, 3.05506944187e-07, 3.7429580857e-07, 6.94055984241e-07, 9.03053702928e-08, 1.19305667567e-07, 2.63663253008e-07, 4.38911513356e-07, 2.78380554164e-07, 2.37368496414e-07, 7.96154267846e-07, 5.50405843569e-07, 1.28992681425e-07, 2.2784981013e-07, 2.51930856621e-07, 2.75668043059e-07, 2.583496439e-07, 1.78610832791e-07, 2.14260120757e-09]}, "melbands_skewness": {"dvar2": 1.49388039112, "var": 2.85367822647, "min": -1.74994921684, "dmean": 0.608388483524, "mean": 2.43821930885, "max": 16.0342674255, "dmean2": 0.956145584583, "median": 2.12253665924, "dvar": 0.613011777401}, "barkbands_skewness": {"dvar2": 0.567878484726, "var": 1.98666167259, "min": -3.74776053429, "dmean": 0.424530595541, "mean": 1.09904670715, "max": 13.6130466461, "dmean2": 0.655605733395, "median": 0.991754591465, "dvar": 0.246198058128}, "erbbands": {"dvar2": [0.0969875231385, 11.3905630112, 54.9763565063, 75.1512527466, 887.484863281, 289.367919922, 148.151245117, 153.544235229, 408.892486572, 1618.82617188, 1593.4666748, 504.919067383, 775.040771484, 496.904296875, 1444.29077148, 1478.34851074, 428.3203125, 621.469726562, 1196.46887207, 1790.33203125, 4742.48486328, 1909.6348877, 1461.09350586, 1744.90856934, 7710.46875, 1658.10864258, 433.472595215, 700.240539551, 815.530334473, 482.057922363, 453.134765625, 247.380310059, 184.650268555, 81.9270019531, 37.8004760742, 14.3106946945, 0.637476861477, 0.0152897173539, 0.000140132571687, 3.60006779943e-08], "var": [0.0508344434202, 4.48819589615, 23.2793865204, 27.9633846283, 241.159759521, 140.957839966, 107.549034119, 147.636398315, 243.913742065, 2347.69726562, 2898.4519043, 1095.53601074, 1062.98620605, 1019.00610352, 1386.98706055, 1261.55627441, 433.596801758, 560.538574219, 802.502624512, 1695.8392334, 6002.05029297, 2421.18261719, 1526.2019043, 1397.07067871, 8848.37109375, 1790.01159668, 201.326797485, 255.210098267, 454.312805176, 575.581298828, 751.926391602, 318.562225342, 163.285690308, 69.2493896484, 28.8788757324, 14.6196136475, 0.979635119438, 0.0287455972284, 0.000184931603144, 5.40312576902e-08], "min": [3.72869337903e-23, 3.7049999733e-22, 1.83937200328e-21, 2.65567284818e-21, 4.55654379129e-21, 2.41699800075e-20, 2.77278922328e-20, 4.12691038166e-20, 9.13303814499e-20, 1.25513452243e-19, 1.73922672478e-19, 2.71099191681e-19, 2.74095575902e-19, 5.21206038681e-19, 7.22507885371e-19, 9.36988218484e-19, 1.02291026044e-18, 1.68525735156e-18, 1.65229503133e-18, 2.96251096791e-18, 3.44123244164e-18, 3.75974764229e-18, 3.53178865959e-18, 5.21716584894e-18, 6.18621910349e-18, 7.23540672064e-18, 7.30988689018e-18, 9.42917986782e-18, 8.84609529095e-18, 9.279551994e-18, 9.85816979556e-18, 1.01502166642e-17, 9.06411445782e-18, 7.26019897796e-18, 6.43250592702e-18, 3.66088053394e-18, 2.13196166231e-18, 8.67515903775e-19, 2.30600583987e-19, 2.46674128237e-20], "dmean": [0.0848222747445, 0.894858002663, 2.13905954361, 2.54426074028, 5.62076568604, 4.53524446487, 3.79766392708, 3.48426556587, 4.13538980484, 11.783572197, 10.3008298874, 6.74545145035, 6.65259408951, 7.96884155273, 9.90747261047, 9.46471691132, 6.9566078186, 7.64637041092, 10.5386295319, 13.9861497879, 22.938293457, 16.2651977539, 12.4992408752, 11.3722295761, 23.5599384308, 11.7211942673, 4.99896192551, 5.64451360703, 6.00241279602, 4.92724323273, 4.28113174438, 2.81191396713, 1.96382403374, 1.44385099411, 0.820712029934, 0.533623158932, 0.122516207397, 0.0159360170364, 0.000893184973393, 2.60878077825e-05], "mean": [0.13356436789, 1.59882223606, 4.19245433807, 3.72558188438, 6.01526594162, 6.82311153412, 6.69191026688, 6.92560243607, 7.98164129257, 25.2258930206, 24.899356842, 16.3785705566, 14.9857320786, 17.7833404541, 19.5043239594, 17.9955654144, 14.3779611588, 15.5615272522, 20.7111263275, 29.0949821472, 48.3126068115, 36.2921905518, 26.6414718628, 25.3102664948, 48.6510887146, 24.7208442688, 8.82373142242, 8.67438602448, 9.31051445007, 8.58670806885, 7.77480125427, 5.32228088379, 3.54173517227, 2.54285097122, 1.36011135578, 0.847096085548, 0.202878594398, 0.0264896620065, 0.00138540088665, 6.34023963357e-05], "max": [2.42565131187, 26.5739421844, 78.9385528564, 62.0294647217, 208.816619873, 130.577560425, 162.066818237, 250.65423584, 389.563964844, 486.960021973, 688.258605957, 347.283935547, 538.187683105, 527.165222168, 1235.29736328, 748.547912598, 458.473632812, 420.370391846, 602.456787109, 547.370666504, 1460.63085938, 598.015808105, 976.730102539, 1257.29040527, 1552.14758301, 848.891967773, 279.631011963, 306.707885742, 497.460968018, 345.911468506, 467.20803833, 292.419372559, 269.481445312, 170.446334839, 148.28944397, 101.448783875, 20.6248931885, 4.26515102386, 0.378872841597, 0.00591990351677], "dmean2": [0.14082147181, 1.51357185841, 3.62458944321, 4.32760667801, 9.80290603638, 7.59043169022, 6.11369276047, 5.53942108154, 6.59626626968, 18.4416217804, 15.2838954926, 9.62555217743, 10.1216173172, 12.4131326675, 15.7166252136, 14.9896097183, 11.0915031433, 12.1837720871, 17.3942165375, 22.465555191, 36.7502784729, 26.0353870392, 20.0567779541, 18.3966197968, 36.6488342285, 18.5844154358, 8.46450138092, 9.72638702393, 10.1109495163, 7.84388828278, 6.46813011169, 4.15473127365, 2.94043064117, 2.11161065102, 1.21088480949, 0.768553674221, 0.176861003041, 0.0243106428534, 0.00140104582533, 3.96243885916e-05], "median": [0.0584986247122, 1.02281451225, 2.96362137794, 2.13256645203, 2.38795113564, 2.91045260429, 3.12020778656, 3.36747741699, 3.5464656353, 8.03284168243, 7.55579805374, 5.68590354919, 5.87301826477, 9.46160411835, 10.5325613022, 9.9814825058, 8.79461288452, 9.18016433716, 13.4696903229, 16.1982707977, 23.2190570831, 19.6558208466, 14.8282680511, 16.8376197815, 20.108751297, 13.333114624, 5.64471912384, 4.82446956635, 3.87674689293, 2.86786198616, 1.99738299847, 1.44434213638, 0.913394451141, 0.636670768261, 0.274956852198, 0.137921482325, 0.0321472361684, 0.00386482849717, 0.000111602748802, 3.74906194338e-05], "dvar": [0.0363894961774, 4.04928064346, 19.3588562012, 27.5588779449, 326.587493896, 108.908981323, 60.1168708801, 66.2878952026, 162.187423706, 689.960998535, 721.361572266, 258.2293396, 352.994934082, 226.136917114, 612.93170166, 638.491760254, 187.073318481, 259.502075195, 461.432373047, 720.988769531, 1857.09265137, 792.957092285, 642.983825684, 759.659301758, 3336.83349609, 717.394775391, 161.295669556, 253.850067139, 316.411529541, 223.038757324, 235.251251221, 123.206939697, 85.6243972778, 37.3595581055, 17.857126236, 7.25913572311, 0.341039925814, 0.00754030188546, 6.05462082603e-05, 1.68229661313e-08]}, "silence_rate_30dB": {"dvar2": 0, "var": 0, "min": 1, "dmean": 0, "mean": 1, "max": 1, "dmean2": 0, "median": 1, "dvar": 0}, "melbands_spread": {"dvar2": 348.42868042, "var": 1057.85852051, "min": 0.438422352076, "dmean": 8.94652748108, "mean": 37.056930542, "max": 226.963485718, "dmean2": 13.9250011444, "median": 28.2721691132, "dvar": 160.595672607}, "melbands_crest": {"dvar2": 17.4875926971, "var": 30.1666927338, "min": 1.56427514553, "dmean": 2.7289917469, "mean": 14.2056818008, "max": 30.36236763, "dmean2": 4.39829063416, "median": 14.1522035599, "dvar": 6.95227432251}, "zerocrossingrate": {"dvar2": 0.000277318642475, "var": 0.0102399345487, "min": 0.00244140625, "dmean": 0.0112296231091, "mean": 0.0948731601238, "max": 0.5302734375, "dmean2": 0.0130203031003, "median": 0.06787109375, "dvar": 0.00025915610604}, "barkbands_kurtosis": {"dvar2": 47.2514572144, "var": 316.080169678, "min": -1.88706088066, "dmean": 1.7473474741, "mean": 3.72306489944, "max": 358.719421387, "dmean2": 2.7978887558, "median": 0.384531736374, "dvar": 21.9465274811}, "spectral_flux": {"dvar2": 0.00144704780541, "var": 0.00222263601609, "min": 6.19221687814e-11, "dmean": 0.0193468723446, "mean": 0.0722174718976, "max": 0.36621800065, "dmean2": 0.0299512241036, "median": 0.0698983967304, "dvar": 0.000709972053301}, "barkbands_crest": {"dvar2": 13.9048585892, "var": 14.6093559265, "min": 2.22900032997, "dmean": 2.13314390182, "mean": 9.31969070435, "max": 24.2085494995, "dmean2": 3.48861145973, "median": 8.3690700531, "dvar": 5.20373868942}, "barkbands_flatness_db": {"dvar2": 0.000784884497989, "var": 0.00868236552924, "min": 0.0190946329385, "dmean": 0.0173702705652, "mean": 0.132185950875, "max": 0.683371424675, "dmean2": 0.0273970253766, "median": 0.100536629558, "dvar": 0.000324682070641}, "spectral_entropy": {"dvar2": 0.0326879359782, "var": 0.7346534729, "min": 3.01182746887, "dmean": 0.111459992826, "mean": 7.69427251816, "max": 9.83215904236, "dmean2": 0.162622109056, "median": 7.78694534302, "dvar": 0.0168698150665}, "pitch_salience": {"dvar2": 0.00932242069393, "var": 0.0150399850681, "min": 0.130278378725, "dmean": 0.0600345619023, "mean": 0.524335384369, "max": 0.966617107391, "dmean2": 0.0982048586011, "median": 0.519011974335, "dvar": 0.00356813170947}, "erbbands_spread": {"dvar2": 158.32019043, "var": 288.577575684, "min": 0.663280367851, "dmean": 6.82811546326, "mean": 39.4516067505, "max": 140.157958984, "dmean2": 10.5777711868, "median": 37.0487174988, "dvar": 68.3297424316}, "dynamic_complexity": 3.34162259102, "spectral_contrast_valleys": {"dvar2": [0.344804644585, 0.250415921211, 0.198969826102, 0.169684812427, 0.190252169967, 0.377394080162], "var": [18.8054199219, 18.7671031952, 18.0121250153, 17.9442367554, 18.5463523865, 15.8749332428], "min": [-28.1581687927, -28.3139038086, -28.0216941833, -27.7914142609, -27.6328353882, -27.4620437622], "dmean": [0.402181506157, 0.327141314745, 0.302915006876, 0.257976531982, 0.249520078301, 0.337629884481], "mean": [-8.29711055756, -7.93564271927, -8.44641590118, -8.58498477936, -8.34020233154, -11.2053461075], "max": [-5.23852872849, -5.17374992371, -4.90142774582, -5.96106767654, -5.14480543137, -6.91422367096], "dmean2": [0.658146262169, 0.539121329784, 0.494525611401, 0.414574056864, 0.380543410778, 0.485602945089], "median": [-7.02118635178, -6.82622814178, -7.2211561203, -7.29439496994, -7.01530742645, -9.75904464722], "dvar": [0.149401083589, 0.108392842114, 0.0930614173412, 0.0834793522954, 0.100354872644, 0.18782530725]}, "hfc": {"dvar2": 678.175842285, "var": 1132.07214355, "min": 1.05893643698e-16, "dmean": 7.95886087418, "mean": 26.7002754211, "max": 465.625518799, "dmean2": 11.7325611115, "median": 19.9209918976, "dvar": 347.413360596}, "spectral_kurtosis": {"dvar2": 34.3708686829, "var": 94.6749191284, "min": -1.28481304646, "dmean": 1.79789471626, "mean": 5.40479850769, "max": 107.394935608, "dmean2": 3.04066061974, "median": 3.66476583481, "dvar": 11.6943225861}, "mfcc": {"mean": [-662.641296387, 104.390800476, -8.56291294098, 29.0400466919, 8.99209308624, 0.215966805816, 3.57193636894, 7.33947515488, 2.58165240288, 3.0478758812, -0.844929337502, -1.40570497513, 6.63430547714], "cov": [[21458.7734375, 727.738098145, 203.869247437, 869.675109863, 428.335449219, 456.197143555, 72.6237411499, 280.986633301, 87.634475708, 418.755523682, 166.902908325, -18.5281276703, 192.390197754], [727.738098145, 2017.70178223, -616.936584473, 162.449035645, -110.6901474, -207.791687012, 34.3903045654, -20.7464981079, 14.7013282776, -94.1668014526, -37.4765586853, -8.31519508362, 45.5690040588], [203.869247437, -616.936584473, 997.82635498, 167.006118774, 279.236999512, 363.649627686, 134.899490356, 147.103530884, 85.5115966797, 116.82875824, 60.6534309387, 50.4470672607, -12.635433197], [869.675109863, 162.449035645, 167.006118774, 374.762512207, 141.398574829, 199.28755188, 94.1259231567, 72.1020202637, 68.85887146, 42.2675247192, 46.4955024719, 21.0202922821, 36.8184890747], [428.335449219, -110.6901474, 279.236999512, 141.398574829, 291.600738525, 137.770828247, 71.5104751587, 73.4535675049, 57.2618904114, 78.6709518433, 27.6912498474, 19.6163864136, 18.8622493744], [456.197143555, -207.791687012, 363.649627686, 199.28755188, 137.770828247, 371.729644775, 135.95324707, 113.796264648, 83.8137817383, 77.5985336304, 77.5746917725, 42.2466659546, -2.41475009918], [72.6237411499, 34.3903045654, 134.899490356, 94.1259231567, 71.5104751587, 135.95324707, 189.415710449, 78.9203338623, 38.8966178894, 42.3260765076, 41.9571304321, 13.5699911118, 5.9605550766], [280.986633301, -20.7464981079, 147.103530884, 72.1020202637, 73.4535675049, 113.796264648, 78.9203338623, 134.795288086, 57.8304252625, 49.2779808044, 27.83852005, 18.4792709351, 9.37827968597], [87.634475708, 14.7013282776, 85.5115966797, 68.85887146, 57.2618904114, 83.8137817383, 38.8966178894, 57.8304252625, 126.071121216, 46.0671653748, 35.2952041626, 34.0163764954, 2.10475468636], [418.755523682, -94.1668014526, 116.82875824, 42.2675247192, 78.6709518433, 77.5985336304, 42.3260765076, 49.2779808044, 46.0671653748, 125.717445374, 55.3453216553, 18.0153942108, 1.35180187225], [166.902908325, -37.4765586853, 60.6534309387, 46.4955024719, 27.6912498474, 77.5746917725, 41.9571304321, 27.83852005, 35.2952041626, 55.3453216553, 92.8972091675, 34.5604515076, 1.96733355522], [-18.5281276703, -8.31519508362, 50.4470672607, 21.0202922821, 19.6163864136, 42.2466659546, 13.5699911118, 18.4792709351, 34.0163764954, 18.0153942108, 34.5604515076, 73.6291351318, 16.1230926514], [192.390197754, 45.5690040588, -12.635433197, 36.8184890747, 18.8622493744, -2.41475009918, 5.9605550766, 9.37827968597, 2.10475468636, 1.35180187225, 1.96733355522, 16.1230926514, 75.6029281616]], "icov": [[5.81178319408e-05, -2.2845735657e-05, 1.8568136511e-05, -0.000109493012133, -6.18745434622e-06, -4.79241098219e-05, 0.0001173667697, -8.2175109128e-05, 0.000102441335912, -0.000214518790017, 2.42396049543e-06, 8.32347868709e-05, -9.35755233513e-05], [-2.2845735657e-05, 0.000790782214608, 0.000456299283542, -0.000669865461532, 7.23569464753e-05, 0.000608410686255, -0.000545252929442, -0.000222290866077, -0.000296701793559, 0.00039632798871, 0.000172746818862, -0.000317242316669, 0.000120259552205], [1.8568136511e-05, 0.000456299283542, 0.00220780656673, -6.64202016196e-05, -0.00117871793918, -0.00128565460909, -0.000109902837721, -0.000669180415571, 0.000276567036053, -0.000235154453549, 0.000709699699655, -0.000722683675122, 0.000555900332984], [-0.000109493012133, -0.000669865461532, -6.64202016196e-05, 0.00542321009561, -0.00150061235763, -0.00261939456686, -0.000151317115524, 0.000608494330663, -0.00101502693724, 0.00108217960224, -0.000898705387954, 0.00122990412638, -0.00197262782604], [-6.18745434622e-06, 7.23569464753e-05, -0.00117871793918, -0.00150061235763, 0.00604199571535, 0.000366739201127, -0.000471647857921, -0.000298109021969, -0.000571301323362, -0.00248811696656, 0.00149289204273, -5.03654118802e-05, -0.000883328961208], [-4.79241098219e-05, 0.000608410686255, -0.00128565460909, -0.00261939456686, 0.000366739201127, 0.00758603587747, -0.00221600919031, -0.00168438255787, -0.000845405040309, 0.000557334104087, -0.00211228244007, -0.00104789587203, 0.00164247304201], [0.0001173667697, -0.000545252929442, -0.000109902837721, -0.000151317115524, -0.000471647857921, -0.00221600919031, 0.0088195418939, -0.00315880519338, 0.000877969665453, -0.000374671828467, -0.00192671327386, 0.00133408338297, -0.000423415534897], [-8.2175109128e-05, -0.000222290866077, -0.000669180415571, 0.000608494330663, -0.000298109021969, -0.00168438255787, -0.00315880519338, 0.0132973669097, -0.00344578479417, -0.00179206649773, 0.00146854331251, 0.000175770823262, -0.00139267824125], [0.000102441335912, -0.000296701793559, 0.000276567036053, -0.00101502693724, -0.000571301323362, -0.000845405040309, 0.000877969665453, -0.00344578479417, 0.0123809482902, -0.00239685433917, -0.000333199190209, -0.00386471860111, 0.00146347342525], [-0.000214518790017, 0.00039632798871, -0.000235154453549, 0.00108217960224, -0.00248811696656, 0.000557334104087, -0.000374671828467, -0.00179206649773, -0.00239685433917, 0.0147340698168, -0.00732198823243, 0.0015809328761, 0.000287754926831], [2.42396049543e-06, 0.000172746818862, 0.000709699699655, -0.000898705387954, 0.00149289204273, -0.00211228244007, -0.00192671327386, 0.00146854331251, -0.000333199190209, -0.00732198823243, 0.0195976253599, -0.00689803669229, 0.00107709888835], [8.32347868709e-05, -0.000317242316669, -0.000722683675122, 0.00122990412638, -5.03654118802e-05, -0.00104789587203, 0.00133408338297, 0.000175770823262, -0.00386471860111, 0.0015809328761, -0.00689803669229, 0.0197311658412, -0.00483727268875], [-9.35755233513e-05, 0.000120259552205, 0.000555900332984, -0.00197262782604, -0.000883328961208, 0.00164247304201, -0.000423415534897, -0.00139267824125, 0.00146347342525, 0.000287754926831, 0.00107709888835, -0.00483727268875, 0.015882877633]]}, "silence_rate_20dB": {"dvar2": 0, "var": 0, "min": 1, "dmean": 0, "mean": 1, "max": 1, "dmean2": 0, "median": 1, "dvar": 0}, "melbands_kurtosis": {"dvar2": 291.426757812, "var": 377.5809021, "min": -1.8782337904, "dmean": 5.09714841843, "mean": 10.9560308456, "max": 316.012512207, "dmean2": 8.17871761322, "median": 4.93251132965, "dvar": 114.382484436}, "barkbands_spread": {"dvar2": 117.394638062, "var": 317.626068115, "min": 0.313259661198, "dmean": 5.86693429947, "mean": 31.236989975, "max": 121.798423767, "dmean2": 9.06661319733, "median": 28.6598186493, "dvar": 53.9272270203}, "erbbands_skewness": {"dvar2": 0.145828008652, "var": 1.80632019043, "min": -3.46151423454, "dmean": 0.272327333689, "mean": -0.110382668674, "max": 14.1216859818, "dmean2": 0.410007715225, "median": -0.251099914312, "dvar": 0.0699543058872}, "average_loudness": 0.931526005268, "spectral_centroid": {"dvar2": 218930.125, "var": 4061114.5, "min": 117.095100403, "dmean": 255.024642944, "mean": 2211.35107422, "max": 11867.0068359, "dmean2": 392.777252197, "median": 1814.0748291, "dvar": 100461.898438}, "dissonance": {"dvar2": 0.000472780579003, "var": 0.000703577941749, "min": 0.276335150003, "dmean": 0.0121737066656, "mean": 0.471662819386, "max": 0.500000119209, "dmean2": 0.0204636715353, "median": 0.479882866144, "dvar": 0.000176812376594}, "erbbands_flatness_db": {"dvar2": 0.000441603944637, "var": 0.00506222061813, "min": 0.0343315340579, "dmean": 0.0132104493678, "mean": 0.154137074947, "max": 0.476872950792, "dmean2": 0.0195179115981, "median": 0.133974358439, "dvar": 0.00021382169507}, "spectral_strongpeak": {"dvar2": 3.45352530479, "var": 1.89143538475, "min": 0, "dmean": 0.434942215681, "mean": 0.754002630711, "max": 19.9985160828, "dmean2": 0.760198891163, "median": 0.368356138468, "dvar": 1.35497963428}, "spectral_rms": {"dvar2": 2.04890102395e-06, "var": 3.93525351683e-06, "min": 3.11639863221e-12, "dmean": 0.000623103405815, "mean": 0.00442699762061, "max": 0.0126079758629, "dmean2": 0.00100456050131, "median": 0.00490348413587, "dvar": 7.77768150328e-07}, "silence_rate_60dB": {"dvar2": 0.0311776436865, "var": 0.115168325603, "min": 0, "dmean": 0.0142595237121, "mean": 0.132803753018, "max": 1, "dmean2": 0.028521951288, "median": 0, "dvar": 0.0140563612804}, "melbands": {"dvar2": [1.05997678475e-05, 1.61014013429e-05, 4.35414585809e-06, 3.11473309011e-06, 1.77697955905e-07, 7.64351639759e-08, 1.05397937489e-07, 1.68742758433e-07, 1.00367643086e-07, 2.11072315182e-08, 2.02754240064e-08, 8.35565838742e-09, 1.55563331106e-08, 2.64737654021e-08, 5.71385339043e-09, 2.65227173557e-09, 2.44702191843e-09, 3.81092180035e-09, 4.75676875666e-09, 3.06593794797e-09, 7.80337483519e-09, 2.99183122721e-09, 1.82649451119e-09, 1.58200497147e-09, 1.26108334886e-09, 3.97677135666e-09, 5.0837960508e-09, 5.35135324942e-10, 1.62618390975e-10, 2.61748650532e-10, 2.48861098395e-10, 2.91885515757e-10, 2.46264508785e-10, 1.60511104408e-10, 2.06176825612e-10, 1.28968877244e-10, 1.03055911027e-10, 9.82537454175e-11, 8.69233296452e-11, 5.54203696823e-11], "var": [4.66458186565e-06, 6.66641199132e-06, 1.48009337408e-06, 9.13242558909e-07, 1.33832287474e-07, 7.05279532554e-08, 8.10582463373e-08, 2.49143141673e-07, 2.20667530471e-07, 4.50175861033e-08, 2.99209865773e-08, 1.72662524278e-08, 1.65034972355e-08, 2.71286353382e-08, 4.50755610615e-09, 2.49414688902e-09, 2.05162864475e-09, 2.37450836771e-09, 3.62876617643e-09, 2.9580582428e-09, 9.21596221559e-09, 3.12022874205e-09, 1.98985050659e-09, 1.08957787237e-09, 8.68904059814e-10, 3.49139672728e-09, 5.900542277e-09, 4.41890857239e-10, 7.57590726264e-11, 9.21583295788e-11, 8.5476521694e-11, 1.26416807578e-10, 2.22993623566e-10, 1.75307948713e-10, 2.83751633301e-10, 1.9414342356e-10, 9.71122557369e-11, 8.01640837045e-11, 7.16011694379e-11, 4.5016372574e-11], "min": [3.17317376277e-25, 1.04037539978e-24, 4.16838736877e-25, 1.03673224291e-24, 1.14631843328e-24, 1.16291803888e-24, 1.41856784091e-24, 1.21720537562e-24, 9.95630617595e-25, 1.34727650876e-24, 1.29608022487e-24, 1.47458248721e-24, 2.49193626338e-24, 1.95900648771e-24, 1.73952290134e-24, 2.01468014888e-24, 2.20076119516e-24, 1.62086204955e-24, 2.60360248274e-24, 3.22098672084e-24, 2.47994202774e-24, 3.74916360955e-24, 2.84168484545e-24, 3.63056389448e-24, 3.69115787833e-24, 3.86362929905e-24, 3.56082701273e-24, 4.0621532456e-24, 4.22745707613e-24, 4.63091130864e-24, 4.58657929792e-24, 4.01367734854e-24, 4.58031061473e-24, 4.52107623265e-24, 5.18425739618e-24, 4.74053220889e-24, 5.23126009549e-24, 5.36890843484e-24, 5.86918508827e-24, 5.44017334016e-24], "dmean": [0.00088033627253, 0.00109535490628, 0.000545052869711, 0.000363044993719, 0.00014142904547, 7.87411481724e-05, 7.6776217611e-05, 0.000125682287035, 8.34325328469e-05, 4.39176292275e-05, 3.46186352544e-05, 3.21010738844e-05, 3.86403371522e-05, 3.13434757118e-05, 2.29170764214e-05, 1.56696460181e-05, 1.50436253534e-05, 1.80427177838e-05, 2.27419386647e-05, 1.8158727471e-05, 2.9704431654e-05, 1.97209792532e-05, 1.47684650074e-05, 1.01610694401e-05, 9.67095456872e-06, 1.61322641361e-05, 1.74440519913e-05, 6.65062680127e-06, 3.22683399645e-06, 3.34788433065e-06, 3.32798504132e-06, 3.47128502654e-06, 3.35393633577e-06, 2.75477304967e-06, 2.74096373687e-06, 2.15887212107e-06, 1.64841083006e-06, 1.40407905747e-06, 1.39192957249e-06, 1.23144593545e-06], "mean": [0.00149496656377, 0.00227432465181, 0.000755153712817, 0.000460574228782, 0.000254421145655, 0.000154445297085, 0.000152372551383, 0.000271128898021, 0.000203162562684, 0.000102906269603, 7.53328131395e-05, 7.04263657099e-05, 7.38794842619e-05, 5.42789748579e-05, 4.2110477807e-05, 2.90723946819e-05, 2.81306274701e-05, 3.13021155307e-05, 4.07942243328e-05, 3.69108529412e-05, 5.89776682318e-05, 3.87975851481e-05, 2.8753947845e-05, 1.93024807231e-05, 1.93111500266e-05, 3.21531806549e-05, 3.4152821172e-05, 1.23032850752e-05, 5.14121529704e-06, 5.11449479745e-06, 4.8072329264e-06, 4.97649216413e-06, 5.4678921515e-06, 4.51908726973e-06, 4.67072140964e-06, 3.86558076571e-06, 2.93421044262e-06, 2.39343171415e-06, 2.38229313254e-06, 2.08528922485e-06], "max": [0.0273897144943, 0.0354560688138, 0.0154059361666, 0.0136773353443, 0.00465304963291, 0.00520474137738, 0.0054902038537, 0.00486828386784, 0.00591419544071, 0.00233044452034, 0.00272443145514, 0.00198426446877, 0.00300047267228, 0.00420265458524, 0.00144687574357, 0.00127129210159, 0.000918031146284, 0.00112115975935, 0.000765930046327, 0.000785651849583, 0.00160270556808, 0.000734719273169, 0.000806565920357, 0.00100485770963, 0.00106467551086, 0.00122161663603, 0.0012666474795, 0.000366484746337, 0.000151968910359, 0.000258992222371, 0.000207150616916, 0.000282527005766, 0.000292779412121, 0.000183072421351, 0.000300801038975, 0.000238801920204, 0.000213969688048, 0.000226782925893, 0.000171892170329, 0.000142881224747], "dmean2": [0.00148159230594, 0.00185168674216, 0.000927792920265, 0.000626340450253, 0.000227193158935, 0.000125620805193, 0.000123126592371, 0.000194651365746, 0.000122924204334, 6.27828922006e-05, 5.28093405592e-05, 4.98943045386e-05, 6.10484858043e-05, 4.91504506499e-05, 3.6570480006e-05, 2.51470537478e-05, 2.41286415985e-05, 2.98271497741e-05, 3.72376161977e-05, 2.94615438179e-05, 4.75222259411e-05, 3.16711993946e-05, 2.39082346525e-05, 1.64293815033e-05, 1.58808652486e-05, 2.54244005191e-05, 2.74948633887e-05, 1.07967125587e-05, 5.49139622308e-06, 5.76905767957e-06, 5.75291369387e-06, 5.95166739004e-06, 5.39837765245e-06, 4.42266264145e-06, 4.23566689278e-06, 3.22249229612e-06, 2.47006641985e-06, 2.14173246604e-06, 2.05536525755e-06, 1.84813507076e-06], "median": [0.000878939870745, 0.0017255237326, 0.000432553322753, 0.000204645155463, 0.000123351026559, 7.44093122194e-05, 5.81454114581e-05, 8.38002888486e-05, 5.49095966562e-05, 3.1722294807e-05, 2.60405922745e-05, 3.57991957571e-05, 3.95505303459e-05, 2.13083767449e-05, 2.36696341744e-05, 1.4868004655e-05, 1.56038477144e-05, 1.82718958968e-05, 2.14673291339e-05, 1.97520203074e-05, 2.68577259703e-05, 1.9535789761e-05, 1.45314816109e-05, 1.09316188173e-05, 1.27917628561e-05, 1.50221703734e-05, 1.22705905596e-05, 7.08898369339e-06, 2.98245481645e-06, 2.8797194318e-06, 2.5165002171e-06, 2.12147801903e-06, 1.87315527e-06, 1.36787764404e-06, 1.15611703677e-06, 8.51042671002e-07, 8.13112421838e-07, 5.74786724883e-07, 5.71515272441e-07, 4.89429851314e-07], "dvar": [3.82760208595e-06, 5.69401390749e-06, 1.63700519806e-06, 1.12957195597e-06, 7.27555473645e-08, 3.24904263493e-08, 4.25628385869e-08, 7.28147853124e-08, 4.74668659933e-08, 1.08914566255e-08, 9.34460686608e-09, 3.84211462645e-09, 6.97309232578e-09, 1.1352245366e-08, 2.45576647906e-09, 1.151696