{"tonal": {"thpcp": [1, 0.673694133759, 0.454282820225, 0.497273266315, 0.488783448935, 0.598453879356, 0.684961974621, 0.489569842815, 0.384517610073, 0.453647375107, 0.379258006811, 0.489869445562, 0.65200728178, 0.441266804934, 0.344702214003, 0.435825318098, 0.359745264053, 0.359089940786, 0.422150999308, 0.327686309814, 0.524922192097, 0.877964437008, 0.629334628582, 0.361488521099, 0.405349910259, 0.283566474915, 0.265047818422, 0.331968516111, 0.253899753094, 0.254733800888, 0.293942928314, 0.215904399753, 0.265076875687, 0.378318786621, 0.392239540815, 0.729901134968], "hpcp": {"dmean2": [0.221924424171, 0.238259792328, 0.234739676118, 0.236953601241, 0.242620497942, 0.246876016259, 0.249829724431, 0.215673744678, 0.182262733579, 0.17944958806, 0.171023875475, 0.179603099823, 0.184818074107, 0.165988534689, 0.142143130302, 0.14335398376, 0.147588983178, 0.14241668582, 0.140363559127, 0.140612527728, 0.153207078576, 0.174715772271, 0.177368909121, 0.146295771003, 0.138998761773, 0.11838812381, 0.114663772285, 0.112691134214, 0.10240393132, 0.101475857198, 0.0995422899723, 0.0937550291419, 0.114260345697, 0.122151307762, 0.151788815856, 0.213237538934], "median": [0.0386831834912, 0.0349797084928, 0.0165375005454, 0.0158646181226, 0.016468917951, 0.0209948290139, 0.0230176728219, 0.0144984694198, 0.00718262931332, 0.00537800556049, 0.00746786687523, 0.0163798555732, 0.0174724962562, 0.0119132464752, 0.0070970216766, 0.00749610411003, 0.00780699076131, 0.00644852779806, 0.00491283647716, 0.00666384305805, 0.0196725279093, 0.0258022192866, 0.0224263742566, 0.00971554033458, 0.00521192606539, 0.00525217503309, 0.00703883636743, 0.00690918369219, 0.00651071034372, 0.00520679308102, 0.00502651603892, 0.00483497185633, 0.00632672058418, 0.00741786696017, 0.0120186461136, 0.0248971451074], "min": [0, 0, 0, 0, 0, 0, 0, 0, 0, 0, 0, 0, 0, 0, 0, 0, 0, 0, 0, 0, 0, 0, 0, 0, 0, 0, 0, 0, 0, 0, 0, 0, 0, 0, 0, 0], "dvar2": [0.110878691077, 0.118855208158, 0.128403410316, 0.134996786714, 0.143118083477, 0.135899662971, 0.144376978278, 0.120586305857, 0.106669872999, 0.113764062524, 0.0998713374138, 0.100072130561, 0.0967183634639, 0.092767842114, 0.0872728899121, 0.0844920501113, 0.088437654078, 0.0856970325112, 0.0893322601914, 0.0827701687813, 0.0762274265289, 0.0883889049292, 0.0948988199234, 0.0831323638558, 0.0932148247957, 0.0747719705105, 0.0733204931021, 0.0648800358176, 0.0616420358419, 0.0604466982186, 0.0567136034369, 0.0508154630661, 0.0702084228396, 0.0707106888294, 0.0804009288549, 0.111630566418], "dvar": [0.0483560785651, 0.0447454378009, 0.0475322604179, 0.0486102104187, 0.0521150156856, 0.0507250800729, 0.0561629347503, 0.0458521842957, 0.0396046228707, 0.0439128801227, 0.0375348813832, 0.0388324670494, 0.0414592213929, 0.0347254388034, 0.0317914187908, 0.0337932221591, 0.0332489311695, 0.0326294898987, 0.0351071581244, 0.0309771336615, 0.0293670855463, 0.0403439588845, 0.0374957956374, 0.0305542331189, 0.0354353375733, 0.0268749129027, 0.0260354280472, 0.0262632165104, 0.0236675720662, 0.0227681715041, 0.0225959457457, 0.0195368975401, 0.0267254970968, 0.028461555019, 0.031377337873, 0.0430542826653], "dmean": [0.129555419087, 0.138690724969, 0.130819648504, 0.132509082556, 0.134898245335, 0.140212848783, 0.14265397191, 0.122397914529, 0.101922079921, 0.101572528481, 0.0968135148287, 0.104117758572, 0.109479926527, 0.0952733308077, 0.0810300186276, 0.0834921374917, 0.0837427377701, 0.0804042294621, 0.0804879292846, 0.0794959887862, 0.0913610085845, 0.10748244822, 0.105000182986, 0.0826106369495, 0.0788965597749, 0.0674654915929, 0.065289825201, 0.0657678246498, 0.0591415017843, 0.0573151186109, 0.0576401315629, 0.0534617677331, 0.0650832504034, 0.0726299062371, 0.0882176756859, 0.122945085168], "max": [1, 1, 1, 1, 1, 1, 1, 1, 1, 1, 1, 1, 1, 1, 1, 1, 1, 1, 1, 1, 1, 1, 1, 1, 1, 1, 1, 1, 1, 1, 1, 1, 1, 1, 1, 1], "var": [0.12504388392, 0.0621692351997, 0.0441466420889, 0.0510315150023, 0.0517208091915, 0.0619182698429, 0.0831151977181, 0.0491409189999, 0.0399841964245, 0.0567852258682, 0.0391477458179, 0.0495012141764, 0.0811074450612, 0.0435739979148, 0.0363233052194, 0.0550708808005, 0.0384953357279, 0.0404542759061, 0.0583430640399, 0.0345224142075, 0.0470505878329, 0.113955184817, 0.0629456117749, 0.0359736606479, 0.0546585358679, 0.0291628856212, 0.025293495506, 0.0376808457077, 0.0259513501078, 0.0267486143857, 0.0349190868437, 0.0203604623675, 0.0261699147522, 0.0444841347635, 0.0401493869722, 0.0784962326288], "mean": [0.242710798979, 0.163512840867, 0.110259346664, 0.120693594217, 0.118633024395, 0.145251214504, 0.166247665882, 0.118823885918, 0.0933265760541, 0.110105119646, 0.0920500159264, 0.118896603584, 0.158249214292, 0.107100218534, 0.0836629495025, 0.105779513717, 0.0873140618205, 0.0871550068259, 0.102460607886, 0.0795330032706, 0.127404287457, 0.213091447949, 0.15274630487, 0.0877371653914, 0.0983828008175, 0.0688246488571, 0.0643299669027, 0.0805723443627, 0.0616242103279, 0.0618266426027, 0.0713431239128, 0.0524023286998, 0.0643370226026, 0.0918220579624, 0.0952007696033, 0.177154883742]}, "tuning_equal_tempered_deviation": 0.0121651701629, "chords_changes_rate": 0.077017493546, "key_key": "A", "tuning_diatonic_strength": 0.415957927704, "key_scale": "major", "chords_number_rate": 0.00583000900224, "tuning_frequency": 441.272583008, "tuning_nontempered_energy_ratio": 0.690008580685, "chords_histogram": [23.8723526001, 5.21632385254, 6.47437858582, 2.57747769356, 0.797790706158, 3.16047859192, 1.1046333313, 6.29027318954, 1.779687047, 1.71831846237, 4.54127025604, 3.06842589378, 0.613685190678, 0.214789807796, 3.28321576118, 8.28474998474, 0.583000898361, 8.10064411163, 5.70727205276, 1.07394909859, 0, 1.19668614864, 2.02516102791, 8.31543445587], "key_strength": 0.713523924351, "chords_key": "A", "chords_strength": {"dmean2": 0.0121245346963, "median": 0.506007373333, "min": -1, "dvar2": 0.00123640359379, "dvar": 0.000684465048835, "dmean": 0.0130141256377, "max": 0.757558107376, "var": 0.0183133855462, "mean": 0.495350718498}, "chords_scale": "major", "hpcp_entropy": {"dmean2": 0.975288510323, "median": 1.43964004517, "min": 0, "dvar2": 0.744268476963, "dvar": 0.289938807487, "dmean": 0.575717568398, "max": 4.27341365814, "var": 0.631166875362, "mean": 1.40379989147}}, "metadata": {"audio_properties": {"equal_loudness": 0, "codec": "mp3", "downmix": "mix", "sample_rate": 44100, "analysis_sample_rate": 44100, "bit_rate": 98431, "md5_encoded": "bc696d40ed121d0a30c0be51e6835a1f", "length": 151.301223755, "replay_gain": -5.94916725159, "lossless": false}, "version": {"essentia_build_sha": "2d9f1f26377add8aeb1075a9c2973f962c4f09fd", "essentia": "2.1-beta2", "extractor": "music 1.0", "essentia_git_sha": "v2.1_beta2-1-ge3940c0"}, "tags": {"title": ["Big Stuff"], "language": ["eng"], "media": ["CD"], "albumartist": ["Billie Holiday"], "initialkey": ["Fm"], "musicbrainz_recordingid": ["15a38f32-1f18-490b-badb-e57285223e94"], "musicbrainz_albumartistid": ["d59c4cda-11d9-48db-8bfe-b557ee602aed"], "discnumber": ["1/1"], "bpm": ["115.09"], "catalognumber": ["GRD 16532"], "musicbrainz album release country": ["XE"], "musicbrainz album type": ["compilation"], "musicbrainz album status": ["Official"], "file_name": "Greatest Hits - 13 - Billie Holiday - Big Stuff.mp3", "originaldate": ["1995"], "acoustid_fingerprint": ["AQADtJEoZcoOqSs-uCoYUkd_OKuMEmzRqC3aKMd19B6gffiTAI90XHnxD_AL6HkENpEuonps-NB13PjhJ_hzVIeWb0KkS8FzBf1Rhsd5YAt_XF6DB8m3IyzRvB7YD1cs-DgPXhHCRFYCbR-iGy3xHI_hoT_6wsd5dAmXB9eR54FGIkx-vHlQ-Zjy48d-vNWRjHkSIb2Kt4O7E1PS7Pj8I9YteFkO6Syi50ElUTmcvbiPvQyynBZ2JYee5Anyww-HWyScrA_y3NCl4QoVhOEyCiXxYzyYiMqF5xwsZkaWQxX1HLES5UDtB1azHBV1_Jh-NI90lEyOaI-KZD8uMcVfKWjED9WPKxGF3TjuS7gOd0s-_CLCJ4ugJb-QJj7yt9CJ74j04Dv-4DuRPkj2FKyS7MMlCz-uHU1y3ah6JD9C5vAlEcwvfBfS0IQaNseDtLQi9EmM5gSTHW33YH6c4FEXNMmoJKic4cf14FfwGw88CY_4DFeL6ZiS60hincgT8Ulwm2BkBmgiJhZWvcmRB-qNKVeoIrwUH4-84UuSF9nyOBxEcgv2I4e3Gs-EUsrQPHi4FU8ZVEyWVEfT4xnOPXgPK9qxp7ieIHkuxLaCVxGm0EFlWcGrBGeP9TjyQrPR6MqRH_-Csh8yMTbOHjqYRw3yC9XFg4nMCnmFf9CZHVOYBJcLPzz0P8j3wdPFwc0SNJeGB_-RJ4-F5PJFVEzQHCeeKPgf41GeIOTEIiFu9DjOHldu9HhG4vPx-NiVo64c9InAZIn04idOIT8S5lHwXNjzCLV4NI8yIp-hyoecXBImcXMSZGqMPtNxH6fxHjsuXUIuP0hKZZuMV1mHJkfP4FGP78jzFckX7ErwjAFz9IyMc8ePPPCrQM-RByEpeTiNUimuoRcaLovxhDc0-0gjJSna48H_4ymSdA-iH5fgpalxKhweTarAN8GPKTnK6SS-ZMGZHg_8NkiKNFlwS8eTJBwuSwnKPMePm3gkGvN9NMhZ0M1xPzh-HM2UHGH74zqRZ4sPnVkQWiaaJkkeXMEaK3i2HGeSI8n6UIifJzheHJMVJMt7xH-w42CZ4VGOHgmfDVnyKMdJ5LnQJIGmr0E9HuIR_tg_VNyHJ_fgH_1xo0EvofcGH4-CUR8SJk9D5MUfPDs-RUzwH8-yHY6FzpBu4wnT4DiuMwXPHMlEZUPaHP3BZ8Zz_MbmHA9-BYmt-IgffDjtGA-PH3gaTN7MoXkO8MgeJI-EO5twKdHxKEd_OJdxgrGD_IZ-B7eUEPlxJUEbyQT14880PGL0YEedF0-EPkdzHLliJE8fojkqJ5HxUlIxJ7hy_GCSp0mKPrugXziezMZVIxnLIsxz_Pjx5MGvQzvhnA-YOqRxKfjRH81-HG8nBR-P5Ed-4Sf-Hx_-4EaTn0FpB3mmBMkDI8_S4B50xB-qJDy8o3-K00rwHMTbo0l0hajkTUEOfUT65GiWodJxOfiFJk4kOKLwPGgeHT9ih0ey7EWZ5cEf_Mbh4wWo4-FxfHgOR5Uj5Dl0HSGa40PPB34HP0WQLFEiPMOPg3nRP7g-nMcdoblQMviRXDmqMNyR5otQXwFzYcp-XBne3PjRzEoOR5kSHn34oEfTHDEtIqGSMcYo5jiYNENvnHjWJMGf4pLh5cGdGXkyJHyPn9jXRUUz0kPLRcGJE36Q54YqjWika4Sm3LhyQR-iL0b4C090KNJ_PKco1Aly7Th8E-EhvjIulUEzhUkRasyCMfnhZ-DFHMeeBrUoeE1qVJYmfI-OM00VvEcS6dWDMPoScEzS4mKK6TiqVEIshYaejMgv1Bdsx7hkoVKLt4gP7SlSfmh4omimH7q8oL7QPMGzHj9-fMlMXMqF70HzHv2R_EH0g9-DHzzNGCej48eHJwru44ev5LiFn0T-Idlp-JTx9cWZYzpOHe_xhOTwhUjHDMkZ_MN7BemSnMH5Q02PPId3vHhy4VKOkkyF5gri-FCPyYObHSIrI7wo4vnBOUct2G2EPh3i9YNSakFMP2j4oORx9DuaOjWOy5h0NHtA50PHI1MWJRqSXUfZyGh-_MezFlfywGal4MRDYs4ebOORJyWRJw4e58KfG09OvA-SKwgf-NTRxyV-KcLHOCpGeTv6Hs2YQ9-HHi885nhu9BXOw4nz45HwYz-eL0J-CbpmREqoLOiYY3yOH1_TBM-J_0ieE-nBZ8cTFi4mNkazRNuRPMmLSMq85fhR-Qz67GiO50EzKUeVHgevJEeyZ0eYisf5pGjOrcOZ48MnYs8oWJge47pwJXki4cH0K0WT63ge9NnxSKhDHAmP3CmuBzUuPYMXPsaPeked0LiLrhlxIjmPMF3gE2W4mJglHSeaKuiRK0Gi9dLxJ8GbKOijo3lyfMcV4QdLikGfwDtehXvQRMo44acw5UT4H8lxJc7wEE2l5sMkMWTw5MVD4c2RTM2loPmNB-ehNT6yxNHRVEN_tEuUwL3A_EmO_EfYGBdD-A9-y2iXOrh0PEd-JHR6XPpBqsd_7Epw6cGss3iCV0SOROpz_Lh6RNPxI42zlMOPH0079NIyvLhyCYn3I9QLv9iZoxf-6OB2yHsimOTx4ceFpjr6BzlJRUie4DceJcOv4ke1Bc3t4OxwtEejPBo-B81zJAo7H7HyBPiMk7hMoVmiHFXC6LiFLMyRcA_64D8YJs4x5fiNJnlwZfoQZoG-IyfeMXhyPK5xhdgYbrirgF9wp5ICKzyy_9AVRK8PT2oB4AgyBkhlABAGEGYAIoIQgoSBlhBhkGBEIUMAAAQIBYDTTABlDKACMcEEAE4wRAQxAlmhDAEGMQAEAIIwoQAixggBgPICAGAYhYhLwYAUgAhgsDEOMIEEIwAYAyGVRBhCiFAGEGOUYoY4ZIwACiAqHACCAAEBMQwAR6AUACGjCFIWOAIQAdIBgICQQghhACCCOYUIA4gSYIQlRCFgHGHWMiAYAAoQgYlCwkAgACGAAQGIEYABgAAAgkhGCDAEaVMAYBgQQIwwgBDjlEKACWSEYkQYgJmgJAgChBROGEMMEFALQ5jxAAHhkAFAAAIMANQRRhByzDBAGSAKIcYYIIIRIQQgglmEmCAACQEEKA5IAAhrYBFAHClMAwEwQoRBwwAAwABGCBPEEkAQocQgQghBAAkyEANWCEcwUY4BIaQiBGGDAECcICIIVlAIQCAAChDjgAFABcKYEIcQIggR0AiBKFIIAQQVY4IJIgAgUClEiBEIQCA0EgAAQoHBAAioKEKSCcMoIMwoBJCDQhAICCRIImaIM4uQxpgFQACElBMAIAG81YARaxgBhhBCnLBEISAQMkgALQiSpBGhGJBGAEuIpwYZwIBIwlABBAFEEIs0QwICgMATwACCACBIMuAEQkIoRwAwBjHALACDIACQIAAIBwEBEgDkECEAUUGAAMIwgYgxAhHJAAAIKiIIAMgpAq1BRBFADAJAKMMAxKIAhcB0CCEgiTEEEcgARg4YYAQxRGAFhABKGAEkUYpRAhxggkDHBCBGKGiEgJQYQARBwDKEiBFAGCEEJZYIQAwBxBDgEBDCEAUUE0AJQIQzkBxFGEJESgCMA0J5QwBSAiEgBSCGKSUAApQABCICglDBhAKMGCCEMsAAJRAggghimFGGEGEAE0AYoqxgBnCDgKWCWUgEAcIgpYySRAGsGFHACiIEhIgB4QByrAinAGHWMQsAEIIIAAQwBhlgRWOAKEKBBEhgQgA"], "date": ["1995"], "genre": ["Jazz"], "album": ["Greatest Hits"], "musicbrainz_artistid": ["d59c4cda-11d9-48db-8bfe-b557ee602aed"], "asin": ["B000003N4D"], "musicbrainz_albumid": ["9056b24c-0265-48c1-a29f-e33b65f69ba9"], "artist": ["Billie Holiday"], "artistsort": ["Holiday, Billie"], "tracknumber": ["13/19"], "label": ["GRP"], "albumartistsort": ["Holiday, Billie"], "acoustid_id": ["a0b21127-d13f-4133-ab59-39d5be67c464"], "script": ["Latn"], "musicbrainz_releasegroupid": ["ffb2e92d-203e-30fc-9662-9d578b2d2080"]}}, "rhythm": {"bpm_histogram_first_peak_bpm": {"dmean2": 0, "median": 81, "min": 81, "dvar2": 0, "dvar": 0, "dmean": 0, "max": 81, "var": 0, "mean": 81}, "bpm": 79.4738540649, "bpm_histogram_second_peak_spread": {"dmean2": 0, "median": 0.419354856014, "min": 0.419354856014, "dvar2": 0, "dvar": 0, "dmean": 0, "max": 0.419354856014, "var": 0, "mean": 0.419354856014}, "bpm_histogram_first_peak_weight": {"dmean2": 0, "median": 0.29411765933, "min": 0.29411765933, "dvar2": 0, "dvar": 0, "dmean": 0, "max": 0.29411765933, "var": 0, "mean": 0.29411765933}, "onset_rate": 2.96736240387, "beats_position": [0.789478421211, 1.59056687355, 2.36843538284, 3.13469386101, 3.90095233917, 4.65560102463, 5.42185926437, 6.19972801208, 6.98920631409, 7.77868461609, 8.56816291809, 9.34603118896, 10.1239004135, 10.9017686844, 11.6796369553, 12.4575052261, 13.235373497, 14.0016326904, 14.7795009613, 15.5689792633, 16.3584575653, 17.1363258362, 17.9025840759, 18.6804523468, 19.4815406799, 20.2826309204, 21.0953292847, 21.9080276489, 22.7207260132, 23.5450344086, 24.3809528351, 25.2052612305, 26.0411777496, 26.8887062073, 27.7362346649, 28.5721530914, 29.4196815491, 30.2788200378, 31.1379585266, 31.9042167664, 32.6704750061, 33.4367332458, 34.1797714233, 34.9228096008, 35.6658477783, 36.397277832, 37.1287078857, 37.848526001, 38.5683441162, 39.334602356, 40.1124725342, 40.8903388977, 41.6565971375, 42.3996353149, 43.1426734924, 43.8741035461, 44.6055335999, 45.3485717773, 46.0916099548, 46.8346481323, 47.5776863098, 48.3207244873, 49.0637626648, 49.8068008423, 50.5498390198, 51.2928771973, 52.0707473755, 52.8486175537, 53.6264839172, 54.4043540955, 55.1938323975, 55.971698761, 56.7495689392, 57.5274353027, 58.2704734802, 59.0251235962, 59.7681617737, 60.4995918274, 61.2426300049, 61.9740562439, 62.7170982361, 63.4601364136, 64.2147827148, 64.9694290161, 65.7124710083, 66.4555053711, 67.2217712402, 67.98802948, 68.7542877197, 69.5205459595, 70.2403640747, 70.971786499, 71.7264404297, 72.4694747925, 73.2125167847, 73.9555511475, 74.6869812012, 75.4300231934, 76.1846694946, 76.9277114868, 77.6823577881, 78.4370040894, 79.1916503906, 79.9463043213, 80.6893386841, 81.4323806763, 82.1870269775, 82.9416732788, 83.684715271, 84.4277572632, 85.170791626, 85.9254379272, 86.6684799194, 87.4231262207, 88.1893844604, 88.9440383911, 89.6870727539, 90.4301147461, 91.1615371704, 91.9045791626, 92.6476211548, 93.3906555176, 94.1453018188, 94.888343811, 95.6429901123, 96.3976364136, 97.1522903442, 97.9069366455, 98.6499786377, 99.3930130005, 100.147659302, 100.913917542, 101.610519409, 102.295509338, 102.934059143, 103.560997009, 104.199546814, 104.849700928, 105.499862671, 105.999092102, 106.486709595, 106.974327087, 107.438728333, 107.903129578, 108.379135132, 108.785484314, 109.191833496, 109.58657074, 109.992919922, 110.387664795, 110.794013977, 111.188751221, 111.583488464, 111.978225708, 112.372970581, 112.756095886, 113.266937256, 113.777778625, 114.288612366, 114.799453735, 115.321899414, 115.844352722, 116.355194092, 116.866027832, 117.38848114, 117.887710571, 118.386940002, 118.897773743, 119.397003174, 119.907844543, 120.418685913, 120.929519653, 121.440361023, 121.881538391, 122.322715759, 122.74067688, 123.158638, 123.599815369, 124.017776489, 124.43573761, 124.853691101, 125.271652222, 125.689613342, 126.107574463, 126.525527954, 126.943489075, 127.361450195, 127.791015625, 128.197372437, 128.615325928, 129.010070801, 129.404800415, 129.799545288, 130.205886841, 130.612243652, 131.053421021, 131.494598389, 131.924163818, 132.318908691, 132.702041626, 133.09677124, 133.479904175, 133.886260986, 134.292602539, 134.698959351, 135.116912842, 135.523269653, 135.917999268, 136.312744141, 136.707473755, 137.090606689, 137.473739624, 137.856872559, 138.239990234, 138.599899292, 138.959823608, 139.319732666, 139.807342529, 140.294967651, 140.794189453, 141.293426514, 141.804260254, 142.315093994, 142.825942993, 143.36000061, 143.870834351, 144.370071411, 144.880905151, 145.40335083, 145.890975952, 146.401809692, 146.912643433, 147.400268555, 147.887893677, 148.37550354, 148.863128662, 149.350738525, 149.849975586, 150.349197388], "beats_loudness": {"dmean2": 0.0324433147907, "median": 0.00669914809987, "min": 0, "dvar2": 0.00187989231199, "dvar": 0.000742997217458, "dmean": 0.0183541551232, "max": 0.150491788983, "var": 0.000711716187652, "mean": 0.0173430740833}, "danceability": 1.01475536823, "bpm_histogram_second_peak_weight": {"dmean2": 0, "median": 0.0756302550435, "min": 0.0756302550435, "dvar2": 0, "dvar": 0, "dmean": 0, "max": 0.0756302550435, "var": 0, "mean": 0.0756302550435}, "beats_count": 239, "bpm_histogram_second_peak_bpm": {"dmean2": 0, "median": 117, "min": 117, "dvar2": 0, "dvar": 0, "dmean": 0, "max": 117, "var": 0, "mean": 117}, "bpm_histogram_first_peak_spread": {"dmean2": 0, "median": 0.35779812932, "min": 0.35779812932, "dvar2": 0, "dvar": 0, "dmean": 0, "max": 0.35779812932, "var": 0, "mean": 0.35779812932}, "beats_loudness_band_ratio": {"dmean2": [0.336541175842, 0.381236970425, 0.431449562311, 0.414295911789, 0.0594177395105, 0.124385267496], "median": [0.107349447906, 0.12196816504, 0.234190374613, 0.0634859204292, 0.0123921288177, 0.00701314816251], "min": [0, 0, 0, 0, 0, 0], "dvar2": [0.0935698747635, 0.114305779338, 0.137748405337, 0.188225880265, 0.00808632466942, 0.0700420886278], "dvar": [0.0400329306722, 0.0414654836059, 0.0494345426559, 0.0723222792149, 0.00289534102194, 0.0257964991033], "dmean": [0.190630868077, 0.212778449059, 0.247145757079, 0.231862574816, 0.0340161658823, 0.0648443326354], "max": [0.993563473225, 0.906912922859, 0.913793683052, 0.980077385902, 0.389731198549, 0.877499163151], "var": [0.0552834309638, 0.0531127080321, 0.0628210008144, 0.0863846242428, 0.00259461440146, 0.0160169471055], "mean": [0.202220648527, 0.219348818064, 0.305380582809, 0.224782705307, 0.0321194343269, 0.0423796102405]}}, "lowlevel": {"barkbands_spread": {"dmean2": 4.32834482193, "median": 7.13440036774, "min": 0.484649270773, "dvar2": 64.1924133301, "dvar": 31.6160793304, "dmean": 2.88620090485, "max": 115.073127747, "var": 153.488235474, "mean": 10.3462781906}, "melbands_spread": {"dmean2": 6.18755865097, "median": 9.58733272552, "min": 0.3800329566, "dvar2": 214.147979736, "dvar": 122.61340332, "dmean": 4.24161672592, "max": 241.287979126, "var": 618.498168945, "mean": 15.4788303375}, "hfc": {"dmean2": 2.97027111053, "median": 1.78738927841, "min": 1.05728511978e-16, "dvar2": 65.8975906372, "dvar": 46.9764060974, "dmean": 2.52260184288, "max": 198.61151123, "var": 460.628509521, "mean": 10.0105791092}, "barkbands_kurtosis": {"dmean2": 7.00767278671, "median": 4.82115840912, "min": -1.94708311558, "dvar2": 269.544921875, "dvar": 115.599716187, "dmean": 4.58201217651, "max": 483.148620605, "var": 304.187042236, "mean": 9.14555644989}, "gfcc": {"mean": [-161.924713135, 127.542304993, -109.942657471, 12.1972579956, -63.2086639404, -8.67894363403, -13.9948005676, 7.5656785965, -14.3351478577, -2.85694336891, -3.99730086327, 4.94763565063, -9.47751522064], "icov": [[0.000363992177881, -0.000902223226149, 0.000717932416592, -0.000642847386189, 0.00073884637095, -0.000466906523798, 7.83827345003e-05, -7.68350437284e-05, -8.63867244334e-05, -5.10089666932e-05, -6.33191120869e-06, 6.84037513565e-05, -8.02570284577e-05], [-0.000902223226149, 0.00401999941096, -0.00158872373868, 0.00260714604519, -0.0016267899191, 0.00215262034908, 7.11624525138e-05, 0.000409363128711, 0.00144432706293, -0.000176031477167, 0.00156067835633, -0.00103030411992, 0.00163625134155], [0.000717932416592, -0.00158872373868, 0.00229157949798, -0.00148617255036, 0.00139459036291, -0.000738298345823, 0.000194627049495, -0.000207622768357, 0.000652913178783, -0.00167241226882, 0.00150401820429, -0.000613726791926, 0.0007431191043], [-0.000642847386189, 0.00260714604519, -0.00148617255036, 0.00359739363194, -0.000454029941466, 0.00154831190594, 0.000570866570342, 0.00102559407242, -0.00017656617274, 0.00100083986763, 0.00122636882588, -0.000248080585152, 0.00131570373196], [0.00073884637095, -0.0016267899191, 0.00139459036291, -0.000454029941466, 0.00427726563066, -0.00118888868019, 0.000848237075843, -0.000560275628231, 0.000136960399686, 0.000269901298452, 0.000947920430917, -0.000488356687129, 0.000536606181413], [-0.000466906523798, 0.00215262034908, -0.000738298345823, 0.00154831190594, -0.00118888868019, 0.00637828698382, -0.00427597295493, 0.00373281142674, -0.000768217723817, -0.000727181322873, 0.00257132737897, -0.00188834767323, 0.00157214526553], [7.83827345003e-05, 7.11624525138e-05, 0.000194627049495, 0.000570866570342, 0.000848237075843, -0.00427597295493, 0.00862718373537, -0.00376187753864, 0.00228009093553, 0.00032045939588, -0.00267844065093, 0.00399515451863, -0.00233813840896], [-7.68350437284e-05, 0.000409363128711, -0.000207622768357, 0.00102559407242, -0.000560275628231, 0.00373281142674, -0.00376187753864, 0.00889499112964, -0.00339995487593, 0.00127411552239, 0.00178204139229, -0.00291507015936, 0.00267360289581], [-8.63867244334e-05, 0.00144432706293, 0.000652913178783, -0.00017656617274, 0.000136960399686, -0.000768217723817, 0.00228009093553, -0.00339995487593, 0.0101343076676, -0.00467862887308, 0.00239530857652, 0.000521295354702, -0.000532816979103], [-5.10089666932e-05, -0.000176031477167, -0.00167241226882, 0.00100083986763, 0.000269901298452, -0.000727181322873, 0.00032045939588, 0.00127411552239, -0.00467862887308, 0.0101163322106, -0.00340630370192, 0.00100284058135, -0.00050262757577], [-6.33191120869e-06, 0.00156067835633, 0.00150401820429, 0.00122636882588, 0.000947920430917, 0.00257132737897, -0.00267844065093, 0.00178204139229, 0.00239530857652, -0.00340630370192, 0.0140262879431, -0.00864056125283, 0.00557999731973], [6.84037513565e-05, -0.00103030411992, -0.000613726791926, -0.000248080585152, -0.000488356687129, -0.00188834767323, 0.00399515451863, -0.00291507015936, 0.000521295354702, 0.00100284058135, -0.00864056125283, 0.0174651369452, -0.00881803408265], [-8.02570284577e-05, 0.00163625134155, 0.0007431191043, 0.00131570373196, 0.000536606181413, 0.00157214526553, -0.00233813840896, 0.00267360289581, -0.000532816979103, -0.00050262757577, 0.00557999731973, -0.00881803408265, 0.0133193191141]], "cov": [[16571.5019531, 1735.13916016, -3862.22436523, 74.3006591797, -1009.84759521, -113.290718079, 76.0090255737, -75.0505752563, -179.019546509, -512.216918945, 221.373657227, 8.99293041229, 64.0244522095], [1735.13916016, 1074.61499023, -119.979148865, -371.312103271, 90.5433731079, -228.516311646, -87.7848815918, 51.6816864014, -146.654907227, -54.2794342041, -7.64127111435, 21.4126338959, -71.1830215454], [-3862.22436523, -119.979148865, 2110.21850586, 372.654541016, 24.8741874695, -47.0578994751, -161.40826416, -33.0710830688, 32.6061820984, 242.519226074, -202.984512329, -65.4833755493, -128.081207275], [74.3006591797, -371.312103271, 372.654541016, 818.450744629, -170.436462402, -71.6552658081, -139.831436157, -66.2253112793, 68.7820968628, -10.4575242996, -97.5448760986, -64.5123214722, -50.9933929443], [-1009.84759521, 90.5433731079, 24.8741874695, -170.436462402, 434.657806396, -0.583016037941, -20.1384315491, 34.1919670105, -19.654499054, -16.6469860077, -22.8389034271, 14.3731994629, -11.9315738678], [-113.290718079, -228.516311646, -47.0578994751, -71.6552658081, -0.583016037941, 408.897644043, 180.426589966, -92.1763458252, 15.2321500778, 37.0678100586, -10.6975154877, -19.625371933, 32.5255584717], [76.0090255737, -87.7848815918, -161.40826416, -139.831436157, -20.1384315491, 180.426589966, 264.024810791, 21.1994686127, -27.4690933228, -9.01622486115, 35.7731666565, -18.3230056763, 27.1112232208], [-75.0505752563, 51.6816864014, -33.0710830688, -66.2253112793, 34.1919670105, -92.1763458252, 21.1994686127, 190.05682373, 35.5390777588, -15.4818592072, 1.71736848354, 12.0998411179, -15.2119646072], [-179.019546509, -146.654907227, 32.6061820984, 68.7820968628, -19.654499054, 15.2321500778, -27.4690933228, 35.5390777588, 175.023712158, 65.8914718628, -29.0115222931, -10.9503479004, 9.75450611115], [-512.216918945, -54.2794342041, 242.519226074, -10.4575242996, -16.6469860077, 37.0678100586, -9.01622486115, -15.4818592072, 65.8914718628, 174.889633179, 8.48203372955, -0.521677792072, -5.75894784927], [221.373657227, -7.64127111435, -202.984512329, -97.5448760986, -22.8389034271, -10.6975154877, 35.7731666565, 1.71736848354, -29.0115222931, 8.48203372955, 154.467163086, 60.087600708, 5.57910299301], [8.99293041229, 21.4126338959, -65.4833755493, -64.5123214722, 14.3731994629, -19.625371933, -18.3230056763, 12.0998411179, -10.9503479004, -0.521677792072, 60.087600708, 118.199768066, 56.1650161743], [64.0244522095, -71.1830215454, -128.081207275, -50.9933929443, -11.9315738678, 32.5255584717, 27.1112232208, -15.2119646072, 9.75450611115, -5.75894784927, 5.57910299301, 56.1650161743, 135.866409302]]}, "spectral_energyband_middle_low": {"dmean2": 0.00191372167319, "median": 0.00198784074746, "min": 1.90735219907e-22, "dvar2": 2.25437652261e-05, "dvar": 1.33276880661e-05, "dmean": 0.00141231273301, "max": 0.146143510938, "var": 0.000100594807009, "mean": 0.00482934294268}, "melbands_crest": {"dmean2": 4.69429016113, "median": 14.7765512466, "min": 1.58236992359, "dvar2": 19.6168479919, "dvar": 8.13388252258, "dmean": 2.99857807159, "max": 34.1341934204, "var": 37.9679260254, "mean": 15.8920631409}, "spectral_kurtosis": {"dmean2": 6.64657402039, "median": 8.31289291382, "min": -1.32941865921, "dvar2": 52.5580444336, "dvar": 18.8732013702, "dmean": 3.95956206322, "max": 72.3285140991, "var": 62.7816390991, "mean": 10.173242569}, "spectral_rms": {"dmean2": 0.000469183636596, "median": 0.00191267125774, "min": 3.12476693826e-12, "dvar2": 3.99482161129e-07, "dvar": 2.86941798322e-07, "dmean": 0.000378500641091, "max": 0.013173468411, "var": 4.21837148679e-06, "mean": 0.0025807863567}, "zerocrossingrate": {"dmean2": 0.0064054406248, "median": 0.03125, "min": 0.0048828125, "dvar2": 0.000185513708857, "dvar": 0.000160881536431, "dmean": 0.00570043642074, "max": 0.5341796875, "var": 0.00387504021637, "mean": 0.0438675396144}, "silence_rate_60dB": {"dmean2": 0.159631624818, "median": 0, "min": 0, "dvar2": 0.149204671383, "dvar": 0.0734379440546, "dmean": 0.0798035636544, "max": 1, "var": 0.247314587235, "mean": 0.44805893302}, "erbbands_kurtosis": {"dmean2": 4.12545061111, "median": 3.63459825516, "min": -1.89219009876, "dvar2": 48.0432624817, "dvar": 23.3666553497, "dmean": 2.85359215736, "max": 107.564331055, "var": 79.6773757935, "mean": 6.16294336319}, "erbbands": {"dmean2": [0.00956412311643, 0.0674714297056, 0.240670338273, 0.410406798124, 0.363964408636, 1.25242936611, 3.26338791847, 3.47880411148, 3.88619804382, 5.6775226593, 12.0582294464, 21.8050365448, 19.1447792053, 38.4314498901, 14.580701828, 8.83576202393, 7.20404434204, 3.57252073288, 3.67845368385, 1.94062769413, 2.54254961014, 1.40476346016, 1.56454432011, 2.37765264511, 2.36815524101, 4.12130308151, 2.49397397041, 1.19754195213, 0.984580159187, 0.655408143997, 1.24637842178, 0.47609770298, 0.0645623803139, 0.00633987830952, 0.00115873175673, 0.000462494557723, 0.000166019279277, 4.78541624034e-05, 7.2288426054e-06, 4.2069796109e-06], "median": [0.00597192998976, 0.0375933349133, 0.0402728803456, 0.111222207546, 0.194129139185, 0.467379391193, 1.83849298954, 2.18892240524, 1.64874517918, 2.08398246765, 2.61098217964, 2.43961238861, 2.03805112839, 1.2659894228, 0.684265017509, 0.42078268528, 0.309391647577, 0.214575961232, 0.182982176542, 0.159303411841, 0.151907160878, 0.166908979416, 0.25966501236, 0.328364104033, 0.402276128531, 0.184061989188, 0.0930649936199, 0.0450950860977, 0.036567594856, 0.0342498756945, 0.0258181188256, 0.00810337252915, 0.00257548782974, 0.00126060750335, 0.000702871358953, 0.000451123341918, 0.000253402919043, 8.2620397734e-05, 9.23627521843e-06, 5.36106244908e-06], "min": [1.12573909541e-22, 5.89814259438e-22, 1.93885319469e-21, 7.55996712523e-21, 9.91800621223e-21, 2.12466752551e-20, 3.18211987252e-20, 8.5541971856e-20, 1.02259925346e-19, 1.76928362481e-19, 2.67361420987e-19, 4.63153882906e-19, 4.09486017023e-19, 6.74566306525e-19, 1.22745817065e-18, 1.33455831104e-18, 1.86567547273e-18, 2.51687692548e-18, 2.38129974833e-18, 2.86889707683e-18, 4.90998653821e-18, 4.71333799605e-18, 5.3829200224e-18, 6.21581893453e-18, 8.19870238453e-18, 8.12432726694e-18, 1.13262656632e-17, 1.21894005082e-17, 1.00323045494e-17, 1.28317426498e-17, 1.02049718848e-17, 1.11335739395e-17, 9.67834652066e-18, 9.04784712389e-18, 6.41726967373e-18, 4.16195635693e-18, 2.16927102346e-18, 1.01757835761e-18, 2.54756636018e-19, 2.78183812682e-20], "dvar2": [9.58111559157e-05, 0.00833854731172, 0.626424908638, 1.26526725292, 0.55509865284, 15.2030630112, 79.7257995605, 69.5199203491, 231.611450195, 615.960571289, 1664.53552246, 11859.84375, 5095.64550781, 24702.15625, 3327.95727539, 1891.76147461, 1309.6809082, 489.354797363, 663.886779785, 97.3824539185, 130.081558228, 18.979101181, 20.2700481415, 46.9977073669, 104.314804077, 711.986877441, 383.540008545, 80.9395828247, 41.3871078491, 13.5107183456, 52.6089744568, 8.9937953949, 0.272905141115, 0.00233887927607, 7.10249005351e-05, 7.87028238847e-06, 2.59948592429e-07, 6.51315001932e-09, 1.20347468102e-10, 6.88600981791e-11], "dvar": [3.67782849935e-05, 0.00375639437698, 0.395010769367, 0.502782702446, 0.258886963129, 7.26699495316, 34.3760490417, 35.1578598022, 107.719680786, 276.668060303, 954.926269531, 7954.51074219, 3285.07080078, 20686.0175781, 2672.91845703, 1612.4786377, 739.772094727, 349.77255249, 391.632293701, 69.9481658936, 76.9022674561, 12.2146244049, 13.1364898682, 29.6715679169, 53.1018104553, 409.422119141, 235.092330933, 48.1955184937, 22.604888916, 7.42896699905, 34.7769126892, 5.0868473053, 0.128592088819, 0.0013087753905, 3.60025078407e-05, 4.43979206466e-06, 1.45799475604e-07, 3.47123707556e-09, 5.22094624478e-11, 4.92674269437e-11], "dmean": [0.00565054500476, 0.0425791032612, 0.185042142868, 0.265179991722, 0.241588160396, 0.868909239769, 2.29147100449, 2.48406028748, 2.55542182922, 3.80411052704, 8.59760856628, 17.0755290985, 15.411775589, 34.9392852783, 13.2185459137, 7.64125442505, 5.70520305634, 3.00555539131, 2.86275315285, 1.49196028709, 1.95654428005, 1.10359978676, 1.22092378139, 1.86253929138, 1.75093889236, 3.02339911461, 1.94515967369, 0.935478150845, 0.738332867622, 0.475707381964, 0.919412255287, 0.342041254044, 0.0452381446958, 0.00455015338957, 0.000775955792051, 0.000306953355903, 0.000104578764876, 2.94564233627e-05, 4.68063126391e-06, 3.39932921634e-06], "max": [0.0937296226621, 1.97677111626, 24.1324882507, 15.6700382233, 12.1600780487, 83.9020690918, 168.071090698, 179.910873413, 323.748718262, 723.307250977, 1153.07922363, 4444.76416016, 3243.05273438, 5145.80810547, 1774.52819824, 2722.05200195, 1938.73913574, 1162.1496582, 925.704040527, 651.884277344, 510.950256348, 98.532623291, 136.134460449, 207.984268188, 241.383285522, 763.436096191, 857.799072266, 305.879730225, 172.131561279, 83.7051315308, 210.87588501, 71.3860168457, 16.3146820068, 1.90975427628, 0.262301534414, 0.110325329006, 0.0156393554062, 0.001816952019, 0.000157374088303, 0.000223390801693], "var": [6.47324632155e-05, 0.0112654324621, 1.63713026047, 0.839542031288, 0.988010168076, 31.08244133, 112.512748718, 149.831542969, 454.553924561, 1083.26416016, 3673.31494141, 55959.3046875, 28156.1992188, 218567.453125, 18183.8125, 13509.4052734, 4517.10302734, 1618.01599121, 1408.45727539, 362.365783691, 241.502288818, 57.366027832, 89.7724685669, 165.806106567, 172.679000854, 1945.70751953, 1399.17614746, 218.21987915, 83.2883224487, 24.5581912994, 117.110794067, 17.0623397827, 0.384608387947, 0.00368925998919, 0.000113117654109, 1.3370864508e-05, 4.38385171719e-07, 8.82904505062e-09, 2.70276023784e-10, 5.54681911513e-10], "mean": [0.00819164793938, 0.0692794695497, 0.358392655849, 0.436125516891, 0.540438652039, 2.19709324837, 5.5116610527, 6.61918926239, 6.60036754608, 9.25939178467, 19.6216049194, 47.6590995789, 47.0600242615, 117.007240295, 38.7483177185, 22.509185791, 14.6795368195, 6.89037227631, 6.76148557663, 3.60093784332, 4.17061519623, 2.62134408951, 3.35624647141, 4.78751325607, 3.90522956848, 6.84834241867, 5.07314157486, 2.22180986404, 1.51370465755, 0.919125437737, 1.64039063454, 0.623190939426, 0.0833970978856, 0.00884499680251, 0.00190925027709, 0.000856238766573, 0.000331810646458, 9.34673444135e-05, 1.60786785273e-05, 1.41670407174e-05]}, "spectral_strongpeak": {"dmean2": 0.601161241531, "median": 0.516842603683, "min": 0, "dvar2": 0.947484791279, "dvar": 0.514077484608, "dmean": 0.41264539957, "max": 16.535654068, "var": 4.37981128693, "mean": 1.41885590553}, "spectral_energy": {"dmean2": 0.00331217888743, "median": 0.00374976894818, "min": 1.00082722966e-20, "dvar2": 4.50956649729e-05, "dvar": 3.19622231473e-05, "dmean": 0.00271078827791, "max": 0.177878767252, "var": 0.000372826267267, "mean": 0.0111508313566}, "average_loudness": 0.142549827695, "spectral_rolloff": {"dmean2": 337.620727539, "median": 667.529296875, "min": 64.599609375, "dvar2": 957538.6875, "dvar": 486328.3125, "dmean": 200.58605957, "max": 19853.6132813, "var": 5787829, "mean": 1227.66223145}, "spectral_centroid": {"dmean2": 196.327316284, "median": 737.807128906, "min": 133.85319519, "dvar2": 133091.890625, "dvar": 85734.390625, "dmean": 144.834442139, "max": 11807.9472656, "var": 1468293.875, "mean": 1004.65112305}, "pitch_salience": {"dmean2": 0.0955022275448, "median": 0.53171145916, "min": 0.0707070156932, "dvar2": 0.00855255965143, "dvar": 0.00365181220695, "dmean": 0.0621262192726, "max": 0.988400876522, "var": 0.0196318477392, "mean": 0.523530840874}, "spectral_energyband_middle_high": {"dmean2": 0.00165059335995, "median": 0.000208160141483, "min": 1.17053387403e-21, "dvar2": 2.39183646045e-05, "dvar": 1.89427919395e-05, "dmean": 0.00145860668272, "max": 0.155664637685, "var": 0.000231168305618, "mean": 0.00558057101443}, "spectral_contrast_coeffs": {"dmean2": [0.0672266706824, 0.0657633915544, 0.0556862577796, 0.0422347299755, 0.0330064371228, 0.0239186938852], "median": [-0.703520298004, -0.696525990963, -0.730177283287, -0.818868339062, -0.809279382229, -0.776086866856], "min": [-0.978239417076, -0.996552169323, -0.993689477444, -0.978843092918, -0.966854572296, -0.966206371784], "dvar2": [0.00302844517864, 0.00322628277354, 0.00247638602741, 0.00143765471876, 0.000982620520517, 0.000484558840981], "dvar": [0.00126087525859, 0.00140837952495, 0.00138854538091, 0.000792075821664, 0.000588805996813, 0.00030780909583], "dmean": [0.0417851172388, 0.041697639972, 0.0374719947577, 0.0279075857252, 0.022735580802, 0.0166130904108], "max": [-0.37709876895, -0.332844078541, -0.325429052114, -0.42793032527, -0.500544846058, -0.454812914133], "var": [0.00779659254476, 0.00940729770809, 0.0166234467179, 0.00830901041627, 0.00638143252581, 0.00362284388393], "mean": [-0.697954833508, -0.689647495747, -0.699613511562, -0.788933098316, -0.791011631489, -0.772546887398]}, "melbands_skewness": {"dmean2": 0.965004205704, "median": 1.20007443428, "min": -6.06222915649, "dvar2": 1.35776901245, "dvar": 0.600202143192, "dmean": 0.649146616459, "max": 25.437538147, "var": 3.78898906708, "mean": 1.46795523167}, "spectral_spread": {"dmean2": 528326.875, "median": 3069633.5, "min": 997008.1875, "dvar2": 1184534364160.0, "dvar": 551194263552, "dmean": 348799.90625, "max": 49810632, "var": 15994682605600.0, "mean": 3666298.25}, "dissonance": {"dmean2": 0.0616587921977, "median": 0.416839718819, "min": 0.145848676562, "dvar2": 0.00331122474745, "dvar": 0.00122926267795, "dmean": 0.0370812192559, "max": 0.499903410673, "var": 0.00360924215056, "mean": 0.406758278608}, "spectral_skewness": {"dmean2": 0.64089846611, "median": 2.10255360603, "min": -0.620289027691, "dvar2": 0.361554831266, "dvar": 0.156729072332, "dmean": 0.409085124731, "max": 6.65110588074, "var": 0.996163070202, "mean": 2.15598940849}, "spectral_flux": {"dmean2": 0.0217263437808, "median": 0.0260453987867, "min": 6.28489690846e-11, "dvar2": 0.000840562861413, "dvar": 0.000362708582543, "dmean": 0.0137109961361, "max": 0.289867252111, "var": 0.00107895268593, "mean": 0.0357519760728}, "spectral_contrast_valleys": {"dmean2": [0.60487985611, 0.542930662632, 0.503499865532, 0.432266056538, 0.351544469595, 0.239178448915], "median": [-8.4367017746, -7.73436594009, -8.73526954651, -9.57745075226, -9.29279327393, -12.4264326096], "min": [-28.0103340149, -27.8736057281, -27.8724498749, -27.8133811951, -27.4871444702, -27.3866844177], "dvar2": [0.234007865191, 0.22738084197, 0.196841716766, 0.157995209098, 0.135092377663, 0.0877128466964], "dvar": [0.104114696383, 0.112965427339, 0.0981718823314, 0.0851820036769, 0.0895595252514, 0.0599167607725], "dmean": [0.369669079781, 0.343631595373, 0.321851909161, 0.284048289061, 0.254471570253, 0.168286398053], "max": [-6.48662424088, -5.50092744827, -5.87144422531, -6.67065000534, -6.64819860458, -9.16619491577], "var": [4.19159555435, 4.72839307785, 4.26388549805, 3.89621543884, 4.03927659988, 2.66392350197], "mean": [-8.65086460114, -8.00235462189, -8.95412158966, -9.77348613739, -9.51766300201, -12.4987421036]}, "erbbands_flatness_db": {"dmean2": 0.0258318651468, "median": 0.239925011992, "min": 0.0328242219985, "dvar2": 0.000734867411666, "dvar": 0.00042396801291, "dmean": 0.0190438255668, "max": 0.472763091326, "var": 0.00505420425907, "mean": 0.243839591742}, "spectral_energyband_high": {"dmean2": 0.000121152166685, "median": 6.13147904005e-06, "min": 7.09265693116e-21, "dvar2": 5.77581658945e-07, "dvar": 3.82854693726e-07, "dmean": 9.3853668659e-05, "max": 0.0288666095585, "var": 2.22401308747e-06, "mean": 0.000238100998104}, "spectral_entropy": {"dmean2": 0.261016130447, "median": 6.65215492249, "min": 4.67988967896, "dvar2": 0.0727897509933, "dvar": 0.0426262132823, "dmean": 0.191449165344, "max": 9.82657432556, "var": 0.483443915844, "mean": 6.68153524399}, "silence_rate_20dB": {"dmean2": 0, "median": 1, "min": 1, "dvar2": 0, "dvar": 0, "dmean": 0, "max": 1, "var": 0, "mean": 1}, "melbands_flatness_db": {"dmean2": 0.0310729071498, "median": 0.294609874487, "min": 0.00360583956353, "dvar2": 0.00100700580515, "dvar": 0.000534589984454, "dmean": 0.0221447944641, "max": 0.564987838268, "var": 0.00517955422401, "mean": 0.292599320412}, "barkbands": {"dmean2": [9.80205913947e-06, 0.000294864730677, 0.000270372722298, 0.00012311093451, 0.00032523777918, 0.000419348682044, 0.000282518361928, 0.000480837858049, 0.000880683888681, 0.00119488872588, 0.000350331480149, 0.00027083963505, 0.000175311521161, 7.38149683457e-05, 5.61834021937e-05, 4.80725684611e-05, 3.0064902603e-05, 4.21788499807e-05, 4.74496991956e-05, 7.53963759053e-05, 5.18258093507e-05, 2.59217977145e-05, 3.67183856724e-05, 1.13961077659e-05, 3.1740552231e-07, 8.65926992333e-08, 4.13854692738e-08], "median": [3.6307424125e-06, 0.000181529219844, 2.65537055384e-05, 3.5770888644e-05, 0.000131296372274, 0.000268000352662, 9.55848008743e-05, 8.5105697508e-05, 6.30244539934e-05, 2.54448004853e-05, 1.05831422843e-05, 7.35904086469e-06, 5.23857852386e-06, 2.94712435789e-06, 2.67918653662e-06, 2.78739548776e-06, 2.38124152929e-06, 4.67554491479e-06, 7.4863496593e-06, 3.94456174035e-06, 1.33285755055e-06, 9.94825541056e-07, 9.58494865699e-07, 2.15790734615e-07, 1.03524044448e-07, 1.3099874252e-07, 2.60855923528e-08], "min": [9.65395748465e-25, 2.89716701064e-24, 1.29209253299e-24, 2.34972258875e-24, 8.06151079656e-24, 9.75946920845e-24, 4.84763388184e-24, 7.99637770706e-24, 1.94397872691e-23, 1.4513912585e-23, 1.78200286388e-23, 2.56767345782e-23, 4.74553950349e-23, 2.234602973e-23, 5.28141176977e-23, 5.10573560162e-23, 7.28131805273e-23, 9.97268616267e-23, 1.37365131976e-22, 1.8250472485e-22, 2.58152875833e-22, 3.04012906972e-22, 3.74382404674e-22, 6.67406012231e-22, 8.77019961021e-22, 1.19894993126e-21, 1.98142694489e-21], "dvar2": [1.09753907351e-10, 1.24556066794e-07, 8.10057656508e-07, 9.38048998478e-08, 9.30059798065e-07, 8.52163282161e-07, 1.03084698821e-06, 3.29689373757e-06, 1.73351581907e-05, 2.09347526834e-05, 2.75408569905e-06, 1.98987686417e-06, 8.46198986437e-07, 2.11267419559e-07, 1.30582819224e-07, 4.07243128109e-08, 1.18924541326e-08, 1.61195163884e-08, 2.07644923478e-08, 2.33684332329e-07