{"rhythm": {"bpm": 127.019821167, "bpm_histogram_second_peak_weight": {"mean": 0.0123456791043, "min": 0.0123456791043, "max": 0.0123456791043, "dmean2": 0, "dvar": 0, "dmean": 0, "median": 0.0123456791043, "dvar2": 0, "var": 0}, "bpm_histogram_first_peak_weight": {"mean": 0.564373910427, "min": 0.564373910427, "max": 0.564373910427, "dmean2": 0, "dvar": 0, "dmean": 0, "median": 0.564373910427, "dvar2": 0, "var": 0}, "danceability": 1.24726486206, "beats_loudness": {"mean": 0.0438959263265, "min": 0, "max": 0.173313140869, "dmean2": 0.0538133718073, "dvar": 0.000639091478661, "dmean": 0.0282004196197, "median": 0.0394572988153, "dvar2": 0.00207420811057, "var": 0.000816626183223}, "onset_rate": 2.99809384346, "bpm_histogram_second_peak_spread": {"mean": 0.299999952316, "min": 0.299999952316, "max": 0.299999952316, "dmean2": 0, "dvar": 0, "dmean": 0, "median": 0.299999952316, "dvar2": 0, "var": 0}, "bpm_histogram_first_peak_spread": {"mean": 0.421338140965, "min": 0.421338140965, "max": 0.421338140965, "dmean2": 0, "dvar": 0, "dmean": 0, "median": 0.421338140965, "dvar2": 0, "var": 0}, "beats_position": [0.487619042397, 0.975238084793, 1.46285712719, 1.92725622654, 2.39165520668, 2.86766433716, 3.33206343651, 3.80807256699, 4.28408145905, 4.76009082794, 5.22448968887, 5.6888885498, 6.1648979187, 6.64090681076, 7.10530614853, 7.58131504059, 8.05732440948, 8.52172279358, 8.99773216248, 9.47374153137, 9.94974994659, 10.4257593155, 10.8901586533, 11.3661680222, 11.8421764374, 12.3065757751, 12.782585144, 13.2585935593, 13.722992897, 14.1990022659, 14.6750106812, 15.1394100189, 15.6154193878, 16.0914287567, 16.5558280945, 17.031835556, 17.5078449249, 17.9838542938, 18.4598636627, 18.9242630005, 19.4002723694, 19.8762817383, 20.3406791687, 20.8166885376, 21.2926979065, 21.7570972443, 22.2331066132, 22.7091159821, 23.1735134125, 23.6379127502, 24.1139221191, 24.589931488, 25.0543308258, 25.5187301636, 25.9947395325, 26.470746994, 26.9467563629, 27.4227657318, 27.8871650696, 28.3631744385, 28.8391838074, 29.3035831451, 29.7679805756, 30.2439899445, 30.7199993134, 31.2076187134, 31.6720180511, 32.1596374512, 32.6240348816, 33.0884361267, 33.5644454956, 34.0404510498, 34.5048522949, 34.9808616638, 35.4452590942, 35.9212684631, 36.397277832, 36.8732872009, 37.3376846313, 37.8136940002, 38.2897033691, 38.765712738, 39.2417221069, 39.7061233521, 40.1705207825, 40.6349182129, 41.1225395203, 41.5869369507, 42.0513381958, 42.5273475647, 43.0033569336, 43.4793624878, 43.9553718567, 44.4197731018, 44.8957824707, 45.3717918396, 45.8478012085, 46.3238105774, 46.7882080078, 47.2642173767, 47.7402267456, 48.204624176, 48.6806335449, 49.1566429138, 49.6210403442, 50.0854415894, 50.5614509583, 51.0374603271, 51.513469696, 51.9894790649, 52.4538764954, 52.9182739258, 53.3826751709, 53.8586845398, 54.3346939087, 54.7990913391, 55.275100708, 55.7511100769, 56.2271194458, 56.7031288147, 57.1675262451, 57.6319274902, 58.1079368591, 58.583946228, 59.0599517822, 59.5359611511, 60.0003623962, 60.4647598267, 60.9407691956, 61.4167785645, 61.9043960571, 62.3687973022, 62.8331947327, 63.2975959778, 63.7736053467, 64.2496109009, 64.714012146, 65.2016296387, 65.6776428223, 66.1536483765, 66.6180496216, 67.0940551758, 67.5700683594, 68.0460739136, 68.5220870972, 68.9864807129, 69.4624938965, 69.9384994507, 70.4029006958, 70.8673019409, 71.3433074951, 71.8193206787, 72.2953262329, 72.7713394165, 73.2357330322, 73.7001342773, 74.1645355225, 74.6521530151, 75.1165542603, 75.5925598145, 76.068572998, 76.5445785522, 77.0205917358, 77.4849853516, 77.9609985352, 78.4370040894, 78.9014053345, 79.3774108887, 79.8534240723, 80.3294296265, 80.8054428101, 81.2698364258, 81.7458496094, 82.2218551636, 82.6862564087, 83.1506576538, 83.626663208, 84.1026763916, 84.5670700073, 85.0430831909, 85.507484436, 85.9834899902, 86.4478912354, 86.9238967896, 87.3999099731, 87.8759155273, 88.3403167725, 88.8163223267, 89.2807235718, 89.7451248169, 90.2095184326, 90.6855316162, 91.1615371704, 91.637550354, 92.1135559082, 92.5895690918, 93.065574646, 93.5299758911, 93.9943771362, 94.4819946289, 94.946395874, 95.4224014282, 95.8984146118, 96.374420166, 96.8504257202, 97.3148269653, 97.7792282104, 98.2668457031, 98.7312469482, 99.2072525024, 99.683265686, 100.147659302, 100.623672485, 101.09967804, 101.575691223, 102.051696777, 102.527709961, 103.003715515, 103.46811676, 103.932518005, 104.396911621, 104.872924805, 105.33732605, 105.813331604, 106.277732849, 106.753738403, 107.229751587, 107.705757141, 108.170158386, 108.64616394, 109.110565186, 109.58657074, 110.062583923, 110.550201416, 111.014602661, 111.479003906, 111.943397522, 112.431015015, 112.89541626, 113.371429443, 113.835823059, 114.311836243, 114.776237488, 115.252243042, 115.716644287, 116.192649841, 116.657051086, 117.133056641, 117.609069824, 118.085075378, 118.561088562, 119.037094116, 119.5131073, 119.977500916, 120.453514099, 120.929519653, 121.393920898, 121.881538391, 122.345939636, 122.82194519, 123.297958374, 123.762359619, 124.226753235, 124.702766418, 125.178771973, 125.643173218, 126.119178772, 126.595191956, 127.059593201, 127.523986816, 128, 128.476013184, 128.952011108, 129.428024292, 129.892425537, 130.368438721, 130.844436646, 131.308837891, 131.773239136, 132.249252319, 132.725265503, 133.189651489, 133.665664673, 134.141677856, 134.61769104, 135.093688965, 135.55809021, 136.045715332, 136.510116577, 136.974502563, 137.450515747, 137.926528931, 138.390930176, 138.866943359, 139.342941284, 139.807342529, 140.271743774, 140.73614502, 141.212158203, 141.688156128, 142.164169312, 142.640182495, 143.11618042, 143.592193604, 144.056594849, 144.532608032, 145.008621216, 145.496231079, 145.960632324, 146.425033569, 146.889434814, 147.365432739, 147.841445923, 148.305847168, 148.781860352, 149.257858276, 149.73387146, 150.209884644, 150.674285889, 151.150299072, 151.626296997, 152.102310181, 152.578323364, 153.054321289, 153.518722534, 153.994735718, 154.459136963, 154.946762085, 155.411148071, 155.875549316, 156.339950562, 156.815963745, 157.291976929, 157.756362915, 158.22076416, 158.708389282, 159.172790527, 159.660400391, 160.124801636, 160.600814819, 161.076828003, 161.541213989, 162.005615234, 162.470016479, 162.946029663, 163.422042847, 163.886444092, 164.374053955, 164.8384552, 165.302856445, 165.76725769, 166.254867554, 166.719268799, 167.206893921, 167.671295166, 168.135681152, 168.611694336, 169.08770752, 169.552108765, 170.028121948, 170.504119873, 170.968521118, 171.432922363, 171.920547485, 172.384933472, 172.860946655, 173.3253479, 173.801361084, 174.265762329, 174.741760254, 175.217773438, 175.682174683, 176.158187866, 176.634185791, 177.110198975, 177.586212158, 178.062225342, 178.538223267, 179.002624512, 179.478637695, 179.954650879, 180.419036865, 180.88343811, 181.359451294, 181.835464478, 182.311477661, 182.787475586, 183.251876831, 183.716278076, 184.19229126, 184.668289185, 185.13269043, 185.597091675, 186.06149292, 186.537506104, 187.013504028, 187.489517212, 187.965530396, 188.429931641, 188.905944824, 189.381942749, 189.857955933, 190.333969116, 190.809967041, 191.285980225, 191.75038147, 192.226394653, 192.702392578, 193.166793823, 193.642807007, 194.11882019, 194.583221436, 195.047622681, 195.523620605, 195.999633789, 196.475646973, 196.951644897, 197.416046143, 197.892059326, 198.36807251, 198.832473755, 199.320083618, 199.784484863, 200.248886108, 200.713287354, 201.189300537, 201.665298462, 202.152923584, 202.617324829, 203.081726074, 203.546112061, 204.010513306, 204.474914551, 204.950927734, 205.426940918, 205.902938843, 206.378952026, 206.85496521, 207.330978394, 207.79536438, 208.259765625, 208.72416687, 209.200180054, 209.676193237, 210.152191162, 210.628204346, 211.104217529, 211.580215454, 212.056228638, 212.532241821, 213.019866943, 213.48425293, 213.948654175, 214.41305542, 214.877456665, 215.34185791, 215.806259155, 216.293869019, 216.769882202, 217.245895386, 217.721893311, 218.197906494, 218.673919678, 219.149932861, 219.614334106, 220.090332031, 220.566345215, 221.03074646, 221.506759644, 221.982757568, 222.447158813, 222.911560059, 223.375961304, 223.851974487, 224.327972412, 224.803985596, 225.268386841, 225.744400024, 226.220397949, 226.696411133, 227.160812378, 227.636825562, 228.112823486, 228.58883667, 229.064849854, 229.540863037, 230.016860962, 230.481262207, 230.934051514, 231.410064697, 231.874465942, 232.362075806, 232.826477051, 233.302490234, 233.778503418, 234.254501343, 234.730514526, 235.20652771, 235.682540894, 236.14692688, 236.622940063, 237.098953247, 237.563354492, 238.027755737, 238.492156982, 238.956542969, 239.432556152, 239.908569336, 240.38458252, 240.860580444, 241.336593628, 241.812606812, 242.277008057, 242.753005981, 243.229019165, 243.69342041, 244.157821655, 244.633834839, 245.109832764, 245.574234009, 246.050247192, 246.526260376, 247.002258301, 247.478271484, 247.942672729, 248.418685913, 248.894683838, 249.359085083, 249.835098267, 250.31111145, 250.787109375, 251.263122559, 251.727523804, 252.203536987, 252.679534912, 253.143936157, 253.608337402, 254.072738647, 254.548751831, 255.024749756, 255.500762939, 255.976776123, 256.452789307, 256.92880249, 257.393188477, 257.86920166, 258.345214844, 258.821228027, 259.297241211, 259.773223877, 260.260864258, 260.748474121, 261.247711182, 261.735321045, 262.222930908, 262.710571289, 263.151733398, 263.592926025, 264.034088135, 264.475280762, 264.893249512, 265.311187744, 265.729156494, 266.170349121, 266.61151123, 267.04107666, 267.47064209, 267.911834717], "bpm_histogram_first_peak_bpm": {"mean": 126, "min": 126, "max": 126, "dmean2": 0, "dvar": 0, "dmean": 0, "median": 126, "dvar2": 0, "var": 0}, "beats_count": 568, "beats_loudness_band_ratio": {"mean": [0.466953337193, 0.253132671118, 0.149860590696, 0.0625237971544, 0.0497666522861, 0.0643101930618], "min": [0, 0, 0, 0, 0, 0], "max": [0.999927997589, 0.804743587971, 0.739462852478, 0.370812177658, 0.17881077528, 0.190787881613], "dmean2": [0.835391879082, 0.488205373287, 0.213569000363, 0.101792752743, 0.0826832652092, 0.124391183257], "dvar": [0.0367918871343, 0.0226684194058, 0.0142080169171, 0.00206724181771, 0.000862895976752, 0.00135931954719], "dmean": [0.421369433403, 0.24806624651, 0.120725467801, 0.0531244277954, 0.0420823916793, 0.0633131712675], "median": [0.418372571468, 0.223367139697, 0.107422344387, 0.0542286485434, 0.0415251664817, 0.0590491592884], "dvar2": [0.115303792059, 0.0735598281026, 0.0389578863978, 0.00616182992235, 0.00265389797278, 0.00413841428235], "var": [0.0739593356848, 0.0298522021621, 0.0206138156354, 0.00205101724714, 0.0011953485664, 0.00190774491057]}, "bpm_histogram_second_peak_bpm": {"mean": 136, "min": 136, "max": 136, "dmean2": 0, "dvar": 0, "dmean": 0, "median": 136, "dvar2": 0, "var": 0}}, "tonal": {"chords_number_rate": 0.00155628565699, "tuning_diatonic_strength": 0.600286066532, "chords_changes_rate": 0.0383883789182, "thpcp": [1, 0.789984226227, 0.425797045231, 0.335060566664, 0.326003342867, 0.589614748955, 0.836190581322, 0.641090452671, 0.505141675472, 0.505409836769, 0.316469579935, 0.192576050758, 0.209783479571, 0.23641563952, 0.58199852705, 0.978571593761, 0.652314603329, 0.219192326069, 0.158510446548, 0.16985180974, 0.499224960804, 0.838207066059, 0.588028013706, 0.245078831911, 0.158231973648, 0.1311044842, 0.227779269218, 0.353050172329, 0.387008666992, 0.685036361217, 0.942591428757, 0.651942968369, 0.355724215508, 0.279971212149, 0.299710988998, 0.628349423409], "hpcp": {"mean": [0.287183582783, 0.226870492101, 0.12228192389, 0.0962238907814, 0.0936228111386, 0.169327676296, 0.240140214562, 0.184110656381, 0.145068392158, 0.145145401359, 0.0908848717809, 0.0553046800196, 0.0602463707328, 0.0678946897388, 0.167140424252, 0.281029701233, 0.187334045768, 0.062948435545, 0.0455215983093, 0.0487786531448, 0.143369212747, 0.240719303489, 0.168871998787, 0.070382617414, 0.0454416237772, 0.0376510545611, 0.0654144659638, 0.101390212774, 0.111142538488, 0.196731194854, 0.270696789026, 0.187227323651, 0.102158151567, 0.0804031342268, 0.0860720798373, 0.180451631546], "min": [0, 0, 0, 0, 0, 0, 0, 0, 0, 0, 0, 0, 0, 0, 0, 0, 0, 0, 0, 0, 0, 0, 0, 0, 0, 0, 0, 0, 0, 0, 0, 0, 0, 0, 0, 0], "max": [1, 1, 1, 1, 1, 1, 1, 1, 1, 1, 1, 1, 1, 1, 1, 1, 1, 1, 1, 1, 1, 1, 1, 1, 1, 1, 1, 1, 1, 1, 1, 1, 1, 1, 1, 1], "dmean2": [0.299775421619, 0.322670400143, 0.268632024527, 0.226368695498, 0.202277347445, 0.229336664081, 0.252201706171, 0.235554277897, 0.193398207426, 0.160395115614, 0.138628363609, 0.10442750901, 0.108909241855, 0.131835117936, 0.195515796542, 0.251160055399, 0.214749872684, 0.119013465941, 0.0900511369109, 0.109407052398, 0.175559192896, 0.206365704536, 0.210203915834, 0.135302588344, 0.0706989467144, 0.0645274445415, 0.0960003435612, 0.131230205297, 0.16747495532, 0.223657503724, 0.242962598801, 0.226184740663, 0.180003479123, 0.159515619278, 0.170887485147, 0.229572117329], "dvar": [0.0558432266116, 0.0583940781653, 0.0572095215321, 0.0541245043278, 0.0424480587244, 0.0404094234109, 0.0442082993686, 0.040612898767, 0.0359450876713, 0.0348024442792, 0.0258684009314, 0.0172875896096, 0.019822023809, 0.0227630361915, 0.0292175356299, 0.0473765432835, 0.032786976546, 0.0185835864395, 0.0135987680405, 0.0181823614985, 0.0268432572484, 0.0395756065845, 0.0347928851843, 0.0215846840292, 0.0101802246645, 0.00857396051288, 0.0132726207376, 0.0176708791405, 0.0277628935874, 0.0385640151799, 0.0469842068851, 0.0344944037497, 0.0300853829831, 0.0274067334831, 0.0303815975785, 0.041178278625], "dmean": [0.173441842198, 0.182534530759, 0.14719517529, 0.122116029263, 0.110314629972, 0.132341355085, 0.148055046797, 0.135837197304, 0.110867366195, 0.0924872085452, 0.0782683715224, 0.057641107589, 0.0602459311485, 0.0730565041304, 0.115343660116, 0.148495301604, 0.12568578124, 0.0664090290666, 0.0498878732324, 0.0594626404345, 0.101742245257, 0.121004626155, 0.120644286275, 0.0751169919968, 0.0396335124969, 0.0363812372088, 0.0552659183741, 0.0770251005888, 0.0962842777371, 0.131853953004, 0.142356872559, 0.130352795124, 0.101116612554, 0.0885232463479, 0.0939300358295, 0.132227808237], "median": [0.1134448722, 0.0928252637386, 0.0365826673806, 0.0264767054468, 0.0259165279567, 0.0671912804246, 0.100317388773, 0.0702654346824, 0.0357444360852, 0.0284594744444, 0.0235230531543, 0.0229130648077, 0.0228623785079, 0.0240808557719, 0.0616292916238, 0.10944378376, 0.0807637423277, 0.0255485419184, 0.0160116814077, 0.015338094905, 0.0416813194752, 0.0663662850857, 0.0505302548409, 0.023270521313, 0.0140296248719, 0.0119115319103, 0.0310150496662, 0.0477611981332, 0.0437711663544, 0.0535580441356, 0.0813063681126, 0.0674370005727, 0.0378219522536, 0.0303748324513, 0.0284175593406, 0.0663078650832], "dvar2": [0.140100255609, 0.159792363644, 0.156401142478, 0.150002524257, 0.115980237722, 0.108721964061, 0.111726164818, 0.10702046752, 0.0959936156869, 0.0878729149699, 0.0734088718891, 0.0497286617756, 0.0546389073133, 0.0642403066158, 0.0795986354351, 0.117309488356, 0.0901890471578, 0.0528807975352, 0.0379379726946, 0.0524614155293, 0.0747066736221, 0.0948088541627, 0.0972563773394, 0.0608619786799, 0.0280861351639, 0.0241617430001, 0.0375922322273, 0.0463934317231, 0.07417460531, 0.102890685201, 0.113258570433, 0.0949412584305, 0.082665681839, 0.0771854445338, 0.0855761319399, 0.108725212514], "var": [0.1144964993, 0.0779633074999, 0.0453211255372, 0.0394969768822, 0.0340265147388, 0.0529483631253, 0.0887960344553, 0.0617604106665, 0.0587073750794, 0.0740549042821, 0.030091971159, 0.0127297863364, 0.0174413640052, 0.0187777671963, 0.0486244857311, 0.113495007157, 0.0537561774254, 0.0142084751278, 0.00978849735111, 0.0123011041433, 0.0446235015988, 0.114133693278, 0.0591343156993, 0.0199595876038, 0.0150396004319, 0.00902130361646, 0.0139543442056, 0.0251643508673, 0.0347367972136, 0.0752862617373, 0.120428211987, 0.0588609240949, 0.0309993363917, 0.0211196448654, 0.0262373536825, 0.0627308562398]}, "tuning_frequency": 448.208557129, "chords_scale": "major", "chords_histogram": [28.4454441071, 0.57063806057, 19.9031639099, 0, 1.15856826305, 0, 3.16444754601, 0, 0, 0, 0, 0, 0, 0, 0, 0.345841258764, 0, 1.12398409843, 0, 0.0345841273665, 2.54193329811, 10.4789905548, 8.31748199463, 23.9149227142], "hpcp_entropy": {"mean": 1.95022988319, "min": 0, "max": 4.3192820549, "dmean2": 1.02410292625, "dvar": 0.271378606558, "dmean": 0.610945343971, "median": 1.95530319214, "dvar2": 0.717128813267, "var": 0.568773984909}, "chords_key": "G", "key_key": "G", "key_scale": "major", "tuning_nontempered_energy_ratio": 0.644498169422, "tuning_equal_tempered_deviation": 0.00425795279443, "key_strength": 0.771258115768, "chords_strength": {"mean": 0.528598427773, "min": -1, "max": 0.765299975872, "dmean2": 0.0074235429056, "dvar": 0.000369255780242, "dmean": 0.00809866096824, "median": 0.54066234827, "dvar2": 0.00069595396053, "var": 0.0218348614872}}, "metadata": {"audio_properties": {"md5_encoded": "d74ab65a342024711e032f4e16e9871f", "downmix": "mix", "equal_loudness": 0, "bit_rate": 192000, "analysis_sample_rate": 44100, "length": 268.486541748, "lossless": false, "replay_gain": -9.5126953125, "sample_rate": 44100, "codec": "mp3"}, "version": {"essentia_git_sha": "v2.1_beta2", "essentia_build_sha": "70f2e5ece6736b2c40cc944ad0e695b16b925413", "extractor": "music 1.0", "essentia": "2.1-beta2"}, "tags": {"date": ["1994"], "album": ["I Hate Freaks Like You"], "encodedby": ["HAba"], "title": ["trust me"], "tracknumber": ["10"], "musicbrainz_recordingid": ["15a82ce4-0672-4bb3-83f8-be008f048f93"], "albumartist": ["Dee Dee Ramone"], "artist": ["Dee Dee Ramone"], "genre": ["Rock"], "file_name": "52361.mp3", "label": ["World Service"]}}, "lowlevel": {"mfcc": {"mean": [-639.33972168, 110.520751953, 0.862441182137, 33.7968711853, -4.04617023468, 8.42072963715, 0.88164037466, 0.0253422223032, -4.0680680275, 0.489513486624, -6.96121311188, -2.82038474083, -1.25000107288], "cov": [[13630.1376953, 1329.81420898, 160.622848511, 348.426971436, -291.476531982, -58.9707794189, -161.753128052, -93.4884643555, -222.498245239, -20.2181606293, -160.040786743, -98.4005584717, -79.0182647705], [1329.81420898, 749.618774414, -203.637786865, 198.021469116, -95.8248214722, 48.5488624573, -8.31310367584, -17.1124267578, -11.5960798264, -5.99018669128, -17.7144927979, -6.64912319183, -15.7129831314], [160.622848511, -203.637786865, 264.412719727, -61.4034919739, 64.7368164062, -14.0726985931, 10.9781017303, 18.7886981964, 5.18550777435, 31.3367176056, 22.9583835602, 21.3334636688, 12.3711490631], [348.426971436, 198.021469116, -61.4034919739, 140.778182983, 8.98865795135, 38.2076301575, -6.07353878021, -3.8939306736, 3.30588579178, -2.44289326668, -7.08693790436, -5.54552459717, 8.9226436615], [-291.476531982, -95.8248214722, 64.7368164062, 8.98865795135, 125.420143127, 38.4336776733, 36.014881134, 19.0931243896, 30.4031715393, 4.78144979477, 4.37878608704, 11.204741478, 7.75747346878], [-58.9707794189, 48.5488624573, -14.0726985931, 38.2076301575, 38.4336776733, 89.833480835, 34.6023521423, 27.3989639282, 17.012845993, -3.74598360062, 3.63847541809, 4.24564838409, -0.503107249737], [-161.753128052, -8.31310367584, 10.9781017303, -6.07353878021, 36.014881134, 34.6023521423, 76.4865722656, 38.0341300964, 28.6308937073, 8.5853433609, 10.2685747147, 7.35173797607, 1.76031696796], [-93.4884643555, -17.1124267578, 18.7886981964, -3.8939306736, 19.0931243896, 27.3989639282, 38.0341300964, 68.148475647, 34.8311386108, 16.0689601898, 7.47440576553, 8.11209011078, 3.20385479927], [-222.498245239, -11.5960798264, 5.18550777435, 3.30588579178, 30.4031715393, 17.012845993, 28.6308937073, 34.8311386108, 75.7291793823, 22.7352790833, 15.3354053497, 8.590259552, 1.91625475883], [-20.2181606293, -5.99018669128, 31.3367176056, -2.44289326668, 4.78144979477, -3.74598360062, 8.5853433609, 16.0689601898, 22.7352790833, 63.5884284973, 29.9595928192, 17.3178901672, 7.2069683075], [-160.040786743, -17.7144927979, 22.9583835602, -7.08693790436, 4.37878608704, 3.63847541809, 10.2685747147, 7.47440576553, 15.3354053497, 29.9595928192, 55.0447998047, 26.3777923584, 11.3531074524], [-98.4005584717, -6.64912319183, 21.3334636688, -5.54552459717, 11.204741478, 4.24564838409, 7.35173797607, 8.11209011078, 8.590259552, 17.3178901672, 26.3777923584, 54.471622467, 23.4676990509], [-79.0182647705, -15.7129831314, 12.3711490631, 8.9226436615, 7.75747346878, -0.503107249737, 1.76031696796, 3.20385479927, 1.91625475883, 7.2069683075, 11.3531074524, 23.4676990509, 50.0083770752]], "icov": [[0.000116355404316, -0.000236449806835, -0.000358475896064, -0.000134802307002, 0.000189762009541, 6.50307410979e-05, 5.08935008838e-05, -4.74108965136e-05, 0.000195093700313, -5.80093546887e-05, 0.000297556020087, 6.57926721033e-05, 9.72118941718e-05], [-0.000236449806835, 0.00357855088077, 0.00146013696212, -0.00397360837087, 0.00244795787148, -0.000734521250706, -0.00157878105529, 0.00090464920504, -0.000448718463304, -0.000521513225976, 0.000396480900235, -0.00200113886967, 0.00165048101917], [-0.000358475896064, 0.00146013696212, 0.00707874307409, 0.00174115423579, -0.00388167612255, 0.000941696518566, 0.000724027398974, -0.00164668622892, 0.00155149854254, -0.00221558124758, -0.00177351245657, -0.000654334435239, -0.000508290075231], [-0.000134802307002, -0.00397360837087, 0.00174115423579, 0.0159804355353, -0.00532896677032, -0.00424394663423, 0.00476999161765, 0.000139368639793, -0.000435143971117, -0.00126131274737, -0.000561677443329, 0.00421408237889, -0.0057880282402], [0.000189762009541, 0.00244795787148, -0.00388167612255, -0.00532896677032, 0.0161851756275, -0.00477179465815, -0.00529562588781, 0.00401094928384, -0.00451510073617, 0.000709623272996, 0.00386390206404, -0.00301943114027, 0.000961298588663], [6.50307410979e-05, -0.000734521250706, 0.000941696518566, -0.00424394663423, -0.00477179465815, 0.019073817879, -0.00456569716334, -0.0058184126392, 0.00176481436938, 0.00350291514769, -0.00267546414398, -0.00088868313469, 0.00231379363686], [5.08935008838e-05, -0.00157878105529, 0.000724027398974, 0.00476999161765, -0.00529562588781, -0.00456569716334, 0.0230763908476, -0.00899399071932, -0.00153232179582, 0.00053852412384, -0.00286364834756, 0.00168841215782, -0.00106748426333], [-4.74108965136e-05, 0.00090464920504, -0.00164668622892, 0.000139368639793, 0.00401094928384, -0.0058184126392, -0.00899399071932, 0.0265421513468, -0.00856932532042, -0.00369625608437, 0.00436020782217, -0.00165628723335, -0.000824334099889], [0.000195093700313, -0.000448718463304, 0.00155149854254, -0.000435143971117, -0.00451510073617, 0.00176481436938, -0.00153232179582, -0.00856932532042, 0.0213840603828, -0.00471442099661, -0.00260687991977, 0.000758091802709, 0.00127828342374], [-5.80093546887e-05, -0.000521513225976, -0.00221558124758, -0.00126131274737, 0.000709623272996, 0.00350291514769, 0.00053852412384, -0.00369625608437, -0.00471442099661, 0.0249935854226, -0.0112006030977, -0.00132264045533, 0.000402812118409], [0.000297556020087, 0.000396480900235, -0.00177351245657, -0.000561677443329, 0.00386390206404, -0.00267546414398, -0.00286364834756, 0.00436020782217, -0.00260687991977, -0.0112006030977, 0.0317451097071, -0.0110318465158, 1.2993992641e-05], [6.57926721033e-05, -0.00200113886967, -0.000654334435239, 0.00421408237889, -0.00301943114027, -0.00088868313469, 0.00168841215782, -0.00165628723335, 0.000758091802709, -0.00132264045533, -0.0110318465158, 0.0305630210787, -0.0122851217166], [9.72118941718e-05, 0.00165048101917, -0.000508290075231, -0.0057880282402, 0.000961298588663, 0.00231379363686, -0.00106748426333, -0.000824334099889, 0.00127828342374, 0.000402812118409, 1.2993992641e-05, -0.0122851217166, 0.0274469740689]]}, "barkbands_spread": {"mean": 24.5434646606, "min": 0.0297467503697, "max": 97.0958633423, "dmean2": 7.84008550644, "dvar": 26.3730964661, "dmean": 5.02860355377, "median": 23.6595745087, "dvar2": 58.5425949097, "var": 110.961463928}, "spectral_strongpeak": {"mean": 0.702365994453, "min": 0, "max": 7.00615596771, "dmean2": 0.55163693428, "dvar": 0.247794687748, "dmean": 0.333043754101, "median": 0.442222833633, "dvar2": 0.568048536777, "var": 0.707161962986}, "melbands_crest": {"mean": 13.4430131912, "min": 1.59382009506, "max": 39.995059967, "dmean2": 5.34660768509, "dvar": 10.5528831482, "dmean": 3.35069561005, "median": 12.1520729065, "dvar2": 26.0152606964, "var": 32.5326919556}, "spectral_energyband_middle_high": {"mean": 0.00360261532478, "min": 1.12595760357e-21, "max": 0.0233809873462, "dmean2": 0.00124449119903, "dvar": 1.11050110263e-06, "dmean": 0.000816263898741, "median": 0.0033935024403, "dvar2": 2.58112254414e-06, "var": 5.08664015797e-06}, "spectral_rms": {"mean": 0.00464929128066, "min": 3.11623730292e-12, "max": 0.0143530685455, "dmean2": 0.00134121906012, "dvar": 1.56651867655e-06, "dmean": 0.00087782862829, "median": 0.00452227983624, "dvar2": 3.31839237333e-06, "var": 5.20490948475e-06}, "spectral_flux": {"mean": 0.0772015750408, "min": 6.36410438237e-11, "max": 0.367544978857, "dmean2": 0.0423551425338, "dvar": 0.00146475073416, "dmean": 0.025998564437, "median": 0.0647292509675, "dvar2": 0.00345482933335, "var": 0.0028790642973}, "erbbands_flatness_db": {"mean": 0.141396746039, "min": 0.0368498452008, "max": 0.250022262335, "dmean2": 0.0167068708688, "dvar": 0.000156942900503, "dmean": 0.0120508605614, "median": 0.14144974947, "dvar2": 0.000290745199891, "var": 0.000824133923743}, "barkbands_flatness_db": {"mean": 0.133098989725, "min": 0.0364655740559, "max": 0.688795149326, "dmean2": 0.0296299532056, "dvar": 0.000352906208718, "dmean": 0.0186181291938, "median": 0.123804375529, "dvar2": 0.000856878177729, "var": 0.00440536346287}, "spectral_entropy": {"mean": 7.84267854691, "min": 6.86313152313, "max": 9.82321357727, "dmean2": 0.141279995441, "dvar": 0.00761074619368, "dmean": 0.0925624445081, "median": 7.81445217133, "dvar2": 0.0171928312629, "var": 0.0894416570663}, "spectral_energyband_high": {"mean": 0.000917503319215, "min": 6.8838431019e-21, "max": 0.0100237084553, "dmean2": 0.000472421146696, "dvar": 2.90534245551e-07, "dmean": 0.000307519978378, "median": 0.000644472194836, "dvar2": 7.14185034667e-07, "var": 8.3250534999e-07}, "barkbands_kurtosis": {"mean": 151.260543823, "min": -1.78756082058, "max": 16847.6660156, "dmean2": 26.7536945343, "dvar": 32017.0058594, "dmean": 16.8633937836, "median": 1.88312149048, "dvar2": 66897.3046875, "var": 1849691.125}, "spectral_complexity": {"mean": 22.423210144, "min": 0, "max": 58, "dmean2": 5.4551115036, "dvar": 14.6624011993, "dmean": 3.45342898369, "median": 24, "dvar2": 32.1887931824, "var": 103.354850769}, "spectral_contrast_coeffs": {"mean": [-0.629275739193, -0.742771804333, -0.790542066097, -0.814535975456, -0.807594537735, -0.730771422386], "min": [-0.97907936573, -0.978799045086, -0.979426026344, -0.978849768639, -0.967682182789, -0.964816153049], "max": [-0.326980441809, -0.423171430826, -0.523717880249, -0.689366340637, -0.651366531849, -0.611700952053], "dmean2": [0.0831655487418, 0.0720395371318, 0.0526447631419, 0.0405669100583, 0.0302411727607, 0.0308472197503], "dvar": [0.00191448593978, 0.00129300937988, 0.000661472440697, 0.000355419615516, 0.00020989406039, 0.000336263648933], "dmean": [0.0512487180531, 0.0439073890448, 0.0321057066321, 0.0242227967829, 0.0181895941496, 0.0194847248495], "median": [-0.625853061676, -0.74801504612, -0.792472481728, -0.812509059906, -0.805655241013, -0.724475622177], "dvar2": [0.00496863946319, 0.00343389972113, 0.00176086754072, 0.0010061818175, 0.00056412135018, 0.000810821540654], "var": [0.00867488700897, 0.00647646514699, 0.00303660612553, 0.00131987675559, 0.0014153176453, 0.00234462786466]}, "spectral_centroid": {"mean": 1594.65136719, "min": 440.768890381, "max": 11940.5722656, "dmean2": 382.417572021, "dvar": 50567.7617188, "dmean": 238.219360352, "median": 1460.06298828, "dvar2": 117532.726562, "var": 1146478.625}, "spectral_energyband_low": {"mean": 0.00911318790168, "min": 1.25142606308e-23, "max": 0.169656127691, "dmean2": 0.00985393766314, "dvar": 0.000255644787103, "dmean": 0.00634491536766, "median": 0.00430350098759, "dvar2": 0.00055465096375, "var": 0.000292276788969}, "dissonance": {"mean": 0.477381259203, "min": 0.367405503988, "max": 0.500000119209, "dmean2": 0.0186337996274, "dvar": 0.000108767861093, "dmean": 0.0109971659258, "median": 0.480868130922, "dvar2": 0.00030376893119, "var": 0.000239373432123}, "zerocrossingrate": {"mean": 0.0646989941597, "min": 0, "max": 0.52685546875, "dmean2": 0.0105772735551, "dvar": 9.92198620224e-05, "dmean": 0.0087313791737, "median": 0.05712890625, "dvar2": 0.000147311176988, "var": 0.00258705182932}, "erbbands": {"mean": [0.175385087729, 1.28062450886, 2.30283999443, 5.42571687698, 12.5832996368, 23.9635295868, 15.4690990448, 14.4371328354, 34.7737312317, 40.1103591919, 18.8485889435, 19.5841560364, 25.5691051483, 17.9413394928, 22.8097171783, 16.7288761139, 13.5336999893, 15.1127471924, 13.2721443176, 12.8844137192, 16.7852973938, 15.4408836365, 10.2430019379, 15.2182807922, 25.8838996887, 17.4958229065, 11.8843975067, 8.92230987549, 7.73564195633, 4.72690677643, 3.56299996376, 2.71560811996, 1.53927195072, 0.689331412315, 0.21041046083, 0.0718907564878, 0.0114456675947, 0.000252811558312, 2.761583346e-05, 3.4247073927e-05], "min": [6.52573761138e-23, 4.32968668102e-22, 2.75572696717e-21, 4.36613432676e-21, 1.83488063066e-20, 3.43213973631e-20, 5.97085074029e-20, 6.65741194118e-20, 6.0380914768e-20, 1.40194227905e-19, 1.75160625813e-19, 2.52342793743e-19, 4.20246654515e-19, 8.62591232299e-19, 9.46148933575e-19, 1.15003003281e-18, 1.60670466168e-18, 1.57729559917e-18, 2.35411321673e-18, 3.46626313378e-18, 2.47826847718e-18, 4.01029692752e-18, 6.03885439582e-18, 5.95584103109e-18, 5.77347210785e-18, 9.43768576606e-18, 9.44625453003e-18, 8.41051107937e-18, 1.06745540468e-17, 9.97811842901e-18, 1.13196440823e-17, 1.00697733496e-17, 9.14729574022e-18, 8.53295366236e-18, 6.62696409491e-18, 4.26339020672e-18, 2.32979782903e-18, 9.75259073692e-19, 2.34160846892e-19, 2.65753339871e-20], "max": [4.71949958801, 29.5686035156, 39.2895355225, 73.8406143188, 146.334182739, 540.584106445, 344.977844238, 338.409729004, 1282.09143066, 2528.77636719, 851.694824219, 1233.62158203, 1274.62878418, 299.148223877, 502.199188232, 315.87411499, 378.405212402, 169.787475586, 133.080596924, 95.3410873413, 198.506027222, 154.862457275, 101.190383911, 456.028137207, 552.885131836, 204.051986694, 200.301116943, 127.264297485, 91.7693710327, 85.4016265869, 77.9156112671, 81.0493240356, 67.5582809448, 52.4427108765, 11.2775020599, 3.36474728584, 0.72586107254, 0.0142088830471, 0.000559431617148, 0.000233520215261], "dmean2": [0.292386978865, 1.72812521458, 2.46965742111, 4.58892917633, 11.8319749832, 31.7833900452, 12.5215053558, 12.5793371201, 27.1767940521, 27.6920433044, 14.3781242371, 12.9005556107, 17.9318389893, 11.6914701462, 17.6945514679, 12.6238021851, 10.3396139145, 11.1706218719, 9.58326816559, 9.40225696564, 13.8250408173, 12.7837667465, 7.03916501999, 10.4301147461, 18.2852725983, 12.5351610184, 9.32690906525, 6.7183713913, 5.31422662735, 3.46180844307, 2.38239955902, 2.23963427544, 1.1350389719, 0.458808213472, 0.135739341378, 0.0639945045114, 0.0152835957706, 0.000304649583995, 1.6553538444e-05, 1.98004399863e-05], "dvar": [0.295943528414, 8.55422210693, 10.43009758, 19.0535373688, 129.069854736, 1552.04406738, 217.753845215, 176.270828247, 2023.46777344, 4264.23925781, 785.82635498, 717.227600098, 890.47277832, 131.143997192, 400.795410156, 172.638427734, 105.575843811, 87.5287704468, 48.9325485229, 49.4808998108, 142.752349854, 110.600395203, 35.5516319275, 94.1457595825, 301.437255859, 128.164459229, 121.221328735, 62.9757614136, 30.292470932, 15.8737974167, 7.6814494133, 9.01244449615, 2.70984005928, 0.934935152531, 0.061291269958, 0.0112334787846, 0.000644732790533, 2.53062324873e-07, 4.71502725752e-10, 4.76785610992e-10], "dmean": [0.183374524117, 1.0907292366, 1.45754826069, 2.7815387249, 7.17245483398, 18.1869697571, 7.88747262955, 7.66964673996, 17.7146129608, 19.2504711151, 9.4545249939, 8.54688549042, 11.9721860886, 7.70358800888, 11.4079084396, 7.97899866104, 6.41063022614, 6.95889377594, 5.90965795517, 5.70094871521, 8.43789291382, 7.66962385178, 4.2117600441, 6.32878828049, 11.2630720139, 7.60045194626, 5.51861286163, 3.98355436325, 3.25533151627, 2.1347925663, 1.54367005825, 1.42921161652, 0.757614552975, 0.330716341734, 0.101809419692, 0.044992711395, 0.00983819272369, 0.000199183996301, 1.16659875857e-05, 1.28910551211e-05], "median": [0.0303183346987, 0.415258049965, 1.20878791809, 3.80766534805, 8.41739940643, 12.9367322922, 9.32531547546, 8.72620677948, 12.4962739944, 9.40455818176, 7.77221107483, 8.98240566254, 12.9321975708, 12.0704593658, 13.8665466309, 11.7363996506, 10.3829460144, 12.1094894409, 11.2679309845, 11.0901536942, 11.8498535156, 11.04733181, 8.81082725525, 11.998336792, 17.7572040558, 13.6184415817, 8.98363208771, 6.64708185196, 4.90805149078, 2.33333730698, 1.51266658306, 1.04107069969, 0.536829352379, 0.200294569135, 0.0708513781428, 0.0219315253198, 0.00218897336163, 6.21376020717e-05, 1.81223658728e-05, 2.69387965091e-05], "dvar2": [0.699112296104, 19.5307826996, 28.3186702728, 52.2774658203, 347.497436523, 4351.80810547, 545.063720703, 460.422027588, 4040.62695312, 8223.87011719, 1771.11071777, 1655.32641602, 1618.03125, 287.676879883, 927.461791992, 429.563568115, 255.770721436, 221.209213257, 123.534477234, 129.95765686, 372.227478027, 299.99822998, 95.9589157104, 240.291687012, 771.213562012, 334.756347656, 333.429718018, 174.164535522, 78.0557556152, 40.5739593506, 17.5863857269, 22.0157833099, 5.97693061829, 1.63043236732, 0.094845443964, 0.0222569480538, 0.00153977749869, 5.94124401232e-07, 9.72492641971e-10, 1.05748954038e-09], "var": [0.27441573143, 8.74887180328, 11.4478645325, 32.3942642212, 196.113220215, 1417.17456055, 424.439300537, 342.973297119, 7523.34277344, 14170.4033203, 2176.88769531, 3844.04882812, 3795.65893555, 403.494689941, 987.838195801, 360.660705566, 216.083816528, 185.124603271, 105.186393738, 96.0496139526, 260.973754883, 215.532791138, 63.5658950806, 215.89855957, 833.379272461, 258.617462158, 151.419433594, 83.1464309692, 77.3618164062, 39.8519325256, 27.3831253052, 19.6455955505, 7.81646442413, 2.76888823509, 0.212327346206, 0.0253467615694, 0.000828702643048, 3.50046690301e-07, 1.00510577639e-09, 8.60985394091e-10]}, "pitch_salience": {"mean": 0.611047446728, "min": 0.00140627368819, "max": 0.836763083935, "dmean2": 0.108957752585, "dvar": 0.00457418104634, "dmean": 0.06714925915, "median": 0.632599234581, "dvar2": 0.0110406428576, "var": 0.0153802176937}, "silence_rate_60dB": {"mean": 0.112244896591, "min": 0, "max": 1, "dmean2": 0.00484345247969, "dvar": 0.00241561746225, "dmean": 0.0024215169251, "median": 0, "dvar2": 0.00568476086482, "var": 0.0996447503567}, "melbands": {"mean": [0.00162323389668, 0.00139677524567, 0.00108527659904, 0.00141142308712, 0.000651520560496, 0.000340584869264, 0.000540715758689, 0.000399573036702, 0.00014110232587, 0.000126097133034, 0.000122506113257, 6.65880725137e-05, 8.44096575747e-05, 3.98539559683e-05, 3.92814545194e-05, 2.61314235104e-05, 2.81315606117e-05, 2.08561814361e-05, 1.86125889741e-05, 1.74856904778e-05, 2.03342588065e-05, 1.70651510416e-05, 1.04571417978e-05, 8.48561649036e-06, 1.19775695566e-05, 1.98511461349e-05, 1.59638184414e-05, 1.0563363503e-05, 7.66931771068e-06, 5.88960483583e-06, 4.98046028952e-06, 4.64904587716e-06, 3.34842411576e-06, 2.40005078922e-06, 2.10790017263e-06, 1.82606129329e-06, 1.5952589365e-06, 1.1407181546e-06, 7.96079291376e-07, 5.12061774316e-07], "min": [9.61187175536e-25, 9.04819020946e-25, 8.49118242682e-25, 1.5079772373e-24, 1.83729215257e-24, 1.75460966894e-24, 8.22206844546e-25, 1.45965418205e-24, 1.70278742393e-24, 1.65645604524e-24, 1.65415740317e-24, 2.58458718783e-24, 2.52699304479e-24, 1.57416937257e-24, 2.9128426629e-24, 3.21884752728e-24, 2.10195991665e-24, 3.23339767225e-24, 3.76702775918e-24, 3.30072675329e-24, 2.67610550525e-24, 3.2687735479e-24, 3.57006575722e-24, 4.11540569543e-24, 3.97642299786e-24, 3.11190895132e-24, 4.42340302524e-24, 5.17970448546e-24, 4.42043809153e-24, 3.949882956e-24, 4.67771876488e-24, 5.73699763854e-24, 5.64362135648e-24, 4.63642386864e-24, 5.19229470551e-24, 6.0443662462e-24, 5.05922767586e-24, 5.65026790403e-24, 6.49390139406e-24, 6.68720623686e-24], "max": [0.0405472405255, 0.0235236287117, 0.0126807717606, 0.0256280470639, 0.0115787135437, 0.00770745053887, 0.0165429189801, 0.026650538668, 0.00657592667267, 0.00702045159414, 0.00612526200712, 0.00113352830522, 0.00225895410404, 0.0014340832131, 0.00115431356244, 0.000787993427366, 0.00034974727896, 0.000195060769329, 0.000196930108359, 0.000168201062479, 0.000301948923152, 0.000225356809096, 0.000130931235617, 0.000107310443127, 0.000433748384239, 0.000338677142281, 0.000373017421225, 0.000132246976136, 0.000141029144288, 8.85466070031e-05, 8.17746840767e-05, 6.10317511018e-05, 5.89958071942e-05, 5.86312162341e-05, 4.96363281854e-05, 6.34756361251e-05, 4.44662873633e-05, 4.00108619942e-05, 6.43089588266e-05, 4.0430775698e-05], "dmean2": [0.00245725270361, 0.00153159536421, 0.000865366717335, 0.0016387210926, 0.000622619641945, 0.000293768622214, 0.000408628315199, 0.000278495572275, 0.000112500289106, 8.56523838593e-05, 8.90729425009e-05, 4.69337101094e-05, 6.85269551468e-05, 3.1659285014e-05, 2.96416292258e-05, 2.18241493712e-05, 2.24786563194e-05, 1.6096064428e-05, 1.54570661834e-05, 1.49788256749e-05, 1.87727055163e-05, 1.65778219525e-05, 8.60431828187e-06, 6.90187516739e-06, 9.38710218179e-06, 1.53273194883e-05, 1.2192774193e-05, 8.51679942571e-06, 6.55317762721e-06, 5.15584406457e-06, 4.10862185163e-06, 3.47135801348e-06, 2.65905532615e-06, 1.95531447389e-06, 1.54117185502e-06, 1.48939102473e-06, 1.46798390688e-06, 9.26799941681e-07, 6.01483122864e-07, 3.64406986364e-07], "dvar": [1.99495552806e-05, 4.9729701459e-06, 5.84396445902e-07, 3.6250607991e-06, 4.94440598686e-07, 9.98274813924e-08, 4.75372104347e-07, 4.32294115171e-07, 4.56734667864e-08, 2.84774870352e-08, 2.13588311482e-08, 2.18861040402e-09, 6.15254025504e-09, 1.12376596917e-09, 9.17163622827e-10, 4.56710197438e-10, 3.41544958982e-10, 1.32130945074e-10, 1.58212595802e-10, 1.3750726946e-10, 2.89009316479e-10, 1.92725044257e-10, 4.72809916219e-11, 3.72166394924e-11, 7.89906889898e-11, 2.06742706288e-10, 1.26281679558e-10, 5.71785951919e-11, 5.23561263788e-11, 3.40609415672e-11, 2.15301856205e-11, 1.18381467823e-11, 8.91180011731e-12, 5.25664234363e-12, 3.35873429763e-12, 3.24590528067e-12, 4.05496946784e-12, 1.62046461319e-12, 1.29147083652e-12, 5.88448018611e-13], "dmean": [0.00155860534869, 0.000946502259467, 0.000530289078597, 0.000955826195423, 0.000374614057364, 0.00018053058011, 0.000268841278739, 0.000193820495042, 7.3139082815e-05, 5.65403061046e-05, 5.93676850258e-05, 3.08026610583e-05, 4.44141769549e-05, 1.96657765628e-05, 1.89863767446e-05, 1.33533912958e-05, 1.39409767144e-05, 9.87326257018e-06, 9.44425391936e-06, 9.07222056412e-06, 1.13942696771e-05, 9.81655739452e-06, 5.14425482834e-06, 4.10300071962e-06, 5.64784158996e-06, 9.44379644352e-06, 7.45488023313e-06, 5.11293092131e-06, 3.86672218156e-06, 3.01122918245e-06, 2.43058025262e-06, 2.10756479646e-06, 1.61637876772e-06, 1.20035065265e-06, 9.79999867923e-07, 9.49990180743e-07, 9.20239187963e-07, 6.00414125529e-07, 4.09144405467e-07, 2.58939081732e-07], "median": [0.000385931518395, 0.000698598276358, 0.000820580520667, 0.000861482287291, 0.000405333092203, 0.00020566956664, 0.000185102791875, 8.97170393728e-05, 5.98050719418e-05, 5.60914631933e-05, 6.10940187471e-05, 4.25918406108e-05, 4.6189117711e-05, 2.8201717214e-05, 2.78803199762e-05, 1.98602920136e-05, 2.19588000618e-05, 1.76137873495e-05, 1.50817759277e-05, 1.37589540827e-05, 1.355019412