{"metadata": {"tags": {"label": ["Cherrytree Records / Interscope Records"], "encoding": ["Lame 3.98.4 V0 VBR Joint-Stereo"], "genre": ["Electronic"], "artist": ["RAC"], "discnumber": ["1"], "title": ["Sixteen"], "tracknumber": ["8"], "album": ["Strangers"], "musicbrainz_recordingid": ["15adf45e-9586-4e53-b6f1-789272fba572"], "date": ["2014-04-01"], "file_name": "2058034.mp3", "language": ["eng"]}, "audio_properties": {"sample_rate": 44100, "downmix": "mix", "lossless": false, "analysis_sample_rate": 44100, "md5_encoded": "eef2a9b6791a4c44f7fa3fe8042405a7", "equal_loudness": 0, "replay_gain": -7.62126922607, "codec": "mp3", "bit_rate": 232596, "length": 79.0465316772}, "version": {"extractor": "music 1.0", "essentia_build_sha": "70f2e5ece6736b2c40cc944ad0e695b16b925413", "essentia_git_sha": "v2.1_beta2", "essentia": "2.1-beta2"}}, "rhythm": {"beats_loudness_band_ratio": {"dvar2": [0.110269904137, 0.0655129924417, 0.0525095276535, 0.0345028489828, 0.00616957247257, 8.53925084812e-05], "var": [0.0690785422921, 0.0433188714087, 0.038591708988, 0.0116842892021, 0.00146393629257, 2.96970938507e-05], "min": [0.0133921056986, 0.00526805967093, 0.00935199018568, 0.00154188869055, 0.000542259716894, 6.50193469482e-05], "dmean": [0.262105792761, 0.18013240397, 0.135059684515, 0.0696093291044, 0.0270018223673, 0.00617634458467], "mean": [0.481019407511, 0.324439495802, 0.180298656225, 0.0682199671865, 0.0254533495754, 0.00573955709115], "max": [0.934664845467, 0.845307052135, 0.961171627045, 0.780284881592, 0.346713781357, 0.0245318599045], "dmean2": [0.456765592098, 0.304621845484, 0.242456436157, 0.121176801622, 0.0502161085606, 0.0113235898316], "median": [0.482406467199, 0.288342922926, 0.10946367681, 0.0283408723772, 0.0135910976678, 0.00389527552761], "dvar": [0.0441326983273, 0.0245367996395, 0.0206142868847, 0.0132533833385, 0.00202887901105, 2.82140372292e-05]}, "bpm_histogram_first_peak_weight": {"dvar2": 0, "var": 0, "min": 0.5, "dmean": 0, "mean": 0.5, "max": 0.5, "dmean2": 0, "median": 0.5, "dvar": 0}, "bpm": 101.945457458, "beats_count": 133, "bpm_histogram_first_peak_spread": {"dvar2": 0, "var": 0, "min": 0.484375, "dmean": 0, "mean": 0.484375, "max": 0.484375, "dmean2": 0, "median": 0.484375, "dvar": 0}, "danceability": 1.12499475479, "bpm_histogram_first_peak_bpm": {"dvar2": 0, "var": 0, "min": 101, "dmean": 0, "mean": 101, "max": 101, "dmean2": 0, "median": 101, "dvar": 0}, "beats_position": [0.626938760281, 1.25387752056, 1.88081634045, 2.50775504112, 3.13469386101, 3.75002264977, 4.35374164581, 4.94585037231, 5.52634906769, 6.10684776306, 6.68734693527, 7.25623559952, 7.84834432602, 8.44045352936, 9.04417228699, 9.64789104462, 10.2516098022, 10.8437185287, 11.4358272552, 12.0163259506, 12.5968255997, 13.1889343262, 13.7810430527, 14.3731517792, 14.9652605057, 15.5573692322, 16.1378688812, 16.7183666229, 17.2872562408, 17.8793640137, 18.4714736938, 19.0635814667, 19.6556911469, 20.2361907959, 20.8282985687, 21.4204082489, 22.0125160217, 22.5930156708, 23.1851234436, 23.7772331238, 24.3577327728, 24.9382305145, 25.5187301636, 26.0992279053, 26.6797275543, 27.2602272034, 27.8523349762, 28.4444446564, 29.0365524292, 29.6286621094, 30.2207698822, 30.8244895935, 31.4165973663, 31.9970970154, 32.5892066956, 33.1813163757, 33.7734222412, 34.3539237976, 34.9344215393, 35.514919281, 36.0954170227, 36.6875267029, 37.2796363831, 37.8717460632, 38.4638557434, 39.0559616089, 39.6480712891, 40.2401809692, 40.8206787109, 41.4011802673, 41.9932861328, 42.585395813, 43.1658935547, 43.7580032349, 44.3385009766, 44.919002533, 45.4995002747, 46.0916099548, 46.6953277588, 47.2990455627, 47.8795471191, 48.4716529846, 49.0637626648, 49.655872345, 50.2479820251, 50.8284797668, 51.420589447, 52.024307251, 52.6048049927, 53.1736946106, 53.7541923523, 54.3346939087, 54.9151916504, 55.4956893921, 56.0994110107, 56.7031288147, 57.2952384949, 57.8873443604, 58.4794540405, 59.0715637207, 59.6520614624, 60.2325630188, 60.8246688843, 61.4167785645, 61.9972763062, 62.5777778625, 63.169883728, 63.7503852844, 64.3308868408, 64.9229888916, 65.5150985718, 66.107208252, 66.6877059937, 67.2682037354, 67.8603134155, 68.4640350342, 69.0561447144, 69.6366424561, 70.2287521362, 70.8208618164, 71.4129714966, 72.0050811768, 72.5855789185, 73.1660766602, 73.7465744019, 74.3270721436, 74.9191818237, 75.5112915039, 76.1034011841, 76.6955108643, 77.2876205444, 77.8913345337, 78.4834442139], "beats_loudness": {"dvar2": 0.00328390207142, "var": 0.00186581397429, "min": 6.46182130026e-08, "dmean": 0.0324758887291, "mean": 0.0402951091528, "max": 0.20222042501, "dmean2": 0.0572698488832, "median": 0.0273281168193, "dvar": 0.00135418400168}, "bpm_histogram_second_peak_weight": {"dvar2": 0, "var": 0, "min": 0.0303030312061, "dmean": 0, "mean": 0.0303030312061, "max": 0.0303030312061, "dmean2": 0, "median": 0.0303030312061, "dvar": 0}, "bpm_histogram_second_peak_spread": {"dvar2": 0, "var": 0, "min": 0, "dmean": 0, "mean": 0, "max": 0, "dmean2": 0, "median": 0, "dvar": 0}, "bpm_histogram_second_peak_bpm": {"dvar2": 0, "var": 0, "min": 96, "dmean": 0, "mean": 96, "max": 96, "dmean2": 0, "median": 96, "dvar": 0}, "onset_rate": 3.08610963821}, "lowlevel": {"spectral_energyband_high": {"dvar2": 4.90007572296e-08, "var": 2.42047111243e-08, "min": 7.39013175895e-21, "dmean": 3.83885890187e-05, "mean": 7.24465789972e-05, "max": 0.00461256783456, "dmean2": 5.78205908823e-05, "median": 2.41441011894e-05, "dvar": 1.89383246862e-08}, "spectral_energyband_middle_low": {"dvar2": 0.000146172649693, "var": 0.000394312839489, "min": 2.03385002108e-22, "dmean": 0.00431705964729, "mean": 0.0162690170109, "max": 0.232639729977, "dmean2": 0.00620339810848, "median": 0.0106368474662, "dvar": 7.49023383833e-05}, "spectral_energy": {"dvar2": 0.000241683024797, "var": 0.00086954026483, "min": 1.04069547726e-20, "dmean": 0.0056565888226, "mean": 0.0247160103172, "max": 0.276409476995, "dmean2": 0.00772689143196, "median": 0.0154890026897, "dvar": 0.000119161486509}, "spectral_spread": {"dvar2": 970773889024, "var": 4592631283710.0, "min": 840985, "dmean": 316189.78125, "mean": 3122970.5, "max": 41599880, "dmean2": 499797.65625, "median": 2875453, "dvar": 556099108864}, "spectral_energyband_low": {"dvar2": 2.90607858915e-05, "var": 0.000313055730658, "min": 3.56282117422e-23, "dmean": 0.002132197842, "mean": 0.00847003981471, "max": 0.20063200593, "dmean2": 0.00268868985586, "median": 0.00261570909061, "dvar": 2.46210711339e-05}, "spectral_rolloff": {"dvar2": 233488.65625, "var": 1256624.75, "min": 129.19921875, "dmean": 141.017745972, "mean": 713.356201172, "max": 19595.2148438, "dmean2": 236.676513672, "median": 516.796875, "dvar": 126907.96875}, "barkbands": {"dvar2": [1.79531909339e-08, 3.12516340273e-06, 1.47773098433e-05, 3.98158408643e-05, 6.54405957903e-05, 4.42271539214e-06, 1.89714216958e-06, 1.8774428554e-06, 6.63076377805e-07, 8.02562567515e-07, 1.22773190014e-06, 4.68831530043e-07, 2.70603635499e-07, 1.67532164141e-06, 7.81986163929e-05, 1.33879757414e-06, 1.24658498635e-07, 6.21504838705e-08, 2.60319801271e-08, 3.64484886717e-09, 2.08826578252e-09, 2.03398276e-08, 4.08023570486e-09, 1.00569511052e-10, 1.44742976285e-11, 1.80381935517e-12, 9.94290366288e-16], "var": [8.51436166016e-09, 1.17561921797e-05, 0.000184694246855, 7.68876634538e-05, 0.000128740139189, 1.116418116e-05, 5.60408216188e-06, 4.97474957228e-06, 2.21186337512e-06, 3.82890175388e-06, 2.46909394264e-06, 3.81438383101e-07, 3.44564938359e-07, 5.73006104787e-07, 1.82370968105e-05, 3.03232383203e-07, 7.49479411866e-08, 2.85093495478e-08, 1.5303536216e-08, 3.03309488636e-09, 1.74251613139e-09, 6.31487795388e-09, 1.0481100432e-09, 5.93841989471e-11, 1.23557665835e-11, 1.01979785293e-12, 3.29024389707e-16], "min": [2.94435252847e-24, 8.22175447882e-24, 1.42608233268e-24, 1.15637798754e-24, 2.29391994882e-23, 2.45623959744e-23, 1.43227195228e-23, 2.05177735847e-23, 3.02718935274e-23, 3.84867091857e-23, 3.61396744432e-23, 5.49247813139e-23, 5.1531587638e-23, 7.29485995458e-23, 6.19190429807e-23, 1.37580573045e-22, 1.3215401781e-22, 1.40929824013e-22, 1.38575396066e-22, 1.8129524331e-22, 2.9826593537e-22, 3.66364094267e-22, 3.63307150974e-22, 6.8390615509e-22, 9.99738647047e-22, 1.5819175912e-21, 2.26416357905e-21], "dmean": [2.03395738936e-05, 0.000527758733369, 0.00132894283161, 0.00174678082112, 0.00249196914956, 0.000717938994057, 0.000434124638559, 0.0003165648086, 0.000207335498999, 0.000195603992324, 0.000223089024075, 8.52675366332e-05, 0.000146134305396, 0.000150457766722, 0.000480313959997, 0.000122311757877, 6.59838842694e-05, 5.14429702889e-05, 3.27993438987e-05, 1.6129020878e-05, 1.15997690955e-05, 1.35308100653e-05, 7.74219006416e-06, 2.33035279962e-06, 9.77899617283e-07, 2.7750411391e-07, 4.22670609623e-09], "mean": [3.01376749121e-05, 0.00164515082724, 0.0043200077489, 0.00487923109904, 0.00577775761485, 0.00240390840918, 0.00142362632323, 0.000788658217061, 0.000699626747519, 0.000625987013336, 0.000491421669722, 0.000146621270687, 0.000277572136838, 0.000218894143472, 0.000530838558916, 0.000136156173539, 0.000102666177554, 7.54313368816e-05, 5.63217545277e-05, 2.9470968002e-05, 2.10065536521e-05, 1.92151564988e-05, 1.09141701614e-05, 3.47859554495e-06, 1.59815147072e-06, 3.41355899991e-07, 4.7136596848e-09], "max": [0.0019180199597, 0.0344232916832, 0.161237552762, 0.094998113811, 0.148555129766, 0.0417807884514, 0.0271043237299, 0.0265296399593, 0.0198607556522, 0.0353473089635, 0.0295943245292, 0.0186012368649, 0.00916769634932, 0.0254926737398, 0.144287988544, 0.0192297529429, 0.0053252321668, 0.00294153392315, 0.00211965828203, 0.000740618968848, 0.000546091992874, 0.00305863795802, 0.00109023484401, 0.000146610764205, 5.06894866703e-05, 1.65423516592e-05, 4.37558128397e-07], "dmean2": [3.51292619598e-05, 0.000740686140489, 0.00161013996694, 0.00265575037338, 0.00371828512289, 0.00102999655064, 0.000641566235572, 0.000458554655779, 0.000276130973361, 0.00023288752709, 0.000304920802591, 0.000124485304696, 0.000208115525311, 0.000236550957197, 0.000835349841509, 0.000215279986151, 0.000107670741272, 8.6393665697e-05, 5.33084239578e-05, 2.5554707463e-05, 1.76709854713e-05, 2.16189728235e-05, 1.25620817926e-05, 3.58091597263e-06, 1.39520682296e-06, 4.23038414965e-07, 7.39845518183e-09], "median": [2.88615024147e-06, 0.000232924969168, 0.000674008275382, 0.00165909784846, 0.00221326621249, 0.0012611693237, 0.000673088012263, 0.000142559903907, 0.000250056880759, 0.000171066290932, 7.94902734924e-05, 2.10418693314e-05, 9.54891147558e-05, 4.14033202105e-05, 0.000135825772304, 3.02787757391e-05, 2.79326595773e-05, 1.4874693079e-05, 2.29879897233e-05, 9.61665682553e-06, 6.82272820995e-06, 5.14138719154e-06, 3.38072163686e-06, 1.08428025669e-06, 4.43450005605e-07, 4.53281678858e-08, 1.04816144653e-09], "dvar": [6.04714189834e-09, 1.60916147252e-06, 1.47070077219e-05, 1.70733019331e-05, 3.47607638105e-05, 2.32803199651e-06, 9.31236911583e-07, 1.00803435998e-06, 3.70734483113e-07, 6.22845959697e-07, 7.1043848493e-07, 2.19096449428e-07, 1.24010398395e-07, 6.25810400834e-07, 2.81022203126e-05, 4.62539929913e-07, 5.07472819322e-08, 2.29629009141e-08, 1.07508277836e-08, 1.5295944511e-09, 8.96347607249e-10, 7.46826067655e-09, 1.45165435228e-09, 4.08173737865e-11, 6.98596692647e-12, 8.10625926193e-13, 3.81699701101e-16]}, "melbands_skewness": {"dvar2": 0.732327759266, "var": 2.90300631523, "min": -2.81090641022, "dmean": 0.493256211281, "mean": 2.65978527069, "max": 9.75772571564, "dmean2": 0.733529031277, "median": 2.5539329052, "dvar": 0.347081124783}, "barkbands_skewness": {"dvar2": 0.58227199316, "var": 1.92132151127, "min": -3.85159778595, "dmean": 0.431177943945, "mean": 2.11541509628, "max": 8.44307041168, "dmean2": 0.638749837875, "median": 2.03877019882, "dvar": 0.273227542639}, "erbbands": {"dvar2": [0.00106043438427, 0.251259207726, 12.5487976074, 95.432220459, 1174.01867676, 781.750854492, 179.351959229, 363.191497803, 349.546600342, 1743.95019531, 669.425292969, 371.645202637, 359.610534668, 1229.10449219, 1249.18127441, 1069.02648926, 637.454223633, 2207.66235352, 242358.375, 9325.44921875, 5550.79589844, 383.865600586, 132.127197266, 171.966430664, 40.0428733826, 12.8353128433, 4.36707830429, 5.66848897934, 30.7638759613, 20.5265331268, 1.01136648655, 0.0860398858786, 0.0259418562055, 0.00303675839677, 0.000745377328712, 0.000102229896584, 2.17768024413e-06, 1.77909900145e-08, 1.06469930095e-10, 3.30003496751e-10], "var": [0.00374867976643, 1.45609402657, 201.849182129, 333.743804932, 2090.39599609, 1250.06884766, 448.76864624, 795.124694824, 1192.23095703, 3063.33129883, 2295.87084961, 1574.19421387, 1439.578125, 4635.52148438, 2489.40380859, 915.744262695, 823.011962891, 1115.95422363, 59294.859375, 2893.70605469, 1203.8861084, 195.297470093, 70.5788803101, 65.807182312, 30.2967700958, 10.2091550827, 3.45134592056, 3.3404045105, 8.81437015533, 4.93056154251, 0.398610144854, 0.046097908169, 0.0149792842567, 0.00258344062604, 0.00054299517069, 6.4237821789e-05, 1.05043977783e-06, 7.33435179257e-09, 2.28047775108e-10, 1.07384923176e-09], "min": [2.23629873996e-22, 8.28586072385e-22, 3.46778790876e-21, 3.05789588338e-21, 2.42848401748e-20, 9.06256752668e-20, 8.67181645259e-20, 2.53022270918e-19, 2.15815234601e-19, 4.11287021861e-19, 2.93850691032e-19, 6.47411052689e-19, 1.02514313111e-18, 1.50322612481e-18, 2.04729951982e-18, 2.29491045272e-18, 2.92288446708e-18, 3.78265723654e-18, 3.83126650523e-18, 5.85909853614e-18, 6.43014184483e-18, 7.6014084991e-18, 8.09429730198e-18, 9.04455659942e-18, 9.29520721427e-18, 9.59379294562e-18, 1.00854492494e-17, 1.24920303256e-17, 1.5154246607e-17, 1.21080373688e-17, 1.16137630384e-17, 1.38825043917e-17, 1.06253665788e-17, 9.16789005593e-18, 6.87348583774e-18, 5.01111639913e-18, 2.84189190458e-18, 1.01734323152e-18, 3.06718881327e-19, 3.40888982187e-20], "dmean": [0.00674428511411, 0.161303758621, 1.29662287235, 3.31776952744, 9.69111728668, 7.10934400558, 4.22651481628, 6.28508758545, 6.12962675095, 8.76307964325, 5.51091718674, 5.22920274734, 4.69835758209, 6.83870697021, 6.91094446182, 4.53229141235, 6.97667360306, 7.14010715485, 23.5191993713, 13.0267896652, 7.10023117065, 3.39832878113, 2.51340007782, 2.05875372887, 1.27543699741, 0.891308963299, 0.495651364326, 0.476595878601, 0.502526521683, 0.37593999505, 0.187743887305, 0.0673335343599, 0.0321155376732, 0.0132844354957, 0.00649411557242, 0.00220348360017, 0.000300447980408, 2.16652842937e-05, 3.10818586513e-06, 6.346191185e-06], "mean": [0.0278725773096, 0.516270041466, 4.4144744873, 11.366891861, 20.0319156647, 18.3781051636, 13.7506504059, 20.0471057892, 21.1063899994, 23.3450527191, 16.4253196716, 18.4213562012, 17.7141151428, 18.3555488586, 16.1753101349, 8.91960811615, 13.8446044922, 11.8757829666, 23.8847980499, 18.4810466766, 7.87676620483, 5.13565540314, 4.08701944351, 3.4665658474, 2.33694911003, 1.65115046501, 0.948384284973, 0.794053673744, 0.695334374905, 0.484496235847, 0.287718951702, 0.0986328870058, 0.0494727268815, 0.0215127151459, 0.0101429764181, 0.00297075160779, 0.000354913529009, 2.76652372122e-05, 1.27767698359e-05, 2.77441904473e-05], "max": [0.514893531799, 13.9532499313, 173.229858398, 157.619903564, 752.918945312, 509.758575439, 279.14932251, 327.325927734, 342.272003174, 940.34375, 730.851318359, 582.06036377, 418.760253906, 1290.78613281, 1002.41705322, 865.691650391, 477.234313965, 851.621032715, 7954.53417969, 1708.17651367, 1263.94958496, 228.085632324, 136.537017822, 244.917251587, 117.575469971, 46.8337402344, 31.863576889, 32.2912826538, 118.17250824, 94.5648269653, 15.0973348618, 5.28948688507, 2.62459945679, 0.788134932518, 0.367448449135, 0.146283581853, 0.0162644013762, 0.00206562434323, 0.000168027894688, 0.000301279709674], "dmean2": [0.0100760059431, 0.211736723781, 1.45842897892, 4.85086727142, 14.3730239868, 10.8992004395, 6.03494405746, 9.27889728546, 8.97049808502, 13.4738035202, 7.34360313416, 6.88919591904, 5.68022441864, 8.80582904816, 9.37769031525, 6.55321311951, 9.7909154892, 10.6810817719, 41.3132400513, 21.7983226776, 12.5428886414, 5.59884500504, 4.17880535126, 3.4665286541, 2.00816106796, 1.42274177074, 0.770831763744, 0.734946191311, 0.800357282162, 0.616418123245, 0.295454591513, 0.10359659791, 0.0492518022656, 0.0194469224662, 0.00954830367118, 0.00329690612853, 0.000474234140711, 3.40709266311e-05, 4.36465325038e-06, 8.67085054779e-06], "median": [0.00297069340013, 0.0814915895462, 0.708683669567, 4.5133895874, 6.57696866989, 7.11645555496, 7.94159936905, 10.0782794952, 10.5343360901, 8.10636329651, 4.27872657776, 6.55974435806, 5.57178974152, 4.69111347198, 3.2157330513, 2.1320271492, 4.95553159714, 2.83096170425, 4.00596427917, 6.42209625244, 1.90964388847, 1.39859819412, 1.0754147768, 1.39161586761, 0.79615187645, 0.512477755547, 0.308648824692, 0.243053734303, 0.178604841232, 0.155602872372, 0.088808901608, 0.0283296424896, 0.0149307399988, 0.00697313435376, 0.00201398693025, 0.000408672378398, 5.563232844e-05, 6.50399533697e-06, 8.06998286862e-06, 1.75980985659e-05], "dvar": [0.000435660680523, 0.161194518209, 15.3032131195, 45.0389213562, 647.378540039, 335.724243164, 95.9976196289, 175.449584961, 165.824829102, 763.907958984, 462.374481201, 218.695007324, 220.489471436, 844.713439941, 724.238830566, 502.995178223, 290.125183105, 892.231201172, 87979.359375, 3378.2565918, 1911.56945801, 150.282318115, 49.3595275879, 64.8419342041, 17.119348526, 5.31282424927, 1.78123676777, 2.25254535675, 11.1477937698, 7.41069698334, 0.385196626186, 0.0353230647743, 0.0103344628587, 0.00144648947753, 0.000348009722074, 4.67474201287e-05, 9.37357185649e-07, 7.25904092391e-09, 4.61993984735e-11, 1.57844376458e-10]}, "silence_rate_30dB": {"dvar2": 0.0225150808692, "var": 0.0237751305103, "min": 0, "dmean": 0.00998531561345, "mean": 0.97563123703, "max": 1, "dmean2": 0.0199764985591, "median": 1, "dvar": 0.00988553557545}, "melbands_spread": {"dvar2": 56.7849273682, "var": 108.325775146, "min": 0.788618445396, "dmean": 2.67021727562, "mean": 11.0490055084, "max": 138.1197052, "dmean2": 4.14597797394, "median": 8.7537651062, "dvar": 24.0962677002}, "melbands_crest": {"dvar2": 12.2162504196, "var": 32.2978439331, "min": 1.30165791512, "dmean": 2.14018440247, "mean": 15.8306818008, "max": 33.0729370117, "dmean2": 3.30573773384, "median": 15.0755081177, "dvar": 4.99437475204}, "zerocrossingrate": {"dvar2": 2.88835617539e-05, "var": 0.000939385208767, "min": 0.0048828125, "dmean": 0.00405782507733, "mean": 0.0307938307524, "max": 0.51318359375, "dmean2": 0.00491480017081, "median": 0.02783203125, "dvar": 2.66714469035e-05}, "barkbands_kurtosis": {"dvar2": 71.7039489746, "var": 140.348266602, "min": -1.85177624226, "dmean": 3.34214043617, "mean": 9.68289852142, "max": 107.261207581, "dmean2": 5.05939149857, "median": 6.0143532753, "dvar": 32.9794502258}, "spectral_flux": {"dvar2": 0.00121024786495, "var": 0.00143296201713, "min": 6.3497727909e-11, "dmean": 0.0155617007986, "mean": 0.0440968982875, "max": 0.351272076368, "dmean2": 0.0247458741069, "median": 0.0349902808666, "dvar": 0.000505031726789}, "barkbands_crest": {"dvar2": 9.04850292206, "var": 21.293088913, "min": 3.24419999123, "dmean": 1.68646335602, "mean": 11.7390851974, "max": 25.6787815094, "dmean2": 2.62417411804, "median": 10.7576007843, "dvar": 3.5929543972}, "barkbands_flatness_db": {"dvar2": 0.000709846615791, "var": 0.00334567623213, "min": 0.0373710133135, "dmean": 0.017573626712, "mean": 0.225496396422, "max": 0.417347252369, "dmean2": 0.025531988591, "median": 0.216766774654, "dvar": 0.000336806115229}, "spectral_entropy": {"dvar2": 0.0668157413602, "var": 0.300575762987, "min": 5.04233789444, "dmean": 0.157814189792, "mean": 6.67403793335, "max": 9.80878448486, "dmean2": 0.235260888934, "median": 6.73126554489, "dvar": 0.0315781235695}, "pitch_salience": {"dvar2": 0.00680719595402, "var": 0.0167334806174, "min": 0.137181818485, "dmean": 0.0507336892188, "mean": 0.511261641979, "max": 0.939213216305, "dmean2": 0.0788996294141, "median": 0.521826088428, "dvar": 0.00285406410694}, "erbbands_spread": {"dvar2": 66.7631225586, "var": 140.677947998, "min": 1.1676710844, "dmean": 4.47482728958, "mean": 27.0869216919, "max": 77.8187561035, "dmean2": 6.71315860748, "median": 26.7194480896, "dvar": 29.1843757629}, "dynamic_complexity": 5.11360788345, "spectral_contrast_valleys": {"dvar2": [0.288332700729, 0.229518562555, 0.231542348862, 0.208087980747, 0.196467578411, 0.17452211678], "var": [3.45259237289, 3.56773114204, 2.89099740982, 2.82252550125, 2.43115139008, 1.6246291399], "min": [-27.6572227478, -27.896314621, -27.5937042236, -27.5176048279, -27.4366588593, -27.4748878479], "dmean": [0.368960112333, 0.298377335072, 0.298444241285, 0.286999166012, 0.247673854232, 0.235383599997], "mean": [-8.18167591095, -7.47221231461, -8.51467609406, -8.8779001236, -9.13801860809, -12.0993261337], "max": [-5.43340492249, -5.14425754547, -5.57662582397, -5.58530330658, -6.04248905182, -9.34958744049], "dmean2": [0.608276724815, 0.480514585972, 0.474496245384, 0.444398880005, 0.367902845144, 0.347230613232], "median": [-7.8499455452, -7.02490997314, -8.16674423218, -8.58704948425, -8.85262489319, -11.8709468842], "dvar": [0.128544688225, 0.114210352302, 0.11513774097, 0.112780787051, 0.107953175902, 0.0894892811775]}, "hfc": {"dvar2": 264.00302124, "var": 165.529174805, "min": 1.15213646479e-16, "dmean": 2.4977440834, "mean": 9.37118434906, "max": 290.554077148, "dmean2": 3.62387561798, "median": 6.1080160141, "dvar": 102.575057983}, "spectral_kurtosis": {"dvar2": 79.4050140381, "var": 105.111000061, "min": -1.24851536751, "dmean": 4.29317426682, "mean": 10.6796541214, "max": 100.631797791, "dmean2": 7.36635494232, "median": 7.86562919617, "dvar": 26.8494281769}, "mfcc": {"mean": [-736.507629395, 167.306213379, -3.02230715752, 25.7785434723, 0.27784383297, 3.69871473312, -14.4070663452, -3.09854221344, -8.71085929871, 1.95558953285, -5.62620830536, -11.9147815704, -6.41216278076], "cov": [[11906.5576172, 1976.48034668, -767.058349609, 691.059692383, 82.75340271, 725.895324707, -25.6552581787, -62.9745559692, -425.648284912, -391.627838135, -368.815490723, -213.763916016, 166.363723755], [1976.48034668, 1466.05932617, -116.705787659, 143.049316406, 109.671905518, -59.3822059631, -58.9560699463, -86.145866394, -131.635238647, -32.1222343445, -83.0205307007, -117.439697266, -9.40881252289], [-767.058349609, -116.705787659, 394.893096924, 35.4298782349, -24.1469326019, -54.7633132935, 25.4907207489, 25.1379718781, 47.6329116821, 55.4674072266, 14.4794721603, 0.362268984318, 18.3410663605], [691.059692383, 143.049316406, 35.4298782349, 300.407775879, 60.6726799011, 64.5016555786, 26.4552192688, 29.9726600647, -33.888710022, -28.769323349, -38.7051010132, -12.2214221954, 16.9320278168], [82.75340271, 109.671905518, -24.1469326019, 60.6726799011, 160.231338501, 29.0643520355, -2.51727676392, -2.03237175941, -19.151884079, 6.39682006836, -5.04174089432, -2.20845723152, 11.4599199295], [725.895324707, -59.3822059631, -54.7633132935, 64.5016555786, 29.0643520355, 254.443954468, 47.9735031128, 42.946723938, -49.1585121155, -32.4793243408, -18.390127182, -18.0379924774, 20.2198619843], [-25.6552581787, -58.9560699463, 25.4907207489, 26.4552192688, -2.51727676392, 47.9735031128, 147.725418091, 52.4415969849, 38.5756225586, 28.4403839111, 20.5610256195, 17.5440654755, 29.5369682312], [-62.9745559692, -86.145866394, 25.1379718781, 29.9726600647, -2.03237175941, 42.946723938, 52.4415969849, 141.397323608, 42.9116630554, 26.9388656616, 34.9096450806, 12.8336601257, 18.7271213531], [-425.648284912, -131.635238647, 47.6329116821, -33.888710022, -19.151884079, -49.1585121155, 38.5756225586, 42.9116630554, 175.32762146, 74.6368484497, 34.9289703369, 45.2410049438, 19.2348632812], [-391.627838135, -32.1222343445, 55.4674072266, -28.769323349, 6.39682006836, -32.4793243408, 28.4403839111, 26.9388656616, 74.6368484497, 153.185684204, 82.9003143311, 26.9933319092, 22.554933548], [-368.815490723, -83.0205307007, 14.4794721603, -38.7051010132, -5.04174089432, -18.390127182, 20.5610256195, 34.9096450806, 34.9289703369, 82.9003143311, 148.462219238, 54.086856842, 1.7724032402], [-213.763916016, -117.439697266, 0.362268984318, -12.2214221954, -2.20845723152, -18.0379924774, 17.5440654755, 12.8336601257, 45.2410049438, 26.9933319092, 54.086856842, 124.446540833, 35.6375427246], [166.363723755, -9.40881252289, 18.3410663605, 16.9320278168, 11.4599199295, 20.2198619843, 29.5369682312, 18.7271213531, 19.2348632812, 22.554933548, 1.7724032402, 35.6375427246, 120.371025085]], "icov": [[0.00020523549756, -0.000258875777945, 0.000277875806205, -0.000314955075737, 0.000345537089743, -0.000537873187568, 0.000124647893244, 7.64346114011e-05, -4.94539635838e-05, 0.000170005951077, 8.03620641818e-05, 1.61263687914e-05, -0.000316860008752], [-0.000258875777945, 0.00125561887398, -4.98746976518e-06, -5.92012074776e-05, -0.000833088473883, 0.00122744461987, -0.000173601772985, 0.000174629138201, 0.000577828846872, -0.000581681262702, 6.47511624265e-05, 0.000749828177504, 0.000147290877067], [0.000277875806205, -4.98746976518e-06, 0.00343733048066, -0.00121594429947, 0.000907266745344, 0.000206589364097, -0.00012516748393, -9.24987980397e-05, -7.8325967479e-05, -0.000898013648111, 0.000403101963457, 0.000707221275661, -0.000847656279802], [-0.000314955075737, -5.92012074776e-05, -0.00121594429947, 0.00491742743179, -0.00183763063978, 4.46961639682e-05, -0.000701203942299, -0.00122850597836, 0.000573431432713, 0.000274063990219, 0.000877237354871, -0.000705611135345, 0.000507871445734], [0.000345537089743, -0.000833088473883, 0.000907266745344, -0.00183763063978, 0.00792063400149, -0.00161567388568, 0.000708692939952, 0.000375746254576, 0.000325610890286, -0.000970840919763, 0.000330583250616, -0.000403804093366, -0.000892907730304], [-0.000537873187568, 0.00122744461987, 0.000206589364097, 4.46961639682e-05, -0.00161567388568, 0.00707768881693, -0.00199877959676, -0.00165534077678, 0.0020244885236, -0.00014525714505, 8.28248230391e-05, 0.000967317027971, -6.94129921612e-05], [0.000124647893244, -0.000173601772985, -0.00012516748393, -0.000701203942299, 0.000708692939952, -0.00199877959676, 0.00897583551705, -0.00178288447205, -0.00147488212679, -0.000507841643412, -0.000274155230727, -0.000233068756643, -0.00132111157291], [7.64346114011e-05, 0.000174629138201, -9.24987980397e-05, -0.00122850597836, 0.000375746254576, -0.00165534077678, -0.00178288447205, 0.00987525749952, -0.00236112019047, 0.000713001354598, -0.00257593765855, 0.00124136998784, -0.000847582006827], [-4.94539635838e-05, 0.000577828846872, -7.8325967479e-05, 0.000573431432713, 0.000325610890286, 0.0020244885236, -0.00147488212679, -0.00236112019047, 0.00963757187128, -0.00442071445286, 0.00247188354842, -0.0024613882415, 0.000383594218874], [0.000170005951077, -0.000581681262702, -0.000898013648111, 0.000274063990219, -0.000970840919763, -0.00014525714505, -0.000507841643412, 0.000713001354598, -0.00442071445286, 0.0130445724353, -0.0069016055204, 0.00217758421786, -0.00233257259242], [8.03620641818e-05, 6.47511624265e-05, 0.000403101963457, 0.000877237354871, 0.000330583250616, 8.28248230391e-05, -0.000274155230727, -0.00257593765855, 0.00247188354842, -0.0069016055204, 0.0129221789539, -0.00508298911154, 0.00234465440735], [1.61263687914e-05, 0.000749828177504, 0.000707221275661, -0.000705611135345, -0.000403804093366, 0.000967317027971, -0.000233068756643, 0.00124136998784, -0.0024613882415, 0.00217758421786, -0.00508298911154, 0.0124760856852, -0.00386575539596], [-0.000316860008752, 0.000147290877067, -0.000847656279802, 0.000507871445734, -0.000892907730304, -6.94129921612e-05, -0.00132111157291, -0.000847582006827, 0.000383594218874, -0.00233257259242, 0.00234465440735, -0.00386575539596, 0.0108532849699]]}, "silence_rate_20dB": {"dvar2": 0, "var": 0, "min": 1, "dmean": 0, "mean": 1, "max": 1, "dmean2": 0, "median": 1, "dvar": 0}, "melbands_kurtosis": {"dvar2": 158.779968262, "var": 322.326477051, "min": -1.73615777493, "dmean": 5.25292921066, "mean": 16.2431316376, "max": 168.76335144, "dmean2": 7.88685178757, "median": 10.485168457, "dvar": 73.3355407715}, "barkbands_spread": {"dvar2": 23.7903652191, "var": 35.6020584106, "min": 0.66056895256, "dmean": 2.06075787544, "mean": 9.09334087372, "max": 83.7863769531, "dmean2": 3.16592431068, "median": 7.87814044952, "dvar": 9.95697879791}, "erbbands_skewness": {"dvar2": 0.304761946201, "var": 2.1406378746, "min": -3.92668271065, "dmean": 0.309695214033, "mean": 0.96728092432, "max": 10.5652589798, "dmean2": 0.467316955328, "median": 0.75898039341, "dvar": 0.131548330188}, "average_loudness": 0.45863828063, "spectral_centroid": {"dvar2": 78660.0703125, "var": 360475.125, "min": 175.199539185, "dmean": 102.588104248, "mean": 654.401367188, "max": 11604.0478516, "dmean2": 159.305847168, "median": 565.424682617, "dvar": 37413.2382812}, "dissonance": {"dvar2": 0.00106687680818, "var": 0.00226146145724, "min": 0.17220275104, "dmean": 0.0220226608217, "mean": 0.429786324501, "max": 0.499518156052, "dmean2": 0.0370038300753, "median": 0.439543962479, "dvar": 0.00041568785673}, "erbbands_flatness_db": {"dvar2": 0.000593157776166, "var": 0.00221300590783, "min": 0.0551540628076, "dmean": 0.013732906431, "mean": 0.224514633417, "max": 0.369072407484, "dmean2": 0.0199078992009, "median": 0.21649646759, "dvar": 0.000268486444838}, "spectral_strongpeak": {"dvar2": 1.59938299656, "var": 0.800397098064, "min": 0, "dmean": 0.287974148989, "mean": 0.783306777477, "max": 17.1995487213, "dmean2": 0.476748555899, "median": 0.543197751045, "dvar": 0.617196202278}, "spectral_rms": {"dvar2": 9.58941541285e-07, "var": 6.43348539597e-06, "min": 3.18639710971e-12, "dmean": 0.000489054888021, "mean": 0.00420472724363, "max": 0.0164215639234, "dmean2": 0.000669942295644, "median": 0.00388731528074, "dvar": 4.84311215132e-07}, "silence_rate_60dB": {"dvar2": 0.0399400405586, "var": 0.122540868819, "min": 0, "dmean": 0.0193832591176, "mean": 0.142982974648, "max": 1, "dmean2": 0.0384841375053, "median": 0, "dvar": 0.0190061070025}, "melbands": {"dvar2": [1.27881264689e-07, 1.90035245851e-06, 6.18519379714e-06, 4.56824909634e-06, 3.63192583563e-07, 1.83426209333e-07, 7.3001743317e-08, 1.80577046649e-07, 3.84372498274e-08, 1.3201727711e-08, 8.97646756925e-09, 2.23592717674e-08, 2.65895074847e-08, 7.33729565994e-09, 3.15594506084e-09, 1.72092762263e-09, 9.09061181886e-09, 4.76406825101e-07, 2.07268911367e-07, 2.21101958964e-09, 9.27214038882e-09, 5.24770615851e-10, 1.28022412116e-10, 2.0666433842e-10, 1.34638314386e-10, 4.245795035e-11, 4.35572758417e-12, 9.3458504824e-12, 2.21467158848e-12, 1.2587208836e-12, 3.11243630695e-12, 7.74683268923e-12, 1.16626742985e-11, 5.99049455874e-12, 5.1136270782e-13, 6.29678600927e-14, 2.17884555071e-14, 1.37125647141e-14, 7.60642024085e-15, 1.58971609409e-15], "var": [4.71733443419e-07, 2.74303074548e-05, 1.35411773954e-05, 8.22313813842e-06, 7.18893090834e-07, 4.38496044808e-07, 2.59652210843e-07, 3.120187273e-07, 1.360066193e-07, 4.85979683162e-08, 3.55939597796e-08, 8.81372415051e-08, 5.50988019654e-08, 5.7150564281e-09, 3.84977960621e-09, 2.03782546393e-09, 3.72749964228e-09, 1.21920152196e-07, 4.72141685748e-08, 1.03144270902e-09, 1.98296290499e-09, 2.85275247869e-10, 6.33738894695e-11, 1.11714609785e-10, 4.57442590751e-11, 2.68797987341e-11, 4.18114241146e-12, 6.11039691067e-12, 1.72974796379e-12, 8.28279122806e-13, 1.64942538794e-12, 2.64561528067e-12, 2.81723104047e-12, 1.36375719745e-12, 2.01544849061e-13, 3.55709046745e-14, 1.09176964954e-14, 7.92670965623e-15, 4.81439805286e-15, 1.360806393e-15], "min": [3.03881152212e-24, 2.3098975376e-24, 4.29060657489e-25, 6.84258422505e-24, 2.95165856374e-24, 6.8253673358e-24, 3.46141633918e-24, 4.59281129907e-24, 1.89141175776e-24, 3.85274183527e-24, 4.75304867044e-24, 5.5629082641e-24, 6.04368664253e-24, 5.59955361416e-24, 6.0000137251e-24, 5.054672793e-24, 6.52075619142e-24, 6.3103397723e-24, 6.76474100865e-24, 6.68825699958e-24, 6.40608697581e-24, 6.48975947987e-24, 8.05801772047e-24, 5.31959200649e-24, 7.24592012842e-24, 5.11735370837e-24, 6.12521265608e-24, 5.65484448058e-24, 6.48651726155e-24, 5.31699665411e-24, 6.55914571295e-24, 7.56987138118e-24, 5.48994651898e-24, 6.83137845589e-24, 6.20201181507e-24, 7.58122387846e-24, 8.00216636838e-24, 5.83362521082e-24, 8.91793132742e-24, 6.53813834704e-24], "dmean": [9.82147685136e-05, 0.000500850845128, 0.000756817287765, 0.00063644075999, 0.000167820704519, 0.000141891548992, 9.20583988773e-05, 8.9413850219e-05, 4.35024339822e-05, 2.99408147839e-05, 2.35801162489e-05, 2.7806723665e-05, 3.21043007716e-05, 1.01264768091e-05, 1.5128151972e-05, 1.18769858091e-05, 1.34836818688e-05, 3.50590053131e-05, 2.63288075075e-05, 1.09668590085e-05, 8.90342380444e-06, 3.96485120291e-06, 2.00561476049e-06, 3.28589885612e-06, 1.57788667821e-06, 1.28715521441e-06, 5.32732258307e-07, 6.62277841457e-07, 3.46317676758e-07, 2.68635034217e-07, 3.05829331637e-07, 2.8293629839e-07, 2.82886048808e-07, 2.04313963081e-07, 1.35001840817e-07, 6.13258208659e-08, 3.21481330445e-08, 2.32996679728e-08, 1.83906649909e-08, 9.362397968e-09], "mean": [0.000345719017787, 0.00169804808684, 0.00226177438162, 0.00143847765867, 0.000539606087841, 0.000459780188976, 0.000322867708746, 0.000232530088397, 0.000135258727823, 0.000104107668449, 8.54678728501e-05, 7.24162455299e-05, 7.17653892934e-05, 1.78625923581e-05, 2.98505274259e-05, 2.2782061933e-05, 2.1250494683e-05, 3.48067260347e-05, 3.02590196952e-05, 1.60611762112e-05, 8.623263966e-06, 5.77352147957e-06, 3.12614929499e-06, 4.76825789519e-06, 2.49733238888e-06, 2.09151585295e-06, 1.04975276827e-06, 1.11169583761e-06, 6.16734553205e-07, 4.5703470164e-07, 4.73458214856e-07, 3.89827647496e-07, 3.550941301e-07, 2.45604724114e-07, 1.98022746645e-07, 8.70779075512e-08, 4.49218084952e-08, 3.51013369482e-08, 2.68456901154e-08, 1.46016994051e-08], "max": [0.00551960198209, 0.0634199976921, 0.0423380210996, 0.0378534980118, 0.0109513979405, 0.00763282831758, 0.00499775633216, 0.00934649258852, 0.00559348007664, 0.00316950073466, 0.00205331319012, 0.00569770904258, 0.00463409721851, 0.00238885148428, 0.000850690586958, 0.000679349235725, 0.00157308392227, 0.0111846840009, 0.00788709893823, 0.000549344636966, 0.00156173645519, 0.000324152031681, 0.000151728643687, 0.000158113820362, 0.000221814087126, 0.000115475595521, 2.65732633125e-05, 3.4698536183e-05, 2.38459524553e-05, 1.14836939247e-05, 2.69931642833e-05, 5.9333149693e-05, 7.09610321792e-05, 4.74349981232e-05, 8.88691010914e-06, 2.81487677967e-06, 2.64747836809e-06, 1.82591759312e-06, 1.50552386913e-06, 7.36351751129e-07], "dmean2": [0.000140978605486, 0.000578119943384, 0.0011079251999, 0.000955175550189, 0.000247237621807, 0.000207186167245, 0.000134125191835, 0.000137620212627, 5.68658506381e-05, 3.98147167289e-05, 2.83465396933e-05, 3.57585631718e-05, 4.34177127318e-05, 1.48583567352e-05, 2.14831215999e-05, 1.70111397892e-05, 2.05144624488e-05, 6.0569276684e-05, 4.54701621493e-05, 1.82558105735e-05, 1.58838611242e-05, 6.46227317702e-06, 3.2893478874e-06, 5.48402294953e-06, 2.69337647296e-06, 2.07557491194e-06, 8.23062805466e-07, 1.07287644369e-06, 5.43147393728e-07, 4.16520549607e-07, 4.7985446372e-07, 4.48951340104e-07, 4.65878116529e-07, 3.43463540275e-07, 2.14171649304e-07, 9.49147391793e-08, 5.09601996157e-08, 3.5973432233e-08, 2.74689551105e-08, 1.40313440866e-08], "median": [4.55267872894e-05, 0.000276047008811, 0.000875520287082, 0.000538472901098, 0.000295078498311, 0.000229368917644, 0.000161577947438, 7.24953861209e-05, 3.76820535166e-05, 3.7189493014e-05, 2.50209814112e-05, 1.6283855075e-05, 1.15602088044e-05, 3.03689148495e-06, 9.95072332444e-06, 7.54948541726e-06, 4.18643503508e-06, 4.89342619403e-06, 8.97062727745e-06, 5.46009596292e-06, 1.38111749948e-06, 1.3122441942e-06, 9.99168605631e-07, 8.39144263409e-07, 1.03437525922e-06, 7.29220118956e-07, 3.19896798828e-07, 3.03267597701e-07, 1.87090748227e-07, 1.39220119877e-07, 1.16959355978e-07, 9.22546874449e-08, 8.96962930597e-08, 8.16281868765e-08, 6.05368128959e-08, 2.15282351945e-08, 1.42434046779e-08, 1.01532506847e-08, 7.08399383598e-09, 4.63049332211e-09], "dvar": [6.04913239499e-08, 2.1244918571e-06, 2.92091453957e-06, 2.32862817029e-06, 1.67361449144e-07, 9.07174992903e-08, 3.50566189411e-08, 7.75056747671e-08, 2.63348809426e-08, 7.53183115876e-09, 5.56960166875e-09, 1.58561732633e-08, 1.56717163691e-08, 3.36944117052e-09, 1.45569933885e-09, 7.80576214776e-10, 3.42112649321e-09, 1.74267725583e-07, 7.40076586681e-08, 7.92693188867e-10, 3.18905457597e-09, 2.10375619702e-10, 4.90708237932e-11, 7.78000025514e-11, 5.02381261591e-11, 1.76893586584e-11, 1.84387661389e-12, 3.80256156424e-12, 9.02020428836e-13, 5.16108043889e-13, 1.2195357571e-12, 2.88567759098e-12, 4.18459537854e-12, 2.13649388979e-12, 1.94164413822e-13, 2.69098504872e-14, 8.74349759803e-15, 5.56540118081e-15, 3.20507759296e-15, 7.67432390761e-16]}, "spectral_skewness": {"dvar2": 0.406145095825, "var": 0.72162270546, "min": -0.0736751183867, "dmean": 0.374910980463, "mean": 2.2956302166, "max": 8.1462059021, "dmean2": 0.625535070896, "median": 2.11939120293, "dvar": 0.142924383283}, "melbands_flatness_db": {"dvar2": 0.000863569730427, "var": 0.00464128609747, "min": 0.00110153399874, "dmean": 0.0193793699145, "mean": 0.290355235338, "max": 0.510142564774, "dmean2": 0.0278802886605, "median": 0.28353112936, "dvar": 0.000428676285082}, "spectral_decrease": {"dvar2": 1.49626997013e-17, "var": 5.78141147008e-17, "min": -7.21438269125e-08, "dmean": 1.44868428364e-09, "mean": -6.32342489482e-09, "max": 4.6147605649e-23, "dmean2": 1.97608573949e-09, "median": -3.95769328421e-09, "dvar": 7.55763658263e-18}, "erbbands_crest": {"dvar2": 15.7203569412, "var": 36.7782745361, "min": 2.64750218391, "dmean": 2.06916499138, "mean": 11.5140943527, "max": 32.5121116638, "dmean2": 3.21499371529, "median": 9.6922416687, "dvar": 6.50285243988}, "gfcc": {"mean": [-106.265907288, 153.048233032, -125.962776184, 28.0084762573, -60.337802887, -2.26524758339, -39.7062187195, -10.2026472092, -16.2609767914, -13.1979980469, -13.8129835129, -15.9611816406, -6.89741182327], "cov": [[19263.3457031, 2082.60351562, -1611.69091797, 1050.20959473, 175.038360596, 129.363037109, -860.32989502, -1175.80688477, -715.460571289, -361.333984375, 287.539031982, 161.167816162, 270.744903564], [2082.60351562, 1134.29602051, -158.863571167, -80.647644043, 239.733184814, -302.276123047, -62.3192596436, -238.298675537, -12.4750699997, -176.682861328, 107.901100159, -122.038574219, 72.3620071411], [-1611.69091797, -158.863571167, 585.222106934, 33.7336463928, -15.4443359375, 39.1479797363, 137.850021362, 194.902389526, 63.8560028076, 51.3327674866, -32.1295280457, -9.65066146851, -21.7921829224], [1050.20959473, -80.647644043, 33.7336463928, 382.834259033, 41.2061386108, 75.6307678223, -25.437707901, -87.2287902832, -59.6339836121, -24.8165283203, 26.9417381287, 46.3510818481, 2.18368053436], [175.038360596, 239.733184814, -15.4443359375, 41.2061386108, 283.740631104, -41.6246337891, 28.4416809082, -27.7692050934, 7.4343996048, -31.0727615356, 25.7416248322, -19.2368125916, 0.380498707294], [129.363037109, -302.276123047, 39.1479797363, 75.6307678223, -41.6246337891, 295.991821289, 50.6312637329, 64.3507003784, 4.96934127808, 69.689163208, 2.65713000298, 54.337726593, -16.458656311], [-860.32989502, -62.3192596436, 137.850021362, -25.437707901, 28.4416809082, 50.6312637329, 227.011138916, 160.871383667, 65.726600647, 45.2596740723, -3.39378881454, -6.09171962738, -11.4858283997], [-1175.80688477, -238.298675537, 194.902389526, -87.2287902832, -27.7692050934, 64.3507003784, 160.871383667, 337.266937256, 124.938941956, 128.494689941, -41.0343704224, 9.63009738922, -38.6262893677], [-715.460571289, -12.4750699997, 63.8560028076, -59.6339836121, 7.4343996048, 4.96934127808, 65.726600647, 124.938941956, 153.6827