{"tonal": {"thpcp": [1, 0.848775804043, 0.603809177876, 0.476483613253, 0.374445289373, 0.496395200491, 0.670670151711, 0.604121088982, 0.596554279327, 0.691397130489, 0.593440175056, 0.542262613773, 0.527699828148, 0.424189388752, 0.58189535141, 0.806155443192, 0.64886623621, 0.420260220766, 0.375106185675, 0.447679966688, 0.725089550018, 0.923411130905, 0.663376092911, 0.392957806587, 0.355570852757, 0.34023219347, 0.388480007648, 0.449589639902, 0.470815956593, 0.577595174313, 0.747865498066, 0.68346196413, 0.566212117672, 0.694802284241, 0.852750658989, 0.922877967358], "hpcp": {"dmean2": [0.190313220024, 0.203863471746, 0.252970069647, 0.2752635777, 0.231087729335, 0.183299586177, 0.165755704045, 0.163812696934, 0.177387818694, 0.196917146444, 0.207324996591, 0.233084544539, 0.259658962488, 0.25091162324, 0.251010537148, 0.296766489744, 0.338689237833, 0.370957523584, 0.365234822035, 0.34955483675, 0.303089976311, 0.258028388023, 0.208696931601, 0.224001020193, 0.256096869707, 0.242899864912, 0.240600734949, 0.24889241159, 0.230485662818, 0.219932332635, 0.212829262018, 0.197320684791, 0.224317193031, 0.242478132248, 0.24867720902, 0.212224423885], "median": [0.0395484790206, 0.0637259781361, 0.149394631386, 0.179356783628, 0.127558112144, 0.0564491897821, 0.0414347052574, 0.0399450175464, 0.0499347299337, 0.0622533783317, 0.0691742822528, 0.0976909250021, 0.12929713726, 0.11664725095, 0.0992738157511, 0.136159241199, 0.15592238307, 0.188299924135, 0.213579699397, 0.168505683541, 0.0967952013016, 0.0619211606681, 0.0481046661735, 0.0701199918985, 0.0931474491954, 0.0912541300058, 0.0909738019109, 0.0903756469488, 0.0934194624424, 0.0855520144105, 0.0759825780988, 0.062269937247, 0.0859034061432, 0.112055137753, 0.106602326035, 0.0492007806897], "min": [0, 0, 0, 0, 0, 0, 0, 0, 0, 0, 0, 0, 0, 0, 0, 0, 0, 0, 0, 0, 0, 0, 0, 0, 0, 0, 0, 0, 0, 0, 0, 0, 0, 0, 0, 0], "dvar2": [0.085110142827, 0.0800421237946, 0.0893479883671, 0.103328816593, 0.0864381939173, 0.0809766799212, 0.0777281522751, 0.0741600170732, 0.07739110291, 0.0785168483853, 0.0804896429181, 0.0826599746943, 0.0896527916193, 0.0922114625573, 0.0967536866665, 0.116620160639, 0.142165020108, 0.154747158289, 0.145822331309, 0.141774311662, 0.136061713099, 0.128962188959, 0.098420329392, 0.101814597845, 0.11263910681, 0.098750218749, 0.101517856121, 0.108732320368, 0.0926600545645, 0.0840728357434, 0.0804669857025, 0.0825353339314, 0.088683269918, 0.100491292775, 0.107023976743, 0.101995788515], "dvar": [0.0307978373021, 0.0299748200923, 0.0339437462389, 0.0437267124653, 0.032452262938, 0.0283152256161, 0.0273784548044, 0.0260822474957, 0.0273339375854, 0.0289052501321, 0.0309538505971, 0.0319644920528, 0.038312278688, 0.0363198518753, 0.0349235013127, 0.0432092919946, 0.0585918687284, 0.060528319329, 0.0570579320192, 0.0553838312626, 0.0522991754115, 0.0475686043501, 0.0356956608593, 0.0374218337238, 0.0437345430255, 0.0391980968416, 0.0385064557195, 0.0436068624258, 0.0351555943489, 0.0330777429044, 0.0326017141342, 0.02970938012, 0.0336343646049, 0.0414163991809, 0.0400442294776, 0.0370960570872], "dmean": [0.108809836209, 0.119117334485, 0.152543157339, 0.166685909033, 0.138266935945, 0.106374464929, 0.0959039255977, 0.0934732556343, 0.102539077401, 0.115109547973, 0.121507696807, 0.138513207436, 0.15675714612, 0.150608107448, 0.144881919026, 0.175819456577, 0.201197773218, 0.218535616994, 0.213417813182, 0.204300522804, 0.173084661365, 0.145429193974, 0.117655910552, 0.129599809647, 0.151077061892, 0.142541274428, 0.142226278782, 0.146807074547, 0.135998785496, 0.129022285342, 0.125116065145, 0.114181384444, 0.131643980742, 0.14476467669, 0.145349010825, 0.120657682419], "max": [1, 1, 1, 1, 1, 1, 1, 1, 1, 1, 1, 1, 1, 1, 1, 1, 1, 1, 1, 1, 1, 1, 1, 1, 1, 1, 1, 1, 1, 1, 1, 1, 1, 1, 1, 1], "var": [0.0349787659943, 0.0382717587054, 0.0577781572938, 0.0951906964183, 0.0528766103089, 0.0321646034718, 0.0322000309825, 0.0291253365576, 0.0321364626288, 0.038935597986, 0.0416436642408, 0.0481659770012, 0.0739592090249, 0.0628792643547, 0.0465465597808, 0.0562652722001, 0.0877204015851, 0.0845739394426, 0.0922230631113, 0.0762855708599, 0.0579998604953, 0.0482791177928, 0.0329177714884, 0.0436118319631, 0.0744485408068, 0.0588685013354, 0.0575947351754, 0.0824117064476, 0.0552784651518, 0.0500117577612, 0.0536830872297, 0.033344950527, 0.0529460348189, 0.0995824486017, 0.0603325553238, 0.0408087223768], "mean": [0.1198002249, 0.142978608608, 0.231576800346, 0.294916123152, 0.211866959929, 0.125501617789, 0.113561086357, 0.10866227746, 0.124071508646, 0.143588513136, 0.150367707014, 0.184470519423, 0.238850906491, 0.218281909823, 0.180835023522, 0.221903756261, 0.272348791361, 0.294745832682, 0.319376826286, 0.271079331636, 0.192842662334, 0.15217782557, 0.119589149952, 0.158537119627, 0.214196503162, 0.192942276597, 0.190525606275, 0.220816224813, 0.189531043172, 0.17318610847, 0.168535098433, 0.135476261377, 0.185843899846, 0.257467359304, 0.207232832909, 0.134221374989]}, "tuning_equal_tempered_deviation": 0.09732747823, "chords_changes_rate": 0.0935990363359, "key_key": "D#", "tuning_diatonic_strength": 0.517068266869, "key_scale": "minor", "chords_number_rate": 0.00513285025954, "tuning_frequency": 435.700531006, "tuning_nontempered_energy_ratio": 0.803068697453, "chords_histogram": [29.1968593597, 6.21980667114, 3.65338158607, 4.92149782181, 0.392512083054, 16.5157012939, 1.32850241661, 11.8659420013, 1.11714971066, 8.63526535034, 3.71376800537, 0.634057998657, 0.362318843603, 0, 0.181159421802, 1.20772945881, 1.66062796116, 1.41908216476, 1.75120770931, 2.17391300201, 1.08695650101, 0.120772950351, 1.11714971066, 0.724637687206], "key_strength": 0.659587740898, "chords_key": "D#", "chords_strength": {"dmean2": 0.0159319769591, "median": 0.464107960463, "min": -1, "dvar2": 0.00144770066254, "dvar": 0.00073082948802, "dmean": 0.0141140306368, "max": 0.781653106213, "var": 0.0286249350756, "mean": 0.455021589994}, "chords_scale": "minor", "hpcp_entropy": {"dmean2": 1.09793078899, "median": 2.39346647263, "min": 0, "dvar2": 0.835337400436, "dvar": 0.323106914759, "dmean": 0.659529924393, "max": 4.69961643219, "var": 0.88403737545, "mean": 2.39787650108}}, "metadata": {"audio_properties": {"equal_loudness": 0, "codec": "flac", "downmix": "mix", "sample_rate": 44100, "analysis_sample_rate": 44100, "bit_rate": 0, "md5_encoded": "77f0ded287b9989be679c271325e0677", "length": 153.759994507, "replay_gain": -13.7990322113, "lossless": true}, "version": {"essentia_build_sha": "70f2e5ece6736b2c40cc944ad0e695b16b925413", "essentia": "2.1-beta2", "extractor": "music 1.0", "essentia_git_sha": "v2.1_beta2"}, "tags": {"title": ["The Memphis Train"], "barcode": ["081227763527"], "albumartist": ["Various Artists"], "tracktotal": ["27"], "language": ["English"], "musicbrainz_recordingid": ["15b28b40-8b47-4476-ba94-df74f8f735c4"], "mood": ["Extremely calm"], "album": ["What It Is! Funky Soul and Rare Grooves"], "musicbrainz_albumartistid": ["89ad4ac3-39f7-470e-963a-56509c546377"], "musicbrainz_releasetrackid": ["38f278e7-5f76-3a49-a1e4-ce710b9de709"], "discnumber": ["1"], "bpm": ["120"], "catalognumber": ["R2 77635"], "releasecountry": ["US"], "file_name": "05-The Memphis Train.flac", "compilation": ["1"], "acoustid_fingerprint": ["AQADtEmSTFKyREmSwZcRb7lwEtbHDBlevDrO4zdcpccP3rCY48Nxwmg_9EkLH_fxwzp-mAuhH_2KTxcqw2fw4Tye4_iiwh_kLsaJPDbafBL6HQ98CtdwIh8vlGQO3Ue9IX2OeshD9OHhSYwhHW_Q48fTox8y5bhWobfBazkQ_nAPTYx2HH04-MB1vEsOkxDz4x-O3wHv4-rxHr5e_PjxVfhHiMeJcAzxI9eKHmbwQZR39AG-A4109IixozlaD_WHfDz8xkhOnELfEcVRqcf1oe-R1keSljq69OCUH89xCdvDB_fwJME1-EbOGO_RJiyDKd0OfSH-hBCvIzvm4OSRN4RDsYKe5Lj0In-C_gi7QCeRy0dFWMYOx5SN_JD0E3UQqUuU4zvy9tAuIcd3jIswM0M3Kg-aSEke7BvyEz2J5mArjHugiiURZkyO-sSVHJcalAjDE7pxHmGaZMHkH__xMDuySyj5CA6VUoHiwZc-oSVRaNk5nDi-DA_D4HoIkUv04DaOKV-hHdwfPJUHpSaHZrKJPp9w5cbxJpIN1fWQl8JRTtHRMA6F6Tv8BblmiA-4I1UoHT-RQ8uJh8gTnDm-w-HHBF-OWD3uHCWJ5gfbKMNHQ7GO_ghjl7jyyDhx9Im-IvRd6D9qTUekjEHuoTlzVH8M-kQXHspOCv0O9Ygu49KNJzxOIc_QPBc0KnmEWIly8Phh4cOcHbGYHc2VQfOHJzpq8WjOFOETNCOPj8eLcy_KXjjh84jk3dDB8AuaJTruoYeWI09oPDoeAU2kbEXIRFfwfEMPJk9xzIGqHmGSHf3xHdfxJ2inI3wOPacQZ06kol2GZryOHthR38jaD_-hUePhHDocqUar4ImKqL1wNRa2SCIl_IhNMFHIrNAa6diRE31oeDmqNMNf9GimIyeS8XArPFSDWunwHzt6HU0-8EeeESWaOJGFvHvw68j1QwuTsCg_ZOVR5kcTOhOui2g0ykIfXEf04w_0D02GXElmuGIa5EFzKStxLyIeHflyXEZJasGPY0qO87ikKoibEA1flDxu4uZRHs2zTPjGB2cDRhSpQeRy4QgzBreD_aiewYmVo5QRNlyhZT-eHDmeo6mIfselD9d2XEWfCem0QauOVyLmvmhyZWCWDn8EVbrRFD0TPImO20KfU_AXiMsVVOoMec7xHL2OND1RksbJ4hIRSn8gHaGVuMT54Siz4KOOXDsU8kUewwvRHxcejnCjBafwo9F19MyRJzs-6YOWHj0rHJPWwzuFLK9xG2PzoUvRZNlxHYXbI-FzpA6v4KISF44Py8UV4qOxWTPy7ki4L7iiJIfroz-qj0ejiQXPI08G_QnSZqOCKzwOJueEHs8x7hqOeyHChDa0f8SH_MiPK-GhLzvyJMeJ7ia8dvhwRPIDPXqELM9gZTnxZDp-hDl08Yh-XNEjlBKPhmpwHfkJbVZiRDuFSqSFbw3oBw8qSSUs7phE5UGYE9OPMxe0MHqCkEp6_DgaGT36IW0uUHUOvdFBncZ1fJsJsYl-MJRx6oh_rCZRKTc8PjHqPcMn4TouofrRJInwB8kR_mieSfgHd4qFs8Oz8Mh1QruEtLqRD44J8euC-sGzH3qG5kGIL_jyJPirojlqfEje46eQL2joJ-gvnEMupjg068cUiSP-gxfa7nBdYTO-Hfsj-JD2Izp-9Cse4hpKVYePUNShi_BxH5ceI9fh6MeP86gkKmicrMIOnriuIVKe6CiPjyilXNDSHH0io3l7HNePJ8mOK4uhCye6Ew2Xy9h55JE0oilXot_xHI1iBT2L02Cuw4jERDzOZ4LG8vCJHufRR8GUA9kf7AnzoVFkovjRnEGkJ0LtHA5T0NOhn1Ba5vhx6CeuEDoN3ah6nMODB1UZhNlzRIyi47uh8UGzhfiRORd2XnhmhJoD8SGJVErSo5TxHP3QHNfxJPiPZ3zg9cGxR8hCOYaWLDbO8LicozyaaWuQR8NNNKiUSHiWSBsqXngJP5kRQqo_ROfxd2h21MKTHM1-_Giu40d-vNega1_RnkPzFteOHzs5qL_A5DqeDx6jI7TwJJGD2EzRw0qPUgnzDPcBbS3RjGBz4Uf-dJiS8-hzXMf3oKlz9OfQXA9CPZAVxFVwH-0CP6h-_Jj-DJmg9RWaF2XxKIXO4zx-_EHKxIxAWsdloXlQ8sEffNkx8UQT84jTXPgJfblw0WgeZYN3aMfF7HhS40sUo2fR5MIPnce0QEou3A_y42IQZopWTGUOnRfC5EEXiQ7xRJcwk_AZvMlzZH-gPDnyjEF54ktonDvyoXmOK6mKXMcn49xylBdOnHvgF-Gq446h5RkefCOmPFyhx0d_wi-soh-hiznMl8gdXDpcH1dyfMFzNFOmFOGPxA-YXEHFHfNi4SkeosmNrrkQG_oV9PAkq3jQRtlRUhvR5Ph0aEl1aN5wlB-2XCfqHLoy_AnC9Wi-4lKW4vqES0cfNP2I50SeQ49QKwjtGzvCoBR046wQfhfcEyYR8gkETQ6LRseVHG-PZonTCeUVaP_R5EbkpIlRLhesKUouoTJf8MERmRn0aUOYHT-eVnAk6vBRjdfw49yN9_AktPvgdYG_B_2DqNXxIQ_KHi5_PAkD_ygNHqmmJSVUJkEuNA8Y_cM__MHaqABiCKAEMGQEQMARJq4AQAAkDEMEEWKAI5QKBYRVQAglFCcAOIGAAMQggJgAFiAAkCIQCIUQEUAKKCxAxghDhTBMUGEcwI4hxBxgSEoGMTOMKUUMVUAIoQAATHAAgCBIESIEAUBoIgChTAggECHEMQUEIcoQYYgCBghHqGPQCIIAA0YAogQgBABBgAFIAWIFAoYAgowZxiKFhLRYAAACEsQwAAQjBghiGGFIECYAMAwYARAwSgEGgCLIAKIQMMRaBQogRgkDBEFAASIYQAYxJRgxRjLCiEJmAECQhI4AIhQBBIDDhAEESMaMcchoJQRTABKhAFFWSGeIAAQIIABTBjAllAOKOAGIUAA4ABBhiGJCkVACEAkAEIgiY4wQQhlDFTBACQKUckgwAoQCSAiAhFJCKMMEEASRAZAA0BBQgGOACSAAAYwQIwQyhgkAGCAIIkAYEIAQIQQQhAEDBXIGiQEQckQAKIQgBhg1ngHCEGEJJYIgBARByiDoGBEAAYIQcQIY7QBwQEBgABNAAIOUZAwQwpCCCBJCkDEAOcGQAIgYgRAQizAimDDCGIUEEMo4JCAgwCCkBRMGKoMIMUJAAgQ0Bg1kAKGGKAGABAIIiZiTxBBDAEECAQMcAMAzQAwyAgAIBCNQCKIYBIgQRwgTQiEjlFKGMACYEAoJJAgiQAmhDGESIaGoEcAQ4pAhCiIhoDAAECAAEIYQAwhARDEkCECCOQGIIcIgQRQgggCCADLAIaEAEIQY4hhyAiDEmBFECIQMQMIRBIwRhCFBKFBQIAKEMQAIABQwQAgBjBfMGaSAUcwAaBCgCAlCACAEAKOIccgYRgSBhFAjCEIKQKEMhUIgQoASxBBiBGAMSU2ICMA4SJAEggkDjBGCgAERUMQAghEAygkgCHIQCWEQYA4BAQUzAA"], "genre": ["R&B > Memphis Soul"], "musicbrainz_albumid": ["0193cad0-e753-4de0-b2b2-7a1c100b319b"], "disctotal": ["4"], "initialkey": ["2A"], "musicbrainz_artistid": ["af1f46fe-903c-4bbf-8e20-a3e114343bd0"], "grouping": ["R&B"], "artist": ["Rufus Thomas"], "artistsort": ["Thomas, Rufus"], "tracknumber": ["5"], "label": ["Rhino"], "albumartistsort": ["Various Artists"], "acoustid_id": ["7b10eb9e-8649-4d6a-85cd-13476329b335"], "script": ["Latin"], "musicbrainz_releasegroupid": ["3ae77ad3-6392-380b-8651-3990c6254fb2"]}}, "rhythm": {"bpm_histogram_first_peak_bpm": {"dmean2": 0, "median": 120, "min": 120, "dvar2": 0, "dvar": 0, "dmean": 0, "max": 120, "var": 0, "mean": 120}, "bpm": 119.702919006, "bpm_histogram_second_peak_spread": {"dmean2": 0, "median": 0, "min": 0, "dvar2": 0, "dvar": 0, "dmean": 0, "max": 0, "var": 0, "mean": 0}, "bpm_histogram_first_peak_weight": {"dmean2": 0, "median": 0.480891734362, "min": 0.480891734362, "dvar2": 0, "dvar": 0, "dmean": 0, "max": 0.480891734362, "var": 0, "mean": 0.480891734362}, "onset_rate": 3.53765559196, "beats_position": [0.522448956966, 1.06811785698, 1.60217678547, 2.12462592125, 2.65868473053, 3.12308382988, 3.5758728981, 4.02866220474, 4.48145103455, 4.93424034119, 5.38702917099, 5.85142850876, 6.29260778427, 6.73378658295, 7.18657588959, 7.61614513397, 8.03410434723, 8.45206356049, 8.87002277374, 9.26476192474, 9.63628101349, 10.0078001022, 10.3909292221, 10.7508392334, 11.110748291, 11.4706573486, 11.9814968109, 12.4923353195, 13.0147848129, 13.5372333527, 14.0480718613, 14.5589113235, 15.0697498322, 15.5805892944, 16.0914287567, 16.602268219, 17.1131057739, 17.6239452362, 18.1231746674, 18.6224040985, 19.1332416534, 19.6324710846, 20.1317005157, 20.642539978, 21.153377533, 21.6526069641, 22.1518363953, 22.6626758575, 23.1735134125, 23.6727428436, 24.1719722748, 24.6712017059, 25.1704311371, 25.6696586609, 26.168888092, 26.6681175232, 27.1673469543, 27.6665763855, 28.1658039093, 28.6766433716, 29.1874828339, 29.686712265, 30.1859397888, 30.68516922, 31.1843986511, 31.6720180511, 32.1596374512, 32.6472549438, 33.146484375, 33.6457138062, 34.1449432373, 34.6441726685, 35.1550102234, 35.6658477783, 36.1766891479, 36.6759185791, 37.1751480103, 37.6859855652, 38.1852149963, 38.6844444275, 39.1952819824, 39.7061233521, 40.1937408447, 40.6929702759, 41.192199707, 41.703037262, 42.2022666931, 42.7014961243, 43.2123336792, 43.7115631104, 44.2107925415, 44.7100219727, 45.2092514038, 45.7200889587, 46.2193183899, 46.718547821, 47.229385376, 47.7286148071, 48.2278442383, 48.7270736694, 49.2263031006, 49.7371406555, 50.2247619629, 50.723991394, 51.2232208252, 51.7108383179, 52.1984558105, 52.6976852417, 53.1969146729, 53.6845359802, 54.1721534729, 54.6597709656, 55.1473922729, 55.6234016418, 56.1110191345, 56.6102485657, 57.1094779968, 57.608707428, 58.1079368591, 58.6071662903, 59.1180038452, 59.6172332764, 60.1164627075, 60.6156921387, 61.1149177551, 61.6257591248, 62.1365966797, 62.6358261108, 63.135055542, 63.6458930969, 64.1567306519, 64.6675720215, 65.1784133911, 65.6776428223, 66.1768722534, 66.6761016846, 67.1753311157, 67.686164856, 68.1970062256, 68.7078475952, 69.2419052124, 69.7759628296, 70.2868041992, 70.7976379395, 71.2852630615, 71.7728805542, 72.2721099854, 72.7713394165, 73.2821731567, 73.7814025879, 74.2690200806, 74.7682495117, 75.2674789429, 75.766708374, 76.2775497437, 76.7883911133, 77.2876205444, 77.7868499756, 78.2860794067, 78.7853012085, 79.2961425781, 79.8069839478, 80.3178253174, 80.8170471191, 81.3162765503, 81.8155059814, 82.3147354126, 82.8255767822, 83.3248062134, 83.8240356445, 84.3348770142, 84.8341064453, 85.3333282471, 85.8325576782, 86.3317871094, 86.8310165405, 87.3302459717, 87.8294754028, 88.328704834, 88.8279342651, 89.3271636963, 89.8380050659, 90.3488388062, 90.8480682373, 91.3472976685, 91.8581390381, 92.3689804077, 92.8682098389, 93.36743927, 93.8550567627, 94.3658905029, 94.8767318726, 95.3875732422, 95.8868026733, 96.374420166, 96.8736495972, 97.3844909668, 97.8837203979, 98.3829498291, 98.8821716309, 99.381401062, 99.8922424316, 100.391471863, 100.879089355, 101.378318787, 101.877548218, 102.376777649, 102.864395142, 103.363624573, 103.862854004, 104.362083435, 104.872924805, 105.372154236, 105.871383667, 106.370613098, 106.858230591, 107.357460022, 107.856689453, 108.355918884, 108.855148315, 109.354377747, 109.853607178, 110.34122467, 110.840454102, 111.339683533, 111.838912964, 112.361358643, 112.872200012, 113.371429443, 113.870658875, 114.358276367, 114.84589386, 115.333511353, 115.832740784, 116.320358276, 116.807983398, 117.3072052, 117.806434631, 118.305664062, 118.804893494, 119.304122925, 119.803352356, 120.302581787, 120.801811218, 121.312652588, 121.811882019, 122.322715759, 122.82194519, 123.321174622, 123.832015991, 124.342857361, 124.853691101, 125.352920532, 125.852149963, 126.362991333, 126.873832703, 127.384666443, 127.872291565, 128.383132935, 128.893966675, 129.404800415, 129.904037476, 130.403259277, 130.902496338, 131.40171814, 131.9009552, 132.400177002, 132.911010742, 133.421859741, 133.921081543, 134.420318604, 134.919540405, 135.418777466, 135.906387329, 136.40562439, 136.893234253, 137.392471313, 137.880081177, 138.390930176, 138.890151978, 139.389389038, 139.88861084, 140.3878479, 140.898681641, 141.409515381, 141.92036438, 142.43119812, 142.930435181, 143.429656982, 143.928878784, 144.312011719, 144.683532715, 145.055053711, 145.426574707, 145.798095703, 146.169616699, 146.552734375, 146.93586731, 147.307388306, 147.678909302, 148.062042236, 148.445159912, 148.805084229, 149.164993286, 149.524902344, 149.884811401, 150.244720459, 150.604629517, 150.964538574, 151.324447632, 151.684356689, 152.044265747, 152.404174805, 152.764083862, 153.135604858], "beats_loudness": {"dmean2": 0.0156444814056, "median": 0.0274309813976, "min": 0, "dvar2": 0.000200748065254, "dvar": 6.25651955488e-05, "dmean": 0.00874168705195, "max": 0.0683149024844, "var": 0.0001723303576, "mean": 0.0249413195997}, "danceability": 1.32833945751, "bpm_histogram_second_peak_weight": {"dmean2": 0, "median": 0.0477707013488, "min": 0.0477707013488, "dvar2": 0, "dvar": 0, "dmean": 0, "max": 0.0477707013488, "var": 0, "mean": 0.0477707013488}, "beats_count": 315, "bpm_histogram_second_peak_bpm": {"dmean2": 0, "median": 167, "min": 167, "dvar2": 0, "dvar": 0, "dmean": 0, "max": 167, "var": 0, "mean": 167}, "bpm_histogram_first_peak_spread": {"dmean2": 0, "median": 0.41472864151, "min": 0.41472864151, "dvar2": 0, "dvar": 0, "dmean": 0, "max": 0.41472864151, "var": 0, "mean": 0.41472864151}, "beats_loudness_band_ratio": {"dmean2": [0.675056517124, 0.153332144022, 0.140566974878, 0.117436185479, 0.251352906227, 0.272348344326], "median": [0.187229543924, 0.138678371906, 0.0959077626467, 0.0882618874311, 0.171829327941, 0.236905261874], "min": [0, 0, 0, 0, 0, 0], "dvar2": [0.133170217276, 0.0186625570059, 0.0101016862318, 0.00946547929198, 0.0224428027868, 0.0360412709415], "dvar": [0.0408837944269, 0.00656081689522, 0.00364459096454, 0.00344006041996, 0.00672168470919, 0.0102671692148], "dmean": [0.340367615223, 0.0864460244775, 0.0777038186789, 0.0667510032654, 0.130699470639, 0.143658429384], "max": [0.915712416172, 0.605042457581, 0.704193532467, 0.53440284729, 0.486483126879, 0.676791846752], "var": [0.0525779649615, 0.00948936026543, 0.00727676972747, 0.00522191356868, 0.0103857284412, 0.0185962803662], "mean": [0.280024439096, 0.149769961834, 0.107784949243, 0.097812153399, 0.167095810175, 0.23077775538]}}, "lowlevel": {"barkbands_spread": {"dmean2": 10.5928201675, "median": 30.7230491638, "min": 0.804934561253, "dvar2": 154.919906616, "dvar": 69.7337875366, "dmean": 6.94906616211, "max": 130.33883667, "var": 280.759368896, "mean": 32.5692481995}, "melbands_spread": {"dmean2": 20.3353843689, "median": 41.5472068787, "min": 0.764131486416, "dvar2": 709.900634766, "dvar": 281.292510986, "dmean": 12.8558855057, "max": 220.409942627, "var": 847.147888184, "mean": 46.4091339111}, "hfc": {"dmean2": 12.254281044, "median": 13.1396551132, "min": 1.06217177197e-16, "dvar2": 637.093444824, "dvar": 289.564208984, "dmean": 8.68437385559, "max": 212.912826538, "var": 636.347351074, "mean": 20.871717453}, "barkbands_kurtosis": {"dmean2": 2.86942529678, "median": -0.675720453262, "min": -1.9380992651, "dvar2": 336.645721436, "dvar": 117.211074829, "dmean": 1.80955088139, "max": 575.666503906, "var": 91.602104187, "mean": 1.24240744114}, "gfcc": {"mean": [-54.3115081787, 64.1990280151, -131.930480957, 37.6711578369, -53.1830978394, 1.59928023815, -32.1592292786, 6.91734361649, -25.8036155701, -2.19069385529, -18.4595336914, 3.40336942673, -9.56865501404], "icov": [[0.000350548652932, -0.000834924110677, 0.000952036411036, -0.00106175825931, 0.00110972183757, -0.000949778710492, 0.000982680357993, -0.00102058937773, 0.000916999822948, -0.000945440726355, 0.0012148412643, -0.000945846259128, 0.000771378981881], [-0.000834924110677, 0.00303495512344, -0.00215944461524, 0.00254716118798, -0.0034525631927, 0.00289125042036, -0.00307549349964, 0.00331820663996, -0.00227936427109, 0.00220029312186, -0.00261920061894, 0.001928396523, -0.00127408374101], [0.000952036411036, -0.00215944461524, 0.00364436861128, -0.00323847401887, 0.00257229735143, -0.00295008998364, 0.00233901618049, -0.00208058883436, 0.00217345380224, -0.00309192901477, 0.00390091328882, -0.00351404119283, 0.00270089670084], [-0.00106175825931, 0.00254716118798, -0.00323847401887, 0.00517376512289, -0.0033814792987, 0.00230437610298, -0.00228614476509, 0.00245321891271, -0.00200043828227, 0.0030407414306, -0.00352095067501, 0.00256288889796, -0.00283239362761], [0.00110972183757, -0.0034525631927, 0.00257229735143, -0.0033814792987, 0.00683758035302, -0.00276085175574, 0.00203493051231, -0.00365943578072, 0.00212821131572, -0.00225942232646, 0.00298795010895, -0.000948310247622, 0.00109139457345], [-0.000949778710492, 0.00289125042036, -0.00295008998364, 0.00230437610298, -0.00276085175574, 0.00721921445802, -0.00445922464132, 0.00304142991081, -0.00288727809675, 0.00140041147824, -0.00213800230995, 0.00278004165739, -0.0018919223221], [0.000982680357993, -0.00307549349964, 0.00233901618049, -0.00228614476509, 0.00203493051231, -0.00445922464132, 0.0107435220852, -0.00576422456652, 0.00208322098479, -0.00103778438643, 0.00218450161628, -0.00350199802779, 0.00185350130778], [-0.00102058937773, 0.00331820663996, -0.00208058883436, 0.00245321891271, -0.00365943578072, 0.00304142991081, -0.00576422456652, 0.0131226461381, -0.0058924946934, 0.00512689491734, -0.00280225463212, 0.000569700147025, -0.00112190376967], [0.000916999822948, -0.00227936427109, 0.00217345380224, -0.00200043828227, 0.00212821131572, -0.00288727809675, 0.00208322098479, -0.0058924946934, 0.0140851242468, -0.00732784438878, 0.00349541171454, -0.00172761955764, 0.000303317268845], [-0.000945440726355, 0.00220029312186, -0.00309192901477, 0.0030407414306, -0.00225942232646, 0.00140041147824, -0.00103778438643, 0.00512689491734, -0.00732784438878, 0.016221974045, -0.00857456214726, 0.00495328707621, -0.00360508915037], [0.0012148412643, -0.00261920061894, 0.00390091328882, -0.00352095067501, 0.00298795010895, -0.00213800230995, 0.00218450161628, -0.00280225463212, 0.00349541171454, -0.00857456214726, 0.0178000014275, -0.00880170240998, 0.00448397593573], [-0.000945846259128, 0.001928396523, -0.00351404119283, 0.00256288889796, -0.000948310247622, 0.00278004165739, -0.00350199802779, 0.000569700147025, -0.00172761955764, 0.00495328707621, -0.00880170240998, 0.0182536486536, -0.00874911434948], [0.000771378981881, -0.00127408374101, 0.00270089670084, -0.00283239362761, 0.00109139457345, -0.0018919223221, 0.00185350130778, -0.00112190376967, 0.000303317268845, -0.00360508915037, 0.00448397593573, -0.00874911434948, 0.0199577007443]], "cov": [[28714.3867188, 491.41708374, -2890.25, 1645.58618164, -1764.87255859, 292.174560547, -732.962524414, 165.153213501, -570.137268066, -124.615753174, -336.050537109, 117.787223816, -138.919769287], [491.41708374, 1626.59729004, -36.0178871155, -176.872787476, 473.667541504, -210.168838501, 157.710479736, -72.9482192993, 22.8147411346, -24.5198822021, 15.8706274033, -33.9765892029, -23.1902599335], [-2890.25, -36.0178871155, 1279.25927734, 235.314941406, 135.517440796, 177.547866821, 67.9631195068, -35.9719581604, 47.3300819397, 53.6669197083, -20.1834926605, 43.1521911621, 3.19608044624], [1645.58618164, -176.872787476, 235.314941406, 632.143737793, -48.0825233459, 105.563774109, -34.8196716309, 22.6559429169, -36.5546226501, -14.3008651733, -24.8929920197, 31.2962055206, 17.4025115967], [-1764.87255859, 473.667541504, 135.517440796, -48.0825233459, 521.200317383, -39.6363067627, 123.699211121, 14.5924415588, 51.872428894, -11.1053352356, 10.7609767914, -34.3018188477, 10.1118421555], [292.174560547, -210.168838501, 177.547866821, 105.563774109, -39.6363067627, 300.43371582, 41.7541122437, 18.1318531036, 21.3186798096, 23.704044342, -20.1780490875, 4.29973649979, 4.40944290161], [-732.962524414, 157.710479736, 67.9631195068, -34.8196716309, 123.699211121, 41.7541122437, 202.530166626, 58.1567306519, 30.6065311432, -20.607755661, 10.995390892, 17.5629119873, 6.95328950882], [165.153213501, -72.9482192993, -35.9719581604, 22.6559429169, 14.5924415588, 18.1318531036, 58.1567306519, 145.602233887, 29.1498775482, -27.6606998444, -3.75868606567, 21.998998642, 5.79675769806], [-570.137268066, 22.8147411346, 47.3300819397, -36.5546226501, 51.872428894, 21.3186798096, 30.6065311432, 29.1498775482, 122.138572693, 42.3552322388, 11.8752603531, -1.61051774025, 12.3006076813], [-124.615753174, -24.5198822021, 53.6669197083, -14.3008651733, -11.1053352356, 23.704044342, -20.607755661, -27.6606998444, 42.3552322388, 115.972846985, 36.3065452576, -5.43438529968, 6.93782997131], [-336.050537109, 15.8706274033, -20.1834926605, -24.8929920197, 10.7609767914, -20.1780490875, 10.995390892, -3.75868606567, 11.8752603531, 36.3065452576, 103.466209412, 30.3757228851, 5.91451120377], [117.787223816, -33.9765892029, 43.1521911621, 31.2962055206, -34.3018188477, 4.29973649979, 17.5629119873, 21.998998642, -1.61051774025, -5.43438529968, 30.3757228851, 98.6076889038, 29.2152099609], [-138.919769287, -23.1902599335, 3.19608044624, 17.4025115967, 10.1118421555, 4.40944290161, 6.95328950882, 5.79675769806, 12.3006076813, 6.93782997131, 5.91451120377, 29.2152099609, 68.1221237183]]}, "spectral_energyband_middle_low": {"dmean2": 0.0040192832239, "median": 0.00290096015669, "min": 2.0104948158e-22, "dvar2": 7.64944270486e-05, "dvar": 2.84008547169e-05, "dmean": 0.00240718782879, "max": 0.0518879964948, "var": 2.9704764529e-05, "mean": 0.00440398510545}, "melbands_crest": {"dmean2": 4.74523019791, "median": 10.4168348312, "min": 1.53249120712, "dvar2": 18.3909263611, "dvar": 7.22778129578, "dmean": 2.91572809219, "max": 37.9369354248, "var": 24.7868328094, "mean": 11.2884807587}, "spectral_kurtosis": {"dmean2": 2.43162322044, "median": 3.56346559525, "min": -1.26217651367, "dvar2": 7.90569257736, "dvar": 3.00602960587, "dmean": 1.45623123646, "max": 31.9455566406, "var": 9.12800598145, "mean": 4.38314580917}, "spectral_rms": {"dmean2": 0.000839015119709, "median": 0.00316982786171, "min": 3.11052377432e-12, "dvar2": 1.4288859802e-06, "dvar": 6.76449189996e-07, "dmean": 0.00059010728728, "max": 0.00940659083426, "var": 2.70776536127e-06, "mean": 0.00312110921368}, "zerocrossingrate": {"dmean2": 0.014172250405, "median": 0.0869140625, "min": 0.00830078125, "dvar2": 0.000307337992126, "dvar": 0.000214453801163, "dmean": 0.0121976668015, "max": 0.51806640625, "var": 0.00373617955483, "mean": 0.0967776700854}, "silence_rate_60dB": {"dmean2": 0.113578006625, "median": 0, "min": 0, "dvar2": 0.114867031574, "dvar": 0.0535595193505, "dmean": 0.0567804276943, "max": 1, "var": 0.163889020681, "mean": 0.206552922726}, "erbbands_kurtosis": {"dmean2": 1.72393882275, "median": -0.0504233837128, "min": -1.8210722208, "dvar2": 6.80498552322, "dvar": 2.78034853935, "dmean": 1.07202041149, "max": 23.3225536346, "var": 6.03303766251, "mean": 0.654389202595}, "erbbands": {"dmean2": [0.0189556013793, 0.430630296469, 1.01726412773, 1.73961412907, 3.35947728157, 3.51400613785, 7.60931110382, 10.5753450394, 11.7364740372, 8.14104652405, 16.5280609131, 14.4122505188, 13.293806076, 13.0871210098, 12.5159444809, 14.3787603378, 16.1051692963, 15.9820833206, 14.0188875198, 15.0017108917, 18.369644165, 32.4552001953, 27.1771640778, 22.6587581635, 18.6960258484, 16.3286018372, 18.1111087799, 20.8067092896, 9.08541584015, 19.0411281586, 4.72396564484, 2.25686860085, 1.06425714493, 1.50549137592, 1.37516057491, 0.142691358924, 0.0266459677368, 0.00302932248451, 0.000356205244316, 3.74544179067e-05], "median": [0.00313828885555, 0.0861842781305, 0.326909393072, 0.508161067963, 0.893689155579, 1.61690402031, 2.17036509514, 2.18984246254, 1.58634591103, 1.80914962292, 2.54012084007, 3.88463807106, 4.7751493454, 5.14612674713, 4.39162349701, 4.84425878525, 4.63178730011, 4.60519886017, 4.51041889191, 5.98906040192, 11.2353515625, 17.8708000183, 16.1943531036, 10.7793006897, 10.3074684143, 7.92657136917, 5.5326166153, 4.00234746933, 2.14120411873, 2.35043811798, 0.860895693302, 0.368570506573, 0.148529171944, 0.0929232016206, 0.0682405456901, 0.013699461706, 0.00392238749191, 0.000925174739677, 0.000131956068799, 2.22373964789e-05], "min": [1.2420744957e-22, 4.4876618202e-22, 2.88212343633e-21, 5.7635267247e-21, 2.06223897684e-20, 2.86309892848e-20, 2.70740818912e-20, 6.41539504982e-20, 1.84979544027e-19, 1.51763654166e-19, 2.40186469913e-19, 2.87753930478e-19, 3.99356363241e-19, 5.57038365443e-19, 1.12771445765e-18, 1.51305303049e-18, 2.01957656159e-18, 2.36257362003e-18, 3.13598542482e-18, 3.75424689122e-18, 4.40600813845e-18, 5.25153024031e-18, 6.79408890664e-18, 7.62857890068e-18, 8.15487256542e-18, 9.01522808362e-18, 9.73314392752e-18, 1.0138935575e-17, 1.03727265946e-17, 1.29689264185e-17, 1.01222678856e-17, 1.10097483105e-17, 1.08796816038e-17, 8.24558532729e-18, 6.27613446325e-18, 4.1318908232e-18, 2.32677510428e-18, 8.14802888662e-19, 2.27560359194e-19, 2.57448931197e-20], "dvar2": [0.00169786636252, 1.03031146526, 5.4758887291, 15.6365308762, 45.4749488831, 37.0147476196, 256.504486084, 1004.09527588, 1341.13635254, 411.046783447, 1853.73583984, 1237.27294922, 1387.96691895, 1005.41589355, 818.694152832, 770.444274902, 1238.95178223, 1243.70861816, 860.637390137, 845.294372559, 1083.97558594, 3476.95947266, 2307.17163086, 1704.36022949, 1243.75769043, 1050.29772949, 1710.4810791, 3174.98657227, 515.963623047, 3204.60180664, 165.516738892, 38.7167472839, 9.7012758255, 28.8153133392, 26.3349285126, 0.225359126925, 0.0084366472438, 0.000101668862044, 1.52771588091e-06, 1.40298839213e-08], "dvar": [0.000831579091027, 0.442800998688, 2.03504514694, 5.53458976746, 16.9745082855, 14.5742788315, 96.0294876099, 356.393035889, 471.117828369, 168.313720703, 727.404541016, 606.192321777, 562.97857666, 416.457366943, 364.565338135, 356.149627686, 544.940979004, 513.995544434, 389.779418945, 376.795013428, 492.132843018, 1492.06555176, 1081.3338623, 733.135986328, 549.728393555, 483.39050293, 741.426025391, 1248.03833008, 220.070831299, 1260.64672852, 69.5309371948, 17.2885398865, 4.50598287582, 11.1239585876, 10.1393194199, 0.0896664261818, 0.00312102865428, 3.82955913665e-05, 5.63251887797e-07, 5.32175148393e-09], "dmean": [0.0130226761103, 0.279025822878, 0.602047741413, 0.988321483135, 1.98939573765, 2.13808989525, 4.52936840057, 6.05648326874, 6.65860080719, 5.00351142883, 10.1624498367, 9.51857662201, 8.39490509033, 8.36782455444, 8.16637134552, 9.3507938385, 10.1683073044, 10.1710090637, 9.28903961182, 9.74281311035, 12.2499666214, 21.0686397552, 18.1043109894, 14.7803344727, 12.3764438629, 11.0782194138, 11.9209594727, 13.2059965134, 5.87045955658, 11.7698936462, 3.00192666054, 1.45089614391, 0.703497290611, 0.93853199482, 0.865286707878, 0.0900163948536, 0.0159533713013, 0.00185868213885, 0.000215517880861, 2.36857868003e-05], "max": [0.348241537809, 9.09247303009, 23.7362918854, 30.4903259277, 45.8749465942, 53.1166381836, 107.951385498, 237.009384155, 223.288574219, 239.870376587, 340.773376465, 656.883117676, 618.563110352, 461.817596436, 517.169555664, 437.007446289, 453.67755127, 495.069915771, 688.191772461, 470.137512207, 811.110900879, 988.216918945, 884.750610352, 426.385223389, 433.226501465, 393.775299072, 442.585327148, 565.471313477, 316.164550781, 472.583618164, 158.344467163, 114.177703857, 64.7047119141, 81.7163696289, 101.375648499, 7.81160306931, 1.15361058712, 0.152827724814, 0.0199055187404, 0.00203775754198], "var": [0.00198996253312, 0.805033028126, 2.22166776657, 4.8932967186, 23.7702274323, 20.6757469177, 111.115318298, 272.971893311, 471.583526611, 341.283294678, 1052.12817383, 1450.2355957, 948.867431641, 1021.33679199, 1187.84204102, 1193.5255127, 1061.53088379, 949.929626465, 1232.78833008, 1032.75695801, 1412.87304688, 4410.87304688, 3627.23510742, 2055.33496094, 1400.86682129, 1186.91931152, 1357.07580566, 1471.3347168, 346.858703613, 1228.3671875, 98.9385757446, 32.3172225952, 10.5522575378, 12.0271205902, 9.12567615509, 0.093928784132, 0.0027585234493, 3.66634085367e-05, 4.44858983428e-07, 4.69170879924e-09], "mean": [0.0224449206144, 0.434459775686, 0.859256744385, 1.22420191765, 2.99836301804, 3.24096679688, 6.11778068542, 6.90130805969, 8.44563865662, 7.65193796158, 13.1404371262, 15.1611251831, 14.2099323273, 15.0466556549, 15.3944044113, 16.9708137512, 15.3544454575, 15.5833425522, 16.5843811035, 17.5578556061, 24.4152755737, 42.9332542419, 40.4448127747, 30.2976741791, 25.7103157043, 21.5103168488, 20.4459018707, 18.5760211945, 9.07082653046, 13.7246789932, 4.38051843643, 2.30010676384, 1.20836365223, 1.10170042515, 0.949420809746, 0.109736725688, 0.0194177180529, 0.00260094879195, 0.000293290388072, 3.91468020098e-05]}, "spectral_strongpeak": {"dmean2": 1.03717815876, "median": 0.346791177988, "min": 0, "dvar2": 3.4419260025, "dvar": 1.40366995335, "dmean": 0.602628409863, "max": 15.1584701538, "var": 2.76747441292, "mean": 1.06576740742}, "spectral_energy": {"dmean2": 0.00712597323582, "median": 0.0102990046144, "min": 9.91724203952e-21, "dvar2": 0.000163875287399, "dvar": 6.95880080457e-05, "dmean": 0.00477227009833, "max": 0.0906960442662, "var": 0.000139705400215, "mean": 0.0127603076398}, "average_loudness": 0.843127906322, "spectral_rolloff": {"dmean2": 1091.87536621, "median": 2756.25, "min": 21.533203125, "dvar2": 2514709.5, "dvar": 1115686, "dmean": 675.130004883, "max": 19379.8828125, "var": 5990336, "mean": 3031.72290039}, "spectral_centroid": {"dmean2": 480.387481689, "median": 2232.33520508, "min": 201.784881592, "dvar2": 349587.6875, "dvar": 156457.59375, "dmean": 314.859130859, "max": 11614.9316406, "var": 1220272.875, "mean": 2203.08447266}, "pitch_salience": {"dmean2": 0.0991626605392, "median": 0.60663408041, "min": 0.0656770467758, "dvar2": 0.00877590104938, "dvar": 0.00351845822297, "dmean": 0.0621576271951, "max": 0.930963933468, "var": 0.0154056530446, "mean": 0.598611712456}, "spectral_energyband_middle_high": {"dmean2": 0.00219065323472, "median": 0.00323763419874, "min": 1.25899544852e-21, "dvar2": 1.11819017548e-05, "dvar": 5.57304701942e-06, "dmean": 0.00155707460362, "max": 0.0395372100174, "var": 2.44892562478e-05, "mean": 0.00468542147428}, "spectral_contrast_coeffs": {"dmean2": [0.0789950191975, 0.0747226476669, 0.0608270540833, 0.0486087575555, 0.0375781208277, 0.0329333730042], "median": [-0.658178150654, -0.768738210201, -0.790706813335, -0.806396484375, -0.786074221134, -0.718085408211], "min": [-0.975598156452, -0.976963579655, -0.983537435532, -0.971498847008, -0.967541992664, -0.965501904488], "dvar2": [0.00418261997402, 0.003645560937, 0.00260251690634, 0.00162205530796, 0.00102846871596, 0.00093745457707], "dvar": [0.00162458105478, 0.0015436942922, 0.0010718567064, 0.000740346789826, 0.000480961694848, 0.000472784799058], "dmean": [0.0480583310127, 0.0461097247899, 0.037986535579, 0.0306410696357, 0.0238772761077, 0.02236398682], "max": [-0.318833976984, -0.375418305397, -0.481846660376, -0.534712553024, -0.560439109802, -0.589152634144], "var": [0.00826820079237, 0.00875674746931, 0.00640948815271, 0.00454821996391, 0.00365005224012, 0.00351534713991], "mean": [-0.656436800957, -0.754249632359, -0.781037569046, -0.794315695763, -0.781932115555, -0.72695016861]}, "melbands_skewness": {"dmean2": 1.02856886387, "median": 1.45344746113, "min": -2.87506389618, "dvar2": 1.54065930843, "dvar": 0.684616923332, "dmean": 0.675944566727, "max": 20.5106697083, "var": 2.80277681351, "mean": 1.82357311249}, "spectral_spread": {"dmean2": 692875.4375, "median": 3863168.25, "min": 1648678.25, "dvar2": 1109446885380.0, "dvar": 580316037120, "dmean": 470103.1875, "max": 42672176, "var": 12135491960800.0, "mean": 4396955}, "dissonance": {"dmean2": 0.0203118603677, "median": 0.483998686075, "min": 0.268647611141, "dvar2": 0.000582467473578, "dvar": 0.000227708515013, "dmean": 0.0122468974441, "max": 0.500000178814, "var": 0.000506234937347, "mean": 0.47748914361}, "spectral_skewness": {"dmean2": 0.324549138546, "median": 1.17363584042, "min": -0.0683670639992, "dvar2": 0.106970362365, "dvar": 0.0472100302577, "dmean": 0.20382834971, "max": 4.76958942413, "var": 0.197677731514, "mean": 1.25521075726}, "spectral_flux": {"dmean2": 0.0275613851845, "median": 0.0532309450209, "min": 6.51063231105e-11, "dvar2": 0.00125802552793, "dvar": 0.000642689818051, "dmean": 0.018600538373, "max": 0.248616799712, "var": 0.00169686798472, "mean": 0.0607028491795}, "spectral_contrast_valleys": {"dmean2": [0.758743047714, 0.730222225189, 0.599918425083, 0.509445846081, 0.426044136286, 0.4299916327], "median": [-8.09884929657, -7.31766414642, -7.63661241531, -7.85118913651, -7.31170701981, -10.488120079], "min": [-27.8349838257, -27.9374332428, -27.9388408661, -27.5360565186, -27.5814590454, -27.3354244232], "dvar2": [0.454317092896, 0.492243289948, 0.324891448021, 0.258064746857, 0.228959068656, 0.353042274714], "dvar": [0.223753035069, 0.243554860353, 0.168061256409, 0.152558088303, 0.150544211268, 0.191016867757], "dmean": [0.479120522738, 0.458182156086, 0.387496829033, 0.349886149168, 0.320763766766, 0.319789409637], "max": [-5.59063148499, -4.55727481842, -5.33871269226, -5.68769264221, -5.20276927948, -7.35401678085], "var": [4.71840715408, 4.76182365417, 4.58156871796, 4.55344009399, 4.97247934341, 4.20331573486], "mean": [-8.43889141083, -7.615213871, -7.96001815796, -8.17607116699, -7.69426774979, -10.7314319611]}, "erbbands_flatness_db": {"dmean2": 0.0246695838869, "median": 0.156686916947, "min": 0.0207092501223, "dvar2": 0.000660450954456, "dvar": 0.000345556763932, "dmean": 0.0169208180159, "max": 0.353631943464, "var": 0.00206447439268, "mean": 0.161317884922}, "spectral_energyband_high": {"dmean2": 0.00132254464552, "median": 0.000366723339539, "min": 7.09844557986e-21, "dvar2": 1.07848709376e-05, "dvar": 4.64860795546e-06, "dmean": 0.000901575549506, "max": 0.0298773944378, "var": 7.44518638385e-06, "mean": 0.00149825634435}, "spectral_entropy": {"dmean2": 0.190914422274, "median": 7.73544311523, "min": 5.55602788925, "dvar2": 0.047114815563, "dvar": 0.025110239163, "dmean": 0.134122490883, "max": 9.82113456726, "var": 0.16348041594, "mean": 7.73778772354}, "silence_rate_20dB": {"dmean2": 0, "median": 1, "min": 1, "dvar2": 0, "dvar": 0, "dmean": 0, "max": 1, "var": 0, "mean": 1}, "melbands_flatness_db": {"dmean2": 0.034670393914, "median": 0.143978849053, "min": 0.0031119317282, "dvar2": 0.00129413174, "dvar": 0.000630926224403, "dmean": 0.0234803147614, "max": 0.420345425606, "var": 0.00432667229325, "mean": 0.148389562964}, "barkbands": {"dmean2": [1.96558012249e-05, 0.00158309203107, 0.000870893534739, 0.000719485105947, 0.00110366905574, 0.00129124696832, 0.000709674786776, 0.000732411572244, 0.000681357865687, 0.0004119288933, 0.00031604571268, 0.000423635239713, 0.000388720276533, 0.000311909039738, 0.000332528550643, 0.000340313912602, 0.000547765754163, 0.000536421954166, 0.000379755249014, 0.000346918561263, 0.000525956857018, 0.000285048707156, 0.000332735246047, 7.9367098806e-05, 0.000162286916748, 1.70122621057e-05, 2.21935488298e-06], "median": [1.02332717233e-06, 0.000256942526903, 0.000234016362811, 0.000118741736514, 0.000491918937769, 0.00029435698525, 9.48152228375e-05, 8.86396446731e-05, 0.000176838526386, 0.000121684919577, 8.68059287313e-05, 0.000124920261442, 7.91046622908e-05, 7.76410306571e-05, 9.1200323368e-05, 0.000147094018757, 0.000274306425126, 0.000273589976132, 0.000189890342881, 0.000161583753652, 0.000125179256429, 5.97753132752e-05, 4.61428426206e-05, 1.22604933495e-05, 9.43291342992e-06, 2.24201585297e-06, 7.70578935771e-07], "min": [2.63113215061e-25, 5.4998475122e-24, 2.88508600031e-24, 9.08897136003e-25, 1.42690075615e-23, 5.62153009569e-24, 3.37724685274e-24, 8.75421981262e-24, 7.8641433201e-24, 1.52243212732e-23, 2.45203875535e-23, 3.12877538912e-23, 3.91032544702e-23, 4.24646791397e-23, 6.2261995526e-23, 6.15330817387e-2