{"tonal": {"thpcp": [1, 0.66696035862, 0.284884780645, 0.196768924594, 0.184893757105, 0.37001439929, 0.50683671236, 0.326218754053, 0.167729556561, 0.156565606594, 0.162663534284, 0.288648158312, 0.438207894564, 0.432339459658, 0.611860454082, 0.771949470043, 0.494010090828, 0.250296145678, 0.203912004828, 0.218795597553, 0.510842978954, 0.707993209362, 0.417857021093, 0.182135909796, 0.168467566371, 0.189924240112, 0.37293690443, 0.482511907816, 0.363358736038, 0.348579525948, 0.351223915815, 0.265102207661, 0.352968215942, 0.378997713327, 0.320130467415, 0.678983151913], "hpcp": {"dmean2": [0.136022955179, 0.136678621173, 0.172650411725, 0.227620154619, 0.255402445793, 0.267690807581, 0.263879477978, 0.249930799007, 0.204981610179, 0.161802813411, 0.168032795191, 0.215759903193, 0.226338878274, 0.191102921963, 0.132514849305, 0.130844324827, 0.148443192244, 0.192076981068, 0.227183789015, 0.223556533456, 0.205500945449, 0.17159755528, 0.172581776977, 0.248084843159, 0.241659387946, 0.227872759104, 0.343273639679, 0.32938477397, 0.305585056543, 0.214021071792, 0.154020607471, 0.144701451063, 0.191605210304, 0.206705600023, 0.173316583037, 0.144968390465], "median": [0.00555346393958, 0.00634842924774, 0.0267729125917, 0.0461083464324, 0.0505346506834, 0.089331202209, 0.0972759872675, 0.0536143966019, 0.0141214085743, 0.0106134815142, 0.0179004836828, 0.0628027543426, 0.0944747403264, 0.0562176443636, 0.0141297513619, 0.00946558546275, 0.00929387565702, 0.0270406249911, 0.0397860221565, 0.0328462906182, 0.0181509070098, 0.0144231459126, 0.0257746987045, 0.0361200273037, 0.0371595211327, 0.0304903201759, 0.125474750996, 0.197267189622, 0.097829118371, 0.0168200563639, 0.00748067768291, 0.00886963587254, 0.027102669701, 0.0382921174169, 0.0241095535457, 0.0078041520901], "min": [0, 0, 0, 0, 0, 0, 0, 0, 0, 0, 0, 0, 0, 0, 0, 0, 0, 0, 0, 0, 0, 0, 0, 0, 0, 0, 0, 0, 0, 0, 0, 0, 0, 0, 0, 0], "dvar2": [0.0860829874873, 0.078570201993, 0.0846245884895, 0.112617969513, 0.125301301479, 0.118561603129, 0.130174845457, 0.126157641411, 0.114439889789, 0.0885590165854, 0.0816794112325, 0.0936034247279, 0.0988454818726, 0.0760725140572, 0.0622087270021, 0.0727067366242, 0.0813507735729, 0.0945577770472, 0.112991929054, 0.12207685411, 0.108720682561, 0.0886509865522, 0.0721711069345, 0.143230825663, 0.123423568904, 0.106182448566, 0.153363451362, 0.14444129169, 0.132888883352, 0.103405401111, 0.0799944475293, 0.0787631049752, 0.100461959839, 0.106502115726, 0.0898146182299, 0.0860540419817], "dvar": [0.0318450704217, 0.0283259544522, 0.0312833823264, 0.0437782332301, 0.0464235432446, 0.0447781868279, 0.052992310375, 0.0463233292103, 0.0418984033167, 0.0329077094793, 0.0299042034894, 0.0357863306999, 0.0404099114239, 0.0281528234482, 0.022532729432, 0.0266009345651, 0.0295714922249, 0.0364557988942, 0.044376257807, 0.0450291596353, 0.0413516163826, 0.0347568951547, 0.0266488865018, 0.0520770810544, 0.0467981696129, 0.0377834104002, 0.0566449426115, 0.0619772598147, 0.0509662292898, 0.039485771209, 0.0307489018887, 0.0287007987499, 0.0368685983121, 0.0423090197146, 0.0339238904417, 0.030896615237], "dmean": [0.0744374617934, 0.0751700624824, 0.0982719883323, 0.131830275059, 0.145237803459, 0.155539467931, 0.155755624175, 0.144697606564, 0.113893769681, 0.0897885337472, 0.0931866616011, 0.127121582627, 0.135919213295, 0.112392008305, 0.0750589594245, 0.0723676458001, 0.0823176279664, 0.110469430685, 0.130993902683, 0.126258388162, 0.116618409753, 0.0979435965419, 0.0971799045801, 0.136641606688, 0.135396644473, 0.128014698625, 0.196171343327, 0.194262877107, 0.178203970194, 0.11931296438, 0.0853412672877, 0.0807139724493, 0.109758846462, 0.121882781386, 0.09897249192, 0.0797783061862], "max": [1, 1, 1, 1, 1, 1, 1, 1, 1, 1, 1, 1, 1, 1, 1, 1, 1, 1, 1, 1, 1, 1, 1, 1, 1, 1, 1, 1, 1, 1, 1, 1, 1, 1, 1, 1], "var": [0.0249679144472, 0.0225848741829, 0.0333611406386, 0.0606413558125, 0.05507883057, 0.0771744474769, 0.120774663985, 0.0626788809896, 0.0345238856971, 0.0280204750597, 0.0246750377119, 0.0622302740812, 0.105105988681, 0.0414054431021, 0.0185299776495, 0.0213135704398, 0.0241069179028, 0.0512476079166, 0.073683179915, 0.0464348085225, 0.0496776290238, 0.0583272874355, 0.0280449911952, 0.0462829247117, 0.0530618615448, 0.0359813645482, 0.0787263140082, 0.138640388846, 0.0834266841412, 0.0384465828538, 0.0294181518257, 0.0239536240697, 0.0459019578993, 0.0795160606503, 0.0424169264734, 0.0233381148428], "mean": [0.0561298504472, 0.0583159960806, 0.103482358158, 0.15710054338, 0.154996678233, 0.219356179237, 0.276749193668, 0.177106022835, 0.0897328928113, 0.0731038600206, 0.0784397274256, 0.183140724897, 0.253820449114, 0.149804621935, 0.0652969777584, 0.0603967830539, 0.0680891498923, 0.133700445294, 0.172983840108, 0.130266606808, 0.124968156219, 0.125916197896, 0.0950409695506, 0.126541540027, 0.135873287916, 0.114768981934, 0.243420138955, 0.358506888151, 0.239109888673, 0.102133154869, 0.0705430135131, 0.0662856847048, 0.132652714849, 0.181704461575, 0.116951666772, 0.060132201761]}, "tuning_equal_tempered_deviation": 0.0235598478466, "chords_changes_rate": 0.0501144751906, "key_key": "B", "tuning_diatonic_strength": 0.655998945236, "key_scale": "major", "chords_number_rate": 0.00228949380107, "tuning_frequency": 440.254241943, "tuning_nontempered_energy_ratio": 0.682402968407, "chords_histogram": [31.0862369537, 0.559654057026, 34.4187240601, 1.34825742245, 1.06843042374, 0, 0.254388183355, 0, 0.0254388190806, 0.0254388190806, 0.839481055737, 0, 0, 0, 0, 0, 0, 4.14652776718, 0, 2.64563727379, 0.763164579868, 11.9053678513, 3.53599596024, 7.37725782394], "key_strength": 0.911114394665, "chords_key": "F#", "chords_strength": {"dmean2": 0.0109913991764, "median": 0.538535237312, "min": -1, "dvar2": 0.00106829381548, "dvar": 0.000551451987121, "dmean": 0.0112150330096, "max": 0.75328284502, "var": 0.0258967671543, "mean": 0.520722985268}, "chords_scale": "major", "hpcp_entropy": {"dmean2": 1.01006948948, "median": 2.08620715141, "min": 0, "dvar2": 0.723156571388, "dvar": 0.272537767887, "dmean": 0.610175669193, "max": 4.26467323303, "var": 0.560147166252, "mean": 2.04015994072}}, "metadata": {"audio_properties": {"equal_loudness": 0, "codec": "flac", "downmix": "mix", "sample_rate": 44100, "analysis_sample_rate": 44100, "bit_rate": 0, "md5_encoded": "7a7c795dc26547700012847456a952e2", "length": 182.493331909, "replay_gain": -9.34801292419, "lossless": true}, "version": {"essentia_build_sha": "70f2e5ece6736b2c40cc944ad0e695b16b925413", "essentia": "2.1-beta2", "extractor": "music 1.0", "essentia_git_sha": "v2.1_beta2"}, "tags": {"title": ["Heartbroke"], "language": ["English"], "albumartist": ["Guy Clark"], "tracktotal": ["15"], "musicbrainz_releasegroupid": ["4ed3fa9b-a473-3031-b108-3c88dac0a6fc"], "musicbrainz_recordingid": ["15b2dadc-8e66-46d1-af64-5167dfecb836"], "artistsort": ["Clark, Guy"], "musicbrainz_discid": ["4W_Yon2XpCRU0eeUrYBm3yY9oDk-"], "musicbrainz_albumartistid": ["e885f72e-4617-46de-9454-5485061f29b3"], "discnumber": ["02"], "album": ["Craftsman"], "file_name": "01_heartbroke.flac", "date": ["1995"], "genre": ["Country"], "musicip_puid": ["1cecf4d0-0828-b5b3-e639-62aaea999b6e"], "script": ["Latin"], "asin": ["B0000003VU"], "musicbrainz_albumid": ["47ef5388-0d7b-481a-b47b-c41cc4e379c9"], "artist": ["Guy Clark"], "disctotal": ["02"], "tracknumber": ["01"], "albumartistsort": ["Clark, Guy"], "musicbrainz_artistid": ["e885f72e-4617-46de-9454-5485061f29b3"]}}, "rhythm": {"bpm_histogram_first_peak_bpm": {"dmean2": 0, "median": 94, "min": 94, "dvar2": 0, "dvar": 0, "dmean": 0, "max": 94, "var": 0, "mean": 94}, "bpm": 94.6302337646, "bpm_histogram_second_peak_spread": {"dmean2": 0, "median": 0.5, "min": 0.5, "dvar2": 0, "dvar": 0, "dmean": 0, "max": 0.5, "var": 0, "mean": 0.5}, "bpm_histogram_first_peak_weight": {"dmean2": 0, "median": 0.555944085121, "min": 0.555944085121, "dvar2": 0, "dvar": 0, "dmean": 0, "max": 0.555944085121, "var": 0, "mean": 0.555944085121}, "onset_rate": 3.81899285316, "beats_position": [0.66176867485, 1.31192743778, 1.95047616959, 2.58902478218, 3.22757363319, 3.86612248421, 4.5046710968, 5.13160991669, 5.7701587677, 6.40870714188, 7.04725599289, 7.6858048439, 8.31274318695, 8.95129203796, 9.58984088898, 10.2167797089, 10.8553285599, 11.4938774109, 12.1208162308, 12.7477550507, 13.3863039017, 14.0248527527, 14.6517915726, 15.2787294388, 15.9056682587, 16.5326080322, 17.1595458984, 17.786485672, 18.4250335693, 19.0635814667, 19.7021312714, 20.3406791687, 20.9676189423, 21.6061668396, 22.2447166443, 22.8716545105, 23.4985942841, 24.1371421814, 24.7756919861, 25.4026298523, 26.0411777496, 26.6797275543, 27.3182754517, 27.9568252563, 28.5837631226, 29.2107028961, 29.8492507935, 30.4878005981, 31.1263484955, 31.7648983002, 32.4034461975, 33.0419960022, 33.6805419922, 34.3190917969, 34.9460296631, 35.572971344, 36.211517334, 36.8500671387, 37.4770050049, 38.1155548096, 38.7541046143, 39.3810424805, 40.0079803467, 40.6349182129, 41.2850799561, 41.923625946, 42.5621757507, 43.2007255554, 43.8392753601, 44.4662132263, 45.0931510925, 45.7200889587, 46.3586387634, 46.9971885681, 47.6241264343, 48.262676239, 48.901222229, 49.5281639099, 50.1551017761, 50.7936515808, 51.4321975708, 52.0591392517, 52.6976852417, 53.3362350464, 53.9631729126, 54.5901107788, 55.2286605835, 55.8672103882, 56.4941482544, 57.1210861206, 57.7480278015, 58.3749656677, 59.0019035339, 59.6404533386, 60.2789993286, 60.9059410095, 61.5328788757, 62.1598167419, 62.7983665466, 63.4369163513, 64.0638504028, 64.6907958984, 65.3293380737, 65.9678878784, 66.6064376831, 67.2449874878, 67.871925354, 68.5104751587, 69.1490249634, 69.7875747681, 70.4261245728, 71.053062439, 71.6916122437, 72.3301544189, 72.9570999146, 73.5956420898, 74.2341918945, 74.8611297607, 75.488067627, 76.1150131226, 76.7535552979, 77.3921051025, 78.0422668457, 78.6808166504, 79.3193664551, 79.9463043213, 80.5732421875, 81.2001800537, 81.8503417969, 82.4888839722, 83.1274337769, 83.7659835815, 84.4045333862, 85.0430831909, 85.6816329956, 86.3085708618, 86.935508728, 87.5624465942, 88.2009963989, 88.8395462036, 89.4780960083, 90.116645813, 90.7435836792, 91.3821334839, 92.0206756592, 92.6476211548, 93.2861633301, 93.9247131348, 94.551651001, 95.1785888672, 95.8171386719, 96.4556884766, 97.0826263428, 97.709564209, 98.3365097046, 98.9634475708, 99.6019973755, 100.240539551, 100.867477417, 101.494422913, 102.121360779, 102.759910583, 103.38684845, 104.013786316, 104.652336121, 105.279273987, 105.917823792, 106.556373596, 107.183311462, 107.821853638, 108.460403442, 109.087341309, 109.725891113, 110.364440918, 110.991378784, 111.629928589, 112.268478394, 112.89541626, 113.522354126, 114.160903931, 114.799453735, 115.43800354, 116.076553345, 116.715103149, 117.353645325, 117.992195129, 118.630744934, 119.269294739, 119.907844543, 120.53478241, 121.173332214, 121.811882019, 122.438819885, 123.07736969, 123.715919495, 124.35446167, 124.993011475, 125.631561279, 126.270111084, 126.908660889, 127.547210693, 128.197372437, 128.835922241, 129.474472046, 130.12461853, 130.774780273, 131.40171814, 132.040267944, 132.678817749, 133.305755615, 133.94430542, 134.582855225, 135.221405029, 135.859954834, 136.4868927, 137.125442505, 137.76399231, 138.390930176, 139.02947998, 139.668029785, 140.30657959, 140.945129395, 141.58366394, 142.222213745, 142.849151611, 143.476104736, 144.114639282, 144.753189087, 145.40335083, 146.041900635, 146.680450439, 147.307388306, 147.934326172, 148.561264038, 149.188201904, 149.826751709, 150.465301514, 151.09223938, 151.730789185, 152.369338989, 152.996276855, 153.623214722, 154.250152588, 154.877090454, 155.50402832, 156.130966187, 156.757904053, 157.396453857, 158.035003662, 158.661941528, 159.288879395, 159.904220581, 160.542770386, 161.181304932, 161.819854736, 162.458404541, 163.096954346, 163.723892212, 164.362442017, 165.000991821, 165.627929688, 166.254867554, 166.88180542, 167.520355225, 168.158905029, 168.785842896, 169.412780762, 170.039718628, 170.666656494, 171.293609619, 171.920547485, 172.547485352, 173.174423218, 173.812973022, 174.439910889, 175.066848755, 175.693786621, 176.309112549, 176.936050415, 177.539764404, 178.143493652, 178.723983765, 179.304489136, 179.884979248, 180.477096558, 181.115646362, 181.754196167], "beats_loudness": {"dmean2": 0.0273139644414, "median": 0.0201175864786, "min": 0, "dvar2": 0.000880388426594, "dvar": 0.000378273893148, "dmean": 0.0164669584483, "max": 0.113632239401, "var": 0.000522841583006, "mean": 0.027611201629}, "danceability": 1.15766131878, "bpm_histogram_second_peak_weight": {"dmean2": 0, "median": 0.0104895103723, "min": 0.0104895103723, "dvar2": 0, "dvar": 0, "dmean": 0, "max": 0.0104895103723, "var": 0, "mean": 0.0104895103723}, "beats_count": 287, "bpm_histogram_second_peak_bpm": {"dmean2": 0, "median": 103, "min": 103, "dvar2": 0, "dvar": 0, "dmean": 0, "max": 103, "var": 0, "mean": 103}, "bpm_histogram_first_peak_spread": {"dmean2": 0, "median": 0.432142853737, "min": 0.432142853737, "dvar2": 0, "dvar": 0, "dmean": 0, "max": 0.432142853737, "var": 0, "mean": 0.432142853737}, "beats_loudness_band_ratio": {"dmean2": [0.308097064495, 0.22328107059, 0.204895153642, 0.208796933293, 0.0879916772246, 0.0620189718902], "median": [0.410534501076, 0.206477642059, 0.0890829190612, 0.071532048285, 0.0636658519506, 0.0336193069816], "min": [0, 0, 0, 0, 0, 0], "dvar2": [0.0496282242239, 0.0346441417933, 0.0535519868135, 0.0614318996668, 0.00697245867923, 0.0086338063702], "dvar": [0.0203870385885, 0.0127382809296, 0.0185984522104, 0.0243030637503, 0.00254346197471, 0.00302643189207], "dmean": [0.182976081967, 0.131962314248, 0.119245819747, 0.118498064578, 0.0514000169933, 0.0362749360502], "max": [0.906737744808, 0.699351966381, 0.782561898232, 0.72440880537, 0.464980900288, 0.622091472149], "var": [0.0422913096845, 0.0187219493091, 0.022958131507, 0.0231976732612, 0.00437877094373, 0.00291751581244], "mean": [0.415332108736, 0.221788018942, 0.147874653339, 0.12890842557, 0.0826426595449, 0.0489384792745]}}, "lowlevel": {"barkbands_spread": {"dmean2": 11.0352163315, "median": 14.4077949524, "min": 0.781221210957, "dvar2": 339.731384277, "dvar": 143.914199829, "dmean": 6.96253347397, "max": 118.891197205, "var": 263.60848999, "mean": 18.7873191833}, "melbands_spread": {"dmean2": 9.90250015259, "median": 16.1700515747, "min": 0.601973891258, "dvar2": 214.031997681, "dvar": 87.8665771484, "dmean": 6.14356422424, "max": 251.080841064, "var": 372.240509033, "mean": 19.9518222809}, "hfc": {"dmean2": 11.0452013016, "median": 5.88174104691, "min": 1.0679810945e-16, "dvar2": 617.03338623, "dvar": 255.395767212, "dmean": 7.26561021805, "max": 214.684112549, "var": 501.739776611, "mean": 14.7136669159}, "barkbands_kurtosis": {"dmean2": 6.87353134155, "median": 2.13455104828, "min": -1.94258272648, "dvar2": 177.986083984, "dvar": 72.1098937988, "dmean": 4.23472261429, "max": 109.967185974, "var": 114.178817749, "mean": 5.85007858276}, "gfcc": {"mean": [-72.9840621948, 112.971763611, -100.192153931, 14.903459549, -35.7358360291, 12.5549383163, -38.711315155, -0.229980736971, -19.4700393677, -2.19689321518, -17.5035037994, 0.165744483471, -8.09792137146], "icov": [[0.000103265156213, -0.000107317107904, 0.000233657803619, -0.000235095270909, 0.000233791128267, -0.000305909547023, 0.000262571702478, -0.000293619377771, 0.000482005736558, -0.000316572230076, 0.000513134582434, -0.00024233062868, 0.000371763249859], [-0.000107317107904, 0.000956313451752, 0.000126154904137, 0.000553155899979, -0.000427995168138, 0.000191461338545, -0.000218166489503, 0.00060080375988, -0.00133739446755, 0.00121991115157, -0.00119856500532, 0.00109088583849, -0.00141610461287], [0.000233657803619, 0.000126154904137, 0.00163920293562, -0.000926191802137, 0.000694937887602, -0.00128216471057, 0.000861189852003, -0.000979862408713, 0.000929013884161, -0.000802321941592, 0.00116330408491, -0.000594498997089, 0.000307455426082], [-0.000235095270909, 0.000553155899979, -0.000926191802137, 0.00323732476681, -0.00118145882152, 0.00113467755727, -3.04704735754e-05, 0.00127949111629, -0.00192450603936, 0.00136331981048, -0.00120567483827, 0.00162201316562, -0.00158781511709], [0.000233791128267, -0.000427995168138, 0.000694937887602, -0.00118145882152, 0.00318569433875, -0.000763657910284, 0.000747134617995, -0.000764583935961, 0.000784784380812, 0.000491253915243, 8.32899313536e-05, 0.000379787350539, -3.17685698974e-05], [-0.000305909547023, 0.000191461338545, -0.00128216471057, 0.00113467755727, -0.000763657910284, 0.00842543784529, -0.00276141334325, 0.000995868002065, -0.000185322016478, -0.000247475458309, -0.0001559148659, 0.000364083098248, -7.05319616827e-05], [0.000262571702478, -0.000218166489503, 0.000861189852003, -3.04704735754e-05, 0.000747134617995, -0.00276141334325, 0.00542025407776, -0.00192152371164, 0.00125300814398, -0.000222980452236, -5.29263488716e-05, 0.000913394673262, 0.0015792195918], [-0.000293619377771, 0.00060080375988, -0.000979862408713, 0.00127949111629, -0.000764583935961, 0.000995868002065, -0.00192152371164, 0.0120352609083, -0.00316865043715, 0.00145708932541, -0.00096933695022, -0.000247870368185, 0.000450107414508], [0.000482005736558, -0.00133739446755, 0.000929013884161, -0.00192450603936, 0.000784784380812, -0.000185322016478, 0.00125300814398, -0.00316865043715, 0.0132329426706, -0.00552531145513, 0.00213477551006, 0.000227571727009, 0.00027801017859], [-0.000316572230076, 0.00121991115157, -0.000802321941592, 0.00136331981048, 0.000491253915243, -0.000247475458309, -0.000222980452236, 0.00145708932541, -0.00552531145513, 0.01315029338, -0.00357448169962, 0.00374589837156, -0.00122625543736], [0.000513134582434, -0.00119856500532, 0.00116330408491, -0.00120567483827, 8.32899313536e-05, -0.0001559148659, -5.29263488716e-05, -0.00096933695022, 0.00213477551006, -0.00357448169962, 0.0156177086756, -0.00528068840504, 0.00239605898969], [-0.00024233062868, 0.00109088583849, -0.000594498997089, 0.00162201316562, 0.000379787350539, 0.000364083098248, 0.000913394673262, -0.000247870368185, 0.000227571727009, 0.00374589837156, -0.00528068840504, 0.0171820465475, -0.00533059146255], [0.000371763249859, -0.00141610461287, 0.000307455426082, -0.00158781511709, -3.17685698974e-05, -7.05319616827e-05, 0.0015792195918, 0.000450107414508, 0.00027801017859, -0.00122625543736, 0.00239605898969, -0.00533059146255, 0.0171614252031]], "cov": [[25890.6953125, 381.883331299, -1954.06958008, -108.449028015, -1149.17565918, 413.743743896, -283.486328125, 138.2525177, -512.066833496, 115.782554626, -502.125579834, 24.0138626099, -388.209442139], [381.883331299, 2303.03027344, -870.993103027, -136.268234253, 365.26739502, -99.8686523438, 17.9189090729, -71.1293487549, 143.765853882, -127.529411316, 120.883575439, -60.0973396301, 138.25843811], [-1954.06958008, -870.993103027, 1364.98510742, 222.559997559, -149.139389038, 82.81665802, -76.0702972412, 38.4714164734, -18.3525428772, 64.282585144, -56.0147094727, 27.1911678314, -6.19101762772], [-108.449028015, -136.268234253, 222.559997559, 521.763305664, 134.235778809, -55.4851455688, -107.642951965, -27.4949817657, 41.4750518799, -10.7307910919, -7.17264080048, -18.9954605103, 39.7019538879], [-1149.17565918, 365.26739502, -149.139389038, 134.235778809, 521.78729248, -51.1743583679, -35.2071228027, -21.3811798096, 41.0748634338, -61.9314956665, 46.8919067383, -21.2341766357, 56.4495353699], [413.743743896, -99.8686523438, 82.81665802, -55.4851455688, -51.1743583679, 175.292907715, 78.9524993896, 12.8290042877, -27.1521987915, 17.3778305054, -17.9869632721, -3.9028365612, -27.8164463043], [-283.486328125, 17.9189090729, -76.0702972412, -107.642951965, -35.2071228027, 78.9524993896, 284.142944336, 31.9507751465, -14.3454113007, 2.1167473793, 12.9427833557, -20.4451332092, -35.4767570496], [138.2525177, -71.1293487549, 38.4714164734, -27.4949817657, -21.3811798096, 12.8290042877, 31.9507751465, 100.154701233, 6.53428697586, 4.75925588608, -4.8440079689, 2.80324411392, -15.8700170517], [-512.066833496, 143.765853882, -18.3525428772, 41.4750518799, 41.0748634338, -27.1521987915, -14.3454113007, 6.53428697586, 126.365715027, 29.5017662048, 12.4180812836, -18.1753540039, 20.9167671204], [115.782554626, -127.529411316, 64.282585144, -10.7307910919, -61.9314956665, 17.3778305054, 2.1167473793, 4.75925588608, 29.5017662048, 113.442642212, 0.397120952606, -14.9930753708, -12.6232881546], [-502.125579834, 120.883575439, -56.0147094727, -7.17264080048, 46.8919067383, -17.9869632721, 12.9427833557, -4.8440079689, 12.4180812836, 0.397120952606, 94.4090423584, 14.8722171783, 11.4065923691], [24.0138626099, -60.0973396301, 27.1911678314, -18.9954605103, -21.2341766357, -3.9028365612, -20.4451332092, 2.80324411392, -18.1753540039, -14.9930753708, 14.8722171783, 79.8003387451, 15.9624681473], [-388.209442139, 138.25843811, -6.19101762772, 39.7019538879, 56.4495353699, -27.8164463043, -35.4767570496, -15.8700170517, 20.9167671204, -12.6232881546, 11.4065923691, 15.9624681473, 87.6685638428]]}, "spectral_energyband_middle_low": {"dmean2": 0.00632731243968, "median": 0.0050358986482, "min": 1.67261243723e-22, "dvar2": 0.000131037988467, "dvar": 5.3671614296e-05, "dmean": 0.00398279260844, "max": 0.115468010306, "var": 0.000104574144643, "mean": 0.0086935563013}, "melbands_crest": {"dmean2": 5.16546630859, "median": 12.3328790665, "min": 1.55015003681, "dvar2": 25.5729541779, "dvar": 10.0292282104, "dmean": 3.19363451004, "max": 32.8865203857, "var": 23.262304306, "mean": 13.0089635849}, "spectral_kurtosis": {"dmean2": 5.75008869171, "median": 7.91162967682, "min": -1.27139663696, "dvar2": 43.6000175476, "dvar": 16.734380722, "dmean": 3.6380777359, "max": 65.5940551758, "var": 44.6269187927, "mean": 9.18238353729}, "spectral_rms": {"dmean2": 0.00127341493499, "median": 0.00324916723184, "min": 3.11001940347e-12, "dvar2": 3.76552770831e-06, "dvar": 1.76953039954e-06, "dmean": 0.000874051183928, "max": 0.014040896669, "var": 4.95178846904e-06, "mean": 0.003795937635}, "zerocrossingrate": {"dmean2": 0.0149015560746, "median": 0.04052734375, "min": 0.00439453125, "dvar2": 0.000460392067907, "dvar": 0.000343258783687, "dmean": 0.0120455753058, "max": 0.5263671875, "var": 0.00408142479137, "mean": 0.0550418011844}, "silence_rate_60dB": {"dmean2": 0.11095559597, "median": 0, "min": 0, "dvar2": 0.113155141473, "dvar": 0.0523967593908, "dmean": 0.05547073856, "max": 1, "var": 0.102938212454, "mean": 0.116524614394}, "erbbands_kurtosis": {"dmean2": 1.82472443581, "median": 0.120772123337, "min": -1.8720459938, "dvar2": 7.12379455566, "dvar": 3.06572198868, "dmean": 1.16928195953, "max": 41.0460739136, "var": 9.17981910706, "mean": 1.15692639351}, "erbbands": {"dmean2": [0.174376428127, 1.25866210461, 3.13612651825, 8.14581489563, 8.4750585556, 7.02164125443, 5.4091219902, 6.59015655518, 8.6654253006, 17.3477973938, 14.2225370407, 16.9715995789, 26.7512874603, 24.5725307465, 25.099527359, 35.7632865906, 25.5509681702, 16.3239402771, 13.2675685883, 11.8312005997, 10.6490526199, 10.5140218735, 4.76880216599, 2.74550461769, 2.63147521019, 3.14001369476, 2.59233164787, 3.01255512238, 3.04953455925, 2.69723367691, 2.47777175903, 2.36253094673, 2.26092171669, 1.48548138142, 1.15116715431, 1.00488233566, 0.314550936222, 0.0624625273049, 0.00875902734697, 0.000552704033908], "median": [0.0236381515861, 0.292955428362, 1.0599950552, 2.09431362152, 3.58562469482, 4.15214109421, 3.89962768555, 4.19455909729, 3.38912367821, 3.57125163078, 2.98347425461, 3.10915493965, 3.22252249718, 3.91456532478, 4.47253751755, 5.07800865173, 5.82581090927, 5.84632539749, 5.75397396088, 6.53343391418, 5.32075357437, 4.38521337509, 2.02960276604, 0.709519147873, 0.502703428268, 0.412435919046, 0.317354917526, 0.244316890836, 0.210780754685, 0.140163123608, 0.088706433773, 0.0580860339105, 0.0605594404042, 0.0429234541953, 0.0178368818015, 0.00659125344828, 0.00206666416489, 0.000522935646586, 7.70474871388e-05, 1.81564519153e-05], "min": [4.83922020697e-23, 5.98569630988e-22, 2.43203540112e-21, 6.31001603641e-21, 1.22963790789e-20, 2.51466702846e-20, 4.6407294519e-20, 6.7564403239e-20, 9.77959676221e-20, 2.20351169963e-19, 2.98014769934e-19, 3.78216625314e-19, 4.96167023045e-19, 8.31683008326e-19, 8.86175754226e-19, 1.15088306282e-18, 1.4121650165e-18, 1.58039039203e-18, 2.29926576544e-18, 2.38795338238e-18, 3.31534134268e-18, 2.59633299999e-18, 4.44005778759e-18, 6.12318090978e-18, 6.90973620091e-18, 9.65748419843e-18, 9.8372404717e-18, 1.1653912731e-17, 1.0428831774e-17, 1.10745901715e-17, 1.12270205333e-17, 1.07071689511e-17, 9.90959892297e-18, 8.20527516168e-18, 6.43770434358e-18, 4.18351847396e-18, 2.36438948827e-18, 1.03996879263e-18, 2.53345724387e-19, 2.71610699492e-20], "dvar2": [0.261875540018, 11.9992198944, 73.6007003784, 364.508300781, 315.432159424, 123.287582397, 151.222259521, 183.206665039, 580.399169922, 3699.31689453, 3826.93286133, 3183.07373047, 12110.2558594, 13416.2880859, 9849.99511719, 17060.6289062, 6466.73876953, 2680.6875, 1668.04602051, 809.536193848, 1077.94641113, 743.945739746, 109.783683777, 41.5621452332, 44.8738517761, 79.5631484985, 59.6019020081, 100.068740845, 86.217414856, 66.9820632935, 71.7089157104, 58.4056358337, 54.1178588867, 20.5674304962, 13.9797897339, 12.9467592239, 1.18988549709, 0.0414068587124, 0.000797127082478, 3.245986818e-06], "dvar": [0.108411110938, 4.74995565414, 25.8605499268, 135.9659729, 118.464996338, 50.8102722168, 58.0120697021, 77.7869033813, 279.624176025, 1975.36730957, 1683.05004883, 1465.20153809, 5412.19091797, 6710.13769531, 4465.79833984, 6881.22998047, 2897.16455078, 1217.33496094, 708.771240234, 424.104797363, 471.909790039, 291.459503174, 55.6483230591, 21.0792617798, 19.0810852051, 34.8660583496, 24.6956195831, 39.2539138794, 33.0384979248, 24.8470172882, 25.8021354675, 21.1972103119, 19.6669807434, 7.70412397385, 5.57581329346, 5.17701673508, 0.477559238672, 0.0161864869297, 0.000306813366478, 1.23287884435e-06], "dmean": [0.10722348839, 0.740722537041, 1.75409376621, 4.64756584167, 5.03146362305, 4.3658862114, 3.42717218399, 4.26617431641, 5.7913942337, 12.1793060303, 9.56085109711, 11.5244817734, 18.501663208, 16.2920017242, 17.3650608063, 23.3670349121, 17.240190506, 11.3338403702, 8.96592330933, 8.12814903259, 7.16551351547, 6.81556415558, 3.21882081032, 1.84347271919, 1.7110517025, 2.08689236641, 1.63807463646, 1.89197909832, 1.91007232666, 1.63127338886, 1.44064354897, 1.36068499088, 1.29710543156, 0.871164679527, 0.68825095892, 0.601873278618, 0.187497481704, 0.0367814935744, 0.00511961989105, 0.000320681661833], "max": [4.09473180771, 20.5000076294, 74.9807052612, 159.146179199, 202.249465942, 120.248542786, 264.397186279, 214.805740356, 420.362579346, 1345.65356445, 1270.49450684, 893.381713867, 2400.14477539, 3534.14355469, 2123.7800293, 2073.56567383, 1253.6328125, 1049.85205078, 768.860046387, 744.803039551, 857.419128418, 497.283599854, 190.21484375, 135.224395752, 108.714569092, 128.593414307, 147.382659912, 203.84703064, 130.516601562, 100.010032654, 99.3649749756, 55.3663902283, 59.1563491821, 31.7923316956, 22.6410865784, 24.8354148865, 8.6910905838, 1.55919468403, 0.205608636141, 0.0146903609857], "var": [0.093111179769, 3.77698421478, 17.1997833252, 100.750389099, 110.649925232, 108.53188324, 124.76007843, 174.727767944, 603.716918945, 6024.65917969, 2303.18237305, 4423.84863281, 19933.9140625, 16271.7001953, 12740.7822266, 23343.5234375, 10189.1689453, 3273.04589844, 1328.75097656, 1042.38342285, 839.09375, 635.344177246, 189.636260986, 67.0943756104, 41.7870826721, 78.5092697144, 55.5327301025, 51.0583076477, 46.4678039551, 25.3602714539, 18.0250473022, 14.6347665787, 13.4241380692, 5.6732673645, 4.44814109802, 4.07710504532, 0.378592908382, 0.0122389392927, 0.000224694580538, 8.78134301274e-07], "mean": [0.10035892576, 0.786353468895, 2.11376404762, 4.81927537918, 6.77957868576, 7.56402254105, 7.40422201157, 8.51173686981, 10.4507722855, 22.594537735, 15.0188350677, 25.0507335663, 46.0154342651, 34.3148345947, 34.7290115356, 48.7885017395, 38.1083259583, 23.2921943665, 16.780216217, 16.925737381, 14.268948555, 12.6447076797, 6.85298109055, 3.60838198662, 2.82986187935, 3.24233269691, 2.17393422127, 2.24271988869, 2.3879275322, 1.7648704052, 1.22825503349, 1.05627834797, 1.00310432911, 0.686201691628, 0.532878816128, 0.447705954313, 0.140707671642, 0.027207031846, 0.00369523302652, 0.000239707689616]}, "spectral_strongpeak": {"dmean2": 0.718531489372, "median": 0.323564946651, "min": 0, "dvar2": 1.58879840374, "dvar": 0.658470213413, "dmean": 0.433589577675, "max": 14.5321722031, "var": 1.79921555519, "mean": 0.85439324379}, "spectral_energy": {"dmean2": 0.0140187768266, "median": 0.0108210146427, "min": 9.91402702112e-21, "dvar2": 0.000678962969687, "dvar": 0.000290631403914, "dmean": 0.00906025897712, "max": 0.202075436711, "var": 0.000554768834263, "mean": 0.0198449473828}, "average_loudness": 0.65404009819, "spectral_rolloff": {"dmean2": 1157.63085938, "median": 990.52734375, "min": 21.533203125, "dvar2": 7100609, "dvar": 2735419.75, "dmean": 647.038024902, "max": 19659.8144531, "var": 6995378.5, "mean": 1544.7409668}, "spectral_centroid": {"dmean2": 354.588195801, "median": 875.076660156, "min": 140.569488525, "dvar2": 302155.34375, "dvar": 123740.734375, "dmean": 220.219726562, "max": 11648.9296875, "var": 1534013.75, "mean": 1065.03857422}, "pitch_salience": {"dmean2": 0.106872558594, "median": 0.575925588608, "min": 0.186069667339, "dvar2": 0.00939956214279, "dvar": 0.00358881661668, "dmean": 0.0658689364791, "max": 0.860290229321, "var": 0.00946350395679, "mean": 0.571925997734}, "spectral_energyband_middle_high": {"dmean2": 0.00235692318529, "median": 0.00158385373652, "min": 1.16621702521e-21, "dvar2": 3.5808312532e-05, "dvar": 1.86657325685e-05, "dmean": 0.00170370098203, "max": 0.134758189321, "var": 0.000111233945063, "mean": 0.00517863128334}, "spectral_contrast_coeffs": {"dmean2": [0.0801724866033, 0.0723483264446, 0.0563677288592, 0.0514952093363, 0.0398836024106, 0.0286440290511], "median": [-0.657158911228, -0.718174338341, -0.75562620163, -0.742559194565, -0.776270866394, -0.80888313055], "min": [-0.992234826088, -0.980607748032, -0.979664564133, -0.970677375793, -0.967819452286, -0.965027213097], "dvar2": [0.00463712820783, 0.00405087368563, 0.0023552684579, 0.00197163503617, 0.00124912720639, 0.000676550029311], "dvar": [0.00180373445619, 0.00164620485157, 0.00110491830856, 0.000926153326873, 0.000617934914771, 0.000332192459609], "dmean": [0.0485030338168, 0.0454280227423, 0.0369629822671, 0.0341045074165, 0.0272029321641, 0.0193044189364], "max": [-0.325825333595, -0.360579252243, -0.372322201729, -0.502995312214, -0.549539446831, -0.623228907585], "var": [0.00606510881335, 0.00726148067042, 0.00823460612446, 0.00641531404108, 0.0042402818799, 0.00236003473401], "mean": [-0.65626591444, -0.715998411179, -0.743907928467, -0.739750027657, -0.772631168365, -0.802434563637]}, "melbands_skewness": {"dmean2": 1.23888349533, "median": 2.28174638748, "min": -1.32244002819, "dvar2": 2.12805438042, "dvar": 0.954893410206, "dmean": 0.811511158943, "max": 13.6351861954, "var": 3.41961622238, "mean": 2.51843929291}, "spectral_spread": {"dmean2": 1437940.625, "median": 3697918.5, "min": 1224950.125, "dvar2": 3946460479490.0, "dvar": 2107006124030.0, "dmean": 1017684.375, "max": 51605892, "var": 22315408556000.0, "mean": 4715560.5}, "dissonance": {"dmean2": 0.040036354214, "median": 0.457151174545, "min": 0.069384932518, "dvar2": 0.00178107456304, "dvar": 0.000692877161782, "dmean": 0.0243055298924, "max": 0.500000119209, "var": 0.0018723619869, "mean": 0.446290582418}, "spectral_skewness": {"dmean2": 0.61135840416, "median": 2.18231916428, "min": -0.153299838305, "dvar2": 0.372919738293, "dvar": 0.15168453753, "dmean": 0.392186820507, "max": 6.64084005356, "var": 0.576747596264, "mean": 2.19685840607}, "spectral_flux": {"dmean2": 0.0421670526266, "median": 0.0472971610725, "min": 6.38445823986e-11, "dvar2": 0.00323652266525, "dvar": 0.00158118701074, "dmean": 0.0279699675739, "max": 0.398160099983, "var": 0.00343536888249, "mean": 0.068614512682}, "spectral_contrast_valleys": {"dmean2": [0.692477822304, 0.610231399536, 0.539122462273, 0.530033171177, 0.57061880827, 0.70689535141], "median": [-7.20313167572, -7.29133033752, -7.99377822876, -8.3547039032, -8.81343841553, -11.0767612457], "min": [-28.2705802917, -28.0217723846, -27.6659488678, -27.7364673615, -27.4899234772, -27.3738155365], "dvar2": [0.471393495798, 0.341919869184, 0.268380224705, 0.271731436253, 0.440202593803, 0.82756125927], "dvar": [0.252775281668, 0.16838657856, 0.147428274155, 0.150693550706, 0.239564806223, 0.42386007309], "dmean": [0.448449015617, 0.389910787344, 0.361137747765, 0.35987636447, 0.429422199726, 0.555731296539], "max": [-5.02355766296, -5.01336479187, -4.84676361084, -6.01571559906, -5.98575305939, -7.41965055466], "var": [6.12286710739, 6.13435792923, 5.89721012115, 5.57100582123, 5.55960226059, 5.02641534805], "mean": [-7.58518123627, -7.6269659996, -8.2732963562, -8.64623165131, -9.00363445282, -11.2385988235]}, "erbbands_flatness_db": {"dmean2": 0.0357649773359, "median": 0.178297311068, "min": 0.0301433224231, "dvar2": 0.00147569319233, "dvar": 0.000791955913883, "dmean": 0.0262714698911, "max": 0.363707214594, "var": 0.00319310207851, "mean": 0.172834545374}, "spectral_energyband_high": {"dmean2": 0.000739859533496, "median": 3.40728438459e-05, "min": 7.09150663312e-21, "dvar2": 4.88100295115e-06, "dvar": 1.89663467154e-06, "dmean": 0.00045141307055, "max": 0.0176495295018, "var": 1.62977744367e-06, "mean": 0.000430061976658}, "spectral_entropy": {"dmean2": 0.385560035706, "median": 7.05202722549, "min": 5.0441031456, "dvar2": 0.212893515825, "dvar": 0.100979045033, "dmean": 0.267420679331, "max": 9.82445144653, "var": 0.39806869626, "mean": 7.16558456421}, "silence_rate_20dB": {"dmean2": 0, "median": 1, "min": 1, "dvar2": 0, "dvar": 0, "dmean": 0, "max": 1, "var": 0, "mean": 1}, "melbands_flatness_db": {"dmean2": 0.0487351305783, "median": 0.243949279189, "min": 0.00180957396515, "dvar2": 0.00302765681408, "dvar": 0.0013459023321, "dmean": 0.0324240848422, "max": 0.527768790722, "var": 0.00569399585947, "mean": 0.245910331607}, "barkbands": {"dmean2": [0.00021387457673, 0.00547186750919, 0.00309599726461, 0.00334536796436, 0.00192327797413, 0.000748855993152, 0.0008865253767, 0.000715718022548, 0.00100719020702, 0.000712329056114, 0.000861493579578, 0.000963753671385, 0.000554251892027, 0.00034766542376, 0.000283194007352, 0.000175157838385, 0.000192191597307, 8.30919088912e-05, 4.802811236e-05, 6.6725697252e-05, 6.96091083228e-05, 8.7584463472e-05, 8.52026132634e-05, 0.000126102298964, 0.000142981676618, 0.000196477922145, 5.53220088477e-05], "median": [5.11973557877e-05, 0.00111576612107, 0.00095979985781, 0.000743393145967, 0.00144008931238, 0.000473184569273, 0.000208597397432, 0.000112221263407, 0.000146944308653, 6.65448678774e-05, 8.85459739948e-05, 0.000136898510391, 0.000105449194962, 9.22912367969e-05, 0.000112556219392, 7.92478094809e-05, 7.05811980879e-05, 2.42634632741e-05, 8.83075790625e-06, 8.86590351001e-06, 6.36132153886e-06, 5.77940954827e-06, 3.29839758706e-06, 3.29792874254e-06, 3.19923492498e-06, 1.29292448037e-06, 4.21083683477e-07], "min": [4.03914384932e-25, 1.65138800835e-24, 8.59174641501e-25, 7.00184705738e-25, 6.4266407467e-24, 6.75971202038e-24, 4.76592682472e-24, 1.02869544634e-23, 2.03530704717e-23, 1.29626633688e-23, 1.93287992729e-23, 2.8873183189e-23, 2.66238788464e-23, 2.83676306338e-23, 3.60027313455e-23, 5.08292805513e-23, 3.82235798975e-23, 7.07056534221e-23, 1.45685923208e-22, 2.02158582147e-22, 2.80582349692e-22, 3.21324857123e-22, 4.10689292386e-22, 5.79170266529e-22, 8.83017727281e-22, 1.27439522508e-21, 1.99765511375e-21], "dvar2": [3.35145188046e-07, 0.000227411990636, 6.94533955539e-05, 7.04719204805e-05, 8.67246308189e-06, 2.65796825261e-06, 7.31372028895e-06, 8.55836242408e-06, 1.03871261672e-05, 1.06665092972e-05, 1.45566482388e-05, 1.21890143419e-05, 3.42251269103e-06, 1.04636865217e-06, 5.27300301201e-07, 3.1528315958e-07, 2.29048978895e-07, 3.65302916805e-08, 1.27850379172e-08, 3.46560220521e-08, 4.92508824834e-08, 7.01358118249e-08, 7.88283429642e-08, 1.62872822784e-07, 1.93410940597e-07, 4.66915111019e-07, 3.21477102716e-08], "dvar": [1.46849913563e-07, 9.45406936808e-05, 2.41690122493e-05, 2.64592108579e-05, 3.3768915273e-06, 1.05794822503e-06, 3.66890230907e-06, 3.99632290282e-06, 4.67438712803e-06, 4.92279514219e-06, 6.1475466282e-06, 4.91200216857e-06, 1.49805146066e-06, 4.50550487585e-07, 2.77512384628e-07, 1.31769439804e-07, 8.94073437507e-08, 1.82761201728e-08, 5.59150858948e-09, 1.49606211863e-08, 1.97446343719e-08, 2.66724491382e-08, 2.85395547195e-08, 5.92816888911e-08, 7.59837845976e-08, 1.88124374745e-07, 1.23263523832e-08], "dmean": [0.000136094138725, 0.00332434009761, 0.00171882193536, 0.00192048004828, 0.00118851987645, 0.000477961672004, 0.000598873477429, 0.000493437401019, 0.000673750590067, 0.000487484532641, 0.000562583329156, 0.000629044952802, 0.000363993225619, 0.000231534882914, 0.000194545835257, 0.000115901937534, 0.000123408448417, 5.58006286155e-05, 3.08055095957e-05, 4.3914795242e-05, 4.33777167927e-05, 5.427346332e-05, 4.98555491504e-05, 7.24920755601e-05, 8.51701333886e-05, 0.000117529947602, 3.21593106491e-05], "max": [0.0042277444154, 0.10552495718, 0.0748773366213, 0.0903548970819, 0.0286991484463, 0.0299681797624, 0.0464586727321, 0.0668721050024, 0.0434443056583, 0.0819981619716, 0.0907645151019, 0.0500674508512, 0.0335022062063, 0.0175384059548, 0.0151954395697, 0.0125764366239, 0.00725374929607, 0.0029497963842, 0.00176389794797, 0.00244959932752, 0.00385369802825, 0.00379683310166, 0.00375163066201, 0.00280957459472, 0.00289073912427, 0.00447549764067, 0.00123830942903], "var": [1.41810787113e-07, 8.22307702038e-05, 1.61053831107e-05, 1.95481370611e-05, 6.20216678726e-06, 2.16503349293e-06, 1.00103425211e-05, 5.95424080529e-06, 1.81117284228e-05, 1.09153752419e-05, 1.56089026859e-05, 1.4772992472e-05, 3.74303590434e-06, 9.68985432337e-07, 6.7034886797e-07, 2.11839633835e-07, 1.8777812727e-07, 6.02071068556e-08, 1.31737527553e-08, 3.16626156405e-08, 3.09673211518e-08, 3.55366864824e-08, 2.07743067193e-08, 4.08965696863e-08, 6.00145284579e-08, 1.50160062162e-07, 8.93358720333e-09], "mean": [0.000158335926244, 0.00350494729355, 0.00200098496862, 0.00190294813365, 0.00221763877198, 0.000960062548984, 0.00108989828732, 0.000707166444045, 0.00151091767475, 0.000984779559076, 0.00103159726132, 0.00123242090922, 0.000700945325661, 0.000409876403864, 0.000363828119589, 0.00022061560594, 0.000219452995225, 0.00011174454994, 4.92804756504e-05, 6.82242680341e-05, 5.21311849297e-05, 6.66975029162e-05, 4.39794275735e-05, 5.61366250622e-05, 6.74693510518e-05, 8.80482402863e-05, 2.29781944654e-05]}, "erbbands_skewness": {"dmean2": 0.643834769726, "median": 0.201409325004, "min": -3.74881625175, "dvar2": 0.440010547638, "dvar": 0.189918607473, "dmean": 0.416174650192, "max": 4.4324131012, "var": 0.956061899662, "mean": 0.231875389814}, "erbbands_spread": {"dmean2": 14.8583097458, "median": 29.847858429, "min": 1.88776218891, "dvar2": 408.060302734, "dvar": 189.47265625, "dmean": 9.72714996338, "max": 163.165145874, "var": 474.90927124, "mean": 34.2129974365}, "melbands_kurtosis": {"dmean2": 14.3002023697, "median": 6.63597297668, "min": -1.772813797, "dvar2": 661.559875488, "dvar": 272.013793945, "dmean": 8.91563034058, "max": 317.617797852, "var": 469.53036499, "mean": 14.6501464844}, "melbands": {"dmean2": [0.00153812801, 0.00160164106637, 0.00141991185956, 0.000499362824485, 0.000210818732739, 0.000146655074786, 0.000143906130688, 0.00018391116464, 0.00011278859165, 0.00012686404807, 0.000135685200803, 0.000100791614386, 0.000107412044599, 7.34594723326e-05, 0.00011091567284