{"tonal": {"thpcp": [1, 0.679717540741, 0.582631707191, 0.74186527729, 0.777477324009, 0.752963721752, 0.653257608414, 0.459289520979, 0.417581498623, 0.440599799156, 0.369811147451, 0.361388146877, 0.401085823774, 0.372005581856, 0.335832893848, 0.325169712305, 0.318539708853, 0.339298784733, 0.40103250742, 0.587838172913, 0.840287446976, 0.810342848301, 0.554865956306, 0.483783334494, 0.541008770466, 0.472104847431, 0.394870996475, 0.382773607969, 0.364024728537, 0.467483669519, 0.605168104172, 0.527141094208, 0.430936038494, 0.422618955374, 0.47724494338, 0.839266598225], "hpcp": {"dmean2": [0.227291673422, 0.263991057873, 0.339961111546, 0.348647087812, 0.330864667892, 0.332614868879, 0.420028924942, 0.460203200579, 0.426861345768, 0.371590614319, 0.275001168251, 0.223572283983, 0.207617595792, 0.193769857287, 0.192274987698, 0.195495054126, 0.186884224415, 0.176527813077, 0.164251282811, 0.161833882332, 0.176231488585, 0.207942023873, 0.30276119709, 0.350448429585, 0.340132832527, 0.285562098026, 0.243006274104, 0.225986152887, 0.233311548829, 0.210840642452, 0.199266970158, 0.192312672734, 0.221025109291, 0.244968011975, 0.263607859612, 0.23592504859], "median": [0.0461310595274, 0.0597363188863, 0.0969091951847, 0.103578537703, 0.0851380899549, 0.0593971386552, 0.0606505833566, 0.0670367926359, 0.0708637833595, 0.0616216510534, 0.0456318594515, 0.0397193431854, 0.0402326285839, 0.0401827394962, 0.0416540056467, 0.0477467179298, 0.0502261817455, 0.0471267178655, 0.0469136759639, 0.0474493168294, 0.0486725494266, 0.0542938224971, 0.0747690051794, 0.099654853344, 0.0924910455942, 0.0733231827617, 0.0550298392773, 0.0478521473706, 0.0469394475222, 0.0443578250706, 0.042326387018, 0.0443917661905, 0.0509808920324, 0.0543447732925, 0.0506576113403, 0.0468461662531], "min": [0, 0, 0, 0, 0, 0, 0, 0, 0, 0, 0, 0, 0, 0, 0, 0, 0, 0, 0, 0, 0, 0, 0, 0, 0, 0, 0, 0, 0, 0, 0, 0, 0, 0, 0, 0], "dvar2": [0.106601141393, 0.117437303066, 0.149275645614, 0.165576308966, 0.145377472043, 0.169346660376, 0.255463242531, 0.262083947659, 0.242378652096, 0.214894339442, 0.152497708797, 0.116374105215, 0.106682516634, 0.102665483952, 0.0938522815704, 0.0977294743061, 0.0835054889321, 0.0814638063312, 0.0718093365431, 0.0656072199345, 0.0792903602123, 0.0974487289786, 0.134150847793, 0.161489263177, 0.158181875944, 0.128217458725, 0.119936846197, 0.116498626769, 0.123986244202, 0.107809774578, 0.102510087192, 0.0865627080202, 0.101628884673, 0.124238803983, 0.133906528354, 0.114206634462], "dvar": [0.038858897984, 0.0411638282239, 0.0540350079536, 0.0627956837416, 0.0520799532533, 0.0607259385288, 0.0920221060514, 0.095693744719, 0.0869790539145, 0.0763011723757, 0.0535576418042, 0.0419197231531, 0.0396781079471, 0.0364150255919, 0.0331959277391, 0.0346269086003, 0.0291662719101, 0.0282850265503, 0.025015598163, 0.0229945518076, 0.0277250409126, 0.0344765894115, 0.0492099560797, 0.0634891986847, 0.0602491796017, 0.0461845472455, 0.0427815243602, 0.0455786399543, 0.0449854023755, 0.0387579500675, 0.0359825864434, 0.0314551964402, 0.03787188977, 0.0477339066565, 0.0477542802691, 0.0413640029728], "dmean": [0.125705674291, 0.146655395627, 0.192197173834, 0.197716742754, 0.184688746929, 0.182981923223, 0.229796901345, 0.251631736755, 0.235009431839, 0.203569591045, 0.150228798389, 0.124097004533, 0.117529816926, 0.108913496137, 0.107004582882, 0.109704658389, 0.104683615267, 0.0984939336777, 0.0919640362263, 0.0904905721545, 0.0985683202744, 0.116193234921, 0.171070516109, 0.20081679523, 0.194044038653, 0.160223901272, 0.136037498713, 0.128146871924, 0.131105825305, 0.117542274296, 0.11234793067, 0.108374617994, 0.125356078148, 0.137962818146, 0.14644856751, 0.130999565125], "max": [1, 1, 1, 1, 1, 1, 1, 1, 1, 1, 1, 1, 1, 1, 1, 1, 1, 1, 1, 1, 1, 1, 1, 1, 1, 1, 1, 1, 1, 1, 1, 1, 1, 1, 1, 1], "var": [0.03845885396, 0.0365233123302, 0.0846841484308, 0.119116857648, 0.0579832196236, 0.0574029609561, 0.0929504930973, 0.090933136642, 0.0843900069594, 0.071868814528, 0.0432218685746, 0.0383641310036, 0.0453512631357, 0.0313355922699, 0.028060240671, 0.0334016792476, 0.0261557586491, 0.0216650608927, 0.0199341326952, 0.0183782689273, 0.0216195471585, 0.0310915764421, 0.050290428102, 0.0884851068258, 0.0839616954327, 0.045247875154, 0.0417097359896, 0.064137339592, 0.0483917854726, 0.0356620512903, 0.034020870924, 0.0276247486472, 0.0415093190968, 0.0740600079298, 0.0531029328704, 0.0396220386028], "mean": [0.12066642195, 0.136263266206, 0.239627912641, 0.285520613194, 0.194073364139, 0.166353359818, 0.211817830801, 0.221985802054, 0.214986667037, 0.186518505216, 0.131136626005, 0.119228124619, 0.125800326467, 0.105588704348, 0.103183761239, 0.114518269897, 0.106215260923, 0.0958872139454, 0.0928426533937, 0.0909496545792, 0.0968768000603, 0.11450304836, 0.16783991456, 0.239919379354, 0.231369584799, 0.158425673842, 0.138130113482, 0.154469162226, 0.134795665741, 0.112743809819, 0.109289757907, 0.103936560452, 0.133476227522, 0.172787964344, 0.150509640574, 0.123041123152]}, "tuning_equal_tempered_deviation": 0.110213659704, "chords_changes_rate": 0.11012403667, "key_key": "A", "tuning_diatonic_strength": 0.57517105341, "key_scale": "minor", "chords_number_rate": 0.00284948037006, "tuning_frequency": 447.174194336, "tuning_nontempered_energy_ratio": 0.833612442017, "chords_histogram": [3.40261483192, 0.2011397928, 7.71035861969, 1.59235668182, 3.00033521652, 1.32417035103, 0.0335232988, 2.19577598572, 2.2125377655, 16.2085151672, 3.78813266754, 2.66510224342, 7.82769012451, 0.36875629425, 9.15186023712, 3.70432448387, 3.6875629425, 0.8045591712, 0, 0.486087828875, 0.720750927925, 24.6228637695, 1.03922224045, 3.25176000595], "key_strength": 0.591331541538, "chords_key": "A#", "chords_strength": {"dmean2": 0.0185432229191, "median": 0.451737225056, "min": 0.184924125671, "dvar2": 0.000263808789896, "dvar": 0.000141558688483, "dmean": 0.0144524052739, "max": 0.701723456383, "var": 0.00878583081067, "mean": 0.454915374517}, "chords_scale": "major", "hpcp_entropy": {"dmean2": 1.21392667294, "median": 2.88078069687, "min": 0, "dvar2": 0.892522752285, "dvar": 0.324456930161, "dmean": 0.710141181946, "max": 4.69623994827, "var": 0.601203918457, "mean": 2.81136894226}}, "metadata": {"audio_properties": {"equal_loudness": 0, "codec": "flac", "downmix": "mix", "sample_rate": 44100, "analysis_sample_rate": 44100, "bit_rate": 0, "md5_encoded": "541e8226ab317909d23d936394dbabee", "length": 277, "replay_gain": -13.6156311035, "lossless": true}, "version": {"essentia_build_sha": "70f2e5ece6736b2c40cc944ad0e695b16b925413", "essentia": "2.1-beta2", "extractor": "music 1.0", "essentia_git_sha": "v2.1_beta2"}, "tags": {"title": ["Entrails"], "barcode": ["039841533323"], "media": ["CD"], "albumartist": ["Entrails"], "tracktotal": ["18"], "releasetype": ["album", "compilation"], "musicbrainz_recordingid": ["61470bc4-4ae3-41d6-81eb-ff8a7973c932"], "musicbrainz_albumartistid": ["a8f6db8e-4181-4556-b052-8e6724b86c77"], "musicbrainz_releasetrackid": ["4e6d0f3f-aeee-4492-8241-bacfd75f29ea"], "album": ["Resurrected From the Grave: Demo Collection"], "catalognumber": ["3984-15333-2"], "releasecountry": ["US"], "date": ["2014"], "file_name": "10 - Entrails.flac", "musicbrainz_releasegroupid": ["72de48a2-d811-4e1b-a7ac-ca42ff2f7856"], "musicbrainz_artistid": ["a8f6db8e-4181-4556-b052-8e6724b86c77"], "originaldate": ["2014"], "musicbrainz_albumid": ["c221e5e4-d52f-4705-87c0-156522300cf4"], "artist": ["Entrails"], "totaltracks": ["18"], "artistsort": ["Entrails"], "tracknumber": ["10"], "label": ["Metal Blade Records"], "albumartistsort": ["Entrails"], "script": ["Latn"], "releasestatus": ["official"]}}, "rhythm": {"bpm_histogram_first_peak_bpm": {"dmean2": 0, "median": 120, "min": 120, "dvar2": 0, "dvar": 0, "dmean": 0, "max": 120, "var": 0, "mean": 120}, "bpm": 119.889808655, "bpm_histogram_second_peak_spread": {"dmean2": 0, "median": 0.349397599697, "min": 0.349397599697, "dvar2": 0, "dvar": 0, "dmean": 0, "max": 0.349397599697, "var": 0, "mean": 0.349397599697}, "bpm_histogram_first_peak_weight": {"dmean2": 0, "median": 0.569686412811, "min": 0.569686412811, "dvar2": 0, "dvar": 0, "dmean": 0, "max": 0.569686412811, "var": 0, "mean": 0.569686412811}, "onset_rate": 2.7796421051, "beats_position": [0.476009070873, 0.859138309956, 1.25387752056, 1.64861679077, 2.02013611794, 2.39165520668, 2.76317453384, 3.14630389214, 3.52943301201, 3.90095233917, 4.27247142792, 4.6439909935, 5.01551008224, 5.39863920212, 5.78176879883, 6.15328788757, 6.52480697632, 6.8963265419, 7.26784563065, 7.63936471939, 8.0224943161, 8.39401340485, 8.76553249359, 9.14866161346, 9.52018165588, 9.89170074463, 10.2632198334, 10.6347389221, 11.017868042, 11.4009971619, 11.7725172043, 12.144036293, 12.5155553818, 12.8870744705, 13.2702035904, 13.6533327103, 14.0248527527, 14.3963718414, 14.7678909302, 15.1394100189, 15.5109291077, 15.8824491501, 16.2655773163, 16.6487064362, 17.0202255249, 17.391746521, 17.7632656097, 18.1347846985, 18.5179138184, 18.9010429382, 19.272562027, 19.6440811157, 20.0156002045, 20.3871192932, 20.758638382, 21.1417675018, 21.5248966217, 21.8964176178, 22.2679367065, 22.6394557953, 23.010974884, 23.3824939728, 23.7656230927, 24.1487522125, 24.5202713013, 24.89179039, 25.2633094788, 25.6348285675, 26.0179595947, 26.3894786835, 26.7726078033, 27.1441268921, 27.5156459808, 27.8871650696, 28.2702941895, 28.6418132782, 29.0249423981, 29.4196815491, 29.8144207001, 30.2207698822, 30.6271190643, 31.0102481842, 31.3933773041, 31.776506424, 32.1480255127, 32.5311546326, 33.0303840637, 33.5412254333, 34.0520629883, 34.5745124817, 35.0969619751, 35.6194114685, 36.1534690857, 36.6875267029, 37.2099761963, 37.7324256897, 38.2548751831, 38.7541046143, 39.2649421692, 39.7641716003, 40.2634010315, 40.7626304626, 41.2618598938, 41.7726974487, 42.2719268799, 42.771156311, 43.2703857422, 43.7696151733, 44.257232666, 44.7564620972, 45.2556915283, 45.7665290833, 46.2657585144, 46.7649879456, 47.2758255005, 47.7634468079, 48.262676239, 48.7619056702, 49.2727432251, 49.78358078, 50.2828102112, 50.7820396423, 51.269657135, 51.7688865662, 52.2681159973, 52.7673454285, 53.2781867981, 53.7774124146, 54.2650337219, 54.7642631531, 55.2634925842, 55.7627182007, 56.2619476318, 56.761177063, 57.2604064941, 57.7712478638, 58.2704734802, 58.7697029114, 59.2689323425, 59.7681617737, 60.2789993286, 60.7782287598, 61.2774581909, 61.7766876221, 62.2759170532, 62.7635345459, 63.2743759155, 63.7619934082, 64.2728347778, 64.7604522705, 65.2596817017, 65.7589111328, 66.2697525024, 66.7805862427, 67.2682037354, 67.779045105, 68.3131027222, 68.8587722778, 69.3812255859, 69.9152832031, 70.4377288818, 70.9601821899, 71.4942398071, 72.0050811768, 72.515914917, 73.0151443481, 73.5143737793, 74.0136032104, 74.5128326416, 75.0236740112, 75.5229034424, 76.0221328735, 76.5213623047, 77.0205917358, 77.5198135376, 78.0190429688, 78.5182723999, 79.0175018311, 79.5283432007, 80.0159606934, 80.5151901245, 81.0144195557, 81.5136489868, 82.012878418, 82.5121078491, 83.0113372803, 83.5105667114, 84.0097961426, 84.5206298828, 85.019859314, 85.5190887451, 86.0299301147, 86.5407714844, 87.0632171631, 87.5856704712, 88.1197280884, 88.6537857056, 89.1878433228, 89.7335128784, 90.2559585571, 90.7667999268, 91.2660293579, 91.7652587891, 92.2644882202, 92.7637176514, 93.2629470825, 93.7621765137, 94.2730178833, 94.7722396851, 95.2714691162, 95.7706985474, 96.2699279785, 96.7691574097, 97.2683868408, 97.767616272, 98.2668457031, 98.7660751343, 99.2653045654, 99.7645339966, 100.263763428, 100.762992859, 101.26222229, 101.761451721, 102.260681152, 102.759910583, 103.259140015, 103.769973755, 104.269203186, 104.768432617, 105.279273987, 105.790107727, 106.300949097, 106.811790466, 107.357460022, 107.903129578, 108.448799133, 108.959632874, 109.470474243, 109.981315613, 110.492149353, 111.002990723, 111.525436401, 112.036277771, 112.547119141, 113.05796051, 113.56879425, 114.068023682, 114.555641174, 115.043266296, 115.542495728, 116.041717529, 116.54094696, 117.040176392, 117.539405823, 118.038635254, 118.537864685, 119.037094116, 119.536323547, 120.02394104, 120.523170471, 121.022399902, 121.521629333, 122.020858765, 122.520088196, 123.019317627, 123.518547058, 124.017776489, 124.51700592, 125.016235352, 125.515464783, 126.014694214, 126.513923645, 127.001541138, 127.500770569, 128.011611938, 128.51083374, 129.021682739, 129.520904541, 130.020126343, 130.519363403, 131.018585205, 131.517822266, 132.017044067, 132.516281128, 133.01550293, 133.51473999, 134.013961792, 134.513198853, 135.000808716, 135.511657715, 136.010879517, 136.510116577, 137.009338379, 137.508575439, 138.01940918, 138.518630981, 139.017868042, 139.517089844, 140.016326904, 140.515548706, 141.014785767, 141.525619507, 142.024856567, 142.524078369, 143.02331543, 143.522537231, 144.021759033, 144.520996094, 145.020217896, 145.519454956, 146.018676758, 146.517913818, 147.01713562, 147.516372681, 148.015594482, 148.514831543, 149.014053345, 149.513290405, 150.012512207, 150.511749268, 151.022583008, 151.52180481, 152.02104187, 152.520263672, 153.019500732, 153.518722534, 154.017959595, 154.517181396, 155.016418457, 155.515640259, 156.014877319, 156.514099121, 157.013336182, 157.512557983, 158.011795044, 158.511016846, 159.010253906, 159.509475708, 160.00869751, 160.50793457, 161.007156372, 161.518005371, 162.017227173, 162.516464233, 163.015686035, 163.514923096, 164.014144897, 164.513381958, 165.024215698, 165.5234375, 166.022674561, 166.521896362, 167.021133423, 167.520355225, 168.019592285, 168.518814087, 169.018051147, 169.517272949, 170.01651001, 170.515731812, 171.014968872, 171.514190674, 172.013427734, 172.512649536, 173.011871338, 173.511108398, 174.0103302, 174.509567261, 175.008789062, 175.519638062, 176.030471802, 176.518096924, 177.017318726, 177.516555786, 178.015777588, 178.515014648, 179.025848389, 179.52507019, 180.024307251, 180.511917114, 181.011154175, 181.510375977, 182.009613037, 182.508834839, 183.019683838, 183.51890564, 184.0181427, 184.517364502, 185.016601562, 185.515823364, 186.015060425, 186.514282227, 187.013504028, 187.512741089, 188.011962891, 188.511199951, 189.010421753, 189.521270752, 190.020492554, 190.519729614, 191.018951416, 191.518188477, 192.029022217, 192.516647339, 193.015869141, 193.515090942, 194.025939941, 194.525161743, 195.024398804, 195.523620605, 196.022857666, 196.522079468, 197.021316528, 197.52053833, 198.019775391, 198.518997192, 199.018234253, 199.517456055, 200.016693115, 200.515914917, 201.015136719, 201.525985718, 202.013595581, 202.512832642, 203.012054443, 203.522903442, 204.022125244, 204.521362305, 205.020584106, 205.519821167, 206.019042969, 206.518280029, 207.017501831, 207.516723633, 208.015960693, 208.515182495, 209.014419556, 209.513641357, 210.024490356, 210.523712158, 211.022949219, 211.522171021, 212.021408081, 212.520629883, 213.019866943, 213.519088745, 214.018310547, 214.517547607, 215.016769409, 215.527618408, 216.050064087, 216.572509766, 217.094955444, 217.617416382, 218.139862061, 218.639083862, 219.149932861, 219.660766602, 220.18321228, 220.705657959, 221.239730835, 221.750564575, 222.261398315, 222.760635376, 223.271469116, 223.770706177, 224.281539917, 224.76914978, 225.268386841, 225.767608643, 226.266845703, 226.766067505, 227.265304565, 227.764526367, 228.263763428, 228.762985229, 229.26222229, 229.761444092, 230.272293091, 230.771514893, 231.270736694, 231.758361816, 232.269195557, 232.768432617, 233.267654419, 233.766891479, 234.266113281, 234.765350342, 235.264572144, 235.775421143, 236.274642944, 236.773880005, 237.273101807, 237.772338867, 238.271560669, 238.770782471, 239.270019531, 239.769241333, 240.268478394, 240.767700195, 241.266937256, 241.766159058, 242.265396118, 242.76461792, 243.26385498, 243.763076782, 244.273925781, 244.79637146, 245.330429077, 245.864486694, 246.386932373, 246.92098999, 247.466659546, 248.012329102, 248.523162842, 249.034011841, 249.521621704, 250.020858765, 250.520080566, 251.019317627, 251.518539429, 252.017776489, 252.516998291, 253.016235352, 253.515457153, 254.014694214, 254.513916016, 255.024749756, 255.523986816, 256.023223877, 256.51083374, 256.998443604, 257.509277344, 258.020141602, 258.519348145, 259.018585205, 259.529418945, 260.017059326, 260.516265869, 261.01550293, 261.52633667, 262.013977051, 262.513183594, 263.012420654, 263.511657715, 264.010864258, 264.521728516, 265.020935059, 265.520172119, 266.01940918, 266.51864624, 267.017852783, 267.517089844, 268.016326904, 268.515563965, 269.003173828, 269.490783691, 269.978393555, 270.454406738, 270.814331055, 271.162628174, 271.510925293, 271.859222412, 272.207519531, 272.544219971, 272.90411377, 273.252410889, 273.635559082, 274.007080078, 274.378601074, 274.76171875, 275.156463623, 275.551208496, 275.957550049, 276.363891602], "beats_loudness": {"dmean2": 0.0493122935295, "median": 0.0522449575365, "min": 5.66051694406e-09, "dvar2": 0.0019954869058, "dvar": 0.000691756838933, "dmean": 0.028241539374, "max": 0.181125476956, "var": 0.00115324638318, "mean": 0.0587424710393}, "danceability": 1.067943573, "bpm_histogram_second_peak_weight": {"dmean2": 0, "median": 0.0940766558051, "min": 0.0940766558051, "dvar2": 0, "dvar": 0, "dmean": 0, "max": 0.0940766558051, "var": 0, "mean": 0.0940766558051}, "beats_count": 575, "bpm_histogram_second_peak_bpm": {"dmean2": 0, "median": 161, "min": 161, "dvar2": 0, "dvar": 0, "dmean": 0, "max": 161, "var": 0, "mean": 161}, "bpm_histogram_first_peak_spread": {"dmean2": 0, "median": 0.241299331188, "min": 0.241299331188, "dvar2": 0, "dvar": 0, "dmean": 0, "max": 0.241299331188, "var": 0, "mean": 0.241299331188}, "beats_loudness_band_ratio": {"dmean2": [0.343215703964, 0.122929662466, 0.12205349654, 0.070678897202, 0.123599104583, 0.0526002123952], "median": [0.627722740173, 0.0558685548604, 0.0704217106104, 0.0492739900947, 0.0971603244543, 0.0301309134811], "min": [0.0120895821601, 0.00103827612475, 0.00368795916438, 0.00472004711628, 0.00763510959223, 0.00126767100301], "dvar2": [0.0848337337375, 0.0169640704989, 0.0173242334276, 0.00452340161428, 0.0152933895588, 0.0029571922496], "dvar": [0.029056943953, 0.00669040391222, 0.00627595325932, 0.0015535618877, 0.00553794531152, 0.0010962766828], "dmean": [0.196268126369, 0.0718846172094, 0.0728110596538, 0.039940584451, 0.0711873173714, 0.0295895673335], "max": [0.954082131386, 0.679900765419, 0.763328433037, 0.271887332201, 0.667165160179, 0.29547521472], "var": [0.0521075166762, 0.00999534316361, 0.0117442822084, 0.00187409750652, 0.00928349234164, 0.00133226020262], "mean": [0.601723074913, 0.0872634276748, 0.105491787195, 0.0596692487597, 0.125094726682, 0.0421751961112]}}, "lowlevel": {"barkbands_spread": {"dmean2": 13.2058782578, "median": 31.2907371521, "min": 1.16375470161, "dvar2": 167.026794434, "dvar": 69.9698791504, "dmean": 8.14789104462, "max": 88.7280273438, "var": 143.673400879, "mean": 31.0303459167}, "melbands_spread": {"dmean2": 16.1218852997, "median": 26.4421215057, "min": 0.808551847935, "dvar2": 213.51449585, "dvar": 89.5191421509, "dmean": 10.1763553619, "max": 156.178222656, "var": 265.28817749, "mean": 28.5079784393}, "hfc": {"dmean2": 11.8814525604, "median": 32.1163597107, "min": 1.1254604856e-16, "dvar2": 208.246902466, "dvar": 78.1956329346, "dmean": 6.99532556534, "max": 117.011253357, "var": 191.069015503, "mean": 32.196472168}, "barkbands_kurtosis": {"dmean2": 5.51480579376, "median": 0.381912231445, "min": -1.87490200996, "dvar2": 76.4024658203, "dvar": 30.7504005432, "dmean": 3.38821387291, "max": 102.912162781, "var": 33.6615943909, "mean": 2.40052723885}, "gfcc": {"mean": [37.6628074646, 82.8164520264, -116.172386169, 39.1549110413, -31.7995853424, 11.9240922928, -31.3571491241, 35.3504829407, -14.562628746, -7.23440647125, -22.5801410675, 3.51566696167, -11.4909572601], "icov": [[0.000197237677639, -0.000447556027211, 6.97176146787e-05, -0.000651650072541, 0.000426285288995, -0.000225448457059, 0.000199914749828, -0.000607344962191, 0.000607914058492, -0.000536152394488, 0.000671175541356, -0.00112262589391, 0.000777370412834], [-0.000447556027211, 0.00489092012867, 0.000732315878849, 0.00183517695405, -0.00312988343649, 0.00366034498438, -0.000819075736217, 0.00154475413729, -0.00303189572878, 0.00319178798236, -0.00588005175814, 0.00420003151521, -0.00342095969245], [6.97176146787e-05, 0.000732315878849, 0.00399371981621, 2.55602608377e-05, -0.00124946469441, -0.00147165509406, 0.00265844212845, -9.99201001832e-05, -0.00104333169293, -0.00180087203626, 0.0014587364858, -0.00470803724602, 0.00145385938231], [-0.000651650072541, 0.00183517695405, 2.55602608377e-05, 0.00855419784784, -0.00249795918353, -0.00270648370497, -0.00100990012288, 0.00489052385092, -0.00408803904429, 0.00408793613315, -0.00224370206706, 0.00602767709643, -0.00666006328538], [0.000426285288995, -0.00312988343649, -0.00124946469441, -0.00249795918353, 0.00712956534699, -6.01222054684e-05, -0.00251241750084, -0.00324552925304, 0.00364370923489, -0.00296918582171, 0.00345628126524, 0.00045207774383, 0.00182706618216], [-0.000225448457059, 0.00366034498438, -0.00147165509406, -0.00270648370497, -6.01222054684e-05, 0.012264655903, -0.00372573290952, -0.00554214976728, 0.000819242908619, 0.00412901118398, -0.00614770222455, 0.0011964070145, 0.00185713870451], [0.000199914749828, -0.000819075736217, 0.00265844212845, -0.00100990012288, -0.00251241750084, -0.00372573290952, 0.0126861380413, -0.00264703924768, -0.00548339821398, 0.00225251563825, 0.00335915572941, -0.0040369713679, -0.00243728351779], [-0.000607344962191, 0.00154475413729, -9.99201001832e-05, 0.00489052385092, -0.00324552925304, -0.00554214976728, -0.00264703924768, 0.0156765524298, -0.00454793358222, -0.00183251779526, 0.0039955698885, 0.00262792804278, -0.00338023132645], [0.000607914058492, -0.00303189572878, -0.00104333169293, -0.00408803904429, 0.00364370923489, 0.000819242908619, -0.00548339821398, -0.00454793358222, 0.0215304326266, -0.0044880672358, -0.00450014648959, -0.000335146498401, 0.0074010733515], [-0.000536152394488, 0.00319178798236, -0.00180087203626, 0.00408793613315, -0.00296918582171, 0.00412901118398, 0.00225251563825, -0.00183251779526, -0.0044880672358, 0.0236635059118, -0.0140102766454, 0.00206152838655, -0.00150686351117], [0.000671175541356, -0.00588005175814, 0.0014587364858, -0.00224370206706, 0.00345628126524, -0.00614770222455, 0.00335915572941, 0.0039955698885, -0.00450014648959, -0.0140102766454, 0.0307141467929, -0.0125050907955, 0.0002128626802], [-0.00112262589391, 0.00420003151521, -0.00470803724602, 0.00602767709643, 0.00045207774383, 0.0011964070145, -0.0040369713679, 0.00262792804278, -0.000335146498401, 0.00206152838655, -0.0125050907955, 0.0331374257803, -0.0129212988541], [0.000777370412834, -0.00342095969245, 0.00145385938231, -0.00666006328538, 0.00182706618216, 0.00185713870451, -0.00243728351779, -0.00338023132645, 0.0074010733515, -0.00150686351117, 0.0002128626802, -0.0129212988541, 0.0285168476403]], "cov": [[10730.2998047, -841.363769531, 622.923461914, 354.010070801, -418.596466064, 682.950561523, -89.2242050171, 439.477508545, -173.412918091, 75.0383682251, -117.133956909, 334.384735107, -114.350975037], [-841.363769531, 1258.43579102, -614.902832031, 31.7926979065, 298.470062256, -456.898254395, 101.016891479, -209.530212402, 100.904067993, -41.8569641113, 116.09336853, -149.425445557, 110.132232666], [622.923461914, -614.902832031, 752.348266602, -122.568992615, -147.482437134, 213.853393555, -164.809906006, 104.163078308, -41.3808479309, 116.655532837, -0.724952995777, 156.555206299, -76.0994567871], [354.010070801, 31.7926979065, -122.568992615, 316.39151001, 93.1027374268, 104.952476501, 125.579284668, 10.8461761475, 23.1857509613, -86.5760498047, -33.4937553406, -48.590511322, 41.1647224426], [-418.596466064, 298.470062256, -147.482437134, 93.1027374268, 357.479675293, -31.9900150299, 141.872238159, 40.9906272888, 20.914440155, -46.8965530396, -38.3414382935, -79.6464767456, 28.9347686768], [682.950561523, -456.898254395, 213.853393555, 104.952476501, -31.9900150299, 363.09866333, 81.5735626221, 168.986053467, -10.6893339157, -27.6012001038, -55.4739379883, 44.1320419312, -32.687084198], [-89.2242050171, 101.016891479, -164.809906006, 125.579284668, 141.872238159, 81.5735626221, 234.660491943, 73.110786438, 45.4333457947, -72.4293441772, -40.1167564392, -41.7243881226, 32.376750946], [439.477508545, -209.530212402, 104.163078308, 10.8461761475, 40.9906272888, 168.986053467, 73.110786438, 186.813323975, 4.78059959412, -5.33723068237, -52.6315803528, 14.5527429581, -19.6681289673], [-173.412918091, 100.904067993, -41.3808479309, 23.1857509613, 20.914440155, -10.6893339157, 45.4333457947, 4.78059959412, 85.0360031128, 10.1868610382, 28.9002380371, -11.988489151, 0.983354747295], [75.0383682251, -41.8569641113, 116.655532837, -86.5760498047, -46.8965530396, -27.6012001038, -72.4293441772, -5.33723068237, 10.1868610382, 109.090614319, 55.4905052185, 42.4750976562, -13.3024272919], [-117.133956909, 116.09336853, -0.724952995777, -33.4937553406, -38.3414382935, -55.4739379883, -40.1167564392, -52.6315803528, 28.9002380371, 55.4905052185, 100.770011902, 29.3317890167, 13.7063350677], [334.384735107, -149.425445557, 156.555206299, -48.590511322, -79.6464767456, 44.1320419312, -41.7243881226, 14.5527429581, -11.988489151, 42.4750976562, 29.3317890167, 93.7186050415, 1.61895740032], [-114.350975037, 110.132232666, -76.0994567871, 41.1647224426, 28.9347686768, -32.687084198, 32.376750946, -19.6681289673, 0.983354747295, -13.3024272919, 13.7063350677, 1.61895740032, 65.2734985352]]}, "spectral_energyband_middle_low": {"dmean2": 0.00636739516631, "median": 0.00693637318909, "min": 2.24446098908e-22, "dvar2": 5.78924700676e-05, "dvar": 2.22192647925e-05, "dmean": 0.00381155591458, "max": 0.0598020665348, "var": 8.08337208582e-05, "mean": 0.0103594074026}, "melbands_crest": {"dmean2": 6.60682582855, "median": 16.3260345459, "min": 1.62632572651, "dvar2": 27.016292572, "dvar": 10.7129364014, "dmean": 4.17386627197, "max": 30.4294319153, "var": 29.103553772, "mean": 16.4216632843}, "spectral_kurtosis": {"dmean2": 3.2392115593, "median": 5.26419448853, "min": -1.25825703144, "dvar2": 15.6220121384, "dvar": 5.05221557617, "dmean": 1.88466513157, "max": 40.2988128662, "var": 8.35011672974, "mean": 5.68714380264}, "spectral_rms": {"dmean2": 0.00202512415126, "median": 0.00638659717515, "min": 3.1949265282e-12, "dvar2": 4.45284103989e-06, "dvar": 2.04628599931e-06, "dmean": 0.00132283207495, "max": 0.0142337558791, "var": 5.57769772058e-06, "mean": 0.00659513287246}, "zerocrossingrate": {"dmean2": 0.0139498049393, "median": 0.06201171875, "min": 0.00439453125, "dvar2": 0.000211814287468, "dvar": 0.00012591588893, "dmean": 0.011217453517, "max": 0.51611328125, "var": 0.000865600421093, "mean": 0.064454600215}, "silence_rate_60dB": {"dmean2": 0.0070416633971, "median": 0, "min": 0, "dvar2": 0.00749290827662, "dvar": 0.00350759248249, "dmean": 0.0035205364693, "max": 1, "var": 0.028631882742, "mean": 0.0295029748231}, "erbbands_kurtosis": {"dmean2": 1.08429181576, "median": 0.021054983139, "min": -1.76201438904, "dvar2": 1.32503199577, "dvar": 0.517276883125, "dmean": 0.664629936218, "max": 12.2021255493, "var": 1.50938546658, "mean": 0.24743437767}, "erbbands": {"dmean2": [0.859622001648, 6.98747777939, 10.6849937439, 8.0287361145, 5.85462999344, 10.6100788116, 10.3622360229, 21.2762203217, 29.395565033, 27.7360057831, 28.1393299103, 32.5972747803, 27.1701259613, 44.0922660828, 24.1148166656, 9.72917079926, 9.00977706909, 13.465880394, 19.0549468994, 33.8383789062, 42.2010498047, 59.0397262573, 60.2552986145, 35.7562828064, 17.2075881958, 9.87662315369, 5.80245637894, 6.04819011688, 7.49194717407, 9.11783790588, 8.86119937897, 4.90743112564, 2.06096959114, 1.45902478695, 0.862521111965, 0.443023920059, 0.224330618978, 0.0399265810847, 0.00253541464917, 8.11403006082e-05], "median": [0.16141204536, 2.26604580879, 7.65822219849, 6.24636983871, 3.55384349823, 2.70963573456, 2.72383117676, 3.96987748146, 5.91322135925, 5.6659412384, 11.7683086395, 23.8738803864, 27.9858856201, 41.5817337036, 23.1962871552, 4.99860095978, 4.61466264725, 11.6201524734, 19.739988327, 38.2085723877, 56.1938476562, 86.9444885254, 85.6296463013, 51.6898498535, 21.0008335114, 8.12722015381, 4.05804347992, 3.20206212997, 2.77023124695, 2.45560979843, 2.08340835571, 1.63435161114, 1.48623514175, 1.13392627239, 0.644395589828, 0.246852308512, 0.0714781656861, 0.0112743489444, 0.000745826459024, 7.99513218226e-05], "min": [1.61827632916e-22, 8.39796379072e-22, 5.26559913497e-21, 8.69532825371e-21, 2.44857545907e-20, 3.89303960375e-20, 8.79762028401e-20, 8.20504037164e-20, 1.63581169987e-19, 3.41862037393e-19, 5.76638927045e-19, 5.15938604239e-19, 8.45965108782e-19, 1.1595280308e-18, 1.18031683735e-18, 1.60902118099e-18, 1.77611166472e-18, 3.84929035719e-18, 2.36712890367e-18, 4.56477222214e-18, 4.8179440835e-18, 4.13487280931e-18, 5.08544767615e-18, 8.1247937968e-18, 1.02322986235e-17, 8.36981131169e-18, 9.19081371224e-18, 1.28696523373e-17, 1.23563346548e-17, 1.28915378819e-17, 1.1679477575e-17, 1.01759667966e-17, 1.1757889334e-17, 8.72669590543e-18, 6.52844729755e-18, 4.49897703544e-18, 2.45110572702e-18, 9.96289623779e-19, 2.898094743e-19, 2.88057150333e-20], "dvar2": [1.98505616188, 109.309280396, 153.385925293, 79.4316711426, 81.1350326538, 413.006652832, 382.316741943, 1994.3223877, 3963.40380859, 3479.79248047, 2969.20166016, 2260.24682617, 978.291137695, 2559.47631836, 788.514221191, 471.818664551, 357.774108887, 372.806060791, 563.831359863, 1411.53051758, 2189.33886719, 3215.44873047, 4199.56591797, 1622.51538086, 459.524475098, 342.273590088, 141.558822632, 156.65612793, 204.943023682, 228.831573486, 193.55847168, 64.2009811401, 11.441526413, 6.80031442642, 3.97422552109, 1.4321346283, 0.336293309927, 0.016523854807, 0.00010055131861, 4.77185579939e-08], "dvar": [0.804927766323, 46.2610702515, 54.919342041, 28.888092041, 29.6463222504, 152.372161865, 139.591812134, 726.349609375, 1441.85864258, 1251.89172363, 1043.7244873, 803.406799316, 374.114654541, 927.519775391, 292.638977051, 167.275161743, 131.851638794, 138.225402832, 213.965881348, 508.327667236, 814.629089355, 1157.11755371, 1544.2322998, 596.899841309, 187.138656616, 120.513046265, 50.0951385498, 55.6367683411, 78.820602417, 86.2298278809, 69.1433181763, 22.7812232971, 4.29810142517, 2.64579534531, 1.61283576488, 0.567419350147, 0.132909268141, 0.00705472100526, 4.22044686275e-05, 1.97650606992e-08], "dmean": [0.527750313282, 4.41031455994, 6.30572795868, 4.74791240692, 3.42635250092, 6.13655376434, 5.94977331161, 12.3809642792, 17.330953598, 16.5138683319, 16.6511478424, 19.4139671326, 16.5949134827, 26.5571346283, 14.5013809204, 5.8004450798, 5.47107362747, 8.04158306122, 11.3334932327, 19.9180908203, 25.1109809875, 35.2241210938, 35.7725601196, 20.9931755066, 10.1773796082, 5.62679100037, 3.27524423599, 3.35239100456, 4.15926170349, 4.98478603363, 4.7744011879, 2.67094731331, 1.19890379906, 0.86950135231, 0.531688690186, 0.274868100882, 0.134897127748, 0.0242875292897, 0.0015415342059, 5.18650049344e-05], "max": [5.89680624008, 44.9102020264, 70.3051300049, 66.0887069702, 114.717849731, 157.041473389, 339.073516846, 395.69039917, 765.641845703, 615.523071289, 488.074920654, 500.658203125, 352.278961182, 536.874816895, 311.450012207, 280.177246094, 232.347091675, 229.511138916, 463.199035645, 362.968597412, 1052.27075195, 618.633544922, 1131.29077148, 758.105834961, 512.195495605, 130.833999634, 85.6556243896, 88.078704834, 306.287567139, 214.103363037, 56.9211044312, 50.7053184509, 44.7427177429, 38.3348274231, 31.6730823517, 20.0943145752, 8.79885292053, 2.74952197075, 0.200404554605, 0.00426943972707], "var": [0.827396512032, 53.4888305664, 71.4426879883, 44.5498352051, 32.2612915039, 132.928070068, 195.958023071, 1191.55554199, 2408.72192383, 2260.90551758, 2086.93505859, 1496.59570312, 841.686218262, 1708.44836426, 633.703063965, 334.939453125, 280.085174561, 305.840332031, 601.746276855, 1128.20483398, 2142.85986328, 2542.41357422, 3911.00732422, 1376.2364502, 607.753723145, 114.098396301, 41.0361633301, 41.9655456543, 85.5075836182, 84.5181808472, 54.2129592896, 19.830488205, 6.45243501663, 4.28864097595, 2.47090220451, 0.723259627819, 0.137016385794, 0.00797843933105, 5.06913311256e-05, 2.59318611029e-08], "mean": [0.550070524216, 5.21542310715, 9.76955699921, 7.91247653961, 5.05237102509, 6.64126348495, 8.11071872711, 18.4161987305, 25.9492473602, 25.8884315491, 29.0601959229, 35.3727111816, 34.5964889526, 51.1713180542, 29.261724472, 11.0463037491, 10.4014034271, 16.4764060974, 25.7421970367, 45.5564346313, 64.2622299194, 93.2047424316, 94.5994644165, 56.7727394104, 25.8115100861, 10.9457197189, 5.70182991028, 4.80425024033, 5.14050388336, 5.34462213516, 4.99422073364, 3.22477197647, 2.13758707047, 1.64297866821, 1.00282216072, 0.456569910049, 0.16856354475, 0.0295417439193, 0.00197731959634, 0.000109645960038]}, "spectral_strongpeak": {"dmean2": 0.511544585228, "median": 0.364875197411, "min": 6.47307374368e-10, "dvar2": 0.784498929977, "dvar": 0.307601481676, "dmean": 0.297811895609, "max": 14.8253030777, "var": 0.360072493553, "mean": 0.484651505947}, "spectral_energy": {"dmean2": 0.0331733189523, "median": 0.0418083369732, "min": 1.04627442275e-20, "dvar2": 0.00168176391162, "dvar": 0.000738755625207, "dmean": 0.0212600044906, "max": 0.207664787769, "var": 0.00119587907102, "mean": 0.0503004528582}, "average_loudness": 0.939348816872, "spectral_rolloff": {"dmean2": 1116.44970703, "median": 1959.52148438, "min": 86.1328125, "dvar2": 1576927.875, "dvar": 716368.625, "dmean": 665.893066406, "max": 19379.8828125, "var": 1657559.125, "mean": 1733.19775391}, "spectral_centroid": {"dmean2": 372.808868408, "median": 1882.0222168, "min": 244.176315308, "dvar2": 143229.90625, "dvar": 57864.234375, "dmean": 227.368225098, "max": 11767.1533203, "var": 340330.4375, "mean": 1836.49328613}, "pitch_salience": {"dmean2": 0.172829762101, "median": 0.538519144058, "min": 0.0663507506251, "dvar2": 0.0216272175312, "dvar": 0.00963671598583, "dmean": 0.110602609813, "max": 0.905882120132, "var": 0.0221222490072, "mean": 0.518504261971}, "spectral_energyband_middle_high": {"dmean2": 0.00303572509438, "median": 0.00868142675608, "min": 1.29138756666e-21, "dvar2": 7.74505951995e-06, "dvar": 2.88912156066e-06, "dmean": 0.00185886083636, "max": 0.0287834126502, "var": 1.52520460688e-05, "mean": 0.008913109079}, "spectral_contrast_coeffs": {"dmean2": [0.0880659073591, 0.0810823515058, 0.0626363381743, 0.0499109104276, 0.0388058312237, 0.0298655293882], "median": [-0.658630013466, -0.77897310257, -0.767839431763, -0.777142643929, -0.737692475319, -0.792362868786], "min": [-0.97404307127, -0.977265715599, -0.969957113266, -0.973665237427, -0.964004576206, -0.96310031414], "dvar2": [0.00470692664385, 0.00417685275897, 0.00232969457284, 0.00142806652002, 0.000940648955293, 0.000767484598327], "dvar": [0.00168712274171, 0.00146681675687, 0.000830059172586, 0.000501221977174, 0.000342483312124, 0.000309074152028], "dmean": [0.0526697784662, 0.0481575205922, 0.0373764038086, 0.0294734928757, 0.023202823475, 0.0181880295277], "max": [-0.420043051243, -0.482339531183, -0.530614435673, -0.584212779999, -0.578412950039, -0.614696264267], "var": [0.00402323296294, 0.00389569345862, 0.0025253824424, 0.00158347957768, 0.00142118125223, 0.00194280256983], "mean": [-0.657748818398, -0.772287905216, -0.766211152077, -0.774610996246, -0.737966954708, -0.781989216805]}, "melbands_skewness": {"dmean2": 1.73124468327, "median": 2.52504491806, "min": -1.04426205158, "dvar2": 3.54044532776, "dvar": 1.59566628933, "dmean": 1.1296697855, "max": 14.6544933319, "var": 3.12988328934, "mean": 3.01911616325}, "spectral_spread": {"dmean2": 910969.0625, "median": 4254472, "min": 1174552.625, "dvar2": 1701671731200.0, "dvar": 711305199616, "dmean": 579050.125, "max": 42392360, "var": 4252547416060.0, "mean": 4208247}, "dissonance": {"dmean2": 0.0154598904774, "median": 0.489718019962, "min": 0.371231466532, "dvar2": 0.000217702341615, "dvar": 7.78304674895e-05, "dmean": 0.00893055275083, "max": 0.500000238419, "var": 0.000143439727253, "mean": 0.48636636138}, "spectral_skewness": {"dmean2": 0.391342163086, "median": 1.646889925, "min": -0.0729884207249, "dvar2": 0.156181976199, "dvar": 0.0537633299828, "dmean": 0.229718461633, "max": 4.4450507164, "var": 0.147732853889, "mean": 1.60395205021}, "spectral_flux": {"dmean2": 0.06417196244, "median": 0.114518873394, "min": 6.54679713219e-11, "dvar2": 0.00513801490888, "dvar": 0.00194115831982, "dmean": 0.0382536426187, "max": 0.383012622595, "var": 0.00352958100848, "mean": 0.124862328172}, "spectral_contrast_valleys": {"dmean2": [0.653261303902, 0.603144586086, 0.452337294817, 0.371940910816, 0.319828152657, 0.505639314651], "median": [-6.63410282135, -6.52524852753, -6.63032865524, -7.11091470718, -6.7271490097, -9.36352825165], "min": [-27.9050693512, -27.7192783356, -27.625213623, -27.6127738953, -27.6182022095, -27.4276638031], "dvar2": [0.36197924614, 0.410138458014, 0.23598626256, 0.207662656903, 0.216573923826, 0.430738300085], "dvar": [0.144033387303, 0.158294171095, 0.0963176488876, 0.0873121395707, 0.0935349911451, 0.179580226541], "dmean": [0.393499463797, 0.363018542528, 0.269922584295, 0.224912449718, 0.194108501077, 0.305786311626], "max": [-5.09499549866, -4.56731557846, -5.19352006912, -5.83161067963, -5.58394861221, -7.82851839066], "var": [1.80455160141, 1.71740603447, 1.54647493362, 1.33151209354, 1.53991830349, 2.16621208191], "mean": [-6.82256746292, -6.52210950851, -6.81008625031, -7.23647117615, -6.91802549362, -9.7863702774]}, "erbbands_flatness_db": {"dmean2": 0.0242089629173, "median": 0.131354749203, "min": 0.0587425418198, "dvar2": 0.000502536597196, "dvar": 0.000219342051423, "dmean": 0.0156576782465, "max": 0.349590152502, "var": 0.00221328763291, "mean": 0.144728943706}, "spectral_energyband_high": {"dmean2": 0.00100645772181, "median": 0.000629472429864, "min": 7.19099287324e-21, "dvar2": 2.3574818897e-06, "dvar": 8.77827176282e-07, "dmean": 0.000570028903894, "max": 0.0121036777273, "var": 9.96270159703e-07, "mean": 0.000925093598198}, "spectral_entropy": {"dmean2": 0.196055352688, "median": 7.79123258591, "min": 5.98920154572, "dvar2": 0.0366948284209, "dvar": 0.014386434108, "dmean": 0.118137180805, "max": 9.81804561615, "var": 0.0883855447173, "mean": 7.75848674774}, "silence_rate_20dB": {"dmean2": 0, "median": 1, "min": 1, "dvar2": 0, "dvar": 0, "dmean": 0, "max": 1, "var": 0, "mean": 1}, "melbands_flatness_db": {"dmean2": 0.0592334568501, "median": 0.1894210428, "min": 0.00364486663602, "dvar2": 0.00317337340675, "dvar": 0.00132679974195, "dmean": 0.0375148355961, "max": 0.50438284874, "var": 0.00345438299701, "mean": 0.20029732585}, "barkbands": {"dmean2": [0.000494650390465, 0.0301466155797, 0.00886043347418, 0.00216936925426, 0.00244432548061, 0.00208576396108, 0.00200791843235, 0.00136190734338, 0.0014375516912, 0.00110427872278, 0.00101174775045, 0.000276103935903, 0.000228739052545, 0.000305272289552, 0.000524022616446, 0.000796771375462, 0.00110823346768, 0.0010626995936, 0.000506441050675, 0.000220970745431, 0.000142996097566, 0.000221200098167, 0.000315955316182, 0.000157658476382, 0.000120400312881, 0.000107538187876, 1.56042005983e-05], "median": [0.000159069168149, 0.00873061455786, 0.00601356010884, 0.00128937140107, 0.000884865119588, 0.000412600755226, 0.000359515310265, 0.000385705963708, 0.00108282617293, 0.000998614123091, 0.000841859611683, 0.000121516983199, 0.00010227553139, 0.000250411918387, 0.00051571597578, 0.000889679882675, 0.00151277030818, 0.00148918223567, 0.000624596839771, 0.00017257509171, 8.49282732815e-05, 7.58617316023e-05, 7.72044659243e-05, 8.32553778309e-05, 9.77298404905e-05, 4.50502848253e-05, 4.08303321819e-06], "min