{"tonal": {"thpcp": [1, 0.748059153557, 0.45592969656, 0.394503474236, 0.311328262091, 0.426454097033, 0.619097054005, 0.537186026573, 0.540121853352, 0.720185279846, 0.591786205769, 0.473041415215, 0.507396936417, 0.398952424526, 0.469071954489, 0.65520209074, 0.48720869422, 0.370838671923, 0.453669220209, 0.413434296846, 0.585346758366, 0.780523478985, 0.548280358315, 0.456199944019, 0.544614076614, 0.428042918444, 0.482109844685, 0.574216604233, 0.452170968056, 0.542412400246, 0.697834432125, 0.513920903206, 0.362076938152, 0.370760470629, 0.383486568928, 0.687600851059], "hpcp": {"dmean2": [0.149374529719, 0.130983710289, 0.144015192986, 0.162767022848, 0.170338660479, 0.171803548932, 0.161798596382, 0.171545609832, 0.165512189269, 0.151224076748, 0.146957039833, 0.154695570469, 0.163131386042, 0.150063559413, 0.129474431276, 0.12886698544, 0.150875538588, 0.172552853823, 0.177062869072, 0.166757002473, 0.146653726697, 0.136373206973, 0.141570150852, 0.161161258817, 0.15749207139, 0.155988350511, 0.173301517963, 0.179514020681, 0.17058801651, 0.159759283066, 0.147990241647, 0.158238083124, 0.192295864224, 0.198626384139, 0.202402949333, 0.18460161984], "median": [0.0100796269253, 0.009407392703, 0.0148074803874, 0.0210198126733, 0.0218459106982, 0.0211127195507, 0.0147616676986, 0.0160244759172, 0.0183697286993, 0.0146410763264, 0.014192847535, 0.0203551612794, 0.022863663733, 0.018424378708, 0.0129163861275, 0.0105515560135, 0.0113613111898, 0.0262621454895, 0.035535492003, 0.0314710624516, 0.0152471028268, 0.0119146630168, 0.0142462728545, 0.0195108912885, 0.0202256850898, 0.0192085728049, 0.0244234539568, 0.0259420033544, 0.016860473901, 0.0105244088918, 0.00907799694687, 0.0136360293254, 0.0289551261812, 0.036047950387, 0.0266379695386, 0.0168833900243], "min": [0, 0, 0, 0, 0, 0, 0, 0, 0, 0, 0, 0, 0, 0, 0, 0, 0, 0, 0, 0, 0, 0, 0, 0, 0, 0, 0, 0, 0, 0, 0, 0, 0, 0, 0, 0], "dvar2": [0.0867500677705, 0.0743251666427, 0.0784501805902, 0.0871371626854, 0.0921214818954, 0.0901652127504, 0.0882585048676, 0.0938943997025, 0.0906886234879, 0.0852106809616, 0.0808722674847, 0.079646833241, 0.0853638723493, 0.076258726418, 0.0725735798478, 0.0738649219275, 0.0913746878505, 0.0951909124851, 0.0909706652164, 0.0828574597836, 0.0742629989982, 0.0777260512114, 0.0729564353824, 0.0851595252752, 0.0813874080777, 0.0802332013845, 0.0887065380812, 0.0981573909521, 0.0946012511849, 0.102600246668, 0.0936880260706, 0.092232607305, 0.0991263389587, 0.108955897391, 0.109118312597, 0.105933517218], "dvar": [0.032095618546, 0.0260981582105, 0.0285067297518, 0.0339824855328, 0.0335875488818, 0.0325725004077, 0.0358224362135, 0.0353266075253, 0.0337138995528, 0.0334403514862, 0.0297108795494, 0.0299448482692, 0.0360598452389, 0.0291529875249, 0.026522859931, 0.0287000276148, 0.032710455358, 0.0358421094716, 0.0379424281418, 0.0311076436192, 0.0274734031409, 0.0296399760991, 0.0267894323915, 0.031476456672, 0.0318499840796, 0.029268970713, 0.0333353728056, 0.0400262288749, 0.0353392250836, 0.036750048399, 0.0342733599246, 0.0329426117241, 0.037045199424, 0.0439291223884, 0.0406147800386, 0.0384681038558], "dmean": [0.0833667293191, 0.0727699398994, 0.0820109248161, 0.0935198441148, 0.0967660173774, 0.0978755280375, 0.0930768474936, 0.097297437489, 0.0934992954135, 0.0858087614179, 0.0829534903169, 0.0886214524508, 0.0948089286685, 0.0864115804434, 0.0732348710299, 0.0724310725927, 0.0843630805612, 0.0992983207107, 0.10493542254, 0.096937417984, 0.0834964886308, 0.0767867788672, 0.0802104696631, 0.0913093611598, 0.0903965830803, 0.0882962569594, 0.100164860487, 0.103684723377, 0.0971040427685, 0.0875886678696, 0.0815526396036, 0.0877007395029, 0.111014164984, 0.115145221353, 0.11653662473, 0.103196017444], "max": [1, 1, 1, 1, 1, 1, 1, 1, 1, 1, 1, 1, 1, 1, 1, 1, 1, 1, 1, 1, 1, 1, 1, 1, 1, 1, 1, 1, 1, 1, 1, 1, 1, 1, 1, 1], "var": [0.0397082492709, 0.0252963267267, 0.0377028547227, 0.0676854923368, 0.0501903407276, 0.045686814934, 0.0870555788279, 0.0605398565531, 0.0422376729548, 0.0560545548797, 0.0338559225202, 0.0398817099631, 0.0747351124883, 0.0434165932238, 0.031818471849, 0.0555644631386, 0.0395220443606, 0.0547501258552, 0.0839455649257, 0.0433328673244, 0.0400924161077, 0.0662609115243, 0.0381921157241, 0.0436644814909, 0.0617251358926, 0.0360459834337, 0.0464643202722, 0.0780290514231, 0.0477318763733, 0.0356476381421, 0.038990739733, 0.0345106758177, 0.0630761831999, 0.11839056015, 0.0740362405777, 0.0409359112382], "mean": [0.0889459326863, 0.0701930001378, 0.0961496159434, 0.139583468437, 0.121115572751, 0.121777482331, 0.162375122309, 0.133425891399, 0.10665333271, 0.11439922452, 0.0899490043521, 0.105758361518, 0.147723823786, 0.109847530723, 0.0836103931069, 0.1022856161, 0.0932141318917, 0.131974026561, 0.175979152322, 0.123616926372, 0.102856203914, 0.122790314257, 0.096507832408, 0.108697928488, 0.12946459651, 0.101947814226, 0.122293919325, 0.157335832715, 0.115870140493, 0.0816349461675, 0.0835927650332, 0.0864620283246, 0.155028536916, 0.225462988019, 0.16865965724, 0.102795273066]}, "tuning_equal_tempered_deviation": 0.0192357711494, "chords_changes_rate": 0.0762706175447, "key_key": "G#", "tuning_diatonic_strength": 0.428136229515, "key_scale": "minor", "chords_number_rate": 0.00148098287173, "tuning_frequency": 441.017791748, "tuning_nontempered_energy_ratio": 0.73762601614, "chords_histogram": [5.1901717186, 7.72130584717, 5.32480669022, 5.31807470322, 10.3668794632, 8.36755275726, 5.19690322876, 16.4994945526, 1.70313024521, 2.79367208481, 1.5011780262, 2.88791656494, 1.4675194025, 1.95893633366, 0.572197914124, 0.639515340328, 3.39279699326, 1.35981154442, 3.28508925438, 2.26859641075, 2.36284089088, 1.70986199379, 3.41972398758, 4.69202280045], "key_strength": 0.570073187351, "chords_key": "G#", "chords_strength": {"dmean2": 0.0106640225276, "median": 0.48275834322, "min": 0.201172143221, "dvar2": 0.000116898692795, "dvar": 9.56767180469e-05, "dmean": 0.0110974637792, "max": 0.818810403347, "var": 0.0108853718266, "mean": 0.485447257757}, "chords_scale": "major", "hpcp_entropy": {"dmean2": 1.00882327557, "median": 1.82290387154, "min": 0, "dvar2": 0.707828342915, "dvar": 0.269914448261, "dmean": 0.597319364548, "max": 4.44683837891, "var": 0.608889639378, "mean": 1.84360003471}}, "metadata": {"audio_properties": {"equal_loudness": 0, "codec": "mp3", "downmix": "mix", "sample_rate": 44100, "analysis_sample_rate": 44100, "bit_rate": 256010, "md5_encoded": "933de30552bacb1105b175fdb05ae41e", "length": 689.789367676, "replay_gain": -7.14410018921, "lossless": false}, "version": {"essentia_build_sha": "2d9f1f26377add8aeb1075a9c2973f962c4f09fd", "essentia": "2.1-beta2", "extractor": "music 1.0", "essentia_git_sha": "v2.1_beta2-1-ge3940c0"}, "tags": {"title": ["Heart of the Sunrise"], "language": ["eng"], "media": ["Digital Media"], "albumartist": ["Yes"], "musicbrainz_recordingid": ["15bc37c1-7eaa-49f0-a9cb-b26d784f29c8"], "musicbrainz_albumartistid": ["c1d4f2ba-cf39-460c-9528-6b827d3417a1"], "discnumber": ["02/02"], "album": ["1976-06-17: Roosevelt Stadium Again, Jersey City, NJ, USA (live)"], "catalognumber": ["YES061776"], "musicbrainz album type": ["Album", "Live"], "musicbrainz album status": ["Bootleg"], "acoustid_fingerprint": ["AQADtFIkSVWSJBG-Cd2N60eoo9kZzA_06MjCH_uRH5UzMXhWXCb-QaxyVriCL5AZuNzEBeqP_Ti-UJCa5UvRHD_6Y4fKk8gnCQ-aLaPQ8viDE10eNDFj5IsNjTzS58K5JcSZIZwk6Ed-NFeOkpl6PETzBLXyBM-JSBlz8Ahz7E_w5kOeh7isQcyL-C0u4c9RPlrRfNhPdB_B5PiEKUe1LUF-nFoD7R3SKkdJ4sXUJXpx9Efvww_yhIN4PBfuZGkMSrMH7ciPLwfjhFeG5kG7I5PS0Qu0Iw_I4rKCppGOadHWIs90YE9V6DquddDzvAjRxD1yQdOyI_0u8IKlrERPByxDnMV5hAu2KnqgKgp95ApxEhWPlyeeKEFzlMitouyxaYbjLMcPtsNdIT_CK9BTCU_0gdMaBt2oIMyP2xxyBX9KNIySIqRyCpV7PE2OkmVA37hc7EWeI_kxiYedTBQeMis6HQfP4yGaakE7W4h-JFf4YkqTo72FZmfR93jx8kii_whTPsF3fMTF40HyI9_xhMF1vD2xTsw0lMyBRJKM8LiuCrtHCeWSSziVZCit48xxeUPjo5J8PMkYjshVHUn0o3lCgfeMKzeeKfg9JHyDOP4kPF3xbfnwC4dX8Iie3tDFDsOVKENuZLmHG_rwCT-Sbzpw5IeOPKCO7z5Y7F6QB8lF-NHh5SiLH08u_MvwsiucB7kV6HrxJDOa8-jxQ8eVI_xoNG9xhfg1tHGQLE6iI39QO2giZkctHo0YxsGVXIifGsnQnMHz4Qld7IkEN_iPHzk2_VB1PEd_OA869dAPVYou4iWaHb2O_Mc5PMxx_yiPuyHsCLmSEMnhHmXk4jpxEVud4cmPP8o04kpgPMczIlmOvNh-1OxwZmqES4kkD1dOhNBy4g5uqB3RrTIe5riOfInhexvCB8-hi8G4ZTJ0Q9RyEUf8hRd6cpjyJAeu7GgqBuEf_LiW48nxDM41EVdpvDl05Qyq5sZ1eBlT9DuePcN1PC705ehzNEcshsVzFesXMIkbyvA_9OPRPA-mE_uNPPsMqQ0iXUGYZiue-ILeEs1fIbyI0-FxF9-PZFurEelSoWSWo_KLG0-O0Br07cgjJhzecQgT6sfkfBF-nD3E3MJ3HNH5DY3Do6ZyHNcu5DnEfkV8C7-OH5eO70UfJNzCDL125EfQH03UpYpw9eiVpLCTQORVRDoeGT94NHO0ocyk4zhySIGZL1B0N7iIWgqmxHEq4UYjvTmk-BTCsUZT6Xh0rE-F_8KjI5c-aC_CTJizLA3-gM_h6tivo7uQnightDmaakd-5MWloT_sH20ooaKmTbCcoS--I_fQLFyOUD7xFM9QS8bzQHuYEE-243yE84e1HMe7o4n1oA8iH01F5Cp8zEeY88H_4sa1w9_wBw-Pj9fRaDweBun_QFvyIX-AOjGPyfuCS6lAPimLUbqQXAgp4Th1ND_-4z9u5UEeH00G0SH2wyHXQPs0XA--D_FUG01VFz2mDw1f9FnQRLyCM6eRO1A-pNIWgqNy7Ghqo0-EHg3348-QF8le-PnQRMcf9NaR5hVUMYqOMPQTXDNOTkbFZfDhP6hTC7rEHJUyWB_-wFVy7MleGMzxJyW-HLkSKL8QJnlSBS8N8yhPhGuM5suhOhV0hBRzBWaS0HgPvz76H0WYL9ATyjHyCw8eozo_NJqy4CJpPMcuHFJyJjb64ymuzCmuTMeYMMqKz21xNM9Ri-jxZOnR7DNy7bhxnfgL_Wi0Q3tM4Up2NBFP9EGf6LgyQWeCT0O6RM-C_qg-TEGfbUFzYY2PD5eIphGP8NFx_HiiHLWkoDk56CtecfiLTkdaH27SB6HUHT2aHzrOBHUUNI_wcA9Oi8F4MEe4RxP2YzyagWGWHeHpQ7nhH3WIi0pxNC-0X0LuKPhaaUJo0hD_w7Fk481yXHmMZlJ24rEEHWFO-NTQqiqu48eWR_gQRj-qBxeeZIcW_oj06Ane4zty5Wh4Gj2PNxvuo5OP5sKNUo7hRoN-oeFx4zyuHXUWHddO3D4RJsnxHDv4FT2ad7gPTtlThJsD0dMRUsfnOAqadUJFCf_wncTzo3k2PEbTI6M7QcpOIkw1HU-zY8qOviROw6OO50mCx0lFuMpw5oivQ8tX9PhjIv2FS8ctmCwup8h3oXENjc3wD7pS4xTCnvBj4dJuvOjx6PiD_IXiRrgsZgjTF8yPawOjhBqFJs4zPBeeH82PkOyhUwoeXbiMe0iWa0GvJLhy7PiWSsKf4LOQ7KGQqkSf7MMvKsLFHG1yNPkRdlmgKIw-nI2Hi9RwJdHwBw-e6Ei3B08noTmP6Tou_fCJ2NDLKnje4Ed4uBKq6-juBXl5aCTuDOGljPDRR0dIGV6yRcXjCpqPoU-iZWiOPflwHY8CXQmP9EqV4Mdp4UuONs_gPcivoj90VGKET9IJkXoQEz1-3EJfD1-G9Dk0UshPXC6xx_gjpPk4vNCDM8dfKDeaB_3w6GhGKRPavKg_iHuHqtElvD-0qEfJRDk0Zi2a_Mg_XI5w6uiNJyJRMh96NE2OL0L85NCSOCgzU_hxR-gjHTqDa3kKk1sqePygHc-qoVeKMO1xLcmPa8hNCpcYDerxfDgnCWGeo5dQSj2Rh97Ru1DOC2HyHNOlDJ2PJltOID-SC1_S4BeepTJ6NLtwaXjOICZ1yE-Ki8nRwtOLPjw-Hof2w1GSXijVH72OBjqxe9DPoVe44peKVEelo8-Hncgh_riOUtyhSyNOH2H6SajoEGaYIIA4IQRxwglCFAAgAcEcgQIgDJQRgBLECCAMCECQgYIIoRAhAiLFABECQKIQQ0AIR4xSkgkCABMmEUWAUEoAIgASABktGRDUAagEEMoRQIhgUAFhmBFESWIUI0ZIgwjCADAigAOEMCo0E0xAFAVViAAEiBBMECKIIAggSAVkhBIHBFIACGAEcxARwIghCBBAoGAECQSU54IQZBWAAgFhDKPMeCCAMwQpggCSAAjhgENCKCQNAsZIZ5wCBCEhgCHKAUg4oUAAhRQxgkDAoCNKGAAIAoIggzkhFBEDABOOCAaYIEB5RAkDghGDFLEAASAAIE4JA4lAjhomEAGGaAIIJFARgQwhgABjiAFSEWEIAQAABwRVBAhjmQCKEECAwIQIJsgQghhCEARKKAEEUUZg4JRTwAhhnCCBQBCUAgwDABRzBBjAgAGAEQCUAYQRICBgCAIEACKSIcqgAQQQAAQyoBliHBFcACCMQJAQZggBADAgCBACAAacoJQABIQQghFABCICCoEYAcIQYAjhAgiBhBXAQUEMQQAQAYIBAgJkBFJEGCKEEwQYRUAgEABhgCDGaSgIII6QQKRCkACSEFGAICEJAkIgqAwQShiGCHAAEoEAEURIYg1EDgLniBEmGYkQAURSoIh1BEBiiBHCGGKAEAAAoxwQSIAALSCCICAAAQgpYYBwAAJlAAASWOOIARAAAAmziBpijFBAIUGEIII6IoAABEkmCCOCMQEAMk4QwgAgTEgEEBMOEEAEIkY4hJAxBEEEEUGeCMRUYEQIBYAgwBpiBLFCMGIUBQIQRAADhDDDAACCAGEAVE5AI4AEQBApEHEAKUMUE8B6QhFARhACmDCCA0KoEAhIQQQBCBDoDHHEIQEIwQYRRSACxhBCBDMEACIMAUoggqQQQghBmBDAQMagIBphZpQASAGAlDkKACIMVQAYA6gT0ChiHHCCGAI"], "date": ["1976-06-17"], "file_name": "2-05 - Heart of the Sunrise.mp3", "musicbrainz_releasegroupid": ["b3c85048-4e74-4f98-8b50-c987d2683311"], "script": ["Latin"], "originaldate": ["1976-06-17"], "musicbrainz_albumid": ["2f507f42-f74f-44f0-abbd-299b90ca280e"], "originalalbum": ["1976-06-17: Roosevelt Stadium Again, Jersey City, NJ, USA"], "tracknumber": ["05/11"], "artistsort": ["Yes"], "artist": ["Yes"], "label": ["Xanadu Records"], "albumartistsort": ["Yes"], "acoustid_id": ["ccb68ce9-676f-435d-8c27-c33b4bb8b51d"], "musicbrainz_artistid": ["c1d4f2ba-cf39-460c-9528-6b827d3417a1"]}}, "rhythm": {"bpm_histogram_first_peak_bpm": {"dmean2": 0, "median": 140, "min": 140, "dvar2": 0, "dvar": 0, "dmean": 0, "max": 140, "var": 0, "mean": 140}, "bpm": 139.807235718, "bpm_histogram_second_peak_spread": {"dmean2": 0, "median": 0.235294103622, "min": 0.235294103622, "dvar2": 0, "dvar": 0, "dmean": 0, "max": 0.235294103622, "var": 0, "mean": 0.235294103622}, "bpm_histogram_first_peak_weight": {"dmean2": 0, "median": 0.121897809207, "min": 0.121897809207, "dvar2": 0, "dvar": 0, "dmean": 0, "max": 0.121897809207, "var": 0, "mean": 0.121897809207}, "onset_rate": 2.4847536087, "beats_position": [0.603718817234, 1.19582760334, 1.78793644905, 2.36843538284, 2.96054410934, 3.56426286697, 4.15637159348, 4.74848079681, 5.34058952332, 5.93269824982, 6.52480697632, 7.10530614853, 7.6858048439, 8.26630401611, 8.84680271149, 9.42730140686, 10.0078001022, 10.5882987976, 11.1804075241, 11.7609071732, 12.3414058685, 12.933514595, 13.5140132904, 14.0945119858, 14.6750106812, 15.2439002991, 15.8127889633, 16.3700675964, 16.9389572144, 17.4962348938, 18.0651245117, 18.6224040985, 19.179681778, 19.7369613647, 20.2942390442, 20.8747386932, 21.4552383423, 22.035736084, 22.616235733, 23.1851234436, 23.7656230927, 24.369342804, 24.9730606079, 25.5651702881, 26.1572780609, 26.7842178345, 27.4227657318, 28.0497055054, 28.5837631226, 29.1178226471, 29.6634922028, 30.1511096954, 30.6387290955, 31.1263484955, 31.6023578644, 32.0899772644, 32.5543746948, 33.0071640015, 33.4599533081, 33.9127426147, 34.3655319214, 34.8067131042, 35.2478904724, 35.6774597168, 36.1070289612, 36.5365982056, 36.9777755737, 37.4305648804, 37.8717460632, 38.3129234314, 38.7541046143, 39.2068939209, 39.6596832275, 40.1008605957, 40.5536499023, 41.006439209, 41.4476165771, 41.9004058838, 42.3531951904, 42.7943763733, 43.2471656799, 43.6999549866, 44.1527442932, 44.6055335999, 45.0583229065, 45.5111083984, 45.9522895813, 46.3934669495, 46.8346481323, 47.2758255005, 47.7286148071, 48.1814041138, 48.6225852966, 49.0637626648, 49.5165519714, 49.9693412781, 50.4337387085, 50.8865280151, 51.3393173218, 51.7804985046, 52.2332878113, 52.6860771179, 53.1388664246, 53.5800437927, 54.0444450378, 54.4972343445, 54.9384117126, 55.3795890808, 55.8207702637, 56.2735595703, 56.726348877, 57.1791381836, 57.643535614, 58.0963249207, 58.5491142273, 59.0019035339, 59.4546928406, 59.9074821472, 60.3602714539, 60.8130607605, 61.2658500671, 61.7186393738, 62.1714286804, 62.6242179871, 63.0886154175, 63.5297966003, 63.9709739685, 64.4121551514, 64.8533325195, 65.2945098877, 65.7472991943, 66.2233123779, 66.6761016846, 67.1288909912, 67.5700683594, 68.0112457275, 68.4524230957, 68.8936004639, 69.358001709, 69.8107910156, 70.2635803223, 70.7047576904, 71.1343307495, 71.5755081177, 72.0282974243, 72.4694747925, 72.91065979, 73.3518371582, 73.7814025879, 74.210975647, 74.6289291382, 75.0701141357, 75.5112915039, 75.9524688721, 76.4052581787, 76.8580474854, 77.2992248535, 77.7520141602, 78.1931991577, 78.6459884644, 79.075553894, 79.5283432007, 79.9811325073, 80.4455337524, 80.8867111206, 81.3278884888, 81.7806777954, 82.2334671021, 82.6862564087, 83.1506576538, 83.591835022, 84.0330123901, 84.4858016968, 84.9385910034, 85.3913803101, 85.8441696167, 86.2969589233, 86.74974823, 87.2025375366, 87.6553268433, 88.1081161499, 88.5609054565, 89.0020828247, 89.4432601929, 89.8844451904, 90.3372344971, 90.7900238037, 91.2312011719, 91.6607666016, 92.0903396606, 92.5315170288, 92.972694397, 93.4254837036, 93.8782730103, 94.3426742554, 94.7838516235, 95.2366409302, 95.6894302368, 96.1422195435, 96.5950088501, 97.0361862183, 97.4773712158, 97.9301605225, 98.3829498291, 98.8357315063, 99.288520813, 99.7297058105, 100.170883179, 100.623672485, 101.064849854, 101.494422913, 101.935600281, 102.376777649, 102.817955017, 103.259140015, 103.700317383, 104.141494751, 104.582672119, 105.023849487, 105.476638794, 105.929428101, 106.370613098, 106.811790466, 107.241355896, 107.694145203, 108.1353302, 108.576507568, 109.029296875, 109.458862305, 109.888435364, 110.318000793, 110.759178162, 111.211967468, 111.664756775, 112.105941772, 112.558731079, 113.011520386, 113.464309692, 113.917098999, 114.369888306, 114.822669983, 115.27545929, 115.728248596, 116.169433594, 116.610610962, 117.05178833, 117.504577637, 117.957366943, 118.398544312, 118.839729309, 119.280906677, 119.722084045, 120.163261414, 120.604438782, 121.045623779, 121.486801147, 121.939590454, 122.392379761, 122.833557129, 123.274734497, 123.704307556, 124.133872986, 124.563446045, 124.993011475, 125.422584534, 125.852149963, 126.293327332, 126.722900391, 127.164077759, 127.605255127, 128.220581055, 128.835922241, 129.451248169, 130.04335022, 130.635467529, 131.239181519, 131.842895508, 132.435012817, 133.038726807, 133.642440796, 134.234558105, 134.838272095, 135.430389404, 136.022491455, 136.602996826, 137.183486938, 137.76399231, 138.344482422, 138.936599731, 139.528701782, 140.13243103, 140.712921143, 141.316635132, 141.92036438, 142.524078369, 143.151016235, 143.777954102, 144.404891968, 145.031829834, 145.647155762, 146.262496948, 146.866210938, 147.43510437, 148.015594482, 148.607711792, 149.199813843, 149.791931152, 150.384033203, 150.976135254, 151.556640625, 152.137145996, 152.717636108, 153.309753418, 153.901855469, 154.48236084, 155.074462891, 155.6665802, 156.247070313, 156.827575684, 157.419677734, 158.011795044, 158.592285156, 159.172790527, 159.75328064, 160.333786011, 160.914276123, 161.494781494, 162.098495483, 162.690612793, 163.282714844, 163.886444092, 164.490158081, 165.082260132, 165.674377441, 166.278091431, 166.835372925, 167.392654419, 167.961532593, 168.530426025, 169.099319458, 169.668212891, 170.237091064, 170.829208374, 171.409698486, 171.990203857, 172.582305908, 173.162811279, 173.75491333, 174.335418701, 174.93913269, 175.519638062, 176.100128174, 176.680633545, 177.261123657, 177.841629028, 178.422134399, 178.991012573, 179.583129883, 180.163619995, 180.744125366, 181.324615479, 181.90512085, 182.4972229, 183.077728271, 183.658233643, 184.250335693, 184.830841064, 185.411331177, 185.991836548, 186.57232666, 187.152832031, 187.733337402, 188.313827515, 188.894332886, 189.474822998, 190.043716431, 190.612609863, 191.181488037, 191.773605347, 192.354095459, 192.93460083, 193.526702881, 194.11882019, 194.710922241, 195.303039551, 195.895141602, 196.510467529, 197.114196777, 197.729522705, 198.344848633, 198.971786499, 199.621948242, 200.272109985, 200.875823975, 201.479537964, 202.083267212, 202.675369263, 203.267486572, 203.964080811, 204.660675049, 205.357269287, 206.053878784, 206.738861084, 207.412246704, 208.050796509, 208.700942993, 209.351104736, 210.001266479, 210.651428223, 211.289978027, 211.928527832, 212.567077637, 213.205612183, 213.832565308, 214.471099854, 215.109649658, 215.759811401, 216.409973145, 217.048522949, 217.687072754, 218.325622559, 218.964172363, 219.602722168, 220.241271973, 220.879821777, 221.495147705, 222.122085571, 222.749023438, 223.364349365, 223.979675293, 224.583404541, 225.175506592, 225.79083252, 226.394546509, 226.986663818, 227.590377808, 228.182495117, 228.786209106, 229.389923096, 229.993652344, 230.608978271, 231.224304199, 231.839630127, 232.454956055, 233.058685303, 233.67401123, 234.289337158, 234.904663086, 235.519989014, 236.1353302, 236.750656128, 237.377593994, 237.992919922, 238.596633911, 239.200363159, 239.804077148, 240.419403076, 241.034729004, 241.65007019, 242.25378418, 242.857498169, 243.461227417, 243.995285034, 244.54095459, 245.086624146, 245.527801514, 245.968978882, 246.41015625, 246.828109741, 247.257675171, 247.675643921, 248.105209351, 248.523162842, 248.941131592, 249.359085083, 249.765441895, 250.171783447, 250.589752197, 251.007705688, 251.42565918, 251.84362793, 252.261581421, 252.679534912, 253.097503662, 253.515457153, 253.933425903, 254.351379395, 254.769332886, 255.187301636, 255.605255127, 256.034820557, 256.464385986, 256.893951416, 257.311920166, 257.741485596, 258.171051025, 258.600616455, 259.018585205, 259.448150635, 259.877716064, 260.295684814, 260.725250244, 261.143218994, 261.572784424, 262.013977051, 262.44354248, 262.88470459, 263.31427002, 263.743835449, 264.173431396, 264.591369629, 265.020935059, 265.450531006, 265.891693115, 266.321258545, 266.750823975, 267.168792725, 267.586761475, 268.004699707, 268.422668457, 268.82901001, 269.258575439, 269.688171387, 270.117736816, 270.570526123, 271.02331543, 271.476104736, 271.95211792, 272.416503906, 272.89251709, 273.356903076, 273.82131958, 274.274108887, 274.726898193, 275.1796875, 275.620849609, 276.062042236, 276.491607666, 276.921173096, 277.350738525, 277.780303955, 278.198272705, 278.616241455, 279.034179688, 279.452148438, 279.870117188, 280.299682617, 280.729248047, 281.147216797, 281.565155029, 281.983123779, 282.389465332, 282.795837402, 283.202178955, 283.608520508, 284.003265381, 284.398010254, 284.792724609, 285.187469482, 285.570617676, 285.953735352, 286.348480225, 286.743225098, 287.126342773, 287.509460449, 287.904205322, 288.298950195, 288.693695068, 289.088439941, 289.483154297, 289.87789917, 290.272644043, 290.655792236, 291.050506592, 291.456878662, 291.851593018, 292.257965088, 292.664306641, 293.082275391, 293.51184082, 293.94140625, 294.347747803, 294.754089355, 295.160461426, 295.566802979, 295.984771729, 296.414337158, 296.843902588, 297.26184082, 297.67980957, 298.09777832, 298.504119873, 298.933685303, 299.363250732, 299.792816162, 300.210784912, 300.628753662, 301.046691895, 301.464660645, 301.894226074, 302.323791504, 302.753387451, 303.182952881, 303.600891113, 304.018859863, 304.436828613, 304.866394043, 305.284362793, 305.713928223, 306.131866455, 306.549835205, 306.967803955, 307.385742188, 307.780487061, 308.198455811, 308.616424561, 309.04598999, 309.463928223, 309.881896973, 310.299865723, 310.717803955, 311.124176025, 311.542114258, 311.960083008, 312.378051758, 312.79598999, 313.202362061, 313.620300293, 314.038269043, 314.456237793, 314.862579346, 315.280548096, 315.698486328, 316.116455078, 316.534423828, 316.940765381, 317.347106934, 317.753448486, 318.183044434, 318.600982666, 319.018951416, 319.436920166, 319.854858398, 320.284423828, 320.714019775, 321.131958008, 321.561523438, 321.991119385, 322.409057617, 322.850250244, 323.279815674, 323.709381104, 324.138946533, 324.568511963, 324.998077393, 325.42767334, 325.85723877, 326.298400879, 326.727966309, 327.157531738, 327.587127686, 328.016693115, 328.446258545, 328.875823975, 329.305389404, 329.723358154, 330.152923584, 330.582489014, 331.000457764, 331.418395996, 331.847961426, 332.277557373, 332.695495605, 333.113464355, 333.531433105, 333.937774658, 334.355743408, 335.017486572, 335.667663574, 336.317810059, 336.956359863, 337.594909668, 338.24508667, 338.895233154, 339.545379639, 340.195556641, 340.834106445, 341.48425293, 342.146026611, 342.807800293, 343.469573975, 344.131317139, 344.804718018, 345.478088379, 346.139862061, 346.813232422, 347.475006104, 348.125152588, 348.78692627, 349.437103271, 350.075653076, 350.714202881, 351.352722168, 351.991271973, 352.629821777, 353.268371582, 353.895324707, 354.533874512, 355.172424316, 355.799346924, 356.426300049, 357.041625977, 357.668579102, 358.237457275, 358.806335449, 359.38684082, 360.048614502, 360.698760986, 361.360534668, 361.999084473, 362.626037598, 363.264587402, 363.903137207, 364.541656494, 365.180206299, 365.818756104, 366.457305908, 367.084259033, 367.711181641, 368.338134766, 368.965057373, 369.592010498, 370.207336426, 370.822662354, 371.437988281, 372.053314209, 372.668640137, 373.272369385, 373.887695313, 374.491424561, 375.095153809, 375.698852539, 376.302581787, 376.894683838, 377.486785889, 378.078918457, 378.671020508, 379.263122559, 379.855224609, 380.43572998, 381.027832031, 381.619934082, 382.200439453, 382.792541504, 383.384674072, 383.965148926, 384.545654297, 385.126159668, 385.706665039, 386.28717041, 386.867645264, 387.448150635, 388.040252686, 388.632385254, 389.212860107, 389.816589355, 390.44354248, 391.082092285, 391.73223877, 392.347564697, 392.962890625, 393.566619873, 394.158721924, 394.750823975, 395.354553223, 395.958282471, 396.550384521, 397.130889893, 397.722991943, 398.303497314, 398.895599365, 399.499298096, 400.079803467, 400.648712158, 401.229187012, 401.658782959, 402.088348389, 402.517913818, 402.935852051, 403.365447998, 403.771789551, 404.189758301, 404.596099854, 405.002441406, 405.420410156, 405.838348389, 406.256317139, 406.674285889, 407.080627441, 407.486968994, 407.893341064, 408.311279297, 408.729248047, 409.158813477, 409.588378906, 410.006347656, 410.435913086, 410.877075195, 411.318267822, 411.910369873, 412.502471924, 413.094604492, 413.686706543, 414.267211914, 414.836090088, 415.404968262, 415.962249756, 416.438262939, 416.914276123, 417.378662109, 417.843078613, 418.3074646, 418.783477783, 419.247894287, 419.723907471, 420.199890137, 420.699127197, 421.186737061, 421.674377441, 422.243255615, 422.812133789, 423.39263916, 423.961547852, 424.530426025, 425.099304199, 425.668212891, 426.248687744, 426.817596436, 427.398101807, 427.96697998, 428.524261475, 429.093139648, 429.662017822, 430.230926514, 430.799804688, 431.264221191, 431.728607178, 432.192993164, 432.657409668, 433.121795654, 433.586212158, 434.050598145, 434.515014648, 434.979400635, 435.443786621, 435.908203125, 436.384216309, 436.860229492, 437.336242676, 437.800628662, 438.276641846, 438.84552002, 439.414428711, 439.983306885, 440.552185059, 441.13269043, 441.701568604, 442.270477295, 442.839355469, 443.408233643, 443.977142334, 444.546020508, 445.114898682, 445.683807373, 446.241088867, 446.809967041, 447.378845215, 447.936126709, 448.5050354, 449.073913574, 449.654418945, 450.223297119, 450.768981934, 451.326263428, 451.871917725, 452.429199219, 452.998077393, 453.566986084, 454.135864258, 454.704742432, 455.262023926, 455.830932617, 456.388214111, 456.945465088, 457.479553223, 458.01361084, 458.559265137, 459.093322754, 459.662200928, 460.242706299, 460.846435547, 461.438537598, 462.030639648, 462.61114502, 463.168426514, 463.760528564, 464.352630615, 464.944763184, 465.560089111, 466.163787842, 466.76751709, 467.359619141, 467.951751709, 468.54385376, 469.135955811, 469.739685059, 470.331787109, 470.92388916, 471.515991211, 472.119720459, 472.735046387, 473.338775635, 473.942474365, 474.534606934, 475.126708984, 475.730407715, 476.334136963, 476.926239014, 477.541564941, 478.156921387, 478.760620117, 479.375946045, 479.979675293, 480.583404541, 481.198730469, 481.814056396, 482.440979004, 483.067932129, 483.683258057, 484.310180664, 484.925537109, 485.540863037, 486.167785645, 486.783111572, 487.3984375, 488.013763428, 488.629119873, 489.232818604, 489.824920654, 490.405426025, 490.974334717, 491.543212891, 492.135314941, 492.727416992, 493.307922363, 493.888427734, 494.468933105, 495.072631836, 495.676361084, 496.291687012, 496.814147949, 497.348205566, 497.83581543, 498.311828613, 498.787841797, 499.26385498, 499.716644287, 500.181030273, 500.645446777, 501.109832764, 501.56262207, 502.015411377, 502.42175293, 502.828094482, 503.234466553, 503.640808105, 504.035552979, 504.418670654, 504.801818848, 505.196533203, 505.591278076, 505.986022949, 506.380767822, 506.775512695, 507.170227051, 507.564971924, 507.948120117, 508.342834473, 508.725982666, 509.120727539, 509.515441895, 509.921813965, 510.316558838, 510.711273193, 511.106018066, 511.512359619, 511.918731689, 512.325073242, 512.743041992, 513.172607422, 513.602172852, 514.031738281, 514.461303711, 514.879272461, 515.297241211, 515.73840332, 516.191162109, 516.632385254, 517.085144043, 517.537963867, 517.990722656, 518.44354248, 518.907897949, 519.360717773, 519.801879883, 520.393981934, 521.009338379, 521.613037109, 522.20513916, 522.808898926, 523.401000977, 523.993103027, 524.585205078, 525.165710449, 525.74621582, 526.326721191, 526.918823242, 527.510925293, 528.103027344, 528.695129395, 529.298828125, 529.890991211, 530.483093262, 531.075195313, 531.667297363, 532.247802734, 532.839904785, 533.432006836, 534.000915527, 534.569763184, 535.138671875, 535.707580566, 536.264831543, 536.868591309, 537.472290039, 538.07598877, 538.6796875, 539.283447266, 539.898742676, 540.514099121, 541.117797852, 541.721557617, 542.325256348, 542.882507324, 543.439819336, 543.997070313, 544.565979004, 545.134887695, 545.715393066, 546.295837402, 546.876342773, 547.456848145, 548.048950195, 548.629455566, 549.221557617, 549.802062988, 550.382568359, 550.96307373, 551.531982422, 552.089233398, 552.65814209, 553.215393066, 553.772705078, 554.329956055, 554.898864746, 555.467773438, 556.036621094, 556.593933105, 557.162780762, 557.720092773, 558.27734375, 558.834655762, 559.403503418, 559.972412109, 560.55291748, 561.121826172, 561.702331543, 562.131896973, 562.573059082, 563.014221191, 563.455383301, 563.88494873, 564.314575195, 564.744140625, 565.173706055, 565.603271484, 566.032836914, 566.450805664, 566.868713379, 567.286682129, 567.739501953, 568.192260742, 568.645080566, 569.097839355, 569.5390625, 569.956970215, 570.374938965, 570.816162109, 571.257324219, 571.698486328, 572.139648438, 572.569213867, 572.998840332, 573.428405762, 573.857971191, 574.287536621, 574.705505371, 575.135070801, 575.552978516, 575.98260498, 576.41217041, 576.830078125, 577.259643555, 577.68927002, 578.118835449, 578.548400879, 578.977966309, 579.407531738, 579.825500488, 580.243408203, 580.673034668, 581.090942383, 581.520507813, 581.938476563, 582.368041992, 582.797607422, 583.238830566, 583.668395996, 584.097961426, 584.527526855, 584.957092285, 585.375061035, 585.793029785, 586.222595215, 586.652160645, 587.081726074, 587.511291504, 587.929260254, 588.358825684, 588.788391113, 589.217956543, 589.635925293, 590.065490723, 590.483459473, 590.924621582, 591.365783691, 591.806945801, 592.236572266, 592.666137695, 593.107299805, 593.548461914, 593.978027344, 594.407592773, 594.837158203, 595.266723633, 595.684692383, 596.114257813, 596.532226563, 596.961791992, 597.391357422, 597.820922852, 598.250488281, 598.680053711, 599.098022461, 599.515991211, 599.933959961, 600.351928711, 600.769897461, 601.187805176, 601.617431641, 602.04699707, 602.4765625, 602.90612793, 603.32409668, 603.753662109, 604.183227539, 604.612792969, 605.042358398, 605.483520508, 605.913085938, 606.342651367, 606.760620117, 607.178588867, 607.596557617, 608.026123047, 608.455688477, 608.885253906, 609.303222656, 609.709533691, 610.127502441, 610.533874512, 610.940185547, 611.358154297, 611.764526367, 612.182495117, 612.588806152, 613.006774902, 613.424743652, 613.842712402, 614.260681152, 614.678649902, 615.084960938, 615.514526367, 615.932495117, 616.350463867, 616.791625977, 617.232849121, 617.67401123, 618.10357666, 618.53314209, 618.974304199, 619.415527344, 619.891479492, 620.355895996, 620.8203125, 621.22668457, 621.632995605, 622.039367676, 622.445678711, 622.852050781, 623.246765137, 623.653137207, 624.059509277, 624.454223633, 624.848937988, 625.243713379, 625.626831055, 626.00994873, 626.393066406, 626.776245117, 627.159362793, 627.542480469, 627.925598145, 628.30871582, 628.691894531, 629.075012207, 629.469726563, 629.841247559, 630.224365234, 630.607543945, 630.990661621, 631.373779297, 631.768493652, 632.163269043, 632.569580078, 632.964355469, 633.301025391, 633.637695313, 633.97442627, 634.311096191, 634.647766113, 634.99609375, 635.344360352, 635.692687988, 636.02935791, 636.377685547, 636.725952148, 637.074279785, 637.422546387, 637.747680664, 638.072753906, 638.409423828, 638.74609375, 639.082824707, 639.407897949, 639.732971191, 640.058044434, 640.383117676, 640.708190918, 641.03326416, 641.358337402, 641.683410645, 642.008483887, 642.333618164, 642.658691406, 642.983764648, 643.308837891, 643.657104492, 644.005432129, 644.353759766, 644.690429688, 645.085144043, 645.479919434, 645.874633789, 646.269348145, 646.675720215, 647.082092285, 647.48840332, 647.929626465, 648.359191895, 648.800354004, 649.241516113, 649.682739258, 650.123901367, 650.565063477, 650.994628906, 651.424194336, 651.842163086, 652.271728516, 652.72454834, 653.165710449, 653.606872559, 654.082885742, 654.547302246, 655.01171875, 655.522521973, 656.021728516, 656.520996094, 657.008605957, 657.5078125, 658.007080078, 658.517883301, 659.028747559, 659.539550781, 660.073608398, 660.607727051, 661.141784668, 661.629394531, 662.117004395, 662.604614258, 663.092224121, 663.579833984, 664.055847168, 664.555114746, 665.054321289, 665.553527832, 666.06439209, 666.575256348, 667.08605957, 667.596923828, 668.107727051, 668.618591309, 669.233886719, 669.837646484, 670.487792969, 671.137939453, 671.834533691, 672.53112793, 673.227722168, 673.924316406, 674.620910645, 675.305908203, 675.990905762, 676.652709961, 677.314453125, 678.011047363, 678.719238281, 679.439086914, 680.147277832, 680.890319824, 681.621765137, 682.364807129, 683.107849121, 683.839233398, 684.570678711, 685.302124023, 686.033569336, 686.764953613, 687.496398926, 688.227844238, 688.947631836], "beats_loudness": {"dmean2": 0.0376947596669, "median": 0.0536963492632, "min": 3.00418414554e-05, "dvar2": 0.00117993168533, "dvar": 0.000426083803177, "dmean": 0.0220794137567, "max": 0.176050782204, "var": 0.00105066678952, "mean": 0.0536519438028}, "danceability": 0.934545040131, "bpm_histogram_second_peak_weight": {"dmean2": 0, "median": 0.0854014605284, "min": 0.0854014605284, "dvar2": 0, "dvar": 0, "dmean": 0, "max": 0.0854014605284, "var": 0, "mean": 0.0854014605284}, "beats_count": 1371, "bpm_histogram_second_peak_bpm": {"dmean2": 0, "median": 133, "min": 133, "dvar2": 0, "dvar": 0, "dmean": 0, "max": 133, "var": 0, "mean": 133}, "bpm_histogram_first_peak_spread": {"dmean2": 0, "median": 0.612528979778, "min": 0.612528979778, "dvar2": 0, "dvar": 0, "dmean": 0, "max": 0.612528979778, "var": 0, "mean": 0.612528979778}, "beats_loudness_band_ratio": {"dmean2": [0.313009649515, 0.198524847627, 0.179162338376, 0.154991447926, 0.0761791169643, 0.0441129207611], "median": [0.611109614372, 0.105490148067, 0.0834184288979, 0.0769865959883, 0.0301757548004, 0.0125130470842], "min": [0.00140587228816, 0.000156783120474, 0.000240170309553, 0.00143350323197, 0.000129628402647, 0.000125940554426], "dvar2": [0.0794553980231, 0.0455564670265, 0.0406219772995, 0.029011759907, 0.0174376256764, 0.0090876147151], "dvar": [0.0295627210289, 0.0170599631965, 0.0147796627134, 0.0106601789594, 0.0060000224039, 0.00327575020492], "dmean": [0.18074965477, 0.117624782026, 0.101845920086, 0.0884474217892, 0.042974345386, 0.0248653665185], "max": [0.976465582848, 0.89341044426, 0.863537847996, 0.922321557999, 0.868110239506, 0.839252889156], "var": [0.0763423368335, 0.0234278980643, 0.0190637987107, 0.014291131869, 0.0108531108126, 0.00569860311225], "mean": [0.544637084007, 0.152389198542, 0.130077630281, 0.118543758988, 0.0630084872246, 0.0347288139164]}}, "lowlevel": {"barkbands_spread": {"dmean2": 6.71899366379, "median": 15.6590309143, "min": 0.551624834538, "dvar2": 92.3276748657, "dvar": 36.3834838867, "dmean": 4.16990089417, "max": 113.266372681, "var": 118.930076599, "mean": 17.3981399536}, "melbands_spread": {"dmean2": 7.68054533005, "median": 13.389585495, "min": 0.377935230732, "dvar2": 122.338890076, "dvar": 52.52003479, "dmean": 4.82209444046, "max": 270.035461426, "var": 387.848510742, "mean": 18.1520366669}, "hfc": {"dmean2": 7.35210180283, "median": 23.0334243774, "min": 3.55761575754e-09, "dvar2": 139.280471802, "dvar": 51.0803070068, "dmean": 4.5550365448, "max": 182.204269409, "var": 215.346115112, "mean": 23.3309059143}, "barkbands_kurtosis": {"dmean2": 5.28041601181, "median": 3.65448379517, "min": -1.92865049839, "dvar2": 72.2059631348, "dvar": 31.2699546814, "dmean": 3.29350662231, "max": 346.039550781, "var": 99.9066848755, "mean": 6.41183948517}, "gfcc": {"mean": [11.3738622665, 99.3385009766, -104.681777954, 21.3223266602, -48.6908760071, 31.8572158813, -45.8152427673, 14.1727657318, -28.6119499207, 2.63070654869, -13.9747095108, -7.78731107712, -13.262421608], "icov": [[0.00075456610648, -0.00121839856729, 0.000680246739648, -0.00117747799959, 0.00110353401396, -0.00146389182191, 0.00143261102494, -0.00149024440907, 0.00157611747272, -0.00134312815499, 0.000431269814726, -0.000166160141816, 0.000307002774207], [-0.00121839856729, 0.00496456632391, -0.00287305796519, 0.00313184736297, -0.00360823748633, 0.00438760919496, -0.0037263459526, 0.00562748638913, -0.00480694370344, 0.00398832606152, -0.00384898227639, 0.00332559691742, -0.00191753811669], [0.000680246739648, -0.00287305796519, 0.0032229681965, -0.00216158595867, 0.00192677148152, -0.00276367366314, 0.00251109478995, -0.00300556770526, 0.00317709427327, -0.0026231717784, 0.0021430158522, -0.00217846478336, 0.00175429251976], [-0.00117747799959, 0.00313184736297, -0.00216158595867, 0.00476808706298, -0.00250711082481, 0.00184018409345, -0.00275907106698, 0.00378294242546, -0.00452013453469, 0.00404290901497, -0.00215517403558, 0.00295464042574, -0.00245927739888], [0.00110353401396, -0.00360823748633, 0.00192677148152, -0.00250711082481, 0.0058827442117, -0.00372323929332, 0.0012835074449, -0.00372960977256, 0.00290647475049, -0.0033341741655, 0.00342182745226, -0.00208095624112, 0.000794137478806], [-0.00146389182191, 0.00438760919496, -0.00276367366314, 0.00184018409345, -0.00372323929332, 0.0088892839849, -0.00447910511866, 0.00370147218928, -0.00301484158263, 0.00279508600943, -0.00332310912199, 0.00296721095219, -0.00164137291722], [0.00143261102494, -0.0037263459526, 0.00251109478995, -0.00275907106698, 0.0012835074449, -0.00447910511866, 0.0086278617382, -0.00490317121148, 0.00329400016926, -0.00304575287737, 0.00142638082616, -0.00192582199816, 0.00247563607991], [-0.00149024440907, 0.00562748638913, -0.00300556770526, 0.00378294242546, -0.00372960977256, 0.00370147218928, -0.00490317121148, 0.0134386150166, -0.00725034391508, 0.00416565872729, -0.00267318612896, 0.00152831873856, -0.0018895965768], [0.00157611747272, -0.00480694370344, 0.00317709427327, -0.00452013453469, 0.00290647475049, -0.00301484158263, 0.00329400016926, -0.00725034391508, 0.0133663155138, -0.00640718825161, 0.00232789060101, -0.00242538470775, 0.00117111334112], [-0.00134312815499, 0.00398832606152, -0.0026231717784, 0.00404290901497, -0.0033341741655, 0.00279508600943, -0.00304575287737, 0.00416565872729, -0.00640718825161, 0.0140857277438, -0.00616980623454, 0.00323916831985, -0.000193391082576], [0.000431269814726, -0.00384898227639, 0.0021430158522, -0.00215517403558, 0.00342182745226, -0.00332310912199, 0.00142638082616, -0.00267318612896, 0.00232789060101, -0.00616980623454, 0.0145124215633, -0.00678926380351, 0.00186440488324], [-0.000166160141816, 0.00332559691742, -0.00217846478336, 0.00295464042574, -0.00208095624112, 0.00296721095219, -0.00192582199816, 0.00152831873856, -0.00242538470775, 0.00323916831985, -0.00678926380351, 0.0156157547608, -0.00696692755446], [0.000307002774207, -0.00191753811669, 0.00175429251976, -0.00245927739888, 0.000794137478806, -0.00164137291722, 0.00247563607991, -0.0018895965768, 0.00117111334112, -0.000193391082576, 0.00186440488324, -0.00696692755446, 0.015674713999]], "cov": [[4148.66210938, 46.0991630554, 329.734313965, 656.285522461, -291.296417236, 389.317840576, -306.207672119, -23.0459041595, -130.464981079, 70.3367233276, 83.8260040283, -186.382751465, 9.36101436615], [46.0991630554, 1433.69360352, 324.0597229, -126.741699219, 283.019073486, -200.994094849, 138.336578369, -223.91444397, 100.949577332, 3.43170070648, 99.2546463013, -69.9037704468, -16.2711353302], [329.734313965, 324.0597229, 721.711181641, 126.413650513, 10.854891777, 75.8703155518, -43.6334381104, -32.3444786072, -38.6069221497, 15.7425022125, 7.84494113922, -20.6671485901, -24.4074764252], [656.285522461, -126.741699219, 126.413650513, 618.658569336, 62.888633728, 168.09513855, 25.3484191895, 7.42027568817, 46.549030304, -42.0070075989, -16.1010665894, -61.3769111633, 36.503238678], [-291.296417236, 283.019073486, 10.854891777, 62.888633728, 419.272186279, 60.1074638367, 144.68800354, 10.4895343781, 52.9685745239, 11.5068979263, -15.3017454147, -10.7769107819, 5.65953445435], [389.317840576, -200.994094849, 75.8703155518, 168.09513855, 60.1074638367, 300.113708496, 55.7684898376, 43.1921920776, -12.8952322006, 14.8582162857, 2.88007164001, -24.2628307343, 0.468578130007], [-306