{"metadata": {"tags": {"albumartist": ["Luciano Pavarotti"], "musicbrainz_artistid": ["705076ef-a0c5-472f-bebd-3e72174fcaf4"], "artist": ["Luciano Pavarotti & Eric Clapton"], "musicbrainz_albumid": ["b853fb31-b70f-4459-b190-af04037e995f"], "discnumber": ["1"], "title": ["Holy Mother"], "tracknumber": ["5"], "tracktotal": ["14"], "musicbrainz_albumartistid": ["705076ef-a0c5-472f-bebd-3e72174fcaf4"], "album": ["Pavarotti: The Duets"], "musicbrainz_recordingid": ["15bebae5-b2ba-4e6c-8516-b67cdc6b1d26"], "albumartistsort": ["Pavarotti, Luciano"], "artistsort": ["Pavarotti, Luciano"], "date": ["2008-11-11"], "musicbrainz_discid": ["IwAaUQ0N613_4XrIch6cciFlosk-"], "file_name": "Disc 1 - 5 - Holy Mother.flac"}, "audio_properties": {"sample_rate": 44100, "downmix": "mix", "lossless": true, "analysis_sample_rate": 44100, "md5_encoded": "47ed93617a552939f062adbff4e3893c", "equal_loudness": 0, "replay_gain": -12.8599014282, "codec": "flac", "bit_rate": 0, "length": 325.172241211}, "version": {"extractor": "music 1.0", "essentia_build_sha": "26c37b627ab5a2028d412893e0969599b764ad4d", "essentia_git_sha": "v2.1_beta2", "essentia": "2.1-beta2"}}, "rhythm": {"beats_loudness_band_ratio": {"dvar2": [0.0574812553823, 0.0477621778846, 0.0517655313015, 0.0274245105684, 0.0104576144367, 0.0182830952108], "var": [0.055955093354, 0.0286816097796, 0.0340513549745, 0.0143988579512, 0.00556852761656, 0.00416315160692], "min": [0.000888985348865, 0.00529503030702, 0.00473240250722, 0.000778682995588, 0.000169739549165, 0.000132192668389], "dmean": [0.183181643486, 0.142336085439, 0.151840761304, 0.0859773531556, 0.0499000810087, 0.0452566705644], "mean": [0.384585827589, 0.185469761491, 0.240544095635, 0.12417448312, 0.0683659240603, 0.0466665700078], "max": [0.943076848984, 0.981404364109, 0.87866717577, 0.713454604149, 0.483979970217, 0.758872151375], "dmean2": [0.312405258417, 0.246479973197, 0.260679811239, 0.149751007557, 0.0854055583477, 0.0815795361996], "median": [0.373655200005, 0.128267869353, 0.183007597923, 0.0855098217726, 0.0446438342333, 0.0301325749606], "dvar": [0.0220719669014, 0.0193807315081, 0.0190013647079, 0.00971254520118, 0.0039869970642, 0.00637575192377]}, "bpm_histogram_first_peak_weight": {"dvar2": 0, "var": 0, "min": 0.498245626688, "dmean": 0, "mean": 0.498245626688, "max": 0.498245626688, "dmean2": 0, "median": 0.498245626688, "dvar": 0}, "bpm": 155.963424683, "beats_count": 856, "bpm_histogram_first_peak_spread": {"dvar2": 0, "var": 0, "min": 0.388809144497, "dmean": 0, "mean": 0.388809144497, "max": 0.388809144497, "dmean2": 0, "median": 0.388809144497, "dvar": 0}, "danceability": 0.968649148941, "bpm_histogram_first_peak_bpm": {"dvar2": 0, "var": 0, "min": 157, "dmean": 0, "mean": 157, "max": 157, "dmean2": 0, "median": 157, "dvar": 0}, "beats_position": [0.406349211931, 0.824308395386, 1.24226760864, 1.64861679077, 2.04335594177, 2.43809509277, 2.83283448219, 3.22757363319, 3.63392281532, 4.01705217361, 4.40018129349, 4.78331041336, 5.17804956436, 5.5727891922, 5.9675283432, 6.3622674942, 6.7570066452, 7.1517457962, 7.53487491608, 7.91800451279, 8.3011341095, 8.68426322937, 9.05578231812, 9.42730140686, 9.79882049561, 10.1935596466, 10.5766887665, 10.95981884, 11.3429479599, 11.7260770798, 12.0975961685, 12.4807252884, 12.8638544083, 13.2469835281, 13.6301136017, 14.0016326904, 14.3731517792, 14.7446708679, 15.1277999878, 15.5109291077, 15.8940582275, 16.2771873474, 16.6487064362, 17.0202255249, 17.391746521, 17.7748756409, 18.1580047607, 18.5411338806, 18.9242630005, 19.2957820892, 19.667301178, 20.0504302979, 20.4335594177, 20.8050785065, 21.1765975952, 21.548116684, 21.9196376801, 22.2911567688, 22.6626758575, 23.0225849152, 23.3941040039, 23.7656230927, 24.1487522125, 24.5318813324, 24.9034004211, 25.2749195099, 25.6464385986, 26.0295696259, 26.4126987457, 26.7842178345, 27.1673469543, 27.5620861053, 27.9452152252, 28.316734314, 28.6998634338, 29.0713825226, 29.4545116425, 29.8376407623, 30.2091598511, 30.5922889709, 30.9754180908, 31.3701572418, 31.753288269, 32.1364173889, 32.5195465088, 32.9026756287, 33.2741928101, 33.6457138062, 34.0172348022, 34.3887519836, 34.7602729797, 35.1317901611, 35.514919281, 35.8980484009, 36.269569397, 36.6410865784, 37.0126075745, 37.3957366943, 37.7788658142, 38.1619949341, 38.545124054, 38.9282531738, 39.3113822937, 39.6945114136, 40.0776405334, 40.4607696533, 40.8438987732, 41.2154197693, 41.5985488892, 41.981678009, 42.3531951904, 42.7247161865, 43.1078453064, 43.50258255, 43.8973236084, 44.2804527283, 44.6519737244, 45.0351028442, 45.4182319641, 45.8129692078, 46.1960983276, 46.5792274475, 46.9739685059, 47.3454856873, 47.7170066833, 48.1001358032, 48.4832649231, 48.866394043, 49.2495231628, 49.6442604065, 50.0273895264, 50.4105224609, 50.7936515808, 51.1651687622, 51.5482978821, 51.9198188782, 52.2913360596, 52.6744651794, 53.0575942993, 53.4407234192, 53.8238525391, 54.2069816589, 54.5901107788, 54.9848518372, 55.367980957, 55.7511100769, 56.1342391968, 56.5173683167, 56.9004974365, 57.2836265564, 57.6667556763, 58.0498847961, 58.4214057922, 58.8045349121, 59.187664032, 59.5591812134, 59.9423103333, 60.3254394531, 60.6969604492, 61.0800895691, 61.463218689, 61.8463478088, 62.2294769287, 62.6126060486, 62.9957351685, 63.3672561646, 63.7503852844, 64.1335144043, 64.5166397095, 64.899772644, 65.2828979492, 65.6660308838, 66.0375518799, 66.4206771851, 66.8038101196, 67.1753311157, 67.5584564209, 67.9415893555, 68.3247146606, 68.7078475952, 69.0793609619, 69.474105835, 69.8456192017, 70.2171401978, 70.6002731323, 70.9833984375, 71.3665313721, 71.7496566772, 72.1211776733, 72.5043106079, 72.8758239746, 73.2589569092, 73.6420822144, 74.0252151489, 74.4083404541, 74.7914733887, 75.1745986938, 75.5577316284, 75.9408569336, 76.3239898682, 76.7071151733, 77.0902481079, 77.461769104, 77.8448944092, 78.2280273438, 78.6111526489, 78.9942855835, 79.3774108887, 79.7605438232, 80.1436691284, 80.526802063, 80.8983230591, 81.2814483643, 81.6645812988, 82.0360946655, 82.4192276001, 82.7907485962, 83.1738739014, 83.5453948975, 83.9169158936, 84.3000411987, 84.6831741333, 85.0546951294, 85.4262084961, 85.7977294922, 86.1924667358, 86.5755996704, 86.9587249756, 87.3534698486, 87.7365951538, 88.1197280884, 88.514465332, 88.8975982666, 89.2807235718, 89.6522445679, 90.023765564, 90.4185028076, 90.8016281128, 91.1847610474, 91.5678863525, 91.9510192871, 92.3341445923, 92.7172775269, 93.100402832, 93.4835357666, 93.8550567627, 94.2381820679, 94.6213150024, 95.0044403076, 95.3875732422, 95.7590942383, 96.1422195435, 96.525352478, 96.9084777832, 97.2916107178, 97.6863479614, 98.0694732666, 98.4526062012, 98.8473434448, 99.2420806885, 99.625213623, 100.008346558, 100.379859924, 100.774604797, 101.146118164, 101.529251099, 101.912376404, 102.2838974, 102.667030334, 103.05015564, 103.433288574, 103.828025818, 104.211151123, 104.594284058, 104.977409363, 105.360542297, 105.743675232, 106.138412476, 106.521537781, 106.904670715, 107.287796021, 107.670928955, 108.065666199, 108.448799133, 108.831924438, 109.215057373, 109.598182678, 109.981315613, 110.364440918, 110.747573853, 111.130699158, 111.525436401, 111.920181274, 112.314918518, 112.709655762, 113.092788696, 113.48752594, 113.882263184, 114.265396118, 114.648521423, 115.031654358, 115.414779663, 115.797912598, 116.181037903, 116.552558899, 116.935691833, 117.318817139, 117.701950073, 118.07346344, 118.456596375, 118.828117371, 119.211242676, 119.582763672, 119.965896606, 120.337409973, 120.708930969, 121.092063904, 121.475189209, 121.858322144, 122.241447449, 122.624580383, 123.007705688, 123.390838623, 123.773963928, 124.145484924, 124.528617859, 124.900131226, 125.28326416, 125.678001404, 126.061134338, 126.432647705, 126.81578064, 127.198905945, 127.582038879, 127.965164185, 128.348297119, 128.731430054, 129.114562988, 129.497680664, 129.880813599, 130.252334595, 130.635467529, 131.018585205, 131.40171814, 131.773239136, 132.167984009, 132.551101685, 132.934234619, 133.328979492, 133.712112427, 134.083618164, 134.466751099, 134.838272095, 135.221405029, 135.604537964, 135.98765564, 136.370788574, 136.765533447, 137.137054443, 137.520172119, 137.903305054, 138.286437988, 138.669570923, 139.041091919, 139.424209595, 139.807342529, 140.190475464, 140.573608398, 140.956726074, 141.339859009, 141.711380005, 142.094512939, 142.477645874, 142.849151611, 143.220672607, 143.603805542, 143.986938477, 144.370071411, 144.753189087, 145.124710083, 145.496231079, 145.879364014, 146.262496948, 146.645614624, 147.028747559, 147.411880493, 147.795013428, 148.178131104, 148.561264038, 148.932785034, 149.30430603, 149.687438965, 150.070556641, 150.453689575, 150.83682251, 151.219955444, 151.603088379, 151.986206055, 152.369338989, 152.752471924, 153.12399292, 153.507110596, 153.878631592, 154.261764526, 154.644897461, 155.028030396, 155.411148071, 155.782669067, 156.154190063, 156.537322998, 156.920455933, 157.303573608, 157.686706543, 158.069839478, 158.452972412, 158.836090088, 159.230834961, 159.613967896, 159.99710083, 160.380218506, 160.76335144, 161.146484375, 161.518005371, 161.889526367, 162.272644043, 162.644165039, 163.027297974, 163.410430908, 163.793563843, 164.176681519, 164.559814453, 164.931335449, 165.326080322, 165.709197998, 166.092330933, 166.487075806, 166.870193481, 167.253326416, 167.648071289, 168.031204224, 168.414321899, 168.797454834, 169.180587769, 169.575332642, 169.958450317, 170.341583252, 170.724716187, 171.107849121, 171.490966797, 171.874099731, 172.257232666, 172.65196228, 173.035095215, 173.406616211, 173.778137207, 174.149658203, 174.532791138, 174.915908813, 175.299041748, 175.682174683, 176.065307617, 176.448425293, 176.831558228, 177.214691162, 177.586212158, 177.969345093, 178.352462769, 178.735595703, 179.107116699, 179.478637695, 179.86177063, 180.244888306, 180.62802124, 180.999542236, 181.382675171, 181.765808105, 182.148925781, 182.532058716, 182.91519165, 183.298324585, 183.681442261, 184.064575195, 184.459320068, 184.842453003, 185.225570679, 185.608703613, 185.991836548, 186.386566162, 186.781311035, 187.176055908, 187.570785522, 187.965530396, 188.34866333, 188.731781006, 189.126525879, 189.509658813, 189.904388428, 190.287521362, 190.670654297, 191.053787231, 191.425308228, 191.808425903, 192.191558838, 192.586303711, 192.969436646, 193.352554321, 193.724075317, 194.095596313, 194.46711731, 194.838638306, 195.23336792, 195.604888916, 195.999633789, 196.382766724, 196.765899658, 197.149017334, 197.532150269, 197.915283203, 198.298416138, 198.681533813, 199.064666748, 199.436187744, 199.80770874, 200.190841675, 200.573959351, 200.945480347, 201.317001343, 201.700134277, 202.083267212, 202.466384888, 202.849517822, 203.232650757, 203.615783691, 203.987304688, 204.370422363, 204.741943359, 205.113464355, 205.49659729, 205.868118286, 206.239639282, 206.611160278, 206.994277954, 207.36579895, 207.748931885, 208.132064819, 208.515182495, 208.886703491, 209.269836426, 209.65296936, 210.036102295, 210.419219971, 210.790740967, 211.162261963, 211.545394897, 211.928527832, 212.300048828, 212.671554565, 213.0546875, 213.437820435, 213.820953369, 214.204071045, 214.587203979, 214.970336914, 215.353469849, 215.736587524, 216.108108521, 216.479629517, 216.862762451, 217.245895386, 217.617416382, 217.988937378, 218.360443115, 218.731964111, 219.103485107, 219.475006104, 219.8465271, 220.229660034, 220.624389648, 221.007522583, 221.402267456, 221.773788452, 222.145309448, 222.516815186, 222.888336182, 223.259857178, 223.654602051, 224.026123047, 224.397644043, 224.76914978, 225.140670776, 225.512191772, 225.895324707, 226.278457642, 226.661590576, 227.033096313, 227.416229248, 227.787750244, 228.15927124, 228.530792236, 228.902313232, 229.285430908, 229.668563843, 230.040084839, 230.411605835, 230.783126831, 231.154647827, 231.526168823, 231.897689819, 232.269195557, 232.652328491, 233.035461426, 233.41859436, 233.801712036, 234.173233032, 234.544754028, 234.916275024, 235.287796021, 235.659317017, 236.030838013, 236.39074707, 236.750656128, 237.122177124, 237.49369812, 237.853607178, 238.213516235, 238.585037231, 238.956542969, 239.339675903, 239.722808838, 240.094329834, 240.46585083, 240.837371826, 241.208877563, 241.58039856, 241.951919556, 242.323440552, 242.683349609, 243.054870605, 243.43800354, 243.809524536, 244.20425415, 244.587387085, 244.97052002, 245.353652954, 245.73677063, 246.119903564, 246.503036499, 246.862945557, 247.234466553, 247.605987549, 247.989105225, 248.360626221, 248.732147217, 249.103668213, 249.475189209, 249.846710205, 250.218231201, 250.589752197, 250.961257935, 251.332778931, 251.704299927, 252.075820923, 252.447341919, 252.818862915, 253.190383911, 253.561904907, 253.933425903, 254.304931641, 254.676452637, 255.047973633, 255.419494629, 255.791015625, 256.162536621, 256.545654297, 256.92880249, 257.300323486, 257.671844482, 258.054962158, 258.438079834, 258.80960083, 259.181121826, 259.552642822, 259.924163818, 260.295684814, 260.667205811, 261.038726807, 261.410247803, 261.781768799, 262.153289795, 262.524810791, 262.896331787, 263.267852783, 263.639373779, 264.010864258, 264.382385254, 264.765533447, 265.137054443, 265.520172119, 265.891693115, 266.251617432, 266.61151123, 266.971435547, 267.331329346, 267.702850342, 268.074371338, 268.445892334, 268.82901001, 269.188934326, 269.560455322, 269.931976318, 270.315093994, 270.69821167, 271.069732666, 271.441253662, 271.812774658, 272.184295654, 272.55581665, 272.927337646, 273.298858643, 273.658782959, 274.030303955, 274.413421631, 274.784942627, 275.156463623, 275.527984619, 275.899505615, 276.271026611, 276.642547607, 277.014068604, 277.397186279, 277.780303955, 278.151824951, 278.523345947, 278.894866943, 279.266387939, 279.637908936, 280.009429932, 280.392547607, 280.775695801, 281.147216797, 281.518737793, 281.901855469, 282.284973145, 282.656494141, 283.028015137, 283.399536133, 283.771057129, 284.142578125, 284.525695801, 284.908843994, 285.28036499, 285.651885986, 286.023406982, 286.394927979, 286.766448975, 287.137939453, 287.509460449, 287.880981445, 288.252502441, 288.612426758, 288.983947754, 289.35546875, 289.715362549, 290.075286865, 290.435180664, 290.80670166, 291.178222656, 291.549743652, 291.921264648, 292.281188965, 292.652679443, 293.024200439, 293.395721436, 293.778869629, 294.173614502, 294.54510498, 294.916625977, 295.29977417, 295.682891846, 296.042816162, 296.402709961, 296.785858154, 297.16897583, 297.540496826, 297.912017822, 298.283538818, 298.655059814, 299.026580811, 299.398101807, 299.769622803, 300.141113281, 300.512634277, 300.884155273, 301.25567627, 301.615600586, 301.975494385, 302.347015381, 302.718536377, 303.090057373, 303.484802246, 303.879547119, 304.239440918, 304.599365234, 304.97088623, 305.342407227, 305.713928223, 306.097045898, 306.480163574, 306.85168457, 307.223205566, 307.594726562, 307.943023682, 308.326171875, 308.709289551, 309.080810547, 309.47555542, 309.858673096, 310.241821289, 310.624938965, 311.008056641, 311.402801514, 311.797546387, 312.180664062, 312.587036133, 312.993377686, 313.388122559, 313.817687988, 314.235626221, 314.653594971, 315.118011475, 315.582397461, 316.035186768, 316.499572754, 316.85949707, 317.219390869, 317.579315186, 317.939208984, 318.275909424, 318.624206543, 318.972503662, 319.320800781, 319.6690979, 320.01739502, 320.365722656, 320.714019775, 321.062316895, 321.410614014, 321.758911133, 322.107208252, 322.455505371, 322.80380249, 323.163726807, 323.523620605, 323.883544922, 324.243438721, 324.603363037], "beats_loudness": {"dvar2": 0.000457413989352, "var": 0.000467738340376, "min": 1.34229094506e-09, "dmean": 0.0114536397159, "mean": 0.0261315256357, "max": 0.117576502264, "dmean2": 0.0199856385589, "median": 0.0211664959788, "dvar": 0.000150305611896}, "bpm_histogram_second_peak_weight": {"dvar2": 0, "var": 0, "min": 0.0807017534971, "dmean": 0, "mean": 0.0807017534971, "max": 0.0807017534971, "dmean2": 0, "median": 0.0807017534971, "dvar": 0}, "bpm_histogram_second_peak_spread": {"dvar2": 0, "var": 0, "min": 0.0547944903374, "dmean": 0, "mean": 0.0547944903374, "max": 0.0547944903374, "dmean2": 0, "median": 0.0547944903374, "dvar": 0}, "bpm_histogram_second_peak_bpm": {"dvar2": 0, "var": 0, "min": 152, "dmean": 0, "mean": 152, "max": 152, "dmean2": 0, "median": 152, "dvar": 0}, "onset_rate": 2.52780056}, "lowlevel": {"spectral_energyband_high": {"dvar2": 9.32238549467e-07, "var": 6.8172448664e-07, "min": 7.12261395559e-21, "dmean": 0.000183596799616, "mean": 0.000437229842646, "max": 0.011298567988, "dmean2": 0.000282218388747, "median": 0.000152108681505, "dvar": 3.65352548215e-07}, "spectral_energyband_middle_low": {"dvar2": 9.7126547189e-05, "var": 0.000132129935082, "min": 1.90500366549e-22, "dmean": 0.00393922673538, "mean": 0.0110968239605, "max": 0.101706460118, "dmean2": 0.00631436891854, "median": 0.00706473272294, "dvar": 3.83127553505e-05}, "spectral_energy": {"dvar2": 0.000263417401584, "var": 0.000380437501008, "min": 1.01464776979e-20, "dmean": 0.00593798933551, "mean": 0.0220633093268, "max": 0.128883525729, "dmean2": 0.00973631814122, "median": 0.0173820070922, "dvar": 9.93809662759e-05}, "spectral_spread": {"dvar2": 1369420464130.0, "var": 4327159889920.0, "min": 1221876, "dmean": 448909.46875, "mean": 4214025, "max": 46083956, "dmean2": 649406.125, "median": 3896048, "dvar": 715805425664}, "spectral_energyband_low": {"dvar2": 0.000152825508849, "var": 6.80949742673e-05, "min": 1.1171926237e-23, "dmean": 0.0028964439407, "mean": 0.00614095386118, "max": 0.104354679585, "dmean2": 0.00496752094477, "median": 0.00389751023613, "dvar": 5.51704506506e-05}, "spectral_rolloff": {"dvar2": 2027180.125, "var": 2047426.75, "min": 107.666015625, "dmean": 354.765167236, "mean": 1270.27319336, "max": 19336.8164062, "dmean2": 600.201843262, "median": 1033.59375, "dvar": 941398.375}, "barkbands": {"dvar2": [1.3830754142e-07, 1.62173218996e-05, 5.22472073499e-05, 2.65460785158e-05, 1.48297094711e-05, 3.65012942893e-06, 9.58280361374e-06, 9.58597138379e-06, 3.22475025314e-05, 2.16838475353e-06, 4.76784589409e-06, 3.83084716304e-06, 3.86568581234e-06, 1.51705705775e-06, 9.10315122837e-07, 1.29309876229e-06, 5.88216721553e-07, 4.25226147627e-07, 1.19959580047e-07, 3.78902598186e-08, 5.03810753116e-08, 7.2649278593e-08, 3.45666499868e-08, 1.64615983067e-08, 6.75279032691e-09, 2.84863510558e-08, 8.33741164996e-09], "var": [5.11068343201e-08, 9.25273161556e-06, 2.17317410716e-05, 9.66375228018e-06, 1.01380437627e-05, 3.3601834275e-06, 1.57696103997e-05, 1.45969625009e-05, 4.30679319834e-05, 4.90258571517e-06, 6.19864295004e-06, 3.78380082111e-06, 3.16988689519e-06, 2.13572548091e-06, 9.38942150697e-07, 1.3438498172e-06, 8.20722902972e-07, 5.46709941318e-07, 1.64733776842e-07, 4.35667821819e-08, 3.69422465951e-08, 4.31876223672e-08, 2.19386109279e-08, 1.3652438291e-08, 5.7772489015e-09, 1.20636212131e-08, 3.04698688502e-09], "min": [2.25468748012e-25, 7.50429426159e-25, 8.67001916618e-25, 5.81730190375e-25, 1.47580697683e-23, 1.51407951028e-23, 1.22444094589e-23, 1.54481163788e-23, 2.07528762226e-23, 2.48954072947e-23, 2.55204470334e-23, 3.91020270026e-23, 2.43585180289e-23, 3.39617304581e-23, 5.13831145493e-23, 5.18178368615e-23, 9.31569313963e-23, 9.3384912198e-23, 1.21684987939e-22, 2.02641554348e-22, 2.71325313093e-22, 3.38872405316e-22, 4.05282957234e-22, 6.52217928072e-22, 9.57766198179e-22, 1.30579143472e-21, 1.92071196871e-21], "dmean": [8.29906566651e-05, 0.00109040457755, 0.00161936914083, 0.00115063681733, 0.00109630962834, 0.000556391489226, 0.000820654502604, 0.00083344912855, 0.00136163341813, 0.000366426538676, 0.000488859426696, 0.00046112696873, 0.00049313926138, 0.000191300190636, 0.000226852003834, 0.00022120133508, 0.000208761528484, 0.000182624920853, 0.000104800739791, 5.9493308072e-05, 4.87098695885e-05, 4.65806697321e-05, 3.08295311697e-05, 2.29173965636e-05, 1.76985449798e-05, 2.75464117294e-05, 1.36976896101e-05], "mean": [8.42140798341e-05, 0.00231671961956, 0.00300523568876, 0.00145779806189, 0.00183585868217, 0.00107581214979, 0.00172677566297, 0.00168545613997, 0.00279417471029, 0.000822727160994, 0.000951049965806, 0.000792597653344, 0.000823297479656, 0.000323269952787, 0.000413563131588, 0.000357107783202, 0.000445317215053, 0.000385155493859, 0.000240849229158, 0.000141578973853, 0.000105995808553, 9.52802074607e-05, 6.01446372457e-05, 4.50991537946e-05, 3.3090589568e-05, 3.19416612911e-05, 1.27575649458e-05], "max": [0.00856217462569, 0.0622578263283, 0.0609271675348, 0.0841775387526, 0.0486601255834, 0.0275534950197, 0.0491619333625, 0.0526465252042, 0.0873255953193, 0.0299693178385, 0.0326705910265, 0.0304315946996, 0.0320969484746, 0.0414105542004, 0.0168833732605, 0.0312874540687, 0.0186244156212, 0.0101714823395, 0.0058383019641, 0.00284615810961, 0.0028362039011, 0.0040013724938, 0.00244996231049, 0.00200057262555, 0.00134695891757, 0.00230993027799, 0.00106602092274], "dmean2": [0.000138623843668, 0.00183659396134, 0.00281587755308, 0.00200001918711, 0.00180504086893, 0.000902843661606, 0.00127582240384, 0.00125963427126, 0.00211622798815, 0.00054452510085, 0.000772711879108, 0.000738543167245, 0.000804705370683, 0.000301016261801, 0.000360619043931, 0.00033816168434, 0.000327098299749, 0.000289898045594, 0.000167925958522, 9.76891387836e-05, 7.9456185631e-05, 7.55694345571e-05, 5.00328605995e-05, 3.4763084841e-05, 2.55721861322e-05, 4.21639306296e-05, 2.22208054765e-05], "median": [1.80235001608e-05, 0.00135547493119, 0.00134800712112, 0.000473080901429, 0.000872848846484, 0.000493946252391, 0.000380918616429, 0.000340938364388, 0.000321682717185, 0.000118779898912, 0.000132140994538, 0.000155014291522, 0.000181931740372, 5.47356175957e-05, 8.97881182027e-05, 6.6988854087e-05, 0.000118807947729, 9.63376078289e-05, 8.24749804451e-05, 5.35839135409e-05, 3.60107769666e-05, 2.56350740528e-05, 1.41788559631e-05, 1.05871358755e-05, 7.53331323722e-06, 3.60414969691e-06, 8.38113237478e-07], "dvar": [5.48361072106e-08, 5.98724773226e-06, 1.81212635653e-05, 9.58925284067e-06, 6.11637142356e-06, 1.41400687426e-06, 4.14784881286e-06, 4.33773675468e-06, 1.31020142362e-05, 1.12242992145e-06, 1.92376342056e-06, 1.60516788128e-06, 1.53178427809e-06, 6.68069674248e-07, 3.96724317397e-07, 6.2523372435e-07, 2.53977191278e-07, 1.82593410614e-07, 5.00197572251e-08, 1.44935352608e-08, 1.85183743895e-08, 2.70069637764e-08, 1.29220145695e-08, 6.78181732994e-09, 3.06151393126e-09, 1.19635537033e-08, 3.37673400352e-09]}, "melbands_skewness": {"dvar2": 1.09127342701, "var": 2.26420235634, "min": -1.06040847301, "dmean": 0.526717960835, "mean": 2.1239361763, "max": 13.3881158829, "dmean2": 0.836502611637, "median": 1.8147302866, "dvar": 0.451024740934}, "barkbands_skewness": {"dvar2": 0.624646365643, "var": 1.45810925961, "min": -3.14258313179, "dmean": 0.408866494894, "mean": 1.43320429325, "max": 15.5694675446, "dmean2": 0.644236266613, "median": 1.23972082138, "dvar": 0.26222294569}, "erbbands": {"dvar2": [0.0178331807256, 0.922851324081, 34.3405609131, 247.279953003, 292.499237061, 122.362747192, 145.610336304, 342.5703125, 538.596740723, 3464.2800293, 5590.34912109, 22655.7167969, 5312.6484375, 5543.03222656, 4426.97265625, 5224.34814453, 5980.15185547, 3306.88476562, 2451.89135742, 2412.40454102, 2014.8659668, 1186.02124023, 1454.19006348, 390.465637207, 281.546447754, 76.0299911499, 76.8344497681, 82.772102356, 83.6515197754, 71.8937835693, 26.1095638275, 10.6314382553, 3.57472896576, 1.06669354439, 0.365663379431, 0.319684118032, 0.130496233702, 0.00998285785317, 0.000214602463529, 9.34512456752e-07], "var": [0.00688227172941, 0.584370851517, 16.9072341919, 81.0048751831, 150.905639648, 106.418228149, 169.710464478, 294.471160889, 820.218017578, 5072.14013672, 9176.79882812, 27197.7949219, 11561.9599609, 6823.61865234, 5562.96679688, 5140.61621094, 5640.92138672, 5009.61767578, 3155.05322266, 1980.1986084, 2985.84960938, 1761.48693848, 1819.52282715, 653.973022461, 363.397064209, 87.6074676514, 55.0836524963, 59.1916999817, 55.0453643799, 42.7622909546, 14.5334672928, 8.00787639618, 2.82495260239, 0.825839877129, 0.31342279911, 0.192144110799, 0.0464367568493, 0.0035372376442, 7.89241530583e-05, 3.22620934412e-07], "min": [4.6145642963e-23, 1.66181185858e-22, 2.08277252385e-21, 4.73888662926e-21, 6.04219732994e-21, 6.41907794225e-20, 1.1551097748e-19, 1.79092719327e-19, 9.19590581025e-20, 3.48492148496e-19, 3.57363738114e-19, 5.23846761087e-19, 7.3854769293e-19, 9.08899232833e-19, 1.2156889415e-18, 1.72841953253e-18, 1.65945086742e-18, 2.39516205463e-18, 3.59224232748e-18, 3.33480510929e-18, 4.09456016216e-18, 6.34981019964e-18, 5.92559558558e-18, 6.63584098366e-18, 7.28125155173e-18, 8.85357879395e-18, 9.32030387406e-18, 1.07315443094e-17, 1.14453970422e-17, 1.39718035019e-17, 1.11479040164e-17, 1.07925513611e-17, 1.12775157738e-17, 8.39153803766e-18, 7.25160374422e-18, 3.9565558303e-18, 2.57030017854e-18, 9.16070888744e-19, 2.69621795408e-19, 2.79812001395e-20], "dmean": [0.0325001887977, 0.261130511761, 1.40134108067, 3.23838019371, 4.14803743362, 3.35091590881, 3.77594685555, 4.97538471222, 6.95217418671, 15.5748386383, 20.0830898285, 34.0943489075, 19.1076431274, 15.8933696747, 15.01283741, 18.016998291, 20.1231136322, 12.2929353714, 10.7278547287, 9.83652973175, 11.0461702347, 9.8094367981, 10.3274412155, 5.85030174255, 4.87683773041, 2.48246669769, 1.93539857864, 1.86816871166, 1.65613496304, 1.44821858406, 0.773737490177, 0.554466724396, 0.351047337055, 0.205690100789, 0.132145687938, 0.10243755579, 0.0537241287529, 0.0151330148801, 0.00220032618381, 0.000142069358844], "mean": [0.0514374636114, 0.605188012123, 3.00992870331, 4.49259757996, 5.80825805664, 5.84393644333, 7.26707220078, 9.41132164001, 14.8033447266, 33.4397506714, 43.7335357666, 69.4661102295, 43.8871269226, 32.6580085754, 30.4760494232, 32.5279502869, 35.9706459045, 24.3567848206, 20.9370231628, 18.4536533356, 22.4739570618, 22.6660480499, 22.552822113, 14.0595197678, 11.7110786438, 6.27972745895, 4.40366029739, 3.96695828438, 3.42928671837, 2.86947512627, 1.4953533411, 1.05940902233, 0.6657371521, 0.385523945093, 0.234453842044, 0.144246265292, 0.055194336921, 0.0143778845668, 0.00207478436641, 0.000151962492964], "max": [1.73755025864, 13.800031662, 50.1371841431, 139.906570435, 238.902282715, 222.354598999, 220.692672729, 276.062805176, 450.324493408, 782.69732666, 1410.23754883, 2114.40332031, 1444.23364258, 1141.80029297, 1393.12060547, 1370.28186035, 1301.08825684, 1944.81323242, 1335.1315918, 993.453979492, 957.990356445, 637.835266113, 713.007263184, 487.737762451, 366.350494385, 156.179336548, 129.201080322, 134.349182129, 154.639282227, 138.294906616, 70.5528717041, 51.423034668, 28.7379837036, 16.5099639893, 9.57147884369, 8.69121646881, 5.54554748535, 1.4139777422, 0.181452959776, 0.012033848092], "dmean2": [0.0556872040033, 0.440745711327, 2.42229008675, 5.67280673981, 6.95122814178, 5.53400230408, 6.01942253113, 8.03113746643, 10.6020927429, 23.9670314789, 30.0036468506, 53.302734375, 27.4615955353, 25.0916099548, 23.8362064362, 28.8862171173, 32.4962272644, 19.4997787476, 16.7279891968, 15.3270044327, 16.7482376099, 15.2082710266, 16.4143714905, 9.2020111084, 7.78684854507, 4.03045368195, 3.15360736847, 3.05441832542, 2.691852808, 2.37630462646, 1.25365364552, 0.871054887772, 0.529952228069, 0.306484729052, 0.191398873925, 0.149944290519, 0.0852832570672, 0.0242867637426, 0.00356805464253, 0.000233977450989], "median": [0.0279912576079, 0.359207183123, 1.6636146307, 1.85332024097, 2.2312939167, 2.65879607201, 3.2736518383, 4.15803337097, 4.84564781189, 7.72062397003, 11.0742063522, 9.22398853302, 5.95990276337, 6.13538646698, 5.88839912415, 7.67502403259, 9.62568569183, 6.48962640762, 5.36824560165, 4.65986251831, 6.06146144867, 7.28318452835, 6.16224431992, 4.37671518326, 4.42443180084, 2.48382806778, 1.70605695248, 1.2497638464, 0.912739574909, 0.696846008301, 0.377968072891, 0.248038798571, 0.15534247458, 0.0869702026248, 0.0474615953863, 0.0196456462145, 0.00549507606775, 0.00116397708189, 0.000151337953866, 3.46921988239e-05], "dvar": [0.00665283761919, 0.336291581392, 12.0223522186, 87.4834442139, 119.08530426, 47.5065422058, 61.749835968, 130.841812134, 251.372894287, 1534.20996094, 2515.93920898, 9152.69726562, 2804.18383789, 2266.95825195, 1822.23022461, 2145.49194336, 2458.42895508, 1445.77087402, 1115.0213623, 1029.82202148, 958.251220703, 509.010772705, 629.715942383, 171.264678955, 116.497200012, 29.0103778839, 28.0989971161, 30.6498565674, 31.5713710785, 26.4100399017, 9.73186016083, 4.2361035347, 1.49794328213, 0.456317216158, 0.168957740068, 0.146601036191, 0.0527957417071, 0.00403172988445, 8.68213755894e-05, 3.71289189616e-07]}, "silence_rate_30dB": {"dvar2": 0.000428365427069, "var": 7.13959307177e-05, "min": 0, "dmean": 0.000142816337757, "mean": 0.999928593636, "max": 1, "dmean2": 0.000285653077299, "median": 1, "dvar": 0.000142787786899}, "melbands_spread": {"dvar2": 84.9400939941, "var": 210.845108032, "min": 0.660096764565, "dmean": 4.60169935226, "mean": 21.031747818, "max": 195.094329834, "dmean2": 7.14541625977, "median": 18.8512802124, "dvar": 41.2227783203}, "melbands_crest": {"dvar2": 14.9664812088, "var": 22.0586299896, "min": 1.0946637392, "dmean": 2.56642580032, "mean": 13.4876670837, "max": 32.2550392151, "dmean2": 4.17777442932, "median": 12.8344507217, "dvar": 5.86928081512}, "zerocrossingrate": {"dvar2": 0.00020491349278, "var": 0.00131745100953, "min": 0.00390625, "dmean": 0.00788261834532, "mean": 0.0526892952621, "max": 0.51708984375, "dmean2": 0.00939108897001, "median": 0.0478515625, "dvar": 0.00017737953749}, "barkbands_kurtosis": {"dvar2": 82.0769958496, "var": 113.344802856, "min": -1.91207659245, "dmean": 2.30280590057, "mean": 4.53376436234, "max": 321.826416016, "dmean2": 3.71351599693, "median": 1.80452394485, "dvar": 32.7892417908}, "spectral_flux": {"dvar2": 0.00139812612906, "var": 0.00219334173016, "min": 6.54731616145e-11, "dmean": 0.0186740867794, "mean": 0.0650626122952, "max": 0.292064726353, "dmean2": 0.0301239471883, "median": 0.0574849657714, "dvar": 0.00060284382198}, "barkbands_crest": {"dvar2": 10.1854057312, "var": 15.9081087112, "min": 2.205286026, "dmean": 2.15389990807, "mean": 10.1577234268, "max": 26.2215270996, "dmean2": 3.47211003304, "median": 9.41135311127, "dvar": 4.15281772614}, "barkbands_flatness_db": {"dvar2": 0.000654429662973, "var": 0.00270640314557, "min": 0.0182994809002, "dmean": 0.0163866020739, "mean": 0.140257284045, "max": 0.374289542437, "dmean2": 0.0252440888435, "median": 0.132103383541, "dvar": 0.000296597660054}, "spectral_entropy": {"dvar2": 0.0566731579602, "var": 0.237043514848, "min": 5.27268266678, "dmean": 0.14306384325, "mean": 7.28995370865, "max": 9.81327342987, "dmean2": 0.214888736606, "median": 7.33536195755, "dvar": 0.0284091159701}, "pitch_salience": {"dvar2": 0.00659489026293, "var": 0.0110674854368, "min": 0.110936760902, "dmean": 0.0566680468619, "mean": 0.521375894547, "max": 0.995748996735, "dmean2": 0.0919605121017, "median": 0.515683472157, "dvar": 0.00260217767209}, "erbbands_spread": {"dvar2": 134.918762207, "var": 254.035339355, "min": 3.26962685585, "dmean": 6.13251781464, "mean": 31.652431488, "max": 152.914154053, "dmean2": 9.40038776398, "median": 28.3914031982, "dvar": 62.038734436}, "dynamic_complexity": 5.37048482895, "spectral_contrast_valleys": {"dvar2": [0.268036723137, 0.192893818021, 0.153065234423, 0.154252886772, 0.149308457971, 0.236866727471], "var": [2.43164134026, 1.75559353828, 1.82180726528, 1.83374726772, 2.11442685127, 2.1589307785], "min": [-28.0713062286, -28.4044857025, -27.8955440521, -27.585193634, -27.414478302, -27.3827419281], "dmean": [0.343890607357, 0.314383983612, 0.279982298613, 0.260575473309, 0.216500505805, 0.230570539832], "mean": [-7.67859983444, -7.09172439575, -7.78379297256, -8.37639427185, -8.30040645599, -10.8593435287], "max": [-5.35502099991, -4.79871273041, -5.33162593842, -5.96138286591, -5.82775592804, -7.93246936798], "dmean2": [0.569454610348, 0.522415697575, 0.458960980177, 0.4206623137, 0.338988125324, 0.324395358562], "median": [-7.24641561508, -6.90865421295, -7.63534832001, -8.15970611572, -8.03569126129, -10.6256818771], "dvar": [0.112632624805, 0.0781483873725, 0.0656389966607, 0.0706068202853, 0.0740131884813, 0.129355639219]}, "hfc": {"dvar2": 135.972427368, "var": 318.08706665, "min": 1.08422301744e-16, "dmean": 4.14711713791, "mean": 17.3792133331, "max": 148.152648926, "dmean2": 6.49466371536, "median": 11.6517295837, "dvar": 54.6169128418}, "spectral_kurtosis": {"dvar2": 16.5317077637, "var": 26.1870765686, "min": -1.27773153782, "dmean": 1.76130449772, "mean": 6.56192970276, "max": 60.8794212341, "dmean2": 2.98155093193, "median": 5.37059497833, "dvar": 5.9993481636}, "mfcc": {"mean": [-684.746704102, 135.859786987, -4.46413660049, 21.2174472809, 0.0993653014302, 0.542608976364, -0.437283307314, 4.28231477737, -1.87997615337, -0.425235897303, 3.20661354065, 2.6266412735, -0.942807734013], "cov": [[11273.0283203, -954.196228027, -413.077331543, 203.290847778, -99.4479370117, 193.599899292, 201.403503418, 510.113037109, 343.08001709, 368.508026123, 245.894622803, -48.0778579712, -0.548738002777], [-954.196228027, 1165.20690918, -125.317649841, 88.6911087036, 184.837783813, -87.0255966187, 58.2199211121, 60.1683120728, -26.3155021667, -26.9886837006, 26.6466331482, 54.4876823425, 28.5908184052], [-413.077331543, -125.317649841, 707.456787109, 109.206878662, -14.460899353, 170.375701904, -39.397064209, -95.5128479004, 24.9760341644, -30.7190151215, -40.4740028381, 21.9639072418, 2.61903762817], [203.290847778, 88.6911087036, 109.206878662, 305.663848877, 111.458152771, 76.7381134033, 5.58596944809, -9.84600925446, 47.7475318909, 44.8440551758, 14.4685516357, 17.4683189392, 20.6145496368], [-99.4479370117, 184.837783813, -14.460899353, 111.458152771, 280.299957275, 10.5618019104, 20.3158626556, 21.9476661682, 30.4666900635, 30.3557357788, 16.4404087067, 13.2111358643, 16.2258453369], [193.599899292, -87.0255966187, 170.375701904, 76.7381134033, 10.5618019104, 220.962539673, 15.8211717606, -25.2431621552, 50.2244720459, 31.4156265259, -2.23893332481, -1.1201261282, 9.17572784424], [201.403503418, 58.2199211121, -39.397064209, 5.58596944809, 20.3158626556, 15.8211717606, 183.785903931, 98.1798248291, 12.9407110214, 14.594171524, 19.132982254, 4.50470781326, -0.136129692197], [510.113037109, 60.1683120728, -95.5128479004, -9.84600925446, 21.9476661682, -25.2431621552, 98.1798248291, 201.640884399, 50.8059082031, 2.34315466881, 24.6530170441, 0.971441745758, 2.67400431633], [343.08001709, -26.3155021667, 24.9760341644, 47.7475318909, 30.4666900635, 50.2244720459, 12.9407110214, 50.8059082031, 151.606430054, 63.8639602661, 1.96832346916, -6.41000461578, -3.41585445404], [368.508026123, -26.9886837006, -30.7190151215, 44.8440551758, 30.3557357788, 31.4156265259, 14.594171524, 2.34315466881, 63.8639602661, 141.27104187, 58.9857406616, -9.15408802032, -5.50740909576], [245.894622803, 26.6466331482, -40.4740028381, 14.4685516357, 16.4404087067, -2.23893332481, 19.132982254, 24.6530170441, 1.96832346916, 58.9857406616, 119.287956238, 40.5656738281, -1.46171891689], [-48.0778579712, 54.4876823425, 21.9639072418, 17.4683189392, 13.2111358643, -1.1201261282, 4.50470781326, 0.971441745758, -6.41000461578, -9.15408802032, 40.5656738281, 106.489570618, 32.9244842529], [-0.548738002777, 28.5908184052, 2.61903762817, 20.6145496368, 16.2258453369, 9.17572784424, -0.136129692197, 2.67400431633, -3.41585445404, -5.50740909576, -1.46171891689, 32.9244842529, 94.8022003174]], "icov": [[0.000132019587909, 0.00011850221199, 8.50121286931e-05, -0.000130737767904, 8.45523900352e-05, -0.000103938880784, 6.26191322226e-05, -0.000363036378985, -3.39367979905e-05, -0.000193092331756, -0.000115417169582, 2.53224079643e-05, -2.59900189121e-05], [0.00011850221199, 0.0011681454489, 0.00019558754866, -0.000381927849958, -0.000530224759132, 0.000287793605821, -0.000198851703317, -0.000388682674384, 0.000103066704469, 0.000152701119077, -0.000165718520293, -0.000335883290973, -7.37081281841e-05], [8.50121286931e-05, 0.00019558754866, 0.00208187894896, -0.000625857792329, 0.000218942397623, -0.00137403642293, 9.00820377865e-05, 0.000514053041115, -0.00042577390559, 0.00079106958583, 0.000202951472602, -0.000577188679017, 0.000335429969709], [-0.000130737767904, -0.000381927849958, -0.000625857792329, 0.00470777368173, -0.00154444470536, -0.00081905972911, 1.74458164111e-05, 0.000555997248739, -0.000471767736599, -0.000737325230148, 0.000122322802781, -0.000308829650749, -0.000514713348821], [8.45523900352e-05, -0.000530224759132, 0.000218942397623, -0.00154444470536, 0.00474116578698, 1.08858512249e-05, -6.6587163019e-05, -0.000387843028875, -0.000409646570915, -0.000597754260525, -5.60802436667e-05, -7.6855367297e-06, -0.000359179539373], [-0.000103938880784, 0.000287793605821, -0.00137403642293, -0.00081905972911, 1.08858512249e-05, 0.00683851633221, -0.00153223623056, 0.00159147963859, -0.00182491925079, -0.000158065755386, -0.000278008228634, 0.000595338642597, -0.000868155737408], [6.26191322226e-05, -0.000198851703317, 9.00820377865e-05, 1.74458164111e-05, -6.6587163019e-05, -0.00153223623056, 0.00806702952832, -0.00472480943426, 0.00194154086057, -0.00177272618748, 0.000686224142555, -0.000670257722959, 0.000568933202885], [-0.000363036378985, -0.000388682674384, 0.000514053041115, 0.000555997248739, -0.000387843028875, 0.00159147963859, -0.00472480943426, 0.0103000728413, -0.00471225101501, 0.00424414034933, -0.00287187588401, 0.00145509652793, -0.00087780947797], [-3.39367979905e-05, 0.000103066704469, -0.00042577390559, -0.000471767736599, -0.000409646570915, -0.00182491925079, 0.00194154086057, -0.00471225101501, 0.0117047624663, -0.00665026763454, 0.00437083048746, -0.00181286490988, 0.00119790795725], [-0.000193092331756, 0.000152701119077, 0.00079106958583, -0.000737325230148, -0.000597754260525, -0.000158065755386, -0.00177272618748, 0.00424414034933, -0.00665026763454, 0.0151821421459, -0.00870030838996, 0.00440988782793, -0.000936660915613], [-0.000115417169582, -0.000165718520293, 0.000202951472602, 0.000122322802781, -5.60802436667e-05, -0.000278008228634, 0.000686224142555, -0.00287187588401, 0.00437083048746, -0.00870030838996, 0.0159781984985, -0.00740516884252, 0.0026058065705], [2.53224079643e-05, -0.000335883290973, -0.000577188679017, -0.000308829650749, -7.6855367297e-06, 0.000595338642597, -0.000670257722959, 0.00145509652793, -0.00181286490988, 0.00440988782793, -0.00740516884252, 0.014346900396, -0.00481970887631], [-2.59900189121e-05, -7.37081281841e-05, 0.000335429969709, -0.000514713348821, -0.000359179539373, -0.000868155737408, 0.000568933202885, -0.00087780947797, 0.00119790795725, -0.000936660915613, 0.0026058065705, -0.00481970887631, 0.0125468876213]]}, "silence_rate_20dB": {"dvar2": 0, "var": 0, "min": 1, "dmean": 0, "mean": 1, "max": 1, "dmean2": 0, "median": 1, "dvar": 0}, "melbands_kurtosis": {"dvar2": 315.452178955, "var": 338.258331299, "min": -1.84189379215, "dmean": 4.6629486084, "mean": 10.5482149124, "max": 346.70715332, "dmean2": 7.56117248535, "median": 5.07719326019, "dvar": 123.005821228}, "barkbands_spread": {"dvar2": 76.5628738403, "var": 128.959686279, "min": 0.503538668156, "dmean": 4.10112094879, "mean": 18.3698329926, "max": 123.145523071, "dmean2": 6.28905344009, "median": 16.5539951324, "dvar": 38.0277404785}, "erbbands_skewness": {"dvar2": 0.225102394819, "var": 0.647852599621, "min": -4.06489467621, "dmean": 0.333290964365, "mean": 0.600130617619, "max": 6.97752046585, "dmean2": 0.503030598164, "median": 0.572162985802, "dvar": 0.10575813055}, "average_loudness": 0.591462016106, "spectral_centroid": {"dvar2": 99822.4375, "var": 448545.625, "min": 161.394439697, "dmean": 176.337524414, "mean": 1181.68701172, "max": 11660.3232422, "dmean2": 271.16494751, "medi