{"metadata": {"tags": {"album": ["Music From Mo' Better Blues (1990 Film)"], "label": ["Sony"], "albumartist": ["Branford Marsalis Quartet"], "artist": ["Branford Marsalis Quartet"], "genre": ["Soundtracks"], "date": ["1990"], "tracknumber": ["6"], "title": ["Pop Top 40"], "file_name": "296700.mp3", "musicbrainz_recordingid": ["15c6f3af-cdb3-465b-85ef-5db39445ded9"], "encoding": ["Audiograbber 1.81.02, LAME dll 3.91, 256 Kbit/s, Joint Stereo, High quality"]}, "audio_properties": {"sample_rate": 44100, "downmix": "mix", "lossless": false, "analysis_sample_rate": 44100, "md5_encoded": "b1071f804135a7602d351be18ffb5e69", "equal_loudness": 0, "replay_gain": -4.11627197266, "codec": "mp3", "bit_rate": 256000, "length": 340.401641846}, "version": {"extractor": "music 1.0", "essentia_build_sha": "70f2e5ece6736b2c40cc944ad0e695b16b925413", "essentia_git_sha": "v2.1_beta2", "essentia": "2.1-beta2"}}, "rhythm": {"beats_loudness_band_ratio": {"dvar2": [0.182509377599, 0.0500507131219, 0.0904753580689, 0.0695526227355, 0.0284188389778, 0.0462762527168], "var": [0.100194528699, 0.0208473261446, 0.0371082089841, 0.0284988060594, 0.00797543581575, 0.0104221655056], "min": [0, 0, 0, 0, 0, 0], "dmean": [0.31162661314, 0.141248345375, 0.184992179275, 0.148173227906, 0.068210311234, 0.0605114586651], "mean": [0.444167226553, 0.149404004216, 0.200859129429, 0.152064457536, 0.0588884167373, 0.044772092253], "max": [0.991717338562, 0.776684761047, 0.971821844578, 0.848233938217, 0.571789562702, 0.866134464741], "dmean2": [0.557233154774, 0.25028732419, 0.326277911663, 0.259602159262, 0.123768508434, 0.113094985485], "median": [0.392723381519, 0.0967294871807, 0.137324184179, 0.089239962399, 0.0232383031398, 0.0145377106965], "dvar": [0.0654939040542, 0.017974851653, 0.0310328099877, 0.0246803592891, 0.0097915744409, 0.0163678601384]}, "bpm_histogram_first_peak_weight": {"dvar2": 0, "var": 0, "min": 0.318739056587, "dmean": 0, "mean": 0.318739056587, "max": 0.318739056587, "dmean2": 0, "median": 0.318739056587, "dvar": 0}, "bpm": 96.7759094238, "beats_count": 572, "bpm_histogram_first_peak_spread": {"dvar2": 0, "var": 0, "min": 0.494444429874, "dmean": 0, "mean": 0.494444429874, "max": 0.494444429874, "dmean2": 0, "median": 0.494444429874, "dvar": 0}, "danceability": 1.13752639294, "bpm_histogram_first_peak_bpm": {"dvar2": 0, "var": 0, "min": 98, "dmean": 0, "mean": 98, "max": 98, "dmean2": 0, "median": 98, "dvar": 0}, "beats_position": [0.719818592072, 1.43963718414, 2.14784574509, 2.86766433716, 3.55265307426, 4.2492518425, 4.80653047562, 5.36380958557, 5.90947818756, 6.420317173, 6.91954612732, 7.41877555847, 7.83673477173, 8.25469398499, 8.68426322937, 9.10222244263, 9.50857162476, 9.91492080688, 10.321269989, 10.7276191711, 11.1455783844, 11.5751476288, 12.1092061996, 12.6316547394, 13.1424942017, 13.6765527725, 14.2222223282, 14.7795009613, 15.3367795944, 15.9056682587, 16.3816776276, 16.8576869965, 17.3220863342, 17.7980957031, 18.2624931335, 18.7268924713, 19.179681778, 19.6324710846, 20.0736503601, 20.5264396667, 21.0604991913, 21.5945568085, 22.128616333, 22.6975059509, 23.2663936615, 23.8468933105, 24.4273910522, 25.0195007324, 25.5651702881, 26.1108379364, 26.6448974609, 27.2137870789, 27.7826747894, 28.4444446564, 29.0946025848, 29.7563705444, 30.4181404114, 31.0915184021, 31.7416782379, 32.4034461975, 33.0652160645, 33.7269821167, 34.4003639221, 35.0737419128, 35.7471199036, 36.4321098328, 37.1170959473, 37.8020858765, 38.4754638672, 39.1488418579, 39.8454399109, 40.5188217163, 41.1805877686, 41.8423576355, 42.492515564, 43.1542854309, 43.8160552979, 44.4662132263, 45.1163711548, 45.7665290833, 46.4166870117, 47.0784568787, 47.7402267456, 48.4136047363, 49.1102027893, 49.78358078, 50.4569587708, 51.1303405762, 51.7921066284, 52.4538764954, 53.1156463623, 53.7774124146, 54.4391822815, 55.1009521484, 55.7627182007, 56.4244880676, 57.0978660583, 57.7828559875, 58.4678459167, 59.1528320312, 59.8146018982, 60.4879798889, 61.1033096313, 61.6954193115, 62.2875289917, 62.8796348572, 63.4717445374, 64.0638504028, 64.6443557739, 65.2364578247, 65.8750076294, 66.5019454956, 67.1404953003, 67.7674331665, 68.4059829712, 69.0329208374, 69.6714706421, 70.3100204468, 70.9485702515, 71.5871200562, 72.2256698608, 72.8642196655, 73.5027618408, 74.1413116455, 74.7682495117, 75.4067993164, 76.0337371826, 76.6490707397, 77.276008606, 77.9029464722, 78.5298843384, 79.1452102661, 79.7605438232, 80.3874816895, 81.0144195557, 81.6413574219, 82.2799072266, 82.9416732788, 83.591835022, 84.2419967651, 84.9153747559, 85.5887527466, 86.2273025513, 86.8542404175, 87.4695663452, 88.0848999023, 88.7002258301, 89.3039474487, 89.9192733765, 90.5345993042, 91.1499328613, 91.7652587891, 92.3805847168, 92.9959182739, 93.6112442017, 94.2265777588, 94.830291748, 95.4340133667, 96.037727356, 96.6646728516, 97.2916107178, 97.918548584, 98.5338745117, 99.1492080688, 99.7761459351, 100.403083801, 101.030021667, 101.645347595, 102.260681152, 102.864395142, 103.479728699, 104.095054626, 104.698776245, 105.302490234, 105.906211853, 106.521537781, 107.136871338, 107.740585327, 108.355918884, 108.959632874, 109.563354492, 110.190292358, 110.817230225, 111.432563782, 112.059501648, 112.674827576, 113.290153503, 113.893875122, 114.50920105, 115.124534607, 115.751472473, 116.366798401, 116.982131958, 117.585845947, 118.189567566, 118.793289185, 119.420227051, 120.047164917, 120.674102783, 121.301040649, 121.927978516, 122.554916382, 123.170249939, 123.785575867, 124.412513733, 125.02784729, 125.643173218, 126.258499146, 126.873832703, 127.48915863, 128.104492188, 128.719818115, 129.323532104, 129.927261353, 130.530975342, 131.14630127, 131.773239136, 132.400177002, 133.027114868, 133.654052734, 134.280990601, 134.919540405, 135.55809021, 136.208251953, 136.870025635, 137.531784058, 138.193557739, 138.855331421, 139.482269287, 140.120819092, 140.759368896, 141.386306763, 141.990020752, 142.616958618, 143.232284546, 143.847610474, 144.47454834, 145.101501465, 145.728439331, 146.355377197, 146.970703125, 147.586029053, 148.20135498, 148.805084229, 149.420410156, 150.024124146, 150.639450073, 151.254776001, 151.870117188, 152.485443115, 153.112380981, 153.739318848, 154.343032837, 154.958358765, 155.573699951, 156.189025879, 156.804351807, 157.431289673, 158.046615601, 158.661941528, 159.277282715, 159.892608643, 160.496322632, 161.100036621, 161.726974487, 162.342315674, 162.957641602, 163.572967529, 164.188293457, 164.803619385, 165.418960571, 166.034286499, 166.649612427, 167.264938354, 167.880264282, 168.48399353, 169.08770752, 169.691421509, 170.306747437, 170.922088623, 171.549026489, 172.175964355, 172.81451416, 173.453063965, 174.126434326, 174.776596069, 175.403533936, 176.030471802, 176.669021606, 177.284347534, 177.888076782, 178.491790771, 179.095504761, 179.68762207, 180.302947998, 180.918273926, 181.545211792, 182.16053772, 182.775863647, 183.391204834, 184.0181427, 184.656692505, 185.29524231, 185.933776855, 186.57232666, 187.199264526, 187.826202393, 188.453155518, 189.056869507, 189.672195435, 190.299133301, 190.926071167, 191.541397095, 192.145126343, 192.772064209, 193.399002075, 194.025939941, 194.652877808, 195.256591797, 195.883529663, 196.498855591, 197.114196777, 197.729522705, 198.356460571, 198.971786499, 199.587112427, 200.202438354, 200.817779541, 201.444717407, 202.060043335, 202.686981201, 203.313919067, 203.940856934, 204.5677948, 205.194732666, 205.810058594, 206.42539978, 207.040725708, 207.667663574, 208.29460144, 208.909927368, 209.525253296, 210.152191162, 210.790740967, 211.417678833, 212.056228638, 212.671554565, 213.31010437, 213.948654175, 214.575592041, 215.202529907, 215.829467773, 216.45640564, 217.083358765, 217.710296631, 218.325622559, 218.940948486, 219.567886353, 220.194824219, 220.821762085, 221.437088013, 222.052429199, 222.667755127, 223.283081055, 223.910018921, 224.536956787, 225.163894653, 225.779220581, 226.394546509, 227.021499634, 227.6484375, 228.275375366, 228.890701294, 229.506027222, 230.132965088, 230.759902954, 231.38684082, 232.013778687, 232.640716553, 233.267654419, 233.894592285, 234.521530151, 235.125259399, 235.740585327, 236.355911255, 236.982849121, 237.598175049, 238.201904297, 238.817230225, 239.432556152, 240.04788208, 240.663208008, 241.278549194, 241.882263184, 242.50920105, 243.124526978, 243.739852905, 244.366790771, 244.993743896, 245.620681763, 246.247619629, 246.874557495, 247.501495361, 248.128433228, 248.743759155, 249.370697021, 249.986022949, 250.612960815, 251.239898682, 251.855239868, 252.482177734, 253.109115601, 253.736053467, 254.351379395, 254.966705322, 255.58203125, 256.197357178, 256.812683105, 257.416412354, 258.031738281, 258.647064209, 259.250793457, 259.854522705, 260.469848633, 261.085174561, 261.712097168, 262.350646973, 262.989196777, 263.627746582, 264.266296387, 264.893249512, 265.531799316, 266.158721924, 266.785675049, 267.412597656, 268.039550781, 268.666473389, 269.281799316, 269.908752441, 270.535675049, 271.162628174, 271.801177979, 272.439727783, 273.089874268, 273.589111328, 274.088348389, 274.575958252, 275.063568115, 275.539581299, 276.015594482, 276.491607666, 276.96762085, 277.432006836, 277.89642334, 278.360809326, 278.825195312, 279.289611816, 279.753997803, 280.230010986, 280.70602417, 281.170440674, 281.64642334, 282.134063721, 282.540405273, 282.923522949, 283.306671143, 283.678192139, 284.049713135, 284.421234131, 284.78112793, 285.129425049, 285.489349365, 285.849243164, 286.20916748, 286.580688477, 287.06829834, 287.555908203, 288.020324707, 288.496307373, 288.972320557, 289.44833374, 289.924346924, 290.37713623, 290.841522217, 291.3175354, 291.793548584, 292.257965088, 292.722351074, 293.175140381, 293.639526367, 294.103942871, 294.568328857, 295.032745361, 295.497131348, 295.973144531, 296.449157715, 296.925170898, 297.389556885, 297.865570068, 298.329986572, 298.805969238, 299.281982422, 299.769622803, 300.257232666, 300.756469727, 301.24407959, 301.720092773, 302.207702637, 302.68371582, 303.148101807, 303.62411499, 304.111755371, 304.576141357, 305.052154541, 305.528167725, 305.980957031, 306.445343018, 306.921356201, 307.385742188, 307.850158691, 308.326171875, 308.802185059, 309.266571045, 309.730957031, 310.206970215, 310.682983398, 311.135772705, 311.576965332, 312.029754639, 312.645080566, 313.260406494, 313.887329102, 314.514282227, 315.141204834, 315.756561279, 316.371887207, 316.975585938, 317.579315186, 318.206237793, 318.821594238, 319.436920166, 320.063842773, 320.690795898, 321.317718506, 321.944671631, 322.571594238, 323.198547363, 323.825469971, 324.452423096, 325.079345703, 325.717895508, 326.36807251, 327.029846191, 327.703216553, 328.376586914, 329.073181152, 329.781402588, 330.501220703, 331.221038818, 331.929260254, 332.637451172, 333.345672607, 334.053863525, 334.669189453, 335.284515381, 335.899871826, 336.515197754, 337.130523682, 337.745849609, 338.361175537, 338.976501465, 339.591827393], "beats_loudness": {"dvar2": 0.00401158351451, "var": 0.00115293706767, "min": 0, "dmean": 0.0262485649437, "mean": 0.0312407873571, "max": 0.459911346436, "dmean2": 0.0469348989427, "median": 0.0245276913047, "dvar": 0.00135551823769}, "bpm_histogram_second_peak_weight": {"dvar2": 0, "var": 0, "min": 0.0560420304537, "dmean": 0, "mean": 0.0560420304537, "max": 0.0560420304537, "dmean2": 0, "median": 0.0560420304537, "dvar": 0}, "bpm_histogram_second_peak_spread": {"dvar2": 0, "var": 0, "min": 0.542857170105, "dmean": 0, "mean": 0.542857170105, "max": 0.542857170105, "dmean2": 0, "median": 0.542857170105, "dvar": 0}, "bpm_histogram_second_peak_bpm": {"dvar2": 0, "var": 0, "min": 126, "dmean": 0, "mean": 126, "max": 126, "dmean2": 0, "median": 126, "dvar": 0}, "onset_rate": 4.4122467041}, "lowlevel": {"spectral_energyband_high": {"dvar2": 6.65156449031e-07, "var": 1.27459520627e-06, "min": 6.90477303322e-21, "dmean": 0.000182605843293, "mean": 0.000361509009963, "max": 0.0211468767375, "dmean2": 0.00025771415676, "median": 6.53445604257e-05, "dvar": 3.55243116701e-07}, "spectral_energyband_middle_low": {"dvar2": 9.81045377557e-05, "var": 0.000240869587287, "min": 1.12618754706e-22, "dmean": 0.00359155028127, "mean": 0.00795748550445, "max": 0.643065989017, "dmean2": 0.00519037153572, "median": 0.00381120131351, "dvar": 5.21893853147e-05}, "spectral_energy": {"dvar2": 0.000249334261753, "var": 0.000615421275143, "min": 1.01489430839e-20, "dmean": 0.00750085385516, "mean": 0.0198765285313, "max": 0.659675002098, "dmean2": 0.0100611625239, "median": 0.0127939591184, "dvar": 0.000137058712426}, "spectral_spread": {"dvar2": 1121533558780.0, "var": 8514886434820.0, "min": 493843.59375, "dmean": 574973.8125, "mean": 4246249, "max": 42115784, "dmean2": 825704, "median": 3720692.25, "dvar": 610311405568}, "spectral_energyband_low": {"dvar2": 8.44419482746e-05, "var": 0.000110990840767, "min": 1.41132832634e-23, "dmean": 0.00307987700216, "mean": 0.00574124138802, "max": 0.140335649252, "dmean2": 0.00409578857943, "median": 0.00145078042988, "dvar": 4.49389481219e-05}, "spectral_rolloff": {"dvar2": 2194050.5, "var": 3171937.5, "min": 21.533203125, "dmean": 405.767456055, "mean": 1272.75134277, "max": 19616.7480469, "dmean2": 667.669433594, "median": 882.861328125, "dvar": 896946.8125}, "barkbands": {"dvar2": [6.11988184573e-08, 3.86239335057e-05, 2.46181643888e-05, 1.75003481218e-06, 9.63331876846e-06, 2.79538221548e-06, 8.99131373444e-06, 4.09031345043e-05, 3.53986906703e-05, 1.74194010469e-05, 2.01618640858e-05, 1.44477462527e-05, 1.15884731713e-05, 3.15500778925e-06, 1.85216777027e-06, 1.03433001186e-06, 5.25867335455e-07, 2.70030056981e-07, 1.48719479398e-07, 1.04676125545e-07, 7.31739646653e-08, 5.94498388296e-08, 2.82034839927e-08, 8.8482332572e-09, 7.92649057502e-09, 6.49469145131e-09, 3.2323854704e-10], "var": [2.85207395478e-08, 3.24626416841e-05, 4.09089298046e-05, 8.3329160816e-07, 6.81484834786e-06, 2.59285570792e-06, 7.02949637343e-06, 6.07499678154e-05, 0.000126955739688, 1.46940838022e-05, 1.83079482667e-05, 1.5847490431e-05, 1.01383020592e-05, 2.71222302217e-06, 1.44771138366e-06, 1.52041218371e-06, 6.46188311748e-07, 4.86382873532e-07, 2.32235208841e-07, 1.92051743397e-07, 1.15869575268e-07, 9.00071768228e-08, 3.52251063873e-08, 9.41531652643e-09, 9.10281627853e-09, 4.92565410681e-09, 1.9192272771e-10], "min": [9.8964168421e-25, 2.930624771e-24, 1.76836434629e-25, 7.68832959433e-25, 1.25328304165e-23, 4.74475616461e-24, 5.45651814369e-24, 8.13903294657e-24, 5.82757898641e-24, 1.47064435552e-23, 1.44128737025e-23, 2.84057767917e-23, 1.85817243298e-23, 3.80973242874e-23, 3.4735552519e-23, 4.85909729297e-23, 7.44631367531e-23, 1.01541790756e-22, 1.57259976814e-22, 1.49579134791e-22, 2.75303014835e-22, 3.06954285297e-22, 3.51546964061e-22, 5.39770185788e-22, 9.38631588062e-22, 1.3228088179e-21, 1.9098887466e-21], "dmean": [8.81305822986e-05, 0.001861842582, 0.00140500464477, 0.000316012330586, 0.000999620882794, 0.000455469998997, 0.000658183475025, 0.00123808928765, 0.00111524178647, 0.000731571519282, 0.000624004809652, 0.000618084624875, 0.000576346355956, 0.000320825900417, 0.000237058047787, 0.000192476683878, 0.000162792872288, 0.000108816711872, 9.50324320002e-05, 8.3830949734e-05, 5.91790412727e-05, 4.03788908443e-05, 2.818093526e-05, 1.6988686184e-05, 1.22130768432e-05, 8.91126728675e-06, 2.44070884037e-06], "mean": [0.000172253072378, 0.00327409734018, 0.00226708361879, 0.000370045599993, 0.00151612225454, 0.000749219965655, 0.00091122923186, 0.00212526880205, 0.00198196712881, 0.00109532813076, 0.0010256243404, 0.00105619116221, 0.000924994994421, 0.000504040333908, 0.000423722754931, 0.000331402756274, 0.000311662995955, 0.000207013072213, 0.000182191448403, 0.000167422695085, 0.000105280414573, 6.69440196361e-05, 4.68781472591e-05, 2.72703546216e-05, 1.88354260899e-05, 1.16931369121e-05, 2.84651810034e-06], "max": [0.00714089395478, 0.104387022555, 0.075788103044, 0.0590579174459, 0.0715257078409, 0.0309020169079, 0.0854402706027, 0.2355350703, 0.642446696758, 0.169612765312, 0.192130610347, 0.135464087129, 0.0845485925674, 0.0442459657788, 0.0536640807986, 0.0486104786396, 0.0202929433435, 0.022710878402, 0.0151168303564, 0.00829662941396, 0.00760611891747, 0.0102040395141, 0.00638341484591, 0.00328365643509, 0.00408889353275, 0.00302548287436, 0.000420981697971], "dmean2": [0.000149370534928, 0.00271385209635, 0.00182619527914, 0.000527702621184, 0.00159906153567, 0.000723619246855, 0.00102531537414, 0.00182874419261, 0.00162470375653, 0.00108730210923, 0.000928484019823, 0.000919080921449, 0.000865416775923, 0.000491181970574, 0.000361242593499, 0.000286251946818, 0.000245096744038, 0.000167775098816, 0.000141736411024, 0.000124924059492, 8.80444276845e-05, 6.09553462709e-05, 4.12550471083e-05, 2.41691486735e-05, 1.73127646121e-05, 1.34321926453e-05, 3.64051925317e-06], "median": [0.000151103566168, 0.000766710261814, 0.00018612126587, 0.000110976950964, 0.000534470251296, 0.000243134330958, 0.000193916101125, 0.000167027581483, 0.000247773248702, 0.000117565490655, 7.47129670344e-05, 6.53538590996e-05, 5.99030099693e-05, 3.91470312024e-05, 3.82863399864e-05, 3.42896491929e-05, 3.47791647073e-05, 2.13309594983e-05, 2.91033047688e-05, 2.04329207918e-05, 1.451267417e-05, 8.63546756591e-06, 6.78603237247e-06, 4.5178817345e-06, 2.45026740231e-06, 1.12060070023e-06, 1.92884471062e-07], "dvar": [2.37548682946e-08, 1.62627547979e-05, 1.56505539053e-05, 7.14470843377e-07, 4.07570723837e-06, 1.22172320971e-06, 4.26350379712e-06, 2.14179599425e-05, 2.44344246312e-05, 7.89246587374e-06, 1.00104962257e-05, 7.42263091524e-06, 5.05189427713e-06, 1.4329870055e-06, 7.98043004124e-07, 5.55103724764e-07, 2.45913696517e-07, 1.30155882516e-07, 7.79066766654e-08, 5.30844985747e-08, 3.6825252181e-08, 2.97530640125e-08, 1.38942795047e-08, 4.32019797714e-09, 3.78141251645e-09, 2.79419865024e-09, 1.35280731062e-10]}, "melbands_skewness": {"dvar2": 2.45082116127, "var": 5.41324806213, "min": -6.5553483963, "dmean": 0.884173333645, "mean": 2.46203398705, "max": 24.4686222076, "dmean2": 1.29579257965, "median": 1.87782263756, "dvar": 1.19804799557}, "barkbands_skewness": {"dvar2": 1.80518841743, "var": 3.84941840172, "min": -5.96843338013, "dmean": 0.740867316723, "mean": 1.61324381828, "max": 18.9367599487, "dmean2": 1.09135222435, "median": 1.17888200283, "dvar": 0.841179609299}, "erbbands": {"dvar2": [0.00940785557032, 2.86443829536, 33.1804962158, 9.40941905975, 111.537025452, 110.200912476, 164.324890137, 245.901748657, 1279.75292969, 5025.55175781, 21007.9238281, 25904.2714844, 8585.33203125, 31036.53125, 24008.7695312, 22145.0410156, 21820.4921875, 8672.3984375, 6228.25927734, 2386.88061523, 2840.89868164, 1228.71838379, 957.353637695, 289.853637695, 339.223999023, 246.656997681, 152.979156494, 107.765991211, 87.3593673706, 47.9365310669, 19.2229919434, 5.75359869003, 2.02598023415, 0.970222473145, 0.461633741856, 0.167971208692, 0.0219943765551, 0.00055918272119, 8.8298575065e-06, 2.51352592073e-08], "var": [0.0146088525653, 2.32200789452, 53.9626235962, 9.46746253967, 53.4148292542, 78.7420501709, 152.128601074, 202.311080933, 798.238891602, 6095.58740234, 34023.5898438, 100092.757812, 7677.03369141, 39573.6289062, 22439.7519531, 27174.3359375, 20690.4394531, 8459.34667969, 4421.32666016, 3067.21777344, 3505.27197266, 1649.05358887, 2050.79956055, 419.033050537, 665.231750488, 441.239654541, 264.052062988, 143.652557373, 111.017127991, 73.6363296509, 24.46443367, 6.1751666069, 2.2726855278, 1.13776743412, 0.487009763718, 0.138184055686, 0.0148034272715, 0.000331064366037, 6.01614738116e-06, 1.7590263468e-08], "min": [1.69336642101e-22, 5.21374605811e-22, 1.38388972457e-21, 4.00398027586e-21, 1.50723745964e-20, 3.57091188564e-20, 4.40349469846e-20, 4.72524404605e-20, 8.30288162093e-20, 1.52207927703e-19, 1.4160281309e-19, 1.92401913212e-19, 4.57283382099e-19, 6.1433907933e-19, 1.15907752756e-18, 1.34797786891e-18, 1.13907206105e-18, 2.13539549583e-18, 2.35541974851e-18, 1.6822350404e-18, 3.75076156571e-18, 4.82732886114e-18, 6.50020776503e-18, 8.00815719453e-18, 7.0808604309e-18, 7.13196034042e-18, 9.00603645265e-18, 1.06669506026e-17, 1.18153701147e-17, 1.19168453236e-17, 1.07623170826e-17, 9.81491238543e-18, 1.0741750891e-17, 8.48897991381e-18, 6.62084047684e-18, 4.28878010204e-18, 2.05365536886e-18, 9.08511905511e-19, 2.34236094478e-19, 2.84207238505e-20], "dmean": [0.0323915816844, 0.503055751324, 1.6962877512, 0.963503301144, 2.65990829468, 3.32763361931, 3.74569892883, 4.00997114182, 7.51836252213, 16.2255687714, 27.1329269409, 26.3325996399, 20.1593723297, 24.8042907715, 23.9734115601, 24.7625923157, 25.5954284668, 18.5837955475, 12.1443128586, 10.8414039612, 9.66312885284, 8.26295948029, 6.49457406998, 4.44895887375, 4.79851865768, 3.94478058815, 2.77822160721, 2.02791428566, 1.49868392944, 1.14136481285, 0.753384411335, 0.441873580217, 0.243786230683, 0.140964359045, 0.0871851667762, 0.0446503832936, 0.0155792338774, 0.00326516479254, 0.000413670029957, 2.70960117632e-05], "mean": [0.0632576048374, 0.864764690399, 2.81186461449, 1.51248061657, 3.3085603714, 4.8907699585, 5.88706302643, 6.46084499359, 10.6542329788, 25.9850292206, 48.8886413574, 48.9791946411, 32.4044799805, 40.6350364685, 42.6812171936, 46.2564697266, 44.7785758972, 31.5061645508, 21.5653266907, 21.0507087708, 17.7129096985, 16.0477962494, 13.2574262619, 8.93290328979, 9.67384624481, 7.89025259018, 5.27723169327, 3.42508149147, 2.46699500084, 1.87878870964, 1.26354718208, 0.713308095932, 0.386027961969, 0.216026052833, 0.131107509136, 0.0603676363826, 0.0199011657387, 0.00394700979814, 0.000499235000461, 4.71129678772e-05], "max": [1.45956802368, 29.2622566223, 81.3086853027, 87.4048538208, 399.9949646, 151.591934204, 251.802078247, 279.904418945, 973.993713379, 2299.64013672, 6639.65380859, 17930.9140625, 1897.90820312, 10691.3251953, 6147.28173828, 6263.49560547, 3019.85620117, 2440.69482422, 3290.33740234, 1195.91552734, 2948.23486328, 852.923950195, 1485.55407715, 476.200439453, 809.88482666, 505.258422852, 406.246063232, 290.927398682, 281.523773193, 359.420593262, 187.575012207, 71.0342102051, 49.850643158, 48.5861282349, 24.4183635712, 16.6489562988, 5.09764909744, 0.4584441185, 0.0655293464661, 0.0046780151315], "dmean2": [0.0462686084211, 0.727971255779, 2.19520568848, 1.43310117722, 4.29917240143, 5.39917182922, 5.92618656158, 6.40208053589, 11.8030633926, 24.7782497406, 38.4776344299, 37.582244873, 29.8967418671, 35.3155136108, 35.7890090942, 35.9919662476, 37.9902915955, 27.9578094482, 18.4787139893, 16.1973438263, 14.3127880096, 12.1775875092, 9.75529956818, 6.67247581482, 7.09814214706, 5.85844182968, 4.09674978256, 3.01807618141, 2.27719902992, 1.68376946449, 1.09897005558, 0.637561321259, 0.344798982143, 0.201310753822, 0.126500681043, 0.0660126581788, 0.0237101092935, 0.00492491899058, 0.000614625110757, 3.88532571378e-05], "median": [0.0133823845536, 0.197806686163, 0.337141364813, 0.445062458515, 0.900942087173, 1.57060050964, 2.03381824493, 2.0242524147, 2.92294454575, 4.5126452446, 4.87113618851, 7.3158826828, 5.60511732101, 4.87034511566, 4.91351318359, 3.99510025978, 3.83392620087, 3.19699215889, 2.43463635445, 2.4094824791, 2.18345856667, 2.05802536011, 1.45922613144, 1.37093198299, 1.38435959816, 1.04357039928, 0.709393262863, 0.477134853601, 0.324095129967, 0.246199205518, 0.18205820024, 0.111193791032, 0.0630045384169, 0.0319835729897, 0.0145582146943, 0.00591168645769, 0.00177755020559, 0.000332863914082, 4.61584349978e-05, 2.08678156923e-05], "dvar": [0.00450717937201, 1.22055888176, 20.8872299194, 4.53080654144, 45.2377128601, 46.0784111023, 74.8994064331, 105.49710083, 577.271362305, 2317.11621094, 11949.8476562, 17877.4746094, 3856.68383789, 17316.7324219, 11365.7890625, 12171.7978516, 9581.80078125, 3985.30078125, 2646.81445312, 1148.40441895, 1454.34240723, 612.548034668, 491.667053223, 139.938217163, 191.037033081, 125.624641418, 78.1055755615, 51.7714576721, 39.9482040405, 25.315076828, 9.72971439362, 2.78210878372, 1.03015899658, 0.485604733229, 0.208951964974, 0.0752504616976, 0.00893823243678, 0.000232110061916, 3.76725824935e-06, 1.10206395121e-08]}, "silence_rate_30dB": {"dvar2": 0.0135138612241, "var": 0.00865447428077, "min": 0, "dmean": 0.00572987738997, "mean": 0.991269350052, "max": 1, "dmean2": 0.0114605361596, "median": 1, "dvar": 0.00569663150236}, "melbands_spread": {"dvar2": 271.679138184, "var": 463.524505615, "min": 0.295270651579, "dmean": 6.60622739792, "mean": 20.5210952759, "max": 228.539260864, "dmean2": 9.96151351929, "median": 15.7502222061, "dvar": 134.804748535}, "melbands_crest": {"dvar2": 26.717124939, "var": 42.5252075195, "min": 1.61443376541, "dmean": 3.44743084908, "mean": 15.4217271805, "max": 38.6898651123, "dmean2": 5.45335626602, "median": 14.2055931091, "dvar": 11.6898136139}, "zerocrossingrate": {"dvar2": 0.000268693082035, "var": 0.00222290144302, "min": 0, "dmean": 0.00967582967132, "mean": 0.048042666167, "max": 0.52392578125, "dmean2": 0.0112495878711, "median": 0.04052734375, "dvar": 0.000203516567126}, "barkbands_kurtosis": {"dvar2": 513.218688965, "var": 496.117248535, "min": -1.9453471899, "dmean": 5.84701013565, "mean": 9.02643108368, "max": 443.401275635, "dmean2": 9.01626968384, "median": 2.2346572876, "dvar": 215.32963562}, "spectral_flux": {"dvar2": 0.00193831312936, "var": 0.00263535184786, "min": 6.36544081334e-11, "dmean": 0.0249632298946, "mean": 0.0664314776659, "max": 0.599725723267, "dmean2": 0.0383777655661, "median": 0.0537004694343, "dvar": 0.000857205188368}, "barkbands_crest": {"dvar2": 19.8112659454, "var": 23.7258586884, "min": 2.20778131485, "dmean": 2.88579678535, "mean": 11.5476703644, "max": 26.6110801697, "dmean2": 4.62506389618, "median": 10.5601634979, "dvar": 7.99296855927}, "barkbands_flatness_db": {"dvar2": 0.00175917742308, "var": 0.00494839996099, "min": 0.0228368956596, "dmean": 0.0278828199953, "mean": 0.169306367636, "max": 0.568736672401, "dmean2": 0.0403460785747, "median": 0.157930344343, "dvar": 0.000894388125744}, "spectral_entropy": {"dvar2": 0.116746492684, "var": 0.376340508461, "min": 4.34121656418, "dmean": 0.22725635767, "mean": 7.22506332397, "max": 9.82374668121, "dmean2": 0.324585705996, "median": 7.25818729401, "dvar": 0.0621273927391}, "pitch_salience": {"dvar2": 0.0150939933956, "var": 0.0233777239919, "min": 0.0545522943139, "dmean": 0.0822682678699, "mean": 0.530475914478, "max": 0.938761174679, "dmean2": 0.129905253649, "median": 0.54179495573, "dvar": 0.00645006401464}, "erbbands_spread": {"dvar2": 223.865631104, "var": 418.900421143, "min": 0.356301486492, "dmean": 7.87511825562, "mean": 30.6140213013, "max": 157.272720337, "dmean2": 11.7289409637, "median": 25.7853507996, "dvar": 105.329826355}, "dynamic_complexity": 6.0674533844, "spectral_contrast_valleys": {"dvar2": [0.369074136019, 0.397270321846, 0.373808205128, 0.393124997616, 0.372198790312, 0.322740912437], "var": [3.1021323204, 3.13281059265, 3.23689365387, 3.12880587578, 3.09026670456, 2.50880980492], "min": [-28.1837997437, -27.931684494, -27.9632053375, -27.6697292328, -27.499797821, -27.380897522], "dmean": [0.46369099617, 0.452508538961, 0.43197748065, 0.424872726202, 0.386951893568, 0.354375481606], "mean": [-8.11538982391, -7.48125934601, -8.07467269897, -8.6842880249, -8.66483974457, -11.2071046829], "max": [-5.10867452621, -4.41261386871, -5.12040615082, -5.55435562134, -5.62067127228, -7.82614326477], "dmean2": [0.733480870724, 0.707522571087, 0.65121537447, 0.620216667652, 0.548162817955, 0.464965909719], "median": [-7.83814573288, -7.25015878677, -7.8232884407, -8.45721626282, -8.39997577667, -11.0485925674], "dvar": [0.175796151161, 0.191096320748, 0.186577498913, 0.202387228608, 0.193180471659, 0.180126160383]}, "hfc": {"dvar2": 216.859771729, "var": 557.88293457, "min": 1.09732085995e-16, "dmean": 5.82134532928, "mean": 15.3578672409, "max": 434.166778564, "dmean2": 7.92040777206, "median": 6.40788125992, "dvar": 119.575866699}, "spectral_kurtosis": {"dvar2": 50.1668395996, "var": 71.3345108032, "min": -1.2451069355, "dmean": 2.78131055832, "mean": 7.38972902298, "max": 176.78767395, "dmean2": 4.56749868393, "median": 5.41237449646, "dvar": 20.3948841095}, "mfcc": {"mean": [-724.350708008, 137.191390991, 0.440282046795, 18.5229358673, -2.61780166626, 3.69520187378, 2.01502418518, 5.57237815857, 0.984755933285, 5.32312393188, -0.944769322872, 2.15940117836, 0.643738985062], "cov": [[14046.2841797, -34.7551345825, -2467.29858398, -337.27255249, -636.602722168, -289.258605957, -217.93447876, -82.6938858032, -187.646133423, 111.482032776, -29.2944145203, 58.0344696045, -58.0612335205], [-34.7551345825, 1912.30615234, -35.4948501587, -215.035552979, 52.1312599182, 24.4151630402, 172.344345093, 116.743171692, 52.2998199463, 42.2055015564, 34.3742866516, 34.851852417, 39.8436431885], [-2467.29858398, -35.4948501587, 1353.46984863, 272.117950439, 142.251159668, 151.988739014, 76.2666778564, 79.6759796143, 99.7978820801, -21.5769691467, 6.31033420563, -46.1914825439, -12.7850666046], [-337.27255249, -215.035552979, 272.117950439, 492.40927124, 191.198974609, 68.8438034058, 9.88751792908, 45.2611923218, 35.7663192749, 37.392162323, -7.7596373558, 9.19481468201, 27.9723358154], [-636.602722168, 52.1312599182, 142.251159668, 191.198974609, 327.711395264, 91.2720947266, -4.8627743721, 9.2447309494, 19.8950595856, 35.5185394287, 4.63543367386, 11.540564537, 12.0888385773], [-289.258605957, 24.4151630402, 151.988739014, 68.8438034058, 91.2720947266, 226.177017212, 99.3886184692, 18.8150138855, 43.9670181274, 5.60232067108, 41.9172706604, 18.2108325958, -0.187064453959], [-217.93447876, 172.344345093, 76.2666778564, 9.88751792908, -4.8627743721, 99.3886184692, 223.431838989, 83.0097732544, 38.6595077515, 13.3575935364, 39.0515594482, 26.532623291, 10.6501293182], [-82.6938858032, 116.743171692, 79.6759796143, 45.2611923218, 9.2447309494, 18.8150138855, 83.0097732544, 182.851989746, 52.6237297058, 1.87669980526, 36.5226135254, 10.8217029572, 14.0595254898], [-187.646133423, 52.2998199463, 99.7978820801, 35.7663192749, 19.8950595856, 43.9670181274, 38.6595077515, 52.6237297058, 148.214523315, 27.5796337128, 26.8286571503, 16.867269516, -3.49855256081], [111.482032776, 42.2055015564, -21.5769691467, 37.392162323, 35.5185394287, 5.60232067108, 13.3575935364, 1.87669980526, 27.5796337128, 134.202301025, 35.3276481628, 17.4863700867, 13.5647277832], [-29.2944145203, 34.3742866516, 6.31033420563, -7.7596373558, 4.63543367386, 41.9172706604, 39.0515594482, 36.5226135254, 26.8286571503, 35.3276481628, 139.019927979, 41.5169563293, 3.48945879936], [58.0344696045, 34.851852417, -46.1914825439, 9.19481468201, 11.540564537, 18.2108325958, 26.532623291, 10.8217029572, 16.867269516, 17.4863700867, 41.5169563293, 120.363136292, 45.3040275574], [-58.0612335205, 39.8436431885, -12.7850666046, 27.9723358154, 12.0888385773, -0.187064453959, 10.6501293182, 14.0595254898, -3.49855256081, 13.5647277832, 3.48945879936, 45.3040275574, 117.826431274]], "icov": [[0.000121157558169, -2.31355388678e-05, 0.000223092982196, -0.000128301442601, 0.000268087344011, -0.000139256415423, 0.000156956069986, -0.000103402853711, 6.5754953539e-05, -0.000137971670483, 6.252379535e-05, -4.42577038484e-05, 0.000125619204482], [-2.31355388678e-05, 0.000663375831209, -5.80052255827e-05, 0.000523711089045, -0.00046390449279, 0.000228260571021, -0.000526754301973, -0.000264977221377, -0.000118620431749, -0.000152731518028, 9.51281253947e-05, -1.78531195161e-06, -0.000227229931625], [0.000223092982196, -5.80052255827e-05, 0.00135695911013, -0.000677900039591, 0.000420719967224, -0.000632985495031, 0.000207933626371, -0.000292061333312, -0.000343938270817, 0.000114710688649, 5.43276037206e-05, 0.000450924184406, 0.000211202117498], [-0.000128301442601, 0.000523711089045, -0.000677900039591, 0.00349201424979, -0.00197901809588, 7.86120726843e-05, -0.000237381129409, -0.000773880572524, -0.000151860018377, -0.000628346519079, 0.000634063559119, -0.000152778826305, -0.000718127528671], [0.000268087344011, -0.00046390449279, 0.000420719967224, -0.00197901809588, 0.00539700547233, -0.00234608259052, 0.00178532209247, -0.000360253965482, 0.000523986876942, -0.00118213740643, 0.000481093797134, -0.000436970294686, 0.000434035348007], [-0.000139256415423, 0.000228260571021, -0.000632985495031, 7.86120726843e-05, -0.00234608259052, 0.00763058383018, -0.00376055086963, 0.00183552445378, -0.00140492687933, 0.00132282834966, -0.00180449255276, 0.000132869405206, -5.11015496159e-05], [0.000156956069986, -0.000526754301973, 0.000207933626371, -0.000237381129409, 0.00178532209247, -0.00376055086963, 0.00785089377314, -0.00303120259196, 0.000464355223812, -0.000982767320238, 0.000260935310507, -0.00101302005351, 0.000306014786474], [-0.000103402853711, -0.000264977221377, -0.000292061333312, -0.000773880572524, -0.000360253965482, 0.00183552445378, -0.00303120259196, 0.00819524470717, -0.00231963139959, 0.00153439166024, -0.00202922429889, 0.000949240347836, -0.00102375517599], [6.5754953539e-05, -0.000118620431749, -0.000343938270817, -0.000151860018377, 0.000523986876942, -0.00140492687933, 0.000464355223812, -0.00231963139959, 0.00869959685951, -0.00189141591545, 8.96244891919e-05, -0.00128239695914, 0.00121655641124], [-0.000137971670483, -0.000152731518028, 0.000114710688649, -0.000628346519079, -0.00118213740643, 0.00132282834966, -0.000982767320238, 0.00153439166024, -0.00189141591545, 0.00926675647497, -0.00260040466674, 0.00039572652895, -0.00102373352274], [6.252379535e-05, 9.51281253947e-05, 5.43276037206e-05, 0.000634063559119, 0.000481093797134, -0.00180449255276, 0.000260935310507, -0.00202922429889, 8.96244891919e-05, -0.00260040466674, 0.00977648794651, -0.00321861472912, 0.00127038313076], [-4.42577038484e-05, -1.78531195161e-06, 0.000450924184406, -0.000152778826305, -0.000436970294686, 0.000132869405206, -0.00101302005351, 0.000949240347836, -0.00128239695914, 0.00039572652895, -0.00321861472912, 0.0115397404879, -0.0043379869312], [0.000125619204482, -0.000227229931625, 0.000211202117498, -0.000718127528671, 0.000434035348007, -5.11015496159e-05, 0.000306014786474, -0.00102375517599, 0.00121655641124, -0.00102373352274, 0.00127038313076, -0.0043379869312, 0.0106533933431]]}, "silence_rate_20dB": {"dvar2": 0.00027275463799, "var": 0.00040898975567, "min": 0, "dmean": 0.000136425645906, "mean": 0.999590754509, "max": 1, "dmean2": 0.000272869918263, "median": 1, "dvar": 0.000136396818561}, "melbands_kurtosis": {"dvar2": 1300.92553711, "var": 1414.38098145, "min": -1.93536555767, "dmean": 10.3933582306, "mean": 18.2893543243, "max": 975.164550781, "dmean2": 15.8991308212, "median": 5.46029567719, "dvar": 582.577331543}, "barkbands_spread": {"dvar2": 164.074783325, "var": 207.623748779, "min": 0.220747455955, "dmean": 5.51363182068, "mean": 16.8707885742, "max": 132.373855591, "dmean2": 8.48014354706, "median": 13.688958168, "dvar": 72.4836120605}, "erbbands_skewness": {"dvar2": 0.507710278034, "var": 0.938736557961, "min": -7.27498197556, "dmean": 0.43611702323, "mean": 0.468744456768, "max": 9.43359851837, "dmean2": 0.651226103306, "median": 0.477094948292, "dvar": 0.25530603528}, "average_loudness": 0.185901969671, "spectral_centroid": {"dvar2": 234170.015625, "var": 956544.9375, "min": 106.121025085, "dmean": 237.437561035, "mean": 1178.17553711, "max": 11913.1083984, "dmean2": 349.702789307, "median": 952.044189453, "dvar": 125377.460938}, "dissonance": {"dvar2": 0.00255898036994, "var": 0.00264011509717, "min": 0.105841785669, "dmean": 0.0297726113349, "mean": 0.441940784454, "max": 0.500000059605, "dmean2": 0.049096159637, "median": 0.457301974297, "dvar": 0.00100788928103}, "erbbands_flatness_db": {"dvar2": 0.00110077427235, "var": 0.00396193703637, "min": 0.0281551070511, "dmean": 0.0234439466149, "mean": 0.183563262224, "max": 0.474569648504, "dmean2": 0.0325775519013, "median": 0.179092615843, "dvar": 0.000615028489847}, "spectral_strongpeak": {"dvar2": 2.024289608, "var": 2.79788374901, "min": 0, "dmean": 0.546313822269, "mean": 1.12573564053, "max": 20.5379486084, "dmean2": 0.867951452732, "median": 0.407184928656, "dvar": 0.944757163525}, "spectral_rms": {"dvar2": 1.52502695983e-06, "var": 5.32144076715e-06, "min": 3.14665025807e-12, "dmean": 0.000785568787251, "mean": 0.0037510599941, "max": 0.0253689847887, "dmean2": 0.00103729998227, "median": 0.00353297498077, "dvar": 8.44285580115e-07}, "silence_rate_60dB": {"dvar2": 0.120234452188, "var": 0.159470632672, "min": 0, "dmean": 0.060572989285, "mean": 0.199099645019, "max": 1, "dmean2": 0.121154241264, "median": 0, "dvar": 0.0568979009986}, "melbands": {"dvar2": [1.72677209775e-06, 6.68864822728e-06, 4.85033524456e-07, 5.34537662134e-07, 1.95761614918e-07, 1.18303042029e-07, 2.97865739185e-07, 7.77363027282e-07, 1.30837565848e-06, 8.8041787194e-07, 2.23724867965e-07, 5.12855365287e-07, 2.93078528557e-07, 2.10220989061e-07, 1.31371365342e-07, 1.25761388858e-07, 3.36088099573e-08, 1.82757258216e-08, 7.63458718467e-09, 7.35796445994e-09, 4.40967085069e-09, 1.81445791725e-09, 1.42753187049e-09, 7.00832447631e-10, 2.25217622329e-10, 3.37566752329e-10, 1.41186826119e-10, 1.48690240676e-10, 9.62477250677e-11, 6.62862542633e-11, 4.33079024031e-11, 3.47699022352e-11, 2.99175129115e-11, 1.52581003388e-11, 1.01015203147e-11, 3.5092855271e-12, 1.97483869535e-12, 1.20693309947e-12, 9.51491815025e-13, 7.42518405702e-13], "var": [1.79670632861e-06, 9.16262797546e-06, 4.0783828581e-07, 2.94601164796e-07, 1.83376357654e-07, 1.0152658092e-07, 2.07860495038e-07, 1.10821190447e-06, 2.42285682361e-06, 3.52474262399e-06, 1.83664184306e-07, 6.36979166302e-07, 2.81942448055e-07, 2.35716782981e-07, 1.30619852712e-07, 1.11066988495e-07, 3.14101065158e-08, 1.25496431025e-08, 6.33062180455e-09, 9.69145119711e-09, 4.95812457757e-09, 2.00412264562e-09, 2.41549069635e-09, 8.7015900041e-10, 2.89379797902e-10, 6.78886780126e-10, 1.90659349419e-10, 2.34430336254e-10, 1.26969906811e-10, 9.04659056e-11, 4.1931104422e-11, 4.11048244053e-11, 3.4488488454e-11, 1.98742307334e-11, 1.08409331859e-11, 3.72933541687e-12, 1.91262587365e-12, 1.2045918733e-12, 9.19302936726e-13, 8.60915397131e-13], "min": [1.55299240157e-24, 6.34914551656e-25, 4.5198101109e-25, 1.40122147986e-24, 1.86346951563e-24, 1.02144342831e-24, 1.49116335736e-24, 2.31969459839e-24, 1.18269635949e-24, 9.78992850851e-25, 2.13661556229e-24, 2.21200759065e-24, 2.64780709242e-24, 2.21292483867e-24, 2.88129157935e-24, 1.61390893092e-24, 3.83733143748e-24, 2.82902047248e-24, 2.57908646074e-24, 2.67764536173e-24, 4.05530829952e-24, 4.52490891336e-24, 3.52475871442e-24, 4.02065048451e-24, 5.4845262557e-24, 4.87410963154e-24, 3.98775459033e-24, 4.26915192485e-24, 4.53352366888e-24, 4.88734553424e-24, 5.55469227777e-24, 6.05087947627e-24, 6.18466436934e-24, 5.69717751776e-24, 5.75325882281e-24, 5.00922888283e-24, 5.38996904886e-24, 6.2488307098e-24, 6.49917374592e-24, 6.70319171424e-24], "dmean": [0.00041281155427, 0.00079729699064, 0.000216975429794, 0.000215713822399, 0.000139260198921, 9.07826470211e-05, 0.000119335163618, 0.000200858630706, 0.000220337431529, 0.000163351825904, 0.000101802725112, 0.000101887337223, 8.24241142254e-05, 7.37545051379e-05, 6.08836671745e-05, 5.50600234419e-05, 3.40369952028e-05, 2.01718485187e-05, 1.65898891282e-05, 1.4941387235e-05, 1.13774976853e-05, 9.31701833906e-06, 7.76648994361e-06, 5.15928331879e-06, 3.59411205864e-06, 4.03088461098e-06, 3.13075679514e-06, 2.71344561042e-06, 1.96674341169e-06, 1.56280395913e-06, 1.12066766178e-06, 9.19015803902e-07, 7.73503984419e-07, 6.1714331423e-07, 4.88241482799e-07, 3.45068087881e-07, 2.49690828014e-07, 1.81830955626e-07, 1.464253927e-07, 1.1471224326e-07], "mean": [0.000762149109505, 0.00137796904892, 0.000334605429089, 0.000296982674627, 0.000221739945118, 0.000146698002936, 0.000168611572008, 0.000325551460264, 0.000398161180783, 0.000295266247122, 0.000154547422426, 0.000