{"tonal": {"thpcp": [1, 0.622468709946, 0.231837972999, 0.164101094007, 0.106479398906, 0.0977985337377, 0.12266227603, 0.100580170751, 0.126840010285, 0.184513285756, 0.140893429518, 0.109025560319, 0.121313236654, 0.145506113768, 0.420375734568, 0.680718064308, 0.455627441406, 0.177615731955, 0.137499928474, 0.163853809237, 0.345486998558, 0.518782675266, 0.403287947178, 0.310972690582, 0.345787554979, 0.261534005404, 0.269587188959, 0.342834204435, 0.238370209932, 0.193216145039, 0.252501994371, 0.20274373889, 0.143083557487, 0.169459581375, 0.247076243162, 0.662987828255], "hpcp": {"dmean2": [0.122762158513, 0.123061820865, 0.125055342913, 0.156812891364, 0.215395346284, 0.265764862299, 0.266971468925, 0.255776792765, 0.173179924488, 0.102682389319, 0.0699183121324, 0.0662455558777, 0.0723496675491, 0.064149171114, 0.0719908848405, 0.089087061584, 0.0877928808331, 0.0851001292467, 0.0901979878545, 0.119973734021, 0.211009293795, 0.212664932013, 0.224456161261, 0.17415086925, 0.148919954896, 0.161137342453, 0.228702694178, 0.26434969902, 0.250270158052, 0.211491033435, 0.190867900848, 0.177266150713, 0.167073816061, 0.156602740288, 0.141047820449, 0.129358425736], "median": [0.0103323943913, 0.00727753108367, 0.00692273164168, 0.0076715387404, 0.0182508006692, 0.143337622285, 0.236147284508, 0.134889751673, 0.0174548439682, 0.00562226446345, 0.00442194659263, 0.00580775924027, 0.00621787179261, 0.00632017431781, 0.00806356873363, 0.00654427334666, 0.00687793223187, 0.012160429731, 0.0129136871547, 0.0128860361874, 0.0442513488233, 0.0773606523871, 0.0513161048293, 0.00969339907169, 0.00424795271829, 0.00675364444032, 0.0402495339513, 0.0752667784691, 0.0534167923033, 0.0234517976642, 0.0144940149039, 0.0181151982397, 0.0171230789274, 0.0131037486717, 0.0136825740337, 0.01312854141], "min": [0, 0, 0, 0, 0, 0, 0, 0, 0, 0, 0, 0, 0, 0, 0, 0, 0, 0, 0, 0, 0, 0, 0, 0, 0, 0, 0, 0, 0, 0, 0, 0, 0, 0, 0, 0], "dvar2": [0.0626134946942, 0.0679791495204, 0.0730686634779, 0.101665437222, 0.131529092789, 0.116836190224, 0.123049221933, 0.107873938978, 0.0895238295197, 0.0569257065654, 0.0383385717869, 0.0342368036509, 0.0420766808093, 0.0317183546722, 0.0344565808773, 0.0443354360759, 0.0441519096494, 0.0432098954916, 0.0480506531894, 0.0672656297684, 0.113756537437, 0.108859024942, 0.115148670971, 0.113667190075, 0.104301758111, 0.105092711747, 0.130925387144, 0.13701120019, 0.137140125036, 0.127294585109, 0.108099326491, 0.100030615926, 0.0980526208878, 0.0893623828888, 0.0753442645073, 0.0707116350532], "dvar": [0.0245730727911, 0.0248123947531, 0.0264432374388, 0.0362760238349, 0.045296933502, 0.0426991358399, 0.0494664870203, 0.0393532440066, 0.0331218913198, 0.0217493064702, 0.0140060316771, 0.0124338371679, 0.0154753485695, 0.0114535046741, 0.0124858012423, 0.0172872394323, 0.0160792917013, 0.0154167078435, 0.0170214138925, 0.0236647650599, 0.0402384772897, 0.0420497991145, 0.0419641397893, 0.0400024540722, 0.0370583571494, 0.0377850495279, 0.0468736290932, 0.0528910644352, 0.0505282133818, 0.0448344647884, 0.0408099740744, 0.0370021425188, 0.0350395590067, 0.0332235321403, 0.0278159193695, 0.0251781735569], "dmean": [0.071137316525, 0.0707897096872, 0.0692173168063, 0.0864932313561, 0.119030818343, 0.155599355698, 0.15695014596, 0.150239646435, 0.0976506322622, 0.0580063425004, 0.0394306406379, 0.0376546606421, 0.0414627231658, 0.0365359894931, 0.0416542850435, 0.052163105458, 0.049974758178, 0.047930534929, 0.0501914285123, 0.0664642453194, 0.120197467506, 0.12500475347, 0.129331573844, 0.0947939231992, 0.0799829885364, 0.0884249508381, 0.129361450672, 0.154276683927, 0.144693270326, 0.120089910924, 0.110948130488, 0.101631209254, 0.0960924327374, 0.090590596199, 0.0819606259465, 0.0730901435018], "max": [1, 1, 1, 1, 1, 1, 1, 1, 1, 1, 1, 1, 1, 1, 1, 1, 1, 1, 1, 1, 1, 1, 1, 1, 1, 1, 1, 1, 1, 1, 1, 1, 1, 1, 1, 1], "var": [0.0529882833362, 0.0356433466077, 0.0234315302223, 0.0302591342479, 0.0406717583537, 0.0854777172208, 0.159363508224, 0.075760640204, 0.0362875200808, 0.033092059195, 0.0182441975921, 0.0134610738605, 0.0209725014865, 0.0130390003324, 0.0188553612679, 0.0376402884722, 0.0216089561582, 0.0123495403677, 0.0152258276939, 0.0203140694648, 0.0626562833786, 0.130081370473, 0.0707300454378, 0.0312829427421, 0.0268809497356, 0.0301513522863, 0.0533715859056, 0.0877268016338, 0.0623906217515, 0.0512346848845, 0.0685090571642, 0.042040605098, 0.0427511967719, 0.0726082324982, 0.0384394824505, 0.0291121639311], "mean": [0.103367209435, 0.0829975828528, 0.0585743784904, 0.0693719834089, 0.101146057248, 0.271408557892, 0.409371852875, 0.254821181297, 0.0949079394341, 0.0671783685684, 0.0435896702111, 0.0400359667838, 0.050214484334, 0.0411746911705, 0.0519247278571, 0.0755345448852, 0.0576778016984, 0.0446319952607, 0.0496622249484, 0.0595661103725, 0.172089993954, 0.278666824102, 0.186521053314, 0.0727108791471, 0.056288599968, 0.0670771375299, 0.141432657838, 0.212375029922, 0.165094733238, 0.127303466201, 0.141555696726, 0.107064664364, 0.110361404717, 0.140346676111, 0.0975820571184, 0.0790972486138]}, "tuning_equal_tempered_deviation": 0.00850365869701, "chords_changes_rate": 0.0493471585214, "key_key": "E", "tuning_diatonic_strength": 0.588345527649, "key_scale": "minor", "chords_number_rate": 0.00230414746329, "tuning_frequency": 442.804626465, "tuning_nontempered_energy_ratio": 0.679021000862, "chords_histogram": [24.5199699402, 6.89324140549, 7.46927785873, 5.5299539566, 4.99231958389, 0.403225809336, 3.72503829002, 19.8924732208, 3.4370200634, 13.5752687454, 1.22887861729, 0.115207374096, 0, 0, 0.28801843524, 0, 0.0192012283951, 0.211213514209, 0.115207374096, 0.518433153629, 0.0192012283951, 0.307219654322, 3.7634408474, 2.97619056702], "key_strength": 0.813859283924, "chords_key": "E", "chords_strength": {"dmean2": 0.00949315726757, "median": 0.573674321175, "min": 0.270498454571, "dvar2": 8.54818499647e-05, "dvar": 7.96142630861e-05, "dmean": 0.00988606270403, "max": 0.83740323782, "var": 0.0107215167955, "mean": 0.567161858082}, "chords_scale": "minor", "hpcp_entropy": {"dmean2": 1.05017960072, "median": 1.63824355602, "min": 0, "dvar2": 0.705315351486, "dvar": 0.259233802557, "dmean": 0.610842347145, "max": 3.81693959236, "var": 0.461834937334, "mean": 1.58875072002}}, "metadata": {"audio_properties": {"equal_loudness": 0, "codec": "mp3", "downmix": "mix", "sample_rate": 44100, "analysis_sample_rate": 44100, "bit_rate": 224518, "md5_encoded": "8a46b47aa7d313cadd81b9d9201b59c1", "length": 241.789382935, "replay_gain": -6.33605194092, "lossless": false}, "version": {"essentia_build_sha": "70f2e5ece6736b2c40cc944ad0e695b16b925413", "essentia": "2.1-beta2", "extractor": "music 1.0", "essentia_git_sha": "v2.1_beta2"}, "tags": {"title": ["La Andaluza"], "artist": ["Nana Mouskouri"], "albumartist": ["Nana Mouskouri"], "date": ["1994"], "genre": ["Classical"], "album": ["Concierto En Aranjuez"], "tracknumber": ["3"], "musicbrainz_recordingid": ["15cc44c5-cbb3-46d3-877f-a96a42593450"], "file_name": "198043.mp3"}}, "rhythm": {"bpm_histogram_first_peak_bpm": {"dmean2": 0, "median": 136, "min": 136, "dvar2": 0, "dvar": 0, "dmean": 0, "max": 136, "var": 0, "mean": 136}, "bpm": 135.268463135, "bpm_histogram_second_peak_spread": {"dmean2": 0, "median": 0.589743614197, "min": 0.589743614197, "dvar2": 0, "dvar": 0, "dmean": 0, "max": 0.589743614197, "var": 0, "mean": 0.589743614197}, "bpm_histogram_first_peak_weight": {"dmean2": 0, "median": 0.137931033969, "min": 0.137931033969, "dvar2": 0, "dvar": 0, "dmean": 0, "max": 0.137931033969, "var": 0, "mean": 0.137931033969}, "onset_rate": 2.43175172806, "beats_position": [0.441179126501, 0.893968224525, 1.34675729275, 1.78793644905, 2.24072551727, 2.69351458549, 3.14630389214, 3.59909296036, 4.04027223587, 4.49306106567, 4.94585037231, 5.39863920212, 5.85142850876, 6.30421733856, 6.7570066452, 7.19818592072, 7.65097475052, 8.10376358032, 8.54494285583, 8.98612213135, 9.43891143799, 9.89170074463, 10.3444900513, 10.7856683731, 11.2152376175, 11.6680269241, 12.1208162308, 12.5736055374, 13.0263938904, 13.4675731659, 13.9087524414, 14.3499317169, 14.7911109924, 15.2322902679, 15.6734695435, 16.1262588501, 16.5790481567, 17.031835556, 17.4846248627, 17.9258041382, 18.3669834137, 18.8081626892, 19.2493419647, 19.6905212402, 20.1317005157, 20.5612697601, 21.0024490356, 21.4436283112, 21.8848075867, 22.3259868622, 22.7671642303, 23.1967334747, 23.6379127502, 24.0790920258, 24.5202713013, 24.9614505768, 25.4026298523, 25.8438091278, 26.2849884033, 26.7261676788, 27.1673469543, 27.6317462921, 28.0845336914, 28.5837631226, 29.0829925537, 29.5822219849, 30.0930614471, 30.5922889709, 31.1031284332, 31.6139678955, 32.1248054504, 32.6240348816, 33.1232643127, 33.6224937439, 34.121723175, 34.6209526062, 35.1317901611, 35.6310195923, 36.1070289612, 36.5946464539, 37.0822677612, 37.5814971924, 38.0807266235, 38.5683441162, 39.0443534851, 39.520362854, 40.0079803467, 40.3795013428, 40.7510185242, 41.134147644, 41.5172767639, 41.9120178223, 42.2951469421, 42.678276062, 43.0614051819, 43.4561424255, 43.8508834839, 44.2340126038, 44.6287536621, 45.0351028442, 45.4414520264, 45.8594093323, 46.2657585144, 46.6721076965, 47.0668487549, 47.4615859985, 47.8214950562, 48.1814041138, 48.5413131714, 48.901222229, 49.2379112244, 49.5746040344, 49.9112930298, 50.2479820251, 50.6078910828, 50.9678001404, 51.327709198, 51.6876182556, 52.0591392517, 52.4306564331, 52.8021774292, 53.1504745483, 53.4987754822, 53.8470726013, 54.2069816589, 54.5668907166, 55.0080718994, 55.4492492676, 55.8904304504, 56.3199996948, 56.7843971252, 57.2604064941, 57.736415863, 58.2356452942, 58.7464828491, 59.2573242188, 59.7681617737, 60.2789993286, 60.801448822, 61.3587303162, 61.9043960571, 62.4152374268, 62.9260749817, 63.4369163513, 63.9477539062, 64.4585952759, 64.9810409546, 65.5034942627, 66.0143280029, 66.5251693726, 67.0824508667, 67.6281204224, 68.1737823486, 68.7194519043, 69.26512146, 69.8224029541, 70.3796844482, 70.9253463745, 71.5058517456, 72.0863494873, 72.666847229, 73.1660766602, 73.6653060913, 74.1413116455, 74.5824966431, 75.0236740112, 75.4648513794, 75.9060287476, 76.3472061157, 76.7767791748, 77.2063446045, 77.6243057251, 78.0422668457, 78.4602279663, 78.889793396, 79.3193664551, 79.7373199463, 80.1552810669, 80.561630249, 80.9679794312, 81.3859405518, 81.7922897339, 82.198638916, 82.6166000366, 83.0229492188, 83.44090271, 83.8588638306, 84.2768249512, 84.6947860718, 85.112739563, 85.5423126221, 85.9602737427, 86.3782272339, 86.7961883545, 87.2373657227, 87.6553268433, 88.1197280884, 88.5841217041, 89.0485229492, 89.5129241943, 89.9773254395, 90.4417190552, 90.8480682373, 91.2428131104, 91.637550354, 92.0438995361, 92.4734649658, 92.9030380249, 93.3326034546, 93.7621765137, 94.2033538818, 94.609703064, 95.0276641846, 95.4340133667, 95.8287506104, 96.246711731, 96.7343292236, 97.2335586548, 97.7327880859, 98.2668457031, 98.8009033203, 99.3349609375, 99.8922424316, 100.449523926, 101.122901917, 101.807891846, 102.469657898, 103.13142395, 103.793197632, 104.443351746, 105.093513489, 105.743675232, 106.405441284, 107.113647461, 107.833465576, 108.553283691, 109.261497498, 109.969703674, 110.677909851, 111.386123657, 112.094329834, 112.802536011, 113.452697754, 114.102851868, 114.753013611, 115.403175354, 116.053329468, 116.703491211, 117.353645325, 118.003807068, 118.653968811, 119.199638367, 119.745300293, 120.27936554, 120.813423157, 121.347480774, 121.869926453, 122.403991699, 122.949661255, 123.495323181, 124.029388428, 124.575057983, 125.132331848, 125.689613342, 126.246894836, 126.81578064, 127.384666443, 127.941947937, 128.499221802, 129.056503296, 129.532516479, 130.008529663, 130.484527588, 130.948928833, 131.413330078, 131.877731323, 132.342132568, 132.794921875, 133.247711182, 133.700500488, 134.153289795, 134.606079102, 135.058868408, 135.534866333, 136.010879517, 136.4868927, 136.99772644, 137.520172119, 138.01940918, 138.53024292, 139.041091919, 139.551925659, 140.016326904, 140.469116211, 140.933517456, 141.386306763, 141.839096069, 142.291885376, 142.733062744, 143.174240112, 143.61541748, 144.056594849, 144.497772217, 144.950561523, 145.40335083, 145.856140137, 146.308929443, 146.750106812, 147.19128418, 147.632461548, 148.073654175, 148.514831543, 148.944396973, 149.373962402, 149.791931152, 150.233108521, 150.674285889, 151.115463257, 151.556640625, 151.997817993, 152.438995361, 152.880172729, 153.228485107, 153.588394165, 153.948303223, 154.296600342, 154.644897461, 155.016418457, 155.364715576, 155.713012695, 156.165802002, 156.60697937, 157.059768677, 157.524169922, 157.976959229, 158.429748535, 158.89414978, 159.404983521, 159.915817261, 160.438278198, 160.9375, 161.436737061, 161.982406616, 162.528076172, 163.062133789, 163.584579468, 164.118637085, 164.652694702, 165.302856445, 165.953018188, 166.672836304, 167.392654419, 168.193740845, 168.994827271, 169.807525635, 170.620223999, 171.444534302, 172.257232666, 173.058319092, 173.859405518, 174.567611694, 175.28742981, 175.984039307, 176.680633545, 177.377227783, 178.073822021, 178.607894897, 179.130340576, 179.652786255, 180.163619995, 180.674468994, 181.185302734, 181.684524536, 182.183761597, 182.682983398, 183.182220459, 183.693054199, 184.203903198, 184.749572754, 185.29524231, 185.817687988, 186.340133667, 186.862579346, 187.431472778, 188.000366211, 188.546035767, 189.103302002, 189.672195435, 190.241088867, 190.798370361, 191.367248535, 191.936141968, 192.5050354, 193.073913574, 193.654418945, 194.234924316, 194.768981934, 195.303039551, 195.848709106, 196.382766724, 196.916824341, 197.43927002, 197.973327637, 198.495773315, 199.018234253, 199.575500488, 200.132781982, 200.724899292, 201.305389404, 201.897506714, 202.466384888, 203.03527832, 203.592559814, 204.173049927, 204.753555298, 205.206344604, 205.659133911, 206.111923218, 206.576324463, 207.017501831, 207.470291138, 207.923080444, 208.410705566, 208.886703491, 209.374328613, 209.815505981, 210.25668335, 210.697860718, 211.139038086, 211.580215454, 212.021408081, 212.462585449, 212.892150879, 213.321716309, 213.739685059, 214.15763855, 214.575592041, 214.993560791, 215.411514282, 215.829467773, 216.235824585, 216.642166138, 217.060134888, 217.478088379, 217.896057129, 218.48815918, 219.08026123, 219.660766602, 220.241271973, 220.821762085, 221.413879395, 221.936325073, 222.458770752, 222.981216431, 223.49206543, 224.00289917, 224.51373291, 225.024581909, 225.535415649, 226.057861328, 226.580307007, 227.102767944, 227.625213623, 228.15927124, 228.693328857, 229.180953979, 229.668563843, 230.156188965, 230.643798828, 231.13142395, 231.607437134, 232.013778687, 232.420135498, 232.826477051, 233.232833862, 233.685623169, 234.150024414, 234.6144104, 235.043991089, 235.473556519, 235.903121948, 236.30947876, 236.715820312, 237.122177124, 237.528518677, 237.900039673, 238.271560669, 238.643081665, 239.014602661, 239.386123657, 239.757644653, 240.129150391, 240.500671387, 240.872192383], "beats_loudness": {"dmean2": 0.0176590811461, "median": 0.0109203290194, "min": 3.37468037515e-07, "dvar2": 0.000329023750965, "dvar": 0.00012596383749, "dmean": 0.0105497157201, "max": 0.0854345560074, "var": 0.000298011756968, "mean": 0.0177011732012}, "danceability": 0.895069241524, "bpm_histogram_second_peak_weight": {"dmean2": 0, "median": 0.0649087205529, "min": 0.0649087205529, "dvar2": 0, "dvar": 0, "dmean": 0, "max": 0.0649087205529, "var": 0, "mean": 0.0649087205529}, "beats_count": 494, "bpm_histogram_second_peak_bpm": {"dmean2": 0, "median": 117, "min": 117, "dvar2": 0, "dvar": 0, "dmean": 0, "max": 117, "var": 0, "mean": 117}, "bpm_histogram_first_peak_spread": {"dmean2": 0, "median": 0.507246375084, "min": 0.507246375084, "dvar2": 0, "dvar": 0, "dmean": 0, "max": 0.507246375084, "var": 0, "mean": 0.507246375084}, "beats_loudness_band_ratio": {"dmean2": [0.334752500057, 0.309214651585, 0.302060991526, 0.219304010272, 0.0735221132636, 0.120344042778], "median": [0.179099202156, 0.203329488635, 0.217189326882, 0.0810092389584, 0.0212570056319, 0.0117731261998], "min": [6.82914833305e-05, 2.73665009445e-05, 0.00343951024115, 0.000360518693924, 0.000159558985615, 4.03403500968e-05], "dvar2": [0.115376248956, 0.0782401934266, 0.0633730739355, 0.0609862133861, 0.0140082901344, 0.0661725327373], "dvar": [0.044601354748, 0.0329805761576, 0.0221675615758, 0.0233939792961, 0.00511347455904, 0.0232106149197], "dmean": [0.195118278265, 0.183005049825, 0.176619753242, 0.130320116878, 0.0426744446158, 0.0629413202405], "max": [0.964242041111, 0.944068431854, 0.871517181396, 0.86819678545, 0.619340956211, 0.967034339905], "var": [0.07588211447, 0.0532871037722, 0.035896807909, 0.0360717475414, 0.0050158649683, 0.0151953315362], "mean": [0.268517613411, 0.272355496883, 0.255421608686, 0.16480115056, 0.0470067039132, 0.048640076071]}}, "lowlevel": {"barkbands_spread": {"dmean2": 5.13424682617, "median": 10.763256073, "min": 0.368043065071, "dvar2": 55.8978462219, "dvar": 26.3130168915, "dmean": 3.31692552567, "max": 105.922813416, "var": 110.542297363, "mean": 13.43126297}, "melbands_spread": {"dmean2": 7.51481533051, "median": 12.980758667, "min": 0.582575500011, "dvar2": 206.957595825, "dvar": 101.827835083, "dmean": 4.93264865875, "max": 249.412582397, "var": 362.241546631, "mean": 17.6963348389}, "hfc": {"dmean2": 5.75305128098, "median": 4.70476531982, "min": 1.13503831065e-16, "dvar2": 122.061645508, "dvar": 60.5044937134, "dmean": 3.98588824272, "max": 168.045135498, "var": 344.118560791, "mean": 13.1327552795}, "barkbands_kurtosis": {"dmean2": 4.68008184433, "median": 3.01628923416, "min": -1.91340923309, "dvar2": 102.175827026, "dvar": 40.5441551208, "dmean": 2.97766137123, "max": 256.066925049, "var": 108.881828308, "mean": 5.68908548355}, "gfcc": {"mean": [-95.440071106, 120.891860962, -137.744232178, 17.7002601624, -71.8006973267, 0.32696005702, -41.4161148071, 7.29891347885, -27.888715744, 1.11988532543, -5.28660392761, -9.01104831696, 0.906291544437], "icov": [[0.000225136638619, -0.000252120808, 0.000486611534143, -0.00042940172716, 0.000393679365516, -0.000408271909691, 0.000261652516201, -0.00046321679838, 0.000429754989455, -0.000370742200175, 0.000159689196153, -9.79141404969e-05, 4.13758898503e-05], [-0.000252120808, 0.00278925034218, -0.00170857436024, 0.00180987850763, -0.00300977868028, 0.00205302680843, -0.00212720385753, 0.00171700504143, -0.00136621354613, 0.00246628839523, -0.00144908367656, 0.00209035491571, -0.00143697927706], [0.000486611534143, -0.00170857436024, 0.00252955919132, -0.00181912933476, 0.00150558189489, -0.00199020514265, 0.00181222439278, -0.00197424413636, 0.00140786939301, -0.00171961064916, 0.00117649848107, -0.00123428250663, 0.000423413264798], [-0.00042940172716, 0.00180987850763, -0.00181912933476, 0.00446731410921, -0.00270559662022, 0.000975982344244, -0.00198453571647, 0.00126255105715, -0.00200699456036, 0.00215202942491, -0.000729805033188, 0.000661464291625, -0.000965954095591], [0.000393679365516, -0.00300977868028, 0.00150558189489, -0.00270559662022, 0.00672031892464, -0.00219872151501, 0.0010286582401, -0.00288167688996, 0.000535711471457, -0.00185252248775, 0.0014713187702, -0.00131204910576, 0.00159813184291], [-0.000408271909691, 0.00205302680843, -0.00199020514265, 0.000975982344244, -0.00219872151501, 0.00667817797512, -0.00413460470736, 0.00133926642593, -0.000303721637465, 0.000519476016052, -0.000731096137315, 0.00145015458111, -0.000465046614408], [0.000261652516201, -0.00212720385753, 0.00181222439278, -0.00198453571647, 0.0010286582401, -0.00413460470736, 0.00753501057625, -0.00104017683771, 0.00032261677552, -0.00129760021809, -0.000784698000643, -0.00109109783079, 0.00150666106492], [-0.00046321679838, 0.00171700504143, -0.00197424413636, 0.00126255105715, -0.00288167688996, 0.00133926642593, -0.00104017683771, 0.00774801429361, -0.00166092265863, -0.0010651164921, -0.000460692244815, 0.000340256694471, -0.00119949167129], [0.000429754989455, -0.00136621354613, 0.00140786939301, -0.00200699456036, 0.000535711471457, -0.000303721637465, 0.00032261677552, -0.00166092265863, 0.00702945282683, -0.00110070221126, -0.000240139750531, -0.00105638464447, 0.000646326050628], [-0.000370742200175, 0.00246628839523, -0.00171961064916, 0.00215202942491, -0.00185252248775, 0.000519476016052, -0.00129760021809, -0.0010651164921, -0.00110070221126, 0.010168957524, -0.00246077030897, 0.000375794537831, -0.000320715509588], [0.000159689196153, -0.00144908367656, 0.00117649848107, -0.000729805033188, 0.0014713187702, -0.000731096137315, -0.000784698000643, -0.000460692244815, -0.000240139750531, -0.00246077030897, 0.00876206625253, -0.00158594106324, -0.000151827087393], [-9.79141404969e-05, 0.00209035491571, -0.00123428250663, 0.000661464291625, -0.00131204910576, 0.00145015458111, -0.00109109783079, 0.000340256694471, -0.00105638464447, 0.000375794537831, -0.00158594106324, 0.010409177281, -0.00296268775128], [4.13758898503e-05, -0.00143697927706, 0.000423413264798, -0.000965954095591, 0.00159813184291, -0.000465046614408, 0.00150666106492, -0.00119949167129, 0.000646326050628, -0.000320715509588, -0.000151827087393, -0.00296268775128, 0.0093707125634]], "cov": [[10013.1347656, -2011.61035156, -1913.5769043, 46.1795883179, -720.77142334, 265.613861084, -89.1184539795, 166.278213501, -435.15725708, 325.450317383, -21.0177001953, 57.8500022888, -30.6424446106], [-2011.61035156, 2511.07299805, 737.170288086, 167.737304688, 823.244567871, -67.5047225952, 384.831420898, -95.1786422729, 322.439086914, -323.623535156, 134.13053894, -206.881729126, 63.5720176697], [-1913.5769043, 737.170288086, 1513.93273926, 301.270782471, 357.321563721, 168.655029297, 51.6247596741, 192.577728271, 68.7652893066, 25.9900608063, -36.9466362, 30.5249023438, 53.1214332581], [46.1795883179, 167.737304688, 301.270782471, 508.895172119, 243.597473145, 131.674118042, 150.395401001, 71.2453918457, 111.024749756, -15.3580799103, 17.4779243469, 13.4452543259, 10.6430206299], [-720.77142334, 823.244567871, 357.321563721, 243.597473145, 566.280700684, 95.4807510376, 202.467926025, 76.7256240845, 157.52180481, -57.4263420105, 36.5264549255, -45.6041679382, -2.83680677414], [265.613861084, -67.5047225952, 168.655029297, 131.674118042, 95.4807510376, 331.242584229, 158.596008301, 57.3690223694, -0.411159217358, 56.813533783, 17.2898616791, 3.07244181633, -20.3487606049], [-89.1184539795, 384.831420898, 51.6247596741, 150.395401001, 202.467926025, 158.596008301, 332.446990967, 8.8523311615, 87.9332427979, -20.3465538025, 71.403465271, -29.0665817261, -21.1955242157], [166.278213501, -95.1786422729, 192.577728271, 71.2453918457, 76.7256240845, 57.3690223694, 8.8523311615, 234.14276123, 21.9575176239, 84.2027206421, -2.50535106659, 36.9057655334, 14.6178741455], [-435.15725708, 322.439086914, 68.7652893066, 111.024749756, 157.52180481, -0.411159217358, 87.9332427979, 21.9575176239, 234.218521118, -28.050951004, 41.0365600586, -7.54323482513, 2.65686869621], [325.450317383, -323.623535156, 25.9900608063, -15.3580799103, -57.4263420105, 56.813533783, -20.3465538025, 84.2027206421, -28.050951004, 187.393661499, 12.303024292, 42.8955039978, -5.04872941971], [-21.0177001953, 134.13053894, -36.9466362, 17.4779243469, 36.5264549255, 17.2898616791, 71.403465271, -2.50535106659, 41.0365600586, 12.303024292, 150.569763184, 6.35964584351, 9.00086593628], [57.8500022888, -206.881729126, 30.5249023438, 13.4452543259, -45.6041679382, 3.07244181633, -29.0665817261, 36.9057655334, -7.54323482513, 42.8955039978, 6.35964584351, 137.993774414, 31.0741710663], [-30.6424446106, 63.5720176697, 53.1214332581, 10.6430206299, -2.83680677414, -20.3487606049, -21.1955242157, 14.6178741455, 2.65686869621, -5.04872941971, 9.00086593628, 31.0741710663, 129.663574219]]}, "spectral_energyband_middle_low": {"dmean2": 0.00401102099568, "median": 0.00424568355083, "min": 2.6727831781e-22, "dvar2": 3.81288518838e-05, "dvar": 1.6977712221e-05, "dmean": 0.00263575208373, "max": 0.082730576396, "var": 6.78226788295e-05, "mean": 0.00736949266866}, "melbands_crest": {"dmean2": 4.82338762283, "median": 13.6572341919, "min": 2.02907133102, "dvar2": 18.9365940094, "dvar": 7.75903224945, "dmean": 3.02806210518, "max": 32.9057769775, "var": 27.8720111847, "mean": 14.5887584686}, "spectral_kurtosis": {"dmean2": 5.15735197067, "median": 6.07657337189, "min": -1.21644663811, "dvar2": 41.1970558167, "dvar": 14.6438694, "dmean": 3.00727152824, "max": 69.9322814941, "var": 51.8348617554, "mean": 8.15544128418}, "spectral_rms": {"dmean2": 0.000690728542395, "median": 0.00298981647938, "min": 3.16605118858e-12, "dvar2": 6.24643007541e-07, "dvar": 3.10687227056e-07, "dmean": 0.000476189365145, "max": 0.0107237994671, "var": 3.37234632752e-06, "mean": 0.00335435895249}, "zerocrossingrate": {"dmean2": 0.00822781119496, "median": 0.03955078125, "min": 0.00244140625, "dvar2": 0.000170850296854, "dvar": 0.000174910775968, "dmean": 0.00713646505028, "max": 0.5234375, "var": 0.00156674801838, "mean": 0.0465967729688}, "silence_rate_60dB": {"dmean2": 0.0960430279374, "median": 0, "min": 0, "dvar2": 0.101607464254, "dvar": 0.0457173101604, "dmean": 0.0480169020593, "max": 1, "var": 0.16253271699, "mean": 0.204244285822}, "erbbands_kurtosis": {"dmean2": 2.1615447998, "median": 0.839069962502, "min": -1.84018087387, "dvar2": 11.0697402954, "dvar": 4.5808467865, "dmean": 1.35904848576, "max": 71.8023681641, "var": 13.7271623611, "mean": 1.73744833469}, "erbbands": {"dmean2": [0.00898806750774, 0.190652504563, 0.716284036636, 0.673988997936, 1.37989223003, 2.56212210655, 4.92312240601, 18.711353302, 19.6853885651, 24.1333332062, 9.57259941101, 13.3773345947, 31.9926052094, 39.5798530579, 45.3303451538, 20.7768688202, 23.4227561951, 27.1226978302, 19.0040073395, 21.6259040833, 9.43966674805, 8.16299629211, 6.56492948532, 14.7749500275, 10.6693067551, 8.69946861267, 5.03979206085, 2.36137700081, 1.89100754261, 1.11243200302, 0.866732120514, 0.607788383961, 0.774260878563, 0.55064958334, 0.221914350986, 0.0480712130666, 0.00454404763877, 0.000100570279756, 8.18821990833e-06, 7.71989289206e-06], "median": [0.000977699644864, 0.0332324765623, 0.25780415535, 0.362910151482, 0.564246058464, 1.68463087082, 1.85266017914, 6.21301460266, 9.27219963074, 6.53985595703, 2.65003943443, 2.87315535545, 6.51669836044, 4.82995557785, 3.92325925827, 2.97946405411, 2.2994055748, 2.56758642197, 2.39583659172, 2.18392801285, 1.62141871452, 1.67828476429, 1.19081795216, 1.65053653717, 1.27717220783, 1.10320329666, 0.768015861511, 0.379123270512, 0.114922896028, 0.0928685963154, 0.103217445314, 0.04413921386, 0.033944748342, 0.0466362535954, 0.0174537524581, 0.00388279277831, 0.000339386198903, 1.29510062834e-05, 6.53497318126e-06, 1.13335499918e-05], "min": [3.1962392155e-22, 1.16505592293e-21, 1.11903683219e-20, 8.01583831615e-20, 7.1843098355e-20, 1.14751561055e-19, 1.85523492828e-19, 1.80669933036e-19, 3.85445977073e-19, 2.32624384753e-19, 5.71818997315e-19, 1.07096293999e-18, 1.31877436079e-18, 1.25779843174e-18, 2.46716233669e-18, 2.828289333e-18, 3.61805904799e-18, 3.12203791892e-18, 4.03054051865e-18, 5.5306631652e-18, 4.7570429109e-18, 5.7608534676e-18, 7.58580373684e-18, 9.47606281058e-18, 1.02627653399e-17, 1.42824362917e-17, 1.09699543056e-17, 1.5048749646e-17, 1.54236924197e-17, 1.19800568116e-17, 1.81391195756e-17, 1.56492629184e-17, 1.04471174286e-17, 1.01704362671e-17, 8.84849659627e-18, 5.37524668145e-18, 2.46238081915e-18, 1.04587082969e-18, 3.06657282221e-19, 2.8031919882e-20], "dvar2": [0.000854556099512, 0.369327753782, 3.41450548172, 2.74833488464, 25.058927536, 30.3422489166, 252.885391235, 1855.59606934, 1713.91833496, 4332.48388672, 1543.93896484, 1389.29101562, 8123.48974609, 15623.5761719, 29610.3691406, 5436.8515625, 11605.3261719, 8747.36328125, 5264.71826172, 8131.08203125, 1329.34033203, 1450.03381348, 540.580810547, 2859.25048828, 1894.36804199, 803.518188477, 299.564300537, 77.2512435913, 156.950073242, 22.3096847534, 12.6183099747, 13.281378746, 20.5379772186, 8.24234867096, 1.49617576599, 0.0654035061598, 0.000468884652946, 2.29893160508e-07, 8.54347481649e-10, 1.43467085434e-10], "dvar": [0.00048885284923, 0.175311625004, 1.55294632912, 1.2949962616, 11.9166316986, 14.5081071854, 129.240447998, 851.344482422, 787.714050293, 1869.40270996, 738.861450195, 702.221496582, 3585.53491211, 6655.85400391, 12658.7021484, 2806.98046875, 5529.11376953, 3849.79345703, 2235.61767578, 3311.36279297, 601.20892334, 641.40246582, 224.41104126, 1220.78723145, 923.464904785, 388.919006348, 134.478942871, 33.8005447388, 71.8019790649, 10.2980003357, 6.31718158722, 6.72645521164, 9.69070053101, 4.46291160583, 0.761788785458, 0.0321767553687, 0.000209015823202, 1.09182913377e-07, 4.59671217756e-10, 6.83299736237e-11], "dmean": [0.0064430879429, 0.130631476641, 0.460774421692, 0.454579561949, 0.91010260582, 1.74146795273, 3.33118534088, 12.1306867599, 13.0386161804, 15.9605169296, 6.58194541931, 9.26272010803, 20.8838939667, 26.2263851166, 29.8440055847, 14.1036834717, 15.8899345398, 17.031665802, 12.1694507599, 13.5939750671, 6.10584020615, 5.11620903015, 4.09242105484, 9.39046859741, 7.09482049942, 5.71704483032, 3.23455309868, 1.52423787117, 1.21906661987, 0.721497654915, 0.563347518444, 0.409471929073, 0.508791685104, 0.379127800465, 0.148111864924, 0.0319218598306, 0.0029074663762, 6.61007870804e-05, 5.64367974221e-06, 5.28400323674e-06], "max": [0.645875155926, 11.9071702957, 37.080242157, 46.4200286865, 205.329376221, 153.362319946, 422.127471924, 803.178588867, 788.097412109, 1291.58886719, 1423.8092041, 872.899597168, 1733.90100098, 2257.88525391, 3140.49707031, 1525.17895508, 2395.74487305, 2055.23168945, 1638.90063477, 2084.58666992, 1089.94873047, 1318.2244873, 577.522705078, 1319.50524902, 1439.34204102, 691.825256348, 509.424926758, 202.2550354, 608.828186035, 119.648872375, 131.808578491, 107.036613464, 97.2174453735, 58.8797645569, 32.0299491882, 6.528673172, 0.500927269459, 0.0105525832623, 0.000722024298739, 0.000146379286889], "var": [0.0027392830234, 0.853767514229, 4.57568645477, 4.96599769592, 28.9520740509, 40.4312057495, 380.525024414, 2278.6640625, 2072.13842773, 4835.50146484, 1981.08581543, 1798.20324707, 7877.39892578, 14496.2685547, 25314.7402344, 6073.63232422, 9467.81445312, 7022.83056641, 3742.67138672, 6615.16894531, 1734.86254883, 1014.0814209, 456.308044434, 1947.84179688, 1770.25793457, 903.125427246, 230.578689575, 65.5205307007, 134.415802002, 23.9014778137, 17.485868454, 15.7826824188, 21.8338069916, 11.5321149826, 2.03667831421, 0.0827780663967, 0.000392299785744, 2.46312879426e-07, 1.41513079033e-09, 4.10301764786e-10], "mean": [0.0203665345907, 0.410954207182, 1.00949251652, 1.05788683891, 1.88033759594, 3.58570575714, 6.83896589279, 22.7191181183, 24.2745018005, 29.83177948, 12.4566040039, 17.1873893738, 36.154964447, 43.3578681946, 48.0560798645, 23.0685901642, 23.1940288544, 25.9498023987, 18.0691547394, 21.0829143524, 10.6722316742, 8.40296554565, 7.34603118896, 14.3512973785, 12.2768220901, 10.1343698502, 5.39895343781, 2.60376548767, 1.91291618347, 1.20946061611, 0.966101288795, 0.66903924942, 0.770189225674, 0.650682389736, 0.257324725389, 0.0520936883986, 0.00411781109869, 0.000106187944766, 1.5575767975e-05, 1.91520175576e-05]}, "spectral_strongpeak": {"dmean2": 0.842357635498, "median": 0.618365168571, "min": 0, "dvar2": 1.97714304924, "dvar": 0.772266387939, "dmean": 0.508887708187, "max": 17.1210956573, "var": 1.69186222553, "mean": 1.09637284279}, "spectral_energy": {"dmean2": 0.00600401265547, "median": 0.00916247814894, "min": 1.02744766276e-20, "dvar2": 8.36163380882e-05, "dvar": 3.7966088712e-05, "dmean": 0.00407043052837, "max": 0.117874875665, "var": 0.000239096814767, "mean": 0.0149896638468}, "average_loudness": 0.35925707221, "spectral_rolloff": {"dmean2": 540.569335938, "median": 818.26171875, "min": 86.1328125, "dvar2": 1298022.625, "dvar": 658770.625, "dmean": 323.745361328, "max": 19099.9511719, "var": 2250635.5, "mean": 1219.51647949}, "spectral_centroid": {"dmean2": 276.41317749, "median": 879.526550293, "min": 137.767654419, "dvar2": 150109.390625, "dvar": 73703.921875, "dmean": 183.04510498, "max": 11238.9003906, "var": 479272.71875, "mean": 1048.39025879}, "pitch_salience": {"dmean2": 0.0981973707676, "median": 0.503297686577, "min": 0.0912419632077, "dvar2": 0.00772726722062, "dvar": 0.00321989506483, "dmean": 0.0627487003803, "max": 0.971231818199, "var": 0.0137241743505, "mean": 0.500217854977}, "spectral_energyband_middle_high": {"dmean2": 0.00282810535282, "median": 0.00107594719157, "min": 1.34082433101e-21, "dvar2": 4.18950112362e-05, "dvar": 1.83207903319e-05, "dmean": 0.00188983371481, "max": 0.0893234014511, "var": 8.77423080965e-05, "mean": 0.00512185739353}, "spectral_contrast_coeffs": {"dmean2": [0.0687813460827, 0.0753865912557, 0.0629795193672, 0.0520115680993, 0.0395014360547, 0.0350606478751], "median": [-0.634069681168, -0.658667325974, -0.695350527763, -0.747873902321, -0.778655827045, -0.752480447292], "min": [-0.969258606434, -0.975893437862, -0.966217756271, -0.962683320045, -0.960342526436, -0.961596488953], "dvar2": [0.0034513331484, 0.00386827485636, 0.00263715488836, 0.00183389359154, 0.00116375670768, 0.000990947009996], "dvar": [0.00131841434631, 0.00151319452561, 0.00108380615711, 0.000757452333346, 0.000532372971065, 0.000439355673734], "dmean": [0.042219620198, 0.0464125014842, 0.0398722365499, 0.0322990454733, 0.0248079448938, 0.0226705763489], "max": [-0.25552919507, -0.362826168537, -0.423092067242, -0.473006665707, -0.450180232525, -0.459683775902], "var": [0.00845411606133, 0.00741631956771, 0.0077736703679, 0.0051627010107, 0.00361261935905, 0.00307800271548], "mean": [-0.623790085316, -0.654314756393, -0.691497981548, -0.742898285389, -0.769740700722, -0.748946726322]}, "melbands_skewness": {"dmean2": 0.901796638966, "median": 1.80307304859, "min": -1.97015917301, "dvar2": 1.0709862709, "dvar": 0.456143438816, "dmean": 0.588338434696, "max": 14.0978555679, "var": 2.06154036522, "mean": 2.08508443832}, "spectral_spread": {"dmean2": 591888.9375, "median": 3360574.5, "min": 1059071.5, "dvar2": 744146993152, "dvar": 394367008768, "dmean": 388633.375, "max": 41547892, "var": 2592226934780.0, "mean": 3625898}, "dissonance": {"dmean2": 0.0508483350277, "median": 0.434639036655, "min": 0.175968766212, "dvar2": 0.00192490918562, "dvar": 0.000703315599822, "dmean": 0.0302732829005, "max": 0.500000119209, "var": 0.00183883518912, "mean": 0.427477568388}, "spectral_skewness": {"dmean2": 0.506146490574, "median": 1.83418726921, "min": -0.136195316911, "dvar2": 0.249493315816, "dvar": 0.094256311655, "dmean": 0.306978404522, "max": 6.65829181671, "var": 0.691904067993, "mean": 1.98222947121}, "spectral_flux": {"dmean2": 0.0294583644718, "median": 0.0431576259434, "min": 6.48742240483e-11, "dvar2": 0.00131291837897, "dvar": 0.000490476377308, "dmean": 0.0176575835794, "max": 0.286674469709, "var": 0.00204531126656, "mean": 0.0572510771453}, "spectral_contrast_valleys": {"dmean2": [0.645880520344, 0.517598032951, 0.469071149826, 0.391978770494, 0.332258731127, 0.416516929865], "median": [-8.45589923859, -7.40418624878, -8.20643806458, -8.7358083725, -8.55210494995, -11.8309993744], "min": [-27.9335231781, -27.4475746155, -27.6721878052, -27.4587745667, -27.4034843445, -27.3154163361], "dvar2": [0.301833897829, 0.17642326653, 0.145643502474, 0.112183228135, 0.104561299086, 0.221186831594], "dvar": [0.122076831758, 0.0710518062115, 0.0617874078453, 0.0506362132728, 0.0524098984897, 0.126587659121], "dmean": [0.393371045589, 0.318023383617, 0.287875175476, 0.242646709085, 0.21459569037, 0.294178724289], "max": [-5.87409210205, -5.07510232925, -5.69795656204, -6.2961359024, -5.94242191315, -7.57966852188], "var": [1.6394329071, 0.916976332664, 1.04877603054, 1.05647182465, 1.30815339088, 1.71826481819], "mean": [-8.60071659088, -7.46675825119, -8.25823402405, -8.80580997467, -8.65616703033, -11.8376750946]}, "erbbands_flatness_db": {"dmean2": 0.025866901502, "median": 0.222834721208, "min": 0.0534374676645, "dvar2": 0.000565995404031, "dvar": 0.000267653580522, "dmean": 0.0172009300441, "max": 0.385945886374, "var": 0.00163702783175, "mean": 0.223200395703}, "spectral_energyband_high": {"dmean2": 0.00025219807867, "median": 5.18004890182e-05, "min": 7.54961444287e-21, "dvar2": 5.67004974528e-07, "dvar": 3.16521919785e-07, "dmean": 0.000174404660356, "max": 0.0179634187371, "var": 1.02763374343e-06, "mean": 0.00036401397665}, "spectral_entropy": {"dmean2": 0.236639752984, "median": 6.99962615967, "min": 4.86535739899, "dvar2": 0.0542522482574, "dvar": 0.027186576277, "dmean": 0.158577501774, "max": 9.8110666275, "var": 0.226296037436, "mean": 6.97469806671}, "silence_rate_20dB": {"dmean2": 0, "median": 1, "min": 1, "dvar2": 0, "dvar": 0, "dmean": 0, "max": 1, "var": 0, "mean": 1}, "melbands_flatness_db": {"dmean2": 0.0313620977104, "median": 0.244385167956, "min": 0.0045662377961, "dvar2": 0.000976212730166, "dvar": 0.000489125610329, "dmean": 0.0213152114302, "max": 0.564519643784, "var": 0.00618665199727, "mean": 0.255373835564}, "barkbands": {"dmean2": [5.13814120495e-06, 0.00068140408257, 0.000637676974293, 0.000260629807599, 0.00062900868943, 0.00181043345947, 0.00148350198288, 0.000712640990969, 0.000796527776401, 0.0011918010423, 0.00124258711003, 0.000557118561119, 0.000545760849491, 0.000526659714524, 0.000445473153377, 0.000264569476712, 0.000163632459589, 0.000197265311726, 0.000259092310444, 0.000190841194126, 9.18365476537e-05, 4.82896648464e-05, 3.00734172924e-05, 3.56631317118e-05, 3.77105716325e-05, 5.27357542524e-06, 1.07975206554e-09], "median": [5.22164327776e-07, 7.75403750595e-05, 0.000222449642024, 7.89526675362e-05, 0.000433691369835, 0.000584980938584, 0.000603466585744, 0.00011437413923, 0.000132664732519, 0.000134222646011, 5.96083591518e-05, 4.67563004349e-05, 3.03974666167e-05, 4.80175440316e-05, 3.70534071408e-05, 2.43065387622e-05, 2.72248871624e-05, 2.11222395592e-05, 2.90432235488e-05, 2.20040328713e-05, 1.46638740262e-05, 2.65787957687e-06, 3.69689246327e-06, 1.72695865785e-06, 3.45657826983e-06, 3.55766843541e-07, 1.73514730362e-10], "min": [1.04824310402e-23, 7.6839099025e-24, 1.11331900111e-23, 1.43355195799e-23, 3.45713684765e-23, 2.44586639208e-23, 2.85077039316e-23, 1.71423308569e-23, 4.75375974966e-23, 4.96699800313e-23, 4.71979329235e-23, 5.95049140405e-23, 8.8742282755e-23, 3.7132537934e-23, 1.30937102045e-22, 7.53366014127e-23, 9.45660136779e-23, 1.57570876363e-22, 1.95119822414e-22, 2.46076286276e-22, 3.34259929293e-22, 4.03099415492e-22, 5.69843885902e-22, 6.3095993159e-22, 1.06902491882e-21, 1.43114191219e-21, 2.12238894181e-21], "dvar2": [2.71157707399e-10, 4.85450209453e-06, 2.4260043574e-06, 9.00661120795e-07, 1.98670340978e-06, 1.61360221682e-05, 1.00865463537e-05, 6.59379520584e-06, 5.15949159308e-06, 1.09784532469e-05, 1.9768911443e-05, 4.95868653161e-06, 5.61645083508e-06, 3.14931071443e-06, 3.00375722873e-06, 2.14735473492e-06, 5.77959440307e-07, 5.90077092966e-07, 7.32723265173e-07, 4.63695499775e-07, 9.17640221587e-08, 6.99826685491e-08, 1.35294673242e-08, 4.52106441173e-08, 3.81286930917e-08, 7.34482030751e-10, 3.67032569576e-18], "dvar": [9.68022190184e-11, 2.33616106016e-06, 1.09589541353e-06, 4.06850489298e-07, 9.44293731209e-07, 7.45227362131e-06, 4.41543625129e-06, 3.02012153952e-06, 2.30103410104e-06, 4.673319836e-06, 7.91002912592e-06, 2.32822526414e-06, 2.68838607553e-06, 1.43263139307e-06, 1.18992863918e-06, 7.99764791282e-07, 2.52456288763e-07, 2.54036478964e-07, 3.4085093148e-07, 2.02991117249e-07, 3.689273953e-08, 3.30855094433e-08, 6.61234578203e-09, 2.29529426576e-08, 2.14484501271e-08, 3.37765787561e-10, 1.15711256001e-18], "dmean": [2.97680617223e-06, 0.000471540522994, 0.000413832865888, 0.000169293765794, 0.000428144674515, 0.00117126817349, 0.000967675121501, 0.000478928268421, 0.000518926535733, 0.00