{"metadata": {"tags": {"label": ["Water Lily Acoustics"], "catalognumber": ["WLA-CS-44-CD"], "producer": ["Kavichandran Alexander", "Dr. Dilip Raval", "B\u00e9la Fleck"], "asin": ["B000002VYK"], "file_name": "07_The_Way_Of_Lo.m4a", "album": ["Tabula Ras\u0101"], "engineer": ["Kavichandran Alexander"], "script": ["Latn"], "albumartistsort": ["Fleck, B\u00e9la, Bhatt, Vishwa Mohan & Chen, Jie-Bing"], "musicbrainz_artistid": ["e1a889b7-5e45-447f-baa0-b9c6cbc0d39f", "e733aa45-983f-44f1-9543-f02d5445e84d", "3027ff42-79c5-4751-801e-eb22f502d42b"], "barcode": ["707723004420"], "artist": ["B\u00e9la Fleck, V.M. Bhatt & Jie-Bing Chen"], "musicbrainz_albumid": ["e6608f5b-b416-4304-ab71-e2dc5cc85cd5"], "artistsort": ["Fleck, B\u00e9la, Bhatt, Vishwa Mohan & Chen, Jie-Bing"], "title": ["The Way of Love"], "tracknumber": ["7/11"], "musicbrainz_albumartistid": ["e1a889b7-5e45-447f-baa0-b9c6cbc0d39f", "e733aa45-983f-44f1-9543-f02d5445e84d", "3027ff42-79c5-4751-801e-eb22f502d42b"], "discnumber": ["1/1"], "date": ["1996"], "media": ["CD"], "musicbrainz_recordingid": ["15cd724a-88d4-4a61-922b-44493724bb60"], "language": ["eng"]}, "audio_properties": {"sample_rate": 44100, "downmix": "mix", "lossless": false, "analysis_sample_rate": 44100, "md5_encoded": "b84d4b097417da07e1b90b4d7e737986", "equal_loudness": 0, "replay_gain": 8.50322914124, "codec": "aac", "bit_rate": 160002, "length": 256.92880249}, "version": {"extractor": "music 1.0", "essentia_build_sha": "ca57ba49d9b1854bd80e60cf9ccf267278fb7d6b", "essentia_git_sha": "v2.1_beta1-28-g21ef5f4-dirty", "essentia": "2.1-beta1"}}, "rhythm": {"beats_loudness_band_ratio": {"dvar2": [0.0583835877478, 0.0466756336391, 0.0275717563927, 0.000170590297785, 9.37212098506e-05, 0.0349239856005], "var": [0.0280231703073, 0.0275669842958, 0.00768809672445, 8.41373839648e-05, 2.90127954941e-05, 0.0227580741048], "min": [0.00182464171667, 0.00520481029525, 0.000323236221448, 0.000235258165048, 5.46137307538e-05, 0.0250288490206], "dmean": [0.167436033487, 0.165119096637, 0.0767274573445, 0.0059756776318, 0.00359752681106, 0.149061739445], "mean": [0.215579107404, 0.302991867065, 0.0641236007214, 0.00695340475067, 0.0033534381073, 0.448779404163], "max": [0.784607708454, 0.857292532921, 0.520876586437, 0.100130990148, 0.0556059591472, 0.841699361801], "dmean2": [0.291271209717, 0.280782103539, 0.14090912044, 0.0104098739102, 0.00642922334373, 0.254806339741], "median": [0.18075747788, 0.286519348621, 0.0293714180589, 0.00414543412626, 0.00148434576113, 0.45385953784], "dvar": [0.0191478747874, 0.0169958937913, 0.00991713348776, 6.56345073367e-05, 3.39463331329e-05, 0.0124239195138]}, "bpm_histogram_first_peak_weight": {"dvar2": 0, "var": 0, "min": 0.306886225939, "dmean": 0, "mean": 0.306886225939, "max": 0.306886225939, "dmean2": 0, "median": 0.306886225939, "dvar": 0}, "bpm": 164.440948486, "beats_count": 669, "bpm_histogram_first_peak_spread": {"dvar2": 0, "var": 0, "min": 0, "dmean": 0, "mean": 0, "max": 0, "dmean2": 0, "median": 0, "dvar": 0}, "danceability": 1.14802634716, "bpm_histogram_first_peak_bpm": {"dvar2": 0, "var": 0, "min": 167, "dmean": 0, "mean": 167, "max": 167, "dmean2": 0, "median": 167, "dvar": 0}, "beats_position": [0.429569154978, 0.882358253002, 1.3235373497, 1.75310659409, 2.18267560005, 2.61224484444, 3.04181408882, 3.48299312592, 3.92417216301, 4.35374164581, 4.77170038223, 5.20126962662, 5.630838871, 6.06040811539, 6.5015873909, 6.93115615845, 7.36072540283, 7.79029464722, 8.2198638916, 8.64943313599, 9.07900238037, 9.50857162476, 9.93814086914, 10.3677091599, 10.7856683731, 11.2152376175, 11.6331968307, 12.0743761063, 12.5155553818, 12.9567346573, 13.4095239639, 13.8623123169, 14.3267116547, 14.7678909302, 15.2206802368, 15.6734695435, 16.114648819, 16.5674381256, 17.0202255249, 17.4614048004, 17.9025840759, 18.3553733826, 18.8081626892, 19.2609519958, 19.7137413025, 20.1781406403, 20.642539978, 21.0837192535, 21.5248966217, 21.9776859283, 22.430475235, 22.8716545105, 23.312833786, 23.7772331238, 24.2300224304, 24.6828117371, 25.1239910126, 25.5651702881, 26.0063495636, 26.4475269318, 26.9003162384, 27.353105545, 27.8058948517, 28.2702941895, 28.711473465, 29.1642627716, 29.6170520782, 30.0466213226, 30.4878005981, 30.9405899048, 31.3933773041, 31.8345565796, 32.264125824, 32.7053070068, 33.146484375, 33.5760536194, 34.0172348022, 34.4584121704, 34.8879814148, 35.3175506592, 35.7587280273, 36.1882972717, 36.6178665161, 37.059047699, 37.4886169434, 37.9297943115, 38.3593635559, 38.7889328003, 39.2068939209, 39.6364631653, 40.0544204712, 40.4723815918, 40.9019508362, 41.3315200806, 41.7726974487, 42.2022666931, 42.6202278137, 43.0381851196, 43.467754364, 43.8857116699, 44.3036727905, 44.7216300964, 45.1511993408, 45.5807685852, 46.0103378296, 46.439907074, 46.8578681946, 47.2758255005, 47.7053947449, 48.1349639893, 48.5645332336, 48.9824943542, 49.4120635986, 49.841632843, 50.2595901489, 50.6891593933, 51.1071205139, 51.5250778198, 51.9430389404, 52.3726081848, 52.8021774292, 53.2201347351, 53.6264839172, 54.0444450378, 54.4624023438, 54.8919715881, 55.3099327087, 55.7278900146, 56.1458511353, 56.5638084412, 56.9817695618, 57.3997268677, 57.8176841736, 58.2356452942, 58.6536026001, 59.0715637207, 59.4779129028, 59.8958702087, 60.3022193909, 60.7201805115, 61.1381378174, 61.556098938, 61.9740562439, 62.380405426, 62.7867546082, 63.2047157288, 63.6110649109, 64.0174102783, 64.4237594604, 64.8301086426, 65.2364578247, 65.6428070068, 66.049156189, 66.443901062, 66.8502502441, 67.2565994263, 67.6629486084, 68.0576858521, 68.4524230957, 68.8587722778, 69.26512146, 69.659866333, 70.0546035767, 70.4493408203, 70.844078064, 71.238822937, 71.6335601807, 72.0282974243, 72.4346466064, 72.8293838501, 73.2241287231, 73.6304779053, 74.0252151489, 74.4199523926, 74.8146896362, 75.2094345093, 75.6041717529, 75.9989089966, 76.3936462402, 76.7883911133, 77.1947402954, 77.6010894775, 77.9958267212, 78.3905639648, 78.7620849609, 79.1452102661, 79.5399551392, 79.9230804443, 80.3294296265, 80.7241744995, 81.1072998047, 81.4788208008, 81.8503417969, 82.2218551636, 82.5933761597, 82.9765090942, 83.3596343994, 83.7311553955, 84.1142807007, 84.4974136353, 84.8689346313, 85.2404556274, 85.6119689941, 85.9834899902, 86.3550109863, 86.7149200439, 87.0748291016, 87.4347381592, 87.7946472168, 88.1429443359, 88.4912490845, 88.8511581421, 89.2110671997, 89.5709762573, 89.9308853149, 90.2791824341, 90.6274795532, 90.9757843018, 91.3240814209, 91.67237854, 92.0206756592, 92.3689804077, 92.7172775269, 93.065574646, 93.4138793945, 93.7621765137, 94.1220855713, 94.4819946289, 94.830291748, 95.1902008057, 95.5501098633, 95.9216308594, 96.2931518555, 96.6762771606, 97.0477981567, 97.4077072144, 97.7792282104, 98.1507492065, 98.5222625732, 98.8937835693, 99.2653045654, 99.625213623, 99.9851226807, 100.356643677, 100.728164673, 101.09967804, 101.459587097, 101.819496155, 102.191017151, 102.53931427, 102.887619019, 103.235916138, 103.595825195, 103.932518005, 104.292427063, 104.66394043, 105.047073364, 105.41859436, 105.778503418, 106.138412476, 106.498321533, 106.869842529, 107.229751587, 107.601264954, 107.961174011, 108.321083069, 108.680992126, 109.040908813, 109.389205933, 109.737503052, 110.097412109, 110.457321167, 110.805618286, 111.165527344, 111.525436401, 111.87374115, 112.233650208, 112.593559265, 112.953468323, 113.31337738, 113.673286438, 114.021583557, 114.381492615, 114.729797363, 115.078094482, 115.426391602, 115.786300659, 116.146209717, 116.494506836, 116.854415894, 117.214332581, 117.574241638, 117.934150696, 118.305664062, 118.677185059, 119.048706055, 119.420227051, 119.791740417, 120.163261414, 120.53478241, 120.906303406, 121.277824402, 121.649337769, 122.009246826, 122.369155884, 122.74067688, 123.112197876, 123.483718872, 123.84362793, 124.215148926, 124.575057983, 124.94657135, 125.318092346, 125.689613342, 126.0495224, 126.421043396, 126.804168701, 127.175689697, 127.547210693, 127.91872406, 128.290252686, 128.661773682, 129.033279419, 129.404800415, 129.776321411, 130.147842407, 130.507751465, 130.867660522, 131.239181519, 131.610702515, 131.982223511, 132.353744507, 132.736862183, 133.119995117, 133.491516113, 133.863037109, 134.234558105, 134.606079102, 134.965988159, 135.325897217, 135.674194336, 136.022491455, 136.382400513, 136.74230957, 137.090606689, 137.450515747, 137.810424805, 138.158721924, 138.518630981, 138.878540039, 139.250061035, 139.621582031, 139.981491089, 140.341400146, 140.701309204, 141.061218262, 141.432739258, 141.804260254, 142.17578125, 142.547302246, 142.907211304, 143.267120361, 143.627029419, 143.986938477, 144.346847534, 144.706756592, 145.078277588, 145.438186646, 145.798095703, 146.169616699, 146.541137695, 146.912643433, 147.27255249, 147.632461548, 148.003982544, 148.363891602, 148.723800659, 149.072113037, 149.443618774, 149.803527832, 150.16343689, 150.511749268, 150.871658325, 151.231567383, 151.603088379, 151.962997437, 152.322906494, 152.682815552, 153.031112671, 153.391021729, 153.750930786, 154.110839844, 154.470748901, 154.830657959, 155.178955078, 155.538864136, 155.898773193, 156.247070312, 156.60697937, 156.966888428, 157.326797485, 157.686706543, 158.035003662, 158.383300781, 158.743209839, 159.103118896, 159.463043213, 159.83454895, 160.194458008, 160.565979004, 160.960723877, 161.36706543, 161.773422241, 162.168167114, 162.562896729, 162.957641602, 163.340774536, 163.723892212, 164.107025146, 164.50177002, 164.884887695, 165.26802063, 165.639541626, 165.999450684, 166.37097168, 166.742492676, 167.102401733, 167.473922729, 167.845443726, 168.205352783, 168.576873779, 168.948379517, 169.319900513, 169.691421509, 170.051330566, 170.411239624, 170.78276062, 171.154281616, 171.525802612, 171.88571167, 172.245620728, 172.593917847, 172.965438843, 173.3253479, 173.685256958, 174.045166016, 174.42829895, 174.811431885, 175.206161499, 175.612518311, 175.984039307, 176.355545044, 176.72706604, 177.098587036, 177.470108032, 177.841629028, 178.201538086, 178.561447144, 178.93296814, 179.292877197, 179.664398193, 180.024307251, 180.384216309, 180.744125366, 181.104034424, 181.463943481, 181.812240601, 182.172149658, 182.532058716, 182.891967773, 183.26348877, 183.623397827, 183.994918823, 184.354827881, 184.714736938, 185.063034058, 185.422943115, 185.782852173, 186.14276123, 186.502670288, 186.862579346, 187.234100342, 187.594009399, 187.942306519, 188.313827515, 188.673736572, 189.03364563, 189.405166626, 189.776687622, 190.13659668, 190.496505737, 190.856414795, 191.216323853, 191.57623291, 191.936141968, 192.307662964, 192.667572021, 193.027481079, 193.387390137, 193.747299194, 194.11882019, 194.478729248, 194.838638306, 195.210159302, 195.581680298, 195.941589355, 196.301498413, 196.661407471, 197.021316528, 197.381225586, 197.741134644, 198.101043701, 198.460952759, 198.832473755, 199.203994751, 199.575500488, 199.947021484, 200.31854248, 200.678451538, 201.038360596, 201.398269653, 201.769790649, 202.141311646, 202.512832642, 202.895965576, 203.279083252, 203.673828125, 204.068572998, 204.451690674, 204.834823608, 205.217956543, 205.589477539, 205.984207153, 206.355728149, 206.727249146, 207.121994019, 207.493515015, 207.865036011, 208.236557007, 208.608062744, 208.97958374, 209.362716675, 209.734237671, 210.105758667, 210.488891602, 210.848800659, 211.208709717, 211.580215454, 211.95173645, 212.323257446, 212.694778442, 213.066299438, 213.437820435, 213.809341431, 214.180862427, 214.552383423, 214.92388916, 215.295410156, 215.655319214, 216.015228271, 216.375137329, 216.746658325, 217.106567383, 217.46647644, 217.826385498, 218.186294556, 218.534591675, 218.894515991, 219.266021729, 219.625930786, 219.997451782, 220.35736084, 220.717269897, 221.077178955, 221.437088013, 221.79699707, 222.168518066, 222.540039062, 222.89994812, 223.248245239, 223.608154297, 223.968063354, 224.327972412, 224.68788147, 225.047790527, 225.407699585, 225.767608643, 226.115921021, 226.46421814, 226.812515259, 227.172424316, 227.532333374, 227.880630493, 228.240539551, 228.58883667, 228.948745728, 229.308654785, 229.680175781, 230.040084839, 230.411605835, 230.783126831, 231.143035889, 231.502944946, 231.862854004, 232.222763062, 232.582672119, 232.942581177, 233.314102173, 233.67401123, 234.033920288, 234.393829346, 234.753738403, 235.125259399, 235.496780396, 235.868301392, 236.239807129, 236.599716187, 236.959625244, 237.307937622, 237.679458618, 238.050964355, 238.422485352, 238.782394409, 239.142303467, 239.513824463, 239.873733521, 240.233642578, 240.605163574, 240.965072632, 241.324981689, 241.673278809, 242.044799805, 242.404708862, 242.76461792, 243.124526978, 243.484436035, 243.832733154, 244.181045532, 244.54095459, 244.900863647, 245.272369385, 245.620681763, 245.968978882, 246.294052124, 246.642349243, 246.990646362, 247.33895874, 247.687255859, 248.012329102, 248.337417603, 248.685714722, 249.034011841, 249.38230896, 249.753829956, 250.136962891, 250.520080566, 250.903213501, 251.321166992, 251.739135742, 252.157089233, 252.633102417, 253.097503662, 253.561904907, 254.026306152, 254.490692139, 254.966705322, 255.431106567, 255.907119751, 256.371520996], "beats_loudness": {"dvar2": 0.0237182471901, "var": 0.0071018463932, "min": 7.09751157046e-06, "dmean": 0.0576746016741, "mean": 0.0709684416652, "max": 1.02187180519, "dmean2": 0.100878030062, "median": 0.0473752096295, "dvar": 0.0080087101087}, "bpm_histogram_second_peak_weight": {"dvar2": 0, "var": 0, "min": 0.236526936293, "dmean": 0, "mean": 0.236526936293, "max": 0.236526936293, "dmean2": 0, "median": 0.236526936293, "dvar": 0}, "bpm_histogram_second_peak_spread": {"dvar2": 0, "var": 0, "min": 0.155080258846, "dmean": 0, "mean": 0.155080258846, "max": 0.155080258846, "dmean2": 0, "median": 0.155080258846, "dvar": 0}, "bpm_histogram_second_peak_bpm": {"dvar2": 0, "var": 0, "min": 161, "dmean": 0, "mean": 161, "max": 161, "dmean2": 0, "median": 161, "dvar": 0}, "onset_rate": 4.05152320862}, "lowlevel": {"spectral_energyband_high": {"dvar2": 3.98126935863e-08, "var": 4.00604065476e-08, "min": 7.74825249657e-21, "dmean": 7.08269653842e-05, "mean": 0.000111966932309, "max": 0.0029936961364, "dmean2": 0.000108657499368, "median": 4.49015315098e-05, "dvar": 1.89292279629e-08}, "spectral_energyband_middle_low": {"dvar2": 0.000902430503629, "var": 0.000657249940559, "min": 2.4225332749e-22, "dmean": 0.00951611343771, "mean": 0.0171615928411, "max": 0.378436028957, "dmean2": 0.0138256782666, "median": 0.00896761193871, "dvar": 0.000407926709158}, "spectral_energy": {"dvar2": 0.00308026396669, "var": 0.00340715795755, "min": 1.05354973473e-20, "dmean": 0.0187093019485, "mean": 0.04143448174, "max": 1.11352872849, "dmean2": 0.0257819779217, "median": 0.023783352226, "dvar": 0.00152237678412}, "spectral_spread": {"dvar2": 2595387604990.0, "var": 1816752947200.0, "min": 1227849.5, "dmean": 1181659, "mean": 4634815, "max": 40911488, "dmean2": 1966444.875, "median": 4623628, "dvar": 964566122496}, "spectral_energyband_low": {"dvar2": 6.43192324787e-05, "var": 0.000101787118183, "min": 2.95817001887e-23, "dmean": 0.0026947685983, "mean": 0.00494039570913, "max": 0.277880549431, "dmean2": 0.0040523763746, "median": 0.00215351395309, "dvar": 3.37542878697e-05}, "spectral_rolloff": {"dvar2": 20066280, "var": 5318464, "min": 129.19921875, "dmean": 391.414733887, "mean": 21556.1308594, "max": 22050, "dmean2": 766.726745605, "median": 21813.1347656, "dvar": 7165820.5}, "barkbands": {"dvar2": [5.50958418444e-07, 1.1534969417e-05, 2.14428673644e-05, 3.94045709982e-05, 0.000579825078603, 0.000101458848803, 6.28408961347e-05, 2.05423543775e-06, 2.32526701893e-07, 2.96245303844e-08, 5.60751196588e-08, 3.0468140011e-08, 2.61205492791e-08, 5.59593216209e-09, 3.50256534887e-08, 9.79205339036e-09, 3.10953018889e-09, 8.24017243328e-10, 5.02999031315e-10, 1.86510445976e-10, 1.68933492195e-10, 1.16225258584e-10, 8.8451267144e-11, 9.38346206292e-11, 1.31403554704e-10, 3.74519554258e-10, 5.65523450291e-08], "var": [3.85020967997e-07, 1.10363398562e-05, 4.73085456179e-05, 4.28852617915e-05, 0.000297864549793, 6.83244288666e-05, 4.66599703941e-05, 2.3497273105e-06, 1.36202558565e-07, 2.23665992394e-08, 4.90757230409e-08, 3.08159506801e-08, 2.73417519736e-08, 6.50510267874e-09, 1.9753102265e-08, 9.91772708403e-09, 3.41398731507e-09, 6.72959687975e-10, 2.65809346756e-10, 1.15703571724e-10, 9.66224808496e-11, 6.34234748054e-11, 4.83160733644e-11, 5.23316494305e-11, 7.44834610655e-11, 2.10858927541e-10, 7.48419566321e-08], "min": [5.39148957826e-24, 5.67973698644e-24, 6.32397286646e-24, 2.50241135012e-24, 1.8715789663e-23, 1.44103004382e-23, 3.03978146605e-23, 2.58548009949e-23, 2.94956670184e-23, 5.96428952792e-23, 4.81105850374e-23, 1.36069014576e-22, 7.22495867422e-23, 6.33312933276e-23, 1.05754623534e-22, 1.37397822372e-22, 2.0697917861e-22, 2.13024049333e-22, 1.97410169612e-22, 2.33659035026e-22, 3.88570743319e-22, 5.01158612543e-22, 5.59897473225e-22, 7.81382857249e-22, 1.16774951058e-21, 1.64015365088e-21, 2.3267918143e-21], "dmean": [0.000265320326434, 0.00117755820975, 0.001075851731, 0.0016501864884, 0.00577617064118, 0.00235480652191, 0.00128844648134, 0.000330856739311, 0.000110770415631, 5.36750085303e-05, 5.33549427928e-05, 4.2847419536e-05, 3.19915088767e-05, 2.14691863221e-05, 2.99628609355e-05, 2.25047333515e-05, 1.36468670462e-05, 9.02442116058e-06, 6.39382369627e-06, 4.84702013637e-06, 4.48150012744e-06, 3.66939502783e-06, 3.23264293911e-06, 3.39136181537e-06, 4.07670540881e-06, 6.82036261423e-06, 7.69934704294e-05], "mean": [0.000297034770483, 0.00188216066454, 0.00148344354238, 0.0026070990134, 0.00839276239276, 0.00379208941013, 0.00170365534723, 0.000480813148897, 0.000156127818627, 7.02598626958e-05, 7.97415414127e-05, 6.37188641122e-05, 4.77888388559e-05, 3.19872488035e-05, 4.15123176936e-05, 3.43803876603e-05, 2.14898773265e-05, 1.27009398057e-05, 7.99325516709e-06, 5.58550664209e-06, 4.97612245454e-06, 3.87426780435e-06, 3.42695125255e-06, 3.62739228876e-06, 4.40596068074e-06, 7.39404958949e-06, 0.000136925387778], "max": [0.00947638228536, 0.0524587184191, 0.247147396207, 0.150817930698, 0.371431797743, 0.267832815647, 0.188890919089, 0.0374576300383, 0.0154641689733, 0.00341752637178, 0.00622324505821, 0.00572085473686, 0.00443389033899, 0.00138514011633, 0.00422807084396, 0.00266503100283, 0.00159810099285, 0.000638603349216, 0.00057669141097, 0.000184935692232, 0.000182115545613, 0.00016654022329, 0.000149177431013, 0.000148965802509, 0.000189076497918, 0.00033517103293, 0.00397862168029], "dmean2": [0.000423169927672, 0.00176525337156, 0.00173444778193, 0.00251714861952, 0.00888663064688, 0.00348153919913, 0.00193768553436, 0.000515592342708, 0.000180629212991, 8.57871564222e-05, 8.28051415738e-05, 6.64604958729e-05, 4.86310236738e-05, 3.25316432281e-05, 4.61532181362e-05, 3.40054393746e-05, 2.09792597161e-05, 1.40510701385e-05, 1.02824087662e-05, 7.87178214523e-06, 7.27577798898e-06, 5.99170653004e-06, 5.27018573848e-06, 5.51404264115e-06, 6.59738407194e-06, 1.10474575195e-05, 0.000112844121759], "median": [8.04444571259e-05, 0.000595888704993, 0.000426939484896, 0.000562001368962, 0.00328404107131, 0.00150675559416, 0.000312921532895, 0.000130747910589, 6.10113420407e-05, 2.62211742665e-05, 2.24343584705e-05, 1.99692658498e-05, 1.33612347781e-05, 8.70672192832e-06, 8.20733839646e-06, 8.1865600805e-06, 5.65485242987e-06, 4.48854461865e-06, 3.02514672512e-06, 1.97654048861e-06, 1.65587425727e-06, 1.27486418933e-06, 1.16934961625e-06, 1.26460520278e-06, 1.54276926878e-06, 2.58827321886e-06, 4.62228999822e-05], "dvar": [2.48006159609e-07, 5.245291959e-06, 1.38278719533e-05, 1.86732668226e-05, 0.00024736879277, 4.66858036816e-05, 2.96624621114e-05, 1.061686703e-06, 9.18064060329e-08, 1.38572104902e-08, 2.75734102217e-08, 1.54798467378e-08, 1.28381598685e-08, 2.87018120382e-09, 1.50336614269e-08, 4.83816364749e-09, 1.48741963191e-09, 3.74056091657e-10, 2.09760528391e-10, 8.41232639104e-11, 7.44213371484e-11, 5.13877343455e-11, 3.89901964881e-11, 4.13965771384e-11, 5.75998658492e-11, 1.61679294952e-10, 2.91395014784e-08]}, "melbands_skewness": {"dvar2": 3.31669855118, "var": 2.82496261597, "min": -1.7004506588, "dmean": 1.07042121887, "mean": 2.72643065453, "max": 12.358086586, "dmean2": 1.73101806641, "median": 2.49992895126, "dvar": 1.19717884064}, "barkbands_skewness": {"dvar2": 4.22586107254, "var": 4.07051467896, "min": -1.8870960474, "dmean": 1.26801204681, "mean": 4.66003322601, "max": 19.4888648987, "dmean2": 2.05230569839, "median": 4.31302213669, "dvar": 1.62133800983}, "erbbands": {"dvar2": [0.00875617936254, 0.709781765938, 16.1126346588, 165.283279419, 2527.38500977, 10330.2148438, 6043.74316406, 10784.4433594, 21836.1523438, 1180.9354248, 766.973632812, 193.544174194, 42.7807769775, 16.7460021973, 106.74206543, 45.3799667358, 60.5750465393, 13.7323961258, 29.7088279724, 86.3834838867, 12.0527868271, 6.89713954926, 2.79642009735, 1.11678242683, 1.24595844746, 0.423882633448, 0.339630544186, 0.226550325751, 0.155161127448, 0.103912219405, 0.0690827667713, 0.0429901853204, 0.0256049372256, 0.0144058736041, 0.00748236710206, 0.00350618851371, 0.0014497183729, 0.000479825393995, 0.000189863290871, 0.000548780255485], "var": [0.00921370834112, 0.672363102436, 35.3579025269, 200.789031982, 1579.44458008, 4410.70214844, 6258.63867188, 5988.42675781, 15665.1582031, 848.198547363, 911.552307129, 101.025016785, 30.0423221588, 13.4721231461, 92.1608276367, 44.4131240845, 68.4168701172, 15.1984043121, 26.8730564117, 59.4149360657, 12.45936203, 7.99567461014, 2.72294831276, 0.805393576622, 0.608889877796, 0.257798731327, 0.200730130076, 0.124815352261, 0.0849238112569, 0.056269697845, 0.03789659217, 0.0238733235747, 0.0143201919273, 0.00813337229192, 0.00425081187859, 0.00198991666548, 0.000820113520604, 0.000272382603725, 0.000161055810167, 0.000728017941583], "min": [3.50293142227e-22, 1.21634657351e-21, 6.14976231352e-21, 7.52765134358e-21, 3.31509884951e-20, 6.82099143095e-20, 7.0568374257e-20, 1.58858175484e-19, 2.05516215589e-19, 7.65837001724e-19, 5.36474655415e-19, 8.00719518348e-19, 1.41006738986e-18, 1.09579097287e-18, 2.89946677714e-18, 4.58262567489e-18, 3.10681324616e-18, 3.07040158277e-18, 3.41104882789e-18, 5.4566251237e-18, 8.05088438189e-18, 1.12199903252e-17, 1.28034952591e-17, 1.00973350076e-17, 9.8983294143e-18, 1.17007700311e-17, 1.55842713377e-17, 1.37000250398e-17, 1.71709195578e-17, 1.61442461426e-17, 1.46705808679e-17, 1.5305973038e-17, 1.41582682099e-17, 1.33841603326e-17, 8.35776590761e-18, 5.65102042587e-18, 3.21365789113e-18, 1.22073474324e-18, 3.42689502349e-19, 3.30771335449e-20], "dmean": [0.0321650765836, 0.290264606476, 1.03084290028, 3.65964126587, 11.4792041779, 20.8163795471, 24.9635257721, 17.012348175, 22.7197589874, 8.67514801025, 6.15777873993, 2.72340345383, 2.07545185089, 1.37555003166, 2.29056024551, 1.63936293125, 1.48858964443, 1.08404159546, 1.26762771606, 1.6651417017, 0.893922388554, 0.697731137276, 0.525392055511, 0.358144491911, 0.30123269558, 0.227333471179, 0.201149061322, 0.161156699061, 0.134107574821, 0.109818443656, 0.0905324816704, 0.0722689256072, 0.0562110170722, 0.0425199903548, 0.030828692019, 0.021095154807, 0.013395880349, 0.00756874494255, 0.00457123247907, 0.00779395690188], "mean": [0.0523985214531, 0.447243958712, 1.50097620487, 6.13786649704, 16.5326862335, 26.5965194702, 42.9188041687, 25.1565189362, 30.3876514435, 12.2983293533, 9.45213794708, 3.90928292274, 2.8259370327, 2.02027058601, 3.61141896248, 2.54917883873, 2.29837226868, 1.70378744602, 1.92097806931, 2.51033473015, 1.41356027126, 1.12876462936, 0.783606886864, 0.49455755949, 0.370651096106, 0.261864721775, 0.225529134274, 0.174913659692, 0.1424228549, 0.114991523325, 0.0963815376163, 0.077329903841, 0.0601338259876, 0.0458324998617, 0.0333602912724, 0.0227844975889, 0.0146139096469, 0.00848781131208, 0.00738752633333, 0.0177916828543], "max": [1.13550448418, 13.5087108612, 215.305587769, 299.289154053, 1035.34521484, 1779.09460449, 1903.35302734, 3140.21801758, 3382.41992188, 580.23425293, 817.47088623, 475.439544678, 117.84765625, 64.7792510986, 269.157318115, 174.487808228, 237.577972412, 72.515586853, 97.045791626, 213.399185181, 68.4723739624, 82.7443008423, 37.198589325, 20.3418731689, 33.7489624023, 8.53141403198, 7.86743497849, 6.86663627625, 6.0118098259, 5.1822385788, 4.10038375854, 3.19666528702, 2.49026727676, 1.95029115677, 1.42932224274, 0.995216488838, 0.660564005375, 0.38367292285, 0.299168765545, 0.506408751011], "dmean2": [0.049285300076, 0.434271365404, 1.64150393009, 5.53727006912, 17.4970207214, 33.0960731506, 37.0613555908, 25.2235145569, 33.7609672546, 13.5714836121, 9.46234607697, 4.42126607895, 3.33783793449, 2.15903782845, 3.53309059143, 2.53755235672, 2.20759320259, 1.64537298679, 1.91855716705, 2.51908659935, 1.35673141479, 1.06919431686, 0.806961476803, 0.568780362606, 0.484140872955, 0.370276033878, 0.32638707757, 0.262665420771, 0.219108447433, 0.17908783257, 0.147595435381, 0.117566972971, 0.0913155674934, 0.0688975453377, 0.0498578213155, 0.0341294743121, 0.0216875206679, 0.0122598269954, 0.00701536145061, 0.01073803287], "median": [0.0150989601389, 0.141734719276, 0.524592161179, 1.56826019287, 3.9352221489, 9.50328063965, 18.1345596313, 8.26714897156, 5.40661430359, 4.01241922379, 2.92426300049, 1.50065994263, 1.20188736916, 0.776582241058, 1.16039896011, 0.85826587677, 0.6417735219, 0.533334136009, 0.433268427849, 0.496887564659, 0.363445818424, 0.323167443275, 0.26648247242, 0.201400175691, 0.134475499392, 0.0933160409331, 0.0749104768038, 0.0581320226192, 0.0466409511864, 0.0379729270935, 0.0330052226782, 0.0268128309399, 0.0209505278617, 0.0161412134767, 0.01173565723, 0.00791220553219, 0.00513614714146, 0.00303409527987, 0.00325565366074, 0.00938834436238], "dvar": [0.0040692104958, 0.32130998373, 10.1985521317, 78.8703994751, 1125.19677734, 4283.13916016, 2955.21582031, 4825.33447266, 10304.8173828, 510.892242432, 415.54107666, 74.3227996826, 19.0200557709, 7.56585502625, 51.9956169128, 22.8939399719, 31.2598190308, 6.69070243835, 14.1146240234, 38.7676887512, 5.84618282318, 3.24386048317, 1.33317911625, 0.497798383236, 0.508104205132, 0.189954906702, 0.150785878301, 0.0992048531771, 0.0685080587864, 0.0458288453519, 0.0304693095386, 0.0189724080265, 0.0112870866433, 0.00633120257407, 0.00327280163765, 0.00152437028009, 0.000625985849183, 0.000206123513635, 8.82612002897e-05, 0.000281223386992]}, "silence_rate_30dB": {"dvar2": 0.113735340536, "var": 0.0774234831333, "min": 0, "dmean": 0.0569362863898, "mean": 0.91541659832, "max": 1, "dmean2": 0.113882862031, "median": 1, "dvar": 0.0536897070706}, "melbands_spread": {"dvar2": 10.2833824158, "var": 10.3826265335, "min": 0.276728749275, "dmean": 1.44754755497, "mean": 4.24938488007, "max": 134.570892334, "dmean2": 2.30601000786, "median": 3.64377784729, "dvar": 4.28492307663}, "melbands_crest": {"dvar2": 27.0852012634, "var": 33.3394622803, "min": 2.38114786148, "dmean": 3.77367305756, "mean": 17.7979831696, "max": 37.1841506958, "dmean2": 6.05121850967, "median": 16.9375724792, "dvar": 11.0816965103}, "zerocrossingrate": {"dvar2": 0.00386338471435, "var": 0.0193320419639, "min": 0.06689453125, "dmean": 0.0587286949158, "mean": 0.492042541504, "max": 0.99951171875, "dmean2": 0.0701669976115, "median": 0.48583984375, "dvar": 0.00266533042304}, "barkbands_kurtosis": {"dvar2": 2533.99902344, "var": 1669.73742676, "min": -0.76785492897, "dmean": 20.8558750153, "mean": 43.7950286865, "max": 664.208251953, "dmean2": 33.9680900574, "median": 32.1409225464, "dvar": 972.670837402}, "spectral_flux": {"dvar2": 0.00574198970571, "var": 0.00457258941606, "min": 6.94251323097e-11, "dmean": 0.033774882555, "mean": 0.0873199254274, "max": 0.647574365139, "dmean2": 0.0538453161716, "median": 0.069478534162, "dvar": 0.0023317495361}, "barkbands_crest": {"dvar2": 16.8906955719, "var": 17.8441867828, "min": 3.87683820724, "dmean": 2.90814614296, "mean": 13.4356164932, "max": 26.2519683838, "dmean2": 4.72043895721, "median": 12.9732761383, "dvar": 6.73980331421}, "barkbands_flatness_db": {"dvar2": 0.00360449333675, "var": 0.00292551121674, "min": 0.061282299459, "dmean": 0.0451757721603, "mean": 0.217634469271, "max": 0.454357236624, "dmean2": 0.074455678463, "median": 0.213215172291, "dvar": 0.00128539430443}, "spectral_entropy": {"dvar2": 0.477723240852, "var": 0.359403043985, "min": 4.31292533875, "dmean": 0.514976918697, "mean": 6.59996700287, "max": 9.8090429306, "dmean2": 0.854651927948, "median": 6.6302318573, "dvar": 0.169412210584}, "pitch_salience": {"dvar2": 0.0108655616641, "var": 0.0156869348139, "min": 0.0544935055077, "dmean": 0.0745032951236, "mean": 0.541321516037, "max": 0.845742106438, "dmean2": 0.120157249272, "median": 0.556071162224, "dvar": 0.00439573498443}, "erbbands_spread": {"dvar2": 78.6883544922, "var": 150.324325562, "min": 0.589627623558, "dmean": 6.26772928238, "mean": 17.6347675323, "max": 96.0473937988, "dmean2": 10.1385211945, "median": 14.9930019379, "dvar": 31.5398159027}, "dynamic_complexity": 4.67529630661, "spectral_contrast_valleys": {"dvar2": [0.44712767005, 0.417598932981, 0.521610379219, 0.715652763844, 0.924899041653, 0.970251023769], "var": [1.21127378941, 1.04989290237, 1.06360125542, 1.15112423897, 1.11871492863, 1.16467821598], "min": [-27.3032970428, -27.6943435669, -27.4600048065, -27.5740566254, -27.2515583038, -27.3468017578], "dmean": [0.499547272921, 0.47274556756, 0.544323861599, 0.611353933811, 0.711402773857, 0.695684969425], "mean": [-7.49324226379, -6.91166210175, -8.07082176208, -8.69908905029, -8.91165351868, -11.0575017929], "max": [-4.89221525192, -4.56768035889, -5.58843231201, -6.00988531113, -6.22206306458, -8.48446178436], "dmean2": [0.791732609272, 0.759896457195, 0.887612164021, 1.00713837147, 1.17903661728, 1.15601277351], "median": [-7.31567668915, -6.77227544785, -7.95632505417, -8.57789421082, -8.80078125, -10.8980703354], "dvar": [0.195318058133, 0.174790307879, 0.213927775621, 0.285019636154, 0.356987208128, 0.370258718729]}, "hfc": {"dvar2": 405083.9375, "var": 521215.25, "min": 1.17812753842e-16, "dmean": 208.842407227, "mean": 445.358123779, "max": 17777.6816406, "dmean2": 295.726013184, "median": 235.059295654, "dvar": 207728.90625}, "spectral_kurtosis": {"dvar2": 746.890258789, "var": 266.927734375, "min": -1.21328008175, "dmean": 13.8938646317, "mean": 24.1941184998, "max": 171.615707397, "dmean2": 24.3463973999, "median": 19.2406463623, "dvar": 266.389373779}, "mfcc": {"mean": [-780.93762207, 176.29776001, 35.5502090454, 23.4574394226, 11.9699106216, -2.41354990005, -8.29843902588, -8.01215934753, -9.61592769623, -8.39418792725, -5.61212301254, -2.37365245819, -0.89502209425], "cov": [[8108.82519531, 442.29864502, -570.907104492, -27.839509964, -20.8682308197, 11.7100849152, -99.2399597168, -20.951505661, 60.1737174988, 9.66037368774, -61.2700119019, -19.9528560638, -31.3381729126], [442.29864502, 931.116210938, -28.2474040985, 12.2334260941, 62.3708763123, -55.8370361328, -15.8686494827, -0.338840872049, -30.6381320953, -15.7636003494, 3.49366378784, 8.52035427094, -0.583433508873], [-570.907104492, -28.2474040985, 369.000793457, 63.226852417, -21.1939163208, 7.72017908096, 44.4565544128, 17.0882549286, -12.6643257141, -13.2692203522, -0.710356831551, -9.06137561798, -3.72471404076], [-27.839509964, 12.2334260941, 63.226852417, 133.9712677, 45.2683868408, 29.0190219879, 39.5623207092, 29.450302124, 13.6787691116, 13.8065805435, 0.106387041509, -4.58360481262, -5.90648937225], [-20.8682308197, 62.3708763123, -21.1939163208, 45.2683868408, 129.328964233, 58.9906196594, 19.3676681519, 22.149269104, 23.1360702515, 9.68020343781, 4.27786302567, -2.22242093086, -1.47330510616], [11.7100849152, -55.8370361328, 7.72017908096, 29.0190219879, 58.9906196594, 104.463111877, 63.0119857788, 29.0460300446, 29.612361908, 20.3794288635, 0.596086978912, -1.93904185295, 1.90975940228], [-99.2399597168, -15.8686494827, 44.4565544128, 39.5623207092, 19.3676681519, 63.0119857788, 103.954124451, 63.5515518188, 20.1420879364, 16.6835670471, 9.00998878479, -1.08131146431, 0.385903120041], [-20.951505661, -0.338840872049, 17.0882549286, 29.450302124, 22.149269104, 29.0460300446, 63.5515518188, 82.3173828125, 46.648815155, 12.3214483261, 3.55827069283, 2.87784934044, 2.6652431488], [60.1737174988, -30.6381320953, -12.6643257141, 13.6787691116, 23.1360702515, 29.612361908, 20.1420879364, 46.648815155, 81.5398483276, 46.7966461182, 3.38081216812, 6.82673835754, 12.0472707748], [9.66037368774, -15.7636003494, -13.2692203522, 13.8065805435, 9.68020343781, 20.3794288635, 16.6835670471, 12.3214483261, 46.7966461182, 78.7892608643, 48.078754425, 16.4705085754, 9.20251083374], [-61.2700119019, 3.49366378784, -0.710356831551, 0.106387041509, 4.27786302567, 0.596086978912, 9.00998878479, 3.55827069283, 3.38081216812, 48.078754425, 78.2027206421, 43.394077301, 4.67251825333], [-19.9528560638, 8.52035427094, -9.06137561798, -4.58360481262, -2.22242093086, -1.93904185295, -1.08131146431, 2.87784934044, 6.82673835754, 16.4705085754, 43.394077301, 60.618183136, 29.947769165], [-31.3381729126, -0.583433508873, -3.72471404076, -5.90648937225, -1.47330510616, 1.90975940228, 0.385903120041, 2.6652431488, 12.0472707748, 9.20251083374, 4.67251825333, 29.947769165, 55.1834259033]], "icov": [[0.000153082350153, -0.000108092761366, 0.000253313075518, -0.00018048461061, 0.000353641749825, -0.000404410966439, 0.000345530104823, -0.000103131671494, -0.000156728885486, 0.000132324639708, -4.27105624112e-05, 7.00083401171e-05, 8.73456665431e-05], [-0.000108092761366, 0.00140293000732, -0.000217058084672, 0.000508734316099, -0.00199281750247, 0.00224805925973, -0.000859740597662, -0.000619339640252, 0.00200042896904, -0.00214025727473, 0.00222578458488, -0.00173264113255, 0.000570196134504], [0.000253313075518, -0.000217058084672, 0.00391167774796, -0.00256235874258, 0.00214664568193, -0.000295952282613, -0.00216215243563, 0.00294230110012, -0.00405860226601, 0.00577019853517, -0.0050911558792, 0.00371479964815, -0.00158923282288], [-0.00018048461061, 0.000508734316099, -0.00256235874258, 0.0120878918096, -0.00612854491919, 0.00265706097707, -0.00143298134208, -0.00576127460226, 0.00937358476222, -0.0131769990548, 0.0125012714416, -0.00818397384137, 0.00459038233384], [0.000353641749825, -0.00199281750247, 0.00214664568193, -0.00612854491919, 0.0178342163563, -0.0145971020684, 0.00937604345381, -0.00280854478478, -0.00633820425719, 0.0114070605487, -0.0134866386652, 0.010038016364, -0.00410410389304], [-0.000404410966439, 0.00224805925973, -0.000295952282613, 0.00265706097707, -0.0145971020684, 0.0338222235441, -0.0302049331367, 0.0220173969865, -0.0145164588466, 0.00306666153483, 0.00351040507667, -0.00415967963636, 0.00226407195441], [0.000345530104823, -0.000859740597662, -0.00216215243563, -0.00143298134208, 0.00937604345381, -0.0302049331367, 0.0561568439007, -0.0539468042552, 0.0421664789319, -0.0312093421817, 0.0166585035622, -0.00608698185533, 0.00128816324286], [-0.000103131671494, -0.000619339640252, 0.00294230110012, -0.00576127460226, -0.00280854478478, 0.0220173969865, -0.0539468042552, 0.0826663151383, -0.0749701708555, 0.0630413666368, -0.0459484010935, 0.0240508653224, -0.00824313238263], [-0.000156728885486, 0.00200042896904, -0.00405860226601, 0.00937358476222, -0.00633820425719, -0.0145164588466, 0.0421664789319, -0.0749701708555, 0.103703893721, -0.0957739800215, 0.0774732455611, -0.0455419458449, 0.015807762742], [0.000132324639708, -0.00214025727473, 0.00577019853517, -0.0131769990548, 0.0114070605487, 0.00306666153483, -0.0312093421817, 0.0630413666368, -0.0957739800215, 0.11912111938, -0.101352192461, 0.0617201663554, -0.0274661500007], [-4.27105624112e-05, 0.00222578458488, -0.0050911558792, 0.0125012714416, -0.0134866386652, 0.00351040507667, 0.0166585035622, -0.0459484010935, 0.0774732455611, -0.101352192461, 0.113615013659, -0.0780155807734, 0.0353217385709], [7.00083401171e-05, -0.00173264113255, 0.00371479964815, -0.00818397384137, 0.010038016364, -0.00415967963636, -0.00608698185533, 0.0240508653224, -0.0455419458449, 0.0617201663554, -0.0780155807734, 0.0784936919808, -0.0376534163952], [8.73456665431e-05, 0.000570196134504, -0.00158923282288, 0.00459038233384, -0.00410410389304, 0.00226407195441, 0.00128816324286, -0.00824313238263, 0.015807762742, -0.0274661500007, 0.0353217385709, -0.0376534163952, 0.037335075438]]}, "silence_rate_20dB": {"dvar2": 0.0164511017501, "var": 0.00646396959201, "min": 0, "dmean": 0.00668775429949, "mean": 0.993493556976, "max": 1, "dmean2": 0.0133767174557, "median": 1, "dvar": 0.00664312159643}, "melbands_kurtosis": {"dvar2": 1194.30993652, "var": 945.460754395, "min": -1.1738897562, "dmean": 14.7199811935, "mean": 27.7020206451, "max": 416.33706665, "dmean2": 24.0054149628, "median": 18.8983192444, "dvar": 448.114990234}, "barkbands_spread": {"dvar2": 47.3229179382, "var": 49.069355011, "min": 0.301585942507, "dmean": 3.45506596565, "mean": 7.83794689178, "max": 82.7769012451, "dmean2": 5.53442716599, "median": 5.83539199829, "dvar": 19.3634357452}, "erbbands_skewness": {"dvar2": 1.47905778885, "var": 2.1295132637, "min": -1.61573457718, "dmean": 0.740543246269, "mean": 2.52958154678, "max": 14.8904666901, "dmean2": 1.17618048191, "median": 2.28000926971, "dvar": 0.574111104012}, "average_loudness": 0.403183549643, "spectral_centroid": {"dvar2": 28245.328125, "var": 45803.1445312, "min": 149.219924927, "dmean": 59.4150657654, "mean": 376.056274414, "max": 11777.7695312, "dmean2": 95.4699554443, "median": 339.219726562, "dvar": 13375.4853516}, "dissonance": {"dvar2": 0.00392685318366, "var": 0.00238368101418, "min": 0.127204507589, "dmean": 0.0435267612338, "mean": 0.412062078714, "max": 0.499999850988, "dmean2": 0.0737752616405, "median": 0.419948279858, "dvar": 0.00137117574923}, "erbbands_flatness_db": {"dvar2": 0.0032484929543, "var": 0.00296932924539, "min": 0.0327843241394, "dmean": 0.0416915863752, "mean": 0.182559609413, "max": 0.426832407713, "dmean2": 0.068866841495, "median": 0.177700191736, "dvar": 0.00117906916421}, "spectral_strongpeak": {"dvar2": 3684.3203125, "var": 3311.29516602, "min": 0, "dmean": 24.5780792236, "mean": 37.4843025208, "max": 704.803771973, "dmean2": 41.8768539429, "median": 2.5094203949, "dvar": 1590.82873535}, "spectral_rms": {"dvar2": 5.16416093888e-06, "var": 1.09723259811e-05, "min": 3.20601531434e-12, "dmean": 0.00122102582827, "mean": 0.00542692095041, "max": 0.0329601205885, "dmean2": 0.0016215502983, "median": 0.0048169773072, "dvar": 2.77162212114e-06}, "silence_rate_60dB": {"dvar2": 0.0515904352069, "var": 0.0771160721779, "min": 0, "dmean": 0.0238590147346, "mean": 0.0842219442129, "max": 1, "dmean2": 0.0477223433554, "median": 0, "dvar": 0.0232888814062}, "melbands": {"dvar2": [7.77290892984e-07, 2.69074712378e-06, 6.64507342663e-06, 3.94083035644e-05, 6.99584188624e-06, 4.83144776808e-06, 4.00524004363e-06, 1.1190711291e-07, 3.33648841888e-08, 6.86937262628e-09, 1.03874320256e-09, 2.68357752686e-10, 1.32671695852e-09, 5.4798127147e-10, 1.60290100637e-10, 3.0548386043e-10, 4.2996300964e-11, 6.45473466343e-11, 3.54878099129e-10, 7.91463145022e-11, 1.46233164466e-11, 8.34682756939e-12, 7.40057234244e-12, 1.947137113e-12, 7.3950340209e-13, 8.7566683505e-13, 3.72647090052e-13, 1.75088879484e-13, 1.45508998188e-13, 9.80622579124e-14, 7.10455864061e-14, 5.20279213592e-14, 3.86775843558e-14, 2.96967820072e-14, 2.35602620855e-14, 1.86338049618e-14, 1.51276052503e-14, 1.26542571858e-14, 1.09737116312e-14, 9.97549516135e-15], "var": [8.47451190111e-07, 5.24787765244e-06, 7.15311352906e-06, 1.80262286449e-05, 6.35937612969e-06, 2.92638014798e-06, 2.93467496704e-06, 8.2379642663e-08, 4.02974968949e-08, 3.47693851488e-09, 7.34970695415e-10, 1.9929695394e-10, 1.1405146827e-09, 5.97613403208e-10, 1.4617103361e-10, 2.98319202674e-10, 4.57278763466e-11, 6.11177219945e-11, 1.7370777039e-10, 7.81902459446e-11