{"metadata": {"tags": {"album": ["My Blueberry Nights"], "albumartist": ["Various Artists"], "genre": ["Soundtrack"], "artist": ["Original Soundtrack"], "date": ["2007"], "tracknumber": ["10"], "title": ["Busride"], "file_name": "178107.mp3", "musicbrainz_recordingid": ["15cea43b-689b-4c20-a771-8784877cda00"]}, "audio_properties": {"sample_rate": 44100, "downmix": "mix", "lossless": false, "analysis_sample_rate": 44100, "md5_encoded": "b60b431cb995bb494a7fe62c1083a034", "equal_loudness": 0, "replay_gain": -9.32953643799, "codec": "mp3", "bit_rate": 184642, "length": 178.233474731}, "version": {"extractor": "music 1.0", "essentia_build_sha": "70f2e5ece6736b2c40cc944ad0e695b16b925413", "essentia_git_sha": "v2.1_beta2", "essentia": "2.1-beta2"}}, "rhythm": {"beats_loudness_band_ratio": {"dvar2": [0.0744552463293, 0.074442088604, 0.0287402197719, 0.0130898207426, 0.00356388185173, 0.00534389400855], "var": [0.0895714089274, 0.0598221383989, 0.0122419092804, 0.00409077620134, 0.00173713476397, 0.00102939340286], "min": [0.00549332657829, 0.000878907216247, 0.00024459004635, 1.81901286851e-05, 4.04331149184e-06, 9.6795315585e-07], "dmean": [0.181786835194, 0.170170888305, 0.0724855363369, 0.0411930866539, 0.0152929555625, 0.0109365787357], "mean": [0.624585330486, 0.274289995432, 0.0835111215711, 0.0429105386138, 0.0154002020136, 0.00728356186301], "max": [0.998377740383, 0.993612885475, 0.784057319164, 0.513121724129, 0.62328761816, 0.518640160561], "dmean2": [0.303468227386, 0.294249475002, 0.122159071267, 0.0705446451902, 0.0271585918963, 0.0203007087111], "median": [0.713506817818, 0.189174309373, 0.0437339283526, 0.0221785344183, 0.00532113062218, 0.00139021058567], "dvar": [0.0301085971296, 0.0265785809606, 0.0108100334182, 0.00433540670201, 0.00125304795802, 0.00181100063492]}, "bpm_histogram_first_peak_weight": {"dvar2": 0, "var": 0, "min": 0.51239669323, "dmean": 0, "mean": 0.51239669323, "max": 0.51239669323, "dmean2": 0, "median": 0.51239669323, "dvar": 0}, "bpm": 163.875534058, "beats_count": 485, "bpm_histogram_first_peak_spread": {"dvar2": 0, "var": 0, "min": 0.0424709916115, "dmean": 0, "mean": 0.0424709916115, "max": 0.0424709916115, "dmean2": 0, "median": 0.0424709916115, "dvar": 0}, "danceability": 1.00994598866, "bpm_histogram_first_peak_bpm": {"dvar2": 0, "var": 0, "min": 161, "dmean": 0, "mean": 161, "max": 161, "dmean2": 0, "median": 161, "dvar": 0}, "beats_position": [0.406349211931, 0.824308395386, 1.21904754639, 1.60217678547, 1.97369611263, 2.34521532059, 2.71673464775, 3.07664394379, 3.43655323982, 3.79646253586, 4.15637159348, 4.51628112793, 4.88780021667, 5.25931978226, 5.61922883987, 5.97913837433, 6.35065746307, 6.71056699753, 7.08208608627, 7.45360517502, 7.8251247406, 8.18503379822, 8.54494285583, 8.91646194458, 9.287981987, 9.65950107574, 10.0310201645, 10.4025392532, 10.7624483109, 11.1223583221, 11.4822673798, 11.8421764374, 12.2136955261, 12.5736055374, 12.9451246262, 13.3166437149, 13.6881628036, 14.0480718613, 14.4195919037, 14.7795009613, 15.1394100189, 15.4993190765, 15.8592290878, 16.2191371918, 16.5906581879, 16.9621772766, 17.3220863342, 17.693605423, 18.0651245117, 18.4250335693, 18.784942627, 19.1564617157, 19.5279808044, 19.8994998932, 20.2594108582, 20.6193199158, 20.9908390045, 21.3623580933, 21.733877182, 22.1053962708, 22.4769153595, 22.8484344482, 23.1967334747, 23.5566444397, 23.9165534973, 24.2880725861, 24.6595916748, 25.0195007324, 25.37940979, 25.7509288788, 26.1224479675, 26.4823570251, 26.8422679901, 27.2021770477, 27.5736961365, 27.9452152252, 28.316734314, 28.6766433716, 29.0481624603, 29.4196815491, 29.7795906067, 30.1394996643, 30.4994106293, 30.8593196869, 31.2308387756, 31.6023578644, 31.9738769531, 32.3453979492, 32.7169151306, 33.0884361267, 33.4599533081, 33.8314743042, 34.2029914856, 34.5745124817, 34.9460296631, 35.3175506592, 35.6774597168, 36.0373687744, 36.397277832, 36.7571868896, 37.1170959473, 37.4770050049, 37.8369140625, 38.1968231201, 38.5567321777, 38.91664505, 39.2881622314, 39.6596832275, 40.0312004089, 40.402721405, 40.7742385864, 41.134147644, 41.4940567017, 41.8539657593, 42.2254867554, 42.585395813, 42.9453048706, 43.3168258667, 43.6883430481, 44.0482521057, 44.4197731018, 44.7912902832, 45.1628112793, 45.5343284607, 45.9058494568, 46.2773704529, 46.6488876343, 47.0204086304, 47.3687057495, 47.7170066833, 48.0653038025, 48.4136047363, 48.7735137939, 49.14503479, 49.5165519714, 49.8880729675, 50.2595901489, 50.6194992065, 50.9910202026, 51.362537384, 51.7340583801, 52.1055755615, 52.4770965576, 52.8486175537, 53.2201347351, 53.5800437927, 53.9399528503, 54.299861908, 54.6597709656, 55.0196800232, 55.3795890808, 55.7511100769, 56.1110191345, 56.4709281921, 56.854057312, 57.2255783081, 57.5854873657, 57.9570045471, 58.305305481, 58.6536026001, 59.0135154724, 59.37342453, 59.7333335876, 60.104850769, 60.4763717651, 60.859500885, 61.2310180664, 61.590927124, 61.9508361816, 62.3223571777, 62.6822662354, 63.0537872314, 63.4369163513, 63.8200454712, 64.2031707764, 64.5746917725, 64.9346008301, 65.2945098877, 65.6544189453, 66.0143280029, 66.3742370605, 66.7341461182, 67.0824508667, 67.4307479858, 67.7906570435, 68.1621780396, 68.5336914062, 68.8936004639, 69.26512146, 69.6366424561, 69.9965515137, 70.3680725098, 70.7395935059, 71.0995025635, 71.4710159302, 71.8309249878, 72.2024459839, 72.5623550415, 72.9338760376, 73.3053970337, 73.6769180298, 74.0368270874, 74.396736145, 74.7682495117, 75.1397705078, 75.4996795654, 75.859588623, 76.2311096191, 76.6026306152, 76.9741516113, 77.345664978, 77.7171859741, 78.0887069702, 78.4602279663, 78.8201370239, 79.1800460815, 79.5515594482, 79.9230804443, 80.2946014404, 80.654510498, 81.0144195557, 81.3859405518, 81.7458496094, 82.1173706055, 82.4888839722, 82.8487930298, 83.2203140259, 83.591835022, 83.9517440796, 84.3232650757, 84.6831741333, 85.0546951294, 85.4262084961, 85.7861175537, 86.1460266113, 86.5059356689, 86.865852356, 87.2257614136, 87.5856704712, 87.9571838379, 88.3170928955, 88.6886138916, 89.0485229492, 89.4200439453, 89.7915649414, 90.151473999, 90.5229949951, 90.8945083618, 91.2660293579, 91.637550354, 91.9974594116, 92.3573684692, 92.7172775269, 93.0771865845, 93.4370956421, 93.8086166382, 94.1801376343, 94.551651001, 94.9231719971, 95.2946929932, 95.6546020508, 96.0261230469, 96.3860321045, 96.7575454712, 97.1174621582, 97.4889755249, 97.8488845825, 98.2204055786, 98.5919265747, 98.9634475708, 99.3117446899, 99.683265686, 100.054779053, 100.426300049, 100.786209106, 101.157730103, 101.529251099, 101.900772095, 102.249069214, 102.608978271, 102.980499268, 103.340408325, 103.700317383, 104.071838379, 104.443351746, 104.803260803, 105.163169861, 105.534690857, 105.906211853, 106.277732849, 106.649246216, 107.020767212, 107.38067627, 107.752197266, 108.123718262, 108.483627319, 108.843536377, 109.215057373, 109.574966431, 109.946479797, 110.318000793, 110.68952179, 111.049430847, 111.409339905, 111.780860901, 112.152381897, 112.523895264, 112.89541626, 113.255325317, 113.615234375, 113.975143433, 114.33505249, 114.706573486, 115.066482544, 115.426391602, 115.797912598, 116.157821655, 116.517730713, 116.889251709, 117.260765076, 117.620681763, 117.992195129, 118.352104187, 118.723625183, 119.095146179, 119.466667175, 119.838180542, 120.1980896, 120.569610596, 120.929519653, 121.289428711, 121.660949707, 122.032470703, 122.403991699, 122.775505066, 123.135414124, 123.50693512, 123.878456116, 124.249977112, 124.621498108, 124.981407166, 125.341316223, 125.701225281, 126.061134338, 126.421043396, 126.792556763, 127.15246582, 127.512374878, 127.872291565, 128.243804932, 128.615325928, 128.986846924, 129.346755981, 129.718276978, 130.078186035, 130.449707031, 130.821228027, 131.192733765, 131.564254761, 131.935775757, 132.307296753, 132.678817749, 133.038726807, 133.398635864, 133.77015686, 134.141677856, 134.501586914, 134.861495972, 135.233016968, 135.604537964, 135.97605896, 136.347564697, 136.707473755, 137.067382812, 137.42729187, 137.798812866, 138.158721924, 138.518630981, 138.878540039, 139.238449097, 139.621582031, 139.993103027, 140.341400146, 140.712921143, 141.084442139, 141.455963135, 141.815872192, 142.17578125, 142.547302246, 142.918823242, 143.2787323, 143.638641357, 144.010162354, 144.381668091, 144.753189087, 145.124710083, 145.484619141, 145.844528198, 146.216049194, 146.58757019, 146.947479248, 147.307388306, 147.667297363, 148.027206421, 148.387115479, 148.747024536, 149.118545532, 149.47845459, 149.849975586, 150.221496582, 150.593017578, 150.964538574, 151.324447632, 151.684356689, 152.044265747, 152.415786743, 152.78729248, 153.158813477, 153.518722534, 153.878631592, 154.238540649, 154.598449707, 154.958358765, 155.318267822, 155.67817688, 156.038085938, 156.409606934, 156.78112793, 157.141036987, 157.512557983, 157.884078979, 158.255599976, 158.615509033, 158.975418091, 159.335327148, 159.683624268, 160.055145264, 160.42666626, 160.786575317, 161.146484375, 161.518005371, 161.877914429, 162.237823486, 162.597732544, 162.957641602, 163.329162598, 163.700683594, 164.072189331, 164.443710327, 164.803619385, 165.163528442, 165.5234375, 165.883346558, 166.254867554, 166.62638855, 166.986297607, 167.357818604, 167.717727661, 168.089248657, 168.460769653, 168.820678711, 169.180587769, 169.552108765, 169.923629761, 170.283538818, 170.643447876, 171.014968872, 171.37487793, 171.734786987, 172.094696045, 172.454605103, 172.826126099, 173.197631836, 173.569152832, 173.940673828, 174.312194824, 174.68371582, 175.055236816, 175.438369751, 175.821487427, 176.193008423, 176.576141357, 176.97088623, 177.354003906, 177.748748779], "beats_loudness": {"dvar2": 0.00833069719374, "var": 0.00425198208541, "min": 2.3934753699e-06, "dmean": 0.0505400970578, "mean": 0.063864171505, "max": 0.275956213474, "dmean2": 0.0883091390133, "median": 0.0400347299874, "dvar": 0.00311513966881}, "bpm_histogram_second_peak_weight": {"dvar2": 0, "var": 0, "min": 0.42975205183, "dmean": 0, "mean": 0.42975205183, "max": 0.42975205183, "dmean2": 0, "median": 0.42975205183, "dvar": 0}, "bpm_histogram_second_peak_spread": {"dvar2": 0, "var": 0, "min": 0, "dmean": 0, "mean": 0, "max": 0, "dmean2": 0, "median": 0, "dvar": 0}, "bpm_histogram_second_peak_bpm": {"dvar2": 0, "var": 0, "min": 167, "dmean": 0, "mean": 167, "max": 167, "dmean2": 0, "median": 167, "dvar": 0}, "onset_rate": 2.44042038918}, "lowlevel": {"spectral_energyband_high": {"dvar2": 3.73086919581e-07, "var": 4.38458414465e-07, "min": 7.33904123922e-21, "dmean": 6.03323605901e-05, "mean": 0.000103880222014, "max": 0.0242432225496, "dmean2": 8.61182707013e-05, "median": 5.28387090526e-06, "dvar": 1.90440658798e-07}, "spectral_energyband_middle_low": {"dvar2": 0.00018596467271, "var": 0.000290173571557, "min": 2.31509849754e-22, "dmean": 0.00390279176645, "mean": 0.0136580532417, "max": 0.314094603062, "dmean2": 0.00592312775552, "median": 0.0089656021446, "dvar": 8.24619637569e-05}, "spectral_energy": {"dvar2": 0.00198521767743, "var": 0.00258045829833, "min": 1.03386962162e-20, "dmean": 0.0143133420497, "mean": 0.0433648861945, "max": 0.394037246704, "dmean2": 0.0222614500672, "median": 0.0272432249039, "dvar": 0.000826618459541}, "spectral_spread": {"dvar2": 693643247616, "var": 1618582700030.0, "min": 313248.375, "dmean": 374852.625, "mean": 2318726.75, "max": 43655364, "dmean2": 533982.625, "median": 2109769, "dvar": 566239559680}, "spectral_energyband_low": {"dvar2": 0.00185166927986, "var": 0.00200816127472, "min": 5.8700900695e-23, "dmean": 0.0123946778476, "mean": 0.0294057372957, "max": 0.361502468586, "dmean2": 0.0193823631853, "median": 0.0113244019449, "dvar": 0.000760501774494}, "spectral_rolloff": {"dvar2": 179478.203125, "var": 334199.15625, "min": 64.599609375, "dmean": 93.5134277344, "mean": 452.633789062, "max": 18755.4199219, "dmean2": 157.085525513, "median": 344.53125, "dvar": 121701.382812}, "barkbands": {"dvar2": [3.37476103596e-06, 0.00155325583182, 0.000148995779455, 3.7831843656e-05, 8.69631548994e-05, 1.135995808e-05, 3.25614246321e-06, 2.36965661315e-06, 1.54371184635e-06, 6.94871459928e-07, 1.01937450836e-06, 6.4539011646e-07, 1.82406822091e-07, 8.99210448324e-08, 7.18449086889e-08, 2.85856117443e-07, 2.60937227381e-08, 1.45384611017e-08, 1.55830068849e-08, 9.02103991507e-08, 1.70931315324e-07, 1.37910731723e-08, 3.97080697212e-08, 1.911209635e-09, 8.26227031236e-10, 1.92497268126e-11, 5.41089699088e-12], "var": [3.27503380504e-06, 0.00130273634568, 0.000188287871424, 2.77822946373e-05, 9.39524761634e-05, 3.51093258359e-05, 1.05820690806e-05, 2.70620853371e-06, 2.34499111684e-06, 1.4514924942e-06, 1.90810897038e-06, 3.39318557963e-06, 9.83552581602e-08, 1.19834254519e-07, 5.62353115185e-08, 1.40434934792e-07, 2.57870276243e-08, 5.34118989037e-08, 2.58803360964e-08, 3.75388502505e-08, 1.28157097379e-07, 7.70178054665e-09, 3.88262186846e-08, 4.82134021595e-09, 2.27205187997e-09, 2.15195205405e-11, 3.33332710392e-12], "min": [5.87699362794e-24, 6.78444517634e-24, 3.49335818498e-23, 2.30778417923e-23, 1.77195798242e-23, 1.27909117836e-23, 3.82394486235e-23, 5.51797727129e-23, 4.28496811268e-23, 6.17577430137e-23, 6.17872968986e-23, 8.24860036205e-23, 8.72144926844e-23, 1.09573486555e-22, 1.38312471882e-22, 1.08133354708e-22, 3.09129521912e-22, 2.01800653866e-22, 2.01768998456e-22, 2.705530372e-22, 3.21854365806e-22, 4.02944924972e-22, 6.9862258878e-22, 7.2865024466e-22, 1.01643109526e-21, 1.62042813977e-21, 2.24742326907e-21], "dmean": [0.000459251197753, 0.0101179238409, 0.00335603230633, 0.00146188447252, 0.00219981465489, 0.000999643700197, 0.000422582932515, 0.000270907592494, 0.000229040408158, 0.000176315385033, 0.000152163935127, 0.000164717523148, 6.83015896357e-05, 6.76156050758e-05, 4.95794556628e-05, 5.66519192944e-05, 2.48623455263e-05, 2.50228040386e-05, 2.33387763728e-05, 2.05906781048e-05, 3.73668990505e-05, 9.12502400752e-06, 9.93110097625e-06, 4.45840851171e-06, 2.06926688406e-06, 5.36791674222e-07, 1.65916958395e-07], "mean": [0.000771210587118, 0.0190885253251, 0.00792136229575, 0.00265001854859, 0.0050830389373, 0.00335389259271, 0.00126833247487, 0.000615689670667, 0.0006507987855, 0.000406488397857, 0.000344118045177, 0.000463626463898, 0.000122754659969, 0.000151197484229, 9.40340978559e-05, 9.81975026662e-05, 5.1324856031e-05, 5.82657194172e-05, 4.60013943666e-05, 3.17060803354e-05, 5.40699111298e-05, 1.30661164803e-05, 1.49424777192e-05, 7.69618054619e-06, 3.78765321329e-06, 6.5018849682e-07, 1.72576775981e-07], "max": [0.0210229624063, 0.337212562561, 0.14654314518, 0.0895518660545, 0.296030253172, 0.0671805366874, 0.0406395867467, 0.0298740379512, 0.0444906763732, 0.0258342567831, 0.0319246910512, 0.0386002920568, 0.0145110739395, 0.00606744969264, 0.00555078871548, 0.0185006465763, 0.00361472624354, 0.00561618758366, 0.0052295839414, 0.01108884532, 0.011766362004, 0.00327513925731, 0.0112066529691, 0.00262084510177, 0.00209503318183, 0.000216929256567, 0.000114231879706], "dmean2": [0.000673246395309, 0.0161108449101, 0.00521499244496, 0.00227076373994, 0.00341900787316, 0.00137732899748, 0.000646184023935, 0.000414396869019, 0.000323591782944, 0.000265231239609, 0.000222708520596, 0.00023170458735, 0.000103928738099, 9.71929548541e-05, 7.84412841313e-05, 8.86713532964e-05, 3.96712639485e-05, 3.83091028198e-05, 3.37784877047e-05, 3.20279941661e-05, 5.5663738749e-05, 1.4499019926e-05, 1.46337624756e-05, 5.99472696194e-06, 2.78420429822e-06, 7.62903084706e-07, 2.38633418803e-07], "median": [3.14539356623e-05, 0.0053304862231, 0.00164496304933, 0.000720762240235, 0.0026835387107, 0.0010071756551, 0.000255053426372, 0.000153919914737, 0.000161786840181, 7.89805417298e-05, 3.81264289899e-05, 8.2122758613e-05, 3.51669295924e-05, 3.10422656185e-05, 1.98506786546e-05, 1.9053592041e-05, 9.69688153418e-06, 9.06814148038e-06, 5.90160198044e-06, 3.89595834349e-06, 1.78247557869e-06, 5.9950866671e-07, 3.01281374959e-07, 1.46479052887e-07, 7.88386600448e-08, 3.67958605807e-08, 5.56994850243e-09], "dvar": [1.52716631874e-06, 0.000628977722954, 5.75766171096e-05, 1.51599551828e-05, 4.31691478298e-05, 5.20149342265e-06, 1.63533513842e-06, 1.0081145092e-06, 6.67142671773e-07, 3.70645523162e-07, 4.9491751497e-07, 3.85571240713e-07, 7.34262428637e-08, 3.83426979056e-08, 2.81250986944e-08, 1.18729964527e-07, 1.02881116959e-08, 6.57264731529e-09, 8.53108694798e-09, 3.49627065077e-08, 7.6940558813e-08, 4.67206717758e-09, 2.06435082362e-08, 1.13516096523e-09, 5.35852417993e-10, 1.05116141486e-11, 2.49205235441e-12]}, "melbands_skewness": {"dvar2": 0.943302571774, "var": 2.42817854881, "min": -3.25588750839, "dmean": 0.591876506805, "mean": 3.15530395508, "max": 14.8853473663, "dmean2": 0.897255241871, "median": 2.92648100853, "dvar": 0.430545270443}, "barkbands_skewness": {"dvar2": 1.24094700813, "var": 2.85149860382, "min": -6.74410104752, "dmean": 0.5811201334, "mean": 2.63548016548, "max": 33.8863639832, "dmean2": 0.883948743343, "median": 2.30548357964, "dvar": 0.604870140553}, "erbbands": {"dvar2": [1.75074994564, 78.9759292603, 150.686203003, 363.244476318, 945.560913086, 867.426452637, 262.644165039, 1190.29772949, 678.641357422, 1340.26293945, 1630.20727539, 392.936859131, 433.629852295, 1798.15625, 489.093292236, 400.278717041, 216.936248779, 534.200805664, 202.888961792, 79.8785095215, 1249.0255127, 109.503311157, 40.1822319031, 35.2070465088, 167.098587036, 65.7452468872, 430.796142578, 70.9383544922, 11.2618112564, 4.50868558884, 18.5814113617, 12.1304759979, 0.8937702775, 0.0860737413168, 0.0674945637584, 0.000859223306179, 3.28533424181e-05, 8.53220535646e-06, 2.78179214774e-07, 2.46035125606e-09], "var": [2.04023170471, 48.624080658, 209.834411621, 281.951934814, 820.019592285, 1027.52001953, 418.919158936, 4120.57470703, 1242.06616211, 4846.64599609, 1395.19165039, 539.920166016, 1034.66381836, 3853.31201172, 1747.58117676, 2028.734375, 128.489852905, 495.932159424, 173.013595581, 120.878982544, 564.334960938, 98.626701355, 51.5341682434, 141.994644165, 126.685165405, 41.4449195862, 273.027954102, 64.8349685669, 9.03103351593, 3.33962035179, 20.9001636505, 12.6751117706, 1.89648830891, 0.29361897707, 0.146982580423, 0.00136143318377, 2.50958164543e-05, 7.57228144721e-06, 1.77390930389e-07, 3.24982818434e-09], "min": [9.68357558289e-23, 2.56402523488e-21, 3.35234427218e-20, 7.0396643807e-20, 8.22626337046e-20, 4.39819234148e-20, 8.36266609971e-20, 9.60063429798e-20, 4.42885838248e-19, 9.14665508883e-19, 1.23872892009e-18, 8.28350918023e-19, 1.50339145753e-18, 2.42388238588e-18, 3.21898927698e-18, 3.98919389573e-18, 4.414483431e-18, 5.24040093876e-18, 7.09160054397e-18, 4.22541103608e-18, 7.12144356611e-18, 1.7754394564e-17, 1.24964780757e-17, 9.42048950831e-18, 1.31200324641e-17, 1.4901493299e-17, 1.06931945619e-17, 1.24203898671e-17, 1.38162406072e-17, 1.57669210887e-17, 1.95798399008e-17, 1.44227476303e-17, 1.29238574828e-17, 9.51691395231e-18, 8.33452130521e-18, 5.82698655758e-18, 3.30566167515e-18, 1.3840436674e-18, 2.70514607633e-19, 2.99041074892e-20], "dmean": [0.339885979891, 2.20380973816, 3.54267930984, 4.78783607483, 6.30420970917, 7.82259178162, 4.90265655518, 10.0287237167, 6.13659238815, 6.72568941116, 5.40460777283, 3.75012421608, 5.16836929321, 7.60199737549, 5.1191239357, 4.38135623932, 2.58452224731, 4.07649898529, 2.61729693413, 1.99852371216, 3.21653223038, 1.44495737553, 1.13132655621, 1.25719249249, 1.33344459534, 0.821644484997, 1.69945454597, 0.84646320343, 0.314464867115, 0.206378638744, 0.249150544405, 0.158042982221, 0.0817770585418, 0.0273840762675, 0.0146127948537, 0.00357382395305, 0.000723454286344, 0.000223116512643, 3.86013816751e-05, 1.60967902048e-05], "mean": [0.654502928257, 3.88398313522, 9.17368888855, 9.48136520386, 12.8010320663, 18.1770572662, 14.3842506409, 33.3110580444, 19.0738983154, 21.0528583527, 13.2257137299, 10.5247173309, 14.8116569519, 18.7564716339, 15.198595047, 12.5288314819, 5.36393451691, 8.82325077057, 5.432472229, 4.39280653, 5.63212060928, 3.11619615555, 2.67899870872, 3.01298594475, 2.375436306, 1.46559667587, 2.39379286766, 1.32594060898, 0.499734610319, 0.309816092253, 0.380150139332, 0.248897388577, 0.135993689299, 0.0510865300894, 0.0252804812044, 0.00465412577614, 0.00085591658717, 0.000256883678958, 5.43657479284e-05, 4.85788477818e-05], "max": [12.1981592178, 74.4870071411, 147.637710571, 230.54057312, 740.055053711, 970.520019531, 241.023742676, 690.607849121, 628.312194824, 921.353881836, 1202.8536377, 683.966552734, 582.472961426, 1558.41552734, 713.598266602, 947.259094238, 501.914611816, 798.634277344, 340.742706299, 235.48097229, 1237.14697266, 238.122619629, 174.430419922, 274.926696777, 436.351287842, 285.100097656, 588.941101074, 204.358078003, 111.472145081, 66.6695327759, 237.273086548, 199.935302734, 56.8382034302, 22.7589454651, 17.8000469208, 1.76308846474, 0.20023111999, 0.161373913288, 0.0269054621458, 0.000793356972281], "dmean2": [0.52237033844, 3.57500386238, 5.46659040451, 7.46387434006, 10.0756978989, 11.9630079269, 7.32345104218, 13.6901168823, 9.428191185, 10.0293474197, 8.05944442749, 5.35707807541, 7.46606731415, 11.427107811, 7.40068817139, 6.17756652832, 3.92306447029, 5.81158828735, 4.05196332932, 3.16694831848, 5.06372737885, 2.27636313438, 1.75093710423, 1.80578315258, 1.99284791946, 1.25745129585, 2.52890467644, 1.30567479134, 0.487323492765, 0.297195732594, 0.366003453732, 0.225688919425, 0.111614771187, 0.0357495248318, 0.0202108547091, 0.00494006136432, 0.00103615969419, 0.000322976353345, 5.58236497454e-05, 2.48631295108e-05], "median": [0.0893584042788, 1.33988690376, 2.73532176018, 2.79393029213, 5.77001905441, 9.42275238037, 7.36154508591, 8.94932174683, 5.59600400925, 3.70383191109, 3.71386051178, 3.34947443008, 4.20973587036, 3.67230510712, 3.45392131805, 2.82680296898, 1.88800263405, 1.88012564182, 1.25544810295, 1.1824734211, 1.08733904362, 0.605031132698, 0.508569061756, 0.444623678923, 0.330195397139, 0.181639716029, 0.100865721703, 0.0497429743409, 0.0241854637861, 0.0130776725709, 0.00795023236424, 0.0043886709027, 0.00215732678771, 0.00107596698217, 0.000503625429701, 0.000210491634789, 7.48037200538e-05, 1.78939644684e-05, 1.55897141667e-05, 3.08807102556e-05], "dvar": [0.792035400867, 29.9220294952, 58.5878601074, 146.818023682, 403.769866943, 429.741943359, 107.531906128, 580.983642578, 277.379669189, 727.443908691, 654.231933594, 165.827972412, 232.044387817, 892.644287109, 252.079681396, 235.22102356, 87.1839904785, 221.688705444, 80.7788314819, 33.7802581787, 512.21282959, 44.2593650818, 16.2936058044, 19.0156536102, 70.1395568848, 26.6633434296, 192.116714478, 30.1716899872, 4.20082807541, 1.98521673679, 9.8183555603, 6.29716539383, 0.512769043446, 0.0601632148027, 0.0403749831021, 0.000484922318719, 1.60430536198e-05, 4.82459608975e-06, 1.27896512936e-07, 1.05264241768e-09]}, "silence_rate_30dB": {"dvar2": 0.0905793607235, "var": 0.0942773148417, "min": 0, "dmean": 0.0437727980316, "mean": 0.894620299339, "max": 1, "dmean2": 0.087557002902, "median": 1, "dvar": 0.0418596304953}, "melbands_spread": {"dvar2": 27.4544353485, "var": 79.1000366211, "min": 0.145765677094, "dmean": 1.73857796192, "mean": 7.14720630646, "max": 129.853927612, "dmean2": 2.63359379768, "median": 5.23668575287, "dvar": 14.1594057083}, "melbands_crest": {"dvar2": 14.6462669373, "var": 33.1144866943, "min": 2.0105381012, "dmean": 2.53536057472, "mean": 17.7501583099, "max": 34.8065910339, "dmean2": 3.95632386208, "median": 17.1685466766, "dvar": 6.04221916199}, "zerocrossingrate": {"dvar2": 7.70077094785e-05, "var": 0.000334210606525, "min": 0.001953125, "dmean": 0.00336905149743, "mean": 0.0199222192168, "max": 0.50390625, "dmean2": 0.00423840852454, "median": 0.0166015625, "dvar": 6.4994332206e-05}, "barkbands_kurtosis": {"dvar2": 885.042663574, "var": 1467.7376709, "min": -1.93027484417, "dmean": 6.66042661667, "mean": 15.2485723495, "max": 1774.21557617, "dmean2": 10.1441345215, "median": 7.93454933167, "dvar": 564.673156738}, "spectral_flux": {"dvar2": 0.00382619467564, "var": 0.0034479717724, "min": 1.01679380193e-10, "dmean": 0.0255888476968, "mean": 0.063479475677, "max": 0.492533057928, "dmean2": 0.0420583970845, "median": 0.048389621079, "dvar": 0.00151670235209}, "barkbands_crest": {"dvar2": 11.8084831238, "var": 23.9757232666, "min": 3.10845518112, "dmean": 2.24385166168, "mean": 13.6317148209, "max": 26.4703273773, "dmean2": 3.56914591789, "median": 12.873298645, "dvar": 4.853515625}, "barkbands_flatness_db": {"dvar2": 0.00128991960082, "var": 0.00883692130446, "min": 0.0449128337204, "dmean": 0.0239641983062, "mean": 0.28525146842, "max": 0.646446824074, "dmean2": 0.0345473513007, "median": 0.27312374115, "dvar": 0.000643379229587}, "spectral_entropy": {"dvar2": 0.0908006504178, "var": 0.412452548742, "min": 4.24350881577, "dmean": 0.181975290179, "mean": 6.30705213547, "max": 9.79500102997, "dmean2": 0.25238353014, "median": 6.33024978638, "dvar": 0.0507951304317}, "pitch_salience": {"dvar2": 0.00959473568946, "var": 0.0178402476013, "min": 0.0342636741698, "dmean": 0.0634011253715, "mean": 0.472604036331, "max": 0.900828003883, "dmean2": 0.102298818529, "median": 0.488867670298, "dvar": 0.00383767066523}, "erbbands_spread": {"dvar2": 64.8335723877, "var": 156.595977783, "min": 0.851050913334, "dmean": 4.3762345314, "mean": 24.6744098663, "max": 112.085037231, "dmean2": 6.37212705612, "median": 22.710641861, "dvar": 32.0460357666}, "dynamic_complexity": 5.17349052429, "spectral_contrast_valleys": {"dvar2": [0.272788673639, 0.23555059731, 0.214108645916, 0.205006927252, 0.239024788141, 0.203789368272], "var": [2.0853972435, 1.22000944614, 1.36210608482, 1.45440983772, 1.85652315617, 1.37264442444], "min": [-26.9891223907, -27.1080684662, -27.8488082886, -27.488779068, -27.5400543213, -27.249130249], "dmean": [0.359492450953, 0.313517779112, 0.28762793541, 0.278799176216, 0.273627281189, 0.283760666847], "mean": [-7.204890728, -7.30379486084, -8.30993461609, -9.19517993927, -9.60852336884, -12.6967525482], "max": [-4.77207231522, -4.75510787964, -5.80755662918, -6.10384130478, -6.0065946579, -8.13035869598], "dmean2": [0.570231616497, 0.492373168468, 0.455622762442, 0.420319229364, 0.37659355998, 0.361120432615], "median": [-6.77099609375, -7.09146547318, -8.08098983765, -9.01567268372, -9.36814022064, -12.7282829285], "dvar": [0.152729228139, 0.131749421358, 0.129926905036, 0.133327841759, 0.167207062244, 0.15607342124]}, "hfc": {"dvar2": 51.1702041626, "var": 137.272094727, "min": 1.11610897717e-16, "dmean": 2.23038601875, "mean": 9.38472652435, "max": 224.186126709, "dmean2": 3.26106214523, "median": 6.14969682693, "dvar": 25.6085319519}, "spectral_kurtosis": {"dvar2": 551.410644531, "var": 1486.26391602, "min": -1.19498050213, "dmean": 10.8490753174, "mean": 29.5289916992, "max": 286.631530762, "dmean2": 17.8188247681, "median": 15.7399921417, "dvar": 227.317489624}, "mfcc": {"mean": [-772.233337402, 204.887435913, 10.7755031586, 29.5373001099, 7.8429851532, 5.84428787231, 4.35917758942, 1.10035586357, -4.29945659637, -2.29810070992, -5.141664505, -2.30770516396, -0.88141977787], "cov": [[10481.25, -140.610900879, -1965.87597656, 712.743652344, -503.791046143, 40.7541885376, -13.6269798279, 71.8086776733, 83.0250396729, 253.92855835, -164.401031494, 4.81529140472, 10.3823785782], [-140.610900879, 1858.76171875, 62.9118843079, -50.1135025024, 216.318344116, 96.2346496582, 149.360977173, 22.5383090973, 112.567489624, 184.307647705, 96.6439285278, -16.3391513824, 76.3471832275], [-1965.87597656, 62.9118843079, 1236.25036621, -54.4784507751, 157.727508545, 198.484024048, 128.962966919, 129.437667847, 171.339645386, 121.252510071, 114.752761841, 94.6032485962, 75.1109924316], [712.743652344, -50.1135025024, -54.4784507751, 439.668151855, 80.6344299316, 62.5457000732, 110.156143188, 102.736305237, 85.2464523315, 130.851135254, 73.9286727905, 34.2053260803, 54.7547225952], [-503.791046143, 216.318344116, 157.727508545, 80.6344299316, 280.430450439, 105.773658752, 89.708190918, 72.1514358521, 62.4933662415, 80.9621276855, 67.8487319946, 5.61913013458, 34.3578224182], [40.7541885376, 96.2346496582, 198.484024048, 62.5457000732, 105.773658752, 197.410446167, 93.4622802734, 67.8522033691, 82.3322219849, 76.3037414551, 42.4027900696, 37.0231361389, 36.9426383972], [-13.6269798279, 149.360977173, 128.962966919, 110.156143188, 89.708190918, 93.4622802734, 174.542480469, 101.697540283, 67.869468689, 91.7877426147, 62.5248260498, 9.2999124527, 24.3498439789], [71.8086776733, 22.5383090973, 129.437667847, 102.736305237, 72.1514358521, 67.8522033691, 101.697540283, 183.722625732, 102.118896484, 70.5820846558, 47.707233429, 19.188129425, 25.0358524323], [83.0250396729, 112.567489624, 171.339645386, 85.2464523315, 62.4933662415, 82.3322219849, 67.869468689, 102.118896484, 166.710449219, 111.358978271, 35.8208503723, 38.3665657043, 44.8282089233], [253.92855835, 184.307647705, 121.252510071, 130.851135254, 80.9621276855, 76.3037414551, 91.7877426147, 70.5820846558, 111.358978271, 208.615280151, 88.548614502, 14.9777650833, 36.2305488586], [-164.401031494, 96.6439285278, 114.752761841, 73.9286727905, 67.8487319946, 42.4027900696, 62.5248260498, 47.707233429, 35.8208503723, 88.548614502, 152.080825806, 21.5820198059, 8.51028633118], [4.81529140472, -16.3391513824, 94.6032485962, 34.2053260803, 5.61913013458, 37.0231361389, 9.2999124527, 19.188129425, 38.3665657043, 14.9777650833, 21.5820198059, 113.711647034, 40.79504776], [10.3823785782, 76.3471832275, 75.1109924316, 54.7547225952, 34.3578224182, 36.9426383972, 24.3498439789, 25.0358524323, 44.8282089233, 36.2305488586, 8.51028633118, 40.79504776, 112.70916748]], "icov": [[0.000237735323026, -2.03227227757e-05, 0.000418128998717, -0.000245427334448, 0.000558818923309, -0.000543410773389, 0.00019409932429, -0.000258790503722, 2.62671765086e-05, -0.000506330339704, 0.000280730688246, -0.000115686030767, 2.87550919893e-05], [-2.03227227757e-05, 0.000748041493353, 0.000146246165968, 0.000545833550859, -0.000508220109623, 0.000205759177334, -0.000744682096411, 0.000570752832573, -0.000496246037073, -0.00036883354187, -0.00024355314963, 0.000178234622581, -0.000476069399156], [0.000418128998717, 0.000146246165968, 0.00199018907733, 0.000368551263819, 0.000683477031998, -0.00149651104584, -0.00013167540601, -0.000458006077679, -0.000837253232021, -0.000899763545021, -0.000177054505912, -0.000659339420963, -0.000356319447747], [-0.000245427334448, 0.000545833550859, 0.000368551263819, 0.004153131973, -0.00111042452045, 0.000770660932176, -0.00176937144715, -0.000305737863528, -0.000394048634917, -0.00110813113861, -0.000916856515687, -0.000550017866772, -0.00129303883296], [0.000558818923309, -0.000508220109623, 0.000683477031998, -0.00111042452045, 0.0067226504907, -0.00323638203554, 0.000325392582454, -0.00141358375549, 0.00049656414194, -0.00108856579755, -0.000409832136938, 0.000829793745652, -0.000485043943627], [-0.000543410773389, 0.000205759177334, -0.00149651104584, 0.000770660932176, -0.00323638203554, 0.0102034276351, -0.00370309106074, 0.00137313117739, -0.00202468875796, 0.000808973563835, -6.16552206338e-05, -0.00133009359706, -0.000297889841022], [0.00019409932429, -0.000744682096411, -0.00013167540601, -0.00176937144715, 0.000325392582454, -0.00370309106074, 0.0127743147314, -0.00525644468144, 0.00244096410461, -0.00222908053547, -0.000511849997565, 0.000988203915767, 0.00038292343379], [-0.000258790503722, 0.000570752832573, -0.000458006077679, -0.000305737863528, -0.00141358375549, 0.00137313117739, -0.00525644468144, 0.0118613597006, -0.0066025974229, 0.00274164648727, -0.00161440845113, 0.000726915895939, 0.000176241839654], [2.62671765086e-05, -0.000496246037073, -0.000837253232021, -0.000394048634917, 0.00049656414194, -0.00202468875796, 0.00244096410461, -0.0066025974229, 0.0157638993114, -0.00651692925021, 0.00305424141698, -0.00238694716245, -0.00100696389563], [-0.000506330339704, -0.00036883354187, -0.000899763545021, -0.00110813113861, -0.00108856579755, 0.000808973563835, -0.00222908053547, 0.00274164648727, -0.00651692925021, 0.012611602433, -0.0048713744618, 0.00220925128087, -0.000520148023497], [0.000280730688246, -0.00024355314963, -0.000177054505912, -0.000916856515687, -0.000409832136938, -6.16552206338e-05, -0.000511849997565, -0.00161440845113, 0.00305424141698, -0.0048713744618, 0.010882913135, -0.00232969247736, 0.00168948725332], [-0.000115686030767, 0.000178234622581, -0.000659339420963, -0.000550017866772, 0.000829793745652, -0.00133009359706, 0.000988203915767, 0.000726915895939, -0.00238694716245, 0.00220925128087, -0.00232969247736, 0.0119401775301, -0.00350206485018], [2.87550919893e-05, -0.000476069399156, -0.000356319447747, -0.00129303883296, -0.000485043943627, -0.000297889841022, 0.00038292343379, 0.000176241839654, -0.00100696389563, -0.000520148023497, 0.00168948725332, -0.00350206485018, 0.0118891783059]]}, "silence_rate_20dB": {"dvar2": 0.00156238710042, "var": 0.000260459841229, "min": 0, "dmean": 0.000521104724612, "mean": 0.999739468098, "max": 1, "dmean2": 0.0010423453059, "median": 1, "dvar": 0.000520822184626}, "melbands_kurtosis": {"dvar2": 376.910980225, "var": 585.230407715, "min": -1.90103888512, "dmean": 7.69143342972, "mean": 21.6076030731, "max": 459.139312744, "dmean2": 11.7635030746, "median": 13.9982852936, "dvar": 181.029022217}, "barkbands_spread": {"dvar2": 15.270898819, "var": 40.6507492065, "min": 0.0628465861082, "dmean": 1.5648086071, "mean": 6.56621789932, "max": 56.9603004456, "dmean2": 2.36124658585, "median": 5.00761270523, "dvar": 6.74028682709}, "erbbands_skewness": {"dvar2": 0.232929423451, "var": 0.75370657444, "min": -9.90072441101, "dmean": 0.304632008076, "mean": 0.921698689461, "max": 5.86851644516, "dmean2": 0.455844432116, "median": 0.896078228951, "dvar": 0.112650893629}, "average_loudness": 0.66420674324, "spectral_centroid": {"dvar2": 53174.6054688, "var": 155473.484375, "min": 74.4792327881, "dmean": 78.9491729736, "mean": 503.867614746, "max": 10703.3574219, "dmean2": 118.224830627, "median": 424.804168701, "dvar": 34262.109375}, "dissonance": {"dvar2": 0.00156849250197, "var": 0.00195902073756, "min": 0.211265668273, "dmean": 0.0273801572621, "mean": 0.42041054368, "max": 0.499999880791, "dmean2": 0.0454448573291, "median": 0.427444070578, "dvar": 0.000589166709688}, "erbbands_flatness_db": {"dvar2": 0.000644493033178, "var": 0.00322640361264, "min": 0.0647568404675, "dmean": 0.0169889684767, "mean": 0.238512039185, "max": 0.412484675646, "dmean2": 0.022187165916, "median": 0.235068783164, "dvar": 0.000391924055293}, "spectral_strongpeak": {"dvar2": 0.646410286427, "var": 0.624024689198, "min": 0, "dmean": 0.241839200258, "mean": 0.618789732456, "max": 15.3133230209, "dmean2": 0.409654021263, "median": 0.42638400197, "dvar": 0.256612986326}, "spectral_rms": {"dvar2": 3.67937423107e-06, "var": 1.22418314277e-05, "min": 3.17593022194e-12, "dmean": 0.000866115151439, "mean": 0.00548318261281, "max": 0.0196067988873, "dmean2": 0.00130879180506, "median": 0.00515545904636, "dvar": 1.65496749105e-06}, "silence_rate_60dB": {"dvar2": 0.038870561868, "var": 0.126541122794, "min": 0, "dmean": 0.0177175607532, "mean": 0.148625761271, "max": 1, "dmean2": 0.0354397408664, "median": 0, "dvar": 0.0174031257629}, "melbands": {"dvar2": [0.000130356784211, 5.24456045241e-05, 9.46513137023e-06, 6.12042549619e-06, 3.24530191165e-07, 5.16089357916e-07, 1.33435463567e-07, 1.39347804406e-07, 1.35438710913e-07, 1.55478101505e-08, 1.25001626827e-08, 2.80280740839e-08, 8.90840290424e-09, 1.2844016517e-08, 8.43907221881e-10, 1.87196103063e-09, 1.72528302755e-09, 4.93083796016e-10, 2.52937171208e-10, 2.29002858343e-10, 2.24510809943e-09, 1.32745939241e-10, 6.66443220054e-11, 3.77375942995e-11, 2.96600348448e-11, 2.06204896908e-11, 3.85140114245e-10, 6.87782469866e-12, 1.12973116972e-10, 2.45713560609e-10, 1.92619704908e-11, 5.64769845474e-12, 1.97685552823e-12, 1.26055361895e-12, 2.79336037808e-12, 3.51102341645e-11, 4.60068181468e-13, 3.59360409269e-13, 2.36658782848e-13, 3.78667807017e-14], "var": [0.0001248196495, 5.12325605087e-05, 7.62288527767e-06, 6.77239268043e-06, 5.10284792199e-07, 1.74257615981e-06, 2.8947030728e-07, 4.24204785077e-07, 1.03592725509e-07, 2.69955808818e-08, 2.91685218201e-08, 6.03409162636e-08, 1.80042416531e-08, 6.94188102557e-08, 5.68269042933e-10, 1.34610533831e-09, 1.59219981644e-09, 4.87982654285e-10, 2.33339347844e-10, 2.26354060495e-10, 9.65231894412e-10, 1.10792056085e-10, 6.03145380862e-11, 1.05585699905e-10, 1.01857841606e-10, 2.73102547521e-11, 1.55096352428e-10, 6.59509079293e-12, 6.09927316986e-11, 1.90843743586e-10, 1.01400441863e-11, 4.17985264456e-12, 1.02148920832e-12, 9.72962595908e-13, 3.29391939072e-12, 2.8750822903e-11, 1.13841141375e-12, 7.18041132195e-13, 5.77219153551e-13, 1.12281948875e-13], "min": [1.34566121745e-24, 1.23843794159e-23, 1.18378060936e-23, 4.95222106065e-24, 2.56280397723e-24, 2.29046592135e-24, 6.8871548662e-24, 1.00382108427e-23, 1.00360895958e-23, 5.56077518421e-24, 7.42596974143e-24, 9.74446822948e-24, 8.51269821357e-24, 7.97066873015e-24, 1.10700385402e-23, 9.83582542205e-24, 9.89456716049e-24, 1.10050790001e-23, 7.56751110935e-24, 5.43941169496e-24, 8.44861509794e-24, 1.8097466286e-23, 1.77655262388e-23, 7.76581654143e-24, 7.47942926725e-24, 6.38262230818e-24, 9.73929566852e-24, 8.70695994465e-24, 5.74576819408e-24, 6.90401834577e-24, 6.36339185147e-24, 6.97299634332e-24, 8.04923375429e-24, 8.59492276345e-24, 1.23038351397e-23, 7.65400024128e-24, 8.76957025698e-24, 8.97979616619e-24, 8.35806569893e-24, 7.96327000372e-24], "dmean": [0.0029225863982, 0.00206706859171, 0.000807815522421, 0.000563519133721, 0.000184156466275, 0.000209882899071, 9.17556171771e-05, 7.08499865141e-05, 4.19348070864e-05, 2.66106217168e-05, 2.72443066933e-05, 3.16703044518e-05, 1.79710223165e-05, 2.22309172386e-05, 5.66565950066e-06, 7.45998841012e-06, 7.27144106349e-06, 4.28964767707e-06, 3.15541387863e-06, 2.90436491923e-06, 3.95398410546e-06, 1.51261417614e-06, 1.19405126497e-06, 1.42831652283e-06, 1.06576385406e-06, 8.72208033798e-07, 1.15198599815e-06, 4.11444403881e-07, 8.26859093195e-07, 1.28345288886e-06, 3.55098819682e-07, 1.96070644165e-07, 1.3804435639e-07, 1.10685689947e-07, 1.28473175209e-07, 2.10713480442e-07, 5.4188049603e-08, 5.57839712201e-08, 4.14871657028e-08, 1.87190209999e-08], "mean": [0.00548912538216, 0.00493678683415, 0.00169040239416, 0.00124789658003, 0.000540980021469, 0.000706371502019, 0.000293201970635, 0.000210474870983, 9.86721133813e-05, 7.49248065404e-05, 7.59583053878e-05, 7.67362143961e-05, 4.79924528918e-05, 6.26088658464e-05, 1.05581029857e-05, 1.49153665916e-05, 1.54147692228e-05, 8.52230641613e-06, 6.20463333689e-06, 5.65872824154e-06, 6.50780748401e-06, 3.05335697703e-06, 2.33192395171e-06, 3.04824675368e-06, 2.37858102992e-06, 1.67120106198e-06, 1.68680412571e-06, 7.33118667995e-07, 1.12675627406e-06, 1.82034136742e-06, 4.84043368942e-07, 3.00675623066e-07, 1.82961912287e-07, 1.60382882086e-07, 1.86190561635e-07, 2.93440649557e-07, 9.84954695582e-08, 9.03362575855e-08, 7.18335471106e-08, 3.31170717516e-08], "max": [0.095764875412, 0.0728199109435, 0.0394592918456, 0.0807913467288, 0.0085624018684, 0.0143104894087, 0.0082279369235, 0.00828878488392, 0.0126004433259, 0.00349031109363, 0.0033316896297, 0.00582520756871, 0.00234678271227, 0.0055866301991, 0.000948887609411, 0.00162894709501, 0.00132983014919, 0.000520032655913, 0.000305550929625, 0.000282730557956, 0.00170593964867, 0.000322750973282, 0.000209810765227, 0.000243434653385, 0.000236211679294, 0.000119297801575, 0.00071858469164, 5.88639559282e-05, 0.000365531304851, 0.00046213506721, 0.000111761335575, 7.5242787716e-05, 3.78947370336e-05, 3.16106998071e-05, 8.44921451062e-05, 0.000328387424815, 4.39896903117e-05, 3.36235752911e-05, 3.07045993395e-05, 1.40227220982e-05], "dmean2": [0.00461401045322, 0.00324183795601, 0.00126938498579, 0.000870882940944, 0.00027937447885