{"tonal": {"thpcp": [1, 0.788631618023, 0.583461165428, 0.605232656002, 0.585639238358, 0.66841006279, 0.727077186108, 0.743054330349, 0.744619071484, 0.675389409065, 0.628572523594, 0.650345385075, 0.677017331123, 0.610626995564, 0.512331724167, 0.436416983604, 0.37904292345, 0.352133750916, 0.344809770584, 0.354282915592, 0.379629045725, 0.407316923141, 0.386144191027, 0.350236952305, 0.330372035503, 0.297294467688, 0.302439272404, 0.393375277519, 0.439437657595, 0.416986823082, 0.422066807747, 0.415597081184, 0.391119152308, 0.404225617647, 0.447407275438, 0.711628615856], "hpcp": {"dmean2": [0.403274059296, 0.40169069171, 0.424189388752, 0.451165735722, 0.418481051922, 0.390270382166, 0.408491760492, 0.419814586639, 0.370722681284, 0.319848895073, 0.279878348112, 0.24068634212, 0.228837743402, 0.220374256372, 0.220000460744, 0.230994656682, 0.240461021662, 0.235668957233, 0.208581626415, 0.198163166642, 0.184744864702, 0.197707235813, 0.247889876366, 0.263398855925, 0.269052118063, 0.293518066406, 0.288821339607, 0.26738601923, 0.27239254117, 0.298882037401, 0.352156549692, 0.429431825876, 0.403755128384, 0.357981383801, 0.387603461742, 0.382334679365], "median": [0.0544269308448, 0.0731174051762, 0.0844389721751, 0.07096375525, 0.0579553432763, 0.0548788383603, 0.0607974343002, 0.0614577047527, 0.0622792951763, 0.0479164682329, 0.0366683714092, 0.0291118770838, 0.0263988841325, 0.0277777109295, 0.031261458993, 0.0357807427645, 0.0410230197012, 0.0412124693394, 0.0396172255278, 0.0343207791448, 0.0307374633849, 0.0315259844065, 0.0396421328187, 0.0428385287523, 0.035583473742, 0.0320526845753, 0.0323675572872, 0.030659398064, 0.0295249260962, 0.0333727225661, 0.0820945352316, 0.102415017784, 0.0875245928764, 0.0510959066451, 0.0491521768272, 0.0524431876838], "min": [3.35306249326e-05, 6.44505926175e-05, 5.3745945479e-05, 3.1675590435e-05, 2.75986949418e-05, 5.07529293827e-05, 8.27070107334e-05, 7.26836951799e-05, 6.18960548309e-05, 5.63805660931e-05, 8.77957645571e-05, 6.65550105623e-05, 5.27297779627e-05, 4.80019334645e-05, 2.0664961994e-05, 1.48880926645e-05, 1.64255070558e-05, 1.48028120748e-05, 4.37163107563e-05, 1.55164289026e-05, 8.18477274152e-05, 1.14535523608e-05, 9.61588830251e-06, 3.63383915101e-05, 2.87730090349e-05, 2.14909705392e-05, 2.67677405645e-05, 2.29488287005e-05, 3.28656678903e-05, 3.43031715602e-05, 7.07906438038e-05, 7.04482663423e-05, 7.27923979866e-05, 4.98692243127e-05, 4.62684729428e-05, 4.83959483972e-05], "dvar2": [0.199441730976, 0.177845463157, 0.192897707224, 0.224336192012, 0.204714134336, 0.185724228621, 0.202658414841, 0.211109861732, 0.177421614528, 0.155062377453, 0.139757677913, 0.116286940873, 0.115059502423, 0.100716277957, 0.101355746388, 0.103477336466, 0.103739358485, 0.108995527029, 0.0905234590173, 0.0823733210564, 0.0731655210257, 0.0785129964352, 0.105446472764, 0.115983732045, 0.128655746579, 0.150762826204, 0.152138501406, 0.138514697552, 0.145789280534, 0.158816412091, 0.159579217434, 0.204974487424, 0.190512940288, 0.181635454297, 0.207145258784, 0.196623161435], "dvar": [0.0772242844105, 0.0712741836905, 0.0723942071199, 0.0853809416294, 0.0773170366883, 0.0703928247094, 0.0753869116306, 0.0798428058624, 0.0660142824054, 0.0567962154746, 0.0509194806218, 0.0435031838715, 0.0424410142004, 0.0371447503567, 0.0371788144112, 0.0384894683957, 0.0395745113492, 0.0400073379278, 0.0328665785491, 0.0304796118289, 0.0266844630241, 0.0283513218164, 0.0391729697585, 0.0434220768511, 0.0480805262923, 0.0560385175049, 0.0558952055871, 0.0505572296679, 0.053248912096, 0.0585993640125, 0.0617785900831, 0.0827705040574, 0.0701198130846, 0.0681514292955, 0.0773089304566, 0.0716818198562], "dmean": [0.225462675095, 0.228923097253, 0.239292025566, 0.251013785601, 0.233510270715, 0.21859318018, 0.228183507919, 0.233131796122, 0.20711889863, 0.178215399384, 0.156341046095, 0.134913578629, 0.127730578184, 0.122946642339, 0.123224101961, 0.130340918899, 0.136371865869, 0.131865590811, 0.117868743837, 0.11201801151, 0.103629052639, 0.109931848943, 0.138455823064, 0.14851218462, 0.149905860424, 0.161924168468, 0.159428775311, 0.147686332464, 0.150702387094, 0.164315149188, 0.201683014631, 0.245362222195, 0.228336855769, 0.200977995992, 0.214817985892, 0.211979731917], "max": [1, 1, 1, 1, 1, 1, 1, 1, 1, 1, 1, 1, 1, 1, 1, 1, 1, 1, 1, 1, 1, 1, 1, 1, 1, 1, 1, 1, 1, 1, 1, 1, 1, 1, 1, 1], "var": [0.0835862904787, 0.0848476365209, 0.0810379236937, 0.0913677960634, 0.080374956131, 0.0712728053331, 0.0751957520843, 0.0815979018807, 0.0670987963676, 0.0538879595697, 0.0453854687512, 0.0386828668416, 0.0354426689446, 0.032136823982, 0.0325395390391, 0.034938570112, 0.0378367193043, 0.0354734510183, 0.0297112222761, 0.0286447051913, 0.023743417114, 0.0233034249395, 0.0354624576867, 0.0425351448357, 0.0434904582798, 0.0473930127919, 0.0461487919092, 0.0420761667192, 0.046008374542, 0.0516636259854, 0.0731431618333, 0.128323554993, 0.084248252213, 0.0682242810726, 0.0745821893215, 0.0663335099816], "mean": [0.200818568468, 0.218444645405, 0.223244845867, 0.223714962602, 0.20291544497, 0.188849687576, 0.19539116323, 0.203404545784, 0.183458089828, 0.153926044703, 0.131118059158, 0.113880470395, 0.105795823038, 0.103595390916, 0.106441527605, 0.114056572318, 0.122375175357, 0.116013996303, 0.105225943029, 0.0992576852441, 0.0893197879195, 0.0908655077219, 0.11818651855, 0.13202559948, 0.125280424953, 0.126806661487, 0.124862886965, 0.117508679628, 0.121446415782, 0.134420007467, 0.213803231716, 0.300442159176, 0.23693819344, 0.175296336412, 0.181837409735, 0.175950720906]}, "tuning_equal_tempered_deviation": 0.316025197506, "chords_changes_rate": 0.127949357033, "key_key": "C", "tuning_diatonic_strength": 0.487870514393, "key_scale": "major", "chords_number_rate": 0.00249376567081, "tuning_frequency": 448.985931396, "tuning_nontempered_energy_ratio": 0.916461586952, "chords_histogram": [2.72395944595, 4.64224052429, 53.4241333008, 3.05006718636, 1.30443120003, 0.537118732929, 0.863226532936, 0.345290631056, 1.47707653046, 5.73566102982, 0.23019374907, 0, 0.556301534176, 0.402839064598, 0, 0.556301534176, 3.68309998512, 6.80989837646, 1.30443120003, 6.73316717148, 0.0767312496901, 0.997506260872, 2.3786687851, 2.16765785217], "key_strength": 0.329413920641, "chords_key": "G", "chords_strength": {"dmean2": 0.024709880352, "median": 0.45870295167, "min": 0.191823914647, "dvar2": 0.00039360387018, "dvar": 0.000226215837756, "dmean": 0.0188523922116, "max": 0.767536103725, "var": 0.00928275752813, "mean": 0.460848927498}, "chords_scale": "major", "hpcp_entropy": {"dmean2": 1.29074442387, "median": 2.73293948174, "min": 0.0413329675794, "dvar2": 1.00987315178, "dvar": 0.389978200197, "dmean": 0.781559765339, "max": 4.60268592834, "var": 0.796575248241, "mean": 2.63892674446}}, "metadata": {"audio_properties": {"equal_loudness": 0, "codec": "mp3", "downmix": "mix", "sample_rate": 44100, "analysis_sample_rate": 44100, "bit_rate": 320000, "md5_encoded": "5561882d74c992e16500f076ff4bc762", "length": 242.024490356, "replay_gain": -9.18462562561, "lossless": false}, "version": {"essentia_build_sha": "70f2e5ece6736b2c40cc944ad0e695b16b925413", "essentia": "2.1-beta2", "extractor": "music 1.0", "essentia_git_sha": "v2.1_beta2"}, "tags": {"title": ["What Right Does the US Have to Intervene?"], "originalfilename": ["4029053_070.mp3"], "albumartist": ["Noam Chomsky"], "isrc": ["US25T0523829"], "musicbrainz_recordingid": ["15d013b2-971b-4ef5-9e4a-9961573e91e4"], "musicbrainz_albumartistid": ["7d83b9be-b7a4-40f3-b682-a83934a0e8ab"], "discnumber": ["1/1"], "album": ["An American Addiction"], "catalognumber": ["AKA 021CD/VIRUS 271CD"], "musicbrainz album type": ["other/spokenword"], "owner": ["MusicNet"], "musicbrainz album status": ["official"], "file_name": "13. Noam Chomsky - What Right Does the US Have to Intervene_.mp3", "genre": ["Speech"], "musicbrainz_releasegroupid": ["0ff6133a-01da-3632-aaa6-43ba44142f02"], "script": ["Latn"], "asin": ["1902593448"], "musicbrainz_albumid": ["b3805167-18c3-49f4-abf8-c1ce27d5932c"], "copyright": ["Copyright 2001 AK Press"], "tracknumber": ["13/18"], "encodedby": ["MusicNet, Inc."], "artistsort": ["Chomsky, Noam"], "artist": ["Noam Chomsky"], "label": ["AK Press Audio/Alternative Tentacles"], "albumartistsort": ["Chomsky, Noam"], "musicbrainz_artistid": ["7d83b9be-b7a4-40f3-b682-a83934a0e8ab"]}}, "rhythm": {"bpm_histogram_first_peak_bpm": {"dmean2": 0, "median": 140, "min": 140, "dvar2": 0, "dvar": 0, "dmean": 0, "max": 140, "var": 0, "mean": 140}, "bpm": 140.253128052, "bpm_histogram_second_peak_spread": {"dmean2": 0, "median": 0.560606062412, "min": 0.560606062412, "dvar2": 0, "dvar": 0, "dmean": 0, "max": 0.560606062412, "var": 0, "mean": 0.560606062412}, "bpm_histogram_first_peak_weight": {"dmean2": 0, "median": 0.0778688490391, "min": 0.0778688490391, "dvar2": 0, "dvar": 0, "dmean": 0, "max": 0.0778688490391, "var": 0, "mean": 0.0778688490391}, "onset_rate": 4.61897945404, "beats_position": [0.46439909935, 0.9287981987, 1.40480720997, 1.88081634045, 2.35682535172, 2.8444442749, 3.32045340538, 3.78485250473, 4.2492518425, 4.60916090012, 4.96907043457, 5.31736946106, 5.67727899551, 6.025578022, 6.38548755646, 6.73378658295, 7.08208608627, 7.41877555847, 7.75546455383, 8.09215450287, 8.44045352936, 8.80036258698, 9.16027164459, 9.52018165588, 9.89170074463, 10.2748298645, 10.71600914, 11.1455783844, 11.5751476288, 12.0047159195, 12.4342851639, 12.8754644394, 13.3050336838, 13.722992897, 14.1409521103, 14.5589113235, 14.9536504745, 15.3483896255, 15.7431287766, 16.1378688812, 16.4977779388, 16.8576869965, 17.2292060852, 17.5891151428, 17.9606342316, 18.3205432892, 18.6920623779, 19.0635814667, 19.458322525, 19.8414516449, 20.2129707336, 20.5844898224, 20.9676189423, 21.339138031, 21.7222671509, 22.1053962708, 22.4885253906, 22.8716545105, 23.2663936615, 23.6611328125, 24.1603622437, 24.6479816437, 25.1356010437, 25.6348285675, 26.1224479675, 26.6100673676, 27.1673469543, 27.7130146027, 28.3747844696, 29.0481624603, 29.7679805756, 30.4878005981, 31.2076187134, 31.9390468597, 32.6820869446, 33.3670730591, 34.028842926, 34.6790008545, 35.329158783, 35.8980484009, 36.4785499573, 37.059047699, 37.6627655029, 38.2664833069, 38.8818130493, 39.4971427917, 40.124080658, 40.7510185242, 41.3663482666, 41.9468460083, 42.5157356262, 43.0962333679, 43.6651229858, 44.2340126038, 44.8029022217, 45.3717918396, 45.9522895813, 46.5211791992, 47.1016769409, 47.6125144958, 48.1233558655, 48.6225852966, 49.0869827271, 49.5397720337, 49.9925613403, 50.4569587708, 50.9097480774, 51.362537384, 51.8037185669, 52.2448959351, 52.6860771179, 53.1272544861, 53.5684356689, 54.0212249756, 54.4391822815, 54.8687515259, 55.3099327087, 55.7627182007, 56.2155075073, 56.7495689392, 57.2836265564, 57.8176841736, 58.3517456055, 58.8858032227, 59.4198646545, 59.9539222717, 60.4879798889, 61.0220413208, 61.5677070618, 62.1133766174, 62.7054862976, 63.2975959778, 63.8780937195, 64.4237594604, 64.9694290161, 65.5615386963, 66.1536483765, 66.7225418091, 67.3030395508, 67.895149231, 68.4756469727, 69.0445327759, 69.6134262085, 70.1707000732, 70.7395935059, 71.3084793091, 71.9005889893, 72.4926986694, 73.0151443481, 73.5375976562, 74.060043335, 74.5824966431, 75.1165542603, 75.638999939, 76.1614532471, 76.6722869873, 77.1947402954, 77.7171859741, 78.2396392822, 78.831741333, 79.4122467041, 79.9811325073, 80.5500183105, 81.1189117432, 81.6761856079, 82.2218551636, 82.7791366577, 83.3828582764, 83.9865722656, 84.6019058228, 85.205619812, 85.8093414307, 86.4246673584, 87.0400009155, 87.6437149048, 88.235824585, 88.8279342651, 89.4200439453, 90.0121536255, 90.6042633057, 91.1963729858, 91.8000869751, 92.4038085938, 92.9959182739, 93.5764160156, 94.1569137573, 94.7490234375, 95.3063049316, 95.8635787964, 96.4092483521, 96.9549179077, 97.5238113403, 98.0694732666, 98.5919265747, 99.1143722534, 99.6484298706, 100.194099426, 100.728164673, 101.250610352, 101.784667969, 102.307121277, 102.817955017, 103.328796387, 103.839637756, 104.350471497, 104.872924805, 105.395370483, 105.894599915, 106.417053223, 106.939498901, 107.485168457, 108.019226074, 108.518455505, 109.017684937, 109.528526306, 110.050971985, 110.573425293, 111.095870972, 111.606712341, 112.117546082, 112.651611328, 113.266937256, 113.870658875, 114.497596741, 115.112922668, 115.728248596, 116.343582153, 116.935691833, 117.539405823, 118.143127441, 118.74684906, 119.373786926, 119.989112854, 120.53478241, 121.092063904, 121.649337769, 122.253059387, 122.845169067, 123.425666809, 124.006164551, 124.575057983, 125.178771973, 125.782493591, 126.386207581, 127.001541138, 127.616867065, 128.232192993, 128.847518921, 129.416412354, 129.973693848, 130.530975342, 131.111465454, 131.680358887, 132.249252319, 132.725265503, 133.201263428, 133.677276611, 134.118453979, 134.559631348, 135.000808716, 135.453598022, 135.917999268, 136.394012451, 136.858413696, 137.322814941, 137.798812866, 138.263214111, 138.727615356, 139.192016602, 139.656417847, 140.109207153, 140.550384521, 141.014785767, 141.467575073, 141.908752441, 142.361541748, 142.791107178, 143.220672607, 143.638641357, 144.068206787, 144.497772217, 144.927337646, 145.356918335, 145.774871826, 146.181228638, 146.58757019, 147.005523682, 147.388656616, 147.760177612, 148.12008667, 148.479995728, 148.839904785, 149.188201904, 149.536499023, 149.884811401, 150.302764893, 150.709106445, 151.127075195, 151.545028687, 152.102310181, 152.647979736, 153.193649292, 153.739318848, 154.273376465, 154.807434082, 155.353103638, 155.898773193, 156.444442749, 156.990112305, 157.524169922, 158.058227539, 158.592285156, 159.14956665, 159.683624268, 160.240905762, 160.844619751, 161.459945679, 162.133331299, 162.79510498, 163.445251465, 164.060592651, 164.687530518, 165.291244507, 165.883346558, 166.487075806, 167.090789795, 167.694503784, 168.298233032, 168.890335083, 169.528884888, 170.155822754, 170.78276062, 171.409698486, 172.048248291, 172.675186157, 173.290512085, 173.917449951, 174.521179199, 175.136505127, 175.751831055, 176.355545044, 176.982498169, 177.621032715, 178.25958252, 178.863311768, 179.44380188, 179.94303894, 180.442260742, 180.941497803, 181.440719604, 181.939956665, 182.439178467, 182.950012207, 183.472473145, 184.006530762, 184.52897644, 185.051422119, 185.573867798, 186.119537354, 186.653594971, 187.199264526, 187.733337402, 188.26739502, 188.789840698, 189.312286377, 189.834732056, 190.357177734, 190.89125061, 191.413696289, 191.889694214, 192.365707397, 192.841720581, 193.248062134, 193.654418945, 194.060760498, 194.46711731, 194.873458862, 195.268203735, 195.674560547, 196.092514038, 196.498855591, 196.905212402, 197.299957275, 197.69468689, 198.11265564, 198.507385254, 198.902130127, 199.331695557, 199.761260986, 200.179229736, 200.608795166, 201.096420288, 201.59564209, 202.09487915, 202.536056519, 202.988845825, 203.441635132, 203.8828125, 204.323989868, 204.753555298, 205.171508789, 205.589477539, 206.030654907, 206.460220337, 206.85496521, 207.261306763, 207.656051636, 208.03918457, 208.422302246, 208.817047119, 209.200180054, 209.583312988, 209.978042603, 210.372787476, 210.779129028, 211.173873901, 211.568618774, 211.963348389, 212.358093262, 212.741226196, 213.135955811, 213.530700684, 213.937042236, 214.343399048, 214.749740601, 215.132873535, 215.562438965, 216.003631592, 216.433197021, 216.851150513, 217.269119263, 217.687072754, 218.116638184, 218.534591675, 218.952560425, 219.382125854, 219.800079346, 220.241271973, 220.670837402, 221.088790894, 221.448699951, 221.820220947, 222.191741943, 222.551651001, 222.981216431, 223.399185181, 223.817138672, 224.235092163, 224.653060913, 225.071014404, 225.500579834, 225.930160522, 226.359725952, 226.777679443, 227.207244873, 227.625213623, 228.043167114, 228.461135864, 228.855865479, 229.238998413, 229.633743286, 230.0284729, 230.37677002, 230.725082397, 231.073379517, 231.421676636, 231.781585693, 232.211151123, 232.640716553, 233.081893921, 233.523086548, 233.964263916, 234.393829346, 234.823394775, 235.241363525, 235.670928955, 236.100494385, 236.599716187, 237.087341309, 237.586578369, 238.00453186, 238.422485352, 238.85206604, 239.28163147, 239.699584961, 240.129150391, 240.581939697, 241.011520386, 241.441085815], "beats_loudness": {"dmean2": 0.0418655872345, "median": 0.0120074814186, "min": 1.33410758281e-05, "dvar2": 0.00230115302838, "dvar": 0.000835655082483, "dmean": 0.0235860645771, "max": 0.218169987202, "var": 0.000755535962526, "mean": 0.0209107864648}, "danceability": 1.2279831171, "bpm_histogram_second_peak_weight": {"dmean2": 0, "median": 0.0594262294471, "min": 0.0594262294471, "dvar2": 0, "dvar": 0, "dmean": 0, "max": 0.0594262294471, "var": 0, "mean": 0.0594262294471}, "beats_count": 489, "bpm_histogram_second_peak_bpm": {"dmean2": 0, "median": 115, "min": 115, "dvar2": 0, "dvar": 0, "dmean": 0, "max": 115, "var": 0, "mean": 115}, "bpm_histogram_first_peak_spread": {"dmean2": 0, "median": 0.600000023842, "min": 0.600000023842, "dvar2": 0, "dvar": 0, "dmean": 0, "max": 0.600000023842, "var": 0, "mean": 0.600000023842}, "beats_loudness_band_ratio": {"dmean2": [0.397192329168, 0.441042035818, 0.397157430649, 0.164747402072, 0.120811752975, 0.185158655047], "median": [0.191472306848, 0.362567096949, 0.203969657421, 0.0468662269413, 0.0310162752867, 0.0128194782883], "min": [0.00174842495471, 0.0129584465176, 0.0016084308736, 0.000324881402776, 0.000329642323777, 0.000271638826234], "dvar2": [0.09084674716, 0.0866058692336, 0.0881038084626, 0.0273423865438, 0.0204065833241, 0.115831822157], "dvar": [0.032363794744, 0.0342329926789, 0.0329377837479, 0.0098055517301, 0.00755372736603, 0.0402607247233], "dmean": [0.224230721593, 0.256169229746, 0.230338558555, 0.0913073644042, 0.0674852356315, 0.0968496650457], "max": [0.920580565929, 0.947563707829, 0.886816799641, 0.518201768398, 0.674133598804, 0.90741121769], "var": [0.0404060333967, 0.0521546788514, 0.0440485812724, 0.00902534928173, 0.00634994870052, 0.0237014628947], "mean": [0.250381231308, 0.396405696869, 0.252536326647, 0.0794295966625, 0.0595493093133, 0.0596260763705]}}, "lowlevel": {"barkbands_spread": {"dmean2": 11.6085958481, "median": 10.6991596222, "min": 0.34379696846, "dvar2": 267.522033691, "dvar": 123.388526917, "dmean": 7.41490364075, "max": 119.885414124, "var": 255.924942017, "mean": 16.2180099487}, "melbands_spread": {"dmean2": 17.4218597412, "median": 10.7625169754, "min": 0.477256685495, "dvar2": 937.785461426, "dvar": 527.678283691, "dmean": 11.7562875748, "max": 239.210083008, "var": 1203.12316895, "mean": 22.6757526398}, "hfc": {"dmean2": 5.01042938232, "median": 2.96003460884, "min": 1.21932880917e-16, "dvar2": 83.9014053345, "dvar": 51.8648605347, "dmean": 3.91779708862, "max": 191.847839355, "var": 219.575897217, "mean": 8.31762886047}, "barkbands_kurtosis": {"dmean2": 12.8771448135, "median": 5.45787334442, "min": -1.90060639381, "dvar2": 461.647979736, "dvar": 212.574111938, "dmean": 8.39165592194, "max": 297.724243164, "var": 436.104888916, "mean": 12.2002534866}, "gfcc": {"mean": [-123.049690247, 110.304832458, -116.799133301, 40.0727310181, -68.3362426758, -5.76043891907, -56.1649894714, -6.77217626572, -30.9667835236, -2.83057045937, -8.98619174957, -15.3549785614, -9.18854141235], "icov": [[0.00049164344091, 0.000119474345411, 0.00041838499601, -0.00027925192262, 0.000474719941849, -0.000183268537512, 0.000345218577422, 9.92098503048e-05, -0.000111036431917, 0.000957515032496, -0.00088829518063, 0.00140579743311, -0.000212975763134], [0.000119474345411, 0.00465729739517, -0.00180840631947, 0.00376818771474, -0.00405039126053, 0.00264990725555, -0.00358458934352, 0.00219302508049, -0.00307192537002, 0.00245376629755, -0.00307445949875, 0.00305842235684, -0.00202694186009], [0.00041838499601, -0.00180840631947, 0.00381091563031, -0.00232517323457, 0.0015770776663, -0.00153888389468, 0.00106620159931, 0.000441999844043, 0.00193418434355, -0.000205999298487, 0.00127809890546, -0.00140765367541, 3.35998556693e-05], [-0.00027925192262, 0.00376818771474, -0.00232517323457, 0.00530772795901, -0.00373116647825, 0.00301359267905, -0.00225428794511, 0.00105526461266, -0.00162212911528, 0.000714532099664, -0.000683153455611, 0.00110639061313, -0.00147255067714], [0.000474719941849, -0.00405039126053, 0.0015770776663, -0.00373116647825, 0.00856248755008, -0.00238196225837, 0.00459674559534, -0.000558531319257, 0.00154855137225, -0.000879695115145, 0.00325547624379, -0.000313320459099, 0.000524741539266], [-0.000183268537512, 0.00264990725555, -0.00153888389468, 0.00301359267905, -0.00238196225837, 0.00718364072964, -0.00217088451609, -0.000261137931375, 0.000628728535958, -0.00128728488926, 0.000321876228554, 0.000718450290151, 0.00207300973125], [0.000345218577422, -0.00358458934352, 0.00106620159931, -0.00225428794511, 0.00459674559534, -0.00217088451609, 0.00863820966333, -0.00274326605722, 0.00479506794363, -0.00114938919432, 0.0026959660463, -0.000810625555459, 0.00261087319814], [9.92098503048e-05, 0.00219302508049, 0.000441999844043, 0.00105526461266, -0.000558531319257, -0.000261137931375, -0.00274326605722, 0.00920416694134, -0.00495654949918, 0.00229975720868, 0.000138132585562, -0.000375519448426, -0.000656411924865], [-0.000111036431917, -0.00307192537002, 0.00193418434355, -0.00162212911528, 0.00154855137225, 0.000628728535958, 0.00479506794363, -0.00495654949918, 0.0169805586338, -0.00436683511361, 0.00300395581871, 0.000237203465076, 0.0028694299981], [0.000957515032496, 0.00245376629755, -0.000205999298487, 0.000714532099664, -0.000879695115145, -0.00128728488926, -0.00114938919432, 0.00229975720868, -0.00436683511361, 0.0110305808485, -0.00441854121163, 0.00272453390062, 0.000761745788623], [-0.00088829518063, -0.00307445949875, 0.00127809890546, -0.000683153455611, 0.00325547624379, 0.000321876228554, 0.0026959660463, 0.000138132585562, 0.00300395581871, -0.00441854121163, 0.0133130373433, -0.0031028247904, 0.00254693441093], [0.00140579743311, 0.00305842235684, -0.00140765367541, 0.00110639061313, -0.000313320459099, 0.000718450290151, -0.000810625555459, -0.000375519448426, 0.000237203465076, 0.00272453390062, -0.0031028247904, 0.0143457679078, -0.00299481465481], [-0.000212975763134, -0.00202694186009, 3.35998556693e-05, -0.00147255067714, 0.000524741539266, 0.00207300973125, 0.00261087319814, -0.000656411924865, 0.0028694299981, 0.000761745788623, 0.00254693441093, -0.00299481465481, 0.0191144365817]], "cov": [[6479.62255859, 143.713577271, -1107.57580566, -161.031692505, -298.487487793, -286.192382812, -351.071777344, -33.9578742981, 162.63494873, -297.489227295, 434.215454102, -628.271606445, -5.85542631149], [143.713577271, 1850.76538086, 6.37971782684, -674.657836914, 304.044067383, -318.21182251, 101.979682922, -251.740142822, 64.6458511353, -182.291473389, 168.102233887, -246.377929688, 86.0235137939], [-1107.57580566, 6.37971782684, 626.504516602, 220.837051392, 80.6063842773, 44.1793251038, 61.0665817261, -60.0951843262, -86.7923812866, 9.59021282196, -105.750350952, 137.103759766, 35.0573120117], [-161.031692505, -674.657836914, 220.837051392, 732.15234375, 60.883392334, -25.9341011047, -81.8422012329, 32.7143936157, -30.9315128326, 21.0484886169, -116.579216003, 101.523841858, 31.3677864075], [-298.487487793, 304.044067383, 80.6063842773, 60.883392334, 313.092315674, -62.8309745789, -75.449432373, -66.0297164917, 19.6480712891, -25.353843689, -39.3896064758, -24.2010383606, 39.2392959595], [-286.192382812, -318.21182251, 44.1793251038, -25.9341011047, -62.8309745789, 301.769317627, 63.3124237061, 63.6472015381, -33.3881187439, 81.3129806519, -44.9807701111, 53.7750701904, -60.282749176], [-351.071777344, 101.979682922, 61.0665817261, -81.8422012329, -75.449432373, 63.3124237061, 252.860992432, 31.724149704, -47.9572067261, 2.67940807343, -22.3071918488, 25.7878551483, -23.6490154266], [-33.9578742981, -251.740142822, -60.0951843262, 32.7143936157, -66.0297164917, 63.6472015381, 31.724149704, 187.202423096, 25.7630825043, 10.2359838486, -36.7040748596, 35.9058380127, -21.2012004852], [162.63494873, 64.6458511353, -86.7923812866, -30.9315128326, 19.6480712891, -33.3881187439, -47.9572067261, 25.7630825043, 102.42275238, 14.6127595901, 11.8869371414, -39.0832061768, -6.71139526367], [-297.489227295, -182.291473389, 9.59021282196, 21.0484886169, -25.353843689, 81.3129806519, 2.67940807343, 10.2359838486, 14.6127595901, 165.815292358, 6.12446260452, 25.4516353607, -34.8076972961], [434.215454102, 168.102233887, -105.750350952, -116.579216003, -39.3896064758, -44.9807701111, -22.3071918488, -36.7040748596, 11.8869371414, 6.12446260452, 151.826904297, -50.9245910645, -8.62272357941], [-628.271606445, -246.377929688, 137.103759766, 101.523841858, -24.2010383606, 53.7750701904, 25.7878551483, 35.9058380127, -39.0832061768, 25.4516353607, -50.9245910645, 174.648788452, 5.99841976166], [-5.85542631149, 86.0235137939, 35.0573120117, 31.3677864075, 39.2392959595, -60.282749176, -23.6490154266, -21.2012004852, -6.71139526367, -34.8076972961, -8.62272357941, 5.99841976166, 76.1744995117]]}, "spectral_energyband_middle_low": {"dmean2": 0.00640473142266, "median": 0.00364135624841, "min": 3.4637678231e-22, "dvar2": 0.00015312161122, "dvar": 8.70229778229e-05, "dmean": 0.00478138681501, "max": 0.289624124765, "var": 0.000356891949195, "mean": 0.0104907145724}, "melbands_crest": {"dmean2": 6.3387594223, "median": 13.1804122925, "min": 2.94280195236, "dvar2": 26.4246559143, "dvar": 10.4483137131, "dmean": 3.95669579506, "max": 33.1192588806, "var": 31.3623886108, "mean": 14.2262563705}, "spectral_kurtosis": {"dmean2": 4.11731815338, "median": 4.66004323959, "min": -1.18563115597, "dvar2": 20.3552284241, "dvar": 7.6668639183, "dmean": 2.49651026726, "max": 47.0111541748, "var": 19.4130249023, "mean": 5.80925941467}, "spectral_rms": {"dmean2": 0.00086693133926, "median": 0.0022723027505, "min": 3.26015299826e-12, "dvar2": 1.01754437765e-06, "dvar": 6.85668453571e-07, "dmean": 0.000689267530106, "max": 0.0178942494094, "var": 5.26827852809e-06, "mean": 0.0028092651628}, "zerocrossingrate": {"dmean2": 0.0162356905639, "median": 0.0322265625, "min": 0.0009765625, "dvar2": 0.000526089803316, "dvar": 0.000571565935388, "dmean": 0.0153697580099, "max": 0.50439453125, "var": 0.00272060045972, "mean": 0.0515412837267}, "silence_rate_60dB": {"dmean2": 0.210304141045, "median": 0, "min": 0, "dvar2": 0.183337599039, "dvar": 0.0940821766853, "dmean": 0.105141982436, "max": 1, "var": 0.239128872752, "mean": 0.395683467388}, "erbbands_kurtosis": {"dmean2": 3.60044908524, "median": 0.236446619034, "min": -1.88179671764, "dvar2": 31.0733413696, "dvar": 13.8983011246, "dmean": 2.31744790077, "max": 86.4561843872, "var": 26.5681838989, "mean": 2.03921437263}, "erbbands": {"dmean2": [0.00127143145073, 0.0362503118813, 0.616463303566, 1.72711002827, 6.94540786743, 11.4263906479, 15.3253231049, 21.0305099487, 28.0345096588, 35.8160362244, 30.4029998779, 11.7993841171, 5.31043148041, 4.5464682579, 8.19979667664, 13.2748613358, 19.3708667755, 18.0575428009, 11.7863254547, 7.58065748215, 6.71631383896, 10.2303972244, 3.62318134308, 3.94230055809, 6.19708871841, 4.77163076401, 2.92299771309, 1.56969952583, 1.39086127281, 1.21922028065, 1.23392045498, 0.96782374382, 0.509038925171, 0.187418907881, 0.0644657984376, 0.0153049565852, 0.00207862816751, 0.000131856795633, 7.48910997572e-06, 8.57618852024e-06], "median": [0.000512200815137, 0.0126805268228, 0.254620194435, 0.67641711235, 1.53719079494, 3.79606628418, 2.86302852631, 2.36759996414, 1.89308202267, 1.16790544987, 0.562836766243, 0.312574267387, 0.248100072145, 0.290214240551, 0.287417113781, 0.32675164938, 0.544826507568, 0.68678355217, 0.63378816843, 0.532240211964, 0.742958843708, 0.940330505371, 0.428843408823, 0.515653908253, 0.761266469955, 0.814753174782, 0.561069190502, 0.156869471073, 0.0555787235498, 0.0459659025073, 0.0674906745553, 0.0581071190536, 0.0363873429596, 0.012979070656, 0.00380846275948, 0.001018286217, 0.000132189481519, 2.02843420993e-05, 4.84043084725e-06, 7.11102848072e-06], "min": [1.94862754733e-22, 4.50630710937e-21, 3.505164921e-20, 4.82432929744e-20, 1.37842889465e-19, 7.58676409354e-19, 3.28022401016e-19, 2.50610677541e-19, 3.62569340805e-19, 4.61384905467e-19, 6.49602874517e-19, 1.94373113046e-18, 2.11235127794e-18, 1.07303812935e-18, 5.43344959089e-18, 3.72447583379e-18, 6.60285178006e-18, 5.73039998617e-18, 2.9741206546e-18, 9.59720506565e-18, 8.2530555954e-18, 8.46333069738e-18, 7.93795933903e-18, 1.14796373564e-17, 1.46517525828e-17, 1.87022509017e-17, 1.54847912885e-17, 1.75693211737e-17, 2.75542530894e-17, 2.27246697475e-17, 1.4726657096e-17, 1.02136547997e-17, 1.68775417556e-17, 1.73241464945e-17, 8.85460367073e-18, 5.40987039394e-18, 3.03320182306e-18, 1.32333202256e-18, 4.13645417185e-19, 3.59909063332e-20], "dvar2": [0.000300431653159, 0.0134389698505, 1.25923323631, 16.1223201752, 477.79574585, 537.731567383, 2560.93481445, 4452.65869141, 10536.6113281, 14261.0136719, 14346.7578125, 2913.4206543, 713.75378418, 417.240570068, 1705.63366699, 3138.63720703, 6215.07080078, 4552.91210938, 1866.97473145, 748.854492188, 406.932403564, 1097.22729492, 187.948364258, 135.378387451, 237.596832275, 152.730743408, 69.8247146606, 41.1042060852, 41.7242584229, 29.9253864288, 19.7322921753, 21.4363098145, 14.0674152374, 0.71191996336, 0.127918228507, 0.00651594717056, 0.000106475876237, 6.69847793233e-07, 8.61231030935e-10, 2.3608112687e-10], "dvar": [0.000113696114568, 0.00545408390462, 0.571848154068, 6.33881044388, 210.161376953, 257.09866333, 1388.28173828, 2473.90527344, 4758.70898438, 7195.03320312, 7366.95947266, 1542.04772949, 391.584838867, 220.652435303, 849.352355957, 1656.09667969, 3330.96191406, 2269.97875977, 918.517944336, 393.833557129, 211.311752319, 538.685119629, 94.386932373, 62.3640594482, 120.748443604, 76.1669464111, 31.9858341217, 19.3272590637, 20.1338672638, 15.8517227173, 9.76821899414, 9.32755661011, 5.4882106781, 0.333970397711, 0.0574454218149, 0.00301833543926, 5.21457041032e-05, 3.25441618543e-07, 4.08218986392e-10, 1.4088055722e-10], "dmean": [0.0007733409293, 0.0242211781442, 0.421239554882, 1.10815143585, 4.53217506409, 7.77608299255, 10.7666006088, 14.4926462173, 18.9073429108, 24.6963558197, 21.7631549835, 8.87881660461, 3.88963079453, 3.38494133949, 5.95930576324, 9.7669801712, 14.018204689, 12.7025165558, 8.19450187683, 5.36023330688, 4.79856300354, 7.26937818527, 2.54754948616, 2.71855258942, 4.20942354202, 3.27874612808, 1.98965883255, 1.08910238743, 0.954094171524, 0.850880205631, 0.837893128395, 0.633025407791, 0.334091842175, 0.126027062535, 0.0441212952137, 0.0103075914085, 0.00139716255944, 8.87002970558e-05, 5.38830454389e-06, 6.62009824737e-06], "max": [0.779001057148, 4.19887542725, 18.7281246185, 58.6033630371, 519.320556641, 548.743713379, 1708.23461914, 2892.50219727, 2868.90063477, 2606.66650391, 2841.515625, 1421.62902832, 1165.15844727, 629.710510254, 908.040100098, 1319.40917969, 1924.14074707, 1749.01281738, 1333.36047363, 1005.23535156, 426.777404785, 773.913269043, 445.02166748, 314.766540527, 403.071685791, 365.607299805, 186.723693848, 154.039001465, 140.36541748, 141.376327515, 104.938850403, 135.172424316, 160.685287476, 32.1396102905, 9.65622138977, 2.29449677467, 0.226555898786, 0.0238515473902, 0.000965739774983, 0.000372371141566], "var": [7.96600288595e-05, 0.0069194342941, 1.30181396008, 10.5964193344, 320.045074463, 728.147888184, 3414.34350586, 5172.875, 7815.19873047, 12534.2177734, 15058.9560547, 3135.79077148, 1072.72619629, 469.789916992, 1505.00024414, 3168.33813477, 5927.71289062, 3836.48510742, 1614.02478027, 683.588989258, 383.928985596, 1146.43151855, 222.638702393, 110.77192688, 254.496109009, 146.473907471, 55.1000175476, 27.621547699, 28.77252388, 25.6501235962, 15.4447584152, 10.2880125046, 4.68223714828, 0.459751188755, 0.0666351094842, 0.00368218682706, 7.17808798072e-05, 4.39097362914e-07, 6.5702693286e-10, 6.77036426922e-10], "mean": [0.00102831388358, 0.0421665906906, 0.730286955833, 1.65342795849, 6.4184961319, 13.6841640472, 16.4682216644, 19.44373703, 24.6562995911, 31.0059261322, 29.0201854706, 12.8833284378, 5.89878034592, 4.9086728096, 7.96127557755, 12.6001615524, 17.4324417114, 15.6993198395, 10.4590368271, 6.88263320923, 6.54021883011, 10.5483398438, 3.78973436356, 3.67451667786, 5.80740070343, 4.69721412659, 2.82088136673, 1.36601936817, 1.10298967361, 1.00108218193, 1.02015018463, 0.751730620861, 0.379516422749, 0.144195824862, 0.0498741902411, 0.0118727851659, 0.00161973584909, 0.000108071930299, 1.06916322693e-05, 1.60337658599e-05]}, "spectral_strongpeak": {"dmean2": 0.528326690197, "median": 0.345279335976, "min": 0, "dvar2": 0.564201235771, "dvar": 0.260797172785, "dmean": 0.349217951298, "max": 7.57934236526, "var": 0.732263624668, "mean": 0.666268587112}, "spectral_energy": {"dmean2": 0.00717727001756, "median": 0.00529244355857, "min": 1.08943127874e-20, "dvar2": 0.000177201625775, "dvar": 0.000107760883111, "dmean": 0.00559774786234, "max": 0.328209280968, "var": 0.000510175013915, "mean": 0.0134892873466}, "average_loudness": 0.561738431454, "spectral_rolloff": {"dmean2": 1092.44750977, "median": 538.330078125, "min": 129.19921875, "dvar2": 3349886, "dvar": 1824521.625, "dmean": 678.661865234, "max": 18669.2871094, "var": 3833814.25, "mean": 1419.36108398}, "spectral_centroid": {"dmean2": 502.8387146, "median": 749.020812988, "min": 201.050735474, "dvar2": 429862.84375, "dvar": 268744.625, "dmean": 347.80355835, "max": 10873.5351562, "var": 865837.75, "mean": 1087.94116211}, "pitch_salience": {"dmean2": 0.139120876789, "median": 0.673629820347, "min": 0.104148492217, "dvar2": 0.0139036346227, "dvar": 0.00557669857517, "dmean": 0.0858080163598, "max": 0.921335101128, "var": 0.0140601973981, "mean": 0.646865069866}, "spectral_energyband_middle_high": {"dmean2": 0.00136668141931, "median": 0.000271554366918, "min": 1.50531351751e-21, "dvar2": 9.71589452092e-06, "dvar": 6.44837882646e-06, "dmean": 0.00106973282527, "max": 0.0672969967127, "var": 2.23452334467e-05, "mean": 0.00188537884969}, "spectral_contrast_coeffs": {"dmean2": [0.0911528021097, 0.0863099917769, 0.0554876551032, 0.049725946039, 0.036299508065, 0.0293504651636], "median": [-0.554018139839, -0.748648762703, -0.858117938042, -0.833526909351, -0.827245414257, -0.803558766842], "min": [-0.993758738041, -0.967984318733, -0.967317581177, -0.968128561974, -0.965368270874, -0.957911670208], "dvar2": [0.00511164404452, 0.00460047461092, 0.00215886090882, 0.00176052981988, 0.000988363637589, 0.000644088257104], "dvar": [0.00231647398323, 0.00217308662832, 0.000961599231232, 0.000875372032169, 0.000464801763883, 0.000282993336441], "dmean": [0.0577691681683, 0.0564389638603, 0.0347827374935, 0.0330262742937, 0.0240096170455, 0.01923115924], "max": [-0.201733902097, -0.285298138857, -0.440315157175, -0.498210966587, -0.593018591404, -0.623982727528], "var": [0.0120066218078, 0.0105528840795, 0.00372967030853, 0.00407954677939, 0.00211027287878, 0.00140757963527], "mean": [-0.558275938034, -0.7262981534, -0.840598702431, -0.817076206207, -0.821399390697, -0.797983109951]}, "melbands_skewness": {"dmean2": 1.64624881744, "median": 2.91081905365, "min": -1.77890992165, "dvar2": 2.63401651382, "dvar": 1.2383582592, "dmean": 1.10125386715, "max": 16.1537399292, "var": 4.04667711258, "mean": 3.22515583038}, "spectral_spread": {"dmean2": 867413.75, "median": 3701952.5, "min": 1369034.125, "dvar2": 1086781259780.0, "dvar": 624838705152, "dmean": 578933.875, "max": 39718176, "var": 1650785255420.0, "mean": 3923468.25}, "dissonance": {"dmean2": 0.0348373167217, "median": 0.466170310974, "min": 0.136135727167, "dvar2": 0.00116498186253, "dvar": 0.000529043551069, "dmean": 0.0221724808216, "max": 0.500000178814, "var": 0.00179823313374, "mean": 0.454248458147}, "spectral_skewness": {"dmean2": 0.517247080803, "median": 1.63154220581, "min": -0.0661416724324, "dvar2": 0.221256107092, "dvar": 0.101337321103, "dmean": 0.338431298733, "max": 5.59501838684, "var": 0.463835954666, "mean": 1.6819306612}, "spectral_flux": {"dmean2": 0.0311412625015, "median": 0.0457086786628, "min": 1.04375827426e-10, "dvar2": 0.00137567822821, "dvar": 0.000638830126263, "dmean": 0.0202202312648, "max": 0.416511893272, "var": 0.00255804392509, "mean": 0.0584223493934}, "spectral_contrast_valleys": {"dmean2": [0.788777887821, 0.687080740929, 0.589265406132, 0.525255143642, 0.452098220587, 0.532388210297], "median": [-8.73846054077, -7.52909135818, -8.61587619781, -8.70262908936, -8.41968727112, -11.3670415878], "min": [-27.2099933624, -27.1237659454, -27.0014572144, -27.1884346008, -27.086025238, -27.2892131805], "dvar2": [0.392860084772, 0.331670850515, 0.254829585552, 0.213438868523, 0.180088564754, 0.305806607008], "dvar": [0.165345922112, 0.171436905861, 0.144807964563, 0.129869416356, 0.117408126593, 0.195863425732], "dmean": [0.479434579611, 0.4455986619, 0.393433451653, 0.370724976063, 0.336546033621, 0.395891159773], "max": [-5.98844861984, -4.58774232864, -5.037296772, -5.49380779266, -5.56669712067, -7.78930091858], "var": [0.520600736141, 0.749758481979, 0.756864905357, 0.795812547207, 0.852116703987, 0.919427096844], "mean": [-8.74667072296, -7.42457675934, -8.41105365753, -8.5850610733, -8.39246177673, -11.2445049286]}, "erbbands_flatness_db": {"dmean2": 0.035388700664, "median": 0.197603926063, "min": 0.0527161248028, "dvar2": 0.000964588543866, "dvar": 0.000538758991752, "dmean": 0.0245978273451, "max": 0.356540501118, "var": 0.00278092594817, "mean": 0.195617035031}, "spectral_energyband_high": {"dmean2": 0.00019988839631, "median": 3.04195909848e-05, "min": 7.94084583101e-21, "dvar2": 4.19459212253e-07, "dvar": 2.16280099608e-07, "dmean": 0.000142602657434, "max": 0.014209642075, "var": 3.76974583105e-07, "mean": 0.00019919098122}, "spectral_entropy": {"dmean2": 0.376435756683, "median": 7.24878263474, "min": 5.09354496002, "dvar2": 0.12620793283, "dvar": 0.0739428475499, "dmean": 0.264131426811, "max": 9.80734634399, "var": 0.359484165907, "mean": 7.2531337738}, "silence_rate_20dB": {"dmean2": 0.00038376665907, "median": 1, "min": 0, "dvar2": 0.000575485406443, "dvar": 0.000191823783098, "dmean": 0.000191864921362, "max": 1, "var": 9.59129756666e-05, "mean": 0.999904096127}, "melbands_flatness_db": {"dmean2": 0.0557590685785, "median": 0.246805295348, "min": 0.00804171618074, "dvar2": 0.00261995219626, "dvar": 0.00155906670261, "dmean": 0.0395393557847, "max": 0.492604732513, "var": 0.00783211831003, "mean": 0.23984503746}, "barkbands": {"dmean2": [5.02286820847e-06, 9.63878410403e-05, 0.000731518724933, 0.000850465032272, 0.00302418018691, 0.00248013762757, 0.00224537355825, 0.00159872381482, 0.000569788157009, 0.000156965237693, 0.00017331057461, 0.000322449632222, 0.000438289251179, 0.000337259552907, 0.000192948951735, 0.000125044156448, 0.000180599381565, 5.60858024983e-05, 0.000111554203613, 0.000101560079202, 5.30901597813e-05, 3.87981854146e-05, 4.10305510741e-05, 3.66677049897e-05, 1.23254303617e-05, 1.84909197287e-06, 1.48954946155e-08], "median": [7.88614158864e-07, 2.23508832278e-05, 0.000265140028205, 0.000128311890876, 0.0012212889269, 0.000291147851385, 0.00011009426089, 2.80720760202e-05, 1.30512135001e-05, 8.66473601491e-06, 6.40950202069e-06, 7.3080632319e-06, 1.09579505079e-05, 1.23017744045e-05, 9.78514526651e-06, 1.08546182673e-05, 1.5868958144e-05, 6.40691314402e-06, 1.30285288833e-05, 1.76047087734e-05, 8.01550322649e-06, 1.34379263272e-06, 2.23427923629e-06, 2.52835729952e-06, 7.91522893451e-07, 1.2048252529e-07, 4.33838831526e-09], "min": [1.06352318199e-23, 1.48917217383e-23, 3.92664855687e-23, 9.27122820585e-24, 1.47988753341e-22, 2.7931125496e-23, 3.16033108751e-23, 2.13477720084e-23, 8.81235255045e-23, 3.90878432835e-23, 8.88681849555e-23, 9.34159996285e-23, 1.62187126297e-22, 9.22148547707e-23, 9.37513727983e-23, 1.87557460989e-22, 1.42602