{"tonal": {"thpcp": [1, 0.648084998131, 0.32073110342, 0.372300446033, 0.25398299098, 0.27509522438, 0.394531071186, 0.359253406525, 0.511762142181, 0.67505055666, 0.408149510622, 0.250388920307, 0.308678925037, 0.269972145557, 0.482605040073, 0.669706761837, 0.383164137602, 0.170193493366, 0.193435177207, 0.229695647955, 0.574117600918, 0.883112370968, 0.610209167004, 0.609954118729, 0.831715583801, 0.497601777315, 0.270935177803, 0.319829434156, 0.263349592686, 0.471307426691, 0.754031777382, 0.503414809704, 0.2536059618, 0.278084129095, 0.26364466548, 0.595602810383], "hpcp": {"dmean2": [0.164824739099, 0.161429718137, 0.125870764256, 0.119954556227, 0.130222633481, 0.17697916925, 0.204483121634, 0.181954339147, 0.121280059218, 0.103263743222, 0.0860187336802, 0.102456584573, 0.121522419155, 0.136021241546, 0.169077888131, 0.171906813979, 0.143149107695, 0.115443237126, 0.126611664891, 0.115380562842, 0.167765006423, 0.18571190536, 0.140185445547, 0.0890367254615, 0.088727645576, 0.107669048011, 0.166620656848, 0.208899006248, 0.200345173478, 0.190514832735, 0.171345964074, 0.153618007898, 0.118629015982, 0.112503707409, 0.124041117728, 0.161040604115], "median": [0.0302239265293, 0.0257817525417, 0.0121999755502, 0.00869673863053, 0.00806268490851, 0.0559154860675, 0.0865563228726, 0.0511568784714, 0.0133598027751, 0.00535953976214, 0.00621169153601, 0.0131237534806, 0.0184985995293, 0.020345536992, 0.0426116846502, 0.051104709506, 0.029611453414, 0.00989123061299, 0.0083019817248, 0.00954767037183, 0.0239507555962, 0.034908182919, 0.0208876784891, 0.00561453122646, 0.00421629846096, 0.00593538349494, 0.0285426229239, 0.0496921390295, 0.040310755372, 0.0313499085605, 0.0291135013103, 0.0207681190223, 0.00967039633542, 0.00799446832389, 0.00891508162022, 0.0213705096394], "min": [0, 0, 0, 0, 0, 0, 0, 0, 0, 0, 0, 0, 0, 0, 0, 0, 0, 0, 0, 0, 0, 0, 0, 0, 0, 0, 0, 0, 0, 0, 0, 0, 0, 0, 0, 0], "dvar2": [0.0810812115669, 0.0751955956221, 0.067305162549, 0.074013620615, 0.0777545794845, 0.0781714320183, 0.0889518931508, 0.0716358795762, 0.0561589933932, 0.0564446523786, 0.0351846292615, 0.0502205900848, 0.0535426400602, 0.0608170926571, 0.0828370824456, 0.0765295475721, 0.0640407502651, 0.0619889460504, 0.0761246755719, 0.0543887726963, 0.0909314453602, 0.095947638154, 0.0643434152007, 0.0465090349317, 0.0497442148626, 0.0519316680729, 0.0716512128711, 0.100135847926, 0.0932505056262, 0.0838686600327, 0.0855191871524, 0.0699093639851, 0.0642152503133, 0.061032127589, 0.0691747963428, 0.0841998532414], "dvar": [0.0342805832624, 0.0289961900562, 0.0251026451588, 0.0284316539764, 0.0282367765903, 0.0300689339638, 0.0395674817264, 0.0298397801816, 0.0212719161063, 0.0240408312529, 0.0149409258738, 0.0200828649104, 0.022099332884, 0.024516062811, 0.0309373736382, 0.0328615531325, 0.0254475120455, 0.0232814643532, 0.0296866539866, 0.0222073718905, 0.0332767032087, 0.0403906814754, 0.0254814978689, 0.0172916892916, 0.0200309716165, 0.0227326899767, 0.0307252760977, 0.0454480610788, 0.0387356355786, 0.0338137447834, 0.0382068865001, 0.0279882140458, 0.0244922339916, 0.0237659998238, 0.0258147101849, 0.0321961268783], "dmean": [0.0980654731393, 0.0940725654364, 0.0712871849537, 0.0687195211649, 0.0734765976667, 0.104251526296, 0.125964641571, 0.108824439347, 0.0703973695636, 0.0610878877342, 0.05260072276, 0.0600049346685, 0.0727402716875, 0.0812334418297, 0.100319802761, 0.104180172086, 0.0841983035207, 0.0655025541782, 0.0715437158942, 0.0670706108212, 0.0982972085476, 0.111391335726, 0.0833562463522, 0.0504398234189, 0.0510373152792, 0.0623491629958, 0.101051159203, 0.126955851912, 0.119872316718, 0.114589430392, 0.10242690891, 0.09103089571, 0.0682264864445, 0.06396022439, 0.0715803578496, 0.093508400023], "max": [1, 1, 1, 1, 1, 1, 1, 1, 1, 1, 1, 1, 1, 1, 1, 1, 1, 1, 1, 1, 1, 1, 1, 1, 1, 1, 1, 1, 1, 1, 1, 1, 1, 1, 1, 1], "var": [0.105877801776, 0.0520222112536, 0.0250451341271, 0.0358880795538, 0.0295170731843, 0.0504072457552, 0.119532607496, 0.0600471384823, 0.0313268527389, 0.0566461980343, 0.0233407448977, 0.0281545054168, 0.0455116406083, 0.0333662629128, 0.0450746156275, 0.0761795341969, 0.0339173600078, 0.0245002675802, 0.0400337465107, 0.0276877041906, 0.0505109466612, 0.0862200334668, 0.0335245989263, 0.0156131600961, 0.0238437075168, 0.0264245271683, 0.0607451051474, 0.117004573345, 0.062674112618, 0.059605486691, 0.121520549059, 0.0476624965668, 0.0309776961803, 0.0426975749433, 0.0271448865533, 0.0497631877661], "mean": [0.203948408365, 0.136162236333, 0.0685946345329, 0.075215421617, 0.0713098719716, 0.161096990108, 0.270477205515, 0.175292223692, 0.0867504552007, 0.100698783994, 0.0686966106296, 0.0744069889188, 0.106711663306, 0.0971698537469, 0.138420000672, 0.182585790753, 0.110395140946, 0.0677244961262, 0.0834906101227, 0.0730213150382, 0.130533665419, 0.18114040792, 0.103637166321, 0.0460334606469, 0.0523198060691, 0.0621274374425, 0.155285730958, 0.238861769438, 0.165047675371, 0.164978682995, 0.224960103631, 0.13458994031, 0.0732817873359, 0.0865065678954, 0.0712300613523, 0.127477914095]}, "tuning_equal_tempered_deviation": 0, "chords_changes_rate": 0.0525928661227, "key_key": "G", "tuning_diatonic_strength": 0.492205947638, "key_scale": "major", "chords_number_rate": 0.00514895189553, "tuning_frequency": 436.960693359, "tuning_nontempered_energy_ratio": 0.646189272404, "chords_histogram": [18.2787780762, 13.9389476776, 13.8286132813, 3.75137925148, 7.61309289932, 0.478116959333, 4.96506071091, 1.06656861305, 9.01066589355, 0, 0.257447600365, 2.50091934204, 0, 0, 1.3975726366, 0.367782264948, 0.220669358969, 1.32401621342, 0.257447600365, 0.551673412323, 0, 2.53769779205, 8.71644020081, 8.93710899353], "key_strength": 0.699437558651, "chords_key": "G", "chords_strength": {"dmean2": 0.00876007042825, "median": 0.500922322273, "min": 0.223451301455, "dvar2": 7.86541277193e-05, "dvar": 8.26951509225e-05, "dmean": 0.0108446441591, "max": 0.797956883907, "var": 0.00947410613298, "mean": 0.498712986708}, "chords_scale": "major", "hpcp_entropy": {"dmean2": 0.845804274082, "median": 1.62043833733, "min": 0, "dvar2": 0.586624264717, "dvar": 0.234770879149, "dmean": 0.503919422626, "max": 3.67680501938, "var": 0.505870699883, "mean": 1.56246209145}}, "metadata": {"audio_properties": {"equal_loudness": 0, "codec": "mp3", "downmix": "mix", "sample_rate": 44100, "analysis_sample_rate": 44100, "bit_rate": 128000, "md5_encoded": "75fcacd2f1376c2803164820b1f74259", "length": 126.197547913, "replay_gain": -6.16619491577, "lossless": false}, "version": {"essentia_build_sha": "2d9f1f26377add8aeb1075a9c2973f962c4f09fd", "essentia": "2.1-beta2", "extractor": "music 1.0", "essentia_git_sha": "v2.1_beta2-1-ge3940c0"}, "tags": {"title": ["(I'll Be With You in) Apple Blossom Time"], "acoustid_fingerprint": ["AQADtLojJiqO5tETtE-FOEhKSTgeWcKZJ8BLODfiTBGnFPqRi4rRLEePH3eSK_gyBz-eLPlxPSz8JUuG5zhxKcnxBNWPZDmDXLSEL3mED3uGixr8HE9zIzoDn4ceBXmGZ4YfPMepB08sxAmPpFtQHj56HY_xx3hKnNGCxJOG-MF1lPnhScWjGd_ht4d_oU_I4HiSHlfy4DnCI1m-FL8cnFl6XAyedcTVydnwnPCVBk-R9ziPh1eg5RQThGaS4c3xRDqe4wnSuCsSTwleHrfR3Og74f-C50IoxQ2Saz2OG5cSdMnoBP-loEH4QE-Oa1kRjc5xIY7BStATZCXR4yemfELOTCr06EF-XDoqdXCScDGaJjTuHJdwCVPKCmWS5EJyMkZ8POEiMaAY4cp0omh-PGCZJwr-BZOaHBbz4_Rx9BeeB3kKLUX4oB-aPLgTIZZaBnoU5PCDH9czfDoqponQ5JHRB491lNlTfHjyYL1QPQmaBy8S9U6Q6xX6iahFB8dkZSce8ujxjDmOw8zCEe-iDackVGg0H5-WI0wWWkEyPh6uHCcpobGiWGgv9EdrXBaeB02Eb0MTP_hT9Dqa78ePO0fT5OgTIr4u9ApuJOfx7LiIPQETjpiZK3jwEtVFbF6Oj-iRM4N2hWieNMiT_KCzEY0eov9xPHnApJmC3Wge5TiHXMR_6NIT5E3h6vhx6niGrsuDND-SMrC2ofpS_Gj4o-eDP8OPJ8aXIZmCXMnQnEzwBL_wJDjSQ32RL09wPjj6Bc09PMezHN-Q5-jxaoeWtxqe-MGZ40e6LMvxB6d0NGqU9OgnAc-kHM0m5eicC-GdQTxh59D2HrH54jn6CU0rHM9yHT-Dpn-G8KmKpNwIq6lk_MGPC3aO_wgpH83C44Gf40KOh0fFLVXgw1dQajrCR0KjKUsV3MdhktBfHHkuoT8aR8OV4w_xYH6VEQ-aWBu648mDUcyNk2iKXkkaqM6MJw_OHH_QvEY3_MejB8muFemH64aXGz3j4f-DF5p2oalzPMCPqdYE6kf10cgZJNGDpsnxHB6Z41l4JFF0B-EzNKGK_vjwUyFePmCT40sCP8bX-LiD5AjzHof7oE6OogHzHk2TXNBVJ-BPXEGZ9vCeo05yXAefqcHFPBOSRo-Ra0czpZnQVhseVcF_JKNmhGmSyMdR5UXDHf8DV4ymGD9-lMwRptyh50UsXgoqZxkHxscc1cd51MqP5sWd5sKRr4NuBWEiR0V_vA--K7B-IVaG5Euq454SEr1k9ETl7GjeBzslkMmGv0euD3qD7MdE7fBt9CbwLNVx4sePG1_QMM6YogpvfMH348LhB8-D70iq_Uj1x7hyjOnBK8iNJBc7zDm-ZJTAcwtcBUkYI7bQVBOePIMnSVbQn0P8QY2P_EHTaCnaiAbCB2KiKMe19Eh_PDl6nXiPX3jwXqjHHY1DXfgRp0dSZ-iTC1P2Bz-eHNEP8UV-lKzR5Rz-C7lw6dCO9C_6HCflYGWDKzlO5MZ5aHHCoOSFqSJ-Ef8O8Rny42uKJ_7ww2o-oyfyQ7ly5JnQTYXjTMSPkxvKRDnyJBOkHz2y5N3Q9EM_FhEdfeh-_JKFiTlOaDIdElO-FNcDnTgPPSSqtLic4FE6PM7xPRF-eDrUCs94pHtSmJO6oOTxVMfFMHjCOAq-B96P70i-I1drPNpytLfgB89RjUS-Ec-D48L0jahyD3cWRsGUikePPOdR_nAeoesX_HmQS5uEZMcV_Ien7egTCo-Ox4uKPiORLIwYIj-2x_iTDPxZ1Dn89ah0Rsi8VkjOcUUzRUe340cTXT-mMmZwPDr-Dr0jOBR1dHxxfiz2oyZsHqX44EcVocnDI3qC5FFweEyc4U6H57jyHc-H003QOA9xHcmiZEdsZrgzJ4G1XDhV4TmekDh3_MhTaBqzo0kmXjiOfcQP_thxkvgC3QvCH05GJeiXC8-C__Cf4I9SNI1G1EiOsKfQjIyD5VewM_AmtA-anUKuKCnU_EOsHV66Hxet4EtT9EE9oV_QbGHw3McV_A-s5vgR-1CpRClCP2iSD49WXMp-tEczvBSS50LaHE14dO0nvEfKHroiJYuQa5EtoNaDZvvQX0IaPkQyD82P_sMffMeXjLhyNFeOvkfyHj3CPEPVHH6IPomMSwke_LhS4f2EtI56JC_u9GiSkPHx8fAT1CEeojn6HH8H7zmu7MGV4xoaHP0qfPVwXkccJjueiFoU6N_QH8214GWhm0O60IrxHI8-DteVHN2OJsgD5buRK2WS4Tn4ozlzTE-kA--PPD90iUT45Gj6E3uO_mge8NcQH8oThCIzBnW0TMdf5IGOMKGYikLF6PjxPDN65kiWJ0Eu4gys5sHNNElwEiiTBPki9Emwy-hTFc1yY1aOkx_OGla1Iz6e4OvxojfSoxctqF2CPEezjIeP8B7eQN8QJkeJ_7hw1IZ_hHLmI3F4_LhwPcLx49GRfLiIR8F2_IXq_MgkhkfF7UGYIwlO5tiWKTFOL3iYTwH3YI-MI3yMhL9QVfrwukGPR8xhRUqOw0dfG-UtpEseQ_uJ6C-eWMaVTGCfHGN0pJGOZ1aOfknhNcJ3QxzCJ8E_XCH8aDhlfMXLELuPnoTjKOieI37wOzjCU-BzRPrRlMqh_cGlnEL4HE1P4rvwH2GkiKi-jNCP_HgnFT-a7aiOOCE-hPkso5aS4MGfow-85PD2oYn5EHmzFFAtH30W4k58lB8aSQlRKztUHz_C52jyHK-OAyCCAMoQwYRhAmCmABDICCEAEAwgwASwwBBiACAIKAOE8AwxiwQ0QinDmGGAQCgMcgAAoAxEBgihuBAAIEQAgAQZRgAhABAACfMAISUAEMIhQREAACgiCAAGIEGEIIgQhASqDlhAAJAEIAONAIwNxZBRREIiEROACQKQEEorQoRAxwBChEKKKKcIE8QwJAgTmDEgEBECAQKAQchgAAwlRAFkiAgDGbMsMgQQAgR5xAuhhAEEGCScIJIKgIAUTBDgABMIMCCSQkw5QJBgBBkmMFdCAgCIIIQCQCQgBBBAhBLWCMAIYAQAYgAAQEKAFBNGEJAUUksgAgBQDECEjCIOMUWAp8QZJAQkiBkFhGBCaOKAAIAAAZBTmlCghGIKEEYEoAgoASxBQgBEFAVSEEKQkIYwgAgBSAnDCAMCEEEEUIAZQ5gQgBBEAACEG0YIUAQZBAhyQgAggACIIMgMgsAAB5glDABkBKOIEWOEMgAhRJyQhChCgAKMKAQEQhAI4RgChBBhkDEECAGJQUICRgwCiBAggBMEAEcUUIgIIARQkhAADBFKGWXEINAQagECABhCkBBIgWoQQAY4YAgDBCgkEACQAAQMEA4ADIhECDEBgABECAEMAYAIBokQRBnFhFDKEaCIEEoYBRkAgCCCBDEGAEcYcggRIRhSCgkAAQAEWIAAA4wIhgwAhm0iiUQME4CEIgQYYAAAAAmBBBIMAYAcMQQQDhBAjGIlFAFCMwSYEAQJIIgSwikHCMFAEegAAQQxBhQFiBmOFAAYGGAEMEAQYgRAwljCCQQACAIIAoAQhggACiingFEGEICEIIAIRQgwBhgkDDAIGUGEgIohJgQQAghADdFCEICkUYQ4rIQAVAFlCTYCOLAQsMCDZKgFDjpCKEOECCEKQgAwpBQwQFgCHaBCOICEYEwAj5AQRlCFICCGCGCIAAoggYUwADhEBCGEAGYAoM4gSBBSgjEihEEAAAEAMcYgQgxQQAQ"], "date": ["1963"], "genre": ["Country"], "musicbrainz album type": ["Compilation"], "musicip_puid": ["dc70044a-b32d-4824-9bde-7becba03778d"], "musicbrainz_recordingid": ["15d4385c-cc84-408d-975c-91b5aab91e5b"], "musicbrainz_albumid": ["d10ba3c4-46ea-4134-95be-4b9b91f0e452"], "artist": ["Chet Atkins"], "tracknumber": ["04/10"], "bpm": ["127.29"], "album": ["The Guitar Genius"], "musicbrainz album release country": ["United States"], "acoustid_id": ["1078c82b-fbb4-4f58-8e2a-93ff4f271b5a"], "file_name": "Chet Atkins - (I'll Be With You in) Apple Blossom Time.mp3"}}, "rhythm": {"bpm_histogram_first_peak_bpm": {"dmean2": 0, "median": 126, "min": 126, "dvar2": 0, "dvar": 0, "dmean": 0, "max": 126, "var": 0, "mean": 126}, "bpm": 127.103889465, "bpm_histogram_second_peak_spread": {"dmean2": 0, "median": 0.40000000596, "min": 0.40000000596, "dvar2": 0, "dvar": 0, "dmean": 0, "max": 0.40000000596, "var": 0, "mean": 0.40000000596}, "bpm_histogram_first_peak_weight": {"dmean2": 0, "median": 0.454545468092, "min": 0.454545468092, "dvar2": 0, "dvar": 0, "dmean": 0, "max": 0.454545468092, "var": 0, "mean": 0.454545468092}, "onset_rate": 4.15966558456, "beats_position": [0.429569154978, 0.893968224525, 1.369977355, 1.83437633514, 2.29877543449, 2.77478456497, 3.25079369545, 3.72680258751, 4.20281171799, 4.67882061005, 5.15482997894, 5.61922883987, 6.08362817764, 6.5596370697, 7.03564596176, 7.50004529953, 7.98766422272, 8.46367359161, 8.93968200684, 9.41569137573, 9.89170074463, 10.3560991287, 10.8321084976, 11.3081178665, 11.7841272354, 12.2601356506, 12.7245349884, 13.2005443573, 13.6765527725, 14.1409521103, 14.6169614792, 15.0929698944, 15.5689792633, 16.0449886322, 16.5326080322, 17.0086174011, 17.4846248627, 17.9490242004, 18.4250335693, 18.9010429382, 19.365442276, 19.8298416138, 20.3174591064, 20.7818584442, 21.246257782, 21.7106571198, 22.1866664886, 22.6626758575, 23.1386852264, 23.614692688, 24.102312088, 24.589931488, 25.0543308258, 25.4955101013, 25.9599094391, 26.435918808, 26.8887062073, 27.3763256073, 27.8407249451, 28.3051242828, 28.7695236206, 29.2571430206, 29.7215423584, 30.1975498199, 30.6735591888, 31.1379585266, 31.6023578644, 32.0667572021, 32.5311546326, 33.0071640015, 33.4947853088, 33.9707946777, 34.4584121704, 34.9344215393, 35.4104309082, 35.8748283386, 36.3392295837, 36.8152389526, 37.2912483215, 37.755645752, 38.2316551208, 38.7076644897, 39.1836738586, 39.6596832275, 40.124080658, 40.5884780884, 41.0528793335, 41.5172767639, 41.981678009, 42.4460754395, 42.9104766846, 43.374874115, 43.8276634216, 44.3036727905, 44.7680702209, 45.2324714661, 45.7200889587, 46.1960983276, 46.6721076965, 47.1365089417, 47.6009063721, 48.076915741, 48.5529251099, 49.0173225403, 49.5049438477, 49.9809532166, 50.4569587708, 50.9329681396, 51.4089775085, 51.8733787537, 52.3377761841, 52.813785553, 53.2897949219, 53.7541923523, 54.2185935974, 54.6829910278, 55.1706123352, 55.6350097656, 56.0994110107, 56.5638084412, 57.0398178101, 57.515827179, 57.9802246094, 58.4562339783, 58.9322433472, 59.3966445923, 59.884262085, 60.3602714539, 60.8362808228, 61.3238983154, 61.7999076843, 62.2759170532, 62.7635345459, 63.227935791, 63.7039451599, 64.1799545288, 64.6443557739, 65.1087493896, 65.5731506348, 66.049156189, 66.5251693726, 67.0127868652, 67.4888000488, 67.964805603, 68.4292068481, 68.8936004639, 69.3696136475, 69.8456192017, 70.3100204468, 70.7860336304, 71.2620391846, 71.7264404297, 72.2024459839, 72.6784591675, 73.1544647217, 73.6304779053, 74.094871521, 74.5592727661, 75.0352783203, 75.5112915039, 75.975692749, 76.4400863647, 76.9160995483, 77.3921051025, 77.8565063477, 78.3209075928, 78.7736968994, 79.2380905151, 79.7141036987, 80.1785049438, 80.6428985596, 81.1072998047, 81.5717010498, 82.0360946655, 82.5121078491, 82.9881134033, 83.4525146484, 83.928527832, 84.4045333862, 84.8689346313, 85.3333282471, 85.8093414307, 86.2853469849, 86.74974823, 87.2257614136, 87.7017669678, 88.1661682129, 88.6305618286, 89.0949630737, 89.5709762573, 90.0469818115, 90.5229949951, 90.9873886108, 91.4634017944, 91.9277954102, 92.4038085938, 92.8798141479, 93.3558273315, 93.8318328857, 94.3078460693, 94.7838516235, 95.2598648071, 95.7358703613, 96.2002716064, 96.6878890991, 97.1522903442, 97.61668396, 98.0810852051, 98.5454864502, 99.0214920044, 99.497505188, 99.9619064331, 100.437911987, 100.913917542, 101.389930725, 101.865936279, 102.330337524, 102.806350708, 103.282356262, 103.746757507, 104.234375, 104.698776245, 105.163169861, 105.639183044, 106.115188599, 106.591201782, 107.078819275, 107.54322052, 108.007614136, 108.472015381, 108.948028564, 109.41242218, 109.888435364, 110.364440918, 110.828842163, 111.293243408, 111.757637024, 112.233650208, 112.709655762, 113.174057007, 113.638458252, 114.114463806, 114.59047699, 115.054870605, 115.519271851, 115.983673096, 116.448066711, 116.912467957, 117.376869202, 117.864486694, 118.352104187, 118.839729309, 119.327346802, 119.826576233, 120.372245789, 120.883079529, 121.393920898, 121.904762268, 122.438819885, 122.961265564, 123.483718872, 124.006164551, 124.528617859, 125.051063538, 125.573509216], "beats_loudness": {"dmean2": 0.0266720987856, "median": 0.04833240062, "min": 4.60394549009e-05, "dvar2": 0.000473663531011, "dvar": 0.000148321487359, "dmean": 0.0162256751209, "max": 0.0994911640882, "var": 0.000241453584749, "mean": 0.048609610647}, "danceability": 1.30519771576, "bpm_histogram_second_peak_weight": {"dmean2": 0, "median": 0.0227272734046, "min": 0.0227272734046, "dvar2": 0, "dvar": 0, "dmean": 0, "max": 0.0227272734046, "var": 0, "mean": 0.0227272734046}, "beats_count": 265, "bpm_histogram_second_peak_bpm": {"dmean2": 0, "median": 115, "min": 115, "dvar2": 0, "dvar": 0, "dmean": 0, "max": 115, "var": 0, "mean": 115}, "bpm_histogram_first_peak_spread": {"dmean2": 0, "median": 0.516129076481, "min": 0.516129076481, "dvar2": 0, "dvar": 0, "dmean": 0, "max": 0.516129076481, "var": 0, "mean": 0.516129076481}, "beats_loudness_band_ratio": {"dmean2": [0.447552412748, 0.168947085738, 0.246144607663, 0.286049842834, 0.0683629065752, 0.0089608291164], "median": [0.338169038296, 0.11084869504, 0.199622005224, 0.19600173831, 0.0335324630141, 0.00250975019298], "min": [0.00104415614624, 0.000895457167644, 0.00403467239812, 0.00870758201927, 0.000331201357767, 6.41778242425e-05], "dvar2": [0.117481447756, 0.0215786863118, 0.0401483476162, 0.0586445257068, 0.00664935121313, 0.00014691130491], "dvar": [0.0435994118452, 0.00913380272686, 0.014572488144, 0.0213408730924, 0.00220685708337, 4.93070292578e-05], "dmean": [0.262182742357, 0.0972214341164, 0.145213767886, 0.166873604059, 0.0395353548229, 0.00476209633052], "max": [0.975410461426, 0.702250897884, 0.740344941616, 0.802041113377, 0.323066353798, 0.0687431022525], "var": [0.070623524487, 0.0166047737002, 0.024780491367, 0.0318284779787, 0.00257411808707, 3.54818075721e-05], "mean": [0.375365465879, 0.141343981028, 0.228277266026, 0.238713517785, 0.0486922040582, 0.00441781245172]}}, "lowlevel": {"barkbands_spread": {"dmean2": 3.66593337059, "median": 10.5393104553, "min": 0.415316998959, "dvar2": 23.3444080353, "dvar": 9.85314083099, "dmean": 2.36618065834, "max": 69.2682418823, "var": 27.6135234833, "mean": 11.343173027}, "melbands_spread": {"dmean2": 5.03020715714, "median": 15.8156833649, "min": 0.425981670618, "dvar2": 36.3392906189, "dvar": 16.6937561035, "dmean": 3.27899169922, "max": 152.24559021, "var": 67.6070327759, "mean": 16.2812995911}, "hfc": {"dmean2": 8.04604244232, "median": 20.4040222168, "min": 1.15692352443e-16, "dvar2": 127.323532104, "dvar": 56.9961471558, "dmean": 5.34991645813, "max": 110.306495667, "var": 244.321624756, "mean": 23.9216842651}, "barkbands_kurtosis": {"dmean2": 2.4833574295, "median": 0.499728828669, "min": -1.68189442158, "dvar2": 25.9787425995, "dvar": 11.4316825867, "dmean": 1.57658100128, "max": 94.4144363403, "var": 35.0029907227, "mean": 2.07196569443}, "gfcc": {"mean": [-55.875579834, 177.829727173, -142.010070801, -14.3577566147, -34.9319572449, 3.95772075653, -28.9650382996, 1.65490734577, -14.1188631058, -10.8015623093, -5.46980237961, -7.06542110443, -4.44088077545], "icov": [[0.000648556859232, -0.00126277713571, 0.00147844094317, -0.00126764678862, 0.000772849773057, -0.00131521781441, 0.00069574295776, -0.000637955206912, 0.000879416591488, -0.000536331848707, 0.000687796622515, -0.000319278798997, 0.000323511980241], [-0.00126277713571, 0.00824138894677, -0.00558097241446, 0.00525648519397, -0.00510994205251, 0.00585002684966, -0.00401765527204, 0.00496876286343, -0.00456040399149, 0.00391825800762, -0.00381448562257, 0.00413021352142, -0.00246085878462], [0.00147844094317, -0.00558097241446, 0.00618576118723, -0.00437994673848, 0.00286615872756, -0.00589864980429, 0.00342284073122, -0.00305023766123, 0.00465300120413, -0.00303867668845, 0.00359841715544, -0.00305316690356, 0.00204328563996], [-0.00126764678862, 0.00525648519397, -0.00437994673848, 0.00588101055473, -0.0024313153699, 0.00311112892814, -0.00274905189872, 0.00292207999155, -0.00316049763933, 0.0019425022183, -0.00263852998614, 0.00268231914379, -0.00114906020463], [0.000772849773057, -0.00510994205251, 0.00286615872756, -0.0024313153699, 0.00555637804791, -0.0022414138075, 0.00148485484533, -0.0038686033804, 0.00210610288195, -0.00293124257587, 0.00218267110176, -0.00244828057475, 0.00166288705077], [-0.00131521781441, 0.00585002684966, -0.00589864980429, 0.00311112892814, -0.0022414138075, 0.0102154798806, -0.00389043032192, 0.00265535875224, -0.00533071812242, 0.00359557406045, -0.00391440372914, 0.00442051608115, -0.00320906890556], [0.00069574295776, -0.00401765527204, 0.00342284073122, -0.00274905189872, 0.00148485484533, -0.00389043032192, 0.00828485935926, -0.00469230813906, 0.00270375213586, -0.00121643615421, 0.00294281472452, -0.00285629020073, 0.00232891459018], [-0.000637955206912, 0.00496876286343, -0.00305023766123, 0.00292207999155, -0.0038686033804, 0.00265535875224, -0.00469230813906, 0.0109316883609, -0.00394444633275, 0.00288397842087, -0.00369450612925, 0.00207646843046, -0.000245172413997], [0.000879416591488, -0.00456040399149, 0.00465300120413, -0.00316049763933, 0.00210610288195, -0.00533071812242, 0.00270375213586, -0.00394444633275, 0.0118486415595, -0.00515232048929, 0.00248645013198, -0.00291676493362, 0.00033448333852], [-0.000536331848707, 0.00391825800762, -0.00303867668845, 0.0019425022183, -0.00293124257587, 0.00359557406045, -0.00121643615421, 0.00288397842087, -0.00515232048929, 0.0108569059521, -0.00180802273098, 0.0020071468316, -0.00169441418257], [0.000687796622515, -0.00381448562257, 0.00359841715544, -0.00263852998614, 0.00218267110176, -0.00391440372914, 0.00294281472452, -0.00369450612925, 0.00248645013198, -0.00180802273098, 0.0120058916509, -0.00419657118618, 0.00321373599581], [-0.000319278798997, 0.00413021352142, -0.00305316690356, 0.00268231914379, -0.00244828057475, 0.00442051608115, -0.00285629020073, 0.00207646843046, -0.00291676493362, 0.0020071468316, -0.00419657118618, 0.0136359287426, -0.00545391812921], [0.000323511980241, -0.00246085878462, 0.00204328563996, -0.00114906020463, 0.00166288705077, -0.00320906890556, 0.00232891459018, -0.000245172413997, 0.00033448333852, -0.00169441418257, 0.00321373599581, -0.00545391812921, 0.0120693407953]], "cov": [[4819.17480469, -1021.22998047, -872.676818848, 939.299194336, -767.951843262, 403.187255859, -41.7657165527, -44.3793640137, 73.896697998, -60.8825378418, 42.0451431274, -185.072052002, 14.5135908127], [-1021.22998047, 1392.27355957, 144.246612549, -757.476013184, 829.511657715, -402.731689453, 123.521202087, -13.3570804596, -3.07237696648, -14.2849273682, -10.7021894455, 35.766166687, -13.6704978943], [-872.676818848, 144.246612549, 996.282531738, 209.860717773, -24.4976024628, 225.036239624, -59.2643051147, -38.2096405029, -91.5245666504, 16.2907714844, -55.812122345, -7.76663398743, -5.83997297287], [939.299194336, -757.476013184, 209.860717773, 864.753540039, -453.396606445, 331.335357666, -44.3182220459, -18.455745697, 6.08883476257, 7.05834960938, 6.10290431976, -66.8808670044, -5.10438489914], [-767.951843262, 829.511657715, -24.4976024628, -453.396606445, 827.745056152, -277.569549561, 125.575828552, 95.3879165649, 26.9611778259, 39.3394851685, -0.235045045614, 52.3801994324, -30.9341545105], [403.187255859, -402.731689453, 225.036239624, 331.335357666, -277.569549561, 389.724517822, -8.6020450592, 8.81550216675, 25.3060340881, -13.6260280609, 8.54552650452, -45.0456924438, 18.9846630096], [-41.7657165527, 123.521202087, -59.2643051147, -44.3182220459, 125.575828552, -8.6020450592, 219.431533813, 83.4782562256, 8.69610786438, -17.6980228424, 2.16270565987, 10.0194997787, -26.8900737762], [-44.3793640137, -13.3570804596, -38.2096405029, -18.455745697, 95.3879165649, 8.81550216675, 83.4782562256, 176.02822876, 28.9690628052, -6.51435089111, 27.7446498871, 8.57220554352, -25.3843173981], [73.896697998, -3.07237696648, -91.5245666504, 6.08883476257, 26.9611778259, 25.3060340881, 8.69610786438, 28.9690628052, 148.876281738, 43.3097877502, 7.80538702011, 10.9808139801, 20.2295684814], [-60.8825378418, -14.2849273682, 16.2907714844, 7.05834960938, 39.3394851685, -13.6260280609, -17.6980228424, -6.51435089111, 43.3097877502, 132.999084473, -3.2986664772, 7.67355680466, 12.6903371811], [42.0451431274, -10.7021894455, -55.812122345, 6.10290431976, -0.235045045614, 8.54552650452, 2.16270565987, 27.7446498871, 7.80538702011, -3.2986664772, 113.540527344, 15.0710229874, -14.9303684235], [-185.072052002, 35.766166687, -7.76663398743, -66.8808670044, 52.3801994324, -45.0456924438, 10.0194997787, 8.57220554352, 10.9808139801, 7.67355680466, 15.0710229874, 114.064002991, 34.5510673523], [14.5135908127, -13.6704978943, -5.83997297287, -5.10438489914, -30.9341545105, 18.9846630096, -26.8900737762, -25.3843173981, 20.2295684814, 12.6903371811, -14.9303684235, 34.5510673523, 114.973342896]]}, "spectral_energyband_middle_low": {"dmean2": 0.00672303698957, "median": 0.0162499547005, "min": 2.9965978317e-22, "dvar2": 6.2954655732e-05, "dvar": 2.49027689279e-05, "dmean": 0.0042301681824, "max": 0.0672173202038, "var": 8.69209325174e-05, "mean": 0.0171035956591}, "melbands_crest": {"dmean2": 4.16666126251, "median": 12.6563329697, "min": 1.8046002388, "dvar2": 16.9311275482, "dvar": 7.13456916809, "dmean": 2.68505859375, "max": 31.3435821533, "var": 31.4562244415, "mean": 13.9551639557}, "spectral_kurtosis": {"dmean2": 21.2933139801, "median": 19.2042446136, "min": -1.1934453249, "dvar2": 450.817138672, "dvar": 191.607177734, "dmean": 13.3010921478, "max": 200.854522705, "var": 502.224395752, "mean": 25.8980064392}, "spectral_rms": {"dmean2": 0.0010233175708, "median": 0.00608259160072, "min": 3.22825251774e-12, "dvar2": 1.40634404033e-06, "dvar": 6.39134611902e-07, "dmean": 0.000665832601953, "max": 0.0111879734322, "var": 2.27903160521e-06, "mean": 0.00590871833265}, "zerocrossingrate": {"dmean2": 0.00559789221734, "median": 0.03515625, "min": 0.00439453125, "dvar2": 0.000111301298602, "dvar": 6.24165622867e-05, "dmean": 0.00445804838091, "max": 0.51220703125, "var": 0.000327050860506, "mean": 0.035192899406}, "silence_rate_60dB": {"dmean2": 0.00147221202496, "median": 0, "min": 0, "dvar2": 0.00147002597805, "dvar": 0.000735451641958, "dmean": 0.000735970563255, "max": 1, "var": 0.0134278060868, "mean": 0.013612951152}, "erbbands_kurtosis": {"dmean2": 1.23271548748, "median": 0.268309772015, "min": -1.74897146225, "dvar2": 2.51319265366, "dvar": 1.08461558819, "dmean": 0.801385700703, "max": 19.469455719, "var": 2.8343129158, "mean": 0.646765589714}, "erbbands": {"dmean2": [0.0201590973884, 0.711050570011, 4.85333395004, 4.08787822723, 4.27606868744, 6.5038228035, 10.0130548477, 19.1147232056, 23.3511562347, 28.9325485229, 34.3951148987, 43.4859390259, 59.9391899109, 69.6062011719, 62.7136726379, 57.6276550293, 48.6144294739, 45.6646270752, 19.7566242218, 14.9418764114, 13.911113739, 11.134598732, 6.39379024506, 3.58569455147, 1.28689241409, 1.22279477119, 1.46476840973, 1.36812877655, 0.905465483665, 0.689283311367, 0.686346948147, 0.801122963428, 0.589790940285, 0.157124251127, 0.0212486069649, 0.00255435542203, 0.000603926659096, 0.000121852237498, 8.28814336273e-06, 1.47894379552e-05], "median": [0.012636968866, 0.341930568218, 2.27095317841, 2.91346168518, 2.07251858711, 4.22817420959, 7.65209293365, 15.7929954529, 18.7067699432, 19.0802764893, 24.912322998, 26.4278697968, 28.7184066772, 42.2476844788, 45.6646270752, 36.0536880493, 25.4140052795, 22.1150093079, 13.0626096725, 9.69272136688, 10.3962306976, 7.09386396408, 3.81719398499, 2.14187264442, 0.548328816891, 0.230439394712, 0.204987257719, 0.126447975636, 0.0519066080451, 0.0164825767279, 0.0110588017851, 0.0117238936946, 0.00739351008087, 0.00390249071643, 0.00108544714749, 0.000287281465717, 0.000172727741301, 5.19728528161e-05, 2.0994724764e-05, 4.37038615928e-05], "min": [2.71576814572e-22, 2.12037188127e-21, 3.2726225596e-21, 2.6871912164e-20, 3.70566897784e-20, 2.74261373916e-19, 2.91724862707e-19, 1.44924460238e-19, 2.19834414724e-19, 4.28530713253e-19, 1.11279160241e-18, 1.30215588869e-18, 2.18997204547e-18, 1.42457593101e-18, 2.06110950695e-18, 2.44094712192e-18, 2.40646795924e-18, 3.39608078791e-18, 4.0551950504e-18, 3.1293047006e-18, 5.7869563926e-18, 9.4825173009e-18, 9.34376188905e-18, 1.04762631375e-17, 1.70363984835e-17, 1.51017305643e-17, 1.32976297959e-17, 1.48334461131e-17, 1.51839920218e-17, 1.51835436899e-17, 1.29353519846e-17, 1.28755311099e-17, 1.27104151063e-17, 1.14005506181e-17, 8.97596678302e-18, 5.02983053331e-18, 2.85142226601e-18, 1.36690675986e-18, 2.74747885363e-19, 3.07203667327e-20], "dvar2": [0.00149961491115, 1.89694929123, 97.1511077881, 57.3607559204, 100.128517151, 178.275466919, 287.496002197, 1003.86315918, 2006.19030762, 3386.50268555, 4116.95556641, 6854.44775391, 21046.1308594, 23983.0527344, 13897.9472656, 13613.1376953, 13262.3271484, 13412.7724609, 1385.19604492, 1183.26916504, 780.110778809, 1391.60742188, 454.278533936, 72.684967041, 11.7727537155, 12.7803869247, 19.715473175, 19.4027690887, 5.71249485016, 3.55121803284, 3.9198551178, 5.95417928696, 3.25048732758, 0.220812678337, 0.00378269259818, 8.67844646564e-05, 7.06088485458e-06, 3.40773709695e-07, 2.43300823932e-10, 3.47709666615e-10], "dvar": [0.000662534905132, 0.918365955353, 41.1163368225, 22.1590518951, 40.0297546387, 70.8696975708, 117.3592453, 422.240661621, 819.792175293, 1453.82141113, 1781.04248047, 3166.52319336, 8210.70214844, 10224.0371094, 5951.31152344, 6864.13183594, 6074.84179688, 6839.48779297, 664.293395996, 535.925964355, 371.714202881, 633.859313965, 194.242935181, 35.4061775208, 5.49204540253, 5.51981735229, 8.01283550262, 7.39440917969, 2.21509075165, 1.36244165897, 1.47482216358, 2.21632504463, 1.18428242207, 0.0824133083224, 0.00156498304568, 3.95668503188e-05, 2.90489083454e-06, 1.25249130178e-07, 9.60016302565e-11, 1.48983436699e-10], "dmean": [0.0131629379466, 0.473245382309, 3.13778829575, 2.56673741341, 2.73889899254, 4.14224004745, 6.4895195961, 12.36921978, 14.5065803528, 18.5688114166, 22.8721694946, 28.9187469482, 37.9502830505, 44.4564323425, 40.9952697754, 39.1944274902, 32.9139289856, 30.6905555725, 13.0236749649, 9.71327495575, 9.18498706818, 7.57631540298, 4.33064031601, 2.46976065636, 0.864517986774, 0.796029150486, 0.927601695061, 0.848991572857, 0.557005047798, 0.416902154684, 0.408710539341, 0.467712879181, 0.341805994511, 0.0943982079625, 0.0137630272657, 0.00174428406172, 0.000414783833548, 7.80891787144e-05, 5.38508129466e-06, 9.52475875238e-06], "max": [0.531714260578, 13.9433946609, 76.1748733521, 68.1864624023, 123.361534119, 177.833587646, 172.630493164, 354.155487061, 799.393371582, 857.707763672, 711.912719727, 1465.26574707, 1556.34240723, 2184.90649414, 1360.57202148, 1783.75036621, 1820.25158691, 2946.87524414, 808.538330078, 412.656433105, 446.384216309, 1146.45458984, 667.217590332, 202.110961914, 72.4990234375, 67.9476699829, 56.0961303711, 85.9183273315, 22.0074329376, 18.3388786316, 22.5192813873, 33.0346984863, 20.4090614319, 6.66839456558, 0.628088235855, 0.132786229253, 0.0531282313168, 0.0142048820853, 0.000323200220009, 0.000147085389472], "var": [0.00211851391941, 3.27186226845, 98.2381439209, 47.6081733704, 154.80090332, 237.906738281, 405.179443359, 1639.63537598, 2730.84887695, 6020.66015625, 5779.23632813, 12969.8935547, 23777.8925781, 31140.6894531, 27199.90625, 33346.9414063, 22311.7695313, 22444.0332031, 2655.2590332, 1805.96081543, 1329.73291016, 1782.91064453, 508.25982666, 165.8984375, 9.38400650024, 8.45106697083, 9.62117576599, 6.62456512451, 2.00220346451, 1.18057274818, 1.13564741611, 1.60976052284, 0.784377634525, 0.0598325133324, 0.00162818026729, 5.20960384165e-05, 3.33986122314e-06, 9.90254847011e-08, 1.37575978387e-10, 3.91603222072e-10], "mean": [0.0301744062454, 1.13626039028, 6.62524366379, 5.43461036682, 6.59609603882, 10.0802955627, 15.5571460724, 31.2748222351, 34.1725883484, 49.6012001038, 52.8578643799, 74.535949707, 90.3042831421, 96.9988861084, 110.532249451, 107.228408813, 78.4625549316, 67.3086624146, 31.1795120239, 25.0106487274, 23.5344314575, 19.2520198822, 11.0525493622, 6.30235767365, 1.46658909321, 0.987572073936, 1.02165269852, 0.807877063751, 0.49836319685, 0.345191419125, 0.322676062584, 0.346842944622, 0.246745333076, 0.0747237950563, 0.0127434395254, 0.00197066226974, 0.000553525460418, 0.00011123677541, 2.19606936298e-05, 4.40237090515e-05]}, "spectral_strongpeak": {"dmean2": 1.22496724129, "median": 1.07713055611, "min": 0, "dvar2": 2.66611289978, "dvar": 1.18415820599, "dmean": 0.731088519096, "max": 13.6988344193, "var": 3.49366426468, "mean": 1.93029129505}, "spectral_energy": {"dmean2": 0.0129594029859, "median": 0.0379228740931, "min": 1.06821546928e-20, "dvar2": 0.000268478150247, "dvar": 0.000114572387247, "dmean": 0.00830792915076, "max": 0.128300026059, "var": 0.000292972836178, "mean": 0.0381218381226}, "average_loudness": 0.974338054657, "spectral_rolloff": {"dmean2": 260.650634766, "median": 990.52734375, "min": 107.666015625, "dvar2": 271972.03125, "dvar": 125916.59375, "dmean": 152.204971313, "max": 19121.484375, "var": 426765.65625, "mean": 1007.19018555}, "spectral_centroid": {"dmean2": 155.11114502, "median": 789.260253906, "min": 125.427658081, "dvar2": 57141.8828125, "dvar": 31130.3808594, "dmean": 103.334335327, "max": 11247.5820313, "var": 148572.640625, "mean": 808.040222168}, "pitch_salience": {"dmean2": 0.0911250337958, "median": 0.523154377937, "min": 0.0647179856896, "dvar2": 0.00758213223889, "dvar": 0.00322505482472, "dmean": 0.0579596534371, "max": 0.87602686882, "var": 0.0148035362363, "mean": 0.518919527531}, "spectral_energyband_middle_high": {"dmean2": 0.00516261579469, "median": 0.00828470289707, "min": 1.3162199487e-21, "dvar2": 5.97295693296e-05, "dvar": 2.68297881121e-05, "dmean": 0.003424215829, "max": 0.0856688320637, "var": 0.000111282373837, "mean": 0.0116666862741}, "spectral_contrast_coeffs": {"dmean2": [0.0757524371147, 0.0741538479924, 0.0646275132895, 0.0522734113038, 0.0453001670539, 0.0528206750751], "median": [-0.577655553818, -0.635147869587, -0.672006607056, -0.711132109165, -0.732957243919, -0.772087216377], "min": [-0.96615755558, -0.967839717865, -0.970333635807, -0.965655863285, -0.959416925907, -0.964043080807], "dvar2": [0.00373998610303, 0.0041068084538, 0.00307770329528, 0.00188713415992, 0.00158028444275, 0.00214752787724], "dvar": [0.0014122670982, 0.00167140446138, 0.00130535382777, 0.000881211191881, 0.000966325984336, 0.000890641647857], "dmean": [0.0461536496878, 0.0466662496328, 0.0402900949121, 0.0338719263673, 0.0320236347616, 0.0340033620596], "max": [-0.309052884579, -0.371461391449, -0.389050871134, -0.488308399916, -0.475555300713, -0.470469534397], "var": [0.00699081784114, 0.00758281629533, 0.00773989455774, 0.00514353532344, 0.00601190328598, 0.00352626666427], "mean": [-0.581126272678, -0.635617136955, -0.670358002186, -0.709701955318, -0.730916023254, -0.766538441181]}, "melbands_skewness": {"dmean2": 0.699225604534, "median": 1.05627965927, "min": -1.86120092869, "dvar2": 0.808202087879, "dvar": 0.367771059275, "dmean": 0.463650316, "max": 9.02133846283, "var": 1.85636913776, "mean": 1.35123479366}, "spectral_spread": {"dmean2": 824193, "median": 1651269.75, "min": 466016.3125, "dvar2": 1683567542270.0, "dvar": 840637284352, "dmean": 599987.8125, "max": 40487372, "var": 2205701373950.0, "mean": 2071045.25}, "dissonance": {"dmean2": 0.0585909411311, "median": 0.42346572876, "min": 0.199405446649, "dvar2": 0.00281763891689, "dvar": 0.00102274143137, "dmean": 0.0352849811316, "max": 0.499981015921, "var": 0.00226945639588, "mean": 0.415845632553}, "spectral_skewness": {"dmean2": 1.40922772884, "median": 2.87277841568, "min": -0.0207564849406, "dvar2": 1.63294374943, "dvar": 0.655159592628, "dmean": 0.875583171844, "max": 10.8629074097, "var": 1.83353531361, "mean": 3.16983675957}, "spectral_flux": {"dmean2": 0.0417044870555, "median": 0.0652204602957, "min": 6.83765821741e-11, "dvar2": 0.00208767037839, "dvar": 0.000909965485334, "dmean": 0.0268149990588, "max": 0.290970057249, "var": 0.00191604171414, "mean": 0.0760441422462}, "spectral_contrast_valleys": {"dmean2": [0.706813514233, 0.570749402046, 0.544906139374, 0.518247902393, 0.593425929546, 1.07105112076], "median": [-7.67563152313, -6.77042675018, -7.07826662064, -7.8563041687, -8.87917709351, -12.7414608002], "min": [-28.3416423798, -27.4892063141, -27.7369422913, -27.634803772, -27.3263893127, -27.2530403137], "dvar2": [0.33358964324, 0.274665266275, 0.276221901178, 0.263833492994, 0.393740594387, 0.840239465237], "dvar": [0.151608288288, 0.12993915379, 0.129608213902, 0.126839488745, 0.249215871096, 0.511939823627], "dmean": [0.435796707869, 0.358671307564, 0.345051884651, 0.339542865753, 0.479012668133, 0.881116509438], "max": [-5.73863267899, -4.80976915359, -5.05315065384, -5.89602327347, -5.62599229813, -8.36797714233], "var": [0.78565710783, 0.74468934536, 0.77688896656, 0.762897849083, 1.39857411385, 2.38619303703], "mean": [-7.70487642288, -6.82461309433, -7.14110136032, -7.93109321594, -8.96735286713, -12.3497991562]}, "erbbands_flatness_db": {"dmean2": 0.0322859510779, "median": 0.285952150822, "min": 0.0920722037554, "dvar2": 0.00115524721332, "dvar": 0.000735348148737, "dmean": 0.02627825737, "max": 0.436191827059, "var": 0.00381707330234, "mean": 0.277400642633}, "spectral_energyband_high": {"dmean2": 0.00013918375771, "median": 1.05801900645e-05, "min": 7.61540115097e-21, "dvar2": 1.46602104678e-07, "dvar": 5.69321727539e-08, "dmean": 8.58713174239e-05, "max": 0.00409410335124, "var": 5.24898133847e-08, "mean": 7.96909516794e-05}, "spectral_entropy": {"dmean2": 0.335188388824, "median": 6.51286554337, "min": 4.69814920425, "dvar2": 0.156105220318, "dvar": 0.0855295211077, "dmean": 0.258113205433, "max": 9.80647468567, "var": 0.294592857361, "mean": 6.56636810303}, "silence_rate_20dB": {"dmean2": 0, "median": 1, "min": 1, "dvar2": 0, "dvar": 0, "dmean": 0, "max": 1, "var": 0, "mean": 1}, "melbands_flatness_db": {"dmean2": 0.0447331704199, "median": 0.313534498215, "min": 0.00505183171481, "dvar2": 0.00227496516891, "dvar": 0.00138282822445, "dmean": 0.0360482409596, "max": 0.657206535339, "var": 0.00637923087925, "mean": 0.314479082823}, "barkbands": {"dmean2": [7.09324331183e-06, 0.00226837443188, 0.00467212218791, 0.00101521180477, 0.00181152310688, 0.00209459476173, 0.001847119187, 0.00138567551039, 0.0023120904807, 0.00198852759786, 0.0019244493451, 0.00146224454511, 0.00120356783736, 0.000826576608233, 0.000378465221729, 0.000213448933209, 0.000235430037719, 0.000110327695438, 4.43437347712e-05, 2.61413115368e-05, 3.62566279364e-05, 2.38115317188e-05, 2.36304167629e-05, 3.85788334825e-05, 7.36135734769e-06, 3.67688357983e-07, 2.93961228692e-08], "median": [2.3791408239e-06, 0.00105698418338, 0.00228972919285, 0.000447778846137, 0.00139686488546, 0.00191363273188, 0.00123399286531, 0.000903086795006, 0.00116401724517, 0.000767064630054, 0.000757956353482, 0.000701333861798, 0.000452247390058, 0.000276358536212, 0.000215067266254, 0.000140059244586, 0.000115520502732, 5.59272484679e-05, 1.76205903699e-05, 4.33574768977e-06, 4.39281120634e-06, 1.25806457163e-06, 3.70660814042e-07, 5.2899486036e-07, 2.51007264751e-07, 7.84775409102e-08, 1.10525704144e-08], "min": [7.08168323226e-25, 1.01168484421e-23, 2.17194371186e-24, 5.88375534919e-24, 5.73998734248e-23, 1.83669522152e-23, 8.48581462279e-24, 4.77834317982e-23, 7.88599255836e-23, 4.23160735224e-23, 4.60647500104e-23, 4.45760337981e-23, 5.43679591108e-23, 7.57585536446e-23, 6.6655288125e-23, 6.40014464438e-23, 1.48783129962e-22, 1.92016317395e-22, 2.06279086645e-22, 2.9714123429e-22, 3.50826210251e-22, 4.01555570524e-22, 4.73181641607e-22, 7.81650388381e-22, 1.23958931879e-21, 1.49925082484e-21, 2.38237528185e-21], "dvar2": [1.51803764004e-10, 1.96898672584e-05, 9.08599031391e-05, 3.81042218578e-06, 1.19100131997e-05, 1.05607259684e-05, 1.25284914247e-05, 6.21100298304e-06, 1.82857365871e-05, 2.11244368984e-05, 1.71819156094e-05, 8.7383286882e-06, 7.52174855734e-06, 5.50618688067e-06, 6.05036746038e-07, 1.66487467368e-07, 4.94279731811e-07, 1.03611931479e-07, 1.24382335542e-08, 6.01562311076e-09, 1.25532935158e-08, 4.00372268672e-09, 4.42099912235e-09, 1.36183162525e-08, 4.6038453605e-10, 2.43764513783e-1