{"tonal": {"thpcp": [1, 0.849719822407, 0.690461933613, 0.613105595112, 0.533301949501, 0.439346849918, 0.330662608147, 0.289389312267, 0.306391656399, 0.355991363525, 0.461183875799, 0.614703297615, 0.664673686028, 0.579433619976, 0.473333150148, 0.407076358795, 0.426386505365, 0.501606047153, 0.536471426487, 0.510210871696, 0.628106951714, 0.801115810871, 0.653957605362, 0.462155878544, 0.479494810104, 0.536163985729, 0.537631630898, 0.507816791534, 0.503474652767, 0.536794364452, 0.538845360279, 0.468811482191, 0.452144801617, 0.502880275249, 0.612100839615, 0.852297604084], "hpcp": {"dmean2": [0.317181825638, 0.346719801426, 0.375748425722, 0.431168913841, 0.407465308905, 0.348508656025, 0.365287810564, 0.398294091225, 0.361226677895, 0.317115545273, 0.301062375307, 0.3052508533, 0.300631403923, 0.26325288415, 0.270134657621, 0.295128822327, 0.351496845484, 0.423603922129, 0.452436983585, 0.444956183434, 0.388881385326, 0.325805783272, 0.322710990906, 0.30287489295, 0.220750212669, 0.195016726851, 0.207926750183, 0.235017627478, 0.28818500042, 0.342465311289, 0.364131689072, 0.357078611851, 0.327295660973, 0.284214615822, 0.303511530161, 0.330754429102], "median": [0.06821590662, 0.0741188824177, 0.117771469057, 0.142872065306, 0.112902201712, 0.0632474422455, 0.058622457087, 0.0706823691726, 0.0750325322151, 0.0789228379726, 0.0923352241516, 0.108225151896, 0.109611786902, 0.0947063341737, 0.0871253684163, 0.0952234566212, 0.118650138378, 0.177088737488, 0.204915672541, 0.18774330616, 0.142373844981, 0.103423886001, 0.0944687277079, 0.0749046355486, 0.0556491166353, 0.0421880558133, 0.0431345291436, 0.0530286058784, 0.0843013525009, 0.123161822557, 0.130133241415, 0.0984872877598, 0.0679718703032, 0.0531325563788, 0.0568680092692, 0.0627427324653], "min": [0, 0, 0, 0, 0, 0, 0, 0, 0, 0, 0, 0, 0, 0, 0, 0, 0, 0, 0, 0, 0, 0, 0, 0, 0, 0, 0, 0, 0, 0, 0, 0, 0, 0, 0, 0], "dvar2": [0.145145907998, 0.156040504575, 0.145560100675, 0.175573050976, 0.163503333926, 0.168718397617, 0.189403757453, 0.210031330585, 0.178743049502, 0.150858566165, 0.130507051945, 0.125110208988, 0.119910627604, 0.0997462943196, 0.112242631614, 0.124383412302, 0.138261437416, 0.162810623646, 0.170533210039, 0.165399715304, 0.155100852251, 0.134108453989, 0.127778545022, 0.11760828644, 0.0862227678299, 0.0894034951925, 0.0920583754778, 0.109509669244, 0.125866934657, 0.134037852287, 0.142369031906, 0.156568557024, 0.150313392282, 0.130177736282, 0.148509904742, 0.161504924297], "dvar": [0.0545533783734, 0.0558473207057, 0.0527442023158, 0.0676962733269, 0.0586276352406, 0.0599041171372, 0.069190710783, 0.0763330534101, 0.0656821653247, 0.0559713542461, 0.0479230880737, 0.0453117154539, 0.0435884855688, 0.0357546433806, 0.0404577702284, 0.0453213267028, 0.0507589392364, 0.0600999519229, 0.066974774003, 0.0612343251705, 0.0564434193075, 0.0504239685833, 0.0463037565351, 0.0423962213099, 0.0306420829147, 0.0319013819098, 0.033455286175, 0.03923118487, 0.0461620911956, 0.0502712130547, 0.0543916486204, 0.0580917783082, 0.0546114370227, 0.0477895438671, 0.0524268597364, 0.0572011731565], "dmean": [0.178377732635, 0.19196420908, 0.211766183376, 0.245374560356, 0.22787027061, 0.191557824612, 0.199647769332, 0.217084243894, 0.197193160653, 0.175799131393, 0.16934171319, 0.173147320747, 0.170149207115, 0.148767396808, 0.150889620185, 0.165075093508, 0.197018995881, 0.241130799055, 0.259186089039, 0.255190551281, 0.22182457149, 0.186476930976, 0.181407123804, 0.167363166809, 0.122638143599, 0.107740171254, 0.114967420697, 0.131155267358, 0.15982092917, 0.194473028183, 0.208563104272, 0.201246723533, 0.180304050446, 0.15654784441, 0.166808307171, 0.182059541345], "max": [1, 1, 1, 1, 1, 1, 1, 1, 1, 1, 1, 1, 1, 1, 1, 1, 1, 1, 1, 1, 1, 1, 1, 1, 1, 1, 1, 1, 1, 1, 1, 1, 1, 1, 1, 1], "var": [0.0669555589557, 0.0553537905216, 0.0582615472376, 0.0925270840526, 0.0664210096002, 0.0514033511281, 0.0587270408869, 0.066273547709, 0.0628022775054, 0.055546309799, 0.0448990538716, 0.0447667017579, 0.0446853749454, 0.0359170511365, 0.0370232351124, 0.0437643900514, 0.0553283840418, 0.0826233178377, 0.108704417944, 0.078230381012, 0.063448920846, 0.0650465637445, 0.0497423000634, 0.0385242775083, 0.0265928767622, 0.0269968044013, 0.0301989503205, 0.0352211929858, 0.0436266213655, 0.0550295077264, 0.0622133798897, 0.0602043643594, 0.0504433661699, 0.0433708019555, 0.0469336509705, 0.0607079491019], "mean": [0.185545280576, 0.176462739706, 0.217238560319, 0.277075797319, 0.22617931664, 0.159842327237, 0.165839210153, 0.185438945889, 0.185946553946, 0.175634711981, 0.174132928252, 0.185656964779, 0.186366334558, 0.162144243717, 0.15637986362, 0.173927351832, 0.211702644825, 0.294777661562, 0.345862358809, 0.293886095285, 0.238804787397, 0.212050154805, 0.184449061751, 0.151953533292, 0.114363744855, 0.100088872015, 0.105969339609, 0.123124010861, 0.159506142139, 0.212602734566, 0.229885607958, 0.200404286385, 0.163708120584, 0.140792384744, 0.147471040487, 0.17348664999]}, "tuning_equal_tempered_deviation": 0.138503044844, "chords_changes_rate": 0.0625386983156, "key_key": "G", "tuning_diatonic_strength": 0.444759011269, "key_scale": "minor", "chords_number_rate": 0.00278637767769, "tuning_frequency": 444.598632813, "tuning_nontempered_energy_ratio": 0.868419229984, "chords_histogram": [0.061919502914, 0, 0, 0, 0.835913300514, 1.2074303627, 0, 0.030959751457, 1.5479875803, 2.75541806221, 0, 7.70897817612, 0.216718271375, 0, 0, 3.12693500519, 2.32198143005, 0, 0, 0, 0, 3.12693500519, 64.2724456787, 12.7863779068], "key_strength": 0.631035625935, "chords_key": "C", "chords_strength": {"dmean2": 0.0172019507736, "median": 0.545191526413, "min": 0.218298956752, "dvar2": 0.000211098507862, "dvar": 0.000118020921946, "dmean": 0.0132716586813, "max": 0.779607534409, "var": 0.00857352092862, "mean": 0.54381608963}, "chords_scale": "minor", "hpcp_entropy": {"dmean2": 1.12310659885, "median": 3.24174356461, "min": 0, "dvar2": 0.8084821105, "dvar": 0.292080163956, "dmean": 0.662865102291, "max": 4.69678974152, "var": 0.619127333164, "mean": 3.11574625969}}, "metadata": {"audio_properties": {"equal_loudness": 0, "codec": "mp3", "downmix": "mix", "sample_rate": 44100, "analysis_sample_rate": 44100, "bit_rate": 320000, "md5_encoded": "9f4c7e6e6e2687cd11518506c85753bb", "length": 149.916732788, "replay_gain": -12.5700683594, "lossless": false}, "version": {"essentia_build_sha": "2d9f1f26377add8aeb1075a9c2973f962c4f09fd", "essentia": "2.1-beta2", "extractor": "music 1.0", "essentia_git_sha": "v2.1_beta2-1-ge3940c0"}, "tags": {"title": ["Est\u00fapidos do metal infernal"], "language": ["por"], "media": ["CD"], "albumartist": ["For\u00e7a Macabra"], "musicbrainz_recordingid": ["15d681d4-8e23-4f7c-99f8-886f91af630e"], "musicbrainz_albumartistid": ["fe610c4d-55d2-466c-9427-614b59d351b5"], "discnumber": ["1/1"], "album": ["Histeria"], "catalognumber": ["NFCD-018"], "musicbrainz album release country": ["BR"], "musicbrainz album type": ["compilation"], "musicbrainz album status": ["official"], "file_name": "10 - Est\u00fapidos do metal infernal.mp3", "date": ["2002"], "genre": ["Crossover", "Hardcore", "Punk"], "musicip_puid": ["808b2837-34c7-6f12-0da8-306ca1c2565a"], "script": ["Latn"], "originaldate": ["2002"], "musicbrainz_albumid": ["835e9c6c-d4ce-46cb-a256-6cafd290decc"], "artist": ["For\u00e7a Macabra"], "artistsort": ["For\u00e7a Macabra"], "tracknumber": ["10/31"], "label": ["No Fashion Records"], "albumartistsort": ["For\u00e7a Macabra"], "musicbrainz_artistid": ["fe610c4d-55d2-466c-9427-614b59d351b5"]}}, "rhythm": {"bpm_histogram_first_peak_bpm": {"dmean2": 0, "median": 115, "min": 115, "dvar2": 0, "dvar": 0, "dmean": 0, "max": 115, "var": 0, "mean": 115}, "bpm": 115.325942993, "bpm_histogram_second_peak_spread": {"dmean2": 0, "median": 0, "min": 0, "dvar2": 0, "dvar": 0, "dmean": 0, "max": 0, "var": 0, "mean": 0}, "bpm_histogram_first_peak_weight": {"dmean2": 0, "median": 0.242214530706, "min": 0.242214530706, "dvar2": 0, "dvar": 0, "dmean": 0, "max": 0.242214530706, "var": 0, "mean": 0.242214530706}, "onset_rate": 3.04806375504, "beats_position": [0.626938760281, 1.25387752056, 1.86920630932, 2.48453521729, 3.09986400604, 3.72680258751, 4.35374164581, 4.99229001999, 5.61922883987, 6.25777769089, 6.8963265419, 7.52326536179, 8.15020370483, 8.77714252472, 9.26476192474, 9.76399040222, 10.2632198334, 10.7624483109, 11.261677742, 11.7725172043, 12.2833557129, 12.7941951752, 13.3050336838, 13.8274831772, 14.3499317169, 14.8723802567, 15.3948297501, 15.9172782898, 16.4397277832, 16.9505672455, 17.4614048004, 17.9722442627, 18.483083725, 19.0055332184, 19.5279808044, 20.0388202667, 20.549659729, 21.0837192535, 21.6177768707, 22.1518363953, 22.7091159821, 23.219953537, 23.7307929993, 24.2532424927, 24.7756919861, 25.3097496033, 25.8438091278, 26.3546485901, 26.865486145, 27.3763256073, 27.8871650696, 28.409614563, 28.932062149, 29.4545116425, 29.9769611359, 30.4994106293, 31.0218582153, 31.5326976776, 32.0435371399, 32.5659866333, 33.0884361267, 33.5992736816, 34.121723175, 34.6441726685, 35.1666221619, 35.6658477783, 36.1650772095, 36.6643066406, 37.1751480103, 37.6859855652, 38.1968231201, 38.7192726135, 39.2417221069, 39.7525634766, 40.2634010315, 40.7742385864, 41.2850799561, 41.795917511, 42.3183670044, 42.8408164978, 43.3516540527, 43.8741035461, 44.3965530396, 44.919002533, 45.4298400879, 45.9522895813, 46.4747390747, 46.9971885681, 47.5196380615, 48.0420837402, 48.5529251099, 49.0637626648, 49.5746040344, 50.0738296509, 50.5846710205, 51.0955085754, 51.6179580688, 52.1287956238, 52.6512451172, 53.1736946106, 53.6845359802, 54.1953735352, 54.7062110901, 55.2286605835, 55.7511100769, 56.2619476318, 56.7727890015, 57.2836265564, 57.8176841736, 58.3285255432, 58.8393630981, 59.3502044678, 59.8610420227, 60.3602714539, 60.8711090088, 61.3703384399, 61.8695678711, 62.3687973022, 62.8796348572, 63.3904762268, 63.9013137817, 64.4121551514, 64.9113845825, 65.4106140137, 65.8982315063, 66.385848999, 66.8618545532, 67.5004043579, 68.1389541626, 68.7775039673, 69.416053772, 70.0546035767, 70.6931533813, 71.3316955566, 71.9818572998, 72.6436233521, 73.2821731567, 73.9091110229, 74.5128326416, 75.1165542603, 75.7434921265, 76.3472061157, 76.9509277344, 77.5430374146, 78.1351470947, 78.738861084, 79.3309707642, 79.9230804443, 80.503578186, 81.0840835571, 81.6877975464, 82.2682952881, 82.8371887207, 83.4060745239, 83.9865722656, 84.5554656982, 85.1243515015, 85.7048492432, 86.2853469849, 86.865852356, 87.4463500977, 88.0268478394, 88.6073455811, 89.1878433228, 89.7683410645, 90.3488388062, 90.9293441772, 91.5098419189, 92.0787277222, 92.6592254639, 93.2397232056, 93.8086166382, 94.3891143799, 94.9696121216, 95.5501098633, 96.130607605, 96.6995010376, 97.2567749023, 97.825668335, 98.4061660767, 98.9750518799, 99.5439453125, 100.101219177, 100.681724548, 101.238998413, 101.784667969, 102.330337524, 102.841178894, 103.363624573, 103.886077881, 104.40852356, 104.930976868, 105.441810608, 105.964263916, 106.486709595, 107.009155273, 107.531608582, 108.05405426, 108.588119507, 109.110565186, 109.644622803, 110.167076111, 110.68952179, 111.200363159, 111.722808838, 112.256866455, 112.779319763, 113.301765442, 113.847434998, 114.404716492, 114.961990356, 115.519271851, 116.064941406, 116.610610962, 117.133056641, 117.667114258, 118.212783813, 118.74684906, 119.280906677, 119.814964294, 120.349021912, 120.87147522, 121.393920898, 121.927978516, 122.462036133, 122.99609375, 123.530158997, 124.064216614, 124.586662292, 125.109115601, 125.619949341, 126.142402649, 126.664848328, 127.175689697, 127.686531067, 128.197372437, 128.719818115, 129.230651855, 129.741500854, 130.263946533, 130.786392212, 131.308837891, 131.831283569, 132.353744507, 132.887802124, 133.410247803, 133.932693481, 134.45513916, 134.977600098, 135.325897217, 135.697418213, 136.057327271, 136.428848267, 136.800354004, 137.160263062, 137.520172119, 137.880081177, 138.228393555, 138.576690674, 138.936599731, 139.296508789, 139.644805908, 139.993103027, 140.341400146, 140.689697266, 141.037994385, 141.386306763, 141.734603882, 142.082901001, 142.43119812, 142.779495239, 143.11618042, 143.452880859, 143.801177979, 144.149475098, 144.497772217, 144.846069336, 145.194366455, 145.542678833, 145.879364014, 146.227661133, 146.564346313, 146.912643433, 147.260955811, 147.60925293, 147.934326172, 148.271011353, 148.61932373, 148.956008911, 149.30430603], "beats_loudness": {"dmean2": 0.0193778071553, "median": 0.0303364135325, "min": 0.00179677305277, "dvar2": 0.000433270237409, "dvar": 0.000140767762787, "dmean": 0.01094313059, "max": 0.0955035090446, "var": 0.000158545910381, "mean": 0.032877612859}, "danceability": 1.29328906536, "bpm_histogram_second_peak_weight": {"dmean2": 0, "median": 0.086505189538, "min": 0.086505189538, "dvar2": 0, "dvar": 0, "dmean": 0, "max": 0.086505189538, "var": 0, "mean": 0.086505189538}, "beats_count": 290, "bpm_histogram_second_peak_bpm": {"dmean2": 0, "median": 172, "min": 172, "dvar2": 0, "dvar": 0, "dmean": 0, "max": 172, "var": 0, "mean": 172}, "bpm_histogram_first_peak_spread": {"dmean2": 0, "median": 0.530201375484, "min": 0.530201375484, "dvar2": 0, "dvar": 0, "dmean": 0, "max": 0.530201375484, "var": 0, "mean": 0.530201375484}, "beats_loudness_band_ratio": {"dmean2": [0.29062590003, 0.207006677985, 0.11200773716, 0.0893000811338, 0.104607909918, 0.185143426061], "median": [0.344627201557, 0.170682698488, 0.0408339574933, 0.0355543121696, 0.111570335925, 0.221129775047], "min": [0.0168913844973, 0.0143006704748, 0.00396186625585, 0.00247650407255, 0.0136767914519, 0.0327792242169], "dvar2": [0.0498992353678, 0.0318138599396, 0.0199566744268, 0.0136126354337, 0.00854774937034, 0.0211676359177], "dvar": [0.016159132123, 0.0106272203848, 0.00701756356284, 0.00505945086479, 0.0029213889502, 0.00858727749437], "dmean": [0.166302889585, 0.116699062288, 0.0608794726431, 0.0513543747365, 0.0598308816552, 0.109773129225], "max": [0.792839705944, 0.637345731258, 0.561858832836, 0.452829152346, 0.347341805696, 0.877064287663], "var": [0.0257918667048, 0.0148782366887, 0.00591880641878, 0.00802067387849, 0.00328216399066, 0.012962711975], "mean": [0.364102065563, 0.196348071098, 0.065622292459, 0.0698464512825, 0.121007628739, 0.238597944379]}}, "lowlevel": {"barkbands_spread": {"dmean2": 18.1007423401, "median": 52.0978927612, "min": 3.30059337616, "dvar2": 305.477722168, "dvar": 110.39025116, "dmean": 10.871632576, "max": 120.296669006, "var": 257.025878906, "mean": 51.8836479187}, "melbands_spread": {"dmean2": 31.655216217, "median": 46.3788833618, "min": 2.12692570686, "dvar2": 794.206420898, "dvar": 292.47052002, "dmean": 19.2473526001, "max": 198.144775391, "var": 653.260681152, "mean": 49.3577842712}, "hfc": {"dmean2": 19.9865283966, "median": 52.3703613281, "min": 1.12214249873e-16, "dvar2": 457.589019775, "dvar": 205.511016846, "dmean": 13.3772516251, "max": 238.209472656, "var": 633.508117676, "mean": 55.6931381226}, "barkbands_kurtosis": {"dmean2": 2.98223376274, "median": -0.908623218536, "min": -1.85606634617, "dvar2": 21.7503070831, "dvar": 7.8943066597, "dmean": 1.66890156269, "max": 58.1248397827, "var": 7.23658323288, "mean": -0.015466183424}, "gfcc": {"mean": [74.3680267334, 25.9641246796, -94.0752563477, 58.0883865356, -51.4672241211, 13.8869838715, -49.4693489075, 9.28413486481, -33.8299789429, 2.81154632568, -25.6249923706, 8.5267124176, -14.6287841797], "icov": [[0.000290774769383, -0.000392790592741, 0.000223701805226, -0.000131556982524, 0.000218466797378, -0.000383470061934, 0.000711079861503, -0.000672028283589, 0.000593632343225, -0.00108409428503, 0.0016151907621, -0.00174927827902, 0.00106948975008], [-0.000392790592741, 0.0040114140138, 0.00090069527505, -9.11993047339e-05, -0.000595662160777, 0.000501037749927, -0.00369482883252, 0.00344774825498, -0.00369063089602, 0.0051035983488, -0.00508367270231, 0.00467290170491, -0.00312176346779], [0.000223701805226, 0.00090069527505, 0.00488066906109, -0.00196631043218, -0.00169381231535, 0.00158621720038, -0.000953285081778, -0.00163141894154, 0.00088859081734, -0.00198365957476, 0.0055562062189, -0.00561162736267, 0.00367312226444], [-0.000131556982524, -9.11993047339e-05, -0.00196631043218, 0.006933582481, -0.00313513563015, 0.00042558205314, 0.00293323583901, 0.000696204020642, -0.00454407185316, 0.00571746379137, -0.0083242803812, 0.00823199562728, -0.00692235445604], [0.000218466797378, -0.000595662160777, -0.00169381231535, -0.00313513563015, 0.0114103695378, -0.00549560273066, -0.000293877266813, 0.00317272776738, -0.00158181821462, -0.0043959650211, 0.00533021753654, -0.00826721731573, 0.00501526938751], [-0.000383470061934, 0.000501037749927, 0.00158621720038, 0.00042558205314, -0.00549560273066, 0.0192411299795, -0.0127278119326, 0.000402905512601, 0.00530330091715, -0.0013539630454, -0.00789386592805, 0.00973053462803, -0.00568419182673], [0.000711079861503, -0.00369482883252, -0.000953285081778, 0.00293323583901, -0.000293877266813, -0.0127278119326, 0.0289624296129, -0.0197135526687, 0.00448383716866, 0.00297270878218, 0.00128790200688, -0.00632872991264, 0.0047122403048], [-0.000672028283589, 0.00344774825498, -0.00163141894154, 0.000696204020642, 0.00317272776738, 0.000402905512601, -0.0197135526687, 0.0401633791625, -0.0251386221498, 0.00774849066511, 0.00168101128656, -0.00106180820148, -0.00353356217965], [0.000593632343225, -0.00369063089602, 0.00088859081734, -0.00454407185316, -0.00158181821462, 0.00530330091715, 0.00448383716866, -0.0251386221498, 0.0437581650913, -0.0310193132609, 0.011406833306, 0.00191285717301, -0.00250838650391], [-0.00108409428503, 0.0051035983488, -0.00198365957476, 0.00571746379137, -0.0043959650211, -0.0013539630454, 0.00297270878218, 0.00774849066511, -0.0310193132609, 0.0529902242124, -0.0345902591944, 0.0134508581832, -0.0016692194622], [0.0016151907621, -0.00508367270231, 0.0055562062189, -0.0083242803812, 0.00533021753654, -0.00789386592805, 0.00128790200688, 0.00168101128656, 0.011406833306, -0.0345902591944, 0.0597342774272, -0.0375471562147, 0.0133093819022], [-0.00174927827902, 0.00467290170491, -0.00561162736267, 0.00823199562728, -0.00826721731573, 0.00973053462803, -0.00632872991264, -0.00106180820148, 0.00191285717301, 0.0134508581832, -0.0375471562147, 0.0594990216196, -0.0325060896575], [0.00106948975008, -0.00312176346779, 0.00367312226444, -0.00692235445604, 0.00501526938751, -0.00568419182673, 0.0047122403048, -0.00353356217965, -0.00250838650391, -0.0016692194622, 0.0133093819022, -0.0325060896575, 0.0432240478694]], "cov": [[4986.04589844, 264.259216309, -221.153076172, -199.456359863, -79.836730957, 25.4901599884, -20.1532802582, 29.2587108612, -30.7316188812, 14.9127607346, -47.5168266296, 60.9316291809, -40.9825782776], [264.259216309, 512.325073242, -213.344177246, 26.7622356415, -11.5106687546, 88.3087997437, 75.5574188232, -8.54102325439, -5.59042167664, -30.0385532379, 37.5524101257, -16.6802940369, 31.3003063202], [-221.153076172, -213.344177246, 434.733825684, 89.8096313477, 94.9307327271, -61.3271141052, -13.7414140701, 40.0361824036, 40.0764656067, 16.6792316437, -35.9444656372, 26.5788650513, -12.7789611816], [-199.456359863, 26.7622356415, 89.8096313477, 319.932250977, 83.4398498535, -20.2751369476, -55.4648170471, -9.70676708221, 56.0911750793, 27.5823764801, 29.2543621063, -5.70771503448, 34.398765564], [-79.836730957, -11.5106687546, 94.9307327271, 83.4398498535, 160.295623779, 36.5356941223, 12.9940729141, 5.47031164169, 24.042432785, 26.5332489014, 15.9654493332, 18.9014854431, 3.3945980072], [25.4901599884, 88.3087997437, -61.3271141052, -20.2751369476, 36.5356941223, 135.967376709, 85.1292953491, 19.8428211212, -13.9914865494, -2.79355335236, 23.3612651825, 3.32189512253, 8.07932567596], [-20.1532802582, 75.5574188232, -13.7414140701, -55.4648170471, 12.9940729141, 85.1292953491, 131.147125244, 59.9136505127, 0.181077495217, -15.974902153, 2.40027666092, 10.7524614334, 5.26905918121], [29.2587108612, -8.54102325439, 40.0361824036, -9.70676708221, 5.47031164169, 19.8428211212, 59.9136505127, 85.2580718994, 46.4406547546, 8.65497112274, -9.56761837006, 6.30423355103, 6.83159732819], [-30.7316188812, -5.59042167664, 40.0764656067, 56.0911750793, 24.042432785, -13.9914865494, 0.181077495217, 46.4406547546, 90.0551986694, 47.588684082, 5.07887840271, -4.47425317764, 7.2164106369], [14.9127607346, -30.0385532379, 16.6792316437, 27.5823764801, 26.5332489014, -2.79355335236, -15.974902153, 8.65497112274, 47.588684082, 67.6730194092, 30.0166072845, 4.85680770874, -0.75043708086], [-47.5168266296, 37.5524101257, -35.9444656372, 29.2543621063, 15.9654493332, 23.3612651825, 2.40027666092, -9.56761837006, 5.07887840271, 30.0166072845, 59.3809814453, 24.5708026886, 13.4510087967], [60.9316291809, -16.6802940369, 26.5788650513, -5.70771503448, 18.9014854431, 3.32189512253, 10.7524614334, 6.30423355103, -4.47425317764, 4.85680770874, 24.5708026886, 54.9771385193, 25.4088191986], [-40.9825782776, 31.3003063202, -12.7789611816, 34.398765564, 3.3945980072, 8.07932567596, 5.26905918121, 6.83159732819, 7.2164106369, -0.75043708086, 13.4510087967, 25.4088191986, 49.0138664246]]}, "spectral_energyband_middle_low": {"dmean2": 0.00977748259902, "median": 0.00992336496711, "min": 2.41799322262e-22, "dvar2": 0.000141101045301, "dvar": 5.21468500665e-05, "dmean": 0.00580158689991, "max": 0.0748042091727, "var": 6.92459361744e-05, "mean": 0.0119391269982}, "melbands_crest": {"dmean2": 7.03167104721, "median": 12.5758934021, "min": 2.26099443436, "dvar2": 30.8933048248, "dvar": 11.3124961853, "dmean": 4.17673778534, "max": 31.2093791962, "var": 21.1310176849, "mean": 13.2167348862}, "spectral_kurtosis": {"dmean2": 0.749825537205, "median": 1.96755719185, "min": -1.21279406548, "dvar2": 0.404081970453, "dvar": 0.15307828784, "dmean": 0.45641168952, "max": 7.75739860535, "var": 0.497724682093, "mean": 1.98035204411}, "spectral_rms": {"dmean2": 0.00232067750767, "median": 0.00532024074346, "min": 3.15480302472e-12, "dvar2": 7.06602349965e-06, "dvar": 2.59045305029e-06, "dmean": 0.00133639911655, "max": 0.0135266371071, "var": 2.93157995657e-06, "mean": 0.00562855880708}, "zerocrossingrate": {"dmean2": 0.0240806005895, "median": 0.13134765625, "min": 0.01953125, "dvar2": 0.000465494114906, "dvar": 0.000302547006868, "dmean": 0.0191948153079, "max": 0.50146484375, "var": 0.00223516975529, "mean": 0.137772962451}, "silence_rate_60dB": {"dmean2": 0.000619578699116, "median": 0, "min": 0, "dvar2": 0.000619169208221, "dvar": 0.000309668597765, "dmean": 0.000309741357341, "max": 1, "var": 0.00889989547431, "mean": 0.00898110866547}, "erbbands_kurtosis": {"dmean2": 1.3149818182, "median": 0.142818123102, "min": -1.74369859695, "dvar2": 1.52111780643, "dvar": 0.58812725544, "dmean": 0.801565945148, "max": 13.4761552811, "var": 1.553424716, "mean": 0.347479134798}, "erbbands": {"dmean2": [0.430627673864, 4.45677709579, 10.2290458679, 11.1043395996, 18.4563674927, 20.733455658, 14.9204616547, 16.8830184937, 11.2090034485, 9.24639701843, 18.6826934814, 22.0753536224, 14.5055751801, 18.2947216034, 24.3585987091, 26.5970153809, 27.1233158112, 23.4517021179, 19.2724761963, 20.6751441956, 57.6428756714, 55.077167511, 30.3936767578, 41.9391670227, 23.5494918823, 19.1342639923, 22.8094921112, 36.3384361267, 20.0455093384, 11.6071891785, 8.76027584076, 8.65564441681, 8.12299537659, 4.89520215988, 2.49355745316, 1.17191195488, 0.602673590183, 0.1250128299, 0.00247788708657, 8.97581849131e-05], "median": [0.0381106212735, 0.412176817656, 2.03579115868, 5.72347545624, 8.83676815033, 12.4432840347, 10.3134841919, 8.07592201233, 5.34896802902, 3.41714906693, 3.38264632225, 5.33584928513, 3.10003566742, 3.79664087296, 5.02945041656, 7.09311676025, 8.88394832611, 10.6861343384, 11.4122810364, 18.393863678, 45.8168830872, 65.3097076416, 42.1971282959, 49.0099067688, 31.3343772888, 24.200958252, 30.5036468506, 52.1294746399, 32.1905593872, 14.2779417038, 12.4798593521, 12.2964334488, 10.5066823959, 5.8192243576, 2.68605232239, 1.171895504, 0.533618569374, 0.0885486900806, 0.00176840252243, 0.000115575749078], "min": [3.01301265137e-21, 5.91293743453e-21, 7.91868482229e-21, 4.94721311667e-20, 1.32991733667e-19, 4.34181610533e-20, 7.32537385675e-20, 3.17753780892e-19, 4.604022149e-19, 1.0063364561e-18, 2.62595206297e-19, 7.55700988991e-19, 2.44888164515e-18, 1.08066380402e-18, 1.40176270331e-18, 2.1603691125e-18, 7.61785781276e-18, 4.61128831029e-18, 5.73397754232e-18, 5.38396475151e-18, 6.98748580181e-18, 8.01696666805e-18, 8.88425313261e-18, 9.90073650988e-18, 1.31007558471e-17, 1.05524282739e-17, 1.37414568623e-17, 1.67405077066e-17, 1.35007200071e-17, 1.5323664777e-17, 1.49424238501e-17, 1.4777232573e-17, 1.07695582217e-17, 1.09568377026e-17, 8.83686809122e-18, 4.48577192414e-18, 2.6984999386e-18, 1.27442776058e-18, 3.1608176453e-19, 2.98645256044e-20], "dvar2": [0.464034408331, 58.6326293945, 268.453155518, 160.582122803, 843.385131836, 685.368591309, 513.785522461, 1075.09008789, 423.567810059, 438.694366455, 2771.73608398, 4328.57763672, 2131.76586914, 3020.22900391, 4743.17724609, 3644.22607422, 3789.56298828, 2072.00976563, 1220.59338379, 1005.47436523, 4793.28759766, 2802.43310547, 901.008972168, 1767.42456055, 573.724853516, 518.458496094, 696.455444336, 1076.89538574, 400.618682861, 216.664337158, 140.498428345, 153.10017395, 209.102111816, 84.7316970825, 27.3662700653, 4.67503738403, 0.899543941021, 0.0379136651754, 1.49992447405e-05, 1.23782069039e-08], "dvar": [0.174146845937, 21.292678833, 95.8427734375, 57.4476013184, 314.89642334, 253.414916992, 215.290405273, 415.655181885, 153.861312866, 169.855758667, 1223.6060791, 1822.51635742, 856.880432129, 1208.9185791, 1841.06518555, 1417.43273926, 1478.79431152, 823.129150391, 494.473236084, 390.410766602, 1812.52392578, 1005.32226563, 331.543792725, 640.03503418, 207.389144897, 197.194839478, 259.054962158, 400.439727783, 155.856216431, 87.1713180542, 57.2924766541, 62.9506187439, 85.0292434692, 34.1512641907, 11.335694313, 1.98279380798, 0.422594457865, 0.0185910444707, 7.21550213711e-06, 6.14536821431e-09], "dmean": [0.239825755358, 2.42242860794, 5.56825780869, 6.40527582169, 10.7574892044, 12.3479642868, 9.11637115479, 9.96763896942, 6.46486663818, 5.44480133057, 11.6962995529, 14.1780538559, 9.03420352936, 11.2946939468, 14.8402662277, 16.1502494812, 16.4739646912, 14.2345342636, 11.7530088425, 12.5987949371, 34.2772407532, 32.4666099548, 17.9659729004, 24.5741443634, 14.0963668823, 11.5300779343, 13.6798009872, 21.6727142334, 12.3093757629, 7.32544755936, 5.60986089706, 5.47820615768, 5.16223669052, 3.15594506264, 1.64003634453, 0.802126526833, 0.42116561532, 0.0865244120359, 0.00170932884794, 6.04830347584e-05], "max": [2.39034032822, 28.243976593, 74.6570205688, 77.5684432983, 199.841186523, 184.95741272, 309.475402832, 357.653167725, 283.914398193, 329.736358643, 558.532897949, 992.648742676, 1027.79553223, 898.007568359, 892.635375977, 1260.46447754, 846.014282227, 516.554870605, 363.26864624, 583.004882813, 482.112823486, 532.33392334, 259.75592041, 347.711883545, 248.424697876, 261.53024292, 322.07321167, 274.98828125, 215.262466431, 211.340927124, 141.427368164, 136.12828064, 247.147918701, 141.205322266, 64.2235794067, 29.0035190582, 12.3340072632, 2.307117939, 0.0484862960875, 0.00125694891904], "var": [0.128738299012, 13.7175827026, 63.1919517517, 69.7067871094, 286.10369873, 313.437744141, 353.486358643, 454.192047119, 146.270248413, 180.804931641, 1934.33569336, 2866.79467773, 2163.3503418, 1839.3046875, 2667.95043945, 3819.13842773, 3736.1953125, 1748.76550293, 942.880249023, 603.552368164, 2500.09692383, 1783.29736328, 745.137634277, 1152.06079102, 424.729125977, 467.151245117, 656.300415039, 811.941772461, 357.25177002, 203.637390137, 135.696426392, 120.728004456, 124.328865051, 51.7723464966, 18.4780063629, 3.99341773987, 1.07884347439, 0.0476779602468, 1.81142950169e-05, 1.60151856221e-08], "mean": [0.181493923068, 1.71894598007, 4.7329492569, 8.49310874939, 13.6282253265, 17.892583847, 14.8486070633, 13.4424638748, 8.49212932587, 6.64159536362, 14.9204301834, 19.5204849243, 14.1173257828, 16.5411510468, 21.3186187744, 28.0836906433, 28.4534492493, 24.5484428406, 21.1303710938, 24.1835136414, 59.8899078369, 72.8145141602, 47.1938400269, 55.6164283752, 34.6395759583, 29.4558067322, 35.4715194702, 56.537273407, 35.550113678, 17.9049568176, 15.207649231, 14.8215169907, 12.9642477036, 7.58501338959, 3.6966176033, 1.76231253147, 0.929356694221, 0.175368204713, 0.00346654793248, 0.000156842943397]}, "spectral_strongpeak": {"dmean2": 0.7430113554, "median": 0.352565735579, "min": 0, "dvar2": 1.32928597927, "dvar": 0.502722382545, "dmean": 0.431758314371, "max": 11.9198875427, "var": 0.628969669342, "mean": 0.591532111168}, "spectral_energy": {"dmean2": 0.0328060723841, "median": 0.0290125850588, "min": 1.02016023387e-20, "dvar2": 0.00185176264495, "dvar": 0.000671831716318, "dmean": 0.0183784682304, "max": 0.187544152141, "var": 0.000556638813578, "mean": 0.0354776717722}, "average_loudness": 0.966496884823, "spectral_rolloff": {"dmean2": 2560.9050293, "median": 3843.67675781, "min": 21.533203125, "dvar2": 6693661.5, "dvar": 2576349.5, "dmean": 1550.07202148, "max": 19035.3515625, "var": 5836692, "mean": 4164.81542969}, "spectral_centroid": {"dmean2": 582.961181641, "median": 2350.42041016, "min": 312.995117188, "dvar2": 237076.71875, "dvar": 97581.2578125, "dmean": 356.417724609, "max": 10987.7568359, "var": 287164.125, "mean": 2341.11621094}, "pitch_salience": {"dmean2": 0.157144084573, "median": 0.66857278347, "min": 0.163899198174, "dvar2": 0.0214432626963, "dvar": 0.00795227102935, "dmean": 0.0924074649811, "max": 0.92596757412, "var": 0.0106387669221, "mean": 0.644192159176}, "spectral_energyband_middle_high": {"dmean2": 0.0033678994514, "median": 0.00602007843554, "min": 1.51476258178e-21, "dvar2": 1.33102339532e-05, "dvar": 5.23051130585e-06, "dmean": 0.00210893317126, "max": 0.0447693392634, "var": 2.42963942583e-05, "mean": 0.00713830860332}, "spectral_contrast_coeffs": {"dmean2": [0.103831410408, 0.0964190587401, 0.0634221583605, 0.0542205758393, 0.0372893996537, 0.0295729115605], "median": [-0.627452731133, -0.752525210381, -0.825240373611, -0.79921746254, -0.791235148907, -0.742993235588], "min": [-0.964208066463, -0.969292581081, -0.967260420322, -0.962131798267, -0.959928035736, -0.960329771042], "dvar2": [0.0065709319897, 0.005829972215, 0.00269420584664, 0.00173172249924, 0.000805138726719, 0.000508982921019], "dvar": [0.00258043385111, 0.00211884034798, 0.00100947148167, 0.000623123080004, 0.000284269539407, 0.000189885133295], "dmean": [0.0647284239531, 0.057542167604, 0.037818197161, 0.0322481319308, 0.0218258276582, 0.0180231835693], "max": [-0.357351750135, -0.44635784626, -0.511831223965, -0.637797057629, -0.647720813751, -0.647595703602], "var": [0.00583163741976, 0.00436220830306, 0.00297720939852, 0.00136246893089, 0.000623130414169, 0.00075664697215], "mean": [-0.625576972961, -0.746440708637, -0.814370393753, -0.796343564987, -0.7898401618, -0.743467569351]}, "melbands_skewness": {"dmean2": 1.9676078558, "median": 2.44471931458, "min": -1.6809220314, "dvar2": 4.49063491821, "dvar": 1.63711905479, "dmean": 1.1565810442, "max": 10.9876928329, "var": 2.39060354233, "mean": 2.77843928337}, "spectral_spread": {"dmean2": 810207, "median": 6037281, "min": 3565412, "dvar2": 750091239424, "dvar": 529135337472, "dmean": 532409.125, "max": 40973912, "var": 1861843550210.0, "mean": 6254789.5}, "dissonance": {"dmean2": 0.0118569359183, "median": 0.491043806076, "min": 0.411287814379, "dvar2": 0.000154285327881, "dvar": 5.36573570571e-05, "dmean": 0.00685235252604, "max": 0.500000119209, "var": 7.0087306085e-05, "mean": 0.489023655653}, "spectral_skewness": {"dmean2": 0.161261633039, "median": 1.09481573105, "min": 0.0104778250679, "dvar2": 0.01686459966, "dvar": 0.00657157180831, "dmean": 0.0991969108582, "max": 2.15754652023, "var": 0.0282224677503, "mean": 1.0959893465}, "spectral_flux": {"dmean2": 0.0604292489588, "median": 0.112172104418, "min": 1.01002983754e-10, "dvar2": 0.003719876986, "dvar": 0.00205394020304, "dmean": 0.0363022126257, "max": 0.359056979418, "var": 0.00310351653025, "mean": 0.126120537519}, "spectral_contrast_valleys": {"dmean2": [0.822268188, 0.693822622299, 0.556758522987, 0.447844743729, 0.312917053699, 0.267885863781], "median": [-6.7885723114, -6.68703556061, -7.2575969696, -7.07602977753, -6.33020973206, -8.4450750351], "min": [-27.6746692657, -27.8426704407, -27.4394321442, -27.755903244, -27.3061218262, -27.2726974487], "dvar2": [0.42980787158, 0.315012961626, 0.203561931849, 0.130377233028, 0.0781460031867, 0.0594164431095], "dvar": [0.186945438385, 0.137815222144, 0.101241119206, 0.0738946720958, 0.0545682050288, 0.0468459427357], "dmean": [0.512738466263, 0.416099071503, 0.343874573708, 0.281962841749, 0.194581195712, 0.18357847631], "max": [-5.02329349518, -5.12590932846, -5.21010923386, -5.77597284317, -5.69288301468, -7.35038852692], "var": [0.816156446934, 0.803417503834, 0.865163147449, 0.704583406448, 0.578931868076, 0.506193220615], "mean": [-6.80802154541, -6.76683759689, -7.26295757294, -7.16605329514, -6.44757461548, -8.51232814789]}, "erbbands_flatness_db": {"dmean2": 0.019126182422, "median": 0.103550180793, "min": 0.0507348291576, "dvar2": 0.000250188430073, "dvar": 0.00010234243382, "dmean": 0.0121158603579, "max": 0.245495453477, "var": 0.00043312710477, "mean": 0.105060465634}, "spectral_energyband_high": {"dmean2": 0.00197570607997, "median": 0.00436426140368, "min": 7.05681109163e-21, "dvar2": 4.78504261991e-06, "dvar": 2.1865052986e-06, "dmean": 0.00132674793713, "max": 0.0234993547201, "var": 6.82976542521e-06, "mean": 0.00485145673156}, "spectral_entropy": {"dmean2": 0.128700226545, "median": 8.19087123871, "min": 6.83496856689, "dvar2": 0.0117467362434, "dvar": 0.00527610583231, "dmean": 0.0834155827761, "max": 9.8025598526, "var": 0.0218902528286, "mean": 8.19365119934}, "silence_rate_20dB": {"dmean2": 0, "median": 1, "min": 1, "dvar2": 0, "dvar": 0, "dmean": 0, "max": 1, "var": 0, "mean": 1}, "melbands_flatness_db": {"dmean2": 0.05995535478, "median": 0.116891905665, "min": 0.00817065127194, "dvar2": 0.00330231501721, "dvar": 0.00121784221847, "dmean": 0.0359546355903, "max": 0.339321404696, "var": 0.00205582752824, "mean": 0.125586822629}, "barkbands": {"dmean2": [0.000378005206585, 0.0182583089918, 0.00840061530471, 0.00401681056246, 0.00590693484992, 0.0020279341843, 0.000641681137495, 0.000709268148057, 0.000977243762463, 0.000483109761262, 0.000637941644527, 0.000674596638419, 0.000635452510323, 0.000480054179206, 0.000377332384232, 0.000933388131671, 0.000995110953227, 0.000612539995927, 0.000628448091447, 0.000408137333579, 0.000744976277929, 0.00053410010878, 0.00030614392017, 0.000441092735855, 0.000376325770048, 0.0002898304665, 3.19709324685e-05], "median": [0.000103809390566, 0.00163572258316, 0.00197254773229, 0.00210176710971, 0.0035301358439, 0.00111048202962, 0.000302530999761, 0.000123326724861, 0.000231882178923, 9.17164798011e-05, 0.000112324232759, 0.000154970242875, 0.000182597548701, 0.00020524347201, 0.000234922525124, 0.000685213599354, 0.00113512505777, 0.000727920269128, 0.000788258737884, 0.000492735416628, 0.00109764374793, 0.000816752610262, 0.000422727549449, 0.000628144363873, 0.000445147190476, 0.000283000059426, 1.23333647934e-05], "min": [2.91912866158e-23, 5.37081621606e-23, 5.43939867875e-24, 2.61163888488e-23, 2.68245240399e-23, 3.81435862463e-23, 3.95834782794e-23, 2.211443279e-23, 4.49597104989e-23, 4.31407613345e-23, 3.10256753658e-23, 4.7292296465e-23, 1.87986790648e-22, 9.55597954028e-23, 1.07034818566e-22, 1.21070193926e-22, 1.27421395115e-22, 1.96865767235e-22, 1.9990110205e-22, 1.98882752041e-22, 3.72282671515e-22, 3.47466596806e-22, 5.10046967109e-22, 7.19727255946e-22, 1.17209039126e-21, 1.30815695721e-21, 2.29738792651e-21], "dvar2": [2.43389791876e-07, 0.000940511643421, 0.000157783244504, 2.03871804842e-05, 7.56678346079e-05, 1.20236063594e-05, 1.4934828414e-06, 3.70276598005e-06, 7.47514559407e-06, 2.41235170506e-06, 3.8425355342e-06, 2.40055601353e-06, 2.19774028665e-06, 8.82753283804e-07, 3.96932392732e-07, 1.25415851926e-06, 9.18254897897e-07, 3.63470945786e-07, 4.00505456355e-07, 2.53851283105e-07, 4.73812377777e-07, 2.83416881075e-07, 1.68597281913e-07, 5.41456302017e-07, 5.5615760175e-07, 2.16685606347e-07, 2.85517542942e-09], "dvar": [1.00255789448e-07, 0.000344585016137, 5.62265850022e-05, 7.60708871894e-06, 2.7866964956e-05, 4.79067239212e-06, 5.4127895055e-07, 1.61325465342e-06, 3.20983144775e-06, 9.40673430705e-07, 1.52389532104e-06, 9.27542316731e-07, 8.58392979808e-07, 3.54056282958e-07, 1.51267244064e-07, 4.71926369983e-07, 3.3369792618e-07, 1.32258989538e-07, 1.45379871697e-07, 9.63379847008e-08, 1.77002036139e-07, 1.10772724327e-07, 6.91821568921e-08, 2.24056293519e-07, 2.29276977848e-07, 1.01883479431e-07, 1.13129805523e-09], "dmean": [0.000225902345846, 0.0100225433707, 0.00462967762724, 0.00236068270169, 0.00350140291266, 0.00122627301607, 0.000371654430637, 0.000430174492067, 0.000621676852461, 0.000300256826449, 0.00038644761662, 0.000403881917009, 0.000379994540708, 0.000291115196887, 0.000227282580454, 0.000557449471671, 0.000585196132306, 0.000359420169843, 0.000374156952603, 0.000246656272793, 0.000446527992608, 0.000327000918332, 0.000197182132979, 0.000283070345176, 0.000247524963925, 0.000206518438063, 1.98818834178e-05], "max": [0.00385879073292, 0.110065042973, 0.0593320205808, 0.0312453396618, 0.0585213936865, 0.0338797345757, 0.0182793401182, 0.026640208438, 0.0322929508984, 0.0227767396718, 0.0263996571302, 0.0267834048718, 0.01693691127, 0.00961604341865, 0.00920181162655, 0.00843998324126, 0.00800145417452, 0.00509104505181, 0.00521556707099, 0.00635979976505, 0.00624953210354, 0.0065272920765, 0.00528726773337, 0.0112205473706, 0.00954317022115, 0.0064745824784, 0.000613548036199], "var": [1.21512812257e-07, 0.000230819568969, 3.99213422497e-05, 1.12056177386e-05, 2.81134962279e-05, 6.30112845101e-06, 5.19995865034e-07, 2.34944150179e-06, 5.33312277184e-06, 1.97343865693e-06, 1.91765730051e-06, 2.20858510147e-06, 2.03775175578e-06, 5.94073640059e-07, 2.58026858546e-07, 6.51534719509e-07, 5.72346891659e-07, 2.76777626596e-07, 2.81360996723e-07, 2.30354189057e-07, 4.28070904945e-07, 2.50305248528e-07, 1.75966135885e-07, 3.66626466075e-07, 3.74908637468e-07, 2.68416243898e-07, 1.77851933181e-09], "mean": [0.000252282858128, 0.0072168642655, 0.00416196091101, 0.0031755536329, 0.00499447342008, 0.00178968138061, 0.000478246744024, 0.000499120855238, 0.000856353435665, 0.000438024726463, 0.000502007431351, 0.000646029075142, 0.000616733101197, 0.000457403861219, 0.000385208579246, 0.000921228027437, 0.00127658538986, 0.000836596125737, 0.000877698766999, 0.000611155875959, 0.00119382981211, 0.000909430498723, 0.000525567680597, 0.000760721683037, 0.000595631194301, 0.000470715051051, 2.8520142223e-05]}, "erbbands_skewness": {"dmean2": 0.432427167892, "median": -0.779304921627, "min": -2.32428455353, "dvar2": 0.136490896344, "dvar": 0.0561682507396, "dmean": 0.271973997355, "max": 2.97472524643, "var": 0.28883716464, "mean": -0.660056531429}, "erbbands_spread": {"dmean2": 20.5170497894, "median": 50.4066467285, "min": 6.96875047684, "dvar2": 328.572418213, "dvar": 122.127365112, "dmean": 12.4752168655, "max": 144.938064575, "var": 335.052581787, "mean": 53.3265762329}, "melbands_kurtosis": {"dmean2": 17.2467765808, "median": 5.44815444946, "min": -1.74978673458, "dvar2": 663.210021973, "dvar": 238.204742432, "dmean": 9.74326229095, "max": 144.91519165, "var": 216.6612854, "mean": 10.3925504684}, "melbands": {"dmean2": [0.00449535809457, 0.00567170139402, 0.00198037247173, 0.00150557910092, 0.000530520395841, 0.000374392577214, 0.000159752249601, 0.000106570158096, 0.000171194042196, 0.000132940447656, 7.2