{"tonal": {"thpcp": [1, 0.547005772591, 0.157269433141, 0.118807837367, 0.180485978723, 0.47163811326, 0.572805583477, 0.335906654596, 0.220126792789, 0.192166015506, 0.228350922465, 0.723564684391, 0.978105723858, 0.63885229826, 0.760434567928, 0.761910021305, 0.304077386856, 0.177322819829, 0.20659019053, 0.156766086817, 0.378343373537, 0.657248675823, 0.44261598587, 0.191961199045, 0.160225316882, 0.148017391562, 0.37982916832, 0.498869806528, 0.266126036644, 0.123735107481, 0.10775064677, 0.147229850292, 0.439422935247, 0.619868397713, 0.452452450991, 0.724140822887], "hpcp": {"dmean2": [0.0770350918174, 0.0785138979554, 0.115702874959, 0.139595404267, 0.13187815249, 0.0901064276695, 0.0763741582632, 0.0849489048123, 0.104127176106, 0.111671596766, 0.0956269204617, 0.0652714371681, 0.0619167126715, 0.07882553339, 0.121147036552, 0.137342736125, 0.157460018992, 0.162870168686, 0.171304062009, 0.14182639122, 0.0951024517417, 0.0791739746928, 0.110157854855, 0.148184835911, 0.158251732588, 0.159555509686, 0.122941747308, 0.112766124308, 0.12835291028, 0.185154661536, 0.181899130344, 0.252389341593, 0.2470074296, 0.138260006905, 0.120077431202, 0.0835642069578], "median": [0.00763700483367, 0.00677870074287, 0.0139611288905, 0.020560098812, 0.0203643962741, 0.00615895725787, 0.00294509646483, 0.00635627284646, 0.0262180808932, 0.0330841466784, 0.0236098263413, 0.00282324664295, 0.00257592904381, 0.00526376254857, 0.0129908677191, 0.0136071778834, 0.0241633281112, 0.0734805464745, 0.0804807841778, 0.0348290354013, 0.00464280927554, 0.00414094608277, 0.00706942053512, 0.0116517608985, 0.00914091896266, 0.0101426169276, 0.00643893238157, 0.00420823367313, 0.00690355384722, 0.0584807954729, 0.0930671691895, 0.0855402499437, 0.024701256305, 0.0138515681028, 0.013003308326, 0.00728913675994], "min": [0, 0, 0, 0, 0, 0, 0, 0, 0, 0, 0, 0, 0, 0, 0, 0, 0, 0, 0, 0, 0, 0, 0, 0, 0, 0, 0, 0, 0, 0, 0, 0, 0, 0, 0, 0], "dvar2": [0.0381762161851, 0.0397349894047, 0.046058960259, 0.0672815218568, 0.0586683191359, 0.0499576292932, 0.045095987618, 0.041004806757, 0.0410521999002, 0.0415130220354, 0.0387243628502, 0.0403430089355, 0.0372904352844, 0.043602462858, 0.05764362216, 0.0736142918468, 0.0751113370061, 0.0686104819179, 0.0784692391753, 0.0660493001342, 0.0670718252659, 0.0536015294492, 0.0647085309029, 0.0887880548835, 0.108048945665, 0.105749264359, 0.0844229310751, 0.0846883952618, 0.0843634828925, 0.0940041169524, 0.0826690495014, 0.134349271655, 0.169641017914, 0.0638193413615, 0.052160795778, 0.0421419963241], "dvar": [0.0136586818844, 0.0139770964161, 0.0170710962266, 0.0258615650237, 0.0225062966347, 0.0179157666862, 0.0165233463049, 0.0148366419598, 0.0158686172217, 0.0181494187564, 0.0150711061433, 0.015156539157, 0.0141576081514, 0.0168577507138, 0.0234063323587, 0.0305155441165, 0.0302621889859, 0.0278538949788, 0.0328138768673, 0.0263541135937, 0.02463930659, 0.0187402982265, 0.0224841274321, 0.0324605070055, 0.0397296734154, 0.0391924716532, 0.0309942141175, 0.0302833616734, 0.0300987455994, 0.0359088927507, 0.0345115400851, 0.04239269346, 0.0511770285666, 0.0252113509923, 0.0176899153739, 0.0149629143998], "dmean": [0.0438949689269, 0.0441630445421, 0.0675788298249, 0.0821488276124, 0.0790238827467, 0.0509368591011, 0.0438393056393, 0.0473319552839, 0.0634169355035, 0.0710055828094, 0.0567825585604, 0.0369471013546, 0.0348968803883, 0.0453706793487, 0.0740722566843, 0.0811600759625, 0.0945404022932, 0.100843511522, 0.105085849762, 0.0854165405035, 0.0522290281951, 0.0426811464131, 0.0608484968543, 0.0864308997989, 0.090908408165, 0.0926930904388, 0.0679119676352, 0.0620749630034, 0.0714604705572, 0.109871610999, 0.10989702493, 0.139666199684, 0.134760349989, 0.0801302790642, 0.066442720592, 0.046428591013], "max": [1, 1, 1, 1, 1, 1, 1, 1, 1, 1, 1, 1, 1, 1, 1, 1, 1, 1, 1, 1, 1, 1, 1, 1, 1, 1, 1, 1, 1, 1, 1, 1, 1, 1, 1, 1], "var": [0.0251800138503, 0.0137180592865, 0.0356488600373, 0.0970932543278, 0.0434327721596, 0.0214273910969, 0.0184144116938, 0.0137222958729, 0.0333781763911, 0.0555247887969, 0.0194082539529, 0.0136098247021, 0.0120015107095, 0.0154260266572, 0.0551599040627, 0.101476632059, 0.0496649183333, 0.0728542134166, 0.135605305433, 0.0546781383455, 0.0219044927508, 0.0123945651576, 0.0164560247213, 0.06836681813, 0.0947702601552, 0.0439250394702, 0.0304223410785, 0.0274596139789, 0.0283135008067, 0.0808434411883, 0.124149113894, 0.0544204451144, 0.104701057076, 0.120101392269, 0.0244001150131, 0.0194871295244], "mean": [0.0601859949529, 0.0456707216799, 0.110222913325, 0.191476494074, 0.128947481513, 0.055924128741, 0.0466785021126, 0.0431219600141, 0.110655769706, 0.145335927606, 0.0775306001306, 0.0360477939248, 0.0313910357654, 0.0428925268352, 0.128017246723, 0.180586487055, 0.131813138723, 0.210964217782, 0.291330367327, 0.159359395504, 0.0458173602819, 0.0346123315394, 0.0525810457766, 0.137402504683, 0.166875660419, 0.0978598073125, 0.0641296207905, 0.0559837967157, 0.0665255561471, 0.210796371102, 0.284951895475, 0.186117082834, 0.221537679434, 0.22196751833, 0.0885869786143, 0.0516595207155]}, "tuning_equal_tempered_deviation": 0.0600923523307, "chords_changes_rate": 0.0504011511803, "key_key": "D#", "tuning_diatonic_strength": 0.484798759222, "key_scale": "major", "chords_number_rate": 0.00246862787753, "tuning_frequency": 440.254241943, "tuning_nontempered_energy_ratio": 0.665947794914, "chords_histogram": [13.6803131104, 10.7591028214, 3.66179800034, 3.64122605324, 3.84694504738, 0, 6.60357952118, 0.576013147831, 8.64019775391, 0.699444532394, 1.89261472225, 0, 0.041143797338, 1.0285949707, 0.020571898669, 0.473153680563, 0, 0.164575189352, 0.246862784028, 0.226290881634, 0.781732141972, 1.7486114502, 26.8463287354, 14.4209012985], "key_strength": 0.730659782887, "chords_key": "G#", "chords_strength": {"dmean2": 0.00627243658528, "median": 0.520781993866, "min": 0.225790649652, "dvar2": 4.47261518275e-05, "dvar": 4.86190874653e-05, "dmean": 0.0077959029004, "max": 0.741383016109, "var": 0.0126046165824, "mean": 0.511807441711}, "chords_scale": "major", "hpcp_entropy": {"dmean2": 0.771661162376, "median": 1.66842865944, "min": 0, "dvar2": 0.515230953693, "dvar": 0.20410759747, "dmean": 0.457057476044, "max": 4.20456504822, "var": 0.563864171505, "mean": 1.65684807301}}, "metadata": {"audio_properties": {"equal_loudness": 0, "codec": "mp3", "downmix": "mix", "sample_rate": 44100, "analysis_sample_rate": 44100, "bit_rate": 192022, "md5_encoded": "eeebc333ce3a2243283fa309f7484b85", "length": 225.697952271, "replay_gain": -5.52816963196, "lossless": false}, "version": {"essentia_build_sha": "70f2e5ece6736b2c40cc944ad0e695b16b925413", "essentia": "2.1-beta2", "extractor": "music 1.0", "essentia_git_sha": "v2.1_beta2"}, "tags": {"title": ["One Shot Ballerina"], "language": ["eng"], "albumartist": ["Ghinzu"], "musicbrainz_releasegroupid": ["460b89b0-35fd-35e0-a489-fd39b3421f0d"], "musicbrainz_recordingid": ["15dfd988-a74c-4e2e-a53b-9960ebf37483"], "musicbrainz_albumartistid": ["2b1c601f-4c4c-4654-959e-2d243a4d4eab"], "discnumber": ["1/1"], "bpm": ["0"], "musicbrainz album type": ["album"], "musicbrainz album status": ["Official"], "file_name": "11 One Shot Ballerina.mp3", "originaldate": ["2000"], "date": ["2000"], "genre": ["Trip-Hop"], "album": ["Electronic Jacuzzi"], "script": ["Latn"], "asin": ["B000BRFAHA"], "musicbrainz_albumid": ["b1235ebe-d098-478b-bd5f-10eec442e03f"], "artist": ["Ghinzu"], "artistsort": ["Ghinzu"], "tracknumber": ["11/12"], "musicbrainz album release country": ["BE"], "albumartistsort": ["Ghinzu"], "musicbrainz_artistid": ["2b1c601f-4c4c-4654-959e-2d243a4d4eab"]}}, "rhythm": {"bpm_histogram_first_peak_bpm": {"dmean2": 0, "median": 136, "min": 136, "dvar2": 0, "dvar": 0, "dmean": 0, "max": 136, "var": 0, "mean": 136}, "bpm": 135.434799194, "bpm_histogram_second_peak_spread": {"dmean2": 0, "median": 0.413333296776, "min": 0.413333296776, "dvar2": 0, "dvar": 0, "dmean": 0, "max": 0.413333296776, "var": 0, "mean": 0.413333296776}, "bpm_histogram_first_peak_weight": {"dmean2": 0, "median": 0.20245398581, "min": 0.20245398581, "dvar2": 0, "dvar": 0, "dmean": 0, "max": 0.20245398581, "var": 0, "mean": 0.20245398581}, "onset_rate": 2.05573916435, "beats_position": [0.441179126501, 0.905578196049, 1.369977355, 1.82276642323, 2.27555561066, 2.72834467888, 3.21596360207, 3.70358276367, 4.20281171799, 4.69043064117, 5.18965959549, 5.6888885498, 6.15328788757, 6.64090681076, 7.11691617966, 7.58131504059, 8.03410434723, 8.498503685, 8.96290206909, 9.41569137573, 9.86848068237, 10.3096599579, 10.7508392334, 11.2036275864, 11.6680269241, 12.1324262619, 12.6084346771, 13.084444046, 13.6649427414, 14.2338323593, 14.8143310547, 15.4064397812, 15.9985485077, 16.637096405, 17.2872562408, 17.9490242004, 18.5991840363, 19.2493419647, 19.7834014893, 20.3174591064, 20.8050785065, 21.2926979065, 21.7687072754, 22.2447166443, 22.7323360443, 23.219953537, 23.6959629059, 24.1719722748, 24.6479816437, 25.1239910126, 25.5883903503, 26.0411777496, 26.5055770874, 26.958366394, 27.4111557007, 27.8639450073, 28.3515644073, 28.8275737762, 29.3151912689, 29.7795906067, 30.2439899445, 30.7083892822, 31.17278862, 31.6487979889, 32.1131973267, 32.5775947571, 33.0419960022, 33.4947853088, 33.9475746155, 34.4119720459, 34.8763694763, 35.3407707214, 35.7935600281, 36.2579574585, 36.7223587036, 37.1751480103, 37.6279373169, 38.0807266235, 38.5335159302, 38.9979133606, 39.4739227295, 39.9151000977, 40.3562812805, 40.7974586487, 41.2386398315, 41.6682090759, 42.1093864441, 42.550567627, 42.9801368713, 43.3864860535, 43.7928352356, 44.1991844177, 44.5939216614, 45.0002708435, 45.4066200256, 45.8129692078, 46.2309303284, 46.6488876343, 47.0668487549, 47.508026123, 47.9608154297, 48.4136047363, 48.8547821045, 49.2959632874, 49.7371406555, 50.1899299622, 50.6775512695, 51.1535606384, 51.6179580688, 52.0823554993, 52.5467567444, 53.0111541748, 53.4755554199, 53.9283447266, 54.3811340332, 54.8339233398, 55.2867126465, 55.7511100769, 56.1922874451, 56.6334686279, 57.0746459961, 57.5274353027, 57.9802246094, 58.4214057922, 58.8625831604, 59.3037643433, 59.7449417114, 60.1861228943, 60.6389122009, 61.1033096313, 61.556098938, 61.9972763062, 62.4500656128, 62.9028549194, 63.3672561646, 63.831653595, 64.3076629639, 64.7836685181, 65.2596817017, 65.7124710083, 66.1536483765, 66.5948257446, 67.0476150513, 67.5004043579, 67.9531936646, 68.4059829712, 68.8587722778, 69.3115615845, 69.7759628296, 70.2403640747, 70.6931533813, 71.145942688, 71.5871200562, 72.0282974243, 72.4694747925, 72.91065979, 73.3286132812, 73.7581863403, 74.18775177, 74.6289291382, 75.0585021973, 75.5112915039, 75.9640808105, 76.4168701172, 76.8696594238, 77.2992248535, 77.7287979126, 78.1583633423, 78.5879364014, 79.0291137695, 79.4586868286, 79.8998641968, 80.3178253174, 80.7357788086, 81.1653518677, 81.5949172974, 82.0360946655, 82.4772796631, 82.9184570312, 83.3712463379, 83.8124237061, 84.2652130127, 84.6947860718, 85.205619812, 85.7164611816, 86.2389068604, 86.7613601685, 87.2838058472, 87.8062591553, 88.328704834, 88.8627624512, 89.4432601929, 90.035369873, 90.6274795532, 91.2312011719, 91.8349151611, 92.4154205322, 92.9843063354, 93.5531921387, 94.0408172607, 94.5168228149, 94.9928359985, 95.4688415527, 95.9448471069, 96.4208602905, 96.8968658447, 97.3612670898, 97.825668335, 98.2900695801, 98.7660751343, 99.2420806885, 99.683265686, 100.124443054, 100.565620422, 100.995193481, 101.447982788, 101.889160156, 102.341949463, 102.79473877, 103.247528076, 103.711929321, 104.141494751, 104.582672119, 105.023849487, 105.476638794, 105.929428101, 106.382217407, 106.811790466, 107.241355896, 107.670928955, 108.088890076, 108.530067444, 108.971244812, 109.41242218, 109.853607178, 110.306388855, 110.782402039, 111.258407593, 111.746032715, 112.245262146, 112.7212677, 113.197273254, 113.673286438, 114.149291992, 114.636917114, 115.124534607, 115.600540161, 116.088157654, 116.587387085, 117.098228455, 117.551017761, 117.992195129, 118.433380127, 118.874557495, 119.304122925, 119.745300293, 120.174873352, 120.604438782, 121.034011841, 121.451972961, 121.869926453, 122.299499512, 122.729064941, 123.158638, 123.599815369, 124.040992737, 124.493782043, 124.94657135, 125.387756348, 125.840545654, 126.270111084, 126.711288452, 127.140861511, 127.570426941, 128, 128.42956543, 128.859130859, 129.288711548, 129.729888916, 130.171066284, 130.612243652, 131.053421021, 131.494598389, 131.935775757, 132.376953125, 132.818145752, 133.25932312, 133.700500488, 134.141677856, 134.582855225, 135.024032593, 135.465209961, 135.906387329, 136.347564697, 136.788757324, 137.229934692, 137.682723999, 138.135513306, 138.599899292, 139.064300537, 139.517089844, 139.96987915, 140.422668457, 140.875457764, 141.32824707, 141.781036377, 142.233825684, 142.68661499, 143.139404297, 143.580581665, 144.010162354, 144.451339722, 144.880905151, 145.32208252, 145.763259888, 146.216049194, 146.657226562, 147.110015869, 147.562805176, 148.003982544, 148.456771851, 148.921173096, 149.373962402, 149.826751709, 150.291152954, 150.755554199, 151.243179321, 151.695953369, 152.148742676, 152.601531982, 153.054321289, 153.495513916, 153.936691284, 154.366256714, 154.795822144, 155.225387573, 155.654968262, 156.072921753, 156.490875244, 156.920455933, 157.350021362, 157.779586792, 158.22076416, 158.661941528, 159.114730835, 159.567520142, 160.020309448, 160.473098755, 160.914276123, 161.36706543, 161.819854736, 162.261047363, 162.702224731, 163.1434021, 163.584579468, 164.025756836, 164.466934204, 164.908111572, 165.34928894, 165.778869629, 166.231658936, 166.672836304, 167.114013672, 167.55519104, 168.007980347, 168.460769653, 168.925170898, 169.354736328, 169.795913696, 170.225479126, 170.666656494, 171.107849121, 171.560638428, 172.013427734, 172.454605103, 172.907394409, 173.360183716, 173.812973022, 174.265762329, 174.718551636, 175.171340942, 175.600906372, 176.030471802, 176.47164917, 176.912826538, 177.354003906, 177.783584595, 178.213150024, 178.631103516, 179.060684204, 179.490249634, 179.908203125, 180.326171875, 180.744125366, 181.162078857, 181.580047607, 181.998001099, 182.41595459, 182.810699463, 183.228652954, 183.646621704, 184.052963257, 184.459320068, 184.865661621, 185.248794556, 185.666748047, 186.084716797, 186.49105835, 186.897415161, 187.303756714, 187.710113525, 188.10484314, 188.499588013, 188.894332886, 189.277450562, 189.683807373, 190.078552246, 190.484893799, 190.89125061, 191.285980225, 191.680725098, 192.075454712, 192.470199585, 192.864944458, 193.259674072, 193.654418945, 194.049163818, 194.443893433, 194.838638306, 195.23336792, 195.639724731, 196.046066284, 196.440811157, 196.823944092, 197.207077026, 197.601806641, 197.996551514, 198.391296387, 198.786026001, 199.180770874, 199.598724365, 200.005081177, 200.411422729, 200.829391479, 201.247344971, 201.665298462, 202.060043335, 202.44317627, 202.837905884, 203.244262695, 203.63899231, 204.033737183, 204.428482056, 204.82321167, 205.217956543, 205.612701416, 206.00743103, 206.413787842, 206.843353271, 207.272918701, 207.702484131, 208.271377563, 208.840270996, 209.409164429, 210.024490356, 210.639816284, 211.243530273, 211.847259521, 212.439361572, 213.043075562, 213.635192871, 214.227294922, 214.819412231, 215.411514282, 216.003631592, 216.584121704, 217.164627075, 217.756729126, 218.337234497, 218.929336548, 219.533050537, 220.125167847, 220.717269897, 221.320999146, 221.924713135, 222.528427124, 223.143753052, 223.7474823, 224.351196289, 224.954910278], "beats_loudness": {"dmean2": 0.021262569353, "median": 0.0139722684398, "min": 2.941312232e-05, "dvar2": 0.000531695783138, "dvar": 0.000180364324478, "dmean": 0.0121196666732, "max": 0.124815396965, "var": 0.000538187043276, "mean": 0.0227729659528}, "danceability": 0.870133817196, "bpm_histogram_second_peak_weight": {"dmean2": 0, "median": 0.0899795517325, "min": 0.0899795517325, "dvar2": 0, "dvar": 0, "dmean": 0, "max": 0.0899795517325, "var": 0, "mean": 0.0899795517325}, "beats_count": 490, "bpm_histogram_second_peak_bpm": {"dmean2": 0, "median": 129, "min": 129, "dvar2": 0, "dvar": 0, "dmean": 0, "max": 129, "var": 0, "mean": 129}, "bpm_histogram_first_peak_spread": {"dmean2": 0, "median": 0.600806474686, "min": 0.600806474686, "dvar2": 0, "dvar": 0, "dmean": 0, "max": 0.600806474686, "var": 0, "mean": 0.600806474686}, "beats_loudness_band_ratio": {"dmean2": [0.283161818981, 0.365753382444, 0.307583659887, 0.0918274819851, 0.0429065898061, 0.063998028636], "median": [0.206630259752, 0.554219603539, 0.167640417814, 0.0299821868539, 0.00672120647505, 0.00174621562473], "min": [0.00501273619011, 0.0312723629177, 0.00243080058135, 0.000120746866742, 4.25904690928e-05, 6.97918176229e-06], "dvar2": [0.0575140267611, 0.0724721252918, 0.0736143216491, 0.0201999116689, 0.00844178535044, 0.0596414171159], "dvar": [0.0199418924749, 0.0260799787939, 0.0254724789411, 0.00758505798876, 0.00306550203823, 0.0192164424807], "dmean": [0.161090031266, 0.215006634593, 0.174706324935, 0.0522515699267, 0.0248160567135, 0.0327659584582], "max": [0.909777522087, 0.989250838757, 0.901793599129, 0.690756857395, 0.455678492785, 0.901247143745], "var": [0.0426869131625, 0.0585381947458, 0.03781112656, 0.00744857918471, 0.00332083483227, 0.0102168461308], "mean": [0.263641655445, 0.528617680073, 0.228041887283, 0.0591635555029, 0.0247079785913, 0.0188080519438]}}, "lowlevel": {"barkbands_spread": {"dmean2": 2.91497826576, "median": 4.59134864807, "min": 0.290409058332, "dvar2": 53.5799446106, "dvar": 26.3149375916, "dmean": 1.92904627323, "max": 109.986000061, "var": 88.7720565796, "mean": 7.11773061752}, "melbands_spread": {"dmean2": 3.76913142204, "median": 5.52481508255, "min": 0.47916212678, "dvar2": 159.57383728, "dvar": 83.4165802002, "dmean": 2.50552582741, "max": 229.653396606, "var": 330.462615967, "mean": 9.50939846039}, "hfc": {"dmean2": 2.91722011566, "median": 3.32968592644, "min": 1.12547372049e-16, "dvar2": 57.3932189941, "dvar": 27.8550224304, "dmean": 2.09801864624, "max": 209.510848999, "var": 216.506256104, "mean": 9.40879249573}, "barkbands_kurtosis": {"dmean2": 7.7162065506, "median": 7.70680332184, "min": -1.88730859756, "dvar2": 185.195220947, "dvar": 73.0249099731, "dmean": 4.83124685287, "max": 283.07635498, "var": 266.066467285, "mean": 12.8005886078}, "gfcc": {"mean": [-150.276672363, 154.379150391, -85.9348144531, -6.96024370193, -54.8884162903, -8.54257297516, -43.7607002258, -10.2906551361, -24.8739128113, -2.21864104271, -18.9049816132, -1.8167283535, -8.81713104248], "icov": [[0.000320507067954, -0.000242048728978, 0.000810319441371, -0.000408793071983, 0.00055885722395, -0.00044587260345, 0.000367092347005, -0.000605856010225, 0.000491755607072, -0.000572342949454, 0.000626587308943, -0.000380869227229, 8.55260295793e-05], [-0.000242048728978, 0.00237181480043, -0.000715976173524, 0.00210314756259, -0.00187881605234, 0.000964014674537, -0.00183866033331, 0.00205815024674, -0.00230442872271, 0.00195275805891, -0.00138642988168, 0.00101576349698, -0.00112507713493], [0.000810319441371, -0.000715976173524, 0.00285992724821, -0.00128047273029, 0.00138565339148, -0.00143572187517, 0.00114250299521, -0.00139064155519, 0.00211875909008, -0.0017083476996, 0.00121211155783, -0.00144170492422, 0.00110187742393], [-0.000408793071983, 0.00210314756259, -0.00128047273029, 0.00336620374583, -0.00162942940369, 0.0014751648996, -0.00189214560669, 0.00138888077345, -0.00253757322207, 0.0020040164236, -0.0010681609856, 0.000156725916895, -0.000989449792542], [0.00055885722395, -0.00187881605234, 0.00138565339148, -0.00162942940369, 0.00451105460525, -0.000692296307534, 0.00125794252381, -0.00188603263814, 0.00107570237014, -0.00143777427729, 6.14148229943e-05, -0.00126405514311, 0.00113417697139], [-0.00044587260345, 0.000964014674537, -0.00143572187517, 0.0014751648996, -0.000692296307534, 0.00532715627924, -0.00179907714482, 0.000372964626877, -0.00167533895001, -0.000733006047085, 8.30559220049e-05, -0.000145136189531, 7.20768002793e-05], [0.000367092347005, -0.00183866033331, 0.00114250299521, -0.00189214560669, 0.00125794252381, -0.00179907714482, 0.00725574791431, -0.00171980424784, 0.00269438209943, -0.00208846735768, -0.00104430364445, 0.000206236218219, 0.000496451684739], [-0.000605856010225, 0.00205815024674, -0.00139064155519, 0.00138888077345, -0.00188603263814, 0.000372964626877, -0.00171980424784, 0.00902320630848, -0.00297299586236, 0.00133494834881, -0.00133209791966, 0.000837273022626, -0.000468750076834], [0.000491755607072, -0.00230442872271, 0.00211875909008, -0.00253757322207, 0.00107570237014, -0.00167533895001, 0.00269438209943, -0.00297299586236, 0.0103048477322, -0.00214380025864, 0.000750709383283, -0.00201921211556, 0.000904943735804], [-0.000572342949454, 0.00195275805891, -0.0017083476996, 0.0020040164236, -0.00143777427729, -0.000733006047085, -0.00208846735768, 0.00133494834881, -0.00214380025864, 0.0114227132872, -0.00238720863126, 0.000860181520693, -0.00034893330303], [0.000626587308943, -0.00138642988168, 0.00121211155783, -0.0010681609856, 6.14148229943e-05, 8.30559220049e-05, -0.00104430364445, -0.00133209791966, 0.000750709383283, -0.00238720863126, 0.0106864674017, -0.00301942764781, -0.00105616077781], [-0.000380869227229, 0.00101576349698, -0.00144170492422, 0.000156725916895, -0.00126405514311, -0.000145136189531, 0.000206236218219, 0.000837273022626, -0.00201921211556, 0.000860181520693, -0.00301942764781, 0.0124951684847, -0.000720564858057], [8.55260295793e-05, -0.00112507713493, 0.00110187742393, -0.000989449792542, 0.00113417697139, 7.20768002793e-05, 0.000496451684739, -0.000468750076834, 0.000904943735804, -0.00034893330303, -0.00105616077781, -0.000720564858057, 0.0100348601118]], "cov": [[17945.7519531, -2563.30688477, -3684.31445312, 740.264160156, -1452.74267578, 483.856628418, -363.588409424, 606.25378418, 94.2127304077, 225.578399658, -800.218444824, -39.6134796143, 156.514343262], [-2563.30688477, 3009.91186523, -406.969085693, -1019.67810059, 857.012268066, -330.337554932, 291.113922119, -340.843353271, 201.014831543, -211.102737427, 396.988128662, -102.320831299, 187.608047485], [-3684.31445312, -406.969085693, 1706.25012207, 171.354019165, -30.621887207, 136.572357178, -12.8343257904, -7.13270378113, -152.737731934, 77.9365539551, 18.9905204773, 80.127746582, -157.66796875], [740.264160156, -1019.67810059, 171.354019165, 903.985778809, -150.247772217, 10.9483880997, -40.5485916138, 111.48400116, 10.6110334396, 20.2468929291, -72.4587020874, 73.1646575928, -28.8224887848], [-1452.74267578, 857.012268066, -30.621887207, -150.247772217, 598.55456543, -117.524200439, 82.8171844482, -67.6156005859, 82.1527786255, -55.5046539307, 168.763046265, 6.46601295471, 31.8404636383], [483.856628418, -330.337554932, 136.572357178, 10.9483880997, -117.524200439, 313.696746826, 8.76872825623, 61.8259658813, -14.7399339676, 81.2203369141, -58.0816879272, 20.2538146973, -42.0982589722], [-363.588409424, 291.113922119, -12.8343257904, -40.5485916138, 82.8171844482, 8.76872825623, 217.848846436, -16.4711894989, -1.81616652012, 6.86087083817, 75.6636047363, -11.0752925873, 19.749080658], [606.25378418, -340.843353271, -7.13270378113, 111.48400116, -67.6156005859, 61.8259658813, -16.4711894989, 182.412216187, 11.7658510208, 31.7190876007, -37.935295105, 15.4104728699, -17.9160175323], [94.2127304077, 201.014831543, -152.737731934, 10.6110334396, 82.1527786255, -14.7399339676, -1.81616652012, 11.7658510208, 160.476379395, -10.1885509491, 31.6112728119, 11.6022100449, 20.3460636139], [225.578399658, -211.102737427, 77.9365539551, 20.2468929291, -55.5046539307, 81.2203369141, 6.86087083817, 31.7190876007, -10.1885509491, 133.035903931, -11.5417900085, 11.1068305969, -20.1924858093], [-800.218444824, 396.988128662, 18.9905204773, -72.4587020874, 168.763046265, -58.0816879272, 75.6636047363, -37.935295105, 31.6112728119, -11.5417900085, 188.47064209, 17.6368637085, 35.7778816223], [-39.6134796143, -102.320831299, 80.127746582, 73.1646575928, 6.46601295471, 20.2538146973, -11.0752925873, 15.4104728699, 11.6022100449, 11.1068305969, 17.6368637085, 100.655578613, -3.90319705009], [156.514343262, 187.608047485, -157.66796875, -28.8224887848, 31.8404636383, -42.0982589722, 19.749080658, -17.9160175323, 20.3460636139, -20.1924858093, 35.7778816223, -3.90319705009, 129.661560059]]}, "spectral_energyband_middle_low": {"dmean2": 0.00469000311568, "median": 0.00766353029758, "min": 2.52901157419e-22, "dvar2": 6.99902739143e-05, "dvar": 3.22440864693e-05, "dmean": 0.00321127753705, "max": 0.131495550275, "var": 0.000240909081185, "mean": 0.013285016641}, "melbands_crest": {"dmean2": 4.36616945267, "median": 14.7584323883, "min": 1.57424414158, "dvar2": 20.2488594055, "dvar": 7.11298322678, "dmean": 2.69015145302, "max": 34.1078186035, "var": 27.4315567017, "mean": 15.468621254}, "spectral_kurtosis": {"dmean2": 14.9230709076, "median": 16.9896278381, "min": -1.24127721786, "dvar2": 413.308288574, "dvar": 150.911727905, "dmean": 8.89542865753, "max": 193.72668457, "var": 1025.0826416, "mean": 30.5302848816}, "spectral_rms": {"dmean2": 0.000542018853594, "median": 0.00299320043996, "min": 3.19365063908e-12, "dvar2": 4.78891479361e-07, "dvar": 2.37538870351e-07, "dmean": 0.000377042772016, "max": 0.0117509439588, "var": 4.85219925395e-06, "mean": 0.00336602283642}, "zerocrossingrate": {"dmean2": 0.00546705210581, "median": 0.02099609375, "min": 0.00390625, "dvar2": 0.000146495367517, "dvar": 0.000151016065502, "dmean": 0.0048392591998, "max": 0.4951171875, "var": 0.00134679337498, "mean": 0.029397835955}, "silence_rate_60dB": {"dmean2": 0.0720238685608, "median": 0, "min": 0, "dvar2": 0.0752743110061, "dvar": 0.0347047448158, "dmean": 0.0360082313418, "max": 1, "var": 0.207717135549, "mean": 0.294311285019}, "erbbands_kurtosis": {"dmean2": 3.33753061295, "median": 2.31381559372, "min": -1.82943892479, "dvar2": 32.9538230896, "dvar": 13.4703893661, "dmean": 2.0960495472, "max": 77.9501953125, "var": 53.2542724609, "mean": 4.49178791046}, "erbbands": {"dmean2": [0.00339213805273, 0.103389151394, 0.390752285719, 0.938526272774, 5.66124534607, 7.12046575546, 15.9463129044, 12.5052633286, 15.6258087158, 9.7408657074, 24.7877006531, 16.0714378357, 17.1806221008, 8.43684577942, 6.53704881668, 8.8807258606, 5.19184970856, 7.76361942291, 6.19135189056, 7.30311441422, 6.52004718781, 6.85682439804, 3.4544377327, 1.31758391857, 1.66024959087, 1.21929645538, 1.18901491165, 1.0975856781, 1.38064038754, 0.946964681149, 0.46809887886, 0.272310346365, 0.171679571271, 0.150792062283, 0.108004495502, 0.0479684621096, 0.01678455621, 0.00247143465094, 0.000107042113086, 7.75222997618e-06], "median": [0.00162709667347, 0.0590136982501, 0.257670164108, 0.611140489578, 4.01462459564, 5.66991567612, 7.20989847183, 8.87345409393, 7.45134210587, 3.31555938721, 3.7162964344, 2.64825820923, 2.46930527687, 1.87918496132, 1.20885407925, 1.11266410351, 1.36306023598, 0.966388523579, 0.562989234924, 0.507287859917, 0.379567444324, 0.289493888617, 0.146671250463, 0.0660091787577, 0.0827745497227, 0.0510137677193, 0.0507279373705, 0.0364984795451, 0.0275704618543, 0.0178814567626, 0.00952597428113, 0.00441526342183, 0.00574322696775, 0.00430527096614, 0.00183600292075, 0.00087974651251, 0.000278411258478, 4.91973150929e-05, 1.02806880022e-05, 1.1641402125e-05], "min": [3.86682601587e-22, 3.19325744749e-21, 4.14540231122e-21, 9.3751745898e-21, 2.91107992765e-20, 6.1268085362e-20, 1.90563788644e-19, 1.34704785941e-19, 2.71767140026e-19, 5.93388248775e-19, 3.17987149222e-19, 7.72934573271e-19, 9.88427065261e-19, 1.70439438183e-18, 1.42738648394e-18, 1.26834591513e-18, 3.58086363097e-18, 3.19879490309e-18, 3.33007053426e-18, 5.39940862714e-18, 7.08433624383e-18, 7.71202239933e-18, 7.67506148802e-18, 6.95727633866e-18, 8.86908346735e-18, 1.28656537462e-17, 1.04442413216e-17, 1.3464400988e-17, 1.41377855636e-17, 1.97113566551e-17, 1.62516605082e-17, 1.51272358513e-17, 1.08863561241e-17, 9.93836164723e-18, 7.2479012838e-18, 4.50539512982e-18, 2.7820735114e-18, 9.37885399256e-19, 2.94736213727e-19, 2.80337778072e-20], "dvar2": [7.54349239287e-05, 0.0556515790522, 0.622545003891, 3.84654664993, 112.377159119, 210.71875, 1392.83032227, 1963.50402832, 2608.2956543, 1060.66308594, 8443.26855469, 5517.18066406, 8726.02246094, 887.440490723, 1071.66540527, 1577.70629883, 440.429504395, 1277.25061035, 510.406616211, 1594.52587891, 1704.00891113, 1534.84350586, 380.425537109, 80.2037277222, 208.415740967, 92.0011672974, 166.269500732, 66.0719985962, 139.880004883, 132.745269775, 63.0712013245, 4.53520679474, 1.42620873451, 1.24854314327, 0.602051615715, 0.0927193015814, 0.012776507996, 0.000381604215363, 7.02010311215e-07, 5.23501519911e-10], "dvar": [5.98234400968e-05, 0.0332714095712, 0.237411215901, 1.73825573921, 43.9330596924, 77.2317504883, 585.381408691, 888.697753906, 1174.12194824, 535.258972168, 4141.87988281, 2925.59008789, 3982.54638672, 427.346038818, 520.873657227, 1067.58056641, 185.087753296, 566.483520508, 234.818161011, 730.675842285, 921.920043945, 733.693786621, 170.017868042, 31.8505496979, 80.0300140381, 44.7917671204, 61.0852546692, 27.8823204041, 64.677444458, 55.1339645386, 23.0385150909, 2.0691921711, 0.790609121323, 0.712428092957, 0.315519839525, 0.0573983825743, 0.00796940270811, 0.000209531906876, 5.03399689933e-07, 3.10134529169e-10], "dmean": [0.00262526678853, 0.0719407349825, 0.241492554545, 0.633348464966, 3.67280864716, 4.48610496521, 10.3213090897, 8.60763931274, 10.4072704315, 6.80987596512, 17.6536312103, 11.4066305161, 11.8846893311, 5.88483667374, 4.36890506744, 6.18706417084, 3.38626551628, 5.18560171127, 4.1299700737, 4.82962751389, 4.50890302658, 4.66882896423, 2.29349446297, 0.845976293087, 1.05558550358, 0.838263869286, 0.76907491684, 0.765508711338, 0.954894065857, 0.667726635933, 0.319416940212, 0.184910401702, 0.121555194259, 0.111545629799, 0.0779705792665, 0.0357525609434, 0.0124641200528, 0.00186194689013, 8.17551335786e-05, 5.49181959286e-06], "max": [0.53384834528, 12.134106636, 15.246307373, 32.1148147583, 106.49861908, 238.222442627, 592.32611084, 1419.6628418, 1151.46289062, 825.965698242, 2166.47167969, 2907.09008789, 2846.49829102, 718.969238281, 1420.07141113, 2742.98291016, 449.836181641, 950.680908203, 577.404724121, 974.141723633, 1222.71728516, 1423.2635498, 417.712890625, 208.779937744, 371.631469727, 540.735595703, 518.983642578, 240.328231812, 345.644958496, 512.777038574, 370.882507324, 78.3571090698, 43.8309516907, 39.7207260132, 24.8561019897, 12.7930622101, 3.79435777664, 0.932423651218, 0.0561388544738, 0.00119645893574], "var": [0.000641574326437, 0.287331968546, 0.678649425507, 12.2764997482, 168.797210693, 241.406494141, 2384.31494141, 1988.19189453, 3198.43994141, 2412.64941406, 22886.0019531, 12760.3466797, 9024.60351562, 2556.25976562, 2163.36938477, 4952.515625, 474.265136719, 1373.05969238, 1064.19250488, 2509.88598633, 2844.60375977, 3143.90014648, 519.942626953, 55.0990638733, 92.5273895264, 75.9540557861, 63.3222846985, 61.6842269897, 139.504837036, 80.73097229, 22.4351406097, 5.80763339996, 2.37012863159, 2.16936945915, 0.907840549946, 0.196431338787, 0.0272984839976, 0.000617490208242, 1.83594113423e-06, 1.4293887185e-09], "mean": [0.00811836309731, 0.199805825949, 0.534800112247, 2.03273248672, 9.18302726746, 11.4410667419, 27.3921833038, 21.8544330597, 24.9856472015, 18.3919048309, 48.2790222168, 28.0744037628, 27.9907970428, 16.6979217529, 11.8232650757, 12.8330783844, 7.8180680275, 10.9447240829, 10.0884933472, 10.8097553253, 9.70850563049, 10.4750986099, 4.67206811905, 1.57522439957, 1.65570807457, 1.39693880081, 1.37681913376, 1.43612170219, 1.63192784786, 1.12979316711, 0.535110235214, 0.351348221302, 0.230066359043, 0.214004144073, 0.141202181578, 0.0670365989208, 0.0229263491929, 0.00331027456559, 0.000156016802066, 2.27564651141e-05]}, "spectral_strongpeak": {"dmean2": 0.5019723773, "median": 0.4732606709, "min": 0, "dvar2": 0.846701085567, "dvar": 0.342714220285, "dmean": 0.305938959122, "max": 11.2741241455, "var": 1.3361672163, "mean": 0.906760156155}, "spectral_energy": {"dmean2": 0.00501676555723, "median": 0.00918323080987, "min": 1.04543892186e-20, "dvar2": 7.64097712818e-05, "dvar": 3.53442883352e-05, "dmean": 0.00346323288977, "max": 0.141536802053, "var": 0.000350936024915, "mean": 0.016586875543}, "average_loudness": 0.318892508745, "spectral_rolloff": {"dmean2": 243.183151245, "median": 430.6640625, "min": 86.1328125, "dvar2": 796956.9375, "dvar": 435007.875, "dmean": 150.175842285, "max": 19056.8847656, "var": 1792180.75, "mean": 741.224914551}, "spectral_centroid": {"dmean2": 118.462120056, "median": 406.969940186, "min": 132.695358276, "dvar2": 92878.53125, "dvar": 55964.9765625, "dmean": 80.6830444336, "max": 11441.4121094, "var": 341456.21875, "mean": 553.305236816}, "pitch_salience": {"dmean2": 0.0944272503257, "median": 0.583169162273, "min": 0.0962790995836, "dvar2": 0.009441267699, "dvar": 0.00353544135578, "dmean": 0.0588443763554, "max": 0.928500115871, "var": 0.0157318469137, "mean": 0.574757158756}, "spectral_energyband_middle_high": {"dmean2": 0.000832305115182, "median": 0.000316394725814, "min": 1.38375138992e-21, "dvar2": 7.26341613699e-06, "dvar": 3.40804808729e-06, "dmean": 0.000585979141761, "max": 0.0692535862327, "var": 2.5830740924e-05, "mean": 0.00215875403956}, "spectral_contrast_coeffs": {"dmean2": [0.0693018883467, 0.0570149198174, 0.0439309328794, 0.0390264317393, 0.0298522915691, 0.0257674548775], "median": [-0.563835382462, -0.691302657127, -0.784014105797, -0.779467999935, -0.793839275837, -0.800216794014], "min": [-0.969018816948, -0.973701000214, -0.969684779644, -0.964957773685, -0.963166832924, -0.962483584881], "dvar2": [0.0033956670668, 0.0027735941112, 0.00149846076965, 0.00112162181176, 0.000731553765945, 0.000597024918534], "dvar": [0.00127854745369, 0.00115582346916, 0.000660220510326, 0.000478803034639, 0.000327201763866, 0.00026134410291], "dmean": [0.041909724474, 0.0357808433473, 0.0274531021714, 0.0240952186286, 0.018618747592, 0.0164846517146], "max": [-0.268536180258, -0.3291888237, -0.452250301838, -0.550119817257, -0.559960186481, -0.588559269905], "var": [0.00869800616056, 0.00776078179479, 0.00556900771335, 0.00363413826562, 0.00304894335568, 0.00386874657124], "mean": [-0.56724435091, -0.683614552021, -0.769987523556, -0.778501570225, -0.794639110565, -0.79905629158]}, "melbands_skewness": {"dmean2": 0.821490466595, "median": 2.07333302498, "min": -2.84910750389, "dvar2": 1.18929696083, "dvar": 0.468150049448, "dmean": 0.525598227978, "max": 12.5027761459, "var": 2.04346299171, "mean": 2.24279880524}, "spectral_spread": {"dmean2": 622387.125, "median": 2613177.75, "min": 515531.71875, "dvar2": 784573071360, "dvar": 413180133376, "dmean": 410781.4375, "max": 42750268, "var": 4077017366530.0, "mean": 2909413.75}, "dissonance": {"dmean2": 0.0527734346688, "median": 0.408054530621, "min": 0.125407084823, "dvar2": 0.00258123013191, "dvar": 0.000946386076976, "dmean": 0.0315071716905, "max": 0.500000119209, "var": 0.00331891304813, "mean": 0.399917036295}, "spectral_skewness": {"dmean2": 0.980946004391, "median": 3.33439469337, "min": -0.0431417971849, "dvar2": 1.23786568642, "dvar": 0.450300246477, "dmean": 0.592045783997, "max": 11.9698419571, "var": 3.93325614929, "mean": 3.85944128036}, "spectral_flux": {"dmean2": 0.0189570132643, "median": 0.0276654288173, "min": 6.64705165909e-11, "dvar2": 0.000702508958057, "dvar": 0.000298321130686, "dmean": 0.0120330620557, "max": 0.323269754648, "var": 0.00138309434988, "mean": 0.0396522432566}, "spectral_contrast_valleys": {"dmean2": [0.604094564915, 0.432402312756, 0.411330878735, 0.384605973959, 0.345233082771, 0.357785493135], "median": [-8.23644542694, -7.24631595612, -8.36714267731, -9.1308259964, -9.89369773865, -12.4524259567], "min": [-27.8083305359, -27.5085029602, -27.2830696106, -27.5382614136, -27.3443450928, -27.3815822601], "dvar2": [0.274695217609, 0.171305865049, 0.151043131948, 0.151174008846, 0.182115912437, 0.213379010558], "dvar": [0.108934216201, 0.0780384242535, 0.070792965591, 0.0751583203673, 0.0953067690134, 0.114950485528], "dmean": [0.364061653614, 0.268338531256, 0.255723416805, 0.242847427726, 0.235508948565, 0.253761917353], "max": [-5.61517381668, -4.79033470154, -5.3201622963, -5.98860740662, -5.4591422081, -7.80146312714], "var": [1.24809920788, 1.64628493786, 2.20890331268, 2.62273406982, 2.75172829628, 2.64526939392], "mean": [-8.30228900909, -7.31017589569, -8.42256355286, -9.29871749878, -10.0556621552, -12.4905948639]}, "erbbands_flatness_db": {"dmean2": 0.0243247002363, "median": 0.249398142099, "min": 0.0510395765305, "dvar2": 0.000816788116936, "dvar": 0.00036423408892, "dmean": 0.0161987617612, "max": 0.433197379112, "var": 0.00379946874455, "mean": 0.249214455485}, "spectral_energyband_high": {"dmean2": 0.000101969555544, "median": 6.52161043035e-06, "min": 7.56730592978e-21, "dvar2": 6.4371948838e-07, "dvar": 3.03867409457e-07, "dmean": 7.47880185372e-05, "max": 0.0266293864697, "var": 7.71210693529e-07, "mean": 0.00016401791072}, "spectral_entropy": {"dmean2": 0.261911720037, "median": 6.2522444725, "min": 4.30549621582, "dvar2": 0.103430636227, "dvar": 0.0487474612892, "dmean": 0.174784079194, "max": 9.81004047394, "var": 0.503781199455, "mean": 6.31132936478}, "silence_rate_20dB": {"dmean2": 0, "median": 1, "min": 1, "dvar2": 0, "dvar": 0, "dmean": 0, "max": 1, "var": 0, "mean": 1}, "melbands_flatness_db": {"dmean2": 0.0324406661093, "median": 0.357293426991, "min": 0.00267929839902, "dvar2": 0.00155385804828, "dvar": 0.000737549329642, "dmean": 0.0219981875271, "max": 0.607177972794, "var": 0.00942471716553, "mean": 0.35111695528}, "barkbands": {"dmean2": [1.07896346435e-06, 0.000360736448783, 0.000344011670677, 0.000537123880349, 0.00217100721784, 0.00191508757416, 0.000911152572371, 0.000985544640571, 0.000806625350378, 0.000434647401562, 0.000190672712051, 0.000222505346755, 0.000124310376123, 0.000145782643813, 0.000158527938765, 0.000126745435409, 0.000127391947899, 5.88179791521e-05, 3.12906595354e-05, 2.60664528469e-05, 2.82644014078e-05, 3.70465168089e-05, 1.97092158487e-05, 1.0875695807e-05, 1.36380103868e-05, 8.88291469892e-06, 7.72396219872e-07], "median": [3.53336702119e-07, 0.00018873103545, 0.000161315576406, 0.000200025635422, 0.001940696151, 0.00137532199733, 0.000317704951158, 0.000156095731654, 0.000106950225017, 6.33313175058e-05, 3.5389301047e-05, 2.06254699151e-05, 2.5461162295e-05, 1.40251986522e-05, 8.83247048478e-06, 6.7844489422e-06, 4.59568718725e-06, 1.63498327765e-06, 1.35443701765e-06, 9.62094304668e-07, 1.08005951915e-06, 7.20293030554e-07, 3.68692468555e-07, 2.77451619013e-07, 3.61983580888e-07, 1.7516882167e-07, 1.83861477154e-08], "min": [2.40082835085e-24, 2.05693808651e-23, 2.93321755958e-24, 1.81584381342e-24, 2.37094953409e-23, 3.06870962653e-23, 2.21834849405e-23, 2.36980931454e-23, 2.40124005736e-23, 3.05371906052e-23, 5.00118123942e-23, 2.58698256397e-23, 7.62052824198e-23, 3.71124409136e-23, 7.45975460296e-23, 1.11434857503e-22, 1.26544648794e-22, 1.25614575476e-22, 1.65751452303e-22, 2.69522772236e-22, 3.03167197594e-22, 4.16079067769e-22, 5.4617937141e-22, 7.16115964317e-22, 9.82525979774e-22, 1.43153803396e-21, 2.07216114561e-21], "dvar2": [3.07822929473e-12, 6.98446967817e-07, 4.75344876349e-07, 1.44561624893e-06, 1.4257154362e-05, 2.15160143853e-05, 8.39519270812e-06, 1.31303459057e-05, 1.34991796585e-05, 5.36322750122e-06, 6.30105716937e-07, 1.16755336421e-06, 2.73476047141e-07, 4.77343860439e-07, 4.85428415686e-07, 5.4744202771e-07, 5.09572828378e-07, 1.2136422356e-07, 6.82964937937e-08, 2.78633258688e-08, 6.91506087946e-08, 1.13805974422e-07, 9.57374055588e-08, 5.46546496949e-09, 9.01389896057e-09, 3.20550741506e-09, 4.51092739551e-11], "dvar": [1.08912943768e-12, 4.36734580944e-07, 1.85247287732e-07, 5.97164159899e-07, 5.60462331123e-