{"tonal": {"thpcp": [1, 0.860633313656, 0.484709262848, 0.455662488937, 0.464454054832, 0.470844238997, 0.688300967216, 0.710071623325, 0.46615344286, 0.389673143625, 0.374012619257, 0.390614837408, 0.602116346359, 0.630216896534, 0.372718602419, 0.213618800044, 0.17009370029, 0.188300028443, 0.322167247534, 0.377057641745, 0.36151471734, 0.550575196743, 0.554493546486, 0.352183610201, 0.33171954751, 0.329179227352, 0.324359834194, 0.568631291389, 0.70635920763, 0.481500089169, 0.32496330142, 0.286459714174, 0.275810688734, 0.384892642498, 0.433740466833, 0.617572963238], "hpcp": {"dmean2": [0.302277743816, 0.292596250772, 0.22361253202, 0.151983365417, 0.130708679557, 0.136178314686, 0.164711296558, 0.181861996651, 0.203345939517, 0.26859754324, 0.261346340179, 0.208811119199, 0.194295540452, 0.192550674081, 0.206468969584, 0.277081489563, 0.302309036255, 0.27927288413, 0.231281638145, 0.20569217205, 0.200351685286, 0.228245452046, 0.242154091597, 0.343281507492, 0.490483164787, 0.400528222322, 0.303529500961, 0.280340671539, 0.28638458252, 0.313590347767, 0.337184369564, 0.328542500734, 0.276228547096, 0.250849038363, 0.230436056852, 0.252911955118], "median": [0.056156732142, 0.0678214132786, 0.0445397682488, 0.0182532984763, 0.0103688836098, 0.0150714302436, 0.0243102181703, 0.0246477387846, 0.0391021482646, 0.0486361682415, 0.055201780051, 0.0407683886588, 0.0316828005016, 0.0286735910922, 0.0362786725163, 0.0608393214643, 0.0657810866833, 0.0473603047431, 0.0224634408951, 0.0162208490074, 0.0190729722381, 0.0252503100783, 0.0302321091294, 0.0805954635143, 0.127447620034, 0.125852301717, 0.0476615279913, 0.0311104189605, 0.0291791409254, 0.0347013249993, 0.0501035675406, 0.0567006617785, 0.043174661696, 0.0172540154308, 0.0145374201238, 0.0275482926518], "min": [0, 0, 0, 0, 0, 0, 0, 0, 0, 0, 0, 0, 0, 0, 0, 0, 0, 0, 0, 0, 0, 0, 0, 0, 0, 0, 0, 0, 0, 0, 0, 0, 0, 0, 0, 0], "dvar2": [0.13394293189, 0.118425868452, 0.0906992778182, 0.0649702176452, 0.0620396919549, 0.0645570233464, 0.0651178359985, 0.0773940011859, 0.0735126584768, 0.112047798932, 0.107264563441, 0.0837229639292, 0.079626865685, 0.0861354991794, 0.0829424634576, 0.123286657035, 0.135093986988, 0.130251318216, 0.118416175246, 0.117059551179, 0.107227087021, 0.120542511344, 0.128212407231, 0.132802054286, 0.245565116405, 0.159688219428, 0.161306783557, 0.15483982861, 0.163475245237, 0.171588271856, 0.165165379643, 0.158572211862, 0.13636444509, 0.134904906154, 0.123644918203, 0.121803067625], "dvar": [0.0563534796238, 0.0509565398097, 0.0338687933981, 0.0237385071814, 0.0226692557335, 0.023100214079, 0.0261669363827, 0.033610060811, 0.0283653475344, 0.0487495735288, 0.0458291172981, 0.0307075344026, 0.0300830937922, 0.033380292356, 0.0303381178528, 0.048478487879, 0.0595086850226, 0.0480578988791, 0.0432664565742, 0.0431286208332, 0.0390925966203, 0.046485953033, 0.051678199321, 0.0501598753035, 0.0959490090609, 0.0628893077374, 0.0595428533852, 0.0588646791875, 0.0636225268245, 0.0625463947654, 0.068920224905, 0.0665312036872, 0.0503250434995, 0.0511929579079, 0.0493712723255, 0.0444767698646], "dmean": [0.175055742264, 0.170608401299, 0.124787673354, 0.0831868648529, 0.0706020072103, 0.0743396505713, 0.0945993885398, 0.106262326241, 0.116511821747, 0.159183904529, 0.155921295285, 0.117679908872, 0.109356351197, 0.108869664371, 0.115098848939, 0.160097226501, 0.175784125924, 0.157068744302, 0.126391172409, 0.112426251173, 0.109323248267, 0.128509089351, 0.135354712605, 0.192651644349, 0.274306505919, 0.229045003653, 0.168242156506, 0.156832516193, 0.159400090575, 0.173280596733, 0.193143516779, 0.189704105258, 0.155039295554, 0.137741714716, 0.126939997077, 0.140534967184], "max": [1, 1, 1, 1, 1, 1, 1, 1, 1, 1, 1, 1, 1, 1, 1, 1, 1, 1, 1, 1, 1, 1, 1, 1, 1, 1, 1, 1, 1, 1, 1, 1, 1, 1, 1, 1], "var": [0.0740536078811, 0.0726401880383, 0.0315603651106, 0.0187622588128, 0.0167610216886, 0.0167227983475, 0.0324192866683, 0.046736355871, 0.0301299262792, 0.0678190588951, 0.0646848157048, 0.0286273136735, 0.0298565607518, 0.0342024862766, 0.026299033314, 0.0620405338705, 0.0926645025611, 0.0486134327948, 0.034423623234, 0.0336508452892, 0.0298035405576, 0.0468614213169, 0.0584762170911, 0.055655810982, 0.12376383692, 0.091968819499, 0.0535599216819, 0.0575752556324, 0.0645728185773, 0.0547294393182, 0.0932490453124, 0.0956678763032, 0.0491880476475, 0.052258439362, 0.0561703518033, 0.0408429317176], "mean": [0.184629991651, 0.193246603012, 0.114288598299, 0.0655030161142, 0.0521566979587, 0.0577393956482, 0.0987877771258, 0.11561910063, 0.110853098333, 0.168825671077, 0.170027166605, 0.107991851866, 0.101716853678, 0.100937902927, 0.0994601026177, 0.174362301826, 0.216594517231, 0.147644817829, 0.099645152688, 0.0878385975957, 0.0845732316375, 0.118021585047, 0.133000046015, 0.189369544387, 0.306635081768, 0.263900369406, 0.148628860712, 0.139722108841, 0.142417907715, 0.144377365708, 0.21105723083, 0.217732876539, 0.142939001322, 0.119487456977, 0.11468539387, 0.119776211679]}, "tuning_equal_tempered_deviation": 0.174555897713, "chords_changes_rate": 0.101296454668, "key_key": "F", "tuning_diatonic_strength": 0.598356544971, "key_scale": "major", "chords_number_rate": 0.00138288678136, "tuning_frequency": 434.193115234, "tuning_nontempered_energy_ratio": 0.895992159843, "chords_histogram": [29.3344860077, 0.345721691847, 8.8850479126, 0.190146937966, 3.26707005501, 0.691443383694, 0.518582522869, 0.968020737171, 1.88418328762, 0, 0, 0, 0, 0.0691443383694, 0.0864304229617, 0.639585137367, 2.61019873619, 8.21088981628, 0, 3.00777864456, 0, 0.864304244518, 0.224719107151, 38.2022476196], "key_strength": 0.582753419876, "chords_key": "D", "chords_strength": {"dmean2": 0.0173643436283, "median": 0.454939723015, "min": -1, "dvar2": 0.000810403027572, "dvar": 0.000444691453595, "dmean": 0.014641479589, "max": 0.702413499355, "var": 0.0251740291715, "mean": 0.442774057388}, "chords_scale": "minor", "hpcp_entropy": {"dmean2": 1.16588950157, "median": 2.28972625732, "min": 0, "dvar2": 0.859771609306, "dvar": 0.319944232702, "dmean": 0.690901994705, "max": 4.45850229263, "var": 0.586746454239, "mean": 2.25555944443}}, "metadata": {"audio_properties": {"equal_loudness": 0, "codec": "mp3", "downmix": "mix", "sample_rate": 44100, "analysis_sample_rate": 44100, "bit_rate": 320031, "md5_encoded": "5c7236fc3aa9ddcc6e5e27e33fb7785b", "length": 268.564910889, "replay_gain": -7.21938323975, "lossless": false}, "version": {"essentia_build_sha": "70f2e5ece6736b2c40cc944ad0e695b16b925413", "essentia": "2.1-beta2", "extractor": "music 1.0", "essentia_git_sha": "v2.1_beta2"}, "tags": {"title": ["Steppin' (Out)"], "barcode": ["731452245724"], "media": ["CD"], "albumartist": ["The Gap Band"], "length": ["268506"], "musicbrainz_recordingid": ["15e0cddd-8d78-4e1a-8583-7925bc8a4330"], "encoding": ["lame.exe -p -h -b 320"], "musicbrainz_albumartistid": ["00aab979-da36-4efd-9086-e409cda07f9c"], "discnumber": ["1/1"], "album": ["The Best of Gap Band"], "catalognumber": ["314 522 457-2"], "musicbrainz album type": ["album/compilation"], "musicbrainz album release country": ["US"], "file_name": "Steppin' (Out) - The Gap Band.mp3", "originaldate": ["1994"], "date": ["1994"], "genre": ["Soul and R&B"], "musicbrainz_releasegroupid": ["a0e0d643-8144-38fe-a67c-d1b49e8cd1a1"], "musicbrainz_artistid": ["00aab979-da36-4efd-9086-e409cda07f9c"], "asin": ["B000001E54"], "musicbrainz_albumid": ["c1149c23-2be3-49f7-b54b-92fd2a355dae"], "artist": ["The Gap Band"], "artistsort": ["Gap Band, The"], "tracknumber": ["10/13"], "label": ["Mercury"], "albumartistsort": ["Gap Band, The"], "script": ["Latn"]}}, "rhythm": {"bpm_histogram_first_peak_bpm": {"dmean2": 0, "median": 144, "min": 144, "dvar2": 0, "dvar": 0, "dmean": 0, "max": 144, "var": 0, "mean": 144}, "bpm": 144.653610229, "bpm_histogram_second_peak_spread": {"dmean2": 0, "median": 0, "min": 0, "dvar2": 0, "dvar": 0, "dmean": 0, "max": 0, "var": 0, "mean": 0}, "bpm_histogram_first_peak_weight": {"dmean2": 0, "median": 0.699224829674, "min": 0.699224829674, "dvar2": 0, "dvar": 0, "dmean": 0, "max": 0.699224829674, "var": 0, "mean": 0.699224829674}, "onset_rate": 4.57955217361, "beats_position": [0.429569154978, 0.859138309956, 1.27709746361, 1.69505667686, 2.11301589012, 2.53097510338, 2.94893407822, 3.35528349876, 3.76163268089, 4.1679816246, 4.57433080673, 4.98067998886, 5.38702917099, 5.80498838425, 6.21133756638, 6.6176867485, 7.02403593063, 7.4303855896, 7.84834432602, 8.25469398499, 8.66104316711, 9.06739234924, 9.47374153137, 9.8800907135, 10.2864398956, 10.6927890778, 11.0991382599, 11.505487442, 11.900226593, 12.3065757751, 12.7013149261, 13.1076641083, 13.5372333527, 13.9435825348, 14.3499317169, 14.7678909302, 15.1858501434, 15.5921993256, 16.0101585388, 16.4165077209, 16.8344669342, 17.2524261475, 17.6703853607, 18.088344574, 18.5063037872, 18.9242630005, 19.3422222137, 19.7485713959, 20.1665306091, 20.5728797913, 20.9908390045, 21.4087982178, 21.826757431, 22.2447166443, 22.6626758575, 23.0806350708, 23.4985942841, 23.9165534973, 24.3345127106, 24.7524719238, 25.1704311371, 25.5883903503, 26.0063495636, 26.4243087769, 26.8538761139, 27.2834453583, 27.7014045715, 28.1193637848, 28.537322998, 28.9552822113, 29.3732414246, 29.7912006378, 30.2091598511, 30.6271190643, 31.0450782776, 31.4630374908, 31.8809967041, 32.2989578247, 32.7169151306, 33.1348762512, 33.5528335571, 33.9707946777, 34.3887519836, 34.8067131042, 35.2246704102, 35.6310195923, 36.0489807129, 36.455329895, 36.8732872009, 37.2912483215, 37.7092056274, 38.1271629333, 38.545124054, 38.9630813599, 39.3810424805, 39.7989997864, 40.216960907, 40.6349182129, 41.0528793335, 41.4708366394, 41.88879776, 42.2951469421, 42.7014961243, 43.1194534302, 43.5374145508, 43.9553718567, 44.3733329773, 44.7912902832, 45.2092514038, 45.6272087097, 46.0451698303, 46.4631271362, 46.8810882568, 47.2990455627, 47.7170066833, 48.1349639893, 48.5529251099, 48.9708824158, 49.3888435364, 49.8068008423, 50.2131500244, 50.631111145, 51.0374603271, 51.4554176331, 51.8733787537, 52.2913360596, 52.7092971802, 53.1272544861, 53.5452156067, 53.9631729126, 54.3811340332, 54.7990913391, 55.2170524597, 55.6350097656, 56.0529708862, 56.4709281921, 56.8888893127, 57.3068466187, 57.7248077393, 58.1427650452, 58.5607261658, 58.9786834717, 59.3966445923, 59.8146018982, 60.2325630188, 60.6505203247, 61.0684814453, 61.4864387512, 61.8927879333, 62.2991371155, 62.7170982361, 63.135055542, 63.5530128479, 63.9709739685, 64.3889312744, 64.806892395, 65.2248535156, 65.6312026978, 66.0375518799, 66.4555053711, 66.8734664917, 67.2914276123, 67.7093887329, 68.1273422241, 68.5336914062, 68.9400405884, 69.358001709, 69.7759628296, 70.1939239502, 70.6118774414, 71.029838562, 71.4477996826, 71.8541488647, 72.2604980469, 72.6784591675, 73.0964126587, 73.5143737793, 73.9323348999, 74.3502960205, 74.7682495117, 75.1862106323, 75.6041717529, 76.0221328735, 76.4400863647, 76.8580474854, 77.276008606, 77.6939697266, 78.1119232178, 78.5298843384, 78.947845459, 79.3658065796, 79.7721557617, 80.1785049438, 80.5964584351, 81.0144195557, 81.4323806763, 81.8503417969, 82.256690979, 82.6746444702, 83.0809936523, 83.4989547729, 83.9169158936, 84.3348770142, 84.7412261963, 85.1475753784, 85.5655288696, 85.9834899902, 86.4014511108, 86.807800293, 87.2141494751, 87.6321105957, 88.0384597778, 88.44480896, 88.8627624512, 89.2807235718, 89.6870727539, 90.093421936, 90.5113830566, 90.9177322388, 91.3240814209, 91.7188186646, 92.1251678467, 92.5315170288, 92.9378662109, 93.3442153931, 93.7621765137, 94.1801376343, 94.5980911255, 95.0160522461, 95.4340133667, 95.8519744873, 96.2583236694, 96.6762771606, 97.0942382812, 97.5121994019, 97.918548584, 98.3365097046, 98.7544631958, 99.1724243164, 99.590385437, 100.008346558, 100.426300049, 100.844261169, 101.250610352, 101.656959534, 102.074920654, 102.492874146, 102.910835266, 103.328796387, 103.746757507, 104.164710999, 104.582672119, 105.00063324, 105.41859436, 105.836547852, 106.254508972, 106.672470093, 107.090431213, 107.508384705, 107.926345825, 108.344306946, 108.762268066, 109.180221558, 109.598182678, 110.016143799, 110.434104919, 110.852058411, 111.270019531, 111.687980652, 112.105941772, 112.523895264, 112.941856384, 113.359817505, 113.777778625, 114.195732117, 114.613693237, 115.031654358, 115.449615479, 115.855964661, 116.262313843, 116.680267334, 117.098228455, 117.516189575, 117.934150696, 118.352104187, 118.770065308, 119.188026428, 119.605987549, 120.02394104, 120.441902161, 120.848251343, 121.254600525, 121.672561646, 122.090522766, 122.508476257, 122.926437378, 123.344398499, 123.750747681, 124.157096863, 124.575057983, 124.993011475, 125.399360657, 125.805709839, 126.223670959, 126.64163208, 127.059593201, 127.477546692, 127.895507812, 128.301864624, 128.708206177, 129.126159668, 129.544128418, 129.962081909, 130.3800354, 130.79800415, 131.215957642, 131.633926392, 132.051879883, 132.469833374, 132.887802124, 133.305755615, 133.723709106, 134.141677856, 134.559631348, 134.977600098, 135.395553589, 135.801895142, 136.208251953, 136.626205444, 137.044174194, 137.462127686, 137.880081177, 138.298049927, 138.704391479, 139.110748291, 139.528701782, 139.946670532, 140.364624023, 140.782577515, 141.200546265, 141.618499756, 142.036453247, 142.454421997, 142.849151611, 143.267120361, 143.685073853, 144.091430664, 144.497772217, 144.915740967, 145.333694458, 145.751647949, 146.169616699, 146.58757019, 147.005523682, 147.423492432, 147.829833984, 148.247802734, 148.654144287, 149.072113037, 149.490066528, 149.90802002, 150.32598877, 150.743942261, 151.161895752, 151.568252563, 151.974594116, 152.392562866, 152.810516357, 153.228485107, 153.63482666, 154.041183472, 154.459136963, 154.877090454, 155.295059204, 155.713012695, 156.130966187, 156.548934937, 156.966888428, 157.384857178, 157.79119873, 158.197555542, 158.615509033, 159.033462524, 159.451431274, 159.857772827, 160.264129639, 160.68208313, 161.100036621, 161.506393433, 161.912734985, 162.330703735, 162.737045288, 163.1434021, 163.561355591, 163.979324341, 164.397277832, 164.803619385, 165.209976196, 165.627929688, 166.045898438, 166.45223999, 166.858596802, 167.276550293, 167.682891846, 168.089248657, 168.507202148, 168.91355896, 169.319900513, 169.726257324, 170.132598877, 170.550567627, 170.945297241, 171.351654053, 171.757995605, 172.164352417, 172.57069397, 172.98866272, 173.406616211, 173.812973022, 174.219314575, 174.637283325, 175.055236816, 175.461578369, 175.867935181, 176.285888672, 176.703857422, 177.121810913, 177.539764404, 177.946121216, 178.352462769, 178.770431519, 179.176773071, 179.583129883, 180.001083374, 180.419036865, 180.837005615, 181.243347168, 181.649703979, 182.067657471, 182.485626221, 182.903579712, 183.321533203, 183.727890015, 184.134231567, 184.552200317, 184.970153809, 185.3881073, 185.80607605, 186.224029541, 186.641998291, 187.059951782, 187.477905273, 187.895874023, 188.313827515, 188.720184326, 189.126525879, 189.54447937, 189.96244812, 190.380401611, 190.786758423, 191.193099976, 191.611068726, 192.029022217, 192.446975708, 192.864944458, 193.282897949, 193.70085144, 194.11882019, 194.536773682, 194.954742432, 195.372695923, 195.790649414, 196.208618164, 196.626571655, 197.044525146, 197.450881958, 197.857223511, 198.275192261, 198.693145752, 199.111114502, 199.529067993, 199.947021484, 200.364990234, 200.782943726, 201.200897217, 201.618865967, 202.036819458, 202.454788208, 202.872741699, 203.279083252, 203.685440063, 204.103393555, 204.521362305, 204.939315796, 205.357269287, 205.775238037, 206.193191528, 206.611160278, 207.02911377, 207.435455322, 207.841812134, 208.259765625, 208.677734375, 209.095687866, 209.513641357, 209.931610107, 210.349563599, 210.76751709, 211.18548584, 211.603439331, 212.021408081, 212.439361572, 212.857315063, 213.275283813, 213.693237305, 214.099594116, 214.505935669, 214.92388916, 215.34185791, 215.759811401, 216.177780151, 216.595733643, 217.002075195, 217.408432007, 217.826385498, 218.244354248, 218.662307739, 219.08026123, 219.486618042, 219.892959595, 220.310928345, 220.728881836, 221.146850586, 221.564804077, 221.982757568, 222.400726318, 222.807067871, 223.213424683, 223.631378174, 224.037734985, 224.444076538, 224.862030029, 225.279998779, 225.697952271, 226.115921021, 226.533874512, 226.928619385, 227.346572876, 227.764526367, 228.182495117, 228.58883667, 228.995193481, 229.413146973, 229.831100464, 230.237457275, 230.643798828, 231.061767578, 231.468109131, 231.874465942, 232.292419434, 232.710388184, 233.128341675, 233.534683228, 233.941040039, 234.35899353, 234.765350342, 235.171691895, 235.589660645, 236.007614136, 236.425567627, 236.831924438, 237.238265991, 237.656234741, 238.074188232, 238.492156982, 238.910110474, 239.328063965, 239.734420776, 240.140762329, 240.558731079, 240.97668457, 241.383041382, 241.789382935, 242.195739746, 242.602081299, 243.02003479, 243.43800354, 243.844345093, 244.250701904, 244.668655396, 245.063400269, 245.48135376, 245.89932251, 246.305664062, 246.712020874, 247.129974365, 247.547927856, 247.965896606, 248.383850098, 248.801803589, 249.196548462, 249.614501953, 250.032470703, 250.438812256, 250.845169067, 251.263122559, 251.681091309, 252.0990448, 252.516998291, 252.934967041, 253.352920532, 253.770874023, 254.177230835, 254.583572388, 255.001541138, 255.419494629, 255.82585144, 256.232208252, 256.650146484, 257.068115234, 257.486083984, 257.892425537, 258.29876709, 258.71673584, 259.123077393, 259.529418945, 259.947387695, 260.365356445, 260.771697998, 261.178039551, 261.596008301, 262.002349854, 262.408691406, 262.826660156, 263.244628906, 263.662567139, 264.080535889, 264.498504639, 264.916442871, 265.346038818, 265.775604248, 266.228393555, 266.681182861, 267.145568848, 267.598358154, 268.062774658], "beats_loudness": {"dmean2": 0.0522817224264, "median": 0.0584046393633, "min": 0, "dvar2": 0.00171476358082, "dvar": 0.000527689466253, "dmean": 0.0294252019376, "max": 0.14817160368, "var": 0.000844952010084, "mean": 0.0594119206071}, "danceability": 2.09502220154, "bpm_histogram_second_peak_weight": {"dmean2": 0, "median": 0.012403100729, "min": 0.012403100729, "dvar2": 0, "dvar": 0, "dmean": 0, "max": 0.012403100729, "var": 0, "mean": 0.012403100729}, "beats_count": 646, "bpm_histogram_second_peak_bpm": {"dmean2": 0, "median": 152, "min": 152, "dvar2": 0, "dvar": 0, "dmean": 0, "max": 152, "var": 0, "mean": 152}, "bpm_histogram_first_peak_spread": {"dmean2": 0, "median": 0.286392390728, "min": 0.286392390728, "dvar2": 0, "dvar": 0, "dmean": 0, "max": 0.286392390728, "var": 0, "mean": 0.286392390728}, "beats_loudness_band_ratio": {"dmean2": [0.330064684153, 0.190876856446, 0.189165130258, 0.0572024770081, 0.0359438285232, 0.0701592043042], "median": [0.724921822548, 0.0868794023991, 0.10070592165, 0.020679820329, 0.0247453376651, 0.0322933122516], "min": [0, 0, 0, 0, 0, 0], "dvar2": [0.114832632244, 0.0242977179587, 0.0477139241993, 0.00665038032457, 0.0017716990551, 0.0171421840787], "dvar": [0.0344060659409, 0.00774863548577, 0.015993444249, 0.00247959769331, 0.000635049131233, 0.00486449245363], "dmean": [0.181763872504, 0.103086099029, 0.105487249792, 0.0317709222436, 0.0207131300122, 0.0373710878193], "max": [0.96796631813, 0.506319761276, 0.965612530708, 0.496597528458, 0.351925641298, 0.643764078617], "var": [0.042344186455, 0.00823900941759, 0.0159463044256, 0.0025533689186, 0.000810705998447, 0.00298192538321], "mean": [0.667148351669, 0.114905811846, 0.137575089931, 0.0357023663819, 0.0322807766497, 0.0457696244121]}}, "lowlevel": {"barkbands_spread": {"dmean2": 12.6107492447, "median": 12.6468839645, "min": 0.320868045092, "dvar2": 270.322662354, "dvar": 111.184661865, "dmean": 7.82752609253, "max": 104.832458496, "var": 196.086013794, "mean": 16.8144874573}, "melbands_spread": {"dmean2": 10.9561338425, "median": 10.6230344772, "min": 0.584034502506, "dvar2": 260.002227783, "dvar": 109.425193787, "dmean": 6.72393035889, "max": 276.070556641, "var": 316.094604492, "mean": 15.0503377914}, "hfc": {"dmean2": 17.0461044312, "median": 5.00351142883, "min": 1.06727679984e-16, "dvar2": 1106.4543457, "dvar": 478.735961914, "dmean": 11.1723966599, "max": 237.693832397, "var": 524.369750977, "mean": 13.4378833771}, "barkbands_kurtosis": {"dmean2": 9.26848125458, "median": 5.3198132515, "min": -1.9415268898, "dvar2": 232.266036987, "dvar": 84.09765625, "dmean": 5.48509407043, "max": 250.097946167, "var": 88.407409668, "mean": 7.68111467361}, "gfcc": {"mean": [-64.9037780762, 103.324485779, -91.5580596924, 20.7480640411, -51.7914199829, 9.40124225616, -38.1002693176, 12.6158418655, -19.1770839691, 4.53860807419, -15.8803052902, 2.01571726799, -13.9651155472], "icov": [[0.000117661249533, -0.000203664196306, 0.000192794410395, -0.000320606690366, 0.000188020625501, -0.000352398870746, 0.000273572950391, -0.000241510701017, 0.000266083399765, -0.00051845953567, 0.000643016304821, -0.000465043733129, 0.000710773398168], [-0.000203664196306, 0.00123299483676, -0.00019507126126, 0.000562514585909, -0.000844197522383, 0.000985208665952, -0.000638377503492, 0.000665097264573, -0.000845063070301, 0.00231286068447, -0.00234530796297, 0.00190285209101, -0.00174635159783], [0.000192794410395, -0.00019507126126, 0.00165646104142, -0.000920521735679, -0.000133668261697, -0.000938744400628, 0.000440838281065, 0.000263263616944, 0.00014604270109, -0.000993349822238, 0.00128541735467, -0.00151888572145, 0.00175354408566], [-0.000320606690366, 0.000562514585909, -0.000920521735679, 0.00400103675202, -0.00150768808089, 0.000187471116078, 0.000151691696374, -0.000306384230498, -0.00033085278119, 0.00156745093409, -0.00254243565723, 0.0024598564487, -0.00173866469413], [0.000188020625501, -0.000844197522383, -0.000133668261697, -0.00150768808089, 0.00420341966674, -0.000638184486888, -0.00088530179346, 0.000821043737233, -0.000729486288037, -0.00121780473273, 0.00129942852072, -0.000647372391541, 0.00145262514707], [-0.000352398870746, 0.000985208665952, -0.000938744400628, 0.000187471116078, -0.000638184486888, 0.00675698230043, -0.00289762951434, -0.000434376852354, 0.00134279963095, -6.98630319675e-05, -0.00147531391121, 0.00190452288371, -0.00189425447024], [0.000273572950391, -0.000638377503492, 0.000440838281065, 0.000151691696374, -0.00088530179346, -0.00289762951434, 0.00752956978977, -0.00179402017966, -0.00171993568074, 0.000769884034526, 0.000248920492595, -0.000181551775313, 0.00143572990783], [-0.000241510701017, 0.000665097264573, 0.000263263616944, -0.000306384230498, 0.000821043737233, -0.000434376852354, -0.00179402017966, 0.012257588096, -0.00507252663374, -0.000949784705881, -0.00109479029197, -0.000226899879635, 0.00100600742735], [0.000266083399765, -0.000845063070301, 0.00014604270109, -0.00033085278119, -0.000729486288037, 0.00134279963095, -0.00171993568074, -0.00507252663374, 0.0166313182563, -0.00507622305304, -0.00149587087799, 0.00171305926051, -0.000938260171097], [-0.00051845953567, 0.00231286068447, -0.000993349822238, 0.00156745093409, -0.00121780473273, -6.98630319675e-05, 0.000769884034526, -0.000949784705881, -0.00507622305304, 0.0188900474459, -0.00639421446249, 0.000918594363611, -0.00130730110686], [0.000643016304821, -0.00234530796297, 0.00128541735467, -0.00254243565723, 0.00129942852072, -0.00147531391121, 0.000248920492595, -0.00109479029197, -0.00149587087799, -0.00639421446249, 0.0194850191474, -0.00664680218324, 0.00113358173985], [-0.000465043733129, 0.00190285209101, -0.00151888572145, 0.0024598564487, -0.000647372391541, 0.00190452288371, -0.000181551775313, -0.000226899879635, 0.00171305926051, 0.000918594363611, -0.00664680218324, 0.0192322432995, -0.00603289948776], [0.000710773398168, -0.00174635159783, 0.00175354408566, -0.00173866469413, 0.00145262514707, -0.00189425447024, 0.00143572990783, 0.00100600742735, -0.000938260171097, -0.00130730110686, 0.00113358173985, -0.00603289948776, 0.0215228423476]], "cov": [[26517.5625, -1014.82720947, -697.301269531, 1007.43060303, -734.166748047, 853.675476074, -689.831604004, 445.02166748, -455.793548584, 396.884979248, -506.749603271, 102.212806702, -610.390991211], [-1014.82720947, 2597.24536133, -318.459075928, 16.6438064575, 417.542022705, -255.094711304, 218.466827393, -113.738937378, 148.938339233, -231.866989136, 184.966766357, -160.145843506, 149.432235718], [-697.301269531, -318.459075928, 958.039489746, 168.379165649, 121.802711487, 122.118751526, -0.547157585621, -17.2347755432, -15.1189241409, 44.9327468872, -28.2215328217, 34.088596344, -50.7839050293], [1007.43060303, 16.6438064575, 168.379165649, 420.296417236, 126.767562866, 77.8775863647, 0.262979924679, 25.2234973907, 4.8799033165, 13.3017997742, 8.57055187225, -25.6499443054, -21.2037010193], [-734.166748047, 417.542022705, 121.802711487, 126.767562866, 414.477233887, 9.87492465973, 109.491271973, -25.4200687408, 55.8404312134, -24.5901279449, 35.2763938904, -39.3995704651, 13.2595653534], [853.675476074, -255.094711304, 122.118751526, 77.8775863647, 9.87492465973, 258.036956787, 46.6563110352, 40.6697921753, -20.8154430389, 41.2406997681, -21.0873126984, 3.91349673271, -31.7128982544], [-689.831604004, 218.466827393, -0.547157585621, 0.262979924679, 109.491271973, 46.6563110352, 222.866867065, 23.7315864563, 54.0578384399, -18.7095794678, 32.4170875549, -25.3360023499, 13.7246370316], [445.02166748, -113.738937378, -17.2347755432, 25.2234973907, -25.4200687408, 40.6697921753, 23.7315864563, 122.497406006, 32.9315795898, 35.7702140808, 4.62642860413, 5.66689157486, -17.5440158844], [-455.793548584, 148.938339233, -15.1189241409, 4.8799033165, 55.8404312134, -20.8154430389, 54.0578384399, 32.9315795898, 104.967643738, 13.6931333542, 37.0663604736, -14.4654378891, 17.4175758362], [396.884979248, -231.866989136, 44.9327468872, 13.3017997742, -24.5901279449, 41.2406997681, -18.7095794678, 35.7702140808, 13.6931333542, 98.0994567871, 5.98486804962, 20.3290081024, -17.7026596069], [-506.749603271, 184.966766357, -28.2215328217, 8.57055187225, 35.2763938904, -21.0873126984, 32.4170875549, 4.62642860413, 37.0663604736, 5.98486804962, 94.9800491333, 7.52981615067, 27.2067470551], [102.212806702, -160.145843506, 34.088596344, -25.6499443054, -39.3995704651, 3.91349673271, -25.3360023499, 5.66689157486, -14.4654378891, 20.3290081024, 7.52981615067, 79.0697937012, 5.58083057404], [-610.390991211, 149.432235718, -50.7839050293, -21.2037010193, 13.2595653534, -31.7128982544, 13.7246370316, -17.5440158844, 17.4175758362, -17.7026596069, 27.2067470551, 5.58083057404, 77.2033081055]]}, "spectral_energyband_middle_low": {"dmean2": 0.0117395929992, "median": 0.00517816236243, "min": 1.54536021175e-22, "dvar2": 0.000561242632102, "dvar": 0.000209892576095, "dmean": 0.00701742060483, "max": 0.153499498963, "var": 0.00017868699797, "mean": 0.00920007098466}, "melbands_crest": {"dmean2": 6.30213737488, "median": 13.9496593475, "min": 1.50244486332, "dvar2": 32.0671348572, "dvar": 12.0609588623, "dmean": 3.76843833923, "max": 39.5357933044, "var": 24.1980190277, "mean": 14.466296196}, "spectral_kurtosis": {"dmean2": 5.13411712646, "median": 5.39752864838, "min": -1.26821112633, "dvar2": 53.9178237915, "dvar": 25.1638526917, "dmean": 3.41135382652, "max": 85.4458084106, "var": 55.0308647156, "mean": 7.46088218689}, "spectral_rms": {"dmean2": 0.00259663141333, "median": 0.00347530655563, "min": 3.11941813526e-12, "dvar2": 2.08873334486e-05, "dvar": 9.03753334569e-06, "dmean": 0.00172305328306, "max": 0.0197840481997, "var": 1.13163123387e-05, "mean": 0.00412163836882}, "zerocrossingrate": {"dmean2": 0.0185618642718, "median": 0.0390625, "min": 0, "dvar2": 0.000531658472028, "dvar": 0.000400945282308, "dmean": 0.0150948856026, "max": 0.53076171875, "var": 0.00380245782435, "mean": 0.0535949021578}, "silence_rate_60dB": {"dmean2": 0.139028191566, "median": 0, "min": 0, "dvar2": 0.136642485857, "dvar": 0.0646723732352, "dmean": 0.0695080831647, "max": 1, "var": 0.130850881338, "mean": 0.154823645949}, "erbbands_kurtosis": {"dmean2": 2.20688509941, "median": -0.00918316841125, "min": -1.88148760796, "dvar2": 14.1707372665, "dvar": 6.14356422424, "dmean": 1.3833001852, "max": 83.3745651245, "var": 12.0463142395, "mean": 0.980755865574}, "erbbands": {"dmean2": [0.3155618608, 6.91710758209, 18.5328960419, 15.3035173416, 20.8480186462, 14.4740629196, 9.6111831665, 10.8335590363, 13.3546390533, 25.4887981415, 26.8971672058, 22.3757171631, 17.4698600769, 11.4788360596, 9.38425445557, 13.3072786331, 16.564371109, 16.1485729218, 23.6079883575, 20.2538509369, 13.6151161194, 13.7224998474, 10.1789016724, 8.43108177185, 10.8621578217, 5.49219608307, 3.96153020859, 4.47455358505, 6.29538202286, 4.67063808441, 4.32541513443, 3.99921178818, 3.74866628647, 1.96147298813, 0.938404381275, 0.814732849598, 0.50265955925, 0.0608709380031, 0.00300302566029, 0.000122144192574], "median": [0.0654354169965, 0.520660638809, 1.30188655853, 1.8400015831, 2.55816984177, 4.19721746445, 4.8118724823, 4.48635673523, 5.18742370605, 6.95559692383, 7.17514514923, 5.55647659302, 4.59080266953, 3.17075061798, 2.925740242, 2.71103978157, 2.98296928406, 2.64304208755, 2.66319847107, 1.64943671227, 2.40296459198, 2.9578962326, 1.73548233509, 1.4607719183, 1.13136744499, 0.731004953384, 0.491833031178, 0.34964209795, 0.350271344185, 0.28187918663, 0.224548131227, 0.17287813127, 0.113170005381, 0.0669054985046, 0.041215620935, 0.0196785070002, 0.00548145920038, 0.000657245574985, 3.14885401167e-05, 1.7456464775e-05], "min": [3.76775903324e-23, 7.21522122764e-22, 1.20359716765e-21, 5.35773445362e-21, 1.15315835557e-20, 1.35680658731e-20, 2.92161387888e-20, 8.31513358752e-20, 1.28146846346e-19, 1.82159142482e-19, 2.13329091571e-19, 2.1984271238e-19, 4.34119067924e-19, 5.45287024071e-19, 1.05112384017e-18, 1.4181636269e-18, 1.33262694771e-18, 1.90728803421e-18, 2.67674426131e-18, 3.01928823157e-18, 3.82153389814e-18, 3.74386081145e-18, 4.74749559227e-18, 6.65435948962e-18, 8.2703097558e-18, 7.20854154871e-18, 8.90350245264e-18, 1.00484701401e-17, 9.73562546935e-18, 1.16675628654e-17, 1.0488324258e-17, 1.08644275661e-17, 9.54147129034e-18, 8.16841599359e-18, 6.19506704091e-18, 4.47913876281e-18, 2.28570868879e-18, 9.28690666362e-19, 2.32431315628e-19, 2.29766298022e-20], "dvar2": [0.545076310635, 314.84942627, 2204.05322266, 1576.44616699, 2556.0637207, 841.944335938, 230.926986694, 330.806488037, 578.410827637, 2800.625, 4839.01660156, 5799.80517578, 1929.43713379, 1037.50378418, 405.621734619, 945.86505127, 1219.40795898, 1231.99511719, 2958.59936523, 2480.78393555, 967.088256836, 954.839599609, 580.600097656, 361.034545898, 562.232116699, 161.614974976, 91.9263381958, 104.024909973, 221.056350708, 108.715736389, 89.4683761597, 90.7579879761, 86.4342880249, 21.7528343201, 4.09596824646, 4.14831447601, 1.93015813828, 0.0244931448251, 7.13917834219e-05, 7.67424310766e-08], "dvar": [0.21564014256, 113.54108429, 806.315124512, 554.190551758, 929.006835938, 309.05380249, 85.9229431152, 127.331321716, 226.42074585, 1104.18566895, 1980.01171875, 2411.52563477, 814.905090332, 391.79675293, 169.342514038, 367.912567139, 463.677429199, 472.423187256, 1182.37402344, 944.630615234, 377.543518066, 370.962249756, 224.230316162, 147.250183105, 244.060653687, 68.6666412354, 37.1776618958, 41.8353309631, 86.4552764893, 43.8519859314, 34.9491348267, 35.1792449951, 32.6271018982, 8.41390514374, 1.74568295479, 1.82427108288, 0.807424604893, 0.0103355199099, 3.0199498724e-05, 3.22228181915e-08], "dmean": [0.194090694189, 3.81176137924, 10.296090126, 8.26969814301, 11.6723194122, 8.40675544739, 5.75984954834, 6.53029918671, 8.30386734009, 15.6166219711, 16.8265037537, 14.3131952286, 11.0165929794, 7.03165864944, 5.85767745972, 8.14067459106, 9.89373016357, 9.78590106964, 14.4883852005, 11.971739769, 8.42423915863, 8.5842628479, 6.23123073578, 5.38762569427, 7.14475917816, 3.64116835594, 2.52275013924, 2.81132769585, 3.8852493763, 2.94092965126, 2.65506505966, 2.44584965706, 2.24508357048, 1.19615030289, 0.59572160244, 0.521867036819, 0.31311866641, 0.0380514450371, 0.00185366836376, 7.62813797337e-05], "max": [4.16622781754, 71.288520813, 190.597702026, 184.22555542, 374.973358154, 286.03326416, 265.518432617, 253.184906006, 372.345275879, 646.623535156, 1358.46948242, 1696.89916992, 766.180419922, 821.797851562, 591.567749023, 466.583709717, 326.381530762, 323.987731934, 490.305664062, 393.219696045, 230.084716797, 359.940185547, 208.890670776, 218.351501465, 182.001831055, 111.126358032, 81.1401519775, 108.74949646, 166.14012146, 91.5139770508, 110.948097229, 92.6662216187, 86.8072052002, 38.6504173279, 22.2706432343, 29.353351593, 19.857257843, 2.20275568962, 0.136739760637, 0.00376828783192], "var": [0.191666975617, 71.5767440796, 523.116333008, 330.592376709, 658.125732422, 252.414093018, 115.619491577, 175.997558594, 268.167541504, 1355.8157959, 2528.328125, 3313.23779297, 1303.76916504, 661.400878906, 307.383728027, 439.666595459, 433.066467285, 479.270446777, 1219.60791016, 730.012634277, 352.488494873, 343.844451904, 190.66734314, 142.675216675, 256.795349121, 73.2855148315, 35.2776679993, 42.0619277954, 85.8301544189, 42.4806137085, 31.8799247742, 30.4180679321, 25.454076767, 7.07950687408, 1.97537791729, 2.07668018341, 0.789761006832, 0.0102393198758, 2.96928155876e-05, 3.12840171546e-08], "mean": [0.205434814095, 2.83798789978, 7.74542331696, 6.45836591721, 10.1902151108, 9.20591449738, 8.21639347076, 8.90336799622, 10.8749771118, 18.6495876312, 21.4393100739, 19.3555030823, 15.3249969482, 9.77187824249, 7.99946928024, 9.5416021347, 10.6346855164, 10.5782232285, 14.3328933716, 10.4290866852, 9.1880273819, 9.56180667877, 6.46800851822, 5.82221078873, 7.16869831085, 4.015666008, 2.56994962692, 2.74101066589, 3.67637276649, 2.83203792572, 2.48677802086, 2.22566437721, 1.90382111073, 1.05213010311, 0.596060693264, 0.49441793561, 0.268950521946, 0.0324032716453, 0.00156221166253, 7.38058733987e-05]}, "spectral_strongpeak": {"dmean2": 0.469169765711, "median": 0.241628780961, "min": 0, "dvar2": 0.399901628494, "dvar": 0.157197207212, "dmean": 0.278797268867, "max": 5.68440103531, "var": 0.277947038412, "mean": 0.423032432795}, "spectral_energy": {"dmean2": 0.0467942804098, "median": 0.0123796993867, "min": 9.97403800521e-21, "dvar2": 0.0112064145505, "dvar": 0.00432021170855, "dmean": 0.0278494469821, "max": 0.401193737984, "var": 0.00339296180755, "mean": 0.0290117748082}, "average_loudness": 0.967180490494, "spectral_rolloff": {"dmean2": 1071.5090332, "median": 559.86328125, "min": 21.533203125, "dvar2": 5214260, "dvar": 2148720.25, "dmean": 617.34777832, "max": 20951.8066406, "var": 6113751.5, "mean": 1181.13647461}, "spectral_centroid": {"dmean2": 425.52130127, "median": 800.558349609, "min": 155.161956787, "dvar2": 269037.78125, "dvar": 112721.15625, "dmean": 269.302734375, "max": 11727.3496094, "var": 1355729.25, "mean": 1002.03778076}, "pitch_salience": {"dmean2": 0.166313618422, "median": 0.582021832466, "min": 0.0242519881576, "dvar2": 0.0270359814167, "dvar": 0.00985610764474, "dmean": 0.100091800094, "max": 0.993439376354, "var": 0.0157994292676, "mean": 0.571134567261}, "spectral_energyband_middle_high": {"dmean2": 0.00238359393552, "median": 0.000734818866476, "min": 1.2192806817e-21, "dvar2": 2.24953910219e-05, "dvar": 9.19481408346e-06, "dmean": 0.00155350356363, "max": 0.0327100940049, "var": 1.09266547952e-05, "mean": 0.00203430396505}, "spectral_contrast_coeffs": {"dmean2": [0.0924009680748, 0.0805605351925, 0.0637112483382, 0.0487845875323, 0.0389084741473, 0.0290869399905], "median": [-0.677595674992, -0.769904017448, -0.800878167152, -0.81572830677, -0.801224708557, -0.80795866251], "min": [-0.977055907249, -0.995599389076, -0.996175885201, -0.990488290787, -0.989053785801, -0.965227663517], "dvar2": [0.00633040908724, 0.00440491596237, 0.00283494009636, 0.0017192751402, 0.00120378809515, 0.000730891420972], "dvar": [0.00254525570199, 0.00167829741258, 0.00119008508045, 0.000697121722624, 0.000531147350557, 0.000317787780659], "dmean": [0.0572610385716, 0.0491762831807, 0.0396599546075, 0.0304488856345, 0.0256557110697, 0.0187940839678], "max": [-0.346372008324, -0.389735132456, -0.483169734478, -0.576003670692, -0.63621288538, -0.670970737934], "var": [0.0071325218305, 0.00455210311338, 0.00439206184819, 0.00249784393236, 0.0022029359825, 0.00142160919495], "mean": [-0.672786235809, -0.765742182732, -0.792559742928, -0.810846149921, -0.799088418484, -0.807975113392]}, "melbands_skewness": {"dmean2": 1.83978164196, "median": 2.89446926117, "min": -2.14009428024, "dvar2": 4.59084129333, "dvar": 1.80406749249, "dmean": 1.15100085735, "max": 15.1939487457, "var": 3.23916959763, "mean": 3.14969038963}, "spectral_spread": {"dmean2": 1600729.75, "median": 4401482.5, "min": 832582.1875, "dvar2": 4183103635460.0, "dvar": 2108597469180.0, "dmean": 1176757, "max": 42765004, "var": 19560509997100.0, "mean": 5335959}, "dissonance": {"dmean2": 0.0393675118685, "median": 0.468797206879, "min": 0.199574992061, "dvar2": 0.00141401553992, "dvar": 0.000533499754965, "dmean": 0.0234930124134, "max": 0.500000238419, "var": 0.000998323783278, "mean": 0.46099588275}, "spectral_skewness": {"dmean2": 0.573985099792, "median": 1.87625861168, "min": -0.327847629786, "dvar2": 0.426200211048, "dvar": 0.20805414021, "dmean": 0.391335040331, "max": 7.0967707634, "var": 0.638184010983, "mean": 2.03401207924}, "spectral_flux": {"dmean2": 0.0766692459583, "median": 0.0572353601456, "min": 6.34291855151e-11, "dvar2": 0.0136175258085, "dvar": 0.00743297394365, "dmean": 0.0512953177094, "max": 0.597614169121, "var": 0.0122523903847, "mean": 0.0963354557753}, "spectral_contrast_valleys": {"dmean2": [0.822026073933, 0.691033542156, 0.692902266979, 0.747513413429, 0.662946283817, 0.833845734596], "median": [-6.90587615967, -6.61157369614, -7.5828666687, -8.19501495361, -8.43409633636, -10.6886425018], "min": [-28.4673652649, -27.9057598114, -27.7982292175, -27.7248821259, -27.4993858337, -27.3810443878], "dvar2": [0.664408624172, 0.420782983303, 0.515967190266, 0.710869252682, 0.617914319038, 1.02896201611], "dvar": [0.353342086077, 0.209196582437, 0.264829754829, 0.386936694384, 0.36470463872, 0.617359757423], "dmean": [0.540031015873, 0.449603110552, 0.460817873478, 0.530836760998, 0.539012134075, 0.722794294357], "max": [-4.75169897079, -4.72146844864, -5.46593999863, -5.46798229218, -5.65679311752, -7.58609819412], "var": [6.1685333252, 5.63981723785, 5.27829170227, 5.29913330078, 5.36454391479, 5.37360858917], "mean": [-7.51507234573, -6.9958896637, -7.91410112381, -8.4245929718, -8.65763473511, -10.901763916]}, "erbbands_flatness_db": {"dmean2": 0.0366416350007, "median": 0.145408958197, "min": 0.0287185590714, "dvar2": 0.00131453666836, "dvar": 0.000762914714869, "dmean": 0.0278839189559, "max": 0.438020169735, "var": 0.0031794894021, "mean": 0.146999552846}, "spectral_energyband_high": {"dmean2": 0.000995063805021, "median": 6.07900110481e-05, "min": 6.69693461469e-21, "dvar2": 4.52597032563e-06, "dvar": 1.91101321434e-06, "dmean": 0.000635727308691, "max": 0.019697919488, "var": 2.03827653422e-06, "mean": 0.000623758882284}, "spectral_entropy": {"dmean2": 0.423385977745, "median": 7.40692710876, "min": 5.06628370285, "dvar2": 0.212305366993, "dvar": 0.107873991132, "dmean": 0.301085591316, "max": 9.82266044617, "var": 0.369481056929, "mean": 7.41861629486}, "silence_rate_20dB": {"dmean2": 0, "median": 1, "min": 1, "dvar2": 0, "dvar": 0, "dmean": 0, "max": 1, "var": 0, "mean": 1}, "melbands_flatness_db": {"dmean2": 0.0668586492538, "median": 0.237326532602, "min": 0.00285324710421, "dvar2": 0.00545536493883, "dvar": 0.00230186362751, "dmean": 0.0451358929276, "max": 0.570907056332, "var": 0.00648008519784, "mean": 0.242043584585}, "barkbands": {"dmean2": [0.000371564092347, 0.0246194694191, 0.0138659505174, 0.00510909548029, 0.00522867590189, 0.00116545695346, 0.00135282415431, 0.001266264240