{"metadata": {"tags": {"album": ["Fabric 65"], "albumartist": ["Matthias Tanzmann"], "tracknumber": ["9"], "musicbrainz_recordingid": ["15e23b35-4e01-42dc-a42c-2c48c7c2ecf5"], "artist": ["Silicone Soul"], "date": ["2012"], "discnumber": ["1"], "title": ["Right On, Right On (Matthias Tanzmann Remix)(Soma)"], "file_name": "2129624.mp3"}, "audio_properties": {"sample_rate": 44100, "downmix": "mix", "lossless": false, "analysis_sample_rate": 44100, "md5_encoded": "947f456ed54cebb0e06655da03dc273f", "equal_loudness": 0, "replay_gain": -14.0858726501, "codec": "mp3", "bit_rate": 320000, "length": 343.170623779}, "version": {"extractor": "music 1.0", "essentia_build_sha": "70f2e5ece6736b2c40cc944ad0e695b16b925413", "essentia_git_sha": "v2.1_beta2", "essentia": "2.1-beta2"}}, "rhythm": {"beats_loudness_band_ratio": {"dvar2": [0.276058107615, 0.0631417259574, 0.0455891266465, 0.00612860405818, 0.00652275467291, 0.15287643671], "var": [0.133571431041, 0.0247721429914, 0.0153000326827, 0.00387862906791, 0.00272100255825, 0.0639767497778], "min": [4.0483992052e-05, 0.000164229204529, 0.000130928019644, 5.56684826734e-05, 3.31679366354e-05, 0.000154933411977], "dmean": [0.501507639885, 0.123431570828, 0.109585419297, 0.0484708175063, 0.0533579774201, 0.29035449028], "mean": [0.399200350046, 0.104869969189, 0.0894027277827, 0.053578671068, 0.0533501952887, 0.313864588737], "max": [0.997852921486, 0.988312721252, 0.694497644901, 0.448353528976, 0.392428457737, 0.873088598251], "dmean2": [1.00173950195, 0.232979342341, 0.208534866571, 0.0853760018945, 0.103534907103, 0.565964281559], "median": [0.305535107851, 0.0288070440292, 0.0257074404508, 0.0336715579033, 0.0392172001302, 0.245640382171], "dvar": [0.0765680149198, 0.0241133384407, 0.0152363041416, 0.00218892656267, 0.00221100798808, 0.0494800209999]}, "bpm_histogram_first_peak_weight": {"dvar2": 0, "var": 0, "min": 0.837837815285, "dmean": 0, "mean": 0.837837815285, "max": 0.837837815285, "dmean2": 0, "median": 0.837837815285, "dvar": 0}, "bpm": 123.440795898, "beats_count": 704, "bpm_histogram_first_peak_spread": {"dvar2": 0, "var": 0, "min": 0.142649233341, "dmean": 0, "mean": 0.142649233341, "max": 0.142649233341, "dmean2": 0, "median": 0.142649233341, "dvar": 0}, "danceability": 1.61442410946, "bpm_histogram_first_peak_bpm": {"dvar2": 0, "var": 0, "min": 123, "dmean": 0, "mean": 123, "max": 123, "dmean2": 0, "median": 123, "dvar": 0}, "beats_position": [0.510838985443, 0.99845802784, 1.48607707024, 1.97369611263, 2.46131515503, 2.94893407822, 3.43655323982, 3.92417216301, 4.40018129349, 4.87619018555, 5.36380958557, 5.85142850876, 6.33904743195, 6.82666635513, 7.31428575516, 7.80190467834, 8.28952407837, 8.77714252472, 9.26476192474, 9.75238037109, 10.2399997711, 10.7276191711, 11.2152376175, 11.6912469864, 12.1672563553, 12.6548748016, 13.1424942017, 13.6301136017, 14.117732048, 14.6053514481, 15.0929698944, 15.5805892944, 16.0682086945, 16.5558280945, 17.0434455872, 17.5310649872, 18.0186843872, 18.4946937561, 18.9823131561, 19.458322525, 19.9459400177, 20.4335594177, 20.9211788177, 21.4087982178, 21.8964176178, 22.3840351105, 22.8716545105, 23.3592739105, 23.8468933105, 24.3345127106, 24.8221302032, 25.2981395721, 25.7857589722, 26.2617683411, 26.7493877411, 27.2370071411, 27.7246246338, 28.2122440338, 28.6998634338, 29.1874828339, 29.6751022339, 30.1627197266, 30.6503391266, 31.1379585266, 31.6720180511, 32.2176856995, 32.7517471313, 33.2974128723, 33.8082542419, 34.2958717346, 34.783493042, 35.2711105347, 35.7587280273, 36.2347373962, 36.7223587036, 37.1983680725, 37.6859855652, 38.1736030579, 38.6612243652, 39.1488418579, 39.6364631653, 40.124080658, 40.6116981506, 41.099319458, 41.5869369507, 42.0745582581, 42.5621757507, 43.0497932434, 43.5258026123, 44.0018119812, 44.4894332886, 44.9770507812, 45.4646720886, 45.9522895813, 46.439907074, 46.9275283813, 47.415145874, 47.9027671814, 48.3903846741, 48.8780021667, 49.3656234741, 49.8532409668, 50.3408622742, 50.8284797668, 51.3044891357, 51.7804985046, 52.2681159973, 52.7557373047, 53.2433547974, 53.73097229, 54.2185935974, 54.7062110901, 55.1938323975, 55.6814498901, 56.1690673828, 56.6566886902, 57.1443061829, 57.6319274902, 58.1079368591, 58.5955543518, 59.0715637207, 59.5591812134, 60.0468025208, 60.5344200134, 61.0220413208, 61.5096588135, 61.9972763062, 62.4848976135, 62.9725151062, 63.4601364136, 63.9477539062, 64.4237594604, 64.899772644, 65.3873901367, 65.8750076294, 66.3626327515, 66.8502502441, 67.3378677368, 67.8254852295, 68.3131027222, 68.8007278442, 69.2883453369, 69.7759628296, 70.2635803223, 70.7511978149, 71.238822937, 71.7148284912, 72.1908340454, 72.6784591675, 73.1660766602, 73.6536941528, 74.1413116455, 74.6289291382, 75.1165542603, 75.6041717529, 76.0917892456, 76.5794067383, 77.0670318604, 77.554649353, 78.0422668457, 78.5298843384, 79.0175018311, 79.4935150146, 79.9695205688, 80.4571380615, 80.9447631836, 81.4323806763, 81.9199981689, 82.4076156616, 82.8952331543, 83.3828582764, 83.870475769, 84.3580932617, 84.8457107544, 85.3333282471, 85.8093414307, 86.2853469849, 86.7729721069, 87.2605895996, 87.7482070923, 88.235824585, 88.7234420776, 89.2110671997, 89.6986846924, 90.1863021851, 90.6739196777, 91.1615371704, 91.637550354, 92.1251678467, 92.6127853394, 93.0887985229, 93.5764160156, 94.0640335083, 94.551651001, 95.039276123, 95.5268936157, 96.0145111084, 96.5021286011, 96.9897460938, 97.4773712158, 97.95337677, 98.4293823242, 98.9170074463, 99.404624939, 99.8922424316, 100.379859924, 100.867477417, 101.355102539, 101.842720032, 102.330337524, 102.817955017, 103.305580139, 103.793197632, 104.280815125, 104.768432617, 105.244445801, 105.732063293, 106.208068848, 106.69568634, 107.183311462, 107.670928955, 108.158546448, 108.64616394, 109.133781433, 109.621406555, 110.109024048, 110.596641541, 111.084259033, 111.571876526, 112.059501648, 112.547119141, 113.034736633, 113.510749817, 113.986755371, 114.474372864, 114.961990356, 115.449615479, 115.937232971, 116.424850464, 116.912467957, 117.400085449, 117.887710571, 118.375328064, 118.862945557, 119.350563049, 119.838180542, 120.314193726, 120.79019928, 121.277824402, 121.765441895, 122.253059387, 122.74067688, 123.228294373, 123.715919495, 124.203536987, 124.69115448, 125.178771973, 125.666389465, 126.142402649, 126.618408203, 127.106025696, 127.593650818, 128.081268311, 128.568893433, 129.056503296, 129.544128418, 130.031738281, 130.519363403, 131.006988525, 131.494598389, 131.982223511, 132.469833374, 132.957458496, 133.445083618, 133.921081543, 134.397094727, 134.884719849, 135.372329712, 135.859954834, 136.347564697, 136.835189819, 137.322814941, 137.810424805, 138.298049927, 138.78565979, 139.273284912, 139.760910034, 140.248519897, 140.73614502, 141.223754883, 141.699768066, 142.17578125, 142.663391113, 143.151016235, 143.638641357, 144.126251221, 144.613876343, 145.101501465, 145.589111328, 146.07673645, 146.552734375, 147.040359497, 147.516372681, 148.003982544, 148.491607666, 148.979232788, 149.466842651, 149.954467773, 150.442077637, 150.929702759, 151.417327881, 151.904937744, 152.392562866, 152.86857605, 153.356185913, 153.832199097, 154.31980896, 154.807434082, 155.295059204, 155.782669067, 156.270294189, 156.757904053, 157.245529175, 157.733154297, 158.22076416, 158.708389282, 159.195999146, 159.683624268, 160.159637451, 160.635650635, 161.123260498, 161.61088562, 162.098495483, 162.586120605, 163.073745728, 163.561355591, 164.048980713, 164.536590576, 165.024215698, 165.51184082, 165.999450684, 166.487075806, 166.974685669, 167.462310791, 167.938323975, 168.414321899, 168.901947021, 169.389572144, 169.877182007, 170.364807129, 170.852416992, 171.340042114, 171.827667236, 172.3152771, 172.802902222, 173.290512085, 173.778137207, 174.265762329, 174.753372192, 175.240997314, 175.717010498, 176.193008423, 176.680633545, 177.168243408, 177.65586853, 178.143493652, 178.631103516, 179.118728638, 179.606338501, 180.093963623, 180.581588745, 181.069198608, 181.55682373, 182.044433594, 182.532058716, 183.008071899, 183.484085083, 183.971694946, 184.459320068, 184.946929932, 185.434555054, 185.922180176, 186.409790039, 186.897415161, 187.385025024, 187.872650146, 188.360275269, 188.847885132, 189.335510254, 189.811508179, 190.287521362, 190.775146484, 191.262756348, 191.75038147, 192.238006592, 192.725616455, 193.213241577, 193.70085144, 194.188476562, 194.676101685, 195.163711548, 195.65133667, 196.127349854, 196.603347778, 197.0909729, 197.578598022, 198.066207886, 198.553833008, 199.041442871, 199.529067993, 200.016693115, 200.504302979, 200.991928101, 201.479537964, 201.967163086, 202.454788208, 202.942398071, 203.430023193, 203.906021118, 204.382034302, 204.869659424, 205.357269287, 205.844894409, 206.332519531, 206.820129395, 207.307754517, 207.79536438, 208.282989502, 208.770614624, 209.258224487, 209.745849609, 210.221862793, 210.697860718, 211.18548584, 211.673095703, 212.160720825, 212.648345947, 213.135955811, 213.623580933, 214.111190796, 214.598815918, 215.08644104, 215.574050903, 216.061676025, 216.549285889, 217.036911011, 217.512924194, 218.000534058, 218.476547241, 218.964172363, 219.451782227, 219.939407349, 220.427032471, 220.914642334, 221.402267456, 221.889877319, 222.377502441, 222.853515625, 223.341125488, 223.82875061, 224.316360474, 224.792373657, 225.279998779, 225.767608643, 226.255233765, 226.742858887, 227.23046875, 227.718093872, 228.205703735, 228.693328857, 229.180953979, 229.668563843, 230.144577026, 230.62059021, 231.108200073, 231.595825195, 232.083435059, 232.571060181, 233.058685303, 233.546295166, 234.033920288, 234.521530151, 235.009155273, 235.496780396, 235.984390259, 236.460403442, 236.948028564, 237.435638428, 237.911651611, 238.399276733, 238.886886597, 239.374511719, 239.862121582, 240.349746704, 240.837371826, 241.324981689, 241.812606812, 242.300216675, 242.787841797, 243.275466919, 243.763076782, 244.250701904, 244.726715088, 245.214324951, 245.690338135, 246.177947998, 246.66557312, 247.153198242, 247.640808105, 248.128433228, 248.616043091, 249.103668213, 249.591293335, 250.078903198, 250.601348877, 251.135421753, 251.657867432, 252.203536987, 252.714370728, 253.213607788, 253.701217651, 254.188842773, 254.676452637, 255.164077759, 255.651702881, 256.139312744, 256.626922607, 257.114562988, 257.602172852, 258.089782715, 258.565795898, 259.041809082, 259.529418945, 260.017059326, 260.504669189, 260.992279053, 261.491516113, 262.002349854, 262.524810791, 263.058868408, 263.569702148, 264.068939209, 264.602996826, 265.113830566, 265.613067627, 266.10067749, 266.588287354, 267.075927734, 267.563537598, 268.051147461, 268.538757324, 269.026397705, 269.514007568, 270.001617432, 270.489257812, 270.976867676, 271.464477539, 271.95211792, 272.428100586, 272.90411377, 273.39175415, 273.879364014, 274.366973877, 274.85458374, 275.342224121, 275.829833984, 276.317443848, 276.805084229, 277.292694092, 277.780303955, 278.267944336, 278.755554199, 279.243164062, 279.719177246, 280.19519043, 280.682800293, 281.170440674, 281.658050537, 282.1456604, 282.633270264, 283.120910645, 283.608520508, 284.096130371, 284.583770752, 285.059753418, 285.547393799, 286.023406982, 286.511016846, 286.998626709, 287.48626709, 287.973876953, 288.461486816, 288.94909668, 289.436737061, 289.924346924, 290.411956787, 290.899597168, 291.387207031, 291.874816895, 292.350830078, 292.826843262, 293.314453125, 293.802093506, 294.289703369, 294.777313232, 295.264923096, 295.752563477, 296.24017334, 296.727783203, 297.215423584, 297.691436768, 298.167419434, 298.655059814, 299.142669678, 299.630279541, 300.117919922, 300.605529785, 301.093139648, 301.580780029, 302.068389893, 302.555999756, 303.043609619, 303.53125, 304.018859863, 304.506469727, 304.98248291, 305.458496094, 305.946105957, 306.433746338, 306.921356201, 307.408966064, 307.896606445, 308.384216309, 308.871826172, 309.359436035, 309.847076416, 310.334686279, 310.822296143, 311.309936523, 311.785949707, 312.261932373, 312.749572754, 313.237182617, 313.72479248, 314.212432861, 314.700042725, 315.187652588, 315.675262451, 316.162902832, 316.650512695, 317.138122559, 317.625762939, 318.113372803, 318.589385986, 319.06539917, 319.553009033, 320.040618896, 320.528259277, 321.015869141, 321.503479004, 321.991119385, 322.478729248, 322.966339111, 323.453948975, 323.941589355, 324.429199219, 324.916809082, 325.392822266, 325.868835449, 326.356445312, 326.844085693, 327.331695557, 327.81930542, 328.306945801, 328.794555664, 329.282165527, 329.769775391, 330.257415771, 330.745025635, 331.232635498, 331.708648682, 332.196289062, 332.672271729, 333.159912109, 333.647521973, 334.135131836, 334.622772217, 335.11038208, 335.597991943, 336.085632324, 336.573242188, 337.060852051, 337.548461914, 338.036102295, 338.512115479, 338.988098145, 339.475738525, 339.963348389, 340.450958252, 340.938598633, 341.426208496, 341.913818359, 342.40145874, 342.889068604], "beats_loudness": {"dvar2": 0.00146323814988, "var": 0.0015306242276, "min": 0.00181620090734, "dmean": 0.0274991318583, "mean": 0.0480634719133, "max": 0.208065837622, "dmean2": 0.0524087026715, "median": 0.0369508937001, "dvar": 0.000442740769358}, "bpm_histogram_second_peak_weight": {"dvar2": 0, "var": 0, "min": 0.00711237546057, "dmean": 0, "mean": 0.00711237546057, "max": 0.00711237546057, "dmean2": 0, "median": 0.00711237546057, "dvar": 0}, "bpm_histogram_second_peak_spread": {"dvar2": 0, "var": 0, "min": 0.545454502106, "dmean": 0, "mean": 0.545454502106, "max": 0.545454502106, "dmean2": 0, "median": 0.545454502106, "dvar": 0}, "bpm_histogram_second_peak_bpm": {"dvar2": 0, "var": 0, "min": 112, "dmean": 0, "mean": 112, "max": 112, "dmean2": 0, "median": 112, "dvar": 0}, "onset_rate": 5.74024534225}, "lowlevel": {"spectral_energyband_high": {"dvar2": 1.56259193318e-05, "var": 1.52090287884e-05, "min": 1.57996960784e-13, "dmean": 0.00167562195566, "mean": 0.00221087224782, "max": 0.0232763793319, "dmean2": 0.00239268271253, "median": 0.000471461564302, "dvar": 8.4858338596e-06}, "spectral_energyband_middle_low": {"dvar2": 0.000653877737932, "var": 0.000329893431626, "min": 3.90189616728e-12, "dmean": 0.00930039025843, "mean": 0.0102294133976, "max": 0.134541541338, "dmean2": 0.0141142830253, "median": 0.00212811818346, "dvar": 0.000278174091363}, "spectral_energy": {"dvar2": 0.00120883900672, "var": 0.00204436853528, "min": 1.39038737121e-11, "dmean": 0.0201708134264, "mean": 0.0376820750535, "max": 0.247815206647, "dmean2": 0.026804773137, "median": 0.0193505175412, "dvar": 0.000663007318508}, "spectral_spread": {"dvar2": 2854228066300.0, "var": 4946847596540.0, "min": 1204825.875, "dmean": 1219865.125, "mean": 7005245, "max": 19634478, "dmean2": 1844924.375, "median": 6985362.5, "dvar": 1322869850110.0}, "spectral_energyband_low": {"dvar2": 0.000722487398889, "var": 0.00176417490002, "min": 8.41969289428e-12, "dmean": 0.0128047205508, "mean": 0.0232249945402, "max": 0.246138200164, "dmean2": 0.0137458806857, "median": 0.00486619630828, "dvar": 0.000534898717888}, "spectral_rolloff": {"dvar2": 10407519, "var": 12997664, "min": 21.533203125, "dmean": 1381.99853516, "mean": 2676.02856445, "max": 17851.0253906, "dmean2": 2242.97509766, "median": 753.662109375, "dvar": 5381944.5}, "barkbands": {"dvar2": [1.3695199641e-06, 0.000929089495912, 0.000143534882227, 4.86412282044e-05, 0.000133398498292, 0.000141801705468, 8.61506396177e-06, 1.48056824401e-05, 6.70230156175e-06, 3.57089811587e-06, 7.35786443329e-07, 1.58145758178e-06, 3.98491266651e-07, 3.12202359964e-07, 2.74857171689e-07, 4.27168487249e-07, 3.5478271343e-07, 1.22693029425e-06, 2.16016317722e-07, 2.03698846235e-07, 3.28411374539e-07, 5.24220865827e-07, 9.0606346248e-07, 5.64519950785e-07, 7.55748089887e-07, 2.0239424714e-07, 7.97281440867e-09], "var": [2.63175070359e-06, 0.00148616509978, 6.60756049911e-05, 1.19783126138e-05, 6.29141432e-05, 8.85215704329e-05, 5.10441941515e-06, 1.21744160424e-05, 3.11063354275e-06, 1.13357816645e-06, 7.91271645539e-07, 1.18192292575e-06, 1.70129865751e-07, 1.71846778585e-07, 1.45575882016e-07, 1.92478012195e-07, 1.96918264805e-07, 7.5499445984e-07, 1.13715209693e-07, 1.14345361624e-07, 2.39646425371e-07, 4.53536699752e-07, 6.28611871889e-07, 7.19124784609e-07, 5.36840332188e-07, 1.39937839094e-07, 9.23630505412e-09], "min": [3.04960939314e-12, 4.06809612039e-12, 2.04987958032e-12, 1.41639412872e-12, 1.3417251251e-12, 2.29055056172e-13, 4.45358566649e-13, 3.22753678167e-13, 9.47909692363e-14, 1.99087911413e-13, 5.67675755307e-14, 1.22531284706e-13, 5.19153845618e-14, 7.6458486081e-14, 5.54290771268e-14, 4.27890687292e-14, 3.90265822588e-14, 3.14729491112e-14, 3.27594735735e-14, 2.9979958674e-14, 2.49018131961e-14, 2.55666425801e-14, 2.10650707354e-14, 1.84117196993e-14, 1.7368012478e-14, 1.7008528307e-14, 1.92420728738e-14], "dmean": [0.000454314926174, 0.0117749832571, 0.00309770205058, 0.00141296465881, 0.00307730934583, 0.00312267476693, 0.000679001852404, 0.00103726121597, 0.000729938445147, 0.000398194824811, 0.000222444927203, 0.000408312043874, 0.000179206603207, 0.000163021628396, 0.000160135576152, 0.00019557219639, 0.000159620700288, 0.00024311542802, 0.000193229163415, 0.000189928032341, 0.000218874949496, 0.000293345889077, 0.000344654312357, 0.000318371981848, 0.000304187153233, 0.000182178657269, 3.635316898e-05], "mean": [0.000867855502293, 0.0182769279927, 0.0035965971183, 0.00104069686495, 0.00289365509525, 0.00334279984236, 0.000669336353894, 0.00142196577508, 0.000716582930181, 0.000383770995541, 0.000240746041527, 0.000501927512232, 0.000188948120922, 0.00018239748897, 0.000181608367711, 0.000211264123209, 0.000185074983165, 0.000250659009907, 0.000214437706745, 0.0002022034314, 0.000264273432549, 0.000350603892002, 0.000402516510803, 0.000449715997092, 0.000372535840143, 0.000217577879084, 5.52331257495e-05], "max": [0.0102199316025, 0.242776215076, 0.059625685215, 0.0353700518608, 0.0902111008763, 0.0740099623799, 0.0800543278456, 0.0532413236797, 0.0204686578363, 0.0195224676281, 0.0462918244302, 0.0238026119769, 0.00726108718663, 0.00790737383068, 0.00566207477823, 0.0141452886164, 0.0181847717613, 0.0619004182518, 0.00556214945391, 0.0028005647473, 0.007836997509, 0.0212865695357, 0.00595707586035, 0.00497691426426, 0.00627559423447, 0.00316042173654, 0.0012005448807], "dmean2": [0.00049195298925, 0.013464814052, 0.00496698403731, 0.00253340601921, 0.00499711977318, 0.00450136465952, 0.0011290598195, 0.00161674513947, 0.00111248716712, 0.000660935533233, 0.000379346281989, 0.000675242452417, 0.000299878884107, 0.00027162960032, 0.000256002618698, 0.000326785317156, 0.000255568826105, 0.000395276350901, 0.00030716843321, 0.000288003619062, 0.00031762875733, 0.000424438563641, 0.000530022778548, 0.000452207983471, 0.000451248488389, 0.00027021675487, 5.385289478e-05], "median": [0.000120410695672, 0.00305312522687, 0.000205858639674, 0.000104948834633, 0.000350497517502, 0.000185890865396, 9.75485963863e-05, 0.000117169576697, 9.68380772974e-05, 6.68316351948e-05, 3.93739683204e-05, 7.89466284914e-05, 3.85906205338e-05, 3.38241625286e-05, 3.40239530487e-05, 5.84159024584e-05, 3.20123690472e-05, 4.95005588164e-05, 5.91351599724e-05, 5.24874230905e-05, 4.87702891405e-05, 5.79544575885e-05, 5.91959142184e-05, 6.22647785349e-05, 7.059112977e-05, 4.96773282066e-05, 1.1259627172e-05], "dvar": [8.24813525924e-07, 0.000596082827542, 5.8942274336e-05, 1.79750113602e-05, 5.68467694393e-05, 6.78014184814e-05, 3.82513508157e-06, 7.01632961864e-06, 2.90264370051e-06, 1.35759660225e-06, 3.2387936244e-07, 6.72656312872e-07, 1.54483032588e-07, 1.21966706956e-07, 1.12408251596e-07, 1.65077523206e-07, 1.46856152128e-07, 5.18486558576e-07, 9.50988336967e-08, 9.09878039579e-08, 1.57653531119e-07, 2.7946452974e-07, 4.2869646677e-07, 3.35544314112e-07, 3.58606030204e-07, 9.71003615291e-08, 3.94237886781e-09]}, "melbands_skewness": {"dvar2": 17.7151165009, "var": 31.0725002289, "min": -2.14032268524, "dmean": 2.2404692173, "mean": 5.52269029617, "max": 41.826713562, "dmean2": 3.25956821442, "median": 3.32113718987, "dvar": 8.86788272858}, "barkbands_skewness": {"dvar2": 15.7928667068, "var": 23.6529579163, "min": -4.11053228378, "dmean": 1.8837018013, "mean": 3.41766452789, "max": 39.9132385254, "dmean2": 2.67831063271, "median": 1.94236648083, "dvar": 8.51547241211}, "erbbands": {"dvar2": [0.953604578972, 49.1341362, 144.572097778, 218.963989258, 1315.15258789, 2522.07250977, 2225.06958008, 19241.3320312, 2814.91821289, 2478.40820312, 4147.78027344, 4750.66699219, 5255.24267578, 1257.01208496, 1023.67150879, 2417.86157227, 553.699157715, 1357.23852539, 738.354064941, 728.163818359, 1279.00695801, 967.321044922, 3791.16699219, 551.649414062, 692.153381348, 454.052947998, 360.181854248, 694.964050293, 888.459533691, 648.000854492, 806.276733398, 317.841094971, 151.16104126, 98.3846893311, 40.743976593, 6.69761943817, 0.632827699184, 0.0162524897605, 0.000304035434965, 6.20699154297e-07], "var": [2.34316706657, 54.4779167175, 74.037689209, 84.1907196045, 292.773345947, 1604.31665039, 1235.59936523, 11726.2070312, 1311.84899902, 1856.19482422, 3535.74047852, 2091.65063477, 2109.91186523, 815.129821777, 808.145385742, 1935.81152344, 308.199279785, 547.342285156, 384.081665039, 464.661956787, 549.327941895, 744.588928223, 2811.30273438, 297.759490967, 320.597320557, 267.318725586, 278.507568359, 462.201721191, 668.458312988, 510.747528076, 542.508666992, 361.2550354, 169.468917847, 72.5886535645, 26.625837326, 4.48097515106, 0.377010911703, 0.0133439796045, 0.000277468352579, 9.11711595108e-07], "min": [1.56949023222e-10, 7.88483278669e-10, 2.21075602269e-09, 3.95857480129e-09, 4.96052932064e-09, 4.20257162403e-09, 2.31500751902e-09, 1.99426941627e-09, 5.02098096433e-09, 8.0054176621e-09, 5.71623148815e-09, 2.14015760669e-09, 4.83695705711e-09, 5.41174305368e-09, 2.1999233546e-09, 5.22347320953e-09, 2.65541943989e-09, 4.15824485955e-09, 2.23597895754e-09, 2.7369282396e-09, 2.66959032658e-09, 2.3349568945e-09, 2.03143413202e-09, 1.57429480563e-09, 1.56883828151e-09, 1.45102785343e-09, 1.22132337577e-09, 9.8883834454e-10, 9.05882813207e-10, 7.32702398754e-10, 6.01083682827e-10, 4.16346540577e-10, 2.77883854816e-10, 2.02333746979e-10, 1.16705992093e-10, 6.80712430867e-11, 3.17776534253e-11, 1.24003281601e-11, 3.08131840356e-12, 2.55455433282e-13], "dmean": [0.442797631025, 2.38295960426, 3.30808949471, 3.80733323097, 7.49036169052, 12.1417255402, 12.2546339035, 35.2222595215, 12.1329431534, 14.5369777679, 18.843996048, 17.3675460815, 16.7163410187, 9.28126811981, 10.6841449738, 15.3325242996, 7.77181100845, 9.66373348236, 7.89286375046, 8.43738555908, 11.0125598907, 9.44354820251, 13.4330368042, 9.66291713715, 10.5753746033, 9.05801773071, 7.87420511246, 9.62666893005, 10.9959459305, 9.87092113495, 10.0096406937, 7.55069541931, 4.84265613556, 3.36371564865, 2.23107814789, 0.961021721363, 0.312982678413, 0.0546708777547, 0.00679767178372, 0.000311380717903], "mean": [0.763478338718, 3.19618582726, 4.04450511932, 3.97112131119, 5.70550680161, 12.1987667084, 12.4836578369, 37.0955352783, 12.2789916992, 17.953622818, 25.9374694824, 17.2760276794, 16.4217071533, 10.2333641052, 12.9989862442, 18.9058876038, 8.83255958557, 10.0227603912, 9.16650104523, 9.91059684753, 11.9901828766, 11.1777267456, 14.2150793076, 10.7848587036, 11.0788812637, 9.78987026215, 9.40831947327, 11.3429718018, 12.8430805206, 11.8819408417, 11.752869606, 10.1120014191, 6.77547740936, 4.30024766922, 2.60387778282, 1.13668966293, 0.360569566488, 0.0706303790212, 0.00946963112801, 0.000546195660718], "max": [8.78839969635, 50.975982666, 61.9535903931, 84.098815918, 193.451431274, 476.566040039, 788.613586426, 872.772888184, 937.708251953, 1799.66894531, 637.820617676, 599.842895508, 626.773864746, 1330.44482422, 869.475463867, 1067.23034668, 411.554382324, 364.495605469, 387.855255127, 926.739501953, 398.502227783, 1079.55761719, 3655.08520508, 409.233703613, 169.010787964, 152.343734741, 349.599151611, 303.463195801, 1076.1505127, 224.134262085, 170.672836304, 120.757919312, 89.731590271, 68.4828720093, 50.3199386597, 16.3019447327, 5.03872823715, 1.00848734379, 0.188907623291, 0.0141393784434], "dmean2": [0.481732279062, 2.95656442642, 4.96356630325, 6.23582601547, 13.2724657059, 18.6043586731, 18.8035373688, 50.7718009949, 19.468585968, 23.843082428, 28.7061500549, 26.4552726746, 26.5701522827, 15.2424459457, 18.0381259918, 24.9738826752, 12.7392759323, 16.4394626617, 12.6541042328, 13.6777772903, 18.180727005, 15.0197591782, 21.509557724, 15.1677494049, 16.7756271362, 13.6342163086, 11.4246940613, 14.4124593735, 16.2666664124, 14.6360626221, 15.5065479279, 10.966588974, 6.98254442215, 4.93949508667, 3.32790517807, 1.42150020599, 0.473203957081, 0.0815241783857, 0.0100492844358, 0.00045628004591], "median": [0.121375232935, 0.443364232779, 0.442931979895, 0.436886757612, 0.7488976717, 0.950087189674, 1.41508221626, 1.51985645294, 1.85615098476, 2.48002719879, 2.64168381691, 2.73431706429, 2.34862732887, 2.01384806633, 3.23171377182, 2.78659081459, 2.21081829071, 1.57944893837, 1.74334228039, 2.1974170208, 3.29462122917, 1.98638534546, 2.70520925522, 2.95494794846, 2.82928514481, 2.55682873726, 1.9199846983, 2.00339317322, 1.99894118309, 1.94361281395, 1.6707098484, 1.3956785202, 0.97463709116, 0.690926134586, 0.51562076807, 0.263492554426, 0.0730685964227, 0.0150732621551, 0.00189074210357, 0.000155146946781], "dvar": [0.764284729958, 27.8480911255, 61.8909988403, 89.8005981445, 466.500274658, 1206.16845703, 947.860229492, 9145.61914062, 1191.48205566, 1141.52868652, 1989.47961426, 2020.40490723, 2190.54052734, 488.211212158, 416.268585205, 1073.77697754, 227.108474731, 502.983551025, 297.804626465, 297.332122803, 494.186218262, 422.960723877, 1639.72058105, 243.318862915, 290.077972412, 206.351730347, 179.510665894, 320.338928223, 451.345947266, 333.134460449, 370.210754395, 179.693435669, 83.9988861084, 46.2240524292, 19.2886962891, 3.19331598282, 0.285350948572, 0.00785562209785, 0.000145000973134, 2.99923868852e-07]}, "silence_rate_30dB": {"dvar2": 0.103697583079, "var": 0.080887131393, "min": 0, "dmean": 0.0580514222383, "mean": 0.911237418652, "max": 1, "dmean2": 0.116110697389, "median": 1, "dvar": 0.0546750202775}, "melbands_spread": {"dvar2": 1282.23217773, "var": 1657.9909668, "min": 0.121826291084, "dmean": 15.6974277496, "mean": 29.574300766, "max": 267.146392822, "dmean2": 23.8624343872, "median": 14.0245332718, "dvar": 656.345397949}, "melbands_crest": {"dvar2": 44.2627677917, "var": 84.6259689331, "min": 2.00179600716, "dmean": 4.42138719559, "mean": 18.5089168549, "max": 39.7992591858, "dmean2": 6.68930530548, "median": 17.4902267456, "dvar": 20.4837360382}, "zerocrossingrate": {"dvar2": 0.00101247150451, "var": 0.00723464274779, "min": 0, "dmean": 0.0286074671894, "mean": 0.0961575433612, "max": 0.5458984375, "dmean2": 0.0305578354746, "median": 0.06982421875, "dvar": 0.000988459447399}, "barkbands_kurtosis": {"dvar2": 28102.8515625, "var": 23952.015625, "min": -1.92238461971, "dmean": 36.8518600464, "mean": 45.2345237732, "max": 2070.92407227, "dmean2": 53.7042961121, "median": 4.48690748215, "dvar": 14985.0605469}, "spectral_flux": {"dvar2": 0.00571717973799, "var": 0.00513763958588, "min": 0.000586228619795, "dmean": 0.0435292869806, "mean": 0.0988432168961, "max": 0.362486898899, "dmean2": 0.0667690262198, "median": 0.0818510279059, "dvar": 0.00260387151502}, "barkbands_crest": {"dvar2": 30.3688907623, "var": 49.0268135071, "min": 2.01591897011, "dmean": 3.57214975357, "mean": 13.2801599503, "max": 26.7982463837, "dmean2": 5.46835374832, "median": 12.2632722855, "dvar": 15.1202287674}, "barkbands_flatness_db": {"dvar2": 0.00435568671674, "var": 0.00958699174225, "min": 0.0145591916516, "dmean": 0.045347109437, "mean": 0.160819917917, "max": 0.543769776821, "dmean2": 0.0632969290018, "median": 0.135507255793, "dvar": 0.00234185159206}, "spectral_entropy": {"dvar2": 0.199591338634, "var": 0.400167435408, "min": 4.59536600113, "dmean": 0.289523601532, "mean": 7.88702011108, "max": 8.95739364624, "dmean2": 0.413221806288, "median": 8.02768421173, "dvar": 0.111545905471}, "pitch_salience": {"dvar2": 0.0312396865338, "var": 0.0521825700998, "min": 0.0112001346424, "dmean": 0.107276372612, "mean": 0.483619481325, "max": 0.888723015785, "dmean2": 0.165213897824, "median": 0.520670235157, "dvar": 0.015440213494}, "erbbands_spread": {"dvar2": 953.859924316, "var": 1073.4284668, "min": 1.74770534039, "dmean": 18.7014732361, "mean": 56.1669082642, "max": 222.307907104, "dmean2": 29.0683937073, "median": 50.1012840271, "dvar": 412.14743042}, "dynamic_complexity": 3.70499420166, "spectral_contrast_valleys": {"dvar2": [0.503265142441, 0.758727788925, 0.771795868874, 0.725784897804, 0.603925049305, 0.677012681961], "var": [1.65335166454, 0.934225559235, 1.09017348289, 1.10212171078, 1.00941753387, 1.41851902008], "min": [-20.3269786835, -20.3015956879, -20.2396469116, -21.3921337128, -20.7502365112, -22.3876399994], "dmean": [0.551879644394, 0.623547911644, 0.596213281155, 0.585968077183, 0.626735985279, 0.662724733353], "mean": [-7.90729236603, -7.26031541824, -7.72337341309, -8.12349700928, -7.73483657837, -9.59668731689], "max": [-4.98349285126, -4.39074325562, -5.11701774597, -5.55697154999, -5.66546487808, -7.17892742157], "dmean2": [0.844690084457, 0.931238055229, 0.875174403191, 0.825270652771, 0.831751585007, 0.845584928989], "median": [-7.75722455978, -7.29494285583, -7.74368476868, -8.17488670349, -7.7603302002, -9.57872772217], "dvar": [0.234686508775, 0.357173293829, 0.370076775551, 0.364084482193, 0.312253445387, 0.374345600605]}, "hfc": {"dvar2": 1558.84875488, "var": 1379.14245605, "min": 4.18107459765e-09, "dmean": 19.5607357025, "mean": 28.0691223145, "max": 233.248077393, "dmean2": 27.7260112762, "median": 12.7928981781, "dvar": 797.92401123}, "spectral_kurtosis": {"dvar2": 9.91424274445, "var": 10.7163238525, "min": -0.806564807892, "dmean": 1.48110318184, "mean": 3.18165636063, "max": 68.5832595825, "dmean2": 2.26795172691, "median": 2.80163478851, "dvar": 4.60211849213}, "mfcc": {"mean": [-676.273071289, 83.9595413208, 25.4343032837, 20.7968769073, 4.84905147552, 3.53317427635, 1.40141427517, 7.20352458954, 0.975403308868, 3.44804358482, 2.37735724449, 2.6222858429, 3.8350045681], "cov": [[8248.48632812, -936.46661377, -637.539001465, -445.578765869, -310.005645752, -160.708862305, -255.470031738, -148.511734009, -104.696868896, -211.84173584, -132.079376221, -81.8720474243, -236.718612671], [-936.46661377, 2055.27001953, -47.7758331299, 72.9060821533, -53.8961143494, -77.698928833, -51.8530578613, -106.584442139, -16.0111808777, 14.1530275345, 36.5507888794, 53.3308029175, 94.4645080566], [-637.539001465, -47.7758331299, 1135.19909668, 473.881134033, 322.33303833, 271.501159668, 189.431976318, 177.73236084, 133.358581543, 154.959442139, 140.331314087, 86.7116546631, 54.0949668884], [-445.578765869, 72.9060821533, 473.881134033, 465.623016357, 297.563201904, 225.442459106, 168.331176758, 143.640945435, 104.287986755, 122.816131592, 100.73991394, 51.3576889038, 38.5190200806], [-310.005645752, -53.8961143494, 322.33303833, 297.563201904, 386.407226562, 304.428253174, 215.722396851, 174.802459717, 139.800796509, 131.484085083, 100.126838684, 50.4035949707, 23.131685257], [-160.708862305, -77.698928833, 271.501159668, 225.442459106, 304.428253174, 422.774353027, 261.72644043, 210.98298645, 181.130874634, 135.133529663, 103.179206848, 68.4979858398, 28.7147960663], [-255.470031738, -51.8530578613, 189.431976318, 168.331176758, 215.722396851, 261.72644043, 293.525024414, 219.784576416, 159.203231812, 116.26158905, 86.2991714478, 65.7554397583, 67.8993225098], [-148.511734009, -106.584442139, 177.73236084, 143.640945435, 174.802459717, 210.98298645, 219.784576416, 262.850616455, 175.114242554, 121.93057251, 88.8151626587, 77.9022827148, 63.5437469482], [-104.696868896, -16.0111808777, 133.358581543, 104.287986755, 139.800796509, 181.130874634, 159.203231812, 175.114242554, 213.458297729, 150.499313354, 106.049079895, 86.3212280273, 56.7665901184], [-211.84173584, 14.1530275345, 154.959442139, 122.816131592, 131.484085083, 135.133529663, 116.26158905, 121.93057251, 150.499313354, 187.760406494, 130.566665649, 73.9723434448, 47.1381530762], [-132.079376221, 36.5507888794, 140.331314087, 100.73991394, 100.126838684, 103.179206848, 86.2991714478, 88.8151626587, 106.049079895, 130.566665649, 158.849609375, 100.663589478, 50.5624465942], [-81.8720474243, 53.3308029175, 86.7116546631, 51.3576889038, 50.4035949707, 68.4979858398, 65.7554397583, 77.9022827148, 86.3212280273, 73.9723434448, 100.663589478, 132.498687744, 75.1949081421], [-236.718612671, 94.4645080566, 54.0949668884, 38.5190200806, 23.131685257, 28.7147960663, 67.8993225098, 63.5437469482, 56.7665901184, 47.1381530762, 50.5624465942, 75.1949081421, 116.337852478]], "icov": [[0.000145734273246, 5.72619428567e-05, 5.32538324478e-05, 1.61535226653e-05, 7.94224397396e-05, -6.25776447123e-05, 8.78005666891e-05, -1.88573612832e-05, -0.000137737632031, 0.000191623446881, -6.94624031894e-05, -0.000128748695715, 0.000281608809019], [5.72619428567e-05, 0.000583024637308, 0.000120881850307, -0.0003291934554, 0.00017515826039, -2.72084507742e-05, -3.00368956232e-05, 0.000598589947913, -0.000259145832388, 7.98979090177e-05, -8.30817734823e-05, -9.91713677649e-05, -0.000447352707852], [5.32538324478e-05, 0.000120881850307, 0.00161062530242, -0.00150776829105, 7.41056283005e-05, -0.000280892680166, 0.000281174929114, -0.000141941010952, 0.000135297625093, -2.64167993009e-05, -0.000274458579952, -0.000270941178314, -3.23783206113e-05], [1.61535226653e-05, -0.0003291934554, -0.00150776829105, 0.00602316483855, -0.00345045467839, 0.000285246380372, 8.24315284262e-05, -0.000761243863963, 0.00122046202887, -0.000808943063021, -0.000410972657846, 0.000617772515398, -0.000498087727465], [7.94224397396e-05, 0.00017515826039, 7.41056283005e-05, -0.00345045467839, 0.00928989797831, -0.00381741323508, -0.0014160053106, -1.53934179252e-05, 0.000401878118282, -0.00101953360718, -0.000558677827939, 0.000457460206235, 0.00122142746113], [-6.25776447123e-05, -2.72084507742e-05, -0.000280892680166, 0.000285246380372, -0.00381741323508, 0.00845328345895, -0.00440690713003, 0.000476676126709, -0.00259095313959, 0.000861063366756, 8.30197313917e-05, -0.00132632476743, 0.00265171960928], [8.78005666891e-05, -3.00368956232e-05, 0.000281174929114, 8.24315284262e-05, -0.0014160053106, -0.00440690713003, 0.0140357110649, -0.00715861935169, -3.688702418e-05, 0.000659781973809, -0.00100324791856, 0.00292157614604, -0.00456913653761], [-1.88573612832e-05, 0.000598589947913, -0.000141941010952, -0.000761243863963, -1.53934179252e-05, 0.000476676126709, -0.00715861935169, 0.0145729640499, -0.00660890480503, 0.000480204384075, 0.00111783330794, -0.00165527081117, -0.000488397257868], [-0.000137737632031, -0.000259145832388, 0.000135297625093, 0.00122046202887, 0.000401878118282, -0.00259095313959, -3.688702418e-05, -0.00660890480503, 0.019284369424, -0.0111435148865, 0.00313294329681, -0.00426025455818, 0.000151488580741], [0.000191623446881, 7.98979090177e-05, -2.64167993009e-05, -0.000808943063021, -0.00101953360718, 0.000861063366756, 0.000659781973809, 0.000480204384075, -0.0111435148865, 0.0220730528235, -0.0140051906928, 0.00614653993398, -0.00144413695671], [-6.94624031894e-05, -8.30817734823e-05, -0.000274458579952, -0.000410972657846, -0.000558677827939, 8.30197313917e-05, -0.00100324791856, 0.00111783330794, 0.00313294329681, -0.0140051906928, 0.0243759956211, -0.0140355685726, 0.0028789921198], [-0.000128748695715, -9.91713677649e-05, -0.000270941178314, 0.000617772515398, 0.000457460206235, -0.00132632476743, 0.00292157614604, -0.00165527081117, -0.00426025455818, 0.00614653993398, -0.0140355685726, 0.0232591796666, -0.010169791989], [0.000281608809019, -0.000447352707852, -3.23783206113e-05, -0.000498087727465, 0.00122142746113, 0.00265171960928, -0.00456913653761, -0.000488397257868, 0.000151488580741, -0.00144413695671, 0.0028789921198, -0.010169791989, 0.0175812002271]]}, "silence_rate_20dB": {"dvar2": 0, "var": 0, "min": 1, "dmean": 0, "mean": 1, "max": 1, "dmean2": 0, "median": 1, "dvar": 0}, "melbands_kurtosis": {"dvar2": 42136.1757812, "var": 40411.6210938, "min": -1.87597537041, "dmean": 63.431728363, "mean": 96.4292755127, "max": 2523.66113281, "dmean2": 94.9694442749, "median": 16.7933712006, "dvar": 19953.5488281}, "barkbands_spread": {"dvar2": 484.226745605, "var": 589.07244873, "min": 0.103572078049, "dmean": 12.4944562912, "mean": 27.3605747223, "max": 122.194595337, "dmean2": 19.1799888611, "median": 20.3370437622, "dvar": 222.891525269}, "erbbands_skewness": {"dvar2": 1.13865351677, "var": 1.97996878624, "min": -4.60421037674, "dmean": 0.687210321426, "mean": 0.388270735741, "max": 10.0468139648, "dmean2": 1.00187385082, "median": 0.216210976243, "dvar": 0.584076046944}, "average_loudness": 0.92519813776, "spectral_centroid": {"dvar2": 616943.8125, "var": 1105545.25, "min": 107.283424377, "dmean": 518.438537598, "mean": 1617.80627441, "max": 5552.88671875, "dmean2": 784.185058594, "median": 1426.81787109, "dvar": 311688.40625}, "dissonance": {"dvar2": 0.00110970565584, "var": 0.00107455765828, "min": 0.117141976953, "dmean": 0.0194672681391, "mean": 0.467302471399, "max": 0.500000059605, "dmean2": 0.0313806049526, "median": 0.477651417255, "dvar": 0.000470274389954}, "erbbands_flatness_db": {"dvar2": 0.0011900033569, "var": 0.00260564917699, "min": 0.0218189693987, "dmean": 0.0246998742223, "mean": 0.121755972505, "max": 0.428759425879, "dmean2": 0.0357290357351, "median": 0.108340479434, "dvar": 0.000639273552224}, "spectral_strongpeak": {"dvar2": 0.881219148636, "var": 0.627830326557, "min": 0, "dmean": 0.417209774256, "mean": 0.704901218414, "max": 18.7591381073, "dmean2": 0.643802404404, "median": 0.436524540186, "dvar": 0.371168911457}, "spectral_rms": {"dvar2": 4.77949515698e-06, "var": 1.07298747025e-05, "min": 1.16467830935e-07, "dmean": 0.00156367535237, "mean": 0.00510226143524, "max": 0.0155489845201, "dmean2": 0.00200011720881, "median": 0.00434494577348, "dvar": 2.46905733547e-06}, "silence_rate_60dB": {"dvar2": 0.113106161356, "var": 0.100755080581, "min": 0, "dmean": 0.0567658990622, "mean": 0.11365942657, "max": 1, "dmean2": 0.113539479673, "median": 0, "dvar": 0.0535526461899}, "melbands": {"dvar2": [7.69755861256e-05, 2.61916902673e-05, 9.53296512307e-06, 9.00866780285e-06, 2.62160665443e-06, 7.56580402594e-06, 5.44491228993e-07, 4.31828937053e-07, 1.94704426804e-07, 1.75780058953e-07, 1.37145349299e-07, 2.2001538369e-08, 1.24434071935e-08, 2.93091861892e-08, 3.24978621791e-09, 5.37861266636e-09, 4.39004876895e-09, 1.78933734496e-09, 1.43304068612e-09, 1.47270318163e-09, 1.91778237735e-09, 1.07490272239e-09, 4.39673808472e-09, 1.78342740575e-09, 3.51569967583e-10, 3.56419116443e-10, 3.7425129662e-10, 1.7993968815e-10, 1.30289959377e-10, 2.20198193013e-10, 3.05209496565e-10, 4.21377377435e-10, 1.60786203796e-10, 2.67833394352e-10, 3.78237718923e-10, 1.63503544037e-10, 1.30370367279e-10, 8.56728715748e-11, 6.70922276069e-11, 8.11171685378e-11], "var": [0.000146309786942, 2.89692143269e-05, 3.18846286973e-06, 4.04120828534e-06, 1.40443876262e-06, 4.60240789835e-06, 2.61622602693e-07, 3.36424733405e-07, 1.58924407856e-07, 7.90253480432e-08, 5.4619530232e-08, 1.27369297331e-08, 1.14742571e-08, 2.10160440162e-08, 2.62245558602e-09, 1.94759564032e-09, 1.9347861091e-09, 9.88335746577e-10, 8.40514990941e-10, 8.33382529652e-10, 8.21467338596e-10, 6.37408348325e-10, 3.68582075971e-09, 8.85425843755e-10, 1.85288714927e-10, 1.68928884769e-10, 1.78581802124e-10, 1.04636403708e-10, 9.10025665934e-11, 1.55351051467e-10, 1.69815078666e-10, 2.78575690293e-10, 1.4272949489e-10, 1.74654013474e-10, 2.15308965101e-10, 1.33993177664e-10, 1.4023202044e-10, 8.95666457668e-11, 6.14538420152e-11, 5.19897840057e-11], "min": [1.41198294376e-1