{"metadata": {"tags": {"albumartist": ["Ledisi"], "musicbrainz_artistid": ["617a2fbd-fef9-420f-981c-bda2ca103d38"], "albumartistsort": ["Ledisi"], "artist": ["Ledisi"], "asin": ["B00004TTUZ"], "artistsort": ["Ledisi"], "title": ["I want'cha Babe"], "tracknumber": ["11/17"], "musicbrainz_albumartistid": ["617a2fbd-fef9-420f-981c-bda2ca103d38"], "album": ["Soulsinger"], "musicbrainz_recordingid": ["15e493b1-11fd-45f7-8625-7cc37f147403"], "encodedby": ["Exact Audio Copy   (Secure mode)"], "date": ["2001"], "file_name": "11 I want'cha Babe.mp3", "musicbrainz_albumid": ["d931a4b2-5da8-4b69-a940-d8ce563cf1f4"], "musicbrainz album status": ["official"]}, "audio_properties": {"sample_rate": 44100, "downmix": "mix", "lossless": false, "analysis_sample_rate": 44100, "md5_encoded": "1f630d0b6920c23366e6f837f1162b11", "equal_loudness": 0, "replay_gain": -4.04944801331, "codec": "mp3", "bit_rate": 196183, "length": 264.099029541}, "version": {"extractor": "music 1.0", "essentia_build_sha": "9f04d4dd351e2d05498f0c7e4880499648f24ac0", "essentia_git_sha": "v2.1_beta1-34-gf95df8b", "essentia": "2.1-beta1"}}, "rhythm": {"beats_loudness_band_ratio": {"dvar2": [0.12542155385, 0.035540420562, 0.0483663007617, 0.0133954137564, 0.00647439295426, 0.0854604020715], "var": [0.0838642865419, 0.0116094909608, 0.0115427505225, 0.00334135931917, 0.0021454023663, 0.0352318063378], "min": [0.00391184305772, 0.00184241670649, 0.000278334977338, 6.32314913673e-05, 5.84604094911e-05, 0.00133079197258], "dmean": [0.302010416985, 0.103340215981, 0.0695728808641, 0.0442201569676, 0.0364333577454, 0.172608673573], "mean": [0.670929431915, 0.0952970609069, 0.0496356077492, 0.0322542674839, 0.0286755245179, 0.143796533346], "max": [0.992992699146, 0.779514253139, 0.908117294312, 0.614771783352, 0.576814711094, 0.869789242744], "dmean2": [0.506891429424, 0.185450091958, 0.127712965012, 0.0805685073137, 0.0653396844864, 0.297425955534], "median": [0.759966850281, 0.0587130263448, 0.0124872829765, 0.0101606128737, 0.00995738524944, 0.0633389651775], "dvar": [0.0577191635966, 0.0129605028778, 0.0169779416174, 0.004813416861, 0.00249505974352, 0.0343225859106]}, "bpm_histogram_first_peak_weight": {"dvar2": 0, "var": 0, "min": 0.668091118336, "dmean": 0, "mean": 0.668091118336, "max": 0.668091118336, "dmean2": 0, "median": 0.668091118336, "dvar": 0}, "bpm": 161.608642578, "beats_count": 703, "bpm_histogram_first_peak_spread": {"dvar2": 0, "var": 0, "min": 0.319303333759, "dmean": 0, "mean": 0.319303333759, "max": 0.319303333759, "dmean2": 0, "median": 0.319303333759, "dvar": 0}, "danceability": 1.27867734432, "bpm_histogram_first_peak_bpm": {"dvar2": 0, "var": 0, "min": 161, "dmean": 0, "mean": 161, "max": 161, "dmean2": 0, "median": 161, "dvar": 0}, "beats_position": [0.406349211931, 0.789478421211, 1.18421769142, 1.5673469305, 1.95047616959, 2.32199549675, 2.69351458549, 3.06503391266, 3.44816327095, 3.8196823597, 4.19120168686, 4.57433080673, 4.94585037231, 5.31736946106, 5.6888885498, 6.06040811539, 6.44353723526, 6.81505680084, 7.19818592072, 7.56970500946, 7.94122457504, 8.32435321808, 8.70748329163, 9.07900238037, 9.45052146912, 9.82204055786, 10.1935596466, 10.5650787354, 10.9365987778, 11.3197278976, 11.6912469864, 12.0743761063, 12.445895195, 12.8174142838, 13.1889343262, 13.572063446, 13.9551925659, 14.3267116547, 14.6982307434, 15.0697498322, 15.4412698746, 15.8127889633, 16.1959171295, 16.5674381256, 16.9389572144, 17.3220863342, 17.693605423, 18.0651245117, 18.4366436005, 18.8081626892, 19.1912918091, 19.574420929, 19.9459400177, 20.3174591064, 20.6889801025, 21.0721092224, 21.4552383423, 21.826757431, 22.1982765198, 22.5697956085, 22.9413146973, 23.312833786, 23.6843528748, 24.0674819946, 24.4506111145, 24.8221302032, 25.1936511993, 25.5767803192, 25.9599094391, 26.3314285278, 26.7029476166, 27.0744667053, 27.4459857941, 27.8175048828, 28.1890239716, 28.5605430603, 28.9436721802, 29.3151912689, 29.6983222961, 30.0698413849, 30.4529705048, 30.8244895935, 31.1960086823, 31.5791378021, 31.9506568909, 32.322177887, 32.6936950684, 33.0652160645, 33.4483451843, 33.8198623657, 34.2029914856, 34.5745124817, 34.9460296631, 35.3175506592, 35.6774597168, 36.0605888367, 36.4437179565, 36.8036270142, 37.1751480103, 37.5582771301, 37.94140625, 38.3129234314, 38.6844444275, 39.0559616089, 39.4390907288, 39.8222198486, 40.1937408447, 40.5652618408, 40.9367790222, 41.3083000183, 41.6798171997, 42.0513381958, 42.4228553772, 42.7943763733, 43.1775054932, 43.5722427368, 43.9553718567, 44.3268928528, 44.6984100342, 45.0699310303, 45.4414520264, 45.8129692078, 46.1844902039, 46.5676193237, 46.9507484436, 47.322265625, 47.6937866211, 48.076915741, 48.4600448608, 48.8315620422, 49.2030830383, 49.5746040344, 49.9461212158, 50.3176422119, 50.6891593933, 51.0606803894, 51.4321975708, 51.8037185669, 52.1752357483, 52.5467567444, 52.9298858643, 53.3130149841, 53.6845359802, 54.0676651001, 54.45079422, 54.8223114014, 55.1938323975, 55.5653495789, 55.9484786987, 56.3316078186, 56.7031288147, 57.0746459961, 57.4461669922, 57.8292961121, 58.2008171082, 58.583946228, 58.9554634094, 59.3269844055, 59.6985015869, 60.070022583, 60.4415397644, 60.8246688843, 61.1961898804, 61.5793190002, 61.9508361816, 62.3223571777, 62.6938781738, 63.0770072937, 63.4485244751, 63.8200454712, 64.1915664673, 64.5746917725, 64.9462127686, 65.3293380737, 65.7008590698, 66.0839920044, 66.4555053711, 66.8270263672, 67.1985473633, 67.5700683594, 67.9531936646, 68.3247146606, 68.6962356567, 69.0677566528, 69.4392700195, 69.8107910156, 70.1939239502, 70.5770492554, 70.9485702515, 71.3316955566, 71.7032165527, 72.0747375488, 72.4462585449, 72.817779541, 73.2009048462, 73.5724258423, 73.9555511475, 74.3270721436, 74.6985931396, 75.0701141357, 75.4416275024, 75.8131484985, 76.1846694946, 76.5561904907, 76.9393157959, 77.3224487305, 77.6939697266, 78.0654830933, 78.4370040894, 78.8201370239, 79.1916503906, 79.5747833252, 79.9463043213, 80.3178253174, 80.6893386841, 81.0608596802, 81.4439926147, 81.8155059814, 82.1870269775, 82.5701599121, 82.9416732788, 83.3131942749, 83.684715271, 84.0678405762, 84.4509735107, 84.8224945068, 85.1824035645, 85.5655288696, 85.9486618042, 86.3201828003, 86.7033081055, 87.08644104, 87.4695663452, 87.8410873413, 88.2126083374, 88.5841217041, 88.9556427002, 89.3271636963, 89.6986846924, 90.0702056885, 90.4533309937, 90.8364639282, 91.2079772949, 91.579498291, 91.9510192871, 92.3225402832, 92.6940536499, 93.065574646, 93.4370956421, 93.8086166382, 94.1801376343, 94.5632629395, 94.946395874, 95.3179092407, 95.6894302368, 96.0725631714, 96.4556884766, 96.8272094727, 97.1987304688, 97.5818557739, 97.9649887085, 98.3365097046, 98.7080230713, 99.0795440674, 99.4510650635, 99.8225860596, 100.194099426, 100.577232361, 100.960357666, 101.331878662, 101.703399658, 102.074920654, 102.44644165, 102.817955017, 103.189476013, 103.572608948, 103.955734253, 104.327255249, 104.698776245, 105.070289612, 105.441810608, 105.813331604, 106.1848526, 106.567977905, 106.95111084, 107.322631836, 107.694145203, 108.065666199, 108.448799133, 108.8203125, 109.191833496, 109.574966431, 109.946479797, 110.329612732, 110.712738037, 111.084259033, 111.455780029, 111.827301025, 112.198822021, 112.570335388, 112.941856384, 113.324989319, 113.696502686, 114.068023682, 114.451156616, 114.822669983, 115.194190979, 115.577323914, 115.94884491, 116.320358276, 116.691879272, 117.063400269, 117.446525574, 117.81804657, 118.189567566, 118.572692871, 118.944213867, 119.327346802, 119.698867798, 120.070381165, 120.441902161, 120.813423157, 121.196548462, 121.579681396, 121.97441864, 122.345939636, 122.717460632, 123.100585938, 123.472106934, 123.832015991, 124.203536987, 124.575057983, 124.94657135, 125.329704285, 125.71282959, 126.084350586, 126.455871582, 126.827392578, 127.198905945, 127.570426941, 127.953559875, 128.336685181, 128.708206177, 129.079727173, 129.451248169, 129.822769165, 130.194290161, 130.577407837, 130.960540771, 131.332061768, 131.691970825, 132.07510376, 132.446624756, 132.818145752, 133.189651489, 133.572784424, 133.955917358, 134.327438354, 134.710571289, 135.093688965, 135.465209961, 135.836730957, 136.208251953, 136.579772949, 136.951293945, 137.322814941, 137.694335938, 138.065841675, 138.437362671, 138.808883667, 139.180404663, 139.563537598, 139.946670532, 140.31817627, 140.689697266, 141.0728302, 141.455963135, 141.827484131, 142.199005127, 142.570526123, 142.953643799, 143.325164795, 143.708297729, 144.079818726, 144.451339722, 144.822860718, 145.194366455, 145.57749939, 145.949020386, 146.33215332, 146.703674316, 147.075195312, 147.446716309, 147.818222046, 148.20135498, 148.584487915, 148.956008911, 149.327529907, 149.699050903, 150.070556641, 150.453689575, 150.83682251, 151.208343506, 151.579864502, 151.951385498, 152.322906494, 152.694412231, 153.077545166, 153.460678101, 153.832199097, 154.203720093, 154.575241089, 154.946762085, 155.318267822, 155.689788818, 156.061309814, 156.444442749, 156.827575684, 157.19909668, 157.570602417, 157.942123413, 158.325256348, 158.696777344, 159.06829834, 159.451431274, 159.822952271, 160.194458008, 160.577590942, 160.960723877, 161.332244873, 161.703765869, 162.075286865, 162.446792603, 162.818313599, 163.189834595, 163.572967529, 163.956100464, 164.32762146, 164.699142456, 165.070648193, 165.453781128, 165.825302124, 166.19682312, 166.579956055, 166.951477051, 167.322982788, 167.694503784, 168.06602478, 168.437545776, 168.809066772, 169.180587769, 169.563720703, 169.946838379, 170.318359375, 170.689880371, 171.061401367, 171.444534302, 171.827667236, 172.199172974, 172.57069397, 172.942214966, 173.313735962, 173.685256958, 174.068389893, 174.451522827, 174.823028564, 175.194549561, 175.577682495, 175.949203491, 176.332336426, 176.703857422, 177.075378418, 177.446884155, 177.818405151, 178.189926147, 178.573059082, 178.956192017, 179.327713013, 179.69921875, 180.070739746, 180.442260742, 180.813781738, 181.185302734, 181.568435669, 181.951568604, 182.323074341, 182.694595337, 183.066116333, 183.437637329, 183.809158325, 184.19229126, 184.575408936, 184.946929932, 185.318450928, 185.689971924, 186.073104858, 186.456237793, 186.827758789, 187.199264526, 187.582397461, 187.953918457, 188.325439453, 188.696960449, 189.080093384, 189.451599121, 189.823120117, 190.194641113, 190.577774048, 190.960906982, 191.332427979, 191.703948975, 192.08706665, 192.470199585, 192.841720581, 193.213241577, 193.584762573, 193.956283569, 194.327789307, 194.699310303, 195.070831299, 195.453964233, 195.825485229, 196.197006226, 196.58013916, 196.951644897, 197.323165894, 197.69468689, 198.066207886, 198.44934082, 198.820861816, 199.203994751, 199.575500488, 199.947021484, 200.330154419, 200.713287354, 201.08480835, 201.456329346, 201.827835083, 202.199356079, 202.582489014, 202.965621948, 203.337142944, 203.70866394, 204.080184937, 204.451690674, 204.82321167, 205.194732666, 205.577865601, 205.960998535, 206.332519531, 206.704025269, 207.087158203, 207.458679199, 207.830200195, 208.201721191, 208.584854126, 208.956375122, 209.339492798, 209.722625732, 210.094146729, 210.465667725, 210.837188721, 211.208709717, 211.580215454, 211.95173645, 212.323257446, 212.694778442, 213.077911377, 213.461044312, 213.832565308, 214.204071045, 214.575592041, 214.947113037, 215.330245972, 215.701766968, 216.073287964, 216.45640564, 216.827926636, 217.199447632, 217.582580566, 217.954101562, 218.337234497, 218.708755493, 219.068664551, 219.451782227, 219.834915161, 220.206436157, 220.589569092, 220.961090088, 221.332611084, 221.704116821, 222.075637817, 222.447158813, 222.81867981, 223.190200806, 223.57333374, 223.956451416, 224.327972412, 224.699493408, 225.082626343, 225.465759277, 225.825668335, 226.197189331, 226.580307007, 226.951828003, 227.334960938, 227.718093872, 228.089614868, 228.461135864, 228.832641602, 229.204162598, 229.575683594, 229.94720459, 230.318725586, 230.690246582, 231.073379517, 231.456497192, 231.828018188, 232.199539185, 232.582672119, 232.965805054, 233.33732605, 233.708831787, 234.080352783, 234.451873779, 234.835006714, 235.20652771, 235.589660645, 235.949569702, 236.321090698, 236.680999756, 237.052505493, 237.435638428, 237.807159424, 238.190292358, 238.573425293, 238.956542969, 239.328063965, 239.699584961, 240.082717896, 240.454238892, 240.825759888, 241.197280884, 241.58039856, 241.951919556, 242.323440552, 242.694961548, 243.066482544, 243.43800354, 243.821136475, 244.20425415, 244.575775146, 244.958908081, 245.330429077, 245.701950073, 246.085067749, 246.456588745, 246.828109741, 247.199630737, 247.571151733, 247.942672729, 248.314193726, 248.685714722, 249.068832397, 249.451965332, 249.823486328, 250.195007324, 250.578140259, 250.961257935, 251.332778931, 251.704299927, 252.075820923, 252.458953857, 252.842086792, 253.213607788, 253.585113525, 253.956634521, 254.328155518, 254.699676514, 255.07119751, 255.442718506, 255.82585144, 256.197357178, 256.580505371, 256.963623047, 257.323547363, 257.695037842, 258.078186035, 258.461303711, 258.832824707, 259.204345703, 259.575866699, 259.947387695, 260.318908691, 260.690429688, 261.073547363, 261.456695557, 261.828216553, 262.199737549, 262.571228027, 262.954376221, 263.337493896, 263.72064209], "beats_loudness": {"dvar2": 0.0571490451694, "var": 0.0177194774151, "min": 0.000120223157865, "dmean": 0.11273740977, "mean": 0.102090373635, "max": 1.24967944622, "dmean2": 0.198976069689, "median": 0.0593905262649, "dvar": 0.0216350946575}, "bpm_histogram_second_peak_weight": {"dvar2": 0, "var": 0, "min": 0.0142450146377, "dmean": 0, "mean": 0.0142450146377, "max": 0.0142450146377, "dmean2": 0, "median": 0.0142450146377, "dvar": 0}, "bpm_histogram_second_peak_spread": {"dvar2": 0, "var": 0, "min": 0, "dmean": 0, "mean": 0, "max": 0, "dmean2": 0, "median": 0, "dvar": 0}, "bpm_histogram_second_peak_bpm": {"dvar2": 0, "var": 0, "min": 167, "dmean": 0, "mean": 167, "max": 167, "dmean2": 0, "median": 167, "dvar": 0}, "onset_rate": 3.81272745132}, "lowlevel": {"spectral_energyband_high": {"dvar2": 3.13231503242e-05, "var": 2.87104248855e-05, "min": 7.15983950654e-21, "dmean": 0.00110651017167, "mean": 0.00168739759829, "max": 0.0835967361927, "dmean2": 0.00148987444118, "median": 0.000278788531432, "dvar": 1.64414122992e-05}, "spectral_energyband_middle_low": {"dvar2": 0.00019074503507, "var": 0.000237975880736, "min": 1.83523693325e-22, "dmean": 0.00512315705419, "mean": 0.0100983604789, "max": 0.25589042902, "dmean2": 0.00777646480128, "median": 0.00512435659766, "dvar": 8.9165463578e-05}, "spectral_energy": {"dvar2": 0.0110069112852, "var": 0.0155912041664, "min": 9.87810605678e-21, "dmean": 0.0335061140358, "mean": 0.068002820015, "max": 1.36067688465, "dmean2": 0.0516734495759, "median": 0.0254647228867, "dvar": 0.00451219873503}, "spectral_spread": {"dvar2": 998221217792, "var": 2641693245440.0, "min": 1738515.75, "dmean": 607831.875, "mean": 4867705, "max": 42815796, "dmean2": 924877.4375, "median": 4721095, "dvar": 459300864000}, "spectral_energyband_low": {"dvar2": 0.0084423692897, "var": 0.0128023819998, "min": 1.91853275624e-23, "dmean": 0.0271568931639, "mean": 0.0501706451178, "max": 1.28460013866, "dmean2": 0.0417214892805, "median": 0.0100667653605, "dvar": 0.00365791399963}, "spectral_rolloff": {"dvar2": 65061464, "var": 45039108, "min": 21.533203125, "dmean": 2250.05883789, "mean": 3830.93457031, "max": 22028.4667969, "dmean2": 4117.32373047, "median": 430.6640625, "dvar": 25763878}, "barkbands": {"dvar2": [0.00430378038436, 0.00480364402756, 0.000139511874295, 4.03026861022e-05, 4.49720646429e-05, 3.6573575926e-05, 2.70219388767e-05, 2.20922556764e-05, 5.5860723478e-06, 5.48969001102e-06, 3.39073153555e-06, 1.04484490748e-06, 1.79858673732e-07, 4.08250087958e-07, 3.34660228418e-07, 5.5574309954e-07, 3.12089832732e-06, 1.47794003169e-06, 1.27742816858e-06, 1.19186620395e-06, 1.09002769477e-06, 3.65517138334e-07, 1.94746166926e-06, 2.09283052754e-06, 1.7889612014e-10, 1.63080767379e-06, 4.46844637736e-07], "var": [0.00270234886557, 0.0054377685301, 6.18960766587e-05, 3.77602009394e-05, 2.993993985e-05, 3.39362413797e-05, 2.7339629014e-05, 1.35459313242e-05, 3.07926825371e-06, 3.03504816657e-06, 2.09571203413e-06, 5.64379490697e-07, 8.68567013868e-08, 1.83802058018e-07, 1.33374015832e-07, 1.76953747655e-07, 8.73760541253e-07, 7.31724867364e-07, 6.73204681334e-07, 1.13200155738e-06, 1.23096185689e-06, 4.2532462885e-07, 1.31154604333e-06, 1.0583846688e-06, 6.24606755206e-11, 1.0951640661e-06, 6.4818817691e-07], "min": [1.82654372552e-24, 5.95745349597e-24, 4.96953379651e-24, 2.99532891738e-24, 1.09722584421e-23, 1.82540551756e-23, 7.93046522298e-24, 1.68158307945e-23, 2.25748183252e-23, 1.96984405604e-23, 1.1606553097e-23, 1.87190366144e-23, 3.63791284378e-23, 2.86572372493e-23, 5.26752718675e-23, 7.18449894502e-23, 9.39548547356e-23, 1.10410751965e-22, 1.50761239702e-22, 2.25269417258e-22, 2.89546561122e-22, 3.17473524588e-22, 4.97946370937e-22, 7.26827105067e-22, 9.82402993203e-22, 1.49151297026e-21, 2.00194611318e-21], "dmean": [0.0131044704467, 0.01872943528, 0.00385190104134, 0.00196192390285, 0.00232000346296, 0.00121572182979, 0.000807347998489, 0.000500814407133, 0.000298137834761, 0.00033198230085, 0.000289211369818, 0.000194979045773, 0.000100378631032, 9.64454375207e-05, 0.000120879369206, 0.0001253834198, 0.000264347327175, 0.000239561748458, 0.000201923161512, 0.000167774880538, 0.000198404988623, 0.000149746891111, 0.000210822399822, 0.000175679830136, 3.50961477125e-06, 0.000179687980562, 0.000194466279936], "mean": [0.0182700715959, 0.0297207944095, 0.0046842363663, 0.00283059501089, 0.00339343305677, 0.00164569390472, 0.0011554278899, 0.000616604927927, 0.000375747564249, 0.000359511235729, 0.000347767811036, 0.000241105197347, 0.000118552008644, 0.000119247684779, 0.000136376344017, 0.000129825537442, 0.000262091489276, 0.000280092877802, 0.000247710413532, 0.000229432262131, 0.000308451766614, 0.000226181975449, 0.000274891557638, 0.000181389739737, 3.11443022838e-06, 0.000216103042476, 0.000388731103158], "max": [0.745305299759, 0.932162344456, 0.167690485716, 0.20306904614, 0.10443508625, 0.233036071062, 0.215294212103, 0.164547324181, 0.072840847075, 0.0592337138951, 0.0371602550149, 0.0275871939957, 0.0068152458407, 0.0161725021899, 0.00903361663222, 0.00986847002059, 0.0270954594016, 0.0157424863428, 0.0160806588829, 0.0347036086023, 0.0403783917427, 0.0124489702284, 0.0165876876563, 0.0166819859296, 0.000184414369869, 0.0146937062964, 0.011816708371], "dmean2": [0.0223867129534, 0.0294496528804, 0.00652475096285, 0.00314466259442, 0.00375386071391, 0.00187104556244, 0.00120530789718, 0.000767914112657, 0.000471035571536, 0.000527170137502, 0.000461640476715, 0.000315848534228, 0.000165900128195, 0.000155496803927, 0.000202250375878, 0.000214928484638, 0.000453262473457, 0.00037815127871, 0.000330189912347, 0.000251675810432, 0.000277615879895, 0.000205995922443, 0.000305584660964, 0.000265643117018, 5.97725875195e-06, 0.000255012477282, 0.000255435967119], "median": [0.00181275350042, 0.00338596873917, 0.00204224442132, 0.0011142649455, 0.00156177266035, 0.00035470793955, 0.000152496504597, 6.06428875471e-05, 5.55925544177e-05, 4.75552405987e-05, 6.73894901411e-05, 5.89314258832e-05, 3.38293612003e-05, 2.58710351773e-05, 3.81735590054e-05, 3.15299694194e-05, 2.62000467046e-05, 3.38586796715e-05, 5.354631503e-05, 4.11864930356e-05, 5.56041595701e-05, 3.35290787916e-05, 1.71557549038e-05, 2.70558780358e-06, 7.09112839559e-07, 7.23274160919e-06, 0.000113746784336], "dvar": [0.00140367064159, 0.00207764771767, 5.31997175131e-05, 1.74831620825e-05, 1.84157543117e-05, 1.82808616955e-05, 1.33832409119e-05, 9.86361646937e-06, 2.32763818531e-06, 2.39209362007e-06, 1.46456170569e-06, 4.32071686873e-07, 6.91768207162e-08, 1.59206194894e-07, 1.2849180564e-07, 2.0348211649e-07, 1.1084914604e-06, 6.11130133166e-07, 5.35309311545e-07, 6.38514904949e-07, 6.13405632066e-07, 1.99600194151e-07, 9.2660224027e-07, 9.42006408877e-07, 6.87095658147e-11, 8.01256589966e-07, 2.54345621897e-07]}, "melbands_skewness": {"dvar2": 8.66868686676, "var": 11.9426784515, "min": -2.87805509567, "dmean": 1.70622897148, "mean": 4.98175144196, "max": 36.5364112854, "dmean2": 2.65082645416, "median": 4.2660317421, "dvar": 3.75728297234}, "barkbands_skewness": {"dvar2": 4.09658098221, "var": 6.85043621063, "min": -2.99322080612, "dmean": 1.21726179123, "mean": 3.53329658508, "max": 19.6996326447, "dmean2": 1.89017879963, "median": 3.12351179123, "dvar": 1.74430656433}, "erbbands": {"dvar2": [12.999505043, 192.593078613, 282.180969238, 266.563751221, 468.033721924, 702.841308594, 1567.30444336, 3446.13378906, 3166.02514648, 17401.78125, 7943.83056641, 2961.54003906, 7070.60742188, 4432.60400391, 4611.63183594, 1184.54467773, 330.811584473, 448.067260742, 1162.37683105, 1030.0411377, 2113.48413086, 10274.078125, 4735.72460938, 5756.97998047, 2823.22631836, 2458.04760742, 2530.64404297, 1146.27453613, 618.497314453, 1079.63427734, 1327.84216309, 1992.82067871, 168.322540283, 0.333752185106, 0.0124590564519, 2.19183778763, 13.4872617722, 0.77856117487, 0.0133221773431, 9.0829700639e-05], "var": [22.3222312927, 76.7086257935, 101.433540344, 244.399642944, 363.775970459, 402.125946045, 1817.24206543, 2288.74731445, 2741.7487793, 14950.5800781, 5678.68505859, 1614.20922852, 2652.84155273, 2880.62524414, 3059.43603516, 735.51965332, 183.294555664, 284.008422852, 573.589782715, 358.838165283, 786.219787598, 2790.65795898, 2109.1003418, 2166.92651367, 2029.27636719, 2599.12548828, 2457.59423828, 1259.07104492, 646.951416016, 721.311889648, 1009.78594971, 951.69909668, 103.627174377, 0.219324067235, 0.00633022375405, 1.34526979923, 7.6816277504, 0.622215628624, 0.0178630445153, 0.000134969945066], "min": [1.21743767543e-22, 1.28298802817e-21, 4.58858411533e-21, 1.01326296928e-20, 2.95790481267e-20, 4.19029729662e-20, 7.54989781686e-20, 1.34020125963e-19, 1.26430937714e-19, 1.98826108042e-19, 3.29032285146e-19, 5.4607212187e-19, 4.81576849509e-19, 1.45207317233e-18, 7.20137702723e-19, 1.2373800987e-18, 1.31472189957e-18, 1.98504507974e-18, 2.52415735564e-18, 3.49218945572e-18, 5.9877160224e-18, 6.50980719604e-18, 5.74057058539e-18, 7.72727478265e-18, 8.02972096592e-18, 1.16159674747e-17, 1.1533975678e-17, 1.47760298524e-17, 1.20785649236e-17, 1.26705334202e-17, 1.26191564052e-17, 1.31738256737e-17, 1.22007775504e-17, 9.18081227146e-18, 7.85251075457e-18, 4.05768527763e-18, 2.43999255549e-18, 9.16439501105e-19, 2.51268854814e-19, 2.81970910482e-20], "dmean": [0.950156569481, 3.09044551849, 4.58995866776, 5.81088447571, 6.65508460999, 8.26202392578, 9.56287479401, 10.3641271591, 9.78456306458, 14.279800415, 9.1496925354, 6.71130990982, 8.0812702179, 10.5010595322, 11.6250085831, 6.82108306885, 4.53867578506, 4.14117050171, 5.48862218857, 6.67146968842, 7.93558073044, 14.6971645355, 13.0364837646, 12.2090482712, 9.29296588898, 7.83402395248, 9.12366867065, 6.3296122551, 5.67123937607, 5.83829021454, 5.82862520218, 5.3212556839, 1.68989312649, 0.106981538236, 0.0308805257082, 0.199452936649, 0.473577529192, 0.156045094132, 0.0292300228029, 0.0030743542593], "mean": [1.69123232365, 3.49840211868, 5.32864427567, 8.66015434265, 9.83552837372, 11.1190299988, 12.732336998, 13.9541320801, 13.7675991058, 20.1606082916, 12.1194858551, 8.61531257629, 9.12016677856, 12.7028903961, 14.7601308823, 8.81176280975, 5.79955911636, 5.58184289932, 6.75619983673, 7.71538925171, 8.67842006683, 14.8136320114, 14.9490175247, 14.3066034317, 11.7034435272, 10.9662017822, 13.7949666977, 9.76066589355, 8.41845226288, 7.94777965546, 7.72886896133, 5.55539751053, 1.87173998356, 0.117737650871, 0.0311220809817, 0.224021822214, 0.538678765297, 0.220237791538, 0.0533782728016, 0.00703855091706], "max": [62.5935974121, 117.316612244, 195.927093506, 369.232757568, 448.441467285, 402.273040771, 2094.23388672, 1285.74304199, 2380.73608398, 5218.40771484, 4306.22998047, 2117.62841797, 3670.32202148, 1811.44714355, 1435.08300781, 1391.46411133, 314.258331299, 461.392974854, 979.621582031, 375.353149414, 716.62878418, 1648.84973145, 810.647338867, 1154.5402832, 965.121459961, 1418.38989258, 2015.98718262, 1224.95068359, 445.061584473, 388.875793457, 439.047088623, 537.127990723, 155.204238892, 7.15695953369, 1.30047702789, 19.8859729767, 43.3146629333, 10.8326435089, 3.01630687714, 0.13670656085], "dmean2": [1.43933498859, 5.21012306213, 7.8287653923, 9.33596038818, 10.8220844269, 13.7057189941, 14.7599287033, 16.1927108765, 14.8267526627, 21.4963436127, 13.7815151215, 10.5945472717, 12.9113969803, 16.8302555084, 18.386724472, 10.984079361, 7.38334274292, 6.63428544998, 8.85484027863, 11.2164545059, 13.496014595, 25.1916236877, 20.829750061, 20.1533603668, 14.8319921494, 11.5658559799, 13.0496912003, 8.61068439484, 7.95653152466, 8.4823102951, 8.42066383362, 8.09815216064, 2.48139429092, 0.166995227337, 0.0505256801844, 0.297741562128, 0.697996616364, 0.215386047959, 0.0381700210273, 0.00427807774395], "median": [0.114383891225, 0.599169790745, 2.12227845192, 4.02656126022, 4.20492458344, 4.79720115662, 3.83447885513, 2.77204632759, 2.28668451309, 1.8809030056, 1.39203691483, 1.32022917271, 1.37316763401, 2.38026165962, 3.10920524597, 2.35351657867, 1.74553179741, 1.53369832039, 1.64045214653, 2.30089497566, 1.78013968468, 1.65433013439, 1.77636575699, 2.55842900276, 2.55697894096, 1.94466245174, 2.32018756866, 1.76391172409, 1.21635782719, 0.905748605728, 0.393466591835, 0.101904496551, 0.0326724462211, 0.0123167354614, 0.00633996818215, 0.00704982224852, 0.013077554293, 0.0229824073613, 0.0136902378872, 0.00296992668882], "dvar": [5.91351175308, 74.1826019287, 106.786277771, 113.116340637, 191.274139404, 283.130065918, 872.440185547, 1542.59973145, 1561.43481445, 8095.01757812, 3759.35595703, 1267.69152832, 2773.70849609, 1960.05041504, 2018.21887207, 520.198669434, 131.309814453, 187.053283691, 462.213195801, 385.002471924, 781.844299316, 3646.08959961, 1899.2713623, 2199.52124023, 1350.94946289, 1369.90930176, 1332.29553223, 632.403991699, 325.574127197, 501.350219727, 652.078674316, 873.251953125, 81.6990966797, 0.162669837475, 0.00536362966523, 1.05171620846, 6.24901580811, 0.389511048794, 0.00767350941896, 4.8047349992e-05]}, "silence_rate_30dB": {"dvar2": 0.124533645809, "var": 0.136490091681, "min": 0, "dmean": 0.0659398660064, "mean": 0.836923062801, "max": 1, "dmean2": 0.131891325116, "median": 1, "dvar": 0.0615846030414}, "melbands_spread": {"dvar2": 508.736968994, "var": 827.352600098, "min": 0.0620994754136, "dmean": 8.19806575775, "mean": 17.9463825226, "max": 218.465789795, "dmean2": 12.7488994598, "median": 7.57274341583, "dvar": 238.764816284}, "melbands_crest": {"dvar2": 41.6542320251, "var": 59.6460609436, "min": 1.72995829582, "dmean": 4.633872509, "mean": 19.1421413422, "max": 38.8591499329, "dmean2": 7.58383560181, "median": 17.7784233093, "dvar": 15.8613557816}, "zerocrossingrate": {"dvar2": 0.00114989455324, "var": 0.00787525717169, "min": 0.00146484375, "dmean": 0.0304773524404, "mean": 0.141862288117, "max": 0.572265625, "dmean2": 0.0379148498178, "median": 0.1279296875, "dvar": 0.000797017652076}, "barkbands_kurtosis": {"dvar2": 2178.14550781, "var": 1959.08178711, "min": -1.90136528015, "dmean": 16.5901870728, "mean": 28.8936157227, "max": 634.408691406, "dmean2": 26.6519584656, "median": 13.0717105865, "dvar": 871.68145752}, "spectral_flux": {"dvar2": 0.00809181109071, "var": 0.00863148551434, "min": 6.47038186918e-11, "dmean": 0.0427445285022, "mean": 0.121642000973, "max": 0.852580785751, "dmean2": 0.0685860738158, "median": 0.0964174121618, "dvar": 0.00357171939686}, "barkbands_crest": {"dvar2": 23.1607017517, "var": 19.8405456543, "min": 2.69908452034, "dmean": 3.34003925323, "mean": 11.4714269638, "max": 25.9963722229, "dmean2": 5.62747907639, "median": 10.9928817749, "dvar": 8.47473239899}, "barkbands_flatness_db": {"dvar2": 0.00285898218863, "var": 0.00658936146647, "min": 0.0283002667129, "dmean": 0.0378953851759, "mean": 0.181438684464, "max": 0.628236830235, "dmean2": 0.0597962103784, "median": 0.168127253652, "dvar": 0.00116652296856}, "spectral_entropy": {"dvar2": 0.12689730525, "var": 0.222151041031, "min": 5.13754320145, "dmean": 0.236570373178, "mean": 7.49031639099, "max": 9.8180437088, "dmean2": 0.364962935448, "median": 7.53137922287, "dvar": 0.0533533878624}, "pitch_salience": {"dvar2": 0.0201736278832, "var": 0.0242442190647, "min": 0.0471883490682, "dmean": 0.100366860628, "mean": 0.508428514004, "max": 0.927493870258, "dmean2": 0.166168227792, "median": 0.533484756947, "dvar": 0.00763440784067}, "erbbands_spread": {"dvar2": 412.98815918, "var": 573.239379883, "min": 2.63435268402, "dmean": 13.6515216827, "mean": 49.3352050781, "max": 156.704605103, "dmean2": 20.9302539825, "median": 46.2932929993, "dvar": 191.41368103}, "dynamic_complexity": 3.81751203537, "spectral_contrast_valleys": {"dvar2": [0.31141486764, 0.452328681946, 0.451094329357, 0.447153478861, 0.302724033594, 0.943374991417], "var": [1.37335443497, 1.25845432281, 1.13867652416, 1.0288323164, 1.12455403805, 1.53303265572], "min": [-28.3497009277, -27.9040775299, -27.3467769623, -27.7384052277, -27.5049915314, -27.3305740356], "dmean": [0.431629538536, 0.507297277451, 0.495275944471, 0.447818934917, 0.3475702703, 0.730853140354], "mean": [-6.84696960449, -7.16262483597, -7.734167099, -8.17406368256, -7.7696890831, -11.0638999939], "max": [-4.29570817947, -4.51974201202, -5.20296812057, -5.53517055511, -4.78880691528, -7.8240647316], "dmean2": [0.696283936501, 0.807536065578, 0.77857029438, 0.700682222843, 0.505653738976, 1.13327944279], "median": [-6.7826666832, -7.11970710754, -7.68122768402, -8.1310749054, -7.79411506653, -11.0234804153], "dvar": [0.144587010145, 0.18873783946, 0.189841553569, 0.188322633505, 0.148964107037, 0.38553699851]}, "hfc": {"dvar2": 4254.49804688, "var": 4416.94824219, "min": 1.06905140004e-16, "dmean": 24.7527675629, "mean": 53.7757148743, "max": 750.041625977, "dmean2": 35.8415641785, "median": 34.2777328491, "dvar": 2116.16259766}, "spectral_kurtosis": {"dvar2": 15.5365638733, "var": 18.3164539337, "min": -1.2303583622, "dmean": 2.18974995613, "mean": 8.75504493713, "max": 49.0743331909, "dmean2": 3.36806225777, "median": 7.99170303345, "dvar": 6.57621192932}, "mfcc": {"mean": [-696.632263184, 131.228607178, 10.6072530746, 59.407787323, -2.14796233177, 26.4661254883, 1.03800106049, 13.1684055328, -4.36115026474, 1.00284469128, -4.42867517471, 0.157050013542, 1.25151133537], "cov": [[5926.02001953, -1004.42956543, -192.894577026, -287.488098145, -355.518035889, 44.3279495239, -373.016448975, 298.275756836, -151.424057007, 162.654129028, -142.764328003, 273.973419189, -130.657394409], [-1004.42956543, 1690.81237793, 120.349273682, -193.223052979, -19.2725658417, -86.1934738159, 156.708297729, -277.154144287, 145.93586731, -24.1865005493, 148.26121521, -217.606323242, 206.245895386], [-192.894577026, 120.349273682, 770.939147949, -3.94884538651, 126.726791382, -14.9951448441, 29.3286819458, 2.18784046173, 67.3648757935, 81.7641220093, 55.2543258667, 53.3799934387, 6.93965816498], [-287.488098145, -193.223052979, -3.94884538651, 492.631256104, 72.2482833862, 67.5343399048, 3.77968645096, 46.6358757019, -3.27018070221, -14.9293661118, 30.6733951569, 18.2319164276, -17.9195156097], [-355.518035889, -19.2725658417, 126.726791382, 72.2482833862, 334.380065918, 35.247253418, 131.027359009, 20.3882007599, 45.8866577148, -8.53336715698, 26.5105743408, 42.6173439026, -1.83742427826], [44.3279495239, -86.1934738159, -14.9951448441, 67.5343399048, 35.247253418, 243.075759888, 69.0978393555, 40.4140701294, -41.7574577332, -16.522611618, -21.0457668304, 19.0276012421, 16.2726249695], [-373.016448975, 156.708297729, 29.3286819458, 3.77968645096, 131.027359009, 69.0978393555, 205.854736328, -11.7305011749, 34.4857788086, -32.9519538879, 26.0041427612, -9.75986099243, 36.1997032166], [298.275756836, -277.154144287, 2.18784046173, 46.6358757019, 20.3882007599, 40.4140701294, -11.7305011749, 179.988494873, 10.1307229996, 28.0461463928, -28.8496494293, 64.0907745361, -34.8775405884], [-151.424057007, 145.93586731, 67.3648757935, -3.27018070221, 45.8866577148, -41.7574577332, 34.4857788086, 10.1307229996, 138.850341797, 40.3302879333, 42.9189682007, -15.1963033676, 17.2990779877], [162.654129028, -24.1865005493, 81.7641220093, -14.9293661118, -8.53336715698, -16.522611618, -32.9519538879, 28.0461463928, 40.3302879333, 109.725730896, 30.4676456451, 20.5382709503, -8.07659435272], [-142.764328003, 148.26121521, 55.2543258667, 30.6733951569, 26.5105743408, -21.0457668304, 26.0041427612, -28.8496494293, 42.9189682007, 30.4676456451, 115.457817078, 8.41595649719, 29.6607780457], [273.973419189, -217.606323242, 53.3799934387, 18.2319164276, 42.6173439026, 19.0276012421, -9.75986099243, 64.0907745361, -15.1963033676, 20.5382709503, 8.41595649719, 124.196678162, -7.23226881027], [-130.657394409, 206.245895386, 6.93965816498, -17.9195156097, -1.83742427826, 16.2726249695, 36.1997032166, -34.8775405884, 17.2990779877, -8.07659435272, 29.6607780457, -7.23226881027, 99.6873931885]], "icov": [[0.000251754623605, 2.14141946344e-05, 6.47055494483e-05, 0.000169166334672, 0.00016829156084, -0.000114696944365, 0.000251409976045, -0.000178765039891, 6.31550865364e-05, -0.000235198283917, 9.60654215305e-05, -0.000453414395452, 8.80596344359e-05], [2.14141946344e-05, 0.00149278226309, -0.000238874039496, 0.000398606469389, 0.000152594147949, 0.000158294191351, -0.000459009868791, 0.000870122341439, -0.00068011728581, 0.000240979759838, -0.00101501890458, 0.00188301503658, -0.00194785988424], [6.47055494483e-05, -0.000238874039496, 0.00162727443967, 2.71812386927e-05, -0.000515981169883, -6.01165884291e-05, 0.000163064119988, 0.000204345647944, -0.000216005428229, -0.00114612933248, 9.37069635256e-05, -0.000995198497549, 0.000327751389705], [0.000169166334672, 0.000398606469389, 2.71812386927e-05, 0.00263850088231, -0.000507324002683, -0.00086275144713, 0.000908448477276, -0.000621315033641, -0.000138150848215, 0.000843980524223, -0.00165177765302, 0.000584603694733, 7.98783366918e-05], [0.00016829156084, 0.000152594147949, -0.000515981169883, -0.000507324002683, 0.00508586503565, 0.00014488711895, -0.00306987552904, 0.000314402219374, -0.00119268358685, 0.00037571406574, 0.000224152230658, -0.00213419273496, 0.00116033677477], [-0.000114696944365, 0.000158294191351, -6.01165884291e-05, -0.00086275144713, 0.00014488711895, 0.00594016630203, -0.00281319045462, -0.00118336663581, 0.00243690656498, -0.000895917939488, 0.0010576833738, 0.000384226994356, -0.00177047110628], [0.000251409976045, -0.000459009868791, 0.000163064119988, 0.000908448477276, -0.00306987552904, -0.00281319045462, 0.00956791546196, -0.000641400169116, -0.00166684179567, 0.00278230430558, -0.0014567511389, 0.00038789754035, -0.000888817477971], [-0.000178765039891, 0.000870122341439, 0.000204345647944, -0.000621315033641, 0.000314402219374, -0.00118336663581, -0.000641400169116, 0.00974268745631, -0.00308365211822, -0.00147820927668, 0.0025140659418, -0.00332113611512, 0.0011064860737], [6.31550865364e-05, -0.00068011728581, -0.000216005428229, -0.000138150848215, -0.00119268358685, 0.00243690656498, -0.00166684179567, -0.00308365211822, 0.0119957048446, -0.00396050140262, -0.00190453568939, 0.00246782787144, -0.00107009382918], [-0.000235198283917, 0.000240979759838, -0.00114612933248, 0.000843980524223, 0.00037571406574, -0.000895917939488, 0.00278230430558, -0.00147820927668, -0.00396050140262, 0.0143036125228, -0.00409079762176, -0.000209222387639, 0.00109844352119], [9.60654215305e-05, -0.00101501890458, 9.37069635256e-05, -0.00165177765302, 0.000224152230658, 0.0010576833738, -0.0014567511389, 0.0025140659418, -0.00190453568939, -0.00409079762176, 0.0139871705323, -0.00401851302013, -0.00129165349063], [-0.000453414395452, 0.00188301503658, -0.000995198497549, 0.000584603694733, -0.00213419273496, 0.000384226994356, 0.00038789754035, -0.00332113611512, 0.00246782787144, -0.000209222387639, -0.00401851302013, 0.0154958339408, -0.00384593498893], [8.80596344359e-05, -0.00194785988424, 0.000327751389705, 7.98783366918e-05, 0.00116033677477, -0.00177047110628, -0.000888817477971, 0.0011064860737, -0.00107009382918, 0.00109844352119, -0.00129165349063, -0.00384593498893, 0.0155685609207]]}, "silence_rate_20dB": {"dvar2": 0.037521764636, "var": 0.0368575714529, "min": 0, "dmean": 0.0170564446598, "mean": 0.961670339108, "max": 1, "dmean2": 0.0341158881783, "median": 1, "dvar": 0.0167647730559}, "melbands_kurtosis": {"dvar2": 14116.2080078, "var": 9958.91992188, "min": -1.89779281616, "dmean": 37.1965408325, "mean": 60.3072814941, "max": 1828.72155762, "dmean2": 59.7676200867, "median": 27.4980678558, "dvar": 5713.51025391}, "barkbands_spread": {"dvar2": 286.129638672, "var": 575.225158691, "min": 0.240897729993, "dmean": 8.50630569458, "mean": 22.7609062195, "max": 123.48046875, "dmean2": 13.2234296799, "median": 12.9497528076, "dvar": 133.085693359}, "erbbands_skewness": {"dvar2": 0.646587371826, "var": 1.52584421635, "min": -4.39266347885, "dmean": 0.543981075287, "mean": 0.412245750427, "max": 5.78668642044, "dmean2": 0.823465704918, "median": 0.423261940479, "dvar": 0.295485317707}, "average_loudness": 0.230441585183, "spectral_centroid": {"dvar2": 317006.03125, "var": 976089.125, "min": 98.9224853516, "dmean": 316.797424316, "mean": 1202.51489258, "max": 11476.3105469, "dmean2": 476.625457764, "median": 826.493652344, "dvar": 162740.921875}, "dissonance": {"dvar2": 0.000913207011763, "var": 0.000925678235944, "min": 0.244660750031, "dmean": 0.017651213333, "mean": 0.467805415392, "max": 0.500000119209, "dmean2": 0.028777167201, "median": 0.476566851139, "dvar": 0.000356853677658}, "erbbands_flatness_db": {"dvar2": 0.00113656232134, "var": 0.0015376630472, "min": 0.0446413494647, "dmean": 0.0247416831553, "mean": 0.125931173563, "max": 0.319381207228, "dmean2": 0.0387370176613, "median": 0.120953947306, "dvar": 0.000487040058943}, "spectral_strongpeak": {"dvar2": 11.6214256287, "var": 3.02116727829, "min": 0, "dmean": 0.529150724411, "mean": 0.577638328075, "max": 36.2308998108, "dmean2": 0.940091311932, "median": 0.235895290971, "dvar": 4.17274475098}, "spectral_rms": {"dvar2": 1.07267496787e-05, "var": 2.51624969678e-05, "min": 3.10438025113e-12, "dmean": 0.00170716829598, "mean": 0.00641730427742, "max": 0.0364347323775, "dmean2": 0.00256115966477, "median": 0.00498433876783, "dvar": 4.95460653838e-06}, "silence_rate_60dB": {"dvar2": 0.0575399808586, "var": 0.0583594068885, "min": 0, "dmean": 0.0263759456575, "mean": 0.0622417591512, "max": 1, "dmean2": 0.0527565293014, "median": 0, "dvar": 0.0256839729846}, "melbands": {"dvar2": [0.000645918655209, 0.000141127646202, 7.11546181265e-06, 2.16797229768e-06, 1.65967344401e-06, 1.53810617576e-06, 6.95729511335e-07, 1.74922047336e-06, 4.19666577045e-07, 1.29951814642e-07, 1.74602988068e-07, 8.06725424241e-08, 7.44997024071e-08, 1.67772959969e-08, 4.79455186664e-09, 1.2441209174e-09, 1.85574855482e-09, 4.5282395611e-09, 2.20532858641e-09, 2.05392058916e-09, 3.13744874525e-09, 1.25508776705e-08, 8.81905659611e-09, 2.71872835356e-09, 4.58237670031e-09, 1.49211032419e-09, 2.04023642425e-09, 1.06497988206e-09, 1.09256470537e-09, 9.91279280882e-10, 2.9269425772e-10, 2.85789003573e-10, 1.0149345947e-10, 6.50123066492e-10, 5.7298132905e-10, 4.5344511479e-10, 1.00607222553e-09, 1.20812845839e-10, 2.50930634778e-12, 1.51421267831e-14], "var": [0.00102041068021, 4.98748195241e-05, 7.02343686498e-06, 1.53457801844e-06, 1.59281557899e-06, 1.11800795821e-06, 6.410672313e-07, 1.43131853747e-06, 2.96577837844e-07, 6.53575611409e-08, 6.70908875122e-08, 5.33157304972e-08, 4.60847253692e-08, 8.75019701141e-09, 2.44637932134e-09, 7.34473204478e-10, 1.11530362723e-09, 2.09634198889e-09, 7.30509985836e-10, 6.7919320168e-10, 1.26890042917e-09, 3.42247719054e-09, 2.60884647219e-09, 1.4851740948