{"tonal": {"thpcp": [1, 0.666733920574, 0.280535280704, 0.224299564958, 0.202626258135, 0.20688931644, 0.23775306344, 0.278028845787, 0.313035309315, 0.355783641338, 0.346530050039, 0.300567835569, 0.278726994991, 0.256443232298, 0.233209848404, 0.237076535821, 0.29317599535, 0.320514589548, 0.265771955252, 0.225587531924, 0.243142426014, 0.264991819859, 0.255937993526, 0.237808689475, 0.24248161912, 0.25229755044, 0.240447983146, 0.23500521481, 0.23680627346, 0.232222542167, 0.23870614171, 0.251634508371, 0.27030980587, 0.2633061409, 0.239204600453, 0.609205722809], "hpcp": {"dmean2": [0.29378592968, 0.280830740929, 0.25389945507, 0.243898943067, 0.275773406029, 0.292233586311, 0.26007476449, 0.23662173748, 0.243607550859, 0.255712509155, 0.241137087345, 0.230219438672, 0.228924497962, 0.226776525378, 0.215723544359, 0.211643606424, 0.220292851329, 0.220339149237, 0.219674482942, 0.229424968362, 0.243316143751, 0.251384019852, 0.228830397129, 0.37535816431, 0.608516216278, 0.373729377985, 0.254005044699, 0.211096808314, 0.193878784776, 0.201769411564, 0.236708328128, 0.274634599686, 0.296994835138, 0.326101005077, 0.33546090126, 0.305444955826], "median": [0.0674509629607, 0.0614885240793, 0.0556785278022, 0.0572414733469, 0.0724016278982, 0.0772384256124, 0.067056953907, 0.0567190609872, 0.063499122858, 0.0724409073591, 0.0708905234933, 0.0630836561322, 0.0664196833968, 0.069826155901, 0.0679135546088, 0.0665782541037, 0.0666992664337, 0.0621322132647, 0.059413742274, 0.0664245858788, 0.0710469335318, 0.068019606173, 0.0610910654068, 0.368186384439, 0.557991683483, 0.45305287838, 0.0676664113998, 0.0507919490337, 0.0490261279047, 0.0537909269333, 0.0603609830141, 0.0702884271741, 0.0860908329487, 0.0978421792388, 0.0927335470915, 0.0752149000764], "min": [0.00059498770861, 0.00053187366575, 0.000327349756844, 0.000396543502575, 0.000471873558126, 0.000823758775368, 0.000671678339131, 0.000416270981077, 0.000589414790738, 0.000689375097863, 0.000478048808873, 0.000382489000913, 0.000778081943281, 0.000578269420657, 0.000818808039185, 0.000829115335364, 0.000713086221367, 0.00065614405321, 0.000456044333987, 0.000425520149292, 0.000678243639413, 0.000389589869883, 0.000581711472478, 0.000732546963263, 0.000745081633795, 0.000841877190396, 0.000454780092696, 0.000190194317838, 0.000372175039956, 0.000561921566259, 0.000685089209583, 0.000488311576191, 0.000666155421641, 0.00105806754436, 0.000778819026891, 0.000707992468961], "dvar2": [0.145768374205, 0.142905071378, 0.124648883939, 0.106772303581, 0.110993556678, 0.124252192676, 0.10693641752, 0.101361133158, 0.102649196982, 0.103325113654, 0.0930687785149, 0.0941130965948, 0.0923145413399, 0.0842525884509, 0.0770928114653, 0.0746086165309, 0.0845795944333, 0.0900624319911, 0.0880599692464, 0.0902104973793, 0.0926943570375, 0.104734919965, 0.0898018851876, 0.0954994931817, 0.267267584801, 0.0955407470465, 0.0980764701962, 0.0860062614083, 0.076400667429, 0.0786121711135, 0.0997529402375, 0.127230539918, 0.122055545449, 0.135002553463, 0.151851385832, 0.145982936025], "dvar": [0.0535269938409, 0.0521958172321, 0.0452129654586, 0.0396455042064, 0.0426734127104, 0.0479711666703, 0.039806984365, 0.0369312427938, 0.0375753715634, 0.0385032854974, 0.0351177118719, 0.034645229578, 0.0341106317937, 0.0324076451361, 0.0288661178201, 0.0280627384782, 0.0307004433125, 0.0328918807209, 0.0328529700637, 0.0336770154536, 0.0349839180708, 0.0381972454488, 0.0327586382627, 0.0411757566035, 0.12556616962, 0.0396663583815, 0.0372462943196, 0.0312999486923, 0.0274754576385, 0.0287639796734, 0.0366092063487, 0.0460893847048, 0.0452235862613, 0.0514222234488, 0.0557609274983, 0.0532586276531], "dmean": [0.165481090546, 0.156995505095, 0.142863407731, 0.139211803675, 0.159233957529, 0.170242398977, 0.148929193616, 0.13372194767, 0.1388194561, 0.147486180067, 0.139725849032, 0.132086828351, 0.131598100066, 0.131963297725, 0.125388100743, 0.122732669115, 0.127758815885, 0.127102360129, 0.127254337072, 0.133094862103, 0.141612261534, 0.145038694143, 0.130486428738, 0.211927130818, 0.332976788282, 0.213883861899, 0.146632641554, 0.120526835322, 0.110682293773, 0.115241125226, 0.134272813797, 0.156764775515, 0.170009508729, 0.187954738736, 0.191163763404, 0.17258118093], "max": [1, 1, 1, 1, 1, 1, 1, 1, 1, 1, 1, 1, 1, 1, 1, 1, 1, 1, 1, 1, 1, 1, 1, 1, 1, 1, 1, 1, 1, 1, 1, 1, 1, 1, 1, 1], "var": [0.0489049479365, 0.0454274490476, 0.0387051925063, 0.0375493913889, 0.0495104193687, 0.0581934526563, 0.0415595956147, 0.0340854935348, 0.0364386588335, 0.0394014492631, 0.0369627140462, 0.0343629792333, 0.0341956950724, 0.0369068384171, 0.0327408500016, 0.0305965617299, 0.0314447619021, 0.0338207855821, 0.0374633185565, 0.0386456027627, 0.0420629754663, 0.0416320674121, 0.0359816886485, 0.0600134506822, 0.170730829239, 0.0639204457402, 0.0483110025525, 0.0368805676699, 0.0302149169147, 0.0293695311993, 0.0361911691725, 0.0470026805997, 0.0495303161442, 0.0597960315645, 0.0601710788906, 0.0525127016008], "mean": [0.155371025205, 0.14294937253, 0.129998371005, 0.132153779268, 0.16342535615, 0.178664728999, 0.148149490356, 0.125749453902, 0.135535091162, 0.147714614868, 0.142667740583, 0.132561907172, 0.135166734457, 0.140638440847, 0.134033128619, 0.130999162793, 0.132003128529, 0.129448011518, 0.133062168956, 0.140268847346, 0.150679022074, 0.146774962544, 0.133340030909, 0.339590072632, 0.55743086338, 0.371658056974, 0.156379029155, 0.125031501055, 0.112950131297, 0.115326493979, 0.132530897856, 0.154981866479, 0.17449554801, 0.198324784636, 0.193166539073, 0.167545795441]}, "tuning_equal_tempered_deviation": 0.18187713623, "chords_changes_rate": 0.0921506434679, "key_key": "A#", "tuning_diatonic_strength": 0.47131678462, "key_scale": "minor", "chords_number_rate": 0.00151745066978, "tuning_frequency": 434.193115234, "tuning_nontempered_energy_ratio": 0.806938588619, "chords_histogram": [8.09766864777, 38.1156005859, 18.6646442413, 1.69678580761, 1.82094085217, 0.469030201435, 0.731135308743, 5.73872280121, 9.22885894775, 4.93861198425, 0.151745066047, 0.910470426083, 1.11739552021, 0.538005232811, 0.0551800243556, 0.772520363331, 0.634570300579, 0.275900125504, 2.5796661377, 0.634570300579, 0.0689750313759, 1.08980548382, 0.689750313759, 0.979445457458], "key_strength": 0.535791218281, "chords_key": "C#", "chords_strength": {"dmean2": 0.0143475430086, "median": 0.491022348404, "min": 0.183689877391, "dvar2": 0.000149088053149, "dvar": 9.4673509011e-05, "dmean": 0.0112711265683, "max": 0.740631699562, "var": 0.0109316110611, "mean": 0.485039561987}, "chords_scale": "major", "hpcp_entropy": {"dmean2": 1.2461656332, "median": 3.02751660347, "min": 0.04208567366, "dvar2": 0.951698184013, "dvar": 0.33895856142, "dmean": 0.728033959866, "max": 4.67065572739, "var": 0.608834922314, "mean": 2.91704344749}}, "metadata": {"audio_properties": {"equal_loudness": 0, "codec": "mp3", "downmix": "mix", "sample_rate": 44100, "analysis_sample_rate": 44100, "bit_rate": 203583, "md5_encoded": "69ccf5c30a3e7248e4a486945d7b8ea7", "length": 336.588806152, "replay_gain": 0.810556411743, "lossless": false}, "version": {"essentia_build_sha": "ca57ba49d9b1854bd80e60cf9ccf267278fb7d6b", "essentia": "2.1-beta1", "extractor": "music 1.0", "essentia_git_sha": "v2.1_beta1-28-g21ef5f4-dirty"}, "tags": {"title": ["Safe Home"], "barcode": ["727361129620"], "media": ["CD"], "albumartist": ["Anthrax"], "musicbrainz_recordingid": ["15e858f0-2652-40c5-812d-dfd7a8c1308b"], "musicbrainz_albumartistid": ["b616d6f0-ec1f-4c69-8a79-12a97ece7372"], "discnumber": ["1/2"], "album": ["Music of Mass Destruction"], "catalognumber": ["NB 1296-0"], "musicbrainz album release country": ["XE"], "musicbrainz album type": ["album", "live"], "musicbrainz album status": ["official"], "originaldate": ["2004"], "artists": ["Anthrax"], "date": ["2004-04-20"], "file_name": "04 - Safe Home.mp3", "musicbrainz_releasegroupid": ["132441c7-bf8e-3005-b2ff-9ca13a265639"], "musicbrainz release track id": ["afc57085-4341-3db7-98d4-bcef921ea47f"], "script": ["Latn"], "asin": ["B0001Q4BKS"], "musicbrainz_albumid": ["7141c652-f45b-4ddf-82f7-a157822a22b9"], "artist": ["Anthrax"], "artistsort": ["Anthrax"], "tracknumber": ["4/12"], "label": ["Nuclear Blast"], "albumartistsort": ["Anthrax"], "acoustid_id": ["c41b8d8f-5eb0-48a6-ab21-a77232e91eb7"], "musicbrainz_artistid": ["b616d6f0-ec1f-4c69-8a79-12a97ece7372"]}}, "rhythm": {"bpm_histogram_first_peak_bpm": {"dmean2": 0, "median": 167, "min": 167, "dvar2": 0, "dvar": 0, "dmean": 0, "max": 167, "var": 0, "mean": 167}, "bpm": 163.943939209, "bpm_histogram_second_peak_spread": {"dmean2": 0, "median": 0.366300404072, "min": 0.366300404072, "dvar2": 0, "dvar": 0, "dmean": 0, "max": 0.366300404072, "var": 0, "mean": 0.366300404072}, "bpm_histogram_first_peak_weight": {"dmean2": 0, "median": 0.179156914353, "min": 0.179156914353, "dvar2": 0, "dvar": 0, "dmean": 0, "max": 0.179156914353, "var": 0, "mean": 0.179156914353}, "onset_rate": 1.3487496376, "beats_position": [0.557278871536, 1.11455774307, 1.67183673382, 2.22911548615, 2.79800438881, 3.36689329147, 3.93578219414, 4.45823097229, 4.98067998886, 5.50312900543, 5.95591831207, 6.420317173, 6.87310647964, 7.33750534058, 7.79029464722, 8.24308395386, 8.6958732605, 9.12544155121, 9.55501079559, 9.98458003998, 10.4141492844, 10.8437185287, 11.2732877731, 11.6912469864, 12.1208162308, 12.538775444, 12.9567346573, 13.3746938705, 13.8042631149, 14.2338323593, 14.66340065, 15.0929698944, 15.5225391388, 15.9521083832, 16.3932876587, 16.8228569031, 17.2524261475, 17.6819953918, 18.1115646362, 18.5295238495, 18.9358730316, 19.3422222137, 19.760181427, 20.1781406403, 20.5960998535, 21.0024490356, 21.4204082489, 21.826757431, 22.2331066132, 22.616235733, 23.010974884, 23.3941040039, 23.7888431549, 24.1719722748, 24.5667114258, 24.9498405457, 25.3445796967, 25.7277088165, 26.1108379364, 26.5055770874, 26.8887062073, 27.2834453583, 27.6897945404, 28.0845336914, 28.4676647186, 28.8507938385, 29.2339229584, 29.6170520782, 30.0001811981, 30.383310318, 30.7664394379, 31.1379585266, 31.5094776154, 31.8809967041, 32.264125824, 32.6356468201, 33.0187759399, 33.4135131836, 33.8082542419, 34.2029914856, 34.5977325439, 34.9808616638, 35.3872108459, 35.7819480896, 36.1766891479, 36.5714263916, 36.96616745, 37.3609046936, 37.755645752, 38.1503829956, 38.545124054, 38.91664505, 39.2997741699, 39.6829032898, 40.0544204712, 40.4259414673, 40.7974586487, 41.1689796448, 41.5521087646, 41.9352378845, 42.3183670044, 42.7014961243, 43.0962333679, 43.4909744263, 43.8857116699, 44.2804527283, 44.6751937866, 45.0699310303, 45.4646720886, 45.8478012085, 46.2309303284, 46.625667572, 47.0204086304, 47.4035377502, 47.7866668701, 48.1581840515, 48.5180931091, 48.8896141052, 49.2611312866, 49.6442604065, 50.0157814026, 50.3989105225, 50.7820396423, 51.1535606384, 51.5250778198, 51.8965988159, 52.2681159973, 52.6512451172, 53.0343742371, 53.4291152954, 53.8122444153, 54.1837615967, 54.5436706543, 54.9151916504, 55.2867126465, 55.6582298279, 56.0413589478, 56.4244880676, 56.7960090637, 57.1675262451, 57.5274353027, 57.8989562988, 58.2820854187, 58.6536026001, 59.0251235962, 59.4082527161, 59.7913818359, 60.162902832, 60.5460319519, 60.9291610718, 61.3006782532, 61.683807373, 62.0669364929, 62.438457489, 62.7983665466, 63.1582756042, 63.5297966003, 63.9013137817, 64.2728347778, 64.6443557739, 65.0158691406, 65.3990020752, 65.7705230713, 66.1304321289, 66.4903411865, 66.8618545532, 67.2449874878, 67.6165084839, 67.98802948, 68.3595428467, 68.7310638428, 69.1025848389, 69.474105835, 69.8572311401, 70.2403640747, 70.6118774414, 70.995010376, 71.3665313721, 71.7264404297, 72.0979614258, 72.4694747925, 72.8409957886, 73.2125167847, 73.5840377808, 73.9439468384, 74.303855896, 74.6637649536, 75.0236740112, 75.3835830688, 75.7434921265, 76.1034011841, 76.4633102417, 76.8232192993, 77.1715164185, 77.5314254761, 77.9029464722, 78.2628555298, 78.6227645874, 78.9710617065, 79.3309707642, 79.6908798218, 80.0391845703, 80.3874816895, 80.7357788086, 81.0840835571, 81.4323806763, 81.7806777954, 82.1289749146, 82.5004959106, 82.8604049683, 83.2203140259, 83.6034469604, 83.9865722656, 84.3813171387, 84.7528305054, 85.1243515015, 85.4958724976, 85.8673934937, 86.2389068604, 86.6104278564, 86.9587249756, 87.3070297241, 87.6553268433, 88.0036239624, 88.3519287109, 88.7002258301, 89.0485229492, 89.4200439453, 89.7799530029, 90.1398620605, 90.4997711182, 90.8712921143, 91.2544174194, 91.6259384155, 92.0090713501, 92.3921966553, 92.7753295898, 93.158454895, 93.5531921387, 93.9247131348, 94.2962341309, 94.667755127, 95.039276123, 95.3991851807, 95.7590942383, 96.1190032959, 96.4789123535, 96.8504257202, 97.2103347778, 97.5702438354, 97.95337677, 98.3365097046, 98.7080230713, 99.0795440674, 99.4510650635, 99.8225860596, 100.205711365, 100.565620422, 100.937141418, 101.308662415, 101.69178772, 102.063308716, 102.434829712, 102.79473877, 103.166259766, 103.537773132, 103.909294128, 104.280815125, 104.652336121, 105.023849487, 105.406982422, 105.790107727, 106.173240662, 106.544761658, 106.927886963, 107.299407959, 107.694145203, 108.077278137, 108.472015381, 108.855148315, 109.226661682, 109.609794617, 109.992919922, 110.376052856, 110.759178162, 111.130699158, 111.502220154, 111.87374115, 112.245262146, 112.616775513, 112.988296509, 113.348205566, 113.708114624, 114.07963562, 114.451156616, 114.822669983, 115.194190979, 115.554100037, 115.914009094, 116.262313843, 116.610610962, 116.958908081, 117.318817139, 117.678726196, 118.050247192, 118.421768188, 118.804893494, 119.188026428, 119.571151733, 119.954284668, 120.349021912, 120.743759155, 121.138504028, 121.533241272, 121.927978516, 122.31111145, 122.682624817, 123.042533875, 123.414054871, 123.785575867, 124.157096863, 124.540222168, 124.923355103, 125.306480408, 125.678001404, 126.037910461, 126.397819519, 126.757728577, 127.129249573, 127.500770569, 127.872291565, 128.243804932, 128.615325928, 128.975234985, 129.323532104, 129.671829224, 130.031738281, 130.403259277, 130.774780273, 131.123077393, 131.494598389, 131.866119385, 132.237640381, 132.620773315, 132.992294312, 133.352203369, 133.712112427, 134.072021484, 134.431930542, 134.7918396, 135.151748657, 135.511657715, 135.883178711, 136.254684448, 136.626205444, 136.986114502, 137.34602356, 137.705932617, 138.065841675, 138.425750732, 138.78565979, 139.133972168, 139.493881226, 139.853790283, 140.213699341, 140.573608398, 140.933517456, 141.305038452, 141.676544189, 142.048065186, 142.43119812, 142.802719116, 143.174240112, 143.545761108, 143.917282104, 144.265579224, 144.625488281, 144.985397339, 145.345306396, 145.705215454, 146.065124512, 146.425033569, 146.784942627, 147.144851685, 147.504760742, 147.8646698, 148.224578857, 148.584487915, 148.932785034, 149.281082153, 149.640991211, 150.000900269, 150.349197388, 150.720718384, 151.080627441, 151.440536499, 151.788833618, 152.137145996, 152.485443115, 152.833740234, 153.182037354, 153.530334473, 153.878631592, 154.238540649, 154.598449707, 154.969970703, 155.341491699, 155.713012695, 156.084533691, 156.456054688, 156.827575684, 157.210693359, 157.593826294, 157.96534729, 158.325256348, 158.685165405, 159.033462524, 159.393371582, 159.75328064, 160.113189697, 160.461486816, 160.821395874, 161.169708252, 161.518005371, 161.86630249, 162.237823486, 162.609344482, 162.980865479, 163.352371216, 163.712280273, 164.072189331, 164.443710327, 164.815231323, 165.175140381, 165.535049438, 165.906570435, 166.278091431, 166.638000488, 166.997909546, 167.369430542, 167.740951538, 168.100860596, 168.460769653, 168.832290649, 169.203811646, 169.575332642, 169.946838379, 170.329971313, 170.689880371, 171.061401367, 171.421310425, 171.792831421, 172.152740479, 172.524261475, 172.895782471, 173.267303467, 173.638824463, 173.998733521, 174.370239258, 174.753372192, 175.124893188, 175.508026123, 175.891159058, 176.262680054, 176.645797729, 177.017318726, 177.40045166, 177.783584595, 178.155105591, 178.526611328, 178.909744263, 179.292877197, 179.676010132, 180.047531128, 180.419036865, 180.8021698, 181.185302734, 181.55682373, 181.939956665, 182.323074341, 182.706207275, 183.08934021, 183.472473145, 183.843994141, 184.227111816, 184.598632812, 184.970153809, 185.341674805, 185.713195801, 186.084716797, 186.456237793, 186.827758789, 187.199264526, 187.570785522, 187.942306519, 188.302215576, 188.662124634, 189.010421753, 189.370330811, 189.730239868, 190.101760864, 190.461669922, 190.821578979, 191.169876099, 191.518188477, 191.866485596, 192.214782715, 192.563079834, 192.922988892, 193.282897949, 193.642807007, 194.002716064, 194.351013184, 194.699310303, 195.047622681, 195.3959198, 195.744216919, 196.104125977, 196.464035034, 196.812332153, 197.160629272, 197.508926392, 197.857223511, 198.205535889, 198.565444946, 198.925354004, 199.285263062, 199.645172119, 199.9818573, 200.31854248, 200.6668396, 201.015136719, 201.363449097, 201.711746216, 202.060043335, 202.408340454, 202.756637573, 203.104934692, 203.453231812, 203.813140869, 204.173049927, 204.532974243, 204.892883301, 205.24118042, 205.589477539, 205.92616272, 206.286071777, 206.634368896, 206.994277954, 207.354187012, 207.702484131, 208.050796509, 208.399093628, 208.759002686, 209.118911743, 209.478820801, 209.82711792, 210.187026978, 210.535324097, 210.883621216, 211.231918335, 211.580215454, 211.928527832, 212.276824951, 212.62512207, 212.973419189, 213.321716309, 213.64680481, 213.98348999, 214.331787109, 214.680084229, 215.016769409, 215.365081787, 215.713378906, 216.061676025, 216.421585083, 216.781494141, 217.141403198, 217.501312256, 217.861221313, 218.221130371, 218.56942749, 218.917724609, 219.277633667, 219.637542725, 219.985839844, 220.322540283, 220.659225464, 221.007522583, 221.355819702, 221.71572876, 222.075637817, 222.423934937, 222.772247314, 223.108932495, 223.445617676, 223.782302856, 224.130615234, 224.467300415, 224.803985596, 225.152282715, 225.500579834, 225.837280273, 226.185577393, 226.54548645, 226.905395508, 227.253692627, 227.590377808, 227.927078247, 228.252151489, 228.58883667, 228.925521851, 229.26222229, 229.598907471, 229.923980713, 230.249069214, 230.574142456, 230.899230957, 231.235916138, 231.56098938, 231.897689819, 232.234375, 232.571060181, 232.907745361, 233.244445801, 233.569519043, 233.906204224, 234.231292725, 234.556365967, 234.893051147, 235.241363525, 235.589660645, 235.937957764, 236.274642944, 236.611328125, 236.948028564, 237.273101807, 237.609786987, 237.958084106, 238.317993164, 238.677902222, 239.049423218, 239.409332275, 239.769241333, 240.129150391, 240.489059448, 240.848968506, 241.197280884, 241.533966064, 241.882263184, 242.230560303, 242.578857422, 242.927154541, 243.275466919, 243.623764038, 243.972061157, 244.320358276, 244.668655396, 245.005340576, 245.342041016, 245.690338135, 246.038635254, 246.386932373, 246.723617554, 247.060317993, 247.385391235, 247.710464478, 248.035552979, 248.360626221, 248.70892334, 249.057235718, 249.405532837, 249.777053833, 250.160171509, 250.543304443, 250.903213501, 251.263122559, 251.623031616, 251.971328735, 252.331237793, 252.679534912, 253.02784729, 253.376144409, 253.724441528, 254.072738647, 254.421035767, 254.769332886, 255.117630005, 255.454330444, 255.953552246, 256.464385986, 256.963623047, 257.532501221, 258.113006592, 258.635467529, 259.157897949, 259.691955566, 260.202819824, 260.713653564, 261.212860107, 261.712097168, 262.222930908, 262.733795166, 263.244628906, 263.755462646, 264.266296387, 264.777130127, 265.287963867, 265.798828125, 266.298034668, 266.797271729, 267.296508789, 267.784118652, 268.271728516, 268.759368896, 269.24697876, 269.734588623, 270.233825684, 270.721435547, 271.209075928, 271.696685791, 272.195922852, 272.695129395, 273.182769775, 273.681976318, 274.181213379, 274.668823242, 275.1796875, 275.70211792, 276.224578857, 276.723815918, 277.211425781, 277.710662842, 278.221496582, 278.732330322, 279.231567383, 279.684356689, 280.137145996, 280.589935303, 281.007873535, 281.425842285, 281.843811035, 282.261749268, 282.702941895, 283.132507324, 283.562072754, 283.980041504, 284.398010254, 284.815948486, 285.233917236, 285.651885986, 286.069824219, 286.487792969, 286.905761719, 287.323699951, 287.741668701, 288.159637451, 288.577606201, 288.995544434, 289.413513184, 289.831481934, 290.249420166, 290.667388916, 291.085357666, 291.503295898, 291.932861328, 292.362457275, 292.803619385, 293.244812012, 293.674377441, 294.103942871, 294.54510498, 294.974700928, 295.404266357, 295.857055664, 296.32144165, 296.774230957, 297.215423584, 297.656585693, 298.109375, 298.562164307, 299.014953613, 299.46774292, 299.908935547, 300.280456543, 300.640350342, 301.000274658, 301.371795654, 301.812957764, 302.254150391, 302.6953125, 303.136505127, 303.589294434, 304.04208374, 304.494873047, 304.947662354, 305.40045166, 305.853240967, 306.306030273, 306.75881958, 307.223205566, 307.68762207, 308.152008057, 308.616424561, 309.080810547, 309.56842041, 310.056060791, 310.543670654, 311.066131592, 311.588562012, 312.111022949, 312.633453369, 313.155914307, 313.678375244, 314.200805664, 314.723266602, 315.210876465, 315.698486328, 316.186126709, 316.673736572, 317.172973633, 317.672180176, 318.171417236, 318.670654297, 319.169891357, 319.703948975, 320.238006592, 320.772064209, 321.340942383, 321.898223877, 322.467102051, 323.024383545, 323.581665039, 324.104125977, 324.626556396, 325.149017334, 325.671478271, 326.193908691, 326.716369629, 327.215606689, 327.72644043, 328.23727417, 328.74810791, 329.25894165, 329.769775391, 330.361907959, 330.95401001, 331.580932617, 332.219482422, 332.858032227, 333.496582031, 334.135131836, 334.773681641, 335.412231445, 336.05078125], "beats_loudness": {"dmean2": 0.0858082324266, "median": 0.087234608829, "min": 0.0016902955249, "dvar2": 0.00555406464264, "dvar": 0.00190189282876, "dmean": 0.0479151830077, "max": 0.318266987801, "var": 0.0030740222428, "mean": 0.0972044765949}, "danceability": 1.28922057152, "bpm_histogram_second_peak_weight": {"dmean2": 0, "median": 0.202576100826, "min": 0.202576100826, "dvar2": 0, "dvar": 0, "dmean": 0, "max": 0.202576100826, "var": 0, "mean": 0.202576100826}, "beats_count": 855, "bpm_histogram_second_peak_bpm": {"dmean2": 0, "median": 161, "min": 161, "dvar2": 0, "dvar": 0, "dmean": 0, "max": 161, "var": 0, "mean": 161}, "bpm_histogram_first_peak_spread": {"dmean2": 0, "median": 0, "min": 0, "dvar2": 0, "dvar": 0, "dmean": 0, "max": 0, "var": 0, "mean": 0}, "beats_loudness_band_ratio": {"dmean2": [0.386895418167, 0.131978690624, 0.078336648643, 0.102406740189, 0.0606846809387, 0.182085305452], "median": [0.582401573658, 0.0438957177103, 0.0322255119681, 0.0636063292623, 0.0456827916205, 0.15423463285], "min": [0.000382576778065, 0.00342984893359, 0.00236945459619, 0.00335512659512, 0.00129168981221, 0.0203383732587], "dvar2": [0.0991270542145, 0.0262194406241, 0.00884168222547, 0.00830812007189, 0.0031556263566, 0.0281277038157], "dvar": [0.0328689403832, 0.00955406296998, 0.0032750966493, 0.00298720225692, 0.00105234002694, 0.0092415753752], "dmean": [0.215275138617, 0.0752803683281, 0.0445982739329, 0.0576820001006, 0.0343223847449, 0.102091453969], "max": [0.953050851822, 0.633240938187, 0.471194654703, 0.550840914249, 0.222013294697, 0.865566670895], "var": [0.0785508602858, 0.0106521463022, 0.00435416633263, 0.00452697323635, 0.00157104420941, 0.0221669953316], "mean": [0.527153909206, 0.0859405398369, 0.0574377477169, 0.0851186215878, 0.0566340051591, 0.203756332397]}}, "lowlevel": {"barkbands_spread": {"dmean2": 20.0992298126, "median": 52.8361282349, "min": 2.13031387329, "dvar2": 292.564056396, "dvar": 148.656692505, "dmean": 13.4725236893, "max": 113.930480957, "var": 481.417663574, "mean": 51.5968780518}, "melbands_spread": {"dmean2": 13.4073810577, "median": 25.1627559662, "min": 0.709500730038, "dvar2": 141.407165527, "dvar": 74.8027114868, "dmean": 8.94649505615, "max": 148.353759766, "var": 236.632858276, "mean": 26.4845962524}, "hfc": {"dmean2": 92.5599441528, "median": 262.672515869, "min": 0.776320159435, "dvar2": 15973.0244141, "dvar": 6310.67822266, "dmean": 57.0899047852, "max": 3446.79077148, "var": 26330.9746094, "mean": 285.869842529}, "barkbands_kurtosis": {"dmean2": 6.47996044159, "median": 0.801666736603, "min": -1.77790915966, "dvar2": 137.942306519, "dvar": 57.6927261353, "dmean": 4.05560874939, "max": 166.485855103, "var": 60.4597969055, "mean": 3.48698449135}, "gfcc": {"mean": [35.2838401794, 87.9578475952, -108.384933472, -14.393693924, 0.842588186264, -18.1342639923, 1.26759552956, -24.424654007, 6.03483057022, -8.33830547333, 2.10686135292, 0.839226365089, -0.752763152122], "icov": [[0.000906484609004, -0.000511539867148, 0.00186556496192, -0.00226153060794, 0.00056469097035, -0.00100347131956, 0.00137713318691, -0.000890838622581, -4.20880714955e-05, -0.000457068003016, 0.000880532432348, -0.00127434940077, 0.000364693143638], [-0.000511539867148, 0.00526637909934, -0.00561133213341, 0.00460615614429, -0.0039343778044, 0.00268493243493, -0.00367733230814, 0.00116287008859, -0.00113247486297, 0.0047292150557, -0.00569610390812, 0.00451653590426, -0.00226424378343], [0.00186556496192, -0.00561133213341, 0.0185825824738, -0.0113724516705, 0.00544383283705, -0.00720981834456, 0.00907455198467, -0.00465469015762, 0.0032999117393, -0.00780232762918, 0.00727692199871, -0.00445596454665, 0.0011952619534], [-0.00226153060794, 0.00460615614429, -0.0113724516705, 0.0140720829368, -0.00707338331267, 0.0052398359403, -0.00867621321231, 0.00263315043412, 0.00223632552661, -0.000914855743758, 0.000286851980491, -0.00174896593671, 0.00243462389335], [0.00056469097035, -0.0039343778044, 0.00544383283705, -0.00707338331267, 0.0107314828783, -0.00604530470446, 0.00191183097195, 0.00184645678382, -0.0057558408007, 0.00487350160256, -0.00432338286191, 0.00611538812518, -0.00574187329039], [-0.00100347131956, 0.00268493243493, -0.00720981834456, 0.0052398359403, -0.00604530470446, 0.0103185279295, -0.00246901880018, -0.00449151964858, 0.00186790991575, -0.00012849450286, 0.00320658553392, -0.00459323823452, 0.00253587635234], [0.00137713318691, -0.00367733230814, 0.00907455198467, -0.00867621321231, 0.00191183097195, -0.00246901880018, 0.0121313193813, -0.00307833100669, 0.000389824912418, -0.00431734416634, 0.00714848190546, -0.00531228538603, 0.00238616322167], [-0.000890838622581, 0.00116287008859, -0.00465469015762, 0.00263315043412, 0.00184645678382, -0.00449151964858, -0.00307833100669, 0.0154738510028, -0.00553819537163, 0.00349649041891, -0.0091856289655, 0.0114859351888, -0.00702854711562], [-4.20880714955e-05, -0.00113247486297, 0.0032999117393, 0.00223632552661, -0.0057558408007, 0.00186790991575, 0.000389824912418, -0.00553819537163, 0.0178895927966, -0.0142123475671, 0.00853894185275, -0.0132575966418, 0.00933569390327], [-0.000457068003016, 0.0047292150557, -0.00780232762918, -0.000914855743758, 0.00487350160256, -0.00012849450286, -0.00431734416634, 0.00349649041891, -0.0142123475671, 0.0346385128796, -0.0241730567068, 0.0144868260249, -0.00934354960918], [0.000880532432348, -0.00569610390812, 0.00727692199871, 0.000286851980491, -0.00432338286191, 0.00320658553392, 0.00714848190546, -0.0091856289655, 0.00853894185275, -0.0241730567068, 0.0436029136181, -0.0273430794477, 0.00759697146714], [-0.00127434940077, 0.00451653590426, -0.00445596454665, -0.00174896593671, 0.00611538812518, -0.00459323823452, -0.00531228538603, 0.0114859351888, -0.0132575966418, 0.0144868260249, -0.0273430794477, 0.0407773330808, -0.0175717398524], [0.000364693143638, -0.00226424378343, 0.0011952619534, 0.00243462389335, -0.00574187329039, 0.00253587635234, 0.00238616322167, -0.00702854711562, 0.00933569390327, -0.00934354960918, 0.00759697146714, -0.0175717398524, 0.025982318446]], "cov": [[3216.61083984, -481.879974365, 182.260864258, 917.990356445, 232.584701538, 416.820281982, 230.044235229, 111.950782776, 166.358840942, 122.639450073, -11.4241065979, 213.907836914, -29.3372974396], [-481.879974365, 748.351745605, -13.7182998657, -236.379989624, 273.523529053, -23.8216094971, -16.998336792, 48.9288635254, 7.33091497421, -71.7253341675, 53.7212905884, -70.785697937, 80.3212661743], [182.260864258, -13.7182998657, 219.246368408, 142.324066162, 12.8601713181, 141.416473389, -23.507352829, 66.4160003662, -14.2318935394, 33.1948242188, -6.83476066589, 12.6352586746, 9.58355236053], [917.990356445, -236.379989624, 142.324066162, 570.619628906, 128.827102661, 127.021133423, 206.933303833, -10.4737787247, 43.86353302, 53.5483322144, -33.7614021301, 78.1521606445, -33.0443840027], [232.584701538, 273.523529053, 12.8601713181, 128.827102661, 396.683502197, 138.71131897, 87.7927017212, 49.1152458191, 79.7430038452, -17.6060447693, 23.5650157928, 7.30985021591, 50.3274002075], [416.820281982, -23.8216094971, 141.416473389, 127.021133423, 138.71131897, 320.5362854, 22.5684394836, 119.64956665, 37.0310630798, 21.5874137878, -2.78217291832, 32.4721794128, 20.5611495972], [230.044235229, -16.998336792, -23.507352829, 206.933303833, 87.7927017212, 22.5684394836, 234.278717041, -12.8738508224, 42.7456626892, 10.7759590149, -20.2839927673, 27.7970676422, -17.5724945068], [111.950782776, 48.9288635254, 66.4160003662, -10.4737787247, 49.1152458191, 119.64956665, -12.8738508224, 151.98197937, 35.355178833, 26.9644927979, 25.0023212433, -1.57388794422, 30.708732605], [166.358840942, 7.33091497421, -14.2318935394, 43.86353302, 79.7430038452, 37.0310630798, 42.7456626892, 35.355178833, 145.288665771, 56.2673988342, 35.6841087341, 44.7149543762, 2.33270907402], [122.639450073, -71.7253341675, 33.1948242188, 53.5483322144, -17.6060447693, 21.5874137878, 10.7759590149, 26.9644927979, 56.2673988342, 91.2024459839, 42.9316864014, 35.4947090149, 9.82243728638], [-11.4241065979, 53.7212905884, -6.83476066589, -33.7614021301, 23.5650157928, -2.78217291832, -20.2839927673, 25.0023212433, 35.6841087341, 42.9316864014, 79.6595077515, 40.2002029419, 28.938079834], [213.907836914, -70.785697937, 12.6352586746, 78.1521606445, 7.30985021591, 32.4721794128, 27.7970676422, -1.57388794422, 44.7149543762, 35.4947090149, 40.2002029419, 89.6055603027, 23.935628891], [-29.3372974396, 80.3212661743, 9.58355236053, -33.0443840027, 50.3274002075, 20.5611495972, -17.5724945068, 30.708732605, 2.33270907402, 9.82243728638, 28.938079834, 23.935628891, 78.011177063]]}, "spectral_energyband_middle_low": {"dmean2": 0.00834579207003, "median": 0.00776952225715, "min": 8.4931807578e-06, "dvar2": 0.000162795127835, "dvar": 6.59607612761e-05, "dmean": 0.0052279937081, "max": 0.156419798732, "var": 0.000132568457047, "mean": 0.0113100111485}, "melbands_crest": {"dmean2": 8.94757652283, "median": 15.6251411438, "min": 2.94570374489, "dvar2": 49.9353561401, "dvar": 27.6350822449, "dmean": 5.8540802002, "max": 38.140411377, "var": 73.5006713867, "mean": 17.4847126007}, "spectral_kurtosis": {"dmean2": 7.98633956909, "median": 23.1898097992, "min": 5.51908397675, "dvar2": 80.9231796265, "dvar": 32.9618492126, "dmean": 5.15879631042, "max": 87.0875015259, "var": 156.217376709, "mean": 26.4393615723}, "spectral_rms": {"dmean2": 0.00241031707264, "median": 0.00713552208617, "min": 0.000224737028475, "dvar2": 8.47069532028e-06, "dvar": 4.33370541941e-06, "dmean": 0.00172467646189, "max": 0.0211513899267, "var": 1.042594522e-05, "mean": 0.00767094735056}, "zerocrossingrate": {"dmean2": 0.0596995986998, "median": 0.32275390625, "min": 0.04345703125, "dvar2": 0.00236161937937, "dvar": 0.00198397412896, "dmean": 0.0535529255867, "max": 0.75, "var": 0.0142973847687, "mean": 0.324450284243}, "silence_rate_60dB": {"dmean2": 0.00972749199718, "median": 0, "min": 0, "dvar2": 0.0110131436959, "dvar": 0.00487371906638, "dmean": 0.00489790271968, "max": 1, "var": 0.0124646136537, "mean": 0.0126233017072}, "erbbands_kurtosis": {"dmean2": 1.40760314465, "median": 0.613281965256, "min": -1.78700661659, "dvar2": 3.97561478615, "dvar": 1.36462783813, "dmean": 0.850833773613, "max": 62.9569549561, "var": 2.59763932228, "mean": 0.808657109737}, "erbbands": {"dmean2": [2.29649186134, 3.62904596329, 3.73017144203, 5.36169528961, 6.45229911804, 10.8674268723, 20.0964756012, 39.3475990295, 25.4230251312, 14.5829658508, 18.093585968, 34.4361305237, 43.2856941223, 38.9010734558, 60.680683136, 69.2978973389, 50.926574707, 55.5547599792, 63.8770751953, 40.2780265808, 40.0913162231, 20.4400539398, 16.5387535095, 12.8116483688, 9.04150867462, 7.18963098526, 4.92357635498, 6.19287395477, 3.11085629463, 1.47500610352, 0.856361210346, 0.59082120657, 0.358744263649, 0.0645162090659, 0.0344351455569, 0.0549135394394, 0.0594533123076, 0.0393424145877, 0.0266358982772, 0.0343587584794], "median": [0.344627946615, 0.987086176872, 1.40246295929, 1.87303614616, 2.35902142525, 4.08671855927, 6.38770771027, 13.5483636856, 11.3155870438, 7.40288877487, 10.034157753, 14.9442901611, 17.6907215118, 20.2679042816, 44.3786697388, 60.1440658569, 44.7230758667, 56.6665611267, 69.8421096802, 50.1196174622, 46.7198944092, 24.9784049988, 17.0961856842, 10.7234210968, 7.25505495071, 4.77043485641, 2.97569537163, 3.07137012482, 1.5867202282, 0.749068498611, 0.372846215963, 0.163104444742, 0.0508799105883, 0.0197781194001, 0.0108745712787, 0.0131084155291, 0.0234898775816, 0.0379280336201, 0.0599675290287, 0.0960015431046], "min": [1.51786775859e-06, 1.1870552953e-05, 0.000130141168484, 0.000411185465055, 0.000567023060285, 0.0025228485465, 0.00837035570294, 0.0208307094872, 0.0154610937461, 0.0241506397724, 0.0311743579805, 0.0310301426798, 0.0400323867798, 0.0999446883798, 0.079910799861, 0.0205985773355, 0.0499177537858, 0.0310679357499, 0.0169231928885, 0.00280753569677, 0.00270786928013, 0.00576355587691, 0.00514302495867, 0.00211080000736, 0.00156029686332, 0.00122467428446, 0.00138077384327, 0.000981705845334, 0.000930758717004, 0.000490126665682, 0.000406467763241, 0.000168490107171, 2.07724915526e-05, 1.33820858537e-05, 2.68583380603e-06, 1.481633808e-05, 5.22475747857e-05, 1.98525849555e-05, 2.01477796509e-05, 8.84432156454e-05], "dvar2": [16.5156936646, 33.0277366638, 37.8018379211, 122.554489136, 359.107299805, 892.450134277, 2428.46508789, 8339.86230469, 3783.93725586, 767.894104004, 1084.22998047, 3369.59790039, 4539.46972656, 6462.38037109, 6568.67675781, 6876.19628906, 4810.29785156, 4152.58935547, 4685.28515625, 1967.61132812, 2058.40527344, 578.641113281, 617.758544922, 487.585540771, 438.536743164, 487.799865723, 275.808959961, 473.925994873, 129.431762695, 18.3721752167, 4.79572057724, 2.38234090805, 1.42094099522, 0.0111112343147, 0.00252305599861, 0.025418067351, 0.0248099975288, 0.00808743108064, 0.00228988658637, 0.00128326693084], "dvar": [7.09669351578, 13.5869159698, 13.9323539734, 47.7890853882, 138.575897217, 350.278717041, 955.676757812, 3332.40673828, 1735.92480469, 305.75390625, 411.818328857, 1235.46386719, 1689.15551758, 2532.55761719, 2480.95361328, 2544.05761719, 1742.13781738, 1472.54858398, 1659.07910156, 703.164916992, 727.195251465, 212.753479004, 234.553985596, 191.435592651, 196.322906494, 243.738555908, 167.232666016, 260.117767334, 68.7665100098, 9.62482261658, 2.23675465584, 1.17377114296, 0.690667331219, 0.00472152978182, 0.000960397068411, 0.0122606260702, 0.0127525338903, 0.00459386594594, 0.00143339915667, 0.00046651167213], "dmean": [1.44936048985, 2.23316812515, 2.18133831024, 3.17995905876, 3.82970118523, 6.59872531891, 12.3042373657, 24.4662456512, 15.7991065979, 8.80142593384, 10.7741394043, 19.9377651215, 25.1624794006, 23.2383117676, 35.7954139709, 40.6126594543, 29.6843528748, 32.3331260681, 37.334526062, 23.7177333832, 23.3674621582, 12.1133832932, 9.93424797058, 7.9116897583, 5.81384944916, 4.80246925354, 3.52010083199, 4.35504627228, 2.17802548409, 1.00883054733, 0.577873110771, 0.394478678703, 0.236952990294, 0.0396411903203, 0.0206836704165, 0.0359083525836, 0.0411216840148, 0.0286586470902, 0.0191133599728, 0.0208234805614], "max": [20.3042678833, 38.0466766357, 59.7144699097, 177.890884399, 411.111846924, 696.209106445, 781.39239502, 1442.74182129, 1856.34326172, 490.915161133, 461.701538086, 1256.08483887, 691.386535645, 1876.76867676, 1184.08996582, 960.085876465, 738.134887695, 517.445678711, 641.229492188, 462.850494385, 474.373138428, 335.509277344, 419.110687256, 356.564147949, 618.253112793, 727.129333496, 452.958190918, 504.212127686, 303.984283447, 104.75629425, 47.5568237305, 24.591217041, 21.0625, 1.35432624817, 0.487750470638, 3.25995230675, 3.23714852333, 1.62214815617, 1.77700388432, 0.389741271734], "var": [7.17701530457, 14.3814249039, 14.7390041351, 61.9708442688, 143.132659912, 479.894378662, 1358.09765625, 6040.67822266, 5211.765625, 568.551269531, 590.236877441, 1492.24707031, 2053.94702148, 4265.33154297, 3909.4152832, 4317.49755859, 2504.71411133, 2389.77124023, 3434.3671875, 1664.73266602, 1564.61401367, 517.591674805, 518.65814209, 442.984375, 423.423156738, 586.258544922, 456.358886719, 629.059997559, 144.419036865, 19.365978241, 4.0432639122, 1.99955928326, 0.971206009388, 0.0061414167285, 0.00102747546043, 0.0179287735373, 0.0248350761831, 0.0147943347692, 0.00897533819079, 0.00353631656617], "mean": [1.38878452778, 2.42727780342, 2.62134432793, 4.04600572586, 4.96916532516, 9.43000888824, 17.4684295654, 37.2448425293, 27.3351898193, 14.2020301819, 16.9327201843, 26.9370574951, 33.0511703491, 36.7966270447, 60.762878418, 76.031539917, 56.1049537659, 65.5901947021, 80.3819274902, 56.9580993652, 53.3425140381, 29.1506977081, 22.0900707245, 17.1724891663, 12.3678712845, 9.88999557495, 7.30973339081, 8.27305793762, 4.10510921478, 1.9121004343, 1.01809489727, 0.611501395702, 0.299663364887, 0.0455062650144, 0.0223953872919, 0.0476170070469, 0.0730151683092, 0.0756546631455, 0.0813402310014, 0.101542294025]}, "spectral_strongpeak": {"dmean2": 9.99643707275, "median": 0.35606393218, "min": 0, "dvar2": 743.926513672, "dvar": 283.446868896, "dmean": 5.49763584137, "max": 248.71913147, "var": 294.614898682, "mean": 4.9451751709}, "spectral_energy": {"dmean2": 0.0523187667131, "median": 0.0521885715425, "min": 5.17694024893e-05, "dvar2": 0.0061300508678, "dvar": 0.0028001202736, "dmean": 0.0353635773063, "max": 0.458565831184, "var": 0.00399554148316, "mean": 0.0710012689233}, "average_loudness": 0.933348238468, "spectral_rolloff": {"dmean2": 7652.07421875, "median": 20542.6757812, "min": 43.06640625, "dvar2": 96845440, "dvar": 52331048, "dmean": 4111.54150391, "max": 21963.8671875, "var": 71939376, "mean": 15996.4580078}, "spectral_centroid": {"dmean2": 308.936553955, "median": 1355.91564941, "min": 269.501739502, "dvar2": 85440.7890625, "dvar": 45208.8945312, "dmean": 202.486312866, "max": 4348.55224609, "var": 253834.328125, "mean": 1397.73205566}, "pitch_salience": {"dmean2": 0.155044794083, "median": 0.598073244095, "min": 0.0555750057101, "dvar2": 0.0189361628145, "dvar": 0.00988020002842, "dmean": 0.103887729347, "max": 0.885174155235, "var": 0.0228614322841, "mean": 0.55940747261}, "spectral_energyband_middle_high": {"dmean2": 0.0047397040762, "median": 0.00974876340479, "min": 7.13467670721e-06, "dvar2": 2.99988641927e-05, "dvar": 1.16634973892e-05, "dmean": 0.00288486247882, "max": 0.0640578642488, "var": 3.57685094059e-05, "mean": 0.0102441133931}, "spectral_contrast_coeffs": {"dmean2": [0.0924086198211, 0.0883960723877, 0.0660444647074, 0.0457293279469, 0.0381504483521, 0.0614721141756], "median": [-0.717075586319, -0.766709685326, -0.808347344398, -0.808001995087, -0.783247470856, -0.713106036186], "min": [-0.927869677544, -0.940901339054, -0.919344127178, -0.904820919037, -0.908620715141, -0.906227707863], "dvar2": [0.00527590652928, 0.00466317590326, 0.00251215114258, 0.00123687554151, 0.000925312517211, 0.00277298409492], "dvar": [0.00199112342671, 0.00168641423807, 0.000871178286616, 0.000427194783697, 0.000340542464983, 0.00113968842197], "dmean": [0.0565336756408, 0.0529280230403, 0.0385178700089, 0.026728503406,