{"tonal": {"thpcp": [1, 0.845398664474, 0.563925981522, 0.527868151665, 0.489998787642, 0.524081528187, 0.661822676659, 0.616476595402, 0.496185809374, 0.472324579954, 0.395747184753, 0.393321245909, 0.471025675535, 0.430053025484, 0.446799874306, 0.620596110821, 0.582982599735, 0.435727387667, 0.417773723602, 0.390739530325, 0.472868472338, 0.61697602272, 0.522148311138, 0.423310190439, 0.512138962746, 0.503913402557, 0.436883449554, 0.460758924484, 0.425150334835, 0.441760778427, 0.589424788952, 0.555303275585, 0.402452200651, 0.356900364161, 0.374162316322, 0.645983397961], "hpcp": {"dmean2": [0.241427406669, 0.244668334723, 0.222727432847, 0.206180945039, 0.1847936064, 0.185280501842, 0.191015422344, 0.181758001447, 0.163650125265, 0.151422128081, 0.147334933281, 0.151427537203, 0.152539134026, 0.153939142823, 0.164840474725, 0.175663173199, 0.188124299049, 0.181405380368, 0.163859978318, 0.166406691074, 0.176818117499, 0.186189413071, 0.184711039066, 0.17582462728, 0.187508776784, 0.191644862294, 0.180071771145, 0.166890755296, 0.16284878552, 0.1706828475, 0.189369976521, 0.186443686485, 0.172967299819, 0.167778223753, 0.171216219664, 0.229004189372], "median": [0.0410419888794, 0.039578653872, 0.0222541745752, 0.0134140392765, 0.0121479360387, 0.0172352474183, 0.0197714269161, 0.0180524084717, 0.0150391431525, 0.0122151765972, 0.0104500791058, 0.0120329372585, 0.0131538091227, 0.0117843160406, 0.0122104482725, 0.0150955542922, 0.0149140525609, 0.010992298834, 0.00730201369151, 0.00746812717989, 0.013305968605, 0.0201056040823, 0.0201111324131, 0.0163292884827, 0.014445066452, 0.0144137945026, 0.0162732824683, 0.0144629506394, 0.013035107404, 0.0141671476886, 0.0177947860211, 0.0171262118965, 0.0135808279738, 0.00947560556233, 0.011252367869, 0.0268532130867], "min": [1.74630440597e-06, 0, 7.67031679061e-07, 2.59618354903e-06, 1.39346684591e-06, 2.595888418e-06, 1.22665812796e-06, 2.27688860832e-06, 1.27034368802e-07, 0, 1.01416753751e-06, 1.03335742097e-06, 1.44903162891e-06, 0, 2.16891294258e-06, 1.70838814029e-06, 3.76319945872e-07, 1.41452414937e-06, 1.18189682041e-07, 2.52973813986e-06, 1.01632330995e-07, 2.08776828003e-06, 1.69114343862e-06, 1.42102612699e-06, 2.20340371015e-06, 1.34640163196e-06, 2.84514044324e-06, 1.28882902573e-06, 0, 3.12929728352e-06, 2.03269678423e-06, 1.4236742345e-06, 4.4421790335e-06, 0, 0, 8.49572188599e-07], "dvar2": [0.128642246127, 0.126088410616, 0.125995248556, 0.123419307172, 0.104993209243, 0.101682566106, 0.109012715518, 0.107922546566, 0.0884938016534, 0.0853076130152, 0.0842467546463, 0.0897807478905, 0.0872817412019, 0.0904437378049, 0.0920538008213, 0.103071905673, 0.110063821077, 0.118765406311, 0.101344786584, 0.103103250265, 0.1048790887, 0.10625449568, 0.111323386431, 0.100818127394, 0.112734496593, 0.116897337139, 0.102712132037, 0.091226413846, 0.0954126194119, 0.101095095277, 0.112841710448, 0.105591088533, 0.103003576398, 0.105441093445, 0.0997579693794, 0.125591382384], "dvar": [0.0495934523642, 0.046778023243, 0.0458541885018, 0.0452890843153, 0.0383614674211, 0.0371828302741, 0.0401548631489, 0.0393211469054, 0.0344571433961, 0.032056286931, 0.0306232571602, 0.0327420197427, 0.0320714525878, 0.0336930677295, 0.0332959666848, 0.0391814932227, 0.0396082252264, 0.0409984774888, 0.0361670069396, 0.0373892784119, 0.0373066067696, 0.039485860616, 0.0397722609341, 0.0347266457975, 0.0400441363454, 0.0428526364267, 0.0377289131284, 0.0341698043048, 0.0349619910121, 0.0364688821137, 0.0419006496668, 0.0404356457293, 0.0374852754176, 0.0378179587424, 0.0358946211636, 0.0455915108323], "dmean": [0.139520391822, 0.141359269619, 0.126046642661, 0.115107141435, 0.104797996581, 0.105613857508, 0.109943032265, 0.105505943298, 0.0935218781233, 0.0861129537225, 0.0827251076698, 0.0859119668603, 0.0869746208191, 0.0868155583739, 0.0933587178588, 0.101422585547, 0.106566622853, 0.0993959531188, 0.0913148000836, 0.0914178341627, 0.0989764779806, 0.10673250258, 0.104396790266, 0.0980246812105, 0.104530461133, 0.107858136296, 0.102196112275, 0.094559520483, 0.0921151489019, 0.0965132266283, 0.107784368098, 0.106663912535, 0.0976605936885, 0.0927182585001, 0.0952684208751, 0.130200579762], "max": [1, 1, 1, 1, 1, 1, 1, 1, 1, 1, 1, 1, 1, 1, 1, 1, 1, 1, 1, 1, 1, 1, 1, 1, 1, 1, 1, 1, 1, 1, 1, 1, 1, 1, 1, 1], "var": [0.11142577976, 0.0812752619386, 0.0535749569535, 0.0557988062501, 0.050346519798, 0.0494592152536, 0.073139809072, 0.0652212128043, 0.0508801713586, 0.0508256144822, 0.038657028228, 0.0378016009927, 0.0514784939587, 0.045498393476, 0.0415798053145, 0.0730325430632, 0.0614709109068, 0.0441852398217, 0.0451008081436, 0.041254401207, 0.0473009347916, 0.0661308169365, 0.050736092031, 0.0360724441707, 0.0562617667019, 0.0537547208369, 0.0396376997232, 0.045145586133, 0.040417432785, 0.0410311967134, 0.065645635128, 0.0569997355342, 0.0381530933082, 0.0344691239297, 0.0341659709811, 0.0595646053553], "mean": [0.223876103759, 0.189264565706, 0.126249551773, 0.118177071214, 0.1096990183, 0.117329329252, 0.148166283965, 0.138014376163, 0.111084148288, 0.105742186308, 0.0885983407497, 0.0880552306771, 0.105451390147, 0.0962785929441, 0.100027814507, 0.138936638832, 0.130515873432, 0.0975489467382, 0.0935295522213, 0.0874772444367, 0.105863951147, 0.138126194477, 0.116896525025, 0.09476903826, 0.114655673504, 0.112814173102, 0.097807765007, 0.103152915835, 0.0951810032129, 0.0988996848464, 0.131958127022, 0.124319136143, 0.0900994315743, 0.0799014642835, 0.0837659984827, 0.144620239735]}, "tuning_equal_tempered_deviation": 0.0967229306698, "chords_changes_rate": 0.0764391347766, "key_key": "D", "tuning_diatonic_strength": 0.490314692259, "key_scale": "minor", "chords_number_rate": 0.00629128655419, "tuning_frequency": 437.213165283, "tuning_nontempered_energy_ratio": 0.82216334343, "chords_histogram": [8.90217018127, 6.88895893097, 4.12079286575, 4.81283426285, 7.70682621002, 6.85750246048, 8.1472158432, 9.43692970276, 2.98836112022, 9.43692970276, 0.660585105419, 2.10758090019, 0.28310790658, 2.70525312424, 0.408933639526, 1.50990879536, 3.42875123024, 1.00660586357, 2.98836112022, 0, 3.42875123024, 1.10097515583, 6.48002529144, 4.59263896942], "key_strength": 0.60088133812, "chords_key": "D", "chords_strength": {"dmean2": 0.0133244022727, "median": 0.528949975967, "min": 0.225532338023, "dvar2": 0.000144445642945, "dvar": 0.000116768540465, "dmean": 0.0132955983281, "max": 0.807947278023, "var": 0.0121276751161, "mean": 0.532244443893}, "chords_scale": "major", "hpcp_entropy": {"dmean2": 1.1813993454, "median": 1.83645546436, "min": 0.0353884994984, "dvar2": 0.911089539528, "dvar": 0.330745130777, "dmean": 0.696326732635, "max": 4.29641342163, "var": 0.591045022011, "mean": 1.81130850315}}, "metadata": {"audio_properties": {"equal_loudness": 0, "codec": "flac", "downmix": "mix", "sample_rate": 44100, "analysis_sample_rate": 44100, "bit_rate": 0, "md5_encoded": "40af92eea49dd2a3cb47397a74443ccd", "length": 147.57333374, "replay_gain": -0.321990966797, "lossless": true}, "version": {"essentia_build_sha": "70f2e5ece6736b2c40cc944ad0e695b16b925413", "essentia": "2.1-beta2", "extractor": "music 1.0", "essentia_git_sha": "v2.1_beta2"}, "tags": {"title": ["Orlando Furioso: Act I, Scene VIII. Recitativo (Orlando, Angelica, Medoro)"], "language": ["ita"], "media": ["CD"], "albumartist": ["Antonio Vivaldi; Ensemble Matheus, Jean-Christophe Spinosi"], "tracktotal": ["27"], "albumartistsort": ["Vivaldi, Antonio; Matheus, Ensemble, Spinosi, Jean-Christophe"], "performer": ["Ensemble Matheus (orchestra)"], "releasetype": ["album"], "musicbrainz_recordingid": ["15f34388-27b3-428b-9e30-ed874e586984"], "composer": ["Antonio Vivaldi"], "musicbrainz_releasegroupid": ["bc0a037f-d0e1-455b-9304-2b2f397b24d0"], "musicbrainz_albumartistid": ["ad79836d-9849-44df-8789-180bbc823f3c", "3ca28675-2739-41a6-95e4-f2dd723deac1", "71834a97-d085-468a-bfdb-7ad8064f3d95"], "lyricist": ["Grazio Braccioli"], "producer": ["Jean-Pierre Loisil"], "discnumber": ["1"], "composersort": ["Vivaldi, Antonio"], "catalognumber": ["30393"], "releasecountry": ["FR"], "engineer": ["Pierre-Antoine Signoret"], "originaldate": ["2004"], "work": ["Orlando furioso, RV 728: Act I"], "date": ["2004"], "file_name": "16 - Antonio Vivaldi - Orlando Furioso: Act I, Scene VIII. Recitativo (Orlando, Angelica, Medoro).flac", "musicbrainz_albumid": ["658371e6-829a-41b5-8a05-e177ed431e7d"], "disctotal": ["3"], "acoustid_id": ["04476f53-4339-4a09-94ed-fc8d8cbb0881"], "releasestatus": ["official"], "musicbrainz_artistid": ["ad79836d-9849-44df-8789-180bbc823f3c"], "asin": ["B00061ZKP8"], "musicbrainz_workid": ["1dac2d76-ca58-4c5f-9fba-67fffc72c111"], "musicbrainz_releasetrackid": ["12243103-7764-3675-8cfa-0947012b92de"], "artist": ["Antonio Vivaldi"], "tracknumber": ["16"], "artistsort": ["Vivaldi, Antonio"], "album": ["Orlando Furioso"], "label": ["na\u00efve"], "totaltracks": ["27"], "totaldiscs": ["3"], "script": ["Latn"], "conductor": ["Jean-Christophe Spinosi"]}}, "rhythm": {"bpm_histogram_first_peak_bpm": {"dmean2": 0, "median": 96, "min": 96, "dvar2": 0, "dvar": 0, "dmean": 0, "max": 96, "var": 0, "mean": 96}, "bpm": 95.6888046265, "bpm_histogram_second_peak_spread": {"dmean2": 0, "median": 0.699999988079, "min": 0.699999988079, "dvar2": 0, "dvar": 0, "dmean": 0, "max": 0.699999988079, "var": 0, "mean": 0.699999988079}, "bpm_histogram_first_peak_weight": {"dmean2": 0, "median": 0.100386098027, "min": 0.100386098027, "dvar2": 0, "dvar": 0, "dmean": 0, "max": 0.100386098027, "var": 0, "mean": 0.100386098027}, "onset_rate": 3.65888285637, "beats_position": [0.429569154978, 0.870748281479, 1.31192743778, 1.75310659409, 2.19428563118, 2.62385487556, 3.11147379875, 3.58748292923, 4.06349182129, 4.69043064117, 5.31736946106, 5.94430828094, 6.57124710083, 7.19818592072, 7.8251247406, 8.45206356049, 9.11383247375, 9.77560043335, 10.5302495956, 11.2848978043, 12.0395460129, 12.782585144, 13.5256233215, 14.2570514679, 14.8839902878, 15.5109291077, 16.1494789124, 16.6719264984, 17.2059860229, 17.7516555786, 18.2857131958, 18.8313827515, 19.3886623383, 19.9459400177, 20.5032196045, 21.1301574707, 21.7570972443, 22.3840351105, 23.010974884, 23.6379127502, 24.3112926483, 24.9730606079, 25.6464385986, 26.3198184967, 27.0048065186, 27.6781845093, 28.3515644073, 29.0365524292, 29.7099323273, 30.290430069, 30.8825397491, 31.4165973663, 31.9506568909, 32.4847145081, 33.0187759399, 33.5528335571, 34.0985031128, 34.6441726685, 35.1782302856, 35.7935600281, 36.4088897705, 37.0242156982, 37.7092056274, 38.3941955566, 39.0675735474, 39.7409515381, 40.3330612183, 40.9367790222, 41.5288887024, 42.0745582581, 42.6086158752, 43.1194534302, 43.6302947998, 44.1527442932, 44.6635818481, 45.1744194031, 45.6736488342, 46.1844902039, 46.6953277588, 47.2061653137, 47.7750549316, 48.3207244873, 48.8547821045, 49.4004516602, 49.9461212158, 50.5033988953, 51.0606803894, 51.6063499451, 52.2332878113, 52.8602256775, 53.5336036682, 54.1953735352, 54.8687515259, 55.5421295166, 56.2155075073, 56.8308372498, 57.4461669922, 58.0034446716, 58.5607261658, 59.129611969, 59.6636734009, 60.1977310181, 60.7201805115, 61.1613578796, 61.6025390625, 62.0553283691, 62.5081176758, 62.9609069824, 63.4136962891, 63.8780937195, 64.3424911499, 64.8185043335, 65.2828979492, 65.7472991943, 66.2233123779, 66.6993179321, 67.1637191772, 67.6281204224, 68.0809020996, 68.3943786621, 68.7078475952, 69.0213165283, 69.3463897705, 69.6714706421, 69.9965515137, 70.3216323853, 70.6467132568, 70.9601821899, 71.2852630615, 71.6103363037, 71.9354171753, 72.2604980469, 72.608795166, 72.9454879761, 73.2821731567, 73.6188659668, 73.9671630859, 74.3502960205, 74.7218093872, 75.1049423218, 75.4764633179, 75.8479766846, 76.2194976807, 76.6026306152, 76.9741516113, 77.345664978, 77.7055740356, 78.0654830933, 78.4253921509, 78.85496521, 79.2845306396, 79.7141036987, 80.1436691284, 80.619682312, 81.1072998047, 81.5717010498, 82.0593185425, 82.5469360352, 83.0345535278, 83.5802230835, 84.1258926392, 84.6831741333, 85.298500061, 85.9138336182, 86.5523757935, 87.1909255981, 87.8294754028, 88.479637146, 89.1181869507, 89.7567367554, 90.4068908691, 91.0222167969, 91.6491622925, 92.2761001587, 92.9146499634, 93.5415878296, 94.1917419434, 94.830291748, 95.5268936157, 96.223487854, 96.9084777832, 97.5934677124, 98.2900695801, 98.9866638184, 99.683265686, 100.379859924, 101.08807373, 101.784667969, 102.481269836, 103.13142395, 103.781585693, 104.443351746, 105.116729736, 105.859771729, 106.602806091, 107.322631836, 108.042449951, 108.727432251, 109.424034119, 110.109024048, 110.805618286, 111.53704834, 112.268478394, 112.988296509, 113.696502686, 114.404716492, 115.124534607, 115.844352722, 116.552558899, 117.283988953, 118.027030945, 118.781677246, 119.397003174, 120.02394104, 120.650878906, 121.277824402, 121.881538391, 122.48526001, 123.100585938, 123.704307556, 124.308021545, 124.900131226, 125.480628967, 126.061134338, 126.711288452, 127.361450195, 128, 128.638549805, 129.277099609, 129.915649414, 130.54258728, 131.169525146, 131.808074951, 132.423400879, 133.027114868, 133.630844116, 134.257781982, 134.884719849, 135.476821899, 136.068939209, 136.649429321, 137.206710815, 137.752380371, 138.298049927, 138.855331421, 139.412597656, 139.96987915, 140.503936768, 141.049606323, 141.537231445, 142.036453247, 142.535690308, 143.069747925, 143.592193604, 144.114639282, 144.63710022, 145.159545898, 145.693603516, 146.216049194, 146.738494873], "beats_loudness": {"dmean2": 0.042149130255, "median": 0.00908738467842, "min": 2.48713076871e-05, "dvar2": 0.00400417670608, "dvar": 0.0015417666873, "dmean": 0.0233780257404, "max": 0.305092155933, "var": 0.00131180882454, "mean": 0.0213177576661}, "danceability": 1.04552018642, "bpm_histogram_second_peak_weight": {"dmean2": 0, "median": 0.057915057987, "min": 0.057915057987, "dvar2": 0, "dvar": 0, "dmean": 0, "max": 0.057915057987, "var": 0, "mean": 0.057915057987}, "beats_count": 260, "bpm_histogram_second_peak_bpm": {"dmean2": 0, "median": 112, "min": 112, "dvar2": 0, "dvar": 0, "dmean": 0, "max": 112, "var": 0, "mean": 112}, "bpm_histogram_first_peak_spread": {"dmean2": 0, "median": 0.59375, "min": 0.59375, "dvar2": 0, "dvar": 0, "dmean": 0, "max": 0.59375, "var": 0, "mean": 0.59375}, "beats_loudness_band_ratio": {"dmean2": [0.347172319889, 0.352660059929, 0.469544291496, 0.431129306555, 0.175280839205, 0.100028380752], "median": [0.0388158410788, 0.105744436383, 0.236955016851, 0.0939768776298, 0.0296199489385, 0.00551069434732], "min": [1.15177017506e-05, 1.21141792988e-05, 0.00260769017041, 0.000204735362786, 6.55857584206e-05, 4.53701795777e-05], "dvar2": [0.134515225887, 0.128788813949, 0.144271984696, 0.169928386807, 0.0495732985437, 0.0672295764089], "dvar": [0.0536174289882, 0.048406675458, 0.0531911253929, 0.0672648027539, 0.0185253098607, 0.023350186646], "dmean": [0.197100549936, 0.207920834422, 0.273370176554, 0.242712929845, 0.0982156842947, 0.0528803169727], "max": [0.967356920242, 0.990586638451, 0.984096348286, 0.992289662361, 0.790157437325, 0.927525639534], "var": [0.0621593333781, 0.0646449327469, 0.0781564489007, 0.0747902393341, 0.0170331764966, 0.0133577752858], "mean": [0.169286325574, 0.208517745137, 0.333944767714, 0.22488167882, 0.0828796252608, 0.0328777506948]}}, "lowlevel": {"barkbands_spread": {"dmean2": 6.0685749054, "median": 8.36437225342, "min": 0.0818332955241, "dvar2": 66.9170227051, "dvar": 33.8722915649, "dmean": 4.01502466202, "max": 97.0776443481, "var": 133.266616821, "mean": 11.617565155}, "melbands_spread": {"dmean2": 8.8688583374, "median": 10.5477952957, "min": 0.216165810823, "dvar2": 216.121276855, "dvar": 107.363502502, "dmean": 5.8569560051, "max": 214.607254028, "var": 368.237884521, "mean": 15.3843765259}, "hfc": {"dmean2": 7.5173034668, "median": 3.15643239021, "min": 3.84127160942e-05, "dvar2": 399.584899902, "dvar": 205.157897949, "dmean": 5.2764210701, "max": 424.358459473, "var": 544.456237793, "mean": 10.4239015579}, "barkbands_kurtosis": {"dmean2": 12.2087974548, "median": 3.76760196686, "min": -1.95508635044, "dvar2": 1239.56591797, "dvar": 547.837890625, "dmean": 7.74851560593, "max": 745.930114746, "var": 893.328063965, "mean": 11.0173492432}, "gfcc": {"mean": [-153.799102783, 117.317909241, -133.636367798, 1.0250262022, -65.1157455444, -8.81365299225, -39.1502609253, 3.09872031212, -14.063750267, -12.3258228302, -0.874450027943, -3.38700413704, -13.8177547455], "icov": [[0.000289209157927, -0.000385622406611, 0.000518187298439, -0.000545578193851, 0.000440770381829, -0.000516003463417, 0.000570085016079, -0.000613994605374, 0.000461356801679, -0.000192269828403, 0.000256633240497, -0.00039624501369, 0.000388370477594], [-0.000385622406611, 0.00234931334853, -0.00130879029166, 0.00103367783595, -0.00224727229215, 0.0018601976335, -0.00188023864757, 0.00212076143362, -0.00104455684777, 0.00161572184879, -0.0010591505561, 0.00136924418621, -0.00124391668942], [0.000518187298439, -0.00130879029166, 0.00208235811442, -0.00144733604975, 0.00138050538953, -0.0015247950796, 0.00111871340778, -0.00111319101416, 0.00121232750826, -0.00100771058351, 0.00156590517145, -0.00144965562504, 0.000578425650019], [-0.000545578193851, 0.00103367783595, -0.00144733604975, 0.00274333148263, -0.00157914380543, 0.00109422835521, -0.000916185148526, 0.000889970862772, -0.000558511179406, 0.00038718408905, -0.000160306371981, 0.000941425911151, -0.00119246507529], [0.000440770381829, -0.00224727229215, 0.00138050538953, -0.00157914380543, 0.00470082461834, -0.00143426796421, 0.00120674679056, -0.0019969586283, 3.77079450118e-05, -0.000771805120166, 0.00127342913765, -0.00026297516888, 0.000863858906087], [-0.000516003463417, 0.0018601976335, -0.0015247950796, 0.00109422835521, -0.00143426796421, 0.00425372412428, -0.00304770725779, 0.00168914359529, -0.000399092910811, 6.84450278641e-05, -0.000251806777669, 0.00138154707383, -0.000571774842683], [0.000570085016079, -0.00188023864757, 0.00111871340778, -0.000916185148526, 0.00120674679056, -0.00304770725779, 0.00553093105555, -0.00277522974648, 0.00219795899466, -0.00073330278974, -0.00042071097414, -0.000524042348843, 0.00159061851446], [-0.000613994605374, 0.00212076143362, -0.00111319101416, 0.000889970862772, -0.0019969586283, 0.00168914359529, -0.00277522974648, 0.00803695619106, -0.00348137505352, 0.0011935319053, -0.000286209833575, 9.03221152839e-05, -0.000279947824311], [0.000461356801679, -0.00104455684777, 0.00121232750826, -0.000558511179406, 3.77079450118e-05, -0.000399092910811, 0.00219795899466, -0.00348137505352, 0.00663994625211, -0.0029405488167, 0.000172668515006, -0.000162158976309, 0.000663523329422], [-0.000192269828403, 0.00161572184879, -0.00100771058351, 0.00038718408905, -0.000771805120166, 6.84450278641e-05, -0.00073330278974, 0.0011935319053, -0.0029405488167, 0.0072776125744, -0.00143688824028, 0.000818772008643, -0.00117425143253], [0.000256633240497, -0.0010591505561, 0.00156590517145, -0.000160306371981, 0.00127342913765, -0.000251806777669, -0.00042071097414, -0.000286209833575, 0.000172668515006, -0.00143688824028, 0.00708570098504, -0.00445160875097, 0.00190348201431], [-0.00039624501369, 0.00136924418621, -0.00144965562504, 0.000941425911151, -0.00026297516888, 0.00138154707383, -0.000524042348843, 9.03221152839e-05, -0.000162158976309, 0.000818772008643, -0.00445160875097, 0.0109441000968, -0.00528228422627], [0.000388370477594, -0.00124391668942, 0.000578425650019, -0.00119246507529, 0.000863858906087, -0.000571774842683, 0.00159061851446, -0.000279947824311, 0.000663523329422, -0.00117425143253, 0.00190348201431, -0.00528228422627, 0.00861173216254]], "cov": [[8919.60058594, -678.196899414, -1275.82507324, 846.829711914, -164.445480347, 243.506454468, -324.000274658, 330.698120117, -119.718811035, -27.2591762543, -38.0572853088, 15.4640932083, -170.600204468], [-678.196899414, 1964.13500977, 360.53692627, 36.0320129395, 606.848571777, -362.360687256, 177.844345093, -205.032211304, -31.7486553192, -280.265228271, -24.7942008972, -109.324310303, 73.2734527588], [-1275.82507324, 360.53692627, 1821.55847168, 520.315917969, -0.531342685223, 307.303649902, 101.691139221, -135.131408691, -232.318130493, 9.83270263672, -299.824584961, 21.1078338623, 155.053817749], [846.829711914, 36.0320129395, 520.315917969, 848.88861084, 140.914489746, 69.2689361572, -42.7093315125, 11.1850175858, -53.8234901428, 7.88244915009, -177.379684448, -20.1901741028, 80.3720474243], [-164.445480347, 606.848571777, -0.531342685223, 140.914489746, 543.885498047, -83.0592880249, 40.8238639832, 21.1956729889, 82.9350814819, -58.5143432617, -68.985458374, -96.236114502, -10.4542388916], [243.506454468, -362.360687256, 307.303649902, 69.2689361572, -83.0592880249, 655.637939453, 252.266082764, 8.54174137115, -127.949440002, 63.5019340515, -75.3670349121, -53.1258277893, -66.2362747192], [-324.000274658, 177.844345093, 101.691139221, -42.7093315125, 40.8238639832, 252.266082764, 440.043182373, 15.3830242157, -102.17640686, -29.9423084259, 27.8945064545, -50.3056564331, -73.7998275757], [330.698120117, -205.032211304, -135.131408691, 11.1850175858, 21.1956729889, 8.54174137115, 15.3830242157, 233.011123657, 109.146369934, 40.9482269287, 11.5091753006, 4.00524663925, -33.6433067322], [-119.718811035, -31.7486553192, -232.318130493, -53.8234901428, 82.9350814819, -127.949440002, -102.17640686, 109.146369934, 314.388641357, 90.1449127197, 38.571105957, -4.81842565536, -8.84234523773], [-27.2591762543, -280.265228271, 9.83270263672, 7.88244915009, -58.5143432617, 63.5019340515, -29.9423084259, 40.9482269287, 90.1449127197, 223.68913269, 24.6741962433, 23.1893215179, 10.4507379532], [-38.0572853088, -24.7942008972, -299.824584961, -177.379684448, -68.985458374, -75.3670349121, 27.8945064545, 11.5091753006, 38.571105957, 24.6741962433, 278.184204102, 91.3984298706, -14.1837377548], [15.4640932083, -109.324310303, 21.1078338623, -20.1901741028, -96.236114502, -53.1258277893, -50.3056564331, 4.00524663925, -4.81842565536, 23.1893215179, 91.3984298706, 194.523544312, 97.4944229126], [-170.600204468, 73.2734527588, 155.053817749, 80.3720474243, -10.4542388916, -66.2362747192, -73.7998275757, -33.6433067322, -8.84234523773, 10.4507379532, -14.1837377548, 97.4944229126, 209.343978882]]}, "spectral_energyband_middle_low": {"dmean2": 0.00593006983399, "median": 0.00269591505639, "min": 2.28951986259e-08, "dvar2": 0.000202901414013, "dvar": 9.36910437304e-05, "dmean": 0.00394589267671, "max": 0.216500505805, "var": 0.000230639649089, "mean": 0.00788335874677}, "melbands_crest": {"dmean2": 6.17835140228, "median": 16.9636287689, "min": 3.85927700996, "dvar2": 29.3940086365, "dvar": 12.1300373077, "dmean": 3.85482287407, "max": 35.6296768188, "var": 43.6204032898, "mean": 17.8182201385}, "spectral_kurtosis": {"dmean2": 8.55041027069, "median": 9.95698070526, "min": -1.5164359808, "dvar2": 93.6169662476, "dvar": 36.004535675, "dmean": 5.15074443817, "max": 109.799659729, "var": 143.581802368, "mean": 13.4187936783}, "spectral_rms": {"dmean2": 0.000920297694393, "median": 0.00221272814088, "min": 1.20812874229e-05, "dvar2": 1.539663117e-06, "dvar": 8.45710474096e-07, "dmean": 0.00066323421197, "max": 0.0196134336293, "var": 5.49507876713e-06, "mean": 0.0028635894414}, "zerocrossingrate": {"dmean2": 0.00932959094644, "median": 0.037109375, "min": 0.0029296875, "dvar2": 0.000166101832292, "dvar": 0.000177143374458, "dmean": 0.00823640450835, "max": 0.38818359375, "var": 0.00158190296497, "mean": 0.0454221367836}, "silence_rate_60dB": {"dmean2": 0.153579860926, "median": 0, "min": 0, "dvar2": 0.144462004304, "dvar": 0.07087995857, "dmean": 0.0767778456211, "max": 1, "var": 0.238145336509, "mean": 0.391064971685}, "erbbands_kurtosis": {"dmean2": 5.84147691727, "median": 1.10427093506, "min": -1.94328355789, "dvar2": 144.748687744, "dvar": 68.5035629272, "dmean": 3.75613260269, "max": 215.676025391, "var": 160.552337646, "mean": 4.52322387695}, "erbbands": {"dmean2": [0.00270441919565, 0.0545771420002, 0.395409613848, 0.56855660677, 0.742003917694, 1.29073369503, 6.74921941757, 19.1391639709, 33.1185760498, 34.1150665283, 21.0102405548, 29.773601532, 31.9180545807, 23.0120792389, 51.0752639771, 59.9280548096, 26.1557121277, 20.3409538269, 16.9396915436, 19.5319232941, 9.2528591156, 11.8293027878, 22.285326004, 11.8202428818, 3.862844944, 1.1609416008, 0.286638647318, 0.257383882999, 0.276796162128, 0.386127322912, 0.348928362131, 0.358365744352, 0.221278399229, 0.0799392908812, 0.0282002836466, 0.00867231190205, 0.00104817119427, 0.000160460316692, 1.9152472305e-05, 1.06178886199e-05], "median": [0.000157425689395, 0.00418790103868, 0.0513040162623, 0.150132268667, 0.215203329921, 0.309784144163, 0.642277240753, 2.13070368767, 3.6911149025, 3.36364150047, 1.946844697, 1.25644826889, 1.61154341698, 2.28199362755, 1.7843054533, 1.20621335506, 0.796376228333, 0.697972714901, 0.817121386528, 0.779348373413, 0.592803180218, 0.538160026073, 0.88241571188, 0.65382373333, 0.340921550989, 0.178374797106, 0.0657978206873, 0.0429013110697, 0.0445562899113, 0.0574375912547, 0.0454503595829, 0.0307863522321, 0.0120747368783, 0.00355175486766, 0.00129404314794, 0.000476497720229, 0.000101935300336, 1.67827929545e-05, 8.63769491843e-06, 7.41654275771e-06], "min": [9.91042952592e-07, 2.01837360692e-06, 7.91440470493e-06, 9.7134607131e-06, 1.06411789602e-05, 3.14110875479e-05, 4.26002443419e-05, 5.70535958104e-05, 4.8295911256e-05, 3.33650459652e-05, 3.86609317502e-05, 3.51710295945e-05, 2.34104008996e-05, 2.06139447982e-05, 2.38680258917e-05, 1.55280777108e-05, 2.51419223787e-05, 1.52425354827e-05, 8.94099412108e-06, 1.0676146303e-05, 8.58158728079e-06, 1.12006200652e-05, 1.03973206933e-05, 7.27779524823e-06, 9.08412584977e-06, 6.50118408885e-06, 5.24005645275e-06, 5.31467594556e-06, 2.9722234558e-06, 2.9614941468e-06, 3.07120649268e-06, 1.15098782771e-06, 1.11278916393e-06, 9.13937185487e-07, 5.49322180632e-07, 3.14393076906e-07, 1.67501752912e-07, 8.68708127655e-08, 4.88149076716e-08, 9.11725273056e-09], "dvar2": [0.000166557438206, 0.0518414415419, 4.87168216705, 5.55177640915, 5.55469799042, 19.4291133881, 569.16418457, 3667.58666992, 10397.1220703, 15743.1171875, 8639.48046875, 42334.1757812, 67302.171875, 9359.97558594, 91108.78125, 167547.65625, 49486.7890625, 28566.2792969, 7478.81152344, 11482.4462891, 1384.20996094, 3511.54394531, 12367.5341797, 2028.43969727, 339.531005859, 18.6450557709, 3.57492756844, 2.28973412514, 2.13369703293, 11.8700399399, 4.09007072449, 4.40422201157, 3.27762961388, 0.372126638889, 0.0623538717628, 0.00641924189404, 4.11772525695e-05, 6.08382720202e-07, 6.01459460015e-09, 5.43426359467e-10], "dvar": [0.000378229509806, 0.0636140704155, 6.31436443329, 3.21270942688, 3.17151427269, 11.0351018906, 246.30078125, 1752.02758789, 5057.78662109, 7328.41748047, 4011.25708008, 23021.7871094, 35605.2695312, 4614.55371094, 55550.9375, 82249.6796875, 22047.0078125, 11252.0878906, 2926.36206055, 4902.55078125, 622.825866699, 1467.54077148, 4697.01367188, 864.283813477, 133.753738403, 8.22441482544, 1.49489367008, 1.17926001549, 1.06348311901, 5.27658176422, 1.98104512691, 1.9471590519, 1.35889410973, 0.165226340294, 0.0251320209354, 0.00268819089979, 2.02004321181e-05, 3.61720168485e-07, 3.79794995453e-09, 2.89460372338e-10], "dmean": [0.0033235331066, 0.0525020249188, 0.350958287716, 0.426345825195, 0.54788184166, 0.89756834507, 4.29762411118, 12.2487182617, 21.8693885803, 22.2296619415, 13.4885702133, 20.0360774994, 20.5595111847, 15.4164199829, 35.6501426697, 40.5003547668, 16.6265068054, 12.4093618393, 10.3439445496, 12.3196907043, 5.94795274734, 7.35712385178, 13.9460535049, 7.61803007126, 2.48459410667, 0.749298453331, 0.18732355535, 0.172535300255, 0.182716503739, 0.255075454712, 0.235314443707, 0.238222137094, 0.147004440427, 0.0537442937493, 0.0187808014452, 0.00587971135974, 0.000751673476771, 0.00011757309403, 1.38790246638e-05, 7.46017576603e-06], "max": [1.8497518301, 15.5349082947, 207.717224121, 95.7304916382, 111.094436646, 252.205490112, 452.283721924, 992.112976074, 2096.02758789, 2814.39550781, 2323.75024414, 6058.20117188, 9705.2890625, 2938.3684082, 12373.6630859, 12179.5410156, 6685.17333984, 3697.34301758, 1876.8848877, 2605.18823242, 637.674438477, 1261.42333984, 1988.04846191, 858.635681152, 432.757476807, 90.5589294434, 77.3882675171, 65.7548599243, 60.7782287598, 152.43107605, 60.6712341309, 43.2927246094, 45.1563796997, 13.6724843979, 8.19069385529, 2.78205108643, 0.199837118387, 0.0290751028806, 0.00266033480875, 0.000472954125144], "var": [0.0136328879744, 1.13079345226, 48.7962760925, 19.2414779663, 22.4541721344, 82.5269775391, 530.667358398, 3448.50708008, 11613.6777344, 16990.2109375, 6881.17333984, 47244.6289062, 52913.6601562, 7534.92919922, 115306.789062, 159853.046875, 28520.0839844, 9519.79394531, 3018.29418945, 6629.59863281, 926.811523438, 2242.56323242, 6437.13085938, 1267.95629883, 202.02696228, 12.4866390228, 1.60731506348, 1.88798701763, 1.55900657177, 5.86899280548, 4.14806842804, 3.52618575096, 2.05155801773, 0.263092964888, 0.0442108027637, 0.00544030079618, 6.13637675997e-05, 1.30302498746e-06, 1.29565851381e-08, 9.78795600126e-10], "mean": [0.016927562654, 0.2177657336, 1.08339452744, 1.29717719555, 1.60219049454, 2.30783700943, 6.69081735611, 18.5570049286, 33.2404670715, 33.7662582397, 18.9497318268, 28.8031597137, 24.3089160919, 20.6379318237, 45.8387947083, 50.4171867371, 20.315032959, 12.1904830933, 11.3689575195, 14.4977903366, 7.7407040596, 9.86657333374, 18.3891334534, 10.5643510818, 3.555300951, 1.05301582813, 0.318444341421, 0.280290663242, 0.283466935158, 0.382575511932, 0.402991384268, 0.36978545785, 0.221077784896, 0.0798033550382, 0.0284779835492, 0.00882911961526, 0.0013527815463, 0.000214238985791, 2.98268623737e-05, 1.79740909516e-05]}, "spectral_strongpeak": {"dmean2": 0.917612850666, "median": 0.546614766121, "min": 0, "dvar2": 2.75347661972, "dvar": 1.23503613472, "dmean": 0.594829499722, "max": 26.4009552002, "var": 2.76863217354, "mean": 1.09176909924}, "spectral_energy": {"dmean2": 0.00866711139679, "median": 0.00501856952906, "min": 1.49606449895e-07, "dvar2": 0.000380266428692, "dvar": 0.000202346011065, "dmean": 0.00607684161514, "max": 0.394303947687, "var": 0.000693935726304, "mean": 0.0140376295894}, "average_loudness": 0.120252981782, "spectral_rolloff": {"dmean2": 614.80847168, "median": 861.328125, "min": 86.1328125, "dvar2": 1333677.625, "dvar": 674509.4375, "dmean": 358.848358154, "max": 11391.0644531, "var": 2155110.25, "mean": 1217.7442627}, "spectral_centroid": {"dmean2": 307.71762085, "median": 806.265930176, "min": 141.263442993, "dvar2": 165844.921875, "dvar": 80106.03125, "dmean": 206.868118286, "max": 6240.17138672, "var": 349449.71875, "mean": 951.630310059}, "pitch_salience": {"dmean2": 0.129961073399, "median": 0.477118343115, "min": 0.0268010180444, "dvar2": 0.0132606532425, "dvar": 0.00560856005177, "dmean": 0.0817324668169, "max": 0.824988782406, "var": 0.0204437654465, "mean": 0.464504867792}, "spectral_energyband_middle_high": {"dmean2": 0.00395574141294, "median": 0.000573797849938, "min": 3.20096682493e-09, "dvar2": 0.000211264166865, "dvar": 0.000113735084597, "dmean": 0.00274908286519, "max": 0.389843702316, "var": 0.000264328613412, "mean": 0.00439610984176}, "spectral_contrast_coeffs": {"dmean2": [0.0679815560579, 0.0883879214525, 0.07293009758, 0.0581147931516, 0.0429362878203, 0.0250651426613], "median": [-0.638576626778, -0.660617351532, -0.73809838295, -0.7795535326, -0.770541548729, -0.792783737183], "min": [-0.945818424225, -0.947553038597, -0.962807238102, -0.951029658318, -0.948283135891, -0.95577943325], "dvar2": [0.00323077011853, 0.00532143376768, 0.00366641650908, 0.00274608121254, 0.00150346639566, 0.000500303867739], "dvar": [0.00126221228857, 0.00224733515643, 0.00173425429966, 0.00133364589419, 0.000825749710202, 0.000233286365983], "dmean": [0.0414726510644, 0.0554801933467, 0.0471019856632, 0.0377116277814, 0.0293076690286, 0.0164089482278], "max": [-0.273482263088, -0.235780760646, -0.241896659136, -0.350889891386, -0.382727146149, -0.604320585728], "var": [0.0106708174571, 0.0138149708509, 0.0106403138489, 0.00750143406913, 0.00796063896269, 0.00179215718526], "mean": [-0.634185314178, -0.645990669727, -0.71750742197, -0.759992837906, -0.751956284046, -0.792890846729]}, "melbands_skewness": {"dmean2": 1.34492099285, "median": 2.02145838737, "min": -7.21442127228, "dvar2": 1.97432291508, "dvar": 0.877282381058, "dmean": 0.896491765976, "max": 13.7870197296, "var": 4.42534542084, "mean": 2.31498527527}, "spectral_spread": {"dmean2": 712527, "median": 2646475.5, "min": 909483.6875, "dvar2": 759964958720, "dvar": 527198289920, "dmean": 495043.09375, "max": 30050164, "var": 3867331264510.0, "mean": 3203913.5}, "dissonance": {"dmean2": 0.0708301141858, "median": 0.438940107822, "min": 0.0586573667824, "dvar2": 0.00491770682856, "dvar": 0.0018018677365, "dmean": 0.0418196804821, "max": 0.500000119209, "var": 0.00385010661557, "mean": 0.422088950872}, "spectral_skewness": {"dmean2": 0.755992591381, "median": 2.20667433739, "min": -0.377439260483, "dvar2": 0.562227904797, "dvar": 0.222631126642, "dmean": 0.472507715225, "max": 8.98181247711, "var": 1.28745675087, "mean": 2.40994524956}, "spectral_flux": {"dmean2": 0.0362383052707, "median": 0.0386977829039, "min": 0.000710351683665, "dvar2": 0.00263689574786, "dvar": 0.00100836937781, "dmean": 0.0224850866944, "max": 0.547921895981, "var": 0.00305837159976, "mean": 0.0560703389347}, "spectral_contrast_valleys": {"dmean2": [0.657941222191, 0.556462585926, 0.496568769217, 0.415295273066, 0.367831170559, 0.373139411211], "median": [-9.51405334473, -7.82587003708, -8.58490848541, -9.17048168182, -9.44730186462, -12.2102203369], "min": [-12.777425766, -11.9129638672, -12.6727018356, -13.5505485535, -14.0374345779, -14.9326305389], "dvar2": [0.291948705912, 0.215954259038, 0.170259356499, 0.127612024546, 0.115893639624, 0.175171762705], "dvar": [0.106170676649, 0.0816963985562, 0.0693147405982, 0.0566880851984, 0.057669531554, 0.0992815047503], "dmean": [0.39311131835, 0.337082386017, 0.304403841496, 0.263824403286, 0.250937312841, 0.278320461512], "max": [-5.40400409698, -5.35292816162, -5.85640668869, -6.60156345367, -6.81853342056, -8.64128017426], "var": [1.80665075779, 1.03720545769, 1.06893384457, 1.09356975555, 1.17305493355, 1.36096465588], "mean": [-9.43284988403, -7.90916919708, -8.63560009003, -9.24785804749, -9.50762367249, -12.2230405807]}, "erbbands_flatness_db": {"dmean2": 0.0414901003242, "median": 0.258174031973, "min": 0.073112629354, "dvar2": 0.00152628694195, "dvar": 0.000813838385511, "dmean": 0.028748549521, "max": 0.590996623039, "var": 0.00673280563205, "mean": 0.263644903898}, "spectral_energyband_high": {"dmean2": 4.67943391413e-05, "median": 9.63791444519e-06, "min": 9.77128600255e-10, "dvar2": 6.25231493245e-08, "dvar": 2.96720124027e-08, "dmean": 3.25107866956e-05, "max": 0.0088237002492, "var": 5.25628394143e-08, "mean": 5.79783009016e-05}, "spectral_entropy": {"dmean2": 0.381884932518, "median": 6.70320940018, "min": 3.39983010292, "dvar2": 0.140427514911, "dvar": 0.0730143487453, "dmean": 0.262143522501, "max": 8.75310897827, "var": 0.556485414505, "mean": 6.63883972168}, "silence_rate_20dB": {"dmean2": 0.00125885126181, "median": 1, "min": 0, "dvar2": 0.00188666407485, "dvar": 0.000628923706245, "dmean": 0.000629326619674, "max": 1, "var": 0.00031453272095, "mean": 0.999685406685}, "melbands_flatness_db": {"dmean2": 0.0455199815333, "median": 0.289528310299, "min": 0.0534183904529, "dvar2": 0.00196572719142, "dvar": 0.000968592707068, "dmean": 0.0313870683312, "max": 0.627776503563, "var": 0.00826931465417, "mean": 0.297102123499}, "barkbands": {"dmean2": [4.78384754388e-06, 0.000180987030035, 0.000422968878411, 0.000201084520086, 0.000369933870388, 0.00186470837798, 0.00255919899791, 0.00110924022738, 0.0012707489077, 0.000831401732285, 0.000881563464645, 0.00171358021908, 0.000599192164373, 0.000400800432544, 0.000393050984712, 0.000241620553425, 0.00022731993522, 0.000401541299652, 0.000142608623719, 2.54006008618e-05, 6.30501608612e-06, 9.27374094317e-06, 1.18444031614e-05, 1.47941464093e-05, 5.43320720681e-06, 1.06820891688e-06, 9.44668414604e-08], "median": [1.08736503535e-06, 8.40826396598e-06, 4.74040607514e-05, 4.24740064773e-05, 8.99955412024e-05, 0.000179042908712, 0.000216938438825, 6.63343671476e-05, 3.62991922884e-05, 4.12480439991e-05, 3.00095889543e-05, 2.0832503651e-05, 9.85895621852e-06, 9.86726627161e-06, 1.27398607219e-05, 9.97398001346e-06, 7.62196714277e-06, 1.5749312297e-05, 8.12286725704e-06, 2.99570501738e-06, 1.06360118934e-06, 1.39487212891e-06, 1.65913183992e-06, 1.08740016458e-06, 2.31236626291e-07, 7.12769150368e-08, 3.19378656854e-08], "min": [1.47676304518e-09, 1.72339014171e-08, 8.93961960013e-10, 1.09541631321e-09, 7.65767005362e-09, 6.68748034727e-09, 2.88209656141e-09, 1.666559446e-09, 1.56028756582e-09, 5.56790225037e-10, 6.25442031499e-10, 3.72965464068e-10, 5.62798807557e-10, 2.02347597011e-10, 2.09630784953e-10, 1.47861362043e-10, 2.06797731717e-10, 1.7894291604e-10, 1.62346081023e-10, 1.33461117158e-10, 1.37424474578e-10, 7.91354967666e-11, 1.0291938829e-10, 5.69114616544e-11, 8.28844701206e-11, 8.19625825543e-11, 4.29640184541e-10], "dvar2": [7.65062319052e-11, 5.71997873067e-07, 5.48282469026e-06, 4.81627353111e-07, 1.26256975364e-06, 3.19642604154e-05, 5.6427456002e-05, 2.39971068368e-05, 7.00242089806e-05, 4.13059860875e-05, 1.86223696801e-05, 0.000136501825182, 3.57129320037e-05, 1.0830807696e-05, 4.76327431898e-06, 1.16623937174e-06, 1.26689917579e-06, 3.4308047816e-06, 3.45727443118e-07, 9.25790821782e-09, 1.38262301608e-09, 5.02616748221e-09, 4.28872004576e-09, 1.00513615209e-08, 1.72806402521e-09, 7.94540683247e-11, 1.71838902157e-13], "dvar": [3.19592824427e-11, 7.25471466012e-07, 6.21609569862e-06, 2.15761872369e-07, 6.99364079537e-07, 1.53593209689e-05, 2.79869127553e-05, 1.02358835647e-05, 3.54044968844e-05, 2.55006489169e-05, 8.79430172063e-06, 7.00012242305e-05, 1.41110904224e-05, 4.19861771661e-06, 2.02792648452e-06, 4.7508268608e-07, 5.16166949183e-07, 1.30481635097e-06, 1.42916832147e-07, 3.91052434878e-09, 6.61799892665e-10, 2.34046293457e-09, 2.09003059304e-09, 4.36465974474e-09, 7.46464223766e-10, 3.39848704733e-11, 1.10488177039e-13], "dmean": [2.8072618079e-06, 0.00018054942484, 0.000359181605745, 0.000143462937558, 0.000257498468272, 0.00120569183491, 0.00169021694455, 0.00068835390266, 0.000855976191815, 0.000558455823921, 0.00057736778399, 0.00117013207637, 0.000357290904503, 0.000242633323069, 0.000245595234446, 0.000147013939568, 0.000137412440381, 0.00025377102429, 8.84920009412e-05, 1.59329720191e-05, 4.15239219365e-06, 6.04852220931e-06, 7.98723067419e-06, 1.00742718132e-05, 3.64480320059e-06, 7.32129592507e-07, 6.84377425841e-08], "max": [0.000393109919969, 0.0646062418818, 0.198643222451, 0.0177156627178, 0.0589673854411, 0.10569614172, 0.140829384327, 0.096408739686, 0.213895827532, 0.331082850695, 0.100936487317, 0.365886539221, 0.160440757871, 0.0630243569613, 0.0472320467234, 0.0149123026058, 0.0196544062346, 0.0336314067245, 0.0108767161146, 0.00194659468252, 0.00158535758965, 0.00326815107837, 0.00209189136513, 0.0019255860243, 0.00092935259454, 0.000306752917822, 1.5288736904e-05], "var": [2.7504515332e-10, 1.819512363e-05, 4.56311900052e-05, 1.72580575963e-06, 4.8057386266e-06, 3.35641670972e-05, 6.78084034007e-05, 1.55190809892e-05, 7.24612691556e-05, 4.03558042308e-05, 1.63497370522e-05, 0.000151041444042, 1.38004361361e-05, 3.30971624862e-06, 2.61318427874e-06, 5.30409351995e-07, 7.31976228963e-07, 1.81390612397e-06, 2.10208909834e-07, 5.53637713452e-09, 9.44374911604e-10, 2.76472689187e-09, 4.19390033812e-09, 7.63990914976e-09, 1.27017008023e-09, 7.6307751784e-11, 3.9491416322e-13], "mean": [4.05515220336e-06, 0.000792810344137, 0.00103783048689, 0.000410