{"metadata": {"tags": {"albumartist": ["Queen"], "musicbrainz_artistid": ["0383dadf-2a4e-4d10-a46a-e9e041da8eb3"], "musicbrainz album status": ["bootleg"], "artist": ["Queen"], "musicbrainz_albumid": ["eed8012c-54ca-490b-84aa-8c571b140c9f"], "discnumber": ["1/2"], "title": ["One Vision (extended 12\")"], "tracknumber": ["1/21"], "musicbrainz_albumartistid": ["0383dadf-2a4e-4d10-a46a-e9e041da8eb3"], "album": ["The Unobtainable Royal Chronicles"], "musicbrainz album type": ["compilation"], "script": ["Latn"], "albumartistsort": ["Queen"], "artistsort": ["Queen"], "musicbrainz_recordingid": ["15fa9fa2-d7c0-4791-9418-d4a31aa94201"], "file_name": "Queen - Unobtainable Royal Collection - 01 - One Vision.mp3", "language": ["eng"]}, "audio_properties": {"sample_rate": 44100, "downmix": "mix", "lossless": false, "analysis_sample_rate": 44100, "md5_encoded": "78554e28d1874d708ca4d2f3a7bc88d5", "equal_loudness": 0, "replay_gain": -9.56838035583, "codec": "mp3", "bit_rate": 192000, "length": 382.014678955}, "version": {"extractor": "music 1.0", "essentia_build_sha": "70f2e5ece6736b2c40cc944ad0e695b16b925413", "essentia_git_sha": "v2.1_beta2", "essentia": "2.1-beta2"}}, "rhythm": {"beats_loudness_band_ratio": {"dvar2": [0.159669265151, 0.0303129125386, 0.0310238394886, 0.032575674355, 0.0193191915751, 0.0387146919966], "var": [0.0879943370819, 0.0134005621076, 0.0156154055148, 0.0161452237517, 0.00951463822275, 0.0147016029805], "min": [0, 0, 0, 0, 0, 0], "dmean": [0.295249432325, 0.105097323656, 0.0929099544883, 0.0917784795165, 0.0866356119514, 0.111332587898], "mean": [0.487670391798, 0.124829344451, 0.114011123776, 0.103683158755, 0.0922136604786, 0.0982528626919], "max": [0.98591709137, 0.835703969002, 0.947294056416, 0.800311505795, 0.962830901146, 0.882074415684], "dmean2": [0.563669502735, 0.189679071307, 0.170720875263, 0.163500607014, 0.159687921405, 0.213225275278], "median": [0.498356193304, 0.0943365246058, 0.0765353441238, 0.0523239597678, 0.0672609061003, 0.0583523213863], "dvar": [0.0459941066802, 0.0100345285609, 0.0108703579754, 0.0122360931709, 0.00632827542722, 0.0125183174387]}, "bpm_histogram_first_peak_weight": {"dvar2": 0, "var": 0, "min": 0.409731119871, "dmean": 0, "mean": 0.409731119871, "max": 0.409731119871, "dmean2": 0, "median": 0.409731119871, "dvar": 0}, "bpm": 122.101478577, "beats_count": 782, "bpm_histogram_first_peak_spread": {"dvar2": 0, "var": 0, "min": 0.497645199299, "dmean": 0, "mean": 0.497645199299, "max": 0.497645199299, "dmean2": 0, "median": 0.497645199299, "dvar": 0}, "danceability": 1.12067770958, "bpm_histogram_first_peak_bpm": {"dvar2": 0, "var": 0, "min": 123, "dmean": 0, "mean": 123, "max": 123, "dmean2": 0, "median": 123, "dvar": 0}, "beats_position": [0.557278871536, 1.1261677742, 1.69505667686, 2.2523355484, 2.82122445107, 3.43655323982, 4.05188179016, 4.67882061005, 5.30575942993, 5.93269824982, 6.47836732864, 7.01242637634, 7.53487491608, 8.05732440948, 8.57977294922, 9.10222244263, 9.62467098236, 10.1355104446, 10.6347389221, 11.1339683533, 11.6331968307, 12.0627660751, 12.5039453506, 12.933514595, 13.3746938705, 13.8042631149, 14.2454423904, 14.6866207123, 15.1277999878, 15.5805892944, 16.0217685699, 16.4629478455, 16.904127121, 17.3453063965, 17.786485672, 18.2276649475, 18.6688423157, 19.1100215912, 19.5047607422, 19.8994998932, 20.3058490753, 20.8050785065, 21.2810878754, 21.7570972443, 22.2447166443, 22.7439460754, 23.2547836304, 23.7540130615, 24.2532424927, 24.764081955, 25.2633094788, 25.7625389099, 26.2617683411, 26.7493877411, 27.2370071411, 27.7362346649, 28.2354640961, 28.711473465, 29.199092865, 29.686712265, 30.1627197266, 30.6503391266, 31.1263484955, 31.6255779266, 32.1248054504, 32.6240348816, 33.111656189, 33.5992736816, 34.0985031128, 34.5977325439, 35.0853500366, 35.5845794678, 36.0838088989, 36.5714263916, 37.059047699, 37.5582771301, 38.0575065613, 38.545124054, 39.0443534851, 39.5435829163, 40.0428123474, 40.5420417786, 41.0296592712, 41.5172767639, 42.0165061951, 42.5157356262, 43.0033569336, 43.4909744263, 43.9785919189, 44.4778213501, 44.9770507812, 45.4646720886, 45.9522895813, 46.4515190125, 46.9507484436, 47.4383659363, 47.9259872437, 48.4252128601, 48.9244422913, 49.4120635986, 49.9112930298, 50.4105224609, 50.9097480774, 51.4089775085, 51.9198188782, 52.4190483093, 52.9182739258, 53.4175033569, 53.9283447266, 54.4391822815, 54.9500198364, 55.4724693298, 55.9949188232, 56.5173683167, 57.0282058716, 57.5390472412, 58.0382766724, 58.5375061035, 59.03673172, 59.5127410889, 60.0003623962, 60.4879798889, 60.9988212585, 61.5212669373, 62.0437164307, 62.5429458618, 63.042175293, 63.5414047241, 64.0406341553, 64.5282516479, 65.0158691406, 65.4918823242, 65.9794998169, 66.4671173096, 66.9663467407, 67.4539642334, 67.9415893555, 68.4408187866, 68.9400405884, 69.4276657104, 69.9152832031, 70.4029006958, 70.902130127, 71.4013595581, 71.9005889893, 72.3998184204, 72.8990478516, 73.3982772827, 73.8858947754, 74.3851242065, 74.8843536377, 75.3835830688, 75.8712005615, 76.3704299927, 76.8580474854, 77.3572769165, 77.8448944092, 78.3441238403, 78.831741333, 79.3193664551, 79.8069839478, 80.3062133789, 80.8054428101, 81.2930603027, 81.7806777954, 82.2682952881, 82.7675247192, 83.2667541504, 83.7543716431, 84.2419967651, 84.7296142578, 85.2172317505, 85.7048492432, 86.1924667358, 86.6800918579, 87.1677093506, 87.6553268433, 88.1545562744, 88.6421737671, 89.1414031982, 89.6406326294, 90.1398620605, 90.6390914917, 91.1383209229, 91.6259384155, 92.1251678467, 92.6243972778, 93.1120147705, 93.5996322632, 94.0872573853, 94.5748748779, 95.0624923706, 95.5617218018, 96.0609512329, 96.5601806641, 97.0594100952, 97.5470275879, 98.0346450806, 98.5222625732, 99.0098876953, 99.497505188, 99.9967346191, 100.49596405, 100.983581543, 101.471199036, 101.958816528, 102.44644165, 102.934059143, 103.421676636, 103.909294128, 104.396911621, 104.896141052, 105.383758545, 105.882987976, 106.382217407, 106.881446838, 107.36907196, 107.856689453, 108.344306946, 108.831924438, 109.319541931, 109.818771362, 110.306388855, 110.805618286, 111.304847717, 111.804077148, 112.30330658, 112.802536011, 113.301765442, 113.800994873, 114.300224304, 114.799453735, 115.298683167, 115.809524536, 116.308753967, 116.79637146, 117.295600891, 117.794830322, 118.294059753, 118.793289185, 119.280906677, 119.780136108, 120.27936554, 120.79019928, 121.289428711, 121.788658142, 122.276275635, 122.763900757, 123.25151825, 123.739135742, 124.226753235, 124.725982666, 125.225212097, 125.71282959, 126.200454712, 126.699676514, 127.198905945, 127.698135376, 128.197372437, 128.696594238, 129.195831299, 129.683441162, 130.171066284, 130.658676147, 131.157913208, 131.65713501, 132.15637207, 132.643981934, 133.131607056, 133.607620239, 134.095230103, 134.582855225, 135.070480347, 135.55809021, 136.045715332, 136.544937134, 137.044174194, 137.531784058, 138.031021118, 138.53024292, 139.017868042, 139.505477905, 139.993103027, 140.480728149, 140.968338013, 141.455963135, 141.931976318, 142.43119812, 142.918823242, 143.406433105, 143.905670166, 144.404891968, 144.904129028, 145.40335083, 145.890975952, 146.390197754, 146.889434814, 147.388656616, 147.887893677, 148.387115479, 148.886352539, 149.373962402, 149.873199463, 150.372421265, 150.883255005, 151.382492065, 151.881713867, 152.380950928, 152.880172729, 153.367797852, 153.855422974, 154.354644775, 154.842269897, 155.341491699, 155.852325439, 156.363174438, 156.874008179, 157.384857178, 157.907302856, 158.429748535, 158.952194214, 159.474639893, 159.99710083, 160.50793457, 160.995559692, 161.494781494, 161.994003296, 162.493240356, 162.992462158, 163.491699219, 163.979324341, 164.478546143, 164.977767944, 165.477005005, 165.976226807, 166.463851929, 166.951477051, 167.439086914, 167.926712036, 168.414321899, 168.901947021, 169.389572144, 169.877182007, 170.364807129, 170.852416992, 171.340042114, 171.839263916, 172.338500977, 172.849334717, 173.360183716, 173.859405518, 174.34703064, 174.846252441, 175.333877563, 175.821487427, 176.320724487, 176.819946289, 177.307571411, 177.795196533, 178.282806396, 178.782043457, 179.281265259, 179.780502319, 180.279724121, 180.778961182, 181.266571045, 181.742584229, 182.230194092, 182.717819214, 183.205444336, 183.693054199, 184.180679321, 184.668289185, 185.155914307, 185.643539429, 186.131149292, 186.607162476, 187.094787598, 187.570785522, 188.058410645, 188.546035767, 189.03364563, 189.521270752, 189.997268677, 190.47328186, 190.960906982, 191.448516846, 191.936141968, 192.42376709, 192.911376953, 193.387390137, 193.86340332, 194.351013184, 194.838638306, 195.326248169, 195.813873291, 196.301498413, 196.789108276, 197.276733398, 197.764343262, 198.240356445, 198.716369629, 199.203994751, 199.679992676, 200.156005859, 200.632019043, 201.119628906, 201.59564209, 202.071655273, 202.547653198, 203.03527832, 203.522903442, 203.998901367, 204.474914551, 204.962539673, 205.450149536, 205.937774658, 206.42539978, 206.913009644, 207.389022827, 207.865036011, 208.341033936, 208.840270996, 209.339492798, 209.838729858, 210.33795166, 210.837188721, 211.348022461, 211.847259521, 212.346481323, 212.834106445, 213.333328247, 213.832565308, 214.343399048, 214.854232788, 215.353469849, 215.85269165, 216.351928711, 216.851150513, 217.350387573, 217.849609375, 218.337234497, 218.82484436, 219.324081421, 219.823303223, 220.310928345, 220.798538208, 221.28616333, 221.773788452, 222.261398315, 222.749023438, 223.236633301, 223.724258423, 224.200271606, 224.711105347, 225.210342407, 225.721176147, 226.220397949, 226.708023071, 227.195648193, 227.671646118, 228.15927124, 228.646896362, 229.134506226, 229.622131348, 230.121353149, 230.608978271, 231.108200073, 231.607437134, 232.106658936, 232.594284058, 233.081893921, 233.569519043, 234.057144165, 234.544754028, 235.043991089, 235.543212891, 236.030838013, 236.518447876, 237.017684937, 237.516906738, 238.00453186, 238.492156982, 238.979766846, 239.479003906, 239.978225708, 240.46585083, 240.953460693, 241.452697754, 241.940307617, 242.439544678, 242.927154541, 243.414779663, 243.902404785, 244.390014648, 244.889251709, 245.388473511, 245.876098633, 246.363708496, 246.851333618, 247.35055542, 247.84979248, 248.337417603, 248.825027466, 249.312652588, 249.800262451, 250.287887573, 250.787109375, 251.286346436, 251.773956299, 252.261581421, 252.749206543, 253.236816406, 253.736053467, 254.235275269, 254.722900391, 255.222122192, 255.721359253, 256.208984375, 256.696594238, 257.184204102, 257.683441162, 258.182678223, 258.670288086, 259.157897949, 259.64553833, 260.133148193, 260.632385254, 261.131591797, 261.619232178, 262.106842041, 262.594451904, 263.093688965, 263.592926025, 264.080535889, 264.568145752, 265.067382812, 265.554992676, 266.054229736, 266.5418396, 267.02947998, 267.517089844, 268.004699707, 268.503936768, 269.003173828, 269.490783691, 269.978393555, 270.466033936, 270.965270996, 271.464477539, 271.95211792, 272.439727783, 272.927337646, 273.41494751, 273.91418457, 274.401794434, 274.901031494, 275.388671875, 275.876281738, 276.363891602, 276.851501465, 277.350738525, 277.849975586, 278.337585449, 278.825195312, 279.324432373, 279.823669434, 280.311279297, 280.798919678, 281.286529541, 281.785766602, 282.284973145, 282.772613525, 283.260223389, 283.759460449, 284.247070312, 284.746307373, 285.233917236, 285.7215271, 286.20916748, 286.696777344, 287.196014404, 287.695220947, 288.182861328, 288.682067871, 289.169708252, 289.668914795, 290.156555176, 290.644165039, 291.131774902, 291.619415283, 292.107025146, 292.606262207, 293.09387207, 293.593109131, 294.080718994, 294.568328857, 295.055969238, 295.555175781, 296.042816162, 296.542022705, 297.029663086, 297.528869629, 298.028106689, 298.52734375, 299.026580811, 299.525787354, 300.025024414, 300.524261475, 301.011871338, 301.487884521, 301.975494385, 302.463134766, 302.950744629, 303.438354492, 303.925994873, 304.425201416, 304.924438477, 305.423675537, 305.9112854, 306.398895264, 306.898132324, 307.385742188, 307.873382568, 308.360992432, 308.848602295, 309.347839355, 309.847076416, 310.334686279, 310.822296143, 311.321533203, 311.809143066, 312.308380127, 312.79598999, 313.283630371, 313.771240234, 314.270477295, 314.769714355, 315.257324219, 315.744934082, 316.232543945, 316.720184326, 317.231018066, 317.71862793, 318.206237793, 318.693878174, 319.193115234, 319.680725098, 320.179962158, 320.667572021, 321.155181885, 321.642791748, 322.142028809, 322.641265869, 323.128875732, 323.616516113, 324.104125977, 324.603363037, 325.10256958, 325.590209961, 326.077819824, 326.565429688, 327.053070068, 327.540679932, 328.028289795, 328.527526855, 329.026763916, 329.525970459, 330.02520752, 330.512817383, 331.000457764, 331.476470947, 331.952453613, 332.428466797, 332.916107178, 333.403717041, 333.879730225, 334.355743408, 334.831726074, 335.319366455, 335.795379639, 336.271362305, 336.759002686, 337.246612549, 337.722625732, 338.198638916, 338.6746521, 339.139038086, 339.61505127, 340.079437256, 340.567077637, 341.04309082, 341.519073486, 341.99508667, 342.471099854, 342.947113037, 343.423126221, 343.910736084, 344.398345947, 344.862762451, 345.327148438, 345.791564941, 346.255950928, 346.720367432, 347.184753418, 347.649139404, 348.101928711, 348.554718018, 349.019134521, 349.471923828, 349.924713135, 350.389099121, 350.865112305, 351.329528809, 351.805511475, 352.339599609, 352.873657227, 353.407714844, 353.953369141, 354.487426758, 355.033111572, 355.578765869, 356.124450684, 356.67010498, 357.227386475, 357.784667969, 358.272277832, 358.759887695, 359.259124756, 359.81640625, 360.385284424, 360.942565918, 361.441802979, 361.941040039, 362.4402771, 362.95111084, 363.46194458, 363.97277832, 364.472015381, 364.971252441, 365.470458984, 365.969696045, 366.468933105, 366.979766846, 367.420959473, 367.850524902, 368.291687012, 368.732879639, 369.174041748, 369.615234375, 370.056396484, 370.497589111, 370.915557861, 371.333496094, 371.751464844, 372.169433594, 372.587371826, 372.993743896, 373.342041016, 373.690338135, 374.038635254, 374.386932373, 374.723632812, 375.060302734, 375.397003174, 375.722076416, 376.058776855, 376.395446777, 376.732147217, 377.068847656, 377.405517578, 377.742218018, 378.078918457, 378.403991699, 378.740661621, 379.112182617, 379.483703613, 379.855224609, 380.215148926, 380.575042725, 380.934967041, 381.29486084], "beats_loudness": {"dvar2": 0.000446896854555, "var": 0.000369155692169, "min": 0, "dmean": 0.0120331691578, "mean": 0.031278476119, "max": 0.106041736901, "dmean2": 0.0212368704379, "median": 0.0312239602208, "dvar": 0.000149936837261}, "bpm_histogram_second_peak_weight": {"dvar2": 0, "var": 0, "min": 0.0384122915566, "dmean": 0, "mean": 0.0384122915566, "max": 0.0384122915566, "dmean2": 0, "median": 0.0384122915566, "dvar": 0}, "bpm_histogram_second_peak_spread": {"dvar2": 0, "var": 0, "min": 0.33333337307, "dmean": 0, "mean": 0.33333337307, "max": 0.33333337307, "dmean2": 0, "median": 0.33333337307, "dvar": 0}, "bpm_histogram_second_peak_bpm": {"dvar2": 0, "var": 0, "min": 117, "dmean": 0, "mean": 117, "max": 117, "dmean2": 0, "median": 117, "dvar": 0}, "onset_rate": 3.20658540726}, "lowlevel": {"spectral_energyband_high": {"dvar2": 1.20369747947e-06, "var": 2.75723800769e-06, "min": 6.75809872409e-21, "dmean": 0.000362957827747, "mean": 0.00100552313961, "max": 0.0265616253018, "dmean2": 0.000519827415701, "median": 0.00039150880184, "dvar": 6.48695902328e-07}, "spectral_energyband_middle_low": {"dvar2": 4.73450745631e-05, "var": 4.96727479913e-05, "min": 1.10483592225e-22, "dmean": 0.00300262891687, "mean": 0.00718047982082, "max": 0.0759147033095, "dmean2": 0.00476937042549, "median": 0.0051892157644, "dvar": 1.93718842638e-05}, "spectral_energy": {"dvar2": 0.000296658865409, "var": 0.000275426835287, "min": 9.89271742682e-21, "dmean": 0.00765969185159, "mean": 0.021478196606, "max": 0.16037234664, "dmean2": 0.0124679608271, "median": 0.0183131564409, "dvar": 0.000114779824798}, "spectral_spread": {"dvar2": 621737738240, "var": 14968568152100.0, "min": 856308.9375, "dmean": 379473.90625, "mean": 4362777.5, "max": 45490528, "dmean2": 563147.125, "median": 3885752.25, "dvar": 297152249856}, "spectral_energyband_low": {"dvar2": 0.000260532513494, "var": 0.00013051838323, "min": 1.2442243941e-23, "dmean": 0.00545987207443, "mean": 0.00846518389881, "max": 0.130758583546, "dmean2": 0.00922624766827, "median": 0.00458794645965, "dvar": 9.57791489782e-05}, "spectral_rolloff": {"dvar2": 1295256, "var": 5262425.5, "min": 21.533203125, "dmean": 530.073242188, "mean": 1992.26977539, "max": 19616.7480469, "dmean2": 878.121887207, "median": 1442.72460938, "dvar": 593217.75}, "barkbands": {"dvar2": [3.80554354251e-07, 0.000196614360902, 2.7516618502e-05, 1.18134412332e-05, 8.88601880433e-06, 8.66333175509e-06, 4.92838898936e-06, 3.20969161294e-06, 7.31868385628e-06, 1.20772529044e-05, 6.17322575636e-06, 5.44848353456e-06, 2.49894333137e-06, 9.38878770285e-07, 9.04676767277e-07, 1.32905631745e-06, 4.83413202801e-07, 1.01412251752e-06, 8.67845415087e-07, 5.02775833411e-07, 1.56398812123e-07, 1.41138897902e-07, 1.43634764527e-07, 7.43438661743e-08, 5.14189624212e-09, 2.26884261378e-10, 1.23559636914e-13], "var": [2.49506285854e-07, 8.07247706689e-05, 1.39284575198e-05, 7.25101062926e-06, 5.47689978703e-06, 8.65031233843e-06, 3.65936512026e-06, 2.15072850551e-06, 5.30527267983e-06, 8.25599181553e-06, 5.24588858752e-06, 4.27239456258e-06, 2.06490335586e-06, 6.04264414505e-07, 6.79034656059e-07, 1.52831921696e-06, 5.76997081225e-07, 9.53158973971e-07, 9.97365077637e-07, 5.38307745046e-07, 2.31522946592e-07, 1.83966704981e-07, 2.39554026393e-07, 7.74082664634e-08, 7.48031947495e-09, 2.6828972377e-10, 8.58206192743e-14], "min": [2.35058436999e-25, 1.91235009833e-24, 7.36531619858e-25, 1.88159152417e-25, 9.2906365507e-24, 6.77042159603e-24, 5.09729573657e-24, 7.01095948552e-24, 1.26646790504e-23, 8.43934440458e-24, 1.00893605838e-23, 1.92618470702e-23, 2.31160510591e-23, 3.30843972246e-23, 4.43928855395e-23, 2.65960068129e-23, 7.61341776532e-23, 5.72999215927e-23, 1.13744945156e-22, 1.77336007224e-22, 2.09256373919e-22, 3.08632981304e-22, 3.54054254318e-22, 5.34049795644e-22, 8.5839880469e-22, 1.25158091332e-21, 1.99148559039e-21], "dmean": [0.000239770510234, 0.00406026560813, 0.00165616499726, 0.00108591106255, 0.000944304978475, 0.000832199817523, 0.000564626243431, 0.000443572032964, 0.000627226254437, 0.000635161122773, 0.000446985999588, 0.000460013165139, 0.000327667599777, 0.000211195030715, 0.00021848459437, 0.000267555646133, 0.000216352462303, 0.000301616004435, 0.000296732963761, 0.000218621120439, 0.000113659763883, 9.07477151486e-05, 8.09949779068e-05, 4.56214838778e-05, 1.93231153389e-05, 4.24168365498e-06, 1.01231904637e-07], "mean": [0.000284896843368, 0.00500768469647, 0.00222171493806, 0.00159618991893, 0.00149826752022, 0.00136869656853, 0.00086902937619, 0.000691181456205, 0.000974454800598, 0.000989178894088, 0.000695989001542, 0.000753693981096, 0.000513430917636, 0.00031865524943, 0.000364445411833, 0.000496424036101, 0.000407956860727, 0.00059089413844, 0.000610452028923, 0.000443260621978, 0.000253737525782, 0.000199340865947, 0.000184406526387, 9.70430992311e-05, 3.91895227949e-05, 7.77563582233e-06, 1.37409458034e-07], "max": [0.00711238151416, 0.104710772634, 0.0476879253983, 0.0418793335557, 0.0339439474046, 0.0450795292854, 0.0478233247995, 0.0332467854023, 0.0430535450578, 0.116823472083, 0.064470693469, 0.0499531812966, 0.037689384073, 0.0298180002719, 0.0242845956236, 0.0355111844838, 0.0190759133548, 0.018157184124, 0.0179933737963, 0.016605341807, 0.0116992564872, 0.0112965563312, 0.0106588024646, 0.00883184745908, 0.00225884048268, 0.000362859602319, 6.25929487796e-06], "dmean2": [0.000351952126948, 0.00697888853028, 0.00276889465749, 0.00181041378528, 0.00154783716425, 0.00133911089506, 0.000935232965276, 0.000720596464816, 0.00100349180866, 0.00102114549372, 0.000703343190253, 0.000733379623853, 0.000526234740391, 0.000348971894709, 0.000353730079951, 0.000430924206739, 0.000350062618963, 0.000494291016366, 0.000486546370666, 0.000355202384526, 0.000179524387931, 0.000136262882734, 0.000118924355775, 6.51043519611e-05, 2.69443244179e-05, 5.99457507633e-06, 1.60037103569e-07], "median": [0.000106054118078, 0.00176086765714, 0.000889587623533, 0.000619106576778, 0.000763790274505, 0.000492810679134, 0.000370389287127, 0.000251876015682, 0.000290899479296, 0.000225708106882, 0.000141823125887, 0.000188003425137, 0.000138144445373, 0.000117233139463, 0.000141744560096, 0.000168765182025, 0.000181827243068, 0.000239172411966, 0.000263036548859, 0.000177392095793, 9.08459114726e-05, 5.18995366292e-05, 4.1243085434e-05, 2.32761703955e-05, 8.47068440635e-06, 1.65217761605e-06, 2.14075868143e-08], "dvar": [1.78520394911e-07, 7.0742367825e-05, 1.07283012767e-05, 4.33956256529e-06, 3.49365041075e-06, 3.58724423677e-06, 1.90238563391e-06, 1.23844540667e-06, 2.98364943774e-06, 4.65679977424e-06, 2.68293729278e-06, 2.14793681153e-06, 1.05170806819e-06, 3.72101226276e-07, 3.74139887072e-07, 5.77499918109e-07, 2.0906560394e-07, 3.94826059846e-07, 3.41427835338e-07, 2.1194779265e-07, 6.956735632e-08, 6.76509586128e-08, 7.27142008827e-08, 3.42510659834e-08, 2.60440335964e-09, 1.06402719968e-10, 5.04947849484e-14]}, "melbands_skewness": {"dvar2": 3.22444558144, "var": 5.11774778366, "min": -4.64653158188, "dmean": 0.883092880249, "mean": 2.71611356735, "max": 35.4916152954, "dmean2": 1.42277884483, "median": 2.16818857193, "dvar": 1.29941189289}, "barkbands_skewness": {"dvar2": 2.08530521393, "var": 3.01519298553, "min": -6.22196245193, "dmean": 0.654266178608, "mean": 1.40196967125, "max": 40.5531234741, "dmean2": 1.0525072813, "median": 1.07744979858, "dvar": 0.852981209755}, "erbbands": {"dvar2": [0.202492892742, 10.1784210205, 23.1795711517, 101.294837952, 82.5492553711, 167.858016968, 241.315963745, 952.165710449, 931.54083252, 1094.75952148, 1846.18481445, 3983.4375, 4505.76171875, 15595.2353516, 8706.11816406, 6868.39501953, 5180.10498047, 2702.49194336, 1783.32324219, 1784.37426758, 4065.6340332, 1209.32043457, 2569.65771484, 2118.05444336, 2666.17993164, 1000.76928711, 477.555999756, 176.585403442, 172.162643433, 248.676544189, 97.1682815552, 74.3199234009, 8.01740646362, 1.11745381355, 0.14443397522, 0.012719581835, 0.000363210157957, 2.64998971033e-06, 2.09730344203e-09, 3.86356752147e-10], "var": [0.103502765298, 3.48414564133, 13.1328144073, 53.5744400024, 49.376914978, 81.7586212158, 229.675384521, 866.013244629, 710.789916992, 709.420898438, 1273.97058105, 2819.08178711, 3513.10107422, 11351.5097656, 8349.4375, 5953.10351562, 4663.79248047, 1678.05993652, 1544.71887207, 1720.85974121, 5059.96289062, 1741.01135254, 2661.8527832, 2074.17382812, 2772.375, 1200.7869873, 709.796386719, 237.104553223, 212.830322266, 322.462036133, 158.839874268, 70.1760482788, 9.35420322418, 1.74223935604, 0.186389803886, 0.0144250662997, 0.000442662654677, 3.51966650669e-06, 3.0942197693e-09, 4.7628789801e-10], "min": [4.4336078088e-23, 3.44387186754e-22, 1.3727255126e-21, 1.21706005718e-21, 1.08366169397e-20, 3.02251472709e-20, 4.72762283655e-20, 3.61174778916e-20, 9.46614119272e-20, 1.74425313947e-19, 1.81246477923e-19, 2.87202562901e-19, 3.51968659364e-19, 4.67220457894e-19, 8.28067091676e-19, 1.110991554e-18, 1.61727675369e-18, 1.88543185448e-18, 2.18764063691e-18, 3.09105586908e-18, 3.6905221376e-18, 4.81539140413e-18, 4.52966130027e-18, 4.42534472604e-18, 5.90735749384e-18, 8.39836227771e-18, 7.65069936462e-18, 9.48839772787e-18, 1.07398889074e-17, 1.20666634489e-17, 1.03057299281e-17, 9.43950390905e-18, 9.384586561e-18, 7.69118654688e-18, 5.2359362314e-18, 3.32753274414e-18, 2.40186304477e-18, 8.62350884633e-19, 2.4959823432e-19, 2.81943283942e-20], "dmean": [0.134317502379, 0.882934868336, 1.60898113251, 3.14727258682, 2.95386052132, 3.49426054955, 4.54597139359, 7.97827863693, 8.21193218231, 7.64692592621, 10.5826511383, 14.8016967773, 14.7417936325, 21.2782707214, 16.5913639069, 17.5572223663, 15.0530843735, 10.8595275879, 10.4491281509, 10.8569116592, 13.6726036072, 11.5664730072, 15.667386055, 14.3982124329, 14.4969787598, 9.74475288391, 6.07952737808, 3.85995531082, 3.15517139435, 3.307087183, 2.1379365921, 1.30750286579, 0.576896846294, 0.285653471947, 0.105211853981, 0.0303128156811, 0.00561299687251, 0.000535020255484, 1.6205924112e-05, 9.15823602554e-06], "mean": [0.163494601846, 1.05248558521, 2.36657333374, 4.68222093582, 4.54548454285, 4.99669122696, 7.24791622162, 12.4882831573, 13.0083122253, 12.2863903046, 16.9398841858, 23.0560092926, 24.1145591736, 35.9520454407, 29.4866027832, 29.9326877594, 25.3539409637, 18.0650672913, 18.3779983521, 20.4313602448, 27.4259128571, 24.4209308624, 31.7244338989, 28.8764667511, 31.0141792297, 20.915353775, 13.4709787369, 8.51858997345, 6.83007955551, 7.20619487762, 4.76758337021, 2.71157169342, 1.2495547533, 0.590504765511, 0.201561719179, 0.0561339259148, 0.0103450873867, 0.000974879018031, 3.92010661017e-05, 2.84297439066e-05], "max": [3.99210619926, 24.8743553162, 48.9891471863, 112.571136475, 129.215774536, 174.465866089, 445.618988037, 476.999908447, 763.86907959, 649.65020752, 793.038818359, 970.581481934, 1584.49719238, 3887.85791016, 2071.2800293, 1913.89587402, 1986.51806641, 1611.88806152, 939.15637207, 1060.37426758, 2433.40136719, 1117.47937012, 1112.99584961, 906.441650391, 1036.72753906, 739.615356445, 765.090393066, 376.815460205, 355.560546875, 521.661376953, 290.087036133, 292.024261475, 105.551063538, 31.9126758575, 10.2288999557, 2.32695651054, 0.475367635489, 0.0322041772306, 0.000954173970968, 0.000188386329683], "dmean2": [0.22456343472, 1.54326689243, 2.69114208221, 5.24012756348, 4.90701150894, 5.74134159088, 7.3327255249, 12.818696022, 13.4532995224, 12.5966663361, 17.145450592, 23.4799938202, 23.657957077, 34.4726142883, 25.8692131042, 27.8690357208, 23.9443244934, 17.7034778595, 16.9676094055, 17.4085025787, 21.7637882233, 18.6273288727, 25.5194149017, 23.8761196136, 23.4489650726, 15.8310604095, 9.74924182892, 6.03412055969, 4.74952220917, 4.99730443954, 3.13868689537, 1.89663529396, 0.819061875343, 0.400320827961, 0.14873726666, 0.0431172735989, 0.00790522899479, 0.000758811831474, 2.29440574913e-05, 1.4609910977e-05], "median": [0.0411432012916, 0.428926855326, 1.05461895466, 2.19263339043, 2.25817394257, 2.41463255882, 3.04270982742, 4.01373720169, 5.65903282166, 5.31489372253, 6.26539468765, 6.9736571312, 7.53495836258, 7.95153522491, 6.81479072571, 8.38103199005, 7.40287208557, 6.96052408218, 7.69513177872, 8.53613853455, 9.79849338531, 11.1630449295, 13.1736297607, 13.2533636093, 13.0253391266, 8.50026607513, 5.11737298965, 2.7687458992, 1.7923771143, 1.57747924328, 1.11164188385, 0.637597858906, 0.305829495192, 0.127473324537, 0.0426991917193, 0.0123275676742, 0.00212670327164, 0.000195224565687, 1.88523263205e-05, 2.41258894675e-05], "dvar": [0.0797261372209, 3.55465006828, 9.17137622833, 37.5745811462, 31.3473854065, 66.3888320923, 100.604393005, 391.953216553, 368.63873291, 410.793395996, 735.049682617, 1632.98254395, 1869.64575195, 6057.31054688, 3611.01513672, 2756.14648438, 2188.57885742, 1046.66784668, 728.975708008, 762.227966309, 1784.29211426, 514.134643555, 1030.35546875, 856.094543457, 1002.53900146, 420.368591309, 200.456039429, 75.9940795898, 81.2953491211, 115.34362793, 50.5671005249, 33.7447547913, 3.78762888908, 0.580697894096, 0.0701282843947, 0.00587134435773, 0.00017111026682, 1.29255727188e-06, 1.00352415267e-09, 1.55550766712e-10]}, "silence_rate_30dB": {"dvar2": 0.00133628374897, "var": 0.000303763896227, "min": 0, "dmean": 0.000486263073981, "mean": 0.999696075916, "max": 1, "dmean2": 0.000972585228737, "median": 1, "dvar": 0.000486006465508}, "melbands_spread": {"dvar2": 252.956558228, "var": 623.929992676, "min": 0.333597868681, "dmean": 8.99698257446, "mean": 31.2423858643, "max": 231.768997192, "dmean2": 14.3715782166, "median": 25.6033439636, "dvar": 114.147544861}, "melbands_crest": {"dvar2": 27.8683376312, "var": 41.6096496582, "min": 1.54052388668, "dmean": 3.72530889511, "mean": 13.9503765106, "max": 38.7419281006, "dmean2": 6.05490112305, "median": 12.7364387512, "dvar": 11.6251144409}, "zerocrossingrate": {"dvar2": 0.00013877110905, "var": 0.00334672629833, "min": 0, "dmean": 0.00993078947067, "mean": 0.0715300440788, "max": 0.52978515625, "dmean2": 0.0117035238072, "median": 0.06201171875, "dvar": 0.000123560617794}, "barkbands_kurtosis": {"dvar2": 1739.60864258, "var": 741.102661133, "min": -1.85128653049, "dmean": 4.50196552277, "mean": 5.14791965485, "max": 2167.51342773, "dmean2": 7.54107379913, "median": 0.786824703217, "dvar": 639.999450684}, "spectral_flux": {"dvar2": 0.00131058122497, "var": 0.00202015927061, "min": 6.22554577334e-11, "dmean": 0.0205908194184, "mean": 0.0798166915774, "max": 0.334571957588, "dmean2": 0.032320227474, "median": 0.0753545686603, "dvar": 0.000583942630328}, "barkbands_crest": {"dvar2": 21.5655288696, "var": 23.2580394745, "min": 2.05975174904, "dmean": 3.09232521057, "mean": 9.82171344757, "max": 26.5160884857, "dmean2": 5.10683059692, "median": 8.65617084503, "dvar": 8.77701377869}, "barkbands_flatness_db": {"dvar2": 0.00150457175914, "var": 0.00267081079073, "min": 0.026785146445, "dmean": 0.0236724931747, "mean": 0.126826360822, "max": 0.483512073755, "dmean2": 0.0374725349247, "median": 0.119351059198, "dvar": 0.000649523106404}, "spectral_entropy": {"dvar2": 0.0295586492866, "var": 0.14520072937, "min": 5.66929769516, "dmean": 0.113776229322, "mean": 7.75861310959, "max": 9.82903385162, "dmean2": 0.172893002629, "median": 7.74819374084, "dvar": 0.0140950931236}, "pitch_salience": {"dvar2": 0.0153378359973, "var": 0.0175796542317, "min": 0.0307812076062, "dmean": 0.0831586122513, "mean": 0.575230717659, "max": 0.863903641701, "dmean2": 0.135554730892, "median": 0.593435406685, "dvar": 0.00618289597332}, "erbbands_spread": {"dvar2": 143.11730957, "var": 318.479644775, "min": 1.28671681881, "dmean": 7.43481636047, "mean": 41.1267318726, "max": 149.137115479, "dmean2": 11.821644783, "median": 39.1148948669, "dvar": 59.2371101379}, "dynamic_complexity": 4.08113241196, "spectral_contrast_valleys": {"dvar2": [0.30443456769, 0.23774522543, 0.206147566438, 0.183865442872, 0.191092923284, 0.166020661592], "var": [5.64785385132, 5.16491651535, 5.0021686554, 4.86841249466, 5.27477359772, 4.54209804535], "min": [-28.4128322601, -28.0606365204, -27.7516307831, -27.7368183136, -27.6543273926, -27.4276542664], "dmean": [0.405797243118, 0.357799440622, 0.320653051138, 0.281837821007, 0.252011924982, 0.273138493299], "mean": [-7.6927113533, -7.00469684601, -7.50451755524, -7.77810573578, -7.49117517471, -10.5417785645], "max": [-5.06067895889, -4.61010026932, -5.29184246063, -5.42386388779, -5.46335506439, -7.60014057159], "dmean2": [0.659481287003, 0.583223342896, 0.515692830086, 0.447113364935, 0.383830428123, 0.361334651709], "median": [-7.12086963654, -6.66376781464, -7.17451143265, -7.44981908798, -7.09028863907, -10.2028722763], "dvar": [0.128001451492, 0.0971031114459, 0.0868610516191, 0.0850120335817, 0.0954257100821, 0.100656881928]}, "hfc": {"dvar2": 143.469558716, "var": 411.32019043, "min": 1.0455580148e-16, "dmean": 5.31801176071, "mean": 20.0489253998, "max": 198.132278442, "dmean2": 7.87432432175, "median": 13.2890853882, "dvar": 68.9077911377}, "spectral_kurtosis": {"dvar2": 6.85142660141, "var": 5.34756183624, "min": -1.27090907097, "dmean": 1.27272689342, "mean": 3.39404129982, "max": 64.4180297852, "dmean2": 2.19562268257, "median": 2.92171669006, "dvar": 2.31253409386}, "mfcc": {"mean": [-655.605834961, 110.290847778, -11.1354808807, 31.4216823578, -1.1310018301, 4.52341222763, 1.36150872707, 8.40197086334, -2.67783641815, 4.31352949142, -1.27200901508, 1.50047957897, 0.864548623562], "cov": [[10971.3710938, -183.718933105, -117.596206665, 287.811737061, 18.4312438965, -34.3166313171, 231.977218628, 305.331756592, -171.966201782, 96.7814483643, -52.7378158569, -35.1323814392, 29.5768527985], [-183.718933105, 1336.11804199, -145.606811523, 124.209968567, 38.2690887451, 3.56580233574, -2.0319340229, 27.7635765076, 68.9505004883, 15.0588903427, -16.7181816101, -5.90782403946, -17.5344619751], [-117.596206665, -145.606811523, 627.634765625, 88.8742675781, 160.770584106, 99.9174804688, 56.6045837402, 32.4386100769, 62.8047523499, 20.312915802, 29.7996692657, 8.26555919647, -13.1544189453], [287.811737061, 124.209968567, 88.8742675781, 384.688171387, 102.252166748, 63.4416465759, 60.2174873352, -3.7600107193, 54.9521331787, 48.6825256348, 14.5479688644, 17.0060691833, -14.175037384], [18.4312438965, 38.2690887451, 160.770584106, 102.252166748, 254.390258789, 93.5559158325, 57.0091323853, 34.0132141113, 57.6573371887, 25.1698246002, 12.513256073, -1.92595648766, -6.09296274185], [-34.3166313171, 3.56580233574, 99.9174804688, 63.4416465759, 93.5559158325, 207.041290283, 57.4775314331, 22.112487793, 22.1392059326, -6.12837839127, 24.795173645, 11.7458133698, -11.8997879028], [231.977218628, -2.0319340229, 56.6045837402, 60.2174873352, 57.0091323853, 57.4775314331, 225.585876465, 60.650554657, 15.2114591599, 24.7937316895, 5.93655014038, 16.1908283234, 3.04960846901], [305.331756592, 27.7635765076, 32.4386100769, -3.7600107193, 34.0132141113, 22.112487793, 60.650554657, 156.976135254, 16.320098877, 23.8896350861, 11.8853702545, -11.6082143784, 14.9952716827], [-171.966201782, 68.9505004883, 62.8047523499, 54.9521331787, 57.6573371887, 22.1392059326, 15.2114591599, 16.320098877, 144.028991699, 29.7515048981, 15.7015628815, 0.19310733676, -11.9879837036], [96.7814483643, 15.0588903427, 20.312915802, 48.6825256348, 25.1698246002, -6.12837839127, 24.7937316895, 23.8896350861, 29.7515048981, 97.761428833, 24.5155754089, 10.6907081604, 3.58999705315], [-52.7378158569, -16.7181816101, 29.7996692657, 14.5479688644, 12.513256073, 24.795173645, 5.93655014038, 11.8853702545, 15.7015628815, 24.5155754089, 76.9241104126, 25.6245269775, 7.71439218521], [-35.1323814392, -5.90782403946, 8.26555919647, 17.0060691833, -1.92595648766, 11.7458133698, 16.1908283234, -11.6082143784, 0.19310733676, 10.6907081604, 25.6245269775, 71.1662216187, 18.8165950775], [29.5768527985, -17.5344619751, -13.1544189453, -14.175037384, -6.09296274185, -11.8997879028, 3.04960846901, 14.9952716827, -11.9879837036, 3.58999705315, 7.71439218521, 18.8165950775, 69.3550796509]], "icov": [[0.000106108673208, 2.67008545052e-05, 3.14963035635e-05, -0.000118186464533, 4.35074935012e-06, 4.13436100644e-05, -4.44750294264e-05, -0.000225331023103, 0.000172971180291, -6.71834131936e-05, 9.12416580832e-05, 1.73239095602e-05, 1.99953046831e-05], [2.67008545052e-05, 0.000846900627948, 0.000305800145725, -0.000310985662509, -0.000126303813886, 2.07980556297e-05, 0.000112152163638, -0.000311620591674, -0.000342553132214, 5.89933079027e-05, 0.000266407529125, -0.000115402173833, 0.000191497863852], [3.14963035635e-05, 0.000305800145725, 0.0020911290776, -0.000198043737328, -0.00101465277839, -0.000334982614731, -6.12909425399e-05, -0.000254472513916, -0.000414430425735, 0.000109658576548, -0.000301482970826, -0.000147715487401, 0.000327424088027], [-0.000118186464533, -0.000310985662509, -0.000198043737328, 0.00350433099084, -0.000784916686825, -0.000547269533854, -0.000494351959787, 0.00102991901804, -0.000622621621005, -0.00129681546241, 0.000115679140436, -0.000491078768391, 0.000366518448573], [4.35074935012e-06, -0.000126303813886, -0.00101465277839, -0.000784916686825, 0.00604679435492, -0.00187566550449, -0.000403506710427, -0.000372689886717, -0.0011921551777, -0.000691182969604, 0.000448097212939, 0.000889936171006, -0.000540512730367], [4.13436100644e-05, 2.07980556297e-05, -0.000334982614731, -0.000547269533854, -0.00187566550449, 0.00677348766476, -0.00107560644392, -0.000525347364601, 0.000176918707439, 0.00209661340341, -0.00203488441184, -0.000750282488298, 0.00132247176953], [-4.44750294264e-05, 0.000112152163638, -6.12909425399e-05, -0.000494351959787, -0.000403506710427, -0.00107560644392, 0.00572028150782, -0.00204481021501, 0.000124862519442, -0.000781390932389, 0.0011707508238, -0.00174212199636, 0.000309700408252], [-0.000225331023103, -0.000311620591674, -0.000254472513916, 0.00102991901804, -0.000372689886717, -0.000525347364601, -0.00204481021501, 0.00873641110957, -0.000706306716893, -0.00140339508653, -0.00144021655433, 0.00299041788094, -0.0024428954348], [0.000172971180291, -0.000342553132214, -0.000414430425735, -0.000622621621005, -0.0011921551777, 0.000176918707439, 0.000124862519442, -0.000706306716893, 0.00883124768734, -0.00180571468081, -0.000890266383067, 0.000258235144429, 0.00135552347638], [-6.71834131936e-05, 5.89933079027e-05, 0.000109658576548, -0.00129681546241, -0.000691182969604, 0.00209661340341, -0.000781390932389, -0.00140339508653, -0.00180571468081, 0.0133321192116, -0.00373092480004, -0.000820392393507, 7.14636698831e-05], [9.12416580832e-05, 0.000266407529125, -0.000301482970826, 0.000115679140436, 0.000448097212939, -0.00203488441184, 0.0011707508238, -0.00144021655433, -0.000890266383067, -0.00373092480004, 0.0172089729458, -0.00560397841036, -0.000409475585911], [1.73239095602e-05, -0.000115402173833, -0.000147715487401, -0.000491078768391, 0.000889936171006, -0.000750282488298, -0.00174212199636, 0.00299041788094, 0.000258235144429, -0.000820392393507, -0.00560397841036, 0.01872019656, -0.00515396147966], [1.99953046831e-05, 0.000191497863852, 0.000327424088027, 0.000366518448573, -0.000540512730367, 0.00132247176953, 0.000309700408252, -0.0024428954348, 0.00135552347638, 7.14636698831e-05, -0.000409475585911, -0.00515396147966, 0.0169638972729]]}, "silence_rate_20dB": {"dvar2": 0, "var": 0, "min": 1, "dmean": 0, "mean": 1, "max": 1, "dmean2": 0, "median": 1, "dvar": 0}, "melbands_kurtosis": {"dvar2": 1909.66967773, "var": 1317.82568359, "min": -1.82750427723, "dmean": 10.4385185242, "mean": 16.3289165497, "max": 1701.71020508, "dmean2": 17.4121112823, "median": 5.67903900146, "dvar": 749.675109863}, "barkbands_spread": {"dvar2": 114.759414673, "var": 210.046203613, "min": 0.16738922894, "dmean": 6.41222286224, "mean": 25.8297195435, "max": 101.432006836, "dmean2": 10.2811260223, "median": 23.9584331512, "dvar": 49.1196899414}, "erbbands_skewness": {"dvar2": 0.246959522367, "var": 0.577348947525, "min": -4.0424489975, "dmean": 0.334789395332, "mean": -0.0108923995867, "max": 4.51545763016, "dmean2": 0.527744591236, "median": 0.00124742428306, "dvar": 0.10175897181}, "average_loudness": 0.627467215061, "spectral_centroid": {"dvar2": 204266, "var": 1458756.25, "min": 233.203842163, "dmean": 278.440460205, "mean": 1842.04406738, "max": 11884.3027344, "dmean2": 441.165557861, "median": 1738.90783691, "dvar": 89404.9296875}, "dissonance": {"dvar2": 0.000497042143252, "var": 0.000365543703083, "min": 0.273827731609, "dmean": 0.0129071865231, "mean": 0.478524059057, "max": 0.500000119209, "dmean2": 0.0218690484762, "median": 0.484093904495, "dvar": 0.000184336662642}, "erbbands_flatness_db": {"dvar2": 0.000362536113244, "var": 0.00195248110685, "min": 0.036911316216, "dmean": 0.0144097013399, "mean": 0.159310907125, "max": 0.411578774452, "dmean2": 0.0211410615593, "median": 0.153730601072, "dvar": 0.000186732853763}, "spectral_strongpeak": {"dvar2": 2.52129101753, "var": 1.84801852703, "min": 0, "dmean": 0.510840237141, "mean": 0.847380340099, "max": 16.963558197, "dmean2": 0.864340364933, "median": 0.334593087435, "dvar": 0.985955417156}, "spectral_rms": {"dvar2": 1.83039117019e-06, "var": 3.53575728695e-06, "min": 3.10667529028e-12, "dmean": 0.000739384267945, "mean": 0.00417354609817, "max": 0.0125084305182, "dmean2": 0.00118255137932, "median": 0.00422687735409, "dvar": 7.37673190088e-07}, "silence_rate_60dB": {"dvar2": 0.0226719211787, "var": 0.101977214217, "min": 0, "dmean": 0.0103330900893, "mean": 0.115237340331, "max": 1, "dmean2": 0.020667437464, "medi