{"tonal": {"thpcp": [1, 0.501201272011, 0.0782814100385, 0.0971539914608, 0.0673906207085, 0.294434696436, 0.45639872551, 0.20917160809, 0.283193707466, 0.472321182489, 0.221281468868, 0.0850289613008, 0.136962205172, 0.114839330316, 0.299687445164, 0.389626532793, 0.158867999911, 0.0815329924226, 0.110347896814, 0.0844969004393, 0.478392958641, 0.721771419048, 0.318225681782, 0.187927410007, 0.250573068857, 0.128925636411, 0.138064369559, 0.180046334863, 0.100108638406, 0.227719888091, 0.351797163486, 0.163924142718, 0.104081340134, 0.165935248137, 0.109294243157, 0.556891798973], "hpcp": {"dmean2": [0.0543065220118, 0.0476082228124, 0.0610319003463, 0.0548707991838, 0.0490288697183, 0.0392761975527, 0.0446427613497, 0.0473541617393, 0.0973462983966, 0.113577529788, 0.0935779362917, 0.0311239361763, 0.0264605935663, 0.0323932394385, 0.0781639516354, 0.0881452858448, 0.0657120645046, 0.0688933208585, 0.0760104730725, 0.0471983216703, 0.0250097587705, 0.0341954827309, 0.0398828797042, 0.094232223928, 0.092605702579, 0.041445415467, 0.0271193888038, 0.0307017192245, 0.0334929041564, 0.0864472091198, 0.101237148046, 0.0898989066482, 0.0590740330517, 0.0592167116702, 0.0563107319176, 0.0525771752], "median": [0.00462667038664, 0.00777241261676, 0.00595188187435, 0.00765278516337, 0.00348553014919, 0.00236047338694, 0.00234708865173, 0.00429038330913, 0.0655802413821, 0.120563015342, 0.0646912455559, 0.00274963164702, 0.000894266820978, 0.002201406518, 0.0129141621292, 0.0235681124032, 0.0185793694109, 0.0110722566023, 0.0131421387196, 0.00848211254925, 0.00358909508213, 0.00398613931611, 0.00796088203788, 0.0130677307025, 0.0143335638568, 0.00735479546711, 0.00218276283704, 0.00155917438678, 0.00367163098417, 0.0331701934338, 0.0628655478358, 0.0515240840614, 0.00178836053237, 0.00115449982695, 0.00243915151805, 0.00361976050772], "min": [0, 0, 0, 0, 0, 0, 0, 0, 0, 0, 0, 0, 0, 0, 2.34063378457e-07, 0, 0, 0, 0, 0, 0, 0, 1.28801082155e-06, 0, 0, 6.33114272119e-09, 0, 0, 0, 0, 0, 0, 0, 0, 0, 0], "dvar2": [0.0290399733931, 0.0273058786988, 0.0308170206845, 0.0291624926031, 0.0204576589167, 0.0194602273405, 0.0243952739984, 0.0198881905526, 0.0298890471458, 0.0542723424733, 0.0274478588253, 0.00967044569552, 0.0113464845344, 0.0112048201263, 0.026441687718, 0.0427448451519, 0.0225131772459, 0.0269708465785, 0.0362453125417, 0.0107828043401, 0.0045853802003, 0.00941247679293, 0.0103999013081, 0.0706549733877, 0.0555429160595, 0.0107937343419, 0.00711793079972, 0.0136188082397, 0.00953245628625, 0.0316002108157, 0.0481274686754, 0.034521792084, 0.0259802099317, 0.0367876961827, 0.0311336778104, 0.0252819359303], "dvar": [0.0126793663949, 0.00928708445281, 0.0115353064612, 0.0146615197882, 0.00780557608232, 0.00762693909928, 0.011105873622, 0.00728216161951, 0.0132662709802, 0.0303094703704, 0.0129432883114, 0.00378015963361, 0.00531670963392, 0.00425667781383, 0.0123633891344, 0.0218346621841, 0.00878352578729, 0.0113075170666, 0.0197283197194, 0.00522867403924, 0.00216894922778, 0.00522432662547, 0.0040366272442, 0.0257216263562, 0.0245515480638, 0.00494734430686, 0.00329034472816, 0.00681556388736, 0.00354455807246, 0.014326961711, 0.0247264225036, 0.0128805777058, 0.0107672950253, 0.016530495137, 0.0113350627944, 0.0104372920468], "dmean": [0.0333909206092, 0.0273800343275, 0.036813236773, 0.0348030589521, 0.0293640121818, 0.022907692939, 0.0281469784677, 0.0273866057396, 0.0603343807161, 0.0723023340106, 0.0580178759992, 0.0183832701296, 0.0162854343653, 0.0187059156597, 0.0498011149466, 0.0556875839829, 0.0390819720924, 0.041937392205, 0.0476316325366, 0.0298891719431, 0.01580228284, 0.0225481521338, 0.0236213300377, 0.054579410702, 0.0552347227931, 0.0259180031717, 0.0168349761516, 0.0189980752766, 0.0193889755756, 0.053925819695, 0.0645878836513, 0.0526155047119, 0.0351875722408, 0.0358018763363, 0.0331178195775, 0.0326401852071], "max": [1, 1, 1, 1, 0.948764801025, 1, 1, 1, 1, 1, 1, 0.93343937397, 1, 1, 1, 1, 1, 1, 1, 1, 0.828205049038, 1, 1, 1, 1, 0.925093591213, 0.900755226612, 1, 1, 1, 1, 1, 1, 1, 1, 1], "var": [0.0369857735932, 0.0108652003109, 0.0341491997242, 0.090378664434, 0.0201946739107, 0.0146978795528, 0.0363628491759, 0.0104025360197, 0.0663573220372, 0.187004387379, 0.0516588017344, 0.00883131939918, 0.0214590467513, 0.00657125469297, 0.0400058217347, 0.092876508832, 0.0186574049294, 0.0363588817418, 0.105393730104, 0.0229136496782, 0.00769249396399, 0.0231598839164, 0.00970329996198, 0.0535948015749, 0.0860624983907, 0.0161484330893, 0.0101538440213, 0.0237002037466, 0.00656107673422, 0.070875570178, 0.137616455555, 0.0259131994098, 0.0380642712116, 0.0659361854196, 0.0165883563459, 0.02005363442], "mean": [0.0690650343895, 0.038401260972, 0.0873524099588, 0.134947940707, 0.062880627811, 0.039925172925, 0.0636520758271, 0.0419248230755, 0.213621392846, 0.383595883846, 0.192258745432, 0.0300284270197, 0.037267871201, 0.0258507635444, 0.112943939865, 0.175072669983, 0.0802373662591, 0.108631938696, 0.181180462241, 0.0848826617002, 0.0326167605817, 0.0525381378829, 0.0440518930554, 0.114958867431, 0.149459138513, 0.0609411112964, 0.0312757194042, 0.0423289984465, 0.0324126631021, 0.18350957334, 0.27686855197, 0.12207005918, 0.0720881819725, 0.0961187928915, 0.049455344677, 0.0529609248042]}, "tuning_equal_tempered_deviation": 0.0191030856222, "chords_changes_rate": 0.0571251176298, "key_key": "C", "tuning_diatonic_strength": 0.429993122816, "key_scale": "minor", "chords_number_rate": 0.00403601350263, "tuning_frequency": 440.508636475, "tuning_nontempered_energy_ratio": 0.596561849117, "chords_histogram": [30.7668418884, 1.14871156216, 9.22073936462, 7.01645469666, 2.11114549637, 3.53927350044, 4.34647607803, 9.15864658356, 0, 6.42657566071, 1.39708161354, 0.403601378202, 0.776156485081, 0.124185033143, 0, 0.683017671108, 0, 1.80068302155, 0.0620925165713, 0.403601378202, 0.155231297016, 0.341508835554, 11.3008384705, 8.8171377182], "key_strength": 0.742458581924, "chords_key": "C", "chords_strength": {"dmean2": 0.00517601286992, "median": 0.419142514467, "min": 0.177492216229, "dvar2": 3.9671533159e-05, "dvar": 4.89649974043e-05, "dmean": 0.00858317222446, "max": 0.687303483486, "var": 0.00715441815555, "mean": 0.420884072781}, "chords_scale": "minor", "hpcp_entropy": {"dmean2": 0.522599518299, "median": 1.21257019043, "min": 0.037714779377, "dvar2": 0.375063151121, "dvar": 0.154125809669, "dmean": 0.305281311274, "max": 3.91510629654, "var": 0.45035007596, "mean": 1.27616631985}}, "metadata": {"audio_properties": {"equal_loudness": 0, "codec": "flac", "downmix": "mix", "sample_rate": 44100, "analysis_sample_rate": 44100, "bit_rate": 0, "md5_encoded": "fdf12e32959acfdb1af7b66ca36ec285", "length": 149.533340454, "replay_gain": -8.31602668762, "lossless": true}, "version": {"essentia_build_sha": "2d9f1f26377add8aeb1075a9c2973f962c4f09fd", "essentia": "2.1-beta2", "extractor": "music 1.0", "essentia_git_sha": "v2.1_beta2-1-ge3940c0"}, "tags": {"title": ["Prelude and Fugue no. 2 in C minor, BWV 871: II. Fuga"], "barcode": ["684911411621"], "media": ["CD"], "albumartist": ["J.S. Bach; Rosalyn Tureck"], "albumartistsort": ["Bach, Johann Sebastian; Tureck, Rosalyn"], "tracktotal": ["20"], "language": ["zxx"], "performer": ["Rosalyn Tureck (piano)"], "releasetype": ["album"], "musicbrainz_recordingid": ["15fba122-f11a-46ea-b5fd-2f2021b4555b"], "composer": ["Johann Sebastian Bach"], "musicbrainz_releasegroupid": ["cd6d81fa-a8ae-30ad-8037-e3002760b835"], "musicbrainz_albumartistid": ["24f1766e-9635-4d58-a4d4-9413f9f98a4c", "7e102c96-3536-4ff9-ac29-d189eed65dc9"], "musicbrainz_releasetrackid": ["0cb988f8-30be-39dd-9ca8-cc2ffbd52315"], "discnumber": ["1"], "composersort": ["Bach, Johann Sebastian"], "catalognumber": ["BBCL 4116-2"], "releasecountry": ["GB"], "file_name": "CD1 04 Prelude and Fugue no. 2 in C minor, BWV 871_ II. Fuga.flac", "originaldate": ["2003-04-02"], "work": ["The Well-Tempered Clavier, Book II: Prelude and Fugue no. 2 in C minor, BWV 871: Fugue"], "date": ["2003-04-02"], "genre": ["Classical"], "musicbrainz_albumid": ["41829bb2-16c3-4724-b9dd-a385fb6118cb"], "disctotal": ["3"], "tracknumber": ["4"], "releasestatus": ["official"], "musicbrainz_artistid": ["24f1766e-9635-4d58-a4d4-9413f9f98a4c"], "asin": ["B00008OP29"], "musicbrainz_workid": ["e5d93400-0021-3788-9d6e-20a1c89be626"], "artist": ["Johann Sebastian Bach"], "totaltracks": ["20"], "artistsort": ["Bach, Johann Sebastian"], "album": ["The Well-Tempered Clavier, Book 2"], "label": ["BBC Legends"], "isrc": ["USB8U1016373"], "totaldiscs": ["3"], "script": ["Latn"], "acoustid_id": ["eb6342e8-c72c-4d01-84a0-2e1ab99879d3"]}}, "rhythm": {"bpm_histogram_first_peak_bpm": {"dmean2": 0, "median": 96, "min": 96, "dvar2": 0, "dvar": 0, "dmean": 0, "max": 96, "var": 0, "mean": 96}, "bpm": 96.6636734009, "bpm_histogram_second_peak_spread": {"dmean2": 0, "median": 0.384615361691, "min": 0.384615361691, "dvar2": 0, "dvar": 0, "dmean": 0, "max": 0.384615361691, "var": 0, "mean": 0.384615361691}, "bpm_histogram_first_peak_weight": {"dmean2": 0, "median": 0.198380559683, "min": 0.198380559683, "dvar2": 0, "dvar": 0, "dmean": 0, "max": 0.198380559683, "var": 0, "mean": 0.198380559683}, "onset_rate": 2.01273012161, "beats_position": [0.708208620548, 1.42802715302, 2.11301589012, 2.7863945961, 3.45977306366, 4.1099319458, 4.73687076569, 5.3754196167, 6.01396799088, 6.64090681076, 7.27945566177, 7.92961454391, 8.56816291809, 9.21832180023, 9.85687065125, 10.4954195023, 11.1223583221, 11.749297142, 12.3762359619, 13.0147848129, 13.6533327103, 14.2802715302, 14.90721035, 15.545759201, 16.1843090057, 16.8112468719, 17.4381847382, 18.0651245117, 18.7152824402, 19.3422222137, 19.9459400177, 20.549659729, 21.1417675018, 21.733877182, 22.3143768311, 22.8832645416, 23.4521541595, 24.0326519012, 24.6131515503, 25.1936511993, 25.7857589722, 26.3778686523, 26.9699764252, 27.5620861053, 28.1541938782, 28.7579135895, 29.3616313934, 29.9769611359, 30.6038990021, 31.2308387756, 31.8577766418, 32.4847145081, 33.0884361267, 33.6921539307, 34.2842636108, 34.8763694763, 35.4684791565, 36.0722007751, 36.6759185791, 37.2912483215, 37.8949661255, 38.4986839294, 39.1024017334, 39.7061233521, 40.309841156, 40.91355896, 41.5056686401, 42.1093864441, 42.7014961243, 43.3284339905, 43.9437637329, 44.5707015991, 45.2092514038, 45.83618927, 46.4515190125, 47.0784568787, 47.6937866211, 48.297504425, 48.901222229, 49.5049438477, 50.1086616516, 50.7355995178, 51.3393173218, 51.9430389404, 52.5699768066, 53.1969146729, 53.8122444153, 54.4391822815, 55.0545120239, 55.6698417664, 56.2735595703, 56.8656692505, 57.4693870544, 58.0731048584, 58.6884346008, 59.315372467, 59.9539222717, 60.5808601379, 61.3238983154, 62.0669364929, 62.7867546082, 63.5065765381, 64.2031707764, 64.899772644, 65.5499343872, 66.1884765625, 66.8618545532, 67.5004043579, 68.1273422241, 68.7542877197, 69.358001709, 69.9617233276, 70.5770492554, 71.1923828125, 71.8193206787, 72.423034668, 73.0267562866, 73.6072540283, 74.2225799561, 74.8379135132, 75.4416275024, 76.0453491211, 76.6722869873, 77.2876205444, 77.8913345337, 78.4834442139, 79.0871658325, 79.7141036987, 80.3294296265, 80.9447631836, 81.5717010498, 82.198638916, 82.8023605347, 83.3828582764, 83.9865722656, 84.5786819458, 85.1940155029, 85.8209533691, 86.5175476074, 87.2025375366, 87.8643035889, 88.5260772705, 89.1878433228, 89.872833252, 90.5578231812, 91.1963729858, 91.8349151611, 92.4850769043, 93.1120147705, 93.7157363892, 94.3310623169, 94.946395874, 95.5733337402, 96.2002716064, 96.8272094727, 97.4309310913, 98.0346450806, 98.6615829468, 99.288520813, 99.9038543701, 100.519180298, 101.146118164, 101.77305603, 102.400001526, 103.015327454, 103.619049072, 104.234375, 104.849700928, 105.465034485, 106.091972351, 106.718910217, 107.322631836, 107.926345825, 108.518455505, 109.133781433, 109.772331238, 110.492149353, 111.223579407, 111.908569336, 112.593559265, 113.255325317, 113.917098999, 114.544036865, 115.18258667, 115.821128845, 116.448066711, 117.075012207, 117.678726196, 118.282447815, 118.886169434, 119.5131073, 120.140045166, 120.778594971, 121.38230896, 122.020858765, 122.636184692, 123.274734497, 123.92489624, 124.575057983, 125.248435974, 125.921813965, 126.64163208, 127.40789032, 128.17414856, 128.94039917, 129.61378479, 130.29876709, 130.937316895, 131.552658081, 132.167984009, 132.736862183, 133.305755615, 133.77015686, 134.234558105, 134.710571289, 135.198181152, 135.697418213, 136.196640015, 136.695877075, 137.090606689, 137.485351563, 137.856872559, 138.228393555, 138.599899292, 138.971420288, 139.342941284, 139.702850342, 140.062759399, 140.422668457, 140.770965576, 141.177322388, 141.572067261, 141.966796875, 142.361541748, 142.791107178, 143.220672607, 143.650253296, 144.079818726, 144.520996094, 144.962173462, 145.40335083, 145.867752075, 146.33215332, 146.796554565, 147.260955811, 147.725341797, 148.189743042, 148.665756226], "beats_loudness": {"dmean2": 0.03653960675, "median": 0.0159739311785, "min": 1.22677818126e-06, "dvar2": 0.00242881267332, "dvar": 0.000864307803567, "dmean": 0.0201534610242, "max": 0.196186348796, "var": 0.00118361460045, "mean": 0.0286076087505}, "danceability": 1.02960276604, "bpm_histogram_second_peak_weight": {"dmean2": 0, "median": 0.0647773295641, "min": 0.0647773295641, "dvar2": 0, "dvar": 0, "dmean": 0, "max": 0.0647773295641, "var": 0, "mean": 0.0647773295641}, "beats_count": 248, "bpm_histogram_second_peak_bpm": {"dmean2": 0, "median": 101, "min": 101, "dvar2": 0, "dvar": 0, "dmean": 0, "max": 101, "var": 0, "mean": 101}, "bpm_histogram_first_peak_spread": {"dmean2": 0, "median": 0.679738581181, "min": 0.679738581181, "dvar2": 0, "dvar": 0, "dmean": 0, "max": 0.679738581181, "var": 0, "mean": 0.679738581181}, "beats_loudness_band_ratio": {"dmean2": [0.172126397491, 0.29916703701, 0.290921002626, 0.149944916368, 0.0295824464411, 0.00587182119489], "median": [0.0329323485494, 0.352135658264, 0.463496476412, 0.0627516210079, 0.0106611605734, 0.00116734788753], "min": [0.000179240130819, 0.00260123773478, 0.000637586577795, 0.000154032022692, 0.0002845316194, 1.59047449415e-05], "dvar2": [0.0376545973122, 0.0551082715392, 0.0573340654373, 0.0468523614109, 0.00155955448281, 0.000118536583614], "dvar": [0.0147983869538, 0.0225443895906, 0.0255466662347, 0.0167234800756, 0.000525362731423, 4.20732903876e-05], "dmean": [0.0963047295809, 0.180199459195, 0.172052815557, 0.0835861712694, 0.0162534136325, 0.00322886183858], "max": [0.993139207363, 0.882113873959, 0.988872110844, 0.94594669342, 0.127610012889, 0.0582701712847], "var": [0.0469835624099, 0.0620711706579, 0.0730767771602, 0.0147653548047, 0.000444980425527, 3.66666317859e-05], "mean": [0.124531954527, 0.352046608925, 0.504928827286, 0.0910850018263, 0.0172750297934, 0.00310066505335]}}, "lowlevel": {"barkbands_spread": {"dmean2": 1.36364722252, "median": 4.05817842484, "min": 0.242848053575, "dvar2": 10.5020961761, "dvar": 3.89249300957, "dmean": 0.853663086891, "max": 63.8882217407, "var": 9.34700298309, "mean": 4.43488121033}, "melbands_spread": {"dmean2": 1.62021124363, "median": 6.08378839493, "min": 0.225091338158, "dvar2": 4.7776761055, "dvar": 1.97363436222, "dmean": 1.03122973442, "max": 30.6577587128, "var": 12.3299179077, "mean": 6.34079265594}, "hfc": {"dmean2": 2.85810017586, "median": 3.75877737999, "min": 0.000137442533742, "dvar2": 84.5578613281, "dvar": 43.0105018616, "dmean": 2.03265142441, "max": 156.752471924, "var": 155.419570923, "mean": 8.03491401672}, "barkbands_kurtosis": {"dmean2": 8.95434379578, "median": 4.86253643036, "min": -1.56422042847, "dvar2": 1157.37573242, "dvar": 413.429382324, "dmean": 5.60524082184, "max": 444.825286865, "var": 988.066772461, "mean": 13.2453346252}, "gfcc": {"mean": [-200.447463989, 167.153747559, -138.633468628, -39.2737808228, -57.8575668335, -32.6683197021, -33.3594665527, -15.1543903351, -13.9676618576, -5.31457471848, -13.4677534103, -7.71399974823, -9.35461139679], "icov": [[0.00672103604302, -0.0103266043589, 0.00924542266876, -0.00707671465352, 0.00581270735711, -0.00206781062298, -0.0010852876585, 0.00398527225479, -0.00786297023296, 0.00872407481074, -0.0074443006888, 0.00766643648967, -0.00400566263124], [-0.0103266043589, 0.0204268116504, -0.0147916674614, 0.0147306881845, -0.0126092536375, 0.00636996654794, 0.000253607315244, -0.000448158069048, 0.0111821712926, -0.00930537842214, 0.00983349047601, -0.0109166419134, 0.00637080799788], [0.00924542266876, -0.0147916674614, 0.0151454256848, -0.0113134020939, 0.00948133319616, -0.00607701251283, 0.00151956069749, 0.00225372822024, -0.00751371216029, 0.00879434496164, -0.00731032853946, 0.00976663548499, -0.00459998287261], [-0.00707671465352, 0.0147306881845, -0.0113134020939, 0.0137851694599, -0.0117760151625, 0.0054069282487, -0.00363801792264, 0.00402240734547, 0.00405534962192, -0.00335506326519, 0.00366675597616, -0.00710908137262, 0.0043804012239], [0.00581270735711, -0.0126092536375, 0.00948133319616, -0.0117760151625, 0.0158823765814, -0.00557337701321, 0.00414574053138, -0.00593708781525, -0.000111359258881, 0.000770110171288, 0.000265869486611, 0.00341011257842, -0.00120660744142], [-0.00206781062298, 0.00636996654794, -0.00607701251283, 0.0054069282487, -0.00557337701321, 0.0105720451102, -0.00374302826822, 0.00305731757544, -0.000202219569474, 0.00334162008949, -0.000361022131983, -0.00315598538145, 9.39820165513e-05], [-0.0010852876585, 0.000253607315244, 0.00151956069749, -0.00363801792264, 0.00414574053138, -0.00374302826822, 0.0121445916593, -0.0078211510554, 0.00586197990924, -0.00719428807497, 0.0066568874754, -0.000478539412143, -0.00108577834908], [0.00398527225479, -0.000448158069048, 0.00225372822024, 0.00402240734547, -0.00593708781525, 0.00305731757544, -0.0078211510554, 0.0215739160776, -0.0150055186823, 0.0120088849217, -0.0113641908392, 0.00689897453412, -0.00254715187475], [-0.00786297023296, 0.0111821712926, -0.00751371216029, 0.00405534962192, -0.000111359258881, -0.000202219569474, 0.00586197990924, -0.0150055186823, 0.0255997870117, -0.0183064304292, 0.0141632249579, -0.0107924770564, 0.00720631144941], [0.00872407481074, -0.00930537842214, 0.00879434496164, -0.00335506326519, 0.000770110171288, 0.00334162008949, -0.00719428807497, 0.0120088849217, -0.0183064304292, 0.0317182168365, -0.0222891829908, 0.0103123961017, -0.0065018623136], [-0.0074443006888, 0.00983349047601, -0.00731032853946, 0.00366675597616, 0.000265869486611, -0.000361022131983, 0.0066568874754, -0.0113641908392, 0.0141632249579, -0.0222891829908, 0.0324669107795, -0.0194065049291, 0.0102529302239], [0.00766643648967, -0.0109166419134, 0.00976663548499, -0.00710908137262, 0.00341011257842, -0.00315598538145, -0.000478539412143, 0.00689897453412, -0.0107924770564, 0.0103123961017, -0.0194065049291, 0.0267821010202, -0.0156437065452], [-0.00400566263124, 0.00637080799788, -0.00459998287261, 0.0043804012239, -0.00120660744142, 9.39820165513e-05, -0.00108577834908, -0.00254715187475, 0.00720631144941, -0.0065018623136, 0.0102529302239, -0.0156437065452, 0.0198335405439]], "cov": [[11827.03125, 2394.50708008, -4132.77636719, 47.5220146179, -780.40411377, -1481.5559082, 281.665039063, -1159.66394043, -2.46587920189, -729.379882813, -274.322723389, -664.090942383, -143.691833496], [2394.50708008, 1302.81445313, -520.21661377, -415.653717041, -3.08676218987, -346.444091797, -162.544143677, -359.794677734, -244.606750488, -255.871170044, -174.858352661, -198.149780273, -78.2849273682], [-4132.77636719, -520.21661377, 1917.36608887, 67.6112747192, 328.899597168, 610.514892578, -186.098083496, 264.68170166, -142.837005615, 112.200080872, -5.40577077866, 152.084793091, 14.5414810181], [47.5220146179, -415.653717041, 67.6112747192, 689.26171875, 87.6481933594, 68.8926696777, 134.39944458, -58.4331130981, 31.2270355225, -17.4372158051, 10.7772808075, 18.9983062744, 3.77373385429], [-780.40411377, -3.08676218987, 328.899597168, 87.6481933594, 281.57421875, 108.774230957, -58.2103462219, 56.0780563354, -71.9739151001, 7.5226817131, -25.4704246521, 27.4535770416, -15.6305780411], [-1481.5559082, -346.444091797, 610.514892578, 68.8926696777, 108.774230957, 368.37197876, 2.42096948624, 118.527420044, -18.5845661163, 34.8154449463, 11.2621459961, 88.89402771, 41.127948761], [281.665039063, -162.544143677, -186.098083496, 134.39944458, -58.2103462219, 2.42096948624, 198.911468506, 28.7571334839, 51.7052879333, 14.3199520111, 0.381360471249, -8.58309936523, 26.2232379913], [-1159.66394043, -359.794677734, 264.68170166, -58.4331130981, 56.0780563354, 118.527420044, 28.7571334839, 276.61340332, 115.52116394, 115.256706238, 65.1425170898, 63.1277999878, 7.52915382385], [-2.46587920189, -244.606750488, -142.837005615, 31.2270355225, -71.9739151001, -18.5845661163, 51.7052879333, 115.52116394, 196.749862671, 91.4288635254, 62.1062469482, 28.9968891144, 0.675028264523], [-729.379882813, -255.871170044, 112.200080872, -17.4372158051, 7.5226817131, 34.8154449463, 14.3199520111, 115.256706238, 91.4288635254, 184.467193604, 109.101539612, 91.2141036987, 23.4309082031], [-274.322723389, -174.858352661, -5.40577077866, 10.7772808075, -25.4704246521, 11.2621459961, 0.381360471249, 65.1425170898, 62.1062469482, 109.101539612, 140.715774536, 97.1069717407, 20.9639968872], [-664.090942383, -198.149780273, 152.084793091, 18.9983062744, 27.4535770416, 88.89402771, -8.58309936523, 63.1277999878, 28.9968891144, 91.2141036987, 97.1069717407, 181.557876587, 81.8599700928], [-143.691833496, -78.2849273682, 14.5414810181, 3.77373385429, -15.6305780411, 41.127948761, 26.2232379913, 7.52915382385, 0.675028264523, 23.4309082031, 20.9639968872, 81.8599700928, 111.506744385]]}, "spectral_energyband_middle_low": {"dmean2": 0.0050295246765, "median": 0.00688536884263, "min": 2.18039222233e-08, "dvar2": 0.000203919480555, "dvar": 0.000103576749098, "dmean": 0.00350605626591, "max": 0.264283955097, "var": 0.000413350993767, "mean": 0.0137702524662}, "melbands_crest": {"dmean2": 3.17716693878, "median": 16.2560520172, "min": 5.25105953217, "dvar2": 15.0678491592, "dvar": 5.94140481949, "dmean": 2.01535558701, "max": 38.3186378479, "var": 45.8501358032, "mean": 17.7904167175}, "spectral_kurtosis": {"dmean2": 22.6768074036, "median": 37.5866165161, "min": 1.42411327362, "dvar2": 370.369506836, "dvar": 133.596435547, "dmean": 12.9992332458, "max": 139.423950195, "var": 655.51739502, "mean": 41.0278282166}, "spectral_rms": {"dmean2": 0.000528109609149, "median": 0.00273003824987, "min": 8.73497629073e-06, "dvar2": 1.02799026536e-06, "dvar": 5.68141956592e-07, "dmean": 0.000379486562451, "max": 0.0163452886045, "var": 4.99873476656e-06, "mean": 0.00310652959161}, "zerocrossingrate": {"dmean2": 0.00310599664226, "median": 0.02587890625, "min": 0.00439453125, "dvar2": 3.09898787236e-05, "dvar": 1.62607029779e-05, "dmean": 0.00231872941367, "max": 0.138671875, "var": 7.18930605217e-05, "mean": 0.0267398618162}, "silence_rate_60dB": {"dmean2": 0.0701972320676, "median": 0, "min": 0, "dvar2": 0.0736493840814, "dvar": 0.0338628813624, "dmean": 0.0350931659341, "max": 1, "var": 0.212050408125, "mean": 0.305232107639}, "erbbands_kurtosis": {"dmean2": 2.53979563713, "median": 1.45853710175, "min": -1.57112562656, "dvar2": 34.8570327759, "dvar": 15.8629512787, "dmean": 1.72279024124, "max": 75.3625717163, "var": 80.0456924438, "mean": 4.80018186569}, "erbbands": {"dmean2": [0.000275152910035, 0.00370360771194, 0.0297006629407, 0.233770832419, 2.74508285522, 5.86860847473, 7.13681936264, 6.38208770752, 7.61595582962, 16.7769775391, 48.5235519409, 27.0894012451, 20.2441215515, 5.98329496384, 4.75661468506, 4.28773403168, 4.6112112999, 4.08797836304, 2.3317797184, 1.81956088543, 1.79249298573, 0.979083538055, 0.620181202888, 0.564808011055, 0.339852750301, 0.220650568604, 0.132491260767, 0.0917726829648, 0.0786710530519, 0.0332090035081, 0.0189545173198, 0.0148009266704, 0.00192126457114, 0.000366789608961, 0.000106604107714, 3.29515096382e-05, 1.12322104542e-05, 3.46872229784e-06, 2.89792205876e-06, 5.98198766966e-06], "median": [0.000132014392875, 0.000935762480367, 0.00671645905823, 0.0676551908255, 0.491712540388, 2.38664865494, 2.60061764717, 3.35788345337, 5.4146156311, 11.2477836609, 16.2198925018, 7.9126086235, 4.92255687714, 2.64956569672, 2.29911804199, 2.93984222412, 2.29257678986, 1.89107239246, 1.28346443176, 0.832885921001, 0.531359255314, 0.327374845743, 0.21920645237, 0.134109675884, 0.0654377266765, 0.0346947945654, 0.0198781713843, 0.0118920691311, 0.00576388183981, 0.00165738607757, 0.000496816763189, 0.000262824265519, 0.00017994044174, 0.000137107665068, 9.99544863589e-05, 6.37678749627e-05, 3.37087258231e-05, 1.25792757899e-05, 6.52407197776e-06, 8.90527007869e-06], "min": [6.17549915205e-07, 6.35407832306e-06, 6.9667948992e-06, 9.17502165976e-06, 1.35586378747e-05, 7.96783024271e-06, 1.8419646949e-05, 2.23181268666e-05, 1.71457777469e-05, 1.23983363665e-05, 1.09004413389e-05, 6.98409257893e-06, 1.00408615253e-05, 7.13350345904e-06, 6.70562531013e-06, 4.78378206026e-06, 7.92307218944e-06, 6.14230384599e-06, 1.48114168042e-05, 7.4933200267e-06, 1.56617043103e-05, 1.12060224637e-05, 1.96808323381e-05, 2.43606245931e-05, 1.73300595634e-05, 2.56238017755e-05, 1.18643529277e-05, 3.24533175444e-05, 2.14238698391e-05, 3.63852159353e-05, 3.33126226906e-05, 2.13167404581e-05, 1.38110135595e-05, 1.81255272764e-05, 1.01973637356e-05, 5.48305297343e-06, 3.78775121135e-06, 1.84642465229e-06, 3.54815227865e-07, 3.07931173893e-08], "dvar2": [1.7392250129e-07, 0.000100370300061, 0.00644251471385, 0.505844712257, 108.230285645, 619.114135742, 427.545257568, 303.609527588, 367.884429932, 1937.171875, 69648.4921875, 16016.0107422, 29062.5996094, 843.656005859, 5708.24414063, 216.193786621, 222.639404297, 165.194229126, 40.2365875244, 29.612903595, 59.1167144775, 10.313120842, 4.16795682907, 4.93426704407, 1.85923302174, 0.800041735172, 0.368221759796, 0.178277641535, 0.361822009087, 0.0319467037916, 0.0165973305702, 0.0309646334499, 0.000241687768721, 9.11640563572e-06, 4.97014582379e-07, 1.81016606149e-08, 4.80191442165e-10, 1.27235904104e-11, 5.40841781083e-11, 2.87065593518e-10], "dvar": [6.77558347206e-08, 4.40341500507e-05, 0.00279512139969, 0.189760133624, 47.4931335449, 235.111358643, 177.314376831, 111.709320068, 134.564666748, 891.840820313, 34433.8984375, 9206.94140625, 11878.7568359, 373.549041748, 2237.66357422, 94.5326690674, 97.5888137817, 68.7508544922, 17.6368961334, 13.5906848907, 29.0029220581, 4.54296970367, 2.00938844681, 2.77586293221, 0.952035546303, 0.438820302486, 0.168743282557, 0.0839823409915, 0.163005396724, 0.0140713807195, 0.00686146179214, 0.0113309435546, 8.94435797818e-05, 3.36516791322e-06, 2.02244578418e-07, 7.07683289747e-09, 1.86693188686e-10, 5.2823587518e-12, 2.80298024374e-11, 1.46645889876e-10], "dmean": [0.000161215066328, 0.00228731124662, 0.0196950789541, 0.149407416582, 1.8023018837, 3.82256627083, 4.56856060028, 3.98130512238, 4.85749769211, 11.3444318771, 33.6080055237, 20.4498310089, 14.1083288193, 4.04285573959, 3.20494627953, 2.94057536125, 3.02917551994, 2.65678977966, 1.60048794746, 1.21022701263, 1.2053912878, 0.646098911762, 0.441792279482, 0.405777454376, 0.241711318493, 0.159521743655, 0.0944537222385, 0.0637281313539, 0.0523520000279, 0.0223465468735, 0.0125539982691, 0.00886512268335, 0.00115210504737, 0.000220665810048, 6.48194472888e-05, 1.97307290364e-05, 6.70343615639e-06, 2.05836522582e-06, 1.98741690838e-06, 4.20275409851e-06], "max": [0.0143759716302, 0.275007873774, 1.41783332825, 13.258556366, 205.158493042, 439.643707275, 433.126922607, 278.973510742, 270.452636719, 772.617370605, 6425.02050781, 3127.2824707, 5299.17041016, 840.82019043, 3355.81201172, 481.048278809, 208.001342773, 197.695388794, 133.607437134, 107.97101593, 195.703353882, 46.6613349915, 32.5576324463, 64.5387420654, 25.3531494141, 23.0095901489, 13.9739465714, 8.15225791931, 17.3861789703, 2.98738002777, 2.26450657845, 4.59172487259, 0.285905659199, 0.0653908997774, 0.0137566039339, 0.00245767622255, 0.00055101851467, 7.44106218917e-05, 0.000139208423207, 0.000310745352181], "var": [2.91414892217e-07, 0.000217174267164, 0.0136077413335, 1.05743741989, 257.888916016, 969.600463867, 760.50793457, 471.957885742, 606.494384766, 6823.98339844, 92703.078125, 45792.859375, 23784.4609375, 1220.43041992, 2146.07324219, 305.989440918, 283.137451172, 156.520690918, 70.5048522949, 47.2041320801, 78.3683319092, 15.4001550674, 7.58352994919, 9.15015602112, 2.68383836746, 1.29883313179, 0.335997343063, 0.158701896667, 0.205217123032, 0.01937520504, 0.00703220115975, 0.00757122179493, 6.88162399456e-05, 2.48748733611e-06, 1.90825844015e-07, 6.83777612309e-09, 3.11899062133e-10, 1.59846389597e-11, 1.16825341068e-10, 5.99180927097e-10], "mean": [0.000252197205555, 0.00444197142497, 0.0503918528557, 0.471469730139, 5.95827865601, 12.587723732, 13.5741462708, 11.753115654, 15.0815172195, 44.2128601074, 94.263923645, 63.1577262878, 37.7570762634, 11.052022934, 7.68348503113, 9.03082752228, 8.74582290649, 6.2211766243, 4.51223373413, 3.32925486565, 3.05327939987, 1.6904951334, 1.22109735012, 0.95016258955, 0.543218433857, 0.334060549736, 0.196542471647, 0.119334705174, 0.0830819457769, 0.0331188365817, 0.0151182711124, 0.00806994363666, 0.0012605166994, 0.000327871734044, 0.000151115600602, 7.63668722357e-05, 3.71034548152e-05, 1.31787201099e-05, 1.0164952073e-05, 1.72967102117e-05]}, "spectral_strongpeak": {"dmean2": 0.410565525293, "median": 0.821252405643, "min": 0, "dvar2": 0.608627557755, "dvar": 0.30040037632, "dmean": 0.270565807819, "max": 11.5735502243, "var": 1.8252146244, "mean": 1.25869762897}, "spectral_energy": {"dmean2": 0.00527803273872, "median": 0.00763943698257, "min": 7.82073072969e-08, "dvar2": 0.000220693822484, "dvar": 0.000112595451355, "dmean": 0.00370424450375, "max": 0.273847699165, "var": 0.00046302456758, "mean": 0.0150154717267}, "average_loudness": 0.31912124157, "spectral_rolloff": {"dmean2": 89.777381897, "median": 624.462890625, "min": 43.06640625, "dvar2": 58916.2148438, "dvar": 22030.8417969, "dmean": 50.5990409851, "max": 5404.83398438, "var": 46732.578125, "mean": 635.360717773}, "spectral_centroid": {"dmean2": 62.639667511, "median": 540.668334961, "min": 252.567642212, "dvar2": 11587.4179688, "dvar": 4532.04833984, "dmean": 39.6519813538, "max": 2136.86450195, "var": 23282.6738281, "mean": 556.515014648}, "pitch_salience": {"dmean2": 0.0749096721411, "median": 0.506269514561, "min": 0.0543606765568, "dvar2": 0.00805213302374, "dvar": 0.00322919967584, "dmean": 0.0467766411602, "max": 0.862443208694, "var": 0.025257403031, "mean": 0.49147066474}, "spectral_energyband_middle_high": {"dmean2": 0.000590412470046, "median": 0.000514841405675, "min": 3.25559779135e-09, "dvar2": 8.8071983555e-06, "dvar": 4.02048817705e-06, "dmean": 0.000414528651163, "max": 0.078245639801, "var": 1.06770812636e-05, "mean": 0.00142937479541}, "spectral_contrast_coeffs": {"dmean2": [0.0650479719043, 0.0593498162925, 0.0439128987491, 0.0369684360921, 0.0277218874544, 0.0229760799557], "median": [-0.507560074329, -0.648584902287, -0.696252822876, -0.704900503159, -0.732523143291, -0.795287907124], "min": [-0.936507284641, -0.932181179523, -0.954918026924, -0.939791142941, -0.936747789383, -0.907747328281], "dvar2": [0.00303533487022, 0.00307429488748, 0.00195218157023, 0.00154496822506, 0.00100511440542, 0.000695905589964], "dvar": [0.00118459027726, 0.00123991735745, 0.000845805625431, 0.000649412919302, 0.000450701481896, 0.000377885939088], "dmean": [0.0389807783067, 0.0359884314239, 0.0276708658785, 0.0228400714695, 0.0176206212491, 0.0148349357769], "max": [-0.22008214891, -0.337860286236, -0.327942699194, -0.540086328983, -0.584695160389, -0.596205592155], "var": [0.0226238723844, 0.0118528548628, 0.00872802641243, 0.00466802855954, 0.00457556219772, 0.00559442443773], "mean": [-0.537618637085, -0.643174231052, -0.693441390991, -0.712570846081, -0.746364057064, -0.793750166893]}, "melbands_skewness": {"dmean2": 0.837829947472, "median": 1.58941805363, "min": -3.40998625755, "dvar2": 4.45911741257, "dvar": 1.55170190334, "dmean": 0.532358288765, "max": 34.3245735168, "var": 10.0957393646, "mean": 2.15300559998}, "spectral_spread": {"dmean2": 428503.40625, "median": 1505076.375, "min": 605606.9375, "dvar2": 170554736640, "dvar": 65842450432, "dmean": 247642.3125, "max": 13926036, "var": 3095880007680.0, "mean": 1922003.125}, "dissonance": {"dmean2": 0.0615243576467, "median": 0.383041977882, "min": 0.142754524946, "dvar2": 0.00411066086963, "dvar": 0.00147806061432, "dmean": 0.0360826961696, "max": 0.499820917845, "var": 0.00501474086195, "mean": 0.376753717661}, "spectral_skewness": {"dmean2": 1.44875693321, "median": 4.39704751968, "min": 1.16586124897, "dvar2": 1.3974878788, "dvar": 0.503520846367, "dmean": 0.827414512634, "max": 9.72602844238, "var": 2.94982457161, "mean": 4.47223329544}, "spectral_flux": {"dmean2": 0.0206183902919, "median": 0.0164764635265, "min": 0.000345180655131, "dvar2": 0.00199458375573, "dvar": 0.000794417166617, "dmean": 0.0126970848069, "max": 0.467800945044, "var": 0.0010536131449, "mean": 0.0262523051351}, "spectral_contrast_valleys": {"dmean2": [0.690239548683, 0.518431961536, 0.460844188929, 0.453527182341, 0.377372503281, 0.27512601018], "median": [-9.92393398285, -7.4390463829, -8.69473361969, -9.71577739716, -10.956246376, -13.7378692627], "min": [-12.5830860138, -12.8384237289, -13.7188100815, -14.1640510559, -13.4213266373, -14.7722015381], "dvar2": [0.292685002089, 0.25041243434, 0.257169365883, 0.332193046808, 0.308737516403, 0.102864541113], "dvar": [0.108567968011, 0.124097250402, 0.129662379622, 0.160636305809, 0.148245811462, 0.0425535626709], "dmean": [0.416064113379, 0.320876151323, 0.29269862175, 0.280722945929, 0.238815024495, 0.162111386657], "max": [-7.34258365631, -4.55285739899, -5.78439712524, -6.62289619446, -7.29041576385, -10.8487443924], "var": [0.581287384033, 1.99342906475, 1.91086626053, 1.78889858723, 1.35828411579, 0.153295814991], "mean": [-9.86375522614, -7.63967609406, -8.86887550354, -9.85407352448, -10.8454618454, -13.6323890686]}, "erbbands_flatness_db": {"dmean2": 0.016714412719, "median": 0.32363858819, "min": 0.0249442793429, "dvar2": 0.000380216864869, "dvar": 0.000184037242434, "dmean": 0.0111622409895, "max": 0.52002209425, "var": 0.00553890923038, "mean": 0.321677982807}, "spectral_energyband_high": {"dmean2": 7.2154539339e-06, "median": 1.12632596938e-06, "min": 9.24055942875e-09, "dvar2": 1.04517539068e-09, "dvar": 5.12551723286e-10, "dmean": 5.18636397828e-06, "max": 0.000495804648381, "var": 1.06224729013e-09, "mean": 1.04127657323e-05}, "spectral_entropy": {"dmean2": 0.219551235437, "median": 5.87637853622, "min": 4.12177038193, "dvar2": 0.101748995483, "dvar": 0.0436802469194, "dmean": 0.140925198793, "max": 8.56366252899, "var": 0.453280776739, "mean": 5.90236663818}, "silence_rate_20dB": {"dmean2": 0, "median": 1, "min": 1, "dvar2": 0, "dvar": 0, "dmean": 0, "max": 1, "var": 0, "mean": 1}, "melbands_flatness_db": {"dmean2": 0.0255436021835, "median": 0.380864500999, "min": 0.153730720282, "dvar2": 0.00115224032197, "dvar": 0.000489168043714, "dmean": 0.0166645981371, "max": 0.556799709797, "var": 0.00330307870172, "mean": 0.377717733383}, "barkbands": {"dmean2": [1.1605374084e-06, 1.34178289954e-05, 3.52529459633e-05, 0.000133044726681, 0.00151378731243, 0.000891166564543, 0.00054394576, 0.001967378892, 0.00121002166998, 0.000478454021504, 0.000120804237667, 0.000100749457488, 9.86574159469e-05, 7.09773230483e-05, 4.153799091e-05, 3.70058842236e-05, 2.2352225642e-05, 1.05338685898e-05, 8.99753740669e-06, 4.14362102674e-06, 2.6740717658e-06, 1.78122161287e-06, 7.50034132579e-07, 3.67631315612e-07, 1.97630960486e-08, 5.4988675835e-09, 4.0821603875e-09], "median": [4.5647556135e-07, 3.51171911461e-06, 3.08961875817e-06, 1.6894793589e-05, 0.000724127574358, 0.00045048710308, 0.000356918812031, 0.000729764753487, 0.000258411339018, 0.000100788893178, 4.89749218104e-05, 6.08348454989e-05, 3.72919894289e-05, 2.2398904548e-05, 1.76507764991e-05, 6.66544974592e-06, 6.01336796535e-06, 2.59675448433e-06, 1.78266805051e-06, 7.44951194065e-07, 3.28329207377e-07, 1.14046777355e-07, 1.9247060834e-08, 1.08334656801e-08, 1.24940564561e-08, 1.63010387411e-08, 2.02306420505e-08], "min": [8.67298621809e-10, 1.3689430034e-08, 3.01532554481e-09, 8.22680479295e-10, 4.63573535114e-09, 2.27716467904e-09, 1.20275722715e-09, 3.85881576692e-10, 2.39714137429e-10, 2.01974520442e-10, 1.29206423338e-10, 1.29315183561e-10, 1.83257173325e-10, 9.06530406297e-11, 2.37073805032e-10, 2.740034033e-10, 1.95266858238e-10, 4.44789954868e-10, 2.75493933222e-10, 5.67113356276e-10, 6.13133599447e-10, 8.89407769655e-10, 9.96263516129e-10, 9.12576958445e-10, 1.58182944521e-09, 1.67449998312e-09, 2.66907407287e-09], "dvar2": [2.26002138011e-12, 1.18219845024e-09, 1.09165210205e-08, 2.32909030728e-07, 2.60797678493e-05, 5.3083090279e-06, 1.69688894402e-06, 8.72693199199e-05, 3.65433043044e-05, 1.65471356013e-05, 1.91061030819e-06, 1.70542676869e-07, 1.01362694238e-07, 5.46086376119e-08, 1.22237722167e-08, 3.35205996294e-08, 5.04396169276e-09, 1.49817525052e-09, 1.01287711551e-09, 2.4073906757e-10, 1.5795753594e-10, 1.36633315773e-10, 2.37097910749e-11, 1.98196754148e-11, 2.74976506951e-14, 2.8088925432e-16, 1.16493367678e-17], "dvar": [8.60702242984e-13, 5.04114305855e-10, 4.61726479273e-09, 8.11247318211e-08, 1.09687080112e-05, 2.12669215216e-06, 6.35190076537e-07, 4.1786734073e-05, 2.1911908334e-05, 6.99328165865e-06, 7.34430614102e-07, 7.76986510687e-08, 4.44771046659e-08, 2.27578187406e-08, 5.44246070433e-09, 1.61994258008e-08, 2.17833040494e-09, 7.48209605383e-10, 5.53944334847e-10, 1.33930186386e-10, 7.48448317212e-11, 6.30660454415e-11, 9.79481599994e-12, 7.21492613917e-12, 1.02563416405e-14, 1.0316963868e-16, 4.12572543251e-18], "dmean": [6.82341919855e-07, 8.14835675556e-06, 2.36960895563e-05, 8.18904882181e-05, 0.00100429041777, 0.000557058607228, 0.000347873748979, 0.00132514897268, 0.000910184753593, 0.000333765696269, 7.92585196905e-05, 6.8452078267e-05, 6.40405633021e-05, 4.60210976598e-05, 2.80972180917e-05, 2.54286496784e-05, 1.47348509927e-05, 7.39040206099e-06, 6.355934147e-06, 3.00685860566e-06, 1.89318939192e-06, 1.18356172152e-06, 4.96723998822e-07, 2.16413070575e-07, 1.19145564526e-08, 3.21658188973e-09, 2.37775155121e-09], "max": [1.48490225911e-05, 0.000986165832728, 0.00172698590904, 0.00853998214006, 0.0826904773712, 0.060119163245, 0.0211282875389, 0.237341731787, 0.182803213596, 0.129707470536, 0.0591800957918, 0.0167840141803, 0.00490694306791, 0.00381763232872, 0.00224946881644, 0.00514563452452, 0.00117442652117, 0.00108615250792, 0.000908046087716, 0.000387150008464, 0.000256413011812, 0.000325686181895, 0.000111717265099, 0.00011682260083, 3.63944923265e-06, 3.08357357426e-07, 4.92362772775e-08], "var": [1.20061892286e-12, 2.43657316545e-09, 2.2669709665e-08, 4.21701884079e-07, 5.26767034899e-05, 9.90559692582e-06, 3.21626475852e-06, 0.000117881812912, 9.29874440772e-05, 1.52157972479e-05, 7.42220436223e-07, 1.74900549155e-07, 1.25654395333e-07, 5.10146414001e-08, 2.26650165303e-08, 4.43010712559e-08, 8.59315374413e-09, 2.50631693177e-09, 1.56727597567e-09, 4.02927302634e-10, 1.47164086473e-10, 8.60015322846e-11, 1.04887877897e-11, 4.74207392104e-12, 7.74610529121e-15, 9.24779917726e-17, 1.22467596934e-17], "mean": [8.05067145393e-07, 1.35749951369e-05, 5.74836012674e-05, 0.000245235307375, 0.00348147680052, 0.00161777983885, 0.00107111304533, 0.00408162316307, 0.0027100762818, 0.000859694089741, 0.000183696392924, 0.000197070388822, 0.000173177264514, 0.000100744146039, 7.7811338997e-05, 6.23995365459e-05, 3.7051133404e-05, 1.79100698006e-05, 1.3935896277e-05, 6.35203650745e-06, 3.7204608816e-06, 1.91141339201e-06, 6.19381808065e-07, 1.95958392624e-07, 2.21403961831e-08, 1.74144716425e-08, 2.02611829536e-08]}, "erbbands_skew