{"metadata": {"tags": {"label": ["Blue Note"], "releasecountry": ["US"], "musicbrainz_releasetrackid": ["3f471a10-9874-4e1f-ab73-3d3f303018de"], "genre": ["Jazz"], "releasetype": ["album"], "originalyear": ["1954"], "tracknumber": ["3"], "disctotal": ["1"], "musicbrainz_albumartistid": ["3b47247e-5b57-49b6-a0ed-bad80243802a"], "album": ["Sonny Rollins, Volume 1"], "musicbrainz_workid": ["6603e920-12e8-3508-936c-d7fd6bbdca72"], "composersort": ["Lane, Burton"], "work": ["How Are Things in Glocca Morra?"], "albumartistsort": ["Rollins, Sonny"], "releasestatus": ["official"], "lyricist": ["Yip Harburg"], "musicbrainz_artistid": ["3b47247e-5b57-49b6-a0ed-bad80243802a"], "acoustid_id": ["f40bc406-0ed3-4e4b-9576-fd7676150ff2"], "musicbrainz_recordingid": ["1a007bd5-18fb-4ebc-90e7-c5be8323bb16"], "performer": ["Sonny Rollins (tenor saxophone)", "Gene Ramey (bass)", "Max Roach (drums)", "Donald Byrd (trumpet)", "Wynton Kelly (piano)"], "albumartist": ["Sonny Rollins"], "barcode": ["077779320325"], "originaldate": ["1954"], "artist": ["Sonny Rollins"], "bpm": ["129"], "musicbrainz_albumid": ["dd37ae48-0b4a-49da-ac84-0d351603dbe7"], "artistsort": ["Rollins, Sonny"], "title": ["How Are Things in Glocca Morra?"], "asin": ["B000005HFM"], "tracktotal": ["5"], "musicbrainz_releasegroupid": ["c4407ad0-a0aa-375c-8f98-a0f353a77f76"], "musicip_puid": ["f7d54906-4aa7-5250-4921-76898c9c2efd"], "composer": ["Burton Lane"], "discnumber": ["1"], "date": ["2013"], "copyright": ["2013 Blue Note Records"], "media": ["Digital Media"], "file_name": "03-How Are Things In Glocca Morra.flac", "language": ["eng"], "script": ["Latn"]}, "audio_properties": {"sample_rate": 192000, "downmix": "mix", "lossless": true, "analysis_sample_rate": 44100, "md5_encoded": "88ad58b4f018f67849e1eaadc87f076a", "equal_loudness": 0, "replay_gain": -7.95735549927, "codec": "flac", "bit_rate": 0, "length": 378.985626221}, "version": {"extractor": "music 1.0", "essentia_build_sha": "2d9f1f26377add8aeb1075a9c2973f962c4f09fd", "essentia_git_sha": "v2.1_beta2-1-ge3940c0", "essentia": "2.1-beta2"}}, "rhythm": {"beats_loudness_band_ratio": {"dvar2": [0.168859437108, 0.152581810951, 0.110491484404, 0.0579774789512, 0.0128926159814, 0.00397013965994], "var": [0.0880547091365, 0.0835448876023, 0.0634552314878, 0.033946827054, 0.00634768186137, 0.00186817976646], "min": [0.000114290909551, 0.000424114201451, 0.000962231482845, 0.000185479308129, 7.03535843058e-05, 6.05127643212e-05], "dmean": [0.243169009686, 0.243226230145, 0.182531759143, 0.0901540517807, 0.0264002792537, 0.0118252448738], "mean": [0.305399894714, 0.369408458471, 0.236377567053, 0.106375776231, 0.0252011585981, 0.0109180677682], "max": [0.991858303547, 0.97096145153, 0.986630439758, 0.954833328724, 0.930937945843, 0.652667760849], "dmean2": [0.429411888123, 0.424969375134, 0.319100052118, 0.160614192486, 0.0465382300317, 0.0207760334015], "median": [0.195248022676, 0.33797544241, 0.137318715453, 0.0324310101569, 0.00425548665226, 0.00202849996276], "dvar": [0.0581608824432, 0.0547663718462, 0.0437061525881, 0.0206201262772, 0.00559920072556, 0.00146523513831]}, "bpm_histogram_first_peak_weight": {"dvar2": 0, "var": 0, "min": 0.174142479897, "dmean": 0, "mean": 0.174142479897, "max": 0.174142479897, "dmean2": 0, "median": 0.174142479897, "dvar": 0}, "bpm": 126.413665771, "beats_count": 759, "bpm_histogram_first_peak_spread": {"dvar2": 0, "var": 0, "min": 0.595092058182, "dmean": 0, "mean": 0.595092058182, "max": 0.595092058182, "dmean2": 0, "median": 0.595092058182, "dvar": 0}, "danceability": 1.01214623451, "bpm_histogram_first_peak_bpm": {"dvar2": 0, "var": 0, "min": 126, "dmean": 0, "mean": 126, "max": 126, "dmean2": 0, "median": 126, "dvar": 0}, "beats_position": [0.406349211931, 0.777868449688, 1.16099774837, 1.53251695633, 1.90403628349, 2.27555561066, 2.65868473053, 3.05342388153, 3.43655323982, 3.8196823597, 4.22603178024, 4.62077093124, 5.00390005112, 5.38702917099, 5.7701587677, 6.15328788757, 6.54802703857, 6.93115615845, 7.31428575516, 7.70902490616, 8.10376358032, 8.47528362274, 8.84680271149, 9.21832180023, 9.6014509201, 9.98458003998, 10.4373693466, 10.8901586533, 11.3313379288, 11.7725172043, 12.3065757751, 12.840634346, 13.3630838394, 13.8623123169, 14.3499317169, 14.8607711792, 15.3832197189, 15.9056682587, 16.4165077209, 16.9273471832, 17.4381847382, 17.9141941071, 18.390203476, 18.8662128448, 19.3422222137, 19.8182315826, 20.2942390442, 20.7702484131, 21.1301574707, 21.4900684357, 21.8499774933, 22.2098865509, 22.5814056396, 22.9529247284, 23.312833786, 23.6727428436, 24.0210418701, 24.3809528351, 24.7292518616, 25.0891609192, 25.4606800079, 25.8321990967, 26.1921081543, 26.563627243, 26.9815864563, 27.3879356384, 27.8058948517, 28.3051242828, 28.8159637451, 29.3268013, 29.8144207001, 30.3020401001, 30.8012695313, 31.3004989624, 31.7881164551, 32.2873458862, 32.7749671936, 33.2625846863, 33.7385940552, 34.2146034241, 34.7022209167, 35.1898422241, 35.6658477783, 36.1418571472, 36.6178665161, 37.093875885, 37.5698852539, 38.0458946228, 38.5219039917, 38.9979133606, 39.4739227295, 39.9383201599, 40.402721405, 40.8787307739, 41.3431282043, 41.8191375732, 42.2835350037, 42.7595443726, 43.2355537415, 43.6999549866, 44.1759643555, 44.6519737244, 45.1279792786, 45.6039886475, 46.0683898926, 46.5443992615, 47.0204086304, 47.4848060608, 47.9608154297, 48.4252128601, 48.901222229, 49.3656234741, 49.841632843, 50.3060302734, 50.8633079529, 51.420589447, 51.9778671265, 52.5467567444, 53.1156463623, 53.6845359802, 54.2534217834, 54.8223114014, 55.4028091431, 55.9833106995, 56.4709281921, 56.946937561, 57.4229469299, 57.8873443604, 58.3517456055, 58.8277549744, 59.3037643433, 59.7449417114, 60.1861228943, 60.6273002625, 61.0684814453, 61.5212669373, 61.9740562439, 62.4152374268, 62.8448066711, 63.2743759155, 63.7039451599, 64.1335144043, 64.563079834, 64.9926528931, 65.4338302612, 65.8866195679, 66.3394088745, 66.7921981812, 67.4075241089, 68.022857666, 68.6497955322, 69.26512146, 69.8688430786, 70.4841690063, 71.087890625, 71.6800003052, 72.2837142944, 72.8874359131, 73.4911575317, 74.094871521, 74.7102050781, 75.3255310059, 75.8828125, 76.4284820557, 76.9857559204, 77.461769104, 77.9377746582, 78.4021759033, 78.85496521, 79.3193664551, 79.7721557617, 80.2249450684, 80.6893386841, 81.1537399292, 81.6181411743, 82.070930481, 82.5237197876, 82.9765090942, 83.4292984009, 83.8936920166, 84.3464813232, 84.7992706299, 85.2404556274, 85.6816329956, 86.1344223022, 86.5872116089, 87.0400009155, 87.4927902222, 87.9571838379, 88.421585083, 88.8859863281, 89.3503875732, 89.814781189, 90.2791824341, 90.7319717407, 91.1963729858, 91.67237854, 92.1483917236, 92.6243972778, 93.100402832, 93.6228561401, 94.1453018188, 94.6561431885, 95.1669845581, 95.6662139893, 96.1654434204, 96.7111129761, 97.2451705933, 97.7908401489, 98.4409942627, 99.0911560059, 99.7413101196, 100.403083801, 101.076461792, 101.749839783, 102.423217773, 103.108207703, 103.769973755, 104.443351746, 105.116729736, 105.720451355, 106.324172974, 106.939498901, 107.54322052, 108.146934509, 108.750656128, 109.342765808, 109.92326355, 110.526985168, 111.130699158, 111.746032715, 112.349746704, 112.941856384, 113.533966064, 114.126075745, 114.718185425, 115.310295105, 115.914009094, 116.517730713, 117.121452332, 117.759994507, 118.398544312, 119.025482178, 119.652427673, 120.27936554, 120.836639404, 121.393920898, 121.951202393, 122.48526001, 123.042533875, 123.599815369, 124.157096863, 124.714370728, 125.28326416, 125.828933716, 126.328163147, 126.838996887, 127.338226318, 127.802627563, 128.267028809, 128.719818115, 129.172607422, 129.61378479, 130.054962158, 130.496139526, 130.937316895, 131.378494263, 131.81968689, 132.249252319, 132.713653564, 133.189651489, 133.654052734, 134.118453979, 134.571243286, 135.024032593, 135.488433838, 135.952835083, 136.417236328, 136.870025635, 137.322814941, 137.787200928, 138.251602173, 138.716003418, 139.192016602, 139.668029785, 140.120819092, 140.56199646, 140.99156189, 141.455963135, 141.92036438, 142.396362305, 142.872375488, 143.348388672, 143.824401855, 144.30039978, 144.776412964, 145.275650024, 145.774871826, 146.262496948, 146.738494873, 147.226119995, 147.702133179, 148.166534424, 148.63092041, 149.095321655, 149.5597229, 150.024124146, 150.500137329, 150.976135254, 151.452148438, 151.916549683, 152.369338989, 152.833740234, 153.286529541, 153.739318848, 154.180496216, 154.668121338, 155.155731201, 155.643356323, 156.119369507, 156.595367432, 157.071380615, 157.547393799, 158.023391724, 158.499404907, 158.963806152, 159.428207397, 159.892608643, 160.357009888, 160.821395874, 161.285797119, 161.738586426, 162.214599609, 162.679000854, 163.1434021, 163.607803345, 164.072189331, 164.524978638, 164.989379883, 165.465393066, 165.929794312, 166.382583618, 166.858596802, 167.346206665, 167.833831787, 168.32144165, 168.797454834, 169.273468018, 169.737869263, 170.213867188, 170.689880371, 171.177505493, 171.653518677, 172.129516602, 172.605529785, 173.081542969, 173.545944214, 174.021942139, 174.497955322, 174.962356567, 175.415145874, 175.867935181, 176.332336426, 176.843170166, 177.342407227, 177.853240967, 178.375686646, 178.898132324, 179.420593262, 180.047531128, 180.662857056, 181.278182983, 181.881896973, 182.4972229, 183.112564087, 183.739501953, 184.343215942, 184.946929932, 185.527435303, 186.084716797, 186.653594971, 187.222488403, 187.802993774, 188.383483887, 188.952377319, 189.54447937, 190.124984741, 190.612609863, 191.100219727, 191.587844849, 192.075454712, 192.563079834, 193.062316895, 193.561538696, 194.072372437, 194.559997559, 195.036010742, 195.512008667, 195.976409912, 196.440811157, 196.905212402, 197.369613647, 197.834014893, 198.286804199, 198.727981567, 199.192382813, 199.668380737, 200.144393921, 200.620407104, 201.08480835, 201.560806274, 202.036819458, 202.501220703, 202.965621948, 203.441635132, 203.906021118, 204.358810425, 204.82321167, 205.287612915, 205.75201416, 206.216415405, 206.68081665, 207.145217896, 207.609603882, 208.085617065, 208.573242188, 209.072463989, 209.560089111, 210.036102295, 210.535324097, 211.034561157, 211.498947144, 211.95173645, 212.416137695, 212.88053894, 213.344940186, 213.809341431, 214.285354614, 214.749740601, 215.202529907, 215.666931152, 216.131332397, 216.595733643, 217.071746826, 217.559356689, 218.046981812, 218.522994995, 219.010604858, 219.49822998, 219.962631226, 220.427032471, 220.903030396, 221.390655518, 221.855056763, 222.319458008, 222.795455933, 223.259857178, 223.712646484, 224.177047729, 224.629837036, 225.094238281, 225.558639526, 226.034637451, 226.510650635, 226.998275757, 227.47428894, 227.927078247, 228.391464233, 228.84425354, 229.320266724, 229.796279907, 230.272293091, 230.759902954, 231.235916138, 231.711929321, 232.199539185, 232.675552368, 233.151565552, 233.627563477, 234.10357666, 234.591201782, 235.067199707, 235.543212891, 235.996002197, 236.472015381, 236.936416626, 237.400817871, 237.876815796, 238.352828979, 238.828842163, 239.316452026, 239.804077148, 240.280090332, 240.767700195, 241.255325317, 241.742950439, 242.230560303, 242.718185425, 243.217407227, 243.855957031, 244.506118774, 245.202713013, 245.89932251, 246.595916748, 247.292510986, 247.977508545, 248.662490845, 249.335861206, 250.032470703, 250.729064941, 251.448883057, 252.168701172, 252.795639038, 253.410964966, 254.026306152, 254.64163208, 255.256958008, 255.767791748, 256.290252686, 256.801086426, 257.288696289, 257.77633667, 258.252319336, 258.739959717, 259.2159729, 259.691955566, 260.15637207, 260.620758057, 261.085174561, 261.549560547, 262.013977051, 262.478363037, 262.942749023, 263.453613281, 263.964447021, 264.463653564, 264.974517822, 265.485351563, 265.984588623, 266.472198486, 266.95980835, 267.447418213, 267.935058594, 268.422668457, 268.91027832, 269.397918701, 269.873931885, 270.349914551, 270.849151611, 271.348388672, 271.835998535, 272.335235596, 272.811248779, 273.298858643, 273.786468506, 274.274108887, 274.75012207, 275.237731934, 275.725341797, 276.224578857, 276.758636475, 277.281097412, 277.803527832, 278.302764893, 278.813598633, 279.324432373, 279.823669434, 280.322906494, 280.822113037, 281.321350098, 281.820587158, 282.331420898, 282.819030762, 283.295043945, 283.771057129, 284.258666992, 284.734680176, 285.210693359, 285.675109863, 286.151092529, 286.615509033, 287.091522217, 287.57913208, 288.066741943, 288.600799561, 289.123260498, 289.645721436, 290.226196289, 290.80670166, 291.375610352, 291.956085205, 292.536590576, 293.10546875, 293.685974121, 294.266479492, 294.846984863, 295.415863037, 296.054412842, 296.692962646, 297.331512451, 297.970062256, 298.608612061, 299.247161865, 299.88571167, 300.535858154, 301.197631836, 301.871002197, 302.521179199, 303.159729004, 303.809875488, 304.47164917, 305.133422852, 305.783569336, 306.422119141, 307.072296143, 307.69921875, 308.326171875, 308.953094482, 309.580047607, 310.206970215, 310.868743896, 311.518920898, 312.180664063, 312.842437744, 313.492614746, 314.096313477, 314.700042725, 315.245697021, 315.791381836, 316.337036133, 316.882720947, 317.428375244, 317.950836182, 318.473297119, 318.995727539, 319.529785156, 320.075469971, 320.621124268, 321.155181885, 321.700866699, 322.246520996, 322.757354736, 323.268188477, 323.779052734, 324.301483154, 324.812316895, 325.323181152, 325.834014893, 326.310028076, 326.797637939, 327.285247803, 327.772888184, 328.260498047, 328.74810791, 329.247344971, 329.734954834, 330.210968018, 330.698577881, 331.174591064, 331.662200928, 332.149841309, 332.637451172, 333.113464355, 333.589477539, 334.065490723, 334.529876709, 334.994293213, 335.458679199, 335.923065186, 336.387481689, 336.851867676, 337.31628418, 337.803894043, 338.279907227, 338.75592041, 339.243530273, 339.731140137, 340.218780518, 340.717987061, 341.205627441, 341.704833984, 342.215698242, 342.726531982, 343.225738525, 343.724975586, 344.235809326, 344.746673584, 345.245880127, 345.756713867, 346.255950928, 346.743591309, 347.231201172, 347.718811035, 348.218048096, 348.717285156, 349.251342773, 349.750549316, 350.261413574, 350.783843994, 351.317901611, 351.840362549, 352.362792969, 352.896850586, 353.407714844, 353.988189697, 354.568695068, 355.149200439, 355.718078613, 356.286987305, 356.739776611, 357.192565918, 357.645355225, 358.098144531, 358.539306641, 358.980499268, 359.421661377, 359.874450684, 360.304016113, 360.733612061, 361.151550293, 361.569519043, 361.987487793, 362.405426025, 362.834991455, 363.252960205, 363.670928955, 364.077270508, 364.483612061, 364.924804688, 365.354370117, 365.74911499, 366.143859863, 366.538574219, 366.933319092, 367.316467285, 367.711181641, 368.094329834, 368.547119141, 368.97668457, 369.40625, 369.83581543, 370.265380859, 370.694946289, 371.124542236, 371.565704346, 372.006896973, 372.436462402, 372.866027832, 373.307189941, 373.748382568, 374.201171875, 374.677185059, 375.153198242, 375.629211426, 376.140045166, 376.650878906, 377.161712646, 377.672546387, 378.183380127], "beats_loudness": {"dvar2": 0.00205360515974, "var": 0.00101330899633, "min": 1.71974452456e-08, "dmean": 0.0220996327698, "mean": 0.0267566461116, "max": 0.397987574339, "dmean2": 0.0384752824903, "median": 0.0194162912667, "dvar": 0.000831557146739}, "bpm_histogram_second_peak_weight": {"dvar2": 0, "var": 0, "min": 0.0686015859246, "dmean": 0, "mean": 0.0686015859246, "max": 0.0686015859246, "dmean2": 0, "median": 0.0686015859246, "dvar": 0}, "bpm_histogram_second_peak_spread": {"dvar2": 0, "var": 0, "min": 0.341772168875, "dmean": 0, "mean": 0.341772168875, "max": 0.341772168875, "dmean2": 0, "median": 0.341772168875, "dvar": 0}, "bpm_histogram_second_peak_bpm": {"dvar2": 0, "var": 0, "min": 133, "dmean": 0, "mean": 133, "max": 133, "dmean2": 0, "median": 133, "dvar": 0}, "onset_rate": 3.15297007561}, "lowlevel": {"spectral_energyband_high": {"dvar2": 1.15551506497e-06, "var": 2.13333828469e-06, "min": 1.44602749913e-11, "dmean": 5.46424307686e-05, "mean": 0.000138690331369, "max": 0.061609685421, "dmean2": 7.79145921115e-05, "median": 1.1639242075e-05, "dvar": 5.50146012301e-07}, "spectral_energyband_middle_low": {"dvar2": 7.99711197033e-05, "var": 0.000533138576429, "min": 5.7635242065e-12, "dmean": 0.00342721678317, "mean": 0.0134051889181, "max": 0.412711650133, "dmean2": 0.0045279324986, "median": 0.0080674001947, "dvar": 4.81600072817e-05}, "spectral_energy": {"dvar2": 0.000135789538035, "var": 0.000799214816652, "min": 3.70026197183e-11, "dmean": 0.00449663912877, "mean": 0.019819535315, "max": 0.426041305065, "dmean2": 0.00587216811255, "median": 0.0133906416595, "dvar": 7.65729928389e-05}, "spectral_spread": {"dvar2": 864369639424, "var": 2847099846660.0, "min": 748679.6875, "dmean": 487271.28125, "mean": 4085108.25, "max": 39933884, "dmean2": 706932.875, "median": 3596807.75, "dvar": 468349288448}, "spectral_energyband_low": {"dvar2": 1.36411290441e-05, "var": 3.15126198984e-05, "min": 1.40102634355e-11, "dmean": 0.000944301486015, "mean": 0.00341974338517, "max": 0.0761299207807, "dmean2": 0.00126572896261, "median": 0.00112134974916, "dvar": 5.99240502197e-06}, "spectral_rolloff": {"dvar2": 725035.5, "var": 1322831.25, "min": 21.533203125, "dmean": 113.219612122, "mean": 672.56842041, "max": 16968.1640625, "dmean2": 198.227661133, "median": 452.197265625, "dvar": 283070.6875}, "barkbands": {"dvar2": [1.7012620479e-11, 3.56768805432e-06, 6.671916708e-06, 1.98961311071e-06, 1.25452052089e-05, 2.0923138436e-05, 3.07226991936e-06, 2.12640970858e-05, 2.20596066356e-05, 9.61383989306e-07, 2.49706754403e-05, 3.11934286401e-06, 5.73730346787e-07, 2.04794491765e-06, 9.19968897506e-07, 6.03721844072e-07, 1.99951188051e-07, 9.65434097111e-08, 9.28745578221e-08, 3.12142844905e-08, 1.8910471411e-08, 1.93648972413e-08, 1.45423371123e-07, 7.57203579838e-08, 5.29022727846e-08, 5.91195314925e-09, 1.79719095161e-09], "var": [6.77780748193e-11, 8.10556502984e-06, 1.16727160275e-05, 8.87652822712e-06, 3.83698716178e-05, 5.95532874286e-05, 6.60777550365e-06, 4.83727308165e-05, 0.000358608493116, 1.1252694776e-06, 9.97727838694e-05, 5.71730106458e-06, 1.51192159592e-06, 1.59486228313e-06, 9.51339814037e-07, 1.83252677743e-06, 3.86211752357e-07, 1.4351810762e-07, 1.40091998446e-07, 4.30435207477e-08, 4.29411954883e-08, 6.35685921679e-08, 1.51416671201e-07, 1.44094528309e-07, 8.15815468513e-08, 3.69572217274e-09, 7.18471726557e-10], "min": [1.41209841129e-12, 1.09181275132e-11, 1.17098269015e-12, 1.1156618164e-12, 2.54253367492e-12, 1.10815978789e-12, 1.89959403459e-13, 1.63148967535e-13, 4.4798203775e-13, 3.8761775365e-13, 1.48972820841e-13, 8.6902924093e-14, 7.010803613e-14, 9.65289385425e-14, 2.25602807377e-13, 3.31649231732e-13, 5.1024966587e-13, 3.76042973886e-13, 9.34767888094e-13, 8.24804092213e-13, 9.46200257902e-13, 4.20175802788e-13, 8.57477934144e-13, 9.59951302476e-13, 1.8618338208e-12, 3.15760178421e-12, 5.69293353778e-12], "dmean": [1.07095127078e-06, 0.000440273724962, 0.000484391843202, 0.000326457840856, 0.00109109585173, 0.00126806565095, 0.000481481343741, 0.000713127781637, 0.000456971611129, 0.000149268656969, 0.000404004153097, 0.00019999333017, 9.13426920306e-05, 9.25718413782e-05, 6.97648210917e-05, 7.10490712663e-05, 4.17191549786e-05, 3.63948493032e-05, 2.88372157229e-05, 1.59631654242e-05, 8.02731301519e-06, 1.31393489937e-05, 1.43979586937e-05, 9.84382586466e-06, 7.30526789994e-06, 2.74034914582e-06, 1.80036954589e-06], "mean": [2.89756826533e-06, 0.00134852109477, 0.00154742901213, 0.00115523743443, 0.00361400027759, 0.00362776010297, 0.00122525449842, 0.00177633331623, 0.00185057462659, 0.00037128033, 0.00162409082986, 0.000502066861372, 0.000215928404941, 0.000205231117434, 0.00015376326337, 0.000182461240911, 0.000102702120785, 8.47129922477e-05, 7.23139091861e-05, 3.40079677699e-05, 1.75205877895e-05, 3.77149590349e-05, 2.65505314019e-05, 1.96958771994e-05, 1.31796205096e-05, 5.48120442545e-06, 2.79987284557e-06], "max": [0.000112628593342, 0.0398047044873, 0.054265383631, 0.0347842648625, 0.0627189055085, 0.105719730258, 0.0336426235735, 0.159228101373, 0.411998987198, 0.0271980818361, 0.312426507473, 0.0700553655624, 0.0313079841435, 0.0578406006098, 0.0541652925313, 0.0365293398499, 0.0262729432434, 0.012950479053, 0.0117997387424, 0.00676048267633, 0.00977738481015, 0.00595101900399, 0.0226323083043, 0.0179545395076, 0.0174690186977, 0.00361083052121, 0.00217229383998], "dmean2": [1.46222600961e-06, 0.000557767983992, 0.00069410877768, 0.000465731805889, 0.00155036954675, 0.00169109296985, 0.000671109766699, 0.000949083885644, 0.000586175709032, 0.000205074640689, 0.000518733926583, 0.000269001495326, 0.000126245184219, 0.000129453095724, 9.74007634795e-05, 0.000102280275314, 5.9427049564e-05, 5.18107590324e-05, 4.17499795731e-05, 2.33635000768e-05, 1.16360370157e-05, 1.83276279131e-05, 2.21362843149e-05, 1.45517642522e-05, 1.01458736026e-05, 4.11390146837e-06, 2.69228758043e-06], "median": [2.04250028446e-07, 0.000170116443769, 0.000291324686259, 0.000160945171956, 0.00109677668661, 0.000643367413431, 0.000308691029204, 0.000123077377793, 4.71984676551e-05, 5.83979235671e-05, 2.088880683e-05, 2.47684074566e-05, 1.53003074956e-05, 1.11057888716e-05, 7.72702787799e-06, 5.30262241227e-06, 5.5953246374e-06, 3.97058420276e-06, 2.97644078273e-06, 1.80258450655e-06, 1.60031606811e-06, 1.84418183835e-06, 1.47851130805e-06, 1.67045675425e-06, 1.19997241654e-06, 8.66799723553e-07, 5.93171250785e-07], "dvar": [9.54794750208e-12, 1.67939128914e-06, 2.69030761046e-06, 9.40617496781e-07, 5.99853092353e-06, 1.1565954992e-05, 1.53322071128e-06, 1.20620052257e-05, 1.57460999617e-05, 4.41715769739e-07, 1.22632081911e-05, 1.65642063621e-06, 3.1869939221e-07, 8.11485904251e-07, 4.39972978938e-07, 3.26821776753e-07, 1.09049821617e-07, 4.68736409687e-08, 4.04539086674e-08, 1.52748071969e-08, 1.02700798976e-08, 1.08646434072e-08, 6.48410676263e-08, 3.40214043604e-08, 2.65927582177e-08, 2.32153340995e-09, 6.74321876115e-10]}, "melbands_skewness": {"dvar2": 1.97011125088, "var": 5.48808288574, "min": -3.78797078133, "dmean": 0.64945012331, "mean": 2.56533288956, "max": 22.291891098, "dmean2": 0.946925461292, "median": 2.18458724022, "dvar": 0.924567937851}, "barkbands_skewness": {"dvar2": 1.67889547348, "var": 4.5039100647, "min": -4.69437980652, "dmean": 0.620980799198, "mean": 2.45576548576, "max": 21.4496040344, "dmean2": 0.896699666977, "median": 2.18306517601, "dvar": 0.803916573524}, "erbbands": {"dvar2": [0.000773628707975, 0.275679260492, 6.85764598846, 8.61107635498, 35.5347442627, 170.616287231, 1173.4888916, 1709.01635742, 645.539367676, 3816.05615234, 8995.38964844, 17140.6269531, 744.905090332, 3662.32080078, 36707.6328125, 3704.67651367, 1057.34313965, 3068.78759766, 6250.29199219, 1548.7791748, 1129.75109863, 471.064697266, 270.181243896, 145.568511963, 173.693237305, 91.915473938, 24.0797290802, 19.0076217651, 22.5241756439, 25.0465641022, 146.865005493, 61.7492027283, 16.1543292999, 6.29426050186, 1.99713802338, 0.209454447031, 0.00845851842314, 0.00182437000331, 5.17173939443e-05, 7.38782475196e-08], "var": [0.00506055820733, 0.504325449467, 9.03269958496, 34.385345459, 191.900558472, 619.997558594, 2834.74584961, 5670.51074219, 2517.77807617, 4967.70410156, 25442.1386719, 276452, 1772.6986084, 21326.1425781, 215190.46875, 9262.2421875, 2998.38769531, 3823.40063477, 3229.32788086, 2800.34790039, 2768.09716797, 918.28338623, 511.705780029, 280.326965332, 315.762817383, 115.226715088, 65.0451507568, 30.7259120941, 64.1310119629, 69.0179443359, 166.808883667, 79.1959762573, 39.5695114136, 11.2273674011, 2.35285401344, 0.124469734728, 0.00668447557837, 0.000751886051148, 1.99541955226e-05, 7.08321579168e-08], "min": [4.05473626897e-10, 2.04157979411e-09, 2.06558858906e-09, 2.47611531279e-09, 5.1689701408e-09, 9.40566025065e-09, 1.30919586283e-08, 6.57166054907e-09, 1.87796356244e-09, 3.96785404533e-09, 4.20275192425e-09, 1.01744497272e-08, 1.53772603539e-08, 6.95571822362e-09, 4.87250506609e-09, 3.99334831869e-09, 3.77122555406e-09, 4.27198321162e-09, 7.02058722268e-09, 2.3746078881e-08, 1.66994222894e-08, 2.58086458871e-08, 1.48160363977e-08, 3.61329526299e-08, 4.40023910642e-08, 3.67444243921e-08, 3.84362728312e-08, 4.14607832511e-08, 1.89764364222e-08, 1.22408874148e-08, 2.57485748278e-08, 2.00351646384e-08, 1.66188041106e-08, 2.09069774826e-08, 1.25215935398e-08, 6.68997612863e-09, 6.1371454585e-09, 4.86759921259e-09, 7.72893637979e-10, 6.33191485355e-11], "dmean": [0.0081935133785, 0.117890678346, 0.488270998001, 0.821697831154, 1.58159708977, 4.03565597534, 8.20541858673, 11.1351451874, 7.34005737305, 10.3526563644, 13.9159822464, 12.0252161026, 4.46560049057, 7.5861082077, 16.7392787933, 7.91233205795, 4.30975437164, 4.76205015182, 3.91345095634, 3.51371026039, 2.89149260521, 2.05806040764, 2.21101379395, 1.3234757185, 1.42255210876, 0.741993308067, 0.337949067354, 0.286282002926, 0.455660045147, 0.428531646729, 0.421919554472, 0.257499426603, 0.142872333527, 0.091298930347, 0.0414729341865, 0.0146949244663, 0.00414096331224, 0.00140305177774, 0.000336532859365, 2.07778011827e-05], "mean": [0.0267102550715, 0.360599726439, 1.45867848396, 3.13172101974, 6.28204965591, 12.9600982666, 23.2302188873, 31.1699562073, 21.9181060791, 25.4495677948, 37.4764518738, 51.9576263428, 12.5568857193, 23.6755771637, 69.8245391846, 23.3866558075, 11.1813516617, 11.0763969421, 8.70152664185, 8.77271938324, 7.76194667816, 5.29684829712, 5.55446815491, 3.49483132362, 3.49986243248, 1.65370333195, 0.80497533083, 0.666940927505, 1.26478564739, 1.14738583565, 0.798400342464, 0.492474019527, 0.29797706008, 0.172595784068, 0.0750281587243, 0.0267591346055, 0.00886843632907, 0.00253626261838, 0.000515338033438, 4.98090666952e-05], "max": [0.825664818287, 11.2488079071, 49.7884864807, 66.515625, 120.733108521, 288.615142822, 738.076293945, 1321.52001953, 841.787719727, 2096.92773438, 2763.80004883, 11155.2841797, 1046.61071777, 4039.74707031, 13662.5664063, 2638.86303711, 1359.0859375, 2631.46386719, 3372.0246582, 3218.36499023, 1888.17773438, 1164.4050293, 652.38494873, 488.924957275, 459.69317627, 409.198699951, 371.38583374, 245.756134033, 217.704818726, 234.216629028, 732.91027832, 402.11126709, 351.910400391, 192.199356079, 83.116569519, 20.9494552612, 4.24909496307, 2.30723333359, 0.358580946922, 0.0164105854928], "dmean2": [0.00834091566503, 0.157444179058, 0.721417546272, 1.14921402931, 2.28487634659, 5.62190008163, 11.7507686615, 14.599275589, 9.62462711334, 14.5537843704, 18.223033905, 15.5682706833, 5.79369115829, 9.63497257233, 21.7181377411, 10.5819149017, 5.89658260345, 6.561627388, 5.56906414032, 4.8514509201, 4.1320848465, 2.95628499985, 3.08307814598, 1.87559115887, 2.1225361824, 1.09832656384, 0.49320691824, 0.405720710754, 0.648137927055, 0.596650838852, 0.649517416954, 0.400379687548, 0.20305788517, 0.12726084888, 0.0607200153172, 0.0224305428565, 0.00598578574136, 0.00210990477353, 0.00049873808166, 2.98308787023e-05], "median": [0.00257580005564, 0.0705032199621, 0.369243532419, 0.784758031368, 0.98357206583, 3.11325669289, 5.83836984634, 5.81535196304, 6.33365821838, 5.5918302536, 3.06763672829, 2.08708977699, 2.22473025322, 2.53436899185, 2.02222061157, 1.60496509075, 1.10593152046, 0.833692908287, 0.691214501858, 0.468437552452, 0.337449878454, 0.30020660162, 0.290646106005, 0.177888318896, 0.131687343121, 0.0888814255595, 0.0691876038909, 0.0631351992488, 0.0646858662367, 0.0519429557025, 0.0421529263258, 0.0403942987323, 0.0235489439219, 0.0148953562602, 0.00755887851119, 0.00341196730733, 0.00167657819111, 0.000520383240655, 0.00011498357344, 2.29862907872e-05], "dvar": [0.000552347977646, 0.123364515603, 2.81199479103, 3.86114096642, 16.6365013123, 89.8258132935, 577.52166748, 1041.27026367, 391.50769043, 1774.5760498, 5207.02148438, 11983.5605469, 412.762664795, 2488.80566406, 20400.2558594, 2024.88317871, 592.08392334, 1510.2611084, 2432.30932617, 851.274353027, 567.618652344, 251.402740479, 143.183029175, 69.9274215698, 80.5206069946, 45.3459358215, 13.321015358, 9.4222612381, 11.786356926, 13.8418083191, 65.5185241699, 27.2445983887, 8.1704120636, 2.99865674973, 0.878879368305, 0.0827777609229, 0.00336072896607, 0.000681710953359, 1.92302086361e-05, 3.27699822833e-08]}, "silence_rate_30dB": {"dvar2": 0.00924808532, "var": 0.010546467267, "min": 0, "dmean": 0.0040436219424, "mean": 0.989340186119, "max": 1, "dmean2": 0.00808773934841, "median": 1, "dvar": 0.00402709469199}, "melbands_spread": {"dvar2": 34.9691963196, "var": 118.256904602, "min": 0.362101435661, "dmean": 1.83989548683, "mean": 8.52502155304, "max": 174.785308838, "dmean2": 2.75016474724, "median": 5.55541706085, "dvar": 14.9748382568}, "melbands_crest": {"dvar2": 15.8963279724, "var": 37.074131012, "min": 2.84025144577, "dmean": 2.27171707153, "mean": 17.8963413239, "max": 39.174118042, "dmean2": 3.45557022095, "median": 17.0173473358, "dvar": 6.88802862167}, "zerocrossingrate": {"dvar2": 6.57195487292e-05, "var": 0.00092445500195, "min": 0.0029296875, "dmean": 0.00423373514786, "mean": 0.0289947465062, "max": 0.4267578125, "dmean2": 0.00524822296575, "median": 0.02197265625, "dvar": 5.26041985722e-05}, "barkbands_kurtosis": {"dvar2": 533.258666992, "var": 877.557495117, "min": -1.89273881912, "dmean": 7.07584667206, "mean": 18.5940437317, "max": 738.963989258, "dmean2": 10.289305687, "median": 10.4221878052, "dvar": 268.598999023}, "spectral_flux": {"dvar2": 0.00154041615315, "var": 0.00113930087537, "min": 2.52760728472e-05, "dmean": 0.0162321273237, "mean": 0.0354371480644, "max": 0.585391283035, "dmean2": 0.0260625202209, "median": 0.0254008285701, "dvar": 0.000617594749201}, "barkbands_crest": {"dvar2": 11.3618173599, "var": 23.9614315033, "min": 2.28321266174, "dmean": 1.91918361187, "mean": 14.3449630737, "max": 26.8414325714, "dmean2": 2.92365407944, "median": 13.5445318222, "dvar": 4.86177492142}, "barkbands_flatness_db": {"dvar2": 0.000973825459369, "var": 0.00373567990027, "min": 0.00900497939438, "dmean": 0.0193137358874, "mean": 0.241179123521, "max": 0.46204444766, "dmean2": 0.0272142421454, "median": 0.240909293294, "dvar": 0.000495237763971}, "spectral_entropy": {"dvar2": 0.103938117623, "var": 0.409371763468, "min": 4.06475162506, "dmean": 0.205783426762, "mean": 6.37453651428, "max": 9.79410362244, "dmean2": 0.283751785755, "median": 6.34574556351, "dvar": 0.0588173829019}, "pitch_salience": {"dvar2": 0.00918857567012, "var": 0.0189602617174, "min": 0.0375688299537, "dmean": 0.0547005981207, "mean": 0.468324750662, "max": 0.84914702177, "dmean2": 0.0841525867581, "median": 0.467472285032, "dvar": 0.00389196677133}, "erbbands_spread": {"dvar2": 121.016685486, "var": 320.080230713, "min": 0.595636188984, "dmean": 4.26373052597, "mean": 20.7450389862, "max": 146.467376709, "dmean2": 6.23778629303, "median": 16.004404068, "dvar": 58.2742347717}, "dynamic_complexity": 5.08172512054, "spectral_contrast_valleys": {"dvar2": [0.275791317225, 0.395117074251, 0.310375213623, 0.24516685307, 0.119866393507, 0.0870165899396], "var": [1.25940454006, 1.24218595028, 0.99180996418, 0.81553119421, 0.604282975197, 0.368771284819], "min": [-27.5724601746, -26.9699859619, -27.3709411621, -26.9931907654, -27.3790168762, -27.208612442], "dmean": [0.365626275539, 0.37092807889, 0.348649561405, 0.300944268703, 0.219264522195, 0.171078249812], "mean": [-8.49474239349, -7.78765964508, -8.92668819427, -9.52960109711, -9.44241333008, -11.4209136963], "max": [-5.78207540512, -4.62816810608, -5.46654701233, -5.72726869583, -6.25385379791, -7.43749237061], "dmean2": [0.596377313137, 0.588695764542, 0.552900373936, 0.482506722212, 0.341499090195, 0.247835099697], "median": [-8.43182277679, -7.72549247742, -8.86812782288, -9.51028251648, -9.48271179199, -11.4185028076], "dvar": [0.125253066421, 0.17614428699, 0.137532904744, 0.106946468353, 0.059727743268, 0.0464245155454]}, "hfc": {"dvar2": 241.920303345, "var": 881.939697266, "min": 1.99884084395e-07, "dmean": 2.69128918648, "mean": 10.9654331207, "max": 842.199584961, "dmean2": 3.49635267258, "median": 4.49727487564, "dvar": 119.093490601}, "spectral_kurtosis": {"dvar2": 38.278968811, "var": 84.2013778687, "min": -1.174736619, "dmean": 3.30931353569, "mean": 12.4260463715, "max": 110.687736511, "dmean2": 5.13271760941, "median": 10.1229925156, "dvar": 17.5950241089}, "mfcc": {"mean": [-770.758789063, 157.627563477, 25.3361110687, 14.0556049347, -1.00355708599, -1.84014248848, -8.28518390656, -3.16132974625, -10.1544790268, -6.56434249878, -2.39147591591, -2.44884181023, -1.3903208971], "cov": [[7607.30908203, 412.504882813, -2164.33935547, -224.980117798, -173.954269409, -268.832794189, -220.858535767, 97.9980239868, -373.725463867, -510.356018066, -110.810813904, -427.371917725, 206.498550415], [412.504882813, 1325.47570801, 193.602050781, -161.590332031, -22.8828525543, -16.6195449829, -0.498452842236, -25.2238864899, -35.1407089233, -45.2376556396, -11.5416097641, 29.9252758026, -15.3828048706], [-2164.33935547, 193.602050781, 1394.31726074, 230.434967041, 113.987968445, 215.628753662, 175.725997925, 2.71314358711, 191.686462402, 287.24017334, 54.5284996033, 238.170898438, -34.2333717346], [-224.980117798, -161.590332031, 230.434967041, 405.840057373, 190.568908691, 69.8003540039, 48.630569458, 71.2953033447, 53.6843605042, 17.8751220703, 49.686252594, 9.82145786285, 3.88434171677], [-173.954269409, -22.8828525543, 113.987968445, 190.568908691, 253.584136963, 113.936798096, 48.2764778137, 43.6641731262, 42.9569892883, 38.8203163147, 42.2406044006, 26.8984584808, 7.61484193802], [-268.832794189, -16.6195449829, 215.628753662, 69.8003540039, 113.936798096, 234.270492554, 127.660804749, 47.6836929321, 82.2157821655, 102.580657959, 26.0230846405, 58.7048187256, 25.0710659027], [-220.858535767, -0.498452842236, 175.725997925, 48.630569458, 48.2764778137, 127.660804749, 193.470245361, 96.7099380493, 68.5135192871, 70.1044616699, -8.15210914612, 41.4688453674, 26.4253406525], [97.9980239868, -25.2238864899, 2.71314358711, 71.2953033447, 43.6641731262, 47.6836929321, 96.7099380493, 159.580993652, 90.0380706787, 37.5103187561, 19.8550891876, 6.98735332489, 21.3639202118], [-373.725463867, -35.1407089233, 191.686462402, 53.6843605042, 42.9569892883, 82.2157821655, 68.5135192871, 90.0380706787, 177.293746948, 154.082122803, 74.1406860352, 63.3852157593, 5.12722826004], [-510.356018066, -45.2376556396, 287.24017334, 17.8751220703, 38.8203163147, 102.580657959, 70.1044616699, 37.5103187561, 154.082122803, 264.532470703, 124.715087891, 136.102020264, 16.0900630951], [-110.810813904, -11.5416097641, 54.5284996033, 49.686252594, 42.2406044006, 26.0230846405, -8.15210914612, 19.8550891876, 74.1406860352, 124.715087891, 180.218902588, 115.587715149, 31.7069015503], [-427.371917725, 29.9252758026, 238.170898438, 9.82145786285, 26.8984584808, 58.7048187256, 41.4688453674, 6.98735332489, 63.3852157593, 136.102020264, 115.587715149, 219.455490112, 83.7542266846], [206.498550415, -15.3828048706, -34.2333717346, 3.88434171677, 7.61484193802, 25.0710659027, 26.4253406525, 21.3639202118, 5.12722826004, 16.0900630951, 31.7069015503, 83.7542266846, 142.382965088]], "icov": [[0.000325670844177, -0.000227769371122, 0.000480085029267, -0.000285710062599, 0.000284279987682, -0.000273407262284, 0.000252888188697, -0.000457293994259, 0.000604859844316, -0.000395805196604, -1.35970740303e-05, 0.000453768559964, -0.000560034706723], [-0.000227769371122, 0.00109530810732, -0.000778695044573, 0.0010883762734, -0.000642513041385, 0.000341951585142, -0.000203097239137, -2.40986555582e-05, -0.000265244860202, 0.00104121200275, -0.000616479082964, -0.000154752851813, 0.000367417029338], [0.000480085029267, -0.000778695044573, 0.00269905617461, -0.0021880180575, 0.00108429533429, -0.000753782165702, -0.000497425440699, 0.00109954853542, -0.00043788246694, -0.00172402092721, 0.00221932819113, -0.00193536665756, 0.000785126409028], [-0.000285710062599, 0.0010883762734, -0.0021880180575, 0.00624518794939, -0.00404521590099, 0.00114391290117, -0.000167644247995, -0.00162687164266, -0.000273347337497, 0.0026569114998, -0.00308301486075, 0.00195934786461, -0.000630755792372], [0.000284279987682, -0.000642513041385, 0.00108429533429, -0.00404521590099, 0.00832623057067, -0.00410176953301, 0.00135467783548, -0.000872637960128, 0.00117124279495, -0.000789930636529, 5.78439539822e-05, -0.000535653845873, 0.000395110546378], [-0.000273407262284, 0.000341951585142, -0.000753782165702, 0.00114391290117, -0.00410176953301, 0.0100936330855, -0.006010602694, 0.00323637574911, -0.00277822953649, -0.000436329806689, -4.49706567451e-05, 0.00042416175711, -0.000797124870587], [0.000252888188697, -0.000203097239137, -0.000497425440699, -0.000167644247995, 0.00135467783548, -0.006010602694, 0.0142374755815, -0.00919580738991, 0.00406643375754, -0.00292839761823, 0.00355245452374, -0.000758653040975, -0.000940744881518], [-0.000457293994259, -2.40986555582e-05, 0.00109954853542, -0.00162687164266, -0.000872637960128, 0.00323637574911, -0.00919580738991, 0.0177785549313, -0.0115409884602, 0.0040078391321, -0.000551234697923, -0.000377780059353, -0.00020708750526], [0.000604859844316, -0.000265244860202, -0.00043788246694, -0.000273347337497, 0.00117124279495, -0.00277822953649, 0.00406643375754, -0.0115409884602, 0.020866336301, -0.00994181353599, -0.00138323928695, 0.00303742708638, -0.000706785882358], [-0.000395805196604, 0.00104121200275, -0.00172402092721, 0.0026569114998, -0.000789930636529, -0.000436329806689, -0.00292839761823, 0.0040078391321, -0.00994181353599, 0.0151377283037, -0.00565614411607, -0.00273740291595, 0.00177788524888], [-1.35970740303e-05, -0.000616479082964, 0.00221932819113, -0.00308301486075, 5.78439539822e-05, -4.49706567451e-05, 0.00355245452374, -0.000551234697923, -0.00138323928695, -0.00565614411607, 0.0148413404822, -0.00744379730895, 0.00176173017826], [0.000453768559964, -0.000154752851813, -0.00193536665756, 0.00195934786461, -0.000535653845873, 0.00042416175711, -0.000758653040975, -0.000377780059353, 0.00303742708638, -0.00273740291595, -0.00744379730895, 0.0154888397083, -0.00829558074474], [-0.000560034706723, 0.000367417029338, 0.000785126409028, -0.000630755792372, 0.000395110546378, -0.000797124870587, -0.000940744881518, -0.00020708750526, -0.000706785882358, 0.00177788524888, 0.00176173017826, -0.00829558074474, 0.0127180535346]]}, "silence_rate_20dB": {"dvar2": 0.000734675501008, "var": 0.00244454969652, "min": 0, "dmean": 0.000367602013284, "mean": 0.997549474239, "max": 1, "dmean2": 0.000735249079298, "median": 1, "dvar": 0.000367465079762}, "melbands_kurtosis": {"dvar2": 1201.06213379, "var": 1926.85290527, "min": -1.95013773441, "dmean": 9.36416816711, "mean": 24.0175113678, "max": 749.293334961, "dmean2": 14.0965690613, "median": 11.1154384613, "dvar": 545.649780273}, "barkbands_spread": {"dvar2": 42.8179740906, "var": 86.2972793579, "min": 0.179686099291, "dmean": 1.74735617638, "mean": 7.31635951996, "max": 126.777320862, "dmean2": 2.63027524948, "median": 4.98208045959, "dvar": 18.2668228149}, "erbbands_skewness": {"dvar2": 0.544586241245, "var": 2.02341103554, "min": -9.68479251862, "dmean": 0.408989131451, "mean": 1.5280932188, "max": 12.0175685883, "dmean2": 0.578220367432, "median": 1.45922648907, "dvar": 0.28164306283}, "average_loudness": 0.00774063356221, "spectral_centroid": {"dvar2": 40561.3710938, "var": 163771.25, "min": 137.482498169, "dmean": 66.2788848877, "mean": 568.820617676, "max": 10842.8964844, "dmean2": 96.6640930176, "median": 448.513824463, "dvar": 21190.4492188}, "dissonance": {"dvar2": 0.00361444847658, "var": 0.00395693583414, "min": 0.141661331058, "dmean": 0.0371723026037, "mean": 0.382771730423, "max": 0.499906390905, "dmean2": 0.0620050169528, "median": 0.3892557621, "dvar": 0.00133471202571}, "erbbands_flatness_db": {"dvar2": 0.000939070479944, "var": 0.00407108524814, "min": 0.0231053717434, "dmean": 0.017877548933, "mean