{"tonal": {"thpcp": [1, 0.736266553402, 0.507362484932, 0.428547739983, 0.40346762538, 0.460158258677, 0.45835223794, 0.398306041956, 0.506240844727, 0.589568018913, 0.466329336166, 0.341204971075, 0.28312292695, 0.314051806927, 0.450195133686, 0.460595011711, 0.352915138006, 0.35319647193, 0.464576333761, 0.601340949535, 0.747412741184, 0.776726543903, 0.575438678265, 0.402778089046, 0.382516413927, 0.412631303072, 0.442469239235, 0.461977809668, 0.53532487154, 0.757093727589, 0.943917095661, 0.855891287327, 0.722581624985, 0.725514411926, 0.765289604664, 0.931664586067], "hpcp": {"dmean2": [0.18007864058, 0.17037075758, 0.180031508207, 0.179961234331, 0.162281304598, 0.190301075578, 0.204034954309, 0.195171147585, 0.172705709934, 0.148671165109, 0.156829893589, 0.18267261982, 0.18066957593, 0.155424460769, 0.162820309401, 0.20620290935, 0.248200803995, 0.269635587931, 0.277919411659, 0.232263669372, 0.181902348995, 0.181661725044, 0.207673221827, 0.220966264606, 0.232488885522, 0.293271481991, 0.327962756157, 0.349279940128, 0.371949821711, 0.328769862652, 0.321140855551, 0.345013618469, 0.346412420273, 0.332063645124, 0.284753620625, 0.215899258852], "median": [0.0658660531044, 0.0642742216587, 0.0660365819931, 0.0654387325048, 0.0654995143414, 0.0693418160081, 0.0691567286849, 0.064997382462, 0.0485390946269, 0.0406810864806, 0.0468030236661, 0.0611397400498, 0.0697748810053, 0.0631166249514, 0.0549450814724, 0.0720045417547, 0.0928646326065, 0.12484151125, 0.12130767107, 0.0916247069836, 0.0595653429627, 0.0551305674016, 0.0587043166161, 0.0650100633502, 0.0687414854765, 0.0802460089326, 0.131186306477, 0.172582671046, 0.16905605793, 0.133144289255, 0.124281108379, 0.141627162695, 0.190295338631, 0.187678664923, 0.144048944116, 0.0838893428445], "min": [0, 0, 0, 0, 0, 0, 0, 0, 0, 0, 0, 0, 0, 0, 0, 0, 0, 0, 0, 0, 0, 0, 0, 0, 0, 0, 0, 0, 0, 0, 0, 0, 0, 0, 0, 0], "dvar2": [0.0640329942107, 0.056087564677, 0.0641412436962, 0.0682141855359, 0.0514136701822, 0.0733528882265, 0.0828056335449, 0.0801945701241, 0.072951041162, 0.0607764013112, 0.0572241470218, 0.0711639523506, 0.0684170052409, 0.047089651227, 0.0533221848309, 0.0797902792692, 0.0978663042188, 0.0996166318655, 0.108302518725, 0.0874494165182, 0.0667752549052, 0.0758286491036, 0.0899766087532, 0.102565549314, 0.0961355343461, 0.135786682367, 0.14050860703, 0.14455088973, 0.155722022057, 0.138651654124, 0.136617615819, 0.147070944309, 0.136878341436, 0.13299575448, 0.100396879017, 0.0830142349005], "dvar": [0.0251531433314, 0.021793730557, 0.0257952380925, 0.0271248128265, 0.0197555590421, 0.0295268334448, 0.034691542387, 0.0308529231697, 0.027376467362, 0.0223617628217, 0.021419916302, 0.028463345021, 0.0264595039189, 0.0175769515336, 0.0202447511256, 0.0301841907203, 0.0382853299379, 0.0419556237757, 0.0452005788684, 0.0344765074551, 0.0252753291279, 0.0279131177813, 0.0339635387063, 0.0381049327552, 0.0365187972784, 0.0506220385432, 0.054663028568, 0.060187779367, 0.0596961304545, 0.0525738894939, 0.05353134498, 0.0546521656215, 0.0533878691494, 0.0572261326015, 0.0390552505851, 0.0315792001784], "dmean": [0.106091432273, 0.100730516016, 0.107957527041, 0.107547342777, 0.0964478477836, 0.113366104662, 0.122165508568, 0.115721605718, 0.0994541049004, 0.0849967300892, 0.0910506621003, 0.106803283095, 0.105677083135, 0.0911203697324, 0.0957207232714, 0.122121050954, 0.147286266088, 0.16001740098, 0.165470153093, 0.138014256954, 0.106857679784, 0.105175539851, 0.119471199811, 0.126667246222, 0.134004339576, 0.165400370955, 0.189386293292, 0.203440546989, 0.216180860996, 0.188046529889, 0.18410807848, 0.199183389544, 0.201832190156, 0.194184049964, 0.168055653572, 0.127538621426], "max": [1, 1, 1, 1, 1, 1, 1, 1, 1, 1, 1, 1, 1, 1, 1, 1, 1, 1, 1, 1, 1, 1, 1, 1, 1, 1, 1, 1, 1, 1, 1, 1, 1, 1, 1, 1], "var": [0.0352546386421, 0.0313226208091, 0.0412050150335, 0.0436672754586, 0.027929296717, 0.0540047362447, 0.0750819593668, 0.0459518507123, 0.0282751582563, 0.0207370016724, 0.0223909262568, 0.0480447523296, 0.0450119897723, 0.0224047079682, 0.0251985844225, 0.0401388406754, 0.0593785904348, 0.0779200941324, 0.0858544185758, 0.0526448749006, 0.0336574949324, 0.0328469239175, 0.0372919589281, 0.0418432950974, 0.0429987423122, 0.0542282648385, 0.0804936438799, 0.108913436532, 0.0849348977208, 0.0693968310952, 0.0762362107635, 0.0734470039606, 0.09073536098, 0.114349015057, 0.0637670606375, 0.0445411801338], "mean": [0.139253735542, 0.131104111671, 0.149525359273, 0.148938506842, 0.129426896572, 0.164499595761, 0.191576197743, 0.151530608535, 0.110872283578, 0.091998912394, 0.102049037814, 0.14628790319, 0.149667277932, 0.114677421749, 0.114768840373, 0.150960981846, 0.195401728153, 0.242866784334, 0.252392113209, 0.186984956264, 0.130880057812, 0.124296158552, 0.134081795812, 0.143777430058, 0.150116607547, 0.173950254917, 0.246012568474, 0.306719571352, 0.278116166592, 0.234798073769, 0.235751077533, 0.248675763607, 0.302738189697, 0.324943333864, 0.239244908094, 0.164864063263]}, "tuning_equal_tempered_deviation": 0.084274366498, "chords_changes_rate": 0.1034777686, "key_key": "G", "tuning_diatonic_strength": 0.558851718903, "key_scale": "minor", "chords_number_rate": 0.00456100329757, "tuning_frequency": 453.154663086, "tuning_nontempered_energy_ratio": 0.841713190079, "chords_histogram": [8.92246341705, 3.56328392029, 1.99543905258, 0.114025086164, 0, 0, 0.57012540102, 4.50399065018, 6.98403644562, 6.61345481873, 2.53705811501, 1.65336370468, 0.142531350255, 0.456100344658, 29.6750278473, 11.2599773407, 2.82212090492, 0, 0.0285062715411, 2.9076397419, 2.45153927803, 6.49942970276, 1.08323836327, 5.21664762497], "key_strength": 0.491469800472, "chords_key": "G#", "chords_strength": {"dmean2": 0.015509092249, "median": 0.508917689323, "min": -1, "dvar2": 0.0012412823271, "dvar": 0.000662981823552, "dmean": 0.0129879610613, "max": 0.729421913624, "var": 0.0460678860545, "mean": 0.476600319147}, "chords_scale": "minor", "hpcp_entropy": {"dmean2": 1.16763544083, "median": 2.63073778152, "min": 0, "dvar2": 0.895507693291, "dvar": 0.337905406952, "dmean": 0.696912944317, "max": 4.60545730591, "var": 0.796579658985, "mean": 2.56013822556}}, "metadata": {"audio_properties": {"equal_loudness": 0, "codec": "mp3", "downmix": "mix", "sample_rate": 44100, "analysis_sample_rate": 44100, "bit_rate": 192000, "md5_encoded": "ab07ff71845d887848f31f52e89f5887", "length": 162.847351074, "replay_gain": -14.7002487183, "lossless": false}, "version": {"essentia_build_sha": "70f2e5ece6736b2c40cc944ad0e695b16b925413", "essentia": "2.1-beta2", "extractor": "music 1.0", "essentia_git_sha": "v2.1_beta2"}, "tags": {"title": ["You've Got Me Floating"], "artist": ["Jimi Hendrix"], "albumartist": ["Jimi Hendrix"], "date": ["2005"], "genre": ["Classic Rock"], "album": ["Axis Outtakes"], "tracknumber": ["3"], "musicbrainz_recordingid": ["1a0c56ff-607a-4db1-b720-3a29ce882c04"], "file_name": "100815.mp3"}}, "rhythm": {"bpm_histogram_first_peak_bpm": {"dmean2": 0, "median": 133, "min": 133, "dvar2": 0, "dvar": 0, "dmean": 0, "max": 133, "var": 0, "mean": 133}, "bpm": 132.926223755, "bpm_histogram_second_peak_spread": {"dmean2": 0, "median": 0.193548381329, "min": 0.193548381329, "dvar2": 0, "dvar": 0, "dmean": 0, "max": 0.193548381329, "var": 0, "mean": 0.193548381329}, "bpm_histogram_first_peak_weight": {"dmean2": 0, "median": 0.386740326881, "min": 0.386740326881, "dvar2": 0, "dvar": 0, "dmean": 0, "max": 0.386740326881, "var": 0, "mean": 0.386740326881}, "onset_rate": 3.4384355545, "beats_position": [0.452789098024, 0.9287981987, 1.39319729805, 1.88081634045, 2.34521532059, 2.80961441994, 3.27401351929, 3.75002264977, 4.22603178024, 4.69043064117, 5.13160991669, 5.60761880875, 6.08362817764, 6.54802703857, 7.00081634521, 7.46521520615, 7.91800451279, 8.38240337372, 8.84680271149, 9.31120204926, 9.76399040222, 10.2167797089, 10.6811790466, 11.1455783844, 11.6099767685, 12.0627660751, 12.5155553818, 12.9799547195, 13.4443531036, 13.8971424103, 14.361541748, 14.8143310547, 15.2671203613, 15.7199087143, 16.1843090057, 16.637096405, 17.0898857117, 17.5426750183, 17.995464325, 18.4598636627, 18.9242630005, 19.3886623383, 19.853061676, 20.3174591064, 20.7702484131, 21.2230377197, 21.6758270264, 22.128616333, 22.5930156708, 23.0458049774, 23.4985942841, 23.9397735596, 24.3809528351, 24.8337402344, 25.286529541, 25.7393188477, 26.1921081543, 26.6448974609, 27.0976867676, 27.5620861053, 28.0264854431, 28.4908847809, 28.9552822113, 29.4080715179, 29.8608608246, 30.3136501312, 30.7664394379, 31.2076187134, 31.66040802, 32.1248054504, 32.5775947571, 33.0303840637, 33.4831733704, 33.935962677, 34.3887519836, 34.8299331665, 35.2711105347, 35.7122879028, 36.1766891479, 36.6294784546, 37.0706558228, 37.5234451294, 37.9646263123, 38.4290237427, 38.8818130493, 39.334602356, 39.7989997864, 40.2401809692, 40.6929702759, 41.1457595825, 41.5985488892, 42.0513381958, 42.5041275024, 42.9569168091, 43.3980941772, 43.8508834839, 44.3036727905, 44.7680702209, 45.2208595276, 45.6736488342, 46.1264381409, 46.5792274475, 47.0436286926, 47.4964179993, 47.9375953674, 48.3903846741, 48.8547821045, 49.3075714111, 49.7603607178, 50.2131500244, 50.6659393311, 51.1071205139, 51.5599098206, 52.0126991272, 52.4538764954, 52.8950538635, 53.3478431702, 53.8006324768, 54.2418136597, 54.6946029663, 55.1473922729, 55.6001815796, 56.0529708862, 56.4941482544, 56.946937561, 57.3997268677, 57.8525161743, 58.305305481, 58.7580947876, 59.2108840942, 59.6520614624, 60.104850769, 60.5576400757, 61.0104293823, 61.463218689, 61.9043960571, 62.3571853638, 62.8099746704, 63.2511558533, 63.6923332214, 64.1451263428, 64.5979156494, 65.0390930176, 65.4802703857, 65.9214477539, 66.3626327515, 66.8038101196, 67.2682037354, 67.7326049805, 68.1853942871, 68.6381835938, 69.0793609619, 69.5205459595, 69.9617233276, 70.4029006958, 70.844078064, 71.2852630615, 71.7264404297, 72.1676177979, 72.608795166, 73.0499725342, 73.4911575317, 73.9323348999, 74.3735122681, 74.8146896362, 75.2558746338, 75.6854400635, 76.1150131226, 76.5561904907, 76.9973678589, 77.426940918, 77.8565063477, 78.2860794067, 78.7156448364, 79.1452102661, 79.5747833252, 80.0043487549, 80.4455337524, 80.8750991821, 81.2930603027, 81.7342376709, 82.1754150391, 82.6166000366, 83.0577774048, 83.4989547729, 83.928527832, 84.3580932617, 84.7992706299, 85.2404556274, 85.6816329956, 86.1111984253, 86.5407714844, 86.9703369141, 87.3999099731, 87.8178634644, 88.2590484619, 88.7002258301, 89.1414031982, 89.5941925049, 90.0469818115, 90.4881591797, 90.9177322388, 91.3472976685, 91.7768707275, 92.2296600342, 92.6708374023, 93.123626709, 93.5764160156, 94.0292053223, 94.4819946289, 94.946395874, 95.3991851807, 95.8635787964, 96.3279800415, 96.7807693481, 97.2219467163, 97.6747360229, 98.1275253296, 98.5803146362, 99.0331039429, 99.4858932495, 99.9386825562, 100.391471863, 100.832649231, 101.285438538, 101.738227844, 102.191017151, 102.643806458, 103.096595764, 103.549385071, 104.002174377, 104.443351746, 104.896141052, 105.348930359, 105.801719666, 106.254508972, 106.707298279, 107.160087585, 107.612876892, 108.065666199, 108.518455505, 108.959632874, 109.400817871, 109.853607178, 110.318000793, 110.782402039, 111.246803284, 111.687980652, 112.140769958, 112.593559265, 113.034736633, 113.499137878, 113.940315247, 114.393104553, 114.84589386, 115.287071228, 115.751472473, 116.20426178, 116.657051086, 117.109840393, 117.5626297, 118.003807068, 118.468208313, 118.909385681, 119.373786926, 119.838180542, 120.290969849, 120.743759155, 121.196548462, 121.649337769, 122.090522766, 122.531700134, 122.972877502, 123.425666809, 123.878456116, 124.331245422, 124.784034729, 125.248435974, 125.71282959, 126.165618896, 126.618408203, 127.082809448, 127.547210693, 128.011611938, 128.464401245, 128.917190552, 129.369979858, 129.822769165, 130.263946533, 130.705123901, 131.134689331, 131.564254761, 131.993835449, 132.435012817, 132.887802124, 133.317367554, 133.746932983, 134.164901733, 134.594467163, 135.024032593, 135.453598022, 135.883178711, 136.312744141, 136.730697632, 137.160263062, 137.601455688, 138.031021118, 138.460586548, 138.901763916, 139.342941284, 139.784118652, 140.213699341, 140.643264771, 141.084442139, 141.525619507, 141.955184937, 142.373153687, 142.802719116, 143.232284546, 143.673461914, 144.103042603, 144.544219971, 144.9737854, 145.40335083, 145.82131958, 146.239273071, 146.668838501, 147.098403931, 147.516372681, 147.934326172, 148.352294922, 148.770248413, 149.199813843, 149.629379272, 150.058959961, 150.500137329, 150.929702759, 151.370880127, 151.823669434, 152.288070679, 152.740859985, 153.20526123, 153.669662476, 154.134063721, 154.575241089, 155.016418457, 155.445983887, 155.875549316, 156.293518066, 156.723083496, 157.164260864, 157.524169922, 157.872467041, 158.22076416, 158.569061279, 159.010253906, 159.439819336, 159.915817261, 160.391830444, 160.856231689, 161.332244873, 161.808258057, 162.284255981], "beats_loudness": {"dmean2": 0.00928682740778, "median": 0.0143503714353, "min": 0, "dvar2": 7.55248038331e-05, "dvar": 2.29997422139e-05, "dmean": 0.00536806695163, "max": 0.0337732881308, "var": 3.89317465306e-05, "mean": 0.0146981794387}, "danceability": 1.11989665031, "bpm_histogram_second_peak_weight": {"dmean2": 0, "median": 0.138121545315, "min": 0.138121545315, "dvar2": 0, "dvar": 0, "dmean": 0, "max": 0.138121545315, "var": 0, "mean": 0.138121545315}, "beats_count": 363, "bpm_histogram_second_peak_bpm": {"dmean2": 0, "median": 140, "min": 140, "dvar2": 0, "dvar": 0, "dmean": 0, "max": 140, "var": 0, "mean": 140}, "bpm_histogram_first_peak_spread": {"dmean2": 0, "median": 0.508771896362, "min": 0.508771896362, "dvar2": 0, "dvar": 0, "dmean": 0, "max": 0.508771896362, "var": 0, "mean": 0.508771896362}, "beats_loudness_band_ratio": {"dmean2": [0.267051547766, 0.272064596415, 0.0721136331558, 0.0719511881471, 0.249826133251, 0.174042835832], "median": [0.183138757944, 0.135575249791, 0.0319512933493, 0.0357034616172, 0.328298330307, 0.184525251389], "min": [0, 0, 0, 0, 0, 0], "dvar2": [0.0425423905253, 0.0781169757247, 0.00704237632453, 0.00751437991858, 0.0431013703346, 0.0254819132388], "dvar": [0.0194128211588, 0.0251829531044, 0.00231936317869, 0.00265947123989, 0.0155649781227, 0.00916816014796], "dmean": [0.1584007442, 0.147607222199, 0.0404634177685, 0.041433442384, 0.146937265992, 0.101151302457], "max": [0.90636497736, 0.931611597538, 0.304374307394, 0.476563841105, 0.787321209908, 0.767986059189], "var": [0.0469557717443, 0.0259113553911, 0.00228999368846, 0.00287197600119, 0.030746081844, 0.0153779014945], "mean": [0.249659508467, 0.183855965734, 0.0467881336808, 0.0509395450354, 0.338608682156, 0.197293639183]}}, "lowlevel": {"barkbands_spread": {"dmean2": 10.7134008408, "median": 31.493309021, "min": 0.87856143713, "dvar2": 94.3093566895, "dvar": 39.960975647, "dmean": 6.6641626358, "max": 72.754989624, "var": 128.209579468, "mean": 30.386013031}, "melbands_spread": {"dmean2": 20.6499099731, "median": 60.4268913269, "min": 0.782629430294, "dvar2": 402.686553955, "dvar": 180.169372559, "dmean": 13.1289815903, "max": 160.116897583, "var": 984.421325684, "mean": 56.4302520752}, "hfc": {"dmean2": 8.44104003906, "median": 14.375626564, "min": 1.06189582452e-16, "dvar2": 129.388015747, "dvar": 61.8924331665, "dmean": 5.74956178665, "max": 105.187698364, "var": 200.317352295, "mean": 17.4285850525}, "barkbands_kurtosis": {"dmean2": 3.46888613701, "median": -0.615107536316, "min": -1.94949793816, "dvar2": 49.6571159363, "dvar": 21.8793506622, "dmean": 2.18206381798, "max": 148.097702026, "var": 48.0762252808, "mean": 1.5127466917}, "gfcc": {"mean": [-128.378250122, 127.039550781, -177.395614624, 64.3497390747, -13.9126214981, -46.4987449646, -25.8486232758, -8.04215717316, -36.0495300293, -16.1858501434, -18.8739643097, -18.996011734, -12.475227356], "icov": [[0.00160501652863, -0.00392745155841, 0.00463536614552, -0.00378272752278, 0.00130677374545, 0.000773039122578, -0.000499708170537, 0.000332723022439, -0.000616595556494, 0.0022214918863, -0.00189480697736, 0.00130772090051, 0.000122982673929], [-0.00392745155841, 0.0115777105093, -0.0111566213891, 0.00917015597224, -0.00438820011914, 0.000407498009736, -2.84537491098e-05, 0.000408925145166, 0.00213854177855, -0.00533374678344, 0.00529203657061, -0.00309633905999, 0.00125126645435], [0.00463536614552, -0.0111566213891, 0.0147373629734, -0.0111226644367, 0.00265512545593, 0.00165075284895, -0.00194602145348, 0.00216306024231, -0.00403400696814, 0.00749592715874, -0.00615219725296, 0.0027121801395, 0.000629901769571], [-0.00378272752278, 0.00917015597224, -0.0111226644367, 0.0128385052085, -0.00761051476002, 0.00280400528572, -0.00278960680589, 0.00133419630583, 0.00331082940102, -0.0090192463249, 0.00912709347904, -0.00605423329398, 0.00186390336603], [0.00130677374545, -0.00438820011914, 0.00265512545593, -0.00761051476002, 0.0170552898198, -0.0127053176984, 0.01104770042, -0.00524047855288, -0.00222050817683, 0.00884637236595, -0.00933046266437, 0.0109553914517, -0.00746218813583], [0.000773039122578, 0.000407498009736, 0.00165075284895, 0.00280400528572, -0.0127053176984, 0.0252211112529, -0.0183336343616, 0.00461915554479, 0.00425159931183, -0.0100984023884, 0.00955077353865, -0.0115210078657, 0.00869482848793], [-0.000499708170537, -2.84537491098e-05, -0.00194602145348, -0.00278960680589, 0.01104770042, -0.0183336343616, 0.0199007466435, -0.00587039487436, -0.00097566889599, 0.00700552435592, -0.00743106380105, 0.00938059948385, -0.00719316769391], [0.000332723022439, 0.000408925145166, 0.00216306024231, 0.00133419630583, -0.00524047855288, 0.00461915554479, -0.00587039487436, 0.0142052266747, -0.00585441989824, 0.00232069892809, 0.000866151181981, -0.00220730877481, 0.00457415822893], [-0.000616595556494, 0.00213854177855, -0.00403400696814, 0.00331082940102, -0.00222050817683, 0.00425159931183, -0.00097566889599, -0.00585441989824, 0.0197495371103, -0.0135717308149, 0.00752277811989, -0.00084236159455, -0.000207479592063], [0.0022214918863, -0.00533374678344, 0.00749592715874, -0.0090192463249, 0.00884637236595, -0.0100984023884, 0.00700552435592, 0.00232069892809, -0.0135717308149, 0.0287498328835, -0.0182522535324, 0.00729632610455, -0.000844108115416], [-0.00189480697736, 0.00529203657061, -0.00615219725296, 0.00912709347904, -0.00933046266437, 0.00955077353865, -0.00743106380105, 0.000866151181981, 0.00752277811989, -0.0182522535324, 0.0317419096828, -0.0163505766541, 0.00669918302447], [0.00130772090051, -0.00309633905999, 0.0027121801395, -0.00605423329398, 0.0109553914517, -0.0115210078657, 0.00938059948385, -0.00220730877481, -0.00084236159455, 0.00729632610455, -0.0163505766541, 0.0298072118312, -0.0122421002015], [0.000122982673929, 0.00125126645435, 0.000629901769571, 0.00186390336603, -0.00746218813583, 0.00869482848793, -0.00719316769391, 0.00457415822893, -0.000207479592063, -0.000844108115416, 0.00669918302447, -0.0122421002015, 0.024467440322]], "cov": [[28799.453125, 3710.9765625, -5102.2265625, 1246.98388672, -497.682800293, -1458.38452148, -569.478820801, -313.05758667, -849.737609863, -557.343261719, -472.537384033, -637.382080078, -256.562713623], [3710.9765625, 865.829406738, -348.147918701, 175.848083496, -4.76635074615, -195.947509766, -83.9628143311, -72.5656890869, -103.27116394, -90.5182037354, -67.9663772583, -94.0001068115, -42.7252006531], [-5102.2265625, -348.147918701, 1443.11352539, 91.1926498413, 198.922790527, 260.89956665, 126.946891785, -6.08931255341, 159.363418579, 73.8574981689, 64.9396133423, 101.870002747, 42.8533592224], [1246.98388672, 175.848083496, 91.1926498413, 501.352264404, 109.135787964, -22.4056167603, 6.98673057556, -57.8255996704, -34.5186424255, -10.1515226364, -49.1483879089, -23.9682884216, -0.868047058582], [-497.682800293, -4.76635074615, 198.922790527, 109.135787964, 185.669540405, 61.972618103, -6.55275344849, 18.8377838135, 16.3103961945, -7.25641679764, -3.73718500137, -9.1614818573, 14.7930002213], [-1458.38452148, -195.947509766, 260.89956665, -22.4056167603, 61.972618103, 222.795562744, 138.916320801, 16.534734726, 24.893693924, 42.2443466187, 25.0049858093, 42.7329711914, 6.02063179016], [-569.478820801, -83.9628143311, 126.946891785, 6.98673057556, -6.55275344849, 138.916320801, 186.546646118, 24.9739360809, 2.66298103333, 4.9446978569, 8.73171615601, 11.3474264145, 5.64552974701], [-313.05758667, -72.5656890869, -6.08931255341, -57.8255996704, 18.8377838135, 16.534734726, 24.9739360809, 115.940330505, 39.5386581421, -0.82000285387, 0.644759953022, -6.25780487061, -7.61760759354], [-849.737609863, -103.27116394, 159.363418579, -34.5186424255, 16.3103961945, 24.893693924, 2.66298103333, 39.5386581421, 114.704338074, 53.508972168, 11.4348554611, 7.62639522552, 1.10219800472], [-557.343261719, -90.5182037354, 73.8574981689, -10.1515226364, -7.25641679764, 42.2443466187, 4.9446978569, -0.82000285387, 53.508972168, 101.970214844, 43.8263206482, 21.5407581329, -6.56600427628], [-472.537384033, -67.9663772583, 64.9396133423, -49.1483879089, -3.73718500137, 25.0049858093, 8.73171615601, 0.644759953022, 11.4348554611, 43.8263206482, 76.7081832886, 37.7177963257, -0.177886351943], [-637.382080078, -94.0001068115, 101.870002747, -23.9682884216, -9.1614818573, 42.7329711914, 11.3474264145, -6.25780487061, 7.62639522552, 21.5407581329, 37.7177963257, 78.8064956665, 23.65117836], [-256.562713623, -42.7252006531, 42.8533592224, -0.868047058582, 14.7930002213, 6.02063179016, 5.64552974701, -7.61760759354, 1.10219800472, -6.56600427628, -0.177886351943, 23.65117836, 60.4292526245]]}, "spectral_energyband_middle_low": {"dmean2": 0.00330898095854, "median": 0.00347792822868, "min": 1.28684986203e-22, "dvar2": 2.16584776354e-05, "dvar": 7.98817654868e-06, "dmean": 0.00201796297915, "max": 0.0427976846695, "var": 2.08895653486e-05, "mean": 0.00486608687788}, "melbands_crest": {"dmean2": 5.27907085419, "median": 13.8870229721, "min": 1.53112113476, "dvar2": 22.5478839874, "dvar": 9.27785873413, "dmean": 3.29184007645, "max": 33.344291687, "var": 42.6251907349, "mean": 14.2457561493}, "spectral_kurtosis": {"dmean2": 8.77147388458, "median": 6.15355873108, "min": -1.29189264774, "dvar2": 62.9428215027, "dvar": 20.6549758911, "dmean": 4.94911289215, "max": 49.7254295349, "var": 34.8271369934, "mean": 7.51640844345}, "spectral_rms": {"dmean2": 0.000646070286166, "median": 0.00334568298422, "min": 3.11563470336e-12, "dvar2": 4.64234034325e-07, "dvar": 2.18294147203e-07, "dmean": 0.000428161525633, "max": 0.00673564895988, "var": 1.20551737837e-06, "mean": 0.00320107210428}, "zerocrossingrate": {"dmean2": 0.0110421329737, "median": 0.09130859375, "min": 0.0078125, "dvar2": 0.000118350872071, "dvar": 8.56088809087e-05, "dmean": 0.00940230302513, "max": 0.525390625, "var": 0.00493470905349, "mean": 0.0945046618581}, "silence_rate_60dB": {"dmean2": 0.0496221296489, "median": 0, "min": 0, "dvar2": 0.0511526688933, "dvar": 0.0241919830441, "dmean": 0.0248075276613, "max": 1, "var": 0.08080624789, "mean": 0.088667139411}, "erbbands_kurtosis": {"dmean2": 4.09232902527, "median": 2.6635055542, "min": -1.91605889797, "dvar2": 27.4013900757, "dvar": 12.200176239, "dmean": 2.63496899605, "max": 62.6523361206, "var": 36.2754402161, "mean": 4.19176244736}, "erbbands": {"dmean2": [0.00192327413242, 0.0724098756909, 0.649339437485, 2.63046479225, 9.6266708374, 5.93402767181, 2.40674734116, 1.37025392056, 1.8373503685, 1.99543046951, 2.4542593956, 2.97260165215, 3.01447558403, 1.55852508545, 2.22061014175, 3.85850596428, 6.53641748428, 7.47469139099, 8.10141563416, 16.9339294434, 23.4391670227, 63.6934089661, 42.1244773865, 62.839805603, 53.4578857422, 21.2075252533, 4.28244543076, 0.780024170876, 0.181051060557, 0.0448061749339, 0.00779044581577, 0.00196280935779, 0.00101092457771, 0.000509289151523, 0.000231422527577, 9.81144694379e-05, 3.2664011087e-05, 8.13034512248e-06, 3.40337282978e-06, 6.178651347e-06], "median": [0.000571949814912, 0.0192418657243, 0.260013639927, 1.41364943981, 5.29107093811, 3.90902757645, 1.65572249889, 0.728675186634, 0.676837682724, 0.836491525173, 1.14021551609, 1.28302764893, 1.22808074951, 0.714459061623, 0.913273870945, 1.63215172291, 2.71185946465, 4.07260084152, 5.3159198761, 9.30150222778, 20.8597507477, 43.4332084656, 36.2173652649, 48.6606521606, 41.5396537781, 19.0040054321, 3.76357769966, 0.654083073139, 0.1569301337, 0.0424976348877, 0.0090995747596, 0.00272640772164, 0.00137757021002, 0.000765130389482, 0.000420717231464, 0.000182070099982, 6.13394149696e-05, 1.3761999071e-05, 7.93452454673e-06, 1.49446195792e-05], "min": [9.11439666255e-23, 3.74820254031e-22, 1.53329871784e-21, 4.72444893484e-21, 1.07599896419e-20, 2.50419204616e-20, 2.36608309534e-20, 6.49692016153e-20, 6.28094394983e-20, 1.793872344e-19, 2.01873312171e-19, 3.05546818098e-19, 2.78669496948e-19, 6.42846049684e-19, 8.43016778585e-19, 6.0593859492e-19, 1.24888214852e-18, 1.56051417249e-18, 1.99486826311e-18, 3.01542943401e-18, 3.27941337316e-18, 4.3686005496e-18, 5.45496042272e-18, 5.83067867824e-18, 5.54292984009e-18, 8.27294349887e-18, 7.33298425442e-18, 9.95610963445e-18, 1.04952370064e-17, 1.12595072246e-17, 1.07411900625e-17, 9.43678083047e-18, 1.01420962321e-17, 7.70112015886e-18, 6.47014512643e-18, 3.88347773191e-18, 2.13104473261e-18, 9.07007470772e-19, 2.37898410791e-19, 2.55350735874e-20], "dvar2": [2.49967033596e-05, 0.0356775857508, 1.61649930477, 20.1934585571, 219.46055603, 84.7871398926, 14.4876365662, 9.93291473389, 17.9668941498, 26.4866046906, 25.7384433746, 37.2196960449, 46.495464325, 12.4610843658, 28.29529953, 71.0203781128, 180.786178589, 175.661026001, 171.322235107, 875.713867188, 1118.90979004, 10503.0185547, 4027.66577148, 9878.9375, 7127.61523438, 937.052856445, 47.2423362732, 2.02704787254, 0.120207741857, 0.0072165010497, 0.000139559575473, 7.37519758331e-06, 2.07784523809e-06, 5.55620090381e-07, 8.19435328481e-08, 1.55137662716e-08, 2.7017226234e-09, 4.67930694192e-10, 1.69221459762e-11, 5.07543486405e-11], "dvar": [1.11546269181e-05, 0.0139977866784, 0.655080795288, 7.44056653976, 81.5236740112, 34.0017547607, 5.7697467804, 4.77730035782, 8.8798494339, 11.6139736176, 10.7381277084, 15.7759370804, 19.15376091, 5.37064170837, 12.6070318222, 32.4234848022, 78.3694839478, 73.9039611816, 74.4489135742, 387.063201904, 456.529510498, 4505.86962891, 1657.38903809, 4166.64648438, 2997.72729492, 398.762542725, 22.9708042145, 1.0108268261, 0.0573443435133, 0.00318809016608, 6.76527924952e-05, 3.43663214153e-06, 9.2633621307e-07, 2.43275820822e-07, 3.53234774764e-08, 5.94626037298e-09, 9.69250568694e-10, 1.61214777639e-10, 7.99351990849e-12, 2.31917818283e-11], "dmean": [0.00121044402476, 0.044701885432, 0.404941678047, 1.58613073826, 5.80085515976, 3.62686228752, 1.47007107735, 0.8947083354, 1.20910847187, 1.26434576511, 1.56179440022, 1.88902246952, 1.90632653236, 1.00413227081, 1.43640840054, 2.482421875, 4.14387512207, 4.79487752914, 5.27800559998, 10.9626674652, 14.7217502594, 40.0023040771, 26.9145755768, 39.8630828857, 34.0172996521, 13.5870389938, 2.87714529037, 0.526650071144, 0.126769095659, 0.0302348583937, 0.00527482945472, 0.00132384593599, 0.000665257568471, 0.000334173062583, 0.000147631071741, 6.04037777521e-05, 1.97345816559e-05, 4.90214688398e-06, 2.28127169066e-06, 4.0773852561e-06], "max": [0.0683163404465, 2.06231617928, 12.06366539, 37.2500991821, 149.383178711, 112.734085083, 45.7413749695, 59.1060752869, 54.0221443176, 86.6930160522, 66.0983428955, 94.0387191772, 84.1423416138, 80.0737762451, 118.693511963, 151.594665527, 247.972900391, 149.655944824, 175.724533081, 400.124328613, 349.044036865, 1271.10412598, 662.381591797, 1204.26123047, 1055.24121094, 366.269805908, 86.3775482178, 24.4541301727, 6.12556171417, 1.58143985271, 0.177262619138, 0.0263757202774, 0.0127666834742, 0.00864500459284, 0.00289201876149, 0.00190090143587, 0.00110247521661, 0.000474272295833, 5.1885836001e-05, 6.55061667203e-05], "var": [2.33379523706e-05, 0.0337256677449, 2.41749382019, 18.3166313171, 189.18901062, 93.1422119141, 11.8024816513, 10.9815187454, 18.822177887, 21.611787796, 20.4746704102, 30.0517997742, 39.0130462646, 10.0853013992, 28.8756351471, 71.8324584961, 161.053039551, 167.848831177, 169.866424561, 911.883300781, 1073.85827637, 10630.7431641, 3805.40014648, 8076.89453125, 6732.01367188, 947.205322266, 57.8729934692, 2.48703289032, 0.130324348807, 0.00636656070128, 0.00016511369904, 8.76963986229e-06, 2.25096164286e-06, 5.75983790441e-07, 9.94663409415e-08, 1.38323166254e-08, 1.40183031849e-09, 1.37049982474e-10, 2.58758917071e-11, 7.63222679501e-11], "mean": [0.00204693735577, 0.0800566449761, 0.854247391224, 3.05866217613, 10.3883724213, 7.16829204559, 2.68339633942, 1.597848773, 1.97163951397, 2.07972621918, 2.69142079353, 3.20524024963, 3.25136399269, 1.74859917164, 2.47974181175, 4.43133544922, 7.0790719986, 8.71026325226, 9.72935199738, 19.5011672974, 30.0503025055, 76.9016494751, 55.1551551819, 75.468460083, 66.1252975464, 27.9306087494, 5.97555446625, 1.08701479435, 0.261636853218, 0.0649129375815, 0.0125428661704, 0.00351392058656, 0.0017981735291, 0.000968120933976, 0.000492155610118, 0.000205561998882, 6.82553873048e-05, 1.53958844749e-05, 8.51806908031e-06, 1.55467296281e-05]}, "spectral_strongpeak": {"dmean2": 1.24126374722, "median": 0.458170324564, "min": 0, "dvar2": 4.39697933197, "dvar": 1.76455056667, "dmean": 0.7257360816, "max": 20.2408123016, "var": 2.70852851868, "mean": 1.06837403774}, "spectral_energy": {"dmean2": 0.00466790562496, "median": 0.0114734340459, "min": 9.94985912816e-21, "dvar2": 2.91965734505e-05, "dvar": 1.26582090161e-05, "dmean": 0.00303362403065, "max": 0.0465031899512, "var": 4.11652472394e-05, "mean": 0.0117387035862}, "average_loudness": 0.893742740154, "spectral_rolloff": {"dmean2": 674.483520508, "median": 3186.9140625, "min": 107.666015625, "dvar2": 926205.4375, "dvar": 425557.6875, "dmean": 402.581848145, "max": 20241.2109375, "var": 7117240, "mean": 3081.79833984}, "spectral_centroid": {"dmean2": 429.316345215, "median": 2602.47338867, "min": 248.799438477, "dvar2": 207719.015625, "dvar": 99169.265625, "dmean": 280.517608643, "max": 11894.3242188, "var": 2066005.625, "mean": 2574.41967773}, "pitch_salience": {"dmean2": 0.119370728731, "median": 0.590716421604, "min": 0.0673278346658, "dvar2": 0.0107076428831, "dvar": 0.0043972642161, "dmean": 0.0733344629407, "max": 0.960815310478, "var": 0.0164688322693, "mean": 0.575351595879}, "spectral_energyband_middle_high": {"dmean2": 0.00276571954601, "median": 0.00440356461331, "min": 1.1239539726e-21, "dvar2": 1.35409272843e-05, "dvar": 6.47428487355e-06, "dmean": 0.00187895202544, "max": 0.0343658663332, "var": 2.24128543778e-05, "mean": 0.00547453714535}, "spectral_contrast_coeffs": {"dmean2": [0.0904522761703, 0.0714976042509, 0.0562846362591, 0.0565258078277, 0.0437787659466, 0.0316613279283], "median": [-0.540347278118, -0.772080123425, -0.814014434814, -0.7774502635, -0.743670046329, -0.671872973442], "min": [-0.979724943638, -0.974835336208, -0.980777144432, -0.973419964314, -0.966647565365, -0.964027762413], "dvar2": [0.00528787123039, 0.00327940564603, 0.00200061546639, 0.00212909397669, 0.00129222474061, 0.000725406978745], "dvar": [0.00195421348326, 0.00126900512259, 0.000785930606071, 0.000832069548778, 0.000531304976903, 0.000337398960255], "dmean": [0.0538958907127, 0.0438189394772, 0.0343928821385, 0.0352598130703, 0.0271120090038, 0.0209960546345], "max": [-0.236208468676, -0.449670344591, -0.560484051704, -0.495137751102, -0.522637248039, -0.508286416531], "var": [0.0111272139475, 0.00473227212206, 0.00367941195145, 0.00359447370283, 0.00329155079089, 0.00378172728233], "mean": [-0.548741400242, -0.76973772049, -0.810059249401, -0.777054131031, -0.745948195457, -0.677625358105]}, "melbands_skewness": {"dmean2": 1.25014257431, "median": 1.2850048542, "min": -4.61245059967, "dvar2": 1.90830695629, "dvar": 0.90516024828, "dmean": 0.833443403244, "max": 15.7570066452, "var": 5.53174781799, "mean": 1.93709254265}, "spectral_spread": {"dmean2": 388059.65625, "median": 1841377.75, "min": 785881.0625, "dvar2": 703584862208, "dvar": 332354846720, "dmean": 238512.859375, "max": 42787004, "var": 32654659420200.0, "mean": 2784500.25}, "dissonance": {"dmean2": 0.00929048098624, "median": 0.491101533175, "min": 0.373085260391, "dvar2": 0.000122410943732, "dvar": 4.72475076094e-05, "dmean": 0.00565123511478, "max": 0.500000059605, "var": 9.91791821434e-05, "mean": 0.488545268774}, "spectral_skewness": {"dmean2": 0.858772695065, "median": 0.355053395033, "min": -0.816409349442, "dvar2": 0.563809216022, "dvar": 0.181268081069, "dmean": 0.484223276377, "max": 4.22240209579, "var": 0.269600152969, "mean": 0.440976411104}, "spectral_flux": {"dmean2": 0.0202322080731, "median": 0.0594313256443, "min": 6.39269470692e-11, "dvar2": 0.000443443394033, "dvar": 0.000206671436899, "dmean": 0.0134451370686, "max": 0.173426806927, "var": 0.00067397323437, "mean": 0.0595115683973}, "spectral_contrast_valleys": {"dmean2": [0.792445719242, 0.605370521545, 0.554245948792, 0.510474681854, 0.375545710325, 0.243428453803], "median": [-8.4447889328, -7.74824428558, -8.29356765747, -7.93849039078, -6.80470848083, -12.7373304367], "min": [-28.437494278, -28.0332508087, -27.9741172791, -27.7598972321, -27.6260223389, -27.3995895386], "dvar2": [0.385434180498, 0.246355727315, 0.226061359048, 0.199974998832, 0.126659467816, 0.0570275485516], "dvar": [0.15338294208, 0.11290910095, 0.113540418446, 0.108791291714, 0.0819060653448, 0.0339466407895], "dmean": [0.473473727703, 0.378422796726, 0.359296381474, 0.347127139568, 0.266647070646, 0.162037581205], "max": [-6.39811754227, -6.05943918228, -6.13337898254, -6.21692371368, -5.42655038834, -11.500793457], "var": [8.67834091187, 9.13206005096, 8.64043521881, 8.91087436676, 9.73708057404, 4.83117580414], "mean": [-8.92095947266, -8.28185558319, -8.79242610931, -8.45954418182, -7.40018129349, -13.0802164078]}, "erbbands_flatness_db": {"dmean2": 0.0228631328791, "median": 0.278653204441, "min": 0.0829569920897, "dvar2": 0.000434718909673, "dvar": 0.000199988950044, "dmean": 0.0146446330473, "max": 0.429302990437, "var": 0.0017193298554, "mean": 0.274264395237}, "spectral_energyband_high": {"dmean2": 0.00021405373991, "median": 0.000173147418536, "min": 6.88107236996e-21, "dvar2": 1.02179413375e-07, "dvar": 4.59418316723e-08, "dmean": 0.000138983610668, "max": 0.00429754937068, "var": 1.09954363836e-07, "mean": 0.000269572250545}, "spectral_entropy": {"dmean2": 0.161716282368, "median": 7.23212099075, "min": 5.52747011185, "dvar2": 0.0230618007481, "dvar": 0.0105383610353, "dmean": 0.105594903231, "max": 9.82649230957, "var": 0.189903989434, "mean": 7.26207017899}, "silence_rate_20dB": {"dmean2": 0, "median": 1, "min": 1, "dvar2": 0, "dvar": 0, "dmean": 0, "max": 1, "var": 0, "mean": 1}, "melbands_flatness_db": {"dmean2": 0.036098536104, "median": 0.224599570036, "min": 0.00206271559, "dvar2": 0.00122398405802, "dvar": 0.000591888325289, "dmean": 0.0242035873234, "max": 0.522783696651, "var": 0.00526358233765, "mean": 0.235530287027}, "barkbands": {"dmean2": [1.5170920733e-06, 0.0002306454262, 0.000757003843319, 0.00145387859084, 0.00238510267809, 0.000196785098524, 0.000127033737954, 0.000114523390948, 0.000144453151734, 7.37161390134e-05, 5.05729076394e-05, 9.16220669751e-05, 0.000166025798535, 0.000159594521392, 0.000267689698376, 0.000375507923309, 0.00108237890527, 0.000897053279914, 0.00125576450955, 0.000461620045826, 4.38486604253e-05, 4.28445127909e-06, 3.53056492486e-07, 6.59468781805e-08, 3.43537571723e-08, 1.73365606315e-08, 3.04009573071e-09], "median": [1.80958195983e-07, 4.34969078924e-05, 0.000247473974014, 0.00055136741139, 0.00155178748537, 0.000104170641862, 4.46375743195e-05, 4.0281775e-05, 6.19892307441e-05, 2.56321673078e-05, 1.45329513543e-05, 3.12400261464e-05, 5.73988982069e-05, 7.45637953514e-05, 0.000119012154755, 0.000248507858487, 0.000738659466151, 0.000648015469778, 0.000962628168054, 0.00038153261994, 3.01332402159e-05, 3.3634837564e-06, 3.51164260337e-07, 8.96359182434e-08, 6.00622342972e-08, 3.24019744369e-08, 1.97336413876e-09], "min": [1.05848468794e-25, 2.00888359895e-24, 5.66297162144e-25, 1.39881052372e-24, 9.72719769768e-24, 6.26230839836e-24, 2.63467433329e-24, 8.68796654064e-24, 1.15237471566e-23, 1.19865040077e-23, 8.46218508323e-24, 9.96382125936e-24, 2.54740241469e-23, 2.22187722665e-23, 4.9687290795e-23, 5.615137798e-23, 6.72454507454e-23, 1.05905295967e-22, 1.08779614805e-22, 1.56380125536e-22, 2.35749453316e-22, 2.90524041825e-22, 3.52503972246e-22, 5.48007711174e-22, 7.98330517745e-22, 1.24119309194e-21, 1.93824815731e-21], "dvar2": [1.82245121771e-11, 4.07051373941e-07, 2.17447768591e-06, 6.67398035148e-06, 1.26433806145e-05, 1.22765897004e-07, 9.15424323011e-08, 7.16197519068e-08, 7.78977167215e-08, 2.70682676273e-08, 1.83407369292e-08, 4.00248225674e-08, 1.05658116922e-07, 7.70634400737e-08, 2.22598046662e-07, 3.29540796429e-07, 2.88325600195e-06, 2.1421353722e-06, 3.74517162527e-06, 4.79124594222e-07, 6.59381438339e-09, 6.84605497292e-11, 3.52941986618e-13, 8.64635985964e-15, 2.24337607817e-15, 8.31056158864e-16, 7.43557086312e-17], "dvar": [6.550490185e-12, 1.56622306235e-07, 8.46552950406e-07, 2.36355344896e-06, 4.71496196042e-06, 5.38916040682e-08, 4.41812773033e-08, 3.07188301463e-08, 3.36799956813e-08, 1.09410072113e-08, 8.08270517183e-09, 1.8303316196e-08, 4.44904699748e-08, 3.25436850801e-08, 1.00034803552e-07, 1.33347924702e-07, 1.2401069398e-06, 8.83372990756e-07, 1.58733291755e-06, 2.04040574658e-07, 3.07461767157e-09, 3.14687373382e-11, 1.58552112954e-13, 3.93510627932e-15, 9.85126952107e-16, 2.93347547257e-16, 2.5400534509e-17], "dmean": [8.78792036474e-07, 0.000141784650623, 0.000464561162516, 0.000862679502461, 0.00145390618127, 0.000124133381178, 8.30404678709e-05, 7.32922562747e-05, 9.21581013245e-05, 4.58950489701e-05, 3.21426450682e-05, 5.81156709814e-05, 0.000103897808003, 0.000101591147541, 0.000172217769432, 0.000232365433476, 0.000679554766975, 0.000562191766221, 0.000800877809525, 0.000293104734737, 2.89021481876e-05, 2.92864319817e-06, 2.35051757613e-07, 4.36378932989e-08, 2.24716547592e-08, 1.04492752229e-08, 1.73932823699e-09], "max": [5.69077310502e-05, 0.00693686679006, 0.0120772672817, 0.0201818905771, 0.0375839285553, 0.00508346781135, 0.00382268126123, 0.00459019746631, 0.00450098654255, 0.00186544167809, 0.00326843489893, 0.00301515869796, 0.00453548645601, 0.00423444574699, 0.00756902107969, 0.00577912433073, 0.0220538713038, 0.0187653340399, 0.0273322500288, 0.0091141210869, 0.00119840342086, 0.000139156356454, 8.64130197442e-06, 9.62062358667e-07, 5.45712907751e-07, 6.12687813373e-07, 1.69243008941e-07], "var": [6.2582729797e-12, 3.1814340673e-07, 2.74228341368e-06, 4.24530344389e-06, 1.26802597151e-05, 1.19679427257e-07, 8.34077837908e-08, 5.35925224199e-08, 6.45688587042e-08, 2.15532764969e-08, 1.49642449543e-08, 3.82738072346e-08, 8.91767655276e-08, 7.61503997637e-08, 2.36174713564e-07, 2.57143824456e-07, 2.98847749036e-06, 1.60629804213e-06, 3.49446622749e-06, 4.52849917565e-07, 6.89189949554e-09, 6.40049332978e-11, 3.33799773846e-13, 9.69841374365e-15, 2.60541553576e-15, 3.96467905825e-16, 1.5351070925e-17], "mean": [8.28982081202e-07, 0.000226928546908, 0.000934423296712, 0.00134305737447, 0.0028754575178, 0.000212294238736, 0.000128975429107, 0.000113880363642, 0.000155709072715, 7.47481681174e-05, 4.91409300594e-05, 9.4954179076e-05, 0.000166989586432, 0.000172237792867, 0.000281207292574, 0.000409636093536, 0.00129703374114, 0.00103478925303, 0.00152831128798, 0.000577569182497, 5.41234003322e-05, 5.69273015572e-06, 5.14195335199e-07, 1.16819379059e-07, 7.29121509835e-08, 3.58554537172e-08, 2.38543074182e-09]}, "erbbands_skewness": {"dmean2": 0.771134257317, "median": -1.74176561832, "min": -6.11605167389, "dvar2": 0.516879498959, "dvar": 0.23443444073