{"metadata": {"tags": {"albumartist": ["A$AP Ferg"], "artist": ["A$AP Ferg"], "genre": ["Hip-Hop/Rap"], "originalartist": ["BLKSOUL"], "title": ["Perfume"], "tracknumber": ["1/19"], "album": ["Ferg Forever"], "musicbrainz_recordingid": ["1a0d1bcc-a9e2-45c2-8215-9be476d8d4e2"], "discnumber": ["1/1"], "date": ["2014"], "file_name": "2185087.mp3", "composer": ["Philo Cult"]}, "audio_properties": {"sample_rate": 44100, "downmix": "mix", "lossless": false, "analysis_sample_rate": 44100, "md5_encoded": "d494059c4d01ce9ab871701ef3d9cb5c", "equal_loudness": 0, "replay_gain": -12.9402923584, "codec": "mp3", "bit_rate": 128000, "length": 202.161636353}, "version": {"extractor": "music 1.0", "essentia_build_sha": "70f2e5ece6736b2c40cc944ad0e695b16b925413", "essentia_git_sha": "v2.1_beta2", "essentia": "2.1-beta2"}}, "rhythm": {"beats_loudness_band_ratio": {"dvar2": [0.164860963821, 0.042796369642, 0.0523985736072, 0.0698899254203, 0.0585201010108, 0.0278324764222], "var": [0.120524130762, 0.0148952966556, 0.0259483251721, 0.0335995070636, 0.0254540033638, 0.0135860173032], "min": [0, 0, 0, 0, 0, 0], "dmean": [0.225881025195, 0.0734169259667, 0.135563135147, 0.155347943306, 0.150343284011, 0.0866306722164], "mean": [0.429252415895, 0.058522388339, 0.138577640057, 0.154546126723, 0.138276427984, 0.0952087268233], "max": [0.999157965183, 0.832375526428, 0.865379810333, 0.886499226093, 0.873922407627, 0.974814832211], "dmean2": [0.419231325388, 0.131111517549, 0.236615270376, 0.274438530207, 0.27952593565, 0.149446889758], "median": [0.464635938406, 0.0136368609965, 0.0892760679126, 0.0874270945787, 0.0757016688585, 0.0636240392923], "dvar": [0.0597873590887, 0.0156111102551, 0.0194161199033, 0.02535819076, 0.0213614441454, 0.0106493979692]}, "bpm_histogram_first_peak_weight": {"dvar2": 0, "var": 0, "min": 0.488317757845, "dmean": 0, "mean": 0.488317757845, "max": 0.488317757845, "dmean2": 0, "median": 0.488317757845, "dvar": 0}, "bpm": 127.969825745, "beats_count": 429, "bpm_histogram_first_peak_spread": {"dvar2": 0, "var": 0, "min": 0.439678311348, "dmean": 0, "mean": 0.439678311348, "max": 0.439678311348, "dmean2": 0, "median": 0.439678311348, "dvar": 0}, "danceability": 1.11362397671, "bpm_histogram_first_peak_bpm": {"dvar2": 0, "var": 0, "min": 129, "dmean": 0, "mean": 129, "max": 129, "dmean2": 0, "median": 129, "dvar": 0}, "beats_position": [0.371519267559, 0.754648506641, 1.13777780533, 1.52090704441, 1.90403628349, 2.28716540337, 2.67029476166, 3.04181408882, 3.42494320869, 3.79646253586, 4.1679816246, 4.6439909935, 5.13160991669, 5.61922883987, 6.09523820877, 6.57124710083, 7.05886602402, 7.5464849472, 8.03410434723, 8.52172279358, 9.0093421936, 9.49696159363, 9.98458003998, 10.4838094711, 10.9830379486, 11.4706573486, 11.9698867798, 12.4691152573, 12.9567346573, 13.4443531036, 13.9087524414, 14.3847618103, 14.8607711792, 15.3367795944, 15.8011789322, 16.2771873474, 16.7531967163, 17.2175960541, 17.693605423, 18.1696147919, 18.6456241608, 19.1332416534, 19.6092510223, 20.0852603912, 20.5612697601, 21.0256690979, 21.5016784668, 21.9892959595, 22.4653053284, 22.9413146973, 23.4173240662, 23.8933334351, 24.369342804, 24.8569602966, 25.3677997589, 25.8786392212, 26.3894786835, 26.865486145, 27.3298854828, 27.8058948517, 28.2819042206, 28.7579135895, 29.2223129272, 29.6983222961, 30.1743297577, 30.6503391266, 31.1379585266, 31.6255779266, 32.1131973267, 32.5892066956, 33.0419960022, 33.5063934326, 33.9707946777, 34.4235839844, 34.8879814148, 35.3523788452, 35.8632202148, 36.362449646, 36.8616790771, 37.3609046936, 37.8717460632, 38.3477554321, 38.823764801, 39.2997741699, 39.7757797241, 40.2401809692, 40.7045783997, 41.1805877686, 41.6565971375, 42.1209983826, 42.585395813, 43.0497932434, 43.5141944885, 43.9785919189, 44.4546012878, 44.919002533, 45.3950119019, 45.8710212708, 46.3354187012, 46.7998161316, 47.2758255005, 47.7402267456, 48.204624176, 48.6806335449, 49.1566429138, 49.6210403442, 50.0854415894, 50.5614509583, 51.0374603271, 51.5018577576, 51.9662590027, 52.4306564331, 52.8950538635, 53.3594551086, 53.8238525391, 54.299861908, 54.7758712769, 55.240272522, 55.7046699524, 56.1806793213, 56.6566886902, 57.1210861206, 57.5854873657, 58.0614967346, 58.5375061035, 59.0019035339, 59.4663009644, 59.919090271, 60.3950996399, 60.859500885, 61.3238983154, 61.7999076843, 62.2759170532, 62.7403144836, 63.2047157288, 63.6807250977, 64.1567306519, 64.621131897, 65.0855331421, 65.5499343872, 66.0143280029, 66.478729248, 66.9431304932, 67.4191360474, 67.895149231, 68.3595428467, 68.8355560303, 69.299949646, 69.7759628296, 70.2403640747, 70.7047576904, 71.180770874, 71.6567764282, 72.1211776733, 72.5855789185, 73.0499725342, 73.5259857178, 73.9903869629, 74.4547805786, 74.9307937622, 75.4067993164, 75.8712005615, 76.3356018066, 76.7999954224, 77.276008606, 77.7404098511, 78.2048034668, 78.6808166504, 79.1568222046, 79.6212234497, 80.0856246948, 80.5500183105, 81.0144195557, 81.4788208008, 81.954826355, 82.4192276001, 82.8952331543, 83.3596343994, 83.835647583, 84.3116531372, 84.7876663208, 85.2520599365, 85.7280731201, 86.1924667358, 86.656867981, 87.1096572876, 87.5856704712, 88.0500640869, 88.514465332, 88.9788665771, 89.4548721313, 89.9192733765, 90.3952789307, 90.8596801758, 91.3240814209, 91.788482666, 92.2644882202, 92.7404937744, 93.2048950195, 93.6692962646, 94.1453018188, 94.6213150024, 95.0857162476, 95.5501098633, 96.0261230469, 96.4905166626, 96.9665298462, 97.4309310913, 97.895324707, 98.3597259521, 98.8241271973, 99.3001327515, 99.7761459351, 100.240539551, 100.704940796, 101.180953979, 101.656959534, 102.121360779, 102.585754395, 103.05015564, 103.514556885, 103.97895813, 104.443351746, 104.907752991, 105.395370483, 105.859771729, 106.324172974, 106.800178528, 107.276191711, 107.740585327, 108.204986572, 108.680992126, 109.15700531, 109.621406555, 110.085800171, 110.550201416, 111.0262146, 111.502220154, 111.989837646, 112.477455139, 112.941856384, 113.406257629, 113.870658875, 114.346664429, 114.799453735, 115.252243042, 115.705032349, 116.181037903, 116.657051086, 117.121452332, 117.585845947, 118.050247192, 118.514648438, 118.990653992, 119.478271484, 119.954284668, 120.418685913, 120.883079529, 121.347480774, 121.811882019, 122.276275635, 122.74067688, 123.205078125, 123.66947937, 124.133872986, 124.609886169, 125.085891724, 125.573509216, 126.0495224, 126.513923645, 126.989929199, 127.454330444, 127.91872406, 128.371520996, 128.835922241, 129.300308228, 129.776321411, 130.240722656, 130.71673584, 131.192733765, 131.65713501, 132.121536255, 132.5859375, 133.050338745, 133.526351929, 133.990753174, 134.45513916, 134.919540405, 135.395553589, 135.859954834, 136.324356079, 136.800354004, 137.276367188, 137.740768433, 138.205169678, 138.681182861, 139.157180786, 139.621582031, 140.085983276, 140.550384521, 141.026397705, 141.490783691, 141.955184937, 142.43119812, 142.895599365, 143.36000061, 143.824401855, 144.30039978, 144.776412964, 145.240814209, 145.716827393, 146.192825317, 146.657226562, 147.121627808, 147.586029053, 148.050430298, 148.514831543, 148.979232788, 149.443618774, 149.90802002, 150.384033203, 150.848434448, 151.324447632, 151.788833618, 152.253234863, 152.729248047, 153.20526123, 153.669662476, 154.1456604, 154.610061646, 155.086074829, 155.562088013, 156.026489258, 156.490875244, 156.966888428, 157.45451355, 157.918914795, 158.383300781, 158.847702026, 159.32371521, 159.788116455, 160.2525177, 160.716918945, 161.19291687, 161.668930054, 162.133331299, 162.609344482, 163.096954346, 163.572967529, 164.048980713, 164.513381958, 164.977767944, 165.418960571, 165.871749878, 166.336135864, 166.800537109, 167.276550293, 167.740951538, 168.205352783, 168.681350708, 169.157363892, 169.621765137, 170.086166382, 170.550567627, 171.026565552, 171.490966797, 171.96697998, 172.431381226, 172.895782471, 173.360183716, 173.824569702, 174.300582886, 174.776596069, 175.240997314, 175.70539856, 176.181396484, 176.657409668, 177.121810913, 177.586212158, 178.050613403, 178.526611328, 178.991012573, 179.455413818, 179.919815063, 180.395828247, 180.860229492, 181.324615479, 181.800628662, 182.276641846, 182.741043091, 183.205444336, 183.681442261, 184.157455444, 184.621856689, 185.086257935, 185.55065918, 186.026657104, 186.49105835, 186.955459595, 187.431472778, 187.895874023, 188.360275269, 188.824661255, 189.300674438, 189.776687622, 190.241088867, 190.705490112, 191.181488037, 191.645889282, 192.110290527, 192.586303711, 193.050704956, 193.515090942, 193.979492188, 194.443893433, 194.908294678, 195.384307861, 195.860321045, 196.405975342, 196.963256836, 197.52053833, 198.054595947, 198.588653564, 199.122711182, 199.598724365, 200.074737549, 200.550750732, 201.026748657, 201.514373779], "beats_loudness": {"dvar2": 0.000983705394901, "var": 0.000979886157438, "min": 0, "dmean": 0.0196960624307, "mean": 0.0469727069139, "max": 0.125613704324, "dmean2": 0.03379008919, "median": 0.0480816438794, "dvar": 0.000360634934623}, "bpm_histogram_second_peak_weight": {"dvar2": 0, "var": 0, "min": 0.0607476644218, "dmean": 0, "mean": 0.0607476644218, "max": 0.0607476644218, "dmean2": 0, "median": 0.0607476644218, "dvar": 0}, "bpm_histogram_second_peak_spread": {"dvar2": 0, "var": 0, "min": 0.212121188641, "dmean": 0, "mean": 0.212121188641, "max": 0.212121188641, "dmean2": 0, "median": 0.212121188641, "dvar": 0}, "bpm_histogram_second_peak_bpm": {"dvar2": 0, "var": 0, "min": 123, "dmean": 0, "mean": 123, "max": 123, "dmean2": 0, "median": 123, "dvar": 0}, "onset_rate": 4.77801179886}, "lowlevel": {"spectral_energyband_high": {"dvar2": 3.73266334464e-06, "var": 4.97942528455e-06, "min": 7.14632592796e-21, "dmean": 0.000864077534061, "mean": 0.00121633813251, "max": 0.0249793753028, "dmean2": 0.00111029797699, "median": 0.000249571632594, "dvar": 2.48223136623e-06}, "spectral_energyband_middle_low": {"dvar2": 4.22581761086e-05, "var": 2.84478246613e-05, "min": 1.88216456457e-22, "dmean": 0.00262838392518, "mean": 0.0038699968718, "max": 0.0412779338658, "dmean2": 0.00407229922712, "median": 0.001635707682, "dvar": 1.71922638401e-05}, "spectral_energy": {"dvar2": 0.000225878960919, "var": 0.00143974216189, "min": 9.89558913295e-21, "dmean": 0.00911513157189, "mean": 0.0488978736103, "max": 0.14034460485, "dmean2": 0.0129562700167, "median": 0.05316696316, "dvar": 0.000116092422104}, "spectral_spread": {"dvar2": 1453522288640.0, "var": 10745246908400.0, "min": 651512.9375, "dmean": 594302.4375, "mean": 4203753, "max": 46570464, "dmean2": 862267.9375, "median": 3770433.5, "dvar": 798729306112}, "spectral_energyband_low": {"dvar2": 0.000219081150135, "var": 0.00121922232211, "min": 2.37740904273e-23, "dmean": 0.00754542648792, "mean": 0.0369825176895, "max": 0.122929863632, "dmean2": 0.0103546148166, "median": 0.0383752137423, "dvar": 0.000124971615151}, "spectral_rolloff": {"dvar2": 2958516.75, "var": 5444361.5, "min": 21.533203125, "dmean": 669.518371582, "mean": 1584.8170166, "max": 20908.7402344, "dmean2": 1124.19274902, "median": 1012.06054688, "dvar": 1398955}, "barkbands": {"dvar2": [5.32605990884e-05, 0.000135665060952, 8.54090249049e-05, 1.99155510927e-06, 4.22570974479e-06, 2.88582759822e-06, 4.04046431868e-06, 2.00913254957e-05, 7.22048616808e-06, 7.87263979873e-06, 3.88303260479e-06, 5.43436772205e-06, 5.25620589542e-06, 7.76639080868e-06, 2.80767835648e-06, 1.77960566816e-06, 5.5018688272e-07, 1.50907953866e-06, 2.6675090794e-06, 4.08887984804e-07, 6.10811241586e-07, 3.98509627075e-07, 1.23841104482e-07, 6.77643683389e-08, 3.99642487992e-08, 5.91317173004e-09, 8.49472298059e-11], "var": [0.000214503059397, 0.000517152191605, 1.90296050278e-05, 4.10485625935e-07, 1.95626148525e-06, 8.54537802297e-07, 2.3511818199e-06, 1.29826539705e-05, 2.8654937978e-06, 6.46264243187e-06, 1.99551891455e-06, 3.28338273903e-06, 2.90043772111e-06, 4.05119135394e-06, 2.24241262003e-06, 1.39746248351e-06, 4.23370806857e-07, 1.71967224105e-06, 1.51091421685e-06, 3.35679203545e-07, 7.49801529309e-07, 2.79522538449e-07, 1.09151450545e-07, 5.04454931161e-08, 2.65031161462e-08, 2.64550359397e-09, 5.0057166745e-11], "min": [1.39138448298e-24, 4.07892403401e-24, 1.68218553252e-24, 7.64909461113e-25, 8.36796669215e-24, 8.13702687329e-24, 6.58688521782e-24, 5.95599528659e-24, 5.81210192988e-24, 9.5309969465e-24, 1.91304070661e-23, 2.75774728413e-23, 4.81353394926e-23, 4.45104952341e-23, 3.6911155165e-23, 6.60772613407e-23, 5.00803738732e-23, 1.03143897835e-22, 1.35329896084e-22, 1.40150694496e-22, 2.41623324238e-22, 3.19917226345e-22, 4.15135918293e-22, 6.17688236695e-22, 9.11184580193e-22, 1.37214682949e-21, 1.88782467312e-21], "dmean": [0.00395031878725, 0.00566364079714, 0.00134709186386, 0.000219144014409, 0.000524319068063, 0.000362274935469, 0.000468489044579, 0.00128418544773, 0.000428008206654, 0.000657691096421, 0.000432657951023, 0.000548520474695, 0.00055696425261, 0.00065467657987, 0.000435275636846, 0.00029344583163, 0.000191163373529, 0.000427579099778, 0.000574392091949, 0.000244188733632, 0.000325539731421, 0.000211457401747, 0.000132906017825, 6.31835646345e-05, 2.6804227673e-05, 6.52920198263e-06, 4.09482396435e-07], "mean": [0.0131183601916, 0.0239746011794, 0.00101246195845, 0.00015262895613, 0.000650598085485, 0.000308869406581, 0.000492633611429, 0.00150346150622, 0.00044408426038, 0.000832831370644, 0.000465935998363, 0.000677983858623, 0.000634376017842, 0.000791628903244, 0.000564876769204, 0.000394183240132, 0.000258102460066, 0.000678090902511, 0.000639198464341, 0.000305131892674, 0.000447221740615, 0.000264161906671, 0.00016436156875, 8.07320247986e-05, 3.29200156557e-05, 7.93127946963e-06, 4.39233019733e-07], "max": [0.0631648153067, 0.0901232138276, 0.0850100964308, 0.008664294146, 0.0302649121732, 0.0169752202928, 0.0238113347441, 0.0334430597723, 0.0384900905192, 0.0378507375717, 0.0328565724194, 0.0280007608235, 0.0236517861485, 0.0643736422062, 0.0254454184324, 0.0329378060997, 0.010768705979, 0.0192495062947, 0.0240005943924, 0.00763998040929, 0.00878581497818, 0.00736876623705, 0.00391655834392, 0.00623572105542, 0.00868207309395, 0.00188364007045, 0.000370536989067], "dmean2": [0.00511702476069, 0.0078916689381, 0.0025107297115, 0.000409751897678, 0.000825961469673, 0.000631693867035, 0.000765524921007, 0.00199958239682, 0.000683862890583, 0.000943468592595, 0.00069307727972, 0.000861269829329, 0.00085560802836, 0.00104187545367, 0.000650913803838, 0.000455157307442, 0.000288275099592, 0.000620781385805, 0.000872276723385, 0.000318560225423, 0.000447647151304, 0.00028911040863, 0.000178624730324, 8.79377548699e-05, 3.94910639443e-05, 1.00513198049e-05, 6.55338112665e-07], "median": [0.00611612899229, 0.024250946939, 0.000114620801469, 9.24782943912e-06, 0.000141608383274, 5.66916241951e-05, 6.81249148329e-05, 7.20038369764e-05, 4.8557514674e-05, 4.08185114793e-05, 7.68542668084e-05, 0.000163739896379, 9.04298212845e-05, 9.33401388465e-05, 9.38333614613e-05, 7.79782130849e-05, 5.03420451423e-05, 0.000133901339723, 0.000122628553072, 6.04970155109e-05, 7.62472482165e-05, 4.77570174553e-05, 3.14655735565e-05, 1.34327165142e-05, 6.5556514528e-06, 1.27198654809e-06, 2.4355554018e-08], "dvar": [3.40705264534e-05, 6.70490262564e-05, 3.03477554553e-05, 6.82923939621e-07, 1.65982135059e-06, 1.08045367142e-06, 1.70899841123e-06, 8.64282264956e-06, 2.96070652439e-06, 3.78885556529e-06, 1.5798335653e-06, 2.40869280788e-06, 2.28827434512e-06, 3.10180757879e-06, 1.30450985125e-06, 8.33072988371e-07, 2.53630133784e-07, 7.64239644013e-07, 1.1555458741e-06, 2.03933936405e-07, 4.03607771204e-07, 1.93621403355e-07, 6.37711892182e-08, 3.27186171489e-08, 1.99914484966e-08, 2.35794539449e-09, 3.74138151016e-11]}, "melbands_skewness": {"dvar2": 14.5003080368, "var": 37.5855941772, "min": -5.982026577, "dmean": 2.05196261406, "mean": 5.38457202911, "max": 44.0836257935, "dmean2": 2.77997422218, "median": 3.05113577843, "dvar": 8.69643306732}, "barkbands_skewness": {"dvar2": 3.27204036713, "var": 9.86548900604, "min": -11.4789562225, "dmean": 1.1906427145, "mean": 2.69681119919, "max": 17.9730815887, "dmean2": 1.57443058491, "median": 1.71425664425, "dvar": 2.07498693466}, "erbbands": {"dvar2": [0.673251926899, 3.96607685089, 96.420501709, 50.7779273987, 15.3684978485, 69.9272689819, 187.724884033, 210.002822876, 229.082000732, 4193.08349609, 9087.80566406, 3207.62695312, 6384.76611328, 4552.578125, 7644.28076172, 6814.15332031, 9636.47949219, 14228.9082031, 9339.80175781, 6022.71728516, 3209.76489258, 1591.46069336, 4165.02636719, 3047.55859375, 10301.8164062, 1704.40319824, 2092.7722168, 472.578155518, 436.512268066, 200.870819092, 114.165214539, 47.010925293, 14.5934658051, 7.04307126999, 1.59643363953, 0.275290161371, 0.0103643862531, 0.000243837625021, 2.74242461273e-06, 1.9073636004e-09], "var": [2.5954887867, 6.04167175293, 26.3035297394, 10.941239357, 3.94154882431, 32.4672660828, 99.8939666748, 49.2716674805, 107.13494873, 2719.43701172, 5119.92675781, 1344.51318359, 5293.19775391, 3630.03295898, 4794.45263672, 3971.02246094, 5827.76074219, 8430.625, 6865.43359375, 4656.46240234, 2477.03466797, 1314.58239746, 4105.1171875, 3528.04248047, 4583.06689453, 1328.67370605, 2564.53930664, 387.634887695, 326.299499512, 190.533966064, 81.0007095337, 35.6251983643, 10.0751047134, 4.94284057617, 0.890601813793, 0.098738655448, 0.00626542791724, 0.000176211731741, 1.87466355328e-06, 3.35626815229e-09], "min": [1.48322397328e-22, 9.95868609042e-22, 2.47295802127e-21, 7.88497236557e-21, 1.38436769602e-20, 1.90826447569e-20, 3.3746833186e-20, 7.38810258151e-20, 8.97609160975e-20, 1.99044742217e-19, 2.18746258628e-19, 1.70460856991e-19, 2.81415167895e-19, 5.68919574171e-19, 9.71646362367e-19, 1.2350164301e-18, 1.6642259743e-18, 1.91927098615e-18, 3.12190370887e-18, 3.64443907849e-18, 4.41137984934e-18, 3.7319845658e-18, 5.77626549677e-18, 3.21435747914e-18, 7.82893362557e-18, 7.76507114638e-18, 9.3076430476e-18, 1.01898195904e-17, 1.1753469708e-17, 1.31537293207e-17, 1.24687303021e-17, 1.08427579156e-17, 1.04982314002e-17, 7.8930632841e-18, 6.41149471228e-18, 4.42201697843e-18, 2.45344995688e-18, 9.97963527146e-19, 2.35125287787e-19, 2.80822583459e-20], "dmean": [0.396846562624, 0.736352741718, 1.53806805611, 1.08196651936, 0.683632731438, 2.08656144142, 3.65296506882, 2.57981348038, 3.42802524567, 19.0950260162, 23.0339317322, 9.38675880432, 19.0038528442, 14.3149604797, 20.9302883148, 18.6869831085, 24.332075119, 28.7390441895, 25.6361064911, 18.0565299988, 14.1220493317, 10.2220449448, 20.1914386749, 21.2254428864, 30.7865409851, 15.15695858, 18.6021175385, 8.11383342743, 7.28813743591, 5.67324876785, 3.65979909897, 1.83653664589, 0.83087438345, 0.394163876772, 0.14310914278, 0.0444796681404, 0.0091988844797, 0.0012442014413, 6.79044605931e-05, 1.15599659694e-05], "mean": [1.61051142216, 1.80498981476, 1.39109015465, 0.810904860497, 0.62069696188, 2.52372789383, 4.01834487915, 2.13335108757, 3.56337833405, 22.5593414307, 26.0381946564, 10.6855545044, 24.7108516693, 18.5606842041, 25.9346656799, 24.8566741943, 29.5246734619, 37.9306259155, 33.9289741516, 25.7693481445, 20.4509429932, 15.4031867981, 32.5355758667, 32.8750305176, 30.9488658905, 18.1345272064, 24.805311203, 10.7716531754, 9.16459465027, 6.81407594681, 4.39036941528, 2.25012993813, 1.06839895248, 0.486288100481, 0.170766338706, 0.0538317784667, 0.0112236049026, 0.00154062570073, 9.8315460491e-05, 5.90395502513e-05], "max": [5.52708101273, 17.2488689423, 96.9972457886, 50.3843727112, 40.9696922302, 145.735794067, 163.779159546, 146.90032959, 204.561676025, 767.474182129, 860.464538574, 950.537109375, 1207.31188965, 1273.72363281, 1042.56652832, 1403.50878906, 889.835205078, 2453.52905273, 1427.5357666, 1734.77807617, 1058.91479492, 708.000305176, 1138.50488281, 787.85723877, 1434.97741699, 514.773376465, 471.219024658, 274.605163574, 221.448547363, 163.572769165, 100.157691956, 113.956214905, 110.903808594, 120.547775269, 42.8076972961, 11.1189498901, 3.77412724495, 0.580773532391, 0.0808835327625, 0.00211009057239], "dmean2": [0.549576938152, 1.01143181324, 2.72317576408, 2.01990890503, 1.18682515621, 3.29896831512, 5.83437585831, 4.62441778183, 5.79691028595, 29.4904384613, 36.0177268982, 14.6451826096, 27.2110118866, 21.2344341278, 32.2915916443, 28.4414424896, 36.8497810364, 44.9844398499, 38.0999183655, 26.4848842621, 22.0190410614, 14.8655834198, 29.3759746552, 30.5056095123, 47.7093276978, 19.8498954773, 25.3084583282, 11.0710830688, 9.94480705261, 7.46397399902, 5.20430707932, 2.56123113632, 1.17079734802, 0.576351463795, 0.21370691061, 0.0689521729946, 0.0139840245247, 0.00187015836127, 0.000104811100755, 1.69301747519e-05], "median": [1.24371242523, 1.27945637703, 0.264163017273, 0.0965836793184, 0.0933851152658, 0.494341373444, 0.669219017029, 0.483838140965, 0.777302145958, 2.49406147003, 1.82510495186, 1.65121793747, 1.57324492931, 2.75776195526, 4.81618404388, 6.51001548767, 4.58216381073, 5.67629671097, 4.48665332794, 5.24666261673, 4.7131690979, 3.76954126358, 7.16347074509, 8.30354690552, 5.60351610184, 2.6837720871, 3.02200984955, 2.72463274002, 1.83134150505, 1.01387989521, 0.800833165646, 0.395988881588, 0.186452448368, 0.091113358736, 0.0322100669146, 0.00989651307464, 0.00158710265532, 0.00016616875655, 4.25718244514e-05, 6.50684596621e-05], "dvar": [0.378027141094, 2.30292868614, 35.7889709473, 17.7586097717, 5.479367733, 27.6853618622, 79.1685333252, 74.8934936523, 90.0791854858, 1827.03479004, 3815.82983398, 1330.01318359, 3102.30493164, 2123.14746094, 3319.56982422, 2927.17895508, 4311.08544922, 5793.33837891, 4261.61425781, 2897.00341797, 1418.86254883, 751.589111328, 2009.40808105, 1548.21069336, 4336.90087891, 847.384887695, 1378.99450684, 241.90927124, 220.445724487, 113.140480042, 52.0908203125, 22.3404273987, 6.98705005646, 3.61308264732, 0.745069921017, 0.105132907629, 0.00456279003993, 0.000114550217404, 1.27019427509e-06, 1.05998221311e-09]}, "silence_rate_30dB": {"dvar2": 0.137942537665, "var": 0.0513712465763, "min": 0, "dmean": 0.0569656603038, "mean": 0.945682108402, "max": 1, "dmean2": 0.113944403827, "median": 1, "dvar": 0.0537164658308}, "melbands_spread": {"dvar2": 433.510162354, "var": 676.561828613, "min": 0.086569480598, "dmean": 10.1123504639, "mean": 24.0344142914, "max": 253.35446167, "dmean2": 14.0349702835, "median": 17.7546272278, "dvar": 215.730697632}, "melbands_crest": {"dvar2": 30.4762268066, "var": 124.315948486, "min": 1.78325808048, "dmean": 3.41631603241, "mean": 25.4219322205, "max": 38.9994735718, "dmean2": 5.08701896667, "median": 28.4902534485, "dvar": 15.0428581238}, "zerocrossingrate": {"dvar2": 0.000312901072903, "var": 0.00386038306169, "min": 0.0009765625, "dmean": 0.0135911768302, "mean": 0.0549443699419, "max": 0.541015625, "dmean2": 0.0144696924835, "median": 0.04150390625, "dvar": 0.000291477044811}, "barkbands_kurtosis": {"dvar2": 1489.2611084, "var": 2017.49890137, "min": -1.95704185963, "dmean": 13.8901777267, "mean": 21.3543071747, "max": 394.563995361, "dmean2": 19.7813682556, "median": 2.62477755547, "dvar": 811.625671387}, "spectral_flux": {"dvar2": 0.00243371073157, "var": 0.00340991467237, "min": 6.42184222466e-11, "dmean": 0.0287775881588, "mean": 0.0884182974696, "max": 0.326844781637, "dmean2": 0.0436061397195, "median": 0.08244779706, "dvar": 0.00109538750257}, "barkbands_crest": {"dvar2": 14.8493518829, "var": 19.1414279938, "min": 2.31008934975, "dmean": 2.57280755043, "mean": 12.8011798859, "max": 26.0680809021, "dmean2": 3.91997432709, "median": 13.1361465454, "dvar": 6.65665721893}, "barkbands_flatness_db": {"dvar2": 0.00175702094566, "var": 0.00711747026071, "min": 0.04046940431, "dmean": 0.0337634347379, "mean": 0.217397093773, "max": 0.541793882847, "dmean2": 0.0428856238723, "median": 0.205169692636, "dvar": 0.00114048703108}, "spectral_entropy": {"dvar2": 0.0716478973627, "var": 0.21578116715, "min": 5.44185209274, "dmean": 0.191051527858, "mean": 7.59612321854, "max": 9.82007980347, "dmean2": 0.27299374342, "median": 7.64983558655, "dvar": 0.0369271300733}, "pitch_salience": {"dvar2": 0.0171400438994, "var": 0.0447613447905, "min": 0.0270374529064, "dmean": 0.0855593010783, "mean": 0.373022586107, "max": 0.984112560749, "dmean2": 0.129576697946, "median": 0.357541918755, "dvar": 0.00776985427365}, "erbbands_spread": {"dvar2": 387.768188477, "var": 465.395446777, "min": 0.710111916065, "dmean": 11.7269258499, "mean": 35.6746902466, "max": 172.00881958, "dmean2": 17.9968318939, "median": 30.4847278595, "dvar": 175.190155029}, "dynamic_complexity": 4.41157150269, "spectral_contrast_valleys": {"dvar2": [0.444842368364, 0.476147294044, 0.288036555052, 0.2468868047, 0.306012868881, 0.324657350779], "var": [5.99092721939, 3.48022866249, 3.69819498062, 3.74104523659, 3.82559537888, 3.60801196098], "min": [-28.0411663055, -27.9794712067, -27.8550453186, -27.6787338257, -27.5034217834, -27.3600597382], "dmean": [0.472283035517, 0.479325473309, 0.393238723278, 0.379394054413, 0.416988670826, 0.478718191385], "mean": [-8.59772396088, -7.974609375, -8.12848377228, -8.23936843872, -8.07934188843, -10.8053483963], "max": [-5.19598484039, -4.9730219841, -5.32323884964, -5.38601541519, -5.40491580963, -7.17299938202], "dmean2": [0.760945379734, 0.75774037838, 0.610701978207, 0.551409065723, 0.53950715065, 0.56639444828], "median": [-7.77086687088, -7.77148675919, -7.86848926544, -7.95873212814, -7.86316490173, -10.5871353149], "dvar": [0.194600582123, 0.206001535058, 0.135729178786, 0.140418738127, 0.195379897952, 0.220155820251]}, "hfc": {"dvar2": 297.234466553, "var": 513.465270996, "min": 1.08776923998e-16, "dmean": 9.94133377075, "mean": 21.0787830353, "max": 261.775848389, "dmean2": 12.7658567429, "median": 12.741396904, "dvar": 177.401748657}, "spectral_kurtosis": {"dvar2": 24.448184967, "var": 19.0116119385, "min": -1.23964190483, "dmean": 2.00648665428, "mean": 4.4151468277, "max": 71.4061355591, "dmean2": 3.30568885803, "median": 3.32632040977, "dvar": 9.1249294281}, "mfcc": {"mean": [-695.797668457, 88.2129669189, -19.857378006, 21.7251796722, -2.8681242466, 14.0100059509, 5.04181289673, 8.58952045441, 0.0650868490338, 7.41029644012, 8.82858657837, 9.48969364166, 4.95032024384], "cov": [[11231.6865234, -55.618976593, -85.2968826294, 1066.82263184, 311.128509521, 577.502563477, 689.429199219, 609.974487305, 518.158569336, 755.244018555, 536.208129883, 129.498886108, 34.4023513794], [-55.618976593, 2083.88476562, -317.90536499, -264.356414795, 148.29838562, -107.094871521, 90.1488800049, 113.40259552, 24.5660953522, -59.4761962891, 147.737716675, 74.636100769, -73.3734741211], [-85.2968826294, -317.90536499, 1467.77685547, 660.706176758, 307.780578613, 541.555480957, 379.7293396, 207.439193726, 203.256515503, 204.69442749, 9.66763210297, 88.7262573242, 236.160171509], [1066.82263184, -264.356414795, 660.706176758, 1123.82250977, 430.742218018, 571.451293945, 396.761169434, 245.842163086, 290.880828857, 315.660583496, 94.8614807129, 71.0963287354, 195.926818848], [311.128509521, 148.29838562, 307.780578613, 430.742218018, 620.874572754, 413.473236084, 211.972457886, 143.76574707, 191.470367432, 207.386459351, 96.6436767578, 45.3404197693, 109.679588318], [577.502563477, -107.094871521, 541.555480957, 571.451293945, 413.473236084, 723.254211426, 370.958648682, 238.929550171, 270.122558594, 283.142974854, 97.8084869385, 126.414016724, 203.658843994], [689.429199219, 90.1488800049, 379.7293396, 396.761169434, 211.972457886, 370.958648682, 575.696350098, 342.5128479, 257.958007812, 207.177139282, 139.909866333, 125.113945007, 113.235984802], [609.974487305, 113.40259552, 207.439193726, 245.842163086, 143.76574707, 238.929550171, 342.5128479, 397.577636719, 227.825195312, 161.98135376, 138.431884766, 101.064422607, 70.8702697754], [518.158569336, 24.5660953522, 203.256515503, 290.880828857, 191.470367432, 270.122558594, 257.958007812, 227.825195312, 304.922027588, 205.1796875, 110.532707214, 84.4943237305, 104.302825928], [755.244018555, -59.4761962891, 204.69442749, 315.660583496, 207.386459351, 283.142974854, 207.177139282, 161.98135376, 205.1796875, 333.274017334, 158.937164307, 80.8842926025, 110.573814392], [536.208129883, 147.737716675, 9.66763210297, 94.8614807129, 96.6436767578, 97.8084869385, 139.909866333, 138.431884766, 110.532707214, 158.937164307, 235.049606323, 89.028717041, 39.4853820801], [129.498886108, 74.636100769, 88.7262573242, 71.0963287354, 45.3404197693, 126.414016724, 125.113945007, 101.064422607, 84.4943237305, 80.8842926025, 89.028717041, 156.682891846, 83.1401290894], [34.4023513794, -73.3734741211, 236.160171509, 195.926818848, 109.679588318, 203.658843994, 113.235984802, 70.8702697754, 104.302825928, 110.573814392, 39.4853820801, 83.1401290894, 205.891159058]], "icov": [[0.00012232644076, 2.78722404801e-06, 7.23446719348e-05, -0.000111295914394, 7.79793335823e-05, -2.83887329715e-05, -3.88571388612e-05, -6.58536810079e-05, 2.37602071138e-05, -0.000198589128559, -0.000123403006, 7.62772979215e-05, 0.000121542347188], [2.78722404801e-06, 0.000615882861894, 8.84899927769e-05, 0.000173199077835, -0.000398241914809, 0.000165111501701, -0.000174075408722, -8.9794928499e-05, -4.65920820716e-05, 0.00036702043144, -0.000359395460691, -0.00027754844632, 0.000135666457936], [7.23446719348e-05, 8.84899927769e-05, 0.00118501891848, -0.000382520374842, 8.55032067193e-06, -0.000376522133593, -0.000401880068239, -0.000130457308842, 0.000302055530483, -5.49077849428e-05, 0.000307266105665, 9.68227759586e-05, -0.000563518318813], [-0.000111295914394, 0.000173199077835, -0.000382520374842, 0.00203674566001, -0.000571087643038, -0.000453802145785, -0.000414962298237, 8.26130708447e-05, -0.00031728236354, -0.000369755667634, 0.000214746236452, 0.000547135190573, -0.000369020825019], [7.79793335823e-05, -0.000398241914809, 8.55032067193e-06, -0.000571087643038, 0.00320479972288, -0.0015203433577, 0.000283073633909, 0.000197004206711, -0.000441744079581, -0.00041657872498, -0.000598933896981, 0.00107723206747, 7.92129285401e-05], [-2.83887329715e-05, 0.000165111501701, -0.000376522133593, -0.000453802145785, -0.0015203433577, 0.00429069204256, -0.00085151521489, -6.1300204834e-05, -0.000361158075975, -0.00103982468136, 0.00107147858944, -0.0013102197554, -0.000952571223024], [-3.88571388612e-05, -0.000174075408722, -0.000401880068239, -0.000414962298237, 0.000283073633909, -0.00085151521489, 0.00472719175741, -0.00251944828779, -0.000735170731787, 0.000149272455019, -0.000240434295847, -0.000775541877374, 0.000410695531173], [-6.58536810079e-05, -8.9794928499e-05, -0.000130457308842, 8.26130708447e-05, 0.000197004206711, -6.1300204834e-05, -0.00251944828779, 0.00660146400332, -0.00279802642763, 0.000694730028044, -0.00131297868211, -0.000565425842069, 0.000643531617243], [2.37602071138e-05, -4.65920820716e-05, 0.000302055530483, -0.00031728236354, -0.000441744079581, -0.000361158075975, -0.000735170731787, -0.00279802642763, 0.00876621901989, -0.0027994082775, 0.000550386088435, -0.00025350326905, -0.00104576349258], [-0.000198589128559, 0.00036702043144, -5.49077849428e-05, -0.000369755667634, -0.00041657872498, -0.00103982468136, 0.000149272455019, 0.000694730028044, -0.0027994082775, 0.00843346305192, -0.0039299284108, 0.000534635735676, -0.00106519565452], [-0.000123403006, -0.000359395460691, 0.000307266105665, 0.000214746236452, -0.000598933896981, 0.00107147858944, -0.000240434295847, -0.00131297868211, 0.000550386088435, -0.0039299284108, 0.00893339980394, -0.00333694368601, 0.000645117426757], [7.62772979215e-05, -0.00027754844632, 9.68227759586e-05, 0.000547135190573, 0.00107723206747, -0.0013102197554, -0.000775541877374, -0.000565425842069, -0.00025350326905, 0.000534635735676, -0.00333694368601, 0.0115317562595, -0.00357538997196], [0.000121542347188, 0.000135666457936, -0.000563518318813, -0.000369020825019, 7.92129285401e-05, -0.000952571223024, 0.000410695531173, 0.000643531617243, -0.00104576349258, -0.00106519565452, 0.000645117426757, -0.00357538997196, 0.00875704362988]]}, "silence_rate_20dB": {"dvar2": 0, "var": 0, "min": 1, "dmean": 0, "mean": 1, "max": 1, "dmean2": 0, "median": 1, "dvar": 0}, "melbands_kurtosis": {"dvar2": 34681.1132812, "var": 39386.8085938, "min": -1.90787184238, "dmean": 52.827583313, "mean": 81.8629989624, "max": 3139.15136719, "dmean2": 76.4638366699, "median": 10.6293258667, "dvar": 17581.7480469}, "barkbands_spread": {"dvar2": 181.851531982, "var": 269.403320312, "min": 0.247505605221, "dmean": 8.65191745758, "mean": 20.5007762909, "max": 134.128509521, "dmean2": 11.5791740417, "median": 17.0859889984, "dvar": 104.88053894}, "erbbands_skewness": {"dvar2": 0.648439884186, "var": 1.21547293663, "min": -7.89152956009, "dmean": 0.565780222416, "mean": -0.357586026192, "max": 8.01648616791, "dmean2": 0.825899004936, "median": -0.274652779102, "dvar": 0.321542441845}, "average_loudness": 0.833336055279, "spectral_centroid": {"dvar2": 406387.5625, "var": 1355929.75, "min": 156.820007324, "dmean": 438.612609863, "mean": 2153.09570312, "max": 11670.8974609, "dmean2": 610.377868652, "median": 1991.08300781, "dvar": 236392.96875}, "dissonance": {"dvar2": 0.00120646879077, "var": 0.000964878883678, "min": 0.182380825281, "dmean": 0.0194574892521, "mean": 0.467486411333, "max": 0.500000059605, "dmean2": 0.0322455726564, "median": 0.476127922535, "dvar": 0.000461182906292}, "erbbands_flatness_db": {"dvar2": 0.000954639283009, "var": 0.00366872199811, "min": 0.0403692275286, "dmean": 0.0246608033776, "mean": 0.194720461965, "max": 0.579323887825, "dmean2": 0.0354710407555, "median": 0.188645213842, "dvar": 0.000484024756588}, "spectral_strongpeak": {"dvar2": 1.62670350075, "var": 1.155626297, "min": 0, "dmean": 0.337922364473, "mean": 0.714873433113, "max": 11.681473732, "dmean2": 0.544001936913, "median": 0.419690072536, "dvar": 0.654873251915}, "spectral_rms": {"dvar2": 9.97938741421e-07, "var": 1.1385360267e-05, "min": 3.10712631839e-12, "dmean": 0.000675395887811, "mean": 0.00602659303695, "max": 0.0117013482377, "dmean2": 0.00093671947252, "median": 0.00720209721476, "dvar": 5.56441762001e-07}, "silence_rate_60dB": {"dvar2": 0.078401260078, "var": 0.143261566758, "min": 0, "dmean": 0.0376708395779, "mean": 0.173288926482, "max": 1, "dmean2": 0.0753503367305, "median": 0, "dvar": 0.036255184561}, "melbands": {"dvar2": [2.60119832092e-05, 1.37233237183e-05, 1.28293777379e-06, 1.57021119662e-07, 2.08909924027e-07, 1.02067716057e-07, 7.28248394921e-08, 5.94620473748e-07, 5.49503681668e-07, 1.16014781781e-07, 1.70427981061e-07, 8.87288820195e-08, 6.98683422229e-08, 9.27709180587e-08, 3.62767913487e-08, 5.50549223988e-08, 6.76529907651e-08, 3.783096858e-08, 1.88991240435e-08, 1.3171675306e-08, 4.34398872429e-09, 2.19091056408e-09, 2.504082941e-09, 5.50373124852e-09, 2.45867259885e-09, 6.78040468216e-09, 1.15449294569e-09, 1.00331665198e-09, 1.09280007266e-09, 1.44456710482e-10, 2.71995426182e-10, 2.2933988042e-10, 7.605778507e-11, 6.27512486417e-11, 6.22823945196e-11, 2.73394380051e-11, 1.64928036506e-11, 8.47326202258e-12, 7.01444024392e-12, 5.11301591344e-12], "var": [0.000107157371531, 6.86856128596e-06, 2.86546935513e-07, 5.76010137365e-08, 1.13915959332e-07, 2.50579965666e-08, 3.93407333377e-08, 4.04958029776e-07, 2.9106561783e-07, 4.92129004215e-08, 1.43270455055e-07, 7.02842086753e-08, 4.06061460012e-08, 5.54629373539e-08, 2.36367547757e-08, 2.9392676737e-08, 3.75101727457e-08, 2.25827729849e-08, 1.42123113278e-08, 1.07189874754e-08, 2.87167067903e-09, 1.61226942907e-09, 2.00424010721e-09, 5.30942489974e-09, 2.46171971696e-09, 3.17223625146e-09, 5.67699165455e-10, 7.03286429093e-10, 1.31527633229e-09, 1.44476694497e-10, 1.88470031248e-10, 1.49422488271e-10, 5.86581686002e-11, 5.66395957913e-11, 3.44967908406e-11, 1.86497102483e-11, 1.18879264072e-11, 4.79038770457e-12, 5.03641312682e-12, 3.33307253325e-12], "min": [1.71566123947e-24, 1.92610605758e-24, 1.84232922667e-24, 1.03324468885e-24, 1.57947544823e-24, 1.64295123958e-24, 1.21964906948e-24, 2.04629177751e-24, 2.50803119521e-24, 9.45483913142e-25, 1.26224509318e-24, 1.53401299984e-24, 3.13948871186e-24, 2.94880702879e-24, 3.21652117647e-24, 4.64723402406e-24, 2.98106532614e-24, 4.73221722052e-24, 3.13105302777e-24, 3.10442640842e-24, 4.76208783312e-24, 2.38747293572e-24, 4.68572688636e-24, 4.83638314761e-24, 1.78896850567e-24, 5.72715462659e-24, 4.23608839773e-24, 4.94835012019e-24, 6.04475318248e-24, 4.3856051494e-24, 5.11995576607e-24, 5.8226608331e-24, 5.40810851095e-24, 6.90620112389e-24, 6.48798454284e-24, 6.87023458864e-24, 5.84357669114e-24, 7.30917336239e-24, 6.55569996851e-24, 5.58863222936e-24], "dmean": [0.00249446136877, 0.00076969753718, 0.000175960798515, 8.79675208125e-05, 0.00012674566824, 5.98646256549e-05, 6.25099055469e-05, 0.000240161301917, 0.000169917664607, 5.65902992093e-05, 9.84818761935e-05, 6.19733400526e-05, 6.2298226112e-05, 7.15529749868e-05, 4.57423157059e-05, 5.46180235688e-05, 5.88904586039e-05, 4.65859484393e-05, 3.37078963639e-05, 2.14394840441e-05, 1.63718523254e-05, 1.10713508548e-05, 1.35379359563e-05, 2.40257941186e-05, 1.69107861439e-05, 2.61010918621e-05, 1.06764455268e-05, 1.09987613541e-05, 1.34092251756e-05, 4.72266947327e-06, 5.69712801735e-06, 4.97938572153e-06, 3.15861052513e-06, 3.09976167046e-06, 2.49331947089e-06, 1.31891931687e-06, 1.06872812466e-06, 6.17473745024e-07, 4.52105126669e-07, 3.00881652038e-07], "mean": [0.0106338178739, 0.00112536211964, 0.000135544731165, 9.86051236396e-05, 0.000148498089402, 4.88992445753e-05, 6.47500201012e-05, 0.000287099828711, 0.00018712200108, 6.09844209976e-05, 0.000126230050228, 7.68605750636e-05, 7.30372703401e-05, 8.79776780494e-05, 5.55251062906e-05, 6.33398158243e-05, 7.3655268352e-05, 5.65411137359e-05, 4.39102950622e-05, 2.83770386886e-05, 2.25840558414e-05, 1.48333911056e-05, 1.98497364181e-05, 3.63268736692e-05, 2.47921288974e-05, 2.60774031631e-05, 1.14505473903e-05, 1.24889447761e-05, 1.72719719558e-05, 6.86830026098e-06, 6.94679329172e-06, 5.97896314503e-06, 3.76637967747e-06, 3.62900982509e-06, 2.773148708e-06, 1.61137700161e-06, 1.28036913338e-06, 7.66994958212e-07, 5.61712397484e-07, 3.56998469897e-07], "max": [0.0360288023949, 0.0388546809554, 0.00816555414349, 0.00579047156498, 0.0046004569158, 0.00298033328727, 0.00337633374147, 0.00732500525191, 0.00673731742427, 0.00559451570734, 0.00630988087505, 0.00501702167094, 0.00332795106806, 0.00393890962005, 0.00266358000226, 0.0026968321763, 0.00584806222469, 0.00317273335531, 0.00246094726026, 0.00317991850898, 0.000881891464815, 0.000900606042705, 0.00109351589344, 0.00140146247577, 0.000733362860046, 0.00126489193644, 0.00039443053538, 0.000371454603737, 0.000352949311491, 0.000287122820737, 0.00021028892661, 0.00015855532547, 9.14987103897e-05, 9.42872720771e-05, 6.74692855682e-05, 8.04616138339e-05, 7.10186359356e-05, 6.88617219566e-05, 0.000102564103145, 0.000106679930468], "dmean2": [0.0034722648561, 0.00113747874275, 0.000325725617586, 0.000143218043377, 0.000201233269763, 0.000106654762931, 0.000104789927718, 0.000368091044948, 0.000266679795459, 8.88928261702e-05, 0.000140979347634, 9.1781213996e-05, 9.80128024821e-05, 0.000111578287033, 6.96900024195e-05, 8.47993651405e-05, 9.37655058806e-05, 7.10540844011e-05, 5.0725080655e-05, 3.25108194374e-05, 2.6205299946e-05, 1.66505360539e-05, 2.04346542887e-05, 3.50142036041e-05, 2.50438042713e-05, 3.99636701331e-05, 1.63842269103e-05, 1.47968321471e-05, 1.79676189873e-05, 6.60298883304e-06, 8.27998246677e-06, 6.98320309311e-06, 4.29266265201e-06, 4.10396842199e-06, 3.76003231395e-06, 1.91681670003e-06, 1.49931634041e-06, 8.90702324341e-07, 6.5574238306e-07, 4.47184930863e-07], "median": [0.00937293283641, 0.000461299088784, 1.73414973688e-05, 1.87631158042e-05, 2.57044848695e-05, 9.41217149375e-06, 1.11823437692e-05, 2.5426128559e-05, 1.22449873743e-05, 7.22739605408e-06, 6.52220296615e-06, 9.35287607717e-06, 1.26913910208e-05, 2.11039405258e-05, 8.90368210094e-06, 9.47838816501e-06, 9.37753702601e-06, 5.57