{"tonal": {"thpcp": [1, 0.931277930737, 0.492573708296, 0.313139170408, 0.27308177948, 0.363722473383, 0.654387235641, 0.718842983246, 0.542077481747, 0.465490907431, 0.42219465971, 0.478947222233, 0.695267438889, 0.781558036804, 0.776387810707, 0.890229582787, 0.879926383495, 0.653779149055, 0.462730675936, 0.415730029345, 0.534909427166, 0.86682510376, 0.905139744282, 0.576290428638, 0.365965902805, 0.332297801971, 0.429075866938, 0.698000133038, 0.77913248539, 0.601115524769, 0.533233642578, 0.435913026333, 0.299595296383, 0.281697034836, 0.324047148228, 0.564866244793], "hpcp": {"dmean2": [0.307034254074, 0.334908932447, 0.368764400482, 0.372169196606, 0.334379971027, 0.294100254774, 0.24645152688, 0.225199908018, 0.252046465874, 0.32609641552, 0.33528777957, 0.257401883602, 0.191962137818, 0.173858597875, 0.197360128164, 0.261560916901, 0.277192085981, 0.246537402272, 0.227671846747, 0.192877918482, 0.144502073526, 0.139385685325, 0.158620744944, 0.23508669436, 0.341790467501, 0.295880526304, 0.197035968304, 0.151321485639, 0.134504154325, 0.162153214216, 0.235717281699, 0.255131095648, 0.244282588363, 0.224050730467, 0.209683611989, 0.238643944263], "median": [0.0824420303106, 0.109805449843, 0.110743530095, 0.139888212085, 0.130925536156, 0.0789543241262, 0.041066903621, 0.0345381274819, 0.062864087522, 0.122014023364, 0.137712016702, 0.073645286262, 0.0304697602987, 0.0287861227989, 0.0485716611147, 0.0876476168633, 0.101486578584, 0.0809588581324, 0.051815778017, 0.0356010049582, 0.0272921193391, 0.0278400704265, 0.0328551605344, 0.074079580605, 0.138138636947, 0.138725936413, 0.0697697848082, 0.0339868441224, 0.0249072741717, 0.0375095792115, 0.0657310783863, 0.0760950669646, 0.0619680136442, 0.0365569591522, 0.0328613519669, 0.0451287701726], "min": [0, 0, 0, 0, 0, 0, 0, 0, 0, 0, 0, 0, 0, 0, 0, 0, 0, 0, 0, 0, 0, 0, 0, 0, 0, 0, 0, 0, 0, 0, 0, 0, 0, 0, 0, 0], "dvar2": [0.148574411869, 0.151889532804, 0.170357480645, 0.160775884986, 0.146615579724, 0.136903345585, 0.122051142156, 0.112353272736, 0.110674284399, 0.13190369308, 0.132741063833, 0.107878282666, 0.088308788836, 0.0800477713346, 0.0830525159836, 0.104756258428, 0.112207315862, 0.0945062711835, 0.0937225520611, 0.0854289680719, 0.0556145012379, 0.054478097707, 0.065030708909, 0.0780902355909, 0.152393013239, 0.103258483112, 0.0616344958544, 0.0540577992797, 0.0517044477165, 0.0627400279045, 0.0989749282598, 0.104407437146, 0.111613571644, 0.106353096664, 0.095396719873, 0.108331121504], "dvar": [0.057034522295, 0.058470658958, 0.0639415755868, 0.0624804459512, 0.0577332153916, 0.0506633445621, 0.0454427227378, 0.0409337617457, 0.0413482040167, 0.0557566620409, 0.0544620528817, 0.0410398989916, 0.0327875390649, 0.0291661284864, 0.0313658080995, 0.0437984913588, 0.0471206381917, 0.0370603986084, 0.0379792414606, 0.033474393189, 0.0210851803422, 0.0203757211566, 0.0246637389064, 0.0319172851741, 0.061563346535, 0.0425999239087, 0.0237992871553, 0.0203658565879, 0.0192028339952, 0.0234361235052, 0.0393834076822, 0.0420972667634, 0.0418220646679, 0.0431412197649, 0.0372427925467, 0.0402821190655], "dmean": [0.177286222577, 0.192952394485, 0.209691077471, 0.215595692396, 0.195531830192, 0.169321551919, 0.140520870686, 0.127898439765, 0.145748719573, 0.192391172051, 0.197375670075, 0.148890689015, 0.109245188534, 0.0990377217531, 0.114802531898, 0.155512273312, 0.165621474385, 0.145025163889, 0.134312421083, 0.113489568233, 0.0842605084181, 0.0801008567214, 0.0914931297302, 0.137500926852, 0.198699116707, 0.177269250154, 0.11576833576, 0.0876837596297, 0.0777412578464, 0.0943473353982, 0.141750812531, 0.152141287923, 0.141255363822, 0.12986022234, 0.122114434838, 0.136449798942], "max": [1, 1, 1, 1, 1, 1, 1, 1, 1, 1, 1, 1, 1, 1, 1, 1, 1, 1, 1, 1, 1, 1, 1, 1, 1, 1, 1, 1, 1, 1, 1, 1, 1, 1, 1, 1], "var": [0.075271256268, 0.0799708291888, 0.0765892118216, 0.0874391943216, 0.0925447940826, 0.0647606253624, 0.0459863990545, 0.0398115999997, 0.0487469471991, 0.0913133174181, 0.0930577069521, 0.0527925603092, 0.032413162291, 0.0281794797629, 0.0361481979489, 0.0714171156287, 0.082229912281, 0.052778698504, 0.0552151463926, 0.0449230633676, 0.023030558601, 0.0215386524796, 0.0261858776212, 0.046908646822, 0.112511634827, 0.0947146862745, 0.0341943614185, 0.0219749789685, 0.0194690600038, 0.0273419357836, 0.0713706165552, 0.0798580646515, 0.0522049814463, 0.0512744411826, 0.0414391122758, 0.0440024286509], "mean": [0.204834207892, 0.230256468058, 0.228733256459, 0.262272417545, 0.259236961603, 0.192611247301, 0.136326059699, 0.122479103506, 0.157590791583, 0.255377173424, 0.266665130854, 0.16978213191, 0.107817985117, 0.0978989526629, 0.12641094625, 0.205639287829, 0.229541867971, 0.177095904946, 0.15709708631, 0.128425255418, 0.0882643982768, 0.082991361618, 0.0954682156444, 0.166416436434, 0.294612109661, 0.274365752935, 0.145118176937, 0.0922545939684, 0.0804532021284, 0.107157044113, 0.192790403962, 0.211779847741, 0.159702599049, 0.137139260769, 0.124383658171, 0.1411036551]}, "tuning_equal_tempered_deviation": 0.142197176814, "chords_changes_rate": 0.0756841525435, "key_key": "A#", "tuning_diatonic_strength": 0.77471768856, "key_scale": "major", "chords_number_rate": 0.00156784488354, "tuning_frequency": 434.193115234, "tuning_nontempered_energy_ratio": 0.871593654156, "chords_histogram": [31.7559871674, 12.3147096634, 18.5433292389, 0.812428712845, 1.39680731297, 0.370581537485, 1.16875708103, 0.0427594073117, 0.456100344658, 0, 1.04047894478, 0.185290768743, 0, 0, 0, 0, 0, 1.15450394154, 0.114025086164, 2.99315857887, 0.57012540102, 16.5336380005, 3.26396799088, 7.28335237503], "key_strength": 0.803214013577, "chords_key": "A#", "chords_strength": {"dmean2": 0.0142367491499, "median": 0.546550750732, "min": -1, "dvar2": 0.000712441804353, "dvar": 0.000402483216021, "dmean": 0.0134470444173, "max": 0.800854504108, "var": 0.0342088080943, "mean": 0.527693092823}, "chords_scale": "major", "hpcp_entropy": {"dmean2": 1.16921663284, "median": 2.3556535244, "min": 0, "dvar2": 0.875773847103, "dvar": 0.337059497833, "dmean": 0.698962211609, "max": 4.63825416565, "var": 0.828177273273, "mean": 2.31448101997}}, "metadata": {"audio_properties": {"equal_loudness": 0, "codec": "flac", "downmix": "mix", "sample_rate": 44100, "analysis_sample_rate": 44100, "bit_rate": 0, "md5_encoded": "4f3d8843522761c03d63cd226ff282ca", "length": 325.746673584, "replay_gain": -8.69804573059, "lossless": true}, "version": {"essentia_build_sha": "c0e182ba78c2de26e491b7b7a4a2c98c1ed34208", "essentia": "2.1-beta2", "extractor": "music 1.0", "essentia_git_sha": "v2.1_beta2-2-gbb40004"}, "tags": {"title": ["Rasta Poue"], "barcode": ["3259119158622"], "media": ["CD"], "albumartist": ["Alpha Blondy"], "tracktotal": ["8"], "musicbrainz_releasegroupid": ["1dc05f1a-019b-3368-867b-059333d37aef"], "releasetype": ["album"], "musicbrainz_recordingid": ["1a0f1466-0212-4174-9b57-e9896783610b"], "musicbrainz_albumartistid": ["88502cc3-20e7-4c5d-b583-ea84ed263db4"], "originalyear": ["1983"], "musicbrainz_releasetrackid": ["fe619cbb-f9ba-38e8-82f2-b1d66403f953"], "discnumber": ["1"], "totaldiscs": ["1"], "album": ["Rasta Pou\u00e9"], "catalognumber": ["191586 2"], "releasecountry": ["FR"], "isrc": ["AEAB28400012"], "originaldate": ["1983"], "albumartistsort": ["Alpha Blondy"], "date": ["1995"], "file_name": "01 Rasta Poue.flac", "disctotal": ["1"], "musicbrainz_artistid": ["88502cc3-20e7-4c5d-b583-ea84ed263db4"], "asin": ["B000024YDR"], "musicbrainz_albumid": ["4410936f-f744-3222-847b-6a2806024741"], "tracknumber": ["1"], "artistsort": ["Alpha Blondy"], "artist": ["Alpha Blondy"], "label": ["Une Musique"], "releasestatus": ["official"], "acoustid_id": ["e7b928e5-59f3-4b23-876a-dab47dd03595"], "script": ["Latn"], "totaltracks": ["8"]}}, "rhythm": {"bpm_histogram_first_peak_bpm": {"dmean2": 0, "median": 157, "min": 157, "dvar2": 0, "dvar": 0, "dmean": 0, "max": 157, "var": 0, "mean": 157}, "bpm": 155.628387451, "bpm_histogram_second_peak_spread": {"dmean2": 0, "median": 0.143884897232, "min": 0.143884897232, "dvar2": 0, "dvar": 0, "dmean": 0, "max": 0.143884897232, "var": 0, "mean": 0.143884897232}, "bpm_histogram_first_peak_weight": {"dmean2": 0, "median": 0.520612478256, "min": 0.520612478256, "dvar2": 0, "dvar": 0, "dmean": 0, "max": 0.520612478256, "var": 0, "mean": 0.520612478256}, "onset_rate": 4.30679416656, "beats_position": [0.394739210606, 0.801088392735, 1.20743763447, 1.60217678547, 1.98530614376, 2.35682535172, 2.71673464775, 3.08825397491, 3.45977306366, 3.8196823597, 4.17959165573, 4.55111122131, 4.92263031006, 5.2941493988, 5.65405893326, 6.01396799088, 6.38548755646, 6.7570066452, 7.12852573395, 7.50004529953, 7.87156438828, 8.24308395386, 8.6146030426, 8.98612213135, 9.35764122009, 9.72916126251, 10.1006803513, 10.47219944, 10.8437185287, 11.2036275864, 11.5635375977, 11.9350566864, 12.3065757751, 12.6780948639, 13.0496139526, 13.4211339951, 13.8042631149, 14.1873922348, 14.5589113235, 14.9304304123, 15.301949501, 15.6734695435, 16.0449886322, 16.4165077209, 16.7880268097, 17.1595458984, 17.5310649872, 17.9025840759, 18.2741031647, 18.6456241608, 19.0171432495, 19.3886623383, 19.7717914581, 20.154920578, 20.5264396667, 20.8979587555, 21.2694778442, 21.640996933, 22.0241260529, 22.4072551727, 22.7787742615, 23.1502952576, 23.5218143463, 23.8933334351, 24.2648525238, 24.6247615814, 24.984670639, 25.3561897278, 25.7509288788, 26.1224479675, 26.4939670563, 26.865486145, 27.2370071411, 27.6085262299, 27.9800453186, 28.3631744385, 28.7463035583, 29.1178226471, 29.4893417358, 29.8608608246, 30.2439899445, 30.6271190643, 30.9986381531, 31.3701572418, 31.753288269, 32.1364173889, 32.5079345703, 32.8794555664, 33.2509727478, 33.6224937439, 33.99401474, 34.3771438599, 34.7602729797, 35.1317901611, 35.5033111572, 35.8748283386, 36.2463493347, 36.6178665161, 37.000995636, 37.3841247559, 37.7672538757, 38.1503829956, 38.5219039917, 38.8934249878, 39.2765541077, 39.6596832275, 40.0312004089, 40.4143295288, 40.7974586487, 41.1689796448, 41.5404968262, 41.923625946, 42.3067550659, 42.678276062, 43.0497932434, 43.4213142395, 43.7928352356, 44.164352417, 44.5474815369, 44.9306106567, 45.3137397766, 45.6852607727, 46.0683898926, 46.439907074, 46.8230361938, 47.1945571899, 47.5776863098, 47.9492073059, 48.3207244873, 48.6922454834, 49.0753746033, 49.4585037231, 49.841632843, 50.2247619629, 50.6078910828, 50.9910202026, 51.3741493225, 51.7572784424, 52.1404075623, 52.5235366821, 52.8950538635, 53.2665748596, 53.6380958557, 54.0096130371, 54.392742157, 54.7758712769, 55.1473922729, 55.5189094543, 55.9020385742, 56.2851676941, 56.6566886902, 57.0514259338, 57.4345550537, 57.8176841736, 58.1892051697, 58.5607261658, 58.9322433472, 59.315372467, 59.6868934631, 60.070022583, 60.4415397644, 60.8130607605, 61.1845779419, 61.556098938, 61.9392280579, 62.3223571777, 62.6938781738, 63.0653953552, 63.4369163513, 63.8200454712, 64.2031707764, 64.5746917725, 64.957824707, 65.3409500122, 65.7124710083, 66.0839920044, 66.4671173096, 66.8386383057, 67.2217712402, 67.5932846069, 67.964805603, 68.3479385376, 68.7310638428, 69.1025848389, 69.474105835, 69.8456192017, 70.2171401978, 70.6002731323, 70.9833984375, 71.3665313721, 71.7496566772, 72.1211776733, 72.4926986694, 72.8642196655, 73.2473449707, 73.6188659668, 74.001991272, 74.3735122681, 74.7566452026, 75.1281585693, 75.4996795654, 75.8828125, 76.2543258667, 76.6258468628, 77.0089797974, 77.3921051025, 77.7636260986, 78.1351470947, 78.5066680908, 78.8781814575, 79.2497024536, 79.6328353882, 80.0159606934, 80.3990936279, 80.7822189331, 81.1537399292, 81.5252609253, 81.8967819214, 82.2799072266, 82.6630401611, 83.0461654663, 83.4176864624, 83.8008117676, 84.1723327637, 84.5438537598, 84.9153747559, 85.2868881226, 85.6700210571, 86.0531539917, 86.4362792969, 86.8194122314, 87.1909255981, 87.5740585327, 87.9455795288, 88.328704834, 88.7118377686, 89.0949630737, 89.4780960083, 89.8612213135, 90.244354248, 90.6274795532, 90.9990005493, 91.3705215454, 91.7536468506, 92.1367797852, 92.5199050903, 92.9030380249, 93.274559021, 93.6460723877, 94.0292053223, 94.4123306274, 94.7838516235, 95.1669845581, 95.5501098633, 95.9216308594, 96.3047637939, 96.6762771606, 97.0594100952, 97.4425354004, 97.825668335, 98.2087936401, 98.5919265747, 98.9750518799, 99.3581848145, 99.7413101196, 100.124443054, 100.507568359, 100.890701294, 101.273826599, 101.645347595, 102.02848053, 102.400001526, 102.783126831, 103.154647827, 103.537773132, 103.920906067, 104.304031372, 104.687164307, 105.070289612, 105.453422546, 105.836547852, 106.208068848, 106.579589844, 106.962722778, 107.345848083, 107.71736908, 108.088890076, 108.460403442, 108.831924438, 109.203445435, 109.574966431, 109.969703674, 110.352828979, 110.735961914, 111.119087219, 111.502220154, 111.885353088, 112.268478394, 112.651611328, 113.034736633, 113.417869568, 113.789382935, 114.172515869, 114.544036865, 114.915550232, 115.287071228, 115.658592224, 116.03011322, 116.413238525, 116.784759521, 117.156280518, 117.539405823, 117.922538757, 118.305664062, 118.677185059, 119.060317993, 119.443443298, 119.826576233, 120.209701538, 120.592834473, 120.975959778, 121.335868835, 121.695777893, 122.067298889, 122.450431824, 122.833557129, 123.205078125, 123.576599121, 123.959724426, 124.342857361, 124.725982666, 125.109115601, 125.480628967, 125.863761902, 126.246894836, 126.618408203, 127.001541138, 127.384666443, 127.756187439, 128.127700806, 128.51083374, 128.893966675, 129.265487671, 129.637008667, 130.020126343, 130.403259277, 130.786392212, 131.169525146, 131.552658081, 131.935775757, 132.307296753, 132.678817749, 133.061950684, 133.445083618, 133.816589355, 134.188110352, 134.571243286, 134.954376221, 135.325897217, 135.697418213, 136.080535889, 136.463668823, 136.835189819, 137.206710815, 137.58984375, 137.972961426, 138.344482422, 138.727615356, 139.110748291, 139.482269287, 139.865386963, 140.248519897, 140.631652832, 141.014785767, 141.386306763, 141.769424438, 142.152557373, 142.524078369, 142.895599365, 143.2787323, 143.661849976, 144.033370972, 144.404891968, 144.788024902, 145.171157837, 145.542678833, 145.914199829, 146.297317505, 146.680450439, 147.063583374, 147.446716309, 147.829833984, 148.212966919, 148.596099854, 148.979232788, 149.350738525, 149.73387146, 150.117004395, 150.511749268, 150.894866943, 151.277999878, 151.661132812, 152.044265747, 152.415786743, 152.798904419, 153.182037354, 153.565170288, 153.948303223, 154.31980896, 154.702941895, 155.086074829, 155.457595825, 155.84072876, 156.223846436, 156.595367432, 156.978500366, 157.361633301, 157.733154297, 158.116271973, 158.499404907, 158.89414978, 159.265670776, 159.648788452, 160.031921387, 160.415054321, 160.798187256, 161.169708252, 161.564437866, 161.947570801, 162.319091797, 162.702224731, 163.085342407, 163.468475342, 163.839996338, 164.234741211, 164.606262207, 164.989379883, 165.360900879, 165.744033813, 166.138778687, 166.521896362, 166.905029297, 167.288162231, 167.671295166, 168.054412842, 168.437545776, 168.820678711, 169.203811646, 169.586929321, 169.958450317, 170.341583252, 170.713104248, 171.096237183, 171.479354858, 171.850875854, 172.245620728, 172.628753662, 173.011871338, 173.395004272, 173.778137207, 174.161270142, 174.544403076, 174.927520752, 175.299041748, 175.670562744, 176.053695679, 176.436828613, 176.819946289, 177.214691162, 177.597824097, 177.980941772, 178.375686646, 178.75881958, 179.141952515, 179.513473511, 179.908203125, 180.29133606, 180.674468994, 181.04598999, 181.417495728, 181.800628662, 182.183761597, 182.566894531, 182.961624146, 183.356369019, 183.739501953, 184.111022949, 184.505752563, 184.888885498, 185.272018433, 185.643539429, 186.015060425, 186.398178101, 186.781311035, 187.16444397, 187.547576904, 187.93069458, 188.313827515, 188.708572388, 189.103302002, 189.498046875, 189.88117981, 190.264297485, 190.659042358, 191.053787231, 191.436920166, 191.820037842, 192.203170776, 192.597915649, 192.981033325, 193.36416626, 193.747299194, 194.130432129, 194.513549805, 194.885070801, 195.279815674, 195.662948608, 196.046066284, 196.440811157, 196.83555603, 197.218673706, 197.601806641, 197.973327637, 198.356460571, 198.739593506, 199.122711182, 199.517456055, 199.900588989, 200.283721924, 200.6668396, 201.061584473, 201.456329346, 201.862670898, 202.257415771, 202.663757324, 203.070114136, 203.476455688, 203.871200562, 204.277542114, 204.683898926, 205.090240479, 205.508209229, 205.92616272, 206.344116211, 206.762084961, 207.168426514, 207.563171387, 207.95791626, 208.352645874, 208.747390747, 209.130523682, 209.513641357, 209.885162354, 210.268295288, 210.651428223, 211.034561157, 211.417678833, 211.800811768, 212.183944702, 212.555465698, 212.950195312, 213.333328247, 213.716461182, 214.099594116, 214.482711792, 214.877456665, 215.2605896, 215.643707275, 216.015228271, 216.398361206, 216.781494141, 217.164627075, 217.547744751, 217.919265747, 218.290786743, 218.673919678, 219.057052612, 219.440170288, 219.823303223, 220.206436157, 220.589569092, 220.972686768, 221.355819702, 221.738952637, 222.122085571, 222.505218506, 222.888336182, 223.283081055, 223.666213989, 224.049331665, 224.420852661, 224.803985596, 225.18711853, 225.558639526, 225.930160522, 226.313278198, 226.696411133, 227.067932129, 227.451065063, 227.834197998, 228.205703735, 228.58883667, 228.971969604, 229.355102539, 229.726623535, 230.109741211, 230.492874146, 230.87600708, 231.247528076, 231.619049072, 231.990570068, 232.385299683, 232.756820679, 233.128341675, 233.523086548, 233.906204224, 234.289337158, 234.672470093, 235.055603027, 235.450332642, 235.833465576, 236.216598511, 236.599716187, 236.982849121, 237.365982056, 237.74911499, 238.143844604, 238.538589478, 238.921722412, 239.304855347, 239.687973022, 240.071105957, 240.46585083, 240.848968506, 241.23210144, 241.615234375, 241.99836731, 242.381484985, 242.76461792, 243.147750854, 243.530883789, 243.914016724, 244.297134399, 244.691879272, 245.075012207, 245.458129883, 245.852874756, 246.247619629, 246.630737305, 247.013870239, 247.397003174, 247.791748047, 248.174865723, 248.557998657, 248.941131592, 249.312652588, 249.684173584, 250.05569458, 250.427200317, 250.82194519, 251.216690063, 251.611419678, 252.006164551, 252.400909424, 252.7840271, 253.167160034, 253.550292969, 253.933425903, 254.316543579, 254.699676514, 255.082809448, 255.465942383, 255.849060059, 256.232208252, 256.615325928, 257.010070801, 257.404815674, 257.78793335, 258.182678223, 258.577423096, 258.960540771, 259.343658447, 259.73840332, 260.133148193, 260.516265869, 260.899414062, 261.294158936, 261.688873291, 262.072021484, 262.466766357, 262.861480713, 263.256225586, 263.639373779, 264.034088135, 264.428833008, 264.800354004, 265.171875, 265.554992676, 265.938140869, 266.332885742, 266.716003418, 267.099121094, 267.47064209, 267.853790283, 268.236907959, 268.608428955, 268.991546631, 269.386291504, 269.769439697, 270.152557373, 270.535675049, 270.918823242, 271.301940918, 271.696685791, 272.079803467, 272.46295166, 272.846069336, 273.229187012, 273.600708008, 273.983856201, 274.366973877, 274.75012207, 275.133239746, 275.527984619, 275.911102295, 276.294250488, 276.677368164, 277.072113037, 277.455230713, 277.838348389, 278.221496582, 278.616241455, 278.999359131, 279.382476807, 279.765625, 280.148742676, 280.531890869, 280.915008545, 281.286529541, 281.681274414, 282.07598877, 282.459136963, 282.842254639, 283.236999512, 283.631744385, 284.014862061, 284.398010254, 284.792724609, 285.175872803, 285.558990479, 285.942138672, 286.325256348, 286.720001221, 287.103118896, 287.48626709, 287.880981445, 288.275726318, 288.670471191, 289.065216064, 289.459960938, 289.843078613, 290.226196289, 290.620941162, 291.004089355, 291.387207031, 291.770324707, 292.1534729, 292.536590576, 292.919708252, 293.314453125, 293.709197998, 294.103942871, 294.498687744, 294.893432617, 295.288146973, 295.682891846, 296.077636719, 296.472381592, 296.855499268, 297.238647461, 297.633361816, 298.028106689, 298.422851562, 298.817596436, 299.200714111, 299.607055664, 300.001800537, 300.38494873, 300.768066406, 301.151184082, 301.545928955, 301.929077148, 302.312194824, 302.6953125, 303.090057373, 303.473205566, 303.844696045, 304.227844238, 304.610961914, 304.994110107, 305.388824463, 305.783569336, 306.155090332, 306.549835205, 306.944580078, 307.339324951, 307.722442627, 308.1171875, 308.500305176, 308.895050049, 309.289794922, 309.672912598, 310.056060791, 310.439178467, 310.822296143, 311.205444336, 311.600189209, 311.994903564, 312.389648438, 312.784393311, 313.167510986, 313.562255859, 313.957000732, 314.351745605, 314.746490479, 315.141204834, 315.535949707, 315.93069458, 316.313812256, 316.696960449, 317.091705322, 317.498046875, 317.904388428, 318.31072998, 318.717102051, 319.123443604, 319.541412354, 319.959350586, 320.377319336, 320.795288086, 321.294494629, 321.793731689, 322.29296875, 322.7109375, 323.117279053, 323.523620605, 323.929962158, 324.347930908, 324.754272461, 325.172241211], "beats_loudness": {"dmean2": 0.0445597954094, "median": 0.0258807502687, "min": 0, "dvar2": 0.00134636380244, "dvar": 0.000531798053999, "dmean": 0.0273801349103, "max": 0.168165370822, "var": 0.000847457908094, "mean": 0.0344168841839}, "danceability": 1.32378411293, "bpm_histogram_second_peak_weight": {"dmean2": 0, "median": 0.140164896846, "min": 0.140164896846, "dvar2": 0, "dvar": 0, "dmean": 0, "max": 0.140164896846, "var": 0, "mean": 0.140164896846}, "beats_count": 850, "bpm_histogram_second_peak_bpm": {"dmean2": 0, "median": 152, "min": 152, "dvar2": 0, "dvar": 0, "dmean": 0, "max": 152, "var": 0, "mean": 152}, "bpm_histogram_first_peak_spread": {"dmean2": 0, "median": 0.333333313465, "min": 0.333333313465, "dvar2": 0, "dvar": 0, "dmean": 0, "max": 0.333333313465, "var": 0, "mean": 0.333333313465}, "beats_loudness_band_ratio": {"dmean2": [0.64341044426, 0.165074259043, 0.179453760386, 0.281977683306, 0.269153118134, 0.123173229396], "median": [0.372632682323, 0.0579685904086, 0.060279827565, 0.134308874607, 0.134816616774, 0.0312435235828], "min": [0, 0, 0, 0, 0, 0], "dvar2": [0.190261557698, 0.028645047918, 0.0364471748471, 0.0619702711701, 0.0422556586564, 0.0305544883013], "dvar": [0.0856117084622, 0.0107055269182, 0.0129587510601, 0.0224443413317, 0.0155915487558, 0.0116220833734], "dmean": [0.358387172222, 0.094170473516, 0.103254802525, 0.163849771023, 0.15383502841, 0.0702540948987], "max": [0.989316821098, 0.919451832771, 0.737904727459, 0.882305264473, 0.831628143787, 0.770095527172], "var": [0.121391288936, 0.0112797655165, 0.0155476545915, 0.0308385416865, 0.0209923088551, 0.010071830824], "mean": [0.399880111217, 0.0919032767415, 0.103563338518, 0.189887329936, 0.171065062284, 0.0668320655823]}}, "lowlevel": {"barkbands_spread": {"dmean2": 11.6110858917, "median": 21.3435287476, "min": 0.48135304451, "dvar2": 182.042999268, "dvar": 83.2408828735, "dmean": 7.67240524292, "max": 106.093040466, "var": 196.169296265, "mean": 23.1597652435}, "melbands_spread": {"dmean2": 19.2379264832, "median": 28.7178688049, "min": 0.3551222682, "dvar2": 604.549194336, "dvar": 283.379119873, "dmean": 12.6000804901, "max": 245.364868164, "var": 811.692382812, "mean": 34.4720993042}, "hfc": {"dmean2": 12.4058151245, "median": 6.40662097931, "min": 1.04612565923e-16, "dvar2": 562.96307373, "dvar": 261.556152344, "dmean": 8.68516635895, "max": 287.617797852, "var": 546.786682129, "mean": 15.7764568329}, "barkbands_kurtosis": {"dmean2": 6.78692579269, "median": 0.296946883202, "min": -1.92998230457, "dvar2": 422.238769531, "dvar": 184.655319214, "dmean": 4.4352850914, "max": 460.095367432, "var": 257.342987061, "mean": 4.91939687729}, "gfcc": {"mean": [-84.2861099243, 69.0417098999, -134.282730103, 27.2381839752, -41.7898483276, 13.0543003082, -30.0963821411, 0.971706390381, -18.4566440582, -2.01476573944, -14.1050825119, 2.31922268867, -8.12291908264], "icov": [[9.25503263716e-05, -0.000184574557352, 0.000171061008587, -0.00016135815531, 0.000249440141488, -0.000289251242066, 0.000253367208643, -0.000207273711567, 0.000159406408784, -0.000239746921579, 0.000735432782676, -0.000537865213118, 0.000407409650506], [-0.000184574557352, 0.00109118944965, -0.00027572637191, 4.15485155827e-05, -0.000910734990612, 0.00104170106351, -0.000763243588153, 0.000672820489854, -0.000835437967908, 0.00147974293213, -0.00267714797519, 0.00246790004894, -0.00133575929794], [0.000171061008587, -0.00027572637191, 0.00108348112553, -0.000869068491738, 0.000340132071869, -0.000593581586145, 0.000394160626456, -0.000262812769506, -0.000206432989216, 3.26755034621e-05, 0.000898814527318, -0.00100107281469, 0.0010932397563], [-0.00016135815531, 4.15485155827e-05, -0.000869068491738, 0.00263634487055, -0.00102237740066, -0.000564433401451, 4.89133344672e-05, 0.000533334969077, 0.000182129224413, -4.29971441918e-05, -0.000284263747744, 0.000312879798003, -0.000437226117356], [0.000249440141488, -0.000910734990612, 0.000340132071869, -0.00102237740066, 0.00360993528739, -0.000830760109238, -0.00138055731077, -0.000681077246554, 0.000146177335409, -0.000236230407609, 0.00156792113557, -0.00158264697529, 0.00180435134098], [-0.000289251242066, 0.00104170106351, -0.000593581586145, -0.000564433401451, -0.000830760109238, 0.00525321159512, -0.003531887196, 0.000203683084692, 0.00016611427418, 0.000881237443537, -0.00255340198055, 0.00229400978424, -0.000631113362033], [0.000253367208643, -0.000763243588153, 0.000394160626456, 4.89133344672e-05, -0.00138055731077, -0.003531887196, 0.00842035375535, -0.00148846639786, 0.000416079041315, -0.00187992234714, 0.00196109642275, -0.00167459796648, -0.000356506934622], [-0.000207273711567, 0.000672820489854, -0.000262812769506, 0.000533334969077, -0.000681077246554, 0.000203683084692, -0.00148846639786, 0.00916805118322, -0.00438728090376, 0.000774135522079, -0.00231705838814, 0.00133117614314, -0.00143284117803], [0.000159406408784, -0.000835437967908, -0.000206432989216, 0.000182129224413, 0.000146177335409, 0.00016611427418, 0.000416079041315, -0.00438728090376, 0.0105545381084, -0.006078729406, 0.0039559607394, -0.00187356211245, 0.00165611016564], [-0.000239746921579, 0.00147974293213, 3.26755034621e-05, -4.29971441918e-05, -0.000236230407609, 0.000881237443537, -0.00187992234714, 0.000774135522079, -0.006078729406, 0.0165267232805, -0.00908546615392, 0.00326703255996, -0.0015874063829], [0.000735432782676, -0.00267714797519, 0.000898814527318, -0.000284263747744, 0.00156792113557, -0.00255340198055, 0.00196109642275, -0.00231705838814, 0.0039559607394, -0.00908546615392, 0.0218171328306, -0.0119861830026, 0.00250682700425], [-0.000537865213118, 0.00246790004894, -0.00100107281469, 0.000312879798003, -0.00158264697529, 0.00229400978424, -0.00167459796648, 0.00133117614314, -0.00187356211245, 0.00326703255996, -0.0119861830026, 0.0186165012419, -0.00481458287686], [0.000407409650506, -0.00133575929794, 0.0010932397563, -0.000437226117356, 0.00180435134098, -0.000631113362033, -0.000356506934622, -0.00143284117803, 0.00165611016564, -0.0015874063829, 0.00250682700425, -0.00481458287686, 0.0139046609402]], "cov": [[31177.46875, 890.953613281, -2711.29785156, 446.012176514, -1353.93273926, 275.667907715, -753.680419922, -11.3010931015, -258.57244873, -230.177963257, -698.265258789, -109.995735168, -340.680511475], [890.953613281, 2530.12719727, 260.023162842, 347.11428833, 580.515197754, -41.4642601013, 196.271026611, -22.514831543, 49.4785652161, -84.4953613281, 78.4037628174, -143.666595459, 53.5027389526], [-2711.29785156, 260.023162842, 2031.72753906, 710.495910645, 438.734863281, 306.023284912, 193.447692871, 23.3895130157, 71.3578186035, -20.010175705, 31.7544937134, 9.81757450104, -81.7621078491], [446.012176514, 347.11428833, 710.495910645, 829.467651367, 367.106872559, 284.561035156, 151.046112061, -4.81712388992, -2.80729532242, -24.5331611633, -9.52297019958, -12.8012695312, -46.0301704407], [-1353.93273926, 580.515197754, 438.734863281, 367.106872559, 725.135925293, 219.495193481, 272.704193115, 42.8214492798, 44.9882698059, -3.41624164581, 41.0361404419, -15.9250249863, -18.9049987793], [275.667907715, -41.4642601013, 306.023284912, 284.561035156, 219.495193481, 445.547729492, 200.519500732, 35.6658859253, -2.96600484848, 7.76153898239, 5.25319337845, -0.776813745499, -26.5937194824], [-753.680419922, 196.271026611, 193.447692871, 151.046112061, 272.704193115, 200.519500732, 284.346191406, 49.5802650452, 31.4091377258, 24.2120780945, 31.6859035492, 2.69136285782, 10.8335342407], [-11.3010931015, -22.514831543, 23.3895130157, -4.81712388992, 42.8214492798, 35.6658859253, 49.5802650452, 158.791702271, 76.4925079346, 33.5150718689, 14.4074048996, 8.73827171326, 5.0179438591], [-258.57244873, 49.4785652161, 71.3578186035, -2.80729532242, 44.9882698059, -2.96600484848, 31.4091377258, 76.4925079346, 164.593978882, 57.3277435303, 9.73080825806, 3.02669644356, -4.41967773438], [-230.177963257, -84.4953613281, -20.010175705, -24.5331611633, -3.41624164581, 7.76153898239, 24.2120780945, 33.5150718689, 57.3277435303, 108.291992188, 45.5434074402, 20.7915725708, 8.82239055634], [-698.265258789, 78.4037628174, 31.7544937134, -9.52297019958, 41.0361404419, 5.25319337845, 31.6859035492, 14.4074048996, 9.73080825806, 45.5434074402, 115.534301758, 49.1920394897, 22.6496963501], [-109.995735168, -143.666595459, 9.81757450104, -12.8012695312, -15.9250249863, -0.776813745499, 2.69136285782, 8.73827171326, 3.02669644356, 20.7915725708, 49.1920394897, 102.121635437, 19.7525653839], [-340.680511475, 53.5027389526, -81.7621078491, -46.0301704407, -18.9049987793, -26.5937194824, 10.8335342407, 5.0179438591, -4.41967773438, 8.82239055634, 22.6496963501, 19.7525653839, 98.3518218994]]}, "spectral_energyband_middle_low": {"dmean2": 0.00361882359721, "median": 0.00219293963164, "min": 1.38247343525e-22, "dvar2": 6.87103238306e-05, "dvar": 3.18511592923e-05, "dmean": 0.00251013925299, "max": 0.215859949589, "var": 6.67182903271e-05, "mean": 0.00492112897336}, "melbands_crest": {"dmean2": 5.8209695816, "median": 11.9384860992, "min": 1.44451463223, "dvar2": 28.3662757874, "dvar": 12.8102731705, "dmean": 3.73837685585, "max": 36.6864280701, "var": 42.8553199768, "mean": 13.2024726868}, "spectral_kurtosis": {"dmean2": 3.43384575844, "median": 4.45733070374, "min": -1.27785670757, "dvar2": 19.360786438, "dvar": 7.42399692535, "dmean": 2.10663843155, "max": 60.6548957825, "var": 15.4286050797, "mean": 5.23079061508}, "spectral_rms": {"dmean2": 0.00106967275497, "median": 0.00289728562348, "min": 3.09152399861e-12, "dvar2": 1.69600764366e-06, "dvar": 1.06198626781e-06, "dmean": 0.000835778308101, "max": 0.0170908756554, "var": 5.1830998018e-06, "mean": 0.00328028737567}, "zerocrossingrate": {"dmean2": 0.0174753032625, "median": 0.06640625, "min": 0.001953125, "dvar2": 0.000389824272133, "dvar": 0.00033282925142, "dmean": 0.0155623508617, "max": 0.53076171875, "var": 0.00503368023783, "mean": 0.0800622552633}, "silence_rate_60dB": {"dmean2": 0.200741380453, "median": 0, "min": 0, "dvar2": 0.187382310629, "dvar": 0.0902971327305, "dmean": 0.100363530219, "max": 1, "var": 0.197457015514, "mean": 0.270776897669}, "erbbands_kurtosis": {"dmean2": 1.89984869957, "median": 0.118407130241, "min": -1.84761929512, "dvar2": 7.27611541748, "dvar": 3.19999957085, "dmean": 1.19499671459, "max": 36.7649002075, "var": 5.71881628036, "mean": 0.669460833073}, "erbbands": {"dmean2": [0.146428689361, 0.792254269123, 1.62238383293, 2.26606845856, 2.70763373375, 3.25035047531, 3.97974061966, 4.23793840408, 3.56693744659, 10.5737810135, 28.9655189514, 21.3520965576, 25.644109726, 43.8665542603, 31.5439128876, 27.6011638641, 25.384513855, 41.9577484131, 54.2102508545, 41.9535140991, 35.7105026245, 33.4629020691, 29.9614257812, 18.3471679688, 9.87591266632, 7.63406133652, 5.80644750595, 6.32747602463, 4.90024518967, 4.85265350342, 3.86970472336, 2.48232007027, 1.05888926983, 0.399890810251, 0.14575651288, 0.104621358216, 0.0515842363238, 0.0133119225502, 0.00177333247848, 7.23908888176e-05], "median": [0.0118105076253, 0.069801196456, 0.0715405344963, 0.12941300869, 0.557643651962, 1.20658826828, 0.987920403481, 1.04556679726, 0.674084663391, 1.10116422176, 1.74903917313, 1.73265910149, 2.37042212486, 4.10259914398, 4.38394021988, 4.3856048584, 4.9894952774, 7.11635351181, 8.58863449097, 7.36004161835, 6.06079959869, 5.82943725586, 4.99497127533, 3.67915534973, 2.75215196609, 2.38780736923, 1.71981775761, 1.22773623466, 0.745392799377, 0.652384519577, 0.414484977722, 0.233963817358, 0.101469308138, 0.0451445542276, 0.0191581845284, 0.00789968203753, 0.00229830853641, 0.000534143298864, 7.86891105236e-05, 1.89941511053e-05], "min": [5.59835210012e-23, 3.68894886269e-22, 2.52506797648e-21, 4.12480721033e-21, 7.37884203606e-21, 1.99272898663e-20, 2.14998668396e-20, 8.10318277272e-20, 5.27623906871e-20, 9.17898350437e-20, 2.0503404684e-19, 1.7550911442e-19, 4.61583997501e-19, 7.0053207464e-19, 8.09040903611e-19, 1.1778230946e-18, 1.53464916532e-18, 1.5418690045e-18, 2.58120221222e-18, 2.77648942188e-18, 3.86941069841e-18, 3.7638732056e-18, 4.47958130444e-18, 6.52300734425e-18, 5.48294931951e-18, 7.63215893837e-18, 8.71826362627e-18, 7.82663406347e-18, 1.10841151563e-17, 1.12040770246e-17, 1.10299720493e-17, 1.01750014769e-17, 7.93161569091e-18, 7.84648226226e-18, 5.74123481142e-18, 4.26954029458e-18, 2.15262401363e-18, 9.16765823856e-19, 2.36333927909e-19, 2.59935239017e-20], "dvar2": [0.173047110438, 5.58687734604, 26.0422973633, 24.1293525696, 43.8085021973, 59.1025238037, 132.162948608, 214.364517212, 133.476104736, 1481.14794922, 16318.265625, 14275.4882812, 9742.265625, 23668.1855469, 7431.73095703, 6934.12158203, 4414.34228516, 19115.0390625, 29704.7753906, 10763.7324219, 6318.27929688, 6536.69482422, 5324.03515625, 1800.71398926, 521.375915527, 304.106903076, 199.412109375, 261.838531494, 130.847198486, 134.263442993, 104.009223938, 54.9583854675, 14.9120149612, 3.04621529579, 0.189513519406, 0.0650644749403, 0.0189517233521, 0.00126367353369, 2.27203272516e-05, 3.1697922509e-08], "dvar": [0.0834867060184, 2.64275026321, 9.99347782135, 10.8465127945, 20.2991161346, 27.3793182373, 62.0712280273, 89.4250640869, 54.4443435669, 660.601989746, 6935.07519531, 6148.60205078, 4980.44775391, 13948.109375, 3022.06176758, 2700.52661133, 1989.38012695, 8614.18164062, 12878.8457031, 4939.33105469, 2603.49707031, 2520.43334961, 2056.92944336, 671.003540039, 196.611541748, 126.515907288, 77.2088470459, 104.367668152, 58.2632675171, 58.5053062439, 44.0907096863, 23.4571552277, 6.30827951431, 1.36069512367, 0.0927605777979, 0.0299075581133, 0.00853274203837, 0.000581469503231, 1.05635608634e-05, 1.51250851843e-08], "dmean": [0.096682086587, 0.530384719372, 1.03860104084, 1.56319010258, 1.8859347105, 2.20758152008, 2.65052556992, 2.75971627235, 2.34808707237, 6.86881113052, 18.1686534882, 13.6703138351, 17.7222251892, 30.6580142975, 19.6650714874, 17.0648574829, 16.7955722809, 27.4058837891, 35.4438743591, 27.1558513641, 22.3204727173, 20.4981117249, 18.272359848, 10.9373979568, 5.94423151016, 4.84247732162, 3.60885119438, 3.96365642548, 3.19250392914, 3.19236731529, 2.53950643539, 1.66181850433, 0.704685389996, 0.269946306944, 0.0989020317793, 0.0700578466058, 0.0341744720936, 0.00883475504816, 0.00118056859355, 5.04764248035e-05], "max": [3.79827141762, 23.216999054, 52.4105873108, 65.5406036377, 109.561103821, 173.879959106, 297.077178955, 313.286773682, 239.565414429, 914.637145996, 2188.45874023, 5910.55712891, 2531.55419922, 4624.53955078, 1785.99377441, 1641.04101562, 1510.03735352, 3825.04248047, 3113.65551758, 1999.36279297, 1013.14196777, 699.716674805, 733.413574219, 353.774169922, 239.43460083, 350.187438965, 182.230377197, 209.66178894, 215.131134033, 155.161911011, 151.489425659, 211.200958252, 121.604202271, 80.5764694214, 20.9134559631, 3.44075298309, 1.92066323757, 0.36209076643, 0.0742956623435, 0.00268832268193], "var": [0.103376097977, 3.53296232224, 10.4986171722, 18.9213523865, 33.1838111877, 58.5752639771, 151.162353516, 119.853637695, 84.8133621216, 1227.54382324, 11248.6679688, 6397.47558594, 9854.53710938, 28382.0253906, 4214.96826172, 3022.85107422, 3321.58251953, 13167.1005859, 17380.0351562, 8466.93359375, 3804.12744141, 2609.65014648, 2085.97924805, 672.523620605, 219.823913574, 250.945587158, 126.686973572, 131.902770996, 85.7972488403, 76.9469909668, 52.9546890259, 28.1580810547, 8.49619483948, 2.25024104118, 0.160249352455, 0.0348973125219, 0.00897604040802, 0.000620434002485, 1.15299235404e-05, 1.90334805694e-08], "mean": [0.123434334993, 0.7762144804, 1.42687177658, 2.43909192085, 3.09472870827, 4.05210018158, 4.78907108307, 4.15958786011, 3.51231265068, 9.95675563812, 23.9239349365, 17.7034740448, 24.6814899445, 40.2688713074, 24.0504722595, 20.512052536, 23.8601837158, 35.9783096313, 45.7174530029, 37.4081611633, 29.0555934906, 24.1993579865, 22.0575618744, 13.4506177902, 7.94260215759, 7.49587106705, 5.51650571823, 5.25918769836, 4.10131168365, 3.92473530769, 2.98213028908, 1.94334864616, 0.845418155193, 0.336921721697, 0.124590530992, 0.0783681571484, 0.0347337163985, 0.00875614397228, 0.0011904904386, 6.560303882e-05]}, "spectral_strongpeak": {"dmean2": 0.862448632717, "median": 0.286401629448, "min": 0, "dvar2": 2.17080283165, "dvar": 0.97583425045, "dmean": 0.535448729992, "max": 17.5009479523, "var": 1.88212251663, "mean": 0.813085436821}, "spectral_energy": {"dmean2": 0.0097179133445, "median": 0.00860412046313, "min": 9.796458322e-21, "dvar2": 0.000259933673078, "dvar": 0.000147765284055, "dmean": 0.00726205343381, "max": 0.299400448799, "var": 0.000453682383522, "mean": 0.016341984272}, "average_loudness": 0.73388504982, "spectral_rolloff": {"dmean2": 1149.61962891, "median": 1851.85546875, "min": 64.599609375, "dvar2": 2794730, "dvar": 1339511.875, "dmean": 724.719360352, "max": 19767.4804688, "var": 7274436, "mean": 2342.77148438}, "spectral_centroid": {"dmean2": 507.557983398, "median": 1731.8269043, "min": 142.867904663, "dvar2": 330852, "dvar": 169635.609375, "dmean": 347.145294189, "max": 11735.5048828, "var": 1901569, "mean": 1872.81420898}, "pitch_salience": {"dmean2": 0.124452024698, "median": 0.601660490036, "min": 0.0554382950068, "dvar2": 0.0147513654083, "dvar": 0.00673613091931, "dmean": 0.0813505128026, "max": 0.905894875526, "var": 0.0194176677614, "mean": 0.577850461006}, "spectral_energyband_middle_high": {"dmean2": 0.00499373441562, "median": 0.00165140675381, "min": 1.08967505064e-21, "dvar2": 9.87969178823e-05, "dvar": 4.95001768286e-05, "dmean": 0.00351408496499, "max": 0.136546850204, "var": 0.000119274802273, "mean": 0.00591194676235}, "spectral_contrast_coeffs": {"dmean2": [0.0760122537613, 0.0769719481468, 0.0652252286673, 0.0535197518766, 0.038621429354, 0.0330547057092], "median": [-0.687919914722, -0.758861303329, -0.794973134995, -0.795756816864, -0.807241559029, -0.75470161438], "min": [-0.976910948753, -0.980189561844, -0.991373240948, -0.9713960886, -0.968237817287, -0.965224802494], "dvar2": [0.00420625275001, 0.00419441284612, 0.00287327659316, 0.00198209728114, 0.00118720601313, 0.000960344623309], "dvar": [0.00185976608191, 0.00177215819713, 0.00126670312602, 0.000914126459975, 0.000497943779919, 0.000419912714278], "dmean": [0.0492436662316, 0.0482296012342, 0.0413318350911, 0.0342752747238, 0.0243464037776, 0.020942190662], "max": [-0.268063485622, -0.288305073977, -0.43976315856, -0.496436655521, -0.60635304451, -0.538079559803], "var": [0.0117406118661, 0.00886967498809, 0.00634202873334, 0.00510614505038, 0.00234897853807, 0.00283348513767], "mean": [-0.680998086929, -0.750283360481, -0.782612264156, -0.784114718437, -0.802375257015, -0.758410334587]}, "melbands_skewness": {"dmean2": 1.48075914383, "median": 1.39016163349, "min": -2.49886059761, "dvar2": 3.95158934593, "dvar": 1.96331179142, "dmean": 1.02598118782, "max": 23.3301296234, "var": 6.37