{"metadata": {"tags": {"mood": ["Unknown"], "writer": ["John Lennon", "Paul McCartney"], "genre": ["Jazz"], "initialkey": ["F"], "album": ["Songs of the Beatles"], "musicbrainz_workid": ["7635e382-80e0-334b-becd-9cccc8d979ed"], "musicbrainz album type": ["album"], "work": ["The Long and Winding Road"], "albumartistsort": ["Vaughan, Sarah"], "musicbrainz album release country": ["US"], "acoustid_id": ["60935a30-920d-4d29-a085-73bad59d89c9"], "musicbrainz_artistid": ["351d8bdf-33a1-45e2-8c04-c85fad20da55"], "musicbrainz_releasegroupid": ["5e4838fa-07f1-3b93-8c9d-e7107774108b"], "musicbrainz_recordingid": ["1a20f9a8-0010-4448-a382-32de916c0ccf"], "musicbrainz album status": ["official"], "albumartist": ["Sarah Vaughan"], "contentgroup": ["Jazz"], "artist": ["Sarah Vaughan"], "bpm": ["122"], "musicbrainz_albumid": ["f088ce44-62fb-4c68-a1e3-e2975eb87f52"], "artistsort": ["Vaughan, Sarah"], "title": ["The Long and Winding Road"], "tracknumber": ["11/13"], "musicbrainz_albumartistid": ["351d8bdf-33a1-45e2-8c04-c85fad20da55"], "discnumber": ["1/1"], "date": ["1981"], "media": ["CD"], "file_name": "11. Sarah Vaughan ~ The Long and Winding Road.mp3", "language": ["eng"], "script": ["Latn"]}, "audio_properties": {"sample_rate": 44100, "downmix": "mix", "lossless": false, "analysis_sample_rate": 44100, "md5_encoded": "9ae8b80e2a2e92e1b7d79965f48ca4de", "equal_loudness": 0, "replay_gain": -3.01140785217, "codec": "mp3", "bit_rate": 251266, "length": 189.62286377}, "version": {"extractor": "music 1.0", "essentia_build_sha": "2d9f1f26377add8aeb1075a9c2973f962c4f09fd", "essentia_git_sha": "v2.1_beta2-1-ge3940c0", "essentia": "2.1-beta2"}}, "rhythm": {"beats_loudness_band_ratio": {"dvar2": [0.053508259356, 0.0631613507867, 0.0863193050027, 0.0539943613112, 0.0130873797461, 0.000664639112074], "var": [0.0367394648492, 0.0548537708819, 0.061149071902, 0.0254394672811, 0.00611941656098, 0.000557782070246], "min": [0.00379302096553, 0.00397129682824, 0.000137216658914, 0.00209908024408, 0.000482476956677, 0.000110480039439], "dmean": [0.1219541803, 0.171701386571, 0.181500270963, 0.131160333753, 0.0482355356216, 0.0112548395991], "mean": [0.198788791895, 0.297053903341, 0.304563313723, 0.167338833213, 0.0539396964014, 0.0148275028914], "max": [0.851893544197, 0.964028298855, 0.934661507607, 0.947811245918, 0.696635961533, 0.174052670598], "dmean2": [0.207929551601, 0.284920662642, 0.311612308025, 0.228596687317, 0.0821773335338, 0.0186290796846], "median": [0.11639547348, 0.222731247544, 0.228875175118, 0.114175200462, 0.0240404307842, 0.00560394953936], "dvar": [0.0202901419252, 0.026108013466, 0.0318079292774, 0.0193525571376, 0.00514518842101, 0.000286081456579]}, "bpm_histogram_first_peak_weight": {"dvar2": 0, "var": 0, "min": 0.241895258427, "dmean": 0, "mean": 0.241895258427, "max": 0.241895258427, "dmean2": 0, "median": 0.241895258427, "dvar": 0}, "bpm": 120.8384552, "beats_count": 402, "bpm_histogram_first_peak_spread": {"dvar2": 0, "var": 0, "min": 0.572687268257, "dmean": 0, "mean": 0.572687268257, "max": 0.572687268257, "dmean2": 0, "median": 0.572687268257, "dvar": 0}, "danceability": 0.896165847778, "bpm_histogram_first_peak_bpm": {"dvar2": 0, "var": 0, "min": 120, "dmean": 0, "mean": 120, "max": 120, "dmean2": 0, "median": 120, "dvar": 0}, "beats_position": [0.545668900013, 1.09133780003, 1.63700675964, 2.18267560005, 2.70512461662, 3.22757363319, 3.75002264977, 4.28408145905, 4.78331041336, 5.28253936768, 5.78176879883, 6.26938772202, 6.74539661407, 7.22140598297, 7.69741487503, 8.17342376709, 8.63782310486, 9.12544155121, 9.62467098236, 10.1122903824, 10.6115188599, 11.110748291, 11.6099767685, 12.1208162308, 12.6200447083, 13.1192741394, 13.6185035706, 14.117732048, 14.6169614792, 15.1161899567, 15.6154193878, 16.114648819, 16.6254863739, 17.1363258362, 17.6471652985, 18.1580047607, 18.6688423157, 19.179681778, 19.6905212402, 20.2013607025, 20.7005901337, 21.1998176575, 21.6874370575, 22.1866664886, 22.6858959198, 23.1967334747, 23.707572937, 24.2184123993, 24.7176418304, 25.2168693542, 25.7277088165, 26.2501583099, 26.7842178345, 27.3066654205, 27.8407249451, 28.3283443451, 28.8275737762, 29.3268013, 29.8144207001, 30.3020401001, 30.7896595001, 31.2772789001, 31.7648983002, 32.2757377625, 32.7633552551, 33.2509727478, 33.7385940552, 34.2494316101, 34.7602729797, 35.2594985962, 35.7587280273, 36.2579574585, 36.7571868896, 37.2680282593, 37.755645752, 38.2548751831, 38.7424926758, 39.2417221069, 39.7409515381, 40.2634010315, 40.7742385864, 41.2966880798, 41.7494773865, 42.2138786316, 42.678276062, 43.1426734924, 43.6070747375, 44.071472168, 44.5242614746, 44.9654426575, 45.4066200256, 45.8594093323, 46.1960983276, 46.532787323, 46.8694763184, 47.2061653137, 47.5544662476, 47.9027671814, 48.2394561768, 48.5877532959, 48.9360542297, 49.2843513489, 49.6326522827, 49.9577331543, 50.2828102112, 50.6194992065, 50.9678001404, 51.3044891357, 51.6411781311, 52.1404075623, 52.6396369934, 53.1504745483, 53.661315918, 54.1721534729, 54.6829910278, 55.182220459, 55.6814498901, 56.1806793213, 56.6915168762, 57.2023582458, 57.7131958008, 58.2356452942, 58.7580947876, 59.280544281, 59.8029937744, 60.3254394531, 60.8362808228, 61.3587303162, 61.8811798096, 62.4036254883, 62.9376869202, 63.4717445374, 63.9709739685, 64.470199585, 64.9694290161, 65.4686584473, 65.9678878784, 66.478729248, 66.9663467407, 67.4539642334, 67.9415893555, 68.4059829712, 68.8819961548, 69.358001709, 69.8340148926, 70.2403640747, 70.6583175659, 71.0762786865, 71.4942398071, 71.9005889893, 72.2953262329, 72.701675415, 73.0848083496, 73.4679336548, 73.8510665894, 74.2341918945, 74.6289291382, 75.0236740112, 75.4184112549, 75.8131484985, 76.2078933716, 76.5910186768, 76.9625396729, 77.426940918, 77.9029464722, 78.3905639648, 78.8781814575, 79.3658065796, 79.8534240723, 80.3410415649, 80.8402709961, 81.3395004272, 81.8271179199, 82.3147354126, 82.8023605347, 83.3015823364, 83.8008117676, 84.3000411987, 84.8108825684, 85.321723938, 85.8325576782, 86.3317871094, 86.8310165405, 87.3302459717, 87.8410873413, 88.36353302, 88.8743743896, 89.3271636963, 89.7683410645, 90.2211303711, 90.6623077393, 91.0918807983, 91.5330581665, 91.9626312256, 92.5199050903, 93.0771865845, 93.6344680786, 94.2033538818, 94.7490234375, 95.2946929932, 95.8287506104, 96.3628082275, 96.8620376587, 97.3612670898, 97.8488845825, 98.3481140137, 98.8473434448, 99.3581848145, 99.8458023071, 100.345031738, 100.832649231, 101.366706848, 101.889160156, 102.411605835, 102.910835266, 103.410064697, 103.920906067, 104.443351746, 104.954193115, 105.441810608, 105.941040039, 106.44026947, 106.939498901, 107.438728333, 107.926345825, 108.425575256, 108.924804688, 109.424034119, 109.911651611, 110.399269104, 110.886894226, 111.374511719, 111.87374115, 112.38457489, 112.883804321, 113.383033752, 113.893875122, 114.404716492, 114.915550232, 115.414779663, 115.914009094, 116.401634216, 116.900856018, 117.400085449, 117.89931488, 118.398544312, 118.886169434, 119.373786926, 119.873016357, 120.372245789, 120.87147522, 121.370697021, 121.869926453, 122.369155884, 122.868385315, 123.356010437, 123.84362793, 124.331245422, 124.818862915, 125.318092346, 125.805709839, 126.293327332, 126.780952454, 127.268569946, 127.767799377, 128.267028809, 128.76625061, 129.265487671, 129.753097534, 130.252334595, 130.751556396, 131.239181519, 131.726806641, 132.214416504, 132.702041626, 133.189651489, 133.677276611, 134.164901733, 134.652511597, 135.140136719, 135.627746582, 136.126983643, 136.637817383, 137.137054443, 137.636276245, 138.135513306, 138.61151123, 139.099136353, 139.586761475, 140.085983276, 140.573608398, 141.061218262, 141.537231445, 142.024856567, 142.512466431, 143.000091553, 143.487701416, 143.986938477, 144.47454834, 144.962173462, 145.449798584, 145.937408447, 146.425033569, 146.901046753, 147.377044678, 147.8646698, 148.352294922, 148.839904785, 149.327529907, 149.815139771, 150.302764893, 150.801986694, 151.301223755, 151.788833618, 152.264846802, 152.740859985, 153.228485107, 153.704483032, 154.180496216, 154.644897461, 155.120910645, 155.596908569, 156.072921753, 156.548934937, 157.0365448, 157.512557983, 157.988571167, 158.464584351, 158.940582275, 159.428207397, 159.904220581, 160.380218506, 160.867843628, 161.35546875, 161.854690552, 162.342315674, 162.841537476, 163.340774536, 163.828384399, 164.316009521, 164.803619385, 165.291244507, 165.76725769, 166.254867554, 166.742492676, 167.230117798, 167.7293396, 168.124084473, 168.507202148, 168.890335083, 169.273468018, 169.67980957, 170.074554443, 170.480911255, 170.875640869, 171.247161865, 171.618682861, 171.990203857, 172.361724854, 172.73324585, 173.116363525, 173.487884521, 173.847793579, 174.219314575, 174.590835571, 174.962356567, 175.333877563, 175.682174683, 176.04208374, 176.390380859, 176.750289917, 177.121810913, 177.493331909, 177.853240967, 178.213150024, 178.607894897, 179.002624512, 179.397369385, 179.792098999, 180.186843872, 180.581588745, 180.964706421, 181.347839355, 181.719360352, 182.102493286, 182.485626221, 182.880355835, 183.275100708, 183.669830322, 184.064575195, 184.470932007, 184.87727356, 185.283630371, 185.689971924, 186.096328735, 186.502670288, 186.9090271, 187.326980591, 187.744934082, 188.162902832, 188.569244385, 188.987213135], "beats_loudness": {"dvar2": 0.000937667035032, "var": 0.000580832944252, "min": 5.62178703589e-09, "dmean": 0.0136617533863, "mean": 0.0220671687275, "max": 0.145435795188, "dmean2": 0.0237615965307, "median": 0.0140121728182, "dvar": 0.000319230923196}, "bpm_histogram_second_peak_weight": {"dvar2": 0, "var": 0, "min": 0.0673316717148, "dmean": 0, "mean": 0.0673316717148, "max": 0.0673316717148, "dmean2": 0, "median": 0.0673316717148, "dvar": 0}, "bpm_histogram_second_peak_spread": {"dvar2": 0, "var": 0, "min": 0.25, "dmean": 0, "mean": 0.25, "max": 0.25, "dmean2": 0, "median": 0.25, "dvar": 0}, "bpm_histogram_second_peak_bpm": {"dvar2": 0, "var": 0, "min": 126, "dmean": 0, "mean": 126, "max": 126, "dmean2": 0, "median": 126, "dvar": 0}, "onset_rate": 2.58387899399}, "lowlevel": {"spectral_energyband_high": {"dvar2": 1.75440337813e-08, "var": 7.95579921942e-08, "min": 7.21348588511e-21, "dmean": 3.79515840905e-05, "mean": 0.000136021655635, "max": 0.00570028694347, "dmean2": 5.21523979842e-05, "median": 2.93589291687e-05, "dvar": 1.05159809749e-08}, "spectral_energyband_middle_low": {"dvar2": 5.66813287151e-05, "var": 0.000164607568877, "min": 1.8492497535e-22, "dmean": 0.00269386358559, "mean": 0.0106232305989, "max": 0.127248585224, "dmean2": 0.00397310033441, "median": 0.00636320374906, "dvar": 2.61197037617e-05}, "spectral_energy": {"dvar2": 8.08198965387e-05, "var": 0.000387024192605, "min": 1.00149907157e-20, "dmean": 0.00347238080576, "mean": 0.0174218770117, "max": 0.154049009085, "dmean2": 0.00495684333146, "median": 0.0108844283968, "dvar": 3.96382711187e-05}, "spectral_spread": {"dvar2": 785806786560, "var": 7575315677180.0, "min": 816867, "dmean": 355915.125, "mean": 3556466, "max": 42039424, "dmean2": 531980.1875, "median": 3214180, "dvar": 428122570752}, "spectral_energyband_low": {"dvar2": 1.30200978674e-05, "var": 1.27743951452e-05, "min": 9.32942878572e-24, "dmean": 0.000469233462354, "mean": 0.00185853755102, "max": 0.0611162558198, "dmean2": 0.000723073491827, "median": 0.000676186464261, "dvar": 5.64617630516e-06}, "spectral_rolloff": {"dvar2": 451200.28125, "var": 1756726.875, "min": 21.533203125, "dmean": 163.246871948, "mean": 1076.52355957, "max": 19681.3476563, "dmean2": 279.414916992, "median": 882.861328125, "dvar": 196817.78125}, "barkbands": {"dvar2": [1.33728361718e-09, 5.81508538744e-06, 3.36804509971e-06, 1.42206522469e-06, 7.17393004379e-06, 1.02498752312e-05, 5.74229579797e-06, 8.18341504782e-06, 2.78866882581e-05, 1.14197600851e-05, 5.2322452575e-06, 2.84544921669e-06, 7.26306416254e-06, 2.32042634707e-06, 1.07614800982e-06, 2.13169855101e-07, 1.48096674479e-07, 7.70980008724e-08, 4.40419398728e-08, 7.65139240855e-09, 1.93345872646e-09, 1.82413839589e-09, 1.36174616028e-09, 9.76090874794e-10, 4.99409291699e-10, 8.84837481063e-11, 2.39062172835e-11], "var": [2.22305995834e-08, 2.60241404249e-06, 3.83339965992e-06, 1.60799561399e-06, 1.13938776849e-05, 3.68572691514e-05, 1.91017315956e-05, 2.55716095126e-05, 3.5761793697e-05, 2.85809765046e-05, 8.42368081067e-06, 3.95293454858e-06, 1.25343449326e-05, 2.84161569652e-06, 1.25023018427e-06, 3.47029043724e-07, 3.85134427461e-07, 1.69438251874e-07, 8.30814457231e-08, 3.83488902855e-08, 5.90757709418e-09, 8.07374878065e-09, 4.02312760883e-09, 2.71466293889e-09, 8.68707994428e-10, 8.44108116738e-11, 1.2545663293e-11], "min": [4.38829467205e-25, 5.1702886417e-24, 1.5543644279e-24, 1.25440746426e-24, 6.85605323615e-24, 1.02170479765e-23, 8.68645744972e-24, 1.51700776196e-23, 1.69431671441e-23, 2.17919148975e-23, 2.28310513913e-23, 2.8836715727e-23, 3.5886011486e-23, 3.63072758311e-23, 7.61248059857e-23, 6.18620935342e-23, 7.79955738452e-23, 1.08314161627e-22, 1.4623882004e-22, 2.08453906741e-22, 2.0622876363e-22, 3.56132656679e-22, 3.81431589992e-22, 5.6997560674e-22, 8.75314708801e-22, 1.38087039416e-21, 2.04260801796e-21], "dmean": [1.5238189917e-05, 0.000236132516875, 0.000215364721953, 0.000229403172852, 0.000811073754448, 0.000967025291175, 0.000493143161293, 0.000647233449854, 0.00090481195366, 0.000544920680113, 0.000401476951083, 0.000307820446324, 0.00047714705579, 0.000236587497056, 0.000172105181264, 9.24992491491e-05, 8.15608364064e-05, 6.08254558756e-05, 3.80176679755e-05, 1.67719408637e-05, 1.02883877844e-05, 1.22282617667e-05, 8.03443163022e-06, 7.837747944e-06, 4.52111089544e-06, 1.7014773448e-06, 6.14844850588e-07], "mean": [0.000349361245753, 0.000532556325197, 0.000926788023207, 0.00063287105877, 0.00197649374604, 0.00268870149739, 0.0011977951508, 0.00172565225512, 0.00200043502264, 0.00125284667592, 0.000821040885057, 0.000625051907264, 0.00109553523362, 0.000448092643637, 0.00033048671321, 0.000207214019611, 0.000207293269341, 0.000139057287015, 9.39116507652e-05, 4.72157153126e-05, 2.74377161986e-05, 3.65174710169e-05, 2.35533098021e-05, 2.1510224542e-05, 1.05863255158e-05, 3.167753448e-06, 7.04977765054e-07], "max": [0.000783885712735, 0.0433040857315, 0.0376016236842, 0.0236747711897, 0.0534786768258, 0.0682028830051, 0.0884326696396, 0.0653732568026, 0.0950083881617, 0.101521007717, 0.0838453099132, 0.0326944440603, 0.0490735769272, 0.0318033471704, 0.0331659689546, 0.00977832823992, 0.00944806262851, 0.0100690005347, 0.010212438181, 0.00353350071236, 0.00160655134823, 0.00166204455309, 0.0010711660143, 0.000794793711975, 0.000687371299136, 0.000186319040949, 0.00015604357759], "dmean2": [2.60499346041e-05, 0.000394023081753, 0.000341881328495, 0.000377929507522, 0.0013002215419, 0.00139648281038, 0.000659877434373, 0.000890316267032, 0.00127815885935, 0.000731485139113, 0.000575378886424, 0.00044135202188, 0.000702795747202, 0.000342236831784, 0.000266219401965, 0.000143656376167, 0.000121899465739, 9.17910947464e-05, 5.61469787499e-05, 2.43519953074e-05, 1.51251342686e-05, 1.74736942427e-05, 1.15801494758e-05, 1.11917415779e-05, 6.54641780784e-06, 2.49635854743e-06, 9.2867787771e-07], "median": [0.000378132768674, 0.000114039452455, 0.000182919699, 0.00011576176621, 0.000929716799874, 0.000824359303806, 0.000191160128452, 0.000263520661974, 0.000263993395492, 0.000116942217574, 0.000121508390293, 5.69965777686e-05, 9.02414467419e-05, 2.62721514446e-05, 3.60660269507e-05, 2.22109702008e-05, 2.75917263934e-05, 1.85498047358e-05, 1.46279253386e-05, 4.50809375252e-06, 4.88813475386e-06, 6.48742843623e-06, 3.29133172272e-06, 3.20217714034e-06, 1.60832234997e-06, 4.08852287137e-07, 1.04239106236e-07], "dvar": [4.42866576744e-10, 2.42581654675e-06, 1.25523285988e-06, 5.56435054477e-07, 3.12395764013e-06, 5.74621890337e-06, 3.84223403671e-06, 4.78332276543e-06, 1.23245699797e-05, 6.74672992318e-06, 2.86411341222e-06, 1.38989162224e-06, 3.14605540552e-06, 1.05541153061e-06, 4.69069419751e-07, 8.82159554294e-08, 9.02784051959e-08, 4.02854212211e-08, 2.57409631388e-08, 4.58148319282e-09, 1.02604869046e-09, 9.51962508822e-10, 6.86268708527e-10, 4.9485315845e-10, 2.66387439884e-10, 4.11401468448e-11, 1.08557364487e-11]}, "melbands_skewness": {"dvar2": 0.385855436325, "var": 2.04241776466, "min": -3.40611195564, "dmean": 0.386297106743, "mean": 1.65156960487, "max": 10.2662143707, "dmean2": 0.563583433628, "median": 1.40039992332, "dvar": 0.187181979418}, "barkbands_skewness": {"dvar2": 0.218767076731, "var": 1.11106395721, "min": -4.59185028076, "dmean": 0.308928310871, "mean": 0.86302947998, "max": 6.34022140503, "dmean2": 0.445280134678, "median": 0.772560894489, "dvar": 0.112062208354}, "erbbands": {"dvar2": [0.00154594914056, 0.419075012207, 3.96628165245, 9.03579044342, 44.4214630127, 108.626159668, 433.204986572, 1123.09631348, 936.407592773, 2750.03198242, 3381.50732422, 19326.9296875, 10092.5244141, 7098.35986328, 4612.53662109, 4484.68652344, 15224.3115234, 5993.16503906, 3361.48095703, 1349.21936035, 284.936218262, 187.103622437, 328.671966553, 82.4532394409, 134.701553345, 11.3099765778, 4.07674360275, 2.36033344269, 2.06546521187, 2.22983551025, 1.16521179676, 0.491574317217, 0.327338516712, 0.107400901616, 0.0199076328427, 0.00278648594394, 0.000277783110505, 1.75827681232e-05, 5.03017986375e-07, 6.3138649864e-09], "var": [0.000675653049257, 0.190660759807, 2.85695457458, 13.7221298218, 39.5097084045, 184.45501709, 807.94342041, 4247.41601563, 3307.21337891, 5934.23291016, 13923.3232422, 22846.2402344, 20600.8183594, 27582.8085938, 8708.8671875, 6497.46923828, 29593.3164063, 7678.66748047, 5549.83886719, 1539.18066406, 506.903717041, 507.793182373, 684.11706543, 235.046707153, 263.620605469, 28.3003005981, 13.8719453812, 8.03217315674, 6.22974395752, 9.79349517822, 4.63167095184, 0.931019306183, 1.05927574635, 0.141802936792, 0.0598405599594, 0.00351429008879, 0.000223814800847, 7.58128635425e-06, 2.53433796615e-07, 4.20388479583e-09], "min": [1.25358454429e-22, 9.26939281051e-22, 1.7392716381e-21, 6.60839680468e-21, 1.97138045669e-20, 1.51357766979e-20, 5.05260982076e-20, 9.38024494846e-20, 1.64691181746e-19, 3.98524995027e-19, 4.9773179027e-19, 5.45332208812e-19, 7.90008821885e-19, 9.91269051051e-19, 1.29621952363e-18, 1.62466492413e-18, 1.90469751133e-18, 1.86144361671e-18, 3.75088522921e-18, 3.56338489104e-18, 4.66970545951e-18, 5.13249522785e-18, 5.60567521187e-18, 5.38969669957e-18, 8.71748111341e-18, 8.88803665673e-18, 9.67557050252e-18, 8.87967303355e-18, 1.32687347228e-17, 1.13765491454e-17, 1.08776748636e-17, 1.16251516611e-17, 1.02924420987e-17, 8.5987252744e-18, 6.84336777805e-18, 4.22326491598e-18, 2.4024290431e-18, 9.86924698474e-19, 2.78673322659e-19, 2.80622541461e-20], "dmean": [0.00398779893294, 0.0631155818701, 0.22057826817, 0.496615350246, 1.47358560562, 2.95730447769, 6.86033773422, 8.47700977325, 6.73145008087, 9.93019771576, 13.9369249344, 23.2290344238, 15.3377952576, 15.7315216064, 15.0810718536, 12.8120079041, 21.9612522125, 12.6733951569, 9.99858379364, 6.41975641251, 3.78785872459, 3.17650461197, 3.67894506454, 2.09392619133, 1.65840196609, 0.62344700098, 0.393720030785, 0.392671525478, 0.40897411108, 0.369450598955, 0.216098979115, 0.150317057967, 0.143434777856, 0.0612168908119, 0.0285993162543, 0.0103169204667, 0.00265040551312, 0.000469332648208, 8.54885220178e-05, 1.18169300549e-05], "mean": [0.00885012652725, 0.154362350702, 0.843008816242, 1.8388671875, 3.23296952248, 6.92105293274, 16.3007717133, 23.3693122864, 18.7678089142, 24.7623386383, 37.8453445435, 53.2082748413, 33.9391059875, 39.3395957947, 34.5484390259, 29.628036499, 52.9381599426, 28.5563430786, 21.670797348, 14.5953903198, 10.0780830383, 9.03050136566, 9.05043315887, 5.55662822723, 4.66670846939, 1.7871761322, 1.04498898983, 1.12143337727, 1.17935597897, 1.11944210529, 0.663896024227, 0.413822114468, 0.39073190093, 0.138966083527, 0.0721033588052, 0.021394316107, 0.00474931718782, 0.000655981886666, 0.000109620246803, 3.03051292576e-05], "max": [0.776134729385, 11.9077796936, 37.3397941589, 70.6379394531, 87.1800003052, 316.896118164, 399.645324707, 780.32043457, 1369.47924805, 2393.50439453, 1739.02111816, 2399.52880859, 3439.88891602, 4326.91162109, 1508.74499512, 1488.98925781, 2650.03613281, 1584.89379883, 2212.98266602, 586.818908691, 301.364379883, 346.69921875, 700.436645508, 345.754455566, 615.47052002, 152.108322144, 108.73474884, 66.401725769, 35.0967903137, 45.1832008362, 33.3976287842, 23.0357189178, 15.4725236893, 9.6331615448, 5.04851150513, 1.15421783924, 0.385600179434, 0.118487752974, 0.0227632056922, 0.00268442975357], "dmean2": [0.0066137961112, 0.105351813138, 0.357175439596, 0.788392066956, 2.49424648285, 4.50116634369, 10.3778743744, 11.9200620651, 8.60543632507, 13.5662708282, 18.6602077484, 32.8562583923, 19.9471721649, 20.6638431549, 21.5089702606, 17.9792118073, 31.9130649567, 18.4883232117, 14.6708030701, 9.80032444, 5.79939413071, 4.64473152161, 5.41430902481, 2.99943709373, 2.43707680702, 0.918112635612, 0.572241723537, 0.574739933014, 0.597092986107, 0.529182612896, 0.309780657291, 0.216166839004, 0.203774943948, 0.0886396020651, 0.0413205251098, 0.0149761885405, 0.00397179601714, 0.000710575666744, 0.000130213113152, 1.75580062205e-05], "median": [0.00248695607297, 0.0353097096086, 0.221359580755, 0.427999436855, 0.967943787575, 2.81562852859, 7.37217330933, 5.59369850159, 4.01680660248, 4.85329532623, 6.9768409729, 8.72230911255, 5.17139720917, 5.08368396759, 6.65419244766, 4.16386127472, 5.50662612915, 3.05165672302, 2.69428873062, 1.72895801067, 1.68551790714, 1.57834136486, 1.35855722427, 0.949935436249, 0.639667272568, 0.268230021, 0.181937783957, 0.209013521671, 0.224677324295, 0.179441064596, 0.0875292271376, 0.0623234733939, 0.0527228042483, 0.024780254811, 0.00833851005882, 0.00287697836757, 0.00054085656302, 8.10190613265e-05, 2.15498221223e-05, 1.57825124916e-05], "dvar": [0.000648189568892, 0.173511579633, 1.46375954151, 3.71553778648, 15.4601268768, 50.0262184143, 190.838119507, 677.159851074, 620.085754395, 1547.53308105, 2189.63232422, 8102.92138672, 6006.69677734, 4323.43115234, 2374.31079102, 2058.69555664, 6707.82861328, 2604.05517578, 1656.61987305, 499.788238525, 123.813499451, 110.126876831, 180.187316895, 48.9309577942, 78.9617919922, 5.62372636795, 2.40740799904, 1.21270728111, 1.04077637196, 1.18621730804, 0.597831845284, 0.235929518938, 0.171717494726, 0.0538276322186, 0.0112187080085, 0.00134286552202, 0.000121287863294, 7.1310819294e-06, 2.20190727873e-07, 2.93410074015e-09]}, "silence_rate_30dB": {"dvar2": 0.00925268605351, "var": 0.00535830622539, "min": 0, "dmean": 0.003673319472, "mean": 0.994613111019, "max": 1, "dmean2": 0.00734753860161, "median": 1, "dvar": 0.00365973240696}, "melbands_spread": {"dvar2": 41.5059242249, "var": 188.11932373, "min": 0.907891094685, "dmean": 3.0896422863, "mean": 16.4419231415, "max": 152.653259277, "dmean2": 4.52837657928, "median": 12.9317340851, "dvar": 21.0844268799}, "melbands_crest": {"dvar2": 13.9596652985, "var": 35.7548484802, "min": 1.63948786259, "dmean": 2.4386305809, "mean": 15.0762014389, "max": 33.6821861267, "dmean2": 3.77588915825, "median": 13.721950531, "dvar": 6.01764440536}, "zerocrossingrate": {"dvar2": 9.0821115009e-05, "var": 0.00133930938318, "min": 0.0009765625, "dmean": 0.00468796631321, "mean": 0.0422283783555, "max": 0.52392578125, "dmean2": 0.00571257947013, "median": 0.03564453125, "dvar": 6.08998343523e-05}, "barkbands_kurtosis": {"dvar2": 16.0833835602, "var": 40.2981643677, "min": -1.6918451786, "dmean": 1.58238220215, "mean": 3.65755343437, "max": 71.9210281372, "dmean2": 2.36085939407, "median": 1.85212123394, "dvar": 7.41529893875}, "spectral_flux": {"dvar2": 0.00097264238866, "var": 0.00175660278182, "min": 6.33862545785e-11, "dmean": 0.0155493309721, "mean": 0.0473916009068, "max": 0.295285850763, "dmean2": 0.0241233017296, "median": 0.0364039763808, "dvar": 0.000397384981625}, "barkbands_crest": {"dvar2": 8.81436443329, "var": 22.7029914856, "min": 2.99797344208, "dmean": 1.8937536478, "mean": 11.5943698883, "max": 26.0574874878, "dmean2": 2.91782402992, "median": 10.4928426743, "dvar": 3.82634401321}, "barkbands_flatness_db": {"dvar2": 0.000405556871556, "var": 0.00406835088506, "min": 0.0405390672386, "dmean": 0.014390302822, "mean": 0.19370034337, "max": 0.418801873922, "dmean2": 0.0209259521216, "median": 0.18568149209, "dvar": 0.000206777374842}, "spectral_entropy": {"dvar2": 0.0503073707223, "var": 0.366094321012, "min": 4.4362206459, "dmean": 0.146172165871, "mean": 6.61994934082, "max": 9.81827545166, "dmean2": 0.21496373415, "median": 6.66817378998, "dvar": 0.0247517880052}, "pitch_salience": {"dvar2": 0.0047285403125, "var": 0.0149605385959, "min": 0.0749468654394, "dmean": 0.0477165542543, "mean": 0.519346117973, "max": 0.885615348816, "dmean2": 0.07375626266, "median": 0.524446368217, "dvar": 0.00215095398016}, "erbbands_spread": {"dvar2": 38.0096893311, "var": 154.261779785, "min": 0.76258045435, "dmean": 3.39065980911, "mean": 20.51603508, "max": 124.35231781, "dmean2": 4.96162223816, "median": 17.8782558441, "dvar": 18.5710773468}, "dynamic_complexity": 6.00562953949, "spectral_contrast_valleys": {"dvar2": [0.27132409811, 0.184211134911, 0.185160830617, 0.166275128722, 0.125096037984, 0.129679650068], "var": [4.25778388977, 3.58047676086, 3.30919265747, 3.32741379738, 3.02361726761, 2.5797085762], "min": [-27.5980110168, -27.8797283173, -27.6530647278, -27.6701545715, -27.5412273407, -27.3492279053], "dmean": [0.33578556776, 0.288882762194, 0.287589669228, 0.257469266653, 0.208294674754, 0.202172473073], "mean": [-8.95146179199, -7.62072658539, -8.49052238464, -9.25947284698, -9.63269042969, -11.7809677124], "max": [-5.26727628708, -4.90259456635, -5.19838047028, -5.93477487564, -6.615442276, -8.57163524628], "dmean2": [0.567208349705, 0.465477317572, 0.459104627371, 0.413727849722, 0.320502668619, 0.286369413137], "median": [-8.33919143677, -7.20309686661, -8.11970329285, -8.85424804688, -9.32597827911, -11.483133316], "dvar": [0.118880130351, 0.0911883935332, 0.095219142735, 0.0854960381985, 0.0686765834689, 0.0748816877604]}, "hfc": {"dvar2": 47.7213668823, "var": 291.45513916, "min": 1.09351119692e-16, "dmean": 2.58686256409, "mean": 12.6438331604, "max": 145.604324341, "dmean2": 3.56334495544, "median": 6.40462875366, "dvar": 24.8026103973}, "spectral_kurtosis": {"dvar2": 50.8409805298, "var": 174.926651001, "min": -1.24738049507, "dmean": 3.43104934692, "mean": 13.8245983124, "max": 113.602157593, "dmean2": 5.81701183319, "median": 9.29003810883, "dvar": 18.5658550262}, "mfcc": {"mean": [-747.228515625, 150.760665894, -3.64687633514, -4.07000303268, -4.72595643997, -3.528673172, -10.2021074295, -0.681062221527, -8.89148712158, -6.10322809219, 1.79213881493, -0.409751623869, 0.0790594667196], "cov": [[14744.1992188, 200.417007446, -494.767669678, 951.194763184, 432.019439697, 404.761810303, 109.632820129, 612.361694336, 107.281799316, 80.6527633667, -4.35339450836, -519.392578125, -813.997680664], [200.417007446, 1620.55944824, 56.4282684326, -175.846511841, -4.66621112823, 0.690252125263, 24.5402565002, -65.2268981934, 39.2430915833, 26.8707675934, 7.56807661057, -29.6122112274, -109.082931519], [-494.767669678, 56.4282684326, 472.069458008, 20.3723564148, -17.9972076416, 37.2639961243, -0.246531367302, 6.43851804733, 17.1052780151, -27.2512111664, -51.9472923279, -10.4460420609, -35.7429237366], [951.194763184, -175.846511841, 20.3723564148, 467.51083374, 192.596084595, 63.743396759, -12.3173837662, 77.5613327026, 45.4017219543, -30.0679931641, -90.5396270752, -52.5153388977, -28.7896575928], [432.019439697, -4.66621112823, -17.9972076416, 192.596084595, 468.13772583, 126.272705078, -51.9075088501, 15.7159833908, 80.6471328735, 8.74003124237, -74.3603897095, -13.9604949951, -49.8401298523], [404.761810303, 0.690252125263, 37.2639961243, 63.743396759, 126.272705078, 248.133850098, 72.6988830566, 25.3774108887, 16.1770515442, -0.143792629242, -8.85016441345, -1.96955645084, -40.3851890564], [109.632820129, 24.5402565002, -0.246531367302, -12.3173837662, -51.9075088501, 72.6988830566, 252.714492798, 55.5708732605, -46.2814788818, -3.02943754196, 30.4589672089, -15.8105535507, 11.6276445389], [612.361694336, -65.2268981934, 6.43851804733, 77.5613327026, 15.7159833908, 25.3774108887, 55.5708732605, 185.201599121, 27.6848182678, -21.6956939697, -30.0993328094, -49.9091110229, -26.3624134064], [107.281799316, 39.2430915833, 17.1052780151, 45.4017219543, 80.6471328735, 16.1770515442, -46.2814788818, 27.6848182678, 197.847183228, 43.8232002258, -45.0494842529, -22.9161167145, -48.5506744385], [80.6527633667, 26.8707675934, -27.2512111664, -30.0679931641, 8.74003124237, -0.143792629242, -3.02943754196, -21.6956939697, 43.8232002258, 179.228149414, 68.3799438477, -19.5755786896, -41.9170417786], [-4.35339450836, 7.56807661057, -51.9472923279, -90.5396270752, -74.3603897095, -8.85016441345, 30.4589672089, -30.0993328094, -45.0494842529, 68.3799438477, 188.326065063, 23.3519935608, -23.3376197815], [-519.392578125, -29.6122112274, -10.4460420609, -52.5153388977, -13.9604949951, -1.96955645084, -15.8105535507, -49.9091110229, -22.9161167145, -19.5755786896, 23.3519935608, 160.851531982, 83.2694702148], [-813.997680664, -109.082931519, -35.7429237366, -28.7896575928, -49.8401298523, -40.3851890564, 11.6276445389, -26.3624134064, -48.5506744385, -41.9170417786, -23.3376197815, 83.2694702148, 220.492980957]], "icov": [[0.00012575519213, -3.25978580804e-05, 0.000186079458217, -0.000211740334635, 5.35382278031e-05, -0.000138677773066, 6.53795941616e-05, -0.000297748949379, 0.000124151541968, -2.23960632866e-05, -1.25039650811e-05, 7.37512964406e-05, 0.000392201618524], [-3.25978580804e-05, 0.000705649843439, -0.000103947568277, 0.000364994601114, -0.000103554441012, 0.0001211803974, -0.000237129075686, 0.000378502008971, -0.000176822315552, 5.92639007664e-05, 0.000149614614202, 3.29068243445e-05, 0.00029185283347], [0.000186079458217, -0.000103947568277, 0.00258754566312, -0.000388413376641, 0.000506013457198, -0.000662531296257, 0.000154354376718, -0.000319851853419, 0.000120695251098, 0.000132348475745, 0.000756277528126, -7.74410364102e-05, 0.00111194315832], [-0.000211740334635, 0.000364994601114, -0.000388413376641, 0.00342771224678, -0.00114523328375, 9.54721981543e-05, -4.9665926781e-05, -0.000263201160124, -0.000193395710085, 0.000249855860602, 0.000769877107814, 0.000485908676637, -0.000583857123274], [5.35382278031e-05, -0.000103554441012, 0.000506013457198, -0.00114523328375, 0.00340660195798, -0.00172021135222, 0.000866598857101, 9.11918396014e-05, -0.000468711165013, -0.000392240297515, 0.000868419301696, -0.00031528819818, 0.000532281701453], [-0.000138677773066, 0.0001211803974, -0.000662531296257, 9.54721981543e-05, -0.00172021135222, 0.00593118835241, -0.00221882783808, 0.000370920839487, -0.000280114123598, 0.000195317086764, -6.73243848723e-05, -0.000955210591201, 0.000640990561806], [6.53795941616e-05, -0.000237129075686, 0.000154354376718, -4.9665926781e-05, 0.000866598857101, -0.00221882783808, 0.0055916341953, -0.0019608035218, 0.00121161853895, -0.000264121394139, -0.000757242902182, 0.000794888997916, -0.000760997645557], [-0.000297748949379, 0.000378502008971, -0.000319851853419, -0.000263201160124, 9.11918396014e-05, 0.000370920839487, -0.0019608035218, 0.00791264418513, -0.00160194654018, 0.0012058201246, 0.000346729037119, 0.00138861557934, -0.000471383478725], [0.000124151541968, -0.000176822315552, 0.000120695251098, -0.000193395710085, -0.000468711165013, -0.000280114123598, 0.00121161853895, -0.00160194654018, 0.00710854586214, -0.00245505431667, 0.00212746416219, -0.000453194748843, 0.00144733756315], [-2.23960632866e-05, 5.92639007664e-05, 0.000132348475745, 0.000249855860602, -0.000392240297515, 0.000195317086764, -0.000264121394139, 0.0012058201246, -0.00245505431667, 0.007872344926, -0.00334206293337, 0.00133271201048, 0.000204891024623], [-1.25039650811e-05, 0.000149614614202, 0.000756277528126, 0.000769877107814, 0.000868419301696, -6.73243848723e-05, -0.000757242902182, 0.000346729037119, 0.00212746416219, -0.00334206293337, 0.0086212484166, -0.00200520805083, 0.00201920024119], [7.37512964406e-05, 3.29068243445e-05, -7.74410364102e-05, 0.000485908676637, -0.00031528819818, -0.000955210591201, 0.000794888997916, 0.00138861557934, -0.000453194748843, 0.00133271201048, -0.00200520805083, 0.00918742548674, -0.00331099005416], [0.000392201618524, 0.00029185283347, 0.00111194315832, -0.000583857123274, 0.000532281701453, 0.000640990561806, -0.000760997645557, -0.000471383478725, 0.00144733756315, 0.000204891024623, 0.00201920024119, -0.00331099005416, 0.0082748439163]]}, "silence_rate_20dB": {"dvar2": 0, "var": 0, "min": 1, "dmean": 0, "mean": 1, "max": 1, "dmean2": 0, "median": 1, "dvar": 0}, "melbands_kurtosis": {"dvar2": 81.396194458, "var": 233.966873169, "min": -1.74370551109, "dmean": 3.07601737976, "mean": 8.22921466827, "max": 156.136428833, "dmean2": 4.62575626373, "median": 3.87351155281, "dvar": 37.2578697205}, "barkbands_spread": {"dvar2": 19.8713264465, "var": 78.2405548096, "min": 1.06580078602, "dmean": 2.28302145004, "mean": 13.5965471268, "max": 114.301124573, "dmean2": 3.35142683983, "median": 11.5496273041, "dvar": 9.71314144135}, "erbbands_skewness": {"dvar2": 0.255062460899, "var": 0.974295318127, "min": -4.12842512131, "dmean": 0.33008658886, "mean": 0.658245742321, "max": 6.60586261749, "dmean2": 0.480985790491, "median": 0.584522366524, "dvar": 0.122251436114}, "average_loudness": 0.103707544506, "spectral_centroid": {"dvar2": 53759.0507813, "var": 609657.25, "min": 272.623504639, "dmean": 101.461128235, "mean": 901.279724121, "max": 11766.5322266, "dmean2": 146.708145142, "median": 739.307250977, "dvar": 31294.5253906}, "dissonance": {"dvar2": 0.00270243850537, "var": 0.00338961696252, "min": 0.120308771729, "dmean": 0.0328995548189, "mean": 0.4072932899, "max": 0.500000059605, "dmean2": 0.0553629472852, "median": 0.419030427933, "dvar": 0.000978856114671}, "erbbands_flatness_db": {"dvar2": 0.000407754851039, "var": 0.00354415737092, "min": 0.0356881543994, "dmean": 0.0140938358381, "mean": 0.234161585569, "max": 0.464102834463, "dmean2": 0.0198140963912, "median": 0.22935718298, "dvar": 0.000223754963372}, "spectral_strongpeak": {"dvar2": 1.96132421494, "var": 2.92202496529, "min": 0, "dmean": 0.497642040253, "mean": 1.45086109638, "max": 12.5282773972, "dmean2": 0.812905788422, "median": 0.813202500343, "dvar": 0.849012613297}, "spectral_rms": {"dvar2": 4.17950019482e-07, "var": 4.62344132757e-06, "min": 3.12581536176e-12, "dmean": 0.00035377414315, "mean": 0.00351760932244, "max": 0.0122593520209, "dmean2": 0.000500047462992, "median": 0.00325867370702, "dvar": 2.18878909664e-07}, "silence_rate_60dB": {"dvar2": 0.0418146215379, "var": 0.169470667839, "min": 0, "dmean": 0.019591037184, "mean": 0.216209605336, "max": 1, "dmean2": 0.0391868725419, "median": 0, "dvar": 0.019205391407}, "melbands": {"dvar2": [2.81112562561e-07, 8.4823693669e-07, 3.04585455524e-07, 3.38787799592e-07, 3.79272137252e-07, 4.27565851169e-07, 2.02927850523e-07, 3.31331079906e-07, 2.56619586025e-07, 8.0625073906e-07, 2.49339962011e-07, 1.30803641696e-07, 5.55427916993e-08, 4.33171969405e-08, 3.24892042158e-08, 8.64617462071e-08, 2.6555524002e-08, 1.16962679542e-08, 3.42659722818e-09, 2.35771002721e-09, 4.25233098733e-10, 2.52841747539e-10, 5.55839763106e-10, 1.87953666519e-10, 6.92336396546e-11, 1.54409360298e-10, 1.86297938881e-11, 6.76422980128e-12, 2.59359504359e-12, 1.66095143282e-12, 1.16807485993e-12, 1.00748099099e-12, 1.31634904799e-12, 7.10333701581e-13, 4.22665889918e-13, 3.79288966771e-13, 2.09656917478e-13, 2.31606265199e-13, 1.52462976055e-13, 6.74148711573e-14], "var": [1.26631732655e-07, 5.81328549742e-07, 4.3022410523e-07, 4.96512711834e-07, 7.80462471539e-07, 1.79314417892e-06, 7.86220425653e-07, 7.5238028785e-07, 9.68518179434e-07, 9.1022803872e-07, 5.29680448835e-07, 5.12295741828e-07, 1.15906097164e-07, 5.63660691455e-08, 6.96172008929e-08, 1.39357354101e-07, 3.21217896726e-08, 1.8292006132e-08, 3.86759024806e-09, 3.27964766456e-09, 8.3920437266e-10, 6.05065997306e-10, 1.33201061292e-09, 3.67972929904e-10, 1.78456291411e-10, 2.27057886382e-10, 1.16263484951e-10, 1.07083716894e-11, 8.09392049911e-12, 3.72990223776e-12, 3.38905596295e-12, 2.29174405147e-12, 7.33095528727e-12, 1.84651729671e-12, 1.18723629018e-12, 1.34459880296e-12, 3.22969353084e-13, 7.5084702995e-13, 2.67105890357e-13, 8.15440718963e-14], "min": [1.79937062278e-24, 1.0160473239e-24, 1.16007251899e-24, 1.45347907749e-24, 1.68715259521e-24, 2.08863743647e-24, 2.49229223686e-24, 4.88487916062e-24, 3.57833065293e-24, 2.88950559353e-24, 3.55463248247e-24, 3.82275959884e-24, 3.56636244971e-24, 3.00169561653e-24, 3.80867527624e-24, 4.33130943101e-24, 2.75434236324e-24, 4.8766840791e-24, 5.26781472655e-24, 4.30302166781e-24, 4.34795439611e-24, 4.09738574578e-24, 3.53731067472e-24, 3.98085639615e-24, 3.38421525555e-24, 4.94249795557e-24, 5.76796871211e-24, 5.49118779161e-24, 5.06141400386e-24, 5.15482736238e-24, 4.47010201311e-24, 6.31860230142e-24, 6.4282559394e-24, 5.92890895855e-24, 6.4392226837e-24, 5.75597842078e-24, 6.55087095648e-24, 6.52992985489e-24, 6.86806443229e-24, 6.79891130762e-24], "dmean": [5.26276708115e-05, 0.000103732076241, 0.000108567910502, 0.000150991749251, 0.000212961618672, 0.000177822250407, 0.000101282654214, 0.000115353643196, 0.000122086174088, 0.000146079852129, 7.62066265452e-05, 6.71670059091e-05, 4.87900906592e-05, 3.97412404709e-05, 3.66168642358e-05, 5.06974938617e-05, 2.4474273232e-05, 1.81766918104e-05, 1.022340075e-05, 9.24879714148e-06, 4.25224379796e-06, 3.5644163745e-06, 4.49875187769e-06, 2.79079290522e-06, 1.78857965238e-06, 1.53383712131e-06, 8.87422800133e-07, 3.67619037434e-07, 2.69926829333e-07, 2.55426897411e-07, 2.53525996641e-07, 2.5407598514e-07, 2.56087275829e-07, 1.95160609451e-07, 1.32726626134e-07, 1.08881273775e-07, 9.67441451394e-08, 1.16038783915e-07, 7.77749988856e-08, 4.63600251521e-08], "mean": [0.000128579442389, 0.00037514444557, 0.000353626761353, 0.000349214533344, 0.000532404810656, 0.000511500518769, 0.000278753519524, 0.000292286567856, 0.00031573799788, 0.00032209456549, 0.000161815085448, 0.000160084819072, 0.00010862963245, 8.20143031888e-05, 8.45545073389e-05, 0.000111603774712, 4.71114799439e-05, 3.60347876267e-05, 2.01954517252e-05, 2.00700287678e-05, 1.06295829028e-05, 9.46586533246e-06, 1.02782341855e-05, 6.34668367638e-06, 4.20380138166e-06, 3.76655953005e-06, 2.54271958511e-06, 8.57627242112e-07, 6.53585118471e-07, 6.2755378849e-07, 6.66784501391e-07, 6.60059356505e-07, 7.51458060222e-07, 5.27403756223e-07, 3.64322573887e-07, 3.21645046597e-07, 2.35487021882e-07, 3.13268259333e-07, 1.79044690185e-07, 9.34435107069e-08], "max": [0.00909344665706, 0.0153107866645, 0.0108246058226, 0.0133454473689, 0.0142789166421, 0.0153466183692, 0.0206992123276, 0.0226813759655, 0.012166775763, 0.0161699466407, 0.0173241458833, 0.0176962036639, 0.00740759866312, 0.00444689905271, 0.0055413050577, 0.00601392285898, 0.00365183828399, 0.00383854960091, 0.00125591480173, 0.000883843982592, 0.000534188817255, 0.000311913900077, 0.000668790657073, 0.00037276634248, 0.000311986776069, 0.000699158525094, 0.000191738770809, 0.000139783820487, 7.66761368141e-05, 4.84636002511e-05, 2.85373898805e-05, 2.05352280318e-05, 7.32561893528e-05, 2.01143448066e-05, 1.76294652192e-05, 2.26315987675e-05, 1.03199818113e-05, 1.32248351292e-05, 1.13424275696e-05, 7.18195133231e-06], "dmean2": [8.67957278388e-05, 0.00016528343258, 0.00017791884602, 0.000237714702962, 0.000322401087033, 0.000251516117714, 0.000130402462673, 0.000158085545991, 0.00016036935267, 0.000206934317248, 9.86484228633e-05, 8.75436453498e-05, 6.91645400366e-05, 5.57967978239e-05, 5.14622006449e-05, 7.36695437809e-05, 3.58069737558e-05, 2.6144532967e