{"tonal": {"thpcp": [1, 0.46155616641, 0.0741838663816, 0.051461301744, 0.0638838112354, 0.200210347772, 0.344629764557, 0.213139221072, 0.0390871874988, 0.017724884674, 0.032820917666, 0.184702441096, 0.310645490885, 0.19700756669, 0.201640889049, 0.289148956537, 0.159185230732, 0.0478167310357, 0.0497877672315, 0.0890511125326, 0.265985578299, 0.371461838484, 0.184758007526, 0.0252627376467, 0.0139538794756, 0.0225622057915, 0.0851658657193, 0.129650592804, 0.0718434303999, 0.0399822741747, 0.0527250319719, 0.0314943231642, 0.0624758116901, 0.140484750271, 0.280706554651, 0.78076249361], "hpcp": {"dmean2": [0.0578427687287, 0.0384015664458, 0.0218047592789, 0.0176489334553, 0.0200533233583, 0.0431997552514, 0.0899728387594, 0.13474984467, 0.18363237381, 0.177129775286, 0.173634886742, 0.0745278447866, 0.0538706444204, 0.0729614049196, 0.111095242202, 0.128637939692, 0.103964701295, 0.0467014499009, 0.0272947959602, 0.0400937274098, 0.0934120342135, 0.127432256937, 0.111708037555, 0.0980751886964, 0.0967509895563, 0.0764541849494, 0.0404037795961, 0.0368098802865, 0.0689471364021, 0.113125801086, 0.146300971508, 0.101072438061, 0.026967857033, 0.0148491933942, 0.0196300297976, 0.0439765155315], "median": [0.00606879964471, 0.00399871869013, 0.00129335944075, 0.00058644550154, 0.000733784167096, 0.0056868204847, 0.0114560760558, 0.0403279662132, 0.357041686773, 0.534822285175, 0.115743719041, 0.00438441336155, 0.000419410644099, 0.0015219001798, 0.00756561709568, 0.0106309596449, 0.00568727124482, 0.0012002044823, 0.000385311315767, 0.00146299262997, 0.0181972682476, 0.0299416407943, 0.0206491667777, 0.00703371362761, 0.0037040123716, 0.0023509839084, 0.00135290727485, 0.00110684463289, 0.00432761153206, 0.0313007757068, 0.0528692826629, 0.0261223912239, 0.00234704045579, 0.000637123128399, 0.00106788042467, 0.00376733578742], "min": [0, 0, 0, 0, 0, 0, 0, 0, 0, 0, 0, 0, 0, 0, 0, 0, 0, 0, 0, 0, 0, 0, 0, 0, 0, 0, 0, 0, 0, 0, 0, 0, 0, 0, 0, 0], "dvar2": [0.0236468426883, 0.0114121250808, 0.00712208310142, 0.00845153816044, 0.00757834874094, 0.0128955701366, 0.0344505943358, 0.0471540018916, 0.0594407208264, 0.0776665881276, 0.0616688728333, 0.0336163640022, 0.0377971939743, 0.0628053694963, 0.0619820542634, 0.0709079802036, 0.0548761077225, 0.0236930865794, 0.0161693971604, 0.0241511054337, 0.0365019105375, 0.0556231848896, 0.0409037359059, 0.0435370914638, 0.0444624647498, 0.0342593342066, 0.0209237728268, 0.01420754008, 0.0332370623946, 0.0432870015502, 0.0588465332985, 0.038099642843, 0.00957224145532, 0.00473702838644, 0.00754720252007, 0.0144415050745], "dvar": [0.0110399872065, 0.00489499885589, 0.00284806499258, 0.00382358743809, 0.00306394696236, 0.00505178421736, 0.0150280501693, 0.0207031369209, 0.0253914389759, 0.0365612246096, 0.0249353330582, 0.0128526613116, 0.0135341659188, 0.0201690476388, 0.0234926640987, 0.0324758850038, 0.0218465775251, 0.00825204420835, 0.00527704600245, 0.00760992523283, 0.014384701848, 0.0253037195653, 0.0160459373146, 0.0186615716666, 0.0219154730439, 0.0148263936862, 0.00761490175501, 0.00572977587581, 0.012456680648, 0.0195294395089, 0.0284346174449, 0.0152183454484, 0.00352921593003, 0.00170768029056, 0.00271981279366, 0.00657724635676], "dmean": [0.0366764105856, 0.0244484618306, 0.0131097435951, 0.0103121241555, 0.0117453513667, 0.026334438473, 0.0545813553035, 0.0851020440459, 0.115306779742, 0.110473923385, 0.106654465199, 0.0416645891964, 0.0293879769742, 0.0402178056538, 0.0658316761255, 0.0813704505563, 0.0645951330662, 0.0252822544426, 0.0144364871085, 0.0219465531409, 0.0576971173286, 0.0795893967152, 0.0694960802794, 0.0610680282116, 0.0608222484589, 0.0485047362745, 0.0236474387348, 0.0217309053987, 0.040424477309, 0.0699644386768, 0.0912796780467, 0.0620674416423, 0.015148896724, 0.00839706603438, 0.0115023208782, 0.0284820832312], "max": [1, 1, 1, 1, 0.957951545715, 1, 1, 1, 1, 1, 1, 1, 1, 1, 1, 1, 1, 1, 1, 1, 1, 1, 1, 1, 1, 1, 1, 1, 1, 1, 1, 1, 1, 0.839961469173, 1, 1], "var": [0.0338176526129, 0.0114894527942, 0.00904471892864, 0.0209729224443, 0.00629471009597, 0.0068346071057, 0.029241938144, 0.0469416603446, 0.130923047662, 0.184387549758, 0.0667432248592, 0.0129797002301, 0.0147199360654, 0.0164157357067, 0.0427571162581, 0.105083741248, 0.0479478985071, 0.00602480676025, 0.00297962105833, 0.00526746734977, 0.0321267955005, 0.0785155296326, 0.0302972886711, 0.046745531261, 0.090990126133, 0.0340296551585, 0.00920017249882, 0.0102072348818, 0.0167234130204, 0.0583258122206, 0.0878483727574, 0.0271662399173, 0.00257134670392, 0.00132962642238, 0.00232861656696, 0.0158273223788], "mean": [0.0665095895529, 0.0368550345302, 0.0205105468631, 0.0270474683493, 0.0161563046277, 0.0320495292544, 0.0720674172044, 0.143999934196, 0.400524139404, 0.512991011143, 0.236774161458, 0.0380556583405, 0.026399185881, 0.0327718220651, 0.102706111968, 0.176791965961, 0.109338507056, 0.0200513750315, 0.00909270625561, 0.0168368350714, 0.0947506949306, 0.159358337522, 0.101063109934, 0.103439964354, 0.148330822587, 0.0816605910659, 0.0245295539498, 0.0255406778306, 0.0456824190915, 0.136448204517, 0.190556585789, 0.0947791934013, 0.0129595575854, 0.00715821469203, 0.0115742087364, 0.0436893217266]}, "tuning_equal_tempered_deviation": 0.00696539087221, "chords_changes_rate": 0.0447709001601, "key_key": "C", "tuning_diatonic_strength": 0.652719140053, "key_scale": "major", "chords_number_rate": 0.00384749914519, "tuning_frequency": 443.572570801, "tuning_nontempered_energy_ratio": 0.679912984371, "chords_histogram": [57.0479202271, 2.06365871429, 7.97481632233, 1.3990906477, 0, 0, 0, 0, 0, 0, 1.15424978733, 0, 0, 1.36411333084, 0, 1.43406784534, 0, 0.139909058809, 0, 0.0699545294046, 3.46274924278, 4.26722621918, 16.3343830109, 3.28786277771], "key_strength": 0.773123502731, "chords_key": "C", "chords_strength": {"dmean2": 0.00590134458616, "median": 0.512476444244, "min": 0.229929447174, "dvar2": 3.70656816813e-05, "dvar": 4.63186916022e-05, "dmean": 0.00793558731675, "max": 0.804529070854, "var": 0.00705719459802, "mean": 0.521014630795}, "chords_scale": "major", "hpcp_entropy": {"dmean2": 0.816025614738, "median": 1.20212161541, "min": 0, "dvar2": 0.478365302086, "dvar": 0.194697275758, "dmean": 0.480978518724, "max": 3.43897509575, "var": 0.447570770979, "mean": 1.24373805523}}, "metadata": {"audio_properties": {"equal_loudness": 0, "codec": "flac", "downmix": "mix", "sample_rate": 44100, "analysis_sample_rate": 44100, "bit_rate": 0, "md5_encoded": "25889541776995da4c74b7952269309c", "length": 132.693328857, "replay_gain": -3.02767944336, "lossless": true}, "version": {"essentia_build_sha": "cead25079874084f62182a551b7393616cd33d87", "essentia": "2.1-beta2", "extractor": "music 1.0", "essentia_git_sha": "v2.1_beta2-1-ge3940c0"}, "tags": {"title": ["6 Minuets for Orchestra in C major, K. 61e/104: III."], "language": ["eng"], "albumartist": ["Wolfgang Amadeus Mozart"], "tracktotal": ["34"], "performer": ["Slovak Sinfonietta (orchestra)"], "releasetype": ["compilation"], "musicbrainz_recordingid": ["1a283742-2213-45aa-8d0f-3da2ad32563f"], "composer": ["Wolfgang Amadeus Mozart"], "musicbrainz_albumartistid": ["b972f589-fb0e-474e-b64a-803b0364fa75"], "acoustid_fingerprint": ["AQADtOyVSGhiobN6_MF14XvwhHigH--Df6ivwFdxXvh4lD3xHP8xfSlS9fjhHz3-46MTzMN1NCpRPmj5oNEvvBqOMBbRay-OHC1HQreCsshJTMcPsihFBY9MNJse1DqOPEguKUcvND--KA1-XD2-HsyP9IWO-iiRLkQ_B_uFo6ZgS3BpdAnzQOcc4T-aOkeZJPgtXHDOEcd3PFkO_cEP2x--47gPPzou4QnxD3p-fMI7BU0f9N5R08erpMNzwgtK3XjpYGfQH02HH0_uhHh05Isw64N14j2u4EUzHifS7saF8DxOGnoojZnQ7Qlyw91w7IIFhlmDax7yPKhZaDmDfHiOJxMYyrB0lOfxEVd-5Du09Mb0B0e4BM2OH-eDwyUeCT9S7kh-PFzQjESZRA-u6DgsZ7iOX7jSGLXgW-iPHtH7oVaiHPpq5MnxH75wsQ0yaskP7iih5UKOZyl4BqeO63jx7EHdHGHcREHyFw-x4zx-RvA5XDmOI88VXC-uDNqTI70CL8SefLD2wM-IRHkQ5nmCXtFT7BeO_7gcovmOvvnQHFrj4wwe1JYS3DusNaRx1Mo5_ER_THnmIIwe9MfxBbqw5yhhRjSO7g30ErU6vMRR1Efz4UCtzMENd9GxJ0d3gb_QTMkZlMlxwscL9-BF3OiPpsKe5Hh23MeDLvzg4zP0HOmDrkF9NE0kHc_xoJlQRlfwKQtj6Cx-NGnsoD76fLiYoxpzfMcRjsngH0dVHT-Ok_iN8kKTxTmedA76Y3uC66gdXHgWL2jGVBqqIw-O5zia8RZoJserNMENHv9xJDNyG6eJPrBODucKr0O1ZC-uj_glTPka9BpxE7kUNA_KEPoTpE9O4Enc43pgpReeF3-KT9iF7UV-JPNhLdpxnvAz4esOnzKeT3BzorZRuWHgE2GPNoIWC9GTI8wmxYZGasYp5NzQnD7ahcEPHp1DnMePZhaeB00PRg-SI1_hSVqDH-Oioc9h4T-uREe_o3aOBzOHhrFxMs3BneimHEfZPEh05At6wm2NJ8kFPz9-MDmJ98I_XMqD0AlX6PCHozqOh8clxuCTD2k_Bt-CHw-aUflxRsclF19vHDvCI_nxJC9e9MN_fIuiD7X0oM5r_METSoFPhPLxB0_gHTrzJEjHizjOpjizG95y_MGDJ9LxBO6D5Ahzo1vy4eQTlE6IHy2Hn8aPb2IE58GHY6aO5ELoKTwa7zEulUlwjsdp-EHyRNxi5Bl46kUfDkez48meoz-aCjeP90hYr8iTjPiDOwsa7sdVVEwYsMUJP8fRTJrQEBc14-IPZsZ1MD-SI3rQsB3qDx2vwy18JTNq5fh1XMeZI1mcC7GKPzi-4nGI70N3xEeyyxHK4zmeo94eonmO4_Pxox2zoKny4E-OB5ekomlO9HkKOH7wz5iVJ0Gea9CLkOXR6Lh-cOdgpztYLUeTPTtKZjnmo0W48NCO9KiOK3gyHOU0lMnmIM-RTD6aK3GGpxyuHHMSLY1xC1fQjPER9gp-J9AdPND0I8z4GM88A9_ReSnudGjInfiDI8-RvMZ7PCqa8BENe0Kpydh7_Lh6Bn3THNdhRhnKBTmQH28SIq8uPAmmTChzQ8qDMA8e_Oh4o35wbpjgUY4QfpGEQ7lBI_GSY_J2_Ljh4z--FNUV5DySJ4F34smFC81z9ElxG3mh61mMvCMehNlRJ9CsBM2Rn0vR-kIT3fgkpcQVjYvxSwhE_siDJzru6HCe4j-uuMcdfLLxB16CPMsDnR3CD82THD9-zMmIZsoD54mG9Eg2n8FvXCiTxDVKOXiCXkczZkKeN_irDPcRm4d_nI-DZz0ePEH3NIHJeUOfXDiJ_CWS_3jxXih_-EQTJ7iU4zu-Hc88XJ8So4fRDxeyn3iCq8ePlnD1QFlto8izDEfz4IY_43lwIT0nfMd04weeH7yO_riO_zj2Qod-5ISbATeNE9rl4MeTHL2iwOqPXsYnS_iDh3iQ_Mh7vCrqT4Hf4Lvw1XhiopSO58f0Gan64IeP8LiwT4kT5MWP7mj2oOXR6Mer4QivHc1fXENe6CfCXkF5nMJ0_HjB0MNH4dODprqCnsiRXMpxo7ly1FyDj3i04-F6MEf6GNqNXEcIE-Fn7Ilx9IIb6XBpdAlzJOeTIH6O-kezJFnw4zqauCP6HN_xZEfyPMgP9x-eZMeP57C64z1evIf-D-9kvEX9JGjsoebxLszxxDi8BN2PPQxu-PiPJz4upUOuRMesD40eomR2HFeOkj9OhMcbIz_0G88iPUPoL8bp4hHcY3jBZA-eKMjzBfqH9Az-4bimg6fQrHjyo1-Iy8iXx1B0o6mO40GYBf3xB0dTCr2ED152BfovPCT6o1mS5LgUPYBVjbgY_LicJugD18cP_9h7hOmiPNCRJzb-HT5xVsO3ZA3yo9KzQ8uR41kK_jjj4scbPHtwNNdSaNzF4Dzm48f3CM2XoVLwA8nTQxdpPCm0KyO8K0hJ7Prg5sGbA2QMYkI4ZAUkiAFDFBMAGEwIgAYJ4iwBBCEhDAHIBMFCBJI6QxjnEAgDkCICMGGgRY4gYgUAhgACGDCFCYIMFcIxOCAwBFkBgHAMAWIEA0ogpZghQBliDJFCFEqcYAQoxA1BBnJGHSLAMQAQUUKRSYEDFDmAHKEEAQ-UYQQJp4xBSAFkCAJCGOGYYYYhQowBijBEHFAAEXAIItAIKgQCSggBhFEQGEGAABgSsAgTBgEECEFMIcLIAcIpyJRiBBgiGKVCCkQIIUoQZ4wQBFEAIGNEIOSsAMRBQskSoCBADBEQACEIA5gAbRl0RxjhEXCYEcssIggYYhhCAAJDAFGQCCiYwYoKQQABCjBFADQIEwAIJEsgQJizxigkCBCGCCIYI0IgaiRxCABChAHOAE0QGhJgAogQADHJgjBCIMAiJwQhzAQAwBhBGBMGKUSEMEgQYKGQDCmHhAHCImQUQgYpRAQgRhAEAADGCkIAQEAwISQARggEKAVIAAoIAoYRQihQQCEmDKIgIQcAEYoIxARSWCjikWGAEaKAE8YQIwJChhADgFDaWGegQw4oAhAhzDAiiALUGEYoIYINAIQBAVDkAACAKOOcBQIBCyiywDEBNQUECpEAE9QR5AhQgCgKgFEMQkEIE8QQ4QAyCBFCECBIIQUMIcYA4QgCBABloYBCIKCAEoQYYyAjChEFgBBOIAIQksQAxQgQhCEjklLEKIexUIAQIxSTCAEglTBKCGa-UMYIshBBAAlDjKDKCigUA0g5wSgRABokwAEDIUMEIgRRQBRQYAEGhKROGEKM5BRQABwBQhhqjSLaGigAIQQAAhkQijBhEJECCMSYZdAQpBgQgBBmpBCMEGCQYAYQwAgwhDHBCKAiKQoEAUY4IwhBgBAIAXMGCCQIQ8AqMxRwyAIkAABUCUIAMIgAwQwyhhmnkBCIAGAAEo4ZwxgjxCADDAKQIKSIIoBA44QwAgA"], "discnumber": ["19"], "totaldiscs": ["23"], "catalognumber": ["92627/19"], "contentgroup": ["Serenades, Divertimenti, Dances"], "releasecountry": ["NL"], "file_name": "03 - 6 Minuets for Orchestra in C major, K. 61e_104_ III..flac", "albumartistsort": ["Mozart, Wolfgang Amadeus"], "date": ["2005-10-25"], "genre": ["Classical"], "disctotal": ["23"], "releasestatus": ["official"], "musicbrainz_artistid": ["b972f589-fb0e-474e-b64a-803b0364fa75"], "musicbrainz_albumid": ["27ffad9d-2fb6-48aa-a386-98113c9f66a8"], "artist": ["Wolfgang Amadeus Mozart"], "tracknumber": ["3"], "artistsort": ["Mozart, Wolfgang Amadeus"], "album": ["Wolfgang Amadeus Mozart: Complete Works, Volume 3: Serenades, Divertimenti, Dances (disc 19: Dances K. 61h, KV 104-105-176)"], "label": ["Brilliant Classics"], "conductor": ["Taras Krysa"], "acoustid_id": ["82ec99d7-f93f-4c72-a966-4f55f902e54c"], "script": ["Latn"], "totaltracks": ["34"]}}, "rhythm": {"bpm_histogram_first_peak_bpm": {"dmean2": 0, "median": 140, "min": 140, "dvar2": 0, "dvar": 0, "dmean": 0, "max": 140, "var": 0, "mean": 140}, "bpm": 140.521591187, "bpm_histogram_second_peak_spread": {"dmean2": 0, "median": 0.615384638309, "min": 0.615384638309, "dvar2": 0, "dvar": 0, "dmean": 0, "max": 0.615384638309, "var": 0, "mean": 0.615384638309}, "bpm_histogram_first_peak_weight": {"dmean2": 0, "median": 0.27338129282, "min": 0.27338129282, "dvar2": 0, "dvar": 0, "dmean": 0, "max": 0.27338129282, "var": 0, "mean": 0.27338129282}, "onset_rate": 2.50916147232, "beats_position": [0.429569154978, 0.882358253002, 1.33514738083, 1.764716506, 2.19428563118, 2.62385487556, 3.04181408882, 3.47138309479, 3.90095233917, 4.33052158356, 4.76009082794, 5.18965959549, 5.61922883987, 6.03718805313, 6.45514726639, 6.87310647964, 7.2910656929, 7.70902490616, 8.12698364258, 8.54494285583, 8.96290206909, 9.38086128235, 9.79882049561, 10.2167797089, 10.6463489532, 11.0759181976, 11.505487442, 11.9350566864, 12.3646259308, 12.7709751129, 13.1889343262, 13.6068935394, 14.0248527527, 14.4312019348, 14.8491611481, 15.2787294388, 15.7082986832, 16.1378688812, 16.5674381256, 16.99700737, 17.4381847382, 17.8561439514, 18.2624931335, 18.6688423157, 19.0868015289, 19.5047607422, 19.9343299866, 20.3522891998, 20.7702484131, 21.2114276886, 21.6642169952, 22.1053962708, 22.5465755463, 22.9761447906, 23.405714035, 23.8352832794, 24.2648525238, 24.6944217682, 25.1239910126, 25.5651702881, 25.9947395325, 26.4243087769, 26.865486145, 27.2718353271, 27.6897945404, 28.0961437225, 28.5257129669, 28.9552822113, 29.3732414246, 29.8028106689, 30.2207698822, 30.6387290955, 31.0566883087, 31.4862575531, 31.9158267975, 32.3453979492, 32.7749671936, 33.204536438, 33.6341018677, 34.0636711121, 34.5048522949, 34.9460296631, 35.3872108459, 35.8167800903, 36.2579574585, 36.6991386414, 37.1403160095, 37.7092056274, 38.2897033691, 38.8585929871, 39.427482605, 40.0079803467, 40.5884780884, 41.1573677063, 41.7262573242, 42.2951469421, 42.8640365601, 43.4213142395, 43.9785919189, 44.5358734131, 45.0815429688, 45.6272087097, 46.1612701416, 46.7069396973, 47.2526054382, 47.7866668701, 48.3207244873, 48.8547821045, 49.3888435364, 49.934513092, 50.480178833, 51.0606803894, 51.6411781311, 52.1984558105, 52.7557373047, 53.3130149841, 53.8702926636, 54.4275741577, 54.9848518372, 55.5421295166, 56.0994110107, 56.6566886902, 57.2023582458, 57.7480278015, 58.2936935425, 58.8393630981, 59.3850326538, 59.9307022095, 60.4763717651, 61.0220413208, 61.5677070618, 62.1017684937, 62.6474380493, 63.1814956665, 63.7271652222, 64.2960510254, 64.8533325195, 65.4106140137, 65.9678878784, 66.5251693726, 67.0824508667, 67.6397247314, 68.1970062256, 68.7542877197, 69.3115615845, 69.8688430786, 70.4377288818, 70.995010376, 71.5522918701, 72.1095657349, 72.6552352905, 73.2009048462, 73.7465744019, 74.303855896, 74.8611297607, 75.4067993164, 75.9524688721, 76.5097503662, 77.0670318604, 77.6359176636, 78.2048034668, 78.7736968994, 79.3425827026, 79.9114761353, 80.4803619385, 81.0492477417, 81.6181411743, 82.1870269775, 82.7443084717, 83.3015823364, 83.870475769, 84.4393615723, 84.9966430664, 85.5539245605, 86.0995864868, 86.656867981, 87.2141494751, 87.7598190308, 88.3054885864, 88.8511581421, 89.3968200684, 89.942489624, 90.4881591797, 90.9177322388, 91.3589096069, 91.788482666, 92.2180480957, 92.6476211548, 93.065574646, 93.4951477051, 93.9247131348, 94.3426742554, 94.760635376, 95.1785888672, 95.5965499878, 96.0261230469, 96.4556884766, 96.8968658447, 97.3264389038, 97.7560043335, 98.1739654541, 98.5919265747, 99.0098876953, 99.4278411865, 99.8458023071, 100.263763428, 100.681724548, 101.09967804, 101.51763916, 101.935600281, 102.353561401, 102.783126831, 103.224304199, 103.665489197, 104.095054626, 104.513015747, 104.919364929, 105.325714111, 105.743675232, 106.161628723, 106.567977905, 106.997550964, 107.427116394, 107.856689453, 108.286254883, 108.715827942, 109.133781433, 109.563354492, 109.992919922, 110.399269104, 110.817230225, 111.223579407, 111.641540527, 112.071105957, 112.500679016, 112.918640137, 113.359817505, 113.800994873, 114.242172241, 114.683357239, 115.112922668, 115.542495728, 115.972061157, 116.401634216, 116.831199646, 117.260765076, 117.701950073, 118.131515503, 118.561088562, 118.990653992, 119.408615112, 119.838180542, 120.256141663, 120.674102783, 121.092063904, 121.510017395, 121.927978516, 122.357551575, 122.775505066, 123.193466187, 123.623039246, 124.052604675, 124.482177734, 124.911743164, 125.341316223, 125.782493591, 126.223670959, 126.688072205, 127.15246582, 127.593650818, 128.058044434, 128.522445679, 128.998458862, 129.497680664, 129.996917725, 130.496139526, 131.006988525, 131.517822266, 132.028656006], "beats_loudness": {"dmean2": 0.0468218438327, "median": 0.0192652307451, "min": 2.64185090471e-10, "dvar2": 0.00329754198901, "dvar": 0.00116751668975, "dmean": 0.0270908568054, "max": 0.173982605338, "var": 0.00152314722072, "mean": 0.0342366397381}, "danceability": 0.937205851078, "bpm_histogram_second_peak_weight": {"dmean2": 0, "median": 0.125899285078, "min": 0.125899285078, "dvar2": 0, "dvar": 0, "dmean": 0, "max": 0.125899285078, "var": 0, "mean": 0.125899285078}, "beats_count": 279, "bpm_histogram_second_peak_bpm": {"dmean2": 0, "median": 108, "min": 108, "dvar2": 0, "dvar": 0, "dmean": 0, "max": 108, "var": 0, "mean": 108}, "bpm_histogram_first_peak_spread": {"dmean2": 0, "median": 0.51592361927, "min": 0.51592361927, "dvar2": 0, "dvar": 0, "dmean": 0, "max": 0.51592361927, "var": 0, "mean": 0.51592361927}, "beats_loudness_band_ratio": {"dmean2": [0.47275364399, 0.238449558616, 0.337180048227, 0.166415020823, 0.0844522193074, 0.0230960287154], "median": [0.371655166149, 0.165511339903, 0.210733413696, 0.0651542469859, 0.0235236622393, 0.00459701288491], "min": [0.0019300308777, 0.000119319556688, 0.000234721854213, 0.000585586938541, 0.000120413809782, 4.02113510063e-05], "dvar2": [0.143602266908, 0.0398512855172, 0.0933164581656, 0.0341899245977, 0.0136704491451, 0.00219467561692], "dvar": [0.0544349737465, 0.0173974595964, 0.0346166938543, 0.0121825616807, 0.00519990548491, 0.00097281386843], "dmean": [0.278532713652, 0.142953887582, 0.190791800618, 0.0987095609307, 0.0488256365061, 0.0142049631104], "max": [0.997000515461, 0.716969907284, 0.889390051365, 0.624004602432, 0.470553010702, 0.286469876766], "var": [0.0900354236364, 0.0310589913279, 0.0363163761795, 0.0135313002393, 0.00481830723584, 0.00136803183705], "mean": [0.427427977324, 0.206525757909, 0.243711873889, 0.108195878565, 0.0497673563659, 0.0158145520836]}}, "lowlevel": {"barkbands_spread": {"dmean2": 4.07477331161, "median": 10.6079673767, "min": 0.112538054585, "dvar2": 25.8070468903, "dvar": 12.6962041855, "dmean": 2.89006519318, "max": 108.011657715, "var": 97.2182006836, "mean": 12.6774320602}, "melbands_spread": {"dmean2": 4.96718502045, "median": 12.0745849609, "min": 0.10859836638, "dvar2": 50.4675292969, "dvar": 25.4166851044, "dmean": 3.53397846222, "max": 128.725784302, "var": 137.84286499, "mean": 14.9061307907}, "hfc": {"dmean2": 2.59855818748, "median": 3.37056398392, "min": 1.09791788583e-16, "dvar2": 25.4252738953, "dvar": 16.1194343567, "dmean": 2.16616249084, "max": 110.735794067, "var": 192.073852539, "mean": 9.14018249512}, "barkbands_kurtosis": {"dmean2": 6.42217922211, "median": 1.87607169151, "min": -1.71704137325, "dvar2": 1234.55212402, "dvar": 481.831970215, "dmean": 4.31189203262, "max": 1044.89416504, "var": 1162.92407227, "mean": 7.95652770996}, "gfcc": {"mean": [-148.452087402, 158.136993408, -128.245635986, 16.9595050812, -36.2858047485, -9.79792785645, -15.9028968811, 3.42098140717, -9.58616828918, 0.616824328899, -7.59404468536, -5.93006420135, -5.58105993271], "icov": [[0.000101510020613, -0.000292603945127, 0.000316674326314, -0.00031290287734, 0.000336381082889, -0.000308167946059, 0.000134830086608, -0.00013550890435, 0.000317160593113, -0.000373520422727, 0.000137496506795, -0.000198860696401, 0.000104664737592], [-0.000292603945127, 0.00237184599973, -0.00131101440638, 0.00135332474019, -0.00213362509385, 0.00251112040132, -0.00117525365204, 0.00219829729758, -0.00221268553287, 0.00253162835725, -0.00224529812112, 0.00208140676841, -0.000943063001614], [0.000316674326314, -0.00131101440638, 0.00237558525987, -0.00108928640839, 0.000523226917721, -0.00153487210628, 0.00112165336031, -0.00165936979465, 0.00168366823345, -0.00174643623177, 0.000427389633842, -0.00132416945416, 0.000263360823737], [-0.00031290287734, 0.00135332474019, -0.00108928640839, 0.00429639359936, -0.00217958982103, 0.000938666984439, -0.00107543880586, -0.00144758331589, -0.000866110378411, 0.0015748552978, 0.000576464692131, 0.000263236550381, -0.000647766864859], [0.000336381082889, -0.00213362509385, 0.000523226917721, -0.00217958982103, 0.00819381698966, -0.00476637389511, -0.00021653767908, 0.000119204123621, -0.0011718205642, 0.000158116890816, -0.000601019070018, 0.000705505604856, -0.000880601000972], [-0.000308167946059, 0.00251112040132, -0.00153487210628, 0.000938666984439, -0.00476637389511, 0.0108913872391, -0.00477336347103, 0.00158523092978, 0.00112297188025, -0.000124851954752, 0.00105909164995, -0.00231942906976, 0.00221357378177], [0.000134830086608, -0.00117525365204, 0.00112165336031, -0.00107543880586, -0.00021653767908, -0.00477336347103, 0.0134630417451, -0.00597002590075, 5.76294551138e-05, 0.0018550491659, -0.0042209350504, 0.00273710559122, -0.00307932076976], [-0.00013550890435, 0.00219829729758, -0.00165936979465, -0.00144758331589, 0.000119204123621, 0.00158523092978, -0.00597002590075, 0.0165375694633, -0.0087134456262, -0.000235051455093, 0.00264707952738, -0.00204636156559, 0.00337021215819], [0.000317160593113, -0.00221268553287, 0.00168366823345, -0.000866110378411, -0.0011718205642, 0.00112297188025, 5.76294551138e-05, -0.0087134456262, 0.017201917246, -0.00836386997253, -0.000665106170345, 0.00259937834926, -0.00204072939232], [-0.000373520422727, 0.00253162835725, -0.00174643623177, 0.0015748552978, 0.000158116890816, -0.000124851954752, 0.0018550491659, -0.000235051455093, -0.00836386997253, 0.01773105748, -0.00805540662259, 0.00332925934345, -0.00049071572721], [0.000137496506795, -0.00224529812112, 0.000427389633842, 0.000576464692131, -0.000601019070018, 0.00105909164995, -0.0042209350504, 0.00264707952738, -0.000665106170345, -0.00805540662259, 0.0181673504412, -0.012472782284, 0.00490129366517], [-0.000198860696401, 0.00208140676841, -0.00132416945416, 0.000263236550381, 0.000705505604856, -0.00231942906976, 0.00273710559122, -0.00204636156559, 0.00259937834926, 0.00332925934345, -0.012472782284, 0.0222001187503, -0.0106925358996], [0.000104664737592, -0.000943063001614, 0.000263360823737, -0.000647766864859, -0.000880601000972, 0.00221357378177, -0.00307932076976, 0.00337021215819, -0.00204072939232, -0.00049071572721, 0.00490129366517, -0.0106925358996, 0.0168257188052]], "cov": [[22936.0253906, 1023.2791748, -2370.08349609, 324.846374512, -591.106933594, -200.100387573, -141.077651978, -294.746551514, -234.422302246, -35.5322799683, -62.3583488464, -84.6346817017, -72.1974029541], [1023.2791748, 2569.19799805, 265.180206299, -450.548217773, 358.436096191, -354.526611328, 55.3093833923, -288.577697754, 173.888320923, -58.7761039734, 301.610595703, -68.2013473511, 137.640991211], [-2370.08349609, 265.180206299, 993.392150879, 100.63092804, 199.276657104, 99.2272415161, 62.0581626892, 81.8571166992, 55.1201934814, 49.1096229553, 89.3918075562, 70.0559692383, 36.8657569885], [324.846374512, -450.548217773, 100.63092804, 524.129638672, 80.8733444214, 139.769226074, 88.4756393433, 167.877166748, 32.0447349548, 8.07964992523, -70.5607528687, 13.5830068588, -6.9511256218], [-591.106933594, 358.436096191, 199.276657104, 80.8733444214, 315.247467041, 78.32006073, 96.7436752319, 22.7049999237, 75.9167098999, 1.37398409843, 63.030380249, 4.39558601379, 36.79454422], [-200.100387573, -354.526611328, 99.2272415161, 139.769226074, 78.32006073, 241.80279541, 72.7183380127, 68.7570877075, -23.8212928772, 10.4368343353, -19.0156593323, 39.0815658569, -15.1841115952], [-141.077651978, 55.3093833923, 62.0581626892, 88.4756393433, 96.7436752319, 72.7183380127, 154.886245728, 75.3853912354, 56.7859153748, 14.5475692749, 37.9068260193, 9.4364233017, 17.4214859009], [-294.746551514, -288.577697754, 81.8571166992, 167.877166748, 22.7049999237, 68.7570877075, 75.3853912354, 194.090591431, 86.0922164917, 53.4630584717, -20.5064678192, 1.62661969662, -23.0883808136], [-234.422302246, 173.888320923, 55.1201934814, 32.0447349548, 75.9167098999, -23.8212928772, 56.7859153748, 86.0922164917, 173.819229126, 75.7497177124, 50.1993980408, -18.8744125366, 8.50437259674], [-35.5322799683, -58.7761039734, 49.1096229553, 8.07964992523, 1.37398409843, 10.4368343353, 14.5475692749, 53.4630584717, 75.7497177124, 125.939666748, 55.3674087524, 11.2137718201, -9.02020549774], [-62.3583488464, 301.610595703, 89.3918075562, -70.5607528687, 63.030380249, -19.0156593323, 37.9068260193, -20.5064678192, 50.1993980408, 55.3674087524, 168.325668335, 60.125705719, 26.9020690918], [-84.6346817017, -68.2013473511, 70.0559692383, 13.5830068588, 4.39558601379, 39.0815658569, 9.4364233017, 1.62661969662, -18.8744125366, 11.2137718201, 60.125705719, 113.848815918, 45.4928131104], [-72.1974029541, 137.640991211, 36.8657569885, -6.9511256218, 36.79454422, -15.1841115952, 17.4214859009, -23.0883808136, 8.50437259674, -9.02020549774, 26.9020690918, 45.4928131104, 100.330207825]]}, "spectral_energyband_middle_low": {"dmean2": 0.00304617499933, "median": 0.00302104768343, "min": 2.41833123374e-22, "dvar2": 3.17393714795e-05, "dvar": 2.11784554267e-05, "dmean": 0.00255878851749, "max": 0.1190957129, "var": 0.000209028730751, "mean": 0.00970894470811}, "melbands_crest": {"dmean2": 3.34806275368, "median": 14.6508693695, "min": 1.67318689823, "dvar2": 12.132361412, "dvar": 5.41916751862, "dmean": 2.31412911415, "max": 39.5967712402, "var": 32.1501464844, "mean": 15.5861730576}, "spectral_kurtosis": {"dmean2": 11.3632774353, "median": 9.87618637085, "min": -1.22638547421, "dvar2": 210.159194946, "dvar": 73.8214416504, "dmean": 6.66971969604, "max": 155.393112183, "var": 301.340209961, "mean": 15.8338708878}, "spectral_rms": {"dmean2": 0.000423482677434, "median": 0.00291415886022, "min": 3.13865621861e-12, "dvar2": 2.48814188808e-07, "dvar": 2.26187964358e-07, "dmean": 0.000409744097851, "max": 0.0145630650222, "var": 7.17828879715e-06, "mean": 0.00354990176857}, "zerocrossingrate": {"dmean2": 0.0056500993669, "median": 0.0283203125, "min": 0, "dvar2": 0.000178380141733, "dvar": 9.17851866689e-05, "dmean": 0.00485589914024, "max": 0.52099609375, "var": 0.00210217759013, "mean": 0.0358526222408}, "silence_rate_60dB": {"dmean2": 0.0770038515329, "median": 0, "min": 0, "dvar2": 0.0787719413638, "dvar": 0.0370118431747, "dmean": 0.0384951867163, "max": 1, "var": 0.216708168387, "mean": 0.317529737949}, "erbbands_kurtosis": {"dmean2": 1.64703452587, "median": 0.160028219223, "min": -1.63684475422, "dvar2": 4.7723941803, "dvar": 2.28508162498, "dmean": 1.10344099998, "max": 24.9671478271, "var": 5.97076797485, "mean": 0.898795425892}, "erbbands": {"dmean2": [0.0246128942817, 0.360849797726, 0.673321306705, 0.689413905144, 1.01018822193, 2.93204903603, 6.27830266953, 9.49117469788, 4.85991668701, 27.0281925201, 16.5303649902, 15.6564006805, 18.2023677826, 7.13520860672, 22.4232273102, 21.1186561584, 15.0562486649, 15.6498908997, 6.74544477463, 6.26268672943, 8.23497867584, 6.80016517639, 3.74046444893, 3.3944849968, 3.50358772278, 1.65285849571, 1.60586249828, 0.44790738821, 0.185029327869, 0.195458397269, 0.0597766488791, 0.031652867794, 0.0185594353825, 0.00639940844849, 0.00338353938423, 0.00195772037841, 0.000801388174295, 0.00011508273019, 2.40048666456e-05, 5.70357588003e-06], "median": [0.00905027613044, 0.218175709248, 0.555505275726, 0.612598538399, 0.571717083454, 1.21350812912, 1.58827161789, 2.10856437683, 2.81172990799, 5.94439888, 6.37415456772, 4.28989648819, 3.96760416031, 2.0065164566, 3.36254239082, 1.50300884247, 1.91338086128, 1.76629769802, 1.16342306137, 1.92155766487, 1.86150288582, 1.28972816467, 0.877276778221, 0.71208769083, 0.640767455101, 0.356645941734, 0.235992819071, 0.0817890912294, 0.0308936983347, 0.0185969024897, 0.00715215038508, 0.0031054452993, 0.00150993629359, 0.000656221294776, 0.00030809637974, 0.000150695210323, 5.85504749324e-05, 1.44969981193e-05, 1.01054265542e-05, 1.16318533401e-05], "min": [2.79787127412e-22, 1.08171444699e-21, 1.70695767399e-21, 1.05415501445e-20, 2.5280101626e-20, 5.16644376709e-20, 1.8133256933e-19, 1.11468351956e-19, 9.9185870158e-20, 4.34808316169e-19, 1.25982078494e-18, 1.03634470757e-18, 1.67914334946e-18, 1.32483594031e-18, 9.05808265679e-19, 2.19284711848e-18, 2.8976211304e-18, 3.48175912178e-18, 4.93236715045e-18, 7.34717122911e-18, 5.01919133627e-18, 5.44416116623e-18, 6.80455563653e-18, 9.25616925244e-18, 1.23923269376e-17, 8.95895829527e-18, 1.04235221016e-17, 1.12875792531e-17, 1.34085282463e-17, 1.09592323905e-17, 1.24484552781e-17, 1.28613747409e-17, 1.23470834668e-17, 9.16688503148e-18, 7.8758645448e-18, 5.10477268321e-18, 3.11026196893e-18, 1.13589868602e-18, 2.79348121093e-19, 3.14680119907e-20], "dvar2": [0.00485560670495, 0.965336799622, 1.55210697651, 1.88145327568, 5.7843708992, 46.0247688293, 211.397857666, 933.491271973, 110.2293396, 4686.80761719, 1518.26586914, 2322.58105469, 4410.95458984, 568.657836914, 4961.75878906, 9078.921875, 3180.31567383, 2077.65039062, 358.061676025, 210.937713623, 619.927307129, 649.647644043, 120.440986633, 166.40574646, 102.105735779, 22.8205528259, 32.1761322021, 1.96635520458, 0.376483142376, 0.337666243315, 0.0304731950164, 0.00987154152244, 0.00318765849806, 0.000356816977728, 0.000142250253703, 4.28047787864e-05, 1.11737263069e-05, 9.6501111102e-08, 7.59852269994e-09, 9.71987212939e-11], "dvar": [0.00834373757243, 0.947493731976, 0.802092790604, 0.907687842846, 3.63572621346, 30.1557559967, 176.309509277, 529.688171387, 71.1323242188, 2625.90576172, 973.656433105, 1401.04248047, 2015.80822754, 242.087509155, 2233.14257812, 6342.41601562, 1360.54882812, 981.844421387, 166.275802612, 99.7025680542, 236.633575439, 254.810165405, 43.8567962646, 66.4826202393, 40.62109375, 9.01181411743, 12.7827787399, 0.791227936745, 0.176091492176, 0.149714156985, 0.0135217541829, 0.00453449273482, 0.00135599600617, 0.000155495246872, 6.03954213148e-05, 1.92387051356e-05, 5.20182993569e-06, 5.2348852364e-08, 3.61952245953e-09, 7.86470402692e-11], "dmean": [0.0351327769458, 0.402367532253, 0.512275874615, 0.545033156872, 0.773068070412, 2.44659781456, 5.57803869247, 7.40297889709, 3.8387389183, 20.1347980499, 13.572684288, 12.3460121155, 12.9449625015, 4.73254966736, 15.7434434891, 17.1632556915, 9.93127059937, 10.5348682404, 4.39949131012, 4.18976545334, 5.06284189224, 4.19865942001, 2.31006765366, 2.18995451927, 2.25738811493, 1.081807971, 1.06320476532, 0.297242373228, 0.12684084475, 0.133342623711, 0.0410909801722, 0.0224550869316, 0.0127997435629, 0.0045315194875, 0.00244230637327, 0.00139154039789, 0.000595973047893, 8.80088628037e-05, 1.86497218237e-05, 5.35647996003e-06], "max": [3.35125255585, 35.4816093445, 20.7129650116, 22.1267852783, 58.0342140198, 189.325012207, 517.494140625, 621.624206543, 376.207855225, 1123.10876465, 1349.25720215, 913.828308105, 1466.05395508, 434.521240234, 1364.86560059, 2908.23046875, 1043.45275879, 1585.09631348, 474.04019165, 334.702789307, 484.789031982, 588.94128418, 126.664199829, 234.960739136, 138.373062134, 67.2090759277, 74.9374542236, 20.2913322449, 18.6239051819, 8.65572357178, 2.44710016251, 1.35893309116, 0.543168365955, 0.346383661032, 0.240796893835, 0.0878197550774, 0.0818399935961, 0.00605532946065, 0.00267567578703, 0.000309764174744], "var": [0.1358525455, 11.5017194748, 5.3057641983, 6.33005905151, 14.9535045624, 307.360443115, 2305.52954102, 4050.98388672, 462.492950439, 7858.88867188, 4748.11181641, 4914.82861328, 4235.62792969, 429.578582764, 5951.90185547, 47916.2382812, 2966.99121094, 3282.37866211, 528.862731934, 296.848999023, 415.301696777, 466.300109863, 73.6791992188, 111.366577148, 86.9703063965, 19.1350860596, 25.1857891083, 1.59306836128, 0.468501985073, 0.406124591827, 0.0396903380752, 0.0117658674717, 0.00344920065254, 0.000528617936652, 0.000166632860783, 5.33560887561e-05, 1.01103769339e-05, 1.99104945864e-07, 1.02933626067e-08, 1.09606135279e-09], "mean": [0.155385151505, 1.57955682278, 1.50796711445, 1.58091199398, 1.78891062737, 8.3903055191, 20.589132309, 22.582572937, 9.48285770416, 37.8741836548, 31.4650478363, 25.6995220184, 22.8499221802, 8.69793319702, 30.5251903534, 45.4528541565, 17.7327384949, 20.4941387177, 9.07805156708, 7.70168590546, 7.58734130859, 6.49183225632, 3.82091736794, 3.52739500999, 3.61445951462, 1.80953037739, 1.71722054482, 0.507845103741, 0.239974275231, 0.233822673559, 0.0781668871641, 0.0401106439531, 0.022492595017, 0.00895299203694, 0.00478018354625, 0.0026284228079, 0.00103559694253, 0.000177745430847, 4.30878062616e-05, 2.51467099588e-05]}, "spectral_strongpeak": {"dmean2": 0.480332821608, "median": 0.39284157753, "min": 0, "dvar2": 0.920182406902, "dvar": 0.415007919073, "dmean": 0.306520402431, "max": 10.834651947, "var": 1.38129627705, "mean": 0.823616445065}, "spectral_energy": {"dmean2": 0.00430691661313, "median": 0.00870462972671, "min": 1.0097442205e-20, "dvar2": 5.28209857293e-05, "dvar": 4.9247071729e-05, "dmean": 0.00417307391763, "max": 0.217384934425, "var": 0.00074988626875, "mean": 0.0202746130526}, "average_loudness": 0.377897441387, "spectral_rolloff": {"dmean2": 374.374481201, "median": 667.529296875, "min": 21.533203125, "dvar2": 758978.1875, "dvar": 345524.625, "dmean": 227.828308105, "max": 18992.2851562, "var": 1450604.875, "mean": 916.725585938}, "spectral_centroid": {"dmean2": 213.605239868, "median": 745.554077148, "min": 135.082580566, "dvar2": 112528.421875, "dvar": 64902.6171875, "dmean": 151.427398682, "max": 11320.0605469, "var": 354043.09375, "mean": 906.132507324}, "pitch_salience": {"dmean2": 0.0759611725807, "median": 0.444164574146, "min": 0.0381283834577, "dvar2": 0.00500723533332, "dvar": 0.00221860501915, "dmean": 0.0505590178072, "max": 0.97385007143, "var": 0.0130041018128, "mean": 0.437089532614}, "spectral_energyband_middle_high": {"dmean2": 0.00133619480766, "median": 0.00066434009932, "min": 1.35710409768e-21, "dvar2": 9.85496899375e-06, "dvar": 5.37921596333e-06, "dmean": 0.000999687355943, "max": 0.0705615803599, "var": 4.63696196675e-05, "mean": 0.00315152388066}, "spectral_contrast_coeffs": {"dmean2": [0.0583197847009, 0.0602999739349, 0.054803699255, 0.0466756634414, 0.0361183732748, 0.027624770999], "median": [-0.653978586197, -0.67904728651, -0.680834591389, -0.719206035137, -0.734645247459, -0.732663989067], "min": [-0.970577657223, -0.990596830845, -0.984085977077, -0.966862142086, -0.960116446018, -0.964895904064], "dvar2": [0.00231722905301, 0.00242600077763, 0.00195022753906, 0.00139567826409, 0.000904557178728, 0.000539201602805], "dvar": [0.000946690328419, 0.00110484240577, 0.00085239141481, 0.000590765615925, 0.000431683729403, 0.000245349190664], "dmean": [0.0370620414615, 0.0402738004923, 0.0363600291312, 0.0305989421904, 0.0240738727152, 0.0177271123976], "max": [-0.32293215394, -0.312708824873, -0.394105523825, -0.426919639111, -0.50617736578, -0.561185777187], "var": [0.0107384128496, 0.0108377095312, 0.00788410659879, 0.00675491476431, 0.00574578950182, 0.0033988058567], "mean": [-0.650635778904, -0.67005354166, -0.681480407715, -0.71653932333, -0.731993913651, -0.738098204136]}, "melbands_skewness": {"dmean2": 0.792426645756, "median": 1.76429724693, "min": -1.37163329124, "dvar2": 1.50474333763, "dvar": 0.711430966854, "dmean": 0.573294222355, "max": 38.3921661377, "var": 4.47136640549, "mean": 2.24522566795}, "spectral_spread": {"dmean2": 423592.9375, "median": 2407951.25, "min": 601337.6875, "dvar2": 655998779392, "dvar": 420941070336, "dmean": 283435.28125, "max": 41204408, "var": 2327800184830.0, "mean": 2540613.5}, "dissonance": {"dmean2": 0.0499072298408, "median": 0.42287427187, "min": 0.00287261093035, "dvar2": 0.00210887566209, "dvar": 0.00082079146523, "dmean": 0.0310112908483, "max": 0.500000178814, "var": 0.00280244578607, "mean": 0.414201438427}, "spectral_skewness": {"dmean2": 0.869976758957, "median": 2.11236643791, "min": -0.0400879234076, "dvar2": 0.825827896595, "dvar": 0.2902546525, "dmean": 0.51753282547, "max": 10.0710687637, "var": 1.53247857094, "mean": 2.47415518761}, "spectral_flux": {"dmean2": 0.0153227234259, "median": 0.0295530408621, "min": 6.70485958421e-11, "dvar2": 0.000349682261003, "dvar": 0.000131480628625, "dmean": 0.00938051566482, "max": 0.18605530262, "var": 0.000772728642914, "mean": 0.0363392159343}, "spectral_contrast_valleys": {"dmean2": [0.548863828182, 0.476871103048, 0.427289158106, 0.352070391178, 0.296420037746, 0.309627324343], "median": [-7.98066616058, -7.65366268158, -8.64863586426, -9.25684165955, -9.64963340759, -13.2167892456], "min": [-27.6094551086, -28.0463256836, -27.5872173309, -27.6206665039, -27.3612003326, -27.2711277008], "dvar2": [0.256482958794, 0.195366203785, 0.15787525475, 0.118180632591, 0.119473896921, 0.135226652026], "dvar": [0.122233949602, 0.101797714829, 0.083076313138, 0.0714139193296, 0.0796737745404, 0.0843150913715], "dmean": [0.34193199873, 0.301726400852, 0.27149322629, 0.233514204621, 0.217821344733, 0.247383534908], "max": [-5.0563454628, -5.0469994545, -6.29263544083, -7.02713918686, -7.41743373871, -10.7932777405], "var": [2.57236123085, 2.6195268631, 2.41913676262, 2.2002530098, 1.86161088943, 1.34272933006], "mean": [-8.27913284302, -7.9531750679, -8.89705181122, -9.54882907867, -9.88083457947, -13.2837400436]}, "erbbands_flatness_db": {"dmean2": 0.0236704517156, "median": 0.230677604675, "min": 0.0325938910246, "dvar2": 0.000433515087934, "dvar": 0.000299501931295, "dmean": 0.019071592018, "max": 0.439383327961, "var": 0.00362253398634, "mean": 0.236090496182}, "spectral_energyband_high": {"dmean2": 4.15645044995e-05, "median": 9.93318462861e-06, "min": 7.12890182072e-21, "dvar2": 1.41511140583e-08, "dvar": 6.18014883713e-09, "dmean": 2.97361420962e-05, "max": 0.00183505250607, "var": 1.80349104539e-08, "mean": 5.90968957113e-05}, "spectral_entropy": {"dmean2": 0.193214833736, "median": 6.55875015259, "min": 4.96209335327, "dvar2": 0.0356470011175, "dvar": 0.0223585888743, "dmean": 0.152052775025, "max": 9.81783008575, "var": 0.249729290605, "mean": 6.52145433426}, "silence_rate_20dB": {"dmean2": 0, "median": 1, "min": 1, "dvar2": 0, "dvar": 0, "dmean": 0, "max": 1, "var": 0, "mean": 1}, "melbands_flatness_db": {"dmean2": 0.0261555239558, "median": 0.309199362993, "min": 0.00334142893553, "dvar2": 0.000655548472423, "dvar": 0.000458116148366, "dmean": 0.0221752785146, "max": 0.645150601864, "var": 0.0084018362686, "mean": 0.315114676952}, "barkbands": {"dmean2": [2.34188464674e-05, 0.00137891154736, 0.00055095506832, 0.000235511222854, 0.000798301945906, 0.0010003305506, 0.00037749967305, 0.00154362467583, 0.00055399799021, 0.000520107569173, 0.000399465410737, 0.000458822411019, 0.000308871327434, 0.00029613004881, 0.000105409897515, 0.000146906997543, 0.000192843639525, 5.02673574374e-05, 8.36955732666e-05, 3.29975191562e-05, 2.83873905573e-05, 6.27778263151e-06, 1.88565149983e-06, 1.21501693684e-06, 4.94894038638e-07, 3.64031023992e-07, 1.28206465888e-07], "median": [5.9911808421e-06, 0.000806436408311, 0.000386073428672, 0.000147082435433, 0.000361826940207, 0.000217520879232, 0.000157364062034, 0.000385855266359, 0.000115612288937, 8.29621567391e-05, 5.98792248638e-05, 2.86767572106e-05, 2.97766782751e-05, 2.06855802389e-05, 2.00565718842e-05, 3.03043052554e-05, 2.7326750569e-05, 9.41028702073e-06, 1.67522830452e-05, 6.27891586191e-06, 3.42569001077e-06, 9.01571979739e-07, 2.56903575746e-07, 1.13432285787e-07, 4.85219970869e-08, 3.02270422026e-08, 1.33456588003e-08], "min": [6.67503805739e-24, 5.76666551389e-24, 8.27771863801e-25, 7.35839039426e-24, 1.81334320323e-23, 1.94732838809e-23, 1.70019309707e-23, 3.39493548082e-23, 4.67822505581e-23, 5.72597906607e-23, 2.04196361327e-23, 4.54360152471e-23, 6.61542920304e-2