{"tonal": {"thpcp": [1, 0.570983111858, 0.263476759195, 0.244792357087, 0.197236612439, 0.210746005177, 0.259291857481, 0.184134244919, 0.175142005086, 0.189383462071, 0.124644778669, 0.304833680391, 0.576580345631, 0.417082697153, 0.229582101107, 0.299313783646, 0.22699983418, 0.083648249507, 0.0571556575596, 0.0760437995195, 0.106691412628, 0.140194520354, 0.497864842415, 0.86462688446, 0.517032623291, 0.118279695511, 0.168079733849, 0.326029509306, 0.351897388697, 0.531825184822, 0.881888449192, 0.701320469379, 0.295958250761, 0.199646726251, 0.306935280561, 0.773574650288], "hpcp": {"dmean2": [0.192632943392, 0.170358851552, 0.192906871438, 0.144215732813, 0.105106271803, 0.0901802629232, 0.0877957940102, 0.0939391255379, 0.0680247321725, 0.0603916831315, 0.0466683134437, 0.063199236989, 0.102599978447, 0.0671572908759, 0.113806672394, 0.104876734316, 0.0887957513332, 0.0685168579221, 0.0461109094322, 0.0345250889659, 0.0401002392173, 0.055089764297, 0.054800581187, 0.175888553262, 0.310296773911, 0.17204837501, 0.0467367209494, 0.0532231405377, 0.070654168725, 0.0976259857416, 0.171505227685, 0.179289475083, 0.185409411788, 0.174429938197, 0.15422873199, 0.179173663259], "median": [0.00579125015065, 0.00878008175641, 0.00801621843129, 0.00303813605569, 0.00100188574288, 0.00114308053162, 0.00143925903831, 0.00112570554484, 0.000897500081919, 0.000492399209179, 0.000524901261088, 0.000979295466095, 0.00256874086335, 0.00167793675791, 0.00166588951834, 0.0041800364852, 0.00385260675102, 0.00264619081281, 0.000792372273281, 0.000218916960876, 0.000359188299626, 0.000904447457287, 0.00101591413841, 0.0121968919411, 0.0102138696238, 0.00653092190623, 0.000386469560908, 0.000250566430623, 0.000384163722629, 0.00272938143462, 0.0128737753257, 0.00505282031372, 0.0020320888143, 0.00187352986541, 0.000754688633606, 0.00245742802508], "min": [0, 0, 0, 0, 0, 0, 0, 0, 0, 0, 0, 0, 0, 0, 0, 0, 0, 0, 0, 0, 0, 0, 0, 0, 0, 0, 0, 0, 0, 0, 0, 0, 0, 0, 0, 0], "dvar2": [0.112330056727, 0.110198803246, 0.115748055279, 0.0967892035842, 0.071435816586, 0.0658362209797, 0.0569678917527, 0.0667464211583, 0.0385269522667, 0.036127153784, 0.0244540758431, 0.0336102023721, 0.068659670651, 0.0311915334314, 0.0722419694066, 0.0543622374535, 0.0403530858457, 0.0256691612303, 0.0148074580356, 0.0184572804719, 0.0212930385023, 0.0272098947316, 0.0248419363052, 0.0843779444695, 0.276334792376, 0.0740815773606, 0.0221756268293, 0.0240028239787, 0.0418275594711, 0.0481742545962, 0.0873307585716, 0.116343423724, 0.117477573454, 0.123371869326, 0.122932583094, 0.11683884263], "dvar": [0.0410864315927, 0.0394873842597, 0.0409989506006, 0.034975245595, 0.0259703099728, 0.0224787127227, 0.0211517363787, 0.0245870612562, 0.0140246413648, 0.0127585371956, 0.00920508988202, 0.0112324710935, 0.0227003712207, 0.0120414216071, 0.0243105404079, 0.019019074738, 0.0155630931258, 0.0102837411687, 0.00528278155252, 0.00609230343252, 0.00712284771726, 0.00861684978008, 0.00913736596704, 0.0294068250805, 0.0953741520643, 0.026378005743, 0.00797234289348, 0.00905017461628, 0.0158822052181, 0.0185847450048, 0.0321512520313, 0.04171333462, 0.0430273339152, 0.0430842190981, 0.0417831391096, 0.0422757677734], "dmean": [0.110698215663, 0.0966706722975, 0.110655069351, 0.0798210054636, 0.0583859235048, 0.0500334240496, 0.0492748953402, 0.0537222884595, 0.039621680975, 0.0345028415322, 0.0272602345794, 0.0340752378106, 0.0581107586622, 0.0385760478675, 0.0637468844652, 0.0592241771519, 0.052182674408, 0.0418977290392, 0.0257441345602, 0.0184225402772, 0.0221009831876, 0.030662432313, 0.0313529744744, 0.0973479747772, 0.166911289096, 0.0948791280389, 0.0269400477409, 0.030958417803, 0.0411697141826, 0.0573506094515, 0.100979626179, 0.101063333452, 0.105632379651, 0.0958115756512, 0.0816987603903, 0.099626749754], "max": [1, 1, 1, 1, 1, 1, 1, 1, 1, 1, 1, 1, 1, 1, 1, 1, 1, 1, 1, 1, 1, 1, 1, 1, 1, 1, 1, 1, 1, 1, 1, 1, 1, 1, 1, 1], "var": [0.102367863059, 0.153155609965, 0.06652841717, 0.0328850075603, 0.0359090007842, 0.0254885423928, 0.0277129169554, 0.040832683444, 0.0215878430754, 0.0215657223016, 0.0316144004464, 0.0107474243268, 0.0364963002503, 0.105078980327, 0.0596703588963, 0.0232232548296, 0.0365367978811, 0.0219432376325, 0.0046678041108, 0.00498466053978, 0.00773491570726, 0.00763708166778, 0.0150421699509, 0.0438743568957, 0.133296534419, 0.0489476509392, 0.0119193252176, 0.0211433731019, 0.0568840093911, 0.0497535318136, 0.0534081161022, 0.137353122234, 0.100922390819, 0.0355196520686, 0.0273732915521, 0.0369726158679], "mean": [0.202258393168, 0.261459439993, 0.149288922548, 0.0688884854317, 0.0640032738447, 0.0515693724155, 0.0551015324891, 0.0677943006158, 0.0481436364353, 0.0457925312221, 0.0495160929859, 0.0325895547867, 0.0797016471624, 0.15075238049, 0.10905020684, 0.0600264072418, 0.0782584175467, 0.0593512505293, 0.021870624274, 0.0149438865483, 0.0198823697865, 0.0278954766691, 0.0366551801562, 0.130171462893, 0.226064860821, 0.13518306613, 0.0309253428131, 0.043946031481, 0.0852434933186, 0.0920068919659, 0.139050722122, 0.230578064919, 0.183366850019, 0.0773810818791, 0.0521995201707, 0.0802511274815]}, "tuning_equal_tempered_deviation": 0.278504729271, "chords_changes_rate": 0.0339023806155, "key_key": "D", "tuning_diatonic_strength": 0.435838580132, "key_scale": "minor", "chords_number_rate": 0.00360663631, "tuning_frequency": 434.193115234, "tuning_nontempered_energy_ratio": 0.927990019321, "chords_histogram": [9.78600597382, 15.7730226517, 9.97836017609, 1.89949512482, 2.47655677795, 7.50180339813, 8.67997074127, 0.673238754272, 7.06900691986, 5.38591003418, 0.168309688568, 0.0240442417562, 0, 0.120221205056, 0, 1.58691990376, 1.15412354469, 8.51166152954, 0.264486640692, 0, 0.0480884835124, 1.49074292183, 15.0757389069, 2.33229136467], "key_strength": 0.503820359707, "chords_key": "F", "chords_strength": {"dmean2": 0.00543461646885, "median": 0.504288196564, "min": 0.216856181622, "dvar2": 2.30880268646e-05, "dvar": 2.34199760598e-05, "dmean": 0.00559182511643, "max": 0.773637890816, "var": 0.0117335887626, "mean": 0.505613386631}, "chords_scale": "major", "hpcp_entropy": {"dmean2": 0.884024918079, "median": 1.638433218, "min": 0, "dvar2": 0.567045450211, "dvar": 0.206232994795, "dmean": 0.516420960426, "max": 3.89179086685, "var": 0.453735738993, "mean": 1.63365972042}}, "metadata": {"audio_properties": {"equal_loudness": 0, "codec": "mp3", "downmix": "mix", "sample_rate": 44100, "analysis_sample_rate": 44100, "bit_rate": 160000, "md5_encoded": "b86b3d691a0d8b9f9546a9262726d8ea", "length": 193.097137451, "replay_gain": 1.70734596252, "lossless": false}, "version": {"essentia_build_sha": "70f2e5ece6736b2c40cc944ad0e695b16b925413", "essentia": "2.1-beta2", "extractor": "music 1.0", "essentia_git_sha": "v2.1_beta2"}, "tags": {"title": ["Vom BKA verfolgt"], "barcode": ["724384706227"], "media": ["CD"], "albumartist": ["Various Artists"], "language": ["mul"], "musicbrainz_recordingid": ["1a293178-1e69-4a7b-89be-9f68a965bdcc"], "musicbrainz_albumartistid": ["89ad4ac3-39f7-470e-963a-56509c546377"], "discnumber": ["1/1"], "album": ["23"], "catalognumber": ["724384706227"], "musicbrainz album release country": ["DE"], "musicbrainz album type": ["soundtrack"], "musicbrainz album status": ["official"], "originaldate": ["1999"], "date": ["1999"], "file_name": "[13] Illuminatus - Vom BKA Verfolgt.mp3", "script": ["Latn"], "asin": ["B000024006"], "musicbrainz_albumid": ["14407bec-bf70-4b40-8dc6-f6f6f79e6033"], "artist": ["Enjott Schneider"], "artistsort": ["Enjott Schneider"], "tracknumber": ["13/16"], "label": ["Virgin Schallplatten GmbH"], "albumartistsort": ["Various Artists"], "musicbrainz_artistid": ["2294ab90-9a95-44de-b19b-35e5bec6b6fc"]}}, "rhythm": {"bpm_histogram_first_peak_bpm": {"dmean2": 0, "median": 120, "min": 120, "dvar2": 0, "dvar": 0, "dmean": 0, "max": 120, "var": 0, "mean": 120}, "bpm": 119.850616455, "bpm_histogram_second_peak_spread": {"dmean2": 0, "median": 0.254901945591, "min": 0.254901945591, "dvar2": 0, "dvar": 0, "dmean": 0, "max": 0.254901945591, "var": 0, "mean": 0.254901945591}, "bpm_histogram_first_peak_weight": {"dmean2": 0, "median": 0.156565651298, "min": 0.156565651298, "dvar2": 0, "dvar": 0, "dmean": 0, "max": 0.156565651298, "var": 0, "mean": 0.156565651298}, "onset_rate": 1.40853273869, "beats_position": [0.545668900013, 1.09133780003, 1.64861679077, 2.19428563118, 2.73995471001, 3.23918366432, 3.75002264977, 4.26086139679, 4.77170038223, 5.28253936768, 5.78176879883, 6.30421733856, 6.82666635513, 7.33750534058, 7.8251247406, 8.31274318695, 8.80036258698, 9.27637195587, 9.77560043335, 10.2748298645, 10.7624483109, 11.2500677109, 11.7260770798, 12.2369155884, 12.7477550507, 13.2585935593, 13.6417226791, 14.0248527527, 14.4079818726, 14.7911109924, 15.1626300812, 15.5225391388, 15.8824491501, 16.2655773163, 16.637096405, 17.0086174011, 17.3801364899, 17.7400455475, 18.088344574, 18.4598636627, 18.8313827515, 19.2145118713, 19.5860309601, 19.96916008, 20.3290691376, 20.7005901337, 21.0721092224, 21.43201828, 21.8035373688, 22.1750564575, 22.5581855774, 22.9413146973, 23.312833786, 23.6843528748, 24.0790920258, 24.4738311768, 24.8569602966, 25.2516994476, 25.7509288788, 26.2617683411, 26.8074378967, 27.3647155762, 27.921995163, 28.4908847809, 29.0713825226, 29.6518821716, 30.2207698822, 30.778049469, 31.3469390869, 31.9274368286, 32.5195465088, 33.111656189, 33.7037620544, 34.2146034241, 34.7138328552, 35.2130622864, 35.7238998413, 36.2231292725, 36.7339668274, 37.2331962585, 37.7324256897, 38.2200431824, 38.730884552, 39.2301139832, 39.7293434143, 40.2285690308, 40.7277984619, 41.2270278931, 41.7146492004, 42.2138786316, 42.713104248, 43.2123336792, 43.7231750488, 44.2340126038, 44.7680702209, 45.2905197144, 45.83618927, 46.439907074, 47.0436286926, 47.6241264343, 48.204624176, 48.7851219177, 49.3540115356, 49.934513092, 50.5150108337, 51.0955085754, 51.6760063171, 52.1984558105, 52.7092971802, 53.2317466736, 53.7425842285, 54.2418136597, 54.7410430908, 55.2518806458, 55.7627182007, 56.2619476318, 56.761177063, 57.2604064941, 57.7596359253, 58.2936935425, 58.8393630981, 59.3618125916, 59.884262085, 60.4067115784, 60.9407691956, 61.4864387512, 62.0321083069, 62.5777778625, 63.100227356, 63.6226730347, 64.1451263428, 64.6675720215, 65.1900177002, 65.7124710083, 66.2465286255, 66.7921981812, 67.2565994263, 67.7093887329, 68.1853942871, 68.6265716553, 69.0793609619, 69.543762207, 70.0081634521, 70.4609527588, 70.9137420654, 71.3665313721, 71.8193206787, 72.2837142944, 72.7481155396, 73.2125167847, 73.6536941528, 74.094871521, 74.5360565186, 74.9772338867, 75.4300231934, 75.8828125, 76.3356018066, 76.7883911133, 77.2295684814, 77.6243057251, 78.0074386597, 78.4021759033, 78.7736968994, 79.1568222046, 79.5399551392, 79.9230804443, 80.3410415649, 80.7706069946, 81.2001800537, 81.6413574219, 82.0593185425, 82.4888839722, 82.9184570312, 83.3480224609, 83.7892074585, 84.2187728882, 84.6367340088, 85.0546951294, 85.4610443115, 85.8673934937, 86.2621307373, 86.656867981, 87.0632171631, 87.4695663452, 87.9455795288, 88.4099731445, 88.8743743896, 89.3503875732, 89.814781189, 90.2907943726, 90.8016281128, 91.3008575439, 91.8116989136, 92.3109283447, 92.8101577759, 93.2977752686, 93.7853927612, 94.2846221924, 94.7722396851, 95.2714691162, 95.7706985474, 96.2699279785, 96.8039855957, 97.3380508423, 97.8721084595, 98.3597259521, 98.8473434448, 99.3349609375, 99.8225860596, 100.310203552, 100.797821045, 101.297050476, 101.784667969, 102.2838974, 102.783126831, 103.282356262, 103.781585693, 104.280815125, 104.780044556, 105.279273987, 105.790107727, 106.300949097, 106.811790466, 107.287796021, 107.763809204, 108.251426697, 108.727432251, 109.203445435, 109.691062927, 110.17868042, 110.666305542, 111.153923035, 111.641540527, 112.140769958, 112.63999939, 113.139228821, 113.638458252, 114.137687683, 114.648521423, 115.159362793, 115.658592224, 116.215873718, 116.773147583, 117.318817139, 117.864486694, 118.421768188, 118.979042053, 119.524711609, 120.070381165, 120.61605072, 121.161720276, 121.707389832, 122.253059387, 122.810340881, 123.367614746, 123.92489624, 124.470565796, 125.016235352, 125.561904907, 126.107574463, 126.699676514, 127.291786194, 127.872291565, 128.476013184, 129.079727173, 129.567337036, 130.054962158, 130.530975342, 131.006988525, 131.48298645, 131.958999634, 132.353744507, 132.736862183, 133.131607056, 133.526351929, 133.921081543, 134.315826416, 134.710571289, 135.105300903, 135.511657715, 135.906387329, 136.289520264, 136.672653198, 137.067382812, 137.450515747, 137.84526062, 138.228393555, 138.623123169, 139.017868042, 139.412597656, 139.807342529, 140.202087402, 140.596817017, 140.99156189, 141.386306763, 141.792648315, 142.199005127, 142.593734741, 142.988479614, 143.383224487, 143.777954102, 144.172698975, 144.579040527, 144.9737854, 145.368530273, 145.763259888, 146.158004761, 146.552734375, 146.959091187, 147.35383606, 147.748565674, 148.143310547, 148.607711792, 149.04888916, 149.501678467, 150.093780518, 150.697509766, 151.289611816, 151.893325806, 152.497055054, 153.112380981, 153.716094971, 154.31980896, 154.923538208, 155.527252197, 156.130966187, 156.734695435, 157.338409424, 157.942123413, 158.545852661, 159.06829834, 159.590744019, 160.113189697, 160.658859253, 161.216140747, 161.761810303, 162.29586792, 162.829925537, 163.363983154, 163.898040771, 164.432098389, 164.954559326, 165.477005005, 165.999450684, 166.568344116, 167.137237549, 167.706115723, 168.275009155, 168.855514526, 169.4243927, 169.993286133, 170.562179565, 171.084625244, 171.595458984, 172.106307983, 172.605529785, 173.104751587, 173.603988647, 174.114822388, 174.614059448, 175.11328125, 175.624130249, 176.134963989, 176.645797729, 177.075378418, 177.516555786, 177.957733154, 178.387298584, 178.816864014, 179.223220825, 179.641174316, 180.070739746, 180.477096558, 180.88343811, 181.289794922, 181.789016724, 182.299865723, 182.810699463, 183.309921265, 183.809158325, 184.308380127, 184.819229126, 185.318450928, 185.829299927, 186.340133667, 186.839355469, 187.338592529, 187.84942627, 188.34866333, 188.847885132, 189.347122192, 189.846343994, 190.345581055, 190.856414795, 191.367248535, 191.878097534, 192.388931274], "beats_loudness": {"dmean2": 0.0664065927267, "median": 0.0344222448766, "min": 1.18127138649e-06, "dvar2": 0.0117547530681, "dvar": 0.00429672608152, "dmean": 0.0392862297595, "max": 0.759964168072, "var": 0.00642155343667, "mean": 0.0613567307591}, "danceability": 0.880087375641, "bpm_histogram_second_peak_weight": {"dmean2": 0, "median": 0.0959595963359, "min": 0.0959595963359, "dvar2": 0, "dvar": 0, "dmean": 0, "max": 0.0959595963359, "var": 0, "mean": 0.0959595963359}, "beats_count": 397, "bpm_histogram_second_peak_bpm": {"dmean2": 0, "median": 152, "min": 152, "dvar2": 0, "dvar": 0, "dmean": 0, "max": 152, "var": 0, "mean": 152}, "bpm_histogram_first_peak_spread": {"dmean2": 0, "median": 0.519379854202, "min": 0.519379854202, "dvar2": 0, "dvar": 0, "dmean": 0, "max": 0.519379854202, "var": 0, "mean": 0.519379854202}, "beats_loudness_band_ratio": {"dmean2": [0.187659695745, 0.204786628485, 0.0703723728657, 0.00922923069447, 0.00198473106138, 0.000172630418092], "median": [0.912069618702, 0.0827324390411, 0.0116786574945, 0.00206628115848, 0.00037292324123, 1.95147222257e-05], "min": [0.033609110862, 0.00105102662928, 0.000113858855912, 1.89086222235e-05, 3.38853965332e-06, 1.23760605675e-06], "dvar2": [0.0563598647714, 0.0597239881754, 0.0184836704284, 0.00033237884054, 4.66643250547e-05, 8.31324314277e-07], "dvar": [0.0195436608046, 0.0209538303316, 0.00695499451831, 0.000110147782834, 1.59807968885e-05, 3.33707248501e-07], "dmean": [0.108563385904, 0.11410959065, 0.0409288443625, 0.00514867762104, 0.00114276946988, 0.000110615044832], "max": [0.998359203339, 0.894916057587, 0.794658541679, 0.0964950695634, 0.0513014681637, 0.00929100625217], "var": [0.0464435629547, 0.0377288013697, 0.0155737660825, 0.000122055855172, 1.22396450024e-05, 3.3118334386e-07], "mean": [0.808475315571, 0.174206197262, 0.0585434325039, 0.00554417492822, 0.00124583812431, 0.000131584369228]}}, "lowlevel": {"barkbands_spread": {"dmean2": 1.156478405, "median": 2.0838227272, "min": 0.019517660141, "dvar2": 6.90902757645, "dvar": 3.04562759399, "dmean": 0.721738278866, "max": 117.455368042, "var": 18.8537197113, "mean": 2.67642736435}, "melbands_spread": {"dmean2": 1.163844347, "median": 1.80210328102, "min": 0.165997639298, "dvar2": 8.52329921722, "dvar": 3.62270641327, "dmean": 0.722600162029, "max": 157.633346558, "var": 17.5435943604, "mean": 2.66933751106}, "hfc": {"dmean2": 2.39966392517, "median": 3.54275012016, "min": 1.25301054492e-16, "dvar2": 17.3431930542, "dvar": 7.56235551834, "dmean": 1.61765694618, "max": 105.122573853, "var": 87.9475631714, "mean": 6.53106403351}, "barkbands_kurtosis": {"dmean2": 15.8159799576, "median": 8.58014297485, "min": -1.79604637623, "dvar2": 4129.71044922, "dvar": 1885.89245605, "dmean": 9.8945016861, "max": 3672.83935547, "var": 6302.29785156, "mean": 24.3302097321}, "gfcc": {"mean": [-205.524307251, 213.475234985, -44.3892402649, 8.54288482666, -9.87427997589, -0.957526266575, -17.5325374603, -6.44344902039, -7.4607591629, -4.80850410461, -4.96994876862, -7.62722349167, -0.494968473911], "icov": [[0.00136438116897, -0.00264236237854, 0.00153942254838, -0.00146373757161, 0.000478828820633, -1.62516844284e-05, -0.00150111375842, 0.0019958044868, -0.00300072040409, 0.00253087864257, -0.00235352152959, 0.00130033469759, -0.0013817155268], [-0.00264236237854, 0.0104390718043, -0.00341288652271, 0.00745069235563, -0.00244489498436, 0.00401270762086, 0.000569611554965, 0.000704467180185, 0.0022307720501, 0.000538632506505, 0.00128093792591, 0.000316156685585, 0.00204772129655], [0.00153942254838, -0.00341288652271, 0.00286118965596, -0.00216511031613, 0.000714319874533, -0.00110554450657, -0.00116690271534, 0.00168693705928, -0.00369625282474, 0.00261642038822, -0.00249758013524, 0.00167589844204, -0.00180250301491], [-0.00146373757161, 0.00745069235563, -0.00216511031613, 0.00785446353257, -0.00276343221776, 0.0044795894064, -0.00213814876042, 0.00213636853732, -1.16321343739e-05, 0.000996706774458, 0.00238958164118, -0.0021644604858, 0.00281908852048], [0.000478828820633, -0.00244489498436, 0.000714319874533, -0.00276343221776, 0.00550744868815, -0.00303421285935, 0.000755657325499, -0.000433187087765, -0.00190212368034, 0.00241501466371, -0.00315814116038, 0.00249773915857, -0.00328703899868], [-1.62516844284e-05, 0.00401270762086, -0.00110554450657, 0.0044795894064, -0.00303421285935, 0.0103731323034, -0.00556912366301, 0.00444238260388, -0.00213468004949, 0.00337562197819, 8.75016703503e-05, -0.00139809597749, 0.00234172074124], [-0.00150111375842, 0.000569611554965, -0.00116690271534, -0.00213814876042, 0.000755657325499, -0.00556912366301, 0.0133589701727, -0.00784875545651, 0.00498408731073, -0.00510872714221, 0.000648742367048, 0.00332008092664, -0.00328407436609], [0.0019958044868, 0.000704467180185, 0.00168693705928, 0.00213636853732, -0.000433187087765, 0.00444238260388, -0.00784875545651, 0.0201656296849, -0.0133105376735, 0.00991129688919, -0.00408283574507, 0.00147677585483, 0.00210162508301], [-0.00300072040409, 0.0022307720501, -0.00369625282474, -1.16321343739e-05, -0.00190212368034, -0.00213468004949, 0.00498408731073, -0.0133105376735, 0.0228674709797, -0.0161743555218, 0.00889700744301, -0.00464926520362, 0.000621374114417], [0.00253087864257, 0.000538632506505, 0.00261642038822, 0.000996706774458, 0.00241501466371, 0.00337562197819, -0.00510872714221, 0.00991129688919, -0.0161743555218, 0.0267543513328, -0.0161361005157, 0.0109067820013, -0.00579976197332], [-0.00235352152959, 0.00128093792591, -0.00249758013524, 0.00238958164118, -0.00315814116038, 8.75016703503e-05, 0.000648742367048, -0.00408283574507, 0.00889700744301, -0.0161361005157, 0.0260376725346, -0.015569485724, 0.00916638039052], [0.00130033469759, 0.000316156685585, 0.00167589844204, -0.0021644604858, 0.00249773915857, -0.00139809597749, 0.00332008092664, 0.00147677585483, -0.00464926520362, 0.0109067820013, -0.015569485724, 0.0260656774044, -0.0128236766905], [-0.0013817155268, 0.00204772129655, -0.00180250301491, 0.00281908852048, -0.00328703899868, 0.00234172074124, -0.00328407436609, 0.00210162508301, 0.000621374114417, -0.00579976197332, 0.00916638039052, -0.0128236766905, 0.018167372793]], "cov": [[5800.66992188, 1544.67077637, -1047.32312012, -478.250366211, 229.656173706, -253.877044678, 138.615203857, -231.540298462, 123.336921692, -85.8840942383, 181.384658813, -55.359954834, 201.249465942], [1544.67077637, 918.360046387, -21.2639923096, -548.883850098, 48.9808921814, -91.5146179199, -43.5039176941, -89.5079803467, -7.13267230988, -44.5350494385, 63.641242981, -60.6214447021, 31.303894043], [-1047.32312012, -21.2639923096, 1053.69946289, 65.1006622314, 72.1672134399, 122.925613403, 38.9287452698, 41.9698600769, 79.3344345093, 8.41100788116, -18.2677631378, -7.80977058411, 20.2558670044], [-478.250366211, -548.883850098, 65.1006622314, 634.565124512, 75.0659942627, 2.9600045681, 73.6491165161, 36.2474060059, 39.8399505615, 0.357033371925, -44.8373222351, 45.1983985901, 9.08380794525], [229.656173706, 48.9808921814, 72.1672134399, 75.0659942627, 304.366638184, 72.0878448486, 43.5074691772, 4.01305198669, 42.2593421936, -20.2993202209, 14.5724401474, 8.46400547028, 51.3316116333], [-253.877044678, -91.5146179199, 122.925613403, 2.9600045681, 72.0878448486, 199.60760498, 64.1717910767, 7.51120519638, 7.66690540314, -8.32089042664, -5.60315227509, 4.84441947937, 4.11672258377], [138.615203857, -43.5039176941, 38.9287452698, 73.6491165161, 43.5074691772, 64.1717910767, 157.486953735, 37.3352279663, 34.8998641968, 18.1185131073, 0.402429699898, -13.9002113342, 26.2055263519], [-231.540298462, -89.5079803467, 41.9698600769, 36.2474060059, 4.01305198669, 7.51120519638, 37.3352279663, 111.192558289, 50.6783561707, 6.21700429916, -10.2534666061, -4.06346273422, -12.7808895111], [123.336921692, -7.13267230988, 79.3344345093, 39.8399505615, 42.2593421936, 7.66690540314, 34.8998641968, 50.6783561707, 134.090698242, 52.0143699646, 3.74210786819, -0.161159709096, 28.9945011139], [-85.8840942383, -44.5350494385, 8.41100788116, 0.357033371925, -20.2993202209, -8.32089042664, 18.1185131073, 6.21700429916, 52.0143699646, 106.461540222, 33.8536186218, -7.40907812119, 9.11986923218], [181.384658813, 63.641242981, -18.2677631378, -44.8373222351, 14.5724401474, -5.60315227509, 0.402429699898, -10.2534666061, 3.74210786819, 33.8536186218, 89.7425765991, 26.9765911102, 0.826153874397], [-55.359954834, -60.6214447021, -7.80977058411, 45.1983985901, 8.46400547028, 4.84441947937, -13.9002113342, -4.06346273422, -0.161159709096, -7.40907812119, 26.9765911102, 85.4776916504, 38.0630874634], [201.249465942, 31.303894043, 20.2558670044, 9.08380794525, 51.3316116333, 4.11672258377, 26.2055263519, -12.7808895111, 28.9945011139, 9.11986923218, 0.826153874397, 38.0630874634, 110.764167786]]}, "spectral_energyband_middle_low": {"dmean2": 0.00492594623938, "median": 0.00471914606169, "min": 2.93388831223e-22, "dvar2": 0.000136295464472, "dvar": 6.03165462962e-05, "dmean": 0.00351812248118, "max": 0.29726049304, "var": 0.000576057005674, "mean": 0.0126618351787}, "melbands_crest": {"dmean2": 5.92619466782, "median": 20.4790802002, "min": 2.60875201225, "dvar2": 35.3066558838, "dvar": 11.6526794434, "dmean": 3.513058424, "max": 38.839553833, "var": 42.9211845398, "mean": 21.2830467224}, "spectral_kurtosis": {"dmean2": 32.6280136108, "median": 63.2780380249, "min": -1.21080112457, "dvar2": 964.864257812, "dvar": 334.392608643, "dmean": 19.1815948486, "max": 307.974609375, "var": 2273.85351562, "mean": 71.8799819946}, "spectral_rms": {"dmean2": 0.00184697587974, "median": 0.00573815079406, "min": 3.28221629563e-12, "dvar2": 4.71213752462e-06, "dvar": 1.67031771525e-06, "dmean": 0.00114053802099, "max": 0.0313983410597, "var": 1.6165413399e-05, "mean": 0.00644662836567}, "zerocrossingrate": {"dmean2": 0.00230534514412, "median": 0.00732421875, "min": 0.0009765625, "dvar2": 6.69310975354e-05, "dvar": 3.32448616973e-05, "dmean": 0.00164322264027, "max": 0.5048828125, "var": 0.000279993051663, "mean": 0.00911090429872}, "silence_rate_60dB": {"dmean2": 0.0336740836501, "median": 0, "min": 0, "dvar2": 0.0404769256711, "dvar": 0.0165522396564, "dmean": 0.0168350171298, "max": 1, "var": 0.0711326599121, "mean": 0.0770710557699}, "erbbands_kurtosis": {"dmean2": 3.65667867661, "median": 2.56899261475, "min": -1.81158697605, "dvar2": 37.8247375488, "dvar": 14.4232826233, "dmean": 2.39550256729, "max": 128.3152771, "var": 67.4680633545, "mean": 5.42664670944}, "erbbands": {"dmean2": [1.33671855927, 2.89141821861, 5.32155942917, 4.70156669617, 6.9918384552, 11.0084152222, 7.94689655304, 13.7748088837, 8.06593418121, 6.61801290512, 5.55922889709, 2.93843126297, 2.32469344139, 2.37358355522, 1.84595918655, 1.56334650517, 1.29476869106, 0.840975880623, 0.892556071281, 1.39637434483, 0.336956888437, 0.204504728317, 0.221524953842, 0.0739043131471, 0.042975705117, 0.0911758542061, 0.0204259548336, 0.00640766043216, 0.0193432699889, 0.00497872941196, 0.00144529843237, 0.000383778155083, 0.00077630369924, 0.00011917581287, 5.67564347875e-05, 3.36049779435e-05, 1.86722463695e-05, 5.53283553018e-06, 1.60629970196e-05, 3.51054732164e-05], "median": [0.455510079861, 1.86983406544, 3.87618541718, 3.59817552567, 4.77397012711, 4.07868146896, 2.86760425568, 2.05796742439, 1.79177808762, 1.14079225063, 0.923172414303, 0.645589470863, 0.46059975028, 0.475180566311, 0.375868529081, 0.414981216192, 0.255874752998, 0.213153779507, 0.198327109218, 0.136222973466, 0.0757962614298, 0.0448652915657, 0.0241167321801, 0.013291108422, 0.00754582183436, 0.00487541453913, 0.00277128629386, 0.00173139828257, 0.000878215010744, 0.000624667387456, 0.000428259168984, 0.000313893280691, 0.000236652573221, 0.000174592059921, 0.000120068136312, 7.39100651117e-05, 4.13981615566e-05, 9.51639322011e-06, 1.55347206601e-05, 3.65894593415e-05], "min": [3.34335659939e-21, 1.15148557665e-20, 1.79957989022e-20, 5.78836177246e-20, 9.39198768198e-20, 9.72589012223e-20, 1.16922406099e-19, 4.57647341568e-19, 3.3044394641e-19, 9.08072672606e-19, 1.54598836395e-18, 1.64621618441e-18, 2.78558592708e-18, 2.8587823123e-18, 1.41576087402e-18, 2.97075402951e-18, 4.70109158708e-18, 6.56308589929e-18, 3.37302912539e-18, 5.39875970395e-18, 9.09013838707e-18, 1.10983724413e-17, 1.35898222483e-17, 1.42029425804e-17, 1.29057182392e-17, 1.53368649252e-17, 1.66464473448e-17, 2.06519404209e-17, 1.56873545856e-17, 1.55753295153e-17, 1.52066154116e-17, 1.33383419713e-17, 1.12813836703e-17, 1.61437332906e-17, 1.32107336454e-17, 8.09785996888e-18, 3.1656646652e-18, 1.21958992527e-18, 3.27960672663e-19, 4.35373816902e-20], "dvar2": [5.60895490646, 21.9445571899, 80.8338775635, 66.506477356, 173.97644043, 1361.05200195, 673.829223633, 9772.2734375, 678.486938477, 799.098510742, 1017.49017334, 172.7449646, 103.737266541, 57.2221794128, 47.631652832, 28.3812084198, 24.4135608673, 10.3703622818, 11.9309740067, 140.910064697, 2.77348780632, 1.99463033676, 2.60517501831, 0.144951254129, 0.077147834003, 1.31756818295, 0.0254891440272, 0.00107781391125, 0.0292901713401, 0.00126175221521, 9.87719467958e-05, 1.4672477846e-06, 3.85130333598e-05, 8.19079062353e-08, 6.66559119011e-09, 4.29771152e-09, 4.70619210269e-10, 5.12969354494e-11, 4.23675627914e-09, 3.11259484853e-09], "dvar": [1.95292615891, 9.49580574036, 27.5254859924, 24.9765205383, 70.4167480469, 651.386962891, 321.163604736, 3653.29052734, 867.509765625, 669.034973145, 737.002868652, 145.696075439, 71.101852417, 32.8388366699, 19.0611095428, 10.776971817, 10.2511091232, 3.86567020416, 4.13858795166, 47.5706787109, 1.0297665596, 0.729790866375, 0.916203379631, 0.0561899617314, 0.0277346260846, 0.466526985168, 0.0091159734875, 0.000392633257434, 0.0102104628459, 0.000448044622317, 3.37223536917e-05, 5.64385914004e-07, 1.2429567505e-05, 2.87039796376e-08, 2.40375963578e-09, 1.88492954578e-09, 1.76488323955e-10, 1.69009511247e-11, 1.47730427891e-09, 1.16873544176e-09], "dmean": [0.784023523331, 1.83907938004, 3.16785573959, 2.9746131897, 4.54914236069, 7.68925094604, 5.35339927673, 9.68529891968, 7.57416248322, 5.52886009216, 4.44744920731, 2.41896677017, 1.78310108185, 1.6467063427, 1.16965460777, 0.991608917713, 0.815031409264, 0.509800255299, 0.522735893726, 0.807660937309, 0.201997444034, 0.12086237222, 0.130661070347, 0.0451300442219, 0.0254974253476, 0.0535304434597, 0.0121540380642, 0.00382578652352, 0.0112905791029, 0.00292125344276, 0.000829950964544, 0.000226966309128, 0.000428100669524, 6.88019572408e-05, 3.33598691213e-05, 2.00756494451e-05, 1.12265524876e-05, 3.19797823067e-06, 9.75820148597e-06, 2.16342432395e-05], "max": [35.0263214111, 118.021942139, 214.221939087, 223.958694458, 357.911712646, 1324.19848633, 951.79119873, 2740.52416992, 1582.63378906, 1427.24414062, 1479.02307129, 651.773742676, 361.215393066, 269.238983154, 121.388961792, 94.3194656372, 114.237586975, 53.9990539551, 56.0052146912, 294.225128174, 40.6074371338, 27.5723648071, 30.0434360504, 8.80794239044, 7.17698764801, 28.5120944977, 5.698990345, 1.01174628735, 4.75524139404, 0.964592754841, 0.206804692745, 0.0311592817307, 0.130610391498, 0.00680737895891, 0.00146604608744, 0.00260870205238, 0.000463725766167, 0.000167931284523, 0.00237050116993, 0.00109180156142], "var": [4.45447826385, 68.4056396484, 206.045684814, 250.650863647, 603.126464844, 5879.06445312, 2359.53759766, 19769.2050781, 8159.64501953, 3213.59472656, 2682.84960938, 727.907592773, 259.877563477, 115.943145752, 35.1306610107, 15.8109140396, 20.4980010986, 4.778236866, 4.23835468292, 69.7146911621, 1.51267158985, 0.79767203331, 1.25052213669, 0.103559285402, 0.0551187470555, 0.966046571732, 0.0165299959481, 0.000805003044661, 0.0216586310416, 0.00104599806946, 4.82463728986e-05, 2.32155002777e-06, 2.03944218811e-05, 1.42062276609e-07, 1.87319137979e-08, 9.65403668118e-09, 1.26274857237e-09, 4.99278431099e-11, 1.85107484896e-09, 6.54508935938e-09], "mean": [1.23728954792, 4.59054994583, 8.70870304108, 8.75976753235, 12.4906291962, 23.6213703156, 13.1336231232, 24.5734481812, 21.3599967957, 13.1069049835, 9.37493419647, 5.5899181366, 3.86720943451, 3.08976197243, 1.94769978523, 1.53748297691, 1.36180782318, 0.817443370819, 0.754911601543, 1.11947226524, 0.333495527506, 0.192014694214, 0.187424361706, 0.0795623734593, 0.0491274893284, 0.0886231288314, 0.0237049851567, 0.00836008507758, 0.0183290094137, 0.0051418277435, 0.00156120187603, 0.000682500598487, 0.000796638138127, 0.000270548509434, 0.000158797221957, 9.69325265032e-05, 4.98856861668e-05, 1.080558377e-05, 2.73866335192e-05, 6.41736623948e-05]}, "spectral_strongpeak": {"dmean2": 0.404725342989, "median": 0.305595070124, "min": 0, "dvar2": 0.4965236485, "dvar": 0.198763027787, "dmean": 0.242594838142, "max": 6.71645736694, "var": 0.568352460861, "mean": 0.541400015354}, "spectral_energy": {"dmean2": 0.0324964113533, "median": 0.0337495356798, "min": 1.10422674493e-20, "dvar2": 0.00267409929074, "dvar": 0.0010038043838, "dmean": 0.0200247000903, "max": 1.01050233841, "var": 0.00558201735839, "mean": 0.0591673962772}, "average_loudness": 0.143734738231, "spectral_rolloff": {"dmean2": 76.5780944824, "median": 150.732421875, "min": 43.06640625, "dvar2": 172987.578125, "dvar": 65156, "dmean": 43.0989608765, "max": 18992.2851562, "var": 362055.8125, "mean": 232.253890991}, "spectral_centroid": {"dmean2": 57.332611084, "median": 240.173629761, "min": 66.8284835815, "dvar2": 17015.8691406, "dvar": 10490.8427734, "dmean": 35.9860305786, "max": 11023.4443359, "var": 46165.703125, "mean": 277.25479126}, "pitch_salience": {"dmean2": 0.118635229766, "median": 0.433379530907, "min": 0.023993216455, "dvar2": 0.0134273748845, "dvar": 0.00447808997706, "dmean": 0.0716679692268, "max": 0.812155246735, "var": 0.0199056603014, "mean": 0.422395974398}, "spectral_energyband_middle_high": {"dmean2": 0.000162702373927, "median": 8.24955641292e-05, "min": 1.53936827675e-21, "dvar2": 2.64243254833e-07, "dvar": 1.07995610676e-07, "dmean": 0.000107022053271, "max": 0.00763164414093, "var": 2.86441064645e-07, "mean": 0.000249415752478}, "spectral_contrast_coeffs": {"dmean2": [0.06796810776, 0.0665069669485, 0.0491555742919, 0.0402620360255, 0.0282876230776, 0.0209286622703], "median": [-0.662331342697, -0.734181344509, -0.802565276623, -0.815572977066, -0.827953934669, -0.844382345676], "min": [-0.960248589516, -0.980933427811, -0.96166151762, -0.950625419617, -0.962956011295, -0.958553195], "dvar2": [0.00331647298299, 0.00290202279575, 0.00157519802451, 0.00102098518983, 0.000633886957075, 0.000359857222065], "dvar": [0.00113564007916, 0.00109258806333, 0.000607139605563, 0.000382339203497, 0.000248298398219, 0.000123872392578], "dmean": [0.0407108180225, 0.0410134680569, 0.0303675122559, 0.0240652803332, 0.0170134752989, 0.0122004849836], "max": [-0.34043392539, -0.249707922339, -0.462242543697, -0.615187227726, -0.633669018745, -0.618180632591], "var": [0.00772159500048, 0.011889510788, 0.00570966489613, 0.00308150518686, 0.0020021086093, 0.00195580068976], "mean": [-0.660351455212, -0.709059596062, -0.78937125206, -0.80897551775, -0.823583900928, -0.833576619625]}, "melbands_skewness": {"dmean2": 1.33419191837, "median": 2.65306687355, "min": -2.73295855522, "dvar2": 2.74289798737, "dvar": 0.94464379549, "dmean": 0.828289449215, "max": 25.4404411316, "var": 6.12192058563, "mean": 3.17722320557}, "spectral_spread": {"dmean2": 513694.0625, "median": 1262672.75, "min": 314066.875, "dvar2": 300809584640, "dvar": 173913161728, "dmean": 291414.96875, "max": 41166660, "var": 1256842067970.0, "mean": 1481685}, "dissonance": {"dmean2": 0.063698977232, "median": 0.393407166004, "min": 0.121452607214, "dvar2": 0.00334516353905, "dvar": 0.00119166995864, "dmean": 0.0378875844181, "max": 0.500000059605, "var": 0.00490820687264, "mean": 0.381132185459}, "spectral_skewness": {"dmean2": 1.71185934544, "median": 6.04987955093, "min": 0.00594810303301, "dvar2": 2.13969707489, "dvar": 0.762338578701, "dmean": 0.998169004917, "max": 14.3599319458, "var": 6.29556655884, "mean": 6.2295384407}, "spectral_flux": {"dmean2": 0.0447061955929, "median": 0.0642968863249, "min": 1.05082192947e-10, "dvar2": 0.00285744317807, "dvar": 0.00101146113593, "dmean": 0.0268548689783, "max": 0.429548978806, "var": 0.00347277359106, "mean": 0.0777386128902}, "spectral_contrast_valleys": {"dmean2": [0.501315176487, 0.516517221928, 0.459986656904, 0.381291031837, 0.257584810257, 0.243464335799], "median": [-6.59601211548, -7.72460460663, -8.90636348724, -9.86126327515, -10.8442687988, -13.6730690002], "min": [-27.2269706726, -27.5546131134, -27.2454509735, -27.3449115753, -27.0859012604, -27.3236694336], "dvar2": [0.174035400152, 0.17816567421, 0.163780912757, 0.12681530416, 0.0636257529259, 0.0790102630854], "dvar": [0.0692475885153, 0.0742207467556, 0.0762616172433, 0.0670084133744, 0.0373130068183, 0.0340524166822], "dmean": [0.29739677906, 0.306972831488, 0.278631389141, 0.233931064606, 0.159671396017, 0.13818770647], "max": [-4.45328855515, -5.79700708389, -5.77031946182, -6.15263700485, -8.26298904419, -11.9342308044], "var": [1.07472240925, 0.902808845043, 0.943229913712, 0.918468892574, 0.606180310249, 0.166951566935], "mean": [-6.7955904007, -7.79564857483, -8.95814037323, -9.86384010315, -10.8188037872, -13.6273336411]}, "erbbands_flatness_db": {"dmean2": 0.0226186867803, "median": 0.300655573606, "min": 0.0267316736281, "dvar2": 0.000406024802942, "dvar": 0.000174955144757, "dmean": 0.0150687275454, "max": 0.535853624344, "var": 0.00410910416394, "mean": 0.29815658927}, "spectral_energyband_high": {"dmean2": 8.1408609276e-07, "median": 2.1488003199e-07, "min": 8.12726923818e-21, "dvar2": 2.06364821065e-11, "dvar": 7.39731539912e-12, "dmean": 4.84161830627e-07, "max": 0.000107691172161, "var": 1.79449146515e-11, "mean": 1.08765959794e-06}, "spectral_entropy": {"dmean2": 0.242553144693, "median": 5.42948818207, "min": 3.6756875515, "dvar2": 0.050656657666, "dvar": 0.0214239489287, "dmean": 0.158923000097, "max": 9.79273033142, "var": 0.395420342684, "mean": 5.49216747284}, "silence_rate_20dB": {"dmean2": 0.0139506915584, "median": 1, "min": 0, "dvar2": 0.0164048802108, "dvar": 0.0069266455248, "dmean": 0.00697450712323, "max": 1, "var": 0.0116428984329, "mean": 0.988216876984}, "melbands_flatness_db": {"dmean2": 0.0447850376368, "median": 0.558007955551, "min": 0.0055127190426, "dvar2": 0.00180647615343, "dvar": 0.000634826894384, "dmean": 0.027342222631, "max": 0.837953329086, "var": 0.00803949870169, "mean": 0.556735217571}, "barkbands": {"dmean2": [0.00954912416637, 0.0226379707456, 0.00472418311983, 0.00160656869411, 0.00269057927653, 0.00140917650424, 0.000525221810676, 0.000256888364675, 0.000109232983959, 7.3953277024e-05, 5.11013786308e-05, 3.7835277908e-05, 2.64200371021e-05, 1.50233709064e-05, 2.8560816645e-05, 6.90281513016e-06, 4.51686264569e-06, 3.68320820598e-06, 7.43450300433e-07, 1.70205908034e-06, 3.37858949706e-07, 4.20617055852e-07, 3.90192376187e-08, 3.24861808565e-08, 7.72864616749e-09, 7.89780596477e-09, 1.57126525124e-08], "median": [0.00210209167562, 0.0114622954279, 0.00295031396672, 0.000713336106855, 0.00143823644612, 0.000254823447904, 8.87852729647e-05, 3.40114202118e-05, 2.09422869375e-05, 1.14687281894e-05, 6.71972202326e-06, 8.08161894383e-06, 4.09347649111e-06, 2.50464040619e-06, 3.55088832293e-06, 1.26897236896e-06, 7.73993065195e-07, 3.33383809448e-07, 1.68154514313e-07, 9.11009507831e-08, 5.45954748077e-08, 2.23583054293e-08, 1.4717925545e-08, 1.30549793198e-08, 1.38878997191e-08, 1.61973137125e-08, 3.12141890113e-09], "min": [2.72689493412e-23, 7.38931374175e-23, 1.1918451344e-23, 2.98835877908e-23, 3.05260518892e-23, 3.7164269075e-23, 1.54676233313e-23, 8.5256741866e-23, 7.66438449069e-23, 1.24011597495e-22, 1.97624708224e-23, 7.26961829888e-23, 9.00132449584e-23, 1.26411728887e-22, 4.78279551077e-23, 1.37101172806e-22, 2.46881807924e-22, 3.00805865537e-22, 2.25231072307e-22, 2.8538811557e-22, 4.99254087748e-22, 4.04555412909e-22, 5.30062375136e-22, 6.48925462467e-22, 1.67498227636e-21, 1.77619507425e-21, 2.67249737064e-21], "dvar2": [0.000339333870215, 0.00144410412759, 7.72942075855e-05, 8.67966991791e-06, 4.8518380936e-05, 7.72194907768e-05, 3.08573544316e-06, 1.51387064307e-06, 2.91086024617e-07, 6.25402591936e-08, 4.64453187021e-08, 2.00867678046e-08, 9.49837009045e-09, 4.32922897531e-09, 3.5082255323e-08, 1.46641421228e-09, 6.63632093723e-10, 6.83101852861e-10, 1.17735482821e-11, 4.47203302167e-10, 7.75948402754e-12, 1.29634176657e-11, 6.61597648411e-14, 4.88359725651e-14, 1.87142321166e-16, 1.39918857928e-16, 8.24115759359e-14], "dvar": [0.000156734560733, 0.000540736480616, 2.59078315139e-05, 3.25103269461e-06, 2.38370666921e-05, 3.10452232952e-05, 3.83007954952e-06, 1.0689445844e-06, 2.27469627134e-07, 3.9900633908e-08, 1.80526953386e-08, 7.47765671605e-09, 3.97641253258e-09, 1.60372359836e-09, 1.17289786772e-08, 5.39627453833e-10, 2.54228998964e-10, 2.52070198048e-10, 4.243533476e-12, 1.58205587519e-10, 2.79213631382e-12, 4.56010186209e-12, 2.24711132406e-14, 1.59778569227e-14, 7.20909939931e-17, 5.34408604331e-17, 2.84593447983e-14], "dmean": [0.00618420774117, 0.0136911636218, 0.00280863791704, 0.0010042124195, 0.00186475494411, 0.0010099603096, 0.000492825638503, 0.000198216555873, 8.9163055236e-05, 5.33552192792e-05, 3.21973348036e-05, 2.38223929045e-05, 1.64984430739e-05, 9.00291615835e-06, 1.65286037372e-05, 4.09244239563e-06, 2.7297712677e-06, 2.19873390961e-06, 4.40408683744e-07, 9.99781832434e-07, 2.02873494004e-07, 2.47067674763e-07, 2.23659917253e-08, 1.80670483019e-08, 4.48827863764e-09, 4.57188154002e-09, 8.50240766681e-09], "max": [0.446421444416, 0.674555957317, 0.215443134308, 0.0604334