{"tonal": {"thpcp": [1, 0.557188510895, 0.223949149251, 0.186112463474, 0.269867926836, 0.623558282852, 0.798433899879, 0.555676937103, 0.478312075138, 0.494667083025, 0.317708283663, 0.30329528451, 0.400161474943, 0.363636553288, 0.690258145332, 0.945774078369, 0.557180702686, 0.239974752069, 0.196522623301, 0.231740251184, 0.55300539732, 0.797447741032, 0.539154887199, 0.321177423, 0.287153273821, 0.254332125187, 0.474812060595, 0.625503242016, 0.511338829994, 0.802434206009, 0.946524381638, 0.485572338104, 0.224171027541, 0.206235811114, 0.256132125854, 0.730358064175], "hpcp": {"dmean2": [0.242386028171, 0.251236408949, 0.208609938622, 0.169778138399, 0.147654116154, 0.135052278638, 0.149340942502, 0.171974360943, 0.222182586789, 0.238100349903, 0.204129248857, 0.13820682466, 0.124859564006, 0.146850898862, 0.199576735497, 0.214521244168, 0.201435044408, 0.150756374002, 0.120021544397, 0.135768547654, 0.176580503583, 0.201977267861, 0.228365495801, 0.277041316032, 0.250993579626, 0.185978755355, 0.11648696661, 0.10934753716, 0.152758702636, 0.226292252541, 0.245497882366, 0.208019986749, 0.141379639506, 0.122765168548, 0.169146746397, 0.235644936562], "median": [0.11150111258, 0.0837460979819, 0.0495586842299, 0.0325039438903, 0.0298257600516, 0.041976775974, 0.0483080781996, 0.0585192330182, 0.122883550823, 0.150455981493, 0.097304686904, 0.0288161337376, 0.0199079141021, 0.0262824594975, 0.0800187140703, 0.109427243471, 0.0804797038436, 0.032494276762, 0.0206919815391, 0.0227622892708, 0.0409644767642, 0.0618117526174, 0.0931844860315, 0.138878673315, 0.138700038195, 0.0669177621603, 0.0220744330436, 0.0192948617041, 0.0380661040545, 0.120803415775, 0.166231408715, 0.0956487730145, 0.0271751619875, 0.0180267430842, 0.0300874002278, 0.0805622339249], "min": [0, 0, 0, 0, 0, 0, 0, 0, 0, 0, 0, 0, 0, 0, 0, 0, 0, 0, 0, 0, 0, 0, 0, 0, 0, 0, 0, 0, 0, 0, 0, 0, 0, 0, 0, 0], "dvar2": [0.0889848768711, 0.106137685478, 0.0990419611335, 0.0777123868465, 0.0582821294665, 0.0477245561779, 0.0576104484499, 0.0650466904044, 0.0826835632324, 0.0975650027394, 0.0862108170986, 0.0666533634067, 0.060726556927, 0.0705836862326, 0.0817125067115, 0.0828861072659, 0.0823313072324, 0.0684329345822, 0.0524358898401, 0.0561936013401, 0.0711964219809, 0.0836320668459, 0.0816954821348, 0.113094165921, 0.09935747087, 0.062438916415, 0.0367026180029, 0.0370548591018, 0.0588230341673, 0.0826177448034, 0.0982128083706, 0.0737886205316, 0.0652195215225, 0.0546547137201, 0.0765298679471, 0.101021580398], "dvar": [0.0381464026868, 0.0389712117612, 0.036052018404, 0.0311408080161, 0.0217620581388, 0.0182006619871, 0.0230901390314, 0.023841002956, 0.0315015502274, 0.0408589988947, 0.0316289775074, 0.0244232937694, 0.0221125781536, 0.0250560659915, 0.0300969835371, 0.0345416329801, 0.030637877062, 0.025328207761, 0.0208314787596, 0.0208206828684, 0.0275639537722, 0.0330501496792, 0.0300582852215, 0.0422630496323, 0.0426924340427, 0.0259011872113, 0.0142437722534, 0.0133431702852, 0.021163854748, 0.0328264683485, 0.0422430746257, 0.0275197401643, 0.0222513806075, 0.0196449067444, 0.0276083983481, 0.0377442054451], "dmean": [0.145419418812, 0.14476147294, 0.119015045464, 0.0975166037679, 0.0848589837551, 0.078428439796, 0.0881313234568, 0.0978915169835, 0.130789801478, 0.142313838005, 0.119881615043, 0.0784799605608, 0.0698753967881, 0.0814800933003, 0.117601811886, 0.128302231431, 0.118264846504, 0.0856768861413, 0.068249873817, 0.0770002529025, 0.1032788679, 0.118411257863, 0.131059452891, 0.161415427923, 0.148938074708, 0.111106827855, 0.0671997591853, 0.0620650276542, 0.0862239897251, 0.134860515594, 0.14610864222, 0.121775470674, 0.0781983211637, 0.068142965436, 0.09476044029, 0.137031763792], "max": [1, 1, 1, 1, 1, 1, 1, 1, 1, 1, 1, 1, 1, 1, 1, 1, 1, 1, 1, 1, 1, 1, 1, 1, 1, 1, 1, 1, 1, 1, 1, 1, 1, 1, 1, 1], "var": [0.0969961807132, 0.0532763600349, 0.05625333637, 0.0804652944207, 0.0297139063478, 0.0237687397748, 0.0451549291611, 0.0297872461379, 0.0663230195642, 0.117510654032, 0.0470181889832, 0.0217116624117, 0.0178398843855, 0.0207918137312, 0.0524426698685, 0.102024123073, 0.0532319396734, 0.0358525514603, 0.0440822280943, 0.0247156061232, 0.0530328676105, 0.0834814459085, 0.0416135936975, 0.0837921574712, 0.125660717487, 0.0436902567744, 0.0164066348225, 0.0154773863032, 0.0187073871493, 0.0750165209174, 0.126813292503, 0.0455467961729, 0.0174330882728, 0.0155363781378, 0.0252817813307, 0.0670706406236], "mean": [0.264410257339, 0.184018597007, 0.158398360014, 0.163814499974, 0.105212628841, 0.100439608097, 0.132517918944, 0.120422281325, 0.228586658835, 0.313203603029, 0.184516578913, 0.0794703066349, 0.0650806501508, 0.0767433568835, 0.183133885264, 0.264083683491, 0.178547129035, 0.106361471117, 0.0950939953327, 0.084224909544, 0.157239288092, 0.207142353058, 0.169335544109, 0.265735000372, 0.313452064991, 0.160802677274, 0.074236728251, 0.0682972818613, 0.0848210006952, 0.241866186261, 0.331161111593, 0.184519156814, 0.0741632506251, 0.0616332106292, 0.0893697664142, 0.206498250365]}, "tuning_equal_tempered_deviation": 0.0186376459897, "chords_changes_rate": 0.0326211825013, "key_key": "F", "tuning_diatonic_strength": 0.631517767906, "key_scale": "major", "chords_number_rate": 0.00183781294618, "tuning_frequency": 440.763122559, "tuning_nontempered_energy_ratio": 0.685362517834, "chords_histogram": [24.5348033905, 5.28371238708, 22.1686191559, 0.275671958923, 15.6443834305, 0, 0, 0, 0, 0.551343917847, 0, 0, 0, 0, 0, 0, 0, 0.0229726620018, 0, 4.80128669739, 4.18102455139, 0.82701587677, 13.6687345505, 8.04043197632], "key_strength": 0.825432538986, "chords_key": "F", "chords_strength": {"dmean2": 0.00764655414969, "median": 0.618356108665, "min": 0.271924108267, "dvar2": 4.87463148602e-05, "dvar": 6.62812744849e-05, "dmean": 0.00972967315465, "max": 0.832202613354, "var": 0.0098416628316, "mean": 0.610831916332}, "chords_scale": "major", "hpcp_entropy": {"dmean2": 1.21581542492, "median": 1.94338572025, "min": 0, "dvar2": 0.954285919666, "dvar": 0.354766726494, "dmean": 0.724894225597, "max": 4.46334028244, "var": 0.626365423203, "mean": 1.91856777668}}, "metadata": {"audio_properties": {"equal_loudness": 0, "codec": "mp3", "downmix": "mix", "sample_rate": 44100, "analysis_sample_rate": 44100, "bit_rate": 192024, "md5_encoded": "af025e6117d378b1157c33e1a1258058", "length": 202.083267212, "replay_gain": -5.73415756226, "lossless": false}, "version": {"essentia_build_sha": "2d9f1f26377add8aeb1075a9c2973f962c4f09fd", "essentia": "2.1-beta2", "extractor": "music 1.0", "essentia_git_sha": "v2.1_beta2-1-ge3940c0"}, "tags": {"title": ["Diese Nacht soll nie enden"], "language": ["ger"], "acoustid_fingerprint": ["AQADtBm1OFGUCE8eBXpyuGJm5MrxRHmwjcUVvEdOYlJKLxDP4-h5XMUxJu8RTyFKb4dr4zluw5aSot9xIfahh19wfkWW7XDMPEU_C8d_1HGP5sL3oLli9AevHXly6FR89EjR80b4ED-6M7g0Ip_s4sNfMD_cW_DRVxJ-5O4OjcuRtzg-xoGtHTf8GH2Po1fgg9FvnD9i6CSmfxm84z9-FONPdP6RRgteTcRBXcNJ_EaV5TM-nFfw7BpyJM3x40K5p6Bq4wyP86iA74j7Qzl-hLmW4ojO4IV-5EdVEe20Co-uwT_OBQ-VFd6O8AtOaNk-dIqPStRi-HgP-yi1eWgPVZWDTX-I-oOuiCPyH116Eo4_XExRRyv-46lypCWST1fwXInxonlQUTnOMMSvoHmKLsYefElxqUGjZ1KMSDahakKeoz--os-OXBJ-9D_C4MkyYzp1NMePKg28aefwXAbjzUIvHQmP9BKqJDwuHc-mgW9Ww-uD6_iR9EaoKNqB8shyuIbOIBdnODuaJJ2FM7ikCTZ__ENuHVOeIzyjHMcnPDz245SOSnmogFJaBreQ8MjFHH3O4Amf4ZN-_MFn4UrRpHmF-sb3ol8KX4eP5Eg96UH_BPelEA8ffFWO7SE-vDO-LknQR9hRMsFzNG2E8Mo4VJmpJJBG-_BDPCs-49CTENSZMcinJER_oc8Qi3ghKkLl4-jhH66KPoce5fCkqEXeI06IK8UPLe6iIA2PJ0z0wARD7vgV5IJYSTnyScUjPfgDx-Rx42dCZIfyFWFuVFk4Fpfw0ETOzkhuBc1RD886_FuCtkOz4i-S9BRyMXhzoP_QTDpyorJIaHk8PFqGL3mCs8VTfJbQJX0gRhZq6XgSVJeQHlYT9DvOx_jyoVWOJtKIG38uoU9SgTmPH5eSeEieC_mFX6g4nvCfoD9enArxjLrg88idQnOSI8z1gcdffHpwTTnaCN7jwDV6t-CP3IeWIxQO_Kg0dTDDVEGvaMh_6Lge4zneHZrgxDm0Sz5yycKPqzlqZfClG_m1QueRHuVqPMJPlO9xXJ-OPkcu5hn0HllE4UvRS9FxZ8SfHFeiIA-NbqcEscqMksKXtBGe48yNyszRnNAXBqU2mDtRHk-U48MPXXuRu0WrHp6FH70-HE824fKNisnhjwhn3PmgpSk-HjkPv8cvZLqEnlFwG7p2nMmH-zhKkmiuQD8-PrihKVeK5gxy4AzOHSf-6Qj9QrSL_giPn0FP5Dp-Q1tko0HsGNfRZoc3HQ6P59ty5D18EqVytNEVeEWPPDsuXuj0RsU26_iG8OgP_UV_40V4_NijE48lF35QsceRdW4O7UOewpG2jEK_4lQZ4b4ExiJ8Kehl_AyuVMdfCTmh6UgnHu3Ru3iFS_zxR3iDMCHyUcF3uErx6Mg7NDEzlEWuo-7h5CTeEP0i8MezPmj2ILzwH73QQzXynWjaoCWNHr9wZzOs3jAvcHqQ_kF9Q21jdJOEJnYx8fDyFPqOpsEbPKjNDuKW5GgHPR5qfWg2MUctIkyOp8fe4zc4Z8eFS8Xu4vJRbdfgo4qXCf_xC-GPhA6N69h29MY7fFnkBL3wIF8gVrRx_PCqBPqN-3CTQHd8fEZ6ofwO3uGIL1RyPGwjXHnRww_aixZO5NSh70ee45KfDM1THP5RSTvyQuNxCZq3HPmH-0H3yHC0oz14Hg-PJ0TuIBnJDM1P7HuCH90cNDuP8wl6YYuqxKh9PLlQU3jhpzjpw1mOZxWSiQpPhD_80LiERpWRK7vwxwmSHj2YTOpwZy3e4zQVhGcm6MMVpE-HO43wU7jI4yoPJ8mI_uDxHNkf6BsP_8ijbUOuFfqH8K0Fp8nxbMdfPDnOPHh_hF6OZKSCRgl-8O3wbIL_4z9-4fpQ5ciiIRdKHb6PHA6baOic47igyxOeUuiP5uDiiFDvIkedsoEnSTkeCteD80QVNjvyDMmew29QH1_wJcY1BTeP_NDkQ4v2CXnyGFeig5OFvod_VDeuD_leJGqi5PhzPJi-w-EnVFke4cEenMJz1I0E5xmjGOeXI1MOjQyPZ-iBJxQknamCk1IQ-8I15IU6pD9qHfdc9PAPnEMvFmdy6Dm-BW_wL0bzKEOlHD2oM0i7rEOvQ6WkwApz6JkRN0zhR5xx7XjwU-CHiDqhJdEshGyCRzqOHH_wWxPESfnxRBKJH1c2VM6MRv2gvxibLEc_9MGP41ty4nHx40yOa8d1aHJ4VKJ2oUWaRDf65LiKPjt8pA_6C2qiHWGFR3BU6kR__Inw4sNvXNKDX8F35IembOzg_BnCo2d6nLhf2M3hSkefB-d-PGzxBzlP4uGNPg8OfUiV_mD04bfwLiFOB0dTVNkYjMijJEmgWdKJ9MKTCrcobG6GWllxH8_RXEXNB9EfaG-RL8cPzzryisQ3iYJYhB0romQIH_4xUSKP60KuLc-gkUQYBlULJpqyHNfx_Djy6Yf2kMPJVGioJB0e4Yb-oHnQmcfFMEQPb2hV42EW4YLqKA_y9EMv4xMPc-RxEf_xBXuy4yYmKje6vjhyMVCn0IYnBSHOPPgugsklhF-iHPrx49mDS_hQ_tDyEF_xK7gkPriG5g00_MMfPMRHQ9cF5kdaB_0nZLEPjzlhH9WidIIcWkKoB83uFFeHR0efzmi64_6D5-EAZpxDghAEtBbAEgLKMIIZJAFTQBChABHJEEKdIIQAgBgBjAANgAGEICCQUgBQABQEBhAEnDMIGAUIJAQaAZwBRBgkAgiGIEKIEAEQhAhjSiglEBXAIc6JYEIgQQwjzBCBCICAKECIIgIBAAACxBiKqEAGGQaJwMpBgJxzggglFAVIECGAAQYYJowhHgghyBGAIyCQcQAIQYBQTmBgBEAGCEAEAQQYgYQyiAhkCCIECAMYAAIgaogBABBCDZCACGM0ZgoYBYhBQAIgIBTSCQOIEIIJjggiAmJEALDEAMOEIsgQg6gzBBFSBFGAIRIAMcIwAYAyRhCAhJESMQCAkYBRQIQCxgEiDQQOGSOEAUkhQIwgQiFoABACEMOMMwJYAgBQBgAqBAAEAIAAoIAoAJQRDDGmDBEAKaIAI8A4hAARCgiHgJAEAEGEIcQRggAjzCBGiBDKQQc0EkBIAgQGACiBFKCSACMEM4QSIJAgRQIjkGICEiKAEIIQAIRQSDhgiABACEYwUFIJAwAxgAgoAAAICmUMAwoI4ZQABFBxhGBQACCIIRIRAoRjCiCgDBFEW0AEE8EIRxQBDgBjAACICAQYA4IICQBAwiFAAAMIAaQMZUgxRoggAABBDLJASaaIcAIIgQABREgDjAQCIIMUQAgg5YBSThACmFLECAYIMUQxoAQQyAgqEFBEEISEd0ABhAAniBFRHCNMAIEUUE5pZJBR0hgkgBCKMIOQIIQRIA0DiBpCDBAESEUUA0oQYAAgzgIKCGAEAKAQIIAQCgQCHiJDFACnSAMMQBJAQgwggGgLhDJAAWIgEQAAgxBCQgFrAEGQWOkAAQYRKIUBWAiGDBKCAGAAFUIQAgxgBFBmCNMCUYqAAMAQwgShyAhDpELEIAEIM0QIZoAARFikrENKMICEIEAQwAgzBinnDANOAGGQQUgBYARCQiEAGKLICGaAAEoAApARzCgggAFAAA"], "date": ["1998"], "genre": ["Pop"], "musicbrainz_releasegroupid": ["9739af36-8772-3800-bf95-9108b9a400e9"], "musicbrainz album type": ["Album"], "musicbrainz_recordingid": ["1a2b863e-a508-4679-b0c9-62210d070512"], "musicbrainz_albumartistid": ["f8653ae9-b729-4f36-99a5-e05eae90b640"], "musicbrainz_albumid": ["bab1ff93-c3fc-48dd-abe8-fbcc6d6decc9"], "artist": ["Andrea Berg"], "tracknumber": ["09"], "bpm": ["125.34"], "album": ["Zwischen Tausend Gef\u00fchlen"], "musicbrainz album release country": ["DE"], "acoustid_id": ["135ebc74-8621-45e7-a5d5-7e343aff28b9"], "musicbrainz_artistid": ["f8653ae9-b729-4f36-99a5-e05eae90b640"], "file_name": "Andrea Berg - Diese Nacht soll nie enden.mp3"}}, "rhythm": {"bpm_histogram_first_peak_bpm": {"dmean2": 0, "median": 94, "min": 94, "dvar2": 0, "dvar": 0, "dmean": 0, "max": 94, "var": 0, "mean": 94}, "bpm": 94.0226364136, "bpm_histogram_second_peak_spread": {"dmean2": 0, "median": 0, "min": 0, "dvar2": 0, "dvar": 0, "dmean": 0, "max": 0, "var": 0, "mean": 0}, "bpm_histogram_first_peak_weight": {"dmean2": 0, "median": 0.841269850731, "min": 0.841269850731, "dvar2": 0, "dvar": 0, "dmean": 0, "max": 0.841269850731, "var": 0, "mean": 0.841269850731}, "onset_rate": 4.96301555634, "beats_position": [0.592108845711, 1.20743763447, 1.8111563921, 2.43809509277, 3.07664394379, 3.7151927948, 4.35374164581, 4.99229001999, 5.630838871, 6.26938772202, 6.90793657303, 7.5464849472, 8.18503379822, 8.82358264923, 9.46213150024, 10.1006803513, 10.7392292023, 11.3777770996, 12.0163259506, 12.6548748016, 13.2818136215, 13.9319725037, 14.5705213547, 15.2090702057, 15.8476190567, 16.4861679077, 17.1247158051, 17.7632656097, 18.4018135071, 19.0287532806, 19.667301178, 20.3058490753, 20.94439888, 21.5945568085, 22.2331066132, 22.8716545105, 23.5102043152, 24.1487522125, 24.7873020172, 25.4258499146, 26.0643978119, 26.7029476166, 27.3414955139, 27.9800453186, 28.6069831848, 29.2571430206, 29.895690918, 30.5342407227, 31.17278862, 31.8113365173, 32.4382743835, 33.0884361267, 33.7269821167, 34.3655319214, 35.0040817261, 35.6426315308, 36.269569397, 36.908115387, 37.5466651917, 38.1852149963, 38.823764801, 39.462310791, 40.1008605957, 40.7394104004, 41.3779602051, 42.0165061951, 42.6550559998, 43.2936058044, 43.9321517944, 44.5707015991, 45.2092514038, 45.8478012085, 46.4863471985, 47.1248970032, 47.7634468079, 48.3903846741, 49.0289344788, 49.6790924072, 50.3176422119, 50.9561882019, 51.5947380066, 52.2332878113, 52.871837616, 53.4987754822, 54.1373214722, 54.7758712769, 55.4260292053, 56.06457901, 56.7031288147, 57.3300666809, 57.9802246094, 58.6187744141, 59.2573242188, 59.8958702087, 60.5344200134, 61.1613578796, 61.7999076843, 62.438457489, 63.0886154175, 63.7155532837, 64.3541030884, 64.9926528931, 65.6312026978, 66.2697525024, 66.9082946777, 67.5468444824, 68.1853942871, 68.8239440918, 69.4624938965, 70.1010437012, 70.7395935059, 71.3781356812, 72.0166854858, 72.6552352905, 73.2937850952, 73.9323348999, 74.5708847046, 75.2094345093, 75.8479766846, 76.4865264893, 77.1250762939, 77.7636260986, 78.4021759033, 79.040725708, 79.6792755127, 80.3178253174, 80.9563674927, 81.5949172974, 82.2334671021, 82.8720169067, 83.5105667114, 84.1491165161, 84.7876663208, 85.4262084961, 86.0531539917, 86.691696167, 87.3302459717, 87.9687957764, 88.6073455811, 89.2458953857, 89.8844451904, 90.5229949951, 91.1615371704, 91.8000869751, 92.4386367798, 93.0771865845, 93.7157363892, 94.3542861938, 94.9928359985, 95.6313781738, 96.2699279785, 96.9084777832, 97.5470275879, 98.1855773926, 98.8241271973, 99.462677002, 100.101219177, 100.739768982, 101.378318787, 102.016868591, 102.655418396, 103.293968201, 103.932518005, 104.571060181, 105.209609985, 105.84815979, 106.486709595, 107.125259399, 107.763809204, 108.402359009, 109.040908813, 109.66784668, 110.306388855, 110.94493866, 111.595100403, 112.233650208, 112.872200012, 113.499137878, 114.137687683, 114.776237488, 115.414779663, 116.053329468, 116.703491211, 117.342041016, 117.98059082, 118.607528687, 119.246078491, 119.884620667, 120.523170471, 121.161720276, 121.800270081, 122.438819885, 123.07736969, 123.715919495, 124.366073608, 124.993011475, 125.631561279, 126.270111084, 126.908660889, 127.547210693, 128.185760498, 128.824310303, 129.462860107, 130.101409912, 130.739959717, 131.378494263, 132.017044067, 132.655593872, 133.294143677, 133.932693481, 134.571243286, 135.209793091, 135.848342896, 136.4868927, 137.125442505, 137.76399231, 138.402542114, 139.041091919, 139.679641724, 140.31817627, 140.956726074, 141.595275879, 142.233825684, 142.872375488, 143.499313354, 144.137863159, 144.776412964, 145.414962769, 146.053512573, 146.692062378, 147.330612183, 147.969161987, 148.607711792, 149.257858276, 149.884811401, 150.523345947, 151.161895752, 151.800445557, 152.438995361, 153.065933228, 153.716094971, 154.354644775, 154.99319458, 155.620132446, 156.258682251, 156.908843994, 157.547393799, 158.185943604, 158.824493408, 159.463043213, 160.101577759, 160.728515625, 161.378677368, 162.017227173, 162.655776978, 163.294326782, 163.932876587, 164.559814453, 165.209976196, 165.836914063, 166.475463867, 167.114013672, 167.752563477, 168.391113281, 169.029663086, 169.668212891, 170.318359375, 170.945297241, 171.583847046, 172.222396851, 172.860946655, 173.49949646, 174.149658203, 174.776596069, 175.415145874, 176.053695679, 176.692245483, 177.330795288, 177.969345093, 178.607894897, 179.246429443, 179.884979248, 180.523529053, 181.162078857, 181.800628662, 182.439178467, 183.077728271, 183.716278076, 184.354827881, 184.993377686, 185.643539429, 186.270477295, 186.9090271, 187.547576904, 188.18611145, 188.824661255, 189.46321106, 190.101760864, 190.740310669, 191.378860474, 192.00579834, 192.644348145, 193.282897949, 193.933059692, 194.571609497, 195.210159302, 195.848709106, 196.487258911, 197.114196777, 197.752746582, 198.391296387, 199.029830933, 199.668380737, 200.306930542, 200.945480347, 201.584030151], "beats_loudness": {"dmean2": 0.0356396026909, "median": 0.0206028707325, "min": 8.81623145688e-06, "dvar2": 0.000576434656978, "dvar": 0.00022935148445, "dmean": 0.0197340399027, "max": 0.07696595788, "var": 0.00031500714249, "mean": 0.0238928347826}, "danceability": 1.11414134502, "bpm_histogram_second_peak_weight": {"dmean2": 0, "median": 0.00317460321821, "min": 0.00317460321821, "dvar2": 0, "dvar": 0, "dmean": 0, "max": 0.00317460321821, "var": 0, "mean": 0.00317460321821}, "beats_count": 316, "bpm_histogram_second_peak_bpm": {"dmean2": 0, "median": 99, "min": 99, "dvar2": 0, "dvar": 0, "dmean": 0, "max": 99, "var": 0, "mean": 99}, "bpm_histogram_first_peak_spread": {"dmean2": 0, "median": 0.156050950289, "min": 0.156050950289, "dvar2": 0, "dvar": 0, "dmean": 0, "max": 0.156050950289, "var": 0, "mean": 0.156050950289}, "beats_loudness_band_ratio": {"dmean2": [0.591903269291, 0.273305296898, 0.219334647059, 0.264588534832, 0.167459011078, 0.19566655159], "median": [0.31379365921, 0.16048181057, 0.0995812863111, 0.0681260377169, 0.0748067498207, 0.120703011751], "min": [7.66216398915e-05, 0.000739781418815, 0.00732039427385, 0.00445396918803, 0.00378285348415, 0.00524636311457], "dvar2": [0.12292855978, 0.0608113408089, 0.0342170484364, 0.0710425376892, 0.0297781135887, 0.0352513939142], "dvar": [0.0446355678141, 0.0216555409133, 0.0115485787392, 0.0243584830314, 0.010677497834, 0.0121149756014], "dmean": [0.334258586168, 0.158797338605, 0.127403080463, 0.146162539721, 0.0967332422733, 0.112651012838], "max": [0.932254910469, 0.884412944317, 0.634086370468, 0.775803983212, 0.578095734119, 0.791442573071], "var": [0.065113581717, 0.0260000322014, 0.0141696119681, 0.02179023996, 0.0116517078131, 0.0132978865877], "mean": [0.321262747049, 0.200492709875, 0.134638100863, 0.130854323506, 0.112510152161, 0.141552641988]}}, "lowlevel": {"barkbands_spread": {"dmean2": 14.2424430847, "median": 27.4758300781, "min": 1.17793440819, "dvar2": 280.661956787, "dvar": 134.590316772, "dmean": 9.68873214722, "max": 116.116905212, "var": 317.550567627, "mean": 30.8853111267}, "melbands_spread": {"dmean2": 15.7506160736, "median": 27.4148139954, "min": 0.999844372272, "dvar2": 452.978149414, "dvar": 217.940109253, "dmean": 10.2960567474, "max": 283.815307617, "var": 667.166748047, "mean": 33.2392883301}, "hfc": {"dmean2": 13.4614896774, "median": 12.316403389, "min": 1.17537587249e-16, "dvar2": 450.030212402, "dvar": 205.500579834, "dmean": 9.40102672577, "max": 194.638198853, "var": 588.914794922, "mean": 21.413640976}, "barkbands_kurtosis": {"dmean2": 3.48031163216, "median": 0.436998903751, "min": -1.88152098656, "dvar2": 48.4933547974, "dvar": 20.2954788208, "dmean": 2.1836681366, "max": 117.405189514, "var": 37.4729118347, "mean": 2.30050849915}, "gfcc": {"mean": [-14.8616876602, 67.4496917725, -108.14730072, 23.3824615479, -51.8217010498, 9.06978321075, -39.0317611694, 10.2779302597, -30.2745285034, 3.4208688736, -15.0242204666, 2.21047782898, -9.22932720184], "icov": [[0.000178929331014, 0.000172653657501, 3.52855713572e-05, -5.6842527556e-05, -0.000159387331223, -6.86443745508e-05, -5.31528144165e-07, -0.000159099377925, 0.000133419860504, -0.000116508083011, -9.72766792984e-05, -0.00018779723905, -9.55480500124e-05], [0.000172653657501, 0.000904527725652, 0.000229253273574, -0.000223078153795, -0.000775938271545, -0.000405802740715, -0.00013123115059, 0.000143621437019, 0.00014175051183, 0.00074050569674, -0.000975842296612, 0.000676612951793, -0.000643150648102], [3.52855713572e-05, 0.000229253273574, 0.00126330228522, 0.000199715432245, -0.0009536993457, -0.00081430375576, 0.000538401363883, 8.75403784448e-05, 2.50231369137e-05, 0.000136540533276, 0.000180037110113, -0.000584166380577, 0.000154500477947], [-5.6842527556e-05, -0.000223078153795, 0.000199715432245, 0.00241307890974, -1.09475540739e-05, -0.00063053087797, 0.000404204271035, -0.000563695386518, -0.000769355217926, 0.000521027366631, -0.00118617503904, -0.000765267352108, 0.000188876700122], [-0.000159387331223, -0.000775938271545, -0.0009536993457, -1.09475540739e-05, 0.00428991438821, 0.00111603189725, -0.00215195445344, -0.000122920362628, -0.000457811926026, -0.000892151088919, 0.00122649152763, -0.000779544410761, 4.0028746298e-05], [-6.86443745508e-05, -0.000405802740715, -0.00081430375576, -0.00063053087797, 0.00111603189725, 0.00468536373228, -0.00150087778457, -0.000165944802575, 0.000627752568107, -0.000914449512493, 0.00185213424265, 0.000866790651344, 0.000373898190446], [-5.31528144165e-07, -0.00013123115059, 0.000538401363883, 0.000404204271035, -0.00215195445344, -0.00150087778457, 0.00659738108516, 0.000298845086945, -0.00151223374996, 0.000197593020857, -0.000915178388823, 0.00081115210196, 0.00121791288257], [-0.000159099377925, 0.000143621437019, 8.75403784448e-05, -0.000563695386518, -0.000122920362628, -0.000165944802575, 0.000298845086945, 0.00742398016155, -0.00028849276714, -0.00188468536362, -0.000207234435948, -5.03313895024e-05, 0.000324499589624], [0.000133419860504, 0.00014175051183, 2.50231369137e-05, -0.000769355217926, -0.000457811926026, 0.000627752568107, -0.00151223374996, -0.00028849276714, 0.0094082262367, -0.000911073526368, 5.45749426237e-05, 0.000328366149915, 0.000247813906753], [-0.000116508083011, 0.00074050569674, 0.000136540533276, 0.000521027366631, -0.000892151088919, -0.000914449512493, 0.000197593020857, -0.00188468536362, -0.000911073526368, 0.0122776627541, -0.00213387678377, -0.000331962539349, 2.34246763284e-05], [-9.72766792984e-05, -0.000975842296612, 0.000180037110113, -0.00118617503904, 0.00122649152763, 0.00185213424265, -0.000915178388823, -0.000207234435948, 5.45749426237e-05, -0.00213387678377, 0.0136506622657, -0.00326345372014, -0.00127511296887], [-0.00018779723905, 0.000676612951793, -0.000584166380577, -0.000765267352108, -0.000779544410761, 0.000866790651344, 0.00081115210196, -5.03313895024e-05, 0.000328366149915, -0.000331962539349, -0.00326345372014, 0.0121155101806, 0.000174188418896], [-9.55480500124e-05, -0.000643150648102, 0.000154500477947, 0.000188876700122, 4.0028746298e-05, 0.000373898190446, 0.00121791288257, 0.000324499589624, 0.000247813906753, 2.34246763284e-05, -0.00127511296887, 0.000174188418896, 0.0134838670492]], "cov": [[8438.46386719, -2153.17504883, 297.067321777, 83.7303619385, 38.4635162354, -39.2030639648, -132.658477783, 296.923370361, -73.5179824829, 256.006835938, 14.9739408493, 299.717956543, -43.2225990295], [-2153.17504883, 2356.01977539, -288.915710449, 192.783721924, 273.965423584, 92.1454238892, 201.937194824, -113.033699036, 35.9115982056, -145.840103149, 98.0359268188, -149.510391235, 89.637046814], [297.067321777, -288.915710449, 1133.50866699, -93.8592681885, 205.4347229, 136.553741455, -7.16993522644, 4.90962743759, -8.75734615326, 27.4206485748, -64.1044006348, 57.6228942871, -33.9088897705], [83.7303619385, 192.783721924, -93.8592681885, 513.944946289, -1.08505797386, 33.8825187683, -2.83809375763, 39.8498535156, 34.1323661804, -8.65446949005, 63.0110168457, 32.041053772, 6.95851373672], [38.4635162354, 273.965423584, 205.4347229, -1.08505797386, 402.384185791, 3.42237734795, 126.966575623, -1.34814250469, 35.2119064331, 10.4058361053, -7.59066009521, 9.60489845276, -3.23080468178], [-39.2030639648, 92.1454238892, 136.553741455, 33.8825187683, 3.42237734795, 288.835876465, 54.9526786804, 3.02887010574, -6.49513626099, 4.91005134583, -36.0744667053, -30.3470821381, -13.8862695694], [-132.658477783, 201.937194824, -7.16993522644, -2.83809375763, 126.966575623, 54.9526786804, 225.34803772, -11.4199800491, 37.9556007385, -2.87613797188, 1.51787626743, -25.2619667053, -13.3890142441], [296.923370361, -113.033699036, 4.90962743759, 39.8498535156, -1.34814250469, 3.02887010574, -11.4199800491, 156.341415405, 6.27427244186, 34.506942749, 7.76500988007, 17.7382965088, -6.38295507431], [-73.5179824829, 35.9115982056, -8.75734615326, 34.1323661804, 35.2119064331, -6.49513626099, 37.9556007385, 6.27427244186, 118.989494324, 7.87518501282, 5.17243242264, -2.74939703941, -4.36541604996], [256.006835938, -145.840103149, 27.4206485748, -8.65446949005, 10.4058361053, 4.91005134583, -2.87613797188, 34.506942749, 7.87518501282, 101.82862854, 8.79953765869, 18.5729217529, -5.80224847794], [14.9739408493, 98.0359268188, -64.1044006348, 63.0110168457, -7.59066009521, -36.0744667053, 1.51787626743, 7.76500988007, 5.17243242264, 8.79953765869, 101.123855591, 24.8012428284, 14.4650945663], [299.717956543, -149.510391235, 57.6228942871, 32.041053772, 9.60489845276, -30.3470821381, -25.2619667053, 17.7382965088, -2.74939703941, 18.5729217529, 24.8012428284, 112.191047668, -2.53439807892], [-43.2225990295, 89.637046814, -33.9088897705, 6.95851373672, -3.23080468178, -13.8862695694, -13.3890142441, -6.38295507431, -4.36541604996, -5.80224847794, 14.4650945663, -2.53439807892, 81.6715316772]]}, "spectral_energyband_middle_low": {"dmean2": 0.00348579022102, "median": 0.00431891530752, "min": 2.38424714149e-22, "dvar2": 2.32914371736e-05, "dvar": 1.04924347397e-05, "dmean": 0.0023191026412, "max": 0.0462229736149, "var": 3.68435576092e-05, "mean": 0.00632353499532}, "melbands_crest": {"dmean2": 4.66679239273, "median": 10.5868053436, "min": 2.12858366966, "dvar2": 18.8910675049, "dvar": 7.68839693069, "dmean": 2.89839053154, "max": 34.2023658752, "var": 21.5923957825, "mean": 11.552406311}, "spectral_kurtosis": {"dmean2": 2.72944808006, "median": 4.02959394455, "min": -1.25301587582, "dvar2": 16.3937549591, "dvar": 6.52612304688, "dmean": 1.71797502041, "max": 54.7916259766, "var": 14.7316160202, "mean": 4.6413359642}, "spectral_rms": {"dmean2": 0.000842545880005, "median": 0.00324641773477, "min": 3.19411250921e-12, "dvar2": 8.59848682921e-07, "dvar": 4.49363454891e-07, "dmean": 0.000586082343943, "max": 0.00936046801507, "var": 2.47180355473e-06, "mean": 0.00345822237432}, "zerocrossingrate": {"dmean2": 0.026199920103, "median": 0.0849609375, "min": 0.0068359375, "dvar2": 0.000804866664112, "dvar": 0.000672906870022, "dmean": 0.0237769354135, "max": 0.50927734375, "var": 0.00317545654252, "mean": 0.0955618694425}, "silence_rate_60dB": {"dmean2": 0.0818202719092, "median": 0, "min": 0, "dvar2": 0.0923708751798, "dvar": 0.0392360761762, "dmean": 0.0409054346383, "max": 1, "var": 0.0934319496155, "mean": 0.104319855571}, "erbbands_kurtosis": {"dmean2": 1.45439255238, "median": -0.173085272312, "min": -1.84029686451, "dvar2": 4.83645915985, "dvar": 2.17011785507, "dmean": 0.914017856121, "max": 33.4167709351, "var": 4.28867483139, "mean": 0.336321771145}, "erbbands": {"dmean2": [0.0592531375587, 0.52420938015, 0.922233939171, 1.48413133621, 2.64628505707, 5.04221343994, 8.8590593338, 12.4737615585, 9.73265266418, 8.58159637451, 11.3228940964, 17.4067211151, 17.9872684479, 21.9086952209, 23.8289337158, 19.8316688538, 17.2427654266, 19.4046287537, 27.908241272, 24.9022121429, 21.7654266357, 24.1310710907, 23.8979911804, 24.1093730927, 20.433927536, 13.8069887161, 8.51041984558, 4.94348859787, 5.66883277893, 4.26663255692, 3.46641469002, 3.22575569153, 2.30886268616, 2.19276833534, 1.1915820837, 0.618872106075, 0.319582998753, 0.123472817242, 0.0357445888221, 0.000906235130969], "median": [0.0247640945017, 0.203182667494, 0.63406085968, 1.00871312618, 2.11672735214, 2.97717452049, 3.79630970955, 4.13736343384, 2.90451359749, 3.22762680054, 4.00154161453, 4.50829601288, 4.91462802887, 5.18798446655, 6.05826377869, 5.86469268799, 6.32464885712, 5.59858560562, 5.61394453049, 7.00257110596, 7.43228912354, 6.58086013794, 6.74228668213, 5.37942028046, 5.97802352905, 3.9647603035, 2.9669034481, 1.79625630379, 1.39865779877, 1.10346055031, 0.929251909256, 0.837504148483, 0.806751489639, 0.601222515106, 0.300022870302, 0.124308682978, 0.0325732827187, 0.00629572430626, 0.000274064252153, 3.249321162e-05], "min": [1.3953342409e-21, 1.70492231693e-20, 1.45106914955e-20, 1.64363469589e-20, 5.16252338335e-20, 1.77475658778e-19, 9.86577993475e-20, 1.28358695056e-19, 2.25409456956e-19, 4.16755073451e-19, 3.54780349663e-19, 1.08210361527e-18, 1.00382565275e-18, 1.77841122682e-18, 1.60125912491e-18, 3.02887173935e-18, 5.13962180242e-18, 5.36311152827e-18, 3.63960999807e-18, 4.04693110249e-18, 1.03797642472e-17, 7.16946388221e-18, 1.07019378609e-17, 1.16636775981e-17, 1.37254939309e-17, 1.15775465896e-17, 1.16610413735e-17, 1.49449351704e-17, 1.26989545189e-17, 1.87240603458e-17, 1.64742432305e-17, 1.10378583892e-17, 1.26519177205e-17, 1.45554207831e-17, 8.71359088299e-18, 4.87080588772e-18, 2.43042455735e-18, 1.3105009003e-18, 3.19149208736e-19, 2.75898370811e-20], "dvar2": [0.0256089456379, 2.40585803986, 2.86316609383, 5.2503490448, 16.312713623, 94.5779037476, 409.447509766, 685.055419922, 669.765319824, 660.319396973, 878.397216797, 2123.36547852, 2542.61938477, 4048.79467773, 5008.18066406, 2756.88720703, 1983.9083252, 2568.9375, 7579.69042969, 3640.05126953, 2612.52148438, 4357.30761719, 4041.09350586, 3276.8984375, 2263.83984375, 1142.86584473, 326.871704102, 197.845611572, 399.991271973, 174.991241455, 128.317520142, 178.816360474, 61.7656135559, 30.9253978729, 3.82026576996, 0.856510877609, 0.318917691708, 0.0575503148139, 0.00669704144821, 4.32728984379e-06], "dvar": [0.0110090533271, 0.907636404037, 1.1602088213, 2.05417084694, 6.3924741745, 40.8983650208, 194.077987671, 315.329406738, 273.065338135, 288.053985596, 387.618988037, 919.809143066, 1097.73779297, 1811.6126709, 1985.57116699, 1125.81225586, 742.770996094, 1082.07092285, 3016.38208008, 1396.34436035, 1026.30505371, 1820.06188965, 1692.23791504, 1341.20483398, 975.924194336, 484.360961914, 144.038543701, 89.276473999, 178.39251709, 75.7157211304, 64.2053909302, 90.4096984863, 33.4857826233, 14.185131073, 1.94623887539, 0.429247647524, 0.134574323893, 0.0241850428283, 0.00254872767255, 1.66979714322e-06], "dmean": [0.0366324670613, 0.313484847546, 0.571093082428, 0.933491528034, 1.64168226719, 3.18983149529, 6.06053781509, 8.30229473114, 6.32926797867, 5.52474308014, 7.41796112061, 11.1295976639, 11.496556282, 14.1824865341, 15.0603284836, 12.0905237198, 10.4766464233, 12.0981369019, 17.1553096771, 14.9548711777, 13.2753553391, 14.9273986816, 14.9365053177, 15.3097476959, 13.2428836823, 8.8284330368, 5.59267425537, 3.28834748268, 3.81404137611, 2.88395762444, 2.41631531715, 2.27616071701, 1.61084222794, 1.48606097698, 0.809354901314, 0.419028669596, 0.209473177791, 0.0802418142557, 0.0206773392856, 0.000532018661033], "max": [1.35722982883, 11.9949483871, 16.7982349396, 18.8860569, 36.7646446228, 204.477508545, 398.178344727, 334.366363525, 356.400878906, 612.555175781, 503.965576172, 993.34753418, 945.150634766, 1170.7130127, 1463.6307373, 840.980224609, 903.124084473, 1031.53662109, 1704.4173584, 736.574584961, 637.89465332, 1207.0814209, 1319.42211914, 924.183898926, 1104.68151855, 619.076416016, 304.508117676, 451.937042236, 573.002502441, 340.339538574, 262.686950684, 289.440246582, 200.733032227, 76.0710678101, 33.3305053711, 12.8508167267, 3.22787308693, 1.00553691387, 0.426991075277, 0.0111919753253], "var": [0.0184151362628, 0.796523571014, 1.12265491486, 2.38668632507, 8.71724510193, 106.317695618, 632.265991211, 978.316955566, 589.011291504, 692.198486328, 750.91998291, 2039.36743164, 2291.75830078, 4051.27197266, 3903.37182617, 2116.23583984, 1758.52514648, 2345.6262207, 5430.50341797, 2337.10009766, 1978.078125, 3813.04418945, 3541.4465332, 3265.56005859, 2225.64306641, 1061.10144043, 415.634033203, 187.395309448, 275.882965088, 144.628494263, 153.74848938, 202.136383057, 75.4398574829, 24.7331829071, 3.64165377617, 0.67400187254, 0.143753170967, 0.0240281932056, 0.00190407084301, 1.2632229982e-06], "mean": [0.0568246915936, 0.378224492073, 0.836271524429, 1.43471038342, 2.81705570221, 5.99697589874, 12.4810018539, 16.3060722351, 11.2110395432, 9.61836051941, 12.2054786682, 17.8234176636, 18.6702613831, 23.3899211884, 23.1674404144, 18.0606460571, 17.0078926086, 19.232175827, 25.5025558472, 21.9915809631, 21.4359340668, 24.7141284943, 24.4743995667, 27.4180927277, 24.7748432159, 16.7149143219, 10.9680299759, 5.72235870361, 5.77693843842, 4.81686115265, 4.36405849457, 3.97042655945, 2.73595094681, 2.12596726418, 1.05862247944, 0.500020623207, 0.200966596603, 0.0709531381726, 0.0148017788306, 0.000399637530791]}, "spectral_strongpeak": {"dmean2": 0.927785456181, "median": 0.435710608959, "min": 0, "dvar2": 2.58362221718, "dvar": 1.08633363247, "dmean": 0.563141942024, "max": 18.1068077087, "var": 2.07074832916, "mean": 0.938043534756}, "spectral_energy": {"dmean2": 0.00701832864434, "median": 0.0108027085662, "min": 1.04574135977e-20, "dvar2": 8.74730176292e-05, "dvar": 4.29587307735e-05, "dmean": 0.00478971190751, "max": 0.0898088291287, "var": 0.000155827918206, "mean": 0.0147918108851}, "average_loudness": 0.866405665874, "spectral_rolloff": {"dmean2": 1762.05786133, "median": 1787.25585938, "min": 86.1328125, "dvar2": 9267212, "dvar": 4056634, "dmean": 1073.53771973, "max": 18992.2851563, "var": 6003697, "mean": 2495.33862305}, "spectral_centroid": {"dmean2": 435.170532227, "median": 1516.62268066, "min": 222.350814819, "dvar2": 254096.921875, "dvar": 132366.296875, "dmean": 296.670928955, "max": 11627.5488281, "var": 660946.1875, "mean": 1614.31335449}, "pitch_salience": {"dmean2": 0.106048353016, "median": 0.597249627113, "min": 0.0909972563386, "dvar2": 0.00976646877825, "dvar": 0.00394689338282, "dmean": 0.0658024251461, "max": 0.972614407539, "var": 0.0113792195916, "mean": 0.589782416821}, "spectral_energyband_middle_high": {"dmean2": 0.00303595862351, "median": 0.00215971190482, "min": 1.41540669935e-21, "dvar2": 2.69141528406e-05, "dvar": 1.15086722872e-05, "dmean": 0.00199147616513, "max": 0.0499061122537, "var": 3.94166818296e-05, "mean": 0.00476637296379}, "spectral_contrast_coeffs": {"dmean2": [0.06944899261, 0.0737193152308, 0.0682669356465, 0.0559649467468, 0.0410679616034, 0.0323574580252], "median": [-0.694356381893, -0.722030282021, -0.767300844193, -0.78039753437, -0.783579170704, -0.784913301468], "min": [-0.969747424126, -0.973285019398, -0.99310529232, -0.970008850098, -0.964071154594, -0.961552083492], "dvar2": [0.0036320395302, 0.00367854605429, 0.003057441907, 0.0020905258134, 0.00115252193063, 0.00076928618364], "dvar": [0.00144883443136, 0.00153151003178, 0.00120663666166, 0.000875843164977, 0.000537264335435, 0.000381755671697], "dmean": [0.0436308160424, 0.0464635193348, 0.0421773269773, 0.0350716784596, 0.0261778701097, 0.0217493399978], "max": [-0.251549959183, -0.428916096687, -0.465339303017, -0.513543903828, -0.54199141264, -0.515054583549], "var": [0.00570167182013, 0.00719782104716, 0.00460154982284, 0.00358175951988, 0.00334398727864, 0.00191387231462], "mean": [-0.683761656284, -0.708738148212, -0.75749796629, -0.771554648876, -0.774507164955, -0.780116558075]}, "melbands_skewness": {"dmean2": 1.06110560894, "median": 2.0472111702, "min": -2.4961271286, "dvar2": 1.37421178818, "dvar": 0.577971458435, "dmean": 0.681635200977, "max": 16.1976966858, "var": 1.98133182526, "mean": 2.23238706589}, "spectral_spread": {"dmean2": 1490414.875, "median": 4944909.5, "min": 1009904.5625, "dvar2": 2792334819330.0, "dvar": 1822336352260.0, "dmean": 1089756.125, "max": 42461164, "var": 5404033024000.0, "mean": 5451263.5}, "dissonance": {"dmean2": 0.0289730019867, "median": 0.472220659256, "min": 0.306066691875, "dvar2": 0.000741676834878, "dvar": 0.00027431405033, "dmean": 0.0173628777266, "max": 0.499999970198, "var": 0.000615227443632, "mean": 0.466032415628}, "spectral_skewness": {"dmean2": 0.378259211779, "median": 1.5736219883, "min": -0.40902364254, "dvar2": 0.157844260335, "dvar": 0.0708161890507, "dmean": 0.244440928102, "max": 5.56543493271, "var": 0.261839091778, "mean": 1.60293567181}, "spectral_flux": {"dmean2": 0.0277477093041, "median": 0.0560848712921, "min": 6.92384691248e-11, "dvar2": 0.00104674324393, "dvar": 0.00046534545254, "dmean": 0.0177791658789, "max": 0.253454297781, "var": 0.00137414783239, "mean": 0.0630585476756}, "spectral_contrast_valleys": {"dmean2": [0.618855118752, 0.590188384056, 0.586714804173, 0.59155356884, 0.472226113081, 0.586106598377], "median": [-7.17908906937, -7.17537164688, -7.57708358765, -7.91126251221, -7.68779659271, -9.89955711365], "min": [-27.390581131, -27.2727947235, -27.2256660461, -27.403963089, -27.3137435913, -27.2829875946], "dvar2": [0.437985301018, 0.251251280308, 0.279992461205, 0.378807872534, 0.293666154146, 0.398576378822], "dvar": [0.227106079459, 0.110202506185, 0.126686826348, 0.170808628201, 0.158701106906, 0.281895667315], "dmean": [0.394941240549, 0.368571728468, 0.365108698606, 0.384164601564, 0.334217578173, 0.485118567944], "max": [-5.49692058563, -5.05749988556, -5.22400426865, -5.5285115242, -5.41386127472, -7.29048967361], "var": [1.41950917244, 0.641487300396, 0.708329617977, 0.814271092415, 1.1037914753, 1.74817192554], "mean": [-7.50150728226, -7.25461149216, -7.64141750336, -7.97431945801, -7.81753921509, -10.203502655]}, "erbbands_flatness_db": {"dmean2": 0.0316717810929, "median": 0.137056052685, "min": 0.02903377451, "dvar2": 0.000864204601385, "dvar": 0.000531410740223, "dmean": 0.0242047086358, "max": 0.348577916622, "var": 0.00226571620442, "mean": 0.139118283987}, "spectral_energyband_high": {"dmean2": 0.000914205098525, "median": 0.00050750002265, "min": 7.53503861575e-21, "dvar2": 2.86554973172e-06, "dvar": 1.454820449e-06, "dmean": 0.000655738112982, "max": 0.0305138938129, "var": 3.92522269976e-06, "mean": 0.00118989788461}, "spectral_entropy": {"dmean2": 0.293111920357, "median": 7.67198419571, "min": 5.70774507523, "dvar2": 0.0867350399494, "dvar": 0.0524185150862, "dmean": 0.217487335205, "max": 9.81745147705, "var": 0.215004503727, "mean": 7.65249109268}, "silence_rate_20dB": {"dmean2": 0, "median": 1, "min": 1, "dvar2": 0, "dvar": 0, "dmean": 0, "max": 1, "var": 0, "mean": 1}, "melbands_flatness_db": {"dmean2": 0.0419026948512, "median": 0.157765269279, "min": 0.00703686475754, "dvar2": 0.00191950553562, "dvar": 0.000920274469536, "dmean": 0.0289036910981, "max": 0.461269646883, "var": 0.00464522419497, "mean": 0.168354406953}, "barkbands": {"dmean2": [0.000192538311239, 0.00212312373333, 0.000783494615462, 0.000581779459026, 0.00129719497636, 0.00143697543535, 0.000592492579017, 0.000504140742123, 0.000705941638444, 0.000744110846426, 0.000576736172661, 0.000475573295262, 0.000377643329557, 0.000398452481022, 0.000570378848352, 0.000452644715551, 0.000492306833621, 0.000453549117083, 0.000430776475696, 0.000281885440927, 0.000157369213412, 0.000160613330081, 0.000123866877402, 0.000145052341395, 0.000176991830813, 0.00016480931663, 0.000156485664775], "median": [6.61352751194e-05, 0.000920733844396, 0.000545195420273, 0.000379296892788, 0.000947690161411, 0.000530820805579, 0.000154664259753, 0.00016110856086, 0.000159164977958, 0.00016376786516, 0.000135324982693, 0.000108303131128, 0.000119177129818, 7.78930698289e-05, 0.000113942944154, 0.000121112549095, 0.000126699655084, 9.74159775069e-05, 0.00012408971088, 7.86319651525e-05, 5.520763807e-05, 3.92139772885e-05, 3.0998915463e-05, 4.55637273262e-05, 4.93280022056e-05, 2.1707635824e-05, 1.84665805136e-06], "min": [9.58031653029e-24, 6.93534953434e-23, 3.92951653958e-24, 9.99388159302e-24, 4.0899345601e-23, 1.34453926002e-23, 2.17975710302e-23, 1.22584645936e-23, 4.83878696456e-23, 3.02038179867e-23, 2.7717602937e-23, 7.59207876229e-23, 9.72804840528e-23, 8.28824472462e-23, 6.22617494014e-23, 2.01973016819e-22, 1.12440421654e-22, 2.44867675639e-22, 1.94826404023e-22, 2.9880864643e-22, 3.25213221944e-22, 3.6260934355e-22, 6.3384607703e-22, 6.66610588003e-22, 1.25026259422e-21