{"tonal": {"thpcp": [1, 0.570505082607, 0.407481729984, 0.328916102648, 0.425668746233, 0.703436672688, 0.659439921379, 0.470056384802, 0.389754116535, 0.260780960321, 0.298870682716, 0.542048811913, 0.575271785259, 0.453526169062, 0.592919111252, 0.599365234375, 0.344062000513, 0.196800887585, 0.18612883985, 0.392396181822, 0.841409146786, 0.818579614162, 0.363624483347, 0.187242567539, 0.202820509672, 0.47166877985, 0.886069238186, 0.801343798637, 0.470512896776, 0.442180722952, 0.383726149797, 0.258954375982, 0.296828210354, 0.333258330822, 0.487112343311, 0.980632543564], "hpcp": {"dmean2": [0.157221511006, 0.178627565503, 0.241311475635, 0.320018410683, 0.355978220701, 0.329833805561, 0.305147916079, 0.235582441092, 0.221571087837, 0.260130792856, 0.250016212463, 0.231697887182, 0.199870377779, 0.140139311552, 0.16376543045, 0.222107857466, 0.2245105654, 0.209921628237, 0.239313542843, 0.230295270681, 0.174755275249, 0.136572808027, 0.127481147647, 0.185023069382, 0.268193483353, 0.260275542736, 0.164177075028, 0.106263563037, 0.124892376363, 0.212640166283, 0.285999596119, 0.297128379345, 0.229943066835, 0.187370806932, 0.168172776699, 0.147247180343], "median": [0.0255440380424, 0.0263229291886, 0.0369067490101, 0.0803201049566, 0.0967406854033, 0.0521657690406, 0.0224099066108, 0.0169255491346, 0.0298206135631, 0.0546458289027, 0.0571684911847, 0.0277356617153, 0.0135275442153, 0.0123125202954, 0.0222259685397, 0.0429580770433, 0.0467203631997, 0.0394237823784, 0.0484816879034, 0.0397989265621, 0.0179268084466, 0.00825527403504, 0.00936522055417, 0.0309661645442, 0.0744276642799, 0.0731002315879, 0.0290973093361, 0.0115369772539, 0.0118492133915, 0.031794719398, 0.0815286934376, 0.0840225368738, 0.0391391701996, 0.0215925015509, 0.0157403871417, 0.0180020984262], "min": [0, 0, 0, 0, 0, 0, 0, 0, 0, 0, 0, 0, 0, 0, 0, 0, 0, 0, 0, 0, 0, 0, 0, 0, 0, 0, 0, 0, 0, 0, 0, 0, 0, 0, 0, 0], "dvar2": [0.072254486382, 0.094946667552, 0.122597806156, 0.144389688969, 0.166552469134, 0.190219521523, 0.224270269275, 0.147320359945, 0.125139221549, 0.130726769567, 0.119678355753, 0.12925092876, 0.115301251411, 0.0745231583714, 0.0746576115489, 0.106795139611, 0.0981321707368, 0.0952763780951, 0.108883015811, 0.110292084515, 0.0918223634362, 0.0763967931271, 0.0678999871016, 0.0833432003856, 0.116010531783, 0.10708026588, 0.0674707815051, 0.048719316721, 0.0620144382119, 0.0952697917819, 0.117344096303, 0.123115211725, 0.103900611401, 0.0917648971081, 0.0874102041125, 0.0773277655244], "dvar": [0.0263926535845, 0.03450621292, 0.0448123775423, 0.0648877248168, 0.0685760453343, 0.064721390605, 0.077750146389, 0.0514717772603, 0.0456250831485, 0.0527285598218, 0.046761687845, 0.0501183010638, 0.0474000684917, 0.0274911280721, 0.0274303816259, 0.0415411256254, 0.0398000814021, 0.0366190373898, 0.0447685830295, 0.0448287986219, 0.0350728966296, 0.0277664046735, 0.0240076538175, 0.0309645719826, 0.0499502383173, 0.047502823174, 0.0269545409828, 0.0180670376867, 0.0222654286772, 0.0384873300791, 0.0560603477061, 0.0505008026958, 0.0402692370117, 0.0378068871796, 0.0346254743636, 0.027273144573], "dmean": [0.0890485569835, 0.100754506886, 0.137147262692, 0.190058857203, 0.208609595895, 0.179937511683, 0.160893604159, 0.125690445304, 0.123090326786, 0.151068866253, 0.146110475063, 0.135867074132, 0.118402428925, 0.0800245925784, 0.0916356667876, 0.12839435041, 0.130843311548, 0.12115137279, 0.140207335353, 0.134282544255, 0.0989702641964, 0.0743078589439, 0.0695056989789, 0.105931945145, 0.159480750561, 0.157170057297, 0.0957560911775, 0.0597318448126, 0.068880841136, 0.122894383967, 0.168093189597, 0.174306228757, 0.130493596196, 0.108483105898, 0.0965837910771, 0.0812852904201], "max": [1, 1, 1, 1, 1, 1, 1, 1, 1, 1, 1, 1, 1, 1, 1, 1, 1, 1, 1, 1, 1, 1, 1, 1, 1, 1, 1, 1, 1, 1, 1, 1, 1, 1, 1, 1], "var": [0.0216562990099, 0.0280941147357, 0.0431784428656, 0.113526381552, 0.109426997602, 0.0526009462774, 0.0513084605336, 0.0359094031155, 0.0423310250044, 0.0807245448232, 0.0665446892381, 0.0507915318012, 0.047655493021, 0.0234973635525, 0.0232321266085, 0.0550347901881, 0.0581730641425, 0.0385463647544, 0.0601030103862, 0.0688002035022, 0.0363254472613, 0.0192182846367, 0.0160550996661, 0.0317007042468, 0.0924195796251, 0.08668166399, 0.0288117025048, 0.0151758035645, 0.0170373599976, 0.0456265583634, 0.101082406938, 0.0772719681263, 0.042044211179, 0.0534262619913, 0.047042787075, 0.0213035661727], "mean": [0.0797387138009, 0.0895251482725, 0.130855858326, 0.263433098793, 0.268635898829, 0.153258144855, 0.109464220703, 0.0883586704731, 0.114349909127, 0.188968345523, 0.177149236202, 0.12627401948, 0.104701951146, 0.0700551271439, 0.0802873969078, 0.145613774657, 0.15453864634, 0.121833406389, 0.159279361367, 0.16101102531, 0.0924274027348, 0.0528677813709, 0.0500008873641, 0.105411700904, 0.226032704115, 0.219899877906, 0.0976825878024, 0.0503000766039, 0.0544848702848, 0.126707166433, 0.238030001521, 0.215269714594, 0.126396656036, 0.118785619736, 0.103082619607, 0.0695644393563]}, "tuning_equal_tempered_deviation": 0.164714694023, "chords_changes_rate": 0.0817762166262, "key_key": "A#", "tuning_diatonic_strength": 0.635143101215, "key_scale": "major", "chords_number_rate": 0.0019784567412, "tuning_frequency": 435.700531006, "tuning_nontempered_energy_ratio": 0.86883687973, "chords_histogram": [23.19190979, 0.219828531146, 1.91250824928, 0, 0.175862833858, 0.109914265573, 1.09914267063, 0.0879314169288, 0, 0, 0.505605638027, 0, 0.0219828542322, 0, 0, 0.637502729893, 0, 1.6267311573, 0.307759940624, 12.6621236801, 5.82545614243, 13.8711805344, 16.1793804169, 21.5651798248], "key_strength": 0.702451229095, "chords_key": "A#", "chords_strength": {"dmean2": 0.0149835254997, "median": 0.509657204151, "min": -1, "dvar2": 0.00102948269341, "dvar": 0.000574265199248, "dmean": 0.0142919626087, "max": 0.800643503666, "var": 0.0220519155264, "mean": 0.504482626915}, "chords_scale": "major", "hpcp_entropy": {"dmean2": 1.12203252316, "median": 2.06558847427, "min": 0, "dvar2": 0.843345999718, "dvar": 0.325596868992, "dmean": 0.676945328712, "max": 4.48958873749, "var": 0.671405375004, "mean": 2.07383799553}}, "metadata": {"audio_properties": {"equal_loudness": 0, "codec": "flac", "downmix": "mix", "sample_rate": 44100, "analysis_sample_rate": 44100, "bit_rate": 0, "md5_encoded": "e0828bef2f06a070f2560ba635a9839a", "length": 211.173873901, "replay_gain": -12.9576778412, "lossless": true}, "version": {"essentia_build_sha": "ca57ba49d9b1854bd80e60cf9ccf267278fb7d6b", "essentia": "2.1-beta1", "extractor": "music 1.0", "essentia_git_sha": "v2.1_beta1-28-g21ef5f4-dirty"}, "tags": {"title": ["What do I Do"], "barcode": ["0724348549020"], "media": ["CD"], "albumartist": ["Various Artists"], "tracktotal": ["18"], "replaygain_album_gain": ["-8.81 dB"], "releasetype": ["album", "compilation"], "discid": ["fe113912"], "replaygain_album_peak": ["0.97781372"], "musicbrainz_releasegroupid": ["3e0d9342-9a27-3702-b2a7-2fd96a690011"], "musicbrainz_recordingid": ["1a2b28f6-78c8-4396-bed4-270387868acc"], "musicbrainz_discid": ["1_sMV5L5MLPOH92ApROhf2MTgIg-"], "musicbrainz_albumartistid": ["89ad4ac3-39f7-470e-963a-56509c546377"], "replaygain_track_peak": ["0.97766113"], "discnumber": ["4"], "catalognumber": ["DB 854902"], "replaygain_track_gain": ["-7.27 dB"], "releasecountry": ["NL"], "file_name": "16 Phil Fearon & Galaxy - What do I Do.flac", "compilation": ["1"], "originaldate": ["2000"], "albumartistsort": ["Various Artists"], "date": ["2000"], "genre": ["Rock, Pop Rock, Pop"], "disctotal": ["8"], "musicbrainz_artistid": ["6d727caa-d5a4-4028-9986-b749cca7785f"], "asin": ["B0000507CY"], "musicbrainz_albumid": ["94ea68d3-7173-45c1-bb49-da148d43a78d"], "artist": ["Phil Fearon & Galaxy"], "tracknumber": ["16"], "replaygain_reference_loudness": ["89.0 dB"], "artistsort": ["Fearon, Phil & Galaxy"], "album": ["More Greatest Hits of the 80's (disc 4)"], "label": ["Disky"], "releasestatus": ["official"], "totaldiscs": ["8"], "script": ["Latn"], "totaltracks": ["18"]}}, "rhythm": {"bpm_histogram_first_peak_bpm": {"dmean2": 0, "median": 112, "min": 112, "dvar2": 0, "dvar": 0, "dmean": 0, "max": 112, "var": 0, "mean": 112}, "bpm": 112.915557861, "bpm_histogram_second_peak_spread": {"dmean2": 0, "median": 0, "min": 0, "dvar2": 0, "dvar": 0, "dmean": 0, "max": 0, "var": 0, "mean": 0}, "bpm_histogram_first_peak_weight": {"dmean2": 0, "median": 0.665822803974, "min": 0.665822803974, "dvar2": 0, "dvar": 0, "dmean": 0, "max": 0.665822803974, "var": 0, "mean": 0.665822803974}, "onset_rate": 5.24657249451, "beats_position": [0.580498874187, 1.18421769142, 1.77632653713, 2.36843538284, 2.92571425438, 3.45977306366, 3.99383211136, 4.52789115906, 5.06195020676, 5.58439922333, 6.11845779419, 6.64090681076, 7.17496585846, 7.70902490616, 8.24308395386, 8.76553249359, 9.29959201813, 9.82204055786, 10.3560991287, 10.8901586533, 11.4242172241, 11.9466667175, 12.4691152573, 13.0031747818, 13.5372333527, 14.0712919235, 14.6053514481, 15.1277999878, 15.6618595123, 16.1843090057, 16.7183666229, 17.2524261475, 17.786485672, 18.3205432892, 18.8546028137, 19.365442276, 19.8994998932, 20.4335594177, 20.9676189423, 21.5016784668, 22.035736084, 22.5465755463, 23.0806350708, 23.614692688, 24.1487522125, 24.6828117371, 25.2052612305, 25.7277088165, 26.2617683411, 26.7958278656, 27.3298854828, 27.8523349762, 28.3863945007, 28.9088420868, 29.4429016113, 29.9769611359, 30.5110206604, 31.0450782776, 31.5791378021, 32.1015853882, 32.6240348816, 33.1580963135, 33.6921539307, 34.2262115479, 34.7486610413, 35.2711105347, 35.8051681519, 36.3392295837, 36.8732872009, 37.4073448181, 37.94140625, 38.4522438049, 38.9863014221, 39.520362854, 40.0544204712, 40.5884780884, 41.1109275818, 41.6333770752, 42.1674385071, 42.7014961243, 43.2355537415, 43.7696151733, 44.3036727905, 44.8145103455, 45.3485717773, 45.8826293945, 46.4166870117, 46.9507484436, 47.4848060608, 48.0072555542, 48.5297050476, 49.0637626648, 49.5978240967, 50.1318817139, 50.6659393311, 51.1767807007, 51.7108383179, 52.2448959351, 52.7789573669, 53.3130149841, 53.8470726013, 54.3695220947, 54.8919715881, 55.4260292053, 55.9600906372, 56.4941482544, 57.0282058716, 57.550655365, 58.0731048584, 58.6071662903, 59.1412239075, 59.6752815247, 60.1977310181, 60.7201805115, 61.2542381287, 61.7882995605, 62.3223571777, 62.8564147949, 63.3904762268, 63.9129257202, 64.4353713989, 64.9694290161, 65.5034942627, 66.0375518799, 66.5599975586, 67.0824508667, 67.6165084839, 68.1505661011, 68.6846237183, 69.2186813354, 69.7411346436, 70.2635803223, 70.7976379395, 71.3316955566, 71.8657608032, 72.3998184204, 72.9338760376, 73.4447174072, 73.9787750244, 74.5128326416, 75.0468902588, 75.5693435669, 76.0917892456, 76.6258468628, 77.15990448, 77.6939697266, 78.2280273438, 78.7504730225, 79.2845306396, 79.8069839478, 80.3410415649, 80.8750991821, 81.4091567993, 81.9199981689, 82.4540557861, 82.9881134033, 83.5221786499, 84.0562362671, 84.5902938843, 85.112739563, 85.6351928711, 86.1692504883, 86.7033081055, 87.2373657227, 87.7714233398, 88.2938766479, 88.8163223267, 89.3503875732, 89.8844451904, 90.4185028076, 90.9409484863, 91.4634017944, 91.9974594116, 92.5315170288, 93.065574646, 93.5996322632, 94.1220855713, 94.64453125, 95.1785888672, 95.7126541138, 96.246711731, 96.7691574097, 97.3032150269, 97.825668335, 98.3597259521, 98.8937835693, 99.4278411865, 99.9386825562, 100.472740173, 101.006797791, 101.540863037, 102.063308716, 102.597366333, 103.119819641, 103.653877258, 104.187934875, 104.721992493, 105.244445801, 105.778503418, 106.300949097, 106.835006714, 107.36907196, 107.903129578, 108.425575256, 108.959632874, 109.482086182, 110.016143799, 110.550201416, 111.084259033, 111.606712341, 112.140769958, 112.663215637, 113.197273254, 113.731338501, 114.25378418, 114.776237488, 115.310295105, 115.844352722, 116.378410339, 116.900856018, 117.434921265, 117.957366943, 118.491424561, 119.025482178, 119.559547424, 120.070381165, 120.604438782, 121.138504028, 121.672561646, 122.206619263, 122.74067688, 123.263130188, 123.797187805, 124.319633484, 124.853691101, 125.376144409, 125.910202026, 126.432647705, 126.966712952, 127.500770569, 128.034820557, 128.568893433, 129.10295105, 129.61378479, 130.147842407, 130.681900024, 131.215957642, 131.761627197, 132.284072876, 132.806533813, 133.328979492, 133.863037109, 134.397094727, 134.907928467, 135.441986084, 135.97605896, 136.510116577, 137.044174194, 137.578231812, 138.089065552, 138.623123169, 139.157180786, 139.691238403, 140.213699341, 140.747756958, 141.270202637, 141.804260254, 142.338317871, 142.872375488, 143.394821167, 143.928878784, 144.451339722, 144.985397339, 145.519454956, 146.053512573, 146.575958252, 147.110015869, 147.632461548, 148.166534424, 148.700592041, 149.234649658, 149.757095337, 150.291152954, 150.813598633, 151.34765625, 151.881713867, 152.415786743, 152.926620483, 153.460678101, 153.994735718, 154.528793335, 155.062850952, 155.596908569, 156.107757568, 156.641815186, 157.175872803, 157.70993042, 158.243988037, 158.778045654, 159.288879395, 159.822952271, 160.357009888, 160.891067505, 161.425125122, 161.959182739, 162.470016479, 163.004074097, 163.538131714, 164.072189331, 164.594650269, 165.128707886, 165.651153564, 166.185211182, 166.719268799, 167.253326416, 167.798995972, 168.32144165, 168.843902588, 169.366348267, 169.900405884, 170.434463501, 170.95690918, 171.490966797, 172.013427734, 172.547485352, 173.081542969, 173.615600586, 174.138046265, 174.672103882, 175.194549561, 175.728607178, 176.262680054, 176.796737671, 177.31918335, 177.853240967, 178.375686646, 178.909744263, 179.44380188, 179.977859497, 180.500320435, 181.022766113, 181.55682373, 182.090881348, 182.624938965, 183.158996582, 183.681442261, 184.203903198, 184.737960815, 185.272018433, 185.794464111, 186.328521729, 186.850967407, 187.385025024, 187.919082642, 188.453155518, 188.987213135, 189.509658813, 190.032104492, 190.566162109, 191.100219727, 191.634277344, 192.168334961, 192.702392578, 193.224853516, 193.747299194, 194.281356812, 194.815414429, 195.337860107, 195.871917725, 196.394378662, 196.928436279, 197.450881958, 197.984939575, 198.507385254, 199.041442871, 199.575500488, 200.109558105, 200.643630981, 201.177688599, 201.711746216, 202.234191895, 202.756637573, 203.29069519, 203.824752808, 204.358810425, 204.892883301, 205.438537598, 205.984207153, 206.541488647, 207.098770142, 207.656051636, 208.21333313, 208.770614624, 209.339492798, 209.943222046, 210.546936035], "beats_loudness": {"dmean2": 0.050175987184, "median": 0.0655407458544, "min": 0, "dvar2": 0.00116329372395, "dvar": 0.00034702999983, "dmean": 0.026026153937, "max": 0.126782134175, "var": 0.000644972315058, "mean": 0.0628219842911}, "danceability": 1.46361744404, "bpm_histogram_second_peak_weight": {"dmean2": 0, "median": 0.0405063293874, "min": 0.0405063293874, "dvar2": 0, "dvar": 0, "dmean": 0, "max": 0.0405063293874, "var": 0, "mean": 0.0405063293874}, "beats_count": 396, "bpm_histogram_second_peak_bpm": {"dmean2": 0, "median": 117, "min": 117, "dvar2": 0, "dvar": 0, "dmean": 0, "max": 117, "var": 0, "mean": 117}, "bpm_histogram_first_peak_spread": {"dmean2": 0, "median": 0.294906198978, "min": 0.294906198978, "dvar2": 0, "dvar": 0, "dmean": 0, "max": 0.294906198978, "var": 0, "mean": 0.294906198978}, "beats_loudness_band_ratio": {"dmean2": [0.221429929137, 0.0519404001534, 0.0771436691284, 0.140096232295, 0.109209872782, 0.0549511797726], "median": [0.778081953526, 0.0171028748155, 0.027092339471, 0.0486258678138, 0.0518852844834, 0.0361369177699], "min": [0, 0, 0, 0, 0, 0], "dvar2": [0.0380852930248, 0.00373455765657, 0.0065167718567, 0.0209420677274, 0.0101764490828, 0.00104150013067], "dvar": [0.0125939361751, 0.00137331092265, 0.00214624241926, 0.0070728380233, 0.0033867158927, 0.000511881371494], "dmean": [0.124099172652, 0.0293225776404, 0.0417868643999, 0.0754707232118, 0.0598018988967, 0.0301722940058], "max": [0.987581670284, 0.361862152815, 0.289926081896, 0.53468888998, 0.480943232775, 0.475237548351], "var": [0.0233763959259, 0.00123247189913, 0.00196190504357, 0.00737183121964, 0.00413241609931, 0.00107609608676], "mean": [0.750255525112, 0.0288935881108, 0.042055375874, 0.0809529721737, 0.065333917737, 0.038112513721]}}, "lowlevel": {"barkbands_spread": {"dmean2": 14.7001333237, "median": 28.3235359192, "min": 0.899109065533, "dvar2": 212.50227356, "dvar": 100.252304077, "dmean": 9.6134223938, "max": 152.569503784, "var": 224.143096924, "mean": 30.1492137909}, "melbands_spread": {"dmean2": 18.8430843353, "median": 29.7646865845, "min": 0.551296651363, "dvar2": 476.771392822, "dvar": 211.61126709, "dmean": 12.0211906433, "max": 248.228851318, "var": 561.263549805, "mean": 34.0646705627}, "hfc": {"dmean2": 13.9685115814, "median": 14.7534542084, "min": 1.02665369526e-16, "dvar2": 308.600067139, "dvar": 164.197479248, "dmean": 10.1234035492, "max": 181.019714355, "var": 515.616760254, "mean": 22.4746665955}, "barkbands_kurtosis": {"dmean2": 5.24296379089, "median": 0.44232916832, "min": -1.89132142067, "dvar2": 225.52532959, "dvar": 95.4686050415, "dmean": 3.32774233818, "max": 294.42288208, "var": 108.85005188, "mean": 3.01324605942}, "gfcc": {"mean": [-12.9863233566, 45.6884231567, -109.423469543, 21.5941104889, -46.8688163757, 19.6331768036, -32.0422935486, 9.41076469421, -19.7709827423, 4.62645292282, -15.3409719467, 0.746623575687, -17.4615249634], "icov": [[7.9500823631e-05, -3.25540240738e-05, 0.000113633555884, -0.000256997300312, 0.000225334413699, -0.00024796940852, 0.000157115660841, -0.000118832416774, 8.45332760946e-05, -0.000144292192999, 0.000216935644858, -0.000134662492201, 0.000263056368567], [-3.25540240738e-05, 0.00106373627204, 0.000133034118335, -3.06836918753e-05, -0.000438072107499, 0.000135134163429, -0.000286556925857, 7.2077805271e-06, -0.000349347188603, 0.000402741221478, -0.000808626122307, 0.000365767104086, 0.000261469976977], [0.000113633555884, 0.000133034118335, 0.00126973248553, -0.000606584188063, 5.64929687243e-05, -0.000685503124259, 0.000330431037582, 1.18027992357e-05, -0.000370313471649, 0.000336413213518, 0.000129796186229, -0.000565947382711, 0.00089745078003], [-0.000256997300312, -3.06836918753e-05, -0.000606584188063, 0.00406402302906, -0.0025032190606, 0.00121504731942, -0.000601733336225, 0.000339486810844, -0.00115665595513, -0.00012866006, 0.000748559890781, -0.000792962906417, -0.000648907152936], [0.000225334413699, -0.000438072107499, 5.64929687243e-05, -0.0025032190606, 0.00585258100182, -0.00201929337345, -0.000971973931883, 0.000263886788161, -0.00109028629959, 0.000152432607138, 0.0013139952207, 0.000394836330088, -0.000338725338224], [-0.00024796940852, 0.000135134163429, -0.000685503124259, 0.00121504731942, -0.00201929337345, 0.00701673654839, -0.0033324752003, -0.000618252961431, 0.000813572434708, -0.00165108952206, -0.000735549838282, -0.000774320331402, 0.00124712870456], [0.000157115660841, -0.000286556925857, 0.000330431037582, -0.000601733336225, -0.000971973931883, -0.0033324752003, 0.00753362057731, -0.00256825401448, 0.000338513928, 0.00235536019318, -0.00343843060546, 0.00235210428946, 0.000304793327814], [-0.000118832416774, 7.2077805271e-06, 1.18027992357e-05, 0.000339486810844, 0.000263886788161, -0.000618252961431, -0.00256825401448, 0.0101279746741, -0.00296012731269, -0.00138640182558, 0.00205380911939, -0.00195444514975, 5.18283595738e-05], [8.45332760946e-05, -0.000349347188603, -0.000370313471649, -0.00115665595513, -0.00109028629959, 0.000813572434708, 0.000338513928, -0.00296012731269, 0.0108294608071, -0.00333672086708, -0.000479210953927, 0.000894827709999, -0.00293941958807], [-0.000144292192999, 0.000402741221478, 0.000336413213518, -0.00012866006, 0.000152432607138, -0.00165108952206, 0.00235536019318, -0.00138640182558, -0.00333672086708, 0.0153292147443, -0.0081644281745, 0.00421068491414, -0.0019890521653], [0.000216935644858, -0.000808626122307, 0.000129796186229, 0.000748559890781, 0.0013139952207, -0.000735549838282, -0.00343843060546, 0.00205380911939, -0.000479210953927, -0.0081644281745, 0.0176879409701, -0.00931481271982, 0.00262914109044], [-0.000134662492201, 0.000365767104086, -0.000565947382711, -0.000792962906417, 0.000394836330088, -0.000774320331402, 0.00235210428946, -0.00195444514975, 0.000894827709999, 0.00421068491414, -0.00931481271982, 0.0213315766305, -0.00959899928421], [0.000263056368567, 0.000261469976977, 0.00089745078003, -0.000648907152936, -0.000338725338224, 0.00124712870456, 0.000304793327814, 5.18283595738e-05, -0.00293941958807, -0.0019890521653, 0.00262914109044, -0.00959899928421, 0.0171312503517]], "cov": [[21974.3964844, 365.079345703, -1265.2043457, 716.463378906, -423.681091309, 372.087585449, -263.835357666, 210.86756897, -165.28024292, 159.765686035, -219.392074585, -54.5846138, -287.710601807], [365.079345703, 1144.62109375, -69.8429641724, 120.608726501, 180.331878662, 100.556129456, 160.619995117, 45.5774459839, 62.628162384, 12.2616825104, 61.4779396057, -19.5287303925, -29.8068408966], [-1265.2043457, -69.8429641724, 1063.76098633, 170.817687988, 158.659637451, 99.1702346802, 60.1980361938, 12.5922346115, 59.0594825745, -23.9615154266, 2.91283273697, 19.1401901245, -16.3254089355], [716.463378906, 120.608726501, 170.817687988, 496.669494629, 236.86177063, 38.2317047119, 58.9219360352, 38.8935585022, 94.0382003784, 6.74066877365, -24.7311935425, 15.7199201584, 27.2779312134], [-423.681091309, 180.331878662, 158.659637451, 236.86177063, 382.815307617, 128.553390503, 146.565032959, 44.1930618286, 80.3302383423, 2.3565967083, 1.10504209995, -5.93609619141, 10.4442234039], [372.087585449, 100.556129456, 99.1702346802, 38.2317047119, 128.553390503, 301.695068359, 179.361938477, 60.928237915, 11.1144428253, 31.8040752411, 46.8461418152, -4.21908092499, -37.7457847595], [-263.835357666, 160.619995117, 60.1980361938, 58.9219360352, 146.565032959, 179.361938477, 295.809631348, 71.8896102905, 25.6105422974, 5.81553649902, 53.6154823303, -13.142824173, -25.484746933], [210.86756897, 45.5774459839, 12.5922346115, 38.8935585022, 44.1930618286, 60.928237915, 71.8896102905, 137.361572266, 47.9573326111, 22.7878398895, 10.8756332397, 9.35195827484, 6.06915712357], [-165.28024292, 62.628162384, 59.0594825745, 94.0382003784, 80.3302383423, 11.1144428253, 25.6105422974, 47.9573326111, 149.825180054, 40.9405097961, 19.3838157654, 14.5765666962, 37.882144928], [159.765686035, 12.2616825104, -23.9615154266, 6.74066877365, 2.3565967083, 31.8040752411, 5.81553649902, 22.7878398895, 40.9405097961, 107.078384399, 51.0331268311, 8.05718421936, 12.5687971115], [-219.392074585, 61.4779396057, 2.91283273697, -24.7311935425, 1.10504209995, 46.8461418152, 53.6154823303, 10.8756332397, 19.3838157654, 51.0331268311, 116.673614502, 37.8205223083, 9.50273895264], [-54.5846138, -19.5287303925, 19.1401901245, 15.7199201584, -5.93609619141, -4.21908092499, -13.142824173, 9.35195827484, 14.5765666962, 8.05718421936, 37.8205223083, 85.5474624634, 46.690574646], [-287.710601807, -29.8068408966, -16.3254089355, 27.2779312134, 10.4442234039, -37.7457847595, -25.484746933, 6.06915712357, 37.882144928, 12.5687971115, 9.50273895264, 46.690574646, 101.18611145]]}, "spectral_energyband_middle_low": {"dmean2": 0.00367935816757, "median": 0.003101402428, "min": 1.69009435219e-22, "dvar2": 3.85362509405e-05, "dvar": 1.64520351973e-05, "dmean": 0.0024515860714, "max": 0.0466996952891, "var": 3.01210784528e-05, "mean": 0.00493039237335}, "melbands_crest": {"dmean2": 6.23480987549, "median": 15.3356666565, "min": 1.64269864559, "dvar2": 30.8516674042, "dvar": 13.7312650681, "dmean": 3.93170189857, "max": 35.0498390198, "var": 42.8008995056, "mean": 15.8369884491}, "spectral_kurtosis": {"dmean2": 1.73345386982, "median": 3.39692759514, "min": -1.24972200394, "dvar2": 3.26043009758, "dvar": 1.50081062317, "dmean": 1.16148507595, "max": 19.8972930908, "var": 4.0312795639, "mean": 3.52985548973}, "spectral_rms": {"dmean2": 0.00131098332349, "median": 0.00374302221462, "min": 3.13894851951e-12, "dvar2": 2.25325902647e-06, "dvar": 1.38722782594e-06, "dmean": 0.000997000955977, "max": 0.0122291045263, "var": 5.76216507397e-06, "mean": 0.00417508743703}, "zerocrossingrate": {"dmean2": 0.0220988877118, "median": 0.0771484375, "min": 0.0048828125, "dvar2": 0.000499617832247, "dvar": 0.000396591116441, "dmean": 0.0188687555492, "max": 0.73095703125, "var": 0.00367636838928, "mean": 0.089860662818}, "silence_rate_60dB": {"dmean2": 0.0901693403721, "median": 0, "min": 0, "dvar2": 0.0914880782366, "dvar": 0.0430520884693, "dmean": 0.0450797155499, "max": 1, "var": 0.112246453762, "mean": 0.128847852349}, "erbbands_kurtosis": {"dmean2": 1.9313672781, "median": 0.277971625328, "min": -1.78795135021, "dvar2": 7.77514028549, "dvar": 3.35005307198, "dmean": 1.22667205334, "max": 70.0742492676, "var": 7.82031583786, "mean": 1.02293288708}, "erbbands": {"dmean2": [0.193115442991, 2.18603181839, 5.242872715, 5.53640699387, 2.92264699936, 2.2452609539, 5.59466409683, 6.73194932938, 6.6053404808, 12.2730951309, 13.4767446518, 15.2424488068, 18.2447128296, 18.5566520691, 20.4861736298, 41.8894271851, 34.0108299255, 57.5615081787, 35.4864578247, 36.6929321289, 24.5292205811, 23.3992404938, 20.8290367126, 28.1298065186, 14.9685268402, 14.9604187012, 12.0797643661, 5.93135786057, 6.02042388916, 6.72180080414, 4.45426225662, 3.97988080978, 3.41925835609, 1.65700554848, 1.2886942625, 0.60334610939, 0.17217835784, 0.0549004152417, 0.00532664731145, 0.000196195789613], "median": [0.00921955890954, 0.23452219367, 1.47901058197, 0.967706680298, 0.462500184774, 0.637636065483, 1.91177380085, 2.94358921051, 2.4366710186, 2.90258431435, 3.9371752739, 5.70995759964, 6.40144729614, 6.75370454788, 6.11058759689, 8.87793159485, 10.9141368866, 11.2970428467, 11.8579301834, 9.6406955719, 6.77372503281, 6.99537944794, 8.01863098145, 6.45149564743, 6.88591003418, 5.16572666168, 3.01394200325, 2.30593848228, 3.33925962448, 2.93888044357, 2.20241737366, 1.66955518723, 1.02974009514, 0.476668149233, 0.307517409325, 0.155233800411, 0.0450754985213, 0.010645756498, 0.00107557489537, 7.08749576006e-05], "min": [6.52695813697e-23, 3.36408710668e-22, 2.77991553774e-21, 5.27914664088e-21, 1.41010432218e-20, 2.95909065363e-20, 3.44752981935e-20, 6.4265251527e-20, 5.40368724471e-20, 1.66148131148e-19, 1.60704235816e-19, 3.16925850647e-19, 5.28450900076e-19, 5.96129473626e-19, 1.11818657776e-18, 1.18003094305e-18, 1.08505272095e-18, 2.05537114824e-18, 2.55208979736e-18, 2.41601031479e-18, 3.54262017612e-18, 3.86578971528e-18, 5.74308810959e-18, 6.77094811542e-18, 6.93134339928e-18, 8.61912520267e-18, 6.70626259152e-18, 7.89032448909e-18, 1.21214310773e-17, 1.23484483149e-17, 1.17147857794e-17, 1.0153046449e-17, 9.52129552802e-18, 8.09371496683e-18, 6.25884680204e-18, 4.41236708941e-18, 2.37620204101e-18, 9.12003951865e-19, 2.35282813995e-19, 2.58871471824e-20], "dvar2": [0.216929733753, 20.8544178009, 121.963508606, 202.834609985, 64.9284896851, 29.3925361633, 125.626403809, 196.041549683, 348.284973145, 2035.61206055, 1288.73632812, 1343.80871582, 2494.6184082, 2095.9152832, 4605.87646484, 20877.125, 8552.92578125, 44306.6523438, 9563.79296875, 8417.21875, 3938.06860352, 2205.56884766, 1413.14233398, 3620.00854492, 715.86706543, 855.260864258, 790.107788086, 93.3918609619, 69.7564086914, 131.433609009, 42.8362007141, 39.0042228699, 37.9553985596, 8.50687503815, 5.77053499222, 1.31741690636, 0.0920357704163, 0.00942584313452, 8.03550647106e-05, 1.23530170981e-07], "dvar": [0.112111248076, 8.33131599426, 48.2304763794, 97.6829681396, 23.3707523346, 10.9484796524, 55.3659858704, 90.3237609863, 153.079223633, 806.88873291, 621.097106934, 665.372802734, 1069.62585449, 921.963195801, 1825.1887207, 9366.171875, 4398.84423828, 19974.1582031, 4381.9921875, 3968.41210938, 1802.0435791, 913.397949219, 620.630249023, 1404.02404785, 300.949401855, 360.800506592, 282.932678223, 39.7252845764, 34.4781837463, 57.8711738586, 20.5146598816, 18.041179657, 16.8792457581, 3.80379843712, 2.48684287071, 0.55914747715, 0.0424866452813, 0.00434366520494, 3.89948145312e-05, 5.82887480505e-08], "dmean": [0.146641746163, 1.33676195145, 3.42334580421, 3.81755900383, 1.71795022488, 1.34774959087, 3.54563832283, 4.42048215866, 4.27488040924, 7.7451415062, 9.25870895386, 10.6055965424, 11.8836069107, 12.1769618988, 13.1472387314, 28.2418422699, 22.4664611816, 37.6327476501, 23.9167423248, 24.3847999573, 16.6527366638, 14.6986188889, 13.4638347626, 17.2352333069, 9.60039615631, 9.50395870209, 7.21477270126, 3.75455403328, 4.15009307861, 4.59893989563, 3.00815200806, 2.60489940643, 2.24370121956, 1.0952693224, 0.821352183819, 0.385767757893, 0.114624425769, 0.0365824401379, 0.0037373660598, 0.000142017714097], "max": [2.90072226524, 30.7825775146, 94.6374359131, 88.7486724854, 61.7407073975, 60.560382843, 226.975372314, 231.762054443, 545.223999023, 492.599761963, 562.81640625, 593.977233887, 830.016540527, 712.100097656, 1001.92749023, 3977.39868164, 3434.49072266, 3852.99169922, 1967.11279297, 1884.50756836, 1245.47619629, 806.097473145, 531.182312012, 500.305358887, 372.697418213, 420.587341309, 737.379394531, 144.91003418, 137.85218811, 134.979415894, 75.6895446777, 72.0808105469, 41.6141891479, 25.9837741852, 18.9932727814, 7.90848445892, 2.10547161102, 0.624826073647, 0.0592598617077, 0.00257819029503], "var": [0.159996166825, 10.9547624588, 66.9989242554, 145.97984314, 21.6189746857, 13.4484224319, 109.841720581, 199.568466187, 276.783447266, 1018.58233643, 1535.84521484, 1778.34094238, 1950.05126953, 1910.76538086, 3431.37719727, 20453.4355469, 9173.64257812, 41247.34375, 8886.70117188, 8453.99707031, 3511.09936523, 1590.69750977, 1133.52929688, 1687.22692871, 537.876342773, 711.316345215, 397.86026001, 99.6730499268, 100.734260559, 101.339233398, 45.6467018127, 31.5700931549, 20.5632190704, 5.06320285797, 2.66729831696, 0.57202321291, 0.0489549897611, 0.00514433393255, 5.87781869399e-05, 1.08313223279e-07], "mean": [0.159484609962, 1.69220292568, 4.94255638123, 5.27520227432, 1.97827839851, 1.87305140495, 5.38174581528, 7.40286684036, 6.88384580612, 10.5712070465, 16.4174613953, 19.7645893097, 19.2377204895, 19.7481784821, 21.72498703, 45.6027641296, 34.7150306702, 59.0283279419, 38.9068641663, 38.1723327637, 26.7598609924, 22.129240036, 20.9929409027, 22.0070705414, 15.2594995499, 15.1472387314, 10.0155010223, 6.29241371155, 7.33592700958, 6.94590139389, 4.74321985245, 3.71751523018, 2.7300722599, 1.33641910553, 0.872933983803, 0.407277733088, 0.129584565759, 0.040474794805, 0.00456746807322, 0.000208150755498]}, "spectral_strongpeak": {"dmean2": 1.069699049, "median": 0.474539458752, "min": 0, "dvar2": 3.55802774429, "dvar": 1.51775407791, "dmean": 0.646806895733, "max": 19.1592006683, "var": 2.72973465919, "mean": 1.06998467445}, "spectral_energy": {"dmean2": 0.0151468832046, "median": 0.014360469766, "min": 1.00993227485e-20, "dvar2": 0.000475808017654, "dvar": 0.000247593736276, "dmean": 0.0107567915693, "max": 0.15328976512, "var": 0.000637262361124, "mean": 0.0237733796239}, "average_loudness": 0.881549119949, "spectral_rolloff": {"dmean2": 1672.79321289, "median": 1722.65625, "min": 64.599609375, "dvar2": 5132167, "dvar": 2350184.5, "dmean": 1009.79437256, "max": 20973.3398438, "var": 6494575.5, "mean": 2383.54272461}, "spectral_centroid": {"dmean2": 524.585021973, "median": 1732.39575195, "min": 162.454727173, "dvar2": 360674.3125, "dvar": 150967.5, "dmean": 332.950836182, "max": 11639.7099609, "var": 1193960.875, "mean": 1821.92993164}, "pitch_salience": {"dmean2": 0.142886742949, "median": 0.491604030132, "min": 0.0537801347673, "dvar2": 0.0190630611032, "dvar": 0.0078307967633, "dmean": 0.0892112404108, "max": 0.844175040722, "var": 0.0201482921839, "mean": 0.486624866724}, "spectral_energyband_middle_high": {"dmean2": 0.00400757417083, "median": 0.00320778694004, "min": 1.18243004794e-21, "dvar2": 4.34480352851e-05, "dvar": 2.1163650672e-05, "dmean": 0.00277549121529, "max": 0.1032256037, "var": 7.03350669937e-05, "mean": 0.00635928846896}, "spectral_contrast_coeffs": {"dmean2": [0.0812680050731, 0.0738799124956, 0.0632673129439, 0.0571791827679, 0.0417201258242, 0.0379777364433], "median": [-0.646266639233, -0.740359783173, -0.762562394142, -0.743268847466, -0.776578068733, -0.782285451889], "min": [-0.982091128826, -0.981963455677, -0.974957942963, -0.969504892826, -0.967740416527, -0.965639233589], "dvar2": [0.00450448459014, 0.00378884770907, 0.00259017874487, 0.00216234778054, 0.00118050072342, 0.00122810620815], "dvar": [0.00179282168392, 0.00155300612096, 0.00116566824727, 0.000992367858998, 0.000580060121138, 0.000565460999496], "dmean": [0.0504279024899, 0.046647772193, 0.040802475065, 0.0376946814358, 0.0277991034091, 0.0253912191838], "max": [-0.308743149042, -0.389110267162, -0.438245028257, -0.464293479919, -0.562490224838, -0.626424193382], "var": [0.00770611222833, 0.00672122370452, 0.00656730122864, 0.00607510050759, 0.00322582479566, 0.00229862867855], "mean": [-0.645879805088, -0.731458902359, -0.751972615719, -0.739703834057, -0.772379219532, -0.782919108868]}, "melbands_skewness": {"dmean2": 1.49953651428, "median": 1.91819930077, "min": -1.94390308857, "dvar2": 3.0244474411, "dvar": 1.60768675804, "dmean": 1.02859401703, "max": 23.8274269104, "var": 5.38940763474, "mean": 2.51548671722}, "spectral_spread": {"dmean2": 1512594.5, "median": 5389719.5, "min": 1736912.875, "dvar2": 2320264331260.0, "dvar": 1337838927870.0, "dmean": 1054160.25, "max": 42398412, "var": 14821398413300.0, "mean": 6133949}, "dissonance": {"dmean2": 0.0301180668175, "median": 0.475359916687, "min": 0.214972510934, "dvar2": 0.00103354360908, "dvar": 0.00039097914123, "dmean": 0.0180780291557, "max": 0.5, "var": 0.000710390566383, "mean": 0.468070030212}, "spectral_skewness": {"dmean2": 0.319823890924, "median": 1.43282151222, "min": -0.087617456913, "dvar2": 0.0985881537199, "dvar": 0.0442018248141, "dmean": 0.210805952549, "max": 3.33119440079, "var": 0.139742836356, "mean": 1.45832157135}, "spectral_flux": {"dmean2": 0.047922603786, "median": 0.0660639032722, "min": 6.29204396918e-11, "dvar2": 0.00293279229663, "dvar": 0.00125239719637, "dmean": 0.0311275161803, "max": 0.340263754129, "var": 0.00307715358213, "mean": 0.0811761170626}, "spectral_contrast_valleys": {"dmean2": [0.786899089813, 0.58432585001, 0.53696680069, 0.561596333981, 0.596542418003, 0.609343111515], "median": [-7.86836624146, -7.17254829407, -7.62652492523, -7.90243291855, -7.78258037567, -9.65538597107], "min": [-28.1612415314, -27.8415718079, -27.8211288452, -27.8481674194, -27.5273170471, -27.4342479706], "dvar2": [0.501373410225, 0.250839591026, 0.220418125391, 0.271528571844, 0.468304932117, 0.285517454147], "dvar": [0.280207961798, 0.125617057085, 0.123441502452, 0.159812584519, 0.233302950859, 0.194569483399], "dmean": [0.517677426338, 0.383508086205, 0.372009962797, 0.40142044425, 0.446102052927, 0.502873837948], "max": [-5.38656711578, -5.37356615067, -5.23375177383, -5.52008771896, -5.56841564178, -7.73187017441], "var": [4.96206521988, 4.68836450577, 4.58725500107, 4.5970044136, 4.78743124008, 4.0325627327], "mean": [-8.24825668335, -7.50165319443, -7.88733005524, -8.11224842072, -7.96188640594, -9.94120311737]}, "erbbands_flatness_db": {"dmean2": 0.030797386542, "median": 0.128496095538, "min": 0.0192191377282, "dvar2": 0.000683962367475, "dvar": 0.000396839546738, "dmean": 0.0226590055972, "max": 0.333015710115, "var": 0.00205550598912, "mean": 0.135086268187}, "spectral_energyband_high": {"dmean2": 0.00102542748209, "median": 0.000565281719901, "min": 7.02416815359e-21, "dvar2": 2.04547563953e-06, "dvar": 9.79158016889e-07, "dmean": 0.000689728825819, "max": 0.0214444641024, "var": 2.10246071219e-06, "mean": 0.00113140838221}, "spectral_entropy": {"dmean2": 0.290192127228, "median": 7.84495353699, "min": 6.40597486496, "dvar2": 0.0647290498018, "dvar": 0.0386759452522, "dmean": 0.212997227907, "max": 9.82810974121, "var": 0.182964146137, "mean": 7.81157493591}, "silence_rate_20dB": {"dmean2": 0, "median": 1, "min": 1, "dvar2": 0, "dvar": 0, "dmean": 0, "max": 1, "var": 0, "mean": 1}, "melbands_flatness_db": {"dmean2": 0.0495579391718, "median": 0.163091808558, "min": 0.00353571749292, "dvar2": 0.00239512254484, "dvar": 0.00121666700579, "dmean": 0.0342515185475, "max": 0.511966407299, "var": 0.00465098302811, "mean": 0.167291298509}, "barkbands": {"dmean2": [8.84998880792e-05, 0.00856652017683, 0.00488162832335, 0.00149132031947, 0.000705097569153, 0.000875531404745, 0.000601777865086, 0.000584035005886, 0.000683245714754, 0.000552194193006, 0.000583446351811, 0.000932065828238, 0.000756293651648, 0.00111018854659, 0.000792164239101, 0.000524110742845, 0.000476824090583, 0.000407914019888, 0.000423204735853, 0.000351340771886, 0.000192728635739, 0.000176415283931, 0.000165235687746, 0.000209761812584, 0.000161079849931, 0.000108514919702, 3.60513295163e-05], "median": [1.52616053128e-06, 0.000685083505232, 0.0011563047301, 0.000123724239529, 0.000190411286894, 0.000387119944207, 0.000141135926242, 0.000145848141983, 0.000211181264604, 0.000170327126398, 0.00015880666615, 0.000177881258423, 0.000175839581061, 0.000139875366585, 0.000225141833653, 9.67959349509e-05, 0.000124325073557, 0.000141624419484, 0.000123941863421, 0.00011489456665, 6.19254133198e-05, 9.69252141658e-05, 7.87285971455e-05, 7.37945665605e-05, 4.21686054324e-05, 2.96590478683e-05, 6.36673121335e-06], "min": [4.37374758392e-25, 1.23971917003e-24, 1.66198635462e-24, 5.60268095461e-25, 8.64087233346e-24, 8.59399427416e-24, 2.8809722879e-24, 4.13685955661e-24, 1.17975591991e-23, 1.04063801158e-23, 7.41795807008e-24, 2.6039534864e-23, 1.82428927938e-23, 3.72447959962e-23, 3.04440955521e-23, 5.53131785583e-23, 6.34493763388e-23, 9.9097426355e-23, 1.38597143383e-22, 1.56382511052e-22, 2.38377937853e-22, 3.19134878276e-22, 4.48083243046e-22, 5.36880556738e-22, 8.6135714668e-22, 1.29072810418e-21, 1.8925662194e-21], "dvar2": [4.20194439243e-08, 0.000332595111104, 0.000131219465402, 1.80080951395e-05, 2.82957125819e-06, 2.8791234854e-06, 3.59736100108e-06, 2.23436131819e-06, 2.75167758446e-06, 2.30045702665e-06, 2.71396993412e-06, 9.3040162028e-06, 4.73626687381e-06, 1.90556784219e-05, 3.85985822504e-06, 1.86195245533e-06, 9.43479847137e-07, 5.4693060747e-07, 6.53460631383e-07, 5.3486564866e-07, 1.15421237012e-07, 6.1622486669e-08, 6.75464946198e-08, 1.27023469076e-07, 8.30537203456e-08, 3.81726472654e-08, 4.56133886217e-09], "dvar": [2.28415046877e-08, 0.000143271128763, 5.16076142958e-05, 7.59528666094e-06, 1.04892717445e-06, 1.32155992105e-06, 1.42666419833e-06, 1.05047820398e-06, 1.34148183406e-06, 9.46502552779e-07, 1.13695034543e-06, 4.11216706198e-06, 2.40625104198e-06, 8.26361520012e-06, 1.76917887984e-06, 8.38046048557e-07, 3.79075203227e-07, 2.34670764598e-07, 2.5758865263e-07, 2.08863980333e-07, 4.51843469307e-08, 3.0419275987e-08, 3.0900203285e-08, 5.7129895481e-08, 3.72244635116e-08, 1.71109757474e-08, 2.1219803692e-09], "dmean": [6.54980613035e-05, 0.00540005462244, 0.00323786120862, 0.000946709944401, 0.000423863442848, 0.000574266596232, 0.000382496800739, 0.000389323482523, 0.000475029781228, 0.000358393532224, 0.000374912429834, 0.000619343714789, 0.000492351711728, 0.000715160625987, 0.00052420393331, 0.00034741894342, 0.000295052828733, 0.000260382192209, 0.000260460132267, 0.000221038251766, 0.000117721421702, 0.00012256919581, 0.000111266490421, 0.000136527247378, 0.000104650382127, 7.16363501851e-05, 2.48621126957e-05], "max": [0.0011206890922, 0.126159012318, 0.0938468873501, 0.0263390429318, 0.0209275800735, 0.0337262749672, 0.0236437916756, 0.0256718359888, 0.0232293475419, 0.0252211783081, 0.0245740208775, 0.0769825875759, 0.0812273323536, 0.0825201198459, 0.0315651595592, 0.022811697796, 0.011750693433, 0.00845099892467, 0.00717076240107, 0.0144829442725, 0.00413827970624, 0.0040668379