{"tonal": {"thpcp": [1, 0.462727695704, 0.161113262177, 0.139802902937, 0.179230824113, 0.294896990061, 0.392080694437, 0.385603457689, 0.400160223246, 0.356696367264, 0.233217105269, 0.161489471793, 0.11014187336, 0.0986518338323, 0.32581576705, 0.523121416569, 0.314318239689, 0.124246031046, 0.153710633516, 0.246881306171, 0.564041852951, 0.706387221813, 0.396528214216, 0.193368121982, 0.145153775811, 0.0746382847428, 0.0642969980836, 0.0716876536608, 0.0785328447819, 0.126050755382, 0.142483726144, 0.103519536555, 0.105325102806, 0.133732259274, 0.243260994554, 0.805910229683], "hpcp": {"dmean2": [0.16545137763, 0.210335358977, 0.139244943857, 0.107307106256, 0.108901955187, 0.12964823842, 0.14886584878, 0.166101977229, 0.160952061415, 0.139066681266, 0.116855636239, 0.0886289700866, 0.0771343782544, 0.0688706487417, 0.0884926244617, 0.0920028015971, 0.0947556570172, 0.0867731422186, 0.124013349414, 0.157193750143, 0.168901711702, 0.202373489738, 0.168940588832, 0.0875702500343, 0.0676728188992, 0.0477023683488, 0.0420878976583, 0.0458710752428, 0.054304946214, 0.0735767781734, 0.0842914804816, 0.0766754001379, 0.0803076699376, 0.0974864885211, 0.165013805032, 0.232886776328], "median": [0.0210935771465, 0.0132152354345, 0.00113815814257, 0.000362847174983, 0.000671380839776, 0.00375453894958, 0.00601403508335, 0.00520086660981, 0.00176763581112, 0.00139696826227, 0.00123479776084, 0.00184546818491, 0.00129861466121, 0.00126853678375, 0.00113008578774, 0.00133370421827, 0.00116237695329, 0.000554330355953, 0.000327999994624, 0.00128278532065, 0.015018446371, 0.0235305912793, 0.0115645453334, 0.000926205830183, 0.000237330415985, 0.000421983189881, 0.000476671848446, 0.000622896710411, 0.00116131186951, 0.00127479457296, 0.00107721029781, 0.000628642272204, 0.00061972765252, 0.00069428794086, 0.00394296552986, 0.0149117074907], "min": [0, 0, 0, 0, 0, 0, 0, 0, 0, 0, 0, 0, 0, 0, 0, 0, 0, 0, 0, 0, 0, 0, 0, 0, 0, 0, 0, 0, 0, 0, 0, 0, 0, 0, 0, 0], "dvar2": [0.0973105430603, 0.142777130008, 0.107618637383, 0.0750601068139, 0.0796723216772, 0.0837762355804, 0.0948849990964, 0.117693953216, 0.113061353564, 0.0871787443757, 0.0781101882458, 0.0575087890029, 0.053543664515, 0.0437760576606, 0.0521534271538, 0.0559066534042, 0.0591233335435, 0.0620953701437, 0.113653302193, 0.134375467896, 0.100088961422, 0.157209679484, 0.108167394996, 0.0584457106888, 0.0487041175365, 0.0332689918578, 0.0269727539271, 0.0284036304802, 0.0339112356305, 0.0516428053379, 0.0597405023873, 0.0569431781769, 0.062998868525, 0.0808888971806, 0.111148476601, 0.155643731356], "dvar": [0.0418051108718, 0.0468847751617, 0.0365247167647, 0.0264465473592, 0.0280356816947, 0.0310001857579, 0.0368356741965, 0.0426532402635, 0.0445947013795, 0.0354219377041, 0.0303337071091, 0.0228172540665, 0.0195906944573, 0.0161179490387, 0.0214989986271, 0.0245476905257, 0.0231297798455, 0.022592600435, 0.0381382107735, 0.0450102463365, 0.0394819527864, 0.056464497, 0.0382637530565, 0.0214645154774, 0.01851914078, 0.0120296049863, 0.00958996638656, 0.0102354809642, 0.0119848093018, 0.0191212650388, 0.0225805845112, 0.0202654823661, 0.0219937004149, 0.0286249686033, 0.0366496443748, 0.0521379187703], "dmean": [0.0947571322322, 0.113848134875, 0.0737633109093, 0.0571377798915, 0.0591648221016, 0.0740467235446, 0.084308989346, 0.0955306440592, 0.0908011049032, 0.0800013914704, 0.0671501532197, 0.0501200631261, 0.042220659554, 0.0380328670144, 0.0513956695795, 0.053528290242, 0.054533302784, 0.047591496259, 0.0660566613078, 0.0864606276155, 0.097330480814, 0.114716328681, 0.0955764502287, 0.0480046197772, 0.03783230111, 0.0261280331761, 0.0229725409299, 0.0254103485495, 0.0297014508396, 0.0408536829054, 0.0463130958378, 0.041344076395, 0.0429386496544, 0.0523626469076, 0.0882624238729, 0.128116548061], "max": [1, 1, 1, 1, 1, 1, 1, 1, 1, 1, 1, 1, 1, 1, 1, 1, 1, 1, 1, 1, 1, 1, 1, 1, 1, 1, 1, 1, 1, 1, 1, 1, 1, 1, 1, 1], "var": [0.168933793902, 0.0523299239576, 0.0233890339732, 0.020223647356, 0.0298049468547, 0.0430152863264, 0.065237917006, 0.0578942969441, 0.073007337749, 0.0616219006479, 0.0350575000048, 0.0244727078825, 0.0151434419677, 0.0122057907283, 0.045596987009, 0.106037773192, 0.0423802360892, 0.0182646512985, 0.0268806833774, 0.0404489077628, 0.0854458212852, 0.119067877531, 0.0482155494392, 0.0311309248209, 0.0229071583599, 0.0102572515607, 0.00717695476487, 0.00770174665377, 0.00889725983143, 0.0185742694885, 0.0234828349203, 0.0143334921449, 0.014815710485, 0.021496579051, 0.0263814181089, 0.123695418239], "mean": [0.292180746794, 0.135200127959, 0.0470741949975, 0.0408477187157, 0.0523677952588, 0.0861632227898, 0.114558428526, 0.112665906549, 0.116919115186, 0.104219809175, 0.0681415498257, 0.0471841134131, 0.0321813337505, 0.0288241654634, 0.095197096467, 0.152846008539, 0.091837733984, 0.0363022983074, 0.044911287725, 0.0721339657903, 0.164802163839, 0.206392750144, 0.11585791409, 0.0564984418452, 0.0424111373723, 0.0218078698963, 0.0187863446772, 0.0209457520396, 0.022945785895, 0.0368296019733, 0.0416310019791, 0.0302464161068, 0.0307739675045, 0.0390739925206, 0.0710761770606, 0.235471457243]}, "tuning_equal_tempered_deviation": 0.0795002430677, "chords_changes_rate": 0.0635943189263, "key_key": "A", "tuning_diatonic_strength": 0.606759250164, "key_scale": "minor", "chords_number_rate": 0.0021473406814, "tuning_frequency": 441.017791748, "tuning_nontempered_energy_ratio": 0.711965680122, "chords_histogram": [39.6762466431, 1.8830524683, 3.13842082024, 4.47637939453, 2.18037652969, 2.69243478775, 0.561612129211, 14.453253746, 1.04063427448, 7.6973900795, 7.51569223404, 1.43706643581, 0.264288067818, 0, 0, 0, 0, 0.644202172756, 0.297324091196, 0, 2.06475067139, 0.561612129211, 9.01883029938, 0.396432101727], "key_strength": 0.820451259613, "chords_key": "A", "chords_strength": {"dmean2": 0.00968448724598, "median": 0.49619114399, "min": -1, "dvar2": 0.000669380708132, "dvar": 0.000380150915589, "dmean": 0.0102973049507, "max": 0.840059399605, "var": 0.0369248092175, "mean": 0.482203215361}, "chords_scale": "minor", "hpcp_entropy": {"dmean2": 0.897794783115, "median": 1.59321713448, "min": 0, "dvar2": 0.642785608768, "dvar": 0.255176693201, "dmean": 0.533062160015, "max": 4.43044614792, "var": 0.577039539814, "mean": 1.53890323639}}, "metadata": {"audio_properties": {"equal_loudness": 0, "codec": "vorbis", "downmix": "mix", "sample_rate": 44100, "analysis_sample_rate": 44100, "bit_rate": 320000, "md5_encoded": "b86294a10335e734c165abba805d9039", "length": 281.08770752, "replay_gain": -8.77843475342, "lossless": false}, "version": {"essentia_build_sha": "cead25079874084f62182a551b7393616cd33d87", "essentia": "2.1-beta2", "extractor": "music 1.0", "essentia_git_sha": "v2.1_beta2-1-ge3940c0"}, "tags": {"title": ["I Like to Feel My Bones"], "barcode": ["825576176320"], "media": ["CD"], "albumartist": ["Harmonious Wail"], "tracktotal": ["14"], "albumartistsort": ["Harmonious Wail"], "releasetype": ["album", "compilation"], "musicbrainz_recordingid": ["1a32b655-54f5-472b-86b5-6a99ea1580f4"], "musicbrainz_releasegroupid": ["c3850ca6-5b1a-4a66-a1a7-052c64db0883"], "mixer": ["Aaron Levinson", "Brian Ritrovato"], "musicbrainz_albumartistid": ["588ce9f9-2ffb-4066-95a1-77af9de98598"], "discnumber": ["2"], "catalognumber": ["BUFF0025"], "releasecountry": ["US"], "engineer": ["Tom Blain", "Brian Ritrovato", "Aubrey Ralph"], "originaldate": ["2012"], "producer": ["Aaron Levinson", "Sims Delaney-Potthoff"], "date": ["2012"], "file_name": "2-01 I Like to Feel My Bones.ogg", "disctotal": ["2"], "musicbrainz_artistid": ["588ce9f9-2ffb-4066-95a1-77af9de98598"], "asin": ["B008SVS6P4"], "musicbrainz_albumid": ["9940b3f8-9b45-4d93-a86d-88a5baa99019"], "artist": ["Harmonious Wail"], "tracknumber": ["1"], "artistsort": ["Harmonious Wail"], "album": ["25 Years"], "label": ["Bufflehead Recordings"], "releasestatus": ["official"], "totaldiscs": ["2"], "script": ["Latn"], "totaltracks": ["14"]}}, "rhythm": {"bpm_histogram_first_peak_bpm": {"dmean2": 0, "median": 89, "min": 89, "dvar2": 0, "dvar": 0, "dmean": 0, "max": 89, "var": 0, "mean": 89}, "bpm": 90.0817337036, "bpm_histogram_second_peak_spread": {"dmean2": 0, "median": 0.0952380895615, "min": 0.0952380895615, "dvar2": 0, "dvar": 0, "dmean": 0, "max": 0.0952380895615, "var": 0, "mean": 0.0952380895615}, "bpm_histogram_first_peak_weight": {"dmean2": 0, "median": 0.406698554754, "min": 0.406698554754, "dvar2": 0, "dvar": 0, "dmean": 0, "max": 0.406698554754, "var": 0, "mean": 0.406698554754}, "onset_rate": 3.25150299072, "beats_position": [0.731428563595, 1.47446703911, 2.19428563118, 2.89088439941, 3.62231278419, 4.33052158356, 5.0387301445, 5.71210861206, 6.39709758759, 7.07047605515, 7.72063493729, 8.38240337372, 9.05578231812, 9.72916126251, 10.4025392532, 11.0759181976, 11.7376871109, 12.4110651016, 13.084444046, 13.7462129593, 14.4079818726, 15.0697498322, 15.7315187454, 16.3932876587, 17.0550556183, 17.7284355164, 18.4134235382, 19.0751914978, 19.7369613647, 20.3871192932, 21.0604991913, 21.733877182, 22.430475235, 23.1270751953, 23.8120632172, 24.497051239, 25.2052612305, 25.8902492523, 26.5520172119, 27.2137870789, 27.8755550385, 28.5489330292, 29.2107028961, 29.8840808868, 30.5458488464, 31.2076187134, 31.8809967041, 32.5543746948, 33.239364624, 33.9243545532, 34.5977325439, 35.2711105347, 35.9444885254, 36.6178665161, 37.2912483215, 37.9646263123, 38.6612243652, 39.3578224182, 40.0660324097, 40.7510185242, 41.4243965149, 42.0977783203, 42.7943763733, 43.4793624878, 44.1527442932, 44.8377304077, 45.5227203369, 46.2077102661, 46.8926963806, 47.5660743713, 48.2394561768, 48.8896141052, 49.5746040344, 50.2595901489, 50.9445800781, 51.6179580688, 52.2913360596, 52.941493988, 53.603263855, 54.2650337219, 54.9384117126, 55.6117897034, 56.2851676941, 56.9353294373, 57.608707428, 58.2588653564, 58.9090232849, 59.5591812134, 60.2209510803, 60.8827209473, 61.5328788757, 62.1830368042, 62.8564147949, 63.5181846619, 64.1683425903, 64.806892395, 65.4570541382, 66.1188201904, 66.8038101196, 67.4771881104, 68.1505661011, 68.8007278442, 69.474105835, 70.1358718872, 70.7860336304, 71.4477996826, 72.1211776733, 72.7829437256, 73.4447174072, 74.094871521, 74.7450332642, 75.3951950073, 76.0801773071, 76.7651672363, 77.426940918, 78.0887069702, 78.7504730225, 79.4006347656, 80.0624008179, 80.712562561, 81.3511123657, 82.0012664795, 82.6630401611, 83.3131942749, 83.9633560181, 84.6019058228, 85.2404556274, 85.8789978027, 86.5291595459, 87.1793212891, 87.8410873413, 88.514465332, 89.1762313843, 89.8380050659, 90.5113830566, 91.1615371704, 91.8116989136, 92.4734649658, 93.1352386475, 93.7737884521, 94.4123306274, 95.0624923706, 95.7242584229, 96.3628082275, 97.0129699707, 97.6631240845, 98.3365097046, 98.9866638184, 99.6368255615, 100.286979675, 100.937141418, 101.575691223, 102.214241028, 102.864395142, 103.514556885, 104.176322937, 104.838096619, 105.511474609, 106.173240662, 106.835006714, 107.508384705, 108.170158386, 108.8203125, 109.458862305, 110.120635986, 110.7707901, 111.432563782, 112.071105957, 112.709655762, 113.371429443, 114.033195496, 114.683357239, 115.333511353, 115.983673096, 116.633827209, 117.283988953, 117.934150696, 118.595916748, 119.2576828, 119.907844543, 120.581222534, 121.231384277, 121.904762268, 122.554916382, 123.205078125, 123.855232239, 124.528617859, 125.190383911, 125.840545654, 126.502311707, 127.15246582, 127.791015625, 128.452789307, 129.10295105, 129.764709473, 130.426483154, 131.088256836, 131.750015259, 132.400177002, 133.027114868, 133.677276611, 134.339050293, 135.012420654, 135.674194336, 136.347564697, 137.009338379, 137.694335938, 138.35609436, 139.017868042, 139.679641724, 140.341400146, 140.968338013, 141.618499756, 142.268661499, 142.930435181, 143.580581665, 144.230743408, 144.904129028, 145.589111328, 146.262496948, 146.93586731, 147.586029053, 148.259414673, 148.897949219, 149.5597229, 150.221496582, 150.883255005, 151.533416748, 152.206802368, 152.856964111, 153.530334473, 154.192108154, 154.877090454, 155.562088013, 156.247070312, 156.920455933, 157.593826294, 158.243988037, 158.89414978, 159.567520142, 160.264129639, 160.960723877, 161.657318115, 162.330703735, 162.992462158, 163.65423584, 164.304397583, 164.954559326, 165.604721069, 166.266479492, 166.939865112, 167.624847412, 168.344665527, 169.018051147, 169.691421509, 170.376419067, 171.049789429, 171.734786987, 172.408157349, 173.081542969, 173.75491333, 174.416687012, 175.078460693, 175.751831055, 176.425216675, 177.098587036, 177.795196533, 178.480178833, 179.153549194, 179.826934814, 180.511917114, 181.185302734, 181.858688354, 182.532058716, 183.217056274, 183.890426636, 184.575408936, 185.248794556, 185.922180176, 186.595550537, 187.292144775, 187.977142334, 188.662124634, 189.335510254, 190.020492554, 190.705490112, 191.378860474, 192.052246094, 192.714004517, 193.375778198, 194.03755188, 194.699310303, 195.361083984, 196.022857666, 196.684616089, 197.346389771, 198.042984009, 198.727981567, 199.401351929, 200.06312561, 200.759719849, 201.42149353, 202.09487915, 202.756637573, 203.430023193, 204.103393555, 204.776779175, 205.450149536, 206.123535156, 206.796905518, 207.470291138, 208.143676758, 208.817047119, 209.490432739, 210.187026978, 210.872009277, 211.545394897, 212.207168579, 212.88053894, 213.530700684, 214.204071045, 214.877456665, 215.574050903, 216.2706604, 216.944030762, 217.605804443, 218.290786743, 218.975784302, 219.660766602, 220.345748901, 221.053970337, 221.750564575, 222.423934937, 223.097320557, 223.770706177, 224.444076538, 225.140670776, 225.837280273, 226.533874512, 227.218856812, 227.90385437, 228.577224731, 229.250610352, 229.900772095, 230.562530518, 231.224304199, 231.897689819, 232.571060181, 233.244445801, 233.917816162, 234.579589844, 235.218139648, 235.879898071, 236.541671753, 237.203445435, 237.853607178, 238.515365601, 239.165527344, 239.838912964, 240.489059448, 241.162445068, 241.835830688, 242.50920105, 243.18258667, 243.86756897, 244.55255127, 245.237548828, 245.922531128, 246.595916748, 247.269287109, 247.942672729, 248.604446411, 249.266204834, 249.927978516, 250.589752197, 251.239898682, 251.913284302, 252.586654663, 253.271652222, 253.956634521, 254.630020142, 255.280181885, 255.941940308, 256.592102051, 257.253875732, 257.915649414, 258.577423096, 259.23916626, 259.889343262, 260.527893066, 261.178039551, 261.828216553, 262.489959717, 263.151733398, 263.8019104, 264.463653564, 265.125427246, 265.775604248, 266.43737793, 267.087524414, 267.726074219, 268.376220703, 269.037994385, 269.688171387, 270.326721191, 270.976867676, 271.650238037, 272.335235596, 273.043426514, 273.879364014, 274.726898193, 275.458312988, 276.189758301, 276.839904785, 277.501678467, 278.175048828, 278.848419189, 279.510192871, 280.171966553], "beats_loudness": {"dmean2": 0.183732271194, "median": 0.0875053554773, "min": 0, "dvar2": 0.0228964276612, "dvar": 0.00805895216763, "dmean": 0.103915393353, "max": 0.543443977833, "var": 0.0094776339829, "mean": 0.104472868145}, "danceability": 1.22136187553, "bpm_histogram_second_peak_weight": {"dmean2": 0, "median": 0.0454545468092, "min": 0.0454545468092, "dvar2": 0, "dvar": 0, "dmean": 0, "max": 0.0454545468092, "var": 0, "mean": 0.0454545468092}, "beats_count": 419, "bpm_histogram_second_peak_bpm": {"dmean2": 0, "median": 94, "min": 94, "dvar2": 0, "dvar": 0, "dmean": 0, "max": 94, "var": 0, "mean": 94}, "bpm_histogram_first_peak_spread": {"dmean2": 0, "median": 0.562982022762, "min": 0.562982022762, "dvar2": 0, "dvar": 0, "dmean": 0, "max": 0.562982022762, "var": 0, "mean": 0.562982022762}, "beats_loudness_band_ratio": {"dmean2": [0.474421769381, 0.26635029912, 0.18515817821, 0.0797730609775, 0.0242675784975, 0.0412837378681], "median": [0.906605243683, 0.0416074953973, 0.0169787611812, 0.00358486617915, 0.000707803643309, 0.00103334279265], "min": [0, 0, 0, 0, 0, 0], "dvar2": [0.188992530107, 0.105122469366, 0.0652263909578, 0.0248792376369, 0.0031912913546, 0.0187855083495], "dvar": [0.0767870023847, 0.0403289720416, 0.0225046034902, 0.00877859443426, 0.00120469904505, 0.00827654544264], "dmean": [0.255684405565, 0.146883606911, 0.0999133214355, 0.043189574033, 0.0132918190211, 0.0223688744009], "max": [0.999042391777, 0.993747413158, 0.910248160362, 0.674822211266, 0.413739949465, 0.995830893517], "var": [0.093707986176, 0.0389709286392, 0.0171375330538, 0.00662120385095, 0.000906541536096, 0.00894640944898], "mean": [0.754637300968, 0.119965836406, 0.0701855942607, 0.0301904361695, 0.00901805795729, 0.0175814125687]}}, "lowlevel": {"barkbands_spread": {"dmean2": 6.79981231689, "median": 3.78320765495, "min": 0.0732892379165, "dvar2": 354.695098877, "dvar": 139.713241577, "dmean": 4.19992542267, "max": 128.06590271, "var": 231.354751587, "mean": 8.88745307922}, "melbands_spread": {"dmean2": 5.88879394531, "median": 3.27415084839, "min": 0.222130939364, "dvar2": 396.614837646, "dvar": 176.838287354, "dmean": 3.75587129593, "max": 309.827514648, "var": 705.356994629, "mean": 10.6121425629}, "hfc": {"dmean2": 7.36749649048, "median": 4.17176866531, "min": 1.05290291542e-16, "dvar2": 360.104888916, "dvar": 146.106460571, "dmean": 4.86081361771, "max": 204.416564941, "var": 333.478668213, "mean": 10.571811676}, "barkbands_kurtosis": {"dmean2": 27.9427967072, "median": 12.9262084961, "min": -1.94203984737, "dvar2": 4837.06445312, "dvar": 2160.18286133, "dmean": 17.694683075, "max": 2066.98168945, "var": 6378.87109375, "mean": 33.7702713013}, "gfcc": {"mean": [-161.416488647, 135.203521729, -46.0357704163, 27.93110466, -41.7497673035, 10.1540403366, -22.636384964, 6.17811250687, -19.8714160919, 3.31458258629, -4.54599428177, -3.60827469826, -5.01113462448], "icov": [[0.000101392943179, -0.00025106780231, 0.000172571075382, -0.000259390188148, 0.000221981012146, -0.00032118713716, 0.000259976834059, -0.000342010636814, 0.000288841169095, -0.000277043611277, 0.000160568306455, -0.00014155676763, 0.000146482503624], [-0.00025106780231, 0.00129448401276, -0.000493934843689, 0.000993254943751, -0.000736276386306, 0.00119089940563, -0.00106328632683, 0.00138719158713, -0.00120931665879, 0.00127573846839, -0.00128141557798, 0.00117022055201, -0.000788908684626], [0.000172571075382, -0.000493934843689, 0.000863581895828, -0.000718218681868, 0.000468634418212, -0.000687441788614, 0.00013875226432, -0.000372070993762, 5.95541459916e-05, -0.000181157927727, 0.000547373376321, -0.000540159177035, 0.000158166032634], [-0.000259390188148, 0.000993254943751, -0.000718218681868, 0.00266153831035, -0.00116640573833, 0.00118794245645, -0.000722689379472, 0.00073694990715, -0.000756194465794, -4.36329610238e-05, 5.03311275679e-06, 0.000146639184095, -0.000828807300422], [0.000221981012146, -0.000736276386306, 0.000468634418212, -0.00116640573833, 0.00317277479917, -0.00118788238615, -1.95553293452e-05, 8.72789314599e-05, -0.000664176302962, -0.000159519157023, 0.00018927041674, 0.000165858131368, -0.000370244408259], [-0.00032118713716, 0.00119089940563, -0.000687441788614, 0.00118794245645, -0.00118788238615, 0.00468909973279, -0.00166441081092, 0.000488613266498, -0.000159466697369, 0.000545370276086, -0.00103361567017, 0.000881095882505, -8.40299544507e-05], [0.000259976834059, -0.00106328632683, 0.00013875226432, -0.000722689379472, -1.95553293452e-05, -0.00166441081092, 0.00442244904116, -0.00157594343182, 0.000420040683821, -0.00102434377186, 0.000154322333401, 0.00012157382298, 0.000798665219918], [-0.000342010636814, 0.00138719158713, -0.000372070993762, 0.00073694990715, 8.72789314599e-05, 0.000488613266498, -0.00157594343182, 0.00631918245926, -0.00232400349341, 0.00198597717099, -0.00112721987534, 0.00121994665824, -0.00125055061653], [0.000288841169095, -0.00120931665879, 5.95541459916e-05, -0.000756194465794, -0.000664176302962, -0.000159466697369, 0.000420040683821, -0.00232400349341, 0.00833309721202, -0.00209505390376, 0.000451255473308, -0.000333816569764, 0.000551435630769], [-0.000277043611277, 0.00127573846839, -0.000181157927727, -4.36329610238e-05, -0.000159519157023, 0.000545370276086, -0.00102434377186, 0.00198597717099, -0.00209505390376, 0.00803781673312, -0.00168162351474, 0.000740469084121, 0.00015360636462], [0.000160568306455, -0.00128141557798, 0.000547373376321, 5.03311275679e-06, 0.00018927041674, -0.00103361567017, 0.000154322333401, -0.00112721987534, 0.000451255473308, -0.00168162351474, 0.00830187089741, -0.00321662169881, 0.00105264910962], [-0.00014155676763, 0.00117022055201, -0.000540159177035, 0.000146639184095, 0.000165858131368, 0.000881095882505, 0.00012157382298, 0.00121994665824, -0.000333816569764, 0.000740469084121, -0.00321662169881, 0.0101086441427, -0.00276316632517], [0.000146482503624, -0.000788908684626, 0.000158166032634, -0.000828807300422, -0.000370244408259, -8.40299544507e-05, 0.000798665219918, -0.00125055061653, 0.000551435630769, 0.00015360636462, 0.00105264910962, -0.00276316632517, 0.00817790348083]], "cov": [[31130.6660156, 468.715393066, -4045.82324219, 205.030090332, -1367.18603516, 581.390991211, -907.049499512, 643.947509766, -722.802062988, 404.979858398, 87.7452697754, -29.9012374878, -262.502319336], [468.715393066, 3800.04394531, 539.771911621, -544.288391113, 555.00189209, -227.712844849, 487.607910156, -267.944091797, 326.412414551, -259.552032471, 291.578186035, -209.084381104, 101.467658997], [-4045.82324219, 539.771911621, 2333.70800781, 299.684082031, 232.408004761, 20.5978355408, 276.451599121, -70.6612625122, 192.568328857, -76.4068832397, -37.3059425354, 23.8589344025, 84.0196685791], [205.030090332, -544.288391113, 299.684082031, 731.758850098, 95.320098877, -8.17992591858, -16.5428276062, 24.2423305511, 16.7677707672, 80.9382095337, -78.8214797974, 49.8393249512, 46.0753326416], [-1367.18603516, 555.00189209, 232.408004761, 95.320098877, 583.925231934, 18.4612846375, 175.368392944, -72.9849472046, 137.219070435, -32.6909294128, 34.5085525513, -44.3254241943, 53.47605896], [581.390991211, -227.712844849, 20.5978355408, -8.17992591858, 18.4612846375, 338.919494629, 70.0148086548, 53.7549972534, -26.9812679291, 25.5048599243, 6.47399091721, -10.6216335297, -30.9895591736], [-907.049499512, 487.607910156, 276.451599121, -16.5428276062, 175.368392944, 70.0148086548, 403.785430908, 10.4230966568, 87.720954895, -17.8354263306, 45.2536087036, -51.0589370728, -1.57578980923], [643.947509766, -267.944091797, -70.6612625122, 24.2423305511, -72.9849472046, 53.7549972534, 10.4230966568, 245.231872559, 4.5401391983, -1.71283257008, -8.18272209167, 0.69547688961, 1.18585467339], [-722.802062988, 326.412414551, 192.568328857, 16.7677707672, 137.219070435, -26.9812679291, 87.720954895, 4.5401391983, 196.612045288, 0.0160492993891, 23.2388687134, -20.7756881714, 17.2039051056], [404.979858398, -259.552032471, -76.4068832397, 80.9382095337, -32.6909294128, 25.5048599243, -17.8354263306, -1.71283257008, 0.0160492993891, 174.189697266, 3.68208503723, 11.5405845642, -22.1974925995], [87.7452697754, 291.578186035, -37.3059425354, -78.8214797974, 34.5085525513, 6.47399091721, 45.2536087036, -8.18272209167, 23.2388687134, 3.68208503723, 172.060928345, 20.7705211639, -1.51803743839], [-29.9012374878, -209.084381104, 23.8589344025, 49.8393249512, -44.3254241943, -10.6216335297, -51.0589370728, 0.69547688961, -20.7756881714, 11.5405845642, 20.7705211639, 139.722839355, 33.6525268555], [-262.502319336, 101.467658997, 84.0196685791, 46.0753326416, 53.47605896, -30.9895591736, -1.57578980923, 1.18585467339, 17.2039051056, -22.1974925995, -1.51803743839, 33.6525268555, 153.076416016]]}, "spectral_energyband_middle_low": {"dmean2": 0.00452713854611, "median": 0.00310082081705, "min": 1.6287482368e-22, "dvar2": 0.000149557643454, "dvar": 6.20016580797e-05, "dmean": 0.00301555730402, "max": 0.241827771068, "var": 0.000160124443937, "mean": 0.00775270862505}, "melbands_crest": {"dmean2": 3.72813367844, "median": 20.399263382, "min": 1.64034414291, "dvar2": 16.5967769623, "dvar": 6.82924079895, "dmean": 2.38040018082, "max": 35.0012321472, "var": 35.8079833984, "mean": 20.0247936249}, "spectral_kurtosis": {"dmean2": 15.2087020874, "median": 10.9867839813, "min": -1.4452829361, "dvar2": 964.60736084, "dvar": 424.980621338, "dmean": 9.87053775787, "max": 590.575439453, "var": 2407.76586914, "mean": 28.0503196716}, "spectral_rms": {"dmean2": 0.00150672346354, "median": 0.00423986138776, "min": 3.13636161313e-12, "dvar2": 8.8994138423e-06, "dvar": 4.62033722215e-06, "dmean": 0.00109666096978, "max": 0.0266458429396, "var": 1.45668645928e-05, "mean": 0.00520189898089}, "zerocrossingrate": {"dmean2": 0.00914261769503, "median": 0.01318359375, "min": 0.001953125, "dvar2": 0.000310995557811, "dvar": 0.000263572495896, "dmean": 0.00731913652271, "max": 0.54638671875, "var": 0.00545183150098, "mean": 0.0335763841867}, "silence_rate_60dB": {"dmean2": 0.0680710449815, "median": 0, "min": 0, "dvar2": 0.0707103013992, "dvar": 0.0328758433461, "dmean": 0.0340327098966, "max": 1, "var": 0.127103462815, "mean": 0.149417698383}, "erbbands_kurtosis": {"dmean2": 5.50193834305, "median": 2.73322248459, "min": -1.88119590282, "dvar2": 137.676467896, "dvar": 61.5833816528, "dmean": 3.58183240891, "max": 213.244445801, "var": 176.940795898, "mean": 6.5160651207}, "erbbands": {"dmean2": [0.252006053925, 4.92118787766, 14.7959337234, 6.02019691467, 4.31853675842, 5.64294528961, 8.25714492798, 12.167719841, 9.22024059296, 16.5057792664, 11.0198173523, 11.9266738892, 6.05505514145, 7.83778142929, 12.3606653214, 6.5306596756, 7.33593320847, 6.84432506561, 5.15420627594, 2.84121918678, 1.6752371788, 1.37321448326, 1.92129123211, 2.61557102203, 2.59624361992, 3.12456917763, 2.1156847477, 2.50675582886, 1.59122669697, 0.828519165516, 0.971578121185, 0.927573561668, 0.922980129719, 0.764509499073, 0.485616892576, 0.773875832558, 0.209930792451, 0.0167709048837, 0.00140153768007, 7.7047960076e-05], "median": [0.173901900649, 1.3663572073, 2.20736455917, 1.2794457674, 1.36761295795, 2.5948536396, 2.61561131477, 1.70262265205, 1.56309783459, 1.28431153297, 0.876168549061, 0.770288646221, 0.522066473961, 0.509152531624, 0.525427281857, 0.413482755423, 0.410896122456, 0.181344211102, 0.171433314681, 0.146765291691, 0.110641665757, 0.103904433548, 0.100616008043, 0.11054994911, 0.114981733263, 0.105895392597, 0.0781366750598, 0.0446293912828, 0.0220628585666, 0.0180960912257, 0.0172025356442, 0.0154762631282, 0.010698097758, 0.00689696287736, 0.00438473373652, 0.00196898123249, 0.000447748723673, 6.74252951285e-05, 2.71697281278e-05, 2.5578392524e-05], "min": [5.14855118502e-23, 2.29667676525e-22, 2.10093818559e-21, 5.80177332672e-21, 1.40522993424e-20, 2.56555156083e-20, 3.90547380856e-20, 5.58368303847e-20, 1.10916493241e-19, 1.31871291678e-19, 1.07078943885e-19, 4.89287155095e-19, 3.99557006239e-19, 7.9602149436e-19, 6.13979152366e-19, 1.02448479874e-18, 1.5235525374e-18, 1.47589018371e-18, 1.43402140303e-18, 2.55160858504e-18, 2.7801834037e-18, 4.12545949394e-18, 4.87991107832e-18, 5.81435757757e-18, 6.93258458378e-18, 7.20580937115e-18, 8.27763526731e-18, 9.70924502526e-18, 9.82751448206e-18, 1.0649915645e-17, 1.08774506977e-17, 9.7392203963e-18, 9.92547582764e-18, 7.74900068144e-18, 6.68399943892e-18, 3.72391459174e-18, 2.29760623434e-18, 8.84619827494e-19, 2.29518838541e-19, 2.73612476575e-20], "dvar2": [0.554117500782, 239.746276855, 2595.33129883, 358.476654053, 243.837417603, 239.179382324, 690.014099121, 3525.33227539, 3509.85498047, 11019.9765625, 3867.80444336, 3704.58496094, 2026.96459961, 2026.1192627, 5133.25292969, 1783.33972168, 2619.30078125, 2654.97900391, 1685.87768555, 251.339324951, 57.830783844, 44.8521881104, 104.038879395, 209.702255249, 314.778015137, 344.165893555, 139.5884552, 137.405593872, 48.2691917419, 15.5250997543, 28.9813251495, 24.527671814, 22.4782218933, 13.3590679169, 5.03837156296, 17.6976299286, 1.48296129704, 0.0086775617674, 5.45969232917e-05, 7.00226507888e-08], "dvar": [0.250958561897, 101.988731384, 1138.22521973, 155.230804443, 88.4378433228, 107.976264954, 298.800628662, 1273.10791016, 1486.50769043, 4907.82226562, 1870.6661377, 2351.77099609, 1238.1472168, 1283.31689453, 3267.49951172, 962.330566406, 1026.43371582, 2012.95874023, 702.21295166, 140.990585327, 26.4494380951, 18.8063163757, 47.9545631409, 96.0977478027, 129.15788269, 125.902839661, 54.9808578491, 53.9723396301, 18.6164875031, 7.42971324921, 14.7594966888, 13.3241682053, 10.5160770416, 5.63940525055, 2.27207159996, 6.13100099564, 0.507591307163, 0.00299387960695, 1.89443617273e-05, 2.50476510644e-08], "dmean": [0.173236891627, 3.23657631874, 9.59420871735, 3.91341590881, 2.54985570908, 3.55492186546, 5.56405067444, 7.69106531143, 6.25789308548, 11.4852981567, 8.00074577332, 9.29975795746, 4.59228897095, 6.21057939529, 9.81043338776, 4.86649751663, 5.08891630173, 5.49527931213, 3.57385277748, 2.00763964653, 1.14034533501, 0.917829453945, 1.30184447765, 1.73973369598, 1.6532895565, 1.89797306061, 1.33798205853, 1.52012431622, 0.941155672073, 0.525074481964, 0.646165668964, 0.627248823643, 0.576241731644, 0.454820603132, 0.29243516922, 0.416490226984, 0.111644506454, 0.00909035652876, 0.000763920310419, 4.6427740017e-05], "max": [8.59588623047, 132.026672363, 533.589050293, 242.89781189, 210.197952271, 551.654907227, 855.1015625, 1512.41040039, 2431.453125, 4019.8059082, 2016.90441895, 1775.19836426, 2321.66772461, 1966.38183594, 4579.03320312, 1523.23901367, 1491.78051758, 3185.03149414, 1347.3651123, 702.158508301, 209.921264648, 138.199295044, 307.912841797, 588.308837891, 677.890869141, 717.787658691, 341.998535156, 252.024459839, 164.46144104, 189.970291138, 173.010406494, 215.499511719, 126.166015625, 72.9070663452, 65.9149780273, 42.5749816895, 19.9778728485, 1.20135116577, 0.0954770892859, 0.00319917988963], "var": [0.430685609579, 136.802505493, 1350.55700684, 229.429031372, 79.5064239502, 221.340072632, 1868.28662109, 2329.59790039, 1796.4473877, 7937.58740234, 4712.72119141, 10615.6005859, 5424.98095703, 5740.98730469, 31003.7714844, 2892.27319336, 2525.7434082, 9287.16601562, 1319.20043945, 293.64755249, 55.547744751, 33.4814872742, 105.810638428, 190.833953857, 147.121688843, 122.520301819, 53.1938400269, 56.706363678, 22.891210556, 21.0602340698, 34.7397994995, 37.2270126343, 20.656583786, 8.6680727005, 7.0107884407, 4.88538408279, 0.299032449722, 0.00184832699597, 1.29687878143e-05, 2.18991473844e-08], "mean": [0.380439132452, 5.92622566223, 13.57787323, 6.46905994415, 3.70478963852, 7.02289104462, 14.9740629196, 15.0932855606, 10.6164627075, 20.086107254, 17.9135284424, 23.2882442474, 10.4096889496, 16.8628730774, 30.2241420746, 10.439953804, 10.2747459412, 12.5180578232, 6.50627565384, 3.40685296059, 1.78166294098, 1.50376880169, 2.11327695847, 2.72343969345, 2.14939570427, 2.12344932556, 1.50112831593, 1.4959192276, 0.913988947868, 0.691231310368, 0.91369509697, 0.964085400105, 0.72222417593, 0.493246346712, 0.374140650034, 0.323212921619, 0.0758294016123, 0.00661416631192, 0.000585754110944, 6.76803610986e-05]}, "spectral_strongpeak": {"dmean2": 0.420829385519, "median": 0.513929545879, "min": 0, "dvar2": 0.820567429066, "dvar": 0.345062315464, "dmean": 0.264597952366, "max": 13.6350469589, "var": 1.13699889183, "mean": 0.770878851414}, "spectral_energy": {"dmean2": 0.0299675054848, "median": 0.0184258352965, "min": 1.00826830088e-20, "dvar2": 0.00709917861968, "dvar": 0.0031758712139, "dmean": 0.0204823147506, "max": 0.727750957012, "var": 0.00459277303889, "mean": 0.0426672250032}, "average_loudness": 0.672831654549, "spectral_rolloff": {"dmean2": 657.402832031, "median": 236.865234375, "min": 64.599609375, "dvar2": 6600571.5, "dvar": 2439982.5, "dmean": 357.77456665, "max": 19659.8144531, "var": 8138908, "mean": 976.095336914}, "spectral_centroid": {"dmean2": 269.555419922, "median": 368.577697754, "min": 87.2296524048, "dvar2": 379427.5, "dvar": 169352.890625, "dmean": 173.311065674, "max": 11675.6757812, "var": 2065514.625, "mean": 742.297424316}, "pitch_salience": {"dmean2": 0.0969516634941, "median": 0.365151226521, "min": 0.0289153400809, "dvar2": 0.0120007265359, "dvar": 0.00519051216543, "dmean": 0.0616979673505, "max": 0.973367512226, "var": 0.0247113518417, "mean": 0.374057680368}, "spectral_energyband_middle_high": {"dmean2": 0.00081597053213, "median": 0.000136052811285, "min": 1.11870866605e-21, "dvar2": 1.1762846043e-05, "dvar": 6.47166689305e-06, "dmean": 0.000632414943539, "max": 0.0993035212159, "var": 5.38705171493e-05, "mean": 0.00205807620659}, "spectral_contrast_coeffs": {"dmean2": [0.0651689618826, 0.0639381334186, 0.0526168644428, 0.0460733547807, 0.0370555967093, 0.0289023499936], "median": [-0.653157353401, -0.689635396004, -0.76088565588, -0.783378362656, -0.815144598484, -0.825866401196], "min": [-0.985365331173, -0.986478984356, -0.986888647079, -0.969648301601, -0.967180430889, -0.965514242649], "dvar2": [0.003445842769, 0.00364396860823, 0.0024117117282, 0.0017558458494, 0.00134374771733, 0.000822859874461], "dvar": [0.00144971162081, 0.00162937596906, 0.00123941560742, 0.000883681059349, 0.000674223469105, 0.000383649748983], "dmean": [0.0404505804181, 0.0410177670419, 0.0350482277572, 0.0310290567577, 0.0250121038407, 0.0194424297661], "max": [-0.215969204903, -0.273872613907, -0.372381985188, -0.438814252615, -0.456426352262, -0.540864408016], "var": [0.0117005454376, 0.0138134611771, 0.0120765697211, 0.00846507586539, 0.00554311135784, 0.00265144812874], "mean": [-0.653981149197, -0.680912911892, -0.742632567883, -0.773525357246, -0.806032836437, -0.818563461304]}, "melbands_skewness": {"dmean2": 1.62000107765, "median": 3.06036472321, "min": -3.59701013565, "dvar2": 5.99913692474, "dvar": 2.63399934769, "dmean": 1.06224167347, "max": 26.3202991486, "var": 9.20877552032, "mean": 3.70558810234}, "spectral_spread": {"dmean2": 1267638.125, "median": 3464799.25, "min": 204813.578125, "dvar2": 3351534108670.0, "dvar": 1773413466110.0, "dmean": 868807.5625, "max": 42643536, "var": 25792209748000.0, "mean": 4481738}, "dissonance": {"dmean2": 0.0572859086096, "median": 0.41578194499, "min": 0.120057627559, "dvar2": 0.00318442424759, "dvar": 0.00120165839326, "dmean": 0.0351341329515, "max": 0.500000119209, "var": 0.00412306934595, "mean": 0.405494272709}, "spectral_skewness": {"dmean2": 1.00631797314, "median": 2.77437090874, "min": -0.630200982094, "dvar2": 1.50214898586, "dvar": 0.777808964252, "dmean": 0.684154331684, "max": 19.5879249573, "var": 7.1977686882, "mean": 3.55307292938}, "spectral_flux": {"dmean2": 0.0547377280891, "median": 0.0359048992395, "min": 6.3412775031e-11, "dvar2": 0.0104244919494, "dvar": 0.00422615697607, "dmean": 0.0339004397392, "max": 0.748598873615, "var": 0.00670270528644, "mean": 0.0624276511371}, "spectral_contrast_valleys": {"dmean2": [0.563858866692, 0.576752007008, 0.584192276001, 0.589365780354, 0.565158724785, 0.557775080204], "median": [-7.14075183868, -7.95305585861, -9.2572517395, -10.1344718933, -9.98143482208, -12.061000824], "min": [-28.493013382, -28.0022830963, -27.9634895325, -27.6859340668, -27.537021637, -27.3944454193], "dvar2": [0.284612387419, 0.340453803539, 0.331979453564, 0.370394617319, 0.412422537804, 0.52138787508], "dvar": [0.140943706036, 0.156373769045, 0.162976503372, 0.18273499608, 0.22042144835, 0.286505937576], "dmean": [0.355344682932, 0.370319873095, 0.390154957771, 0.412302345037, 0.417415320873, 0.416405618191], "max": [-4.71619796753, -4.33834266663, -5.27864456177, -5.87575054169, -5.96002054214, -7.55380296707], "var": [7.384745121, 6.74478006363, 6.14921760559, 6.01321697235, 6.20509529114, 5.54428529739], "mean": [-7.70757102966, -8.35319137573, -9.56148815155, -10.3910264969, -10.2610521317, -12.1977996826]}, "erbbands_flatness_db": {"dmean2": 0.0369489043951, "median": 0.222270458937, "min": 0.0320672467351, "dvar2": 0.0016705369344, "dvar": 0.000909013848286, "dmean": 0.0262875463814, "max": 0.495853155851, "var": 0.00620272615924, "mean": 0.226284295321}, "spectral_energyband_high": {"dmean2": 0.000382697413443, "median": 9.64896480582e-06, "min": 7.16612737166e-21, "dvar2": 2.32799015976e-06, "dvar": 9.02359715838e-07, "dmean": 0.000229159588343, "max": 0.0187569018453, "var": 1.33046739847e-06, "mean": 0.000262026296696}, "spectral_entropy": {"dmean2": 0.454386293888, "median": 6.15722608566, "min": 3.61079525948, "dvar2": 0.307709425688, "dvar": 0.164360836148, "dmean": 0.324857860804, "max": 9.82963752747, "var": 1.16592514515, "mean": 6.23495340347}, "silence_rate_20dB": {"dmean2": 0.0241222642362, "median": 1, "min": 0, "dvar2": 0.031800121069, "dvar": 0.0119153866544, "dmean": 0.012060135603, "max": 1, "var": 0.00802955031395, "mean": 0.991905510426}, "melbands_flatness_db": {"dmean2": 0.0543102025986, "median": 0.416846603155, "min": 0.00348195806146, "dvar2": 0.00412312382832, "dvar": 0.00223148427904, "dmean": 0.0393547192216, "max": 0.910730242729, "var": 0.0261482782662, "mean": 0.426646262407}, "barkbands": {"dmean2": [9.77855233941e-05, 0.0178029686213, 0.0116046024486, 0.0012240606593, 0.00156721379608, 0.00133619504049, 0.000907252135221, 0.000544055656064, 0.000472917337902, 0.000221771842916, 0.000329329166561, 0.000161552117788, 0.000174556771526, 0.000164170589414, 6.93987458362e-05, 3.55970696546e-05, 2.74852754956e-05, 4.02253717766e-05, 5.4349853599e-05, 6.09409362369e-05, 5.27516276634e-05, 4.79201116832e-05, 3.43009342032e-05, 4.69453188998e-05, 6.66726991767e-05, 0.000135830341605, 8.71390693646e-06], "median": [1.71055580722e-05, 0.00674165319651, 0.00135654699989, 0.000243195274379, 0.000701377342921, 0.000205162155908, 8.1172445789e-05, 2.52188638115e-05, 2.25180883717e-05, 1.14458835014e-05, 7.0790688369e-06, 4.69665292258e-06, 6.4938972173e-06, 1.95097686628e-06, 2.66826282314e-06, 1.70716555203e-06, 1.73843875473e-06, 1.29254249259e-06, 2.08228516385e-06, 2.03896934181e-06, 1.50205437421e-06, 5.84288727623e-07, 5.87423244269e-07, 7.22763843441e-07, 6.51379707506e-07, 3.17786913229e-07, 3.85757523702e-08], "min": [1.43502457641e-26, 1.57786548173e-24, 8.50437218115e-25, 2.62754480564e-25, 8.85782485961e-24, 3.02034369669e-24, 7.56779194383e-24, 1.86809874864e-24, 1.92686265408e-23, 7.91956158755e-24, 1.31950988679e-23, 1.83444570577e-23, 3.16014996504e-23, 2.98620045564e-23, 5.31729547463e-23, 4.49444349963e-23, 5.84844877497e-23, 8.26993747182e-23, 1.22935364028e-22, 1.35206846405e-22, 2.21611046411e-22, 2.70592568598e-22, 3.37762724147e-22, 5.64282934013e-22, 8.90842823564e-22, 1.27172910241e-21, 1.74424300166e-21], "dvar2": [8.24260766308e-08, 0.0031415570993, 0.0017287771916, 1.79423004738e-05, 1.73446205736e-05, 3.37095007126e-05, 3.09524257318e-05, 8.74404850038e-06, 5.90707759329e-06, 2.6904212973e-06, 3.62131913789e-06, 1.39427152135e-06, 1.36665266837e-06, 1.44340992847e-06, 1.75825931592e-07, 2.72769966614e-08, 1.7132812502e-08, 5.16613312129e-08, 1.29269992044e-07, 1.06384035803e-07, 7.18012458378e-08, 4.70517740325e-08, 3.11276373566e-08, 5.49824044072e-08, 9.43832318967e-08, 5.47935144368e-07, 2.29878915903e-09], "dvar": [3.0259919015e-08, 0.00134054746013, 0.000763814139646, 6.73649401506e-06, 7.17944294593e-06, 1.23603631437e-05, 1.34432957566e-05, 4.42653754362e-06, 3.75715376322e-06, 1.50519838371e-06, 2.03138188226e-06, 7.87811814007e-07, 5.51545213057e-07, 8.82330425611e-07, 8.51331520835e-08, 1.18292486917e-08, 7.50931405946e-09, 2.58119694507e-08, 5.42542331061e-08, 3.96692456661e-08, 2.86245551706e-08, 1.84523507585e-08, 1.55778536737e-08, 2.89060579917e-08, 4.14244070157e-08, 1.88617548247e-07, 7.93648147202e-10], "dmean": [5.78333820158e-05, 0.0117532126606, 0.00752047915012, 0.000716971815564, 0.000972875917796, 0.000871488417033, 0.000616800971329, 0.000392073910916, 0.00035866748658, 0.000161789910635, 0.000252629484748, 0.000116570852697, 0.000118451229355, 0.000118732248666, 4.78569127154e-05, 2.33099981415e-05, 1.84979180631e-05, 2.67364084721e-05, 3.5611428757e-05, 3.72586328012e-05, 3.32274321