{"tonal": {"thpcp": [1, 0.768271684647, 0.506848633289, 0.49482268095, 0.393839120865, 0.330117940903, 0.329570263624, 0.313768804073, 0.447885453701, 0.572831273079, 0.423870384693, 0.304206430912, 0.329777747393, 0.382232993841, 0.606341779232, 0.76695650816, 0.583884060383, 0.387062847614, 0.339485436678, 0.318922758102, 0.360738068819, 0.406681507826, 0.372197329998, 0.464937001467, 0.578155338764, 0.458193778992, 0.374179393053, 0.417937934399, 0.402157992125, 0.471568375826, 0.611099541187, 0.568474590778, 0.512451946735, 0.506633281708, 0.439466714859, 0.678324580193], "hpcp": {"dmean2": [0.306389331818, 0.279936105013, 0.236629024148, 0.219623178244, 0.209627449512, 0.21047821641, 0.213352307677, 0.211579784751, 0.231434226036, 0.235802590847, 0.212085187435, 0.198441907763, 0.213454827666, 0.22302596271, 0.239155009389, 0.26051941514, 0.261046260595, 0.252398103476, 0.236414134502, 0.235805660486, 0.278189301491, 0.294151812792, 0.298523783684, 0.279512524605, 0.245595678687, 0.210658088326, 0.189039751887, 0.178363487124, 0.179457515478, 0.217926308513, 0.239063590765, 0.207900315523, 0.180846840143, 0.192988872528, 0.240417376161, 0.297279626131], "median": [0.124169357121, 0.106423646212, 0.0681523382664, 0.0559239313006, 0.0547201000154, 0.0671926215291, 0.0759235545993, 0.0699352994561, 0.0737834796309, 0.0808938443661, 0.0804478898644, 0.0749060362577, 0.0711807608604, 0.0710611492395, 0.0889352783561, 0.102601729333, 0.0955426171422, 0.0922227650881, 0.0860437899828, 0.0860266461968, 0.156378999352, 0.212092861533, 0.181508600712, 0.0947645753622, 0.0749563500285, 0.063959851861, 0.0596810355783, 0.0565167106688, 0.0584494546056, 0.0842745006084, 0.094603985548, 0.0719361305237, 0.0541699528694, 0.053524620831, 0.0631381869316, 0.0980923622847], "min": [0, 0, 0, 0, 0, 0, 0, 0, 0, 0, 0, 0, 0, 0, 0, 0, 0, 0, 0, 0, 0, 0, 0, 0, 0, 0, 0, 0, 0, 0, 0, 0, 0, 0, 0, 0], "dvar2": [0.143152743578, 0.129536092281, 0.110580727458, 0.106375329196, 0.101401783526, 0.0988797321916, 0.08982655406, 0.0918968692422, 0.1015920192, 0.108186490834, 0.0883886292577, 0.0777728483081, 0.0954686254263, 0.102270029485, 0.107978835702, 0.115563437343, 0.117830276489, 0.111246213317, 0.09990375489, 0.0939172282815, 0.102807246149, 0.117586627603, 0.109230920672, 0.121153198183, 0.113222673535, 0.096896238625, 0.085569806397, 0.0779192894697, 0.082503169775, 0.0923745930195, 0.104108825326, 0.0912626832724, 0.0817262604833, 0.0897536501288, 0.114572495222, 0.141356185079], "dvar": [0.0550343468785, 0.0460491254926, 0.0389388427138, 0.0380478091538, 0.0362101346254, 0.0351478494704, 0.0329952985048, 0.0327961742878, 0.0367346890271, 0.0418692789972, 0.0325886420906, 0.0279539916664, 0.034643676132, 0.0370801873505, 0.0391991138458, 0.0440730340779, 0.0445917919278, 0.0406304113567, 0.0368655286729, 0.0340191982687, 0.0372902452946, 0.0468989908695, 0.0408316068351, 0.0432037524879, 0.041821282357, 0.0348141938448, 0.0302226729691, 0.0286655072123, 0.029399657622, 0.03353760764, 0.0404900498688, 0.0327156744897, 0.0287178196013, 0.0322722792625, 0.0408195443451, 0.0509874261916], "dmean": [0.176050886512, 0.161086291075, 0.133394032717, 0.12238291651, 0.116223007441, 0.118310280144, 0.122861005366, 0.120201185346, 0.133211910725, 0.136795148253, 0.12312938273, 0.11334400624, 0.121246322989, 0.126018032432, 0.137176185846, 0.15168748796, 0.150612160563, 0.143495693803, 0.134052485228, 0.134054273367, 0.160509601235, 0.171354800463, 0.173796892166, 0.158334106207, 0.138313859701, 0.119365423918, 0.107371710241, 0.101275317371, 0.101004526019, 0.125034078956, 0.138904929161, 0.118946999311, 0.101588346064, 0.108651414514, 0.134851649404, 0.16929076612], "max": [1, 1, 1, 1, 1, 1, 1, 1, 1, 1, 1, 1, 1, 1, 1, 1, 1, 1, 1, 1, 1, 1, 1, 1, 1, 1, 1, 1, 1, 1, 1, 1, 1, 1, 1, 1], "var": [0.110755287111, 0.066998809576, 0.0390264242887, 0.0351477041841, 0.0319394357502, 0.0338510498405, 0.0399630106986, 0.0344862602651, 0.0522062852979, 0.0840774700046, 0.0476843081415, 0.0317398458719, 0.0474412925541, 0.043288141489, 0.0481607615948, 0.0788495317101, 0.0711518079042, 0.0559375435114, 0.0629388391972, 0.0402249842882, 0.0631359815598, 0.131705179811, 0.0754813700914, 0.052767470479, 0.0670938119292, 0.0445657335222, 0.0302025154233, 0.0341005213559, 0.0284986440092, 0.0425155721605, 0.0730454921722, 0.0426369644701, 0.0275896321982, 0.0358131825924, 0.0406830385327, 0.0769430026412], "mean": [0.283974021673, 0.216189444065, 0.143314242363, 0.125698193908, 0.11808463186, 0.133567214012, 0.150578275323, 0.137810125947, 0.172148004174, 0.214068338275, 0.169651255012, 0.138544008136, 0.154746085405, 0.148903384805, 0.17460334301, 0.226266279817, 0.210483923554, 0.189740926027, 0.187586516142, 0.162717357278, 0.251157075167, 0.370260924101, 0.284460991621, 0.187666237354, 0.183213502169, 0.14582324028, 0.122229777277, 0.122026987374, 0.116176329553, 0.165834486485, 0.212097033858, 0.156942635775, 0.112635754049, 0.122103817761, 0.141525939107, 0.22450466454]}, "tuning_equal_tempered_deviation": 0.00816991738975, "chords_changes_rate": 0.0700885653496, "key_key": "A", "tuning_diatonic_strength": 0.445343226194, "key_scale": "minor", "chords_number_rate": 0.001523664454, "tuning_frequency": 438.477722168, "tuning_nontempered_energy_ratio": 0.765463888645, "chords_histogram": [21.3503475189, 10.0847539902, 9.42767333984, 2.4950003624, 0.771355092525, 4.23769187927, 0.647557377815, 13.2844486237, 2.5616607666, 0.419007718563, 0.55232834816, 0.0761832222342, 0.314255774021, 0.161889344454, 1.94267213345, 2.84734797478, 1.86648893356, 1.19036281109, 9.40862751007, 0.390439003706, 1.11417961121, 1.55223309994, 10.9227695465, 2.38072562218], "key_strength": 0.699811339378, "chords_key": "A", "chords_strength": {"dmean2": 0.0117975296453, "median": 0.510143756866, "min": -1, "dvar2": 0.000704750767909, "dvar": 0.000349894515239, "dmean": 0.0105603067204, "max": 0.788590073586, "var": 0.0129447514191, "mean": 0.504189014435}, "chords_scale": "minor", "hpcp_entropy": {"dmean2": 1.10667085648, "median": 2.5470559597, "min": 0, "dvar2": 0.809130787849, "dvar": 0.302498281002, "dmean": 0.666390299797, "max": 4.80682182312, "var": 0.832379639149, "mean": 2.54230856895}}, "metadata": {"audio_properties": {"equal_loudness": 0, "codec": "flac", "downmix": "mix", "sample_rate": 44100, "analysis_sample_rate": 44100, "bit_rate": 0, "md5_encoded": "e7dc1b831f9f246af8b4e727fc878e81", "length": 487.600006104, "replay_gain": -11.8140468597, "lossless": true}, "version": {"essentia_build_sha": "70f2e5ece6736b2c40cc944ad0e695b16b925413", "essentia": "2.1-beta2", "extractor": "music 1.0", "essentia_git_sha": "v2.1_beta2"}, "tags": {"title": ["The Ceremony"], "media": ["CD"], "albumartist": ["Sodomizer"], "tracktotal": ["10"], "musicbrainz_releasegroupid": ["4a406d68-e59a-473d-bd1e-2df35c4e2ae8"], "releasetype": ["album"], "musicbrainz_recordingid": ["1a367e66-4021-46cf-80d0-67027e04a62c"], "originalyear": ["2006"], "musicbrainz_releasetrackid": ["6b27d749-2185-3549-828d-e29ece8e5026"], "discnumber": ["1"], "album": ["Tales of the Reaper"], "catalognumber": ["HLKP CD 001"], "releasecountry": ["BR"], "musicbrainz_albumartistid": ["714d2df5-488b-4fc1-aacc-708a5f214fe7"], "albumartistsort": ["Sodomizer"], "date": ["2006"], "file_name": "01-The Ceremony.flac", "disctotal": ["1"], "acoustid_id": ["ad824870-1e7d-4184-adab-48e3a7b25285"], "musicbrainz_artistid": ["714d2df5-488b-4fc1-aacc-708a5f214fe7"], "originaldate": ["2006"], "musicbrainz_albumid": ["5ae16d81-2bac-4a25-9b44-78209db3d812"], "tracknumber": ["1"], "artistsort": ["Sodomizer"], "artist": ["Sodomizer"], "label": ["Holokaostor Productions"], "releasestatus": ["official"], "totaldiscs": ["1"], "script": ["Latn"], "totaltracks": ["10"]}}, "rhythm": {"bpm_histogram_first_peak_bpm": {"dmean2": 0, "median": 172, "min": 172, "dvar2": 0, "dvar": 0, "dmean": 0, "max": 172, "var": 0, "mean": 172}, "bpm": 172.265594482, "bpm_histogram_second_peak_spread": {"dmean2": 0, "median": 0, "min": 0, "dvar2": 0, "dvar": 0, "dmean": 0, "max": 0, "var": 0, "mean": 0}, "bpm_histogram_first_peak_weight": {"dmean2": 0, "median": 0.185092121363, "min": 0.185092121363, "dvar2": 0, "dvar": 0, "dmean": 0, "max": 0.185092121363, "var": 0, "mean": 0.185092121363}, "onset_rate": 2.56962895393, "beats_position": [0.371519267559, 0.743038535118, 1.11455774307, 1.48607707024, 1.8575963974, 2.22911548615, 2.61224484444, 3.03020405769, 3.44816327095, 3.86612248421, 4.29569149017, 4.66721057892, 5.0387301445, 5.41024923325, 5.78176879883, 6.15328788757, 6.52480697632, 6.8963265419, 7.26784563065, 7.73224496841, 8.19664382935, 8.66104316711, 9.12544155121, 9.58984088898, 10.0542402267, 10.5186395645, 10.9830379486, 11.4474372864, 11.9118366241, 12.3762359619, 12.840634346, 13.3050336838, 13.7578229904, 14.1990022659, 14.6401815414, 15.0929698944, 15.5341491699, 15.9753284454, 16.4165077209, 16.8460769653, 17.2756462097, 17.7168254852, 18.1580047607, 18.5991840363, 19.0403633118, 19.5628108978, 20.0736503601, 20.5960998535, 21.0837192535, 21.5713367462, 22.0589561462, 22.5349655151, 23.0225849152, 23.5102043152, 23.9862117767, 24.4506111145, 24.9150104523, 25.3910198212, 25.8670291901, 26.343038559, 26.8190479279, 27.2950553894, 27.7594547272, 28.2238540649, 28.6185932159, 29.0249423981, 29.4312915802, 29.8492507935, 30.2788200378, 30.7083892822, 31.1379585266, 31.5559177399, 31.9738769531, 32.391834259, 32.8097953796, 33.2277526855, 33.6457138062, 34.0636711121, 34.4932403564, 34.9228096008, 35.3523788452, 35.8516082764, 36.3508377075, 36.8500671387, 37.3492965698, 37.848526001, 38.3361434937, 38.8353729248, 39.334602356, 39.8338317871, 40.2634010315, 40.7045783997, 41.1457595825, 41.5869369507, 42.0165061951, 42.4460754395, 42.8756446838, 43.3052139282, 43.7347831726, 44.164352417, 44.5823135376, 44.9886627197, 45.3833999634, 45.7897491455, 46.1844902039, 46.5792274475, 46.9739685059, 47.380317688, 47.7866668701, 48.1814041138, 48.5877532959, 48.994102478, 49.4004516602, 49.7951927185, 50.2015419006, 50.5962791443, 51.0026283264, 51.4089775085, 51.8037185669, 52.1984558105, 52.5931968689, 52.999546051, 53.4058952332, 53.8006324768, 54.1953735352, 54.5901107788, 54.9964599609, 55.4028091431, 55.8091583252, 56.2038993835, 56.6218566895, 57.0282058716, 57.4345550537, 57.8409042358, 58.2588653564, 58.6652145386, 59.0715637207, 59.4779129028, 59.884262085, 60.2906112671, 60.6969604492, 61.1149177551, 61.5444869995, 61.9624481201, 62.380405426, 62.8099746704, 63.2395439148, 63.6575050354, 64.0870742798, 64.5166397095, 64.9462127686, 65.3757781982, 65.7937393188, 66.2117004395, 66.6296615601, 67.0360107422, 67.4423599243, 67.8487091064, 68.2550582886, 68.6730117798, 69.0909729004, 69.508934021, 69.9384994507, 70.3564605713, 70.7744216919, 71.1923828125, 71.6219482422, 72.0515213013, 72.481086731, 72.8874359131, 73.2937850952, 73.7001342773, 74.1180953979, 74.5360565186, 74.9540100098, 75.3603591919, 75.7783203125, 76.1266174316, 76.4749221802, 76.8232192993, 77.1715164185, 77.554649353, 77.9377746582, 78.3209075928, 78.7620849609, 79.1916503906, 79.6096115112, 80.0275726318, 80.4455337524, 80.8634872437, 81.2930603027, 81.7110214233, 82.1289749146, 82.5469360352, 82.9648971558, 83.3828582764, 83.8008117676, 84.2187728882, 84.7644424438, 85.3101119995, 85.8673934937, 86.4246673584, 86.9819488525, 87.5392303467, 88.1081161499, 88.6770019531, 89.3271636963, 89.965713501, 90.6158676147, 91.1847610474, 91.7536468506, 92.2528762817, 92.7521057129, 93.251335144, 93.7157363892, 94.1801376343, 94.64453125, 95.0973205566, 95.5501098633, 96.0145111084, 96.4556884766, 96.8968658447, 97.3380508423, 97.7908401489, 98.2436294556, 98.6848068237, 99.1143722534, 99.555557251, 99.9851226807, 100.426300049, 100.867477417, 101.308662415, 101.749839783, 102.191017151, 102.632194519, 103.073379517, 103.514556885, 103.955734253, 104.396911621, 104.838096619, 105.290885925, 105.743675232, 106.1848526, 106.649246216, 107.102035522, 107.554824829, 108.007614136, 108.460403442, 108.90158844, 109.354377747, 109.807167053, 110.25995636, 110.712738037, 111.177139282, 111.629928589, 112.094329834, 112.558731079, 113.011520386, 113.464309692, 113.917098999, 114.358276367, 114.811065674, 115.26385498, 115.716644287, 116.181037903, 116.633827209, 117.086616516, 117.539405823, 117.992195129, 118.456596375, 118.932601929, 119.397003174, 119.861404419, 120.325805664, 120.778594971, 121.231384277, 121.684173584, 122.136962891, 122.56652832, 123.007705688, 123.437278748, 123.866844177, 124.296417236, 124.737594604, 125.190383911, 125.643173218, 126.084350586, 126.525527954, 126.966712952, 127.396278381, 127.82585144, 128.25541687, 128.6849823, 129.126159668, 129.555740356, 129.985305786, 130.426483154, 130.856048584, 131.285614014, 131.715194702, 132.15637207, 132.5859375, 133.027114868, 133.456680298, 133.886260986, 134.315826416, 134.745391846, 135.174957275, 135.616149902, 136.045715332, 136.4868927, 136.928070068, 137.369247437, 137.810424805, 138.239990234, 138.669570923, 139.110748291, 139.551925659, 139.96987915, 140.399459839, 140.829025269, 141.270202637, 141.711380005, 142.152557373, 142.593734741, 143.034912109, 143.464492798, 143.905670166, 144.335235596, 144.764801025, 145.194366455, 145.623947144, 146.065124512, 146.494689941, 146.912643433, 147.330612183, 147.748565674, 148.166534424, 148.584487915, 149.025665283, 149.47845459, 149.919631958, 150.349197388, 150.778778076, 151.208343506, 151.637908936, 152.067474365, 152.508651733, 152.94984436, 153.391021729, 153.820587158, 154.250152588, 154.668121338, 155.086074829, 155.50402832, 155.945205688, 156.386398315, 156.827575684, 157.257141113, 157.686706543, 158.116271973, 158.545852661, 158.975418091, 159.404983521, 159.83454895, 160.264129639, 160.68208313, 161.100036621, 161.518005371, 161.935958862, 162.365524292, 162.80670166, 163.259490967, 163.700683594, 164.141860962, 164.58303833, 165.024215698, 165.465393066, 165.894958496, 166.324539185, 166.765716553, 167.206893921, 167.648071289, 168.077636719, 168.507202148, 168.948379517, 169.389572144, 169.830749512, 170.283538818, 170.736328125, 171.177505493, 171.618682861, 172.036636353, 172.466217041, 172.895782471, 173.336959839, 173.789749146, 174.242538452, 174.68371582, 175.124893188, 175.554458618, 175.995635986, 176.448425293, 176.924438477, 177.377227783, 177.83001709, 178.282806396, 178.700775146, 179.130340576, 179.559906006, 180.024307251, 180.488708496, 180.953109741, 181.382675171, 181.812240601, 182.24180603, 182.671386719, 183.124176025, 183.576965332, 184.029754639, 184.517364502, 185.004989624, 185.492599487, 185.968612671, 186.433013916, 186.920639038, 187.408248901, 187.884262085, 188.360275269, 188.836273193, 189.312286377, 189.776687622, 190.241088867, 190.705490112, 191.169876099, 191.645889282, 192.110290527, 192.574691772, 193.027481079, 193.491882324, 193.967880249, 194.443893433, 194.919906616, 195.3959198, 195.871917725, 196.347930908, 196.823944092, 197.299957275, 197.787567139, 198.263580322, 198.739593506, 199.203994751, 199.668380737, 200.132781982, 200.597183228, 201.061584473, 201.525985718, 201.990386963, 202.454788208, 202.919174194, 203.383575439, 203.859588623, 204.335601807, 204.800003052, 205.287612915, 205.75201416, 206.228027344, 206.692428589, 207.168426514, 207.632827759, 208.097229004, 208.550018311, 209.014419556, 209.467208862, 209.919998169, 210.372787476, 210.837188721, 211.289978027, 211.742767334, 212.207168579, 212.671554565, 213.124343872, 213.577133179, 214.041534424, 214.49432373, 214.947113037, 215.411514282, 215.875915527, 216.340316772, 216.804718018, 217.269119263, 217.733505249, 218.197906494, 218.639083862, 219.091873169, 219.544662476, 220.009063721, 220.461853027, 220.926254272, 221.379043579, 221.843444824, 222.307846069, 222.772247314, 223.236633301, 223.701034546, 224.165435791, 224.629837036, 225.082626343, 225.547027588, 226.011428833, 226.475830078, 226.940216064, 227.369796753, 227.799362183, 228.228927612, 228.646896362, 229.076461792, 229.506027222, 229.94720459, 230.353561401, 230.759902954, 231.166259766, 231.572601318, 231.967346191, 232.373687744, 232.768432617, 233.16317749, 233.557907104, 233.952651978, 234.347381592, 234.742126465, 235.125259399, 235.496780396, 235.868301392, 236.239807129, 236.611328125, 236.982849121, 237.354370117, 237.714279175, 238.074188232, 238.43409729, 238.794006348, 239.153915405, 239.525436401, 239.896957397, 240.268478394, 240.63999939, 241.023132324, 241.394638062, 241.766159058, 242.137680054, 242.50920105, 242.880722046, 243.252243042, 243.623764038, 243.995285034, 244.37840271, 244.761535645, 245.144668579, 245.527801514, 245.910919189, 246.294052124, 246.677185059, 247.048706055, 247.408615112, 247.780136108, 248.151657104, 248.511566162, 248.87147522, 249.231384277, 249.602905273, 249.962814331, 250.31111145, 250.682632446, 251.054138184, 251.414047241, 251.762359619, 252.122268677, 252.470565796, 252.830474854, 253.190383911, 253.561904907, 253.910202026, 254.258499146, 254.606796265, 254.966705322, 255.32661438, 255.686523438, 256.046447754, 256.406341553, 256.766265869, 257.126159668, 257.486083984, 257.85760498, 258.229125977, 258.577423096, 258.925720215, 259.274017334, 259.64553833, 259.993835449, 260.342132568, 260.702026367, 261.061950684, 261.410247803, 261.758544922, 262.095245361, 262.44354248, 262.803436279, 263.163360596, 263.511657715, 263.871551514, 264.219848633, 264.579772949, 264.939666748, 265.311187744, 265.659484863, 266.007781982, 266.344482422, 266.681182861, 267.017852783, 267.354553223, 267.702850342, 268.051147461, 268.39944458, 268.759368896, 269.107666016, 269.467559814, 269.815856934, 270.164154053, 270.512481689, 270.872375488, 271.220672607, 271.568969727, 271.905670166, 272.253967285, 272.602264404, 272.950561523, 273.298858643, 273.647155762, 273.995452881, 274.34375, 274.692047119, 275.040344238, 275.388671875, 275.736968994, 276.085266113, 276.445159912, 276.793457031, 277.14175415, 277.49005127, 277.838348389, 278.175048828, 278.523345947, 278.871643066, 279.219940186, 279.568237305, 279.928161621, 280.28805542, 280.647979736, 281.007873535, 281.356170654, 281.716094971, 282.07598877, 282.424316406, 282.772613525, 283.132507324, 283.492431641, 283.84072876, 284.189025879, 284.560546875, 284.920440674, 285.268737793, 285.628662109, 286.000183105, 286.371704102, 286.7315979, 287.091522217, 287.463043213, 287.834564209, 288.182861328, 288.531158447, 288.902679443, 289.262573242, 289.622497559, 289.982391357, 290.342315674, 290.702209473, 291.062133789, 291.410430908, 291.770324707, 292.130249023, 292.490142822, 292.850067139, 293.221588135, 293.593109131, 293.95300293, 294.312927246, 294.672821045, 295.032745361, 295.404266357, 295.752563477, 296.124084473, 296.495605469, 296.867126465, 297.238647461, 297.610168457, 297.981658936, 298.341583252, 298.701477051, 299.061401367, 299.421295166, 299.769622803, 300.129516602, 300.501037598, 300.860961914, 301.220855713, 301.580780029, 301.929077148, 302.277374268, 302.625671387, 302.973968506, 303.322265625, 303.670562744, 304.018859863, 304.37878418, 304.738677979, 305.098602295, 305.446899414, 305.806793213, 306.166717529, 306.515014648, 306.863311768, 307.223205566, 307.571502686, 307.919799805, 308.268127441, 308.62802124, 308.987945557, 309.336242676, 309.672912598, 310.032836914, 310.381134033, 310.729431152, 311.066131592, 311.402801514, 311.751098633, 312.087799072, 312.424468994, 312.761169434, 313.097869873, 313.434539795, 313.771240234, 314.107940674, 314.456237793, 314.816131592, 315.164428711, 315.51272583, 315.861022949, 316.209350586, 316.557647705, 316.905944824, 317.254241943, 317.602539062, 317.939208984, 318.275909424, 318.612609863, 318.949279785, 319.297576904, 319.657501221, 320.00579834, 320.354095459, 320.702392578, 321.050689697, 321.387390137, 321.747283936, 322.083984375, 322.409057617, 322.745758057, 323.094055176, 323.430755615, 323.779052734, 324.127349854, 324.475646973, 324.823944092, 325.183837891, 325.543762207, 325.903656006, 326.263580322, 326.611877441, 326.97177124, 327.331695557, 327.679992676, 328.028289795, 328.388214111, 328.74810791, 329.108032227, 329.467926025, 329.827850342, 330.187744141, 330.547668457, 330.907562256, 331.267486572, 331.627380371, 331.987304688, 332.347198486, 332.718719482, 333.078643799, 333.438537598, 333.786834717, 334.146759033, 334.506652832, 334.866577148, 335.214874268, 335.563171387, 335.923065186, 336.271362305, 336.619689941, 336.956359863, 337.293060303, 337.641357422, 337.989654541, 338.34954834, 338.709472656, 339.069366455, 339.429290771, 339.800811768, 340.172332764, 340.54385376, 340.926971436, 341.321716309, 341.704833984, 342.087982178, 342.471099854, 342.84262085, 343.214141846, 343.585662842, 343.945587158, 344.305480957, 344.665405273, 345.025299072, 345.396820068, 345.756713867, 346.128234863, 346.627471924, 347.115081787, 347.602722168, 348.101928711, 348.601165771, 349.100402832, 349.599639893, 350.087249756, 350.574859619, 351.0625, 351.550109863, 352.060943604, 352.571777344, 353.071014404, 353.570251465, 354.034637451, 354.499053955, 354.975036621, 355.451049805, 355.927062988, 356.403076172, 356.867462158, 357.343475342, 357.819488525, 358.283905029, 358.748291016, 359.212677002, 359.677093506, 360.141479492, 360.617492676, 361.093505859, 361.557922363, 362.02230835, 362.509918213, 362.985931396, 363.46194458, 363.937957764, 364.413970947, 364.901580811, 365.377593994, 365.84197998, 366.317993164, 366.782409668, 367.246795654, 367.711181641, 368.175598145, 368.639984131, 369.092773438, 369.557189941, 370.033203125, 370.497589111, 370.961975098, 371.437988281, 371.914001465, 372.390014648, 372.866027832, 373.330413818, 373.794830322, 374.259216309, 374.723632812, 375.188018799, 375.652404785, 376.105194092, 376.557983398, 377.010772705, 377.463562012, 377.904754639, 378.357543945, 378.810333252, 379.263122559, 379.715911865, 380.180297852, 380.633087158, 381.085876465, 381.550292969, 382.014678955, 382.479095459, 382.931884766, 383.396270752, 383.849060059, 384.313476562, 384.777862549, 385.219055176, 385.683441162, 386.147827148, 386.589019775, 387.053405762, 387.517822266, 387.993835449, 388.469848633, 388.957458496, 389.43347168, 389.897857666, 390.36227417, 390.838256836, 391.31427002, 391.790283203, 392.277893066, 392.765533447, 393.253143311, 393.752380371, 394.321258545, 394.890136719, 395.447418213, 395.993103027, 396.550384521, 397.107666016, 397.66494751, 398.199005127, 398.744659424, 399.290344238, 399.824401855, 400.370056152, 400.915740967, 401.449798584, 401.995452881, 402.552734375, 402.935852051, 403.319000244, 403.69052124, 404.050415039, 404.398712158, 404.758636475, 405.118530273, 405.49005127, 405.861572266, 406.221496582, 406.581390381, 406.941314697, 407.301208496, 407.661132812, 408.009429932, 408.36932373, 408.729248047, 409.089141846, 409.449066162, 409.808959961, 410.180480957, 410.552001953, 410.935150146, 411.318267822, 411.701385498, 412.084533691, 412.467651367, 412.850799561, 413.222320557, 413.593811035, 413.965332031, 414.336853027, 414.708374023, 415.07989502, 415.451416016, 415.811340332, 416.171234131, 416.51953125, 416.867828369, 417.216125488, 417.564422607, 417.912750244, 418.261047363, 418.609344482, 418.957641602, 419.305938721, 419.65423584, 420.002532959, 420.350830078, 420.687530518, 421.024200439, 421.372497559, 421.720794678, 422.069122314, 422.417419434, 422.765716553, 423.102386475, 423.450683594, 423.81060791, 424.158905029, 424.507202148, 424.843902588, 425.192199707, 425.540496826, 425.877166748, 426.225494385, 426.573791504, 426.922088623, 427.270385742, 427.618682861, 427.955352783, 428.30368042, 428.640350342, 428.977050781, 429.313720703, 429.650421143, 429.987121582, 430.335418701, 430.68371582, 431.032012939, 431.380310059, 431.728607178, 432.076904297, 432.425201416, 432.773498535, 433.121795654, 433.470092773, 433.818389893, 434.155090332, 434.503387451, 434.840087891, 435.18838501, 435.536682129, 435.873382568, 436.21005249, 436.54675293, 436.883453369, 437.231750488, 437.580047607, 437.916717529, 438.253417969, 438.601715088, 438.950012207, 439.298309326, 439.646606445, 439.994903564, 440.343200684, 440.679901123, 441.016601562, 441.364898682, 441.713195801, 442.06149292, 442.409790039, 442.758087158, 443.106384277, 443.454681396, 443.802978516, 444.151275635, 444.499572754, 444.847869873, 445.184570312, 445.521270752, 445.857940674, 446.194641113, 446.542938232, 446.868011475, 447.193084717, 447.541412354, 447.866485596, 448.214782715, 448.563079834, 448.899749756, 449.248077393, 449.584747314, 449.933044434, 450.269744873, 450.606445312, 450.966339111, 451.326263428, 451.674560547, 452.011230469, 452.359527588, 452.707824707, 453.067749023, 453.416046143, 453.764343262, 454.112640381, 454.4609375, 454.809234619, 455.157531738, 455.505828857, 455.854156494, 456.202453613, 456.550750732, 456.899047852, 457.235717773, 457.572418213, 457.920715332, 458.269012451, 458.61730957, 458.965606689, 459.302307129, 459.650604248, 459.987304688, 460.335601807, 460.683898926, 461.032196045, 461.380493164, 461.728790283, 462.065490723, 462.413787842, 462.750457764, 463.087158203, 463.423858643, 463.772155762, 464.120452881, 464.46875, 464.805419922, 465.153747559, 465.49041748, 465.8387146, 466.187011719, 466.535308838, 466.883605957, 467.220306396, 467.557006836, 467.905303955, 468.253601074, 468.590270996, 468.938598633, 469.286895752, 469.623565674, 469.971862793, 470.320159912, 470.668457031, 471.016784668, 471.376678467, 471.736602783, 472.096496582, 472.456420898, 472.816314697, 473.187835693, 473.559356689, 473.919250488, 474.290771484, 474.66229248, 475.022216797, 475.382110596, 475.742034912, 476.101928711, 476.45022583, 476.798553467, 477.146850586, 477.506744385, 477.866668701, 478.2265625, 478.598083496, 478.981201172, 479.364349365, 479.735870361, 480.188659668, 480.641448975, 481.105834961, 481.558624268, 482.011413574, 482.464202881, 482.916992188, 483.393005371, 483.869018555, 484.345031738, 484.844268799, 485.343475342, 485.854309082, 486.36517334, 486.87600708], "beats_loudness": {"dmean2": 0.0145290866494, "median": 0.0195747520775, "min": 0, "dvar2": 0.000238294524024, "dvar": 7.79946567491e-05, "dmean": 0.00794636737555, "max": 0.119083754718, "var": 0.000152362772496, "mean": 0.0197564270347}, "danceability": 0.988141417503, "bpm_histogram_second_peak_weight": {"dmean2": 0, "median": 0.120603017509, "min": 0.120603017509, "dvar2": 0, "dvar": 0, "dmean": 0, "max": 0.120603017509, "var": 0, "mean": 0.120603017509}, "beats_count": 1195, "bpm_histogram_second_peak_bpm": {"dmean2": 0, "median": 167, "min": 167, "dvar2": 0, "dvar": 0, "dmean": 0, "max": 167, "var": 0, "mean": 167}, "bpm_histogram_first_peak_spread": {"dmean2": 0, "median": 0, "min": 0, "dvar2": 0, "dvar": 0, "dmean": 0, "max": 0, "var": 0, "mean": 0}, "beats_loudness_band_ratio": {"dmean2": [0.244576469064, 0.186320945621, 0.104535587132, 0.0942422747612, 0.145625129342, 0.100717447698], "median": [0.356103956699, 0.15072594583, 0.0658237710595, 0.0340230278671, 0.151260823011, 0.110073313117], "min": [0, 0, 0, 0, 0, 0], "dvar2": [0.0428642854095, 0.0237167514861, 0.0157066956162, 0.0196345541626, 0.0192304234952, 0.0121980067343], "dvar": [0.0172079280019, 0.00801459513605, 0.00591034675017, 0.00769584113732, 0.00665291165933, 0.00428148265928], "dmean": [0.143727272749, 0.104650765657, 0.0601914897561, 0.0546996146441, 0.0819849744439, 0.0580283626914], "max": [0.989923775196, 0.855100095272, 0.85786241293, 0.967588603497, 0.656228125095, 0.451293796301], "var": [0.0492459386587, 0.0160193108022, 0.0194969382137, 0.0216154754162, 0.0174671392888, 0.00889812875539], "mean": [0.369832336903, 0.17686599493, 0.116209484637, 0.089337259531, 0.170126646757, 0.115692749619]}}, "lowlevel": {"barkbands_spread": {"dmean2": 8.03300189972, "median": 36.5784950256, "min": 0.280892729759, "dvar2": 81.8249588013, "dvar": 30.9953937531, "dmean": 4.90640735626, "max": 77.6944580078, "var": 311.950592041, "mean": 32.3025970459}, "melbands_spread": {"dmean2": 15.028883934, "median": 38.0457420349, "min": 0.321438103914, "dvar2": 296.889984131, "dvar": 114.438163757, "dmean": 9.18550109863, "max": 169.616531372, "var": 716.280517578, "mean": 39.9078865051}, "hfc": {"dmean2": 6.18304586411, "median": 20.3415431976, "min": 1.08225902596e-16, "dvar2": 62.6311798096, "dvar": 27.2436466217, "dmean": 3.92289328575, "max": 111.149017334, "var": 271.753479004, "mean": 21.7089481354}, "barkbands_kurtosis": {"dmean2": 3.4244453907, "median": -0.625040769577, "min": -1.84721004963, "dvar2": 101.138687134, "dvar": 36.2947044373, "dmean": 2.06333494186, "max": 207.745315552, "var": 136.765167236, "mean": 3.00412487984}, "gfcc": {"mean": [-30.4387073517, 91.7456665039, -125.61655426, 49.0751609802, -50.1596717834, 0.795337498188, -39.9291152954, 12.131196022, -18.8191184998, -6.49000501633, -15.9279499054, -3.62653684616, -5.96605730057], "icov": [[0.000144919540617, -4.02614859922e-05, 0.000336883240379, -0.000299190665828, 2.84548004856e-05, -0.000150258943904, 0.00026986154262, -0.000337538222084, 0.000340085825883, -0.000156984548084, 0.000380854296964, -0.000365106447134, 0.000408457650337], [-4.02614859922e-05, 0.00155162694864, -0.000457411777461, 0.00105861632619, -0.000392020476284, 0.000456803478301, -0.000577010912821, 0.000930047710426, -0.0010396563448, 0.00198811199516, -0.00221669813618, 0.00249431258999, -0.00110445648897], [0.000336883240379, -0.000457411777461, 0.00197433354333, -0.000771524966694, -0.000412314431742, -0.00100233440753, 0.00192941015121, -0.000995890819468, 0.000629444548395, -0.000822562549729, 0.00234785419889, -0.00254191365093, 0.00203893799335], [-0.000299190665828, 0.00105861632619, -0.000771524966694, 0.00264491140842, -0.000302130618365, 0.000209489182453, -0.000581960193813, 0.00152209249791, -0.00307172117755, 0.00237408815883, -6.37433986412e-05, 0.00120166561101, -0.00252620968968], [2.84548004856e-05, -0.000392020476284, -0.000412314431742, -0.000302130618365, 0.00590582424775, 0.000354096497176, -0.00333466101438, -0.000160737006809, 0.000164545504958, -0.00133222702425, 0.000508262892254, 0.000594287994318, -0.000414786074543], [-0.000150258943904, 0.000456803478301, -0.00100233440753, 0.000209489182453, 0.000354096497176, 0.00461393920705, -0.00172533316072, -0.000465854507638, 0.00201466423459, -6.78496289765e-05, -0.00209418241866, -0.000150685635163, 0.00183268135879], [0.00026986154262, -0.000577010912821, 0.00192941015121, -0.000581960193813, -0.00333466101438, -0.00172533316072, 0.0107283499092, 0.000858039420564, -0.0023159540724, -0.00049287796719, 0.00151568499859, -0.00286725116894, 0.00242745992728], [-0.000337538222084, 0.000930047710426, -0.000995890819468, 0.00152209249791, -0.000160737006809, -0.000465854507638, 0.000858039420564, 0.0124106379226, -0.00686301942915, -0.000774942920543, 0.000667822663672, 0.000494955922477, -0.00162152666599], [0.000340085825883, -0.0010396563448, 0.000629444548395, -0.00307172117755, 0.000164545504958, 0.00201466423459, -0.0023159540724, -0.00686301942915, 0.0171635709703, -0.00363998045214, -0.000353552110028, 0.00178528076503, -0.00204403186217], [-0.000156984548084, 0.00198811199516, -0.000822562549729, 0.00237408815883, -0.00133222702425, -6.78496289765e-05, -0.00049287796719, -0.000774942920543, -0.00363998045214, 0.0168416723609, -0.00214664055966, -0.000135873138788, 0.00250447588041], [0.000380854296964, -0.00221669813618, 0.00234785419889, -6.37433986412e-05, 0.000508262892254, -0.00209418241866, 0.00151568499859, 0.000667822663672, -0.000353552110028, -0.00214664055966, 0.0158848706633, -0.00753466226161, -0.000882305728737], [-0.000365106447134, 0.00249431258999, -0.00254191365093, 0.00120166561101, 0.000594287994318, -0.000150685635163, -0.00286725116894, 0.000494955922477, 0.00178528076503, -0.000135873138788, -0.00753466226161, 0.0226941481233, -0.0115494830534], [0.000408457650337, -0.00110445648897, 0.00203893799335, -0.00252620968968, -0.000414786074543, 0.00183268135879, 0.00242745992728, -0.00162152666599, -0.00204403186217, 0.00250447588041, -0.000882305728737, -0.0115494830534, 0.0259511470795]], "cov": [[17756.2324219, -2880.2578125, -1791.2298584, 2369.09008789, -337.429656982, 127.453285217, -160.748504639, 326.199249268, 45.4901809692, 15.5610599518, -465.223236084, 114.488021851, 27.5388450623], [-2880.2578125, 2174.4465332, -224.667480469, -900.065551758, 129.975250244, -184.731063843, 115.813606262, -180.175018311, -4.79904222488, -131.686187744, 284.021392822, -145.846878052, 18.0215778351], [-1791.2298584, -224.667480469, 1388.03137207, -23.641872406, 14.0517072678, 222.152359009, -141.215591431, 68.2484054565, -55.1436195374, 66.6662750244, -123.770645142, 57.1751174927, -80.2551193237], [2369.09008789, -900.065551758, -23.641872406, 1227.0123291, -9.34148025513, -60.9746437073, -10.8852338791, 74.6610946655, 147.424026489, -44.6771125793, -160.534393311, 44.8459472656, 85.9707107544], [-337.429656982, 129.975250244, 14.0517072678, -9.34148025513, 230.840576172, -18.1254329681, 83.3694915771, -5.12790966034, 25.0425357819, 9.34863853455, 1.65822958946, -14.3055047989, 0.440107107162], [127.453285217, -184.731063843, 222.152359009, -60.9746437073, -18.1254329681, 345.415344238, -0.614060938358, 10.1843643188, -71.1981201172, 35.3723373413, -0.657743573189, 32.0510101318, -52.0267601013], [-160.748504639, 115.813606262, -141.215591431, -10.8852338791, 83.3694915771, -0.614060938358, 155.959152222, -18.1330604553, 27.5416660309, -2.07721757889, 21.8243980408, -5.67593574524, 3.73469495773], [326.199249268, -180.175018311, 68.2484054565, 74.6610946655, -5.12790966034, 10.1843643188, -18.1330604553, 129.891571045, 46.1615905762, 27.3978996277, -35.5328559875, 9.67766475677, 2.20526099205], [45.4901809692, -4.79904222488, -55.1436195374, 147.424026489, 25.0425357819, -71.1981201172, 27.5416660309, 46.1615905762, 120.555664062, 2.95167374611, -7.22644710541, -8.69080543518, 28.5968475342], [15.5610599518, -131.686187744, 66.6662750244, -44.6771125793, 9.34863853455, 35.3723373413, -2.07721757889, 27.3978996277, 2.95167374611, 89.1904067993, -9.17123699188, 10.9137153625, -19.7084007263], [-465.223236084, 284.021392822, -123.770645142, -160.534393311, 1.65822958946, -0.657743573189, 21.8243980408, -35.5328559875, -7.22644710541, -9.17123699188, 138.612075806, 17.1373920441, 21.9740829468], [114.488021851, -145.846878052, 57.1751174927, 44.8459472656, -14.3055047989, 32.0510101318, -5.67593574524, 9.67766475677, -8.69080543518, 10.9137153625, 17.1373920441, 86.1594848633, 27.6976928711], [27.5388450623, 18.0215778351, -80.2551193237, 85.9707107544, 0.440107107162, -52.0267601013, 3.73469495773, 2.20526099205, 28.5968475342, -19.7084007263, 21.9740829468, 27.6976928711, 74.2397232056]]}, "spectral_energyband_middle_low": {"dmean2": 0.00530150718987, "median": 0.0050838580355, "min": 1.47009568699e-22, "dvar2": 0.000128429877805, "dvar": 4.71856947115e-05, "dmean": 0.00311332591809, "max": 0.132817298174, "var": 5.01535687363e-05, "mean": 0.00672095129266}, "melbands_crest": {"dmean2": 5.63521528244, "median": 11.7223176956, "min": 1.59580290318, "dvar2": 26.5570869446, "dvar": 9.59115123749, "dmean": 3.35674262047, "max": 34.719329834, "var": 30.7673053741, "mean": 12.8006763458}, "spectral_kurtosis": {"dmean2": 3.70905637741, "median": 3.89303779602, "min": -1.25772738457, "dvar2": 28.7769241333, "dvar": 9.42888355255, "dmean": 2.13097882271, "max": 79.3817367554, "var": 51.5929603577, "mean": 6.7016043663}, "spectral_rms": {"dmean2": 0.000985690858215, "median": 0.00400665355846, "min": 3.11304194228e-12, "dvar2": 1.83823999578e-06, "dvar": 6.94123798439e-07, "dmean": 0.000592594791669, "max": 0.0129843959585, "var": 2.63104220721e-06, "mean": 0.003883281257}, "zerocrossingrate": {"dmean2": 0.00957283750176, "median": 0.0810546875, "min": 0.00390625, "dvar2": 0.000111068460683, "dvar": 6.78187279846e-05, "dmean": 0.00751592731103, "max": 0.52734375, "var": 0.0020781964995, "mean": 0.0781431570649}, "silence_rate_60dB": {"dmean2": 0.0295252148062, "median": 0, "min": 0, "dvar2": 0.0331170335412, "dvar": 0.0145407123491, "dmean": 0.0147619051859, "max": 1, "var": 0.101193606853, "mean": 0.114232651889}, "erbbands_kurtosis": {"dmean2": 1.68519032001, "median": 0.616061925888, "min": -1.8019567728, "dvar2": 6.46562337875, "dvar": 2.54687976837, "dmean": 1.03658413887, "max": 47.4325866699, "var": 11.3971681595, "mean": 1.47911274433}, "erbbands": {"dmean2": [0.0547702684999, 0.730612516403, 3.50580525398, 8.35148048401, 7.03612661362, 6.01926708221, 8.00711917877, 6.89796113968, 6.18270683289, 6.35741949081, 9.27202701569, 14.1775817871, 12.8629579544, 10.4279289246, 13.8233919144, 14.3377656937, 11.4209489822, 9.99417114258, 12.2564144135, 20.2541847229, 27.5523509979, 35.7589912415, 31.2121143341, 22.8802757263, 15.9603061676, 14.6128063202, 11.1071653366, 9.03703308105, 6.06664466858, 5.00272750854, 2.15644907951, 1.23408949375, 0.699907064438, 0.406505316496, 0.168142199516, 0.0493638925254, 0.0131857348606, 0.00359950819984, 0.000492086866871, 3.61551610695e-05], "median": [0.0271002203226, 0.318402379751, 1.01282691956, 2.40733289719, 2.89313721657, 2.64810800552, 4.65409564972, 5.72275400162, 4.30089330673, 4.40760421753, 5.10564899445, 6.16901254654, 6.05310201645, 4.8205780983, 3.48164415359, 2.46968340874, 2.6808590889, 5.75723552704, 10.166018486, 19.9878921509, 31.2175827026, 47.8303451538, 46.78723526, 34.2577934265, 21.5924301147, 16.1976509094, 12.8312940598, 8.08487987518, 5.15776538849, 3.32311344147, 1.82594585419, 1.28475868702, 0.801685750484, 0.33539262414, 0.0805795639753, 0.0174354631454, 0.0034037635196, 0.000456414330984, 5.53284044145e-05, 3.08094313368e-05], "min": [4.40845229671e-23, 6.92353858265e-22, 3.01853412234e-21, 7.04464329713e-21, 1.26782917604e-20, 1.71674502202e-20, 4.76804708846e-20, 8.94360279872e-20, 1.48835396023e-19, 1.4360086786e-19, 2.49191390706e-19, 5.1763747812e-19, 5.52458886777e-19, 5.18961639185e-19, 1.05267625139e-18, 1.26954067412e-18, 1.02396532932e-18, 1.61570852265e-18, 2.36231285135e-18, 3.23092011654e-18, 3.12586755836e-18, 5.23369415835e-18, 4.71015831378e-18, 6.1581189509e-18, 6.48810569907e-18, 7.99724502789e-18, 9.91443544801e-18, 9.36435372322e-18, 1.16589122106e-17, 1.16027152141e-17, 9.49802941893e-18, 9.97115191389e-18, 1.09534950657e-17, 8.65665025116e-18, 6.78064101784e-18, 4.61199472254e-18, 2.23946887896e-18, 9.47817253473e-19, 2.51165095346e-19, 2.78242135377e-20], "dvar2": [0.00586820580065, 1.45148646832, 49.8381156921, 363.000488281, 216.407669067, 215.521957397, 304.21307373, 129.55859375, 121.773200989, 142.793212891, 361.753143311, 1994.14599609, 1976.97009277, 1161.37011719, 2084.98168945, 2041.26464844, 1556.48217773, 747.001342773, 506.941345215, 1178.02380371, 2647.77587891, 3167.08764648, 2082.14916992, 1358.0534668, 640.872924805, 604.861816406, 299.26071167, 324.9949646, 111.915458679, 113.150665283, 15.6158571243, 5.11026668549, 1.52544677258, 0.7110273242, 0.158132046461, 0.0133221922442, 0.000925839296542, 6.87309802743e-05, 1.7857767034e-06, 1.15924940758e-08], "dvar": [0.00210823607631, 0.532353520393, 17.9892177582, 130.529266357, 78.3670959473, 82.3405227661, 110.97883606, 49.2487449646, 42.4078521729, 54.9441604614, 144.646026611, 745.20111084, 720.589294434, 553.371643066, 942.360839844, 854.963684082, 645.226867676, 267.0262146, 202.932815552, 467.5809021, 1039.22460938, 1189.69372559, 806.487304688, 524.30645752, 251.21685791, 244.12171936, 116.373550415, 152.454940796, 44.6488037109, 44.4537811279, 6.37168884277, 2.19145321846, 0.673273086548, 0.33591774106, 0.0751831904054, 0.0062520140782, 0.000442583026597, 3.15812212648e-05, 7.65270044667e-07, 4.52796689032e-09], "dmean": [0.0320436805487, 0.422067672014, 2.01417064667, 4.73861074448, 4.11622476578, 3.63763022423, 4.82658910751, 4.34733629227, 3.77043223381, 