{"tonal": {"thpcp": [1, 0.921690404415, 0.964050471783, 0.93015307188, 0.769338726997, 0.700676083565, 0.70635008812, 0.70847260952, 0.654636740685, 0.565979003906, 0.527143597603, 0.548397898674, 0.504403471947, 0.448257833719, 0.504290759563, 0.561655461788, 0.607186198235, 0.687152922153, 0.682085871696, 0.64706414938, 0.670352756977, 0.75461935997, 0.873326897621, 0.908795058727, 0.898876488209, 0.851679205894, 0.788160681725, 0.732102811337, 0.651600539684, 0.594138979912, 0.63233590126, 0.780036628246, 0.86982023716, 0.838466227055, 0.807052612305, 0.931673169136], "hpcp": {"dmean2": [0.418052464724, 0.416369765997, 0.447582066059, 0.418090313673, 0.408622831106, 0.354346930981, 0.310131192207, 0.339285731316, 0.430582672358, 0.452211469412, 0.414648681879, 0.394542872906, 0.433672219515, 0.448434174061, 0.41259342432, 0.423551857471, 0.421714127064, 0.3611369133, 0.312114089727, 0.297116696835, 0.299019932747, 0.27275326848, 0.243140473962, 0.238577246666, 0.241070151329, 0.22562341392, 0.216008871794, 0.237074017525, 0.253996729851, 0.273361504078, 0.294961512089, 0.289346963167, 0.292863667011, 0.310047388077, 0.355327367783, 0.414862781763], "median": [0.19480612874, 0.189212009311, 0.173219487071, 0.153063684702, 0.135984897614, 0.123930856586, 0.11769400537, 0.123736858368, 0.149149924517, 0.173189729452, 0.177570819855, 0.176290988922, 0.201534003019, 0.225679248571, 0.210121065378, 0.19673615694, 0.193299755454, 0.172500610352, 0.165921658278, 0.158837199211, 0.159038826823, 0.148543909192, 0.128484934568, 0.117198452353, 0.117812044919, 0.101672947407, 0.0854003727436, 0.0945361107588, 0.113184049726, 0.132867187262, 0.147859036922, 0.1554223001, 0.14579500258, 0.143905133009, 0.163240849972, 0.174430981278], "min": [0, 0, 0, 0, 0, 0, 0, 0, 0, 0, 0, 0, 0, 0, 0, 0, 0, 0, 0, 0, 0, 0, 0, 0, 0, 0, 0, 0, 0, 0, 0, 0, 0, 0, 0, 0], "dvar2": [0.152832999825, 0.147984340787, 0.174632564187, 0.166529893875, 0.183195650578, 0.159135580063, 0.133775964379, 0.13854932785, 0.181050181389, 0.192287504673, 0.167261317372, 0.158597692847, 0.174437344074, 0.163548588753, 0.1528647542, 0.158943593502, 0.156660243869, 0.117820575833, 0.098794259131, 0.0895218625665, 0.0917200669646, 0.0755045637488, 0.0634576156735, 0.0646192207932, 0.0683702304959, 0.0702590122819, 0.0750114694238, 0.088014177978, 0.0840702578425, 0.0834425911307, 0.0881197303534, 0.0873817652464, 0.093963496387, 0.10368463397, 0.126279041171, 0.155658081174], "dvar": [0.0556723661721, 0.0550209321082, 0.0664310902357, 0.060831554234, 0.065675355494, 0.0577458180487, 0.0493499673903, 0.0508003719151, 0.0664932206273, 0.0712888687849, 0.0594519935548, 0.0570747852325, 0.065606534481, 0.0618420056999, 0.0565635040402, 0.0646291002631, 0.0625747665763, 0.0448217354715, 0.0369071438909, 0.0339728668332, 0.0353324711323, 0.0291332248598, 0.0236513633281, 0.0234204232693, 0.0267980340868, 0.0282385796309, 0.0269627738744, 0.0312010515481, 0.0307745076716, 0.030995644629, 0.0342117585242, 0.0332831516862, 0.0343511886895, 0.0376069657505, 0.045928247273, 0.058000780642], "dmean": [0.240347832441, 0.243359878659, 0.25310716033, 0.236946076155, 0.229801267385, 0.198998466134, 0.175873935223, 0.191054940224, 0.240810513496, 0.251601189375, 0.235259518027, 0.224354028702, 0.247969910502, 0.257485419512, 0.233953133225, 0.241509050131, 0.244187921286, 0.206851184368, 0.178013667464, 0.173742458224, 0.174151912332, 0.159004539251, 0.142595157027, 0.139227539301, 0.141381442547, 0.133026242256, 0.124536059797, 0.137064471841, 0.148102402687, 0.157518982887, 0.17293561995, 0.170127928257, 0.166759431362, 0.176477730274, 0.203321173787, 0.236933499575], "max": [1, 1, 1, 1, 1, 1, 1, 1, 1, 1, 1, 1, 1, 1, 1, 1, 1, 1, 1, 1, 1, 1, 1, 1, 1, 1, 1, 1, 1, 1, 1, 1, 1, 1, 1, 1], "var": [0.0713360011578, 0.0698977261782, 0.0722193568945, 0.063078224659, 0.0654423385859, 0.0538498051465, 0.0463738553226, 0.0503163561225, 0.0689864829183, 0.0764352753758, 0.0657869204879, 0.0591505691409, 0.0756824016571, 0.0777202099562, 0.0634696260095, 0.0824723169208, 0.0800518989563, 0.0503480434418, 0.0424826517701, 0.0435181371868, 0.0437419824302, 0.0374094098806, 0.0297459997237, 0.0267975404859, 0.0332765616477, 0.0343180261552, 0.0292961429805, 0.0355226881802, 0.0374328456819, 0.0359292402864, 0.042866203934, 0.0428562834859, 0.0383284911513, 0.0405657887459, 0.0517718791962, 0.0730157420039], "mean": [0.291490316391, 0.288309007883, 0.273170769215, 0.252797603607, 0.234817385674, 0.208996802568, 0.19056636095, 0.20281778276, 0.250191867352, 0.27898940444, 0.268932789564, 0.2588570714, 0.298828333616, 0.320743739605, 0.295626431704, 0.309213161469, 0.298340767622, 0.246760576963, 0.224737465382, 0.226557374001, 0.227238148451, 0.209970638156, 0.181534215808, 0.16907800734, 0.17589519918, 0.161784246564, 0.143775895238, 0.161748096347, 0.180147469044, 0.194751173258, 0.220400005579, 0.218774780631, 0.207541778684, 0.215011447668, 0.242039442062, 0.280114144087]}, "tuning_equal_tempered_deviation": 0.219673648477, "chords_changes_rate": 0.14555555582, "key_key": "C#", "tuning_diatonic_strength": 0.58777910471, "key_scale": "minor", "chords_number_rate": 0.0066666668281, "tuning_frequency": 438.477722168, "tuning_nontempered_energy_ratio": 0.897663354874, "chords_histogram": [20.6666660309, 0, 1.16666662693, 0, 0.833333313465, 0.111111111939, 1.05555558205, 0, 0, 36.2222213745, 4.5, 1.22222220898, 2.16666674614, 0, 0.222222223878, 0.222222223878, 2.83333325386, 0, 0, 1.33333337307, 0.111111111939, 1.55555558205, 1.44444441795, 24.3333339691], "key_strength": 0.523782968521, "chords_key": "G#", "chords_strength": {"dmean2": 0.0225043278188, "median": 0.457108616829, "min": 0.211763262749, "dvar2": 0.000323049229337, "dvar": 0.000162670723512, "dmean": 0.0163736827672, "max": 0.686616778374, "var": 0.00723314704373, "mean": 0.458611220121}, "chords_scale": "major", "hpcp_entropy": {"dmean2": 1.12563323975, "median": 3.57709121704, "min": 0, "dvar2": 0.813810586929, "dvar": 0.290735065937, "dmean": 0.658719778061, "max": 4.78991794586, "var": 0.478745311499, "mean": 3.44011187553}}, "metadata": {"audio_properties": {"equal_loudness": 0, "codec": "vorbis", "downmix": "mix", "sample_rate": 44100, "analysis_sample_rate": 44100, "bit_rate": 256000, "md5_encoded": "e8eb34535ad6b3c855fea9173170c12e", "length": 83.5265274048, "replay_gain": -17.6291465759, "lossless": false}, "version": {"essentia_build_sha": "70f2e5ece6736b2c40cc944ad0e695b16b925413", "essentia": "2.1-beta2", "extractor": "music 1.0", "essentia_git_sha": "v2.1_beta2"}, "tags": {"title": ["The Gentleman"], "barcode": ["781676663125"], "albumartist": ["Pig Destroyer"], "tracktotal": ["21"], "language": ["eng"], "releasetype": ["album"], "musicbrainz_recordingid": ["1a3662aa-5d95-458f-8f42-e51ed225c23a"], "mood": ["Intense"], "musicbrainz_albumartistid": ["5c0d3974-33d5-4f7a-bebc-8f50c057927e"], "originalyear": ["2004"], "originaldate": ["2004-10-12"], "discnumber": ["0"], "album": ["Terrifyer"], "catalognumber": ["rr 6618-2"], "releasecountry": ["XW"], "file_name": "19-the_gentleman.ogg", "compilation": ["0"], "musicip_puid": ["8d5437b7-1b05-ec76-5dd3-5bd8daad07ed"], "albumartistsort": ["Pig Destroyer"], "date": ["2004-10-12"], "genre": ["Metal"], "musicbrainz_albumid": ["fb7717c5-7e2c-473d-a8fa-7a4d6a2194d0"], "disctotal": ["0"], "musicbrainz_artistid": ["5c0d3974-33d5-4f7a-bebc-8f50c057927e"], "asin": ["B00030CHA8"], "grouping": ["Metal"], "artist": ["Pig Destroyer"], "tracknumber": ["19"], "artistsort": ["Pig Destroyer"], "bpm": ["0"], "label": ["Relapse Records"], "releasestatus": ["official"], "totaldiscs": ["0"], "script": ["Latn"], "totaltracks": ["21"]}}, "rhythm": {"bpm_histogram_first_peak_bpm": {"dmean2": 0, "median": 115, "min": 115, "dvar2": 0, "dvar": 0, "dmean": 0, "max": 115, "var": 0, "mean": 115}, "bpm": 115.119560242, "bpm_histogram_second_peak_spread": {"dmean2": 0, "median": 0.37142854929, "min": 0.37142854929, "dvar2": 0, "dvar": 0, "dmean": 0, "max": 0.37142854929, "var": 0, "mean": 0.37142854929}, "bpm_histogram_first_peak_weight": {"dmean2": 0, "median": 0.31874999404, "min": 0.31874999404, "dvar2": 0, "dvar": 0, "dmean": 0, "max": 0.31874999404, "var": 0, "mean": 0.31874999404}, "onset_rate": 3.50707530975, "beats_position": [0.510838985443, 1.03328800201, 1.55573689938, 2.08979582787, 2.60063481331, 3.11147379875, 3.59909296036, 4.08671188354, 4.55111122131, 5.01551008224, 5.4915189743, 5.9675283432, 6.45514726639, 6.94276618958, 7.44199514389, 7.94122457504, 8.42884349823, 8.92807197571, 9.41569137573, 9.91492080688, 10.4025392532, 10.8901586533, 11.3893871307, 11.8770065308, 12.3762359619, 12.8638544083, 13.3630838394, 13.8623123169, 14.3731517792, 14.8723802567, 15.3716096878, 15.8592290878, 16.3584575653, 16.8576869965, 17.3685264587, 17.8677539825, 18.3785934448, 18.8894329071, 19.4118824005, 19.9343299866, 20.45677948, 20.9792289734, 21.5016784668, 22.035736084, 22.5581855774, 23.0922451019, 23.614692688, 24.1371421814, 24.6479816437, 25.1472110748, 25.6580486298, 26.168888092, 26.6797275543, 27.1905670166, 27.6897945404, 28.1890239716, 28.6998634338, 29.2223129272, 29.7563705444, 30.2788200378, 30.7896595001, 31.3004989624, 31.8229465485, 32.357006073, 32.8794555664, 33.3902931213, 33.901134491, 34.4119720459, 34.9228096008, 35.422039032, 35.9212684631, 36.4321098328, 36.9429473877, 37.4537849426, 37.976234436, 38.4986839294, 39.0095214844, 39.4971427917, 39.9963722229, 40.4956016541, 41.006439209, 41.4940567017, 42.0165061951, 42.5389556885, 43.0730133057, 43.5954627991, 44.1179122925, 44.6403617859, 45.1628112793, 45.6852607727, 46.2077102661, 46.7417678833, 47.2758255005, 47.8098869324, 48.3439445496, 48.8780021667, 49.4120635986, 49.9461212158, 50.480178833, 51.0142402649, 51.5482978821, 52.0707473755, 52.5815849304, 53.1040344238, 53.6264839172, 54.1489334106, 54.6713829041, 55.1938323975, 55.7162818909, 56.2271194458, 56.7495689392, 57.2720184326, 57.794467926, 58.3169136047, 58.8393630981, 59.3502044678, 59.8726501465, 60.3950996399, 60.9175491333, 61.4399986267, 61.9508361816, 62.473285675, 62.9957351685, 63.5065765381, 64.0290222168, 64.5514755249, 65.0855331421, 65.6428070068, 66.200088501, 66.7573699951, 67.3030395508, 67.8487091064, 68.3827667236, 68.9168243408, 69.450881958, 69.9849395752, 70.5189971924, 71.0414505005, 71.5638961792, 72.0747375488, 72.5971832275, 73.1196365356, 73.6304779053, 74.1413116455, 74.6521530151, 75.1745986938, 75.6854400635, 76.1962814331, 76.7071151733, 77.2295684814, 77.7287979126, 78.2396392822, 78.738861084, 79.2497024536, 79.7605438232, 80.2713851929, 80.7822189331, 81.2930603027, 81.8155059814, 82.3611755371, 82.9068450928], "beats_loudness": {"dmean2": 0.0119140511379, "median": 0.0239339992404, "min": 5.08894163431e-06, "dvar2": 0.000105149389128, "dvar": 3.89783272112e-05, "dmean": 0.00714121107012, "max": 0.0562197901309, "var": 5.83793262194e-05, "mean": 0.0248743165284}, "danceability": 1.42806005478, "bpm_histogram_second_peak_weight": {"dmean2": 0, "median": 0.13750000298, "min": 0.13750000298, "dvar2": 0, "dvar": 0, "dmean": 0, "max": 0.13750000298, "var": 0, "mean": 0.13750000298}, "beats_count": 161, "bpm_histogram_second_peak_bpm": {"dmean2": 0, "median": 120, "min": 120, "dvar2": 0, "dvar": 0, "dmean": 0, "max": 120, "var": 0, "mean": 120}, "bpm_histogram_first_peak_spread": {"dmean2": 0, "median": 0.552631616592, "min": 0.552631616592, "dvar2": 0, "dvar": 0, "dmean": 0, "max": 0.552631616592, "var": 0, "mean": 0.552631616592}, "beats_loudness_band_ratio": {"dmean2": [0.395670205355, 0.302867978811, 0.0653170496225, 0.0799581557512, 0.122214302421, 0.149892553687], "median": [0.290976405144, 0.103788815439, 0.0490090698004, 0.065509237349, 0.216267034411, 0.20238289237], "min": [0.0028645163402, 0.0095274085179, 0.00450467132032, 0.00417019473389, 0.036964006722, 0.0330749824643], "dvar2": [0.0680711194873, 0.0460516177118, 0.00838690903038, 0.00417212443426, 0.0101809520274, 0.0135887088254], "dvar": [0.0238169133663, 0.0173287577927, 0.00321007147431, 0.00181528402027, 0.00358322751708, 0.00441687228158], "dmean": [0.224307820201, 0.164545252919, 0.0388017222285, 0.0470104850829, 0.0746704936028, 0.087468072772], "max": [0.900079965591, 0.742315173149, 0.481642246246, 0.260455846786, 0.458268880844, 0.504066884518], "var": [0.0373962596059, 0.0206142738461, 0.00254736235365, 0.0026927839499, 0.00573910307139, 0.00587420864031], "mean": [0.302474111319, 0.162791773677, 0.0590638481081, 0.0783828869462, 0.221345812082, 0.210370346904]}}, "lowlevel": {"barkbands_spread": {"dmean2": 12.2885217667, "median": 44.7434883118, "min": 8.34512996674, "dvar2": 107.097244263, "dvar": 41.973285675, "dmean": 7.48538351059, "max": 77.2653808594, "var": 99.579246521, "mean": 43.8991317749}, "melbands_spread": {"dmean2": 27.6920890808, "median": 65.8272781372, "min": 4.51768732071, "dvar2": 524.123840332, "dvar": 211.536651611, "dmean": 17.0686950684, "max": 135.398620605, "var": 503.291442871, "mean": 63.2911911011}, "hfc": {"dmean2": 13.9783830643, "median": 38.2179107666, "min": 2.33748801565e-11, "dvar2": 256.526275635, "dvar": 100.536895752, "dmean": 8.59810161591, "max": 110.869674683, "var": 216.774551392, "mean": 39.7133293152}, "barkbands_kurtosis": {"dmean2": 1.23818850517, "median": -1.28668439388, "min": -1.77522826195, "dvar2": 4.60536527634, "dvar": 1.96599912643, "dmean": 0.749378979206, "max": 22.5217037201, "var": 3.153247118, "mean": -0.809098064899}, "gfcc": {"mean": [47.2791137695, 44.8530273438, -136.724380493, 57.399105072, -50.7832984924, 4.74339389801, -38.0378570557, 6.10409832001, -30.9966926575, -8.86831283569, -24.1418495178, -6.81624507904, -13.2321147919], "icov": [[0.000243685644818, 0.000183172640391, 0.00019864999922, -0.000325859349687, 0.000292430369882, -0.000213717954466, -9.28977096919e-05, -0.000161574222147, 0.000261513196165, -0.000194181076949, 0.000133737645228, -0.00016608016449, 0.000633361458313], [0.000183172640391, 0.00551706785336, 0.00198007072322, -0.00427960418165, -0.000791671336628, 0.00304473959841, -0.00282423826866, 0.00343895354308, -0.00190459773876, 0.00322522595525, -0.00390166277066, 0.00256928987801, -0.000198467183509], [0.00019864999922, 0.00198007072322, 0.00507997022942, -0.00236646458507, -0.00389309017919, -0.000117428207886, 0.00315922847949, -0.000907173496671, 0.00104167172685, 6.56064221403e-05, 0.00101685582194, -0.00174362736288, 0.0022222455591], [-0.000325859349687, -0.00427960418165, -0.00236646458507, 0.00992119777948, 4.21332515543e-05, -0.00520852487534, 0.00390235218219, -0.0031746935565, -0.000593115226366, -0.00012391252676, 0.000775350548793, 0.0023357430473, -0.00493681291118], [0.000292430369882, -0.000791671336628, -0.00389309017919, 4.21332515543e-05, 0.0139306457713, -0.00214573298581, -0.00698820175603, 0.00121074076742, -0.000657354365103, 0.0021094745025, -0.0026582966093, 0.00391665054485, 0.000170916755451], [-0.000213717954466, 0.00304473959841, -0.000117428207886, -0.00520852487534, -0.00214573298581, 0.0214637033641, -0.0117969447747, 0.00155458610971, 0.00659290514886, -0.00245773652568, -0.00372324488126, 0.00281877908856, 0.00181966403034], [-9.28977096919e-05, -0.00282423826866, 0.00315922847949, 0.00390235218219, -0.00698820175603, -0.0117969447747, 0.0259767323732, -0.0098576080054, -0.00425086263567, 0.00426999013871, 0.00139658944681, -0.00592525489628, 0.00575540587306], [-0.000161574222147, 0.00343895354308, -0.000907173496671, -0.0031746935565, 0.00121074076742, 0.00155458610971, -0.0098576080054, 0.022947460413, -0.0135059030727, 0.00157047202811, 0.000693485722877, 0.00309419701807, -0.00885518174618], [0.000261513196165, -0.00190459773876, 0.00104167172685, -0.000593115226366, -0.000657354365103, 0.00659290514886, -0.00425086263567, -0.0135059030727, 0.0390405878425, -0.0200433582067, 0.00382592412643, 0.00582635309547, 0.00258527160622], [-0.000194181076949, 0.00322522595525, 6.56064221403e-05, -0.00012391252676, 0.0021094745025, -0.00245773652568, 0.00426999013871, 0.00157047202811, -0.0200433582067, 0.0399703681469, -0.0189372114837, -0.00352430087514, 0.00456593697891], [0.000133737645228, -0.00390166277066, 0.00101685582194, 0.000775350548793, -0.0026582966093, -0.00372324488126, 0.00139658944681, 0.000693485722877, 0.00382592412643, -0.0189372114837, 0.0415946654975, -0.0152408899739, -0.00355651183054], [-0.00016608016449, 0.00256928987801, -0.00174362736288, 0.0023357430473, 0.00391665054485, 0.00281877908856, -0.00592525489628, 0.00309419701807, 0.00582635309547, -0.00352430087514, -0.0152408899739, 0.0413671843708, -0.0140624474734], [0.000633361458313, -0.000198467183509, 0.0022222455591, -0.00493681291118, 0.000170916755451, 0.00181966403034, 0.00575540587306, -0.00885518174618, 0.00258527160622, 0.00456593697891, -0.00355651183054, -0.0140624474734, 0.0364142693579]], "cov": [[5044.94433594, -182.233840942, -190.121902466, 59.1063423157, -138.163879395, 112.768554688, 56.6583213806, 52.5494766235, -4.4117603302, 44.9183883667, -16.0599651337, 2.41725373268, -76.2421722412], [-182.233840942, 417.97366333, -116.883789062, 136.783096313, 24.8450946808, -10.5039424896, 28.9920196533, -19.1148014069, 12.525850296, -28.055891037, 17.3627033234, -27.7438411713, 15.9128656387], [-190.121902466, -116.883789062, 373.035095215, 55.5056495667, 88.8151092529, 26.2829036713, -28.2576675415, 6.97996616364, -19.0601921082, -8.19019412994, -15.0130701065, -1.93825018406, -7.97154903412], [59.1063423157, 136.783096313, 55.5056495667, 216.101455688, 34.1346130371, 35.0238723755, 4.74859666824, 26.7572174072, 7.96975040436, -11.068312645, 1.29813277721, -18.7695446014, 23.1740188599], [-138.163879395, 24.8450946808, 88.8151092529, 34.1346130371, 138.595977783, 45.1490020752, 51.4726791382, 15.9369058609, 2.5466272831, -13.4276733398, -2.29162549973, -16.1783676147, -10.3891134262], [112.768554688, -10.5039424896, 26.2829036713, 35.0238723755, 45.1490020752, 92.7813796997, 51.0852470398, 15.7360944748, -5.087870121, -1.61134374142, 3.51735830307, -5.46459579468, -9.17365550995], [56.6583213806, 28.9920196533, -28.2576675415, 4.74859666824, 51.4726791382, 51.0852470398, 102.112579346, 41.7294120789, 19.43126297, -3.68567562103, 0.111738204956, -6.51836204529, -10.6688785553], [52.5494766235, -19.1148014069, 6.97996616364, 26.7572174072, 15.9369058609, 15.7360944748, 41.7294120789, 94.496963501, 39.5053634644, 10.3675403595, -3.17569804192, -5.55204534531, 11.1475009918], [-4.4117603302, 12.525850296, -19.0601921082, 7.96975040436, 2.5466272831, -5.087870121, 19.43126297, 39.5053634644, 56.834438324, 24.3836479187, 3.19716715813, -6.96823358536, -0.304528951645], [44.9183883667, -28.055891037, -8.19019412994, -11.068312645, -13.4276733398, -1.61134374142, -3.68567562103, 10.3675403595, 24.3836479187, 51.7438812256, 21.9586906433, 11.1954450607, -0.438815325499], [-16.0599651337, 17.3627033234, -15.0130701065, 1.29813277721, -2.29162549973, 3.51735830307, 0.111738204956, -3.17569804192, 3.19716715813, 21.9586906433, 43.7403068542, 19.0284900665, 9.15131282806], [2.41725373268, -27.7438411713, -1.93825018406, -18.7695446014, -16.1783676147, -5.46459579468, -6.51836204529, -5.55204534531, -6.96823358536, 11.1954450607, 19.0284900665, 42.1982078552, 14.6549930573], [-76.2421722412, 15.9128656387, -7.97154903412, 23.1740188599, -10.3891134262, -9.17365550995, -10.6688785553, 11.1475009918, -0.304528951645, -0.438815325499, 9.15131282806, 14.6549930573, 44.0370178223]]}, "spectral_energyband_middle_low": {"dmean2": 0.00782093033195, "median": 0.00526582915336, "min": 2.71659348052e-16, "dvar2": 0.000103353202576, "dvar": 3.84036939067e-05, "dmean": 0.00468092877418, "max": 0.0459056310356, "var": 4.41211195721e-05, "mean": 0.00747206062078}, "melbands_crest": {"dmean2": 7.68209218979, "median": 12.9698219299, "min": 2.59052801132, "dvar2": 37.440776825, "dvar": 13.7492847443, "dmean": 4.66429328918, "max": 32.8573188782, "var": 32.2163352966, "mean": 13.2845182419}, "spectral_kurtosis": {"dmean2": 1.51760530472, "median": 3.41325187683, "min": 0.514349460602, "dvar2": 2.08378100395, "dvar": 0.730503439903, "dmean": 0.893841326237, "max": 17.1039962769, "var": 1.38419902325, "mean": 3.59349012375}, "spectral_rms": {"dmean2": 0.00119114632253, "median": 0.00465196324512, "min": 1.56682944397e-09, "dvar2": 1.35420737024e-06, "dvar": 5.11953828664e-07, "dmean": 0.000729363411665, "max": 0.00841838680208, "var": 1.06456968751e-06, "mean": 0.00471709854901}, "zerocrossingrate": {"dmean2": 0.0153810633346, "median": 0.11181640625, "min": 0.0224609375, "dvar2": 0.000215669206227, "dvar": 0.000156297479407, "dmean": 0.0123814176768, "max": 0.48974609375, "var": 0.000688156404067, "mean": 0.111617647111}, "silence_rate_60dB": {"dmean2": 0.00333611341193, "median": 0, "min": 0, "dvar2": 0.00443733343855, "dvar": 0.00166489207186, "dmean": 0.00166759314016, "max": 1, "var": 0.0142398020253, "mean": 0.0144484583288}, "erbbands_kurtosis": {"dmean2": 1.52318763733, "median": 1.43500232697, "min": -1.81065356731, "dvar2": 2.04961156845, "dvar": 0.767408072948, "dmean": 0.941935062408, "max": 16.4634418488, "var": 1.83746039867, "mean": 1.42677092552}, "erbbands": {"dmean2": [0.0140142636374, 0.35403880477, 4.28608417511, 11.8550777435, 9.92074108124, 17.5228099823, 8.55997467041, 5.89022541046, 5.75313806534, 6.8526892662, 14.66294384, 12.0350589752, 14.6173601151, 15.7658452988, 16.4586524963, 15.2569208145, 17.2467403412, 23.5619792938, 35.7602996826, 24.1395874023, 44.5755500793, 71.7031784058, 51.5626487732, 49.9033203125, 37.639415741, 33.6853065491, 35.1015701294, 16.639005661, 11.5889892578, 10.4147529602, 6.57865953445, 3.65530347824, 2.77504634857, 1.05054867268, 0.577097654343, 0.200122490525, 0.0623255111277, 0.0140456771478, 0.00207459437661, 0.000134901711135], "median": [0.00548074860126, 0.169835090637, 2.1700155735, 5.07852602005, 4.3276386261, 3.26581859589, 2.86368060112, 3.50080990791, 4.18002462387, 4.08679771423, 4.13753843307, 5.77251243591, 8.4485912323, 12.0231151581, 12.4661684036, 8.81585121155, 7.41372776031, 15.3454990387, 31.1007843018, 24.7917747498, 58.1532249451, 98.0566635132, 70.7020492554, 71.2606658936, 60.274684906, 57.5071792603, 47.2783088684, 25.2318439484, 13.2442712784, 9.67927074432, 5.62634849548, 3.33476638794, 2.19446229935, 1.08943450451, 0.408873260021, 0.0987975746393, 0.024288251996, 0.00462468340993, 0.00054212595569, 5.89415612922e-05], "min": [3.2348222137e-15, 1.81084039772e-14, 6.04075302149e-14, 1.37921466782e-13, 2.36867952553e-13, 2.9992534064e-13, 2.56994458266e-13, 1.51129041464e-13, 2.30371304715e-13, 6.50468665476e-13, 9.67524454651e-13, 7.8889038314e-13, 7.93008616672e-13, 7.85617285202e-13, 4.0230023631e-13, 6.99197644227e-13, 8.13703867741e-13, 1.27881808875e-12, 1.32395689464e-12, 9.77663913368e-13, 5.68768990239e-12, 2.46171616078e-12, 3.20334037074e-12, 1.68936121602e-12, 1.2689433922e-12, 1.04973386754e-12, 4.58518379515e-12, 7.30625369233e-12, 2.57656678111e-12, 1.63874534602e-12, 2.38306097945e-12, 1.66375615542e-12, 2.27201027089e-12, 1.53907659187e-12, 3.27405767428e-12, 9.56820235022e-13, 5.71832728738e-13, 4.07476353007e-13, 7.56948282808e-14, 8.59774016847e-15], "dvar2": [0.000348771951394, 0.164396762848, 20.9954452515, 189.128341675, 171.916534424, 1549.20275879, 219.068206787, 60.5394172668, 53.4774894714, 72.7026290894, 804.062011719, 352.291900635, 432.645019531, 367.43347168, 516.677062988, 495.771453857, 860.102844238, 1067.90966797, 1683.66369629, 1352.78234863, 1739.94470215, 3821.07788086, 3306.33544922, 2106.44873047, 1191.99731445, 948.461975098, 1537.59814453, 494.412719727, 219.802825928, 153.233184814, 74.0481338501, 33.0154533386, 18.7789058685, 4.1153011322, 0.688498616219, 0.146864429116, 0.0311463586986, 0.00125209381804, 3.55662559741e-05, 9.74408678189e-08], "dvar": [0.000135732232593, 0.0650371313095, 7.61163234711, 90.4763259888, 64.0668258667, 544.26550293, 78.1028594971, 22.7889690399, 20.5986499786, 27.5368843079, 287.311309814, 136.1378479, 166.180496216, 136.504684448, 192.645431519, 185.358901978, 320.723327637, 387.023498535, 600.081542969, 527.900268555, 631.768493652, 1443.56921387, 1191.57006836, 759.191223145, 448.064178467, 359.429473877, 626.291320801, 204.414810181, 82.3323059082, 57.3547897339, 27.7092704773, 14.7603988647, 8.21646976471, 1.8475651741, 0.277028620243, 0.0559071339667, 0.0111911930144, 0.000472065497888, 1.34806441565e-05, 3.73947308674e-08], "dmean": [0.00860576424748, 0.213022246957, 2.51175951958, 7.42170715332, 5.86748552322, 9.75870609283, 4.97498464584, 3.54340434074, 3.48163080215, 4.03298902512, 8.32758903503, 7.24710893631, 8.64560604095, 9.51827144623, 9.85643577576, 9.119805336, 10.2366018295, 13.8275518417, 21.1207542419, 14.4140300751, 26.8061161041, 42.7490158081, 30.6945266724, 29.4806785583, 22.4612674713, 20.1967468262, 21.43775177, 10.3008823395, 6.83480167389, 5.93162727356, 3.78865003586, 2.1960580349, 1.65429365635, 0.664804279804, 0.348564267159, 0.118382580578, 0.0365294292569, 0.00839221384376, 0.00125841540284, 7.93868239271e-05], "max": [0.0941785275936, 2.82352113724, 26.6287498474, 121.866424561, 75.6767272949, 201.120788574, 76.8607635498, 48.8469924927, 63.9689292908, 78.6218338013, 130.847564697, 144.243927002, 163.344894409, 163.007385254, 376.926391602, 229.472640991, 398.750793457, 213.269729614, 345.091186523, 516.316589355, 293.005981445, 540.998962402, 418.069671631, 371.467437744, 355.007019043, 267.624938965, 449.850219727, 342.551147461, 143.530532837, 71.8545150757, 72.8144989014, 107.794311523, 61.6822319031, 43.3951797485, 9.48741436005, 3.29591679573, 1.77190923691, 0.352093458176, 0.0765350088477, 0.00315812625922], "var": [0.000176595407538, 0.0925183519721, 10.1413631439, 184.98526001, 69.8903274536, 361.640991211, 65.6756515503, 29.44780159, 28.4122180939, 33.9746894836, 210.127120972, 189.009674072, 239.552261353, 257.635131836, 388.712860107, 437.986663818, 819.364013672, 751.711791992, 1044.49682617, 850.761657715, 1190.51867676, 2761.25537109, 1647.37927246, 1286.70385742, 955.643310547, 754.123779297, 1412.81774902, 409.324157715, 124.555580139, 73.7098388672, 33.1821784973, 30.0801200867, 16.4939098358, 4.6708650589, 0.530409693718, 0.0688561201096, 0.00981431733817, 0.000544385751709, 1.86286088137e-05, 5.62018485084e-08], "mean": [0.0107928514481, 0.280889004469, 3.1967151165, 9.92760276794, 7.24035072327, 8.7053899765, 5.61674880981, 5.22030735016, 5.59331512451, 5.83543586731, 8.61635971069, 10.0325155258, 13.2463006973, 16.5998039246, 18.4298934937, 16.3941669464, 18.3639221191, 25.765668869, 40.0828971863, 32.5933685303, 63.9978713989, 105.374580383, 76.862739563, 76.4867095947, 64.5615539551, 60.1715621948, 55.8624801636, 29.4452018738, 15.5077705383, 11.6994876862, 7.10700464249, 4.58763456345, 3.19150328636, 1.5070899725, 0.640994310379, 0.190438941121, 0.0541029572487, 0.0123472763225, 0.00196901336312, 0.000140351403388]}, "spectral_strongpeak": {"dmean2": 0.836394667625, "median": 0.337587743998, "min": 0, "dvar2": 2.48357343674, "dvar": 0.860434353352, "dmean": 0.467833757401, "max": 9.51344108582, "var": 0.639549672604, "mean": 0.551015675068}, "spectral_energy": {"dmean2": 0.0124197443947, "median": 0.0221817810088, "min": 2.51632821025e-15, "dvar2": 0.000171377527295, "dvar": 6.44195533823e-05, "dmean": 0.00750437751412, "max": 0.0726409628987, "var": 9.46691943682e-05, "mean": 0.0238985158503}, "average_loudness": 0.978912293911, "spectral_rolloff": {"dmean2": 960.097167969, "median": 3639.11132812, "min": 150.732421875, "dvar2": 968649.5, "dvar": 457461, "dmean": 589.602966309, "max": 17420.3613281, "var": 921019.8125, "mean": 3540.71655273}, "spectral_centroid": {"dmean2": 453.821411133, "median": 2754.15527344, "min": 519.42010498, "dvar2": 184542.3125, "dvar": 75916.2109375, "dmean": 284.008483887, "max": 4046.03027344, "var": 186834.265625, "mean": 2666.67602539}, "pitch_salience": {"dmean2": 0.140337839723, "median": 0.663570642471, "min": 0.153801992536, "dvar2": 0.0139002809301, "dvar": 0.00531581742689, "dmean": 0.0852724909782, "max": 0.935021877289, "var": 0.0114475432783, "mean": 0.639044582844}, "spectral_energyband_middle_high": {"dmean2": 0.00310610304587, "median": 0.008575017564, "min": 3.36133854871e-16, "dvar2": 1.08380208985e-05, "dvar": 4.17150477006e-06, "dmean": 0.00196360889822, "max": 0.0273716505617, "var": 1.38043496918e-05, "mean": 0.00902862939984}, "spectral_contrast_coeffs": {"dmean2": [0.105545580387, 0.0760673508048, 0.0553595274687, 0.0514733977616, 0.0319660194218, 0.0282485727221], "median": [-0.594682812691, -0.791495144367, -0.824358761311, -0.79121106863, -0.792550384998, -0.710426211357], "min": [-0.977987587452, -0.967619478703, -0.969441950321, -0.969555199146, -0.964670717716, -0.928031384945], "dvar2": [0.00749982707202, 0.0033952863887, 0.00182669376954, 0.00159206066746, 0.000577658123802, 0.000552794488613], "dvar": [0.00265352544375, 0.00122723099776, 0.000659753452055, 0.000555776059628, 0.000199878166313, 0.000196423308807], "dmean": [0.0633682236075, 0.0458935759962, 0.0329341031611, 0.030314559117, 0.0185665134341, 0.0171382855624], "max": [-0.295990496874, -0.567196965218, -0.645213425159, -0.639618754387, -0.668251276016, -0.61672860384], "var": [0.00513556739315, 0.00237125204876, 0.00132638867944, 0.00117136829067, 0.000433002016507, 0.000866134301759], "mean": [-0.587264180183, -0.78829485178, -0.821071445942, -0.790443062782, -0.793023645878, -0.713502705097]}, "melbands_skewness": {"dmean2": 1.24357295036, "median": 1.43308496475, "min": -1.45007634163, "dvar2": 1.22497057915, "dvar": 0.53293389082, "dmean": 0.794647216797, "max": 10.3385334015, "var": 1.48993492126, "mean": 1.67048168182}, "spectral_spread": {"dmean2": 595884.25, "median": 3739404, "min": 1416843.625, "dvar2": 311482220544, "dvar": 134946160640, "dmean": 382785.53125, "max": 12799867, "var": 513286340608, "mean": 3833972}, "dissonance": {"dmean2": 0.0076180100441, "median": 0.493987381458, "min": 0.142582908273, "dvar2": 7.17294969945e-05, "dvar": 4.37528215116e-05, "dmean": 0.00445133447647, "max": 0.5, "var": 5.90320923948e-05, "mean": 0.492761731148}, "spectral_skewness": {"dmean2": 0.225604981184, "median": 1.04757022858, "min": 0.380544096231, "dvar2": 0.0403788425028, "dvar": 0.0146313076839, "dmean": 0.13427002728, "max": 2.55666971207, "var": 0.042042594403, "mean": 1.07218682766}, "spectral_flux": {"dmean2": 0.0305205769837, "median": 0.094495780766, "min": 4.51171399618e-05, "dvar2": 0.000856728816871, "dvar": 0.000380389217753, "dmean": 0.0188562311232, "max": 0.221887409687, "var": 0.000713330577128, "mean": 0.0979003980756}, "spectral_contrast_valleys": {"dmean2": [0.763017594814, 0.63807040453, 0.491857260466, 0.415855944157, 0.260473489761, 0.399857103825], "median": [-7.46174287796, -6.75368452072, -6.82601547241, -6.99021482468, -6.01508140564, -9.22557067871], "min": [-20.5907878876, -21.1094875336, -21.4606666565, -21.6145401001, -21.1077404022, -22.7504997253], "dvar2": [0.362689673901, 0.305024385452, 0.173016563058, 0.155888602138, 0.0635533481836, 0.205445110798], "dvar": [0.143638908863, 0.122587688267, 0.0722819790244, 0.0669192001224, 0.0311389174312, 0.0889837294817], "dmean": [0.463914006948, 0.389608174562, 0.301100701094, 0.253959000111, 0.163651168346, 0.247347965837], "max": [-6.13675928116, -5.12348270416, -5.62851953506, -5.72335481644, -5.32186222076, -7.70252370834], "var": [0.679224908352, 0.590305089951, 0.60142993927, 0.582167506218, 0.555700302124, 0.571280241013], "mean": [-7.56059503555, -6.81247520447, -6.8918261528, -6.98985004425, -6.11010599136, -9.30448818207]}, "erbbands_flatness_db": {"dmean2": 0.0205730553716, "median": 0.143408402801, "min": 0.0589760951698, "dvar2": 0.000314615957905, "dvar": 0.000131542386953, "dmean": 0.0131047461182, "max": 0.325846582651, "var": 0.000483193813125, "mean": 0.143974483013}, "spectral_energyband_high": {"dmean2": 0.00140977755655, "median": 0.00252301082946, "min": 1.61876784187e-15, "dvar2": 2.29129909712e-06, "dvar": 9.48285162394e-07, "dmean": 0.00085683335783, "max": 0.0138322021812, "var": 2.22304697672e-06, "mean": 0.00279902759939}, "spectral_entropy": {"dmean2": 0.135362625122, "median": 7.98975419998, "min": 7.07497549057, "dvar2": 0.0149321863428, "dvar": 0.00588422408327, "dmean": 0.0825259611011, "max": 8.83421421051, "var": 0.0163779426366, "mean": 7.9834485054}, "silence_rate_20dB": {"dmean2": 0, "median": 1, "min": 1, "dvar2": 0, "dvar": 0, "dmean": 0, "max": 1, "var": 0, "mean": 1}, "melbands_flatness_db": {"dmean2": 0.0470879748464, "median": 0.0984622389078, "min": 0.0190038066357, "dvar2": 0.00150688481517, "dvar": 0.00063216482522, "dmean": 0.0294981133193, "max": 0.321276992559, "var": 0.00179050350562, "mean": 0.106532610953}, "barkbands": {"dmean2": [4.84101874463e-05, 0.00109486177098, 0.00530239567161, 0.00399055331945, 0.00420840457082, 0.000690891989507, 0.00039379086229, 0.000553364225198, 0.000562417553738, 0.000486923556309, 0.000484279327793, 0.000390209897887, 0.000383520091418, 0.000594894052483, 0.000597691629082, 0.000795048545115, 0.00127406336833, 0.000969802145846, 0.000859840132762, 0.00072099105455, 0.000652447866742, 0.000313694996294, 0.000275768805295, 0.000161774412845, 8.14766681287e-05, 3.63156359526e-05, 1.21938392112e-05], "median": [1.79084017873e-05, 0.0004554783809, 0.00245454534888, 0.00154159788508, 0.00105915637687, 0.000469537801109, 0.000269548676442, 0.000192715015146, 0.000254535581917, 0.000288619281491, 0.000327185320202, 0.000215649997699, 0.00015416185488, 0.000429119390901, 0.000463700533146, 0.000920117949136, 0.00164181459695, 0.00116158451419, 0.00130760087632, 0.00118476478383, 0.000941593083553, 0.000339096412063, 0.000226610180107, 0.000144188685226, 7.63105781516e-05, 1.45050025822e-05, 3.00935175801e-06], "min": [5.8673284042e-17, 8.90287081753e-17, 5.84584156061e-17, 5.38182301547e-17, 8.73531711265e-17, 2.1359950777e-17, 2.39858174336e-17, 4.29983967226e-17, 3.43108926346e-17, 2.7703082734e-17, 1.0785502128e-17, 1.59604019427e-17, 1.79683762623e-17, 2.74086858452e-17, 1.82644705256e-17, 7.8056607336e-17, 4.79393615884e-17, 5.78760738374e-17, 2.65665332636e-17, 2.20740591085e-17, 1.82603336299e-16, 5.4167326843e-17, 7.62179502704e-17, 1.16439607556e-16, 2.79915378189e-16, 3.17484412834e-16, 6.07895376272e-16], "dvar2": [3.55482243641e-09, 1.66320990047e-06, 3.27638044837e-05, 2.19112862396e-05, 7.13306217222e-05, 7.21395224446e-07, 2.12528675547e-07, 8.710950965e-07, 7.65341326314e-07, 4.21406184614e-07, 4.16484311927e-07, 2.97896008306e-07, 4.13005466271e-07, 6.08249592915e-07, 5.73706245177e-07, 6.78519199937e-07, 1.21214657156e-06, 1.15935188205e-06, 6.00601822498e-07, 4.59980043388e-07, 5.27366239567e-07, 1.54629148597e-07, 1.29315424147e-07, 6.88798067472e-08, 1.64433924255e-08, 7.90921816929e-09, 1.07351350032e-09], "dvar": [1.37459721383e-09, 6.72811438562e-07, 1.21011953524e-05, 1.06929219328e-05, 2.52090139838e-05, 2.75807025218e-07, 8.01829145303e-08, 3.15314650834e-07, 2.92670307545e-07, 1.59804713462e-07, 1.52033578615e-07, 1.12141691488e-07, 1.52183417867e-07, 2.18184325718e-07, 2.0995695138e-07, 2.46974906304e-07, 4.59199583247e-07, 4.16650237867e-07, 2.17886039877e-07, 1.73741895537e-07, 2.21863402317e-07, 5.76437315658e-08, 4.73557584257e-08, 3.09382670594e-08, 7.32468530273e-09, 2.89836554757e-09, 4.10536105111e-10], "dmean": [2.89650542982e-05, 0.000661037105601, 0.0031177548226, 0.00250504515134, 0.00238021602854, 0.000419762189267, 0.000234315346461, 0.000317434372846, 0.000333857198711, 0.000287059054244, 0.000288452662062, 0.000232690596022, 0.000227035459829, 0.000350811955286, 0.000351406808477, 0.000474033760838, 0.000754471868277, 0.000568468065467, 0.000513778766617, 0.000431134685641, 0.000401464960305, 0.000182638963452, 0.000157458795002, 9.81619596132e-05, 5.07396252942e-05, 2.13748426177e-05, 7.32749413146e-06], "max": [0.000600521219894, 0.00872883293778, 0.0280290842056, 0.0425792783499, 0.0414941124618, 0.00512136984617, 0.00399710796773, 0.00475957849994, 0.0056583750993, 0.0047385985963, 0.00936616491526, 0.00555923115462, 0.00816535577178, 0.00510971993208, 0.00704291556031, 0.00962190423161, 0.00938305072486, 0.0101181855425, 0.00643343897536, 0.00612999778241, 0.00801173970103, 0.00308099202812, 0.00182115519419, 0.00398590415716, 0.0022997315973, 0.000917259021662, 0.000386966043152], "var": [1.66131663981e-09, 9.45179067458e-07, 1.63648637681e-05, 2.2238577003e-05, 1.79440830834e-05, 3.88494527215e-07, 1.15815304014e-07, 2.56352564065e-07, 3.96679894266e-07, 2.32646883092e-07, 2.52594617223e-07, 2.61849152139e-07, 4.02259729526e-07, 3.54045056383e-07, 3.4876012478e-07, 3.93971674839e-07, 8.50896014981e-07, 5.36115464911e-07, 4.47924037417e-07, 3.41807776749e-07, 5.46582270999e-07, 8.22187971039e-08, 5.3233801367e-08, 6.55414780226e-08, 1.86604562913e-08, 2.79212475363e-09, 5.69302494036e-10], "mean": [3.22826090269e-05, 0.000824764254503, 0.00384258641861, 0.00318414438516, 0.00233732676134, 0.000649692083243, 0.000363616010873, 0.000353222480044, 0.000453002547147, 0.000435119174654, 0.000478214264149, 0.000395725452108, 0.000392764690332, 0.000615854456555, 0.000642083468847, 0.00102853425778, 0.00178666319698, 0.00128419569228, 0.00139914022293, 0.00124822882935, 0.00110895826947, 0.00039940563147, 0.000286356545985, 0.000203906631214, 0.000109441141831, 3.19631581078e-05, 1.11382205432e-05]}, "erbbands_skewness": {"dmean2": 0.390340447426, "median": -1.11441171169, "min": -3.09773015976, "dvar2": 0.113824747503, "dvar": 0.0437396019697, "dmean": 0.241435170174, "max": 1.03636705875, "var": 0.158507779241, "mean": -1.06103038788}, "erbbands_spread": {"dmean2": 13.2470092773, "median": 30.0222110748, "min": 4.82734584808, "dvar2": 167.933746338, "dvar": 72.4525680542, "dmean": 8.40521907806, "max": 120.713928223, "var": 175.13293457, "mean": 33.418258667}, "melbands_kurtosis": {"dmean2": 5.86196327209, "median": 0.757003545761, "min": -1.64802241325, "dvar2": 97.8419265747, "dvar": 41.6238708496, "dmean": 3.68348479271, "max": 124.533218384, "var": 68.7862854004, "mean": 3.28221035004}, "melbands": {"dmean2": [0.000190269522136, 0.00162439316045, 0.00177413248457, 0.0010262823198, 0.000390086235711, 0.000128687286633, 8.55662729009e-05, 7.75153821451e-05, 0.000125264094095, 7.54729117034e-05, 7.45722572901e-05, 6.49001158308e-05, 6.20133941993e-05, 4.63159958599e-05, 4.30509171565e-05, 3.68225337297e-05, 5.02308939758e-05, 6.38679557596e-05, 4.02755795221e-05, 4.79175359942e-05, 5.5775140936e-05, 7.69371981733e-05, 7.14192792657e-05, 4.40461517428e-05, 4.62120187876e-05, 3.17055055348e-05, 3.13268028549e-05, 2.53003854596e-05, 2.72230063274e-05, 1.50395208038e-05, 1.00068209576e-05, 7.18414457879e-06, 6.50959827908e-06, 6.63822447677e-06, 4.29128704127e-06, 2.859580718e-06, 2.33655646298e-06, 2.21984191739e-06, 1.37121128319e-06, 8.58975568008e-07], "median": [8.56932456372e-05, 0.000850165786687, 0.000911232491489, 0.000279605068499, 0.000106368861452, 8.36393301142e-05, 6.46800981485e-05, 4.62204261567e-05, 3.15894540108e-05, 3.76520183636e-05, 4.10079628637e-05, 4.67149839096e-05, 4.4165597501e-05, 2.70288674074e-05, 2.02949613595e-05, 1.20209560919e-05, 2.97112273984e-05, 5.20298199262e-05, 2.97545211652e-05, 4.68440302939e-05, 6.58161006868e-05, 9.44290513871e-05, 9.07485809876e-05, 4.73627260362e-05, 5.88037692069e-05, 4.36916743638e-05, 4.10198845202e-05, 3.64349689335e-05, 3.02571388602e-05, 2.06399290619e-05, 1.21000575746e-05, 7.19517447578e-06, 5.86824262427e-06, 4.88062732984e-06, 3.19133641824e-06, 2.41666589318e-06, 1.81189057002e-06, 1.61653179021e-06, 1.11623751309e-06, 8.34227364521e-07], "min": [2.96003372741e-17, 2.94857793767e-17, 2.68208251275e-17, 1.9933199878e-17, 1.00408567697e-17, 3.47548702479e-18, 3.89351267351e-18, 7.77111949102e-18, 7.82480268559e-18, 4.71978959124e-18, 3.95955353284e-18, 3.32801974672e-18, 1.34390627914e-18, 1.64076671