{"tonal": {"thpcp": [1, 0.955075800419, 0.824731469154, 0.768186092377, 0.816567361355, 0.895892083645, 0.787722527981, 0.573969483376, 0.534000635147, 0.556909024715, 0.431604623795, 0.380998969078, 0.397330343723, 0.442410379648, 0.631639003754, 0.708140909672, 0.651548981667, 0.852630198002, 0.956729412079, 0.707932114601, 0.591431081295, 0.640951395035, 0.648460924625, 0.749826967716, 0.713941216469, 0.502600133419, 0.507517814636, 0.560098469257, 0.588092148304, 0.915670692921, 0.957523107529, 0.578255355358, 0.515222907066, 0.544873297215, 0.507239997387, 0.726877510548], "hpcp": {"dmean2": [0.273958146572, 0.19643047452, 0.183594733477, 0.18856780231, 0.171479836106, 0.154541775584, 0.148768663406, 0.162956222892, 0.203759685159, 0.216174736619, 0.217161372304, 0.264587432146, 0.274847537279, 0.24211665988, 0.212758049369, 0.209358721972, 0.222753703594, 0.251015514135, 0.244664505124, 0.202039062977, 0.204989418387, 0.192615807056, 0.234417110682, 0.321091592312, 0.307556241751, 0.227609410882, 0.214127853513, 0.213078573346, 0.230041354895, 0.28547295928, 0.333413720131, 0.338781923056, 0.306818544865, 0.283406287432, 0.301366090775, 0.314110547304], "median": [0.0649631023407, 0.0465595722198, 0.0499460920691, 0.0460366792977, 0.0397081971169, 0.0314533486962, 0.0343555510044, 0.0503613054752, 0.069186270237, 0.0718166530132, 0.0702763497829, 0.0929572433233, 0.0911232382059, 0.0738491863012, 0.0635299235582, 0.066213876009, 0.0778262466192, 0.0829434096813, 0.0620122477412, 0.0421184748411, 0.0320327058434, 0.0301822498441, 0.0543702915311, 0.100089363754, 0.0961509644985, 0.0517158955336, 0.0380317121744, 0.0379175879061, 0.0428399257362, 0.0634358972311, 0.103500753641, 0.115996010602, 0.0935109034181, 0.0781464651227, 0.0877329185605, 0.0914558470249], "min": [0, 0, 0, 0, 0, 0, 0, 0, 0, 0, 0, 0, 0, 0, 0, 0, 0, 0, 0, 0, 0, 0, 0, 0, 0, 0, 0, 0, 0, 0, 0, 0, 0, 0, 0, 0], "dvar2": [0.127176940441, 0.0847705826163, 0.0742216408253, 0.0781430900097, 0.0712430551648, 0.0656703189015, 0.0604655779898, 0.0610388368368, 0.0766079127789, 0.0829253718257, 0.082258567214, 0.105226002634, 0.115126281977, 0.0974303111434, 0.0882800519466, 0.0847558826208, 0.0881379395723, 0.104881823063, 0.108567118645, 0.0911202207208, 0.10108371079, 0.08969861269, 0.0962686613202, 0.140141651034, 0.129971057177, 0.101529277861, 0.105398193002, 0.10082847625, 0.113467954099, 0.133226245642, 0.145296573639, 0.142707437277, 0.133797198534, 0.123055711389, 0.134597480297, 0.140253648162], "dvar": [0.047598849982, 0.0311084073037, 0.0287604108453, 0.0309528615326, 0.0266379769892, 0.024693230167, 0.0231831688434, 0.0223275311291, 0.0302584115416, 0.0338523164392, 0.0313537828624, 0.0421144068241, 0.0461273007095, 0.035782661289, 0.03259319067, 0.0322265923023, 0.0326395779848, 0.0396159365773, 0.0417109839618, 0.0335968509316, 0.0372571274638, 0.0356386043131, 0.0363644771278, 0.053978100419, 0.0512786097825, 0.0374833121896, 0.0394115522504, 0.039355404675, 0.0416920483112, 0.0506056174636, 0.058136779815, 0.0556215271354, 0.04972377792, 0.0466428138316, 0.0500970818102, 0.0551261864603], "dmean": [0.155393123627, 0.111393935978, 0.106696762145, 0.110020600259, 0.097766391933, 0.0881895720959, 0.086060591042, 0.0946178659797, 0.120201945305, 0.127768695354, 0.127421408892, 0.157190978527, 0.161686301231, 0.138310298324, 0.121995508671, 0.122244246304, 0.128852844238, 0.144332617521, 0.140746966004, 0.11388964206, 0.115387119353, 0.109863877296, 0.133171215653, 0.184408038855, 0.176805600524, 0.128945440054, 0.121724233031, 0.122095279396, 0.12935462594, 0.163043737411, 0.19368481636, 0.195443883538, 0.174733579159, 0.161407262087, 0.174118280411, 0.181348055601], "max": [1, 1, 1, 1, 1, 1, 1, 1, 1, 1, 1, 1, 1, 1, 1, 1, 1, 1, 1, 1, 1, 1, 1, 1, 1, 1, 1, 1, 1, 1, 1, 1, 1, 1, 1, 1], "var": [0.0765522047877, 0.0509459786117, 0.0398187711835, 0.0469553768635, 0.0305836629122, 0.0272479094565, 0.0284313298762, 0.0251429546624, 0.0456503257155, 0.0584432072937, 0.0462359115481, 0.0687060430646, 0.0893508344889, 0.054102551192, 0.0413198135793, 0.0496962107718, 0.0430050045252, 0.0591020546854, 0.0649913698435, 0.0404626056552, 0.04582503438, 0.0615442842245, 0.0443230606616, 0.076763369143, 0.0874634534121, 0.0444956496358, 0.0454476550221, 0.0511874593794, 0.041088540107, 0.0634136795998, 0.0903846621513, 0.0770983919501, 0.0652055963874, 0.0644803643227, 0.0667948797345, 0.0799017995596], "mean": [0.193940386176, 0.141313537955, 0.131473049521, 0.137113183737, 0.106262750924, 0.0938034430146, 0.0978242903948, 0.108923174441, 0.155512005091, 0.17434707284, 0.160413920879, 0.20992089808, 0.235550537705, 0.174295663834, 0.14561265707, 0.157804757357, 0.159653633833, 0.18461035192, 0.175775125623, 0.123742125928, 0.124952882528, 0.137898445129, 0.144790604711, 0.225441724062, 0.235745951533, 0.142368733883, 0.126849904656, 0.134149953723, 0.124884486198, 0.178960099816, 0.246203929186, 0.235143408179, 0.203052133322, 0.189130440354, 0.201042085886, 0.220572143793]}, "tuning_equal_tempered_deviation": 0.156471341848, "chords_changes_rate": 0.0908491164446, "key_key": "C", "tuning_diatonic_strength": 0.435850799084, "key_scale": "major", "chords_number_rate": 0.00188483647071, "tuning_frequency": 440, "tuning_nontempered_energy_ratio": 0.858329057693, "chords_histogram": [10.2817831039, 3.09113192558, 8.83045864105, 1.09320521355, 1.54556596279, 2.73301291466, 2.97804164886, 4.82518148422, 0.848176419735, 1.05550837517, 0.490057498217, 0.753934621811, 0.687965333462, 1.47959661484, 15.1540851593, 9.7351808548, 5.54141950607, 8.84930706024, 4.32569980621, 3.62831020355, 2.56337761879, 1.75289797783, 4.88172674179, 2.87437558174], "key_strength": 0.499967068434, "chords_key": "C#", "chords_strength": {"dmean2": 0.0135958986357, "median": 0.472712337971, "min": -1, "dvar2": 0.000395346316509, "dvar": 0.000241701112827, "dmean": 0.0120754502714, "max": 0.766128122807, "var": 0.0198171511292, "mean": 0.465864151716}, "chords_scale": "major", "hpcp_entropy": {"dmean2": 1.09016740322, "median": 2.34234237671, "min": 0, "dvar2": 0.792050659657, "dvar": 0.288865834475, "dmean": 0.645524084568, "max": 4.58319664001, "var": 0.673095166683, "mean": 2.3150677681}}, "metadata": {"audio_properties": {"equal_loudness": 0, "codec": "flac", "downmix": "mix", "analysis_sample_rate": 44100, "bit_rate": 0, "md5_encoded": "702ce74c8dbb5b21f37a465edb4a14af", "length": 492.693328857, "replay_gain": -13.8130283356, "lossless": true}, "version": {"essentia_build_sha": "85931cb11b241c07ac43bfc3827c398894034a25", "essentia": "2.1-beta1", "extractor": "music 1.0", "essentia_git_sha": "v2.1_beta1-6-g5578087"}, "tags": {"title": ["Aida"], "barcode": ["886977666629"], "media": ["CD"], "albumartist": ["Miles Davis"], "discsubtitle": ["The Man With The Horn"], "tracktotal": ["6"], "albumartistsort": ["Davis, Miles"], "performer": ["Marcus Miller (bass guitar)", "Al Foster (drums)", "Barry Finnerty (guitar)", "Sammy Figueroa (percussion)", "Bill Evans (soprano saxophone)"], "releasetype": ["album", "compilation"], "musicbrainz_recordingid": ["1a4577cb-fa8c-4869-aac6-d042787c9a38"], "artistsort": ["Davis, Miles"], "musicbrainz_releasegroupid": ["6e355e33-762f-4158-bcd7-097ea1a978a3"], "musicbrainz_albumartistid": ["561d854a-6a28-4aa7-8c99-323e6ce46c2a"], "artists": ["Miles Davis"], "discnumber": ["1"], "composersort": ["Davis, Miles"], "releasecountry": ["GB"], "isrc": ["USSM18100587"], "originaldate": ["2010"], "work": ["Aida"], "date": ["2010-10-25"], "file_name": "04 - Aida.flac", "musicbrainz_albumid": ["d2601ddb-bf52-4f0c-bd68-ab67ce19053c"], "disctotal": ["5"], "tracknumber": ["4"], "releasestatus": ["official"], "musicbrainz_artistid": ["561d854a-6a28-4aa7-8c99-323e6ce46c2a"], "asin": ["B003ZBX82S"], "musicbrainz_workid": ["80e6f64f-f9b1-35a2-ab5b-9291a2464b0e"], "musicbrainz_releasetrackid": ["03c98fa7-4231-3dbd-a83b-d36a990516ee"], "artist": ["Miles Davis"], "arranger": ["Miles Davis"], "composer": ["Miles Davis"], "album": ["Original Album Classics"], "label": ["Columbia", "Legacy"], "totaltracks": ["6"], "totaldiscs": ["5"], "script": ["Latn"], "acoustid_id": ["ee9e567f-e50e-477f-962c-aa7930bffa61"]}}, "rhythm": {"bpm_histogram_first_peak_bpm": {"dmean2": 0, "median": 129, "min": 129, "dvar2": 0, "dvar": 0, "dmean": 0, "max": 129, "var": 0, "mean": 129}, "bpm": 129.799468994, "bpm_histogram_second_peak_spread": {"dmean2": 0, "median": 0.0317460298538, "min": 0.0317460298538, "dvar2": 0, "dvar": 0, "dmean": 0, "max": 0.0317460298538, "var": 0, "mean": 0.0317460298538}, "bpm_histogram_first_peak_weight": {"dmean2": 0, "median": 0.46472248435, "min": 0.46472248435, "dvar2": 0, "dvar": 0, "dmean": 0, "max": 0.46472248435, "var": 0, "mean": 0.46472248435}, "onset_rate": 4.20526361465, "beats_position": [0.441179126501, 0.893968224525, 1.30031740665, 1.71827661991, 2.13623571396, 2.57741498947, 3.03020405769, 3.48299312592, 3.92417216301, 4.37696123123, 4.82975053787, 5.27092981339, 5.71210861206, 6.17650794983, 6.64090681076, 7.10530614853, 7.5464849472, 8.01088428497, 8.47528362274, 8.93968200684, 9.38086128235, 9.83365058899, 10.2980499268, 10.7508392334, 11.2036275864, 11.656416893, 12.1208162308, 12.5852155685, 13.0263938904, 13.4907932281, 13.9551925659, 14.4195919037, 14.8607711792, 15.3251695633, 15.7779588699, 16.2307472229, 16.6719264984, 17.1131057739, 17.5658950806, 18.0186843872, 18.4714736938, 18.9242630005, 19.3886623383, 19.853061676, 20.2942390442, 20.758638382, 21.2114276886, 21.6642169952, 22.1053962708, 22.5697956085, 23.0225849152, 23.4753742218, 23.9281635284, 24.3809528351, 24.8453502655, 25.3097496033, 25.7509288788, 26.2153282166, 26.6681175232, 27.1209068298, 27.5736961365, 28.0264854431, 28.4908847809, 28.9552822113, 29.4080715179, 29.8608608246, 30.3252601624, 30.7896595001, 31.2424488068, 31.6952381134, 32.1596374512, 32.6240348816, 33.0768241882, 33.5296134949, 33.99401474, 34.4584121704, 34.9112014771, 35.3639907837, 35.8167800903, 36.269569397, 36.7107467651, 37.1751480103, 37.6279373169, 38.0807266235, 38.5102958679, 38.9630813599, 39.4158706665, 39.8686599731, 40.309841156, 40.7742385864, 41.2386398315, 41.703037262, 42.1558265686, 42.6086158752, 43.0730133057, 43.5374145508, 44.0018119812, 44.4546012878, 44.9073905945, 45.3717918396, 45.8129692078, 46.2541503906, 46.718547821, 47.1829452515, 47.6241264343, 48.0885238647, 48.5529251099, 49.0173225403, 49.4817237854, 49.9461212158, 50.3989105225, 50.8516998291, 51.3160972595, 51.7804985046, 52.2332878113, 52.6860771179, 53.1272544861, 53.5916557312, 54.0560531616, 54.5204544067, 54.9848518372, 55.4492492676, 55.9020385742, 56.3548278809, 56.819229126, 57.2720184326, 57.736415863, 58.2124252319, 58.6536026001, 59.1180038452, 59.5824012756, 60.0351905823, 60.4879798889, 60.9291610718, 61.3935585022, 61.8579597473, 62.310749054, 62.7635345459, 63.227935791, 63.6923332214, 64.1451263428, 64.6095199585, 65.0739212036, 65.5383224487, 65.9911117554, 66.443901062, 66.8966903687, 67.3610839844, 67.8022689819, 68.2666625977, 68.7310638428, 69.1954650879, 69.659866333, 70.1242599487, 70.5886611938, 71.053062439, 71.4942398071, 71.9586410522, 72.423034668, 72.8874359131, 73.3518371582, 73.8162307739, 74.280632019, 74.7334213257, 75.1862106323, 75.6506118774, 76.1150131226, 76.5794067383, 77.0438079834, 77.49659729, 77.9493865967, 78.4137878418, 78.8781814575, 79.3425827026, 79.7953720093, 80.2481613159, 80.712562561, 81.1653518677, 81.6181411743, 82.08253479, 82.5353240967, 82.9881134033, 83.4525146484, 83.9169158936, 84.3813171387, 84.8341064453, 85.298500061, 85.7629013062, 86.2273025513, 86.6800918579, 87.1444854736, 87.6088867188, 88.0732879639, 88.537689209, 89.0020828247, 89.4664840698, 89.9308853149, 90.3952789307, 90.8596801758, 91.3240814209, 91.7768707275, 92.2296600342, 92.6940536499, 93.158454895, 93.6228561401, 94.0872573853, 94.5400466919, 94.9928359985, 95.4456253052, 95.8984146118, 96.3628082275, 96.8272094727, 97.2683868408, 97.7327880859, 98.1855773926, 98.6383666992, 99.0911560059, 99.5439453125, 99.9967346191, 100.461128235, 100.913917542, 101.378318787, 101.831108093, 102.2838974, 102.736686707, 103.189476013, 103.64226532, 104.095054626, 104.559455872, 105.023849487, 105.488250732, 105.964263916, 106.44026947, 106.904670715, 107.38067627, 107.856689453, 108.332695007, 108.797096252, 109.249885559, 109.714286804, 110.17868042, 110.643081665, 111.095870972, 111.548660278, 112.013061523, 112.477455139, 112.930244446, 113.383033752, 113.847434998, 114.288612366, 114.753013611, 115.217414856, 115.658592224, 116.122993469, 116.587387085, 117.040176392, 117.492965698, 117.957366943, 118.421768188, 118.886169434, 119.338951111, 119.791740417, 120.244529724, 120.697319031, 121.161720276, 121.626121521, 122.078910828, 122.531700134, 122.984489441, 123.437278748, 123.901672363, 124.366073608, 124.818862915, 125.28326416, 125.736053467, 126.200454712, 126.664848328, 127.129249573, 127.582038879, 128.046432495, 128.499221802, 128.952011108, 129.404800415, 129.845977783, 130.310379028, 130.763168335, 131.215957642, 131.680358887, 132.144760132, 132.609161377, 133.061950684, 133.51473999, 133.979141235, 134.431930542, 134.884719849, 135.349105835, 135.81350708, 136.266296387, 136.719085693, 137.160263062, 137.613052368, 138.065841675, 138.53024292, 138.994644165, 139.45904541, 139.900222778, 140.353012085, 140.805801392, 141.24697876, 141.688156128, 142.152557373, 142.60534668, 143.058135986, 143.510925293, 143.9637146, 144.404891968, 144.846069336, 145.287246704, 145.751647949, 146.216049194, 146.668838501, 147.121627808, 147.586029053, 148.050430298, 148.503219604, 148.956008911, 149.420410156, 149.884811401, 150.32598877, 150.767166138, 151.208343506, 151.649520874, 152.102310181, 152.555099487, 153.007888794, 153.460678101, 153.925079346, 154.389480591, 154.842269897, 155.295059204, 155.747848511, 156.200637817, 156.676635742, 157.152648926, 157.605438232, 158.058227539, 158.522628784, 158.987030029, 159.451431274, 159.915817261, 160.380218506, 160.844619751, 161.309020996, 161.773422241, 162.237823486, 162.702224731, 163.166610718, 163.631011963, 164.095413208, 164.559814453, 165.01260376, 165.488616943, 165.94140625, 166.394195557, 166.846984863, 167.29977417, 167.764175415, 168.228561401, 168.692962646, 169.157363892, 169.59854126, 170.062942505, 170.52734375, 170.991744995, 171.45614624, 171.920547485, 172.384933472, 172.837722778, 173.290512085, 173.75491333, 174.219314575, 174.68371582, 175.148117065, 175.612518311, 176.076919556, 176.529708862, 176.982498169, 177.446884155, 177.9112854, 178.375686646, 178.816864014, 179.281265259, 179.745666504, 180.210067749, 180.674468994, 181.138870239, 181.603256226, 182.067657471, 182.532058716, 182.996459961, 183.460861206, 183.925262451, 184.389663696, 184.854049683, 185.306838989, 185.759628296, 186.224029541, 186.688430786, 187.152832031, 187.617233276, 188.081634521, 188.546035767, 189.010421753, 189.46321106, 189.927612305, 190.380401611, 190.844802856, 191.309204102, 191.773605347, 192.238006592, 192.702392578, 193.166793823, 193.631195068, 194.095596313, 194.559997559, 195.024398804, 195.488800049, 195.941589355, 196.405975342, 196.858764648, 197.323165894, 197.7759552, 198.228744507, 198.693145752, 199.157546997, 199.610336304, 200.06312561, 200.515914917, 200.968704224, 201.42149353, 201.874282837, 202.327072144, 202.77986145, 203.232650757, 203.673828125, 204.126617432, 204.5677948, 205.008972168, 205.450149536, 205.914550781, 206.378952026, 206.843353271, 207.296142578, 207.748931885, 208.21333313, 208.677734375, 209.130523682, 209.583312988, 210.036102295, 210.488891602, 210.941680908, 211.394470215, 211.858856201, 212.323257446, 212.764434814, 213.22883606, 213.693237305, 214.15763855, 214.598815918, 215.063217163, 215.527618408, 215.992019653, 216.45640564, 216.920806885, 217.373596191, 217.826385498, 218.279174805, 218.731964111, 219.184753418, 219.637542725, 220.10194397, 220.566345215, 221.019134521, 221.471923828, 221.936325073, 222.400726318, 222.853515625, 223.306304932, 223.770706177, 224.235092163, 224.68788147, 225.140670776, 225.593460083, 226.04624939, 226.510650635, 226.97505188, 227.439453125, 227.90385437, 228.356643677, 228.809432983, 229.273834229, 229.726623535, 230.179412842, 230.643798828, 231.108200073, 231.56098938, 232.013778687, 232.478179932, 232.930969238, 233.383758545, 233.836547852, 234.300949097, 234.753738403, 235.218139648, 235.659317017, 236.123718262, 236.588119507, 237.052505493, 237.516906738, 237.969696045, 238.422485352, 238.886886597, 239.328063965, 239.79246521, 240.233642578, 240.698043823, 241.15083313, 241.626846313, 242.091247559, 242.555648804, 243.02003479, 243.484436035, 243.937225342, 244.390014648, 244.854415894, 245.318817139, 245.783218384, 246.247619629, 246.712020874, 247.164810181, 247.617584229, 248.081985474, 248.546386719, 249.010787964, 249.475189209, 249.939590454, 250.403991699, 250.856781006, 251.309570312, 251.762359619, 252.215148926, 252.679534912, 253.143936157, 253.596725464, 254.049514771, 254.513916016, 254.978317261, 255.442718506, 255.907119751, 256.371520996, 256.835906982, 257.288696289, 257.741485596, 258.2059021, 258.670288086, 259.123077393, 259.575866699, 260.040252686, 260.493041992, 260.945831299, 261.387023926, 261.828216553, 262.269378662, 262.722167969, 263.174957275, 263.616149902, 264.068939209, 264.521728516, 264.974517822, 265.427307129, 265.891693115, 266.356109619, 266.808898926, 267.261688232, 267.726074219, 268.190460205, 268.643249512, 269.096038818, 269.560455322, 270.013244629, 270.466033936, 270.930419922, 271.394836426, 271.847625732, 272.300415039, 272.764801025, 273.229187012, 273.693603516, 274.146392822, 274.599182129, 275.051971436, 275.504760742, 275.969146729, 276.433563232, 276.897949219, 277.362365723, 277.815155029, 278.267944336, 278.732330322, 279.196716309, 279.649505615, 280.113922119, 280.566711426, 281.031097412, 281.495513916, 281.959899902, 282.424316406, 282.877105713, 283.32989502, 283.794281006, 284.258666992, 284.723083496, 285.175872803, 285.628662109, 286.069824219, 286.522613525, 286.975402832, 287.439819336, 287.892608643, 288.345397949, 288.798187256, 289.250976562, 289.703765869, 290.156555176, 290.609344482, 291.062133789, 291.526519775, 291.967712402, 292.420501709, 292.884887695, 293.337677002, 293.778869629, 294.208435059, 294.614776611, 295.067565918, 295.520355225, 295.961547852, 296.414337158, 296.867126465, 297.331512451, 297.795898438, 298.271911621, 298.771148682, 299.235565186, 299.711547852, 300.187561035, 300.651977539, 301.116363525, 301.592376709, 302.068389893, 302.532775879, 302.997192383, 303.461578369, 303.937591553, 304.413604736, 304.88961792, 305.377227783, 305.853240967, 306.317626953, 306.782043457, 307.258056641, 307.734039307, 308.198455811, 308.674468994, 309.150482178, 309.614868164, 310.07925415, 310.543670654, 311.019683838, 311.495697021, 311.960083008, 312.424468994, 312.888885498, 313.353271484, 313.817687988, 314.282073975, 314.758087158, 315.234100342, 315.698486328, 316.174499512, 316.638916016, 317.114929199, 317.579315186, 318.043701172, 318.508117676, 318.972503662, 319.436920166, 319.901306152, 320.365722656, 320.818511963, 321.282897949, 321.735687256, 322.200073242, 322.664489746, 323.128875732, 323.581665039, 324.034454346, 324.49887085, 324.963256836, 325.416046143, 325.868835449, 326.333221436, 326.786010742, 327.238800049, 327.703216553, 328.167602539, 328.632019043, 329.096405029, 329.560821533, 330.02520752, 330.489593506, 330.942382812, 331.395172119, 331.859588623, 332.323974609, 332.81161499, 333.276000977, 333.740386963, 334.204803467, 334.669189453, 335.133605957, 335.597991943, 336.062408447, 336.515197754, 336.967987061, 337.432373047, 337.896759033, 338.361175537, 338.825561523, 339.289978027, 339.754364014, 340.218780518, 340.683166504, 341.14755249, 341.611968994, 342.07635498, 342.540771484, 343.005157471, 343.469573975, 343.922363281, 344.386749268, 344.839538574, 345.303924561, 345.768341064, 346.244354248, 346.720367432, 347.184753418, 347.649139404, 348.113555908, 348.577941895, 349.042358398, 349.506744385, 349.971160889, 350.423950195, 350.876739502, 351.341125488, 351.805511475, 352.269927979, 352.734313965, 353.198730469, 353.663116455, 354.127532959, 354.591918945, 355.044708252, 355.497497559, 355.961883545, 356.426300049, 356.890686035, 357.355102539, 357.819488525, 358.283905029, 358.748291016, 359.212677002, 359.677093506, 360.129882812, 360.582672119, 361.047058105, 361.523071289, 361.975860596, 362.4402771, 362.904663086, 363.369049072, 363.810241699, 364.274627686, 364.739044189, 365.203430176, 365.656219482, 366.109008789, 366.573425293, 367.037811279, 367.490600586, 367.95501709, 368.419403076, 368.883789062, 369.336578369, 369.800994873, 370.265380859, 370.729797363, 371.170959473, 371.635375977, 372.11138916, 372.587371826, 373.05178833, 373.504577637, 373.968963623, 374.444976807, 374.886169434, 375.35055542, 375.814971924, 376.27935791, 376.732147217, 377.184936523, 377.63772583, 378.090515137, 378.554901123, 379.019317627, 379.483703613, 379.948120117, 380.412506104, 380.876922607, 381.341308594, 381.80569458, 382.270111084, 382.73449707, 383.198913574, 383.663299561, 384.127716064, 384.592102051, 385.044891357, 385.497680664, 385.96206665, 386.426483154, 386.902496338, 387.378509521, 387.842895508, 388.307281494, 388.771697998, 389.236083984, 389.700500488, 390.164886475, 390.629302979, 391.093688965, 391.558074951, 392.010864258, 392.475280762, 392.928070068, 393.380859375, 393.833648682, 394.309661865, 394.785675049, 395.250061035, 395.714447021, 396.190460205, 396.666473389, 397.142486572, 397.618499756, 398.082885742, 398.547302246, 399.000091553, 399.452880859, 399.905670166, 400.358459473, 400.799621582, 401.264038086, 401.728424072, 402.192840576, 402.657226562, 403.121612549, 403.586029053, 404.050415039, 404.514831543, 405.002441406, 405.466827393, 405.931243896, 406.395629883, 406.871643066, 407.34765625, 407.812042236, 408.27645874, 408.740844727, 409.21685791, 409.692871094, 410.168884277, 410.644897461, 411.120910645, 411.596893311, 412.072906494, 412.548919678, 413.036560059, 413.500946045, 413.965332031, 414.441345215, 414.917358398, 415.404968262, 415.869384766, 416.356994629, 416.833007812, 417.309020996, 417.773406982, 418.249420166, 418.72543335, 419.213043213, 419.700683594, 420.188293457, 420.67590332, 421.163543701, 421.639526367, 422.115539551, 422.591552734, 423.067565918, 423.543579102, 424.019592285, 424.507202148, 424.994812012, 425.459228516, 425.946838379, 426.434448242, 426.922088623, 427.398101807, 427.874084473, 428.350097656, 428.82611084, 429.302124023, 429.778137207, 430.254150391, 430.730163574, 431.20614624, 431.682159424, 432.169799805, 432.657409668, 433.145019531, 433.632659912, 434.120269775, 434.607879639, 435.083892822, 435.559906006, 436.047515869, 436.535125732, 437.022766113, 437.510375977, 437.98638916, 438.462402344, 438.950012207, 439.43762207, 439.913635254, 440.389648438, 440.865661621, 441.353271484, 441.829284668, 442.316894531, 442.804534912, 443.292144775, 443.779754639, 444.26739502, 444.743408203, 445.219390869, 445.683807373, 446.171417236, 446.63583374, 447.111816406, 447.58782959, 448.052246094, 448.539855957, 449.02746582, 449.503479004, 449.979492188, 450.443878174, 450.919891357, 451.395904541, 451.871917725, 452.347930908, 452.823944092, 453.299957275, 453.764343262, 454.228729248, 454.704742432, 455.180755615, 455.645172119, 456.121185303, 456.597167969, 457.061584473, 457.525970459, 458.001983643, 458.477996826, 458.95401001, 459.430023193, 459.917633057, 460.40524292, 460.892883301, 461.380493164, 461.856506348, 462.332519531, 462.808532715, 463.284515381, 463.772155762, 464.259765625, 464.747375488, 465.223388672, 465.699401855, 466.187011719, 466.663024902, 467.139038086, 467.603424072, 468.091064453, 468.578674316, 469.0546875, 469.530700684, 470.018310547, 470.49432373, 470.970336914, 471.4347229, 471.910736084, 472.386749268, 472.874359131, 473.350372314, 473.826385498, 474.290771484, 474.755187988, 475.231201172, 475.707214355, 476.183197021, 476.659210205, 477.135223389, 477.611236572, 478.087249756, 478.563262939, 479.039276123, 479.526885986, 480.01449585, 480.490509033, 480.954925537, 481.419311523, 481.895324707, 482.371337891, 482.847351074, 483.32333374, 483.799346924, 484.275360107, 484.739776611, 485.215759277, 485.691772461, 486.179412842, 486.667022705, 487.154632568, 487.630645752, 488.118255615, 488.605895996, 489.105102539, 489.6043396, 490.10357666, 490.602813721, 491.102020264, 491.601257324, 492.100494385], "beats_loudness": {"dmean2": 0.0233666040003, "median": 0.0315044671297, "min": 2.88358581457e-09, "dvar2": 0.000356552889571, "dvar": 0.00011792335863, "dmean": 0.0135891130194, "max": 0.0812138989568, "var": 0.000200200491236, "mean": 0.0315857604146}, "danceability": 1.23854422569, "bpm_histogram_second_peak_weight": {"dmean2": 0, "median": 0.0573847591877, "min": 0.0573847591877, "dvar2": 0, "dvar": 0, "dmean": 0, "max": 0.0573847591877, "var": 0, "mean": 0.0573847591877}, "beats_count": 1064, "bpm_histogram_second_peak_bpm": {"dmean2": 0, "median": 136, "min": 136, "dvar2": 0, "dvar": 0, "dmean": 0, "max": 136, "var": 0, "mean": 136}, "bpm_histogram_first_peak_spread": {"dmean2": 0, "median": 0.469957053661, "min": 0.469957053661, "dvar2": 0, "dvar": 0, "dmean": 0, "max": 0.469957053661, "var": 0, "mean": 0.469957053661}, "beats_loudness_band_ratio": {"dmean2": [0.41044908762, 0.190132915974, 0.145088970661, 0.154886543751, 0.13381703198, 0.15516127646], "median": [0.440050721169, 0.123582392931, 0.0826842114329, 0.0588230937719, 0.0741723179817, 0.1114134565], "min": [0.00369513267651, 7.9417048255e-05, 2.58613454207e-05, 5.99653794779e-05, 3.4888042137e-05, 2.75304682873e-05], "dvar2": [0.0922602117062, 0.0240200199187, 0.0194241963327, 0.0304201710969, 0.0173818171024, 0.0233239755034], "dvar": [0.0309260021895, 0.00839516334236, 0.00681543117389, 0.0104791875929, 0.00643271114677, 0.00836876127869], "dmean": [0.238919556141, 0.109706804156, 0.0844931006432, 0.0894675180316, 0.0777578726411, 0.0875451862812], "max": [0.995998978615, 0.679053604603, 0.645413398743, 0.771645307541, 0.646851539612, 0.800583124161], "var": [0.057403832674, 0.0112906014547, 0.00883756391704, 0.0142139466479, 0.0107439318672, 0.00895796343684], "mean": [0.456669032574, 0.1442412287, 0.107421509922, 0.105495125055, 0.103449851274, 0.135336756706]}}, "lowlevel": {"barkbands_spread": {"dmean2": 12.6938362122, "median": 33.2335662842, "min": 0.278402984142, "dvar2": 149.544631958, "dvar": 75.4146118164, "dmean": 8.49303817749, "max": 99.9691619873, "var": 289.720458984, "mean": 36.1001968384}, "melbands_spread": {"dmean2": 18.2793598175, "median": 35.5624656677, "min": 0.3598549366, "dvar2": 392.466094971, "dvar": 195.029022217, "dmean": 12.143573761, "max": 183.073684692, "var": 644.319702148, "mean": 40.1259002686}, "hfc": {"dmean2": 10.2107639313, "median": 23.7360191345, "min": 1.18979674076e-16, "dvar2": 184.99520874, "dvar": 84.0539550781, "dmean": 6.98393917084, "max": 170.915817261, "var": 376.163146973, "mean": 28.0301456451}, "barkbands_kurtosis": {"dmean2": 3.09810996056, "median": 0.00492775440216, "min": -1.86989283562, "dvar2": 44.7736434937, "dvar": 19.027349472, "dmean": 1.95097005367, "max": 225.394760132, "var": 38.1320877075, "mean": 1.57122957706}, "gfcc": {"mean": [20.4321613312, 33.00390625, -103.031158447, 31.6312942505, -65.2660064697, 10.5420303345, -39.0512924194, 2.29321146011, -25.6853351593, 3.56826663017, -21.3302211761, 2.07766103745, -13.2024383545], "icov": [[0.000176711851964, -0.000251634890446, 0.000204862211831, -0.000153932749527, 0.000295458099572, -0.000591597694438, 0.000650478585158, -0.000773874809965, 0.00106287060771, -0.0012155942386, 0.00107437570114, -0.000509153818712, 0.000401382159907], [-0.000251634890446, 0.00175204547122, -0.000426120503107, 8.07435499155e-05, -0.000478985661175, 0.000112179135613, -0.000360487174476, 0.00150674337056, -0.00248739868402, 0.00330710224807, -0.00257908180356, 0.00166918174364, -0.000435801543063], [0.000204862211831, -0.000426120503107, 0.00207687029615, -0.00171517988201, 0.000488806224894, 0.000960282748565, -0.00232163467444, 0.00112028128933, 0.000852048455272, -0.003905225778, 0.00348711921833, -0.00219877692871, 0.000988643732853], [-0.000153932749527, 8.07435499155e-05, -0.00171517988201, 0.00393425347283, -0.00112635700498, -6.33926392766e-05, 0.00129594700411, -0.00141800416168, 0.000655107782222, 0.00259881606326, -0.00292458245531, 0.00249131559394, -0.00105191231705], [0.000295458099572, -0.000478985661175, 0.000488806224894, -0.00112635700498, 0.00545648811385, -0.00532375322655, 0.00160965323448, -0.00109311263077, -0.000397051422624, 0.00100200274028, -0.000108914042357, -0.000708515115548, 0.000686710583977], [-0.000591597694438, 0.000112179135613, 0.000960282748565, -6.33926392766e-05, -0.00532375322655, 0.0169584173709, -0.0127406669781, 0.00701955193654, -0.00344254402444, -0.00420251721516, 0.0046906080097, -0.00382648338564, -0.000450796505902], [0.000650478585158, -0.000360487174476, -0.00232163467444, 0.00129594700411, 0.00160965323448, -0.0127406669781, 0.0261662788689, -0.0175723712891, 0.00680515030399, 0.00448969611898, -0.00926304701716, 0.00797953363508, -0.00247169844806], [-0.000773874809965, 0.00150674337056, 0.00112028128933, -0.00141800416168, -0.00109311263077, 0.00701955193654, -0.0175723712891, 0.0292429383844, -0.015983985737, 0.00240732054226, 0.00448723370209, -0.00594519032165, 0.00096983986441], [0.00106287060771, -0.00248739868402, 0.000852048455272, 0.000655107782222, -0.000397051422624, -0.00344254402444, 0.00680515030399, -0.015983985737, 0.0303925871849, -0.0209690891206, 0.00684992130846, 0.00330486195162, -0.00463007437065], [-0.0012155942386, 0.00330710224807, -0.003905225778, 0.00259881606326, 0.00100200274028, -0.00420251721516, 0.00448969611898, 0.00240732054226, -0.0209690891206, 0.0391883254051, -0.0239358562976, 0.00839264597744, 0.000703783473], [0.00107437570114, -0.00257908180356, 0.00348711921833, -0.00292458245531, -0.000108914042357, 0.0046906080097, -0.00926304701716, 0.00448723370209, 0.00684992130846, -0.0239358562976, 0.0381972640753, -0.0244225207716, 0.010694405064], [-0.000509153818712, 0.00166918174364, -0.00219877692871, 0.00249131559394, -0.000708515115548, -0.00382648338564, 0.00797953363508, -0.00594519032165, 0.00330486195162, 0.00839264597744, -0.0244225207716, 0.0336523987353, -0.0160846039653], [0.000401382159907, -0.000435801543063, 0.000988643732853, -0.00105191231705, 0.000686710583977, -0.000450796505902, -0.00247169844806, 0.00096983986441, -0.00463007437065, 0.000703783473, 0.010694405064, -0.0160846039653, 0.0214837025851]], "cov": [[14219.7871094, 759.752563477, -1016.40258789, -127.71081543, -353.938812256, 205.019104004, -357.243133545, 18.5475578308, -176.618225098, 115.72744751, -271.650604248, -81.7777175903, -203.916488647], [759.752563477, 829.983520508, 57.0431632996, 87.0873718262, 88.258895874, 46.6901054382, 5.69276857376, -21.5309925079, 12.0838422775, -32.7471008301, -6.51355648041, -35.623008728, -15.68471241], [-1016.40258789, 57.0431632996, 1080.1373291, 373.413482666, -20.7948913574, -29.0832309723, 88.7335205078, 4.8814368248, 11.689081192, 51.2199745178, 15.1298599243, -9.23258590698, -14.8355941772], [-127.71081543, 87.0873718262, 373.413482666, 445.641693115, 72.1020584106, 6.89866781235, 30.9538421631, 5.68734502792, -21.2594337463, -15.2831516266, 2.7767033577, -13.7451248169, -5.82072353363], [-353.938812256, 88.258895874, -20.7948913574, 72.1020584106, 357.855895996, 145.497283936, 66.7499923706, 29.3772792816, 35.9534454346, -4.90314769745, 12.9302825928, 15.5428142548, 23.9674186707], [205.019104004, 46.6901054382, -29.0832309723, 6.89866781235, 145.497283936, 170.509552002, 75.6299743652, 32.002872467, 32.9180335999, 19.9463844299, 3.5675110817, 11.7373094559, 18.4291477203], [-357.243133545, 5.69276857376, 88.7335205078, 30.9538421631, 66.7499923706, 75.6299743652, 123.575439453, 57.1985435486, 23.579782486, 5.47754001617, 16.4518966675, 4.09799575806, 15.0915765762], [18.5475578308, -21.5309925079, 4.8814368248, 5.68734502792, 29.3772792816, 32.002872467, 57.1985435486, 90.8970413208, 50.9820899963, 17.5570907593, -2.30766034126, 4.94074058533, 16.7404632568], [-176.618225098, 12.0838422775, 11.689081192, -21.2594337463, 35.9534454346, 32.9180335999, 23.579782486, 50.9820899963, 103.903564453, 52.7217178345, 6.04197597504, -4.09378051758, 16.512046814], [115.72744751, -32.7471008301, 51.2199745178, -15.2831516266, -4.90314769745, 19.9463844299, 5.47754001617, 17.5570907593, 52.7217178345, 90.3767700195, 41.4584274292, 8.88494491577, -11.1028137207], [-271.650604248, -6.51355648041, 15.1298599243, 2.7767033577, 12.9302825928, 3.5675110817, 16.4518966675, -2.30766034126, 6.04197597504, 41.4584274292, 92.5729064941, 47.4194335938, -4.59424352646], [-81.7777175903, -35.623008728, -9.23258590698, -13.7451248169, 15.5428142548, 11.7373094559, 4.09799575806, 4.94074058533, -4.09378051758, 8.88494491577, 47.4194335938, 82.9154586792, 37.8545417786], [-203.916488647, -15.68471241, -14.8355941772, -5.82072353363, 23.9674186707, 18.4291477203, 15.0915765762, 16.7404632568, 16.512046814, -11.1028137207, -4.59424352646, 37.8545417786, 85.5879745483]]}, "spectral_energyband_middle_low": {"dmean2": 0.00860511139035, "median": 0.00581059185788, "min": 1.68679325329e-22, "dvar2": 0.000229400291573, "dvar": 8.62296146806e-05, "dmean": 0.00521059613675, "max": 0.100398868322, "var": 9.21847095015e-05, "mean": 0.00848353840411}, "melbands_crest": {"dmean2": 5.83207082748, "median": 11.3226509094, "min": 2.02636480331, "dvar2": 26.9940700531, "dvar": 10.963391304, "dmean": 3.62153768539, "max": 39.9006462097, "var": 30.8188171387, "mean": 12.5104923248}, "spectral_kurtosis": {"dmean2": 0.920248389244, "median": 1.95025920868, "min": -1.22374677658, "dvar2": 3.01215720177, "dvar": 1.43048810959, "dmean": 0.574700653553, "max": 89.2983551025, "var": 4.1203956604, "mean": 2.30480718613}, "spectral_rms": {"dmean2": 0.00128838943783, "median": 0.00414000404999, "min": 3.21354921839e-12, "dvar2": 2.47592129199e-06, "dvar": 1.16398427963e-06, "dmean": 0.000873748329468, "max": 0.0106215020642, "var": 3.34589071826e-06, "mean": 0.00420882180333}, "zerocrossingrate": {"dmean2": 0.0188680272549, "median": 0.10693359375, "min": 0.0009765625, "dvar2": 0.000310785515467, "dvar": 0.000255213410128, "dmean": 0.0166103765368, "max": 0.50048828125, "var": 0.00203163968399, "mean": 0.115177698433}, "silence_rate_60dB": {"dmean2": 0.0488264672458, "median": 0, "min": 0, "dvar2": 0.0576618798077, "dvar": 0.0238261874765, "dmean": 0.0244120843709, "max": 1, "var": 0.0587521120906, "mean": 0.0626767203212}, "erbbands_kurtosis": {"dmean2": 1.18683958054, "median": -0.318374633789, "min": -1.80436944962, "dvar2": 3.56623840332, "dvar": 1.43805086613, "dmean": 0.749709069729, "max": 46.5666160583, "var": 3.06695508957, "mean": 0.00383574026637}, "erbbands": {"dmean2": [0.0379434488714, 0.812518775463, 4.17650413513, 7.28957080841, 13.0235853195, 11.3568811417, 9.13354301453, 14.5162601471, 18.1192569733, 11.0940380096, 14.8266267776, 23.2124080658, 21.4617023468, 29.1840953827, 27.1007900238, 35.8434333801, 30.7232017517, 28.3937778473, 39.2290725708, 28.9638729095, 44.6578063965, 24.5828304291, 16.7232112885, 17.7601013184, 14.4761066437, 13.8790197372, 11.727935791, 8.95250320435, 11.4813671112, 6.19511365891, 3.6441924572, 2.86405658722, 1.39186108112, 1.11945068836, 0.836151540279, 0.339225590229, 0.114184379578, 0.022812910378, 0.00286989170127, 9.70603869064e-05], "median": [0.012193265371, 0.153061032295, 0.50979757309, 1.15608286858, 2.68786811829, 3.72249221802, 3.67145109177, 5.87671947479, 6.91105937958, 5.35622739792, 6.25915288925, 6.87055969238, 5.95358324051, 6.19193840027, 6.90725708008, 6.87993621826, 7.81114816666, 8.54532909393, 8.70971775055, 10.2004957199, 11.0397262573, 8.2915687561, 8.04051399231, 11.1147899628, 6.91898059845, 10.8642272949, 13.6363201141, 11.0795612335, 14.0257015228, 9.05056095123, 5.84308338165, 4.69137954712, 2.35981369019, 1.70562314987, 0.915738105774, 0.310415416956, 0.101093545556, 0.0195877552032, 0.00250216014683, 0.000112420268124], "min": [1.99385787814e-21, 7.7549167935e-21, 1.50595710684e-20, 3.25735065676e-20, 4.3072283235e-20, 7.59052143222e-20, 2.1138056424e-19, 1.58524007442e-19, 3.56630933639e-19, 4.02748734331e-19, 7.04253094926e-19, 6.34044537773e-19, 2.10756934682e-18, 1.86098825378e-18, 2.08528820305e-18, 2.44391339159e-18, 4.49004348483e-18, 1.02810088083e-17, 7.56162028446e-18, 5.13914824152e-18, 9.99775238803e-18, 1.12938906412e-17, 1.26893310996e-17, 1.60986420211e-17, 1.42824098219e-17, 2.04410854653e-17, 1.3819216803e-17, 1.80116146472e-17, 1.81168568366e-17, 1.59897089518e-17, 1.76278508195e-17, 1.4057539118e-17, 1.39320657452e-17, 1.49666106112e-17, 9.2279648751e-18, 5.80253716662e-18, 3.76527693109e-18, 1.40720027846e-18, 3.14112273341e-19, 3.33630956988e-20], "dvar2": [0.0049626599066, 3.35937380791, 89.6349411011, 234.703536987, 798.909484863, 434.095611572, 300.311798096, 622.647705078, 1185.75048828, 424.898345947, 1218.49389648, 4147.68164062, 3581.27319336, 6475.60986328, 5936.81347656, 12419.1503906, 7045.00097656, 5614.93847656, 11206.4326172, 7382.21289062, 25912.5097656, 4127.73925781, 1412.01794434, 1336.00549316, 1213.28967285, 737.984619141, 294.756866455, 217.823776245, 209.68788147, 67.6005096436, 23.3042583466, 10.4647493362, 2.69930529594, 1.60921871662, 0.982571899891, 0.170692756772, 0.0198134705424, 0.000809662218671, 1.30962780531e-05, 1.42310492279e-08], "dvar": [0.00205496721901, 1.3220076561, 36.1801261902, 88.7195205688, 283.52432251, 163.324737549, 109.969688416, 233.826858521, 494.145202637, 165.502151489, 580.915527344, 2138.29223633, 1569.01489258, 2970.0012207, 2599.74584961, 5090.27929688, 3218.85791016, 2320.93017578, 4597.27246094, 3337.60791016, 10545.7109375, 1881.9263916, 582.262634277, 522.857055664, 508.714935303, 287.278106689, 120.378578186, 88.9044418335, 84.1192550659, 28.1561660767, 9.94297409058, 4.62957811356, 1.26967096329, 0.795140743256, 0.471187740564, 0.0786474794149, 0.00914028380066, 0.000385833060136, 6.35096921542e-06, 7.14418435521e-09], "dmean": [0.024322617799, 0.499194324017, 2.50702834129, 4.32226800919, 7.38885498047, 6.70091724396, 5.3757648468, 8.54967880249, 11.1292667389, 6.78838300705, 9.399477005, 15.6083555222, 13.6135749817, 18.6728000641, 17.2830810547, 22.720790863, 19.7526874542, 17.751953125, 24.7272853851, 18.5432281494, 28.7242984772, 15.9189786911, 10.5619573593, 11.0626411438, 9.1071434021, 8.67827510834, 7.38703012466, 5.76360464096, 7.1583738327, 3.95912051201, 2.33708357811, 1.85788714886, 0.950332701206, 0.765404045582, 0.560156345367, 0.221689715981, 0.0746656283736, 0.0152514409274, 0.00195065012667, 6.72972455504e-05], "max": [0.784627139568, 14.1285676956, 57.3776664734, 115.908187866, 185.319564819, 180.148803711, 198.831726074, 324.283538818, 876.472106934, 359.336608887, 1101.46142578, 1626.99145508, 1022.74615479, 1520.81518555, 2013.33276367, 2491.84863281, 2384.87158203, 1459.03649902, 1927.86413574, 1929.84411621, 3064.52709961, 2323.91259766, 944.141723633, 730.190124512, 1412.75537109, 361.640228271, 190.918899536, 226.501800537, 173.671707153, 94.7978439331, 69.7918243408, 57.0072746277, 33.1197090149, 13.9924983978, 12.7171897888, 4.61941099167, 1.21004259586, 0.285514086485, 0.0350587591529, 0.00122772553004], "var": [0.00289519759826, 1.29411494732, 31.0777015686, 73.706741333, 211.550827026, 153.591583252, 109.937759399, 309.7394104, 983.147949219, 395.600341797, 1599.63659668, 6327.12695312, 3836.99194336, 7981.74853516, 8505.11328125, 19734.3144531, 11058.2060547, 4793.13232422, 9129.2421875, 6390.79443359, 32509.4433594, 5665.44775391, 1190.7111816