{"tonal": {"thpcp": [1, 0.961089670658, 0.820948004723, 0.718336760998, 0.595447003841, 0.527985394001, 0.511215984821, 0.445502251387, 0.491037487984, 0.602384388447, 0.538869082928, 0.558507621288, 0.686838746071, 0.571701467037, 0.380569756031, 0.328024476767, 0.285361737013, 0.285724252462, 0.375177025795, 0.461306065321, 0.594072461128, 0.71175545454, 0.60802334547, 0.475253075361, 0.465440392494, 0.452188014984, 0.505653440952, 0.585209727287, 0.491031974554, 0.38524672389, 0.403820514679, 0.351517170668, 0.316467672586, 0.384475469589, 0.480726420879, 0.744492053986], "hpcp": {"dmean2": [0.267063170671, 0.265977740288, 0.282486617565, 0.303502976894, 0.265193790197, 0.198547273874, 0.182694405317, 0.159828171134, 0.168448790908, 0.203579694033, 0.252311080694, 0.320900768042, 0.393141418695, 0.433786213398, 0.43953153491, 0.477494001389, 0.439518928528, 0.330779880285, 0.286809772253, 0.268395900726, 0.271476894617, 0.274620056152, 0.270173996687, 0.29154714942, 0.282946139574, 0.245158568025, 0.201204687357, 0.184908986092, 0.152113571763, 0.144731029868, 0.176036477089, 0.214924931526, 0.260176837444, 0.301352977753, 0.281006753445, 0.277423888445], "median": [0.0560451894999, 0.0600943565369, 0.0789563059807, 0.100866414607, 0.0820963233709, 0.0563915558159, 0.0396467521787, 0.0380273684859, 0.0434658117592, 0.0515471473336, 0.0811725109816, 0.164307832718, 0.23896291852, 0.22956712544, 0.160721808672, 0.11537220329, 0.0790537893772, 0.0823672413826, 0.0726178511977, 0.0651289746165, 0.0635962486267, 0.0674751698971, 0.0790453329682, 0.094080939889, 0.100928276777, 0.0770428180695, 0.0547243915498, 0.0402147546411, 0.0378532111645, 0.0394675731659, 0.0529007948935, 0.0682321190834, 0.101151376963, 0.122813463211, 0.0968472957611, 0.0669418722391], "min": [0, 0, 0, 0, 0, 0, 0, 0, 0, 0, 0, 0, 0, 0, 0, 0, 0, 0, 0, 0, 0, 0, 0, 0, 0, 0, 0, 0, 0, 0, 0, 0, 0, 0, 0, 0], "dvar2": [0.126391142607, 0.120818071067, 0.111950904131, 0.125131502748, 0.101078912616, 0.0670294836164, 0.0701817646623, 0.0535465814173, 0.0569850131869, 0.0773245468736, 0.0891709253192, 0.110684409738, 0.129456207156, 0.155420795083, 0.172393217683, 0.21127589047, 0.223290547729, 0.147050902247, 0.125429436564, 0.119573689997, 0.126100361347, 0.122996874154, 0.117603242397, 0.122034102678, 0.110293053091, 0.0896112397313, 0.0732290148735, 0.0762111023068, 0.0524975657463, 0.0489087440073, 0.0638979151845, 0.0763150304556, 0.0936732813716, 0.121639080346, 0.110470697284, 0.127876669168], "dvar": [0.0485562831163, 0.0446548834443, 0.0422470569611, 0.0482080690563, 0.0387293994427, 0.0258601754904, 0.0283165741712, 0.0205180514604, 0.0212287791073, 0.0295786280185, 0.0338986031711, 0.0422711446881, 0.0556359216571, 0.0644904747605, 0.0695846900344, 0.0787015035748, 0.0809500291944, 0.0537355951965, 0.0474939532578, 0.0438117235899, 0.0468918196857, 0.0493868030608, 0.0443742871284, 0.0465592332184, 0.0467404387891, 0.0376697815955, 0.0274459589273, 0.0283115040511, 0.0204402469099, 0.0186131130904, 0.0242866650224, 0.0295115653425, 0.0378382764757, 0.0494296140969, 0.0450582206249, 0.0468839854002], "dmean": [0.150898590684, 0.150883421302, 0.161279708147, 0.177385643125, 0.154285565019, 0.115665979683, 0.10693000257, 0.0938512161374, 0.0977689325809, 0.11697178334, 0.145496308804, 0.190892323852, 0.233887344599, 0.257061511278, 0.258447319269, 0.265357971191, 0.24085098505, 0.185706913471, 0.162415996194, 0.151023030281, 0.155856952071, 0.158334538341, 0.155879199505, 0.169182360172, 0.167734161019, 0.144633442163, 0.115662924945, 0.1052082479, 0.0875685960054, 0.0844973102212, 0.103930838406, 0.126256853342, 0.155061289668, 0.179079338908, 0.165016576648, 0.157465666533], "max": [1, 1, 1, 1, 1, 1, 1, 1, 1, 1, 1, 1, 1, 1, 1, 1, 1, 1, 1, 1, 1, 1, 1, 1, 1, 1, 1, 1, 1, 1, 1, 1, 1, 1, 1, 1], "var": [0.0595970787108, 0.0504272915423, 0.0506697148085, 0.0619847439229, 0.0475372374058, 0.0333121828735, 0.0505659095943, 0.0376678444445, 0.0260767154396, 0.0383437462151, 0.0461592227221, 0.0681494697928, 0.10046350956, 0.0952218174934, 0.0902345776558, 0.0848527103662, 0.0745278671384, 0.0568981654942, 0.0565640479326, 0.0459367968142, 0.0550383962691, 0.0817525908351, 0.0606000199914, 0.0574983693659, 0.0860795527697, 0.069796435535, 0.034860573709, 0.0323099382222, 0.0259010884911, 0.0249045304954, 0.0370963253081, 0.0480372905731, 0.0629867687821, 0.0837342217565, 0.0687352269888, 0.0511737726629], "mean": [0.161245539784, 0.156654432416, 0.175176814198, 0.202738001943, 0.170111402869, 0.133463531733, 0.13989816606, 0.1217783764, 0.109635949135, 0.133196339011, 0.166541174054, 0.257919222116, 0.346436500549, 0.332956552505, 0.284406363964, 0.248858064413, 0.206284567714, 0.182913407683, 0.177103877068, 0.154338240623, 0.170113310218, 0.2086879462, 0.186683923006, 0.193487420678, 0.237946018577, 0.198058262467, 0.13184325397, 0.113639652729, 0.0988597199321, 0.0989853069186, 0.129975020885, 0.159813255072, 0.205808386207, 0.246578067541, 0.210641488433, 0.164645016193]}, "tuning_equal_tempered_deviation": 0.0888651609421, "chords_changes_rate": 0.0766686722636, "key_key": "C#", "tuning_diatonic_strength": 0.505792975426, "key_scale": "major", "chords_number_rate": 0.00270595308393, "tuning_frequency": 439.238189697, "tuning_nontempered_energy_ratio": 0.835587799549, "chords_histogram": [21.1364994049, 0.330727607012, 2.52555632591, 0.962116658688, 0, 4.35959100723, 1.50330722332, 0.150330722332, 0, 0.390859901905, 0.360793739557, 0.030066145584, 0.330727607012, 0, 0, 1.77390253544, 15.5441970825, 24.0228500366, 0.571256756783, 0.030066145584, 0, 0, 2.16476249695, 23.8123874664], "key_strength": 0.514314889908, "chords_key": "C#", "chords_strength": {"dmean2": 0.0164955146611, "median": 0.536887466908, "min": -1, "dvar2": 0.00137987430207, "dvar": 0.000707155326381, "dmean": 0.0131044350564, "max": 0.812925994396, "var": 0.0590783916414, "mean": 0.510627448559}, "chords_scale": "minor", "hpcp_entropy": {"dmean2": 1.04213416576, "median": 2.47787189484, "min": 0, "dvar2": 0.754363298416, "dvar": 0.266242176294, "dmean": 0.615692913532, "max": 4.58854389191, "var": 0.700565516949, "mean": 2.4280860424}}, "metadata": {"audio_properties": {"equal_loudness": 0, "codec": "flac", "downmix": "mix", "sample_rate": 44100, "analysis_sample_rate": 44100, "bit_rate": 0, "md5_encoded": "0f3715cc1b155d4424d8a4ce05460620", "length": 154.373336792, "replay_gain": -11.716588974, "lossless": true}, "version": {"essentia_build_sha": "2d9f1f26377add8aeb1075a9c2973f962c4f09fd", "essentia": "2.1-beta2", "extractor": "music 1.0", "essentia_git_sha": "v2.1_beta2-1-ge3940c0"}, "tags": {"title": ["Swingtime In The Rockies"], "barcode": ["4011222054067"], "media": ["CD"], "albumartist": ["Benny Goodman"], "tracktotal": ["17"], "musicbrainz_releasegroupid": ["7eeaeb91-f9ca-34ab-b397-a82714f2a104"], "releasetype": ["album", "live"], "musicbrainz_recordingid": ["1a53b14e-7a6b-4f82-ad07-f5ee28ec3f64"], "musicbrainz_albumartistid": ["b09ae88f-4156-4caa-b129-1cacb5e1632e"], "discnumber": ["2"], "album": ["The Famous Carnegie Hall Jazz Concert 1938 (Disc2)"], "catalognumber": ["205406-304"], "releasecountry": ["DE"], "file_name": "03 - Swingtime In The Rockies.flac", "originaldate": ["2001"], "date": ["2001"], "genre": ["Jazz"], "disctotal": ["2"], "musicbrainz_artistid": ["b09ae88f-4156-4caa-b129-1cacb5e1632e"], "asin": ["B00005OB2L"], "musicbrainz_albumid": ["c6813f5d-544b-4e52-8834-ace9958b73fc"], "artist": ["Benny Goodman"], "artistsort": ["Goodman, Benny"], "tracknumber": ["3"], "label": ["The International Music Company"], "albumartistsort": ["Goodman, Benny"], "acoustid_id": ["0ee72eda-9a2b-4b0e-99c6-be684a4ccc53"], "script": ["Latn"], "releasestatus": ["official"]}}, "rhythm": {"bpm_histogram_first_peak_bpm": {"dmean2": 0, "median": 133, "min": 133, "dvar2": 0, "dvar": 0, "dmean": 0, "max": 133, "var": 0, "mean": 133}, "bpm": 133.21182251, "bpm_histogram_second_peak_spread": {"dmean2": 0, "median": 0.457627117634, "min": 0.457627117634, "dvar2": 0, "dvar": 0, "dmean": 0, "max": 0.457627117634, "var": 0, "mean": 0.457627117634}, "bpm_histogram_first_peak_weight": {"dmean2": 0, "median": 0.258823543787, "min": 0.258823543787, "dvar2": 0, "dvar": 0, "dmean": 0, "max": 0.258823543787, "var": 0, "mean": 0.258823543787}, "onset_rate": 3.67900729179, "beats_position": [0.371519267559, 0.743038535118, 1.10294783115, 1.47446703911, 1.83437633514, 2.20589566231, 2.57741498947, 2.92571425438, 3.34367346764, 3.75002264977, 4.15637159348, 4.59755086899, 5.0387301445, 5.47990942001, 5.94430828094, 6.40870714188, 6.86149644852, 7.31428575516, 7.75546455383, 8.19664382935, 8.64943313599, 9.10222244263, 9.55501079559, 10.0078001022, 10.47219944, 10.9365987778, 11.3893871307, 11.8421764374, 12.294965744, 12.7477550507, 13.2121543884, 13.6765527725, 14.1409521103, 14.6053514481, 15.0581407547, 15.5109291077, 15.9753284454, 16.4397277832, 16.904127121, 17.3801364899, 17.8677539825, 18.3669834137, 18.877822876, 19.3422222137, 19.8066215515, 20.2710208893, 20.7470283508, 21.2114276886, 21.6642169952, 22.128616333, 22.5581855774, 22.9877548218, 23.4173240662, 23.8933334351, 24.369342804, 24.8453502655, 25.3213596344, 25.7973690033, 26.2501583099, 26.7493877411, 27.22539711, 27.7014045715, 28.1774139404, 28.5953731537, 29.0249423981, 29.4661216736, 29.9073009491, 30.3484802246, 30.7896595001, 31.2076187134, 31.6487979889, 32.0899772644, 32.5311546326, 32.9723358154, 33.4135131836, 33.8546943665, 34.2958717346, 34.7370529175, 35.1898422241, 35.6426315308, 36.0838088989, 36.5249862671, 36.96616745, 37.3841247559, 37.8136940002, 38.2548751831, 38.6960525513, 39.1488418579, 39.5900230408, 40.0312004089, 40.4839897156, 40.9483909607, 41.4243965149, 41.88879776, 42.3531951904, 42.8175964355, 43.2703857422, 43.7231750488, 44.1875724792, 44.6403617859, 45.0931510925, 45.5575485229, 46.0219497681, 46.4863471985, 46.9507484436, 47.415145874, 47.8795471191, 48.3439445496, 48.80834198, 49.2727432251, 49.7603607178, 50.2595901489, 50.7472114563, 51.2232208252, 51.6876182556, 52.152015686, 52.6048049927, 53.0575942993, 53.510383606, 53.9631729126, 54.4043540955, 54.8571434021, 55.3215408325, 55.7743301392, 56.2271194458, 56.7031288147, 57.1907463074, 57.6783676147, 58.2240333557, 58.7813148499, 59.4430847168, 60.0351905823, 60.6273002625, 61.2310180664, 61.8231277466, 62.4152374268, 63.0189552307, 63.5994529724, 64.1915664673, 64.7836685181, 65.3757781982, 65.8401794434, 66.3045806885, 66.7573699951, 67.2101593018, 67.6629486084, 68.115737915, 68.5685272217, 69.0213165283, 69.474105835, 69.9152832031, 70.3564605713, 70.7976379395, 71.2504272461, 71.7032165527, 72.1560058594, 72.608795166, 73.0615844727, 73.5027618408, 73.9555511475, 74.4083404541, 74.8611297607, 75.3139190674, 75.766708374, 76.2078933716, 76.6490707397, 77.1018600464, 77.554649353, 78.0190429688, 78.4834442139, 78.9014053345, 79.3309707642, 79.7373199463, 80.1668930054, 80.584854126, 80.9912033081, 81.4091567993, 81.8271179199, 82.256690979, 82.6862564087, 83.0926055908, 83.5453948975, 84.0097961426, 84.4741897583, 84.9153747559, 85.356552124, 85.8093414307, 86.2621307373, 86.7149200439, 87.1677093506, 87.6088867188, 88.0500640869, 88.5028533936, 88.9556427002, 89.4084320068, 89.8612213135, 90.3023986816, 90.7551879883, 91.1963729858, 91.637550354, 92.0903396606, 92.5199050903, 92.9494781494, 93.36743927, 93.7970046997, 94.2265777588, 94.6561431885, 95.0741043091, 95.5036697388, 95.9448471069, 96.374420166, 96.8155975342, 97.2567749023, 97.709564209, 98.1507492065, 98.5919265747, 99.0331039429, 99.4858932495, 99.9270706177, 100.379859924, 100.832649231, 101.26222229, 101.703399658, 102.132965088, 102.562538147, 102.980499268, 103.398452759, 103.816413879, 104.234375, 104.652336121, 105.070289612, 105.488250732, 105.906211853, 106.324172974, 106.742126465, 107.171699524, 107.589660645, 108.019226074, 108.448799133, 108.889976501, 109.342765808, 109.783943176, 110.236732483, 110.68952179, 111.142311096, 111.595100403, 112.036277771, 112.477455139, 112.930244446, 113.383033752, 113.82421875, 114.277008057, 114.729797363, 115.194190979, 115.658592224, 116.134597778, 116.610610962, 117.086616516, 117.539405823, 117.992195129, 118.444984436, 118.886169434, 119.327346802, 119.76852417, 120.209701538, 120.650878906, 121.092063904, 121.54485321, 121.986030579, 122.438819885, 122.879997253, 123.33278656, 123.773963928, 124.215148926, 124.667930603, 125.109115601, 125.550292969, 125.991470337, 126.444259644, 126.873832703, 127.315010071, 127.7445755, 128.185760498, 128.615325928, 129.033279419, 129.462860107, 129.904037476, 130.345214844, 130.774780273, 131.215957642, 131.65713501, 132.109924316, 132.562713623, 133.01550293, 133.456680298, 133.909469604, 134.350662231, 134.815048218, 135.256240845, 135.697418213, 136.15020752, 136.602996826, 137.044174194, 137.485351563, 137.926528931, 138.367706299, 138.820495605, 139.261672974, 139.691238403, 140.109207153, 140.538772583, 140.968338013, 141.397918701, 141.827484131, 142.245437622, 142.663391113, 143.10458374, 143.545761108, 143.986938477, 144.428115845, 144.869293213, 145.32208252, 145.728439331, 146.134780884, 146.541137695, 146.959091187, 147.377044678, 147.783401489, 148.189743042, 148.596099854, 148.979232788, 149.362350464, 149.745483398, 150.209884644, 150.709106445, 151.208343506, 151.695953369, 152.19519043, 152.682815552, 153.182037354, 153.681274414], "beats_loudness": {"dmean2": 0.0161044988781, "median": 0.0149390855804, "min": 0, "dvar2": 0.00027908582706, "dvar": 0.000104654471215, "dmean": 0.00980623159558, "max": 0.0624696239829, "var": 0.000229794590268, "mean": 0.0187295153737}, "danceability": 0.990610778332, "bpm_histogram_second_peak_weight": {"dmean2": 0, "median": 0.0941176488996, "min": 0.0941176488996, "dvar2": 0, "dvar": 0, "dmean": 0, "max": 0.0941176488996, "var": 0, "mean": 0.0941176488996}, "beats_count": 341, "bpm_histogram_second_peak_bpm": {"dmean2": 0, "median": 140, "min": 140, "dvar2": 0, "dvar": 0, "dmean": 0, "max": 140, "var": 0, "mean": 140}, "bpm_histogram_first_peak_spread": {"dmean2": 0, "median": 0.590697646141, "min": 0.590697646141, "dvar2": 0, "dvar": 0, "dmean": 0, "max": 0.590697646141, "var": 0, "mean": 0.590697646141}, "beats_loudness_band_ratio": {"dmean2": [0.279988437891, 0.164554804564, 0.0671326890588, 0.222787171602, 0.219867035747, 0.0296337604523], "median": [0.24943806231, 0.0854837223887, 0.0460720025003, 0.205878272653, 0.229804381728, 0.0124350301921], "min": [0, 0, 0, 0, 0, 0], "dvar2": [0.0768808200955, 0.0300881750882, 0.00464426539838, 0.0444838032126, 0.0399183779955, 0.00153853814118], "dvar": [0.0287783928216, 0.0107656735927, 0.00172661524266, 0.0165562983602, 0.0143692521378, 0.000540163251571], "dmean": [0.16798697412, 0.0967839062214, 0.0394689068198, 0.133373245597, 0.127737656236, 0.0165599752218], "max": [0.943887889385, 0.768637657166, 0.284616023302, 0.725172519684, 0.807399511337, 0.210640117526], "var": [0.0594905018806, 0.0173659417778, 0.00217503798194, 0.0310661457479, 0.0318595729768, 0.000591229530983], "mean": [0.317780554295, 0.133666917682, 0.0588431768119, 0.237013444304, 0.242045119405, 0.0209407117218]}}, "lowlevel": {"barkbands_spread": {"dmean2": 7.41746854782, "median": 19.200214386, "min": 0.00306500168517, "dvar2": 46.4083518982, "dvar": 20.8615646362, "dmean": 4.72839450836, "max": 77.8952331543, "var": 90.9714126587, "mean": 19.0377216339}, "melbands_spread": {"dmean2": 12.8683309555, "median": 32.6526870728, "min": 1.2496808921e-08, "dvar2": 155.355682373, "dvar": 68.4534683228, "dmean": 8.20121479034, "max": 162.576782227, "var": 635.053161621, "mean": 34.276309967}, "hfc": {"dmean2": 8.03871536255, "median": 6.48333120346, "min": 1.0659306792e-16, "dvar2": 144.538772583, "dvar": 75.278503418, "dmean": 5.65504741669, "max": 173.229431152, "var": 467.581756592, "mean": 17.238199234}, "barkbands_kurtosis": {"dmean2": 3.5925681591, "median": 0.265239208937, "min": -1.86680233479, "dvar2": 126.424339294, "dvar": 53.1636886597, "dmean": 2.21240663528, "max": 334.197875977, "var": 81.8344421387, "mean": 2.32473659515}, "gfcc": {"mean": [-175.879440308, 192.599655151, -179.830581665, 19.9287338257, 8.38480186462, -22.9764118195, -11.4618663788, -10.8070688248, -17.379076004, -7.32958650589, -3.70334625244, -10.3003997803, -0.668284058571], "icov": [[0.000696920615155, -0.00142165867146, 0.00213949615136, -0.00201497972012, 0.001377767534, -0.00162915466353, 0.000727797509171, 0.00084046414122, -0.00179640192073, 0.00246413121931, -0.00246817059815, 0.00252974592149, -0.00151620386168], [-0.00142165867146, 0.00390144600533, -0.00425033830106, 0.00425665453076, -0.00413698237389, 0.00509056495503, -0.00129027664661, -0.000988559680991, 0.00387609913014, -0.0046064616181, 0.00414930516854, -0.00437603285536, 0.00274970731698], [0.00213949615136, -0.00425033830106, 0.00717209512368, -0.0058849863708, 0.00360895879567, -0.00490359822288, 0.00225670984946, 0.00262110424228, -0.00603667087853, 0.00756661780179, -0.00712705543265, 0.00647952593863, -0.00407213484868], [-0.00201497972012, 0.00425665453076, -0.0058849863708, 0.0096052614972, -0.00483084470034, 0.00421630032361, -0.00439653452486, 0.00036946189357, 0.00251073529944, -0.00403428962454, 0.00611081905663, -0.00589927379042, 0.00409916043282], [0.001377767534, -0.00413698237389, 0.00360895879567, -0.00483084470034, 0.010383351706, -0.00390021665953, -8.84395194589e-05, -0.00160768325441, -0.00137794041075, 0.00394467217848, -0.00388040323742, 0.0054296166636, -0.0028535972815], [-0.00162915466353, 0.00509056495503, -0.00490359822288, 0.00421630032361, -0.00390021665953, 0.0140750650316, -0.00277922558598, -0.00160723295994, -0.00105144095141, -0.000802596914582, 0.00124452356249, -0.00314455199987, 0.00372675596736], [0.000727797509171, -0.00129027664661, 0.00225670984946, -0.00439653452486, -8.84395194589e-05, -0.00277922558598, 0.0126668559387, -0.00303089781664, 0.0026464026887, -0.00558958528563, 0.00229537277482, 0.00213736714795, -0.00345367263071], [0.00084046414122, -0.000988559680991, 0.00262110424228, 0.00036946189357, -0.00160768325441, -0.00160723295994, -0.00303089781664, 0.0210028998554, -0.0145186884329, 0.0132913151756, -0.00999761931598, 0.00526014855132, -0.00366125046276], [-0.00179640192073, 0.00387609913014, -0.00603667087853, 0.00251073529944, -0.00137794041075, -0.00105144095141, 0.0026464026887, -0.0145186884329, 0.0390852987766, -0.0265851281583, 0.0159069541842, -0.011992665939, 0.00717939250171], [0.00246413121931, -0.0046064616181, 0.00756661780179, -0.00403428962454, 0.00394467217848, -0.000802596914582, -0.00558958528563, 0.0132913151756, -0.0265851281583, 0.0450823903084, -0.0295498911291, 0.0143644474447, -0.0068884328939], [-0.00246817059815, 0.00414930516854, -0.00712705543265, 0.00611081905663, -0.00388040323742, 0.00124452356249, 0.00229537277482, -0.00999761931598, 0.0159069541842, -0.0295498911291, 0.0468912124634, -0.0265011172742, 0.0151303475723], [0.00252974592149, -0.00437603285536, 0.00647952593863, -0.00589927379042, 0.0054296166636, -0.00314455199987, 0.00213736714795, 0.00526014855132, -0.011992665939, 0.0143644474447, -0.0265011172742, 0.0462979562581, -0.0253158025444], [-0.00151620386168, 0.00274970731698, -0.00407213484868, 0.00409916043282, -0.0028535972815, 0.00372675596736, -0.00345367263071, -0.00366125046276, 0.00717939250171, -0.0068884328939, 0.0151303475723, -0.0253158025444, 0.0373892337084]], "cov": [[41439.25, 3613.57397461, -8186.57519531, 1708.05895996, -243.896789551, -165.279754639, -87.710357666, -505.113769531, -364.155578613, -326.978912354, -109.379318237, -564.557067871, -52.2044868469], [3613.57397461, 2558.38598633, -210.797134399, -98.3869781494, 366.669586182, -496.342712402, -34.7669181824, -115.342544556, -177.858810425, -20.4933128357, -15.4399251938, -38.3985671997, 19.7914848328], [-8186.57519531, -210.797134399, 2166.37426758, -202.909942627, 123.779876709, 11.3416385651, -3.7042131424, 72.4275360107, 69.0010681152, 36.5516891479, 22.8670921326, 101.485137939, 9.72374153137], [1708.05895996, -98.3869781494, -202.909942627, 380.856323242, 16.2528686523, 58.5895652771, 63.7806549072, -24.663640976, 6.6502327919, -22.2260684967, -22.4655189514, -31.2456550598, -5.9135761261], [-243.896789551, 366.669586182, 123.779876709, 16.2528686523, 221.128463745, -56.8993301392, 33.8328361511, 14.5619192123, -23.1720027924, -4.93393802643, -7.8605260849, -7.17101716995, 3.80815672874], [-165.279754639, -496.342712402, 11.3416385651, 58.5895652771, -56.8993301392, 214.645843506, 15.9961709976, 35.1631011963, 51.0729064941, -3.1012814045, 8.53037452698, -3.01561903954, -12.076839447], [-87.710357666, -34.7669181824, -3.7042131424, 63.7806549072, 33.8328361511, 15.9961709976, 120.494544983, 14.5433692932, 5.06606674194, 16.505197525, -6.47384786606, -3.30548477173, 7.59582805634], [-505.113769531, -115.342544556, 72.4275360107, -24.663640976, 14.5619192123, 35.1631011963, 14.5433692932, 83.6912231445, 30.7755527496, -0.779050707817, 8.12744903564, 7.64329576492, 1.56993412971], [-364.155578613, -177.858810425, 69.0010681152, 6.6502327919, -23.1720027924, 51.0729064941, 5.06606674194, 30.7755527496, 66.6255722046, 28.0774803162, 10.883728981, 9.3302116394, -3.98600149155], [-326.978912354, -20.4933128357, 36.5516891479, -22.2260684967, -4.93393802643, -3.1012814045, 16.505197525, -0.779050707817, 28.0774803162, 64.8861083984, 29.8911399841, 10.7021932602, -2.24073410034], [-109.379318237, -15.4399251938, 22.8670921326, -22.4655189514, -7.8605260849, 8.53037452698, -6.47384786606, 8.12744903564, 10.883728981, 29.8911399841, 52.7286987305, 21.4025173187, -3.02811312675], [-564.557067871, -38.3985671997, 101.485137939, -31.2456550598, -7.17101716995, -3.01561903954, -3.30548477173, 7.64329576492, 9.3302116394, 10.7021932602, 21.4025173187, 54.4858665466, 23.0159454346], [-52.2044868469, 19.7914848328, 9.72374153137, -5.9135761261, 3.80815672874, -12.076839447, 7.59582805634, 1.56993412971, -3.98600149155, -2.24073410034, -3.02811312675, 23.0159454346, 44.3920555115]]}, "spectral_energyband_middle_low": {"dmean2": 0.00245331111364, "median": 0.00181070331018, "min": 1.55606625331e-22, "dvar2": 2.39376040554e-05, "dvar": 9.53988546826e-06, "dmean": 0.00151581631508, "max": 0.0521186627448, "var": 1.30658991111e-05, "mean": 0.00279011600651}, "melbands_crest": {"dmean2": 5.5993771553, "median": 10.8196029663, "min": 1.55917418003, "dvar2": 23.2474803925, "dvar": 9.35907363892, "dmean": 3.40270471573, "max": 40, "var": 28.3202228546, "mean": 11.5900211334}, "spectral_kurtosis": {"dmean2": 15.7133493423, "median": 10.5343418121, "min": -1.26446485519, "dvar2": 200.167999268, "dvar": 67.1977844238, "dmean": 8.8670873642, "max": 94.169052124, "var": 124.098648071, "mean": 13.0390052795}, "spectral_rms": {"dmean2": 0.000852132681757, "median": 0.00295764580369, "min": 3.08782361659e-12, "dvar2": 7.55115706852e-07, "dvar": 3.92372129454e-07, "dmean": 0.000591873540543, "max": 0.00895434711128, "var": 3.66175390809e-06, "mean": 0.00315148266964}, "zerocrossingrate": {"dmean2": 0.00721199065447, "median": 0.05615234375, "min": 0, "dvar2": 7.1434500569e-05, "dvar": 6.02031577728e-05, "dmean": 0.00603635748848, "max": 0.52880859375, "var": 0.00610953010619, "mean": 0.0646877214313}, "silence_rate_60dB": {"dmean2": 0.128760531545, "median": 0, "min": 0, "dvar2": 0.128736361861, "dvar": 0.0602314025164, "dmean": 0.0643705800176, "max": 1, "var": 0.200481086969, "mean": 0.277443617582}, "erbbands_kurtosis": {"dmean2": 2.17780447006, "median": 0.804839968681, "min": -1.72855067253, "dvar2": 101.607185364, "dvar": 35.0092773438, "dmean": 1.33139908314, "max": 319.893310547, "var": 37.7579612732, "mean": 1.42141270638}, "erbbands": {"dmean2": [0.0132676549256, 0.323517978191, 1.54984891415, 3.43076634407, 3.81848192215, 3.33761096001, 3.82113695145, 3.34494066238, 2.57740187645, 4.01418542862, 3.44150018692, 5.01955604553, 10.4418973923, 14.256310463, 21.7085895538, 28.3734703064, 79.004447937, 61.8137130737, 55.3933601379, 56.5223007202, 54.0948295593, 33.2257003784, 26.2828273773, 14.6108217239, 7.24594116211, 3.54986906052, 0.976828038692, 0.306242495775, 0.105647020042, 0.0353601686656, 0.0135415224358, 0.00636546639726, 0.00215468159877, 0.000546175055206, 0.000174857850652, 6.17457408225e-05, 1.72582585947e-05, 4.28371686212e-06, 4.22768653152e-06, 8.34004913486e-06], "median": [0.0095313442871, 0.160220563412, 0.457286953926, 0.753771781921, 0.897754669189, 1.36292934418, 1.83566975594, 1.30811929703, 1.13060677052, 1.70892715454, 1.68922495842, 1.86171269417, 3.09311342239, 4.98124504089, 6.62812948227, 10.1198368073, 16.5331764221, 16.0832176208, 15.6439199448, 13.7036933899, 16.6128845215, 10.7866268158, 7.75042915344, 4.71993494034, 2.38583898544, 0.858733892441, 0.273702293634, 0.0589835941792, 0.0100738462061, 0.00161169830244, 0.000333953328663, 0.00011881015962, 6.27094123047e-05, 3.76032148779e-05, 2.29151355597e-05, 1.27083203552e-05, 6.15061571807e-06, 1.6966594103e-06, 4.94278629048e-06, 1.06431243694e-05], "min": [4.44290532343e-23, 1.25076206308e-22, 9.64657081202e-22, 5.75522543411e-21, 1.20212494368e-20, 2.50146655066e-20, 2.64172067808e-20, 6.81706620045e-20, 9.21515520783e-20, 1.8571710479e-19, 2.38880506822e-19, 2.79155000269e-19, 3.39497670859e-19, 6.79221265422e-19, 6.06820472851e-19, 1.0486440561e-18, 1.42895481838e-18, 1.90517293338e-18, 2.26976705723e-18, 2.74581094732e-18, 3.33271771901e-18, 4.65061992124e-18, 4.68046666569e-18, 5.62661694344e-18, 7.76252839317e-18, 7.8867485873e-18, 8.29233013089e-18, 9.10997004226e-18, 1.01176265752e-17, 1.08687164976e-17, 1.08763728813e-17, 9.87924553039e-18, 1.00961074716e-17, 8.52216391845e-18, 5.63232531684e-18, 4.05951665551e-18, 2.20929746612e-18, 9.34209408614e-19, 2.32040059199e-19, 2.26467236783e-20], "dvar2": [0.000424687983468, 0.251387655735, 7.59909820557, 52.8825302124, 85.1783065796, 32.3244514465, 40.564365387, 43.2947273254, 21.7794303894, 60.3764228821, 39.381111145, 85.9585571289, 541.526977539, 847.054077148, 1773.02307129, 3215.88256836, 32270.2285156, 17334.4101563, 14570.015625, 19202.1230469, 15974.2695313, 5111.43261719, 3839.75415039, 846.624633789, 200.765304565, 56.2056159973, 3.5798265934, 0.423110306263, 0.0601369850338, 0.0093678208068, 0.00147877039853, 0.000292796292342, 3.22935593431e-05, 1.68432052305e-06, 2.20119858341e-07, 2.49771971994e-08, 1.97744598474e-09, 1.02308134187e-10, 3.19637684376e-11, 1.11169309869e-10], "dvar": [0.000269277050393, 0.123285248876, 2.67286586761, 19.4723262787, 31.575012207, 12.9330224991, 17.9555721283, 17.8181934357, 8.6808423996, 25.4439716339, 19.8974990845, 36.5723571777, 203.215576172, 348.465209961, 791.111206055, 1371.35168457, 13698.4619141, 7188.82470703, 6093.09423828, 7400.12255859, 7536.68359375, 2352.47143555, 1694.98974609, 381.290557861, 96.3555831909, 25.6297531128, 1.64522814751, 0.179522648454, 0.0246996413916, 0.00388464587741, 0.000605636683758, 0.00012656331819, 1.44498499139e-05, 7.27563644887e-07, 8.70458549684e-08, 1.04853983274e-08, 7.98319799156e-10, 4.03153517514e-11, 1.5778897286e-11, 5.43243054707e-11], "dmean": [0.0112561425194, 0.222313955426, 0.888868093491, 1.96893310547, 2.22627639771, 1.98610281944, 2.41007041931, 2.0990664959, 1.60619354248, 2.49840784073, 2.20456123352, 3.2027361393, 6.47744131088, 9.14060401917, 13.9012565613, 18.0923557281, 50.631362915, 39.1788520813, 35.234500885, 35.6665229797, 34.9316673279, 21.5205230713, 17.0459518433, 9.61144828796, 4.86551475525, 2.34189629555, 0.652888298035, 0.202320426702, 0.0675066709518, 0.0228266604245, 0.00855186395347, 0.0040626837872, 0.00139477057382, 0.000351025082637, 0.000111892135465, 3.98639349442e-05, 1.11683666546e-05, 2.76364971796e-06, 2.89332911052e-06, 5.66628523302e-06], "max": [0.308347910643, 8.7001991272, 27.6365795135, 60.6398200989, 90.5168304443, 53.3895301819, 85.6726226807, 81.9932327271, 59.655620575, 113.113220215, 182.536849976, 131.273498535, 303.403137207, 423.538543701, 856.564697266, 952.042053223, 2226.60571289, 1799.63354492, 1757.9888916, 1807.84472656, 4169.24853516, 1061.9395752, 984.972595215, 467.120025635, 172.67755127, 111.147628784, 19.2152462006, 8.16268920898, 3.2096529007, 1.49292266369, 0.564064383507, 0.240161567926, 0.0904516428709, 0.0155347427353, 0.011737447232, 0.00255252420902, 0.000768334255554, 0.000148800405441, 6.67678104946e-05, 0.000114290014608], "var": [0.000742570555303, 0.248814553022, 2.39324259758, 17.20611763, 31.0643405914, 16.3500442505, 33.7242736816, 27.2020168304, 16.8957710266, 47.01720047, 58.2704544067, 90.2874526978, 541.107910156, 798.486328125, 1933.75024414, 3193.83276367, 32077.5683594, 18919.3222656, 20275.4160156, 16530.34375, 30417.3945313, 7707.25390625, 3090.65454102, 1279.1348877, 294.024261475, 80.865196228, 5.71078062057, 0.673776507378, 0.0652867630124, 0.00792152713984, 0.0011567347683, 0.000257936568232, 3.26401750499e-05, 1.78323728051e-06, 1.76476575575e-07, 2.30309140647e-08, 1.65542801689e-09, 8.99375990349e-11, 9.0508024686e-11, 3.19105630808e-10], "mean": [0.0206283088773, 0.362033843994, 0.994007110596, 2.04466581345, 2.53066825867, 2.63483166695, 3.64113044739, 3.11361455917, 2.61176037788, 3.91885995865, 3.81249952316, 5.50062274933, 11.5024318695, 15.5534296036, 23.4479904175, 32.1188240051, 82.7112197876, 72.5628585815, 68.1792373657, 62.4780693054, 67.2011947632, 44.6033744812, 29.91522789, 19.9229660034, 10.0412378311, 4.95063257217, 1.4290933609, 0.439527660608, 0.126513719559, 0.0361777171493, 0.0124296247959, 0.00597000308335, 0.00216212891974, 0.000580411986448, 0.00019628580776, 7.38427625038e-05, 2.28038807109e-05, 5.99603527007e-06, 8.81447249412e-06, 1.7423510144e-05]}, "spectral_strongpeak": {"dmean2": 1.49075937271, "median": 0.240118473768, "min": 0, "dvar2": 5.02131700516, "dvar": 2.16204977036, "dmean": 0.920647084713, "max": 21.7028636932, "var": 6.3789191246, "mean": 1.61067402363}, "spectral_energy": {"dmean2": 0.00684903236106, "median": 0.00896636024117, "min": 9.77302019166e-21, "dvar2": 7.40716204746e-05, "dvar": 3.51043890987e-05, "dmean": 0.0046100425534, "max": 0.0821848511696, "var": 0.00019241742848, "mean": 0.013933390379}, "average_loudness": 0.67017865181, "spectral_rolloff": {"dmean2": 495.703674316, "median": 1851.85546875, "min": 21.533203125, "dvar2": 447354.375, "dvar": 214276.828125, "dmean": 300.827301025, "max": 19509.0820313, "var": 8765992, "mean": 2072.5065918}, "spectral_centroid": {"dmean2": 332.932678223, "median": 1605.36657715, "min": 145.794464111, "dvar2": 143721.3125, "dvar": 69272.796875, "dmean": 213.605392456, "max": 11889.8027344, "var": 2910096.75, "mean": 1709.54370117}, "pitch_salience": {"dmean2": 0.120759673417, "median": 0.578771650791, "min": 1.64666871569e-05, "dvar2": 0.0107111157849, "dvar": 0.00417861063033, "dmean": 0.0733192414045, "max": 0.9542517066, "var": 0.0129859624431, "mean": 0.578026235104}, "spectral_energyband_middle_high": {"dmean2": 0.00450534606352, "median": 0.0030002919957, "min": 1.2091911381e-21, "dvar2": 4.77821122331e-05, "dvar": 2.37983622355e-05, "dmean": 0.00312498398125, "max": 0.0798132643104, "var": 0.000135232126922, "mean": 0.00896903127432}, "spectral_contrast_coeffs": {"dmean2": [0.0838303938508, 0.0707452893257, 0.0581289492548, 0.05181177333, 0.0372757390141, 0.0414805561304], "median": [-0.703267931938, -0.789574086666, -0.806104421616, -0.782994389534, -0.745380878448, -0.706216156483], "min": [-0.97900891304, -0.976781964302, -0.978947937489, -0.993582367897, -0.986377060413, -0.967278778553], "dvar2": [0.00443198950961, 0.00306869507767, 0.00219156499952, 0.00181522825733, 0.00100731826387, 0.00139971333556], "dvar": [0.00174854963552, 0.00110801658593, 0.000845029600896, 0.00076551589882, 0.000425211008405, 0.000510716810822], "dmean": [0.0509083606303, 0.0423395112157, 0.0359002612531, 0.0323664844036, 0.0235587470233, 0.025167170912], "max": [-0.386948764324, -0.474443912506, -0.50783342123, -0.464553952217, -0.539970755577, -0.533657670021], "var": [0.00607001036406, 0.00371112232096, 0.00450350064784, 0.00649628415704, 0.00389283755794, 0.00483227474615], "mean": [-0.701647520065, -0.789625585079, -0.801333725452, -0.775438964367, -0.748550653458, -0.721527636051]}, "melbands_skewness": {"dmean2": 63.3505516052, "median": 1.02665293217, "min": -4.97917509079, "dvar2": 9678535, "dvar": 3225077, "dmean": 31.8339805603, "max": 103584.765625, "var": 1612976.625, "mean": 16.9505558014}, "spectral_spread": {"dmean2": 374213.59375, "median": 1617437.25, "min": 771096.0625, "dvar2": 2052335992830.0, "dvar": 819296993280, "dmean": 217410.71875, "max": 45494316, "var": 41625824788500.0, "mean": 2733813.25}, "dissonance": {"dmean2": 0.0257970485836, "median": 0.482470721006, "min": 0, "dvar2": 0.000864715897478, "dvar": 0.000308246759232, "dmean": 0.0150486212224, "max": 0.500000119209, "var": 0.000478298577946, "mean": 0.476003557444}, "spectral_skewness": {"dmean2": 1.20466649532, "median": 1.38849878311, "min": -0.0795333981514, "dvar2": 1.09943842888, "dvar": 0.36965289712, "dmean": 0.683542609215, "max": 7.2843298912, "var": 0.924123764038, "mean": 1.58660829067}, "spectral_flux": {"dmean2": 0.0258834455162, "median": 0.0569206178188, "min": 6.36657948583e-11, "dvar2": 0.000749350583646, "dvar": 0.000330127339112, "dmean": 0.016170674935, "max": 0.189551159739, "var": 0.00148964172695, "mean": 0.0610312409699}, "spectral_contrast_valleys": {"dmean2": [0.66600728035, 0.593339622021, 0.491688460112, 0.454334110022, 0.431945174932, 0.650511980057], "median": [-7.5328669548, -7.32218742371, -7.43528270721, -7.31171321869, -8.18532371521, -14.1159915924], "min": [-28.5759754181, -28.2531967163, -27.9676933289, -27.8240909576, -27.524646759, -27.4105319977], "dvar2": [0.340865582228, 0.298196434975, 0.2424146384, 0.251417458057, 0.279935479164, 0.391279488802], "dvar": [0.1440205127, 0.125664517283, 0.111658371985, 0.123312070966, 0.146462529898, 0.186174929142], "dmean": [0.419351816177, 0.365139871836, 0.318058282137, 0.305917292833, 0.313110291958, 0.426582783461], "max": [-5.66041946411, -5.54411745071, -5.23613977432, -5.40154743195, -6.27850961685, -11.0056667328], "var": [11.6538991928, 11.7032060623, 11.8128986359, 12.2308635712, 11.7799444199, 6.5772562027], "mean": [-8.22409057617, -8.00981998444, -8.15969562531, -8.12914085388, -8.99264717102, -14.3247451782]}, "erbbands_flatness_db": {"dmean2": 0.0226453002542, "median": 0.291030466557, "min": 0.0246969237924, "dvar2": 0.000439307128545, "dvar": 0.000174283050001, "dmean": 0.0145190116018, "max": 0.438032031059, "var": 0.00206900481135, "mean": 0.287988871336}, "spectral_energyband_high": {"dmean2": 3.84893974115e-05, "median": 9.5319310276e-06, "min": 6.9836330724e-21, "dvar2": 7.09804481858e-09, "dvar": 3.20580872959e-09, "dmean": 2.57025803876e-05, "max": 0.00120882247575, "var": 1.16241496428e-08, "mean": 5.72421267862e-05}, "spectral_entropy": {"dmean2": 0.195331797004, "median": 7.16936588287, "min": 5.40941524506, "dvar2": 0.0372997820377, "dvar": 0.0166974999011, "dmean": 0.125516355038, "max": 9.82239246368, "var": 0.324467837811, "mean": 7.15654087067}, "silence_rate_20dB": {"dmean2": 0, "median": 1, "min": 1, "dvar2": 0, "dvar": 0, "dmean": 0, "max": 1, "var": 0, "mean": 1}, "melbands_flatness_db": {"dmean2": 0.0396030880511, "median": 0.278202950954, "min": 0.00292106694542, "dvar2": 0.00176814454608, "dvar": 0.000841055123601, "dmean": 0.0264613218606, "max": 1, "var": 0.00895989593118, "mean": 0.286625504494}, "barkbands": {"dmean2": [2.91607352665e-06, 0.00113428360783, 0.00155295117293, 0.00146174977999, 0.00100391544402, 0.000400479999371, 0.000222942820983, 0.000204371186555, 0.000213470048038, 0.000404188496759, 0.000423110846896, 0.000834061938804, 0.00178939453326, 0.00158104789443, 0.000878671358805, 0.0011360499775, 0.000641020771582, 0.000399180949898, 0.000256595696555, 8.23519658297e-05, 1.31382794279e-05, 2.60690740106e-06, 5.67946699448e-07, 1.98163178311e-07, 3.18951087763e-08, 9.44989686502e-09, 3.56885587749e-09], "median": [7.52472431031e-07, 0.000568152812775, 0.000363694445696, 0.000228353994316, 0.000443870841991, 0.000169171340531, 7.92100909166e-05, 7.49073224142e-05, 7.21000105841e-05, 0.000100265184301, 0.000117962801596, 0.00022224499844, 0.000324722175719, 0.000312420335831, 0.000193688232685, 0.000267157389317, 0.000158302704222, 0.000108173655462, 6.53428432997e-05, 1.82913572644e-05, 2.93854805022e-06, 1.80247766934e-07, 1.17866338911e-08, 3.30673044502e-09, 2.19995466288e-09, 1.34395405915e-09, 4.55632281904e-10], "min": [2.11519961574e-25, 4.83747650882e-25, 7.71506261129e-25, 1.17212453868e-24, 7.44861083827e-24, 9.0352617653e-24, 6.43574893471e-24, 6.95415124516e-24, 9.28161592625e-24, 1.26964322796e-23, 1.13220811771e-23, 2.41067025839e-23, 2.30907664894e-23, 2.86349471956e-23, 3.08976684845e-23, 4.53761312381e-23, 7.22768623969e-23, 7.33394454144e-23, 1.12256017529e-22, 1.45558241338e-22, 2.21857675884e-22, 2.42128977768e-22, 3.43784572753e-22, 6.13346245298e-22, 9.02418101482e-22, 1.18203180571e-21, 1.73039378485e-21], "dvar2": [3.78714490323e-11, 3.11498160954e-06, 7.93318758952e-06, 1.28782376123e-05, 3.79961352337e-06, 6.11323116573e-07, 1.77429555492e-07, 1.58939727157e-07, 1.48770411101e-07, 8.22171671189e-07, 6.56203326344e-07, 3.08622520606e-06, 1.73374592123e-05, 1.23267000163e-05, 3.71085161532e-06, 6.94190748618e-06, 1.64365110322e-06, 8.43002624151e-07, 2.66412939709e-07, 2.88277224314e-08, 7.06902147929e-10, 3.67426020165e-11, 3.15509012146e-12, 2.82167247467e-13, 6.1323508256e-15, 6.75251489178e-16, 1.0095947164e-16], "dvar": [1.37390810534e-11, 1.60089962264e-06, 2.77400772575e-06, 4.82518862555e-06, 1.41125133268e-06, 2.63074070972e-07, 7.31567126877e-08, 7.71763311036e-08, 6.22069507017e-08, 3.23948171399e-07, 2.7947700687e-07, 1.31576121021e-06, 7.33258593755e-06, 4.94256255479e-06, 1.60732838594e-06, 3.15861620948e-06, 7.36302354198e-07, 3.71987312064e-07, 1.17765026175e-07, 1.38631524038e-08, 3.13034265176e-10, 1.51367893914e-11, 1.22946173641e-12, 1.26581891128e-13, 2.54467162673e-15, 2.75930961675e-16, 3.56171200097e-17], "dmean": [1.69023894614e-06, 0.000802471826319, 0.000877156620845, 0.000844761147164, 0.000597287842538, 0.000251875200775, 0.000139950760058, 0.000129484993522, 0.000134948902996, 0.000256011146121, 0.000267544586677, 0.000532711273991, 0.00114957359619, 0.000989280641079, 0.000551098783035, 0.000724754761904, 0.000411364482716, 0.000259235501289, 0.000167398364283, 5.40841465408e-05, 8.57251052366e-06, 1.66508971233e-06, 3.56935885293e-07, 1.2826286877e-07, 2.03892014383e-08, 5.9948042086e-09, 2.09363459902e-09], "max": [0.000168189551914, 0.0317267477512, 0.0249557010829, 0.0360852479935, 0.0202620532364, 0.0114014325663, 0.00467955134809, 0.0103989699855, 0.00470113707706, 0.0157899614424, 0.0139023568481, 0.0261143762618, 0.0468338094652, 0.0451129339635, 0.0263631045818, 0.0780930519104, 0.0163471549749, 0.013726297766, 0.00863848812878, 0.00339093105868, 0.000364304578397, 6.26965338597e-05, 3.06611837004e-05, 7.31466934667e-06, 1.43532736274e-06, 4.02562108093e-07, 1.38176844189e-07], "var": [1.16964476299e-11, 3.36849871019e-06, 2.24364794121e-06, 4.18331273977e-06, 1.69082898083e-06, 4.36889934008e-07, 1.3682696931e-07, 1.86527685742e-07, 1.50256198594e-07, 9.39051687965e-07, 6.21003721335e-07, 2.66320671471e-06, 1.61518710229e-05, 1.39297244459e-05, 3.76109960598e-06, 1.04953833215e-05, 2.43118756771e-06, 6.92584762874e-07, 3.54118185442e-07, 3.9913860661e-08, 9.99912930233e-10, 3.69613714635e-11, 2.10446135344e-12, 2.60324016033e-13, 5.79847669581e-15, 5.06626764077e-16, 3.53301048807e-17], "mean": [1.76766775439e-06, 0.00131701107603, 0.00087362236809, 0.000826411996968, 0.000840519089252, 0.000375271250959, 0.000209484482184, 0.000189086204045, 0.000226670294069, 0.000449683546321, 0.000408861262258, 0.000837108411361, 0.00181367341429, 0.00171404553112, 0.